,TIME,SRC,PACKET_SIZE,CUMULATIVE_PACKET_SIZE,PAGE_NUMBER,TOTAL_PACKET_SIZE
0,0.0,74.125.24.0-255,152,152,76,233905
1,2.3e-05,172.31.40.0-255,66,218,76,233905
2,3e-05,74.125.24.0-255,1484,1702,76,233905
3,3.5e-05,172.31.40.0-255,66,1768,76,233905
4,4e-05,74.125.24.0-255,2902,4670,76,233905
5,4.3e-05,172.31.40.0-255,66,4736,76,233905
6,5.1e-05,74.125.24.0-255,7156,11892,76,233905
7,5.3e-05,172.31.40.0-255,66,11958,76,233905
8,5.7e-05,74.125.24.0-255,2100,14058,76,233905
9,6e-05,172.31.40.0-255,66,14124,76,233905
10,0.000438,74.125.24.0-255,1484,15608,76,233905
11,0.000443,172.31.40.0-255,66,15674,76,233905
12,0.00045,74.125.24.0-255,2902,18576,76,233905
13,0.000452,172.31.40.0-255,66,18642,76,233905
14,0.000459,74.125.24.0-255,5738,24380,76,233905
15,0.000462,172.31.40.0-255,66,24446,76,233905
16,0.000511,74.125.24.0-255,4320,28766,76,233905
17,0.000516,172.31.40.0-255,66,28832,76,233905
18,0.000532,74.125.24.0-255,2543,31375,76,233905
19,0.000535,172.31.40.0-255,66,31441,76,233905
20,0.000538,74.125.24.0-255,1484,32925,76,233905
21,0.00054,172.31.40.0-255,66,32991,76,233905
22,0.00057,74.125.24.0-255,5738,38729,76,233905
23,0.000574,172.31.40.0-255,66,38795,76,233905
24,0.000585,172.31.40.0-255,66,38861,76,233905
25,0.000843,74.125.24.0-255,1484,40345,76,233905
26,0.000848,172.31.40.0-255,66,40411,76,233905
27,0.000853,74.125.24.0-255,2902,43313,76,233905
28,0.000855,172.31.40.0-255,66,43379,76,233905
29,0.00086,74.125.24.0-255,2902,46281,76,233905
30,0.000862,172.31.40.0-255,66,46347,76,233905
31,0.000883,74.125.24.0-255,2902,49249,76,233905
32,0.000885,172.31.40.0-255,66,49315,76,233905
33,0.000916,74.125.24.0-255,5738,55053,76,233905
34,0.000919,172.31.40.0-255,66,55119,76,233905
35,0.000936,74.125.24.0-255,1706,56825,76,233905
36,0.000939,172.31.40.0-255,66,56891,76,233905
37,0.001164,74.125.24.0-255,1484,58375,76,233905
38,0.001173,74.125.24.0-255,2902,61277,76,233905
39,0.001176,172.31.40.0-255,66,61343,76,233905
40,0.001185,74.125.24.0-255,5738,67081,76,233905
41,0.001187,172.31.40.0-255,66,67147,76,233905
42,0.00122,172.31.40.0-255,66,67213,76,233905
43,0.001239,74.125.24.0-255,4320,71533,76,233905
44,0.001241,172.31.40.0-255,66,71599,76,233905
45,0.001246,74.125.24.0-255,2902,74501,76,233905
46,0.001248,172.31.40.0-255,66,74567,76,233905
47,0.00127,172.31.40.0-255,66,74633,76,233905
48,0.001319,74.125.24.0-255,2902,77535,76,233905
49,0.001322,172.31.40.0-255,66,77601,76,233905
50,0.001347,172.31.40.0-255,66,77667,76,233905
51,0.001367,74.125.24.0-255,7156,84823,76,233905
52,0.00137,172.31.40.0-255,66,84889,76,233905
53,0.001389,74.125.24.0-255,5738,90627,76,233905
54,0.001391,172.31.40.0-255,66,90693,76,233905
55,0.001403,172.31.40.0-255,66,90759,76,233905
56,0.001573,74.125.24.0-255,1484,92243,76,233905
57,0.00158,74.125.24.0-255,2902,95145,76,233905
58,0.001584,172.31.40.0-255,66,95211,76,233905
59,0.001589,74.125.24.0-255,2902,98113,76,233905
60,0.001591,172.31.40.0-255,66,98179,76,233905
61,0.001607,74.125.24.0-255,2902,101081,76,233905
62,0.00161,172.31.40.0-255,66,101147,76,233905
63,0.001617,74.125.24.0-255,7156,108303,76,233905
64,0.00162,172.31.40.0-255,66,108369,76,233905
65,0.001649,172.31.40.0-255,66,108435,76,233905
66,0.001652,74.125.24.0-255,2184,110619,76,233905
67,0.001654,172.31.40.0-255,66,110685,76,233905
68,0.001703,74.125.24.0-255,5738,116423,76,233905
69,0.001706,172.31.40.0-255,66,116489,76,233905
70,0.001727,172.31.40.0-255,66,116555,76,233905
71,0.001748,74.125.24.0-255,2902,119457,76,233905
72,0.00175,172.31.40.0-255,66,119523,76,233905
73,0.001756,74.125.24.0-255,4320,123843,76,233905
74,0.001759,172.31.40.0-255,66,123909,76,233905
75,0.001815,172.31.40.0-255,66,123975,76,233905
76,0.001829,74.125.24.0-255,2184,126159,76,233905
77,0.001831,172.31.40.0-255,66,126225,76,233905
78,0.00185,172.31.40.0-255,66,126291,76,233905
79,0.001861,172.31.40.0-255,66,126357,76,233905
80,0.001865,74.125.24.0-255,2902,129259,76,233905
81,0.001879,172.31.40.0-255,66,129325,76,233905
82,0.001884,74.125.24.0-255,4320,133645,76,233905
83,0.001887,172.31.40.0-255,66,133711,76,233905
84,0.001898,172.31.40.0-255,66,133777,76,233905
85,0.001935,172.31.40.0-255,66,133843,76,233905
86,0.001957,74.125.24.0-255,6438,140281,76,233905
87,0.001959,172.31.40.0-255,66,140347,76,233905
88,0.001974,74.125.24.0-255,1484,141831,76,233905
89,0.001979,74.125.24.0-255,2902,144733,76,233905
90,0.001981,172.31.40.0-255,66,144799,76,233905
91,0.001988,74.125.24.0-255,5738,150537,76,233905
92,0.00201,74.125.24.0-255,4320,154857,76,233905
93,0.002018,74.125.24.0-255,7156,162013,76,233905
94,0.002034,74.125.24.0-255,3602,165615,76,233905
95,0.002144,74.125.24.0-255,1484,167099,76,233905
96,0.002149,74.125.24.0-255,1484,168583,76,233905
97,0.002167,74.125.24.0-255,1484,170067,76,233905
98,0.002175,74.125.24.0-255,5738,175805,76,233905
99,0.002178,74.125.24.0-255,1484,177289,76,233905
100,0.002206,74.125.24.0-255,7156,184445,76,233905
101,0.002221,74.125.24.0-255,3602,188047,76,233905
102,0.002276,74.125.24.0-255,4320,192367,76,233905
103,0.002287,74.125.24.0-255,1484,193851,76,233905
104,0.002293,74.125.24.0-255,4320,198171,76,233905
105,0.002308,74.125.24.0-255,2902,201073,76,233905
106,0.002322,74.125.24.0-255,1484,202557,76,233905
107,0.002339,74.125.24.0-255,7156,209713,76,233905
108,0.002365,74.125.24.0-255,5738,215451,76,233905
109,0.002373,74.125.24.0-255,6438,221889,76,233905
110,0.002461,74.125.24.0-255,1484,223373,76,233905
111,0.002467,74.125.24.0-255,2902,226275,76,233905
112,0.002494,74.125.24.0-255,5738,232013,76,233905
113,0.002558,74.125.24.0-255,1484,233497,76,233905
114,0.011732,172.31.40.0-255,66,233563,76,233905
115,0.012479,74.125.24.0-255,105,233668,76,233905
116,0.014555,172.31.40.0-255,66,233734,76,233905
117,0.014592,172.31.40.0-255,105,233839,76,233905
118,0.017078,74.125.24.0-255,66,233905,76,233905
119,0.0,74.125.24.0-255,146,146,76,199275
120,1.5e-05,172.31.40.0-255,66,212,76,199275
121,2.2e-05,74.125.24.0-255,1484,1696,76,199275
122,2.6e-05,172.31.40.0-255,66,1762,76,199275
123,3.2e-05,74.125.24.0-255,2902,4664,76,199275
124,4.3e-05,172.31.40.0-255,66,4730,76,199275
125,5.1e-05,74.125.24.0-255,7156,11886,76,199275
126,5.5e-05,172.31.40.0-255,66,11952,76,199275
127,8.6e-05,74.125.24.0-255,2029,13981,76,199275
128,9e-05,172.31.40.0-255,66,14047,76,199275
129,0.000151,74.125.24.0-255,1484,15531,76,199275
130,0.000154,172.31.40.0-255,66,15597,76,199275
131,0.000158,74.125.24.0-255,1484,17081,76,199275
132,0.000161,172.31.40.0-255,66,17147,76,199275
133,0.000195,74.125.24.0-255,1484,18631,76,199275
134,0.000197,172.31.40.0-255,66,18697,76,199275
135,0.000204,74.125.24.0-255,5738,24435,76,199275
136,0.000207,172.31.40.0-255,66,24501,76,199275
137,0.000211,74.125.24.0-255,2902,27403,76,199275
138,0.000218,172.31.40.0-255,66,27469,76,199275
139,0.000276,172.31.40.0-255,66,27535,76,199275
140,0.00029,172.31.40.0-255,66,27601,76,199275
141,0.000307,172.31.40.0-255,66,27667,76,199275
142,0.000318,74.125.24.0-255,398,28065,76,199275
143,0.00032,172.31.40.0-255,66,28131,76,199275
144,0.000408,74.125.24.0-255,1484,29615,76,199275
145,0.000412,172.31.40.0-255,66,29681,76,199275
146,0.00044,74.125.24.0-255,2902,32583,76,199275
147,0.000443,172.31.40.0-255,66,32649,76,199275
148,0.00045,74.125.24.0-255,5738,38387,76,199275
149,0.000452,172.31.40.0-255,66,38453,76,199275
150,0.000458,74.125.24.0-255,5738,44191,76,199275
151,0.000465,172.31.40.0-255,66,44257,76,199275
152,0.0005,74.125.24.0-255,7156,51413,76,199275
153,0.000503,172.31.40.0-255,66,51479,76,199275
154,0.000521,172.31.40.0-255,66,51545,76,199275
155,0.000572,74.125.24.0-255,346,51891,76,199275
156,0.000575,172.31.40.0-255,66,51957,76,199275
157,0.000612,74.125.24.0-255,1484,53441,76,199275
158,0.000615,172.31.40.0-255,66,53507,76,199275
159,0.000622,74.125.24.0-255,4320,57827,76,199275
160,0.000624,172.31.40.0-255,66,57893,76,199275
161,0.000667,74.125.24.0-255,7156,65049,76,199275
162,0.000671,172.31.40.0-255,66,65115,76,199275
163,0.000674,172.31.40.0-255,66,65181,76,199275
164,0.000689,74.125.24.0-255,4320,69501,76,199275
165,0.000701,74.125.24.0-255,6438,75939,76,199275
166,0.000735,74.125.24.0-255,1484,77423,76,199275
167,0.000739,74.125.24.0-255,1484,78907,76,199275
168,0.00075,172.31.40.0-255,66,78973,76,199275
169,0.000772,74.125.24.0-255,1484,80457,76,199275
170,0.000778,74.125.24.0-255,5738,86195,76,199275
171,0.000784,74.125.24.0-255,4320,90515,76,199275
172,0.000822,74.125.24.0-255,1484,91999,76,199275
173,0.000826,172.31.40.0-255,66,92065,76,199275
174,0.000851,74.125.24.0-255,5020,97085,76,199275
175,0.000857,74.125.24.0-255,4320,101405,76,199275
176,0.000872,74.125.24.0-255,1484,102889,76,199275
177,0.000876,74.125.24.0-255,2902,105791,76,199275
178,0.000886,172.31.40.0-255,66,105857,76,199275
179,0.000977,172.31.40.0-255,66,105923,76,199275
180,0.0014,74.125.24.0-255,1484,107407,76,199275
181,0.001405,74.125.24.0-255,1484,108891,76,199275
182,0.001408,172.31.40.0-255,66,108957,76,199275
183,0.001449,74.125.24.0-255,1484,110441,76,199275
184,0.001457,74.125.24.0-255,5738,116179,76,199275
185,0.001463,74.125.24.0-255,5738,121917,76,199275
186,0.001477,74.125.24.0-255,7156,129073,76,199275
187,0.001487,172.31.40.0-255,66,129139,76,199275
188,0.001531,172.31.40.0-255,66,129205,76,199275
189,0.001582,74.125.24.0-255,1484,130689,76,199275
190,0.001597,74.125.24.0-255,2902,133591,76,199275
191,0.001602,74.125.24.0-255,4320,137911,76,199275
192,0.001608,172.31.40.0-255,66,137977,76,199275
193,0.001617,74.125.24.0-255,1484,139461,76,199275
194,0.001621,74.125.24.0-255,1484,140945,76,199275
195,0.001639,172.31.40.0-255,66,141011,76,199275
196,0.001667,74.125.24.0-255,5738,146749,76,199275
197,0.001691,74.125.24.0-255,5738,152487,76,199275
198,0.0017,172.31.40.0-255,66,152553,76,199275
199,0.001739,74.125.24.0-255,5738,158291,76,199275
200,0.001749,172.31.40.0-255,66,158357,76,199275
201,0.001758,74.125.24.0-255,1484,159841,76,199275
202,0.001798,74.125.24.0-255,7156,166997,76,199275
203,0.001806,172.31.40.0-255,66,167063,76,199275
204,0.001816,74.125.24.0-255,5738,172801,76,199275
205,0.001838,74.125.24.0-255,7156,179957,76,199275
206,0.001842,172.31.40.0-255,66,180023,76,199275
207,0.001867,74.125.24.0-255,5738,185761,76,199275
208,0.001875,172.31.40.0-255,66,185827,76,199275
209,0.001928,172.31.40.0-255,66,185893,76,199275
210,0.001955,74.125.24.0-255,2902,188795,76,199275
211,0.001959,172.31.40.0-255,66,188861,76,199275
212,0.002038,74.125.24.0-255,5706,194567,76,199275
213,0.002045,172.31.40.0-255,66,194633,76,199275
214,0.002071,74.125.24.0-255,105,194738,76,199275
215,0.008842,172.31.40.0-255,66,194804,76,199275
216,0.008882,172.31.40.0-255,105,194909,76,199275
217,0.011115,74.125.24.0-255,66,194975,76,199275
218,0.028503,172.31.40.0-255,172,195147,76,199275
219,0.028599,172.31.40.0-255,1514,196661,76,199275
220,0.028602,172.31.40.0-255,1514,198175,76,199275
221,0.028603,172.31.40.0-255,902,199077,76,199275
222,0.030288,104.244.42.0-255,66,199143,76,199275
223,0.030319,104.244.42.0-255,66,199209,76,199275
224,0.030331,104.244.42.0-255,66,199275,76,199275
225,0.0,172.217.26.0-255,220,220,76,230302
226,2.2e-05,172.31.40.0-255,66,286,76,230302
227,3e-05,172.217.26.0-255,1484,1770,76,230302
228,3.5e-05,172.31.40.0-255,66,1836,76,230302
229,5.2e-05,172.217.26.0-255,4320,6156,76,230302
230,5.6e-05,172.31.40.0-255,66,6222,76,230302
231,6.3e-05,172.217.26.0-255,5738,11960,76,230302
232,6.5e-05,172.31.40.0-255,66,12026,76,230302
233,9.9e-05,172.217.26.0-255,1833,13859,76,230302
234,0.000102,172.31.40.0-255,66,13925,76,230302
235,0.000107,172.217.26.0-255,2902,16827,76,230302
236,0.00011,172.31.40.0-255,66,16893,76,230302
237,0.000114,172.217.26.0-255,2902,19795,76,230302
238,0.000115,172.31.40.0-255,66,19861,76,230302
239,0.000119,172.217.26.0-255,1484,21345,76,230302
240,0.000121,172.31.40.0-255,66,21411,76,230302
241,0.000156,172.217.26.0-255,4320,25731,76,230302
242,0.000159,172.31.40.0-255,66,25797,76,230302
243,0.00019,172.217.26.0-255,4320,30117,76,230302
244,0.000193,172.31.40.0-255,66,30183,76,230302
245,0.000217,172.217.26.0-255,1125,31308,76,230302
246,0.000219,172.31.40.0-255,66,31374,76,230302
247,0.000254,172.217.26.0-255,1484,32858,76,230302
248,0.000256,172.31.40.0-255,66,32924,76,230302
249,0.000262,172.217.26.0-255,2902,35826,76,230302
250,0.000264,172.31.40.0-255,66,35892,76,230302
251,0.000298,172.217.26.0-255,5738,41630,76,230302
252,0.000301,172.31.40.0-255,66,41696,76,230302
253,0.000306,172.217.26.0-255,4320,46016,76,230302
254,0.000308,172.31.40.0-255,66,46082,76,230302
255,0.000319,172.217.26.0-255,5379,51461,76,230302
256,0.000321,172.31.40.0-255,66,51527,76,230302
257,0.000362,172.31.40.0-255,66,51593,76,230302
258,0.000366,172.217.26.0-255,2543,54136,76,230302
259,0.000368,172.31.40.0-255,66,54202,76,230302
260,0.000387,172.217.26.0-255,395,54597,76,230302
261,0.001029,172.31.40.0-255,66,54663,76,230302
262,0.001238,172.217.26.0-255,113,54776,76,230302
263,0.001369,172.217.26.0-255,1484,56260,76,230302
264,0.001375,172.31.40.0-255,66,56326,76,230302
265,0.00138,172.217.26.0-255,1484,57810,76,230302
266,0.001406,172.217.26.0-255,1484,59294,76,230302
267,0.001408,172.31.40.0-255,66,59360,76,230302
268,0.001416,172.217.26.0-255,5738,65098,76,230302
269,0.001418,172.31.40.0-255,66,65164,76,230302
270,0.001427,172.217.26.0-255,4320,69484,76,230302
271,0.00143,172.31.40.0-255,66,69550,76,230302
272,0.001464,172.217.26.0-255,2543,72093,76,230302
273,0.001466,172.31.40.0-255,66,72159,76,230302
274,0.001473,172.217.26.0-255,4320,76479,76,230302
275,0.001474,172.31.40.0-255,66,76545,76,230302
276,0.00151,172.217.26.0-255,2902,79447,76,230302
277,0.001513,172.31.40.0-255,66,79513,76,230302
278,0.001519,172.217.26.0-255,5738,85251,76,230302
279,0.001521,172.31.40.0-255,66,85317,76,230302
280,0.001548,172.217.26.0-255,3961,89278,76,230302
281,0.001551,172.31.40.0-255,66,89344,76,230302
282,0.003481,172.217.26.0-255,1484,90828,76,230302
283,0.00351,172.217.26.0-255,4320,95148,76,230302
284,0.003514,172.31.40.0-255,66,95214,76,230302
285,0.005494,172.217.26.0-255,4320,99534,76,230302
286,0.005501,172.31.40.0-255,66,99600,76,230302
287,0.005527,172.217.26.0-255,1484,101084,76,230302
288,0.007481,172.217.26.0-255,4320,105404,76,230302
289,0.007484,172.31.40.0-255,66,105470,76,230302
290,0.009499,172.217.26.0-255,5738,111208,76,230302
291,0.009507,172.31.40.0-255,66,111274,76,230302
292,0.011494,172.217.26.0-255,4320,115594,76,230302
293,0.011501,172.31.40.0-255,66,115660,76,230302
294,0.011526,172.217.26.0-255,1484,117144,76,230302
295,0.013484,172.217.26.0-255,4320,121464,76,230302
296,0.013494,172.31.40.0-255,66,121530,76,230302
297,0.015477,172.217.26.0-255,5738,127268,76,230302
298,0.015488,172.31.40.0-255,66,127334,76,230302
299,0.017461,172.217.26.0-255,5738,133072,76,230302
300,0.017467,172.31.40.0-255,66,133138,76,230302
301,0.019475,172.217.26.0-255,5738,138876,76,230302
302,0.019482,172.31.40.0-255,66,138942,76,230302
303,0.021461,172.217.26.0-255,5738,144680,76,230302
304,0.021468,172.31.40.0-255,66,144746,76,230302
305,0.023453,172.217.26.0-255,5738,150484,76,230302
306,0.02346,172.31.40.0-255,66,150550,76,230302
307,0.025467,172.217.26.0-255,5738,156288,76,230302
308,0.025473,172.31.40.0-255,66,156354,76,230302
309,0.027454,172.217.26.0-255,5738,162092,76,230302
310,0.027461,172.31.40.0-255,66,162158,76,230302
311,0.029437,172.217.26.0-255,5738,167896,76,230302
312,0.029445,172.31.40.0-255,66,167962,76,230302
313,0.031439,172.217.26.0-255,5738,173700,76,230302
314,0.031446,172.31.40.0-255,66,173766,76,230302
315,0.032421,172.31.40.0-255,172,173938,76,230302
316,0.032447,172.31.40.0-255,1109,175047,76,230302
317,0.032498,172.31.40.0-255,1514,176561,76,230302
318,0.032499,172.31.40.0-255,1307,177868,76,230302
319,0.033421,172.217.26.0-255,5738,183606,76,230302
320,0.033428,172.31.40.0-255,66,183672,76,230302
321,0.033976,104.244.42.0-255,66,183738,76,230302
322,0.034031,104.244.42.0-255,66,183804,76,230302
323,0.034051,104.244.42.0-255,66,183870,76,230302
324,0.035409,172.217.26.0-255,5738,189608,76,230302
325,0.035414,172.31.40.0-255,66,189674,76,230302
326,0.037386,172.217.26.0-255,5738,195412,76,230302
327,0.037394,172.31.40.0-255,66,195478,76,230302
328,0.039376,172.217.26.0-255,5738,201216,76,230302
329,0.039383,172.31.40.0-255,66,201282,76,230302
330,0.041359,172.217.26.0-255,5738,207020,76,230302
331,0.041365,172.31.40.0-255,66,207086,76,230302
332,0.043353,172.217.26.0-255,5738,212824,76,230302
333,0.04336,172.31.40.0-255,66,212890,76,230302
334,0.045341,172.217.26.0-255,5738,218628,76,230302
335,0.045348,172.31.40.0-255,66,218694,76,230302
336,0.04733,172.217.26.0-255,5738,224432,76,230302
337,0.047336,172.31.40.0-255,66,224498,76,230302
338,0.049316,172.217.26.0-255,5738,230236,76,230302
339,0.049322,172.31.40.0-255,66,230302,76,230302
340,0.0,74.125.24.0-255,153,153,76,215113
341,2.5e-05,172.31.40.0-255,66,219,76,215113
342,3.3e-05,74.125.24.0-255,1484,1703,76,215113
343,3.7e-05,172.31.40.0-255,66,1769,76,215113
344,4.3e-05,74.125.24.0-255,2902,4671,76,215113
345,4.7e-05,172.31.40.0-255,66,4737,76,215113
346,5.5e-05,74.125.24.0-255,7156,11893,76,215113
347,5.7e-05,172.31.40.0-255,66,11959,76,215113
348,6.1e-05,74.125.24.0-255,2102,14061,76,215113
349,6.4e-05,172.31.40.0-255,66,14127,76,215113
350,0.000246,74.125.24.0-255,1484,15611,76,215113
351,0.000251,172.31.40.0-255,66,15677,76,215113
352,0.000257,74.125.24.0-255,2902,18579,76,215113
353,0.00026,172.31.40.0-255,66,18645,76,215113
354,0.000266,74.125.24.0-255,4320,22965,76,215113
355,0.000268,172.31.40.0-255,66,23031,76,215113
356,0.000288,74.125.24.0-255,1484,24515,76,215113
357,0.00029,172.31.40.0-255,66,24581,76,215113
358,0.000298,74.125.24.0-255,6797,31378,76,215113
359,0.000301,172.31.40.0-255,66,31444,76,215113
360,0.000747,74.125.24.0-255,1484,32928,76,215113
361,0.000752,172.31.40.0-255,66,32994,76,215113
362,0.00076,74.125.24.0-255,2902,35896,76,215113
363,0.000763,172.31.40.0-255,66,35962,76,215113
364,0.00077,74.125.24.0-255,5738,41700,76,215113
365,0.000772,172.31.40.0-255,66,41766,76,215113
366,0.000779,74.125.24.0-255,6797,48563,76,215113
367,0.00078,172.31.40.0-255,66,48629,76,215113
368,0.000819,74.125.24.0-255,7156,55785,76,215113
369,0.000821,172.31.40.0-255,66,55851,76,215113
370,0.000828,74.125.24.0-255,5738,61589,76,215113
371,0.00083,172.31.40.0-255,66,61655,76,215113
372,0.000875,74.125.24.0-255,3961,65616,76,215113
373,0.000878,172.31.40.0-255,66,65682,76,215113
374,0.00189,74.125.24.0-255,648,66330,76,215113
375,0.001917,74.125.24.0-255,1484,67814,76,215113
376,0.001922,172.31.40.0-255,66,67880,76,215113
377,0.00193,74.125.24.0-255,4320,72200,76,215113
378,0.001933,172.31.40.0-255,66,72266,76,215113
379,0.001966,172.31.40.0-255,66,72332,76,215113
380,0.001975,74.125.24.0-255,7156,79488,76,215113
381,0.001977,172.31.40.0-255,66,79554,76,215113
382,0.002014,172.31.40.0-255,66,79620,76,215113
383,0.002018,74.125.24.0-255,2184,81804,76,215113
384,0.00202,172.31.40.0-255,66,81870,76,215113
385,0.002024,74.125.24.0-255,2902,84772,76,215113
386,0.002026,172.31.40.0-255,66,84838,76,215113
387,0.002033,74.125.24.0-255,7156,91994,76,215113
388,0.002036,172.31.40.0-255,66,92060,76,215113
389,0.002072,172.31.40.0-255,66,92126,76,215113
390,0.002083,172.31.40.0-255,66,92192,76,215113
391,0.002103,74.125.24.0-255,2184,94376,76,215113
392,0.002105,172.31.40.0-255,66,94442,76,215113
393,0.004382,74.125.24.0-255,2902,97344,76,215113
394,0.004385,172.31.40.0-255,66,97410,76,215113
395,0.004418,74.125.24.0-255,2902,100312,76,215113
396,0.004421,172.31.40.0-255,66,100378,76,215113
397,0.006645,74.125.24.0-255,2902,103280,76,215113
398,0.006653,172.31.40.0-255,66,103346,76,215113
399,0.006676,74.125.24.0-255,2902,106248,76,215113
400,0.006679,172.31.40.0-255,66,106314,76,215113
401,0.008949,74.125.24.0-255,5738,112052,76,215113
402,0.008956,172.31.40.0-255,66,112118,76,215113
403,0.011216,74.125.24.0-255,5738,117856,76,215113
404,0.011225,172.31.40.0-255,66,117922,76,215113
405,0.013496,74.125.24.0-255,5738,123660,76,215113
406,0.013505,172.31.40.0-255,66,123726,76,215113
407,0.015789,74.125.24.0-255,5738,129464,76,215113
408,0.015797,172.31.40.0-255,66,129530,76,215113
409,0.018093,74.125.24.0-255,5738,135268,76,215113
410,0.018101,172.31.40.0-255,66,135334,76,215113
411,0.020371,74.125.24.0-255,5738,141072,76,215113
412,0.020378,172.31.40.0-255,66,141138,76,215113
413,0.022669,74.125.24.0-255,5738,146876,76,215113
414,0.022677,172.31.40.0-255,66,146942,76,215113
415,0.024965,74.125.24.0-255,5738,152680,76,215113
416,0.024972,172.31.40.0-255,66,152746,76,215113
417,0.02725,74.125.24.0-255,5738,158484,76,215113
418,0.027257,172.31.40.0-255,66,158550,76,215113
419,0.028895,172.31.40.0-255,199,158749,76,215113
420,0.02893,172.31.40.0-255,1110,159859,76,215113
421,0.028988,172.31.40.0-255,1514,161373,76,215113
422,0.02899,172.31.40.0-255,1306,162679,76,215113
423,0.02952,74.125.24.0-255,5738,168417,76,215113
424,0.029526,172.31.40.0-255,66,168483,76,215113
425,0.030462,104.244.42.0-255,66,168549,76,215113
426,0.03051,104.244.42.0-255,66,168615,76,215113
427,0.030557,104.244.42.0-255,66,168681,76,215113
428,0.031824,74.125.24.0-255,5738,174419,76,215113
429,0.031831,172.31.40.0-255,66,174485,76,215113
430,0.034086,74.125.24.0-255,5738,180223,76,215113
431,0.034095,172.31.40.0-255,66,180289,76,215113
432,0.036356,74.125.24.0-255,5738,186027,76,215113
433,0.036373,172.31.40.0-255,66,186093,76,215113
434,0.038649,74.125.24.0-255,5738,191831,76,215113
435,0.038658,172.31.40.0-255,66,191897,76,215113
436,0.040944,74.125.24.0-255,5738,197635,76,215113
437,0.040951,172.31.40.0-255,66,197701,76,215113
438,0.043239,74.125.24.0-255,5738,203439,76,215113
439,0.043247,172.31.40.0-255,66,203505,76,215113
440,0.045553,74.125.24.0-255,5738,209243,76,215113
441,0.045559,172.31.40.0-255,66,209309,76,215113
442,0.047842,74.125.24.0-255,5738,215047,76,215113
443,0.047847,172.31.40.0-255,66,215113,76,215113
444,0.0,74.125.200.0-255,300,300,76,338954
445,2.2e-05,172.31.40.0-255,66,366,76,338954
446,2.8e-05,74.125.200.0-255,1484,1850,76,338954
447,3.2e-05,172.31.40.0-255,66,1916,76,338954
448,3.5e-05,74.125.200.0-255,1484,3400,76,338954
449,3.8e-05,172.31.40.0-255,66,3466,76,338954
450,4.5e-05,74.125.200.0-255,2902,6368,76,338954
451,4.7e-05,172.31.40.0-255,66,6434,76,338954
452,5.5e-05,74.125.200.0-255,5738,12172,76,338954
453,5.7e-05,172.31.40.0-255,66,12238,76,338954
454,7.7e-05,74.125.200.0-255,1786,14024,76,338954
455,7.9e-05,172.31.40.0-255,66,14090,76,338954
456,0.000108,74.125.200.0-255,2902,16992,76,338954
457,0.00011,172.31.40.0-255,66,17058,76,338954
458,0.000135,74.125.200.0-255,7156,24214,76,338954
459,0.000138,172.31.40.0-255,66,24280,76,338954
460,0.000142,74.125.200.0-255,2902,27182,76,338954
461,0.000144,172.31.40.0-255,66,27248,76,338954
462,0.00015,74.125.200.0-255,3961,31209,76,338954
463,0.000152,172.31.40.0-255,66,31275,76,338954
464,0.000241,74.125.200.0-255,1484,32759,76,338954
465,0.000245,172.31.40.0-255,66,32825,76,338954
466,0.00025,74.125.200.0-255,2902,35727,76,338954
467,0.000253,172.31.40.0-255,66,35793,76,338954
468,0.000282,74.125.200.0-255,2902,38695,76,338954
469,0.000285,172.31.40.0-255,66,38761,76,338954
470,0.000304,74.125.200.0-255,4320,43081,76,338954
471,0.000307,172.31.40.0-255,66,43147,76,338954
472,0.000329,74.125.200.0-255,5379,48526,76,338954
473,0.000331,172.31.40.0-255,66,48592,76,338954
474,0.000676,74.125.200.0-255,1484,50076,76,338954
475,0.000681,172.31.40.0-255,66,50142,76,338954
476,0.000687,74.125.200.0-255,2902,53044,76,338954
477,0.000689,172.31.40.0-255,66,53110,76,338954
478,0.000702,74.125.200.0-255,1484,54594,76,338954
479,0.000729,74.125.200.0-255,4320,58914,76,338954
480,0.000732,172.31.40.0-255,66,58980,76,338954
481,0.000755,74.125.200.0-255,4320,63300,76,338954
482,0.000758,172.31.40.0-255,66,63366,76,338954
483,0.00078,74.125.200.0-255,2543,65909,76,338954
484,0.000782,172.31.40.0-255,66,65975,76,338954
485,0.000794,74.125.200.0-255,1484,67459,76,338954
486,0.000819,74.125.200.0-255,1484,68943,76,338954
487,0.000822,172.31.40.0-255,66,69009,76,338954
488,0.000835,74.125.200.0-255,1484,70493,76,338954
489,0.000839,74.125.200.0-255,1484,71977,76,338954
490,0.000841,172.31.40.0-255,66,72043,76,338954
491,0.000848,74.125.200.0-255,5738,77781,76,338954
492,0.00085,172.31.40.0-255,66,77847,76,338954
493,0.000881,74.125.200.0-255,5379,83226,76,338954
494,0.000884,172.31.40.0-255,66,83292,76,338954
495,0.000912,74.125.200.0-255,645,83937,76,338954
496,0.000935,74.125.200.0-255,1484,85421,76,338954
497,0.000937,172.31.40.0-255,66,85487,76,338954
498,0.000952,74.125.200.0-255,2902,88389,76,338954
499,0.000954,172.31.40.0-255,66,88455,76,338954
500,0.000973,74.125.200.0-255,1484,89939,76,338954
501,0.000976,74.125.200.0-255,1484,91423,76,338954
502,0.000978,172.31.40.0-255,66,91489,76,338954
503,0.000999,74.125.200.0-255,4320,95809,76,338954
504,0.001001,172.31.40.0-255,66,95875,76,338954
505,0.001028,74.125.200.0-255,2902,98777,76,338954
506,0.00103,172.31.40.0-255,66,98843,76,338954
507,0.001048,74.125.200.0-255,2543,101386,76,338954
508,0.00105,172.31.40.0-255,66,101452,76,338954
509,0.001524,74.125.200.0-255,1484,102936,76,338954
510,0.001533,74.125.200.0-255,2902,105838,76,338954
511,0.001536,172.31.40.0-255,66,105904,76,338954
512,0.001561,74.125.200.0-255,5738,111642,76,338954
513,0.001563,172.31.40.0-255,66,111708,76,338954
514,0.001579,74.125.200.0-255,7156,118864,76,338954
515,0.001581,172.31.40.0-255,66,118930,76,338954
516,0.001609,74.125.200.0-255,5738,124668,76,338954
517,0.001612,172.31.40.0-255,66,124734,76,338954
518,0.001617,74.125.200.0-255,4320,129054,76,338954
519,0.001618,172.31.40.0-255,66,129120,76,338954
520,0.001638,74.125.200.0-255,2902,132022,76,338954
521,0.00164,172.31.40.0-255,66,132088,76,338954
522,0.001665,74.125.200.0-255,1484,133572,76,338954
523,0.001687,74.125.200.0-255,2184,135756,76,338954
524,0.001689,172.31.40.0-255,66,135822,76,338954
525,0.001722,74.125.200.0-255,2902,138724,76,338954
526,0.001725,172.31.40.0-255,66,138790,76,338954
527,0.001755,74.125.200.0-255,1484,140274,76,338954
528,0.001776,74.125.200.0-255,2902,143176,76,338954
529,0.001779,172.31.40.0-255,66,143242,76,338954
530,0.001792,74.125.200.0-255,2902,146144,76,338954
531,0.001794,172.31.40.0-255,66,146210,76,338954
532,0.001821,74.125.200.0-255,4320,150530,76,338954
533,0.001824,172.31.40.0-255,66,150596,76,338954
534,0.001841,74.125.200.0-255,1484,152080,76,338954
535,0.001858,74.125.200.0-255,7156,159236,76,338954
536,0.00186,172.31.40.0-255,66,159302,76,338954
537,0.00189,172.31.40.0-255,66,159368,76,338954
538,0.001893,74.125.200.0-255,766,160134,76,338954
539,0.001922,74.125.200.0-255,1484,161618,76,338954
540,0.001925,172.31.40.0-255,66,161684,76,338954
541,0.001943,74.125.200.0-255,1484,163168,76,338954
542,0.001956,74.125.200.0-255,2902,166070,76,338954
543,0.001958,172.31.40.0-255,66,166136,76,338954
544,0.001973,74.125.200.0-255,1484,167620,76,338954
545,0.001992,74.125.200.0-255,5738,173358,76,338954
546,0.001994,172.31.40.0-255,66,173424,76,338954
547,0.002051,74.125.200.0-255,4320,177744,76,338954
548,0.002056,172.31.40.0-255,66,177810,76,338954
549,0.002062,74.125.200.0-255,5738,183548,76,338954
550,0.002064,172.31.40.0-255,66,183614,76,338954
551,0.0021,74.125.200.0-255,2902,186516,76,338954
552,0.002103,172.31.40.0-255,66,186582,76,338954
553,0.002114,74.125.200.0-255,1484,188066,76,338954
554,0.002127,74.125.200.0-255,1484,189550,76,338954
555,0.002129,172.31.40.0-255,66,189616,76,338954
556,0.002158,74.125.200.0-255,4320,193936,76,338954
557,0.002161,172.31.40.0-255,66,194002,76,338954
558,0.002164,74.125.200.0-255,766,194768,76,338954
559,0.002285,74.125.200.0-255,1484,196252,76,338954
560,0.002291,172.31.40.0-255,66,196318,76,338954
561,0.002306,74.125.200.0-255,2902,199220,76,338954
562,0.002308,172.31.40.0-255,66,199286,76,338954
563,0.002329,74.125.200.0-255,4320,203606,76,338954
564,0.002331,172.31.40.0-255,66,203672,76,338954
565,0.00237,74.125.200.0-255,1484,205156,76,338954
566,0.002399,74.125.200.0-255,2902,208058,76,338954
567,0.002402,172.31.40.0-255,66,208124,76,338954
568,0.002409,74.125.200.0-255,5738,213862,76,338954
569,0.002411,172.31.40.0-255,66,213928,76,338954
570,0.002427,74.125.200.0-255,1484,215412,76,338954
571,0.002474,74.125.200.0-255,4320,219732,76,338954
572,0.002478,172.31.40.0-255,66,219798,76,338954
573,0.002503,74.125.200.0-255,4320,224118,76,338954
574,0.002505,172.31.40.0-255,66,224184,76,338954
575,0.002511,74.125.200.0-255,5020,229204,76,338954
576,0.002513,172.31.40.0-255,66,229270,76,338954
577,0.005043,74.125.200.0-255,5738,235008,76,338954
578,0.005055,172.31.40.0-255,66,235074,76,338954
579,0.007592,74.125.200.0-255,4320,239394,76,338954
580,0.007597,172.31.40.0-255,66,239460,76,338954
581,0.007619,74.125.200.0-255,1484,240944,76,338954
582,0.010124,74.125.200.0-255,4320,245264,76,338954
583,0.010131,172.31.40.0-255,66,245330,76,338954
584,0.012664,74.125.200.0-255,5738,251068,76,338954
585,0.012671,172.31.40.0-255,66,251134,76,338954
586,0.015216,74.125.200.0-255,5738,256872,76,338954
587,0.015225,172.31.40.0-255,66,256938,76,338954
588,0.017756,74.125.200.0-255,5738,262676,76,338954
589,0.017769,172.31.40.0-255,66,262742,76,338954
590,0.020318,74.125.200.0-255,5738,268480,76,338954
591,0.020326,172.31.40.0-255,66,268546,76,338954
592,0.022863,74.125.200.0-255,5738,274284,76,338954
593,0.022872,172.31.40.0-255,66,274350,76,338954
594,0.025402,74.125.200.0-255,5738,280088,76,338954
595,0.02541,172.31.40.0-255,66,280154,76,338954
596,0.027985,74.125.200.0-255,5738,285892,76,338954
597,0.027994,172.31.40.0-255,66,285958,76,338954
598,0.030539,74.125.200.0-255,5738,291696,76,338954
599,0.030547,172.31.40.0-255,66,291762,76,338954
600,0.03116,172.31.40.0-255,172,291934,76,338954
601,0.031187,172.31.40.0-255,1109,293043,76,338954
602,0.031238,172.31.40.0-255,1514,294557,76,338954
603,0.031239,172.31.40.0-255,1514,296071,76,338954
604,0.031244,172.31.40.0-255,1514,297585,76,338954
605,0.031245,172.31.40.0-255,1514,299099,76,338954
606,0.031276,172.31.40.0-255,183,299282,76,338954
607,0.032739,104.244.42.0-255,66,299348,76,338954
608,0.032768,104.244.42.0-255,66,299414,76,338954
609,0.032814,104.244.42.0-255,66,299480,76,338954
610,0.032818,104.244.42.0-255,66,299546,76,338954
611,0.033077,74.125.200.0-255,4320,303866,76,338954
612,0.033081,172.31.40.0-255,66,303932,76,338954
613,0.033099,74.125.200.0-255,1484,305416,76,338954
614,0.035616,74.125.200.0-255,4320,309736,76,338954
615,0.035623,172.31.40.0-255,66,309802,76,338954
616,0.038154,74.125.200.0-255,5738,315540,76,338954
617,0.038162,172.31.40.0-255,66,315606,76,338954
618,0.040699,74.125.200.0-255,5738,321344,76,338954
619,0.040704,172.31.40.0-255,66,321410,76,338954
620,0.043236,74.125.200.0-255,2902,324312,76,338954
621,0.043243,172.31.40.0-255,66,324378,76,338954
622,0.043265,74.125.200.0-255,2902,327280,76,338954
623,0.043269,172.31.40.0-255,66,327346,76,338954
624,0.04579,74.125.200.0-255,5738,333084,76,338954
625,0.045798,172.31.40.0-255,66,333150,76,338954
626,0.048335,74.125.200.0-255,5738,338888,76,338954
627,0.04834,172.31.40.0-255,66,338954,76,338954
628,0.0,172.217.194.0-255,147,147,76,253185
629,1.3e-05,172.31.40.0-255,66,213,76,253185
630,2e-05,172.217.194.0-255,1484,1697,76,253185
631,2.4e-05,172.31.40.0-255,66,1763,76,253185
632,3.7e-05,172.217.194.0-255,2902,4665,76,253185
633,4e-05,172.31.40.0-255,66,4731,76,253185
634,4.7e-05,172.217.194.0-255,5738,10469,76,253185
635,5e-05,172.31.40.0-255,66,10535,76,253185
636,9.7e-05,172.217.194.0-255,5738,16273,76,253185
637,0.0001,172.31.40.0-255,66,16339,76,253185
638,0.000127,172.217.194.0-255,4867,21206,76,253185
639,0.00013,172.31.40.0-255,66,21272,76,253185
640,0.000156,172.31.40.0-255,66,21338,76,253185
641,0.000208,172.217.194.0-255,4320,25658,76,253185
642,0.000212,172.31.40.0-255,66,25724,76,253185
643,0.000225,172.217.194.0-255,2902,28626,76,253185
644,0.000239,172.217.194.0-255,1484,30110,76,253185
645,0.000244,172.31.40.0-255,66,30176,76,253185
646,0.000247,172.31.40.0-255,66,30242,76,253185
647,0.00025,172.31.40.0-255,66,30308,76,253185
648,0.000276,172.31.40.0-255,66,30374,76,253185
649,0.000305,172.217.194.0-255,7071,37445,76,253185
650,0.000307,172.31.40.0-255,66,37511,76,253185
651,0.000324,172.217.194.0-255,434,37945,76,253185
652,0.00033,172.31.40.0-255,66,38011,76,253185
653,0.000669,172.217.194.0-255,1484,39495,76,253185
654,0.000676,172.31.40.0-255,66,39561,76,253185
655,0.000681,172.217.194.0-255,2902,42463,76,253185
656,0.000684,172.31.40.0-255,66,42529,76,253185
657,0.000687,172.217.194.0-255,1484,44013,76,253185
658,0.000725,172.217.194.0-255,4320,48333,76,253185
659,0.000728,172.31.40.0-255,66,48399,76,253185
660,0.000735,172.217.194.0-255,5738,54137,76,253185
661,0.000737,172.31.40.0-255,66,54203,76,253185
662,0.000755,172.31.40.0-255,66,54269,76,253185
663,0.000761,172.217.194.0-255,5020,59289,76,253185
664,0.000764,172.31.40.0-255,66,59355,76,253185
665,0.00087,172.217.194.0-255,1484,60839,76,253185
666,0.000888,172.217.194.0-255,2902,63741,76,253185
667,0.000891,172.31.40.0-255,66,63807,76,253185
668,0.000898,172.217.194.0-255,5738,69545,76,253185
669,0.0009,172.31.40.0-255,66,69611,76,253185
670,0.000904,172.217.194.0-255,2902,72513,76,253185
671,0.000911,172.31.40.0-255,66,72579,76,253185
672,0.000952,172.217.194.0-255,2902,75481,76,253185
673,0.000955,172.31.40.0-255,66,75547,76,253185
674,0.000977,172.31.40.0-255,66,75613,76,253185
675,0.000979,172.217.194.0-255,217,75830,76,253185
676,0.001036,172.217.194.0-255,1484,77314,76,253185
677,0.00104,172.31.40.0-255,66,77380,76,253185
678,0.001043,172.217.194.0-255,1484,78864,76,253185
679,0.001063,172.217.194.0-255,1484,80348,76,253185
680,0.001069,172.217.194.0-255,5738,86086,76,253185
681,0.001077,172.31.40.0-255,66,86152,76,253185
682,0.001081,172.31.40.0-255,66,86218,76,253185
683,0.001086,172.217.194.0-255,2902,89120,76,253185
684,0.001089,172.31.40.0-255,66,89186,76,253185
685,0.001133,172.31.40.0-255,66,89252,76,253185
686,0.001145,172.31.40.0-255,66,89318,76,253185
687,0.001186,172.31.40.0-255,66,89384,76,253185
688,0.001209,172.217.194.0-255,2543,91927,76,253185
689,0.001211,172.31.40.0-255,66,91993,76,253185
690,0.001217,172.217.194.0-255,2902,94895,76,253185
691,0.00122,172.31.40.0-255,66,94961,76,253185
692,0.001258,172.217.194.0-255,7156,102117,76,253185
693,0.001264,172.217.194.0-255,5738,107855,76,253185
694,0.001268,172.31.40.0-255,66,107921,76,253185
695,0.001271,172.31.40.0-255,66,107987,76,253185
696,0.001315,172.31.40.0-255,66,108053,76,253185
697,0.001318,172.217.194.0-255,1484,109537,76,253185
698,0.001325,172.217.194.0-255,6438,115975,76,253185
699,0.001328,172.31.40.0-255,66,116041,76,253185
700,0.002558,172.217.194.0-255,1484,117525,76,253185
701,0.002565,172.217.194.0-255,2902,120427,76,253185
702,0.002569,172.31.40.0-255,66,120493,76,253185
703,0.002576,172.217.194.0-255,5738,126231,76,253185
704,0.002578,172.31.40.0-255,66,126297,76,253185
705,0.002603,172.217.194.0-255,5738,132035,76,253185
706,0.002605,172.31.40.0-255,66,132101,76,253185
707,0.002637,172.217.194.0-255,7156,139257,76,253185
708,0.00264,172.31.40.0-255,66,139323,76,253185
709,0.002647,172.217.194.0-255,5738,145061,76,253185
710,0.002649,172.31.40.0-255,66,145127,76,253185
711,0.002682,172.217.194.0-255,5020,150147,76,253185
712,0.002685,172.31.40.0-255,66,150213,76,253185
713,0.00533,172.217.194.0-255,5738,155951,76,253185
714,0.005337,172.31.40.0-255,66,156017,76,253185
715,0.007937,172.217.194.0-255,5738,161755,76,253185
716,0.007944,172.31.40.0-255,66,161821,76,253185
717,0.010565,172.217.194.0-255,5738,167559,76,253185
718,0.010573,172.31.40.0-255,66,167625,76,253185
719,0.013215,172.217.194.0-255,5738,173363,76,253185
720,0.013223,172.31.40.0-255,66,173429,76,253185
721,0.015859,172.217.194.0-255,5738,179167,76,253185
722,0.015867,172.31.40.0-255,66,179233,76,253185
723,0.018503,172.217.194.0-255,5738,184971,76,253185
724,0.018511,172.31.40.0-255,66,185037,76,253185
725,0.021116,172.217.194.0-255,5738,190775,76,253185
726,0.02113,172.31.40.0-255,66,190841,76,253185
727,0.023748,172.217.194.0-255,5738,196579,76,253185
728,0.023757,172.31.40.0-255,66,196645,76,253185
729,0.026394,172.217.194.0-255,5738,202383,76,253185
730,0.026402,172.31.40.0-255,66,202449,76,253185
731,0.029027,172.217.194.0-255,5738,208187,76,253185
732,0.029035,172.31.40.0-255,66,208253,76,253185
733,0.031651,172.217.194.0-255,5738,213991,76,253185
734,0.031658,172.31.40.0-255,66,214057,76,253185
735,0.032036,172.31.40.0-255,176,214233,76,253185
736,0.032062,172.31.40.0-255,1109,215342,76,253185
737,0.032115,172.31.40.0-255,1514,216856,76,253185
738,0.032117,172.31.40.0-255,1307,218163,76,253185
739,0.033587,104.244.42.0-255,66,218229,76,253185
740,0.033627,104.244.42.0-255,66,218295,76,253185
741,0.033668,104.244.42.0-255,66,218361,76,253185
742,0.034291,172.217.194.0-255,5738,224099,76,253185
743,0.034297,172.31.40.0-255,66,224165,76,253185
744,0.036938,172.217.194.0-255,5738,229903,76,253185
745,0.036944,172.31.40.0-255,66,229969,76,253185
746,0.039553,172.217.194.0-255,5738,235707,76,253185
747,0.03956,172.31.40.0-255,66,235773,76,253185
748,0.042183,172.217.194.0-255,5738,241511,76,253185
749,0.042193,172.31.40.0-255,66,241577,76,253185
750,0.044828,172.217.194.0-255,5738,247315,76,253185
751,0.044835,172.31.40.0-255,66,247381,76,253185
752,0.047447,172.217.194.0-255,5738,253119,76,253185
753,0.047453,172.31.40.0-255,66,253185,76,253185
754,0.0,172.217.194.0-255,153,153,76,211972
755,2.6e-05,172.31.40.0-255,66,219,76,211972
756,3.3e-05,172.217.194.0-255,1484,1703,76,211972
757,3.8e-05,172.31.40.0-255,66,1769,76,211972
758,4.4e-05,172.217.194.0-255,2902,4671,76,211972
759,4.7e-05,172.31.40.0-255,66,4737,76,211972
760,5.4e-05,172.217.194.0-255,7156,11893,76,211972
761,5.7e-05,172.31.40.0-255,66,11959,76,211972
762,7.2e-05,172.31.40.0-255,66,12025,76,211972
763,0.000119,172.31.40.0-255,66,12091,76,211972
764,0.000153,172.217.194.0-255,2902,14993,76,211972
765,0.000156,172.31.40.0-255,66,15059,76,211972
766,0.000161,172.217.194.0-255,4320,19379,76,211972
767,0.000163,172.31.40.0-255,66,19445,76,211972
768,0.000178,172.217.194.0-255,2902,22347,76,211972
769,0.000181,172.31.40.0-255,66,22413,76,211972
770,0.000201,172.217.194.0-255,5738,28151,76,211972
771,0.000204,172.31.40.0-255,66,28217,76,211972
772,0.00021,172.217.194.0-255,5738,33955,76,211972
773,0.000212,172.31.40.0-255,66,34021,76,211972
774,0.000235,172.217.194.0-255,6797,40818,76,211972
775,0.000238,172.31.40.0-255,66,40884,76,211972
776,0.000252,172.217.194.0-255,2902,43786,76,211972
777,0.000254,172.31.40.0-255,66,43852,76,211972
778,0.000277,172.217.194.0-255,3132,46984,76,211972
779,0.00028,172.31.40.0-255,66,47050,76,211972
780,0.000418,172.217.194.0-255,1484,48534,76,211972
781,0.000422,172.31.40.0-255,66,48600,76,211972
782,0.000428,172.217.194.0-255,2902,51502,76,211972
783,0.000431,172.31.40.0-255,66,51568,76,211972
784,0.000437,172.217.194.0-255,5738,57306,76,211972
785,0.000481,172.217.194.0-255,2902,60208,76,211972
786,0.000484,172.217.194.0-255,1484,61692,76,211972
787,0.000509,172.217.194.0-255,5738,67430,76,211972
788,0.000525,172.217.194.0-255,3602,71032,76,211972
789,0.000614,172.31.40.0-255,66,71098,76,211972
790,0.000791,172.217.194.0-255,1484,72582,76,211972
791,0.000796,172.217.194.0-255,2902,75484,76,211972
792,0.00081,172.31.40.0-255,66,75550,76,211972
793,0.000821,172.217.194.0-255,5738,81288,76,211972
794,0.000825,172.31.40.0-255,66,81354,76,211972
795,0.000835,172.217.194.0-255,5738,87092,76,211972
796,0.000849,172.31.40.0-255,66,87158,76,211972
797,0.000861,172.217.194.0-255,7156,94314,76,211972
798,0.000865,172.31.40.0-255,66,94380,76,211972
799,0.00091,172.31.40.0-255,66,94446,76,211972
800,0.000917,172.217.194.0-255,1484,95930,76,211972
801,0.000937,172.217.194.0-255,2902,98832,76,211972
802,0.000943,172.31.40.0-255,66,98898,76,211972
803,0.000964,172.217.194.0-255,5738,104636,76,211972
804,0.00097,172.217.194.0-255,4320,108956,76,211972
805,0.000989,172.217.194.0-255,2902,111858,76,211972
806,0.001007,172.217.194.0-255,1484,113342,76,211972
807,0.001012,172.31.40.0-255,66,113408,76,211972
808,0.001033,172.217.194.0-255,6438,119846,76,211972
809,0.001044,172.31.40.0-255,66,119912,76,211972
810,0.001067,172.217.194.0-255,1484,121396,76,211972
811,0.00108,172.217.194.0-255,2902,124298,76,211972
812,0.001099,172.217.194.0-255,5738,130036,76,211972
813,0.00111,172.217.194.0-255,1484,131520,76,211972
814,0.001121,172.217.194.0-255,2902,134422,76,211972
815,0.001129,172.31.40.0-255,66,134488,76,211972
816,0.001137,172.217.194.0-255,1484,135972,76,211972
817,0.001193,172.31.40.0-255,66,136038,76,211972
818,0.001225,172.217.194.0-255,1484,137522,76,211972
819,0.001244,172.217.194.0-255,2902,140424,76,211972
820,0.001281,172.217.194.0-255,4320,144744,76,211972
821,0.001288,172.31.40.0-255,66,144810,76,211972
822,0.001302,172.217.194.0-255,1484,146294,76,211972
823,0.001307,172.217.194.0-255,4320,150614,76,211972
824,0.001319,172.217.194.0-255,2902,153516,76,211972
825,0.001325,172.31.40.0-255,66,153582,76,211972
826,0.001335,172.217.194.0-255,5020,158602,76,211972
827,0.001358,172.31.40.0-255,66,158668,76,211972
828,0.001373,172.217.194.0-255,1484,160152,76,211972
829,0.001395,172.217.194.0-255,2902,163054,76,211972
830,0.001401,172.31.40.0-255,66,163120,76,211972
831,0.001421,172.217.194.0-255,5738,168858,76,211972
832,0.001426,172.217.194.0-255,4320,173178,76,211972
833,0.00143,172.31.40.0-255,66,173244,76,211972
834,0.001505,172.31.40.0-255,66,173310,76,211972
835,0.001547,172.217.194.0-255,1484,174794,76,211972
836,0.001566,172.217.194.0-255,2902,177696,76,211972
837,0.001571,172.217.194.0-255,4320,182016,76,211972
838,0.001576,172.31.40.0-255,66,182082,76,211972
839,0.001585,172.217.194.0-255,1484,183566,76,211972
840,0.001598,172.217.194.0-255,4320,187886,76,211972
841,0.001604,172.31.40.0-255,66,187952,76,211972
842,0.001617,172.217.194.0-255,1484,189436,76,211972
843,0.001651,172.31.40.0-255,66,189502,76,211972
844,0.001702,172.217.194.0-255,1484,190986,76,211972
845,0.001707,172.217.194.0-255,2902,193888,76,211972
846,0.00171,172.217.194.0-255,1484,195372,76,211972
847,0.001717,172.31.40.0-255,66,195438,76,211972
848,0.001734,172.217.194.0-255,4320,199758,76,211972
849,0.001743,172.31.40.0-255,66,199824,76,211972
850,0.001799,172.31.40.0-255,66,199890,76,211972
851,0.001817,172.217.194.0-255,5738,205628,76,211972
852,0.00183,172.31.40.0-255,66,205694,76,211972
853,0.001846,172.217.194.0-255,5738,211432,76,211972
854,0.001859,172.31.40.0-255,66,211498,76,211972
855,0.001893,172.31.40.0-255,66,211564,76,211972
856,0.001962,172.31.40.0-255,66,211630,76,211972
857,0.001991,172.217.194.0-255,105,211735,76,211972
858,0.002008,172.31.40.0-255,66,211801,76,211972
859,0.014541,172.31.40.0-255,105,211906,76,211972
860,0.017123,172.217.194.0-255,66,211972,76,211972
861,0.0,172.217.194.0-255,150,150,76,205210
862,3.3e-05,172.31.40.0-255,66,216,76,205210
863,3.9e-05,172.217.194.0-255,1484,1700,76,205210
864,4.3e-05,172.31.40.0-255,66,1766,76,205210
865,4.9e-05,172.217.194.0-255,2902,4668,76,205210
866,6.1e-05,172.31.40.0-255,66,4734,76,205210
867,6.8e-05,172.217.194.0-255,7156,11890,76,205210
868,7.1e-05,172.31.40.0-255,66,11956,76,205210
869,0.000113,172.217.194.0-255,1988,13944,76,205210
870,0.000116,172.31.40.0-255,66,14010,76,205210
871,0.000534,172.217.194.0-255,1484,15494,76,205210
872,0.00054,172.31.40.0-255,66,15560,76,205210
873,0.00055,172.217.194.0-255,2902,18462,76,205210
874,0.00056,172.31.40.0-255,66,18528,76,205210
875,0.000568,172.217.194.0-255,5738,24266,76,205210
876,0.00057,172.31.40.0-255,66,24332,76,205210
877,0.000576,172.217.194.0-255,5738,30070,76,205210
878,0.000578,172.31.40.0-255,66,30136,76,205210
879,0.000642,172.217.194.0-255,5738,35874,76,205210
880,0.000648,172.31.40.0-255,66,35940,76,205210
881,0.000664,172.217.194.0-255,2543,38483,76,205210
882,0.000668,172.31.40.0-255,66,38549,76,205210
883,0.00068,172.31.40.0-255,66,38615,76,205210
884,0.000723,172.217.194.0-255,1125,39740,76,205210
885,0.000728,172.31.40.0-255,66,39806,76,205210
886,0.001692,172.217.194.0-255,1484,41290,76,205210
887,0.001698,172.31.40.0-255,66,41356,76,205210
888,0.001703,172.217.194.0-255,1484,42840,76,205210
889,0.001704,172.31.40.0-255,66,42906,76,205210
890,0.001735,172.217.194.0-255,1484,44390,76,205210
891,0.001738,172.31.40.0-255,66,44456,76,205210
892,0.001745,172.217.194.0-255,5738,50194,76,205210
893,0.001747,172.31.40.0-255,66,50260,76,205210
894,0.001754,172.217.194.0-255,1484,51744,76,205210
895,0.001759,172.217.194.0-255,2902,54646,76,205210
896,0.001761,172.31.40.0-255,66,54712,76,205210
897,0.001786,172.217.194.0-255,2543,57255,76,205210
898,0.001788,172.31.40.0-255,66,57321,76,205210
899,0.002043,172.217.194.0-255,1484,58805,76,205210
900,0.002046,172.217.194.0-255,1484,60289,76,205210
901,0.002048,172.31.40.0-255,66,60355,76,205210
902,0.002071,172.217.194.0-255,1484,61839,76,205210
903,0.002078,172.217.194.0-255,5738,67577,76,205210
904,0.00208,172.31.40.0-255,66,67643,76,205210
905,0.002107,172.217.194.0-255,6797,74440,76,205210
906,0.002109,172.31.40.0-255,66,74506,76,205210
907,0.004201,172.217.194.0-255,5738,80244,76,205210
908,0.004207,172.31.40.0-255,66,80310,76,205210
909,0.006303,172.217.194.0-255,5738,86048,76,205210
910,0.00631,172.31.40.0-255,66,86114,76,205210
911,0.008385,172.217.194.0-255,5738,91852,76,205210
912,0.0084,172.31.40.0-255,66,91918,76,205210
913,0.010487,172.217.194.0-255,5738,97656,76,205210
914,0.010494,172.31.40.0-255,66,97722,76,205210
915,0.012561,172.217.194.0-255,5738,103460,76,205210
916,0.012567,172.31.40.0-255,66,103526,76,205210
917,0.014642,172.217.194.0-255,5738,109264,76,205210
918,0.014648,172.31.40.0-255,66,109330,76,205210
919,0.016744,172.217.194.0-255,5738,115068,76,205210
920,0.016752,172.31.40.0-255,66,115134,76,205210
921,0.018839,172.217.194.0-255,5738,120872,76,205210
922,0.018847,172.31.40.0-255,66,120938,76,205210
923,0.020919,172.217.194.0-255,5738,126676,76,205210
924,0.020926,172.31.40.0-255,66,126742,76,205210
925,0.021025,172.31.40.0-255,172,126914,76,205210
926,0.02105,172.31.40.0-255,1108,128022,76,205210
927,0.02118,172.31.40.0-255,1514,129536,76,205210
928,0.021182,172.31.40.0-255,1310,130846,76,205210
929,0.022555,104.244.42.0-255,66,130912,76,205210
930,0.022686,104.244.42.0-255,66,130978,76,205210
931,0.022716,104.244.42.0-255,66,131044,76,205210
932,0.022966,172.217.194.0-255,1484,132528,76,205210
933,0.022991,172.217.194.0-255,4320,136848,76,205210
934,0.022995,172.31.40.0-255,66,136914,76,205210
935,0.025061,172.217.194.0-255,5738,142652,76,205210
936,0.025066,172.31.40.0-255,66,142718,76,205210
937,0.02714,172.217.194.0-255,5738,148456,76,205210
938,0.027145,172.31.40.0-255,66,148522,76,205210
939,0.029227,172.217.194.0-255,5738,154260,76,205210
940,0.029233,172.31.40.0-255,66,154326,76,205210
941,0.031299,172.217.194.0-255,5738,160064,76,205210
942,0.031304,172.31.40.0-255,66,160130,76,205210
943,0.03336,172.217.194.0-255,5738,165868,76,205210
944,0.033366,172.31.40.0-255,66,165934,76,205210
945,0.03544,172.217.194.0-255,5738,171672,76,205210
946,0.035444,172.31.40.0-255,66,171738,76,205210
947,0.037503,172.217.194.0-255,5738,177476,76,205210
948,0.037508,172.31.40.0-255,66,177542,76,205210
949,0.039584,172.217.194.0-255,5738,183280,76,205210
950,0.03959,172.31.40.0-255,66,183346,76,205210
951,0.041713,172.217.194.0-255,4320,187666,76,205210
952,0.041718,172.31.40.0-255,66,187732,76,205210
953,0.041746,172.217.194.0-255,1484,189216,76,205210
954,0.04382,172.217.194.0-255,4320,193536,76,205210
955,0.043828,172.31.40.0-255,66,193602,76,205210
956,0.045892,172.217.194.0-255,5738,199340,76,205210
957,0.045898,172.31.40.0-255,66,199406,76,205210
958,0.047965,172.217.194.0-255,5738,205144,76,205210
959,0.047971,172.31.40.0-255,66,205210,76,205210
960,0.0,74.125.130.0-255,153,153,76,308463
961,2.8e-05,172.31.40.0-255,66,219,76,308463
962,3.6e-05,74.125.130.0-255,1484,1703,76,308463
963,4e-05,172.31.40.0-255,66,1769,76,308463
964,4.4e-05,74.125.130.0-255,1484,3253,76,308463
965,4.7e-05,172.31.40.0-255,66,3319,76,308463
966,5.3e-05,74.125.130.0-255,2902,6221,76,308463
967,6.5e-05,172.31.40.0-255,66,6287,76,308463
968,7.1e-05,74.125.130.0-255,5738,12025,76,308463
969,7.4e-05,172.31.40.0-255,66,12091,76,308463
970,8.1e-05,74.125.130.0-255,4835,16926,76,308463
971,8.4e-05,172.31.40.0-255,66,16992,76,308463
972,9.3e-05,74.125.130.0-255,5738,22730,76,308463
973,9.7e-05,172.31.40.0-255,66,22796,76,308463
974,0.000154,172.31.40.0-255,66,22862,76,308463
975,0.000291,74.125.130.0-255,1484,24346,76,308463
976,0.000296,172.31.40.0-255,66,24412,76,308463
977,0.000301,74.125.130.0-255,2902,27314,76,308463
978,0.000303,172.31.40.0-255,66,27380,76,308463
979,0.000307,74.125.130.0-255,1484,28864,76,308463
980,0.000314,172.31.40.0-255,66,28930,76,308463
981,0.00034,74.125.130.0-255,4320,33250,76,308463
982,0.000343,172.31.40.0-255,66,33316,76,308463
983,0.000346,74.125.130.0-255,1484,34800,76,308463
984,0.000348,172.31.40.0-255,66,34866,76,308463
985,0.000381,74.125.130.0-255,7156,42022,76,308463
986,0.000385,172.31.40.0-255,66,42088,76,308463
987,0.000404,74.125.130.0-255,2543,44631,76,308463
988,0.000406,172.31.40.0-255,66,44697,76,308463
989,0.000411,74.125.130.0-255,2902,47599,76,308463
990,0.000413,172.31.40.0-255,66,47665,76,308463
991,0.000468,74.125.130.0-255,364,48029,76,308463
992,0.000565,172.31.40.0-255,66,48095,76,308463
993,0.000615,74.125.130.0-255,1484,49579,76,308463
994,0.000628,74.125.130.0-255,2902,52481,76,308463
995,0.000632,74.125.130.0-255,1484,53965,76,308463
996,0.000637,172.31.40.0-255,66,54031,76,308463
997,0.000645,74.125.130.0-255,1484,55515,76,308463
998,0.000649,74.125.130.0-255,4320,59835,76,308463
999,0.000693,74.125.130.0-255,4320,64155,76,308463
1000,0.000697,172.31.40.0-255,66,64221,76,308463
1001,0.000702,172.31.40.0-255,66,64287,76,308463
1002,0.000728,74.125.130.0-255,5379,69666,76,308463
1003,0.000761,172.31.40.0-255,66,69732,76,308463
1004,0.000766,74.125.130.0-255,2543,72275,76,308463
1005,0.000772,172.31.40.0-255,66,72341,76,308463
1006,0.001086,74.125.130.0-255,1484,73825,76,308463
1007,0.001093,74.125.130.0-255,2902,76727,76,308463
1008,0.001096,172.31.40.0-255,66,76793,76,308463
1009,0.0011,74.125.130.0-255,1484,78277,76,308463
1010,0.001124,74.125.130.0-255,2902,81179,76,308463
1011,0.001128,74.125.130.0-255,2902,84081,76,308463
1012,0.001145,74.125.130.0-255,2902,86983,76,308463
1013,0.00115,172.31.40.0-255,66,87049,76,308463
1014,0.001178,74.125.130.0-255,5738,92787,76,308463
1015,0.001211,74.125.130.0-255,5738,98525,76,308463
1016,0.001229,74.125.130.0-255,1484,100009,76,308463
1017,0.001236,74.125.130.0-255,5738,105747,76,308463
1018,0.001238,74.125.130.0-255,766,106513,76,308463
1019,0.001246,172.31.40.0-255,66,106579,76,308463
1020,0.0017,74.125.130.0-255,1484,108063,76,308463
1021,0.001707,74.125.130.0-255,2902,110965,76,308463
1022,0.001711,172.31.40.0-255,66,111031,76,308463
1023,0.001733,74.125.130.0-255,5738,116769,76,308463
1024,0.001736,172.31.40.0-255,66,116835,76,308463
1025,0.00178,74.125.130.0-255,4320,121155,76,308463
1026,0.001795,172.31.40.0-255,66,121221,76,308463
1027,0.001826,74.125.130.0-255,4320,125541,76,308463
1028,0.001847,74.125.130.0-255,6438,131979,76,308463
1029,0.001854,74.125.130.0-255,5738,137717,76,308463
1030,0.001861,172.31.40.0-255,66,137783,76,308463
1031,0.001872,74.125.130.0-255,5738,143521,76,308463
1032,0.001878,74.125.130.0-255,7156,150677,76,308463
1033,0.001894,172.31.40.0-255,66,150743,76,308463
1034,0.001919,74.125.130.0-255,2184,152927,76,308463
1035,0.001936,172.31.40.0-255,66,152993,76,308463
1036,0.00202,74.125.130.0-255,1484,154477,76,308463
1037,0.002033,74.125.130.0-255,2902,157379,76,308463
1038,0.002035,172.31.40.0-255,66,157445,76,308463
1039,0.002067,74.125.130.0-255,5738,163183,76,308463
1040,0.00207,74.125.130.0-255,1484,164667,76,308463
1041,0.002077,172.31.40.0-255,66,164733,76,308463
1042,0.002088,74.125.130.0-255,5738,170471,76,308463
1043,0.002091,74.125.130.0-255,2902,173373,76,308463
1044,0.002112,74.125.130.0-255,5738,179111,76,308463
1045,0.002118,172.31.40.0-255,66,179177,76,308463
1046,0.002162,74.125.130.0-255,5738,184915,76,308463
1047,0.002178,74.125.130.0-255,2902,187817,76,308463
1048,0.002182,74.125.130.0-255,2902,190719,76,308463
1049,0.002186,172.31.40.0-255,66,190785,76,308463
1050,0.002191,172.31.40.0-255,66,190851,76,308463
1051,0.002243,74.125.130.0-255,4320,195171,76,308463
1052,0.002279,74.125.130.0-255,1484,196655,76,308463
1053,0.002336,74.125.130.0-255,4320,200975,76,308463
1054,0.006343,172.31.40.0-255,66,201041,76,308463
1055,0.008652,74.125.130.0-255,5738,206779,76,308463
1056,0.008659,172.31.40.0-255,66,206845,76,308463
1057,0.010937,74.125.130.0-255,4320,211165,76,308463
1058,0.010943,172.31.40.0-255,66,211231,76,308463
1059,0.010969,74.125.130.0-255,1484,212715,76,308463
1060,0.013266,74.125.130.0-255,4320,217035,76,308463
1061,0.013273,172.31.40.0-255,66,217101,76,308463
1062,0.015572,74.125.130.0-255,5738,222839,76,308463
1063,0.015583,172.31.40.0-255,66,222905,76,308463
1064,0.017873,74.125.130.0-255,5738,228643,76,308463
1065,0.017882,172.31.40.0-255,66,228709,76,308463
1066,0.020185,74.125.130.0-255,5738,234447,76,308463
1067,0.020193,172.31.40.0-255,66,234513,76,308463
1068,0.022491,74.125.130.0-255,5738,240251,76,308463
1069,0.022498,172.31.40.0-255,66,240317,76,308463
1070,0.024784,74.125.130.0-255,5738,246055,76,308463
1071,0.024789,172.31.40.0-255,66,246121,76,308463
1072,0.027075,74.125.130.0-255,5738,251859,76,308463
1073,0.027083,172.31.40.0-255,66,251925,76,308463
1074,0.029375,74.125.130.0-255,5738,257663,76,308463
1075,0.029383,172.31.40.0-255,66,257729,76,308463
1076,0.031682,74.125.130.0-255,5738,263467,76,308463
1077,0.031689,172.31.40.0-255,66,263533,76,308463
1078,0.032479,172.31.40.0-255,172,263705,76,308463
1079,0.032511,172.31.40.0-255,1108,264813,76,308463
1080,0.032569,172.31.40.0-255,1514,266327,76,308463
1081,0.032571,172.31.40.0-255,1310,267637,76,308463
1082,0.033977,74.125.130.0-255,5738,273375,76,308463
1083,0.033989,172.31.40.0-255,66,273441,76,308463
1084,0.033995,104.244.42.0-255,66,273507,76,308463
1085,0.034079,104.244.42.0-255,66,273573,76,308463
1086,0.034136,104.244.42.0-255,66,273639,76,308463
1087,0.036282,74.125.130.0-255,5738,279377,76,308463
1088,0.036289,172.31.40.0-255,66,279443,76,308463
1089,0.038591,74.125.130.0-255,5738,285181,76,308463
1090,0.038601,172.31.40.0-255,66,285247,76,308463
1091,0.040903,74.125.130.0-255,5738,290985,76,308463
1092,0.04091,172.31.40.0-255,66,291051,76,308463
1093,0.043202,74.125.130.0-255,5738,296789,76,308463
1094,0.043208,172.31.40.0-255,66,296855,76,308463
1095,0.045497,74.125.130.0-255,5738,302593,76,308463
1096,0.045503,172.31.40.0-255,66,302659,76,308463
1097,0.047794,74.125.130.0-255,5738,308397,76,308463
1098,0.0478,172.31.40.0-255,66,308463,76,308463
1099,0.0,74.125.68.0-255,153,153,76,348292
1100,2e-05,172.31.40.0-255,66,219,76,348292
1101,2.8e-05,74.125.68.0-255,1484,1703,76,348292
1102,3.2e-05,172.31.40.0-255,66,1769,76,348292
1103,3.8e-05,74.125.68.0-255,2902,4671,76,348292
1104,4.2e-05,172.31.40.0-255,66,4737,76,348292
1105,5.6e-05,74.125.68.0-255,5738,10475,76,348292
1106,6e-05,172.31.40.0-255,66,10541,76,348292
1107,6.6e-05,74.125.68.0-255,4320,14861,76,348292
1108,6.8e-05,172.31.40.0-255,66,14927,76,348292
1109,9.6e-05,74.125.68.0-255,523,15450,76,348292
1110,0.000104,172.31.40.0-255,66,15516,76,348292
1111,0.00011,74.125.68.0-255,5738,21254,76,348292
1112,0.000113,172.31.40.0-255,66,21320,76,348292
1113,0.000164,172.31.40.0-255,66,21386,76,348292
1114,0.0002,74.125.68.0-255,1484,22870,76,348292
1115,0.000203,172.31.40.0-255,66,22936,76,348292
1116,0.000207,74.125.68.0-255,1484,24420,76,348292
1117,0.000208,172.31.40.0-255,66,24486,76,348292
1118,0.000233,74.125.68.0-255,1484,25970,76,348292
1119,0.000235,172.31.40.0-255,66,26036,76,348292
1120,0.000238,74.125.68.0-255,1484,27520,76,348292
1121,0.000245,172.31.40.0-255,66,27586,76,348292
1122,0.000249,74.125.68.0-255,2902,30488,76,348292
1123,0.000251,172.31.40.0-255,66,30554,76,348292
1124,0.000256,74.125.68.0-255,4320,34874,76,348292
1125,0.000259,172.31.40.0-255,66,34940,76,348292
1126,0.000292,74.125.68.0-255,1484,36424,76,348292
1127,0.000294,172.31.40.0-255,66,36490,76,348292
1128,0.000301,74.125.68.0-255,7156,43646,76,348292
1129,0.000304,172.31.40.0-255,66,43712,76,348292
1130,0.000325,74.125.68.0-255,4320,48032,76,348292
1131,0.000327,172.31.40.0-255,66,48098,76,348292
1132,0.000354,74.125.68.0-255,4320,52418,76,348292
1133,0.000357,172.31.40.0-255,66,52484,76,348292
1134,0.000385,74.125.68.0-255,3602,56086,76,348292
1135,0.000388,172.31.40.0-255,66,56152,76,348292
1136,0.000409,74.125.68.0-255,426,56578,76,348292
1137,0.00044,74.125.68.0-255,1484,58062,76,348292
1138,0.000443,172.31.40.0-255,66,58128,76,348292
1139,0.000485,74.125.68.0-255,2902,61030,76,348292
1140,0.000487,172.31.40.0-255,66,61096,76,348292
1141,0.000513,74.125.68.0-255,4320,65416,76,348292
1142,0.000516,172.31.40.0-255,66,65482,76,348292
1143,0.000518,74.125.68.0-255,1484,66966,76,348292
1144,0.000552,74.125.68.0-255,6499,73465,76,348292
1145,0.000554,172.31.40.0-255,66,73531,76,348292
1146,0.000609,74.125.68.0-255,1484,75015,76,348292
1147,0.000623,74.125.68.0-255,2902,77917,76,348292
1148,0.000626,172.31.40.0-255,66,77983,76,348292
1149,0.000669,74.125.68.0-255,5738,83721,76,348292
1150,0.000672,172.31.40.0-255,66,83787,76,348292
1151,0.000677,74.125.68.0-255,4320,88107,76,348292
1152,0.000679,172.31.40.0-255,66,88173,76,348292
1153,0.000725,74.125.68.0-255,5738,93911,76,348292
1154,0.000728,172.31.40.0-255,66,93977,76,348292
1155,0.000731,74.125.68.0-255,1484,95461,76,348292
1156,0.000749,74.125.68.0-255,4320,99781,76,348292
1157,0.000752,172.31.40.0-255,66,99847,76,348292
1158,0.000766,74.125.68.0-255,2902,102749,76,348292
1159,0.000769,172.31.40.0-255,66,102815,76,348292
1160,0.000796,74.125.68.0-255,4320,107135,76,348292
1161,0.000799,172.31.40.0-255,66,107201,76,348292
1162,0.000801,74.125.68.0-255,766,107967,76,348292
1163,0.000972,74.125.68.0-255,1484,109451,76,348292
1164,0.000976,172.31.40.0-255,66,109517,76,348292
1165,0.000989,74.125.68.0-255,2902,112419,76,348292
1166,0.000995,172.31.40.0-255,66,112485,76,348292
1167,0.00101,74.125.68.0-255,2902,115387,76,348292
1168,0.001012,172.31.40.0-255,66,115453,76,348292
1169,0.001046,74.125.68.0-255,2902,118355,76,348292
1170,0.001049,172.31.40.0-255,66,118421,76,348292
1171,0.001054,74.125.68.0-255,2902,121323,76,348292
1172,0.001056,172.31.40.0-255,66,121389,76,348292
1173,0.001061,74.125.68.0-255,4320,125709,76,348292
1174,0.001063,172.31.40.0-255,66,125775,76,348292
1175,0.001112,172.31.40.0-255,66,125841,76,348292
1176,0.001126,74.125.68.0-255,2902,128743,76,348292
1177,0.001129,172.31.40.0-255,66,128809,76,348292
1178,0.001136,74.125.68.0-255,1484,130293,76,348292
1179,0.001166,74.125.68.0-255,2902,133195,76,348292
1180,0.001169,172.31.40.0-255,66,133261,76,348292
1181,0.001172,74.125.68.0-255,766,134027,76,348292
1182,0.002065,172.31.40.0-255,66,134093,76,348292
1183,0.002713,74.125.68.0-255,1484,135577,76,348292
1184,0.002724,74.125.68.0-255,2902,138479,76,348292
1185,0.002729,172.31.40.0-255,66,138545,76,348292
1186,0.002765,74.125.68.0-255,5738,144283,76,348292
1187,0.002768,172.31.40.0-255,66,144349,76,348292
1188,0.002773,74.125.68.0-255,2902,147251,76,348292
1189,0.002774,172.31.40.0-255,66,147317,76,348292
1190,0.002799,74.125.68.0-255,4320,151637,76,348292
1191,0.002801,172.31.40.0-255,66,151703,76,348292
1192,0.002828,74.125.68.0-255,1484,153187,76,348292
1193,0.002873,74.125.68.0-255,1484,154671,76,348292
1194,0.002876,172.31.40.0-255,66,154737,76,348292
1195,0.002924,74.125.68.0-255,1484,156221,76,348292
1196,0.002946,74.125.68.0-255,1484,157705,76,348292
1197,0.002949,172.31.40.0-255,66,157771,76,348292
1198,0.003007,74.125.68.0-255,1484,159255,76,348292
1199,0.003052,74.125.68.0-255,2902,162157,76,348292
1200,0.003054,172.31.40.0-255,66,162223,76,348292
1201,0.003088,74.125.68.0-255,4320,166543,76,348292
1202,0.00309,172.31.40.0-255,66,166609,76,348292
1203,0.003094,74.125.68.0-255,2184,168793,76,348292
1204,0.003096,172.31.40.0-255,66,168859,76,348292
1205,0.003758,74.125.68.0-255,1484,170343,76,348292
1206,0.003772,74.125.68.0-255,2902,173245,76,348292
1207,0.003774,172.31.40.0-255,66,173311,76,348292
1208,0.003788,74.125.68.0-255,1484,174795,76,348292
1209,0.003806,74.125.68.0-255,4320,179115,76,348292
1210,0.003808,172.31.40.0-255,66,179181,76,348292
1211,0.003813,74.125.68.0-255,2902,182083,76,348292
1212,0.003815,172.31.40.0-255,66,182149,76,348292
1213,0.003839,74.125.68.0-255,4320,186469,76,348292
1214,0.003842,172.31.40.0-255,66,186535,76,348292
1215,0.0039,74.125.68.0-255,5738,192273,76,348292
1216,0.003902,172.31.40.0-255,66,192339,76,348292
1217,0.003935,74.125.68.0-255,2902,195241,76,348292
1218,0.003937,172.31.40.0-255,66,195307,76,348292
1219,0.003947,172.31.40.0-255,66,195373,76,348292
1220,0.004398,74.125.68.0-255,1484,196857,76,348292
1221,0.004411,74.125.68.0-255,2902,199759,76,348292
1222,0.004414,172.31.40.0-255,66,199825,76,348292
1223,0.004441,74.125.68.0-255,2902,202727,76,348292
1224,0.004443,172.31.40.0-255,66,202793,76,348292
1225,0.004449,74.125.68.0-255,4320,207113,76,348292
1226,0.00445,172.31.40.0-255,66,207179,76,348292
1227,0.004455,74.125.68.0-255,2902,210081,76,348292
1228,0.004457,172.31.40.0-255,66,210147,76,348292
1229,0.004496,74.125.68.0-255,5738,215885,76,348292
1230,0.004498,172.31.40.0-255,66,215951,76,348292
1231,0.004502,74.125.68.0-255,1484,217435,76,348292
1232,0.004529,74.125.68.0-255,4320,221755,76,348292
1233,0.004531,172.31.40.0-255,66,221821,76,348292
1234,0.004569,74.125.68.0-255,4320,226141,76,348292
1235,0.004571,172.31.40.0-255,66,226207,76,348292
1236,0.004596,74.125.68.0-255,2902,229109,76,348292
1237,0.004599,172.31.40.0-255,66,229175,76,348292
1238,0.004606,74.125.68.0-255,6438,235613,76,348292
1239,0.004608,172.31.40.0-255,66,235679,76,348292
1240,0.004676,172.31.40.0-255,66,235745,76,348292
1241,0.004733,74.125.68.0-255,4320,240065,76,348292
1242,0.004736,172.31.40.0-255,66,240131,76,348292
1243,0.004762,74.125.68.0-255,2902,243033,76,348292
1244,0.004765,172.31.40.0-255,66,243099,76,348292
1245,0.004777,74.125.68.0-255,1484,244583,76,348292
1246,0.004803,74.125.68.0-255,3602,248185,76,348292
1247,0.004806,172.31.40.0-255,66,248251,76,348292
1248,0.005038,74.125.68.0-255,1484,249735,76,348292
1249,0.005055,74.125.68.0-255,2902,252637,76,348292
1250,0.005059,172.31.40.0-255,66,252703,76,348292
1251,0.005062,74.125.68.0-255,1484,254187,76,348292
1252,0.005082,74.125.68.0-255,1484,255671,76,348292
1253,0.005085,172.31.40.0-255,66,255737,76,348292
1254,0.005088,74.125.68.0-255,1484,257221,76,348292
1255,0.005092,74.125.68.0-255,2902,260123,76,348292
1256,0.005094,172.31.40.0-255,66,260189,76,348292
1257,0.005107,74.125.68.0-255,2902,263091,76,348292
1258,0.00511,172.31.40.0-255,66,263157,76,348292
1259,0.005151,74.125.68.0-255,2902,266059,76,348292
1260,0.005153,172.31.40.0-255,66,266125,76,348292
1261,0.005166,172.31.40.0-255,66,266191,76,348292
1262,0.005215,74.125.68.0-255,2902,269093,76,348292
1263,0.005219,172.31.40.0-255,66,269159,76,348292
1264,0.005245,74.125.68.0-255,2184,271343,76,348292
1265,0.005248,172.31.40.0-255,66,271409,76,348292
1266,0.005251,74.125.68.0-255,1484,272893,76,348292
1267,0.005276,74.125.68.0-255,4320,277213,76,348292
1268,0.005279,172.31.40.0-255,66,277279,76,348292
1269,0.005309,74.125.68.0-255,1484,278763,76,348292
1270,0.005317,74.125.68.0-255,7156,285919,76,348292
1271,0.005321,172.31.40.0-255,66,285985,76,348292
1272,0.005324,74.125.68.0-255,1484,287469,76,348292
1273,0.005353,74.125.68.0-255,7156,294625,76,348292
1274,0.005356,172.31.40.0-255,66,294691,76,348292
1275,0.005386,74.125.68.0-255,1484,296175,76,348292
1276,0.005399,74.125.68.0-255,1484,297659,76,348292
1277,0.005402,172.31.40.0-255,66,297725,76,348292
1278,0.005405,74.125.68.0-255,1484,299209,76,348292
1279,0.005433,74.125.68.0-255,4320,303529,76,348292
1280,0.005436,172.31.40.0-255,66,303595,76,348292
1281,0.005464,74.125.68.0-255,2184,305779,76,348292
1282,0.005467,172.31.40.0-255,66,305845,76,348292
1283,0.005481,74.125.68.0-255,2902,308747,76,348292
1284,0.005488,172.31.40.0-255,66,308813,76,348292
1285,0.005516,74.125.68.0-255,7156,315969,76,348292
1286,0.005519,172.31.40.0-255,66,316035,76,348292
1287,0.005526,74.125.68.0-255,4320,320355,76,348292
1288,0.005529,172.31.40.0-255,66,320421,76,348292
1289,0.005554,74.125.68.0-255,1484,321905,76,348292
1290,0.005558,74.125.68.0-255,2902,324807,76,348292
1291,0.00556,172.31.40.0-255,66,324873,76,348292
1292,0.005599,172.31.40.0-255,66,324939,76,348292
1293,0.005616,74.125.68.0-255,1484,326423,76,348292
1294,0.005656,74.125.68.0-255,766,327189,76,348292
1295,0.00566,172.31.40.0-255,66,327255,76,348292
1296,0.005709,74.125.68.0-255,1484,328739,76,348292
1297,0.005726,74.125.68.0-255,2902,331641,76,348292
1298,0.005729,172.31.40.0-255,66,331707,76,348292
1299,0.005736,74.125.68.0-255,7156,338863,76,348292
1300,0.005739,172.31.40.0-255,66,338929,76,348292
1301,0.005744,74.125.68.0-255,4320,343249,76,348292
1302,0.005747,172.31.40.0-255,66,343315,76,348292
1303,0.005791,172.31.40.0-255,66,343381,76,348292
1304,0.005817,74.125.68.0-255,269,343650,76,348292
1305,0.00582,74.125.68.0-255,105,343755,76,348292
1306,0.012006,172.31.40.0-255,66,343821,76,348292
1307,0.012052,172.31.40.0-255,105,343926,76,348292
1308,0.014305,74.125.68.0-255,66,343992,76,348292
1309,0.048123,172.31.40.0-255,172,344164,76,348292
1310,0.048158,172.31.40.0-255,1108,345272,76,348292
1311,0.04822,172.31.40.0-255,1514,346786,76,348292
1312,0.048222,172.31.40.0-255,1308,348094,76,348292
1313,0.04966,104.244.42.0-255,66,348160,76,348292
1314,0.049709,104.244.42.0-255,66,348226,76,348292
1315,0.04981,104.244.42.0-255,66,348292,76,348292
1316,0.0,74.125.24.0-255,153,153,76,222634
1317,1.9e-05,172.31.40.0-255,66,219,76,222634
1318,2.6e-05,74.125.24.0-255,1484,1703,76,222634
1319,3.1e-05,172.31.40.0-255,66,1769,76,222634
1320,3.5e-05,74.125.24.0-255,1484,3253,76,222634
1321,3.8e-05,172.31.40.0-255,66,3319,76,222634
1322,6.2e-05,74.125.24.0-255,1484,4803,76,222634
1323,6.5e-05,172.31.40.0-255,66,4869,76,222634
1324,7.4e-05,74.125.24.0-255,7156,12025,76,222634
1325,7.7e-05,172.31.40.0-255,66,12091,76,222634
1326,0.000117,172.31.40.0-255,66,12157,76,222634
1327,0.000141,74.125.24.0-255,4320,16477,76,222634
1328,0.000143,172.31.40.0-255,66,16543,76,222634
1329,0.00017,74.125.24.0-255,2543,19086,76,222634
1330,0.000173,172.31.40.0-255,66,19152,76,222634
1331,0.00019,74.125.24.0-255,1484,20636,76,222634
1332,0.000193,172.31.40.0-255,66,20702,76,222634
1333,0.000197,74.125.24.0-255,2902,23604,76,222634
1334,0.0002,172.31.40.0-255,66,23670,76,222634
1335,0.000213,74.125.24.0-255,2902,26572,76,222634
1336,0.000216,172.31.40.0-255,66,26638,76,222634
1337,0.000245,74.125.24.0-255,2902,29540,76,222634
1338,0.000247,172.31.40.0-255,66,29606,76,222634
1339,0.000254,74.125.24.0-255,5738,35344,76,222634
1340,0.000256,172.31.40.0-255,66,35410,76,222634
1341,0.000263,74.125.24.0-255,7156,42566,76,222634
1342,0.000266,172.31.40.0-255,66,42632,76,222634
1343,0.00032,74.125.24.0-255,7156,49788,76,222634
1344,0.000323,172.31.40.0-255,66,49854,76,222634
1345,0.000344,74.125.24.0-255,3602,53456,76,222634
1346,0.000346,172.31.40.0-255,66,53522,76,222634
1347,0.000349,74.125.24.0-255,676,54198,76,222634
1348,0.000738,74.125.24.0-255,1484,55682,76,222634
1349,0.000744,172.31.40.0-255,66,55748,76,222634
1350,0.000751,74.125.24.0-255,2902,58650,76,222634
1351,0.000753,172.31.40.0-255,66,58716,76,222634
1352,0.000789,74.125.24.0-255,5738,64454,76,222634
1353,0.000801,172.31.40.0-255,66,64520,76,222634
1354,0.000804,172.31.40.0-255,66,64586,76,222634
1355,0.000832,74.125.24.0-255,2902,67488,76,222634
1356,0.000835,172.31.40.0-255,66,67554,76,222634
1357,0.000871,172.31.40.0-255,66,67620,76,222634
1358,0.001618,74.125.24.0-255,1484,69104,76,222634
1359,0.00163,74.125.24.0-255,2902,72006,76,222634
1360,0.001634,172.31.40.0-255,66,72072,76,222634
1361,0.001639,74.125.24.0-255,1484,73556,76,222634
1362,0.001658,74.125.24.0-255,4320,77876,76,222634
1363,0.001661,172.31.40.0-255,66,77942,76,222634
1364,0.001675,172.31.40.0-255,66,78008,76,222634
1365,0.001682,74.125.24.0-255,5738,83746,76,222634
1366,0.001684,172.31.40.0-255,66,83812,76,222634
1367,0.001717,74.125.24.0-255,5020,88832,76,222634
1368,0.001719,172.31.40.0-255,66,88898,76,222634
1369,0.003761,74.125.24.0-255,4320,93218,76,222634
1370,0.003767,172.31.40.0-255,66,93284,76,222634
1371,0.003785,74.125.24.0-255,1484,94768,76,222634
1372,0.005798,74.125.24.0-255,2902,97670,76,222634
1373,0.005801,172.31.40.0-255,66,97736,76,222634
1374,0.005817,74.125.24.0-255,1484,99220,76,222634
1375,0.007863,74.125.24.0-255,4320,103540,76,222634
1376,0.007869,172.31.40.0-255,66,103606,76,222634
1377,0.009938,74.125.24.0-255,5738,109344,76,222634
1378,0.009946,172.31.40.0-255,66,109410,76,222634
1379,0.012006,74.125.24.0-255,5738,115148,76,222634
1380,0.012013,172.31.40.0-255,66,115214,76,222634
1381,0.014079,74.125.24.0-255,5738,120952,76,222634
1382,0.014087,172.31.40.0-255,66,121018,76,222634
1383,0.016159,74.125.24.0-255,5738,126756,76,222634
1384,0.016167,172.31.40.0-255,66,126822,76,222634
1385,0.018215,74.125.24.0-255,5738,132560,76,222634
1386,0.018223,172.31.40.0-255,66,132626,76,222634
1387,0.020252,74.125.24.0-255,5738,138364,76,222634
1388,0.020259,172.31.40.0-255,66,138430,76,222634
1389,0.022333,74.125.24.0-255,5738,144168,76,222634
1390,0.02234,172.31.40.0-255,66,144234,76,222634
1391,0.024405,74.125.24.0-255,5738,149972,76,222634
1392,0.024412,172.31.40.0-255,66,150038,76,222634
1393,0.026473,74.125.24.0-255,4320,154358,76,222634
1394,0.026481,172.31.40.0-255,66,154424,76,222634
1395,0.026499,74.125.24.0-255,1484,155908,76,222634
1396,0.027913,172.31.40.0-255,172,156080,76,222634
1397,0.027946,172.31.40.0-255,1108,157188,76,222634
1398,0.028006,172.31.40.0-255,1514,158702,76,222634
1399,0.028008,172.31.40.0-255,1308,160010,76,222634
1400,0.02854,74.125.24.0-255,4320,164330,76,222634
1401,0.028547,172.31.40.0-255,66,164396,76,222634
1402,0.029468,104.244.42.0-255,66,164462,76,222634
1403,0.029639,104.244.42.0-255,66,164528,76,222634
1404,0.029645,104.244.42.0-255,66,164594,76,222634
1405,0.030583,74.125.24.0-255,5738,170332,76,222634
1406,0.03059,172.31.40.0-255,66,170398,76,222634
1407,0.032633,74.125.24.0-255,5738,176136,76,222634
1408,0.03264,172.31.40.0-255,66,176202,76,222634
1409,0.03468,74.125.24.0-255,5738,181940,76,222634
1410,0.034687,172.31.40.0-255,66,182006,76,222634
1411,0.036731,74.125.24.0-255,5738,187744,76,222634
1412,0.03674,172.31.40.0-255,66,187810,76,222634
1413,0.038816,74.125.24.0-255,5738,193548,76,222634
1414,0.038822,172.31.40.0-255,66,193614,76,222634
1415,0.040894,74.125.24.0-255,5738,199352,76,222634
1416,0.040901,172.31.40.0-255,66,199418,76,222634
1417,0.042991,74.125.24.0-255,5738,205156,76,222634
1418,0.042998,172.31.40.0-255,66,205222,76,222634
1419,0.045083,74.125.24.0-255,5738,210960,76,222634
1420,0.04509,172.31.40.0-255,66,211026,76,222634
1421,0.047149,74.125.24.0-255,5738,216764,76,222634
1422,0.047155,172.31.40.0-255,66,216830,76,222634
1423,0.049213,74.125.24.0-255,5738,222568,76,222634
1424,0.04922,172.31.40.0-255,66,222634,76,222634
1425,0.0,74.125.200.0-255,153,153,76,348032
1426,1.9e-05,172.31.40.0-255,66,219,76,348032
1427,2.6e-05,74.125.200.0-255,1484,1703,76,348032
1428,3e-05,172.31.40.0-255,66,1769,76,348032
1429,3.5e-05,74.125.200.0-255,2902,4671,76,348032
1430,3.9e-05,172.31.40.0-255,66,4737,76,348032
1431,4.4e-05,74.125.200.0-255,4320,9057,76,348032
1432,4.7e-05,172.31.40.0-255,66,9123,76,348032
1433,7.3e-05,74.125.200.0-255,2902,12025,76,348032
1434,7.5e-05,172.31.40.0-255,66,12091,76,348032
1435,8.9e-05,74.125.200.0-255,2065,14156,76,348032
1436,9.1e-05,172.31.40.0-255,66,14222,76,348032
1437,0.000144,74.125.200.0-255,1484,15706,76,348032
1438,0.000147,172.31.40.0-255,66,15772,76,348032
1439,0.000159,74.125.200.0-255,2902,18674,76,348032
1440,0.000161,172.31.40.0-255,66,18740,76,348032
1441,0.0002,74.125.200.0-255,5738,24478,76,348032
1442,0.000202,172.31.40.0-255,66,24544,76,348032
1443,0.000205,74.125.200.0-255,1484,26028,76,348032
1444,0.000207,172.31.40.0-255,66,26094,76,348032
1445,0.000219,74.125.200.0-255,1484,27578,76,348032
1446,0.000221,172.31.40.0-255,66,27644,76,348032
1447,0.000241,74.125.200.0-255,3961,31605,76,348032
1448,0.000243,172.31.40.0-255,66,31671,76,348032
1449,0.000256,74.125.200.0-255,1484,33155,76,348032
1450,0.000258,172.31.40.0-255,66,33221,76,348032
1451,0.000262,74.125.200.0-255,2902,36123,76,348032
1452,0.000263,172.31.40.0-255,66,36189,76,348032
1453,0.000293,74.125.200.0-255,5738,41927,76,348032
1454,0.000296,172.31.40.0-255,66,41993,76,348032
1455,0.0003,74.125.200.0-255,2902,44895,76,348032
1456,0.000301,172.31.40.0-255,66,44961,76,348032
1457,0.000352,74.125.200.0-255,3961,48922,76,348032
1458,0.000355,172.31.40.0-255,66,48988,76,348032
1459,0.00037,74.125.200.0-255,4320,53308,76,348032
1460,0.000372,172.31.40.0-255,66,53374,76,348032
1461,0.000403,172.31.40.0-255,66,53440,76,348032
1462,0.000407,74.125.200.0-255,2818,56258,76,348032
1463,0.000409,172.31.40.0-255,66,56324,76,348032
1464,0.000451,74.125.200.0-255,131,56455,76,348032
1465,0.000461,74.125.200.0-255,347,56802,76,348032
1466,0.000652,74.125.200.0-255,1484,58286,76,348032
1467,0.000657,172.31.40.0-255,66,58352,76,348032
1468,0.000666,74.125.200.0-255,2902,61254,76,348032
1469,0.000668,172.31.40.0-255,66,61320,76,348032
1470,0.000671,74.125.200.0-255,1484,62804,76,348032
1471,0.00069,74.125.200.0-255,4320,67124,76,348032
1472,0.000692,172.31.40.0-255,66,67190,76,348032
1473,0.000703,74.125.200.0-255,1484,68674,76,348032
1474,0.00073,172.31.40.0-255,66,68740,76,348032
1475,0.000732,74.125.200.0-255,1484,70224,76,348032
1476,0.000761,172.31.40.0-255,66,70290,76,348032
1477,0.000833,74.125.200.0-255,1484,71774,76,348032
1478,0.000837,74.125.200.0-255,1484,73258,76,348032
1479,0.000839,172.31.40.0-255,66,73324,76,348032
1480,0.00085,74.125.200.0-255,1484,74808,76,348032
1481,0.000853,74.125.200.0-255,1484,76292,76,348032
1482,0.000854,172.31.40.0-255,66,76358,76,348032
1483,0.000859,74.125.200.0-255,2902,79260,76,348032
1484,0.000861,172.31.40.0-255,66,79326,76,348032
1485,0.000885,74.125.200.0-255,1484,80810,76,348032
1486,0.0009,74.125.200.0-255,4320,85130,76,348032
1487,0.000902,172.31.40.0-255,66,85196,76,348032
1488,0.000905,74.125.200.0-255,1484,86680,76,348032
1489,0.000923,74.125.200.0-255,2902,89582,76,348032
1490,0.000925,172.31.40.0-255,66,89648,76,348032
1491,0.000927,74.125.200.0-255,1484,91132,76,348032
1492,0.000951,74.125.200.0-255,4320,95452,76,348032
1493,0.000953,172.31.40.0-255,66,95518,76,348032
1494,0.000969,74.125.200.0-255,5738,101256,76,348032
1495,0.000971,172.31.40.0-255,66,101322,76,348032
1496,0.000985,74.125.200.0-255,3602,104924,76,348032
1497,0.000988,172.31.40.0-255,66,104990,76,348032
1498,0.001021,74.125.200.0-255,1484,106474,76,348032
1499,0.001039,74.125.200.0-255,2902,109376,76,348032
1500,0.001041,172.31.40.0-255,66,109442,76,348032
1501,0.001047,74.125.200.0-255,4320,113762,76,348032
1502,0.001049,172.31.40.0-255,66,113828,76,348032
1503,0.00106,74.125.200.0-255,1484,115312,76,348032
1504,0.001065,74.125.200.0-255,4320,119632,76,348032
1505,0.001068,172.31.40.0-255,66,119698,76,348032
1506,0.001085,74.125.200.0-255,5738,125436,76,348032
1507,0.001087,172.31.40.0-255,66,125502,76,348032
1508,0.001099,74.125.200.0-255,2902,128404,76,348032
1509,0.001102,172.31.40.0-255,66,128470,76,348032
1510,0.001133,74.125.200.0-255,2184,130654,76,348032
1511,0.001136,172.31.40.0-255,66,130720,76,348032
1512,0.001139,172.31.40.0-255,66,130786,76,348032
1513,0.001165,74.125.200.0-255,1484,132270,76,348032
1514,0.001177,74.125.200.0-255,2902,135172,76,348032
1515,0.001179,172.31.40.0-255,66,135238,76,348032
1516,0.001212,74.125.200.0-255,5738,140976,76,348032
1517,0.001214,172.31.40.0-255,66,141042,76,348032
1518,0.001219,74.125.200.0-255,4320,145362,76,348032
1519,0.001221,172.31.40.0-255,66,145428,76,348032
1520,0.001272,74.125.200.0-255,5738,151166,76,348032
1521,0.001274,172.31.40.0-255,66,151232,76,348032
1522,0.001285,172.31.40.0-255,66,151298,76,348032
1523,0.001289,74.125.200.0-255,2184,153482,76,348032
1524,0.00129,172.31.40.0-255,66,153548,76,348032
1525,0.001345,74.125.200.0-255,1484,155032,76,348032
1526,0.001357,74.125.200.0-255,2902,157934,76,348032
1527,0.00136,172.31.40.0-255,66,158000,76,348032
1528,0.001379,74.125.200.0-255,2902,160902,76,348032
1529,0.001381,172.31.40.0-255,66,160968,76,348032
1530,0.001385,74.125.200.0-255,2902,163870,76,348032
1531,0.001387,172.31.40.0-255,66,163936,76,348032
1532,0.001406,74.125.200.0-255,1484,165420,76,348032
1533,0.001418,172.31.40.0-255,66,165486,76,348032
1534,0.00142,74.125.200.0-255,1484,166970,76,348032
1535,0.001474,172.31.40.0-255,66,167036,76,348032
1536,0.001491,74.125.200.0-255,1484,168520,76,348032
1537,0.001493,74.125.200.0-255,766,169286,76,348032
1538,0.001495,172.31.40.0-255,66,169352,76,348032
1539,0.001609,74.125.200.0-255,1484,170836,76,348032
1540,0.001614,74.125.200.0-255,1484,172320,76,348032
1541,0.001616,172.31.40.0-255,66,172386,76,348032
1542,0.001632,74.125.200.0-255,1484,173870,76,348032
1543,0.001637,74.125.200.0-255,4320,178190,76,348032
1544,0.001639,172.31.40.0-255,66,178256,76,348032
1545,0.001654,74.125.200.0-255,1484,179740,76,348032
1546,0.001677,74.125.200.0-255,7156,186896,76,348032
1547,0.001683,74.125.200.0-255,5738,192634,76,348032
1548,0.001686,172.31.40.0-255,66,192700,76,348032
1549,0.001689,172.31.40.0-255,66,192766,76,348032
1550,0.00171,74.125.200.0-255,7156,199922,76,348032
1551,0.001713,172.31.40.0-255,66,199988,76,348032
1552,0.001726,74.125.200.0-255,3602,203590,76,348032
1553,0.001728,172.31.40.0-255,66,203656,76,348032
1554,0.001968,74.125.200.0-255,1484,205140,76,348032
1555,0.001983,74.125.200.0-255,1484,206624,76,348032
1556,0.001986,172.31.40.0-255,66,206690,76,348032
1557,0.003674,74.125.200.0-255,2902,209592,76,348032
1558,0.00368,172.31.40.0-255,66,209658,76,348032
1559,0.003933,74.125.200.0-255,2902,212560,76,348032
1560,0.003937,172.31.40.0-255,66,212626,76,348032
1561,0.005656,74.125.200.0-255,2902,215528,76,348032
1562,0.005668,172.31.40.0-255,66,215594,76,348032
1563,0.005889,74.125.200.0-255,2902,218496,76,348032
1564,0.005893,172.31.40.0-255,66,218562,76,348032
1565,0.007636,74.125.200.0-255,2902,221464,76,348032
1566,0.007645,172.31.40.0-255,66,221530,76,348032
1567,0.007841,74.125.200.0-255,2902,224432,76,348032
1568,0.007843,172.31.40.0-255,66,224498,76,348032
1569,0.009591,74.125.200.0-255,2902,227400,76,348032
1570,0.009595,172.31.40.0-255,66,227466,76,348032
1571,0.009796,74.125.200.0-255,2902,230368,76,348032
1572,0.009799,172.31.40.0-255,66,230434,76,348032
1573,0.011538,74.125.200.0-255,1484,231918,76,348032
1574,0.01155,74.125.200.0-255,1484,233402,76,348032
1575,0.011552,172.31.40.0-255,66,233468,76,348032
1576,0.011742,74.125.200.0-255,2902,236370,76,348032
1577,0.011744,172.31.40.0-255,66,236436,76,348032
1578,0.013533,74.125.200.0-255,2902,239338,76,348032
1579,0.013544,172.31.40.0-255,66,239404,76,348032
1580,0.013693,74.125.200.0-255,2902,242306,76,348032
1581,0.013696,172.31.40.0-255,66,242372,76,348032
1582,0.015522,74.125.200.0-255,2902,245274,76,348032
1583,0.015535,172.31.40.0-255,66,245340,76,348032
1584,0.015647,74.125.200.0-255,2902,248242,76,348032
1585,0.01565,172.31.40.0-255,66,248308,76,348032
1586,0.017497,74.125.200.0-255,2902,251210,76,348032
1587,0.017507,172.31.40.0-255,66,251276,76,348032
1588,0.017594,74.125.200.0-255,2902,254178,76,348032
1589,0.017598,172.31.40.0-255,66,254244,76,348032
1590,0.019482,74.125.200.0-255,2902,257146,76,348032
1591,0.019489,172.31.40.0-255,66,257212,76,348032
1592,0.019549,74.125.200.0-255,2902,260114,76,348032
1593,0.019552,172.31.40.0-255,66,260180,76,348032
1594,0.021449,74.125.200.0-255,2902,263082,76,348032
1595,0.021456,172.31.40.0-255,66,263148,76,348032
1596,0.021495,74.125.200.0-255,2902,266050,76,348032
1597,0.021498,172.31.40.0-255,66,266116,76,348032
1598,0.023418,74.125.200.0-255,2902,269018,76,348032
1599,0.023427,172.31.40.0-255,66,269084,76,348032
1600,0.023461,74.125.200.0-255,2902,271986,76,348032
1601,0.023464,172.31.40.0-255,66,272052,76,348032
1602,0.025383,74.125.200.0-255,2902,274954,76,348032
1603,0.025393,172.31.40.0-255,66,275020,76,348032
1604,0.025418,74.125.200.0-255,2902,277922,76,348032
1605,0.025421,172.31.40.0-255,66,277988,76,348032
1606,0.027346,74.125.200.0-255,2902,280890,76,348032
1607,0.027355,172.31.40.0-255,66,280956,76,348032
1608,0.027379,74.125.200.0-255,2902,283858,76,348032
1609,0.027381,172.31.40.0-255,66,283924,76,348032
1610,0.029315,74.125.200.0-255,2902,286826,76,348032
1611,0.029321,172.31.40.0-255,66,286892,76,348032
1612,0.029337,74.125.200.0-255,2902,289794,76,348032
1613,0.02934,172.31.40.0-255,66,289860,76,348032
1614,0.031282,74.125.200.0-255,2902,292762,76,348032
1615,0.031287,172.31.40.0-255,66,292828,76,348032
1616,0.031303,74.125.200.0-255,2902,295730,76,348032
1617,0.031306,172.31.40.0-255,66,295796,76,348032
1618,0.033257,74.125.200.0-255,5738,301534,76,348032
1619,0.033265,172.31.40.0-255,66,301600,76,348032
1620,0.035285,74.125.200.0-255,5738,307338,76,348032
1621,0.035299,172.31.40.0-255,66,307404,76,348032
1622,0.037267,74.125.200.0-255,5738,313142,76,348032
1623,0.037274,172.31.40.0-255,66,313208,76,348032
1624,0.039236,74.125.200.0-255,5738,318946,76,348032
1625,0.039244,172.31.40.0-255,66,319012,76,348032
1626,0.041214,74.125.200.0-255,5738,324750,76,348032
1627,0.041222,172.31.40.0-255,66,324816,76,348032
1628,0.0432,74.125.200.0-255,5738,330554,76,348032
1629,0.043215,172.31.40.0-255,66,330620,76,348032
1630,0.045188,74.125.200.0-255,5738,336358,76,348032
1631,0.045197,172.31.40.0-255,66,336424,76,348032
1632,0.047166,74.125.200.0-255,5738,342162,76,348032
1633,0.047174,172.31.40.0-255,66,342228,76,348032
1634,0.049152,74.125.200.0-255,5738,347966,76,348032
1635,0.049166,172.31.40.0-255,66,348032,76,348032
1636,0.0,74.125.24.0-255,152,152,76,234492
1637,2.3e-05,172.31.40.0-255,66,218,76,234492
1638,3e-05,74.125.24.0-255,1484,1702,76,234492
1639,3.4e-05,172.31.40.0-255,66,1768,76,234492
1640,4e-05,74.125.24.0-255,2902,4670,76,234492
1641,4.4e-05,172.31.40.0-255,66,4736,76,234492
1642,5.2e-05,74.125.24.0-255,7156,11892,76,234492
1643,5.6e-05,172.31.40.0-255,66,11958,76,234492
1644,6.2e-05,74.125.24.0-255,3518,15476,76,234492
1645,6.5e-05,172.31.40.0-255,66,15542,76,234492
1646,7.9e-05,172.31.40.0-255,66,15608,76,234492
1647,8.3e-05,74.125.24.0-255,2543,18151,76,234492
1648,8.7e-05,172.31.40.0-255,66,18217,76,234492
1649,0.000293,74.125.24.0-255,1484,19701,76,234492
1650,0.000296,172.31.40.0-255,66,19767,76,234492
1651,0.000304,74.125.24.0-255,2902,22669,76,234492
1652,0.000307,172.31.40.0-255,66,22735,76,234492
1653,0.000312,74.125.24.0-255,2902,25637,76,234492
1654,0.000314,172.31.40.0-255,66,25703,76,234492
1655,0.000334,74.125.24.0-255,2902,28605,76,234492
1656,0.000337,172.31.40.0-255,66,28671,76,234492
1657,0.000342,74.125.24.0-255,4320,32991,76,234492
1658,0.000345,172.31.40.0-255,66,33057,76,234492
1659,0.000364,74.125.24.0-255,1484,34541,76,234492
1660,0.000366,172.31.40.0-255,66,34607,76,234492
1661,0.000399,172.31.40.0-255,66,34673,76,234492
1662,0.000407,74.125.24.0-255,6797,41470,76,234492
1663,0.00041,172.31.40.0-255,66,41536,76,234492
1664,0.000426,74.125.24.0-255,414,41950,76,234492
1665,0.000428,172.31.40.0-255,66,42016,76,234492
1666,0.000455,74.125.24.0-255,328,42344,76,234492
1667,0.000623,74.125.24.0-255,1484,43828,76,234492
1668,0.00063,74.125.24.0-255,2902,46730,76,234492
1669,0.000655,74.125.24.0-255,5738,52468,76,234492
1670,0.000677,74.125.24.0-255,1484,53952,76,234492
1671,0.000719,74.125.24.0-255,2902,56854,76,234492
1672,0.000727,74.125.24.0-255,7156,64010,76,234492
1673,0.000733,74.125.24.0-255,3602,67612,76,234492
1674,0.001134,74.125.24.0-255,1484,69096,76,234492
1675,0.001159,74.125.24.0-255,2902,71998,76,234492
1676,0.001162,74.125.24.0-255,1484,73482,76,234492
1677,0.001175,74.125.24.0-255,2902,76384,76,234492
1678,0.001195,74.125.24.0-255,2902,79286,76,234492
1679,0.001223,74.125.24.0-255,4320,83606,76,234492
1680,0.001255,74.125.24.0-255,766,84372,76,234492
1681,0.001722,74.125.24.0-255,1484,85856,76,234492
1682,0.001727,74.125.24.0-255,2902,88758,76,234492
1683,0.001733,74.125.24.0-255,4320,93078,76,234492
1684,0.001746,74.125.24.0-255,1484,94562,76,234492
1685,0.001785,74.125.24.0-255,2902,97464,76,234492
1686,0.001827,74.125.24.0-255,2902,100366,76,234492
1687,0.001872,74.125.24.0-255,1484,101850,76,234492
1688,0.002026,74.125.24.0-255,1484,103334,76,234492
1689,0.002029,74.125.24.0-255,1484,104818,76,234492
1690,0.002045,74.125.24.0-255,1484,106302,76,234492
1691,0.002048,74.125.24.0-255,1484,107786,76,234492
1692,0.002073,74.125.24.0-255,4320,112106,76,234492
1693,0.00212,74.125.24.0-255,5738,117844,76,234492
1694,0.002147,74.125.24.0-255,7156,125000,76,234492
1695,0.002153,74.125.24.0-255,5738,130738,76,234492
1696,0.002159,74.125.24.0-255,5020,135758,76,234492
1697,0.002725,172.31.40.0-255,66,135824,76,234492
1698,0.005071,74.125.24.0-255,5738,141562,76,234492
1699,0.005079,172.31.40.0-255,66,141628,76,234492
1700,0.007404,74.125.24.0-255,5738,147366,76,234492
1701,0.010434,172.31.40.0-255,66,147432,76,234492
1702,0.012781,74.125.24.0-255,5738,153170,76,234492
1703,0.012793,172.31.40.0-255,66,153236,76,234492
1704,0.015177,74.125.24.0-255,5738,158974,76,234492
1705,0.015191,172.31.40.0-255,66,159040,76,234492
1706,0.017522,74.125.24.0-255,5738,164778,76,234492
1707,0.01975,172.31.40.0-255,66,164844,76,234492
1708,0.022084,74.125.24.0-255,5738,170582,76,234492
1709,0.022099,172.31.40.0-255,66,170648,76,234492
1710,0.024428,74.125.24.0-255,5738,176386,76,234492
1711,0.024446,172.31.40.0-255,66,176452,76,234492
1712,0.026775,74.125.24.0-255,5738,182190,76,234492
1713,0.026784,172.31.40.0-255,66,182256,76,234492
1714,0.029132,74.125.24.0-255,5738,187994,76,234492
1715,0.029146,172.31.40.0-255,66,188060,76,234492
1716,0.031504,74.125.24.0-255,5738,193798,76,234492
1717,0.031516,172.31.40.0-255,66,193864,76,234492
1718,0.033886,74.125.24.0-255,5738,199602,76,234492
1719,0.033906,172.31.40.0-255,66,199668,76,234492
1720,0.03624,74.125.24.0-255,5738,205406,76,234492
1721,0.03625,172.31.40.0-255,66,205472,76,234492
1722,0.03859,74.125.24.0-255,5738,211210,76,234492
1723,0.038601,172.31.40.0-255,66,211276,76,234492
1724,0.040939,74.125.24.0-255,5738,217014,76,234492
1725,0.040956,172.31.40.0-255,66,217080,76,234492
1726,0.043326,74.125.24.0-255,5738,222818,76,234492
1727,0.043347,172.31.40.0-255,66,222884,76,234492
1728,0.045673,74.125.24.0-255,5738,228622,76,234492
1729,0.045683,172.31.40.0-255,66,228688,76,234492
1730,0.047991,74.125.24.0-255,5738,234426,76,234492
1731,0.048,172.31.40.0-255,66,234492,76,234492
1732,0.0,172.217.194.0-255,151,151,76,272769
1733,2.7e-05,172.31.40.0-255,66,217,76,272769
1734,3.4e-05,172.217.194.0-255,1484,1701,76,272769
1735,3.8e-05,172.31.40.0-255,66,1767,76,272769
1736,5.2e-05,172.217.194.0-255,2902,4669,76,272769
1737,5.5e-05,172.31.40.0-255,66,4735,76,272769
1738,5.8e-05,172.217.194.0-255,1484,6219,76,272769
1739,6e-05,172.31.40.0-255,66,6285,76,272769
1740,9e-05,172.217.194.0-255,5738,12023,76,272769
1741,9.3e-05,172.31.40.0-255,66,12089,76,272769
1742,0.000103,172.31.40.0-255,66,12155,76,272769
1743,0.000109,172.217.194.0-255,5738,17893,76,272769
1744,0.000112,172.31.40.0-255,66,17959,76,272769
1745,0.000136,172.217.194.0-255,3961,21920,76,272769
1746,0.000138,172.31.40.0-255,66,21986,76,272769
1747,0.000168,172.217.194.0-255,1484,23470,76,272769
1748,0.00017,172.31.40.0-255,66,23536,76,272769
1749,0.000174,172.217.194.0-255,1484,25020,76,272769
1750,0.000176,172.31.40.0-255,66,25086,76,272769
1751,0.000189,172.217.194.0-255,1484,26570,76,272769
1752,0.000192,172.31.40.0-255,66,26636,76,272769
1753,0.000201,172.217.194.0-255,5738,32374,76,272769
1754,0.000203,172.31.40.0-255,66,32440,76,272769
1755,0.000238,172.31.40.0-255,66,32506,76,272769
1756,0.000253,172.217.194.0-255,4320,36826,76,272769
1757,0.000256,172.31.40.0-255,66,36892,76,272769
1758,0.000278,172.217.194.0-255,6438,43330,76,272769
1759,0.000281,172.31.40.0-255,66,43396,76,272769
1760,0.000284,172.217.194.0-255,379,43775,76,272769
1761,0.000286,172.31.40.0-255,66,43841,76,272769
1762,0.000309,172.217.194.0-255,99,43940,76,272769
1763,0.000362,172.217.194.0-255,1484,45424,76,272769
1764,0.000367,172.31.40.0-255,66,45490,76,272769
1765,0.000374,172.217.194.0-255,1484,46974,76,272769
1766,0.000386,172.217.194.0-255,1484,48458,76,272769
1767,0.000389,172.31.40.0-255,66,48524,76,272769
1768,0.000396,172.217.194.0-255,7156,55680,76,272769
1769,0.000398,172.31.40.0-255,66,55746,76,272769
1770,0.000423,172.217.194.0-255,4320,60066,76,272769
1771,0.000429,172.217.194.0-255,5738,65804,76,272769
1772,0.000429,172.31.40.0-255,66,65870,76,272769
1773,0.000432,172.31.40.0-255,66,65936,76,272769
1774,0.000453,172.217.194.0-255,7156,73092,76,272769
1775,0.000457,172.31.40.0-255,66,73158,76,272769
1776,0.000467,172.31.40.0-255,66,73224,76,272769
1777,0.000501,172.217.194.0-255,4320,77544,76,272769
1778,0.000504,172.31.40.0-255,66,77610,76,272769
1779,0.000533,172.31.40.0-255,66,77676,76,272769
1780,0.000553,172.217.194.0-255,1484,79160,76,272769
1781,0.000558,172.217.194.0-255,2902,82062,76,272769
1782,0.000561,172.31.40.0-255,66,82128,76,272769
1783,0.000565,172.217.194.0-255,2902,85030,76,272769
1784,0.000567,172.31.40.0-255,66,85096,76,272769
1785,0.000582,172.217.194.0-255,2902,87998,76,272769
1786,0.000586,172.31.40.0-255,66,88064,76,272769
1787,0.000634,172.217.194.0-255,7156,95220,76,272769
1788,0.000638,172.31.40.0-255,66,95286,76,272769
1789,0.000653,172.217.194.0-255,5738,101024,76,272769
1790,0.000657,172.31.40.0-255,66,101090,76,272769
1791,0.000658,172.217.194.0-255,5738,106828,76,272769
1792,0.000661,172.31.40.0-255,66,106894,76,272769
1793,0.000687,172.217.194.0-255,5020,111914,76,272769
1794,0.00069,172.31.40.0-255,66,111980,76,272769
1795,0.000696,172.217.194.0-255,5738,117718,76,272769
1796,0.000699,172.31.40.0-255,66,117784,76,272769
1797,0.000713,172.217.194.0-255,5738,123522,76,272769
1798,0.00072,172.217.194.0-255,7156,130678,76,272769
1799,0.000721,172.31.40.0-255,66,130744,76,272769
1800,0.000725,172.31.40.0-255,66,130810,76,272769
1801,0.000765,172.217.194.0-255,2902,133712,76,272769
1802,0.000771,172.31.40.0-255,66,133778,76,272769
1803,0.000798,172.31.40.0-255,66,133844,76,272769
1804,0.000846,172.217.194.0-255,1484,135328,76,272769
1805,0.000867,172.217.194.0-255,2902,138230,76,272769
1806,0.00087,172.31.40.0-255,66,138296,76,272769
1807,0.000877,172.217.194.0-255,5738,144034,76,272769
1808,0.000886,172.31.40.0-255,66,144100,76,272769
1809,0.000931,172.31.40.0-255,66,144166,76,272769
1810,0.000942,172.217.194.0-255,4320,148486,76,272769
1811,0.000952,172.31.40.0-255,66,148552,76,272769
1812,0.000982,172.31.40.0-255,66,148618,76,272769
1813,0.001026,172.217.194.0-255,1484,150102,76,272769
1814,0.001106,172.217.194.0-255,1484,151586,76,272769
1815,0.001111,172.31.40.0-255,66,151652,76,272769
1816,0.001122,172.217.194.0-255,2902,154554,76,272769
1817,0.001126,172.31.40.0-255,66,154620,76,272769
1818,0.001136,172.217.194.0-255,4320,158940,76,272769
1819,0.001139,172.31.40.0-255,66,159006,76,272769
1820,0.001153,172.217.194.0-255,1484,160490,76,272769
1821,0.001167,172.217.194.0-255,1484,161974,76,272769
1822,0.001171,172.31.40.0-255,66,162040,76,272769
1823,0.001202,172.31.40.0-255,66,162106,76,272769
1824,0.001295,172.217.194.0-255,1484,163590,76,272769
1825,0.001298,172.217.194.0-255,1484,165074,76,272769
1826,0.001311,172.217.194.0-255,1484,166558,76,272769
1827,0.001311,172.31.40.0-255,66,166624,76,272769
1828,0.001316,172.217.194.0-255,5738,172362,76,272769
1829,0.001329,172.31.40.0-255,66,172428,76,272769
1830,0.001329,172.217.194.0-255,1484,173912,76,272769
1831,0.001357,172.31.40.0-255,66,173978,76,272769
1832,0.001375,172.217.194.0-255,1484,175462,76,272769
1833,0.001382,172.217.194.0-255,7156,182618,76,272769
1834,0.001387,172.31.40.0-255,66,182684,76,272769
1835,0.001406,172.217.194.0-255,3602,186286,76,272769
1836,0.001413,172.31.40.0-255,66,186352,76,272769
1837,0.001521,172.217.194.0-255,1484,187836,76,272769
1838,0.001541,172.217.194.0-255,2902,190738,76,272769
1839,0.001545,172.31.40.0-255,66,190804,76,272769
1840,0.001568,172.217.194.0-255,5738,196542,76,272769
1841,0.001573,172.217.194.0-255,4320,200862,76,272769
1842,0.001573,172.31.40.0-255,66,200928,76,272769
1843,0.001589,172.31.40.0-255,66,200994,76,272769
1844,0.001589,172.217.194.0-255,1484,202478,76,272769
1845,0.001623,172.31.40.0-255,66,202544,76,272769
1846,0.00166,172.217.194.0-255,5738,208282,76,272769
1847,0.001668,172.31.40.0-255,66,208348,76,272769
1848,0.001675,172.217.194.0-255,2184,210532,76,272769
1849,0.001691,172.31.40.0-255,66,210598,76,272769
1850,0.001929,172.217.194.0-255,1484,212082,76,272769
1851,0.001933,172.217.194.0-255,1484,213566,76,272769
1852,0.001937,172.31.40.0-255,66,213632,76,272769
1853,0.001953,172.217.194.0-255,1484,215116,76,272769
1854,0.001958,172.217.194.0-255,2902,218018,76,272769
1855,0.001967,172.31.40.0-255,66,218084,76,272769
1856,0.001969,172.217.194.0-255,2902,220986,76,272769
1857,0.001986,172.217.194.0-255,4320,225306,76,272769
1858,0.001991,172.31.40.0-255,66,225372,76,272769
1859,0.002006,172.217.194.0-255,4320,229692,76,272769
1860,0.002017,172.31.40.0-255,66,229758,76,272769
1861,0.002046,172.217.194.0-255,2902,232660,76,272769
1862,0.00205,172.31.40.0-255,66,232726,76,272769
1863,0.002083,172.217.194.0-255,5738,238464,76,272769
1864,0.002084,172.31.40.0-255,66,238530,76,272769
1865,0.00209,172.31.40.0-255,66,238596,76,272769
1866,0.002116,172.31.40.0-255,66,238662,76,272769
1867,0.002118,172.217.194.0-255,5738,244400,76,272769
1868,0.002121,172.217.194.0-255,766,245166,76,272769
1869,0.00213,172.31.40.0-255,66,245232,76,272769
1870,0.002167,172.217.194.0-255,5738,250970,76,272769
1871,0.002175,172.31.40.0-255,66,251036,76,272769
1872,0.002185,172.217.194.0-255,1484,252520,76,272769
1873,0.002187,172.217.194.0-255,1484,254004,76,272769
1874,0.002192,172.217.194.0-255,2902,256906,76,272769
1875,0.0022,172.31.40.0-255,66,256972,76,272769
1876,0.002236,172.217.194.0-255,7156,264128,76,272769
1877,0.00225,172.31.40.0-255,66,264194,76,272769
1878,0.00226,172.217.194.0-255,4552,268746,76,272769
1879,0.002264,172.217.194.0-255,97,268843,76,272769
1880,0.002264,172.31.40.0-255,66,268909,76,272769
1881,0.002265,172.217.194.0-255,105,269014,76,272769
1882,0.011262,172.31.40.0-255,66,269080,76,272769
1883,0.011294,172.31.40.0-255,105,269185,76,272769
1884,0.011513,172.217.194.0-255,105,269290,76,272769
1885,0.011523,172.31.40.0-255,78,269368,76,272769
1886,0.013335,172.217.194.0-255,66,269434,76,272769
1887,0.029949,172.31.40.0-255,172,269606,76,272769
1888,0.029979,172.31.40.0-255,1104,270710,76,272769
1889,0.030036,172.31.40.0-255,1514,272224,76,272769
1890,0.030038,172.31.40.0-255,347,272571,76,272769
1891,0.031459,104.244.42.0-255,66,272637,76,272769
1892,0.0315,104.244.42.0-255,66,272703,76,272769
1893,0.031592,104.244.42.0-255,66,272769,76,272769
1894,0.0,172.217.194.0-255,153,153,76,157943
1895,3.4e-05,172.31.40.0-255,66,219,76,157943
1896,4.2e-05,172.217.194.0-255,1484,1703,76,157943
1897,4.6e-05,172.31.40.0-255,66,1769,76,157943
1898,5.2e-05,172.217.194.0-255,2902,4671,76,157943
1899,6.4e-05,172.31.40.0-255,66,4737,76,157943
1900,7.2e-05,172.217.194.0-255,7156,11893,76,157943
1901,7.6e-05,172.31.40.0-255,66,11959,76,157943
1902,8.7e-05,172.31.40.0-255,66,12025,76,157943
1903,0.000126,172.217.194.0-255,6276,18301,76,157943
1904,0.000129,172.31.40.0-255,66,18367,76,157943
1905,0.000133,172.217.194.0-255,1484,19851,76,157943
1906,0.000135,172.31.40.0-255,66,19917,76,157943
1907,0.000138,172.217.194.0-255,1125,21042,76,157943
1908,0.00014,172.31.40.0-255,66,21108,76,157943
1909,0.000143,172.217.194.0-255,1484,22592,76,157943
1910,0.000145,172.31.40.0-255,66,22658,76,157943
1911,0.000151,172.217.194.0-255,4320,26978,76,157943
1912,0.000153,172.31.40.0-255,66,27044,76,157943
1913,0.000193,172.31.40.0-255,66,27110,76,157943
1914,0.000197,172.217.194.0-255,1125,28235,76,157943
1915,0.000199,172.31.40.0-255,66,28301,76,157943
1916,0.000257,172.31.40.0-255,66,28367,76,157943
1917,0.000262,172.217.194.0-255,4234,32601,76,157943
1918,0.000264,172.31.40.0-255,66,32667,76,157943
1919,0.000585,172.217.194.0-255,120,32787,76,157943
1920,0.00059,172.31.40.0-255,66,32853,76,157943
1921,0.000594,172.217.194.0-255,381,33234,76,157943
1922,0.000597,172.31.40.0-255,66,33300,76,157943
1923,0.000808,172.217.194.0-255,1484,34784,76,157943
1924,0.000829,172.217.194.0-255,2902,37686,76,157943
1925,0.000833,172.217.194.0-255,2902,40588,76,157943
1926,0.000834,172.31.40.0-255,66,40654,76,157943
1927,0.000851,172.31.40.0-255,66,40720,76,157943
1928,0.000856,172.217.194.0-255,2902,43622,76,157943
1929,0.000861,172.217.194.0-255,4320,47942,76,157943
1930,0.000866,172.31.40.0-255,66,48008,76,157943
1931,0.000881,172.31.40.0-255,66,48074,76,157943
1932,0.000897,172.217.194.0-255,1484,49558,76,157943
1933,0.000912,172.31.40.0-255,66,49624,76,157943
1934,0.001045,172.217.194.0-255,1484,51108,76,157943
1935,0.001058,172.217.194.0-255,2902,54010,76,157943
1936,0.001062,172.31.40.0-255,66,54076,76,157943
1937,0.001068,172.217.194.0-255,4320,58396,76,157943
1938,0.001074,172.31.40.0-255,66,58462,76,157943
1939,0.001092,172.217.194.0-255,1484,59946,76,157943
1940,0.001097,172.217.194.0-255,2902,62848,76,157943
1941,0.001105,172.31.40.0-255,66,62914,76,157943
1942,0.001129,172.31.40.0-255,66,62980,76,157943
1943,0.001163,172.31.40.0-255,66,63046,76,157943
1944,0.001186,172.217.194.0-255,1484,64530,76,157943
1945,0.001207,172.217.194.0-255,2902,67432,76,157943
1946,0.001213,172.217.194.0-255,4320,71752,76,157943
1947,0.001218,172.31.40.0-255,66,71818,76,157943
1948,0.001226,172.217.194.0-255,1484,73302,76,157943
1949,0.001231,172.217.194.0-255,2902,76204,76,157943
1950,0.001234,172.31.40.0-255,66,76270,76,157943
1951,0.001259,172.31.40.0-255,66,76336,76,157943
1952,0.001277,172.31.40.0-255,66,76402,76,157943
1953,0.001291,172.217.194.0-255,2184,78586,76,157943
1954,0.001304,172.31.40.0-255,66,78652,76,157943
1955,0.001327,172.217.194.0-255,4320,82972,76,157943
1956,0.00133,172.31.40.0-255,66,83038,76,157943
1957,0.001337,172.217.194.0-255,5738,88776,76,157943
1958,0.001342,172.31.40.0-255,66,88842,76,157943
1959,0.001353,172.31.40.0-255,66,88908,76,157943
1960,0.001396,172.31.40.0-255,66,88974,76,157943
1961,0.001426,172.217.194.0-255,4320,93294,76,157943
1962,0.001433,172.31.40.0-255,66,93360,76,157943
1963,0.001465,172.217.194.0-255,7156,100516,76,157943
1964,0.001474,172.31.40.0-255,66,100582,76,157943
1965,0.001526,172.31.40.0-255,66,100648,76,157943
1966,0.001547,172.217.194.0-255,4471,105119,76,157943
1967,0.001551,172.31.40.0-255,66,105185,76,157943
1968,0.001576,172.217.194.0-255,6438,111623,76,157943
1969,0.001581,172.31.40.0-255,66,111689,76,157943
1970,0.001898,172.217.194.0-255,1484,113173,76,157943
1971,0.001902,172.217.194.0-255,1484,114657,76,157943
1972,0.001906,172.31.40.0-255,66,114723,76,157943
1973,0.001922,172.217.194.0-255,1484,116207,76,157943
1974,0.001933,172.217.194.0-255,5738,121945,76,157943
1975,0.001943,172.31.40.0-255,66,122011,76,157943
1976,0.001965,172.31.40.0-255,66,122077,76,157943
1977,0.001989,172.217.194.0-255,2902,124979,76,157943
1978,0.002002,172.217.194.0-255,1484,126463,76,157943
1979,0.002003,172.31.40.0-255,66,126529,76,157943
1980,0.002008,172.31.40.0-255,66,126595,76,157943
1981,0.002034,172.217.194.0-255,2902,129497,76,157943
1982,0.002037,172.31.40.0-255,66,129563,76,157943
1983,0.002044,172.217.194.0-255,5738,135301,76,157943
1984,0.002054,172.31.40.0-255,66,135367,76,157943
1985,0.002094,172.31.40.0-255,66,135433,76,157943
1986,0.002101,172.217.194.0-255,766,136199,76,157943
1987,0.002107,172.31.40.0-255,66,136265,76,157943
1988,0.002124,172.217.194.0-255,1484,137749,76,157943
1989,0.002129,172.217.194.0-255,2902,140651,76,157943
1990,0.002139,172.31.40.0-255,66,140717,76,157943
1991,0.00216,172.217.194.0-255,1484,142201,76,157943
1992,0.00218,172.31.40.0-255,66,142267,76,157943
1993,0.002206,172.31.40.0-255,66,142333,76,157943
1994,0.002373,172.217.194.0-255,1484,143817,76,157943
1995,0.002379,172.217.194.0-255,2902,146719,76,157943
1996,0.002383,172.31.40.0-255,66,146785,76,157943
1997,0.002419,172.217.194.0-255,5738,152523,76,157943
1998,0.002422,172.217.194.0-255,1484,154007,76,157943
1999,0.002428,172.31.40.0-255,66,154073,76,157943
2000,0.002467,172.31.40.0-255,66,154139,76,157943
2001,0.002482,172.31.40.0-255,66,154205,76,157943
2002,0.002515,172.217.194.0-255,105,154310,76,157943
2003,0.002516,172.31.40.0-255,66,154376,76,157943
2004,0.007278,172.31.40.0-255,66,154442,76,157943
2005,0.007307,172.31.40.0-255,105,154547,76,157943
2006,0.009647,172.217.194.0-255,66,154613,76,157943
2007,0.029605,172.31.40.0-255,171,154784,76,157943
2008,0.029632,172.31.40.0-255,1133,155917,76,157943
2009,0.029681,172.31.40.0-255,1514,157431,76,157943
2010,0.029682,172.31.40.0-255,314,157745,76,157943
2011,0.031154,104.244.42.0-255,66,157811,76,157943
2012,0.031217,104.244.42.0-255,66,157877,76,157943
2013,0.031231,104.244.42.0-255,66,157943,76,157943
2014,0.0,74.125.68.0-255,153,153,76,279410
2015,2.4e-05,172.31.40.0-255,66,219,76,279410
2016,3.2e-05,74.125.68.0-255,1484,1703,76,279410
2017,3.7e-05,172.31.40.0-255,66,1769,76,279410
2018,4.2e-05,74.125.68.0-255,2902,4671,76,279410
2019,4.5e-05,172.31.40.0-255,66,4737,76,279410
2020,6.5e-05,74.125.68.0-255,4320,9057,76,279410
2021,6.8e-05,172.31.40.0-255,66,9123,76,279410
2022,8.7e-05,74.125.68.0-255,2902,12025,76,279410
2023,8.9e-05,172.31.40.0-255,66,12091,76,279410
2024,9.4e-05,74.125.68.0-255,1984,14075,76,279410
2025,9.7e-05,172.31.40.0-255,66,14141,76,279410
2026,0.000136,172.31.40.0-255,66,14207,76,279410
2027,0.000151,74.125.68.0-255,2902,17109,76,279410
2028,0.000153,172.31.40.0-255,66,17175,76,279410
2029,0.000183,74.125.68.0-255,5379,22554,76,279410
2030,0.000186,172.31.40.0-255,66,22620,76,279410
2031,0.000235,74.125.68.0-255,1484,24104,76,279410
2032,0.000237,172.31.40.0-255,66,24170,76,279410
2033,0.000241,74.125.68.0-255,1484,25654,76,279410
2034,0.000243,172.31.40.0-255,66,25720,76,279410
2035,0.000257,74.125.68.0-255,1484,27204,76,279410
2036,0.00026,172.31.40.0-255,66,27270,76,279410
2037,0.000263,74.125.68.0-255,1484,28754,76,279410
2038,0.000264,172.31.40.0-255,66,28820,76,279410
2039,0.000292,74.125.68.0-255,4320,33140,76,279410
2040,0.000294,172.31.40.0-255,66,33206,76,279410
2041,0.000298,74.125.68.0-255,2902,36108,76,279410
2042,0.0003,172.31.40.0-255,66,36174,76,279410
2043,0.000305,74.125.68.0-255,4320,40494,76,279410
2044,0.000308,172.31.40.0-255,66,40560,76,279410
2045,0.00035,172.31.40.0-255,66,40626,76,279410
2046,0.000399,172.31.40.0-255,66,40692,76,279410
2047,0.000402,74.125.68.0-255,396,41088,76,279410
2048,0.000446,74.125.68.0-255,113,41201,76,279410
2049,0.000551,74.125.68.0-255,1484,42685,76,279410
2050,0.000555,172.31.40.0-255,66,42751,76,279410
2051,0.00057,74.125.68.0-255,2902,45653,76,279410
2052,0.000573,172.31.40.0-255,66,45719,76,279410
2053,0.000576,74.125.68.0-255,1484,47203,76,279410
2054,0.000605,74.125.68.0-255,4320,51523,76,279410
2055,0.000608,172.31.40.0-255,66,51589,76,279410
2056,0.000615,74.125.68.0-255,7156,58745,76,279410
2057,0.000617,172.31.40.0-255,66,58811,76,279410
2058,0.000658,172.31.40.0-255,66,58877,76,279410
2059,0.000686,74.125.68.0-255,2449,61326,76,279410
2060,0.000689,172.31.40.0-255,66,61392,76,279410
2061,0.001358,74.125.68.0-255,1484,62876,76,279410
2062,0.001381,74.125.68.0-255,2902,65778,76,279410
2063,0.001385,172.31.40.0-255,66,65844,76,279410
2064,0.00139,74.125.68.0-255,2902,68746,76,279410
2065,0.001392,172.31.40.0-255,66,68812,76,279410
2066,0.001405,74.125.68.0-255,4320,73132,76,279410
2067,0.001408,172.31.40.0-255,66,73198,76,279410
2068,0.001423,74.125.68.0-255,1484,74682,76,279410
2069,0.001454,74.125.68.0-255,7156,81838,76,279410
2070,0.001457,172.31.40.0-255,66,81904,76,279410
2071,0.001464,74.125.68.0-255,5738,87642,76,279410
2072,0.001466,172.31.40.0-255,66,87708,76,279410
2073,0.001473,74.125.68.0-255,7156,94864,76,279410
2074,0.001475,172.31.40.0-255,66,94930,76,279410
2075,0.001478,74.125.68.0-255,766,95696,76,279410
2076,0.001752,172.31.40.0-255,66,95762,76,279410
2077,0.001764,74.125.68.0-255,1484,97246,76,279410
2078,0.001788,74.125.68.0-255,2902,100148,76,279410
2079,0.001791,172.31.40.0-255,66,100214,76,279410
2080,0.001797,74.125.68.0-255,5738,105952,76,279410
2081,0.001799,172.31.40.0-255,66,106018,76,279410
2082,0.001818,74.125.68.0-255,4320,110338,76,279410
2083,0.001821,172.31.40.0-255,66,110404,76,279410
2084,0.001836,74.125.68.0-255,2902,113306,76,279410
2085,0.001838,172.31.40.0-255,66,113372,76,279410
2086,0.001878,172.31.40.0-255,66,113438,76,279410
2087,0.001921,74.125.68.0-255,3602,117040,76,279410
2088,0.001923,172.31.40.0-255,66,117106,76,279410
2089,0.001955,74.125.68.0-255,4320,121426,76,279410
2090,0.001964,172.31.40.0-255,66,121492,76,279410
2091,0.001968,74.125.68.0-255,1484,122976,76,279410
2092,0.001988,74.125.68.0-255,4320,127296,76,279410
2093,0.001991,172.31.40.0-255,66,127362,76,279410
2094,0.002023,172.31.40.0-255,66,127428,76,279410
2095,0.002028,74.125.68.0-255,4320,131748,76,279410
2096,0.00203,172.31.40.0-255,66,131814,76,279410
2097,0.002066,74.125.68.0-255,2902,134716,76,279410
2098,0.00207,172.31.40.0-255,66,134782,76,279410
2099,0.002085,74.125.68.0-255,5020,139802,76,279410
2100,0.002087,172.31.40.0-255,66,139868,76,279410
2101,0.002157,74.125.68.0-255,1484,141352,76,279410
2102,0.00216,74.125.68.0-255,1484,142836,76,279410
2103,0.002165,172.31.40.0-255,66,142902,76,279410
2104,0.002173,74.125.68.0-255,1484,144386,76,279410
2105,0.00219,74.125.68.0-255,5738,150124,76,279410
2106,0.002192,172.31.40.0-255,66,150190,76,279410
2107,0.002231,172.31.40.0-255,66,150256,76,279410
2108,0.00225,74.125.68.0-255,2902,153158,76,279410
2109,0.002252,172.31.40.0-255,66,153224,76,279410
2110,0.004453,74.125.68.0-255,5738,158962,76,279410
2111,0.004465,172.31.40.0-255,66,159028,76,279410
2112,0.00668,74.125.68.0-255,5738,164766,76,279410
2113,0.006689,172.31.40.0-255,66,164832,76,279410
2114,0.008895,74.125.68.0-255,5738,170570,76,279410
2115,0.008906,172.31.40.0-255,66,170636,76,279410
2116,0.011123,74.125.68.0-255,5738,176374,76,279410
2117,0.011137,172.31.40.0-255,66,176440,76,279410
2118,0.013368,74.125.68.0-255,5738,182178,76,279410
2119,0.013386,172.31.40.0-255,66,182244,76,279410
2120,0.015608,74.125.68.0-255,5738,187982,76,279410
2121,0.015644,172.31.40.0-255,66,188048,76,279410
2122,0.017858,74.125.68.0-255,5738,193786,76,279410
2123,0.017871,172.31.40.0-255,66,193852,76,279410
2124,0.020096,74.125.68.0-255,5738,199590,76,279410
2125,0.020113,172.31.40.0-255,66,199656,76,279410
2126,0.022346,74.125.68.0-255,5738,205394,76,279410
2127,0.022363,172.31.40.0-255,66,205460,76,279410
2128,0.024589,74.125.68.0-255,5738,211198,76,279410
2129,0.024604,172.31.40.0-255,66,211264,76,279410
2130,0.02685,74.125.68.0-255,5738,217002,76,279410
2131,0.026866,172.31.40.0-255,66,217068,76,279410
2132,0.02909,74.125.68.0-255,5738,222806,76,279410
2133,0.029107,172.31.40.0-255,66,222872,76,279410
2134,0.031331,74.125.68.0-255,5738,228610,76,279410
2135,0.031349,172.31.40.0-255,66,228676,76,279410
2136,0.033571,74.125.68.0-255,5738,234414,76,279410
2137,0.033587,172.31.40.0-255,66,234480,76,279410
2138,0.035811,74.125.68.0-255,5738,240218,76,279410
2139,0.035827,172.31.40.0-255,66,240284,76,279410
2140,0.038048,74.125.68.0-255,5738,246022,76,279410
2141,0.038058,172.31.40.0-255,66,246088,76,279410
2142,0.039366,172.31.40.0-255,172,246260,76,279410
2143,0.039405,172.31.40.0-255,1109,247369,76,279410
2144,0.039468,172.31.40.0-255,1514,248883,76,279410
2145,0.03947,172.31.40.0-255,1309,250192,76,279410
2146,0.040263,74.125.68.0-255,5738,255930,76,279410
2147,0.040276,172.31.40.0-255,66,255996,76,279410
2148,0.040902,104.244.42.0-255,66,256062,76,279410
2149,0.040951,104.244.42.0-255,66,256128,76,279410
2150,0.040996,104.244.42.0-255,66,256194,76,279410
2151,0.042496,74.125.68.0-255,5738,261932,76,279410
2152,0.042509,172.31.40.0-255,66,261998,76,279410
2153,0.044718,74.125.68.0-255,5738,267736,76,279410
2154,0.044729,172.31.40.0-255,66,267802,76,279410
2155,0.046967,74.125.68.0-255,5738,273540,76,279410
2156,0.046984,172.31.40.0-255,66,273606,76,279410
2157,0.049247,74.125.68.0-255,5738,279344,76,279410
2158,0.049263,172.31.40.0-255,66,279410,76,279410
2159,0.0,74.125.68.0-255,146,146,76,304009
2160,1.5e-05,172.31.40.0-255,66,212,76,304009
2161,2.1e-05,74.125.68.0-255,1484,1696,76,304009
2162,2.5e-05,172.31.40.0-255,66,1762,76,304009
2163,5.9e-05,74.125.68.0-255,1484,3246,76,304009
2164,6.2e-05,172.31.40.0-255,66,3312,76,304009
2165,7.6e-05,74.125.68.0-255,2902,6214,76,304009
2166,7.9e-05,172.31.40.0-255,66,6280,76,304009
2167,8.2e-05,74.125.68.0-255,1484,7764,76,304009
2168,8.4e-05,172.31.40.0-255,66,7830,76,304009
2169,0.000109,74.125.68.0-255,2902,10732,76,304009
2170,0.000111,172.31.40.0-255,66,10798,76,304009
2171,0.000144,74.125.68.0-255,3545,14343,76,304009
2172,0.000147,172.31.40.0-255,66,14409,76,304009
2173,0.000269,74.125.68.0-255,1484,15893,76,304009
2174,0.000274,172.31.40.0-255,66,15959,76,304009
2175,0.000288,74.125.68.0-255,2902,18861,76,304009
2176,0.000291,172.31.40.0-255,66,18927,76,304009
2177,0.000309,74.125.68.0-255,4320,23247,76,304009
2178,0.000312,172.31.40.0-255,66,23313,76,304009
2179,0.000352,172.31.40.0-255,66,23379,76,304009
2180,0.000396,172.31.40.0-255,66,23445,76,304009
2181,0.0004,74.125.68.0-255,2902,26347,76,304009
2182,0.000402,172.31.40.0-255,66,26413,76,304009
2183,0.000444,74.125.68.0-255,7156,33569,76,304009
2184,0.000447,172.31.40.0-255,66,33635,76,304009
2185,0.000471,74.125.68.0-255,5738,39373,76,304009
2186,0.000473,172.31.40.0-255,66,39439,76,304009
2187,0.000479,74.125.68.0-255,4320,43759,76,304009
2188,0.000481,172.31.40.0-255,66,43825,76,304009
2189,0.000512,74.125.68.0-255,5020,48845,76,304009
2190,0.000515,172.31.40.0-255,66,48911,76,304009
2191,0.000528,74.125.68.0-255,400,49311,76,304009
2192,0.00053,172.31.40.0-255,66,49377,76,304009
2193,0.000647,74.125.68.0-255,112,49489,76,304009
2194,0.00065,172.31.40.0-255,66,49555,76,304009
2195,0.000806,74.125.68.0-255,1484,51039,76,304009
2196,0.00081,172.31.40.0-255,66,51105,76,304009
2197,0.000815,74.125.68.0-255,2902,54007,76,304009
2198,0.000817,172.31.40.0-255,66,54073,76,304009
2199,0.000852,74.125.68.0-255,5738,59811,76,304009
2200,0.000856,172.31.40.0-255,66,59877,76,304009
2201,0.00086,74.125.68.0-255,2902,62779,76,304009
2202,0.000862,172.31.40.0-255,66,62845,76,304009
2203,0.000923,74.125.68.0-255,4320,67165,76,304009
2204,0.000926,172.31.40.0-255,66,67231,76,304009
2205,0.000936,172.31.40.0-255,66,67297,76,304009
2206,0.000973,74.125.68.0-255,5738,73035,76,304009
2207,0.000976,172.31.40.0-255,66,73101,76,304009
2208,0.000993,74.125.68.0-255,2184,75285,76,304009
2209,0.000996,172.31.40.0-255,66,75351,76,304009
2210,0.00142,74.125.68.0-255,1484,76835,76,304009
2211,0.001447,74.125.68.0-255,2902,79737,76,304009
2212,0.001451,172.31.40.0-255,66,79803,76,304009
2213,0.001474,74.125.68.0-255,5738,85541,76,304009
2214,0.001476,172.31.40.0-255,66,85607,76,304009
2215,0.001495,74.125.68.0-255,5738,91345,76,304009
2216,0.001498,172.31.40.0-255,66,91411,76,304009
2217,0.001516,74.125.68.0-255,1484,92895,76,304009
2218,0.001519,74.125.68.0-255,1484,94379,76,304009
2219,0.001521,172.31.40.0-255,66,94445,76,304009
2220,0.001541,74.125.68.0-255,2902,97347,76,304009
2221,0.001543,172.31.40.0-255,66,97413,76,304009
2222,0.001555,74.125.68.0-255,2902,100315,76,304009
2223,0.001557,172.31.40.0-255,66,100381,76,304009
2224,0.001575,74.125.68.0-255,2902,103283,76,304009
2225,0.001577,172.31.40.0-255,66,103349,76,304009
2226,0.001581,74.125.68.0-255,2902,106251,76,304009
2227,0.001583,172.31.40.0-255,66,106317,76,304009
2228,0.001588,74.125.68.0-255,3602,109919,76,304009
2229,0.001591,172.31.40.0-255,66,109985,76,304009
2230,0.001809,74.125.68.0-255,1484,111469,76,304009
2231,0.001815,74.125.68.0-255,1484,112953,76,304009
2232,0.001819,172.31.40.0-255,66,113019,76,304009
2233,0.001837,74.125.68.0-255,1484,114503,76,304009
2234,0.001842,74.125.68.0-255,2902,117405,76,304009
2235,0.001844,172.31.40.0-255,66,117471,76,304009
2236,0.001849,74.125.68.0-255,4320,121791,76,304009
2237,0.001851,172.31.40.0-255,66,121857,76,304009
2238,0.001917,74.125.68.0-255,7156,129013,76,304009
2239,0.001921,172.31.40.0-255,66,129079,76,304009
2240,0.001939,74.125.68.0-255,5738,134817,76,304009
2241,0.001942,172.31.40.0-255,66,134883,76,304009
2242,0.001968,74.125.68.0-255,7156,142039,76,304009
2243,0.001971,172.31.40.0-255,66,142105,76,304009
2244,0.001984,74.125.68.0-255,2184,144289,76,304009
2245,0.001987,172.31.40.0-255,66,144355,76,304009
2246,0.002137,74.125.68.0-255,1484,145839,76,304009
2247,0.002142,74.125.68.0-255,1484,147323,76,304009
2248,0.002145,172.31.40.0-255,66,147389,76,304009
2249,0.002162,74.125.68.0-255,1484,148873,76,304009
2250,0.002169,74.125.68.0-255,5738,154611,76,304009
2251,0.002171,172.31.40.0-255,66,154677,76,304009
2252,0.002184,74.125.68.0-255,1484,156161,76,304009
2253,0.002201,74.125.68.0-255,5738,161899,76,304009
2254,0.002204,172.31.40.0-255,66,161965,76,304009
2255,0.00222,74.125.68.0-255,4320,166285,76,304009
2256,0.002222,172.31.40.0-255,66,166351,76,304009
2257,0.002237,74.125.68.0-255,4320,170671,76,304009
2258,0.002239,172.31.40.0-255,66,170737,76,304009
2259,0.002243,74.125.68.0-255,1484,172221,76,304009
2260,0.002265,74.125.68.0-255,4320,176541,76,304009
2261,0.002268,172.31.40.0-255,66,176607,76,304009
2262,0.002273,74.125.68.0-255,2184,178791,76,304009
2263,0.002275,172.31.40.0-255,66,178857,76,304009
2264,0.004512,74.125.68.0-255,1484,180341,76,304009
2265,0.00453,74.125.68.0-255,4320,184661,76,304009
2266,0.004533,172.31.40.0-255,66,184727,76,304009
2267,0.006778,74.125.68.0-255,5738,190465,76,304009
2268,0.006784,172.31.40.0-255,66,190531,76,304009
2269,0.009035,74.125.68.0-255,5738,196269,76,304009
2270,0.009043,172.31.40.0-255,66,196335,76,304009
2271,0.011303,74.125.68.0-255,5738,202073,76,304009
2272,0.011311,172.31.40.0-255,66,202139,76,304009
2273,0.01358,74.125.68.0-255,5738,207877,76,304009
2274,0.013589,172.31.40.0-255,66,207943,76,304009
2275,0.015838,74.125.68.0-255,5738,213681,76,304009
2276,0.015846,172.31.40.0-255,66,213747,76,304009
2277,0.0181,74.125.68.0-255,5738,219485,76,304009
2278,0.018108,172.31.40.0-255,66,219551,76,304009
2279,0.020364,74.125.68.0-255,5738,225289,76,304009
2280,0.020371,172.31.40.0-255,66,225355,76,304009
2281,0.02262,74.125.68.0-255,5738,231093,76,304009
2282,0.022626,172.31.40.0-255,66,231159,76,304009
2283,0.024885,74.125.68.0-255,5738,236897,76,304009
2284,0.024893,172.31.40.0-255,66,236963,76,304009
2285,0.026306,172.31.40.0-255,172,237135,76,304009
2286,0.026341,172.31.40.0-255,1104,238239,76,304009
2287,0.026399,172.31.40.0-255,1514,239753,76,304009
2288,0.026401,172.31.40.0-255,346,240099,76,304009
2289,0.027183,74.125.68.0-255,5738,245837,76,304009
2290,0.02719,172.31.40.0-255,66,245903,76,304009
2291,0.028387,104.244.42.0-255,66,245969,76,304009
2292,0.029446,74.125.68.0-255,5738,251707,76,304009
2293,0.029452,172.31.40.0-255,66,251773,76,304009
2294,0.031719,74.125.68.0-255,5738,257511,76,304009
2295,0.031725,172.31.40.0-255,66,257577,76,304009
2296,0.033987,74.125.68.0-255,5738,263315,76,304009
2297,0.033995,172.31.40.0-255,66,263381,76,304009
2298,0.03626,74.125.68.0-255,5738,269119,76,304009
2299,0.036267,172.31.40.0-255,66,269185,76,304009
2300,0.038527,74.125.68.0-255,5738,274923,76,304009
2301,0.038534,172.31.40.0-255,66,274989,76,304009
2302,0.040792,74.125.68.0-255,5738,280727,76,304009
2303,0.040798,172.31.40.0-255,66,280793,76,304009
2304,0.043053,74.125.68.0-255,5738,286531,76,304009
2305,0.043062,172.31.40.0-255,66,286597,76,304009
2306,0.045327,74.125.68.0-255,5738,292335,76,304009
2307,0.045333,172.31.40.0-255,66,292401,76,304009
2308,0.047594,74.125.68.0-255,5738,298139,76,304009
2309,0.0476,172.31.40.0-255,66,298205,76,304009
2310,0.049864,74.125.68.0-255,5738,303943,76,304009
2311,0.04987,172.31.40.0-255,66,304009,76,304009
2312,0.0,74.125.68.0-255,150,150,76,214901
2313,2.2e-05,172.31.40.0-255,66,216,76,214901
2314,4.4e-05,74.125.68.0-255,1484,1700,76,214901
2315,4.9e-05,172.31.40.0-255,66,1766,76,214901
2316,6.8e-05,74.125.68.0-255,1484,3250,76,214901
2317,7.1e-05,172.31.40.0-255,66,3316,76,214901
2318,0.000101,74.125.68.0-255,2902,6218,76,214901
2319,0.000104,172.31.40.0-255,66,6284,76,214901
2320,0.00011,74.125.68.0-255,4320,10604,76,214901
2321,0.000112,172.31.40.0-255,66,10670,76,214901
2322,0.000151,74.125.68.0-255,1484,12154,76,214901
2323,0.000153,172.31.40.0-255,66,12220,76,214901
2324,0.00017,74.125.68.0-255,2102,14322,76,214901
2325,0.000173,172.31.40.0-255,66,14388,76,214901
2326,0.000273,74.125.68.0-255,1484,15872,76,214901
2327,0.000278,172.31.40.0-255,66,15938,76,214901
2328,0.000283,74.125.68.0-255,2902,18840,76,214901
2329,0.000286,172.31.40.0-255,66,18906,76,214901
2330,0.000309,74.125.68.0-255,2902,21808,76,214901
2331,0.000311,172.31.40.0-255,66,21874,76,214901
2332,0.000329,74.125.68.0-255,4320,26194,76,214901
2333,0.000332,172.31.40.0-255,66,26260,76,214901
2334,0.000356,74.125.68.0-255,5379,31639,76,214901
2335,0.000359,172.31.40.0-255,66,31705,76,214901
2336,0.000362,74.125.68.0-255,1484,33189,76,214901
2337,0.000364,172.31.40.0-255,66,33255,76,214901
2338,0.000381,74.125.68.0-255,4320,37575,76,214901
2339,0.000384,172.31.40.0-255,66,37641,76,214901
2340,0.000416,74.125.68.0-255,2902,40543,76,214901
2341,0.000418,172.31.40.0-255,66,40609,76,214901
2342,0.000439,74.125.68.0-255,5738,46347,76,214901
2343,0.000442,172.31.40.0-255,66,46413,76,214901
2344,0.000454,172.31.40.0-255,66,46479,76,214901
2345,0.000457,74.125.68.0-255,1484,47963,76,214901
2346,0.000511,74.125.68.0-255,4320,52283,76,214901
2347,0.000514,172.31.40.0-255,66,52349,76,214901
2348,0.000533,74.125.68.0-255,3602,55951,76,214901
2349,0.000536,172.31.40.0-255,66,56017,76,214901
2350,0.000539,74.125.68.0-255,443,56460,76,214901
2351,0.000582,74.125.68.0-255,331,56791,76,214901
2352,0.000836,74.125.68.0-255,1484,58275,76,214901
2353,0.000843,172.31.40.0-255,66,58341,76,214901
2354,0.000853,74.125.68.0-255,2902,61243,76,214901
2355,0.000856,172.31.40.0-255,66,61309,76,214901
2356,0.000883,74.125.68.0-255,4320,65629,76,214901
2357,0.000886,172.31.40.0-255,66,65695,76,214901
2358,0.00089,74.125.68.0-255,1484,67179,76,214901
2359,0.000911,74.125.68.0-255,7156,74335,76,214901
2360,0.000914,172.31.40.0-255,66,74401,76,214901
2361,0.000921,74.125.68.0-255,7156,81557,76,214901
2362,0.000924,172.31.40.0-255,66,81623,76,214901
2363,0.000949,172.31.40.0-255,66,81689,76,214901
2364,0.000952,74.125.68.0-255,766,82455,76,214901
2365,0.001463,172.31.40.0-255,66,82521,76,214901
2366,0.001616,74.125.68.0-255,1484,84005,76,214901
2367,0.001627,74.125.68.0-255,2902,86907,76,214901
2368,0.001631,172.31.40.0-255,66,86973,76,214901
2369,0.001639,74.125.68.0-255,5738,92711,76,214901
2370,0.001642,172.31.40.0-255,66,92777,76,214901
2371,0.001659,74.125.68.0-255,1484,94261,76,214901
2372,0.001677,74.125.68.0-255,4320,98581,76,214901
2373,0.00168,172.31.40.0-255,66,98647,76,214901
2374,0.001705,74.125.68.0-255,4320,102967,76,214901
2375,0.001708,172.31.40.0-255,66,103033,76,214901
2376,0.00172,172.31.40.0-255,66,103099,76,214901
2377,0.001724,74.125.68.0-255,2184,105283,76,214901
2378,0.001727,172.31.40.0-255,66,105349,76,214901
2379,0.004327,74.125.68.0-255,4320,109669,76,214901
2380,0.004333,172.31.40.0-255,66,109735,76,214901
2381,0.00435,74.125.68.0-255,1484,111219,76,214901
2382,0.006985,74.125.68.0-255,2902,114121,76,214901
2383,0.00699,172.31.40.0-255,66,114187,76,214901
2384,0.007002,74.125.68.0-255,1484,115671,76,214901
2385,0.009653,74.125.68.0-255,4320,119991,76,214901
2386,0.009663,172.31.40.0-255,66,120057,76,214901
2387,0.012288,74.125.68.0-255,5738,125795,76,214901
2388,0.012298,172.31.40.0-255,66,125861,76,214901
2389,0.014921,74.125.68.0-255,5738,131599,76,214901
2390,0.014953,172.31.40.0-255,66,131665,76,214901
2391,0.017579,74.125.68.0-255,5738,137403,76,214901
2392,0.017588,172.31.40.0-255,66,137469,76,214901
2393,0.020226,74.125.68.0-255,5738,143207,76,214901
2394,0.020235,172.31.40.0-255,66,143273,76,214901
2395,0.022871,74.125.68.0-255,5738,149011,76,214901
2396,0.022882,172.31.40.0-255,66,149077,76,214901
2397,0.025231,172.31.40.0-255,172,149249,76,214901
2398,0.02526,172.31.40.0-255,1110,150359,76,214901
2399,0.025316,172.31.40.0-255,1514,151873,76,214901
2400,0.025317,172.31.40.0-255,1514,153387,76,214901
2401,0.025318,172.31.40.0-255,1514,154901,76,214901
2402,0.025343,172.31.40.0-255,1514,156415,76,214901
2403,0.025345,172.31.40.0-255,182,156597,76,214901
2404,0.025512,74.125.68.0-255,5738,162335,76,214901
2405,0.025519,172.31.40.0-255,66,162401,76,214901
2406,0.026822,104.244.42.0-255,66,162467,76,214901
2407,0.026868,104.244.42.0-255,66,162533,76,214901
2408,0.026963,104.244.42.0-255,66,162599,76,214901
2409,0.026968,104.244.42.0-255,66,162665,76,214901
2410,0.028156,74.125.68.0-255,5738,168403,76,214901
2411,0.028163,172.31.40.0-255,66,168469,76,214901
2412,0.030786,74.125.68.0-255,5738,174207,76,214901
2413,0.030793,172.31.40.0-255,66,174273,76,214901
2414,0.033424,74.125.68.0-255,5738,180011,76,214901
2415,0.033431,172.31.40.0-255,66,180077,76,214901
2416,0.036056,74.125.68.0-255,5738,185815,76,214901
2417,0.036063,172.31.40.0-255,66,185881,76,214901
2418,0.038685,74.125.68.0-255,5738,191619,76,214901
2419,0.038692,172.31.40.0-255,66,191685,76,214901
2420,0.041333,74.125.68.0-255,5738,197423,76,214901
2421,0.04134,172.31.40.0-255,66,197489,76,214901
2422,0.043956,74.125.68.0-255,5738,203227,76,214901
2423,0.043962,172.31.40.0-255,66,203293,76,214901
2424,0.046581,74.125.68.0-255,5738,209031,76,214901
2425,0.046588,172.31.40.0-255,66,209097,76,214901
2426,0.049237,74.125.68.0-255,5738,214835,76,214901
2427,0.049249,172.31.40.0-255,66,214901,76,214901
2428,0.0,216.58.221.0-255,297,297,76,328384
2429,2.2e-05,172.31.40.0-255,66,363,76,328384
2430,2.8e-05,216.58.221.0-255,1484,1847,76,328384
2431,3.2e-05,172.31.40.0-255,66,1913,76,328384
2432,3.9e-05,216.58.221.0-255,4320,6233,76,328384
2433,4.2e-05,172.31.40.0-255,66,6299,76,328384
2434,4.8e-05,216.58.221.0-255,5738,12037,76,328384
2435,5.1e-05,172.31.40.0-255,66,12103,76,328384
2436,0.000103,172.31.40.0-255,66,12169,76,328384
2437,0.000143,172.31.40.0-255,66,12235,76,328384
2438,0.000196,216.58.221.0-255,1484,13719,76,328384
2439,0.000199,172.31.40.0-255,66,13785,76,328384
2440,0.000203,216.58.221.0-255,1484,15269,76,328384
2441,0.000204,172.31.40.0-255,66,15335,76,328384
2442,0.000216,216.58.221.0-255,1484,16819,76,328384
2443,0.000218,172.31.40.0-255,66,16885,76,328384
2444,0.000246,216.58.221.0-255,5738,22623,76,328384
2445,0.000249,172.31.40.0-255,66,22689,76,328384
2446,0.000256,216.58.221.0-255,6797,29486,76,328384
2447,0.000258,172.31.40.0-255,66,29552,76,328384
2448,0.000383,216.58.221.0-255,1484,31036,76,328384
2449,0.000387,172.31.40.0-255,66,31102,76,328384
2450,0.000392,216.58.221.0-255,1484,32586,76,328384
2451,0.000393,172.31.40.0-255,66,32652,76,328384
2452,0.000407,216.58.221.0-255,1484,34136,76,328384
2453,0.00041,172.31.40.0-255,66,34202,76,328384
2454,0.000416,216.58.221.0-255,5738,39940,76,328384
2455,0.000419,172.31.40.0-255,66,40006,76,328384
2456,0.000452,216.58.221.0-255,7092,47098,76,328384
2457,0.000455,172.31.40.0-255,66,47164,76,328384
2458,0.000861,216.58.221.0-255,130,47294,76,328384
2459,0.000961,216.58.221.0-255,1484,48778,76,328384
2460,0.000964,216.58.221.0-255,1484,50262,76,328384
2461,0.00097,172.31.40.0-255,66,50328,76,328384
2462,0.00098,216.58.221.0-255,1484,51812,76,328384
2463,0.000983,172.31.40.0-255,66,51878,76,328384
2464,0.00099,216.58.221.0-255,5738,57616,76,328384
2465,0.000992,172.31.40.0-255,66,57682,76,328384
2466,0.001012,216.58.221.0-255,5738,63420,76,328384
2467,0.001015,172.31.40.0-255,66,63486,76,328384
2468,0.001018,216.58.221.0-255,1125,64611,76,328384
2469,0.001066,216.58.221.0-255,1484,66095,76,328384
2470,0.00107,172.31.40.0-255,66,66161,76,328384
2471,0.001075,216.58.221.0-255,2902,69063,76,328384
2472,0.001077,172.31.40.0-255,66,69129,76,328384
2473,0.001092,216.58.221.0-255,5738,74867,76,328384
2474,0.001095,172.31.40.0-255,66,74933,76,328384
2475,0.0011,216.58.221.0-255,4320,79253,76,328384
2476,0.001102,172.31.40.0-255,66,79319,76,328384
2477,0.001125,216.58.221.0-255,2543,81862,76,328384
2478,0.001127,172.31.40.0-255,66,81928,76,328384
2479,0.001343,216.58.221.0-255,1484,83412,76,328384
2480,0.00135,216.58.221.0-255,2902,86314,76,328384
2481,0.001354,172.31.40.0-255,66,86380,76,328384
2482,0.001377,216.58.221.0-255,5738,92118,76,328384
2483,0.001379,172.31.40.0-255,66,92184,76,328384
2484,0.0014,216.58.221.0-255,5738,97922,76,328384
2485,0.001403,172.31.40.0-255,66,97988,76,328384
2486,0.001428,216.58.221.0-255,7156,105144,76,328384
2487,0.00143,172.31.40.0-255,66,105210,76,328384
2488,0.001438,216.58.221.0-255,7156,112366,76,328384
2489,0.001439,172.31.40.0-255,66,112432,76,328384
2490,0.001462,216.58.221.0-255,3602,116034,76,328384
2491,0.001464,172.31.40.0-255,66,116100,76,328384
2492,0.001494,216.58.221.0-255,4320,120420,76,328384
2493,0.001498,172.31.40.0-255,66,120486,76,328384
2494,0.001502,216.58.221.0-255,2902,123388,76,328384
2495,0.001505,172.31.40.0-255,66,123454,76,328384
2496,0.001524,216.58.221.0-255,7156,130610,76,328384
2497,0.001526,172.31.40.0-255,66,130676,76,328384
2498,0.001529,216.58.221.0-255,1484,132160,76,328384
2499,0.001554,216.58.221.0-255,4320,136480,76,328384
2500,0.001558,172.31.40.0-255,66,136546,76,328384
2501,0.001572,172.31.40.0-255,66,136612,76,328384
2502,0.001619,216.58.221.0-255,1484,138096,76,328384
2503,0.001624,216.58.221.0-255,2902,140998,76,328384
2504,0.001627,172.31.40.0-255,66,141064,76,328384
2505,0.001642,216.58.221.0-255,5738,146802,76,328384
2506,0.001644,172.31.40.0-255,66,146868,76,328384
2507,0.001651,216.58.221.0-255,5738,152606,76,328384
2508,0.001653,172.31.40.0-255,66,152672,76,328384
2509,0.001683,216.58.221.0-255,7156,159828,76,328384
2510,0.001687,172.31.40.0-255,66,159894,76,328384
2511,0.00171,216.58.221.0-255,5738,165632,76,328384
2512,0.001713,172.31.40.0-255,66,165698,76,328384
2513,0.001735,216.58.221.0-255,5020,170718,76,328384
2514,0.001738,172.31.40.0-255,66,170784,76,328384
2515,0.001886,216.58.221.0-255,1484,172268,76,328384
2516,0.001891,216.58.221.0-255,1484,173752,76,328384
2517,0.001895,172.31.40.0-255,66,173818,76,328384
2518,0.001907,216.58.221.0-255,1484,175302,76,328384
2519,0.001911,216.58.221.0-255,1484,176786,76,328384
2520,0.001913,172.31.40.0-255,66,176852,76,328384
2521,0.003819,216.58.221.0-255,5738,182590,76,328384
2522,0.003828,172.31.40.0-255,66,182656,76,328384
2523,0.005723,216.58.221.0-255,5738,188394,76,328384
2524,0.00573,172.31.40.0-255,66,188460,76,328384
2525,0.00762,216.58.221.0-255,5738,194198,76,328384
2526,0.007627,172.31.40.0-255,66,194264,76,328384
2527,0.009511,216.58.221.0-255,5738,200002,76,328384
2528,0.009515,172.31.40.0-255,66,200068,76,328384
2529,0.011417,216.58.221.0-255,5738,205806,76,328384
2530,0.011424,172.31.40.0-255,66,205872,76,328384
2531,0.013313,216.58.221.0-255,5738,211610,76,328384
2532,0.013319,172.31.40.0-255,66,211676,76,328384
2533,0.015223,216.58.221.0-255,5738,217414,76,328384
2534,0.01523,172.31.40.0-255,66,217480,76,328384
2535,0.017135,216.58.221.0-255,5738,223218,76,328384
2536,0.017142,172.31.40.0-255,66,223284,76,328384
2537,0.019033,216.58.221.0-255,5738,229022,76,328384
2538,0.019041,172.31.40.0-255,66,229088,76,328384
2539,0.020933,216.58.221.0-255,5738,234826,76,328384
2540,0.02094,172.31.40.0-255,66,234892,76,328384
2541,0.022838,216.58.221.0-255,5738,240630,76,328384
2542,0.022845,172.31.40.0-255,66,240696,76,328384
2543,0.02474,216.58.221.0-255,5738,246434,76,328384
2544,0.024746,172.31.40.0-255,66,246500,76,328384
2545,0.026639,216.58.221.0-255,5738,252238,76,328384
2546,0.026644,172.31.40.0-255,66,252304,76,328384
2547,0.028552,216.58.221.0-255,5738,258042,76,328384
2548,0.028558,172.31.40.0-255,66,258108,76,328384
2549,0.029357,172.31.40.0-255,172,258280,76,328384
2550,0.029382,172.31.40.0-255,1108,259388,76,328384
2551,0.029436,172.31.40.0-255,1514,260902,76,328384
2552,0.029437,172.31.40.0-255,1514,262416,76,328384
2553,0.029438,172.31.40.0-255,1514,263930,76,328384
2554,0.029439,172.31.40.0-255,1514,265444,76,328384
2555,0.029466,172.31.40.0-255,184,265628,76,328384
2556,0.030456,216.58.221.0-255,5738,271366,76,328384
2557,0.030462,172.31.40.0-255,66,271432,76,328384
2558,0.030875,104.244.42.0-255,66,271498,76,328384
2559,0.030943,104.244.42.0-255,66,271564,76,328384
2560,0.030994,104.244.42.0-255,66,271630,76,328384
2561,0.030998,104.244.42.0-255,66,271696,76,328384
2562,0.032366,216.58.221.0-255,5738,277434,76,328384
2563,0.032371,172.31.40.0-255,66,277500,76,328384
2564,0.03426,216.58.221.0-255,4320,281820,76,328384
2565,0.034265,172.31.40.0-255,66,281886,76,328384
2566,0.034285,216.58.221.0-255,1484,283370,76,328384
2567,0.036155,216.58.221.0-255,4320,287690,76,328384
2568,0.036162,172.31.40.0-255,66,287756,76,328384
2569,0.038056,216.58.221.0-255,5738,293494,76,328384
2570,0.038062,172.31.40.0-255,66,293560,76,328384
2571,0.039964,216.58.221.0-255,5738,299298,76,328384
2572,0.039972,172.31.40.0-255,66,299364,76,328384
2573,0.041864,216.58.221.0-255,5738,305102,76,328384
2574,0.041871,172.31.40.0-255,66,305168,76,328384
2575,0.043766,216.58.221.0-255,5738,310906,76,328384
2576,0.043773,172.31.40.0-255,66,310972,76,328384
2577,0.04567,216.58.221.0-255,5738,316710,76,328384
2578,0.045676,172.31.40.0-255,66,316776,76,328384
2579,0.047586,216.58.221.0-255,5738,322514,76,328384
2580,0.047593,172.31.40.0-255,66,322580,76,328384
2581,0.049488,216.58.221.0-255,5738,328318,76,328384
2582,0.049495,172.31.40.0-255,66,328384,76,328384
2583,0.0,172.217.194.0-255,219,219,76,155030
2584,2.2e-05,172.31.40.0-255,66,285,76,155030
2585,2.9e-05,172.217.194.0-255,1484,1769,76,155030
2586,3.4e-05,172.31.40.0-255,66,1835,76,155030
2587,3.7e-05,172.217.194.0-255,1484,3319,76,155030
2588,4e-05,172.31.40.0-255,66,3385,76,155030
2589,6.2e-05,172.217.194.0-255,2902,6287,76,155030
2590,6.5e-05,172.31.40.0-255,66,6353,76,155030
2591,8.4e-05,172.217.194.0-255,2902,9255,76,155030
2592,8.7e-05,172.31.40.0-255,66,9321,76,155030
2593,0.000111,172.217.194.0-255,6156,15477,76,155030
2594,0.000114,172.31.40.0-255,66,15543,76,155030
2595,0.00012,172.217.194.0-255,4320,19863,76,155030
2596,0.000122,172.31.40.0-255,66,19929,76,155030
2597,0.000142,172.217.194.0-255,1484,21413,76,155030
2598,0.000145,172.31.40.0-255,66,21479,76,155030
2599,0.000176,172.31.40.0-255,66,21545,76,155030
2600,0.000192,172.217.194.0-255,1484,23029,76,155030
2601,0.000194,172.31.40.0-255,66,23095,76,155030
2602,0.000197,172.217.194.0-255,1484,24579,76,155030
2603,0.000199,172.31.40.0-255,66,24645,76,155030
2604,0.000224,172.217.194.0-255,1484,26129,76,155030
2605,0.000227,172.31.40.0-255,66,26195,76,155030
2606,0.000234,172.217.194.0-255,5738,31933,76,155030
2607,0.000236,172.31.40.0-255,66,31999,76,155030
2608,0.000247,172.31.40.0-255,66,32065,76,155030
2609,0.000273,172.217.194.0-255,2902,34967,76,155030
2610,0.000275,172.31.40.0-255,66,35033,76,155030
2611,0.000286,172.31.40.0-255,66,35099,76,155030
2612,0.000291,172.217.194.0-255,2530,37629,76,155030
2613,0.000386,172.217.194.0-255,1484,39113,76,155030
2614,0.000391,172.217.194.0-255,2902,42015,76,155030
2615,0.000402,172.217.194.0-255,1484,43499,76,155030
2616,0.000416,172.217.194.0-255,4320,47819,76,155030
2617,0.000458,172.217.194.0-255,4320,52139,76,155030
2618,0.000523,172.31.40.0-255,66,52205,76,155030
2619,0.000532,172.217.194.0-255,1484,53689,76,155030
2620,0.000535,172.217.194.0-255,1484,55173,76,155030
2621,0.000541,172.31.40.0-255,66,55239,76,155030
2622,0.000549,172.217.194.0-255,1484,56723,76,155030
2623,0.000553,172.217.194.0-255,2902,59625,76,155030
2624,0.000567,172.217.194.0-255,2902,62527,76,155030
2625,0.000572,172.217.194.0-255,4320,66847,76,155030
2626,0.000587,172.217.194.0-255,2902,69749,76,155030
2627,0.000617,172.217.194.0-255,2184,71933,76,155030
2628,0.000629,172.31.40.0-255,66,71999,76,155030
2629,0.000636,172.31.40.0-255,66,72065,76,155030
2630,0.000703,172.217.194.0-255,1484,73549,76,155030
2631,0.000718,172.217.194.0-255,2902,76451,76,155030
2632,0.000721,172.217.194.0-255,1484,77935,76,155030
2633,0.000735,172.31.40.0-255,66,78001,76,155030
2634,0.000741,172.217.194.0-255,4320,82321,76,155030
2635,0.00075,172.31.40.0-255,66,82387,76,155030
2636,0.000767,172.217.194.0-255,5738,88125,76,155030
2637,0.000791,172.31.40.0-255,66,88191,76,155030
2638,0.00081,172.217.194.0-255,2902,91093,76,155030
2639,0.000823,172.217.194.0-255,2184,93277,76,155030
2640,0.00083,172.31.40.0-255,66,93343,76,155030
2641,0.000933,172.217.194.0-255,1484,94827,76,155030
2642,0.000939,172.217.194.0-255,2902,97729,76,155030
2643,0.000949,172.31.40.0-255,66,97795,76,155030
2644,0.000964,172.217.194.0-255,5738,103533,76,155030
2645,0.001021,172.31.40.0-255,66,103599,76,155030
2646,0.001057,172.31.40.0-255,66,103665,76,155030
2647,0.001074,172.217.194.0-255,1484,105149,76,155030
2648,0.001121,172.217.194.0-255,5738,110887,76,155030
2649,0.001127,172.31.40.0-255,66,110953,76,155030
2650,0.001176,172.31.40.0-255,66,111019,76,155030
2651,0.001198,172.217.194.0-255,5738,116757,76,155030
2652,0.001211,172.31.40.0-255,66,116823,76,155030
2653,0.001228,172.217.194.0-255,6438,123261,76,155030
2654,0.001247,172.217.194.0-255,7156,130417,76,155030
2655,0.001263,172.31.40.0-255,66,130483,76,155030
2656,0.001286,172.217.194.0-255,7156,137639,76,155030
2657,0.001295,172.31.40.0-255,66,137705,76,155030
2658,0.001349,172.31.40.0-255,66,137771,76,155030
2659,0.001361,172.217.194.0-255,4320,142091,76,155030
2660,0.001418,172.217.194.0-255,5738,147829,76,155030
2661,0.001424,172.31.40.0-255,66,147895,76,155030
2662,0.001499,172.31.40.0-255,66,147961,76,155030
2663,0.001517,172.217.194.0-255,1484,149445,76,155030
2664,0.001533,172.217.194.0-255,5243,154688,76,155030
2665,0.001536,172.217.194.0-255,105,154793,76,155030
2666,0.001548,172.31.40.0-255,66,154859,76,155030
2667,0.017348,172.31.40.0-255,105,154964,76,155030
2668,0.01953,172.217.194.0-255,66,155030,76,155030
2669,0.0,172.217.194.0-255,154,154,76,288353
2670,1.2e-05,172.31.40.0-255,66,220,76,288353
2671,1.7e-05,172.217.194.0-255,1484,1704,76,288353
2672,2.1e-05,172.31.40.0-255,66,1770,76,288353
2673,2.6e-05,172.217.194.0-255,2902,4672,76,288353
2674,2.9e-05,172.31.40.0-255,66,4738,76,288353
2675,5.5e-05,172.217.194.0-255,4320,9058,76,288353
2676,5.8e-05,172.31.40.0-255,66,9124,76,288353
2677,9.1e-05,172.217.194.0-255,4999,14123,76,288353
2678,9.3e-05,172.31.40.0-255,66,14189,76,288353
2679,0.000108,172.217.194.0-255,2902,17091,76,288353
2680,0.000109,172.31.40.0-255,66,17157,76,288353
2681,0.000123,172.217.194.0-255,2902,20059,76,288353
2682,0.000125,172.31.40.0-255,66,20125,76,288353
2683,0.000146,172.217.194.0-255,5738,25863,76,288353
2684,0.000148,172.31.40.0-255,66,25929,76,288353
2685,0.000169,172.217.194.0-255,5379,31308,76,288353
2686,0.000172,172.31.40.0-255,66,31374,76,288353
2687,0.000281,172.217.194.0-255,1484,32858,76,288353
2688,0.000284,172.31.40.0-255,66,32924,76,288353
2689,0.000297,172.217.194.0-255,2902,35826,76,288353
2690,0.000299,172.31.40.0-255,66,35892,76,288353
2691,0.000314,172.217.194.0-255,5738,41630,76,288353
2692,0.000317,172.31.40.0-255,66,41696,76,288353
2693,0.000353,172.217.194.0-255,6797,48493,76,288353
2694,0.000356,172.31.40.0-255,66,48559,76,288353
2695,0.000398,172.217.194.0-255,1484,50043,76,288353
2696,0.000401,172.31.40.0-255,66,50109,76,288353
2697,0.000413,172.217.194.0-255,2902,53011,76,288353
2698,0.000415,172.31.40.0-255,66,53077,76,288353
2699,0.000444,172.217.194.0-255,5738,58815,76,288353
2700,0.000447,172.31.40.0-255,66,58881,76,288353
2701,0.000452,172.217.194.0-255,4320,63201,76,288353
2702,0.000454,172.31.40.0-255,66,63267,76,288353
2703,0.000506,172.217.194.0-255,2543,65810,76,288353
2704,0.000508,172.31.40.0-255,66,65876,76,288353
2705,0.000602,172.217.194.0-255,646,66522,76,288353
2706,0.00083,172.217.194.0-255,1484,68006,76,288353
2707,0.000834,172.31.40.0-255,66,68072,76,288353
2708,0.000839,172.217.194.0-255,2902,70974,76,288353
2709,0.000841,172.31.40.0-255,66,71040,76,288353
2710,0.000843,172.217.194.0-255,1484,72524,76,288353
2711,0.000868,172.217.194.0-255,4320,76844,76,288353
2712,0.00087,172.31.40.0-255,66,76910,76,288353
2713,0.000889,172.217.194.0-255,4320,81230,76,288353
2714,0.000891,172.31.40.0-255,66,81296,76,288353
2715,0.000924,172.31.40.0-255,66,81362,76,288353
2716,0.000935,172.31.40.0-255,66,81428,76,288353
2717,0.0014,172.217.194.0-255,1484,82912,76,288353
2718,0.001409,172.217.194.0-255,2902,85814,76,288353
2719,0.001413,172.31.40.0-255,66,85880,76,288353
2720,0.001422,172.217.194.0-255,5738,91618,76,288353
2721,0.001424,172.31.40.0-255,66,91684,76,288353
2722,0.00146,172.217.194.0-255,7156,98840,76,288353
2723,0.001463,172.31.40.0-255,66,98906,76,288353
2724,0.00148,172.217.194.0-255,6248,105154,76,288353
2725,0.001483,172.31.40.0-255,66,105220,76,288353
2726,0.001493,172.31.40.0-255,66,105286,76,288353
2727,0.001569,172.31.40.0-255,66,105352,76,288353
2728,0.001595,172.31.40.0-255,66,105418,76,288353
2729,0.001634,172.217.194.0-255,1484,106902,76,288353
2730,0.001651,172.217.194.0-255,2902,109804,76,288353
2731,0.001653,172.31.40.0-255,66,109870,76,288353
2732,0.001677,172.217.194.0-255,5738,115608,76,288353
2733,0.001681,172.31.40.0-255,66,115674,76,288353
2734,0.001686,172.217.194.0-255,4320,119994,76,288353
2735,0.001688,172.31.40.0-255,66,120060,76,288353
2736,0.001694,172.217.194.0-255,5738,125798,76,288353
2737,0.001697,172.31.40.0-255,66,125864,76,288353
2738,0.001724,172.217.194.0-255,5738,131602,76,288353
2739,0.001728,172.31.40.0-255,66,131668,76,288353
2740,0.001739,172.31.40.0-255,66,131734,76,288353
2741,0.00178,172.217.194.0-255,4320,136054,76,288353
2742,0.001783,172.31.40.0-255,66,136120,76,288353
2743,0.001805,172.217.194.0-255,1484,137604,76,288353
2744,0.001812,172.217.194.0-255,7156,144760,76,288353
2745,0.001816,172.31.40.0-255,66,144826,76,288353
2746,0.001819,172.217.194.0-255,1484,146310,76,288353
2747,0.001851,172.31.40.0-255,66,146376,76,288353
2748,0.00189,172.217.194.0-255,6438,152814,76,288353
2749,0.001894,172.31.40.0-255,66,152880,76,288353
2750,0.003898,172.217.194.0-255,5738,158618,76,288353
2751,0.003906,172.31.40.0-255,66,158684,76,288353
2752,0.005908,172.217.194.0-255,5738,164422,76,288353
2753,0.005915,172.31.40.0-255,66,164488,76,288353
2754,0.007897,172.217.194.0-255,5738,170226,76,288353
2755,0.007903,172.31.40.0-255,66,170292,76,288353
2756,0.009978,172.217.194.0-255,4320,174612,76,288353
2757,0.009985,172.31.40.0-255,66,174678,76,288353
2758,0.010005,172.217.194.0-255,1484,176162,76,288353
2759,0.012013,172.217.194.0-255,4320,180482,76,288353
2760,0.012021,172.31.40.0-255,66,180548,76,288353
2761,0.014033,172.217.194.0-255,5738,186286,76,288353
2762,0.01404,172.31.40.0-255,66,186352,76,288353
2763,0.016081,172.217.194.0-255,5738,192090,76,288353
2764,0.016089,172.31.40.0-255,66,192156,76,288353
2765,0.018117,172.217.194.0-255,5738,197894,76,288353
2766,0.018128,172.31.40.0-255,66,197960,76,288353
2767,0.020123,172.217.194.0-255,5738,203698,76,288353
2768,0.020131,172.31.40.0-255,66,203764,76,288353
2769,0.022157,172.217.194.0-255,5738,209502,76,288353
2770,0.022164,172.31.40.0-255,66,209568,76,288353
2771,0.024169,172.217.194.0-255,5738,215306,76,288353
2772,0.024176,172.31.40.0-255,66,215372,76,288353
2773,0.026164,172.217.194.0-255,5738,221110,76,288353
2774,0.026171,172.31.40.0-255,66,221176,76,288353
2775,0.028169,172.217.194.0-255,5738,226914,76,288353
2776,0.028175,172.31.40.0-255,66,226980,76,288353
2777,0.02852,172.31.40.0-255,172,227152,76,288353
2778,0.028546,172.31.40.0-255,1104,228256,76,288353
2779,0.028596,172.31.40.0-255,1514,229770,76,288353
2780,0.028598,172.31.40.0-255,345,230115,76,288353
2781,0.030097,104.244.42.0-255,66,230181,76,288353
2782,0.030104,104.244.42.0-255,66,230247,76,288353
2783,0.030174,172.217.194.0-255,5738,235985,76,288353
2784,0.030179,172.31.40.0-255,66,236051,76,288353
2785,0.030197,104.244.42.0-255,66,236117,76,288353
2786,0.032192,172.217.194.0-255,5738,241855,76,288353
2787,0.032199,172.31.40.0-255,66,241921,76,288353
2788,0.034208,172.217.194.0-255,5738,247659,76,288353
2789,0.034215,172.31.40.0-255,66,247725,76,288353
2790,0.036222,172.217.194.0-255,5738,253463,76,288353
2791,0.036229,172.31.40.0-255,66,253529,76,288353
2792,0.038226,172.217.194.0-255,5738,259267,76,288353
2793,0.038233,172.31.40.0-255,66,259333,76,288353
2794,0.04029,172.217.194.0-255,5738,265071,76,288353
2795,0.040297,172.31.40.0-255,66,265137,76,288353
2796,0.042305,172.217.194.0-255,5738,270875,76,288353
2797,0.042312,172.31.40.0-255,66,270941,76,288353
2798,0.044333,172.217.194.0-255,5738,276679,76,288353
2799,0.04434,172.31.40.0-255,66,276745,76,288353
2800,0.046347,172.217.194.0-255,5738,282483,76,288353
2801,0.046354,172.31.40.0-255,66,282549,76,288353
2802,0.048378,172.217.194.0-255,5738,288287,76,288353
2803,0.048384,172.31.40.0-255,66,288353,76,288353
2804,0.0,172.217.194.0-255,152,152,76,166059
2805,3.3e-05,172.31.40.0-255,66,218,76,166059
2806,4e-05,172.217.194.0-255,1484,1702,76,166059
2807,4.4e-05,172.31.40.0-255,66,1768,76,166059
2808,4.9e-05,172.217.194.0-255,2902,4670,76,166059
2809,5.9e-05,172.31.40.0-255,66,4736,76,166059
2810,6.4e-05,172.217.194.0-255,4320,9056,76,166059
2811,6.6e-05,172.31.40.0-255,66,9122,76,166059
2812,0.000113,172.217.194.0-255,4865,13987,76,166059
2813,0.000117,172.31.40.0-255,66,14053,76,166059
2814,0.000184,172.217.194.0-255,1484,15537,76,166059
2815,0.000187,172.31.40.0-255,66,15603,76,166059
2816,0.000192,172.217.194.0-255,2902,18505,76,166059
2817,0.000194,172.31.40.0-255,66,18571,76,166059
2818,0.000265,172.217.194.0-255,5738,24309,76,166059
2819,0.000269,172.31.40.0-255,66,24375,76,166059
2820,0.000285,172.31.40.0-255,66,24441,76,166059
2821,0.000298,172.31.40.0-255,66,24507,76,166059
2822,0.000346,172.31.40.0-255,66,24573,76,166059
2823,0.000379,172.217.194.0-255,1484,26057,76,166059
2824,0.000382,172.31.40.0-255,66,26123,76,166059
2825,0.000387,172.217.194.0-255,2902,29025,76,166059
2826,0.000389,172.31.40.0-255,66,29091,76,166059
2827,0.000419,172.217.194.0-255,5738,34829,76,166059
2828,0.000423,172.31.40.0-255,66,34895,76,166059
2829,0.000428,172.217.194.0-255,2902,37797,76,166059
2830,0.00043,172.31.40.0-255,66,37863,76,166059
2831,0.000443,172.31.40.0-255,66,37929,76,166059
2832,0.000488,172.31.40.0-255,66,37995,76,166059
2833,0.000645,172.217.194.0-255,1484,39479,76,166059
2834,0.000651,172.217.194.0-255,2902,42381,76,166059
2835,0.000654,172.31.40.0-255,66,42447,76,166059
2836,0.000689,172.217.194.0-255,5738,48185,76,166059
2837,0.000693,172.31.40.0-255,66,48251,76,166059
2838,0.000705,172.31.40.0-255,66,48317,76,166059
2839,0.000721,172.31.40.0-255,66,48383,76,166059
2840,0.000749,172.217.194.0-255,2184,50567,76,166059
2841,0.000752,172.31.40.0-255,66,50633,76,166059
2842,0.000765,172.217.194.0-255,1484,52117,76,166059
2843,0.000772,172.217.194.0-255,1484,53601,76,166059
2844,0.000775,172.31.40.0-255,66,53667,76,166059
2845,0.000804,172.217.194.0-255,1484,55151,76,166059
2846,0.000811,172.217.194.0-255,5738,60889,76,166059
2847,0.000814,172.31.40.0-255,66,60955,76,166059
2848,0.000827,172.31.40.0-255,66,61021,76,166059
2849,0.000832,172.217.194.0-255,4320,65341,76,166059
2850,0.000835,172.31.40.0-255,66,65407,76,166059
2851,0.00086,172.217.194.0-255,6438,71845,76,166059
2852,0.000865,172.31.40.0-255,66,71911,76,166059
2853,0.000926,172.217.194.0-255,1484,73395,76,166059
2854,0.000943,172.217.194.0-255,2902,76297,76,166059
2855,0.000946,172.31.40.0-255,66,76363,76,166059
2856,0.00095,172.217.194.0-255,1484,77847,76,166059
2857,0.000977,172.217.194.0-255,4320,82167,76,166059
2858,0.000981,172.31.40.0-255,66,82233,76,166059
2859,0.000992,172.31.40.0-255,66,82299,76,166059
2860,0.001027,172.217.194.0-255,5738,88037,76,166059
2861,0.00103,172.31.40.0-255,66,88103,76,166059
2862,0.001065,172.31.40.0-255,66,88169,76,166059
2863,0.00112,172.217.194.0-255,1484,89653,76,166059
2864,0.001126,172.217.194.0-255,2902,92555,76,166059
2865,0.001129,172.31.40.0-255,66,92621,76,166059
2866,0.001135,172.217.194.0-255,5738,98359,76,166059
2867,0.001138,172.31.40.0-255,66,98425,76,166059
2868,0.001144,172.217.194.0-255,7156,105581,76,166059
2869,0.001153,172.31.40.0-255,66,105647,76,166059
2870,0.001163,172.31.40.0-255,66,105713,76,166059
2871,0.001188,172.217.194.0-255,2902,108615,76,166059
2872,0.001191,172.31.40.0-255,66,108681,76,166059
2873,0.001226,172.217.194.0-255,5020,113701,76,166059
2874,0.001229,172.31.40.0-255,66,113767,76,166059
2875,0.001264,172.217.194.0-255,1484,115251,76,166059
2876,0.001283,172.217.194.0-255,2902,118153,76,166059
2877,0.001286,172.31.40.0-255,66,118219,76,166059
2878,0.001316,172.217.194.0-255,5738,123957,76,166059
2879,0.00132,172.31.40.0-255,66,124023,76,166059
2880,0.001348,172.31.40.0-255,66,124089,76,166059
2881,0.001363,172.31.40.0-255,66,124155,76,166059
2882,0.001471,172.217.194.0-255,1484,125639,76,166059
2883,0.001478,172.217.194.0-255,2902,128541,76,166059
2884,0.001482,172.31.40.0-255,66,128607,76,166059
2885,0.001486,172.217.194.0-255,2902,131509,76,166059
2886,0.001488,172.31.40.0-255,66,131575,76,166059
2887,0.001525,172.217.194.0-255,2902,134477,76,166059
2888,0.001529,172.31.40.0-255,66,134543,76,166059
2889,0.001542,172.31.40.0-255,66,134609,76,166059
2890,0.001555,172.31.40.0-255,66,134675,76,166059
2891,0.001602,172.31.40.0-255,66,134741,76,166059
2892,0.001645,172.31.40.0-255,66,134807,76,166059
2893,0.001656,172.31.40.0-255,66,134873,76,166059
2894,0.001683,172.217.194.0-255,1484,136357,76,166059
2895,0.00171,172.217.194.0-255,2902,139259,76,166059
2896,0.001714,172.31.40.0-255,66,139325,76,166059
2897,0.001721,172.217.194.0-255,5738,145063,76,166059
2898,0.001723,172.31.40.0-255,66,145129,76,166059
2899,0.001767,172.31.40.0-255,66,145195,76,166059
2900,0.001802,172.217.194.0-255,1484,146679,76,166059
2901,0.001818,172.31.40.0-255,66,146745,76,166059
2902,0.001825,172.217.194.0-255,5738,152483,76,166059
2903,0.001828,172.31.40.0-255,66,152549,76,166059
2904,0.001831,172.217.194.0-255,7156,159705,76,166059
2905,0.001834,172.31.40.0-255,66,159771,76,166059
2906,0.001871,172.217.194.0-255,2902,162673,76,166059
2907,0.001874,172.31.40.0-255,66,162739,76,166059
2908,0.001921,172.31.40.0-255,66,162805,76,166059
2909,0.001935,172.31.40.0-255,66,162871,76,166059
2910,0.001939,172.217.194.0-255,2780,165651,76,166059
2911,0.001941,172.31.40.0-255,66,165717,76,166059
2912,0.001944,172.217.194.0-255,105,165822,76,166059
2913,0.0119,172.31.40.0-255,66,165888,76,166059
2914,0.01193,172.31.40.0-255,105,165993,76,166059
2915,0.013979,172.217.194.0-255,66,166059,76,166059
2916,0.0,172.217.160.0-255,153,153,76,265386
2917,2.3e-05,172.31.40.0-255,66,219,76,265386
2918,3.1e-05,172.217.160.0-255,1484,1703,76,265386
2919,3.5e-05,172.31.40.0-255,66,1769,76,265386
2920,4.1e-05,172.217.160.0-255,2902,4671,76,265386
2921,4.4e-05,172.31.40.0-255,66,4737,76,265386
2922,5.2e-05,172.217.160.0-255,7156,11893,76,265386
2923,5.6e-05,172.31.40.0-255,66,11959,76,265386
2924,6.1e-05,172.217.160.0-255,2040,13999,76,265386
2925,6.4e-05,172.31.40.0-255,66,14065,76,265386
2926,0.000126,172.217.160.0-255,1484,15549,76,265386
2927,0.000129,172.31.40.0-255,66,15615,76,265386
2928,0.000134,172.217.160.0-255,2902,18517,76,265386
2929,0.000137,172.31.40.0-255,66,18583,76,265386
2930,0.000141,172.217.160.0-255,1484,20067,76,265386
2931,0.000142,172.31.40.0-255,66,20133,76,265386
2932,0.000164,172.217.160.0-255,1484,21617,76,265386
2933,0.000167,172.31.40.0-255,66,21683,76,265386
2934,0.000174,172.217.160.0-255,7156,28839,76,265386
2935,0.000176,172.31.40.0-255,66,28905,76,265386
2936,0.000219,172.217.160.0-255,1484,30389,76,265386
2937,0.000223,172.31.40.0-255,66,30455,76,265386
2938,0.000253,172.31.40.0-255,66,30521,76,265386
2939,0.000265,172.31.40.0-255,66,30587,76,265386
2940,0.000277,172.31.40.0-255,66,30653,76,265386
2941,0.00065,172.217.160.0-255,122,30775,76,265386
2942,0.000656,172.31.40.0-255,66,30841,76,265386
2943,0.000833,172.217.160.0-255,1484,32325,76,265386
2944,0.000837,172.31.40.0-255,66,32391,76,265386
2945,0.000842,172.217.160.0-255,2902,35293,76,265386
2946,0.000845,172.31.40.0-255,66,35359,76,265386
2947,0.00085,172.217.160.0-255,2902,38261,76,265386
2948,0.000852,172.31.40.0-255,66,38327,76,265386
2949,0.000878,172.217.160.0-255,2902,41229,76,265386
2950,0.000882,172.217.160.0-255,2902,44131,76,265386
2951,0.000895,172.31.40.0-255,66,44197,76,265386
2952,0.000898,172.31.40.0-255,66,44263,76,265386
2953,0.0009,172.31.40.0-255,66,44329,76,265386
2954,0.00091,172.217.160.0-255,1484,45813,76,265386
2955,0.000923,172.31.40.0-255,66,45879,76,265386
2956,0.000926,172.217.160.0-255,766,46645,76,265386
2957,0.001036,172.217.160.0-255,1484,48129,76,265386
2958,0.00104,172.31.40.0-255,66,48195,76,265386
2959,0.001045,172.217.160.0-255,2902,51097,76,265386
2960,0.001048,172.31.40.0-255,66,51163,76,265386
2961,0.00105,172.217.160.0-255,1484,52647,76,265386
2962,0.001067,172.217.160.0-255,4320,56967,76,265386
2963,0.00107,172.31.40.0-255,66,57033,76,265386
2964,0.001077,172.217.160.0-255,5738,62771,76,265386
2965,0.001079,172.31.40.0-255,66,62837,76,265386
2966,0.001082,172.217.160.0-255,1484,64321,76,265386
2967,0.001113,172.31.40.0-255,66,64387,76,265386
2968,0.001129,172.217.160.0-255,1484,65871,76,265386
2969,0.001144,172.217.160.0-255,3602,69473,76,265386
2970,0.001147,172.31.40.0-255,66,69539,76,265386
2971,0.001194,172.217.160.0-255,4320,73859,76,265386
2972,0.001197,172.31.40.0-255,66,73925,76,265386
2973,0.001219,172.217.160.0-255,5738,79663,76,265386
2974,0.001222,172.31.40.0-255,66,79729,76,265386
2975,0.00123,172.217.160.0-255,7156,86885,76,265386
2976,0.001232,172.31.40.0-255,66,86951,76,265386
2977,0.001254,172.217.160.0-255,4320,91271,76,265386
2978,0.001256,172.31.40.0-255,66,91337,76,265386
2979,0.001263,172.217.160.0-255,5738,97075,76,265386
2980,0.001266,172.31.40.0-255,66,97141,76,265386
2981,0.001283,172.217.160.0-255,6438,103579,76,265386
2982,0.001302,172.31.40.0-255,66,103645,76,265386
2983,0.001327,172.217.160.0-255,2902,106547,76,265386
2984,0.00133,172.31.40.0-255,66,106613,76,265386
2985,0.001333,172.217.160.0-255,1484,108097,76,265386
2986,0.00135,172.217.160.0-255,2902,110999,76,265386
2987,0.001353,172.31.40.0-255,66,111065,76,265386
2988,0.001362,172.217.160.0-255,7156,118221,76,265386
2989,0.001364,172.31.40.0-255,66,118287,76,265386
2990,0.001384,172.217.160.0-255,1484,119771,76,265386
2991,0.001389,172.217.160.0-255,2902,122673,76,265386
2992,0.001392,172.31.40.0-255,66,122739,76,265386
2993,0.001425,172.31.40.0-255,66,122805,76,265386
2994,0.001427,172.217.160.0-255,1484,124289,76,265386
2995,0.001446,172.217.160.0-255,2902,127191,76,265386
2996,0.001449,172.31.40.0-255,66,127257,76,265386
2997,0.001455,172.217.160.0-255,5738,132995,76,265386
2998,0.001457,172.31.40.0-255,66,133061,76,265386
2999,0.001528,172.31.40.0-255,66,133127,76,265386
3000,0.00154,172.31.40.0-255,66,133193,76,265386
3001,0.001547,172.217.160.0-255,5738,138931,76,265386
3002,0.00155,172.31.40.0-255,66,138997,76,265386
3003,0.001597,172.31.40.0-255,66,139063,76,265386
3004,0.00161,172.31.40.0-255,66,139129,76,265386
3005,0.001642,172.31.40.0-255,66,139195,76,265386
3006,0.001654,172.31.40.0-255,66,139261,76,265386
3007,0.00168,172.217.160.0-255,5738,144999,76,265386
3008,0.001683,172.31.40.0-255,66,145065,76,265386
3009,0.001695,172.31.40.0-255,66,145131,76,265386
3010,0.003365,172.217.160.0-255,5738,150869,76,265386
3011,0.003372,172.31.40.0-255,66,150935,76,265386
3012,0.005025,172.217.160.0-255,5738,156673,76,265386
3013,0.005037,172.31.40.0-255,66,156739,76,265386
3014,0.00669,172.217.160.0-255,5738,162477,76,265386
3015,0.006723,172.31.40.0-255,66,162543,76,265386
3016,0.008372,172.217.160.0-255,5738,168281,76,265386
3017,0.008381,172.31.40.0-255,66,168347,76,265386
3018,0.01004,172.217.160.0-255,5738,174085,76,265386
3019,0.010043,172.31.40.0-255,66,174151,76,265386
3020,0.011686,172.217.160.0-255,5738,179889,76,265386
3021,0.011693,172.31.40.0-255,66,179955,76,265386
3022,0.013335,172.217.160.0-255,5738,185693,76,265386
3023,0.013346,172.31.40.0-255,66,185759,76,265386
3024,0.014995,172.217.160.0-255,5738,191497,76,265386
3025,0.015005,172.31.40.0-255,66,191563,76,265386
3026,0.016663,172.217.160.0-255,5738,197301,76,265386
3027,0.01667,172.31.40.0-255,66,197367,76,265386
3028,0.018319,172.217.160.0-255,5738,203105,76,265386
3029,0.018329,172.31.40.0-255,66,203171,76,265386
3030,0.019981,172.217.160.0-255,5738,208909,76,265386
3031,0.019989,172.31.40.0-255,66,208975,76,265386
3032,0.021631,172.217.160.0-255,5738,214713,76,265386
3033,0.021639,172.31.40.0-255,66,214779,76,265386
3034,0.023285,172.217.160.0-255,5738,220517,76,265386
3035,0.023292,172.31.40.0-255,66,220583,76,265386
3036,0.024937,172.217.160.0-255,5738,226321,76,265386
3037,0.024946,172.31.40.0-255,66,226387,76,265386
3038,0.026596,172.217.160.0-255,5738,232125,76,265386
3039,0.026604,172.31.40.0-255,66,232191,76,265386
3040,0.0283,172.217.160.0-255,5738,237929,76,265386
3041,0.02831,172.31.40.0-255,66,237995,76,265386
3042,0.029963,172.217.160.0-255,5738,243733,76,265386
3043,0.02997,172.31.40.0-255,66,243799,76,265386
3044,0.031671,172.217.160.0-255,5738,249537,76,265386
3045,0.031682,172.31.40.0-255,66,249603,76,265386
3046,0.033346,172.217.160.0-255,5738,255341,76,265386
3047,0.033354,172.31.40.0-255,66,255407,76,265386
3048,0.034999,172.217.160.0-255,1828,257235,76,265386
3049,0.035006,172.31.40.0-255,66,257301,76,265386
3050,0.035175,172.31.40.0-255,105,257406,76,265386
3051,0.036797,172.217.160.0-255,66,257472,76,265386
3052,0.049784,172.31.40.0-255,172,257644,76,265386
3053,0.049821,172.31.40.0-255,1105,258749,76,265386
3054,0.049892,172.31.40.0-255,1514,260263,76,265386
3055,0.049894,172.31.40.0-255,1514,261777,76,265386
3056,0.049895,172.31.40.0-255,1514,263291,76,265386
3057,0.049896,172.31.40.0-255,1514,264805,76,265386
3058,0.049923,172.31.40.0-255,581,265386,76,265386
3059,0.0,74.125.200.0-255,153,153,76,330145
3060,1.8e-05,172.31.40.0-255,66,219,76,330145
3061,2.5e-05,74.125.200.0-255,1484,1703,76,330145
3062,3e-05,172.31.40.0-255,66,1769,76,330145
3063,3.6e-05,74.125.200.0-255,2902,4671,76,330145
3064,4.7e-05,172.31.40.0-255,66,4737,76,330145
3065,5.4e-05,74.125.200.0-255,5738,10475,76,330145
3066,5.7e-05,172.31.40.0-255,66,10541,76,330145
3067,0.000104,74.125.200.0-255,6282,16823,76,330145
3068,0.000108,172.31.40.0-255,66,16889,76,330145
3069,0.000115,74.125.200.0-255,7156,24045,76,330145
3070,0.000117,172.31.40.0-255,66,24111,76,330145
3071,0.000122,74.125.200.0-255,2902,27013,76,330145
3072,0.000124,172.31.40.0-255,66,27079,76,330145
3073,0.00015,74.125.200.0-255,3961,31040,76,330145
3074,0.000152,172.31.40.0-255,66,31106,76,330145
3075,0.000182,74.125.200.0-255,1484,32590,76,330145
3076,0.000185,172.31.40.0-255,66,32656,76,330145
3077,0.000189,74.125.200.0-255,2902,35558,76,330145
3078,0.000191,172.31.40.0-255,66,35624,76,330145
3079,0.000221,74.125.200.0-255,5738,41362,76,330145
3080,0.000224,172.31.40.0-255,66,41428,76,330145
3081,0.000228,74.125.200.0-255,2902,44330,76,330145
3082,0.00023,172.31.40.0-255,66,44396,76,330145
3083,0.000236,74.125.200.0-255,3961,48357,76,330145
3084,0.000238,172.31.40.0-255,66,48423,76,330145
3085,0.00032,74.125.200.0-255,1484,49907,76,330145
3086,0.000323,172.31.40.0-255,66,49973,76,330145
3087,0.000336,74.125.200.0-255,2902,52875,76,330145
3088,0.000343,172.31.40.0-255,66,52941,76,330145
3089,0.000376,74.125.200.0-255,5738,58679,76,330145
3090,0.000379,172.31.40.0-255,66,58745,76,330145
3091,0.000387,74.125.200.0-255,6797,65542,76,330145
3092,0.000389,172.31.40.0-255,66,65608,76,330145
3093,0.000491,74.125.200.0-255,1484,67092,76,330145
3094,0.000513,74.125.200.0-255,2902,69994,76,330145
3095,0.000516,172.31.40.0-255,66,70060,76,330145
3096,0.000523,74.125.200.0-255,5738,75798,76,330145
3097,0.000526,172.31.40.0-255,66,75864,76,330145
3098,0.00053,74.125.200.0-255,2902,78766,76,330145
3099,0.000532,172.31.40.0-255,66,78832,76,330145
3100,0.000542,74.125.200.0-255,3961,82793,76,330145
3101,0.000544,172.31.40.0-255,66,82859,76,330145
3102,0.000575,74.125.200.0-255,646,83505,76,330145
3103,0.000734,74.125.200.0-255,1484,84989,76,330145
3104,0.000739,172.31.40.0-255,66,85055,76,330145
3105,0.000743,74.125.200.0-255,1484,86539,76,330145
3106,0.00076,74.125.200.0-255,1484,88023,76,330145
3107,0.000767,172.31.40.0-255,66,88089,76,330145
3108,0.000774,74.125.200.0-255,5738,93827,76,330145
3109,0.000777,172.31.40.0-255,66,93893,76,330145
3110,0.000807,74.125.200.0-255,4320,98213,76,330145
3111,0.000809,172.31.40.0-255,66,98279,76,330145
3112,0.000843,74.125.200.0-255,4320,102599,76,330145
3113,0.000846,172.31.40.0-255,66,102665,76,330145
3114,0.000858,172.31.40.0-255,66,102731,76,330145
3115,0.000864,74.125.200.0-255,5020,107751,76,330145
3116,0.000866,172.31.40.0-255,66,107817,76,330145
3117,0.000907,74.125.200.0-255,1484,109301,76,330145
3118,0.000912,74.125.200.0-255,2902,112203,76,330145
3119,0.000918,172.31.40.0-255,66,112269,76,330145
3120,0.000932,74.125.200.0-255,2902,115171,76,330145
3121,0.000934,172.31.40.0-255,66,115237,76,330145
3122,0.000964,74.125.200.0-255,2902,118139,76,330145
3123,0.000967,172.31.40.0-255,66,118205,76,330145
3124,0.000996,74.125.200.0-255,5202,123407,76,330145
3125,0.000998,172.31.40.0-255,66,123473,76,330145
3126,0.001147,74.125.200.0-255,1484,124957,76,330145
3127,0.001152,74.125.200.0-255,1484,126441,76,330145
3128,0.001155,172.31.40.0-255,66,126507,76,330145
3129,0.001177,74.125.200.0-255,1484,127991,76,330145
3130,0.001184,74.125.200.0-255,5738,133729,76,330145
3131,0.001187,172.31.40.0-255,66,133795,76,330145
3132,0.001191,74.125.200.0-255,2902,136697,76,330145
3133,0.001194,172.31.40.0-255,66,136763,76,330145
3134,0.001199,74.125.200.0-255,4320,141083,76,330145
3135,0.001201,172.31.40.0-255,66,141149,76,330145
3136,0.001236,172.31.40.0-255,66,141215,76,330145
3137,0.001243,74.125.200.0-255,7156,148371,76,330145
3138,0.001246,172.31.40.0-255,66,148437,76,330145
3139,0.001294,74.125.200.0-255,5020,153457,76,330145
3140,0.0013,172.31.40.0-255,66,153523,76,330145
3141,0.001325,74.125.200.0-255,5738,159261,76,330145
3142,0.001328,172.31.40.0-255,66,159327,76,330145
3143,0.001368,172.31.40.0-255,66,159393,76,330145
3144,0.001388,172.31.40.0-255,66,159459,76,330145
3145,0.001394,74.125.200.0-255,5020,164479,76,330145
3146,0.001396,172.31.40.0-255,66,164545,76,330145
3147,0.001709,74.125.200.0-255,1484,166029,76,330145
3148,0.001715,74.125.200.0-255,1484,167513,76,330145
3149,0.001719,172.31.40.0-255,66,167579,76,330145
3150,0.001745,74.125.200.0-255,1484,169063,76,330145
3151,0.00175,74.125.200.0-255,4320,173383,76,330145
3152,0.001752,172.31.40.0-255,66,173449,76,330145
3153,0.001755,74.125.200.0-255,1484,174933,76,330145
3154,0.001785,74.125.200.0-255,4320,179253,76,330145
3155,0.001787,172.31.40.0-255,66,179319,76,330145
3156,0.001792,74.125.200.0-255,4320,183639,76,330145
3157,0.001794,172.31.40.0-255,66,183705,76,330145
3158,0.001821,74.125.200.0-255,4320,188025,76,330145
3159,0.001823,172.31.40.0-255,66,188091,76,330145
3160,0.001833,172.31.40.0-255,66,188157,76,330145
3161,0.001836,74.125.200.0-255,766,188923,76,330145
3162,0.001994,74.125.200.0-255,1484,190407,76,330145
3163,0.001999,172.31.40.0-255,66,190473,76,330145
3164,0.002004,74.125.200.0-255,2902,193375,76,330145
3165,0.002006,172.31.40.0-255,66,193441,76,330145
3166,0.002009,74.125.200.0-255,1484,194925,76,330145
3167,0.002042,74.125.200.0-255,4320,199245,76,330145
3168,0.002045,172.31.40.0-255,66,199311,76,330145
3169,0.002059,172.31.40.0-255,66,199377,76,330145
3170,0.002062,74.125.200.0-255,1484,200861,76,330145
3171,0.002092,74.125.200.0-255,2902,203763,76,330145
3172,0.002115,74.125.200.0-255,2184,205947,76,330145
3173,0.002118,74.125.200.0-255,1484,207431,76,330145
3174,0.007033,172.31.40.0-255,66,207497,76,330145
3175,0.009121,74.125.200.0-255,5738,213235,76,330145
3176,0.009127,172.31.40.0-255,66,213301,76,330145
3177,0.011223,74.125.200.0-255,5738,219039,76,330145
3178,0.011229,172.31.40.0-255,66,219105,76,330145
3179,0.013317,74.125.200.0-255,5738,224843,76,330145
3180,0.013326,172.31.40.0-255,66,224909,76,330145
3181,0.015419,74.125.200.0-255,5738,230647,76,330145
3182,0.015429,172.31.40.0-255,66,230713,76,330145
3183,0.017512,74.125.200.0-255,5738,236451,76,330145
3184,0.017518,172.31.40.0-255,66,236517,76,330145
3185,0.019606,74.125.200.0-255,5738,242255,76,330145
3186,0.019613,172.31.40.0-255,66,242321,76,330145
3187,0.021689,74.125.200.0-255,2902,245223,76,330145
3188,0.021695,172.31.40.0-255,66,245289,76,330145
3189,0.021722,74.125.200.0-255,2902,248191,76,330145
3190,0.021725,172.31.40.0-255,66,248257,76,330145
3191,0.023779,74.125.200.0-255,4320,252577,76,330145
3192,0.023786,172.31.40.0-255,66,252643,76,330145
3193,0.023817,74.125.200.0-255,1484,254127,76,330145
3194,0.025871,74.125.200.0-255,4320,258447,76,330145
3195,0.025879,172.31.40.0-255,66,258513,76,330145
3196,0.027965,74.125.200.0-255,5738,264251,76,330145
3197,0.027972,172.31.40.0-255,66,264317,76,330145
3198,0.028849,172.31.40.0-255,172,264489,76,330145
3199,0.028875,172.31.40.0-255,1109,265598,76,330145
3200,0.028926,172.31.40.0-255,1514,267112,76,330145
3201,0.028927,172.31.40.0-255,1514,268626,76,330145
3202,0.028932,172.31.40.0-255,1514,270140,76,330145
3203,0.028933,172.31.40.0-255,1514,271654,76,330145
3204,0.028958,172.31.40.0-255,187,271841,76,330145
3205,0.030067,74.125.200.0-255,5738,277579,76,330145
3206,0.030074,172.31.40.0-255,66,277645,76,330145
3207,0.030376,104.244.42.0-255,66,277711,76,330145
3208,0.030569,104.244.42.0-255,66,277777,76,330145
3209,0.030594,104.244.42.0-255,66,277843,76,330145
3210,0.03061,104.244.42.0-255,66,277909,76,330145
3211,0.032149,74.125.200.0-255,5738,283647,76,330145
3212,0.032154,172.31.40.0-255,66,283713,76,330145
3213,0.034242,74.125.200.0-255,5738,289451,76,330145
3214,0.034247,172.31.40.0-255,66,289517,76,330145
3215,0.036339,74.125.200.0-255,5738,295255,76,330145
3216,0.036346,172.31.40.0-255,66,295321,76,330145
3217,0.03844,74.125.200.0-255,5738,301059,76,330145
3218,0.038445,172.31.40.0-255,66,301125,76,330145
3219,0.040536,74.125.200.0-255,5738,306863,76,330145
3220,0.040542,172.31.40.0-255,66,306929,76,330145
3221,0.042621,74.125.200.0-255,5738,312667,76,330145
3222,0.042627,172.31.40.0-255,66,312733,76,330145
3223,0.044717,74.125.200.0-255,5738,318471,76,330145
3224,0.044724,172.31.40.0-255,66,318537,76,330145
3225,0.046835,74.125.200.0-255,5738,324275,76,330145
3226,0.046842,172.31.40.0-255,66,324341,76,330145
3227,0.048935,74.125.200.0-255,5738,330079,76,330145
3228,0.048942,172.31.40.0-255,66,330145,76,330145
3229,0.0,172.217.194.0-255,152,152,76,296454
3230,1.5e-05,172.31.40.0-255,66,218,76,296454
3231,2.2e-05,172.217.194.0-255,1484,1702,76,296454
3232,2.6e-05,172.31.40.0-255,66,1768,76,296454
3233,3.2e-05,172.217.194.0-255,2902,4670,76,296454
3234,3.4e-05,172.31.40.0-255,66,4736,76,296454
3235,4.2e-05,172.217.194.0-255,7156,11892,76,296454
3236,4.5e-05,172.31.40.0-255,66,11958,76,296454
3237,9.4e-05,172.31.40.0-255,66,12024,76,296454
3238,9.7e-05,172.217.194.0-255,1484,13508,76,296454
3239,9.9e-05,172.31.40.0-255,66,13574,76,296454
3240,0.000102,172.217.194.0-255,1125,14699,76,296454
3241,0.000104,172.31.40.0-255,66,14765,76,296454
3242,0.000775,172.217.194.0-255,1484,16249,76,296454
3243,0.000782,172.31.40.0-255,66,16315,76,296454
3244,0.000791,172.217.194.0-255,2902,19217,76,296454
3245,0.000793,172.31.40.0-255,66,19283,76,296454
3246,0.0008,172.217.194.0-255,5738,25021,76,296454
3247,0.000802,172.31.40.0-255,66,25087,76,296454
3248,0.000824,172.217.194.0-255,2902,27989,76,296454
3249,0.000826,172.31.40.0-255,66,28055,76,296454
3250,0.000848,172.31.40.0-255,66,28121,76,296454
3251,0.00086,172.31.40.0-255,66,28187,76,296454
3252,0.000863,172.217.194.0-255,1416,29603,76,296454
3253,0.000865,172.31.40.0-255,66,29669,76,296454
3254,0.000908,172.217.194.0-255,367,30036,76,296454
3255,0.000913,172.31.40.0-255,66,30102,76,296454
3256,0.001011,172.217.194.0-255,1484,31586,76,296454
3257,0.001016,172.31.40.0-255,66,31652,76,296454
3258,0.001021,172.217.194.0-255,2902,34554,76,296454
3259,0.001028,172.217.194.0-255,4320,38874,76,296454
3260,0.001053,172.217.194.0-255,1484,40358,76,296454
3261,0.00106,172.217.194.0-255,5738,46096,76,296454
3262,0.001083,172.217.194.0-255,1484,47580,76,296454
3263,0.001087,172.217.194.0-255,1484,49064,76,296454
3264,0.001128,172.217.194.0-255,5738,54802,76,296454
3265,0.001157,172.217.194.0-255,7156,61958,76,296454
3266,0.001182,172.217.194.0-255,2184,64142,76,296454
3267,0.001218,172.217.194.0-255,1484,65626,76,296454
3268,0.001222,172.217.194.0-255,1484,67110,76,296454
3269,0.001235,172.217.194.0-255,1484,68594,76,296454
3270,0.001242,172.217.194.0-255,5738,74332,76,296454
3271,0.001244,172.217.194.0-255,1484,75816,76,296454
3272,0.001276,172.217.194.0-255,1484,77300,76,296454
3273,0.001296,172.217.194.0-255,7156,84456,76,296454
3274,0.001301,172.217.194.0-255,2902,87358,76,296454
3275,0.001439,172.31.40.0-255,66,87424,76,296454
3276,0.001562,172.217.194.0-255,1484,88908,76,296454
3277,0.001569,172.217.194.0-255,2902,91810,76,296454
3278,0.001573,172.217.194.0-255,1484,93294,76,296454
3279,0.001581,172.31.40.0-255,66,93360,76,296454
3280,0.001591,172.217.194.0-255,2902,96262,76,296454
3281,0.001596,172.31.40.0-255,66,96328,76,296454
3282,0.001638,172.217.194.0-255,4320,100648,76,296454
3283,0.001644,172.31.40.0-255,66,100714,76,296454
3284,0.001682,172.217.194.0-255,2184,102898,76,296454
3285,0.001694,172.31.40.0-255,66,102964,76,296454
3286,0.001828,172.217.194.0-255,1484,104448,76,296454
3287,0.001833,172.217.194.0-255,2902,107350,76,296454
3288,0.001849,172.217.194.0-255,4320,111670,76,296454
3289,0.001859,172.217.194.0-255,1484,113154,76,296454
3290,0.001863,172.31.40.0-255,66,113220,76,296454
3291,0.00188,172.217.194.0-255,4320,117540,76,296454
3292,0.001909,172.217.194.0-255,7156,124696,76,296454
3293,0.001919,172.31.40.0-255,66,124762,76,296454
3294,0.001965,172.217.194.0-255,3602,128364,76,296454
3295,0.001985,172.31.40.0-255,66,128430,76,296454
3296,0.002088,172.217.194.0-255,1484,129914,76,296454
3297,0.002094,172.217.194.0-255,2902,132816,76,296454
3298,0.002103,172.31.40.0-255,66,132882,76,296454
3299,0.002144,172.217.194.0-255,5738,138620,76,296454
3300,0.00215,172.217.194.0-255,4320,142940,76,296454
3301,0.002163,172.217.194.0-255,2902,145842,76,296454
3302,0.002167,172.31.40.0-255,66,145908,76,296454
3303,0.002191,172.217.194.0-255,2902,148810,76,296454
3304,0.002199,172.31.40.0-255,66,148876,76,296454
3305,0.00222,172.217.194.0-255,4320,153196,76,296454
3306,0.002231,172.217.194.0-255,2902,156098,76,296454
3307,0.00224,172.31.40.0-255,66,156164,76,296454
3308,0.00226,172.217.194.0-255,6438,162602,76,296454
3309,0.00228,172.217.194.0-255,1484,164086,76,296454
3310,0.002286,172.31.40.0-255,66,164152,76,296454
3311,0.002303,172.217.194.0-255,2902,167054,76,296454
3312,0.002308,172.217.194.0-255,2902,169956,76,296454
3313,0.002315,172.31.40.0-255,66,170022,76,296454
3314,0.002326,172.217.194.0-255,2902,172924,76,296454
3315,0.002333,172.217.194.0-255,7156,180080,76,296454
3316,0.002349,172.217.194.0-255,5738,185818,76,296454
3317,0.002363,172.217.194.0-255,7156,192974,76,296454
3318,0.002375,172.217.194.0-255,1484,194458,76,296454
3319,0.002379,172.217.194.0-255,2184,196642,76,296454
3320,0.002386,172.31.40.0-255,66,196708,76,296454
3321,0.004754,172.217.194.0-255,5738,202446,76,296454
3322,0.004761,172.31.40.0-255,66,202512,76,296454
3323,0.007134,172.217.194.0-255,5738,208250,76,296454
3324,0.013516,172.31.40.0-255,66,208316,76,296454
3325,0.014512,172.217.194.0-255,1484,209800,76,296454
3326,0.01586,172.217.194.0-255,4320,214120,76,296454
3327,0.015872,172.31.40.0-255,66,214186,76,296454
3328,0.018258,172.217.194.0-255,5738,219924,76,296454
3329,0.018311,172.31.40.0-255,66,219990,76,296454
3330,0.020715,172.217.194.0-255,5738,225728,76,296454
3331,0.020723,172.31.40.0-255,66,225794,76,296454
3332,0.023058,172.217.194.0-255,4320,230114,76,296454
3333,0.023079,172.217.194.0-255,1484,231598,76,296454
3334,0.025491,172.31.40.0-255,66,231664,76,296454
3335,0.02787,172.217.194.0-255,5738,237402,76,296454
3336,0.027888,172.31.40.0-255,66,237468,76,296454
3337,0.030252,172.217.194.0-255,5738,243206,76,296454
3338,0.030263,172.31.40.0-255,66,243272,76,296454
3339,0.032601,172.217.194.0-255,5738,249010,76,296454
3340,0.032609,172.31.40.0-255,66,249076,76,296454
3341,0.035,172.217.194.0-255,5738,254814,76,296454
3342,0.035017,172.31.40.0-255,66,254880,76,296454
3343,0.037388,172.217.194.0-255,5738,260618,76,296454
3344,0.037414,172.31.40.0-255,66,260684,76,296454
3345,0.0398,172.217.194.0-255,5738,266422,76,296454
3346,0.039818,172.31.40.0-255,66,266488,76,296454
3347,0.042187,172.217.194.0-255,5738,272226,76,296454
3348,0.042195,172.31.40.0-255,66,272292,76,296454
3349,0.044565,172.217.194.0-255,5738,278030,76,296454
3350,0.044578,172.31.40.0-255,66,278096,76,296454
3351,0.04596,172.31.40.0-255,172,278268,76,296454
3352,0.045993,172.31.40.0-255,1105,279373,76,296454
3353,0.046046,172.31.40.0-255,1514,280887,76,296454
3354,0.046048,172.31.40.0-255,1514,282401,76,296454
3355,0.046049,172.31.40.0-255,1514,283915,76,296454
3356,0.04605,172.31.40.0-255,667,284582,76,296454
3357,0.046942,172.217.194.0-255,5738,290320,76,296454
3358,0.046951,172.31.40.0-255,66,290386,76,296454
3359,0.047562,104.244.42.0-255,66,290452,76,296454
3360,0.047571,104.244.42.0-255,66,290518,76,296454
3361,0.04765,104.244.42.0-255,66,290584,76,296454
3362,0.047656,104.244.42.0-255,66,290650,76,296454
3363,0.04932,172.217.194.0-255,5738,296388,76,296454
3364,0.04933,172.31.40.0-255,66,296454,76,296454
3365,0.0,172.217.194.0-255,156,156,76,257761
3366,1.5e-05,172.31.40.0-255,66,222,76,257761
3367,2.2e-05,172.217.194.0-255,1484,1706,76,257761
3368,2.6e-05,172.31.40.0-255,66,1772,76,257761
3369,3.2e-05,172.217.194.0-255,2902,4674,76,257761
3370,4.4e-05,172.31.40.0-255,66,4740,76,257761
3371,5.2e-05,172.217.194.0-255,7156,11896,76,257761
3372,5.5e-05,172.31.40.0-255,66,11962,76,257761
3373,9.3e-05,172.31.40.0-255,66,12028,76,257761
3374,0.000117,172.217.194.0-255,3416,15444,76,257761
3375,0.00012,172.31.40.0-255,66,15510,76,257761
3376,0.000125,172.217.194.0-255,2543,18053,76,257761
3377,0.000128,172.31.40.0-255,66,18119,76,257761
3378,0.000145,172.217.194.0-255,5738,23857,76,257761
3379,0.000151,172.31.40.0-255,66,23923,76,257761
3380,0.000188,172.31.40.0-255,66,23989,76,257761
3381,0.000192,172.217.194.0-255,3961,27950,76,257761
3382,0.000194,172.31.40.0-255,66,28016,76,257761
3383,0.000203,172.217.194.0-255,4320,32336,76,257761
3384,0.000207,172.31.40.0-255,66,32402,76,257761
3385,0.000211,172.217.194.0-255,2902,35304,76,257761
3386,0.000213,172.31.40.0-255,66,35370,76,257761
3387,0.00025,172.217.194.0-255,6797,42167,76,257761
3388,0.000253,172.31.40.0-255,66,42233,76,257761
3389,0.000514,172.217.194.0-255,646,42879,76,257761
3390,0.000519,172.31.40.0-255,66,42945,76,257761
3391,0.000642,172.217.194.0-255,1484,44429,76,257761
3392,0.000647,172.31.40.0-255,66,44495,76,257761
3393,0.000654,172.217.194.0-255,2902,47397,76,257761
3394,0.000657,172.31.40.0-255,66,47463,76,257761
3395,0.000667,172.217.194.0-255,5738,53201,76,257761
3396,0.00067,172.31.40.0-255,66,53267,76,257761
3397,0.000674,172.217.194.0-255,2902,56169,76,257761
3398,0.000677,172.31.40.0-255,66,56235,76,257761
3399,0.000722,172.31.40.0-255,66,56301,76,257761
3400,0.000739,172.31.40.0-255,66,56367,76,257761
3401,0.000959,172.217.194.0-255,1484,57851,76,257761
3402,0.000967,172.217.194.0-255,2902,60753,76,257761
3403,0.00097,172.31.40.0-255,66,60819,76,257761
3404,0.000977,172.217.194.0-255,4320,65139,76,257761
3405,0.000979,172.31.40.0-255,66,65205,76,257761
3406,0.001014,172.217.194.0-255,1484,66689,76,257761
3407,0.001029,172.31.40.0-255,66,66755,76,257761
3408,0.00104,172.31.40.0-255,66,66821,76,257761
3409,0.00105,172.217.194.0-255,2184,69005,76,257761
3410,0.001052,172.31.40.0-255,66,69071,76,257761
3411,0.001482,172.217.194.0-255,1484,70555,76,257761
3412,0.001489,172.217.194.0-255,2902,73457,76,257761
3413,0.001492,172.31.40.0-255,66,73523,76,257761
3414,0.001498,172.217.194.0-255,4320,77843,76,257761
3415,0.0015,172.31.40.0-255,66,77909,76,257761
3416,0.001522,172.217.194.0-255,1484,79393,76,257761
3417,0.001535,172.31.40.0-255,66,79459,76,257761
3418,0.001567,172.217.194.0-255,2902,82361,76,257761
3419,0.001569,172.31.40.0-255,66,82427,76,257761
3420,0.001577,172.217.194.0-255,7156,89583,76,257761
3421,0.001579,172.31.40.0-255,66,89649,76,257761
3422,0.001589,172.217.194.0-255,3602,93251,76,257761
3423,0.001591,172.31.40.0-255,66,93317,76,257761
3424,0.001775,172.217.194.0-255,1484,94801,76,257761
3425,0.001782,172.217.194.0-255,2902,97703,76,257761
3426,0.001785,172.31.40.0-255,66,97769,76,257761
3427,0.001792,172.217.194.0-255,5738,103507,76,257761
3428,0.001794,172.31.40.0-255,66,103573,76,257761
3429,0.00183,172.31.40.0-255,66,103639,76,257761
3430,0.001873,172.217.194.0-255,1484,105123,76,257761
3431,0.001887,172.31.40.0-255,66,105189,76,257761
3432,0.001973,172.217.194.0-255,1484,106673,76,257761
3433,0.001997,172.217.194.0-255,2902,109575,76,257761
3434,0.002,172.31.40.0-255,66,109641,76,257761
3435,0.002007,172.217.194.0-255,5738,115379,76,257761
3436,0.002009,172.31.40.0-255,66,115445,76,257761
3437,0.002025,172.31.40.0-255,66,115511,76,257761
3438,0.00205,172.217.194.0-255,4320,119831,76,257761
3439,0.002056,172.31.40.0-255,66,119897,76,257761
3440,0.002059,172.217.194.0-255,1484,121381,76,257761
3441,0.004076,172.217.194.0-255,4320,125701,76,257761
3442,0.004084,172.31.40.0-255,66,125767,76,257761
3443,0.006079,172.217.194.0-255,5738,131505,76,257761
3444,0.006084,172.31.40.0-255,66,131571,76,257761
3445,0.008101,172.217.194.0-255,5738,137309,76,257761
3446,0.008105,172.31.40.0-255,66,137375,76,257761
3447,0.010136,172.217.194.0-255,5738,143113,76,257761
3448,0.010142,172.31.40.0-255,66,143179,76,257761
3449,0.012165,172.217.194.0-255,5738,148917,76,257761
3450,0.012173,172.31.40.0-255,66,148983,76,257761
3451,0.014191,172.217.194.0-255,5738,154721,76,257761
3452,0.014198,172.31.40.0-255,66,154787,76,257761
3453,0.016224,172.217.194.0-255,5738,160525,76,257761
3454,0.016234,172.31.40.0-255,66,160591,76,257761
3455,0.018261,172.217.194.0-255,5738,166329,76,257761
3456,0.018269,172.31.40.0-255,66,166395,76,257761
3457,0.020268,172.217.194.0-255,5738,172133,76,257761
3458,0.020274,172.31.40.0-255,66,172199,76,257761
3459,0.02227,172.217.194.0-255,5738,177937,76,257761
3460,0.022277,172.31.40.0-255,66,178003,76,257761
3461,0.024295,172.217.194.0-255,5738,183741,76,257761
3462,0.024302,172.31.40.0-255,66,183807,76,257761
3463,0.026301,172.217.194.0-255,5738,189545,76,257761
3464,0.026307,172.31.40.0-255,66,189611,76,257761
3465,0.028334,172.217.194.0-255,5738,195349,76,257761
3466,0.028341,172.31.40.0-255,66,195415,76,257761
3467,0.030362,172.217.194.0-255,5738,201153,76,257761
3468,0.030369,172.31.40.0-255,66,201219,76,257761
3469,0.03188,172.31.40.0-255,176,201395,76,257761
3470,0.031906,172.31.40.0-255,1108,202503,76,257761
3471,0.031957,172.31.40.0-255,1514,204017,76,257761
3472,0.031959,172.31.40.0-255,1310,205327,76,257761
3473,0.03239,172.217.194.0-255,5738,211065,76,257761
3474,0.032394,172.31.40.0-255,66,211131,76,257761
3475,0.03335,104.244.42.0-255,66,211197,76,257761
3476,0.033383,104.244.42.0-255,66,211263,76,257761
3477,0.033443,104.244.42.0-255,66,211329,76,257761
3478,0.034409,172.217.194.0-255,5738,217067,76,257761
3479,0.034414,172.31.40.0-255,66,217133,76,257761
3480,0.036444,172.217.194.0-255,5738,222871,76,257761
3481,0.036451,172.31.40.0-255,66,222937,76,257761
3482,0.038498,172.217.194.0-255,5738,228675,76,257761
3483,0.038505,172.31.40.0-255,66,228741,76,257761
3484,0.04051,172.217.194.0-255,5738,234479,76,257761
3485,0.040516,172.31.40.0-255,66,234545,76,257761
3486,0.042542,172.217.194.0-255,5738,240283,76,257761
3487,0.042549,172.31.40.0-255,66,240349,76,257761
3488,0.044628,172.217.194.0-255,5738,246087,76,257761
3489,0.044635,172.31.40.0-255,66,246153,76,257761
3490,0.046663,172.217.194.0-255,5738,251891,76,257761
3491,0.046669,172.31.40.0-255,66,251957,76,257761
3492,0.048693,172.217.194.0-255,5738,257695,76,257761
3493,0.048699,172.31.40.0-255,66,257761,76,257761
3494,0.0,74.125.24.0-255,146,146,76,213327
3495,2.2e-05,172.31.40.0-255,66,212,76,213327
3496,3e-05,74.125.24.0-255,1484,1696,76,213327
3497,3.5e-05,172.31.40.0-255,66,1762,76,213327
3498,4.9e-05,74.125.24.0-255,2902,4664,76,213327
3499,5.2e-05,172.31.40.0-255,66,4730,76,213327
3500,6.1e-05,74.125.24.0-255,7156,11886,76,213327
3501,6.4e-05,172.31.40.0-255,66,11952,76,213327
3502,6.8e-05,74.125.24.0-255,2118,14070,76,213327
3503,7e-05,172.31.40.0-255,66,14136,76,213327
3504,9.7e-05,74.125.24.0-255,1484,15620,76,213327
3505,0.0001,172.31.40.0-255,66,15686,76,213327
3506,0.000108,74.125.24.0-255,2902,18588,76,213327
3507,0.000111,172.31.40.0-255,66,18654,76,213327
3508,0.000117,74.125.24.0-255,5738,24392,76,213327
3509,0.00012,172.31.40.0-255,66,24458,76,213327
3510,0.000145,74.125.24.0-255,1484,25942,76,213327
3511,0.000148,172.31.40.0-255,66,26008,76,213327
3512,0.00018,74.125.24.0-255,5379,31387,76,213327
3513,0.000183,172.31.40.0-255,66,31453,76,213327
3514,0.000316,74.125.24.0-255,1484,32937,76,213327
3515,0.000321,172.31.40.0-255,66,33003,76,213327
3516,0.000327,74.125.24.0-255,2902,35905,76,213327
3517,0.00033,172.31.40.0-255,66,35971,76,213327
3518,0.000333,74.125.24.0-255,1484,37455,76,213327
3519,0.000334,172.31.40.0-255,66,37521,76,213327
3520,0.000351,74.125.24.0-255,2902,40423,76,213327
3521,0.000358,172.31.40.0-255,66,40489,76,213327
3522,0.000388,74.125.24.0-255,4320,44809,76,213327
3523,0.00039,172.31.40.0-255,66,44875,76,213327
3524,0.00042,74.125.24.0-255,3961,48836,76,213327
3525,0.000422,172.31.40.0-255,66,48902,76,213327
3526,0.000433,172.31.40.0-255,66,48968,76,213327
3527,0.000437,74.125.24.0-255,2902,51870,76,213327
3528,0.000446,172.31.40.0-255,66,51936,76,213327
3529,0.000474,74.125.24.0-255,5379,57315,76,213327
3530,0.000478,172.31.40.0-255,66,57381,76,213327
3531,0.000792,74.125.24.0-255,645,58026,76,213327
3532,0.001065,172.31.40.0-255,66,58092,76,213327
3533,0.001624,74.125.24.0-255,1484,59576,76,213327
3534,0.001636,74.125.24.0-255,2902,62478,76,213327
3535,0.001641,172.31.40.0-255,66,62544,76,213327
3536,0.001649,74.125.24.0-255,5738,68282,76,213327
3537,0.001651,172.31.40.0-255,66,68348,76,213327
3538,0.001656,74.125.24.0-255,2902,71250,76,213327
3539,0.001658,172.31.40.0-255,66,71316,76,213327
3540,0.001698,172.31.40.0-255,66,71382,76,213327
3541,0.001713,74.125.24.0-255,5738,77120,76,213327
3542,0.00172,172.31.40.0-255,66,77186,76,213327
3543,0.001766,172.31.40.0-255,66,77252,76,213327
3544,0.001769,74.125.24.0-255,1484,78736,76,213327
3545,0.00178,172.31.40.0-255,66,78802,76,213327
3546,0.001813,172.31.40.0-255,66,78868,76,213327
3547,0.001882,74.125.24.0-255,1484,80352,76,213327
3548,0.001888,74.125.24.0-255,2902,83254,76,213327
3549,0.001891,172.31.40.0-255,66,83320,76,213327
3550,0.001898,74.125.24.0-255,5738,89058,76,213327
3551,0.0019,172.31.40.0-255,66,89124,76,213327
3552,0.001904,74.125.24.0-255,2902,92026,76,213327
3553,0.001912,172.31.40.0-255,66,92092,76,213327
3554,0.001938,74.125.24.0-255,1484,93576,76,213327
3555,0.001951,172.31.40.0-255,66,93642,76,213327
3556,0.001976,172.31.40.0-255,66,93708,76,213327
3557,0.002269,74.125.24.0-255,1484,95192,76,213327
3558,0.002283,74.125.24.0-255,2902,98094,76,213327
3559,0.002285,172.31.40.0-255,66,98160,76,213327
3560,0.002292,74.125.24.0-255,5738,103898,76,213327
3561,0.002294,172.31.40.0-255,66,103964,76,213327
3562,0.002332,172.31.40.0-255,66,104030,76,213327
3563,0.002349,172.31.40.0-255,66,104096,76,213327
3564,0.00238,74.125.24.0-255,2184,106280,76,213327
3565,0.002382,172.31.40.0-255,66,106346,76,213327
3566,0.004976,74.125.24.0-255,2902,109248,76,213327
3567,0.004981,172.31.40.0-255,66,109314,76,213327
3568,0.005007,74.125.24.0-255,2902,112216,76,213327
3569,0.005009,172.31.40.0-255,66,112282,76,213327
3570,0.007603,74.125.24.0-255,2902,115184,76,213327
3571,0.00761,172.31.40.0-255,66,115250,76,213327
3572,0.007647,74.125.24.0-255,2902,118152,76,213327
3573,0.00765,172.31.40.0-255,66,118218,76,213327
3574,0.01023,74.125.24.0-255,2902,121120,76,213327
3575,0.010237,172.31.40.0-255,66,121186,76,213327
3576,0.010268,74.125.24.0-255,2902,124088,76,213327
3577,0.010272,172.31.40.0-255,66,124154,76,213327
3578,0.01285,74.125.24.0-255,2902,127056,76,213327
3579,0.012858,172.31.40.0-255,66,127122,76,213327
3580,0.012904,74.125.24.0-255,2902,130024,76,213327
3581,0.012907,172.31.40.0-255,66,130090,76,213327
3582,0.015474,74.125.24.0-255,2902,132992,76,213327
3583,0.015482,172.31.40.0-255,66,133058,76,213327
3584,0.015512,74.125.24.0-255,2902,135960,76,213327
3585,0.015514,172.31.40.0-255,66,136026,76,213327
3586,0.018123,74.125.24.0-255,5738,141764,76,213327
3587,0.018133,172.31.40.0-255,66,141830,76,213327
3588,0.020779,74.125.24.0-255,5738,147568,76,213327
3589,0.020787,172.31.40.0-255,66,147634,76,213327
3590,0.023436,74.125.24.0-255,5738,153372,76,213327
3591,0.023445,172.31.40.0-255,66,153438,76,213327
3592,0.026055,74.125.24.0-255,5738,159176,76,213327
3593,0.026068,172.31.40.0-255,66,159242,76,213327
3594,0.028677,74.125.24.0-255,5738,164980,76,213327
3595,0.02869,172.31.40.0-255,66,165046,76,213327
3596,0.0313,74.125.24.0-255,5738,170784,76,213327
3597,0.031309,172.31.40.0-255,66,170850,76,213327
3598,0.031416,172.31.40.0-255,172,171022,76,213327
3599,0.031444,172.31.40.0-255,1104,172126,76,213327
3600,0.031498,172.31.40.0-255,1514,173640,76,213327
3601,0.0315,172.31.40.0-255,345,173985,76,213327
3602,0.033082,104.244.42.0-255,66,174051,76,213327
3603,0.033929,74.125.24.0-255,5738,179789,76,213327
3604,0.033935,172.31.40.0-255,66,179855,76,213327
3605,0.036586,74.125.24.0-255,5738,185593,76,213327
3606,0.036593,172.31.40.0-255,66,185659,76,213327
3607,0.039234,74.125.24.0-255,5738,191397,76,213327
3608,0.039242,172.31.40.0-255,66,191463,76,213327
3609,0.041931,74.125.24.0-255,5738,197201,76,213327
3610,0.041942,172.31.40.0-255,66,197267,76,213327
3611,0.044581,74.125.24.0-255,4320,201587,76,213327
3612,0.044588,172.31.40.0-255,66,201653,76,213327
3613,0.044616,74.125.24.0-255,1484,203137,76,213327
3614,0.047273,74.125.24.0-255,4320,207457,76,213327
3615,0.04728,172.31.40.0-255,66,207523,76,213327
3616,0.049936,74.125.24.0-255,5738,213261,76,213327
3617,0.049948,172.31.40.0-255,66,213327,76,213327
3618,0.0,74.125.200.0-255,150,150,76,299021
3619,1.5e-05,172.31.40.0-255,66,216,76,299021
3620,4.3e-05,74.125.200.0-255,1484,1700,76,299021
3621,4.7e-05,172.31.40.0-255,66,1766,76,299021
3622,7.4e-05,74.125.200.0-255,2902,4668,76,299021
3623,7.9e-05,172.31.40.0-255,66,4734,76,299021
3624,9.8e-05,74.125.200.0-255,1484,6218,76,299021
3625,0.0001,172.31.40.0-255,66,6284,76,299021
3626,0.000115,74.125.200.0-255,2902,9186,76,299021
3627,0.000118,172.31.40.0-255,66,9252,76,299021
3628,0.00015,74.125.200.0-255,4320,13572,76,299021
3629,0.000153,172.31.40.0-255,66,13638,76,299021
3630,0.000171,74.125.200.0-255,694,14332,76,299021
3631,0.000174,172.31.40.0-255,66,14398,76,299021
3632,0.000261,74.125.200.0-255,1484,15882,76,299021
3633,0.000265,172.31.40.0-255,66,15948,76,299021
3634,0.000269,74.125.200.0-255,1484,17432,76,299021
3635,0.000271,172.31.40.0-255,66,17498,76,299021
3636,0.000284,74.125.200.0-255,1484,18982,76,299021
3637,0.000287,172.31.40.0-255,66,19048,76,299021
3638,0.000308,74.125.200.0-255,2902,21950,76,299021
3639,0.000311,172.31.40.0-255,66,22016,76,299021
3640,0.000328,74.125.200.0-255,4320,26336,76,299021
3641,0.00033,172.31.40.0-255,66,26402,76,299021
3642,0.000341,74.125.200.0-255,1484,27886,76,299021
3643,0.000343,172.31.40.0-255,66,27952,76,299021
3644,0.000355,74.125.200.0-255,1484,29436,76,299021
3645,0.000357,172.31.40.0-255,66,29502,76,299021
3646,0.000378,74.125.200.0-255,1484,30986,76,299021
3647,0.00038,172.31.40.0-255,66,31052,76,299021
3648,0.000384,74.125.200.0-255,1484,32536,76,299021
3649,0.000386,172.31.40.0-255,66,32602,76,299021
3650,0.000404,74.125.200.0-255,3961,36563,76,299021
3651,0.000411,74.125.200.0-255,5738,42301,76,299021
3652,0.00044,74.125.200.0-255,4320,46621,76,299021
3653,0.000455,74.125.200.0-255,2543,49164,76,299021
3654,0.000503,172.31.40.0-255,66,49230,76,299021
3655,0.00074,74.125.200.0-255,1484,50714,76,299021
3656,0.000745,74.125.200.0-255,1484,52198,76,299021
3657,0.000748,172.31.40.0-255,66,52264,76,299021
3658,0.000766,74.125.200.0-255,1484,53748,76,299021
3659,0.000773,74.125.200.0-255,5738,59486,76,299021
3660,0.00079,74.125.200.0-255,2902,62388,76,299021
3661,0.000793,172.31.40.0-255,66,62454,76,299021
3662,0.000803,74.125.200.0-255,3961,66415,76,299021
3663,0.000812,172.31.40.0-255,66,66481,76,299021
3664,0.000901,74.125.200.0-255,1484,67965,76,299021
3665,0.000919,74.125.200.0-255,1484,69449,76,299021
3666,0.00093,74.125.200.0-255,1484,70933,76,299021
3667,0.000935,74.125.200.0-255,2902,73835,76,299021
3668,0.000947,74.125.200.0-255,2902,76737,76,299021
3669,0.000951,74.125.200.0-255,4320,81057,76,299021
3670,0.000966,172.31.40.0-255,66,81123,76,299021
3671,0.000979,74.125.200.0-255,5379,86502,76,299021
3672,0.001,74.125.200.0-255,2902,89404,76,299021
3673,0.001003,172.31.40.0-255,66,89470,76,299021
3674,0.001007,172.31.40.0-255,66,89536,76,299021
3675,0.001022,74.125.200.0-255,2902,92438,76,299021
3676,0.001026,74.125.200.0-255,2902,95340,76,299021
3677,0.001048,74.125.200.0-255,4320,99660,76,299021
3678,0.001051,172.31.40.0-255,66,99726,76,299021
3679,0.001069,74.125.200.0-255,1705,101431,76,299021
3680,0.001072,172.31.40.0-255,66,101497,76,299021
3681,0.001092,172.31.40.0-255,66,101563,76,299021
3682,0.001455,74.125.200.0-255,1484,103047,76,299021
3683,0.001461,74.125.200.0-255,2902,105949,76,299021
3684,0.001464,172.31.40.0-255,66,106015,76,299021
3685,0.001485,74.125.200.0-255,4320,110335,76,299021
3686,0.001494,74.125.200.0-255,1484,111819,76,299021
3687,0.001502,172.31.40.0-255,66,111885,76,299021
3688,0.001517,74.125.200.0-255,4320,116205,76,299021
3689,0.001532,74.125.200.0-255,5738,121943,76,299021
3690,0.001539,172.31.40.0-255,66,122009,76,299021
3691,0.001564,74.125.200.0-255,5738,127747,76,299021
3692,0.00157,74.125.200.0-255,4320,132067,76,299021
3693,0.001584,74.125.200.0-255,2902,134969,76,299021
3694,0.001586,74.125.200.0-255,766,135735,76,299021
3695,0.001589,172.31.40.0-255,66,135801,76,299021
3696,0.0016,172.31.40.0-255,66,135867,76,299021
3697,0.001778,74.125.200.0-255,1484,137351,76,299021
3698,0.001794,74.125.200.0-255,2902,140253,76,299021
3699,0.001798,172.31.40.0-255,66,140319,76,299021
3700,0.001803,74.125.200.0-255,2902,143221,76,299021
3701,0.00181,172.31.40.0-255,66,143287,76,299021
3702,0.001822,74.125.200.0-255,4320,147607,76,299021
3703,0.001838,74.125.200.0-255,4320,151927,76,299021
3704,0.001846,172.31.40.0-255,66,151993,76,299021
3705,0.001858,74.125.200.0-255,4320,156313,76,299021
3706,0.00187,74.125.200.0-255,2902,159215,76,299021
3707,0.001883,74.125.200.0-255,5738,164953,76,299021
3708,0.001906,172.31.40.0-255,66,165019,76,299021
3709,0.001914,74.125.200.0-255,2902,167921,76,299021
3710,0.001919,172.31.40.0-255,66,167987,76,299021
3711,0.001927,74.125.200.0-255,2184,170171,76,299021
3712,0.001947,172.31.40.0-255,66,170237,76,299021
3713,0.00225,74.125.200.0-255,1484,171721,76,299021
3714,0.002257,74.125.200.0-255,2902,174623,76,299021
3715,0.00226,172.31.40.0-255,66,174689,76,299021
3716,0.002264,74.125.200.0-255,1484,176173,76,299021
3717,0.00231,74.125.200.0-255,2902,179075,76,299021
3718,0.002316,74.125.200.0-255,5738,184813,76,299021
3719,0.00232,74.125.200.0-255,2902,187715,76,299021
3720,0.002342,74.125.200.0-255,7156,194871,76,299021
3721,0.002346,172.31.40.0-255,66,194937,76,299021
3722,0.00235,172.31.40.0-255,66,195003,76,299021
3723,0.002395,172.31.40.0-255,66,195069,76,299021
3724,0.002415,74.125.200.0-255,2902,197971,76,299021
3725,0.002463,74.125.200.0-255,7156,205127,76,299021
3726,0.002497,74.125.200.0-255,766,205893,76,299021
3727,0.002549,74.125.200.0-255,1484,207377,76,299021
3728,0.002567,74.125.200.0-255,1484,208861,76,299021
3729,0.00257,74.125.200.0-255,1484,210345,76,299021
3730,0.002593,74.125.200.0-255,1484,211829,76,299021
3731,0.006459,172.31.40.0-255,66,211895,76,299021
3732,0.009022,74.125.200.0-255,5738,217633,76,299021
3733,0.009028,172.31.40.0-255,66,217699,76,299021
3734,0.011586,74.125.200.0-255,5738,223437,76,299021
3735,0.011595,172.31.40.0-255,66,223503,76,299021
3736,0.014189,74.125.200.0-255,5738,229241,76,299021
3737,0.018879,172.31.40.0-255,66,229307,76,299021
3738,0.02143,74.125.200.0-255,1484,230791,76,299021
3739,0.02145,74.125.200.0-255,4320,235111,76,299021
3740,0.02146,172.31.40.0-255,66,235177,76,299021
3741,0.024021,74.125.200.0-255,5738,240915,76,299021
3742,0.024034,172.31.40.0-255,66,240981,76,299021
3743,0.026601,74.125.200.0-255,5738,246719,76,299021
3744,0.02661,172.31.40.0-255,66,246785,76,299021
3745,0.029169,74.125.200.0-255,5738,252523,76,299021
3746,0.029178,172.31.40.0-255,66,252589,76,299021
3747,0.031742,74.125.200.0-255,5738,258327,76,299021
3748,0.03175,172.31.40.0-255,66,258393,76,299021
3749,0.034334,74.125.200.0-255,5738,264131,76,299021
3750,0.034352,172.31.40.0-255,66,264197,76,299021
3751,0.036904,74.125.200.0-255,5738,269935,76,299021
3752,0.036912,172.31.40.0-255,66,270001,76,299021
3753,0.039471,74.125.200.0-255,5738,275739,76,299021
3754,0.039479,172.31.40.0-255,66,275805,76,299021
3755,0.042073,74.125.200.0-255,5738,281543,76,299021
3756,0.042092,172.31.40.0-255,66,281609,76,299021
3757,0.044651,74.125.200.0-255,5738,287347,76,299021
3758,0.04466,172.31.40.0-255,66,287413,76,299021
3759,0.047221,74.125.200.0-255,5738,293151,76,299021
3760,0.04723,172.31.40.0-255,66,293217,76,299021
3761,0.049798,74.125.200.0-255,5738,298955,76,299021
3762,0.049812,172.31.40.0-255,66,299021,76,299021
3763,0.0,172.217.194.0-255,152,152,76,206679
3764,1.5e-05,172.31.40.0-255,66,218,76,206679
3765,2.2e-05,172.217.194.0-255,1484,1702,76,206679
3766,2.6e-05,172.31.40.0-255,66,1768,76,206679
3767,3.3e-05,172.217.194.0-255,2902,4670,76,206679
3768,3.6e-05,172.31.40.0-255,66,4736,76,206679
3769,4e-05,172.217.194.0-255,2902,7638,76,206679
3770,4.3e-05,172.31.40.0-255,66,7704,76,206679
3771,9.2e-05,172.31.40.0-255,66,7770,76,206679
3772,0.000103,172.217.194.0-255,1484,9254,76,206679
3773,0.000105,172.31.40.0-255,66,9320,76,206679
3774,0.000131,172.31.40.0-255,66,9386,76,206679
3775,0.000153,172.217.194.0-255,1484,10870,76,206679
3776,0.000156,172.31.40.0-255,66,10936,76,206679
3777,0.00016,172.217.194.0-255,2902,13838,76,206679
3778,0.000162,172.31.40.0-255,66,13904,76,206679
3779,0.000166,172.217.194.0-255,2902,16806,76,206679
3780,0.000168,172.31.40.0-255,66,16872,76,206679
3781,0.00019,172.217.194.0-255,2902,19774,76,206679
3782,0.000192,172.31.40.0-255,66,19840,76,206679
3783,0.000199,172.217.194.0-255,6797,26637,76,206679
3784,0.000202,172.31.40.0-255,66,26703,76,206679
3785,0.000234,172.217.194.0-255,5738,32441,76,206679
3786,0.000237,172.31.40.0-255,66,32507,76,206679
3787,0.00025,172.217.194.0-255,1484,33991,76,206679
3788,0.000252,172.31.40.0-255,66,34057,76,206679
3789,0.000257,172.217.194.0-255,2902,36959,76,206679
3790,0.000259,172.31.40.0-255,66,37025,76,206679
3791,0.000288,172.217.194.0-255,6797,43822,76,206679
3792,0.000291,172.31.40.0-255,66,43888,76,206679
3793,0.000293,172.217.194.0-255,390,44278,76,206679
3794,0.000569,172.217.194.0-255,383,44661,76,206679
3795,0.000995,172.217.194.0-255,1484,46145,76,206679
3796,0.001,172.31.40.0-255,66,46211,76,206679
3797,0.001014,172.217.194.0-255,2902,49113,76,206679
3798,0.001017,172.31.40.0-255,66,49179,76,206679
3799,0.00104,172.217.194.0-255,4320,53499,76,206679
3800,0.001043,172.31.40.0-255,66,53565,76,206679
3801,0.001066,172.217.194.0-255,5738,59303,76,206679
3802,0.001068,172.31.40.0-255,66,59369,76,206679
3803,0.001093,172.217.194.0-255,2902,62271,76,206679
3804,0.001096,172.31.40.0-255,66,62337,76,206679
3805,0.001109,172.31.40.0-255,66,62403,76,206679
3806,0.001112,172.217.194.0-255,1484,63887,76,206679
3807,0.001138,172.217.194.0-255,3602,67489,76,206679
3808,0.00114,172.31.40.0-255,66,67555,76,206679
3809,0.002208,172.217.194.0-255,1484,69039,76,206679
3810,0.002219,172.217.194.0-255,2902,71941,76,206679
3811,0.002224,172.31.40.0-255,66,72007,76,206679
3812,0.002232,172.217.194.0-255,5738,77745,76,206679
3813,0.002234,172.31.40.0-255,66,77811,76,206679
3814,0.002255,172.217.194.0-255,4320,82131,76,206679
3815,0.002257,172.31.40.0-255,66,82197,76,206679
3816,0.002273,172.217.194.0-255,4320,86517,76,206679
3817,0.002275,172.31.40.0-255,66,86583,76,206679
3818,0.002297,172.217.194.0-255,7156,93739,76,206679
3819,0.002299,172.31.40.0-255,66,93805,76,206679
3820,0.00231,172.31.40.0-255,66,93871,76,206679
3821,0.003016,172.217.194.0-255,1484,95355,76,206679
3822,0.003019,172.217.194.0-255,1484,96839,76,206679
3823,0.003021,172.31.40.0-255,66,96905,76,206679
3824,0.003038,172.217.194.0-255,1484,98389,76,206679
3825,0.003044,172.217.194.0-255,5738,104127,76,206679
3826,0.003046,172.31.40.0-255,66,104193,76,206679
3827,0.003062,172.217.194.0-255,2902,107095,76,206679
3828,0.003064,172.31.40.0-255,66,107161,76,206679
3829,0.003083,172.217.194.0-255,4320,111481,76,206679
3830,0.003085,172.31.40.0-255,66,111547,76,206679
3831,0.0031,172.217.194.0-255,5738,117285,76,206679
3832,0.003102,172.31.40.0-255,66,117351,76,206679
3833,0.00313,172.31.40.0-255,66,117417,76,206679
3834,0.003134,172.217.194.0-255,2184,119601,76,206679
3835,0.003136,172.31.40.0-255,66,119667,76,206679
3836,0.003238,172.217.194.0-255,1484,121151,76,206679
3837,0.003251,172.217.194.0-255,2902,124053,76,206679
3838,0.003254,172.31.40.0-255,66,124119,76,206679
3839,0.003258,172.217.194.0-255,2902,127021,76,206679
3840,0.00326,172.31.40.0-255,66,127087,76,206679
3841,0.003276,172.217.194.0-255,2902,129989,76,206679
3842,0.003278,172.31.40.0-255,66,130055,76,206679
3843,0.003296,172.217.194.0-255,4320,134375,76,206679
3844,0.003298,172.31.40.0-255,66,134441,76,206679
3845,0.003324,172.31.40.0-255,66,134507,76,206679
3846,0.00333,172.217.194.0-255,4320,138827,76,206679
3847,0.003333,172.31.40.0-255,66,138893,76,206679
3848,0.003355,172.217.194.0-255,6438,145331,76,206679
3849,0.003358,172.31.40.0-255,66,145397,76,206679
3850,0.003523,172.217.194.0-255,1484,146881,76,206679
3851,0.003536,172.217.194.0-255,2902,149783,76,206679
3852,0.003539,172.31.40.0-255,66,149849,76,206679
3853,0.003564,172.217.194.0-255,5738,155587,76,206679
3854,0.003566,172.31.40.0-255,66,155653,76,206679
3855,0.003568,172.217.194.0-255,1484,157137,76,206679
3856,0.003598,172.31.40.0-255,66,157203,76,206679
3857,0.003635,172.217.194.0-255,5738,162941,76,206679
3858,0.003637,172.31.40.0-255,66,163007,76,206679
3859,0.003665,172.31.40.0-255,66,163073,76,206679
3860,0.003669,172.217.194.0-255,4320,167393,76,206679
3861,0.003671,172.31.40.0-255,66,167459,76,206679
3862,0.00369,172.217.194.0-255,2902,170361,76,206679
3863,0.003693,172.31.40.0-255,66,170427,76,206679
3864,0.003707,172.31.40.0-255,66,170493,76,206679
3865,0.003735,172.31.40.0-255,66,170559,76,206679
3866,0.00377,172.217.194.0-255,2902,173461,76,206679
3867,0.003772,172.31.40.0-255,66,173527,76,206679
3868,0.003794,172.217.194.0-255,5020,178547,76,206679
3869,0.003796,172.31.40.0-255,66,178613,76,206679
3870,0.003815,172.217.194.0-255,1484,180097,76,206679
3871,0.003818,172.217.194.0-255,1484,181581,76,206679
3872,0.003819,172.31.40.0-255,66,181647,76,206679
3873,0.003842,172.217.194.0-255,1484,183131,76,206679
3874,0.003848,172.217.194.0-255,5738,188869,76,206679
3875,0.00385,172.31.40.0-255,66,188935,76,206679
3876,0.003861,172.31.40.0-255,66,189001,76,206679
3877,0.00389,172.217.194.0-255,2902,191903,76,206679
3878,0.003892,172.31.40.0-255,66,191969,76,206679
3879,0.003904,172.31.40.0-255,66,192035,76,206679
3880,0.003916,172.31.40.0-255,66,192101,76,206679
3881,0.003919,172.217.194.0-255,1484,193585,76,206679
3882,0.003958,172.31.40.0-255,66,193651,76,206679
3883,0.003977,172.31.40.0-255,66,193717,76,206679
3884,0.004009,172.217.194.0-255,3602,197319,76,206679
3885,0.004012,172.31.40.0-255,66,197385,76,206679
3886,0.004024,172.31.40.0-255,66,197451,76,206679
3887,0.004051,172.217.194.0-255,3602,201053,76,206679
3888,0.004054,172.31.40.0-255,66,201119,76,206679
3889,0.004076,172.31.40.0-255,66,201185,76,206679
3890,0.004106,172.217.194.0-255,5020,206205,76,206679
3891,0.004109,172.31.40.0-255,66,206271,76,206679
3892,0.004119,172.31.40.0-255,66,206337,76,206679
3893,0.004121,172.217.194.0-255,105,206442,76,206679
3894,0.014535,172.31.40.0-255,66,206508,76,206679
3895,0.014577,172.31.40.0-255,105,206613,76,206679
3896,0.017116,172.217.194.0-255,66,206679,76,206679
3897,0.0,172.217.194.0-255,153,153,76,171205
3898,1.6e-05,172.31.40.0-255,66,219,76,171205
3899,2.3e-05,172.217.194.0-255,1484,1703,76,171205
3900,2.7e-05,172.31.40.0-255,66,1769,76,171205
3901,3.3e-05,172.217.194.0-255,2902,4671,76,171205
3902,3.6e-05,172.31.40.0-255,66,4737,76,171205
3903,4.4e-05,172.217.194.0-255,7156,11893,76,171205
3904,4.6e-05,172.31.40.0-255,66,11959,76,171205
3905,5e-05,172.217.194.0-255,1484,13443,76,171205
3906,5.3e-05,172.31.40.0-255,66,13509,76,171205
3907,9.5e-05,172.217.194.0-255,4937,18446,76,171205
3908,9.8e-05,172.31.40.0-255,66,18512,76,171205
3909,0.000102,172.217.194.0-255,2902,21414,76,171205
3910,0.000104,172.31.40.0-255,66,21480,76,171205
3911,0.000121,172.217.194.0-255,2902,24382,76,171205
3912,0.000123,172.31.40.0-255,66,24448,76,171205
3913,0.000158,172.217.194.0-255,6797,31245,76,171205
3914,0.00016,172.31.40.0-255,66,31311,76,171205
3915,0.000232,172.217.194.0-255,1484,32795,76,171205
3916,0.000235,172.31.40.0-255,66,32861,76,171205
3917,0.00024,172.217.194.0-255,2902,35763,76,171205
3918,0.000242,172.31.40.0-255,66,35829,76,171205
3919,0.000245,172.217.194.0-255,1484,37313,76,171205
3920,0.000248,172.31.40.0-255,66,37379,76,171205
3921,0.000274,172.217.194.0-255,4320,41699,76,171205
3922,0.000277,172.31.40.0-255,66,41765,76,171205
3923,0.000282,172.217.194.0-255,2902,44667,76,171205
3924,0.000284,172.31.40.0-255,66,44733,76,171205
3925,0.000312,172.31.40.0-255,66,44799,76,171205
3926,0.000324,172.31.40.0-255,66,44865,76,171205
3927,0.000327,172.217.194.0-255,377,45242,76,171205
3928,0.000496,172.217.194.0-255,367,45609,76,171205
3929,0.000585,172.217.194.0-255,1484,47093,76,171205
3930,0.00059,172.31.40.0-255,66,47159,76,171205
3931,0.000596,172.217.194.0-255,2902,50061,76,171205
3932,0.000598,172.31.40.0-255,66,50127,76,171205
3933,0.000602,172.217.194.0-255,2902,53029,76,171205
3934,0.000605,172.31.40.0-255,66,53095,76,171205
3935,0.000628,172.217.194.0-255,2902,55997,76,171205
3936,0.00063,172.31.40.0-255,66,56063,76,171205
3937,0.000649,172.217.194.0-255,6797,62860,76,171205
3938,0.000652,172.31.40.0-255,66,62926,76,171205
3939,0.000685,172.217.194.0-255,4320,67246,76,171205
3940,0.000688,172.31.40.0-255,66,67312,76,171205
3941,0.00071,172.217.194.0-255,2902,70214,76,171205
3942,0.000713,172.31.40.0-255,66,70280,76,171205
3943,0.000721,172.217.194.0-255,7156,77436,76,171205
3944,0.000724,172.31.40.0-255,66,77502,76,171205
3945,0.000754,172.217.194.0-255,2543,80045,76,171205
3946,0.000757,172.31.40.0-255,66,80111,76,171205
3947,0.00091,172.217.194.0-255,1484,81595,76,171205
3948,0.000916,172.217.194.0-255,2902,84497,76,171205
3949,0.000919,172.31.40.0-255,66,84563,76,171205
3950,0.000923,172.217.194.0-255,1484,86047,76,171205
3951,0.00094,172.217.194.0-255,4320,90367,76,171205
3952,0.000943,172.31.40.0-255,66,90433,76,171205
3953,0.000949,172.217.194.0-255,4320,94753,76,171205
3954,0.000951,172.31.40.0-255,66,94819,76,171205
3955,0.000983,172.31.40.0-255,66,94885,76,171205
3956,0.000986,172.31.40.0-255,66,94951,76,171205
3957,0.001008,172.217.194.0-255,2184,97135,76,171205
3958,0.00101,172.31.40.0-255,66,97201,76,171205
3959,0.001054,172.217.194.0-255,2902,100103,76,171205
3960,0.001056,172.31.40.0-255,66,100169,76,171205
3961,0.001059,172.217.194.0-255,1484,101653,76,171205
3962,0.001075,172.217.194.0-255,4320,105973,76,171205
3963,0.001078,172.31.40.0-255,66,106039,76,171205
3964,0.001084,172.217.194.0-255,5738,111777,76,171205
3965,0.001087,172.31.40.0-255,66,111843,76,171205
3966,0.001108,172.217.194.0-255,4320,116163,76,171205
3967,0.00111,172.31.40.0-255,66,116229,76,171205
3968,0.001123,172.217.194.0-255,2902,119131,76,171205
3969,0.001126,172.31.40.0-255,66,119197,76,171205
3970,0.001153,172.31.40.0-255,66,119263,76,171205
3971,0.001165,172.31.40.0-255,66,119329,76,171205
3972,0.001195,172.217.194.0-255,766,120095,76,171205
3973,0.001211,172.31.40.0-255,66,120161,76,171205
3974,0.001218,172.217.194.0-255,5738,125899,76,171205
3975,0.00122,172.31.40.0-255,66,125965,76,171205
3976,0.001235,172.217.194.0-255,5020,130985,76,171205
3977,0.001238,172.31.40.0-255,66,131051,76,171205
3978,0.001327,172.217.194.0-255,1484,132535,76,171205
3979,0.001334,172.217.194.0-255,2902,135437,76,171205
3980,0.001337,172.31.40.0-255,66,135503,76,171205
3981,0.001342,172.217.194.0-255,2902,138405,76,171205
3982,0.001344,172.31.40.0-255,66,138471,76,171205
3983,0.001359,172.217.194.0-255,2902,141373,76,171205
3984,0.001361,172.31.40.0-255,66,141439,76,171205
3985,0.001376,172.217.194.0-255,4320,145759,76,171205
3986,0.001378,172.31.40.0-255,66,145825,76,171205
3987,0.00141,172.217.194.0-255,7156,152981,76,171205
3988,0.001412,172.31.40.0-255,66,153047,76,171205
3989,0.001426,172.31.40.0-255,66,153113,76,171205
3990,0.001458,172.217.194.0-255,1484,154597,76,171205
3991,0.001471,172.217.194.0-255,2902,157499,76,171205
3992,0.001473,172.31.40.0-255,66,157565,76,171205
3993,0.001478,172.217.194.0-255,2902,160467,76,171205
3994,0.00148,172.31.40.0-255,66,160533,76,171205
3995,0.001494,172.217.194.0-255,2902,163435,76,171205
3996,0.001496,172.31.40.0-255,66,163501,76,171205
3997,0.001536,172.217.194.0-255,1484,164985,76,171205
3998,0.001566,172.31.40.0-255,66,165051,76,171205
3999,0.001581,172.31.40.0-255,66,165117,76,171205
4000,0.001596,172.31.40.0-255,66,165183,76,171205
4001,0.001621,172.217.194.0-255,1484,166667,76,171205
4002,0.001639,172.31.40.0-255,66,166733,76,171205
4003,0.001658,172.31.40.0-255,66,166799,76,171205
4004,0.00167,172.31.40.0-255,66,166865,76,171205
4005,0.001689,172.217.194.0-255,1484,168349,76,171205
4006,0.001727,172.31.40.0-255,66,168415,76,171205
4007,0.001755,172.31.40.0-255,66,168481,76,171205
4008,0.001773,172.31.40.0-255,66,168547,76,171205
4009,0.00181,172.217.194.0-255,2184,170731,76,171205
4010,0.001814,172.31.40.0-255,66,170797,76,171205
4011,0.001838,172.31.40.0-255,66,170863,76,171205
4012,0.001841,172.217.194.0-255,105,170968,76,171205
4013,0.016396,172.31.40.0-255,66,171034,76,171205
4014,0.016446,172.31.40.0-255,105,171139,76,171205
4015,0.018725,172.217.194.0-255,66,171205,76,171205
4016,0.0,74.125.200.0-255,156,156,76,257222
4017,1.4e-05,172.31.40.0-255,66,222,76,257222
4018,2.1e-05,74.125.200.0-255,1484,1706,76,257222
4019,2.6e-05,172.31.40.0-255,66,1772,76,257222
4020,2.9e-05,74.125.200.0-255,1484,3256,76,257222
4021,4e-05,172.31.40.0-255,66,3322,76,257222
4022,4.6e-05,74.125.200.0-255,2902,6224,76,257222
4023,5e-05,172.31.40.0-255,66,6290,76,257222
4024,5.7e-05,74.125.200.0-255,5738,12028,76,257222
4025,6e-05,172.31.40.0-255,66,12094,76,257222
4026,9.1e-05,74.125.200.0-255,2001,14095,76,257222
4027,9.4e-05,172.31.40.0-255,66,14161,76,257222
4028,0.000139,74.125.200.0-255,1484,15645,76,257222
4029,0.000142,172.31.40.0-255,66,15711,76,257222
4030,0.000145,74.125.200.0-255,1484,17195,76,257222
4031,0.000147,172.31.40.0-255,66,17261,76,257222
4032,0.000167,74.125.200.0-255,1484,18745,76,257222
4033,0.000169,172.31.40.0-255,66,18811,76,257222
4034,0.000173,74.125.200.0-255,1484,20295,76,257222
4035,0.000174,172.31.40.0-255,66,20361,76,257222
4036,0.000196,74.125.200.0-255,2902,23263,76,257222
4037,0.000198,172.31.40.0-255,66,23329,76,257222
4038,0.000203,74.125.200.0-255,2902,26231,76,257222
4039,0.000205,172.31.40.0-255,66,26297,76,257222
4040,0.000237,74.125.200.0-255,2902,29199,76,257222
4041,0.000241,74.125.200.0-255,2543,31742,76,257222
4042,0.000245,172.31.40.0-255,66,31808,76,257222
4043,0.000248,172.31.40.0-255,66,31874,76,257222
4044,0.000367,74.125.200.0-255,1484,33358,76,257222
4045,0.000371,172.31.40.0-255,66,33424,76,257222
4046,0.000389,74.125.200.0-255,1484,34908,76,257222
4047,0.000392,172.31.40.0-255,66,34974,76,257222
4048,0.000397,74.125.200.0-255,2902,37876,76,257222
4049,0.000399,172.31.40.0-255,66,37942,76,257222
4050,0.000435,74.125.200.0-255,5738,43680,76,257222
4051,0.000438,172.31.40.0-255,66,43746,76,257222
4052,0.000441,74.125.200.0-255,1484,45230,76,257222
4053,0.000482,74.125.200.0-255,1484,46714,76,257222
4054,0.000484,172.31.40.0-255,66,46780,76,257222
4055,0.000521,172.31.40.0-255,66,46846,76,257222
4056,0.000539,172.31.40.0-255,66,46912,76,257222
4057,0.000542,74.125.200.0-255,1125,48037,76,257222
4058,0.000566,74.125.200.0-255,413,48450,76,257222
4059,0.000611,74.125.200.0-255,332,48782,76,257222
4060,0.000614,172.31.40.0-255,66,48848,76,257222
4061,0.000831,74.125.200.0-255,1484,50332,76,257222
4062,0.000857,74.125.200.0-255,2902,53234,76,257222
4063,0.000861,172.31.40.0-255,66,53300,76,257222
4064,0.000892,74.125.200.0-255,5738,59038,76,257222
4065,0.000901,172.31.40.0-255,66,59104,76,257222
4066,0.000933,74.125.200.0-255,7156,66260,76,257222
4067,0.000936,172.31.40.0-255,66,66326,76,257222
4068,0.000941,74.125.200.0-255,2902,69228,76,257222
4069,0.000944,172.31.40.0-255,66,69294,76,257222
4070,0.000979,172.31.40.0-255,66,69360,76,257222
4071,0.001004,74.125.200.0-255,5020,74380,76,257222
4072,0.001007,172.31.40.0-255,66,74446,76,257222
4073,0.00127,74.125.200.0-255,1484,75930,76,257222
4074,0.001288,74.125.200.0-255,2902,78832,76,257222
4075,0.001291,172.31.40.0-255,66,78898,76,257222
4076,0.001295,74.125.200.0-255,1484,80382,76,257222
4077,0.001298,74.125.200.0-255,1484,81866,76,257222
4078,0.0013,172.31.40.0-255,66,81932,76,257222
4079,0.001323,74.125.200.0-255,1484,83416,76,257222
4080,0.001335,74.125.200.0-255,5738,89154,76,257222
4081,0.001338,172.31.40.0-255,66,89220,76,257222
4082,0.001341,74.125.200.0-255,1484,90704,76,257222
4083,0.001375,172.31.40.0-255,66,90770,76,257222
4084,0.001399,74.125.200.0-255,4320,95090,76,257222
4085,0.001403,172.31.40.0-255,66,95156,76,257222
4086,0.001421,74.125.200.0-255,2184,97340,76,257222
4087,0.001424,172.31.40.0-255,66,97406,76,257222
4088,0.0019,74.125.200.0-255,1484,98890,76,257222
4089,0.001915,74.125.200.0-255,2902,101792,76,257222
4090,0.001919,172.31.40.0-255,66,101858,76,257222
4091,0.001925,74.125.200.0-255,5738,107596,76,257222
4092,0.001928,172.31.40.0-255,66,107662,76,257222
4093,0.001932,74.125.200.0-255,2902,110564,76,257222
4094,0.001938,172.31.40.0-255,66,110630,76,257222
4095,0.001998,172.31.40.0-255,66,110696,76,257222
4096,0.002011,172.31.40.0-255,66,110762,76,257222
4097,0.00206,74.125.200.0-255,1484,112246,76,257222
4098,0.002074,74.125.200.0-255,2902,115148,76,257222
4099,0.002077,172.31.40.0-255,66,115214,76,257222
4100,0.00208,74.125.200.0-255,1484,116698,76,257222
4101,0.002106,74.125.200.0-255,2902,119600,76,257222
4102,0.002109,172.31.40.0-255,66,119666,76,257222
4103,0.002116,74.125.200.0-255,5738,125404,76,257222
4104,0.002118,172.31.40.0-255,66,125470,76,257222
4105,0.00219,172.31.40.0-255,66,125536,76,257222
4106,0.002196,74.125.200.0-255,4320,129856,76,257222
4107,0.002198,172.31.40.0-255,66,129922,76,257222
4108,0.002222,74.125.200.0-255,2184,132106,76,257222
4109,0.002224,172.31.40.0-255,66,132172,76,257222
4110,0.004479,74.125.200.0-255,2902,135074,76,257222
4111,0.004486,172.31.40.0-255,66,135140,76,257222
4112,0.004521,74.125.200.0-255,2902,138042,76,257222
4113,0.004524,172.31.40.0-255,66,138108,76,257222
4114,0.006775,74.125.200.0-255,2902,141010,76,257222
4115,0.00678,172.31.40.0-255,66,141076,76,257222
4116,0.006804,74.125.200.0-255,1484,142560,76,257222
4117,0.006825,74.125.200.0-255,1484,144044,76,257222
4118,0.006827,172.31.40.0-255,66,144110,76,257222
4119,0.009067,74.125.200.0-255,2902,147012,76,257222
4120,0.009075,172.31.40.0-255,66,147078,76,257222
4121,0.009109,74.125.200.0-255,2902,149980,76,257222
4122,0.009112,172.31.40.0-255,66,150046,76,257222
4123,0.011361,74.125.200.0-255,2902,152948,76,257222
4124,0.01137,172.31.40.0-255,66,153014,76,257222
4125,0.011406,74.125.200.0-255,2902,155916,76,257222
4126,0.011408,172.31.40.0-255,66,155982,76,257222
4127,0.013661,74.125.200.0-255,2902,158884,76,257222
4128,0.013668,172.31.40.0-255,66,158950,76,257222
4129,0.013697,74.125.200.0-255,2902,161852,76,257222
4130,0.0137,172.31.40.0-255,66,161918,76,257222
4131,0.015972,74.125.200.0-255,5738,167656,76,257222
4132,0.015982,172.31.40.0-255,66,167722,76,257222
4133,0.018269,74.125.200.0-255,5738,173460,76,257222
4134,0.018278,172.31.40.0-255,66,173526,76,257222
4135,0.020581,74.125.200.0-255,5738,179264,76,257222
4136,0.020589,172.31.40.0-255,66,179330,76,257222
4137,0.022901,74.125.200.0-255,5738,185068,76,257222
4138,0.022918,172.31.40.0-255,66,185134,76,257222
4139,0.025221,74.125.200.0-255,5738,190872,76,257222
4140,0.025237,172.31.40.0-255,66,190938,76,257222
4141,0.027546,74.125.200.0-255,5738,196676,76,257222
4142,0.027564,172.31.40.0-255,66,196742,76,257222
4143,0.029882,74.125.200.0-255,5738,202480,76,257222
4144,0.029899,172.31.40.0-255,66,202546,76,257222
4145,0.032208,74.125.200.0-255,5738,208284,76,257222
4146,0.032218,172.31.40.0-255,66,208350,76,257222
4147,0.03451,74.125.200.0-255,5738,214088,76,257222
4148,0.034518,172.31.40.0-255,66,214154,76,257222
4149,0.036858,74.125.200.0-255,5738,219892,76,257222
4150,0.036875,172.31.40.0-255,66,219958,76,257222
4151,0.039169,74.125.200.0-255,5738,225696,76,257222
4152,0.039177,172.31.40.0-255,66,225762,76,257222
4153,0.041485,74.125.200.0-255,5738,231500,76,257222
4154,0.041501,172.31.40.0-255,66,231566,76,257222
4155,0.04379,74.125.200.0-255,5738,237304,76,257222
4156,0.043798,172.31.40.0-255,66,237370,76,257222
4157,0.045529,172.31.40.0-255,172,237542,76,257222
4158,0.045562,172.31.40.0-255,1105,238647,76,257222
4159,0.045631,172.31.40.0-255,1514,240161,76,257222
4160,0.045633,172.31.40.0-255,1514,241675,76,257222
4161,0.045634,172.31.40.0-255,1514,243189,76,257222
4162,0.045635,172.31.40.0-255,1514,244703,76,257222
4163,0.045636,172.31.40.0-255,581,245284,76,257222
4164,0.046109,74.125.200.0-255,5738,251022,76,257222
4165,0.046118,172.31.40.0-255,66,251088,76,257222
4166,0.047082,104.244.42.0-255,66,251154,76,257222
4167,0.047102,104.244.42.0-255,66,251220,76,257222
4168,0.047205,104.244.42.0-255,66,251286,76,257222
4169,0.047209,104.244.42.0-255,66,251352,76,257222
4170,0.047211,104.244.42.0-255,66,251418,76,257222
4171,0.048412,74.125.200.0-255,5738,257156,76,257222
4172,0.048425,172.31.40.0-255,66,257222,76,257222
4173,0.0,74.125.24.0-255,153,153,76,252587
4174,1.7e-05,172.31.40.0-255,66,219,76,252587
4175,2.5e-05,74.125.24.0-255,1484,1703,76,252587
4176,3e-05,172.31.40.0-255,66,1769,76,252587
4177,3.6e-05,74.125.24.0-255,2902,4671,76,252587
4178,3.9e-05,172.31.40.0-255,66,4737,76,252587
4179,4.8e-05,74.125.24.0-255,7156,11893,76,252587
4180,5.1e-05,172.31.40.0-255,66,11959,76,252587
4181,5.5e-05,74.125.24.0-255,2138,14097,76,252587
4182,5.9e-05,172.31.40.0-255,66,14163,76,252587
4183,0.000122,74.125.24.0-255,1484,15647,76,252587
4184,0.000125,172.31.40.0-255,66,15713,76,252587
4185,0.00013,74.125.24.0-255,2902,18615,76,252587
4186,0.000133,172.31.40.0-255,66,18681,76,252587
4187,0.00016,74.125.24.0-255,5738,24419,76,252587
4188,0.000162,172.31.40.0-255,66,24485,76,252587
4189,0.000188,74.125.24.0-255,5738,30223,76,252587
4190,0.000191,172.31.40.0-255,66,30289,76,252587
4191,0.00022,172.31.40.0-255,66,30355,76,252587
4192,0.000231,172.31.40.0-255,66,30421,76,252587
4193,0.000266,172.31.40.0-255,66,30487,76,252587
4194,0.00027,74.125.24.0-255,2902,33389,76,252587
4195,0.000272,172.31.40.0-255,66,33455,76,252587
4196,0.000303,74.125.24.0-255,5738,39193,76,252587
4197,0.000305,172.31.40.0-255,66,39259,76,252587
4198,0.000308,74.125.24.0-255,1417,40676,76,252587
4199,0.000311,172.31.40.0-255,66,40742,76,252587
4200,0.000563,74.125.24.0-255,133,40875,76,252587
4201,0.000569,172.31.40.0-255,66,40941,76,252587
4202,0.000817,74.125.24.0-255,1484,42425,76,252587
4203,0.00082,74.125.24.0-255,1484,43909,76,252587
4204,0.000827,172.31.40.0-255,66,43975,76,252587
4205,0.000835,74.125.24.0-255,1484,45459,76,252587
4206,0.00085,74.125.24.0-255,4320,49779,76,252587
4207,0.000853,172.31.40.0-255,66,49845,76,252587
4208,0.000871,74.125.24.0-255,1484,51329,76,252587
4209,0.00088,74.125.24.0-255,7156,58485,76,252587
4210,0.000883,172.31.40.0-255,66,58551,76,252587
4211,0.0009,74.125.24.0-255,1125,59676,76,252587
4212,0.000905,74.125.24.0-255,2902,62578,76,252587
4213,0.000907,172.31.40.0-255,66,62644,76,252587
4214,0.000926,74.125.24.0-255,5738,68382,76,252587
4215,0.000929,172.31.40.0-255,66,68448,76,252587
4216,0.000937,74.125.24.0-255,6797,75245,76,252587
4217,0.000939,172.31.40.0-255,66,75311,76,252587
4218,0.001195,74.125.24.0-255,1484,76795,76,252587
4219,0.001201,74.125.24.0-255,2902,79697,76,252587
4220,0.001204,172.31.40.0-255,66,79763,76,252587
4221,0.001228,74.125.24.0-255,5738,85501,76,252587
4222,0.001231,172.31.40.0-255,66,85567,76,252587
4223,0.001258,74.125.24.0-255,2902,88469,76,252587
4224,0.00126,172.31.40.0-255,66,88535,76,252587
4225,0.001289,172.31.40.0-255,66,88601,76,252587
4226,0.0013,172.31.40.0-255,66,88667,76,252587
4227,0.001304,74.125.24.0-255,2184,90851,76,252587
4228,0.001306,172.31.40.0-255,66,90917,76,252587
4229,0.00132,74.125.24.0-255,1484,92401,76,252587
4230,0.001339,74.125.24.0-255,1484,93885,76,252587
4231,0.001342,172.31.40.0-255,66,93951,76,252587
4232,0.00135,74.125.24.0-255,7156,101107,76,252587
4233,0.001353,172.31.40.0-255,66,101173,76,252587
4234,0.001401,172.31.40.0-255,66,101239,76,252587
4235,0.001408,74.125.24.0-255,5738,106977,76,252587
4236,0.00141,172.31.40.0-255,66,107043,76,252587
4237,0.001425,74.125.24.0-255,2184,109227,76,252587
4238,0.001428,172.31.40.0-255,66,109293,76,252587
4239,0.002311,74.125.24.0-255,1484,110777,76,252587
4240,0.00232,74.125.24.0-255,2902,113679,76,252587
4241,0.002325,172.31.40.0-255,66,113745,76,252587
4242,0.002332,74.125.24.0-255,4320,118065,76,252587
4243,0.002334,172.31.40.0-255,66,118131,76,252587
4244,0.002338,74.125.24.0-255,1484,119615,76,252587
4245,0.002365,74.125.24.0-255,4320,123935,76,252587
4246,0.002367,172.31.40.0-255,66,124001,76,252587
4247,0.002373,74.125.24.0-255,4320,128321,76,252587
4248,0.002375,172.31.40.0-255,66,128387,76,252587
4249,0.002395,74.125.24.0-255,7156,135543,76,252587
4250,0.002397,172.31.40.0-255,66,135609,76,252587
4251,0.002403,74.125.24.0-255,4320,139929,76,252587
4252,0.002405,172.31.40.0-255,66,139995,76,252587
4253,0.00241,74.125.24.0-255,2902,142897,76,252587
4254,0.002412,172.31.40.0-255,66,142963,76,252587
4255,0.002432,74.125.24.0-255,766,143729,76,252587
4256,0.004803,74.125.24.0-255,4320,148049,76,252587
4257,0.004811,172.31.40.0-255,66,148115,76,252587
4258,0.007219,74.125.24.0-255,5738,153853,76,252587
4259,0.007223,172.31.40.0-255,66,153919,76,252587
4260,0.009625,74.125.24.0-255,5738,159657,76,252587
4261,0.009633,172.31.40.0-255,66,159723,76,252587
4262,0.012019,74.125.24.0-255,5738,165461,76,252587
4263,0.012029,172.31.40.0-255,66,165527,76,252587
4264,0.014443,74.125.24.0-255,5738,171265,76,252587
4265,0.014453,172.31.40.0-255,66,171331,76,252587
4266,0.01686,74.125.24.0-255,5738,177069,76,252587
4267,0.016867,172.31.40.0-255,66,177135,76,252587
4268,0.019259,74.125.24.0-255,5738,182873,76,252587
4269,0.019267,172.31.40.0-255,66,182939,76,252587
4270,0.021667,74.125.24.0-255,5738,188677,76,252587
4271,0.021681,172.31.40.0-255,66,188743,76,252587
4272,0.024062,74.125.24.0-255,5738,194481,76,252587
4273,0.024071,172.31.40.0-255,66,194547,76,252587
4274,0.026464,74.125.24.0-255,5738,200285,76,252587
4275,0.026484,172.31.40.0-255,66,200351,76,252587
4276,0.028909,74.125.24.0-255,5738,206089,76,252587
4277,0.028924,172.31.40.0-255,66,206155,76,252587
4278,0.031317,74.125.24.0-255,5738,211893,76,252587
4279,0.031332,172.31.40.0-255,66,211959,76,252587
4280,0.033717,74.125.24.0-255,5738,217697,76,252587
4281,0.033728,172.31.40.0-255,66,217763,76,252587
4282,0.036087,74.125.24.0-255,5738,223501,76,252587
4283,0.036099,172.31.40.0-255,66,223567,76,252587
4284,0.038502,74.125.24.0-255,5738,229305,76,252587
4285,0.038512,172.31.40.0-255,66,229371,76,252587
4286,0.040915,74.125.24.0-255,5738,235109,76,252587
4287,0.040943,172.31.40.0-255,66,235175,76,252587
4288,0.043423,74.125.24.0-255,5738,240913,76,252587
4289,0.043432,172.31.40.0-255,66,240979,76,252587
4290,0.045797,74.125.24.0-255,5738,246717,76,252587
4291,0.045807,172.31.40.0-255,66,246783,76,252587
4292,0.048219,74.125.24.0-255,5738,252521,76,252587
4293,0.048235,172.31.40.0-255,66,252587,76,252587
4294,0.0,74.125.68.0-255,220,220,76,348839
4295,2.3e-05,172.31.40.0-255,66,286,76,348839
4296,3.1e-05,74.125.68.0-255,1484,1770,76,348839
4297,3.6e-05,172.31.40.0-255,66,1836,76,348839
4298,4.2e-05,74.125.68.0-255,2902,4738,76,348839
4299,4.5e-05,172.31.40.0-255,66,4804,76,348839
4300,7.7e-05,74.125.68.0-255,2902,7706,76,348839
4301,8e-05,172.31.40.0-255,66,7772,76,348839
4302,0.000118,74.125.68.0-255,4320,12092,76,348839
4303,0.000121,172.31.40.0-255,66,12158,76,348839
4304,0.000125,74.125.68.0-255,1938,14096,76,348839
4305,0.000128,172.31.40.0-255,66,14162,76,348839
4306,0.000152,74.125.68.0-255,2902,17064,76,348839
4307,0.000154,172.31.40.0-255,66,17130,76,348839
4308,0.000159,74.125.68.0-255,2902,20032,76,348839
4309,0.000161,172.31.40.0-255,66,20098,76,348839
4310,0.000178,74.125.68.0-255,4320,24418,76,348839
4311,0.000181,172.31.40.0-255,66,24484,76,348839
4312,0.000186,74.125.68.0-255,4320,28804,76,348839
4313,0.000188,172.31.40.0-255,66,28870,76,348839
4314,0.000228,74.125.68.0-255,2543,31413,76,348839
4315,0.000231,172.31.40.0-255,66,31479,76,348839
4316,0.000303,74.125.68.0-255,1484,32963,76,348839
4317,0.000307,172.31.40.0-255,66,33029,76,348839
4318,0.000322,74.125.68.0-255,1484,34513,76,348839
4319,0.000325,172.31.40.0-255,66,34579,76,348839
4320,0.000339,74.125.68.0-255,2902,37481,76,348839
4321,0.000342,172.31.40.0-255,66,37547,76,348839
4322,0.000368,74.125.68.0-255,5738,43285,76,348839
4323,0.000371,172.31.40.0-255,66,43351,76,348839
4324,0.000374,74.125.68.0-255,1484,44835,76,348839
4325,0.000376,172.31.40.0-255,66,44901,76,348839
4326,0.000396,74.125.68.0-255,3961,48862,76,348839
4327,0.000399,172.31.40.0-255,66,48928,76,348839
4328,0.000427,74.125.68.0-255,2902,51830,76,348839
4329,0.00043,172.31.40.0-255,66,51896,76,348839
4330,0.000447,74.125.68.0-255,2902,54798,76,348839
4331,0.00045,172.31.40.0-255,66,54864,76,348839
4332,0.000484,74.125.68.0-255,2902,57766,76,348839
4333,0.000487,172.31.40.0-255,66,57832,76,348839
4334,0.000492,74.125.68.0-255,2902,60734,76,348839
4335,0.000494,172.31.40.0-255,66,60800,76,348839
4336,0.000505,74.125.68.0-255,1484,62284,76,348839
4337,0.000527,74.125.68.0-255,2902,65186,76,348839
4338,0.00053,172.31.40.0-255,66,65252,76,348839
4339,0.000547,74.125.68.0-255,1400,66652,76,348839
4340,0.00055,74.125.68.0-255,125,66777,76,348839
4341,0.000702,74.125.68.0-255,1484,68261,76,348839
4342,0.000706,172.31.40.0-255,66,68327,76,348839
4343,0.000712,74.125.68.0-255,2902,71229,76,348839
4344,0.000714,172.31.40.0-255,66,71295,76,348839
4345,0.000743,74.125.68.0-255,5738,77033,76,348839
4346,0.000746,172.31.40.0-255,66,77099,76,348839
4347,0.000754,74.125.68.0-255,4320,81419,76,348839
4348,0.000757,172.31.40.0-255,66,81485,76,348839
4349,0.000777,74.125.68.0-255,2902,84387,76,348839
4350,0.000779,172.31.40.0-255,66,84453,76,348839
4351,0.000784,74.125.68.0-255,2902,87355,76,348839
4352,0.000787,172.31.40.0-255,66,87421,76,348839
4353,0.000812,74.125.68.0-255,4320,91741,76,348839
4354,0.000816,172.31.40.0-255,66,91807,76,348839
4355,0.000834,74.125.68.0-255,7156,98963,76,348839
4356,0.000838,172.31.40.0-255,66,99029,76,348839
4357,0.000851,74.125.68.0-255,1484,100513,76,348839
4358,0.000862,74.125.68.0-255,766,101279,76,348839
4359,0.000864,172.31.40.0-255,66,101345,76,348839
4360,0.000919,74.125.68.0-255,1771,103116,76,348839
4361,0.000923,172.31.40.0-255,66,103182,76,348839
4362,0.000926,74.125.68.0-255,1484,104666,76,348839
4363,0.000943,74.125.68.0-255,2902,107568,76,348839
4364,0.000946,172.31.40.0-255,66,107634,76,348839
4365,0.000963,74.125.68.0-255,5738,113372,76,348839
4366,0.000966,172.31.40.0-255,66,113438,76,348839
4367,0.000982,74.125.68.0-255,4320,117758,76,348839
4368,0.000985,172.31.40.0-255,66,117824,76,348839
4369,0.001004,74.125.68.0-255,1484,119308,76,348839
4370,0.001041,74.125.68.0-255,5738,125046,76,348839
4371,0.001044,172.31.40.0-255,66,125112,76,348839
4372,0.001061,74.125.68.0-255,1484,126596,76,348839
4373,0.0011,74.125.68.0-255,2902,129498,76,348839
4374,0.001104,172.31.40.0-255,66,129564,76,348839
4375,0.001107,74.125.68.0-255,1484,131048,76,348839
4376,0.001137,74.125.68.0-255,2902,133950,76,348839
4377,0.00114,172.31.40.0-255,66,134016,76,348839
4378,0.001145,74.125.68.0-255,2184,136200,76,348839
4379,0.001147,172.31.40.0-255,66,136266,76,348839
4380,0.00131,74.125.68.0-255,1484,137750,76,348839
4381,0.00134,74.125.68.0-255,2902,140652,76,348839
4382,0.001343,172.31.40.0-255,66,140718,76,348839
4383,0.001362,74.125.68.0-255,1484,142202,76,348839
4384,0.001376,74.125.68.0-255,2902,145104,76,348839
4385,0.001378,172.31.40.0-255,66,145170,76,348839
4386,0.001389,74.125.68.0-255,1484,146654,76,348839
4387,0.001402,74.125.68.0-255,2902,149556,76,348839
4388,0.001406,172.31.40.0-255,66,149622,76,348839
4389,0.001413,74.125.68.0-255,1484,151106,76,348839
4390,0.001431,74.125.68.0-255,4320,155426,76,348839
4391,0.001433,172.31.40.0-255,66,155492,76,348839
4392,0.001438,74.125.68.0-255,2902,158394,76,348839
4393,0.00144,172.31.40.0-255,66,158460,76,348839
4394,0.001456,74.125.68.0-255,2902,161362,76,348839
4395,0.001459,172.31.40.0-255,66,161428,76,348839
4396,0.001495,74.125.68.0-255,4320,165748,76,348839
4397,0.001498,172.31.40.0-255,66,165814,76,348839
4398,0.001539,74.125.68.0-255,4320,170134,76,348839
4399,0.001543,172.31.40.0-255,66,170200,76,348839
4400,0.001593,74.125.68.0-255,766,170966,76,348839
4401,0.001789,74.125.68.0-255,1484,172450,76,348839
4402,0.001793,172.31.40.0-255,66,172516,76,348839
4403,0.001799,74.125.68.0-255,2902,175418,76,348839
4404,0.001801,172.31.40.0-255,66,175484,76,348839
4405,0.001827,74.125.68.0-255,5738,181222,76,348839
4406,0.001829,172.31.40.0-255,66,181288,76,348839
4407,0.001876,172.31.40.0-255,66,181354,76,348839
4408,0.001904,172.31.40.0-255,66,181420,76,348839
4409,0.001921,74.125.68.0-255,5020,186440,76,348839
4410,0.001924,172.31.40.0-255,66,186506,76,348839
4411,0.001939,74.125.68.0-255,4320,190826,76,348839
4412,0.001942,172.31.40.0-255,66,190892,76,348839
4413,0.001983,172.31.40.0-255,66,190958,76,348839
4414,0.001993,172.31.40.0-255,66,191024,76,348839
4415,0.002029,172.31.40.0-255,66,191090,76,348839
4416,0.002032,74.125.68.0-255,1484,192574,76,348839
4417,0.002049,74.125.68.0-255,2902,195476,76,348839
4418,0.002051,172.31.40.0-255,66,195542,76,348839
4419,0.002056,74.125.68.0-255,2902,198444,76,348839
4420,0.002058,172.31.40.0-255,66,198510,76,348839
4421,0.002082,74.125.68.0-255,4320,202830,76,348839
4422,0.002085,172.31.40.0-255,66,202896,76,348839
4423,0.00209,74.125.68.0-255,2902,205798,76,348839
4424,0.002093,172.31.40.0-255,66,205864,76,348839
4425,0.002114,74.125.68.0-255,5738,211602,76,348839
4426,0.002117,172.31.40.0-255,66,211668,76,348839
4427,0.002128,172.31.40.0-255,66,211734,76,348839
4428,0.00217,74.125.68.0-255,3602,215336,76,348839
4429,0.002173,172.31.40.0-255,66,215402,76,348839
4430,0.002178,74.125.68.0-255,4320,219722,76,348839
4431,0.002181,172.31.40.0-255,66,219788,76,348839
4432,0.002205,74.125.68.0-255,4320,224108,76,348839
4433,0.002208,172.31.40.0-255,66,224174,76,348839
4434,0.002231,74.125.68.0-255,5738,229912,76,348839
4435,0.002234,172.31.40.0-255,66,229978,76,348839
4436,0.002239,74.125.68.0-255,4320,234298,76,348839
4437,0.002242,172.31.40.0-255,66,234364,76,348839
4438,0.002276,74.125.68.0-255,5738,240102,76,348839
4439,0.002279,172.31.40.0-255,66,240168,76,348839
4440,0.002309,172.31.40.0-255,66,240234,76,348839
4441,0.002316,74.125.68.0-255,7156,247390,76,348839
4442,0.002318,172.31.40.0-255,66,247456,76,348839
4443,0.004607,74.125.68.0-255,5738,253194,76,348839
4444,0.004625,172.31.40.0-255,66,253260,76,348839
4445,0.006912,74.125.68.0-255,5738,258998,76,348839
4446,0.006925,172.31.40.0-255,66,259064,76,348839
4447,0.00921,74.125.68.0-255,5738,264802,76,348839
4448,0.009223,172.31.40.0-255,66,264868,76,348839
4449,0.011537,74.125.68.0-255,5738,270606,76,348839
4450,0.011553,172.31.40.0-255,66,270672,76,348839
4451,0.013846,74.125.68.0-255,5738,276410,76,348839
4452,0.013859,172.31.40.0-255,66,276476,76,348839
4453,0.016148,74.125.68.0-255,5738,282214,76,348839
4454,0.016154,172.31.40.0-255,66,282280,76,348839
4455,0.018484,74.125.68.0-255,5738,288018,76,348839
4456,0.018492,172.31.40.0-255,66,288084,76,348839
4457,0.020776,74.125.68.0-255,5738,293822,76,348839
4458,0.020784,172.31.40.0-255,66,293888,76,348839
4459,0.023115,74.125.68.0-255,5738,299626,76,348839
4460,0.023124,172.31.40.0-255,66,299692,76,348839
4461,0.025406,74.125.68.0-255,5738,305430,76,348839
4462,0.025415,172.31.40.0-255,66,305496,76,348839
4463,0.027695,74.125.68.0-255,5738,311234,76,348839
4464,0.027706,172.31.40.0-255,66,311300,76,348839
4465,0.030001,74.125.68.0-255,5738,317038,76,348839
4466,0.03001,172.31.40.0-255,66,317104,76,348839
4467,0.032289,74.125.68.0-255,5738,322842,76,348839
4468,0.0323,172.31.40.0-255,66,322908,76,348839
4469,0.034582,74.125.68.0-255,5738,328646,76,348839
4470,0.034591,172.31.40.0-255,66,328712,76,348839
4471,0.036884,74.125.68.0-255,5738,334450,76,348839
4472,0.036894,172.31.40.0-255,66,334516,76,348839
4473,0.039193,74.125.68.0-255,5738,340254,76,348839
4474,0.039208,172.31.40.0-255,66,340320,76,348839
4475,0.041502,74.125.68.0-255,5738,346058,76,348839
4476,0.041515,172.31.40.0-255,66,346124,76,348839
4477,0.043831,74.125.68.0-255,2478,348602,76,348839
4478,0.043839,172.31.40.0-255,66,348668,76,348839
4479,0.044009,172.31.40.0-255,105,348773,76,348839
4480,0.046271,74.125.68.0-255,66,348839,76,348839
4481,0.0,74.125.24.0-255,153,153,76,258871
4482,1.9e-05,172.31.40.0-255,66,219,76,258871
4483,2.6e-05,74.125.24.0-255,1484,1703,76,258871
4484,3e-05,172.31.40.0-255,66,1769,76,258871
4485,3.5e-05,74.125.24.0-255,2902,4671,76,258871
4486,3.8e-05,172.31.40.0-255,66,4737,76,258871
4487,5.3e-05,74.125.24.0-255,5738,10475,76,258871
4488,5.6e-05,172.31.40.0-255,66,10541,76,258871
4489,9.7e-05,74.125.24.0-255,3548,14089,76,258871
4490,0.000105,172.31.40.0-255,66,14155,76,258871
4491,0.000273,74.125.24.0-255,1484,15639,76,258871
4492,0.000279,172.31.40.0-255,66,15705,76,258871
4493,0.000284,74.125.24.0-255,2902,18607,76,258871
4494,0.000286,172.31.40.0-255,66,18673,76,258871
4495,0.000291,74.125.24.0-255,4320,22993,76,258871
4496,0.000299,172.31.40.0-255,66,23059,76,258871
4497,0.000329,74.125.24.0-255,1484,24543,76,258871
4498,0.000336,172.31.40.0-255,66,24609,76,258871
4499,0.000343,74.125.24.0-255,6797,31406,76,258871
4500,0.000346,172.31.40.0-255,66,31472,76,258871
4501,0.000353,74.125.24.0-255,7156,38628,76,258871
4502,0.000355,172.31.40.0-255,66,38694,76,258871
4503,0.000376,172.31.40.0-255,66,38760,76,258871
4504,0.00044,74.125.24.0-255,1484,40244,76,258871
4505,0.000442,172.31.40.0-255,66,40310,76,258871
4506,0.000473,74.125.24.0-255,2902,43212,76,258871
4507,0.000476,172.31.40.0-255,66,43278,76,258871
4508,0.00048,74.125.24.0-255,2902,46180,76,258871
4509,0.000482,172.31.40.0-255,66,46246,76,258871
4510,0.000493,74.125.24.0-255,7156,53402,76,258871
4511,0.000496,172.31.40.0-255,66,53468,76,258871
4512,0.000524,74.125.24.0-255,2543,56011,76,258871
4513,0.000541,172.31.40.0-255,66,56077,76,258871
4514,0.000722,74.125.24.0-255,647,56724,76,258871
4515,0.00075,74.125.24.0-255,1484,58208,76,258871
4516,0.000764,74.125.24.0-255,4320,62528,76,258871
4517,0.000774,172.31.40.0-255,66,62594,76,258871
4518,0.000785,74.125.24.0-255,5738,68332,76,258871
4519,0.000807,172.31.40.0-255,66,68398,76,258871
4520,0.000825,74.125.24.0-255,5379,73777,76,258871
4521,0.000845,172.31.40.0-255,66,73843,76,258871
4522,0.001324,74.125.24.0-255,1484,75327,76,258871
4523,0.00133,74.125.24.0-255,2902,78229,76,258871
4524,0.001333,172.31.40.0-255,66,78295,76,258871
4525,0.001337,74.125.24.0-255,1484,79779,76,258871
4526,0.001363,74.125.24.0-255,4320,84099,76,258871
4527,0.001376,74.125.24.0-255,2902,87001,76,258871
4528,0.00142,74.125.24.0-255,5738,92739,76,258871
4529,0.001425,74.125.24.0-255,2902,95641,76,258871
4530,0.001459,172.31.40.0-255,66,95707,76,258871
4531,0.00194,74.125.24.0-255,1484,97191,76,258871
4532,0.001967,74.125.24.0-255,2902,100093,76,258871
4533,0.001971,172.31.40.0-255,66,100159,76,258871
4534,0.002012,74.125.24.0-255,5738,105897,76,258871
4535,0.002018,74.125.24.0-255,4320,110217,76,258871
4536,0.002022,74.125.24.0-255,2902,113119,76,258871
4537,0.002074,74.125.24.0-255,4320,117439,76,258871
4538,0.002077,74.125.24.0-255,766,118205,76,258871
4539,0.002147,74.125.24.0-255,1484,119689,76,258871
4540,0.00216,74.125.24.0-255,2902,122591,76,258871
4541,0.002163,74.125.24.0-255,1484,124075,76,258871
4542,0.002179,74.125.24.0-255,4320,128395,76,258871
4543,0.002194,74.125.24.0-255,2902,131297,76,258871
4544,0.002278,74.125.24.0-255,4320,135617,76,258871
4545,0.002296,74.125.24.0-255,6438,142055,76,258871
4546,0.002317,74.125.24.0-255,1484,143539,76,258871
4547,0.002334,74.125.24.0-255,2902,146441,76,258871
4548,0.00234,74.125.24.0-255,5738,152179,76,258871
4549,0.002353,74.125.24.0-255,1484,153663,76,258871
4550,0.00237,74.125.24.0-255,2902,156565,76,258871
4551,0.002393,74.125.24.0-255,5738,162303,76,258871
4552,0.002451,74.125.24.0-255,2902,165205,76,258871
4553,0.002466,74.125.24.0-255,2184,167389,76,258871
4554,0.002508,74.125.24.0-255,1484,168873,76,258871
4555,0.002514,74.125.24.0-255,2902,171775,76,258871
4556,0.00252,74.125.24.0-255,5738,177513,76,258871
4557,0.002531,74.125.24.0-255,1484,178997,76,258871
4558,0.00256,74.125.24.0-255,4320,183317,76,258871
4559,0.002582,74.125.24.0-255,2902,186219,76,258871
4560,0.002586,74.125.24.0-255,2902,189121,76,258871
4561,0.002589,74.125.24.0-255,766,189887,76,258871
4562,0.002686,74.125.24.0-255,1484,191371,76,258871
4563,0.002703,74.125.24.0-255,2902,194273,76,258871
4564,0.002707,74.125.24.0-255,1484,195757,76,258871
4565,0.002724,74.125.24.0-255,4320,200077,76,258871
4566,0.002729,74.125.24.0-255,2902,202979,76,258871
4567,0.002753,74.125.24.0-255,7156,210135,76,258871
4568,0.002791,74.125.24.0-255,2902,213037,76,258871
4569,0.002844,74.125.24.0-255,2902,215939,76,258871
4570,0.002858,74.125.24.0-255,766,216705,76,258871
4571,0.003169,74.125.24.0-255,1484,218189,76,258871
4572,0.003177,74.125.24.0-255,2902,221091,76,258871
4573,0.003183,74.125.24.0-255,4320,225411,76,258871
4574,0.003198,74.125.24.0-255,1484,226895,76,258871
4575,0.003203,74.125.24.0-255,4320,231215,76,258871
4576,0.003262,74.125.24.0-255,2184,233399,76,258871
4577,0.0033,74.125.24.0-255,2902,236301,76,258871
4578,0.003315,74.125.24.0-255,1484,237785,76,258871
4579,0.003329,74.125.24.0-255,5738,243523,76,258871
4580,0.003392,74.125.24.0-255,2902,246425,76,258871
4581,0.003396,74.125.24.0-255,4320,250745,76,258871
4582,0.003424,74.125.24.0-255,3270,254015,76,258871
4583,0.003427,74.125.24.0-255,97,254112,76,258871
4584,0.003454,74.125.24.0-255,105,254217,76,258871
4585,0.01198,74.125.24.0-255,105,254322,76,258871
4586,0.012003,172.31.40.0-255,78,254400,76,258871
4587,0.018293,172.31.40.0-255,105,254505,76,258871
4588,0.020819,74.125.24.0-255,66,254571,76,258871
4589,0.046084,172.31.40.0-255,172,254743,76,258871
4590,0.046119,172.31.40.0-255,1109,255852,76,258871
4591,0.046182,172.31.40.0-255,1514,257366,76,258871
4592,0.046184,172.31.40.0-255,1307,258673,76,258871
4593,0.047628,104.244.42.0-255,66,258739,76,258871
4594,0.047754,104.244.42.0-255,66,258805,76,258871
4595,0.047774,104.244.42.0-255,66,258871,76,258871
4596,0.0,74.125.24.0-255,153,153,76,209978
4597,1.8e-05,172.31.40.0-255,66,219,76,209978
4598,2.5e-05,74.125.24.0-255,1484,1703,76,209978
4599,2.9e-05,172.31.40.0-255,66,1769,76,209978
4600,3.5e-05,74.125.24.0-255,2902,4671,76,209978
4601,4.5e-05,172.31.40.0-255,66,4737,76,209978
4602,5.1e-05,74.125.24.0-255,5738,10475,76,209978
4603,5.4e-05,172.31.40.0-255,66,10541,76,209978
4604,9.6e-05,74.125.24.0-255,3496,14037,76,209978
4605,9.9e-05,172.31.40.0-255,66,14103,76,209978
4606,0.000593,74.125.24.0-255,1484,15587,76,209978
4607,0.0006,172.31.40.0-255,66,15653,76,209978
4608,0.000609,74.125.24.0-255,2902,18555,76,209978
4609,0.000611,172.31.40.0-255,66,18621,76,209978
4610,0.00064,74.125.24.0-255,5738,24359,76,209978
4611,0.000642,172.31.40.0-255,66,24425,76,209978
4612,0.000646,74.125.24.0-255,1484,25909,76,209978
4613,0.000648,172.31.40.0-255,66,25975,76,209978
4614,0.000671,74.125.24.0-255,5379,31354,76,209978
4615,0.000674,172.31.40.0-255,66,31420,76,209978
4616,0.001279,74.125.24.0-255,1484,32904,76,209978
4617,0.001286,172.31.40.0-255,66,32970,76,209978
4618,0.001312,74.125.24.0-255,1484,34454,76,209978
4619,0.001315,172.31.40.0-255,66,34520,76,209978
4620,0.00132,74.125.24.0-255,2902,37422,76,209978
4621,0.001323,172.31.40.0-255,66,37488,76,209978
4622,0.001334,74.125.24.0-255,5738,43226,76,209978
4623,0.001337,172.31.40.0-255,66,43292,76,209978
4624,0.001365,74.125.24.0-255,4320,47612,76,209978
4625,0.001367,172.31.40.0-255,66,47678,76,209978
4626,0.001393,172.31.40.0-255,66,47744,76,209978
4627,0.001574,74.125.24.0-255,131,47875,76,209978
4628,0.001619,74.125.24.0-255,1484,49359,76,209978
4629,0.001631,74.125.24.0-255,2902,52261,76,209978
4630,0.001648,74.125.24.0-255,7156,59417,76,209978
4631,0.001653,74.125.24.0-255,2902,62319,76,209978
4632,0.00167,74.125.24.0-255,2902,65221,76,209978
4633,0.001683,74.125.24.0-255,4320,69541,76,209978
4634,0.001718,74.125.24.0-255,2184,71725,76,209978
4635,0.003527,172.31.40.0-255,66,71791,76,209978
4636,0.005649,74.125.24.0-255,5738,77529,76,209978
4637,0.005656,172.31.40.0-255,66,77595,76,209978
4638,0.007703,74.125.24.0-255,5738,83333,76,209978
4639,0.008156,172.31.40.0-255,66,83399,76,209978
4640,0.010217,74.125.24.0-255,5738,89137,76,209978
4641,0.010225,172.31.40.0-255,66,89203,76,209978
4642,0.012255,74.125.24.0-255,5738,94941,76,209978
4643,0.012262,172.31.40.0-255,66,95007,76,209978
4644,0.014293,74.125.24.0-255,5738,100745,76,209978
4645,0.014304,172.31.40.0-255,66,100811,76,209978
4646,0.016343,74.125.24.0-255,5738,106549,76,209978
4647,0.016351,172.31.40.0-255,66,106615,76,209978
4648,0.018381,74.125.24.0-255,5738,112353,76,209978
4649,0.018388,172.31.40.0-255,66,112419,76,209978
4650,0.020408,74.125.24.0-255,5738,118157,76,209978
4651,0.020416,172.31.40.0-255,66,118223,76,209978
4652,0.022453,74.125.24.0-255,5738,123961,76,209978
4653,0.022461,172.31.40.0-255,66,124027,76,209978
4654,0.024511,74.125.24.0-255,5738,129765,76,209978
4655,0.024519,172.31.40.0-255,66,129831,76,209978
4656,0.026562,74.125.24.0-255,5738,135569,76,209978
4657,0.026571,172.31.40.0-255,66,135635,76,209978
4658,0.027068,172.31.40.0-255,171,135806,76,209978
4659,0.0271,172.31.40.0-255,1109,136915,76,209978
4660,0.027167,172.31.40.0-255,1514,138429,76,209978
4661,0.027169,172.31.40.0-255,1514,139943,76,209978
4662,0.027174,172.31.40.0-255,1514,141457,76,209978
4663,0.027176,172.31.40.0-255,1514,142971,76,209978
4664,0.027194,172.31.40.0-255,1513,144484,76,209978
4665,0.028612,74.125.24.0-255,2902,147386,76,209978
4666,0.028618,172.31.40.0-255,66,147452,76,209978
4667,0.028647,104.244.42.0-255,66,147518,76,209978
4668,0.028653,104.244.42.0-255,66,147584,76,209978
4669,0.028656,74.125.24.0-255,2902,150486,76,209978
4670,0.028731,104.244.42.0-255,66,150552,76,209978
4671,0.029325,172.31.40.0-255,66,150618,76,209978
4672,0.030642,74.125.24.0-255,2902,153520,76,209978
4673,0.030649,172.31.40.0-255,66,153586,76,209978
4674,0.031363,74.125.24.0-255,2902,156488,76,209978
4675,0.03137,172.31.40.0-255,66,156554,76,209978
4676,0.032686,74.125.24.0-255,2902,159456,76,209978
4677,0.032693,172.31.40.0-255,66,159522,76,209978
4678,0.033406,74.125.24.0-255,2902,162424,76,209978
4679,0.033412,172.31.40.0-255,66,162490,76,209978
4680,0.03475,74.125.24.0-255,2902,165392,76,209978
4681,0.034756,172.31.40.0-255,66,165458,76,209978
4682,0.03544,74.125.24.0-255,2902,168360,76,209978
4683,0.035446,172.31.40.0-255,66,168426,76,209978
4684,0.036822,74.125.24.0-255,2902,171328,76,209978
4685,0.036828,172.31.40.0-255,66,171394,76,209978
4686,0.037487,74.125.24.0-255,2902,174296,76,209978
4687,0.037492,172.31.40.0-255,66,174362,76,209978
4688,0.038847,74.125.24.0-255,2902,177264,76,209978
4689,0.038853,172.31.40.0-255,66,177330,76,209978
4690,0.039531,74.125.24.0-255,2902,180232,76,209978
4691,0.039535,172.31.40.0-255,66,180298,76,209978
4692,0.040908,74.125.24.0-255,2902,183200,76,209978
4693,0.040914,172.31.40.0-255,66,183266,76,209978
4694,0.041572,74.125.24.0-255,2902,186168,76,209978
4695,0.041579,172.31.40.0-255,66,186234,76,209978
4696,0.042974,74.125.24.0-255,2902,189136,76,209978
4697,0.042981,172.31.40.0-255,66,189202,76,209978
4698,0.043612,74.125.24.0-255,2902,192104,76,209978
4699,0.043618,172.31.40.0-255,66,192170,76,209978
4700,0.045001,74.125.24.0-255,2902,195072,76,209978
4701,0.045008,172.31.40.0-255,66,195138,76,209978
4702,0.045669,74.125.24.0-255,2902,198040,76,209978
4703,0.045675,172.31.40.0-255,66,198106,76,209978
4704,0.047056,74.125.24.0-255,2902,201008,76,209978
4705,0.047062,172.31.40.0-255,66,201074,76,209978
4706,0.04769,74.125.24.0-255,2902,203976,76,209978
4707,0.047696,172.31.40.0-255,66,204042,76,209978
4708,0.049106,74.125.24.0-255,2902,206944,76,209978
4709,0.049111,172.31.40.0-255,66,207010,76,209978
4710,0.049749,74.125.24.0-255,2902,209912,76,209978
4711,0.049754,172.31.40.0-255,66,209978,76,209978
4712,0.0,74.125.130.0-255,156,156,76,274236
4713,2.3e-05,172.31.40.0-255,66,222,76,274236
4714,3e-05,74.125.130.0-255,1484,1706,76,274236
4715,3.5e-05,172.31.40.0-255,66,1772,76,274236
4716,4.7e-05,74.125.130.0-255,2902,4674,76,274236
4717,5e-05,172.31.40.0-255,66,4740,76,274236
4718,5.6e-05,74.125.130.0-255,4320,9060,76,274236
4719,5.8e-05,172.31.40.0-255,66,9126,76,274236
4720,9.3e-05,74.125.130.0-255,4835,13961,76,274236
4721,9.6e-05,172.31.40.0-255,66,14027,76,274236
4722,0.000177,74.125.130.0-255,1484,15511,76,274236
4723,0.00018,172.31.40.0-255,66,15577,76,274236
4724,0.000185,74.125.130.0-255,2902,18479,76,274236
4725,0.000187,172.31.40.0-255,66,18545,76,274236
4726,0.000193,74.125.130.0-255,5738,24283,76,274236
4727,0.000201,172.31.40.0-255,66,24349,76,274236
4728,0.000237,74.125.130.0-255,6797,31146,76,274236
4729,0.00024,172.31.40.0-255,66,31212,76,274236
4730,0.000287,172.31.40.0-255,66,31278,76,274236
4731,0.000321,74.125.130.0-255,5379,36657,76,274236
4732,0.000323,172.31.40.0-255,66,36723,76,274236
4733,0.00033,74.125.130.0-255,5738,42461,76,274236
4734,0.000333,172.31.40.0-255,66,42527,76,274236
4735,0.000377,172.31.40.0-255,66,42593,76,274236
4736,0.00038,74.125.130.0-255,98,42691,76,274236
4737,0.000382,172.31.40.0-255,66,42757,76,274236
4738,0.000385,74.125.130.0-255,363,43120,76,274236
4739,0.000386,172.31.40.0-255,66,43186,76,274236
4740,0.000624,74.125.130.0-255,1484,44670,76,274236
4741,0.000631,172.31.40.0-255,66,44736,76,274236
4742,0.000637,74.125.130.0-255,2902,47638,76,274236
4743,0.00064,172.31.40.0-255,66,47704,76,274236
4744,0.000643,74.125.130.0-255,1484,49188,76,274236
4745,0.000671,74.125.130.0-255,4320,53508,76,274236
4746,0.000674,172.31.40.0-255,66,53574,76,274236
4747,0.000679,74.125.130.0-255,4320,57894,76,274236
4748,0.000681,172.31.40.0-255,66,57960,76,274236
4749,0.000691,74.125.130.0-255,5738,63698,76,274236
4750,0.000695,172.31.40.0-255,66,63764,76,274236
4751,0.000707,172.31.40.0-255,66,63830,76,274236
4752,0.000711,74.125.130.0-255,2184,66014,76,274236
4753,0.000713,172.31.40.0-255,66,66080,76,274236
4754,0.00104,74.125.130.0-255,1484,67564,76,274236
4755,0.001052,74.125.130.0-255,1484,69048,76,274236
4756,0.001056,172.31.40.0-255,66,69114,76,274236
4757,0.001074,74.125.130.0-255,1484,70598,76,274236
4758,0.00108,74.125.130.0-255,4320,74918,76,274236
4759,0.001083,172.31.40.0-255,66,74984,76,274236
4760,0.001118,172.31.40.0-255,66,75050,76,274236
4761,0.001123,74.125.130.0-255,4320,79370,76,274236
4762,0.001125,172.31.40.0-255,66,79436,76,274236
4763,0.001171,74.125.130.0-255,4320,83756,76,274236
4764,0.001174,172.31.40.0-255,66,83822,76,274236
4765,0.001199,172.31.40.0-255,66,83888,76,274236
4766,0.00143,74.125.130.0-255,1484,85372,76,274236
4767,0.001451,74.125.130.0-255,2902,88274,76,274236
4768,0.001454,172.31.40.0-255,66,88340,76,274236
4769,0.001461,74.125.130.0-255,5738,94078,76,274236
4770,0.001463,172.31.40.0-255,66,94144,76,274236
4771,0.001497,74.125.130.0-255,7156,101300,76,274236
4772,0.001499,172.31.40.0-255,66,101366,76,274236
4773,0.001528,74.125.130.0-255,5738,107104,76,274236
4774,0.001531,172.31.40.0-255,66,107170,76,274236
4775,0.001561,74.125.130.0-255,5738,112908,76,274236
4776,0.001563,172.31.40.0-255,66,112974,76,274236
4777,0.001569,74.125.130.0-255,5020,117994,76,274236
4778,0.00157,172.31.40.0-255,66,118060,76,274236
4779,0.002047,74.125.130.0-255,1484,119544,76,274236
4780,0.002053,74.125.130.0-255,2902,122446,76,274236
4781,0.002057,172.31.40.0-255,66,122512,76,274236
4782,0.002062,74.125.130.0-255,2902,125414,76,274236
4783,0.002064,172.31.40.0-255,66,125480,76,274236
4784,0.002094,74.125.130.0-255,4320,129800,76,274236
4785,0.002097,172.31.40.0-255,66,129866,76,274236
4786,0.002107,172.31.40.0-255,66,129932,76,274236
4787,0.002112,74.125.130.0-255,2902,132834,76,274236
4788,0.002118,172.31.40.0-255,66,132900,76,274236
4789,0.002146,74.125.130.0-255,2902,135802,76,274236
4790,0.002153,74.125.130.0-255,7156,142958,76,274236
4791,0.002155,74.125.130.0-255,766,143724,76,274236
4792,0.002163,172.31.40.0-255,66,143790,76,274236
4793,0.002166,172.31.40.0-255,66,143856,76,274236
4794,0.00239,74.125.130.0-255,1484,145340,76,274236
4795,0.002394,172.31.40.0-255,66,145406,76,274236
4796,0.0024,74.125.130.0-255,2902,148308,76,274236
4797,0.002402,172.31.40.0-255,66,148374,76,274236
4798,0.002434,74.125.130.0-255,5738,154112,76,274236
4799,0.002437,172.31.40.0-255,66,154178,76,274236
4800,0.002442,74.125.130.0-255,4320,158498,76,274236
4801,0.002444,172.31.40.0-255,66,158564,76,274236
4802,0.002455,74.125.130.0-255,5738,164302,76,274236
4803,0.002458,172.31.40.0-255,66,164368,76,274236
4804,0.00247,172.31.40.0-255,66,164434,76,274236
4805,0.002474,74.125.130.0-255,2184,166618,76,274236
4806,0.002476,172.31.40.0-255,66,166684,76,274236
4807,0.005032,74.125.130.0-255,5738,172422,76,274236
4808,0.005039,172.31.40.0-255,66,172488,76,274236
4809,0.007602,74.125.130.0-255,2902,175390,76,274236
4810,0.007607,172.31.40.0-255,66,175456,76,274236
4811,0.007628,74.125.130.0-255,2902,178358,76,274236
4812,0.00763,172.31.40.0-255,66,178424,76,274236
4813,0.010184,74.125.130.0-255,4320,182744,76,274236
4814,0.010192,172.31.40.0-255,66,182810,76,274236
4815,0.010222,74.125.130.0-255,1484,184294,76,274236
4816,0.012782,74.125.130.0-255,4320,188614,76,274236
4817,0.012791,172.31.40.0-255,66,188680,76,274236
4818,0.015371,74.125.130.0-255,5738,194418,76,274236
4819,0.015382,172.31.40.0-255,66,194484,76,274236
4820,0.017962,74.125.130.0-255,5738,200222,76,274236
4821,0.017972,172.31.40.0-255,66,200288,76,274236
4822,0.020547,74.125.130.0-255,5738,206026,76,274236
4823,0.020555,172.31.40.0-255,66,206092,76,274236
4824,0.023134,74.125.130.0-255,5738,211830,76,274236
4825,0.023143,172.31.40.0-255,66,211896,76,274236
4826,0.025734,74.125.130.0-255,5738,217634,76,274236
4827,0.025741,172.31.40.0-255,66,217700,76,274236
4828,0.028319,74.125.130.0-255,5738,223438,76,274236
4829,0.028325,172.31.40.0-255,66,223504,76,274236
4830,0.029499,172.31.40.0-255,172,223676,76,274236
4831,0.029531,172.31.40.0-255,1108,224784,76,274236
4832,0.029583,172.31.40.0-255,1514,226298,76,274236
4833,0.029585,172.31.40.0-255,1308,227606,76,274236
4834,0.030895,74.125.130.0-255,5738,233344,76,274236
4835,0.030901,172.31.40.0-255,66,233410,76,274236
4836,0.031048,104.244.42.0-255,66,233476,76,274236
4837,0.031112,104.244.42.0-255,66,233542,76,274236
4838,0.031117,104.244.42.0-255,66,233608,76,274236
4839,0.033467,74.125.130.0-255,5738,239346,76,274236
4840,0.033472,172.31.40.0-255,66,239412,76,274236
4841,0.036038,74.125.130.0-255,5738,245150,76,274236
4842,0.036045,172.31.40.0-255,66,245216,76,274236
4843,0.038646,74.125.130.0-255,5738,250954,76,274236
4844,0.038665,172.31.40.0-255,66,251020,76,274236
4845,0.041268,74.125.130.0-255,5738,256758,76,274236
4846,0.041286,172.31.40.0-255,66,256824,76,274236
4847,0.043874,74.125.130.0-255,5738,262562,76,274236
4848,0.043892,172.31.40.0-255,66,262628,76,274236
4849,0.046475,74.125.130.0-255,5738,268366,76,274236
4850,0.046482,172.31.40.0-255,66,268432,76,274236
4851,0.049074,74.125.130.0-255,5738,274170,76,274236
4852,0.049098,172.31.40.0-255,66,274236,76,274236
4853,0.0,74.125.130.0-255,153,153,76,223573
4854,1.9e-05,172.31.40.0-255,66,219,76,223573
4855,2.5e-05,74.125.130.0-255,1484,1703,76,223573
4856,3.1e-05,172.31.40.0-255,66,1769,76,223573
4857,4.4e-05,74.125.130.0-255,2902,4671,76,223573
4858,4.7e-05,172.31.40.0-255,66,4737,76,223573
4859,5.3e-05,74.125.130.0-255,2902,7639,76,223573
4860,5.6e-05,172.31.40.0-255,66,7705,76,223573
4861,6.2e-05,74.125.130.0-255,4320,12025,76,223573
4862,6.4e-05,172.31.40.0-255,66,12091,76,223573
4863,0.000103,74.125.130.0-255,2067,14158,76,223573
4864,0.000107,172.31.40.0-255,66,14224,76,223573
4865,0.000111,74.125.130.0-255,2902,17126,76,223573
4866,0.000113,172.31.40.0-255,66,17192,76,223573
4867,0.000148,74.125.130.0-255,7156,24348,76,223573
4868,0.000151,172.31.40.0-255,66,24414,76,223573
4869,0.000157,74.125.130.0-255,5738,30152,76,223573
4870,0.00016,172.31.40.0-255,66,30218,76,223573
4871,0.000187,74.125.130.0-255,1125,31343,76,223573
4872,0.000189,172.31.40.0-255,66,31409,76,223573
4873,0.000262,74.125.130.0-255,1484,32893,76,223573
4874,0.000266,172.31.40.0-255,66,32959,76,223573
4875,0.000271,74.125.130.0-255,2902,35861,76,223573
4876,0.000273,172.31.40.0-255,66,35927,76,223573
4877,0.000296,74.125.130.0-255,5738,41665,76,223573
4878,0.000298,172.31.40.0-255,66,41731,76,223573
4879,0.000303,74.125.130.0-255,2902,44633,76,223573
4880,0.000309,172.31.40.0-255,66,44699,76,223573
4881,0.000315,74.125.130.0-255,4320,49019,76,223573
4882,0.000317,172.31.40.0-255,66,49085,76,223573
4883,0.000351,172.31.40.0-255,66,49151,76,223573
4884,0.00037,74.125.130.0-255,7156,56307,76,223573
4885,0.000372,172.31.40.0-255,66,56373,76,223573
4886,0.000397,74.125.130.0-255,1039,57412,76,223573
4887,0.000433,74.125.130.0-255,119,57531,76,223573
4888,0.000652,74.125.130.0-255,1484,59015,76,223573
4889,0.000657,172.31.40.0-255,66,59081,76,223573
4890,0.000686,74.125.130.0-255,2902,61983,76,223573
4891,0.00069,172.31.40.0-255,66,62049,76,223573
4892,0.000695,74.125.130.0-255,4320,66369,76,223573
4893,0.000698,172.31.40.0-255,66,66435,76,223573
4894,0.000732,74.125.130.0-255,1484,67919,76,223573
4895,0.000741,74.125.130.0-255,7156,75075,76,223573
4896,0.000744,172.31.40.0-255,66,75141,76,223573
4897,0.000755,172.31.40.0-255,66,75207,76,223573
4898,0.000797,74.125.130.0-255,4320,79527,76,223573
4899,0.000799,172.31.40.0-255,66,79593,76,223573
4900,0.00083,74.125.130.0-255,2902,82495,76,223573
4901,0.000833,172.31.40.0-255,66,82561,76,223573
4902,0.000836,74.125.130.0-255,1081,83642,76,223573
4903,0.001116,74.125.130.0-255,1484,85126,76,223573
4904,0.00112,172.31.40.0-255,66,85192,76,223573
4905,0.001124,74.125.130.0-255,1484,86676,76,223573
4906,0.001147,74.125.130.0-255,2902,89578,76,223573
4907,0.001149,172.31.40.0-255,66,89644,76,223573
4908,0.001176,74.125.130.0-255,4320,93964,76,223573
4909,0.001179,172.31.40.0-255,66,94030,76,223573
4910,0.00119,74.125.130.0-255,2902,96932,76,223573
4911,0.001192,172.31.40.0-255,66,96998,76,223573
4912,0.001216,74.125.130.0-255,2902,99900,76,223573
4913,0.001222,172.31.40.0-255,66,99966,76,223573
4914,0.001262,172.31.40.0-255,66,100032,76,223573
4915,0.001267,74.125.130.0-255,4320,104352,76,223573
4916,0.001269,172.31.40.0-255,66,104418,76,223573
4917,0.001307,74.125.130.0-255,2184,106602,76,223573
4918,0.00131,172.31.40.0-255,66,106668,76,223573
4919,0.003778,74.125.130.0-255,2902,109570,76,223573
4920,0.003785,172.31.40.0-255,66,109636,76,223573
4921,0.003806,74.125.130.0-255,2902,112538,76,223573
4922,0.003809,172.31.40.0-255,66,112604,76,223573
4923,0.006306,74.125.130.0-255,2902,115506,76,223573
4924,0.00631,172.31.40.0-255,66,115572,76,223573
4925,0.006322,74.125.130.0-255,2902,118474,76,223573
4926,0.006328,172.31.40.0-255,66,118540,76,223573
4927,0.00881,74.125.130.0-255,4320,122860,76,223573
4928,0.008817,172.31.40.0-255,66,122926,76,223573
4929,0.008849,74.125.130.0-255,1484,124410,76,223573
4930,0.011324,74.125.130.0-255,4320,128730,76,223573
4931,0.011335,172.31.40.0-255,66,128796,76,223573
4932,0.013839,74.125.130.0-255,5738,134534,76,223573
4933,0.013847,172.31.40.0-255,66,134600,76,223573
4934,0.016353,74.125.130.0-255,5738,140338,76,223573
4935,0.01636,172.31.40.0-255,66,140404,76,223573
4936,0.018881,74.125.130.0-255,5738,146142,76,223573
4937,0.018913,172.31.40.0-255,66,146208,76,223573
4938,0.021432,74.125.130.0-255,5738,151946,76,223573
4939,0.021442,172.31.40.0-255,66,152012,76,223573
4940,0.023958,74.125.130.0-255,5738,157750,76,223573
4941,0.023966,172.31.40.0-255,66,157816,76,223573
4942,0.025647,172.31.40.0-255,171,157987,76,223573
4943,0.025673,172.31.40.0-255,1133,159120,76,223573
4944,0.025727,172.31.40.0-255,1514,160634,76,223573
4945,0.025729,172.31.40.0-255,1514,162148,76,223573
4946,0.02573,172.31.40.0-255,1514,163662,76,223573
4947,0.025731,172.31.40.0-255,1514,165176,76,223573
4948,0.025759,172.31.40.0-255,159,165335,76,223573
4949,0.026471,74.125.130.0-255,5738,171073,76,223573
4950,0.026478,172.31.40.0-255,66,171139,76,223573
4951,0.027203,104.244.42.0-255,66,171205,76,223573
4952,0.027391,104.244.42.0-255,66,171271,76,223573
4953,0.027397,104.244.42.0-255,66,171337,76,223573
4954,0.028995,74.125.130.0-255,5738,177075,76,223573
4955,0.029002,172.31.40.0-255,66,177141,76,223573
4956,0.031516,74.125.130.0-255,5738,182879,76,223573
4957,0.031523,172.31.40.0-255,66,182945,76,223573
4958,0.034039,74.125.130.0-255,5738,188683,76,223573
4959,0.034046,172.31.40.0-255,66,188749,76,223573
4960,0.036565,74.125.130.0-255,5738,194487,76,223573
4961,0.036572,172.31.40.0-255,66,194553,76,223573
4962,0.039081,74.125.130.0-255,5738,200291,76,223573
4963,0.039088,172.31.40.0-255,66,200357,76,223573
4964,0.041594,74.125.130.0-255,5738,206095,76,223573
4965,0.041601,172.31.40.0-255,66,206161,76,223573
4966,0.044114,74.125.130.0-255,5738,211899,76,223573
4967,0.04412,172.31.40.0-255,66,211965,76,223573
4968,0.046641,74.125.130.0-255,5738,217703,76,223573
4969,0.04665,172.31.40.0-255,66,217769,76,223573
4970,0.049169,74.125.130.0-255,5738,223507,76,223573
4971,0.049174,172.31.40.0-255,66,223573,76,223573
4972,0.0,74.125.24.0-255,152,152,76,209012
4973,2.1e-05,172.31.40.0-255,66,218,76,209012
4974,3e-05,74.125.24.0-255,1484,1702,76,209012
4975,3.6e-05,172.31.40.0-255,66,1768,76,209012
4976,4.5e-05,74.125.24.0-255,2902,4670,76,209012
4977,5e-05,172.31.40.0-255,66,4736,76,209012
4978,6e-05,74.125.24.0-255,5738,10474,76,209012
4979,6.5e-05,172.31.40.0-255,66,10540,76,209012
4980,6.8e-05,74.125.24.0-255,1484,12024,76,209012
4981,7.1e-05,172.31.40.0-255,66,12090,76,209012
4982,0.000103,74.125.24.0-255,1939,14029,76,209012
4983,0.000106,172.31.40.0-255,66,14095,76,209012
4984,0.000194,74.125.24.0-255,1484,15579,76,209012
4985,0.0002,172.31.40.0-255,66,15645,76,209012
4986,0.000205,74.125.24.0-255,2902,18547,76,209012
4987,0.000208,172.31.40.0-255,66,18613,76,209012
4988,0.000216,74.125.24.0-255,5738,24351,76,209012
4989,0.00022,172.31.40.0-255,66,24417,76,209012
4990,0.000229,74.125.24.0-255,6797,31214,76,209012
4991,0.000232,172.31.40.0-255,66,31280,76,209012
4992,0.000272,74.125.24.0-255,7156,38436,76,209012
4993,0.000275,172.31.40.0-255,66,38502,76,209012
4994,0.00029,172.31.40.0-255,66,38568,76,209012
4995,0.000331,172.31.40.0-255,66,38634,76,209012
4996,0.000347,172.31.40.0-255,66,38700,76,209012
4997,0.000499,74.125.24.0-255,647,39347,76,209012
4998,0.000505,172.31.40.0-255,66,39413,76,209012
4999,0.001025,74.125.24.0-255,1484,40897,76,209012
5000,0.001031,172.31.40.0-255,66,40963,76,209012
5001,0.001038,74.125.24.0-255,2902,43865,76,209012
5002,0.001061,74.125.24.0-255,5738,49603,76,209012
5003,0.001079,172.31.40.0-255,66,49669,76,209012
5004,0.001114,172.31.40.0-255,66,49735,76,209012
5005,0.001149,172.31.40.0-255,66,49801,76,209012
5006,0.001191,74.125.24.0-255,2902,52703,76,209012
5007,0.001198,74.125.24.0-255,4320,57023,76,209012
5008,0.001203,172.31.40.0-255,66,57089,76,209012
5009,0.001245,74.125.24.0-255,575,57664,76,209012
5010,0.001252,172.31.40.0-255,66,57730,76,209012
5011,0.001274,74.125.24.0-255,1484,59214,76,209012
5012,0.001296,74.125.24.0-255,2902,62116,76,209012
5013,0.001302,74.125.24.0-255,5738,67854,76,209012
5014,0.00132,74.125.24.0-255,1484,69338,76,209012
5015,0.001326,172.31.40.0-255,66,69404,76,209012
5016,0.001396,172.31.40.0-255,66,69470,76,209012
5017,0.001408,74.125.24.0-255,2184,71654,76,209012
5018,0.001414,172.31.40.0-255,66,71720,76,209012
5019,0.001874,74.125.24.0-255,1484,73204,76,209012
5020,0.001882,74.125.24.0-255,2902,76106,76,209012
5021,0.001886,172.31.40.0-255,66,76172,76,209012
5022,0.001893,74.125.24.0-255,5738,81910,76,209012
5023,0.001898,172.31.40.0-255,66,81976,76,209012
5024,0.001986,74.125.24.0-255,7156,89132,76,209012
5025,0.002,74.125.24.0-255,1484,90616,76,209012
5026,0.002004,74.125.24.0-255,2184,92800,76,209012
5027,0.002007,172.31.40.0-255,66,92866,76,209012
5028,0.002034,172.31.40.0-255,66,92932,76,209012
5029,0.004328,74.125.24.0-255,5738,98670,76,209012
5030,0.004346,172.31.40.0-255,66,98736,76,209012
5031,0.006682,74.125.24.0-255,5738,104474,76,209012
5032,0.006698,172.31.40.0-255,66,104540,76,209012
5033,0.009039,74.125.24.0-255,5738,110278,76,209012
5034,0.009057,172.31.40.0-255,66,110344,76,209012
5035,0.01136,74.125.24.0-255,5738,116082,76,209012
5036,0.011376,172.31.40.0-255,66,116148,76,209012
5037,0.013709,74.125.24.0-255,5738,121886,76,209012
5038,0.013722,172.31.40.0-255,66,121952,76,209012
5039,0.016068,74.125.24.0-255,5738,127690,76,209012
5040,0.01609,172.31.40.0-255,66,127756,76,209012
5041,0.018437,74.125.24.0-255,5738,133494,76,209012
5042,0.018456,172.31.40.0-255,66,133560,76,209012
5043,0.020797,74.125.24.0-255,5738,139298,76,209012
5044,0.020814,172.31.40.0-255,66,139364,76,209012
5045,0.023145,74.125.24.0-255,5738,145102,76,209012
5046,0.023159,172.31.40.0-255,66,145168,76,209012
5047,0.025482,74.125.24.0-255,5738,150906,76,209012
5048,0.025501,172.31.40.0-255,66,150972,76,209012
5049,0.027815,74.125.24.0-255,5738,156710,76,209012
5050,0.027824,172.31.40.0-255,66,156776,76,209012
5051,0.030148,74.125.24.0-255,5738,162514,76,209012
5052,0.030162,172.31.40.0-255,66,162580,76,209012
5053,0.032493,74.125.24.0-255,5738,168318,76,209012
5054,0.032502,172.31.40.0-255,66,168384,76,209012
5055,0.034838,74.125.24.0-255,5738,174122,76,209012
5056,0.034853,172.31.40.0-255,66,174188,76,209012
5057,0.037213,74.125.24.0-255,5738,179926,76,209012
5058,0.037235,172.31.40.0-255,66,179992,76,209012
5059,0.039575,74.125.24.0-255,5738,185730,76,209012
5060,0.039601,172.31.40.0-255,66,185796,76,209012
5061,0.041962,74.125.24.0-255,5738,191534,76,209012
5062,0.041974,172.31.40.0-255,66,191600,76,209012
5063,0.044301,74.125.24.0-255,5738,197338,76,209012
5064,0.044309,172.31.40.0-255,66,197404,76,209012
5065,0.046644,74.125.24.0-255,5738,203142,76,209012
5066,0.046662,172.31.40.0-255,66,203208,76,209012
5067,0.048985,74.125.24.0-255,5738,208946,76,209012
5068,0.048992,172.31.40.0-255,66,209012,76,209012
5069,0.0,74.125.24.0-255,66,66,76,198
5070,2.2e-05,74.125.24.0-255,66,132,76,198
5071,3.8e-05,172.31.40.0-255,66,198,76,198
5072,0.0,172.217.194.0-255,152,152,76,237183
5073,2.5e-05,172.31.40.0-255,66,218,76,237183
5074,3.2e-05,172.217.194.0-255,1484,1702,76,237183
5075,3.7e-05,172.31.40.0-255,66,1768,76,237183
5076,4.3e-05,172.217.194.0-255,2902,4670,76,237183
5077,4.6e-05,172.31.40.0-255,66,4736,76,237183
5078,4.9e-05,172.217.194.0-255,1484,6220,76,237183
5079,5.3e-05,172.31.40.0-255,66,6286,76,237183
5080,5.7e-05,172.217.194.0-255,1484,7770,76,237183
5081,6e-05,172.31.40.0-255,66,7836,76,237183
5082,8.3e-05,172.217.194.0-255,6288,14124,76,237183
5083,8.6e-05,172.31.40.0-255,66,14190,76,237183
5084,9.7e-05,172.31.40.0-255,66,14256,76,237183
5085,0.000119,172.217.194.0-255,5738,19994,76,237183
5086,0.000121,172.31.40.0-255,66,20060,76,237183
5087,0.000141,172.217.194.0-255,2543,22603,76,237183
5088,0.000144,172.31.40.0-255,66,22669,76,237183
5089,0.000172,172.217.194.0-255,2902,25571,76,237183
5090,0.000175,172.31.40.0-255,66,25637,76,237183
5091,0.000207,172.31.40.0-255,66,25703,76,237183
5092,0.000883,172.217.194.0-255,1484,27187,76,237183
5093,0.000889,172.31.40.0-255,66,27253,76,237183
5094,0.000898,172.217.194.0-255,2902,30155,76,237183
5095,0.0009,172.31.40.0-255,66,30221,76,237183
5096,0.000907,172.217.194.0-255,5738,35959,76,237183
5097,0.00091,172.31.40.0-255,66,36025,76,237183
5098,0.000929,172.217.194.0-255,2902,38927,76,237183
5099,0.000931,172.31.40.0-255,66,38993,76,237183
5100,0.000944,172.217.194.0-255,3961,42954,76,237183
5101,0.000946,172.31.40.0-255,66,43020,76,237183
5102,0.001136,172.217.194.0-255,1484,44504,76,237183
5103,0.001144,172.217.194.0-255,2902,47406,76,237183
5104,0.001147,172.31.40.0-255,66,47472,76,237183
5105,0.001155,172.217.194.0-255,5738,53210,76,237183
5106,0.001157,172.31.40.0-255,66,53276,76,237183
5107,0.001202,172.31.40.0-255,66,53342,76,237183
5108,0.00121,172.217.194.0-255,7156,60498,76,237183
5109,0.001212,172.31.40.0-255,66,60564,76,237183
5110,0.001244,172.217.194.0-255,4320,64884,76,237183
5111,0.001247,172.31.40.0-255,66,64950,76,237183
5112,0.001267,172.217.194.0-255,2184,67134,76,237183
5113,0.001271,172.31.40.0-255,66,67200,76,237183
5114,0.001278,172.217.194.0-255,7156,74356,76,237183
5115,0.00128,172.31.40.0-255,66,74422,76,237183
5116,0.001288,172.217.194.0-255,6783,81205,76,237183
5117,0.001291,172.31.40.0-255,66,81271,76,237183
5118,0.001461,172.217.194.0-255,1484,82755,76,237183
5119,0.00147,172.217.194.0-255,2902,85657,76,237183
5120,0.001473,172.31.40.0-255,66,85723,76,237183
5121,0.001503,172.217.194.0-255,1484,87207,76,237183
5122,0.001524,172.217.194.0-255,4320,91527,76,237183
5123,0.001526,172.31.40.0-255,66,91593,76,237183
5124,0.001538,172.31.40.0-255,66,91659,76,237183
5125,0.001564,172.31.40.0-255,66,91725,76,237183
5126,0.001586,172.217.194.0-255,3602,95327,76,237183
5127,0.001588,172.31.40.0-255,66,95393,76,237183
5128,0.00218,172.217.194.0-255,1484,96877,76,237183
5129,0.002198,172.217.194.0-255,2902,99779,76,237183
5130,0.002204,172.31.40.0-255,66,99845,76,237183
5131,0.002209,172.217.194.0-255,2902,102747,76,237183
5132,0.002212,172.31.40.0-255,66,102813,76,237183
5133,0.002228,172.217.194.0-255,2902,105715,76,237183
5134,0.002231,172.31.40.0-255,66,105781,76,237183
5135,0.002237,172.217.194.0-255,5738,111519,76,237183
5136,0.002239,172.31.40.0-255,66,111585,76,237183
5137,0.002246,172.217.194.0-255,5738,117323,76,237183
5138,0.002248,172.31.40.0-255,66,117389,76,237183
5139,0.002288,172.31.40.0-255,66,117455,76,237183
5140,0.002291,172.217.194.0-255,766,118221,76,237183
5141,0.004571,172.217.194.0-255,4320,122541,76,237183
5142,0.004576,172.31.40.0-255,66,122607,76,237183
5143,0.006873,172.217.194.0-255,5738,128345,76,237183
5144,0.006881,172.31.40.0-255,66,128411,76,237183
5145,0.009147,172.217.194.0-255,5738,134149,76,237183
5146,0.009153,172.31.40.0-255,66,134215,76,237183
5147,0.011432,172.217.194.0-255,5738,139953,76,237183
5148,0.01144,172.31.40.0-255,66,140019,76,237183
5149,0.013728,172.217.194.0-255,5738,145757,76,237183
5150,0.013737,172.31.40.0-255,66,145823,76,237183
5151,0.016,172.217.194.0-255,5738,151561,76,237183
5152,0.01601,172.31.40.0-255,66,151627,76,237183
5153,0.018286,172.217.194.0-255,5738,157365,76,237183
5154,0.018296,172.31.40.0-255,66,157431,76,237183
5155,0.020569,172.217.194.0-255,5738,163169,76,237183
5156,0.020575,172.31.40.0-255,66,163235,76,237183
5157,0.022886,172.217.194.0-255,5738,168973,76,237183
5158,0.022892,172.31.40.0-255,66,169039,76,237183
5159,0.025185,172.217.194.0-255,5738,174777,76,237183
5160,0.025193,172.31.40.0-255,66,174843,76,237183
5161,0.027477,172.217.194.0-255,5738,180581,76,237183
5162,0.027484,172.31.40.0-255,66,180647,76,237183
5163,0.029777,172.217.194.0-255,5738,186385,76,237183
5164,0.029783,172.31.40.0-255,66,186451,76,237183
5165,0.032079,172.217.194.0-255,5738,192189,76,237183
5166,0.032086,172.31.40.0-255,66,192255,76,237183
5167,0.03217,172.31.40.0-255,172,192427,76,237183
5168,0.032197,172.31.40.0-255,1108,193535,76,237183
5169,0.032254,172.31.40.0-255,1514,195049,76,237183
5170,0.032255,172.31.40.0-255,1308,196357,76,237183
5171,0.033738,104.244.42.0-255,66,196423,76,237183
5172,0.033747,104.244.42.0-255,66,196489,76,237183
5173,0.033824,104.244.42.0-255,66,196555,76,237183
5174,0.034374,172.217.194.0-255,5738,202293,76,237183
5175,0.034384,172.31.40.0-255,66,202359,76,237183
5176,0.036654,172.217.194.0-255,5738,208097,76,237183
5177,0.036661,172.31.40.0-255,66,208163,76,237183
5178,0.038946,172.217.194.0-255,5738,213901,76,237183
5179,0.038955,172.31.40.0-255,66,213967,76,237183
5180,0.041241,172.217.194.0-255,5738,219705,76,237183
5181,0.041248,172.31.40.0-255,66,219771,76,237183
5182,0.04354,172.217.194.0-255,5738,225509,76,237183
5183,0.043546,172.31.40.0-255,66,225575,76,237183
5184,0.045839,172.217.194.0-255,5738,231313,76,237183
5185,0.045847,172.31.40.0-255,66,231379,76,237183
5186,0.048133,172.217.194.0-255,5738,237117,76,237183
5187,0.04814,172.31.40.0-255,66,237183,76,237183
5188,0.0,172.31.40.0-255,105,105,76,459
5189,0.000163,172.31.40.0-255,90,195,76,459
5190,0.000181,172.31.40.0-255,66,261,76,459
5191,0.002714,74.125.68.0-255,66,327,76,459
5192,0.002743,74.125.68.0-255,66,393,76,459
5193,0.002764,172.31.40.0-255,66,459,76,459
5194,0.0,74.125.24.0-255,152,152,76,291297
5195,1.4e-05,172.31.40.0-255,66,218,76,291297
5196,2.1e-05,74.125.24.0-255,1484,1702,76,291297
5197,2.5e-05,172.31.40.0-255,66,1768,76,291297
5198,3.1e-05,74.125.24.0-255,2902,4670,76,291297
5199,3.4e-05,172.31.40.0-255,66,4736,76,291297
5200,6.2e-05,74.125.24.0-255,7156,11892,76,291297
5201,6.5e-05,172.31.40.0-255,66,11958,76,291297
5202,6.8e-05,74.125.24.0-255,1484,13442,76,291297
5203,7e-05,172.31.40.0-255,66,13508,76,291297
5204,9.2e-05,74.125.24.0-255,6269,19777,76,291297
5205,9.4e-05,172.31.40.0-255,66,19843,76,291297
5206,9.8e-05,74.125.24.0-255,2902,22745,76,291297
5207,0.0001,172.31.40.0-255,66,22811,76,291297
5208,0.000129,74.125.24.0-255,7156,29967,76,291297
5209,0.000131,172.31.40.0-255,66,30033,76,291297
5210,0.000133,74.125.24.0-255,1125,31158,76,291297
5211,0.000135,172.31.40.0-255,66,31224,76,291297
5212,0.000199,74.125.24.0-255,1484,32708,76,291297
5213,0.000201,172.31.40.0-255,66,32774,76,291297
5214,0.000205,74.125.24.0-255,1484,34258,76,291297
5215,0.000207,172.31.40.0-255,66,34324,76,291297
5216,0.000222,74.125.24.0-255,1484,35808,76,291297
5217,0.000224,172.31.40.0-255,66,35874,76,291297
5218,0.000231,74.125.24.0-255,5738,41612,76,291297
5219,0.000233,172.31.40.0-255,66,41678,76,291297
5220,0.00025,74.125.24.0-255,4320,45998,76,291297
5221,0.000252,172.31.40.0-255,66,46064,76,291297
5222,0.000268,74.125.24.0-255,5379,51443,76,291297
5223,0.00027,172.31.40.0-255,66,51509,76,291297
5224,0.00028,172.31.40.0-255,66,51575,76,291297
5225,0.000309,74.125.24.0-255,2902,54477,76,291297
5226,0.000311,172.31.40.0-255,66,54543,76,291297
5227,0.000329,74.125.24.0-255,1395,55938,76,291297
5228,0.000332,74.125.24.0-255,132,56070,76,291297
5229,0.000413,74.125.24.0-255,1484,57554,76,291297
5230,0.000417,172.31.40.0-255,66,57620,76,291297
5231,0.000421,74.125.24.0-255,2902,60522,76,291297
5232,0.000423,172.31.40.0-255,66,60588,76,291297
5233,0.000439,74.125.24.0-255,5738,66326,76,291297
5234,0.000442,172.31.40.0-255,66,66392,76,291297
5235,0.000446,74.125.24.0-255,2902,69294,76,291297
5236,0.000448,172.31.40.0-255,66,69360,76,291297
5237,0.000468,74.125.24.0-255,3961,73321,76,291297
5238,0.000472,172.31.40.0-255,66,73387,76,291297
5239,0.000478,74.125.24.0-255,1484,74871,76,291297
5240,0.00051,172.31.40.0-255,66,74937,76,291297
5241,0.000513,74.125.24.0-255,2543,77480,76,291297
5242,0.000515,172.31.40.0-255,66,77546,76,291297
5243,0.000528,74.125.24.0-255,351,77897,76,291297
5244,0.000897,74.125.24.0-255,1484,79381,76,291297
5245,0.0009,172.31.40.0-255,66,79447,76,291297
5246,0.000905,74.125.24.0-255,2902,82349,76,291297
5247,0.000907,172.31.40.0-255,66,82415,76,291297
5248,0.00091,74.125.24.0-255,1484,83899,76,291297
5249,0.000935,74.125.24.0-255,4320,88219,76,291297
5250,0.000938,172.31.40.0-255,66,88285,76,291297
5251,0.00094,74.125.24.0-255,1484,89769,76,291297
5252,0.000976,74.125.24.0-255,4320,94089,76,291297
5253,0.000979,172.31.40.0-255,66,94155,76,291297
5254,0.001004,74.125.24.0-255,7156,101311,76,291297
5255,0.001007,172.31.40.0-255,66,101377,76,291297
5256,0.001014,74.125.24.0-255,7156,108533,76,291297
5257,0.001015,172.31.40.0-255,66,108599,76,291297
5258,0.00102,74.125.24.0-255,3602,112201,76,291297
5259,0.001022,172.31.40.0-255,66,112267,76,291297
5260,0.001026,74.125.24.0-255,4320,116587,76,291297
5261,0.001028,172.31.40.0-255,66,116653,76,291297
5262,0.001061,172.31.40.0-255,66,116719,76,291297
5263,0.001067,74.125.24.0-255,5738,122457,76,291297
5264,0.001069,172.31.40.0-255,66,122523,76,291297
5265,0.001084,74.125.24.0-255,4320,126843,76,291297
5266,0.001086,172.31.40.0-255,66,126909,76,291297
5267,0.001109,74.125.24.0-255,5738,132647,76,291297
5268,0.001111,172.31.40.0-255,66,132713,76,291297
5269,0.001125,74.125.24.0-255,3602,136315,76,291297
5270,0.001127,172.31.40.0-255,66,136381,76,291297
5271,0.001471,74.125.24.0-255,1484,137865,76,291297
5272,0.001478,74.125.24.0-255,2902,140767,76,291297
5273,0.001481,172.31.40.0-255,66,140833,76,291297
5274,0.001494,74.125.24.0-255,1484,142317,76,291297
5275,0.001513,74.125.24.0-255,4320,146637,76,291297
5276,0.001516,172.31.40.0-255,66,146703,76,291297
5277,0.001519,74.125.24.0-255,1484,148187,76,291297
5278,0.001522,74.125.24.0-255,2902,151089,76,291297
5279,0.001524,172.31.40.0-255,66,151155,76,291297
5280,0.001539,74.125.24.0-255,5738,156893,76,291297
5281,0.001542,172.31.40.0-255,66,156959,76,291297
5282,0.001576,172.31.40.0-255,66,157025,76,291297
5283,0.002366,74.125.24.0-255,1484,158509,76,291297
5284,0.002374,74.125.24.0-255,2902,161411,76,291297
5285,0.002379,172.31.40.0-255,66,161477,76,291297
5286,0.002384,74.125.24.0-255,1484,162961,76,291297
5287,0.0024,74.125.24.0-255,4320,167281,76,291297
5288,0.002404,172.31.40.0-255,66,167347,76,291297
5289,0.002438,172.31.40.0-255,66,167413,76,291297
5290,0.002448,74.125.24.0-255,1484,168897,76,291297
5291,0.002474,172.31.40.0-255,66,168963,76,291297
5292,0.002513,74.125.24.0-255,5738,174701,76,291297
5293,0.002533,74.125.24.0-255,5738,180439,76,291297
5294,0.002545,74.125.24.0-255,7156,187595,76,291297
5295,0.002551,74.125.24.0-255,4320,191915,76,291297
5296,0.002572,74.125.24.0-255,5738,197653,76,291297
5297,0.002575,74.125.24.0-255,1484,199137,76,291297
5298,0.002581,74.125.24.0-255,3602,202739,76,291297
5299,0.002604,74.125.24.0-255,4320,207059,76,291297
5300,0.002671,74.125.24.0-255,2902,209961,76,291297
5301,0.003036,74.125.24.0-255,1484,211445,76,291297
5302,0.003057,74.125.24.0-255,2902,214347,76,291297
5303,0.00306,74.125.24.0-255,1484,215831,76,291297
5304,0.00308,74.125.24.0-255,1484,217315,76,291297
5305,0.003093,74.125.24.0-255,2902,220217,76,291297
5306,0.003097,74.125.24.0-255,2902,223119,76,291297
5307,0.0031,74.125.24.0-255,2902,226021,76,291297
5308,0.003124,74.125.24.0-255,7156,233177,76,291297
5309,0.00313,74.125.24.0-255,5738,238915,76,291297
5310,0.003151,74.125.24.0-255,1484,240399,76,291297
5311,0.003167,74.125.24.0-255,3602,244001,76,291297
5312,0.003662,74.125.24.0-255,1484,245485,76,291297
5313,0.003681,74.125.24.0-255,2902,248387,76,291297
5314,0.003683,74.125.24.0-255,1484,249871,76,291297
5315,0.003698,74.125.24.0-255,4320,254191,76,291297
5316,0.003709,74.125.24.0-255,1484,255675,76,291297
5317,0.003722,74.125.24.0-255,4320,259995,76,291297
5318,0.003739,74.125.24.0-255,2902,262897,76,291297
5319,0.003755,74.125.24.0-255,2902,265799,76,291297
5320,0.003795,74.125.24.0-255,2902,268701,76,291297
5321,0.003828,74.125.24.0-255,766,269467,76,291297
5322,0.003853,74.125.24.0-255,1484,270951,76,291297
5323,0.00386,74.125.24.0-255,7156,278107,76,291297
5324,0.003873,74.125.24.0-255,1484,279591,76,291297
5325,0.003897,74.125.24.0-255,2902,282493,76,291297
5326,0.00391,74.125.24.0-255,766,283259,76,291297
5327,0.004094,74.125.24.0-255,1484,284743,76,291297
5328,0.004109,74.125.24.0-255,1484,286227,76,291297
5329,0.004123,74.125.24.0-255,1484,287711,76,291297
5330,0.004144,74.125.24.0-255,3061,290772,76,291297
5331,0.004197,74.125.24.0-255,105,290877,76,291297
5332,0.010935,172.31.40.0-255,66,290943,76,291297
5333,0.012328,74.125.24.0-255,105,291048,76,291297
5334,0.012338,172.31.40.0-255,78,291126,76,291297
5335,0.013115,172.31.40.0-255,105,291231,76,291297
5336,0.015121,74.125.24.0-255,66,291297,76,291297
5337,0.0,172.217.194.0-255,297,297,76,154479
5338,2.4e-05,172.31.40.0-255,66,363,76,154479
5339,3.1e-05,172.217.194.0-255,1484,1847,76,154479
5340,3.5e-05,172.31.40.0-255,66,1913,76,154479
5341,4.2e-05,172.217.194.0-255,4320,6233,76,154479
5342,4.6e-05,172.31.40.0-255,66,6299,76,154479
5343,0.000136,172.217.194.0-255,2902,9201,76,154479
5344,0.00014,172.31.40.0-255,66,9267,76,154479
5345,0.000167,172.217.194.0-255,6060,15327,76,154479
5346,0.00017,172.31.40.0-255,66,15393,76,154479
5347,0.000395,172.31.40.0-255,66,15459,76,154479
5348,0.000613,172.217.194.0-255,6797,22256,76,154479
5349,0.000617,172.31.40.0-255,66,22322,76,154479
5350,0.000797,172.31.40.0-255,66,22388,76,154479
5351,0.00082,172.217.194.0-255,6797,29185,76,154479
5352,0.000822,172.31.40.0-255,66,29251,76,154479
5353,0.001267,172.31.40.0-255,66,29317,76,154479
5354,0.001734,172.31.40.0-255,66,29383,76,154479
5355,0.001774,172.31.40.0-255,66,29449,76,154479
5356,0.002626,172.217.194.0-255,2902,32351,76,154479
5357,0.002629,172.31.40.0-255,66,32417,76,154479
5358,0.002672,172.31.40.0-255,66,32483,76,154479
5359,0.002699,172.217.194.0-255,5738,38221,76,154479
5360,0.002701,172.31.40.0-255,66,38287,76,154479
5361,0.003591,172.217.194.0-255,4320,42607,76,154479
5362,0.003593,172.31.40.0-255,66,42673,76,154479
5363,0.00368,172.217.194.0-255,4320,46993,76,154479
5364,0.004974,172.31.40.0-255,66,47059,76,154479
5365,0.007297,172.217.194.0-255,4320,51379,76,154479
5366,0.007304,172.31.40.0-255,66,51445,76,154479
5367,0.007324,172.217.194.0-255,1484,52929,76,154479
5368,0.00963,172.217.194.0-255,4320,57249,76,154479
5369,0.009637,172.31.40.0-255,66,57315,76,154479
5370,0.01195,172.217.194.0-255,5738,63053,76,154479
5371,0.014037,172.31.40.0-255,66,63119,76,154479
5372,0.016362,172.217.194.0-255,5738,68857,76,154479
5373,0.016375,172.31.40.0-255,66,68923,76,154479
5374,0.018679,172.217.194.0-255,5738,74661,76,154479
5375,0.018686,172.31.40.0-255,66,74727,76,154479
5376,0.020981,172.217.194.0-255,5738,80465,76,154479
5377,0.020988,172.31.40.0-255,66,80531,76,154479
5378,0.023308,172.217.194.0-255,5738,86269,76,154479
5379,0.023315,172.31.40.0-255,66,86335,76,154479
5380,0.025668,172.217.194.0-255,5738,92073,76,154479
5381,0.02568,172.31.40.0-255,66,92139,76,154479
5382,0.02799,172.217.194.0-255,5738,97877,76,154479
5383,0.027999,172.31.40.0-255,66,97943,76,154479
5384,0.028264,172.31.40.0-255,172,98115,76,154479
5385,0.028296,172.31.40.0-255,1109,99224,76,154479
5386,0.028423,172.31.40.0-255,1514,100738,76,154479
5387,0.028425,172.31.40.0-255,1307,102045,76,154479
5388,0.029823,104.244.42.0-255,66,102111,76,154479
5389,0.029861,104.244.42.0-255,66,102177,76,154479
5390,0.029992,104.244.42.0-255,66,102243,76,154479
5391,0.030327,172.217.194.0-255,5738,107981,76,154479
5392,0.030332,172.31.40.0-255,66,108047,76,154479
5393,0.032654,172.217.194.0-255,5738,113785,76,154479
5394,0.032661,172.31.40.0-255,66,113851,76,154479
5395,0.034979,172.217.194.0-255,5738,119589,76,154479
5396,0.034986,172.31.40.0-255,66,119655,76,154479
5397,0.037305,172.217.194.0-255,5738,125393,76,154479
5398,0.037312,172.31.40.0-255,66,125459,76,154479
5399,0.039646,172.217.194.0-255,5738,131197,76,154479
5400,0.039652,172.31.40.0-255,66,131263,76,154479
5401,0.041981,172.217.194.0-255,5738,137001,76,154479
5402,0.041988,172.31.40.0-255,66,137067,76,154479
5403,0.044305,172.217.194.0-255,5738,142805,76,154479
5404,0.044324,172.31.40.0-255,66,142871,76,154479
5405,0.046661,172.217.194.0-255,5738,148609,76,154479
5406,0.047395,172.31.40.0-255,66,148675,76,154479
5407,0.04973,172.217.194.0-255,5738,154413,76,154479
5408,0.049747,172.31.40.0-255,66,154479,76,154479
5409,0.0,74.125.24.0-255,153,153,76,192620
5410,2.1e-05,172.31.40.0-255,66,219,76,192620
5411,2.7e-05,74.125.24.0-255,1484,1703,76,192620
5412,3.1e-05,172.31.40.0-255,66,1769,76,192620
5413,3.6e-05,74.125.24.0-255,2902,4671,76,192620
5414,4.6e-05,172.31.40.0-255,66,4737,76,192620
5415,4.9e-05,74.125.24.0-255,1484,6221,76,192620
5416,5.1e-05,172.31.40.0-255,66,6287,76,192620
5417,5.6e-05,74.125.24.0-255,2902,9189,76,192620
5418,5.8e-05,172.31.40.0-255,66,9255,76,192620
5419,9.3e-05,74.125.24.0-255,4899,14154,76,192620
5420,9.7e-05,172.31.40.0-255,66,14220,76,192620
5421,0.000191,74.125.24.0-255,1484,15704,76,192620
5422,0.000194,172.31.40.0-255,66,15770,76,192620
5423,0.0002,74.125.24.0-255,2902,18672,76,192620
5424,0.000201,172.31.40.0-255,66,18738,76,192620
5425,0.000231,74.125.24.0-255,2902,21640,76,192620
5426,0.000234,172.31.40.0-255,66,21706,76,192620
5427,0.00024,74.125.24.0-255,5738,27444,76,192620
5428,0.000242,172.31.40.0-255,66,27510,76,192620
5429,0.000268,74.125.24.0-255,1484,28994,76,192620
5430,0.00027,172.31.40.0-255,66,29060,76,192620
5431,0.00028,172.31.40.0-255,66,29126,76,192620
5432,0.00031,172.31.40.0-255,66,29192,76,192620
5433,0.000335,74.125.24.0-255,4320,33512,76,192620
5434,0.000337,172.31.40.0-255,66,33578,76,192620
5435,0.000369,172.31.40.0-255,66,33644,76,192620
5436,0.000396,74.125.24.0-255,6438,40082,76,192620
5437,0.000398,172.31.40.0-255,66,40148,76,192620
5438,0.000401,74.125.24.0-255,365,40513,76,192620
5439,0.000617,74.125.24.0-255,133,40646,76,192620
5440,0.000813,74.125.24.0-255,1484,42130,76,192620
5441,0.000817,172.31.40.0-255,66,42196,76,192620
5442,0.000821,74.125.24.0-255,1484,43680,76,192620
5443,0.000842,74.125.24.0-255,1484,45164,76,192620
5444,0.000844,172.31.40.0-255,66,45230,76,192620
5445,0.00085,74.125.24.0-255,5738,50968,76,192620
5446,0.000852,172.31.40.0-255,66,51034,76,192620
5447,0.000923,172.31.40.0-255,66,51100,76,192620
5448,0.000939,172.31.40.0-255,66,51166,76,192620
5449,0.002958,74.125.24.0-255,5738,56904,76,192620
5450,0.002964,172.31.40.0-255,66,56970,76,192620
5451,0.005004,74.125.24.0-255,5738,62708,76,192620
5452,0.00501,172.31.40.0-255,66,62774,76,192620
5453,0.007059,74.125.24.0-255,5738,68512,76,192620
5454,0.007065,172.31.40.0-255,66,68578,76,192620
5455,0.009102,74.125.24.0-255,5738,74316,76,192620
5456,0.00911,172.31.40.0-255,66,74382,76,192620
5457,0.011162,74.125.24.0-255,5738,80120,76,192620
5458,0.011169,172.31.40.0-255,66,80186,76,192620
5459,0.013198,74.125.24.0-255,5738,85924,76,192620
5460,0.013209,172.31.40.0-255,66,85990,76,192620
5461,0.015237,74.125.24.0-255,5738,91728,76,192620
5462,0.015246,172.31.40.0-255,66,91794,76,192620
5463,0.017284,74.125.24.0-255,5738,97532,76,192620
5464,0.017291,172.31.40.0-255,66,97598,76,192620
5465,0.019317,74.125.24.0-255,5738,103336,76,192620
5466,0.019325,172.31.40.0-255,66,103402,76,192620
5467,0.021399,74.125.24.0-255,5738,109140,76,192620
5468,0.021408,172.31.40.0-255,66,109206,76,192620
5469,0.02344,74.125.24.0-255,5738,114944,76,192620
5470,0.023447,172.31.40.0-255,66,115010,76,192620
5471,0.025534,74.125.24.0-255,5738,120748,76,192620
5472,0.025542,172.31.40.0-255,66,120814,76,192620
5473,0.027562,74.125.24.0-255,5738,126552,76,192620
5474,0.027569,172.31.40.0-255,66,126618,76,192620
5475,0.028071,172.31.40.0-255,176,126794,76,192620
5476,0.028104,172.31.40.0-255,1109,127903,76,192620
5477,0.028169,172.31.40.0-255,1514,129417,76,192620
5478,0.028171,172.31.40.0-255,1514,130931,76,192620
5479,0.028173,172.31.40.0-255,1514,132445,76,192620
5480,0.028174,172.31.40.0-255,1514,133959,76,192620
5481,0.028207,172.31.40.0-255,183,134142,76,192620
5482,0.029598,74.125.24.0-255,5738,139880,76,192620
5483,0.029605,172.31.40.0-255,66,139946,76,192620
5484,0.029648,104.244.42.0-255,66,140012,76,192620
5485,0.029686,104.244.42.0-255,66,140078,76,192620
5486,0.029736,104.244.42.0-255,66,140144,76,192620
5487,0.029741,104.244.42.0-255,66,140210,76,192620
5488,0.0304,104.244.42.0-255,108,140318,76,192620
5489,0.03041,172.31.40.0-255,66,140384,76,192620
5490,0.031655,74.125.24.0-255,5738,146122,76,192620
5491,0.031661,172.31.40.0-255,66,146188,76,192620
5492,0.0337,74.125.24.0-255,5738,151926,76,192620
5493,0.033706,172.31.40.0-255,66,151992,76,192620
5494,0.035759,74.125.24.0-255,5738,157730,76,192620
5495,0.035766,172.31.40.0-255,66,157796,76,192620
5496,0.037795,74.125.24.0-255,5738,163534,76,192620
5497,0.037802,172.31.40.0-255,66,163600,76,192620
5498,0.039829,74.125.24.0-255,5738,169338,76,192620
5499,0.039836,172.31.40.0-255,66,169404,76,192620
5500,0.041882,74.125.24.0-255,5738,175142,76,192620
5501,0.041888,172.31.40.0-255,66,175208,76,192620
5502,0.043936,74.125.24.0-255,5738,180946,76,192620
5503,0.043943,172.31.40.0-255,66,181012,76,192620
5504,0.046002,74.125.24.0-255,5738,186750,76,192620
5505,0.046009,172.31.40.0-255,66,186816,76,192620
5506,0.04803,74.125.24.0-255,5738,192554,76,192620
5507,0.048036,172.31.40.0-255,66,192620,76,192620
5508,0.0,172.217.194.0-255,153,153,76,252395
5509,1.6e-05,172.31.40.0-255,66,219,76,252395
5510,2.3e-05,172.217.194.0-255,1484,1703,76,252395
5511,2.7e-05,172.31.40.0-255,66,1769,76,252395
5512,3.4e-05,172.217.194.0-255,2902,4671,76,252395
5513,3.8e-05,172.31.40.0-255,66,4737,76,252395
5514,4.5e-05,172.217.194.0-255,7156,11893,76,252395
5515,5.6e-05,172.31.40.0-255,66,11959,76,252395
5516,6.1e-05,172.217.194.0-255,3358,15317,76,252395
5517,6.4e-05,172.31.40.0-255,66,15383,76,252395
5518,7e-05,172.217.194.0-255,2902,18285,76,252395
5519,7.3e-05,172.31.40.0-255,66,18351,76,252395
5520,0.00012,172.31.40.0-255,66,18417,76,252395
5521,0.000124,172.217.194.0-255,2543,20960,76,252395
5522,0.000126,172.31.40.0-255,66,21026,76,252395
5523,0.000129,172.217.194.0-255,1484,22510,76,252395
5524,0.000132,172.31.40.0-255,66,22576,76,252395
5525,0.000167,172.217.194.0-255,1484,24060,76,252395
5526,0.000169,172.31.40.0-255,66,24126,76,252395
5527,0.000175,172.217.194.0-255,4320,28446,76,252395
5528,0.000178,172.31.40.0-255,66,28512,76,252395
5529,0.000193,172.31.40.0-255,66,28578,76,252395
5530,0.000196,172.217.194.0-255,1125,29703,76,252395
5531,0.000198,172.31.40.0-255,66,29769,76,252395
5532,0.000451,172.217.194.0-255,1484,31253,76,252395
5533,0.000455,172.31.40.0-255,66,31319,76,252395
5534,0.000461,172.217.194.0-255,2902,34221,76,252395
5535,0.000463,172.31.40.0-255,66,34287,76,252395
5536,0.000468,172.217.194.0-255,2902,37189,76,252395
5537,0.000472,172.31.40.0-255,66,37255,76,252395
5538,0.000489,172.217.194.0-255,2902,40157,76,252395
5539,0.000492,172.31.40.0-255,66,40223,76,252395
5540,0.000499,172.217.194.0-255,1484,41707,76,252395
5541,0.000529,172.217.194.0-255,5676,47383,76,252395
5542,0.000532,172.31.40.0-255,66,47449,76,252395
5543,0.000596,172.217.194.0-255,381,47830,76,252395
5544,0.000709,172.217.194.0-255,1484,49314,76,252395
5545,0.000715,172.31.40.0-255,66,49380,76,252395
5546,0.00072,172.217.194.0-255,2902,52282,76,252395
5547,0.000722,172.31.40.0-255,66,52348,76,252395
5548,0.000725,172.217.194.0-255,1484,53832,76,252395
5549,0.000754,172.217.194.0-255,4320,58152,76,252395
5550,0.000758,172.31.40.0-255,66,58218,76,252395
5551,0.000766,172.217.194.0-255,6797,65015,76,252395
5552,0.000768,172.31.40.0-255,66,65081,76,252395
5553,0.000832,172.217.194.0-255,7156,72237,76,252395
5554,0.000835,172.31.40.0-255,66,72303,76,252395
5555,0.000847,172.31.40.0-255,66,72369,76,252395
5556,0.001721,172.217.194.0-255,1484,73853,76,252395
5557,0.001728,172.217.194.0-255,2902,76755,76,252395
5558,0.001732,172.31.40.0-255,66,76821,76,252395
5559,0.00174,172.217.194.0-255,5738,82559,76,252395
5560,0.001742,172.31.40.0-255,66,82625,76,252395
5561,0.001763,172.217.194.0-255,1484,84109,76,252395
5562,0.001794,172.31.40.0-255,66,84175,76,252395
5563,0.001835,172.31.40.0-255,66,84241,76,252395
5564,0.001862,172.217.194.0-255,2184,86425,76,252395
5565,0.001864,172.31.40.0-255,66,86491,76,252395
5566,0.001877,172.31.40.0-255,66,86557,76,252395
5567,0.001888,172.31.40.0-255,66,86623,76,252395
5568,0.001917,172.217.194.0-255,5738,92361,76,252395
5569,0.00192,172.31.40.0-255,66,92427,76,252395
5570,0.001931,172.217.194.0-255,6438,98865,76,252395
5571,0.001933,172.31.40.0-255,66,98931,76,252395
5572,0.001968,172.217.194.0-255,1484,100415,76,252395
5573,0.001974,172.217.194.0-255,2902,103317,76,252395
5574,0.001977,172.31.40.0-255,66,103383,76,252395
5575,0.001986,172.217.194.0-255,1484,104867,76,252395
5576,0.002003,172.217.194.0-255,4320,109187,76,252395
5577,0.002005,172.31.40.0-255,66,109253,76,252395
5578,0.002008,172.217.194.0-255,1484,110737,76,252395
5579,0.002044,172.31.40.0-255,66,110803,76,252395
5580,0.002053,172.217.194.0-255,7156,117959,76,252395
5581,0.002057,172.31.40.0-255,66,118025,76,252395
5582,0.002076,172.217.194.0-255,3602,121627,76,252395
5583,0.002079,172.31.40.0-255,66,121693,76,252395
5584,0.004141,172.217.194.0-255,1484,123177,76,252395
5585,0.004165,172.217.194.0-255,2902,126079,76,252395
5586,0.004169,172.31.40.0-255,66,126145,76,252395
5587,0.004195,172.217.194.0-255,1484,127629,76,252395
5588,0.006255,172.217.194.0-255,4320,131949,76,252395
5589,0.006258,172.31.40.0-255,66,132015,76,252395
5590,0.008338,172.217.194.0-255,5738,137753,76,252395
5591,0.008344,172.31.40.0-255,66,137819,76,252395
5592,0.010438,172.217.194.0-255,5738,143557,76,252395
5593,0.010447,172.31.40.0-255,66,143623,76,252395
5594,0.012545,172.217.194.0-255,5738,149361,76,252395
5595,0.012554,172.31.40.0-255,66,149427,76,252395
5596,0.014654,172.217.194.0-255,5738,155165,76,252395
5597,0.014664,172.31.40.0-255,66,155231,76,252395
5598,0.016761,172.217.194.0-255,5738,160969,76,252395
5599,0.016769,172.31.40.0-255,66,161035,76,252395
5600,0.01885,172.217.194.0-255,5738,166773,76,252395
5601,0.018859,172.31.40.0-255,66,166839,76,252395
5602,0.020931,172.217.194.0-255,5738,172577,76,252395
5603,0.020939,172.31.40.0-255,66,172643,76,252395
5604,0.02304,172.217.194.0-255,5738,178381,76,252395
5605,0.023056,172.31.40.0-255,66,178447,76,252395
5606,0.025162,172.217.194.0-255,5738,184185,76,252395
5607,0.025178,172.31.40.0-255,66,184251,76,252395
5608,0.027294,172.217.194.0-255,5738,189989,76,252395
5609,0.027302,172.31.40.0-255,66,190055,76,252395
5610,0.029396,172.217.194.0-255,5738,195793,76,252395
5611,0.02941,172.31.40.0-255,66,195859,76,252395
5612,0.031499,172.217.194.0-255,5738,201597,76,252395
5613,0.031509,172.31.40.0-255,66,201663,76,252395
5614,0.033613,172.217.194.0-255,5738,207401,76,252395
5615,0.033626,172.31.40.0-255,66,207467,76,252395
5616,0.035735,172.217.194.0-255,5738,213205,76,252395
5617,0.035743,172.31.40.0-255,66,213271,76,252395
5618,0.03787,172.217.194.0-255,5738,219009,76,252395
5619,0.037887,172.31.40.0-255,66,219075,76,252395
5620,0.040042,172.217.194.0-255,5738,224813,76,252395
5621,0.040049,172.31.40.0-255,66,224879,76,252395
5622,0.040726,172.31.40.0-255,172,225051,76,252395
5623,0.040758,172.31.40.0-255,1108,226159,76,252395
5624,0.040819,172.31.40.0-255,1514,227673,76,252395
5625,0.040822,172.31.40.0-255,1308,228981,76,252395
5626,0.042119,172.217.194.0-255,5738,234719,76,252395
5627,0.042128,172.31.40.0-255,66,234785,76,252395
5628,0.042328,104.244.42.0-255,66,234851,76,252395
5629,0.04236,104.244.42.0-255,66,234917,76,252395
5630,0.042401,104.244.42.0-255,66,234983,76,252395
5631,0.044228,172.217.194.0-255,5738,240721,76,252395
5632,0.044247,172.31.40.0-255,66,240787,76,252395
5633,0.046368,172.217.194.0-255,5738,246525,76,252395
5634,0.04639,172.31.40.0-255,66,246591,76,252395
5635,0.048507,172.217.194.0-255,5738,252329,76,252395
5636,0.048522,172.31.40.0-255,66,252395,76,252395
5637,0.0,74.125.24.0-255,155,155,76,244007
5638,2.4e-05,172.31.40.0-255,66,221,76,244007
5639,3.2e-05,74.125.24.0-255,1484,1705,76,244007
5640,3.7e-05,172.31.40.0-255,66,1771,76,244007
5641,4.3e-05,74.125.24.0-255,2902,4673,76,244007
5642,4.5e-05,172.31.40.0-255,66,4739,76,244007
5643,5.9e-05,74.125.24.0-255,4320,9059,76,244007
5644,6.2e-05,172.31.40.0-255,66,9125,76,244007
5645,6.8e-05,74.125.24.0-255,4955,14080,76,244007
5646,7.1e-05,172.31.40.0-255,66,14146,76,244007
5647,0.000112,74.125.24.0-255,1484,15630,76,244007
5648,0.000115,172.31.40.0-255,66,15696,76,244007
5649,0.000121,74.125.24.0-255,2902,18598,76,244007
5650,0.000123,172.31.40.0-255,66,18664,76,244007
5651,0.00013,74.125.24.0-255,5738,24402,76,244007
5652,0.000132,172.31.40.0-255,66,24468,76,244007
5653,0.00014,74.125.24.0-255,6797,31265,76,244007
5654,0.000142,172.31.40.0-255,66,31331,76,244007
5655,0.000343,74.125.24.0-255,1484,32815,76,244007
5656,0.000347,172.31.40.0-255,66,32881,76,244007
5657,0.000353,74.125.24.0-255,2902,35783,76,244007
5658,0.000355,172.31.40.0-255,66,35849,76,244007
5659,0.000362,74.125.24.0-255,5738,41587,76,244007
5660,0.00037,172.31.40.0-255,66,41653,76,244007
5661,0.000412,172.31.40.0-255,66,41719,76,244007
5662,0.000424,172.31.40.0-255,66,41785,76,244007
5663,0.000451,74.125.24.0-255,4267,46052,76,244007
5664,0.000453,172.31.40.0-255,66,46118,76,244007
5665,0.000589,74.125.24.0-255,115,46233,76,244007
5666,0.000594,172.31.40.0-255,66,46299,76,244007
5667,0.000735,74.125.24.0-255,1484,47783,76,244007
5668,0.000743,74.125.24.0-255,2902,50685,76,244007
5669,0.000747,172.31.40.0-255,66,50751,76,244007
5670,0.000754,74.125.24.0-255,5738,56489,76,244007
5671,0.000756,172.31.40.0-255,66,56555,76,244007
5672,0.000797,172.31.40.0-255,66,56621,76,244007
5673,0.000805,74.125.24.0-255,7156,63777,76,244007
5674,0.000807,172.31.40.0-255,66,63843,76,244007
5675,0.000844,74.125.24.0-255,2808,66651,76,244007
5676,0.000847,172.31.40.0-255,66,66717,76,244007
5677,0.001036,74.125.24.0-255,1484,68201,76,244007
5678,0.001055,74.125.24.0-255,2902,71103,76,244007
5679,0.00106,172.31.40.0-255,66,71169,76,244007
5680,0.001068,74.125.24.0-255,5738,76907,76,244007
5681,0.00107,172.31.40.0-255,66,76973,76,244007
5682,0.001114,172.31.40.0-255,66,77039,76,244007
5683,0.001121,74.125.24.0-255,7156,84195,76,244007
5684,0.001123,172.31.40.0-255,66,84261,76,244007
5685,0.001184,74.125.24.0-255,3602,87863,76,244007
5686,0.001187,172.31.40.0-255,66,87929,76,244007
5687,0.001985,74.125.24.0-255,1484,89413,76,244007
5688,0.001994,74.125.24.0-255,2902,92315,76,244007
5689,0.001998,172.31.40.0-255,66,92381,76,244007
5690,0.002006,74.125.24.0-255,5738,98119,76,244007
5691,0.002008,172.31.40.0-255,66,98185,76,244007
5692,0.002057,172.31.40.0-255,66,98251,76,244007
5693,0.002064,74.125.24.0-255,5738,103989,76,244007
5694,0.002066,172.31.40.0-255,66,104055,76,244007
5695,0.002092,74.125.24.0-255,5020,109075,76,244007
5696,0.002094,172.31.40.0-255,66,109141,76,244007
5697,0.002274,74.125.24.0-255,1484,110625,76,244007
5698,0.00229,74.125.24.0-255,2902,113527,76,244007
5699,0.002293,172.31.40.0-255,66,113593,76,244007
5700,0.002297,74.125.24.0-255,1484,115077,76,244007
5701,0.002324,74.125.24.0-255,4320,119397,76,244007
5702,0.002327,172.31.40.0-255,66,119463,76,244007
5703,0.002335,74.125.24.0-255,7156,126619,76,244007
5704,0.002337,172.31.40.0-255,66,126685,76,244007
5705,0.002383,172.31.40.0-255,66,126751,76,244007
5706,0.002425,74.125.24.0-255,1484,128235,76,244007
5707,0.00243,74.125.24.0-255,2902,131137,76,244007
5708,0.002433,172.31.40.0-255,66,131203,76,244007
5709,0.002464,74.125.24.0-255,5738,136941,76,244007
5710,0.002467,172.31.40.0-255,66,137007,76,244007
5711,0.002474,74.125.24.0-255,7156,144163,76,244007
5712,0.002476,172.31.40.0-255,66,144229,76,244007
5713,0.002484,74.125.24.0-255,7156,151385,76,244007
5714,0.002487,172.31.40.0-255,66,151451,76,244007
5715,0.002522,74.125.24.0-255,7156,158607,76,244007
5716,0.002524,172.31.40.0-255,66,158673,76,244007
5717,0.002529,74.125.24.0-255,2184,160857,76,244007
5718,0.002531,172.31.40.0-255,66,160923,76,244007
5719,0.002536,74.125.24.0-255,2902,163825,76,244007
5720,0.002539,172.31.40.0-255,66,163891,76,244007
5721,0.002581,74.125.24.0-255,7156,171047,76,244007
5722,0.002585,172.31.40.0-255,66,171113,76,244007
5723,0.00259,74.125.24.0-255,4320,175433,76,244007
5724,0.002592,172.31.40.0-255,66,175499,76,244007
5725,0.00261,172.31.40.0-255,66,175565,76,244007
5726,0.002615,74.125.24.0-255,4320,179885,76,244007
5727,0.002618,172.31.40.0-255,66,179951,76,244007
5728,0.002648,74.125.24.0-255,2184,182135,76,244007
5729,0.002651,172.31.40.0-255,66,182201,76,244007
5730,0.00268,74.125.24.0-255,1484,183685,76,244007
5731,0.002685,74.125.24.0-255,2902,186587,76,244007
5732,0.002688,172.31.40.0-255,66,186653,76,244007
5733,0.002691,74.125.24.0-255,1484,188137,76,244007
5734,0.002729,172.31.40.0-255,66,188203,76,244007
5735,0.002735,74.125.24.0-255,5738,193941,76,244007
5736,0.002738,172.31.40.0-255,66,194007,76,244007
5737,0.002745,74.125.24.0-255,1484,195491,76,244007
5738,0.002767,74.125.24.0-255,2902,198393,76,244007
5739,0.002769,172.31.40.0-255,66,198459,76,244007
5740,0.002804,172.31.40.0-255,66,198525,76,244007
5741,0.002895,74.125.24.0-255,1484,200009,76,244007
5742,0.002902,74.125.24.0-255,2902,202911,76,244007
5743,0.002905,172.31.40.0-255,66,202977,76,244007
5744,0.002909,74.125.24.0-255,1484,204461,76,244007
5745,0.002935,74.125.24.0-255,4320,208781,76,244007
5746,0.002938,172.31.40.0-255,66,208847,76,244007
5747,0.002984,172.31.40.0-255,66,208913,76,244007
5748,0.00301,74.125.24.0-255,1484,210397,76,244007
5749,0.003023,172.31.40.0-255,66,210463,76,244007
5750,0.003027,74.125.24.0-255,1484,211947,76,244007
5751,0.003031,74.125.24.0-255,2902,214849,76,244007
5752,0.003033,172.31.40.0-255,66,214915,76,244007
5753,0.00304,74.125.24.0-255,5738,220653,76,244007
5754,0.003042,172.31.40.0-255,66,220719,76,244007
5755,0.003077,172.31.40.0-255,66,220785,76,244007
5756,0.003087,74.125.24.0-255,1484,222269,76,244007
5757,0.003092,74.125.24.0-255,4320,226589,76,244007
5758,0.003098,172.31.40.0-255,66,226655,76,244007
5759,0.003101,74.125.24.0-255,1484,228139,76,244007
5760,0.003141,172.31.40.0-255,66,228205,76,244007
5761,0.003145,74.125.24.0-255,2902,231107,76,244007
5762,0.003147,172.31.40.0-255,66,231173,76,244007
5763,0.003154,74.125.24.0-255,5738,236911,76,244007
5764,0.00316,172.31.40.0-255,66,236977,76,244007
5765,0.003204,172.31.40.0-255,66,237043,76,244007
5766,0.003214,172.31.40.0-255,66,237109,76,244007
5767,0.003227,172.31.40.0-255,66,237175,76,244007
5768,0.003257,74.125.24.0-255,105,237280,76,244007
5769,0.016997,172.31.40.0-255,66,237346,76,244007
5770,0.017048,172.31.40.0-255,105,237451,76,244007
5771,0.019302,74.125.24.0-255,66,237517,76,244007
5772,0.048864,172.31.40.0-255,172,237689,76,244007
5773,0.048901,172.31.40.0-255,1110,238799,76,244007
5774,0.048976,172.31.40.0-255,1514,240313,76,244007
5775,0.048978,172.31.40.0-255,1514,241827,76,244007
5776,0.048979,172.31.40.0-255,1514,243341,76,244007
5777,0.04898,172.31.40.0-255,666,244007,76,244007
5778,0.0,74.125.24.0-255,298,298,76,295995
5779,2.9e-05,172.31.40.0-255,66,364,76,295995
5780,3.6e-05,74.125.24.0-255,1484,1848,76,295995
5781,4e-05,172.31.40.0-255,66,1914,76,295995
5782,5.7e-05,74.125.24.0-255,4320,6234,76,295995
5783,6e-05,172.31.40.0-255,66,6300,76,295995
5784,6.5e-05,74.125.24.0-255,2902,9202,76,295995
5785,6.7e-05,172.31.40.0-255,66,9268,76,295995
5786,0.000123,74.125.24.0-255,4777,14045,76,295995
5787,0.000127,172.31.40.0-255,66,14111,76,295995
5788,0.000185,74.125.24.0-255,1484,15595,76,295995
5789,0.000188,172.31.40.0-255,66,15661,76,295995
5790,0.000215,74.125.24.0-255,2902,18563,76,295995
5791,0.000218,172.31.40.0-255,66,18629,76,295995
5792,0.000224,74.125.24.0-255,5738,24367,76,295995
5793,0.000226,172.31.40.0-255,66,24433,76,295995
5794,0.000252,74.125.24.0-255,4320,28753,76,295995
5795,0.000254,172.31.40.0-255,66,28819,76,295995
5796,0.000277,74.125.24.0-255,2543,31362,76,295995
5797,0.000282,172.31.40.0-255,66,31428,76,295995
5798,0.000694,74.125.24.0-255,1484,32912,76,295995
5799,0.0007,172.31.40.0-255,66,32978,76,295995
5800,0.000706,74.125.24.0-255,2902,35880,76,295995
5801,0.000707,172.31.40.0-255,66,35946,76,295995
5802,0.000713,74.125.24.0-255,4320,40266,76,295995
5803,0.00072,172.31.40.0-255,66,40332,76,295995
5804,0.000768,172.31.40.0-255,66,40398,76,295995
5805,0.000773,74.125.24.0-255,2902,43300,76,295995
5806,0.000775,172.31.40.0-255,66,43366,76,295995
5807,0.000816,74.125.24.0-255,7156,50522,76,295995
5808,0.000819,172.31.40.0-255,66,50588,76,295995
5809,0.000826,74.125.24.0-255,5379,55967,76,295995
5810,0.000828,172.31.40.0-255,66,56033,76,295995
5811,0.00083,74.125.24.0-255,360,56393,76,295995
5812,0.000992,74.125.24.0-255,132,56525,76,295995
5813,0.001192,172.31.40.0-255,66,56591,76,295995
5814,0.001385,74.125.24.0-255,1484,58075,76,295995
5815,0.001395,74.125.24.0-255,2902,60977,76,295995
5816,0.001399,172.31.40.0-255,66,61043,76,295995
5817,0.001407,74.125.24.0-255,4320,65363,76,295995
5818,0.001409,172.31.40.0-255,66,65429,76,295995
5819,0.001436,74.125.24.0-255,1484,66913,76,295995
5820,0.001445,74.125.24.0-255,6797,73710,76,295995
5821,0.001447,172.31.40.0-255,66,73776,76,295995
5822,0.001481,74.125.24.0-255,5738,79514,76,295995
5823,0.001483,172.31.40.0-255,66,79580,76,295995
5824,0.001491,74.125.24.0-255,7156,86736,76,295995
5825,0.001493,172.31.40.0-255,66,86802,76,295995
5826,0.00153,74.125.24.0-255,4221,91023,76,295995
5827,0.001532,172.31.40.0-255,66,91089,76,295995
5828,0.001594,74.125.24.0-255,1484,92573,76,295995
5829,0.001617,74.125.24.0-255,2902,95475,76,295995
5830,0.00162,172.31.40.0-255,66,95541,76,295995
5831,0.001627,74.125.24.0-255,5738,101279,76,295995
5832,0.001629,172.31.40.0-255,66,101345,76,295995
5833,0.001671,172.31.40.0-255,66,101411,76,295995
5834,0.001677,74.125.24.0-255,5738,107149,76,295995
5835,0.001679,172.31.40.0-255,66,107215,76,295995
5836,0.001706,74.125.24.0-255,1484,108699,76,295995
5837,0.001712,74.125.24.0-255,3602,112301,76,295995
5838,0.001714,172.31.40.0-255,66,112367,76,295995
5839,0.00177,74.125.24.0-255,4320,116687,76,295995
5840,0.001774,172.31.40.0-255,66,116753,76,295995
5841,0.001781,74.125.24.0-255,5738,122491,76,295995
5842,0.001783,172.31.40.0-255,66,122557,76,295995
5843,0.001812,74.125.24.0-255,7156,129713,76,295995
5844,0.001815,172.31.40.0-255,66,129779,76,295995
5845,0.001843,74.125.24.0-255,4320,134099,76,295995
5846,0.001845,172.31.40.0-255,66,134165,76,295995
5847,0.001853,74.125.24.0-255,7156,141321,76,295995
5848,0.001856,172.31.40.0-255,66,141387,76,295995
5849,0.001859,74.125.24.0-255,1484,142871,76,295995
5850,0.001889,74.125.24.0-255,3602,146473,76,295995
5851,0.001893,172.31.40.0-255,66,146539,76,295995
5852,0.001899,74.125.24.0-255,5738,152277,76,295995
5853,0.001901,172.31.40.0-255,66,152343,76,295995
5854,0.001904,74.125.24.0-255,1484,153827,76,295995
5855,0.001936,172.31.40.0-255,66,153893,76,295995
5856,0.001974,74.125.24.0-255,5738,159631,76,295995
5857,0.001978,172.31.40.0-255,66,159697,76,295995
5858,0.002008,172.31.40.0-255,66,159763,76,295995
5859,0.002011,74.125.24.0-255,766,160529,76,295995
5860,0.004044,74.125.24.0-255,4320,164849,76,295995
5861,0.004055,172.31.40.0-255,66,164915,76,295995
5862,0.00609,74.125.24.0-255,5738,170653,76,295995
5863,0.006106,172.31.40.0-255,66,170719,76,295995
5864,0.008121,74.125.24.0-255,5738,176457,76,295995
5865,0.00813,172.31.40.0-255,66,176523,76,295995
5866,0.010173,74.125.24.0-255,5738,182261,76,295995
5867,0.010181,172.31.40.0-255,66,182327,76,295995
5868,0.01225,74.125.24.0-255,5738,188065,76,295995
5869,0.012263,172.31.40.0-255,66,188131,76,295995
5870,0.014313,74.125.24.0-255,5738,193869,76,295995
5871,0.01433,172.31.40.0-255,66,193935,76,295995
5872,0.01638,74.125.24.0-255,5738,199673,76,295995
5873,0.016394,172.31.40.0-255,66,199739,76,295995
5874,0.018409,74.125.24.0-255,5738,205477,76,295995
5875,0.018425,172.31.40.0-255,66,205543,76,295995
5876,0.020443,74.125.24.0-255,5738,211281,76,295995
5877,0.020448,172.31.40.0-255,66,211347,76,295995
5878,0.022506,74.125.24.0-255,5738,217085,76,295995
5879,0.022524,172.31.40.0-255,66,217151,76,295995
5880,0.024564,74.125.24.0-255,5738,222889,76,295995
5881,0.024582,172.31.40.0-255,66,222955,76,295995
5882,0.026634,74.125.24.0-255,5738,228693,76,295995
5883,0.026652,172.31.40.0-255,66,228759,76,295995
5884,0.028709,74.125.24.0-255,5738,234497,76,295995
5885,0.028728,172.31.40.0-255,66,234563,76,295995
5886,0.030774,74.125.24.0-255,5738,240301,76,295995
5887,0.03079,172.31.40.0-255,66,240367,76,295995
5888,0.032866,74.125.24.0-255,5738,246105,76,295995
5889,0.032887,172.31.40.0-255,66,246171,76,295995
5890,0.034922,74.125.24.0-255,5738,251909,76,295995
5891,0.034932,172.31.40.0-255,66,251975,76,295995
5892,0.036973,74.125.24.0-255,5738,257713,76,295995
5893,0.036983,172.31.40.0-255,66,257779,76,295995
5894,0.039019,74.125.24.0-255,5738,263517,76,295995
5895,0.039037,172.31.40.0-255,66,263583,76,295995
5896,0.041073,74.125.24.0-255,5738,269321,76,295995
5897,0.041085,172.31.40.0-255,66,269387,76,295995
5898,0.043105,74.125.24.0-255,5738,275125,76,295995
5899,0.043113,172.31.40.0-255,66,275191,76,295995
5900,0.044117,172.31.40.0-255,231,275422,76,295995
5901,0.044154,172.31.40.0-255,1104,276526,76,295995
5902,0.044217,172.31.40.0-255,1514,278040,76,295995
5903,0.044219,172.31.40.0-255,345,278385,76,295995
5904,0.045154,74.125.24.0-255,5738,284123,76,295995
5905,0.045164,172.31.40.0-255,66,284189,76,295995
5906,0.045707,104.244.42.0-255,66,284255,76,295995
5907,0.045717,104.244.42.0-255,66,284321,76,295995
5908,0.045798,104.244.42.0-255,66,284387,76,295995
5909,0.047189,74.125.24.0-255,5738,290125,76,295995
5910,0.047196,172.31.40.0-255,66,290191,76,295995
5911,0.049222,74.125.24.0-255,5738,295929,76,295995
5912,0.049231,172.31.40.0-255,66,295995,76,295995
5913,0.0,74.125.68.0-255,298,298,76,291905
5914,2.3e-05,172.31.40.0-255,66,364,76,291905
5915,2.9e-05,74.125.68.0-255,1484,1848,76,291905
5916,3.3e-05,172.31.40.0-255,66,1914,76,291905
5917,4e-05,74.125.68.0-255,4320,6234,76,291905
5918,4.4e-05,172.31.40.0-255,66,6300,76,291905
5919,4.9e-05,74.125.68.0-255,4320,10620,76,291905
5920,5.3e-05,172.31.40.0-255,66,10686,76,291905
5921,5.6e-05,74.125.68.0-255,1484,12170,76,291905
5922,5.9e-05,172.31.40.0-255,66,12236,76,291905
5923,8.9e-05,74.125.68.0-255,3213,15449,76,291905
5924,9.2e-05,172.31.40.0-255,66,15515,76,291905
5925,0.000103,172.31.40.0-255,66,15581,76,291905
5926,0.000122,74.125.68.0-255,1484,17065,76,291905
5927,0.000124,172.31.40.0-255,66,17131,76,291905
5928,0.000157,74.125.68.0-255,5379,22510,76,291905
5929,0.00016,172.31.40.0-255,66,22576,76,291905
5930,0.000217,74.125.68.0-255,1484,24060,76,291905
5931,0.00022,172.31.40.0-255,66,24126,76,291905
5932,0.000224,74.125.68.0-255,1484,25610,76,291905
5933,0.000226,172.31.40.0-255,66,25676,76,291905
5934,0.000239,74.125.68.0-255,1484,27160,76,291905
5935,0.000241,172.31.40.0-255,66,27226,76,291905
5936,0.000245,74.125.68.0-255,1484,28710,76,291905
5937,0.000247,172.31.40.0-255,66,28776,76,291905
5938,0.000259,74.125.68.0-255,1484,30260,76,291905
5939,0.000262,172.31.40.0-255,66,30326,76,291905
5940,0.000266,74.125.68.0-255,2902,33228,76,291905
5941,0.000269,172.31.40.0-255,66,33294,76,291905
5942,0.000291,74.125.68.0-255,1484,34778,76,291905
5943,0.000293,172.31.40.0-255,66,34844,76,291905
5944,0.000305,172.31.40.0-255,66,34910,76,291905
5945,0.000325,74.125.68.0-255,5738,40648,76,291905
5946,0.000328,172.31.40.0-255,66,40714,76,291905
5947,0.000357,74.125.68.0-255,4320,45034,76,291905
5948,0.000359,172.31.40.0-255,66,45100,76,291905
5949,0.000364,74.125.68.0-255,2852,47952,76,291905
5950,0.000366,172.31.40.0-255,66,48018,76,291905
5951,0.000369,74.125.68.0-255,111,48129,76,291905
5952,0.000448,74.125.68.0-255,1484,49613,76,291905
5953,0.000452,172.31.40.0-255,66,49679,76,291905
5954,0.000457,74.125.68.0-255,2902,52581,76,291905
5955,0.00046,172.31.40.0-255,66,52647,76,291905
5956,0.000472,74.125.68.0-255,2902,55549,76,291905
5957,0.000475,172.31.40.0-255,66,55615,76,291905
5958,0.000492,74.125.68.0-255,2902,58517,76,291905
5959,0.000494,172.31.40.0-255,66,58583,76,291905
5960,0.0005,74.125.68.0-255,4320,62903,76,291905
5961,0.000503,172.31.40.0-255,66,62969,76,291905
5962,0.000522,74.125.68.0-255,2902,65871,76,291905
5963,0.000524,172.31.40.0-255,66,65937,76,291905
5964,0.000527,74.125.68.0-255,1484,67421,76,291905
5965,0.000565,74.125.68.0-255,7156,74577,76,291905
5966,0.000567,172.31.40.0-255,66,74643,76,291905
5967,0.000578,172.31.40.0-255,66,74709,76,291905
5968,0.000954,74.125.68.0-255,1484,76193,76,291905
5969,0.000968,74.125.68.0-255,2902,79095,76,291905
5970,0.000972,172.31.40.0-255,66,79161,76,291905
5971,0.000977,74.125.68.0-255,1484,80645,76,291905
5972,0.000995,74.125.68.0-255,2902,83547,76,291905
5973,0.000997,172.31.40.0-255,66,83613,76,291905
5974,0.001001,74.125.68.0-255,1484,85097,76,291905
5975,0.001033,74.125.68.0-255,7156,92253,76,291905
5976,0.001036,172.31.40.0-255,66,92319,76,291905
5977,0.001044,74.125.68.0-255,5738,98057,76,291905
5978,0.001046,172.31.40.0-255,66,98123,76,291905
5979,0.001054,74.125.68.0-255,7156,105279,76,291905
5980,0.001056,172.31.40.0-255,66,105345,76,291905
5981,0.001069,74.125.68.0-255,1484,106829,76,291905
5982,0.001086,74.125.68.0-255,2184,109013,76,291905
5983,0.001088,172.31.40.0-255,66,109079,76,291905
5984,0.001274,74.125.68.0-255,1484,110563,76,291905
5985,0.00128,74.125.68.0-255,2902,113465,76,291905
5986,0.001283,172.31.40.0-255,66,113531,76,291905
5987,0.001306,74.125.68.0-255,5738,119269,76,291905
5988,0.001308,172.31.40.0-255,66,119335,76,291905
5989,0.00133,74.125.68.0-255,7156,126491,76,291905
5990,0.001332,172.31.40.0-255,66,126557,76,291905
5991,0.001356,74.125.68.0-255,2902,129459,76,291905
5992,0.001358,172.31.40.0-255,66,129525,76,291905
5993,0.001363,74.125.68.0-255,2902,132427,76,291905
5994,0.001366,172.31.40.0-255,66,132493,76,291905
5995,0.00139,172.31.40.0-255,66,132559,76,291905
5996,0.001395,74.125.68.0-255,2184,134743,76,291905
5997,0.001398,172.31.40.0-255,66,134809,76,291905
5998,0.001476,74.125.68.0-255,1484,136293,76,291905
5999,0.001482,74.125.68.0-255,2902,139195,76,291905
6000,0.001485,172.31.40.0-255,66,139261,76,291905
6001,0.001543,74.125.68.0-255,5738,144999,76,291905
6002,0.001546,172.31.40.0-255,66,145065,76,291905
6003,0.001557,172.31.40.0-255,66,145131,76,291905
6004,0.001563,74.125.68.0-255,4320,149451,76,291905
6005,0.001565,172.31.40.0-255,66,149517,76,291905
6006,0.001598,74.125.68.0-255,7156,156673,76,291905
6007,0.001602,172.31.40.0-255,66,156739,76,291905
6008,0.001606,74.125.68.0-255,2184,158923,76,291905
6009,0.001608,172.31.40.0-255,66,158989,76,291905
6010,0.001759,74.125.68.0-255,1484,160473,76,291905
6011,0.001763,74.125.68.0-255,1484,161957,76,291905
6012,0.001766,172.31.40.0-255,66,162023,76,291905
6013,0.001788,74.125.68.0-255,1484,163507,76,291905
6014,0.001793,74.125.68.0-255,2902,166409,76,291905
6015,0.001796,172.31.40.0-255,66,166475,76,291905
6016,0.001801,74.125.68.0-255,4320,170795,76,291905
6017,0.001803,172.31.40.0-255,66,170861,76,291905
6018,0.001834,172.31.40.0-255,66,170927,76,291905
6019,0.001839,74.125.68.0-255,4320,175247,76,291905
6020,0.001841,172.31.40.0-255,66,175313,76,291905
6021,0.001883,74.125.68.0-255,4320,179633,76,291905
6022,0.001889,172.31.40.0-255,66,179699,76,291905
6023,0.001905,74.125.68.0-255,5020,184719,76,291905
6024,0.001908,172.31.40.0-255,66,184785,76,291905
6025,0.001946,74.125.68.0-255,1484,186269,76,291905
6026,0.001968,74.125.68.0-255,2902,189171,76,291905
6027,0.001971,172.31.40.0-255,66,189237,76,291905
6028,0.001992,74.125.68.0-255,5738,194975,76,291905
6029,0.001994,172.31.40.0-255,66,195041,76,291905
6030,0.001999,74.125.68.0-255,2902,197943,76,291905
6031,0.002005,172.31.40.0-255,66,198009,76,291905
6032,0.00201,74.125.68.0-255,4320,202329,76,291905
6033,0.002013,172.31.40.0-255,66,202395,76,291905
6034,0.002045,172.31.40.0-255,66,202461,76,291905
6035,0.002051,74.125.68.0-255,5738,208199,76,291905
6036,0.002054,172.31.40.0-255,66,208265,76,291905
6037,0.002069,74.125.68.0-255,1484,209749,76,291905
6038,0.002095,74.125.68.0-255,5020,214769,76,291905
6039,0.002098,172.31.40.0-255,66,214835,76,291905
6040,0.002105,74.125.68.0-255,5738,220573,76,291905
6041,0.002107,172.31.40.0-255,66,220639,76,291905
6042,0.002114,74.125.68.0-255,7156,227795,76,291905
6043,0.002117,172.31.40.0-255,66,227861,76,291905
6044,0.00214,74.125.68.0-255,5738,233599,76,291905
6045,0.002143,172.31.40.0-255,66,233665,76,291905
6046,0.002171,172.31.40.0-255,66,233731,76,291905
6047,0.002194,74.125.68.0-255,4320,238051,76,291905
6048,0.002197,172.31.40.0-255,66,238117,76,291905
6049,0.002222,172.31.40.0-255,66,238183,76,291905
6050,0.002228,74.125.68.0-255,4320,242503,76,291905
6051,0.00223,172.31.40.0-255,66,242569,76,291905
6052,0.002268,172.31.40.0-255,66,242635,76,291905
6053,0.002275,74.125.68.0-255,5738,248373,76,291905
6054,0.002277,172.31.40.0-255,66,248439,76,291905
6055,0.00231,172.31.40.0-255,66,248505,76,291905
6056,0.002333,74.125.68.0-255,3602,252107,76,291905
6057,0.002336,172.31.40.0-255,66,252173,76,291905
6058,0.00235,172.31.40.0-255,66,252239,76,291905
6059,0.002357,74.125.68.0-255,7156,259395,76,291905
6060,0.00236,172.31.40.0-255,66,259461,76,291905
6061,0.002421,172.31.40.0-255,66,259527,76,291905
6062,0.002428,74.125.68.0-255,5738,265265,76,291905
6063,0.00243,172.31.40.0-255,66,265331,76,291905
6064,0.002436,74.125.68.0-255,7156,272487,76,291905
6065,0.002439,172.31.40.0-255,66,272553,76,291905
6066,0.002461,74.125.68.0-255,7156,279709,76,291905
6067,0.002464,172.31.40.0-255,66,279775,76,291905
6068,0.00249,74.125.68.0-255,7156,286931,76,291905
6069,0.002493,172.31.40.0-255,66,286997,76,291905
6070,0.002535,172.31.40.0-255,66,287063,76,291905
6071,0.002538,74.125.68.0-255,97,287160,76,291905
6072,0.005026,74.125.68.0-255,105,287265,76,291905
6073,0.008613,172.31.40.0-255,101,287366,76,291905
6074,0.010474,172.31.40.0-255,105,287471,76,291905
6075,0.011105,74.125.68.0-255,66,287537,76,291905
6076,0.012972,74.125.68.0-255,66,287603,76,291905
6077,0.032871,172.31.40.0-255,172,287775,76,291905
6078,0.032906,172.31.40.0-255,1109,288884,76,291905
6079,0.03297,172.31.40.0-255,1514,290398,76,291905
6080,0.032972,172.31.40.0-255,1309,291707,76,291905
6081,0.034451,104.244.42.0-255,66,291773,76,291905
6082,0.03448,104.244.42.0-255,66,291839,76,291905
6083,0.034535,104.244.42.0-255,66,291905,76,291905
6084,0.0,74.125.24.0-255,153,153,76,170478
6085,1.6e-05,172.31.40.0-255,66,219,76,170478
6086,2.3e-05,74.125.24.0-255,1484,1703,76,170478
6087,2.8e-05,172.31.40.0-255,66,1769,76,170478
6088,3.4e-05,74.125.24.0-255,2902,4671,76,170478
6089,4.6e-05,172.31.40.0-255,66,4737,76,170478
6090,5.5e-05,74.125.24.0-255,7156,11893,76,170478
6091,5.8e-05,172.31.40.0-255,66,11959,76,170478
6092,6.2e-05,74.125.24.0-255,2118,14077,76,170478
6093,6.4e-05,172.31.40.0-255,66,14143,76,170478
6094,0.00014,74.125.24.0-255,1484,15627,76,170478
6095,0.000143,172.31.40.0-255,66,15693,76,170478
6096,0.000147,74.125.24.0-255,1484,17177,76,170478
6097,0.00015,172.31.40.0-255,66,17243,76,170478
6098,0.000181,74.125.24.0-255,1484,18727,76,170478
6099,0.000183,172.31.40.0-255,66,18793,76,170478
6100,0.00019,74.125.24.0-255,5738,24531,76,170478
6101,0.000193,172.31.40.0-255,66,24597,76,170478
6102,0.000205,74.125.24.0-255,6797,31394,76,170478
6103,0.000207,172.31.40.0-255,66,31460,76,170478
6104,0.000373,74.125.24.0-255,1484,32944,76,170478
6105,0.000378,172.31.40.0-255,66,33010,76,170478
6106,0.000383,74.125.24.0-255,1484,34494,76,170478
6107,0.000384,172.31.40.0-255,66,34560,76,170478
6108,0.000407,74.125.24.0-255,1484,36044,76,170478
6109,0.000414,172.31.40.0-255,66,36110,76,170478
6110,0.000421,74.125.24.0-255,5738,41848,76,170478
6111,0.000423,172.31.40.0-255,66,41914,76,170478
6112,0.000426,74.125.24.0-255,1484,43398,76,170478
6113,0.000428,172.31.40.0-255,66,43464,76,170478
6114,0.000436,74.125.24.0-255,7156,50620,76,170478
6115,0.000438,172.31.40.0-255,66,50686,76,170478
6116,0.000479,74.125.24.0-255,6797,57483,76,170478
6117,0.000482,172.31.40.0-255,66,57549,76,170478
6118,0.000498,172.31.40.0-255,66,57615,76,170478
6119,0.000537,74.125.24.0-255,115,57730,76,170478
6120,0.00104,172.31.40.0-255,66,57796,76,170478
6121,0.001072,74.125.24.0-255,328,58124,76,170478
6122,0.001122,172.31.40.0-255,66,58190,76,170478
6123,0.001857,74.125.24.0-255,1484,59674,76,170478
6124,0.001868,74.125.24.0-255,2902,62576,76,170478
6125,0.001873,172.31.40.0-255,66,62642,76,170478
6126,0.001902,74.125.24.0-255,5738,68380,76,170478
6127,0.001904,172.31.40.0-255,66,68446,76,170478
6128,0.001916,172.31.40.0-255,66,68512,76,170478
6129,0.00196,172.31.40.0-255,66,68578,76,170478
6130,0.002309,74.125.24.0-255,1484,70062,76,170478
6131,0.002324,74.125.24.0-255,2902,72964,76,170478
6132,0.002326,172.31.40.0-255,66,73030,76,170478
6133,0.002332,74.125.24.0-255,4320,77350,76,170478
6134,0.002334,172.31.40.0-255,66,77416,76,170478
6135,0.00235,74.125.24.0-255,1484,78900,76,170478
6136,0.002362,172.31.40.0-255,66,78966,76,170478
6137,0.002392,74.125.24.0-255,4320,83286,76,170478
6138,0.002394,172.31.40.0-255,66,83352,76,170478
6139,0.002413,172.31.40.0-255,66,83418,76,170478
6140,0.00242,74.125.24.0-255,5738,89156,76,170478
6141,0.002423,172.31.40.0-255,66,89222,76,170478
6142,0.002457,172.31.40.0-255,66,89288,76,170478
6143,0.002497,172.31.40.0-255,66,89354,76,170478
6144,0.002789,74.125.24.0-255,1484,90838,76,170478
6145,0.002801,74.125.24.0-255,2902,93740,76,170478
6146,0.002804,172.31.40.0-255,66,93806,76,170478
6147,0.002809,74.125.24.0-255,2902,96708,76,170478
6148,0.002811,172.31.40.0-255,66,96774,76,170478
6149,0.002843,74.125.24.0-255,2902,99676,76,170478
6150,0.002845,172.31.40.0-255,66,99742,76,170478
6151,0.002865,172.31.40.0-255,66,99808,76,170478
6152,0.002875,172.31.40.0-255,66,99874,76,170478
6153,0.002903,74.125.24.0-255,2184,102058,76,170478
6154,0.002905,172.31.40.0-255,66,102124,76,170478
6155,0.002995,74.125.24.0-255,1484,103608,76,170478
6156,0.003,74.125.24.0-255,2902,106510,76,170478
6157,0.003002,172.31.40.0-255,66,106576,76,170478
6158,0.003006,74.125.24.0-255,1484,108060,76,170478
6159,0.003031,74.125.24.0-255,4320,112380,76,170478
6160,0.003033,172.31.40.0-255,66,112446,76,170478
6161,0.003067,172.31.40.0-255,66,112512,76,170478
6162,0.003095,74.125.24.0-255,1484,113996,76,170478
6163,0.003098,74.125.24.0-255,1484,115480,76,170478
6164,0.0031,172.31.40.0-255,66,115546,76,170478
6165,0.003105,74.125.24.0-255,4320,119866,76,170478
6166,0.003108,172.31.40.0-255,66,119932,76,170478
6167,0.003114,74.125.24.0-255,5020,124952,76,170478
6168,0.003121,172.31.40.0-255,66,125018,76,170478
6169,0.003134,172.31.40.0-255,66,125084,76,170478
6170,0.003144,74.125.24.0-255,5738,130822,76,170478
6171,0.003147,172.31.40.0-255,66,130888,76,170478
6172,0.00315,74.125.24.0-255,1484,132372,76,170478
6173,0.003181,74.125.24.0-255,4320,136692,76,170478
6174,0.003184,172.31.40.0-255,66,136758,76,170478
6175,0.00322,172.31.40.0-255,66,136824,76,170478
6176,0.00356,74.125.24.0-255,1484,138308,76,170478
6177,0.003577,74.125.24.0-255,2902,141210,76,170478
6178,0.003579,172.31.40.0-255,66,141276,76,170478
6179,0.003587,74.125.24.0-255,5738,147014,76,170478
6180,0.00359,172.31.40.0-255,66,147080,76,170478
6181,0.003623,172.31.40.0-255,66,147146,76,170478
6182,0.003651,74.125.24.0-255,4320,151466,76,170478
6183,0.003653,172.31.40.0-255,66,151532,76,170478
6184,0.00367,172.31.40.0-255,66,151598,76,170478
6185,0.003813,74.125.24.0-255,1484,153082,76,170478
6186,0.003827,74.125.24.0-255,2902,155984,76,170478
6187,0.00383,172.31.40.0-255,66,156050,76,170478
6188,0.003837,74.125.24.0-255,5738,161788,76,170478
6189,0.003839,172.31.40.0-255,66,161854,76,170478
6190,0.003857,74.125.24.0-255,1484,163338,76,170478
6191,0.003894,172.31.40.0-255,66,163404,76,170478
6192,0.003912,172.31.40.0-255,66,163470,76,170478
6193,0.003991,172.31.40.0-255,66,163536,76,170478
6194,0.004022,74.125.24.0-255,2902,166438,76,170478
6195,0.004024,172.31.40.0-255,66,166504,76,170478
6196,0.004035,172.31.40.0-255,66,166570,76,170478
6197,0.004068,172.31.40.0-255,66,166636,76,170478
6198,0.004078,172.31.40.0-255,66,166702,76,170478
6199,0.00408,74.125.24.0-255,105,166807,76,170478
6200,0.010032,172.31.40.0-255,101,166908,76,170478
6201,0.011546,172.31.40.0-255,105,167013,76,170478
6202,0.012626,74.125.24.0-255,66,167079,76,170478
6203,0.014154,74.125.24.0-255,66,167145,76,170478
6204,0.030809,172.31.40.0-255,172,167317,76,170478
6205,0.030846,172.31.40.0-255,1104,168421,76,170478
6206,0.030912,172.31.40.0-255,1514,169935,76,170478
6207,0.030914,172.31.40.0-255,345,170280,76,170478
6208,0.032365,104.244.42.0-255,66,170346,76,170478
6209,0.032396,104.244.42.0-255,66,170412,76,170478
6210,0.032463,104.244.42.0-255,66,170478,76,170478
6211,0.0,74.125.24.0-255,153,153,76,244024
6212,2.5e-05,172.31.40.0-255,66,219,76,244024
6213,3.3e-05,74.125.24.0-255,1484,1703,76,244024
6214,3.8e-05,172.31.40.0-255,66,1769,76,244024
6215,4.3e-05,74.125.24.0-255,2902,4671,76,244024
6216,4.7e-05,172.31.40.0-255,66,4737,76,244024
6217,5.2e-05,74.125.24.0-255,2902,7639,76,244024
6218,5.4e-05,172.31.40.0-255,66,7705,76,244024
6219,7.3e-05,74.125.24.0-255,4320,12025,76,244024
6220,7.5e-05,172.31.40.0-255,66,12091,76,244024
6221,0.000121,74.125.24.0-255,2069,14160,76,244024
6222,0.000124,172.31.40.0-255,66,14226,76,244024
6223,0.000146,74.125.24.0-255,5738,19964,76,244024
6224,0.000148,172.31.40.0-255,66,20030,76,244024
6225,0.000162,74.125.24.0-255,5738,25768,76,244024
6226,0.000165,172.31.40.0-255,66,25834,76,244024
6227,0.000253,74.125.24.0-255,2902,28736,76,244024
6228,0.000256,172.31.40.0-255,66,28802,76,244024
6229,0.000282,172.31.40.0-255,66,28868,76,244024
6230,0.000377,74.125.24.0-255,5738,34606,76,244024
6231,0.000382,172.31.40.0-255,66,34672,76,244024
6232,0.000403,74.125.24.0-255,5020,39692,76,244024
6233,0.000406,172.31.40.0-255,66,39758,76,244024
6234,0.000475,74.125.24.0-255,5738,45496,76,244024
6235,0.000478,172.31.40.0-255,66,45562,76,244024
6236,0.000511,172.31.40.0-255,66,45628,76,244024
6237,0.000637,74.125.24.0-255,4320,49948,76,244024
6238,0.000642,172.31.40.0-255,66,50014,76,244024
6239,0.000683,172.31.40.0-255,66,50080,76,244024
6240,0.000905,74.125.24.0-255,6438,56518,76,244024
6241,0.00091,172.31.40.0-255,66,56584,76,244024
6242,0.000976,74.125.24.0-255,4320,60904,76,244024
6243,0.00098,172.31.40.0-255,66,60970,76,244024
6244,0.000996,74.125.24.0-255,2902,63872,76,244024
6245,0.000999,172.31.40.0-255,66,63938,76,244024
6246,0.00104,74.125.24.0-255,2902,66840,76,244024
6247,0.001043,172.31.40.0-255,66,66906,76,244024
6248,0.001074,172.31.40.0-255,66,66972,76,244024
6249,0.001194,74.125.24.0-255,5738,72710,76,244024
6250,0.001199,172.31.40.0-255,66,72776,76,244024
6251,0.001243,172.31.40.0-255,66,72842,76,244024
6252,0.001482,74.125.24.0-255,1484,74326,76,244024
6253,0.001497,74.125.24.0-255,2902,77228,76,244024
6254,0.0015,172.31.40.0-255,66,77294,76,244024
6255,0.00152,74.125.24.0-255,5738,83032,76,244024
6256,0.001524,172.31.40.0-255,66,83098,76,244024
6257,0.001565,74.125.24.0-255,4320,87418,76,244024
6258,0.001568,172.31.40.0-255,66,87484,76,244024
6259,0.001597,172.31.40.0-255,66,87550,76,244024
6260,0.001709,74.125.24.0-255,5738,93288,76,244024
6261,0.001712,172.31.40.0-255,66,93354,76,244024
6262,0.001731,74.125.24.0-255,4320,97674,76,244024
6263,0.001734,172.31.40.0-255,66,97740,76,244024
6264,0.001782,74.125.24.0-255,766,98506,76,244024
6265,0.001799,74.125.24.0-255,1484,99990,76,244024
6266,0.001802,172.31.40.0-255,66,100056,76,244024
6267,0.001806,74.125.24.0-255,1484,101540,76,244024
6268,0.001824,74.125.24.0-255,2902,104442,76,244024
6269,0.001827,172.31.40.0-255,66,104508,76,244024
6270,0.001862,74.125.24.0-255,5738,110246,76,244024
6271,0.001865,172.31.40.0-255,66,110312,76,244024
6272,0.001886,74.125.24.0-255,4320,114632,76,244024
6273,0.001889,172.31.40.0-255,66,114698,76,244024
6274,0.001955,74.125.24.0-255,1484,116182,76,244024
6275,0.001982,74.125.24.0-255,7156,123338,76,244024
6276,0.001985,172.31.40.0-255,66,123404,76,244024
6277,0.002017,172.31.40.0-255,66,123470,76,244024
6278,0.004347,74.125.24.0-255,5738,129208,76,244024
6279,0.004354,172.31.40.0-255,66,129274,76,244024
6280,0.006697,74.125.24.0-255,5738,135012,76,244024
6281,0.006704,172.31.40.0-255,66,135078,76,244024
6282,0.00907,74.125.24.0-255,5738,140816,76,244024
6283,0.009076,172.31.40.0-255,66,140882,76,244024
6284,0.011431,74.125.24.0-255,5738,146620,76,244024
6285,0.011442,172.31.40.0-255,66,146686,76,244024
6286,0.013805,74.125.24.0-255,5738,152424,76,244024
6287,0.013814,172.31.40.0-255,66,152490,76,244024
6288,0.016167,74.125.24.0-255,5738,158228,76,244024
6289,0.016176,172.31.40.0-255,66,158294,76,244024
6290,0.018524,74.125.24.0-255,5738,164032,76,244024
6291,0.018536,172.31.40.0-255,66,164098,76,244024
6292,0.020906,74.125.24.0-255,5738,169836,76,244024
6293,0.020914,172.31.40.0-255,66,169902,76,244024
6294,0.023269,74.125.24.0-255,5738,175640,76,244024
6295,0.023278,172.31.40.0-255,66,175706,76,244024
6296,0.025641,74.125.24.0-255,5738,181444,76,244024
6297,0.025649,172.31.40.0-255,66,181510,76,244024
6298,0.028001,74.125.24.0-255,5738,187248,76,244024
6299,0.028018,172.31.40.0-255,66,187314,76,244024
6300,0.03036,74.125.24.0-255,5738,193052,76,244024
6301,0.030367,172.31.40.0-255,66,193118,76,244024
6302,0.032716,74.125.24.0-255,5738,198856,76,244024
6303,0.032729,172.31.40.0-255,66,198922,76,244024
6304,0.03513,74.125.24.0-255,5738,204660,76,244024
6305,0.03514,172.31.40.0-255,66,204726,76,244024
6306,0.037475,74.125.24.0-255,5738,210464,76,244024
6307,0.037491,172.31.40.0-255,66,210530,76,244024
6308,0.03986,74.125.24.0-255,5738,216268,76,244024
6309,0.03987,172.31.40.0-255,66,216334,76,244024
6310,0.040258,172.31.40.0-255,172,216506,76,244024
6311,0.04029,172.31.40.0-255,1109,217615,76,244024
6312,0.040353,172.31.40.0-255,1514,219129,76,244024
6313,0.040354,172.31.40.0-255,1307,220436,76,244024
6314,0.041789,104.244.42.0-255,66,220502,76,244024
6315,0.041845,104.244.42.0-255,66,220568,76,244024
6316,0.04194,104.244.42.0-255,66,220634,76,244024
6317,0.042258,74.125.24.0-255,5738,226372,76,244024
6318,0.042264,172.31.40.0-255,66,226438,76,244024
6319,0.044631,74.125.24.0-255,5738,232176,76,244024
6320,0.044665,172.31.40.0-255,66,232242,76,244024
6321,0.045271,104.244.42.0-255,108,232350,76,244024
6322,0.045283,172.31.40.0-255,66,232416,76,244024
6323,0.047024,74.125.24.0-255,5738,238154,76,244024
6324,0.047035,172.31.40.0-255,66,238220,76,244024
6325,0.049403,74.125.24.0-255,5738,243958,76,244024
6326,0.049416,172.31.40.0-255,66,244024,76,244024
6327,0.0,172.217.160.0-255,153,153,76,300785
6328,1.7e-05,172.31.40.0-255,66,219,76,300785
6329,2.4e-05,172.217.160.0-255,1484,1703,76,300785
6330,2.8e-05,172.31.40.0-255,66,1769,76,300785
6331,3.5e-05,172.217.160.0-255,2902,4671,76,300785
6332,3.9e-05,172.31.40.0-255,66,4737,76,300785
6333,4.7e-05,172.217.160.0-255,7156,11893,76,300785
6334,5e-05,172.31.40.0-255,66,11959,76,300785
6335,5.4e-05,172.217.160.0-255,2116,14075,76,300785
6336,5.7e-05,172.31.40.0-255,66,14141,76,300785
6337,8.7e-05,172.217.160.0-255,1484,15625,76,300785
6338,8.9e-05,172.31.40.0-255,66,15691,76,300785
6339,0.000108,172.217.160.0-255,1484,17175,76,300785
6340,0.000111,172.31.40.0-255,66,17241,76,300785
6341,0.000129,172.217.160.0-255,1484,18725,76,300785
6342,0.000132,172.31.40.0-255,66,18791,76,300785
6343,0.000139,172.217.160.0-255,5738,24529,76,300785
6344,0.000141,172.31.40.0-255,66,24595,76,300785
6345,0.000146,172.217.160.0-255,4320,28915,76,300785
6346,0.000148,172.31.40.0-255,66,28981,76,300785
6347,0.000186,172.217.160.0-255,2902,31883,76,300785
6348,0.000189,172.31.40.0-255,66,31949,76,300785
6349,0.000219,172.31.40.0-255,66,32015,76,300785
6350,0.000221,172.217.160.0-255,1484,33499,76,300785
6351,0.000223,172.31.40.0-255,66,33565,76,300785
6352,0.000278,172.31.40.0-255,66,33631,76,300785
6353,0.00029,172.31.40.0-255,66,33697,76,300785
6354,0.000294,172.217.160.0-255,2851,36548,76,300785
6355,0.000296,172.31.40.0-255,66,36614,76,300785
6356,0.000616,172.217.160.0-255,103,36717,76,300785
6357,0.000742,172.217.160.0-255,1484,38201,76,300785
6358,0.000746,172.31.40.0-255,66,38267,76,300785
6359,0.000752,172.217.160.0-255,2902,41169,76,300785
6360,0.000754,172.31.40.0-255,66,41235,76,300785
6361,0.000761,172.217.160.0-255,5738,46973,76,300785
6362,0.000763,172.31.40.0-255,66,47039,76,300785
6363,0.000777,172.217.160.0-255,1484,48523,76,300785
6364,0.000818,172.31.40.0-255,66,48589,76,300785
6365,0.000839,172.217.160.0-255,2543,51132,76,300785
6366,0.000842,172.31.40.0-255,66,51198,76,300785
6367,0.00085,172.217.160.0-255,7156,58354,76,300785
6368,0.000852,172.31.40.0-255,66,58420,76,300785
6369,0.000856,172.217.160.0-255,2543,60963,76,300785
6370,0.000858,172.31.40.0-255,66,61029,76,300785
6371,0.000905,172.217.160.0-255,1484,62513,76,300785
6372,0.000922,172.217.160.0-255,2902,65415,76,300785
6373,0.000926,172.31.40.0-255,66,65481,76,300785
6374,0.000932,172.217.160.0-255,5738,71219,76,300785
6375,0.000934,172.31.40.0-255,66,71285,76,300785
6376,0.000938,172.217.160.0-255,2902,74187,76,300785
6377,0.00094,172.31.40.0-255,66,74253,76,300785
6378,0.000975,172.31.40.0-255,66,74319,76,300785
6379,0.000978,172.217.160.0-255,1484,75803,76,300785
6380,0.000995,172.217.160.0-255,4320,80123,76,300785
6381,0.000997,172.31.40.0-255,66,80189,76,300785
6382,0.001023,172.217.160.0-255,5020,85209,76,300785
6383,0.001026,172.31.40.0-255,66,85275,76,300785
6384,0.001038,172.31.40.0-255,66,85341,76,300785
6385,0.001041,172.217.160.0-255,1484,86825,76,300785
6386,0.001066,172.31.40.0-255,66,86891,76,300785
6387,0.001099,172.217.160.0-255,4320,91211,76,300785
6388,0.00111,172.31.40.0-255,66,91277,76,300785
6389,0.001121,172.217.160.0-255,6438,97715,76,300785
6390,0.001124,172.217.160.0-255,1484,99199,76,300785
6391,0.001139,172.31.40.0-255,66,99265,76,300785
6392,0.00116,172.217.160.0-255,5738,105003,76,300785
6393,0.001166,172.31.40.0-255,66,105069,76,300785
6394,0.001198,172.217.160.0-255,1484,106553,76,300785
6395,0.001216,172.217.160.0-255,2902,109455,76,300785
6396,0.001219,172.217.160.0-255,1484,110939,76,300785
6397,0.001224,172.31.40.0-255,66,111005,76,300785
6398,0.001238,172.217.160.0-255,4320,115325,76,300785
6399,0.001243,172.217.160.0-255,4320,119645,76,300785
6400,0.001263,172.217.160.0-255,5738,125383,76,300785
6401,0.001272,172.31.40.0-255,66,125449,76,300785
6402,0.001291,172.217.160.0-255,2902,128351,76,300785
6403,0.001303,172.217.160.0-255,2184,130535,76,300785
6404,0.001315,172.31.40.0-255,66,130601,76,300785
6405,0.002959,172.217.160.0-255,5738,136339,76,300785
6406,0.002966,172.31.40.0-255,66,136405,76,300785
6407,0.004606,172.217.160.0-255,4320,140725,76,300785
6408,0.00461,172.31.40.0-255,66,140791,76,300785
6409,0.004624,172.217.160.0-255,1484,142275,76,300785
6410,0.006255,172.217.160.0-255,4320,146595,76,300785
6411,0.006261,172.31.40.0-255,66,146661,76,300785
6412,0.007931,172.217.160.0-255,5738,152399,76,300785
6413,0.007936,172.31.40.0-255,66,152465,76,300785
6414,0.009596,172.217.160.0-255,5738,158203,76,300785
6415,0.009609,172.31.40.0-255,66,158269,76,300785
6416,0.011261,172.217.160.0-255,5738,164007,76,300785
6417,0.011273,172.31.40.0-255,66,164073,76,300785
6418,0.012971,172.217.160.0-255,5738,169811,76,300785
6419,0.012985,172.31.40.0-255,66,169877,76,300785
6420,0.014629,172.217.160.0-255,5738,175615,76,300785
6421,0.014639,172.31.40.0-255,66,175681,76,300785
6422,0.016289,172.217.160.0-255,5738,181419,76,300785
6423,0.016297,172.31.40.0-255,66,181485,76,300785
6424,0.017954,172.217.160.0-255,5738,187223,76,300785
6425,0.017962,172.31.40.0-255,66,187289,76,300785
6426,0.019614,172.217.160.0-255,5738,193027,76,300785
6427,0.019621,172.31.40.0-255,66,193093,76,300785
6428,0.021275,172.217.160.0-255,5738,198831,76,300785
6429,0.021282,172.31.40.0-255,66,198897,76,300785
6430,0.022955,172.217.160.0-255,5738,204635,76,300785
6431,0.022963,172.31.40.0-255,66,204701,76,300785
6432,0.024611,172.217.160.0-255,5738,210439,76,300785
6433,0.024618,172.31.40.0-255,66,210505,76,300785
6434,0.026266,172.217.160.0-255,5738,216243,76,300785
6435,0.026274,172.31.40.0-255,66,216309,76,300785
6436,0.027922,172.217.160.0-255,5738,222047,76,300785
6437,0.027929,172.31.40.0-255,66,222113,76,300785
6438,0.029577,172.217.160.0-255,5738,227851,76,300785
6439,0.029585,172.31.40.0-255,66,227917,76,300785
6440,0.031235,172.217.160.0-255,5738,233655,76,300785
6441,0.031241,172.31.40.0-255,66,233721,76,300785
6442,0.032608,172.31.40.0-255,191,233912,76,300785
6443,0.032635,172.31.40.0-255,1104,235016,76,300785
6444,0.032694,172.31.40.0-255,1514,236530,76,300785
6445,0.032696,172.31.40.0-255,345,236875,76,300785
6446,0.032899,172.217.160.0-255,5738,242613,76,300785
6447,0.032905,172.31.40.0-255,66,242679,76,300785
6448,0.034557,172.217.160.0-255,5738,248417,76,300785
6449,0.034564,172.31.40.0-255,66,248483,76,300785
6450,0.034831,104.244.42.0-255,66,248549,76,300785
6451,0.036221,172.217.160.0-255,5738,254287,76,300785
6452,0.036228,172.31.40.0-255,66,254353,76,300785
6453,0.037878,172.217.160.0-255,5738,260091,76,300785
6454,0.037885,172.31.40.0-255,66,260157,76,300785
6455,0.039581,172.217.160.0-255,5738,265895,76,300785
6456,0.039588,172.31.40.0-255,66,265961,76,300785
6457,0.041252,172.217.160.0-255,5738,271699,76,300785
6458,0.041258,172.31.40.0-255,66,271765,76,300785
6459,0.042919,172.217.160.0-255,5738,277503,76,300785
6460,0.042928,172.31.40.0-255,66,277569,76,300785
6461,0.044579,172.217.160.0-255,5738,283307,76,300785
6462,0.044587,172.31.40.0-255,66,283373,76,300785
6463,0.04625,172.217.160.0-255,5738,289111,76,300785
6464,0.046257,172.31.40.0-255,66,289177,76,300785
6465,0.047919,172.217.160.0-255,5738,294915,76,300785
6466,0.047925,172.31.40.0-255,66,294981,76,300785
6467,0.049579,172.217.160.0-255,5738,300719,76,300785
6468,0.049585,172.31.40.0-255,66,300785,76,300785
6469,0.0,172.217.194.0-255,290,290,76,245836
6470,2.2e-05,172.31.40.0-255,66,356,76,245836
6471,2.8e-05,172.217.194.0-255,1484,1840,76,245836
6472,3.3e-05,172.31.40.0-255,66,1906,76,245836
6473,3.9e-05,172.217.194.0-255,2902,4808,76,245836
6474,4.2e-05,172.31.40.0-255,66,4874,76,245836
6475,4.9e-05,172.217.194.0-255,5738,10612,76,245836
6476,5.2e-05,172.31.40.0-255,66,10678,76,245836
6477,8.4e-05,172.217.194.0-255,3249,13927,76,245836
6478,8.8e-05,172.31.40.0-255,66,13993,76,245836
6479,9.4e-05,172.217.194.0-255,4320,18313,76,245836
6480,9.6e-05,172.31.40.0-255,66,18379,76,245836
6481,0.000118,172.217.194.0-255,2902,21281,76,245836
6482,0.000121,172.31.40.0-255,66,21347,76,245836
6483,0.000138,172.217.194.0-255,7156,28503,76,245836
6484,0.000141,172.31.40.0-255,66,28569,76,245836
6485,0.000145,172.217.194.0-255,2543,31112,76,245836
6486,0.000147,172.31.40.0-255,66,31178,76,245836
6487,0.000355,172.217.194.0-255,1484,32662,76,245836
6488,0.000359,172.31.40.0-255,66,32728,76,245836
6489,0.000366,172.217.194.0-255,2902,35630,76,245836
6490,0.000369,172.31.40.0-255,66,35696,76,245836
6491,0.000398,172.217.194.0-255,5738,41434,76,245836
6492,0.000401,172.31.40.0-255,66,41500,76,245836
6493,0.000404,172.217.194.0-255,1484,42984,76,245836
6494,0.000406,172.31.40.0-255,66,43050,76,245836
6495,0.000446,172.31.40.0-255,66,43116,76,245836
6496,0.000457,172.31.40.0-255,66,43182,76,245836
6497,0.000499,172.217.194.0-255,3961,47143,76,245836
6498,0.000503,172.31.40.0-255,66,47209,76,245836
6499,0.000519,172.217.194.0-255,379,47588,76,245836
6500,0.000521,172.31.40.0-255,66,47654,76,245836
6501,0.000596,172.217.194.0-255,1484,49138,76,245836
6502,0.000599,172.31.40.0-255,66,49204,76,245836
6503,0.000618,172.217.194.0-255,2902,52106,76,245836
6504,0.000621,172.31.40.0-255,66,52172,76,245836
6505,0.000626,172.217.194.0-255,2902,55074,76,245836
6506,0.000628,172.31.40.0-255,66,55140,76,245836
6507,0.000644,172.217.194.0-255,2902,58042,76,245836
6508,0.000647,172.31.40.0-255,66,58108,76,245836
6509,0.000652,172.217.194.0-255,4320,62428,76,245836
6510,0.000655,172.31.40.0-255,66,62494,76,245836
6511,0.000695,172.31.40.0-255,66,62560,76,245836
6512,0.000716,172.217.194.0-255,1484,64044,76,245836
6513,0.000728,172.31.40.0-255,66,64110,76,245836
6514,0.000731,172.217.194.0-255,364,64474,76,245836
6515,0.000927,172.217.194.0-255,1484,65958,76,245836
6516,0.000932,172.31.40.0-255,66,66024,76,245836
6517,0.000937,172.217.194.0-255,2902,68926,76,245836
6518,0.000939,172.31.40.0-255,66,68992,76,245836
6519,0.000954,172.217.194.0-255,2902,71894,76,245836
6520,0.000957,172.31.40.0-255,66,71960,76,245836
6521,0.000973,172.217.194.0-255,2902,74862,76,245836
6522,0.000975,172.31.40.0-255,66,74928,76,245836
6523,0.001017,172.217.194.0-255,2902,77830,76,245836
6524,0.001019,172.31.40.0-255,66,77896,76,245836
6525,0.001052,172.31.40.0-255,66,77962,76,245836
6526,0.001063,172.31.40.0-255,66,78028,76,245836
6527,0.001076,172.217.194.0-255,2184,80212,76,245836
6528,0.001079,172.31.40.0-255,66,80278,76,245836
6529,0.001095,172.217.194.0-255,2902,83180,76,245836
6530,0.001097,172.31.40.0-255,66,83246,76,245836
6531,0.001112,172.217.194.0-255,2902,86148,76,245836
6532,0.001115,172.31.40.0-255,66,86214,76,245836
6533,0.001135,172.217.194.0-255,7156,93370,76,245836
6534,0.001138,172.31.40.0-255,66,93436,76,245836
6535,0.001175,172.217.194.0-255,5738,99174,76,245836
6536,0.001178,172.31.40.0-255,66,99240,76,245836
6537,0.001197,172.31.40.0-255,66,99306,76,245836
6538,0.001214,172.217.194.0-255,2902,102208,76,245836
6539,0.001217,172.31.40.0-255,66,102274,76,245836
6540,0.001243,172.217.194.0-255,3602,105876,76,245836
6541,0.001246,172.31.40.0-255,66,105942,76,245836
6542,0.00128,172.217.194.0-255,7156,113098,76,245836
6543,0.001283,172.31.40.0-255,66,113164,76,245836
6544,0.001287,172.217.194.0-255,2902,116066,76,245836
6545,0.00129,172.31.40.0-255,66,116132,76,245836
6546,0.001297,172.217.194.0-255,5738,121870,76,245836
6547,0.001299,172.31.40.0-255,66,121936,76,245836
6548,0.001317,172.217.194.0-255,5738,127674,76,245836
6549,0.001319,172.31.40.0-255,66,127740,76,245836
6550,0.001332,172.31.40.0-255,66,127806,76,245836
6551,0.001417,172.217.194.0-255,2184,129990,76,245836
6552,0.001421,172.31.40.0-255,66,130056,76,245836
6553,0.001731,172.217.194.0-255,1484,131540,76,245836
6554,0.001738,172.217.194.0-255,2902,134442,76,245836
6555,0.00174,172.31.40.0-255,66,134508,76,245836
6556,0.001745,172.217.194.0-255,1484,135992,76,245836
6557,0.001769,172.217.194.0-255,4320,140312,76,245836
6558,0.001772,172.31.40.0-255,66,140378,76,245836
6559,0.001779,172.217.194.0-255,5738,146116,76,245836
6560,0.001781,172.31.40.0-255,66,146182,76,245836
6561,0.00181,172.217.194.0-255,7156,153338,76,245836
6562,0.001813,172.31.40.0-255,66,153404,76,245836
6563,0.00183,172.217.194.0-255,4320,157724,76,245836
6564,0.001833,172.31.40.0-255,66,157790,76,245836
6565,0.001854,172.217.194.0-255,6438,164228,76,245836
6566,0.001856,172.31.40.0-255,66,164294,76,245836
6567,0.001931,172.217.194.0-255,1484,165778,76,245836
6568,0.001936,172.217.194.0-255,2902,168680,76,245836
6569,0.001939,172.31.40.0-255,66,168746,76,245836
6570,0.00196,172.217.194.0-255,5738,174484,76,245836
6571,0.001963,172.31.40.0-255,66,174550,76,245836
6572,0.001998,172.31.40.0-255,66,174616,76,245836
6573,0.00202,172.217.194.0-255,2902,177518,76,245836
6574,0.002023,172.31.40.0-255,66,177584,76,245836
6575,0.002036,172.31.40.0-255,66,177650,76,245836
6576,0.002052,172.217.194.0-255,5738,183388,76,245836
6577,0.002055,172.31.40.0-255,66,183454,76,245836
6578,0.002079,172.31.40.0-255,66,183520,76,245836
6579,0.002103,172.217.194.0-255,1484,185004,76,245836
6580,0.002147,172.31.40.0-255,66,185070,76,245836
6581,0.002182,172.31.40.0-255,66,185136,76,245836
6582,0.002197,172.31.40.0-255,66,185202,76,245836
6583,0.002209,172.31.40.0-255,66,185268,76,245836
6584,0.00224,172.217.194.0-255,2184,187452,76,245836
6585,0.002243,172.31.40.0-255,66,187518,76,245836
6586,0.002283,172.217.194.0-255,2902,190420,76,245836
6587,0.002286,172.31.40.0-255,66,190486,76,245836
6588,0.002314,172.217.194.0-255,7156,197642,76,245836
6589,0.002317,172.31.40.0-255,66,197708,76,245836
6590,0.002325,172.217.194.0-255,7156,204864,76,245836
6591,0.002327,172.31.40.0-255,66,204930,76,245836
6592,0.002342,172.217.194.0-255,4320,209250,76,245836
6593,0.002344,172.31.40.0-255,66,209316,76,245836
6594,0.002358,172.217.194.0-255,4320,213636,76,245836
6595,0.00236,172.31.40.0-255,66,213702,76,245836
6596,0.002394,172.31.40.0-255,66,213768,76,245836
6597,0.002405,172.31.40.0-255,66,213834,76,245836
6598,0.004754,172.217.194.0-255,5738,219572,76,245836
6599,0.004762,172.31.40.0-255,66,219638,76,245836
6600,0.007114,172.217.194.0-255,5738,225376,76,245836
6601,0.007119,172.31.40.0-255,66,225442,76,245836
6602,0.009489,172.217.194.0-255,5738,231180,76,245836
6603,0.009496,172.31.40.0-255,66,231246,76,245836
6604,0.011878,172.217.194.0-255,5738,236984,76,245836
6605,0.011897,172.31.40.0-255,66,237050,76,245836
6606,0.014272,172.217.194.0-255,5738,242788,76,245836
6607,0.014287,172.31.40.0-255,66,242854,76,245836
6608,0.016645,172.217.194.0-255,2745,245599,76,245836
6609,0.016662,172.31.40.0-255,66,245665,76,245836
6610,0.02161,172.31.40.0-255,105,245770,76,245836
6611,0.023953,172.217.194.0-255,66,245836,76,245836
6612,0.0,74.125.68.0-255,291,291,76,286731
6613,2.1e-05,172.31.40.0-255,66,357,76,286731
6614,2.7e-05,74.125.68.0-255,1484,1841,76,286731
6615,3.2e-05,172.31.40.0-255,66,1907,76,286731
6616,4e-05,74.125.68.0-255,4320,6227,76,286731
6617,4.4e-05,172.31.40.0-255,66,6293,76,286731
6618,6.4e-05,74.125.68.0-255,4320,10613,76,286731
6619,6.7e-05,172.31.40.0-255,66,10679,76,286731
6620,9e-05,74.125.68.0-255,3188,13867,76,286731
6621,9.2e-05,172.31.40.0-255,66,13933,76,286731
6622,0.000103,172.31.40.0-255,66,13999,76,286731
6623,0.000108,74.125.68.0-255,2902,16901,76,286731
6624,0.000111,172.31.40.0-255,66,16967,76,286731
6625,0.000137,74.125.68.0-255,5379,22346,76,286731
6626,0.00014,172.31.40.0-255,66,22412,76,286731
6627,0.000237,74.125.68.0-255,1484,23896,76,286731
6628,0.000241,172.31.40.0-255,66,23962,76,286731
6629,0.000261,74.125.68.0-255,2902,26864,76,286731
6630,0.000263,172.31.40.0-255,66,26930,76,286731
6631,0.000268,74.125.68.0-255,2902,29832,76,286731
6632,0.00027,172.31.40.0-255,66,29898,76,286731
6633,0.000273,74.125.68.0-255,1484,31382,76,286731
6634,0.000275,172.31.40.0-255,66,31448,76,286731
6635,0.000294,74.125.68.0-255,2902,34350,76,286731
6636,0.000296,172.31.40.0-255,66,34416,76,286731
6637,0.000321,74.125.68.0-255,5379,39795,76,286731
6638,0.000324,172.31.40.0-255,66,39861,76,286731
6639,0.000346,74.125.68.0-255,5738,45599,76,286731
6640,0.000349,172.31.40.0-255,66,45665,76,286731
6641,0.000379,172.31.40.0-255,66,45731,76,286731
6642,0.000402,74.125.68.0-255,1399,47130,76,286731
6643,0.000404,172.31.40.0-255,66,47196,76,286731
6644,0.00043,74.125.68.0-255,130,47326,76,286731
6645,0.000433,172.31.40.0-255,66,47392,76,286731
6646,0.000514,74.125.68.0-255,349,47741,76,286731
6647,0.000517,172.31.40.0-255,66,47807,76,286731
6648,0.000785,74.125.68.0-255,1484,49291,76,286731
6649,0.00079,172.31.40.0-255,66,49357,76,286731
6650,0.000796,74.125.68.0-255,2902,52259,76,286731
6651,0.000798,172.31.40.0-255,66,52325,76,286731
6652,0.000819,74.125.68.0-255,5738,58063,76,286731
6653,0.000823,172.31.40.0-255,66,58129,76,286731
6654,0.000846,74.125.68.0-255,2902,61031,76,286731
6655,0.000849,172.31.40.0-255,66,61097,76,286731
6656,0.000864,74.125.68.0-255,4320,65417,76,286731
6657,0.000867,172.31.40.0-255,66,65483,76,286731
6658,0.000886,74.125.68.0-255,7156,72639,76,286731
6659,0.000889,172.31.40.0-255,66,72705,76,286731
6660,0.000918,172.31.40.0-255,66,72771,76,286731
6661,0.000921,74.125.68.0-255,766,73537,76,286731
6662,0.001,74.125.68.0-255,1484,75021,76,286731
6663,0.001004,172.31.40.0-255,66,75087,76,286731
6664,0.001008,74.125.68.0-255,1484,76571,76,286731
6665,0.001026,74.125.68.0-255,1484,78055,76,286731
6666,0.001029,172.31.40.0-255,66,78121,76,286731
6667,0.001033,74.125.68.0-255,2902,81023,76,286731
6668,0.001036,172.31.40.0-255,66,81089,76,286731
6669,0.001041,74.125.68.0-255,4320,85409,76,286731
6670,0.001043,172.31.40.0-255,66,85475,76,286731
6671,0.001077,172.31.40.0-255,66,85541,76,286731
6672,0.001084,74.125.68.0-255,5738,91279,76,286731
6673,0.001086,172.31.40.0-255,66,91345,76,286731
6674,0.001123,74.125.68.0-255,5738,97083,76,286731
6675,0.001125,172.31.40.0-255,66,97149,76,286731
6676,0.001141,74.125.68.0-255,1484,98633,76,286731
6677,0.001144,74.125.68.0-255,766,99399,76,286731
6678,0.001146,172.31.40.0-255,66,99465,76,286731
6679,0.001205,74.125.68.0-255,1484,100949,76,286731
6680,0.001209,74.125.68.0-255,1484,102433,76,286731
6681,0.001212,172.31.40.0-255,66,102499,76,286731
6682,0.001233,74.125.68.0-255,1484,103983,76,286731
6683,0.001235,74.125.68.0-255,1484,105467,76,286731
6684,0.00124,74.125.68.0-255,2902,108369,76,286731
6685,0.001245,172.31.40.0-255,66,108435,76,286731
6686,0.001252,172.31.40.0-255,66,108501,76,286731
6687,0.001259,74.125.68.0-255,5738,114239,76,286731
6688,0.001261,172.31.40.0-255,66,114305,76,286731
6689,0.001288,74.125.68.0-255,2902,117207,76,286731
6690,0.001291,172.31.40.0-255,66,117273,76,286731
6691,0.001296,74.125.68.0-255,4320,121593,76,286731
6692,0.001299,172.31.40.0-255,66,121659,76,286731
6693,0.00134,74.125.68.0-255,3602,125261,76,286731
6694,0.001344,172.31.40.0-255,66,125327,76,286731
6695,0.001351,172.31.40.0-255,66,125393,76,286731
6696,0.00196,74.125.68.0-255,1484,126877,76,286731
6697,0.001973,74.125.68.0-255,2902,129779,76,286731
6698,0.001978,172.31.40.0-255,66,129845,76,286731
6699,0.001996,74.125.68.0-255,4320,134165,76,286731
6700,0.001998,172.31.40.0-255,66,134231,76,286731
6701,0.002005,74.125.68.0-255,5738,139969,76,286731
6702,0.002007,172.31.40.0-255,66,140035,76,286731
6703,0.002028,74.125.68.0-255,4320,144355,76,286731
6704,0.002033,172.31.40.0-255,66,144421,76,286731
6705,0.002052,74.125.68.0-255,4320,148741,76,286731
6706,0.002055,172.31.40.0-255,66,148807,76,286731
6707,0.004041,74.125.68.0-255,1484,150291,76,286731
6708,0.004073,74.125.68.0-255,4320,154611,76,286731
6709,0.004079,172.31.40.0-255,66,154677,76,286731
6710,0.006077,74.125.68.0-255,1484,156161,76,286731
6711,0.006096,74.125.68.0-255,4320,160481,76,286731
6712,0.006098,172.31.40.0-255,66,160547,76,286731
6713,0.008115,74.125.68.0-255,5738,166285,76,286731
6714,0.008121,172.31.40.0-255,66,166351,76,286731
6715,0.010139,74.125.68.0-255,5738,172089,76,286731
6716,0.010147,172.31.40.0-255,66,172155,76,286731
6717,0.01216,74.125.68.0-255,5738,177893,76,286731
6718,0.012168,172.31.40.0-255,66,177959,76,286731
6719,0.014196,74.125.68.0-255,5738,183697,76,286731
6720,0.014207,172.31.40.0-255,66,183763,76,286731
6721,0.016224,74.125.68.0-255,5738,189501,76,286731
6722,0.016234,172.31.40.0-255,66,189567,76,286731
6723,0.018262,74.125.68.0-255,5738,195305,76,286731
6724,0.018276,172.31.40.0-255,66,195371,76,286731
6725,0.020293,74.125.68.0-255,5738,201109,76,286731
6726,0.020304,172.31.40.0-255,66,201175,76,286731
6727,0.022316,74.125.68.0-255,5738,206913,76,286731
6728,0.022324,172.31.40.0-255,66,206979,76,286731
6729,0.024341,74.125.68.0-255,5738,212717,76,286731
6730,0.024349,172.31.40.0-255,66,212783,76,286731
6731,0.026386,74.125.68.0-255,5738,218521,76,286731
6732,0.026406,172.31.40.0-255,66,218587,76,286731
6733,0.028432,74.125.68.0-255,5738,224325,76,286731
6734,0.028447,172.31.40.0-255,66,224391,76,286731
6735,0.030476,74.125.68.0-255,5738,230129,76,286731
6736,0.030491,172.31.40.0-255,66,230195,76,286731
6737,0.032513,74.125.68.0-255,5738,235933,76,286731
6738,0.03253,172.31.40.0-255,66,235999,76,286731
6739,0.034589,74.125.68.0-255,5738,241737,76,286731
6740,0.0346,172.31.40.0-255,66,241803,76,286731
6741,0.03663,74.125.68.0-255,5738,247541,76,286731
6742,0.036648,172.31.40.0-255,66,247607,76,286731
6743,0.038675,74.125.68.0-255,5738,253345,76,286731
6744,0.038684,172.31.40.0-255,66,253411,76,286731
6745,0.040717,74.125.68.0-255,5738,259149,76,286731
6746,0.040728,172.31.40.0-255,66,259215,76,286731
6747,0.042764,74.125.68.0-255,5738,264953,76,286731
6748,0.042782,172.31.40.0-255,66,265019,76,286731
6749,0.044806,74.125.68.0-255,5738,270757,76,286731
6750,0.044817,172.31.40.0-255,66,270823,76,286731
6751,0.046565,172.31.40.0-255,172,270995,76,286731
6752,0.046599,172.31.40.0-255,1108,272103,76,286731
6753,0.046659,172.31.40.0-255,1514,273617,76,286731
6754,0.04666,172.31.40.0-255,1308,274925,76,286731
6755,0.046869,74.125.68.0-255,5738,280663,76,286731
6756,0.046876,172.31.40.0-255,66,280729,76,286731
6757,0.04809,104.244.42.0-255,66,280795,76,286731
6758,0.048135,104.244.42.0-255,66,280861,76,286731
6759,0.04823,104.244.42.0-255,66,280927,76,286731
6760,0.048896,74.125.68.0-255,5738,286665,76,286731
6761,0.048906,172.31.40.0-255,66,286731,76,286731
6762,0.0,172.217.194.0-255,152,152,76,230677
6763,2.3e-05,172.31.40.0-255,66,218,76,230677
6764,3.1e-05,172.217.194.0-255,1484,1702,76,230677
6765,3.6e-05,172.31.40.0-255,66,1768,76,230677
6766,4.9e-05,172.217.194.0-255,2902,4670,76,230677
6767,5.3e-05,172.31.40.0-255,66,4736,76,230677
6768,5.9e-05,172.217.194.0-255,4320,9056,76,230677
6769,6.2e-05,172.31.40.0-255,66,9122,76,230677
6770,7.5e-05,172.31.40.0-255,66,9188,76,230677
6771,0.000125,172.31.40.0-255,66,9254,76,230677
6772,0.000165,172.217.194.0-255,1484,10738,76,230677
6773,0.000168,172.31.40.0-255,66,10804,76,230677
6774,0.000173,172.217.194.0-255,2902,13706,76,230677
6775,0.000175,172.31.40.0-255,66,13772,76,230677
6776,0.000212,172.217.194.0-255,5738,19510,76,230677
6777,0.000215,172.31.40.0-255,66,19576,76,230677
6778,0.000222,172.217.194.0-255,7156,26732,76,230677
6779,0.000224,172.31.40.0-255,66,26798,76,230677
6780,0.000243,172.31.40.0-255,66,26864,76,230677
6781,0.000267,172.217.194.0-255,1484,28348,76,230677
6782,0.000269,172.31.40.0-255,66,28414,76,230677
6783,0.000278,172.217.194.0-255,2184,30598,76,230677
6784,0.000281,172.31.40.0-255,66,30664,76,230677
6785,0.000283,172.217.194.0-255,401,31065,76,230677
6786,0.000285,172.31.40.0-255,66,31131,76,230677
6787,0.000329,172.217.194.0-255,1484,32615,76,230677
6788,0.000332,172.31.40.0-255,66,32681,76,230677
6789,0.000337,172.217.194.0-255,2902,35583,76,230677
6790,0.00034,172.31.40.0-255,66,35649,76,230677
6791,0.000369,172.217.194.0-255,5738,41387,76,230677
6792,0.000372,172.31.40.0-255,66,41453,76,230677
6793,0.000384,172.31.40.0-255,66,41519,76,230677
6794,0.000409,172.217.194.0-255,2902,44421,76,230677
6795,0.000411,172.31.40.0-255,66,44487,76,230677
6796,0.000428,172.31.40.0-255,66,44553,76,230677
6797,0.0005,172.217.194.0-255,1484,46037,76,230677
6798,0.000507,172.217.194.0-255,2902,48939,76,230677
6799,0.00051,172.31.40.0-255,66,49005,76,230677
6800,0.000544,172.217.194.0-255,5738,54743,76,230677
6801,0.000547,172.31.40.0-255,66,54809,76,230677
6802,0.000554,172.217.194.0-255,6797,61606,76,230677
6803,0.000556,172.31.40.0-255,66,61672,76,230677
6804,0.000723,172.217.194.0-255,1484,63156,76,230677
6805,0.000731,172.217.194.0-255,2902,66058,76,230677
6806,0.000735,172.31.40.0-255,66,66124,76,230677
6807,0.000741,172.217.194.0-255,4320,70444,76,230677
6808,0.000744,172.31.40.0-255,66,70510,76,230677
6809,0.000768,172.217.194.0-255,4320,74830,76,230677
6810,0.00077,172.31.40.0-255,66,74896,76,230677
6811,0.000793,172.217.194.0-255,4320,79216,76,230677
6812,0.0008,172.31.40.0-255,66,79282,76,230677
6813,0.000811,172.31.40.0-255,66,79348,76,230677
6814,0.000836,172.217.194.0-255,7156,86504,76,230677
6815,0.000844,172.31.40.0-255,66,86570,76,230677
6816,0.000847,172.217.194.0-255,766,87336,76,230677
6817,0.000983,172.217.194.0-255,1484,88820,76,230677
6818,0.000988,172.31.40.0-255,66,88886,76,230677
6819,0.000994,172.217.194.0-255,2902,91788,76,230677
6820,0.000997,172.31.40.0-255,66,91854,76,230677
6821,0.001008,172.217.194.0-255,5738,97592,76,230677
6822,0.001011,172.31.40.0-255,66,97658,76,230677
6823,0.001056,172.31.40.0-255,66,97724,76,230677
6824,0.001073,172.31.40.0-255,66,97790,76,230677
6825,0.001098,172.217.194.0-255,1484,99274,76,230677
6826,0.001102,172.217.194.0-255,1484,100758,76,230677
6827,0.001104,172.31.40.0-255,66,100824,76,230677
6828,0.001133,172.217.194.0-255,1484,102308,76,230677
6829,0.00114,172.217.194.0-255,5738,108046,76,230677
6830,0.001143,172.31.40.0-255,66,108112,76,230677
6831,0.001161,172.31.40.0-255,66,108178,76,230677
6832,0.001169,172.217.194.0-255,7156,115334,76,230677
6833,0.001172,172.31.40.0-255,66,115400,76,230677
6834,0.001202,172.217.194.0-255,3602,119002,76,230677
6835,0.001205,172.31.40.0-255,66,119068,76,230677
6836,0.001259,172.217.194.0-255,2902,121970,76,230677
6837,0.001263,172.31.40.0-255,66,122036,76,230677
6838,0.001268,172.217.194.0-255,2902,124938,76,230677
6839,0.001271,172.31.40.0-255,66,125004,76,230677
6840,0.001289,172.217.194.0-255,1484,126488,76,230677
6841,0.001305,172.31.40.0-255,66,126554,76,230677
6842,0.001311,172.217.194.0-255,4320,130874,76,230677
6843,0.001313,172.31.40.0-255,66,130940,76,230677
6844,0.001362,172.217.194.0-255,4320,135260,76,230677
6845,0.001365,172.31.40.0-255,66,135326,76,230677
6846,0.001412,172.217.194.0-255,1484,136810,76,230677
6847,0.001418,172.217.194.0-255,2902,139712,76,230677
6848,0.001432,172.217.194.0-255,5738,145450,76,230677
6849,0.001459,172.217.194.0-255,5738,151188,76,230677
6850,0.001462,172.31.40.0-255,66,151254,76,230677
6851,0.001472,172.31.40.0-255,66,151320,76,230677
6852,0.001483,172.217.194.0-255,7156,158476,76,230677
6853,0.001525,172.31.40.0-255,66,158542,76,230677
6854,0.001529,172.217.194.0-255,2184,160726,76,230677
6855,0.001534,172.31.40.0-255,66,160792,76,230677
6856,0.001584,172.217.194.0-255,1484,162276,76,230677
6857,0.001604,172.217.194.0-255,2902,165178,76,230677
6858,0.001611,172.217.194.0-255,5738,170916,76,230677
6859,0.001673,172.217.194.0-255,7156,178072,76,230677
6860,0.001684,172.31.40.0-255,66,178138,76,230677
6861,0.00169,172.217.194.0-255,5738,183876,76,230677
6862,0.001736,172.31.40.0-255,66,183942,76,230677
6863,0.001796,172.217.194.0-255,5738,189680,76,230677
6864,0.001802,172.31.40.0-255,66,189746,76,230677
6865,0.001827,172.217.194.0-255,6438,196184,76,230677
6866,0.00184,172.31.40.0-255,66,196250,76,230677
6867,0.001879,172.217.194.0-255,5738,201988,76,230677
6868,0.001897,172.31.40.0-255,66,202054,76,230677
6869,0.001932,172.217.194.0-255,7156,209210,76,230677
6870,0.001945,172.31.40.0-255,66,209276,76,230677
6871,0.001972,172.217.194.0-255,1484,210760,76,230677
6872,0.001976,172.31.40.0-255,66,210826,76,230677
6873,0.002003,172.217.194.0-255,7156,217982,76,230677
6874,0.002022,172.217.194.0-255,7156,225138,76,230677
6875,0.002025,172.217.194.0-255,655,225793,76,230677
6876,0.002033,172.31.40.0-255,66,225859,76,230677
6877,0.004008,172.217.194.0-255,105,225964,76,230677
6878,0.017505,172.31.40.0-255,66,226030,76,230677
6879,0.017558,172.31.40.0-255,105,226135,76,230677
6880,0.019558,172.217.194.0-255,66,226201,76,230677
6881,0.045229,172.31.40.0-255,172,226373,76,230677
6882,0.045262,172.31.40.0-255,1108,227481,76,230677
6883,0.045321,172.31.40.0-255,1514,228995,76,230677
6884,0.045323,172.31.40.0-255,1310,230305,76,230677
6885,0.046769,104.244.42.0-255,66,230371,76,230677
6886,0.04684,104.244.42.0-255,66,230437,76,230677
6887,0.046861,104.244.42.0-255,66,230503,76,230677
6888,0.047483,104.244.42.0-255,108,230611,76,230677
6889,0.047496,172.31.40.0-255,66,230677,76,230677
6890,0.0,172.217.194.0-255,153,153,76,255098
6891,1.8e-05,172.31.40.0-255,66,219,76,255098
6892,2.5e-05,172.217.194.0-255,1484,1703,76,255098
6893,3e-05,172.31.40.0-255,66,1769,76,255098
6894,4.3e-05,172.217.194.0-255,2902,4671,76,255098
6895,4.7e-05,172.31.40.0-255,66,4737,76,255098
6896,5.5e-05,172.217.194.0-255,7156,11893,76,255098
6897,5.8e-05,172.31.40.0-255,66,11959,76,255098
6898,7.7e-05,172.217.194.0-255,2902,14861,76,255098
6899,8.5e-05,172.31.40.0-255,66,14927,76,255098
6900,0.000119,172.31.40.0-255,66,14993,76,255098
6901,0.000135,172.31.40.0-255,66,15059,76,255098
6902,0.000179,172.217.194.0-255,1484,16543,76,255098
6903,0.000182,172.31.40.0-255,66,16609,76,255098
6904,0.000186,172.217.194.0-255,2902,19511,76,255098
6905,0.000188,172.31.40.0-255,66,19577,76,255098
6906,0.000199,172.217.194.0-255,5738,25315,76,255098
6907,0.000202,172.31.40.0-255,66,25381,76,255098
6908,0.000235,172.217.194.0-255,6797,32178,76,255098
6909,0.000238,172.31.40.0-255,66,32244,76,255098
6910,0.000628,172.217.194.0-255,1484,33728,76,255098
6911,0.000633,172.31.40.0-255,66,33794,76,255098
6912,0.00064,172.217.194.0-255,2902,36696,76,255098
6913,0.000643,172.31.40.0-255,66,36762,76,255098
6914,0.000655,172.217.194.0-255,5738,42500,76,255098
6915,0.000658,172.31.40.0-255,66,42566,76,255098
6916,0.000661,172.217.194.0-255,1484,44050,76,255098
6917,0.000664,172.31.40.0-255,66,44116,76,255098
6918,0.000702,172.217.194.0-255,5379,49495,76,255098
6919,0.000704,172.31.40.0-255,66,49561,76,255098
6920,0.000722,172.217.194.0-255,1484,51045,76,255098
6921,0.000725,172.217.194.0-255,1484,52529,76,255098
6922,0.00073,172.31.40.0-255,66,52595,76,255098
6923,0.000741,172.217.194.0-255,1484,54079,76,255098
6924,0.000751,172.217.194.0-255,5738,59817,76,255098
6925,0.000754,172.31.40.0-255,66,59883,76,255098
6926,0.00078,172.217.194.0-255,5738,65621,76,255098
6927,0.000783,172.31.40.0-255,66,65687,76,255098
6928,0.000811,172.217.194.0-255,1705,67392,76,255098
6929,0.000813,172.31.40.0-255,66,67458,76,255098
6930,0.000829,172.31.40.0-255,66,67524,76,255098
6931,0.000834,172.217.194.0-255,2902,70426,76,255098
6932,0.000836,172.31.40.0-255,66,70492,76,255098
6933,0.000858,172.217.194.0-255,4830,75322,76,255098
6934,0.00086,172.31.40.0-255,66,75388,76,255098
6935,0.001067,172.217.194.0-255,1484,76872,76,255098
6936,0.001072,172.217.194.0-255,1484,78356,76,255098
6937,0.001075,172.31.40.0-255,66,78422,76,255098
6938,0.001106,172.217.194.0-255,1484,79906,76,255098
6939,0.001112,172.217.194.0-255,5738,85644,76,255098
6940,0.001114,172.31.40.0-255,66,85710,76,255098
6941,0.001121,172.217.194.0-255,5738,91448,76,255098
6942,0.001123,172.31.40.0-255,66,91514,76,255098
6943,0.001161,172.217.194.0-255,7156,98670,76,255098
6944,0.001165,172.31.40.0-255,66,98736,76,255098
6945,0.001182,172.31.40.0-255,66,98802,76,255098
6946,0.001796,172.217.194.0-255,1484,100286,76,255098
6947,0.001802,172.217.194.0-255,2902,103188,76,255098
6948,0.001805,172.31.40.0-255,66,103254,76,255098
6949,0.001811,172.217.194.0-255,2902,106156,76,255098
6950,0.001813,172.31.40.0-255,66,106222,76,255098
6951,0.001837,172.217.194.0-255,2902,109124,76,255098
6952,0.001839,172.31.40.0-255,66,109190,76,255098
6953,0.001851,172.217.194.0-255,7156,116346,76,255098
6954,0.001853,172.31.40.0-255,66,116412,76,255098
6955,0.00188,172.217.194.0-255,5738,122150,76,255098
6956,0.001887,172.31.40.0-255,66,122216,76,255098
6957,0.001892,172.217.194.0-255,4320,126536,76,255098
6958,0.001895,172.31.40.0-255,66,126602,76,255098
6959,0.001929,172.217.194.0-255,6438,133040,76,255098
6960,0.001931,172.31.40.0-255,66,133106,76,255098
6961,0.00207,172.217.194.0-255,1484,134590,76,255098
6962,0.002075,172.217.194.0-255,1484,136074,76,255098
6963,0.002078,172.31.40.0-255,66,136140,76,255098
6964,0.002105,172.217.194.0-255,1484,137624,76,255098
6965,0.002111,172.217.194.0-255,5738,143362,76,255098
6966,0.002114,172.31.40.0-255,66,143428,76,255098
6967,0.002117,172.217.194.0-255,1484,144912,76,255098
6968,0.002132,172.31.40.0-255,66,144978,76,255098
6969,0.002168,172.31.40.0-255,66,145044,76,255098
6970,0.002194,172.217.194.0-255,2184,147228,76,255098
6971,0.002196,172.31.40.0-255,66,147294,76,255098
6972,0.004709,172.217.194.0-255,2902,150196,76,255098
6973,0.004716,172.31.40.0-255,66,150262,76,255098
6974,0.004745,172.217.194.0-255,2902,153164,76,255098
6975,0.004748,172.31.40.0-255,66,153230,76,255098
6976,0.007347,172.217.194.0-255,5738,158968,76,255098
6977,0.007355,172.31.40.0-255,66,159034,76,255098
6978,0.009911,172.217.194.0-255,5738,164772,76,255098
6979,0.009918,172.31.40.0-255,66,164838,76,255098
6980,0.012466,172.217.194.0-255,5738,170576,76,255098
6981,0.012476,172.31.40.0-255,66,170642,76,255098
6982,0.015032,172.217.194.0-255,5738,176380,76,255098
6983,0.015041,172.31.40.0-255,66,176446,76,255098
6984,0.017626,172.217.194.0-255,5738,182184,76,255098
6985,0.017637,172.31.40.0-255,66,182250,76,255098
6986,0.020181,172.217.194.0-255,5738,187988,76,255098
6987,0.02019,172.31.40.0-255,66,188054,76,255098
6988,0.022764,172.217.194.0-255,5738,193792,76,255098
6989,0.022772,172.31.40.0-255,66,193858,76,255098
6990,0.024275,172.31.40.0-255,172,194030,76,255098
6991,0.024322,172.31.40.0-255,1105,195135,76,255098
6992,0.024383,172.31.40.0-255,1514,196649,76,255098
6993,0.024385,172.31.40.0-255,343,196992,76,255098
6994,0.025345,172.217.194.0-255,5738,202730,76,255098
6995,0.025352,172.31.40.0-255,66,202796,76,255098
6996,0.026467,104.244.42.0-255,66,202862,76,255098
6997,0.027928,172.217.194.0-255,5738,208600,76,255098
6998,0.027943,172.31.40.0-255,66,208666,76,255098
6999,0.030517,172.217.194.0-255,5738,214404,76,255098
7000,0.030534,172.31.40.0-255,66,214470,76,255098
7001,0.033123,172.217.194.0-255,5738,220208,76,255098
7002,0.033141,172.31.40.0-255,66,220274,76,255098
7003,0.035691,172.217.194.0-255,5738,226012,76,255098
7004,0.035707,172.31.40.0-255,66,226078,76,255098
7005,0.03828,172.217.194.0-255,5738,231816,76,255098
7006,0.038301,172.31.40.0-255,66,231882,76,255098
7007,0.040871,172.217.194.0-255,5738,237620,76,255098
7008,0.040899,172.31.40.0-255,66,237686,76,255098
7009,0.043475,172.217.194.0-255,5738,243424,76,255098
7010,0.043495,172.31.40.0-255,66,243490,76,255098
7011,0.046067,172.217.194.0-255,5738,249228,76,255098
7012,0.046086,172.31.40.0-255,66,249294,76,255098
7013,0.048634,172.217.194.0-255,5738,255032,76,255098
7014,0.048641,172.31.40.0-255,66,255098,76,255098
7015,0.0,172.217.194.0-255,153,153,76,149644
7016,2.2e-05,172.31.40.0-255,66,219,76,149644
7017,3e-05,172.217.194.0-255,1484,1703,76,149644
7018,3.5e-05,172.31.40.0-255,66,1769,76,149644
7019,4.1e-05,172.217.194.0-255,2902,4671,76,149644
7020,4.4e-05,172.31.40.0-255,66,4737,76,149644
7021,5.2e-05,172.217.194.0-255,7156,11893,76,149644
7022,5.6e-05,172.31.40.0-255,66,11959,76,149644
7023,6.1e-05,172.217.194.0-255,3519,15478,76,149644
7024,6.4e-05,172.31.40.0-255,66,15544,76,149644
7025,7.8e-05,172.31.40.0-255,66,15610,76,149644
7026,8.3e-05,172.217.194.0-255,2543,18153,76,149644
7027,8.5e-05,172.31.40.0-255,66,18219,76,149644
7028,0.000132,172.217.194.0-255,4320,22539,76,149644
7029,0.000135,172.31.40.0-255,66,22605,76,149644
7030,0.000163,172.31.40.0-255,66,22671,76,149644
7031,0.000177,172.31.40.0-255,66,22737,76,149644
7032,0.00018,172.217.194.0-255,1484,24221,76,149644
7033,0.000182,172.31.40.0-255,66,24287,76,149644
7034,0.000207,172.217.194.0-255,5668,29955,76,149644
7035,0.000209,172.31.40.0-255,66,30021,76,149644
7036,0.000227,172.217.194.0-255,98,30119,76,149644
7037,0.000229,172.31.40.0-255,66,30185,76,149644
7038,0.000315,172.217.194.0-255,1484,31669,76,149644
7039,0.000319,172.31.40.0-255,66,31735,76,149644
7040,0.000323,172.217.194.0-255,2902,34637,76,149644
7041,0.000325,172.31.40.0-255,66,34703,76,149644
7042,0.000331,172.217.194.0-255,4320,39023,76,149644
7043,0.000333,172.31.40.0-255,66,39089,76,149644
7044,0.000336,172.217.194.0-255,1484,40573,76,149644
7045,0.000363,172.217.194.0-255,4320,44893,76,149644
7046,0.000365,172.31.40.0-255,66,44959,76,149644
7047,0.000377,172.31.40.0-255,66,45025,76,149644
7048,0.000397,172.217.194.0-255,2543,47568,76,149644
7049,0.000399,172.31.40.0-255,66,47634,76,149644
7050,0.000407,172.217.194.0-255,6797,54431,76,149644
7051,0.000572,172.31.40.0-255,66,54497,76,149644
7052,0.00068,172.217.194.0-255,1484,55981,76,149644
7053,0.000687,172.217.194.0-255,2902,58883,76,149644
7054,0.0007,172.217.194.0-255,4320,63203,76,149644
7055,0.000716,172.217.194.0-255,5738,68941,76,149644
7056,0.000729,172.217.194.0-255,2902,71843,76,149644
7057,0.000771,172.31.40.0-255,66,71909,76,149644
7058,0.000781,172.217.194.0-255,2902,74811,76,149644
7059,0.000785,172.217.194.0-255,766,75577,76,149644
7060,0.000789,172.31.40.0-255,66,75643,76,149644
7061,0.00084,172.217.194.0-255,1484,77127,76,149644
7062,0.000867,172.217.194.0-255,2902,80029,76,149644
7063,0.000879,172.31.40.0-255,66,80095,76,149644
7064,0.000893,172.217.194.0-255,5738,85833,76,149644
7065,0.000896,172.217.194.0-255,1484,87317,76,149644
7066,0.000916,172.217.194.0-255,1484,88801,76,149644
7067,0.000921,172.217.194.0-255,4320,93121,76,149644
7068,0.000944,172.31.40.0-255,66,93187,76,149644
7069,0.000951,172.217.194.0-255,7156,100343,76,149644
7070,0.000961,172.31.40.0-255,66,100409,76,149644
7071,0.000978,172.217.194.0-255,4320,104729,76,149644
7072,0.000988,172.31.40.0-255,66,104795,76,149644
7073,0.000999,172.217.194.0-255,3602,108397,76,149644
7074,0.00102,172.217.194.0-255,2902,111299,76,149644
7075,0.001038,172.31.40.0-255,66,111365,76,149644
7076,0.00108,172.31.40.0-255,66,111431,76,149644
7077,0.001083,172.217.194.0-255,766,112197,76,149644
7078,0.001136,172.31.40.0-255,66,112263,76,149644
7079,0.001145,172.217.194.0-255,1484,113747,76,149644
7080,0.001159,172.217.194.0-255,4320,118067,76,149644
7081,0.001171,172.217.194.0-255,2184,120251,76,149644
7082,0.001175,172.217.194.0-255,4320,124571,76,149644
7083,0.001193,172.217.194.0-255,2902,127473,76,149644
7084,0.001198,172.217.194.0-255,4320,131793,76,149644
7085,0.001206,172.31.40.0-255,66,131859,76,149644
7086,0.001264,172.31.40.0-255,66,131925,76,149644
7087,0.001302,172.31.40.0-255,66,131991,76,149644
7088,0.001336,172.217.194.0-255,5738,137729,76,149644
7089,0.001374,172.31.40.0-255,66,137795,76,149644
7090,0.001385,172.217.194.0-255,2184,139979,76,149644
7091,0.001399,172.31.40.0-255,66,140045,76,149644
7092,0.00145,172.217.194.0-255,7156,147201,76,149644
7093,0.001457,172.31.40.0-255,66,147267,76,149644
7094,0.001468,172.217.194.0-255,1903,149170,76,149644
7095,0.001488,172.31.40.0-255,66,149236,76,149644
7096,0.001554,172.31.40.0-255,66,149302,76,149644
7097,0.001569,172.217.194.0-255,105,149407,76,149644
7098,0.001596,172.31.40.0-255,66,149473,76,149644
7099,0.004485,172.31.40.0-255,105,149578,76,149644
7100,0.007076,172.217.194.0-255,66,149644,76,149644
7101,0.0,172.217.194.0-255,156,156,76,201883
7102,2.4e-05,172.31.40.0-255,66,222,76,201883
7103,3.1e-05,172.217.194.0-255,1484,1706,76,201883
7104,3.5e-05,172.31.40.0-255,66,1772,76,201883
7105,4.7e-05,172.217.194.0-255,2902,4674,76,201883
7106,5.1e-05,172.31.40.0-255,66,4740,76,201883
7107,6e-05,172.217.194.0-255,7156,11896,76,201883
7108,6.3e-05,172.31.40.0-255,66,11962,76,201883
7109,6.8e-05,172.217.194.0-255,2032,13994,76,201883
7110,7e-05,172.31.40.0-255,66,14060,76,201883
7111,7.5e-05,172.217.194.0-255,2902,16962,76,201883
7112,7.8e-05,172.31.40.0-255,66,17028,76,201883
7113,0.000115,172.217.194.0-255,7156,24184,76,201883
7114,0.000119,172.31.40.0-255,66,24250,76,201883
7115,0.000127,172.217.194.0-255,6797,31047,76,201883
7116,0.00013,172.31.40.0-255,66,31113,76,201883
7117,0.000245,172.217.194.0-255,1484,32597,76,201883
7118,0.000248,172.31.40.0-255,66,32663,76,201883
7119,0.000254,172.217.194.0-255,2902,35565,76,201883
7120,0.000256,172.31.40.0-255,66,35631,76,201883
7121,0.000296,172.217.194.0-255,5738,41369,76,201883
7122,0.0003,172.31.40.0-255,66,41435,76,201883
7123,0.000308,172.217.194.0-255,7156,48591,76,201883
7124,0.00031,172.31.40.0-255,66,48657,76,201883
7125,0.000342,172.217.194.0-255,6797,55454,76,201883
7126,0.000344,172.31.40.0-255,66,55520,76,201883
7127,0.000355,172.31.40.0-255,66,55586,76,201883
7128,0.000358,172.217.194.0-255,646,56232,76,201883
7129,0.00036,172.31.40.0-255,66,56298,76,201883
7130,0.000448,172.217.194.0-255,1484,57782,76,201883
7131,0.000452,172.31.40.0-255,66,57848,76,201883
7132,0.000457,172.217.194.0-255,2902,60750,76,201883
7133,0.000461,172.217.194.0-255,1484,62234,76,201883
7134,0.000481,172.217.194.0-255,4320,66554,76,201883
7135,0.000484,172.217.194.0-255,1484,68038,76,201883
7136,0.000524,172.217.194.0-255,5738,73776,76,201883
7137,0.000543,172.217.194.0-255,5020,78796,76,201883
7138,0.000635,172.31.40.0-255,66,78862,76,201883
7139,0.000736,172.217.194.0-255,1484,80346,76,201883
7140,0.000742,172.217.194.0-255,2902,83248,76,201883
7141,0.000755,172.217.194.0-255,2902,86150,76,201883
7142,0.000766,172.217.194.0-255,2902,89052,76,201883
7143,0.000784,172.31.40.0-255,66,89118,76,201883
7144,0.000815,172.31.40.0-255,66,89184,76,201883
7145,0.000827,172.217.194.0-255,2902,92086,76,201883
7146,0.000863,172.31.40.0-255,66,92152,76,201883
7147,0.001798,172.217.194.0-255,1484,93636,76,201883
7148,0.001807,172.217.194.0-255,2902,96538,76,201883
7149,0.001811,172.31.40.0-255,66,96604,76,201883
7150,0.001818,172.217.194.0-255,5738,102342,76,201883
7151,0.00186,172.217.194.0-255,1484,103826,76,201883
7152,0.001889,172.217.194.0-255,5738,109564,76,201883
7153,0.00225,172.217.194.0-255,1484,111048,76,201883
7154,0.002257,172.217.194.0-255,2902,113950,76,201883
7155,0.00226,172.217.194.0-255,1484,115434,76,201883
7156,0.002283,172.217.194.0-255,4320,119754,76,201883
7157,0.002288,172.217.194.0-255,4320,124074,76,201883
7158,0.002309,172.217.194.0-255,7156,131230,76,201883
7159,0.002333,172.217.194.0-255,7156,138386,76,201883
7160,0.002407,172.217.194.0-255,4320,142706,76,201883
7161,0.002498,172.217.194.0-255,5738,148444,76,201883
7162,0.002639,172.217.194.0-255,766,149210,76,201883
7163,0.002678,172.217.194.0-255,766,149976,76,201883
7164,0.007088,172.31.40.0-255,66,150042,76,201883
7165,0.009719,172.217.194.0-255,5738,155780,76,201883
7166,0.009726,172.31.40.0-255,66,155846,76,201883
7167,0.01233,172.217.194.0-255,5738,161584,76,201883
7168,0.012337,172.31.40.0-255,66,161650,76,201883
7169,0.014988,172.217.194.0-255,5738,167388,76,201883
7170,0.015891,172.31.40.0-255,66,167454,76,201883
7171,0.01854,172.217.194.0-255,5738,173192,76,201883
7172,0.01855,172.31.40.0-255,66,173258,76,201883
7173,0.021147,172.217.194.0-255,5738,178996,76,201883
7174,0.021155,172.31.40.0-255,66,179062,76,201883
7175,0.023776,172.217.194.0-255,5738,184800,76,201883
7176,0.023785,172.31.40.0-255,66,184866,76,201883
7177,0.026395,172.217.194.0-255,5738,190604,76,201883
7178,0.026404,172.31.40.0-255,66,190670,76,201883
7179,0.029032,172.217.194.0-255,1862,192532,76,201883
7180,0.029039,172.31.40.0-255,66,192598,76,201883
7181,0.029209,172.31.40.0-255,105,192703,76,201883
7182,0.031792,172.217.194.0-255,66,192769,76,201883
7183,0.037919,172.31.40.0-255,172,192941,76,201883
7184,0.037955,172.31.40.0-255,1109,194050,76,201883
7185,0.038019,172.31.40.0-255,1514,195564,76,201883
7186,0.038021,172.31.40.0-255,1514,197078,76,201883
7187,0.038026,172.31.40.0-255,1514,198592,76,201883
7188,0.038027,172.31.40.0-255,1514,200106,76,201883
7189,0.038071,172.31.40.0-255,1513,201619,76,201883
7190,0.039486,104.244.42.0-255,66,201685,76,201883
7191,0.039574,104.244.42.0-255,66,201751,76,201883
7192,0.039579,104.244.42.0-255,66,201817,76,201883
7193,0.03972,104.244.42.0-255,66,201883,76,201883
7194,0.0,216.58.203.0-255,151,151,76,258453
7195,1.6e-05,172.31.40.0-255,66,217,76,258453
7196,2.2e-05,216.58.203.0-255,1484,1701,76,258453
7197,2.6e-05,172.31.40.0-255,66,1767,76,258453
7198,3.1e-05,216.58.203.0-255,2902,4669,76,258453
7199,3.5e-05,172.31.40.0-255,66,4735,76,258453
7200,4e-05,216.58.203.0-255,2902,7637,76,258453
7201,4.3e-05,172.31.40.0-255,66,7703,76,258453
7202,7.3e-05,216.58.203.0-255,4320,12023,76,258453
7203,7.7e-05,172.31.40.0-255,66,12089,76,258453
7204,8e-05,216.58.203.0-255,1484,13573,76,258453
7205,8.2e-05,172.31.40.0-255,66,13639,76,258453
7206,9.5e-05,172.31.40.0-255,66,13705,76,258453
7207,0.000116,216.58.203.0-255,646,14351,76,258453
7208,0.000118,172.31.40.0-255,66,14417,76,258453
7209,0.000126,216.58.203.0-255,6797,21214,76,258453
7210,0.000129,172.31.40.0-255,66,21280,76,258453
7211,0.000203,216.58.203.0-255,1484,22764,76,258453
7212,0.000206,172.31.40.0-255,66,22830,76,258453
7213,0.000211,216.58.203.0-255,2902,25732,76,258453
7214,0.000214,172.31.40.0-255,66,25798,76,258453
7215,0.000225,216.58.203.0-255,1484,27282,76,258453
7216,0.000227,172.31.40.0-255,66,27348,76,258453
7217,0.000245,216.58.203.0-255,4320,31668,76,258453
7218,0.000248,172.31.40.0-255,66,31734,76,258453
7219,0.000256,216.58.203.0-255,7156,38890,76,258453
7220,0.000259,172.31.40.0-255,66,38956,76,258453
7221,0.000287,216.58.203.0-255,2543,41499,76,258453
7222,0.000289,172.31.40.0-255,66,41565,76,258453
7223,0.000301,172.31.40.0-255,66,41631,76,258453
7224,0.000306,216.58.203.0-255,3961,45592,76,258453
7225,0.000327,216.58.203.0-255,361,45953,76,258453
7226,0.000468,172.31.40.0-255,66,46019,76,258453
7227,0.000859,216.58.203.0-255,137,46156,76,258453
7228,0.000988,216.58.203.0-255,1484,47640,76,258453
7229,0.000992,172.31.40.0-255,66,47706,76,258453
7230,0.000997,216.58.203.0-255,1484,49190,76,258453
7231,0.001014,216.58.203.0-255,1484,50674,76,258453
7232,0.001018,216.58.203.0-255,2902,53576,76,258453
7233,0.001024,172.31.40.0-255,66,53642,76,258453
7234,0.001034,216.58.203.0-255,1484,55126,76,258453
7235,0.001039,216.58.203.0-255,4320,59446,76,258453
7236,0.001055,216.58.203.0-255,5379,64825,76,258453
7237,0.001077,172.31.40.0-255,66,64891,76,258453
7238,0.001095,216.58.203.0-255,1484,66375,76,258453
7239,0.001117,216.58.203.0-255,5379,71754,76,258453
7240,0.001131,172.31.40.0-255,66,71820,76,258453
7241,0.001522,216.58.203.0-255,1484,73304,76,258453
7242,0.001533,216.58.203.0-255,2902,76206,76,258453
7243,0.001537,172.31.40.0-255,66,76272,76,258453
7244,0.001562,216.58.203.0-255,5738,82010,76,258453
7245,0.001581,216.58.203.0-255,4320,86330,76,258453
7246,0.0016,216.58.203.0-255,2902,89232,76,258453
7247,0.00162,216.58.203.0-255,5738,94970,76,258453
7248,0.001641,216.58.203.0-255,5738,100708,76,258453
7249,0.001669,216.58.203.0-255,6438,107146,76,258453
7250,0.001693,216.58.203.0-255,2902,110048,76,258453
7251,0.003967,172.31.40.0-255,66,110114,76,258453
7252,0.005634,216.58.203.0-255,5738,115852,76,258453
7253,0.00564,172.31.40.0-255,66,115918,76,258453
7254,0.007307,216.58.203.0-255,5738,121656,76,258453
7255,0.007312,172.31.40.0-255,66,121722,76,258453
7256,0.008987,216.58.203.0-255,5738,127460,76,258453
7257,0.008994,172.31.40.0-255,66,127526,76,258453
7258,0.010674,216.58.203.0-255,5738,133264,76,258453
7259,0.014615,172.31.40.0-255,66,133330,76,258453
7260,0.016308,216.58.203.0-255,5738,139068,76,258453
7261,0.016319,172.31.40.0-255,66,139134,76,258453
7262,0.017985,216.58.203.0-255,5738,144872,76,258453
7263,0.017993,172.31.40.0-255,66,144938,76,258453
7264,0.0197,216.58.203.0-255,5738,150676,76,258453
7265,0.019707,172.31.40.0-255,66,150742,76,258453
7266,0.021397,216.58.203.0-255,5738,156480,76,258453
7267,0.021406,172.31.40.0-255,66,156546,76,258453
7268,0.023085,216.58.203.0-255,5738,162284,76,258453
7269,0.023093,172.31.40.0-255,66,162350,76,258453
7270,0.024772,216.58.203.0-255,5738,168088,76,258453
7271,0.024779,172.31.40.0-255,66,168154,76,258453
7272,0.026458,216.58.203.0-255,5738,173892,76,258453
7273,0.026466,172.31.40.0-255,66,173958,76,258453
7274,0.028138,216.58.203.0-255,5738,179696,76,258453
7275,0.028145,172.31.40.0-255,66,179762,76,258453
7276,0.029828,216.58.203.0-255,5738,185500,76,258453
7277,0.029836,172.31.40.0-255,66,185566,76,258453
7278,0.031523,216.58.203.0-255,5738,191304,76,258453
7279,0.031531,172.31.40.0-255,66,191370,76,258453
7280,0.032915,172.31.40.0-255,167,191537,76,258453
7281,0.032949,172.31.40.0-255,1109,192646,76,258453
7282,0.033008,172.31.40.0-255,1514,194160,76,258453
7283,0.03301,172.31.40.0-255,1514,195674,76,258453
7284,0.033015,172.31.40.0-255,1514,197188,76,258453
7285,0.033016,172.31.40.0-255,1514,198702,76,258453
7286,0.033035,172.31.40.0-255,1513,200215,76,258453
7287,0.0332,216.58.203.0-255,5738,205953,76,258453
7288,0.033207,172.31.40.0-255,66,206019,76,258453
7289,0.034453,104.244.42.0-255,66,206085,76,258453
7290,0.034557,104.244.42.0-255,66,206151,76,258453
7291,0.034612,104.244.42.0-255,66,206217,76,258453
7292,0.034874,216.58.203.0-255,5738,211955,76,258453
7293,0.034879,172.31.40.0-255,66,212021,76,258453
7294,0.03658,216.58.203.0-255,5738,217759,76,258453
7295,0.036585,172.31.40.0-255,66,217825,76,258453
7296,0.03826,216.58.203.0-255,5738,223563,76,258453
7297,0.038266,172.31.40.0-255,66,223629,76,258453
7298,0.039971,216.58.203.0-255,5738,229367,76,258453
7299,0.039978,172.31.40.0-255,66,229433,76,258453
7300,0.041665,216.58.203.0-255,5738,235171,76,258453
7301,0.041671,172.31.40.0-255,66,235237,76,258453
7302,0.04335,216.58.203.0-255,5738,240975,76,258453
7303,0.043357,172.31.40.0-255,66,241041,76,258453
7304,0.045062,216.58.203.0-255,5738,246779,76,258453
7305,0.045068,172.31.40.0-255,66,246845,76,258453
7306,0.046748,216.58.203.0-255,5738,252583,76,258453
7307,0.046754,172.31.40.0-255,66,252649,76,258453
7308,0.048426,216.58.203.0-255,5738,258387,76,258453
7309,0.048433,172.31.40.0-255,66,258453,76,258453
7310,0.0,172.253.118.0-255,156,156,76,269584
7311,2.2e-05,172.31.40.0-255,66,222,76,269584
7312,2.8e-05,172.253.118.0-255,1484,1706,76,269584
7313,3.3e-05,172.31.40.0-255,66,1772,76,269584
7314,3.8e-05,172.253.118.0-255,2902,4674,76,269584
7315,4.1e-05,172.31.40.0-255,66,4740,76,269584
7316,4.8e-05,172.253.118.0-255,5738,10478,76,269584
7317,5e-05,172.31.40.0-255,66,10544,76,269584
7318,7.1e-05,172.253.118.0-255,1484,12028,76,269584
7319,7.3e-05,172.31.40.0-255,66,12094,76,269584
7320,7.8e-05,172.253.118.0-255,1983,14077,76,269584
7321,7.9e-05,172.31.40.0-255,66,14143,76,269584
7322,0.000154,172.253.118.0-255,1484,15627,76,269584
7323,0.000157,172.31.40.0-255,66,15693,76,269584
7324,0.00016,172.253.118.0-255,1484,17177,76,269584
7325,0.000162,172.31.40.0-255,66,17243,76,269584
7326,0.000174,172.253.118.0-255,1484,18727,76,269584
7327,0.000176,172.31.40.0-255,66,18793,76,269584
7328,0.000217,172.253.118.0-255,4320,23113,76,269584
7329,0.00022,172.31.40.0-255,66,23179,76,269584
7330,0.000238,172.253.118.0-255,1484,24663,76,269584
7331,0.000239,172.31.40.0-255,66,24729,76,269584
7332,0.000242,172.253.118.0-255,1484,26213,76,269584
7333,0.000244,172.31.40.0-255,66,26279,76,269584
7334,0.000274,172.253.118.0-255,2902,29181,76,269584
7335,0.000277,172.31.40.0-255,66,29247,76,269584
7336,0.0003,172.253.118.0-255,5379,34626,76,269584
7337,0.000302,172.31.40.0-255,66,34692,76,269584
7338,0.000312,172.31.40.0-255,66,34758,76,269584
7339,0.000342,172.253.118.0-255,1484,36242,76,269584
7340,0.000344,172.31.40.0-255,66,36308,76,269584
7341,0.000366,172.253.118.0-255,3961,40269,76,269584
7342,0.000369,172.31.40.0-255,66,40335,76,269584
7343,0.00065,172.253.118.0-255,1484,41819,76,269584
7344,0.000656,172.253.118.0-255,2902,44721,76,269584
7345,0.000659,172.31.40.0-255,66,44787,76,269584
7346,0.00068,172.253.118.0-255,4320,49107,76,269584
7347,0.000683,172.31.40.0-255,66,49173,76,269584
7348,0.0007,172.253.118.0-255,1484,50657,76,269584
7349,0.000707,172.253.118.0-255,6797,57454,76,269584
7350,0.000709,172.31.40.0-255,66,57520,76,269584
7351,0.000735,172.253.118.0-255,1484,59004,76,269584
7352,0.000739,172.253.118.0-255,1484,60488,76,269584
7353,0.000741,172.31.40.0-255,66,60554,76,269584
7354,0.000761,172.253.118.0-255,1484,62038,76,269584
7355,0.000767,172.253.118.0-255,5738,67776,76,269584
7356,0.000769,172.31.40.0-255,66,67842,76,269584
7357,0.000774,172.253.118.0-255,4320,72162,76,269584
7358,0.000777,172.31.40.0-255,66,72228,76,269584
7359,0.000824,172.253.118.0-255,3123,75351,76,269584
7360,0.000829,172.31.40.0-255,66,75417,76,269584
7361,0.000846,172.253.118.0-255,1484,76901,76,269584
7362,0.000861,172.253.118.0-255,2902,79803,76,269584
7363,0.000863,172.253.118.0-255,1484,81287,76,269584
7364,0.000866,172.31.40.0-255,66,81353,76,269584
7365,0.000894,172.31.40.0-255,66,81419,76,269584
7366,0.000898,172.253.118.0-255,2543,83962,76,269584
7367,0.0009,172.31.40.0-255,66,84028,76,269584
7368,0.00133,172.253.118.0-255,1484,85512,76,269584
7369,0.001335,172.253.118.0-255,1484,86996,76,269584
7370,0.001338,172.31.40.0-255,66,87062,76,269584
7371,0.001361,172.253.118.0-255,1484,88546,76,269584
7372,0.001367,172.253.118.0-255,5738,94284,76,269584
7373,0.001369,172.31.40.0-255,66,94350,76,269584
7374,0.001375,172.253.118.0-255,4320,98670,76,269584
7375,0.001377,172.31.40.0-255,66,98736,76,269584
7376,0.001392,172.253.118.0-255,4320,103056,76,269584
7377,0.001395,172.31.40.0-255,66,103122,76,269584
7378,0.001433,172.253.118.0-255,5738,108860,76,269584
7379,0.001436,172.31.40.0-255,66,108926,76,269584
7380,0.001467,172.31.40.0-255,66,108992,76,269584
7381,0.001626,172.253.118.0-255,1484,110476,76,269584
7382,0.001631,172.253.118.0-255,2902,113378,76,269584
7383,0.001634,172.31.40.0-255,66,113444,76,269584
7384,0.001654,172.253.118.0-255,4320,117764,76,269584
7385,0.001656,172.31.40.0-255,66,117830,76,269584
7386,0.001675,172.253.118.0-255,1484,119314,76,269584
7387,0.001699,172.31.40.0-255,66,119380,76,269584
7388,0.001719,172.253.118.0-255,2902,122282,76,269584
7389,0.001722,172.31.40.0-255,66,122348,76,269584
7390,0.001736,172.253.118.0-255,4320,126668,76,269584
7391,0.001738,172.31.40.0-255,66,126734,76,269584
7392,0.001762,172.253.118.0-255,6438,133172,76,269584
7393,0.001765,172.31.40.0-255,66,133238,76,269584
7394,0.002516,172.253.118.0-255,1484,134722,76,269584
7395,0.002524,172.253.118.0-255,1484,136206,76,269584
7396,0.002527,172.31.40.0-255,66,136272,76,269584
7397,0.002533,172.253.118.0-255,1484,137756,76,269584
7398,0.002535,172.253.118.0-255,1484,139240,76,269584
7399,0.002537,172.31.40.0-255,66,139306,76,269584
7400,0.002559,172.253.118.0-255,5738,145044,76,269584
7401,0.002561,172.31.40.0-255,66,145110,76,269584
7402,0.002577,172.253.118.0-255,1484,146594,76,269584
7403,0.002593,172.253.118.0-255,7156,153750,76,269584
7404,0.002594,172.31.40.0-255,66,153816,76,269584
7405,0.002618,172.31.40.0-255,66,153882,76,269584
7406,0.002636,172.253.118.0-255,2902,156784,76,269584
7407,0.002638,172.31.40.0-255,66,156850,76,269584
7408,0.002656,172.253.118.0-255,2184,159034,76,269584
7409,0.002657,172.31.40.0-255,66,159100,76,269584
7410,0.002825,172.253.118.0-255,1484,160584,76,269584
7411,0.002831,172.253.118.0-255,2902,163486,76,269584
7412,0.002833,172.31.40.0-255,66,163552,76,269584
7413,0.002837,172.253.118.0-255,1484,165036,76,269584
7414,0.002856,172.253.118.0-255,4320,169356,76,269584
7415,0.002858,172.31.40.0-255,66,169422,76,269584
7416,0.002862,172.253.118.0-255,2902,172324,76,269584
7417,0.002863,172.31.40.0-255,66,172390,76,269584
7418,0.002866,172.253.118.0-255,1484,173874,76,269584
7419,0.002919,172.31.40.0-255,66,173940,76,269584
7420,0.002935,172.253.118.0-255,2902,176842,76,269584
7421,0.002937,172.31.40.0-255,66,176908,76,269584
7422,0.00297,172.31.40.0-255,66,176974,76,269584
7423,0.003001,172.31.40.0-255,66,177040,76,269584
7424,0.003008,172.253.118.0-255,1484,178524,76,269584
7425,0.003024,172.31.40.0-255,66,178590,76,269584
7426,0.003094,172.253.118.0-255,1484,180074,76,269584
7427,0.003107,172.253.118.0-255,2902,182976,76,269584
7428,0.00311,172.31.40.0-255,66,183042,76,269584
7429,0.003113,172.253.118.0-255,1484,184526,76,269584
7430,0.003135,172.253.118.0-255,4320,188846,76,269584
7431,0.003138,172.31.40.0-255,66,188912,76,269584
7432,0.003145,172.253.118.0-255,7156,196068,76,269584
7433,0.003147,172.31.40.0-255,66,196134,76,269584
7434,0.003174,172.253.118.0-255,5738,201872,76,269584
7435,0.003177,172.31.40.0-255,66,201938,76,269584
7436,0.003188,172.31.40.0-255,66,202004,76,269584
7437,0.003246,172.253.118.0-255,1484,203488,76,269584
7438,0.003251,172.253.118.0-255,2902,206390,76,269584
7439,0.003253,172.31.40.0-255,66,206456,76,269584
7440,0.003256,172.253.118.0-255,1484,207940,76,269584
7441,0.003276,172.253.118.0-255,4320,212260,76,269584
7442,0.003279,172.31.40.0-255,66,212326,76,269584
7443,0.003291,172.253.118.0-255,4320,216646,76,269584
7444,0.003294,172.31.40.0-255,66,216712,76,269584
7445,0.003326,172.253.118.0-255,5738,222450,76,269584
7446,0.003343,172.253.118.0-255,5020,227470,76,269584
7447,0.003371,172.253.118.0-255,2902,230372,76,269584
7448,0.003377,172.253.118.0-255,5738,236110,76,269584
7449,0.0034,172.253.118.0-255,1484,237594,76,269584
7450,0.003405,172.253.118.0-255,2902,240496,76,269584
7451,0.003444,172.253.118.0-255,3602,244098,76,269584
7452,0.003476,172.253.118.0-255,5738,249836,76,269584
7453,0.003484,172.253.118.0-255,6438,256274,76,269584
7454,0.003531,172.253.118.0-255,7156,263430,76,269584
7455,0.00355,172.253.118.0-255,1513,264943,76,269584
7456,0.003553,172.253.118.0-255,105,265048,76,269584
7457,0.003712,172.31.40.0-255,66,265114,76,269584
7458,0.005378,172.31.40.0-255,105,265219,76,269584
7459,0.007861,172.253.118.0-255,66,265285,76,269584
7460,0.029509,172.31.40.0-255,171,265456,76,269584
7461,0.029546,172.31.40.0-255,1133,266589,76,269584
7462,0.029611,172.31.40.0-255,1514,268103,76,269584
7463,0.029613,172.31.40.0-255,1283,269386,76,269584
7464,0.031099,104.244.42.0-255,66,269452,76,269584
7465,0.031137,104.244.42.0-255,66,269518,76,269584
7466,0.031186,104.244.42.0-255,66,269584,76,269584
7467,0.0,172.217.194.0-255,149,149,76,163662
7468,2.4e-05,172.31.40.0-255,66,215,76,163662
7469,3.1e-05,172.217.194.0-255,1484,1699,76,163662
7470,3.6e-05,172.31.40.0-255,66,1765,76,163662
7471,4.2e-05,172.217.194.0-255,2902,4667,76,163662
7472,4.6e-05,172.31.40.0-255,66,4733,76,163662
7473,5.4e-05,172.217.194.0-255,7156,11889,76,163662
7474,5.7e-05,172.31.40.0-255,66,11955,76,163662
7475,6.3e-05,172.217.194.0-255,4746,16701,76,163662
7476,6.5e-05,172.31.40.0-255,66,16767,76,163662
7477,7.1e-05,172.217.194.0-255,4320,21087,76,163662
7478,7.4e-05,172.31.40.0-255,66,21153,76,163662
7479,9.6e-05,172.217.194.0-255,1484,22637,76,163662
7480,9.8e-05,172.31.40.0-255,66,22703,76,163662
7481,0.00011,172.31.40.0-255,66,22769,76,163662
7482,0.000154,172.217.194.0-255,1484,24253,76,163662
7483,0.000157,172.31.40.0-255,66,24319,76,163662
7484,0.000162,172.217.194.0-255,2902,27221,76,163662
7485,0.000164,172.31.40.0-255,66,27287,76,163662
7486,0.00017,172.217.194.0-255,5738,33025,76,163662
7487,0.000173,172.31.40.0-255,66,33091,76,163662
7488,0.000187,172.217.194.0-255,1484,34575,76,163662
7489,0.00019,172.31.40.0-255,66,34641,76,163662
7490,0.000214,172.31.40.0-255,66,34707,76,163662
7491,0.000222,172.217.194.0-255,7156,41863,76,163662
7492,0.000224,172.31.40.0-255,66,41929,76,163662
7493,0.000262,172.217.194.0-255,2834,44763,76,163662
7494,0.000264,172.31.40.0-255,66,44829,76,163662
7495,0.000559,172.217.194.0-255,98,44927,76,163662
7496,0.000565,172.31.40.0-255,66,44993,76,163662
7497,0.00072,172.217.194.0-255,364,45357,76,163662
7498,0.000752,172.217.194.0-255,1484,46841,76,163662
7499,0.000756,172.31.40.0-255,66,46907,76,163662
7500,0.000779,172.217.194.0-255,4320,51227,76,163662
7501,0.000781,172.31.40.0-255,66,51293,76,163662
7502,0.000811,172.217.194.0-255,7156,58449,76,163662
7503,0.000814,172.31.40.0-255,66,58515,76,163662
7504,0.00082,172.217.194.0-255,5738,64253,76,163662
7505,0.000822,172.31.40.0-255,66,64319,76,163662
7506,0.000851,172.31.40.0-255,66,64385,76,163662
7507,0.000857,172.217.194.0-255,5020,69405,76,163662
7508,0.000859,172.31.40.0-255,66,69471,76,163662
7509,0.001009,172.217.194.0-255,1484,70955,76,163662
7510,0.001025,172.217.194.0-255,2902,73857,76,163662
7511,0.001028,172.31.40.0-255,66,73923,76,163662
7512,0.001048,172.217.194.0-255,5738,79661,76,163662
7513,0.001051,172.31.40.0-255,66,79727,76,163662
7514,0.001058,172.217.194.0-255,7156,86883,76,163662
7515,0.001061,172.31.40.0-255,66,86949,76,163662
7516,0.001078,172.217.194.0-255,2902,89851,76,163662
7517,0.001081,172.31.40.0-255,66,89917,76,163662
7518,0.001133,172.217.194.0-255,7156,97073,76,163662
7519,0.001136,172.31.40.0-255,66,97139,76,163662
7520,0.001174,172.31.40.0-255,66,97205,76,163662
7521,0.001194,172.31.40.0-255,66,97271,76,163662
7522,0.001203,172.31.40.0-255,66,97337,76,163662
7523,0.001364,172.217.194.0-255,1484,98821,76,163662
7524,0.00137,172.217.194.0-255,2902,101723,76,163662
7525,0.001374,172.31.40.0-255,66,101789,76,163662
7526,0.001377,172.217.194.0-255,1484,103273,76,163662
7527,0.001392,172.217.194.0-255,4320,107593,76,163662
7528,0.001394,172.31.40.0-255,66,107659,76,163662
7529,0.001402,172.217.194.0-255,7156,114815,76,163662
7530,0.001405,172.31.40.0-255,66,114881,76,163662
7531,0.001411,172.217.194.0-255,5738,120619,76,163662
7532,0.001413,172.31.40.0-255,66,120685,76,163662
7533,0.001429,172.217.194.0-255,2902,123587,76,163662
7534,0.001432,172.31.40.0-255,66,123653,76,163662
7535,0.001448,172.217.194.0-255,4320,127973,76,163662
7536,0.00145,172.31.40.0-255,66,128039,76,163662
7537,0.001468,172.217.194.0-255,3602,131641,76,163662
7538,0.00147,172.31.40.0-255,66,131707,76,163662
7539,0.001539,172.217.194.0-255,1484,133191,76,163662
7540,0.001565,172.217.194.0-255,2902,136093,76,163662
7541,0.001569,172.31.40.0-255,66,136159,76,163662
7542,0.001575,172.217.194.0-255,5738,141897,76,163662
7543,0.001577,172.31.40.0-255,66,141963,76,163662
7544,0.001584,172.217.194.0-255,5738,147701,76,163662
7545,0.001586,172.31.40.0-255,66,147767,76,163662
7546,0.001612,172.217.194.0-255,7156,154923,76,163662
7547,0.001616,172.31.40.0-255,66,154989,76,163662
7548,0.001628,172.31.40.0-255,66,155055,76,163662
7549,0.001641,172.217.194.0-255,2902,157957,76,163662
7550,0.001644,172.31.40.0-255,66,158023,76,163662
7551,0.001688,172.31.40.0-255,66,158089,76,163662
7552,0.001702,172.31.40.0-255,66,158155,76,163662
7553,0.00172,172.217.194.0-255,2902,161057,76,163662
7554,0.001722,172.31.40.0-255,66,161123,76,163662
7555,0.001748,172.31.40.0-255,66,161189,76,163662
7556,0.001787,172.31.40.0-255,66,161255,76,163662
7557,0.001816,172.31.40.0-255,66,161321,76,163662
7558,0.001869,172.31.40.0-255,66,161387,76,163662
7559,0.001913,172.31.40.0-255,66,161453,76,163662
7560,0.001942,172.31.40.0-255,66,161519,76,163662
7561,0.001945,172.217.194.0-255,1735,163254,76,163662
7562,0.001948,172.31.40.0-255,66,163320,76,163662
7563,0.00195,172.217.194.0-255,105,163425,76,163662
7564,0.01413,172.31.40.0-255,66,163491,76,163662
7565,0.015833,172.31.40.0-255,105,163596,76,163662
7566,0.01815,172.217.194.0-255,66,163662,76,163662
7567,0.0,172.217.194.0-255,146,146,76,178600
7568,2.2e-05,172.31.40.0-255,66,212,76,178600
7569,2.9e-05,172.217.194.0-255,1484,1696,76,178600
7570,3.3e-05,172.31.40.0-255,66,1762,76,178600
7571,3.8e-05,172.217.194.0-255,2902,4664,76,178600
7572,4.9e-05,172.31.40.0-255,66,4730,76,178600
7573,5.6e-05,172.217.194.0-255,7156,11886,76,178600
7574,5.9e-05,172.31.40.0-255,66,11952,76,178600
7575,6.3e-05,172.217.194.0-255,2030,13982,76,178600
7576,6.6e-05,172.31.40.0-255,66,14048,76,178600
7577,0.000103,172.217.194.0-255,1484,15532,76,178600
7578,0.000105,172.31.40.0-255,66,15598,76,178600
7579,0.00011,172.217.194.0-255,2902,18500,76,178600
7580,0.000113,172.31.40.0-255,66,18566,76,178600
7581,0.000142,172.217.194.0-255,5738,24304,76,178600
7582,0.000144,172.31.40.0-255,66,24370,76,178600
7583,0.00017,172.31.40.0-255,66,24436,76,178600
7584,0.000195,172.217.194.0-255,2902,27338,76,178600
7585,0.000197,172.31.40.0-255,66,27404,76,178600
7586,0.000211,172.217.194.0-255,5738,33142,76,178600
7587,0.000213,172.31.40.0-255,66,33208,76,178600
7588,0.000224,172.217.194.0-255,6797,40005,76,178600
7589,0.000227,172.31.40.0-255,66,40071,76,178600
7590,0.000254,172.217.194.0-255,7156,47227,76,178600
7591,0.000257,172.31.40.0-255,66,47293,76,178600
7592,0.000293,172.31.40.0-255,66,47359,76,178600
7593,0.000296,172.217.194.0-255,678,48037,76,178600
7594,0.000298,172.31.40.0-255,66,48103,76,178600
7595,0.000419,172.217.194.0-255,1484,49587,76,178600
7596,0.000424,172.31.40.0-255,66,49653,76,178600
7597,0.000429,172.217.194.0-255,2902,52555,76,178600
7598,0.000431,172.31.40.0-255,66,52621,76,178600
7599,0.000434,172.217.194.0-255,1484,54105,76,178600
7600,0.000459,172.217.194.0-255,4320,58425,76,178600
7601,0.000462,172.31.40.0-255,66,58491,76,178600
7602,0.000466,172.217.194.0-255,2902,61393,76,178600
7603,0.000468,172.31.40.0-255,66,61459,76,178600
7604,0.00051,172.31.40.0-255,66,61525,76,178600
7605,0.000526,172.31.40.0-255,66,61591,76,178600
7606,0.000549,172.217.194.0-255,1484,63075,76,178600
7607,0.000575,172.31.40.0-255,66,63141,76,178600
7608,0.000602,172.217.194.0-255,1484,64625,76,178600
7609,0.000616,172.31.40.0-255,66,64691,76,178600
7610,0.000619,172.217.194.0-255,1484,66175,76,178600
7611,0.000654,172.31.40.0-255,66,66241,76,178600
7612,0.000666,172.31.40.0-255,66,66307,76,178600
7613,0.000676,172.217.194.0-255,5738,72045,76,178600
7614,0.000679,172.31.40.0-255,66,72111,76,178600
7615,0.000687,172.217.194.0-255,5738,77849,76,178600
7616,0.000689,172.31.40.0-255,66,77915,76,178600
7617,0.000731,172.31.40.0-255,66,77981,76,178600
7618,0.000734,172.217.194.0-255,766,78747,76,178600
7619,0.00077,172.31.40.0-255,66,78813,76,178600
7620,0.000793,172.217.194.0-255,5738,84551,76,178600
7621,0.000795,172.31.40.0-255,66,84617,76,178600
7622,0.000828,172.31.40.0-255,66,84683,76,178600
7623,0.000861,172.217.194.0-255,2184,86867,76,178600
7624,0.000864,172.31.40.0-255,66,86933,76,178600
7625,0.00088,172.31.40.0-255,66,86999,76,178600
7626,0.000894,172.31.40.0-255,66,87065,76,178600
7627,0.000901,172.217.194.0-255,6438,93503,76,178600
7628,0.000903,172.31.40.0-255,66,93569,76,178600
7629,0.00091,172.217.194.0-255,7156,100725,76,178600
7630,0.000913,172.31.40.0-255,66,100791,76,178600
7631,0.000966,172.217.194.0-255,7156,107947,76,178600
7632,0.000969,172.31.40.0-255,66,108013,76,178600
7633,0.001013,172.31.40.0-255,66,108079,76,178600
7634,0.001023,172.31.40.0-255,66,108145,76,178600
7635,0.001206,172.217.194.0-255,1484,109629,76,178600
7636,0.001211,172.217.194.0-255,2902,112531,76,178600
7637,0.001214,172.31.40.0-255,66,112597,76,178600
7638,0.001244,172.217.194.0-255,5738,118335,76,178600
7639,0.001247,172.31.40.0-255,66,118401,76,178600
7640,0.001254,172.217.194.0-255,7156,125557,76,178600
7641,0.001256,172.31.40.0-255,66,125623,76,178600
7642,0.001283,172.217.194.0-255,5738,131361,76,178600
7643,0.001286,172.31.40.0-255,66,131427,76,178600
7644,0.0013,172.31.40.0-255,66,131493,76,178600
7645,0.001751,172.217.194.0-255,1484,132977,76,178600
7646,0.001756,172.217.194.0-255,2902,135879,76,178600
7647,0.001759,172.31.40.0-255,66,135945,76,178600
7648,0.001762,172.217.194.0-255,1484,137429,76,178600
7649,0.001794,172.217.194.0-255,4320,141749,76,178600
7650,0.001796,172.31.40.0-255,66,141815,76,178600
7651,0.001801,172.217.194.0-255,4320,146135,76,178600
7652,0.001803,172.31.40.0-255,66,146201,76,178600
7653,0.001817,172.31.40.0-255,66,146267,76,178600
7654,0.001863,172.31.40.0-255,66,146333,76,178600
7655,0.001867,172.217.194.0-255,1484,147817,76,178600
7656,0.001899,172.217.194.0-255,7156,154973,76,178600
7657,0.001901,172.31.40.0-255,66,155039,76,178600
7658,0.001908,172.217.194.0-255,5738,160777,76,178600
7659,0.00191,172.31.40.0-255,66,160843,76,178600
7660,0.001926,172.31.40.0-255,66,160909,76,178600
7661,0.001941,172.217.194.0-255,7156,168065,76,178600
7662,0.001944,172.31.40.0-255,66,168131,76,178600
7663,0.001958,172.31.40.0-255,66,168197,76,178600
7664,0.001976,172.31.40.0-255,66,168263,76,178600
7665,0.002026,172.31.40.0-255,66,168329,76,178600
7666,0.002056,172.217.194.0-255,5628,173957,76,178600
7667,0.002058,172.217.194.0-255,105,174062,76,178600
7668,0.002076,172.31.40.0-255,66,174128,76,178600
7669,0.009944,172.31.40.0-255,105,174233,76,178600
7670,0.01248,172.217.194.0-255,66,174299,76,178600
7671,0.03184,172.31.40.0-255,171,174470,76,178600
7672,0.031907,172.31.40.0-255,1133,175603,76,178600
7673,0.031975,172.31.40.0-255,1514,177117,76,178600
7674,0.031976,172.31.40.0-255,1285,178402,76,178600
7675,0.033398,104.244.42.0-255,66,178468,76,178600
7676,0.033443,104.244.42.0-255,66,178534,76,178600
7677,0.03353,104.244.42.0-255,66,178600,76,178600
7678,0.0,74.125.68.0-255,153,153,76,250380
7679,1.8e-05,172.31.40.0-255,66,219,76,250380
7680,2.5e-05,74.125.68.0-255,1484,1703,76,250380
7681,2.9e-05,172.31.40.0-255,66,1769,76,250380
7682,3.5e-05,74.125.68.0-255,2902,4671,76,250380
7683,3.8e-05,172.31.40.0-255,66,4737,76,250380
7684,6.8e-05,74.125.68.0-255,2902,7639,76,250380
7685,7e-05,172.31.40.0-255,66,7705,76,250380
7686,7.6e-05,74.125.68.0-255,4320,12025,76,250380
7687,7.8e-05,172.31.40.0-255,66,12091,76,250380
7688,9.5e-05,74.125.68.0-255,1912,14003,76,250380
7689,9.7e-05,172.31.40.0-255,66,14069,76,250380
7690,0.00022,74.125.68.0-255,1484,15553,76,250380
7691,0.000224,172.31.40.0-255,66,15619,76,250380
7692,0.000245,74.125.68.0-255,2902,18521,76,250380
7693,0.000248,172.31.40.0-255,66,18587,76,250380
7694,0.000253,74.125.68.0-255,4320,22907,76,250380
7695,0.000256,172.31.40.0-255,66,22973,76,250380
7696,0.000267,74.125.68.0-255,1484,24457,76,250380
7697,0.000269,172.31.40.0-255,66,24523,76,250380
7698,0.000274,74.125.68.0-255,2902,27425,76,250380
7699,0.000276,172.31.40.0-255,66,27491,76,250380
7700,0.000283,74.125.68.0-255,3961,31452,76,250380
7701,0.000285,172.31.40.0-255,66,31518,76,250380
7702,0.000323,74.125.68.0-255,4320,35838,76,250380
7703,0.000326,172.31.40.0-255,66,35904,76,250380
7704,0.000353,74.125.68.0-255,5738,41642,76,250380
7705,0.000356,172.31.40.0-255,66,41708,76,250380
7706,0.000374,74.125.68.0-255,4320,46028,76,250380
7707,0.000376,172.31.40.0-255,66,46094,76,250380
7708,0.000397,74.125.68.0-255,2543,48637,76,250380
7709,0.0004,172.31.40.0-255,66,48703,76,250380
7710,0.000747,74.125.68.0-255,1484,50187,76,250380
7711,0.000754,74.125.68.0-255,2902,53089,76,250380
7712,0.000757,172.31.40.0-255,66,53155,76,250380
7713,0.000761,74.125.68.0-255,1484,54639,76,250380
7714,0.00078,74.125.68.0-255,2902,57541,76,250380
7715,0.000782,172.31.40.0-255,66,57607,76,250380
7716,0.000798,74.125.68.0-255,2902,60509,76,250380
7717,0.0008,172.31.40.0-255,66,60575,76,250380
7718,0.000824,74.125.68.0-255,2902,63477,76,250380
7719,0.000827,172.31.40.0-255,66,63543,76,250380
7720,0.000833,74.125.68.0-255,3125,66668,76,250380
7721,0.000835,172.31.40.0-255,66,66734,76,250380
7722,0.001474,74.125.68.0-255,1484,68218,76,250380
7723,0.001485,74.125.68.0-255,2902,71120,76,250380
7724,0.00149,172.31.40.0-255,66,71186,76,250380
7725,0.001494,74.125.68.0-255,1484,72670,76,250380
7726,0.001511,74.125.68.0-255,2902,75572,76,250380
7727,0.001514,172.31.40.0-255,66,75638,76,250380
7728,0.00152,74.125.68.0-255,5738,81376,76,250380
7729,0.001522,172.31.40.0-255,66,81442,76,250380
7730,0.001538,74.125.68.0-255,1484,82926,76,250380
7731,0.001559,172.31.40.0-255,66,82992,76,250380
7732,0.001571,74.125.68.0-255,1484,84476,76,250380
7733,0.001577,74.125.68.0-255,4320,88796,76,250380
7734,0.001579,172.31.40.0-255,66,88862,76,250380
7735,0.001614,74.125.68.0-255,3602,92464,76,250380
7736,0.001616,172.31.40.0-255,66,92530,76,250380
7737,0.001891,74.125.68.0-255,1484,94014,76,250380
7738,0.001898,74.125.68.0-255,2902,96916,76,250380
7739,0.001902,172.31.40.0-255,66,96982,76,250380
7740,0.001905,74.125.68.0-255,1484,98466,76,250380
7741,0.00192,74.125.68.0-255,1484,99950,76,250380
7742,0.001922,172.31.40.0-255,66,100016,76,250380
7743,0.001926,74.125.68.0-255,1484,101500,76,250380
7744,0.001945,74.125.68.0-255,2902,104402,76,250380
7745,0.001947,172.31.40.0-255,66,104468,76,250380
7746,0.001955,74.125.68.0-255,7156,111624,76,250380
7747,0.001958,172.31.40.0-255,66,111690,76,250380
7748,0.001978,74.125.68.0-255,1484,113174,76,250380
7749,0.001984,74.125.68.0-255,5738,118912,76,250380
7750,0.001987,172.31.40.0-255,66,118978,76,250380
7751,0.001994,74.125.68.0-255,7156,126134,76,250380
7752,0.001996,172.31.40.0-255,66,126200,76,250380
7753,0.001999,74.125.68.0-255,766,126966,76,250380
7754,0.004248,74.125.68.0-255,4320,131286,76,250380
7755,0.004254,172.31.40.0-255,66,131352,76,250380
7756,0.006505,74.125.68.0-255,5738,137090,76,250380
7757,0.00651,172.31.40.0-255,66,137156,76,250380
7758,0.008755,74.125.68.0-255,4320,141476,76,250380
7759,0.00876,172.31.40.0-255,66,141542,76,250380
7760,0.008775,74.125.68.0-255,1484,143026,76,250380
7761,0.011012,74.125.68.0-255,4320,147346,76,250380
7762,0.011019,172.31.40.0-255,66,147412,76,250380
7763,0.013281,74.125.68.0-255,5738,153150,76,250380
7764,0.013294,172.31.40.0-255,66,153216,76,250380
7765,0.015556,74.125.68.0-255,5738,158954,76,250380
7766,0.015567,172.31.40.0-255,66,159020,76,250380
7767,0.017827,74.125.68.0-255,5738,164758,76,250380
7768,0.017842,172.31.40.0-255,66,164824,76,250380
7769,0.020134,74.125.68.0-255,5738,170562,76,250380
7770,0.020143,172.31.40.0-255,66,170628,76,250380
7771,0.022418,74.125.68.0-255,5738,176366,76,250380
7772,0.022427,172.31.40.0-255,66,176432,76,250380
7773,0.024685,74.125.68.0-255,5738,182170,76,250380
7774,0.024695,172.31.40.0-255,66,182236,76,250380
7775,0.026951,74.125.68.0-255,5738,187974,76,250380
7776,0.026961,172.31.40.0-255,66,188040,76,250380
7777,0.029034,172.31.40.0-255,172,188212,76,250380
7778,0.029066,172.31.40.0-255,1108,189320,76,250380
7779,0.029141,172.31.40.0-255,1514,190834,76,250380
7780,0.029143,172.31.40.0-255,1308,192142,76,250380
7781,0.0292,74.125.68.0-255,5738,197880,76,250380
7782,0.029205,172.31.40.0-255,66,197946,76,250380
7783,0.030588,104.244.42.0-255,66,198012,76,250380
7784,0.030646,104.244.42.0-255,66,198078,76,250380
7785,0.030706,104.244.42.0-255,66,198144,76,250380
7786,0.031456,74.125.68.0-255,5738,203882,76,250380
7787,0.031463,172.31.40.0-255,66,203948,76,250380
7788,0.033724,74.125.68.0-255,5738,209686,76,250380
7789,0.033735,172.31.40.0-255,66,209752,76,250380
7790,0.035994,74.125.68.0-255,5738,215490,76,250380
7791,0.036001,172.31.40.0-255,66,215556,76,250380
7792,0.038263,74.125.68.0-255,5738,221294,76,250380
7793,0.03827,172.31.40.0-255,66,221360,76,250380
7794,0.040531,74.125.68.0-255,5738,227098,76,250380
7795,0.040537,172.31.40.0-255,66,227164,76,250380
7796,0.04279,74.125.68.0-255,5738,232902,76,250380
7797,0.042797,172.31.40.0-255,66,232968,76,250380
7798,0.045048,74.125.68.0-255,5738,238706,76,250380
7799,0.045055,172.31.40.0-255,66,238772,76,250380
7800,0.047314,74.125.68.0-255,5738,244510,76,250380
7801,0.047323,172.31.40.0-255,66,244576,76,250380
7802,0.049599,74.125.68.0-255,5738,250314,76,250380
7803,0.04962,172.31.40.0-255,66,250380,76,250380
7804,0.0,74.125.200.0-255,150,150,76,285070
7805,2.3e-05,172.31.40.0-255,66,216,76,285070
7806,3e-05,74.125.200.0-255,1484,1700,76,285070
7807,3.4e-05,172.31.40.0-255,66,1766,76,285070
7808,4e-05,74.125.200.0-255,2902,4668,76,285070
7809,5.2e-05,172.31.40.0-255,66,4734,76,285070
7810,5.9e-05,74.125.200.0-255,5738,10472,76,285070
7811,6.1e-05,172.31.40.0-255,66,10538,76,285070
7812,6.9e-05,74.125.200.0-255,6219,16757,76,285070
7813,7.2e-05,172.31.40.0-255,66,16823,76,285070
7814,0.000137,172.31.40.0-255,66,16889,76,285070
7815,0.000142,74.125.200.0-255,3961,20850,76,285070
7816,0.000145,172.31.40.0-255,66,20916,76,285070
7817,0.000172,74.125.200.0-255,4320,25236,76,285070
7818,0.000175,172.31.40.0-255,66,25302,76,285070
7819,0.000202,74.125.200.0-255,5738,31040,76,285070
7820,0.000206,172.31.40.0-255,66,31106,76,285070
7821,0.000227,74.125.200.0-255,2902,34008,76,285070
7822,0.000229,172.31.40.0-255,66,34074,76,285070
7823,0.000261,74.125.200.0-255,3961,38035,76,285070
7824,0.000264,172.31.40.0-255,66,38101,76,285070
7825,0.000434,74.125.200.0-255,1484,39585,76,285070
7826,0.000439,172.31.40.0-255,66,39651,76,285070
7827,0.000445,74.125.200.0-255,2902,42553,76,285070
7828,0.000447,172.31.40.0-255,66,42619,76,285070
7829,0.000466,74.125.200.0-255,5738,48357,76,285070
7830,0.000475,172.31.40.0-255,66,48423,76,285070
7831,0.000479,74.125.200.0-255,2902,51325,76,285070
7832,0.000482,172.31.40.0-255,66,51391,76,285070
7833,0.000517,74.125.200.0-255,3961,55352,76,285070
7834,0.000519,172.31.40.0-255,66,55418,76,285070
7835,0.000522,74.125.200.0-255,402,55820,76,285070
7836,0.000691,74.125.200.0-255,343,56163,76,285070
7837,0.000861,74.125.200.0-255,1484,57647,76,285070
7838,0.000866,172.31.40.0-255,66,57713,76,285070
7839,0.000896,74.125.200.0-255,2902,60615,76,285070
7840,0.000899,172.31.40.0-255,66,60681,76,285070
7841,0.000905,74.125.200.0-255,5738,66419,76,285070
7842,0.000907,172.31.40.0-255,66,66485,76,285070
7843,0.000926,74.125.200.0-255,1484,67969,76,285070
7844,0.000958,172.31.40.0-255,66,68035,76,285070
7845,0.000961,74.125.200.0-255,1484,69519,76,285070
7846,0.000988,74.125.200.0-255,7156,76675,76,285070
7847,0.00099,172.31.40.0-255,66,76741,76,285070
7848,0.001016,74.125.200.0-255,2902,79643,76,285070
7849,0.001019,172.31.40.0-255,66,79709,76,285070
7850,0.001022,74.125.200.0-255,1125,80834,76,285070
7851,0.001524,74.125.200.0-255,1484,82318,76,285070
7852,0.001528,172.31.40.0-255,66,82384,76,285070
7853,0.001557,74.125.200.0-255,2902,85286,76,285070
7854,0.00156,172.31.40.0-255,66,85352,76,285070
7855,0.001596,74.125.200.0-255,1484,86836,76,285070
7856,0.001612,74.125.200.0-255,2902,89738,76,285070
7857,0.001615,172.31.40.0-255,66,89804,76,285070
7858,0.001645,74.125.200.0-255,5738,95542,76,285070
7859,0.001647,172.31.40.0-255,66,95608,76,285070
7860,0.00165,74.125.200.0-255,1484,97092,76,285070
7861,0.001655,74.125.200.0-255,2902,99994,76,285070
7862,0.001658,172.31.40.0-255,66,100060,76,285070
7863,0.001688,74.125.200.0-255,5738,105798,76,285070
7864,0.001691,172.31.40.0-255,66,105864,76,285070
7865,0.001698,74.125.200.0-255,7156,113020,76,285070
7866,0.0017,172.31.40.0-255,66,113086,76,285070
7867,0.001732,74.125.200.0-255,2184,115270,76,285070
7868,0.001735,172.31.40.0-255,66,115336,76,285070
7869,0.001764,74.125.200.0-255,2902,118238,76,285070
7870,0.001766,172.31.40.0-255,66,118304,76,285070
7871,0.001792,74.125.200.0-255,4320,122624,76,285070
7872,0.001795,172.31.40.0-255,66,122690,76,285070
7873,0.001799,74.125.200.0-255,2902,125592,76,285070
7874,0.001801,172.31.40.0-255,66,125658,76,285070
7875,0.001832,74.125.200.0-255,2902,128560,76,285070
7876,0.001835,172.31.40.0-255,66,128626,76,285070
7877,0.001855,172.31.40.0-255,66,128692,76,285070
7878,0.001858,74.125.200.0-255,1484,130176,76,285070
7879,0.001862,74.125.200.0-255,2902,133078,76,285070
7880,0.001864,172.31.40.0-255,66,133144,76,285070
7881,0.001903,74.125.200.0-255,4320,137464,76,285070
7882,0.001905,172.31.40.0-255,66,137530,76,285070
7883,0.001927,74.125.200.0-255,766,138296,76,285070
7884,0.002004,74.125.200.0-255,1484,139780,76,285070
7885,0.002008,172.31.40.0-255,66,139846,76,285070
7886,0.002011,74.125.200.0-255,1484,141330,76,285070
7887,0.00203,74.125.200.0-255,1484,142814,76,285070
7888,0.002032,172.31.40.0-255,66,142880,76,285070
7889,0.002057,74.125.200.0-255,5738,148618,76,285070
7890,0.002059,172.31.40.0-255,66,148684,76,285070
7891,0.002087,74.125.200.0-255,1484,150168,76,285070
7892,0.002101,74.125.200.0-255,4320,154488,76,285070
7893,0.002103,172.31.40.0-255,66,154554,76,285070
7894,0.002131,74.125.200.0-255,5738,160292,76,285070
7895,0.002133,172.31.40.0-255,66,160358,76,285070
7896,0.002144,74.125.200.0-255,1484,161842,76,285070
7897,0.002164,74.125.200.0-255,1484,163326,76,285070
7898,0.002166,172.31.40.0-255,66,163392,76,285070
7899,0.002201,172.31.40.0-255,66,163458,76,285070
7900,0.002204,74.125.200.0-255,766,164224,76,285070
7901,0.002472,74.125.200.0-255,1484,165708,76,285070
7902,0.002476,172.31.40.0-255,66,165774,76,285070
7903,0.00248,74.125.200.0-255,1484,167258,76,285070
7904,0.002503,74.125.200.0-255,1484,168742,76,285070
7905,0.002505,172.31.40.0-255,66,168808,76,285070
7906,0.002508,74.125.200.0-255,1484,170292,76,285070
7907,0.002529,74.125.200.0-255,2902,173194,76,285070
7908,0.002532,172.31.40.0-255,66,173260,76,285070
7909,0.002535,74.125.200.0-255,2902,176162,76,285070
7910,0.002537,172.31.40.0-255,66,176228,76,285070
7911,0.005031,74.125.200.0-255,5738,181966,76,285070
7912,0.005037,172.31.40.0-255,66,182032,76,285070
7913,0.007557,74.125.200.0-255,5738,187770,76,285070
7914,0.007563,172.31.40.0-255,66,187836,76,285070
7915,0.010071,74.125.200.0-255,5738,193574,76,285070
7916,0.010078,172.31.40.0-255,66,193640,76,285070
7917,0.012582,74.125.200.0-255,5738,199378,76,285070
7918,0.012589,172.31.40.0-255,66,199444,76,285070
7919,0.015105,74.125.200.0-255,5738,205182,76,285070
7920,0.015117,172.31.40.0-255,66,205248,76,285070
7921,0.017627,74.125.200.0-255,5738,210986,76,285070
7922,0.017636,172.31.40.0-255,66,211052,76,285070
7923,0.020163,74.125.200.0-255,5738,216790,76,285070
7924,0.02017,172.31.40.0-255,66,216856,76,285070
7925,0.022702,74.125.200.0-255,5738,222594,76,285070
7926,0.022721,172.31.40.0-255,66,222660,76,285070
7927,0.025257,74.125.200.0-255,5738,228398,76,285070
7928,0.02527,172.31.40.0-255,66,228464,76,285070
7929,0.027796,74.125.200.0-255,5738,234202,76,285070
7930,0.027813,172.31.40.0-255,66,234268,76,285070
7931,0.030322,74.125.200.0-255,5738,240006,76,285070
7932,0.03033,172.31.40.0-255,66,240072,76,285070
7933,0.032843,74.125.200.0-255,5738,245810,76,285070
7934,0.032858,172.31.40.0-255,66,245876,76,285070
7935,0.035395,74.125.200.0-255,5738,251614,76,285070
7936,0.035413,172.31.40.0-255,66,251680,76,285070
7937,0.037936,74.125.200.0-255,5738,257418,76,285070
7938,0.037943,172.31.40.0-255,66,257484,76,285070
7939,0.040461,74.125.200.0-255,5738,263222,76,285070
7940,0.040476,172.31.40.0-255,66,263288,76,285070
7941,0.043006,74.125.200.0-255,5738,269026,76,285070
7942,0.043024,172.31.40.0-255,66,269092,76,285070
7943,0.044444,172.31.40.0-255,176,269268,76,285070
7944,0.044479,172.31.40.0-255,1108,270376,76,285070
7945,0.04454,172.31.40.0-255,1514,271890,76,285070
7946,0.044542,172.31.40.0-255,1308,273198,76,285070
7947,0.045535,74.125.200.0-255,5738,278936,76,285070
7948,0.045543,172.31.40.0-255,66,279002,76,285070
7949,0.045979,104.244.42.0-255,66,279068,76,285070
7950,0.046016,104.244.42.0-255,66,279134,76,285070
7951,0.046054,104.244.42.0-255,66,279200,76,285070
7952,0.048038,74.125.200.0-255,4320,283520,76,285070
7953,0.048046,172.31.40.0-255,66,283586,76,285070
7954,0.048075,74.125.200.0-255,1484,285070,76,285070
7955,0.0,74.125.68.0-255,153,153,76,345026
7956,1.8e-05,172.31.40.0-255,66,219,76,345026
7957,2.5e-05,74.125.68.0-255,1484,1703,76,345026
7958,2.9e-05,172.31.40.0-255,66,1769,76,345026
7959,4.5e-05,74.125.68.0-255,1484,3253,76,345026
7960,4.7e-05,172.31.40.0-255,66,3319,76,345026
7961,6.1e-05,74.125.68.0-255,1484,4803,76,345026
7962,6.3e-05,172.31.40.0-255,66,4869,76,345026
7963,7e-05,74.125.68.0-255,4320,9189,76,345026
7964,7.3e-05,172.31.40.0-255,66,9255,76,345026
7965,0.000111,74.125.68.0-255,2902,12157,76,345026
7966,0.000113,172.31.40.0-255,66,12223,76,345026
7967,0.000125,74.125.68.0-255,3409,15632,76,345026
7968,0.000127,172.31.40.0-255,66,15698,76,345026
7969,0.000133,74.125.68.0-255,5738,21436,76,345026
7970,0.000135,172.31.40.0-255,66,21502,76,345026
7971,0.000156,74.125.68.0-255,1484,22986,76,345026
7972,0.000158,172.31.40.0-255,66,23052,76,345026
7973,0.000168,172.31.40.0-255,66,23118,76,345026
7974,0.000257,74.125.68.0-255,1484,24602,76,345026
7975,0.00026,172.31.40.0-255,66,24668,76,345026
7976,0.000286,74.125.68.0-255,2902,27570,76,345026
7977,0.000289,172.31.40.0-255,66,27636,76,345026
7978,0.000294,74.125.68.0-255,2902,30538,76,345026
7979,0.000296,172.31.40.0-255,66,30604,76,345026
7980,0.00031,74.125.68.0-255,2902,33506,76,345026
7981,0.000313,172.31.40.0-255,66,33572,76,345026
7982,0.000316,74.125.68.0-255,1484,35056,76,345026
7983,0.000318,172.31.40.0-255,66,35122,76,345026
7984,0.000323,74.125.68.0-255,2902,38024,76,345026
7985,0.000325,172.31.40.0-255,66,38090,76,345026
7986,0.00035,74.125.68.0-255,5738,43828,76,345026
7987,0.000353,172.31.40.0-255,66,43894,76,345026
7988,0.000384,74.125.68.0-255,7156,51050,76,345026
7989,0.000386,172.31.40.0-255,66,51116,76,345026
7990,0.000405,74.125.68.0-255,1484,52600,76,345026
7991,0.00043,74.125.68.0-255,5020,57620,76,345026
7992,0.000433,172.31.40.0-255,66,57686,76,345026
7993,0.000447,74.125.68.0-255,398,58084,76,345026
7994,0.000479,74.125.68.0-255,111,58195,76,345026
7995,0.000541,74.125.68.0-255,1484,59679,76,345026
7996,0.000545,172.31.40.0-255,66,59745,76,345026
7997,0.000551,74.125.68.0-255,2902,62647,76,345026
7998,0.000554,172.31.40.0-255,66,62713,76,345026
7999,0.000557,74.125.68.0-255,1484,64197,76,345026
8000,0.000582,74.125.68.0-255,2902,67099,76,345026
8001,0.000585,172.31.40.0-255,66,67165,76,345026
8002,0.000591,74.125.68.0-255,5738,72903,76,345026
8003,0.000593,172.31.40.0-255,66,72969,76,345026
8004,0.000637,172.31.40.0-255,66,73035,76,345026
8005,0.000683,74.125.68.0-255,5738,78773,76,345026
8006,0.000686,172.31.40.0-255,66,78839,76,345026
8007,0.000723,74.125.68.0-255,2184,81023,76,345026
8008,0.000726,172.31.40.0-255,66,81089,76,345026
8009,0.000818,74.125.68.0-255,331,81420,76,345026
8010,0.000856,74.125.68.0-255,1484,82904,76,345026
8011,0.000861,172.31.40.0-255,66,82970,76,345026
8012,0.00093,74.125.68.0-255,1484,84454,76,345026
8013,0.000936,74.125.68.0-255,2902,87356,76,345026
8014,0.000939,172.31.40.0-255,66,87422,76,345026
8015,0.000963,74.125.68.0-255,5738,93160,76,345026
8016,0.000965,172.31.40.0-255,66,93226,76,345026
8017,0.000968,74.125.68.0-255,1484,94710,76,345026
8018,0.001003,74.125.68.0-255,2902,97612,76,345026
8019,0.001006,172.31.40.0-255,66,97678,76,345026
8020,0.001027,74.125.68.0-255,4320,101998,76,345026
8021,0.00103,172.31.40.0-255,66,102064,76,345026
8022,0.001067,74.125.68.0-255,5738,107802,76,345026
8023,0.001071,172.31.40.0-255,66,107868,76,345026
8024,0.001097,74.125.68.0-255,7156,115024,76,345026
8025,0.0011,172.31.40.0-255,66,115090,76,345026
8026,0.001103,74.125.68.0-255,766,115856,76,345026
8027,0.00121,74.125.68.0-255,1484,117340,76,345026
8028,0.001214,172.31.40.0-255,66,117406,76,345026
8029,0.001254,74.125.68.0-255,2902,120308,76,345026
8030,0.001257,172.31.40.0-255,66,120374,76,345026
8031,0.001278,74.125.68.0-255,4320,124694,76,345026
8032,0.001281,172.31.40.0-255,66,124760,76,345026
8033,0.001286,74.125.68.0-255,2902,127662,76,345026
8034,0.001288,172.31.40.0-255,66,127728,76,345026
8035,0.001304,74.125.68.0-255,2902,130630,76,345026
8036,0.001307,172.31.40.0-255,66,130696,76,345026
8037,0.001323,74.125.68.0-255,5738,136434,76,345026
8038,0.001326,172.31.40.0-255,66,136500,76,345026
8039,0.001341,74.125.68.0-255,5738,142238,76,345026
8040,0.001343,172.31.40.0-255,66,142304,76,345026
8041,0.001348,74.125.68.0-255,2902,145206,76,345026
8042,0.00135,172.31.40.0-255,66,145272,76,345026
8043,0.001388,74.125.68.0-255,2902,148174,76,345026
8044,0.001392,172.31.40.0-255,66,148240,76,345026
8045,0.001409,74.125.68.0-255,2184,150424,76,345026
8046,0.001411,172.31.40.0-255,66,150490,76,345026
8047,0.001929,74.125.68.0-255,1484,151974,76,345026
8048,0.001942,74.125.68.0-255,1484,153458,76,345026
8049,0.001945,172.31.40.0-255,66,153524,76,345026
8050,0.001961,74.125.68.0-255,1484,155008,76,345026
8051,0.002004,74.125.68.0-255,4320,159328,76,345026
8052,0.002007,172.31.40.0-255,66,159394,76,345026
8053,0.002017,74.125.68.0-255,1484,160878,76,345026
8054,0.002021,74.125.68.0-255,2902,163780,76,345026
8055,0.002024,172.31.40.0-255,66,163846,76,345026
8056,0.00203,74.125.68.0-255,4320,168166,76,345026
8057,0.002032,172.31.40.0-255,66,168232,76,345026
8058,0.002043,172.31.40.0-255,66,168298,76,345026
8059,0.002049,74.125.68.0-255,5738,174036,76,345026
8060,0.002052,172.31.40.0-255,66,174102,76,345026
8061,0.002083,74.125.68.0-255,5738,179840,76,345026
8062,0.002086,172.31.40.0-255,66,179906,76,345026
8063,0.002099,74.125.68.0-255,766,180672,76,345026
8064,0.002104,74.125.68.0-255,4320,184992,76,345026
8065,0.002106,172.31.40.0-255,66,185058,76,345026
8066,0.002113,74.125.68.0-255,5738,190796,76,345026
8067,0.002115,172.31.40.0-255,66,190862,76,345026
8068,0.002153,172.31.40.0-255,66,190928,76,345026
8069,0.002158,74.125.68.0-255,4320,195248,76,345026
8070,0.002161,172.31.40.0-255,66,195314,76,345026
8071,0.002189,74.125.68.0-255,1484,196798,76,345026
8072,0.00221,172.31.40.0-255,66,196864,76,345026
8073,0.002214,74.125.68.0-255,1484,198348,76,345026
8074,0.002246,172.31.40.0-255,66,198414,76,345026
8075,0.002257,172.31.40.0-255,66,198480,76,345026
8076,0.002292,74.125.68.0-255,7156,205636,76,345026
8077,0.002295,172.31.40.0-255,66,205702,76,345026
8078,0.00231,74.125.68.0-255,2184,207886,76,345026
8079,0.002313,172.31.40.0-255,66,207952,76,345026
8080,0.002317,74.125.68.0-255,2902,210854,76,345026
8081,0.002319,172.31.40.0-255,66,210920,76,345026
8082,0.002345,74.125.68.0-255,7156,218076,76,345026
8083,0.002347,172.31.40.0-255,66,218142,76,345026
8084,0.002368,74.125.68.0-255,7156,225298,76,345026
8085,0.002371,172.31.40.0-255,66,225364,76,345026
8086,0.002376,74.125.68.0-255,4320,229684,76,345026
8087,0.002378,172.31.40.0-255,66,229750,76,345026
8088,0.002384,74.125.68.0-255,5738,235488,76,345026
8089,0.002387,172.31.40.0-255,66,235554,76,345026
8090,0.002408,74.125.68.0-255,2902,238456,76,345026
8091,0.00241,172.31.40.0-255,66,238522,76,345026
8092,0.002413,74.125.68.0-255,766,239288,76,345026
8093,0.002418,74.125.68.0-255,2902,242190,76,345026
8094,0.002421,172.31.40.0-255,66,242256,76,345026
8095,0.002447,74.125.68.0-255,4320,246576,76,345026
8096,0.002451,172.31.40.0-255,66,246642,76,345026
8097,0.002455,74.125.68.0-255,2902,249544,76,345026
8098,0.002457,172.31.40.0-255,66,249610,76,345026
8099,0.00246,74.125.68.0-255,1484,251094,76,345026
8100,0.002462,74.125.68.0-255,1484,252578,76,345026
8101,0.002464,172.31.40.0-255,66,252644,76,345026
8102,0.002467,74.125.68.0-255,1484,254128,76,345026
8103,0.002471,74.125.68.0-255,2902,257030,76,345026
8104,0.002475,172.31.40.0-255,66,257096,76,345026
8105,0.002498,74.125.68.0-255,2902,259998,76,345026
8106,0.002502,74.125.68.0-255,1484,261482,76,345026
8107,0.002505,74.125.68.0-255,1484,262966,76,345026
8108,0.002511,74.125.68.0-255,5738,268704,76,345026
8109,0.002524,74.125.68.0-255,1484,270188,76,345026
8110,0.00253,74.125.68.0-255,3602,273790,76,345026
8111,0.002563,74.125.68.0-255,5738,279528,76,345026
8112,0.00258,74.125.68.0-255,4320,283848,76,345026
8113,0.002585,74.125.68.0-255,4320,288168,76,345026
8114,0.002621,74.125.68.0-255,1484,289652,76,345026
8115,0.002626,74.125.68.0-255,4320,293972,76,345026
8116,0.00268,74.125.68.0-255,1484,295456,76,345026
8117,0.002684,74.125.68.0-255,1484,296940,76,345026
8118,0.002686,74.125.68.0-255,766,297706,76,345026
8119,0.002705,74.125.68.0-255,1484,299190,76,345026
8120,0.002708,74.125.68.0-255,1484,300674,76,345026
8121,0.002735,74.125.68.0-255,4320,304994,76,345026
8122,0.00274,74.125.68.0-255,4320,309314,76,345026
8123,0.002763,74.125.68.0-255,5738,315052,76,345026
8124,0.002779,74.125.68.0-255,1484,316536,76,345026
8125,0.002784,74.125.68.0-255,2902,319438,76,345026
8126,0.002789,74.125.68.0-255,4320,323758,76,345026
8127,0.002807,74.125.68.0-255,7156,330914,76,345026
8128,0.002812,74.125.68.0-255,2184,333098,76,345026
8129,0.002816,74.125.68.0-255,2902,336000,76,345026
8130,0.002865,74.125.68.0-255,4382,340382,76,345026
8131,0.002891,74.125.68.0-255,105,340487,76,345026
8132,0.008348,172.31.40.0-255,66,340553,76,345026
8133,0.010746,172.31.40.0-255,105,340658,76,345026
8134,0.013043,74.125.68.0-255,66,340724,76,345026
8135,0.034088,172.31.40.0-255,172,340896,76,345026
8136,0.034125,172.31.40.0-255,1109,342005,76,345026
8137,0.034186,172.31.40.0-255,1514,343519,76,345026
8138,0.034188,172.31.40.0-255,1309,344828,76,345026
8139,0.035646,104.244.42.0-255,66,344894,76,345026
8140,0.035819,104.244.42.0-255,66,344960,76,345026
8141,0.035847,104.244.42.0-255,66,345026,76,345026
8142,0.0,172.217.26.0-255,146,146,76,245502
8143,1.5e-05,172.31.40.0-255,66,212,76,245502
8144,3.2e-05,172.217.26.0-255,1484,1696,76,245502
8145,3.7e-05,172.31.40.0-255,66,1762,76,245502
8146,4.1e-05,172.217.26.0-255,1484,3246,76,245502
8147,4.4e-05,172.31.40.0-255,66,3312,76,245502
8148,5e-05,172.217.26.0-255,2902,6214,76,245502
8149,5.3e-05,172.31.40.0-255,66,6280,76,245502
8150,8.2e-05,172.217.26.0-255,5738,12018,76,245502
8151,8.4e-05,172.31.40.0-255,66,12084,76,245502
8152,8.9e-05,172.217.26.0-255,2020,14104,76,245502
8153,9.1e-05,172.31.40.0-255,66,14170,76,245502
8154,0.000124,172.217.26.0-255,2902,17072,76,245502
8155,0.000127,172.31.40.0-255,66,17138,76,245502
8156,0.000131,172.217.26.0-255,2902,20040,76,245502
8157,0.000133,172.31.40.0-255,66,20106,76,245502
8158,0.000169,172.217.26.0-255,1484,21590,76,245502
8159,0.000173,172.31.40.0-255,66,21656,76,245502
8160,0.000187,172.217.26.0-255,2902,24558,76,245502
8161,0.000189,172.31.40.0-255,66,24624,76,245502
8162,0.000195,172.217.26.0-255,4320,28944,76,245502
8163,0.000197,172.31.40.0-255,66,29010,76,245502
8164,0.000239,172.217.26.0-255,2543,31553,76,245502
8165,0.000241,172.31.40.0-255,66,31619,76,245502
8166,0.00032,172.217.26.0-255,1484,33103,76,245502
8167,0.000324,172.31.40.0-255,66,33169,76,245502
8168,0.000328,172.217.26.0-255,1484,34653,76,245502
8169,0.00033,172.31.40.0-255,66,34719,76,245502
8170,0.000353,172.217.26.0-255,1484,36203,76,245502
8171,0.000355,172.31.40.0-255,66,36269,76,245502
8172,0.00036,172.217.26.0-255,2902,39171,76,245502
8173,0.000363,172.31.40.0-255,66,39237,76,245502
8174,0.000368,172.217.26.0-255,4320,43557,76,245502
8175,0.00037,172.31.40.0-255,66,43623,76,245502
8176,0.000377,172.217.26.0-255,4320,47943,76,245502
8177,0.000379,172.31.40.0-255,66,48009,76,245502
8178,0.000402,172.217.26.0-255,5379,53388,76,245502
8179,0.000405,172.31.40.0-255,66,53454,76,245502
8180,0.000417,172.31.40.0-255,66,53520,76,245502
8181,0.000431,172.217.26.0-255,2543,56063,76,245502
8182,0.000433,172.31.40.0-255,66,56129,76,245502
8183,0.000436,172.217.26.0-255,357,56486,76,245502
8184,0.001003,172.217.26.0-255,386,56872,76,245502
8185,0.001081,172.31.40.0-255,66,56938,76,245502
8186,0.001169,172.217.26.0-255,1484,58422,76,245502
8187,0.001176,172.217.26.0-255,2902,61324,76,245502
8188,0.00118,172.31.40.0-255,66,61390,76,245502
8189,0.001202,172.217.26.0-255,5738,67128,76,245502
8190,0.001205,172.31.40.0-255,66,67194,76,245502
8191,0.001208,172.217.26.0-255,1484,68678,76,245502
8192,0.001226,172.217.26.0-255,2902,71580,76,245502
8193,0.001229,172.31.40.0-255,66,71646,76,245502
8194,0.001255,172.217.26.0-255,2543,74189,76,245502
8195,0.001257,172.31.40.0-255,66,74255,76,245502
8196,0.001309,172.217.26.0-255,1484,75739,76,245502
8197,0.001314,172.217.26.0-255,2902,78641,76,245502
8198,0.001317,172.31.40.0-255,66,78707,76,245502
8199,0.001344,172.217.26.0-255,5738,84445,76,245502
8200,0.001346,172.31.40.0-255,66,84511,76,245502
8201,0.00136,172.217.26.0-255,2902,87413,76,245502
8202,0.001363,172.31.40.0-255,66,87479,76,245502
8203,0.001387,172.217.26.0-255,3961,91440,76,245502
8204,0.001389,172.31.40.0-255,66,91506,76,245502
8205,0.001763,172.217.26.0-255,1484,92990,76,245502
8206,0.001771,172.217.26.0-255,2902,95892,76,245502
8207,0.001775,172.31.40.0-255,66,95958,76,245502
8208,0.001782,172.217.26.0-255,5738,101696,76,245502
8209,0.001784,172.31.40.0-255,66,101762,76,245502
8210,0.001844,172.31.40.0-255,66,101828,76,245502
8211,0.001855,172.31.40.0-255,66,101894,76,245502
8212,0.001857,172.217.26.0-255,766,102660,76,245502
8213,0.002142,172.31.40.0-255,66,102726,76,245502
8214,0.003834,172.217.26.0-255,4320,107046,76,245502
8215,0.00384,172.31.40.0-255,66,107112,76,245502
8216,0.004111,172.217.26.0-255,1484,108596,76,245502
8217,0.005818,172.217.26.0-255,4320,112916,76,245502
8218,0.005823,172.31.40.0-255,66,112982,76,245502
8219,0.007812,172.217.26.0-255,5738,118720,76,245502
8220,0.007819,172.31.40.0-255,66,118786,76,245502
8221,0.009815,172.217.26.0-255,5738,124524,76,245502
8222,0.009822,172.31.40.0-255,66,124590,76,245502
8223,0.011813,172.217.26.0-255,5738,130328,76,245502
8224,0.011822,172.31.40.0-255,66,130394,76,245502
8225,0.013817,172.217.26.0-255,5738,136132,76,245502
8226,0.013824,172.31.40.0-255,66,136198,76,245502
8227,0.015825,172.217.26.0-255,5738,141936,76,245502
8228,0.015833,172.31.40.0-255,66,142002,76,245502
8229,0.017819,172.217.26.0-255,5738,147740,76,245502
8230,0.017826,172.31.40.0-255,66,147806,76,245502
8231,0.019817,172.217.26.0-255,5738,153544,76,245502
8232,0.019825,172.31.40.0-255,66,153610,76,245502
8233,0.021812,172.217.26.0-255,5738,159348,76,245502
8234,0.021818,172.31.40.0-255,66,159414,76,245502
8235,0.0238,172.217.26.0-255,5738,165152,76,245502
8236,0.023807,172.31.40.0-255,66,165218,76,245502
8237,0.025794,172.217.26.0-255,5738,170956,76,245502
8238,0.025802,172.31.40.0-255,66,171022,76,245502
8239,0.027782,172.217.26.0-255,2902,173924,76,245502
8240,0.027789,172.31.40.0-255,66,173990,76,245502
8241,0.02781,172.217.26.0-255,2902,176892,76,245502
8242,0.027813,172.31.40.0-255,66,176958,76,245502
8243,0.02978,172.217.26.0-255,2902,179860,76,245502
8244,0.029788,172.31.40.0-255,66,179926,76,245502
8245,0.029807,172.217.26.0-255,2902,182828,76,245502
8246,0.02981,172.31.40.0-255,66,182894,76,245502
8247,0.029892,172.31.40.0-255,176,183070,76,245502
8248,0.02992,172.31.40.0-255,1108,184178,76,245502
8249,0.029982,172.31.40.0-255,1514,185692,76,245502
8250,0.029984,172.31.40.0-255,1308,187000,76,245502
8251,0.031431,104.244.42.0-255,66,187066,76,245502
8252,0.031459,104.244.42.0-255,66,187132,76,245502
8253,0.031514,104.244.42.0-255,66,187198,76,245502
8254,0.031771,172.217.26.0-255,2902,190100,76,245502
8255,0.031776,172.31.40.0-255,66,190166,76,245502
8256,0.031797,172.217.26.0-255,2902,193068,76,245502
8257,0.031799,172.31.40.0-255,66,193134,76,245502
8258,0.033788,172.217.26.0-255,2902,196036,76,245502
8259,0.033794,172.31.40.0-255,66,196102,76,245502
8260,0.033815,172.217.26.0-255,2902,199004,76,245502
8261,0.033817,172.31.40.0-255,66,199070,76,245502
8262,0.035789,172.217.26.0-255,5738,204808,76,245502
8263,0.035797,172.31.40.0-255,66,204874,76,245502
8264,0.03779,172.217.26.0-255,5738,210612,76,245502
8265,0.037796,172.31.40.0-255,66,210678,76,245502
8266,0.03979,172.217.26.0-255,5738,216416,76,245502
8267,0.039796,172.31.40.0-255,66,216482,76,245502
8268,0.041794,172.217.26.0-255,5738,222220,76,245502
8269,0.041804,172.31.40.0-255,66,222286,76,245502
8270,0.043796,172.217.26.0-255,5738,228024,76,245502
8271,0.043802,172.31.40.0-255,66,228090,76,245502
8272,0.045797,172.217.26.0-255,5738,233828,76,245502
8273,0.045804,172.31.40.0-255,66,233894,76,245502
8274,0.047822,172.217.26.0-255,5738,239632,76,245502
8275,0.047828,172.31.40.0-255,66,239698,76,245502
8276,0.049823,172.217.26.0-255,5738,245436,76,245502
8277,0.049829,172.31.40.0-255,66,245502,76,245502
8278,0.0,74.125.24.0-255,152,152,76,185019
8279,1.5e-05,172.31.40.0-255,66,218,76,185019
8280,2.2e-05,74.125.24.0-255,1484,1702,76,185019
8281,2.5e-05,172.31.40.0-255,66,1768,76,185019
8282,3e-05,74.125.24.0-255,2902,4670,76,185019
8283,3.3e-05,172.31.40.0-255,66,4736,76,185019
8284,6.7e-05,74.125.24.0-255,7156,11892,76,185019
8285,7.1e-05,172.31.40.0-255,66,11958,76,185019
8286,7.4e-05,74.125.24.0-255,1484,13442,76,185019
8287,7.6e-05,172.31.40.0-255,66,13508,76,185019
8288,8e-05,74.125.24.0-255,1484,14992,76,185019
8289,8.2e-05,172.31.40.0-255,66,15058,76,185019
8290,0.000105,172.31.40.0-255,66,15124,76,185019
8291,0.000108,74.125.24.0-255,1484,16608,76,185019
8292,0.00011,172.31.40.0-255,66,16674,76,185019
8293,0.000133,74.125.24.0-255,2902,19576,76,185019
8294,0.000136,172.31.40.0-255,66,19642,76,185019
8295,0.000153,74.125.24.0-255,2543,22185,76,185019
8296,0.000155,172.31.40.0-255,66,22251,76,185019
8297,0.000873,74.125.24.0-255,1484,23735,76,185019
8298,0.00088,172.31.40.0-255,66,23801,76,185019
8299,0.000889,74.125.24.0-255,2902,26703,76,185019
8300,0.000891,172.31.40.0-255,66,26769,76,185019
8301,0.000899,74.125.24.0-255,5738,32507,76,185019
8302,0.0009,172.31.40.0-255,66,32573,76,185019
8303,0.000903,74.125.24.0-255,1484,34057,76,185019
8304,0.000905,172.31.40.0-255,66,34123,76,185019
8305,0.00095,172.31.40.0-255,66,34189,76,185019
8306,0.00096,172.31.40.0-255,66,34255,76,185019
8307,0.000965,74.125.24.0-255,2184,36439,76,185019
8308,0.000968,172.31.40.0-255,66,36505,76,185019
8309,0.001036,74.125.24.0-255,645,37150,76,185019
8310,0.001134,74.125.24.0-255,1484,38634,76,185019
8311,0.001141,172.31.40.0-255,66,38700,76,185019
8312,0.001147,74.125.24.0-255,2902,41602,76,185019
8313,0.001149,172.31.40.0-255,66,41668,76,185019
8314,0.001155,74.125.24.0-255,5738,47406,76,185019
8315,0.001158,172.31.40.0-255,66,47472,76,185019
8316,0.001192,172.31.40.0-255,66,47538,76,185019
8317,0.001203,172.31.40.0-255,66,47604,76,185019
8318,0.001257,74.125.24.0-255,2184,49788,76,185019
8319,0.00126,172.31.40.0-255,66,49854,76,185019
8320,0.001813,74.125.24.0-255,1484,51338,76,185019
8321,0.001819,74.125.24.0-255,1484,52822,76,185019
8322,0.001824,172.31.40.0-255,66,52888,76,185019
8323,0.00184,74.125.24.0-255,1484,54372,76,185019
8324,0.001847,74.125.24.0-255,4320,58692,76,185019
8325,0.00185,172.31.40.0-255,66,58758,76,185019
8326,0.001882,172.31.40.0-255,66,58824,76,185019
8327,0.0019,74.125.24.0-255,2902,61726,76,185019
8328,0.001903,172.31.40.0-255,66,61792,76,185019
8329,0.001935,172.31.40.0-255,66,61858,76,185019
8330,0.001952,74.125.24.0-255,2184,64042,76,185019
8331,0.001954,172.31.40.0-255,66,64108,76,185019
8332,0.002076,74.125.24.0-255,1484,65592,76,185019
8333,0.002095,74.125.24.0-255,2902,68494,76,185019
8334,0.002097,172.31.40.0-255,66,68560,76,185019
8335,0.002104,74.125.24.0-255,5738,74298,76,185019
8336,0.002106,172.31.40.0-255,66,74364,76,185019
8337,0.002133,172.31.40.0-255,66,74430,76,185019
8338,0.002162,74.125.24.0-255,2902,77332,76,185019
8339,0.002164,172.31.40.0-255,66,77398,76,185019
8340,0.002176,172.31.40.0-255,66,77464,76,185019
8341,0.004687,74.125.24.0-255,2902,80366,76,185019
8342,0.004692,172.31.40.0-255,66,80432,76,185019
8343,0.004714,74.125.24.0-255,2902,83334,76,185019
8344,0.004716,172.31.40.0-255,66,83400,76,185019
8345,0.007227,74.125.24.0-255,5738,89138,76,185019
8346,0.007234,172.31.40.0-255,66,89204,76,185019
8347,0.00978,74.125.24.0-255,5738,94942,76,185019
8348,0.009789,172.31.40.0-255,66,95008,76,185019
8349,0.012328,74.125.24.0-255,5738,100746,76,185019
8350,0.012338,172.31.40.0-255,66,100812,76,185019
8351,0.014857,74.125.24.0-255,5738,106550,76,185019
8352,0.014864,172.31.40.0-255,66,106616,76,185019
8353,0.017417,74.125.24.0-255,5738,112354,76,185019
8354,0.017429,172.31.40.0-255,66,112420,76,185019
8355,0.019962,74.125.24.0-255,5738,118158,76,185019
8356,0.019974,172.31.40.0-255,66,118224,76,185019
8357,0.022517,74.125.24.0-255,5738,123962,76,185019
8358,0.022529,172.31.40.0-255,66,124028,76,185019
8359,0.024986,172.31.40.0-255,175,124203,76,185019
8360,0.025034,172.31.40.0-255,1134,125337,76,185019
8361,0.02505,74.125.24.0-255,4320,129657,76,185019
8362,0.025058,172.31.40.0-255,66,129723,76,185019
8363,0.02507,74.125.24.0-255,1484,131207,76,185019
8364,0.025203,172.31.40.0-255,1514,132721,76,185019
8365,0.025205,172.31.40.0-255,1282,134003,76,185019
8366,0.026539,104.244.42.0-255,66,134069,76,185019
8367,0.026579,104.244.42.0-255,66,134135,76,185019
8368,0.02679,104.244.42.0-255,66,134201,76,185019
8369,0.027602,74.125.24.0-255,4320,138521,76,185019
8370,0.027609,172.31.40.0-255,66,138587,76,185019
8371,0.030131,74.125.24.0-255,5738,144325,76,185019
8372,0.030138,172.31.40.0-255,66,144391,76,185019
8373,0.032662,74.125.24.0-255,5738,150129,76,185019
8374,0.03267,172.31.40.0-255,66,150195,76,185019
8375,0.035196,74.125.24.0-255,5738,155933,76,185019
8376,0.035203,172.31.40.0-255,66,155999,76,185019
8377,0.03773,74.125.24.0-255,5738,161737,76,185019
8378,0.037737,172.31.40.0-255,66,161803,76,185019
8379,0.040312,74.125.24.0-255,5738,167541,76,185019
8380,0.040336,172.31.40.0-255,66,167607,76,185019
8381,0.042905,74.125.24.0-255,5738,173345,76,185019
8382,0.042922,172.31.40.0-255,66,173411,76,185019
8383,0.045503,74.125.24.0-255,5738,179149,76,185019
8384,0.04552,172.31.40.0-255,66,179215,76,185019
8385,0.048062,74.125.24.0-255,5738,184953,76,185019
8386,0.04808,172.31.40.0-255,66,185019,76,185019
8387,0.0,74.125.24.0-255,153,153,76,143082
8388,1.8e-05,172.31.40.0-255,66,219,76,143082
8389,2.4e-05,74.125.24.0-255,1484,1703,76,143082
8390,2.8e-05,172.31.40.0-255,66,1769,76,143082
8391,3.3e-05,74.125.24.0-255,2902,4671,76,143082
8392,3.6e-05,172.31.40.0-255,66,4737,76,143082
8393,6.8e-05,74.125.24.0-255,7156,11893,76,143082
8394,7.1e-05,172.31.40.0-255,66,11959,76,143082
8395,0.000126,74.125.24.0-255,2041,14000,76,143082
8396,0.000129,172.31.40.0-255,66,14066,76,143082
8397,0.000182,74.125.24.0-255,1484,15550,76,143082
8398,0.000186,172.31.40.0-255,66,15616,76,143082
8399,0.00019,74.125.24.0-255,2902,18518,76,143082
8400,0.000193,172.31.40.0-255,66,18584,76,143082
8401,0.000218,74.125.24.0-255,1484,20068,76,143082
8402,0.00022,172.31.40.0-255,66,20134,76,143082
8403,0.000236,74.125.24.0-255,4320,24454,76,143082
8404,0.000239,172.31.40.0-255,66,24520,76,143082
8405,0.00025,74.125.24.0-255,1484,26004,76,143082
8406,0.000252,172.31.40.0-255,66,26070,76,143082
8407,0.000299,74.125.24.0-255,5379,31449,76,143082
8408,0.000303,172.31.40.0-255,66,31515,76,143082
8409,0.000397,74.125.24.0-255,5738,37253,76,143082
8410,0.000403,172.31.40.0-255,66,37319,76,143082
8411,0.000457,172.31.40.0-255,66,37385,76,143082
8412,0.000563,74.125.24.0-255,5738,43123,76,143082
8413,0.000568,172.31.40.0-255,66,43189,76,143082
8414,0.000603,172.31.40.0-255,66,43255,76,143082
8415,0.000748,74.125.24.0-255,357,43612,76,143082
8416,0.000752,172.31.40.0-255,66,43678,76,143082
8417,0.00078,74.125.24.0-255,132,43810,76,143082
8418,0.000886,74.125.24.0-255,1484,45294,76,143082
8419,0.00089,172.31.40.0-255,66,45360,76,143082
8420,0.000903,74.125.24.0-255,2902,48262,76,143082
8421,0.000907,172.31.40.0-255,66,48328,76,143082
8422,0.000911,74.125.24.0-255,1484,49812,76,143082
8423,0.000937,74.125.24.0-255,4320,54132,76,143082
8424,0.00094,172.31.40.0-255,66,54198,76,143082
8425,0.000959,74.125.24.0-255,1484,55682,76,143082
8426,0.001009,74.125.24.0-255,7156,62838,76,143082
8427,0.001012,172.31.40.0-255,66,62904,76,143082
8428,0.001027,74.125.24.0-255,3961,66865,76,143082
8429,0.001029,172.31.40.0-255,66,66931,76,143082
8430,0.001145,172.31.40.0-255,66,66997,76,143082
8431,0.001738,74.125.24.0-255,1484,68481,76,143082
8432,0.001748,74.125.24.0-255,2902,71383,76,143082
8433,0.001752,172.31.40.0-255,66,71449,76,143082
8434,0.001773,74.125.24.0-255,2902,74351,76,143082
8435,0.001776,172.31.40.0-255,66,74417,76,143082
8436,0.001796,74.125.24.0-255,2902,77319,76,143082
8437,0.001799,172.31.40.0-255,66,77385,76,143082
8438,0.001843,74.125.24.0-255,7156,84541,76,143082
8439,0.001846,172.31.40.0-255,66,84607,76,143082
8440,0.001866,74.125.24.0-255,2902,87509,76,143082
8441,0.001868,172.31.40.0-255,66,87575,76,143082
8442,0.00196,74.125.24.0-255,5738,93313,76,143082
8443,0.001964,172.31.40.0-255,66,93379,76,143082
8444,0.001987,172.31.40.0-255,66,93445,76,143082
8445,0.00212,74.125.24.0-255,5738,99183,76,143082
8446,0.002125,172.31.40.0-255,66,99249,76,143082
8447,0.002156,172.31.40.0-255,66,99315,76,143082
8448,0.002314,74.125.24.0-255,7156,106471,76,143082
8449,0.002319,172.31.40.0-255,66,106537,76,143082
8450,0.002355,172.31.40.0-255,66,106603,76,143082
8451,0.002563,74.125.24.0-255,2902,109505,76,143082
8452,0.002565,172.31.40.0-255,66,109571,76,143082
8453,0.003035,74.125.24.0-255,2902,112473,76,143082
8454,0.003065,74.125.24.0-255,1484,113957,76,143082
8455,0.003084,74.125.24.0-255,2902,116859,76,143082
8456,0.003097,74.125.24.0-255,5738,122597,76,143082
8457,0.003111,74.125.24.0-255,4320,126917,76,143082
8458,0.003229,74.125.24.0-255,4320,131237,76,143082
8459,0.003422,74.125.24.0-255,1484,132721,76,143082
8460,0.003446,74.125.24.0-255,5738,138459,76,143082
8461,0.003515,74.125.24.0-255,1484,139943,76,143082
8462,0.003536,74.125.24.0-255,2902,142845,76,143082
8463,0.008728,172.31.40.0-255,66,142911,76,143082
8464,0.011279,172.31.40.0-255,105,143016,76,143082
8465,0.013305,74.125.24.0-255,66,143082,76,143082
8466,0.0,172.217.194.0-255,156,156,76,239920
8467,2.3e-05,172.31.40.0-255,66,222,76,239920
8468,3e-05,172.217.194.0-255,1484,1706,76,239920
8469,3.5e-05,172.31.40.0-255,66,1772,76,239920
8470,3.8e-05,172.217.194.0-255,1484,3256,76,239920
8471,4.1e-05,172.31.40.0-255,66,3322,76,239920
8472,4.9e-05,172.217.194.0-255,4320,7642,76,239920
8473,5.1e-05,172.31.40.0-255,66,7708,76,239920
8474,7.4e-05,172.217.194.0-255,5738,13446,76,239920
8475,7.7e-05,172.31.40.0-255,66,13512,76,239920
8476,0.000114,172.217.194.0-255,4829,18341,76,239920
8477,0.000116,172.31.40.0-255,66,18407,76,239920
8478,0.000129,172.31.40.0-255,66,18473,76,239920
8479,0.000132,172.217.194.0-255,1125,19598,76,239920
8480,0.000134,172.31.40.0-255,66,19664,76,239920
8481,0.000191,172.217.194.0-255,1484,21148,76,239920
8482,0.000194,172.31.40.0-255,66,21214,76,239920
8483,0.000207,172.217.194.0-255,2902,24116,76,239920
8484,0.000209,172.31.40.0-255,66,24182,76,239920
8485,0.000236,172.217.194.0-255,5738,29920,76,239920
8486,0.000238,172.31.40.0-255,66,29986,76,239920
8487,0.000244,172.217.194.0-255,5738,35724,76,239920
8488,0.000247,172.31.40.0-255,66,35790,76,239920
8489,0.000254,172.217.194.0-255,7156,42946,76,239920
8490,0.000256,172.31.40.0-255,66,43012,76,239920
8491,0.00029,172.217.194.0-255,5738,48750,76,239920
8492,0.000293,172.31.40.0-255,66,48816,76,239920
8493,0.000299,172.217.194.0-255,5333,54149,76,239920
8494,0.000301,172.31.40.0-255,66,54215,76,239920
8495,0.000304,172.217.194.0-255,365,54580,76,239920
8496,0.000306,172.31.40.0-255,66,54646,76,239920
8497,0.00043,172.217.194.0-255,1484,56130,76,239920
8498,0.000436,172.217.194.0-255,1484,57614,76,239920
8499,0.000448,172.217.194.0-255,1484,59098,76,239920
8500,0.000455,172.217.194.0-255,5738,64836,76,239920
8501,0.000483,172.217.194.0-255,7156,71992,76,239920
8502,0.000501,172.217.194.0-255,5738,77730,76,239920
8503,0.000509,172.217.194.0-255,7156,84886,76,239920
8504,0.00054,172.217.194.0-255,3602,88488,76,239920
8505,0.000551,172.31.40.0-255,66,88554,76,239920
8506,0.0006,172.217.194.0-255,1484,90038,76,239920
8507,0.000605,172.217.194.0-255,2902,92940,76,239920
8508,0.000609,172.217.194.0-255,2902,95842,76,239920
8509,0.000622,172.217.194.0-255,2902,98744,76,239920
8510,0.000634,172.31.40.0-255,66,98810,76,239920
8511,0.000675,172.31.40.0-255,66,98876,76,239920
8512,0.000699,172.217.194.0-255,3052,101928,76,239920
8513,0.000704,172.217.194.0-255,4320,106248,76,239920
8514,0.000719,172.31.40.0-255,66,106314,76,239920
8515,0.000732,172.217.194.0-255,7156,113470,76,239920
8516,0.000751,172.217.194.0-255,2902,116372,76,239920
8517,0.000754,172.217.194.0-255,1484,117856,76,239920
8518,0.000764,172.31.40.0-255,66,117922,76,239920
8519,0.000797,172.217.194.0-255,766,118688,76,239920
8520,0.000801,172.31.40.0-255,66,118754,76,239920
8521,0.000863,172.217.194.0-255,1484,120238,76,239920
8522,0.000868,172.217.194.0-255,2902,123140,76,239920
8523,0.000884,172.217.194.0-255,5738,128878,76,239920
8524,0.00089,172.31.40.0-255,66,128944,76,239920
8525,0.000901,172.217.194.0-255,4320,133264,76,239920
8526,0.000913,172.217.194.0-255,4320,137584,76,239920
8527,0.000933,172.31.40.0-255,66,137650,76,239920
8528,0.000988,172.31.40.0-255,66,137716,76,239920
8529,0.001099,172.217.194.0-255,1484,139200,76,239920
8530,0.001135,172.217.194.0-255,2902,142102,76,239920
8531,0.001161,172.217.194.0-255,5738,147840,76,239920
8532,0.001177,172.31.40.0-255,66,147906,76,239920
8533,0.001229,172.31.40.0-255,66,147972,76,239920
8534,0.001261,172.217.194.0-255,4320,152292,76,239920
8535,0.001268,172.31.40.0-255,66,152358,76,239920
8536,0.001288,172.217.194.0-255,4320,156678,76,239920
8537,0.001296,172.217.194.0-255,7156,163834,76,239920
8538,0.001302,172.31.40.0-255,66,163900,76,239920
8539,0.001311,172.217.194.0-255,2902,166802,76,239920
8540,0.001321,172.217.194.0-255,4320,171122,76,239920
8541,0.001327,172.31.40.0-255,66,171188,76,239920
8542,0.00134,172.217.194.0-255,5738,176926,76,239920
8543,0.001356,172.217.194.0-255,1484,178410,76,239920
8544,0.001371,172.217.194.0-255,3602,182012,76,239920
8545,0.001379,172.31.40.0-255,66,182078,76,239920
8546,0.001416,172.217.194.0-255,4320,186398,76,239920
8547,0.001423,172.217.194.0-255,5738,192136,76,239920
8548,0.001429,172.31.40.0-255,66,192202,76,239920
8549,0.001458,172.217.194.0-255,2902,195104,76,239920
8550,0.001462,172.217.194.0-255,2902,198006,76,239920
8551,0.001478,172.31.40.0-255,66,198072,76,239920
8552,0.001499,172.31.40.0-255,66,198138,76,239920
8553,0.001508,172.217.194.0-255,2902,201040,76,239920
8554,0.001522,172.217.194.0-255,4320,205360,76,239920
8555,0.001527,172.217.194.0-255,4320,209680,76,239920
8556,0.001542,172.217.194.0-255,4320,214000,76,239920
8557,0.001548,172.31.40.0-255,66,214066,76,239920
8558,0.00156,172.217.194.0-255,7156,221222,76,239920
8559,0.001573,172.31.40.0-255,66,221288,76,239920
8560,0.001587,172.217.194.0-255,3602,224890,76,239920
8561,0.001624,172.31.40.0-255,66,224956,76,239920
8562,0.001629,172.31.40.0-255,66,225022,76,239920
8563,0.001699,172.217.194.0-255,4320,229342,76,239920
8564,0.001702,172.31.40.0-255,66,229408,76,239920
8565,0.001707,172.31.40.0-255,66,229474,76,239920
8566,0.001738,172.31.40.0-255,66,229540,76,239920
8567,0.001773,172.217.194.0-255,5738,235278,76,239920
8568,0.001784,172.217.194.0-255,105,235383,76,239920
8569,0.001823,172.31.40.0-255,66,235449,76,239920
8570,0.011189,172.31.40.0-255,105,235554,76,239920
8571,0.013135,172.217.194.0-255,66,235620,76,239920
8572,0.031562,172.31.40.0-255,172,235792,76,239920
8573,0.031598,172.31.40.0-255,1109,236901,76,239920
8574,0.031658,172.31.40.0-255,1514,238415,76,239920
8575,0.03166,172.31.40.0-255,1307,239722,76,239920
8576,0.033116,104.244.42.0-255,66,239788,76,239920
8577,0.033155,104.244.42.0-255,66,239854,76,239920
8578,0.033198,104.244.42.0-255,66,239920,76,239920
8579,0.0,74.125.24.0-255,153,153,76,247643
8580,2.2e-05,172.31.40.0-255,66,219,76,247643
8581,2.9e-05,74.125.24.0-255,1484,1703,76,247643
8582,3.3e-05,172.31.40.0-255,66,1769,76,247643
8583,4e-05,74.125.24.0-255,2902,4671,76,247643
8584,4.3e-05,172.31.40.0-255,66,4737,76,247643
8585,6e-05,74.125.24.0-255,7156,11893,76,247643
8586,6.3e-05,172.31.40.0-255,66,11959,76,247643
8587,6.8e-05,74.125.24.0-255,3455,15414,76,247643
8588,7.1e-05,172.31.40.0-255,66,15480,76,247643
8589,0.000127,172.31.40.0-255,66,15546,76,247643
8590,0.000131,74.125.24.0-255,2543,18089,76,247643
8591,0.000134,172.31.40.0-255,66,18155,76,247643
8592,0.000346,74.125.24.0-255,1484,19639,76,247643
8593,0.000351,172.31.40.0-255,66,19705,76,247643
8594,0.000357,74.125.24.0-255,2902,22607,76,247643
8595,0.00036,172.31.40.0-255,66,22673,76,247643
8596,0.000382,74.125.24.0-255,2902,25575,76,247643
8597,0.000384,172.31.40.0-255,66,25641,76,247643
8598,0.000407,74.125.24.0-255,2902,28543,76,247643
8599,0.00041,172.31.40.0-255,66,28609,76,247643
8600,0.000424,172.31.40.0-255,66,28675,76,247643
8601,0.000435,172.31.40.0-255,66,28741,76,247643
8602,0.00049,74.125.24.0-255,1484,30225,76,247643
8603,0.000493,172.31.40.0-255,66,30291,76,247643
8604,0.000507,74.125.24.0-255,2902,33193,76,247643
8605,0.00051,172.31.40.0-255,66,33259,76,247643
8606,0.000521,74.125.24.0-255,5738,38997,76,247643
8607,0.000523,172.31.40.0-255,66,39063,76,247643
8608,0.000529,74.125.24.0-255,5738,44801,76,247643
8609,0.000531,172.31.40.0-255,66,44867,76,247643
8610,0.000576,172.31.40.0-255,66,44933,76,247643
8611,0.000608,74.125.24.0-255,4224,49157,76,247643
8612,0.000611,172.31.40.0-255,66,49223,76,247643
8613,0.00144,74.125.24.0-255,1484,50707,76,247643
8614,0.001445,74.125.24.0-255,1484,52191,76,247643
8615,0.001449,172.31.40.0-255,66,52257,76,247643
8616,0.001476,74.125.24.0-255,1484,53741,76,247643
8617,0.001483,74.125.24.0-255,5738,59479,76,247643
8618,0.001485,172.31.40.0-255,66,59545,76,247643
8619,0.001497,172.31.40.0-255,66,59611,76,247643
8620,0.001518,74.125.24.0-255,1484,61095,76,247643
8621,0.001552,172.31.40.0-255,66,61161,76,247643
8622,0.001629,74.125.24.0-255,1484,62645,76,247643
8623,0.001635,74.125.24.0-255,2902,65547,76,247643
8624,0.001638,172.31.40.0-255,66,65613,76,247643
8625,0.001666,74.125.24.0-255,4320,69933,76,247643
8626,0.001669,172.31.40.0-255,66,69999,76,247643
8627,0.001679,74.125.24.0-255,1484,71483,76,247643
8628,0.001696,74.125.24.0-255,1484,72967,76,247643
8629,0.001698,172.31.40.0-255,66,73033,76,247643
8630,0.001728,74.125.24.0-255,4320,77353,76,247643
8631,0.001731,172.31.40.0-255,66,77419,76,247643
8632,0.001743,172.31.40.0-255,66,77485,76,247643
8633,0.00177,74.125.24.0-255,1484,78969,76,247643
8634,0.001776,74.125.24.0-255,5020,83989,76,247643
8635,0.001784,172.31.40.0-255,66,84055,76,247643
8636,0.001879,74.125.24.0-255,1484,85539,76,247643
8637,0.001916,74.125.24.0-255,2902,88441,76,247643
8638,0.001921,172.31.40.0-255,66,88507,76,247643
8639,0.001951,74.125.24.0-255,2902,91409,76,247643
8640,0.001956,74.125.24.0-255,4320,95729,76,247643
8641,0.001958,74.125.24.0-255,1484,97213,76,247643
8642,0.001963,172.31.40.0-255,66,97279,76,247643
8643,0.001966,172.31.40.0-255,66,97345,76,247643
8644,0.001988,74.125.24.0-255,7156,104501,76,247643
8645,0.00199,172.31.40.0-255,66,104567,76,247643
8646,0.001997,74.125.24.0-255,7156,111723,76,247643
8647,0.002,172.31.40.0-255,66,111789,76,247643
8648,0.002036,74.125.24.0-255,5738,117527,76,247643
8649,0.002039,172.31.40.0-255,66,117593,76,247643
8650,0.002066,74.125.24.0-255,766,118359,76,247643
8651,0.00208,74.125.24.0-255,1484,119843,76,247643
8652,0.002083,172.31.40.0-255,66,119909,76,247643
8653,0.002088,74.125.24.0-255,2902,122811,76,247643
8654,0.00209,172.31.40.0-255,66,122877,76,247643
8655,0.002111,74.125.24.0-255,5738,128615,76,247643
8656,0.002119,172.31.40.0-255,66,128681,76,247643
8657,0.002129,74.125.24.0-255,1484,130165,76,247643
8658,0.002163,172.31.40.0-255,66,130231,76,247643
8659,0.00217,74.125.24.0-255,7156,137387,76,247643
8660,0.002172,172.31.40.0-255,66,137453,76,247643
8661,0.002239,74.125.24.0-255,3602,141055,76,247643
8662,0.002242,172.31.40.0-255,66,141121,76,247643
8663,0.002245,74.125.24.0-255,1484,142605,76,247643
8664,0.002269,74.125.24.0-255,2902,145507,76,247643
8665,0.002272,172.31.40.0-255,66,145573,76,247643
8666,0.002278,74.125.24.0-255,5738,151311,76,247643
8667,0.00228,172.31.40.0-255,66,151377,76,247643
8668,0.002326,172.31.40.0-255,66,151443,76,247643
8669,0.002338,172.31.40.0-255,66,151509,76,247643
8670,0.002342,74.125.24.0-255,2902,154411,76,247643
8671,0.002367,74.125.24.0-255,2184,156595,76,247643
8672,0.012043,74.125.24.0-255,1484,158079,76,247643
8673,0.015497,172.31.40.0-255,66,158145,76,247643
8674,0.017849,74.125.24.0-255,5738,163883,76,247643
8675,0.017861,172.31.40.0-255,66,163949,76,247643
8676,0.020182,74.125.24.0-255,5738,169687,76,247643
8677,0.020191,172.31.40.0-255,66,169753,76,247643
8678,0.022644,74.125.24.0-255,5738,175491,76,247643
8679,0.022655,172.31.40.0-255,66,175557,76,247643
8680,0.024996,74.125.24.0-255,5738,181295,76,247643
8681,0.025006,172.31.40.0-255,66,181361,76,247643
8682,0.027353,74.125.24.0-255,5738,187099,76,247643
8683,0.027381,172.31.40.0-255,66,187165,76,247643
8684,0.029732,74.125.24.0-255,5738,192903,76,247643
8685,0.02974,172.31.40.0-255,66,192969,76,247643
8686,0.032063,74.125.24.0-255,5738,198707,76,247643
8687,0.03207,172.31.40.0-255,66,198773,76,247643
8688,0.034404,74.125.24.0-255,5738,204511,76,247643
8689,0.034422,172.31.40.0-255,66,204577,76,247643
8690,0.036728,74.125.24.0-255,5738,210315,76,247643
8691,0.036736,172.31.40.0-255,66,210381,76,247643
8692,0.039002,74.125.24.0-255,5738,216119,76,247643
8693,0.03901,172.31.40.0-255,66,216185,76,247643
8694,0.04132,74.125.24.0-255,5738,221923,76,247643
8695,0.041346,172.31.40.0-255,66,221989,76,247643
8696,0.043663,74.125.24.0-255,5738,227727,76,247643
8697,0.043671,172.31.40.0-255,66,227793,76,247643
8698,0.045989,74.125.24.0-255,5738,233531,76,247643
8699,0.045996,172.31.40.0-255,66,233597,76,247643
8700,0.047576,172.31.40.0-255,172,233769,76,247643
8701,0.047607,172.31.40.0-255,1105,234874,76,247643
8702,0.047677,172.31.40.0-255,1514,236388,76,247643
8703,0.047679,172.31.40.0-255,1514,237902,76,247643
8704,0.04768,172.31.40.0-255,1514,239416,76,247643
8705,0.047681,172.31.40.0-255,1514,240930,76,247643
8706,0.047682,172.31.40.0-255,579,241509,76,247643
8707,0.048322,74.125.24.0-255,4320,245829,76,247643
8708,0.048329,172.31.40.0-255,66,245895,76,247643
8709,0.048357,74.125.24.0-255,1484,247379,76,247643
8710,0.049111,104.244.42.0-255,66,247445,76,247643
8711,0.04914,104.244.42.0-255,66,247511,76,247643
8712,0.049276,104.244.42.0-255,66,247577,76,247643
8713,0.049281,104.244.42.0-255,66,247643,76,247643
8714,0.0,172.217.194.0-255,146,146,76,174318
8715,1.4e-05,172.31.40.0-255,66,212,76,174318
8716,2e-05,172.217.194.0-255,1484,1696,76,174318
8717,2.4e-05,172.31.40.0-255,66,1762,76,174318
8718,2.9e-05,172.217.194.0-255,2902,4664,76,174318
8719,3.1e-05,172.31.40.0-255,66,4730,76,174318
8720,3.4e-05,172.217.194.0-255,1484,6214,76,174318
8721,3.6e-05,172.31.40.0-255,66,6280,76,174318
8722,6.3e-05,172.217.194.0-255,5738,12018,76,174318
8723,6.5e-05,172.31.40.0-255,66,12084,76,174318
8724,0.000104,172.217.194.0-255,2902,14986,76,174318
8725,0.000106,172.31.40.0-255,66,15052,76,174318
8726,0.000122,172.217.194.0-255,1982,17034,76,174318
8727,0.000125,172.31.40.0-255,66,17100,76,174318
8728,0.000166,172.217.194.0-255,1484,18584,76,174318
8729,0.000168,172.31.40.0-255,66,18650,76,174318
8730,0.000179,172.217.194.0-255,2902,21552,76,174318
8731,0.000182,172.31.40.0-255,66,21618,76,174318
8732,0.00021,172.31.40.0-255,66,21684,76,174318
8733,0.000294,172.217.194.0-255,1484,23168,76,174318
8734,0.000297,172.31.40.0-255,66,23234,76,174318
8735,0.000319,172.31.40.0-255,66,23300,76,174318
8736,0.000341,172.31.40.0-255,66,23366,76,174318
8737,0.000468,172.217.194.0-255,2902,26268,76,174318
8738,0.000472,172.31.40.0-255,66,26334,76,174318
8739,0.000507,172.31.40.0-255,66,26400,76,174318
8740,0.001843,172.217.194.0-255,646,27046,76,174318
8741,0.001849,172.31.40.0-255,66,27112,76,174318
8742,0.001918,172.217.194.0-255,1484,28596,76,174318
8743,0.001937,172.217.194.0-255,2902,31498,76,174318
8744,0.001943,172.217.194.0-255,4320,35818,76,174318
8745,0.001957,172.217.194.0-255,1484,37302,76,174318
8746,0.002001,172.217.194.0-255,2902,40204,76,174318
8747,0.002017,172.217.194.0-255,3412,43616,76,174318
8748,0.006347,172.31.40.0-255,66,43682,76,174318
8749,0.008299,172.217.194.0-255,5738,49420,76,174318
8750,0.008307,172.31.40.0-255,66,49486,76,174318
8751,0.010272,172.217.194.0-255,5738,55224,76,174318
8752,0.010281,172.31.40.0-255,66,55290,76,174318
8753,0.012254,172.217.194.0-255,5738,61028,76,174318
8754,0.01226,172.31.40.0-255,66,61094,76,174318
8755,0.014229,172.217.194.0-255,5738,66832,76,174318
8756,0.014235,172.31.40.0-255,66,66898,76,174318
8757,0.01625,172.217.194.0-255,5738,72636,76,174318
8758,0.016257,172.31.40.0-255,66,72702,76,174318
8759,0.018251,172.217.194.0-255,5738,78440,76,174318
8760,0.01826,172.31.40.0-255,66,78506,76,174318
8761,0.020229,172.217.194.0-255,5738,84244,76,174318
8762,0.020237,172.31.40.0-255,66,84310,76,174318
8763,0.0222,172.217.194.0-255,5738,90048,76,174318
8764,0.022208,172.31.40.0-255,66,90114,76,174318
8765,0.024178,172.217.194.0-255,5738,95852,76,174318
8766,0.024185,172.31.40.0-255,66,95918,76,174318
8767,0.02613,172.217.194.0-255,4320,100238,76,174318
8768,0.026136,172.31.40.0-255,66,100304,76,174318
8769,0.026154,172.217.194.0-255,1484,101788,76,174318
8770,0.026457,172.31.40.0-255,172,101960,76,174318
8771,0.026483,172.31.40.0-255,1108,103068,76,174318
8772,0.02653,172.31.40.0-255,1514,104582,76,174318
8773,0.026532,172.31.40.0-255,1308,105890,76,174318
8774,0.028002,104.244.42.0-255,66,105956,76,174318
8775,0.028031,104.244.42.0-255,66,106022,76,174318
8776,0.028085,104.244.42.0-255,66,106088,76,174318
8777,0.0281,172.217.194.0-255,4320,110408,76,174318
8778,0.028105,172.31.40.0-255,66,110474,76,174318
8779,0.030058,172.217.194.0-255,5738,116212,76,174318
8780,0.030097,172.31.40.0-255,66,116278,76,174318
8781,0.032069,172.217.194.0-255,5738,122016,76,174318
8782,0.032075,172.31.40.0-255,66,122082,76,174318
8783,0.034031,172.217.194.0-255,5738,127820,76,174318
8784,0.034036,172.31.40.0-255,66,127886,76,174318
8785,0.036026,172.217.194.0-255,5738,133624,76,174318
8786,0.036032,172.31.40.0-255,66,133690,76,174318
8787,0.038016,172.217.194.0-255,5738,139428,76,174318
8788,0.038023,172.31.40.0-255,66,139494,76,174318
8789,0.040009,172.217.194.0-255,5738,145232,76,174318
8790,0.040014,172.31.40.0-255,66,145298,76,174318
8791,0.041989,172.217.194.0-255,5738,151036,76,174318
8792,0.041995,172.31.40.0-255,66,151102,76,174318
8793,0.043939,172.217.194.0-255,5738,156840,76,174318
8794,0.043944,172.31.40.0-255,66,156906,76,174318
8795,0.04592,172.217.194.0-255,5738,162644,76,174318
8796,0.045926,172.31.40.0-255,66,162710,76,174318
8797,0.04787,172.217.194.0-255,5738,168448,76,174318
8798,0.047877,172.31.40.0-255,66,168514,76,174318
8799,0.049819,172.217.194.0-255,5738,174252,76,174318
8800,0.049824,172.31.40.0-255,66,174318,76,174318
8801,0.0,172.31.40.0-255,105,105,76,459
8802,0.000148,172.31.40.0-255,90,195,76,459
8803,0.000157,172.31.40.0-255,66,261,76,459
8804,0.002452,172.217.194.0-255,66,327,76,459
8805,0.002466,172.217.194.0-255,66,393,76,459
8806,0.002477,172.31.40.0-255,66,459,76,459
8807,0.0,172.217.27.0-255,152,152,76,233634
8808,1.4e-05,172.31.40.0-255,66,218,76,233634
8809,2.1e-05,172.217.27.0-255,1484,1702,76,233634
8810,2.6e-05,172.31.40.0-255,66,1768,76,233634
8811,4.1e-05,172.217.27.0-255,2902,4670,76,233634
8812,4.4e-05,172.31.40.0-255,66,4736,76,233634
8813,5.3e-05,172.217.27.0-255,7156,11892,76,233634
8814,5.6e-05,172.31.40.0-255,66,11958,76,233634
8815,6e-05,172.217.27.0-255,2100,14058,76,233634
8816,6.3e-05,172.31.40.0-255,66,14124,76,233634
8817,0.000166,172.217.27.0-255,1484,15608,76,233634
8818,0.00017,172.31.40.0-255,66,15674,76,233634
8819,0.000189,172.217.27.0-255,2902,18576,76,233634
8820,0.000192,172.31.40.0-255,66,18642,76,233634
8821,0.000197,172.217.27.0-255,2902,21544,76,233634
8822,0.000199,172.31.40.0-255,66,21610,76,233634
8823,0.00023,172.217.27.0-255,1484,23094,76,233634
8824,0.000233,172.31.40.0-255,66,23160,76,233634
8825,0.00024,172.217.27.0-255,5738,28898,76,233634
8826,0.000242,172.31.40.0-255,66,28964,76,233634
8827,0.000245,172.217.27.0-255,1484,30448,76,233634
8828,0.000252,172.31.40.0-255,66,30514,76,233634
8829,0.00028,172.217.27.0-255,1125,31639,76,233634
8830,0.000283,172.31.40.0-255,66,31705,76,233634
8831,0.000537,172.217.27.0-255,1484,33189,76,233634
8832,0.000543,172.31.40.0-255,66,33255,76,233634
8833,0.000548,172.217.27.0-255,2902,36157,76,233634
8834,0.000551,172.31.40.0-255,66,36223,76,233634
8835,0.000575,172.217.27.0-255,4320,40543,76,233634
8836,0.000582,172.31.40.0-255,66,40609,76,233634
8837,0.000609,172.217.27.0-255,2902,43511,76,233634
8838,0.000613,172.31.40.0-255,66,43577,76,233634
8839,0.000643,172.217.27.0-255,6797,50374,76,233634
8840,0.000646,172.31.40.0-255,66,50440,76,233634
8841,0.000663,172.31.40.0-255,66,50506,76,233634
8842,0.00067,172.217.27.0-255,5684,56190,76,233634
8843,0.000672,172.31.40.0-255,66,56256,76,233634
8844,0.002304,172.217.27.0-255,5738,61994,76,233634
8845,0.002312,172.31.40.0-255,66,62060,76,233634
8846,0.003947,172.217.27.0-255,5738,67798,76,233634
8847,0.003953,172.31.40.0-255,66,67864,76,233634
8848,0.00557,172.217.27.0-255,2902,70766,76,233634
8849,0.005574,172.31.40.0-255,66,70832,76,233634
8850,0.0056,172.217.27.0-255,2902,73734,76,233634
8851,0.005603,172.31.40.0-255,66,73800,76,233634
8852,0.00722,172.217.27.0-255,5738,79538,76,233634
8853,0.007226,172.31.40.0-255,66,79604,76,233634
8854,0.008853,172.217.27.0-255,5738,85342,76,233634
8855,0.008861,172.31.40.0-255,66,85408,76,233634
8856,0.010492,172.217.27.0-255,5738,91146,76,233634
8857,0.0105,172.31.40.0-255,66,91212,76,233634
8858,0.012131,172.217.27.0-255,5738,96950,76,233634
8859,0.012139,172.31.40.0-255,66,97016,76,233634
8860,0.013772,172.217.27.0-255,5738,102754,76,233634
8861,0.01378,172.31.40.0-255,66,102820,76,233634
8862,0.015412,172.217.27.0-255,5738,108558,76,233634
8863,0.015419,172.31.40.0-255,66,108624,76,233634
8864,0.017077,172.217.27.0-255,5738,114362,76,233634
8865,0.017084,172.31.40.0-255,66,114428,76,233634
8866,0.018704,172.217.27.0-255,5738,120166,76,233634
8867,0.01871,172.31.40.0-255,66,120232,76,233634
8868,0.02034,172.217.27.0-255,5738,125970,76,233634
8869,0.020345,172.31.40.0-255,66,126036,76,233634
8870,0.021976,172.217.27.0-255,5738,131774,76,233634
8871,0.021983,172.31.40.0-255,66,131840,76,233634
8872,0.023609,172.217.27.0-255,5738,137578,76,233634
8873,0.023617,172.31.40.0-255,66,137644,76,233634
8874,0.025238,172.217.27.0-255,5738,143382,76,233634
8875,0.025245,172.31.40.0-255,66,143448,76,233634
8876,0.02695,172.217.27.0-255,5738,149186,76,233634
8877,0.026958,172.31.40.0-255,66,149252,76,233634
8878,0.028593,172.217.27.0-255,5738,154990,76,233634
8879,0.028602,172.31.40.0-255,66,155056,76,233634
8880,0.029518,172.31.40.0-255,176,155232,76,233634
8881,0.02955,172.31.40.0-255,1110,156342,76,233634
8882,0.029625,172.31.40.0-255,1514,157856,76,233634
8883,0.029627,172.31.40.0-255,1306,159162,76,233634
8884,0.030226,172.217.27.0-255,5738,164900,76,233634
8885,0.030234,172.31.40.0-255,66,164966,76,233634
8886,0.031069,104.244.42.0-255,66,165032,76,233634
8887,0.031104,104.244.42.0-255,66,165098,76,233634
8888,0.031199,104.244.42.0-255,66,165164,76,233634
8889,0.031779,104.244.42.0-255,108,165272,76,233634
8890,0.031786,172.31.40.0-255,66,165338,76,233634
8891,0.031857,172.217.27.0-255,4320,169658,76,233634
8892,0.031861,172.31.40.0-255,66,169724,76,233634
8893,0.031889,172.217.27.0-255,1484,171208,76,233634
8894,0.033496,172.217.27.0-255,4320,175528,76,233634
8895,0.033503,172.31.40.0-255,66,175594,76,233634
8896,0.03514,172.217.27.0-255,5738,181332,76,233634
8897,0.035147,172.31.40.0-255,66,181398,76,233634
8898,0.036783,172.217.27.0-255,5738,187136,76,233634
8899,0.03679,172.31.40.0-255,66,187202,76,233634
8900,0.038416,172.217.27.0-255,5738,192940,76,233634
8901,0.038423,172.31.40.0-255,66,193006,76,233634
8902,0.040087,172.217.27.0-255,5738,198744,76,233634
8903,0.040094,172.31.40.0-255,66,198810,76,233634
8904,0.041731,172.217.27.0-255,5738,204548,76,233634
8905,0.041738,172.31.40.0-255,66,204614,76,233634
8906,0.043368,172.217.27.0-255,5738,210352,76,233634
8907,0.043374,172.31.40.0-255,66,210418,76,233634
8908,0.045007,172.217.27.0-255,5738,216156,76,233634
8909,0.045014,172.31.40.0-255,66,216222,76,233634
8910,0.046667,172.217.27.0-255,5738,221960,76,233634
8911,0.046674,172.31.40.0-255,66,222026,76,233634
8912,0.048319,172.217.27.0-255,5738,227764,76,233634
8913,0.048326,172.31.40.0-255,66,227830,76,233634
8914,0.049969,172.217.27.0-255,5738,233568,76,233634
8915,0.049976,172.31.40.0-255,66,233634,76,233634
8916,0.0,74.125.130.0-255,152,152,76,318042
8917,1.5e-05,172.31.40.0-255,66,218,76,318042
8918,3.4e-05,74.125.130.0-255,1484,1702,76,318042
8919,3.8e-05,172.31.40.0-255,66,1768,76,318042
8920,8.3e-05,74.125.130.0-255,2902,4670,76,318042
8921,8.7e-05,172.31.40.0-255,66,4736,76,318042
8922,9.4e-05,74.125.130.0-255,5738,10474,76,318042
8923,9.7e-05,172.31.40.0-255,66,10540,76,318042
8924,0.000116,74.125.130.0-255,1484,12024,76,318042
8925,0.000118,172.31.40.0-255,66,12090,76,318042
8926,0.000145,74.125.130.0-255,4883,16973,76,318042
8927,0.000148,172.31.40.0-255,66,17039,76,318042
8928,0.00015,74.125.130.0-255,1484,18523,76,318042
8929,0.000152,172.31.40.0-255,66,18589,76,318042
8930,0.000157,74.125.130.0-255,2902,21491,76,318042
8931,0.000159,172.31.40.0-255,66,21557,76,318042
8932,0.000178,74.125.130.0-255,1484,23041,76,318042
8933,0.000181,172.31.40.0-255,66,23107,76,318042
8934,0.000206,74.125.130.0-255,4320,27427,76,318042
8935,0.000208,172.31.40.0-255,66,27493,76,318042
8936,0.000244,74.125.130.0-255,3961,31454,76,318042
8937,0.000247,172.31.40.0-255,66,31520,76,318042
8938,0.000375,74.125.130.0-255,1484,33004,76,318042
8939,0.00038,172.31.40.0-255,66,33070,76,318042
8940,0.000384,74.125.130.0-255,1484,34554,76,318042
8941,0.000386,172.31.40.0-255,66,34620,76,318042
8942,0.000399,74.125.130.0-255,1484,36104,76,318042
8943,0.000401,172.31.40.0-255,66,36170,76,318042
8944,0.000408,74.125.130.0-255,5738,41908,76,318042
8945,0.000411,172.31.40.0-255,66,41974,76,318042
8946,0.000449,74.125.130.0-255,5738,47712,76,318042
8947,0.000452,172.31.40.0-255,66,47778,76,318042
8948,0.00047,74.125.130.0-255,4320,52098,76,318042
8949,0.000472,172.31.40.0-255,66,52164,76,318042
8950,0.00049,74.125.130.0-255,4320,56484,76,318042
8951,0.000492,172.31.40.0-255,66,56550,76,318042
8952,0.00052,74.125.130.0-255,7156,63706,76,318042
8953,0.000523,172.31.40.0-255,66,63772,76,318042
8954,0.00054,74.125.130.0-255,2184,65956,76,318042
8955,0.000543,172.31.40.0-255,66,66022,76,318042
8956,0.000566,74.125.130.0-255,395,66417,76,318042
8957,0.000753,74.125.130.0-255,1484,67901,76,318042
8958,0.000758,172.31.40.0-255,66,67967,76,318042
8959,0.000763,74.125.130.0-255,2902,70869,76,318042
8960,0.000766,172.31.40.0-255,66,70935,76,318042
8961,0.0008,74.125.130.0-255,5738,76673,76,318042
8962,0.000804,172.31.40.0-255,66,76739,76,318042
8963,0.000809,74.125.130.0-255,4320,81059,76,318042
8964,0.000812,172.31.40.0-255,66,81125,76,318042
8965,0.000818,74.125.130.0-255,5738,86863,76,318042
8966,0.00082,172.31.40.0-255,66,86929,76,318042
8967,0.00084,74.125.130.0-255,2902,89831,76,318042
8968,0.000842,172.31.40.0-255,66,89897,76,318042
8969,0.000875,172.31.40.0-255,66,89963,76,318042
8970,0.000879,74.125.130.0-255,2184,92147,76,318042
8971,0.000881,172.31.40.0-255,66,92213,76,318042
8972,0.000928,74.125.130.0-255,1484,93697,76,318042
8973,0.000948,74.125.130.0-255,2902,96599,76,318042
8974,0.000951,172.31.40.0-255,66,96665,76,318042
8975,0.000955,74.125.130.0-255,1484,98149,76,318042
8976,0.000958,74.125.130.0-255,1484,99633,76,318042
8977,0.000959,172.31.40.0-255,66,99699,76,318042
8978,0.000987,74.125.130.0-255,1484,101183,76,318042
8979,0.000994,74.125.130.0-255,5738,106921,76,318042
8980,0.000996,172.31.40.0-255,66,106987,76,318042
8981,0.001034,172.31.40.0-255,66,107053,76,318042
8982,0.001037,74.125.130.0-255,1484,108537,76,318042
8983,0.001069,172.31.40.0-255,66,108603,76,318042
8984,0.001071,74.125.130.0-255,766,109369,76,318042
8985,0.001139,74.125.130.0-255,1484,110853,76,318042
8986,0.001142,172.31.40.0-255,66,110919,76,318042
8987,0.001145,74.125.130.0-255,1484,112403,76,318042
8988,0.00116,74.125.130.0-255,1484,113887,76,318042
8989,0.001162,172.31.40.0-255,66,113953,76,318042
8990,0.001173,74.125.130.0-255,1484,115437,76,318042
8991,0.001195,74.125.130.0-255,5738,121175,76,318042
8992,0.001197,172.31.40.0-255,66,121241,76,318042
8993,0.001218,74.125.130.0-255,4320,125561,76,318042
8994,0.00122,172.31.40.0-255,66,125627,76,318042
8995,0.001223,74.125.130.0-255,1484,127111,76,318042
8996,0.001245,74.125.130.0-255,4320,131431,76,318042
8997,0.001248,172.31.40.0-255,66,131497,76,318042
8998,0.001255,74.125.130.0-255,7156,138653,76,318042
8999,0.001258,172.31.40.0-255,66,138719,76,318042
9000,0.001282,74.125.130.0-255,4320,143039,76,318042
9001,0.001285,172.31.40.0-255,66,143105,76,318042
9002,0.001288,74.125.130.0-255,766,143871,76,318042
9003,0.001371,74.125.130.0-255,1484,145355,76,318042
9004,0.001376,172.31.40.0-255,66,145421,76,318042
9005,0.001396,74.125.130.0-255,2902,148323,76,318042
9006,0.0014,172.31.40.0-255,66,148389,76,318042
9007,0.001403,74.125.130.0-255,1484,149873,76,318042
9008,0.001421,74.125.130.0-255,4320,154193,76,318042
9009,0.001424,172.31.40.0-255,66,154259,76,318042
9010,0.001428,74.125.130.0-255,2902,157161,76,318042
9011,0.00143,172.31.40.0-255,66,157227,76,318042
9012,0.001484,172.31.40.0-255,66,157293,76,318042
9013,0.001495,172.31.40.0-255,66,157359,76,318042
9014,0.001552,74.125.130.0-255,2184,159543,76,318042
9015,0.001555,172.31.40.0-255,66,159609,76,318042
9016,0.001966,74.125.130.0-255,1484,161093,76,318042
9017,0.001972,74.125.130.0-255,1484,162577,76,318042
9018,0.001976,172.31.40.0-255,66,162643,76,318042
9019,0.001983,74.125.130.0-255,2902,165545,76,318042
9020,0.001986,172.31.40.0-255,66,165611,76,318042
9021,0.002013,74.125.130.0-255,5738,171349,76,318042
9022,0.002016,172.31.40.0-255,66,171415,76,318042
9023,0.002021,74.125.130.0-255,4320,175735,76,318042
9024,0.002023,172.31.40.0-255,66,175801,76,318042
9025,0.002035,74.125.130.0-255,1484,177285,76,318042
9026,0.002053,74.125.130.0-255,4320,181605,76,318042
9027,0.002056,172.31.40.0-255,66,181671,76,318042
9028,0.002076,74.125.130.0-255,4320,185991,76,318042
9029,0.002079,172.31.40.0-255,66,186057,76,318042
9030,0.002096,74.125.130.0-255,2902,188959,76,318042
9031,0.002098,172.31.40.0-255,66,189025,76,318042
9032,0.002129,74.125.130.0-255,5020,194045,76,318042
9033,0.002132,172.31.40.0-255,66,194111,76,318042
9034,0.002228,74.125.130.0-255,1484,195595,76,318042
9035,0.002248,74.125.130.0-255,2902,198497,76,318042
9036,0.002251,172.31.40.0-255,66,198563,76,318042
9037,0.002254,74.125.130.0-255,1484,200047,76,318042
9038,0.004512,74.125.130.0-255,4320,204367,76,318042
9039,0.004521,172.31.40.0-255,66,204433,76,318042
9040,0.006797,74.125.130.0-255,5738,210171,76,318042
9041,0.006805,172.31.40.0-255,66,210237,76,318042
9042,0.009089,74.125.130.0-255,5738,215975,76,318042
9043,0.009109,172.31.40.0-255,66,216041,76,318042
9044,0.011384,74.125.130.0-255,5738,221779,76,318042
9045,0.011398,172.31.40.0-255,66,221845,76,318042
9046,0.013678,74.125.130.0-255,5738,227583,76,318042
9047,0.013693,172.31.40.0-255,66,227649,76,318042
9048,0.015962,74.125.130.0-255,5738,233387,76,318042
9049,0.015974,172.31.40.0-255,66,233453,76,318042
9050,0.018236,74.125.130.0-255,5738,239191,76,318042
9051,0.018246,172.31.40.0-255,66,239257,76,318042
9052,0.020514,74.125.130.0-255,5738,244995,76,318042
9053,0.020524,172.31.40.0-255,66,245061,76,318042
9054,0.022777,74.125.130.0-255,5738,250799,76,318042
9055,0.022786,172.31.40.0-255,66,250865,76,318042
9056,0.025045,74.125.130.0-255,5738,256603,76,318042
9057,0.025052,172.31.40.0-255,66,256669,76,318042
9058,0.027366,74.125.130.0-255,5738,262407,76,318042
9059,0.027383,172.31.40.0-255,66,262473,76,318042
9060,0.029643,74.125.130.0-255,5738,268211,76,318042
9061,0.029653,172.31.40.0-255,66,268277,76,318042
9062,0.031952,74.125.130.0-255,5738,274015,76,318042
9063,0.03197,172.31.40.0-255,66,274081,76,318042
9064,0.034267,74.125.130.0-255,5738,279819,76,318042
9065,0.034284,172.31.40.0-255,66,279885,76,318042
9066,0.036558,74.125.130.0-255,5738,285623,76,318042
9067,0.036575,172.31.40.0-255,66,285689,76,318042
9068,0.0377,172.31.40.0-255,172,285861,76,318042
9069,0.037735,172.31.40.0-255,1105,286966,76,318042
9070,0.037794,172.31.40.0-255,1514,288480,76,318042
9071,0.037796,172.31.40.0-255,344,288824,76,318042
9072,0.038839,74.125.130.0-255,5738,294562,76,318042
9073,0.038849,172.31.40.0-255,66,294628,76,318042
9074,0.03928,104.244.42.0-255,66,294694,76,318042
9075,0.039327,104.244.42.0-255,66,294760,76,318042
9076,0.039374,104.244.42.0-255,66,294826,76,318042
9077,0.041121,74.125.130.0-255,5738,300564,76,318042
9078,0.041141,172.31.40.0-255,66,300630,76,318042
9079,0.043425,74.125.130.0-255,5738,306368,76,318042
9080,0.043445,172.31.40.0-255,66,306434,76,318042
9081,0.045712,74.125.130.0-255,5738,312172,76,318042
9082,0.045726,172.31.40.0-255,66,312238,76,318042
9083,0.048002,74.125.130.0-255,5738,317976,76,318042
9084,0.048021,172.31.40.0-255,66,318042,76,318042
9085,0.0,172.217.194.0-255,152,152,76,239011
9086,2.3e-05,172.31.40.0-255,66,218,76,239011
9087,2.9e-05,172.217.194.0-255,1484,1702,76,239011
9088,3.5e-05,172.31.40.0-255,66,1768,76,239011
9089,4.1e-05,172.217.194.0-255,2902,4670,76,239011
9090,4.5e-05,172.31.40.0-255,66,4736,76,239011
9091,5.2e-05,172.217.194.0-255,7156,11892,76,239011
9092,5.5e-05,172.31.40.0-255,66,11958,76,239011
9093,5.9e-05,172.217.194.0-255,2008,13966,76,239011
9094,6.3e-05,172.31.40.0-255,66,14032,76,239011
9095,0.000117,172.31.40.0-255,66,14098,76,239011
9096,0.000123,172.217.194.0-255,5379,19477,76,239011
9097,0.000126,172.31.40.0-255,66,19543,76,239011
9098,0.000146,172.217.194.0-255,1484,21027,76,239011
9099,0.000149,172.31.40.0-255,66,21093,76,239011
9100,0.000153,172.217.194.0-255,1484,22577,76,239011
9101,0.000155,172.31.40.0-255,66,22643,76,239011
9102,0.000176,172.217.194.0-255,1484,24127,76,239011
9103,0.000178,172.31.40.0-255,66,24193,76,239011
9104,0.000184,172.217.194.0-255,5738,29931,76,239011
9105,0.000187,172.31.40.0-255,66,29997,76,239011
9106,0.000203,172.217.194.0-255,6797,36794,76,239011
9107,0.000206,172.31.40.0-255,66,36860,76,239011
9108,0.000254,172.217.194.0-255,1484,38344,76,239011
9109,0.000257,172.31.40.0-255,66,38410,76,239011
9110,0.000263,172.217.194.0-255,2902,41312,76,239011
9111,0.000265,172.31.40.0-255,66,41378,76,239011
9112,0.00027,172.217.194.0-255,2902,44280,76,239011
9113,0.000271,172.31.40.0-255,66,44346,76,239011
9114,0.000296,172.217.194.0-255,2902,47248,76,239011
9115,0.0003,172.31.40.0-255,66,47314,76,239011
9116,0.000305,172.217.194.0-255,2902,50216,76,239011
9117,0.000307,172.31.40.0-255,66,50282,76,239011
9118,0.000324,172.217.194.0-255,4266,54548,76,239011
9119,0.000326,172.31.40.0-255,66,54614,76,239011
9120,0.000393,172.217.194.0-255,1484,56098,76,239011
9121,0.000413,172.217.194.0-255,2902,59000,76,239011
9122,0.000417,172.31.40.0-255,66,59066,76,239011
9123,0.00042,172.217.194.0-255,1484,60550,76,239011
9124,0.000444,172.217.194.0-255,4320,64870,76,239011
9125,0.000446,172.31.40.0-255,66,64936,76,239011
9126,0.000474,172.217.194.0-255,1484,66420,76,239011
9127,0.000496,172.217.194.0-255,5105,71525,76,239011
9128,0.000499,172.31.40.0-255,66,71591,76,239011
9129,0.000503,172.217.194.0-255,1484,73075,76,239011
9130,0.000521,172.217.194.0-255,5738,78813,76,239011
9131,0.000524,172.31.40.0-255,66,78879,76,239011
9132,0.000535,172.31.40.0-255,66,78945,76,239011
9133,0.000582,172.31.40.0-255,66,79011,76,239011
9134,0.000593,172.31.40.0-255,66,79077,76,239011
9135,0.000595,172.217.194.0-255,1111,80188,76,239011
9136,0.001407,172.217.194.0-255,1484,81672,76,239011
9137,0.001413,172.31.40.0-255,66,81738,76,239011
9138,0.00142,172.217.194.0-255,2902,84640,76,239011
9139,0.001422,172.31.40.0-255,66,84706,76,239011
9140,0.001441,172.217.194.0-255,5738,90444,76,239011
9141,0.001443,172.31.40.0-255,66,90510,76,239011
9142,0.001449,172.217.194.0-255,4320,94830,76,239011
9143,0.001451,172.31.40.0-255,66,94896,76,239011
9144,0.001497,172.217.194.0-255,1533,96429,76,239011
9145,0.0015,172.31.40.0-255,66,96495,76,239011
9146,0.001786,172.217.194.0-255,1484,97979,76,239011
9147,0.001801,172.217.194.0-255,2902,100881,76,239011
9148,0.001805,172.31.40.0-255,66,100947,76,239011
9149,0.001812,172.217.194.0-255,5738,106685,76,239011
9150,0.001814,172.31.40.0-255,66,106751,76,239011
9151,0.001834,172.217.194.0-255,7156,113907,76,239011
9152,0.001836,172.31.40.0-255,66,113973,76,239011
9153,0.00184,172.217.194.0-255,1484,115457,76,239011
9154,0.001864,172.31.40.0-255,66,115523,76,239011
9155,0.001884,172.217.194.0-255,2184,117707,76,239011
9156,0.001886,172.31.40.0-255,66,117773,76,239011
9157,0.004187,172.217.194.0-255,2902,120675,76,239011
9158,0.004194,172.31.40.0-255,66,120741,76,239011
9159,0.004228,172.217.194.0-255,2902,123643,76,239011
9160,0.004231,172.31.40.0-255,66,123709,76,239011
9161,0.006509,172.217.194.0-255,2902,126611,76,239011
9162,0.006515,172.31.40.0-255,66,126677,76,239011
9163,0.006538,172.217.194.0-255,1484,128161,76,239011
9164,0.006561,172.217.194.0-255,1484,129645,76,239011
9165,0.006564,172.31.40.0-255,66,129711,76,239011
9166,0.008821,172.217.194.0-255,2902,132613,76,239011
9167,0.008829,172.31.40.0-255,66,132679,76,239011
9168,0.008884,172.217.194.0-255,2902,135581,76,239011
9169,0.008889,172.31.40.0-255,66,135647,76,239011
9170,0.011132,172.217.194.0-255,2902,138549,76,239011
9171,0.011143,172.31.40.0-255,66,138615,76,239011
9172,0.011215,172.217.194.0-255,2902,141517,76,239011
9173,0.01122,172.31.40.0-255,66,141583,76,239011
9174,0.013505,172.217.194.0-255,2902,144485,76,239011
9175,0.013524,172.31.40.0-255,66,144551,76,239011
9176,0.01355,172.217.194.0-255,2902,147453,76,239011
9177,0.013553,172.31.40.0-255,66,147519,76,239011
9178,0.015884,172.217.194.0-255,2902,150421,76,239011
9179,0.015904,172.31.40.0-255,66,150487,76,239011
9180,0.015929,172.217.194.0-255,2902,153389,76,239011
9181,0.015932,172.31.40.0-255,66,153455,76,239011
9182,0.018244,172.217.194.0-255,5738,159193,76,239011
9183,0.018255,172.31.40.0-255,66,159259,76,239011
9184,0.020582,172.217.194.0-255,5738,164997,76,239011
9185,0.020595,172.31.40.0-255,66,165063,76,239011
9186,0.022933,172.217.194.0-255,5738,170801,76,239011
9187,0.022941,172.31.40.0-255,66,170867,76,239011
9188,0.025291,172.217.194.0-255,5738,176605,76,239011
9189,0.0253,172.31.40.0-255,66,176671,76,239011
9190,0.027647,172.217.194.0-255,5738,182409,76,239011
9191,0.027657,172.31.40.0-255,66,182475,76,239011
9192,0.029999,172.217.194.0-255,5738,188213,76,239011
9193,0.030011,172.31.40.0-255,66,188279,76,239011
9194,0.031508,172.31.40.0-255,172,188451,76,239011
9195,0.031547,172.31.40.0-255,1108,189559,76,239011
9196,0.03161,172.31.40.0-255,1514,191073,76,239011
9197,0.031612,172.31.40.0-255,1308,192381,76,239011
9198,0.032372,172.217.194.0-255,5738,198119,76,239011
9199,0.032385,172.31.40.0-255,66,198185,76,239011
9200,0.033046,104.244.42.0-255,66,198251,76,239011
9201,0.033086,104.244.42.0-255,66,198317,76,239011
9202,0.033181,104.244.42.0-255,66,198383,76,239011
9203,0.034745,172.217.194.0-255,5738,204121,76,239011
9204,0.034753,172.31.40.0-255,66,204187,76,239011
9205,0.037094,172.217.194.0-255,5738,209925,76,239011
9206,0.037112,172.31.40.0-255,66,209991,76,239011
9207,0.03948,172.217.194.0-255,5738,215729,76,239011
9208,0.039496,172.31.40.0-255,66,215795,76,239011
9209,0.041849,172.217.194.0-255,5738,221533,76,239011
9210,0.041866,172.31.40.0-255,66,221599,76,239011
9211,0.044227,172.217.194.0-255,5738,227337,76,239011
9212,0.044252,172.31.40.0-255,66,227403,76,239011
9213,0.046613,172.217.194.0-255,5738,233141,76,239011
9214,0.046634,172.31.40.0-255,66,233207,76,239011
9215,0.048975,172.217.194.0-255,5738,238945,76,239011
9216,0.048995,172.31.40.0-255,66,239011,76,239011
9217,0.0,74.125.200.0-255,153,153,76,292632
9218,2.4e-05,172.31.40.0-255,66,219,76,292632
9219,3.1e-05,74.125.200.0-255,1484,1703,76,292632
9220,3.6e-05,172.31.40.0-255,66,1769,76,292632
9221,4.2e-05,74.125.200.0-255,2902,4671,76,292632
9222,5.4e-05,172.31.40.0-255,66,4737,76,292632
9223,5.8e-05,74.125.200.0-255,2902,7639,76,292632
9224,6e-05,172.31.40.0-255,66,7705,76,292632
9225,6.4e-05,74.125.200.0-255,1484,9189,76,292632
9226,6.7e-05,172.31.40.0-255,66,9255,76,292632
9227,9.6e-05,74.125.200.0-255,2902,12157,76,292632
9228,9.9e-05,172.31.40.0-255,66,12223,76,292632
9229,0.000114,172.31.40.0-255,66,12289,76,292632
9230,0.000125,172.31.40.0-255,66,12355,76,292632
9231,0.000485,74.125.200.0-255,1484,13839,76,292632
9232,0.000491,172.31.40.0-255,66,13905,76,292632
9233,0.000496,74.125.200.0-255,1484,15389,76,292632
9234,0.000498,172.31.40.0-255,66,15455,76,292632
9235,0.000503,74.125.200.0-255,2902,18357,76,292632
9236,0.000505,172.31.40.0-255,66,18423,76,292632
9237,0.000515,74.125.200.0-255,4320,22743,76,292632
9238,0.000519,172.31.40.0-255,66,22809,76,292632
9239,0.000548,74.125.200.0-255,1484,24293,76,292632
9240,0.00055,172.31.40.0-255,66,24359,76,292632
9241,0.000561,172.31.40.0-255,66,24425,76,292632
9242,0.000571,172.31.40.0-255,66,24491,76,292632
9243,0.000605,74.125.200.0-255,5689,30180,76,292632
9244,0.000609,172.31.40.0-255,66,30246,76,292632
9245,0.000611,74.125.200.0-255,112,30358,76,292632
9246,0.000727,74.125.200.0-255,1484,31842,76,292632
9247,0.000731,172.31.40.0-255,66,31908,76,292632
9248,0.000738,74.125.200.0-255,2902,34810,76,292632
9249,0.00074,172.31.40.0-255,66,34876,76,292632
9250,0.000747,74.125.200.0-255,5738,40614,76,292632
9251,0.000748,172.31.40.0-255,66,40680,76,292632
9252,0.000758,74.125.200.0-255,2902,43582,76,292632
9253,0.00076,172.31.40.0-255,66,43648,76,292632
9254,0.000793,74.125.200.0-255,5738,49386,76,292632
9255,0.000799,172.31.40.0-255,66,49452,76,292632
9256,0.00082,74.125.200.0-255,5379,54831,76,292632
9257,0.000823,172.31.40.0-255,66,54897,76,292632
9258,0.00083,74.125.200.0-255,7156,62053,76,292632
9259,0.000832,172.31.40.0-255,66,62119,76,292632
9260,0.000858,74.125.200.0-255,2543,64662,76,292632
9261,0.000861,172.31.40.0-255,66,64728,76,292632
9262,0.001376,74.125.200.0-255,1484,66212,76,292632
9263,0.001381,74.125.200.0-255,1484,67696,76,292632
9264,0.001385,172.31.40.0-255,66,67762,76,292632
9265,0.001413,74.125.200.0-255,1484,69246,76,292632
9266,0.001419,74.125.200.0-255,5738,74984,76,292632
9267,0.001422,172.31.40.0-255,66,75050,76,292632
9268,0.00145,74.125.200.0-255,5738,80788,76,292632
9269,0.001453,172.31.40.0-255,66,80854,76,292632
9270,0.001478,74.125.200.0-255,2902,83756,76,292632
9271,0.001481,172.31.40.0-255,66,83822,76,292632
9272,0.001509,74.125.200.0-255,4320,88142,76,292632
9273,0.001513,172.31.40.0-255,66,88208,76,292632
9274,0.001519,74.125.200.0-255,5738,93946,76,292632
9275,0.00152,172.31.40.0-255,66,94012,76,292632
9276,0.001553,74.125.200.0-255,1484,95496,76,292632
9277,0.001578,74.125.200.0-255,3602,99098,76,292632
9278,0.001581,172.31.40.0-255,66,99164,76,292632
9279,0.001644,74.125.200.0-255,1484,100648,76,292632
9280,0.00166,74.125.200.0-255,2902,103550,76,292632
9281,0.001663,172.31.40.0-255,66,103616,76,292632
9282,0.001669,74.125.200.0-255,4320,107936,76,292632
9283,0.001671,172.31.40.0-255,66,108002,76,292632
9284,0.001696,74.125.200.0-255,1484,109486,76,292632
9285,0.001702,74.125.200.0-255,5738,115224,76,292632
9286,0.001705,172.31.40.0-255,66,115290,76,292632
9287,0.001712,74.125.200.0-255,7156,122446,76,292632
9288,0.001714,172.31.40.0-255,66,122512,76,292632
9289,0.001761,172.31.40.0-255,66,122578,76,292632
9290,0.001791,74.125.200.0-255,2184,124762,76,292632
9291,0.001794,172.31.40.0-255,66,124828,76,292632
9292,0.001801,74.125.200.0-255,5738,130566,76,292632
9293,0.001803,172.31.40.0-255,66,130632,76,292632
9294,0.001809,74.125.200.0-255,5738,136370,76,292632
9295,0.001811,172.31.40.0-255,66,136436,76,292632
9296,0.001833,74.125.200.0-255,1484,137920,76,292632
9297,0.001864,172.31.40.0-255,66,137986,76,292632
9298,0.001898,74.125.200.0-255,4320,142306,76,292632
9299,0.001901,172.31.40.0-255,66,142372,76,292632
9300,0.001909,74.125.200.0-255,6438,148810,76,292632
9301,0.001911,172.31.40.0-255,66,148876,76,292632
9302,0.001945,74.125.200.0-255,1484,150360,76,292632
9303,0.001949,74.125.200.0-255,1484,151844,76,292632
9304,0.001952,172.31.40.0-255,66,151910,76,292632
9305,0.001979,74.125.200.0-255,1484,153394,76,292632
9306,0.001985,74.125.200.0-255,5738,159132,76,292632
9307,0.001989,172.31.40.0-255,66,159198,76,292632
9308,0.001993,74.125.200.0-255,2902,162100,76,292632
9309,0.001995,172.31.40.0-255,66,162166,76,292632
9310,0.00203,74.125.200.0-255,1484,163650,76,292632
9311,0.002038,74.125.200.0-255,5738,169388,76,292632
9312,0.002041,172.31.40.0-255,66,169454,76,292632
9313,0.002045,74.125.200.0-255,2902,172356,76,292632
9314,0.002047,172.31.40.0-255,66,172422,76,292632
9315,0.002091,172.31.40.0-255,66,172488,76,292632
9316,0.002094,74.125.200.0-255,2184,174672,76,292632
9317,0.002097,172.31.40.0-255,66,174738,76,292632
9318,0.002322,74.125.200.0-255,1484,176222,76,292632
9319,0.002338,74.125.200.0-255,2902,179124,76,292632
9320,0.002342,172.31.40.0-255,66,179190,76,292632
9321,0.002375,74.125.200.0-255,1484,180674,76,292632
9322,0.004666,74.125.200.0-255,4320,184994,76,292632
9323,0.004674,172.31.40.0-255,66,185060,76,292632
9324,0.007012,74.125.200.0-255,5738,190798,76,292632
9325,0.007016,172.31.40.0-255,66,190864,76,292632
9326,0.00937,74.125.200.0-255,5738,196602,76,292632
9327,0.00939,172.31.40.0-255,66,196668,76,292632
9328,0.011744,74.125.200.0-255,5738,202406,76,292632
9329,0.011758,172.31.40.0-255,66,202472,76,292632
9330,0.014114,74.125.200.0-255,4320,206792,76,292632
9331,0.014123,172.31.40.0-255,66,206858,76,292632
9332,0.014159,74.125.200.0-255,1484,208342,76,292632
9333,0.016469,74.125.200.0-255,4320,212662,76,292632
9334,0.016485,172.31.40.0-255,66,212728,76,292632
9335,0.018819,74.125.200.0-255,5738,218466,76,292632
9336,0.018828,172.31.40.0-255,66,218532,76,292632
9337,0.021163,74.125.200.0-255,5738,224270,76,292632
9338,0.021172,172.31.40.0-255,66,224336,76,292632
9339,0.02351,74.125.200.0-255,4320,228656,76,292632
9340,0.023522,172.31.40.0-255,66,228722,76,292632
9341,0.023555,74.125.200.0-255,1484,230206,76,292632
9342,0.025904,74.125.200.0-255,4320,234526,76,292632
9343,0.025914,172.31.40.0-255,66,234592,76,292632
9344,0.028297,74.125.200.0-255,5738,240330,76,292632
9345,0.028313,172.31.40.0-255,66,240396,76,292632
9346,0.030641,74.125.200.0-255,5738,246134,76,292632
9347,0.03065,172.31.40.0-255,66,246200,76,292632
9348,0.032988,74.125.200.0-255,5738,251938,76,292632
9349,0.032996,172.31.40.0-255,66,252004,76,292632
9350,0.0354,74.125.200.0-255,5738,257742,76,292632
9351,0.035414,172.31.40.0-255,66,257808,76,292632
9352,0.037745,74.125.200.0-255,5738,263546,76,292632
9353,0.037752,172.31.40.0-255,66,263612,76,292632
9354,0.040115,74.125.200.0-255,5738,269350,76,292632
9355,0.040132,172.31.40.0-255,66,269416,76,292632
9356,0.042478,74.125.200.0-255,5738,275154,76,292632
9357,0.042486,172.31.40.0-255,66,275220,76,292632
9358,0.044822,74.125.200.0-255,5738,280958,76,292632
9359,0.044841,172.31.40.0-255,66,281024,76,292632
9360,0.047188,74.125.200.0-255,5738,286762,76,292632
9361,0.047205,172.31.40.0-255,66,286828,76,292632
9362,0.049545,74.125.200.0-255,5738,292566,76,292632
9363,0.049555,172.31.40.0-255,66,292632,76,292632
9364,0.0,172.217.194.0-255,150,150,76,225031
9365,3.3e-05,172.31.40.0-255,66,216,76,225031
9366,4e-05,172.217.194.0-255,1484,1700,76,225031
9367,4.4e-05,172.31.40.0-255,66,1766,76,225031
9368,5e-05,172.217.194.0-255,2902,4668,76,225031
9369,5.2e-05,172.31.40.0-255,66,4734,76,225031
9370,6e-05,172.217.194.0-255,7156,11890,76,225031
9371,6.3e-05,172.31.40.0-255,66,11956,76,225031
9372,9.5e-05,172.217.194.0-255,2033,13989,76,225031
9373,9.8e-05,172.31.40.0-255,66,14055,76,225031
9374,0.000136,172.217.194.0-255,2902,16957,76,225031
9375,0.000139,172.31.40.0-255,66,17023,76,225031
9376,0.000143,172.217.194.0-255,1484,18507,76,225031
9377,0.000145,172.31.40.0-255,66,18573,76,225031
9378,0.000159,172.217.194.0-255,1484,20057,76,225031
9379,0.000161,172.31.40.0-255,66,20123,76,225031
9380,0.00017,172.217.194.0-255,7156,27279,76,225031
9381,0.000172,172.31.40.0-255,66,27345,76,225031
9382,0.000224,172.217.194.0-255,3961,31306,76,225031
9383,0.000228,172.31.40.0-255,66,31372,76,225031
9384,0.000234,172.217.194.0-255,4320,35692,76,225031
9385,0.000236,172.31.40.0-255,66,35758,76,225031
9386,0.000256,172.217.194.0-255,5738,41496,76,225031
9387,0.000259,172.31.40.0-255,66,41562,76,225031
9388,0.00029,172.217.194.0-255,4320,45882,76,225031
9389,0.000293,172.217.194.0-255,2543,48425,76,225031
9390,0.000295,172.31.40.0-255,66,48491,76,225031
9391,0.0003,172.31.40.0-255,66,48557,76,225031
9392,0.001434,172.217.194.0-255,1484,50041,76,225031
9393,0.00144,172.31.40.0-255,66,50107,76,225031
9394,0.001449,172.217.194.0-255,2902,53009,76,225031
9395,0.001452,172.31.40.0-255,66,53075,76,225031
9396,0.001457,172.217.194.0-255,4320,57395,76,225031
9397,0.001459,172.31.40.0-255,66,57461,76,225031
9398,0.001469,172.217.194.0-255,1484,58945,76,225031
9399,0.001483,172.217.194.0-255,4320,63265,76,225031
9400,0.001485,172.31.40.0-255,66,63331,76,225031
9401,0.001495,172.217.194.0-255,2543,65874,76,225031
9402,0.001497,172.31.40.0-255,66,65940,76,225031
9403,0.0015,172.217.194.0-255,645,66585,76,225031
9404,0.002108,172.217.194.0-255,1484,68069,76,225031
9405,0.002111,172.31.40.0-255,66,68135,76,225031
9406,0.002116,172.217.194.0-255,2902,71037,76,225031
9407,0.002118,172.31.40.0-255,66,71103,76,225031
9408,0.00212,172.217.194.0-255,1484,72587,76,225031
9409,0.002136,172.217.194.0-255,4320,76907,76,225031
9410,0.002138,172.31.40.0-255,66,76973,76,225031
9411,0.002158,172.217.194.0-255,6797,83770,76,225031
9412,0.00216,172.31.40.0-255,66,83836,76,225031
9413,0.002377,172.217.194.0-255,1484,85320,76,225031
9414,0.002381,172.217.194.0-255,2902,88222,76,225031
9415,0.002383,172.31.40.0-255,66,88288,76,225031
9416,0.002398,172.217.194.0-255,1484,89772,76,225031
9417,0.002429,172.217.194.0-255,2902,92674,76,225031
9418,0.002431,172.31.40.0-255,66,92740,76,225031
9419,0.002448,172.217.194.0-255,5738,98478,76,225031
9420,0.00245,172.31.40.0-255,66,98544,76,225031
9421,0.002496,172.31.40.0-255,66,98610,76,225031
9422,0.002515,172.217.194.0-255,2902,101512,76,225031
9423,0.002517,172.31.40.0-255,66,101578,76,225031
9424,0.002519,172.217.194.0-255,766,102344,76,225031
9425,0.002851,172.217.194.0-255,1484,103828,76,225031
9426,0.002853,172.31.40.0-255,66,103894,76,225031
9427,0.002858,172.217.194.0-255,2902,106796,76,225031
9428,0.00286,172.31.40.0-255,66,106862,76,225031
9429,0.002862,172.217.194.0-255,1484,108346,76,225031
9430,0.002876,172.217.194.0-255,4320,112666,76,225031
9431,0.002879,172.31.40.0-255,66,112732,76,225031
9432,0.002922,172.31.40.0-255,66,112798,76,225031
9433,0.002925,172.217.194.0-255,1484,114282,76,225031
9434,0.002952,172.31.40.0-255,66,114348,76,225031
9435,0.002956,172.217.194.0-255,2902,117250,76,225031
9436,0.002958,172.31.40.0-255,66,117316,76,225031
9437,0.002998,172.31.40.0-255,66,117382,76,225031
9438,0.003436,172.217.194.0-255,1484,118866,76,225031
9439,0.003441,172.217.194.0-255,2902,121768,76,225031
9440,0.003444,172.31.40.0-255,66,121834,76,225031
9441,0.003485,172.217.194.0-255,2902,124736,76,225031
9442,0.003488,172.31.40.0-255,66,124802,76,225031
9443,0.003508,172.217.194.0-255,2902,127704,76,225031
9444,0.003511,172.31.40.0-255,66,127770,76,225031
9445,0.003523,172.31.40.0-255,66,127836,76,225031
9446,0.003534,172.31.40.0-255,66,127902,76,225031
9447,0.00361,172.217.194.0-255,1484,129386,76,225031
9448,0.003623,172.217.194.0-255,2902,132288,76,225031
9449,0.003625,172.31.40.0-255,66,132354,76,225031
9450,0.003628,172.217.194.0-255,1484,133838,76,225031
9451,0.003645,172.217.194.0-255,4320,138158,76,225031
9452,0.003649,172.31.40.0-255,66,138224,76,225031
9453,0.003679,172.31.40.0-255,66,138290,76,225031
9454,0.003705,172.217.194.0-255,1484,139774,76,225031
9455,0.00371,172.217.194.0-255,2902,142676,76,225031
9456,0.003713,172.31.40.0-255,66,142742,76,225031
9457,0.003742,172.31.40.0-255,66,142808,76,225031
9458,0.003776,172.217.194.0-255,1484,144292,76,225031
9459,0.00378,172.217.194.0-255,1484,145776,76,225031
9460,0.003783,172.31.40.0-255,66,145842,76,225031
9461,0.003796,172.217.194.0-255,1484,147326,76,225031
9462,0.003826,172.217.194.0-255,4320,151646,76,225031
9463,0.00383,172.31.40.0-255,66,151712,76,225031
9464,0.003854,172.217.194.0-255,1484,153196,76,225031
9465,0.003864,172.217.194.0-255,5738,158934,76,225031
9466,0.003868,172.31.40.0-255,66,159000,76,225031
9467,0.00388,172.31.40.0-255,66,159066,76,225031
9468,0.003921,172.217.194.0-255,4320,163386,76,225031
9469,0.003924,172.31.40.0-255,66,163452,76,225031
9470,0.003929,172.217.194.0-255,5020,168472,76,225031
9471,0.003931,172.31.40.0-255,66,168538,76,225031
9472,0.003974,172.217.194.0-255,1484,170022,76,225031
9473,0.003991,172.217.194.0-255,2902,172924,76,225031
9474,0.003994,172.31.40.0-255,66,172990,76,225031
9475,0.004001,172.217.194.0-255,5738,178728,76,225031
9476,0.004004,172.31.40.0-255,66,178794,76,225031
9477,0.004006,172.217.194.0-255,1484,180278,76,225031
9478,0.004024,172.217.194.0-255,4320,184598,76,225031
9479,0.004027,172.31.40.0-255,66,184664,76,225031
9480,0.004035,172.217.194.0-255,7156,191820,76,225031
9481,0.004038,172.31.40.0-255,66,191886,76,225031
9482,0.004074,172.217.194.0-255,4320,196206,76,225031
9483,0.004078,172.31.40.0-255,66,196272,76,225031
9484,0.004102,172.217.194.0-255,6438,202710,76,225031
9485,0.004106,172.31.40.0-255,66,202776,76,225031
9486,0.00411,172.217.194.0-255,2902,205678,76,225031
9487,0.004112,172.31.40.0-255,66,205744,76,225031
9488,0.004142,172.31.40.0-255,66,205810,76,225031
9489,0.004151,172.31.40.0-255,66,205876,76,225031
9490,0.004195,172.31.40.0-255,66,205942,76,225031
9491,0.004234,172.31.40.0-255,66,206008,76,225031
9492,0.004247,172.31.40.0-255,66,206074,76,225031
9493,0.004287,172.217.194.0-255,7156,213230,76,225031
9494,0.00429,172.31.40.0-255,66,213296,76,225031
9495,0.004351,172.31.40.0-255,66,213362,76,225031
9496,0.004374,172.217.194.0-255,7007,220369,76,225031
9497,0.004376,172.217.194.0-255,105,220474,76,225031
9498,0.004823,172.31.40.0-255,66,220540,76,225031
9499,0.007548,172.31.40.0-255,105,220645,76,225031
9500,0.009833,172.217.194.0-255,66,220711,76,225031
9501,0.03643,172.31.40.0-255,192,220903,76,225031
9502,0.036461,172.31.40.0-255,1108,222011,76,225031
9503,0.036504,172.31.40.0-255,1514,223525,76,225031
9504,0.036506,172.31.40.0-255,1308,224833,76,225031
9505,0.037993,104.244.42.0-255,66,224899,76,225031
9506,0.038164,104.244.42.0-255,66,224965,76,225031
9507,0.038217,104.244.42.0-255,66,225031,76,225031
9508,0.0,172.217.24.0-255,226,226,76,169765
9509,1.6e-05,172.31.40.0-255,66,292,76,169765
9510,2.3e-05,172.217.24.0-255,1484,1776,76,169765
9511,2.7e-05,172.31.40.0-255,66,1842,76,169765
9512,6.1e-05,172.217.24.0-255,4320,6162,76,169765
9513,6.4e-05,172.31.40.0-255,66,6228,76,169765
9514,0.000194,172.217.24.0-255,2902,9130,76,169765
9515,0.000198,172.31.40.0-255,66,9196,76,169765
9516,0.000226,172.217.24.0-255,4835,14031,76,169765
9517,0.000229,172.31.40.0-255,66,14097,76,169765
9518,0.000464,172.31.40.0-255,66,14163,76,169765
9519,0.000765,172.31.40.0-255,66,14229,76,169765
9520,0.001039,172.217.24.0-255,5738,19967,76,169765
9521,0.001045,172.31.40.0-255,66,20033,76,169765
9522,0.002011,172.217.24.0-255,2902,22935,76,169765
9523,0.002017,172.31.40.0-255,66,23001,76,169765
9524,0.003021,172.217.24.0-255,2902,25903,76,169765
9525,0.003024,172.31.40.0-255,66,25969,76,169765
9526,0.003984,172.217.24.0-255,2902,28871,76,169765
9527,0.003987,172.31.40.0-255,66,28937,76,169765
9528,0.005007,172.217.24.0-255,2902,31839,76,169765
9529,0.005014,172.31.40.0-255,66,31905,76,169765
9530,0.005958,172.217.24.0-255,2902,34807,76,169765
9531,0.005964,172.31.40.0-255,66,34873,76,169765
9532,0.006994,172.217.24.0-255,2902,37775,76,169765
9533,0.007,172.31.40.0-255,66,37841,76,169765
9534,0.007971,172.217.24.0-255,2902,40743,76,169765
9535,0.007977,172.31.40.0-255,66,40809,76,169765
9536,0.008981,172.217.24.0-255,2902,43711,76,169765
9537,0.008988,172.31.40.0-255,66,43777,76,169765
9538,0.009953,172.217.24.0-255,2902,46679,76,169765
9539,0.009959,172.31.40.0-255,66,46745,76,169765
9540,0.01096,172.217.24.0-255,2902,49647,76,169765
9541,0.010967,172.31.40.0-255,66,49713,76,169765
9542,0.011927,172.217.24.0-255,2902,52615,76,169765
9543,0.011934,172.31.40.0-255,66,52681,76,169765
9544,0.012959,172.217.24.0-255,2902,55583,76,169765
9545,0.012966,172.31.40.0-255,66,55649,76,169765
9546,0.013923,172.217.24.0-255,2902,58551,76,169765
9547,0.013931,172.31.40.0-255,66,58617,76,169765
9548,0.014938,172.217.24.0-255,2902,61519,76,169765
9549,0.014943,172.31.40.0-255,66,61585,76,169765
9550,0.01591,172.217.24.0-255,2902,64487,76,169765
9551,0.015916,172.31.40.0-255,66,64553,76,169765
9552,0.016925,172.217.24.0-255,2902,67455,76,169765
9553,0.016931,172.31.40.0-255,66,67521,76,169765
9554,0.017906,172.217.24.0-255,2902,70423,76,169765
9555,0.017913,172.31.40.0-255,66,70489,76,169765
9556,0.018918,172.217.24.0-255,2902,73391,76,169765
9557,0.018925,172.31.40.0-255,66,73457,76,169765
9558,0.019879,172.217.24.0-255,2902,76359,76,169765
9559,0.019885,172.31.40.0-255,66,76425,76,169765
9560,0.020899,172.217.24.0-255,2902,79327,76,169765
9561,0.020906,172.31.40.0-255,66,79393,76,169765
9562,0.021866,172.217.24.0-255,2902,82295,76,169765
9563,0.021873,172.31.40.0-255,66,82361,76,169765
9564,0.022881,172.217.24.0-255,2902,85263,76,169765
9565,0.022887,172.31.40.0-255,66,85329,76,169765
9566,0.023005,172.31.40.0-255,172,85501,76,169765
9567,0.023029,172.31.40.0-255,1108,86609,76,169765
9568,0.023083,172.31.40.0-255,1514,88123,76,169765
9569,0.023084,172.31.40.0-255,1308,89431,76,169765
9570,0.023843,172.217.24.0-255,2902,92333,76,169765
9571,0.023849,172.31.40.0-255,66,92399,76,169765
9572,0.024526,104.244.42.0-255,66,92465,76,169765
9573,0.02457,104.244.42.0-255,66,92531,76,169765
9574,0.024632,104.244.42.0-255,66,92597,76,169765
9575,0.024891,172.217.24.0-255,2902,95499,76,169765
9576,0.024895,172.31.40.0-255,66,95565,76,169765
9577,0.025829,172.217.24.0-255,2902,98467,76,169765
9578,0.025835,172.31.40.0-255,66,98533,76,169765
9579,0.026875,172.217.24.0-255,2902,101435,76,169765
9580,0.026881,172.31.40.0-255,66,101501,76,169765
9581,0.02782,172.217.24.0-255,2902,104403,76,169765
9582,0.027826,172.31.40.0-255,66,104469,76,169765
9583,0.028867,172.217.24.0-255,2902,107371,76,169765
9584,0.028874,172.31.40.0-255,66,107437,76,169765
9585,0.029803,172.217.24.0-255,2902,110339,76,169765
9586,0.02981,172.31.40.0-255,66,110405,76,169765
9587,0.030848,172.217.24.0-255,2902,113307,76,169765
9588,0.030855,172.31.40.0-255,66,113373,76,169765
9589,0.031792,172.217.24.0-255,2902,116275,76,169765
9590,0.031799,172.31.40.0-255,66,116341,76,169765
9591,0.032851,172.217.24.0-255,2902,119243,76,169765
9592,0.032857,172.31.40.0-255,66,119309,76,169765
9593,0.033804,172.217.24.0-255,2902,122211,76,169765
9594,0.03381,172.31.40.0-255,66,122277,76,169765
9595,0.034836,172.217.24.0-255,2902,125179,76,169765
9596,0.034842,172.31.40.0-255,66,125245,76,169765
9597,0.035792,172.217.24.0-255,2902,128147,76,169765
9598,0.035799,172.31.40.0-255,66,128213,76,169765
9599,0.036832,172.217.24.0-255,2902,131115,76,169765
9600,0.036838,172.31.40.0-255,66,131181,76,169765
9601,0.037774,172.217.24.0-255,2902,134083,76,169765
9602,0.03778,172.31.40.0-255,66,134149,76,169765
9603,0.038822,172.217.24.0-255,2902,137051,76,169765
9604,0.038828,172.31.40.0-255,66,137117,76,169765
9605,0.039753,172.217.24.0-255,2902,140019,76,169765
9606,0.03976,172.31.40.0-255,66,140085,76,169765
9607,0.040816,172.217.24.0-255,2902,142987,76,169765
9608,0.040823,172.31.40.0-255,66,143053,76,169765
9609,0.041769,172.217.24.0-255,2902,145955,76,169765
9610,0.041776,172.31.40.0-255,66,146021,76,169765
9611,0.042825,172.217.24.0-255,2902,148923,76,169765
9612,0.04283,172.31.40.0-255,66,148989,76,169765
9613,0.043763,172.217.24.0-255,2902,151891,76,169765
9614,0.043768,172.31.40.0-255,66,151957,76,169765
9615,0.044817,172.217.24.0-255,2902,154859,76,169765
9616,0.044824,172.31.40.0-255,66,154925,76,169765
9617,0.045756,172.217.24.0-255,2902,157827,76,169765
9618,0.045763,172.31.40.0-255,66,157893,76,169765
9619,0.046812,172.217.24.0-255,2902,160795,76,169765
9620,0.046819,172.31.40.0-255,66,160861,76,169765
9621,0.047745,172.217.24.0-255,2902,163763,76,169765
9622,0.047751,172.31.40.0-255,66,163829,76,169765
9623,0.048797,172.217.24.0-255,2902,166731,76,169765
9624,0.048803,172.31.40.0-255,66,166797,76,169765
9625,0.049727,172.217.24.0-255,2902,169699,76,169765
9626,0.049733,172.31.40.0-255,66,169765,76,169765
9627,0.0,74.125.24.0-255,146,146,76,192472
9628,2.2e-05,172.31.40.0-255,66,212,76,192472
9629,2.9e-05,74.125.24.0-255,1484,1696,76,192472
9630,3.4e-05,172.31.40.0-255,66,1762,76,192472
9631,4e-05,74.125.24.0-255,2902,4664,76,192472
9632,5e-05,172.31.40.0-255,66,4730,76,192472
9633,5.8e-05,74.125.24.0-255,7156,11886,76,192472
9634,6.1e-05,172.31.40.0-255,66,11952,76,192472
9635,6.5e-05,74.125.24.0-255,2032,13984,76,192472
9636,6.8e-05,172.31.40.0-255,66,14050,76,192472
9637,7.1e-05,74.125.24.0-255,1484,15534,76,192472
9638,7.4e-05,172.31.40.0-255,66,15600,76,192472
9639,7.8e-05,74.125.24.0-255,2902,18502,76,192472
9640,8.1e-05,172.31.40.0-255,66,18568,76,192472
9641,8.8e-05,74.125.24.0-255,5738,24306,76,192472
9642,9.1e-05,172.31.40.0-255,66,24372,76,192472
9643,0.000142,74.125.24.0-255,6797,31169,76,192472
9644,0.000145,172.31.40.0-255,66,31235,76,192472
9645,0.000299,74.125.24.0-255,1484,32719,76,192472
9646,0.000304,172.31.40.0-255,66,32785,76,192472
9647,0.00031,74.125.24.0-255,2902,35687,76,192472
9648,0.000313,172.31.40.0-255,66,35753,76,192472
9649,0.000343,74.125.24.0-255,5738,41491,76,192472
9650,0.000346,172.31.40.0-255,66,41557,76,192472
9651,0.000352,74.125.24.0-255,5738,47295,76,192472
9652,0.000354,172.31.40.0-255,66,47361,76,192472
9653,0.000395,172.31.40.0-255,66,47427,76,192472
9654,0.000424,74.125.24.0-255,5379,52806,76,192472
9655,0.000426,172.31.40.0-255,66,52872,76,192472
9656,0.000431,74.125.24.0-255,3961,56833,76,192472
9657,0.000434,172.31.40.0-255,66,56899,76,192472
9658,0.000436,74.125.24.0-255,396,57295,76,192472
9659,0.000441,172.31.40.0-255,66,57361,76,192472
9660,0.000466,74.125.24.0-255,1484,58845,76,192472
9661,0.000468,172.31.40.0-255,66,58911,76,192472
9662,0.000499,74.125.24.0-255,4320,63231,76,192472
9663,0.000502,172.31.40.0-255,66,63297,76,192472
9664,0.000508,74.125.24.0-255,4320,67617,76,192472
9665,0.00051,172.31.40.0-255,66,67683,76,192472
9666,0.000556,74.125.24.0-255,7057,74740,76,192472
9667,0.000559,172.31.40.0-255,66,74806,76,192472
9668,0.000593,74.125.24.0-255,7156,81962,76,192472
9669,0.000596,172.31.40.0-255,66,82028,76,192472
9670,0.0006,74.125.24.0-255,1484,83512,76,192472
9671,0.000602,172.31.40.0-255,66,83578,76,192472
9672,0.000631,172.31.40.0-255,66,83644,76,192472
9673,0.000824,74.125.24.0-255,1484,85128,76,192472
9674,0.000828,172.31.40.0-255,66,85194,76,192472
9675,0.000833,74.125.24.0-255,2902,88096,76,192472
9676,0.000835,172.31.40.0-255,66,88162,76,192472
9677,0.000838,74.125.24.0-255,1484,89646,76,192472
9678,0.00084,172.31.40.0-255,66,89712,76,192472
9679,0.000874,74.125.24.0-255,4320,94032,76,192472
9680,0.00088,172.31.40.0-255,66,94098,76,192472
9681,0.000886,74.125.24.0-255,4320,98418,76,192472
9682,0.000888,172.31.40.0-255,66,98484,76,192472
9683,0.000895,74.125.24.0-255,7156,105640,76,192472
9684,0.000897,172.31.40.0-255,66,105706,76,192472
9685,0.000924,74.125.24.0-255,4320,110026,76,192472
9686,0.000927,172.31.40.0-255,66,110092,76,192472
9687,0.000931,74.125.24.0-255,2902,112994,76,192472
9688,0.000933,172.31.40.0-255,66,113060,76,192472
9689,0.000964,74.125.24.0-255,5020,118080,76,192472
9690,0.000967,172.31.40.0-255,66,118146,76,192472
9691,0.001169,74.125.24.0-255,1484,119630,76,192472
9692,0.001176,74.125.24.0-255,2902,122532,76,192472
9693,0.001179,172.31.40.0-255,66,122598,76,192472
9694,0.001182,74.125.24.0-255,1484,124082,76,192472
9695,0.001208,74.125.24.0-255,4320,128402,76,192472
9696,0.001211,172.31.40.0-255,66,128468,76,192472
9697,0.001223,172.31.40.0-255,66,128534,76,192472
9698,0.001257,74.125.24.0-255,1484,130018,76,192472
9699,0.001262,74.125.24.0-255,2902,132920,76,192472
9700,0.001264,172.31.40.0-255,66,132986,76,192472
9701,0.00129,74.125.24.0-255,6438,139424,76,192472
9702,0.001293,172.31.40.0-255,66,139490,76,192472
9703,0.001299,74.125.24.0-255,7156,146646,76,192472
9704,0.001301,172.31.40.0-255,66,146712,76,192472
9705,0.001321,74.125.24.0-255,5738,152450,76,192472
9706,0.001323,172.31.40.0-255,66,152516,76,192472
9707,0.001348,74.125.24.0-255,2902,155418,76,192472
9708,0.001351,172.31.40.0-255,66,155484,76,192472
9709,0.001395,172.31.40.0-255,66,155550,76,192472
9710,0.001426,74.125.24.0-255,2902,158452,76,192472
9711,0.001429,172.31.40.0-255,66,158518,76,192472
9712,0.001451,74.125.24.0-255,2184,160702,76,192472
9713,0.001453,172.31.40.0-255,66,160768,76,192472
9714,0.001457,74.125.24.0-255,2902,163670,76,192472
9715,0.001459,172.31.40.0-255,66,163736,76,192472
9716,0.001506,172.31.40.0-255,66,163802,76,192472
9717,0.001575,172.31.40.0-255,66,163868,76,192472
9718,0.001582,74.125.24.0-255,7156,171024,76,192472
9719,0.001584,172.31.40.0-255,66,171090,76,192472
9720,0.001618,172.31.40.0-255,66,171156,76,192472
9721,0.00166,74.125.24.0-255,4320,175476,76,192472
9722,0.001663,172.31.40.0-255,66,175542,76,192472
9723,0.001702,172.31.40.0-255,66,175608,76,192472
9724,0.00173,74.125.24.0-255,1484,177092,76,192472
9725,0.001766,172.31.40.0-255,66,177158,76,192472
9726,0.001799,74.125.24.0-255,1484,178642,76,192472
9727,0.001833,172.31.40.0-255,66,178708,76,192472
9728,0.001867,74.125.24.0-255,4320,183028,76,192472
9729,0.00187,172.31.40.0-255,66,183094,76,192472
9730,0.001921,172.31.40.0-255,66,183160,76,192472
9731,0.002014,74.125.24.0-255,2902,186062,76,192472
9732,0.002017,172.31.40.0-255,66,186128,76,192472
9733,0.002047,172.31.40.0-255,66,186194,76,192472
9734,0.002089,172.31.40.0-255,66,186260,76,192472
9735,0.002157,74.125.24.0-255,5738,191998,76,192472
9736,0.00216,172.31.40.0-255,66,192064,76,192472
9737,0.00225,172.31.40.0-255,66,192130,76,192472
9738,0.002295,74.125.24.0-255,105,192235,76,192472
9739,0.012733,172.31.40.0-255,66,192301,76,192472
9740,0.012782,172.31.40.0-255,105,192406,76,192472
9741,0.015283,74.125.24.0-255,66,192472,76,192472
9742,0.0,74.125.24.0-255,152,152,76,246216
9743,2.5e-05,172.31.40.0-255,66,218,76,246216
9744,3.2e-05,74.125.24.0-255,1484,1702,76,246216
9745,3.8e-05,172.31.40.0-255,66,1768,76,246216
9746,4.4e-05,74.125.24.0-255,2902,4670,76,246216
9747,4.7e-05,172.31.40.0-255,66,4736,76,246216
9748,5.1e-05,74.125.24.0-255,1484,6220,76,246216
9749,5.4e-05,172.31.40.0-255,66,6286,76,246216
9750,8.2e-05,74.125.24.0-255,4320,10606,76,246216
9751,8.6e-05,172.31.40.0-255,66,10672,76,246216
9752,9.1e-05,74.125.24.0-255,3520,14192,76,246216
9753,9.3e-05,172.31.40.0-255,66,14258,76,246216
9754,0.00012,74.125.24.0-255,4320,18578,76,246216
9755,0.000122,172.31.40.0-255,66,18644,76,246216
9756,0.000129,74.125.24.0-255,7156,25800,76,246216
9757,0.000131,172.31.40.0-255,66,25866,76,246216
9758,0.000135,74.125.24.0-255,2902,28768,76,246216
9759,0.000138,172.31.40.0-255,66,28834,76,246216
9760,0.000169,172.31.40.0-255,66,28900,76,246216
9761,0.000174,74.125.24.0-255,4320,33220,76,246216
9762,0.000176,172.31.40.0-255,66,33286,76,246216
9763,0.000201,74.125.24.0-255,5020,38306,76,246216
9764,0.000204,172.31.40.0-255,66,38372,76,246216
9765,0.000394,74.125.24.0-255,1484,39856,76,246216
9766,0.000399,172.31.40.0-255,66,39922,76,246216
9767,0.000405,74.125.24.0-255,2902,42824,76,246216
9768,0.000408,172.31.40.0-255,66,42890,76,246216
9769,0.000412,74.125.24.0-255,1484,44374,76,246216
9770,0.000414,172.31.40.0-255,66,44440,76,246216
9771,0.00044,74.125.24.0-255,4320,48760,76,246216
9772,0.000443,172.31.40.0-255,66,48826,76,246216
9773,0.000447,74.125.24.0-255,2902,51728,76,246216
9774,0.000449,172.31.40.0-255,66,51794,76,246216
9775,0.000485,172.31.40.0-255,66,51860,76,246216
9776,0.000498,172.31.40.0-255,66,51926,76,246216
9777,0.000902,74.125.24.0-255,1484,53410,76,246216
9778,0.000929,74.125.24.0-255,2902,56312,76,246216
9779,0.000936,74.125.24.0-255,5738,62050,76,246216
9780,0.000947,172.31.40.0-255,66,62116,76,246216
9781,0.000951,172.31.40.0-255,66,62182,76,246216
9782,0.000956,74.125.24.0-255,2902,65084,76,246216
9783,0.000958,172.31.40.0-255,66,65150,76,246216
9784,0.000981,74.125.24.0-255,7156,72306,76,246216
9785,0.000984,172.31.40.0-255,66,72372,76,246216
9786,0.000988,74.125.24.0-255,2902,75274,76,246216
9787,0.00099,172.31.40.0-255,66,75340,76,246216
9788,0.001009,74.125.24.0-255,7156,82496,76,246216
9789,0.001011,172.31.40.0-255,66,82562,76,246216
9790,0.001039,74.125.24.0-255,3602,86164,76,246216
9791,0.001042,172.31.40.0-255,66,86230,76,246216
9792,0.001488,74.125.24.0-255,1484,87714,76,246216
9793,0.001493,74.125.24.0-255,1484,89198,76,246216
9794,0.001497,172.31.40.0-255,66,89264,76,246216
9795,0.001516,74.125.24.0-255,1484,90748,76,246216
9796,0.001522,74.125.24.0-255,5738,96486,76,246216
9797,0.001525,172.31.40.0-255,66,96552,76,246216
9798,0.001558,74.125.24.0-255,2902,99454,76,246216
9799,0.00156,172.31.40.0-255,66,99520,76,246216
9800,0.001579,74.125.24.0-255,5738,105258,76,246216
9801,0.001581,172.31.40.0-255,66,105324,76,246216
9802,0.001586,74.125.24.0-255,2902,108226,76,246216
9803,0.001588,172.31.40.0-255,66,108292,76,246216
9804,0.001629,172.31.40.0-255,66,108358,76,246216
9805,0.003669,74.125.24.0-255,5738,114096,76,246216
9806,0.003677,172.31.40.0-255,66,114162,76,246216
9807,0.005749,74.125.24.0-255,1484,115646,76,246216
9808,0.005772,74.125.24.0-255,4320,119966,76,246216
9809,0.005775,172.31.40.0-255,66,120032,76,246216
9810,0.007841,74.125.24.0-255,5738,125770,76,246216
9811,0.007848,172.31.40.0-255,66,125836,76,246216
9812,0.009897,74.125.24.0-255,5738,131574,76,246216
9813,0.00991,172.31.40.0-255,66,131640,76,246216
9814,0.012045,74.125.24.0-255,5738,137378,76,246216
9815,0.012066,172.31.40.0-255,66,137444,76,246216
9816,0.01412,74.125.24.0-255,5738,143182,76,246216
9817,0.01414,172.31.40.0-255,66,143248,76,246216
9818,0.016199,74.125.24.0-255,5738,148986,76,246216
9819,0.016215,172.31.40.0-255,66,149052,76,246216
9820,0.01831,74.125.24.0-255,5738,154790,76,246216
9821,0.018327,172.31.40.0-255,66,154856,76,246216
9822,0.020379,74.125.24.0-255,5738,160594,76,246216
9823,0.020393,172.31.40.0-255,66,160660,76,246216
9824,0.022434,74.125.24.0-255,5738,166398,76,246216
9825,0.022443,172.31.40.0-255,66,166464,76,246216
9826,0.02449,74.125.24.0-255,5738,172202,76,246216
9827,0.024498,172.31.40.0-255,66,172268,76,246216
9828,0.026546,74.125.24.0-255,5738,178006,76,246216
9829,0.026556,172.31.40.0-255,66,178072,76,246216
9830,0.02866,74.125.24.0-255,5738,183810,76,246216
9831,0.02868,172.31.40.0-255,66,183876,76,246216
9832,0.030812,74.125.24.0-255,5738,189614,76,246216
9833,0.030829,172.31.40.0-255,66,189680,76,246216
9834,0.0323,172.31.40.0-255,172,189852,76,246216
9835,0.032338,172.31.40.0-255,1110,190962,76,246216
9836,0.032402,172.31.40.0-255,1514,192476,76,246216
9837,0.032404,172.31.40.0-255,1306,193782,76,246216
9838,0.032861,74.125.24.0-255,5738,199520,76,246216
9839,0.03287,172.31.40.0-255,66,199586,76,246216
9840,0.033855,104.244.42.0-255,66,199652,76,246216
9841,0.033902,104.244.42.0-255,66,199718,76,246216
9842,0.033946,104.244.42.0-255,66,199784,76,246216
9843,0.034904,74.125.24.0-255,5738,205522,76,246216
9844,0.03491,172.31.40.0-255,66,205588,76,246216
9845,0.036962,74.125.24.0-255,5738,211326,76,246216
9846,0.03697,172.31.40.0-255,66,211392,76,246216
9847,0.039025,74.125.24.0-255,5738,217130,76,246216
9848,0.039044,172.31.40.0-255,66,217196,76,246216
9849,0.041128,74.125.24.0-255,5738,222934,76,246216
9850,0.041143,172.31.40.0-255,66,223000,76,246216
9851,0.043189,74.125.24.0-255,5738,228738,76,246216
9852,0.043206,172.31.40.0-255,66,228804,76,246216
9853,0.045285,74.125.24.0-255,5738,234542,76,246216
9854,0.045302,172.31.40.0-255,66,234608,76,246216
9855,0.04738,74.125.24.0-255,5738,240346,76,246216
9856,0.047396,172.31.40.0-255,66,240412,76,246216
9857,0.049464,74.125.24.0-255,5738,246150,76,246216
9858,0.049481,172.31.40.0-255,66,246216,76,246216
9859,0.0,172.217.194.0-255,152,152,76,129332
9860,2.2e-05,172.31.40.0-255,66,218,76,129332
9861,2.9e-05,172.217.194.0-255,1484,1702,76,129332
9862,3.4e-05,172.31.40.0-255,66,1768,76,129332
9863,4.8e-05,172.217.194.0-255,2902,4670,76,129332
9864,5.2e-05,172.31.40.0-255,66,4736,76,129332
9865,5.9e-05,172.217.194.0-255,7156,11892,76,129332
9866,6.3e-05,172.31.40.0-255,66,11958,76,129332
9867,0.000128,172.217.194.0-255,2135,14093,76,129332
9868,0.000131,172.31.40.0-255,66,14159,76,129332
9869,0.000375,172.217.194.0-255,1484,15643,76,129332
9870,0.00038,172.31.40.0-255,66,15709,76,129332
9871,0.000386,172.217.194.0-255,2902,18611,76,129332
9872,0.000389,172.31.40.0-255,66,18677,76,129332
9873,0.000411,172.217.194.0-255,1484,20161,76,129332
9874,0.000413,172.31.40.0-255,66,20227,76,129332
9875,0.000432,172.217.194.0-255,4320,24547,76,129332
9876,0.000434,172.31.40.0-255,66,24613,76,129332
9877,0.000495,172.217.194.0-255,6797,31410,76,129332
9878,0.000498,172.31.40.0-255,66,31476,76,129332
9879,0.000572,172.217.194.0-255,5738,37214,76,129332
9880,0.000576,172.31.40.0-255,66,37280,76,129332
9881,0.000611,172.31.40.0-255,66,37346,76,129332
9882,0.000759,172.31.40.0-255,66,37412,76,129332
9883,0.000778,172.217.194.0-255,2902,40314,76,129332
9884,0.00078,172.31.40.0-255,66,40380,76,129332
9885,0.000945,172.217.194.0-255,6438,46818,76,129332
9886,0.00095,172.31.40.0-255,66,46884,76,129332
9887,0.000999,172.217.194.0-255,5738,52622,76,129332
9888,0.001002,172.31.40.0-255,66,52688,76,129332
9889,0.001034,172.31.40.0-255,66,52754,76,129332
9890,0.001269,172.31.40.0-255,66,52820,76,129332
9891,0.001295,172.217.194.0-255,2184,55004,76,129332
9892,0.001298,172.31.40.0-255,66,55070,76,129332
9893,0.001436,172.217.194.0-255,7156,62226,76,129332
9894,0.001441,172.31.40.0-255,66,62292,76,129332
9895,0.001471,172.217.194.0-255,7156,69448,76,129332
9896,0.001474,172.31.40.0-255,66,69514,76,129332
9897,0.001643,172.217.194.0-255,4320,73834,76,129332
9898,0.001647,172.31.40.0-255,66,73900,76,129332
9899,0.001693,172.31.40.0-255,66,73966,76,129332
9900,0.001856,172.217.194.0-255,5738,79704,76,129332
9901,0.00186,172.31.40.0-255,66,79770,76,129332
9902,0.001901,172.31.40.0-255,66,79836,76,129332
9903,0.002116,172.31.40.0-255,66,79902,76,129332
9904,0.002167,172.31.40.0-255,66,79968,76,129332
9905,0.002646,172.31.40.0-255,66,80034,76,129332
9906,0.002698,172.31.40.0-255,66,80100,76,129332
9907,0.003156,172.31.40.0-255,66,80166,76,129332
9908,0.009558,172.31.40.0-255,66,80232,76,129332
9909,0.0119,172.217.194.0-255,5738,85970,76,129332
9910,0.011911,172.31.40.0-255,66,86036,76,129332
9911,0.014217,172.217.194.0-255,4320,90356,76,129332
9912,0.014225,172.31.40.0-255,66,90422,76,129332
9913,0.014251,172.217.194.0-255,1484,91906,76,129332
9914,0.016585,172.217.194.0-255,4320,96226,76,129332
9915,0.0166,172.31.40.0-255,66,96292,76,129332
9916,0.018921,172.217.194.0-255,5738,102030,76,129332
9917,0.018939,172.31.40.0-255,66,102096,76,129332
9918,0.021238,172.217.194.0-255,5738,107834,76,129332
9919,0.021246,172.31.40.0-255,66,107900,76,129332
9920,0.023534,172.217.194.0-255,5738,113638,76,129332
9921,0.023545,172.31.40.0-255,66,113704,76,129332
9922,0.025889,172.217.194.0-255,5738,119442,76,129332
9923,0.025906,172.31.40.0-255,66,119508,76,129332
9924,0.028245,172.217.194.0-255,5287,124795,76,129332
9925,0.028254,172.31.40.0-255,66,124861,76,129332
9926,0.029406,172.31.40.0-255,105,124966,76,129332
9927,0.031677,172.217.194.0-255,66,125032,76,129332
9928,0.04801,172.31.40.0-255,172,125204,76,129332
9929,0.048044,172.31.40.0-255,1110,126314,76,129332
9930,0.0481,172.31.40.0-255,1514,127828,76,129332
9931,0.048101,172.31.40.0-255,1306,129134,76,129332
9932,0.049538,104.244.42.0-255,66,129200,76,129332
9933,0.04955,104.244.42.0-255,66,129266,76,129332
9934,0.049657,104.244.42.0-255,66,129332,76,129332
9935,0.0,172.217.194.0-255,152,152,76,258973
9936,2.3e-05,172.31.40.0-255,66,218,76,258973
9937,3.1e-05,172.217.194.0-255,1484,1702,76,258973
9938,3.5e-05,172.31.40.0-255,66,1768,76,258973
9939,4.1e-05,172.217.194.0-255,2902,4670,76,258973
9940,5.2e-05,172.31.40.0-255,66,4736,76,258973
9941,5.9e-05,172.217.194.0-255,7156,11892,76,258973
9942,6.1e-05,172.31.40.0-255,66,11958,76,258973
9943,6.5e-05,172.217.194.0-255,2164,14122,76,258973
9944,6.9e-05,172.31.40.0-255,66,14188,76,258973
9945,0.000121,172.31.40.0-255,66,14254,76,258973
9946,0.000136,172.217.194.0-255,2902,17156,76,258973
9947,0.000142,172.31.40.0-255,66,17222,76,258973
9948,0.000149,172.217.194.0-255,5379,22601,76,258973
9949,0.000151,172.31.40.0-255,66,22667,76,258973
9950,0.000237,172.217.194.0-255,1484,24151,76,258973
9951,0.00024,172.31.40.0-255,66,24217,76,258973
9952,0.000258,172.217.194.0-255,2902,27119,76,258973
9953,0.00026,172.31.40.0-255,66,27185,76,258973
9954,0.000267,172.217.194.0-255,5738,32923,76,258973
9955,0.000269,172.31.40.0-255,66,32989,76,258973
9956,0.000272,172.217.194.0-255,1484,34473,76,258973
9957,0.000274,172.31.40.0-255,66,34539,76,258973
9958,0.000317,172.217.194.0-255,4320,38859,76,258973
9959,0.00032,172.31.40.0-255,66,38925,76,258973
9960,0.000344,172.217.194.0-255,3961,42886,76,258973
9961,0.000347,172.31.40.0-255,66,42952,76,258973
9962,0.000357,172.31.40.0-255,66,43018,76,258973
9963,0.000389,172.217.194.0-255,5379,48397,76,258973
9964,0.000391,172.31.40.0-255,66,48463,76,258973
9965,0.000641,172.217.194.0-255,645,49108,76,258973
9966,0.000734,172.217.194.0-255,1484,50592,76,258973
9967,0.000739,172.31.40.0-255,66,50658,76,258973
9968,0.000745,172.217.194.0-255,2902,53560,76,258973
9969,0.000747,172.31.40.0-255,66,53626,76,258973
9970,0.000768,172.217.194.0-255,5738,59364,76,258973
9971,0.000771,172.31.40.0-255,66,59430,76,258973
9972,0.000779,172.217.194.0-255,1484,60914,76,258973
9973,0.000825,172.31.40.0-255,66,60980,76,258973
9974,0.000869,172.217.194.0-255,2902,63882,76,258973
9975,0.000873,172.31.40.0-255,66,63948,76,258973
9976,0.000884,172.31.40.0-255,66,64014,76,258973
9977,0.000886,172.217.194.0-255,766,64780,76,258973
9978,0.00089,172.217.194.0-255,1484,66264,76,258973
9979,0.000893,172.31.40.0-255,66,66330,76,258973
9980,0.000926,172.217.194.0-255,4320,70650,76,258973
9981,0.000929,172.31.40.0-255,66,70716,76,258973
9982,0.00094,172.31.40.0-255,66,70782,76,258973
9983,0.000955,172.31.40.0-255,66,70848,76,258973
9984,0.001006,172.31.40.0-255,66,70914,76,258973
9985,0.001053,172.217.194.0-255,5738,76652,76,258973
9986,0.001056,172.31.40.0-255,66,76718,76,258973
9987,0.001087,172.217.194.0-255,5738,82456,76,258973
9988,0.00109,172.31.40.0-255,66,82522,76,258973
9989,0.001113,172.31.40.0-255,66,82588,76,258973
9990,0.001752,172.217.194.0-255,1484,84072,76,258973
9991,0.001762,172.217.194.0-255,2902,86974,76,258973
9992,0.001768,172.31.40.0-255,66,87040,76,258973
9993,0.001776,172.217.194.0-255,5738,92778,76,258973
9994,0.001779,172.31.40.0-255,66,92844,76,258973
9995,0.001821,172.31.40.0-255,66,92910,76,258973
9996,0.001864,172.31.40.0-255,66,92976,76,258973
9997,0.002075,172.217.194.0-255,1484,94460,76,258973
9998,0.002081,172.217.194.0-255,1484,95944,76,258973
9999,0.002084,172.31.40.0-255,66,96010,76,258973
10000,0.002115,172.217.194.0-255,1484,97494,76,258973
10001,0.002122,172.217.194.0-255,5738,103232,76,258973
10002,0.002125,172.31.40.0-255,66,103298,76,258973
10003,0.002132,172.217.194.0-255,7156,110454,76,258973
10004,0.002135,172.31.40.0-255,66,110520,76,258973
10005,0.002164,172.217.194.0-255,5738,116258,76,258973
10006,0.002167,172.31.40.0-255,66,116324,76,258973
10007,0.00218,172.31.40.0-255,66,116390,76,258973
10008,0.00222,172.31.40.0-255,66,116456,76,258973
10009,0.002244,172.31.40.0-255,66,116522,76,258973
10010,0.002266,172.217.194.0-255,5738,122260,76,258973
10011,0.002268,172.31.40.0-255,66,122326,76,258973
10012,0.002298,172.31.40.0-255,66,122392,76,258973
10013,0.002392,172.217.194.0-255,1484,123876,76,258973
10014,0.002397,172.217.194.0-255,2902,126778,76,258973
10015,0.002399,172.31.40.0-255,66,126844,76,258973
10016,0.00242,172.217.194.0-255,4320,131164,76,258973
10017,0.002423,172.31.40.0-255,66,131230,76,258973
10018,0.002445,172.217.194.0-255,1484,132714,76,258973
10019,0.002469,172.217.194.0-255,5738,138452,76,258973
10020,0.002473,172.31.40.0-255,66,138518,76,258973
10021,0.002501,172.217.194.0-255,7156,145674,76,258973
10022,0.002504,172.31.40.0-255,66,145740,76,258973
10023,0.002507,172.217.194.0-255,1484,147224,76,258973
10024,0.002522,172.31.40.0-255,66,147290,76,258973
10025,0.005013,172.217.194.0-255,5738,153028,76,258973
10026,0.005022,172.31.40.0-255,66,153094,76,258973
10027,0.007518,172.217.194.0-255,5738,158832,76,258973
10028,0.007535,172.31.40.0-255,66,158898,76,258973
10029,0.010053,172.217.194.0-255,5738,164636,76,258973
10030,0.01007,172.31.40.0-255,66,164702,76,258973
10031,0.012594,172.217.194.0-255,5738,170440,76,258973
10032,0.012604,172.31.40.0-255,66,170506,76,258973
10033,0.015123,172.217.194.0-255,5738,176244,76,258973
10034,0.015138,172.31.40.0-255,66,176310,76,258973
10035,0.01764,172.217.194.0-255,5738,182048,76,258973
10036,0.017651,172.31.40.0-255,66,182114,76,258973
10037,0.020125,172.217.194.0-255,5738,187852,76,258973
10038,0.020134,172.31.40.0-255,66,187918,76,258973
10039,0.022595,172.217.194.0-255,5738,193656,76,258973
10040,0.022604,172.31.40.0-255,66,193722,76,258973
10041,0.025092,172.217.194.0-255,5738,199460,76,258973
10042,0.025099,172.31.40.0-255,66,199526,76,258973
10043,0.02761,172.217.194.0-255,5738,205264,76,258973
10044,0.027619,172.31.40.0-255,66,205330,76,258973
10045,0.03011,172.217.194.0-255,5738,211068,76,258973
10046,0.03012,172.31.40.0-255,66,211134,76,258973
10047,0.032594,172.217.194.0-255,5738,216872,76,258973
10048,0.032601,172.31.40.0-255,66,216938,76,258973
10049,0.035064,172.217.194.0-255,5738,222676,76,258973
10050,0.035071,172.31.40.0-255,66,222742,76,258973
10051,0.036378,172.31.40.0-255,172,222914,76,258973
10052,0.036412,172.31.40.0-255,1104,224018,76,258973
10053,0.036472,172.31.40.0-255,1514,225532,76,258973
10054,0.036474,172.31.40.0-255,345,225877,76,258973
10055,0.037563,172.217.194.0-255,5738,231615,76,258973
10056,0.03757,172.31.40.0-255,66,231681,76,258973
10057,0.037912,104.244.42.0-255,66,231747,76,258973
10058,0.038044,104.244.42.0-255,66,231813,76,258973
10059,0.038048,104.244.42.0-255,66,231879,76,258973
10060,0.040038,172.217.194.0-255,5738,237617,76,258973
10061,0.040042,172.31.40.0-255,66,237683,76,258973
10062,0.042504,172.217.194.0-255,5738,243421,76,258973
10063,0.042514,172.31.40.0-255,66,243487,76,258973
10064,0.044987,172.217.194.0-255,5738,249225,76,258973
10065,0.044995,172.31.40.0-255,66,249291,76,258973
10066,0.047479,172.217.194.0-255,5738,255029,76,258973
10067,0.047485,172.31.40.0-255,66,255095,76,258973
10068,0.049966,172.217.194.0-255,3812,258907,76,258973
10069,0.049973,172.31.40.0-255,66,258973,76,258973
10070,0.0,74.125.200.0-255,152,152,76,260635
10071,1.6e-05,172.31.40.0-255,66,218,76,260635
10072,5e-05,74.125.200.0-255,1484,1702,76,260635
10073,5.4e-05,172.31.40.0-255,66,1768,76,260635
10074,6e-05,74.125.200.0-255,2902,4670,76,260635
10075,6.3e-05,172.31.40.0-255,66,4736,76,260635
10076,6.7e-05,74.125.200.0-255,1484,6220,76,260635
10077,6.9e-05,172.31.40.0-255,66,6286,76,260635
10078,0.000106,74.125.200.0-255,2902,9188,76,260635
10079,0.000109,172.31.40.0-255,66,9254,76,260635
10080,0.000116,74.125.200.0-255,6232,15486,76,260635
10081,0.000119,172.31.40.0-255,66,15552,76,260635
10082,0.000123,74.125.200.0-255,2902,18454,76,260635
10083,0.000126,172.31.40.0-255,66,18520,76,260635
10084,0.000159,74.125.200.0-255,1484,20004,76,260635
10085,0.000162,172.31.40.0-255,66,20070,76,260635
10086,0.000196,74.125.200.0-255,5738,25808,76,260635
10087,0.000199,172.31.40.0-255,66,25874,76,260635
10088,0.00023,74.125.200.0-255,5379,31253,76,260635
10089,0.000233,172.31.40.0-255,66,31319,76,260635
10090,0.000316,74.125.200.0-255,1484,32803,76,260635
10091,0.000319,172.31.40.0-255,66,32869,76,260635
10092,0.000333,74.125.200.0-255,1484,34353,76,260635
10093,0.000335,172.31.40.0-255,66,34419,76,260635
10094,0.000353,74.125.200.0-255,1484,35903,76,260635
10095,0.000355,172.31.40.0-255,66,35969,76,260635
10096,0.000362,74.125.200.0-255,5738,41707,76,260635
10097,0.000365,172.31.40.0-255,66,41773,76,260635
10098,0.000411,74.125.200.0-255,6797,48570,76,260635
10099,0.000414,172.31.40.0-255,66,48636,76,260635
10100,0.000421,74.125.200.0-255,7156,55792,76,260635
10101,0.000424,172.31.40.0-255,66,55858,76,260635
10102,0.000435,172.31.40.0-255,66,55924,76,260635
10103,0.000469,74.125.200.0-255,1125,57049,76,260635
10104,0.000746,74.125.200.0-255,648,57697,76,260635
10105,0.000751,172.31.40.0-255,66,57763,76,260635
10106,0.000861,74.125.200.0-255,1484,59247,76,260635
10107,0.000866,74.125.200.0-255,1484,60731,76,260635
10108,0.000869,172.31.40.0-255,66,60797,76,260635
10109,0.000899,74.125.200.0-255,1484,62281,76,260635
10110,0.000905,74.125.200.0-255,4320,66601,76,260635
10111,0.000907,172.31.40.0-255,66,66667,76,260635
10112,0.000946,172.31.40.0-255,66,66733,76,260635
10113,0.001072,74.125.200.0-255,1484,68217,76,260635
10114,0.001095,74.125.200.0-255,2902,71119,76,260635
10115,0.001098,172.31.40.0-255,66,71185,76,260635
10116,0.001134,74.125.200.0-255,5738,76923,76,260635
10117,0.001137,172.31.40.0-255,66,76989,76,260635
10118,0.001144,74.125.200.0-255,5738,82727,76,260635
10119,0.001146,172.31.40.0-255,66,82793,76,260635
10120,0.001153,74.125.200.0-255,7156,89949,76,260635
10121,0.001155,172.31.40.0-255,66,90015,76,260635
10122,0.001196,74.125.200.0-255,2902,92917,76,260635
10123,0.001199,172.31.40.0-255,66,92983,76,260635
10124,0.001237,172.31.40.0-255,66,93049,76,260635
10125,0.001372,74.125.200.0-255,1484,94533,76,260635
10126,0.001377,74.125.200.0-255,1484,96017,76,260635
10127,0.001379,172.31.40.0-255,66,96083,76,260635
10128,0.00141,74.125.200.0-255,1484,97567,76,260635
10129,0.001418,74.125.200.0-255,5738,103305,76,260635
10130,0.00142,172.31.40.0-255,66,103371,76,260635
10131,0.001443,74.125.200.0-255,1484,104855,76,260635
10132,0.001471,172.31.40.0-255,66,104921,76,260635
10133,0.001492,74.125.200.0-255,7156,112077,76,260635
10134,0.001499,172.31.40.0-255,66,112143,76,260635
10135,0.001527,74.125.200.0-255,3602,115745,76,260635
10136,0.001529,172.31.40.0-255,66,115811,76,260635
10137,0.001952,74.125.200.0-255,1484,117295,76,260635
10138,0.001956,74.125.200.0-255,1484,118779,76,260635
10139,0.00196,172.31.40.0-255,66,118845,76,260635
10140,0.001972,74.125.200.0-255,1484,120329,76,260635
10141,0.002,74.125.200.0-255,5738,126067,76,260635
10142,0.002003,172.31.40.0-255,66,126133,76,260635
10143,0.002037,74.125.200.0-255,7156,133289,76,260635
10144,0.00204,172.31.40.0-255,66,133355,76,260635
10145,0.002046,74.125.200.0-255,4320,137675,76,260635
10146,0.002048,172.31.40.0-255,66,137741,76,260635
10147,0.002082,74.125.200.0-255,2902,140643,76,260635
10148,0.002085,172.31.40.0-255,66,140709,76,260635
10149,0.002096,172.31.40.0-255,66,140775,76,260635
10150,0.002098,74.125.200.0-255,766,141541,76,260635
10151,0.002479,172.31.40.0-255,66,141607,76,260635
10152,0.004377,74.125.200.0-255,4320,145927,76,260635
10153,0.004384,172.31.40.0-255,66,145993,76,260635
10154,0.004767,74.125.200.0-255,1484,147477,76,260635
10155,0.006665,74.125.200.0-255,4320,151797,76,260635
10156,0.006671,172.31.40.0-255,66,151863,76,260635
10157,0.008958,74.125.200.0-255,5738,157601,76,260635
10158,0.008965,172.31.40.0-255,66,157667,76,260635
10159,0.011269,74.125.200.0-255,5738,163405,76,260635
10160,0.011276,172.31.40.0-255,66,163471,76,260635
10161,0.013574,74.125.200.0-255,5738,169209,76,260635
10162,0.013582,172.31.40.0-255,66,169275,76,260635
10163,0.015881,74.125.200.0-255,5738,175013,76,260635
10164,0.01589,172.31.40.0-255,66,175079,76,260635
10165,0.018176,74.125.200.0-255,5738,180817,76,260635
10166,0.018183,172.31.40.0-255,66,180883,76,260635
10167,0.020473,74.125.200.0-255,5738,186621,76,260635
10168,0.020481,172.31.40.0-255,66,186687,76,260635
10169,0.022769,74.125.200.0-255,5738,192425,76,260635
10170,0.022777,172.31.40.0-255,66,192491,76,260635
10171,0.025069,74.125.200.0-255,5738,198229,76,260635
10172,0.025076,172.31.40.0-255,66,198295,76,260635
10173,0.027364,74.125.200.0-255,5738,204033,76,260635
10174,0.027371,172.31.40.0-255,66,204099,76,260635
10175,0.028532,172.31.40.0-255,172,204271,76,260635
10176,0.028564,172.31.40.0-255,1108,205379,76,260635
10177,0.028624,172.31.40.0-255,1514,206893,76,260635
10178,0.02863,172.31.40.0-255,1308,208201,76,260635
10179,0.029654,74.125.200.0-255,5738,213939,76,260635
10180,0.029662,172.31.40.0-255,66,214005,76,260635
10181,0.030058,104.244.42.0-255,66,214071,76,260635
10182,0.030117,104.244.42.0-255,66,214137,76,260635
10183,0.030208,104.244.42.0-255,66,214203,76,260635
10184,0.031959,74.125.200.0-255,5738,219941,76,260635
10185,0.031972,172.31.40.0-255,66,220007,76,260635
10186,0.034275,74.125.200.0-255,5738,225745,76,260635
10187,0.034288,172.31.40.0-255,66,225811,76,260635
10188,0.0366,74.125.200.0-255,5738,231549,76,260635
10189,0.036616,172.31.40.0-255,66,231615,76,260635
10190,0.038949,74.125.200.0-255,5738,237353,76,260635
10191,0.038959,172.31.40.0-255,66,237419,76,260635
10192,0.041266,74.125.200.0-255,5738,243157,76,260635
10193,0.041283,172.31.40.0-255,66,243223,76,260635
10194,0.043602,74.125.200.0-255,5738,248961,76,260635
10195,0.043624,172.31.40.0-255,66,249027,76,260635
10196,0.04594,74.125.200.0-255,5738,254765,76,260635
10197,0.045959,172.31.40.0-255,66,254831,76,260635
10198,0.048315,74.125.200.0-255,5738,260569,76,260635
10199,0.048331,172.31.40.0-255,66,260635,76,260635
10200,0.0,74.125.130.0-255,153,153,76,363239
10201,2.2e-05,172.31.40.0-255,66,219,76,363239
10202,2.9e-05,74.125.130.0-255,1484,1703,76,363239
10203,3.3e-05,172.31.40.0-255,66,1769,76,363239
10204,3.9e-05,74.125.130.0-255,2902,4671,76,363239
10205,4.1e-05,172.31.40.0-255,66,4737,76,363239
10206,6.8e-05,74.125.130.0-255,7156,11893,76,363239
10207,7.1e-05,172.31.40.0-255,66,11959,76,363239
10208,9.7e-05,74.125.130.0-255,1484,13443,76,363239
10209,0.0001,172.31.40.0-255,66,13509,76,363239
10210,0.000123,74.125.130.0-255,6385,19894,76,363239
10211,0.000126,172.31.40.0-255,66,19960,76,363239
10212,0.00013,74.125.130.0-255,2902,22862,76,363239
10213,0.000132,172.31.40.0-255,66,22928,76,363239
10214,0.000165,74.125.130.0-255,2902,25830,76,363239
10215,0.000167,172.31.40.0-255,66,25896,76,363239
10216,0.000189,74.125.130.0-255,5379,31275,76,363239
10217,0.000192,172.31.40.0-255,66,31341,76,363239
10218,0.000328,74.125.130.0-255,1484,32825,76,363239
10219,0.000333,172.31.40.0-255,66,32891,76,363239
10220,0.000338,74.125.130.0-255,2902,35793,76,363239
10221,0.000341,172.31.40.0-255,66,35859,76,363239
10222,0.000368,74.125.130.0-255,5738,41597,76,363239
10223,0.000371,172.31.40.0-255,66,41663,76,363239
10224,0.000373,74.125.130.0-255,1484,43147,76,363239
10225,0.000376,172.31.40.0-255,66,43213,76,363239
10226,0.000378,74.125.130.0-255,1484,44697,76,363239
10227,0.00038,172.31.40.0-255,66,44763,76,363239
10228,0.000398,74.125.130.0-255,1484,46247,76,363239
10229,0.0004,172.31.40.0-255,66,46313,76,363239
10230,0.000427,74.125.130.0-255,6797,53110,76,363239
10231,0.00043,172.31.40.0-255,66,53176,76,363239
10232,0.000435,74.125.130.0-255,4320,57496,76,363239
10233,0.000438,172.31.40.0-255,66,57562,76,363239
10234,0.000462,74.125.130.0-255,2902,60464,76,363239
10235,0.000464,172.31.40.0-255,66,60530,76,363239
10236,0.000471,74.125.130.0-255,5634,66164,76,363239
10237,0.000474,172.31.40.0-255,66,66230,76,363239
10238,0.000496,74.125.130.0-255,114,66344,76,363239
10239,0.000683,74.125.130.0-255,1484,67828,76,363239
10240,0.000688,172.31.40.0-255,66,67894,76,363239
10241,0.000695,74.125.130.0-255,2902,70796,76,363239
10242,0.000698,172.31.40.0-255,66,70862,76,363239
10243,0.000701,74.125.130.0-255,1484,72346,76,363239
10244,0.000727,74.125.130.0-255,4320,76666,76,363239
10245,0.00073,172.31.40.0-255,66,76732,76,363239
10246,0.000734,74.125.130.0-255,1484,78216,76,363239
10247,0.000738,74.125.130.0-255,2902,81118,76,363239
10248,0.00074,172.31.40.0-255,66,81184,76,363239
10249,0.000756,74.125.130.0-255,4320,85504,76,363239
10250,0.000759,172.31.40.0-255,66,85570,76,363239
10251,0.000782,74.125.130.0-255,1484,87054,76,363239
10252,0.000788,74.125.130.0-255,4320,91374,76,363239
10253,0.00079,172.31.40.0-255,66,91440,76,363239
10254,0.000796,74.125.130.0-255,5738,97178,76,363239
10255,0.000799,172.31.40.0-255,66,97244,76,363239
10256,0.000818,74.125.130.0-255,3602,100846,76,363239
10257,0.000822,172.31.40.0-255,66,100912,76,363239
10258,0.000905,74.125.130.0-255,1484,102396,76,363239
10259,0.000922,74.125.130.0-255,2902,105298,76,363239
10260,0.000926,172.31.40.0-255,66,105364,76,363239
10261,0.000932,74.125.130.0-255,4320,109684,76,363239
10262,0.000934,172.31.40.0-255,66,109750,76,363239
10263,0.000958,74.125.130.0-255,5738,115488,76,363239
10264,0.00096,172.31.40.0-255,66,115554,76,363239
10265,0.00098,74.125.130.0-255,2902,118456,76,363239
10266,0.000983,172.31.40.0-255,66,118522,76,363239
10267,0.000988,74.125.130.0-255,4320,122842,76,363239
10268,0.00099,172.31.40.0-255,66,122908,76,363239
10269,0.000996,74.125.130.0-255,5738,128646,76,363239
10270,0.000998,172.31.40.0-255,66,128712,76,363239
10271,0.001024,74.125.130.0-255,4320,133032,76,363239
10272,0.001026,172.31.40.0-255,66,133098,76,363239
10273,0.001046,74.125.130.0-255,1921,135019,76,363239
10274,0.001049,172.31.40.0-255,66,135085,76,363239
10275,0.001056,74.125.130.0-255,7156,142241,76,363239
10276,0.001058,172.31.40.0-255,66,142307,76,363239
10277,0.001085,172.31.40.0-255,66,142373,76,363239
10278,0.001147,172.31.40.0-255,66,142439,76,363239
10279,0.001165,74.125.130.0-255,2902,145341,76,363239
10280,0.001167,172.31.40.0-255,66,145407,76,363239
10281,0.001173,74.125.130.0-255,5020,150427,76,363239
10282,0.001175,172.31.40.0-255,66,150493,76,363239
10283,0.001294,74.125.130.0-255,1484,151977,76,363239
10284,0.00131,74.125.130.0-255,2902,154879,76,363239
10285,0.001313,172.31.40.0-255,66,154945,76,363239
10286,0.001332,74.125.130.0-255,5738,160683,76,363239
10287,0.001334,172.31.40.0-255,66,160749,76,363239
10288,0.00136,74.125.130.0-255,7156,167905,76,363239
10289,0.001363,172.31.40.0-255,66,167971,76,363239
10290,0.001379,74.125.130.0-255,1484,169455,76,363239
10291,0.001404,172.31.40.0-255,66,169521,76,363239
10292,0.001437,74.125.130.0-255,3602,173123,76,363239
10293,0.00144,172.31.40.0-255,66,173189,76,363239
10294,0.001495,74.125.130.0-255,1484,174673,76,363239
10295,0.001509,74.125.130.0-255,2902,177575,76,363239
10296,0.001512,172.31.40.0-255,66,177641,76,363239
10297,0.001534,74.125.130.0-255,4320,181961,76,363239
10298,0.001537,172.31.40.0-255,66,182027,76,363239
10299,0.001556,74.125.130.0-255,1484,183511,76,363239
10300,0.001564,74.125.130.0-255,7156,190667,76,363239
10301,0.001567,172.31.40.0-255,66,190733,76,363239
10302,0.001595,172.31.40.0-255,66,190799,76,363239
10303,0.001614,74.125.130.0-255,4320,195119,76,363239
10304,0.001617,172.31.40.0-255,66,195185,76,363239
10305,0.001633,74.125.130.0-255,3602,198787,76,363239
10306,0.001635,172.31.40.0-255,66,198853,76,363239
10307,0.001739,74.125.130.0-255,1484,200337,76,363239
10308,0.001745,74.125.130.0-255,2902,203239,76,363239
10309,0.001748,172.31.40.0-255,66,203305,76,363239
10310,0.001752,74.125.130.0-255,1484,204789,76,363239
10311,0.00177,74.125.130.0-255,4320,209109,76,363239
10312,0.001772,172.31.40.0-255,66,209175,76,363239
10313,0.001776,74.125.130.0-255,1484,210659,76,363239
10314,0.001801,172.31.40.0-255,66,210725,76,363239
10315,0.001843,172.31.40.0-255,66,210791,76,363239
10316,0.001847,74.125.130.0-255,2184,212975,76,363239
10317,0.001849,172.31.40.0-255,66,213041,76,363239
10318,0.001903,74.125.130.0-255,1484,214525,76,363239
10319,0.001932,74.125.130.0-255,2902,217427,76,363239
10320,0.001936,74.125.130.0-255,2902,220329,76,363239
10321,0.00194,74.125.130.0-255,4320,224649,76,363239
10322,0.001945,172.31.40.0-255,66,224715,76,363239
10323,0.001948,172.31.40.0-255,66,224781,76,363239
10324,0.001955,172.31.40.0-255,66,224847,76,363239
10325,0.001959,74.125.130.0-255,1484,226331,76,363239
10326,0.001984,74.125.130.0-255,7156,233487,76,363239
10327,0.001988,172.31.40.0-255,66,233553,76,363239
10328,0.001995,74.125.130.0-255,7156,240709,76,363239
10329,0.001997,172.31.40.0-255,66,240775,76,363239
10330,0.002048,74.125.130.0-255,6438,247213,76,363239
10331,0.002051,172.31.40.0-255,66,247279,76,363239
10332,0.002085,74.125.130.0-255,4320,251599,76,363239
10333,0.002088,172.31.40.0-255,66,251665,76,363239
10334,0.002111,74.125.130.0-255,5738,257403,76,363239
10335,0.002114,172.31.40.0-255,66,257469,76,363239
10336,0.002131,74.125.130.0-255,4320,261789,76,363239
10337,0.002134,172.31.40.0-255,66,261855,76,363239
10338,0.002158,74.125.130.0-255,7156,269011,76,363239
10339,0.002161,172.31.40.0-255,66,269077,76,363239
10340,0.002166,74.125.130.0-255,4320,273397,76,363239
10341,0.002169,172.31.40.0-255,66,273463,76,363239
10342,0.002196,74.125.130.0-255,5738,279201,76,363239
10343,0.002199,172.31.40.0-255,66,279267,76,363239
10344,0.002218,74.125.130.0-255,2184,281451,76,363239
10345,0.00222,172.31.40.0-255,66,281517,76,363239
10346,0.004453,74.125.130.0-255,4320,285837,76,363239
10347,0.00446,172.31.40.0-255,66,285903,76,363239
10348,0.004479,74.125.130.0-255,1484,287387,76,363239
10349,0.006685,74.125.130.0-255,4320,291707,76,363239
10350,0.006691,172.31.40.0-255,66,291773,76,363239
10351,0.008921,74.125.130.0-255,5738,297511,76,363239
10352,0.008927,172.31.40.0-255,66,297577,76,363239
10353,0.011179,74.125.130.0-255,5738,303315,76,363239
10354,0.011193,172.31.40.0-255,66,303381,76,363239
10355,0.01344,74.125.130.0-255,5738,309119,76,363239
10356,0.013456,172.31.40.0-255,66,309185,76,363239
10357,0.015698,74.125.130.0-255,5738,314923,76,363239
10358,0.015711,172.31.40.0-255,66,314989,76,363239
10359,0.017948,74.125.130.0-255,5738,320727,76,363239
10360,0.017963,172.31.40.0-255,66,320793,76,363239
10361,0.020196,74.125.130.0-255,5738,326531,76,363239
10362,0.020206,172.31.40.0-255,66,326597,76,363239
10363,0.022447,74.125.130.0-255,5738,332335,76,363239
10364,0.022454,172.31.40.0-255,66,332401,76,363239
10365,0.024688,74.125.130.0-255,5738,338139,76,363239
10366,0.024696,172.31.40.0-255,66,338205,76,363239
10367,0.026939,74.125.130.0-255,5738,343943,76,363239
10368,0.026951,172.31.40.0-255,66,344009,76,363239
10369,0.029189,74.125.130.0-255,5738,349747,76,363239
10370,0.0292,172.31.40.0-255,66,349813,76,363239
10371,0.031433,74.125.130.0-255,5738,355551,76,363239
10372,0.03144,172.31.40.0-255,66,355617,76,363239
10373,0.033703,74.125.130.0-255,3281,358898,76,363239
10374,0.033713,172.31.40.0-255,66,358964,76,363239
10375,0.034321,172.31.40.0-255,105,359069,76,363239
10376,0.036514,74.125.130.0-255,66,359135,76,363239
10377,0.04857,172.31.40.0-255,172,359307,76,363239
10378,0.048617,172.31.40.0-255,1109,360416,76,363239
10379,0.048681,172.31.40.0-255,1514,361930,76,363239
10380,0.048683,172.31.40.0-255,1309,363239,76,363239
10381,0.0,172.253.118.0-255,153,153,76,219727
10382,2.3e-05,172.31.40.0-255,66,219,76,219727
10383,3e-05,172.253.118.0-255,1484,1703,76,219727
10384,3.7e-05,172.31.40.0-255,66,1769,76,219727
10385,4.3e-05,172.253.118.0-255,2902,4671,76,219727
10386,4.7e-05,172.31.40.0-255,66,4737,76,219727
10387,5.4e-05,172.253.118.0-255,7156,11893,76,219727
10388,5.7e-05,172.31.40.0-255,66,11959,76,219727
10389,6.1e-05,172.253.118.0-255,2023,13982,76,219727
10390,6.4e-05,172.31.40.0-255,66,14048,76,219727
10391,0.000137,172.253.118.0-255,1484,15532,76,219727
10392,0.000139,172.31.40.0-255,66,15598,76,219727
10393,0.000144,172.253.118.0-255,2902,18500,76,219727
10394,0.000147,172.31.40.0-255,66,18566,76,219727
10395,0.000153,172.253.118.0-255,5738,24304,76,219727
10396,0.000156,172.31.40.0-255,66,24370,76,219727
10397,0.000194,172.253.118.0-255,6797,31167,76,219727
10398,0.000197,172.31.40.0-255,66,31233,76,219727
10399,0.000204,172.253.118.0-255,7156,38389,76,219727
10400,0.000206,172.31.40.0-255,66,38455,76,219727
10401,0.000239,172.253.118.0-255,2902,41357,76,219727
10402,0.000241,172.31.40.0-255,66,41423,76,219727
10403,0.000259,172.253.118.0-255,6797,48220,76,219727
10404,0.000262,172.31.40.0-255,66,48286,76,219727
10405,0.000292,172.253.118.0-255,5738,54024,76,219727
10406,0.000295,172.31.40.0-255,66,54090,76,219727
10407,0.00032,172.253.118.0-255,7156,61246,76,219727
10408,0.000323,172.31.40.0-255,66,61312,76,219727
10409,0.000342,172.253.118.0-255,2902,64214,76,219727
10410,0.000344,172.31.40.0-255,66,64280,76,219727
10411,0.000356,172.253.118.0-255,1417,65697,76,219727
10412,0.000358,172.31.40.0-255,66,65763,76,219727
10413,0.000444,172.253.118.0-255,1484,67247,76,219727
10414,0.000451,172.253.118.0-255,2902,70149,76,219727
10415,0.000454,172.31.40.0-255,66,70215,76,219727
10416,0.000481,172.253.118.0-255,5738,75953,76,219727
10417,0.000483,172.31.40.0-255,66,76019,76,219727
10418,0.000489,172.253.118.0-255,4320,80339,76,219727
10419,0.000492,172.31.40.0-255,66,80405,76,219727
10420,0.000508,172.253.118.0-255,2543,82948,76,219727
10421,0.00051,172.31.40.0-255,66,83014,76,219727
10422,0.000513,172.253.118.0-255,385,83399,76,219727
10423,0.000561,172.253.118.0-255,1484,84883,76,219727
10424,0.000564,172.31.40.0-255,66,84949,76,219727
10425,0.000571,172.253.118.0-255,2902,87851,76,219727
10426,0.000573,172.31.40.0-255,66,87917,76,219727
10427,0.000584,172.253.118.0-255,1484,89401,76,219727
10428,0.00062,172.31.40.0-255,66,89467,76,219727
10429,0.000633,172.31.40.0-255,66,89533,76,219727
10430,0.00066,172.253.118.0-255,6469,96002,76,219727
10431,0.000663,172.31.40.0-255,66,96068,76,219727
10432,0.000775,172.253.118.0-255,1484,97552,76,219727
10433,0.000795,172.253.118.0-255,2902,100454,76,219727
10434,0.000799,172.31.40.0-255,66,100520,76,219727
10435,0.000805,172.253.118.0-255,4320,104840,76,219727
10436,0.000807,172.31.40.0-255,66,104906,76,219727
10437,0.000813,172.253.118.0-255,4320,109226,76,219727
10438,0.000816,172.31.40.0-255,66,109292,76,219727
10439,0.00084,172.253.118.0-255,4320,113612,76,219727
10440,0.000844,172.31.40.0-255,66,113678,76,219727
10441,0.000848,172.253.118.0-255,2902,116580,76,219727
10442,0.00085,172.31.40.0-255,66,116646,76,219727
10443,0.000883,172.31.40.0-255,66,116712,76,219727
10444,0.001184,172.253.118.0-255,1484,118196,76,219727
10445,0.00119,172.253.118.0-255,2902,121098,76,219727
10446,0.001194,172.31.40.0-255,66,121164,76,219727
10447,0.0012,172.253.118.0-255,4320,125484,76,219727
10448,0.001202,172.31.40.0-255,66,125550,76,219727
10449,0.001215,172.253.118.0-255,1484,127034,76,219727
10450,0.00125,172.31.40.0-255,66,127100,76,219727
10451,0.001255,172.253.118.0-255,2902,130002,76,219727
10452,0.001256,172.31.40.0-255,66,130068,76,219727
10453,0.001279,172.31.40.0-255,66,130134,76,219727
10454,0.001329,172.253.118.0-255,1484,131618,76,219727
10455,0.001345,172.253.118.0-255,2902,134520,76,219727
10456,0.001348,172.31.40.0-255,66,134586,76,219727
10457,0.001352,172.253.118.0-255,2902,137488,76,219727
10458,0.001359,172.31.40.0-255,66,137554,76,219727
10459,0.001372,172.253.118.0-255,7156,144710,76,219727
10460,0.001438,172.253.118.0-255,3602,148312,76,219727
10461,0.001447,172.31.40.0-255,66,148378,76,219727
10462,0.001521,172.253.118.0-255,1484,149862,76,219727
10463,0.001525,172.253.118.0-255,1484,151346,76,219727
10464,0.001528,172.31.40.0-255,66,151412,76,219727
10465,0.001552,172.253.118.0-255,1484,152896,76,219727
10466,0.001558,172.253.118.0-255,5738,158634,76,219727
10467,0.001565,172.253.118.0-255,7156,165790,76,219727
10468,0.001579,172.253.118.0-255,1484,167274,76,219727
10469,0.001581,172.31.40.0-255,66,167340,76,219727
10470,0.001612,172.253.118.0-255,2184,169524,76,219727
10471,0.001631,172.31.40.0-255,66,169590,76,219727
10472,0.0018,172.253.118.0-255,1484,171074,76,219727
10473,0.001806,172.253.118.0-255,2902,173976,76,219727
10474,0.001809,172.31.40.0-255,66,174042,76,219727
10475,0.001814,172.253.118.0-255,2902,176944,76,219727
10476,0.001818,172.31.40.0-255,66,177010,76,219727
10477,0.001831,172.253.118.0-255,2902,179912,76,219727
10478,0.001842,172.253.118.0-255,1484,181396,76,219727
10479,0.001869,172.253.118.0-255,7156,188552,76,219727
10480,0.001878,172.31.40.0-255,66,188618,76,219727
10481,0.001888,172.253.118.0-255,3602,192220,76,219727
10482,0.001893,172.31.40.0-255,66,192286,76,219727
10483,0.001946,172.31.40.0-255,66,192352,76,219727
10484,0.001985,172.253.118.0-255,766,193118,76,219727
10485,0.002005,172.253.118.0-255,4320,197438,76,219727
10486,0.002036,172.253.118.0-255,5738,203176,76,219727
10487,0.002061,172.31.40.0-255,66,203242,76,219727
10488,0.002064,172.253.118.0-255,1484,204726,76,219727
10489,0.002077,172.253.118.0-255,2902,207628,76,219727
10490,0.002089,172.31.40.0-255,66,207694,76,219727
10491,0.002164,172.253.118.0-255,7156,214850,76,219727
10492,0.002177,172.31.40.0-255,66,214916,76,219727
10493,0.002209,172.253.118.0-255,105,215021,76,219727
10494,0.002216,172.31.40.0-255,66,215087,76,219727
10495,0.003665,172.31.40.0-255,101,215188,76,219727
10496,0.004595,172.31.40.0-255,105,215293,76,219727
10497,0.006175,172.253.118.0-255,66,215359,76,219727
10498,0.007091,172.253.118.0-255,66,215425,76,219727
10499,0.029958,172.31.40.0-255,172,215597,76,219727
10500,0.029993,172.31.40.0-255,1109,216706,76,219727
10501,0.030054,172.31.40.0-255,1514,218220,76,219727
10502,0.030056,172.31.40.0-255,1309,219529,76,219727
10503,0.031472,104.244.42.0-255,66,219595,76,219727
10504,0.031498,104.244.42.0-255,66,219661,76,219727
10505,0.031561,104.244.42.0-255,66,219727,76,219727
10506,0.0,172.217.194.0-255,146,146,76,280694
10507,1.2e-05,172.31.40.0-255,66,212,76,280694
10508,1.8e-05,172.217.194.0-255,1484,1696,76,280694
10509,2.2e-05,172.31.40.0-255,66,1762,76,280694
10510,2.7e-05,172.217.194.0-255,2902,4664,76,280694
10511,3e-05,172.31.40.0-255,66,4730,76,280694
10512,5.5e-05,172.217.194.0-255,7156,11886,76,280694
10513,5.7e-05,172.31.40.0-255,66,11952,76,280694
10514,6.1e-05,172.217.194.0-255,1983,13935,76,280694
10515,6.3e-05,172.31.40.0-255,66,14001,76,280694
10516,0.000114,172.217.194.0-255,1484,15485,76,280694
10517,0.000116,172.31.40.0-255,66,15551,76,280694
10518,0.000122,172.217.194.0-255,2902,18453,76,280694
10519,0.000125,172.31.40.0-255,66,18519,76,280694
10520,0.000127,172.217.194.0-255,1484,20003,76,280694
10521,0.000129,172.31.40.0-255,66,20069,76,280694
10522,0.000158,172.217.194.0-255,4320,24389,76,280694
10523,0.00016,172.31.40.0-255,66,24455,76,280694
10524,0.000167,172.217.194.0-255,6797,31252,76,280694
10525,0.000168,172.31.40.0-255,66,31318,76,280694
10526,0.000179,172.217.194.0-255,1484,32802,76,280694
10527,0.00018,172.31.40.0-255,66,32868,76,280694
10528,0.000203,172.217.194.0-255,5738,38606,76,280694
10529,0.000205,172.31.40.0-255,66,38672,76,280694
10530,0.000209,172.217.194.0-255,2902,41574,76,280694
10531,0.00021,172.31.40.0-255,66,41640,76,280694
10532,0.000238,172.217.194.0-255,6797,48437,76,280694
10533,0.00024,172.31.40.0-255,66,48503,76,280694
10534,0.000256,172.217.194.0-255,1484,49987,76,280694
10535,0.000258,172.31.40.0-255,66,50053,76,280694
10536,0.000279,172.217.194.0-255,7156,57209,76,280694
10537,0.000282,172.31.40.0-255,66,57275,76,280694
10538,0.000329,172.217.194.0-255,365,57640,76,280694
10539,0.000581,172.217.194.0-255,1484,59124,76,280694
10540,0.000588,172.217.194.0-255,2902,62026,76,280694
10541,0.000595,172.217.194.0-255,4320,66346,76,280694
10542,0.000608,172.217.194.0-255,1484,67830,76,280694
10543,0.000615,172.217.194.0-255,7156,74986,76,280694
10544,0.000631,172.217.194.0-255,4320,79306,76,280694
10545,0.000658,172.217.194.0-255,2184,81490,76,280694
10546,0.000681,172.31.40.0-255,66,81556,76,280694
10547,0.00093,172.217.194.0-255,1484,83040,76,280694
10548,0.000937,172.217.194.0-255,2902,85942,76,280694
10549,0.00095,172.31.40.0-255,66,86008,76,280694
10550,0.000963,172.217.194.0-255,5738,91746,76,280694
10551,0.000968,172.31.40.0-255,66,91812,76,280694
10552,0.00103,172.217.194.0-255,5738,97550,76,280694
10553,0.001054,172.31.40.0-255,66,97616,76,280694
10554,0.001115,172.217.194.0-255,1484,99100,76,280694
10555,0.001121,172.217.194.0-255,2902,102002,76,280694
10556,0.001135,172.217.194.0-255,4320,106322,76,280694
10557,0.001146,172.217.194.0-255,1484,107806,76,280694
10558,0.001179,172.31.40.0-255,66,107872,76,280694
10559,0.001191,172.217.194.0-255,1484,109356,76,280694
10560,0.001221,172.31.40.0-255,66,109422,76,280694
10561,0.001232,172.217.194.0-255,6438,115860,76,280694
10562,0.001238,172.217.194.0-255,7156,123016,76,280694
10563,0.001245,172.31.40.0-255,66,123082,76,280694
10564,0.001263,172.217.194.0-255,4320,127402,76,280694
10565,0.001277,172.31.40.0-255,66,127468,76,280694
10566,0.001303,172.217.194.0-255,6438,133906,76,280694
10567,0.001327,172.31.40.0-255,66,133972,76,280694
10568,0.00162,172.217.194.0-255,1484,135456,76,280694
10569,0.001626,172.217.194.0-255,2902,138358,76,280694
10570,0.001643,172.217.194.0-255,5738,144096,76,280694
10571,0.00165,172.31.40.0-255,66,144162,76,280694
10572,0.001709,172.217.194.0-255,766,144928,76,280694
10573,0.001715,172.31.40.0-255,66,144994,76,280694
10574,0.001748,172.217.194.0-255,1484,146478,76,280694
10575,0.00176,172.217.194.0-255,2902,149380,76,280694
10576,0.001772,172.217.194.0-255,1484,150864,76,280694
10577,0.001785,172.31.40.0-255,66,150930,76,280694
10578,0.001805,172.217.194.0-255,1484,152414,76,280694
10579,0.001843,172.217.194.0-255,2184,154598,76,280694
10580,0.00186,172.31.40.0-255,66,154664,76,280694
10581,0.00192,172.217.194.0-255,1484,156148,76,280694
10582,0.001946,172.217.194.0-255,2902,159050,76,280694
10583,0.001953,172.217.194.0-255,5738,164788,76,280694
10584,0.001973,172.31.40.0-255,66,164854,76,280694
10585,0.002055,172.31.40.0-255,66,164920,76,280694
10586,0.004059,172.217.194.0-255,5738,170658,76,280694
10587,0.004065,172.31.40.0-255,66,170724,76,280694
10588,0.006107,172.217.194.0-255,5738,176462,76,280694
10589,0.008452,172.31.40.0-255,66,176528,76,280694
10590,0.01047,172.217.194.0-255,5738,182266,76,280694
10591,0.010476,172.31.40.0-255,66,182332,76,280694
10592,0.012503,172.217.194.0-255,5738,188070,76,280694
10593,0.012512,172.31.40.0-255,66,188136,76,280694
10594,0.014541,172.217.194.0-255,5738,193874,76,280694
10595,0.016579,172.31.40.0-255,66,193940,76,280694
10596,0.018625,172.217.194.0-255,5738,199678,76,280694
10597,0.018636,172.31.40.0-255,66,199744,76,280694
10598,0.020668,172.217.194.0-255,5738,205482,76,280694
10599,0.020677,172.31.40.0-255,66,205548,76,280694
10600,0.022722,172.217.194.0-255,5738,211286,76,280694
10601,0.022731,172.31.40.0-255,66,211352,76,280694
10602,0.024744,172.217.194.0-255,5738,217090,76,280694
10603,0.024751,172.31.40.0-255,66,217156,76,280694
10604,0.026766,172.217.194.0-255,5738,222894,76,280694
10605,0.026772,172.31.40.0-255,66,222960,76,280694
10606,0.028783,172.217.194.0-255,5738,228698,76,280694
10607,0.02879,172.31.40.0-255,66,228764,76,280694
10608,0.030815,172.217.194.0-255,5738,234502,76,280694
10609,0.030822,172.31.40.0-255,66,234568,76,280694
10610,0.032794,172.31.40.0-255,172,234740,76,280694
10611,0.032826,172.31.40.0-255,1108,235848,76,280694
10612,0.032866,172.217.194.0-255,5738,241586,76,280694
10613,0.032871,172.31.40.0-255,66,241652,76,280694
10614,0.03298,172.31.40.0-255,1514,243166,76,280694
10615,0.032983,172.31.40.0-255,1310,244476,76,280694
10616,0.034336,104.244.42.0-255,66,244542,76,280694
10617,0.034372,104.244.42.0-255,66,244608,76,280694
10618,0.034514,104.244.42.0-255,66,244674,76,280694
10619,0.034911,172.217.194.0-255,5738,250412,76,280694
10620,0.034918,172.31.40.0-255,66,250478,76,280694
10621,0.036958,172.217.194.0-255,5738,256216,76,280694
10622,0.036965,172.31.40.0-255,66,256282,76,280694
10623,0.038994,172.217.194.0-255,5738,262020,76,280694
10624,0.039001,172.31.40.0-255,66,262086,76,280694
10625,0.041037,172.217.194.0-255,5738,267824,76,280694
10626,0.041043,172.31.40.0-255,66,267890,76,280694
10627,0.04308,172.217.194.0-255,5738,273628,76,280694
10628,0.043087,172.31.40.0-255,66,273694,76,280694
10629,0.04511,172.217.194.0-255,5738,279432,76,280694
10630,0.045117,172.31.40.0-255,66,279498,76,280694
10631,0.047139,172.217.194.0-255,959,280457,76,280694
10632,0.047278,172.31.40.0-255,66,280523,76,280694
10633,0.047314,172.31.40.0-255,105,280628,76,280694
10634,0.049316,172.217.194.0-255,66,280694,76,280694
10635,0.0,172.217.194.0-255,152,152,76,145771
10636,2.4e-05,172.31.40.0-255,66,218,76,145771
10637,3.1e-05,172.217.194.0-255,1484,1702,76,145771
10638,3.5e-05,172.31.40.0-255,66,1768,76,145771
10639,4.1e-05,172.217.194.0-255,2902,4670,76,145771
10640,4.5e-05,172.31.40.0-255,66,4736,76,145771
10641,5.1e-05,172.217.194.0-255,5738,10474,76,145771
10642,5.4e-05,172.31.40.0-255,66,10540,76,145771
10643,6.8e-05,172.31.40.0-255,66,10606,76,145771
10644,7.3e-05,172.217.194.0-255,4320,14926,76,145771
10645,7.6e-05,172.31.40.0-255,66,14992,76,145771
10646,0.000112,172.217.194.0-255,5379,20371,76,145771
10647,0.000116,172.31.40.0-255,66,20437,76,145771
10648,0.000128,172.31.40.0-255,66,20503,76,145771
10649,0.000139,172.31.40.0-255,66,20569,76,145771
10650,0.000161,172.217.194.0-255,1484,22053,76,145771
10651,0.000163,172.31.40.0-255,66,22119,76,145771
10652,0.000169,172.217.194.0-255,4320,26439,76,145771
10653,0.000171,172.31.40.0-255,66,26505,76,145771
10654,0.000197,172.31.40.0-255,66,26571,76,145771
10655,0.000226,172.31.40.0-255,66,26637,76,145771
10656,0.000232,172.217.194.0-255,3413,30050,76,145771
10657,0.000235,172.31.40.0-255,66,30116,76,145771
10658,0.000332,172.217.194.0-255,1484,31600,76,145771
10659,0.000336,172.31.40.0-255,66,31666,76,145771
10660,0.000341,172.217.194.0-255,2902,34568,76,145771
10661,0.000344,172.31.40.0-255,66,34634,76,145771
10662,0.000394,172.217.194.0-255,4320,38954,76,145771
10663,0.000396,172.31.40.0-255,66,39020,76,145771
10664,0.000416,172.217.194.0-255,1484,40504,76,145771
10665,0.000429,172.31.40.0-255,66,40570,76,145771
10666,0.000435,172.217.194.0-255,4320,44890,76,145771
10667,0.000437,172.31.40.0-255,66,44956,76,145771
10668,0.000464,172.31.40.0-255,66,45022,76,145771
10669,0.000498,172.217.194.0-255,1484,46506,76,145771
10670,0.000522,172.217.194.0-255,2902,49408,76,145771
10671,0.000525,172.31.40.0-255,66,49474,76,145771
10672,0.000532,172.217.194.0-255,5738,55212,76,145771
10673,0.000534,172.31.40.0-255,66,55278,76,145771
10674,0.00054,172.217.194.0-255,5738,61016,76,145771
10675,0.000543,172.31.40.0-255,66,61082,76,145771
10676,0.000577,172.31.40.0-255,66,61148,76,145771
10677,0.000618,172.217.194.0-255,5020,66168,76,145771
10678,0.000621,172.31.40.0-255,66,66234,76,145771
10679,0.000627,172.217.194.0-255,5738,71972,76,145771
10680,0.000629,172.31.40.0-255,66,72038,76,145771
10681,0.000655,172.31.40.0-255,66,72104,76,145771
10682,0.000667,172.31.40.0-255,66,72170,76,145771
10683,0.000689,172.217.194.0-255,7156,79326,76,145771
10684,0.000692,172.31.40.0-255,66,79392,76,145771
10685,0.000694,172.217.194.0-255,766,80158,76,145771
10686,0.000738,172.217.194.0-255,4320,84478,76,145771
10687,0.000741,172.31.40.0-255,66,84544,76,145771
10688,0.000763,172.217.194.0-255,1484,86028,76,145771
10689,0.000771,172.217.194.0-255,7156,93184,76,145771
10690,0.000773,172.217.194.0-255,1484,94668,76,145771
10691,0.000778,172.31.40.0-255,66,94734,76,145771
10692,0.000807,172.31.40.0-255,66,94800,76,145771
10693,0.000813,172.217.194.0-255,4320,99120,76,145771
10694,0.000815,172.31.40.0-255,66,99186,76,145771
10695,0.000832,172.217.194.0-255,2184,101370,76,145771
10696,0.000835,172.31.40.0-255,66,101436,76,145771
10697,0.000848,172.217.194.0-255,2902,104338,76,145771
10698,0.000851,172.31.40.0-255,66,104404,76,145771
10699,0.000882,172.31.40.0-255,66,104470,76,145771
10700,0.000895,172.217.194.0-255,1484,105954,76,145771
10701,0.000912,172.217.194.0-255,2902,108856,76,145771
10702,0.000949,172.31.40.0-255,66,108922,76,145771
10703,0.000964,172.217.194.0-255,1484,110406,76,145771
10704,0.001034,172.217.194.0-255,1484,111890,76,145771
10705,0.001038,172.217.194.0-255,2902,114792,76,145771
10706,0.001052,172.31.40.0-255,66,114858,76,145771
10707,0.001069,172.217.194.0-255,5738,120596,76,145771
10708,0.001075,172.217.194.0-255,4320,124916,76,145771
10709,0.0011,172.217.194.0-255,2902,127818,76,145771
10710,0.001113,172.31.40.0-255,66,127884,76,145771
10711,0.001145,172.31.40.0-255,66,127950,76,145771
10712,0.001166,172.217.194.0-255,4320,132270,76,145771
10713,0.001199,172.31.40.0-255,66,132336,76,145771
10714,0.001273,172.31.40.0-255,66,132402,76,145771
10715,0.001312,172.31.40.0-255,66,132468,76,145771
10716,0.001333,172.217.194.0-255,5738,138206,76,145771
10717,0.00134,172.31.40.0-255,66,138272,76,145771
10718,0.001362,172.31.40.0-255,66,138338,76,145771
10719,0.001396,172.217.194.0-255,2791,141129,76,145771
10720,0.001399,172.217.194.0-255,105,141234,76,145771
10721,0.001412,172.31.40.0-255,66,141300,76,145771
10722,0.004465,172.31.40.0-255,105,141405,76,145771
10723,0.006691,172.217.194.0-255,66,141471,76,145771
10724,0.033684,172.31.40.0-255,172,141643,76,145771
10725,0.033716,172.31.40.0-255,1108,142751,76,145771
10726,0.033779,172.31.40.0-255,1514,144265,76,145771
10727,0.033781,172.31.40.0-255,1308,145573,76,145771
10728,0.035251,104.244.42.0-255,66,145639,76,145771
10729,0.035282,104.244.42.0-255,66,145705,76,145771
10730,0.035385,104.244.42.0-255,66,145771,76,145771
10731,0.0,172.217.194.0-255,152,152,76,198114
10732,1.5e-05,172.31.40.0-255,66,218,76,198114
10733,2.2e-05,172.217.194.0-255,1484,1702,76,198114
10734,2.8e-05,172.31.40.0-255,66,1768,76,198114
10735,3.4e-05,172.217.194.0-255,2902,4670,76,198114
10736,3.7e-05,172.31.40.0-255,66,4736,76,198114
10737,4.5e-05,172.217.194.0-255,7156,11892,76,198114
10738,4.8e-05,172.31.40.0-255,66,11958,76,198114
10739,5.3e-05,172.217.194.0-255,2144,14102,76,198114
10740,5.5e-05,172.31.40.0-255,66,14168,76,198114
10741,0.000104,172.217.194.0-255,1484,15652,76,198114
10742,0.000107,172.31.40.0-255,66,15718,76,198114
10743,0.000112,172.217.194.0-255,2902,18620,76,198114
10744,0.000115,172.31.40.0-255,66,18686,76,198114
10745,0.000118,172.217.194.0-255,1484,20170,76,198114
10746,0.000119,172.31.40.0-255,66,20236,76,198114
10747,0.000148,172.217.194.0-255,4320,24556,76,198114
10748,0.000152,172.31.40.0-255,66,24622,76,198114
10749,0.000157,172.217.194.0-255,4320,28942,76,198114
10750,0.00016,172.31.40.0-255,66,29008,76,198114
10751,0.000172,172.217.194.0-255,2543,31551,76,198114
10752,0.000175,172.31.40.0-255,66,31617,76,198114
10753,0.000221,172.217.194.0-255,1484,33101,76,198114
10754,0.000224,172.31.40.0-255,66,33167,76,198114
10755,0.000229,172.217.194.0-255,2902,36069,76,198114
10756,0.000231,172.31.40.0-255,66,36135,76,198114
10757,0.000266,172.217.194.0-255,5738,41873,76,198114
10758,0.000269,172.31.40.0-255,66,41939,76,198114
10759,0.000277,172.217.194.0-255,6797,48736,76,198114
10760,0.000279,172.31.40.0-255,66,48802,76,198114
10761,0.00204,172.217.194.0-255,1484,50286,76,198114
10762,0.002045,172.31.40.0-255,66,50352,76,198114
10763,0.00205,172.217.194.0-255,2902,53254,76,198114
10764,0.002065,172.217.194.0-255,2902,56156,76,198114
10765,0.002091,172.217.194.0-255,2902,59058,76,198114
10766,0.002098,172.217.194.0-255,6797,65855,76,198114
10767,0.002542,172.31.40.0-255,66,65921,76,198114
10768,0.004632,172.217.194.0-255,5738,71659,76,198114
10769,0.00464,172.31.40.0-255,66,71725,76,198114
10770,0.006708,172.217.194.0-255,5738,77463,76,198114
10771,0.006714,172.31.40.0-255,66,77529,76,198114
10772,0.008802,172.217.194.0-255,5738,83267,76,198114
10773,0.008809,172.31.40.0-255,66,83333,76,198114
10774,0.010891,172.217.194.0-255,5738,89071,76,198114
10775,0.010899,172.31.40.0-255,66,89137,76,198114
10776,0.012975,172.217.194.0-255,5738,94875,76,198114
10777,0.012986,172.31.40.0-255,66,94941,76,198114
10778,0.015061,172.217.194.0-255,5738,100679,76,198114
10779,0.015069,172.31.40.0-255,66,100745,76,198114
10780,0.017161,172.217.194.0-255,5738,106483,76,198114
10781,0.017168,172.31.40.0-255,66,106549,76,198114
10782,0.019234,172.217.194.0-255,5738,112287,76,198114
10783,0.019242,172.31.40.0-255,66,112353,76,198114
10784,0.021328,172.217.194.0-255,5738,118091,76,198114
10785,0.021339,172.31.40.0-255,66,118157,76,198114
10786,0.023482,172.217.194.0-255,5738,123895,76,198114
10787,0.023494,172.31.40.0-255,66,123961,76,198114
10788,0.025593,172.217.194.0-255,5738,129699,76,198114
10789,0.0256,172.31.40.0-255,66,129765,76,198114
10790,0.027705,172.217.194.0-255,5738,135503,76,198114
10791,0.027713,172.31.40.0-255,66,135569,76,198114
10792,0.029807,172.217.194.0-255,5738,141307,76,198114
10793,0.029814,172.31.40.0-255,66,141373,76,198114
10794,0.031917,172.217.194.0-255,5738,147111,76,198114
10795,0.031926,172.31.40.0-255,66,147177,76,198114
10796,0.03401,172.217.194.0-255,5738,152915,76,198114
10797,0.034018,172.31.40.0-255,66,152981,76,198114
10798,0.035144,172.31.40.0-255,203,153184,76,198114
10799,0.035179,172.31.40.0-255,1109,154293,76,198114
10800,0.03524,172.31.40.0-255,1514,155807,76,198114
10801,0.035242,172.31.40.0-255,1307,157114,76,198114
10802,0.036088,172.217.194.0-255,5738,162852,76,198114
10803,0.036096,172.31.40.0-255,66,162918,76,198114
10804,0.036706,104.244.42.0-255,66,162984,76,198114
10805,0.036714,104.244.42.0-255,66,163050,76,198114
10806,0.036779,104.244.42.0-255,66,163116,76,198114
10807,0.038209,172.217.194.0-255,5738,168854,76,198114
10808,0.038216,172.31.40.0-255,66,168920,76,198114
10809,0.038298,104.244.42.0-255,108,169028,76,198114
10810,0.038304,172.31.40.0-255,66,169094,76,198114
10811,0.040301,172.217.194.0-255,5738,174832,76,198114
10812,0.04031,172.31.40.0-255,66,174898,76,198114
10813,0.042413,172.217.194.0-255,5738,180636,76,198114
10814,0.04242,172.31.40.0-255,66,180702,76,198114
10815,0.04452,172.217.194.0-255,5738,186440,76,198114
10816,0.044527,172.31.40.0-255,66,186506,76,198114
10817,0.046594,172.217.194.0-255,5738,192244,76,198114
10818,0.0466,172.31.40.0-255,66,192310,76,198114
10819,0.048687,172.217.194.0-255,5738,198048,76,198114
10820,0.048696,172.31.40.0-255,66,198114,76,198114
10821,0.0,172.253.118.0-255,153,153,76,242089
10822,1.6e-05,172.31.40.0-255,66,219,76,242089
10823,2.3e-05,172.253.118.0-255,1484,1703,76,242089
10824,2.7e-05,172.31.40.0-255,66,1769,76,242089
10825,3.2e-05,172.253.118.0-255,2902,4671,76,242089
10826,3.5e-05,172.31.40.0-255,66,4737,76,242089
10827,4.3e-05,172.253.118.0-255,7156,11893,76,242089
10828,4.5e-05,172.31.40.0-255,66,11959,76,242089
10829,6.9e-05,172.253.118.0-255,2041,14000,76,242089
10830,7.1e-05,172.31.40.0-255,66,14066,76,242089
10831,0.000213,172.253.118.0-255,1484,15550,76,242089
10832,0.000217,172.31.40.0-255,66,15616,76,242089
10833,0.000223,172.253.118.0-255,2902,18518,76,242089
10834,0.000226,172.31.40.0-255,66,18584,76,242089
10835,0.000232,172.253.118.0-255,5738,24322,76,242089
10836,0.000235,172.31.40.0-255,66,24388,76,242089
10837,0.000272,172.253.118.0-255,5738,30126,76,242089
10838,0.000275,172.31.40.0-255,66,30192,76,242089
10839,0.00029,172.253.118.0-255,1125,31317,76,242089
10840,0.000292,172.31.40.0-255,66,31383,76,242089
10841,0.000317,172.253.118.0-255,1484,32867,76,242089
10842,0.000319,172.31.40.0-255,66,32933,76,242089
10843,0.00034,172.253.118.0-255,2902,35835,76,242089
10844,0.000343,172.31.40.0-255,66,35901,76,242089
10845,0.00035,172.253.118.0-255,5738,41639,76,242089
10846,0.000352,172.31.40.0-255,66,41705,76,242089
10847,0.000383,172.253.118.0-255,6797,48502,76,242089
10848,0.000386,172.31.40.0-255,66,48568,76,242089
10849,0.00125,172.253.118.0-255,1484,50052,76,242089
10850,0.001258,172.31.40.0-255,66,50118,76,242089
10851,0.001267,172.253.118.0-255,2902,53020,76,242089
10852,0.001269,172.31.40.0-255,66,53086,76,242089
10853,0.001276,172.253.118.0-255,5738,58824,76,242089
10854,0.001278,172.31.40.0-255,66,58890,76,242089
10855,0.001284,172.253.118.0-255,2902,61792,76,242089
10856,0.001286,172.31.40.0-255,66,61858,76,242089
10857,0.001315,172.253.118.0-255,3961,65819,76,242089
10858,0.001317,172.31.40.0-255,66,65885,76,242089
10859,0.00132,172.253.118.0-255,1484,67369,76,242089
10860,0.001341,172.253.118.0-255,7156,74525,76,242089
10861,0.001343,172.31.40.0-255,66,74591,76,242089
10862,0.00136,172.253.118.0-255,5738,80329,76,242089
10863,0.001362,172.31.40.0-255,66,80395,76,242089
10864,0.001367,172.253.118.0-255,3123,83518,76,242089
10865,0.001369,172.31.40.0-255,66,83584,76,242089
10866,0.001392,172.253.118.0-255,1484,85068,76,242089
10867,0.001396,172.253.118.0-255,2902,87970,76,242089
10868,0.001399,172.31.40.0-255,66,88036,76,242089
10869,0.001419,172.253.118.0-255,5738,93774,76,242089
10870,0.001421,172.31.40.0-255,66,93840,76,242089
10871,0.001425,172.253.118.0-255,1484,95324,76,242089
10872,0.00144,172.253.118.0-255,5379,100703,76,242089
10873,0.001442,172.31.40.0-255,66,100769,76,242089
10874,0.002204,172.253.118.0-255,1484,102253,76,242089
10875,0.002225,172.253.118.0-255,2902,105155,76,242089
10876,0.00223,172.31.40.0-255,66,105221,76,242089
10877,0.002237,172.253.118.0-255,5738,110959,76,242089
10878,0.002239,172.31.40.0-255,66,111025,76,242089
10879,0.002288,172.31.40.0-255,66,111091,76,242089
10880,0.002291,172.253.118.0-255,1484,112575,76,242089
10881,0.004551,172.253.118.0-255,4320,116895,76,242089
10882,0.004557,172.31.40.0-255,66,116961,76,242089
10883,0.006811,172.253.118.0-255,5738,122699,76,242089
10884,0.006815,172.31.40.0-255,66,122765,76,242089
10885,0.009066,172.253.118.0-255,5738,128503,76,242089
10886,0.009074,172.31.40.0-255,66,128569,76,242089
10887,0.011341,172.253.118.0-255,5738,134307,76,242089
10888,0.011348,172.31.40.0-255,66,134373,76,242089
10889,0.013592,172.253.118.0-255,5738,140111,76,242089
10890,0.0136,172.31.40.0-255,66,140177,76,242089
10891,0.015844,172.253.118.0-255,5738,145915,76,242089
10892,0.015853,172.31.40.0-255,66,145981,76,242089
10893,0.018121,172.253.118.0-255,5738,151719,76,242089
10894,0.018128,172.31.40.0-255,66,151785,76,242089
10895,0.020379,172.253.118.0-255,5738,157523,76,242089
10896,0.020384,172.31.40.0-255,66,157589,76,242089
10897,0.022629,172.253.118.0-255,5738,163327,76,242089
10898,0.022637,172.31.40.0-255,66,163393,76,242089
10899,0.02488,172.253.118.0-255,5738,169131,76,242089
10900,0.024886,172.31.40.0-255,66,169197,76,242089
10901,0.027164,172.253.118.0-255,5738,174935,76,242089
10902,0.027173,172.31.40.0-255,66,175001,76,242089
10903,0.029427,172.253.118.0-255,5738,180739,76,242089
10904,0.029435,172.31.40.0-255,66,180805,76,242089
10905,0.029898,172.31.40.0-255,172,180977,76,242089
10906,0.029929,172.31.40.0-255,1109,182086,76,242089
10907,0.029991,172.31.40.0-255,1514,183600,76,242089
10908,0.029993,172.31.40.0-255,1514,185114,76,242089
10909,0.029994,172.31.40.0-255,1514,186628,76,242089
10910,0.029998,172.31.40.0-255,1514,188142,76,242089
10911,0.029999,172.31.40.0-255,1513,189655,76,242089
10912,0.031442,104.244.42.0-255,66,189721,76,242089
10913,0.031537,104.244.42.0-255,66,189787,76,242089
10914,0.031646,104.244.42.0-255,66,189853,76,242089
10915,0.03167,172.253.118.0-255,5738,195591,76,242089
10916,0.031675,172.31.40.0-255,66,195657,76,242089
10917,0.033929,172.253.118.0-255,5738,201395,76,242089
10918,0.033936,172.31.40.0-255,66,201461,76,242089
10919,0.036184,172.253.118.0-255,5738,207199,76,242089
10920,0.036192,172.31.40.0-255,66,207265,76,242089
10921,0.038445,172.253.118.0-255,5738,213003,76,242089
10922,0.038451,172.31.40.0-255,66,213069,76,242089
10923,0.040696,172.253.118.0-255,5738,218807,76,242089
10924,0.040702,172.31.40.0-255,66,218873,76,242089
10925,0.042934,172.253.118.0-255,5738,224611,76,242089
10926,0.042941,172.31.40.0-255,66,224677,76,242089
10927,0.045206,172.253.118.0-255,5738,230415,76,242089
10928,0.045211,172.31.40.0-255,66,230481,76,242089
10929,0.047489,172.253.118.0-255,5738,236219,76,242089
10930,0.047496,172.31.40.0-255,66,236285,76,242089
10931,0.049772,172.253.118.0-255,5738,242023,76,242089
10932,0.049778,172.31.40.0-255,66,242089,76,242089
10933,0.0,74.125.24.0-255,153,153,76,265806
10934,2.2e-05,172.31.40.0-255,66,219,76,265806
10935,2.8e-05,74.125.24.0-255,1484,1703,76,265806
10936,3.3e-05,172.31.40.0-255,66,1769,76,265806
10937,4.6e-05,74.125.24.0-255,2902,4671,76,265806
10938,4.9e-05,172.31.40.0-255,66,4737,76,265806
10939,5.6e-05,74.125.24.0-255,7156,11893,76,265806
10940,5.9e-05,172.31.40.0-255,66,11959,76,265806
10941,0.000104,172.31.40.0-255,66,12025,76,265806
10942,0.000107,74.125.24.0-255,1484,13509,76,265806
10943,0.000109,172.31.40.0-255,66,13575,76,265806
10944,0.000136,74.125.24.0-255,6797,20372,76,265806
10945,0.000139,172.31.40.0-255,66,20438,76,265806
10946,0.000391,74.125.24.0-255,1484,21922,76,265806
10947,0.000397,172.31.40.0-255,66,21988,76,265806
10948,0.000404,74.125.24.0-255,2902,24890,76,265806
10949,0.000406,172.31.40.0-255,66,24956,76,265806
10950,0.000416,74.125.24.0-255,4320,29276,76,265806
10951,0.000419,172.31.40.0-255,66,29342,76,265806
10952,0.000445,74.125.24.0-255,1484,30826,76,265806
10953,0.000452,172.31.40.0-255,66,30892,76,265806
10954,0.000458,74.125.24.0-255,4320,35212,76,265806
10955,0.00046,172.31.40.0-255,66,35278,76,265806
10956,0.000464,74.125.24.0-255,2543,37821,76,265806
10957,0.000466,172.31.40.0-255,66,37887,76,265806
10958,0.000506,74.125.24.0-255,2902,40789,76,265806
10959,0.000509,172.31.40.0-255,66,40855,76,265806
10960,0.000516,74.125.24.0-255,7156,48011,76,265806
10961,0.000519,172.31.40.0-255,66,48077,76,265806
10962,0.000531,74.125.24.0-255,6797,54874,76,265806
10963,0.000534,172.31.40.0-255,66,54940,76,265806
10964,0.000563,74.125.24.0-255,365,55305,76,265806
10965,0.000734,74.125.24.0-255,1484,56789,76,265806
10966,0.000738,172.31.40.0-255,66,56855,76,265806
10967,0.000744,74.125.24.0-255,2902,59757,76,265806
10968,0.000747,172.31.40.0-255,66,59823,76,265806
10969,0.000758,74.125.24.0-255,5738,65561,76,265806
10970,0.000762,172.31.40.0-255,66,65627,76,265806
10971,0.000766,74.125.24.0-255,2902,68529,76,265806
10972,0.000768,172.31.40.0-255,66,68595,76,265806
10973,0.000799,74.125.24.0-255,3961,72556,76,265806
10974,0.000801,74.125.24.0-255,379,72935,76,265806
10975,0.000836,172.31.40.0-255,66,73001,76,265806
10976,0.000858,74.125.24.0-255,1484,74485,76,265806
10977,0.000861,172.31.40.0-255,66,74551,76,265806
10978,0.000885,74.125.24.0-255,2902,77453,76,265806
10979,0.000887,172.31.40.0-255,66,77519,76,265806
10980,0.000893,74.125.24.0-255,5738,83257,76,265806
10981,0.000895,172.31.40.0-255,66,83323,76,265806
10982,0.000917,74.125.24.0-255,2902,86225,76,265806
10983,0.000919,172.31.40.0-255,66,86291,76,265806
10984,0.000942,74.125.24.0-255,3961,90252,76,265806
10985,0.000946,172.31.40.0-255,66,90318,76,265806
10986,0.001585,74.125.24.0-255,1484,91802,76,265806
10987,0.001594,74.125.24.0-255,2902,94704,76,265806
10988,0.001598,172.31.40.0-255,66,94770,76,265806
10989,0.001606,74.125.24.0-255,5738,100508,76,265806
10990,0.001608,172.31.40.0-255,66,100574,76,265806
10991,0.001654,172.31.40.0-255,66,100640,76,265806
10992,0.00166,74.125.24.0-255,5738,106378,76,265806
10993,0.001662,172.31.40.0-255,66,106444,76,265806
10994,0.001691,74.125.24.0-255,5020,111464,76,265806
10995,0.001693,172.31.40.0-255,66,111530,76,265806
10996,0.001759,74.125.24.0-255,1484,113014,76,265806
10997,0.001764,74.125.24.0-255,2902,115916,76,265806
10998,0.001767,172.31.40.0-255,66,115982,76,265806
10999,0.001774,74.125.24.0-255,4320,120302,76,265806
11000,0.001776,172.31.40.0-255,66,120368,76,265806
11001,0.001801,74.125.24.0-255,1484,121852,76,265806
11002,0.001817,74.125.24.0-255,5738,127590,76,265806
11003,0.00182,172.31.40.0-255,66,127656,76,265806
11004,0.001849,74.125.24.0-255,4320,131976,76,265806
11005,0.001852,172.31.40.0-255,66,132042,76,265806
11006,0.001867,172.31.40.0-255,66,132108,76,265806
11007,0.00189,74.125.24.0-255,2902,135010,76,265806
11008,0.001893,172.31.40.0-255,66,135076,76,265806
11009,0.001941,172.31.40.0-255,66,135142,76,265806
11010,0.001948,74.125.24.0-255,4320,139462,76,265806
11011,0.00195,172.31.40.0-255,66,139528,76,265806
11012,0.001995,172.31.40.0-255,66,139594,76,265806
11013,0.00204,74.125.24.0-255,1484,141078,76,265806
11014,0.002046,74.125.24.0-255,2902,143980,76,265806
11015,0.00205,172.31.40.0-255,66,144046,76,265806
11016,0.002055,74.125.24.0-255,4320,148366,76,265806
11017,0.002057,172.31.40.0-255,66,148432,76,265806
11018,0.002075,74.125.24.0-255,1484,149916,76,265806
11019,0.002084,74.125.24.0-255,2902,152818,76,265806
11020,0.002086,172.31.40.0-255,66,152884,76,265806
11021,0.002132,172.31.40.0-255,66,152950,76,265806
11022,0.002143,172.31.40.0-255,66,153016,76,265806
11023,0.002151,74.125.24.0-255,2184,155200,76,265806
11024,0.002153,172.31.40.0-255,66,155266,76,265806
11025,0.002527,74.125.24.0-255,1484,156750,76,265806
11026,0.002536,74.125.24.0-255,2902,159652,76,265806
11027,0.002541,172.31.40.0-255,66,159718,76,265806
11028,0.002547,74.125.24.0-255,5738,165456,76,265806
11029,0.00255,172.31.40.0-255,66,165522,76,265806
11030,0.002553,74.125.24.0-255,1484,167006,76,265806
11031,0.002605,172.31.40.0-255,66,167072,76,265806
11032,0.002623,172.31.40.0-255,66,167138,76,265806
11033,0.005247,74.125.24.0-255,5738,172876,76,265806
11034,0.005256,172.31.40.0-255,66,172942,76,265806
11035,0.007885,74.125.24.0-255,5738,178680,76,265806
11036,0.007902,172.31.40.0-255,66,178746,76,265806
11037,0.010501,74.125.24.0-255,5738,184484,76,265806
11038,0.010511,172.31.40.0-255,66,184550,76,265806
11039,0.013111,74.125.24.0-255,5738,190288,76,265806
11040,0.013119,172.31.40.0-255,66,190354,76,265806
11041,0.015735,74.125.24.0-255,5738,196092,76,265806
11042,0.015781,172.31.40.0-255,66,196158,76,265806
11043,0.018412,74.125.24.0-255,5738,201896,76,265806
11044,0.01843,172.31.40.0-255,66,201962,76,265806
11045,0.021051,74.125.24.0-255,5738,207700,76,265806
11046,0.021065,172.31.40.0-255,66,207766,76,265806
11047,0.023692,74.125.24.0-255,5738,213504,76,265806
11048,0.023702,172.31.40.0-255,66,213570,76,265806
11049,0.026338,74.125.24.0-255,5738,219308,76,265806
11050,0.026348,172.31.40.0-255,66,219374,76,265806
11051,0.028975,74.125.24.0-255,5738,225112,76,265806
11052,0.028985,172.31.40.0-255,66,225178,76,265806
11053,0.03162,74.125.24.0-255,5738,230916,76,265806
11054,0.031638,172.31.40.0-255,66,230982,76,265806
11055,0.034267,74.125.24.0-255,5738,236720,76,265806
11056,0.034275,172.31.40.0-255,66,236786,76,265806
11057,0.036912,74.125.24.0-255,5738,242524,76,265806
11058,0.036924,172.31.40.0-255,66,242590,76,265806
11059,0.039537,74.125.24.0-255,5738,248328,76,265806
11060,0.03955,172.31.40.0-255,66,248394,76,265806
11061,0.042185,74.125.24.0-255,5738,254132,76,265806
11062,0.042214,172.31.40.0-255,66,254198,76,265806
11063,0.044818,74.125.24.0-255,5738,259936,76,265806
11064,0.044825,172.31.40.0-255,66,260002,76,265806
11065,0.04743,74.125.24.0-255,5738,265740,76,265806
11066,0.047438,172.31.40.0-255,66,265806,76,265806
11067,0.0,172.217.194.0-255,146,146,76,264365
11068,2.4e-05,172.31.40.0-255,66,212,76,264365
11069,3.2e-05,172.217.194.0-255,1484,1696,76,264365
11070,3.8e-05,172.31.40.0-255,66,1762,76,264365
11071,4.4e-05,172.217.194.0-255,2902,4664,76,264365
11072,5.4e-05,172.31.40.0-255,66,4730,76,264365
11073,6.2e-05,172.217.194.0-255,7156,11886,76,264365
11074,6.6e-05,172.31.40.0-255,66,11952,76,264365
11075,7e-05,172.217.194.0-255,2031,13983,76,264365
11076,7.3e-05,172.31.40.0-255,66,14049,76,264365
11077,9e-05,172.217.194.0-255,1484,15533,76,264365
11078,9.7e-05,172.31.40.0-255,66,15599,76,264365
11079,0.000136,172.31.40.0-255,66,15665,76,264365
11080,0.000141,172.217.194.0-255,2902,18567,76,264365
11081,0.000143,172.31.40.0-255,66,18633,76,264365
11082,0.000167,172.217.194.0-255,2543,21176,76,264365
11083,0.000173,172.31.40.0-255,66,21242,76,264365
11084,0.00018,172.217.194.0-255,5738,26980,76,264365
11085,0.000183,172.31.40.0-255,66,27046,76,264365
11086,0.000204,172.217.194.0-255,4320,31366,76,264365
11087,0.00021,172.31.40.0-255,66,31432,76,264365
11088,0.00024,172.217.194.0-255,6797,38229,76,264365
11089,0.000243,172.31.40.0-255,66,38295,76,264365
11090,0.000256,172.31.40.0-255,66,38361,76,264365
11091,0.000267,172.217.194.0-255,5691,44052,76,264365
11092,0.000269,172.31.40.0-255,66,44118,76,264365
11093,0.000315,172.217.194.0-255,101,44219,76,264365
11094,0.000318,172.31.40.0-255,66,44285,76,264365
11095,0.000349,172.217.194.0-255,362,44647,76,264365
11096,0.000352,172.31.40.0-255,66,44713,76,264365
11097,0.000538,172.217.194.0-255,1484,46197,76,264365
11098,0.000546,172.217.194.0-255,2902,49099,76,264365
11099,0.00055,172.31.40.0-255,66,49165,76,264365
11100,0.000581,172.217.194.0-255,5738,54903,76,264365
11101,0.000584,172.31.40.0-255,66,54969,76,264365
11102,0.000596,172.31.40.0-255,66,55035,76,264365
11103,0.000619,172.217.194.0-255,4320,59355,76,264365
11104,0.000622,172.31.40.0-255,66,59421,76,264365
11105,0.000639,172.31.40.0-255,66,59487,76,264365
11106,0.000913,172.217.194.0-255,1484,60971,76,264365
11107,0.000918,172.217.194.0-255,1484,62455,76,264365
11108,0.000921,172.31.40.0-255,66,62521,76,264365
11109,0.000947,172.217.194.0-255,1484,64005,76,264365
11110,0.000955,172.217.194.0-255,5738,69743,76,264365
11111,0.000958,172.31.40.0-255,66,69809,76,264365
11112,0.000963,172.217.194.0-255,4320,74129,76,264365
11113,0.000965,172.31.40.0-255,66,74195,76,264365
11114,0.001,172.217.194.0-255,7156,81351,76,264365
11115,0.001011,172.31.40.0-255,66,81417,76,264365
11116,0.001022,172.31.40.0-255,66,81483,76,264365
11117,0.001041,172.217.194.0-255,2184,83667,76,264365
11118,0.001043,172.31.40.0-255,66,83733,76,264365
11119,0.001216,172.217.194.0-255,1484,85217,76,264365
11120,0.00122,172.217.194.0-255,1484,86701,76,264365
11121,0.001224,172.31.40.0-255,66,86767,76,264365
11122,0.001253,172.217.194.0-255,1484,88251,76,264365
11123,0.001259,172.217.194.0-255,5738,93989,76,264365
11124,0.001262,172.217.194.0-255,1484,95473,76,264365
11125,0.001267,172.31.40.0-255,66,95539,76,264365
11126,0.001296,172.31.40.0-255,66,95605,76,264365
11127,0.001299,172.217.194.0-255,1484,97089,76,264365
11128,0.001323,172.217.194.0-255,7156,104245,76,264365
11129,0.001325,172.31.40.0-255,66,104311,76,264365
11130,0.001349,172.217.194.0-255,2184,106495,76,264365
11131,0.001351,172.31.40.0-255,66,106561,76,264365
11132,0.001919,172.217.194.0-255,1484,108045,76,264365
11133,0.001926,172.217.194.0-255,2902,110947,76,264365
11134,0.001929,172.31.40.0-255,66,111013,76,264365
11135,0.001936,172.217.194.0-255,5738,116751,76,264365
11136,0.001938,172.31.40.0-255,66,116817,76,264365
11137,0.001981,172.31.40.0-255,66,116883,76,264365
11138,0.001989,172.217.194.0-255,7156,124039,76,264365
11139,0.001991,172.31.40.0-255,66,124105,76,264365
11140,0.002014,172.217.194.0-255,3602,127707,76,264365
11141,0.002017,172.31.40.0-255,66,127773,76,264365
11142,0.002023,172.217.194.0-255,4320,132093,76,264365
11143,0.002025,172.31.40.0-255,66,132159,76,264365
11144,0.002043,172.217.194.0-255,1484,133643,76,264365
11145,0.004028,172.217.194.0-255,4320,137963,76,264365
11146,0.004035,172.31.40.0-255,66,138029,76,264365
11147,0.006058,172.217.194.0-255,4320,142349,76,264365
11148,0.006061,172.31.40.0-255,66,142415,76,264365
11149,0.006091,172.217.194.0-255,1484,143899,76,264365
11150,0.008078,172.217.194.0-255,4320,148219,76,264365
11151,0.008084,172.31.40.0-255,66,148285,76,264365
11152,0.010093,172.217.194.0-255,5738,154023,76,264365
11153,0.0101,172.31.40.0-255,66,154089,76,264365
11154,0.0121,172.217.194.0-255,5738,159827,76,264365
11155,0.012107,172.31.40.0-255,66,159893,76,264365
11156,0.014111,172.217.194.0-255,5738,165631,76,264365
11157,0.01412,172.31.40.0-255,66,165697,76,264365
11158,0.016135,172.217.194.0-255,5738,171435,76,264365
11159,0.016144,172.31.40.0-255,66,171501,76,264365
11160,0.018192,172.217.194.0-255,5738,177239,76,264365
11161,0.018199,172.31.40.0-255,66,177305,76,264365
11162,0.02021,172.217.194.0-255,5738,183043,76,264365
11163,0.020217,172.31.40.0-255,66,183109,76,264365
11164,0.022221,172.217.194.0-255,5738,188847,76,264365
11165,0.022237,172.31.40.0-255,66,188913,76,264365
11166,0.024258,172.217.194.0-255,5738,194651,76,264365
11167,0.024271,172.31.40.0-255,66,194717,76,264365
11168,0.02629,172.217.194.0-255,5738,200455,76,264365
11169,0.026305,172.31.40.0-255,66,200521,76,264365
11170,0.028327,172.217.194.0-255,5738,206259,76,264365
11171,0.028341,172.31.40.0-255,66,206325,76,264365
11172,0.03033,172.217.194.0-255,5738,212063,76,264365
11173,0.030338,172.31.40.0-255,66,212129,76,264365
11174,0.032363,172.217.194.0-255,5738,217867,76,264365
11175,0.032378,172.31.40.0-255,66,217933,76,264365
11176,0.034389,172.217.194.0-255,5738,223671,76,264365
11177,0.034397,172.31.40.0-255,66,223737,76,264365
11178,0.0364,172.217.194.0-255,5738,229475,76,264365
11179,0.036407,172.31.40.0-255,66,229541,76,264365
11180,0.03844,172.217.194.0-255,5738,235279,76,264365
11181,0.038452,172.31.40.0-255,66,235345,76,264365
11182,0.040464,172.217.194.0-255,5738,241083,76,264365
11183,0.040472,172.31.40.0-255,66,241149,76,264365
11184,0.04249,172.217.194.0-255,5738,246887,76,264365
11185,0.042512,172.31.40.0-255,66,246953,76,264365
11186,0.044537,172.217.194.0-255,5738,252691,76,264365
11187,0.044544,172.31.40.0-255,66,252757,76,264365
11188,0.046567,172.217.194.0-255,5738,258495,76,264365
11189,0.046576,172.31.40.0-255,66,258561,76,264365
11190,0.048618,172.217.194.0-255,5738,264299,76,264365
11191,0.048633,172.31.40.0-255,66,264365,76,264365
11192,0.0,172.217.194.0-255,149,149,76,258825
11193,2.2e-05,172.31.40.0-255,66,215,76,258825
11194,2.9e-05,172.217.194.0-255,1484,1699,76,258825
11195,3.3e-05,172.31.40.0-255,66,1765,76,258825
11196,4e-05,172.217.194.0-255,2902,4667,76,258825
11197,4.3e-05,172.31.40.0-255,66,4733,76,258825
11198,4.9e-05,172.217.194.0-255,4320,9053,76,258825
11199,5.3e-05,172.31.40.0-255,66,9119,76,258825
11200,7.8e-05,172.217.194.0-255,2902,12021,76,258825
11201,8.1e-05,172.31.40.0-255,66,12087,76,258825
11202,9.9e-05,172.217.194.0-255,2157,14244,76,258825
11203,0.000102,172.31.40.0-255,66,14310,76,258825
11204,0.00016,172.217.194.0-255,1484,15794,76,258825
11205,0.000162,172.31.40.0-255,66,15860,76,258825
11206,0.000179,172.217.194.0-255,2902,18762,76,258825
11207,0.000182,172.31.40.0-255,66,18828,76,258825
11208,0.000188,172.217.194.0-255,4320,23148,76,258825
11209,0.00019,172.31.40.0-255,66,23214,76,258825
11210,0.000205,172.217.194.0-255,1484,24698,76,258825
11211,0.000207,172.31.40.0-255,66,24764,76,258825
11212,0.000228,172.217.194.0-255,6797,31561,76,258825
11213,0.000231,172.31.40.0-255,66,31627,76,258825
11214,0.000281,172.217.194.0-255,1484,33111,76,258825
11215,0.000284,172.31.40.0-255,66,33177,76,258825
11216,0.00029,172.217.194.0-255,2902,36079,76,258825
11217,0.000292,172.31.40.0-255,66,36145,76,258825
11218,0.000318,172.217.194.0-255,5738,41883,76,258825
11219,0.000322,172.31.40.0-255,66,41949,76,258825
11220,0.000346,172.217.194.0-255,6797,48746,76,258825
11221,0.000349,172.31.40.0-255,66,48812,76,258825
11222,0.000974,172.217.194.0-255,1484,50296,76,258825
11223,0.00098,172.31.40.0-255,66,50362,76,258825
11224,0.001003,172.217.194.0-255,2902,53264,76,258825
11225,0.001011,172.217.194.0-255,5738,59002,76,258825
11226,0.001031,172.217.194.0-255,4320,63322,76,258825
11227,0.001043,172.217.194.0-255,2543,65865,76,258825
11228,0.001099,172.217.194.0-255,1484,67349,76,258825
11229,0.001104,172.217.194.0-255,2902,70251,76,258825
11230,0.001124,172.217.194.0-255,5738,75989,76,258825
11231,0.001145,172.217.194.0-255,6797,82786,76,258825
11232,0.001209,172.217.194.0-255,3122,85908,76,258825
11233,0.001783,172.217.194.0-255,1484,87392,76,258825
11234,0.001792,172.217.194.0-255,2902,90294,76,258825
11235,0.001795,172.217.194.0-255,1484,91778,76,258825
11236,0.001814,172.217.194.0-255,4320,96098,76,258825
11237,0.001831,172.217.194.0-255,5738,101836,76,258825
11238,0.001858,172.217.194.0-255,7156,108992,76,258825
11239,0.001898,172.217.194.0-255,4320,113312,76,258825
11240,0.001913,172.217.194.0-255,2902,116214,76,258825
11241,0.001943,172.217.194.0-255,5738,121952,76,258825
11242,0.001968,172.217.194.0-255,766,122718,76,258825
11243,0.002136,172.217.194.0-255,1484,124202,76,258825
11244,0.002152,172.217.194.0-255,2902,127104,76,258825
11245,0.002155,172.217.194.0-255,1484,128588,76,258825
11246,0.002176,172.217.194.0-255,4320,132908,76,258825
11247,0.002213,172.217.194.0-255,4320,137228,76,258825
11248,0.002337,172.217.194.0-255,1484,138712,76,258825
11249,0.002348,172.217.194.0-255,2902,141614,76,258825
11250,0.002364,172.217.194.0-255,4320,145934,76,258825
11251,0.002374,172.217.194.0-255,1484,147418,76,258825
11252,0.00239,172.217.194.0-255,4320,151738,76,258825
11253,0.002403,172.217.194.0-255,4320,156058,76,258825
11254,0.002418,172.217.194.0-255,4320,160378,76,258825
11255,0.002441,172.217.194.0-255,2184,162562,76,258825
11256,0.006801,172.31.40.0-255,66,162628,76,258825
11257,0.00933,172.217.194.0-255,5738,168366,76,258825
11258,0.009338,172.31.40.0-255,66,168432,76,258825
11259,0.011852,172.217.194.0-255,5738,174170,76,258825
11260,0.012296,172.31.40.0-255,66,174236,76,258825
11261,0.014795,172.217.194.0-255,5738,179974,76,258825
11262,0.014803,172.31.40.0-255,66,180040,76,258825
11263,0.017326,172.217.194.0-255,5738,185778,76,258825
11264,0.017335,172.31.40.0-255,66,185844,76,258825
11265,0.019883,172.217.194.0-255,5738,191582,76,258825
11266,0.02028,172.31.40.0-255,66,191648,76,258825
11267,0.022764,172.217.194.0-255,5738,197386,76,258825
11268,0.022774,172.31.40.0-255,66,197452,76,258825
11269,0.025285,172.217.194.0-255,5738,203190,76,258825
11270,0.025293,172.31.40.0-255,66,203256,76,258825
11271,0.027802,172.217.194.0-255,5738,208994,76,258825
11272,0.02781,172.31.40.0-255,66,209060,76,258825
11273,0.030286,172.217.194.0-255,5738,214798,76,258825
11274,0.030293,172.31.40.0-255,66,214864,76,258825
11275,0.032818,172.217.194.0-255,5738,220602,76,258825
11276,0.032825,172.31.40.0-255,66,220668,76,258825
11277,0.03534,172.217.194.0-255,5738,226406,76,258825
11278,0.035347,172.31.40.0-255,66,226472,76,258825
11279,0.035717,172.31.40.0-255,172,226644,76,258825
11280,0.035745,172.31.40.0-255,1104,227748,76,258825
11281,0.035806,172.31.40.0-255,1514,229262,76,258825
11282,0.035808,172.31.40.0-255,345,229607,76,258825
11283,0.037258,104.244.42.0-255,66,229673,76,258825
11284,0.037275,104.244.42.0-255,66,229739,76,258825
11285,0.037338,104.244.42.0-255,66,229805,76,258825
11286,0.037855,172.217.194.0-255,5738,235543,76,258825
11287,0.037861,172.31.40.0-255,66,235609,76,258825
11288,0.040415,172.217.194.0-255,5738,241347,76,258825
11289,0.040423,172.31.40.0-255,66,241413,76,258825
11290,0.042908,172.217.194.0-255,5738,247151,76,258825
11291,0.042914,172.31.40.0-255,66,247217,76,258825
11292,0.045401,172.217.194.0-255,5738,252955,76,258825
11293,0.045408,172.31.40.0-255,66,253021,76,258825
11294,0.047917,172.217.194.0-255,5738,258759,76,258825
11295,0.047923,172.31.40.0-255,66,258825,76,258825
11296,0.0,74.125.130.0-255,152,152,76,224612
11297,2.2e-05,172.31.40.0-255,66,218,76,224612
11298,2.8e-05,74.125.130.0-255,1484,1702,76,224612
11299,3.2e-05,172.31.40.0-255,66,1768,76,224612
11300,3.7e-05,74.125.130.0-255,2902,4670,76,224612
11301,4e-05,172.31.40.0-255,66,4736,76,224612
11302,4.5e-05,74.125.130.0-255,2902,7638,76,224612
11303,4.7e-05,172.31.40.0-255,66,7704,76,224612
11304,5.9e-05,74.125.130.0-255,1484,9188,76,224612
11305,6.2e-05,172.31.40.0-255,66,9254,76,224612
11306,8.2e-05,74.125.130.0-255,4773,14027,76,224612
11307,8.5e-05,172.31.40.0-255,66,14093,76,224612
11308,0.000135,74.125.130.0-255,1484,15577,76,224612
11309,0.000138,172.31.40.0-255,66,15643,76,224612
11310,0.000141,74.125.130.0-255,1484,17127,76,224612
11311,0.000143,172.31.40.0-255,66,17193,76,224612
11312,0.00017,74.125.130.0-255,1484,18677,76,224612
11313,0.000173,172.31.40.0-255,66,18743,76,224612
11314,0.000179,74.125.130.0-255,5738,24481,76,224612
11315,0.000181,172.31.40.0-255,66,24547,76,224612
11316,0.000187,74.125.130.0-255,5738,30285,76,224612
11317,0.000189,172.31.40.0-255,66,30351,76,224612
11318,0.000212,74.125.130.0-255,1125,31476,76,224612
11319,0.000215,172.31.40.0-255,66,31542,76,224612
11320,0.000327,74.125.130.0-255,1484,33026,76,224612
11321,0.000331,172.31.40.0-255,66,33092,76,224612
11322,0.000335,74.125.130.0-255,1484,34576,76,224612
11323,0.000337,172.31.40.0-255,66,34642,76,224612
11324,0.000352,74.125.130.0-255,1484,36126,76,224612
11325,0.000354,172.31.40.0-255,66,36192,76,224612
11326,0.00036,74.125.130.0-255,5738,41930,76,224612
11327,0.000362,172.31.40.0-255,66,41996,76,224612
11328,0.000426,74.125.130.0-255,1125,43121,76,224612
11329,0.000466,172.31.40.0-255,66,43187,76,224612
11330,0.000631,74.125.130.0-255,378,43565,76,224612
11331,0.000672,74.125.130.0-255,365,43930,76,224612
11332,0.000834,74.125.130.0-255,1484,45414,76,224612
11333,0.000839,172.31.40.0-255,66,45480,76,224612
11334,0.000845,74.125.130.0-255,2902,48382,76,224612
11335,0.000848,74.125.130.0-255,1484,49866,76,224612
11336,0.000868,74.125.130.0-255,4320,54186,76,224612
11337,0.00087,74.125.130.0-255,1484,55670,76,224612
11338,0.000873,172.31.40.0-255,66,55736,76,224612
11339,0.000878,172.31.40.0-255,66,55802,76,224612
11340,0.000941,172.31.40.0-255,66,55868,76,224612
11341,0.001012,74.125.130.0-255,1484,57352,76,224612
11342,0.001017,74.125.130.0-255,1484,58836,76,224612
11343,0.001033,172.31.40.0-255,66,58902,76,224612
11344,0.001036,74.125.130.0-255,1484,60386,76,224612
11345,0.001042,74.125.130.0-255,5738,66124,76,224612
11346,0.001048,74.125.130.0-255,5738,71862,76,224612
11347,0.00106,74.125.130.0-255,1484,73346,76,224612
11348,0.001062,172.31.40.0-255,66,73412,76,224612
11349,0.001099,74.125.130.0-255,4320,77732,76,224612
11350,0.001115,172.31.40.0-255,66,77798,76,224612
11351,0.00112,74.125.130.0-255,3602,81400,76,224612
11352,0.001133,172.31.40.0-255,66,81466,76,224612
11353,0.00193,74.125.130.0-255,1484,82950,76,224612
11354,0.00194,74.125.130.0-255,2902,85852,76,224612
11355,0.001945,172.31.40.0-255,66,85918,76,224612
11356,0.001953,74.125.130.0-255,5738,91656,76,224612
11357,0.001958,74.125.130.0-255,4320,95976,76,224612
11358,0.001973,74.125.130.0-255,4320,100296,76,224612
11359,0.00199,74.125.130.0-255,1484,101780,76,224612
11360,0.001994,74.125.130.0-255,1484,103264,76,224612
11361,0.002017,74.125.130.0-255,2184,105448,76,224612
11362,0.004871,172.31.40.0-255,66,105514,76,224612
11363,0.006895,74.125.130.0-255,5738,111252,76,224612
11364,0.006901,172.31.40.0-255,66,111318,76,224612
11365,0.008959,74.125.130.0-255,5738,117056,76,224612
11366,0.008966,172.31.40.0-255,66,117122,76,224612
11367,0.010992,74.125.130.0-255,5738,122860,76,224612
11368,0.012979,172.31.40.0-255,66,122926,76,224612
11369,0.015012,74.125.130.0-255,5738,128664,76,224612
11370,0.015024,172.31.40.0-255,66,128730,76,224612
11371,0.017035,74.125.130.0-255,5738,134468,76,224612
11372,0.017042,172.31.40.0-255,66,134534,76,224612
11373,0.019049,74.125.130.0-255,1484,136018,76,224612
11374,0.019068,74.125.130.0-255,4320,140338,76,224612
11375,0.019073,172.31.40.0-255,66,140404,76,224612
11376,0.021083,74.125.130.0-255,5738,146142,76,224612
11377,0.02109,172.31.40.0-255,66,146208,76,224612
11378,0.02311,74.125.130.0-255,5738,151946,76,224612
11379,0.023117,172.31.40.0-255,66,152012,76,224612
11380,0.025166,74.125.130.0-255,5738,157750,76,224612
11381,0.025177,172.31.40.0-255,66,157816,76,224612
11382,0.027197,74.125.130.0-255,5738,163554,76,224612
11383,0.027205,172.31.40.0-255,66,163620,76,224612
11384,0.029231,74.125.130.0-255,5738,169358,76,224612
11385,0.029238,172.31.40.0-255,66,169424,76,224612
11386,0.03019,172.31.40.0-255,175,169599,76,224612
11387,0.030222,172.31.40.0-255,1132,170731,76,224612
11388,0.030285,172.31.40.0-255,1514,172245,76,224612
11389,0.030287,172.31.40.0-255,1285,173530,76,224612
11390,0.031251,74.125.130.0-255,4320,177850,76,224612
11391,0.031258,172.31.40.0-255,66,177916,76,224612
11392,0.031278,74.125.130.0-255,1484,179400,76,224612
11393,0.03172,104.244.42.0-255,66,179466,76,224612
11394,0.031767,104.244.42.0-255,66,179532,76,224612
11395,0.031864,104.244.42.0-255,66,179598,76,224612
11396,0.033299,74.125.130.0-255,4320,183918,76,224612
11397,0.03331,172.31.40.0-255,66,183984,76,224612
11398,0.035349,74.125.130.0-255,5738,189722,76,224612
11399,0.03626,172.31.40.0-255,66,189788,76,224612
11400,0.038304,74.125.130.0-255,5738,195526,76,224612
11401,0.038322,172.31.40.0-255,66,195592,76,224612
11402,0.04036,74.125.130.0-255,5738,201330,76,224612
11403,0.040376,172.31.40.0-255,66,201396,76,224612
11404,0.04241,74.125.130.0-255,5738,207134,76,224612
11405,0.042424,172.31.40.0-255,66,207200,76,224612
11406,0.04445,74.125.130.0-255,5738,212938,76,224612
11407,0.044466,172.31.40.0-255,66,213004,76,224612
11408,0.046498,74.125.130.0-255,5738,218742,76,224612
11409,0.046505,172.31.40.0-255,66,218808,76,224612
11410,0.048531,74.125.130.0-255,5738,224546,76,224612
11411,0.048546,172.31.40.0-255,66,224612,76,224612
11412,0.0,172.217.194.0-255,153,153,76,196803
11413,2.3e-05,172.31.40.0-255,66,219,76,196803
11414,3.1e-05,172.217.194.0-255,1484,1703,76,196803
11415,3.5e-05,172.31.40.0-255,66,1769,76,196803
11416,4.2e-05,172.217.194.0-255,2902,4671,76,196803
11417,4.5e-05,172.31.40.0-255,66,4737,76,196803
11418,4.9e-05,172.217.194.0-255,1484,6221,76,196803
11419,5.1e-05,172.31.40.0-255,66,6287,76,196803
11420,7.8e-05,172.217.194.0-255,4320,10607,76,196803
11421,8.2e-05,172.31.40.0-255,66,10673,76,196803
11422,0.00014,172.217.194.0-255,3451,14124,76,196803
11423,0.000145,172.31.40.0-255,66,14190,76,196803
11424,0.000167,172.217.194.0-255,5738,19928,76,196803
11425,0.000169,172.31.40.0-255,66,19994,76,196803
11426,0.000185,172.217.194.0-255,5738,25732,76,196803
11427,0.000187,172.31.40.0-255,66,25798,76,196803
11428,0.000368,172.217.194.0-255,4320,30118,76,196803
11429,0.000374,172.31.40.0-255,66,30184,76,196803
11430,0.000404,172.217.194.0-255,1125,31309,76,196803
11431,0.000407,172.31.40.0-255,66,31375,76,196803
11432,0.000435,172.217.194.0-255,1484,32859,76,196803
11433,0.000438,172.31.40.0-255,66,32925,76,196803
11434,0.000451,172.217.194.0-255,2902,35827,76,196803
11435,0.000454,172.31.40.0-255,66,35893,76,196803
11436,0.000483,172.217.194.0-255,7156,43049,76,196803
11437,0.000486,172.31.40.0-255,66,43115,76,196803
11438,0.00053,172.217.194.0-255,5738,48853,76,196803
11439,0.000533,172.31.40.0-255,66,48919,76,196803
11440,0.000571,172.31.40.0-255,66,48985,76,196803
11441,0.000789,172.217.194.0-255,1125,50110,76,196803
11442,0.000793,172.31.40.0-255,66,50176,76,196803
11443,0.00082,172.217.194.0-255,648,50824,76,196803
11444,0.001109,172.31.40.0-255,66,50890,76,196803
11445,0.001139,172.217.194.0-255,1484,52374,76,196803
11446,0.001155,172.217.194.0-255,2902,55276,76,196803
11447,0.001182,172.217.194.0-255,5738,61014,76,196803
11448,0.001213,172.31.40.0-255,66,61080,76,196803
11449,0.00125,172.217.194.0-255,2902,63982,76,196803
11450,0.001282,172.31.40.0-255,66,64048,76,196803
11451,0.001286,172.31.40.0-255,66,64114,76,196803
11452,0.001414,172.217.194.0-255,5738,69852,76,196803
11453,0.001432,172.217.194.0-255,5020,74872,76,196803
11454,0.00144,172.31.40.0-255,66,74938,76,196803
11455,0.001544,172.217.194.0-255,2902,77840,76,196803
11456,0.001548,172.31.40.0-255,66,77906,76,196803
11457,0.00159,172.31.40.0-255,66,77972,76,196803
11458,0.001601,172.217.194.0-255,7156,85128,76,196803
11459,0.001605,172.31.40.0-255,66,85194,76,196803
11460,0.001781,172.217.194.0-255,1484,86678,76,196803
11461,0.001821,172.31.40.0-255,66,86744,76,196803
11462,0.001992,172.31.40.0-255,66,86810,76,196803
11463,0.00217,172.217.194.0-255,7156,93966,76,196803
11464,0.003499,172.217.194.0-255,4320,98286,76,196803
11465,0.011379,172.217.194.0-255,1484,99770,76,196803
11466,0.012218,172.31.40.0-255,66,99836,76,196803
11467,0.014479,172.217.194.0-255,5738,105574,76,196803
11468,0.014489,172.31.40.0-255,66,105640,76,196803
11469,0.01674,172.217.194.0-255,5738,111378,76,196803
11470,0.016905,172.31.40.0-255,66,111444,76,196803
11471,0.019158,172.217.194.0-255,5738,117182,76,196803
11472,0.019165,172.31.40.0-255,66,117248,76,196803
11473,0.021429,172.217.194.0-255,5738,122986,76,196803
11474,0.021437,172.31.40.0-255,66,123052,76,196803
11475,0.023668,172.217.194.0-255,5738,128790,76,196803
11476,0.024186,172.31.40.0-255,66,128856,76,196803
11477,0.026445,172.217.194.0-255,5738,134594,76,196803
11478,0.026454,172.31.40.0-255,66,134660,76,196803
11479,0.028719,172.217.194.0-255,5738,140398,76,196803
11480,0.028726,172.31.40.0-255,66,140464,76,196803
11481,0.030981,172.217.194.0-255,5738,146202,76,196803
11482,0.030989,172.31.40.0-255,66,146268,76,196803
11483,0.033238,172.217.194.0-255,5738,152006,76,196803
11484,0.033247,172.31.40.0-255,66,152072,76,196803
11485,0.035527,172.217.194.0-255,5738,157810,76,196803
11486,0.035541,172.31.40.0-255,66,157876,76,196803
11487,0.037768,172.217.194.0-255,5738,163614,76,196803
11488,0.037776,172.31.40.0-255,66,163680,76,196803
11489,0.040036,172.217.194.0-255,5738,169418,76,196803
11490,0.04005,172.31.40.0-255,66,169484,76,196803
11491,0.042324,172.217.194.0-255,5738,175222,76,196803
11492,0.042334,172.31.40.0-255,66,175288,76,196803
11493,0.04461,172.217.194.0-255,5738,181026,76,196803
11494,0.044628,172.31.40.0-255,66,181092,76,196803
11495,0.04691,172.217.194.0-255,5738,186830,76,196803
11496,0.046917,172.31.40.0-255,66,186896,76,196803
11497,0.048502,172.31.40.0-255,172,187068,76,196803
11498,0.048533,172.31.40.0-255,1109,188177,76,196803
11499,0.048593,172.31.40.0-255,1514,189691,76,196803
11500,0.048595,172.31.40.0-255,1308,190999,76,196803
11501,0.049186,172.217.194.0-255,5738,196737,76,196803
11502,0.049193,172.31.40.0-255,66,196803,76,196803
11503,0.0,172.217.194.0-255,152,152,76,205812
11504,1.2e-05,172.31.40.0-255,66,218,76,205812
11505,1.8e-05,172.217.194.0-255,1484,1702,76,205812
11506,2.3e-05,172.31.40.0-255,66,1768,76,205812
11507,2.8e-05,172.217.194.0-255,2902,4670,76,205812
11508,3.7e-05,172.31.40.0-255,66,4736,76,205812
11509,4.5e-05,172.217.194.0-255,7156,11892,76,205812
11510,4.8e-05,172.31.40.0-255,66,11958,76,205812
11511,9.4e-05,172.31.40.0-255,66,12024,76,205812
11512,0.000119,172.217.194.0-255,4320,16344,76,205812
11513,0.000121,172.31.40.0-255,66,16410,76,205812
11514,0.000142,172.217.194.0-255,1125,17535,76,205812
11515,0.000144,172.31.40.0-255,66,17601,76,205812
11516,0.000172,172.217.194.0-255,4320,21921,76,205812
11517,0.000174,172.31.40.0-255,66,21987,76,205812
11518,0.00018,172.217.194.0-255,5738,27725,76,205812
11519,0.000182,172.31.40.0-255,66,27791,76,205812
11520,0.000204,172.217.194.0-255,2902,30693,76,205812
11521,0.000206,172.31.40.0-255,66,30759,76,205812
11522,0.000242,172.31.40.0-255,66,30825,76,205812
11523,0.000252,172.31.40.0-255,66,30891,76,205812
11524,0.00028,172.217.194.0-255,1125,32016,76,205812
11525,0.000282,172.31.40.0-255,66,32082,76,205812
11526,0.000962,172.217.194.0-255,646,32728,76,205812
11527,0.000968,172.31.40.0-255,66,32794,76,205812
11528,0.001099,172.217.194.0-255,1484,34278,76,205812
11529,0.001105,172.31.40.0-255,66,34344,76,205812
11530,0.001113,172.217.194.0-255,2902,37246,76,205812
11531,0.001116,172.31.40.0-255,66,37312,76,205812
11532,0.001128,172.217.194.0-255,5738,43050,76,205812
11533,0.001131,172.31.40.0-255,66,43116,76,205812
11534,0.001178,172.31.40.0-255,66,43182,76,205812
11535,0.00119,172.31.40.0-255,66,43248,76,205812
11536,0.00122,172.217.194.0-255,1484,44732,76,205812
11537,0.001245,172.217.194.0-255,3602,48334,76,205812
11538,0.001247,172.31.40.0-255,66,48400,76,205812
11539,0.001781,172.217.194.0-255,1484,49884,76,205812
11540,0.00179,172.217.194.0-255,2902,52786,76,205812
11541,0.001794,172.31.40.0-255,66,52852,76,205812
11542,0.001802,172.217.194.0-255,5738,58590,76,205812
11543,0.001813,172.217.194.0-255,5738,64328,76,205812
11544,0.001826,172.217.194.0-255,1484,65812,76,205812
11545,0.001831,172.217.194.0-255,2902,68714,76,205812
11546,0.00186,172.217.194.0-255,2184,70898,76,205812
11547,0.001924,172.217.194.0-255,1484,72382,76,205812
11548,0.001929,172.217.194.0-255,2902,75284,76,205812
11549,0.001934,172.217.194.0-255,2902,78186,76,205812
11550,0.001957,172.217.194.0-255,2902,81088,76,205812
11551,0.001964,172.217.194.0-255,5738,86826,76,205812
11552,0.001968,172.217.194.0-255,1484,88310,76,205812
11553,0.002011,172.217.194.0-255,5020,93330,76,205812
11554,0.002043,172.217.194.0-255,2902,96232,76,205812
11555,0.002063,172.217.194.0-255,2902,99134,76,205812
11556,0.002069,172.217.194.0-255,5738,104872,76,205812
11557,0.002086,172.217.194.0-255,4320,109192,76,205812
11558,0.002677,172.217.194.0-255,1484,110676,76,205812
11559,0.002697,172.217.194.0-255,2902,113578,76,205812
11560,0.002716,172.217.194.0-255,4320,117898,76,205812
11561,0.002766,172.217.194.0-255,1484,119382,76,205812
11562,0.002786,172.217.194.0-255,7156,126538,76,205812
11563,0.002792,172.217.194.0-255,4320,130858,76,205812
11564,0.002809,172.217.194.0-255,5738,136596,76,205812
11565,0.002814,172.217.194.0-255,2902,139498,76,205812
11566,0.002834,172.217.194.0-255,3602,143100,76,205812
11567,0.002888,172.217.194.0-255,1484,144584,76,205812
11568,0.002903,172.217.194.0-255,2902,147486,76,205812
11569,0.002909,172.217.194.0-255,4320,151806,76,205812
11570,0.00292,172.217.194.0-255,1484,153290,76,205812
11571,0.002927,172.217.194.0-255,5738,159028,76,205812
11572,0.002952,172.217.194.0-255,5738,164766,76,205812
11573,0.002976,172.217.194.0-255,7156,171922,76,205812
11574,0.003001,172.217.194.0-255,6438,178360,76,205812
11575,0.003007,172.217.194.0-255,4320,182680,76,205812
11576,0.003084,172.217.194.0-255,4320,187000,76,205812
11577,0.003104,172.217.194.0-255,6438,193438,76,205812
11578,0.003124,172.217.194.0-255,4320,197758,76,205812
11579,0.003307,172.217.194.0-255,97,197855,76,205812
11580,0.003309,172.217.194.0-255,105,197960,76,205812
11581,0.004961,172.31.40.0-255,66,198026,76,205812
11582,0.007464,172.31.40.0-255,105,198131,76,205812
11583,0.00972,172.217.194.0-255,66,198197,76,205812
11584,0.048625,172.31.40.0-255,267,198464,76,205812
11585,0.048654,172.31.40.0-255,1109,199573,76,205812
11586,0.048714,172.31.40.0-255,1514,201087,76,205812
11587,0.048716,172.31.40.0-255,1514,202601,76,205812
11588,0.048717,172.31.40.0-255,1514,204115,76,205812
11589,0.048718,172.31.40.0-255,1514,205629,76,205812
11590,0.048745,172.31.40.0-255,183,205812,76,205812
11591,0.0,172.217.194.0-255,152,152,76,176111
11592,2.5e-05,172.31.40.0-255,66,218,76,176111
11593,3.2e-05,172.217.194.0-255,1484,1702,76,176111
11594,3.6e-05,172.31.40.0-255,66,1768,76,176111
11595,4.1e-05,172.217.194.0-255,2902,4670,76,176111
11596,4.4e-05,172.31.40.0-255,66,4736,76,176111
11597,5.3e-05,172.217.194.0-255,7156,11892,76,176111
11598,5.6e-05,172.31.40.0-255,66,11958,76,176111
11599,6.8e-05,172.31.40.0-255,66,12024,76,176111
11600,7.3e-05,172.217.194.0-255,4320,16344,76,176111
11601,7.5e-05,172.31.40.0-255,66,16410,76,176111
11602,0.000105,172.217.194.0-255,4320,20730,76,176111
11603,0.000108,172.31.40.0-255,66,20796,76,176111
11604,0.000112,172.217.194.0-255,2543,23339,76,176111
11605,0.000114,172.31.40.0-255,66,23405,76,176111
11606,0.000133,172.217.194.0-255,1484,24889,76,176111
11607,0.000136,172.31.40.0-255,66,24955,76,176111
11608,0.000155,172.217.194.0-255,2902,27857,76,176111
11609,0.000157,172.31.40.0-255,66,27923,76,176111
11610,0.000162,172.217.194.0-255,4320,32243,76,176111
11611,0.000164,172.31.40.0-255,66,32309,76,176111
11612,0.000177,172.217.194.0-255,1484,33793,76,176111
11613,0.000179,172.31.40.0-255,66,33859,76,176111
11614,0.000216,172.31.40.0-255,66,33925,76,176111
11615,0.000251,172.217.194.0-255,2902,36827,76,176111
11616,0.000253,172.31.40.0-255,66,36893,76,176111
11617,0.000277,172.31.40.0-255,66,36959,76,176111
11618,0.000279,172.217.194.0-255,365,37324,76,176111
11619,0.000281,172.31.40.0-255,66,37390,76,176111
11620,0.000443,172.217.194.0-255,1484,38874,76,176111
11621,0.000451,172.217.194.0-255,2902,41776,76,176111
11622,0.000455,172.31.40.0-255,66,41842,76,176111
11623,0.000486,172.217.194.0-255,5738,47580,76,176111
11624,0.000489,172.31.40.0-255,66,47646,76,176111
11625,0.000527,172.31.40.0-255,66,47712,76,176111
11626,0.000569,172.31.40.0-255,66,47778,76,176111
11627,0.000594,172.217.194.0-255,5020,52798,76,176111
11628,0.000597,172.31.40.0-255,66,52864,76,176111
11629,0.000599,172.217.194.0-255,1484,54348,76,176111
11630,0.000616,172.217.194.0-255,2902,57250,76,176111
11631,0.000619,172.31.40.0-255,66,57316,76,176111
11632,0.000625,172.217.194.0-255,5738,63054,76,176111
11633,0.000627,172.31.40.0-255,66,63120,76,176111
11634,0.000659,172.217.194.0-255,4320,67440,76,176111
11635,0.000661,172.31.40.0-255,66,67506,76,176111
11636,0.000683,172.31.40.0-255,66,67572,76,176111
11637,0.000687,172.217.194.0-255,2902,70474,76,176111
11638,0.000689,172.31.40.0-255,66,70540,76,176111
11639,0.000732,172.31.40.0-255,66,70606,76,176111
11640,0.000744,172.31.40.0-255,66,70672,76,176111
11641,0.00076,172.217.194.0-255,2902,73574,76,176111
11642,0.000764,172.31.40.0-255,66,73640,76,176111
11643,0.000797,172.31.40.0-255,66,73706,76,176111
11644,0.000799,172.217.194.0-255,766,74472,76,176111
11645,0.000894,172.217.194.0-255,1484,75956,76,176111
11646,0.000897,172.31.40.0-255,66,76022,76,176111
11647,0.000901,172.217.194.0-255,1484,77506,76,176111
11648,0.000917,172.217.194.0-255,1484,78990,76,176111
11649,0.000919,172.31.40.0-255,66,79056,76,176111
11650,0.000926,172.217.194.0-255,5738,84794,76,176111
11651,0.000928,172.31.40.0-255,66,84860,76,176111
11652,0.00095,172.217.194.0-255,1484,86344,76,176111
11653,0.000985,172.31.40.0-255,66,86410,76,176111
11654,0.001,172.31.40.0-255,66,86476,76,176111
11655,0.001012,172.31.40.0-255,66,86542,76,176111
11656,0.001028,172.217.194.0-255,3602,90144,76,176111
11657,0.001031,172.31.40.0-255,66,90210,76,176111
11658,0.00112,172.217.194.0-255,1484,91694,76,176111
11659,0.001126,172.217.194.0-255,2902,94596,76,176111
11660,0.001129,172.31.40.0-255,66,94662,76,176111
11661,0.001152,172.217.194.0-255,5738,100400,76,176111
11662,0.001155,172.31.40.0-255,66,100466,76,176111
11663,0.001159,172.217.194.0-255,2902,103368,76,176111
11664,0.001162,172.31.40.0-255,66,103434,76,176111
11665,0.001177,172.217.194.0-255,2902,106336,76,176111
11666,0.001181,172.31.40.0-255,66,106402,76,176111
11667,0.001221,172.217.194.0-255,5738,112140,76,176111
11668,0.001226,172.31.40.0-255,66,112206,76,176111
11669,0.001243,172.217.194.0-255,7156,119362,76,176111
11670,0.001246,172.31.40.0-255,66,119428,76,176111
11671,0.001249,172.217.194.0-255,1484,120912,76,176111
11672,0.001276,172.217.194.0-255,3602,124514,76,176111
11673,0.00128,172.31.40.0-255,66,124580,76,176111
11674,0.001411,172.217.194.0-255,1484,126064,76,176111
11675,0.001417,172.217.194.0-255,2902,128966,76,176111
11676,0.00142,172.31.40.0-255,66,129032,76,176111
11677,0.001424,172.217.194.0-255,1484,130516,76,176111
11678,0.001439,172.217.194.0-255,4320,134836,76,176111
11679,0.001441,172.31.40.0-255,66,134902,76,176111
11680,0.001474,172.31.40.0-255,66,134968,76,176111
11681,0.001483,172.217.194.0-255,7156,142124,76,176111
11682,0.001485,172.31.40.0-255,66,142190,76,176111
11683,0.001522,172.217.194.0-255,7156,149346,76,176111
11684,0.001525,172.31.40.0-255,66,149412,76,176111
11685,0.00156,172.31.40.0-255,66,149478,76,176111
11686,0.001563,172.217.194.0-255,1484,150962,76,176111
11687,0.001584,172.217.194.0-255,5738,156700,76,176111
11688,0.001587,172.31.40.0-255,66,156766,76,176111
11689,0.001628,172.31.40.0-255,66,156832,76,176111
11690,0.001632,172.217.194.0-255,1484,158316,76,176111
11691,0.001699,172.31.40.0-255,66,158382,76,176111
11692,0.001711,172.217.194.0-255,6438,164820,76,176111
11693,0.001714,172.31.40.0-255,66,164886,76,176111
11694,0.001732,172.31.40.0-255,66,164952,76,176111
11695,0.001743,172.31.40.0-255,66,165018,76,176111
11696,0.001777,172.31.40.0-255,66,165084,76,176111
11697,0.001795,172.217.194.0-255,2184,167268,76,176111
11698,0.001799,172.217.194.0-255,5036,172304,76,176111
11699,0.001802,172.217.194.0-255,105,172409,76,176111
11700,0.001805,172.31.40.0-255,66,172475,76,176111
11701,0.001809,172.31.40.0-255,66,172541,76,176111
11702,0.022495,172.31.40.0-255,66,172607,76,176111
11703,0.022549,172.31.40.0-255,105,172712,76,176111
11704,0.024895,172.217.194.0-255,66,172778,76,176111
11705,0.045528,172.31.40.0-255,172,172950,76,176111
11706,0.045563,172.31.40.0-255,1105,174055,76,176111
11707,0.045628,172.31.40.0-255,1514,175569,76,176111
11708,0.04563,172.31.40.0-255,344,175913,76,176111
11709,0.047089,104.244.42.0-255,66,175979,76,176111
11710,0.047102,104.244.42.0-255,66,176045,76,176111
11711,0.047163,104.244.42.0-255,66,176111,76,176111
11712,0.0,74.125.24.0-255,153,153,76,241482
11713,2.3e-05,172.31.40.0-255,66,219,76,241482
11714,3e-05,74.125.24.0-255,1484,1703,76,241482
11715,3.5e-05,172.31.40.0-255,66,1769,76,241482
11716,4e-05,74.125.24.0-255,2902,4671,76,241482
11717,4.4e-05,172.31.40.0-255,66,4737,76,241482
11718,5.1e-05,74.125.24.0-255,5738,10475,76,241482
11719,5.4e-05,172.31.40.0-255,66,10541,76,241482
11720,9.5e-05,74.125.24.0-255,3448,13989,76,241482
11721,9.8e-05,172.31.40.0-255,66,14055,76,241482
11722,0.000149,74.125.24.0-255,4320,18375,76,241482
11723,0.000152,172.31.40.0-255,66,18441,76,241482
11724,0.000159,74.125.24.0-255,5738,24179,76,241482
11725,0.000162,172.31.40.0-255,66,24245,76,241482
11726,0.000192,74.125.24.0-255,4320,28565,76,241482
11727,0.000194,172.31.40.0-255,66,28631,76,241482
11728,0.000208,74.125.24.0-255,2543,31174,76,241482
11729,0.000211,172.31.40.0-255,66,31240,76,241482
11730,0.000299,74.125.24.0-255,1484,32724,76,241482
11731,0.000303,172.31.40.0-255,66,32790,76,241482
11732,0.000309,74.125.24.0-255,2902,35692,76,241482
11733,0.000311,172.31.40.0-255,66,35758,76,241482
11734,0.000316,74.125.24.0-255,4320,40078,76,241482
11735,0.000319,172.31.40.0-255,66,40144,76,241482
11736,0.000336,74.125.24.0-255,1484,41628,76,241482
11737,0.000338,172.31.40.0-255,66,41694,76,241482
11738,0.000367,74.125.24.0-255,6797,48491,76,241482
11739,0.00037,172.31.40.0-255,66,48557,76,241482
11740,0.000377,74.125.24.0-255,7156,55713,76,241482
11741,0.00038,172.31.40.0-255,66,55779,76,241482
11742,0.000392,74.125.24.0-255,1484,57263,76,241482
11743,0.000394,172.31.40.0-255,66,57329,76,241482
11744,0.000426,172.31.40.0-255,66,57395,76,241482
11745,0.000445,74.125.24.0-255,375,57770,76,241482
11746,0.000759,74.125.24.0-255,1484,59254,76,241482
11747,0.000764,172.31.40.0-255,66,59320,76,241482
11748,0.000769,74.125.24.0-255,2902,62222,76,241482
11749,0.000772,172.31.40.0-255,66,62288,76,241482
11750,0.000775,74.125.24.0-255,1484,63772,76,241482
11751,0.000798,74.125.24.0-255,4320,68092,76,241482
11752,0.000801,172.31.40.0-255,66,68158,76,241482
11753,0.000808,74.125.24.0-255,5738,73896,76,241482
11754,0.00081,172.31.40.0-255,66,73962,76,241482
11755,0.000821,74.125.24.0-255,1484,75446,76,241482
11756,0.000837,74.125.24.0-255,4320,79766,76,241482
11757,0.000839,172.31.40.0-255,66,79832,76,241482
11758,0.000863,172.31.40.0-255,66,79898,76,241482
11759,0.000867,74.125.24.0-255,2184,82082,76,241482
11760,0.00087,172.31.40.0-255,66,82148,76,241482
11761,0.00126,74.125.24.0-255,1484,83632,76,241482
11762,0.001265,74.125.24.0-255,1484,85116,76,241482
11763,0.001268,172.31.40.0-255,66,85182,76,241482
11764,0.001283,74.125.24.0-255,1484,86666,76,241482
11765,0.001289,74.125.24.0-255,5738,92404,76,241482
11766,0.001291,172.31.40.0-255,66,92470,76,241482
11767,0.001297,74.125.24.0-255,5738,98208,76,241482
11768,0.001299,172.31.40.0-255,66,98274,76,241482
11769,0.001319,74.125.24.0-255,1484,99758,76,241482
11770,0.001343,74.125.24.0-255,4320,104078,76,241482
11771,0.001346,172.31.40.0-255,66,104144,76,241482
11772,0.001383,172.31.40.0-255,66,104210,76,241482
11773,0.001386,74.125.24.0-255,766,104976,76,241482
11774,0.001806,172.31.40.0-255,66,105042,76,241482
11775,0.003469,74.125.24.0-255,4320,109362,76,241482
11776,0.003477,172.31.40.0-255,66,109428,76,241482
11777,0.003909,74.125.24.0-255,1484,110912,76,241482
11778,0.005564,74.125.24.0-255,4320,115232,76,241482
11779,0.00557,172.31.40.0-255,66,115298,76,241482
11780,0.007655,74.125.24.0-255,5738,121036,76,241482
11781,0.007662,172.31.40.0-255,66,121102,76,241482
11782,0.009739,74.125.24.0-255,5738,126840,76,241482
11783,0.009749,172.31.40.0-255,66,126906,76,241482
11784,0.011823,74.125.24.0-255,5738,132644,76,241482
11785,0.011836,172.31.40.0-255,66,132710,76,241482
11786,0.013928,74.125.24.0-255,5738,138448,76,241482
11787,0.01394,172.31.40.0-255,66,138514,76,241482
11788,0.016023,74.125.24.0-255,5738,144252,76,241482
11789,0.016032,172.31.40.0-255,66,144318,76,241482
11790,0.018163,74.125.24.0-255,5738,150056,76,241482
11791,0.018172,172.31.40.0-255,66,150122,76,241482
11792,0.020264,74.125.24.0-255,5738,155860,76,241482
11793,0.020274,172.31.40.0-255,66,155926,76,241482
11794,0.022381,74.125.24.0-255,5738,161664,76,241482
11795,0.022389,172.31.40.0-255,66,161730,76,241482
11796,0.024507,74.125.24.0-255,5738,167468,76,241482
11797,0.024515,172.31.40.0-255,66,167534,76,241482
11798,0.026627,74.125.24.0-255,5738,173272,76,241482
11799,0.026635,172.31.40.0-255,66,173338,76,241482
11800,0.027743,172.31.40.0-255,172,173510,76,241482
11801,0.027782,172.31.40.0-255,1109,174619,76,241482
11802,0.027841,172.31.40.0-255,1514,176133,76,241482
11803,0.027843,172.31.40.0-255,1307,177440,76,241482
11804,0.028708,74.125.24.0-255,5738,183178,76,241482
11805,0.028715,172.31.40.0-255,66,183244,76,241482
11806,0.0293,104.244.42.0-255,66,183310,76,241482
11807,0.029308,104.244.42.0-255,66,183376,76,241482
11808,0.029401,104.244.42.0-255,66,183442,76,241482
11809,0.030789,74.125.24.0-255,5738,189180,76,241482
11810,0.030796,172.31.40.0-255,66,189246,76,241482
11811,0.032887,74.125.24.0-255,5738,194984,76,241482
11812,0.032893,172.31.40.0-255,66,195050,76,241482
11813,0.034985,74.125.24.0-255,5738,200788,76,241482
11814,0.034992,172.31.40.0-255,66,200854,76,241482
11815,0.037076,74.125.24.0-255,5738,206592,76,241482
11816,0.037083,172.31.40.0-255,66,206658,76,241482
11817,0.039178,74.125.24.0-255,5738,212396,76,241482
11818,0.039184,172.31.40.0-255,66,212462,76,241482
11819,0.041259,74.125.24.0-255,5738,218200,76,241482
11820,0.041268,172.31.40.0-255,66,218266,76,241482
11821,0.043398,74.125.24.0-255,5738,224004,76,241482
11822,0.043405,172.31.40.0-255,66,224070,76,241482
11823,0.04549,74.125.24.0-255,5738,229808,76,241482
11824,0.045508,172.31.40.0-255,66,229874,76,241482
11825,0.047601,74.125.24.0-255,5738,235612,76,241482
11826,0.04762,172.31.40.0-255,66,235678,76,241482
11827,0.04976,74.125.24.0-255,5738,241416,76,241482
11828,0.049779,172.31.40.0-255,66,241482,76,241482
11829,0.0,172.217.194.0-255,297,297,76,142973
11830,2.3e-05,172.31.40.0-255,66,363,76,142973
11831,3e-05,172.217.194.0-255,1484,1847,76,142973
11832,3.5e-05,172.31.40.0-255,66,1913,76,142973
11833,4.2e-05,172.217.194.0-255,4320,6233,76,142973
11834,5.2e-05,172.31.40.0-255,66,6299,76,142973
11835,6.4e-05,172.31.40.0-255,66,6365,76,142973
11836,0.000155,172.217.194.0-255,1484,7849,76,142973
11837,0.000159,172.31.40.0-255,66,7915,76,142973
11838,0.000164,172.217.194.0-255,1484,9399,76,142973
11839,0.000166,172.31.40.0-255,66,9465,76,142973
11840,0.0002,172.217.194.0-255,1484,10949,76,142973
11841,0.000203,172.31.40.0-255,66,11015,76,142973
11842,0.00021,172.217.194.0-255,5738,16753,76,142973
11843,0.000213,172.31.40.0-255,66,16819,76,142973
11844,0.00022,172.217.194.0-255,1484,18303,76,142973
11845,0.000223,172.31.40.0-255,66,18369,76,142973
11846,0.000271,172.31.40.0-255,66,18435,76,142973
11847,0.000281,172.31.40.0-255,66,18501,76,142973
11848,0.000312,172.217.194.0-255,2902,21403,76,142973
11849,0.000315,172.31.40.0-255,66,21469,76,142973
11850,0.000359,172.31.40.0-255,66,21535,76,142973
11851,0.000384,172.217.194.0-255,708,22243,76,142973
11852,0.000387,172.31.40.0-255,66,22309,76,142973
11853,0.000494,172.217.194.0-255,1484,23793,76,142973
11854,0.000498,172.31.40.0-255,66,23859,76,142973
11855,0.000502,172.217.194.0-255,1484,25343,76,142973
11856,0.000504,172.31.40.0-255,66,25409,76,142973
11857,0.000539,172.217.194.0-255,1484,26893,76,142973
11858,0.000548,172.217.194.0-255,5738,32631,76,142973
11859,0.000556,172.31.40.0-255,66,32697,76,142973
11860,0.000571,172.31.40.0-255,66,32763,76,142973
11861,0.000582,172.31.40.0-255,66,32829,76,142973
11862,0.000612,172.217.194.0-255,2184,35013,76,142973
11863,0.000615,172.31.40.0-255,66,35079,76,142973
11864,0.000901,172.217.194.0-255,1484,36563,76,142973
11865,0.000906,172.217.194.0-255,1484,38047,76,142973
11866,0.000909,172.31.40.0-255,66,38113,76,142973
11867,0.000927,172.217.194.0-255,1484,39597,76,142973
11868,0.000937,172.217.194.0-255,4320,43917,76,142973
11869,0.00094,172.31.40.0-255,66,43983,76,142973
11870,0.000964,172.217.194.0-255,1484,45467,76,142973
11871,0.000979,172.31.40.0-255,66,45533,76,142973
11872,0.000984,172.217.194.0-255,2902,48435,76,142973
11873,0.000986,172.31.40.0-255,66,48501,76,142973
11874,0.001024,172.217.194.0-255,7156,55657,76,142973
11875,0.001026,172.31.40.0-255,66,55723,76,142973
11876,0.001037,172.31.40.0-255,66,55789,76,142973
11877,0.001047,172.217.194.0-255,4320,60109,76,142973
11878,0.001049,172.31.40.0-255,66,60175,76,142973
11879,0.001075,172.217.194.0-255,4320,64495,76,142973
11880,0.001127,172.31.40.0-255,66,64561,76,142973
11881,0.00113,172.31.40.0-255,66,64627,76,142973
11882,0.001173,172.217.194.0-255,7156,71783,76,142973
11883,0.001176,172.31.40.0-255,66,71849,76,142973
11884,0.001195,172.31.40.0-255,66,71915,76,142973
11885,0.001209,172.31.40.0-255,66,71981,76,142973
11886,0.00122,172.31.40.0-255,66,72047,76,142973
11887,0.00123,172.31.40.0-255,66,72113,76,142973
11888,0.001242,172.31.40.0-255,66,72179,76,142973
11889,0.001293,172.217.194.0-255,7156,79335,76,142973
11890,0.001297,172.31.40.0-255,66,79401,76,142973
11891,0.001329,172.31.40.0-255,66,79467,76,142973
11892,0.001556,172.217.194.0-255,1484,80951,76,142973
11893,0.001577,172.217.194.0-255,2902,83853,76,142973
11894,0.001581,172.31.40.0-255,66,83919,76,142973
11895,0.001588,172.217.194.0-255,5738,89657,76,142973
11896,0.00159,172.31.40.0-255,66,89723,76,142973
11897,0.001616,172.217.194.0-255,2902,92625,76,142973
11898,0.001618,172.31.40.0-255,66,92691,76,142973
11899,0.001624,172.217.194.0-255,4320,97011,76,142973
11900,0.001626,172.31.40.0-255,66,97077,76,142973
11901,0.001667,172.217.194.0-255,7156,104233,76,142973
11902,0.001675,172.217.194.0-255,7156,111389,76,142973
11903,0.001679,172.31.40.0-255,66,111455,76,142973
11904,0.001686,172.31.40.0-255,66,111521,76,142973
11905,0.001689,172.217.194.0-255,1484,113005,76,142973
11906,0.001692,172.217.194.0-255,766,113771,76,142973
11907,0.001694,172.31.40.0-255,66,113837,76,142973
11908,0.001801,172.217.194.0-255,1484,115321,76,142973
11909,0.001807,172.217.194.0-255,2902,118223,76,142973
11910,0.00181,172.31.40.0-255,66,118289,76,142973
11911,0.001848,172.217.194.0-255,5738,124027,76,142973
11912,0.001851,172.31.40.0-255,66,124093,76,142973
11913,0.001868,172.31.40.0-255,66,124159,76,142973
11914,0.001874,172.217.194.0-255,4320,128479,76,142973
11915,0.001876,172.31.40.0-255,66,128545,76,142973
11916,0.001911,172.217.194.0-255,7156,135701,76,142973
11917,0.001914,172.31.40.0-255,66,135767,76,142973
11918,0.001924,172.217.194.0-255,4320,140087,76,142973
11919,0.001926,172.31.40.0-255,66,140153,76,142973
11920,0.001969,172.31.40.0-255,66,140219,76,142973
11921,0.001989,172.31.40.0-255,66,140285,76,142973
11922,0.002068,172.31.40.0-255,66,140351,76,142973
11923,0.002088,172.31.40.0-255,66,140417,76,142973
11924,0.002146,172.31.40.0-255,66,140483,76,142973
11925,0.002204,172.31.40.0-255,66,140549,76,142973
11926,0.002213,172.217.194.0-255,2187,142736,76,142973
11927,0.002216,172.31.40.0-255,66,142802,76,142973
11928,0.004671,172.31.40.0-255,105,142907,76,142973
11929,0.00717,172.217.194.0-255,66,142973,76,142973
11930,0.0,216.58.221.0-255,152,152,76,220474
11931,1.8e-05,172.31.40.0-255,66,218,76,220474
11932,2.4e-05,216.58.221.0-255,1484,1702,76,220474
11933,2.9e-05,172.31.40.0-255,66,1768,76,220474
11934,3.4e-05,216.58.221.0-255,2902,4670,76,220474
11935,4.5e-05,172.31.40.0-255,66,4736,76,220474
11936,5.2e-05,216.58.221.0-255,5738,10474,76,220474
11937,5.6e-05,172.31.40.0-255,66,10540,76,220474
11938,9.4e-05,172.31.40.0-255,66,10606,76,220474
11939,0.000122,216.58.221.0-255,4320,14926,76,220474
11940,0.000124,172.31.40.0-255,66,14992,76,220474
11941,0.000152,216.58.221.0-255,5379,20371,76,220474
11942,0.000155,172.31.40.0-255,66,20437,76,220474
11943,0.000209,216.58.221.0-255,1484,21921,76,220474
11944,0.000211,172.31.40.0-255,66,21987,76,220474
11945,0.000215,216.58.221.0-255,1484,23471,76,220474
11946,0.000217,172.31.40.0-255,66,23537,76,220474
11947,0.00022,216.58.221.0-255,1484,25021,76,220474
11948,0.000222,172.31.40.0-255,66,25087,76,220474
11949,0.000257,216.58.221.0-255,1484,26571,76,220474
11950,0.000259,172.31.40.0-255,66,26637,76,220474
11951,0.000266,216.58.221.0-255,5738,32375,76,220474
11952,0.000268,172.31.40.0-255,66,32441,76,220474
11953,0.000302,172.31.40.0-255,66,32507,76,220474
11954,0.000313,172.31.40.0-255,66,32573,76,220474
11955,0.000317,216.58.221.0-255,2543,35116,76,220474
11956,0.00032,172.31.40.0-255,66,35182,76,220474
11957,0.000346,216.58.221.0-255,356,35538,76,220474
11958,0.000349,172.31.40.0-255,66,35604,76,220474
11959,0.00102,216.58.221.0-255,387,35991,76,220474
11960,0.001033,172.31.40.0-255,66,36057,76,220474
11961,0.001122,216.58.221.0-255,1484,37541,76,220474
11962,0.001141,216.58.221.0-255,1484,39025,76,220474
11963,0.001145,172.31.40.0-255,66,39091,76,220474
11964,0.001151,216.58.221.0-255,2902,41993,76,220474
11965,0.001153,172.31.40.0-255,66,42059,76,220474
11966,0.001188,216.58.221.0-255,5738,47797,76,220474
11967,0.00119,172.31.40.0-255,66,47863,76,220474
11968,0.001195,216.58.221.0-255,2902,50765,76,220474
11969,0.001196,172.31.40.0-255,66,50831,76,220474
11970,0.001256,216.58.221.0-255,2543,53374,76,220474
11971,0.001259,172.31.40.0-255,66,53440,76,220474
11972,0.001289,216.58.221.0-255,1484,54924,76,220474
11973,0.001307,216.58.221.0-255,1484,56408,76,220474
11974,0.001309,172.31.40.0-255,66,56474,76,220474
11975,0.001314,216.58.221.0-255,2902,59376,76,220474
11976,0.001317,172.31.40.0-255,66,59442,76,220474
11977,0.00134,216.58.221.0-255,5738,65180,76,220474
11978,0.001347,172.31.40.0-255,66,65246,76,220474
11979,0.001384,216.58.221.0-255,5379,70625,76,220474
11980,0.00189,216.58.221.0-255,1484,72109,76,220474
11981,0.001898,216.58.221.0-255,2902,75011,76,220474
11982,0.001917,216.58.221.0-255,5738,80749,76,220474
11983,0.001984,216.58.221.0-255,2902,83651,76,220474
11984,0.005068,172.31.40.0-255,66,83717,76,220474
11985,0.007019,216.58.221.0-255,5738,89455,76,220474
11986,0.007025,172.31.40.0-255,66,89521,76,220474
11987,0.008973,216.58.221.0-255,5738,95259,76,220474
11988,0.008979,172.31.40.0-255,66,95325,76,220474
11989,0.010918,216.58.221.0-255,5738,101063,76,220474
11990,0.010925,172.31.40.0-255,66,101129,76,220474
11991,0.012866,216.58.221.0-255,5738,106867,76,220474
11992,0.012874,172.31.40.0-255,66,106933,76,220474
11993,0.014819,216.58.221.0-255,5738,112671,76,220474
11994,0.014826,172.31.40.0-255,66,112737,76,220474
11995,0.016773,216.58.221.0-255,5738,118475,76,220474
11996,0.016782,172.31.40.0-255,66,118541,76,220474
11997,0.018773,216.58.221.0-255,5738,124279,76,220474
11998,0.01878,172.31.40.0-255,66,124345,76,220474
11999,0.020717,216.58.221.0-255,5738,130083,76,220474
12000,0.020724,172.31.40.0-255,66,130149,76,220474
12001,0.022659,216.58.221.0-255,5738,135887,76,220474
12002,0.022666,172.31.40.0-255,66,135953,76,220474
12003,0.024545,172.31.40.0-255,171,136124,76,220474
12004,0.024578,172.31.40.0-255,1134,137258,76,220474
12005,0.024604,216.58.221.0-255,5738,142996,76,220474
12006,0.024609,172.31.40.0-255,66,143062,76,220474
12007,0.024666,172.31.40.0-255,1514,144576,76,220474
12008,0.024668,172.31.40.0-255,314,144890,76,220474
12009,0.026091,104.244.42.0-255,66,144956,76,220474
12010,0.026137,104.244.42.0-255,66,145022,76,220474
12011,0.026249,104.244.42.0-255,66,145088,76,220474
12012,0.026539,216.58.221.0-255,5738,150826,76,220474
12013,0.026544,172.31.40.0-255,66,150892,76,220474
12014,0.028492,216.58.221.0-255,5738,156630,76,220474
12015,0.028499,172.31.40.0-255,66,156696,76,220474
12016,0.030443,216.58.221.0-255,5738,162434,76,220474
12017,0.030449,172.31.40.0-255,66,162500,76,220474
12018,0.0324,216.58.221.0-255,5738,168238,76,220474
12019,0.032407,172.31.40.0-255,66,168304,76,220474
12020,0.034354,216.58.221.0-255,5738,174042,76,220474
12021,0.034366,172.31.40.0-255,66,174108,76,220474
12022,0.03631,216.58.221.0-255,5738,179846,76,220474
12023,0.036317,172.31.40.0-255,66,179912,76,220474
12024,0.038255,216.58.221.0-255,5738,185650,76,220474
12025,0.038266,172.31.40.0-255,66,185716,76,220474
12026,0.040212,216.58.221.0-255,5738,191454,76,220474
12027,0.040219,172.31.40.0-255,66,191520,76,220474
12028,0.042161,216.58.221.0-255,5738,197258,76,220474
12029,0.042167,172.31.40.0-255,66,197324,76,220474
12030,0.044113,216.58.221.0-255,5738,203062,76,220474
12031,0.044119,172.31.40.0-255,66,203128,76,220474
12032,0.046068,216.58.221.0-255,5738,208866,76,220474
12033,0.046075,172.31.40.0-255,66,208932,76,220474
12034,0.04802,216.58.221.0-255,5738,214670,76,220474
12035,0.048026,172.31.40.0-255,66,214736,76,220474
12036,0.049999,216.58.221.0-255,5738,220474,76,220474
12037,0.0,74.125.24.0-255,153,153,76,289932
12038,1.6e-05,172.31.40.0-255,66,219,76,289932
12039,2.4e-05,74.125.24.0-255,1484,1703,76,289932
12040,2.9e-05,172.31.40.0-255,66,1769,76,289932
12041,4.2e-05,74.125.24.0-255,2902,4671,76,289932
12042,4.5e-05,172.31.40.0-255,66,4737,76,289932
12043,5.3e-05,74.125.24.0-255,5738,10475,76,289932
12044,5.6e-05,172.31.40.0-255,66,10541,76,289932
12045,6.2e-05,74.125.24.0-255,4320,14861,76,289932
12046,6.4e-05,172.31.40.0-255,66,14927,76,289932
12047,0.000112,172.31.40.0-255,66,14993,76,289932
12048,0.000115,74.125.24.0-255,1484,16477,76,289932
12049,0.000117,172.31.40.0-255,66,16543,76,289932
12050,0.000123,74.125.24.0-255,5379,21922,76,289932
12051,0.000126,172.31.40.0-255,66,21988,76,289932
12052,0.000232,74.125.24.0-255,1484,23472,76,289932
12053,0.000236,172.31.40.0-255,66,23538,76,289932
12054,0.000242,74.125.24.0-255,2902,26440,76,289932
12055,0.000245,172.31.40.0-255,66,26506,76,289932
12056,0.000273,74.125.24.0-255,5738,32244,76,289932
12057,0.000276,172.31.40.0-255,66,32310,76,289932
12058,0.000284,74.125.24.0-255,6797,39107,76,289932
12059,0.000286,172.31.40.0-255,66,39173,76,289932
12060,0.00033,172.31.40.0-255,66,39239,76,289932
12061,0.000335,74.125.24.0-255,2818,42057,76,289932
12062,0.000337,172.31.40.0-255,66,42123,76,289932
12063,0.000365,74.125.24.0-255,380,42503,76,289932
12064,0.000367,172.31.40.0-255,66,42569,76,289932
12065,0.000428,74.125.24.0-255,1484,44053,76,289932
12066,0.000432,172.31.40.0-255,66,44119,76,289932
12067,0.00046,74.125.24.0-255,2902,47021,76,289932
12068,0.000463,172.31.40.0-255,66,47087,76,289932
12069,0.00047,74.125.24.0-255,5738,52825,76,289932
12070,0.000472,172.31.40.0-255,66,52891,76,289932
12071,0.000474,74.125.24.0-255,1484,54375,76,289932
12072,0.000505,74.125.24.0-255,6797,61172,76,289932
12073,0.000508,172.31.40.0-255,66,61238,76,289932
12074,0.000519,172.31.40.0-255,66,61304,76,289932
12075,0.000554,74.125.24.0-255,6797,68101,76,289932
12076,0.000557,172.31.40.0-255,66,68167,76,289932
12077,0.000727,74.125.24.0-255,1484,69651,76,289932
12078,0.000741,74.125.24.0-255,2902,72553,76,289932
12079,0.000744,172.31.40.0-255,66,72619,76,289932
12080,0.000775,74.125.24.0-255,5738,78357,76,289932
12081,0.000779,172.31.40.0-255,66,78423,76,289932
12082,0.00079,172.31.40.0-255,66,78489,76,289932
12083,0.000798,74.125.24.0-255,1484,79973,76,289932
12084,0.000834,74.125.24.0-255,5020,84993,76,289932
12085,0.000838,172.31.40.0-255,66,85059,76,289932
12086,0.000841,172.31.40.0-255,66,85125,76,289932
12087,0.000944,74.125.24.0-255,1484,86609,76,289932
12088,0.000958,74.125.24.0-255,2902,89511,76,289932
12089,0.000961,172.31.40.0-255,66,89577,76,289932
12090,0.00099,74.125.24.0-255,5738,95315,76,289932
12091,0.000993,172.31.40.0-255,66,95381,76,289932
12092,0.000998,74.125.24.0-255,2902,98283,76,289932
12093,0.001,172.31.40.0-255,66,98349,76,289932
12094,0.00103,74.125.24.0-255,7156,105505,76,289932
12095,0.001032,172.31.40.0-255,66,105571,76,289932
12096,0.00107,74.125.24.0-255,5738,111309,76,289932
12097,0.001072,172.31.40.0-255,66,111375,76,289932
12098,0.001098,74.125.24.0-255,7156,118531,76,289932
12099,0.001101,172.31.40.0-255,66,118597,76,289932
12100,0.001104,74.125.24.0-255,766,119363,76,289932
12101,0.001247,74.125.24.0-255,1484,120847,76,289932
12102,0.001251,172.31.40.0-255,66,120913,76,289932
12103,0.001277,74.125.24.0-255,2902,123815,76,289932
12104,0.00128,172.31.40.0-255,66,123881,76,289932
12105,0.001299,74.125.24.0-255,4320,128201,76,289932
12106,0.001302,172.31.40.0-255,66,128267,76,289932
12107,0.001327,74.125.24.0-255,7156,135423,76,289932
12108,0.00133,172.31.40.0-255,66,135489,76,289932
12109,0.001356,74.125.24.0-255,1484,136973,76,289932
12110,0.001369,172.31.40.0-255,66,137039,76,289932
12111,0.001405,172.31.40.0-255,66,137105,76,289932
12112,0.001546,74.125.24.0-255,1484,138589,76,289932
12113,0.001552,74.125.24.0-255,2902,141491,76,289932
12114,0.001555,172.31.40.0-255,66,141557,76,289932
12115,0.001558,74.125.24.0-255,1484,143041,76,289932
12116,0.001591,74.125.24.0-255,4320,147361,76,289932
12117,0.001594,172.31.40.0-255,66,147427,76,289932
12118,0.001607,172.31.40.0-255,66,147493,76,289932
12119,0.001632,74.125.24.0-255,1484,148977,76,289932
12120,0.001676,172.31.40.0-255,66,149043,76,289932
12121,0.0018,74.125.24.0-255,1484,150527,76,289932
12122,0.001819,74.125.24.0-255,2902,153429,76,289932
12123,0.001823,172.31.40.0-255,66,153495,76,289932
12124,0.001829,74.125.24.0-255,5738,159233,76,289932
12125,0.001831,172.31.40.0-255,66,159299,76,289932
12126,0.001841,74.125.24.0-255,2902,162201,76,289932
12127,0.001867,172.31.40.0-255,66,162267,76,289932
12128,0.00191,74.125.24.0-255,5738,168005,76,289932
12129,0.001929,172.31.40.0-255,66,168071,76,289932
12130,0.001951,74.125.24.0-255,5020,173091,76,289932
12131,0.001969,172.31.40.0-255,66,173157,76,289932
12132,0.002322,74.125.24.0-255,1484,174641,76,289932
12133,0.004276,74.125.24.0-255,4320,178961,76,289932
12134,0.004284,172.31.40.0-255,66,179027,76,289932
12135,0.006609,74.125.24.0-255,5738,184765,76,289932
12136,0.006624,172.31.40.0-255,66,184831,76,289932
12137,0.008957,74.125.24.0-255,5738,190569,76,289932
12138,0.008976,172.31.40.0-255,66,190635,76,289932
12139,0.011294,74.125.24.0-255,5738,196373,76,289932
12140,0.011308,172.31.40.0-255,66,196439,76,289932
12141,0.013602,74.125.24.0-255,5738,202177,76,289932
12142,0.01361,172.31.40.0-255,66,202243,76,289932
12143,0.01597,74.125.24.0-255,5738,207981,76,289932
12144,0.015991,172.31.40.0-255,66,208047,76,289932
12145,0.018297,74.125.24.0-255,4320,212367,76,289932
12146,0.018302,172.31.40.0-255,66,212433,76,289932
12147,0.018333,74.125.24.0-255,1484,213917,76,289932
12148,0.020683,74.125.24.0-255,4320,218237,76,289932
12149,0.020702,172.31.40.0-255,66,218303,76,289932
12150,0.023012,74.125.24.0-255,5738,224041,76,289932
12151,0.023023,172.31.40.0-255,66,224107,76,289932
12152,0.025364,74.125.24.0-255,5738,229845,76,289932
12153,0.025373,172.31.40.0-255,66,229911,76,289932
12154,0.027683,74.125.24.0-255,5738,235649,76,289932
12155,0.027692,172.31.40.0-255,66,235715,76,289932
12156,0.030017,74.125.24.0-255,5738,241453,76,289932
12157,0.030025,172.31.40.0-255,66,241519,76,289932
12158,0.032414,74.125.24.0-255,5738,247257,76,289932
12159,0.03243,172.31.40.0-255,66,247323,76,289932
12160,0.034764,74.125.24.0-255,5738,253061,76,289932
12161,0.034771,172.31.40.0-255,66,253127,76,289932
12162,0.037118,74.125.24.0-255,5738,258865,76,289932
12163,0.037135,172.31.40.0-255,66,258931,76,289932
12164,0.039464,74.125.24.0-255,5738,264669,76,289932
12165,0.039471,172.31.40.0-255,66,264735,76,289932
12166,0.041814,74.125.24.0-255,5738,270473,76,289932
12167,0.041825,172.31.40.0-255,66,270539,76,289932
12168,0.044118,74.125.24.0-255,4320,274859,76,289932
12169,0.044125,172.31.40.0-255,66,274925,76,289932
12170,0.044152,74.125.24.0-255,1484,276409,76,289932
12171,0.045171,172.31.40.0-255,172,276581,76,289932
12172,0.0452,172.31.40.0-255,1105,277686,76,289932
12173,0.045261,172.31.40.0-255,1514,279200,76,289932
12174,0.045263,172.31.40.0-255,344,279544,76,289932
12175,0.046441,74.125.24.0-255,4320,283864,76,289932
12176,0.046449,172.31.40.0-255,66,283930,76,289932
12177,0.046751,104.244.42.0-255,66,283996,76,289932
12178,0.04676,104.244.42.0-255,66,284062,76,289932
12179,0.046848,104.244.42.0-255,66,284128,76,289932
12180,0.04877,74.125.24.0-255,5738,289866,76,289932
12181,0.048777,172.31.40.0-255,66,289932,76,289932
12182,0.0,172.217.194.0-255,153,153,76,173747
12183,3.1e-05,172.31.40.0-255,66,219,76,173747
12184,4e-05,172.217.194.0-255,1484,1703,76,173747
12185,4.5e-05,172.31.40.0-255,66,1769,76,173747
12186,5.8e-05,172.217.194.0-255,2902,4671,76,173747
12187,6.3e-05,172.31.40.0-255,66,4737,76,173747
12188,7.1e-05,172.217.194.0-255,7156,11893,76,173747
12189,7.5e-05,172.31.40.0-255,66,11959,76,173747
12190,0.000117,172.217.194.0-255,4320,16279,76,173747
12191,0.000121,172.31.40.0-255,66,16345,76,173747
12192,0.000151,172.217.194.0-255,3457,19802,76,173747
12193,0.000155,172.31.40.0-255,66,19868,76,173747
12194,0.000204,172.217.194.0-255,1484,21352,76,173747
12195,0.000207,172.31.40.0-255,66,21418,76,173747
12196,0.000245,172.31.40.0-255,66,21484,76,173747
12197,0.00035,172.217.194.0-255,1484,22968,76,173747
12198,0.000354,172.31.40.0-255,66,23034,76,173747
12199,0.000358,172.217.194.0-255,1484,24518,76,173747
12200,0.00036,172.31.40.0-255,66,24584,76,173747
12201,0.000382,172.217.194.0-255,1484,26068,76,173747
12202,0.000384,172.31.40.0-255,66,26134,76,173747
12203,0.00039,172.217.194.0-255,4320,30454,76,173747
12204,0.000392,172.31.40.0-255,66,30520,76,173747
12205,0.000419,172.217.194.0-255,1484,32004,76,173747
12206,0.000421,172.31.40.0-255,66,32070,76,173747
12207,0.000454,172.217.194.0-255,5738,37808,76,173747
12208,0.000458,172.31.40.0-255,66,37874,76,173747
12209,0.000483,172.217.194.0-255,2543,40417,76,173747
12210,0.000486,172.31.40.0-255,66,40483,76,173747
12211,0.000564,172.31.40.0-255,66,40549,76,173747
12212,0.002767,172.217.194.0-255,363,40912,76,173747
12213,0.002793,172.217.194.0-255,1484,42396,76,173747
12214,0.002798,172.31.40.0-255,66,42462,76,173747
12215,0.002829,172.217.194.0-255,2902,45364,76,173747
12216,0.002832,172.31.40.0-255,66,45430,76,173747
12217,0.004907,172.217.194.0-255,5738,51168,76,173747
12218,0.004914,172.31.40.0-255,66,51234,76,173747
12219,0.00696,172.217.194.0-255,4320,55554,76,173747
12220,0.006966,172.31.40.0-255,66,55620,76,173747
12221,0.006993,172.217.194.0-255,1484,57104,76,173747
12222,0.009019,172.217.194.0-255,4320,61424,76,173747
12223,0.009027,172.31.40.0-255,66,61490,76,173747
12224,0.011076,172.217.194.0-255,5738,67228,76,173747
12225,0.011085,172.31.40.0-255,66,67294,76,173747
12226,0.013157,172.217.194.0-255,5738,73032,76,173747
12227,0.013165,172.31.40.0-255,66,73098,76,173747
12228,0.015207,172.217.194.0-255,5738,78836,76,173747
12229,0.015215,172.31.40.0-255,66,78902,76,173747
12230,0.01727,172.217.194.0-255,5738,84640,76,173747
12231,0.017278,172.31.40.0-255,66,84706,76,173747
12232,0.019303,172.217.194.0-255,4320,89026,76,173747
12233,0.019309,172.31.40.0-255,66,89092,76,173747
12234,0.019343,172.217.194.0-255,1484,90576,76,173747
12235,0.020148,172.31.40.0-255,172,90748,76,173747
12236,0.020183,172.31.40.0-255,1105,91853,76,173747
12237,0.020251,172.31.40.0-255,1514,93367,76,173747
12238,0.020253,172.31.40.0-255,344,93711,76,173747
12239,0.021341,172.217.194.0-255,4320,98031,76,173747
12240,0.021348,172.31.40.0-255,66,98097,76,173747
12241,0.021722,104.244.42.0-255,66,98163,76,173747
12242,0.021731,104.244.42.0-255,66,98229,76,173747
12243,0.021818,104.244.42.0-255,66,98295,76,173747
12244,0.023401,172.217.194.0-255,5738,104033,76,173747
12245,0.023415,172.31.40.0-255,66,104099,76,173747
12246,0.025519,172.217.194.0-255,5738,109837,76,173747
12247,0.025536,172.31.40.0-255,66,109903,76,173747
12248,0.027591,172.217.194.0-255,5738,115641,76,173747
12249,0.027605,172.31.40.0-255,66,115707,76,173747
12250,0.029671,172.217.194.0-255,5738,121445,76,173747
12251,0.029686,172.31.40.0-255,66,121511,76,173747
12252,0.031757,172.217.194.0-255,5738,127249,76,173747
12253,0.031765,172.31.40.0-255,66,127315,76,173747
12254,0.033851,172.217.194.0-255,5738,133053,76,173747
12255,0.033858,172.31.40.0-255,66,133119,76,173747
12256,0.035907,172.217.194.0-255,5738,138857,76,173747
12257,0.035914,172.31.40.0-255,66,138923,76,173747
12258,0.037929,172.217.194.0-255,5738,144661,76,173747
12259,0.037937,172.31.40.0-255,66,144727,76,173747
12260,0.04001,172.217.194.0-255,5738,150465,76,173747
12261,0.040017,172.31.40.0-255,66,150531,76,173747
12262,0.042112,172.217.194.0-255,5738,156269,76,173747
12263,0.042119,172.31.40.0-255,66,156335,76,173747
12264,0.044191,172.217.194.0-255,5738,162073,76,173747
12265,0.044198,172.31.40.0-255,66,162139,76,173747
12266,0.046249,172.217.194.0-255,5738,167877,76,173747
12267,0.046256,172.31.40.0-255,66,167943,76,173747
12268,0.048313,172.217.194.0-255,5738,173681,76,173747
12269,0.04832,172.31.40.0-255,66,173747,76,173747
12270,0.0,74.125.68.0-255,153,153,76,277854
12271,2.1e-05,172.31.40.0-255,66,219,76,277854
12272,2.8e-05,74.125.68.0-255,1484,1703,76,277854
12273,3.2e-05,172.31.40.0-255,66,1769,76,277854
12274,3.7e-05,74.125.68.0-255,2902,4671,76,277854
12275,4.7e-05,172.31.40.0-255,66,4737,76,277854
12276,5.2e-05,74.125.68.0-255,4320,9057,76,277854
12277,5.6e-05,172.31.40.0-255,66,9123,76,277854
12278,9.5e-05,74.125.68.0-255,4819,13942,76,277854
12279,9.8e-05,172.31.40.0-255,66,14008,76,277854
12280,0.000405,74.125.68.0-255,1484,15492,76,277854
12281,0.00041,172.31.40.0-255,66,15558,76,277854
12282,0.000415,74.125.68.0-255,2902,18460,76,277854
12283,0.000417,172.31.40.0-255,66,18526,76,277854
12284,0.000468,74.125.68.0-255,2902,21428,76,277854
12285,0.000471,172.31.40.0-255,66,21494,76,277854
12286,0.0005,74.125.68.0-255,2902,24396,76,277854
12287,0.000502,172.31.40.0-255,66,24462,76,277854
12288,0.000506,74.125.68.0-255,2902,27364,76,277854
12289,0.000507,172.31.40.0-255,66,27430,76,277854
12290,0.000513,74.125.68.0-255,3961,31391,76,277854
12291,0.000514,172.31.40.0-255,66,31457,76,277854
12292,0.000521,74.125.68.0-255,1484,32941,76,277854
12293,0.000523,172.31.40.0-255,66,33007,76,277854
12294,0.000527,74.125.68.0-255,2902,35909,76,277854
12295,0.00053,172.31.40.0-255,66,35975,76,277854
12296,0.000532,74.125.68.0-255,1484,37459,76,277854
12297,0.000535,172.31.40.0-255,66,37525,76,277854
12298,0.000567,74.125.68.0-255,4320,41845,76,277854
12299,0.00057,172.31.40.0-255,66,41911,76,277854
12300,0.000577,74.125.68.0-255,6797,48708,76,277854
12301,0.000579,172.31.40.0-255,66,48774,76,277854
12302,0.000713,74.125.68.0-255,1484,50258,76,277854
12303,0.00073,74.125.68.0-255,2902,53160,76,277854
12304,0.000732,172.31.40.0-255,66,53226,76,277854
12305,0.000752,74.125.68.0-255,5738,58964,76,277854
12306,0.000754,172.31.40.0-255,66,59030,76,277854
12307,0.000778,74.125.68.0-255,1484,60514,76,277854
12308,0.000783,74.125.68.0-255,2902,63416,76,277854
12309,0.000785,172.31.40.0-255,66,63482,76,277854
12310,0.000808,74.125.68.0-255,2543,66025,76,277854
12311,0.00081,172.31.40.0-255,66,66091,76,277854
12312,0.001045,74.125.68.0-255,1484,67575,76,277854
12313,0.001051,74.125.68.0-255,1484,69059,76,277854
12314,0.001054,172.31.40.0-255,66,69125,76,277854
12315,0.001079,74.125.68.0-255,2902,72027,76,277854
12316,0.001081,172.31.40.0-255,66,72093,76,277854
12317,0.001108,74.125.68.0-255,5738,77831,76,277854
12318,0.00111,172.31.40.0-255,66,77897,76,277854
12319,0.001112,74.125.68.0-255,1484,79381,76,277854
12320,0.001115,74.125.68.0-255,1484,80865,76,277854
12321,0.001116,172.31.40.0-255,66,80931,76,277854
12322,0.001134,74.125.68.0-255,1484,82415,76,277854
12323,0.00116,74.125.68.0-255,4320,86735,76,277854
12324,0.001162,172.31.40.0-255,66,86801,76,277854
12325,0.001187,74.125.68.0-255,1704,88505,76,277854
12326,0.001189,172.31.40.0-255,66,88571,76,277854
12327,0.001193,74.125.68.0-255,2902,91473,76,277854
12328,0.001194,172.31.40.0-255,66,91539,76,277854
12329,0.001199,74.125.68.0-255,4320,95859,76,277854
12330,0.001201,172.31.40.0-255,66,95925,76,277854
12331,0.00121,74.125.68.0-255,4320,100245,76,277854
12332,0.001212,172.31.40.0-255,66,100311,76,277854
12333,0.001239,74.125.68.0-255,4320,104631,76,277854
12334,0.001242,172.31.40.0-255,66,104697,76,277854
12335,0.001247,74.125.68.0-255,4320,109017,76,277854
12336,0.001249,172.31.40.0-255,66,109083,76,277854
12337,0.001287,172.31.40.0-255,66,109149,76,277854
12338,0.001343,74.125.68.0-255,1484,110633,76,277854
12339,0.001356,74.125.68.0-255,2902,113535,76,277854
12340,0.00136,172.31.40.0-255,66,113601,76,277854
12341,0.001363,74.125.68.0-255,1484,115085,76,277854
12342,0.001381,74.125.68.0-255,1484,116569,76,277854
12343,0.001383,172.31.40.0-255,66,116635,76,277854
12344,0.0014,74.125.68.0-255,1484,118119,76,277854
12345,0.001406,74.125.68.0-255,5738,123857,76,277854
12346,0.001408,172.31.40.0-255,66,123923,76,277854
12347,0.001432,74.125.68.0-255,3237,127160,76,277854
12348,0.001435,172.31.40.0-255,66,127226,76,277854
12349,0.001875,74.125.68.0-255,1484,128710,76,277854
12350,0.001881,74.125.68.0-255,1484,130194,76,277854
12351,0.001885,172.31.40.0-255,66,130260,76,277854
12352,0.00191,74.125.68.0-255,1484,131744,76,277854
12353,0.001917,74.125.68.0-255,5738,137482,76,277854
12354,0.001919,172.31.40.0-255,66,137548,76,277854
12355,0.001952,172.31.40.0-255,66,137614,76,277854
12356,0.002006,172.31.40.0-255,66,137680,76,277854
12357,0.002011,74.125.68.0-255,5020,142700,76,277854
12358,0.002013,172.31.40.0-255,66,142766,76,277854
12359,0.003998,74.125.68.0-255,4320,147086,76,277854
12360,0.004003,172.31.40.0-255,66,147152,76,277854
12361,0.00402,74.125.68.0-255,1484,148636,76,277854
12362,0.005987,74.125.68.0-255,2902,151538,76,277854
12363,0.005991,172.31.40.0-255,66,151604,76,277854
12364,0.006002,74.125.68.0-255,1484,153088,76,277854
12365,0.007994,74.125.68.0-255,4320,157408,76,277854
12366,0.008,172.31.40.0-255,66,157474,76,277854
12367,0.010005,74.125.68.0-255,5738,163212,76,277854
12368,0.010012,172.31.40.0-255,66,163278,76,277854
12369,0.012005,74.125.68.0-255,5738,169016,76,277854
12370,0.012012,172.31.40.0-255,66,169082,76,277854
12371,0.014014,74.125.68.0-255,5738,174820,76,277854
12372,0.014024,172.31.40.0-255,66,174886,76,277854
12373,0.016025,74.125.68.0-255,5738,180624,76,277854
12374,0.016033,172.31.40.0-255,66,180690,76,277854
12375,0.018043,74.125.68.0-255,5738,186428,76,277854
12376,0.01805,172.31.40.0-255,66,186494,76,277854
12377,0.020054,74.125.68.0-255,5738,192232,76,277854
12378,0.020061,172.31.40.0-255,66,192298,76,277854
12379,0.022063,74.125.68.0-255,5738,198036,76,277854
12380,0.022071,172.31.40.0-255,66,198102,76,277854
12381,0.02407,74.125.68.0-255,5738,203840,76,277854
12382,0.024076,172.31.40.0-255,66,203906,76,277854
12383,0.024827,172.31.40.0-255,172,204078,76,277854
12384,0.024857,172.31.40.0-255,1108,205186,76,277854
12385,0.024915,172.31.40.0-255,1514,206700,76,277854
12386,0.024916,172.31.40.0-255,1308,208008,76,277854
12387,0.026074,74.125.68.0-255,5738,213746,76,277854
12388,0.026097,172.31.40.0-255,66,213812,76,277854
12389,0.026351,104.244.42.0-255,66,213878,76,277854
12390,0.026389,104.244.42.0-255,66,213944,76,277854
12391,0.026555,104.244.42.0-255,66,214010,76,277854
12392,0.028117,74.125.68.0-255,5738,219748,76,277854
12393,0.028124,172.31.40.0-255,66,219814,76,277854
12394,0.030127,74.125.68.0-255,5738,225552,76,277854
12395,0.030133,172.31.40.0-255,66,225618,76,277854
12396,0.032139,74.125.68.0-255,5738,231356,76,277854
12397,0.032146,172.31.40.0-255,66,231422,76,277854
12398,0.034148,74.125.68.0-255,5738,237160,76,277854
12399,0.034155,172.31.40.0-255,66,237226,76,277854
12400,0.036168,74.125.68.0-255,5738,242964,76,277854
12401,0.036175,172.31.40.0-255,66,243030,76,277854
12402,0.03823,74.125.68.0-255,5738,248768,76,277854
12403,0.038236,172.31.40.0-255,66,248834,76,277854
12404,0.040249,74.125.68.0-255,5738,254572,76,277854
12405,0.040255,172.31.40.0-255,66,254638,76,277854
12406,0.042257,74.125.68.0-255,5738,260376,76,277854
12407,0.042266,172.31.40.0-255,66,260442,76,277854
12408,0.044269,74.125.68.0-255,5738,266180,76,277854
12409,0.044276,172.31.40.0-255,66,266246,76,277854
12410,0.046289,74.125.68.0-255,5738,271984,76,277854
12411,0.046296,172.31.40.0-255,66,272050,76,277854
12412,0.0483,74.125.68.0-255,5738,277788,76,277854
12413,0.048306,172.31.40.0-255,66,277854,76,277854
12414,0.0,172.217.194.0-255,146,146,76,127826
12415,2.2e-05,172.31.40.0-255,66,212,76,127826
12416,2.9e-05,172.217.194.0-255,1484,1696,76,127826
12417,3.3e-05,172.31.40.0-255,66,1762,76,127826
12418,3.8e-05,172.217.194.0-255,2902,4664,76,127826
12419,5e-05,172.31.40.0-255,66,4730,76,127826
12420,5.7e-05,172.217.194.0-255,4320,9050,76,127826
12421,5.9e-05,172.31.40.0-255,66,9116,76,127826
12422,7e-05,172.31.40.0-255,66,9182,76,127826
12423,0.000109,172.31.40.0-255,66,9248,76,127826
12424,0.000134,172.217.194.0-255,1484,10732,76,127826
12425,0.000137,172.31.40.0-255,66,10798,76,127826
12426,0.000177,172.31.40.0-255,66,10864,76,127826
12427,0.000208,172.217.194.0-255,3602,14466,76,127826
12428,0.00021,172.31.40.0-255,66,14532,76,127826
12429,0.000662,172.217.194.0-255,1484,16016,76,127826
12430,0.000668,172.31.40.0-255,66,16082,76,127826
12431,0.000699,172.217.194.0-255,2902,18984,76,127826
12432,0.000703,172.217.194.0-255,2902,21886,76,127826
12433,0.000709,172.31.40.0-255,66,21952,76,127826
12434,0.000716,172.31.40.0-255,66,22018,76,127826
12435,0.00072,172.217.194.0-255,2902,24920,76,127826
12436,0.000726,172.31.40.0-255,66,24986,76,127826
12437,0.000752,172.217.194.0-255,2902,27888,76,127826
12438,0.000755,172.31.40.0-255,66,27954,76,127826
12439,0.00078,172.217.194.0-255,4267,32221,76,127826
12440,0.000783,172.31.40.0-255,66,32287,76,127826
12441,0.000947,172.217.194.0-255,1484,33771,76,127826
12442,0.000951,172.217.194.0-255,2902,36673,76,127826
12443,0.000956,172.31.40.0-255,66,36739,76,127826
12444,0.00096,172.31.40.0-255,66,36805,76,127826
12445,0.00097,172.217.194.0-255,4320,41125,76,127826
12446,0.000972,172.31.40.0-255,66,41191,76,127826
12447,0.000987,172.217.194.0-255,1484,42675,76,127826
12448,0.000994,172.217.194.0-255,5738,48413,76,127826
12449,0.000996,172.31.40.0-255,66,48479,76,127826
12450,0.001029,172.217.194.0-255,7156,55635,76,127826
12451,0.001032,172.31.40.0-255,66,55701,76,127826
12452,0.001044,172.31.40.0-255,66,55767,76,127826
12453,0.001074,172.217.194.0-255,3602,59369,76,127826
12454,0.001077,172.31.40.0-255,66,59435,76,127826
12455,0.001087,172.31.40.0-255,66,59501,76,127826
12456,0.001093,172.217.194.0-255,4320,63821,76,127826
12457,0.001096,172.31.40.0-255,66,63887,76,127826
12458,0.001154,172.31.40.0-255,66,63953,76,127826
12459,0.001169,172.31.40.0-255,66,64019,76,127826
12460,0.001219,172.31.40.0-255,66,64085,76,127826
12461,0.001249,172.217.194.0-255,3602,67687,76,127826
12462,0.001252,172.31.40.0-255,66,67753,76,127826
12463,0.001269,172.31.40.0-255,66,67819,76,127826
12464,0.001288,172.31.40.0-255,66,67885,76,127826
12465,0.001294,172.217.194.0-255,4320,72205,76,127826
12466,0.001296,172.31.40.0-255,66,72271,76,127826
12467,0.001362,172.31.40.0-255,66,72337,76,127826
12468,0.001372,172.31.40.0-255,66,72403,76,127826
12469,0.001388,172.217.194.0-255,5738,78141,76,127826
12470,0.00139,172.31.40.0-255,66,78207,76,127826
12471,0.001435,172.31.40.0-255,66,78273,76,127826
12472,0.001447,172.31.40.0-255,66,78339,76,127826
12473,0.001478,172.217.194.0-255,2902,81241,76,127826
12474,0.001482,172.31.40.0-255,66,81307,76,127826
12475,0.001498,172.31.40.0-255,66,81373,76,127826
12476,0.001505,172.217.194.0-255,6438,87811,76,127826
12477,0.001507,172.31.40.0-255,66,87877,76,127826
12478,0.00151,172.217.194.0-255,1484,89361,76,127826
12479,0.001536,172.217.194.0-255,5738,95099,76,127826
12480,0.001539,172.31.40.0-255,66,95165,76,127826
12481,0.001542,172.217.194.0-255,1484,96649,76,127826
12482,0.001545,172.217.194.0-255,1484,98133,76,127826
12483,0.001547,172.31.40.0-255,66,98199,76,127826
12484,0.00159,172.31.40.0-255,66,98265,76,127826
12485,0.001606,172.31.40.0-255,66,98331,76,127826
12486,0.001612,172.217.194.0-255,5738,104069,76,127826
12487,0.001615,172.31.40.0-255,66,104135,76,127826
12488,0.001644,172.31.40.0-255,66,104201,76,127826
12489,0.001649,172.217.194.0-255,2902,107103,76,127826
12490,0.001651,172.31.40.0-255,66,107169,76,127826
12491,0.001739,172.31.40.0-255,66,107235,76,127826
12492,0.001754,172.31.40.0-255,66,107301,76,127826
12493,0.001767,172.31.40.0-255,66,107367,76,127826
12494,0.001792,172.217.194.0-255,1484,108851,76,127826
12495,0.001813,172.217.194.0-255,5020,113871,76,127826
12496,0.001816,172.31.40.0-255,66,113937,76,127826
12497,0.001842,172.217.194.0-255,1484,115421,76,127826
12498,0.001847,172.217.194.0-255,2902,118323,76,127826
12499,0.00185,172.31.40.0-255,66,118389,76,127826
12500,0.001875,172.217.194.0-255,1484,119873,76,127826
12501,0.001891,172.217.194.0-255,3245,123118,76,127826
12502,0.001894,172.31.40.0-255,66,123184,76,127826
12503,0.001947,172.217.194.0-255,105,123289,76,127826
12504,0.004491,172.31.40.0-255,66,123355,76,127826
12505,0.004527,172.31.40.0-255,105,123460,76,127826
12506,0.007095,172.217.194.0-255,66,123526,76,127826
12507,0.031333,172.31.40.0-255,172,123698,76,127826
12508,0.031362,172.31.40.0-255,1108,124806,76,127826
12509,0.031417,172.31.40.0-255,1514,126320,76,127826
12510,0.031419,172.31.40.0-255,1308,127628,76,127826
12511,0.032885,104.244.42.0-255,66,127694,76,127826
12512,0.032922,104.244.42.0-255,66,127760,76,127826
12513,0.032974,104.244.42.0-255,66,127826,76,127826
12514,0.0,74.125.200.0-255,146,146,76,276740
12515,2.3e-05,172.31.40.0-255,66,212,76,276740
12516,3e-05,74.125.200.0-255,1484,1696,76,276740
12517,3.4e-05,172.31.40.0-255,66,1762,76,276740
12518,3.9e-05,74.125.200.0-255,2902,4664,76,276740
12519,4.3e-05,172.31.40.0-255,66,4730,76,276740
12520,4.9e-05,74.125.200.0-255,2902,7632,76,276740
12521,5.2e-05,172.31.40.0-255,66,7698,76,276740
12522,7.5e-05,74.125.200.0-255,1484,9182,76,276740
12523,7.8e-05,172.31.40.0-255,66,9248,76,276740
12524,0.000109,172.31.40.0-255,66,9314,76,276740
12525,0.000121,172.31.40.0-255,66,9380,76,276740
12526,0.000128,74.125.200.0-255,4320,13700,76,276740
12527,0.00013,172.31.40.0-255,66,13766,76,276740
12528,0.000151,74.125.200.0-255,1125,14891,76,276740
12529,0.000153,172.31.40.0-255,66,14957,76,276740
12530,0.000306,74.125.200.0-255,1484,16441,76,276740
12531,0.00031,172.31.40.0-255,66,16507,76,276740
12532,0.00035,74.125.200.0-255,2902,19409,76,276740
12533,0.000354,172.31.40.0-255,66,19475,76,276740
12534,0.000359,74.125.200.0-255,4320,23795,76,276740
12535,0.000361,172.31.40.0-255,66,23861,76,276740
12536,0.000387,74.125.200.0-255,2902,26763,76,276740
12537,0.00039,172.31.40.0-255,66,26829,76,276740
12538,0.000414,74.125.200.0-255,6797,33626,76,276740
12539,0.000417,172.31.40.0-255,66,33692,76,276740
12540,0.000432,74.125.200.0-255,1484,35176,76,276740
12541,0.000434,172.31.40.0-255,66,35242,76,276740
12542,0.000452,74.125.200.0-255,7156,42398,76,276740
12543,0.000454,172.31.40.0-255,66,42464,76,276740
12544,0.000485,74.125.200.0-255,1484,43948,76,276740
12545,0.000488,172.31.40.0-255,66,44014,76,276740
12546,0.000494,74.125.200.0-255,5655,49669,76,276740
12547,0.000497,172.31.40.0-255,66,49735,76,276740
12548,0.0005,74.125.200.0-255,131,49866,76,276740
12549,0.000502,172.31.40.0-255,66,49932,76,276740
12550,0.000597,74.125.200.0-255,1484,51416,76,276740
12551,0.000612,74.125.200.0-255,2902,54318,76,276740
12552,0.000628,172.31.40.0-255,66,54384,76,276740
12553,0.000633,74.125.200.0-255,2902,57286,76,276740
12554,0.000637,74.125.200.0-255,4320,61606,76,276740
12555,0.000644,172.31.40.0-255,66,61672,76,276740
12556,0.000673,74.125.200.0-255,4320,65992,76,276740
12557,0.000691,172.31.40.0-255,66,66058,76,276740
12558,0.000697,74.125.200.0-255,5379,71437,76,276740
12559,0.000703,74.125.200.0-255,4320,75757,76,276740
12560,0.000708,172.31.40.0-255,66,75823,76,276740
12561,0.000741,74.125.200.0-255,2902,78725,76,276740
12562,0.000749,172.31.40.0-255,66,78791,76,276740
12563,0.000759,74.125.200.0-255,5379,84170,76,276740
12564,0.000784,172.31.40.0-255,66,84236,76,276740
12565,0.00128,74.125.200.0-255,1484,85720,76,276740
12566,0.001303,74.125.200.0-255,2902,88622,76,276740
12567,0.001307,172.31.40.0-255,66,88688,76,276740
12568,0.001311,74.125.200.0-255,1484,90172,76,276740
12569,0.00133,74.125.200.0-255,4320,94492,76,276740
12570,0.001336,74.125.200.0-255,4320,98812,76,276740
12571,0.00134,172.31.40.0-255,66,98878,76,276740
12572,0.001361,74.125.200.0-255,5738,104616,76,276740
12573,0.001375,172.31.40.0-255,66,104682,76,276740
12574,0.001395,74.125.200.0-255,5738,110420,76,276740
12575,0.001409,74.125.200.0-255,5738,116158,76,276740
12576,0.001413,74.125.200.0-255,2184,118342,76,276740
12577,0.001442,172.31.40.0-255,66,118408,76,276740
12578,0.001447,172.31.40.0-255,66,118474,76,276740
12579,0.001548,74.125.200.0-255,1484,119958,76,276740
12580,0.001563,74.125.200.0-255,2902,122860,76,276740
12581,0.001566,172.31.40.0-255,66,122926,76,276740
12582,0.001586,74.125.200.0-255,4320,127246,76,276740
12583,0.001601,74.125.200.0-255,1484,128730,76,276740
12584,0.001607,172.31.40.0-255,66,128796,76,276740
12585,0.001614,74.125.200.0-255,1484,130280,76,276740
12586,0.001618,74.125.200.0-255,2902,133182,76,276740
12587,0.001622,172.31.40.0-255,66,133248,76,276740
12588,0.001632,74.125.200.0-255,1484,134732,76,276740
12589,0.001643,74.125.200.0-255,2902,137634,76,276740
12590,0.001657,74.125.200.0-255,1484,139118,76,276740
12591,0.00166,74.125.200.0-255,1484,140602,76,276740
12592,0.001664,74.125.200.0-255,2902,143504,76,276740
12593,0.001669,172.31.40.0-255,66,143570,76,276740
12594,0.001682,74.125.200.0-255,5738,149308,76,276740
12595,0.001707,74.125.200.0-255,1484,150792,76,276740
12596,0.00171,172.31.40.0-255,66,150858,76,276740
12597,0.001723,74.125.200.0-255,2184,153042,76,276740
12598,0.00174,172.31.40.0-255,66,153108,76,276740
12599,0.003746,74.125.200.0-255,1484,154592,76,276740
12600,0.003753,172.31.40.0-255,66,154658,76,276740
12601,0.003777,74.125.200.0-255,4320,158978,76,276740
12602,0.00378,172.31.40.0-255,66,159044,76,276740
12603,0.005773,74.125.200.0-255,1484,160528,76,276740
12604,0.005776,172.31.40.0-255,66,160594,76,276740
12605,0.005808,74.125.200.0-255,4320,164914,76,276740
12606,0.0078,74.125.200.0-255,1484,166398,76,276740
12607,0.007881,172.31.40.0-255,66,166464,76,276740
12608,0.009917,74.125.200.0-255,5738,172202,76,276740
12609,0.009925,172.31.40.0-255,66,172268,76,276740
12610,0.011956,74.125.200.0-255,5738,178006,76,276740
12611,0.011963,172.31.40.0-255,66,178072,76,276740
12612,0.01402,74.125.200.0-255,5738,183810,76,276740
12613,0.015546,172.31.40.0-255,66,183876,76,276740
12614,0.017599,74.125.200.0-255,5738,189614,76,276740
12615,0.017615,172.31.40.0-255,66,189680,76,276740
12616,0.019653,74.125.200.0-255,5738,195418,76,276740
12617,0.019661,172.31.40.0-255,66,195484,76,276740
12618,0.0217,74.125.200.0-255,5738,201222,76,276740
12619,0.021707,172.31.40.0-255,66,201288,76,276740
12620,0.023741,74.125.200.0-255,5738,207026,76,276740
12621,0.02375,172.31.40.0-255,66,207092,76,276740
12622,0.025786,74.125.200.0-255,5738,212830,76,276740
12623,0.025795,172.31.40.0-255,66,212896,76,276740
12624,0.027834,74.125.200.0-255,5738,218634,76,276740
12625,0.027844,172.31.40.0-255,66,218700,76,276740
12626,0.029884,74.125.200.0-255,5738,224438,76,276740
12627,0.029892,172.31.40.0-255,66,224504,76,276740
12628,0.031941,74.125.200.0-255,5738,230242,76,276740
12629,0.031948,172.31.40.0-255,66,230308,76,276740
12630,0.033998,74.125.200.0-255,5738,236046,76,276740
12631,0.034006,172.31.40.0-255,66,236112,76,276740
12632,0.036041,74.125.200.0-255,5738,241850,76,276740
12633,0.036048,172.31.40.0-255,66,241916,76,276740
12634,0.038121,74.125.200.0-255,5738,247654,76,276740
12635,0.03814,172.31.40.0-255,66,247720,76,276740
12636,0.040196,74.125.200.0-255,5738,253458,76,276740
12637,0.040212,172.31.40.0-255,66,253524,76,276740
12638,0.042274,74.125.200.0-255,5738,259262,76,276740
12639,0.042293,172.31.40.0-255,66,259328,76,276740
12640,0.04434,74.125.200.0-255,5738,265066,76,276740
12641,0.044356,172.31.40.0-255,66,265132,76,276740
12642,0.046396,74.125.200.0-255,5738,270870,76,276740
12643,0.046405,172.31.40.0-255,66,270936,76,276740
12644,0.048455,74.125.200.0-255,5738,276674,76,276740
12645,0.048473,172.31.40.0-255,66,276740,76,276740
12646,0.0,74.125.130.0-255,150,150,76,343521
12647,2.2e-05,172.31.40.0-255,66,216,76,343521
12648,2.9e-05,74.125.130.0-255,1484,1700,76,343521
12649,3.3e-05,172.31.40.0-255,66,1766,76,343521
12650,3.8e-05,74.125.130.0-255,2902,4668,76,343521
12651,4.2e-05,172.31.40.0-255,66,4734,76,343521
12652,6.6e-05,74.125.130.0-255,7156,11890,76,343521
12653,6.9e-05,172.31.40.0-255,66,11956,76,343521
12654,0.000107,74.125.130.0-255,2022,13978,76,343521
12655,0.000109,172.31.40.0-255,66,14044,76,343521
12656,0.000141,74.125.130.0-255,2902,16946,76,343521
12657,0.000144,172.31.40.0-255,66,17012,76,343521
12658,0.000166,74.125.130.0-255,4320,21332,76,343521
12659,0.000169,172.31.40.0-255,66,21398,76,343521
12660,0.000175,74.125.130.0-255,5738,27136,76,343521
12661,0.000178,172.31.40.0-255,66,27202,76,343521
12662,0.000224,74.125.130.0-255,3961,31163,76,343521
12663,0.000226,172.31.40.0-255,66,31229,76,343521
12664,0.000358,74.125.130.0-255,1484,32713,76,343521
12665,0.000363,172.31.40.0-255,66,32779,76,343521
12666,0.000369,74.125.130.0-255,2902,35681,76,343521
12667,0.000372,172.31.40.0-255,66,35747,76,343521
12668,0.000393,74.125.130.0-255,5738,41485,76,343521
12669,0.000396,172.31.40.0-255,66,41551,76,343521
12670,0.000411,74.125.130.0-255,2902,44453,76,343521
12671,0.000414,172.31.40.0-255,66,44519,76,343521
12672,0.000435,74.125.130.0-255,3961,48480,76,343521
12673,0.000438,172.31.40.0-255,66,48546,76,343521
12674,0.000445,74.125.130.0-255,7156,55702,76,343521
12675,0.000447,172.31.40.0-255,66,55768,76,343521
12676,0.000492,172.31.40.0-255,66,55834,76,343521
12677,0.000512,74.125.130.0-255,1398,57232,76,343521
12678,0.000663,74.125.130.0-255,121,57353,76,343521
12679,0.000679,74.125.130.0-255,380,57733,76,343521
12680,0.000682,172.31.40.0-255,66,57799,76,343521
12681,0.000866,74.125.130.0-255,1484,59283,76,343521
12682,0.000889,74.125.130.0-255,2902,62185,76,343521
12683,0.000892,172.31.40.0-255,66,62251,76,343521
12684,0.000916,74.125.130.0-255,4320,66571,76,343521
12685,0.000919,172.31.40.0-255,66,66637,76,343521
12686,0.00093,74.125.130.0-255,1484,68121,76,343521
12687,0.000942,172.31.40.0-255,66,68187,76,343521
12688,0.000975,74.125.130.0-255,1484,69671,76,343521
12689,0.00099,172.31.40.0-255,66,69737,76,343521
12690,0.001043,74.125.130.0-255,1484,71221,76,343521
12691,0.001078,74.125.130.0-255,2902,74123,76,343521
12692,0.001082,172.31.40.0-255,66,74189,76,343521
12693,0.001086,74.125.130.0-255,2902,77091,76,343521
12694,0.001088,172.31.40.0-255,66,77157,76,343521
12695,0.001094,74.125.130.0-255,4320,81477,76,343521
12696,0.001096,172.31.40.0-255,66,81543,76,343521
12697,0.001099,74.125.130.0-255,1484,83027,76,343521
12698,0.001143,74.125.130.0-255,7156,90183,76,343521
12699,0.001149,74.125.130.0-255,5738,95921,76,343521
12700,0.001153,172.31.40.0-255,66,95987,76,343521
12701,0.001156,172.31.40.0-255,66,96053,76,343521
12702,0.001175,74.125.130.0-255,4320,100373,76,343521
12703,0.001178,172.31.40.0-255,66,100439,76,343521
12704,0.001201,74.125.130.0-255,3602,104041,76,343521
12705,0.001205,172.31.40.0-255,66,104107,76,343521
12706,0.001481,74.125.130.0-255,1484,105591,76,343521
12707,0.001499,74.125.130.0-255,1484,107075,76,343521
12708,0.001501,172.31.40.0-255,66,107141,76,343521
12709,0.00154,74.125.130.0-255,1484,108625,76,343521
12710,0.001546,74.125.130.0-255,5738,114363,76,343521
12711,0.001549,172.31.40.0-255,66,114429,76,343521
12712,0.001556,74.125.130.0-255,4320,118749,76,343521
12713,0.001558,172.31.40.0-255,66,118815,76,343521
12714,0.001564,74.125.130.0-255,5738,124553,76,343521
12715,0.001567,172.31.40.0-255,66,124619,76,343521
12716,0.001574,74.125.130.0-255,7156,131775,76,343521
12717,0.001576,172.31.40.0-255,66,131841,76,343521
12718,0.001599,74.125.130.0-255,4320,136161,76,343521
12719,0.001602,172.31.40.0-255,66,136227,76,343521
12720,0.001606,74.125.130.0-255,2184,138411,76,343521
12721,0.001607,172.31.40.0-255,66,138477,76,343521
12722,0.001684,74.125.130.0-255,1484,139961,76,343521
12723,0.001697,74.125.130.0-255,2902,142863,76,343521
12724,0.0017,172.31.40.0-255,66,142929,76,343521
12725,0.001705,74.125.130.0-255,2902,145831,76,343521
12726,0.001707,172.31.40.0-255,66,145897,76,343521
12727,0.001723,74.125.130.0-255,2902,148799,76,343521
12728,0.001725,172.31.40.0-255,66,148865,76,343521
12729,0.001745,74.125.130.0-255,7156,156021,76,343521
12730,0.001748,172.31.40.0-255,66,156087,76,343521
12731,0.00176,74.125.130.0-255,1484,157571,76,343521
12732,0.001782,74.125.130.0-255,7156,164727,76,343521
12733,0.001785,172.31.40.0-255,66,164793,76,343521
12734,0.001792,74.125.130.0-255,5738,170531,76,343521
12735,0.001794,172.31.40.0-255,66,170597,76,343521
12736,0.001813,74.125.130.0-255,2184,172781,76,343521
12737,0.001816,172.31.40.0-255,66,172847,76,343521
12738,0.001864,74.125.130.0-255,1484,174331,76,343521
12739,0.001869,74.125.130.0-255,2902,177233,76,343521
12740,0.001872,172.31.40.0-255,66,177299,76,343521
12741,0.001875,74.125.130.0-255,1484,178783,76,343521
12742,0.001898,74.125.130.0-255,1484,180267,76,343521
12743,0.001901,172.31.40.0-255,66,180333,76,343521
12744,0.001906,74.125.130.0-255,4320,184653,76,343521
12745,0.001908,172.31.40.0-255,66,184719,76,343521
12746,0.001927,74.125.130.0-255,4320,189039,76,343521
12747,0.00193,172.31.40.0-255,66,189105,76,343521
12748,0.001953,74.125.130.0-255,4320,193425,76,343521
12749,0.001955,172.31.40.0-255,66,193491,76,343521
12750,0.001961,74.125.130.0-255,4320,197811,76,343521
12751,0.001963,172.31.40.0-255,66,197877,76,343521
12752,0.001969,74.125.130.0-255,5738,203615,76,343521
12753,0.001972,172.31.40.0-255,66,203681,76,343521
12754,0.001989,74.125.130.0-255,3602,207283,76,343521
12755,0.001991,172.31.40.0-255,66,207349,76,343521
12756,0.002055,74.125.130.0-255,1484,208833,76,343521
12757,0.002071,74.125.130.0-255,2902,211735,76,343521
12758,0.002075,172.31.40.0-255,66,211801,76,343521
12759,0.002079,74.125.130.0-255,2902,214703,76,343521
12760,0.002085,172.31.40.0-255,66,214769,76,343521
12761,0.002096,74.125.130.0-255,4320,219089,76,343521
12762,0.002101,172.31.40.0-255,66,219155,76,343521
12763,0.002119,74.125.130.0-255,4320,223475,76,343521
12764,0.002144,74.125.130.0-255,4320,227795,76,343521
12765,0.00215,74.125.130.0-255,5738,233533,76,343521
12766,0.002157,74.125.130.0-255,7156,240689,76,343521
12767,0.002212,74.125.130.0-255,766,241455,76,343521
12768,0.00776,172.31.40.0-255,66,241521,76,343521
12769,0.010221,74.125.130.0-255,5738,247259,76,343521
12770,0.010229,172.31.40.0-255,66,247325,76,343521
12771,0.012591,74.125.130.0-255,5738,253063,76,343521
12772,0.012599,172.31.40.0-255,66,253129,76,343521
12773,0.014952,74.125.130.0-255,5738,258867,76,343521
12774,0.01496,172.31.40.0-255,66,258933,76,343521
12775,0.017328,74.125.130.0-255,5738,264671,76,343521
12776,0.017336,172.31.40.0-255,66,264737,76,343521
12777,0.019681,74.125.130.0-255,5738,270475,76,343521
12778,0.019688,172.31.40.0-255,66,270541,76,343521
12779,0.022041,74.125.130.0-255,5738,276279,76,343521
12780,0.022048,172.31.40.0-255,66,276345,76,343521
12781,0.02439,74.125.130.0-255,5738,282083,76,343521
12782,0.024397,172.31.40.0-255,66,282149,76,343521
12783,0.02675,74.125.130.0-255,5738,287887,76,343521
12784,0.026758,172.31.40.0-255,66,287953,76,343521
12785,0.028196,172.31.40.0-255,172,288125,76,343521
12786,0.02823,172.31.40.0-255,1109,289234,76,343521
12787,0.028291,172.31.40.0-255,1514,290748,76,343521
12788,0.028293,172.31.40.0-255,339,291087,76,343521
12789,0.029118,74.125.130.0-255,5738,296825,76,343521
12790,0.029125,172.31.40.0-255,66,296891,76,343521
12791,0.02976,104.244.42.0-255,66,296957,76,343521
12792,0.029806,104.244.42.0-255,66,297023,76,343521
12793,0.029846,104.244.42.0-255,66,297089,76,343521
12794,0.031476,74.125.130.0-255,5738,302827,76,343521
12795,0.031481,172.31.40.0-255,66,302893,76,343521
12796,0.033846,74.125.130.0-255,5738,308631,76,343521
12797,0.033852,172.31.40.0-255,66,308697,76,343521
12798,0.036212,74.125.130.0-255,5738,314435,76,343521
12799,0.036219,172.31.40.0-255,66,314501,76,343521
12800,0.038616,74.125.130.0-255,5738,320239,76,343521
12801,0.038622,172.31.40.0-255,66,320305,76,343521
12802,0.04098,74.125.130.0-255,5738,326043,76,343521
12803,0.040988,172.31.40.0-255,66,326109,76,343521
12804,0.043332,74.125.130.0-255,5738,331847,76,343521
12805,0.043338,172.31.40.0-255,66,331913,76,343521
12806,0.045712,74.125.130.0-255,5738,337651,76,343521
12807,0.045717,172.31.40.0-255,66,337717,76,343521
12808,0.048076,74.125.130.0-255,5738,343455,76,343521
12809,0.048082,172.31.40.0-255,66,343521,76,343521
12810,0.0,74.125.24.0-255,156,156,76,275241
12811,1.3e-05,172.31.40.0-255,66,222,76,275241
12812,1.9e-05,74.125.24.0-255,1484,1706,76,275241
12813,2.4e-05,172.31.40.0-255,66,1772,76,275241
12814,2.9e-05,74.125.24.0-255,2902,4674,76,275241
12815,3.2e-05,172.31.40.0-255,66,4740,76,275241
12816,3.9e-05,74.125.24.0-255,5738,10478,76,275241
12817,4.2e-05,172.31.40.0-255,66,10544,76,275241
12818,6.8e-05,74.125.24.0-255,1484,12028,76,275241
12819,7.1e-05,172.31.40.0-255,66,12094,76,275241
12820,7.6e-05,74.125.24.0-255,2133,14227,76,275241
12821,7.8e-05,172.31.40.0-255,66,14293,76,275241
12822,0.000105,74.125.24.0-255,1484,15777,76,275241
12823,0.000108,172.31.40.0-255,66,15843,76,275241
12824,0.00013,74.125.24.0-255,5738,21581,76,275241
12825,0.000133,172.31.40.0-255,66,21647,76,275241
12826,0.000144,172.31.40.0-255,66,21713,76,275241
12827,0.000147,74.125.24.0-255,1125,22838,76,275241
12828,0.000149,172.31.40.0-255,66,22904,76,275241
12829,0.000243,74.125.24.0-255,1484,24388,76,275241
12830,0.000247,172.31.40.0-255,66,24454,76,275241
12831,0.000253,74.125.24.0-255,2902,27356,76,275241
12832,0.000255,172.31.40.0-255,66,27422,76,275241
12833,0.000259,74.125.24.0-255,2902,30324,76,275241
12834,0.000262,172.31.40.0-255,66,30390,76,275241
12835,0.000282,74.125.24.0-255,2902,33292,76,275241
12836,0.000284,172.31.40.0-255,66,33358,76,275241
12837,0.000296,74.125.24.0-255,2902,36260,76,275241
12838,0.000299,172.31.40.0-255,66,36326,76,275241
12839,0.000327,172.31.40.0-255,66,36392,76,275241
12840,0.000336,74.125.24.0-255,7156,43548,76,275241
12841,0.000338,172.31.40.0-255,66,43614,76,275241
12842,0.000355,74.125.24.0-255,1484,45098,76,275241
12843,0.000371,74.125.24.0-255,1461,46559,76,275241
12844,0.000373,172.31.40.0-255,66,46625,76,275241
12845,0.000389,74.125.24.0-255,342,46967,76,275241
12846,0.000556,74.125.24.0-255,1484,48451,76,275241
12847,0.000561,172.31.40.0-255,66,48517,76,275241
12848,0.000566,74.125.24.0-255,2902,51419,76,275241
12849,0.000569,172.31.40.0-255,66,51485,76,275241
12850,0.000575,74.125.24.0-255,4320,55805,76,275241
12851,0.000577,172.31.40.0-255,66,55871,76,275241
12852,0.000593,74.125.24.0-255,1484,57355,76,275241
12853,0.000633,172.31.40.0-255,66,57421,76,275241
12854,0.00064,74.125.24.0-255,5738,63159,76,275241
12855,0.000659,172.31.40.0-255,66,63225,76,275241
12856,0.000667,74.125.24.0-255,2902,66127,76,275241
12857,0.000673,172.31.40.0-255,66,66193,76,275241
12858,0.000683,74.125.24.0-255,2184,68377,76,275241
12859,0.000702,172.31.40.0-255,66,68443,76,275241
12860,0.000876,74.125.24.0-255,1484,69927,76,275241
12861,0.000882,74.125.24.0-255,2902,72829,76,275241
12862,0.000885,172.31.40.0-255,66,72895,76,275241
12863,0.000888,74.125.24.0-255,1484,74379,76,275241
12864,0.000905,74.125.24.0-255,4320,78699,76,275241
12865,0.000907,74.125.24.0-255,1484,80183,76,275241
12866,0.00091,172.31.40.0-255,66,80249,76,275241
12867,0.000951,74.125.24.0-255,7156,87405,76,275241
12868,0.000956,172.31.40.0-255,66,87471,76,275241
12869,0.000983,74.125.24.0-255,3602,91073,76,275241
12870,0.000987,172.31.40.0-255,66,91139,76,275241
12871,0.001623,74.125.24.0-255,1484,92623,76,275241
12872,0.001629,74.125.24.0-255,2902,95525,76,275241
12873,0.001632,172.31.40.0-255,66,95591,76,275241
12874,0.001638,74.125.24.0-255,4320,99911,76,275241
12875,0.00164,172.31.40.0-255,66,99977,76,275241
12876,0.001654,74.125.24.0-255,1484,101461,76,275241
12877,0.001688,74.125.24.0-255,7156,108617,76,275241
12878,0.00169,172.31.40.0-255,66,108683,76,275241
12879,0.001716,74.125.24.0-255,5738,114421,76,275241
12880,0.001718,172.31.40.0-255,66,114487,76,275241
12881,0.00173,172.31.40.0-255,66,114553,76,275241
12882,0.001769,74.125.24.0-255,1484,116037,76,275241
12883,0.001774,74.125.24.0-255,2902,118939,76,275241
12884,0.001777,172.31.40.0-255,66,119005,76,275241
12885,0.001781,74.125.24.0-255,2902,121907,76,275241
12886,0.001783,172.31.40.0-255,66,121973,76,275241
12887,0.001797,74.125.24.0-255,2902,124875,76,275241
12888,0.001799,172.31.40.0-255,66,124941,76,275241
12889,0.001804,74.125.24.0-255,2902,127843,76,275241
12890,0.001805,172.31.40.0-255,66,127909,76,275241
12891,0.001839,172.31.40.0-255,66,127975,76,275241
12892,0.001851,172.31.40.0-255,66,128041,76,275241
12893,0.001957,74.125.24.0-255,1484,129525,76,275241
12894,0.001964,74.125.24.0-255,2902,132427,76,275241
12895,0.001967,172.31.40.0-255,66,132493,76,275241
12896,0.001991,74.125.24.0-255,5738,138231,76,275241
12897,0.001994,172.31.40.0-255,66,138297,76,275241
12898,0.002001,74.125.24.0-255,7156,145453,76,275241
12899,0.002003,172.31.40.0-255,66,145519,76,275241
12900,0.002007,74.125.24.0-255,1484,147003,76,275241
12901,0.002051,74.125.24.0-255,2184,149187,76,275241
12902,0.005583,172.31.40.0-255,66,149253,76,275241
12903,0.00767,74.125.24.0-255,5738,154991,76,275241
12904,0.007677,172.31.40.0-255,66,155057,76,275241
12905,0.009768,74.125.24.0-255,5738,160795,76,275241
12906,0.009775,172.31.40.0-255,66,160861,76,275241
12907,0.011871,74.125.24.0-255,5738,166599,76,275241
12908,0.01188,172.31.40.0-255,66,166665,76,275241
12909,0.013992,74.125.24.0-255,5738,172403,76,275241
12910,0.014009,172.31.40.0-255,66,172469,76,275241
12911,0.016112,74.125.24.0-255,5738,178207,76,275241
12912,0.016128,172.31.40.0-255,66,178273,76,275241
12913,0.018226,74.125.24.0-255,5738,184011,76,275241
12914,0.018243,172.31.40.0-255,66,184077,76,275241
12915,0.020345,74.125.24.0-255,5738,189815,76,275241
12916,0.020353,172.31.40.0-255,66,189881,76,275241
12917,0.022443,74.125.24.0-255,5738,195619,76,275241
12918,0.022453,172.31.40.0-255,66,195685,76,275241
12919,0.024614,74.125.24.0-255,5738,201423,76,275241
12920,0.02463,172.31.40.0-255,66,201489,76,275241
12921,0.026718,74.125.24.0-255,5738,207227,76,275241
12922,0.026727,172.31.40.0-255,66,207293,76,275241
12923,0.028813,74.125.24.0-255,5738,213031,76,275241
12924,0.028818,172.31.40.0-255,66,213097,76,275241
12925,0.030929,74.125.24.0-255,5738,218835,76,275241
12926,0.030936,172.31.40.0-255,66,218901,76,275241
12927,0.033024,74.125.24.0-255,5738,224639,76,275241
12928,0.033032,172.31.40.0-255,66,224705,76,275241
12929,0.035129,74.125.24.0-255,5738,230443,76,275241
12930,0.035137,172.31.40.0-255,66,230509,76,275241
12931,0.037242,74.125.24.0-255,5738,236247,76,275241
12932,0.037258,172.31.40.0-255,66,236313,76,275241
12933,0.039351,74.125.24.0-255,5738,242051,76,275241
12934,0.039359,172.31.40.0-255,66,242117,76,275241
12935,0.041475,74.125.24.0-255,5738,247855,76,275241
12936,0.041491,172.31.40.0-255,66,247921,76,275241
12937,0.043659,74.125.24.0-255,5738,253659,76,275241
12938,0.043668,172.31.40.0-255,66,253725,76,275241
12939,0.045744,74.125.24.0-255,5738,259463,76,275241
12940,0.045751,172.31.40.0-255,66,259529,76,275241
12941,0.047842,74.125.24.0-255,5738,265267,76,275241
12942,0.04786,172.31.40.0-255,66,265333,76,275241
12943,0.048936,172.31.40.0-255,172,265505,76,275241
12944,0.048971,172.31.40.0-255,1110,266615,76,275241
12945,0.049032,172.31.40.0-255,1514,268129,76,275241
12946,0.049034,172.31.40.0-255,1308,269437,76,275241
12947,0.049967,74.125.24.0-255,5738,275175,76,275241
12948,0.049974,172.31.40.0-255,66,275241,76,275241
12949,0.0,216.58.221.0-255,150,150,76,279748
12950,2e-05,172.31.40.0-255,66,216,76,279748
12951,2.7e-05,216.58.221.0-255,1484,1700,76,279748
12952,3.2e-05,172.31.40.0-255,66,1766,76,279748
12953,3.8e-05,216.58.221.0-255,2902,4668,76,279748
12954,4.2e-05,172.31.40.0-255,66,4734,76,279748
12955,5e-05,216.58.221.0-255,7156,11890,76,279748
12956,5.4e-05,172.31.40.0-255,66,11956,76,279748
12957,5.8e-05,216.58.221.0-255,2117,14073,76,279748
12958,6e-05,172.31.40.0-255,66,14139,76,279748
12959,9.3e-05,216.58.221.0-255,2902,17041,76,279748
12960,9.7e-05,172.31.40.0-255,66,17107,76,279748
12961,0.000102,216.58.221.0-255,2902,20009,76,279748
12962,0.000104,172.31.40.0-255,66,20075,76,279748
12963,0.000108,216.58.221.0-255,1484,21559,76,279748
12964,0.00011,172.31.40.0-255,66,21625,76,279748
12965,0.000131,216.58.221.0-255,2902,24527,76,279748
12966,0.000134,172.31.40.0-255,66,24593,76,279748
12967,0.000174,216.58.221.0-255,6797,31390,76,279748
12968,0.000176,172.31.40.0-255,66,31456,76,279748
12969,0.000343,216.58.221.0-255,1484,32940,76,279748
12970,0.000348,172.31.40.0-255,66,33006,76,279748
12971,0.000355,216.58.221.0-255,2902,35908,76,279748
12972,0.000357,172.31.40.0-255,66,35974,76,279748
12973,0.000363,216.58.221.0-255,4320,40294,76,279748
12974,0.000366,172.31.40.0-255,66,40360,76,279748
12975,0.000372,216.58.221.0-255,5738,46098,76,279748
12976,0.000374,172.31.40.0-255,66,46164,76,279748
12977,0.00041,216.58.221.0-255,2543,48707,76,279748
12978,0.000413,172.31.40.0-255,66,48773,76,279748
12979,0.00062,216.58.221.0-255,1484,50257,76,279748
12980,0.000625,172.31.40.0-255,66,50323,76,279748
12981,0.00063,216.58.221.0-255,2902,53225,76,279748
12982,0.000635,216.58.221.0-255,1484,54709,76,279748
12983,0.000651,216.58.221.0-255,4320,59029,76,279748
12984,0.000658,172.31.40.0-255,66,59095,76,279748
12985,0.000674,216.58.221.0-255,7125,66220,76,279748
12986,0.000698,172.31.40.0-255,66,66286,76,279748
12987,0.001163,216.58.221.0-255,115,66401,76,279748
12988,0.001287,216.58.221.0-255,1484,67885,76,279748
12989,0.001292,172.31.40.0-255,66,67951,76,279748
12990,0.001299,216.58.221.0-255,2902,70853,76,279748
12991,0.001306,216.58.221.0-255,5738,76591,76,279748
12992,0.001344,216.58.221.0-255,6797,83388,76,279748
12993,0.001372,216.58.221.0-255,7156,90544,76,279748
12994,0.001379,216.58.221.0-255,5738,96282,76,279748
12995,0.00143,216.58.221.0-255,3961,100243,76,279748
12996,0.001564,216.58.221.0-255,1484,101727,76,279748
12997,0.001573,216.58.221.0-255,2902,104629,76,279748
12998,0.001578,216.58.221.0-255,4320,108949,76,279748
12999,0.00159,216.58.221.0-255,4320,113269,76,279748
13000,0.001601,216.58.221.0-255,1484,114753,76,279748
13001,0.001613,216.58.221.0-255,2902,117655,76,279748
13002,0.001699,216.58.221.0-255,1484,119139,76,279748
13003,0.001704,216.58.221.0-255,2902,122041,76,279748
13004,0.001709,216.58.221.0-255,2902,124943,76,279748
13005,0.001726,216.58.221.0-255,2902,127845,76,279748
13006,0.001733,216.58.221.0-255,5738,133583,76,279748
13007,0.001749,216.58.221.0-255,2902,136485,76,279748
13008,0.001793,216.58.221.0-255,5020,141505,76,279748
13009,0.001953,216.58.221.0-255,1484,142989,76,279748
13010,0.00398,172.31.40.0-255,66,143055,76,279748
13011,0.005929,216.58.221.0-255,5738,148793,76,279748
13012,0.005943,172.31.40.0-255,66,148859,76,279748
13013,0.00788,216.58.221.0-255,5738,154597,76,279748
13014,0.007888,172.31.40.0-255,66,154663,76,279748
13015,0.009832,216.58.221.0-255,5738,160401,76,279748
13016,0.00984,172.31.40.0-255,66,160467,76,279748
13017,0.011779,216.58.221.0-255,5738,166205,76,279748
13018,0.011788,172.31.40.0-255,66,166271,76,279748
13019,0.013731,216.58.221.0-255,5738,172009,76,279748
13020,0.013738,172.31.40.0-255,66,172075,76,279748
13021,0.015677,216.58.221.0-255,5738,177813,76,279748
13022,0.015686,172.31.40.0-255,66,177879,76,279748
13023,0.017629,216.58.221.0-255,5738,183617,76,279748
13024,0.017637,172.31.40.0-255,66,183683,76,279748
13025,0.019575,216.58.221.0-255,5738,189421,76,279748
13026,0.019582,172.31.40.0-255,66,189487,76,279748
13027,0.021521,216.58.221.0-255,5738,195225,76,279748
13028,0.02153,172.31.40.0-255,66,195291,76,279748
13029,0.023476,216.58.221.0-255,5738,201029,76,279748
13030,0.023501,172.31.40.0-255,66,201095,76,279748
13031,0.025178,172.31.40.0-255,172,201267,76,279748
13032,0.025209,172.31.40.0-255,1104,202371,76,279748
13033,0.025269,172.31.40.0-255,1514,203885,76,279748
13034,0.025271,172.31.40.0-255,345,204230,76,279748
13035,0.02544,216.58.221.0-255,5738,209968,76,279748
13036,0.025446,172.31.40.0-255,66,210034,76,279748
13037,0.026805,104.244.42.0-255,66,210100,76,279748
13038,0.02738,216.58.221.0-255,5738,215838,76,279748
13039,0.027385,172.31.40.0-255,66,215904,76,279748
13040,0.029327,216.58.221.0-255,5738,221642,76,279748
13041,0.029334,172.31.40.0-255,66,221708,76,279748
13042,0.031286,216.58.221.0-255,5738,227446,76,279748
13043,0.031292,172.31.40.0-255,66,227512,76,279748
13044,0.033246,216.58.221.0-255,5738,233250,76,279748
13045,0.03326,172.31.40.0-255,66,233316,76,279748
13046,0.035252,216.58.221.0-255,5738,239054,76,279748
13047,0.035267,172.31.40.0-255,66,239120,76,279748
13048,0.037243,216.58.221.0-255,5738,244858,76,279748
13049,0.037259,172.31.40.0-255,66,244924,76,279748
13050,0.039208,216.58.221.0-255,5738,250662,76,279748
13051,0.039216,172.31.40.0-255,66,250728,76,279748
13052,0.041356,216.58.221.0-255,5738,256466,76,279748
13053,0.041366,172.31.40.0-255,66,256532,76,279748
13054,0.043311,216.58.221.0-255,5738,262270,76,279748
13055,0.043318,172.31.40.0-255,66,262336,76,279748
13056,0.045261,216.58.221.0-255,5738,268074,76,279748
13057,0.045268,172.31.40.0-255,66,268140,76,279748
13058,0.047212,216.58.221.0-255,5738,273878,76,279748
13059,0.047219,172.31.40.0-255,66,273944,76,279748
13060,0.049169,216.58.221.0-255,5738,279682,76,279748
13061,0.049176,172.31.40.0-255,66,279748,76,279748
13062,0.0,74.125.24.0-255,152,152,76,247723
13063,1.9e-05,172.31.40.0-255,66,218,76,247723
13064,2.5e-05,74.125.24.0-255,1484,1702,76,247723
13065,2.9e-05,172.31.40.0-255,66,1768,76,247723
13066,3.4e-05,74.125.24.0-255,2902,4670,76,247723
13067,3.7e-05,172.31.40.0-255,66,4736,76,247723
13068,4.3e-05,74.125.24.0-255,7156,11892,76,247723
13069,4.7e-05,172.31.40.0-255,66,11958,76,247723
13070,5e-05,74.125.24.0-255,2004,13962,76,247723
13071,5.3e-05,172.31.40.0-255,66,14028,76,247723
13072,7.6e-05,74.125.24.0-255,1484,15512,76,247723
13073,7.8e-05,172.31.40.0-255,66,15578,76,247723
13074,9.5e-05,74.125.24.0-255,1484,17062,76,247723
13075,9.7e-05,172.31.40.0-255,66,17128,76,247723
13076,0.000104,74.125.24.0-255,5738,22866,76,247723
13077,0.000106,172.31.40.0-255,66,22932,76,247723
13078,0.000118,74.125.24.0-255,1484,24416,76,247723
13079,0.00012,172.31.40.0-255,66,24482,76,247723
13080,0.000126,74.125.24.0-255,5738,30220,76,247723
13081,0.000129,172.31.40.0-255,66,30286,76,247723
13082,0.000144,74.125.24.0-255,1125,31411,76,247723
13083,0.000146,172.31.40.0-255,66,31477,76,247723
13084,0.000262,74.125.24.0-255,1484,32961,76,247723
13085,0.000267,172.31.40.0-255,66,33027,76,247723
13086,0.000273,74.125.24.0-255,2902,35929,76,247723
13087,0.000275,172.31.40.0-255,66,35995,76,247723
13088,0.00028,74.125.24.0-255,2902,38897,76,247723
13089,0.000282,172.31.40.0-255,66,38963,76,247723
13090,0.000304,74.125.24.0-255,2902,41865,76,247723
13091,0.000306,172.31.40.0-255,66,41931,76,247723
13092,0.000318,172.31.40.0-255,66,41997,76,247723
13093,0.000345,74.125.24.0-255,1125,43122,76,247723
13094,0.00036,172.31.40.0-255,66,43188,76,247723
13095,0.000363,74.125.24.0-255,1433,44621,76,247723
13096,0.000378,74.125.24.0-255,110,44731,76,247723
13097,0.000438,74.125.24.0-255,334,45065,76,247723
13098,0.000441,172.31.40.0-255,66,45131,76,247723
13099,0.000569,74.125.24.0-255,1484,46615,76,247723
13100,0.000576,74.125.24.0-255,2902,49517,76,247723
13101,0.00058,172.31.40.0-255,66,49583,76,247723
13102,0.000587,74.125.24.0-255,5738,55321,76,247723
13103,0.000589,172.31.40.0-255,66,55387,76,247723
13104,0.000615,74.125.24.0-255,6248,61635,76,247723
13105,0.000618,172.31.40.0-255,66,61701,76,247723
13106,0.001025,74.125.24.0-255,1484,63185,76,247723
13107,0.001032,74.125.24.0-255,2902,66087,76,247723
13108,0.001036,172.31.40.0-255,66,66153,76,247723
13109,0.001043,74.125.24.0-255,5738,71891,76,247723
13110,0.001045,172.31.40.0-255,66,71957,76,247723
13111,0.001067,74.125.24.0-255,7156,79113,76,247723
13112,0.001069,172.31.40.0-255,66,79179,76,247723
13113,0.001097,74.125.24.0-255,5738,84917,76,247723
13114,0.0011,172.31.40.0-255,66,84983,76,247723
13115,0.001104,74.125.24.0-255,1484,86467,76,247723
13116,0.001107,74.125.24.0-255,1484,87951,76,247723
13117,0.001109,172.31.40.0-255,66,88017,76,247723
13118,0.00113,172.31.40.0-255,66,88083,76,247723
13119,0.001643,74.125.24.0-255,1484,89567,76,247723
13120,0.001652,74.125.24.0-255,2902,92469,76,247723
13121,0.001656,172.31.40.0-255,66,92535,76,247723
13122,0.001678,74.125.24.0-255,5738,98273,76,247723
13123,0.00168,172.31.40.0-255,66,98339,76,247723
13124,0.001686,74.125.24.0-255,4320,102659,76,247723
13125,0.001688,172.31.40.0-255,66,102725,76,247723
13126,0.001706,74.125.24.0-255,2902,105627,76,247723
13127,0.001708,172.31.40.0-255,66,105693,76,247723
13128,0.001719,172.31.40.0-255,66,105759,76,247723
13129,0.001748,74.125.24.0-255,5738,111497,76,247723
13130,0.001751,172.31.40.0-255,66,111563,76,247723
13131,0.001755,74.125.24.0-255,2184,113747,76,247723
13132,0.001757,172.31.40.0-255,66,113813,76,247723
13133,0.002313,74.125.24.0-255,1484,115297,76,247723
13134,0.002322,74.125.24.0-255,2902,118199,76,247723
13135,0.002326,172.31.40.0-255,66,118265,76,247723
13136,0.002334,74.125.24.0-255,5738,124003,76,247723
13137,0.002336,172.31.40.0-255,66,124069,76,247723
13138,0.00235,74.125.24.0-255,4320,128389,76,247723
13139,0.002352,172.31.40.0-255,66,128455,76,247723
13140,0.00238,74.125.24.0-255,5738,134193,76,247723
13141,0.002382,172.31.40.0-255,66,134259,76,247723
13142,0.002418,172.31.40.0-255,66,134325,76,247723
13143,0.004757,74.125.24.0-255,5738,140063,76,247723
13144,0.004762,172.31.40.0-255,66,140129,76,247723
13145,0.007165,74.125.24.0-255,5738,145867,76,247723
13146,0.007169,172.31.40.0-255,66,145933,76,247723
13147,0.009499,74.125.24.0-255,5738,151671,76,247723
13148,0.009506,172.31.40.0-255,66,151737,76,247723
13149,0.011887,74.125.24.0-255,5738,157475,76,247723
13150,0.011895,172.31.40.0-255,66,157541,76,247723
13151,0.014261,74.125.24.0-255,5738,163279,76,247723
13152,0.01427,172.31.40.0-255,66,163345,76,247723
13153,0.016612,74.125.24.0-255,5738,169083,76,247723
13154,0.016621,172.31.40.0-255,66,169149,76,247723
13155,0.018996,74.125.24.0-255,5738,174887,76,247723
13156,0.019006,172.31.40.0-255,66,174953,76,247723
13157,0.021404,74.125.24.0-255,5738,180691,76,247723
13158,0.021412,172.31.40.0-255,66,180757,76,247723
13159,0.023837,74.125.24.0-255,5738,186495,76,247723
13160,0.023844,172.31.40.0-255,66,186561,76,247723
13161,0.026203,74.125.24.0-255,4320,190881,76,247723
13162,0.026209,172.31.40.0-255,66,190947,76,247723
13163,0.026226,74.125.24.0-255,1484,192431,76,247723
13164,0.026944,172.31.40.0-255,172,192603,76,247723
13165,0.026974,172.31.40.0-255,1109,193712,76,247723
13166,0.027031,172.31.40.0-255,1514,195226,76,247723
13167,0.027033,172.31.40.0-255,1307,196533,76,247723
13168,0.028478,104.244.42.0-255,66,196599,76,247723
13169,0.028514,104.244.42.0-255,66,196665,76,247723
13170,0.028568,104.244.42.0-255,66,196731,76,247723
13171,0.028584,74.125.24.0-255,4320,201051,76,247723
13172,0.02859,172.31.40.0-255,66,201117,76,247723
13173,0.02922,104.244.42.0-255,108,201225,76,247723
13174,0.029228,172.31.40.0-255,66,201291,76,247723
13175,0.03098,74.125.24.0-255,5738,207029,76,247723
13176,0.030993,172.31.40.0-255,66,207095,76,247723
13177,0.033363,74.125.24.0-255,5738,212833,76,247723
13178,0.033378,172.31.40.0-255,66,212899,76,247723
13179,0.035777,74.125.24.0-255,5738,218637,76,247723
13180,0.035794,172.31.40.0-255,66,218703,76,247723
13181,0.038203,74.125.24.0-255,5738,224441,76,247723
13182,0.038222,172.31.40.0-255,66,224507,76,247723
13183,0.040617,74.125.24.0-255,5738,230245,76,247723
13184,0.040635,172.31.40.0-255,66,230311,76,247723
13185,0.043037,74.125.24.0-255,5738,236049,76,247723
13186,0.043055,172.31.40.0-255,66,236115,76,247723
13187,0.045437,74.125.24.0-255,5738,241853,76,247723
13188,0.045451,172.31.40.0-255,66,241919,76,247723
13189,0.047822,74.125.24.0-255,5738,247657,76,247723
13190,0.04784,172.31.40.0-255,66,247723,76,247723
13191,0.0,172.217.27.0-255,150,150,76,249969
13192,2.2e-05,172.31.40.0-255,66,216,76,249969
13193,2.9e-05,172.217.27.0-255,1484,1700,76,249969
13194,3.4e-05,172.31.40.0-255,66,1766,76,249969
13195,4e-05,172.217.27.0-255,2902,4668,76,249969
13196,4.3e-05,172.31.40.0-255,66,4734,76,249969
13197,5.1e-05,172.217.27.0-255,7156,11890,76,249969
13198,5.4e-05,172.31.40.0-255,66,11956,76,249969
13199,0.000116,172.31.40.0-255,66,12022,76,249969
13200,0.000124,172.217.27.0-255,6797,18819,76,249969
13201,0.000127,172.31.40.0-255,66,18885,76,249969
13202,0.000156,172.217.27.0-255,1484,20369,76,249969
13203,0.000159,172.31.40.0-255,66,20435,76,249969
13204,0.000163,172.217.27.0-255,2902,23337,76,249969
13205,0.000165,172.31.40.0-255,66,23403,76,249969
13206,0.000193,172.217.27.0-255,5738,29141,76,249969
13207,0.000196,172.31.40.0-255,66,29207,76,249969
13208,0.000213,172.217.27.0-255,6797,36004,76,249969
13209,0.000215,172.31.40.0-255,66,36070,76,249969
13210,0.000251,172.217.27.0-255,2902,38972,76,249969
13211,0.000254,172.31.40.0-255,66,39038,76,249969
13212,0.000273,172.217.27.0-255,4320,43358,76,249969
13213,0.000276,172.31.40.0-255,66,43424,76,249969
13214,0.000283,172.217.27.0-255,7156,50580,76,249969
13215,0.000286,172.31.40.0-255,66,50646,76,249969
13216,0.000321,172.217.27.0-255,2543,53189,76,249969
13217,0.000324,172.31.40.0-255,66,53255,76,249969
13218,0.000345,172.217.27.0-255,356,53611,76,249969
13219,0.000347,172.31.40.0-255,66,53677,76,249969
13220,0.000867,172.217.27.0-255,134,53811,76,249969
13221,0.000874,172.31.40.0-255,66,53877,76,249969
13222,0.001052,172.217.27.0-255,1484,55361,76,249969
13223,0.001059,172.217.27.0-255,2902,58263,76,249969
13224,0.001063,172.31.40.0-255,66,58329,76,249969
13225,0.001069,172.217.27.0-255,4320,62649,76,249969
13226,0.001071,172.31.40.0-255,66,62715,76,249969
13227,0.001119,172.217.27.0-255,4320,67035,76,249969
13228,0.001121,172.31.40.0-255,66,67101,76,249969
13229,0.001143,172.217.27.0-255,3961,71062,76,249969
13230,0.001145,172.31.40.0-255,66,71128,76,249969
13231,0.001155,172.31.40.0-255,66,71194,76,249969
13232,0.001171,172.217.27.0-255,4320,75514,76,249969
13233,0.001173,172.31.40.0-255,66,75580,76,249969
13234,0.001192,172.217.27.0-255,3961,79541,76,249969
13235,0.001194,172.31.40.0-255,66,79607,76,249969
13236,0.002794,172.217.27.0-255,1484,81091,76,249969
13237,0.002816,172.217.27.0-255,4320,85411,76,249969
13238,0.002821,172.31.40.0-255,66,85477,76,249969
13239,0.00444,172.217.27.0-255,5738,91215,76,249969
13240,0.004444,172.31.40.0-255,66,91281,76,249969
13241,0.006082,172.217.27.0-255,5738,97019,76,249969
13242,0.006086,172.31.40.0-255,66,97085,76,249969
13243,0.007714,172.217.27.0-255,5738,102823,76,249969
13244,0.00772,172.31.40.0-255,66,102889,76,249969
13245,0.009349,172.217.27.0-255,5738,108627,76,249969
13246,0.009357,172.31.40.0-255,66,108693,76,249969
13247,0.010987,172.217.27.0-255,5738,114431,76,249969
13248,0.010995,172.31.40.0-255,66,114497,76,249969
13249,0.012624,172.217.27.0-255,5738,120235,76,249969
13250,0.012631,172.31.40.0-255,66,120301,76,249969
13251,0.014256,172.217.27.0-255,5738,126039,76,249969
13252,0.014263,172.31.40.0-255,66,126105,76,249969
13253,0.01589,172.217.27.0-255,5738,131843,76,249969
13254,0.015897,172.31.40.0-255,66,131909,76,249969
13255,0.017528,172.217.27.0-255,5738,137647,76,249969
13256,0.017535,172.31.40.0-255,66,137713,76,249969
13257,0.019165,172.217.27.0-255,5738,143451,76,249969
13258,0.019172,172.31.40.0-255,66,143517,76,249969
13259,0.020799,172.217.27.0-255,5738,149255,76,249969
13260,0.020806,172.31.40.0-255,66,149321,76,249969
13261,0.02244,172.217.27.0-255,5738,155059,76,249969
13262,0.022448,172.31.40.0-255,66,155125,76,249969
13263,0.023216,172.31.40.0-255,171,155296,76,249969
13264,0.023268,172.31.40.0-255,1128,156424,76,249969
13265,0.02333,172.31.40.0-255,1514,157938,76,249969
13266,0.023332,172.31.40.0-255,321,158259,76,249969
13267,0.024077,172.217.27.0-255,5738,163997,76,249969
13268,0.024083,172.31.40.0-255,66,164063,76,249969
13269,0.024736,104.244.42.0-255,66,164129,76,249969
13270,0.024826,104.244.42.0-255,66,164195,76,249969
13271,0.024867,104.244.42.0-255,66,164261,76,249969
13272,0.025712,172.217.27.0-255,5738,169999,76,249969
13273,0.025719,172.31.40.0-255,66,170065,76,249969
13274,0.027346,172.217.27.0-255,5738,175803,76,249969
13275,0.027351,172.31.40.0-255,66,175869,76,249969
13276,0.02903,172.217.27.0-255,5738,181607,76,249969
13277,0.029036,172.31.40.0-255,66,181673,76,249969
13278,0.030717,172.217.27.0-255,5738,187411,76,249969
13279,0.030724,172.31.40.0-255,66,187477,76,249969
13280,0.032361,172.217.27.0-255,5738,193215,76,249969
13281,0.032368,172.31.40.0-255,66,193281,76,249969
13282,0.034,172.217.27.0-255,5738,199019,76,249969
13283,0.034006,172.31.40.0-255,66,199085,76,249969
13284,0.035651,172.217.27.0-255,5738,204823,76,249969
13285,0.035658,172.31.40.0-255,66,204889,76,249969
13286,0.037292,172.217.27.0-255,5738,210627,76,249969
13287,0.037298,172.31.40.0-255,66,210693,76,249969
13288,0.038932,172.217.27.0-255,5738,216431,76,249969
13289,0.038939,172.31.40.0-255,66,216497,76,249969
13290,0.040573,172.217.27.0-255,4320,220817,76,249969
13291,0.04058,172.31.40.0-255,66,220883,76,249969
13292,0.040597,172.217.27.0-255,1484,222367,76,249969
13293,0.042214,172.217.27.0-255,4320,226687,76,249969
13294,0.042221,172.31.40.0-255,66,226753,76,249969
13295,0.043868,172.217.27.0-255,5738,232491,76,249969
13296,0.043874,172.31.40.0-255,66,232557,76,249969
13297,0.04551,172.217.27.0-255,5738,238295,76,249969
13298,0.045517,172.31.40.0-255,66,238361,76,249969
13299,0.047168,172.217.27.0-255,5738,244099,76,249969
13300,0.047174,172.31.40.0-255,66,244165,76,249969
13301,0.048801,172.217.27.0-255,5738,249903,76,249969
13302,0.048808,172.31.40.0-255,66,249969,76,249969
13303,0.0,172.217.194.0-255,295,295,76,222313
13304,2.8e-05,172.31.40.0-255,66,361,76,222313
13305,3.5e-05,172.217.194.0-255,1484,1845,76,222313
13306,4e-05,172.31.40.0-255,66,1911,76,222313
13307,5.4e-05,172.217.194.0-255,4320,6231,76,222313
13308,5.7e-05,172.31.40.0-255,66,6297,76,222313
13309,7.9e-05,172.217.194.0-255,2902,9199,76,222313
13310,8.2e-05,172.31.40.0-255,66,9265,76,222313
13311,0.000106,172.217.194.0-255,4639,13904,76,222313
13312,0.00011,172.31.40.0-255,66,13970,76,222313
13313,0.000189,172.217.194.0-255,1484,15454,76,222313
13314,0.000192,172.31.40.0-255,66,15520,76,222313
13315,0.000197,172.217.194.0-255,1484,17004,76,222313
13316,0.000199,172.31.40.0-255,66,17070,76,222313
13317,0.000226,172.217.194.0-255,1484,18554,76,222313
13318,0.000228,172.31.40.0-255,66,18620,76,222313
13319,0.000236,172.217.194.0-255,5738,24358,76,222313
13320,0.000238,172.31.40.0-255,66,24424,76,222313
13321,0.000268,172.217.194.0-255,5738,30162,76,222313
13322,0.000271,172.31.40.0-255,66,30228,76,222313
13323,0.000297,172.217.194.0-255,1125,31353,76,222313
13324,0.000299,172.31.40.0-255,66,31419,76,222313
13325,0.001162,172.217.194.0-255,1484,32903,76,222313
13326,0.001169,172.31.40.0-255,66,32969,76,222313
13327,0.001179,172.217.194.0-255,2902,35871,76,222313
13328,0.001181,172.31.40.0-255,66,35937,76,222313
13329,0.001191,172.217.194.0-255,2902,38839,76,222313
13330,0.001194,172.31.40.0-255,66,38905,76,222313
13331,0.0012,172.217.194.0-255,4320,43225,76,222313
13332,0.001202,172.31.40.0-255,66,43291,76,222313
13333,0.001231,172.217.194.0-255,2902,46193,76,222313
13334,0.001234,172.31.40.0-255,66,46259,76,222313
13335,0.001239,172.217.194.0-255,3961,50220,76,222313
13336,0.001241,172.31.40.0-255,66,50286,76,222313
13337,0.001247,172.217.194.0-255,4320,54606,76,222313
13338,0.001249,172.31.40.0-255,66,54672,76,222313
13339,0.001294,172.31.40.0-255,66,54738,76,222313
13340,0.001298,172.217.194.0-255,1417,56155,76,222313
13341,0.001531,172.217.194.0-255,99,56254,76,222313
13342,0.001568,172.217.194.0-255,1484,57738,76,222313
13343,0.001572,172.31.40.0-255,66,57804,76,222313
13344,0.001577,172.217.194.0-255,2902,60706,76,222313
13345,0.001579,172.31.40.0-255,66,60772,76,222313
13346,0.00161,172.217.194.0-255,5738,66510,76,222313
13347,0.001615,172.31.40.0-255,66,66576,76,222313
13348,0.001643,172.217.194.0-255,6797,73373,76,222313
13349,0.001646,172.31.40.0-255,66,73439,76,222313
13350,0.002079,172.217.194.0-255,1484,74923,76,222313
13351,0.00209,172.217.194.0-255,2902,77825,76,222313
13352,0.002095,172.31.40.0-255,66,77891,76,222313
13353,0.002103,172.217.194.0-255,5738,83629,76,222313
13354,0.002106,172.31.40.0-255,66,83695,76,222313
13355,0.00214,172.31.40.0-255,66,83761,76,222313
13356,0.002173,172.217.194.0-255,5379,89140,76,222313
13357,0.002176,172.31.40.0-255,66,89206,76,222313
13358,0.002187,172.31.40.0-255,66,89272,76,222313
13359,0.002225,172.31.40.0-255,66,89338,76,222313
13360,0.002241,172.217.194.0-255,3602,92940,76,222313
13361,0.002244,172.31.40.0-255,66,93006,76,222313
13362,0.002379,172.217.194.0-255,1484,94490,76,222313
13363,0.002384,172.217.194.0-255,1484,95974,76,222313
13364,0.002387,172.31.40.0-255,66,96040,76,222313
13365,0.002399,172.217.194.0-255,1484,97524,76,222313
13366,0.002416,172.217.194.0-255,1484,99008,76,222313
13367,0.002419,172.31.40.0-255,66,99074,76,222313
13368,0.002426,172.217.194.0-255,5738,104812,76,222313
13369,0.002428,172.31.40.0-255,66,104878,76,222313
13370,0.002467,172.31.40.0-255,66,104944,76,222313
13371,0.002474,172.217.194.0-255,5738,110682,76,222313
13372,0.002477,172.31.40.0-255,66,110748,76,222313
13373,0.002543,172.217.194.0-255,3602,114350,76,222313
13374,0.002546,172.31.40.0-255,66,114416,76,222313
13375,0.005033,172.217.194.0-255,1484,115900,76,222313
13376,0.005098,172.217.194.0-255,4320,120220,76,222313
13377,0.005103,172.31.40.0-255,66,120286,76,222313
13378,0.007653,172.217.194.0-255,5738,126024,76,222313
13379,0.007659,172.31.40.0-255,66,126090,76,222313
13380,0.010243,172.217.194.0-255,5738,131828,76,222313
13381,0.010251,172.31.40.0-255,66,131894,76,222313
13382,0.012831,172.217.194.0-255,5738,137632,76,222313
13383,0.01284,172.31.40.0-255,66,137698,76,222313
13384,0.015466,172.217.194.0-255,5738,143436,76,222313
13385,0.015474,172.31.40.0-255,66,143502,76,222313
13386,0.018045,172.217.194.0-255,5738,149240,76,222313
13387,0.018054,172.31.40.0-255,66,149306,76,222313
13388,0.020622,172.217.194.0-255,5738,155044,76,222313
13389,0.020629,172.31.40.0-255,66,155110,76,222313
13390,0.023179,172.217.194.0-255,5738,160848,76,222313
13391,0.02319,172.31.40.0-255,66,160914,76,222313
13392,0.025367,172.31.40.0-255,198,161112,76,222313
13393,0.025402,172.31.40.0-255,1129,162241,76,222313
13394,0.025469,172.31.40.0-255,1514,163755,76,222313
13395,0.025471,172.31.40.0-255,320,164075,76,222313
13396,0.025731,172.217.194.0-255,5738,169813,76,222313
13397,0.02574,172.31.40.0-255,66,169879,76,222313
13398,0.026931,104.244.42.0-255,66,169945,76,222313
13399,0.026959,104.244.42.0-255,66,170011,76,222313
13400,0.027,104.244.42.0-255,66,170077,76,222313
13401,0.028322,172.217.194.0-255,5738,175815,76,222313
13402,0.028328,172.31.40.0-255,66,175881,76,222313
13403,0.030877,172.217.194.0-255,5738,181619,76,222313
13404,0.030884,172.31.40.0-255,66,181685,76,222313
13405,0.033459,172.217.194.0-255,5738,187423,76,222313
13406,0.033467,172.31.40.0-255,66,187489,76,222313
13407,0.036033,172.217.194.0-255,5738,193227,76,222313
13408,0.036041,172.31.40.0-255,66,193293,76,222313
13409,0.038621,172.217.194.0-255,5738,199031,76,222313
13410,0.038628,172.31.40.0-255,66,199097,76,222313
13411,0.041229,172.217.194.0-255,5738,204835,76,222313
13412,0.04125,172.31.40.0-255,66,204901,76,222313
13413,0.043842,172.217.194.0-255,5738,210639,76,222313
13414,0.04386,172.31.40.0-255,66,210705,76,222313
13415,0.046447,172.217.194.0-255,5738,216443,76,222313
13416,0.046466,172.31.40.0-255,66,216509,76,222313
13417,0.049037,172.217.194.0-255,5738,222247,76,222313
13418,0.049056,172.31.40.0-255,66,222313,76,222313
13419,0.0,74.125.130.0-255,291,291,76,201087
13420,1.6e-05,172.31.40.0-255,66,357,76,201087
13421,2.4e-05,74.125.130.0-255,1484,1841,76,201087
13422,2.8e-05,172.31.40.0-255,66,1907,76,201087
13423,3.5e-05,74.125.130.0-255,2902,4809,76,201087
13424,3.8e-05,172.31.40.0-255,66,4875,76,201087
13425,9.2e-05,74.125.130.0-255,4320,9195,76,201087
13426,9.5e-05,172.31.40.0-255,66,9261,76,201087
13427,0.000113,74.125.130.0-255,1484,10745,76,201087
13428,0.000115,172.31.40.0-255,66,10811,76,201087
13429,0.000205,74.125.130.0-255,3376,14187,76,201087
13430,0.00021,172.31.40.0-255,66,14253,76,201087
13431,0.000274,74.125.130.0-255,1484,15737,76,201087
13432,0.000277,172.31.40.0-255,66,15803,76,201087
13433,0.000294,74.125.130.0-255,5738,21541,76,201087
13434,0.000297,172.31.40.0-255,66,21607,76,201087
13435,0.000423,74.125.130.0-255,5738,27345,76,201087
13436,0.000428,172.31.40.0-255,66,27411,76,201087
13437,0.000449,74.125.130.0-255,3961,31372,76,201087
13438,0.000452,172.31.40.0-255,66,31438,76,201087
13439,0.000644,172.31.40.0-255,66,31504,76,201087
13440,0.000842,74.125.130.0-255,7156,38660,76,201087
13441,0.000847,172.31.40.0-255,66,38726,76,201087
13442,0.000877,172.31.40.0-255,66,38792,76,201087
13443,0.001285,74.125.130.0-255,2543,41335,76,201087
13444,0.001291,172.31.40.0-255,66,41401,76,201087
13445,0.001326,74.125.130.0-255,2902,44303,76,201087
13446,0.001328,172.31.40.0-255,66,44369,76,201087
13447,0.001364,172.31.40.0-255,66,44435,76,201087
13448,0.001386,74.125.130.0-255,5961,50396,76,201087
13449,0.001879,74.125.130.0-255,7156,57552,76,201087
13450,0.001894,74.125.130.0-255,1125,58677,76,201087
13451,0.002107,74.125.130.0-255,3602,62279,76,201087
13452,0.002559,172.31.40.0-255,66,62345,76,201087
13453,0.002793,74.125.130.0-255,2902,65247,76,201087
13454,0.002835,74.125.130.0-255,1484,66731,76,201087
13455,0.002839,172.31.40.0-255,66,66797,76,201087
13456,0.002994,172.31.40.0-255,101,66898,76,201087
13457,0.003207,74.125.130.0-255,4320,71218,76,201087
13458,0.003211,172.31.40.0-255,66,71284,76,201087
13459,0.0033,172.31.40.0-255,66,71350,76,201087
13460,0.005022,74.125.130.0-255,66,71416,76,201087
13461,0.005395,74.125.130.0-255,4320,75736,76,201087
13462,0.005399,172.31.40.0-255,66,75802,76,201087
13463,0.005415,74.125.130.0-255,1484,77286,76,201087
13464,0.007469,74.125.130.0-255,4320,81606,76,201087
13465,0.007474,172.31.40.0-255,66,81672,76,201087
13466,0.009554,74.125.130.0-255,5738,87410,76,201087
13467,0.009593,172.31.40.0-255,66,87476,76,201087
13468,0.011671,74.125.130.0-255,5738,93214,76,201087
13469,0.011678,172.31.40.0-255,66,93280,76,201087
13470,0.013753,74.125.130.0-255,5738,99018,76,201087
13471,0.013761,172.31.40.0-255,66,99084,76,201087
13472,0.015835,74.125.130.0-255,5738,104822,76,201087
13473,0.015844,172.31.40.0-255,66,104888,76,201087
13474,0.017916,74.125.130.0-255,5738,110626,76,201087
13475,0.017925,172.31.40.0-255,66,110692,76,201087
13476,0.020006,74.125.130.0-255,5738,116430,76,201087
13477,0.020012,172.31.40.0-255,66,116496,76,201087
13478,0.022079,74.125.130.0-255,5738,122234,76,201087
13479,0.022085,172.31.40.0-255,66,122300,76,201087
13480,0.024148,74.125.130.0-255,1484,123784,76,201087
13481,0.024171,74.125.130.0-255,4320,128104,76,201087
13482,0.024176,172.31.40.0-255,66,128170,76,201087
13483,0.025564,172.31.40.0-255,172,128342,76,201087
13484,0.025591,172.31.40.0-255,1104,129446,76,201087
13485,0.025652,172.31.40.0-255,1514,130960,76,201087
13486,0.025654,172.31.40.0-255,347,131307,76,201087
13487,0.026255,74.125.130.0-255,5738,137045,76,201087
13488,0.026262,172.31.40.0-255,66,137111,76,201087
13489,0.02719,104.244.42.0-255,66,137177,76,201087
13490,0.028328,74.125.130.0-255,1484,138661,76,201087
13491,0.028353,74.125.130.0-255,4320,142981,76,201087
13492,0.028358,172.31.40.0-255,66,143047,76,201087
13493,0.030438,74.125.130.0-255,5738,148785,76,201087
13494,0.030446,172.31.40.0-255,66,148851,76,201087
13495,0.032536,74.125.130.0-255,5738,154589,76,201087
13496,0.032551,172.31.40.0-255,66,154655,76,201087
13497,0.034641,74.125.130.0-255,5738,160393,76,201087
13498,0.034653,172.31.40.0-255,66,160459,76,201087
13499,0.036734,74.125.130.0-255,5738,166197,76,201087
13500,0.036741,172.31.40.0-255,66,166263,76,201087
13501,0.038806,74.125.130.0-255,5738,172001,76,201087
13502,0.038813,172.31.40.0-255,66,172067,76,201087
13503,0.040895,74.125.130.0-255,5738,177805,76,201087
13504,0.040902,172.31.40.0-255,66,177871,76,201087
13505,0.042993,74.125.130.0-255,5738,183609,76,201087
13506,0.042999,172.31.40.0-255,66,183675,76,201087
13507,0.045099,74.125.130.0-255,5738,189413,76,201087
13508,0.045106,172.31.40.0-255,66,189479,76,201087
13509,0.047179,74.125.130.0-255,5738,195217,76,201087
13510,0.047185,172.31.40.0-255,66,195283,76,201087
13511,0.049254,74.125.130.0-255,5738,201021,76,201087
13512,0.049261,172.31.40.0-255,66,201087,76,201087
13513,0.0,172.217.194.0-255,153,153,76,178645
13514,1.5e-05,172.31.40.0-255,66,219,76,178645
13515,2.2e-05,172.217.194.0-255,1484,1703,76,178645
13516,2.6e-05,172.31.40.0-255,66,1769,76,178645
13517,3.2e-05,172.217.194.0-255,2902,4671,76,178645
13518,4.3e-05,172.31.40.0-255,66,4737,76,178645
13519,5.1e-05,172.217.194.0-255,7156,11893,76,178645
13520,5.6e-05,172.31.40.0-255,66,11959,76,178645
13521,6.1e-05,172.217.194.0-255,3448,15407,76,178645
13522,6.3e-05,172.31.40.0-255,66,15473,76,178645
13523,7e-05,172.217.194.0-255,5738,21211,76,178645
13524,7.3e-05,172.31.40.0-255,66,21277,76,178645
13525,0.000105,172.217.194.0-255,7156,28433,76,178645
13526,0.000108,172.31.40.0-255,66,28499,76,178645
13527,0.000112,172.217.194.0-255,2543,31042,76,178645
13528,0.000115,172.31.40.0-255,66,31108,76,178645
13529,0.000153,172.217.194.0-255,1484,32592,76,178645
13530,0.000156,172.31.40.0-255,66,32658,76,178645
13531,0.00016,172.217.194.0-255,2902,35560,76,178645
13532,0.000163,172.31.40.0-255,66,35626,76,178645
13533,0.000192,172.217.194.0-255,5738,41364,76,178645
13534,0.000195,172.31.40.0-255,66,41430,76,178645
13535,0.0002,172.217.194.0-255,4320,45750,76,178645
13536,0.000202,172.31.40.0-255,66,45816,76,178645
13537,0.000234,172.31.40.0-255,66,45882,76,178645
13538,0.000262,172.217.194.0-255,3961,49843,76,178645
13539,0.000265,172.31.40.0-255,66,49909,76,178645
13540,0.000271,172.217.194.0-255,7088,56997,76,178645
13541,0.000274,172.31.40.0-255,66,57063,76,178645
13542,0.000276,172.217.194.0-255,365,57428,76,178645
13543,0.000278,172.31.40.0-255,66,57494,76,178645
13544,0.000333,172.217.194.0-255,1484,58978,76,178645
13545,0.000337,172.217.194.0-255,1484,60462,76,178645
13546,0.00034,172.31.40.0-255,66,60528,76,178645
13547,0.000368,172.217.194.0-255,1484,62012,76,178645
13548,0.000374,172.217.194.0-255,5738,67750,76,178645
13549,0.000376,172.31.40.0-255,66,67816,76,178645
13550,0.000414,172.31.40.0-255,66,67882,76,178645
13551,0.000429,172.217.194.0-255,2543,70425,76,178645
13552,0.000435,172.31.40.0-255,66,70491,76,178645
13553,0.000447,172.31.40.0-255,66,70557,76,178645
13554,0.000548,172.217.194.0-255,1484,72041,76,178645
13555,0.000552,172.217.194.0-255,1484,73525,76,178645
13556,0.000555,172.31.40.0-255,66,73591,76,178645
13557,0.00057,172.217.194.0-255,1484,75075,76,178645
13558,0.000581,172.217.194.0-255,5738,80813,76,178645
13559,0.000584,172.31.40.0-255,66,80879,76,178645
13560,0.000616,172.217.194.0-255,1484,82363,76,178645
13561,0.00065,172.31.40.0-255,66,82429,76,178645
13562,0.000663,172.31.40.0-255,66,82495,76,178645
13563,0.000666,172.217.194.0-255,216,82711,76,178645
13564,0.000687,172.217.194.0-255,1484,84195,76,178645
13565,0.000689,172.31.40.0-255,66,84261,76,178645
13566,0.000723,172.217.194.0-255,4320,88581,76,178645
13567,0.000725,172.31.40.0-255,66,88647,76,178645
13568,0.000732,172.217.194.0-255,5738,94385,76,178645
13569,0.000734,172.31.40.0-255,66,94451,76,178645
13570,0.000746,172.31.40.0-255,66,94517,76,178645
13571,0.000766,172.217.194.0-255,1484,96001,76,178645
13572,0.00078,172.31.40.0-255,66,96067,76,178645
13573,0.000804,172.217.194.0-255,2902,98969,76,178645
13574,0.000807,172.31.40.0-255,66,99035,76,178645
13575,0.000829,172.217.194.0-255,4320,103355,76,178645
13576,0.000832,172.31.40.0-255,66,103421,76,178645
13577,0.000838,172.217.194.0-255,5738,109159,76,178645
13578,0.00084,172.31.40.0-255,66,109225,76,178645
13579,0.000864,172.217.194.0-255,2902,112127,76,178645
13580,0.000866,172.31.40.0-255,66,112193,76,178645
13581,0.000879,172.31.40.0-255,66,112259,76,178645
13582,0.000907,172.217.194.0-255,7156,119415,76,178645
13583,0.00091,172.31.40.0-255,66,119481,76,178645
13584,0.000912,172.217.194.0-255,766,120247,76,178645
13585,0.000936,172.217.194.0-255,5738,125985,76,178645
13586,0.000939,172.31.40.0-255,66,126051,76,178645
13587,0.000974,172.31.40.0-255,66,126117,76,178645
13588,0.000988,172.31.40.0-255,66,126183,76,178645
13589,0.001016,172.217.194.0-255,766,126949,76,178645
13590,0.001018,172.217.194.0-255,1484,128433,76,178645
13591,0.001022,172.217.194.0-255,2902,131335,76,178645
13592,0.001027,172.217.194.0-255,4320,135655,76,178645
13593,0.001033,172.31.40.0-255,66,135721,76,178645
13594,0.001036,172.31.40.0-255,66,135787,76,178645
13595,0.001039,172.31.40.0-255,66,135853,76,178645
13596,0.001058,172.217.194.0-255,1484,137337,76,178645
13597,0.00108,172.31.40.0-255,66,137403,76,178645
13598,0.001092,172.31.40.0-255,66,137469,76,178645
13599,0.001117,172.217.194.0-255,2184,139653,76,178645
13600,0.00112,172.31.40.0-255,66,139719,76,178645
13601,0.001124,172.217.194.0-255,2902,142621,76,178645
13602,0.001126,172.31.40.0-255,66,142687,76,178645
13603,0.001131,172.217.194.0-255,4320,147007,76,178645
13604,0.001134,172.31.40.0-255,66,147073,76,178645
13605,0.001166,172.217.194.0-255,2902,149975,76,178645
13606,0.001169,172.31.40.0-255,66,150041,76,178645
13607,0.001182,172.31.40.0-255,66,150107,76,178645
13608,0.001185,172.217.194.0-255,1484,151591,76,178645
13609,0.001229,172.31.40.0-255,66,151657,76,178645
13610,0.001232,172.217.194.0-255,1484,153141,76,178645
13611,0.001298,172.217.194.0-255,2902,156043,76,178645
13612,0.001301,172.31.40.0-255,66,156109,76,178645
13613,0.001307,172.217.194.0-255,5738,161847,76,178645
13614,0.001309,172.31.40.0-255,66,161913,76,178645
13615,0.001322,172.31.40.0-255,66,161979,76,178645
13616,0.001333,172.31.40.0-255,66,162045,76,178645
13617,0.001367,172.217.194.0-255,1484,163529,76,178645
13618,0.001381,172.31.40.0-255,66,163595,76,178645
13619,0.001389,172.217.194.0-255,7156,170751,76,178645
13620,0.001391,172.31.40.0-255,66,170817,76,178645
13621,0.001399,172.217.194.0-255,7156,177973,76,178645
13622,0.001402,172.31.40.0-255,66,178039,76,178645
13623,0.001458,172.31.40.0-255,66,178105,76,178645
13624,0.001471,172.31.40.0-255,66,178171,76,178645
13625,0.001484,172.31.40.0-255,66,178237,76,178645
13626,0.001532,172.31.40.0-255,66,178303,76,178645
13627,0.001536,172.217.194.0-255,105,178408,76,178645
13628,0.017005,172.31.40.0-255,66,178474,76,178645
13629,0.017045,172.31.40.0-255,105,178579,76,178645
13630,0.01937,172.217.194.0-255,66,178645,76,178645
13631,0.0,172.217.194.0-255,150,150,76,184826
13632,2.4e-05,172.31.40.0-255,66,216,76,184826
13633,3.2e-05,172.217.194.0-255,1484,1700,76,184826
13634,3.7e-05,172.31.40.0-255,66,1766,76,184826
13635,5e-05,172.217.194.0-255,2902,4668,76,184826
13636,5.3e-05,172.31.40.0-255,66,4734,76,184826
13637,6e-05,172.217.194.0-255,5738,10472,76,184826
13638,6.4e-05,172.31.40.0-255,66,10538,76,184826
13639,0.000103,172.217.194.0-255,7156,17694,76,184826
13640,0.000107,172.31.40.0-255,66,17760,76,184826
13641,0.000134,172.217.194.0-255,6184,23944,76,184826
13642,0.000137,172.31.40.0-255,66,24010,76,184826
13643,0.000144,172.217.194.0-255,6797,30807,76,184826
13644,0.000146,172.31.40.0-255,66,30873,76,184826
13645,0.00017,172.217.194.0-255,1484,32357,76,184826
13646,0.000173,172.31.40.0-255,66,32423,76,184826
13647,0.000178,172.217.194.0-255,2902,35325,76,184826
13648,0.00018,172.31.40.0-255,66,35391,76,184826
13649,0.000191,172.217.194.0-255,5738,41129,76,184826
13650,0.000194,172.31.40.0-255,66,41195,76,184826
13651,0.000241,172.31.40.0-255,66,41261,76,184826
13652,0.000275,172.31.40.0-255,66,41327,76,184826
13653,0.0003,172.217.194.0-255,1415,42742,76,184826
13654,0.000304,172.31.40.0-255,66,42808,76,184826
13655,0.000328,172.217.194.0-255,366,43174,76,184826
13656,0.000331,172.31.40.0-255,66,43240,76,184826
13657,0.000434,172.217.194.0-255,1484,44724,76,184826
13658,0.000438,172.31.40.0-255,66,44790,76,184826
13659,0.000445,172.217.194.0-255,2902,47692,76,184826
13660,0.000447,172.31.40.0-255,66,47758,76,184826
13661,0.000482,172.217.194.0-255,5738,53496,76,184826
13662,0.000486,172.31.40.0-255,66,53562,76,184826
13663,0.000493,172.217.194.0-255,6797,60359,76,184826
13664,0.000496,172.31.40.0-255,66,60425,76,184826
13665,0.000499,172.217.194.0-255,2902,63327,76,184826
13666,0.000507,172.31.40.0-255,66,63393,76,184826
13667,0.000539,172.217.194.0-255,4320,67713,76,184826
13668,0.000543,172.31.40.0-255,66,67779,76,184826
13669,0.000547,172.217.194.0-255,1484,69263,76,184826
13670,0.000577,172.31.40.0-255,66,69329,76,184826
13671,0.000647,172.217.194.0-255,1484,70813,76,184826
13672,0.000652,172.217.194.0-255,2902,73715,76,184826
13673,0.000655,172.31.40.0-255,66,73781,76,184826
13674,0.000662,172.217.194.0-255,5738,79519,76,184826
13675,0.000665,172.31.40.0-255,66,79585,76,184826
13676,0.0007,172.31.40.0-255,66,79651,76,184826
13677,0.000707,172.217.194.0-255,5738,85389,76,184826
13678,0.000714,172.31.40.0-255,66,85455,76,184826
13679,0.000744,172.217.194.0-255,2902,88357,76,184826
13680,0.000746,172.31.40.0-255,66,88423,76,184826
13681,0.000755,172.217.194.0-255,2184,90607,76,184826
13682,0.000758,172.31.40.0-255,66,90673,76,184826
13683,0.001457,172.217.194.0-255,1484,92157,76,184826
13684,0.001464,172.217.194.0-255,2902,95059,76,184826
13685,0.001468,172.31.40.0-255,66,95125,76,184826
13686,0.001476,172.217.194.0-255,5738,100863,76,184826
13687,0.001478,172.31.40.0-255,66,100929,76,184826
13688,0.001513,172.31.40.0-255,66,100995,76,184826
13689,0.001518,172.217.194.0-255,2902,103897,76,184826
13690,0.001519,172.31.40.0-255,66,103963,76,184826
13691,0.001558,172.31.40.0-255,66,104029,76,184826
13692,0.001563,172.217.194.0-255,2184,106213,76,184826
13693,0.001565,172.31.40.0-255,66,106279,76,184826
13694,0.001583,172.217.194.0-255,2902,109181,76,184826
13695,0.001585,172.31.40.0-255,66,109247,76,184826
13696,0.001616,172.217.194.0-255,4320,113567,76,184826
13697,0.001618,172.31.40.0-255,66,113633,76,184826
13698,0.001622,172.217.194.0-255,1484,115117,76,184826
13699,0.001648,172.217.194.0-255,7156,122273,76,184826
13700,0.001651,172.31.40.0-255,66,122339,76,184826
13701,0.001668,172.31.40.0-255,66,122405,76,184826
13702,0.001704,172.31.40.0-255,66,122471,76,184826
13703,0.001754,172.31.40.0-255,66,122537,76,184826
13704,0.001773,172.31.40.0-255,66,122603,76,184826
13705,0.001778,172.217.194.0-255,3602,126205,76,184826
13706,0.00178,172.31.40.0-255,66,126271,76,184826
13707,0.00205,172.217.194.0-255,1484,127755,76,184826
13708,0.002057,172.217.194.0-255,2902,130657,76,184826
13709,0.002061,172.31.40.0-255,66,130723,76,184826
13710,0.002065,172.217.194.0-255,1484,132207,76,184826
13711,0.002092,172.217.194.0-255,4320,136527,76,184826
13712,0.002095,172.31.40.0-255,66,136593,76,184826
13713,0.002098,172.217.194.0-255,1484,138077,76,184826
13714,0.002129,172.31.40.0-255,66,138143,76,184826
13715,0.002143,172.31.40.0-255,66,138209,76,184826
13716,0.002158,172.217.194.0-255,2902,141111,76,184826
13717,0.00216,172.31.40.0-255,66,141177,76,184826
13718,0.00221,172.31.40.0-255,66,141243,76,184826
13719,0.00222,172.31.40.0-255,66,141309,76,184826
13720,0.002238,172.217.194.0-255,2902,144211,76,184826
13721,0.002245,172.31.40.0-255,66,144277,76,184826
13722,0.002274,172.217.194.0-255,7156,151433,76,184826
13723,0.002277,172.31.40.0-255,66,151499,76,184826
13724,0.002319,172.217.194.0-255,7156,158655,76,184826
13725,0.002322,172.31.40.0-255,66,158721,76,184826
13726,0.00235,172.217.194.0-255,4320,163041,76,184826
13727,0.002353,172.31.40.0-255,66,163107,76,184826
13728,0.002356,172.217.194.0-255,1484,164591,76,184826
13729,0.002375,172.31.40.0-255,66,164657,76,184826
13730,0.002382,172.217.194.0-255,7156,171813,76,184826
13731,0.002385,172.31.40.0-255,66,171879,76,184826
13732,0.002426,172.31.40.0-255,66,171945,76,184826
13733,0.002456,172.217.194.0-255,6438,178383,76,184826
13734,0.002459,172.31.40.0-255,66,178449,76,184826
13735,0.002472,172.31.40.0-255,66,178515,76,184826
13736,0.002511,172.31.40.0-255,66,178581,76,184826
13737,0.002523,172.31.40.0-255,66,178647,76,184826
13738,0.002553,172.217.194.0-255,5771,184418,76,184826
13739,0.002556,172.31.40.0-255,66,184484,76,184826
13740,0.002559,172.217.194.0-255,105,184589,76,184826
13741,0.009441,172.31.40.0-255,66,184655,76,184826
13742,0.009492,172.31.40.0-255,105,184760,76,184826
13743,0.012086,172.217.194.0-255,66,184826,76,184826
13744,0.0,74.125.68.0-255,146,146,76,345522
13745,2.2e-05,172.31.40.0-255,66,212,76,345522
13746,2.8e-05,74.125.68.0-255,1484,1696,76,345522
13747,3.3e-05,172.31.40.0-255,66,1762,76,345522
13748,3.9e-05,74.125.68.0-255,2902,4664,76,345522
13749,4.3e-05,172.31.40.0-255,66,4730,76,345522
13750,4.9e-05,74.125.68.0-255,4320,9050,76,345522
13751,5.1e-05,172.31.40.0-255,66,9116,76,345522
13752,5.8e-05,74.125.68.0-255,4973,14089,76,345522
13753,6e-05,172.31.40.0-255,66,14155,76,345522
13754,9.1e-05,74.125.68.0-255,7156,21311,76,345522
13755,9.4e-05,172.31.40.0-255,66,21377,76,345522
13756,0.000108,74.125.68.0-255,1484,22861,76,345522
13757,0.000111,172.31.40.0-255,66,22927,76,345522
13758,0.000137,74.125.68.0-255,7156,30083,76,345522
13759,0.00014,172.31.40.0-255,66,30149,76,345522
13760,0.000157,74.125.68.0-255,1125,31274,76,345522
13761,0.000159,172.31.40.0-255,66,31340,76,345522
13762,0.000207,74.125.68.0-255,1484,32824,76,345522
13763,0.000209,172.31.40.0-255,66,32890,76,345522
13764,0.000213,74.125.68.0-255,1484,34374,76,345522
13765,0.000215,172.31.40.0-255,66,34440,76,345522
13766,0.000227,74.125.68.0-255,1484,35924,76,345522
13767,0.000229,172.31.40.0-255,66,35990,76,345522
13768,0.000234,74.125.68.0-255,2902,38892,76,345522
13769,0.000237,172.31.40.0-255,66,38958,76,345522
13770,0.000242,74.125.68.0-255,4320,43278,76,345522
13771,0.000244,172.31.40.0-255,66,43344,76,345522
13772,0.000318,74.125.68.0-255,2902,46246,76,345522
13773,0.000321,172.31.40.0-255,66,46312,76,345522
13774,0.000339,74.125.68.0-255,6797,53109,76,345522
13775,0.000342,172.31.40.0-255,66,53175,76,345522
13776,0.000347,74.125.68.0-255,4320,57495,76,345522
13777,0.00035,172.31.40.0-255,66,57561,76,345522
13778,0.000361,172.31.40.0-255,66,57627,76,345522
13779,0.000382,74.125.68.0-255,131,57758,76,345522
13780,0.000527,74.125.68.0-255,1484,59242,76,345522
13781,0.000531,172.31.40.0-255,66,59308,76,345522
13782,0.000537,74.125.68.0-255,2902,62210,76,345522
13783,0.000539,172.31.40.0-255,66,62276,76,345522
13784,0.000542,74.125.68.0-255,1484,63760,76,345522
13785,0.000568,74.125.68.0-255,1484,65244,76,345522
13786,0.000571,172.31.40.0-255,66,65310,76,345522
13787,0.000576,74.125.68.0-255,4320,69630,76,345522
13788,0.000579,172.31.40.0-255,66,69696,76,345522
13789,0.000612,172.31.40.0-255,66,69762,76,345522
13790,0.000618,74.125.68.0-255,4320,74082,76,345522
13791,0.00062,172.31.40.0-255,66,74148,76,345522
13792,0.000666,74.125.68.0-255,5738,79886,76,345522
13793,0.00067,172.31.40.0-255,66,79952,76,345522
13794,0.000712,74.125.68.0-255,2543,82495,76,345522
13795,0.000716,172.31.40.0-255,66,82561,76,345522
13796,0.000772,74.125.68.0-255,1484,84045,76,345522
13797,0.000789,74.125.68.0-255,2902,86947,76,345522
13798,0.000794,172.31.40.0-255,66,87013,76,345522
13799,0.000822,74.125.68.0-255,4320,91333,76,345522
13800,0.000838,172.31.40.0-255,66,91399,76,345522
13801,0.000851,74.125.68.0-255,5738,97137,76,345522
13802,0.000856,74.125.68.0-255,2245,99382,76,345522
13803,0.00087,172.31.40.0-255,66,99448,76,345522
13804,0.000962,74.125.68.0-255,1484,100932,76,345522
13805,0.001003,74.125.68.0-255,2902,103834,76,345522
13806,0.001006,172.31.40.0-255,66,103900,76,345522
13807,0.001036,74.125.68.0-255,2902,106802,76,345522
13808,0.001042,172.31.40.0-255,66,106868,76,345522
13809,0.001049,74.125.68.0-255,1484,108352,76,345522
13810,0.001064,74.125.68.0-255,5738,114090,76,345522
13811,0.001078,172.31.40.0-255,66,114156,76,345522
13812,0.001092,74.125.68.0-255,2902,117058,76,345522
13813,0.001098,74.125.68.0-255,5738,122796,76,345522
13814,0.001113,172.31.40.0-255,66,122862,76,345522
13815,0.001132,74.125.68.0-255,4320,127182,76,345522
13816,0.001145,172.31.40.0-255,66,127248,76,345522
13817,0.001159,74.125.68.0-255,6438,133686,76,345522
13818,0.001179,74.125.68.0-255,5738,139424,76,345522
13819,0.001191,172.31.40.0-255,66,139490,76,345522
13820,0.001194,74.125.68.0-255,1484,140974,76,345522
13821,0.001198,74.125.68.0-255,4320,145294,76,345522
13822,0.001209,172.31.40.0-255,66,145360,76,345522
13823,0.001214,74.125.68.0-255,4320,149680,76,345522
13824,0.001244,172.31.40.0-255,66,149746,76,345522
13825,0.001251,74.125.68.0-255,1484,151230,76,345522
13826,0.001264,74.125.68.0-255,1484,152714,76,345522
13827,0.001297,74.125.68.0-255,4320,157034,76,345522
13828,0.001303,172.31.40.0-255,66,157100,76,345522
13829,0.001355,74.125.68.0-255,7156,164256,76,345522
13830,0.001375,172.31.40.0-255,66,164322,76,345522
13831,0.001389,74.125.68.0-255,2184,166506,76,345522
13832,0.001417,172.31.40.0-255,66,166572,76,345522
13833,0.001666,74.125.68.0-255,1484,168056,76,345522
13834,0.001687,74.125.68.0-255,2902,170958,76,345522
13835,0.00169,172.31.40.0-255,66,171024,76,345522
13836,0.001694,74.125.68.0-255,1484,172508,76,345522
13837,0.001698,74.125.68.0-255,2902,175410,76,345522
13838,0.001748,172.31.40.0-255,66,175476,76,345522
13839,0.001768,74.125.68.0-255,5738,181214,76,345522
13840,0.001786,172.31.40.0-255,66,181280,76,345522
13841,0.001798,74.125.68.0-255,7156,188436,76,345522
13842,0.001803,172.31.40.0-255,66,188502,76,345522
13843,0.001822,74.125.68.0-255,2184,190686,76,345522
13844,0.001845,172.31.40.0-255,66,190752,76,345522
13845,0.001878,74.125.68.0-255,1484,192236,76,345522
13846,0.001894,74.125.68.0-255,2902,195138,76,345522
13847,0.001898,172.31.40.0-255,66,195204,76,345522
13848,0.00192,74.125.68.0-255,1484,196688,76,345522
13849,0.001942,74.125.68.0-255,4320,201008,76,345522
13850,0.001948,74.125.68.0-255,4320,205328,76,345522
13851,0.001951,74.125.68.0-255,1484,206812,76,345522
13852,0.001957,172.31.40.0-255,66,206878,76,345522
13853,0.001967,74.125.68.0-255,4320,211198,76,345522
13854,0.001976,172.31.40.0-255,66,211264,76,345522
13855,0.001983,74.125.68.0-255,5738,217002,76,345522
13856,0.002,74.125.68.0-255,5738,222740,76,345522
13857,0.002004,74.125.68.0-255,2184,224924,76,345522
13858,0.002019,172.31.40.0-255,66,224990,76,345522
13859,0.004028,74.125.68.0-255,5738,230728,76,345522
13860,0.009122,172.31.40.0-255,66,230794,76,345522
13861,0.011137,74.125.68.0-255,5738,236532,76,345522
13862,0.011156,172.31.40.0-255,66,236598,76,345522
13863,0.013158,74.125.68.0-255,5738,242336,76,345522
13864,0.013173,172.31.40.0-255,66,242402,76,345522
13865,0.015168,74.125.68.0-255,5738,248140,76,345522
13866,0.015184,172.31.40.0-255,66,248206,76,345522
13867,0.017165,74.125.68.0-255,5738,253944,76,345522
13868,0.017172,172.31.40.0-255,66,254010,76,345522
13869,0.019193,74.125.68.0-255,5738,259748,76,345522
13870,0.019201,172.31.40.0-255,66,259814,76,345522
13871,0.021185,74.125.68.0-255,5738,265552,76,345522
13872,0.021197,172.31.40.0-255,66,265618,76,345522
13873,0.023207,74.125.68.0-255,5738,271356,76,345522
13874,0.023216,172.31.40.0-255,66,271422,76,345522
13875,0.025221,74.125.68.0-255,5738,277160,76,345522
13876,0.025231,172.31.40.0-255,66,277226,76,345522
13877,0.027213,74.125.68.0-255,5738,282964,76,345522
13878,0.027222,172.31.40.0-255,66,283030,76,345522
13879,0.029212,74.125.68.0-255,5738,288768,76,345522
13880,0.029228,172.31.40.0-255,66,288834,76,345522
13881,0.031205,74.125.68.0-255,5738,294572,76,345522
13882,0.031212,172.31.40.0-255,66,294638,76,345522
13883,0.033217,74.125.68.0-255,5738,300376,76,345522
13884,0.033228,172.31.40.0-255,66,300442,76,345522
13885,0.035221,74.125.68.0-255,5738,306180,76,345522
13886,0.035239,172.31.40.0-255,66,306246,76,345522
13887,0.037238,74.125.68.0-255,5738,311984,76,345522
13888,0.037248,172.31.40.0-255,66,312050,76,345522
13889,0.039247,74.125.68.0-255,5738,317788,76,345522
13890,0.039266,172.31.40.0-255,66,317854,76,345522
13891,0.041248,74.125.68.0-255,4320,322174,76,345522
13892,0.041258,172.31.40.0-255,66,322240,76,345522
13893,0.041278,74.125.68.0-255,1484,323724,76,345522
13894,0.043254,74.125.68.0-255,4320,328044,76,345522
13895,0.043271,172.31.40.0-255,66,328110,76,345522
13896,0.045284,74.125.68.0-255,5738,333848,76,345522
13897,0.045302,172.31.40.0-255,66,333914,76,345522
13898,0.047312,74.125.68.0-255,5738,339652,76,345522
13899,0.047327,172.31.40.0-255,66,339718,76,345522
13900,0.049315,74.125.68.0-255,5738,345456,76,345522
13901,0.049327,172.31.40.0-255,66,345522,76,345522
13902,0.0,172.217.27.0-255,153,153,76,249989
13903,2.2e-05,172.31.40.0-255,66,219,76,249989
13904,3e-05,172.217.27.0-255,1484,1703,76,249989
13905,3.4e-05,172.31.40.0-255,66,1769,76,249989
13906,4e-05,172.217.27.0-255,2902,4671,76,249989
13907,4.3e-05,172.31.40.0-255,66,4737,76,249989
13908,5e-05,172.217.27.0-255,5738,10475,76,249989
13909,5.4e-05,172.31.40.0-255,66,10541,76,249989
13910,9.2e-05,172.31.40.0-255,66,10607,76,249989
13911,0.000136,172.31.40.0-255,66,10673,76,249989
13912,0.000187,172.31.40.0-255,66,10739,76,249989
13913,0.000233,172.31.40.0-255,66,10805,76,249989
13914,0.000252,172.217.27.0-255,2902,13707,76,249989
13915,0.000254,172.31.40.0-255,66,13773,76,249989
13916,0.000271,172.217.27.0-255,5738,19511,76,249989
13917,0.000274,172.31.40.0-255,66,19577,76,249989
13918,0.000283,172.31.40.0-255,66,19643,76,249989
13919,0.0003,172.217.27.0-255,357,20000,76,249989
13920,0.000303,172.31.40.0-255,66,20066,76,249989
13921,0.000703,172.217.27.0-255,139,20205,76,249989
13922,0.000708,172.31.40.0-255,66,20271,76,249989
13923,0.000823,172.217.27.0-255,1484,21755,76,249989
13924,0.000827,172.31.40.0-255,66,21821,76,249989
13925,0.000833,172.217.27.0-255,2902,24723,76,249989
13926,0.000835,172.31.40.0-255,66,24789,76,249989
13927,0.000864,172.217.27.0-255,5738,30527,76,249989
13928,0.000867,172.31.40.0-255,66,30593,76,249989
13929,0.00087,172.217.27.0-255,1484,32077,76,249989
13930,0.000893,172.31.40.0-255,66,32143,76,249989
13931,0.000909,172.217.27.0-255,3961,36104,76,249989
13932,0.000912,172.31.40.0-255,66,36170,76,249989
13933,0.000924,172.217.27.0-255,2902,39072,76,249989
13934,0.000926,172.31.40.0-255,66,39138,76,249989
13935,0.000948,172.217.27.0-255,6797,45935,76,249989
13936,0.000952,172.31.40.0-255,66,46001,76,249989
13937,0.001244,172.217.27.0-255,1484,47485,76,249989
13938,0.001251,172.217.27.0-255,2902,50387,76,249989
13939,0.001255,172.31.40.0-255,66,50453,76,249989
13940,0.001278,172.217.27.0-255,5738,56191,76,249989
13941,0.00128,172.31.40.0-255,66,56257,76,249989
13942,0.001285,172.217.27.0-255,2902,59159,76,249989
13943,0.001286,172.31.40.0-255,66,59225,76,249989
13944,0.001308,172.31.40.0-255,66,59291,76,249989
13945,0.001317,172.31.40.0-255,66,59357,76,249989
13946,0.001334,172.217.27.0-255,3300,62657,76,249989
13947,0.001336,172.31.40.0-255,66,62723,76,249989
13948,0.001383,172.217.27.0-255,1484,64207,76,249989
13949,0.001389,172.217.27.0-255,2902,67109,76,249989
13950,0.001391,172.31.40.0-255,66,67175,76,249989
13951,0.001413,172.217.27.0-255,5738,72913,76,249989
13952,0.001415,172.31.40.0-255,66,72979,76,249989
13953,0.001445,172.31.40.0-255,66,73045,76,249989
13954,0.001458,172.217.27.0-255,1484,74529,76,249989
13955,0.001469,172.31.40.0-255,66,74595,76,249989
13956,0.001493,172.217.27.0-255,2184,76779,76,249989
13957,0.001496,172.31.40.0-255,66,76845,76,249989
13958,0.003089,172.217.27.0-255,2902,79747,76,249989
13959,0.003097,172.31.40.0-255,66,79813,76,249989
13960,0.003119,172.217.27.0-255,2902,82715,76,249989
13961,0.003123,172.31.40.0-255,66,82781,76,249989
13962,0.004724,172.217.27.0-255,2902,85683,76,249989
13963,0.004726,172.31.40.0-255,66,85749,76,249989
13964,0.004745,172.217.27.0-255,2902,88651,76,249989
13965,0.004748,172.31.40.0-255,66,88717,76,249989
13966,0.006347,172.217.27.0-255,2902,91619,76,249989
13967,0.00635,172.31.40.0-255,66,91685,76,249989
13968,0.006367,172.217.27.0-255,2902,94587,76,249989
13969,0.006369,172.31.40.0-255,66,94653,76,249989
13970,0.007976,172.217.27.0-255,2902,97555,76,249989
13971,0.007983,172.31.40.0-255,66,97621,76,249989
13972,0.008005,172.217.27.0-255,2902,100523,76,249989
13973,0.008008,172.31.40.0-255,66,100589,76,249989
13974,0.009616,172.217.27.0-255,5738,106327,76,249989
13975,0.009624,172.31.40.0-255,66,106393,76,249989
13976,0.011264,172.217.27.0-255,5738,112131,76,249989
13977,0.011272,172.31.40.0-255,66,112197,76,249989
13978,0.012911,172.217.27.0-255,5738,117935,76,249989
13979,0.012919,172.31.40.0-255,66,118001,76,249989
13980,0.014567,172.217.27.0-255,5738,123739,76,249989
13981,0.014575,172.31.40.0-255,66,123805,76,249989
13982,0.016205,172.217.27.0-255,5738,129543,76,249989
13983,0.016212,172.31.40.0-255,66,129609,76,249989
13984,0.017853,172.217.27.0-255,5738,135347,76,249989
13985,0.01786,172.31.40.0-255,66,135413,76,249989
13986,0.019496,172.217.27.0-255,5738,141151,76,249989
13987,0.019506,172.31.40.0-255,66,141217,76,249989
13988,0.021138,172.217.27.0-255,5738,146955,76,249989
13989,0.021146,172.31.40.0-255,66,147021,76,249989
13990,0.022775,172.217.27.0-255,5738,152759,76,249989
13991,0.022782,172.31.40.0-255,66,152825,76,249989
13992,0.024431,172.217.27.0-255,5738,158563,76,249989
13993,0.024438,172.31.40.0-255,66,158629,76,249989
13994,0.026069,172.217.27.0-255,5738,164367,76,249989
13995,0.026074,172.31.40.0-255,66,164433,76,249989
13996,0.027346,172.31.40.0-255,172,164605,76,249989
13997,0.027377,172.31.40.0-255,1108,165713,76,249989
13998,0.027436,172.31.40.0-255,1514,167227,76,249989
13999,0.027438,172.31.40.0-255,1308,168535,76,249989
14000,0.02771,172.217.27.0-255,5738,174273,76,249989
14001,0.027717,172.31.40.0-255,66,174339,76,249989
14002,0.028901,104.244.42.0-255,66,174405,76,249989
14003,0.028944,104.244.42.0-255,66,174471,76,249989
14004,0.028973,104.244.42.0-255,66,174537,76,249989
14005,0.029352,172.217.27.0-255,5738,180275,76,249989
14006,0.029359,172.31.40.0-255,66,180341,76,249989
14007,0.030991,172.217.27.0-255,5738,186079,76,249989
14008,0.030997,172.31.40.0-255,66,186145,76,249989
14009,0.032652,172.217.27.0-255,5738,191883,76,249989
14010,0.03266,172.31.40.0-255,66,191949,76,249989
14011,0.034315,172.217.27.0-255,5738,197687,76,249989
14012,0.034322,172.31.40.0-255,66,197753,76,249989
14013,0.035965,172.217.27.0-255,5738,203491,76,249989
14014,0.035972,172.31.40.0-255,66,203557,76,249989
14015,0.037619,172.217.27.0-255,5738,209295,76,249989
14016,0.037626,172.31.40.0-255,66,209361,76,249989
14017,0.039273,172.217.27.0-255,5738,215099,76,249989
14018,0.039282,172.31.40.0-255,66,215165,76,249989
14019,0.040924,172.217.27.0-255,5738,220903,76,249989
14020,0.04093,172.31.40.0-255,66,220969,76,249989
14021,0.042565,172.217.27.0-255,5738,226707,76,249989
14022,0.042572,172.31.40.0-255,66,226773,76,249989
14023,0.044218,172.217.27.0-255,5738,232511,76,249989
14024,0.044224,172.31.40.0-255,66,232577,76,249989
14025,0.045893,172.217.27.0-255,5738,238315,76,249989
14026,0.045898,172.31.40.0-255,66,238381,76,249989
14027,0.047549,172.217.27.0-255,5738,244119,76,249989
14028,0.047556,172.31.40.0-255,66,244185,76,249989
14029,0.049196,172.217.27.0-255,5738,249923,76,249989
14030,0.049203,172.31.40.0-255,66,249989,76,249989
14031,0.0,74.125.24.0-255,153,153,76,205874
14032,1.7e-05,172.31.40.0-255,66,219,76,205874
14033,2.3e-05,74.125.24.0-255,1484,1703,76,205874
14034,2.8e-05,172.31.40.0-255,66,1769,76,205874
14035,3.3e-05,74.125.24.0-255,2902,4671,76,205874
14036,4.5e-05,172.31.40.0-255,66,4737,76,205874
14037,5.2e-05,74.125.24.0-255,7156,11893,76,205874
14038,5.5e-05,172.31.40.0-255,66,11959,76,205874
14039,8.3e-05,74.125.24.0-255,2033,13992,76,205874
14040,8.6e-05,172.31.40.0-255,66,14058,76,205874
14041,0.000335,74.125.24.0-255,1484,15542,76,205874
14042,0.00034,172.31.40.0-255,66,15608,76,205874
14043,0.000345,74.125.24.0-255,2902,18510,76,205874
14044,0.000348,172.31.40.0-255,66,18576,76,205874
14045,0.000378,74.125.24.0-255,5738,24314,76,205874
14046,0.000381,172.31.40.0-255,66,24380,76,205874
14047,0.000408,172.31.40.0-255,66,24446,76,205874
14048,0.000433,74.125.24.0-255,1125,25571,76,205874
14049,0.000436,172.31.40.0-255,66,25637,76,205874
14050,0.000448,172.31.40.0-255,66,25703,76,205874
14051,0.000488,172.31.40.0-255,66,25769,76,205874
14052,0.000491,74.125.24.0-255,647,26416,76,205874
14053,0.000493,172.31.40.0-255,66,26482,76,205874
14054,0.000601,74.125.24.0-255,1484,27966,76,205874
14055,0.000605,172.31.40.0-255,66,28032,76,205874
14056,0.000625,74.125.24.0-255,2902,30934,76,205874
14057,0.000628,172.31.40.0-255,66,31000,76,205874
14058,0.000633,74.125.24.0-255,5738,36738,76,205874
14059,0.000636,172.31.40.0-255,66,36804,76,205874
14060,0.00064,74.125.24.0-255,4320,41124,76,205874
14061,0.000645,172.31.40.0-255,66,41190,76,205874
14062,0.00066,172.31.40.0-255,66,41256,76,205874
14063,0.000689,74.125.24.0-255,2902,44158,76,205874
14064,0.000692,172.31.40.0-255,66,44224,76,205874
14065,0.000725,172.31.40.0-255,66,44290,76,205874
14066,0.000862,74.125.24.0-255,1484,45774,76,205874
14067,0.000867,74.125.24.0-255,2902,48676,76,205874
14068,0.000874,172.31.40.0-255,66,48742,76,205874
14069,0.000909,74.125.24.0-255,5738,54480,76,205874
14070,0.000912,172.31.40.0-255,66,54546,76,205874
14071,0.000919,74.125.24.0-255,5738,60284,76,205874
14072,0.00092,172.31.40.0-255,66,60350,76,205874
14073,0.000935,172.31.40.0-255,66,60416,76,205874
14074,0.000985,74.125.24.0-255,5020,65436,76,205874
14075,0.000988,172.31.40.0-255,66,65502,76,205874
14076,0.001405,74.125.24.0-255,1484,66986,76,205874
14077,0.001412,74.125.24.0-255,2902,69888,76,205874
14078,0.001415,172.31.40.0-255,66,69954,76,205874
14079,0.001421,74.125.24.0-255,4320,74274,76,205874
14080,0.001423,172.31.40.0-255,66,74340,76,205874
14081,0.001443,74.125.24.0-255,1484,75824,76,205874
14082,0.001455,74.125.24.0-255,5738,81562,76,205874
14083,0.001457,172.31.40.0-255,66,81628,76,205874
14084,0.001492,74.125.24.0-255,7156,88784,76,205874
14085,0.001494,172.31.40.0-255,66,88850,76,205874
14086,0.001505,172.31.40.0-255,66,88916,76,205874
14087,0.00151,74.125.24.0-255,2184,91100,76,205874
14088,0.001512,172.31.40.0-255,66,91166,76,205874
14089,0.004018,74.125.24.0-255,2902,94068,76,205874
14090,0.004025,172.31.40.0-255,66,94134,76,205874
14091,0.004054,74.125.24.0-255,2902,97036,76,205874
14092,0.004057,172.31.40.0-255,66,97102,76,205874
14093,0.006559,74.125.24.0-255,5738,102840,76,205874
14094,0.006562,172.31.40.0-255,66,102906,76,205874
14095,0.009064,74.125.24.0-255,5738,108644,76,205874
14096,0.009072,172.31.40.0-255,66,108710,76,205874
14097,0.011564,74.125.24.0-255,5738,114448,76,205874
14098,0.011572,172.31.40.0-255,66,114514,76,205874
14099,0.014072,74.125.24.0-255,5738,120252,76,205874
14100,0.014083,172.31.40.0-255,66,120318,76,205874
14101,0.016617,74.125.24.0-255,5738,126056,76,205874
14102,0.016625,172.31.40.0-255,66,126122,76,205874
14103,0.01912,74.125.24.0-255,5738,131860,76,205874
14104,0.019147,172.31.40.0-255,66,131926,76,205874
14105,0.021641,74.125.24.0-255,5738,137664,76,205874
14106,0.02165,172.31.40.0-255,66,137730,76,205874
14107,0.024164,74.125.24.0-255,5738,143468,76,205874
14108,0.024172,172.31.40.0-255,66,143534,76,205874
14109,0.025984,172.31.40.0-255,172,143706,76,205874
14110,0.026013,172.31.40.0-255,1109,144815,76,205874
14111,0.026067,172.31.40.0-255,1514,146329,76,205874
14112,0.026068,172.31.40.0-255,1307,147636,76,205874
14113,0.02667,74.125.24.0-255,5738,153374,76,205874
14114,0.026678,172.31.40.0-255,66,153440,76,205874
14115,0.027525,104.244.42.0-255,66,153506,76,205874
14116,0.027571,104.244.42.0-255,66,153572,76,205874
14117,0.027615,104.244.42.0-255,66,153638,76,205874
14118,0.029163,74.125.24.0-255,5738,159376,76,205874
14119,0.029169,172.31.40.0-255,66,159442,76,205874
14120,0.031675,74.125.24.0-255,5738,165180,76,205874
14121,0.031682,172.31.40.0-255,66,165246,76,205874
14122,0.034196,74.125.24.0-255,5738,170984,76,205874
14123,0.034202,172.31.40.0-255,66,171050,76,205874
14124,0.036716,74.125.24.0-255,5738,176788,76,205874
14125,0.036722,172.31.40.0-255,66,176854,76,205874
14126,0.039243,74.125.24.0-255,5738,182592,76,205874
14127,0.039265,172.31.40.0-255,66,182658,76,205874
14128,0.041794,74.125.24.0-255,5738,188396,76,205874
14129,0.041813,172.31.40.0-255,66,188462,76,205874
14130,0.044311,74.125.24.0-255,5738,194200,76,205874
14131,0.044327,172.31.40.0-255,66,194266,76,205874
14132,0.046816,74.125.24.0-255,5738,200004,76,205874
14133,0.046827,172.31.40.0-255,66,200070,76,205874
14134,0.049371,74.125.24.0-255,5738,205808,76,205874
14135,0.049391,172.31.40.0-255,66,205874,76,205874
14136,0.0,172.217.194.0-255,153,153,76,121331
14137,2.5e-05,172.31.40.0-255,66,219,76,121331
14138,3.3e-05,172.217.194.0-255,1484,1703,76,121331
14139,3.7e-05,172.31.40.0-255,66,1769,76,121331
14140,4.4e-05,172.217.194.0-255,2902,4671,76,121331
14141,5.6e-05,172.31.40.0-255,66,4737,76,121331
14142,6.4e-05,172.217.194.0-255,7156,11893,76,121331
14143,6.6e-05,172.31.40.0-255,66,11959,76,121331
14144,7e-05,172.217.194.0-255,2125,14084,76,121331
14145,7.3e-05,172.31.40.0-255,66,14150,76,121331
14146,7.7e-05,172.217.194.0-255,1484,15634,76,121331
14147,7.9e-05,172.31.40.0-255,66,15700,76,121331
14148,0.000121,172.31.40.0-255,66,15766,76,121331
14149,0.000139,172.31.40.0-255,66,15832,76,121331
14150,0.000166,172.217.194.0-255,5738,21570,76,121331
14151,0.000169,172.31.40.0-255,66,21636,76,121331
14152,0.000184,172.217.194.0-255,5020,26656,76,121331
14153,0.000186,172.31.40.0-255,66,26722,76,121331
14154,0.000285,172.217.194.0-255,1484,28206,76,121331
14155,0.000289,172.31.40.0-255,66,28272,76,121331
14156,0.000294,172.217.194.0-255,2902,31174,76,121331
14157,0.000296,172.31.40.0-255,66,31240,76,121331
14158,0.000302,172.217.194.0-255,5738,36978,76,121331
14159,0.000309,172.31.40.0-255,66,37044,76,121331
14160,0.000315,172.217.194.0-255,4320,41364,76,121331
14161,0.000317,172.31.40.0-255,66,41430,76,121331
14162,0.000359,172.217.194.0-255,1484,42914,76,121331
14163,0.000362,172.31.40.0-255,66,42980,76,121331
14164,0.000383,172.217.194.0-255,1714,44694,76,121331
14165,0.000386,172.31.40.0-255,66,44760,76,121331
14166,0.000759,172.217.194.0-255,1484,46244,76,121331
14167,0.000767,172.217.194.0-255,2902,49146,76,121331
14168,0.000771,172.31.40.0-255,66,49212,76,121331
14169,0.000778,172.217.194.0-255,4320,53532,76,121331
14170,0.00078,172.31.40.0-255,66,53598,76,121331
14171,0.000795,172.217.194.0-255,1484,55082,76,121331
14172,0.000797,172.217.194.0-255,1484,56566,76,121331
14173,0.000802,172.31.40.0-255,66,56632,76,121331
14174,0.000835,172.31.40.0-255,66,56698,76,121331
14175,0.000847,172.31.40.0-255,66,56764,76,121331
14176,0.001195,172.217.194.0-255,1484,58248,76,121331
14177,0.001202,172.217.194.0-255,2902,61150,76,121331
14178,0.001205,172.31.40.0-255,66,61216,76,121331
14179,0.00124,172.217.194.0-255,5738,66954,76,121331
14180,0.001243,172.31.40.0-255,66,67020,76,121331
14181,0.00126,172.31.40.0-255,66,67086,76,121331
14182,0.001297,172.31.40.0-255,66,67152,76,121331
14183,0.001332,172.31.40.0-255,66,67218,76,121331
14184,0.001362,172.217.194.0-255,5020,72238,76,121331
14185,0.001364,172.31.40.0-255,66,72304,76,121331
14186,0.001375,172.31.40.0-255,66,72370,76,121331
14187,0.001383,172.217.194.0-255,1484,73854,76,121331
14188,0.001411,172.31.40.0-255,66,73920,76,121331
14189,0.001446,172.31.40.0-255,66,73986,76,121331
14190,0.00145,172.217.194.0-255,2902,76888,76,121331
14191,0.001452,172.31.40.0-255,66,76954,76,121331
14192,0.001478,172.31.40.0-255,66,77020,76,121331
14193,0.001484,172.217.194.0-255,5020,82040,76,121331
14194,0.001486,172.31.40.0-255,66,82106,76,121331
14195,0.001529,172.217.194.0-255,5738,87844,76,121331
14196,0.001532,172.31.40.0-255,66,87910,76,121331
14197,0.001539,172.217.194.0-255,5738,93648,76,121331
14198,0.001541,172.31.40.0-255,66,93714,76,121331
14199,0.001577,172.31.40.0-255,66,93780,76,121331
14200,0.001618,172.31.40.0-255,66,93846,76,121331
14201,0.001622,172.217.194.0-255,1484,95330,76,121331
14202,0.001677,172.31.40.0-255,66,95396,76,121331
14203,0.001694,172.31.40.0-255,66,95462,76,121331
14204,0.00178,172.31.40.0-255,66,95528,76,121331
14205,0.0018,172.31.40.0-255,66,95594,76,121331
14206,0.001812,172.31.40.0-255,66,95660,76,121331
14207,0.001844,172.217.194.0-255,7156,102816,76,121331
14208,0.001847,172.31.40.0-255,66,102882,76,121331
14209,0.001852,172.217.194.0-255,4320,107202,76,121331
14210,0.001854,172.31.40.0-255,66,107268,76,121331
14211,0.001897,172.31.40.0-255,66,107334,76,121331
14212,0.001901,172.217.194.0-255,2902,110236,76,121331
14213,0.001903,172.31.40.0-255,66,110302,76,121331
14214,0.001945,172.31.40.0-255,66,110368,76,121331
14215,0.001954,172.217.194.0-255,7156,117524,76,121331
14216,0.001957,172.31.40.0-255,66,117590,76,121331
14217,0.001973,172.31.40.0-255,66,117656,76,121331
14218,0.001995,172.31.40.0-255,66,117722,76,121331
14219,0.002039,172.31.40.0-255,66,117788,76,121331
14220,0.002066,172.217.194.0-255,105,117893,76,121331
14221,0.004531,172.31.40.0-255,66,117959,76,121331
14222,0.004568,172.31.40.0-255,105,118064,76,121331
14223,0.00687,172.217.194.0-255,66,118130,76,121331
14224,0.02778,172.31.40.0-255,172,118302,76,121331
14225,0.027811,172.31.40.0-255,1104,119406,76,121331
14226,0.027871,172.31.40.0-255,1514,120920,76,121331
14227,0.027872,172.31.40.0-255,345,121265,76,121331
14228,0.030018,104.244.42.0-255,66,121331,76,121331
14229,0.0,172.217.160.0-255,146,146,76,245201
14230,2.5e-05,172.31.40.0-255,66,212,76,245201
14231,3.1e-05,172.217.160.0-255,1484,1696,76,245201
14232,3.5e-05,172.31.40.0-255,66,1762,76,245201
14233,4e-05,172.217.160.0-255,2902,4664,76,245201
14234,4.3e-05,172.31.40.0-255,66,4730,76,245201
14235,5e-05,172.217.160.0-255,5738,10468,76,245201
14236,5.3e-05,172.31.40.0-255,66,10534,76,245201
14237,9.9e-05,172.31.40.0-255,66,10600,76,245201
14238,0.000106,172.217.160.0-255,6797,17397,76,245201
14239,0.000108,172.31.40.0-255,66,17463,76,245201
14240,0.000235,172.217.160.0-255,1484,18947,76,245201
14241,0.00024,172.31.40.0-255,66,19013,76,245201
14242,0.000245,172.217.160.0-255,2902,21915,76,245201
14243,0.000247,172.31.40.0-255,66,21981,76,245201
14244,0.00028,172.217.160.0-255,5738,27719,76,245201
14245,0.000284,172.31.40.0-255,66,27785,76,245201
14246,0.000291,172.217.160.0-255,5738,33523,76,245201
14247,0.000293,172.31.40.0-255,66,33589,76,245201
14248,0.000318,172.217.160.0-255,1125,34714,76,245201
14249,0.000321,172.31.40.0-255,66,34780,76,245201
14250,0.000448,172.217.160.0-255,1484,36264,76,245201
14251,0.000452,172.31.40.0-255,66,36330,76,245201
14252,0.000457,172.217.160.0-255,2902,39232,76,245201
14253,0.000459,172.31.40.0-255,66,39298,76,245201
14254,0.000491,172.217.160.0-255,5738,45036,76,245201
14255,0.000494,172.31.40.0-255,66,45102,76,245201
14256,0.0005,172.217.160.0-255,4320,49422,76,245201
14257,0.000502,172.31.40.0-255,66,49488,76,245201
14258,0.000543,172.217.160.0-255,2815,52303,76,245201
14259,0.000546,172.31.40.0-255,66,52369,76,245201
14260,0.001205,172.217.160.0-255,122,52491,76,245201
14261,0.001265,172.217.160.0-255,1484,53975,76,245201
14262,0.00127,172.31.40.0-255,66,54041,76,245201
14263,0.001277,172.217.160.0-255,2902,56943,76,245201
14264,0.001294,172.217.160.0-255,7156,64099,76,245201
14265,0.001321,172.217.160.0-255,2902,67001,76,245201
14266,0.001348,172.217.160.0-255,4320,71321,76,245201
14267,0.001364,172.217.160.0-255,6438,77759,76,245201
14268,0.001407,172.217.160.0-255,379,78138,76,245201
14269,0.001722,172.217.160.0-255,1484,79622,76,245201
14270,0.00173,172.217.160.0-255,2902,82524,76,245201
14271,0.00175,172.217.160.0-255,5738,88262,76,245201
14272,0.001767,172.217.160.0-255,5738,94000,76,245201
14273,0.001786,172.217.160.0-255,4320,98320,76,245201
14274,0.001809,172.217.160.0-255,1484,99804,76,245201
14275,0.001874,172.217.160.0-255,1484,101288,76,245201
14276,0.001886,172.217.160.0-255,2902,104190,76,245201
14277,0.00191,172.217.160.0-255,5738,109928,76,245201
14278,0.00194,172.217.160.0-255,4320,114248,76,245201
14279,0.005501,172.31.40.0-255,66,114314,76,245201
14280,0.007417,172.217.160.0-255,5738,120052,76,245201
14281,0.007422,172.31.40.0-255,66,120118,76,245201
14282,0.009335,172.217.160.0-255,5738,125856,76,245201
14283,0.009344,172.31.40.0-255,66,125922,76,245201
14284,0.011291,172.217.160.0-255,5738,131660,76,245201
14285,0.011301,172.31.40.0-255,66,131726,76,245201
14286,0.013205,172.217.160.0-255,5738,137464,76,245201
14287,0.014781,172.31.40.0-255,66,137530,76,245201
14288,0.01671,172.217.160.0-255,5738,143268,76,245201
14289,0.016718,172.31.40.0-255,66,143334,76,245201
14290,0.01863,172.217.160.0-255,5738,149072,76,245201
14291,0.018637,172.31.40.0-255,66,149138,76,245201
14292,0.019902,172.31.40.0-255,172,149310,76,245201
14293,0.019932,172.31.40.0-255,1109,150419,76,245201
14294,0.019983,172.31.40.0-255,1514,151933,76,245201
14295,0.019985,172.31.40.0-255,338,152271,76,245201
14296,0.020557,172.217.160.0-255,5738,158009,76,245201
14297,0.020563,172.31.40.0-255,66,158075,76,245201
14298,0.022056,104.244.42.0-255,66,158141,76,245201
14299,0.022469,172.217.160.0-255,5738,163879,76,245201
14300,0.022474,172.31.40.0-255,66,163945,76,245201
14301,0.024394,172.217.160.0-255,5738,169683,76,245201
14302,0.024401,172.31.40.0-255,66,169749,76,245201
14303,0.026299,172.217.160.0-255,5738,175487,76,245201
14304,0.026305,172.31.40.0-255,66,175553,76,245201
14305,0.028211,172.217.160.0-255,5738,181291,76,245201
14306,0.028217,172.31.40.0-255,66,181357,76,245201
14307,0.030123,172.217.160.0-255,5738,187095,76,245201
14308,0.030129,172.31.40.0-255,66,187161,76,245201
14309,0.032036,172.217.160.0-255,5738,192899,76,245201
14310,0.032043,172.31.40.0-255,66,192965,76,245201
14311,0.033945,172.217.160.0-255,5738,198703,76,245201
14312,0.033952,172.31.40.0-255,66,198769,76,245201
14313,0.035865,172.217.160.0-255,5738,204507,76,245201
14314,0.035873,172.31.40.0-255,66,204573,76,245201
14315,0.037777,172.217.160.0-255,5738,210311,76,245201
14316,0.037783,172.31.40.0-255,66,210377,76,245201
14317,0.039706,172.217.160.0-255,5738,216115,76,245201
14318,0.039713,172.31.40.0-255,66,216181,76,245201
14319,0.041619,172.217.160.0-255,5738,221919,76,245201
14320,0.041626,172.31.40.0-255,66,221985,76,245201
14321,0.043554,172.217.160.0-255,5738,227723,76,245201
14322,0.04356,172.31.40.0-255,66,227789,76,245201
14323,0.045479,172.217.160.0-255,5738,233527,76,245201
14324,0.045487,172.31.40.0-255,66,233593,76,245201
14325,0.047395,172.217.160.0-255,5738,239331,76,245201
14326,0.047403,172.31.40.0-255,66,239397,76,245201
14327,0.049317,172.217.160.0-255,5738,245135,76,245201
14328,0.049324,172.31.40.0-255,66,245201,76,245201
14329,0.0,172.217.194.0-255,152,152,76,80089
14330,2.2e-05,172.31.40.0-255,66,218,76,80089
14331,2.9e-05,172.217.194.0-255,1484,1702,76,80089
14332,3.5e-05,172.31.40.0-255,66,1768,76,80089
14333,4.1e-05,172.217.194.0-255,2902,4670,76,80089
14334,5.1e-05,172.31.40.0-255,66,4736,76,80089
14335,5.8e-05,172.217.194.0-255,7156,11892,76,80089
14336,6.1e-05,172.31.40.0-255,66,11958,76,80089
14337,0.00016,172.217.194.0-255,2062,14020,76,80089
14338,0.000164,172.31.40.0-255,66,14086,76,80089
14339,0.000201,172.217.194.0-255,2902,16988,76,80089
14340,0.000204,172.31.40.0-255,66,17054,76,80089
14341,0.000229,172.31.40.0-255,66,17120,76,80089
14342,0.00038,172.217.194.0-255,5379,22499,76,80089
14343,0.000385,172.31.40.0-255,66,22565,76,80089
14344,0.000464,172.217.194.0-255,4320,26885,76,80089
14345,0.000467,172.31.40.0-255,66,26951,76,80089
14346,0.000502,172.31.40.0-255,66,27017,76,80089
14347,0.000529,172.217.194.0-255,3961,30978,76,80089
14348,0.000533,172.31.40.0-255,66,31044,76,80089
14349,0.000829,172.31.40.0-255,66,31110,76,80089
14350,0.000975,172.217.194.0-255,430,31540,76,80089
14351,0.00098,172.31.40.0-255,66,31606,76,80089
14352,0.000993,172.217.194.0-255,5738,37344,76,80089
14353,0.000995,172.31.40.0-255,66,37410,76,80089
14354,0.001052,172.31.40.0-255,66,37476,76,80089
14355,0.001538,172.31.40.0-255,66,37542,76,80089
14356,0.001591,172.31.40.0-255,66,37608,76,80089
14357,0.002058,172.217.194.0-255,1484,39092,76,80089
14358,0.002082,172.217.194.0-255,2902,41994,76,80089
14359,0.002087,172.31.40.0-255,66,42060,76,80089
14360,0.00214,172.217.194.0-255,5738,47798,76,80089
14361,0.002143,172.31.40.0-255,66,47864,76,80089
14362,0.002208,172.217.194.0-255,5738,53602,76,80089
14363,0.002211,172.31.40.0-255,66,53668,76,80089
14364,0.002244,172.217.194.0-255,7156,60824,76,80089
14365,0.002246,172.31.40.0-255,66,60890,76,80089
14366,0.002416,172.217.194.0-255,4320,65210,76,80089
14367,0.00242,172.31.40.0-255,66,65276,76,80089
14368,0.002463,172.31.40.0-255,66,65342,76,80089
14369,0.002848,172.217.194.0-255,2902,68244,76,80089
14370,0.002852,172.31.40.0-255,66,68310,76,80089
14371,0.004726,172.217.194.0-255,4320,72630,76,80089
14372,0.00578,172.217.194.0-255,2902,75532,76,80089
14373,0.005825,172.217.194.0-255,4320,79852,76,80089
14374,0.010848,172.31.40.0-255,66,79918,76,80089
14375,0.013381,172.31.40.0-255,105,80023,76,80089
14376,0.015664,172.217.194.0-255,66,80089,76,80089
14377,0.0,74.125.130.0-255,150,150,76,302049
14378,2.2e-05,172.31.40.0-255,66,216,76,302049
14379,3e-05,74.125.130.0-255,1484,1700,76,302049
14380,3.4e-05,172.31.40.0-255,66,1766,76,302049
14381,4e-05,74.125.130.0-255,2902,4668,76,302049
14382,5.3e-05,172.31.40.0-255,66,4734,76,302049
14383,6.1e-05,74.125.130.0-255,7156,11890,76,302049
14384,6.4e-05,172.31.40.0-255,66,11956,76,302049
14385,6.8e-05,74.125.130.0-255,2066,14022,76,302049
14386,7.1e-05,172.31.40.0-255,66,14088,76,302049
14387,0.0006,74.125.130.0-255,1484,15572,76,302049
14388,0.000607,172.31.40.0-255,66,15638,76,302049
14389,0.000616,74.125.130.0-255,2902,18540,76,302049
14390,0.000618,172.31.40.0-255,66,18606,76,302049
14391,0.000631,74.125.130.0-255,5738,24344,76,302049
14392,0.000634,172.31.40.0-255,66,24410,76,302049
14393,0.00067,74.125.130.0-255,6797,31207,76,302049
14394,0.000675,172.31.40.0-255,66,31273,76,302049
14395,0.00068,74.125.130.0-255,4320,35593,76,302049
14396,0.000682,172.31.40.0-255,66,35659,76,302049
14397,0.000708,74.125.130.0-255,2902,38561,76,302049
14398,0.00071,172.31.40.0-255,66,38627,76,302049
14399,0.000718,74.125.130.0-255,7156,45783,76,302049
14400,0.000721,172.31.40.0-255,66,45849,76,302049
14401,0.000755,74.125.130.0-255,5738,51587,76,302049
14402,0.000759,172.31.40.0-255,66,51653,76,302049
14403,0.000778,172.31.40.0-255,66,51719,76,302049
14404,0.000869,74.125.130.0-255,338,52057,76,302049
14405,0.000873,172.31.40.0-255,66,52123,76,302049
14406,0.000877,74.125.130.0-255,122,52245,76,302049
14407,0.000879,172.31.40.0-255,66,52311,76,302049
14408,0.000981,74.125.130.0-255,1484,53795,76,302049
14409,0.000999,74.125.130.0-255,2902,56697,76,302049
14410,0.001003,74.125.130.0-255,1484,58181,76,302049
14411,0.001027,74.125.130.0-255,2902,61083,76,302049
14412,0.001052,74.125.130.0-255,5738,66821,76,302049
14413,0.001055,74.125.130.0-255,1484,68305,76,302049
14414,0.001078,74.125.130.0-255,2902,71207,76,302049
14415,0.001091,74.125.130.0-255,2902,74109,76,302049
14416,0.001123,74.125.130.0-255,2902,77011,76,302049
14417,0.001129,74.125.130.0-255,4320,81331,76,302049
14418,0.001135,74.125.130.0-255,5020,86351,76,302049
14419,0.001173,172.31.40.0-255,66,86417,76,302049
14420,0.001234,74.125.130.0-255,1484,87901,76,302049
14421,0.001255,74.125.130.0-255,2902,90803,76,302049
14422,0.001268,74.125.130.0-255,1484,92287,76,302049
14423,0.00127,172.31.40.0-255,66,92353,76,302049
14424,0.001285,74.125.130.0-255,2902,95255,76,302049
14425,0.001295,74.125.130.0-255,5738,100993,76,302049
14426,0.001325,74.125.130.0-255,4320,105313,76,302049
14427,0.001333,172.31.40.0-255,66,105379,76,302049
14428,0.001372,74.125.130.0-255,3602,108981,76,302049
14429,0.001394,172.31.40.0-255,66,109047,76,302049
14430,0.001467,74.125.130.0-255,1484,110531,76,302049
14431,0.001482,74.125.130.0-255,2902,113433,76,302049
14432,0.001499,74.125.130.0-255,4320,117753,76,302049
14433,0.001514,74.125.130.0-255,1484,119237,76,302049
14434,0.001517,172.31.40.0-255,66,119303,76,302049
14435,0.001529,74.125.130.0-255,4320,123623,76,302049
14436,0.001539,172.31.40.0-255,66,123689,76,302049
14437,0.001557,74.125.130.0-255,5738,129427,76,302049
14438,0.001582,74.125.130.0-255,2902,132329,76,302049
14439,0.001586,74.125.130.0-255,2184,134513,76,302049
14440,0.001594,172.31.40.0-255,66,134579,76,302049
14441,0.00165,74.125.130.0-255,1484,136063,76,302049
14442,0.001669,74.125.130.0-255,2902,138965,76,302049
14443,0.001672,74.125.130.0-255,1484,140449,76,302049
14444,0.001677,74.125.130.0-255,2902,143351,76,302049
14445,0.0017,74.125.130.0-255,5738,149089,76,302049
14446,0.001705,172.31.40.0-255,66,149155,76,302049
14447,0.001756,172.31.40.0-255,66,149221,76,302049
14448,0.001801,74.125.130.0-255,4320,153541,76,302049
14449,0.001808,172.31.40.0-255,66,153607,76,302049
14450,0.001826,74.125.130.0-255,5738,159345,76,302049
14451,0.001829,74.125.130.0-255,766,160111,76,302049
14452,0.001862,74.125.130.0-255,4320,164431,76,302049
14453,0.001868,74.125.130.0-255,5738,170169,76,302049
14454,0.001872,172.31.40.0-255,66,170235,76,302049
14455,0.001877,172.31.40.0-255,66,170301,76,302049
14456,0.001917,74.125.130.0-255,2902,173203,76,302049
14457,0.001934,74.125.130.0-255,3602,176805,76,302049
14458,0.001943,172.31.40.0-255,66,176871,76,302049
14459,0.00206,74.125.130.0-255,1484,178355,76,302049
14460,0.00208,74.125.130.0-255,2902,181257,76,302049
14461,0.002083,74.125.130.0-255,1484,182741,76,302049
14462,0.002089,172.31.40.0-255,66,182807,76,302049
14463,0.002119,74.125.130.0-255,2902,185709,76,302049
14464,0.00214,74.125.130.0-255,4320,190029,76,302049
14465,0.002146,74.125.130.0-255,5738,195767,76,302049
14466,0.002165,172.31.40.0-255,66,195833,76,302049
14467,0.002196,74.125.130.0-255,6438,202271,76,302049
14468,0.002203,172.31.40.0-255,66,202337,76,302049
14469,0.002377,74.125.130.0-255,1484,203821,76,302049
14470,0.002393,74.125.130.0-255,2902,206723,76,302049
14471,0.002404,74.125.130.0-255,1484,208207,76,302049
14472,0.002421,74.125.130.0-255,4320,212527,76,302049
14473,0.002429,172.31.40.0-255,66,212593,76,302049
14474,0.002476,74.125.130.0-255,1484,214077,76,302049
14475,0.002483,74.125.130.0-255,2902,216979,76,302049
14476,0.002497,172.31.40.0-255,66,217045,76,302049
14477,0.002537,74.125.130.0-255,2184,219229,76,302049
14478,0.002552,172.31.40.0-255,66,219295,76,302049
14479,0.00277,74.125.130.0-255,1484,220779,76,302049
14480,0.002783,74.125.130.0-255,1484,222263,76,302049
14481,0.002785,172.31.40.0-255,66,222329,76,302049
14482,0.002808,74.125.130.0-255,2902,225231,76,302049
14483,0.002818,74.125.130.0-255,1484,226715,76,302049
14484,0.002834,74.125.130.0-255,4320,231035,76,302049
14485,0.002837,74.125.130.0-255,2902,233937,76,302049
14486,0.002843,172.31.40.0-255,66,234003,76,302049
14487,0.002852,74.125.130.0-255,2902,236905,76,302049
14488,0.002864,74.125.130.0-255,1484,238389,76,302049
14489,0.002869,74.125.130.0-255,4320,242709,76,302049
14490,0.00288,172.31.40.0-255,66,242775,76,302049
14491,0.002891,74.125.130.0-255,4320,247095,76,302049
14492,0.002901,74.125.130.0-255,6438,253533,76,302049
14493,0.002913,74.125.130.0-255,1484,255017,76,302049
14494,0.00292,172.31.40.0-255,66,255083,76,302049
14495,0.002953,172.31.40.0-255,66,255149,76,302049
14496,0.002961,74.125.130.0-255,1484,256633,76,302049
14497,0.002969,74.125.130.0-255,4320,260953,76,302049
14498,0.002971,74.125.130.0-255,1484,262437,76,302049
14499,0.002985,172.31.40.0-255,66,262503,76,302049
14500,0.003028,172.31.40.0-255,66,262569,76,302049
14501,0.00304,74.125.130.0-255,6438,269007,76,302049
14502,0.003046,74.125.130.0-255,1484,270491,76,302049
14503,0.003048,74.125.130.0-255,1484,271975,76,302049
14504,0.003053,172.31.40.0-255,66,272041,76,302049
14505,0.003079,74.125.130.0-255,2902,274943,76,302049
14506,0.003125,74.125.130.0-255,1484,276427,76,302049
14507,0.003132,172.31.40.0-255,66,276493,76,302049
14508,0.003146,74.125.130.0-255,1484,277977,76,302049
14509,0.003148,74.125.130.0-255,1484,279461,76,302049
14510,0.003167,172.31.40.0-255,66,279527,76,302049
14511,0.003201,74.125.130.0-255,1484,281011,76,302049
14512,0.003218,74.125.130.0-255,5020,286031,76,302049
14513,0.003232,172.31.40.0-255,66,286097,76,302049
14514,0.00324,74.125.130.0-255,1484,287581,76,302049
14515,0.003245,74.125.130.0-255,2902,290483,76,302049
14516,0.003253,172.31.40.0-255,66,290549,76,302049
14517,0.003293,74.125.130.0-255,3305,293854,76,302049
14518,0.003306,172.31.40.0-255,66,293920,76,302049
14519,0.003317,74.125.130.0-255,105,294025,76,302049
14520,0.016325,172.31.40.0-255,66,294091,76,302049
14521,0.016373,172.31.40.0-255,105,294196,76,302049
14522,0.018634,74.125.130.0-255,66,294262,76,302049
14523,0.046851,172.31.40.0-255,171,294433,76,302049
14524,0.046884,172.31.40.0-255,1133,295566,76,302049
14525,0.046941,172.31.40.0-255,1514,297080,76,302049
14526,0.046942,172.31.40.0-255,1514,298594,76,302049
14527,0.046944,172.31.40.0-255,1514,300108,76,302049
14528,0.046944,172.31.40.0-255,1514,301622,76,302049
14529,0.046971,172.31.40.0-255,163,301785,76,302049
14530,0.048405,104.244.42.0-255,66,301851,76,302049
14531,0.04848,104.244.42.0-255,66,301917,76,302049
14532,0.048483,104.244.42.0-255,66,301983,76,302049
14533,0.048529,104.244.42.0-255,66,302049,76,302049
14534,0.0,172.217.194.0-255,150,150,76,281506
14535,1.2e-05,172.31.40.0-255,66,216,76,281506
14536,2.7e-05,172.217.194.0-255,1484,1700,76,281506
14537,3.1e-05,172.31.40.0-255,66,1766,76,281506
14538,6.8e-05,172.217.194.0-255,2902,4668,76,281506
14539,7e-05,172.31.40.0-255,66,4734,76,281506
14540,7.5e-05,172.217.194.0-255,2902,7636,76,281506
14541,7.6e-05,172.31.40.0-255,66,7702,76,281506
14542,0.000134,172.217.194.0-255,4320,12022,76,281506
14543,0.000136,172.31.40.0-255,66,12088,76,281506
14544,0.000154,172.217.194.0-255,2034,14122,76,281506
14545,0.000156,172.31.40.0-255,66,14188,76,281506
14546,0.000226,172.217.194.0-255,1484,15672,76,281506
14547,0.000229,172.31.40.0-255,66,15738,76,281506
14548,0.000259,172.217.194.0-255,2902,18640,76,281506
14549,0.000262,172.31.40.0-255,66,18706,76,281506
14550,0.000275,172.217.194.0-255,2902,21608,76,281506
14551,0.000277,172.31.40.0-255,66,21674,76,281506
14552,0.000293,172.217.194.0-255,2902,24576,76,281506
14553,0.000296,172.31.40.0-255,66,24642,76,281506
14554,0.000311,172.217.194.0-255,2902,27544,76,281506
14555,0.000313,172.31.40.0-255,66,27610,76,281506
14556,0.00033,172.217.194.0-255,3961,31571,76,281506
14557,0.000332,172.31.40.0-255,66,31637,76,281506
14558,0.000338,172.217.194.0-255,7156,38793,76,281506
14559,0.00034,172.31.40.0-255,66,38859,76,281506
14560,0.000353,172.31.40.0-255,66,38925,76,281506
14561,0.000373,172.217.194.0-255,2902,41827,76,281506
14562,0.000375,172.31.40.0-255,66,41893,76,281506
14563,0.000382,172.217.194.0-255,7156,49049,76,281506
14564,0.000384,172.31.40.0-255,66,49115,76,281506
14565,0.000404,172.217.194.0-255,3602,52717,76,281506
14566,0.000406,172.31.40.0-255,66,52783,76,281506
14567,0.000408,172.217.194.0-255,397,53180,76,281506
14568,0.000454,172.217.194.0-255,1484,54664,76,281506
14569,0.000457,172.31.40.0-255,66,54730,76,281506
14570,0.000461,172.217.194.0-255,2902,57632,76,281506
14571,0.000463,172.31.40.0-255,66,57698,76,281506
14572,0.000476,172.217.194.0-255,1484,59182,76,281506
14573,0.000494,172.31.40.0-255,66,59248,76,281506
14574,0.000505,172.217.194.0-255,1484,60732,76,281506
14575,0.000507,172.217.194.0-255,1484,62216,76,281506
14576,0.000509,172.31.40.0-255,66,62282,76,281506
14577,0.000549,172.217.194.0-255,4320,66602,76,281506
14578,0.000552,172.31.40.0-255,66,66668,76,281506
14579,0.000588,172.31.40.0-255,66,66734,76,281506
14580,0.000819,172.217.194.0-255,1484,68218,76,281506
14581,0.000824,172.217.194.0-255,2902,71120,76,281506
14582,0.000827,172.31.40.0-255,66,71186,76,281506
14583,0.000833,172.217.194.0-255,5738,76924,76,281506
14584,0.000834,172.31.40.0-255,66,76990,76,281506
14585,0.000838,172.217.194.0-255,2902,79892,76,281506
14586,0.00084,172.31.40.0-255,66,79958,76,281506
14587,0.000851,172.217.194.0-255,1484,81442,76,281506
14588,0.000887,172.217.194.0-255,1484,82926,76,281506
14589,0.000889,172.31.40.0-255,66,82992,76,281506
14590,0.000907,172.217.194.0-255,7156,90148,76,281506
14591,0.000909,172.31.40.0-255,66,90214,76,281506
14592,0.000923,172.217.194.0-255,2902,93116,76,281506
14593,0.000925,172.31.40.0-255,66,93182,76,281506
14594,0.000933,172.31.40.0-255,66,93248,76,281506
14595,0.001179,172.217.194.0-255,1484,94732,76,281506
14596,0.001194,172.217.194.0-255,2902,97634,76,281506
14597,0.001197,172.31.40.0-255,66,97700,76,281506
14598,0.001204,172.217.194.0-255,4320,102020,76,281506
14599,0.001206,172.31.40.0-255,66,102086,76,281506
14600,0.001217,172.217.194.0-255,1484,103570,76,281506
14601,0.00122,172.217.194.0-255,1484,105054,76,281506
14602,0.001222,172.31.40.0-255,66,105120,76,281506
14603,0.001262,172.31.40.0-255,66,105186,76,281506
14604,0.001273,172.31.40.0-255,66,105252,76,281506
14605,0.001413,172.217.194.0-255,1484,106736,76,281506
14606,0.001431,172.217.194.0-255,2902,109638,76,281506
14607,0.001434,172.31.40.0-255,66,109704,76,281506
14608,0.001438,172.217.194.0-255,1484,111188,76,281506
14609,0.001452,172.217.194.0-255,4320,115508,76,281506
14610,0.001454,172.31.40.0-255,66,115574,76,281506
14611,0.001467,172.31.40.0-255,66,115640,76,281506
14612,0.001492,172.217.194.0-255,1484,117124,76,281506
14613,0.001506,172.31.40.0-255,66,117190,76,281506
14614,0.001539,172.217.194.0-255,1484,118674,76,281506
14615,0.001587,172.217.194.0-255,2902,121576,76,281506
14616,0.001593,172.217.194.0-255,5738,127314,76,281506
14617,0.001609,172.31.40.0-255,66,127380,76,281506
14618,0.001613,172.31.40.0-255,66,127446,76,281506
14619,0.001615,172.31.40.0-255,66,127512,76,281506
14620,0.001621,172.217.194.0-255,4320,131832,76,281506
14621,0.001623,172.31.40.0-255,66,131898,76,281506
14622,0.001649,172.31.40.0-255,66,131964,76,281506
14623,0.001668,172.217.194.0-255,5738,137702,76,281506
14624,0.001671,172.31.40.0-255,66,137768,76,281506
14625,0.001692,172.31.40.0-255,66,137834,76,281506
14626,0.001708,172.31.40.0-255,66,137900,76,281506
14627,0.001735,172.31.40.0-255,66,137966,76,281506
14628,0.001738,172.217.194.0-255,766,138732,76,281506
14629,0.001788,172.217.194.0-255,1484,140216,76,281506
14630,0.001792,172.31.40.0-255,66,140282,76,281506
14631,0.001797,172.217.194.0-255,2902,143184,76,281506
14632,0.001799,172.31.40.0-255,66,143250,76,281506
14633,0.001802,172.217.194.0-255,1484,144734,76,281506
14634,0.00182,172.217.194.0-255,4320,149054,76,281506
14635,0.001823,172.31.40.0-255,66,149120,76,281506
14636,0.001829,172.217.194.0-255,4320,153440,76,281506
14637,0.001831,172.31.40.0-255,66,153506,76,281506
14638,0.00185,172.217.194.0-255,5738,159244,76,281506
14639,0.001853,172.31.40.0-255,66,159310,76,281506
14640,0.001873,172.217.194.0-255,2902,162212,76,281506
14641,0.001877,172.31.40.0-255,66,162278,76,281506
14642,0.001907,172.31.40.0-255,66,162344,76,281506
14643,0.003955,172.217.194.0-255,5738,168082,76,281506
14644,0.003961,172.31.40.0-255,66,168148,76,281506
14645,0.005995,172.217.194.0-255,4320,172468,76,281506
14646,0.006002,172.31.40.0-255,66,172534,76,281506
14647,0.00602,172.217.194.0-255,1484,174018,76,281506
14648,0.008033,172.217.194.0-255,4320,178338,76,281506
14649,0.008037,172.31.40.0-255,66,178404,76,281506
14650,0.010078,172.217.194.0-255,5738,184142,76,281506
14651,0.010084,172.31.40.0-255,66,184208,76,281506
14652,0.012142,172.217.194.0-255,5738,189946,76,281506
14653,0.012149,172.31.40.0-255,66,190012,76,281506
14654,0.01421,172.217.194.0-255,5738,195750,76,281506
14655,0.014217,172.31.40.0-255,66,195816,76,281506
14656,0.016303,172.217.194.0-255,5738,201554,76,281506
14657,0.016313,172.31.40.0-255,66,201620,76,281506
14658,0.018371,172.217.194.0-255,5738,207358,76,281506
14659,0.018379,172.31.40.0-255,66,207424,76,281506
14660,0.020443,172.217.194.0-255,5738,213162,76,281506
14661,0.020449,172.31.40.0-255,66,213228,76,281506
14662,0.022515,172.217.194.0-255,5738,218966,76,281506
14663,0.022522,172.31.40.0-255,66,219032,76,281506
14664,0.024561,172.217.194.0-255,5738,224770,76,281506
14665,0.02457,172.31.40.0-255,66,224836,76,281506
14666,0.02667,172.217.194.0-255,5738,230574,76,281506
14667,0.026677,172.31.40.0-255,66,230640,76,281506
14668,0.02875,172.217.194.0-255,5738,236378,76,281506
14669,0.028757,172.31.40.0-255,66,236444,76,281506
14670,0.030788,172.217.194.0-255,5738,242182,76,281506
14671,0.030795,172.31.40.0-255,66,242248,76,281506
14672,0.032932,172.217.194.0-255,5738,247986,76,281506
14673,0.032939,172.31.40.0-255,66,248052,76,281506
14674,0.034971,172.217.194.0-255,5738,253790,76,281506
14675,0.034978,172.31.40.0-255,66,253856,76,281506
14676,0.035103,172.31.40.0-255,172,254028,76,281506
14677,0.035131,172.31.40.0-255,1108,255136,76,281506
14678,0.035252,172.31.40.0-255,1514,256650,76,281506
14679,0.035253,172.31.40.0-255,1514,258164,76,281506
14680,0.035259,172.31.40.0-255,1514,259678,76,281506
14681,0.035261,172.31.40.0-255,1514,261192,76,281506
14682,0.03528,172.31.40.0-255,184,261376,76,281506
14683,0.036673,104.244.42.0-255,66,261442,76,281506
14684,0.036702,104.244.42.0-255,66,261508,76,281506
14685,0.036825,104.244.42.0-255,66,261574,76,281506
14686,0.036838,104.244.42.0-255,66,261640,76,281506
14687,0.037036,172.217.194.0-255,5738,267378,76,281506
14688,0.037041,172.31.40.0-255,66,267444,76,281506
14689,0.039096,172.217.194.0-255,5738,273182,76,281506
14690,0.039102,172.31.40.0-255,66,273248,76,281506
14691,0.041189,172.217.194.0-255,5738,278986,76,281506
14692,0.041194,172.31.40.0-255,66,279052,76,281506
14693,0.043276,172.217.194.0-255,2217,281269,76,281506
14694,0.043285,172.31.40.0-255,66,281335,76,281506
14695,0.043433,172.31.40.0-255,105,281440,76,281506
14696,0.04547,172.217.194.0-255,66,281506,76,281506
14697,0.0,172.217.194.0-255,153,153,76,260724
14698,1.5e-05,172.31.40.0-255,66,219,76,260724
14699,2.1e-05,172.217.194.0-255,1484,1703,76,260724
14700,2.5e-05,172.31.40.0-255,66,1769,76,260724
14701,3.7e-05,172.217.194.0-255,2902,4671,76,260724
14702,4e-05,172.31.40.0-255,66,4737,76,260724
14703,7.4e-05,172.217.194.0-255,5738,10475,76,260724
14704,7.7e-05,172.31.40.0-255,66,10541,76,260724
14705,9.3e-05,172.217.194.0-255,3486,14027,76,260724
14706,9.9e-05,172.31.40.0-255,66,14093,76,260724
14707,0.000389,172.217.194.0-255,1484,15577,76,260724
14708,0.000396,172.31.40.0-255,66,15643,76,260724
14709,0.000402,172.217.194.0-255,2902,18545,76,260724
14710,0.000404,172.31.40.0-255,66,18611,76,260724
14711,0.00041,172.217.194.0-255,5738,24349,76,260724
14712,0.000417,172.31.40.0-255,66,24415,76,260724
14713,0.000457,172.217.194.0-255,6797,31212,76,260724
14714,0.000464,172.31.40.0-255,66,31278,76,260724
14715,0.000857,172.217.194.0-255,1484,32762,76,260724
14716,0.000879,172.31.40.0-255,66,32828,76,260724
14717,0.000888,172.217.194.0-255,2902,35730,76,260724
14718,0.000891,172.31.40.0-255,66,35796,76,260724
14719,0.000899,172.217.194.0-255,5738,41534,76,260724
14720,0.000901,172.31.40.0-255,66,41600,76,260724
14721,0.000922,172.31.40.0-255,66,41666,76,260724
14722,0.000934,172.31.40.0-255,66,41732,76,260724
14723,0.000961,172.217.194.0-255,646,42378,76,260724
14724,0.000963,172.31.40.0-255,66,42444,76,260724
14725,0.001242,172.217.194.0-255,1484,43928,76,260724
14726,0.001247,172.31.40.0-255,66,43994,76,260724
14727,0.001252,172.217.194.0-255,2902,46896,76,260724
14728,0.001254,172.31.40.0-255,66,46962,76,260724
14729,0.001291,172.217.194.0-255,5738,52700,76,260724
14730,0.001294,172.31.40.0-255,66,52766,76,260724
14731,0.001298,172.217.194.0-255,1484,54250,76,260724
14732,0.001338,172.31.40.0-255,66,54316,76,260724
14733,0.001357,172.31.40.0-255,66,54382,76,260724
14734,0.001361,172.217.194.0-255,2184,56566,76,260724
14735,0.001363,172.31.40.0-255,66,56632,76,260724
14736,0.001438,172.217.194.0-255,1484,58116,76,260724
14737,0.001442,172.217.194.0-255,1484,59600,76,260724
14738,0.001445,172.31.40.0-255,66,59666,76,260724
14739,0.001476,172.217.194.0-255,1484,61150,76,260724
14740,0.001483,172.217.194.0-255,5738,66888,76,260724
14741,0.001486,172.31.40.0-255,66,66954,76,260724
14742,0.001491,172.217.194.0-255,2902,69856,76,260724
14743,0.001493,172.31.40.0-255,66,69922,76,260724
14744,0.001535,172.31.40.0-255,66,69988,76,260724
14745,0.001566,172.217.194.0-255,2902,72890,76,260724
14746,0.001568,172.31.40.0-255,66,72956,76,260724
14747,0.0016,172.217.194.0-255,5738,78694,76,260724
14748,0.001603,172.31.40.0-255,66,78760,76,260724
14749,0.001609,172.217.194.0-255,5020,83780,76,260724
14750,0.001612,172.31.40.0-255,66,83846,76,260724
14751,0.001617,172.217.194.0-255,5738,89584,76,260724
14752,0.001637,172.217.194.0-255,5738,95322,76,260724
14753,0.001642,172.31.40.0-255,66,95388,76,260724
14754,0.001643,172.31.40.0-255,66,95454,76,260724
14755,0.001644,172.31.40.0-255,66,95520,76,260724
14756,0.001691,172.217.194.0-255,2902,98422,76,260724
14757,0.001695,172.31.40.0-255,66,98488,76,260724
14758,0.001718,172.217.194.0-255,3602,102090,76,260724
14759,0.001721,172.31.40.0-255,66,102156,76,260724
14760,0.001732,172.217.194.0-255,7156,109312,76,260724
14761,0.001734,172.31.40.0-255,66,109378,76,260724
14762,0.00174,172.217.194.0-255,4320,113698,76,260724
14763,0.001742,172.31.40.0-255,66,113764,76,260724
14764,0.001748,172.217.194.0-255,4320,118084,76,260724
14765,0.00175,172.31.40.0-255,66,118150,76,260724
14766,0.001778,172.31.40.0-255,66,118216,76,260724
14767,0.001789,172.31.40.0-255,66,118282,76,260724
14768,0.002108,172.217.194.0-255,1484,119766,76,260724
14769,0.002115,172.217.194.0-255,2902,122668,76,260724
14770,0.002119,172.31.40.0-255,66,122734,76,260724
14771,0.002149,172.217.194.0-255,5738,128472,76,260724
14772,0.002151,172.31.40.0-255,66,128538,76,260724
14773,0.002158,172.217.194.0-255,5738,134276,76,260724
14774,0.00216,172.31.40.0-255,66,134342,76,260724
14775,0.002195,172.217.194.0-255,7156,141498,76,260724
14776,0.002197,172.31.40.0-255,66,141564,76,260724
14777,0.00221,172.31.40.0-255,66,141630,76,260724
14778,0.002306,172.217.194.0-255,1484,143114,76,260724
14779,0.004492,172.217.194.0-255,4320,147434,76,260724
14780,0.004499,172.31.40.0-255,66,147500,76,260724
14781,0.006804,172.217.194.0-255,5738,153238,76,260724
14782,0.006811,172.31.40.0-255,66,153304,76,260724
14783,0.009131,172.217.194.0-255,5738,159042,76,260724
14784,0.009138,172.31.40.0-255,66,159108,76,260724
14785,0.011468,172.217.194.0-255,5738,164846,76,260724
14786,0.011488,172.31.40.0-255,66,164912,76,260724
14787,0.013799,172.217.194.0-255,5738,170650,76,260724
14788,0.013814,172.31.40.0-255,66,170716,76,260724
14789,0.016116,172.217.194.0-255,5738,176454,76,260724
14790,0.016129,172.31.40.0-255,66,176520,76,260724
14791,0.018436,172.217.194.0-255,5738,182258,76,260724
14792,0.018446,172.31.40.0-255,66,182324,76,260724
14793,0.020793,172.217.194.0-255,5738,188062,76,260724
14794,0.020801,172.31.40.0-255,66,188128,76,260724
14795,0.023092,172.217.194.0-255,5738,193866,76,260724
14796,0.023101,172.31.40.0-255,66,193932,76,260724
14797,0.025398,172.217.194.0-255,4320,198252,76,260724
14798,0.025405,172.31.40.0-255,66,198318,76,260724
14799,0.025431,172.217.194.0-255,1484,199802,76,260724
14800,0.027692,172.217.194.0-255,4320,204122,76,260724
14801,0.0277,172.31.40.0-255,66,204188,76,260724
14802,0.030004,172.217.194.0-255,5738,209926,76,260724
14803,0.030013,172.31.40.0-255,66,209992,76,260724
14804,0.032364,172.217.194.0-255,5738,215730,76,260724
14805,0.032373,172.31.40.0-255,66,215796,76,260724
14806,0.0347,172.217.194.0-255,5738,221534,76,260724
14807,0.034718,172.31.40.0-255,66,221600,76,260724
14808,0.037027,172.217.194.0-255,5738,227338,76,260724
14809,0.037035,172.31.40.0-255,66,227404,76,260724
14810,0.039342,172.217.194.0-255,5738,233142,76,260724
14811,0.039355,172.31.40.0-255,66,233208,76,260724
14812,0.041664,172.217.194.0-255,5738,238946,76,260724
14813,0.041675,172.31.40.0-255,66,239012,76,260724
14814,0.044009,172.217.194.0-255,5738,244750,76,260724
14815,0.044029,172.31.40.0-255,66,244816,76,260724
14816,0.046302,172.31.40.0-255,172,244988,76,260724
14817,0.046332,172.31.40.0-255,1109,246097,76,260724
14818,0.04635,172.217.194.0-255,5738,251835,76,260724
14819,0.046354,172.31.40.0-255,66,251901,76,260724
14820,0.046408,172.31.40.0-255,1514,253415,76,260724
14821,0.046409,172.31.40.0-255,1307,254722,76,260724
14822,0.047828,104.244.42.0-255,66,254788,76,260724
14823,0.047867,104.244.42.0-255,66,254854,76,260724
14824,0.047969,104.244.42.0-255,66,254920,76,260724
14825,0.048646,172.217.194.0-255,5738,260658,76,260724
14826,0.048653,172.31.40.0-255,66,260724,76,260724
14827,0.0,74.125.24.0-255,153,153,76,186208
14828,2.5e-05,172.31.40.0-255,66,219,76,186208
14829,3.2e-05,74.125.24.0-255,1484,1703,76,186208
14830,3.7e-05,172.31.40.0-255,66,1769,76,186208
14831,4.8e-05,74.125.24.0-255,1484,3253,76,186208
14832,5.2e-05,172.31.40.0-255,66,3319,76,186208
14833,6e-05,74.125.24.0-255,4320,7639,76,186208
14834,6.3e-05,172.31.40.0-255,66,7705,76,186208
14835,7.7e-05,172.31.40.0-255,66,7771,76,186208
14836,8e-05,74.125.24.0-255,1484,9255,76,186208
14837,8.2e-05,172.31.40.0-255,66,9321,76,186208
14838,0.000121,74.125.24.0-255,7156,16477,76,186208
14839,0.000125,172.31.40.0-255,66,16543,76,186208
14840,0.000131,74.125.24.0-255,3961,20504,76,186208
14841,0.000133,172.31.40.0-255,66,20570,76,186208
14842,0.000187,74.125.24.0-255,1484,22054,76,186208
14843,0.000189,172.31.40.0-255,66,22120,76,186208
14844,0.000215,74.125.24.0-255,2902,25022,76,186208
14845,0.000217,172.31.40.0-255,66,25088,76,186208
14846,0.000224,74.125.24.0-255,5738,30826,76,186208
14847,0.000226,172.31.40.0-255,66,30892,76,186208
14848,0.000235,74.125.24.0-255,4320,35212,76,186208
14849,0.000238,172.31.40.0-255,66,35278,76,186208
14850,0.000244,74.125.24.0-255,5738,41016,76,186208
14851,0.000246,172.31.40.0-255,66,41082,76,186208
14852,0.000288,172.31.40.0-255,66,41148,76,186208
14853,0.000292,74.125.24.0-255,2184,43332,76,186208
14854,0.000294,172.31.40.0-255,66,43398,76,186208
14855,0.000297,74.125.24.0-255,427,43825,76,186208
14856,0.000299,172.31.40.0-255,66,43891,76,186208
14857,0.000476,74.125.24.0-255,1484,45375,76,186208
14858,0.000485,74.125.24.0-255,2902,48277,76,186208
14859,0.000489,172.31.40.0-255,66,48343,76,186208
14860,0.000496,74.125.24.0-255,5738,54081,76,186208
14861,0.000498,172.31.40.0-255,66,54147,76,186208
14862,0.000555,172.31.40.0-255,66,54213,76,186208
14863,0.000574,74.125.24.0-255,2902,57115,76,186208
14864,0.000577,172.31.40.0-255,66,57181,76,186208
14865,0.000584,74.125.24.0-255,7156,64337,76,186208
14866,0.000587,172.31.40.0-255,66,64403,76,186208
14867,0.000592,74.125.24.0-255,3602,68005,76,186208
14868,0.000594,172.31.40.0-255,66,68071,76,186208
14869,0.000664,74.125.24.0-255,1484,69555,76,186208
14870,0.000685,74.125.24.0-255,2902,72457,76,186208
14871,0.000689,172.31.40.0-255,66,72523,76,186208
14872,0.000696,74.125.24.0-255,5738,78261,76,186208
14873,0.000698,172.31.40.0-255,66,78327,76,186208
14874,0.000723,74.125.24.0-255,5738,84065,76,186208
14875,0.000726,172.31.40.0-255,66,84131,76,186208
14876,0.000755,74.125.24.0-255,7156,91287,76,186208
14877,0.000759,172.31.40.0-255,66,91353,76,186208
14878,0.000775,172.31.40.0-255,66,91419,76,186208
14879,0.000779,74.125.24.0-255,2902,94321,76,186208
14880,0.000782,172.31.40.0-255,66,94387,76,186208
14881,0.000831,172.31.40.0-255,66,94453,76,186208
14882,0.000848,172.31.40.0-255,66,94519,76,186208
14883,0.000856,74.125.24.0-255,7156,101675,76,186208
14884,0.000858,172.31.40.0-255,66,101741,76,186208
14885,0.000904,172.31.40.0-255,66,101807,76,186208
14886,0.000919,172.31.40.0-255,66,101873,76,186208
14887,0.000948,74.125.24.0-255,766,102639,76,186208
14888,0.000964,172.31.40.0-255,66,102705,76,186208
14889,0.000992,74.125.24.0-255,1484,104189,76,186208
14890,0.001005,172.31.40.0-255,66,104255,76,186208
14891,0.001008,74.125.24.0-255,1484,105739,76,186208
14892,0.001054,172.31.40.0-255,66,105805,76,186208
14893,0.001075,172.31.40.0-255,66,105871,76,186208
14894,0.001103,74.125.24.0-255,6438,112309,76,186208
14895,0.001106,172.31.40.0-255,66,112375,76,186208
14896,0.001118,172.31.40.0-255,66,112441,76,186208
14897,0.00115,172.31.40.0-255,66,112507,76,186208
14898,0.001197,74.125.24.0-255,5738,118245,76,186208
14899,0.001199,172.31.40.0-255,66,118311,76,186208
14900,0.001232,74.125.24.0-255,6438,124749,76,186208
14901,0.001235,172.31.40.0-255,66,124815,76,186208
14902,0.001238,74.125.24.0-255,1484,126299,76,186208
14903,0.001242,74.125.24.0-255,2902,129201,76,186208
14904,0.001245,172.31.40.0-255,66,129267,76,186208
14905,0.001256,74.125.24.0-255,5738,135005,76,186208
14906,0.001259,172.31.40.0-255,66,135071,76,186208
14907,0.001266,74.125.24.0-255,7156,142227,76,186208
14908,0.001268,172.31.40.0-255,66,142293,76,186208
14909,0.001304,74.125.24.0-255,5738,148031,76,186208
14910,0.001307,172.31.40.0-255,66,148097,76,186208
14911,0.001314,74.125.24.0-255,7156,155253,76,186208
14912,0.001316,172.31.40.0-255,66,155319,76,186208
14913,0.001325,74.125.24.0-255,3602,158921,76,186208
14914,0.001327,172.31.40.0-255,66,158987,76,186208
14915,0.001391,74.125.24.0-255,1484,160471,76,186208
14916,0.001395,74.125.24.0-255,1484,161955,76,186208
14917,0.001398,172.31.40.0-255,66,162021,76,186208
14918,0.001425,74.125.24.0-255,1484,163505,76,186208
14919,0.001432,74.125.24.0-255,5738,169243,76,186208
14920,0.001435,172.31.40.0-255,66,169309,76,186208
14921,0.001437,74.125.24.0-255,1484,170793,76,186208
14922,0.001467,172.31.40.0-255,66,170859,76,186208
14923,0.001487,172.31.40.0-255,66,170925,76,186208
14924,0.001551,172.31.40.0-255,66,170991,76,186208
14925,0.001558,74.125.24.0-255,7156,178147,76,186208
14926,0.00156,172.31.40.0-255,66,178213,76,186208
14927,0.001569,74.125.24.0-255,4320,182533,76,186208
14928,0.001571,172.31.40.0-255,66,182599,76,186208
14929,0.001619,172.31.40.0-255,66,182665,76,186208
14930,0.001622,74.125.24.0-255,105,182770,76,186208
14931,0.012029,172.31.40.0-255,66,182836,76,186208
14932,0.01208,172.31.40.0-255,105,182941,76,186208
14933,0.014699,74.125.24.0-255,66,183007,76,186208
14934,0.0319,172.31.40.0-255,172,183179,76,186208
14935,0.03193,172.31.40.0-255,1104,184283,76,186208
14936,0.03199,172.31.40.0-255,1514,185797,76,186208
14937,0.031992,172.31.40.0-255,345,186142,76,186208
14938,0.03402,104.244.42.0-255,66,186208,76,186208
14939,0.0,172.217.194.0-255,153,153,76,215238
14940,1.2e-05,172.31.40.0-255,66,219,76,215238
14941,2.6e-05,172.217.194.0-255,1484,1703,76,215238
14942,3.1e-05,172.31.40.0-255,66,1769,76,215238
14943,4.1e-05,172.217.194.0-255,2902,4671,76,215238
14944,4.4e-05,172.31.40.0-255,66,4737,76,215238
14945,7.5e-05,172.217.194.0-255,7156,11893,76,215238
14946,7.7e-05,172.31.40.0-255,66,11959,76,215238
14947,0.0001,172.217.194.0-255,1985,13944,76,215238
14948,0.000102,172.31.40.0-255,66,14010,76,215238
14949,0.000106,172.217.194.0-255,2902,16912,76,215238
14950,0.000108,172.31.40.0-255,66,16978,76,215238
14951,0.00012,172.217.194.0-255,2902,19880,76,215238
14952,0.000122,172.31.40.0-255,66,19946,76,215238
14953,0.000149,172.217.194.0-255,4320,24266,76,215238
14954,0.000152,172.31.40.0-255,66,24332,76,215238
14955,0.000157,172.217.194.0-255,4320,28652,76,215238
14956,0.000158,172.31.40.0-255,66,28718,76,215238
14957,0.00018,172.217.194.0-255,2543,31261,76,215238
14958,0.000182,172.31.40.0-255,66,31327,76,215238
14959,0.000223,172.217.194.0-255,1484,32811,76,215238
14960,0.000225,172.31.40.0-255,66,32877,76,215238
14961,0.000252,172.217.194.0-255,2902,35779,76,215238
14962,0.000254,172.31.40.0-255,66,35845,76,215238
14963,0.00026,172.217.194.0-255,5738,41583,76,215238
14964,0.000262,172.31.40.0-255,66,41649,76,215238
14965,0.000305,172.31.40.0-255,66,41715,76,215238
14966,0.000316,172.31.40.0-255,66,41781,76,215238
14967,0.000318,172.217.194.0-255,379,42160,76,215238
14968,0.00032,172.31.40.0-255,66,42226,76,215238
14969,0.000444,172.217.194.0-255,364,42590,76,215238
14970,0.000517,172.217.194.0-255,1484,44074,76,215238
14971,0.000523,172.31.40.0-255,66,44140,76,215238
14972,0.000529,172.217.194.0-255,2902,47042,76,215238
14973,0.000531,172.31.40.0-255,66,47108,76,215238
14974,0.000577,172.217.194.0-255,5738,52846,76,215238
14975,0.000581,172.31.40.0-255,66,52912,76,215238
14976,0.000589,172.217.194.0-255,6797,59709,76,215238
14977,0.000591,172.31.40.0-255,66,59775,76,215238
14978,0.000661,172.217.194.0-255,1484,61259,76,215238
14979,0.000683,172.217.194.0-255,2902,64161,76,215238
14980,0.000686,172.31.40.0-255,66,64227,76,215238
14981,0.000692,172.217.194.0-255,4320,68547,76,215238
14982,0.000694,172.31.40.0-255,66,68613,76,215238
14983,0.000722,172.217.194.0-255,1484,70097,76,215238
14984,0.000726,172.217.194.0-255,2902,72999,76,215238
14985,0.000729,172.31.40.0-255,66,73065,76,215238
14986,0.000755,172.217.194.0-255,1484,74549,76,215238
14987,0.000759,172.217.194.0-255,2543,77092,76,215238
14988,0.000762,172.31.40.0-255,66,77158,76,215238
14989,0.000793,172.217.194.0-255,2902,80060,76,215238
14990,0.000796,172.31.40.0-255,66,80126,76,215238
14991,0.000803,172.217.194.0-255,7156,87282,76,215238
14992,0.000805,172.31.40.0-255,66,87348,76,215238
14993,0.000846,172.31.40.0-255,66,87414,76,215238
14994,0.000886,172.31.40.0-255,66,87480,76,215238
14995,0.000903,172.217.194.0-255,1484,88964,76,215238
14996,0.000908,172.217.194.0-255,2902,91866,76,215238
14997,0.000911,172.31.40.0-255,66,91932,76,215238
14998,0.000934,172.217.194.0-255,5738,97670,76,215238
14999,0.000937,172.31.40.0-255,66,97736,76,215238
15000,0.000974,172.31.40.0-255,66,97802,76,215238
15001,0.001016,172.217.194.0-255,7156,104958,76,215238
15002,0.001019,172.31.40.0-255,66,105024,76,215238
15003,0.001047,172.217.194.0-255,3602,108626,76,215238
15004,0.00105,172.31.40.0-255,66,108692,76,215238
15005,0.001746,172.217.194.0-255,1484,110176,76,215238
15006,0.001751,172.217.194.0-255,1484,111660,76,215238
15007,0.001753,172.31.40.0-255,66,111726,76,215238
15008,0.00178,172.217.194.0-255,1484,113210,76,215238
15009,0.001787,172.217.194.0-255,5738,118948,76,215238
15010,0.001788,172.31.40.0-255,66,119014,76,215238
15011,0.001791,172.217.194.0-255,1484,120498,76,215238
15012,0.001797,172.217.194.0-255,5738,126236,76,215238
15013,0.001799,172.31.40.0-255,66,126302,76,215238
15014,0.001819,172.217.194.0-255,2902,129204,76,215238
15015,0.001821,172.31.40.0-255,66,129270,76,215238
15016,0.001851,172.31.40.0-255,66,129336,76,215238
15017,0.00208,172.217.194.0-255,1484,130820,76,215238
15018,0.002097,172.217.194.0-255,2902,133722,76,215238
15019,0.002101,172.217.194.0-255,4320,138042,76,215238
15020,0.002105,172.31.40.0-255,66,138108,76,215238
15021,0.002107,172.31.40.0-255,66,138174,76,215238
15022,0.002129,172.217.194.0-255,1484,139658,76,215238
15023,0.002161,172.31.40.0-255,66,139724,76,215238
15024,0.002189,172.217.194.0-255,2902,142626,76,215238
15025,0.002192,172.31.40.0-255,66,142692,76,215238
15026,0.002202,172.31.40.0-255,66,142758,76,215238
15027,0.002218,172.31.40.0-255,66,142824,76,215238
15028,0.002264,172.31.40.0-255,66,142890,76,215238
15029,0.002267,172.217.194.0-255,1484,144374,76,215238
15030,0.002295,172.217.194.0-255,4320,148694,76,215238
15031,0.002297,172.31.40.0-255,66,148760,76,215238
15032,0.002348,172.31.40.0-255,66,148826,76,215238
15033,0.002362,172.31.40.0-255,66,148892,76,215238
15034,0.002375,172.31.40.0-255,66,148958,76,215238
15035,0.002386,172.217.194.0-255,1484,150442,76,215238
15036,0.002389,172.31.40.0-255,66,150508,76,215238
15037,0.002406,172.217.194.0-255,4320,154828,76,215238
15038,0.002409,172.31.40.0-255,66,154894,76,215238
15039,0.00243,172.217.194.0-255,2902,157796,76,215238
15040,0.002432,172.31.40.0-255,66,157862,76,215238
15041,0.002442,172.31.40.0-255,66,157928,76,215238
15042,0.002445,172.217.194.0-255,1484,159412,76,215238
15043,0.002467,172.217.194.0-255,1484,160896,76,215238
15044,0.002469,172.31.40.0-255,66,160962,76,215238
15045,0.002493,172.31.40.0-255,66,161028,76,215238
15046,0.002523,172.217.194.0-255,7156,168184,76,215238
15047,0.002526,172.31.40.0-255,66,168250,76,215238
15048,0.00253,172.217.194.0-255,2902,171152,76,215238
15049,0.002533,172.31.40.0-255,66,171218,76,215238
15050,0.002538,172.217.194.0-255,3602,174820,76,215238
15051,0.002541,172.31.40.0-255,66,174886,76,215238
15052,0.002701,172.217.194.0-255,1484,176370,76,215238
15053,0.002707,172.217.194.0-255,2902,179272,76,215238
15054,0.00271,172.31.40.0-255,66,179338,76,215238
15055,0.002715,172.217.194.0-255,2902,182240,76,215238
15056,0.002717,172.31.40.0-255,66,182306,76,215238
15057,0.002745,172.217.194.0-255,5738,188044,76,215238
15058,0.002748,172.31.40.0-255,66,188110,76,215238
15059,0.002783,172.217.194.0-255,4320,192430,76,215238
15060,0.002786,172.31.40.0-255,66,192496,76,215238
15061,0.002798,172.31.40.0-255,66,192562,76,215238
15062,0.002804,172.217.194.0-255,5020,197582,76,215238
15063,0.002806,172.31.40.0-255,66,197648,76,215238
15064,0.003243,172.217.194.0-255,1484,199132,76,215238
15065,0.003251,172.217.194.0-255,2902,202034,76,215238
15066,0.003256,172.31.40.0-255,66,202100,76,215238
15067,0.00331,172.217.194.0-255,4946,207046,76,215238
15068,0.00333,172.31.40.0-255,66,207112,76,215238
15069,0.003334,172.217.194.0-255,105,207217,76,215238
15070,0.009927,172.31.40.0-255,66,207283,76,215238
15071,0.009967,172.31.40.0-255,105,207388,76,215238
15072,0.012297,172.217.194.0-255,66,207454,76,215238
15073,0.030357,172.31.40.0-255,172,207626,76,215238
15074,0.030393,172.31.40.0-255,1109,208735,76,215238
15075,0.030461,172.31.40.0-255,1514,210249,76,215238
15076,0.030463,172.31.40.0-255,1514,211763,76,215238
15077,0.030468,172.31.40.0-255,1514,213277,76,215238
15078,0.03047,172.31.40.0-255,1514,214791,76,215238
15079,0.030488,172.31.40.0-255,183,214974,76,215238
15080,0.031951,104.244.42.0-255,66,215040,76,215238
15081,0.031988,104.244.42.0-255,66,215106,76,215238
15082,0.032054,104.244.42.0-255,66,215172,76,215238
15083,0.032075,104.244.42.0-255,66,215238,76,215238
15084,0.0,172.217.194.0-255,153,153,76,166508
15085,1.4e-05,172.31.40.0-255,66,219,76,166508
15086,2e-05,172.217.194.0-255,1484,1703,76,166508
15087,2.4e-05,172.31.40.0-255,66,1769,76,166508
15088,2.9e-05,172.217.194.0-255,2902,4671,76,166508
15089,3.1e-05,172.31.40.0-255,66,4737,76,166508
15090,5.3e-05,172.217.194.0-255,7156,11893,76,166508
15091,5.5e-05,172.31.40.0-255,66,11959,76,166508
15092,7e-05,172.217.194.0-255,2902,14861,76,166508
15093,7.2e-05,172.31.40.0-255,66,14927,76,166508
15094,9.9e-05,172.31.40.0-255,66,14993,76,166508
15095,0.000102,172.217.194.0-255,2543,17536,76,166508
15096,0.000105,172.31.40.0-255,66,17602,76,166508
15097,0.000138,172.217.194.0-255,1484,19086,76,166508
15098,0.000141,172.31.40.0-255,66,19152,76,166508
15099,0.000145,172.217.194.0-255,2902,22054,76,166508
15100,0.000147,172.31.40.0-255,66,22120,76,166508
15101,0.000152,172.217.194.0-255,2902,25022,76,166508
15102,0.000154,172.31.40.0-255,66,25088,76,166508
15103,0.000178,172.217.194.0-255,2902,27990,76,166508
15104,0.000181,172.31.40.0-255,66,28056,76,166508
15105,0.000187,172.217.194.0-255,5738,33794,76,166508
15106,0.00019,172.31.40.0-255,66,33860,76,166508
15107,0.000214,172.31.40.0-255,66,33926,76,166508
15108,0.000226,172.31.40.0-255,66,33992,76,166508
15109,0.00033,172.217.194.0-255,100,34092,76,166508
15110,0.000335,172.31.40.0-255,66,34158,76,166508
15111,0.000363,172.217.194.0-255,367,34525,76,166508
15112,0.000365,172.31.40.0-255,66,34591,76,166508
15113,0.000413,172.217.194.0-255,1484,36075,76,166508
15114,0.00043,172.217.194.0-255,4320,40395,76,166508
15115,0.000433,172.31.40.0-255,66,40461,76,166508
15116,0.000436,172.217.194.0-255,1484,41945,76,166508
15117,0.000477,172.31.40.0-255,66,42011,76,166508
15118,0.000584,172.217.194.0-255,1484,43495,76,166508
15119,0.000591,172.217.194.0-255,2902,46397,76,166508
15120,0.000595,172.31.40.0-255,66,46463,76,166508
15121,0.000601,172.217.194.0-255,5738,52201,76,166508
15122,0.000604,172.31.40.0-255,66,52267,76,166508
15123,0.00061,172.217.194.0-255,5738,58005,76,166508
15124,0.000613,172.31.40.0-255,66,58071,76,166508
15125,0.000618,172.217.194.0-255,2902,60973,76,166508
15126,0.000621,172.31.40.0-255,66,61039,76,166508
15127,0.000644,172.31.40.0-255,66,61105,76,166508
15128,0.000647,172.217.194.0-255,1484,62589,76,166508
15129,0.00067,172.217.194.0-255,3602,66191,76,166508
15130,0.000672,172.31.40.0-255,66,66257,76,166508
15131,0.00079,172.217.194.0-255,1484,67741,76,166508
15132,0.000796,172.217.194.0-255,2902,70643,76,166508
15133,0.000799,172.31.40.0-255,66,70709,76,166508
15134,0.000804,172.217.194.0-255,2902,73611,76,166508
15135,0.000806,172.31.40.0-255,66,73677,76,166508
15136,0.000821,172.217.194.0-255,2902,76579,76,166508
15137,0.000823,172.31.40.0-255,66,76645,76,166508
15138,0.000859,172.31.40.0-255,66,76711,76,166508
15139,0.000876,172.217.194.0-255,1484,78195,76,166508
15140,0.000879,172.217.194.0-255,1484,79679,76,166508
15141,0.000883,172.31.40.0-255,66,79745,76,166508
15142,0.000898,172.217.194.0-255,2902,82647,76,166508
15143,0.0009,172.31.40.0-255,66,82713,76,166508
15144,0.000937,172.217.194.0-255,6438,89151,76,166508
15145,0.000941,172.31.40.0-255,66,89217,76,166508
15146,0.000952,172.31.40.0-255,66,89283,76,166508
15147,0.000985,172.217.194.0-255,1484,90767,76,166508
15148,0.001004,172.31.40.0-255,66,90833,76,166508
15149,0.001007,172.217.194.0-255,1484,92317,76,166508
15150,0.001061,172.31.40.0-255,66,92383,76,166508
15151,0.001079,172.31.40.0-255,66,92449,76,166508
15152,0.001096,172.31.40.0-255,66,92515,76,166508
15153,0.001113,172.31.40.0-255,66,92581,76,166508
15154,0.001182,172.217.194.0-255,1484,94065,76,166508
15155,0.001192,172.217.194.0-255,2902,96967,76,166508
15156,0.001194,172.31.40.0-255,66,97033,76,166508
15157,0.001199,172.217.194.0-255,2902,99935,76,166508
15158,0.001204,172.217.194.0-255,4320,104255,76,166508
15159,0.001217,172.31.40.0-255,66,104321,76,166508
15160,0.001237,172.217.194.0-255,4320,108641,76,166508
15161,0.001264,172.217.194.0-255,1484,110125,76,166508
15162,0.001268,172.217.194.0-255,2902,113027,76,166508
15163,0.001281,172.31.40.0-255,66,113093,76,166508
15164,0.001288,172.217.194.0-255,5738,118831,76,166508
15165,0.001292,172.31.40.0-255,66,118897,76,166508
15166,0.00132,172.217.194.0-255,2902,121799,76,166508
15167,0.001349,172.217.194.0-255,766,122565,76,166508
15168,0.001355,172.31.40.0-255,66,122631,76,166508
15169,0.001386,172.217.194.0-255,1484,124115,76,166508
15170,0.0014,172.217.194.0-255,2902,127017,76,166508
15171,0.001418,172.217.194.0-255,1484,128501,76,166508
15172,0.001437,172.217.194.0-255,4320,132821,76,166508
15173,0.001447,172.31.40.0-255,66,132887,76,166508
15174,0.001458,172.217.194.0-255,5738,138625,76,166508
15175,0.001465,172.217.194.0-255,4320,142945,76,166508
15176,0.001469,172.31.40.0-255,66,143011,76,166508
15177,0.001491,172.217.194.0-255,4320,147331,76,166508
15178,0.001506,172.31.40.0-255,66,147397,76,166508
15179,0.001529,172.217.194.0-255,2902,150299,76,166508
15180,0.001545,172.217.194.0-255,5738,156037,76,166508
15181,0.001551,172.31.40.0-255,66,156103,76,166508
15182,0.001573,172.217.194.0-255,1484,157587,76,166508
15183,0.001605,172.31.40.0-255,66,157653,76,166508
15184,0.001621,172.217.194.0-255,2184,159837,76,166508
15185,0.001642,172.217.194.0-255,5738,165575,76,166508
15186,0.001656,172.217.194.0-255,428,166003,76,166508
15187,0.001659,172.217.194.0-255,97,166100,76,166508
15188,0.001671,172.217.194.0-255,105,166205,76,166508
15189,0.001674,172.31.40.0-255,66,166271,76,166508
15190,0.023581,172.31.40.0-255,66,166337,76,166508
15191,0.023634,172.31.40.0-255,105,166442,76,166508
15192,0.026104,172.217.194.0-255,66,166508,76,166508
15193,0.0,172.217.194.0-255,150,150,76,204182
15194,1.7e-05,172.31.40.0-255,66,216,76,204182
15195,2.4e-05,172.217.194.0-255,1484,1700,76,204182
15196,2.8e-05,172.31.40.0-255,66,1766,76,204182
15197,3.3e-05,172.217.194.0-255,2902,4668,76,204182
15198,4.4e-05,172.31.40.0-255,66,4734,76,204182
15199,4.7e-05,172.217.194.0-255,1484,6218,76,204182
15200,5.1e-05,172.31.40.0-255,66,6284,76,204182
15201,8.1e-05,172.217.194.0-255,5738,12022,76,204182
15202,8.5e-05,172.31.40.0-255,66,12088,76,204182
15203,0.000149,172.217.194.0-255,2109,14197,76,204182
15204,0.000152,172.31.40.0-255,66,14263,76,204182
15205,0.00026,172.217.194.0-255,1484,15747,76,204182
15206,0.000265,172.31.40.0-255,66,15813,76,204182
15207,0.00027,172.217.194.0-255,2902,18715,76,204182
15208,0.000273,172.31.40.0-255,66,18781,76,204182
15209,0.000311,172.217.194.0-255,5738,24519,76,204182
15210,0.000314,172.31.40.0-255,66,24585,76,204182
15211,0.000376,172.217.194.0-255,1484,26069,76,204182
15212,0.000379,172.31.40.0-255,66,26135,76,204182
15213,0.000414,172.31.40.0-255,66,26201,76,204182
15214,0.000523,172.217.194.0-255,5738,31939,76,204182
15215,0.000529,172.31.40.0-255,66,32005,76,204182
15216,0.000569,172.31.40.0-255,66,32071,76,204182
15217,0.000786,172.217.194.0-255,2902,34973,76,204182
15218,0.00079,172.31.40.0-255,66,35039,76,204182
15219,0.000827,172.31.40.0-255,66,35105,76,204182
15220,0.000898,172.217.194.0-255,409,35514,76,204182
15221,0.000902,172.31.40.0-255,66,35580,76,204182
15222,0.000905,172.217.194.0-255,365,35945,76,204182
15223,0.00093,172.217.194.0-255,4320,40265,76,204182
15224,0.000933,172.31.40.0-255,66,40331,76,204182
15225,0.000975,172.31.40.0-255,66,40397,76,204182
15226,0.001141,172.31.40.0-255,66,40463,76,204182
15227,0.001186,172.31.40.0-255,66,40529,76,204182
15228,0.001596,172.217.194.0-255,1484,42013,76,204182
15229,0.001614,172.217.194.0-255,2902,44915,76,204182
15230,0.001618,172.31.40.0-255,66,44981,76,204182
15231,0.001644,172.217.194.0-255,1484,46465,76,204182
15232,0.001663,172.217.194.0-255,4320,50785,76,204182
15233,0.001665,172.31.40.0-255,66,50851,76,204182
15234,0.00169,172.217.194.0-255,1484,52335,76,204182
15235,0.001728,172.217.194.0-255,7156,59491,76,204182
15236,0.001731,172.31.40.0-255,66,59557,76,204182
15237,0.00176,172.217.194.0-255,5738,65295,76,204182
15238,0.001763,172.31.40.0-255,66,65361,76,204182
15239,0.001919,172.31.40.0-255,66,65427,76,204182
15240,0.002081,172.31.40.0-255,66,65493,76,204182
15241,0.002109,172.217.194.0-255,1484,66977,76,204182
15242,0.002176,172.217.194.0-255,5738,72715,76,204182
15243,0.002181,172.31.40.0-255,66,72781,76,204182
15244,0.002468,172.217.194.0-255,3602,76383,76,204182
15245,0.002511,172.217.194.0-255,2902,79285,76,204182
15246,0.005146,172.31.40.0-255,66,79351,76,204182
15247,0.007166,172.217.194.0-255,5738,85089,76,204182
15248,0.007172,172.31.40.0-255,66,85155,76,204182
15249,0.009192,172.217.194.0-255,5738,90893,76,204182
15250,0.009199,172.31.40.0-255,66,90959,76,204182
15251,0.011231,172.217.194.0-255,5738,96697,76,204182
15252,0.011239,172.31.40.0-255,66,96763,76,204182
15253,0.013292,172.217.194.0-255,5738,102501,76,204182
15254,0.013301,172.31.40.0-255,66,102567,76,204182
15255,0.015339,172.217.194.0-255,5738,108305,76,204182
15256,0.01535,172.31.40.0-255,66,108371,76,204182
15257,0.017392,172.217.194.0-255,5738,114109,76,204182
15258,0.017399,172.31.40.0-255,66,114175,76,204182
15259,0.019433,172.217.194.0-255,5738,119913,76,204182
15260,0.019442,172.31.40.0-255,66,119979,76,204182
15261,0.021479,172.217.194.0-255,5738,125717,76,204182
15262,0.021487,172.31.40.0-255,66,125783,76,204182
15263,0.023511,172.217.194.0-255,5738,131521,76,204182
15264,0.023518,172.31.40.0-255,66,131587,76,204182
15265,0.025564,172.217.194.0-255,5738,137325,76,204182
15266,0.025574,172.31.40.0-255,66,137391,76,204182
15267,0.027624,172.217.194.0-255,5738,143129,76,204182
15268,0.027641,172.31.40.0-255,66,143195,76,204182
15269,0.029679,172.217.194.0-255,5738,148933,76,204182
15270,0.029693,172.31.40.0-255,66,148999,76,204182
15271,0.03176,172.217.194.0-255,5738,154737,76,204182
15272,0.031775,172.31.40.0-255,66,154803,76,204182
15273,0.033815,172.217.194.0-255,5738,160541,76,204182
15274,0.033831,172.31.40.0-255,66,160607,76,204182
15275,0.035847,172.217.194.0-255,4320,164927,76,204182
15276,0.035854,172.31.40.0-255,66,164993,76,204182
15277,0.035884,172.217.194.0-255,1484,166477,76,204182
15278,0.037883,172.217.194.0-255,4320,170797,76,204182
15279,0.037896,172.31.40.0-255,66,170863,76,204182
15280,0.039907,172.217.194.0-255,5738,176601,76,204182
15281,0.039914,172.31.40.0-255,66,176667,76,204182
15282,0.041619,172.31.40.0-255,171,176838,76,204182
15283,0.041653,172.31.40.0-255,1133,177971,76,204182
15284,0.041712,172.31.40.0-255,1514,179485,76,204182
15285,0.041714,172.31.40.0-255,1283,180768,76,204182
15286,0.041923,172.217.194.0-255,5738,186506,76,204182
15287,0.04193,172.31.40.0-255,66,186572,76,204182
15288,0.04321,104.244.42.0-255,66,186638,76,204182
15289,0.043221,104.244.42.0-255,66,186704,76,204182
15290,0.043294,104.244.42.0-255,66,186770,76,204182
15291,0.04398,172.217.194.0-255,5738,192508,76,204182
15292,0.043991,172.31.40.0-255,66,192574,76,204182
15293,0.046008,172.217.194.0-255,5738,198312,76,204182
15294,0.04602,172.31.40.0-255,66,198378,76,204182
15295,0.048072,172.217.194.0-255,5738,204116,76,204182
15296,0.048086,172.31.40.0-255,66,204182,76,204182
15297,0.0,74.125.24.0-255,146,146,76,195869
15298,1.9e-05,172.31.40.0-255,66,212,76,195869
15299,2.6e-05,74.125.24.0-255,1484,1696,76,195869
15300,3.1e-05,172.31.40.0-255,66,1762,76,195869
15301,3.7e-05,74.125.24.0-255,2902,4664,76,195869
15302,4.1e-05,172.31.40.0-255,66,4730,76,195869
15303,6e-05,74.125.24.0-255,1484,6214,76,195869
15304,6.3e-05,172.31.40.0-255,66,6280,76,195869
15305,8.7e-05,74.125.24.0-255,4320,10600,76,195869
15306,9.1e-05,172.31.40.0-255,66,10666,76,195869
15307,0.00015,74.125.24.0-255,4320,14986,76,195869
15308,0.000155,172.31.40.0-255,66,15052,76,195869
15309,0.000174,74.125.24.0-255,3530,18582,76,195869
15310,0.000177,172.31.40.0-255,66,18648,76,195869
15311,0.00026,74.125.24.0-255,5738,24386,76,195869
15312,0.000264,172.31.40.0-255,66,24452,76,195869
15313,0.000282,74.125.24.0-255,2902,27354,76,195869
15314,0.000285,172.31.40.0-255,66,27420,76,195869
15315,0.000374,74.125.24.0-255,5738,33158,76,195869
15316,0.000379,172.31.40.0-255,66,33224,76,195869
15317,0.000412,172.31.40.0-255,66,33290,76,195869
15318,0.000649,74.125.24.0-255,2184,35474,76,195869
15319,0.000654,172.31.40.0-255,66,35540,76,195869
15320,0.000696,172.31.40.0-255,66,35606,76,195869
15321,0.000878,74.125.24.0-255,135,35741,76,195869
15322,0.000883,172.31.40.0-255,66,35807,76,195869
15323,0.000904,74.125.24.0-255,1484,37291,76,195869
15324,0.000907,172.31.40.0-255,66,37357,76,195869
15325,0.00093,74.125.24.0-255,2902,40259,76,195869
15326,0.000933,172.31.40.0-255,66,40325,76,195869
15327,0.000964,74.125.24.0-255,5738,46063,76,195869
15328,0.000978,74.125.24.0-255,1484,47547,76,195869
15329,0.000983,172.31.40.0-255,66,47613,76,195869
15330,0.001057,74.125.24.0-255,4320,51933,76,195869
15331,0.001061,172.31.40.0-255,66,51999,76,195869
15332,0.001105,172.31.40.0-255,66,52065,76,195869
15333,0.001281,74.125.24.0-255,6438,58503,76,195869
15334,0.001285,172.31.40.0-255,66,58569,76,195869
15335,0.001389,74.125.24.0-255,1484,60053,76,195869
15336,0.001421,74.125.24.0-255,2902,62955,76,195869
15337,0.00143,172.31.40.0-255,66,63021,76,195869
15338,0.001448,74.125.24.0-255,5738,68759,76,195869
15339,0.001457,172.31.40.0-255,66,68825,76,195869
15340,0.001511,74.125.24.0-255,5738,74563,76,195869
15341,0.001533,172.31.40.0-255,66,74629,76,195869
15342,0.001601,74.125.24.0-255,1484,76113,76,195869
15343,0.001628,172.31.40.0-255,66,76179,76,195869
15344,0.001811,74.125.24.0-255,766,76945,76,195869
15345,0.001896,74.125.24.0-255,1484,78429,76,195869
15346,0.001901,172.31.40.0-255,66,78495,76,195869
15347,0.001907,74.125.24.0-255,2902,81397,76,195869
15348,0.001933,172.31.40.0-255,66,81463,76,195869
15349,0.001947,74.125.24.0-255,2902,84365,76,195869
15350,0.00196,74.125.24.0-255,2902,87267,76,195869
15351,0.001968,172.31.40.0-255,66,87333,76,195869
15352,0.002062,74.125.24.0-255,2902,90235,76,195869
15353,0.002078,172.31.40.0-255,66,90301,76,195869
15354,0.0022,74.125.24.0-255,1484,91785,76,195869
15355,0.002233,172.31.40.0-255,66,91851,76,195869
15356,0.002354,74.125.24.0-255,1484,93335,76,195869
15357,0.002391,172.31.40.0-255,66,93401,76,195869
15358,0.002438,74.125.24.0-255,4320,97721,76,195869
15359,0.002456,172.31.40.0-255,66,97787,76,195869
15360,0.002753,74.125.24.0-255,5020,102807,76,195869
15361,0.002759,172.31.40.0-255,66,102873,76,195869
15362,0.010907,172.31.40.0-255,66,102939,76,195869
15363,0.011949,74.125.24.0-255,1484,104423,76,195869
15364,0.013215,74.125.24.0-255,4320,108743,76,195869
15365,0.013225,172.31.40.0-255,66,108809,76,195869
15366,0.015564,74.125.24.0-255,5738,114547,76,195869
15367,0.015582,172.31.40.0-255,66,114613,76,195869
15368,0.017908,74.125.24.0-255,5738,120351,76,195869
15369,0.018108,172.31.40.0-255,66,120417,76,195869
15370,0.02043,74.125.24.0-255,5738,126155,76,195869
15371,0.020439,172.31.40.0-255,66,126221,76,195869
15372,0.022762,74.125.24.0-255,5738,131959,76,195869
15373,0.022774,172.31.40.0-255,66,132025,76,195869
15374,0.025121,74.125.24.0-255,5738,137763,76,195869
15375,0.025137,172.31.40.0-255,66,137829,76,195869
15376,0.027461,74.125.24.0-255,5738,143567,76,195869
15377,0.027478,172.31.40.0-255,66,143633,76,195869
15378,0.029807,74.125.24.0-255,5738,149371,76,195869
15379,0.029816,172.31.40.0-255,66,149437,76,195869
15380,0.032141,74.125.24.0-255,5738,155175,76,195869
15381,0.032161,172.31.40.0-255,66,155241,76,195869
15382,0.034475,74.125.24.0-255,5738,160979,76,195869
15383,0.034485,172.31.40.0-255,66,161045,76,195869
15384,0.036823,74.125.24.0-255,5738,166783,76,195869
15385,0.036833,172.31.40.0-255,66,166849,76,195869
15386,0.039147,74.125.24.0-255,5738,172587,76,195869
15387,0.039166,172.31.40.0-255,66,172653,76,195869
15388,0.041487,74.125.24.0-255,5738,178391,76,195869
15389,0.041496,172.31.40.0-255,66,178457,76,195869
15390,0.043808,74.125.24.0-255,5738,184195,76,195869
15391,0.043817,172.31.40.0-255,66,184261,76,195869
15392,0.046119,74.125.24.0-255,5738,189999,76,195869
15393,0.046128,172.31.40.0-255,66,190065,76,195869
15394,0.048471,74.125.24.0-255,5738,195803,76,195869
15395,0.04848,172.31.40.0-255,66,195869,76,195869
15396,0.0,74.125.24.0-255,153,153,76,207971
15397,2.7e-05,172.31.40.0-255,66,219,76,207971
15398,3.5e-05,74.125.24.0-255,1484,1703,76,207971
15399,4e-05,172.31.40.0-255,66,1769,76,207971
15400,4.6e-05,74.125.24.0-255,2902,4671,76,207971
15401,4.9e-05,172.31.40.0-255,66,4737,76,207971
15402,5.7e-05,74.125.24.0-255,7156,11893,76,207971
15403,6.1e-05,172.31.40.0-255,66,11959,76,207971
15404,6.5e-05,74.125.24.0-255,2070,14029,76,207971
15405,6.9e-05,172.31.40.0-255,66,14095,76,207971
15406,8.3e-05,172.31.40.0-255,66,14161,76,207971
15407,9.1e-05,74.125.24.0-255,5379,19540,76,207971
15408,9.5e-05,172.31.40.0-255,66,19606,76,207971
15409,0.000143,74.125.24.0-255,1484,21090,76,207971
15410,0.000145,172.31.40.0-255,66,21156,76,207971
15411,0.00015,74.125.24.0-255,2902,24058,76,207971
15412,0.000152,172.31.40.0-255,66,24124,76,207971
15413,0.000158,74.125.24.0-255,4320,28444,76,207971
15414,0.000161,172.31.40.0-255,66,28510,76,207971
15415,0.000173,74.125.24.0-255,1484,29994,76,207971
15416,0.000175,172.31.40.0-255,66,30060,76,207971
15417,0.00018,74.125.24.0-255,4320,34380,76,207971
15418,0.000183,172.31.40.0-255,66,34446,76,207971
15419,0.00022,74.125.24.0-255,5379,39825,76,207971
15420,0.000223,172.31.40.0-255,66,39891,76,207971
15421,0.000234,172.31.40.0-255,66,39957,76,207971
15422,0.000239,74.125.24.0-255,4235,44192,76,207971
15423,0.000241,172.31.40.0-255,66,44258,76,207971
15424,0.000514,74.125.24.0-255,130,44388,76,207971
15425,0.00052,172.31.40.0-255,66,44454,76,207971
15426,0.000652,74.125.24.0-255,1484,45938,76,207971
15427,0.00066,74.125.24.0-255,2902,48840,76,207971
15428,0.000663,172.31.40.0-255,66,48906,76,207971
15429,0.000668,74.125.24.0-255,2902,51808,76,207971
15430,0.000672,172.31.40.0-255,66,51874,76,207971
15431,0.000684,74.125.24.0-255,2902,54776,76,207971
15432,0.000687,172.31.40.0-255,66,54842,76,207971
15433,0.00069,74.125.24.0-255,1484,56326,76,207971
15434,0.000717,74.125.24.0-255,5379,61705,76,207971
15435,0.00072,172.31.40.0-255,66,61771,76,207971
15436,0.000735,172.31.40.0-255,66,61837,76,207971
15437,0.000762,74.125.24.0-255,2826,64663,76,207971
15438,0.000764,172.31.40.0-255,66,64729,76,207971
15439,0.001266,74.125.24.0-255,1484,66213,76,207971
15440,0.001272,74.125.24.0-255,2902,69115,76,207971
15441,0.001276,172.31.40.0-255,66,69181,76,207971
15442,0.001333,74.125.24.0-255,5738,74919,76,207971
15443,0.001336,172.31.40.0-255,66,74985,76,207971
15444,0.001347,172.31.40.0-255,66,75051,76,207971
15445,0.00138,172.31.40.0-255,66,75117,76,207971
15446,0.001646,74.125.24.0-255,1484,76601,76,207971
15447,0.001652,74.125.24.0-255,2902,79503,76,207971
15448,0.001655,172.31.40.0-255,66,79569,76,207971
15449,0.001681,74.125.24.0-255,5738,85307,76,207971
15450,0.001684,172.31.40.0-255,66,85373,76,207971
15451,0.001687,74.125.24.0-255,1484,86857,76,207971
15452,0.001715,172.31.40.0-255,66,86923,76,207971
15453,0.00172,74.125.24.0-255,2902,89825,76,207971
15454,0.001722,172.31.40.0-255,66,89891,76,207971
15455,0.001746,172.31.40.0-255,66,89957,76,207971
15456,0.00176,172.31.40.0-255,66,90023,76,207971
15457,0.001791,74.125.24.0-255,2902,92925,76,207971
15458,0.001793,172.31.40.0-255,66,92991,76,207971
15459,0.001811,172.31.40.0-255,66,93057,76,207971
15460,0.002326,74.125.24.0-255,1484,94541,76,207971
15461,0.002333,74.125.24.0-255,2902,97443,76,207971
15462,0.002336,172.31.40.0-255,66,97509,76,207971
15463,0.002342,74.125.24.0-255,4320,101829,76,207971
15464,0.002344,172.31.40.0-255,66,101895,76,207971
15465,0.002358,74.125.24.0-255,1484,103379,76,207971
15466,0.002364,74.125.24.0-255,4320,107699,76,207971
15467,0.002366,172.31.40.0-255,66,107765,76,207971
15468,0.0024,172.31.40.0-255,66,107831,76,207971
15469,0.002412,172.31.40.0-255,66,107897,76,207971
15470,0.002429,74.125.24.0-255,1484,109381,76,207971
15471,0.002444,74.125.24.0-255,2902,112283,76,207971
15472,0.002446,172.31.40.0-255,66,112349,76,207971
15473,0.002465,74.125.24.0-255,5738,118087,76,207971
15474,0.002467,172.31.40.0-255,66,118153,76,207971
15475,0.002507,172.31.40.0-255,66,118219,76,207971
15476,0.002519,172.31.40.0-255,66,118285,76,207971
15477,0.002553,74.125.24.0-255,4320,122605,76,207971
15478,0.002555,172.31.40.0-255,66,122671,76,207971
15479,0.002571,74.125.24.0-255,5738,128409,76,207971
15480,0.002574,172.31.40.0-255,66,128475,76,207971
15481,0.002613,172.31.40.0-255,66,128541,76,207971
15482,0.002626,172.31.40.0-255,66,128607,76,207971
15483,0.00268,172.31.40.0-255,66,128673,76,207971
15484,0.002716,172.31.40.0-255,66,128739,76,207971
15485,0.005322,74.125.24.0-255,5738,134477,76,207971
15486,0.005341,172.31.40.0-255,66,134543,76,207971
15487,0.007899,74.125.24.0-255,5738,140281,76,207971
15488,0.007908,172.31.40.0-255,66,140347,76,207971
15489,0.010498,74.125.24.0-255,5738,146085,76,207971
15490,0.010517,172.31.40.0-255,66,146151,76,207971
15491,0.013097,74.125.24.0-255,5738,151889,76,207971
15492,0.013117,172.31.40.0-255,66,151955,76,207971
15493,0.015754,74.125.24.0-255,5738,157693,76,207971
15494,0.015775,172.31.40.0-255,66,157759,76,207971
15495,0.018366,74.125.24.0-255,5738,163497,76,207971
15496,0.018389,172.31.40.0-255,66,163563,76,207971
15497,0.020955,74.125.24.0-255,5738,169301,76,207971
15498,0.020974,172.31.40.0-255,66,169367,76,207971
15499,0.023583,74.125.24.0-255,5738,175105,76,207971
15500,0.023607,172.31.40.0-255,66,175171,76,207971
15501,0.026177,74.125.24.0-255,5738,180909,76,207971
15502,0.026197,172.31.40.0-255,66,180975,76,207971
15503,0.028763,74.125.24.0-255,5738,186713,76,207971
15504,0.028781,172.31.40.0-255,66,186779,76,207971
15505,0.031376,74.125.24.0-255,5738,192517,76,207971
15506,0.031395,172.31.40.0-255,66,192583,76,207971
15507,0.033959,74.125.24.0-255,5738,198321,76,207971
15508,0.033979,172.31.40.0-255,66,198387,76,207971
15509,0.036586,74.125.24.0-255,5738,204125,76,207971
15510,0.036606,172.31.40.0-255,66,204191,76,207971
15511,0.039189,74.125.24.0-255,3543,207734,76,207971
15512,0.039211,172.31.40.0-255,66,207800,76,207971
15513,0.03952,172.31.40.0-255,105,207905,76,207971
15514,0.042049,74.125.24.0-255,66,207971,76,207971
15515,0.0,172.217.194.0-255,152,152,76,199609
15516,2.2e-05,172.31.40.0-255,66,218,76,199609
15517,2.9e-05,172.217.194.0-255,1484,1702,76,199609
15518,3.3e-05,172.31.40.0-255,66,1768,76,199609
15519,9.7e-05,172.217.194.0-255,2902,4670,76,199609
15520,0.000102,172.31.40.0-255,66,4736,76,199609
15521,0.000111,172.217.194.0-255,7156,11892,76,199609
15522,0.000122,172.31.40.0-255,66,11958,76,199609
15523,0.000134,172.31.40.0-255,66,12024,76,199609
15524,0.000145,172.31.40.0-255,66,12090,76,199609
15525,0.000149,172.217.194.0-255,2543,14633,76,199609
15526,0.000153,172.31.40.0-255,66,14699,76,199609
15527,0.000157,172.217.194.0-255,2902,17601,76,199609
15528,0.000159,172.31.40.0-255,66,17667,76,199609
15529,0.000167,172.217.194.0-255,7156,24823,76,199609
15530,0.000169,172.31.40.0-255,66,24889,76,199609
15531,0.000201,172.217.194.0-255,6797,31686,76,199609
15532,0.000204,172.31.40.0-255,66,31752,76,199609
15533,0.000699,172.217.194.0-255,1484,33236,76,199609
15534,0.000705,172.31.40.0-255,66,33302,76,199609
15535,0.000711,172.217.194.0-255,2902,36204,76,199609
15536,0.000713,172.31.40.0-255,66,36270,76,199609
15537,0.000726,172.217.194.0-255,5738,42008,76,199609
15538,0.000728,172.31.40.0-255,66,42074,76,199609
15539,0.000751,172.217.194.0-255,1484,43558,76,199609
15540,0.000753,172.31.40.0-255,66,43624,76,199609
15541,0.000779,172.217.194.0-255,5379,49003,76,199609
15542,0.000782,172.31.40.0-255,66,49069,76,199609
15543,0.000827,172.31.40.0-255,66,49135,76,199609
15544,0.000833,172.217.194.0-255,4320,53455,76,199609
15545,0.000835,172.31.40.0-255,66,53521,76,199609
15546,0.000873,172.31.40.0-255,66,53587,76,199609
15547,0.00088,172.217.194.0-255,5738,59325,76,199609
15548,0.000882,172.31.40.0-255,66,59391,76,199609
15549,0.000917,172.217.194.0-255,1125,60516,76,199609
15550,0.000921,172.217.194.0-255,645,61161,76,199609
15551,0.000923,172.31.40.0-255,66,61227,76,199609
15552,0.002372,172.217.194.0-255,1484,62711,76,199609
15553,0.002383,172.217.194.0-255,2902,65613,76,199609
15554,0.002388,172.31.40.0-255,66,65679,76,199609
15555,0.002396,172.217.194.0-255,5738,71417,76,199609
15556,0.002398,172.31.40.0-255,66,71483,76,199609
15557,0.002404,172.217.194.0-255,4320,75803,76,199609
15558,0.002411,172.31.40.0-255,66,75869,76,199609
15559,0.002449,172.217.194.0-255,1484,77353,76,199609
15560,0.002466,172.31.40.0-255,66,77419,76,199609
15561,0.002469,172.217.194.0-255,766,78185,76,199609
15562,0.00253,172.217.194.0-255,1484,79669,76,199609
15563,0.002532,172.31.40.0-255,66,79735,76,199609
15564,0.002537,172.217.194.0-255,2902,82637,76,199609
15565,0.002539,172.31.40.0-255,66,82703,76,199609
15566,0.002547,172.217.194.0-255,4320,87023,76,199609
15567,0.002553,172.31.40.0-255,66,87089,76,199609
15568,0.002574,172.217.194.0-255,1484,88573,76,199609
15569,0.002587,172.31.40.0-255,66,88639,76,199609
15570,0.002636,172.31.40.0-255,66,88705,76,199609
15571,0.005185,172.217.194.0-255,4320,93025,76,199609
15572,0.005189,172.31.40.0-255,66,93091,76,199609
15573,0.005201,172.217.194.0-255,1484,94575,76,199609
15574,0.007763,172.217.194.0-255,4320,98895,76,199609
15575,0.007769,172.31.40.0-255,66,98961,76,199609
15576,0.010323,172.217.194.0-255,5738,104699,76,199609
15577,0.010331,172.31.40.0-255,66,104765,76,199609
15578,0.01292,172.217.194.0-255,5738,110503,76,199609
15579,0.012929,172.31.40.0-255,66,110569,76,199609
15580,0.015462,172.217.194.0-255,5738,116307,76,199609
15581,0.015472,172.31.40.0-255,66,116373,76,199609
15582,0.018033,172.217.194.0-255,5738,122111,76,199609
15583,0.018041,172.31.40.0-255,66,122177,76,199609
15584,0.020584,172.217.194.0-255,5738,127915,76,199609
15585,0.020592,172.31.40.0-255,66,127981,76,199609
15586,0.023149,172.217.194.0-255,5738,133719,76,199609
15587,0.023156,172.31.40.0-255,66,133785,76,199609
15588,0.025698,172.217.194.0-255,5738,139523,76,199609
15589,0.025706,172.31.40.0-255,66,139589,76,199609
15590,0.028266,172.217.194.0-255,5738,145327,76,199609
15591,0.028274,172.31.40.0-255,66,145393,76,199609
15592,0.028823,172.31.40.0-255,172,145565,76,199609
15593,0.028852,172.31.40.0-255,1108,146673,76,199609
15594,0.028918,172.31.40.0-255,1514,148187,76,199609
15595,0.02892,172.31.40.0-255,1514,149701,76,199609
15596,0.028921,172.31.40.0-255,1514,151215,76,199609
15597,0.028949,172.31.40.0-255,1514,152729,76,199609
15598,0.028954,172.31.40.0-255,184,152913,76,199609
15599,0.030389,104.244.42.0-255,66,152979,76,199609
15600,0.030431,104.244.42.0-255,66,153045,76,199609
15601,0.030487,104.244.42.0-255,66,153111,76,199609
15602,0.030491,104.244.42.0-255,66,153177,76,199609
15603,0.030845,172.217.194.0-255,5738,158915,76,199609
15604,0.030851,172.31.40.0-255,66,158981,76,199609
15605,0.033421,172.217.194.0-255,5738,164719,76,199609
15606,0.033434,172.31.40.0-255,66,164785,76,199609
15607,0.036043,172.217.194.0-255,5738,170523,76,199609
15608,0.03605,172.31.40.0-255,66,170589,76,199609
15609,0.038616,172.217.194.0-255,5738,176327,76,199609
15610,0.038623,172.31.40.0-255,66,176393,76,199609
15611,0.041164,172.217.194.0-255,5738,182131,76,199609
15612,0.041171,172.31.40.0-255,66,182197,76,199609
15613,0.043746,172.217.194.0-255,5738,187935,76,199609
15614,0.043753,172.31.40.0-255,66,188001,76,199609
15615,0.046318,172.217.194.0-255,5738,193739,76,199609
15616,0.046328,172.31.40.0-255,66,193805,76,199609
15617,0.048894,172.217.194.0-255,5738,199543,76,199609
15618,0.0489,172.31.40.0-255,66,199609,76,199609
15619,0.0,172.217.194.0-255,219,219,76,234359
15620,1.7e-05,172.31.40.0-255,66,285,76,234359
15621,2.4e-05,172.217.194.0-255,1484,1769,76,234359
15622,2.9e-05,172.31.40.0-255,66,1835,76,234359
15623,3.5e-05,172.217.194.0-255,2902,4737,76,234359
15624,4.9e-05,172.31.40.0-255,66,4803,76,234359
15625,5.6e-05,172.217.194.0-255,5738,10541,76,234359
15626,5.9e-05,172.31.40.0-255,66,10607,76,234359
15627,6.6e-05,172.217.194.0-255,5738,16345,76,234359
15628,6.9e-05,172.31.40.0-255,66,16411,76,234359
15629,0.000115,172.31.40.0-255,66,16477,76,234359
15630,0.000121,172.217.194.0-255,6797,23274,76,234359
15631,0.000123,172.31.40.0-255,66,23340,76,234359
15632,0.000126,172.217.194.0-255,1484,24824,76,234359
15633,0.000129,172.31.40.0-255,66,24890,76,234359
15634,0.00016,172.217.194.0-255,2902,27792,76,234359
15635,0.000163,172.31.40.0-255,66,27858,76,234359
15636,0.000169,172.217.194.0-255,5738,33596,76,234359
15637,0.000171,172.31.40.0-255,66,33662,76,234359
15638,0.000175,172.217.194.0-255,2902,36564,76,234359
15639,0.000177,172.31.40.0-255,66,36630,76,234359
15640,0.000224,172.31.40.0-255,66,36696,76,234359
15641,0.000236,172.31.40.0-255,66,36762,76,234359
15642,0.000239,172.217.194.0-255,341,37103,76,234359
15643,0.000241,172.31.40.0-255,66,37169,76,234359
15644,0.000295,172.217.194.0-255,120,37289,76,234359
15645,0.000298,172.31.40.0-255,66,37355,76,234359
15646,0.000314,172.217.194.0-255,380,37735,76,234359
15647,0.000316,172.31.40.0-255,66,37801,76,234359
15648,0.000924,172.217.194.0-255,1484,39285,76,234359
15649,0.000931,172.217.194.0-255,2902,42187,76,234359
15650,0.000935,172.31.40.0-255,66,42253,76,234359
15651,0.000965,172.217.194.0-255,5738,47991,76,234359
15652,0.000967,172.31.40.0-255,66,48057,76,234359
15653,0.000986,172.217.194.0-255,4320,52377,76,234359
15654,0.000988,172.31.40.0-255,66,52443,76,234359
15655,0.001019,172.217.194.0-255,2902,55345,76,234359
15656,0.001022,172.31.40.0-255,66,55411,76,234359
15657,0.001033,172.31.40.0-255,66,55477,76,234359
15658,0.001043,172.31.40.0-255,66,55543,76,234359
15659,0.001068,172.217.194.0-255,1484,57027,76,234359
15660,0.001127,172.217.194.0-255,2902,59929,76,234359
15661,0.00113,172.31.40.0-255,66,59995,76,234359
15662,0.001136,172.217.194.0-255,5738,65733,76,234359
15663,0.001138,172.31.40.0-255,66,65799,76,234359
15664,0.001144,172.217.194.0-255,5738,71537,76,234359
15665,0.001147,172.31.40.0-255,66,71603,76,234359
15666,0.001178,172.31.40.0-255,66,71669,76,234359
15667,0.001213,172.217.194.0-255,4320,75989,76,234359
15668,0.001216,172.31.40.0-255,66,76055,76,234359
15669,0.001222,172.217.194.0-255,5020,81075,76,234359
15670,0.001224,172.31.40.0-255,66,81141,76,234359
15671,0.001265,172.31.40.0-255,66,81207,76,234359
15672,0.001295,172.217.194.0-255,7156,88363,76,234359
15673,0.001301,172.217.194.0-255,5738,94101,76,234359
15674,0.001307,172.217.194.0-255,5738,99839,76,234359
15675,0.00131,172.31.40.0-255,66,99905,76,234359
15676,0.001314,172.31.40.0-255,66,99971,76,234359
15677,0.001316,172.31.40.0-255,66,100037,76,234359
15678,0.001336,172.217.194.0-255,2184,102221,76,234359
15679,0.001338,172.31.40.0-255,66,102287,76,234359
15680,0.001356,172.217.194.0-255,1484,103771,76,234359
15681,0.00136,172.217.194.0-255,1484,105255,76,234359
15682,0.001362,172.31.40.0-255,66,105321,76,234359
15683,0.001384,172.217.194.0-255,1484,106805,76,234359
15684,0.001391,172.217.194.0-255,5738,112543,76,234359
15685,0.001393,172.31.40.0-255,66,112609,76,234359
15686,0.001431,172.31.40.0-255,66,112675,76,234359
15687,0.001459,172.217.194.0-255,5738,118413,76,234359
15688,0.001462,172.31.40.0-255,66,118479,76,234359
15689,0.00149,172.217.194.0-255,6438,124917,76,234359
15690,0.001493,172.31.40.0-255,66,124983,76,234359
15691,0.001523,172.217.194.0-255,1484,126467,76,234359
15692,0.001526,172.217.194.0-255,1484,127951,76,234359
15693,0.001529,172.31.40.0-255,66,128017,76,234359
15694,0.001552,172.217.194.0-255,1484,129501,76,234359
15695,0.001558,172.217.194.0-255,5738,135239,76,234359
15696,0.001561,172.31.40.0-255,66,135305,76,234359
15697,0.00157,172.217.194.0-255,7156,142461,76,234359
15698,0.001572,172.31.40.0-255,66,142527,76,234359
15699,0.001578,172.217.194.0-255,5738,148265,76,234359
15700,0.00158,172.31.40.0-255,66,148331,76,234359
15701,0.00161,172.217.194.0-255,2902,151233,76,234359
15702,0.001613,172.31.40.0-255,66,151299,76,234359
15703,0.001618,172.217.194.0-255,2902,154201,76,234359
15704,0.00162,172.31.40.0-255,66,154267,76,234359
15705,0.001648,172.217.194.0-255,5020,159287,76,234359
15706,0.001652,172.31.40.0-255,66,159353,76,234359
15707,0.001713,172.31.40.0-255,66,159419,76,234359
15708,0.001722,172.217.194.0-255,1484,160903,76,234359
15709,0.001847,172.31.40.0-255,66,160969,76,234359
15710,0.001872,172.217.194.0-255,1484,162453,76,234359
15711,0.0019,172.217.194.0-255,2902,165355,76,234359
15712,0.00191,172.31.40.0-255,66,165421,76,234359
15713,0.001931,172.217.194.0-255,5738,171159,76,234359
15714,0.001949,172.217.194.0-255,4320,175479,76,234359
15715,0.001964,172.31.40.0-255,66,175545,76,234359
15716,0.001977,172.217.194.0-255,6438,181983,76,234359
15717,0.001986,172.31.40.0-255,66,182049,76,234359
15718,0.002027,172.217.194.0-255,1484,183533,76,234359
15719,0.002032,172.217.194.0-255,2902,186435,76,234359
15720,0.002053,172.217.194.0-255,5738,192173,76,234359
15721,0.002056,172.31.40.0-255,66,192239,76,234359
15722,0.002061,172.31.40.0-255,66,192305,76,234359
15723,0.0021,172.217.194.0-255,5738,198043,76,234359
15724,0.002112,172.31.40.0-255,66,198109,76,234359
15725,0.002131,172.217.194.0-255,4320,202429,76,234359
15726,0.002133,172.217.194.0-255,766,203195,76,234359
15727,0.002151,172.217.194.0-255,1484,204679,76,234359
15728,0.002157,172.217.194.0-255,2902,207581,76,234359
15729,0.002172,172.217.194.0-255,1484,209065,76,234359
15730,0.002177,172.217.194.0-255,2902,211967,76,234359
15731,0.002203,172.217.194.0-255,7156,219123,76,234359
15732,0.002209,172.217.194.0-255,7156,226279,76,234359
15733,0.002212,172.31.40.0-255,66,226345,76,234359
15734,0.002218,172.31.40.0-255,66,226411,76,234359
15735,0.002248,172.217.194.0-255,2902,229313,76,234359
15736,0.002262,172.31.40.0-255,66,229379,76,234359
15737,0.002294,172.217.194.0-255,97,229476,76,234359
15738,0.002312,172.31.40.0-255,66,229542,76,234359
15739,0.002314,172.217.194.0-255,105,229647,76,234359
15740,0.010184,172.31.40.0-255,66,229713,76,234359
15741,0.010231,172.31.40.0-255,105,229818,76,234359
15742,0.012821,172.217.194.0-255,66,229884,76,234359
15743,0.043628,172.31.40.0-255,172,230056,76,234359
15744,0.043664,172.31.40.0-255,1110,231166,76,234359
15745,0.043724,172.31.40.0-255,1514,232680,76,234359
15746,0.043726,172.31.40.0-255,1307,233987,76,234359
15747,0.045186,104.244.42.0-255,66,234053,76,234359
15748,0.045201,104.244.42.0-255,66,234119,76,234359
15749,0.045263,104.244.42.0-255,66,234185,76,234359
15750,0.046312,104.244.42.0-255,108,234293,76,234359
15751,0.046335,172.31.40.0-255,66,234359,76,234359
15752,0.0,172.217.194.0-255,153,153,76,222458
15753,2.3e-05,172.31.40.0-255,66,219,76,222458
15754,3e-05,172.217.194.0-255,1484,1703,76,222458
15755,3.6e-05,172.31.40.0-255,66,1769,76,222458
15756,4.2e-05,172.217.194.0-255,2902,4671,76,222458
15757,4.5e-05,172.31.40.0-255,66,4737,76,222458
15758,5.2e-05,172.217.194.0-255,7156,11893,76,222458
15759,5.6e-05,172.31.40.0-255,66,11959,76,222458
15760,6e-05,172.217.194.0-255,2138,14097,76,222458
15761,6.4e-05,172.31.40.0-255,66,14163,76,222458
15762,6.9e-05,172.217.194.0-255,2902,17065,76,222458
15763,7.2e-05,172.31.40.0-255,66,17131,76,222458
15764,0.000102,172.217.194.0-255,7156,24287,76,222458
15765,0.000105,172.31.40.0-255,66,24353,76,222458
15766,0.000129,172.217.194.0-255,2902,27255,76,222458
15767,0.000131,172.31.40.0-255,66,27321,76,222458
15768,0.000137,172.217.194.0-255,3961,31282,76,222458
15769,0.00014,172.31.40.0-255,66,31348,76,222458
15770,0.000189,172.217.194.0-255,1484,32832,76,222458
15771,0.000191,172.31.40.0-255,66,32898,76,222458
15772,0.000206,172.217.194.0-255,2902,35800,76,222458
15773,0.00021,172.31.40.0-255,66,35866,76,222458
15774,0.000226,172.217.194.0-255,5738,41604,76,222458
15775,0.000229,172.31.40.0-255,66,41670,76,222458
15776,0.000247,172.217.194.0-255,2902,44572,76,222458
15777,0.000249,172.31.40.0-255,66,44638,76,222458
15778,0.000274,172.217.194.0-255,7156,51794,76,222458
15779,0.000277,172.31.40.0-255,66,51860,76,222458
15780,0.000303,172.217.194.0-255,3961,55821,76,222458
15781,0.000306,172.31.40.0-255,66,55887,76,222458
15782,0.000318,172.31.40.0-255,66,55953,76,222458
15783,0.000321,172.217.194.0-255,341,56294,76,222458
15784,0.000607,172.217.194.0-255,111,56405,76,222458
15785,0.000845,172.217.194.0-255,387,56792,76,222458
15786,0.000992,172.217.194.0-255,1484,58276,76,222458
15787,0.000998,172.31.40.0-255,66,58342,76,222458
15788,0.001004,172.217.194.0-255,2902,61244,76,222458
15789,0.001007,172.31.40.0-255,66,61310,76,222458
15790,0.001031,172.217.194.0-255,5738,67048,76,222458
15791,0.001033,172.31.40.0-255,66,67114,76,222458
15792,0.001041,172.217.194.0-255,7156,74270,76,222458
15793,0.001043,172.31.40.0-255,66,74336,76,222458
15794,0.001059,172.217.194.0-255,2902,77238,76,222458
15795,0.001061,172.31.40.0-255,66,77304,76,222458
15796,0.001065,172.217.194.0-255,1484,78788,76,222458
15797,0.001106,172.31.40.0-255,66,78854,76,222458
15798,0.001273,172.217.194.0-255,1484,80338,76,222458
15799,0.001288,172.217.194.0-255,2902,83240,76,222458
15800,0.001291,172.31.40.0-255,66,83306,76,222458
15801,0.001295,172.217.194.0-255,1484,84790,76,222458
15802,0.001314,172.217.194.0-255,4320,89110,76,222458
15803,0.001317,172.31.40.0-255,66,89176,76,222458
15804,0.001323,172.217.194.0-255,4320,93496,76,222458
15805,0.001325,172.31.40.0-255,66,93562,76,222458
15806,0.001359,172.217.194.0-255,7156,100718,76,222458
15807,0.001363,172.31.40.0-255,66,100784,76,222458
15808,0.001382,172.217.194.0-255,1484,102268,76,222458
15809,0.001396,172.31.40.0-255,66,102334,76,222458
15810,0.001528,172.217.194.0-255,1484,103818,76,222458
15811,0.00155,172.217.194.0-255,2902,106720,76,222458
15812,0.001554,172.31.40.0-255,66,106786,76,222458
15813,0.001561,172.217.194.0-255,5738,112524,76,222458
15814,0.001563,172.31.40.0-255,66,112590,76,222458
15815,0.001566,172.217.194.0-255,1484,114074,76,222458
15816,0.001591,172.31.40.0-255,66,114140,76,222458
15817,0.001603,172.31.40.0-255,66,114206,76,222458
15818,0.001619,172.217.194.0-255,766,114972,76,222458
15819,0.0021,172.31.40.0-255,66,115038,76,222458
15820,0.004279,172.217.194.0-255,4320,119358,76,222458
15821,0.004307,172.31.40.0-255,66,119424,76,222458
15822,0.004714,172.217.194.0-255,1484,120908,76,222458
15823,0.00692,172.217.194.0-255,4320,125228,76,222458
15824,0.006925,172.31.40.0-255,66,125294,76,222458
15825,0.009548,172.217.194.0-255,5738,131032,76,222458
15826,0.009558,172.31.40.0-255,66,131098,76,222458
15827,0.012173,172.217.194.0-255,5738,136836,76,222458
15828,0.012183,172.31.40.0-255,66,136902,76,222458
15829,0.014831,172.217.194.0-255,5738,142640,76,222458
15830,0.01484,172.31.40.0-255,66,142706,76,222458
15831,0.017478,172.217.194.0-255,5738,148444,76,222458
15832,0.017488,172.31.40.0-255,66,148510,76,222458
15833,0.020137,172.217.194.0-255,5738,154248,76,222458
15834,0.020143,172.31.40.0-255,66,154314,76,222458
15835,0.022767,172.217.194.0-255,5738,160052,76,222458
15836,0.02278,172.31.40.0-255,66,160118,76,222458
15837,0.025414,172.217.194.0-255,5738,165856,76,222458
15838,0.025425,172.31.40.0-255,66,165922,76,222458
15839,0.028065,172.217.194.0-255,5738,171660,76,222458
15840,0.028082,172.31.40.0-255,66,171726,76,222458
15841,0.030734,172.217.194.0-255,5738,177464,76,222458
15842,0.030754,172.31.40.0-255,66,177530,76,222458
15843,0.033405,172.217.194.0-255,5738,183268,76,222458
15844,0.033424,172.31.40.0-255,66,183334,76,222458
15845,0.036058,172.217.194.0-255,5738,189072,76,222458
15846,0.03607,172.31.40.0-255,66,189138,76,222458
15847,0.036503,172.31.40.0-255,172,189310,76,222458
15848,0.036536,172.31.40.0-255,1110,190420,76,222458
15849,0.036594,172.31.40.0-255,1514,191934,76,222458
15850,0.036596,172.31.40.0-255,1306,193240,76,222458
15851,0.038094,104.244.42.0-255,66,193306,76,222458
15852,0.038111,104.244.42.0-255,66,193372,76,222458
15853,0.038114,104.244.42.0-255,66,193438,76,222458
15854,0.038682,172.217.194.0-255,5738,199176,76,222458
15855,0.038695,172.31.40.0-255,66,199242,76,222458
15856,0.041381,172.217.194.0-255,5738,204980,76,222458
15857,0.041401,172.31.40.0-255,66,205046,76,222458
15858,0.044055,172.217.194.0-255,5738,210784,76,222458
15859,0.044076,172.31.40.0-255,66,210850,76,222458
15860,0.046721,172.217.194.0-255,5738,216588,76,222458
15861,0.04674,172.31.40.0-255,66,216654,76,222458
15862,0.04939,172.217.194.0-255,5738,222392,76,222458
15863,0.049409,172.31.40.0-255,66,222458,76,222458
15864,0.0,172.217.194.0-255,152,152,76,142485
15865,2.1e-05,172.31.40.0-255,66,218,76,142485
15866,2.8e-05,172.217.194.0-255,1484,1702,76,142485
15867,3.2e-05,172.31.40.0-255,66,1768,76,142485
15868,3.9e-05,172.217.194.0-255,2902,4670,76,142485
15869,5.1e-05,172.31.40.0-255,66,4736,76,142485
15870,5.7e-05,172.217.194.0-255,5738,10474,76,142485
15871,6e-05,172.31.40.0-255,66,10540,76,142485
15872,7.4e-05,172.31.40.0-255,66,10606,76,142485
15873,0.000113,172.217.194.0-255,2023,12629,76,142485
15874,0.000116,172.31.40.0-255,66,12695,76,142485
15875,0.000124,172.217.194.0-255,6797,19492,76,142485
15876,0.000132,172.31.40.0-255,66,19558,76,142485
15877,0.000183,172.217.194.0-255,1484,21042,76,142485
15878,0.000186,172.31.40.0-255,66,21108,76,142485
15879,0.000191,172.217.194.0-255,2902,24010,76,142485
15880,0.000193,172.31.40.0-255,66,24076,76,142485
15881,0.000196,172.217.194.0-255,1484,25560,76,142485
15882,0.000198,172.31.40.0-255,66,25626,76,142485
15883,0.000217,172.217.194.0-255,4320,29946,76,142485
15884,0.000219,172.31.40.0-255,66,30012,76,142485
15885,0.000229,172.217.194.0-255,5738,35750,76,142485
15886,0.000232,172.31.40.0-255,66,35816,76,142485
15887,0.000268,172.217.194.0-255,7156,42972,76,142485
15888,0.00027,172.217.194.0-255,1484,44456,76,142485
15889,0.000273,172.217.194.0-255,1484,45940,76,142485
15890,0.000277,172.31.40.0-255,66,46006,76,142485
15891,0.000283,172.31.40.0-255,66,46072,76,142485
15892,0.000286,172.31.40.0-255,66,46138,76,142485
15893,0.000303,172.31.40.0-255,66,46204,76,142485
15894,0.000457,172.217.194.0-255,116,46320,76,142485
15895,0.000743,172.217.194.0-255,1484,47804,76,142485
15896,0.000748,172.31.40.0-255,66,47870,76,142485
15897,0.000755,172.217.194.0-255,2902,50772,76,142485
15898,0.000757,172.31.40.0-255,66,50838,76,142485
15899,0.000763,172.217.194.0-255,4320,55158,76,142485
15900,0.000769,172.31.40.0-255,66,55224,76,142485
15901,0.000793,172.217.194.0-255,1484,56708,76,142485
15902,0.000811,172.31.40.0-255,66,56774,76,142485
15903,0.000823,172.31.40.0-255,66,56840,76,142485
15904,0.000856,172.217.194.0-255,766,57606,76,142485
15905,0.001106,172.217.194.0-255,1484,59090,76,142485
15906,0.00111,172.31.40.0-255,66,59156,76,142485
15907,0.001116,172.217.194.0-255,2902,62058,76,142485
15908,0.001118,172.31.40.0-255,66,62124,76,142485
15909,0.001124,172.217.194.0-255,4320,66444,76,142485
15910,0.001133,172.31.40.0-255,66,66510,76,142485
15911,0.001159,172.217.194.0-255,1484,67994,76,142485
15912,0.001171,172.217.194.0-255,7156,75150,76,142485
15913,0.001174,172.31.40.0-255,66,75216,76,142485
15914,0.001185,172.31.40.0-255,66,75282,76,142485
15915,0.001215,172.217.194.0-255,5738,81020,76,142485
15916,0.001219,172.31.40.0-255,66,81086,76,142485
15917,0.001246,172.217.194.0-255,2184,83270,76,142485
15918,0.001249,172.31.40.0-255,66,83336,76,142485
15919,0.001266,172.217.194.0-255,1484,84820,76,142485
15920,0.00127,172.217.194.0-255,2902,87722,76,142485
15921,0.001273,172.31.40.0-255,66,87788,76,142485
15922,0.001308,172.217.194.0-255,2902,90690,76,142485
15923,0.001311,172.31.40.0-255,66,90756,76,142485
15924,0.001332,172.217.194.0-255,2902,93658,76,142485
15925,0.001336,172.31.40.0-255,66,93724,76,142485
15926,0.001346,172.217.194.0-255,5738,99462,76,142485
15927,0.001348,172.31.40.0-255,66,99528,76,142485
15928,0.001369,172.217.194.0-255,5738,105266,76,142485
15929,0.001372,172.31.40.0-255,66,105332,76,142485
15930,0.001409,172.217.194.0-255,2902,108234,76,142485
15931,0.001412,172.31.40.0-255,66,108300,76,142485
15932,0.001423,172.31.40.0-255,66,108366,76,142485
15933,0.001566,172.217.194.0-255,1484,109850,76,142485
15934,0.001572,172.217.194.0-255,2902,112752,76,142485
15935,0.001575,172.31.40.0-255,66,112818,76,142485
15936,0.001582,172.217.194.0-255,5738,118556,76,142485
15937,0.001584,172.31.40.0-255,66,118622,76,142485
15938,0.001637,172.31.40.0-255,66,118688,76,142485
15939,0.001656,172.31.40.0-255,66,118754,76,142485
15940,0.001715,172.217.194.0-255,1484,120238,76,142485
15941,0.00172,172.217.194.0-255,2902,123140,76,142485
15942,0.001725,172.31.40.0-255,66,123206,76,142485
15943,0.001737,172.217.194.0-255,5738,128944,76,142485
15944,0.001739,172.31.40.0-255,66,129010,76,142485
15945,0.001784,172.31.40.0-255,66,129076,76,142485
15946,0.001804,172.31.40.0-255,66,129142,76,142485
15947,0.001887,172.31.40.0-255,66,129208,76,142485
15948,0.001894,172.31.40.0-255,66,129274,76,142485
15949,0.002099,172.217.194.0-255,3602,132876,76,142485
15950,0.002102,172.217.194.0-255,1484,134360,76,142485
15951,0.002146,172.217.194.0-255,105,134465,76,142485
15952,0.002157,172.31.40.0-255,66,134531,76,142485
15953,0.004512,172.31.40.0-255,105,134636,76,142485
15954,0.006902,172.217.194.0-255,66,134702,76,142485
15955,0.031024,172.31.40.0-255,171,134873,76,142485
15956,0.031058,172.31.40.0-255,1133,136006,76,142485
15957,0.031123,172.31.40.0-255,1514,137520,76,142485
15958,0.031125,172.31.40.0-255,1514,139034,76,142485
15959,0.03113,172.31.40.0-255,1514,140548,76,142485
15960,0.031131,172.31.40.0-255,1514,142062,76,142485
15961,0.031152,172.31.40.0-255,159,142221,76,142485
15962,0.032605,104.244.42.0-255,66,142287,76,142485
15963,0.032793,104.244.42.0-255,66,142353,76,142485
15964,0.032813,104.244.42.0-255,66,142419,76,142485
15965,0.032826,104.244.42.0-255,66,142485,76,142485
15966,0.0,74.125.68.0-255,146,146,76,219517
15967,2.5e-05,172.31.40.0-255,66,212,76,219517
15968,3.1e-05,74.125.68.0-255,1484,1696,76,219517
15969,3.5e-05,172.31.40.0-255,66,1762,76,219517
15970,4e-05,74.125.68.0-255,2902,4664,76,219517
15971,4.2e-05,172.31.40.0-255,66,4730,76,219517
15972,6.5e-05,74.125.68.0-255,2902,7632,76,219517
15973,6.7e-05,172.31.40.0-255,66,7698,76,219517
15974,7.4e-05,74.125.68.0-255,4320,12018,76,219517
15975,7.6e-05,172.31.40.0-255,66,12084,76,219517
15976,0.000107,74.125.68.0-255,2138,14222,76,219517
15977,0.00011,172.31.40.0-255,66,14288,76,219517
15978,0.000155,74.125.68.0-255,1484,15772,76,219517
15979,0.000158,172.31.40.0-255,66,15838,76,219517
15980,0.000177,74.125.68.0-255,2902,18740,76,219517
15981,0.000181,172.31.40.0-255,66,18806,76,219517
15982,0.000187,74.125.68.0-255,5738,24544,76,219517
15983,0.000189,172.31.40.0-255,66,24610,76,219517
15984,0.000213,74.125.68.0-255,6797,31407,76,219517
15985,0.000216,172.31.40.0-255,66,31473,76,219517
15986,0.000308,74.125.68.0-255,1484,32957,76,219517
15987,0.000312,172.31.40.0-255,66,33023,76,219517
15988,0.000317,74.125.68.0-255,2902,35925,76,219517
15989,0.00032,172.31.40.0-255,66,35991,76,219517
15990,0.000343,74.125.68.0-255,5738,41729,76,219517
15991,0.000347,172.31.40.0-255,66,41795,76,219517
15992,0.000369,74.125.68.0-255,4320,46115,76,219517
15993,0.000373,172.31.40.0-255,66,46181,76,219517
15994,0.000376,74.125.68.0-255,1484,47665,76,219517
15995,0.000378,172.31.40.0-255,66,47731,76,219517
15996,0.000404,74.125.68.0-255,3961,51692,76,219517
15997,0.000408,172.31.40.0-255,66,51758,76,219517
15998,0.000415,74.125.68.0-255,5738,57496,76,219517
15999,0.000418,172.31.40.0-255,66,57562,76,219517
16000,0.000454,74.125.68.0-255,7156,64718,76,219517
16001,0.000457,172.31.40.0-255,66,64784,76,219517
16002,0.00046,74.125.68.0-255,1125,65909,76,219517
16003,0.000463,172.31.40.0-255,66,65975,76,219517
16004,0.001602,74.125.68.0-255,646,66621,76,219517
16005,0.001608,172.31.40.0-255,66,66687,76,219517
16006,0.00178,74.125.68.0-255,1484,68171,76,219517
16007,0.001782,172.31.40.0-255,66,68237,76,219517
16008,0.001802,74.125.68.0-255,2902,71139,76,219517
16009,0.001804,172.31.40.0-255,66,71205,76,219517
16010,0.00181,74.125.68.0-255,4320,75525,76,219517
16011,0.001811,172.31.40.0-255,66,75591,76,219517
16012,0.001825,74.125.68.0-255,1484,77075,76,219517
16013,0.001827,172.31.40.0-255,66,77141,76,219517
16014,0.001831,74.125.68.0-255,2902,80043,76,219517
16015,0.001833,172.31.40.0-255,66,80109,76,219517
16016,0.001843,172.31.40.0-255,66,80175,76,219517
16017,0.001872,74.125.68.0-255,1484,81659,76,219517
16018,0.001874,172.31.40.0-255,66,81725,76,219517
16019,0.001885,172.31.40.0-255,66,81791,76,219517
16020,0.001887,74.125.68.0-255,766,82557,76,219517
16021,0.001889,172.31.40.0-255,66,82623,76,219517
16022,0.003934,74.125.68.0-255,2902,85525,76,219517
16023,0.003936,172.31.40.0-255,66,85591,76,219517
16024,0.003963,74.125.68.0-255,2902,88493,76,219517
16025,0.005378,172.31.40.0-255,66,88559,76,219517
16026,0.006004,74.125.68.0-255,2902,91461,76,219517
16027,0.006009,172.31.40.0-255,66,91527,76,219517
16028,0.007448,74.125.68.0-255,2902,94429,76,219517
16029,0.007454,172.31.40.0-255,66,94495,76,219517
16030,0.008065,74.125.68.0-255,2902,97397,76,219517
16031,0.008071,172.31.40.0-255,66,97463,76,219517
16032,0.009518,74.125.68.0-255,2902,100365,76,219517
16033,0.009523,172.31.40.0-255,66,100431,76,219517
16034,0.01013,74.125.68.0-255,2902,103333,76,219517
16035,0.010136,172.31.40.0-255,66,103399,76,219517
16036,0.011596,74.125.68.0-255,2902,106301,76,219517
16037,0.011602,172.31.40.0-255,66,106367,76,219517
16038,0.012209,74.125.68.0-255,2902,109269,76,219517
16039,0.012216,172.31.40.0-255,66,109335,76,219517
16040,0.01368,74.125.68.0-255,2902,112237,76,219517
16041,0.013686,172.31.40.0-255,66,112303,76,219517
16042,0.014286,74.125.68.0-255,2902,115205,76,219517
16043,0.014292,172.31.40.0-255,66,115271,76,219517
16044,0.015749,74.125.68.0-255,2902,118173,76,219517
16045,0.015756,172.31.40.0-255,66,118239,76,219517
16046,0.016359,74.125.68.0-255,2902,121141,76,219517
16047,0.016366,172.31.40.0-255,66,121207,76,219517
16048,0.017828,74.125.68.0-255,2902,124109,76,219517
16049,0.017835,172.31.40.0-255,66,124175,76,219517
16050,0.018453,74.125.68.0-255,2902,127077,76,219517
16051,0.018459,172.31.40.0-255,66,127143,76,219517
16052,0.019916,74.125.68.0-255,2902,130045,76,219517
16053,0.019923,172.31.40.0-255,66,130111,76,219517
16054,0.020524,74.125.68.0-255,2902,133013,76,219517
16055,0.02053,172.31.40.0-255,66,133079,76,219517
16056,0.021786,172.31.40.0-255,172,133251,76,219517
16057,0.021815,172.31.40.0-255,1110,134361,76,219517
16058,0.021854,172.31.40.0-255,1514,135875,76,219517
16059,0.021856,172.31.40.0-255,340,136215,76,219517
16060,0.021995,74.125.68.0-255,2902,139117,76,219517
16061,0.022,172.31.40.0-255,66,139183,76,219517
16062,0.022602,74.125.68.0-255,2902,142085,76,219517
16063,0.022609,172.31.40.0-255,66,142151,76,219517
16064,0.023312,104.244.42.0-255,66,142217,76,219517
16065,0.02338,104.244.42.0-255,66,142283,76,219517
16066,0.023425,104.244.42.0-255,66,142349,76,219517
16067,0.024065,74.125.68.0-255,2902,145251,76,219517
16068,0.024068,172.31.40.0-255,66,145317,76,219517
16069,0.024673,74.125.68.0-255,2902,148219,76,219517
16070,0.024678,172.31.40.0-255,66,148285,76,219517
16071,0.026156,74.125.68.0-255,2902,151187,76,219517
16072,0.026161,172.31.40.0-255,66,151253,76,219517
16073,0.026757,74.125.68.0-255,2902,154155,76,219517
16074,0.026761,172.31.40.0-255,66,154221,76,219517
16075,0.028238,74.125.68.0-255,2902,157123,76,219517
16076,0.028244,172.31.40.0-255,66,157189,76,219517
16077,0.028825,74.125.68.0-255,2902,160091,76,219517
16078,0.02883,172.31.40.0-255,66,160157,76,219517
16079,0.030314,74.125.68.0-255,2902,163059,76,219517
16080,0.030318,172.31.40.0-255,66,163125,76,219517
16081,0.0309,74.125.68.0-255,2902,166027,76,219517
16082,0.030904,172.31.40.0-255,66,166093,76,219517
16083,0.032379,74.125.68.0-255,2902,168995,76,219517
16084,0.032383,172.31.40.0-255,66,169061,76,219517
16085,0.032962,74.125.68.0-255,2902,171963,76,219517
16086,0.032966,172.31.40.0-255,66,172029,76,219517
16087,0.034442,74.125.68.0-255,2902,174931,76,219517
16088,0.034447,172.31.40.0-255,66,174997,76,219517
16089,0.035037,74.125.68.0-255,2902,177899,76,219517
16090,0.035042,172.31.40.0-255,66,177965,76,219517
16091,0.036514,74.125.68.0-255,2902,180867,76,219517
16092,0.036519,172.31.40.0-255,66,180933,76,219517
16093,0.037102,74.125.68.0-255,2902,183835,76,219517
16094,0.037107,172.31.40.0-255,66,183901,76,219517
16095,0.038606,74.125.68.0-255,2902,186803,76,219517
16096,0.038611,172.31.40.0-255,66,186869,76,219517
16097,0.039176,74.125.68.0-255,2902,189771,76,219517
16098,0.039181,172.31.40.0-255,66,189837,76,219517
16099,0.040684,74.125.68.0-255,2902,192739,76,219517
16100,0.040688,172.31.40.0-255,66,192805,76,219517
16101,0.041247,74.125.68.0-255,2902,195707,76,219517
16102,0.041251,172.31.40.0-255,66,195773,76,219517
16103,0.042753,74.125.68.0-255,2902,198675,76,219517
16104,0.042775,172.31.40.0-255,66,198741,76,219517
16105,0.043319,74.125.68.0-255,2902,201643,76,219517
16106,0.043325,172.31.40.0-255,66,201709,76,219517
16107,0.044827,74.125.68.0-255,2902,204611,76,219517
16108,0.044833,172.31.40.0-255,66,204677,76,219517
16109,0.045393,74.125.68.0-255,2902,207579,76,219517
16110,0.045399,172.31.40.0-255,66,207645,76,219517
16111,0.0469,74.125.68.0-255,2902,210547,76,219517
16112,0.046906,172.31.40.0-255,66,210613,76,219517
16113,0.04747,74.125.68.0-255,2902,213515,76,219517
16114,0.047475,172.31.40.0-255,66,213581,76,219517
16115,0.048963,74.125.68.0-255,2902,216483,76,219517
16116,0.048968,172.31.40.0-255,66,216549,76,219517
16117,0.049539,74.125.68.0-255,2902,219451,76,219517
16118,0.049545,172.31.40.0-255,66,219517,76,219517
16119,0.0,74.125.130.0-255,153,153,76,245682
16120,2.4e-05,172.31.40.0-255,66,219,76,245682
16121,3.2e-05,74.125.130.0-255,1484,1703,76,245682
16122,3.6e-05,172.31.40.0-255,66,1769,76,245682
16123,4.2e-05,74.125.130.0-255,2902,4671,76,245682
16124,4.6e-05,172.31.40.0-255,66,4737,76,245682
16125,6.2e-05,74.125.130.0-255,7156,11893,76,245682
16126,6.5e-05,172.31.40.0-255,66,11959,76,245682
16127,6.9e-05,74.125.130.0-255,2062,14021,76,245682
16128,7.2e-05,172.31.40.0-255,66,14087,76,245682
16129,0.000222,74.125.130.0-255,1484,15571,76,245682
16130,0.000226,172.31.40.0-255,66,15637,76,245682
16131,0.000232,74.125.130.0-255,2902,18539,76,245682
16132,0.000234,172.31.40.0-255,66,18605,76,245682
16133,0.000272,74.125.130.0-255,5738,24343,76,245682
16134,0.000275,172.31.40.0-255,66,24409,76,245682
16135,0.000282,74.125.130.0-255,6797,31206,76,245682
16136,0.000284,172.31.40.0-255,66,31272,76,245682
16137,0.000318,172.31.40.0-255,66,31338,76,245682
16138,0.000341,74.125.130.0-255,1484,32822,76,245682
16139,0.000343,172.31.40.0-255,66,32888,76,245682
16140,0.000377,74.125.130.0-255,6797,39685,76,245682
16141,0.00038,172.31.40.0-255,66,39751,76,245682
16142,0.001035,74.125.130.0-255,1484,41235,76,245682
16143,0.001041,172.31.40.0-255,66,41301,76,245682
16144,0.00105,74.125.130.0-255,2902,44203,76,245682
16145,0.001052,172.31.40.0-255,66,44269,76,245682
16146,0.001063,74.125.130.0-255,2902,47171,76,245682
16147,0.001065,172.31.40.0-255,66,47237,76,245682
16148,0.001096,74.125.130.0-255,2902,50139,76,245682
16149,0.001098,172.31.40.0-255,66,50205,76,245682
16150,0.001106,74.125.130.0-255,6797,57002,76,245682
16151,0.001109,172.31.40.0-255,66,57068,76,245682
16152,0.001111,74.125.130.0-255,646,57714,76,245682
16153,0.001157,74.125.130.0-255,1484,59198,76,245682
16154,0.00116,172.31.40.0-255,66,59264,76,245682
16155,0.001164,74.125.130.0-255,1484,60748,76,245682
16156,0.001199,74.125.130.0-255,1484,62232,76,245682
16157,0.001202,172.31.40.0-255,66,62298,76,245682
16158,0.001209,74.125.130.0-255,5738,68036,76,245682
16159,0.001211,172.31.40.0-255,66,68102,76,245682
16160,0.001225,172.31.40.0-255,66,68168,76,245682
16161,0.00123,74.125.130.0-255,4320,72488,76,245682
16162,0.001232,172.31.40.0-255,66,72554,76,245682
16163,0.001268,74.125.130.0-255,5738,78292,76,245682
16164,0.001272,172.31.40.0-255,66,78358,76,245682
16165,0.001275,74.125.130.0-255,766,79124,76,245682
16166,0.001846,74.125.130.0-255,1484,80608,76,245682
16167,0.001853,172.31.40.0-255,66,80674,76,245682
16168,0.001861,74.125.130.0-255,2902,83576,76,245682
16169,0.001863,172.31.40.0-255,66,83642,76,245682
16170,0.00187,74.125.130.0-255,5738,89380,76,245682
16171,0.001878,172.31.40.0-255,66,89446,76,245682
16172,0.001883,74.125.130.0-255,4320,93766,76,245682
16173,0.001885,172.31.40.0-255,66,93832,76,245682
16174,0.001919,172.31.40.0-255,66,93898,76,245682
16175,0.001953,74.125.130.0-255,1484,95382,76,245682
16176,0.001992,74.125.130.0-255,1484,96866,76,245682
16177,0.001995,74.125.130.0-255,1484,98350,76,245682
16178,0.002007,74.125.130.0-255,1484,99834,76,245682
16179,0.002033,74.125.130.0-255,5738,105572,76,245682
16180,0.002038,74.125.130.0-255,2902,108474,76,245682
16181,0.002073,74.125.130.0-255,7156,115630,76,245682
16182,0.002087,74.125.130.0-255,2184,117814,76,245682
16183,0.00213,74.125.130.0-255,1484,119298,76,245682
16184,0.002146,74.125.130.0-255,2902,122200,76,245682
16185,0.00216,74.125.130.0-255,4320,126520,76,245682
16186,0.002173,74.125.130.0-255,1484,128004,76,245682
16187,0.002178,74.125.130.0-255,4320,132324,76,245682
16188,0.002235,74.125.130.0-255,766,133090,76,245682
16189,0.002309,74.125.130.0-255,1484,134574,76,245682
16190,0.002313,74.125.130.0-255,2902,137476,76,245682
16191,0.002328,74.125.130.0-255,2902,140378,76,245682
16192,0.002348,74.125.130.0-255,2902,143280,76,245682
16193,0.00236,74.125.130.0-255,1484,144764,76,245682
16194,0.0024,74.125.130.0-255,2184,146948,76,245682
16195,0.003744,172.31.40.0-255,66,147014,76,245682
16196,0.006333,74.125.130.0-255,5738,152752,76,245682
16197,0.00634,172.31.40.0-255,66,152818,76,245682
16198,0.008917,74.125.130.0-255,5738,158556,76,245682
16199,0.008925,172.31.40.0-255,66,158622,76,245682
16200,0.011511,74.125.130.0-255,5738,164360,76,245682
16201,0.011524,172.31.40.0-255,66,164426,76,245682
16202,0.01412,74.125.130.0-255,5738,170164,76,245682
16203,0.014134,172.31.40.0-255,66,170230,76,245682
16204,0.016729,74.125.130.0-255,5738,175968,76,245682
16205,0.016749,172.31.40.0-255,66,176034,76,245682
16206,0.019351,74.125.130.0-255,5738,181772,76,245682
16207,0.019366,172.31.40.0-255,66,181838,76,245682
16208,0.02196,74.125.130.0-255,5738,187576,76,245682
16209,0.021978,172.31.40.0-255,66,187642,76,245682
16210,0.024561,74.125.130.0-255,5738,193380,76,245682
16211,0.024579,172.31.40.0-255,66,193446,76,245682
16212,0.02722,74.125.130.0-255,5738,199184,76,245682
16213,0.02724,172.31.40.0-255,66,199250,76,245682
16214,0.029821,74.125.130.0-255,5738,204988,76,245682
16215,0.029831,172.31.40.0-255,66,205054,76,245682
16216,0.032415,74.125.130.0-255,5738,210792,76,245682
16217,0.032423,172.31.40.0-255,66,210858,76,245682
16218,0.035036,74.125.130.0-255,5738,216596,76,245682
16219,0.035055,172.31.40.0-255,66,216662,76,245682
16220,0.037649,74.125.130.0-255,5738,222400,76,245682
16221,0.037662,172.31.40.0-255,66,222466,76,245682
16222,0.040246,74.125.130.0-255,5738,228204,76,245682
16223,0.040263,172.31.40.0-255,66,228270,76,245682
16224,0.042867,74.125.130.0-255,5738,234008,76,245682
16225,0.042874,172.31.40.0-255,66,234074,76,245682
16226,0.045448,74.125.130.0-255,5738,239812,76,245682
16227,0.045455,172.31.40.0-255,66,239878,76,245682
16228,0.048041,74.125.130.0-255,5738,245616,76,245682
16229,0.048048,172.31.40.0-255,66,245682,76,245682
16230,0.0,74.125.24.0-255,298,298,76,207056
16231,2.5e-05,172.31.40.0-255,66,364,76,207056
16232,3.2e-05,74.125.24.0-255,1484,1848,76,207056
16233,3.6e-05,172.31.40.0-255,66,1914,76,207056
16234,4.3e-05,74.125.24.0-255,4320,6234,76,207056
16235,4.6e-05,172.31.40.0-255,66,6300,76,207056
16236,5.3e-05,74.125.24.0-255,7156,13456,76,207056
16237,5.6e-05,172.31.40.0-255,66,13522,76,207056
16238,5.9e-05,74.125.24.0-255,286,13808,76,207056
16239,6.2e-05,172.31.40.0-255,66,13874,76,207056
16240,0.000154,74.125.24.0-255,1484,15358,76,207056
16241,0.000157,172.31.40.0-255,66,15424,76,207056
16242,0.000161,74.125.24.0-255,1484,16908,76,207056
16243,0.000163,172.31.40.0-255,66,16974,76,207056
16244,0.000177,74.125.24.0-255,1484,18458,76,207056
16245,0.00018,172.31.40.0-255,66,18524,76,207056
16246,0.000185,74.125.24.0-255,2902,21426,76,207056
16247,0.000187,172.31.40.0-255,66,21492,76,207056
16248,0.000205,74.125.24.0-255,2902,24394,76,207056
16249,0.000207,172.31.40.0-255,66,24460,76,207056
16250,0.000223,74.125.24.0-255,6797,31257,76,207056
16251,0.000225,172.31.40.0-255,66,31323,76,207056
16252,0.000247,74.125.24.0-255,1484,32807,76,207056
16253,0.000249,172.31.40.0-255,66,32873,76,207056
16254,0.000292,74.125.24.0-255,5738,38611,76,207056
16255,0.000295,172.31.40.0-255,66,38677,76,207056
16256,0.0003,74.125.24.0-255,2902,41579,76,207056
16257,0.000302,172.31.40.0-255,66,41645,76,207056
16258,0.000306,74.125.24.0-255,4320,45965,76,207056
16259,0.000309,172.31.40.0-255,66,46031,76,207056
16260,0.000311,74.125.24.0-255,1484,47515,76,207056
16261,0.000314,172.31.40.0-255,66,47581,76,207056
16262,0.000333,74.125.24.0-255,1125,48706,76,207056
16263,0.000885,172.31.40.0-255,66,48772,76,207056
16264,0.001254,74.125.24.0-255,1484,50256,76,207056
16265,0.001265,74.125.24.0-255,2902,53158,76,207056
16266,0.001285,74.125.24.0-255,2902,56060,76,207056
16267,0.001301,74.125.24.0-255,1484,57544,76,207056
16268,0.001639,74.125.24.0-255,1484,59028,76,207056
16269,0.001647,74.125.24.0-255,2902,61930,76,207056
16270,0.001651,74.125.24.0-255,2902,64832,76,207056
16271,0.001666,74.125.24.0-255,2902,67734,76,207056
16272,0.001688,74.125.24.0-255,4320,72054,76,207056
16273,0.001852,74.125.24.0-255,1484,73538,76,207056
16274,0.00186,74.125.24.0-255,2902,76440,76,207056
16275,0.001864,74.125.24.0-255,2902,79342,76,207056
16276,0.001877,74.125.24.0-255,2902,82244,76,207056
16277,0.001905,74.125.24.0-255,6682,88926,76,207056
16278,0.008605,172.31.40.0-255,66,88992,76,207056
16279,0.010642,74.125.24.0-255,5738,94730,76,207056
16280,0.010656,172.31.40.0-255,66,94796,76,207056
16281,0.012684,74.125.24.0-255,5738,100534,76,207056
16282,0.014507,172.31.40.0-255,66,100600,76,207056
16283,0.016566,74.125.24.0-255,5738,106338,76,207056
16284,0.016581,172.31.40.0-255,66,106404,76,207056
16285,0.018628,74.125.24.0-255,5738,112142,76,207056
16286,0.018639,172.31.40.0-255,66,112208,76,207056
16287,0.020655,74.125.24.0-255,5738,117946,76,207056
16288,0.020672,172.31.40.0-255,66,118012,76,207056
16289,0.022717,74.125.24.0-255,5738,123750,76,207056
16290,0.022733,172.31.40.0-255,66,123816,76,207056
16291,0.024761,74.125.24.0-255,5738,129554,76,207056
16292,0.024779,172.31.40.0-255,66,129620,76,207056
16293,0.026808,74.125.24.0-255,5738,135358,76,207056
16294,0.026827,172.31.40.0-255,66,135424,76,207056
16295,0.028855,74.125.24.0-255,5738,141162,76,207056
16296,0.028871,172.31.40.0-255,66,141228,76,207056
16297,0.030898,74.125.24.0-255,5738,146966,76,207056
16298,0.030907,172.31.40.0-255,66,147032,76,207056
16299,0.031412,172.31.40.0-255,176,147208,76,207056
16300,0.031442,172.31.40.0-255,1108,148316,76,207056
16301,0.031506,172.31.40.0-255,1514,149830,76,207056
16302,0.031509,172.31.40.0-255,1514,151344,76,207056
16303,0.031515,172.31.40.0-255,1514,152858,76,207056
16304,0.031516,172.31.40.0-255,1514,154372,76,207056
16305,0.031545,172.31.40.0-255,184,154556,76,207056
16306,0.032915,74.125.24.0-255,5738,160294,76,207056
16307,0.032924,172.31.40.0-255,66,160360,76,207056
16308,0.033,104.244.42.0-255,66,160426,76,207056
16309,0.033008,104.244.42.0-255,66,160492,76,207056
16310,0.033061,104.244.42.0-255,66,160558,76,207056
16311,0.033066,104.244.42.0-255,66,160624,76,207056
16312,0.034956,74.125.24.0-255,5738,166362,76,207056
16313,0.03497,172.31.40.0-255,66,166428,76,207056
16314,0.03698,74.125.24.0-255,5738,172166,76,207056
16315,0.036998,172.31.40.0-255,66,172232,76,207056
16316,0.039036,74.125.24.0-255,5738,177970,76,207056
16317,0.039046,172.31.40.0-255,66,178036,76,207056
16318,0.041091,74.125.24.0-255,5738,183774,76,207056
16319,0.041108,172.31.40.0-255,66,183840,76,207056
16320,0.043146,74.125.24.0-255,5738,189578,76,207056
16321,0.043161,172.31.40.0-255,66,189644,76,207056
16322,0.045169,74.125.24.0-255,5738,195382,76,207056
16323,0.045179,172.31.40.0-255,66,195448,76,207056
16324,0.047209,74.125.24.0-255,5738,201186,76,207056
16325,0.047219,172.31.40.0-255,66,201252,76,207056
16326,0.049248,74.125.24.0-255,5738,206990,76,207056
16327,0.049258,172.31.40.0-255,66,207056,76,207056
16328,0.0,172.217.194.0-255,153,153,76,223681
16329,2.1e-05,172.31.40.0-255,66,219,76,223681
16330,2.8e-05,172.217.194.0-255,1484,1703,76,223681
16331,3.3e-05,172.31.40.0-255,66,1769,76,223681
16332,3.8e-05,172.217.194.0-255,2902,4671,76,223681
16333,4.2e-05,172.31.40.0-255,66,4737,76,223681
16334,4.7e-05,172.217.194.0-255,4320,9057,76,223681
16335,5e-05,172.31.40.0-255,66,9123,76,223681
16336,7.2e-05,172.217.194.0-255,1484,10607,76,223681
16337,7.4e-05,172.31.40.0-255,66,10673,76,223681
16338,9.4e-05,172.217.194.0-255,3390,14063,76,223681
16339,9.7e-05,172.31.40.0-255,66,14129,76,223681
16340,0.00023,172.217.194.0-255,1484,15613,76,223681
16341,0.000234,172.31.40.0-255,66,15679,76,223681
16342,0.000239,172.217.194.0-255,2902,18581,76,223681
16343,0.000241,172.31.40.0-255,66,18647,76,223681
16344,0.000261,172.217.194.0-255,5738,24385,76,223681
16345,0.000264,172.31.40.0-255,66,24451,76,223681
16346,0.000294,172.217.194.0-255,6797,31248,76,223681
16347,0.000296,172.31.40.0-255,66,31314,76,223681
16348,0.000303,172.217.194.0-255,7156,38470,76,223681
16349,0.000305,172.31.40.0-255,66,38536,76,223681
16350,0.000342,172.217.194.0-255,5738,44274,76,223681
16351,0.000345,172.31.40.0-255,66,44340,76,223681
16352,0.000363,172.31.40.0-255,66,44406,76,223681
16353,0.000387,172.217.194.0-255,4320,48726,76,223681
16354,0.00039,172.31.40.0-255,66,48792,76,223681
16355,0.00042,172.31.40.0-255,66,48858,76,223681
16356,0.000826,172.217.194.0-255,367,49225,76,223681
16357,0.00083,172.31.40.0-255,66,49291,76,223681
16358,0.00114,172.217.194.0-255,1484,50775,76,223681
16359,0.001149,172.217.194.0-255,2902,53677,76,223681
16360,0.001153,172.31.40.0-255,66,53743,76,223681
16361,0.001159,172.217.194.0-255,2902,56645,76,223681
16362,0.00116,172.31.40.0-255,66,56711,76,223681
16363,0.001176,172.217.194.0-255,2902,59613,76,223681
16364,0.001178,172.31.40.0-255,66,59679,76,223681
16365,0.001208,172.31.40.0-255,66,59745,76,223681
16366,0.001212,172.217.194.0-255,2902,62647,76,223681
16367,0.001214,172.31.40.0-255,66,62713,76,223681
16368,0.001244,172.31.40.0-255,66,62779,76,223681
16369,0.001248,172.217.194.0-255,2184,64963,76,223681
16370,0.00125,172.31.40.0-255,66,65029,76,223681
16371,0.001371,172.217.194.0-255,376,65405,76,223681
16372,0.001465,172.217.194.0-255,1484,66889,76,223681
16373,0.00147,172.31.40.0-255,66,66955,76,223681
16374,0.001485,172.217.194.0-255,2902,69857,76,223681
16375,0.001487,172.31.40.0-255,66,69923,76,223681
16376,0.001491,172.217.194.0-255,2902,72825,76,223681
16377,0.001493,172.31.40.0-255,66,72891,76,223681
16378,0.001524,172.217.194.0-255,7156,80047,76,223681
16379,0.001527,172.31.40.0-255,66,80113,76,223681
16380,0.001551,172.217.194.0-255,7156,87269,76,223681
16381,0.001553,172.31.40.0-255,66,87335,76,223681
16382,0.001573,172.217.194.0-255,5738,93073,76,223681
16383,0.001574,172.31.40.0-255,66,93139,76,223681
16384,0.001603,172.217.194.0-255,6438,99577,76,223681
16385,0.001605,172.31.40.0-255,66,99643,76,223681
16386,0.003989,172.217.194.0-255,5738,105381,76,223681
16387,0.003994,172.31.40.0-255,66,105447,76,223681
16388,0.006376,172.217.194.0-255,5738,111185,76,223681
16389,0.006384,172.31.40.0-255,66,111251,76,223681
16390,0.008728,172.217.194.0-255,5738,116989,76,223681
16391,0.008736,172.31.40.0-255,66,117055,76,223681
16392,0.011105,172.217.194.0-255,5738,122793,76,223681
16393,0.011113,172.31.40.0-255,66,122859,76,223681
16394,0.01346,172.217.194.0-255,5738,128597,76,223681
16395,0.01347,172.31.40.0-255,66,128663,76,223681
16396,0.015857,172.217.194.0-255,5738,134401,76,223681
16397,0.015866,172.31.40.0-255,66,134467,76,223681
16398,0.018215,172.217.194.0-255,5738,140205,76,223681
16399,0.018222,172.31.40.0-255,66,140271,76,223681
16400,0.020595,172.217.194.0-255,5738,146009,76,223681
16401,0.020607,172.31.40.0-255,66,146075,76,223681
16402,0.02296,172.217.194.0-255,5738,151813,76,223681
16403,0.022969,172.31.40.0-255,66,151879,76,223681
16404,0.025353,172.217.194.0-255,5738,157617,76,223681
16405,0.025364,172.31.40.0-255,66,157683,76,223681
16406,0.027725,172.217.194.0-255,5738,163421,76,223681
16407,0.027731,172.31.40.0-255,66,163487,76,223681
16408,0.029349,172.31.40.0-255,172,163659,76,223681
16409,0.029387,172.31.40.0-255,1108,164767,76,223681
16410,0.029461,172.31.40.0-255,1514,166281,76,223681
16411,0.029463,172.31.40.0-255,1514,167795,76,223681
16412,0.029464,172.31.40.0-255,1514,169309,76,223681
16413,0.029465,172.31.40.0-255,1514,170823,76,223681
16414,0.029494,172.31.40.0-255,184,171007,76,223681
16415,0.030099,172.217.194.0-255,5738,176745,76,223681
16416,0.030106,172.31.40.0-255,66,176811,76,223681
16417,0.030889,104.244.42.0-255,66,176877,76,223681
16418,0.031004,104.244.42.0-255,66,176943,76,223681
16419,0.031046,104.244.42.0-255,66,177009,76,223681
16420,0.031058,104.244.42.0-255,66,177075,76,223681
16421,0.032475,172.217.194.0-255,5738,182813,76,223681
16422,0.032482,172.31.40.0-255,66,182879,76,223681
16423,0.033873,104.244.42.0-255,108,182987,76,223681
16424,0.033883,172.31.40.0-255,66,183053,76,223681
16425,0.034826,172.217.194.0-255,5738,188791,76,223681
16426,0.034831,172.31.40.0-255,66,188857,76,223681
16427,0.037178,172.217.194.0-255,5738,194595,76,223681
16428,0.037185,172.31.40.0-255,66,194661,76,223681
16429,0.039561,172.217.194.0-255,5738,200399,76,223681
16430,0.039569,172.31.40.0-255,66,200465,76,223681
16431,0.041935,172.217.194.0-255,5738,206203,76,223681
16432,0.041943,172.31.40.0-255,66,206269,76,223681
16433,0.044288,172.217.194.0-255,5738,212007,76,223681
16434,0.044295,172.31.40.0-255,66,212073,76,223681
16435,0.046659,172.217.194.0-255,5738,217811,76,223681
16436,0.046666,172.31.40.0-255,66,217877,76,223681
16437,0.049039,172.217.194.0-255,5738,223615,76,223681
16438,0.049058,172.31.40.0-255,66,223681,76,223681
16439,0.0,74.125.24.0-255,153,153,76,146516
16440,1.8e-05,172.31.40.0-255,66,219,76,146516
16441,2.6e-05,74.125.24.0-255,1484,1703,76,146516
16442,3e-05,172.31.40.0-255,66,1769,76,146516
16443,3.7e-05,74.125.24.0-255,2902,4671,76,146516
16444,4.9e-05,172.31.40.0-255,66,4737,76,146516
16445,5.5e-05,74.125.24.0-255,4320,9057,76,146516
16446,5.8e-05,172.31.40.0-255,66,9123,76,146516
16447,7.1e-05,172.31.40.0-255,66,9189,76,146516
16448,8.4e-05,172.31.40.0-255,66,9255,76,146516
16449,0.000104,74.125.24.0-255,1484,10739,76,146516
16450,0.000107,172.31.40.0-255,66,10805,76,146516
16451,0.000138,74.125.24.0-255,1125,11930,76,146516
16452,0.000141,172.31.40.0-255,66,11996,76,146516
16453,0.000165,74.125.24.0-255,1484,13480,76,146516
16454,0.000168,172.31.40.0-255,66,13546,76,146516
16455,0.000172,74.125.24.0-255,2902,16448,76,146516
16456,0.000174,172.31.40.0-255,66,16514,76,146516
16457,0.000179,74.125.24.0-255,2902,19416,76,146516
16458,0.000182,172.31.40.0-255,66,19482,76,146516
16459,0.000211,74.125.24.0-255,2902,22384,76,146516
16460,0.000214,172.31.40.0-255,66,22450,76,146516
16461,0.000226,172.31.40.0-255,66,22516,76,146516
16462,0.000267,74.125.24.0-255,2543,25059,76,146516
16463,0.000269,172.31.40.0-255,66,25125,76,146516
16464,0.00028,172.31.40.0-255,66,25191,76,146516
16465,0.000286,74.125.24.0-255,1399,26590,76,146516
16466,0.000288,172.31.40.0-255,66,26656,76,146516
16467,0.000314,74.125.24.0-255,129,26785,76,146516
16468,0.000491,74.125.24.0-255,1484,28269,76,146516
16469,0.000497,172.31.40.0-255,66,28335,76,146516
16470,0.000503,74.125.24.0-255,2902,31237,76,146516
16471,0.000505,172.31.40.0-255,66,31303,76,146516
16472,0.00051,74.125.24.0-255,4320,35623,76,146516
16473,0.000512,172.31.40.0-255,66,35689,76,146516
16474,0.000538,74.125.24.0-255,1484,37173,76,146516
16475,0.000546,74.125.24.0-255,1484,38657,76,146516
16476,0.000548,172.31.40.0-255,66,38723,76,146516
16477,0.000555,74.125.24.0-255,5738,44461,76,146516
16478,0.000557,172.31.40.0-255,66,44527,76,146516
16479,0.00059,74.125.24.0-255,3961,48488,76,146516
16480,0.000593,172.31.40.0-255,66,48554,76,146516
16481,0.000609,172.31.40.0-255,66,48620,76,146516
16482,0.000633,74.125.24.0-255,1388,50008,76,146516
16483,0.000943,74.125.24.0-255,1484,51492,76,146516
16484,0.000948,172.31.40.0-255,66,51558,76,146516
16485,0.000953,74.125.24.0-255,2902,54460,76,146516
16486,0.000955,172.31.40.0-255,66,54526,76,146516
16487,0.00096,74.125.24.0-255,2902,57428,76,146516
16488,0.000961,172.31.40.0-255,66,57494,76,146516
16489,0.000978,74.125.24.0-255,2902,60396,76,146516
16490,0.000981,172.31.40.0-255,66,60462,76,146516
16491,0.000985,74.125.24.0-255,2902,63364,76,146516
16492,0.000987,172.31.40.0-255,66,63430,76,146516
16493,0.000998,74.125.24.0-255,5738,69168,76,146516
16494,0.001003,172.31.40.0-255,66,69234,76,146516
16495,0.001033,74.125.24.0-255,4320,73554,76,146516
16496,0.001036,172.31.40.0-255,66,73620,76,146516
16497,0.001053,172.31.40.0-255,66,73686,76,146516
16498,0.001201,74.125.24.0-255,1484,75170,76,146516
16499,0.001217,74.125.24.0-255,2902,78072,76,146516
16500,0.00122,172.31.40.0-255,66,78138,76,146516
16501,0.001225,74.125.24.0-255,2902,81040,76,146516
16502,0.001227,172.31.40.0-255,66,81106,76,146516
16503,0.00125,74.125.24.0-255,2902,84008,76,146516
16504,0.001253,172.31.40.0-255,66,84074,76,146516
16505,0.001269,172.31.40.0-255,66,84140,76,146516
16506,0.001307,172.31.40.0-255,66,84206,76,146516
16507,0.001383,172.31.40.0-255,66,84272,76,146516
16508,0.001391,74.125.24.0-255,7156,91428,76,146516
16509,0.001393,172.31.40.0-255,66,91494,76,146516
16510,0.001411,172.31.40.0-255,66,91560,76,146516
16511,0.001415,74.125.24.0-255,2902,94462,76,146516
16512,0.001418,172.31.40.0-255,66,94528,76,146516
16513,0.001458,172.31.40.0-255,66,94594,76,146516
16514,0.001481,172.31.40.0-255,66,94660,76,146516
16515,0.001485,74.125.24.0-255,2902,97562,76,146516
16516,0.001487,172.31.40.0-255,66,97628,76,146516
16517,0.001521,74.125.24.0-255,4320,101948,76,146516
16518,0.001524,172.31.40.0-255,66,102014,76,146516
16519,0.001534,172.31.40.0-255,66,102080,76,146516
16520,0.001594,172.31.40.0-255,66,102146,76,146516
16521,0.001726,74.125.24.0-255,1484,103630,76,146516
16522,0.001731,74.125.24.0-255,2902,106532,76,146516
16523,0.001734,172.31.40.0-255,66,106598,76,146516
16524,0.001762,74.125.24.0-255,5738,112336,76,146516
16525,0.001765,172.31.40.0-255,66,112402,76,146516
16526,0.001809,172.31.40.0-255,66,112468,76,146516
16527,0.001822,172.31.40.0-255,66,112534,76,146516
16528,0.002118,74.125.24.0-255,1484,114018,76,146516
16529,0.002125,74.125.24.0-255,2902,116920,76,146516
16530,0.002129,172.31.40.0-255,66,116986,76,146516
16531,0.002133,74.125.24.0-255,2902,119888,76,146516
16532,0.002135,172.31.40.0-255,66,119954,76,146516
16533,0.00217,74.125.24.0-255,2902,122856,76,146516
16534,0.002173,172.31.40.0-255,66,122922,76,146516
16535,0.002183,172.31.40.0-255,66,122988,76,146516
16536,0.0022,172.31.40.0-255,66,123054,76,146516
16537,0.002206,74.125.24.0-255,5738,128792,76,146516
16538,0.002209,172.31.40.0-255,66,128858,76,146516
16539,0.002243,74.125.24.0-255,3602,132460,76,146516
16540,0.002246,172.31.40.0-255,66,132526,76,146516
16541,0.002257,172.31.40.0-255,66,132592,76,146516
16542,0.002308,172.31.40.0-255,66,132658,76,146516
16543,0.002344,74.125.24.0-255,6438,139096,76,146516
16544,0.002376,74.125.24.0-255,6814,145910,76,146516
16545,0.002379,74.125.24.0-255,105,146015,76,146516
16546,0.002385,172.31.40.0-255,66,146081,76,146516
16547,0.002388,172.31.40.0-255,66,146147,76,146516
16548,0.00239,172.31.40.0-255,66,146213,76,146516
16549,0.002393,172.31.40.0-255,66,146279,76,146516
16550,0.012498,172.31.40.0-255,66,146345,76,146516
16551,0.012555,172.31.40.0-255,105,146450,76,146516
16552,0.015056,74.125.24.0-255,66,146516,76,146516
16553,0.0,74.125.68.0-255,146,146,76,382015
16554,2.8e-05,172.31.40.0-255,66,212,76,382015
16555,3.5e-05,74.125.68.0-255,1484,1696,76,382015
16556,4e-05,172.31.40.0-255,66,1762,76,382015
16557,4.6e-05,74.125.68.0-255,2902,4664,76,382015
16558,4.9e-05,172.31.40.0-255,66,4730,76,382015
16559,5.5e-05,74.125.68.0-255,4320,9050,76,382015
16560,5.8e-05,172.31.40.0-255,66,9116,76,382015
16561,7.1e-05,74.125.68.0-255,1484,10600,76,382015
16562,7.4e-05,172.31.40.0-255,66,10666,76,382015
16563,0.000109,74.125.68.0-255,3403,14069,76,382015
16564,0.000113,172.31.40.0-255,66,14135,76,382015
16565,0.000156,74.125.68.0-255,4320,18455,76,382015
16566,0.000159,172.31.40.0-255,66,18521,76,382015
16567,0.000166,74.125.68.0-255,5738,24259,76,382015
16568,0.000168,172.31.40.0-255,66,24325,76,382015
16569,0.0002,74.125.68.0-255,2902,27227,76,382015
16570,0.000204,172.31.40.0-255,66,27293,76,382015
16571,0.000222,74.125.68.0-255,3961,31254,76,382015
16572,0.000225,172.31.40.0-255,66,31320,76,382015
16573,0.000239,74.125.68.0-255,2902,34222,76,382015
16574,0.000241,172.31.40.0-255,66,34288,76,382015
16575,0.000262,74.125.68.0-255,4320,38608,76,382015
16576,0.000264,172.31.40.0-255,66,38674,76,382015
16577,0.000269,74.125.68.0-255,4320,42994,76,382015
16578,0.000271,172.31.40.0-255,66,43060,76,382015
16579,0.000278,74.125.68.0-255,5379,48439,76,382015
16580,0.00028,172.31.40.0-255,66,48505,76,382015
16581,0.000329,74.125.68.0-255,1484,49989,76,382015
16582,0.000331,172.31.40.0-255,66,50055,76,382015
16583,0.000336,74.125.68.0-255,2902,52957,76,382015
16584,0.000338,172.31.40.0-255,66,53023,76,382015
16585,0.00035,74.125.68.0-255,2902,55925,76,382015
16586,0.000353,172.31.40.0-255,66,55991,76,382015
16587,0.000369,74.125.68.0-255,4320,60311,76,382015
16588,0.000372,172.31.40.0-255,66,60377,76,382015
16589,0.000404,74.125.68.0-255,1484,61861,76,382015
16590,0.00042,74.125.68.0-255,3961,65822,76,382015
16591,0.000422,172.31.40.0-255,66,65888,76,382015
16592,0.000441,74.125.68.0-255,648,66536,76,382015
16593,0.000454,74.125.68.0-255,1484,68020,76,382015
16594,0.000456,172.31.40.0-255,66,68086,76,382015
16595,0.000466,74.125.68.0-255,1484,69570,76,382015
16596,0.000478,74.125.68.0-255,2902,72472,76,382015
16597,0.00048,172.31.40.0-255,66,72538,76,382015
16598,0.000524,74.125.68.0-255,5738,78276,76,382015
16599,0.000526,172.31.40.0-255,66,78342,76,382015
16600,0.000544,74.125.68.0-255,4320,82662,76,382015
16601,0.000546,172.31.40.0-255,66,82728,76,382015
16602,0.000548,74.125.68.0-255,1125,83853,76,382015
16603,0.000568,74.125.68.0-255,1484,85337,76,382015
16604,0.00057,172.31.40.0-255,66,85403,76,382015
16605,0.000591,74.125.68.0-255,2902,88305,76,382015
16606,0.000593,172.31.40.0-255,66,88371,76,382015
16607,0.000596,74.125.68.0-255,1484,89855,76,382015
16608,0.000619,74.125.68.0-255,4320,94175,76,382015
16609,0.000621,172.31.40.0-255,66,94241,76,382015
16610,0.000625,74.125.68.0-255,2902,97143,76,382015
16611,0.000627,172.31.40.0-255,66,97209,76,382015
16612,0.000632,74.125.68.0-255,4320,101529,76,382015
16613,0.000634,172.31.40.0-255,66,101595,76,382015
16614,0.000666,172.31.40.0-255,66,101661,76,382015
16615,0.000671,74.125.68.0-255,5738,107399,76,382015
16616,0.000673,172.31.40.0-255,66,107465,76,382015
16617,0.000712,74.125.68.0-255,1633,109098,76,382015
16618,0.000715,172.31.40.0-255,66,109164,76,382015
16619,0.000875,74.125.68.0-255,1484,110648,76,382015
16620,0.000881,74.125.68.0-255,2902,113550,76,382015
16621,0.000884,172.31.40.0-255,66,113616,76,382015
16622,0.000887,74.125.68.0-255,1484,115100,76,382015
16623,0.000907,74.125.68.0-255,4320,119420,76,382015
16624,0.000909,172.31.40.0-255,66,119486,76,382015
16625,0.000914,74.125.68.0-255,4320,123806,76,382015
16626,0.000916,172.31.40.0-255,66,123872,76,382015
16627,0.000919,74.125.68.0-255,1484,125356,76,382015
16628,0.00094,74.125.68.0-255,4320,129676,76,382015
16629,0.000942,172.31.40.0-255,66,129742,76,382015
16630,0.000983,74.125.68.0-255,2184,131926,76,382015
16631,0.000989,172.31.40.0-255,66,131992,76,382015
16632,0.000991,172.31.40.0-255,66,132058,76,382015
16633,0.001219,74.125.68.0-255,1484,133542,76,382015
16634,0.001233,74.125.68.0-255,2902,136444,76,382015
16635,0.001236,172.31.40.0-255,66,136510,76,382015
16636,0.00124,74.125.68.0-255,1484,137994,76,382015
16637,0.00126,74.125.68.0-255,4320,142314,76,382015
16638,0.001263,172.31.40.0-255,66,142380,76,382015
16639,0.001269,74.125.68.0-255,5738,148118,76,382015
16640,0.00127,172.31.40.0-255,66,148184,76,382015
16641,0.001284,74.125.68.0-255,2902,151086,76,382015
16642,0.001286,172.31.40.0-255,66,151152,76,382015
16643,0.001329,74.125.68.0-255,4320,155472,76,382015
16644,0.001332,172.31.40.0-255,66,155538,76,382015
16645,0.001346,74.125.68.0-255,4320,159858,76,382015
16646,0.001348,172.31.40.0-255,66,159924,76,382015
16647,0.001374,74.125.68.0-255,4320,164244,76,382015
16648,0.001377,172.31.40.0-255,66,164310,76,382015
16649,0.001389,74.125.68.0-255,2184,166494,76,382015
16650,0.001391,172.31.40.0-255,66,166560,76,382015
16651,0.001418,74.125.68.0-255,1484,168044,76,382015
16652,0.001438,74.125.68.0-255,2902,170946,76,382015
16653,0.001441,172.31.40.0-255,66,171012,76,382015
16654,0.001471,74.125.68.0-255,1484,172496,76,382015
16655,0.001475,74.125.68.0-255,2902,175398,76,382015
16656,0.001478,172.31.40.0-255,66,175464,76,382015
16657,0.001491,74.125.68.0-255,2902,178366,76,382015
16658,0.001493,172.31.40.0-255,66,178432,76,382015
16659,0.001507,74.125.68.0-255,2902,181334,76,382015
16660,0.001509,172.31.40.0-255,66,181400,76,382015
16661,0.001543,172.31.40.0-255,66,181466,76,382015
16662,0.001583,74.125.68.0-255,7156,188622,76,382015
16663,0.001586,172.31.40.0-255,66,188688,76,382015
16664,0.001606,74.125.68.0-255,2184,190872,76,382015
16665,0.001608,172.31.40.0-255,66,190938,76,382015
16666,0.001642,74.125.68.0-255,1484,192422,76,382015
16667,0.001659,74.125.68.0-255,2902,195324,76,382015
16668,0.001661,172.31.40.0-255,66,195390,76,382015
16669,0.001666,74.125.68.0-255,2902,198292,76,382015
16670,0.001668,172.31.40.0-255,66,198358,76,382015
16671,0.001687,74.125.68.0-255,4320,202678,76,382015
16672,0.00169,172.31.40.0-255,66,202744,76,382015
16673,0.001708,74.125.68.0-255,4320,207064,76,382015
16674,0.00171,172.31.40.0-255,66,207130,76,382015
16675,0.001731,74.125.68.0-255,4320,211450,76,382015
16676,0.001737,74.125.68.0-255,5738,217188,76,382015
16677,0.00174,172.31.40.0-255,66,217254,76,382015
16678,0.001743,172.31.40.0-255,66,217320,76,382015
16679,0.001772,74.125.68.0-255,7156,224476,76,382015
16680,0.001775,172.31.40.0-255,66,224542,76,382015
16681,0.001777,74.125.68.0-255,766,225308,76,382015
16682,0.002029,74.125.68.0-255,1484,226792,76,382015
16683,0.002033,172.31.40.0-255,66,226858,76,382015
16684,0.002037,74.125.68.0-255,1484,228342,76,382015
16685,0.002053,74.125.68.0-255,1484,229826,76,382015
16686,0.002055,172.31.40.0-255,66,229892,76,382015
16687,0.002087,74.125.68.0-255,2902,232794,76,382015
16688,0.002089,172.31.40.0-255,66,232860,76,382015
16689,0.002116,74.125.68.0-255,2902,235762,76,382015
16690,0.002119,172.31.40.0-255,66,235828,76,382015
16691,0.002126,74.125.68.0-255,5738,241566,76,382015
16692,0.002127,172.31.40.0-255,66,241632,76,382015
16693,0.002134,74.125.68.0-255,7156,248788,76,382015
16694,0.002136,172.31.40.0-255,66,248854,76,382015
16695,0.002149,172.31.40.0-255,66,248920,76,382015
16696,0.002244,74.125.68.0-255,1484,250404,76,382015
16697,0.002258,74.125.68.0-255,2902,253306,76,382015
16698,0.002262,172.31.40.0-255,66,253372,76,382015
16699,0.002265,74.125.68.0-255,1484,254856,76,382015
16700,0.002279,74.125.68.0-255,4320,259176,76,382015
16701,0.002282,172.31.40.0-255,66,259242,76,382015
16702,0.002286,74.125.68.0-255,2902,262144,76,382015
16703,0.002288,172.31.40.0-255,66,262210,76,382015
16704,0.002293,74.125.68.0-255,2902,265112,76,382015
16705,0.002295,172.31.40.0-255,66,265178,76,382015
16706,0.002315,74.125.68.0-255,1484,266662,76,382015
16707,0.002321,74.125.68.0-255,5738,272400,76,382015
16708,0.002324,172.31.40.0-255,66,272466,76,382015
16709,0.002343,74.125.68.0-255,2902,275368,76,382015
16710,0.002345,172.31.40.0-255,66,275434,76,382015
16711,0.00235,74.125.68.0-255,4320,279754,76,382015
16712,0.002352,172.31.40.0-255,66,279820,76,382015
16713,0.004671,74.125.68.0-255,1484,281304,76,382015
16714,0.004691,74.125.68.0-255,4320,285624,76,382015
16715,0.004696,172.31.40.0-255,66,285690,76,382015
16716,0.007015,74.125.68.0-255,5738,291428,76,382015
16717,0.007021,172.31.40.0-255,66,291494,76,382015
16718,0.009335,74.125.68.0-255,5738,297232,76,382015
16719,0.009342,172.31.40.0-255,66,297298,76,382015
16720,0.011656,74.125.68.0-255,5738,303036,76,382015
16721,0.011662,172.31.40.0-255,66,303102,76,382015
16722,0.013991,74.125.68.0-255,5738,308840,76,382015
16723,0.014,172.31.40.0-255,66,308906,76,382015
16724,0.016327,74.125.68.0-255,5738,314644,76,382015
16725,0.016336,172.31.40.0-255,66,314710,76,382015
16726,0.018661,74.125.68.0-255,5738,320448,76,382015
16727,0.01867,172.31.40.0-255,66,320514,76,382015
16728,0.020986,74.125.68.0-255,5738,326252,76,382015
16729,0.020994,172.31.40.0-255,66,326318,76,382015
16730,0.023308,74.125.68.0-255,5738,332056,76,382015
16731,0.023316,172.31.40.0-255,66,332122,76,382015
16732,0.025656,74.125.68.0-255,5738,337860,76,382015
16733,0.025665,172.31.40.0-255,66,337926,76,382015
16734,0.027978,74.125.68.0-255,5738,343664,76,382015
16735,0.027985,172.31.40.0-255,66,343730,76,382015
16736,0.030297,74.125.68.0-255,5738,349468,76,382015
16737,0.030307,172.31.40.0-255,66,349534,76,382015
16738,0.032624,74.125.68.0-255,5738,355272,76,382015
16739,0.032632,172.31.40.0-255,66,355338,76,382015
16740,0.034939,74.125.68.0-255,5738,361076,76,382015
16741,0.034948,172.31.40.0-255,66,361142,76,382015
16742,0.037265,74.125.68.0-255,5738,366880,76,382015
16743,0.037273,172.31.40.0-255,66,366946,76,382015
16744,0.038262,172.31.40.0-255,172,367118,76,382015
16745,0.038293,172.31.40.0-255,1108,368226,76,382015
16746,0.038353,172.31.40.0-255,1514,369740,76,382015
16747,0.038355,172.31.40.0-255,1309,371049,76,382015
16748,0.039598,74.125.68.0-255,5738,376787,76,382015
16749,0.039607,172.31.40.0-255,66,376853,76,382015
16750,0.039762,104.244.42.0-255,66,376919,76,382015
16751,0.03981,104.244.42.0-255,66,376985,76,382015
16752,0.039909,104.244.42.0-255,66,377051,76,382015
16753,0.041929,74.125.68.0-255,4727,381778,76,382015
16754,0.041941,172.31.40.0-255,66,381844,76,382015
16755,0.042127,172.31.40.0-255,105,381949,76,382015
16756,0.044404,74.125.68.0-255,66,382015,76,382015
16757,0.0,172.217.194.0-255,290,290,76,222179
16758,2.2e-05,172.31.40.0-255,66,356,76,222179
16759,2.8e-05,172.217.194.0-255,1484,1840,76,222179
16760,3.2e-05,172.31.40.0-255,66,1906,76,222179
16761,3.8e-05,172.217.194.0-255,4320,6226,76,222179
16762,4.1e-05,172.31.40.0-255,66,6292,76,222179
16763,4.4e-05,172.217.194.0-255,1484,7776,76,222179
16764,4.6e-05,172.31.40.0-255,66,7842,76,222179
16765,7.5e-05,172.217.194.0-255,6091,13933,76,222179
16766,7.8e-05,172.31.40.0-255,66,13999,76,222179
16767,8.3e-05,172.217.194.0-255,4320,18319,76,222179
16768,8.5e-05,172.31.40.0-255,66,18385,76,222179
16769,0.000109,172.217.194.0-255,2902,21287,76,222179
16770,0.000111,172.31.40.0-255,66,21353,76,222179
16771,0.000144,172.31.40.0-255,66,21419,76,222179
16772,0.000433,172.217.194.0-255,1484,22903,76,222179
16773,0.000438,172.31.40.0-255,66,22969,76,222179
16774,0.000451,172.217.194.0-255,1484,24453,76,222179
16775,0.000455,172.31.40.0-255,66,24519,76,222179
16776,0.000478,172.217.194.0-255,1484,26003,76,222179
16777,0.000481,172.31.40.0-255,66,26069,76,222179
16778,0.000487,172.217.194.0-255,5738,31807,76,222179
16779,0.000489,172.31.40.0-255,66,31873,76,222179
16780,0.000499,172.31.40.0-255,66,31939,76,222179
16781,0.000535,172.217.194.0-255,5738,37677,76,222179
16782,0.000538,172.31.40.0-255,66,37743,76,222179
16783,0.000564,172.31.40.0-255,66,37809,76,222179
16784,0.000566,172.217.194.0-255,368,38177,76,222179
16785,0.000568,172.31.40.0-255,66,38243,76,222179
16786,0.000609,172.217.194.0-255,376,38619,76,222179
16787,0.000612,172.31.40.0-255,66,38685,76,222179
16788,0.000786,172.217.194.0-255,1484,40169,76,222179
16789,0.00079,172.31.40.0-255,66,40235,76,222179
16790,0.000795,172.217.194.0-255,2902,43137,76,222179
16791,0.000797,172.31.40.0-255,66,43203,76,222179
16792,0.0008,172.217.194.0-255,1484,44687,76,222179
16793,0.000801,172.31.40.0-255,66,44753,76,222179
16794,0.000825,172.217.194.0-255,4320,49073,76,222179
16795,0.000837,172.31.40.0-255,66,49139,76,222179
16796,0.000839,172.31.40.0-255,66,49205,76,222179
16797,0.000859,172.217.194.0-255,4320,53525,76,222179
16798,0.000862,172.217.194.0-255,2902,56427,76,222179
16799,0.000865,172.31.40.0-255,66,56493,76,222179
16800,0.000867,172.31.40.0-255,66,56559,76,222179
16801,0.000894,172.31.40.0-255,66,56625,76,222179
16802,0.001052,172.217.194.0-255,1484,58109,76,222179
16803,0.001056,172.217.194.0-255,2902,61011,76,222179
16804,0.001061,172.31.40.0-255,66,61077,76,222179
16805,0.001064,172.31.40.0-255,66,61143,76,222179
16806,0.001075,172.217.194.0-255,2902,64045,76,222179
16807,0.001077,172.31.40.0-255,66,64111,76,222179
16808,0.001098,172.217.194.0-255,2902,67013,76,222179
16809,0.0011,172.31.40.0-255,66,67079,76,222179
16810,0.00111,172.31.40.0-255,66,67145,76,222179
16811,0.001131,172.217.194.0-255,2902,70047,76,222179
16812,0.001134,172.31.40.0-255,66,70113,76,222179
16813,0.001144,172.31.40.0-255,66,70179,76,222179
16814,0.001193,172.217.194.0-255,5738,75917,76,222179
16815,0.001196,172.31.40.0-255,66,75983,76,222179
16816,0.001206,172.31.40.0-255,66,76049,76,222179
16817,0.001238,172.31.40.0-255,66,76115,76,222179
16818,0.001271,172.217.194.0-255,7156,83271,76,222179
16819,0.001274,172.31.40.0-255,66,83337,76,222179
16820,0.001289,172.217.194.0-255,2184,85521,76,222179
16821,0.001292,172.31.40.0-255,66,85587,76,222179
16822,0.001337,172.31.40.0-255,66,85653,76,222179
16823,0.001381,172.217.194.0-255,2902,88555,76,222179
16824,0.001386,172.31.40.0-255,66,88621,76,222179
16825,0.001415,172.31.40.0-255,66,88687,76,222179
16826,0.003463,172.217.194.0-255,5738,94425,76,222179
16827,0.003472,172.31.40.0-255,66,94491,76,222179
16828,0.005526,172.217.194.0-255,5738,100229,76,222179
16829,0.005532,172.31.40.0-255,66,100295,76,222179
16830,0.007596,172.217.194.0-255,5738,106033,76,222179
16831,0.007604,172.31.40.0-255,66,106099,76,222179
16832,0.009628,172.217.194.0-255,5738,111837,76,222179
16833,0.009635,172.31.40.0-255,66,111903,76,222179
16834,0.011671,172.217.194.0-255,5738,117641,76,222179
16835,0.011679,172.31.40.0-255,66,117707,76,222179
16836,0.013729,172.217.194.0-255,5738,123445,76,222179
16837,0.013743,172.31.40.0-255,66,123511,76,222179
16838,0.015783,172.217.194.0-255,5738,129249,76,222179
16839,0.015791,172.31.40.0-255,66,129315,76,222179
16840,0.017862,172.217.194.0-255,5738,135053,76,222179
16841,0.01787,172.31.40.0-255,66,135119,76,222179
16842,0.019928,172.217.194.0-255,5738,140857,76,222179
16843,0.019937,172.31.40.0-255,66,140923,76,222179
16844,0.022003,172.217.194.0-255,5738,146661,76,222179
16845,0.02202,172.31.40.0-255,66,146727,76,222179
16846,0.024082,172.217.194.0-255,5738,152465,76,222179
16847,0.024096,172.31.40.0-255,66,152531,76,222179
16848,0.026167,172.217.194.0-255,5738,158269,76,222179
16849,0.026183,172.31.40.0-255,66,158335,76,222179
16850,0.028248,172.217.194.0-255,5738,164073,76,222179
16851,0.028268,172.31.40.0-255,66,164139,76,222179
16852,0.030331,172.217.194.0-255,5738,169877,76,222179
16853,0.030341,172.31.40.0-255,66,169943,76,222179
16854,0.032393,172.217.194.0-255,5738,175681,76,222179
16855,0.032403,172.31.40.0-255,66,175747,76,222179
16856,0.034458,172.217.194.0-255,5738,181485,76,222179
16857,0.034473,172.31.40.0-255,66,181551,76,222179
16858,0.036561,172.217.194.0-255,5738,187289,76,222179
16859,0.036573,172.31.40.0-255,66,187355,76,222179
16860,0.03861,172.217.194.0-255,5738,193093,76,222179
16861,0.038618,172.31.40.0-255,66,193159,76,222179
16862,0.040693,172.217.194.0-255,5738,198897,76,222179
16863,0.040713,172.31.40.0-255,66,198963,76,222179
16864,0.042747,172.217.194.0-255,5738,204701,76,222179
16865,0.042756,172.31.40.0-255,66,204767,76,222179
16866,0.044846,172.217.194.0-255,5738,210505,76,222179
16867,0.044854,172.31.40.0-255,66,210571,76,222179
16868,0.04694,172.217.194.0-255,5738,216309,76,222179
16869,0.046949,172.31.40.0-255,66,216375,76,222179
16870,0.049015,172.217.194.0-255,5738,222113,76,222179
16871,0.049032,172.31.40.0-255,66,222179,76,222179
16872,0.0,74.125.200.0-255,152,152,76,316126
16873,2.3e-05,172.31.40.0-255,66,218,76,316126
16874,3e-05,74.125.200.0-255,1484,1702,76,316126
16875,3.5e-05,172.31.40.0-255,66,1768,76,316126
16876,4.1e-05,74.125.200.0-255,2902,4670,76,316126
16877,4.3e-05,172.31.40.0-255,66,4736,76,316126
16878,4.6e-05,74.125.200.0-255,1484,6220,76,316126
16879,4.9e-05,172.31.40.0-255,66,6286,76,316126
16880,5.4e-05,74.125.200.0-255,2902,9188,76,316126
16881,5.7e-05,172.31.40.0-255,66,9254,76,316126
16882,6.4e-05,74.125.200.0-255,4865,14119,76,316126
16883,6.7e-05,172.31.40.0-255,66,14185,76,316126
16884,7e-05,74.125.200.0-255,1484,15669,76,316126
16885,7.2e-05,172.31.40.0-255,66,15735,76,316126
16886,7.6e-05,74.125.200.0-255,2902,18637,76,316126
16887,7.8e-05,172.31.40.0-255,66,18703,76,316126
16888,8.5e-05,74.125.200.0-255,5738,24441,76,316126
16889,8.8e-05,172.31.40.0-255,66,24507,76,316126
16890,9.2e-05,74.125.200.0-255,2902,27409,76,316126
16891,9.4e-05,172.31.40.0-255,66,27475,76,316126
16892,9.9e-05,74.125.200.0-255,3961,31436,76,316126
16893,0.000102,172.31.40.0-255,66,31502,76,316126
16894,0.000112,172.31.40.0-255,66,31568,76,316126
16895,0.000137,74.125.200.0-255,1484,33052,76,316126
16896,0.00014,172.31.40.0-255,66,33118,76,316126
16897,0.000161,74.125.200.0-255,6797,39915,76,316126
16898,0.000163,172.31.40.0-255,66,39981,76,316126
16899,0.000196,74.125.200.0-255,2902,42883,76,316126
16900,0.000198,172.31.40.0-255,66,42949,76,316126
16901,0.000221,74.125.200.0-255,4320,47269,76,316126
16902,0.000223,172.31.40.0-255,66,47335,76,316126
16903,0.000245,74.125.200.0-255,2902,50237,76,316126
16904,0.000247,172.31.40.0-255,66,50303,76,316126
16905,0.00027,74.125.200.0-255,5738,56041,76,316126
16906,0.000273,172.31.40.0-255,66,56107,76,316126
16907,0.000276,74.125.200.0-255,1125,57232,76,316126
16908,0.000337,74.125.200.0-255,411,57643,76,316126
16909,0.00035,74.125.200.0-255,1484,59127,76,316126
16910,0.000353,172.31.40.0-255,66,59193,76,316126
16911,0.000358,74.125.200.0-255,2902,62095,76,316126
16912,0.00036,172.31.40.0-255,66,62161,76,316126
16913,0.000376,74.125.200.0-255,5738,67899,76,316126
16914,0.000378,172.31.40.0-255,66,67965,76,316126
16915,0.000414,74.125.200.0-255,7040,75005,76,316126
16916,0.000417,172.31.40.0-255,66,75071,76,316126
16917,0.000448,74.125.200.0-255,2902,77973,76,316126
16918,0.00045,172.31.40.0-255,66,78039,76,316126
16919,0.000455,74.125.200.0-255,2902,80941,76,316126
16920,0.000457,172.31.40.0-255,66,81007,76,316126
16921,0.000468,74.125.200.0-255,1484,82491,76,316126
16922,0.000483,74.125.200.0-255,4320,86811,76,316126
16923,0.000486,172.31.40.0-255,66,86877,76,316126
16924,0.00051,74.125.200.0-255,4320,91197,76,316126
16925,0.000512,172.31.40.0-255,66,91263,76,316126
16926,0.000514,74.125.200.0-255,1125,92388,76,316126
16927,0.00132,74.125.200.0-255,1484,93872,76,316126
16928,0.001324,172.31.40.0-255,66,93938,76,316126
16929,0.001373,74.125.200.0-255,2902,96840,76,316126
16930,0.001376,172.31.40.0-255,66,96906,76,316126
16931,0.001381,74.125.200.0-255,5738,102644,76,316126
16932,0.001383,172.31.40.0-255,66,102710,76,316126
16933,0.001386,74.125.200.0-255,2902,105612,76,316126
16934,0.001388,172.31.40.0-255,66,105678,76,316126
16935,0.001393,74.125.200.0-255,4320,109998,76,316126
16936,0.001395,172.31.40.0-255,66,110064,76,316126
16937,0.001404,172.31.40.0-255,66,110130,76,316126
16938,0.001409,74.125.200.0-255,5738,115868,76,316126
16939,0.001411,172.31.40.0-255,66,115934,76,316126
16940,0.00146,74.125.200.0-255,2184,118118,76,316126
16941,0.001462,172.31.40.0-255,66,118184,76,316126
16942,0.001496,74.125.200.0-255,2902,121086,76,316126
16943,0.001499,172.31.40.0-255,66,121152,76,316126
16944,0.001501,74.125.200.0-255,1484,122636,76,316126
16945,0.00152,74.125.200.0-255,2902,125538,76,316126
16946,0.001522,172.31.40.0-255,66,125604,76,316126
16947,0.001545,74.125.200.0-255,5738,131342,76,316126
16948,0.001547,172.31.40.0-255,66,131408,76,316126
16949,0.001564,74.125.200.0-255,4320,135728,76,316126
16950,0.001566,172.31.40.0-255,66,135794,76,316126
16951,0.001591,74.125.200.0-255,7156,142950,76,316126
16952,0.001593,172.31.40.0-255,66,143016,76,316126
16953,0.001624,74.125.200.0-255,7156,150172,76,316126
16954,0.001626,172.31.40.0-255,66,150238,76,316126
16955,0.001638,74.125.200.0-255,2184,152422,76,316126
16956,0.00164,172.31.40.0-255,66,152488,76,316126
16957,0.002092,74.125.200.0-255,1484,153972,76,316126
16958,0.0021,74.125.200.0-255,2902,156874,76,316126
16959,0.002103,172.31.40.0-255,66,156940,76,316126
16960,0.002109,74.125.200.0-255,2902,159842,76,316126
16961,0.002111,172.31.40.0-255,66,159908,76,316126
16962,0.002127,74.125.200.0-255,2902,162810,76,316126
16963,0.002129,172.31.40.0-255,66,162876,76,316126
16964,0.002133,74.125.200.0-255,2902,165778,76,316126
16965,0.002135,172.31.40.0-255,66,165844,76,316126
16966,0.002139,74.125.200.0-255,4320,170164,76,316126
16967,0.002141,172.31.40.0-255,66,170230,76,316126
16968,0.002175,172.31.40.0-255,66,170296,76,316126
16969,0.002182,74.125.200.0-255,5738,176034,76,316126
16970,0.002184,172.31.40.0-255,66,176100,76,316126
16971,0.002226,74.125.200.0-255,2184,178284,76,316126
16972,0.002229,172.31.40.0-255,66,178350,76,316126
16973,0.002453,74.125.200.0-255,1484,179834,76,316126
16974,0.002461,74.125.200.0-255,2902,182736,76,316126
16975,0.002465,172.31.40.0-255,66,182802,76,316126
16976,0.002489,74.125.200.0-255,2902,185704,76,316126
16977,0.002492,172.31.40.0-255,66,185770,76,316126
16978,0.002497,74.125.200.0-255,4320,190090,76,316126
16979,0.002499,172.31.40.0-255,66,190156,76,316126
16980,0.002522,172.31.40.0-255,66,190222,76,316126
16981,0.002527,74.125.200.0-255,4320,194542,76,316126
16982,0.002529,172.31.40.0-255,66,194608,76,316126
16983,0.002547,74.125.200.0-255,2902,197510,76,316126
16984,0.002549,172.31.40.0-255,66,197576,76,316126
16985,0.002564,74.125.200.0-255,1484,199060,76,316126
16986,0.002582,74.125.200.0-255,6438,205498,76,316126
16987,0.002584,172.31.40.0-255,66,205564,76,316126
16988,0.002589,74.125.200.0-255,2902,208466,76,316126
16989,0.002591,172.31.40.0-255,66,208532,76,316126
16990,0.005138,74.125.200.0-255,4320,212852,76,316126
16991,0.005145,172.31.40.0-255,66,212918,76,316126
16992,0.005161,74.125.200.0-255,1484,214402,76,316126
16993,0.007705,74.125.200.0-255,4320,218722,76,316126
16994,0.007711,172.31.40.0-255,66,218788,76,316126
16995,0.010292,74.125.200.0-255,5738,224526,76,316126
16996,0.010312,172.31.40.0-255,66,224592,76,316126
16997,0.012884,74.125.200.0-255,5738,230330,76,316126
16998,0.012898,172.31.40.0-255,66,230396,76,316126
16999,0.015474,74.125.200.0-255,5738,236134,76,316126
17000,0.015489,172.31.40.0-255,66,236200,76,316126
17001,0.018049,74.125.200.0-255,5738,241938,76,316126
17002,0.018056,172.31.40.0-255,66,242004,76,316126
17003,0.020621,74.125.200.0-255,5738,247742,76,316126
17004,0.020629,172.31.40.0-255,66,247808,76,316126
17005,0.023284,74.125.200.0-255,5738,253546,76,316126
17006,0.023294,172.31.40.0-255,66,253612,76,316126
17007,0.025859,74.125.200.0-255,5738,259350,76,316126
17008,0.025867,172.31.40.0-255,66,259416,76,316126
17009,0.02843,74.125.200.0-255,5738,265154,76,316126
17010,0.028441,172.31.40.0-255,66,265220,76,316126
17011,0.031022,74.125.200.0-255,5738,270958,76,316126
17012,0.031034,172.31.40.0-255,66,271024,76,316126
17013,0.033618,74.125.200.0-255,5738,276762,76,316126
17014,0.033636,172.31.40.0-255,66,276828,76,316126
17015,0.036203,74.125.200.0-255,5738,282566,76,316126
17016,0.036211,172.31.40.0-255,66,282632,76,316126
17017,0.038783,74.125.200.0-255,5738,288370,76,316126
17018,0.038793,172.31.40.0-255,66,288436,76,316126
17019,0.041379,74.125.200.0-255,5738,294174,76,316126
17020,0.041397,172.31.40.0-255,66,294240,76,316126
17021,0.043962,74.125.200.0-255,5738,299978,76,316126
17022,0.043975,172.31.40.0-255,66,300044,76,316126
17023,0.04542,172.31.40.0-255,172,300216,76,316126
17024,0.045453,172.31.40.0-255,1109,301325,76,316126
17025,0.045518,172.31.40.0-255,1514,302839,76,316126
17026,0.04552,172.31.40.0-255,1307,304146,76,316126
17027,0.046544,74.125.200.0-255,5738,309884,76,316126
17028,0.046554,172.31.40.0-255,66,309950,76,316126
17029,0.046974,104.244.42.0-255,66,310016,76,316126
17030,0.047019,104.244.42.0-255,66,310082,76,316126
17031,0.047061,104.244.42.0-255,66,310148,76,316126
17032,0.047795,104.244.42.0-255,108,310256,76,316126
17033,0.047806,172.31.40.0-255,66,310322,76,316126
17034,0.049116,74.125.200.0-255,5738,316060,76,316126
17035,0.049125,172.31.40.0-255,66,316126,76,316126
17036,0.0,74.125.24.0-255,153,153,76,315577
17037,2.7e-05,172.31.40.0-255,66,219,76,315577
17038,3.4e-05,74.125.24.0-255,1484,1703,76,315577
17039,3.8e-05,172.31.40.0-255,66,1769,76,315577
17040,4.3e-05,74.125.24.0-255,2902,4671,76,315577
17041,4.6e-05,172.31.40.0-255,66,4737,76,315577
17042,5.1e-05,74.125.24.0-255,4320,9057,76,315577
17043,5.3e-05,172.31.40.0-255,66,9123,76,315577
17044,7.8e-05,74.125.24.0-255,1484,10607,76,315577
17045,8e-05,172.31.40.0-255,66,10673,76,315577
17046,8.7e-05,74.125.24.0-255,7156,17829,76,315577
17047,8.9e-05,172.31.40.0-255,66,17895,76,315577
17048,0.00011,74.125.24.0-255,6284,24179,76,315577
17049,0.000113,172.31.40.0-255,66,24245,76,315577
17050,0.000119,74.125.24.0-255,6797,31042,76,315577
17051,0.000121,172.31.40.0-255,66,31108,76,315577
17052,0.000179,74.125.24.0-255,1484,32592,76,315577
17053,0.000182,172.31.40.0-255,66,32658,76,315577
17054,0.000187,74.125.24.0-255,2902,35560,76,315577
17055,0.00019,172.31.40.0-255,66,35626,76,315577
17056,0.000217,74.125.24.0-255,5738,41364,76,315577
17057,0.00022,172.31.40.0-255,66,41430,76,315577
17058,0.000265,172.31.40.0-255,66,41496,76,315577
17059,0.000287,74.125.24.0-255,2543,44039,76,315577
17060,0.000289,172.31.40.0-255,66,44105,76,315577
17061,0.000302,172.31.40.0-255,66,44171,76,315577
17062,0.000304,74.125.24.0-255,112,44283,76,315577
17063,0.000307,172.31.40.0-255,66,44349,76,315577
17064,0.00031,74.125.24.0-255,331,44680,76,315577
17065,0.000312,172.31.40.0-255,66,44746,76,315577
17066,0.000685,74.125.24.0-255,1484,46230,76,315577
17067,0.000691,74.125.24.0-255,2902,49132,76,315577
17068,0.000695,172.31.40.0-255,66,49198,76,315577
17069,0.0007,74.125.24.0-255,2902,52100,76,315577
17070,0.000702,172.31.40.0-255,66,52166,76,315577
17071,0.000718,74.125.24.0-255,2902,55068,76,315577
17072,0.000721,172.31.40.0-255,66,55134,76,315577
17073,0.000727,74.125.24.0-255,7156,62290,76,315577
17074,0.000729,172.31.40.0-255,66,62356,76,315577
17075,0.000743,74.125.24.0-255,2902,65258,76,315577
17076,0.000746,172.31.40.0-255,66,65324,76,315577
17077,0.000792,172.31.40.0-255,66,65390,76,315577
17078,0.00081,74.125.24.0-255,2184,67574,76,315577
17079,0.000812,172.31.40.0-255,66,67640,76,315577
17080,0.001088,74.125.24.0-255,1484,69124,76,315577
17081,0.001094,74.125.24.0-255,2902,72026,76,315577
17082,0.001097,172.31.40.0-255,66,72092,76,315577
17083,0.001101,74.125.24.0-255,1484,73576,76,315577
17084,0.001125,74.125.24.0-255,4320,77896,76,315577
17085,0.001128,172.31.40.0-255,66,77962,76,315577
17086,0.001132,74.125.24.0-255,4320,82282,76,315577
17087,0.001134,172.31.40.0-255,66,82348,76,315577
17088,0.001138,74.125.24.0-255,2902,85250,76,315577
17089,0.00114,172.31.40.0-255,66,85316,76,315577
17090,0.001171,172.31.40.0-255,66,85382,76,315577
17091,0.001182,172.31.40.0-255,66,85448,76,315577
17092,0.001289,74.125.24.0-255,1484,86932,76,315577
17093,0.001293,74.125.24.0-255,1484,88416,76,315577
17094,0.001296,172.31.40.0-255,66,88482,76,315577
17095,0.001317,74.125.24.0-255,1484,89966,76,315577
17096,0.001323,74.125.24.0-255,5738,95704,76,315577
17097,0.001326,172.31.40.0-255,66,95770,76,315577
17098,0.001332,74.125.24.0-255,5738,101508,76,315577
17099,0.001334,172.31.40.0-255,66,101574,76,315577
17100,0.001338,74.125.24.0-255,2902,104476,76,315577
17101,0.00134,172.31.40.0-255,66,104542,76,315577
17102,0.001379,172.31.40.0-255,66,104608,76,315577
17103,0.00138,74.125.24.0-255,5020,109628,76,315577
17104,0.001383,172.31.40.0-255,66,109694,76,315577
17105,0.001421,74.125.24.0-255,5738,115432,76,315577
17106,0.001424,172.31.40.0-255,66,115498,76,315577
17107,0.00144,74.125.24.0-255,5738,121236,76,315577
17108,0.001443,172.31.40.0-255,66,121302,76,315577
17109,0.00146,74.125.24.0-255,1484,122786,76,315577
17110,0.001464,74.125.24.0-255,2902,125688,76,315577
17111,0.001467,172.31.40.0-255,66,125754,76,315577
17112,0.001505,172.31.40.0-255,66,125820,76,315577
17113,0.001512,74.125.24.0-255,6438,132258,76,315577
17114,0.001514,172.31.40.0-255,66,132324,76,315577
17115,0.001532,74.125.24.0-255,1484,133808,76,315577
17116,0.001547,74.125.24.0-255,2902,136710,76,315577
17117,0.00155,172.31.40.0-255,66,136776,76,315577
17118,0.001556,74.125.24.0-255,5738,142514,76,315577
17119,0.001558,172.31.40.0-255,66,142580,76,315577
17120,0.001589,172.31.40.0-255,66,142646,76,315577
17121,0.001602,74.125.24.0-255,2902,145548,76,315577
17122,0.001606,172.31.40.0-255,66,145614,76,315577
17123,0.001624,74.125.24.0-255,1484,147098,76,315577
17124,0.001658,172.31.40.0-255,66,147164,76,315577
17125,0.001846,74.125.24.0-255,1484,148648,76,315577
17126,0.00185,74.125.24.0-255,1484,150132,76,315577
17127,0.001854,172.31.40.0-255,66,150198,76,315577
17128,0.00187,74.125.24.0-255,1484,151682,76,315577
17129,0.001888,74.125.24.0-255,2902,154584,76,315577
17130,0.001892,172.31.40.0-255,66,154650,76,315577
17131,0.001897,74.125.24.0-255,4320,158970,76,315577
17132,0.001899,172.31.40.0-255,66,159036,76,315577
17133,0.001936,74.125.24.0-255,2902,161938,76,315577
17134,0.001939,172.31.40.0-255,66,162004,76,315577
17135,0.001981,74.125.24.0-255,5738,167742,76,315577
17136,0.001985,172.31.40.0-255,66,167808,76,315577
17137,0.001999,172.31.40.0-255,66,167874,76,315577
17138,0.002003,74.125.24.0-255,2184,170058,76,315577
17139,0.002005,172.31.40.0-255,66,170124,76,315577
17140,0.002063,74.125.24.0-255,1484,171608,76,315577
17141,0.002082,74.125.24.0-255,2902,174510,76,315577
17142,0.002085,172.31.40.0-255,66,174576,76,315577
17143,0.00209,74.125.24.0-255,2902,177478,76,315577
17144,0.002091,172.31.40.0-255,66,177544,76,315577
17145,0.002106,74.125.24.0-255,1484,179028,76,315577
17146,0.004166,74.125.24.0-255,4320,183348,76,315577
17147,0.00418,172.31.40.0-255,66,183414,76,315577
17148,0.006248,74.125.24.0-255,5738,189152,76,315577
17149,0.006258,172.31.40.0-255,66,189218,76,315577
17150,0.00831,74.125.24.0-255,5738,194956,76,315577
17151,0.008313,172.31.40.0-255,66,195022,76,315577
17152,0.010375,74.125.24.0-255,5738,200760,76,315577
17153,0.01038,172.31.40.0-255,66,200826,76,315577
17154,0.012432,74.125.24.0-255,5738,206564,76,315577
17155,0.012443,172.31.40.0-255,66,206630,76,315577
17156,0.014506,74.125.24.0-255,5738,212368,76,315577
17157,0.01452,172.31.40.0-255,66,212434,76,315577
17158,0.016578,74.125.24.0-255,5738,218172,76,315577
17159,0.016593,172.31.40.0-255,66,218238,76,315577
17160,0.018662,74.125.24.0-255,5738,223976,76,315577
17161,0.01867,172.31.40.0-255,66,224042,76,315577
17162,0.020749,74.125.24.0-255,5738,229780,76,315577
17163,0.020756,172.31.40.0-255,66,229846,76,315577
17164,0.022805,74.125.24.0-255,5738,235584,76,315577
17165,0.022813,172.31.40.0-255,66,235650,76,315577
17166,0.02487,74.125.24.0-255,5738,241388,76,315577
17167,0.024878,172.31.40.0-255,66,241454,76,315577
17168,0.026934,74.125.24.0-255,5738,247192,76,315577
17169,0.026939,172.31.40.0-255,66,247258,76,315577
17170,0.029005,74.125.24.0-255,5738,252996,76,315577
17171,0.029019,172.31.40.0-255,66,253062,76,315577
17172,0.031083,74.125.24.0-255,5738,258800,76,315577
17173,0.03109,172.31.40.0-255,66,258866,76,315577
17174,0.033178,74.125.24.0-255,5738,264604,76,315577
17175,0.033192,172.31.40.0-255,66,264670,76,315577
17176,0.035263,74.125.24.0-255,5738,270408,76,315577
17177,0.035276,172.31.40.0-255,66,270474,76,315577
17178,0.037338,74.125.24.0-255,5738,276212,76,315577
17179,0.037345,172.31.40.0-255,66,276278,76,315577
17180,0.039434,74.125.24.0-255,5738,282016,76,315577
17181,0.039466,172.31.40.0-255,66,282082,76,315577
17182,0.041551,74.125.24.0-255,5738,287820,76,315577
17183,0.041566,172.31.40.0-255,66,287886,76,315577
17184,0.043631,74.125.24.0-255,5738,293624,76,315577
17185,0.04364,172.31.40.0-255,66,293690,76,315577
17186,0.045321,172.31.40.0-255,172,293862,76,315577
17187,0.045349,172.31.40.0-255,1109,294971,76,315577
17188,0.045396,172.31.40.0-255,1514,296485,76,315577
17189,0.045398,172.31.40.0-255,1308,297793,76,315577
17190,0.045718,74.125.24.0-255,5738,303531,76,315577
17191,0.045725,172.31.40.0-255,66,303597,76,315577
17192,0.0469,104.244.42.0-255,66,303663,76,315577
17193,0.046934,104.244.42.0-255,66,303729,76,315577
17194,0.046988,104.244.42.0-255,66,303795,76,315577
17195,0.047599,104.244.42.0-255,108,303903,76,315577
17196,0.04762,172.31.40.0-255,66,303969,76,315577
17197,0.0478,74.125.24.0-255,5738,309707,76,315577
17198,0.047806,172.31.40.0-255,66,309773,76,315577
17199,0.049871,74.125.24.0-255,5738,315511,76,315577
17200,0.049888,172.31.40.0-255,66,315577,76,315577
17201,0.0,74.125.200.0-255,152,152,76,355468
17202,1.7e-05,172.31.40.0-255,66,218,76,355468
17203,2.2e-05,74.125.200.0-255,1484,1702,76,355468
17204,2.7e-05,172.31.40.0-255,66,1768,76,355468
17205,3.7e-05,74.125.200.0-255,2902,4670,76,355468
17206,4.2e-05,172.31.40.0-255,66,4736,76,355468
17207,4.5e-05,74.125.200.0-255,1484,6220,76,355468
17208,4.8e-05,172.31.40.0-255,66,6286,76,355468
17209,6.2e-05,74.125.200.0-255,1484,7770,76,355468
17210,6.5e-05,172.31.40.0-255,66,7836,76,355468
17211,7e-05,74.125.200.0-255,2902,10738,76,355468
17212,7.3e-05,172.31.40.0-255,66,10804,76,355468
17213,0.000103,74.125.200.0-255,1484,12288,76,355468
17214,0.000105,172.31.40.0-255,66,12354,76,355468
17215,0.000119,172.31.40.0-255,66,12420,76,355468
17216,0.000143,74.125.200.0-255,4320,16740,76,355468
17217,0.000145,172.31.40.0-255,66,16806,76,355468
17218,0.000171,74.125.200.0-255,5379,22185,76,355468
17219,0.000174,172.31.40.0-255,66,22251,76,355468
17220,0.00021,74.125.200.0-255,1484,23735,76,355468
17221,0.000211,172.31.40.0-255,66,23801,76,355468
17222,0.000216,74.125.200.0-255,2902,26703,76,355468
17223,0.000218,172.31.40.0-255,66,26769,76,355468
17224,0.00026,74.125.200.0-255,5738,32507,76,355468
17225,0.000262,172.31.40.0-255,66,32573,76,355468
17226,0.000265,74.125.200.0-255,1484,34057,76,355468
17227,0.000266,172.31.40.0-255,66,34123,76,355468
17228,0.00027,74.125.200.0-255,2902,37025,76,355468
17229,0.000272,172.31.40.0-255,66,37091,76,355468
17230,0.000279,74.125.200.0-255,1484,38575,76,355468
17231,0.00028,172.31.40.0-255,66,38641,76,355468
17232,0.000302,74.125.200.0-255,4320,42961,76,355468
17233,0.000307,74.125.200.0-255,4320,47281,76,355468
17234,0.000311,74.125.200.0-255,2902,50183,76,355468
17235,0.000317,172.31.40.0-255,66,50249,76,355468
17236,0.000331,74.125.200.0-255,2902,53151,76,355468
17237,0.000336,172.31.40.0-255,66,53217,76,355468
17238,0.000344,74.125.200.0-255,1484,54701,76,355468
17239,0.000358,74.125.200.0-255,2184,56885,76,355468
17240,0.000384,74.125.200.0-255,676,57561,76,355468
17241,0.000427,74.125.200.0-255,1484,59045,76,355468
17242,0.000437,74.125.200.0-255,1484,60529,76,355468
17243,0.000449,74.125.200.0-255,2902,63431,76,355468
17244,0.000453,74.125.200.0-255,2902,66333,76,355468
17245,0.000466,74.125.200.0-255,2902,69235,76,355468
17246,0.000476,74.125.200.0-255,1484,70719,76,355468
17247,0.000479,74.125.200.0-255,1484,72203,76,355468
17248,0.000496,74.125.200.0-255,7156,79359,76,355468
17249,0.000505,74.125.200.0-255,1484,80843,76,355468
17250,0.000519,74.125.200.0-255,4320,85163,76,355468
17251,0.000528,74.125.200.0-255,1484,86647,76,355468
17252,0.000561,74.125.200.0-255,5020,91667,76,355468
17253,0.000623,172.31.40.0-255,66,91733,76,355468
17254,0.000739,74.125.200.0-255,1484,93217,76,355468
17255,0.000763,74.125.200.0-255,2902,96119,76,355468
17256,0.000775,172.31.40.0-255,66,96185,76,355468
17257,0.000807,74.125.200.0-255,5738,101923,76,355468
17258,0.000816,172.31.40.0-255,66,101989,76,355468
17259,0.000854,74.125.200.0-255,7156,109145,76,355468
17260,0.000859,74.125.200.0-255,2902,112047,76,355468
17261,0.000866,74.125.200.0-255,5738,117785,76,355468
17262,0.000888,74.125.200.0-255,5738,123523,76,355468
17263,0.000893,74.125.200.0-255,1636,125159,76,355468
17264,0.000899,172.31.40.0-255,66,125225,76,355468
17265,0.001004,74.125.200.0-255,1484,126709,76,355468
17266,0.001027,74.125.200.0-255,2902,129611,76,355468
17267,0.001032,74.125.200.0-255,2902,132513,76,355468
17268,0.001041,172.31.40.0-255,66,132579,76,355468
17269,0.001053,74.125.200.0-255,2902,135481,76,355468
17270,0.001062,74.125.200.0-255,2902,138383,76,355468
17271,0.001076,74.125.200.0-255,4320,142703,76,355468
17272,0.001089,172.31.40.0-255,66,142769,76,355468
17273,0.001104,74.125.200.0-255,5738,148507,76,355468
17274,0.001153,74.125.200.0-255,1484,149991,76,355468
17275,0.00116,172.31.40.0-255,66,150057,76,355468
17276,0.001189,74.125.200.0-255,2902,152959,76,355468
17277,0.001195,172.31.40.0-255,66,153025,76,355468
17278,0.001214,74.125.200.0-255,5738,158763,76,355468
17279,0.001221,74.125.200.0-255,5738,164501,76,355468
17280,0.001238,74.125.200.0-255,1484,165985,76,355468
17281,0.001241,74.125.200.0-255,1484,167469,76,355468
17282,0.001245,172.31.40.0-255,66,167535,76,355468
17283,0.001261,74.125.200.0-255,2902,170437,76,355468
17284,0.001272,74.125.200.0-255,5738,176175,76,355468
17285,0.001296,172.31.40.0-255,66,176241,76,355468
17286,0.00131,74.125.200.0-255,4320,180561,76,355468
17287,0.001329,172.31.40.0-255,66,180627,76,355468
17288,0.001338,74.125.200.0-255,2184,182811,76,355468
17289,0.001342,172.31.40.0-255,66,182877,76,355468
17290,0.001354,74.125.200.0-255,1484,184361,76,355468
17291,0.001358,74.125.200.0-255,2902,187263,76,355468
17292,0.001379,74.125.200.0-255,5738,193001,76,355468
17293,0.001457,172.31.40.0-255,66,193067,76,355468
17294,0.001882,74.125.200.0-255,1484,194551,76,355468
17295,0.001896,74.125.200.0-255,2902,197453,76,355468
17296,0.001899,172.31.40.0-255,66,197519,76,355468
17297,0.001936,74.125.200.0-255,2902,200421,76,355468
17298,0.001942,74.125.200.0-255,4320,204741,76,355468
17299,0.001961,74.125.200.0-255,5738,210479,76,355468
17300,0.00197,172.31.40.0-255,66,210545,76,355468
17301,0.00198,74.125.200.0-255,2902,213447,76,355468
17302,0.001985,172.31.40.0-255,66,213513,76,355468
17303,0.001999,74.125.200.0-255,4320,217833,76,355468
17304,0.002001,74.125.200.0-255,766,218599,76,355468
17305,0.002029,172.31.40.0-255,66,218665,76,355468
17306,0.004094,74.125.200.0-255,5738,224403,76,355468
17307,0.004101,172.31.40.0-255,66,224469,76,355468
17308,0.006157,74.125.200.0-255,5738,230207,76,355468
17309,0.006543,172.31.40.0-255,66,230273,76,355468
17310,0.008621,74.125.200.0-255,5738,236011,76,355468
17311,0.008627,172.31.40.0-255,66,236077,76,355468
17312,0.010688,74.125.200.0-255,5738,241815,76,355468
17313,0.010695,172.31.40.0-255,66,241881,76,355468
17314,0.012767,74.125.200.0-255,5738,247619,76,355468
17315,0.012776,172.31.40.0-255,66,247685,76,355468
17316,0.014838,74.125.200.0-255,5738,253423,76,355468
17317,0.014848,172.31.40.0-255,66,253489,76,355468
17318,0.016921,74.125.200.0-255,5738,259227,76,355468
17319,0.016928,172.31.40.0-255,66,259293,76,355468
17320,0.018981,74.125.200.0-255,5738,265031,76,355468
17321,0.018987,172.31.40.0-255,66,265097,76,355468
17322,0.021045,74.125.200.0-255,5738,270835,76,355468
17323,0.021052,172.31.40.0-255,66,270901,76,355468
17324,0.023116,74.125.200.0-255,5738,276639,76,355468
17325,0.023126,172.31.40.0-255,66,276705,76,355468
17326,0.025194,74.125.200.0-255,5738,282443,76,355468
17327,0.025201,172.31.40.0-255,66,282509,76,355468
17328,0.027262,74.125.200.0-255,5738,288247,76,355468
17329,0.027268,172.31.40.0-255,66,288313,76,355468
17330,0.02933,74.125.200.0-255,5738,294051,76,355468
17331,0.029337,172.31.40.0-255,66,294117,76,355468
17332,0.031409,74.125.200.0-255,5738,299855,76,355468
17333,0.031418,172.31.40.0-255,66,299921,76,355468
17334,0.033491,74.125.200.0-255,5738,305659,76,355468
17335,0.033499,172.31.40.0-255,66,305725,76,355468
17336,0.034342,172.31.40.0-255,172,305897,76,355468
17337,0.034374,172.31.40.0-255,1109,307006,76,355468
17338,0.034441,172.31.40.0-255,1514,308520,76,355468
17339,0.034443,172.31.40.0-255,1514,310034,76,355468
17340,0.034445,172.31.40.0-255,1514,311548,76,355468
17341,0.034446,172.31.40.0-255,1514,313062,76,355468
17342,0.034475,172.31.40.0-255,1514,314576,76,355468
17343,0.035562,74.125.200.0-255,5738,320314,76,355468
17344,0.03557,172.31.40.0-255,66,320380,76,355468
17345,0.035911,104.244.42.0-255,66,320446,76,355468
17346,0.035963,104.244.42.0-255,66,320512,76,355468
17347,0.036053,104.244.42.0-255,66,320578,76,355468
17348,0.036202,104.244.42.0-255,66,320644,76,355468
17349,0.037641,74.125.200.0-255,5738,326382,76,355468
17350,0.037647,172.31.40.0-255,66,326448,76,355468
17351,0.039714,74.125.200.0-255,5738,332186,76,355468
17352,0.039721,172.31.40.0-255,66,332252,76,355468
17353,0.041798,74.125.200.0-255,5738,337990,76,355468
17354,0.041805,172.31.40.0-255,66,338056,76,355468
17355,0.043872,74.125.200.0-255,5738,343794,76,355468
17356,0.043882,172.31.40.0-255,66,343860,76,355468
17357,0.045955,74.125.200.0-255,5738,349598,76,355468
17358,0.045962,172.31.40.0-255,66,349664,76,355468
17359,0.048082,74.125.200.0-255,5738,355402,76,355468
17360,0.048089,172.31.40.0-255,66,355468,76,355468
17361,0.0,172.217.194.0-255,153,153,76,155707
17362,1.6e-05,172.31.40.0-255,66,219,76,155707
17363,2.3e-05,172.217.194.0-255,1484,1703,76,155707
17364,2.8e-05,172.31.40.0-255,66,1769,76,155707
17365,5.4e-05,172.217.194.0-255,2902,4671,76,155707
17366,5.7e-05,172.31.40.0-255,66,4737,76,155707
17367,6.3e-05,172.217.194.0-255,5738,10475,76,155707
17368,6.6e-05,172.31.40.0-255,66,10541,76,155707
17369,9.7e-05,172.217.194.0-255,4320,14861,76,155707
17370,0.0001,172.31.40.0-255,66,14927,76,155707
17371,0.000116,172.217.194.0-255,6282,21209,76,155707
17372,0.000119,172.31.40.0-255,66,21275,76,155707
17373,0.000126,172.217.194.0-255,7156,28431,76,155707
17374,0.000129,172.31.40.0-255,66,28497,76,155707
17375,0.000154,172.217.194.0-255,2543,31040,76,155707
17376,0.000156,172.31.40.0-255,66,31106,76,155707
17377,0.00038,172.217.194.0-255,1484,32590,76,155707
17378,0.000387,172.31.40.0-255,66,32656,76,155707
17379,0.000392,172.217.194.0-255,2902,35558,76,155707
17380,0.000394,172.31.40.0-255,66,35624,76,155707
17381,0.000413,172.217.194.0-255,5738,41362,76,155707
17382,0.000416,172.31.40.0-255,66,41428,76,155707
17383,0.000419,172.217.194.0-255,1484,42912,76,155707
17384,0.00042,172.31.40.0-255,66,42978,76,155707
17385,0.000452,172.31.40.0-255,66,43044,76,155707
17386,0.00047,172.217.194.0-255,4320,47364,76,155707
17387,0.000473,172.31.40.0-255,66,47430,76,155707
17388,0.000498,172.217.194.0-255,4320,51750,76,155707
17389,0.000501,172.31.40.0-255,66,51816,76,155707
17390,0.000524,172.217.194.0-255,2902,54718,76,155707
17391,0.000527,172.31.40.0-255,66,54784,76,155707
17392,0.00054,172.217.194.0-255,2184,56968,76,155707
17393,0.000543,172.31.40.0-255,66,57034,76,155707
17394,0.000597,172.217.194.0-255,647,57681,76,155707
17395,0.000622,172.217.194.0-255,1484,59165,76,155707
17396,0.000625,172.31.40.0-255,66,59231,76,155707
17397,0.000644,172.217.194.0-255,1484,60715,76,155707
17398,0.000661,172.217.194.0-255,2902,63617,76,155707
17399,0.000664,172.31.40.0-255,66,63683,76,155707
17400,0.000675,172.31.40.0-255,66,63749,76,155707
17401,0.000689,172.217.194.0-255,1484,65233,76,155707
17402,0.000719,172.31.40.0-255,66,65299,76,155707
17403,0.000725,172.217.194.0-255,5020,70319,76,155707
17404,0.000728,172.31.40.0-255,66,70385,76,155707
17405,0.000973,172.217.194.0-255,1484,71869,76,155707
17406,0.000981,172.217.194.0-255,2902,74771,76,155707
17407,0.000984,172.31.40.0-255,66,74837,76,155707
17408,0.000992,172.217.194.0-255,5738,80575,76,155707
17409,0.000994,172.31.40.0-255,66,80641,76,155707
17410,0.001019,172.217.194.0-255,5738,86379,76,155707
17411,0.001022,172.31.40.0-255,66,86445,76,155707
17412,0.001044,172.217.194.0-255,7156,93601,76,155707
17413,0.001047,172.31.40.0-255,66,93667,76,155707
17414,0.00106,172.31.40.0-255,66,93733,76,155707
17415,0.001106,172.31.40.0-255,66,93799,76,155707
17416,0.00114,172.31.40.0-255,66,93865,76,155707
17417,0.001152,172.31.40.0-255,66,93931,76,155707
17418,0.001155,172.217.194.0-255,1484,95415,76,155707
17419,0.001181,172.217.194.0-255,2902,98317,76,155707
17420,0.001186,172.217.194.0-255,4320,102637,76,155707
17421,0.00119,172.31.40.0-255,66,102703,76,155707
17422,0.001194,172.31.40.0-255,66,102769,76,155707
17423,0.001208,172.217.194.0-255,1484,104253,76,155707
17424,0.001214,172.217.194.0-255,4320,108573,76,155707
17425,0.001217,172.217.194.0-255,1484,110057,76,155707
17426,0.001224,172.31.40.0-255,66,110123,76,155707
17427,0.001255,172.31.40.0-255,66,110189,76,155707
17428,0.001262,172.217.194.0-255,1484,111673,76,155707
17429,0.001312,172.217.194.0-255,4320,115993,76,155707
17430,0.001338,172.31.40.0-255,66,116059,76,155707
17431,0.001343,172.217.194.0-255,2184,118243,76,155707
17432,0.001345,172.217.194.0-255,1484,119727,76,155707
17433,0.00135,172.217.194.0-255,2902,122629,76,155707
17434,0.001355,172.217.194.0-255,5738,128367,76,155707
17435,0.001381,172.31.40.0-255,66,128433,76,155707
17436,0.001403,172.217.194.0-255,1484,129917,76,155707
17437,0.001428,172.31.40.0-255,66,129983,76,155707
17438,0.001483,172.217.194.0-255,5738,135721,76,155707
17439,0.001499,172.31.40.0-255,66,135787,76,155707
17440,0.001548,172.217.194.0-255,2184,137971,76,155707
17441,0.001567,172.31.40.0-255,66,138037,76,155707
17442,0.001584,172.217.194.0-255,4320,142357,76,155707
17443,0.001616,172.31.40.0-255,66,142423,76,155707
17444,0.001658,172.217.194.0-255,4320,146743,76,155707
17445,0.001683,172.217.194.0-255,1484,148227,76,155707
17446,0.001695,172.31.40.0-255,66,148293,76,155707
17447,0.001802,172.31.40.0-255,66,148359,76,155707
17448,0.001823,172.217.194.0-255,7006,155365,76,155707
17449,0.001826,172.217.194.0-255,105,155470,76,155707
17450,0.001844,172.31.40.0-255,66,155536,76,155707
17451,0.004403,172.31.40.0-255,105,155641,76,155707
17452,0.006685,172.217.194.0-255,66,155707,76,155707
17453,0.0,172.217.194.0-255,152,152,76,267084
17454,1.9e-05,172.31.40.0-255,66,218,76,267084
17455,2.7e-05,172.217.194.0-255,1484,1702,76,267084
17456,3.1e-05,172.31.40.0-255,66,1768,76,267084
17457,3.6e-05,172.217.194.0-255,2902,4670,76,267084
17458,3.9e-05,172.31.40.0-255,66,4736,76,267084
17459,4.6e-05,172.217.194.0-255,7156,11892,76,267084
17460,4.9e-05,172.31.40.0-255,66,11958,76,267084
17461,5.2e-05,172.217.194.0-255,1484,13442,76,267084
17462,5.5e-05,172.31.40.0-255,66,13508,76,267084
17463,7.8e-05,172.217.194.0-255,621,14129,76,267084
17464,8e-05,172.31.40.0-255,66,14195,76,267084
17465,0.000119,172.217.194.0-255,1484,15679,76,267084
17466,0.000121,172.31.40.0-255,66,15745,76,267084
17467,0.000144,172.217.194.0-255,4320,20065,76,267084
17468,0.000147,172.31.40.0-255,66,20131,76,267084
17469,0.000152,172.217.194.0-255,4320,24451,76,267084
17470,0.000154,172.31.40.0-255,66,24517,76,267084
17471,0.000171,172.217.194.0-255,2902,27419,76,267084
17472,0.000173,172.31.40.0-255,66,27485,76,267084
17473,0.000189,172.217.194.0-255,7156,34641,76,267084
17474,0.000193,172.31.40.0-255,66,34707,76,267084
17475,0.000204,172.217.194.0-255,4320,39027,76,267084
17476,0.000206,172.31.40.0-255,66,39093,76,267084
17477,0.000241,172.217.194.0-255,5379,44472,76,267084
17478,0.000244,172.31.40.0-255,66,44538,76,267084
17479,0.000256,172.31.40.0-255,66,44604,76,267084
17480,0.000294,172.31.40.0-255,66,44670,76,267084
17481,0.000394,172.217.194.0-255,1484,46154,76,267084
17482,0.000398,172.31.40.0-255,66,46220,76,267084
17483,0.000404,172.217.194.0-255,2902,49122,76,267084
17484,0.000405,172.31.40.0-255,66,49188,76,267084
17485,0.00043,172.217.194.0-255,1484,50672,76,267084
17486,0.000465,172.217.194.0-255,4320,54992,76,267084
17487,0.000468,172.31.40.0-255,66,55058,76,267084
17488,0.000481,172.31.40.0-255,66,55124,76,267084
17489,0.000488,172.217.194.0-255,7156,62280,76,267084
17490,0.000492,172.31.40.0-255,66,62346,76,267084
17491,0.000515,172.217.194.0-255,5738,68084,76,267084
17492,0.000518,172.31.40.0-255,66,68150,76,267084
17493,0.000543,172.217.194.0-255,1635,69785,76,267084
17494,0.000545,172.31.40.0-255,66,69851,76,267084
17495,0.000556,172.31.40.0-255,66,69917,76,267084
17496,0.000562,172.217.194.0-255,3961,73878,76,267084
17497,0.000564,172.31.40.0-255,66,73944,76,267084
17498,0.000731,172.217.194.0-255,1484,75428,76,267084
17499,0.000739,172.217.194.0-255,2902,78330,76,267084
17500,0.000743,172.31.40.0-255,66,78396,76,267084
17501,0.000751,172.217.194.0-255,5738,84134,76,267084
17502,0.000753,172.31.40.0-255,66,84200,76,267084
17503,0.000777,172.31.40.0-255,66,84266,76,267084
17504,0.000818,172.217.194.0-255,2902,87168,76,267084
17505,0.000821,172.31.40.0-255,66,87234,76,267084
17506,0.000856,172.31.40.0-255,66,87300,76,267084
17507,0.001088,172.217.194.0-255,1484,88784,76,267084
17508,0.001093,172.217.194.0-255,2902,91686,76,267084
17509,0.001099,172.31.40.0-255,66,91752,76,267084
17510,0.001119,172.217.194.0-255,5738,97490,76,267084
17511,0.001122,172.31.40.0-255,66,97556,76,267084
17512,0.001132,172.31.40.0-255,66,97622,76,267084
17513,0.001178,172.217.194.0-255,4320,101942,76,267084
17514,0.001181,172.31.40.0-255,66,102008,76,267084
17515,0.001214,172.31.40.0-255,66,102074,76,267084
17516,0.001641,172.217.194.0-255,1484,103558,76,267084
17517,0.001648,172.217.194.0-255,2902,106460,76,267084
17518,0.001651,172.31.40.0-255,66,106526,76,267084
17519,0.001659,172.217.194.0-255,5738,112264,76,267084
17520,0.001661,172.31.40.0-255,66,112330,76,267084
17521,0.001701,172.31.40.0-255,66,112396,76,267084
17522,0.001741,172.31.40.0-255,66,112462,76,267084
17523,0.00176,172.217.194.0-255,2184,114646,76,267084
17524,0.001762,172.31.40.0-255,66,114712,76,267084
17525,0.0018,172.217.194.0-255,1484,116196,76,267084
17526,0.001805,172.217.194.0-255,2902,119098,76,267084
17527,0.001807,172.31.40.0-255,66,119164,76,267084
17528,0.001834,172.217.194.0-255,5738,124902,76,267084
17529,0.001836,172.31.40.0-255,66,124968,76,267084
17530,0.001843,172.217.194.0-255,5738,130706,76,267084
17531,0.001845,172.31.40.0-255,66,130772,76,267084
17532,0.001848,172.217.194.0-255,1484,132256,76,267084
17533,0.001867,172.217.194.0-255,7156,139412,76,267084
17534,0.00187,172.31.40.0-255,66,139478,76,267084
17535,0.001898,172.217.194.0-255,4320,143798,76,267084
17536,0.001902,172.31.40.0-255,66,143864,76,267084
17537,0.001908,172.217.194.0-255,5020,148884,76,267084
17538,0.00191,172.31.40.0-255,66,148950,76,267084
17539,0.001922,172.217.194.0-255,5738,154688,76,267084
17540,0.001925,172.31.40.0-255,66,154754,76,267084
17541,0.001963,172.217.194.0-255,4320,159074,76,267084
17542,0.002003,172.217.194.0-255,5020,164094,76,267084
17543,0.002014,172.31.40.0-255,66,164160,76,267084
17544,0.002052,172.217.194.0-255,1484,165644,76,267084
17545,0.002056,172.217.194.0-255,1484,167128,76,267084
17546,0.002068,172.31.40.0-255,66,167194,76,267084
17547,0.002071,172.217.194.0-255,1484,168678,76,267084
17548,0.002076,172.217.194.0-255,2902,171580,76,267084
17549,0.002088,172.217.194.0-255,2902,174482,76,267084
17550,0.002092,172.217.194.0-255,2902,177384,76,267084
17551,0.002095,172.31.40.0-255,66,177450,76,267084
17552,0.002114,172.217.194.0-255,2902,180352,76,267084
17553,0.00214,172.217.194.0-255,2902,183254,76,267084
17554,0.002144,172.217.194.0-255,2902,186156,76,267084
17555,0.002147,172.31.40.0-255,66,186222,76,267084
17556,0.002155,172.31.40.0-255,66,186288,76,267084
17557,0.002163,172.217.194.0-255,2184,188472,76,267084
17558,0.002177,172.217.194.0-255,4320,192792,76,267084
17559,0.002188,172.217.194.0-255,1484,194276,76,267084
17560,0.002194,172.217.194.0-255,4320,198596,76,267084
17561,0.002211,172.217.194.0-255,4320,202916,76,267084
17562,0.002218,172.31.40.0-255,66,202982,76,267084
17563,0.002231,172.217.194.0-255,5738,208720,76,267084
17564,0.002259,172.217.194.0-255,3602,212322,76,267084
17565,0.002263,172.217.194.0-255,4320,216642,76,267084
17566,0.002272,172.31.40.0-255,66,216708,76,267084
17567,0.002294,172.217.194.0-255,2902,219610,76,267084
17568,0.002309,172.217.194.0-255,1484,221094,76,267084
17569,0.002314,172.31.40.0-255,66,221160,76,267084
17570,0.004598,172.217.194.0-255,5738,226898,76,267084
17571,0.004605,172.31.40.0-255,66,226964,76,267084
17572,0.006859,172.217.194.0-255,5738,232702,76,267084
17573,0.006865,172.31.40.0-255,66,232768,76,267084
17574,0.00913,172.217.194.0-255,4320,237088,76,267084
17575,0.009135,172.31.40.0-255,66,237154,76,267084
17576,0.009154,172.217.194.0-255,1484,238638,76,267084
17577,0.011418,172.217.194.0-255,4320,242958,76,267084
17578,0.011426,172.31.40.0-255,66,243024,76,267084
17579,0.013688,172.217.194.0-255,5738,248762,76,267084
17580,0.013696,172.31.40.0-255,66,248828,76,267084
17581,0.015959,172.217.194.0-255,5738,254566,76,267084
17582,0.015966,172.31.40.0-255,66,254632,76,267084
17583,0.018225,172.217.194.0-255,5738,260370,76,267084
17584,0.018234,172.31.40.0-255,66,260436,76,267084
17585,0.020507,172.217.194.0-255,2111,262547,76,267084
17586,0.020516,172.31.40.0-255,66,262613,76,267084
17587,0.020977,172.31.40.0-255,105,262718,76,267084
17588,0.023216,172.217.194.0-255,66,262784,76,267084
17589,0.033263,172.31.40.0-255,172,262956,76,267084
17590,0.033292,172.31.40.0-255,1109,264065,76,267084
17591,0.033349,172.31.40.0-255,1514,265579,76,267084
17592,0.03335,172.31.40.0-255,1307,266886,76,267084
17593,0.034795,104.244.42.0-255,66,266952,76,267084
17594,0.034839,104.244.42.0-255,66,267018,76,267084
17595,0.03489,104.244.42.0-255,66,267084,76,267084
17596,0.0,74.125.68.0-255,152,152,76,267759
17597,1.6e-05,172.31.40.0-255,66,218,76,267759
17598,2.2e-05,74.125.68.0-255,1484,1702,76,267759
17599,2.6e-05,172.31.40.0-255,66,1768,76,267759
17600,3.2e-05,74.125.68.0-255,2902,4670,76,267759
17601,3.5e-05,172.31.40.0-255,66,4736,76,267759
17602,3.8e-05,74.125.68.0-255,1484,6220,76,267759
17603,4e-05,172.31.40.0-255,66,6286,76,267759
17604,4.5e-05,74.125.68.0-255,2902,9188,76,267759
17605,4.9e-05,172.31.40.0-255,66,9254,76,267759
17606,8.5e-05,74.125.68.0-255,4910,14164,76,267759
17607,8.8e-05,172.31.40.0-255,66,14230,76,267759
17608,0.000195,74.125.68.0-255,1484,15714,76,267759
17609,0.000199,172.31.40.0-255,66,15780,76,267759
17610,0.000204,74.125.68.0-255,1484,17264,76,267759
17611,0.000206,172.31.40.0-255,66,17330,76,267759
17612,0.000217,74.125.68.0-255,1484,18814,76,267759
17613,0.000219,172.31.40.0-255,66,18880,76,267759
17614,0.000233,74.125.68.0-255,4320,23200,76,267759
17615,0.000236,172.31.40.0-255,66,23266,76,267759
17616,0.000302,74.125.68.0-255,5738,29004,76,267759
17617,0.000305,172.31.40.0-255,66,29070,76,267759
17618,0.000315,172.31.40.0-255,66,29136,76,267759
17619,0.000327,172.31.40.0-255,66,29202,76,267759
17620,0.000332,74.125.68.0-255,4320,33522,76,267759
17621,0.000335,172.31.40.0-255,66,33588,76,267759
17622,0.000379,74.125.68.0-255,7156,40744,76,267759
17623,0.000382,172.31.40.0-255,66,40810,76,267759
17624,0.000409,172.31.40.0-255,66,40876,76,267759
17625,0.000411,74.125.68.0-255,443,41319,76,267759
17626,0.000464,74.125.68.0-255,332,41651,76,267759
17627,0.000848,74.125.68.0-255,1484,43135,76,267759
17628,0.000853,172.31.40.0-255,66,43201,76,267759
17629,0.000869,74.125.68.0-255,2902,46103,76,267759
17630,0.000872,172.31.40.0-255,66,46169,76,267759
17631,0.000876,74.125.68.0-255,2902,49071,76,267759
17632,0.000879,172.31.40.0-255,66,49137,76,267759
17633,0.000903,74.125.68.0-255,2902,52039,76,267759
17634,0.000905,172.31.40.0-255,66,52105,76,267759
17635,0.00091,74.125.68.0-255,2902,55007,76,267759
17636,0.000912,172.31.40.0-255,66,55073,76,267759
17637,0.000917,74.125.68.0-255,4320,59393,76,267759
17638,0.000919,172.31.40.0-255,66,59459,76,267759
17639,0.000948,74.125.68.0-255,5738,65197,76,267759
17640,0.000951,172.31.40.0-255,66,65263,76,267759
17641,0.000957,74.125.68.0-255,4320,69583,76,267759
17642,0.000959,172.31.40.0-255,66,69649,76,267759
17643,0.000973,74.125.68.0-255,2902,72551,76,267759
17644,0.000976,172.31.40.0-255,66,72617,76,267759
17645,0.000992,74.125.68.0-255,3602,76219,76,267759
17646,0.000994,172.31.40.0-255,66,76285,76,267759
17647,0.00135,74.125.68.0-255,1484,77769,76,267759
17648,0.001357,74.125.68.0-255,2902,80671,76,267759
17649,0.00136,172.31.40.0-255,66,80737,76,267759
17650,0.00139,74.125.68.0-255,2902,83639,76,267759
17651,0.001393,172.31.40.0-255,66,83705,76,267759
17652,0.001414,74.125.68.0-255,2902,86607,76,267759
17653,0.001416,172.31.40.0-255,66,86673,76,267759
17654,0.00143,74.125.68.0-255,1484,88157,76,267759
17655,0.00145,74.125.68.0-255,5738,93895,76,267759
17656,0.001452,172.31.40.0-255,66,93961,76,267759
17657,0.001471,74.125.68.0-255,5738,99699,76,267759
17658,0.001474,172.31.40.0-255,66,99765,76,267759
17659,0.001487,74.125.68.0-255,2902,102667,76,267759
17660,0.001489,172.31.40.0-255,66,102733,76,267759
17661,0.001494,74.125.68.0-255,4320,107053,76,267759
17662,0.001497,172.31.40.0-255,66,107119,76,267759
17663,0.001537,74.125.68.0-255,1484,108603,76,267759
17664,0.001575,74.125.68.0-255,2184,110787,76,267759
17665,0.001578,172.31.40.0-255,66,110853,76,267759
17666,0.001796,74.125.68.0-255,1484,112337,76,267759
17667,0.001804,74.125.68.0-255,2902,115239,76,267759
17668,0.001807,172.31.40.0-255,66,115305,76,267759
17669,0.00184,74.125.68.0-255,5738,121043,76,267759
17670,0.001843,172.31.40.0-255,66,121109,76,267759
17671,0.001849,74.125.68.0-255,4320,125429,76,267759
17672,0.001851,172.31.40.0-255,66,125495,76,267759
17673,0.001874,74.125.68.0-255,1484,126979,76,267759
17674,0.001882,74.125.68.0-255,7156,134135,76,267759
17675,0.001885,172.31.40.0-255,66,134201,76,267759
17676,0.001923,172.31.40.0-255,66,134267,76,267759
17677,0.004008,74.125.68.0-255,5738,140005,76,267759
17678,0.004014,172.31.40.0-255,66,140071,76,267759
17679,0.00608,74.125.68.0-255,5738,145809,76,267759
17680,0.006084,172.31.40.0-255,66,145875,76,267759
17681,0.008151,74.125.68.0-255,5738,151613,76,267759
17682,0.008158,172.31.40.0-255,66,151679,76,267759
17683,0.010231,74.125.68.0-255,5738,157417,76,267759
17684,0.010239,172.31.40.0-255,66,157483,76,267759
17685,0.012307,74.125.68.0-255,5738,163221,76,267759
17686,0.012316,172.31.40.0-255,66,163287,76,267759
17687,0.014395,74.125.68.0-255,5738,169025,76,267759
17688,0.014403,172.31.40.0-255,66,169091,76,267759
17689,0.01652,74.125.68.0-255,5738,174829,76,267759
17690,0.016527,172.31.40.0-255,66,174895,76,267759
17691,0.018614,74.125.68.0-255,5738,180633,76,267759
17692,0.018621,172.31.40.0-255,66,180699,76,267759
17693,0.02069,74.125.68.0-255,5738,186437,76,267759
17694,0.020701,172.31.40.0-255,66,186503,76,267759
17695,0.022774,74.125.68.0-255,5738,192241,76,267759
17696,0.022784,172.31.40.0-255,66,192307,76,267759
17697,0.024865,74.125.68.0-255,5738,198045,76,267759
17698,0.024873,172.31.40.0-255,66,198111,76,267759
17699,0.026945,74.125.68.0-255,5738,203849,76,267759
17700,0.026953,172.31.40.0-255,66,203915,76,267759
17701,0.029022,74.125.68.0-255,5738,209653,76,267759
17702,0.02903,172.31.40.0-255,66,209719,76,267759
17703,0.031096,74.125.68.0-255,5738,215457,76,267759
17704,0.031104,172.31.40.0-255,66,215523,76,267759
17705,0.033165,74.125.68.0-255,5738,221261,76,267759
17706,0.033172,172.31.40.0-255,66,221327,76,267759
17707,0.035256,74.125.68.0-255,5738,227065,76,267759
17708,0.035272,172.31.40.0-255,66,227131,76,267759
17709,0.037373,74.125.68.0-255,5738,232869,76,267759
17710,0.037388,172.31.40.0-255,66,232935,76,267759
17711,0.03948,74.125.68.0-255,5738,238673,76,267759
17712,0.039496,172.31.40.0-255,66,238739,76,267759
17713,0.041588,74.125.68.0-255,5738,244477,76,267759
17714,0.041603,172.31.40.0-255,66,244543,76,267759
17715,0.043702,74.125.68.0-255,5738,250281,76,267759
17716,0.04371,172.31.40.0-255,66,250347,76,267759
17717,0.045793,74.125.68.0-255,5738,256085,76,267759
17718,0.04581,172.31.40.0-255,66,256151,76,267759
17719,0.047881,74.125.68.0-255,5738,261889,76,267759
17720,0.047889,172.31.40.0-255,66,261955,76,267759
17721,0.049966,74.125.68.0-255,5738,267693,76,267759
17722,0.049983,172.31.40.0-255,66,267759,76,267759
17723,0.0,74.125.68.0-255,152,152,76,296492
17724,2.3e-05,172.31.40.0-255,66,218,76,296492
17725,3e-05,74.125.68.0-255,1484,1702,76,296492
17726,3.4e-05,172.31.40.0-255,66,1768,76,296492
17727,4.8e-05,74.125.68.0-255,2902,4670,76,296492
17728,5.1e-05,172.31.40.0-255,66,4736,76,296492
17729,5.7e-05,74.125.68.0-255,5738,10474,76,296492
17730,6e-05,172.31.40.0-255,66,10540,76,296492
17731,6.5e-05,74.125.68.0-255,2902,13442,76,296492
17732,6.7e-05,172.31.40.0-255,66,13508,76,296492
17733,0.000106,74.125.68.0-255,3559,17067,76,296492
17734,0.00011,172.31.40.0-255,66,17133,76,296492
17735,0.000118,74.125.68.0-255,7156,24289,76,296492
17736,0.00012,172.31.40.0-255,66,24355,76,296492
17737,0.000133,74.125.68.0-255,6797,31152,76,296492
17738,0.000136,172.31.40.0-255,66,31218,76,296492
17739,0.000177,74.125.68.0-255,1484,32702,76,296492
17740,0.00018,172.31.40.0-255,66,32768,76,296492
17741,0.000208,74.125.68.0-255,2902,35670,76,296492
17742,0.000211,172.31.40.0-255,66,35736,76,296492
17743,0.000217,74.125.68.0-255,5738,41474,76,296492
17744,0.000219,172.31.40.0-255,66,41540,76,296492
17745,0.000227,74.125.68.0-255,2902,44442,76,296492
17746,0.00023,172.31.40.0-255,66,44508,76,296492
17747,0.000288,172.31.40.0-255,66,44574,76,296492
17748,0.000295,74.125.68.0-255,5738,50312,76,296492
17749,0.000297,172.31.40.0-255,66,50378,76,296492
17750,0.000322,74.125.68.0-255,2902,53280,76,296492
17751,0.000325,172.31.40.0-255,66,53346,76,296492
17752,0.000341,74.125.68.0-255,2482,55828,76,296492
17753,0.000344,172.31.40.0-255,66,55894,76,296492
17754,0.000347,74.125.68.0-255,129,56023,76,296492
17755,0.000434,74.125.68.0-255,1484,57507,76,296492
17756,0.000438,172.31.40.0-255,66,57573,76,296492
17757,0.000444,74.125.68.0-255,2902,60475,76,296492
17758,0.000446,172.31.40.0-255,66,60541,76,296492
17759,0.000449,74.125.68.0-255,1484,62025,76,296492
17760,0.000468,74.125.68.0-255,4320,66345,76,296492
17761,0.000474,172.31.40.0-255,66,66411,76,296492
17762,0.000478,74.125.68.0-255,2902,69313,76,296492
17763,0.00048,172.31.40.0-255,66,69379,76,296492
17764,0.000502,74.125.68.0-255,5738,75117,76,296492
17765,0.000526,74.125.68.0-255,4320,79437,76,296492
17766,0.000546,74.125.68.0-255,349,79786,76,296492
17767,0.000655,172.31.40.0-255,66,79852,76,296492
17768,0.000894,74.125.68.0-255,1484,81336,76,296492
17769,0.0009,74.125.68.0-255,2902,84238,76,296492
17770,0.000903,172.31.40.0-255,66,84304,76,296492
17771,0.000937,74.125.68.0-255,5738,90042,76,296492
17772,0.000942,74.125.68.0-255,2902,92944,76,296492
17773,0.000947,74.125.68.0-255,4320,97264,76,296492
17774,0.000981,74.125.68.0-255,2902,100166,76,296492
17775,0.000984,172.31.40.0-255,66,100232,76,296492
17776,0.000991,172.31.40.0-255,66,100298,76,296492
17777,0.001012,74.125.68.0-255,2902,103200,76,296492
17778,0.001034,74.125.68.0-255,2184,105384,76,296492
17779,0.001044,172.31.40.0-255,66,105450,76,296492
17780,0.001167,74.125.68.0-255,1484,106934,76,296492
17781,0.001171,74.125.68.0-255,1484,108418,76,296492
17782,0.001186,74.125.68.0-255,2902,111320,76,296492
17783,0.001194,172.31.40.0-255,66,111386,76,296492
17784,0.001207,74.125.68.0-255,5738,117124,76,296492
17785,0.001252,172.31.40.0-255,66,117190,76,296492
17786,0.001277,74.125.68.0-255,1484,118674,76,296492
17787,0.001298,74.125.68.0-255,2184,120858,76,296492
17788,0.001319,172.31.40.0-255,66,120924,76,296492
17789,0.001355,74.125.68.0-255,1484,122408,76,296492
17790,0.001371,74.125.68.0-255,2902,125310,76,296492
17791,0.001388,74.125.68.0-255,2902,128212,76,296492
17792,0.001393,74.125.68.0-255,4320,132532,76,296492
17793,0.0014,172.31.40.0-255,66,132598,76,296492
17794,0.001435,74.125.68.0-255,1484,134082,76,296492
17795,0.00145,172.31.40.0-255,66,134148,76,296492
17796,0.001478,74.125.68.0-255,2902,137050,76,296492
17797,0.0015,74.125.68.0-255,4320,141370,76,296492
17798,0.001506,74.125.68.0-255,5020,146390,76,296492
17799,0.00152,172.31.40.0-255,66,146456,76,296492
17800,0.001562,74.125.68.0-255,5738,152194,76,296492
17801,0.001596,74.125.68.0-255,4320,156514,76,296492
17802,0.001638,74.125.68.0-255,3602,160116,76,296492
17803,0.001661,74.125.68.0-255,4320,164436,76,296492
17804,0.006052,172.31.40.0-255,66,164502,76,296492
17805,0.008004,74.125.68.0-255,5738,170240,76,296492
17806,0.00801,172.31.40.0-255,66,170306,76,296492
17807,0.00995,74.125.68.0-255,5738,176044,76,296492
17808,0.009961,172.31.40.0-255,66,176110,76,296492
17809,0.01192,74.125.68.0-255,5738,181848,76,296492
17810,0.011934,172.31.40.0-255,66,181914,76,296492
17811,0.013913,74.125.68.0-255,5738,187652,76,296492
17812,0.013927,172.31.40.0-255,66,187718,76,296492
17813,0.015913,74.125.68.0-255,5738,193456,76,296492
17814,0.015932,172.31.40.0-255,66,193522,76,296492
17815,0.017892,74.125.68.0-255,5738,199260,76,296492
17816,0.017909,172.31.40.0-255,66,199326,76,296492
17817,0.019876,74.125.68.0-255,5738,205064,76,296492
17818,0.019892,172.31.40.0-255,66,205130,76,296492
17819,0.021834,74.125.68.0-255,5738,210868,76,296492
17820,0.021842,172.31.40.0-255,66,210934,76,296492
17821,0.023787,74.125.68.0-255,5738,216672,76,296492
17822,0.023795,172.31.40.0-255,66,216738,76,296492
17823,0.025725,74.125.68.0-255,5738,222476,76,296492
17824,0.025731,172.31.40.0-255,66,222542,76,296492
17825,0.027713,74.125.68.0-255,5738,228280,76,296492
17826,0.027723,172.31.40.0-255,66,228346,76,296492
17827,0.029668,74.125.68.0-255,5738,234084,76,296492
17828,0.029682,172.31.40.0-255,66,234150,76,296492
17829,0.03163,74.125.68.0-255,5738,239888,76,296492
17830,0.031637,172.31.40.0-255,66,239954,76,296492
17831,0.033574,74.125.68.0-255,5738,245692,76,296492
17832,0.033598,172.31.40.0-255,66,245758,76,296492
17833,0.035541,74.125.68.0-255,5738,251496,76,296492
17834,0.035551,172.31.40.0-255,66,251562,76,296492
17835,0.037512,74.125.68.0-255,5738,257300,76,296492
17836,0.037526,172.31.40.0-255,66,257366,76,296492
17837,0.039473,74.125.68.0-255,5738,263104,76,296492
17838,0.039481,172.31.40.0-255,66,263170,76,296492
17839,0.041421,74.125.68.0-255,5738,268908,76,296492
17840,0.041433,172.31.40.0-255,66,268974,76,296492
17841,0.041504,172.31.40.0-255,172,269146,76,296492
17842,0.04153,172.31.40.0-255,1110,270256,76,296492
17843,0.041606,172.31.40.0-255,1514,271770,76,296492
17844,0.041609,172.31.40.0-255,1308,273078,76,296492
17845,0.042988,104.244.42.0-255,66,273144,76,296492
17846,0.043021,104.244.42.0-255,66,273210,76,296492
17847,0.043108,104.244.42.0-255,66,273276,76,296492
17848,0.043367,74.125.68.0-255,5738,279014,76,296492
17849,0.043374,172.31.40.0-255,66,279080,76,296492
17850,0.045345,74.125.68.0-255,5738,284818,76,296492
17851,0.045363,172.31.40.0-255,66,284884,76,296492
17852,0.047322,74.125.68.0-255,5738,290622,76,296492
17853,0.047334,172.31.40.0-255,66,290688,76,296492
17854,0.049306,74.125.68.0-255,5738,296426,76,296492
17855,0.04932,172.31.40.0-255,66,296492,76,296492
17856,0.0,74.125.68.0-255,153,153,76,334595
17857,2.4e-05,172.31.40.0-255,66,219,76,334595
17858,3.2e-05,74.125.68.0-255,1484,1703,76,334595
17859,3.6e-05,172.31.40.0-255,66,1769,76,334595
17860,4e-05,74.125.68.0-255,1484,3253,76,334595
17861,4.3e-05,172.31.40.0-255,66,3319,76,334595
17862,4.9e-05,74.125.68.0-255,2902,6221,76,334595
17863,5.1e-05,172.31.40.0-255,66,6287,76,334595
17864,5.8e-05,74.125.68.0-255,5738,12025,76,334595
17865,6.2e-05,172.31.40.0-255,66,12091,76,334595
17866,8.4e-05,74.125.68.0-255,2152,14243,76,334595
17867,8.6e-05,172.31.40.0-255,66,14309,76,334595
17868,9.1e-05,74.125.68.0-255,2902,17211,76,334595
17869,9.4e-05,172.31.40.0-255,66,17277,76,334595
17870,0.000125,74.125.68.0-255,7156,24433,76,334595
17871,0.000128,172.31.40.0-255,66,24499,76,334595
17872,0.000131,74.125.68.0-255,1484,25983,76,334595
17873,0.000133,172.31.40.0-255,66,26049,76,334595
17874,0.000137,74.125.68.0-255,2902,28951,76,334595
17875,0.00014,172.31.40.0-255,66,29017,76,334595
17876,0.000173,74.125.68.0-255,2543,31560,76,334595
17877,0.000176,172.31.40.0-255,66,31626,76,334595
17878,0.000335,74.125.68.0-255,1484,33110,76,334595
17879,0.000341,172.31.40.0-255,66,33176,76,334595
17880,0.000346,74.125.68.0-255,2902,36078,76,334595
17881,0.000349,172.31.40.0-255,66,36144,76,334595
17882,0.000369,74.125.68.0-255,1484,37628,76,334595
17883,0.000371,172.31.40.0-255,66,37694,76,334595
17884,0.000393,74.125.68.0-255,4320,42014,76,334595
17885,0.000395,172.31.40.0-255,66,42080,76,334595
17886,0.0004,74.125.68.0-255,2902,44982,76,334595
17887,0.000402,172.31.40.0-255,66,45048,76,334595
17888,0.000416,74.125.68.0-255,3961,49009,76,334595
17889,0.000419,172.31.40.0-255,66,49075,76,334595
17890,0.000424,74.125.68.0-255,2902,51977,76,334595
17891,0.000426,172.31.40.0-255,66,52043,76,334595
17892,0.00045,74.125.68.0-255,1484,53527,76,334595
17893,0.000457,74.125.68.0-255,5738,59265,76,334595
17894,0.00046,172.31.40.0-255,66,59331,76,334595
17895,0.000481,74.125.68.0-255,5738,65069,76,334595
17896,0.000484,172.31.40.0-255,66,65135,76,334595
17897,0.0005,74.125.68.0-255,1402,66537,76,334595
17898,0.000503,74.125.68.0-255,128,66665,76,334595
17899,0.000507,74.125.68.0-255,348,67013,76,334595
17900,0.000509,172.31.40.0-255,66,67079,76,334595
17901,0.000744,74.125.68.0-255,1484,68563,76,334595
17902,0.00075,74.125.68.0-255,2902,71465,76,334595
17903,0.000754,172.31.40.0-255,66,71531,76,334595
17904,0.000774,74.125.68.0-255,5738,77269,76,334595
17905,0.000777,172.31.40.0-255,66,77335,76,334595
17906,0.000782,74.125.68.0-255,2902,80237,76,334595
17907,0.000784,172.31.40.0-255,66,80303,76,334595
17908,0.00081,74.125.68.0-255,5738,86041,76,334595
17909,0.000813,172.31.40.0-255,66,86107,76,334595
17910,0.000835,74.125.68.0-255,4320,90427,76,334595
17911,0.000837,172.31.40.0-255,66,90493,76,334595
17912,0.000851,172.31.40.0-255,66,90559,76,334595
17913,0.000919,74.125.68.0-255,1484,92043,76,334595
17914,0.000932,74.125.68.0-255,2902,94945,76,334595
17915,0.000936,172.31.40.0-255,66,95011,76,334595
17916,0.000957,74.125.68.0-255,5738,100749,76,334595
17917,0.00096,172.31.40.0-255,66,100815,76,334595
17918,0.000995,172.31.40.0-255,66,100881,76,334595
17919,0.001015,74.125.68.0-255,1484,102365,76,334595
17920,0.001027,172.31.40.0-255,66,102431,76,334595
17921,0.001054,74.125.68.0-255,2184,104615,76,334595
17922,0.001057,172.31.40.0-255,66,104681,76,334595
17923,0.001278,74.125.68.0-255,1484,106165,76,334595
17924,0.001283,74.125.68.0-255,1484,107649,76,334595
17925,0.001285,172.31.40.0-255,66,107715,76,334595
17926,0.001303,74.125.68.0-255,1484,109199,76,334595
17927,0.00131,74.125.68.0-255,5738,114937,76,334595
17928,0.001312,172.31.40.0-255,66,115003,76,334595
17929,0.001336,74.125.68.0-255,2902,117905,76,334595
17930,0.001339,172.31.40.0-255,66,117971,76,334595
17931,0.00137,172.31.40.0-255,66,118037,76,334595
17932,0.001382,172.31.40.0-255,66,118103,76,334595
17933,0.001405,74.125.68.0-255,3602,121705,76,334595
17934,0.001408,172.31.40.0-255,66,121771,76,334595
17935,0.001427,74.125.68.0-255,1484,123255,76,334595
17936,0.001448,74.125.68.0-255,2902,126157,76,334595
17937,0.001451,172.31.40.0-255,66,126223,76,334595
17938,0.001457,74.125.68.0-255,4320,130543,76,334595
17939,0.001459,172.31.40.0-255,66,130609,76,334595
17940,0.001469,74.125.68.0-255,1484,132093,76,334595
17941,0.0015,172.31.40.0-255,66,132159,76,334595
17942,0.001519,74.125.68.0-255,4320,136479,76,334595
17943,0.001522,172.31.40.0-255,66,136545,76,334595
17944,0.001549,172.31.40.0-255,66,136611,76,334595
17945,0.001565,74.125.68.0-255,2184,138795,76,334595
17946,0.001567,172.31.40.0-255,66,138861,76,334595
17947,0.001609,74.125.68.0-255,1484,140345,76,334595
17948,0.001624,74.125.68.0-255,2902,143247,76,334595
17949,0.001628,172.31.40.0-255,66,143313,76,334595
17950,0.001644,74.125.68.0-255,4320,147633,76,334595
17951,0.001646,172.31.40.0-255,66,147699,76,334595
17952,0.001672,74.125.68.0-255,5738,153437,76,334595
17953,0.001675,172.31.40.0-255,66,153503,76,334595
17954,0.001734,172.31.40.0-255,66,153569,76,334595
17955,0.001739,74.125.68.0-255,4320,157889,76,334595
17956,0.001741,172.31.40.0-255,66,157955,76,334595
17957,0.00176,74.125.68.0-255,3602,161557,76,334595
17958,0.001763,172.31.40.0-255,66,161623,76,334595
17959,0.001875,74.125.68.0-255,1484,163107,76,334595
17960,0.001902,74.125.68.0-255,2902,166009,76,334595
17961,0.001905,172.31.40.0-255,66,166075,76,334595
17962,0.00191,74.125.68.0-255,1484,167559,76,334595
17963,0.001915,74.125.68.0-255,5738,173297,76,334595
17964,0.001917,172.31.40.0-255,66,173363,76,334595
17965,0.001937,74.125.68.0-255,1484,174847,76,334595
17966,0.001957,74.125.68.0-255,5738,180585,76,334595
17967,0.00196,172.31.40.0-255,66,180651,76,334595
17968,0.001977,74.125.68.0-255,5738,186389,76,334595
17969,0.00198,172.31.40.0-255,66,186455,76,334595
17970,0.002046,172.31.40.0-255,66,186521,76,334595
17971,0.002076,74.125.68.0-255,1484,188005,76,334595
17972,0.002089,74.125.68.0-255,2902,190907,76,334595
17973,0.002092,172.31.40.0-255,66,190973,76,334595
17974,0.002118,74.125.68.0-255,4320,195293,76,334595
17975,0.002121,172.31.40.0-255,66,195359,76,334595
17976,0.002143,74.125.68.0-255,5738,201097,76,334595
17977,0.002146,172.31.40.0-255,66,201163,76,334595
17978,0.002149,74.125.68.0-255,1484,202647,76,334595
17979,0.002166,74.125.68.0-255,4320,206967,76,334595
17980,0.002168,172.31.40.0-255,66,207033,76,334595
17981,0.002174,74.125.68.0-255,5738,212771,76,334595
17982,0.002177,172.31.40.0-255,66,212837,76,334595
17983,0.002188,74.125.68.0-255,1484,214321,76,334595
17984,0.002212,74.125.68.0-255,2902,217223,76,334595
17985,0.002214,172.31.40.0-255,66,217289,76,334595
17986,0.002233,74.125.68.0-255,3602,220891,76,334595
17987,0.002235,172.31.40.0-255,66,220957,76,334595
17988,0.002238,74.125.68.0-255,1484,222441,76,334595
17989,0.004441,74.125.68.0-255,4320,226761,76,334595
17990,0.004447,172.31.40.0-255,66,226827,76,334595
17991,0.006685,74.125.68.0-255,5738,232565,76,334595
17992,0.006698,172.31.40.0-255,66,232631,76,334595
17993,0.008923,74.125.68.0-255,5738,238369,76,334595
17994,0.008936,172.31.40.0-255,66,238435,76,334595
17995,0.011135,74.125.68.0-255,5738,244173,76,334595
17996,0.011139,172.31.40.0-255,66,244239,76,334595
17997,0.013342,74.125.68.0-255,5738,249977,76,334595
17998,0.013349,172.31.40.0-255,66,250043,76,334595
17999,0.015558,74.125.68.0-255,5738,255781,76,334595
18000,0.015566,172.31.40.0-255,66,255847,76,334595
18001,0.017778,74.125.68.0-255,5738,261585,76,334595
18002,0.017787,172.31.40.0-255,66,261651,76,334595
18003,0.019992,74.125.68.0-255,5738,267389,76,334595
18004,0.02,172.31.40.0-255,66,267455,76,334595
18005,0.022217,74.125.68.0-255,5738,273193,76,334595
18006,0.022227,172.31.40.0-255,66,273259,76,334595
18007,0.024437,74.125.68.0-255,5738,278997,76,334595
18008,0.024446,172.31.40.0-255,66,279063,76,334595
18009,0.026656,74.125.68.0-255,5738,284801,76,334595
18010,0.026663,172.31.40.0-255,66,284867,76,334595
18011,0.028869,74.125.68.0-255,5738,290605,76,334595
18012,0.028879,172.31.40.0-255,66,290671,76,334595
18013,0.031093,74.125.68.0-255,5738,296409,76,334595
18014,0.031101,172.31.40.0-255,66,296475,76,334595
18015,0.033317,74.125.68.0-255,5738,302213,76,334595
18016,0.033324,172.31.40.0-255,66,302279,76,334595
18017,0.034042,172.31.40.0-255,172,302451,76,334595
18018,0.034076,172.31.40.0-255,1104,303555,76,334595
18019,0.034138,172.31.40.0-255,1514,305069,76,334595
18020,0.03414,172.31.40.0-255,347,305416,76,334595
18021,0.035538,74.125.68.0-255,5738,311154,76,334595
18022,0.035544,172.31.40.0-255,66,311220,76,334595
18023,0.036273,104.244.42.0-255,66,311286,76,334595
18024,0.037755,74.125.68.0-255,5738,317024,76,334595
18025,0.037762,172.31.40.0-255,66,317090,76,334595
18026,0.040011,74.125.68.0-255,5738,322828,76,334595
18027,0.040019,172.31.40.0-255,66,322894,76,334595
18028,0.042231,74.125.68.0-255,5738,328632,76,334595
18029,0.042238,172.31.40.0-255,66,328698,76,334595
18030,0.044451,74.125.68.0-255,5660,334358,76,334595
18031,0.044458,172.31.40.0-255,66,334424,76,334595
18032,0.044652,172.31.40.0-255,105,334529,76,334595
18033,0.046819,74.125.68.0-255,66,334595,76,334595
18034,0.0,172.217.160.0-255,152,152,76,219892
18035,2.2e-05,172.31.40.0-255,66,218,76,219892
18036,2.8e-05,172.217.160.0-255,1484,1702,76,219892
18037,3.3e-05,172.31.40.0-255,66,1768,76,219892
18038,3.9e-05,172.217.160.0-255,2902,4670,76,219892
18039,5.1e-05,172.31.40.0-255,66,4736,76,219892
18040,5.9e-05,172.217.160.0-255,7156,11892,76,219892
18041,6.2e-05,172.31.40.0-255,66,11958,76,219892
18042,6.7e-05,172.217.160.0-255,1939,13897,76,219892
18043,7e-05,172.31.40.0-255,66,13963,76,219892
18044,8.3e-05,172.31.40.0-255,66,14029,76,219892
18045,9.5e-05,172.31.40.0-255,66,14095,76,219892
18046,0.000121,172.217.160.0-255,2902,16997,76,219892
18047,0.000124,172.31.40.0-255,66,17063,76,219892
18048,0.000129,172.217.160.0-255,2902,19965,76,219892
18049,0.000131,172.31.40.0-255,66,20031,76,219892
18050,0.000174,172.31.40.0-255,66,20097,76,219892
18051,0.000191,172.31.40.0-255,66,20163,76,219892
18052,0.000197,172.217.160.0-255,5664,25827,76,219892
18053,0.000199,172.31.40.0-255,66,25893,76,219892
18054,0.00082,172.217.160.0-255,102,25995,76,219892
18055,0.000826,172.31.40.0-255,66,26061,76,219892
18056,0.000863,172.217.160.0-255,365,26426,76,219892
18057,0.000866,172.31.40.0-255,66,26492,76,219892
18058,0.001337,172.217.160.0-255,1484,27976,76,219892
18059,0.001343,172.31.40.0-255,66,28042,76,219892
18060,0.001353,172.217.160.0-255,2902,30944,76,219892
18061,0.001355,172.31.40.0-255,66,31010,76,219892
18062,0.001367,172.217.160.0-255,5738,36748,76,219892
18063,0.00137,172.31.40.0-255,66,36814,76,219892
18064,0.001375,172.217.160.0-255,2902,39716,76,219892
18065,0.001376,172.31.40.0-255,66,39782,76,219892
18066,0.001413,172.217.160.0-255,5738,45520,76,219892
18067,0.001416,172.31.40.0-255,66,45586,76,219892
18068,0.001434,172.31.40.0-255,66,45652,76,219892
18069,0.001458,172.217.160.0-255,3602,49254,76,219892
18070,0.001465,172.31.40.0-255,66,49320,76,219892
18071,0.001889,172.217.160.0-255,1484,50804,76,219892
18072,0.0019,172.217.160.0-255,2902,53706,76,219892
18073,0.001904,172.31.40.0-255,66,53772,76,219892
18074,0.001912,172.217.160.0-255,5738,59510,76,219892
18075,0.001914,172.31.40.0-255,66,59576,76,219892
18076,0.00195,172.217.160.0-255,2902,62478,76,219892
18077,0.001952,172.31.40.0-255,66,62544,76,219892
18078,0.001958,172.217.160.0-255,4320,66864,76,219892
18079,0.001961,172.31.40.0-255,66,66930,76,219892
18080,0.001969,172.217.160.0-255,1484,68414,76,219892
18081,0.001996,172.217.160.0-255,7156,75570,76,219892
18082,0.001998,172.31.40.0-255,66,75636,76,219892
18083,0.002004,172.217.160.0-255,2902,78538,76,219892
18084,0.002006,172.31.40.0-255,66,78604,76,219892
18085,0.00398,172.217.160.0-255,5738,84342,76,219892
18086,0.003985,172.31.40.0-255,66,84408,76,219892
18087,0.005977,172.217.160.0-255,5738,90146,76,219892
18088,0.005983,172.31.40.0-255,66,90212,76,219892
18089,0.007973,172.217.160.0-255,5738,95950,76,219892
18090,0.007979,172.31.40.0-255,66,96016,76,219892
18091,0.010005,172.217.160.0-255,5738,101754,76,219892
18092,0.010013,172.31.40.0-255,66,101820,76,219892
18093,0.011995,172.217.160.0-255,5738,107558,76,219892
18094,0.012002,172.31.40.0-255,66,107624,76,219892
18095,0.014003,172.217.160.0-255,4320,111944,76,219892
18096,0.014014,172.31.40.0-255,66,112010,76,219892
18097,0.014043,172.217.160.0-255,1484,113494,76,219892
18098,0.015989,172.217.160.0-255,4320,117814,76,219892
18099,0.015997,172.31.40.0-255,66,117880,76,219892
18100,0.017982,172.217.160.0-255,5738,123618,76,219892
18101,0.017989,172.31.40.0-255,66,123684,76,219892
18102,0.019988,172.217.160.0-255,5738,129422,76,219892
18103,0.019996,172.31.40.0-255,66,129488,76,219892
18104,0.021974,172.217.160.0-255,4320,133808,76,219892
18105,0.021983,172.31.40.0-255,66,133874,76,219892
18106,0.022007,172.217.160.0-255,1484,135358,76,219892
18107,0.023992,172.217.160.0-255,4320,139678,76,219892
18108,0.024,172.31.40.0-255,66,139744,76,219892
18109,0.026008,172.217.160.0-255,5738,145482,76,219892
18110,0.026014,172.31.40.0-255,66,145548,76,219892
18111,0.027506,172.31.40.0-255,172,145720,76,219892
18112,0.027542,172.31.40.0-255,1108,146828,76,219892
18113,0.027606,172.31.40.0-255,1514,148342,76,219892
18114,0.027608,172.31.40.0-255,1308,149650,76,219892
18115,0.027987,172.217.160.0-255,5738,155388,76,219892
18116,0.027995,172.31.40.0-255,66,155454,76,219892
18117,0.029095,104.244.42.0-255,66,155520,76,219892
18118,0.029103,104.244.42.0-255,66,155586,76,219892
18119,0.029155,104.244.42.0-255,66,155652,76,219892
18120,0.029967,172.217.160.0-255,5738,161390,76,219892
18121,0.029972,172.31.40.0-255,66,161456,76,219892
18122,0.031961,172.217.160.0-255,5738,167194,76,219892
18123,0.031968,172.31.40.0-255,66,167260,76,219892
18124,0.033958,172.217.160.0-255,5738,172998,76,219892
18125,0.033963,172.31.40.0-255,66,173064,76,219892
18126,0.035966,172.217.160.0-255,5738,178802,76,219892
18127,0.035974,172.31.40.0-255,66,178868,76,219892
18128,0.037971,172.217.160.0-255,5738,184606,76,219892
18129,0.037979,172.31.40.0-255,66,184672,76,219892
18130,0.039989,172.217.160.0-255,5738,190410,76,219892
18131,0.039996,172.31.40.0-255,66,190476,76,219892
18132,0.041976,172.217.160.0-255,5738,196214,76,219892
18133,0.041981,172.31.40.0-255,66,196280,76,219892
18134,0.043978,172.217.160.0-255,5738,202018,76,219892
18135,0.043985,172.31.40.0-255,66,202084,76,219892
18136,0.045961,172.217.160.0-255,2902,204986,76,219892
18137,0.045967,172.31.40.0-255,66,205052,76,219892
18138,0.045996,172.217.160.0-255,2902,207954,76,219892
18139,0.045999,172.31.40.0-255,66,208020,76,219892
18140,0.047938,172.217.160.0-255,2902,210922,76,219892
18141,0.047948,172.31.40.0-255,66,210988,76,219892
18142,0.047979,172.217.160.0-255,2902,213890,76,219892
18143,0.047982,172.31.40.0-255,66,213956,76,219892
18144,0.049931,172.217.160.0-255,2902,216858,76,219892
18145,0.049946,172.31.40.0-255,66,216924,76,219892
18146,0.049978,172.217.160.0-255,2902,219826,76,219892
18147,0.04998,172.31.40.0-255,66,219892,76,219892
18148,0.0,74.125.24.0-255,152,152,76,240138
18149,1.5e-05,172.31.40.0-255,66,218,76,240138
18150,2.2e-05,74.125.24.0-255,1484,1702,76,240138
18151,2.7e-05,172.31.40.0-255,66,1768,76,240138
18152,6.2e-05,74.125.24.0-255,1484,3252,76,240138
18153,6.7e-05,172.31.40.0-255,66,3318,76,240138
18154,9.4e-05,74.125.24.0-255,1484,4802,76,240138
18155,9.7e-05,172.31.40.0-255,66,4868,76,240138
18156,0.000106,74.125.24.0-255,7156,12024,76,240138
18157,0.000109,172.31.40.0-255,66,12090,76,240138
18158,0.000112,74.125.24.0-255,1484,13574,76,240138
18159,0.000114,172.31.40.0-255,66,13640,76,240138
18160,0.000128,172.31.40.0-255,66,13706,76,240138
18161,0.000134,74.125.24.0-255,5738,19444,76,240138
18162,0.000136,172.31.40.0-255,66,19510,76,240138
18163,0.000167,74.125.24.0-255,1125,20635,76,240138
18164,0.00017,172.31.40.0-255,66,20701,76,240138
18165,0.000652,74.125.24.0-255,1484,22185,76,240138
18166,0.000658,172.31.40.0-255,66,22251,76,240138
18167,0.000664,74.125.24.0-255,2902,25153,76,240138
18168,0.000666,172.31.40.0-255,66,25219,76,240138
18169,0.000671,74.125.24.0-255,4320,29539,76,240138
18170,0.000674,172.31.40.0-255,66,29605,76,240138
18171,0.000701,74.125.24.0-255,1484,31089,76,240138
18172,0.000704,172.31.40.0-255,66,31155,76,240138
18173,0.000708,74.125.24.0-255,1484,32639,76,240138
18174,0.00071,172.31.40.0-255,66,32705,76,240138
18175,0.000713,74.125.24.0-255,1484,34189,76,240138
18176,0.000715,172.31.40.0-255,66,34255,76,240138
18177,0.000763,172.31.40.0-255,66,34321,76,240138
18178,0.00077,74.125.24.0-255,5738,40059,76,240138
18179,0.000804,74.125.24.0-255,7071,47130,76,240138
18180,0.000811,172.31.40.0-255,66,47196,76,240138
18181,0.000818,74.125.24.0-255,381,47577,76,240138
18182,0.000938,74.125.24.0-255,1484,49061,76,240138
18183,0.000942,172.31.40.0-255,66,49127,76,240138
18184,0.000947,74.125.24.0-255,2902,52029,76,240138
18185,0.000963,172.31.40.0-255,66,52095,76,240138
18186,0.000982,74.125.24.0-255,5738,57833,76,240138
18187,0.000989,74.125.24.0-255,5738,63571,76,240138
18188,0.001008,74.125.24.0-255,7156,70727,76,240138
18189,0.001013,74.125.24.0-255,2902,73629,76,240138
18190,0.001021,172.31.40.0-255,66,73695,76,240138
18191,0.00103,74.125.24.0-255,2902,76597,76,240138
18192,0.001033,74.125.24.0-255,1484,78081,76,240138
18193,0.001062,172.31.40.0-255,66,78147,76,240138
18194,0.001092,74.125.24.0-255,6438,84585,76,240138
18195,0.001112,74.125.24.0-255,4471,89056,76,240138
18196,0.001126,172.31.40.0-255,66,89122,76,240138
18197,0.00137,74.125.24.0-255,1484,90606,76,240138
18198,0.001391,74.125.24.0-255,2902,93508,76,240138
18199,0.001406,172.31.40.0-255,66,93574,76,240138
18200,0.00142,74.125.24.0-255,5738,99312,76,240138
18201,0.001433,74.125.24.0-255,7156,106468,76,240138
18202,0.001447,74.125.24.0-255,2902,109370,76,240138
18203,0.001465,172.31.40.0-255,66,109436,76,240138
18204,0.001476,74.125.24.0-255,2902,112338,76,240138
18205,0.001512,172.31.40.0-255,66,112404,76,240138
18206,0.002269,74.125.24.0-255,1484,113888,76,240138
18207,0.00228,74.125.24.0-255,2902,116790,76,240138
18208,0.002284,172.31.40.0-255,66,116856,76,240138
18209,0.002292,74.125.24.0-255,4320,121176,76,240138
18210,0.002313,74.125.24.0-255,1484,122660,76,240138
18211,0.002316,74.125.24.0-255,1484,124144,76,240138
18212,0.002341,74.125.24.0-255,7156,131300,76,240138
18213,0.005706,172.31.40.0-255,66,131366,76,240138
18214,0.00807,74.125.24.0-255,5738,137104,76,240138
18215,0.008077,172.31.40.0-255,66,137170,76,240138
18216,0.01037,74.125.24.0-255,5738,142908,76,240138
18217,0.010378,172.31.40.0-255,66,142974,76,240138
18218,0.012647,74.125.24.0-255,5738,148712,76,240138
18219,0.012654,172.31.40.0-255,66,148778,76,240138
18220,0.014989,74.125.24.0-255,5738,154516,76,240138
18221,0.015649,172.31.40.0-255,66,154582,76,240138
18222,0.017949,74.125.24.0-255,5738,160320,76,240138
18223,0.017959,172.31.40.0-255,66,160386,76,240138
18224,0.020254,74.125.24.0-255,5738,166124,76,240138
18225,0.020262,172.31.40.0-255,66,166190,76,240138
18226,0.022548,74.125.24.0-255,5738,171928,76,240138
18227,0.022556,172.31.40.0-255,66,171994,76,240138
18228,0.024845,74.125.24.0-255,5738,177732,76,240138
18229,0.024853,172.31.40.0-255,66,177798,76,240138
18230,0.027163,74.125.24.0-255,5738,183536,76,240138
18231,0.027171,172.31.40.0-255,66,183602,76,240138
18232,0.029474,74.125.24.0-255,5738,189340,76,240138
18233,0.029484,172.31.40.0-255,66,189406,76,240138
18234,0.031775,74.125.24.0-255,5738,195144,76,240138
18235,0.031785,172.31.40.0-255,66,195210,76,240138
18236,0.034066,74.125.24.0-255,5738,200948,76,240138
18237,0.034074,172.31.40.0-255,66,201014,76,240138
18238,0.034279,172.31.40.0-255,172,201186,76,240138
18239,0.034307,172.31.40.0-255,1110,202296,76,240138
18240,0.034428,172.31.40.0-255,1514,203810,76,240138
18241,0.03443,172.31.40.0-255,1306,205116,76,240138
18242,0.035833,104.244.42.0-255,66,205182,76,240138
18243,0.035879,104.244.42.0-255,66,205248,76,240138
18244,0.035977,104.244.42.0-255,66,205314,76,240138
18245,0.036379,74.125.24.0-255,5738,211052,76,240138
18246,0.03639,172.31.40.0-255,66,211118,76,240138
18247,0.038791,74.125.24.0-255,5738,216856,76,240138
18248,0.038815,172.31.40.0-255,66,216922,76,240138
18249,0.041097,74.125.24.0-255,5738,222660,76,240138
18250,0.041113,172.31.40.0-255,66,222726,76,240138
18251,0.043454,74.125.24.0-255,5738,228464,76,240138
18252,0.043472,172.31.40.0-255,66,228530,76,240138
18253,0.045783,74.125.24.0-255,5738,234268,76,240138
18254,0.045797,172.31.40.0-255,66,234334,76,240138
18255,0.048086,74.125.24.0-255,5738,240072,76,240138
18256,0.048102,172.31.40.0-255,66,240138,76,240138
18257,0.0,74.125.24.0-255,152,152,76,214314
18258,2.5e-05,172.31.40.0-255,66,218,76,214314
18259,3.2e-05,74.125.24.0-255,1484,1702,76,214314
18260,3.8e-05,172.31.40.0-255,66,1768,76,214314
18261,4.5e-05,74.125.24.0-255,2902,4670,76,214314
18262,4.9e-05,172.31.40.0-255,66,4736,76,214314
18263,5.8e-05,74.125.24.0-255,7156,11892,76,214314
18264,6.1e-05,172.31.40.0-255,66,11958,76,214314
18265,8.7e-05,74.125.24.0-255,1901,13859,76,214314
18266,9e-05,172.31.40.0-255,66,13925,76,214314
18267,0.000179,74.125.24.0-255,1484,15409,76,214314
18268,0.000182,172.31.40.0-255,66,15475,76,214314
18269,0.000187,74.125.24.0-255,2902,18377,76,214314
18270,0.00019,172.31.40.0-255,66,18443,76,214314
18271,0.000197,74.125.24.0-255,5738,24181,76,214314
18272,0.000199,172.31.40.0-255,66,24247,76,214314
18273,0.000244,172.31.40.0-255,66,24313,76,214314
18274,0.000262,74.125.24.0-255,3961,28274,76,214314
18275,0.000264,172.31.40.0-255,66,28340,76,214314
18276,0.000299,74.125.24.0-255,7156,35496,76,214314
18277,0.000302,172.31.40.0-255,66,35562,76,214314
18278,0.000327,74.125.24.0-255,2543,38105,76,214314
18279,0.00033,172.31.40.0-255,66,38171,76,214314
18280,0.000343,172.31.40.0-255,66,38237,76,214314
18281,0.00035,74.125.24.0-255,7132,45369,76,214314
18282,0.000352,172.31.40.0-255,66,45435,76,214314
18283,0.00054,74.125.24.0-255,110,45545,76,214314
18284,0.000545,172.31.40.0-255,66,45611,76,214314
18285,0.000727,74.125.24.0-255,1484,47095,76,214314
18286,0.000732,172.31.40.0-255,66,47161,76,214314
18287,0.000738,74.125.24.0-255,2902,50063,76,214314
18288,0.000744,74.125.24.0-255,4320,54383,76,214314
18289,0.00075,172.31.40.0-255,66,54449,76,214314
18290,0.000767,74.125.24.0-255,1484,55933,76,214314
18291,0.000785,74.125.24.0-255,5738,61671,76,214314
18292,0.00079,172.31.40.0-255,66,61737,76,214314
18293,0.00081,74.125.24.0-255,5738,67475,76,214314
18294,0.00082,172.31.40.0-255,66,67541,76,214314
18295,0.000826,74.125.24.0-255,3961,71502,76,214314
18296,0.000848,172.31.40.0-255,66,71568,76,214314
18297,0.00227,74.125.24.0-255,1484,73052,76,214314
18298,0.002285,74.125.24.0-255,2902,75954,76,214314
18299,0.002291,172.31.40.0-255,66,76020,76,214314
18300,0.0023,74.125.24.0-255,5738,81758,76,214314
18301,0.002306,74.125.24.0-255,4320,86078,76,214314
18302,0.002312,74.125.24.0-255,5738,91816,76,214314
18303,0.002337,74.125.24.0-255,5738,97554,76,214314
18304,0.002344,74.125.24.0-255,5738,103292,76,214314
18305,0.002361,74.125.24.0-255,2184,105476,76,214314
18306,0.004502,172.31.40.0-255,66,105542,76,214314
18307,0.006853,74.125.24.0-255,5738,111280,76,214314
18308,0.006867,172.31.40.0-255,66,111346,76,214314
18309,0.009229,74.125.24.0-255,5738,117084,76,214314
18310,0.009248,172.31.40.0-255,66,117150,76,214314
18311,0.011629,74.125.24.0-255,5738,122888,76,214314
18312,0.012672,172.31.40.0-255,66,122954,76,214314
18313,0.015043,74.125.24.0-255,5738,128692,76,214314
18314,0.015066,172.31.40.0-255,66,128758,76,214314
18315,0.017452,74.125.24.0-255,5738,134496,76,214314
18316,0.01747,172.31.40.0-255,66,134562,76,214314
18317,0.019824,74.125.24.0-255,5738,140300,76,214314
18318,0.019843,172.31.40.0-255,66,140366,76,214314
18319,0.022197,74.125.24.0-255,5738,146104,76,214314
18320,0.02222,172.31.40.0-255,66,146170,76,214314
18321,0.024569,74.125.24.0-255,5738,151908,76,214314
18322,0.024589,172.31.40.0-255,66,151974,76,214314
18323,0.026957,74.125.24.0-255,5738,157712,76,214314
18324,0.026976,172.31.40.0-255,66,157778,76,214314
18325,0.028695,172.31.40.0-255,172,157950,76,214314
18326,0.028725,172.31.40.0-255,1108,159058,76,214314
18327,0.028788,172.31.40.0-255,1514,160572,76,214314
18328,0.02879,172.31.40.0-255,1308,161880,76,214314
18329,0.029297,74.125.24.0-255,5738,167618,76,214314
18330,0.029306,172.31.40.0-255,66,167684,76,214314
18331,0.030295,104.244.42.0-255,66,167750,76,214314
18332,0.030306,104.244.42.0-255,66,167816,76,214314
18333,0.030367,104.244.42.0-255,66,167882,76,214314
18334,0.031645,74.125.24.0-255,5738,173620,76,214314
18335,0.031674,172.31.40.0-255,66,173686,76,214314
18336,0.034045,74.125.24.0-255,5738,179424,76,214314
18337,0.034059,172.31.40.0-255,66,179490,76,214314
18338,0.036401,74.125.24.0-255,5738,185228,76,214314
18339,0.036413,172.31.40.0-255,66,185294,76,214314
18340,0.038766,74.125.24.0-255,5738,191032,76,214314
18341,0.038779,172.31.40.0-255,66,191098,76,214314
18342,0.041122,74.125.24.0-255,5738,196836,76,214314
18343,0.041137,172.31.40.0-255,66,196902,76,214314
18344,0.043494,74.125.24.0-255,5738,202640,76,214314
18345,0.043508,172.31.40.0-255,66,202706,76,214314
18346,0.045859,74.125.24.0-255,5738,208444,76,214314
18347,0.045873,172.31.40.0-255,66,208510,76,214314
18348,0.048203,74.125.24.0-255,5738,214248,76,214314
18349,0.048219,172.31.40.0-255,66,214314,76,214314
18350,0.0,172.217.194.0-255,150,150,76,253022
18351,2.2e-05,172.31.40.0-255,66,216,76,253022
18352,2.8e-05,172.217.194.0-255,1484,1700,76,253022
18353,3.2e-05,172.31.40.0-255,66,1766,76,253022
18354,3.8e-05,172.217.194.0-255,2902,4668,76,253022
18355,4.9e-05,172.31.40.0-255,66,4734,76,253022
18356,5.7e-05,172.217.194.0-255,7156,11890,76,253022
18357,6.1e-05,172.31.40.0-255,66,11956,76,253022
18358,6.5e-05,172.217.194.0-255,2020,13976,76,253022
18359,6.8e-05,172.31.40.0-255,66,14042,76,253022
18360,0.000114,172.217.194.0-255,1484,15526,76,253022
18361,0.000116,172.31.40.0-255,66,15592,76,253022
18362,0.000134,172.217.194.0-255,2902,18494,76,253022
18363,0.000137,172.31.40.0-255,66,18560,76,253022
18364,0.000165,172.217.194.0-255,5738,24298,76,253022
18365,0.000167,172.31.40.0-255,66,24364,76,253022
18366,0.000174,172.217.194.0-255,5738,30102,76,253022
18367,0.000176,172.31.40.0-255,66,30168,76,253022
18368,0.000218,172.217.194.0-255,1125,31293,76,253022
18369,0.000221,172.31.40.0-255,66,31359,76,253022
18370,0.000291,172.217.194.0-255,1484,32843,76,253022
18371,0.000294,172.31.40.0-255,66,32909,76,253022
18372,0.000299,172.217.194.0-255,2902,35811,76,253022
18373,0.000302,172.31.40.0-255,66,35877,76,253022
18374,0.000331,172.217.194.0-255,5738,41615,76,253022
18375,0.000334,172.31.40.0-255,66,41681,76,253022
18376,0.000339,172.217.194.0-255,2902,44583,76,253022
18377,0.000341,172.31.40.0-255,66,44649,76,253022
18378,0.000375,172.31.40.0-255,66,44715,76,253022
18379,0.000388,172.31.40.0-255,66,44781,76,253022
18380,0.00039,172.217.194.0-255,358,45139,76,253022
18381,0.000393,172.217.194.0-255,385,45524,76,253022
18382,0.000761,172.217.194.0-255,1484,47008,76,253022
18383,0.000768,172.31.40.0-255,66,47074,76,253022
18384,0.000774,172.217.194.0-255,2902,49976,76,253022
18385,0.000778,172.31.40.0-255,66,50042,76,253022
18386,0.000782,172.217.194.0-255,2902,52944,76,253022
18387,0.00079,172.31.40.0-255,66,53010,76,253022
18388,0.000822,172.217.194.0-255,2902,55912,76,253022
18389,0.000825,172.31.40.0-255,66,55978,76,253022
18390,0.000839,172.31.40.0-255,66,56044,76,253022
18391,0.000851,172.31.40.0-255,66,56110,76,253022
18392,0.001001,172.217.194.0-255,1484,57594,76,253022
18393,0.001008,172.217.194.0-255,2902,60496,76,253022
18394,0.001011,172.31.40.0-255,66,60562,76,253022
18395,0.001015,172.217.194.0-255,1484,62046,76,253022
18396,0.001044,172.217.194.0-255,4320,66366,76,253022
18397,0.001047,172.31.40.0-255,66,66432,76,253022
18398,0.001054,172.217.194.0-255,5738,72170,76,253022
18399,0.001056,172.31.40.0-255,66,72236,76,253022
18400,0.001083,172.217.194.0-255,7156,79392,76,253022
18401,0.001085,172.31.40.0-255,66,79458,76,253022
18402,0.001098,172.31.40.0-255,66,79524,76,253022
18403,0.001121,172.217.194.0-255,4320,83844,76,253022
18404,0.001123,172.31.40.0-255,66,83910,76,253022
18405,0.001154,172.217.194.0-255,2902,86812,76,253022
18406,0.001157,172.31.40.0-255,66,86878,76,253022
18407,0.001168,172.31.40.0-255,66,86944,76,253022
18408,0.00118,172.31.40.0-255,66,87010,76,253022
18409,0.001209,172.217.194.0-255,5738,92748,76,253022
18410,0.001212,172.31.40.0-255,66,92814,76,253022
18411,0.001215,172.217.194.0-255,766,93580,76,253022
18412,0.001929,172.217.194.0-255,1484,95064,76,253022
18413,0.001933,172.31.40.0-255,66,95130,76,253022
18414,0.001939,172.217.194.0-255,2902,98032,76,253022
18415,0.001942,172.31.40.0-255,66,98098,76,253022
18416,0.001944,172.217.194.0-255,1484,99582,76,253022
18417,0.001969,172.217.194.0-255,4320,103902,76,253022
18418,0.001972,172.31.40.0-255,66,103968,76,253022
18419,0.001977,172.217.194.0-255,5738,109706,76,253022
18420,0.001979,172.31.40.0-255,66,109772,76,253022
18421,0.001982,172.217.194.0-255,1484,111256,76,253022
18422,0.002021,172.31.40.0-255,66,111322,76,253022
18423,0.002027,172.217.194.0-255,5020,116342,76,253022
18424,0.002029,172.31.40.0-255,66,116408,76,253022
18425,0.004079,172.217.194.0-255,5738,122146,76,253022
18426,0.004086,172.31.40.0-255,66,122212,76,253022
18427,0.006139,172.217.194.0-255,4320,126532,76,253022
18428,0.006142,172.31.40.0-255,66,126598,76,253022
18429,0.006165,172.217.194.0-255,1484,128082,76,253022
18430,0.008183,172.217.194.0-255,4320,132402,76,253022
18431,0.008187,172.31.40.0-255,66,132468,76,253022
18432,0.010234,172.217.194.0-255,5738,138206,76,253022
18433,0.010242,172.31.40.0-255,66,138272,76,253022
18434,0.012295,172.217.194.0-255,5738,144010,76,253022
18435,0.012302,172.31.40.0-255,66,144076,76,253022
18436,0.014316,172.217.194.0-255,5738,149814,76,253022
18437,0.014326,172.31.40.0-255,66,149880,76,253022
18438,0.016358,172.217.194.0-255,5738,155618,76,253022
18439,0.016366,172.31.40.0-255,66,155684,76,253022
18440,0.018411,172.217.194.0-255,5738,161422,76,253022
18441,0.018419,172.31.40.0-255,66,161488,76,253022
18442,0.020483,172.217.194.0-255,5738,167226,76,253022
18443,0.020491,172.31.40.0-255,66,167292,76,253022
18444,0.022553,172.217.194.0-255,5738,173030,76,253022
18445,0.022561,172.31.40.0-255,66,173096,76,253022
18446,0.024605,172.217.194.0-255,5738,178834,76,253022
18447,0.024612,172.31.40.0-255,66,178900,76,253022
18448,0.02664,172.217.194.0-255,5738,184638,76,253022
18449,0.026647,172.31.40.0-255,66,184704,76,253022
18450,0.028678,172.217.194.0-255,5738,190442,76,253022
18451,0.028688,172.31.40.0-255,66,190508,76,253022
18452,0.030726,172.217.194.0-255,5738,196246,76,253022
18453,0.030733,172.31.40.0-255,66,196312,76,253022
18454,0.031579,172.31.40.0-255,172,196484,76,253022
18455,0.031611,172.31.40.0-255,1108,197592,76,253022
18456,0.03167,172.31.40.0-255,1514,199106,76,253022
18457,0.031671,172.31.40.0-255,1308,200414,76,253022
18458,0.032765,172.217.194.0-255,5738,206152,76,253022
18459,0.032771,172.31.40.0-255,66,206218,76,253022
18460,0.033078,104.244.42.0-255,66,206284,76,253022
18461,0.033114,104.244.42.0-255,66,206350,76,253022
18462,0.033187,104.244.42.0-255,66,206416,76,253022
18463,0.033972,104.244.42.0-255,108,206524,76,253022
18464,0.033981,172.31.40.0-255,66,206590,76,253022
18465,0.034823,172.217.194.0-255,5738,212328,76,253022
18466,0.034826,172.31.40.0-255,66,212394,76,253022
18467,0.036872,172.217.194.0-255,5738,218132,76,253022
18468,0.036879,172.31.40.0-255,66,218198,76,253022
18469,0.038919,172.217.194.0-255,5738,223936,76,253022
18470,0.038937,172.31.40.0-255,66,224002,76,253022
18471,0.040989,172.217.194.0-255,5738,229740,76,253022
18472,0.040995,172.31.40.0-255,66,229806,76,253022
18473,0.043035,172.217.194.0-255,5738,235544,76,253022
18474,0.043041,172.31.40.0-255,66,235610,76,253022
18475,0.04508,172.217.194.0-255,5738,241348,76,253022
18476,0.045088,172.31.40.0-255,66,241414,76,253022
18477,0.047104,172.217.194.0-255,5738,247152,76,253022
18478,0.047109,172.31.40.0-255,66,247218,76,253022
18479,0.049143,172.217.194.0-255,5738,252956,76,253022
18480,0.049152,172.31.40.0-255,66,253022,76,253022
18481,0.0,74.125.200.0-255,153,153,76,327354
18482,1.8e-05,172.31.40.0-255,66,219,76,327354
18483,2.4e-05,74.125.200.0-255,1484,1703,76,327354
18484,2.8e-05,172.31.40.0-255,66,1769,76,327354
18485,3.4e-05,74.125.200.0-255,2902,4671,76,327354
18486,4.5e-05,172.31.40.0-255,66,4737,76,327354
18487,5.2e-05,74.125.200.0-255,5738,10475,76,327354
18488,5.5e-05,172.31.40.0-255,66,10541,76,327354
18489,8.5e-05,74.125.200.0-255,5738,16279,76,327354
18490,9.1e-05,172.31.40.0-255,66,16345,76,327354
18491,0.000112,74.125.200.0-255,620,16965,76,327354
18492,0.000114,172.31.40.0-255,66,17031,76,327354
18493,0.000119,74.125.200.0-255,2902,19933,76,327354
18494,0.00012,172.31.40.0-255,66,19999,76,327354
18495,0.000125,74.125.200.0-255,4320,24319,76,327354
18496,0.000127,172.31.40.0-255,66,24385,76,327354
18497,0.00015,74.125.200.0-255,4320,28705,76,327354
18498,0.000156,172.31.40.0-255,66,28771,76,327354
18499,0.000172,74.125.200.0-255,2543,31314,76,327354
18500,0.000174,172.31.40.0-255,66,31380,76,327354
18501,0.000201,74.125.200.0-255,1484,32864,76,327354
18502,0.000203,172.31.40.0-255,66,32930,76,327354
18503,0.000218,74.125.200.0-255,2902,35832,76,327354
18504,0.000221,172.31.40.0-255,66,35898,76,327354
18505,0.000255,74.125.200.0-255,5738,41636,76,327354
18506,0.000257,172.31.40.0-255,66,41702,76,327354
18507,0.000261,74.125.200.0-255,2902,44604,76,327354
18508,0.000263,172.31.40.0-255,66,44670,76,327354
18509,0.000268,74.125.200.0-255,4320,48990,76,327354
18510,0.00027,172.31.40.0-255,66,49056,76,327354
18511,0.000312,172.31.40.0-255,66,49122,76,327354
18512,0.000316,74.125.200.0-255,4320,53442,76,327354
18513,0.000318,172.31.40.0-255,66,53508,76,327354
18514,0.00035,74.125.200.0-255,2902,56410,76,327354
18515,0.000352,172.31.40.0-255,66,56476,76,327354
18516,0.000355,74.125.200.0-255,1140,57616,76,327354
18517,0.000371,74.125.200.0-255,333,57949,76,327354
18518,0.000653,74.125.200.0-255,1484,59433,76,327354
18519,0.000659,172.31.40.0-255,66,59499,76,327354
18520,0.000665,74.125.200.0-255,2902,62401,76,327354
18521,0.000668,172.31.40.0-255,66,62467,76,327354
18522,0.000674,74.125.200.0-255,5738,68205,76,327354
18523,0.000677,172.31.40.0-255,66,68271,76,327354
18524,0.000681,74.125.200.0-255,2902,71173,76,327354
18525,0.000684,172.31.40.0-255,66,71239,76,327354
18526,0.000726,172.31.40.0-255,66,71305,76,327354
18527,0.000764,172.31.40.0-255,66,71371,76,327354
18528,0.000901,74.125.200.0-255,1484,72855,76,327354
18529,0.000906,74.125.200.0-255,2902,75757,76,327354
18530,0.000916,172.31.40.0-255,66,75823,76,327354
18531,0.000938,74.125.200.0-255,5738,81561,76,327354
18532,0.00094,172.31.40.0-255,66,81627,76,327354
18533,0.000945,74.125.200.0-255,2902,84529,76,327354
18534,0.000947,172.31.40.0-255,66,84595,76,327354
18535,0.000953,74.125.200.0-255,4320,88915,76,327354
18536,0.000955,172.31.40.0-255,66,88981,76,327354
18537,0.000999,172.31.40.0-255,66,89047,76,327354
18538,0.001006,74.125.200.0-255,7156,96203,76,327354
18539,0.001009,172.31.40.0-255,66,96269,76,327354
18540,0.001016,74.125.200.0-255,766,97035,76,327354
18541,0.001114,74.125.200.0-255,1484,98519,76,327354
18542,0.001118,172.31.40.0-255,66,98585,76,327354
18543,0.001123,74.125.200.0-255,2902,101487,76,327354
18544,0.001126,172.31.40.0-255,66,101553,76,327354
18545,0.001137,74.125.200.0-255,5738,107291,76,327354
18546,0.00114,172.31.40.0-255,66,107357,76,327354
18547,0.001172,74.125.200.0-255,7156,114513,76,327354
18548,0.001175,172.31.40.0-255,66,114579,76,327354
18549,0.001247,172.31.40.0-255,66,114645,76,327354
18550,0.001277,74.125.200.0-255,2902,117547,76,327354
18551,0.001279,172.31.40.0-255,66,117613,76,327354
18552,0.001283,74.125.200.0-255,2184,119797,76,327354
18553,0.001286,172.31.40.0-255,66,119863,76,327354
18554,0.001437,74.125.200.0-255,1484,121347,76,327354
18555,0.001441,74.125.200.0-255,1484,122831,76,327354
18556,0.001445,172.31.40.0-255,66,122897,76,327354
18557,0.001478,74.125.200.0-255,1484,124381,76,327354
18558,0.001481,74.125.200.0-255,1484,125865,76,327354
18559,0.001484,172.31.40.0-255,66,125931,76,327354
18560,0.001489,74.125.200.0-255,2902,128833,76,327354
18561,0.001491,172.31.40.0-255,66,128899,76,327354
18562,0.001497,74.125.200.0-255,5738,134637,76,327354
18563,0.001504,172.31.40.0-255,66,134703,76,327354
18564,0.001508,74.125.200.0-255,2902,137605,76,327354
18565,0.00151,172.31.40.0-255,66,137671,76,327354
18566,0.001513,74.125.200.0-255,1484,139155,76,327354
18567,0.001544,74.125.200.0-255,2902,142057,76,327354
18568,0.001547,172.31.40.0-255,66,142123,76,327354
18569,0.001558,172.31.40.0-255,66,142189,76,327354
18570,0.001618,74.125.200.0-255,1484,143673,76,327354
18571,0.001682,74.125.200.0-255,1484,145157,76,327354
18572,0.001686,172.31.40.0-255,66,145223,76,327354
18573,0.001689,74.125.200.0-255,766,145989,76,327354
18574,0.001879,74.125.200.0-255,1484,147473,76,327354
18575,0.001883,172.31.40.0-255,66,147539,76,327354
18576,0.001916,74.125.200.0-255,2902,150441,76,327354
18577,0.001919,172.31.40.0-255,66,150507,76,327354
18578,0.001923,74.125.200.0-255,1484,151991,76,327354
18579,0.001927,74.125.200.0-255,2902,154893,76,327354
18580,0.001929,172.31.40.0-255,66,154959,76,327354
18581,0.00194,74.125.200.0-255,5738,160697,76,327354
18582,0.001942,172.31.40.0-255,66,160763,76,327354
18583,0.001983,172.31.40.0-255,66,160829,76,327354
18584,0.002023,172.31.40.0-255,66,160895,76,327354
18585,0.002095,74.125.200.0-255,1484,162379,76,327354
18586,0.00211,74.125.200.0-255,2902,165281,76,327354
18587,0.002113,172.31.40.0-255,66,165347,76,327354
18588,0.002117,74.125.200.0-255,1484,166831,76,327354
18589,0.00214,74.125.200.0-255,2902,169733,76,327354
18590,0.002143,172.31.40.0-255,66,169799,76,327354
18591,0.002166,172.31.40.0-255,66,169865,76,327354
18592,0.002173,74.125.200.0-255,7156,177021,76,327354
18593,0.002176,172.31.40.0-255,66,177087,76,327354
18594,0.002181,74.125.200.0-255,4320,181407,76,327354
18595,0.002183,172.31.40.0-255,66,181473,76,327354
18596,0.002214,74.125.200.0-255,4320,185793,76,327354
18597,0.002217,172.31.40.0-255,66,185859,76,327354
18598,0.002225,74.125.200.0-255,766,186625,76,327354
18599,0.002228,74.125.200.0-255,1484,188109,76,327354
18600,0.00223,172.31.40.0-255,66,188175,76,327354
18601,0.002254,74.125.200.0-255,4320,192495,76,327354
18602,0.002257,172.31.40.0-255,66,192561,76,327354
18603,0.002262,74.125.200.0-255,4320,196881,76,327354
18604,0.002264,172.31.40.0-255,66,196947,76,327354
18605,0.002267,74.125.200.0-255,1484,198431,76,327354
18606,0.002301,74.125.200.0-255,4320,202751,76,327354
18607,0.002304,172.31.40.0-255,66,202817,76,327354
18608,0.002315,172.31.40.0-255,66,202883,76,327354
18609,0.002342,74.125.200.0-255,1484,204367,76,327354
18610,0.002348,74.125.200.0-255,4320,208687,76,327354
18611,0.002352,74.125.200.0-255,2902,211589,76,327354
18612,0.002366,74.125.200.0-255,2184,213773,76,327354
18613,0.007005,172.31.40.0-255,66,213839,76,327354
18614,0.009341,74.125.200.0-255,5738,219577,76,327354
18615,0.009347,172.31.40.0-255,66,219643,76,327354
18616,0.011667,74.125.200.0-255,5738,225381,76,327354
18617,0.011675,172.31.40.0-255,66,225447,76,327354
18618,0.014021,74.125.200.0-255,5738,231185,76,327354
18619,0.014027,172.31.40.0-255,66,231251,76,327354
18620,0.016349,74.125.200.0-255,5738,236989,76,327354
18621,0.016355,172.31.40.0-255,66,237055,76,327354
18622,0.018687,74.125.200.0-255,5738,242793,76,327354
18623,0.018698,172.31.40.0-255,66,242859,76,327354
18624,0.021022,74.125.200.0-255,5738,248597,76,327354
18625,0.021032,172.31.40.0-255,66,248663,76,327354
18626,0.023395,74.125.200.0-255,5738,254401,76,327354
18627,0.023403,172.31.40.0-255,66,254467,76,327354
18628,0.02572,74.125.200.0-255,5738,260205,76,327354
18629,0.025727,172.31.40.0-255,66,260271,76,327354
18630,0.028084,74.125.200.0-255,5738,266009,76,327354
18631,0.028091,172.31.40.0-255,66,266075,76,327354
18632,0.030415,74.125.200.0-255,5738,271813,76,327354
18633,0.030424,172.31.40.0-255,66,271879,76,327354
18634,0.032745,74.125.200.0-255,5738,277617,76,327354
18635,0.032752,172.31.40.0-255,66,277683,76,327354
18636,0.035085,74.125.200.0-255,5738,283421,76,327354
18637,0.035091,172.31.40.0-255,66,283487,76,327354
18638,0.036039,172.31.40.0-255,167,283654,76,327354
18639,0.036071,172.31.40.0-255,1109,284763,76,327354
18640,0.036123,172.31.40.0-255,1514,286277,76,327354
18641,0.036125,172.31.40.0-255,1514,287791,76,327354
18642,0.036126,172.31.40.0-255,1514,289305,76,327354
18643,0.036168,172.31.40.0-255,1514,290819,76,327354
18644,0.03617,172.31.40.0-255,1513,292332,76,327354
18645,0.037471,74.125.200.0-255,5738,298070,76,327354
18646,0.037479,172.31.40.0-255,66,298136,76,327354
18647,0.037576,104.244.42.0-255,66,298202,76,327354
18648,0.037659,104.244.42.0-255,66,298268,76,327354
18649,0.037767,104.244.42.0-255,66,298334,76,327354
18650,0.039848,74.125.200.0-255,5738,304072,76,327354
18651,0.039853,172.31.40.0-255,66,304138,76,327354
18652,0.042194,74.125.200.0-255,5738,309876,76,327354
18653,0.042203,172.31.40.0-255,66,309942,76,327354
18654,0.044531,74.125.200.0-255,5738,315680,76,327354
18655,0.044538,172.31.40.0-255,66,315746,76,327354
18656,0.046889,74.125.200.0-255,5738,321484,76,327354
18657,0.046895,172.31.40.0-255,66,321550,76,327354
18658,0.049226,74.125.200.0-255,5738,327288,76,327354
18659,0.049233,172.31.40.0-255,66,327354,76,327354
18660,0.0,74.125.68.0-255,290,290,76,252200
18661,1.5e-05,172.31.40.0-255,66,356,76,252200
18662,2.2e-05,74.125.68.0-255,1484,1840,76,252200
18663,2.7e-05,172.31.40.0-255,66,1906,76,252200
18664,3.3e-05,74.125.68.0-255,4320,6226,76,252200
18665,3.8e-05,172.31.40.0-255,66,6292,76,252200
18666,4.2e-05,74.125.68.0-255,2902,9194,76,252200
18667,4.5e-05,172.31.40.0-255,66,9260,76,252200
18668,4.9e-05,74.125.68.0-255,1484,10744,76,252200
18669,5.1e-05,172.31.40.0-255,66,10810,76,252200
18670,8.1e-05,74.125.68.0-255,2902,13712,76,252200
18671,8.4e-05,172.31.40.0-255,66,13778,76,252200
18672,9.6e-05,172.31.40.0-255,66,13844,76,252200
18673,0.000126,74.125.68.0-255,4320,18164,76,252200
18674,0.000128,172.31.40.0-255,66,18230,76,252200
18675,0.000146,74.125.68.0-255,1484,19714,76,252200
18676,0.000149,172.31.40.0-255,66,19780,76,252200
18677,0.000165,74.125.68.0-255,2543,22323,76,252200
18678,0.000168,172.31.40.0-255,66,22389,76,252200
18679,0.000202,74.125.68.0-255,1484,23873,76,252200
18680,0.000204,172.31.40.0-255,66,23939,76,252200
18681,0.000209,74.125.68.0-255,2902,26841,76,252200
18682,0.000211,172.31.40.0-255,66,26907,76,252200
18683,0.000241,74.125.68.0-255,5738,32645,76,252200
18684,0.000244,172.31.40.0-255,66,32711,76,252200
18685,0.000247,74.125.68.0-255,1484,34195,76,252200
18686,0.000249,172.31.40.0-255,66,34261,76,252200
18687,0.000266,74.125.68.0-255,1484,35745,76,252200
18688,0.000268,172.31.40.0-255,66,35811,76,252200
18689,0.000273,74.125.68.0-255,4320,40131,76,252200
18690,0.000275,172.31.40.0-255,66,40197,76,252200
18691,0.000331,74.125.68.0-255,7156,47353,76,252200
18692,0.000335,172.31.40.0-255,66,47419,76,252200
18693,0.000355,74.125.68.0-255,1484,48903,76,252200
18694,0.000362,74.125.68.0-255,5738,54641,76,252200
18695,0.000391,74.125.68.0-255,2184,56825,76,252200
18696,0.000395,74.125.68.0-255,1848,58673,76,252200
18697,0.000398,74.125.68.0-255,1484,60157,76,252200
18698,0.000409,74.125.68.0-255,1484,61641,76,252200
18699,0.000423,74.125.68.0-255,2902,64543,76,252200
18700,0.00044,74.125.68.0-255,4320,68863,76,252200
18701,0.000459,74.125.68.0-255,5077,73940,76,252200
18702,0.000572,172.31.40.0-255,66,74006,76,252200
18703,0.000644,74.125.68.0-255,1484,75490,76,252200
18704,0.000649,74.125.68.0-255,1484,76974,76,252200
18705,0.000655,172.31.40.0-255,66,77040,76,252200
18706,0.000664,74.125.68.0-255,1484,78524,76,252200
18707,0.000668,74.125.68.0-255,2902,81426,76,252200
18708,0.000682,74.125.68.0-255,2902,84328,76,252200
18709,0.000697,74.125.68.0-255,5738,90066,76,252200
18710,0.000709,74.125.68.0-255,1484,91550,76,252200
18711,0.000715,172.31.40.0-255,66,91616,76,252200
18712,0.000773,172.31.40.0-255,66,91682,76,252200
18713,0.000783,74.125.68.0-255,2902,94584,76,252200
18714,0.000798,74.125.68.0-255,5020,99604,76,252200
18715,0.000817,172.31.40.0-255,66,99670,76,252200
18716,0.001076,74.125.68.0-255,1484,101154,76,252200
18717,0.001099,74.125.68.0-255,2902,104056,76,252200
18718,0.001104,74.125.68.0-255,4320,108376,76,252200
18719,0.001116,74.125.68.0-255,1484,109860,76,252200
18720,0.001123,74.125.68.0-255,5738,115598,76,252200
18721,0.001137,172.31.40.0-255,66,115664,76,252200
18722,0.00114,74.125.68.0-255,1484,117148,76,252200
18723,0.001166,74.125.68.0-255,4320,121468,76,252200
18724,0.001176,172.31.40.0-255,66,121534,76,252200
18725,0.001183,74.125.68.0-255,5738,127272,76,252200
18726,0.001188,172.31.40.0-255,66,127338,76,252200
18727,0.001199,74.125.68.0-255,2902,130240,76,252200
18728,0.001219,172.31.40.0-255,66,130306,76,252200
18729,0.001234,74.125.68.0-255,1484,131790,76,252200
18730,0.001248,74.125.68.0-255,2184,133974,76,252200
18731,0.001298,74.125.68.0-255,2902,136876,76,252200
18732,0.001304,74.125.68.0-255,4320,141196,76,252200
18733,0.001312,74.125.68.0-255,7156,148352,76,252200
18734,0.001325,74.125.68.0-255,1484,149836,76,252200
18735,0.001363,74.125.68.0-255,4320,154156,76,252200
18736,0.001391,74.125.68.0-255,2902,157058,76,252200
18737,0.001408,74.125.68.0-255,7156,164214,76,252200
18738,0.001428,74.125.68.0-255,3602,167816,76,252200
18739,0.001476,74.125.68.0-255,1484,169300,76,252200
18740,0.00149,74.125.68.0-255,1484,170784,76,252200
18741,0.001501,74.125.68.0-255,1484,172268,76,252200
18742,0.001507,74.125.68.0-255,4320,176588,76,252200
18743,0.001526,74.125.68.0-255,5738,182326,76,252200
18744,0.00155,74.125.68.0-255,2902,185228,76,252200
18745,0.00162,74.125.68.0-255,4320,189548,76,252200
18746,0.001664,74.125.68.0-255,3602,193150,76,252200
18747,0.001721,74.125.68.0-255,1484,194634,76,252200
18748,0.001725,74.125.68.0-255,1484,196118,76,252200
18749,0.001737,74.125.68.0-255,1484,197602,76,252200
18750,0.001742,74.125.68.0-255,1484,199086,76,252200
18751,0.001768,74.125.68.0-255,4320,203406,76,252200
18752,0.001775,74.125.68.0-255,5738,209144,76,252200
18753,0.00184,74.125.68.0-255,5738,214882,76,252200
18754,0.001856,74.125.68.0-255,1484,216366,76,252200
18755,0.001937,74.125.68.0-255,1484,217850,76,252200
18756,0.001983,74.125.68.0-255,4320,222170,76,252200
18757,0.002013,74.125.68.0-255,7156,229326,76,252200
18758,0.002321,74.125.68.0-255,2902,232228,76,252200
18759,0.002428,74.125.68.0-255,7156,239384,76,252200
18760,0.002745,74.125.68.0-255,5020,244404,76,252200
18761,0.009625,172.31.40.0-255,66,244470,76,252200
18762,0.011623,74.125.68.0-255,1484,245954,76,252200
18763,0.011874,74.125.68.0-255,2675,248629,76,252200
18764,0.011879,172.31.40.0-255,66,248695,76,252200
18765,0.012786,172.31.40.0-255,105,248800,76,252200
18766,0.014996,74.125.68.0-255,66,248866,76,252200
18767,0.047782,172.31.40.0-255,172,249038,76,252200
18768,0.047822,172.31.40.0-255,1105,250143,76,252200
18769,0.047881,172.31.40.0-255,1514,251657,76,252200
18770,0.047883,172.31.40.0-255,345,252002,76,252200
18771,0.049304,104.244.42.0-255,66,252068,76,252200
18772,0.04938,104.244.42.0-255,66,252134,76,252200
18773,0.049422,104.244.42.0-255,66,252200,76,252200
18774,0.0,172.217.194.0-255,297,297,76,164966
18775,1.5e-05,172.31.40.0-255,66,363,76,164966
18776,2.1e-05,172.217.194.0-255,1484,1847,76,164966
18777,2.4e-05,172.31.40.0-255,66,1913,76,164966
18778,2.9e-05,172.217.194.0-255,2902,4815,76,164966
18779,3.3e-05,172.31.40.0-255,66,4881,76,164966
18780,5.5e-05,172.217.194.0-255,1484,6365,76,164966
18781,5.8e-05,172.31.40.0-255,66,6431,76,164966
18782,0.000104,172.217.194.0-255,5738,12169,76,164966
18783,0.000106,172.31.40.0-255,66,12235,76,164966
18784,0.000119,172.217.194.0-255,1823,14058,76,164966
18785,0.000121,172.31.40.0-255,66,14124,76,164966
18786,0.00013,172.217.194.0-255,5738,19862,76,164966
18787,0.000132,172.31.40.0-255,66,19928,76,164966
18788,0.000158,172.217.194.0-255,2902,22830,76,164966
18789,0.000169,172.31.40.0-255,66,22896,76,164966
18790,0.000175,172.31.40.0-255,66,22962,76,164966
18791,0.000201,172.217.194.0-255,1484,24446,76,164966
18792,0.000203,172.31.40.0-255,66,24512,76,164966
18793,0.000207,172.217.194.0-255,2902,27414,76,164966
18794,0.000208,172.31.40.0-255,66,27480,76,164966
18795,0.000227,172.217.194.0-255,5738,33218,76,164966
18796,0.000233,172.31.40.0-255,66,33284,76,164966
18797,0.000238,172.217.194.0-255,4320,37604,76,164966
18798,0.00024,172.31.40.0-255,66,37670,76,164966
18799,0.000258,172.217.194.0-255,2902,40572,76,164966
18800,0.00026,172.31.40.0-255,66,40638,76,164966
18801,0.000303,172.31.40.0-255,66,40704,76,164966
18802,0.000309,172.217.194.0-255,7051,47755,76,164966
18803,0.000311,172.31.40.0-255,66,47821,76,164966
18804,0.000313,172.217.194.0-255,433,48254,76,164966
18805,0.000592,172.217.194.0-255,1484,49738,76,164966
18806,0.000598,172.31.40.0-255,66,49804,76,164966
18807,0.000604,172.217.194.0-255,2902,52706,76,164966
18808,0.000607,172.31.40.0-255,66,52772,76,164966
18809,0.000618,172.217.194.0-255,5738,58510,76,164966
18810,0.000621,172.31.40.0-255,66,58576,76,164966
18811,0.000675,172.31.40.0-255,66,58642,76,164966
18812,0.000685,172.217.194.0-255,4320,62962,76,164966
18813,0.000688,172.31.40.0-255,66,63028,76,164966
18814,0.000711,172.217.194.0-255,6438,69466,76,164966
18815,0.000719,172.31.40.0-255,66,69532,76,164966
18816,0.000864,172.217.194.0-255,1484,71016,76,164966
18817,0.000869,172.217.194.0-255,1484,72500,76,164966
18818,0.000871,172.31.40.0-255,66,72566,76,164966
18819,0.000902,172.217.194.0-255,1484,74050,76,164966
18820,0.000909,172.217.194.0-255,5738,79788,76,164966
18821,0.000912,172.31.40.0-255,66,79854,76,164966
18822,0.000969,172.31.40.0-255,66,79920,76,164966
18823,0.000981,172.31.40.0-255,66,79986,76,164966
18824,0.000991,172.217.194.0-255,2184,82170,76,164966
18825,0.000993,172.31.40.0-255,66,82236,76,164966
18826,0.001018,172.217.194.0-255,2902,85138,76,164966
18827,0.001021,172.31.40.0-255,66,85204,76,164966
18828,0.001029,172.217.194.0-255,7156,92360,76,164966
18829,0.001036,172.31.40.0-255,66,92426,76,164966
18830,0.001044,172.217.194.0-255,7156,99582,76,164966
18831,0.001046,172.31.40.0-255,66,99648,76,164966
18832,0.001115,172.31.40.0-255,66,99714,76,164966
18833,0.001118,172.217.194.0-255,766,100480,76,164966
18834,0.001121,172.217.194.0-255,1484,101964,76,164966
18835,0.001122,172.31.40.0-255,66,102030,76,164966
18836,0.001128,172.217.194.0-255,4320,106350,76,164966
18837,0.001131,172.31.40.0-255,66,106416,76,164966
18838,0.001141,172.217.194.0-255,4320,110736,76,164966
18839,0.001143,172.31.40.0-255,66,110802,76,164966
18840,0.001146,172.217.194.0-255,1484,112286,76,164966
18841,0.001192,172.31.40.0-255,66,112352,76,164966
18842,0.001211,172.31.40.0-255,66,112418,76,164966
18843,0.001399,172.217.194.0-255,1484,113902,76,164966
18844,0.001404,172.217.194.0-255,2902,116804,76,164966
18845,0.00141,172.31.40.0-255,66,116870,76,164966
18846,0.001441,172.217.194.0-255,5738,122608,76,164966
18847,0.001443,172.31.40.0-255,66,122674,76,164966
18848,0.001456,172.31.40.0-255,66,122740,76,164966
18849,0.001499,172.31.40.0-255,66,122806,76,164966
18850,0.001527,172.217.194.0-255,2184,124990,76,164966
18851,0.00153,172.31.40.0-255,66,125056,76,164966
18852,0.001621,172.217.194.0-255,1484,126540,76,164966
18853,0.001626,172.217.194.0-255,2902,129442,76,164966
18854,0.001632,172.31.40.0-255,66,129508,76,164966
18855,0.001647,172.217.194.0-255,5738,135246,76,164966
18856,0.001653,172.31.40.0-255,66,135312,76,164966
18857,0.001694,172.31.40.0-255,66,135378,76,164966
18858,0.0017,172.217.194.0-255,4320,139698,76,164966
18859,0.001703,172.31.40.0-255,66,139764,76,164966
18860,0.001753,172.31.40.0-255,66,139830,76,164966
18861,0.001769,172.31.40.0-255,66,139896,76,164966
18862,0.001783,172.31.40.0-255,66,139962,76,164966
18863,0.001839,172.31.40.0-255,66,140028,76,164966
18864,0.001853,172.31.40.0-255,66,140094,76,164966
18865,0.001897,172.217.194.0-255,6438,146532,76,164966
18866,0.001901,172.31.40.0-255,66,146598,76,164966
18867,0.001914,172.31.40.0-255,66,146664,76,164966
18868,0.001961,172.217.194.0-255,7156,153820,76,164966
18869,0.001964,172.31.40.0-255,66,153886,76,164966
18870,0.002015,172.31.40.0-255,66,153952,76,164966
18871,0.00204,172.31.40.0-255,66,154018,76,164966
18872,0.002046,172.217.194.0-255,6064,160082,76,164966
18873,0.002049,172.31.40.0-255,66,160148,76,164966
18874,0.002052,172.217.194.0-255,105,160253,76,164966
18875,0.008662,172.31.40.0-255,66,160319,76,164966
18876,0.008706,172.31.40.0-255,105,160424,76,164966
18877,0.011261,172.217.194.0-255,66,160490,76,164966
18878,0.031057,172.31.40.0-255,172,160662,76,164966
18879,0.031086,172.31.40.0-255,1108,161770,76,164966
18880,0.031138,172.31.40.0-255,1514,163284,76,164966
18881,0.031139,172.31.40.0-255,1310,164594,76,164966
18882,0.032539,104.244.42.0-255,66,164660,76,164966
18883,0.032575,104.244.42.0-255,66,164726,76,164966
18884,0.032641,104.244.42.0-255,66,164792,76,164966
18885,0.033293,104.244.42.0-255,108,164900,76,164966
18886,0.033301,172.31.40.0-255,66,164966,76,164966
18887,0.0,74.125.200.0-255,153,153,76,278083
18888,2.1e-05,172.31.40.0-255,66,219,76,278083
18889,2.9e-05,74.125.200.0-255,1484,1703,76,278083
18890,3.3e-05,172.31.40.0-255,66,1769,76,278083
18891,3.9e-05,74.125.200.0-255,2902,4671,76,278083
18892,4.9e-05,172.31.40.0-255,66,4737,76,278083
18893,5.3e-05,74.125.200.0-255,1484,6221,76,278083
18894,5.5e-05,172.31.40.0-255,66,6287,76,278083
18895,6.3e-05,74.125.200.0-255,2902,9189,76,278083
18896,6.6e-05,172.31.40.0-255,66,9255,76,278083
18897,0.000119,74.125.200.0-255,4873,14128,76,278083
18898,0.000122,172.31.40.0-255,66,14194,76,278083
18899,0.000229,74.125.200.0-255,1484,15678,76,278083
18900,0.000233,172.31.40.0-255,66,15744,76,278083
18901,0.000238,74.125.200.0-255,2902,18646,76,278083
18902,0.00024,172.31.40.0-255,66,18712,76,278083
18903,0.000243,74.125.200.0-255,1484,20196,76,278083
18904,0.000246,172.31.40.0-255,66,20262,76,278083
18905,0.000254,74.125.200.0-255,2902,23164,76,278083
18906,0.000257,172.31.40.0-255,66,23230,76,278083
18907,0.00026,74.125.200.0-255,1484,24714,76,278083
18908,0.000262,172.31.40.0-255,66,24780,76,278083
18909,0.000314,74.125.200.0-255,4320,29100,76,278083
18910,0.000317,172.31.40.0-255,66,29166,76,278083
18911,0.000322,74.125.200.0-255,2543,31709,76,278083
18912,0.000324,172.31.40.0-255,66,31775,76,278083
18913,0.000368,74.125.200.0-255,1484,33259,76,278083
18914,0.000371,172.31.40.0-255,66,33325,76,278083
18915,0.000406,74.125.200.0-255,2902,36227,76,278083
18916,0.000409,172.31.40.0-255,66,36293,76,278083
18917,0.000412,74.125.200.0-255,1484,37777,76,278083
18918,0.000414,172.31.40.0-255,66,37843,76,278083
18919,0.000479,74.125.200.0-255,2902,40745,76,278083
18920,0.000483,172.31.40.0-255,66,40811,76,278083
18921,0.000489,74.125.200.0-255,5738,46549,76,278083
18922,0.000491,172.31.40.0-255,66,46615,76,278083
18923,0.000507,172.31.40.0-255,66,46681,76,278083
18924,0.000517,172.31.40.0-255,66,46747,76,278083
18925,0.00052,74.125.200.0-255,1484,48231,76,278083
18926,0.000556,74.125.200.0-255,1464,49695,76,278083
18927,0.000558,172.31.40.0-255,66,49761,76,278083
18928,0.000584,74.125.200.0-255,347,50108,76,278083
18929,0.000687,74.125.200.0-255,1484,51592,76,278083
18930,0.00069,172.31.40.0-255,66,51658,76,278083
18931,0.00072,74.125.200.0-255,2902,54560,76,278083
18932,0.000723,172.31.40.0-255,66,54626,76,278083
18933,0.000727,74.125.200.0-255,4320,58946,76,278083
18934,0.00073,172.31.40.0-255,66,59012,76,278083
18935,0.000759,74.125.200.0-255,1484,60496,76,278083
18936,0.000773,172.31.40.0-255,66,60562,76,278083
18937,0.000779,74.125.200.0-255,5738,66300,76,278083
18938,0.000781,172.31.40.0-255,66,66366,76,278083
18939,0.000809,74.125.200.0-255,2902,69268,76,278083
18940,0.000811,172.31.40.0-255,66,69334,76,278083
18941,0.000828,74.125.200.0-255,2184,71518,76,278083
18942,0.000831,172.31.40.0-255,66,71584,76,278083
18943,0.001039,74.125.200.0-255,1484,73068,76,278083
18944,0.001044,74.125.200.0-255,1484,74552,76,278083
18945,0.001047,172.31.40.0-255,66,74618,76,278083
18946,0.001081,74.125.200.0-255,1484,76102,76,278083
18947,0.001089,74.125.200.0-255,5738,81840,76,278083
18948,0.001091,172.31.40.0-255,66,81906,76,278083
18949,0.001098,74.125.200.0-255,7156,89062,76,278083
18950,0.0011,172.31.40.0-255,66,89128,76,278083
18951,0.001115,172.31.40.0-255,66,89194,76,278083
18952,0.001126,172.31.40.0-255,66,89260,76,278083
18953,0.001281,74.125.200.0-255,1484,90744,76,278083
18954,0.001287,74.125.200.0-255,1484,92228,76,278083
18955,0.001291,172.31.40.0-255,66,92294,76,278083
18956,0.001315,74.125.200.0-255,1484,93778,76,278083
18957,0.001323,74.125.200.0-255,5738,99516,76,278083
18958,0.001325,172.31.40.0-255,66,99582,76,278083
18959,0.001332,74.125.200.0-255,5738,105320,76,278083
18960,0.001334,172.31.40.0-255,66,105386,76,278083
18961,0.00136,74.125.200.0-255,1484,106870,76,278083
18962,0.001364,74.125.200.0-255,1484,108354,76,278083
18963,0.001366,172.31.40.0-255,66,108420,76,278083
18964,0.001403,172.31.40.0-255,66,108486,76,278083
18965,0.001408,74.125.200.0-255,2184,110670,76,278083
18966,0.00141,172.31.40.0-255,66,110736,76,278083
18967,0.001673,74.125.200.0-255,1484,112220,76,278083
18968,0.00168,74.125.200.0-255,2902,115122,76,278083
18969,0.001683,172.31.40.0-255,66,115188,76,278083
18970,0.001719,74.125.200.0-255,5738,120926,76,278083
18971,0.001722,172.31.40.0-255,66,120992,76,278083
18972,0.001728,74.125.200.0-255,4320,125312,76,278083
18973,0.001731,172.31.40.0-255,66,125378,76,278083
18974,0.001774,74.125.200.0-255,4320,129698,76,278083
18975,0.001777,172.31.40.0-255,66,129764,76,278083
18976,0.00179,172.31.40.0-255,66,129830,76,278083
18977,0.0018,74.125.200.0-255,5020,134850,76,278083
18978,0.001802,172.31.40.0-255,66,134916,76,278083
18979,0.001808,74.125.200.0-255,5738,140654,76,278083
18980,0.00181,172.31.40.0-255,66,140720,76,278083
18981,0.001856,74.125.200.0-255,2902,143622,76,278083
18982,0.001858,172.31.40.0-255,66,143688,76,278083
18983,0.001909,74.125.200.0-255,766,144454,76,278083
18984,0.001923,172.31.40.0-255,66,144520,76,278083
18985,0.002001,74.125.200.0-255,1484,146004,76,278083
18986,0.002007,74.125.200.0-255,2902,148906,76,278083
18987,0.002018,74.125.200.0-255,1484,150390,76,278083
18988,0.002031,74.125.200.0-255,4320,154710,76,278083
18989,0.002034,74.125.200.0-255,1484,156194,76,278083
18990,0.002043,172.31.40.0-255,66,156260,76,278083
18991,0.002075,74.125.200.0-255,5738,161998,76,278083
18992,0.002081,74.125.200.0-255,5738,167736,76,278083
18993,0.002102,172.31.40.0-255,66,167802,76,278083
18994,0.002128,74.125.200.0-255,2902,170704,76,278083
18995,0.00214,172.31.40.0-255,66,170770,76,278083
18996,0.002204,172.31.40.0-255,66,170836,76,278083
18997,0.002226,74.125.200.0-255,2902,173738,76,278083
18998,0.002228,74.125.200.0-255,1484,175222,76,278083
18999,0.002244,172.31.40.0-255,66,175288,76,278083
19000,0.002301,74.125.200.0-255,7156,182444,76,278083
19001,0.002319,74.125.200.0-255,2902,185346,76,278083
19002,0.002336,74.125.200.0-255,4320,189666,76,278083
19003,0.00234,74.125.200.0-255,2902,192568,76,278083
19004,0.002354,74.125.200.0-255,2184,194752,76,278083
19005,0.002363,172.31.40.0-255,66,194818,76,278083
19006,0.00468,74.125.200.0-255,5738,200556,76,278083
19007,0.004685,172.31.40.0-255,66,200622,76,278083
19008,0.007012,74.125.200.0-255,5738,206360,76,278083
19009,0.007029,172.31.40.0-255,66,206426,76,278083
19010,0.009365,74.125.200.0-255,5738,212164,76,278083
19011,0.009381,172.31.40.0-255,66,212230,76,278083
19012,0.011691,74.125.200.0-255,5738,217968,76,278083
19013,0.011695,172.31.40.0-255,66,218034,76,278083
19014,0.014037,74.125.200.0-255,4320,222354,76,278083
19015,0.014049,172.31.40.0-255,66,222420,76,278083
19016,0.014076,74.125.200.0-255,1484,223904,76,278083
19017,0.016356,74.125.200.0-255,4320,228224,76,278083
19018,0.016363,172.31.40.0-255,66,228290,76,278083
19019,0.018694,74.125.200.0-255,5738,234028,76,278083
19020,0.01871,172.31.40.0-255,66,234094,76,278083
19021,0.021041,74.125.200.0-255,5738,239832,76,278083
19022,0.021048,172.31.40.0-255,66,239898,76,278083
19023,0.023369,74.125.200.0-255,5738,245636,76,278083
19024,0.023378,172.31.40.0-255,66,245702,76,278083
19025,0.025729,74.125.200.0-255,5738,251440,76,278083
19026,0.025738,172.31.40.0-255,66,251506,76,278083
19027,0.028051,74.125.200.0-255,5738,257244,76,278083
19028,0.02806,172.31.40.0-255,66,257310,76,278083
19029,0.030365,74.125.200.0-255,5738,263048,76,278083
19030,0.030372,172.31.40.0-255,66,263114,76,278083
19031,0.032677,74.125.200.0-255,5738,268852,76,278083
19032,0.032683,172.31.40.0-255,66,268918,76,278083
19033,0.035021,74.125.200.0-255,1408,270326,76,278083
19034,0.03523,172.31.40.0-255,66,270392,76,278083
19035,0.035273,172.31.40.0-255,105,270497,76,278083
19036,0.037573,74.125.200.0-255,66,270563,76,278083
19037,0.04891,172.31.40.0-255,172,270735,76,278083
19038,0.048948,172.31.40.0-255,1109,271844,76,278083
19039,0.049019,172.31.40.0-255,1514,273358,76,278083
19040,0.049026,172.31.40.0-255,1514,274872,76,278083
19041,0.049028,172.31.40.0-255,1514,276386,76,278083
19042,0.049029,172.31.40.0-255,1514,277900,76,278083
19043,0.049058,172.31.40.0-255,183,278083,76,278083
19044,0.0,172.31.40.0-255,105,105,76,459
19045,0.000153,172.31.40.0-255,90,195,76,459
19046,0.000162,172.31.40.0-255,66,261,76,459
19047,0.002153,172.217.194.0-255,66,327,76,459
19048,0.002169,172.217.194.0-255,66,393,76,459
19049,0.00218,172.31.40.0-255,66,459,76,459
19050,0.0,74.125.68.0-255,153,153,76,204356
19051,1.5e-05,172.31.40.0-255,66,219,76,204356
19052,2.3e-05,74.125.68.0-255,1484,1703,76,204356
19053,2.7e-05,172.31.40.0-255,66,1769,76,204356
19054,4.3e-05,74.125.68.0-255,2902,4671,76,204356
19055,4.7e-05,172.31.40.0-255,66,4737,76,204356
19056,5.3e-05,74.125.68.0-255,5738,10475,76,204356
19057,5.6e-05,172.31.40.0-255,66,10541,76,204356
19058,8.2e-05,74.125.68.0-255,3453,13994,76,204356
19059,8.5e-05,172.31.40.0-255,66,14060,76,204356
19060,0.001382,74.125.68.0-255,1484,15544,76,204356
19061,0.001389,172.31.40.0-255,66,15610,76,204356
19062,0.001399,74.125.68.0-255,2902,18512,76,204356
19063,0.001402,172.31.40.0-255,66,18578,76,204356
19064,0.001413,74.125.68.0-255,5738,24316,76,204356
19065,0.001415,172.31.40.0-255,66,24382,76,204356
19066,0.001447,74.125.68.0-255,6797,31179,76,204356
19067,0.00145,172.31.40.0-255,66,31245,76,204356
19068,0.001485,74.125.68.0-255,1484,32729,76,204356
19069,0.001487,172.31.40.0-255,66,32795,76,204356
19070,0.001492,74.125.68.0-255,2902,35697,76,204356
19071,0.001494,172.31.40.0-255,66,35763,76,204356
19072,0.001523,74.125.68.0-255,5738,41501,76,204356
19073,0.001525,172.31.40.0-255,66,41567,76,204356
19074,0.001532,74.125.68.0-255,5738,47305,76,204356
19075,0.001534,172.31.40.0-255,66,47371,76,204356
19076,0.001573,74.125.68.0-255,1125,48496,76,204356
19077,0.001576,172.31.40.0-255,66,48562,76,204356
19078,0.001642,74.125.68.0-255,1484,50046,76,204356
19079,0.001644,172.31.40.0-255,66,50112,76,204356
19080,0.001666,74.125.68.0-255,2902,53014,76,204356
19081,0.001669,172.31.40.0-255,66,53080,76,204356
19082,0.001673,74.125.68.0-255,2902,55982,76,204356
19083,0.001675,172.31.40.0-255,66,56048,76,204356
19084,0.001693,74.125.68.0-255,1484,57532,76,204356
19085,0.001721,74.125.68.0-255,4320,61852,76,204356
19086,0.001724,172.31.40.0-255,66,61918,76,204356
19087,0.001735,74.125.68.0-255,1484,63402,76,204356
19088,0.001744,74.125.68.0-255,2856,66258,76,204356
19089,0.001746,172.31.40.0-255,66,66324,76,204356
19090,0.003767,74.125.68.0-255,1484,67808,76,204356
19091,0.003794,74.125.68.0-255,4320,72128,76,204356
19092,0.003799,172.31.40.0-255,66,72194,76,204356
19093,0.005867,74.125.68.0-255,5738,77932,76,204356
19094,0.005875,172.31.40.0-255,66,77998,76,204356
19095,0.007945,74.125.68.0-255,5738,83736,76,204356
19096,0.007952,172.31.40.0-255,66,83802,76,204356
19097,0.010013,74.125.68.0-255,5738,89540,76,204356
19098,0.010021,172.31.40.0-255,66,89606,76,204356
19099,0.012081,74.125.68.0-255,5738,95344,76,204356
19100,0.012091,172.31.40.0-255,66,95410,76,204356
19101,0.014177,74.125.68.0-255,5738,101148,76,204356
19102,0.014185,172.31.40.0-255,66,101214,76,204356
19103,0.016249,74.125.68.0-255,5738,106952,76,204356
19104,0.016257,172.31.40.0-255,66,107018,76,204356
19105,0.018324,74.125.68.0-255,5738,112756,76,204356
19106,0.018331,172.31.40.0-255,66,112822,76,204356
19107,0.020381,74.125.68.0-255,5738,118560,76,204356
19108,0.020388,172.31.40.0-255,66,118626,76,204356
19109,0.021319,172.31.40.0-255,172,118798,76,204356
19110,0.021348,172.31.40.0-255,1109,119907,76,204356
19111,0.021404,172.31.40.0-255,1514,121421,76,204356
19112,0.021428,172.31.40.0-255,1307,122728,76,204356
19113,0.022448,74.125.68.0-255,5738,128466,76,204356
19114,0.022454,172.31.40.0-255,66,128532,76,204356
19115,0.022878,104.244.42.0-255,66,128598,76,204356
19116,0.022929,104.244.42.0-255,66,128664,76,204356
19117,0.02298,104.244.42.0-255,66,128730,76,204356
19118,0.023887,104.244.42.0-255,108,128838,76,204356
19119,0.023895,172.31.40.0-255,66,128904,76,204356
19120,0.024519,74.125.68.0-255,5738,134642,76,204356
19121,0.024523,172.31.40.0-255,66,134708,76,204356
19122,0.026609,74.125.68.0-255,5738,140446,76,204356
19123,0.026615,172.31.40.0-255,66,140512,76,204356
19124,0.028685,74.125.68.0-255,5738,146250,76,204356
19125,0.028692,172.31.40.0-255,66,146316,76,204356
19126,0.03076,74.125.68.0-255,5738,152054,76,204356
19127,0.030766,172.31.40.0-255,66,152120,76,204356
19128,0.032827,74.125.68.0-255,5738,157858,76,204356
19129,0.032833,172.31.40.0-255,66,157924,76,204356
19130,0.034904,74.125.68.0-255,5738,163662,76,204356
19131,0.03491,172.31.40.0-255,66,163728,76,204356
19132,0.036979,74.125.68.0-255,5738,169466,76,204356
19133,0.036985,172.31.40.0-255,66,169532,76,204356
19134,0.039059,74.125.68.0-255,5738,175270,76,204356
19135,0.039064,172.31.40.0-255,66,175336,76,204356
19136,0.041127,74.125.68.0-255,5738,181074,76,204356
19137,0.041133,172.31.40.0-255,66,181140,76,204356
19138,0.043232,74.125.68.0-255,5738,186878,76,204356
19139,0.043238,172.31.40.0-255,66,186944,76,204356
19140,0.045312,74.125.68.0-255,5738,192682,76,204356
19141,0.045319,172.31.40.0-255,66,192748,76,204356
19142,0.047382,74.125.68.0-255,5738,198486,76,204356
19143,0.047388,172.31.40.0-255,66,198552,76,204356
19144,0.049458,74.125.68.0-255,5738,204290,76,204356
19145,0.049464,172.31.40.0-255,66,204356,76,204356
19146,0.0,74.125.130.0-255,146,146,76,257687
19147,3.6e-05,172.31.40.0-255,66,212,76,257687
19148,4.8e-05,74.125.130.0-255,1484,1696,76,257687
19149,5.6e-05,172.31.40.0-255,66,1762,76,257687
19150,7.2e-05,74.125.130.0-255,2902,4664,76,257687
19151,7.6e-05,172.31.40.0-255,66,4730,76,257687
19152,8.3e-05,74.125.130.0-255,2902,7632,76,257687
19153,8.6e-05,172.31.40.0-255,66,7698,76,257687
19154,9.4e-05,74.125.130.0-255,4320,12018,76,257687
19155,9.7e-05,172.31.40.0-255,66,12084,76,257687
19156,0.00011,172.31.40.0-255,66,12150,76,257687
19157,0.000114,74.125.130.0-255,2902,15052,76,257687
19158,0.000117,172.31.40.0-255,66,15118,76,257687
19159,0.000149,74.125.130.0-255,6797,21915,76,257687
19160,0.000153,172.31.40.0-255,66,21981,76,257687
19161,0.000317,74.125.130.0-255,1484,23465,76,257687
19162,0.000322,172.31.40.0-255,66,23531,76,257687
19163,0.000341,74.125.130.0-255,2902,26433,76,257687
19164,0.000344,172.31.40.0-255,66,26499,76,257687
19165,0.000378,74.125.130.0-255,4320,30819,76,257687
19166,0.000381,172.31.40.0-255,66,30885,76,257687
19167,0.000384,74.125.130.0-255,1484,32369,76,257687
19168,0.000386,172.31.40.0-255,66,32435,76,257687
19169,0.000407,74.125.130.0-255,2902,35337,76,257687
19170,0.000411,172.31.40.0-255,66,35403,76,257687
19171,0.00044,74.125.130.0-255,5379,40782,76,257687
19172,0.000443,172.31.40.0-255,66,40848,76,257687
19173,0.000468,74.125.130.0-255,5738,46586,76,257687
19174,0.000471,172.31.40.0-255,66,46652,76,257687
19175,0.0005,74.125.130.0-255,2902,49554,76,257687
19176,0.000502,172.31.40.0-255,66,49620,76,257687
19177,0.000505,74.125.130.0-255,1484,51104,76,257687
19178,0.000535,74.125.130.0-255,2902,54006,76,257687
19179,0.00054,74.125.130.0-255,2833,56839,76,257687
19180,0.000557,74.125.130.0-255,100,56939,76,257687
19181,0.000617,172.31.40.0-255,66,57005,76,257687
19182,0.000704,74.125.130.0-255,1484,58489,76,257687
19183,0.000721,74.125.130.0-255,2902,61391,76,257687
19184,0.000771,74.125.130.0-255,5738,67129,76,257687
19185,0.000776,74.125.130.0-255,2902,70031,76,257687
19186,0.00078,74.125.130.0-255,4320,74351,76,257687
19187,0.000787,74.125.130.0-255,5738,80089,76,257687
19188,0.000802,74.125.130.0-255,2902,82991,76,257687
19189,0.000806,74.125.130.0-255,2902,85893,76,257687
19190,0.000812,172.31.40.0-255,66,85959,76,257687
19191,0.000859,74.125.130.0-255,5020,90979,76,257687
19192,0.000882,172.31.40.0-255,66,91045,76,257687
19193,0.001165,74.125.130.0-255,363,91408,76,257687
19194,0.001395,172.31.40.0-255,101,91509,76,257687
19195,0.001687,74.125.130.0-255,1484,92993,76,257687
19196,0.00171,74.125.130.0-255,2902,95895,76,257687
19197,0.001713,172.31.40.0-255,66,95961,76,257687
19198,0.001753,74.125.130.0-255,4320,100281,76,257687
19199,0.001757,74.125.130.0-255,1484,101765,76,257687
19200,0.001777,74.125.130.0-255,1484,103249,76,257687
19201,0.001795,74.125.130.0-255,4320,107569,76,257687
19202,0.001806,74.125.130.0-255,1484,109053,76,257687
19203,0.00182,74.125.130.0-255,4320,113373,76,257687
19204,0.001825,172.31.40.0-255,66,113439,76,257687
19205,0.001853,74.125.130.0-255,7156,120595,76,257687
19206,0.001858,74.125.130.0-255,2902,123497,76,257687
19207,0.00188,172.31.40.0-255,66,123563,76,257687
19208,0.001913,74.125.130.0-255,2184,125747,76,257687
19209,0.001929,172.31.40.0-255,66,125813,76,257687
19210,0.003385,74.125.130.0-255,66,125879,76,257687
19211,0.003912,74.125.130.0-255,2902,128781,76,257687
19212,0.003916,172.31.40.0-255,66,128847,76,257687
19213,0.003942,74.125.130.0-255,1484,130331,76,257687
19214,0.003952,74.125.130.0-255,1484,131815,76,257687
19215,0.005948,74.125.130.0-255,2902,134717,76,257687
19216,0.008684,172.31.40.0-255,66,134783,76,257687
19217,0.010719,74.125.130.0-255,5738,140521,76,257687
19218,0.010726,172.31.40.0-255,66,140587,76,257687
19219,0.012761,74.125.130.0-255,5738,146325,76,257687
19220,0.012769,172.31.40.0-255,66,146391,76,257687
19221,0.014812,74.125.130.0-255,5738,152129,76,257687
19222,0.014819,172.31.40.0-255,66,152195,76,257687
19223,0.016854,74.125.130.0-255,5738,157933,76,257687
19224,0.016862,172.31.40.0-255,66,157999,76,257687
19225,0.018901,74.125.130.0-255,5738,163737,76,257687
19226,0.01891,172.31.40.0-255,66,163803,76,257687
19227,0.021042,74.125.130.0-255,5738,169541,76,257687
19228,0.021048,172.31.40.0-255,66,169607,76,257687
19229,0.023081,74.125.130.0-255,5738,175345,76,257687
19230,0.023087,172.31.40.0-255,66,175411,76,257687
19231,0.02421,172.31.40.0-255,172,175583,76,257687
19232,0.024241,172.31.40.0-255,1105,176688,76,257687
19233,0.024297,172.31.40.0-255,1514,178202,76,257687
19234,0.024299,172.31.40.0-255,1514,179716,76,257687
19235,0.0243,172.31.40.0-255,1514,181230,76,257687
19236,0.024301,172.31.40.0-255,1514,182744,76,257687
19237,0.024302,172.31.40.0-255,579,183323,76,257687
19238,0.025143,74.125.130.0-255,5738,189061,76,257687
19239,0.02515,172.31.40.0-255,66,189127,76,257687
19240,0.025705,104.244.42.0-255,66,189193,76,257687
19241,0.025742,104.244.42.0-255,66,189259,76,257687
19242,0.025834,104.244.42.0-255,66,189325,76,257687
19243,0.025856,104.244.42.0-255,66,189391,76,257687
19244,0.027184,74.125.130.0-255,5738,195129,76,257687
19245,0.027189,172.31.40.0-255,66,195195,76,257687
19246,0.029235,74.125.130.0-255,5738,200933,76,257687
19247,0.02924,172.31.40.0-255,66,200999,76,257687
19248,0.031286,74.125.130.0-255,5738,206737,76,257687
19249,0.031293,172.31.40.0-255,66,206803,76,257687
19250,0.033325,74.125.130.0-255,5738,212541,76,257687
19251,0.033332,172.31.40.0-255,66,212607,76,257687
19252,0.035365,74.125.130.0-255,5738,218345,76,257687
19253,0.035371,172.31.40.0-255,66,218411,76,257687
19254,0.037418,74.125.130.0-255,5738,224149,76,257687
19255,0.037424,172.31.40.0-255,66,224215,76,257687
19256,0.03946,74.125.130.0-255,5738,229953,76,257687
19257,0.039466,172.31.40.0-255,66,230019,76,257687
19258,0.041495,74.125.130.0-255,5738,235757,76,257687
19259,0.041504,172.31.40.0-255,66,235823,76,257687
19260,0.043541,74.125.130.0-255,5738,241561,76,257687
19261,0.043548,172.31.40.0-255,66,241627,76,257687
19262,0.045574,74.125.130.0-255,4320,245947,76,257687
19263,0.04558,172.31.40.0-255,66,246013,76,257687
19264,0.045605,74.125.130.0-255,1484,247497,76,257687
19265,0.047633,74.125.130.0-255,4320,251817,76,257687
19266,0.04765,172.31.40.0-255,66,251883,76,257687
19267,0.04975,74.125.130.0-255,5738,257621,76,257687
19268,0.049803,172.31.40.0-255,66,257687,76,257687
19269,0.0,172.31.40.0-255,66,66,76,66
19270,0.0,172.217.194.0-255,152,152,76,259107
19271,2.2e-05,172.31.40.0-255,66,218,76,259107
19272,3e-05,172.217.194.0-255,1484,1702,76,259107
19273,4.1e-05,172.31.40.0-255,66,1768,76,259107
19274,5.4e-05,172.217.194.0-255,2902,4670,76,259107
19275,5.7e-05,172.31.40.0-255,66,4736,76,259107
19276,6.5e-05,172.217.194.0-255,7156,11892,76,259107
19277,6.8e-05,172.31.40.0-255,66,11958,76,259107
19278,7.1e-05,172.217.194.0-255,1484,13442,76,259107
19279,7.3e-05,172.31.40.0-255,66,13508,76,259107
19280,7.9e-05,172.217.194.0-255,2126,15634,76,259107
19281,8.2e-05,172.31.40.0-255,66,15700,76,259107
19282,8.8e-05,172.217.194.0-255,5738,21438,76,259107
19283,9.1e-05,172.31.40.0-255,66,21504,76,259107
19284,0.000144,172.31.40.0-255,66,21570,76,259107
19285,0.00018,172.217.194.0-255,1484,23054,76,259107
19286,0.000182,172.31.40.0-255,66,23120,76,259107
19287,0.000213,172.217.194.0-255,2902,26022,76,259107
19288,0.000215,172.31.40.0-255,66,26088,76,259107
19289,0.000221,172.217.194.0-255,5738,31826,76,259107
19290,0.000224,172.31.40.0-255,66,31892,76,259107
19291,0.000257,172.217.194.0-255,2902,34794,76,259107
19292,0.000261,172.31.40.0-255,66,34860,76,259107
19293,0.000264,172.31.40.0-255,66,34926,76,259107
19294,0.000298,172.31.40.0-255,66,34992,76,259107
19295,0.000301,172.217.194.0-255,676,35668,76,259107
19296,0.000303,172.31.40.0-255,66,35734,76,259107
19297,0.000499,172.217.194.0-255,1484,37218,76,259107
19298,0.000504,172.31.40.0-255,66,37284,76,259107
19299,0.00051,172.217.194.0-255,2902,40186,76,259107
19300,0.000513,172.31.40.0-255,66,40252,76,259107
19301,0.000516,172.217.194.0-255,1484,41736,76,259107
19302,0.000535,172.217.194.0-255,4320,46056,76,259107
19303,0.000538,172.31.40.0-255,66,46122,76,259107
19304,0.000549,172.217.194.0-255,5738,51860,76,259107
19305,0.000551,172.31.40.0-255,66,51926,76,259107
19306,0.000581,172.217.194.0-255,7156,59082,76,259107
19307,0.000585,172.31.40.0-255,66,59148,76,259107
19308,0.000597,172.31.40.0-255,66,59214,76,259107
19309,0.000727,172.217.194.0-255,1484,60698,76,259107
19310,0.000735,172.217.194.0-255,2902,63600,76,259107
19311,0.000738,172.31.40.0-255,66,63666,76,259107
19312,0.000745,172.217.194.0-255,4320,67986,76,259107
19313,0.000747,172.31.40.0-255,66,68052,76,259107
19314,0.000794,172.217.194.0-255,1484,69536,76,259107
19315,0.000808,172.31.40.0-255,66,69602,76,259107
19316,0.000815,172.217.194.0-255,5738,75340,76,259107
19317,0.000817,172.31.40.0-255,66,75406,76,259107
19318,0.000856,172.217.194.0-255,5020,80426,76,259107
19319,0.00086,172.31.40.0-255,66,80492,76,259107
19320,0.000866,172.217.194.0-255,5738,86230,76,259107
19321,0.000868,172.31.40.0-255,66,86296,76,259107
19322,0.000895,172.217.194.0-255,4320,90616,76,259107
19323,0.000917,172.31.40.0-255,66,90682,76,259107
19324,0.000923,172.217.194.0-255,5738,96420,76,259107
19325,0.000926,172.217.194.0-255,1484,97904,76,259107
19326,0.000953,172.31.40.0-255,66,97970,76,259107
19327,0.000982,172.217.194.0-255,6438,104408,76,259107
19328,0.001004,172.31.40.0-255,66,104474,76,259107
19329,0.001917,172.217.194.0-255,1484,105958,76,259107
19330,0.001924,172.217.194.0-255,2902,108860,76,259107
19331,0.001927,172.31.40.0-255,66,108926,76,259107
19332,0.001967,172.217.194.0-255,2902,111828,76,259107
19333,0.001969,172.31.40.0-255,66,111894,76,259107
19334,0.002005,172.217.194.0-255,2902,114796,76,259107
19335,0.002009,172.31.40.0-255,66,114862,76,259107
19336,0.002016,172.217.194.0-255,7156,122018,76,259107
19337,0.002018,172.31.40.0-255,66,122084,76,259107
19338,0.002033,172.31.40.0-255,66,122150,76,259107
19339,0.002043,172.31.40.0-255,66,122216,76,259107
19340,0.004027,172.217.194.0-255,5738,127954,76,259107
19341,0.004035,172.31.40.0-255,66,128020,76,259107
19342,0.006051,172.217.194.0-255,1484,129504,76,259107
19343,0.006068,172.217.194.0-255,4320,133824,76,259107
19344,0.00607,172.31.40.0-255,66,133890,76,259107
19345,0.008052,172.217.194.0-255,5738,139628,76,259107
19346,0.008056,172.31.40.0-255,66,139694,76,259107
19347,0.010056,172.217.194.0-255,5738,145432,76,259107
19348,0.010063,172.31.40.0-255,66,145498,76,259107
19349,0.012045,172.217.194.0-255,5738,151236,76,259107
19350,0.012054,172.31.40.0-255,66,151302,76,259107
19351,0.014068,172.217.194.0-255,5738,157040,76,259107
19352,0.014075,172.31.40.0-255,66,157106,76,259107
19353,0.016065,172.217.194.0-255,5738,162844,76,259107
19354,0.016072,172.31.40.0-255,66,162910,76,259107
19355,0.018078,172.217.194.0-255,5738,168648,76,259107
19356,0.018085,172.31.40.0-255,66,168714,76,259107
19357,0.020107,172.217.194.0-255,5738,174452,76,259107
19358,0.020115,172.31.40.0-255,66,174518,76,259107
19359,0.022134,172.217.194.0-255,5738,180256,76,259107
19360,0.022149,172.31.40.0-255,66,180322,76,259107
19361,0.024153,172.217.194.0-255,5738,186060,76,259107
19362,0.024167,172.31.40.0-255,66,186126,76,259107
19363,0.026183,172.217.194.0-255,5738,191864,76,259107
19364,0.026196,172.31.40.0-255,66,191930,76,259107
19365,0.028216,172.217.194.0-255,5738,197668,76,259107
19366,0.028223,172.31.40.0-255,66,197734,76,259107
19367,0.030228,172.217.194.0-255,5738,203472,76,259107
19368,0.030235,172.31.40.0-255,66,203538,76,259107
19369,0.032226,172.217.194.0-255,5738,209276,76,259107
19370,0.032232,172.31.40.0-255,66,209342,76,259107
19371,0.033458,172.31.40.0-255,172,209514,76,259107
19372,0.033492,172.31.40.0-255,1104,210618,76,259107
19373,0.033547,172.31.40.0-255,1514,212132,76,259107
19374,0.033549,172.31.40.0-255,345,212477,76,259107
19375,0.034287,172.217.194.0-255,5738,218215,76,259107
19376,0.034294,172.31.40.0-255,66,218281,76,259107
19377,0.035017,104.244.42.0-255,66,218347,76,259107
19378,0.035198,104.244.42.0-255,66,218413,76,259107
19379,0.035218,104.244.42.0-255,66,218479,76,259107
19380,0.036286,172.217.194.0-255,5738,224217,76,259107
19381,0.036292,172.31.40.0-255,66,224283,76,259107
19382,0.038302,172.217.194.0-255,5738,230021,76,259107
19383,0.03831,172.31.40.0-255,66,230087,76,259107
19384,0.04033,172.217.194.0-255,5738,235825,76,259107
19385,0.040337,172.31.40.0-255,66,235891,76,259107
19386,0.04233,172.217.194.0-255,5738,241629,76,259107
19387,0.042337,172.31.40.0-255,66,241695,76,259107
19388,0.044309,172.217.194.0-255,5738,247433,76,259107
19389,0.044317,172.31.40.0-255,66,247499,76,259107
19390,0.046309,172.217.194.0-255,5738,253237,76,259107
19391,0.046315,172.31.40.0-255,66,253303,76,259107
19392,0.048352,172.217.194.0-255,5738,259041,76,259107
19393,0.048358,172.31.40.0-255,66,259107,76,259107
19394,0.0,74.125.24.0-255,152,152,76,286036
19395,1.4e-05,172.31.40.0-255,66,218,76,286036
19396,2.2e-05,74.125.24.0-255,1484,1702,76,286036
19397,2.6e-05,172.31.40.0-255,66,1768,76,286036
19398,3.1e-05,74.125.24.0-255,2902,4670,76,286036
19399,3.4e-05,172.31.40.0-255,66,4736,76,286036
19400,4.9e-05,74.125.24.0-255,5738,10474,76,286036
19401,5.3e-05,172.31.40.0-255,66,10540,76,286036
19402,5.6e-05,74.125.24.0-255,1484,12024,76,286036
19403,6e-05,172.31.40.0-255,66,12090,76,286036
19404,7.9e-05,74.125.24.0-255,2037,14127,76,286036
19405,8.5e-05,172.31.40.0-255,66,14193,76,286036
19406,0.000201,74.125.24.0-255,1484,15677,76,286036
19407,0.000205,172.31.40.0-255,66,15743,76,286036
19408,0.000211,74.125.24.0-255,2902,18645,76,286036
19409,0.000213,172.31.40.0-255,66,18711,76,286036
19410,0.000235,74.125.24.0-255,5738,24449,76,286036
19411,0.000238,172.31.40.0-255,66,24515,76,286036
19412,0.00027,74.125.24.0-255,6797,31312,76,286036
19413,0.000273,172.31.40.0-255,66,31378,76,286036
19414,0.000315,74.125.24.0-255,7156,38534,76,286036
19415,0.000318,172.31.40.0-255,66,38600,76,286036
19416,0.000329,172.31.40.0-255,66,38666,76,286036
19417,0.000709,74.125.24.0-255,1484,40150,76,286036
19418,0.000714,172.31.40.0-255,66,40216,76,286036
19419,0.00073,74.125.24.0-255,1484,41700,76,286036
19420,0.000733,172.31.40.0-255,66,41766,76,286036
19421,0.00076,74.125.24.0-255,1484,43250,76,286036
19422,0.000766,74.125.24.0-255,5738,48988,76,286036
19423,0.000771,172.31.40.0-255,66,49054,76,286036
19424,0.00078,172.31.40.0-255,66,49120,76,286036
19425,0.000839,172.31.40.0-255,66,49186,76,286036
19426,0.00087,74.125.24.0-255,2902,52088,76,286036
19427,0.000949,74.125.24.0-255,7156,59244,76,286036
19428,0.000952,172.31.40.0-255,66,59310,76,286036
19429,0.000958,172.31.40.0-255,66,59376,76,286036
19430,0.000982,74.125.24.0-255,7156,66532,76,286036
19431,0.000985,74.125.24.0-255,560,67092,76,286036
19432,0.001006,172.31.40.0-255,66,67158,76,286036
19433,0.001082,74.125.24.0-255,1484,68642,76,286036
19434,0.001109,74.125.24.0-255,2902,71544,76,286036
19435,0.001116,74.125.24.0-255,5738,77282,76,286036
19436,0.001122,74.125.24.0-255,4320,81602,76,286036
19437,0.001129,172.31.40.0-255,66,81668,76,286036
19438,0.001147,74.125.24.0-255,4320,85988,76,286036
19439,0.001162,172.31.40.0-255,66,86054,76,286036
19440,0.001206,74.125.24.0-255,3602,89656,76,286036
19441,0.001213,172.31.40.0-255,66,89722,76,286036
19442,0.001624,74.125.24.0-255,1484,91206,76,286036
19443,0.001644,74.125.24.0-255,2902,94108,76,286036
19444,0.001647,172.31.40.0-255,66,94174,76,286036
19445,0.001654,74.125.24.0-255,5738,99912,76,286036
19446,0.001668,172.31.40.0-255,66,99978,76,286036
19447,0.001701,74.125.24.0-255,7156,107134,76,286036
19448,0.001722,172.31.40.0-255,66,107200,76,286036
19449,0.001731,74.125.24.0-255,3602,110802,76,286036
19450,0.001736,172.31.40.0-255,66,110868,76,286036
19451,0.001825,74.125.24.0-255,1484,112352,76,286036
19452,0.001861,74.125.24.0-255,2902,115254,76,286036
19453,0.001868,74.125.24.0-255,5738,120992,76,286036
19454,0.00191,74.125.24.0-255,2902,123894,76,286036
19455,0.00195,74.125.24.0-255,5738,129632,76,286036
19456,0.001964,74.125.24.0-255,2184,131816,76,286036
19457,0.002021,74.125.24.0-255,1484,133300,76,286036
19458,0.00204,74.125.24.0-255,2902,136202,76,286036
19459,0.002076,74.125.24.0-255,5738,141940,76,286036
19460,0.002099,74.125.24.0-255,4320,146260,76,286036
19461,0.002127,74.125.24.0-255,5738,151998,76,286036
19462,0.002148,74.125.24.0-255,5738,157736,76,286036
19463,0.002264,74.125.24.0-255,1484,159220,76,286036
19464,0.002274,74.125.24.0-255,2902,162122,76,286036
19465,0.002278,74.125.24.0-255,1484,163606,76,286036
19466,0.002298,74.125.24.0-255,4320,167926,76,286036
19467,0.002304,74.125.24.0-255,5738,173664,76,286036
19468,0.002394,74.125.24.0-255,5020,178684,76,286036
19469,0.002472,74.125.24.0-255,1484,180168,76,286036
19470,0.002477,74.125.24.0-255,1484,181652,76,286036
19471,0.00249,74.125.24.0-255,1484,183136,76,286036
19472,0.002497,74.125.24.0-255,5738,188874,76,286036
19473,0.002519,74.125.24.0-255,5738,194612,76,286036
19474,0.002535,74.125.24.0-255,4320,198932,76,286036
19475,0.00258,74.125.24.0-255,2184,201116,76,286036
19476,0.002587,74.125.24.0-255,5738,206854,76,286036
19477,0.002621,74.125.24.0-255,7156,214010,76,286036
19478,0.012089,172.31.40.0-255,66,214076,76,286036
19479,0.012411,74.125.24.0-255,1484,215560,76,286036
19480,0.014709,74.125.24.0-255,4320,219880,76,286036
19481,0.014715,172.31.40.0-255,66,219946,76,286036
19482,0.017312,74.125.24.0-255,5738,225684,76,286036
19483,0.017384,172.31.40.0-255,66,225750,76,286036
19484,0.019964,74.125.24.0-255,5738,231488,76,286036
19485,0.019973,172.31.40.0-255,66,231554,76,286036
19486,0.022578,74.125.24.0-255,5738,237292,76,286036
19487,0.025417,172.31.40.0-255,66,237358,76,286036
19488,0.027993,74.125.24.0-255,5738,243096,76,286036
19489,0.028006,172.31.40.0-255,66,243162,76,286036
19490,0.030605,74.125.24.0-255,5738,248900,76,286036
19491,0.030622,172.31.40.0-255,66,248966,76,286036
19492,0.033177,74.125.24.0-255,5738,254704,76,286036
19493,0.033185,172.31.40.0-255,66,254770,76,286036
19494,0.035765,74.125.24.0-255,5738,260508,76,286036
19495,0.035771,172.31.40.0-255,66,260574,76,286036
19496,0.03839,74.125.24.0-255,5738,266312,76,286036
19497,0.038407,172.31.40.0-255,66,266378,76,286036
19498,0.04098,74.125.24.0-255,5738,272116,76,286036
19499,0.040987,172.31.40.0-255,66,272182,76,286036
19500,0.043578,74.125.24.0-255,5738,277920,76,286036
19501,0.043592,172.31.40.0-255,66,277986,76,286036
19502,0.046183,74.125.24.0-255,5738,283724,76,286036
19503,0.046196,172.31.40.0-255,66,283790,76,286036
19504,0.048803,74.125.24.0-255,2075,285865,76,286036
19505,0.048822,172.31.40.0-255,66,285931,76,286036
19506,0.049117,172.31.40.0-255,105,286036,76,286036
19507,0.0,74.125.24.0-255,298,298,76,226326
19508,2.5e-05,172.31.40.0-255,66,364,76,226326
19509,3.2e-05,74.125.24.0-255,1484,1848,76,226326
19510,3.7e-05,172.31.40.0-255,66,1914,76,226326
19511,5.1e-05,74.125.24.0-255,4320,6234,76,226326
19512,5.6e-05,172.31.40.0-255,66,6300,76,226326
19513,6.3e-05,74.125.24.0-255,7156,13456,76,226326
19514,6.6e-05,172.31.40.0-255,66,13522,76,226326
19515,6.8e-05,74.125.24.0-255,412,13934,76,226326
19516,7e-05,172.31.40.0-255,66,14000,76,226326
19517,0.000236,74.125.24.0-255,1484,15484,76,226326
19518,0.00024,172.31.40.0-255,66,15550,76,226326
19519,0.000246,74.125.24.0-255,2902,18452,76,226326
19520,0.000249,172.31.40.0-255,66,18518,76,226326
19521,0.000254,74.125.24.0-255,2902,21420,76,226326
19522,0.000261,172.31.40.0-255,66,21486,76,226326
19523,0.000285,74.125.24.0-255,2902,24388,76,226326
19524,0.000288,172.31.40.0-255,66,24454,76,226326
19525,0.000296,74.125.24.0-255,6797,31251,76,226326
19526,0.000303,172.31.40.0-255,66,31317,76,226326
19527,0.000355,74.125.24.0-255,1484,32801,76,226326
19528,0.000358,172.31.40.0-255,66,32867,76,226326
19529,0.000364,74.125.24.0-255,2902,35769,76,226326
19530,0.000367,172.31.40.0-255,66,35835,76,226326
19531,0.000398,74.125.24.0-255,5738,41573,76,226326
19532,0.0004,172.31.40.0-255,66,41639,76,226326
19533,0.000434,74.125.24.0-255,6797,48436,76,226326
19534,0.000437,172.31.40.0-255,66,48502,76,226326
19535,0.000951,74.125.24.0-255,1484,49986,76,226326
19536,0.000956,172.31.40.0-255,66,50052,76,226326
19537,0.000962,74.125.24.0-255,2902,52954,76,226326
19538,0.000965,172.31.40.0-255,66,53020,76,226326
19539,0.000972,74.125.24.0-255,5738,58758,76,226326
19540,0.000974,172.31.40.0-255,66,58824,76,226326
19541,0.001011,74.125.24.0-255,6797,65621,76,226326
19542,0.001013,172.31.40.0-255,66,65687,76,226326
19543,0.00102,74.125.24.0-255,7156,72843,76,226326
19544,0.001023,172.31.40.0-255,66,72909,76,226326
19545,0.001031,74.125.24.0-255,1484,74393,76,226326
19546,0.001052,74.125.24.0-255,2902,77295,76,226326
19547,0.001055,172.31.40.0-255,66,77361,76,226326
19548,0.001089,74.125.24.0-255,5738,83099,76,226326
19549,0.001091,172.31.40.0-255,66,83165,76,226326
19550,0.001099,74.125.24.0-255,7156,90321,76,226326
19551,0.001101,172.31.40.0-255,66,90387,76,226326
19552,0.001125,74.125.24.0-255,2902,93289,76,226326
19553,0.001127,172.31.40.0-255,66,93355,76,226326
19554,0.001156,74.125.24.0-255,6438,99793,76,226326
19555,0.001158,172.31.40.0-255,66,99859,76,226326
19556,0.001181,74.125.24.0-255,645,100504,76,226326
19557,0.001207,74.125.24.0-255,1484,101988,76,226326
19558,0.00121,172.31.40.0-255,66,102054,76,226326
19559,0.001216,74.125.24.0-255,4320,106374,76,226326
19560,0.001237,172.31.40.0-255,66,106440,76,226326
19561,0.001248,172.31.40.0-255,66,106506,76,226326
19562,0.001251,74.125.24.0-255,462,106968,76,226326
19563,0.003613,74.125.24.0-255,4320,111288,76,226326
19564,0.003622,172.31.40.0-255,66,111354,76,226326
19565,0.006007,74.125.24.0-255,5738,117092,76,226326
19566,0.006015,172.31.40.0-255,66,117158,76,226326
19567,0.00836,74.125.24.0-255,5738,122896,76,226326
19568,0.008367,172.31.40.0-255,66,122962,76,226326
19569,0.010677,74.125.24.0-255,5738,128700,76,226326
19570,0.010685,172.31.40.0-255,66,128766,76,226326
19571,0.01299,74.125.24.0-255,5738,134504,76,226326
19572,0.012998,172.31.40.0-255,66,134570,76,226326
19573,0.015304,74.125.24.0-255,5738,140308,76,226326
19574,0.015316,172.31.40.0-255,66,140374,76,226326
19575,0.017667,74.125.24.0-255,5738,146112,76,226326
19576,0.017675,172.31.40.0-255,66,146178,76,226326
19577,0.01999,74.125.24.0-255,5738,151916,76,226326
19578,0.019996,172.31.40.0-255,66,151982,76,226326
19579,0.02237,74.125.24.0-255,5738,157720,76,226326
19580,0.022378,172.31.40.0-255,66,157786,76,226326
19581,0.024709,74.125.24.0-255,5738,163524,76,226326
19582,0.024718,172.31.40.0-255,66,163590,76,226326
19583,0.027044,74.125.24.0-255,2902,166492,76,226326
19584,0.027049,172.31.40.0-255,66,166558,76,226326
19585,0.02708,74.125.24.0-255,2902,169460,76,226326
19586,0.027083,172.31.40.0-255,66,169526,76,226326
19587,0.027934,172.31.40.0-255,172,169698,76,226326
19588,0.02796,172.31.40.0-255,1109,170807,76,226326
19589,0.028012,172.31.40.0-255,1514,172321,76,226326
19590,0.028013,172.31.40.0-255,1307,173628,76,226326
19591,0.029347,74.125.24.0-255,2902,176530,76,226326
19592,0.029355,172.31.40.0-255,66,176596,76,226326
19593,0.029425,74.125.24.0-255,2902,179498,76,226326
19594,0.029429,172.31.40.0-255,66,179564,76,226326
19595,0.029489,104.244.42.0-255,66,179630,76,226326
19596,0.029496,104.244.42.0-255,66,179696,76,226326
19597,0.029596,104.244.42.0-255,66,179762,76,226326
19598,0.031686,74.125.24.0-255,2902,182664,76,226326
19599,0.031693,172.31.40.0-255,66,182730,76,226326
19600,0.031723,74.125.24.0-255,2902,185632,76,226326
19601,0.031726,172.31.40.0-255,66,185698,76,226326
19602,0.034036,74.125.24.0-255,5738,191436,76,226326
19603,0.034042,172.31.40.0-255,66,191502,76,226326
19604,0.036359,74.125.24.0-255,5738,197240,76,226326
19605,0.036365,172.31.40.0-255,66,197306,76,226326
19606,0.03873,74.125.24.0-255,5738,203044,76,226326
19607,0.038738,172.31.40.0-255,66,203110,76,226326
19608,0.041079,74.125.24.0-255,5738,208848,76,226326
19609,0.041086,172.31.40.0-255,66,208914,76,226326
19610,0.043393,74.125.24.0-255,5738,214652,76,226326
19611,0.043403,172.31.40.0-255,66,214718,76,226326
19612,0.045802,74.125.24.0-255,5738,220456,76,226326
19613,0.045809,172.31.40.0-255,66,220522,76,226326
19614,0.048119,74.125.24.0-255,5738,226260,76,226326
19615,0.048126,172.31.40.0-255,66,226326,76,226326
19616,0.0,74.125.24.0-255,153,153,76,272085
19617,2.1e-05,172.31.40.0-255,66,219,76,272085
19618,2.8e-05,74.125.24.0-255,1484,1703,76,272085
19619,3.3e-05,172.31.40.0-255,66,1769,76,272085
19620,3.9e-05,74.125.24.0-255,2902,4671,76,272085
19621,5e-05,172.31.40.0-255,66,4737,76,272085
19622,5.7e-05,74.125.24.0-255,5738,10475,76,272085
19623,6e-05,172.31.40.0-255,66,10541,76,272085
19624,0.000106,172.31.40.0-255,66,10607,76,272085
19625,0.000135,74.125.24.0-255,2067,12674,76,272085
19626,0.000138,172.31.40.0-255,66,12740,76,272085
19627,0.000154,172.31.40.0-255,66,12806,76,272085
19628,0.000183,74.125.24.0-255,5738,18544,76,272085
19629,0.000186,172.31.40.0-255,66,18610,76,272085
19630,0.000216,74.125.24.0-255,5738,24348,76,272085
19631,0.000219,172.31.40.0-255,66,24414,76,272085
19632,0.000247,74.125.24.0-255,3602,28016,76,272085
19633,0.000249,172.31.40.0-255,66,28082,76,272085
19634,0.000289,74.125.24.0-255,4320,32402,76,272085
19635,0.000292,172.31.40.0-255,66,32468,76,272085
19636,0.000297,74.125.24.0-255,2902,35370,76,272085
19637,0.000299,172.31.40.0-255,66,35436,76,272085
19638,0.000321,74.125.24.0-255,2902,38338,76,272085
19639,0.000324,172.31.40.0-255,66,38404,76,272085
19640,0.00036,172.31.40.0-255,66,38470,76,272085
19641,0.00039,74.125.24.0-255,1484,39954,76,272085
19642,0.000392,172.31.40.0-255,66,40020,76,272085
19643,0.000419,74.125.24.0-255,1484,41504,76,272085
19644,0.000421,172.31.40.0-255,66,41570,76,272085
19645,0.000426,74.125.24.0-255,4320,45890,76,272085
19646,0.000429,172.31.40.0-255,66,45956,76,272085
19647,0.000445,172.31.40.0-255,66,46022,76,272085
19648,0.000447,74.125.24.0-255,1125,47147,76,272085
19649,0.000473,74.125.24.0-255,1484,48631,76,272085
19650,0.000475,172.31.40.0-255,66,48697,76,272085
19651,0.000508,74.125.24.0-255,4320,53017,76,272085
19652,0.00051,172.31.40.0-255,66,53083,76,272085
19653,0.000515,74.125.24.0-255,4320,57403,76,272085
19654,0.000518,172.31.40.0-255,66,57469,76,272085
19655,0.000555,74.125.24.0-255,6797,64266,76,272085
19656,0.000558,172.31.40.0-255,66,64332,76,272085
19657,0.000856,74.125.24.0-255,1484,65816,76,272085
19658,0.000862,74.125.24.0-255,2902,68718,76,272085
19659,0.000866,172.31.40.0-255,66,68784,76,272085
19660,0.000872,74.125.24.0-255,2902,71686,76,272085
19661,0.000874,172.31.40.0-255,66,71752,76,272085
19662,0.000898,74.125.24.0-255,2902,74654,76,272085
19663,0.000901,172.31.40.0-255,66,74720,76,272085
19664,0.000911,172.31.40.0-255,66,74786,76,272085
19665,0.000952,74.125.24.0-255,4320,79106,76,272085
19666,0.000959,172.31.40.0-255,66,79172,76,272085
19667,0.000966,74.125.24.0-255,7156,86328,76,272085
19668,0.000969,172.31.40.0-255,66,86394,76,272085
19669,0.000974,74.125.24.0-255,3602,89996,76,272085
19670,0.000977,172.31.40.0-255,66,90062,76,272085
19671,0.001129,74.125.24.0-255,1484,91546,76,272085
19672,0.001135,74.125.24.0-255,2902,94448,76,272085
19673,0.001139,172.31.40.0-255,66,94514,76,272085
19674,0.001146,74.125.24.0-255,5738,100252,76,272085
19675,0.001149,172.31.40.0-255,66,100318,76,272085
19676,0.001219,172.31.40.0-255,66,100384,76,272085
19677,0.001236,172.31.40.0-255,66,100450,76,272085
19678,0.001875,74.125.24.0-255,1484,101934,76,272085
19679,0.001882,74.125.24.0-255,2902,104836,76,272085
19680,0.001885,172.31.40.0-255,66,104902,76,272085
19681,0.001919,74.125.24.0-255,5738,110640,76,272085
19682,0.001921,172.31.40.0-255,66,110706,76,272085
19683,0.001934,172.31.40.0-255,66,110772,76,272085
19684,0.00195,172.31.40.0-255,66,110838,76,272085
19685,0.001978,74.125.24.0-255,766,111604,76,272085
19686,0.001991,74.125.24.0-255,1484,113088,76,272085
19687,0.001994,172.31.40.0-255,66,113154,76,272085
19688,0.002025,74.125.24.0-255,4320,117474,76,272085
19689,0.002032,74.125.24.0-255,5738,123212,76,272085
19690,0.002035,172.31.40.0-255,66,123278,76,272085
19691,0.002038,172.31.40.0-255,66,123344,76,272085
19692,0.002055,74.125.24.0-255,4320,127664,76,272085
19693,0.002057,172.31.40.0-255,66,127730,76,272085
19694,0.00207,172.31.40.0-255,66,127796,76,272085
19695,0.002105,74.125.24.0-255,6438,134234,76,272085
19696,0.002114,172.31.40.0-255,66,134300,76,272085
19697,0.00214,74.125.24.0-255,2902,137202,76,272085
19698,0.002143,172.31.40.0-255,66,137268,76,272085
19699,0.002149,74.125.24.0-255,4320,141588,76,272085
19700,0.002151,172.31.40.0-255,66,141654,76,272085
19701,0.002162,74.125.24.0-255,5738,147392,76,272085
19702,0.002164,172.31.40.0-255,66,147458,76,272085
19703,0.002196,74.125.24.0-255,2902,150360,76,272085
19704,0.002199,172.31.40.0-255,66,150426,76,272085
19705,0.002226,172.31.40.0-255,66,150492,76,272085
19706,0.002229,74.125.24.0-255,1484,151976,76,272085
19707,0.002259,74.125.24.0-255,2184,154160,76,272085
19708,0.002261,172.31.40.0-255,66,154226,76,272085
19709,0.002267,74.125.24.0-255,4320,158546,76,272085
19710,0.002269,172.31.40.0-255,66,158612,76,272085
19711,0.002306,172.31.40.0-255,66,158678,76,272085
19712,0.00231,74.125.24.0-255,2902,161580,76,272085
19713,0.002312,172.31.40.0-255,66,161646,76,272085
19714,0.00235,172.31.40.0-255,66,161712,76,272085
19715,0.004687,74.125.24.0-255,5738,167450,76,272085
19716,0.004708,172.31.40.0-255,66,167516,76,272085
19717,0.00705,74.125.24.0-255,5738,173254,76,272085
19718,0.007068,172.31.40.0-255,66,173320,76,272085
19719,0.009407,74.125.24.0-255,5738,179058,76,272085
19720,0.009423,172.31.40.0-255,66,179124,76,272085
19721,0.011763,74.125.24.0-255,5738,184862,76,272085
19722,0.011772,172.31.40.0-255,66,184928,76,272085
19723,0.01406,74.125.24.0-255,5738,190666,76,272085
19724,0.014066,172.31.40.0-255,66,190732,76,272085
19725,0.016354,74.125.24.0-255,5738,196470,76,272085
19726,0.016361,172.31.40.0-255,66,196536,76,272085
19727,0.01867,74.125.24.0-255,5738,202274,76,272085
19728,0.018679,172.31.40.0-255,66,202340,76,272085
19729,0.020996,74.125.24.0-255,5738,208078,76,272085
19730,0.021005,172.31.40.0-255,66,208144,76,272085
19731,0.023332,74.125.24.0-255,5738,213882,76,272085
19732,0.023347,172.31.40.0-255,66,213948,76,272085
19733,0.025651,74.125.24.0-255,5738,219686,76,272085
19734,0.02566,172.31.40.0-255,66,219752,76,272085
19735,0.027975,74.125.24.0-255,5738,225490,76,272085
19736,0.027982,172.31.40.0-255,66,225556,76,272085
19737,0.030267,74.125.24.0-255,5738,231294,76,272085
19738,0.030275,172.31.40.0-255,66,231360,76,272085
19739,0.032577,74.125.24.0-255,5738,237098,76,272085
19740,0.032586,172.31.40.0-255,66,237164,76,272085
19741,0.034906,74.125.24.0-255,5738,242902,76,272085
19742,0.034913,172.31.40.0-255,66,242968,76,272085
19743,0.037233,74.125.24.0-255,5738,248706,76,272085
19744,0.037243,172.31.40.0-255,66,248772,76,272085
19745,0.039593,74.125.24.0-255,5738,254510,76,272085
19746,0.03961,172.31.40.0-255,66,254576,76,272085
19747,0.041921,74.125.24.0-255,5738,260314,76,272085
19748,0.041933,172.31.40.0-255,66,260380,76,272085
19749,0.044275,74.125.24.0-255,5738,266118,76,272085
19750,0.044292,172.31.40.0-255,66,266184,76,272085
19751,0.046605,74.125.24.0-255,5664,271848,76,272085
19752,0.046612,172.31.40.0-255,66,271914,76,272085
19753,0.046901,172.31.40.0-255,105,272019,76,272085
19754,0.049204,74.125.24.0-255,66,272085,76,272085
19755,0.0,172.217.194.0-255,152,152,76,201465
19756,3e-05,172.31.40.0-255,66,218,76,201465
19757,3.7e-05,172.217.194.0-255,1484,1702,76,201465
19758,4.1e-05,172.31.40.0-255,66,1768,76,201465
19759,4.7e-05,172.217.194.0-255,2902,4670,76,201465
19760,5e-05,172.31.40.0-255,66,4736,76,201465
19761,5.8e-05,172.217.194.0-255,7156,11892,76,201465
19762,6e-05,172.31.40.0-255,66,11958,76,201465
19763,7.7e-05,172.31.40.0-255,66,12024,76,201465
19764,8.1e-05,172.217.194.0-255,2543,14567,76,201465
19765,8.3e-05,172.31.40.0-255,66,14633,76,201465
19766,0.000182,172.217.194.0-255,1484,16117,76,201465
19767,0.000185,172.31.40.0-255,66,16183,76,201465
19768,0.000189,172.217.194.0-255,2902,19085,76,201465
19769,0.000191,172.31.40.0-255,66,19151,76,201465
19770,0.000196,172.217.194.0-255,4320,23471,76,201465
19771,0.000198,172.31.40.0-255,66,23537,76,201465
19772,0.000215,172.217.194.0-255,1484,25021,76,201465
19773,0.000217,172.31.40.0-255,66,25087,76,201465
19774,0.000224,172.217.194.0-255,6797,31884,76,201465
19775,0.000226,172.31.40.0-255,66,31950,76,201465
19776,0.000282,172.31.40.0-255,66,32016,76,201465
19777,0.000286,172.217.194.0-255,2543,34559,76,201465
19778,0.000287,172.31.40.0-255,66,34625,76,201465
19779,0.000816,172.217.194.0-255,646,35271,76,201465
19780,0.000823,172.31.40.0-255,66,35337,76,201465
19781,0.001184,172.217.194.0-255,1484,36821,76,201465
19782,0.001188,172.31.40.0-255,66,36887,76,201465
19783,0.00122,172.217.194.0-255,2902,39789,76,201465
19784,0.001223,172.31.40.0-255,66,39855,76,201465
19785,0.001229,172.217.194.0-255,5738,45593,76,201465
19786,0.001231,172.31.40.0-255,66,45659,76,201465
19787,0.001243,172.31.40.0-255,66,45725,76,201465
19788,0.001249,172.217.194.0-255,7156,52881,76,201465
19789,0.001251,172.31.40.0-255,66,52947,76,201465
19790,0.001294,172.217.194.0-255,3602,56549,76,201465
19791,0.001296,172.31.40.0-255,66,56615,76,201465
19792,0.001683,172.217.194.0-255,1484,58099,76,201465
19793,0.001691,172.217.194.0-255,2902,61001,76,201465
19794,0.001695,172.31.40.0-255,66,61067,76,201465
19795,0.001702,172.217.194.0-255,5738,66805,76,201465
19796,0.001704,172.31.40.0-255,66,66871,76,201465
19797,0.001706,172.217.194.0-255,1484,68355,76,201465
19798,0.001735,172.31.40.0-255,66,68421,76,201465
19799,0.001773,172.31.40.0-255,66,68487,76,201465
19800,0.003891,172.217.194.0-255,5738,74225,76,201465
19801,0.003898,172.31.40.0-255,66,74291,76,201465
19802,0.006006,172.217.194.0-255,2902,77193,76,201465
19803,0.006012,172.31.40.0-255,66,77259,76,201465
19804,0.006037,172.217.194.0-255,2902,80161,76,201465
19805,0.006039,172.31.40.0-255,66,80227,76,201465
19806,0.008112,172.217.194.0-255,2902,83129,76,201465
19807,0.008119,172.31.40.0-255,66,83195,76,201465
19808,0.008141,172.217.194.0-255,2902,86097,76,201465
19809,0.008144,172.31.40.0-255,66,86163,76,201465
19810,0.010221,172.217.194.0-255,2902,89065,76,201465
19811,0.010228,172.31.40.0-255,66,89131,76,201465
19812,0.010271,172.217.194.0-255,2902,92033,76,201465
19813,0.010274,172.31.40.0-255,66,92099,76,201465
19814,0.012362,172.217.194.0-255,2902,95001,76,201465
19815,0.01237,172.31.40.0-255,66,95067,76,201465
19816,0.0124,172.217.194.0-255,2902,97969,76,201465
19817,0.012403,172.31.40.0-255,66,98035,76,201465
19818,0.014477,172.217.194.0-255,2902,100937,76,201465
19819,0.014486,172.31.40.0-255,66,101003,76,201465
19820,0.014506,172.217.194.0-255,1484,102487,76,201465
19821,0.014521,172.217.194.0-255,1484,103971,76,201465
19822,0.014524,172.31.40.0-255,66,104037,76,201465
19823,0.016608,172.217.194.0-255,2902,106939,76,201465
19824,0.016616,172.31.40.0-255,66,107005,76,201465
19825,0.01664,172.217.194.0-255,2902,109907,76,201465
19826,0.016642,172.31.40.0-255,66,109973,76,201465
19827,0.018732,172.217.194.0-255,2902,112875,76,201465
19828,0.018741,172.31.40.0-255,66,112941,76,201465
19829,0.01876,172.217.194.0-255,2902,115843,76,201465
19830,0.018763,172.31.40.0-255,66,115909,76,201465
19831,0.020873,172.217.194.0-255,5738,121647,76,201465
19832,0.02088,172.31.40.0-255,66,121713,76,201465
19833,0.023023,172.217.194.0-255,5738,127451,76,201465
19834,0.02303,172.31.40.0-255,66,127517,76,201465
19835,0.025165,172.217.194.0-255,5738,133255,76,201465
19836,0.025172,172.31.40.0-255,66,133321,76,201465
19837,0.027267,172.217.194.0-255,5738,139059,76,201465
19838,0.027273,172.31.40.0-255,66,139125,76,201465
19839,0.02787,172.31.40.0-255,172,139297,76,201465
19840,0.027912,172.31.40.0-255,1108,140405,76,201465
19841,0.027974,172.31.40.0-255,1514,141919,76,201465
19842,0.027976,172.31.40.0-255,1308,143227,76,201465
19843,0.029364,172.217.194.0-255,5738,148965,76,201465
19844,0.02937,172.31.40.0-255,66,149031,76,201465
19845,0.029412,104.244.42.0-255,66,149097,76,201465
19846,0.029456,104.244.42.0-255,66,149163,76,201465
19847,0.029569,104.244.42.0-255,66,149229,76,201465
19848,0.031518,172.217.194.0-255,5738,154967,76,201465
19849,0.031536,172.31.40.0-255,66,155033,76,201465
19850,0.033669,172.217.194.0-255,5738,160771,76,201465
19851,0.033686,172.31.40.0-255,66,160837,76,201465
19852,0.035827,172.217.194.0-255,5738,166575,76,201465
19853,0.035842,172.31.40.0-255,66,166641,76,201465
19854,0.037997,172.217.194.0-255,5738,172379,76,201465
19855,0.038011,172.31.40.0-255,66,172445,76,201465
19856,0.040143,172.217.194.0-255,5738,178183,76,201465
19857,0.040161,172.31.40.0-255,66,178249,76,201465
19858,0.042285,172.217.194.0-255,5738,183987,76,201465
19859,0.042301,172.31.40.0-255,66,184053,76,201465
19860,0.044468,172.217.194.0-255,5738,189791,76,201465
19861,0.044485,172.31.40.0-255,66,189857,76,201465
19862,0.046599,172.217.194.0-255,5738,195595,76,201465
19863,0.046612,172.31.40.0-255,66,195661,76,201465
19864,0.048733,172.217.194.0-255,5738,201399,76,201465
19865,0.04875,172.31.40.0-255,66,201465,76,201465
19866,0.0,74.125.24.0-255,146,146,76,227738
19867,1.7e-05,172.31.40.0-255,66,212,76,227738
19868,2.4e-05,74.125.24.0-255,1484,1696,76,227738
19869,2.8e-05,172.31.40.0-255,66,1762,76,227738
19870,3.3e-05,74.125.24.0-255,2902,4664,76,227738
19871,3.7e-05,172.31.40.0-255,66,4730,76,227738
19872,4.2e-05,74.125.24.0-255,4320,9050,76,227738
19873,4.5e-05,172.31.40.0-255,66,9116,76,227738
19874,7.5e-05,74.125.24.0-255,1484,10600,76,227738
19875,7.7e-05,172.31.40.0-255,66,10666,76,227738
19876,8.4e-05,74.125.24.0-255,6419,17085,76,227738
19877,8.7e-05,172.31.40.0-255,66,17151,76,227738
19878,9.1e-05,74.125.24.0-255,2902,20053,76,227738
19879,9.3e-05,172.31.40.0-255,66,20119,76,227738
19880,0.000107,74.125.24.0-255,4320,24439,76,227738
19881,0.00011,172.31.40.0-255,66,24505,76,227738
19882,0.000144,74.125.24.0-255,6797,31302,76,227738
19883,0.000146,172.31.40.0-255,66,31368,76,227738
19884,0.000275,74.125.24.0-255,1484,32852,76,227738
19885,0.000279,172.31.40.0-255,66,32918,76,227738
19886,0.000283,74.125.24.0-255,1484,34402,76,227738
19887,0.000285,172.31.40.0-255,66,34468,76,227738
19888,0.000297,74.125.24.0-255,1484,35952,76,227738
19889,0.000299,172.31.40.0-255,66,36018,76,227738
19890,0.000323,74.125.24.0-255,5738,41756,76,227738
19891,0.000326,172.31.40.0-255,66,41822,76,227738
19892,0.000363,172.31.40.0-255,66,41888,76,227738
19893,0.000366,74.125.24.0-255,1484,43372,76,227738
19894,0.000368,172.31.40.0-255,66,43438,76,227738
19895,0.000395,172.31.40.0-255,66,43504,76,227738
19896,0.0004,74.125.24.0-255,4233,47737,76,227738
19897,0.000402,172.31.40.0-255,66,47803,76,227738
19898,0.000422,74.125.24.0-255,131,47934,76,227738
19899,0.000544,74.125.24.0-255,349,48283,76,227738
19900,0.00074,74.125.24.0-255,1484,49767,76,227738
19901,0.000744,172.31.40.0-255,66,49833,76,227738
19902,0.000748,74.125.24.0-255,1484,51317,76,227738
19903,0.000762,74.125.24.0-255,1484,52801,76,227738
19904,0.000765,172.31.40.0-255,66,52867,76,227738
19905,0.000771,74.125.24.0-255,5738,58605,76,227738
19906,0.000773,172.31.40.0-255,66,58671,76,227738
19907,0.000794,74.125.24.0-255,1484,60155,76,227738
19908,0.000825,172.31.40.0-255,66,60221,76,227738
19909,0.000844,74.125.24.0-255,1125,61346,76,227738
19910,0.000862,74.125.24.0-255,7156,68502,76,227738
19911,0.000864,172.31.40.0-255,66,68568,76,227738
19912,0.000869,74.125.24.0-255,2543,71111,76,227738
19913,0.000871,172.31.40.0-255,66,71177,76,227738
19914,0.002044,74.125.24.0-255,1484,72661,76,227738
19915,0.002053,74.125.24.0-255,2902,75563,76,227738
19916,0.002058,172.31.40.0-255,66,75629,76,227738
19917,0.002062,74.125.24.0-255,1484,77113,76,227738
19918,0.002105,74.125.24.0-255,5738,82851,76,227738
19919,0.002108,172.31.40.0-255,66,82917,76,227738
19920,0.002137,172.31.40.0-255,66,82983,76,227738
19921,0.00214,74.125.24.0-255,1484,84467,76,227738
19922,0.002162,172.31.40.0-255,66,84533,76,227738
19923,0.002168,74.125.24.0-255,3602,88135,76,227738
19924,0.00217,172.31.40.0-255,66,88201,76,227738
19925,0.002382,74.125.24.0-255,1484,89685,76,227738
19926,0.002385,74.125.24.0-255,1484,91169,76,227738
19927,0.002387,172.31.40.0-255,66,91235,76,227738
19928,0.002399,74.125.24.0-255,1484,92719,76,227738
19929,0.002405,74.125.24.0-255,4320,97039,76,227738
19930,0.002408,172.31.40.0-255,66,97105,76,227738
19931,0.002432,74.125.24.0-255,1484,98589,76,227738
19932,0.002437,74.125.24.0-255,4320,102909,76,227738
19933,0.00244,172.31.40.0-255,66,102975,76,227738
19934,0.002447,74.125.24.0-255,7156,110131,76,227738
19935,0.002449,172.31.40.0-255,66,110197,76,227738
19936,0.00247,74.125.24.0-255,4320,114517,76,227738
19937,0.002473,172.31.40.0-255,66,114583,76,227738
19938,0.002485,172.31.40.0-255,66,114649,76,227738
19939,0.002503,74.125.24.0-255,3602,118251,76,227738
19940,0.002505,172.31.40.0-255,66,118317,76,227738
19941,0.00252,172.31.40.0-255,66,118383,76,227738
19942,0.002536,74.125.24.0-255,1484,119867,76,227738
19943,0.002548,172.31.40.0-255,66,119933,76,227738
19944,0.002616,74.125.24.0-255,1484,121417,76,227738
19945,0.005159,74.125.24.0-255,4320,125737,76,227738
19946,0.005166,172.31.40.0-255,66,125803,76,227738
19947,0.007781,74.125.24.0-255,5738,131541,76,227738
19948,0.007788,172.31.40.0-255,66,131607,76,227738
19949,0.010402,74.125.24.0-255,5738,137345,76,227738
19950,0.01041,172.31.40.0-255,66,137411,76,227738
19951,0.013048,74.125.24.0-255,5738,143149,76,227738
19952,0.013055,172.31.40.0-255,66,143215,76,227738
19953,0.015679,74.125.24.0-255,5738,148953,76,227738
19954,0.015687,172.31.40.0-255,66,149019,76,227738
19955,0.01829,74.125.24.0-255,5738,154757,76,227738
19956,0.018298,172.31.40.0-255,66,154823,76,227738
19957,0.020901,74.125.24.0-255,5738,160561,76,227738
19958,0.020913,172.31.40.0-255,66,160627,76,227738
19959,0.023527,74.125.24.0-255,5738,166365,76,227738
19960,0.023536,172.31.40.0-255,66,166431,76,227738
19961,0.026195,74.125.24.0-255,5738,172169,76,227738
19962,0.026202,172.31.40.0-255,66,172235,76,227738
19963,0.028847,74.125.24.0-255,5738,177973,76,227738
19964,0.028875,172.31.40.0-255,66,178039,76,227738
19965,0.031494,74.125.24.0-255,5738,183777,76,227738
19966,0.031501,172.31.40.0-255,66,183843,76,227738
19967,0.034143,74.125.24.0-255,5738,189581,76,227738
19968,0.034151,172.31.40.0-255,66,189647,76,227738
19969,0.036744,74.125.24.0-255,5738,195385,76,227738
19970,0.036757,172.31.40.0-255,66,195451,76,227738
19971,0.037672,172.31.40.0-255,172,195623,76,227738
19972,0.037703,172.31.40.0-255,1104,196727,76,227738
19973,0.03776,172.31.40.0-255,1514,198241,76,227738
19974,0.037762,172.31.40.0-255,345,198586,76,227738
19975,0.039212,104.244.42.0-255,66,198652,76,227738
19976,0.03924,104.244.42.0-255,66,198718,76,227738
19977,0.039308,104.244.42.0-255,66,198784,76,227738
19978,0.039394,74.125.24.0-255,5738,204522,76,227738
19979,0.039399,172.31.40.0-255,66,204588,76,227738
19980,0.042028,74.125.24.0-255,5738,210326,76,227738
19981,0.042036,172.31.40.0-255,66,210392,76,227738
19982,0.044708,74.125.24.0-255,5738,216130,76,227738
19983,0.044714,172.31.40.0-255,66,216196,76,227738
19984,0.04735,74.125.24.0-255,5738,221934,76,227738
19985,0.04737,172.31.40.0-255,66,222000,76,227738
19986,0.049997,74.125.24.0-255,5738,227738,76,227738
19987,0.0,216.58.221.0-255,146,146,76,281642
19988,1.5e-05,172.31.40.0-255,66,212,76,281642
19989,2.3e-05,216.58.221.0-255,1484,1696,76,281642
19990,2.7e-05,172.31.40.0-255,66,1762,76,281642
19991,3.2e-05,216.58.221.0-255,2902,4664,76,281642
19992,4.2e-05,172.31.40.0-255,66,4730,76,281642
19993,4.9e-05,216.58.221.0-255,5738,10468,76,281642
19994,5.2e-05,172.31.40.0-255,66,10534,76,281642
19995,6.6e-05,216.58.221.0-255,1484,12018,76,281642
19996,6.8e-05,172.31.40.0-255,66,12084,76,281642
19997,0.000107,172.31.40.0-255,66,12150,76,281642
19998,0.000124,216.58.221.0-255,2902,15052,76,281642
19999,0.000126,172.31.40.0-255,66,15118,76,281642
20000,0.000159,216.58.221.0-255,6797,21915,76,281642
20001,0.000162,172.31.40.0-255,66,21981,76,281642
20002,0.000277,216.58.221.0-255,1484,23465,76,281642
20003,0.000281,172.31.40.0-255,66,23531,76,281642
20004,0.000286,216.58.221.0-255,1484,25015,76,281642
20005,0.000288,172.31.40.0-255,66,25081,76,281642
20006,0.00031,216.58.221.0-255,1484,26565,76,281642
20007,0.000313,172.31.40.0-255,66,26631,76,281642
20008,0.000323,216.58.221.0-255,4320,30951,76,281642
20009,0.000325,172.31.40.0-255,66,31017,76,281642
20010,0.00033,216.58.221.0-255,2902,33919,76,281642
20011,0.000332,172.31.40.0-255,66,33985,76,281642
20012,0.000363,216.58.221.0-255,2902,36887,76,281642
20013,0.000365,172.31.40.0-255,66,36953,76,281642
20014,0.00039,216.58.221.0-255,2543,39496,76,281642
20015,0.000393,172.31.40.0-255,66,39562,76,281642
20016,0.000477,216.58.221.0-255,1484,41046,76,281642
20017,0.00048,172.31.40.0-255,66,41112,76,281642
20018,0.000485,216.58.221.0-255,2902,44014,76,281642
20019,0.000488,172.31.40.0-255,66,44080,76,281642
20020,0.000518,216.58.221.0-255,5738,49818,76,281642
20021,0.000522,172.31.40.0-255,66,49884,76,281642
20022,0.000526,216.58.221.0-255,2902,52786,76,281642
20023,0.000528,172.31.40.0-255,66,52852,76,281642
20024,0.000545,216.58.221.0-255,1484,54336,76,281642
20025,0.000581,216.58.221.0-255,2543,56879,76,281642
20026,0.000584,172.31.40.0-255,66,56945,76,281642
20027,0.000612,216.58.221.0-255,388,57333,76,281642
20028,0.001093,172.31.40.0-255,66,57399,76,281642
20029,0.001219,216.58.221.0-255,354,57753,76,281642
20030,0.001254,216.58.221.0-255,1484,59237,76,281642
20031,0.001258,172.31.40.0-255,66,59303,76,281642
20032,0.00128,216.58.221.0-255,4320,63623,76,281642
20033,0.001283,172.31.40.0-255,66,63689,76,281642
20034,0.001309,216.58.221.0-255,4320,68009,76,281642
20035,0.001312,172.31.40.0-255,66,68075,76,281642
20036,0.001319,216.58.221.0-255,5738,73813,76,281642
20037,0.001321,172.31.40.0-255,66,73879,76,281642
20038,0.001341,216.58.221.0-255,1125,75004,76,281642
20039,0.001372,216.58.221.0-255,1484,76488,76,281642
20040,0.001374,172.31.40.0-255,66,76554,76,281642
20041,0.001378,216.58.221.0-255,1484,78038,76,281642
20042,0.001402,216.58.221.0-255,2902,80940,76,281642
20043,0.001404,172.31.40.0-255,66,81006,76,281642
20044,0.001408,216.58.221.0-255,1484,82490,76,281642
20045,0.001413,216.58.221.0-255,4320,86810,76,281642
20046,0.001415,172.31.40.0-255,66,86876,76,281642
20047,0.001445,216.58.221.0-255,2902,89778,76,281642
20048,0.001448,172.31.40.0-255,66,89844,76,281642
20049,0.001453,216.58.221.0-255,2543,92387,76,281642
20050,0.001455,172.31.40.0-255,66,92453,76,281642
20051,0.001543,216.58.221.0-255,1484,93937,76,281642
20052,0.00155,216.58.221.0-255,2902,96839,76,281642
20053,0.001553,172.31.40.0-255,66,96905,76,281642
20054,0.001588,216.58.221.0-255,5738,102643,76,281642
20055,0.001591,172.31.40.0-255,66,102709,76,281642
20056,0.001599,216.58.221.0-255,7156,109865,76,281642
20057,0.001601,172.31.40.0-255,66,109931,76,281642
20058,0.001625,216.58.221.0-255,5738,115669,76,281642
20059,0.001628,172.31.40.0-255,66,115735,76,281642
20060,0.001639,172.31.40.0-255,66,115801,76,281642
20061,0.001643,216.58.221.0-255,2184,117985,76,281642
20062,0.001646,172.31.40.0-255,66,118051,76,281642
20063,0.001686,216.58.221.0-255,1484,119535,76,281642
20064,0.001709,216.58.221.0-255,2902,122437,76,281642
20065,0.001712,172.31.40.0-255,66,122503,76,281642
20066,0.001718,216.58.221.0-255,4320,126823,76,281642
20067,0.00172,172.31.40.0-255,66,126889,76,281642
20068,0.001724,216.58.221.0-255,1484,128373,76,281642
20069,0.001761,216.58.221.0-255,7156,135529,76,281642
20070,0.001764,172.31.40.0-255,66,135595,76,281642
20071,0.00177,216.58.221.0-255,4320,139915,76,281642
20072,0.001772,172.31.40.0-255,66,139981,76,281642
20073,0.001821,172.31.40.0-255,66,140047,76,281642
20074,0.001825,216.58.221.0-255,218,140265,76,281642
20075,0.003547,172.31.40.0-255,101,140366,76,281642
20076,0.003757,216.58.221.0-255,4320,144686,76,281642
20077,0.003763,172.31.40.0-255,66,144752,76,281642
20078,0.005495,216.58.221.0-255,1484,146236,76,281642
20079,0.005752,216.58.221.0-255,4320,150556,76,281642
20080,0.005758,172.31.40.0-255,66,150622,76,281642
20081,0.007704,216.58.221.0-255,2902,153524,76,281642
20082,0.007711,172.31.40.0-255,66,153590,76,281642
20083,0.00773,216.58.221.0-255,2902,156492,76,281642
20084,0.007733,172.31.40.0-255,66,156558,76,281642
20085,0.009668,216.58.221.0-255,5738,162296,76,281642
20086,0.009675,172.31.40.0-255,66,162362,76,281642
20087,0.011636,216.58.221.0-255,5738,168100,76,281642
20088,0.011643,172.31.40.0-255,66,168166,76,281642
20089,0.013624,216.58.221.0-255,5738,173904,76,281642
20090,0.013631,172.31.40.0-255,66,173970,76,281642
20091,0.015586,216.58.221.0-255,5738,179708,76,281642
20092,0.015593,172.31.40.0-255,66,179774,76,281642
20093,0.017565,216.58.221.0-255,5738,185512,76,281642
20094,0.017579,172.31.40.0-255,66,185578,76,281642
20095,0.019551,216.58.221.0-255,5738,191316,76,281642
20096,0.01956,172.31.40.0-255,66,191382,76,281642
20097,0.02153,216.58.221.0-255,5738,197120,76,281642
20098,0.021537,172.31.40.0-255,66,197186,76,281642
20099,0.02349,216.58.221.0-255,5738,202924,76,281642
20100,0.023497,172.31.40.0-255,66,202990,76,281642
20101,0.025445,216.58.221.0-255,5738,208728,76,281642
20102,0.025452,172.31.40.0-255,66,208794,76,281642
20103,0.025492,172.31.40.0-255,172,208966,76,281642
20104,0.02552,172.31.40.0-255,1104,210070,76,281642
20105,0.02558,172.31.40.0-255,1514,211584,76,281642
20106,0.025582,172.31.40.0-255,344,211928,76,281642
20107,0.027424,216.58.221.0-255,5738,217666,76,281642
20108,0.027431,172.31.40.0-255,66,217732,76,281642
20109,0.027669,104.244.42.0-255,66,217798,76,281642
20110,0.029386,216.58.221.0-255,5738,223536,76,281642
20111,0.029392,172.31.40.0-255,66,223602,76,281642
20112,0.031382,216.58.221.0-255,5738,229340,76,281642
20113,0.031397,172.31.40.0-255,66,229406,76,281642
20114,0.033363,216.58.221.0-255,5738,235144,76,281642
20115,0.033379,172.31.40.0-255,66,235210,76,281642
20116,0.035389,216.58.221.0-255,5738,240948,76,281642
20117,0.035405,172.31.40.0-255,66,241014,76,281642
20118,0.037383,216.58.221.0-255,5738,246752,76,281642
20119,0.03739,172.31.40.0-255,66,246818,76,281642
20120,0.039365,216.58.221.0-255,5738,252556,76,281642
20121,0.039372,172.31.40.0-255,66,252622,76,281642
20122,0.041333,216.58.221.0-255,5738,258360,76,281642
20123,0.04134,172.31.40.0-255,66,258426,76,281642
20124,0.043339,216.58.221.0-255,5738,264164,76,281642
20125,0.043349,172.31.40.0-255,66,264230,76,281642
20126,0.045311,216.58.221.0-255,5738,269968,76,281642
20127,0.045318,172.31.40.0-255,66,270034,76,281642
20128,0.047308,216.58.221.0-255,5738,275772,76,281642
20129,0.047313,172.31.40.0-255,66,275838,76,281642
20130,0.049273,216.58.221.0-255,5738,281576,76,281642
20131,0.049279,172.31.40.0-255,66,281642,76,281642
20132,0.0,74.125.24.0-255,152,152,76,163730
20133,2.3e-05,172.31.40.0-255,66,218,76,163730
20134,3e-05,74.125.24.0-255,1484,1702,76,163730
20135,3.5e-05,172.31.40.0-255,66,1768,76,163730
20136,4.9e-05,74.125.24.0-255,2902,4670,76,163730
20137,5.2e-05,172.31.40.0-255,66,4736,76,163730
20138,6e-05,74.125.24.0-255,7156,11892,76,163730
20139,6.3e-05,172.31.40.0-255,66,11958,76,163730
20140,7.6e-05,172.31.40.0-255,66,12024,76,163730
20141,0.000108,74.125.24.0-255,3555,15579,76,163730
20142,0.000111,172.31.40.0-255,66,15645,76,163730
20143,0.000137,74.125.24.0-255,5379,21024,76,163730
20144,0.00014,172.31.40.0-255,66,21090,76,163730
20145,0.000197,74.125.24.0-255,1484,22574,76,163730
20146,0.0002,172.31.40.0-255,66,22640,76,163730
20147,0.000231,74.125.24.0-255,2902,25542,76,163730
20148,0.000234,172.31.40.0-255,66,25608,76,163730
20149,0.00024,74.125.24.0-255,5738,31346,76,163730
20150,0.000242,172.31.40.0-255,66,31412,76,163730
20151,0.000258,172.31.40.0-255,66,31478,76,163730
20152,0.000288,74.125.24.0-255,5379,36857,76,163730
20153,0.000291,172.31.40.0-255,66,36923,76,163730
20154,0.000319,172.31.40.0-255,66,36989,76,163730
20155,0.000767,74.125.24.0-255,646,37635,76,163730
20156,0.000774,172.31.40.0-255,66,37701,76,163730
20157,0.000954,74.125.24.0-255,1484,39185,76,163730
20158,0.00096,74.125.24.0-255,2902,42087,76,163730
20159,0.000962,74.125.24.0-255,1484,43571,76,163730
20160,0.000974,172.31.40.0-255,66,43637,76,163730
20161,0.000977,172.31.40.0-255,66,43703,76,163730
20162,0.000983,74.125.24.0-255,2902,46605,76,163730
20163,0.000987,172.31.40.0-255,66,46671,76,163730
20164,0.001019,172.31.40.0-255,66,46737,76,163730
20165,0.001027,74.125.24.0-255,5738,52475,76,163730
20166,0.001029,172.31.40.0-255,66,52541,76,163730
20167,0.001066,172.31.40.0-255,66,52607,76,163730
20168,0.002266,74.125.24.0-255,1484,54091,76,163730
20169,0.002278,74.125.24.0-255,2902,56993,76,163730
20170,0.002283,172.31.40.0-255,66,57059,76,163730
20171,0.002291,74.125.24.0-255,5738,62797,76,163730
20172,0.002293,172.31.40.0-255,66,62863,76,163730
20173,0.00231,172.31.40.0-255,66,62929,76,163730
20174,0.002342,74.125.24.0-255,1484,64413,76,163730
20175,0.002347,74.125.24.0-255,2902,67315,76,163730
20176,0.002349,172.31.40.0-255,66,67381,76,163730
20177,0.002352,74.125.24.0-255,1484,68865,76,163730
20178,0.002355,74.125.24.0-255,1484,70349,76,163730
20179,0.002357,172.31.40.0-255,66,70415,76,163730
20180,0.00236,74.125.24.0-255,1484,71899,76,163730
20181,0.002363,74.125.24.0-255,1484,73383,76,163730
20182,0.002365,172.31.40.0-255,66,73449,76,163730
20183,0.002399,74.125.24.0-255,5020,78469,76,163730
20184,0.002401,172.31.40.0-255,66,78535,76,163730
20185,0.002489,74.125.24.0-255,1484,80019,76,163730
20186,0.002494,74.125.24.0-255,2902,82921,76,163730
20187,0.002496,172.31.40.0-255,66,82987,76,163730
20188,0.002502,74.125.24.0-255,5738,88725,76,163730
20189,0.002504,172.31.40.0-255,66,88791,76,163730
20190,0.002516,74.125.24.0-255,7156,95947,76,163730
20191,0.002518,172.31.40.0-255,66,96013,76,163730
20192,0.002588,172.31.40.0-255,66,96079,76,163730
20193,0.002592,74.125.24.0-255,2184,98263,76,163730
20194,0.002594,172.31.40.0-255,66,98329,76,163730
20195,0.002876,74.125.24.0-255,1484,99813,76,163730
20196,0.002891,74.125.24.0-255,2902,102715,76,163730
20197,0.002893,172.31.40.0-255,66,102781,76,163730
20198,0.002898,74.125.24.0-255,2902,105683,76,163730
20199,0.002901,172.31.40.0-255,66,105749,76,163730
20200,0.00292,74.125.24.0-255,2902,108651,76,163730
20201,0.002922,172.31.40.0-255,66,108717,76,163730
20202,0.002936,172.31.40.0-255,66,108783,76,163730
20203,0.002976,172.31.40.0-255,66,108849,76,163730
20204,0.003002,74.125.24.0-255,2184,111033,76,163730
20205,0.003004,172.31.40.0-255,66,111099,76,163730
20206,0.003025,172.31.40.0-255,66,111165,76,163730
20207,0.003044,172.31.40.0-255,66,111231,76,163730
20208,0.003184,74.125.24.0-255,1484,112715,76,163730
20209,0.003207,74.125.24.0-255,2902,115617,76,163730
20210,0.00321,172.31.40.0-255,66,115683,76,163730
20211,0.003215,74.125.24.0-255,4320,120003,76,163730
20212,0.003218,172.31.40.0-255,66,120069,76,163730
20213,0.003238,74.125.24.0-255,1484,121553,76,163730
20214,0.003244,74.125.24.0-255,5738,127291,76,163730
20215,0.003247,172.31.40.0-255,66,127357,76,163730
20216,0.003286,172.31.40.0-255,66,127423,76,163730
20217,0.003293,74.125.24.0-255,5020,132443,76,163730
20218,0.003295,172.31.40.0-255,66,132509,76,163730
20219,0.003327,74.125.24.0-255,1484,133993,76,163730
20220,0.003333,74.125.24.0-255,4320,138313,76,163730
20221,0.003335,172.31.40.0-255,66,138379,76,163730
20222,0.003338,74.125.24.0-255,1484,139863,76,163730
20223,0.003373,172.31.40.0-255,66,139929,76,163730
20224,0.003384,172.31.40.0-255,66,139995,76,163730
20225,0.003408,74.125.24.0-255,1484,141479,76,163730
20226,0.003457,172.31.40.0-255,66,141545,76,163730
20227,0.003473,172.31.40.0-255,66,141611,76,163730
20228,0.00351,74.125.24.0-255,2902,144513,76,163730
20229,0.003513,172.31.40.0-255,66,144579,76,163730
20230,0.00356,172.31.40.0-255,66,144645,76,163730
20231,0.003575,172.31.40.0-255,66,144711,76,163730
20232,0.00367,74.125.24.0-255,1484,146195,76,163730
20233,0.003674,74.125.24.0-255,2902,149097,76,163730
20234,0.003677,172.31.40.0-255,66,149163,76,163730
20235,0.003706,74.125.24.0-255,5738,154901,76,163730
20236,0.003709,172.31.40.0-255,66,154967,76,163730
20237,0.003724,172.31.40.0-255,66,155033,76,163730
20238,0.003734,172.31.40.0-255,66,155099,76,163730
20239,0.003764,74.125.24.0-255,2184,157283,76,163730
20240,0.003766,172.31.40.0-255,66,157349,76,163730
20241,0.003774,74.125.24.0-255,5973,163322,76,163730
20242,0.003776,172.31.40.0-255,66,163388,76,163730
20243,0.003799,74.125.24.0-255,105,163493,76,163730
20244,0.0157,172.31.40.0-255,66,163559,76,163730
20245,0.015753,172.31.40.0-255,105,163664,76,163730
20246,0.01798,74.125.24.0-255,66,163730,76,163730
20247,0.0,172.217.194.0-255,146,146,76,154823
20248,1.6e-05,172.31.40.0-255,66,212,76,154823
20249,2.3e-05,172.217.194.0-255,1484,1696,76,154823
20250,2.8e-05,172.31.40.0-255,66,1762,76,154823
20251,3.4e-05,172.217.194.0-255,2902,4664,76,154823
20252,3.7e-05,172.31.40.0-255,66,4730,76,154823
20253,4.5e-05,172.217.194.0-255,7156,11886,76,154823
20254,4.8e-05,172.31.40.0-255,66,11952,76,154823
20255,5.2e-05,172.217.194.0-255,2041,13993,76,154823
20256,5.5e-05,172.31.40.0-255,66,14059,76,154823
20257,8.2e-05,172.217.194.0-255,2902,16961,76,154823
20258,8.5e-05,172.31.40.0-255,66,17027,76,154823
20259,9.2e-05,172.217.194.0-255,7156,24183,76,154823
20260,9.5e-05,172.31.40.0-255,66,24249,76,154823
20261,0.000158,172.217.194.0-255,4320,28569,76,154823
20262,0.00016,172.31.40.0-255,66,28635,76,154823
20263,0.000184,172.217.194.0-255,2543,31178,76,154823
20264,0.000187,172.31.40.0-255,66,31244,76,154823
20265,0.000194,172.217.194.0-255,7156,38400,76,154823
20266,0.000196,172.31.40.0-255,66,38466,76,154823
20267,0.000218,172.31.40.0-255,66,38532,76,154823
20268,0.000271,172.31.40.0-255,66,38598,76,154823
20269,0.000287,172.217.194.0-255,1484,40082,76,154823
20270,0.000289,172.31.40.0-255,66,40148,76,154823
20271,0.00031,172.217.194.0-255,7072,47220,76,154823
20272,0.000313,172.31.40.0-255,66,47286,76,154823
20273,0.000333,172.217.194.0-255,120,47406,76,154823
20274,0.000335,172.31.40.0-255,66,47472,76,154823
20275,0.00037,172.217.194.0-255,382,47854,76,154823
20276,0.000373,172.31.40.0-255,66,47920,76,154823
20277,0.000704,172.217.194.0-255,1484,49404,76,154823
20278,0.000711,172.217.194.0-255,2902,52306,76,154823
20279,0.000715,172.31.40.0-255,66,52372,76,154823
20280,0.000722,172.217.194.0-255,5738,58110,76,154823
20281,0.000724,172.31.40.0-255,66,58176,76,154823
20282,0.000763,172.31.40.0-255,66,58242,76,154823
20283,0.00078,172.217.194.0-255,2902,61144,76,154823
20284,0.000783,172.31.40.0-255,66,61210,76,154823
20285,0.000802,172.31.40.0-255,66,61276,76,154823
20286,0.001151,172.217.194.0-255,1484,62760,76,154823
20287,0.001157,172.217.194.0-255,2902,65662,76,154823
20288,0.001161,172.31.40.0-255,66,65728,76,154823
20289,0.001166,172.217.194.0-255,2902,68630,76,154823
20290,0.001168,172.31.40.0-255,66,68696,76,154823
20291,0.001188,172.217.194.0-255,2902,71598,76,154823
20292,0.00119,172.31.40.0-255,66,71664,76,154823
20293,0.001206,172.31.40.0-255,66,71730,76,154823
20294,0.001261,172.31.40.0-255,66,71796,76,154823
20295,0.001532,172.217.194.0-255,1484,73280,76,154823
20296,0.001538,172.217.194.0-255,2902,76182,76,154823
20297,0.001542,172.31.40.0-255,66,76248,76,154823
20298,0.001548,172.217.194.0-255,4320,80568,76,154823
20299,0.001551,172.31.40.0-255,66,80634,76,154823
20300,0.001562,172.217.194.0-255,1484,82118,76,154823
20301,0.001566,172.217.194.0-255,1484,83602,76,154823
20302,0.001568,172.31.40.0-255,66,83668,76,154823
20303,0.0016,172.31.40.0-255,66,83734,76,154823
20304,0.001611,172.31.40.0-255,66,83800,76,154823
20305,0.001634,172.217.194.0-255,1484,85284,76,154823
20306,0.001685,172.31.40.0-255,66,85350,76,154823
20307,0.001695,172.31.40.0-255,66,85416,76,154823
20308,0.001711,172.217.194.0-255,1484,86900,76,154823
20309,0.001715,172.217.194.0-255,2902,89802,76,154823
20310,0.001721,172.217.194.0-255,5738,95540,76,154823
20311,0.001726,172.31.40.0-255,66,95606,76,154823
20312,0.001733,172.31.40.0-255,66,95672,76,154823
20313,0.001751,172.217.194.0-255,7156,102828,76,154823
20314,0.001754,172.31.40.0-255,66,102894,76,154823
20315,0.001787,172.217.194.0-255,5738,108632,76,154823
20316,0.00179,172.31.40.0-255,66,108698,76,154823
20317,0.001803,172.31.40.0-255,66,108764,76,154823
20318,0.001808,172.217.194.0-255,4320,113084,76,154823
20319,0.00181,172.31.40.0-255,66,113150,76,154823
20320,0.001857,172.31.40.0-255,66,113216,76,154823
20321,0.001868,172.31.40.0-255,66,113282,76,154823
20322,0.001889,172.217.194.0-255,1484,114766,76,154823
20323,0.001895,172.217.194.0-255,2902,117668,76,154823
20324,0.001897,172.31.40.0-255,66,117734,76,154823
20325,0.001919,172.217.194.0-255,5738,123472,76,154823
20326,0.001922,172.31.40.0-255,66,123538,76,154823
20327,0.001932,172.31.40.0-255,66,123604,76,154823
20328,0.001986,172.31.40.0-255,66,123670,76,154823
20329,0.002005,172.217.194.0-255,6438,130108,76,154823
20330,0.002008,172.31.40.0-255,66,130174,76,154823
20331,0.002037,172.217.194.0-255,1484,131658,76,154823
20332,0.002075,172.217.194.0-255,1484,133142,76,154823
20333,0.002078,172.31.40.0-255,66,133208,76,154823
20334,0.0021,172.217.194.0-255,1484,134692,76,154823
20335,0.002107,172.217.194.0-255,5738,140430,76,154823
20336,0.002109,172.31.40.0-255,66,140496,76,154823
20337,0.002114,172.217.194.0-255,2902,143398,76,154823
20338,0.002116,172.31.40.0-255,66,143464,76,154823
20339,0.002129,172.31.40.0-255,66,143530,76,154823
20340,0.002141,172.31.40.0-255,66,143596,76,154823
20341,0.002165,172.31.40.0-255,66,143662,76,154823
20342,0.002172,172.217.194.0-255,7156,150818,76,154823
20343,0.002175,172.31.40.0-255,66,150884,76,154823
20344,0.002237,172.31.40.0-255,66,150950,76,154823
20345,0.002252,172.31.40.0-255,66,151016,76,154823
20346,0.002269,172.31.40.0-255,66,151082,76,154823
20347,0.002301,172.31.40.0-255,66,151148,76,154823
20348,0.002304,172.217.194.0-255,105,151253,76,154823
20349,0.012631,172.31.40.0-255,66,151319,76,154823
20350,0.012683,172.31.40.0-255,105,151424,76,154823
20351,0.015144,172.217.194.0-255,66,151490,76,154823
20352,0.044649,172.31.40.0-255,171,151661,76,154823
20353,0.04468,172.31.40.0-255,1143,152804,76,154823
20354,0.04474,172.31.40.0-255,1514,154318,76,154823
20355,0.044762,172.31.40.0-255,307,154625,76,154823
20356,0.046215,104.244.42.0-255,66,154691,76,154823
20357,0.04624,104.244.42.0-255,66,154757,76,154823
20358,0.046306,104.244.42.0-255,66,154823,76,154823
20359,0.0,74.125.24.0-255,153,153,76,250525
20360,2.4e-05,172.31.40.0-255,66,219,76,250525
20361,3.1e-05,74.125.24.0-255,1484,1703,76,250525
20362,3.6e-05,172.31.40.0-255,66,1769,76,250525
20363,4.2e-05,74.125.24.0-255,2902,4671,76,250525
20364,5.5e-05,172.31.40.0-255,66,4737,76,250525
20365,6.3e-05,74.125.24.0-255,7156,11893,76,250525
20366,6.8e-05,172.31.40.0-255,66,11959,76,250525
20367,7.2e-05,74.125.24.0-255,1982,13941,76,250525
20368,7.5e-05,172.31.40.0-255,66,14007,76,250525
20369,0.000125,172.31.40.0-255,66,14073,76,250525
20370,0.000153,74.125.24.0-255,5379,19452,76,250525
20371,0.000157,172.31.40.0-255,66,19518,76,250525
20372,0.000215,74.125.24.0-255,1484,21002,76,250525
20373,0.000218,172.31.40.0-255,66,21068,76,250525
20374,0.000223,74.125.24.0-255,2902,23970,76,250525
20375,0.000225,172.31.40.0-255,66,24036,76,250525
20376,0.00025,74.125.24.0-255,5738,29774,76,250525
20377,0.000252,172.31.40.0-255,66,29840,76,250525
20378,0.000259,74.125.24.0-255,5738,35578,76,250525
20379,0.000261,172.31.40.0-255,66,35644,76,250525
20380,0.000269,74.125.24.0-255,6797,42441,76,250525
20381,0.000276,172.31.40.0-255,66,42507,76,250525
20382,0.000342,172.31.40.0-255,66,42573,76,250525
20383,0.000345,74.125.24.0-255,111,42684,76,250525
20384,0.000348,172.31.40.0-255,66,42750,76,250525
20385,0.000857,74.125.24.0-255,331,43081,76,250525
20386,0.000862,172.31.40.0-255,66,43147,76,250525
20387,0.001117,74.125.24.0-255,1484,44631,76,250525
20388,0.001122,172.31.40.0-255,66,44697,76,250525
20389,0.001128,74.125.24.0-255,2902,47599,76,250525
20390,0.00113,172.31.40.0-255,66,47665,76,250525
20391,0.001133,74.125.24.0-255,1484,49149,76,250525
20392,0.001155,74.125.24.0-255,4320,53469,76,250525
20393,0.001157,172.31.40.0-255,66,53535,76,250525
20394,0.001174,172.31.40.0-255,66,53601,76,250525
20395,0.001222,74.125.24.0-255,5738,59339,76,250525
20396,0.001226,172.31.40.0-255,66,59405,76,250525
20397,0.001268,172.31.40.0-255,66,59471,76,250525
20398,0.001271,74.125.24.0-255,1484,60955,76,250525
20399,0.001276,74.125.24.0-255,2902,63857,76,250525
20400,0.001278,172.31.40.0-255,66,63923,76,250525
20401,0.00129,74.125.24.0-255,5738,69661,76,250525
20402,0.001292,172.31.40.0-255,66,69727,76,250525
20403,0.001352,172.31.40.0-255,66,69793,76,250525
20404,0.00136,74.125.24.0-255,7156,76949,76,250525
20405,0.001363,172.31.40.0-255,66,77015,76,250525
20406,0.001369,74.125.24.0-255,6438,83453,76,250525
20407,0.001372,172.31.40.0-255,66,83519,76,250525
20408,0.001385,74.125.24.0-255,7156,90675,76,250525
20409,0.001388,172.31.40.0-255,66,90741,76,250525
20410,0.001391,74.125.24.0-255,1484,92225,76,250525
20411,0.001447,172.31.40.0-255,66,92291,76,250525
20412,0.001464,172.31.40.0-255,66,92357,76,250525
20413,0.001721,74.125.24.0-255,1484,93841,76,250525
20414,0.001728,74.125.24.0-255,2902,96743,76,250525
20415,0.001732,172.31.40.0-255,66,96809,76,250525
20416,0.001783,74.125.24.0-255,5738,102547,76,250525
20417,0.001787,172.31.40.0-255,66,102613,76,250525
20418,0.001807,172.31.40.0-255,66,102679,76,250525
20419,0.001815,74.125.24.0-255,7156,109835,76,250525
20420,0.001817,172.31.40.0-255,66,109901,76,250525
20421,0.00182,74.125.24.0-255,1484,111385,76,250525
20422,0.001839,74.125.24.0-255,2184,113569,76,250525
20423,0.001841,172.31.40.0-255,66,113635,76,250525
20424,0.003806,74.125.24.0-255,1484,115119,76,250525
20425,0.003833,74.125.24.0-255,4320,119439,76,250525
20426,0.003839,172.31.40.0-255,66,119505,76,250525
20427,0.005834,74.125.24.0-255,5738,125243,76,250525
20428,0.005839,172.31.40.0-255,66,125309,76,250525
20429,0.007846,74.125.24.0-255,5738,131047,76,250525
20430,0.007853,172.31.40.0-255,66,131113,76,250525
20431,0.009851,74.125.24.0-255,5738,136851,76,250525
20432,0.009859,172.31.40.0-255,66,136917,76,250525
20433,0.011873,74.125.24.0-255,5738,142655,76,250525
20434,0.011882,172.31.40.0-255,66,142721,76,250525
20435,0.013918,74.125.24.0-255,5738,148459,76,250525
20436,0.013926,172.31.40.0-255,66,148525,76,250525
20437,0.015936,74.125.24.0-255,5738,154263,76,250525
20438,0.015943,172.31.40.0-255,66,154329,76,250525
20439,0.017934,74.125.24.0-255,5738,160067,76,250525
20440,0.017942,172.31.40.0-255,66,160133,76,250525
20441,0.019948,74.125.24.0-255,5738,165871,76,250525
20442,0.019957,172.31.40.0-255,66,165937,76,250525
20443,0.021972,74.125.24.0-255,5738,171675,76,250525
20444,0.021989,172.31.40.0-255,66,171741,76,250525
20445,0.024032,74.125.24.0-255,5738,177479,76,250525
20446,0.024047,172.31.40.0-255,66,177545,76,250525
20447,0.026049,74.125.24.0-255,5738,183283,76,250525
20448,0.026067,172.31.40.0-255,66,183349,76,250525
20449,0.028079,74.125.24.0-255,5738,189087,76,250525
20450,0.028097,172.31.40.0-255,66,189153,76,250525
20451,0.030089,74.125.24.0-255,5738,194891,76,250525
20452,0.030097,172.31.40.0-255,66,194957,76,250525
20453,0.03212,74.125.24.0-255,5738,200695,76,250525
20454,0.032134,172.31.40.0-255,66,200761,76,250525
20455,0.034151,74.125.24.0-255,5738,206499,76,250525
20456,0.034158,172.31.40.0-255,66,206565,76,250525
20457,0.036186,74.125.24.0-255,5738,212303,76,250525
20458,0.036199,172.31.40.0-255,66,212369,76,250525
20459,0.03818,74.125.24.0-255,5738,218107,76,250525
20460,0.038188,172.31.40.0-255,66,218173,76,250525
20461,0.03982,172.31.40.0-255,172,218345,76,250525
20462,0.039852,172.31.40.0-255,1105,219450,76,250525
20463,0.039909,172.31.40.0-255,1514,220964,76,250525
20464,0.039911,172.31.40.0-255,343,221307,76,250525
20465,0.040191,74.125.24.0-255,5738,227045,76,250525
20466,0.040198,172.31.40.0-255,66,227111,76,250525
20467,0.041401,104.244.42.0-255,66,227177,76,250525
20468,0.04143,104.244.42.0-255,66,227243,76,250525
20469,0.041473,104.244.42.0-255,66,227309,76,250525
20470,0.04218,74.125.24.0-255,5738,233047,76,250525
20471,0.042192,172.31.40.0-255,66,233113,76,250525
20472,0.0442,74.125.24.0-255,5738,238851,76,250525
20473,0.044214,172.31.40.0-255,66,238917,76,250525
20474,0.046212,74.125.24.0-255,5738,244655,76,250525
20475,0.046228,172.31.40.0-255,66,244721,76,250525
20476,0.04824,74.125.24.0-255,5738,250459,76,250525
20477,0.048257,172.31.40.0-255,66,250525,76,250525
20478,0.0,74.125.130.0-255,153,153,76,306538
20479,2.8e-05,172.31.40.0-255,66,219,76,306538
20480,3.6e-05,74.125.130.0-255,1484,1703,76,306538
20481,3.9e-05,172.31.40.0-255,66,1769,76,306538
20482,4.4e-05,74.125.130.0-255,2902,4671,76,306538
20483,4.6e-05,172.31.40.0-255,66,4737,76,306538
20484,5.1e-05,74.125.130.0-255,4320,9057,76,306538
20485,5.5e-05,172.31.40.0-255,66,9123,76,306538
20486,8.5e-05,74.125.130.0-255,2902,12025,76,306538
20487,8.8e-05,172.31.40.0-255,66,12091,76,306538
20488,9.2e-05,74.125.130.0-255,1946,14037,76,306538
20489,9.4e-05,172.31.40.0-255,66,14103,76,306538
20490,9.8e-05,74.125.130.0-255,2902,17005,76,306538
20491,0.0001,172.31.40.0-255,66,17071,76,306538
20492,0.000109,74.125.130.0-255,7156,24227,76,306538
20493,0.000112,172.31.40.0-255,66,24293,76,306538
20494,0.000117,74.125.130.0-255,4320,28613,76,306538
20495,0.000119,172.31.40.0-255,66,28679,76,306538
20496,0.000172,74.125.130.0-255,2543,31222,76,306538
20497,0.000176,172.31.40.0-255,66,31288,76,306538
20498,0.000311,74.125.130.0-255,1484,32772,76,306538
20499,0.000317,172.31.40.0-255,66,32838,76,306538
20500,0.000337,74.125.130.0-255,2902,35740,76,306538
20501,0.000341,172.31.40.0-255,66,35806,76,306538
20502,0.000348,74.125.130.0-255,5738,41544,76,306538
20503,0.000351,172.31.40.0-255,66,41610,76,306538
20504,0.000372,74.125.130.0-255,6797,48407,76,306538
20505,0.000375,172.31.40.0-255,66,48473,76,306538
20506,0.000395,74.125.130.0-255,7156,55629,76,306538
20507,0.0004,172.31.40.0-255,66,55695,76,306538
20508,0.000432,172.31.40.0-255,66,55761,76,306538
20509,0.00045,74.125.130.0-255,119,55880,76,306538
20510,0.000452,172.31.40.0-255,66,55946,76,306538
20511,0.00063,74.125.130.0-255,1484,57430,76,306538
20512,0.000634,172.31.40.0-255,66,57496,76,306538
20513,0.000656,74.125.130.0-255,2902,60398,76,306538
20514,0.000658,172.31.40.0-255,66,60464,76,306538
20515,0.000684,74.125.130.0-255,5738,66202,76,306538
20516,0.000686,172.31.40.0-255,66,66268,76,306538
20517,0.000702,74.125.130.0-255,5738,72006,76,306538
20518,0.000706,172.31.40.0-255,66,72072,76,306538
20519,0.000714,74.125.130.0-255,1125,73197,76,306538
20520,0.000716,172.31.40.0-255,66,73263,76,306538
20521,0.000719,74.125.130.0-255,1484,74747,76,306538
20522,0.000722,172.31.40.0-255,66,74813,76,306538
20523,0.000748,74.125.130.0-255,2902,77715,76,306538
20524,0.000752,172.31.40.0-255,66,77781,76,306538
20525,0.000782,74.125.130.0-255,4320,82101,76,306538
20526,0.000791,172.31.40.0-255,66,82167,76,306538
20527,0.0008,74.125.130.0-255,1484,83651,76,306538
20528,0.000807,74.125.130.0-255,6797,90448,76,306538
20529,0.000823,172.31.40.0-255,66,90514,76,306538
20530,0.001381,74.125.130.0-255,1484,91998,76,306538
20531,0.001387,172.31.40.0-255,66,92064,76,306538
20532,0.001395,74.125.130.0-255,2902,94966,76,306538
20533,0.001398,172.31.40.0-255,66,95032,76,306538
20534,0.001424,74.125.130.0-255,5738,100770,76,306538
20535,0.001427,172.31.40.0-255,66,100836,76,306538
20536,0.001446,74.125.130.0-255,1484,102320,76,306538
20537,0.001449,172.31.40.0-255,66,102386,76,306538
20538,0.001467,74.125.130.0-255,2902,105288,76,306538
20539,0.00147,172.31.40.0-255,66,105354,76,306538
20540,0.001488,74.125.130.0-255,1484,106838,76,306538
20541,0.001491,172.31.40.0-255,66,106904,76,306538
20542,0.001496,74.125.130.0-255,2902,109806,76,306538
20543,0.001509,74.125.130.0-255,1484,111290,76,306538
20544,0.00152,74.125.130.0-255,1484,112774,76,306538
20545,0.001534,74.125.130.0-255,2902,115676,76,306538
20546,0.001536,74.125.130.0-255,1484,117160,76,306538
20547,0.001591,74.125.130.0-255,5738,122898,76,306538
20548,0.001605,74.125.130.0-255,2184,125082,76,306538
20549,0.001853,74.125.130.0-255,1484,126566,76,306538
20550,0.001861,74.125.130.0-255,2902,129468,76,306538
20551,0.001872,74.125.130.0-255,1484,130952,76,306538
20552,0.001888,74.125.130.0-255,4320,135272,76,306538
20553,0.001908,74.125.130.0-255,1484,136756,76,306538
20554,0.00191,74.125.130.0-255,1484,138240,76,306538
20555,0.001922,74.125.130.0-255,1484,139724,76,306538
20556,0.001925,74.125.130.0-255,1484,141208,76,306538
20557,0.001935,74.125.130.0-255,2902,144110,76,306538
20558,0.001947,74.125.130.0-255,1484,145594,76,306538
20559,0.001953,74.125.130.0-255,4320,149914,76,306538
20560,0.001957,74.125.130.0-255,4320,154234,76,306538
20561,0.001968,74.125.130.0-255,1484,155718,76,306538
20562,0.00199,74.125.130.0-255,3602,159320,76,306538
20563,0.002294,74.125.130.0-255,1484,160804,76,306538
20564,0.002305,74.125.130.0-255,2902,163706,76,306538
20565,0.002314,74.125.130.0-255,2902,166608,76,306538
20566,0.002322,74.125.130.0-255,2902,169510,76,306538
20567,0.002348,74.125.130.0-255,2902,172412,76,306538
20568,0.002369,74.125.130.0-255,7156,179568,76,306538
20569,0.002372,74.125.130.0-255,1484,181052,76,306538
20570,0.002388,74.125.130.0-255,7156,188208,76,306538
20571,0.002398,74.125.130.0-255,2902,191110,76,306538
20572,0.002408,74.125.130.0-255,2184,193294,76,306538
20573,0.002508,74.125.130.0-255,1484,194778,76,306538
20574,0.002535,74.125.130.0-255,2902,197680,76,306538
20575,0.002545,74.125.130.0-255,1484,199164,76,306538
20576,0.002557,74.125.130.0-255,2902,202066,76,306538
20577,0.002581,74.125.130.0-255,5738,207804,76,306538
20578,0.002592,74.125.130.0-255,1484,209288,76,306538
20579,0.002606,74.125.130.0-255,4320,213608,76,306538
20580,0.004743,172.31.40.0-255,66,213674,76,306538
20581,0.007327,74.125.130.0-255,5738,219412,76,306538
20582,0.007334,172.31.40.0-255,66,219478,76,306538
20583,0.009916,74.125.130.0-255,5738,225216,76,306538
20584,0.009925,172.31.40.0-255,66,225282,76,306538
20585,0.0125,74.125.130.0-255,5738,231020,76,306538
20586,0.012512,172.31.40.0-255,66,231086,76,306538
20587,0.015081,74.125.130.0-255,5738,236824,76,306538
20588,0.01509,172.31.40.0-255,66,236890,76,306538
20589,0.01767,74.125.130.0-255,5738,242628,76,306538
20590,0.017683,172.31.40.0-255,66,242694,76,306538
20591,0.020269,74.125.130.0-255,5738,248432,76,306538
20592,0.021577,172.31.40.0-255,66,248498,76,306538
20593,0.024194,74.125.130.0-255,5738,254236,76,306538
20594,0.024241,172.31.40.0-255,66,254302,76,306538
20595,0.026825,74.125.130.0-255,5738,260040,76,306538
20596,0.026843,172.31.40.0-255,66,260106,76,306538
20597,0.02943,74.125.130.0-255,5738,265844,76,306538
20598,0.029439,172.31.40.0-255,66,265910,76,306538
20599,0.032025,74.125.130.0-255,5738,271648,76,306538
20600,0.032045,172.31.40.0-255,66,271714,76,306538
20601,0.034654,74.125.130.0-255,5738,277452,76,306538
20602,0.034662,172.31.40.0-255,66,277518,76,306538
20603,0.037249,74.125.130.0-255,5738,283256,76,306538
20604,0.037267,172.31.40.0-255,66,283322,76,306538
20605,0.039876,74.125.130.0-255,5738,289060,76,306538
20606,0.039899,172.31.40.0-255,66,289126,76,306538
20607,0.042479,74.125.130.0-255,5738,294864,76,306538
20608,0.04249,172.31.40.0-255,66,294930,76,306538
20609,0.045081,74.125.130.0-255,5738,300668,76,306538
20610,0.045098,172.31.40.0-255,66,300734,76,306538
20611,0.047701,74.125.130.0-255,5738,306472,76,306538
20612,0.04772,172.31.40.0-255,66,306538,76,306538
20613,0.0,172.217.194.0-255,152,152,76,249712
20614,2.4e-05,172.31.40.0-255,66,218,76,249712
20615,3.1e-05,172.217.194.0-255,1484,1702,76,249712
20616,3.6e-05,172.31.40.0-255,66,1768,76,249712
20617,4.8e-05,172.217.194.0-255,2902,4670,76,249712
20618,5.1e-05,172.31.40.0-255,66,4736,76,249712
20619,5.9e-05,172.217.194.0-255,7156,11892,76,249712
20620,6.2e-05,172.31.40.0-255,66,11958,76,249712
20621,6.4e-05,172.217.194.0-255,1484,13442,76,249712
20622,6.7e-05,172.31.40.0-255,66,13508,76,249712
20623,0.000114,172.31.40.0-255,66,13574,76,249712
20624,0.000135,172.217.194.0-255,2069,15643,76,249712
20625,0.000138,172.31.40.0-255,66,15709,76,249712
20626,0.000144,172.217.194.0-255,2543,18252,76,249712
20627,0.000146,172.31.40.0-255,66,18318,76,249712
20628,0.000149,172.217.194.0-255,1484,19802,76,249712
20629,0.000151,172.31.40.0-255,66,19868,76,249712
20630,0.00016,172.217.194.0-255,2902,22770,76,249712
20631,0.000162,172.31.40.0-255,66,22836,76,249712
20632,0.000169,172.217.194.0-255,5738,28574,76,249712
20633,0.000171,172.31.40.0-255,66,28640,76,249712
20634,0.00022,172.31.40.0-255,66,28706,76,249712
20635,0.000259,172.31.40.0-255,66,28772,76,249712
20636,0.000262,172.217.194.0-255,380,29152,76,249712
20637,0.000263,172.31.40.0-255,66,29218,76,249712
20638,0.00042,172.217.194.0-255,1484,30702,76,249712
20639,0.000424,172.31.40.0-255,66,30768,76,249712
20640,0.00043,172.217.194.0-255,2902,33670,76,249712
20641,0.000432,172.31.40.0-255,66,33736,76,249712
20642,0.000444,172.217.194.0-255,5738,39474,76,249712
20643,0.000446,172.31.40.0-255,66,39540,76,249712
20644,0.000503,172.31.40.0-255,66,39606,76,249712
20645,0.000509,172.217.194.0-255,5738,45344,76,249712
20646,0.000511,172.31.40.0-255,66,45410,76,249712
20647,0.000543,172.217.194.0-255,3961,49371,76,249712
20648,0.000546,172.31.40.0-255,66,49437,76,249712
20649,0.0009,172.217.194.0-255,1484,50921,76,249712
20650,0.000908,172.217.194.0-255,2902,53823,76,249712
20651,0.000911,172.31.40.0-255,66,53889,76,249712
20652,0.000919,172.217.194.0-255,5738,59627,76,249712
20653,0.000921,172.31.40.0-255,66,59693,76,249712
20654,0.000959,172.31.40.0-255,66,59759,76,249712
20655,0.000969,172.31.40.0-255,66,59825,76,249712
20656,0.000996,172.217.194.0-255,1484,61309,76,249712
20657,0.001,172.217.194.0-255,2902,64211,76,249712
20658,0.001002,172.31.40.0-255,66,64277,76,249712
20659,0.00103,172.217.194.0-255,5020,69297,76,249712
20660,0.001033,172.31.40.0-255,66,69363,76,249712
20661,0.001045,172.31.40.0-255,66,69429,76,249712
20662,0.001086,172.31.40.0-255,66,69495,76,249712
20663,0.001103,172.217.194.0-255,1484,70979,76,249712
20664,0.001131,172.217.194.0-255,5020,75999,76,249712
20665,0.001138,172.217.194.0-255,7156,83155,76,249712
20666,0.00114,172.217.194.0-255,1484,84639,76,249712
20667,0.001151,172.31.40.0-255,66,84705,76,249712
20668,0.001154,172.31.40.0-255,66,84771,76,249712
20669,0.001176,172.31.40.0-255,66,84837,76,249712
20670,0.001183,172.217.194.0-255,7156,91993,76,249712
20671,0.001185,172.31.40.0-255,66,92059,76,249712
20672,0.001208,172.217.194.0-255,766,92825,76,249712
20673,0.001272,172.217.194.0-255,1484,94309,76,249712
20674,0.001276,172.31.40.0-255,66,94375,76,249712
20675,0.001281,172.217.194.0-255,2902,97277,76,249712
20676,0.001284,172.31.40.0-255,66,97343,76,249712
20677,0.001304,172.217.194.0-255,5738,103081,76,249712
20678,0.001308,172.31.40.0-255,66,103147,76,249712
20679,0.001314,172.217.194.0-255,7156,110303,76,249712
20680,0.001317,172.31.40.0-255,66,110369,76,249712
20681,0.001383,172.217.194.0-255,2184,112553,76,249712
20682,0.001387,172.217.194.0-255,2902,115455,76,249712
20683,0.001412,172.217.194.0-255,2902,118357,76,249712
20684,0.001421,172.31.40.0-255,66,118423,76,249712
20685,0.001432,172.217.194.0-255,4320,122743,76,249712
20686,0.001441,172.217.194.0-255,2902,125645,76,249712
20687,0.001446,172.31.40.0-255,66,125711,76,249712
20688,0.001476,172.217.194.0-255,2902,128613,76,249712
20689,0.001481,172.31.40.0-255,66,128679,76,249712
20690,0.001507,172.217.194.0-255,7156,135835,76,249712
20691,0.001538,172.31.40.0-255,66,135901,76,249712
20692,0.002057,172.217.194.0-255,1484,137385,76,249712
20693,0.002065,172.217.194.0-255,2902,140287,76,249712
20694,0.002068,172.31.40.0-255,66,140353,76,249712
20695,0.002094,172.217.194.0-255,5738,146091,76,249712
20696,0.002097,172.31.40.0-255,66,146157,76,249712
20697,0.002119,172.217.194.0-255,5738,151895,76,249712
20698,0.002122,172.31.40.0-255,66,151961,76,249712
20699,0.002154,172.217.194.0-255,7156,159117,76,249712
20700,0.002228,172.217.194.0-255,1484,160601,76,249712
20701,0.002232,172.217.194.0-255,1484,162085,76,249712
20702,0.002248,172.217.194.0-255,1484,163569,76,249712
20703,0.002253,172.217.194.0-255,2902,166471,76,249712
20704,0.002275,172.217.194.0-255,2902,169373,76,249712
20705,0.002322,172.217.194.0-255,1484,170857,76,249712
20706,0.002334,172.217.194.0-255,766,171623,76,249712
20707,0.01049,172.31.40.0-255,66,171689,76,249712
20708,0.01149,172.217.194.0-255,1484,173173,76,249712
20709,0.012808,172.217.194.0-255,4320,177493,76,249712
20710,0.012817,172.31.40.0-255,66,177559,76,249712
20711,0.015109,172.217.194.0-255,5738,183297,76,249712
20712,0.01512,172.31.40.0-255,66,183363,76,249712
20713,0.017399,172.217.194.0-255,5738,189101,76,249712
20714,0.017408,172.31.40.0-255,66,189167,76,249712
20715,0.01969,172.217.194.0-255,5738,194905,76,249712
20716,0.019698,172.31.40.0-255,66,194971,76,249712
20717,0.021993,172.217.194.0-255,5738,200709,76,249712
20718,0.022005,172.31.40.0-255,66,200775,76,249712
20719,0.024297,172.217.194.0-255,5738,206513,76,249712
20720,0.024304,172.31.40.0-255,66,206579,76,249712
20721,0.02659,172.217.194.0-255,5738,212317,76,249712
20722,0.026602,172.31.40.0-255,66,212383,76,249712
20723,0.028909,172.217.194.0-255,5738,218121,76,249712
20724,0.028924,172.31.40.0-255,66,218187,76,249712
20725,0.031239,172.217.194.0-255,5738,223925,76,249712
20726,0.031247,172.31.40.0-255,66,223991,76,249712
20727,0.03352,172.217.194.0-255,5738,229729,76,249712
20728,0.033532,172.31.40.0-255,66,229795,76,249712
20729,0.035819,172.217.194.0-255,5738,235533,76,249712
20730,0.035834,172.31.40.0-255,66,235599,76,249712
20731,0.038186,172.217.194.0-255,5738,241337,76,249712
20732,0.038198,172.31.40.0-255,66,241403,76,249712
20733,0.040496,172.217.194.0-255,5738,247141,76,249712
20734,0.040513,172.31.40.0-255,66,247207,76,249712
20735,0.042791,172.217.194.0-255,2268,249475,76,249712
20736,0.042799,172.31.40.0-255,66,249541,76,249712
20737,0.042986,172.31.40.0-255,105,249646,76,249712
20738,0.045244,172.217.194.0-255,66,249712,76,249712
20739,0.0,172.217.194.0-255,226,226,76,143002
20740,2e-05,172.31.40.0-255,66,292,76,143002
20741,2.8e-05,172.217.194.0-255,1484,1776,76,143002
20742,3.2e-05,172.31.40.0-255,66,1842,76,143002
20743,3.5e-05,172.217.194.0-255,1484,3326,76,143002
20744,3.7e-05,172.31.40.0-255,66,3392,76,143002
20745,6.4e-05,172.217.194.0-255,2902,6294,76,143002
20746,6.7e-05,172.31.40.0-255,66,6360,76,143002
20747,0.000231,172.217.194.0-255,5738,12098,76,143002
20748,0.000237,172.31.40.0-255,66,12164,76,143002
20749,0.000254,172.217.194.0-255,2020,14184,76,143002
20750,0.000257,172.31.40.0-255,66,14250,76,143002
20751,0.000568,172.217.194.0-255,1484,15734,76,143002
20752,0.000573,172.31.40.0-255,66,15800,76,143002
20753,0.000633,172.217.194.0-255,2902,18702,76,143002
20754,0.000637,172.31.40.0-255,66,18768,76,143002
20755,0.000749,172.217.194.0-255,2902,21670,76,143002
20756,0.000753,172.31.40.0-255,66,21736,76,143002
20757,0.000774,172.217.194.0-255,2902,24638,76,143002
20758,0.000777,172.31.40.0-255,66,24704,76,143002
20759,0.001032,172.217.194.0-255,7018,31722,76,143002
20760,0.00104,172.31.40.0-255,66,31788,76,143002
20761,0.003661,172.217.194.0-255,5738,37526,76,143002
20762,0.003671,172.31.40.0-255,66,37592,76,143002
20763,0.00629,172.217.194.0-255,5738,43330,76,143002
20764,0.006303,172.31.40.0-255,66,43396,76,143002
20765,0.0089,172.217.194.0-255,2902,46298,76,143002
20766,0.00891,172.31.40.0-255,66,46364,76,143002
20767,0.008949,172.217.194.0-255,2902,49266,76,143002
20768,0.008952,172.31.40.0-255,66,49332,76,143002
20769,0.011507,172.217.194.0-255,2902,52234,76,143002
20770,0.011516,172.31.40.0-255,66,52300,76,143002
20771,0.011555,172.217.194.0-255,2902,55202,76,143002
20772,0.011558,172.31.40.0-255,66,55268,76,143002
20773,0.014109,172.217.194.0-255,2902,58170,76,143002
20774,0.014119,172.31.40.0-255,66,58236,76,143002
20775,0.014163,172.217.194.0-255,2902,61138,76,143002
20776,0.014166,172.31.40.0-255,66,61204,76,143002
20777,0.016733,172.217.194.0-255,2902,64106,76,143002
20778,0.01674,172.31.40.0-255,66,64172,76,143002
20779,0.01678,172.217.194.0-255,2902,67074,76,143002
20780,0.016784,172.31.40.0-255,66,67140,76,143002
20781,0.019345,172.217.194.0-255,2902,70042,76,143002
20782,0.019352,172.31.40.0-255,66,70108,76,143002
20783,0.01939,172.217.194.0-255,2902,73010,76,143002
20784,0.019392,172.31.40.0-255,66,73076,76,143002
20785,0.020791,172.31.40.0-255,172,73248,76,143002
20786,0.020818,172.31.40.0-255,1108,74356,76,143002
20787,0.020872,172.31.40.0-255,1514,75870,76,143002
20788,0.020873,172.31.40.0-255,1308,77178,76,143002
20789,0.021956,172.217.194.0-255,2902,80080,76,143002
20790,0.021965,172.31.40.0-255,66,80146,76,143002
20791,0.022009,172.217.194.0-255,2902,83048,76,143002
20792,0.022012,172.31.40.0-255,66,83114,76,143002
20793,0.022328,104.244.42.0-255,66,83180,76,143002
20794,0.022366,104.244.42.0-255,66,83246,76,143002
20795,0.022413,104.244.42.0-255,66,83312,76,143002
20796,0.024546,172.217.194.0-255,2902,86214,76,143002
20797,0.024553,172.31.40.0-255,66,86280,76,143002
20798,0.02459,172.217.194.0-255,2902,89182,76,143002
20799,0.024593,172.31.40.0-255,66,89248,76,143002
20800,0.027184,172.217.194.0-255,2902,92150,76,143002
20801,0.02719,172.31.40.0-255,66,92216,76,143002
20802,0.027224,172.217.194.0-255,2902,95118,76,143002
20803,0.027227,172.31.40.0-255,66,95184,76,143002
20804,0.029821,172.217.194.0-255,2902,98086,76,143002
20805,0.029828,172.31.40.0-255,66,98152,76,143002
20806,0.029857,172.217.194.0-255,2902,101054,76,143002
20807,0.02986,172.31.40.0-255,66,101120,76,143002
20808,0.032418,172.217.194.0-255,2902,104022,76,143002
20809,0.032426,172.31.40.0-255,66,104088,76,143002
20810,0.032457,172.217.194.0-255,1484,105572,76,143002
20811,0.032469,172.217.194.0-255,1484,107056,76,143002
20812,0.032472,172.31.40.0-255,66,107122,76,143002
20813,0.035039,172.217.194.0-255,2902,110024,76,143002
20814,0.035046,172.31.40.0-255,66,110090,76,143002
20815,0.03507,172.217.194.0-255,2902,112992,76,143002
20816,0.035073,172.31.40.0-255,66,113058,76,143002
20817,0.037653,172.217.194.0-255,2902,115960,76,143002
20818,0.037661,172.31.40.0-255,66,116026,76,143002
20819,0.037686,172.217.194.0-255,2902,118928,76,143002
20820,0.037689,172.31.40.0-255,66,118994,76,143002
20821,0.04028,172.217.194.0-255,2902,121896,76,143002
20822,0.040287,172.31.40.0-255,66,121962,76,143002
20823,0.040315,172.217.194.0-255,2902,124864,76,143002
20824,0.040318,172.31.40.0-255,66,124930,76,143002
20825,0.042912,172.217.194.0-255,2902,127832,76,143002
20826,0.042918,172.31.40.0-255,66,127898,76,143002
20827,0.042951,172.217.194.0-255,1484,129382,76,143002
20828,0.042954,172.31.40.0-255,66,129448,76,143002
20829,0.043002,172.217.194.0-255,1484,130932,76,143002
20830,0.043007,172.31.40.0-255,66,130998,76,143002
20831,0.045519,172.217.194.0-255,2902,133900,76,143002
20832,0.045525,172.31.40.0-255,66,133966,76,143002
20833,0.045593,172.217.194.0-255,2902,136868,76,143002
20834,0.045597,172.31.40.0-255,66,136934,76,143002
20835,0.048133,172.217.194.0-255,2902,139836,76,143002
20836,0.048139,172.31.40.0-255,66,139902,76,143002
20837,0.048187,172.217.194.0-255,1484,141386,76,143002
20838,0.04819,172.31.40.0-255,66,141452,76,143002
20839,0.048208,172.217.194.0-255,1484,142936,76,143002
20840,0.04821,172.31.40.0-255,66,143002,76,143002
20841,0.0,74.125.130.0-255,143,143,76,283543
20842,1.4e-05,172.31.40.0-255,66,209,76,283543
20843,3e-05,74.125.130.0-255,1484,1693,76,283543
20844,4e-05,172.31.40.0-255,66,1759,76,283543
20845,4.6e-05,74.125.130.0-255,2902,4661,76,283543
20846,4.9e-05,172.31.40.0-255,66,4727,76,283543
20847,5.2e-05,74.125.130.0-255,1484,6211,76,283543
20848,5.5e-05,172.31.40.0-255,66,6277,76,283543
20849,7.1e-05,74.125.130.0-255,4320,10597,76,283543
20850,7.5e-05,172.31.40.0-255,66,10663,76,283543
20851,8.4e-05,74.125.130.0-255,3418,14081,76,283543
20852,8.7e-05,172.31.40.0-255,66,14147,76,283543
20853,0.000187,74.125.130.0-255,1484,15631,76,283543
20854,0.00019,172.31.40.0-255,66,15697,76,283543
20855,0.000216,74.125.130.0-255,2902,18599,76,283543
20856,0.000219,172.31.40.0-255,66,18665,76,283543
20857,0.000225,74.125.130.0-255,4320,22985,76,283543
20858,0.000227,172.31.40.0-255,66,23051,76,283543
20859,0.000262,74.125.130.0-255,5738,28789,76,283543
20860,0.000265,172.31.40.0-255,66,28855,76,283543
20861,0.000295,74.125.130.0-255,2543,31398,76,283543
20862,0.000298,172.31.40.0-255,66,31464,76,283543
20863,0.000515,74.125.130.0-255,1484,32948,76,283543
20864,0.000521,172.31.40.0-255,66,33014,76,283543
20865,0.000527,74.125.130.0-255,2902,35916,76,283543
20866,0.00053,172.31.40.0-255,66,35982,76,283543
20867,0.000539,74.125.130.0-255,2902,38884,76,283543
20868,0.000541,172.31.40.0-255,66,38950,76,283543
20869,0.000547,74.125.130.0-255,4320,43270,76,283543
20870,0.000549,172.31.40.0-255,66,43336,76,283543
20871,0.000624,74.125.130.0-255,4320,47656,76,283543
20872,0.000629,172.31.40.0-255,66,47722,76,283543
20873,0.000672,74.125.130.0-255,5379,53101,76,283543
20874,0.000676,172.31.40.0-255,66,53167,76,283543
20875,0.00068,74.125.130.0-255,1484,54651,76,283543
20876,0.000717,172.31.40.0-255,66,54717,76,283543
20877,0.000721,74.125.130.0-255,2543,57260,76,283543
20878,0.000724,172.31.40.0-255,66,57326,76,283543
20879,0.000768,74.125.130.0-255,645,57971,76,283543
20880,0.000842,74.125.130.0-255,1484,59455,76,283543
20881,0.000846,172.31.40.0-255,66,59521,76,283543
20882,0.000851,74.125.130.0-255,2902,62423,76,283543
20883,0.000853,172.31.40.0-255,66,62489,76,283543
20884,0.000874,74.125.130.0-255,5738,68227,76,283543
20885,0.000877,172.31.40.0-255,66,68293,76,283543
20886,0.000908,172.31.40.0-255,66,68359,76,283543
20887,0.000919,172.31.40.0-255,66,68425,76,283543
20888,0.000948,74.125.130.0-255,2184,70609,76,283543
20889,0.000951,172.31.40.0-255,66,70675,76,283543
20890,0.001112,74.125.130.0-255,1484,72159,76,283543
20891,0.001119,74.125.130.0-255,2902,75061,76,283543
20892,0.001122,172.31.40.0-255,66,75127,76,283543
20893,0.001127,74.125.130.0-255,2902,78029,76,283543
20894,0.001129,172.31.40.0-255,66,78095,76,283543
20895,0.001156,74.125.130.0-255,2902,80997,76,283543
20896,0.001159,172.31.40.0-255,66,81063,76,283543
20897,0.001173,172.31.40.0-255,66,81129,76,283543
20898,0.00118,74.125.130.0-255,7156,88285,76,283543
20899,0.001183,172.31.40.0-255,66,88351,76,283543
20900,0.001208,74.125.130.0-255,1484,89835,76,283543
20901,0.001213,74.125.130.0-255,2184,92019,76,283543
20902,0.001215,172.31.40.0-255,66,92085,76,283543
20903,0.001447,74.125.130.0-255,1484,93569,76,283543
20904,0.00145,74.125.130.0-255,1484,95053,76,283543
20905,0.001453,172.31.40.0-255,66,95119,76,283543
20906,0.001474,74.125.130.0-255,1484,96603,76,283543
20907,0.001478,74.125.130.0-255,2902,99505,76,283543
20908,0.00148,172.31.40.0-255,66,99571,76,283543
20909,0.001505,74.125.130.0-255,4320,103891,76,283543
20910,0.001507,172.31.40.0-255,66,103957,76,283543
20911,0.00151,74.125.130.0-255,1484,105441,76,283543
20912,0.001539,74.125.130.0-255,7156,112597,76,283543
20913,0.001542,172.31.40.0-255,66,112663,76,283543
20914,0.001552,172.31.40.0-255,66,112729,76,283543
20915,0.001578,74.125.130.0-255,3602,116331,76,283543
20916,0.00158,172.31.40.0-255,66,116397,76,283543
20917,0.001917,74.125.130.0-255,1484,117881,76,283543
20918,0.001923,74.125.130.0-255,2902,120783,76,283543
20919,0.001927,172.31.40.0-255,66,120849,76,283543
20920,0.00196,74.125.130.0-255,5738,126587,76,283543
20921,0.001963,74.125.130.0-255,1484,128071,76,283543
20922,0.001967,172.31.40.0-255,66,128137,76,283543
20923,0.001984,74.125.130.0-255,5738,133875,76,283543
20924,0.001986,172.31.40.0-255,66,133941,76,283543
20925,0.00202,74.125.130.0-255,5738,139679,76,283543
20926,0.002023,172.31.40.0-255,66,139745,76,283543
20927,0.002028,74.125.130.0-255,2902,142647,76,283543
20928,0.00203,172.31.40.0-255,66,142713,76,283543
20929,0.002035,74.125.130.0-255,4320,147033,76,283543
20930,0.002037,172.31.40.0-255,66,147099,76,283543
20931,0.002081,74.125.130.0-255,3602,150701,76,283543
20932,0.002084,172.31.40.0-255,66,150767,76,283543
20933,0.002112,74.125.130.0-255,4320,155087,76,283543
20934,0.002114,172.31.40.0-255,66,155153,76,283543
20935,0.002151,172.31.40.0-255,66,155219,76,283543
20936,0.002163,172.31.40.0-255,66,155285,76,283543
20937,0.002207,172.31.40.0-255,66,155351,76,283543
20938,0.00224,172.31.40.0-255,66,155417,76,283543
20939,0.002246,74.125.130.0-255,4320,159737,76,283543
20940,0.002248,172.31.40.0-255,66,159803,76,283543
20941,0.00233,172.31.40.0-255,66,159869,76,283543
20942,0.002334,74.125.130.0-255,2184,162053,76,283543
20943,0.002336,172.31.40.0-255,66,162119,76,283543
20944,0.004649,74.125.130.0-255,5738,167857,76,283543
20945,0.004659,172.31.40.0-255,66,167923,76,283543
20946,0.006972,74.125.130.0-255,5738,173661,76,283543
20947,0.006977,172.31.40.0-255,66,173727,76,283543
20948,0.009304,74.125.130.0-255,5738,179465,76,283543
20949,0.00931,172.31.40.0-255,66,179531,76,283543
20950,0.011645,74.125.130.0-255,2902,182433,76,283543
20951,0.011654,172.31.40.0-255,66,182499,76,283543
20952,0.011684,74.125.130.0-255,2902,185401,76,283543
20953,0.011687,172.31.40.0-255,66,185467,76,283543
20954,0.013984,74.125.130.0-255,2902,188369,76,283543
20955,0.013992,172.31.40.0-255,66,188435,76,283543
20956,0.014023,74.125.130.0-255,2902,191337,76,283543
20957,0.014026,172.31.40.0-255,66,191403,76,283543
20958,0.016322,74.125.130.0-255,4320,195723,76,283543
20959,0.016338,172.31.40.0-255,66,195789,76,283543
20960,0.016369,74.125.130.0-255,1484,197273,76,283543
20961,0.018676,74.125.130.0-255,4320,201593,76,283543
20962,0.018687,172.31.40.0-255,66,201659,76,283543
20963,0.021004,74.125.130.0-255,5738,207397,76,283543
20964,0.021012,172.31.40.0-255,66,207463,76,283543
20965,0.023353,74.125.130.0-255,4320,211783,76,283543
20966,0.023361,172.31.40.0-255,66,211849,76,283543
20967,0.023398,74.125.130.0-255,1484,213333,76,283543
20968,0.025687,74.125.130.0-255,4320,217653,76,283543
20969,0.025694,172.31.40.0-255,66,217719,76,283543
20970,0.028013,74.125.130.0-255,5738,223457,76,283543
20971,0.028021,172.31.40.0-255,66,223523,76,283543
20972,0.030352,74.125.130.0-255,5738,229261,76,283543
20973,0.030359,172.31.40.0-255,66,229327,76,283543
20974,0.032021,172.31.40.0-255,172,229499,76,283543
20975,0.032053,172.31.40.0-255,1108,230607,76,283543
20976,0.032111,172.31.40.0-255,1514,232121,76,283543
20977,0.032113,172.31.40.0-255,1514,233635,76,283543
20978,0.032118,172.31.40.0-255,1514,235149,76,283543
20979,0.032119,172.31.40.0-255,1514,236663,76,283543
20980,0.032139,172.31.40.0-255,184,236847,76,283543
20981,0.032684,74.125.130.0-255,5738,242585,76,283543
20982,0.032691,172.31.40.0-255,66,242651,76,283543
20983,0.033572,104.244.42.0-255,66,242717,76,283543
20984,0.0336,104.244.42.0-255,66,242783,76,283543
20985,0.033662,104.244.42.0-255,66,242849,76,283543
20986,0.033676,104.244.42.0-255,66,242915,76,283543
20987,0.035012,74.125.130.0-255,5738,248653,76,283543
20988,0.035019,172.31.40.0-255,66,248719,76,283543
20989,0.037352,74.125.130.0-255,5738,254457,76,283543
20990,0.037358,172.31.40.0-255,66,254523,76,283543
20991,0.039686,74.125.130.0-255,5738,260261,76,283543
20992,0.039692,172.31.40.0-255,66,260327,76,283543
20993,0.042032,74.125.130.0-255,5738,266065,76,283543
20994,0.042038,172.31.40.0-255,66,266131,76,283543
20995,0.044377,74.125.130.0-255,5738,271869,76,283543
20996,0.044384,172.31.40.0-255,66,271935,76,283543
20997,0.046714,74.125.130.0-255,5738,277673,76,283543
20998,0.046721,172.31.40.0-255,66,277739,76,283543
20999,0.049061,74.125.130.0-255,5738,283477,76,283543
21000,0.049067,172.31.40.0-255,66,283543,76,283543
21001,0.0,74.125.24.0-255,298,298,76,220928
21002,2.1e-05,172.31.40.0-255,66,364,76,220928
21003,2.8e-05,74.125.24.0-255,1484,1848,76,220928
21004,3.2e-05,172.31.40.0-255,66,1914,76,220928
21005,3.8e-05,74.125.24.0-255,4320,6234,76,220928
21006,5.2e-05,172.31.40.0-255,66,6300,76,220928
21007,6.4e-05,172.31.40.0-255,66,6366,76,220928
21008,7.1e-05,74.125.24.0-255,5738,12104,76,220928
21009,7.5e-05,172.31.40.0-255,66,12170,76,220928
21010,9.2e-05,74.125.24.0-255,2902,15072,76,220928
21011,9.5e-05,172.31.40.0-255,66,15138,76,220928
21012,0.000106,74.125.24.0-255,5738,20876,76,220928
21013,0.000109,172.31.40.0-255,66,20942,76,220928
21014,0.000152,74.125.24.0-255,2543,23485,76,220928
21015,0.000155,172.31.40.0-255,66,23551,76,220928
21016,0.000197,74.125.24.0-255,1484,25035,76,220928
21017,0.000199,172.31.40.0-255,66,25101,76,220928
21018,0.000224,74.125.24.0-255,2902,28003,76,220928
21019,0.000227,172.31.40.0-255,66,28069,76,220928
21020,0.000232,74.125.24.0-255,2902,30971,76,220928
21021,0.000234,172.31.40.0-255,66,31037,76,220928
21022,0.000254,74.125.24.0-255,2902,33939,76,220928
21023,0.00026,172.31.40.0-255,66,34005,76,220928
21024,0.000267,74.125.24.0-255,5738,39743,76,220928
21025,0.00027,172.31.40.0-255,66,39809,76,220928
21026,0.00031,172.31.40.0-255,66,39875,76,220928
21027,0.000337,74.125.24.0-255,2543,42418,76,220928
21028,0.000339,172.31.40.0-255,66,42484,76,220928
21029,0.000344,74.125.24.0-255,4288,46772,76,220928
21030,0.000347,172.31.40.0-255,66,46838,76,220928
21031,0.000351,74.125.24.0-255,115,46953,76,220928
21032,0.000441,74.125.24.0-255,332,47285,76,220928
21033,0.000731,74.125.24.0-255,1484,48769,76,220928
21034,0.000739,74.125.24.0-255,2902,51671,76,220928
21035,0.000751,172.31.40.0-255,66,51737,76,220928
21036,0.000762,74.125.24.0-255,4320,56057,76,220928
21037,0.00078,172.31.40.0-255,66,56123,76,220928
21038,0.000784,74.125.24.0-255,1484,57607,76,220928
21039,0.00079,74.125.24.0-255,4320,61927,76,220928
21040,0.000817,74.125.24.0-255,5738,67665,76,220928
21041,0.000834,172.31.40.0-255,66,67731,76,220928
21042,0.000855,74.125.24.0-255,2902,70633,76,220928
21043,0.000859,74.125.24.0-255,2184,72817,76,220928
21044,0.000877,172.31.40.0-255,66,72883,76,220928
21045,0.001229,74.125.24.0-255,1484,74367,76,220928
21046,0.001234,74.125.24.0-255,1484,75851,76,220928
21047,0.001238,172.31.40.0-255,66,75917,76,220928
21048,0.001271,74.125.24.0-255,1484,77401,76,220928
21049,0.001278,74.125.24.0-255,5738,83139,76,220928
21050,0.001281,74.125.24.0-255,1484,84623,76,220928
21051,0.001286,172.31.40.0-255,66,84689,76,220928
21052,0.001306,74.125.24.0-255,4320,89009,76,220928
21053,0.001322,74.125.24.0-255,2902,91911,76,220928
21054,0.001325,74.125.24.0-255,1484,93395,76,220928
21055,0.001368,74.125.24.0-255,4320,97715,76,220928
21056,0.001374,172.31.40.0-255,66,97781,76,220928
21057,0.001403,74.125.24.0-255,4320,102101,76,220928
21058,0.001409,74.125.24.0-255,5020,107121,76,220928
21059,0.001418,172.31.40.0-255,66,107187,76,220928
21060,0.003788,74.125.24.0-255,5738,112925,76,220928
21061,0.003797,172.31.40.0-255,66,112991,76,220928
21062,0.006143,74.125.24.0-255,4320,117311,76,220928
21063,0.006157,74.125.24.0-255,1484,118795,76,220928
21064,0.00683,172.31.40.0-255,66,118861,76,220928
21065,0.009195,74.125.24.0-255,5738,124599,76,220928
21066,0.009202,172.31.40.0-255,66,124665,76,220928
21067,0.01159,74.125.24.0-255,5738,130403,76,220928
21068,0.011599,172.31.40.0-255,66,130469,76,220928
21069,0.013939,74.125.24.0-255,4320,134789,76,220928
21070,0.013963,74.125.24.0-255,1484,136273,76,220928
21071,0.014867,172.31.40.0-255,66,136339,76,220928
21072,0.017216,74.125.24.0-255,5738,142077,76,220928
21073,0.017227,172.31.40.0-255,66,142143,76,220928
21074,0.019586,74.125.24.0-255,5738,147881,76,220928
21075,0.019595,172.31.40.0-255,66,147947,76,220928
21076,0.021954,74.125.24.0-255,5738,153685,76,220928
21077,0.021965,172.31.40.0-255,66,153751,76,220928
21078,0.024321,74.125.24.0-255,5738,159489,76,220928
21079,0.024329,172.31.40.0-255,66,159555,76,220928
21080,0.026681,74.125.24.0-255,5738,165293,76,220928
21081,0.02669,172.31.40.0-255,66,165359,76,220928
21082,0.028206,172.31.40.0-255,172,165531,76,220928
21083,0.028236,172.31.40.0-255,1110,166641,76,220928
21084,0.028293,172.31.40.0-255,1514,168155,76,220928
21085,0.028295,172.31.40.0-255,339,168494,76,220928
21086,0.029051,74.125.24.0-255,5738,174232,76,220928
21087,0.029058,172.31.40.0-255,66,174298,76,220928
21088,0.029753,104.244.42.0-255,66,174364,76,220928
21089,0.029798,104.244.42.0-255,66,174430,76,220928
21090,0.029842,104.244.42.0-255,66,174496,76,220928
21091,0.031411,74.125.24.0-255,5738,180234,76,220928
21092,0.031417,172.31.40.0-255,66,180300,76,220928
21093,0.03379,74.125.24.0-255,5738,186038,76,220928
21094,0.033797,172.31.40.0-255,66,186104,76,220928
21095,0.036137,74.125.24.0-255,5738,191842,76,220928
21096,0.036145,172.31.40.0-255,66,191908,76,220928
21097,0.038531,74.125.24.0-255,5738,197646,76,220928
21098,0.038538,172.31.40.0-255,66,197712,76,220928
21099,0.040912,74.125.24.0-255,5738,203450,76,220928
21100,0.04092,172.31.40.0-255,66,203516,76,220928
21101,0.043276,74.125.24.0-255,5738,209254,76,220928
21102,0.043283,172.31.40.0-255,66,209320,76,220928
21103,0.045644,74.125.24.0-255,5738,215058,76,220928
21104,0.045652,172.31.40.0-255,66,215124,76,220928
21105,0.048012,74.125.24.0-255,5738,220862,76,220928
21106,0.048019,172.31.40.0-255,66,220928,76,220928
21107,0.0,172.217.194.0-255,153,153,76,186838
21108,1.8e-05,172.31.40.0-255,66,219,76,186838
21109,2.5e-05,172.217.194.0-255,1484,1703,76,186838
21110,2.9e-05,172.31.40.0-255,66,1769,76,186838
21111,3.4e-05,172.217.194.0-255,2902,4671,76,186838
21112,3.7e-05,172.31.40.0-255,66,4737,76,186838
21113,5.1e-05,172.217.194.0-255,7156,11893,76,186838
21114,5.5e-05,172.31.40.0-255,66,11959,76,186838
21115,5.9e-05,172.217.194.0-255,2038,13997,76,186838
21116,6.2e-05,172.31.40.0-255,66,14063,76,186838
21117,8.7e-05,172.217.194.0-255,2902,16965,76,186838
21118,9.4e-05,172.31.40.0-255,66,17031,76,186838
21119,0.000102,172.217.194.0-255,7156,24187,76,186838
21120,0.000105,172.31.40.0-255,66,24253,76,186838
21121,0.00011,172.217.194.0-255,4320,28573,76,186838
21122,0.000112,172.31.40.0-255,66,28639,76,186838
21123,0.000134,172.217.194.0-255,2543,31182,76,186838
21124,0.000137,172.31.40.0-255,66,31248,76,186838
21125,0.000198,172.217.194.0-255,1484,32732,76,186838
21126,0.000203,172.31.40.0-255,66,32798,76,186838
21127,0.000207,172.217.194.0-255,2902,35700,76,186838
21128,0.000209,172.31.40.0-255,66,35766,76,186838
21129,0.000239,172.217.194.0-255,5738,41504,76,186838
21130,0.000245,172.217.194.0-255,7156,48660,76,186838
21131,0.00025,172.31.40.0-255,66,48726,76,186838
21132,0.000253,172.31.40.0-255,66,48792,76,186838
21133,0.000276,172.217.194.0-255,6797,55589,76,186838
21134,0.000279,172.31.40.0-255,66,55655,76,186838
21135,0.000291,172.31.40.0-255,66,55721,76,186838
21136,0.00032,172.217.194.0-255,376,56097,76,186838
21137,0.000322,172.31.40.0-255,66,56163,76,186838
21138,0.000383,172.217.194.0-255,99,56262,76,186838
21139,0.000401,172.217.194.0-255,365,56627,76,186838
21140,0.00055,172.217.194.0-255,1484,58111,76,186838
21141,0.000555,172.31.40.0-255,66,58177,76,186838
21142,0.000563,172.217.194.0-255,2902,61079,76,186838
21143,0.000566,172.31.40.0-255,66,61145,76,186838
21144,0.000571,172.217.194.0-255,5738,66883,76,186838
21145,0.000578,172.31.40.0-255,66,66949,76,186838
21146,0.000584,172.217.194.0-255,5738,72687,76,186838
21147,0.000587,172.31.40.0-255,66,72753,76,186838
21148,0.000626,172.31.40.0-255,66,72819,76,186838
21149,0.000631,172.217.194.0-255,2902,75721,76,186838
21150,0.000634,172.31.40.0-255,66,75787,76,186838
21151,0.000655,172.217.194.0-255,2184,77971,76,186838
21152,0.000658,172.31.40.0-255,66,78037,76,186838
21153,0.000687,172.217.194.0-255,1484,79521,76,186838
21154,0.000692,172.217.194.0-255,2902,82423,76,186838
21155,0.000695,172.31.40.0-255,66,82489,76,186838
21156,0.000698,172.217.194.0-255,1484,83973,76,186838
21157,0.000723,172.217.194.0-255,4320,88293,76,186838
21158,0.000726,172.31.40.0-255,66,88359,76,186838
21159,0.000739,172.31.40.0-255,66,88425,76,186838
21160,0.000774,172.217.194.0-255,1484,89909,76,186838
21161,0.000787,172.31.40.0-255,66,89975,76,186838
21162,0.00079,172.217.194.0-255,766,90741,76,186838
21163,0.000854,172.217.194.0-255,1484,92225,76,186838
21164,0.000857,172.31.40.0-255,66,92291,76,186838
21165,0.000863,172.217.194.0-255,2902,95193,76,186838
21166,0.000865,172.31.40.0-255,66,95259,76,186838
21167,0.000898,172.217.194.0-255,5738,100997,76,186838
21168,0.000944,172.31.40.0-255,66,101063,76,186838
21169,0.000947,172.31.40.0-255,66,101129,76,186838
21170,0.000992,172.31.40.0-255,66,101195,76,186838
21171,0.000997,172.217.194.0-255,2902,104097,76,186838
21172,0.000999,172.31.40.0-255,66,104163,76,186838
21173,0.001026,172.217.194.0-255,7156,111319,76,186838
21174,0.001029,172.31.40.0-255,66,111385,76,186838
21175,0.001042,172.31.40.0-255,66,111451,76,186838
21176,0.001048,172.217.194.0-255,5738,117189,76,186838
21177,0.00105,172.31.40.0-255,66,117255,76,186838
21178,0.001083,172.217.194.0-255,6438,123693,76,186838
21179,0.001087,172.31.40.0-255,66,123759,76,186838
21180,0.0011,172.31.40.0-255,66,123825,76,186838
21181,0.001112,172.31.40.0-255,66,123891,76,186838
21182,0.001143,172.217.194.0-255,5738,129629,76,186838
21183,0.001146,172.31.40.0-255,66,129695,76,186838
21184,0.001177,172.217.194.0-255,5020,134715,76,186838
21185,0.00118,172.31.40.0-255,66,134781,76,186838
21186,0.001196,172.31.40.0-255,66,134847,76,186838
21187,0.001202,172.217.194.0-255,4320,139167,76,186838
21188,0.001204,172.31.40.0-255,66,139233,76,186838
21189,0.001254,172.31.40.0-255,66,139299,76,186838
21190,0.001257,172.217.194.0-255,1484,140783,76,186838
21191,0.001263,172.217.194.0-255,2902,143685,76,186838
21192,0.001264,172.31.40.0-255,66,143751,76,186838
21193,0.00127,172.217.194.0-255,5738,149489,76,186838
21194,0.001275,172.31.40.0-255,66,149555,76,186838
21195,0.001317,172.31.40.0-255,66,149621,76,186838
21196,0.00133,172.31.40.0-255,66,149687,76,186838
21197,0.001357,172.217.194.0-255,2184,151871,76,186838
21198,0.00136,172.31.40.0-255,66,151937,76,186838
21199,0.001401,172.217.194.0-255,1484,153421,76,186838
21200,0.001404,172.217.194.0-255,1484,154905,76,186838
21201,0.001407,172.31.40.0-255,66,154971,76,186838
21202,0.001432,172.217.194.0-255,1484,156455,76,186838
21203,0.001438,172.217.194.0-255,5738,162193,76,186838
21204,0.001441,172.31.40.0-255,66,162259,76,186838
21205,0.001452,172.31.40.0-255,66,162325,76,186838
21206,0.001486,172.217.194.0-255,4320,166645,76,186838
21207,0.00149,172.31.40.0-255,66,166711,76,186838
21208,0.001502,172.31.40.0-255,66,166777,76,186838
21209,0.001538,172.217.194.0-255,1484,168261,76,186838
21210,0.001563,172.217.194.0-255,2184,170445,76,186838
21211,0.001568,172.217.194.0-255,4320,174765,76,186838
21212,0.001581,172.217.194.0-255,4320,179085,76,186838
21213,0.001585,172.31.40.0-255,66,179151,76,186838
21214,0.001588,172.31.40.0-255,66,179217,76,186838
21215,0.001591,172.31.40.0-255,66,179283,76,186838
21216,0.001593,172.31.40.0-255,66,179349,76,186838
21217,0.001641,172.31.40.0-255,66,179415,76,186838
21218,0.00166,172.31.40.0-255,66,179481,76,186838
21219,0.001675,172.31.40.0-255,66,179547,76,186838
21220,0.001679,172.217.194.0-255,2581,182128,76,186838
21221,0.001682,172.31.40.0-255,66,182194,76,186838
21222,0.001685,172.217.194.0-255,105,182299,76,186838
21223,0.010472,172.31.40.0-255,66,182365,76,186838
21224,0.010512,172.31.40.0-255,105,182470,76,186838
21225,0.013038,172.217.194.0-255,66,182536,76,186838
21226,0.033213,172.31.40.0-255,172,182708,76,186838
21227,0.033246,172.31.40.0-255,1109,183817,76,186838
21228,0.033304,172.31.40.0-255,1514,185331,76,186838
21229,0.033306,172.31.40.0-255,1309,186640,76,186838
21230,0.034711,104.244.42.0-255,66,186706,76,186838
21231,0.034737,104.244.42.0-255,66,186772,76,186838
21232,0.034809,104.244.42.0-255,66,186838,76,186838
21233,0.0,172.217.194.0-255,146,146,76,230847
21234,1.6e-05,172.31.40.0-255,66,212,76,230847
21235,2.4e-05,172.217.194.0-255,1484,1696,76,230847
21236,2.9e-05,172.31.40.0-255,66,1762,76,230847
21237,3.5e-05,172.217.194.0-255,2902,4664,76,230847
21238,3.9e-05,172.31.40.0-255,66,4730,76,230847
21239,4.7e-05,172.217.194.0-255,7156,11886,76,230847
21240,5e-05,172.31.40.0-255,66,11952,76,230847
21241,6.8e-05,172.217.194.0-255,4948,16900,76,230847
21242,7.1e-05,172.31.40.0-255,66,16966,76,230847
21243,7.7e-05,172.217.194.0-255,4320,21286,76,230847
21244,7.9e-05,172.31.40.0-255,66,21352,76,230847
21245,9.9e-05,172.217.194.0-255,1484,22836,76,230847
21246,0.000101,172.31.40.0-255,66,22902,76,230847
21247,0.000113,172.31.40.0-255,66,22968,76,230847
21248,0.000147,172.217.194.0-255,1484,24452,76,230847
21249,0.000149,172.31.40.0-255,66,24518,76,230847
21250,0.000154,172.217.194.0-255,2902,27420,76,230847
21251,0.000156,172.31.40.0-255,66,27486,76,230847
21252,0.000159,172.217.194.0-255,1484,28970,76,230847
21253,0.000161,172.31.40.0-255,66,29036,76,230847
21254,0.000188,172.217.194.0-255,4320,33356,76,230847
21255,0.00019,172.31.40.0-255,66,33422,76,230847
21256,0.000208,172.217.194.0-255,4320,37742,76,230847
21257,0.000211,172.31.40.0-255,66,37808,76,230847
21258,0.000228,172.217.194.0-255,2543,40351,76,230847
21259,0.00023,172.31.40.0-255,66,40417,76,230847
21260,0.00043,172.217.194.0-255,1484,41901,76,230847
21261,0.000437,172.31.40.0-255,66,41967,76,230847
21262,0.000442,172.217.194.0-255,2902,44869,76,230847
21263,0.000445,172.31.40.0-255,66,44935,76,230847
21264,0.000449,172.217.194.0-255,2902,47837,76,230847
21265,0.000452,172.31.40.0-255,66,47903,76,230847
21266,0.000473,172.217.194.0-255,2902,50805,76,230847
21267,0.000475,172.31.40.0-255,66,50871,76,230847
21268,0.000481,172.217.194.0-255,4320,55191,76,230847
21269,0.000483,172.31.40.0-255,66,55257,76,230847
21270,0.000523,172.217.194.0-255,2543,57800,76,230847
21271,0.000526,172.31.40.0-255,66,57866,76,230847
21272,0.000555,172.217.194.0-255,1484,59350,76,230847
21273,0.00056,172.217.194.0-255,1484,60834,76,230847
21274,0.000563,172.31.40.0-255,66,60900,76,230847
21275,0.00058,172.217.194.0-255,1484,62384,76,230847
21276,0.000587,172.217.194.0-255,5738,68122,76,230847
21277,0.00059,172.31.40.0-255,66,68188,76,230847
21278,0.000619,172.217.194.0-255,2902,71090,76,230847
21279,0.000622,172.31.40.0-255,66,71156,76,230847
21280,0.000645,172.217.194.0-255,4541,75697,76,230847
21281,0.000648,172.31.40.0-255,66,75763,76,230847
21282,0.000659,172.31.40.0-255,66,75829,76,230847
21283,0.000681,172.217.194.0-255,2902,78731,76,230847
21284,0.000684,172.31.40.0-255,66,78797,76,230847
21285,0.000707,172.217.194.0-255,5379,84176,76,230847
21286,0.000711,172.31.40.0-255,66,84242,76,230847
21287,0.001181,172.217.194.0-255,1484,85726,76,230847
21288,0.001188,172.217.194.0-255,2902,88628,76,230847
21289,0.001191,172.31.40.0-255,66,88694,76,230847
21290,0.001199,172.217.194.0-255,5738,94432,76,230847
21291,0.001201,172.31.40.0-255,66,94498,76,230847
21292,0.001224,172.31.40.0-255,66,94564,76,230847
21293,0.001248,172.217.194.0-255,2902,97466,76,230847
21294,0.001251,172.31.40.0-255,66,97532,76,230847
21295,0.001256,172.217.194.0-255,2902,100434,76,230847
21296,0.001258,172.31.40.0-255,66,100500,76,230847
21297,0.001296,172.217.194.0-255,5738,106238,76,230847
21298,0.0013,172.31.40.0-255,66,106304,76,230847
21299,0.001316,172.217.194.0-255,2184,108488,76,230847
21300,0.001319,172.31.40.0-255,66,108554,76,230847
21301,0.003604,172.217.194.0-255,5738,114292,76,230847
21302,0.003614,172.31.40.0-255,66,114358,76,230847
21303,0.00593,172.217.194.0-255,5738,120096,76,230847
21304,0.005935,172.31.40.0-255,66,120162,76,230847
21305,0.008234,172.217.194.0-255,5738,125900,76,230847
21306,0.008241,172.31.40.0-255,66,125966,76,230847
21307,0.01056,172.217.194.0-255,5738,131704,76,230847
21308,0.010571,172.31.40.0-255,66,131770,76,230847
21309,0.012893,172.217.194.0-255,5738,137508,76,230847
21310,0.012905,172.31.40.0-255,66,137574,76,230847
21311,0.015198,172.217.194.0-255,5738,143312,76,230847
21312,0.015211,172.31.40.0-255,66,143378,76,230847
21313,0.01752,172.217.194.0-255,5738,149116,76,230847
21314,0.017529,172.31.40.0-255,66,149182,76,230847
21315,0.019833,172.217.194.0-255,5738,154920,76,230847
21316,0.019841,172.31.40.0-255,66,154986,76,230847
21317,0.022143,172.217.194.0-255,5738,160724,76,230847
21318,0.022151,172.31.40.0-255,66,160790,76,230847
21319,0.024462,172.217.194.0-255,5738,166528,76,230847
21320,0.02447,172.31.40.0-255,66,166594,76,230847
21321,0.026795,172.217.194.0-255,5738,172332,76,230847
21322,0.026803,172.31.40.0-255,66,172398,76,230847
21323,0.029098,172.217.194.0-255,5738,178136,76,230847
21324,0.029106,172.31.40.0-255,66,178202,76,230847
21325,0.031427,172.217.194.0-255,5738,183940,76,230847
21326,0.031435,172.31.40.0-255,66,184006,76,230847
21327,0.033766,172.217.194.0-255,5738,189744,76,230847
21328,0.033774,172.31.40.0-255,66,189810,76,230847
21329,0.036064,172.217.194.0-255,5738,195548,76,230847
21330,0.036073,172.31.40.0-255,66,195614,76,230847
21331,0.038399,172.217.194.0-255,5738,201352,76,230847
21332,0.038408,172.31.40.0-255,66,201418,76,230847
21333,0.040719,172.217.194.0-255,5738,207156,76,230847
21334,0.04073,172.31.40.0-255,66,207222,76,230847
21335,0.041174,172.31.40.0-255,172,207394,76,230847
21336,0.041205,172.31.40.0-255,1109,208503,76,230847
21337,0.041279,172.31.40.0-255,1514,210017,76,230847
21338,0.041282,172.31.40.0-255,1514,211531,76,230847
21339,0.041283,172.31.40.0-255,1514,213045,76,230847
21340,0.041284,172.31.40.0-255,126,213171,76,230847
21341,0.042728,104.244.42.0-255,66,213237,76,230847
21342,0.042773,104.244.42.0-255,66,213303,76,230847
21343,0.04288,104.244.42.0-255,66,213369,76,230847
21344,0.042886,104.244.42.0-255,66,213435,76,230847
21345,0.043065,172.217.194.0-255,5738,219173,76,230847
21346,0.043072,172.31.40.0-255,66,219239,76,230847
21347,0.045362,172.217.194.0-255,5738,224977,76,230847
21348,0.045373,172.31.40.0-255,66,225043,76,230847
21349,0.047689,172.217.194.0-255,5738,230781,76,230847
21350,0.047712,172.31.40.0-255,66,230847,76,230847
21351,0.0,172.217.194.0-255,149,149,76,212241
21352,1.4e-05,172.31.40.0-255,66,215,76,212241
21353,2e-05,172.217.194.0-255,1484,1699,76,212241
21354,2.4e-05,172.31.40.0-255,66,1765,76,212241
21355,3e-05,172.217.194.0-255,2902,4667,76,212241
21356,3.4e-05,172.31.40.0-255,66,4733,76,212241
21357,5.6e-05,172.217.194.0-255,7156,11889,76,212241
21358,5.9e-05,172.31.40.0-255,66,11955,76,212241
21359,7.3e-05,172.217.194.0-255,1484,13439,76,212241
21360,7.5e-05,172.31.40.0-255,66,13505,76,212241
21361,8.6e-05,172.217.194.0-255,565,14070,76,212241
21362,8.8e-05,172.31.40.0-255,66,14136,76,212241
21363,0.000158,172.217.194.0-255,1484,15620,76,212241
21364,0.000161,172.31.40.0-255,66,15686,76,212241
21365,0.000167,172.217.194.0-255,2902,18588,76,212241
21366,0.000169,172.31.40.0-255,66,18654,76,212241
21367,0.000195,172.217.194.0-255,2902,21556,76,212241
21368,0.000198,172.31.40.0-255,66,21622,76,212241
21369,0.000206,172.217.194.0-255,7156,28778,76,212241
21370,0.000208,172.31.40.0-255,66,28844,76,212241
21371,0.000233,172.217.194.0-255,4320,33164,76,212241
21372,0.000235,172.31.40.0-255,66,33230,76,212241
21373,0.000255,172.217.194.0-255,3961,37191,76,212241
21374,0.000257,172.31.40.0-255,66,37257,76,212241
21375,0.000268,172.31.40.0-255,66,37323,76,212241
21376,0.000286,172.217.194.0-255,2543,39866,76,212241
21377,0.000288,172.31.40.0-255,66,39932,76,212241
21378,0.000314,172.217.194.0-255,2902,42834,76,212241
21379,0.000317,172.31.40.0-255,66,42900,76,212241
21380,0.000339,172.217.194.0-255,7156,50056,76,212241
21381,0.000342,172.31.40.0-255,66,50122,76,212241
21382,0.000395,172.217.194.0-255,5738,55860,76,212241
21383,0.000398,172.31.40.0-255,66,55926,76,212241
21384,0.000413,172.217.194.0-255,1415,57341,76,212241
21385,0.000416,172.217.194.0-255,365,57706,76,212241
21386,0.000418,172.31.40.0-255,66,57772,76,212241
21387,0.000442,172.217.194.0-255,1484,59256,76,212241
21388,0.000472,172.217.194.0-255,4320,63576,76,212241
21389,0.000475,172.31.40.0-255,66,63642,76,212241
21390,0.0005,172.31.40.0-255,66,63708,76,212241
21391,0.000517,172.217.194.0-255,1484,65192,76,212241
21392,0.000524,172.217.194.0-255,5738,70930,76,212241
21393,0.000526,172.31.40.0-255,66,70996,76,212241
21394,0.000561,172.31.40.0-255,66,71062,76,212241
21395,0.000566,172.217.194.0-255,2184,73246,76,212241
21396,0.000567,172.31.40.0-255,66,73312,76,212241
21397,0.000602,172.31.40.0-255,66,73378,76,212241
21398,0.000617,172.217.194.0-255,1484,74862,76,212241
21399,0.00063,172.31.40.0-255,66,74928,76,212241
21400,0.000673,172.31.40.0-255,66,74994,76,212241
21401,0.000678,172.217.194.0-255,2902,77896,76,212241
21402,0.00068,172.31.40.0-255,66,77962,76,212241
21403,0.000709,172.31.40.0-255,66,78028,76,212241
21404,0.00072,172.31.40.0-255,66,78094,76,212241
21405,0.000746,172.217.194.0-255,5738,83832,76,212241
21406,0.000748,172.31.40.0-255,66,83898,76,212241
21407,0.000773,172.217.194.0-255,5020,88918,76,212241
21408,0.000776,172.31.40.0-255,66,88984,76,212241
21409,0.000788,172.31.40.0-255,66,89050,76,212241
21410,0.00088,172.31.40.0-255,66,89116,76,212241
21411,0.000886,172.217.194.0-255,3602,92718,76,212241
21412,0.000888,172.31.40.0-255,66,92784,76,212241
21413,0.000894,172.217.194.0-255,4320,97104,76,212241
21414,0.000896,172.31.40.0-255,66,97170,76,212241
21415,0.000898,172.217.194.0-255,1484,98654,76,212241
21416,0.000924,172.217.194.0-255,7156,105810,76,212241
21417,0.000927,172.31.40.0-255,66,105876,76,212241
21418,0.000947,172.217.194.0-255,5738,111614,76,212241
21419,0.000949,172.31.40.0-255,66,111680,76,212241
21420,0.000981,172.31.40.0-255,66,111746,76,212241
21421,0.000987,172.217.194.0-255,5020,116766,76,212241
21422,0.000988,172.31.40.0-255,66,116832,76,212241
21423,0.001021,172.217.194.0-255,1484,118316,76,212241
21424,0.001025,172.217.194.0-255,2902,121218,76,212241
21425,0.001028,172.31.40.0-255,66,121284,76,212241
21426,0.001051,172.217.194.0-255,5738,127022,76,212241
21427,0.001054,172.31.40.0-255,66,127088,76,212241
21428,0.001064,172.217.194.0-255,1484,128572,76,212241
21429,0.001089,172.217.194.0-255,7156,135728,76,212241
21430,0.001091,172.31.40.0-255,66,135794,76,212241
21431,0.001123,172.217.194.0-255,5738,141532,76,212241
21432,0.001126,172.31.40.0-255,66,141598,76,212241
21433,0.001151,172.31.40.0-255,66,141664,76,212241
21434,0.001262,172.217.194.0-255,1484,143148,76,212241
21435,0.001267,172.217.194.0-255,2902,146050,76,212241
21436,0.00127,172.31.40.0-255,66,146116,76,212241
21437,0.001285,172.217.194.0-255,1484,147600,76,212241
21438,0.001301,172.217.194.0-255,4320,151920,76,212241
21439,0.001304,172.31.40.0-255,66,151986,76,212241
21440,0.001309,172.217.194.0-255,4320,156306,76,212241
21441,0.001311,172.31.40.0-255,66,156372,76,212241
21442,0.001327,172.217.194.0-255,5738,162110,76,212241
21443,0.00133,172.31.40.0-255,66,162176,76,212241
21444,0.001356,172.31.40.0-255,66,162242,76,212241
21445,0.001373,172.217.194.0-255,1484,163726,76,212241
21446,0.001379,172.217.194.0-255,5020,168746,76,212241
21447,0.001381,172.31.40.0-255,66,168812,76,212241
21448,0.001387,172.217.194.0-255,5738,174550,76,212241
21449,0.001389,172.31.40.0-255,66,174616,76,212241
21450,0.001421,172.31.40.0-255,66,174682,76,212241
21451,0.001427,172.217.194.0-255,7156,181838,76,212241
21452,0.001429,172.31.40.0-255,66,181904,76,212241
21453,0.001474,172.217.194.0-255,5738,187642,76,212241
21454,0.001477,172.31.40.0-255,66,187708,76,212241
21455,0.001498,172.31.40.0-255,66,187774,76,212241
21456,0.001524,172.217.194.0-255,3602,191376,76,212241
21457,0.001526,172.31.40.0-255,66,191442,76,212241
21458,0.001572,172.31.40.0-255,66,191508,76,212241
21459,0.001602,172.217.194.0-255,5020,196528,76,212241
21460,0.001605,172.31.40.0-255,66,196594,76,212241
21461,0.001618,172.31.40.0-255,66,196660,76,212241
21462,0.001632,172.31.40.0-255,66,196726,76,212241
21463,0.001638,172.217.194.0-255,5020,201746,76,212241
21464,0.00164,172.31.40.0-255,66,201812,76,212241
21465,0.001674,172.217.194.0-255,5719,207531,76,212241
21466,0.001677,172.31.40.0-255,66,207597,76,212241
21467,0.001722,172.217.194.0-255,105,207702,76,212241
21468,0.004179,172.31.40.0-255,66,207768,76,212241
21469,0.004215,172.31.40.0-255,105,207873,76,212241
21470,0.006195,172.217.194.0-255,66,207939,76,212241
21471,0.029765,172.31.40.0-255,172,208111,76,212241
21472,0.0298,172.31.40.0-255,1108,209219,76,212241
21473,0.029861,172.31.40.0-255,1514,210733,76,212241
21474,0.029863,172.31.40.0-255,1310,212043,76,212241
21475,0.031305,104.244.42.0-255,66,212109,76,212241
21476,0.031341,104.244.42.0-255,66,212175,76,212241
21477,0.031401,104.244.42.0-255,66,212241,76,212241
21478,0.0,172.217.194.0-255,155,155,76,253299
21479,2.6e-05,172.31.40.0-255,66,221,76,253299
21480,3.4e-05,172.217.194.0-255,1484,1705,76,253299
21481,3.9e-05,172.31.40.0-255,66,1771,76,253299
21482,5.3e-05,172.217.194.0-255,2902,4673,76,253299
21483,5.7e-05,172.31.40.0-255,66,4739,76,253299
21484,6.5e-05,172.217.194.0-255,7156,11895,76,253299
21485,6.8e-05,172.31.40.0-255,66,11961,76,253299
21486,7.2e-05,172.217.194.0-255,2110,14071,76,253299
21487,7.5e-05,172.31.40.0-255,66,14137,76,253299
21488,9.8e-05,172.217.194.0-255,2902,17039,76,253299
21489,0.000101,172.31.40.0-255,66,17105,76,253299
21490,0.000108,172.217.194.0-255,1484,18589,76,253299
21491,0.000111,172.31.40.0-255,66,18655,76,253299
21492,0.000146,172.217.194.0-255,5738,24393,76,253299
21493,0.000149,172.31.40.0-255,66,24459,76,253299
21494,0.000187,172.217.194.0-255,4320,28779,76,253299
21495,0.00019,172.31.40.0-255,66,28845,76,253299
21496,0.000225,172.31.40.0-255,66,28911,76,253299
21497,0.000241,172.31.40.0-255,66,28977,76,253299
21498,0.000244,172.217.194.0-255,1125,30102,76,253299
21499,0.000246,172.31.40.0-255,66,30168,76,253299
21500,0.000405,172.217.194.0-255,1484,31652,76,253299
21501,0.00041,172.31.40.0-255,66,31718,76,253299
21502,0.000415,172.217.194.0-255,2902,34620,76,253299
21503,0.000417,172.31.40.0-255,66,34686,76,253299
21504,0.000439,172.217.194.0-255,5738,40424,76,253299
21505,0.000446,172.31.40.0-255,66,40490,76,253299
21506,0.000488,172.217.194.0-255,2902,43392,76,253299
21507,0.00049,172.31.40.0-255,66,43458,76,253299
21508,0.000526,172.31.40.0-255,66,43524,76,253299
21509,0.000559,172.31.40.0-255,66,43590,76,253299
21510,0.000602,172.217.194.0-255,1484,45074,76,253299
21511,0.000607,172.217.194.0-255,1484,46558,76,253299
21512,0.00061,172.31.40.0-255,66,46624,76,253299
21513,0.000637,172.217.194.0-255,1484,48108,76,253299
21514,0.000643,172.217.194.0-255,5738,53846,76,253299
21515,0.000646,172.31.40.0-255,66,53912,76,253299
21516,0.00065,172.217.194.0-255,2902,56814,76,253299
21517,0.000652,172.31.40.0-255,66,56880,76,253299
21518,0.000678,172.217.194.0-255,3961,60841,76,253299
21519,0.000681,172.31.40.0-255,66,60907,76,253299
21520,0.000696,172.31.40.0-255,66,60973,76,253299
21521,0.000704,172.217.194.0-255,2429,63402,76,253299
21522,0.000707,172.31.40.0-255,66,63468,76,253299
21523,0.001119,172.217.194.0-255,211,63679,76,253299
21524,0.001266,172.217.194.0-255,1484,65163,76,253299
21525,0.001272,172.31.40.0-255,66,65229,76,253299
21526,0.001278,172.217.194.0-255,2902,68131,76,253299
21527,0.00128,172.31.40.0-255,66,68197,76,253299
21528,0.001307,172.217.194.0-255,5738,73935,76,253299
21529,0.001309,172.31.40.0-255,66,74001,76,253299
21530,0.001345,172.31.40.0-255,66,74067,76,253299
21531,0.00137,172.217.194.0-255,2902,76969,76,253299
21532,0.001373,172.31.40.0-255,66,77035,76,253299
21533,0.001396,172.31.40.0-255,66,77101,76,253299
21534,0.001588,172.217.194.0-255,1484,78585,76,253299
21535,0.001595,172.217.194.0-255,2902,81487,76,253299
21536,0.001598,172.31.40.0-255,66,81553,76,253299
21537,0.001605,172.217.194.0-255,5738,87291,76,253299
21538,0.001607,172.31.40.0-255,66,87357,76,253299
21539,0.001622,172.31.40.0-255,66,87423,76,253299
21540,0.001629,172.217.194.0-255,7156,94579,76,253299
21541,0.001632,172.31.40.0-255,66,94645,76,253299
21542,0.001676,172.31.40.0-255,66,94711,76,253299
21543,0.002273,172.217.194.0-255,1484,96195,76,253299
21544,0.002301,172.217.194.0-255,2902,99097,76,253299
21545,0.002307,172.217.194.0-255,5738,104835,76,253299
21546,0.002314,172.217.194.0-255,5738,110573,76,253299
21547,0.002319,172.31.40.0-255,66,110639,76,253299
21548,0.002323,172.31.40.0-255,66,110705,76,253299
21549,0.002325,172.31.40.0-255,66,110771,76,253299
21550,0.002343,172.217.194.0-255,7156,117927,76,253299
21551,0.002345,172.217.194.0-255,1484,119411,76,253299
21552,0.00235,172.31.40.0-255,66,119477,76,253299
21553,0.002391,172.31.40.0-255,66,119543,76,253299
21554,0.002414,172.217.194.0-255,1484,121027,76,253299
21555,0.002419,172.217.194.0-255,2902,123929,76,253299
21556,0.002421,172.31.40.0-255,66,123995,76,253299
21557,0.002426,172.217.194.0-255,2902,126897,76,253299
21558,0.002428,172.31.40.0-255,66,126963,76,253299
21559,0.002454,172.217.194.0-255,2902,129865,76,253299
21560,0.002456,172.31.40.0-255,66,129931,76,253299
21561,0.002498,172.217.194.0-255,7156,137087,76,253299
21562,0.0025,172.31.40.0-255,66,137153,76,253299
21563,0.002532,172.217.194.0-255,5738,142891,76,253299
21564,0.002535,172.31.40.0-255,66,142957,76,253299
21565,0.002554,172.31.40.0-255,66,143023,76,253299
21566,0.005011,172.217.194.0-255,5738,148761,76,253299
21567,0.005031,172.31.40.0-255,66,148827,76,253299
21568,0.00748,172.217.194.0-255,5738,154565,76,253299
21569,0.007497,172.31.40.0-255,66,154631,76,253299
21570,0.009984,172.217.194.0-255,5738,160369,76,253299
21571,0.010001,172.31.40.0-255,66,160435,76,253299
21572,0.012464,172.217.194.0-255,5738,166173,76,253299
21573,0.012473,172.31.40.0-255,66,166239,76,253299
21574,0.014921,172.217.194.0-255,5738,171977,76,253299
21575,0.014928,172.31.40.0-255,66,172043,76,253299
21576,0.017396,172.217.194.0-255,5738,177781,76,253299
21577,0.017404,172.31.40.0-255,66,177847,76,253299
21578,0.019875,172.217.194.0-255,5738,183585,76,253299
21579,0.019884,172.31.40.0-255,66,183651,76,253299
21580,0.022333,172.217.194.0-255,5738,189389,76,253299
21581,0.022341,172.31.40.0-255,66,189455,76,253299
21582,0.024793,172.217.194.0-255,5738,195193,76,253299
21583,0.024802,172.31.40.0-255,66,195259,76,253299
21584,0.027261,172.217.194.0-255,5738,200997,76,253299
21585,0.027275,172.31.40.0-255,66,201063,76,253299
21586,0.029745,172.217.194.0-255,5738,206801,76,253299
21587,0.029759,172.31.40.0-255,66,206867,76,253299
21588,0.03224,172.217.194.0-255,5738,212605,76,253299
21589,0.032256,172.31.40.0-255,66,212671,76,253299
21590,0.034702,172.217.194.0-255,5738,218409,76,253299
21591,0.03471,172.31.40.0-255,66,218475,76,253299
21592,0.037183,172.217.194.0-255,5738,224213,76,253299
21593,0.037193,172.31.40.0-255,66,224279,76,253299
21594,0.03967,172.217.194.0-255,5738,230017,76,253299
21595,0.03969,172.31.40.0-255,66,230083,76,253299
21596,0.042148,172.217.194.0-255,5738,235821,76,253299
21597,0.04216,172.31.40.0-255,66,235887,76,253299
21598,0.044642,172.217.194.0-255,5738,241625,76,253299
21599,0.044652,172.31.40.0-255,66,241691,76,253299
21600,0.047119,172.217.194.0-255,5738,247429,76,253299
21601,0.047139,172.31.40.0-255,66,247495,76,253299
21602,0.049609,172.217.194.0-255,5738,253233,76,253299
21603,0.049616,172.31.40.0-255,66,253299,76,253299
21604,0.0,172.217.194.0-255,152,152,76,158193
21605,2.1e-05,172.31.40.0-255,66,218,76,158193
21606,2.9e-05,172.217.194.0-255,1484,1702,76,158193
21607,3.4e-05,172.31.40.0-255,66,1768,76,158193
21608,3.9e-05,172.217.194.0-255,2902,4670,76,158193
21609,4.2e-05,172.31.40.0-255,66,4736,76,158193
21610,5e-05,172.217.194.0-255,7156,11892,76,158193
21611,5.4e-05,172.31.40.0-255,66,11958,76,158193
21612,7.5e-05,172.217.194.0-255,1981,13939,76,158193
21613,7.8e-05,172.31.40.0-255,66,14005,76,158193
21614,8.3e-05,172.217.194.0-255,2902,16907,76,158193
21615,8.6e-05,172.31.40.0-255,66,16973,76,158193
21616,0.000119,172.217.194.0-255,7156,24129,76,158193
21617,0.000122,172.31.40.0-255,66,24195,76,158193
21618,0.000158,172.217.194.0-255,5738,29933,76,158193
21619,0.000161,172.31.40.0-255,66,29999,76,158193
21620,0.000183,172.217.194.0-255,1125,31124,76,158193
21621,0.000185,172.31.40.0-255,66,31190,76,158193
21622,0.000243,172.217.194.0-255,1484,32674,76,158193
21623,0.000245,172.31.40.0-255,66,32740,76,158193
21624,0.000251,172.217.194.0-255,2902,35642,76,158193
21625,0.000253,172.31.40.0-255,66,35708,76,158193
21626,0.00027,172.217.194.0-255,5738,41446,76,158193
21627,0.000272,172.31.40.0-255,66,41512,76,158193
21628,0.000292,172.217.194.0-255,5738,47250,76,158193
21629,0.000295,172.31.40.0-255,66,47316,76,158193
21630,0.000321,172.31.40.0-255,66,47382,76,158193
21631,0.000328,172.217.194.0-255,7156,54538,76,158193
21632,0.000331,172.31.40.0-255,66,54604,76,158193
21633,0.000347,172.217.194.0-255,2543,57147,76,158193
21634,0.000349,172.31.40.0-255,66,57213,76,158193
21635,0.000352,172.217.194.0-255,380,57593,76,158193
21636,0.000396,172.217.194.0-255,363,57956,76,158193
21637,0.000713,172.217.194.0-255,1484,59440,76,158193
21638,0.000719,172.31.40.0-255,66,59506,76,158193
21639,0.000724,172.217.194.0-255,2902,62408,76,158193
21640,0.000727,172.31.40.0-255,66,62474,76,158193
21641,0.000733,172.217.194.0-255,5738,68212,76,158193
21642,0.000737,172.31.40.0-255,66,68278,76,158193
21643,0.000751,172.217.194.0-255,1484,69762,76,158193
21644,0.000784,172.31.40.0-255,66,69828,76,158193
21645,0.000792,172.217.194.0-255,7156,76984,76,158193
21646,0.000794,172.31.40.0-255,66,77050,76,158193
21647,0.000819,172.217.194.0-255,3602,80652,76,158193
21648,0.000822,172.31.40.0-255,66,80718,76,158193
21649,0.001027,172.217.194.0-255,1484,82202,76,158193
21650,0.001032,172.217.194.0-255,2902,85104,76,158193
21651,0.001035,172.31.40.0-255,66,85170,76,158193
21652,0.001061,172.217.194.0-255,5738,90908,76,158193
21653,0.001064,172.217.194.0-255,1484,92392,76,158193
21654,0.001066,172.31.40.0-255,66,92458,76,158193
21655,0.001102,172.31.40.0-255,66,92524,76,158193
21656,0.001114,172.31.40.0-255,66,92590,76,158193
21657,0.001171,172.217.194.0-255,1484,94074,76,158193
21658,0.001176,172.217.194.0-255,2902,96976,76,158193
21659,0.001179,172.31.40.0-255,66,97042,76,158193
21660,0.001189,172.217.194.0-255,1484,98526,76,158193
21661,0.001207,172.217.194.0-255,4320,102846,76,158193
21662,0.00121,172.31.40.0-255,66,102912,76,158193
21663,0.001215,172.217.194.0-255,2902,105814,76,158193
21664,0.001217,172.31.40.0-255,66,105880,76,158193
21665,0.001237,172.31.40.0-255,66,105946,76,158193
21666,0.001272,172.31.40.0-255,66,106012,76,158193
21667,0.001329,172.217.194.0-255,1484,107496,76,158193
21668,0.001343,172.217.194.0-255,2902,110398,76,158193
21669,0.001346,172.31.40.0-255,66,110464,76,158193
21670,0.001351,172.217.194.0-255,2902,113366,76,158193
21671,0.001353,172.31.40.0-255,66,113432,76,158193
21672,0.001369,172.217.194.0-255,2902,116334,76,158193
21673,0.001371,172.31.40.0-255,66,116400,76,158193
21674,0.001374,172.217.194.0-255,1484,117884,76,158193
21675,0.001404,172.31.40.0-255,66,117950,76,158193
21676,0.001417,172.31.40.0-255,66,118016,76,158193
21677,0.001576,172.217.194.0-255,1484,119500,76,158193
21678,0.001582,172.217.194.0-255,2902,122402,76,158193
21679,0.001585,172.31.40.0-255,66,122468,76,158193
21680,0.001589,172.217.194.0-255,2902,125370,76,158193
21681,0.001592,172.31.40.0-255,66,125436,76,158193
21682,0.001606,172.217.194.0-255,2902,128338,76,158193
21683,0.001609,172.31.40.0-255,66,128404,76,158193
21684,0.001647,172.217.194.0-255,2902,131306,76,158193
21685,0.001649,172.31.40.0-255,66,131372,76,158193
21686,0.001672,172.31.40.0-255,66,131438,76,158193
21687,0.001688,172.31.40.0-255,66,131504,76,158193
21688,0.001711,172.217.194.0-255,1484,132988,76,158193
21689,0.001714,172.31.40.0-255,66,133054,76,158193
21690,0.001743,172.31.40.0-255,66,133120,76,158193
21691,0.001781,172.217.194.0-255,6438,139558,76,158193
21692,0.001815,172.31.40.0-255,66,139624,76,158193
21693,0.001819,172.31.40.0-255,66,139690,76,158193
21694,0.001822,172.31.40.0-255,66,139756,76,158193
21695,0.001828,172.217.194.0-255,5738,145494,76,158193
21696,0.001831,172.31.40.0-255,66,145560,76,158193
21697,0.001865,172.31.40.0-255,66,145626,76,158193
21698,0.001903,172.217.194.0-255,3602,149228,76,158193
21699,0.001906,172.31.40.0-255,66,149294,76,158193
21700,0.001933,172.31.40.0-255,66,149360,76,158193
21701,0.001949,172.31.40.0-255,66,149426,76,158193
21702,0.001998,172.31.40.0-255,66,149492,76,158193
21703,0.002009,172.217.194.0-255,105,149597,76,158193
21704,0.010412,172.31.40.0-255,66,149663,76,158193
21705,0.011855,172.217.194.0-255,105,149768,76,158193
21706,0.011866,172.31.40.0-255,78,149846,76,158193
21707,0.013019,172.31.40.0-255,105,149951,76,158193
21708,0.01536,172.217.194.0-255,66,150017,76,158193
21709,0.041981,172.31.40.0-255,172,150189,76,158193
21710,0.042017,172.31.40.0-255,1105,151294,76,158193
21711,0.042118,172.31.40.0-255,1514,152808,76,158193
21712,0.04212,172.31.40.0-255,1514,154322,76,158193
21713,0.042121,172.31.40.0-255,1514,155836,76,158193
21714,0.042122,172.31.40.0-255,1514,157350,76,158193
21715,0.042148,172.31.40.0-255,579,157929,76,158193
21716,0.04355,104.244.42.0-255,66,157995,76,158193
21717,0.04359,104.244.42.0-255,66,158061,76,158193
21718,0.0437,104.244.42.0-255,66,158127,76,158193
21719,0.043705,104.244.42.0-255,66,158193,76,158193
21720,0.0,172.217.194.0-255,153,153,76,203711
21721,2.4e-05,172.31.40.0-255,66,219,76,203711
21722,6.1e-05,172.217.194.0-255,1484,1703,76,203711
21723,6.6e-05,172.31.40.0-255,66,1769,76,203711
21724,7.3e-05,172.217.194.0-255,2902,4671,76,203711
21725,7.6e-05,172.31.40.0-255,66,4737,76,203711
21726,8.3e-05,172.217.194.0-255,5738,10475,76,203711
21727,8.6e-05,172.31.40.0-255,66,10541,76,203711
21728,0.000139,172.31.40.0-255,66,10607,76,203711
21729,0.000175,172.31.40.0-255,66,10673,76,203711
21730,0.00021,172.217.194.0-255,1484,12157,76,203711
21731,0.000212,172.31.40.0-255,66,12223,76,203711
21732,0.000218,172.217.194.0-255,2902,15125,76,203711
21733,0.00022,172.31.40.0-255,66,15191,76,203711
21734,0.000259,172.217.194.0-255,5738,20929,76,203711
21735,0.000262,172.31.40.0-255,66,20995,76,203711
21736,0.000266,172.217.194.0-255,1484,22479,76,203711
21737,0.000268,172.31.40.0-255,66,22545,76,203711
21738,0.000306,172.31.40.0-255,66,22611,76,203711
21739,0.000354,172.31.40.0-255,66,22677,76,203711
21740,0.000357,172.217.194.0-255,115,22792,76,203711
21741,0.000359,172.31.40.0-255,66,22858,76,203711
21742,0.000452,172.217.194.0-255,1484,24342,76,203711
21743,0.000456,172.31.40.0-255,66,24408,76,203711
21744,0.000461,172.217.194.0-255,2902,27310,76,203711
21745,0.000463,172.31.40.0-255,66,27376,76,203711
21746,0.000497,172.217.194.0-255,5738,33114,76,203711
21747,0.0005,172.31.40.0-255,66,33180,76,203711
21748,0.000539,172.217.194.0-255,7115,40295,76,203711
21749,0.000577,172.217.194.0-255,1484,41779,76,203711
21750,0.00059,172.217.194.0-255,2902,44681,76,203711
21751,0.000612,172.217.194.0-255,5738,50419,76,203711
21752,0.000627,172.217.194.0-255,4320,54739,76,203711
21753,0.00064,172.217.194.0-255,2543,57282,76,203711
21754,0.001197,172.217.194.0-255,1484,58766,76,203711
21755,0.001203,172.217.194.0-255,2902,61668,76,203711
21756,0.001222,172.217.194.0-255,4320,65988,76,203711
21757,0.001233,172.217.194.0-255,1484,67472,76,203711
21758,0.001248,172.217.194.0-255,5738,73210,76,203711
21759,0.001263,172.217.194.0-255,7156,80366,76,203711
21760,0.001287,172.217.194.0-255,5738,86104,76,203711
21761,0.001306,172.31.40.0-255,66,86170,76,203711
21762,0.001319,172.217.194.0-255,2902,89072,76,203711
21763,0.001338,172.217.194.0-255,2184,91256,76,203711
21764,0.001445,172.217.194.0-255,1484,92740,76,203711
21765,0.001452,172.217.194.0-255,2902,95642,76,203711
21766,0.001478,172.217.194.0-255,5738,101380,76,203711
21767,0.001519,172.217.194.0-255,2902,104282,76,203711
21768,0.001546,172.217.194.0-255,4320,108602,76,203711
21769,0.001614,172.217.194.0-255,2184,110786,76,203711
21770,0.001632,172.31.40.0-255,66,110852,76,203711
21771,0.001734,172.217.194.0-255,1484,112336,76,203711
21772,0.001741,172.217.194.0-255,2902,115238,76,203711
21773,0.001744,172.217.194.0-255,1484,116722,76,203711
21774,0.001749,172.31.40.0-255,66,116788,76,203711
21775,0.001778,172.217.194.0-255,4320,121108,76,203711
21776,0.001814,172.31.40.0-255,66,121174,76,203711
21777,0.001856,172.217.194.0-255,7156,128330,76,203711
21778,0.001865,172.31.40.0-255,66,128396,76,203711
21779,0.001895,172.31.40.0-255,66,128462,76,203711
21780,0.001963,172.31.40.0-255,66,128528,76,203711
21781,0.002333,172.217.194.0-255,1484,130012,76,203711
21782,0.002338,172.217.194.0-255,1484,131496,76,203711
21783,0.00235,172.217.194.0-255,1484,132980,76,203711
21784,0.002356,172.217.194.0-255,4320,137300,76,203711
21785,0.00236,172.31.40.0-255,66,137366,76,203711
21786,0.002373,172.217.194.0-255,1484,138850,76,203711
21787,0.002392,172.31.40.0-255,66,138916,76,203711
21788,0.002422,172.217.194.0-255,1484,140400,76,203711
21789,0.002425,172.217.194.0-255,1484,141884,76,203711
21790,0.002428,172.217.194.0-255,1484,143368,76,203711
21791,0.002452,172.217.194.0-255,6438,149806,76,203711
21792,0.002461,172.31.40.0-255,66,149872,76,203711
21793,0.002516,172.217.194.0-255,1484,151356,76,203711
21794,0.00253,172.217.194.0-255,2902,154258,76,203711
21795,0.002538,172.31.40.0-255,66,154324,76,203711
21796,0.002568,172.217.194.0-255,5738,160062,76,203711
21797,0.002585,172.217.194.0-255,7156,167218,76,203711
21798,0.002595,172.31.40.0-255,66,167284,76,203711
21799,0.002603,172.217.194.0-255,1484,168768,76,203711
21800,0.002607,172.217.194.0-255,1484,170252,76,203711
21801,0.002615,172.217.194.0-255,1484,171736,76,203711
21802,0.00262,172.31.40.0-255,66,171802,76,203711
21803,0.002665,172.217.194.0-255,4320,176122,76,203711
21804,0.002676,172.31.40.0-255,66,176188,76,203711
21805,0.002745,172.31.40.0-255,66,176254,76,203711
21806,0.00279,172.31.40.0-255,66,176320,76,203711
21807,0.00282,172.217.194.0-255,5738,182058,76,203711
21808,0.002827,172.31.40.0-255,66,182124,76,203711
21809,0.002838,172.217.194.0-255,5020,187144,76,203711
21810,0.002847,172.31.40.0-255,66,187210,76,203711
21811,0.002876,172.217.194.0-255,4320,191530,76,203711
21812,0.002882,172.217.194.0-255,4320,195850,76,203711
21813,0.002897,172.217.194.0-255,1484,197334,76,203711
21814,0.002922,172.31.40.0-255,66,197400,76,203711
21815,0.00293,172.217.194.0-255,1484,198884,76,203711
21816,0.002932,172.217.194.0-255,1484,200368,76,203711
21817,0.002937,172.31.40.0-255,66,200434,76,203711
21818,0.002981,172.217.194.0-255,2869,203303,76,203711
21819,0.003006,172.31.40.0-255,66,203369,76,203711
21820,0.003014,172.217.194.0-255,105,203474,76,203711
21821,0.014068,172.31.40.0-255,66,203540,76,203711
21822,0.014121,172.31.40.0-255,105,203645,76,203711
21823,0.016338,172.217.194.0-255,66,203711,76,203711
21824,0.0,172.217.194.0-255,153,153,76,235304
21825,2.4e-05,172.31.40.0-255,66,219,76,235304
21826,3.2e-05,172.217.194.0-255,1484,1703,76,235304
21827,3.6e-05,172.31.40.0-255,66,1769,76,235304
21828,5e-05,172.217.194.0-255,2902,4671,76,235304
21829,5.3e-05,172.31.40.0-255,66,4737,76,235304
21830,5.7e-05,172.217.194.0-255,1484,6221,76,235304
21831,6e-05,172.31.40.0-255,66,6287,76,235304
21832,9.8e-05,172.217.194.0-255,4320,10607,76,235304
21833,0.000102,172.31.40.0-255,66,10673,76,235304
21834,0.00014,172.217.194.0-255,1484,12157,76,235304
21835,0.000143,172.31.40.0-255,66,12223,76,235304
21836,0.000183,172.217.194.0-255,1929,14152,76,235304
21837,0.000187,172.31.40.0-255,66,14218,76,235304
21838,0.00022,172.217.194.0-255,1484,15702,76,235304
21839,0.000223,172.31.40.0-255,66,15768,76,235304
21840,0.000236,172.217.194.0-255,2902,18670,76,235304
21841,0.000243,172.31.40.0-255,66,18736,76,235304
21842,0.00025,172.217.194.0-255,5738,24474,76,235304
21843,0.000252,172.31.40.0-255,66,24540,76,235304
21844,0.000286,172.217.194.0-255,6797,31337,76,235304
21845,0.000289,172.31.40.0-255,66,31403,76,235304
21846,0.000313,172.217.194.0-255,1484,32887,76,235304
21847,0.000315,172.31.40.0-255,66,32953,76,235304
21848,0.000357,172.31.40.0-255,66,33019,76,235304
21849,0.000361,172.217.194.0-255,2543,35562,76,235304
21850,0.000363,172.31.40.0-255,66,35628,76,235304
21851,0.000561,172.217.194.0-255,1484,37112,76,235304
21852,0.000567,172.31.40.0-255,66,37178,76,235304
21853,0.000572,172.217.194.0-255,2902,40080,76,235304
21854,0.000576,172.31.40.0-255,66,40146,76,235304
21855,0.000581,172.217.194.0-255,4320,44466,76,235304
21856,0.000583,172.31.40.0-255,66,44532,76,235304
21857,0.000618,172.217.194.0-255,1484,46016,76,235304
21858,0.000631,172.31.40.0-255,66,46082,76,235304
21859,0.000667,172.217.194.0-255,2902,48984,76,235304
21860,0.000671,172.31.40.0-255,66,49050,76,235304
21861,0.000674,172.31.40.0-255,66,49116,76,235304
21862,0.000695,172.31.40.0-255,66,49182,76,235304
21863,0.00072,172.217.194.0-255,5738,54920,76,235304
21864,0.000723,172.31.40.0-255,66,54986,76,235304
21865,0.000726,172.217.194.0-255,1484,56470,76,235304
21866,0.00075,172.217.194.0-255,5020,61490,76,235304
21867,0.000753,172.31.40.0-255,66,61556,76,235304
21868,0.001314,172.217.194.0-255,1484,63040,76,235304
21869,0.001322,172.217.194.0-255,2902,65942,76,235304
21870,0.001326,172.31.40.0-255,66,66008,76,235304
21871,0.001356,172.217.194.0-255,5738,71746,76,235304
21872,0.001359,172.31.40.0-255,66,71812,76,235304
21873,0.001372,172.31.40.0-255,66,71878,76,235304
21874,0.001403,172.217.194.0-255,2902,74780,76,235304
21875,0.001405,172.31.40.0-255,66,74846,76,235304
21876,0.001418,172.31.40.0-255,66,74912,76,235304
21877,0.001421,172.217.194.0-255,766,75678,76,235304
21878,0.00184,172.31.40.0-255,66,75744,76,235304
21879,0.001997,172.217.194.0-255,1484,77228,76,235304
21880,0.002007,172.217.194.0-255,2902,80130,76,235304
21881,0.002011,172.31.40.0-255,66,80196,76,235304
21882,0.002015,172.217.194.0-255,1484,81680,76,235304
21883,0.002056,172.217.194.0-255,4320,86000,76,235304
21884,0.002059,172.31.40.0-255,66,86066,76,235304
21885,0.002072,172.31.40.0-255,66,86132,76,235304
21886,0.002081,172.217.194.0-255,1484,87616,76,235304
21887,0.002117,172.31.40.0-255,66,87682,76,235304
21888,0.002159,172.217.194.0-255,5738,93420,76,235304
21889,0.002163,172.31.40.0-255,66,93486,76,235304
21890,0.002179,172.217.194.0-255,7156,100642,76,235304
21891,0.002181,172.31.40.0-255,66,100708,76,235304
21892,0.002198,172.31.40.0-255,66,100774,76,235304
21893,0.00221,172.31.40.0-255,66,100840,76,235304
21894,0.00229,172.217.194.0-255,1484,102324,76,235304
21895,0.002294,172.217.194.0-255,1484,103808,76,235304
21896,0.002297,172.31.40.0-255,66,103874,76,235304
21897,0.002325,172.217.194.0-255,1484,105358,76,235304
21898,0.002332,172.217.194.0-255,5738,111096,76,235304
21899,0.002335,172.31.40.0-255,66,111162,76,235304
21900,0.002347,172.31.40.0-255,66,111228,76,235304
21901,0.002379,172.217.194.0-255,2902,114130,76,235304
21902,0.002382,172.31.40.0-255,66,114196,76,235304
21903,0.002394,172.31.40.0-255,66,114262,76,235304
21904,0.002396,172.217.194.0-255,766,115028,76,235304
21905,0.002452,172.217.194.0-255,1484,116512,76,235304
21906,0.002455,172.31.40.0-255,66,116578,76,235304
21907,0.002494,172.217.194.0-255,2902,119480,76,235304
21908,0.002499,172.31.40.0-255,66,119546,76,235304
21909,0.002505,172.217.194.0-255,5738,125284,76,235304
21910,0.002508,172.31.40.0-255,66,125350,76,235304
21911,0.002531,172.31.40.0-255,66,125416,76,235304
21912,0.002576,172.31.40.0-255,66,125482,76,235304
21913,0.002595,172.31.40.0-255,66,125548,76,235304
21914,0.002628,172.217.194.0-255,1484,127032,76,235304
21915,0.002635,172.217.194.0-255,5020,132052,76,235304
21916,0.002638,172.31.40.0-255,66,132118,76,235304
21917,0.002641,172.217.194.0-255,1484,133602,76,235304
21918,0.005196,172.217.194.0-255,2902,136504,76,235304
21919,0.005204,172.31.40.0-255,66,136570,76,235304
21920,0.005233,172.217.194.0-255,1484,138054,76,235304
21921,0.007794,172.217.194.0-255,4320,142374,76,235304
21922,0.007811,172.31.40.0-255,66,142440,76,235304
21923,0.010387,172.217.194.0-255,5738,148178,76,235304
21924,0.010396,172.31.40.0-255,66,148244,76,235304
21925,0.012991,172.217.194.0-255,5738,153982,76,235304
21926,0.013006,172.31.40.0-255,66,154048,76,235304
21927,0.015691,172.217.194.0-255,5738,159786,76,235304
21928,0.015705,172.31.40.0-255,66,159852,76,235304
21929,0.018239,172.217.194.0-255,5738,165590,76,235304
21930,0.018243,172.31.40.0-255,66,165656,76,235304
21931,0.020919,172.217.194.0-255,5738,171394,76,235304
21932,0.020931,172.31.40.0-255,66,171460,76,235304
21933,0.023476,172.217.194.0-255,5738,177198,76,235304
21934,0.023486,172.31.40.0-255,66,177264,76,235304
21935,0.026065,172.217.194.0-255,5738,183002,76,235304
21936,0.026072,172.31.40.0-255,66,183068,76,235304
21937,0.028634,172.217.194.0-255,5738,188806,76,235304
21938,0.028645,172.31.40.0-255,66,188872,76,235304
21939,0.031229,172.217.194.0-255,5738,194610,76,235304
21940,0.031239,172.31.40.0-255,66,194676,76,235304
21941,0.033809,172.217.194.0-255,5738,200414,76,235304
21942,0.033816,172.31.40.0-255,66,200480,76,235304
21943,0.036432,172.217.194.0-255,5738,206218,76,235304
21944,0.036439,172.31.40.0-255,66,206284,76,235304
21945,0.039014,172.217.194.0-255,5738,212022,76,235304
21946,0.039027,172.31.40.0-255,66,212088,76,235304
21947,0.041651,172.217.194.0-255,5738,217826,76,235304
21948,0.041659,172.31.40.0-255,66,217892,76,235304
21949,0.044291,172.217.194.0-255,5738,223630,76,235304
21950,0.044314,172.31.40.0-255,66,223696,76,235304
21951,0.046945,172.217.194.0-255,5738,229434,76,235304
21952,0.046961,172.31.40.0-255,66,229500,76,235304
21953,0.049548,172.217.194.0-255,5738,235238,76,235304
21954,0.049556,172.31.40.0-255,66,235304,76,235304
21955,0.0,172.217.194.0-255,156,156,76,190263
21956,2.1e-05,172.31.40.0-255,66,222,76,190263
21957,2.8e-05,172.217.194.0-255,1484,1706,76,190263
21958,3.2e-05,172.31.40.0-255,66,1772,76,190263
21959,3.7e-05,172.217.194.0-255,2902,4674,76,190263
21960,4e-05,172.31.40.0-255,66,4740,76,190263
21961,4.8e-05,172.217.194.0-255,7156,11896,76,190263
21962,5e-05,172.31.40.0-255,66,11962,76,190263
21963,5.6e-05,172.217.194.0-255,6291,18253,76,190263
21964,5.9e-05,172.31.40.0-255,66,18319,76,190263
21965,9.2e-05,172.217.194.0-255,2902,21221,76,190263
21966,9.4e-05,172.31.40.0-255,66,21287,76,190263
21967,0.000114,172.31.40.0-255,66,21353,76,190263
21968,0.000673,172.217.194.0-255,1484,22837,76,190263
21969,0.000678,172.31.40.0-255,66,22903,76,190263
21970,0.000686,172.217.194.0-255,2902,25805,76,190263
21971,0.000688,172.31.40.0-255,66,25871,76,190263
21972,0.000695,172.217.194.0-255,5738,31609,76,190263
21973,0.000696,172.31.40.0-255,66,31675,76,190263
21974,0.000734,172.31.40.0-255,66,31741,76,190263
21975,0.000744,172.31.40.0-255,66,31807,76,190263
21976,0.000765,172.217.194.0-255,1484,33291,76,190263
21977,0.000767,172.31.40.0-255,66,33357,76,190263
21978,0.000778,172.217.194.0-255,1484,34841,76,190263
21979,0.00078,172.31.40.0-255,66,34907,76,190263
21980,0.000802,172.217.194.0-255,3602,38509,76,190263
21981,0.000804,172.31.40.0-255,66,38575,76,190263
21982,0.000807,172.217.194.0-255,676,39251,76,190263
21983,0.000809,172.31.40.0-255,66,39317,76,190263
21984,0.000841,172.217.194.0-255,1484,40801,76,190263
21985,0.000862,172.217.194.0-255,4320,45121,76,190263
21986,0.000865,172.31.40.0-255,66,45187,76,190263
21987,0.000872,172.217.194.0-255,5738,50925,76,190263
21988,0.000874,172.31.40.0-255,66,50991,76,190263
21989,0.000901,172.31.40.0-255,66,51057,76,190263
21990,0.000921,172.217.194.0-255,1484,52541,76,190263
21991,0.000927,172.217.194.0-255,4320,56861,76,190263
21992,0.00093,172.31.40.0-255,66,56927,76,190263
21993,0.000955,172.217.194.0-255,6438,63365,76,190263
21994,0.000958,172.31.40.0-255,66,63431,76,190263
21995,0.000975,172.217.194.0-255,1484,64915,76,190263
21996,0.000995,172.31.40.0-255,66,64981,76,190263
21997,0.001001,172.217.194.0-255,5738,70719,76,190263
21998,0.001003,172.31.40.0-255,66,70785,76,190263
21999,0.001017,172.217.194.0-255,5738,76523,76,190263
22000,0.00102,172.31.40.0-255,66,76589,76,190263
22001,0.001084,172.31.40.0-255,66,76655,76,190263
22002,0.001089,172.217.194.0-255,2902,79557,76,190263
22003,0.001091,172.31.40.0-255,66,79623,76,190263
22004,0.001117,172.31.40.0-255,66,79689,76,190263
22005,0.001138,172.31.40.0-255,66,79755,76,190263
22006,0.00114,172.217.194.0-255,766,80521,76,190263
22007,0.001303,172.217.194.0-255,1484,82005,76,190263
22008,0.001308,172.31.40.0-255,66,82071,76,190263
22009,0.001314,172.217.194.0-255,2902,84973,76,190263
22010,0.001315,172.31.40.0-255,66,85039,76,190263
22011,0.00134,172.217.194.0-255,1484,86523,76,190263
22012,0.001356,172.217.194.0-255,4320,90843,76,190263
22013,0.001359,172.31.40.0-255,66,90909,76,190263
22014,0.001362,172.217.194.0-255,2902,93811,76,190263
22015,0.001364,172.31.40.0-255,66,93877,76,190263
22016,0.001386,172.31.40.0-255,66,93943,76,190263
22017,0.001397,172.31.40.0-255,66,94009,76,190263
22018,0.001596,172.217.194.0-255,1484,95493,76,190263
22019,0.001601,172.217.194.0-255,1484,96977,76,190263
22020,0.001604,172.31.40.0-255,66,97043,76,190263
22021,0.001623,172.217.194.0-255,1484,98527,76,190263
22022,0.001629,172.217.194.0-255,5738,104265,76,190263
22023,0.001631,172.31.40.0-255,66,104331,76,190263
22024,0.001635,172.217.194.0-255,2902,107233,76,190263
22025,0.001636,172.31.40.0-255,66,107299,76,190263
22026,0.001663,172.31.40.0-255,66,107365,76,190263
22027,0.001692,172.31.40.0-255,66,107431,76,190263
22028,0.001768,172.217.194.0-255,1484,108915,76,190263
22029,0.001771,172.217.194.0-255,1484,110399,76,190263
22030,0.001773,172.31.40.0-255,66,110465,76,190263
22031,0.001788,172.217.194.0-255,1484,111949,76,190263
22032,0.001794,172.217.194.0-255,5738,117687,76,190263
22033,0.001797,172.31.40.0-255,66,117753,76,190263
22034,0.001821,172.217.194.0-255,4320,122073,76,190263
22035,0.001823,172.31.40.0-255,66,122139,76,190263
22036,0.001849,172.217.194.0-255,5738,127877,76,190263
22037,0.001852,172.31.40.0-255,66,127943,76,190263
22038,0.001864,172.31.40.0-255,66,128009,76,190263
22039,0.001868,172.217.194.0-255,2184,130193,76,190263
22040,0.00188,172.31.40.0-255,66,130259,76,190263
22041,0.001939,172.217.194.0-255,1484,131743,76,190263
22042,0.001943,172.217.194.0-255,1484,133227,76,190263
22043,0.001945,172.31.40.0-255,66,133293,76,190263
22044,0.001957,172.217.194.0-255,1484,134777,76,190263
22045,0.00196,172.217.194.0-255,1484,136261,76,190263
22046,0.001962,172.31.40.0-255,66,136327,76,190263
22047,0.001986,172.217.194.0-255,4320,140647,76,190263
22048,0.001989,172.31.40.0-255,66,140713,76,190263
22049,0.002001,172.31.40.0-255,66,140779,76,190263
22050,0.002016,172.217.194.0-255,2902,143681,76,190263
22051,0.002018,172.31.40.0-255,66,143747,76,190263
22052,0.002023,172.217.194.0-255,4320,148067,76,190263
22053,0.002026,172.31.40.0-255,66,148133,76,190263
22054,0.002046,172.217.194.0-255,6438,154571,76,190263
22055,0.002049,172.31.40.0-255,66,154637,76,190263
22056,0.002061,172.31.40.0-255,66,154703,76,190263
22057,0.002111,172.217.194.0-255,1484,156187,76,190263
22058,0.002114,172.31.40.0-255,78,156265,76,190263
22059,0.002133,172.217.194.0-255,1484,157749,76,190263
22060,0.002146,172.217.194.0-255,1484,159233,76,190263
22061,0.00215,172.217.194.0-255,2184,161417,76,190263
22062,0.002179,172.217.194.0-255,1484,162901,76,190263
22063,0.002198,172.217.194.0-255,2902,165803,76,190263
22064,0.002204,172.217.194.0-255,4320,170123,76,190263
22065,0.002213,172.217.194.0-255,1484,171607,76,190263
22066,0.002216,172.217.194.0-255,1484,173091,76,190263
22067,0.002245,172.217.194.0-255,1484,174575,76,190263
22068,0.002277,172.217.194.0-255,1484,176059,76,190263
22069,0.002305,172.217.194.0-255,766,176825,76,190263
22070,0.002342,172.217.194.0-255,5738,182563,76,190263
22071,0.002439,172.217.194.0-255,105,182668,76,190263
22072,0.00669,172.31.40.0-255,66,182734,76,190263
22073,0.008262,172.31.40.0-255,78,182812,76,190263
22074,0.008285,172.217.194.0-255,2902,185714,76,190263
22075,0.008288,172.31.40.0-255,78,185792,76,190263
22076,0.009669,172.31.40.0-255,105,185897,76,190263
22077,0.011699,172.217.194.0-255,66,185963,76,190263
22078,0.028215,172.31.40.0-255,172,186135,76,190263
22079,0.028244,172.31.40.0-255,1108,187243,76,190263
22080,0.028299,172.31.40.0-255,1514,188757,76,190263
22081,0.0283,172.31.40.0-255,1308,190065,76,190263
22082,0.02977,104.244.42.0-255,66,190131,76,190263
22083,0.029824,104.244.42.0-255,66,190197,76,190263
22084,0.029867,104.244.42.0-255,66,190263,76,190263
22085,0.0,172.217.194.0-255,153,153,76,194315
22086,2.4e-05,172.31.40.0-255,66,219,76,194315
22087,3.1e-05,172.217.194.0-255,1484,1703,76,194315
22088,3.6e-05,172.31.40.0-255,66,1769,76,194315
22089,4.2e-05,172.217.194.0-255,2902,4671,76,194315
22090,5.5e-05,172.31.40.0-255,66,4737,76,194315
22091,6.3e-05,172.217.194.0-255,7156,11893,76,194315
22092,6.6e-05,172.31.40.0-255,66,11959,76,194315
22093,7.8e-05,172.31.40.0-255,66,12025,76,194315
22094,9e-05,172.31.40.0-255,66,12091,76,194315
22095,0.000165,172.217.194.0-255,1484,13575,76,194315
22096,0.000168,172.31.40.0-255,66,13641,76,194315
22097,0.000172,172.217.194.0-255,1484,15125,76,194315
22098,0.000174,172.31.40.0-255,66,15191,76,194315
22099,0.000196,172.217.194.0-255,1484,16675,76,194315
22100,0.000198,172.31.40.0-255,66,16741,76,194315
22101,0.000207,172.217.194.0-255,5738,22479,76,194315
22102,0.000209,172.31.40.0-255,66,22545,76,194315
22103,0.000223,172.31.40.0-255,66,22611,76,194315
22104,0.000229,172.217.194.0-255,4320,26931,76,194315
22105,0.000231,172.31.40.0-255,66,26997,76,194315
22106,0.000277,172.31.40.0-255,66,27063,76,194315
22107,0.00028,172.217.194.0-255,376,27439,76,194315
22108,0.000282,172.31.40.0-255,66,27505,76,194315
22109,0.000284,172.217.194.0-255,368,27873,76,194315
22110,0.000287,172.31.40.0-255,66,27939,76,194315
22111,0.000484,172.217.194.0-255,1484,29423,76,194315
22112,0.00049,172.217.194.0-255,2902,32325,76,194315
22113,0.000495,172.31.40.0-255,66,32391,76,194315
22114,0.000499,172.31.40.0-255,66,32457,76,194315
22115,0.000521,172.217.194.0-255,4320,36777,76,194315
22116,0.000524,172.31.40.0-255,66,36843,76,194315
22117,0.00053,172.217.194.0-255,5738,42581,76,194315
22118,0.000532,172.31.40.0-255,66,42647,76,194315
22119,0.000536,172.217.194.0-255,2902,45549,76,194315
22120,0.000538,172.31.40.0-255,66,45615,76,194315
22121,0.000588,172.31.40.0-255,66,45681,76,194315
22122,0.000598,172.31.40.0-255,66,45747,76,194315
22123,0.001115,172.217.194.0-255,1484,47231,76,194315
22124,0.001123,172.217.194.0-255,2902,50133,76,194315
22125,0.001126,172.31.40.0-255,66,50199,76,194315
22126,0.001134,172.217.194.0-255,5738,55937,76,194315
22127,0.001136,172.31.40.0-255,66,56003,76,194315
22128,0.001221,172.31.40.0-255,66,56069,76,194315
22129,0.00216,172.217.194.0-255,1484,57553,76,194315
22130,0.002167,172.217.194.0-255,2902,60455,76,194315
22131,0.002169,172.217.194.0-255,1484,61939,76,194315
22132,0.002189,172.217.194.0-255,4320,66259,76,194315
22133,0.002203,172.217.194.0-255,5738,71997,76,194315
22134,0.002217,172.217.194.0-255,1484,73481,76,194315
22135,0.002232,172.217.194.0-255,2184,75665,76,194315
22136,0.005258,172.31.40.0-255,66,75731,76,194315
22137,0.005264,172.31.40.0-255,66,75797,76,194315
22138,0.005268,172.31.40.0-255,66,75863,76,194315
22139,0.00527,172.31.40.0-255,66,75929,76,194315
22140,0.005279,172.31.40.0-255,66,75995,76,194315
22141,0.005282,172.31.40.0-255,66,76061,76,194315
22142,0.007556,172.217.194.0-255,5738,81799,76,194315
22143,0.007561,172.31.40.0-255,66,81865,76,194315
22144,0.009826,172.217.194.0-255,5738,87603,76,194315
22145,0.009835,172.31.40.0-255,66,87669,76,194315
22146,0.012111,172.217.194.0-255,5738,93407,76,194315
22147,0.01212,172.31.40.0-255,66,93473,76,194315
22148,0.014378,172.217.194.0-255,5738,99211,76,194315
22149,0.014386,172.31.40.0-255,66,99277,76,194315
22150,0.016664,172.217.194.0-255,5738,105015,76,194315
22151,0.016672,172.31.40.0-255,66,105081,76,194315
22152,0.01896,172.217.194.0-255,5738,110819,76,194315
22153,0.018969,172.31.40.0-255,66,110885,76,194315
22154,0.021237,172.217.194.0-255,5738,116623,76,194315
22155,0.021243,172.31.40.0-255,66,116689,76,194315
22156,0.023517,172.217.194.0-255,5738,122427,76,194315
22157,0.023523,172.31.40.0-255,66,122493,76,194315
22158,0.025813,172.217.194.0-255,5738,128231,76,194315
22159,0.02582,172.31.40.0-255,66,128297,76,194315
22160,0.028096,172.217.194.0-255,5738,134035,76,194315
22161,0.028103,172.31.40.0-255,66,134101,76,194315
22162,0.029075,172.31.40.0-255,172,134273,76,194315
22163,0.029104,172.31.40.0-255,1105,135378,76,194315
22164,0.029159,172.31.40.0-255,1514,136892,76,194315
22165,0.029161,172.31.40.0-255,1514,138406,76,194315
22166,0.029162,172.31.40.0-255,1514,139920,76,194315
22167,0.029163,172.31.40.0-255,1514,141434,76,194315
22168,0.029164,172.31.40.0-255,579,142013,76,194315
22169,0.0304,172.217.194.0-255,5738,147751,76,194315
22170,0.030407,172.31.40.0-255,66,147817,76,194315
22171,0.031262,104.244.42.0-255,66,147883,76,194315
22172,0.032682,172.217.194.0-255,5738,153621,76,194315
22173,0.032691,172.31.40.0-255,66,153687,76,194315
22174,0.034976,172.217.194.0-255,5738,159425,76,194315
22175,0.034995,172.31.40.0-255,66,159491,76,194315
22176,0.037271,172.217.194.0-255,5738,165229,76,194315
22177,0.037288,172.31.40.0-255,66,165295,76,194315
22178,0.039585,172.217.194.0-255,5738,171033,76,194315
22179,0.039603,172.31.40.0-255,66,171099,76,194315
22180,0.04188,172.217.194.0-255,5738,176837,76,194315
22181,0.041896,172.31.40.0-255,66,176903,76,194315
22182,0.044168,172.217.194.0-255,5738,182641,76,194315
22183,0.044177,172.31.40.0-255,66,182707,76,194315
22184,0.046453,172.217.194.0-255,5738,188445,76,194315
22185,0.04647,172.31.40.0-255,66,188511,76,194315
22186,0.048768,172.217.194.0-255,5738,194249,76,194315
22187,0.048784,172.31.40.0-255,66,194315,76,194315
22188,0.0,74.125.24.0-255,153,153,76,297743
22189,2.3e-05,172.31.40.0-255,66,219,76,297743
22190,3e-05,74.125.24.0-255,1484,1703,76,297743
22191,3.5e-05,172.31.40.0-255,66,1769,76,297743
22192,4.1e-05,74.125.24.0-255,2902,4671,76,297743
22193,4.4e-05,172.31.40.0-255,66,4737,76,297743
22194,5.2e-05,74.125.24.0-255,7156,11893,76,297743
22195,5.5e-05,172.31.40.0-255,66,11959,76,297743
22196,8.8e-05,74.125.24.0-255,2012,13971,76,297743
22197,9e-05,172.31.40.0-255,66,14037,76,297743
22198,0.000175,74.125.24.0-255,1484,15521,76,297743
22199,0.000178,172.31.40.0-255,66,15587,76,297743
22200,0.000195,74.125.24.0-255,2902,18489,76,297743
22201,0.000197,172.31.40.0-255,66,18555,76,297743
22202,0.000203,74.125.24.0-255,4320,22875,76,297743
22203,0.000205,172.31.40.0-255,66,22941,76,297743
22204,0.000226,74.125.24.0-255,1484,24425,76,297743
22205,0.000228,172.31.40.0-255,66,24491,76,297743
22206,0.000232,74.125.24.0-255,1484,25975,76,297743
22207,0.000233,172.31.40.0-255,66,26041,76,297743
22208,0.000252,74.125.24.0-255,5379,31420,76,297743
22209,0.000254,172.31.40.0-255,66,31486,76,297743
22210,0.000288,74.125.24.0-255,2902,34388,76,297743
22211,0.000292,172.31.40.0-255,66,34454,76,297743
22212,0.000309,74.125.24.0-255,1484,35938,76,297743
22213,0.000311,172.31.40.0-255,66,36004,76,297743
22214,0.000317,74.125.24.0-255,5738,41742,76,297743
22215,0.00032,172.31.40.0-255,66,41808,76,297743
22216,0.000349,74.125.24.0-255,6797,48605,76,297743
22217,0.000352,172.31.40.0-255,66,48671,76,297743
22218,0.000473,74.125.24.0-255,1484,50155,76,297743
22219,0.000477,172.31.40.0-255,66,50221,76,297743
22220,0.000482,74.125.24.0-255,2902,53123,76,297743
22221,0.000484,172.31.40.0-255,66,53189,76,297743
22222,0.00049,74.125.24.0-255,4320,57509,76,297743
22223,0.000493,172.31.40.0-255,66,57575,76,297743
22224,0.000497,74.125.24.0-255,2902,60477,76,297743
22225,0.0005,172.31.40.0-255,66,60543,76,297743
22226,0.000522,74.125.24.0-255,2902,63445,76,297743
22227,0.000524,172.31.40.0-255,66,63511,76,297743
22228,0.000542,74.125.24.0-255,2867,66378,76,297743
22229,0.000545,172.31.40.0-255,66,66444,76,297743
22230,0.000583,74.125.24.0-255,332,66776,76,297743
22231,0.000957,74.125.24.0-255,1484,68260,76,297743
22232,0.000962,172.31.40.0-255,66,68326,76,297743
22233,0.000968,74.125.24.0-255,2902,71228,76,297743
22234,0.00097,172.31.40.0-255,66,71294,76,297743
22235,0.000976,74.125.24.0-255,5738,77032,76,297743
22236,0.000978,172.31.40.0-255,66,77098,76,297743
22237,0.000982,74.125.24.0-255,1484,78582,76,297743
22238,0.001012,172.31.40.0-255,66,78648,76,297743
22239,0.001018,74.125.24.0-255,4320,82968,76,297743
22240,0.00102,172.31.40.0-255,66,83034,76,297743
22241,0.001037,74.125.24.0-255,4320,87354,76,297743
22242,0.00104,172.31.40.0-255,66,87420,76,297743
22243,0.001057,74.125.24.0-255,2184,89604,76,297743
22244,0.00106,172.31.40.0-255,66,89670,76,297743
22245,0.001471,74.125.24.0-255,1484,91154,76,297743
22246,0.001493,74.125.24.0-255,2902,94056,76,297743
22247,0.001497,172.31.40.0-255,66,94122,76,297743
22248,0.001521,74.125.24.0-255,4320,98442,76,297743
22249,0.001524,172.31.40.0-255,66,98508,76,297743
22250,0.001527,74.125.24.0-255,1484,99992,76,297743
22251,0.001544,74.125.24.0-255,4320,104312,76,297743
22252,0.001546,172.31.40.0-255,66,104378,76,297743
22253,0.001561,74.125.24.0-255,4320,108698,76,297743
22254,0.001563,172.31.40.0-255,66,108764,76,297743
22255,0.001591,74.125.24.0-255,7156,115920,76,297743
22256,0.001594,172.31.40.0-255,66,115986,76,297743
22257,0.001598,74.125.24.0-255,2902,118888,76,297743
22258,0.0016,172.31.40.0-255,66,118954,76,297743
22259,0.001631,74.125.24.0-255,2902,121856,76,297743
22260,0.001633,172.31.40.0-255,66,121922,76,297743
22261,0.001647,74.125.24.0-255,2184,124106,76,297743
22262,0.001649,172.31.40.0-255,66,124172,76,297743
22263,0.001783,74.125.24.0-255,1484,125656,76,297743
22264,0.001798,74.125.24.0-255,2902,128558,76,297743
22265,0.001801,172.31.40.0-255,66,128624,76,297743
22266,0.001823,74.125.24.0-255,5738,134362,76,297743
22267,0.001826,172.31.40.0-255,66,134428,76,297743
22268,0.00183,74.125.24.0-255,2902,137330,76,297743
22269,0.001832,172.31.40.0-255,66,137396,76,297743
22270,0.001866,172.31.40.0-255,66,137462,76,297743
22271,0.001871,74.125.24.0-255,2902,140364,76,297743
22272,0.001873,172.31.40.0-255,66,140430,76,297743
22273,0.001896,172.31.40.0-255,66,140496,76,297743
22274,0.001931,74.125.24.0-255,1484,141980,76,297743
22275,0.001951,74.125.24.0-255,2902,144882,76,297743
22276,0.001954,172.31.40.0-255,66,144948,76,297743
22277,0.001958,74.125.24.0-255,1484,146432,76,297743
22278,0.001979,74.125.24.0-255,4320,150752,76,297743
22279,0.001982,172.31.40.0-255,66,150818,76,297743
22280,0.001986,74.125.24.0-255,2902,153720,76,297743
22281,0.001988,172.31.40.0-255,66,153786,76,297743
22282,0.002051,172.31.40.0-255,66,153852,76,297743
22283,0.002057,74.125.24.0-255,7156,161008,76,297743
22284,0.00206,172.31.40.0-255,66,161074,76,297743
22285,0.00209,74.125.24.0-255,3602,164676,76,297743
22286,0.002093,172.31.40.0-255,66,164742,76,297743
22287,0.004098,74.125.24.0-255,1484,166226,76,297743
22288,0.004163,74.125.24.0-255,4320,170546,76,297743
22289,0.004167,172.31.40.0-255,66,170612,76,297743
22290,0.00621,74.125.24.0-255,4320,174932,76,297743
22291,0.006213,172.31.40.0-255,66,174998,76,297743
22292,0.006232,74.125.24.0-255,1484,176482,76,297743
22293,0.008252,74.125.24.0-255,2902,179384,76,297743
22294,0.008258,172.31.40.0-255,66,179450,76,297743
22295,0.008277,74.125.24.0-255,1484,180934,76,297743
22296,0.010315,74.125.24.0-255,4320,185254,76,297743
22297,0.010322,172.31.40.0-255,66,185320,76,297743
22298,0.012386,74.125.24.0-255,5738,191058,76,297743
22299,0.012393,172.31.40.0-255,66,191124,76,297743
22300,0.014531,74.125.24.0-255,5738,196862,76,297743
22301,0.014538,172.31.40.0-255,66,196928,76,297743
22302,0.015596,172.31.40.0-255,101,197029,76,297743
22303,0.01661,74.125.24.0-255,5738,202767,76,297743
22304,0.016617,172.31.40.0-255,66,202833,76,297743
22305,0.017613,74.125.24.0-255,66,202899,76,297743
22306,0.01866,74.125.24.0-255,5738,208637,76,297743
22307,0.018669,172.31.40.0-255,66,208703,76,297743
22308,0.02073,74.125.24.0-255,5738,214441,76,297743
22309,0.020737,172.31.40.0-255,66,214507,76,297743
22310,0.022804,74.125.24.0-255,5738,220245,76,297743
22311,0.022818,172.31.40.0-255,66,220311,76,297743
22312,0.024892,74.125.24.0-255,5738,226049,76,297743
22313,0.024907,172.31.40.0-255,66,226115,76,297743
22314,0.026978,74.125.24.0-255,5738,231853,76,297743
22315,0.026991,172.31.40.0-255,66,231919,76,297743
22316,0.029031,74.125.24.0-255,5738,237657,76,297743
22317,0.029044,172.31.40.0-255,66,237723,76,297743
22318,0.031122,74.125.24.0-255,5738,243461,76,297743
22319,0.031136,172.31.40.0-255,66,243527,76,297743
22320,0.033207,74.125.24.0-255,5738,249265,76,297743
22321,0.033214,172.31.40.0-255,66,249331,76,297743
22322,0.035285,74.125.24.0-255,5738,255069,76,297743
22323,0.035298,172.31.40.0-255,66,255135,76,297743
22324,0.037372,74.125.24.0-255,5738,260873,76,297743
22325,0.037386,172.31.40.0-255,66,260939,76,297743
22326,0.03946,74.125.24.0-255,5738,266677,76,297743
22327,0.039468,172.31.40.0-255,66,266743,76,297743
22328,0.041507,74.125.24.0-255,4320,271063,76,297743
22329,0.041514,172.31.40.0-255,66,271129,76,297743
22330,0.041536,74.125.24.0-255,1484,272613,76,297743
22331,0.041575,172.31.40.0-255,172,272785,76,297743
22332,0.041602,172.31.40.0-255,1105,273890,76,297743
22333,0.041657,172.31.40.0-255,1514,275404,76,297743
22334,0.041659,172.31.40.0-255,343,275747,76,297743
22335,0.043156,104.244.42.0-255,66,275813,76,297743
22336,0.043165,104.244.42.0-255,66,275879,76,297743
22337,0.043261,104.244.42.0-255,66,275945,76,297743
22338,0.043597,74.125.24.0-255,4320,280265,76,297743
22339,0.043604,172.31.40.0-255,66,280331,76,297743
22340,0.045693,74.125.24.0-255,5738,286069,76,297743
22341,0.045708,172.31.40.0-255,66,286135,76,297743
22342,0.047789,74.125.24.0-255,5738,291873,76,297743
22343,0.047803,172.31.40.0-255,66,291939,76,297743
22344,0.049916,74.125.24.0-255,5738,297677,76,297743
22345,0.049932,172.31.40.0-255,66,297743,76,297743
22346,0.0,172.217.194.0-255,298,298,76,244873
22347,2.2e-05,172.31.40.0-255,66,364,76,244873
22348,2.9e-05,172.217.194.0-255,1484,1848,76,244873
22349,3.4e-05,172.31.40.0-255,66,1914,76,244873
22350,4.1e-05,172.217.194.0-255,4320,6234,76,244873
22351,5.4e-05,172.31.40.0-255,66,6300,76,244873
22352,5.7e-05,172.217.194.0-255,1484,7784,76,244873
22353,6e-05,172.31.40.0-255,66,7850,76,244873
22354,7.3e-05,172.31.40.0-255,66,7916,76,244873
22355,7.6e-05,172.217.194.0-255,1484,9400,76,244873
22356,7.8e-05,172.31.40.0-255,66,9466,76,244873
22357,0.000121,172.31.40.0-255,66,9532,76,244873
22358,0.000141,172.217.194.0-255,2543,12075,76,244873
22359,0.000144,172.31.40.0-255,66,12141,76,244873
22360,0.000245,172.217.194.0-255,1484,13625,76,244873
22361,0.000249,172.31.40.0-255,66,13691,76,244873
22362,0.000256,172.217.194.0-255,2902,16593,76,244873
22363,0.000258,172.31.40.0-255,66,16659,76,244873
22364,0.00027,172.217.194.0-255,5738,22397,76,244873
22365,0.000272,172.31.40.0-255,66,22463,76,244873
22366,0.000305,172.31.40.0-255,66,22529,76,244873
22367,0.00034,172.217.194.0-255,5379,27908,76,244873
22368,0.000343,172.31.40.0-255,66,27974,76,244873
22369,0.000359,172.31.40.0-255,66,28040,76,244873
22370,0.000361,172.217.194.0-255,343,28383,76,244873
22371,0.000363,172.31.40.0-255,66,28449,76,244873
22372,0.000408,172.217.194.0-255,116,28565,76,244873
22373,0.000411,172.31.40.0-255,66,28631,76,244873
22374,0.000432,172.217.194.0-255,381,29012,76,244873
22375,0.000653,172.217.194.0-255,1484,30496,76,244873
22376,0.000658,172.31.40.0-255,66,30562,76,244873
22377,0.000664,172.217.194.0-255,2902,33464,76,244873
22378,0.000666,172.31.40.0-255,66,33530,76,244873
22379,0.000697,172.217.194.0-255,5738,39268,76,244873
22380,0.0007,172.31.40.0-255,66,39334,76,244873
22381,0.000707,172.217.194.0-255,5738,45072,76,244873
22382,0.000709,172.31.40.0-255,66,45138,76,244873
22383,0.000759,172.217.194.0-255,1125,46263,76,244873
22384,0.00115,172.217.194.0-255,1484,47747,76,244873
22385,0.001155,172.31.40.0-255,66,47813,76,244873
22386,0.001159,172.217.194.0-255,1484,49297,76,244873
22387,0.001179,172.217.194.0-255,1484,50781,76,244873
22388,0.001182,172.31.40.0-255,66,50847,76,244873
22389,0.001188,172.217.194.0-255,5738,56585,76,244873
22390,0.00119,172.31.40.0-255,66,56651,76,244873
22391,0.001199,172.217.194.0-255,2902,59553,76,244873
22392,0.001202,172.31.40.0-255,66,59619,76,244873
22393,0.001238,172.217.194.0-255,7156,66775,76,244873
22394,0.001241,172.31.40.0-255,66,66841,76,244873
22395,0.001244,172.217.194.0-255,1484,68325,76,244873
22396,0.001276,172.31.40.0-255,66,68391,76,244873
22397,0.0013,172.217.194.0-255,3602,71993,76,244873
22398,0.001303,172.31.40.0-255,66,72059,76,244873
22399,0.001989,172.217.194.0-255,1484,73543,76,244873
22400,0.002,172.217.194.0-255,2902,76445,76,244873
22401,0.002004,172.31.40.0-255,66,76511,76,244873
22402,0.002012,172.217.194.0-255,4320,80831,76,244873
22403,0.002014,172.31.40.0-255,66,80897,76,244873
22404,0.002034,172.217.194.0-255,1484,82381,76,244873
22405,0.002043,172.217.194.0-255,2902,85283,76,244873
22406,0.002045,172.31.40.0-255,66,85349,76,244873
22407,0.00208,172.217.194.0-255,7156,92505,76,244873
22408,0.002082,172.31.40.0-255,66,92571,76,244873
22409,0.002094,172.31.40.0-255,66,92637,76,244873
22410,0.002116,172.217.194.0-255,3602,96239,76,244873
22411,0.002119,172.31.40.0-255,66,96305,76,244873
22412,0.002147,172.217.194.0-255,1484,97789,76,244873
22413,0.002165,172.217.194.0-255,2902,100691,76,244873
22414,0.002168,172.31.40.0-255,66,100757,76,244873
22415,0.002187,172.217.194.0-255,5738,106495,76,244873
22416,0.002189,172.31.40.0-255,66,106561,76,244873
22417,0.002195,172.217.194.0-255,2902,109463,76,244873
22418,0.002197,172.31.40.0-255,66,109529,76,244873
22419,0.002228,172.31.40.0-255,66,109595,76,244873
22420,0.002257,172.217.194.0-255,5738,115333,76,244873
22421,0.00226,172.31.40.0-255,66,115399,76,244873
22422,0.002288,172.217.194.0-255,6438,121837,76,244873
22423,0.00229,172.31.40.0-255,66,121903,76,244873
22424,0.004578,172.217.194.0-255,5738,127641,76,244873
22425,0.004585,172.31.40.0-255,66,127707,76,244873
22426,0.006902,172.217.194.0-255,5738,133445,76,244873
22427,0.006906,172.31.40.0-255,66,133511,76,244873
22428,0.009209,172.217.194.0-255,5738,139249,76,244873
22429,0.009216,172.31.40.0-255,66,139315,76,244873
22430,0.011519,172.217.194.0-255,5738,145053,76,244873
22431,0.011527,172.31.40.0-255,66,145119,76,244873
22432,0.01383,172.217.194.0-255,5738,150857,76,244873
22433,0.013838,172.31.40.0-255,66,150923,76,244873
22434,0.016166,172.217.194.0-255,5738,156661,76,244873
22435,0.016179,172.31.40.0-255,66,156727,76,244873
22436,0.018499,172.217.194.0-255,5738,162465,76,244873
22437,0.018508,172.31.40.0-255,66,162531,76,244873
22438,0.020855,172.217.194.0-255,5738,168269,76,244873
22439,0.020864,172.31.40.0-255,66,168335,76,244873
22440,0.023171,172.217.194.0-255,4320,172655,76,244873
22441,0.023179,172.31.40.0-255,66,172721,76,244873
22442,0.023206,172.217.194.0-255,1484,174205,76,244873
22443,0.025484,172.217.194.0-255,4320,178525,76,244873
22444,0.025492,172.31.40.0-255,66,178591,76,244873
22445,0.027138,172.31.40.0-255,172,178763,76,244873
22446,0.027171,172.31.40.0-255,1105,179868,76,244873
22447,0.027239,172.31.40.0-255,1514,181382,76,244873
22448,0.02726,172.31.40.0-255,1514,182896,76,244873
22449,0.027262,172.31.40.0-255,1514,184410,76,244873
22450,0.027281,172.31.40.0-255,1514,185924,76,244873
22451,0.027282,172.31.40.0-255,579,186503,76,244873
22452,0.027802,172.217.194.0-255,5738,192241,76,244873
22453,0.027809,172.31.40.0-255,66,192307,76,244873
22454,0.028667,104.244.42.0-255,66,192373,76,244873
22455,0.028707,104.244.42.0-255,66,192439,76,244873
22456,0.028787,104.244.42.0-255,66,192505,76,244873
22457,0.028821,104.244.42.0-255,66,192571,76,244873
22458,0.028824,104.244.42.0-255,66,192637,76,244873
22459,0.030118,172.217.194.0-255,5738,198375,76,244873
22460,0.030131,172.31.40.0-255,66,198441,76,244873
22461,0.032434,172.217.194.0-255,5738,204179,76,244873
22462,0.032448,172.31.40.0-255,66,204245,76,244873
22463,0.034765,172.217.194.0-255,5738,209983,76,244873
22464,0.034781,172.31.40.0-255,66,210049,76,244873
22465,0.037132,172.217.194.0-255,5738,215787,76,244873
22466,0.037144,172.31.40.0-255,66,215853,76,244873
22467,0.039463,172.217.194.0-255,5738,221591,76,244873
22468,0.039481,172.31.40.0-255,66,221657,76,244873
22469,0.041865,172.217.194.0-255,5738,227395,76,244873
22470,0.041883,172.31.40.0-255,66,227461,76,244873
22471,0.044204,172.217.194.0-255,5738,233199,76,244873
22472,0.044223,172.31.40.0-255,66,233265,76,244873
22473,0.04652,172.217.194.0-255,5738,239003,76,244873
22474,0.046537,172.31.40.0-255,66,239069,76,244873
22475,0.048876,172.217.194.0-255,5738,244807,76,244873
22476,0.048893,172.31.40.0-255,66,244873,76,244873
22477,0.0,74.125.24.0-255,153,153,76,184756
22478,2.7e-05,172.31.40.0-255,66,219,76,184756
22479,3.5e-05,74.125.24.0-255,1484,1703,76,184756
22480,4e-05,172.31.40.0-255,66,1769,76,184756
22481,4.5e-05,74.125.24.0-255,2902,4671,76,184756
22482,4.9e-05,172.31.40.0-255,66,4737,76,184756
22483,6.4e-05,74.125.24.0-255,7156,11893,76,184756
22484,6.7e-05,172.31.40.0-255,66,11959,76,184756
22485,7.8e-05,172.31.40.0-255,66,12025,76,184756
22486,0.000132,172.31.40.0-255,66,12091,76,184756
22487,0.000172,74.125.24.0-255,1484,13575,76,184756
22488,0.000175,172.31.40.0-255,66,13641,76,184756
22489,0.00018,74.125.24.0-255,2902,16543,76,184756
22490,0.000182,172.31.40.0-255,66,16609,76,184756
22491,0.000207,74.125.24.0-255,5738,22347,76,184756
22492,0.00021,172.31.40.0-255,66,22413,76,184756
22493,0.000221,74.125.24.0-255,6797,29210,76,184756
22494,0.000224,172.31.40.0-255,66,29276,76,184756
22495,0.000265,172.31.40.0-255,66,29342,76,184756
22496,0.000269,74.125.24.0-255,2854,32196,76,184756
22497,0.000271,172.31.40.0-255,66,32262,76,184756
22498,0.000297,74.125.24.0-255,109,32371,76,184756
22499,0.0003,172.31.40.0-255,66,32437,76,184756
22500,0.000326,74.125.24.0-255,331,32768,76,184756
22501,0.000329,172.31.40.0-255,66,32834,76,184756
22502,0.000876,74.125.24.0-255,1484,34318,76,184756
22503,0.000883,172.31.40.0-255,66,34384,76,184756
22504,0.000889,74.125.24.0-255,2902,37286,76,184756
22505,0.000891,172.31.40.0-255,66,37352,76,184756
22506,0.000902,74.125.24.0-255,5738,43090,76,184756
22507,0.000904,172.31.40.0-255,66,43156,76,184756
22508,0.000934,172.31.40.0-255,66,43222,76,184756
22509,0.00097,74.125.24.0-255,4320,47542,76,184756
22510,0.000974,172.31.40.0-255,66,47608,76,184756
22511,0.000986,172.31.40.0-255,66,47674,76,184756
22512,0.000988,74.125.24.0-255,766,48440,76,184756
22513,0.001469,172.31.40.0-255,66,48506,76,184756
22514,0.001737,74.125.24.0-255,1484,49990,76,184756
22515,0.001747,74.125.24.0-255,2902,52892,76,184756
22516,0.001751,172.31.40.0-255,66,52958,76,184756
22517,0.001788,74.125.24.0-255,5738,58696,76,184756
22518,0.00179,172.31.40.0-255,66,58762,76,184756
22519,0.001813,74.125.24.0-255,1484,60246,76,184756
22520,0.001845,172.31.40.0-255,66,60312,76,184756
22521,0.001858,74.125.24.0-255,1484,61796,76,184756
22522,0.001894,172.31.40.0-255,66,61862,76,184756
22523,0.001899,74.125.24.0-255,2184,64046,76,184756
22524,0.001901,172.31.40.0-255,66,64112,76,184756
22525,0.004229,74.125.24.0-255,5738,69850,76,184756
22526,0.004236,172.31.40.0-255,66,69916,76,184756
22527,0.006595,74.125.24.0-255,5738,75654,76,184756
22528,0.006601,172.31.40.0-255,66,75720,76,184756
22529,0.008979,74.125.24.0-255,5738,81458,76,184756
22530,0.008986,172.31.40.0-255,66,81524,76,184756
22531,0.011362,74.125.24.0-255,5738,87262,76,184756
22532,0.011371,172.31.40.0-255,66,87328,76,184756
22533,0.01375,74.125.24.0-255,5738,93066,76,184756
22534,0.013759,172.31.40.0-255,66,93132,76,184756
22535,0.016125,74.125.24.0-255,5738,98870,76,184756
22536,0.016133,172.31.40.0-255,66,98936,76,184756
22537,0.018474,74.125.24.0-255,5738,104674,76,184756
22538,0.01848,172.31.40.0-255,66,104740,76,184756
22539,0.020833,74.125.24.0-255,5738,110478,76,184756
22540,0.02084,172.31.40.0-255,66,110544,76,184756
22541,0.023169,74.125.24.0-255,5738,116282,76,184756
22542,0.023176,172.31.40.0-255,66,116348,76,184756
22543,0.025523,74.125.24.0-255,5738,122086,76,184756
22544,0.025532,172.31.40.0-255,66,122152,76,184756
22545,0.027878,74.125.24.0-255,5738,127890,76,184756
22546,0.027885,172.31.40.0-255,66,127956,76,184756
22547,0.029596,172.31.40.0-255,172,128128,76,184756
22548,0.029634,172.31.40.0-255,1108,129236,76,184756
22549,0.029693,172.31.40.0-255,1514,130750,76,184756
22550,0.029695,172.31.40.0-255,1308,132058,76,184756
22551,0.030227,74.125.24.0-255,5738,137796,76,184756
22552,0.030234,172.31.40.0-255,66,137862,76,184756
22553,0.031134,104.244.42.0-255,66,137928,76,184756
22554,0.031248,104.244.42.0-255,66,137994,76,184756
22555,0.031251,104.244.42.0-255,66,138060,76,184756
22556,0.032573,74.125.24.0-255,5738,143798,76,184756
22557,0.032579,172.31.40.0-255,66,143864,76,184756
22558,0.034945,74.125.24.0-255,5738,149602,76,184756
22559,0.034952,172.31.40.0-255,66,149668,76,184756
22560,0.037378,74.125.24.0-255,5738,155406,76,184756
22561,0.037385,172.31.40.0-255,66,155472,76,184756
22562,0.03977,74.125.24.0-255,5738,161210,76,184756
22563,0.039787,172.31.40.0-255,66,161276,76,184756
22564,0.042116,74.125.24.0-255,5738,167014,76,184756
22565,0.042124,172.31.40.0-255,66,167080,76,184756
22566,0.044521,74.125.24.0-255,5738,172818,76,184756
22567,0.044528,172.31.40.0-255,66,172884,76,184756
22568,0.046971,74.125.24.0-255,2902,175786,76,184756
22569,0.046977,172.31.40.0-255,66,175852,76,184756
22570,0.047006,74.125.24.0-255,2902,178754,76,184756
22571,0.047009,172.31.40.0-255,66,178820,76,184756
22572,0.049347,74.125.24.0-255,2902,181722,76,184756
22573,0.049353,172.31.40.0-255,66,181788,76,184756
22574,0.049384,74.125.24.0-255,2902,184690,76,184756
22575,0.049387,172.31.40.0-255,66,184756,76,184756
22576,0.0,172.217.26.0-255,153,153,76,214507
22577,2.4e-05,172.31.40.0-255,66,219,76,214507
22578,3.1e-05,172.217.26.0-255,1484,1703,76,214507
22579,3.7e-05,172.31.40.0-255,66,1769,76,214507
22580,4e-05,172.217.26.0-255,1484,3253,76,214507
22581,5e-05,172.31.40.0-255,66,3319,76,214507
22582,5.6e-05,172.217.26.0-255,2902,6221,76,214507
22583,6e-05,172.31.40.0-255,66,6287,76,214507
22584,6.9e-05,172.217.26.0-255,5738,12025,76,214507
22585,7.2e-05,172.31.40.0-255,66,12091,76,214507
22586,0.000102,172.217.26.0-255,5738,17829,76,214507
22587,0.000105,172.31.40.0-255,66,17895,76,214507
22588,0.000132,172.217.26.0-255,3486,21381,76,214507
22589,0.000134,172.31.40.0-255,66,21447,76,214507
22590,0.000151,172.31.40.0-255,66,21513,76,214507
22591,0.000215,172.217.26.0-255,1484,22997,76,214507
22592,0.000219,172.31.40.0-255,66,23063,76,214507
22593,0.000225,172.217.26.0-255,2902,25965,76,214507
22594,0.000228,172.31.40.0-255,66,26031,76,214507
22595,0.000257,172.217.26.0-255,4320,30351,76,214507
22596,0.00026,172.31.40.0-255,66,30417,76,214507
22597,0.000263,172.217.26.0-255,1484,31901,76,214507
22598,0.000265,172.31.40.0-255,66,31967,76,214507
22599,0.000309,172.31.40.0-255,66,32033,76,214507
22600,0.000316,172.217.26.0-255,7156,39189,76,214507
22601,0.000319,172.31.40.0-255,66,39255,76,214507
22602,0.00033,172.31.40.0-255,66,39321,76,214507
22603,0.000579,172.217.26.0-255,351,39672,76,214507
22604,0.000585,172.31.40.0-255,66,39738,76,214507
22605,0.001497,172.217.26.0-255,391,40129,76,214507
22606,0.001557,172.31.40.0-255,66,40195,76,214507
22607,0.001655,172.217.26.0-255,1484,41679,76,214507
22608,0.001663,172.217.26.0-255,2902,44581,76,214507
22609,0.001667,172.31.40.0-255,66,44647,76,214507
22610,0.001697,172.217.26.0-255,5738,50385,76,214507
22611,0.0017,172.31.40.0-255,66,50451,76,214507
22612,0.001708,172.217.26.0-255,6797,57248,76,214507
22613,0.00171,172.31.40.0-255,66,57314,76,214507
22614,0.001748,172.217.26.0-255,2902,60216,76,214507
22615,0.001751,172.31.40.0-255,66,60282,76,214507
22616,0.001786,172.217.26.0-255,4320,64602,76,214507
22617,0.001789,172.31.40.0-255,66,64668,76,214507
22618,0.001799,172.31.40.0-255,66,64734,76,214507
22619,0.001807,172.217.26.0-255,1125,65859,76,214507
22620,0.00373,172.217.26.0-255,4320,70179,76,214507
22621,0.003737,172.31.40.0-255,66,70245,76,214507
22622,0.005627,172.217.26.0-255,4320,74565,76,214507
22623,0.005631,172.31.40.0-255,66,74631,76,214507
22624,0.005655,172.217.26.0-255,1484,76115,76,214507
22625,0.007523,172.217.26.0-255,4320,80435,76,214507
22626,0.007529,172.31.40.0-255,66,80501,76,214507
22627,0.009448,172.217.26.0-255,5738,86239,76,214507
22628,0.009455,172.31.40.0-255,66,86305,76,214507
22629,0.011366,172.217.26.0-255,5738,92043,76,214507
22630,0.011375,172.31.40.0-255,66,92109,76,214507
22631,0.013283,172.217.26.0-255,5738,97847,76,214507
22632,0.013291,172.31.40.0-255,66,97913,76,214507
22633,0.015179,172.217.26.0-255,5738,103651,76,214507
22634,0.015185,172.31.40.0-255,66,103717,76,214507
22635,0.017096,172.217.26.0-255,5738,109455,76,214507
22636,0.017103,172.31.40.0-255,66,109521,76,214507
22637,0.018995,172.217.26.0-255,5738,115259,76,214507
22638,0.019003,172.31.40.0-255,66,115325,76,214507
22639,0.020907,172.217.26.0-255,5738,121063,76,214507
22640,0.020914,172.31.40.0-255,66,121129,76,214507
22641,0.02281,172.217.26.0-255,4320,125449,76,214507
22642,0.022816,172.31.40.0-255,66,125515,76,214507
22643,0.022829,172.217.26.0-255,1484,126999,76,214507
22644,0.024709,172.217.26.0-255,2902,129901,76,214507
22645,0.024717,172.31.40.0-255,66,129967,76,214507
22646,0.026613,172.217.26.0-255,5738,135705,76,214507
22647,0.026621,172.31.40.0-255,66,135771,76,214507
22648,0.028528,172.217.26.0-255,5738,141509,76,214507
22649,0.028536,172.31.40.0-255,66,141575,76,214507
22650,0.030433,172.217.26.0-255,5738,147313,76,214507
22651,0.030441,172.31.40.0-255,66,147379,76,214507
22652,0.03233,172.217.26.0-255,5738,153117,76,214507
22653,0.032337,172.31.40.0-255,66,153183,76,214507
22654,0.034236,172.217.26.0-255,5738,158921,76,214507
22655,0.034244,172.31.40.0-255,66,158987,76,214507
22656,0.036144,172.217.26.0-255,5738,164725,76,214507
22657,0.036152,172.31.40.0-255,66,164791,76,214507
22658,0.038054,172.217.26.0-255,5738,170529,76,214507
22659,0.038064,172.31.40.0-255,66,170595,76,214507
22660,0.039967,172.217.26.0-255,5738,176333,76,214507
22661,0.039975,172.31.40.0-255,66,176399,76,214507
22662,0.041863,172.217.26.0-255,5738,182137,76,214507
22663,0.041868,172.31.40.0-255,66,182203,76,214507
22664,0.042239,172.31.40.0-255,211,182414,76,214507
22665,0.04227,172.31.40.0-255,1109,183523,76,214507
22666,0.042336,172.31.40.0-255,1514,185037,76,214507
22667,0.042338,172.31.40.0-255,1514,186551,76,214507
22668,0.042339,172.31.40.0-255,1514,188065,76,214507
22669,0.042343,172.31.40.0-255,1514,189579,76,214507
22670,0.042344,172.31.40.0-255,1514,191093,76,214507
22671,0.043779,172.217.26.0-255,5738,196831,76,214507
22672,0.043787,172.31.40.0-255,66,196897,76,214507
22673,0.043794,104.244.42.0-255,66,196963,76,214507
22674,0.043806,104.244.42.0-255,66,197029,76,214507
22675,0.043931,104.244.42.0-255,66,197095,76,214507
22676,0.0457,172.217.26.0-255,5738,202833,76,214507
22677,0.045706,172.31.40.0-255,66,202899,76,214507
22678,0.047606,172.217.26.0-255,5738,208637,76,214507
22679,0.047613,172.31.40.0-255,66,208703,76,214507
22680,0.049524,172.217.26.0-255,5738,214441,76,214507
22681,0.049532,172.31.40.0-255,66,214507,76,214507
22682,0.0,74.125.24.0-255,153,153,76,204702
22683,1.8e-05,172.31.40.0-255,66,219,76,204702
22684,2.5e-05,74.125.24.0-255,1484,1703,76,204702
22685,2.9e-05,172.31.40.0-255,66,1769,76,204702
22686,3.4e-05,74.125.24.0-255,2902,4671,76,204702
22687,3.6e-05,172.31.40.0-255,66,4737,76,204702
22688,5e-05,74.125.24.0-255,7156,11893,76,204702
22689,5.3e-05,172.31.40.0-255,66,11959,76,204702
22690,8.5e-05,172.31.40.0-255,66,12025,76,204702
22691,0.000133,172.31.40.0-255,66,12091,76,204702
22692,0.000165,74.125.24.0-255,1484,13575,76,204702
22693,0.000168,172.31.40.0-255,66,13641,76,204702
22694,0.000171,74.125.24.0-255,1484,15125,76,204702
22695,0.000173,172.31.40.0-255,66,15191,76,204702
22696,0.000207,74.125.24.0-255,1484,16675,76,204702
22697,0.00021,172.31.40.0-255,66,16741,76,204702
22698,0.000217,74.125.24.0-255,5738,22479,76,204702
22699,0.000219,172.31.40.0-255,66,22545,76,204702
22700,0.000236,172.31.40.0-255,66,22611,76,204702
22701,0.000266,74.125.24.0-255,2902,25513,76,204702
22702,0.000269,172.31.40.0-255,66,25579,76,204702
22703,0.000312,172.31.40.0-255,66,25645,76,204702
22704,0.000314,74.125.24.0-255,108,25753,76,204702
22705,0.000316,172.31.40.0-255,66,25819,76,204702
22706,0.00034,74.125.24.0-255,333,26152,76,204702
22707,0.000343,172.31.40.0-255,66,26218,76,204702
22708,0.000661,74.125.24.0-255,1484,27702,76,204702
22709,0.000666,172.31.40.0-255,66,27768,76,204702
22710,0.000694,74.125.24.0-255,2902,30670,76,204702
22711,0.000697,172.31.40.0-255,66,30736,76,204702
22712,0.000702,74.125.24.0-255,2902,33638,76,204702
22713,0.000704,172.31.40.0-255,66,33704,76,204702
22714,0.00073,74.125.24.0-255,2902,36606,76,204702
22715,0.000732,172.31.40.0-255,66,36672,76,204702
22716,0.000738,74.125.24.0-255,4320,40992,76,204702
22717,0.000744,172.31.40.0-255,66,41058,76,204702
22718,0.000781,172.31.40.0-255,66,41124,76,204702
22719,0.000793,172.31.40.0-255,66,41190,76,204702
22720,0.000812,74.125.24.0-255,766,41956,76,204702
22721,0.000831,74.125.24.0-255,1484,43440,76,204702
22722,0.000833,172.31.40.0-255,66,43506,76,204702
22723,0.000838,74.125.24.0-255,2902,46408,76,204702
22724,0.00084,172.31.40.0-255,66,46474,76,204702
22725,0.000844,74.125.24.0-255,2902,49376,76,204702
22726,0.000845,172.31.40.0-255,66,49442,76,204702
22727,0.000874,74.125.24.0-255,2902,52344,76,204702
22728,0.000876,172.31.40.0-255,66,52410,76,204702
22729,0.000882,74.125.24.0-255,4320,56730,76,204702
22730,0.000884,172.31.40.0-255,66,56796,76,204702
22731,0.000918,74.125.24.0-255,2902,59698,76,204702
22732,0.00092,172.31.40.0-255,66,59764,76,204702
22733,0.000932,172.31.40.0-255,66,59830,76,204702
22734,0.000946,172.31.40.0-255,66,59896,76,204702
22735,0.000988,172.31.40.0-255,66,59962,76,204702
22736,0.000999,172.31.40.0-255,66,60028,76,204702
22737,0.001037,74.125.24.0-255,5738,65766,76,204702
22738,0.00104,172.31.40.0-255,66,65832,76,204702
22739,0.001076,172.31.40.0-255,66,65898,76,204702
22740,0.001101,74.125.24.0-255,1484,67382,76,204702
22741,0.001106,74.125.24.0-255,2902,70284,76,204702
22742,0.001108,172.31.40.0-255,66,70350,76,204702
22743,0.001115,74.125.24.0-255,5738,76088,76,204702
22744,0.001117,172.31.40.0-255,66,76154,76,204702
22745,0.001166,74.125.24.0-255,4320,80474,76,204702
22746,0.001168,172.31.40.0-255,66,80540,76,204702
22747,0.001201,74.125.24.0-255,5738,86278,76,204702
22748,0.001203,172.31.40.0-255,66,86344,76,204702
22749,0.001218,172.31.40.0-255,66,86410,76,204702
22750,0.001989,74.125.24.0-255,1484,87894,76,204702
22751,0.001994,74.125.24.0-255,1484,89378,76,204702
22752,0.001997,172.31.40.0-255,66,89444,76,204702
22753,0.002025,74.125.24.0-255,1484,90928,76,204702
22754,0.002032,74.125.24.0-255,5738,96666,76,204702
22755,0.002034,172.31.40.0-255,66,96732,76,204702
22756,0.002052,172.31.40.0-255,66,96798,76,204702
22757,0.002059,74.125.24.0-255,7156,103954,76,204702
22758,0.002062,172.31.40.0-255,66,104020,76,204702
22759,0.002098,74.125.24.0-255,2902,106922,76,204702
22760,0.0021,172.31.40.0-255,66,106988,76,204702
22761,0.002103,74.125.24.0-255,766,107754,76,204702
22762,0.002106,74.125.24.0-255,1484,109238,76,204702
22763,0.002108,172.31.40.0-255,66,109304,76,204702
22764,0.00213,74.125.24.0-255,4320,113624,76,204702
22765,0.002132,172.31.40.0-255,66,113690,76,204702
22766,0.002151,74.125.24.0-255,7156,120846,76,204702
22767,0.002153,172.31.40.0-255,66,120912,76,204702
22768,0.002177,74.125.24.0-255,2902,123814,76,204702
22769,0.002179,172.31.40.0-255,66,123880,76,204702
22770,0.002187,74.125.24.0-255,1484,125364,76,204702
22771,0.002205,172.31.40.0-255,66,125430,76,204702
22772,0.002236,74.125.24.0-255,3602,129032,76,204702
22773,0.002239,172.31.40.0-255,66,129098,76,204702
22774,0.002244,74.125.24.0-255,4320,133418,76,204702
22775,0.002247,172.31.40.0-255,66,133484,76,204702
22776,0.002256,74.125.24.0-255,4320,137804,76,204702
22777,0.002259,172.31.40.0-255,66,137870,76,204702
22778,0.002288,74.125.24.0-255,4320,142190,76,204702
22779,0.00229,172.31.40.0-255,66,142256,76,204702
22780,0.002306,172.31.40.0-255,66,142322,76,204702
22781,0.002312,74.125.24.0-255,4320,146642,76,204702
22782,0.002314,172.31.40.0-255,66,146708,76,204702
22783,0.002343,74.125.24.0-255,6438,153146,76,204702
22784,0.00235,172.31.40.0-255,66,153212,76,204702
22785,0.002353,74.125.24.0-255,1484,154696,76,204702
22786,0.002358,74.125.24.0-255,2902,157598,76,204702
22787,0.00236,172.31.40.0-255,66,157664,76,204702
22788,0.002387,74.125.24.0-255,5738,163402,76,204702
22789,0.00239,172.31.40.0-255,66,163468,76,204702
22790,0.002394,74.125.24.0-255,1484,164952,76,204702
22791,0.002426,172.31.40.0-255,66,165018,76,204702
22792,0.002452,74.125.24.0-255,2902,167920,76,204702
22793,0.002454,172.31.40.0-255,66,167986,76,204702
22794,0.002493,172.31.40.0-255,66,168052,76,204702
22795,0.00251,74.125.24.0-255,2902,170954,76,204702
22796,0.002513,172.31.40.0-255,66,171020,76,204702
22797,0.002545,172.31.40.0-255,66,171086,76,204702
22798,0.002557,172.31.40.0-255,66,171152,76,204702
22799,0.002581,74.125.24.0-255,1484,172636,76,204702
22800,0.002597,172.31.40.0-255,66,172702,76,204702
22801,0.002636,74.125.24.0-255,7156,179858,76,204702
22802,0.002638,172.31.40.0-255,66,179924,76,204702
22803,0.002667,74.125.24.0-255,2902,182826,76,204702
22804,0.00267,172.31.40.0-255,66,182892,76,204702
22805,0.002686,172.31.40.0-255,66,182958,76,204702
22806,0.002696,172.31.40.0-255,66,183024,76,204702
22807,0.005289,74.125.24.0-255,5738,188762,76,204702
22808,0.005298,172.31.40.0-255,66,188828,76,204702
22809,0.007911,74.125.24.0-255,5738,194566,76,204702
22810,0.007914,172.31.40.0-255,66,194632,76,204702
22811,0.010515,74.125.24.0-255,1983,196615,76,204702
22812,0.010521,172.31.40.0-255,66,196681,76,204702
22813,0.011235,172.31.40.0-255,105,196786,76,204702
22814,0.013797,74.125.24.0-255,66,196852,76,204702
22815,0.035401,172.31.40.0-255,172,197024,76,204702
22816,0.035435,172.31.40.0-255,1108,198132,76,204702
22817,0.035495,172.31.40.0-255,1514,199646,76,204702
22818,0.035497,172.31.40.0-255,1514,201160,76,204702
22819,0.035504,172.31.40.0-255,1514,202674,76,204702
22820,0.035505,172.31.40.0-255,1514,204188,76,204702
22821,0.035525,172.31.40.0-255,184,204372,76,204702
22822,0.036962,104.244.42.0-255,66,204438,76,204702
22823,0.036998,104.244.42.0-255,66,204504,76,204702
22824,0.03704,104.244.42.0-255,66,204570,76,204702
22825,0.037089,104.244.42.0-255,66,204636,76,204702
22826,0.037108,104.244.42.0-255,66,204702,76,204702
22827,0.0,172.217.194.0-255,153,153,76,257512
22828,1.8e-05,172.31.40.0-255,66,219,76,257512
22829,2.5e-05,172.217.194.0-255,1484,1703,76,257512
22830,3e-05,172.31.40.0-255,66,1769,76,257512
22831,3.3e-05,172.217.194.0-255,1484,3253,76,257512
22832,4.6e-05,172.31.40.0-255,66,3319,76,257512
22833,5.3e-05,172.217.194.0-255,4320,7639,76,257512
22834,5.7e-05,172.31.40.0-255,66,7705,76,257512
22835,9.3e-05,172.31.40.0-255,66,7771,76,257512
22836,0.0001,172.217.194.0-255,5738,13509,76,257512
22837,0.000103,172.31.40.0-255,66,13575,76,257512
22838,0.000138,172.217.194.0-255,6797,20372,76,257512
22839,0.000142,172.31.40.0-255,66,20438,76,257512
22840,0.00015,172.217.194.0-255,7156,27594,76,257512
22841,0.000152,172.31.40.0-255,66,27660,76,257512
22842,0.000188,172.217.194.0-255,5738,33398,76,257512
22843,0.00019,172.31.40.0-255,66,33464,76,257512
22844,0.000207,172.217.194.0-255,3961,37425,76,257512
22845,0.00021,172.31.40.0-255,66,37491,76,257512
22846,0.001077,172.217.194.0-255,1484,38975,76,257512
22847,0.001084,172.31.40.0-255,66,39041,76,257512
22848,0.001091,172.217.194.0-255,2902,41943,76,257512
22849,0.001093,172.31.40.0-255,66,42009,76,257512
22850,0.001106,172.217.194.0-255,5738,47747,76,257512
22851,0.001108,172.31.40.0-255,66,47813,76,257512
22852,0.001152,172.217.194.0-255,6797,54610,76,257512
22853,0.001156,172.31.40.0-255,66,54676,76,257512
22854,0.001267,172.217.194.0-255,1484,56160,76,257512
22855,0.001272,172.31.40.0-255,66,56226,76,257512
22856,0.001277,172.217.194.0-255,2902,59128,76,257512
22857,0.001279,172.31.40.0-255,66,59194,76,257512
22858,0.001292,172.217.194.0-255,5738,64932,76,257512
22859,0.001296,172.217.194.0-255,1484,66416,76,257512
22860,0.001327,172.217.194.0-255,7156,73572,76,257512
22861,0.001357,172.217.194.0-255,7156,80728,76,257512
22862,0.001482,172.217.194.0-255,1484,82212,76,257512
22863,0.001488,172.217.194.0-255,2902,85114,76,257512
22864,0.001529,172.217.194.0-255,5738,90852,76,257512
22865,0.001625,172.217.194.0-255,1484,92336,76,257512
22866,0.00165,172.217.194.0-255,2902,95238,76,257512
22867,0.001657,172.217.194.0-255,5738,100976,76,257512
22868,0.001664,172.217.194.0-255,5738,106714,76,257512
22869,0.001704,172.217.194.0-255,5020,111734,76,257512
22870,0.00181,172.217.194.0-255,1484,113218,76,257512
22871,0.001817,172.217.194.0-255,2902,116120,76,257512
22872,0.001824,172.217.194.0-255,5738,121858,76,257512
22873,0.001891,172.217.194.0-255,766,122624,76,257512
22874,0.001934,172.217.194.0-255,1484,124108,76,257512
22875,0.001937,172.217.194.0-255,1484,125592,76,257512
22876,0.001951,172.217.194.0-255,2902,128494,76,257512
22877,0.001971,172.217.194.0-255,5738,134232,76,257512
22878,0.001975,172.217.194.0-255,2902,137134,76,257512
22879,0.002015,172.217.194.0-255,2902,140036,76,257512
22880,0.002066,172.217.194.0-255,1484,141520,76,257512
22881,0.00208,172.217.194.0-255,1484,143004,76,257512
22882,0.002093,172.217.194.0-255,1484,144488,76,257512
22883,0.002099,172.217.194.0-255,4320,148808,76,257512
22884,0.00211,172.217.194.0-255,1484,150292,76,257512
22885,0.002112,172.217.194.0-255,1484,151776,76,257512
22886,0.002188,172.217.194.0-255,766,152542,76,257512
22887,0.002209,172.217.194.0-255,2902,155444,76,257512
22888,0.002212,172.217.194.0-255,1484,156928,76,257512
22889,0.002226,172.217.194.0-255,2902,159830,76,257512
22890,0.002312,172.217.194.0-255,5738,165568,76,257512
22891,0.011863,172.217.194.0-255,1484,167052,76,257512
22892,0.012756,172.31.40.0-255,66,167118,76,257512
22893,0.01505,172.217.194.0-255,5738,172856,76,257512
22894,0.015058,172.31.40.0-255,66,172922,76,257512
22895,0.017313,172.217.194.0-255,5738,178660,76,257512
22896,0.017321,172.31.40.0-255,66,178726,76,257512
22897,0.019578,172.217.194.0-255,5738,184464,76,257512
22898,0.019586,172.31.40.0-255,66,184530,76,257512
22899,0.021831,172.217.194.0-255,5738,190268,76,257512
22900,0.022931,172.31.40.0-255,66,190334,76,257512
22901,0.025193,172.217.194.0-255,5738,196072,76,257512
22902,0.025199,172.31.40.0-255,66,196138,76,257512
22903,0.027487,172.217.194.0-255,5738,201876,76,257512
22904,0.027496,172.31.40.0-255,66,201942,76,257512
22905,0.029772,172.217.194.0-255,5738,207680,76,257512
22906,0.029787,172.31.40.0-255,66,207746,76,257512
22907,0.032048,172.217.194.0-255,5738,213484,76,257512
22908,0.032057,172.31.40.0-255,66,213550,76,257512
22909,0.034329,172.217.194.0-255,5738,219288,76,257512
22910,0.034346,172.31.40.0-255,66,219354,76,257512
22911,0.036607,172.217.194.0-255,5738,225092,76,257512
22912,0.036616,172.31.40.0-255,66,225158,76,257512
22913,0.038897,172.217.194.0-255,5738,230896,76,257512
22914,0.038914,172.31.40.0-255,66,230962,76,257512
22915,0.041177,172.217.194.0-255,5738,236700,76,257512
22916,0.041193,172.31.40.0-255,66,236766,76,257512
22917,0.043463,172.217.194.0-255,5738,242504,76,257512
22918,0.043472,172.31.40.0-255,66,242570,76,257512
22919,0.044984,172.31.40.0-255,172,242742,76,257512
22920,0.045015,172.31.40.0-255,1110,243852,76,257512
22921,0.045071,172.31.40.0-255,1514,245366,76,257512
22922,0.045073,172.31.40.0-255,340,245706,76,257512
22923,0.045735,172.217.194.0-255,5738,251444,76,257512
22924,0.045743,172.31.40.0-255,66,251510,76,257512
22925,0.046479,104.244.42.0-255,66,251576,76,257512
22926,0.046573,104.244.42.0-255,66,251642,76,257512
22927,0.046615,104.244.42.0-255,66,251708,76,257512
22928,0.048003,172.217.194.0-255,5738,257446,76,257512
22929,0.048013,172.31.40.0-255,66,257512,76,257512
22930,0.0,74.125.68.0-255,153,153,76,303484
22931,2.2e-05,172.31.40.0-255,66,219,76,303484
22932,4.3e-05,74.125.68.0-255,1484,1703,76,303484
22933,4.8e-05,172.31.40.0-255,66,1769,76,303484
22934,5.4e-05,74.125.68.0-255,2902,4671,76,303484
22935,5.8e-05,172.31.40.0-255,66,4737,76,303484
22936,8.9e-05,74.125.68.0-255,5738,10475,76,303484
22937,9.2e-05,172.31.40.0-255,66,10541,76,303484
22938,9.7e-05,74.125.68.0-255,3547,14088,76,303484
22939,9.9e-05,172.31.40.0-255,66,14154,76,303484
22940,0.000115,74.125.68.0-255,2902,17056,76,303484
22941,0.000117,172.31.40.0-255,66,17122,76,303484
22942,0.000143,74.125.68.0-255,1484,18606,76,303484
22943,0.000146,172.31.40.0-255,66,18672,76,303484
22944,0.000151,74.125.68.0-255,4320,22992,76,303484
22945,0.000154,172.31.40.0-255,66,23058,76,303484
22946,0.000159,74.125.68.0-255,4320,27378,76,303484
22947,0.000162,172.31.40.0-255,66,27444,76,303484
22948,0.000189,74.125.68.0-255,1484,28928,76,303484
22949,0.000203,74.125.68.0-255,4320,33248,76,303484
22950,0.000208,172.31.40.0-255,66,33314,76,303484
22951,0.000211,172.31.40.0-255,66,33380,76,303484
22952,0.000219,172.31.40.0-255,66,33446,76,303484
22953,0.000236,74.125.68.0-255,3602,37048,76,303484
22954,0.000239,172.31.40.0-255,66,37114,76,303484
22955,0.000261,74.125.68.0-255,1484,38598,76,303484
22956,0.000264,172.31.40.0-255,66,38664,76,303484
22957,0.000278,74.125.68.0-255,2902,41566,76,303484
22958,0.00028,172.31.40.0-255,66,41632,76,303484
22959,0.000294,74.125.68.0-255,4320,45952,76,303484
22960,0.000297,172.31.40.0-255,66,46018,76,303484
22961,0.000318,74.125.68.0-255,1484,47502,76,303484
22962,0.000325,74.125.68.0-255,4320,51822,76,303484
22963,0.000327,172.31.40.0-255,66,51888,76,303484
22964,0.000343,74.125.68.0-255,2816,54704,76,303484
22965,0.000345,172.31.40.0-255,66,54770,76,303484
22966,0.000349,74.125.68.0-255,132,54902,76,303484
22967,0.00049,74.125.68.0-255,1484,56386,76,303484
22968,0.000496,172.31.40.0-255,66,56452,76,303484
22969,0.000501,74.125.68.0-255,2902,59354,76,303484
22970,0.000503,172.31.40.0-255,66,59420,76,303484
22971,0.000517,74.125.68.0-255,4320,63740,76,303484
22972,0.00052,172.31.40.0-255,66,63806,76,303484
22973,0.000535,74.125.68.0-255,1484,65290,76,303484
22974,0.000569,172.31.40.0-255,66,65356,76,303484
22975,0.000596,74.125.68.0-255,1484,66840,76,303484
22976,0.000609,172.31.40.0-255,66,66906,76,303484
22977,0.000614,74.125.68.0-255,2184,69090,76,303484
22978,0.000616,172.31.40.0-255,66,69156,76,303484
22979,0.001083,74.125.68.0-255,1484,70640,76,303484
22980,0.001108,74.125.68.0-255,2902,73542,76,303484
22981,0.001111,172.31.40.0-255,66,73608,76,303484
22982,0.001118,74.125.68.0-255,5738,79346,76,303484
22983,0.00112,172.31.40.0-255,66,79412,76,303484
22984,0.001142,74.125.68.0-255,4320,83732,76,303484
22985,0.001145,172.31.40.0-255,66,83798,76,303484
22986,0.001168,172.31.40.0-255,66,83864,76,303484
22987,0.001201,74.125.68.0-255,4320,88184,76,303484
22988,0.001204,172.31.40.0-255,66,88250,76,303484
22989,0.001228,74.125.68.0-255,6438,94688,76,303484
22990,0.001231,172.31.40.0-255,66,94754,76,303484
22991,0.001428,74.125.68.0-255,1484,96238,76,303484
22992,0.001435,74.125.68.0-255,2902,99140,76,303484
22993,0.001438,172.31.40.0-255,66,99206,76,303484
22994,0.001458,74.125.68.0-255,2902,102108,76,303484
22995,0.00146,172.31.40.0-255,66,102174,76,303484
22996,0.001464,74.125.68.0-255,1484,103658,76,303484
22997,0.001483,74.125.68.0-255,2902,106560,76,303484
22998,0.001485,172.31.40.0-255,66,106626,76,303484
22999,0.001514,74.125.68.0-255,4320,110946,76,303484
23000,0.001517,172.31.40.0-255,66,111012,76,303484
23001,0.001531,74.125.68.0-255,4320,115332,76,303484
23002,0.001534,172.31.40.0-255,66,115398,76,303484
23003,0.001544,172.31.40.0-255,66,115464,76,303484
23004,0.001569,74.125.68.0-255,1484,116948,76,303484
23005,0.001575,74.125.68.0-255,3602,120550,76,303484
23006,0.001577,172.31.40.0-255,66,120616,76,303484
23007,0.001583,74.125.68.0-255,4320,124936,76,303484
23008,0.001584,172.31.40.0-255,66,125002,76,303484
23009,0.001646,172.31.40.0-255,66,125068,76,303484
23010,0.001653,74.125.68.0-255,5738,130806,76,303484
23011,0.001655,172.31.40.0-255,66,130872,76,303484
23012,0.001673,74.125.68.0-255,2902,133774,76,303484
23013,0.001676,172.31.40.0-255,66,133840,76,303484
23014,0.001683,74.125.68.0-255,5738,139578,76,303484
23015,0.001685,172.31.40.0-255,66,139644,76,303484
23016,0.001706,74.125.68.0-255,4320,143964,76,303484
23017,0.001708,172.31.40.0-255,66,144030,76,303484
23018,0.001711,74.125.68.0-255,766,144796,76,303484
23019,0.001814,74.125.68.0-255,1484,146280,76,303484
23020,0.001818,172.31.40.0-255,66,146346,76,303484
23021,0.001824,74.125.68.0-255,2902,149248,76,303484
23022,0.001826,172.31.40.0-255,66,149314,76,303484
23023,0.001829,74.125.68.0-255,1484,150798,76,303484
23024,0.001858,74.125.68.0-255,4320,155118,76,303484
23025,0.001863,74.125.68.0-255,4320,159438,76,303484
23026,0.001868,74.125.68.0-255,5738,165176,76,303484
23027,0.001872,172.31.40.0-255,66,165242,76,303484
23028,0.00188,172.31.40.0-255,66,165308,76,303484
23029,0.001882,172.31.40.0-255,66,165374,76,303484
23030,0.001926,172.31.40.0-255,66,165440,76,303484
23031,0.001931,74.125.68.0-255,2184,167624,76,303484
23032,0.001933,172.31.40.0-255,66,167690,76,303484
23033,0.002023,74.125.68.0-255,1484,169174,76,303484
23034,0.002036,74.125.68.0-255,2902,172076,76,303484
23035,0.002039,172.31.40.0-255,66,172142,76,303484
23036,0.002065,74.125.68.0-255,4320,176462,76,303484
23037,0.002069,172.31.40.0-255,66,176528,76,303484
23038,0.002086,74.125.68.0-255,1484,178012,76,303484
23039,0.002098,74.125.68.0-255,7156,185168,76,303484
23040,0.002101,172.31.40.0-255,66,185234,76,303484
23041,0.002137,172.31.40.0-255,66,185300,76,303484
23042,0.002171,74.125.68.0-255,2902,188202,76,303484
23043,0.002175,172.31.40.0-255,66,188268,76,303484
23044,0.002204,172.31.40.0-255,66,188334,76,303484
23045,0.002222,74.125.68.0-255,1484,189818,76,303484
23046,0.002251,74.125.68.0-255,4320,194138,76,303484
23047,0.002254,172.31.40.0-255,66,194204,76,303484
23048,0.002261,74.125.68.0-255,7156,201360,76,303484
23049,0.002264,172.31.40.0-255,66,201426,76,303484
23050,0.002276,172.31.40.0-255,66,201492,76,303484
23051,0.002341,74.125.68.0-255,1484,202976,76,303484
23052,0.002359,74.125.68.0-255,2902,205878,76,303484
23053,0.002362,172.31.40.0-255,66,205944,76,303484
23054,0.002367,74.125.68.0-255,4320,210264,76,303484
23055,0.00237,172.31.40.0-255,66,210330,76,303484
23056,0.002418,74.125.68.0-255,4320,214650,76,303484
23057,0.002421,172.31.40.0-255,66,214716,76,303484
23058,0.002445,74.125.68.0-255,4320,219036,76,303484
23059,0.002448,172.31.40.0-255,66,219102,76,303484
23060,0.002459,172.31.40.0-255,66,219168,76,303484
23061,0.002466,74.125.68.0-255,6438,225606,76,303484
23062,0.002469,172.31.40.0-255,66,225672,76,303484
23063,0.002528,74.125.68.0-255,1484,227156,76,303484
23064,0.002544,74.125.68.0-255,2902,230058,76,303484
23065,0.002547,172.31.40.0-255,66,230124,76,303484
23066,0.002551,74.125.68.0-255,1484,231608,76,303484
23067,0.002566,74.125.68.0-255,1484,233092,76,303484
23068,0.002568,172.31.40.0-255,66,233158,76,303484
23069,0.002571,74.125.68.0-255,1484,234642,76,303484
23070,0.005064,74.125.68.0-255,1484,236126,76,303484
23071,0.005072,172.31.40.0-255,66,236192,76,303484
23072,0.005093,74.125.68.0-255,2902,239094,76,303484
23073,0.005096,172.31.40.0-255,66,239160,76,303484
23074,0.007676,74.125.68.0-255,5738,244898,76,303484
23075,0.007697,172.31.40.0-255,66,244964,76,303484
23076,0.010264,74.125.68.0-255,5738,250702,76,303484
23077,0.010284,172.31.40.0-255,66,250768,76,303484
23078,0.012834,74.125.68.0-255,5738,256506,76,303484
23079,0.012849,172.31.40.0-255,66,256572,76,303484
23080,0.015384,74.125.68.0-255,5738,262310,76,303484
23081,0.015391,172.31.40.0-255,66,262376,76,303484
23082,0.017927,74.125.68.0-255,5738,268114,76,303484
23083,0.017934,172.31.40.0-255,66,268180,76,303484
23084,0.020476,74.125.68.0-255,5738,273918,76,303484
23085,0.020485,172.31.40.0-255,66,273984,76,303484
23086,0.02304,74.125.68.0-255,5738,279722,76,303484
23087,0.023051,172.31.40.0-255,66,279788,76,303484
23088,0.025622,74.125.68.0-255,5738,285526,76,303484
23089,0.025636,172.31.40.0-255,66,285592,76,303484
23090,0.028184,74.125.68.0-255,5738,291330,76,303484
23091,0.028201,172.31.40.0-255,66,291396,76,303484
23092,0.030745,74.125.68.0-255,5738,297134,76,303484
23093,0.030753,172.31.40.0-255,66,297200,76,303484
23094,0.03329,74.125.68.0-255,5738,302938,76,303484
23095,0.0333,172.31.40.0-255,66,303004,76,303484
23096,0.035807,74.125.68.0-255,243,303247,76,303484
23097,0.036157,172.31.40.0-255,66,303313,76,303484
23098,0.036196,172.31.40.0-255,105,303418,76,303484
23099,0.0387,74.125.68.0-255,66,303484,76,303484
23100,0.0,74.125.24.0-255,151,151,76,202531
23101,2.3e-05,172.31.40.0-255,66,217,76,202531
23102,3e-05,74.125.24.0-255,1484,1701,76,202531
23103,3.4e-05,172.31.40.0-255,66,1767,76,202531
23104,4.8e-05,74.125.24.0-255,2902,4669,76,202531
23105,5.2e-05,172.31.40.0-255,66,4735,76,202531
23106,5.7e-05,74.125.24.0-255,2902,7637,76,202531
23107,5.9e-05,172.31.40.0-255,66,7703,76,202531
23108,0.000103,172.31.40.0-255,66,7769,76,202531
23109,0.000113,172.31.40.0-255,66,7835,76,202531
23110,0.000143,74.125.24.0-255,6797,14632,76,202531
23111,0.000146,172.31.40.0-255,66,14698,76,202531
23112,0.000151,74.125.24.0-255,2902,17600,76,202531
23113,0.000154,172.31.40.0-255,66,17666,76,202531
23114,0.000183,74.125.24.0-255,4320,21986,76,202531
23115,0.000186,172.31.40.0-255,66,22052,76,202531
23116,0.000191,74.125.24.0-255,4320,26372,76,202531
23117,0.000194,172.31.40.0-255,66,26438,76,202531
23118,0.000228,74.125.24.0-255,5379,31817,76,202531
23119,0.000232,172.31.40.0-255,66,31883,76,202531
23120,0.000244,172.31.40.0-255,66,31949,76,202531
23121,0.000251,74.125.24.0-255,6797,38746,76,202531
23122,0.000253,172.31.40.0-255,66,38812,76,202531
23123,0.000289,74.125.24.0-255,396,39208,76,202531
23124,0.000293,172.31.40.0-255,66,39274,76,202531
23125,0.000482,74.125.24.0-255,112,39386,76,202531
23126,0.000488,172.31.40.0-255,66,39452,76,202531
23127,0.000492,74.125.24.0-255,331,39783,76,202531
23128,0.000495,172.31.40.0-255,66,39849,76,202531
23129,0.000652,74.125.24.0-255,1484,41333,76,202531
23130,0.000674,74.125.24.0-255,2902,44235,76,202531
23131,0.00068,74.125.24.0-255,4320,48555,76,202531
23132,0.000685,172.31.40.0-255,66,48621,76,202531
23133,0.000694,172.31.40.0-255,66,48687,76,202531
23134,0.000697,74.125.24.0-255,1484,50171,76,202531
23135,0.000705,74.125.24.0-255,1484,51655,76,202531
23136,0.000707,172.31.40.0-255,66,51721,76,202531
23137,0.000754,172.31.40.0-255,66,51787,76,202531
23138,0.000816,172.31.40.0-255,66,51853,76,202531
23139,0.00084,74.125.24.0-255,766,52619,76,202531
23140,0.001462,74.125.24.0-255,1484,54103,76,202531
23141,0.001468,172.31.40.0-255,66,54169,76,202531
23142,0.0015,74.125.24.0-255,2902,57071,76,202531
23143,0.001503,172.31.40.0-255,66,57137,76,202531
23144,0.001507,74.125.24.0-255,2902,60039,76,202531
23145,0.001509,172.31.40.0-255,66,60105,76,202531
23146,0.001529,74.125.24.0-255,2902,63007,76,202531
23147,0.001531,172.31.40.0-255,66,63073,76,202531
23148,0.001535,74.125.24.0-255,2902,65975,76,202531
23149,0.001537,172.31.40.0-255,66,66041,76,202531
23150,0.001542,74.125.24.0-255,4320,70361,76,202531
23151,0.001544,172.31.40.0-255,66,70427,76,202531
23152,0.001547,74.125.24.0-255,1484,71911,76,202531
23153,0.001587,74.125.24.0-255,7156,79067,76,202531
23154,0.00159,172.31.40.0-255,66,79133,76,202531
23155,0.001594,74.125.24.0-255,1484,80617,76,202531
23156,0.001598,74.125.24.0-255,2902,83519,76,202531
23157,0.0016,172.31.40.0-255,66,83585,76,202531
23158,0.00166,74.125.24.0-255,3602,87187,76,202531
23159,0.001663,172.31.40.0-255,66,87253,76,202531
23160,0.002551,74.125.24.0-255,1484,88737,76,202531
23161,0.002563,74.125.24.0-255,2902,91639,76,202531
23162,0.002569,172.31.40.0-255,66,91705,76,202531
23163,0.002574,74.125.24.0-255,1484,93189,76,202531
23164,0.002605,74.125.24.0-255,4320,97509,76,202531
23165,0.002608,172.31.40.0-255,66,97575,76,202531
23166,0.002613,74.125.24.0-255,4320,101895,76,202531
23167,0.002615,172.31.40.0-255,66,101961,76,202531
23168,0.002628,172.31.40.0-255,66,102027,76,202531
23169,0.002671,172.31.40.0-255,66,102093,76,202531
23170,0.005313,74.125.24.0-255,4320,106413,76,202531
23171,0.005319,172.31.40.0-255,66,106479,76,202531
23172,0.005347,74.125.24.0-255,1484,107963,76,202531
23173,0.007936,74.125.24.0-255,4320,112283,76,202531
23174,0.007945,172.31.40.0-255,66,112349,76,202531
23175,0.010583,74.125.24.0-255,5738,118087,76,202531
23176,0.010596,172.31.40.0-255,66,118153,76,202531
23177,0.013245,74.125.24.0-255,5738,123891,76,202531
23178,0.01326,172.31.40.0-255,66,123957,76,202531
23179,0.015931,74.125.24.0-255,5738,129695,76,202531
23180,0.015948,172.31.40.0-255,66,129761,76,202531
23181,0.018598,74.125.24.0-255,5738,135499,76,202531
23182,0.01861,172.31.40.0-255,66,135565,76,202531
23183,0.021259,74.125.24.0-255,5738,141303,76,202531
23184,0.02127,172.31.40.0-255,66,141369,76,202531
23185,0.023943,74.125.24.0-255,5738,147107,76,202531
23186,0.023957,172.31.40.0-255,66,147173,76,202531
23187,0.026621,74.125.24.0-255,5738,152911,76,202531
23188,0.026635,172.31.40.0-255,66,152977,76,202531
23189,0.029269,74.125.24.0-255,5738,158715,76,202531
23190,0.029284,172.31.40.0-255,66,158781,76,202531
23191,0.030934,172.31.40.0-255,172,158953,76,202531
23192,0.030968,172.31.40.0-255,1110,160063,76,202531
23193,0.031028,172.31.40.0-255,1514,161577,76,202531
23194,0.03103,172.31.40.0-255,1306,162883,76,202531
23195,0.03192,74.125.24.0-255,5738,168621,76,202531
23196,0.031928,172.31.40.0-255,66,168687,76,202531
23197,0.032451,104.244.42.0-255,66,168753,76,202531
23198,0.032547,104.244.42.0-255,66,168819,76,202531
23199,0.03262,104.244.42.0-255,66,168885,76,202531
23200,0.033253,104.244.42.0-255,108,168993,76,202531
23201,0.033265,172.31.40.0-255,66,169059,76,202531
23202,0.034574,74.125.24.0-255,4320,173379,76,202531
23203,0.03458,172.31.40.0-255,66,173445,76,202531
23204,0.03461,74.125.24.0-255,1484,174929,76,202531
23205,0.037204,74.125.24.0-255,4320,179249,76,202531
23206,0.037211,172.31.40.0-255,66,179315,76,202531
23207,0.039865,74.125.24.0-255,5738,185053,76,202531
23208,0.039876,172.31.40.0-255,66,185119,76,202531
23209,0.04252,74.125.24.0-255,5738,190857,76,202531
23210,0.042538,172.31.40.0-255,66,190923,76,202531
23211,0.045213,74.125.24.0-255,5738,196661,76,202531
23212,0.045231,172.31.40.0-255,66,196727,76,202531
23213,0.047898,74.125.24.0-255,5738,202465,76,202531
23214,0.047917,172.31.40.0-255,66,202531,76,202531
23215,0.0,74.125.24.0-255,153,153,76,216067
23216,2e-05,172.31.40.0-255,66,219,76,216067
23217,2.8e-05,74.125.24.0-255,1484,1703,76,216067
23218,3.4e-05,172.31.40.0-255,66,1769,76,216067
23219,3.9e-05,74.125.24.0-255,2902,4671,76,216067
23220,4.2e-05,172.31.40.0-255,66,4737,76,216067
23221,5.9e-05,74.125.24.0-255,7156,11893,76,216067
23222,6.2e-05,172.31.40.0-255,66,11959,76,216067
23223,7.3e-05,172.31.40.0-255,66,12025,76,216067
23224,0.000135,172.31.40.0-255,66,12091,76,216067
23225,0.00053,74.125.24.0-255,1484,13575,76,216067
23226,0.000536,172.31.40.0-255,66,13641,76,216067
23227,0.000542,74.125.24.0-255,2902,16543,76,216067
23228,0.000545,172.31.40.0-255,66,16609,76,216067
23229,0.000558,74.125.24.0-255,5738,22347,76,216067
23230,0.00056,172.31.40.0-255,66,22413,76,216067
23231,0.000574,172.31.40.0-255,66,22479,76,216067
23232,0.000578,74.125.24.0-255,2902,25381,76,216067
23233,0.00058,172.31.40.0-255,66,25447,76,216067
23234,0.000649,172.31.40.0-255,66,25513,76,216067
23235,0.000656,74.125.24.0-255,394,25907,76,216067
23236,0.000658,172.31.40.0-255,66,25973,76,216067
23237,0.00126,74.125.24.0-255,116,26089,76,216067
23238,0.001267,172.31.40.0-255,66,26155,76,216067
23239,0.001438,74.125.24.0-255,1484,27639,76,216067
23240,0.001445,172.31.40.0-255,66,27705,76,216067
23241,0.001452,74.125.24.0-255,2902,30607,76,216067
23242,0.001454,172.31.40.0-255,66,30673,76,216067
23243,0.001466,74.125.24.0-255,5738,36411,76,216067
23244,0.001468,172.31.40.0-255,66,36477,76,216067
23245,0.001508,172.31.40.0-255,66,36543,76,216067
23246,0.001516,74.125.24.0-255,7156,43699,76,216067
23247,0.001518,172.31.40.0-255,66,43765,76,216067
23248,0.001588,74.125.24.0-255,3602,47367,76,216067
23249,0.001592,172.31.40.0-255,66,47433,76,216067
23250,0.001836,74.125.24.0-255,1484,48917,76,216067
23251,0.001844,74.125.24.0-255,2902,51819,76,216067
23252,0.001848,172.31.40.0-255,66,51885,76,216067
23253,0.001877,74.125.24.0-255,5738,57623,76,216067
23254,0.001879,172.31.40.0-255,66,57689,76,216067
23255,0.001886,74.125.24.0-255,4320,62009,76,216067
23256,0.001888,172.31.40.0-255,66,62075,76,216067
23257,0.001918,172.31.40.0-255,66,62141,76,216067
23258,0.001931,172.31.40.0-255,66,62207,76,216067
23259,0.002079,74.125.24.0-255,1484,63691,76,216067
23260,0.002083,74.125.24.0-255,1484,65175,76,216067
23261,0.002086,172.31.40.0-255,66,65241,76,216067
23262,0.002109,74.125.24.0-255,1484,66725,76,216067
23263,0.002112,74.125.24.0-255,1484,68209,76,216067
23264,0.002115,172.31.40.0-255,66,68275,76,216067
23265,0.002119,74.125.24.0-255,2902,71177,76,216067
23266,0.002122,172.31.40.0-255,66,71243,76,216067
23267,0.002127,74.125.24.0-255,5738,76981,76,216067
23268,0.00213,172.31.40.0-255,66,77047,76,216067
23269,0.002177,172.31.40.0-255,66,77113,76,216067
23270,0.002185,74.125.24.0-255,6438,83551,76,216067
23271,0.002187,172.31.40.0-255,66,83617,76,216067
23272,0.002192,74.125.24.0-255,4320,87937,76,216067
23273,0.002194,172.31.40.0-255,66,88003,76,216067
23274,0.00225,172.31.40.0-255,66,88069,76,216067
23275,0.002268,172.31.40.0-255,66,88135,76,216067
23276,0.002294,74.125.24.0-255,1484,89619,76,216067
23277,0.002299,74.125.24.0-255,2902,92521,76,216067
23278,0.002301,172.31.40.0-255,66,92587,76,216067
23279,0.002305,74.125.24.0-255,2902,95489,76,216067
23280,0.002308,172.31.40.0-255,66,95555,76,216067
23281,0.004555,74.125.24.0-255,5738,101293,76,216067
23282,0.00456,172.31.40.0-255,66,101359,76,216067
23283,0.006838,74.125.24.0-255,5738,107097,76,216067
23284,0.006844,172.31.40.0-255,66,107163,76,216067
23285,0.009193,74.125.24.0-255,5738,112901,76,216067
23286,0.0092,172.31.40.0-255,66,112967,76,216067
23287,0.011506,74.125.24.0-255,5738,118705,76,216067
23288,0.011514,172.31.40.0-255,66,118771,76,216067
23289,0.013827,74.125.24.0-255,5738,124509,76,216067
23290,0.013836,172.31.40.0-255,66,124575,76,216067
23291,0.016119,74.125.24.0-255,5738,130313,76,216067
23292,0.016126,172.31.40.0-255,66,130379,76,216067
23293,0.018468,74.125.24.0-255,5738,136117,76,216067
23294,0.018479,172.31.40.0-255,66,136183,76,216067
23295,0.020773,74.125.24.0-255,5738,141921,76,216067
23296,0.02078,172.31.40.0-255,66,141987,76,216067
23297,0.02307,74.125.24.0-255,5738,147725,76,216067
23298,0.023092,172.31.40.0-255,66,147791,76,216067
23299,0.025409,74.125.24.0-255,5738,153529,76,216067
23300,0.025426,172.31.40.0-255,66,153595,76,216067
23301,0.027713,74.125.24.0-255,5738,159333,76,216067
23302,0.027728,172.31.40.0-255,66,159399,76,216067
23303,0.030046,74.125.24.0-255,5738,165137,76,216067
23304,0.030063,172.31.40.0-255,66,165203,76,216067
23305,0.032337,74.125.24.0-255,5738,170941,76,216067
23306,0.032346,172.31.40.0-255,66,171007,76,216067
23307,0.034623,74.125.24.0-255,5738,176745,76,216067
23308,0.034631,172.31.40.0-255,66,176811,76,216067
23309,0.036941,74.125.24.0-255,5738,182549,76,216067
23310,0.03695,172.31.40.0-255,66,182615,76,216067
23311,0.039282,74.125.24.0-255,5738,188353,76,216067
23312,0.039327,172.31.40.0-255,66,188419,76,216067
23313,0.041597,74.125.24.0-255,5738,194157,76,216067
23314,0.041604,172.31.40.0-255,66,194223,76,216067
23315,0.041957,172.31.40.0-255,172,194395,76,216067
23316,0.04199,172.31.40.0-255,1108,195503,76,216067
23317,0.042045,172.31.40.0-255,1514,197017,76,216067
23318,0.042047,172.31.40.0-255,1308,198325,76,216067
23319,0.043569,104.244.42.0-255,66,198391,76,216067
23320,0.043697,104.244.42.0-255,66,198457,76,216067
23321,0.043744,104.244.42.0-255,66,198523,76,216067
23322,0.043862,74.125.24.0-255,2902,201425,76,216067
23323,0.043868,172.31.40.0-255,66,201491,76,216067
23324,0.043895,74.125.24.0-255,2902,204393,76,216067
23325,0.043899,172.31.40.0-255,66,204459,76,216067
23326,0.04621,74.125.24.0-255,5738,210197,76,216067
23327,0.046231,172.31.40.0-255,66,210263,76,216067
23328,0.048534,74.125.24.0-255,5738,216001,76,216067
23329,0.048549,172.31.40.0-255,66,216067,76,216067
23330,0.0,74.125.24.0-255,153,153,76,189799
23331,2.4e-05,172.31.40.0-255,66,219,76,189799
23332,3.1e-05,74.125.24.0-255,1484,1703,76,189799
23333,3.5e-05,172.31.40.0-255,66,1769,76,189799
23334,4.1e-05,74.125.24.0-255,2902,4671,76,189799
23335,5.4e-05,172.31.40.0-255,66,4737,76,189799
23336,6.1e-05,74.125.24.0-255,7156,11893,76,189799
23337,6.4e-05,172.31.40.0-255,66,11959,76,189799
23338,6.8e-05,74.125.24.0-255,2039,13998,76,189799
23339,7.3e-05,172.31.40.0-255,66,14064,76,189799
23340,0.000101,74.125.24.0-255,2902,16966,76,189799
23341,0.000109,172.31.40.0-255,66,17032,76,189799
23342,0.000115,74.125.24.0-255,5738,22770,76,189799
23343,0.000118,172.31.40.0-255,66,22836,76,189799
23344,0.00015,74.125.24.0-255,2902,25738,76,189799
23345,0.000153,172.31.40.0-255,66,25804,76,189799
23346,0.00019,172.31.40.0-255,66,25870,76,189799
23347,0.0002,172.31.40.0-255,66,25936,76,189799
23348,0.000209,74.125.24.0-255,4320,30256,76,189799
23349,0.000211,172.31.40.0-255,66,30322,76,189799
23350,0.000235,74.125.24.0-255,1125,31447,76,189799
23351,0.000238,172.31.40.0-255,66,31513,76,189799
23352,0.000244,74.125.24.0-255,5738,37251,76,189799
23353,0.000251,172.31.40.0-255,66,37317,76,189799
23354,0.000287,172.31.40.0-255,66,37383,76,189799
23355,0.00029,74.125.24.0-255,361,37744,76,189799
23356,0.000292,172.31.40.0-255,66,37810,76,189799
23357,0.000345,74.125.24.0-255,129,37939,76,189799
23358,0.000348,172.31.40.0-255,66,38005,76,189799
23359,0.000375,74.125.24.0-255,352,38357,76,189799
23360,0.000522,74.125.24.0-255,1484,39841,76,189799
23361,0.000527,172.31.40.0-255,66,39907,76,189799
23362,0.000533,74.125.24.0-255,2902,42809,76,189799
23363,0.000536,172.31.40.0-255,66,42875,76,189799
23364,0.000547,74.125.24.0-255,5738,48613,76,189799
23365,0.00055,172.31.40.0-255,66,48679,76,189799
23366,0.000586,74.125.24.0-255,6797,55476,76,189799
23367,0.000589,172.31.40.0-255,66,55542,76,189799
23368,0.000614,74.125.24.0-255,7156,62698,76,189799
23369,0.000617,172.31.40.0-255,66,62764,76,189799
23370,0.00062,74.125.24.0-255,1484,64248,76,189799
23371,0.000668,74.125.24.0-255,4320,68568,76,189799
23372,0.000671,172.31.40.0-255,66,68634,76,189799
23373,0.000698,74.125.24.0-255,3961,72595,76,189799
23374,0.000701,172.31.40.0-255,66,72661,76,189799
23375,0.000894,74.125.24.0-255,1484,74145,76,189799
23376,0.000902,74.125.24.0-255,2902,77047,76,189799
23377,0.000907,172.31.40.0-255,66,77113,76,189799
23378,0.000915,74.125.24.0-255,5738,82851,76,189799
23379,0.000918,172.31.40.0-255,66,82917,76,189799
23380,0.000929,74.125.24.0-255,4320,87237,76,189799
23381,0.000932,172.31.40.0-255,66,87303,76,189799
23382,0.000978,172.31.40.0-255,66,87369,76,189799
23383,0.000989,172.31.40.0-255,66,87435,76,189799
23384,0.001274,74.125.24.0-255,1484,88919,76,189799
23385,0.001282,74.125.24.0-255,2902,91821,76,189799
23386,0.001287,172.31.40.0-255,66,91887,76,189799
23387,0.001294,74.125.24.0-255,5738,97625,76,189799
23388,0.001297,172.31.40.0-255,66,97691,76,189799
23389,0.001316,172.31.40.0-255,66,97757,76,189799
23390,0.001358,74.125.24.0-255,2902,100659,76,189799
23391,0.001361,172.31.40.0-255,66,100725,76,189799
23392,0.001381,172.31.40.0-255,66,100791,76,189799
23393,0.001387,74.125.24.0-255,5738,106529,76,189799
23394,0.00139,172.31.40.0-255,66,106595,76,189799
23395,0.001396,74.125.24.0-255,7156,113751,76,189799
23396,0.001399,172.31.40.0-255,66,113817,76,189799
23397,0.001472,172.31.40.0-255,66,113883,76,189799
23398,0.001479,74.125.24.0-255,6438,120321,76,189799
23399,0.001481,172.31.40.0-255,66,120387,76,189799
23400,0.001513,74.125.24.0-255,1484,121871,76,189799
23401,0.001519,74.125.24.0-255,2902,124773,76,189799
23402,0.001521,172.31.40.0-255,66,124839,76,189799
23403,0.001547,74.125.24.0-255,2902,127741,76,189799
23404,0.00155,172.31.40.0-255,66,127807,76,189799
23405,0.001557,74.125.24.0-255,5738,133545,76,189799
23406,0.001559,172.31.40.0-255,66,133611,76,189799
23407,0.001581,74.125.24.0-255,1484,135095,76,189799
23408,0.001586,74.125.24.0-255,2902,137997,76,189799
23409,0.001593,172.31.40.0-255,66,138063,76,189799
23410,0.001633,172.31.40.0-255,66,138129,76,189799
23411,0.001637,74.125.24.0-255,3602,141731,76,189799
23412,0.00164,172.31.40.0-255,66,141797,76,189799
23413,0.001715,74.125.24.0-255,1484,143281,76,189799
23414,0.001727,74.125.24.0-255,2902,146183,76,189799
23415,0.00173,172.31.40.0-255,66,146249,76,189799
23416,0.001755,74.125.24.0-255,5738,151987,76,189799
23417,0.001758,172.31.40.0-255,66,152053,76,189799
23418,0.001775,172.31.40.0-255,66,152119,76,189799
23419,0.001818,74.125.24.0-255,2902,155021,76,189799
23420,0.001821,172.31.40.0-255,66,155087,76,189799
23421,0.001834,172.31.40.0-255,66,155153,76,189799
23422,0.001883,74.125.24.0-255,1484,156637,76,189799
23423,0.001886,74.125.24.0-255,1484,158121,76,189799
23424,0.001889,172.31.40.0-255,66,158187,76,189799
23425,0.001912,74.125.24.0-255,1484,159671,76,189799
23426,0.001919,74.125.24.0-255,5738,165409,76,189799
23427,0.001922,172.31.40.0-255,66,165475,76,189799
23428,0.001936,172.31.40.0-255,66,165541,76,189799
23429,0.001955,74.125.24.0-255,1484,167025,76,189799
23430,0.001973,172.31.40.0-255,66,167091,76,189799
23431,0.002015,172.31.40.0-255,66,167157,76,189799
23432,0.00205,74.125.24.0-255,6438,173595,76,189799
23433,0.002053,172.31.40.0-255,66,173661,76,189799
23434,0.00206,74.125.24.0-255,7156,180817,76,189799
23435,0.002062,172.31.40.0-255,66,180883,76,189799
23436,0.002085,172.31.40.0-255,66,180949,76,189799
23437,0.002135,172.31.40.0-255,66,181015,76,189799
23438,0.002145,172.31.40.0-255,66,181081,76,189799
23439,0.002162,172.31.40.0-255,66,181147,76,189799
23440,0.002179,172.31.40.0-255,66,181213,76,189799
23441,0.002257,172.31.40.0-255,66,181279,76,189799
23442,0.00226,74.125.24.0-255,105,181384,76,189799
23443,0.012189,172.31.40.0-255,66,181450,76,189799
23444,0.012247,172.31.40.0-255,105,181555,76,189799
23445,0.014526,74.125.24.0-255,66,181621,76,189799
23446,0.044294,172.31.40.0-255,172,181793,76,189799
23447,0.04433,172.31.40.0-255,1105,182898,76,189799
23448,0.044402,172.31.40.0-255,1514,184412,76,189799
23449,0.044404,172.31.40.0-255,1514,185926,76,189799
23450,0.044405,172.31.40.0-255,1514,187440,76,189799
23451,0.044406,172.31.40.0-255,1514,188954,76,189799
23452,0.044407,172.31.40.0-255,581,189535,76,189799
23453,0.045866,104.244.42.0-255,66,189601,76,189799
23454,0.045892,104.244.42.0-255,66,189667,76,189799
23455,0.045949,104.244.42.0-255,66,189733,76,189799
23456,0.045953,104.244.42.0-255,66,189799,76,189799
23457,0.0,74.125.24.0-255,153,153,76,221888
23458,1.4e-05,172.31.40.0-255,66,219,76,221888
23459,5.1e-05,74.125.24.0-255,1484,1703,76,221888
23460,5.5e-05,172.31.40.0-255,66,1769,76,221888
23461,6.2e-05,74.125.24.0-255,2902,4671,76,221888
23462,6.5e-05,172.31.40.0-255,66,4737,76,221888
23463,7.9e-05,74.125.24.0-255,7156,11893,76,221888
23464,8.2e-05,172.31.40.0-255,66,11959,76,221888
23465,8.5e-05,74.125.24.0-255,1929,13888,76,221888
23466,8.9e-05,172.31.40.0-255,66,13954,76,221888
23467,0.000204,74.125.24.0-255,1484,15438,76,221888
23468,0.000208,172.31.40.0-255,66,15504,76,221888
23469,0.000214,74.125.24.0-255,2902,18406,76,221888
23470,0.000217,172.31.40.0-255,66,18472,76,221888
23471,0.000253,74.125.24.0-255,5738,24210,76,221888
23472,0.000255,172.31.40.0-255,66,24276,76,221888
23473,0.000263,74.125.24.0-255,6797,31073,76,221888
23474,0.000265,172.31.40.0-255,66,31139,76,221888
23475,0.000382,74.125.24.0-255,1484,32623,76,221888
23476,0.000386,172.31.40.0-255,66,32689,76,221888
23477,0.000419,74.125.24.0-255,2902,35591,76,221888
23478,0.000421,172.31.40.0-255,66,35657,76,221888
23479,0.000427,74.125.24.0-255,5738,41395,76,221888
23480,0.000429,172.31.40.0-255,66,41461,76,221888
23481,0.000436,74.125.24.0-255,6797,48258,76,221888
23482,0.000443,172.31.40.0-255,66,48324,76,221888
23483,0.000821,74.125.24.0-255,1484,49808,76,221888
23484,0.000826,172.31.40.0-255,66,49874,76,221888
23485,0.000851,74.125.24.0-255,2902,52776,76,221888
23486,0.000854,172.31.40.0-255,66,52842,76,221888
23487,0.000861,74.125.24.0-255,5738,58580,76,221888
23488,0.000863,172.31.40.0-255,66,58646,76,221888
23489,0.000901,172.31.40.0-255,66,58712,76,221888
23490,0.001062,74.125.24.0-255,1484,60196,76,221888
23491,0.001069,74.125.24.0-255,2902,63098,76,221888
23492,0.001072,172.31.40.0-255,66,63164,76,221888
23493,0.001076,74.125.24.0-255,1484,64648,76,221888
23494,0.001098,74.125.24.0-255,1484,66132,76,221888
23495,0.001101,172.31.40.0-255,66,66198,76,221888
23496,0.001109,74.125.24.0-255,7156,73354,76,221888
23497,0.001111,172.31.40.0-255,66,73420,76,221888
23498,0.001143,74.125.24.0-255,2543,75963,76,221888
23499,0.001145,172.31.40.0-255,66,76029,76,221888
23500,0.001595,74.125.24.0-255,1484,77513,76,221888
23501,0.001606,74.125.24.0-255,2902,80415,76,221888
23502,0.001611,172.31.40.0-255,66,80481,76,221888
23503,0.001618,74.125.24.0-255,5738,86219,76,221888
23504,0.00162,172.31.40.0-255,66,86285,76,221888
23505,0.001669,74.125.24.0-255,6797,93082,76,221888
23506,0.001671,172.31.40.0-255,66,93148,76,221888
23507,0.002355,74.125.24.0-255,1484,94632,76,221888
23508,0.002364,74.125.24.0-255,2902,97534,76,221888
23509,0.002369,172.31.40.0-255,66,97600,76,221888
23510,0.0024,74.125.24.0-255,5738,103338,76,221888
23511,0.002403,172.31.40.0-255,66,103404,76,221888
23512,0.00241,74.125.24.0-255,7156,110560,76,221888
23513,0.002412,172.31.40.0-255,66,110626,76,221888
23514,0.00246,172.31.40.0-255,66,110692,76,221888
23515,0.002464,74.125.24.0-255,2184,112876,76,221888
23516,0.002466,172.31.40.0-255,66,112942,76,221888
23517,0.005051,74.125.24.0-255,5738,118680,76,221888
23518,0.005057,172.31.40.0-255,66,118746,76,221888
23519,0.007679,74.125.24.0-255,5738,124484,76,221888
23520,0.007686,172.31.40.0-255,66,124550,76,221888
23521,0.01029,74.125.24.0-255,5738,130288,76,221888
23522,0.010298,172.31.40.0-255,66,130354,76,221888
23523,0.012902,74.125.24.0-255,5738,136092,76,221888
23524,0.01291,172.31.40.0-255,66,136158,76,221888
23525,0.015532,74.125.24.0-255,5738,141896,76,221888
23526,0.015542,172.31.40.0-255,66,141962,76,221888
23527,0.018137,74.125.24.0-255,5738,147700,76,221888
23528,0.01815,172.31.40.0-255,66,147766,76,221888
23529,0.020769,74.125.24.0-255,5738,153504,76,221888
23530,0.020776,172.31.40.0-255,66,153570,76,221888
23531,0.023377,74.125.24.0-255,5738,159308,76,221888
23532,0.023386,172.31.40.0-255,66,159374,76,221888
23533,0.026007,74.125.24.0-255,5738,165112,76,221888
23534,0.026016,172.31.40.0-255,66,165178,76,221888
23535,0.027477,172.31.40.0-255,172,165350,76,221888
23536,0.027502,172.31.40.0-255,1108,166458,76,221888
23537,0.027555,172.31.40.0-255,1514,167972,76,221888
23538,0.027557,172.31.40.0-255,1308,169280,76,221888
23539,0.028626,74.125.24.0-255,5738,175018,76,221888
23540,0.028633,172.31.40.0-255,66,175084,76,221888
23541,0.028999,104.244.42.0-255,66,175150,76,221888
23542,0.029052,104.244.42.0-255,66,175216,76,221888
23543,0.029098,104.244.42.0-255,66,175282,76,221888
23544,0.030682,104.244.42.0-255,108,175390,76,221888
23545,0.030691,172.31.40.0-255,66,175456,76,221888
23546,0.031241,74.125.24.0-255,5738,181194,76,221888
23547,0.031246,172.31.40.0-255,66,181260,76,221888
23548,0.033859,74.125.24.0-255,5738,186998,76,221888
23549,0.033866,172.31.40.0-255,66,187064,76,221888
23550,0.036507,74.125.24.0-255,5738,192802,76,221888
23551,0.036512,172.31.40.0-255,66,192868,76,221888
23552,0.039109,74.125.24.0-255,5738,198606,76,221888
23553,0.039115,172.31.40.0-255,66,198672,76,221888
23554,0.041729,74.125.24.0-255,5738,204410,76,221888
23555,0.041737,172.31.40.0-255,66,204476,76,221888
23556,0.044343,74.125.24.0-255,5738,210214,76,221888
23557,0.044349,172.31.40.0-255,66,210280,76,221888
23558,0.046997,74.125.24.0-255,5738,216018,76,221888
23559,0.047003,172.31.40.0-255,66,216084,76,221888
23560,0.049625,74.125.24.0-255,5738,221822,76,221888
23561,0.049636,172.31.40.0-255,66,221888,76,221888
23562,0.0,74.125.68.0-255,152,152,76,227650
23563,2e-05,172.31.40.0-255,66,218,76,227650
23564,2.7e-05,74.125.68.0-255,1484,1702,76,227650
23565,3.1e-05,172.31.40.0-255,66,1768,76,227650
23566,3.7e-05,74.125.68.0-255,2902,4670,76,227650
23567,4e-05,172.31.40.0-255,66,4736,76,227650
23568,6.1e-05,74.125.68.0-255,1484,6220,76,227650
23569,6.3e-05,172.31.40.0-255,66,6286,76,227650
23570,6.8e-05,74.125.68.0-255,2902,9188,76,227650
23571,7.1e-05,172.31.40.0-255,66,9254,76,227650
23572,0.000104,74.125.68.0-255,6354,15608,76,227650
23573,0.000106,172.31.40.0-255,66,15674,76,227650
23574,0.000111,74.125.68.0-255,2902,18576,76,227650
23575,0.000113,172.31.40.0-255,66,18642,76,227650
23576,0.000162,172.31.40.0-255,66,18708,76,227650
23577,0.000182,74.125.68.0-255,1484,20192,76,227650
23578,0.000184,172.31.40.0-255,66,20258,76,227650
23579,0.000187,74.125.68.0-255,1125,21383,76,227650
23580,0.000189,172.31.40.0-255,66,21449,76,227650
23581,0.000268,74.125.68.0-255,1484,22933,76,227650
23582,0.000273,172.31.40.0-255,66,22999,76,227650
23583,0.000278,74.125.68.0-255,2902,25901,76,227650
23584,0.00028,172.31.40.0-255,66,25967,76,227650
23585,0.000314,74.125.68.0-255,2902,28869,76,227650
23586,0.000316,172.31.40.0-255,66,28935,76,227650
23587,0.000338,74.125.68.0-255,2902,31837,76,227650
23588,0.00034,172.31.40.0-255,66,31903,76,227650
23589,0.000344,74.125.68.0-255,2902,34805,76,227650
23590,0.000346,172.31.40.0-255,66,34871,76,227650
23591,0.000351,74.125.68.0-255,3961,38832,76,227650
23592,0.000353,172.31.40.0-255,66,38898,76,227650
23593,0.000393,172.31.40.0-255,66,38964,76,227650
23594,0.000397,74.125.68.0-255,2902,41866,76,227650
23595,0.000399,172.31.40.0-255,66,41932,76,227650
23596,0.000417,74.125.68.0-255,5379,47311,76,227650
23597,0.00042,172.31.40.0-255,66,47377,76,227650
23598,0.001375,74.125.68.0-255,645,48022,76,227650
23599,0.001592,74.125.68.0-255,1484,49506,76,227650
23600,0.001598,172.31.40.0-255,66,49572,76,227650
23601,0.001606,74.125.68.0-255,2902,52474,76,227650
23602,0.001608,172.31.40.0-255,66,52540,76,227650
23603,0.001612,74.125.68.0-255,2902,55442,76,227650
23604,0.001614,172.31.40.0-255,66,55508,76,227650
23605,0.001634,74.125.68.0-255,2902,58410,76,227650
23606,0.001636,172.31.40.0-255,66,58476,76,227650
23607,0.001642,74.125.68.0-255,4320,62796,76,227650
23608,0.001644,172.31.40.0-255,66,62862,76,227650
23609,0.001659,74.125.68.0-255,1995,64857,76,227650
23610,0.001661,172.31.40.0-255,66,64923,76,227650
23611,0.001809,74.125.68.0-255,1484,66407,76,227650
23612,0.001816,74.125.68.0-255,2902,69309,76,227650
23613,0.001819,172.31.40.0-255,66,69375,76,227650
23614,0.001843,74.125.68.0-255,4320,73695,76,227650
23615,0.001846,172.31.40.0-255,66,73761,76,227650
23616,0.001871,74.125.68.0-255,5738,79499,76,227650
23617,0.001873,172.31.40.0-255,66,79565,76,227650
23618,0.001892,74.125.68.0-255,2543,82108,76,227650
23619,0.001894,172.31.40.0-255,66,82174,76,227650
23620,0.002209,74.125.68.0-255,1484,83658,76,227650
23621,0.002245,74.125.68.0-255,2902,86560,76,227650
23622,0.002248,172.31.40.0-255,66,86626,76,227650
23623,0.002252,74.125.68.0-255,1484,88110,76,227650
23624,0.002267,74.125.68.0-255,2902,91012,76,227650
23625,0.002269,172.31.40.0-255,66,91078,76,227650
23626,0.002297,74.125.68.0-255,2902,93980,76,227650
23627,0.002299,172.31.40.0-255,66,94046,76,227650
23628,0.002314,74.125.68.0-255,5738,99784,76,227650
23629,0.002316,172.31.40.0-255,66,99850,76,227650
23630,0.002356,74.125.68.0-255,2902,102752,76,227650
23631,0.002358,172.31.40.0-255,66,102818,76,227650
23632,0.002378,74.125.68.0-255,4320,107138,76,227650
23633,0.00238,172.31.40.0-255,66,107204,76,227650
23634,0.004666,74.125.68.0-255,1484,108688,76,227650
23635,0.00469,74.125.68.0-255,4320,113008,76,227650
23636,0.004693,172.31.40.0-255,66,113074,76,227650
23637,0.007011,74.125.68.0-255,5738,118812,76,227650
23638,0.007017,172.31.40.0-255,66,118878,76,227650
23639,0.009338,74.125.68.0-255,5738,124616,76,227650
23640,0.009345,172.31.40.0-255,66,124682,76,227650
23641,0.011662,74.125.68.0-255,5738,130420,76,227650
23642,0.011672,172.31.40.0-255,66,130486,76,227650
23643,0.014002,74.125.68.0-255,5738,136224,76,227650
23644,0.014011,172.31.40.0-255,66,136290,76,227650
23645,0.016344,74.125.68.0-255,5738,142028,76,227650
23646,0.016354,172.31.40.0-255,66,142094,76,227650
23647,0.018682,74.125.68.0-255,5738,147832,76,227650
23648,0.018691,172.31.40.0-255,66,147898,76,227650
23649,0.021039,74.125.68.0-255,5738,153636,76,227650
23650,0.021048,172.31.40.0-255,66,153702,76,227650
23651,0.023382,74.125.68.0-255,5738,159440,76,227650
23652,0.023391,172.31.40.0-255,66,159506,76,227650
23653,0.025713,74.125.68.0-255,5738,165244,76,227650
23654,0.025721,172.31.40.0-255,66,165310,76,227650
23655,0.028047,74.125.68.0-255,5738,171048,76,227650
23656,0.028054,172.31.40.0-255,66,171114,76,227650
23657,0.028765,172.31.40.0-255,172,171286,76,227650
23658,0.028796,172.31.40.0-255,1110,172396,76,227650
23659,0.028857,172.31.40.0-255,1514,173910,76,227650
23660,0.028858,172.31.40.0-255,1306,175216,76,227650
23661,0.030326,104.244.42.0-255,66,175282,76,227650
23662,0.030362,104.244.42.0-255,66,175348,76,227650
23663,0.030395,74.125.68.0-255,5738,181086,76,227650
23664,0.0304,172.31.40.0-255,66,181152,76,227650
23665,0.030425,104.244.42.0-255,66,181218,76,227650
23666,0.032786,74.125.68.0-255,5738,186956,76,227650
23667,0.032791,172.31.40.0-255,66,187022,76,227650
23668,0.03512,74.125.68.0-255,5738,192760,76,227650
23669,0.035127,172.31.40.0-255,66,192826,76,227650
23670,0.037453,74.125.68.0-255,5738,198564,76,227650
23671,0.03746,172.31.40.0-255,66,198630,76,227650
23672,0.039792,74.125.68.0-255,5738,204368,76,227650
23673,0.039798,172.31.40.0-255,66,204434,76,227650
23674,0.042126,74.125.68.0-255,5738,210172,76,227650
23675,0.042135,172.31.40.0-255,66,210238,76,227650
23676,0.044464,74.125.68.0-255,5738,215976,76,227650
23677,0.04447,172.31.40.0-255,66,216042,76,227650
23678,0.046813,74.125.68.0-255,5738,221780,76,227650
23679,0.04682,172.31.40.0-255,66,221846,76,227650
23680,0.049153,74.125.68.0-255,5738,227584,76,227650
23681,0.04916,172.31.40.0-255,66,227650,76,227650
23682,0.0,74.125.130.0-255,152,152,76,239821
23683,2.2e-05,172.31.40.0-255,66,218,76,239821
23684,2.9e-05,74.125.130.0-255,1484,1702,76,239821
23685,3.3e-05,172.31.40.0-255,66,1768,76,239821
23686,3.9e-05,74.125.130.0-255,2902,4670,76,239821
23687,4.3e-05,172.31.40.0-255,66,4736,76,239821
23688,5.8e-05,74.125.130.0-255,7156,11892,76,239821
23689,6.2e-05,172.31.40.0-255,66,11958,76,239821
23690,6.5e-05,74.125.130.0-255,1484,13442,76,239821
23691,6.7e-05,172.31.40.0-255,66,13508,76,239821
23692,9.7e-05,74.125.130.0-255,6284,19792,76,239821
23693,0.0001,172.31.40.0-255,66,19858,76,239821
23694,0.000108,74.125.130.0-255,7156,27014,76,239821
23695,0.00011,172.31.40.0-255,66,27080,76,239821
23696,0.000151,74.125.130.0-255,3961,31041,76,239821
23697,0.000153,172.31.40.0-255,66,31107,76,239821
23698,0.000334,74.125.130.0-255,1484,32591,76,239821
23699,0.000339,172.31.40.0-255,66,32657,76,239821
23700,0.000344,74.125.130.0-255,1484,34141,76,239821
23701,0.000346,172.31.40.0-255,66,34207,76,239821
23702,0.000381,74.125.130.0-255,2902,37109,76,239821
23703,0.000384,172.31.40.0-255,66,37175,76,239821
23704,0.000413,74.125.130.0-255,4320,41495,76,239821
23705,0.000416,172.31.40.0-255,66,41561,76,239821
23706,0.000449,74.125.130.0-255,5738,47299,76,239821
23707,0.000452,172.31.40.0-255,66,47365,76,239821
23708,0.000455,74.125.130.0-255,1125,48490,76,239821
23709,0.000457,172.31.40.0-255,66,48556,76,239821
23710,0.000459,74.125.130.0-255,1484,50040,76,239821
23711,0.000461,172.31.40.0-255,66,50106,76,239821
23712,0.000483,74.125.130.0-255,4320,54426,76,239821
23713,0.000485,172.31.40.0-255,66,54492,76,239821
23714,0.000522,74.125.130.0-255,7156,61648,76,239821
23715,0.000524,172.31.40.0-255,66,61714,76,239821
23716,0.000552,74.125.130.0-255,4213,65927,76,239821
23717,0.000554,172.31.40.0-255,66,65993,76,239821
23718,0.000591,74.125.130.0-255,118,66111,76,239821
23719,0.000722,74.125.130.0-255,1484,67595,76,239821
23720,0.000726,172.31.40.0-255,66,67661,76,239821
23721,0.000729,74.125.130.0-255,1484,69145,76,239821
23722,0.000751,74.125.130.0-255,1484,70629,76,239821
23723,0.000753,172.31.40.0-255,66,70695,76,239821
23724,0.000776,74.125.130.0-255,2902,73597,76,239821
23725,0.000781,172.31.40.0-255,66,73663,76,239821
23726,0.000788,74.125.130.0-255,1484,75147,76,239821
23727,0.000806,74.125.130.0-255,1484,76631,76,239821
23728,0.000808,172.31.40.0-255,66,76697,76,239821
23729,0.000827,74.125.130.0-255,4320,81017,76,239821
23730,0.000829,172.31.40.0-255,66,81083,76,239821
23731,0.000835,74.125.130.0-255,5738,86821,76,239821
23732,0.000837,172.31.40.0-255,66,86887,76,239821
23733,0.000857,74.125.130.0-255,5738,92625,76,239821
23734,0.000859,172.31.40.0-255,66,92691,76,239821
23735,0.000865,74.125.130.0-255,1484,94175,76,239821
23736,0.000894,74.125.130.0-255,6438,100613,76,239821
23737,0.000897,172.31.40.0-255,66,100679,76,239821
23738,0.002954,74.125.130.0-255,5738,106417,76,239821
23739,0.002961,172.31.40.0-255,66,106483,76,239821
23740,0.005015,74.125.130.0-255,5738,112221,76,239821
23741,0.005019,172.31.40.0-255,66,112287,76,239821
23742,0.00707,74.125.130.0-255,5738,118025,76,239821
23743,0.007076,172.31.40.0-255,66,118091,76,239821
23744,0.009138,74.125.130.0-255,5738,123829,76,239821
23745,0.009146,172.31.40.0-255,66,123895,76,239821
23746,0.011215,74.125.130.0-255,5738,129633,76,239821
23747,0.011222,172.31.40.0-255,66,129699,76,239821
23748,0.013294,74.125.130.0-255,5738,135437,76,239821
23749,0.013302,172.31.40.0-255,66,135503,76,239821
23750,0.015375,74.125.130.0-255,5738,141241,76,239821
23751,0.015383,172.31.40.0-255,66,141307,76,239821
23752,0.017442,74.125.130.0-255,5738,147045,76,239821
23753,0.017466,172.31.40.0-255,66,147111,76,239821
23754,0.019534,74.125.130.0-255,5738,152849,76,239821
23755,0.019542,172.31.40.0-255,66,152915,76,239821
23756,0.021634,74.125.130.0-255,4320,157235,76,239821
23757,0.02164,172.31.40.0-255,66,157301,76,239821
23758,0.02167,74.125.130.0-255,1484,158785,76,239821
23759,0.023698,74.125.130.0-255,4320,163105,76,239821
23760,0.023706,172.31.40.0-255,66,163171,76,239821
23761,0.025607,172.31.40.0-255,172,163343,76,239821
23762,0.025637,172.31.40.0-255,1109,164452,76,239821
23763,0.025702,172.31.40.0-255,1514,165966,76,239821
23764,0.025704,172.31.40.0-255,1514,167480,76,239821
23765,0.025706,172.31.40.0-255,1514,168994,76,239821
23766,0.025707,172.31.40.0-255,1514,170508,76,239821
23767,0.025735,172.31.40.0-255,183,170691,76,239821
23768,0.025746,74.125.130.0-255,2902,173593,76,239821
23769,0.02575,172.31.40.0-255,66,173659,76,239821
23770,0.025779,74.125.130.0-255,2902,176561,76,239821
23771,0.025782,172.31.40.0-255,66,176627,76,239821
23772,0.027179,104.244.42.0-255,66,176693,76,239821
23773,0.027187,104.244.42.0-255,66,176759,76,239821
23774,0.027307,104.244.42.0-255,66,176825,76,239821
23775,0.027325,104.244.42.0-255,66,176891,76,239821
23776,0.027817,74.125.130.0-255,2902,179793,76,239821
23777,0.027822,172.31.40.0-255,66,179859,76,239821
23778,0.027848,74.125.130.0-255,2902,182761,76,239821
23779,0.02785,172.31.40.0-255,66,182827,76,239821
23780,0.027855,104.244.42.0-255,108,182935,76,239821
23781,0.027858,172.31.40.0-255,66,183001,76,239821
23782,0.029877,74.125.130.0-255,2902,185903,76,239821
23783,0.029884,172.31.40.0-255,66,185969,76,239821
23784,0.029911,74.125.130.0-255,2902,188871,76,239821
23785,0.029914,172.31.40.0-255,66,188937,76,239821
23786,0.031964,74.125.130.0-255,5738,194675,76,239821
23787,0.031973,172.31.40.0-255,66,194741,76,239821
23788,0.034033,74.125.130.0-255,5738,200479,76,239821
23789,0.034041,172.31.40.0-255,66,200545,76,239821
23790,0.036123,74.125.130.0-255,5738,206283,76,239821
23791,0.03613,172.31.40.0-255,66,206349,76,239821
23792,0.038199,74.125.130.0-255,5738,212087,76,239821
23793,0.038204,172.31.40.0-255,66,212153,76,239821
23794,0.040273,74.125.130.0-255,4320,216473,76,239821
23795,0.040279,172.31.40.0-255,66,216539,76,239821
23796,0.040305,74.125.130.0-255,1484,218023,76,239821
23797,0.04235,74.125.130.0-255,4320,222343,76,239821
23798,0.042356,172.31.40.0-255,66,222409,76,239821
23799,0.044428,74.125.130.0-255,5738,228147,76,239821
23800,0.044435,172.31.40.0-255,66,228213,76,239821
23801,0.046484,74.125.130.0-255,5738,233951,76,239821
23802,0.046491,172.31.40.0-255,66,234017,76,239821
23803,0.048552,74.125.130.0-255,5738,239755,76,239821
23804,0.048557,172.31.40.0-255,66,239821,76,239821
23805,0.0,172.217.194.0-255,152,152,76,181900
23806,2.2e-05,172.31.40.0-255,66,218,76,181900
23807,2.9e-05,172.217.194.0-255,1484,1702,76,181900
23808,3.3e-05,172.31.40.0-255,66,1768,76,181900
23809,3.8e-05,172.217.194.0-255,2902,4670,76,181900
23810,4e-05,172.31.40.0-255,66,4736,76,181900
23811,4.6e-05,172.217.194.0-255,4320,9056,76,181900
23812,4.8e-05,172.31.40.0-255,66,9122,76,181900
23813,5.2e-05,172.217.194.0-255,2902,12024,76,181900
23814,5.4e-05,172.31.40.0-255,66,12090,76,181900
23815,8.8e-05,172.217.194.0-255,6285,18375,76,181900
23816,9.1e-05,172.31.40.0-255,66,18441,76,181900
23817,0.000101,172.31.40.0-255,66,18507,76,181900
23818,0.000124,172.217.194.0-255,2543,21050,76,181900
23819,0.000126,172.31.40.0-255,66,21116,76,181900
23820,0.000152,172.217.194.0-255,2902,24018,76,181900
23821,0.000155,172.31.40.0-255,66,24084,76,181900
23822,0.000183,172.217.194.0-255,7156,31240,76,181900
23823,0.000185,172.31.40.0-255,66,31306,76,181900
23824,0.000192,172.217.194.0-255,6797,38103,76,181900
23825,0.000194,172.31.40.0-255,66,38169,76,181900
23826,0.000254,172.31.40.0-255,66,38235,76,181900
23827,0.000256,172.217.194.0-255,1412,39647,76,181900
23828,0.000258,172.31.40.0-255,66,39713,76,181900
23829,0.000261,172.217.194.0-255,99,39812,76,181900
23830,0.000263,172.31.40.0-255,66,39878,76,181900
23831,0.000287,172.217.194.0-255,366,40244,76,181900
23832,0.000289,172.31.40.0-255,66,40310,76,181900
23833,0.000411,172.217.194.0-255,1484,41794,76,181900
23834,0.000414,172.31.40.0-255,66,41860,76,181900
23835,0.000419,172.217.194.0-255,2902,44762,76,181900
23836,0.000422,172.31.40.0-255,66,44828,76,181900
23837,0.000441,172.217.194.0-255,5738,50566,76,181900
23838,0.000444,172.31.40.0-255,66,50632,76,181900
23839,0.000446,172.217.194.0-255,1484,52116,76,181900
23840,0.000479,172.31.40.0-255,66,52182,76,181900
23841,0.000483,172.217.194.0-255,2902,55084,76,181900
23842,0.000484,172.31.40.0-255,66,55150,76,181900
23843,0.000515,172.31.40.0-255,66,55216,76,181900
23844,0.000573,172.217.194.0-255,1484,56700,76,181900
23845,0.000578,172.217.194.0-255,2902,59602,76,181900
23846,0.000581,172.31.40.0-255,66,59668,76,181900
23847,0.000584,172.217.194.0-255,1484,61152,76,181900
23848,0.000602,172.217.194.0-255,4320,65472,76,181900
23849,0.000604,172.31.40.0-255,66,65538,76,181900
23850,0.000617,172.217.194.0-255,1484,67022,76,181900
23851,0.000643,172.31.40.0-255,66,67088,76,181900
23852,0.000655,172.31.40.0-255,66,67154,76,181900
23853,0.000695,172.217.194.0-255,4320,71474,76,181900
23854,0.000697,172.31.40.0-255,66,71540,76,181900
23855,0.000724,172.31.40.0-255,66,71606,76,181900
23856,0.000736,172.31.40.0-255,66,71672,76,181900
23857,0.000771,172.31.40.0-255,66,71738,76,181900
23858,0.000831,172.217.194.0-255,1484,73222,76,181900
23859,0.000849,172.217.194.0-255,2902,76124,76,181900
23860,0.000851,172.31.40.0-255,66,76190,76,181900
23861,0.000858,172.217.194.0-255,5738,81928,76,181900
23862,0.00086,172.31.40.0-255,66,81994,76,181900
23863,0.000882,172.217.194.0-255,2902,84896,76,181900
23864,0.000885,172.31.40.0-255,66,84962,76,181900
23865,0.000911,172.31.40.0-255,66,85028,76,181900
23866,0.000918,172.217.194.0-255,7156,92184,76,181900
23867,0.00092,172.31.40.0-255,66,92250,76,181900
23868,0.000939,172.217.194.0-255,2902,95152,76,181900
23869,0.000941,172.31.40.0-255,66,95218,76,181900
23870,0.000944,172.217.194.0-255,766,95984,76,181900
23871,0.000947,172.217.194.0-255,1484,97468,76,181900
23872,0.000949,172.31.40.0-255,66,97534,76,181900
23873,0.000954,172.217.194.0-255,4320,101854,76,181900
23874,0.000956,172.31.40.0-255,66,101920,76,181900
23875,0.00099,172.31.40.0-255,66,101986,76,181900
23876,0.001005,172.217.194.0-255,5738,107724,76,181900
23877,0.001008,172.31.40.0-255,66,107790,76,181900
23878,0.001036,172.31.40.0-255,66,107856,76,181900
23879,0.001084,172.217.194.0-255,1484,109340,76,181900
23880,0.001088,172.217.194.0-255,2902,112242,76,181900
23881,0.00109,172.31.40.0-255,66,112308,76,181900
23882,0.001096,172.217.194.0-255,5738,118046,76,181900
23883,0.001098,172.31.40.0-255,66,118112,76,181900
23884,0.001105,172.217.194.0-255,7156,125268,76,181900
23885,0.001107,172.31.40.0-255,66,125334,76,181900
23886,0.001133,172.217.194.0-255,1484,126818,76,181900
23887,0.001167,172.31.40.0-255,66,126884,76,181900
23888,0.001171,172.217.194.0-255,2184,129068,76,181900
23889,0.001173,172.31.40.0-255,66,129134,76,181900
23890,0.001218,172.31.40.0-255,66,129200,76,181900
23891,0.001227,172.217.194.0-255,2902,132102,76,181900
23892,0.001229,172.31.40.0-255,66,132168,76,181900
23893,0.001243,172.31.40.0-255,66,132234,76,181900
23894,0.001246,172.217.194.0-255,1484,133718,76,181900
23895,0.00127,172.217.194.0-255,5020,138738,76,181900
23896,0.001272,172.31.40.0-255,66,138804,76,181900
23897,0.00128,172.217.194.0-255,7156,145960,76,181900
23898,0.001282,172.31.40.0-255,66,146026,76,181900
23899,0.00132,172.31.40.0-255,66,146092,76,181900
23900,0.001326,172.217.194.0-255,7156,153248,76,181900
23901,0.001328,172.31.40.0-255,66,153314,76,181900
23902,0.001342,172.217.194.0-255,2902,156216,76,181900
23903,0.001344,172.31.40.0-255,66,156282,76,181900
23904,0.001347,172.217.194.0-255,766,157048,76,181900
23905,0.001655,172.217.194.0-255,1484,158532,76,181900
23906,0.001659,172.31.40.0-255,66,158598,76,181900
23907,0.001665,172.217.194.0-255,2902,161500,76,181900
23908,0.001667,172.31.40.0-255,66,161566,76,181900
23909,0.001673,172.217.194.0-255,4320,165886,76,181900
23910,0.001675,172.31.40.0-255,66,165952,76,181900
23911,0.001699,172.217.194.0-255,1484,167436,76,181900
23912,0.001713,172.31.40.0-255,66,167502,76,181900
23913,0.001719,172.217.194.0-255,4320,171822,76,181900
23914,0.001722,172.31.40.0-255,66,171888,76,181900
23915,0.00175,172.217.194.0-255,6438,178326,76,181900
23916,0.001753,172.31.40.0-255,66,178392,76,181900
23917,0.001765,172.31.40.0-255,66,178458,76,181900
23918,0.001789,172.217.194.0-255,2902,181360,76,181900
23919,0.001792,172.31.40.0-255,66,181426,76,181900
23920,0.001834,172.31.40.0-255,66,181492,76,181900
23921,0.001845,172.31.40.0-255,66,181558,76,181900
23922,0.001847,172.217.194.0-255,105,181663,76,181900
23923,0.016453,172.31.40.0-255,66,181729,76,181900
23924,0.016504,172.31.40.0-255,105,181834,76,181900
23925,0.018819,172.217.194.0-255,66,181900,76,181900
23926,0.0,74.125.24.0-255,153,153,76,158602
23927,1.5e-05,172.31.40.0-255,66,219,76,158602
23928,2.2e-05,74.125.24.0-255,1484,1703,76,158602
23929,2.6e-05,172.31.40.0-255,66,1769,76,158602
23930,3.2e-05,74.125.24.0-255,2902,4671,76,158602
23931,3.6e-05,172.31.40.0-255,66,4737,76,158602
23932,4.1e-05,74.125.24.0-255,2902,7639,76,158602
23933,4.4e-05,172.31.40.0-255,66,7705,76,158602
23934,7.2e-05,74.125.24.0-255,4320,12025,76,158602
23935,7.7e-05,172.31.40.0-255,66,12091,76,158602
23936,8.3e-05,74.125.24.0-255,4320,16411,76,158602
23937,8.5e-05,172.31.40.0-255,66,16477,76,158602
23938,0.000106,74.125.24.0-255,3410,19887,76,158602
23939,0.000109,172.31.40.0-255,66,19953,76,158602
23940,0.00012,172.31.40.0-255,66,20019,76,158602
23941,0.000156,74.125.24.0-255,1125,21144,76,158602
23942,0.00016,172.31.40.0-255,66,21210,76,158602
23943,0.001284,74.125.24.0-255,1484,22694,76,158602
23944,0.001292,172.31.40.0-255,66,22760,76,158602
23945,0.001302,74.125.24.0-255,2902,25662,76,158602
23946,0.001304,172.31.40.0-255,66,25728,76,158602
23947,0.001312,74.125.24.0-255,5738,31466,76,158602
23948,0.001314,172.31.40.0-255,66,31532,76,158602
23949,0.001333,74.125.24.0-255,1484,33016,76,158602
23950,0.001335,172.31.40.0-255,66,33082,76,158602
23951,0.001364,172.31.40.0-255,66,33148,76,158602
23952,0.001367,74.125.24.0-255,1484,34632,76,158602
23953,0.00137,172.31.40.0-255,66,34698,76,158602
23954,0.001375,74.125.24.0-255,4320,39018,76,158602
23955,0.001377,172.31.40.0-255,66,39084,76,158602
23956,0.001403,74.125.24.0-255,5020,44104,76,158602
23957,0.001405,172.31.40.0-255,66,44170,76,158602
23958,0.001889,74.125.24.0-255,414,44584,76,158602
23959,0.00191,74.125.24.0-255,1484,46068,76,158602
23960,0.001914,172.31.40.0-255,66,46134,76,158602
23961,0.001936,74.125.24.0-255,4320,50454,76,158602
23962,0.001939,172.31.40.0-255,66,50520,76,158602
23963,0.001964,74.125.24.0-255,7156,57676,76,158602
23964,0.001966,172.31.40.0-255,66,57742,76,158602
23965,0.001992,172.31.40.0-255,66,57808,76,158602
23966,0.002016,74.125.24.0-255,2902,60710,76,158602
23967,0.002018,172.31.40.0-255,66,60776,76,158602
23968,0.00203,74.125.24.0-255,1484,62260,76,158602
23969,0.002046,74.125.24.0-255,3602,65862,76,158602
23970,0.002049,172.31.40.0-255,66,65928,76,158602
23971,0.002798,74.125.24.0-255,1484,67412,76,158602
23972,0.002803,74.125.24.0-255,2902,70314,76,158602
23973,0.002806,172.31.40.0-255,66,70380,76,158602
23974,0.002829,74.125.24.0-255,5738,76118,76,158602
23975,0.002832,172.31.40.0-255,66,76184,76,158602
23976,0.002859,172.31.40.0-255,66,76250,76,158602
23977,0.002879,74.125.24.0-255,2902,79152,76,158602
23978,0.002881,172.31.40.0-255,66,79218,76,158602
23979,0.002884,74.125.24.0-255,1484,80702,76,158602
23980,0.002927,172.31.40.0-255,66,80768,76,158602
23981,0.002962,74.125.24.0-255,6438,87206,76,158602
23982,0.002965,172.31.40.0-255,66,87272,76,158602
23983,0.002982,172.31.40.0-255,66,87338,76,158602
23984,0.002992,172.31.40.0-255,66,87404,76,158602
23985,0.003279,74.125.24.0-255,1484,88888,76,158602
23986,0.003295,74.125.24.0-255,2902,91790,76,158602
23987,0.003297,172.31.40.0-255,66,91856,76,158602
23988,0.003302,74.125.24.0-255,2902,94758,76,158602
23989,0.003305,172.31.40.0-255,66,94824,76,158602
23990,0.003324,74.125.24.0-255,2902,97726,76,158602
23991,0.003326,172.31.40.0-255,66,97792,76,158602
23992,0.003333,74.125.24.0-255,5738,103530,76,158602
23993,0.003335,172.31.40.0-255,66,103596,76,158602
23994,0.003389,172.31.40.0-255,66,103662,76,158602
23995,0.003395,74.125.24.0-255,5020,108682,76,158602
23996,0.003397,172.31.40.0-255,66,108748,76,158602
23997,0.003464,74.125.24.0-255,1484,110232,76,158602
23998,0.003483,74.125.24.0-255,2902,113134,76,158602
23999,0.003489,74.125.24.0-255,4320,117454,76,158602
24000,0.003502,74.125.24.0-255,1484,118938,76,158602
24001,0.003506,74.125.24.0-255,2902,121840,76,158602
24002,0.003534,74.125.24.0-255,5738,127578,76,158602
24003,0.003645,74.125.24.0-255,766,128344,76,158602
24004,0.00382,74.125.24.0-255,3602,131946,76,158602
24005,0.00384,74.125.24.0-255,766,132712,76,158602
24006,0.003844,74.125.24.0-255,1484,134196,76,158602
24007,0.003904,74.125.24.0-255,7156,141352,76,158602
24008,0.003909,74.125.24.0-255,4320,145672,76,158602
24009,0.003914,172.31.40.0-255,78,145750,76,158602
24010,0.003941,74.125.24.0-255,3602,149352,76,158602
24011,0.003944,172.31.40.0-255,78,149430,76,158602
24012,0.003947,74.125.24.0-255,1484,150914,76,158602
24013,0.003951,74.125.24.0-255,1484,152398,76,158602
24014,0.00401,74.125.24.0-255,105,152503,76,158602
24015,0.004329,172.31.40.0-255,66,152569,76,158602
24016,0.00647,74.125.24.0-255,1484,154053,76,158602
24017,0.006477,172.31.40.0-255,78,154131,76,158602
24018,0.007236,172.31.40.0-255,105,154236,76,158602
24019,0.009724,74.125.24.0-255,66,154302,76,158602
24020,0.030293,172.31.40.0-255,172,154474,76,158602
24021,0.03033,172.31.40.0-255,1109,155583,76,158602
24022,0.030389,172.31.40.0-255,1514,157097,76,158602
24023,0.030391,172.31.40.0-255,1307,158404,76,158602
24024,0.031895,104.244.42.0-255,66,158470,76,158602
24025,0.031932,104.244.42.0-255,66,158536,76,158602
24026,0.031967,104.244.42.0-255,66,158602,76,158602
24027,0.0,74.125.130.0-255,153,153,76,266946
24028,3e-05,172.31.40.0-255,66,219,76,266946
24029,3.6e-05,74.125.130.0-255,1484,1703,76,266946
24030,4.1e-05,172.31.40.0-255,66,1769,76,266946
24031,4.6e-05,74.125.130.0-255,2902,4671,76,266946
24032,4.8e-05,172.31.40.0-255,66,4737,76,266946
24033,5.3e-05,74.125.130.0-255,4320,9057,76,266946
24034,5.6e-05,172.31.40.0-255,66,9123,76,266946
24035,8.8e-05,74.125.130.0-255,4866,13989,76,266946
24036,9.2e-05,172.31.40.0-255,66,14055,76,266946
24037,0.000213,74.125.130.0-255,1484,15539,76,266946
24038,0.000217,172.31.40.0-255,66,15605,76,266946
24039,0.000223,74.125.130.0-255,2902,18507,76,266946
24040,0.000225,172.31.40.0-255,66,18573,76,266946
24041,0.000241,74.125.130.0-255,5738,24311,76,266946
24042,0.000244,172.31.40.0-255,66,24377,76,266946
24043,0.000249,74.125.130.0-255,2902,27279,76,266946
24044,0.000251,172.31.40.0-255,66,27345,76,266946
24045,0.000278,74.125.130.0-255,3961,31306,76,266946
24046,0.000282,172.31.40.0-255,66,31372,76,266946
24047,0.000385,74.125.130.0-255,1484,32856,76,266946
24048,0.000388,172.31.40.0-255,66,32922,76,266946
24049,0.000406,74.125.130.0-255,2902,35824,76,266946
24050,0.000409,172.31.40.0-255,66,35890,76,266946
24051,0.000432,74.125.130.0-255,5738,41628,76,266946
24052,0.000435,172.31.40.0-255,66,41694,76,266946
24053,0.000458,74.125.130.0-255,2902,44596,76,266946
24054,0.000461,172.31.40.0-255,66,44662,76,266946
24055,0.000493,172.31.40.0-255,66,44728,76,266946
24056,0.000508,74.125.130.0-255,5738,50466,76,266946
24057,0.000512,172.31.40.0-255,66,50532,76,266946
24058,0.000538,74.125.130.0-255,4274,54806,76,266946
24059,0.000541,172.31.40.0-255,66,54872,76,266946
24060,0.000544,74.125.130.0-255,365,55237,76,266946
24061,0.000761,172.31.40.0-255,66,55303,76,266946
24062,0.000952,74.125.130.0-255,1484,56787,76,266946
24063,0.000961,74.125.130.0-255,2902,59689,76,266946
24064,0.000964,172.31.40.0-255,66,59755,76,266946
24065,0.000968,74.125.130.0-255,1484,61239,76,266946
24066,0.000987,74.125.130.0-255,4320,65559,76,266946
24067,0.00099,172.31.40.0-255,66,65625,76,266946
24068,0.001003,74.125.130.0-255,4320,69945,76,266946
24069,0.001005,172.31.40.0-255,66,70011,76,266946
24070,0.001037,172.31.40.0-255,66,70077,76,266946
24071,0.001077,172.31.40.0-255,66,70143,76,266946
24072,0.001419,74.125.130.0-255,1484,71627,76,266946
24073,0.001425,74.125.130.0-255,2902,74529,76,266946
24074,0.001428,172.31.40.0-255,66,74595,76,266946
24075,0.001445,74.125.130.0-255,5738,80333,76,266946
24076,0.001447,172.31.40.0-255,66,80399,76,266946
24077,0.001471,74.125.130.0-255,1484,81883,76,266946
24078,0.001486,74.125.130.0-255,5738,87621,76,266946
24079,0.001488,172.31.40.0-255,66,87687,76,266946
24080,0.001508,74.125.130.0-255,5738,93425,76,266946
24081,0.00151,172.31.40.0-255,66,93491,76,266946
24082,0.001512,74.125.130.0-255,1484,94975,76,266946
24083,0.001558,74.125.130.0-255,4320,99295,76,266946
24084,0.00156,172.31.40.0-255,66,99361,76,266946
24085,0.001577,74.125.130.0-255,2902,102263,76,266946
24086,0.001579,172.31.40.0-255,66,102329,76,266946
24087,0.00159,74.125.130.0-255,2184,104513,76,266946
24088,0.001592,172.31.40.0-255,66,104579,76,266946
24089,0.001622,74.125.130.0-255,1484,106063,76,266946
24090,0.00164,74.125.130.0-255,2902,108965,76,266946
24091,0.001642,172.31.40.0-255,66,109031,76,266946
24092,0.001661,74.125.130.0-255,2902,111933,76,266946
24093,0.001663,172.31.40.0-255,66,111999,76,266946
24094,0.001679,74.125.130.0-255,2902,114901,76,266946
24095,0.001681,172.31.40.0-255,66,114967,76,266946
24096,0.001688,74.125.130.0-255,7156,122123,76,266946
24097,0.00169,172.31.40.0-255,66,122189,76,266946
24098,0.001693,74.125.130.0-255,1484,123673,76,266946
24099,0.001728,172.31.40.0-255,66,123739,76,266946
24100,0.001732,74.125.130.0-255,2184,125923,76,266946
24101,0.001734,172.31.40.0-255,66,125989,76,266946
24102,0.003649,74.125.130.0-255,4320,130309,76,266946
24103,0.003653,172.31.40.0-255,66,130375,76,266946
24104,0.00367,74.125.130.0-255,1484,131859,76,266946
24105,0.005592,74.125.130.0-255,2902,134761,76,266946
24106,0.005595,172.31.40.0-255,66,134827,76,266946
24107,0.00561,74.125.130.0-255,1484,136311,76,266946
24108,0.007538,74.125.130.0-255,4320,140631,76,266946
24109,0.007545,172.31.40.0-255,66,140697,76,266946
24110,0.009492,74.125.130.0-255,5738,146435,76,266946
24111,0.0095,172.31.40.0-255,66,146501,76,266946
24112,0.011442,74.125.130.0-255,5738,152239,76,266946
24113,0.011449,172.31.40.0-255,66,152305,76,266946
24114,0.013394,74.125.130.0-255,5738,158043,76,266946
24115,0.013401,172.31.40.0-255,66,158109,76,266946
24116,0.01534,74.125.130.0-255,5738,163847,76,266946
24117,0.015349,172.31.40.0-255,66,163913,76,266946
24118,0.017306,74.125.130.0-255,5738,169651,76,266946
24119,0.017317,172.31.40.0-255,66,169717,76,266946
24120,0.019272,74.125.130.0-255,5738,175455,76,266946
24121,0.01928,172.31.40.0-255,66,175521,76,266946
24122,0.021216,74.125.130.0-255,1484,177005,76,266946
24123,0.021241,74.125.130.0-255,4320,181325,76,266946
24124,0.021246,172.31.40.0-255,66,181391,76,266946
24125,0.023181,74.125.130.0-255,5738,187129,76,266946
24126,0.023186,172.31.40.0-255,66,187195,76,266946
24127,0.025131,74.125.130.0-255,5738,192933,76,266946
24128,0.025137,172.31.40.0-255,66,192999,76,266946
24129,0.027074,74.125.130.0-255,5738,198737,76,266946
24130,0.027079,172.31.40.0-255,66,198803,76,266946
24131,0.027858,172.31.40.0-255,172,198975,76,266946
24132,0.027887,172.31.40.0-255,1109,200084,76,266946
24133,0.027926,172.31.40.0-255,1514,201598,76,266946
24134,0.027928,172.31.40.0-255,1306,202904,76,266946
24135,0.029013,74.125.130.0-255,5738,208642,76,266946
24136,0.029019,172.31.40.0-255,66,208708,76,266946
24137,0.029415,104.244.42.0-255,66,208774,76,266946
24138,0.029435,104.244.42.0-255,66,208840,76,266946
24139,0.029523,104.244.42.0-255,66,208906,76,266946
24140,0.030962,74.125.130.0-255,5738,214644,76,266946
24141,0.030975,172.31.40.0-255,66,214710,76,266946
24142,0.032948,74.125.130.0-255,5738,220448,76,266946
24143,0.032963,172.31.40.0-255,66,220514,76,266946
24144,0.034931,74.125.130.0-255,5738,226252,76,266946
24145,0.034946,172.31.40.0-255,66,226318,76,266946
24146,0.036908,74.125.130.0-255,5738,232056,76,266946
24147,0.036922,172.31.40.0-255,66,232122,76,266946
24148,0.038866,74.125.130.0-255,5738,237860,76,266946
24149,0.038879,172.31.40.0-255,66,237926,76,266946
24150,0.040834,74.125.130.0-255,5738,243664,76,266946
24151,0.040847,172.31.40.0-255,66,243730,76,266946
24152,0.042792,74.125.130.0-255,5738,249468,76,266946
24153,0.042801,172.31.40.0-255,66,249534,76,266946
24154,0.044744,74.125.130.0-255,5738,255272,76,266946
24155,0.044752,172.31.40.0-255,66,255338,76,266946
24156,0.046711,74.125.130.0-255,5738,261076,76,266946
24157,0.046729,172.31.40.0-255,66,261142,76,266946
24158,0.048695,74.125.130.0-255,5738,266880,76,266946
24159,0.048713,172.31.40.0-255,66,266946,76,266946
24160,0.0,74.125.68.0-255,152,152,76,219153
24161,2.2e-05,172.31.40.0-255,66,218,76,219153
24162,2.9e-05,74.125.68.0-255,1484,1702,76,219153
24163,3.3e-05,172.31.40.0-255,66,1768,76,219153
24164,3.8e-05,74.125.68.0-255,2902,4670,76,219153
24165,4.6e-05,172.31.40.0-255,66,4736,76,219153
24166,4.9e-05,74.125.68.0-255,1484,6220,76,219153
24167,5.1e-05,172.31.40.0-255,66,6286,76,219153
24168,9.1e-05,74.125.68.0-255,5738,12024,76,219153
24169,9.4e-05,172.31.40.0-255,66,12090,76,219153
24170,9.8e-05,74.125.68.0-255,2070,14160,76,219153
24171,9.9e-05,172.31.40.0-255,66,14226,76,219153
24172,0.000103,74.125.68.0-255,2902,17128,76,219153
24173,0.000105,172.31.40.0-255,66,17194,76,219153
24174,0.00011,74.125.68.0-255,4320,21514,76,219153
24175,0.000112,172.31.40.0-255,66,21580,76,219153
24176,0.000137,74.125.68.0-255,2902,24482,76,219153
24177,0.000138,172.31.40.0-255,66,24548,76,219153
24178,0.000141,74.125.68.0-255,1484,26032,76,219153
24179,0.000143,172.31.40.0-255,66,26098,76,219153
24180,0.000147,74.125.68.0-255,2902,29000,76,219153
24181,0.000149,172.31.40.0-255,66,29066,76,219153
24182,0.000177,74.125.68.0-255,2543,31609,76,219153
24183,0.000179,172.31.40.0-255,66,31675,76,219153
24184,0.000348,74.125.68.0-255,1484,33159,76,219153
24185,0.000354,172.31.40.0-255,66,33225,76,219153
24186,0.000357,74.125.68.0-255,1484,34709,76,219153
24187,0.000359,172.31.40.0-255,66,34775,76,219153
24188,0.000385,74.125.68.0-255,1484,36259,76,219153
24189,0.000387,172.31.40.0-255,66,36325,76,219153
24190,0.000393,74.125.68.0-255,4320,40645,76,219153
24191,0.000395,172.31.40.0-255,66,40711,76,219153
24192,0.000401,74.125.68.0-255,5738,46449,76,219153
24193,0.000402,172.31.40.0-255,66,46515,76,219153
24194,0.000425,74.125.68.0-255,2902,49417,76,219153
24195,0.000426,172.31.40.0-255,66,49483,76,219153
24196,0.000433,74.125.68.0-255,7156,56639,76,219153
24197,0.000435,172.31.40.0-255,66,56705,76,219153
24198,0.000475,172.31.40.0-255,66,56771,76,219153
24199,0.000477,74.125.68.0-255,766,57537,76,219153
24200,0.000615,74.125.68.0-255,360,57897,76,219153
24201,0.000872,74.125.68.0-255,133,58030,76,219153
24202,0.000902,74.125.68.0-255,347,58377,76,219153
24203,0.00097,172.31.40.0-255,66,58443,76,219153
24204,0.001385,74.125.68.0-255,1484,59927,76,219153
24205,0.001395,74.125.68.0-255,2902,62829,76,219153
24206,0.001398,172.31.40.0-255,66,62895,76,219153
24207,0.001427,74.125.68.0-255,1484,64379,76,219153
24208,0.001441,74.125.68.0-255,2902,67281,76,219153
24209,0.001443,172.31.40.0-255,66,67347,76,219153
24210,0.001449,74.125.68.0-255,5738,73085,76,219153
24211,0.001451,172.31.40.0-255,66,73151,76,219153
24212,0.001486,74.125.68.0-255,4320,77471,76,219153
24213,0.001488,172.31.40.0-255,66,77537,76,219153
24214,0.001515,74.125.68.0-255,5738,83275,76,219153
24215,0.001516,172.31.40.0-255,66,83341,76,219153
24216,0.001564,172.31.40.0-255,66,83407,76,219153
24217,0.002201,74.125.68.0-255,1484,84891,76,219153
24218,0.00221,74.125.68.0-255,2902,87793,76,219153
24219,0.002213,172.31.40.0-255,66,87859,76,219153
24220,0.002238,74.125.68.0-255,5738,93597,76,219153
24221,0.00224,172.31.40.0-255,66,93663,76,219153
24222,0.002279,74.125.68.0-255,7156,100819,76,219153
24223,0.002281,172.31.40.0-255,66,100885,76,219153
24224,0.002293,172.31.40.0-255,66,100951,76,219153
24225,0.002324,172.31.40.0-255,66,101017,76,219153
24226,0.004593,74.125.68.0-255,5738,106755,76,219153
24227,0.004597,172.31.40.0-255,66,106821,76,219153
24228,0.006889,74.125.68.0-255,5738,112559,76,219153
24229,0.006897,172.31.40.0-255,66,112625,76,219153
24230,0.009174,74.125.68.0-255,5738,118363,76,219153
24231,0.00918,172.31.40.0-255,66,118429,76,219153
24232,0.011465,74.125.68.0-255,5738,124167,76,219153
24233,0.011473,172.31.40.0-255,66,124233,76,219153
24234,0.013765,74.125.68.0-255,5738,129971,76,219153
24235,0.013777,172.31.40.0-255,66,130037,76,219153
24236,0.016077,74.125.68.0-255,5738,135775,76,219153
24237,0.016086,172.31.40.0-255,66,135841,76,219153
24238,0.018372,74.125.68.0-255,5738,141579,76,219153
24239,0.01838,172.31.40.0-255,66,141645,76,219153
24240,0.020663,74.125.68.0-255,5738,147383,76,219153
24241,0.020667,172.31.40.0-255,66,147449,76,219153
24242,0.022978,74.125.68.0-255,5738,153187,76,219153
24243,0.022985,172.31.40.0-255,66,153253,76,219153
24244,0.025284,74.125.68.0-255,5738,158991,76,219153
24245,0.025291,172.31.40.0-255,66,159057,76,219153
24246,0.027589,74.125.68.0-255,5738,164795,76,219153
24247,0.027596,172.31.40.0-255,66,164861,76,219153
24248,0.029891,74.125.68.0-255,5738,170599,76,219153
24249,0.029901,172.31.40.0-255,66,170665,76,219153
24250,0.032198,74.125.68.0-255,5738,176403,76,219153
24251,0.032211,172.31.40.0-255,66,176469,76,219153
24252,0.034494,74.125.68.0-255,5738,182207,76,219153
24253,0.034503,172.31.40.0-255,66,182273,76,219153
24254,0.036472,172.31.40.0-255,172,182445,76,219153
24255,0.036506,172.31.40.0-255,1109,183554,76,219153
24256,0.036556,172.31.40.0-255,577,184131,76,219153
24257,0.036808,74.125.68.0-255,5738,189869,76,219153
24258,0.036815,172.31.40.0-255,66,189935,76,219153
24259,0.038022,104.244.42.0-255,66,190001,76,219153
24260,0.038072,104.244.42.0-255,66,190067,76,219153
24261,0.038117,104.244.42.0-255,66,190133,76,219153
24262,0.039108,74.125.68.0-255,5738,195871,76,219153
24263,0.039115,172.31.40.0-255,66,195937,76,219153
24264,0.041405,74.125.68.0-255,5738,201675,76,219153
24265,0.041415,172.31.40.0-255,66,201741,76,219153
24266,0.043718,74.125.68.0-255,5738,207479,76,219153
24267,0.043725,172.31.40.0-255,66,207545,76,219153
24268,0.046004,74.125.68.0-255,5738,213283,76,219153
24269,0.046009,172.31.40.0-255,66,213349,76,219153
24270,0.048321,74.125.68.0-255,5738,219087,76,219153
24271,0.048328,172.31.40.0-255,66,219153,76,219153
24272,0.0,172.217.194.0-255,146,146,76,236506
24273,2.4e-05,172.31.40.0-255,66,212,76,236506
24274,3.3e-05,172.217.194.0-255,1484,1696,76,236506
24275,3.8e-05,172.31.40.0-255,66,1762,76,236506
24276,5.3e-05,172.217.194.0-255,2902,4664,76,236506
24277,5.8e-05,172.31.40.0-255,66,4730,76,236506
24278,6.6e-05,172.217.194.0-255,7156,11886,76,236506
24279,6.9e-05,172.31.40.0-255,66,11952,76,236506
24280,7.3e-05,172.217.194.0-255,2000,13952,76,236506
24281,7.7e-05,172.31.40.0-255,66,14018,76,236506
24282,0.000517,172.217.194.0-255,1484,15502,76,236506
24283,0.000524,172.31.40.0-255,66,15568,76,236506
24284,0.000533,172.217.194.0-255,2902,18470,76,236506
24285,0.000538,172.31.40.0-255,66,18536,76,236506
24286,0.00055,172.217.194.0-255,5738,24274,76,236506
24287,0.000553,172.31.40.0-255,66,24340,76,236506
24288,0.000583,172.217.194.0-255,6797,31137,76,236506
24289,0.000586,172.31.40.0-255,66,31203,76,236506
24290,0.001073,172.217.194.0-255,1484,32687,76,236506
24291,0.001078,172.31.40.0-255,66,32753,76,236506
24292,0.001085,172.217.194.0-255,2902,35655,76,236506
24293,0.001088,172.31.40.0-255,66,35721,76,236506
24294,0.001145,172.217.194.0-255,5738,41459,76,236506
24295,0.001147,172.31.40.0-255,66,41525,76,236506
24296,0.001153,172.217.194.0-255,4320,45845,76,236506
24297,0.001155,172.31.40.0-255,66,45911,76,236506
24298,0.001173,172.31.40.0-255,66,45977,76,236506
24299,0.001179,172.217.194.0-255,4320,50297,76,236506
24300,0.001182,172.31.40.0-255,66,50363,76,236506
24301,0.001212,172.217.194.0-255,2836,53199,76,236506
24302,0.001214,172.31.40.0-255,66,53265,76,236506
24303,0.001218,172.217.194.0-255,363,53628,76,236506
24304,0.00122,172.31.40.0-255,66,53694,76,236506
24305,0.001254,172.217.194.0-255,1484,55178,76,236506
24306,0.001258,172.31.40.0-255,66,55244,76,236506
24307,0.001263,172.217.194.0-255,4320,59564,76,236506
24308,0.001265,172.31.40.0-255,66,59630,76,236506
24309,0.001277,172.217.194.0-255,5738,65368,76,236506
24310,0.001279,172.31.40.0-255,66,65434,76,236506
24311,0.001327,172.31.40.0-255,66,65500,76,236506
24312,0.001343,172.31.40.0-255,66,65566,76,236506
24313,0.002085,172.217.194.0-255,1484,67050,76,236506
24314,0.0021,172.217.194.0-255,2902,69952,76,236506
24315,0.00212,172.217.194.0-255,5738,75690,76,236506
24316,0.002146,172.217.194.0-255,7156,82846,76,236506
24317,0.00216,172.217.194.0-255,2902,85748,76,236506
24318,0.002428,172.217.194.0-255,1484,87232,76,236506
24319,0.002432,172.217.194.0-255,2902,90134,76,236506
24320,0.002448,172.217.194.0-255,2902,93036,76,236506
24321,0.002458,172.217.194.0-255,2902,95938,76,236506
24322,0.002471,172.217.194.0-255,2902,98840,76,236506
24323,0.00251,172.217.194.0-255,1484,100324,76,236506
24324,0.002513,172.217.194.0-255,2902,103226,76,236506
24325,0.002531,172.217.194.0-255,5738,108964,76,236506
24326,0.002534,172.217.194.0-255,766,109730,76,236506
24327,0.002799,172.217.194.0-255,1484,111214,76,236506
24328,0.002829,172.217.194.0-255,1484,112698,76,236506
24329,0.002849,172.217.194.0-255,1484,114182,76,236506
24330,0.002855,172.217.194.0-255,5738,119920,76,236506
24331,0.00287,172.217.194.0-255,2902,122822,76,236506
24332,0.002895,172.217.194.0-255,7156,129978,76,236506
24333,0.002909,172.217.194.0-255,2902,132880,76,236506
24334,0.00293,172.217.194.0-255,5738,138618,76,236506
24335,0.002956,172.217.194.0-255,5020,143638,76,236506
24336,0.003032,172.217.194.0-255,1484,145122,76,236506
24337,0.003057,172.217.194.0-255,2902,148024,76,236506
24338,0.003082,172.217.194.0-255,5738,153762,76,236506
24339,0.003088,172.217.194.0-255,4320,158082,76,236506
24340,0.003105,172.217.194.0-255,4320,162402,76,236506
24341,0.003107,172.217.194.0-255,1484,163886,76,236506
24342,0.003172,172.217.194.0-255,2902,166788,76,236506
24343,0.003174,172.217.194.0-255,766,167554,76,236506
24344,0.003177,172.217.194.0-255,1484,169038,76,236506
24345,0.003208,172.217.194.0-255,2902,171940,76,236506
24346,0.003274,172.217.194.0-255,5020,176960,76,236506
24347,0.00328,172.217.194.0-255,5738,182698,76,236506
24348,0.003295,172.217.194.0-255,2902,185600,76,236506
24349,0.003321,172.217.194.0-255,2902,188502,76,236506
24350,0.003381,172.217.194.0-255,4320,192822,76,236506
24351,0.003422,172.217.194.0-255,5020,197842,76,236506
24352,0.003427,172.217.194.0-255,2902,200744,76,236506
24353,0.003468,172.217.194.0-255,5738,206482,76,236506
24354,0.003476,172.217.194.0-255,7156,213638,76,236506
24355,0.003494,172.217.194.0-255,5020,218658,76,236506
24356,0.003516,172.217.194.0-255,2902,221560,76,236506
24357,0.003581,172.217.194.0-255,766,222326,76,236506
24358,0.003596,172.217.194.0-255,5738,228064,76,236506
24359,0.003692,172.217.194.0-255,6438,234502,76,236506
24360,0.003695,172.217.194.0-255,487,234989,76,236506
24361,0.012528,172.217.194.0-255,487,235476,76,236506
24362,0.012555,172.31.40.0-255,78,235554,76,236506
24363,0.019228,172.31.40.0-255,105,235659,76,236506
24364,0.021765,172.217.194.0-255,66,235725,76,236506
24365,0.048832,172.31.40.0-255,167,235892,76,236506
24366,0.048872,172.31.40.0-255,614,236506,76,236506
24367,0.0,74.125.24.0-255,153,153,76,295432
24368,2.5e-05,172.31.40.0-255,66,219,76,295432
24369,3.3e-05,74.125.24.0-255,1484,1703,76,295432
24370,3.7e-05,172.31.40.0-255,66,1769,76,295432
24371,4.4e-05,74.125.24.0-255,2902,4671,76,295432
24372,4.8e-05,172.31.40.0-255,66,4737,76,295432
24373,5.4e-05,74.125.24.0-255,4320,9057,76,295432
24374,5.7e-05,172.31.40.0-255,66,9123,76,295432
24375,7.1e-05,74.125.24.0-255,1484,10607,76,295432
24376,7.3e-05,172.31.40.0-255,66,10673,76,295432
24377,9.8e-05,74.125.24.0-255,3574,14247,76,295432
24378,0.000102,172.31.40.0-255,66,14313,76,295432
24379,0.000147,74.125.24.0-255,1484,15797,76,295432
24380,0.00015,172.31.40.0-255,66,15863,76,295432
24381,0.000153,74.125.24.0-255,1484,17347,76,295432
24382,0.000155,172.31.40.0-255,66,17413,76,295432
24383,0.000168,74.125.24.0-255,1484,18897,76,295432
24384,0.00017,172.31.40.0-255,66,18963,76,295432
24385,0.000175,74.125.24.0-255,4320,23283,76,295432
24386,0.000178,172.31.40.0-255,66,23349,76,295432
24387,0.000208,74.125.24.0-255,5738,29087,76,295432
24388,0.000212,172.31.40.0-255,66,29153,76,295432
24389,0.000233,74.125.24.0-255,2543,31696,76,295432
24390,0.000235,172.31.40.0-255,66,31762,76,295432
24391,0.000239,74.125.24.0-255,2902,34664,76,295432
24392,0.000242,172.31.40.0-255,66,34730,76,295432
24393,0.000247,74.125.24.0-255,5738,40468,76,295432
24394,0.00025,172.31.40.0-255,66,40534,76,295432
24395,0.000273,74.125.24.0-255,1484,42018,76,295432
24396,0.000275,172.31.40.0-255,66,42084,76,295432
24397,0.000281,74.125.24.0-255,4320,46404,76,295432
24398,0.000284,172.31.40.0-255,66,46470,76,295432
24399,0.000295,74.125.24.0-255,2543,49013,76,295432
24400,0.000298,172.31.40.0-255,66,49079,76,295432
24401,0.000713,74.125.24.0-255,1484,50563,76,295432
24402,0.000722,74.125.24.0-255,2902,53465,76,295432
24403,0.000725,172.31.40.0-255,66,53531,76,295432
24404,0.00073,74.125.24.0-255,1484,55015,76,295432
24405,0.000747,74.125.24.0-255,2902,57917,76,295432
24406,0.000749,172.31.40.0-255,66,57983,76,295432
24407,0.000776,74.125.24.0-255,5738,63721,76,295432
24408,0.000778,172.31.40.0-255,66,63787,76,295432
24409,0.000783,74.125.24.0-255,2543,66330,76,295432
24410,0.000784,172.31.40.0-255,66,66396,76,295432
24411,0.000841,74.125.24.0-255,1484,67880,76,295432
24412,0.000847,74.125.24.0-255,2902,70782,76,295432
24413,0.000851,172.31.40.0-255,66,70848,76,295432
24414,0.000858,74.125.24.0-255,5738,76586,76,295432
24415,0.000861,172.31.40.0-255,66,76652,76,295432
24416,0.000921,74.125.24.0-255,7156,83808,76,295432
24417,0.000924,172.31.40.0-255,66,83874,76,295432
24418,0.000948,74.125.24.0-255,3961,87835,76,295432
24419,0.000951,172.31.40.0-255,66,87901,76,295432
24420,0.000964,172.31.40.0-255,66,87967,76,295432
24421,0.000968,74.125.24.0-255,1704,89671,76,295432
24422,0.000971,172.31.40.0-255,66,89737,76,295432
24423,0.001447,74.125.24.0-255,1484,91221,76,295432
24424,0.001455,74.125.24.0-255,2902,94123,76,295432
24425,0.001461,172.31.40.0-255,66,94189,76,295432
24426,0.001469,74.125.24.0-255,5738,99927,76,295432
24427,0.001471,172.31.40.0-255,66,99993,76,295432
24428,0.001504,172.31.40.0-255,66,100059,76,295432
24429,0.001516,74.125.24.0-255,1484,101543,76,295432
24430,0.001539,74.125.24.0-255,2902,104445,76,295432
24431,0.001541,172.31.40.0-255,66,104511,76,295432
24432,0.001564,74.125.24.0-255,7156,111667,76,295432
24433,0.001567,172.31.40.0-255,66,111733,76,295432
24434,0.001578,74.125.24.0-255,766,112499,76,295432
24435,0.001691,74.125.24.0-255,1484,113983,76,295432
24436,0.001695,172.31.40.0-255,66,114049,76,295432
24437,0.001701,74.125.24.0-255,2902,116951,76,295432
24438,0.001703,172.31.40.0-255,66,117017,76,295432
24439,0.001707,74.125.24.0-255,1484,118501,76,295432
24440,0.001729,74.125.24.0-255,4320,122821,76,295432
24441,0.001731,172.31.40.0-255,66,122887,76,295432
24442,0.001737,74.125.24.0-255,4320,127207,76,295432
24443,0.001739,172.31.40.0-255,66,127273,76,295432
24444,0.00176,172.31.40.0-255,66,127339,76,295432
24445,0.001798,74.125.24.0-255,5738,133077,76,295432
24446,0.0018,172.31.40.0-255,66,133143,76,295432
24447,0.001821,74.125.24.0-255,5020,138163,76,295432
24448,0.001823,172.31.40.0-255,66,138229,76,295432
24449,0.001839,74.125.24.0-255,1484,139713,76,295432
24450,0.001871,172.31.40.0-255,66,139779,76,295432
24451,0.001901,74.125.24.0-255,5738,145517,76,295432
24452,0.001904,172.31.40.0-255,66,145583,76,295432
24453,0.001935,172.31.40.0-255,66,145649,76,295432
24454,0.002004,74.125.24.0-255,3602,149251,76,295432
24455,0.002007,172.31.40.0-255,66,149317,76,295432
24456,0.002026,74.125.24.0-255,5738,155055,76,295432
24457,0.002029,172.31.40.0-255,66,155121,76,295432
24458,0.002079,172.31.40.0-255,66,155187,76,295432
24459,0.00215,74.125.24.0-255,1484,156671,76,295432
24460,0.002168,74.125.24.0-255,2184,158855,76,295432
24461,0.00217,172.31.40.0-255,66,158921,76,295432
24462,0.002176,74.125.24.0-255,4320,163241,76,295432
24463,0.002178,172.31.40.0-255,66,163307,76,295432
24464,0.002182,74.125.24.0-255,2902,166209,76,295432
24465,0.002184,172.31.40.0-255,66,166275,76,295432
24466,0.002206,74.125.24.0-255,7156,173431,76,295432
24467,0.002209,172.31.40.0-255,66,173497,76,295432
24468,0.002245,74.125.24.0-255,2902,176399,76,295432
24469,0.002247,172.31.40.0-255,66,176465,76,295432
24470,0.002281,172.31.40.0-255,66,176531,76,295432
24471,0.002347,74.125.24.0-255,7156,183687,76,295432
24472,0.00235,172.31.40.0-255,66,183753,76,295432
24473,0.00239,172.31.40.0-255,66,183819,76,295432
24474,0.002499,74.125.24.0-255,5738,189557,76,295432
24475,0.002503,172.31.40.0-255,66,189623,76,295432
24476,0.004714,74.125.24.0-255,5738,195361,76,295432
24477,0.004719,172.31.40.0-255,66,195427,76,295432
24478,0.006997,74.125.24.0-255,5738,201165,76,295432
24479,0.007009,172.31.40.0-255,66,201231,76,295432
24480,0.009209,74.125.24.0-255,5738,206969,76,295432
24481,0.009217,172.31.40.0-255,66,207035,76,295432
24482,0.011466,74.125.24.0-255,5738,212773,76,295432
24483,0.011473,172.31.40.0-255,66,212839,76,295432
24484,0.013669,74.125.24.0-255,5738,218577,76,295432
24485,0.013678,172.31.40.0-255,66,218643,76,295432
24486,0.015896,74.125.24.0-255,5738,224381,76,295432
24487,0.015905,172.31.40.0-255,66,224447,76,295432
24488,0.018119,74.125.24.0-255,5738,230185,76,295432
24489,0.018127,172.31.40.0-255,66,230251,76,295432
24490,0.020349,74.125.24.0-255,5738,235989,76,295432
24491,0.020356,172.31.40.0-255,66,236055,76,295432
24492,0.022591,74.125.24.0-255,5738,241793,76,295432
24493,0.022598,172.31.40.0-255,66,241859,76,295432
24494,0.024813,74.125.24.0-255,5738,247597,76,295432
24495,0.024824,172.31.40.0-255,66,247663,76,295432
24496,0.027061,74.125.24.0-255,5738,253401,76,295432
24497,0.027068,172.31.40.0-255,66,253467,76,295432
24498,0.0293,74.125.24.0-255,5738,259205,76,295432
24499,0.029309,172.31.40.0-255,66,259271,76,295432
24500,0.031518,74.125.24.0-255,5738,265009,76,295432
24501,0.031524,172.31.40.0-255,66,265075,76,295432
24502,0.033739,74.125.24.0-255,5738,270813,76,295432
24503,0.033751,172.31.40.0-255,66,270879,76,295432
24504,0.035956,74.125.24.0-255,5738,276617,76,295432
24505,0.035964,172.31.40.0-255,66,276683,76,295432
24506,0.038212,74.125.24.0-255,5738,282421,76,295432
24507,0.038219,172.31.40.0-255,66,282487,76,295432
24508,0.040451,74.125.24.0-255,5738,288225,76,295432
24509,0.040459,172.31.40.0-255,66,288291,76,295432
24510,0.042669,74.125.24.0-255,3770,292061,76,295432
24511,0.04268,172.31.40.0-255,66,292127,76,295432
24512,0.042858,172.31.40.0-255,105,292232,76,295432
24513,0.045022,74.125.24.0-255,66,292298,76,295432
24514,0.049369,172.31.40.0-255,171,292469,76,295432
24515,0.049407,172.31.40.0-255,1128,293597,76,295432
24516,0.049481,172.31.40.0-255,1514,295111,76,295432
24517,0.049483,172.31.40.0-255,321,295432,76,295432
24518,0.0,74.125.130.0-255,153,153,76,237278
24519,1.4e-05,172.31.40.0-255,66,219,76,237278
24520,2.1e-05,74.125.130.0-255,1484,1703,76,237278
24521,2.5e-05,172.31.40.0-255,66,1769,76,237278
24522,3e-05,74.125.130.0-255,2902,4671,76,237278
24523,4e-05,172.31.40.0-255,66,4737,76,237278
24524,4.4e-05,74.125.130.0-255,1484,6221,76,237278
24525,4.7e-05,172.31.40.0-255,66,6287,76,237278
24526,8.8e-05,74.125.130.0-255,5738,12025,76,237278
24527,9.1e-05,172.31.40.0-255,66,12091,76,237278
24528,9.5e-05,74.125.130.0-255,2016,14107,76,237278
24529,9.7e-05,172.31.40.0-255,66,14173,76,237278
24530,0.000346,74.125.130.0-255,1484,15657,76,237278
24531,0.000352,172.31.40.0-255,66,15723,76,237278
24532,0.000356,74.125.130.0-255,1484,17207,76,237278
24533,0.000358,172.31.40.0-255,66,17273,76,237278
24534,0.000363,74.125.130.0-255,2902,20175,76,237278
24535,0.000365,172.31.40.0-255,66,20241,76,237278
24536,0.000373,74.125.130.0-255,1484,21725,76,237278
24537,0.000375,172.31.40.0-255,66,21791,76,237278
24538,0.000412,74.125.130.0-255,4320,26111,76,237278
24539,0.000415,172.31.40.0-255,66,26177,76,237278
24540,0.000421,74.125.130.0-255,5379,31556,76,237278
24541,0.000424,172.31.40.0-255,66,31622,76,237278
24542,0.000457,74.125.130.0-255,5738,37360,76,237278
24543,0.00046,172.31.40.0-255,66,37426,76,237278
24544,0.000466,74.125.130.0-255,4320,41746,76,237278
24545,0.000468,172.31.40.0-255,66,41812,76,237278
24546,0.000493,74.125.130.0-255,2902,44714,76,237278
24547,0.000499,172.31.40.0-255,66,44780,76,237278
24548,0.000502,74.125.130.0-255,1484,46264,76,237278
24549,0.000504,172.31.40.0-255,66,46330,76,237278
24550,0.00053,74.125.130.0-255,2543,48873,76,237278
24551,0.000548,172.31.40.0-255,66,48939,76,237278
24552,0.001215,74.125.130.0-255,1484,50423,76,237278
24553,0.001226,74.125.130.0-255,2902,53325,76,237278
24554,0.00123,172.31.40.0-255,66,53391,76,237278
24555,0.001268,74.125.130.0-255,5738,59129,76,237278
24556,0.001292,74.125.130.0-255,2902,62031,76,237278
24557,0.001306,74.125.130.0-255,3961,65992,76,237278
24558,0.001314,74.125.130.0-255,7156,73148,76,237278
24559,0.001318,74.125.130.0-255,2902,76050,76,237278
24560,0.001338,74.125.130.0-255,1484,77534,76,237278
24561,0.001345,74.125.130.0-255,5657,83191,76,237278
24562,0.001384,74.125.130.0-255,1484,84675,76,237278
24563,0.001403,74.125.130.0-255,2902,87577,76,237278
24564,0.001425,74.125.130.0-255,5738,93315,76,237278
24565,0.001431,74.125.130.0-255,4320,97635,76,237278
24566,0.001444,74.125.130.0-255,2543,100178,76,237278
24567,0.002242,172.31.40.0-255,66,100244,76,237278
24568,0.004281,74.125.130.0-255,5738,105982,76,237278
24569,0.004287,172.31.40.0-255,66,106048,76,237278
24570,0.006346,74.125.130.0-255,4320,110368,76,237278
24571,0.006352,172.31.40.0-255,66,110434,76,237278
24572,0.00638,74.125.130.0-255,1484,111918,76,237278
24573,0.008374,74.125.130.0-255,4320,116238,76,237278
24574,0.00838,172.31.40.0-255,66,116304,76,237278
24575,0.010408,74.125.130.0-255,5738,122042,76,237278
24576,0.010431,172.31.40.0-255,66,122108,76,237278
24577,0.012476,74.125.130.0-255,5738,127846,76,237278
24578,0.012488,172.31.40.0-255,66,127912,76,237278
24579,0.014523,74.125.130.0-255,5738,133650,76,237278
24580,0.014534,172.31.40.0-255,66,133716,76,237278
24581,0.016555,74.125.130.0-255,5738,139454,76,237278
24582,0.016562,172.31.40.0-255,66,139520,76,237278
24583,0.018581,74.125.130.0-255,2902,142422,76,237278
24584,0.018587,172.31.40.0-255,66,142488,76,237278
24585,0.018614,74.125.130.0-255,2902,145390,76,237278
24586,0.018638,172.31.40.0-255,66,145456,76,237278
24587,0.020621,74.125.130.0-255,2902,148358,76,237278
24588,0.02063,172.31.40.0-255,66,148424,76,237278
24589,0.020664,74.125.130.0-255,2902,151326,76,237278
24590,0.020753,172.31.40.0-255,66,151392,76,237278
24591,0.022651,74.125.130.0-255,2902,154294,76,237278
24592,0.022657,172.31.40.0-255,66,154360,76,237278
24593,0.022766,74.125.130.0-255,2902,157262,76,237278
24594,0.022769,172.31.40.0-255,66,157328,76,237278
24595,0.024071,172.31.40.0-255,172,157500,76,237278
24596,0.024096,172.31.40.0-255,1109,158609,76,237278
24597,0.024148,172.31.40.0-255,1514,160123,76,237278
24598,0.02415,172.31.40.0-255,1307,161430,76,237278
24599,0.024675,74.125.130.0-255,2902,164332,76,237278
24600,0.024681,172.31.40.0-255,66,164398,76,237278
24601,0.024771,74.125.130.0-255,2902,167300,76,237278
24602,0.024775,172.31.40.0-255,66,167366,76,237278
24603,0.02567,104.244.42.0-255,66,167432,76,237278
24604,0.025697,104.244.42.0-255,66,167498,76,237278
24605,0.025739,104.244.42.0-255,66,167564,76,237278
24606,0.026705,74.125.130.0-255,1484,169048,76,237278
24607,0.026805,74.125.130.0-255,4320,173368,76,237278
24608,0.026831,172.31.40.0-255,66,173434,76,237278
24609,0.028867,74.125.130.0-255,5738,179172,76,237278
24610,0.028901,172.31.40.0-255,66,179238,76,237278
24611,0.030933,74.125.130.0-255,5738,184976,76,237278
24612,0.030939,172.31.40.0-255,66,185042,76,237278
24613,0.032973,74.125.130.0-255,5738,190780,76,237278
24614,0.032979,172.31.40.0-255,66,190846,76,237278
24615,0.035008,74.125.130.0-255,5738,196584,76,237278
24616,0.035014,172.31.40.0-255,66,196650,76,237278
24617,0.037039,74.125.130.0-255,5738,202388,76,237278
24618,0.037045,172.31.40.0-255,66,202454,76,237278
24619,0.039071,74.125.130.0-255,5738,208192,76,237278
24620,0.039078,172.31.40.0-255,66,208258,76,237278
24621,0.041113,74.125.130.0-255,5738,213996,76,237278
24622,0.041118,172.31.40.0-255,66,214062,76,237278
24623,0.043146,74.125.130.0-255,5738,219800,76,237278
24624,0.043151,172.31.40.0-255,66,219866,76,237278
24625,0.045184,74.125.130.0-255,5738,225604,76,237278
24626,0.045189,172.31.40.0-255,66,225670,76,237278
24627,0.047225,74.125.130.0-255,5738,231408,76,237278
24628,0.047232,172.31.40.0-255,66,231474,76,237278
24629,0.049258,74.125.130.0-255,5738,237212,76,237278
24630,0.049263,172.31.40.0-255,66,237278,76,237278
24631,0.0,172.217.194.0-255,146,146,76,279365
24632,2.9e-05,172.31.40.0-255,66,212,76,279365
24633,3.6e-05,172.217.194.0-255,1484,1696,76,279365
24634,4e-05,172.31.40.0-255,66,1762,76,279365
24635,5.3e-05,172.217.194.0-255,2902,4664,76,279365
24636,5.6e-05,172.31.40.0-255,66,4730,76,279365
24637,6.3e-05,172.217.194.0-255,7156,11886,76,279365
24638,6.6e-05,172.31.40.0-255,66,11952,76,279365
24639,7e-05,172.217.194.0-255,2129,14081,76,279365
24640,7.2e-05,172.31.40.0-255,66,14147,76,279365
24641,0.000337,172.217.194.0-255,1484,15631,76,279365
24642,0.000342,172.31.40.0-255,66,15697,76,279365
24643,0.000349,172.217.194.0-255,2902,18599,76,279365
24644,0.000352,172.31.40.0-255,66,18665,76,279365
24645,0.000366,172.217.194.0-255,5738,24403,76,279365
24646,0.000372,172.31.40.0-255,66,24469,76,279365
24647,0.000411,172.217.194.0-255,6797,31266,76,279365
24648,0.000415,172.31.40.0-255,66,31332,76,279365
24649,0.000513,172.217.194.0-255,1484,32816,76,279365
24650,0.000517,172.31.40.0-255,66,32882,76,279365
24651,0.000522,172.217.194.0-255,2902,35784,76,279365
24652,0.000524,172.31.40.0-255,66,35850,76,279365
24653,0.000548,172.217.194.0-255,5738,41588,76,279365
24654,0.000551,172.31.40.0-255,66,41654,76,279365
24655,0.000583,172.217.194.0-255,7156,48810,76,279365
24656,0.000587,172.31.40.0-255,66,48876,76,279365
24657,0.000619,172.217.194.0-255,6797,55673,76,279365
24658,0.000622,172.31.40.0-255,66,55739,76,279365
24659,0.000634,172.31.40.0-255,66,55805,76,279365
24660,0.000637,172.217.194.0-255,361,56166,76,279365
24661,0.000638,172.31.40.0-255,66,56232,76,279365
24662,0.000796,172.217.194.0-255,382,56614,76,279365
24663,0.0008,172.31.40.0-255,66,56680,76,279365
24664,0.001189,172.217.194.0-255,1484,58164,76,279365
24665,0.001195,172.31.40.0-255,66,58230,76,279365
24666,0.001205,172.217.194.0-255,2902,61132,76,279365
24667,0.001208,172.31.40.0-255,66,61198,76,279365
24668,0.00122,172.217.194.0-255,5738,66936,76,279365
24669,0.001222,172.31.40.0-255,66,67002,76,279365
24670,0.001228,172.217.194.0-255,5738,72740,76,279365
24671,0.00123,172.31.40.0-255,66,72806,76,279365
24672,0.001262,172.217.194.0-255,7156,79962,76,279365
24673,0.001265,172.31.40.0-255,66,80028,76,279365
24674,0.001283,172.31.40.0-255,66,80094,76,279365
24675,0.001286,172.217.194.0-255,766,80860,76,279365
24676,0.001288,172.31.40.0-255,66,80926,76,279365
24677,0.001529,172.217.194.0-255,1484,82410,76,279365
24678,0.001534,172.31.40.0-255,66,82476,76,279365
24679,0.00154,172.217.194.0-255,2902,85378,76,279365
24680,0.001542,172.31.40.0-255,66,85444,76,279365
24681,0.001573,172.217.194.0-255,5738,91182,76,279365
24682,0.001575,172.31.40.0-255,66,91248,76,279365
24683,0.001588,172.31.40.0-255,66,91314,76,279365
24684,0.001625,172.31.40.0-255,66,91380,76,279365
24685,0.001666,172.217.194.0-255,1484,92864,76,279365
24686,0.001668,172.31.40.0-255,66,92930,76,279365
24687,0.001672,172.217.194.0-255,2902,95832,76,279365
24688,0.001674,172.31.40.0-255,66,95898,76,279365
24689,0.001712,172.217.194.0-255,5738,101636,76,279365
24690,0.001715,172.31.40.0-255,66,101702,76,279365
24691,0.001717,172.217.194.0-255,1484,103186,76,279365
24692,0.001732,172.31.40.0-255,66,103252,76,279365
24693,0.00176,172.217.194.0-255,4320,107572,76,279365
24694,0.001762,172.31.40.0-255,66,107638,76,279365
24695,0.001803,172.31.40.0-255,66,107704,76,279365
24696,0.001835,172.217.194.0-255,1484,109188,76,279365
24697,0.001848,172.217.194.0-255,1484,110672,76,279365
24698,0.00185,172.31.40.0-255,66,110738,76,279365
24699,0.001865,172.217.194.0-255,1484,112222,76,279365
24700,0.001875,172.217.194.0-255,5738,117960,76,279365
24701,0.001878,172.31.40.0-255,66,118026,76,279365
24702,0.00188,172.217.194.0-255,1484,119510,76,279365
24703,0.001924,172.31.40.0-255,66,119576,76,279365
24704,0.001955,172.31.40.0-255,66,119642,76,279365
24705,0.001979,172.217.194.0-255,766,120408,76,279365
24706,0.001982,172.217.194.0-255,1484,121892,76,279365
24707,0.001984,172.31.40.0-255,66,121958,76,279365
24708,0.001988,172.217.194.0-255,2902,124860,76,279365
24709,0.001991,172.31.40.0-255,66,124926,76,279365
24710,0.001995,172.217.194.0-255,4320,129246,76,279365
24711,0.002002,172.31.40.0-255,66,129312,76,279365
24712,0.002025,172.217.194.0-255,1484,130796,76,279365
24713,0.002045,172.31.40.0-255,66,130862,76,279365
24714,0.002057,172.31.40.0-255,66,130928,76,279365
24715,0.002087,172.217.194.0-255,1484,132412,76,279365
24716,0.002091,172.217.194.0-255,2902,135314,76,279365
24717,0.002093,172.31.40.0-255,66,135380,76,279365
24718,0.002098,172.217.194.0-255,5738,141118,76,279365
24719,0.0021,172.31.40.0-255,66,141184,76,279365
24720,0.002121,172.217.194.0-255,5738,146922,76,279365
24721,0.002123,172.31.40.0-255,66,146988,76,279365
24722,0.002168,172.217.194.0-255,7156,154144,76,279365
24723,0.002171,172.31.40.0-255,66,154210,76,279365
24724,0.002181,172.31.40.0-255,66,154276,76,279365
24725,0.002206,172.217.194.0-255,2184,156460,76,279365
24726,0.002208,172.31.40.0-255,66,156526,76,279365
24727,0.004489,172.217.194.0-255,2902,159428,76,279365
24728,0.004495,172.31.40.0-255,66,159494,76,279365
24729,0.004522,172.217.194.0-255,2902,162396,76,279365
24730,0.004525,172.31.40.0-255,66,162462,76,279365
24731,0.006801,172.217.194.0-255,2902,165364,76,279365
24732,0.006804,172.31.40.0-255,66,165430,76,279365
24733,0.006828,172.217.194.0-255,1484,166914,76,279365
24734,0.006838,172.217.194.0-255,1484,168398,76,279365
24735,0.00684,172.31.40.0-255,66,168464,76,279365
24736,0.009169,172.217.194.0-255,2902,171366,76,279365
24737,0.009178,172.31.40.0-255,66,171432,76,279365
24738,0.009225,172.217.194.0-255,2902,174334,76,279365
24739,0.009228,172.31.40.0-255,66,174400,76,279365
24740,0.011505,172.217.194.0-255,2902,177302,76,279365
24741,0.011513,172.31.40.0-255,66,177368,76,279365
24742,0.011559,172.217.194.0-255,2902,180270,76,279365
24743,0.011563,172.31.40.0-255,66,180336,76,279365
24744,0.013829,172.217.194.0-255,2902,183238,76,279365
24745,0.01384,172.31.40.0-255,66,183304,76,279365
24746,0.013886,172.217.194.0-255,2902,186206,76,279365
24747,0.013889,172.31.40.0-255,66,186272,76,279365
24748,0.016172,172.217.194.0-255,2902,189174,76,279365
24749,0.016186,172.31.40.0-255,66,189240,76,279365
24750,0.016229,172.217.194.0-255,2902,192142,76,279365
24751,0.016233,172.31.40.0-255,66,192208,76,279365
24752,0.018533,172.217.194.0-255,2902,195110,76,279365
24753,0.018542,172.31.40.0-255,66,195176,76,279365
24754,0.018573,172.217.194.0-255,2902,198078,76,279365
24755,0.018577,172.31.40.0-255,66,198144,76,279365
24756,0.020889,172.217.194.0-255,2902,201046,76,279365
24757,0.020905,172.31.40.0-255,66,201112,76,279365
24758,0.020969,172.217.194.0-255,2902,204014,76,279365
24759,0.020973,172.31.40.0-255,66,204080,76,279365
24760,0.023209,172.217.194.0-255,2902,206982,76,279365
24761,0.023215,172.31.40.0-255,66,207048,76,279365
24762,0.023283,172.217.194.0-255,2902,209950,76,279365
24763,0.023287,172.31.40.0-255,66,210016,76,279365
24764,0.025556,172.217.194.0-255,2902,212918,76,279365
24765,0.02557,172.31.40.0-255,66,212984,76,279365
24766,0.025634,172.217.194.0-255,2902,215886,76,279365
24767,0.025637,172.31.40.0-255,66,215952,76,279365
24768,0.027901,172.217.194.0-255,2902,218854,76,279365
24769,0.027912,172.31.40.0-255,66,218920,76,279365
24770,0.027954,172.217.194.0-255,2902,221822,76,279365
24771,0.027959,172.31.40.0-255,66,221888,76,279365
24772,0.030219,172.217.194.0-255,2902,224790,76,279365
24773,0.030228,172.31.40.0-255,66,224856,76,279365
24774,0.030274,172.217.194.0-255,2902,227758,76,279365
24775,0.030278,172.31.40.0-255,66,227824,76,279365
24776,0.03255,172.217.194.0-255,2902,230726,76,279365
24777,0.032558,172.31.40.0-255,66,230792,76,279365
24778,0.0326,172.217.194.0-255,2902,233694,76,279365
24779,0.032604,172.31.40.0-255,66,233760,76,279365
24780,0.034914,172.217.194.0-255,2902,236662,76,279365
24781,0.03493,172.31.40.0-255,66,236728,76,279365
24782,0.034965,172.217.194.0-255,2902,239630,76,279365
24783,0.034969,172.31.40.0-255,66,239696,76,279365
24784,0.037271,172.217.194.0-255,2902,242598,76,279365
24785,0.037291,172.31.40.0-255,66,242664,76,279365
24786,0.037351,172.217.194.0-255,2902,245566,76,279365
24787,0.037357,172.31.40.0-255,66,245632,76,279365
24788,0.039644,172.217.194.0-255,2902,248534,76,279365
24789,0.039658,172.31.40.0-255,66,248600,76,279365
24790,0.039697,172.217.194.0-255,2902,251502,76,279365
24791,0.039702,172.31.40.0-255,66,251568,76,279365
24792,0.041987,172.217.194.0-255,2902,254470,76,279365
24793,0.041998,172.31.40.0-255,66,254536,76,279365
24794,0.042034,172.217.194.0-255,2902,257438,76,279365
24795,0.042039,172.31.40.0-255,66,257504,76,279365
24796,0.043523,172.31.40.0-255,189,257693,76,279365
24797,0.043562,172.31.40.0-255,919,258612,76,279365
24798,0.043627,172.31.40.0-255,1514,260126,76,279365
24799,0.043629,172.31.40.0-255,1497,261623,76,279365
24800,0.04433,172.217.194.0-255,2902,264525,76,279365
24801,0.044336,172.31.40.0-255,66,264591,76,279365
24802,0.044369,172.217.194.0-255,2902,267493,76,279365
24803,0.044373,172.31.40.0-255,66,267559,76,279365
24804,0.045057,104.244.42.0-255,66,267625,76,279365
24805,0.045103,104.244.42.0-255,66,267691,76,279365
24806,0.045205,104.244.42.0-255,66,267757,76,279365
24807,0.046687,172.217.194.0-255,5738,273495,76,279365
24808,0.046703,172.31.40.0-255,66,273561,76,279365
24809,0.049039,172.217.194.0-255,5738,279299,76,279365
24810,0.049058,172.31.40.0-255,66,279365,76,279365
24811,0.0,74.125.24.0-255,219,219,76,279416
24812,2.1e-05,172.31.40.0-255,66,285,76,279416
24813,2.9e-05,74.125.24.0-255,1484,1769,76,279416
24814,3.3e-05,172.31.40.0-255,66,1835,76,279416
24815,4e-05,74.125.24.0-255,4320,6155,76,279416
24816,5.2e-05,172.31.40.0-255,66,6221,76,279416
24817,6.4e-05,172.31.40.0-255,66,6287,76,279416
24818,0.00024,74.125.24.0-255,1484,7771,76,279416
24819,0.000245,172.31.40.0-255,66,7837,76,279416
24820,0.000252,74.125.24.0-255,2902,10739,76,279416
24821,0.000253,172.31.40.0-255,66,10805,76,279416
24822,0.000285,74.125.24.0-255,5738,16543,76,279416
24823,0.000288,172.31.40.0-255,66,16609,76,279416
24824,0.000291,74.125.24.0-255,1484,18093,76,279416
24825,0.000292,172.31.40.0-255,66,18159,76,279416
24826,0.000334,74.125.24.0-255,5379,23538,76,279416
24827,0.000338,172.31.40.0-255,66,23604,76,279416
24828,0.000396,74.125.24.0-255,1484,25088,76,279416
24829,0.000399,172.31.40.0-255,66,25154,76,279416
24830,0.000404,74.125.24.0-255,2902,28056,76,279416
24831,0.000407,172.31.40.0-255,66,28122,76,279416
24832,0.000425,74.125.24.0-255,2902,31024,76,279416
24833,0.000427,172.31.40.0-255,66,31090,76,279416
24834,0.000447,74.125.24.0-255,2902,33992,76,279416
24835,0.00045,172.31.40.0-255,66,34058,76,279416
24836,0.000458,74.125.24.0-255,6797,40855,76,279416
24837,0.00046,172.31.40.0-255,66,40921,76,279416
24838,0.000498,172.31.40.0-255,66,40987,76,279416
24839,0.000502,74.125.24.0-255,2813,43800,76,279416
24840,0.000504,172.31.40.0-255,66,43866,76,279416
24841,0.000508,74.125.24.0-255,130,43996,76,279416
24842,0.000588,74.125.24.0-255,352,44348,76,279416
24843,0.000915,74.125.24.0-255,1484,45832,76,279416
24844,0.000921,172.31.40.0-255,66,45898,76,279416
24845,0.000926,74.125.24.0-255,2902,48800,76,279416
24846,0.000928,172.31.40.0-255,66,48866,76,279416
24847,0.000962,74.125.24.0-255,5738,54604,76,279416
24848,0.00097,74.125.24.0-255,7156,61760,76,279416
24849,0.000974,172.31.40.0-255,66,61826,76,279416
24850,0.000981,172.31.40.0-255,66,61892,76,279416
24851,0.001019,172.31.40.0-255,66,61958,76,279416
24852,0.001037,74.125.24.0-255,2184,64142,76,279416
24853,0.001039,172.31.40.0-255,66,64208,76,279416
24854,0.001134,74.125.24.0-255,1484,65692,76,279416
24855,0.001141,74.125.24.0-255,2902,68594,76,279416
24856,0.001144,172.31.40.0-255,66,68660,76,279416
24857,0.00115,74.125.24.0-255,4320,72980,76,279416
24858,0.001152,172.31.40.0-255,66,73046,76,279416
24859,0.00117,74.125.24.0-255,1484,74530,76,279416
24860,0.001175,74.125.24.0-255,4320,78850,76,279416
24861,0.001177,172.31.40.0-255,66,78916,76,279416
24862,0.001223,172.31.40.0-255,66,78982,76,279416
24863,0.001226,172.31.40.0-255,66,79048,76,279416
24864,0.00124,74.125.24.0-255,2184,81232,76,279416
24865,0.001243,172.31.40.0-255,66,81298,76,279416
24866,0.001341,74.125.24.0-255,1484,82782,76,279416
24867,0.001347,74.125.24.0-255,2902,85684,76,279416
24868,0.00135,172.31.40.0-255,66,85750,76,279416
24869,0.001354,74.125.24.0-255,1484,87234,76,279416
24870,0.001381,74.125.24.0-255,4320,91554,76,279416
24871,0.001384,172.31.40.0-255,66,91620,76,279416
24872,0.001399,172.31.40.0-255,66,91686,76,279416
24873,0.00143,172.31.40.0-255,66,91752,76,279416
24874,0.001576,74.125.24.0-255,1484,93236,76,279416
24875,0.001582,74.125.24.0-255,2902,96138,76,279416
24876,0.001585,172.31.40.0-255,66,96204,76,279416
24877,0.001614,74.125.24.0-255,5738,101942,76,279416
24878,0.001617,172.31.40.0-255,66,102008,76,279416
24879,0.001621,74.125.24.0-255,1484,103492,76,279416
24880,0.001627,74.125.24.0-255,4320,107812,76,279416
24881,0.001629,172.31.40.0-255,66,107878,76,279416
24882,0.001656,74.125.24.0-255,4320,112198,76,279416
24883,0.001658,172.31.40.0-255,66,112264,76,279416
24884,0.001678,172.31.40.0-255,66,112330,76,279416
24885,0.001703,74.125.24.0-255,5020,117350,76,279416
24886,0.001706,172.31.40.0-255,66,117416,76,279416
24887,0.001734,74.125.24.0-255,1484,118900,76,279416
24888,0.001738,74.125.24.0-255,2902,121802,76,279416
24889,0.00175,172.31.40.0-255,66,121868,76,279416
24890,0.001768,74.125.24.0-255,4320,126188,76,279416
24891,0.001771,172.31.40.0-255,66,126254,76,279416
24892,0.001797,74.125.24.0-255,1484,127738,76,279416
24893,0.0018,74.125.24.0-255,1484,129222,76,279416
24894,0.001803,172.31.40.0-255,66,129288,76,279416
24895,0.001814,172.31.40.0-255,66,129354,76,279416
24896,0.001829,172.31.40.0-255,66,129420,76,279416
24897,0.001856,74.125.24.0-255,1484,130904,76,279416
24898,0.001875,74.125.24.0-255,3602,134506,76,279416
24899,0.001879,172.31.40.0-255,66,134572,76,279416
24900,0.002008,74.125.24.0-255,1484,136056,76,279416
24901,0.002015,74.125.24.0-255,2902,138958,76,279416
24902,0.002019,172.31.40.0-255,66,139024,76,279416
24903,0.002026,74.125.24.0-255,5738,144762,76,279416
24904,0.002028,172.31.40.0-255,66,144828,76,279416
24905,0.002053,74.125.24.0-255,1484,146312,76,279416
24906,0.002099,172.31.40.0-255,66,146378,76,279416
24907,0.002116,172.31.40.0-255,66,146444,76,279416
24908,0.002119,74.125.24.0-255,766,147210,76,279416
24909,0.0022,74.125.24.0-255,1484,148694,76,279416
24910,0.002204,172.31.40.0-255,66,148760,76,279416
24911,0.002209,74.125.24.0-255,2902,151662,76,279416
24912,0.002211,172.31.40.0-255,66,151728,76,279416
24913,0.00224,74.125.24.0-255,5738,157466,76,279416
24914,0.002243,172.31.40.0-255,66,157532,76,279416
24915,0.004471,74.125.24.0-255,5738,163270,76,279416
24916,0.00448,172.31.40.0-255,66,163336,76,279416
24917,0.006706,74.125.24.0-255,5738,169074,76,279416
24918,0.006713,172.31.40.0-255,66,169140,76,279416
24919,0.008952,74.125.24.0-255,5738,174878,76,279416
24920,0.008969,172.31.40.0-255,66,174944,76,279416
24921,0.011182,74.125.24.0-255,5738,180682,76,279416
24922,0.011196,172.31.40.0-255,66,180748,76,279416
24923,0.013399,74.125.24.0-255,5738,186486,76,279416
24924,0.013408,172.31.40.0-255,66,186552,76,279416
24925,0.015608,74.125.24.0-255,5738,192290,76,279416
24926,0.015613,172.31.40.0-255,66,192356,76,279416
24927,0.017837,74.125.24.0-255,5738,198094,76,279416
24928,0.017848,172.31.40.0-255,66,198160,76,279416
24929,0.020089,74.125.24.0-255,5738,203898,76,279416
24930,0.020105,172.31.40.0-255,66,203964,76,279416
24931,0.02231,74.125.24.0-255,5738,209702,76,279416
24932,0.022317,172.31.40.0-255,66,209768,76,279416
24933,0.024516,74.125.24.0-255,5738,215506,76,279416
24934,0.024526,172.31.40.0-255,66,215572,76,279416
24935,0.026729,74.125.24.0-255,5738,221310,76,279416
24936,0.026738,172.31.40.0-255,66,221376,76,279416
24937,0.028957,74.125.24.0-255,5738,227114,76,279416
24938,0.028967,172.31.40.0-255,66,227180,76,279416
24939,0.031192,74.125.24.0-255,5738,232918,76,279416
24940,0.0312,172.31.40.0-255,66,232984,76,279416
24941,0.03342,74.125.24.0-255,5738,238722,76,279416
24942,0.033427,172.31.40.0-255,66,238788,76,279416
24943,0.035653,74.125.24.0-255,5738,244526,76,279416
24944,0.03566,172.31.40.0-255,66,244592,76,279416
24945,0.037886,74.125.24.0-255,5738,250330,76,279416
24946,0.037902,172.31.40.0-255,66,250396,76,279416
24947,0.040113,74.125.24.0-255,5738,256134,76,279416
24948,0.04012,172.31.40.0-255,66,256200,76,279416
24949,0.042323,74.125.24.0-255,5738,261938,76,279416
24950,0.042333,172.31.40.0-255,66,262004,76,279416
24951,0.044537,74.125.24.0-255,5738,267742,76,279416
24952,0.044544,172.31.40.0-255,66,267808,76,279416
24953,0.046783,74.125.24.0-255,5738,273546,76,279416
24954,0.046794,172.31.40.0-255,66,273612,76,279416
24955,0.049028,74.125.24.0-255,5738,279350,76,279416
24956,0.049043,172.31.40.0-255,66,279416,76,279416
24957,0.0,74.125.24.0-255,146,146,76,263637
24958,1.5e-05,172.31.40.0-255,66,212,76,263637
24959,2.2e-05,74.125.24.0-255,1484,1696,76,263637
24960,2.7e-05,172.31.40.0-255,66,1762,76,263637
24961,3.2e-05,74.125.24.0-255,2902,4664,76,263637
24962,3.6e-05,172.31.40.0-255,66,4730,76,263637
24963,5.1e-05,74.125.24.0-255,7156,11886,76,263637
24964,5.5e-05,172.31.40.0-255,66,11952,76,263637
24965,5.9e-05,74.125.24.0-255,2128,14080,76,263637
24966,6.2e-05,172.31.40.0-255,66,14146,76,263637
24967,8.2e-05,74.125.24.0-255,4320,18466,76,263637
24968,8.6e-05,172.31.40.0-255,66,18532,76,263637
24969,0.000123,74.125.24.0-255,7156,25688,76,263637
24970,0.000126,172.31.40.0-255,66,25754,76,263637
24971,0.000129,74.125.24.0-255,1484,27238,76,263637
24972,0.000131,172.31.40.0-255,66,27304,76,263637
24973,0.000158,74.125.24.0-255,3961,31265,76,263637
24974,0.000165,172.31.40.0-255,66,31331,76,263637
24975,0.000172,74.125.24.0-255,4320,35651,76,263637
24976,0.000174,172.31.40.0-255,66,35717,76,263637
24977,0.000177,74.125.24.0-255,1484,37201,76,263637
24978,0.00018,172.31.40.0-255,66,37267,76,263637
24979,0.000228,172.31.40.0-255,66,37333,76,263637
24980,0.000239,172.31.40.0-255,66,37399,76,263637
24981,0.000286,172.31.40.0-255,66,37465,76,263637
24982,0.000289,74.125.24.0-255,133,37598,76,263637
24983,0.000291,172.31.40.0-255,66,37664,76,263637
24984,0.00033,74.125.24.0-255,345,38009,76,263637
24985,0.000333,172.31.40.0-255,66,38075,76,263637
24986,0.000584,74.125.24.0-255,1484,39559,76,263637
24987,0.000592,74.125.24.0-255,2902,42461,76,263637
24988,0.00061,172.31.40.0-255,66,42527,76,263637
24989,0.000621,74.125.24.0-255,5738,48265,76,263637
24990,0.000627,172.31.40.0-255,66,48331,76,263637
24991,0.000678,172.31.40.0-255,66,48397,76,263637
24992,0.000696,74.125.24.0-255,4320,52717,76,263637
24993,0.000725,172.31.40.0-255,66,52783,76,263637
24994,0.001457,74.125.24.0-255,1484,54267,76,263637
24995,0.001466,74.125.24.0-255,2902,57169,76,263637
24996,0.00147,172.31.40.0-255,66,57235,76,263637
24997,0.001477,74.125.24.0-255,4320,61555,76,263637
24998,0.001479,172.31.40.0-255,66,61621,76,263637
24999,0.001498,74.125.24.0-255,1484,63105,76,263637
25000,0.001504,74.125.24.0-255,4320,67425,76,263637
25001,0.00151,172.31.40.0-255,66,67491,76,263637
25002,0.001548,172.31.40.0-255,66,67557,76,263637
25003,0.001562,172.31.40.0-255,66,67623,76,263637
25004,0.00158,172.31.40.0-255,66,67689,76,263637
25005,0.001585,74.125.24.0-255,4320,72009,76,263637
25006,0.001587,172.31.40.0-255,66,72075,76,263637
25007,0.001659,74.125.24.0-255,5738,77813,76,263637
25008,0.001689,74.125.24.0-255,5020,82833,76,263637
25009,0.001823,74.125.24.0-255,1484,84317,76,263637
25010,0.00183,74.125.24.0-255,2902,87219,76,263637
25011,0.001857,74.125.24.0-255,5738,92957,76,263637
25012,0.001862,74.125.24.0-255,1484,94441,76,263637
25013,0.001883,74.125.24.0-255,2902,97343,76,263637
25014,0.001897,74.125.24.0-255,1484,98827,76,263637
25015,0.001913,74.125.24.0-255,7156,105983,76,263637
25016,0.001941,74.125.24.0-255,4320,110303,76,263637
25017,0.001958,74.125.24.0-255,6438,116741,76,263637
25018,0.002185,74.125.24.0-255,1484,118225,76,263637
25019,0.002193,74.125.24.0-255,2902,121127,76,263637
25020,0.002199,74.125.24.0-255,5738,126865,76,263637
25021,0.002203,74.125.24.0-255,1484,128349,76,263637
25022,0.002322,74.125.24.0-255,1484,129833,76,263637
25023,0.002344,74.125.24.0-255,2902,132735,76,263637
25024,0.002353,74.125.24.0-255,5738,138473,76,263637
25025,0.002374,74.125.24.0-255,5738,144211,76,263637
25026,0.002426,74.125.24.0-255,7156,151367,76,263637
25027,0.002466,74.125.24.0-255,1484,152851,76,263637
25028,0.002469,74.125.24.0-255,766,153617,76,263637
25029,0.002472,74.125.24.0-255,1484,155101,76,263637
25030,0.002477,74.125.24.0-255,4320,159421,76,263637
25031,0.002484,74.125.24.0-255,7156,166577,76,263637
25032,0.002521,74.125.24.0-255,5020,171597,76,263637
25033,0.007081,172.31.40.0-255,66,171663,76,263637
25034,0.009658,74.125.24.0-255,5738,177401,76,263637
25035,0.009669,172.31.40.0-255,66,177467,76,263637
25036,0.012219,74.125.24.0-255,4320,181787,76,263637
25037,0.012224,172.31.40.0-255,66,181853,76,263637
25038,0.012249,74.125.24.0-255,1484,183337,76,263637
25039,0.014805,74.125.24.0-255,4320,187657,76,263637
25040,0.014816,172.31.40.0-255,66,187723,76,263637
25041,0.017408,74.125.24.0-255,5738,193461,76,263637
25042,0.017427,172.31.40.0-255,66,193527,76,263637
25043,0.020021,74.125.24.0-255,5738,199265,76,263637
25044,0.020028,172.31.40.0-255,66,199331,76,263637
25045,0.022662,74.125.24.0-255,5738,205069,76,263637
25046,0.022671,172.31.40.0-255,66,205135,76,263637
25047,0.025239,74.125.24.0-255,5738,210873,76,263637
25048,0.025257,172.31.40.0-255,66,210939,76,263637
25049,0.027813,74.125.24.0-255,5738,216677,76,263637
25050,0.02782,172.31.40.0-255,66,216743,76,263637
25051,0.030385,74.125.24.0-255,5738,222481,76,263637
25052,0.030393,172.31.40.0-255,66,222547,76,263637
25053,0.033035,74.125.24.0-255,5738,228285,76,263637
25054,0.033055,172.31.40.0-255,66,228351,76,263637
25055,0.035628,74.125.24.0-255,5738,234089,76,263637
25056,0.035636,172.31.40.0-255,66,234155,76,263637
25057,0.038214,74.125.24.0-255,5738,239893,76,263637
25058,0.038225,172.31.40.0-255,66,239959,76,263637
25059,0.040822,74.125.24.0-255,5738,245697,76,263637
25060,0.040838,172.31.40.0-255,66,245763,76,263637
25061,0.043379,74.125.24.0-255,2902,248665,76,263637
25062,0.043386,172.31.40.0-255,66,248731,76,263637
25063,0.043409,74.125.24.0-255,2902,251633,76,263637
25064,0.043413,172.31.40.0-255,66,251699,76,263637
25065,0.045952,74.125.24.0-255,2902,254601,76,263637
25066,0.04597,172.31.40.0-255,66,254667,76,263637
25067,0.046014,74.125.24.0-255,2902,257569,76,263637
25068,0.046018,172.31.40.0-255,66,257635,76,263637
25069,0.048547,74.125.24.0-255,2902,260537,76,263637
25070,0.048555,172.31.40.0-255,66,260603,76,263637
25071,0.048617,74.125.24.0-255,1484,262087,76,263637
25072,0.048629,74.125.24.0-255,1484,263571,76,263637
25073,0.048631,172.31.40.0-255,66,263637,76,263637
25074,0.0,74.125.24.0-255,152,152,76,262987
25075,1.6e-05,172.31.40.0-255,66,218,76,262987
25076,2.3e-05,74.125.24.0-255,1484,1702,76,262987
25077,2.7e-05,172.31.40.0-255,66,1768,76,262987
25078,3.2e-05,74.125.24.0-255,2902,4670,76,262987
25079,3.5e-05,172.31.40.0-255,66,4736,76,262987
25080,4.9e-05,74.125.24.0-255,7156,11892,76,262987
25081,5.2e-05,172.31.40.0-255,66,11958,76,262987
25082,9.5e-05,172.31.40.0-255,66,12024,76,262987
25083,0.000119,74.125.24.0-255,1484,13508,76,262987
25084,0.000122,172.31.40.0-255,66,13574,76,262987
25085,0.000155,74.125.24.0-255,6797,20371,76,262987
25086,0.000158,172.31.40.0-255,66,20437,76,262987
25087,0.00063,74.125.24.0-255,1484,21921,76,262987
25088,0.000635,172.31.40.0-255,66,21987,76,262987
25089,0.000642,74.125.24.0-255,2902,24889,76,262987
25090,0.000644,172.31.40.0-255,66,24955,76,262987
25091,0.000655,74.125.24.0-255,5738,30693,76,262987
25092,0.000657,172.31.40.0-255,66,30759,76,262987
25093,0.000662,74.125.24.0-255,2902,33661,76,262987
25094,0.000665,172.31.40.0-255,66,33727,76,262987
25095,0.000717,172.31.40.0-255,66,33793,76,262987
25096,0.00073,172.31.40.0-255,66,33859,76,262987
25097,0.000737,74.125.24.0-255,7156,41015,76,262987
25098,0.00074,172.31.40.0-255,66,41081,76,262987
25099,0.000766,74.125.24.0-255,4320,45401,76,262987
25100,0.000769,172.31.40.0-255,66,45467,76,262987
25101,0.000779,172.31.40.0-255,66,45533,76,262987
25102,0.000812,74.125.24.0-255,3961,49494,76,262987
25103,0.000815,172.31.40.0-255,66,49560,76,262987
25104,0.00083,172.31.40.0-255,66,49626,76,262987
25105,0.000833,74.125.24.0-255,1484,51110,76,262987
25106,0.00087,172.31.40.0-255,66,51176,76,262987
25107,0.001242,74.125.24.0-255,1484,52660,76,262987
25108,0.001262,74.125.24.0-255,2902,55562,76,262987
25109,0.001265,172.31.40.0-255,66,55628,76,262987
25110,0.001268,74.125.24.0-255,1484,57112,76,262987
25111,0.001289,74.125.24.0-255,4320,61432,76,262987
25112,0.001293,74.125.24.0-255,2902,64334,76,262987
25113,0.001297,172.31.40.0-255,66,64400,76,262987
25114,0.0013,172.31.40.0-255,66,64466,76,262987
25115,0.001322,172.31.40.0-255,66,64532,76,262987
25116,0.001361,172.31.40.0-255,66,64598,76,262987
25117,0.001392,74.125.24.0-255,1484,66082,76,262987
25118,0.001409,74.125.24.0-255,2902,68984,76,262987
25119,0.001411,172.31.40.0-255,66,69050,76,262987
25120,0.001417,74.125.24.0-255,5738,74788,76,262987
25121,0.001419,172.31.40.0-255,66,74854,76,262987
25122,0.001461,172.31.40.0-255,66,74920,76,262987
25123,0.001499,172.31.40.0-255,66,74986,76,262987
25124,0.001517,74.125.24.0-255,1484,76470,76,262987
25125,0.00152,74.125.24.0-255,766,77236,76,262987
25126,0.001522,172.31.40.0-255,66,77302,76,262987
25127,0.001576,74.125.24.0-255,1484,78786,76,262987
25128,0.001578,74.125.24.0-255,1484,80270,76,262987
25129,0.001583,172.31.40.0-255,66,80336,76,262987
25130,0.001592,74.125.24.0-255,1484,81820,76,262987
25131,0.001597,74.125.24.0-255,2902,84722,76,262987
25132,0.001599,172.31.40.0-255,66,84788,76,262987
25133,0.001628,74.125.24.0-255,2902,87690,76,262987
25134,0.00163,172.31.40.0-255,66,87756,76,262987
25135,0.001644,172.31.40.0-255,66,87822,76,262987
25136,0.001679,172.31.40.0-255,66,87888,76,262987
25137,0.001837,74.125.24.0-255,1484,89372,76,262987
25138,0.00185,74.125.24.0-255,2902,92274,76,262987
25139,0.001854,172.31.40.0-255,66,92340,76,262987
25140,0.001861,74.125.24.0-255,5738,98078,76,262987
25141,0.001863,172.31.40.0-255,66,98144,76,262987
25142,0.001886,74.125.24.0-255,5738,103882,76,262987
25143,0.001889,172.31.40.0-255,66,103948,76,262987
25144,0.001921,74.125.24.0-255,7156,111104,76,262987
25145,0.001925,172.31.40.0-255,66,111170,76,262987
25146,0.001932,74.125.24.0-255,7156,118326,76,262987
25147,0.001934,172.31.40.0-255,66,118392,76,262987
25148,0.001958,74.125.24.0-255,3602,121994,76,262987
25149,0.00196,172.31.40.0-255,66,122060,76,262987
25150,0.00198,74.125.24.0-255,7156,129216,76,262987
25151,0.001983,172.31.40.0-255,66,129282,76,262987
25152,0.002031,172.31.40.0-255,66,129348,76,262987
25153,0.002042,172.31.40.0-255,66,129414,76,262987
25154,0.002066,74.125.24.0-255,1484,130898,76,262987
25155,0.00207,74.125.24.0-255,1484,132382,76,262987
25156,0.002073,172.31.40.0-255,66,132448,76,262987
25157,0.002104,74.125.24.0-255,1484,133932,76,262987
25158,0.00211,74.125.24.0-255,5738,139670,76,262987
25159,0.002113,172.31.40.0-255,66,139736,76,262987
25160,0.00212,74.125.24.0-255,5738,145474,76,262987
25161,0.002122,172.31.40.0-255,66,145540,76,262987
25162,0.002142,74.125.24.0-255,4320,149860,76,262987
25163,0.002149,172.31.40.0-255,66,149926,76,262987
25164,0.004167,74.125.24.0-255,4320,154246,76,262987
25165,0.004174,172.31.40.0-255,66,154312,76,262987
25166,0.004204,74.125.24.0-255,1484,155796,76,262987
25167,0.006246,74.125.24.0-255,4320,160116,76,262987
25168,0.00625,172.31.40.0-255,66,160182,76,262987
25169,0.008309,74.125.24.0-255,5738,165920,76,262987
25170,0.008315,172.31.40.0-255,66,165986,76,262987
25171,0.010365,74.125.24.0-255,5738,171724,76,262987
25172,0.010371,172.31.40.0-255,66,171790,76,262987
25173,0.012476,74.125.24.0-255,5738,177528,76,262987
25174,0.012483,172.31.40.0-255,66,177594,76,262987
25175,0.014557,74.125.24.0-255,5738,183332,76,262987
25176,0.014566,172.31.40.0-255,66,183398,76,262987
25177,0.016659,74.125.24.0-255,5738,189136,76,262987
25178,0.016671,172.31.40.0-255,66,189202,76,262987
25179,0.018783,74.125.24.0-255,4320,193522,76,262987
25180,0.018791,172.31.40.0-255,66,193588,76,262987
25181,0.018818,74.125.24.0-255,1484,195072,76,262987
25182,0.020841,74.125.24.0-255,4320,199392,76,262987
25183,0.020848,172.31.40.0-255,66,199458,76,262987
25184,0.022883,74.125.24.0-255,5738,205196,76,262987
25185,0.02289,172.31.40.0-255,66,205262,76,262987
25186,0.02497,74.125.24.0-255,5738,211000,76,262987
25187,0.024978,172.31.40.0-255,66,211066,76,262987
25188,0.027027,74.125.24.0-255,5738,216804,76,262987
25189,0.027033,172.31.40.0-255,66,216870,76,262987
25190,0.029065,74.125.24.0-255,5738,222608,76,262987
25191,0.029073,172.31.40.0-255,66,222674,76,262987
25192,0.031123,74.125.24.0-255,5738,228412,76,262987
25193,0.031129,172.31.40.0-255,66,228478,76,262987
25194,0.033187,74.125.24.0-255,5738,234216,76,262987
25195,0.033194,172.31.40.0-255,66,234282,76,262987
25196,0.034313,172.31.40.0-255,172,234454,76,262987
25197,0.034345,172.31.40.0-255,1108,235562,76,262987
25198,0.034406,172.31.40.0-255,1514,237076,76,262987
25199,0.034409,172.31.40.0-255,1308,238384,76,262987
25200,0.035284,74.125.24.0-255,5738,244122,76,262987
25201,0.035292,172.31.40.0-255,66,244188,76,262987
25202,0.035867,104.244.42.0-255,66,244254,76,262987
25203,0.035895,104.244.42.0-255,66,244320,76,262987
25204,0.035965,104.244.42.0-255,66,244386,76,262987
25205,0.037375,74.125.24.0-255,5738,250124,76,262987
25206,0.037381,172.31.40.0-255,66,250190,76,262987
25207,0.039474,74.125.24.0-255,5738,255928,76,262987
25208,0.039479,172.31.40.0-255,66,255994,76,262987
25209,0.041545,74.125.24.0-255,5738,261732,76,262987
25210,0.041551,172.31.40.0-255,66,261798,76,262987
25211,0.043589,74.125.24.0-255,952,262750,76,262987
25212,0.043705,172.31.40.0-255,66,262816,76,262987
25213,0.043735,172.31.40.0-255,105,262921,76,262987
25214,0.045736,74.125.24.0-255,66,262987,76,262987
25215,0.0,74.125.24.0-255,153,153,76,222025
25216,2e-05,172.31.40.0-255,66,219,76,222025
25217,2.6e-05,74.125.24.0-255,1484,1703,76,222025
25218,3e-05,172.31.40.0-255,66,1769,76,222025
25219,3.5e-05,74.125.24.0-255,2902,4671,76,222025
25220,3.7e-05,172.31.40.0-255,66,4737,76,222025
25221,4.4e-05,74.125.24.0-255,7156,11893,76,222025
25222,5.3e-05,172.31.40.0-255,66,11959,76,222025
25223,5.7e-05,74.125.24.0-255,1993,13952,76,222025
25224,6e-05,172.31.40.0-255,66,14018,76,222025
25225,0.000105,74.125.24.0-255,2902,16920,76,222025
25226,0.000108,172.31.40.0-255,66,16986,76,222025
25227,0.000111,74.125.24.0-255,1484,18470,76,222025
25228,0.000113,172.31.40.0-255,66,18536,76,222025
25229,0.000118,74.125.24.0-255,4320,22856,76,222025
25230,0.000121,172.31.40.0-255,66,22922,76,222025
25231,0.000153,74.125.24.0-255,1484,24406,76,222025
25232,0.000155,172.31.40.0-255,66,24472,76,222025
25233,0.00016,74.125.24.0-255,2902,27374,76,222025
25234,0.000162,172.31.40.0-255,66,27440,76,222025
25235,0.000186,74.125.24.0-255,3961,31401,76,222025
25236,0.000189,172.31.40.0-255,66,31467,76,222025
25237,0.000564,74.125.24.0-255,1484,32951,76,222025
25238,0.00057,172.31.40.0-255,66,33017,76,222025
25239,0.000575,74.125.24.0-255,2902,35919,76,222025
25240,0.000577,172.31.40.0-255,66,35985,76,222025
25241,0.000584,74.125.24.0-255,5738,41723,76,222025
25242,0.000586,172.31.40.0-255,66,41789,76,222025
25243,0.000635,172.31.40.0-255,66,41855,76,222025
25244,0.000638,74.125.24.0-255,1484,43339,76,222025
25245,0.00064,172.31.40.0-255,66,43405,76,222025
25246,0.000678,172.31.40.0-255,66,43471,76,222025
25247,0.000824,74.125.24.0-255,399,43870,76,222025
25248,0.000979,172.31.40.0-255,66,43936,76,222025
25249,0.001258,74.125.24.0-255,343,44279,76,222025
25250,0.001299,74.125.24.0-255,1484,45763,76,222025
25251,0.001304,172.31.40.0-255,66,45829,76,222025
25252,0.001312,74.125.24.0-255,4320,50149,76,222025
25253,0.001314,172.31.40.0-255,66,50215,76,222025
25254,0.001331,74.125.24.0-255,1484,51699,76,222025
25255,0.001362,172.31.40.0-255,66,51765,76,222025
25256,0.001394,172.31.40.0-255,66,51831,76,222025
25257,0.001425,74.125.24.0-255,2902,54733,76,222025
25258,0.001427,172.31.40.0-255,66,54799,76,222025
25259,0.001435,74.125.24.0-255,6438,61237,76,222025
25260,0.001437,172.31.40.0-255,66,61303,76,222025
25261,0.001988,74.125.24.0-255,1484,62787,76,222025
25262,0.001997,74.125.24.0-255,2902,65689,76,222025
25263,0.002001,172.31.40.0-255,66,65755,76,222025
25264,0.002008,74.125.24.0-255,4320,70075,76,222025
25265,0.00201,172.31.40.0-255,66,70141,76,222025
25266,0.002031,74.125.24.0-255,1484,71625,76,222025
25267,0.002038,74.125.24.0-255,5738,77363,76,222025
25268,0.002042,172.31.40.0-255,66,77429,76,222025
25269,0.002075,74.125.24.0-255,7156,84585,76,222025
25270,0.002078,172.31.40.0-255,66,84651,76,222025
25271,0.00209,172.31.40.0-255,66,84717,76,222025
25272,0.00228,74.125.24.0-255,1484,86201,76,222025
25273,0.002295,74.125.24.0-255,2902,89103,76,222025
25274,0.002298,172.31.40.0-255,66,89169,76,222025
25275,0.002337,74.125.24.0-255,5738,94907,76,222025
25276,0.00234,172.31.40.0-255,66,94973,76,222025
25277,0.002353,74.125.24.0-255,2902,97875,76,222025
25278,0.002359,172.31.40.0-255,66,97941,76,222025
25279,0.002393,172.31.40.0-255,66,98007,76,222025
25280,0.002399,74.125.24.0-255,4320,102327,76,222025
25281,0.002401,172.31.40.0-255,66,102393,76,222025
25282,0.002431,74.125.24.0-255,1484,103877,76,222025
25283,0.002438,74.125.24.0-255,5020,108897,76,222025
25284,0.00244,172.31.40.0-255,66,108963,76,222025
25285,0.002651,74.125.24.0-255,1484,110447,76,222025
25286,0.002697,74.125.24.0-255,1484,111931,76,222025
25287,0.0027,172.31.40.0-255,66,111997,76,222025
25288,0.002706,74.125.24.0-255,2902,114899,76,222025
25289,0.002708,172.31.40.0-255,66,114965,76,222025
25290,0.002718,74.125.24.0-255,5738,120703,76,222025
25291,0.002721,172.31.40.0-255,66,120769,76,222025
25292,0.002726,74.125.24.0-255,4320,125089,76,222025
25293,0.002729,172.31.40.0-255,66,125155,76,222025
25294,0.002758,74.125.24.0-255,7156,132311,76,222025
25295,0.002761,172.31.40.0-255,66,132377,76,222025
25296,0.002766,74.125.24.0-255,4320,136697,76,222025
25297,0.002768,172.31.40.0-255,66,136763,76,222025
25298,0.00277,74.125.24.0-255,1484,138247,76,222025
25299,0.002775,74.125.24.0-255,4320,142567,76,222025
25300,0.002778,172.31.40.0-255,66,142633,76,222025
25301,0.002781,74.125.24.0-255,766,143399,76,222025
25302,0.003059,74.125.24.0-255,1484,144883,76,222025
25303,0.003062,172.31.40.0-255,66,144949,76,222025
25304,0.003067,74.125.24.0-255,2902,147851,76,222025
25305,0.00307,172.31.40.0-255,66,147917,76,222025
25306,0.003109,74.125.24.0-255,5738,153655,76,222025
25307,0.003112,172.31.40.0-255,66,153721,76,222025
25308,0.003126,74.125.24.0-255,4320,158041,76,222025
25309,0.003132,172.31.40.0-255,66,158107,76,222025
25310,0.003165,172.31.40.0-255,66,158173,76,222025
25311,0.003197,74.125.24.0-255,5738,163911,76,222025
25312,0.0032,172.31.40.0-255,66,163977,76,222025
25313,0.003228,74.125.24.0-255,5020,168997,76,222025
25314,0.00323,172.31.40.0-255,66,169063,76,222025
25315,0.003255,74.125.24.0-255,1484,170547,76,222025
25316,0.003269,74.125.24.0-255,2902,173449,76,222025
25317,0.003272,172.31.40.0-255,66,173515,76,222025
25318,0.003275,74.125.24.0-255,1484,174999,76,222025
25319,0.003299,74.125.24.0-255,5738,180737,76,222025
25320,0.003301,172.31.40.0-255,66,180803,76,222025
25321,0.003321,74.125.24.0-255,1484,182287,76,222025
25322,0.003338,172.31.40.0-255,66,182353,76,222025
25323,0.003379,172.31.40.0-255,66,182419,76,222025
25324,0.003391,172.31.40.0-255,66,182485,76,222025
25325,0.003399,74.125.24.0-255,1484,183969,76,222025
25326,0.003431,74.125.24.0-255,5738,189707,76,222025
25327,0.003434,172.31.40.0-255,66,189773,76,222025
25328,0.003446,172.31.40.0-255,66,189839,76,222025
25329,0.003481,74.125.24.0-255,6438,196277,76,222025
25330,0.003483,172.31.40.0-255,66,196343,76,222025
25331,0.003491,74.125.24.0-255,7156,203499,76,222025
25332,0.003494,172.31.40.0-255,66,203565,76,222025
25333,0.003499,74.125.24.0-255,4320,207885,76,222025
25334,0.003501,172.31.40.0-255,66,207951,76,222025
25335,0.003522,74.125.24.0-255,2902,210853,76,222025
25336,0.003529,172.31.40.0-255,66,210919,76,222025
25337,0.003564,172.31.40.0-255,66,210985,76,222025
25338,0.003576,172.31.40.0-255,66,211051,76,222025
25339,0.00358,74.125.24.0-255,2902,213953,76,222025
25340,0.003582,172.31.40.0-255,66,214019,76,222025
25341,0.003617,172.31.40.0-255,66,214085,76,222025
25342,0.003667,172.31.40.0-255,66,214151,76,222025
25343,0.003716,74.125.24.0-255,2902,217053,76,222025
25344,0.003719,172.31.40.0-255,66,217119,76,222025
25345,0.003729,172.31.40.0-255,66,217185,76,222025
25346,0.003749,172.31.40.0-255,66,217251,76,222025
25347,0.003762,172.31.40.0-255,66,217317,76,222025
25348,0.003773,172.31.40.0-255,66,217383,76,222025
25349,0.003849,74.125.24.0-255,105,217488,76,222025
25350,0.006642,172.31.40.0-255,66,217554,76,222025
25351,0.006678,172.31.40.0-255,105,217659,76,222025
25352,0.009229,74.125.24.0-255,66,217725,76,222025
25353,0.031678,172.31.40.0-255,172,217897,76,222025
25354,0.031713,172.31.40.0-255,1109,219006,76,222025
25355,0.031768,172.31.40.0-255,1514,220520,76,222025
25356,0.03177,172.31.40.0-255,1307,221827,76,222025
25357,0.033248,104.244.42.0-255,66,221893,76,222025
25358,0.033274,104.244.42.0-255,66,221959,76,222025
25359,0.033326,104.244.42.0-255,66,222025,76,222025
25360,0.0,74.125.200.0-255,150,150,76,262873
25361,2.1e-05,172.31.40.0-255,66,216,76,262873
25362,2.8e-05,74.125.200.0-255,1484,1700,76,262873
25363,3.3e-05,172.31.40.0-255,66,1766,76,262873
25364,3.9e-05,74.125.200.0-255,2902,4668,76,262873
25365,4.3e-05,172.31.40.0-255,66,4734,76,262873
25366,5.1e-05,74.125.200.0-255,7156,11890,76,262873
25367,5.4e-05,172.31.40.0-255,66,11956,76,262873
25368,5.9e-05,74.125.200.0-255,2902,14858,76,262873
25369,6.1e-05,172.31.40.0-255,66,14924,76,262873
25370,8.8e-05,74.125.200.0-255,4987,19911,76,262873
25371,9.1e-05,172.31.40.0-255,66,19977,76,262873
25372,0.000103,172.31.40.0-255,66,20043,76,262873
25373,0.000121,74.125.200.0-255,1125,21168,76,262873
25374,0.000124,172.31.40.0-255,66,21234,76,262873
25375,0.000205,74.125.200.0-255,1484,22718,76,262873
25376,0.000209,172.31.40.0-255,66,22784,76,262873
25377,0.000214,74.125.200.0-255,2902,25686,76,262873
25378,0.000217,172.31.40.0-255,66,25752,76,262873
25379,0.000249,74.125.200.0-255,5738,31490,76,262873
25380,0.000252,172.31.40.0-255,66,31556,76,262873
25381,0.000254,74.125.200.0-255,1484,33040,76,262873
25382,0.000256,172.31.40.0-255,66,33106,76,262873
25383,0.000261,74.125.200.0-255,2902,36008,76,262873
25384,0.000263,172.31.40.0-255,66,36074,76,262873
25385,0.000297,74.125.200.0-255,6797,42871,76,262873
25386,0.0003,172.31.40.0-255,66,42937,76,262873
25387,0.000304,74.125.200.0-255,2902,45839,76,262873
25388,0.000306,172.31.40.0-255,66,45905,76,262873
25389,0.000344,74.125.200.0-255,1484,47389,76,262873
25390,0.000347,172.31.40.0-255,66,47455,76,262873
25391,0.000368,172.31.40.0-255,66,47521,76,262873
25392,0.000371,74.125.200.0-255,413,47934,76,262873
25393,0.000606,74.125.200.0-255,1484,49418,76,262873
25394,0.000611,172.31.40.0-255,66,49484,76,262873
25395,0.000616,74.125.200.0-255,2902,52386,76,262873
25396,0.000619,172.31.40.0-255,66,52452,76,262873
25397,0.000643,74.125.200.0-255,5738,58190,76,262873
25398,0.000646,172.31.40.0-255,66,58256,76,262873
25399,0.000653,74.125.200.0-255,5738,63994,76,262873
25400,0.000655,172.31.40.0-255,66,64060,76,262873
25401,0.000678,74.125.200.0-255,1484,65544,76,262873
25402,0.00069,172.31.40.0-255,66,65610,76,262873
25403,0.000718,172.31.40.0-255,66,65676,76,262873
25404,0.000856,74.125.200.0-255,1484,67160,76,262873
25405,0.000875,74.125.200.0-255,2902,70062,76,262873
25406,0.000878,172.31.40.0-255,66,70128,76,262873
25407,0.000897,74.125.200.0-255,5738,75866,76,262873
25408,0.0009,172.31.40.0-255,66,75932,76,262873
25409,0.000905,74.125.200.0-255,4320,80252,76,262873
25410,0.000908,172.31.40.0-255,66,80318,76,262873
25411,0.000929,74.125.200.0-255,1484,81802,76,262873
25412,0.000937,74.125.200.0-255,7156,88958,76,262873
25413,0.000939,172.31.40.0-255,66,89024,76,262873
25414,0.000956,74.125.200.0-255,4320,93344,76,262873
25415,0.00096,172.31.40.0-255,66,93410,76,262873
25416,0.000979,74.125.200.0-255,6438,99848,76,262873
25417,0.000982,172.31.40.0-255,66,99914,76,262873
25418,0.001415,74.125.200.0-255,1484,101398,76,262873
25419,0.001421,74.125.200.0-255,2902,104300,76,262873
25420,0.001425,172.31.40.0-255,66,104366,76,262873
25421,0.001445,74.125.200.0-255,2902,107268,76,262873
25422,0.001448,172.31.40.0-255,66,107334,76,262873
25423,0.00147,74.125.200.0-255,2902,110236,76,262873
25424,0.001473,172.31.40.0-255,66,110302,76,262873
25425,0.001479,74.125.200.0-255,4320,114622,76,262873
25426,0.001481,172.31.40.0-255,66,114688,76,262873
25427,0.001487,74.125.200.0-255,5738,120426,76,262873
25428,0.001489,172.31.40.0-255,66,120492,76,262873
25429,0.001514,74.125.200.0-255,2902,123394,76,262873
25430,0.001517,172.31.40.0-255,66,123460,76,262873
25431,0.001543,172.31.40.0-255,66,123526,76,262873
25432,0.001547,74.125.200.0-255,2184,125710,76,262873
25433,0.001549,172.31.40.0-255,66,125776,76,262873
25434,0.001769,74.125.200.0-255,1484,127260,76,262873
25435,0.001774,74.125.200.0-255,2902,130162,76,262873
25436,0.001778,172.31.40.0-255,66,130228,76,262873
25437,0.001805,74.125.200.0-255,4320,134548,76,262873
25438,0.001808,172.31.40.0-255,66,134614,76,262873
25439,0.001832,74.125.200.0-255,1484,136098,76,262873
25440,0.00184,74.125.200.0-255,7156,143254,76,262873
25441,0.001842,172.31.40.0-255,66,143320,76,262873
25442,0.001877,172.31.40.0-255,66,143386,76,262873
25443,0.001901,74.125.200.0-255,1484,144870,76,262873
25444,0.001918,74.125.200.0-255,766,145636,76,262873
25445,0.001922,172.31.40.0-255,66,145702,76,262873
25446,0.004222,74.125.200.0-255,2902,148604,76,262873
25447,0.004229,172.31.40.0-255,66,148670,76,262873
25448,0.004249,74.125.200.0-255,2902,151572,76,262873
25449,0.004252,172.31.40.0-255,66,151638,76,262873
25450,0.006574,74.125.200.0-255,2902,154540,76,262873
25451,0.006577,172.31.40.0-255,66,154606,76,262873
25452,0.006595,74.125.200.0-255,2902,157508,76,262873
25453,0.006598,172.31.40.0-255,66,157574,76,262873
25454,0.008929,74.125.200.0-255,2902,160476,76,262873
25455,0.008935,172.31.40.0-255,66,160542,76,262873
25456,0.008957,74.125.200.0-255,2902,163444,76,262873
25457,0.008959,172.31.40.0-255,66,163510,76,262873
25458,0.011301,74.125.200.0-255,4320,167830,76,262873
25459,0.011309,172.31.40.0-255,66,167896,76,262873
25460,0.011327,74.125.200.0-255,1484,169380,76,262873
25461,0.013688,74.125.200.0-255,4320,173700,76,262873
25462,0.013695,172.31.40.0-255,66,173766,76,262873
25463,0.016059,74.125.200.0-255,5738,179504,76,262873
25464,0.016067,172.31.40.0-255,66,179570,76,262873
25465,0.018423,74.125.200.0-255,5738,185308,76,262873
25466,0.018431,172.31.40.0-255,66,185374,76,262873
25467,0.020769,74.125.200.0-255,5738,191112,76,262873
25468,0.020776,172.31.40.0-255,66,191178,76,262873
25469,0.023117,74.125.200.0-255,5738,196916,76,262873
25470,0.023125,172.31.40.0-255,66,196982,76,262873
25471,0.025481,74.125.200.0-255,5738,202720,76,262873
25472,0.025498,172.31.40.0-255,66,202786,76,262873
25473,0.027865,74.125.200.0-255,5738,208524,76,262873
25474,0.027881,172.31.40.0-255,66,208590,76,262873
25475,0.03024,74.125.200.0-255,5738,214328,76,262873
25476,0.030251,172.31.40.0-255,66,214394,76,262873
25477,0.030891,172.31.40.0-255,172,214566,76,262873
25478,0.030925,172.31.40.0-255,1104,215670,76,262873
25479,0.030986,172.31.40.0-255,1514,217184,76,262873
25480,0.030988,172.31.40.0-255,345,217529,76,262873
25481,0.032422,104.244.42.0-255,66,217595,76,262873
25482,0.032506,104.244.42.0-255,66,217661,76,262873
25483,0.032559,104.244.42.0-255,66,217727,76,262873
25484,0.032578,74.125.200.0-255,1484,219211,76,262873
25485,0.032604,74.125.200.0-255,4320,223531,76,262873
25486,0.032609,172.31.40.0-255,66,223597,76,262873
25487,0.034958,74.125.200.0-255,5738,229335,76,262873
25488,0.034965,172.31.40.0-255,66,229401,76,262873
25489,0.037314,74.125.200.0-255,5738,235139,76,262873
25490,0.03732,172.31.40.0-255,66,235205,76,262873
25491,0.039657,74.125.200.0-255,4320,239525,76,262873
25492,0.039664,172.31.40.0-255,66,239591,76,262873
25493,0.039684,74.125.200.0-255,1484,241075,76,262873
25494,0.042012,74.125.200.0-255,4320,245395,76,262873
25495,0.042018,172.31.40.0-255,66,245461,76,262873
25496,0.044364,74.125.200.0-255,5738,251199,76,262873
25497,0.044369,172.31.40.0-255,66,251265,76,262873
25498,0.046732,74.125.200.0-255,5738,257003,76,262873
25499,0.04674,172.31.40.0-255,66,257069,76,262873
25500,0.04909,74.125.200.0-255,5738,262807,76,262873
25501,0.049097,172.31.40.0-255,66,262873,76,262873
25502,0.0,74.125.130.0-255,150,150,76,362931
25503,2.3e-05,172.31.40.0-255,66,216,76,362931
25504,3.2e-05,74.125.130.0-255,1484,1700,76,362931
25505,3.8e-05,172.31.40.0-255,66,1766,76,362931
25506,4.3e-05,74.125.130.0-255,2902,4668,76,362931
25507,4.7e-05,172.31.40.0-255,66,4734,76,362931
25508,7.2e-05,74.125.130.0-255,5738,10472,76,362931
25509,7.5e-05,172.31.40.0-255,66,10538,76,362931
25510,9.2e-05,74.125.130.0-255,1484,12022,76,362931
25511,9.5e-05,172.31.40.0-255,66,12088,76,362931
25512,0.000113,74.125.130.0-255,2134,14222,76,362931
25513,0.000116,172.31.40.0-255,66,14288,76,362931
25514,0.000179,74.125.130.0-255,1484,15772,76,362931
25515,0.000182,172.31.40.0-255,66,15838,76,362931
25516,0.000201,74.125.130.0-255,2902,18740,76,362931
25517,0.000204,172.31.40.0-255,66,18806,76,362931
25518,0.000207,74.125.130.0-255,1484,20290,76,362931
25519,0.000209,172.31.40.0-255,66,20356,76,362931
25520,0.000225,74.125.130.0-255,2902,23258,76,362931
25521,0.000227,172.31.40.0-255,66,23324,76,362931
25522,0.000268,74.125.130.0-255,4320,27644,76,362931
25523,0.000272,172.31.40.0-255,66,27710,76,362931
25524,0.000288,74.125.130.0-255,1484,29194,76,362931
25525,0.000291,172.31.40.0-255,66,29260,76,362931
25526,0.000319,74.125.130.0-255,2543,31803,76,362931
25527,0.000322,172.31.40.0-255,66,31869,76,362931
25528,0.000753,74.125.130.0-255,1484,33353,76,362931
25529,0.000759,172.31.40.0-255,66,33419,76,362931
25530,0.000776,74.125.130.0-255,1484,34903,76,362931
25531,0.000779,172.31.40.0-255,66,34969,76,362931
25532,0.000784,74.125.130.0-255,2902,37871,76,362931
25533,0.000786,172.31.40.0-255,66,37937,76,362931
25534,0.000814,74.125.130.0-255,5738,43675,76,362931
25535,0.000816,172.31.40.0-255,66,43741,76,362931
25536,0.00082,74.125.130.0-255,1484,45225,76,362931
25537,0.000835,74.125.130.0-255,1484,46709,76,362931
25538,0.000837,172.31.40.0-255,66,46775,76,362931
25539,0.000841,74.125.130.0-255,1484,48259,76,362931
25540,0.000855,74.125.130.0-255,2543,50802,76,362931
25541,0.000857,172.31.40.0-255,66,50868,76,362931
25542,0.000894,172.31.40.0-255,66,50934,76,362931
25543,0.00093,74.125.130.0-255,4320,55254,76,362931
25544,0.000933,172.31.40.0-255,66,55320,76,362931
25545,0.00095,74.125.130.0-255,2543,57863,76,362931
25546,0.000953,172.31.40.0-255,66,57929,76,362931
25547,0.001668,74.125.130.0-255,647,58576,76,362931
25548,0.001836,74.125.130.0-255,1484,60060,76,362931
25549,0.001843,172.31.40.0-255,66,60126,76,362931
25550,0.00186,74.125.130.0-255,2902,63028,76,362931
25551,0.001862,172.31.40.0-255,66,63094,76,362931
25552,0.001867,74.125.130.0-255,2902,65996,76,362931
25553,0.001869,172.31.40.0-255,66,66062,76,362931
25554,0.001894,74.125.130.0-255,2902,68964,76,362931
25555,0.001897,172.31.40.0-255,66,69030,76,362931
25556,0.001901,74.125.130.0-255,2902,71932,76,362931
25557,0.001903,172.31.40.0-255,66,71998,76,362931
25558,0.001908,74.125.130.0-255,4320,76318,76,362931
25559,0.001911,172.31.40.0-255,66,76384,76,362931
25560,0.001941,172.31.40.0-255,66,76450,76,362931
25561,0.001946,74.125.130.0-255,2902,79352,76,362931
25562,0.001948,172.31.40.0-255,66,79418,76,362931
25563,0.002,74.125.130.0-255,2902,82320,76,362931
25564,0.002003,172.31.40.0-255,66,82386,76,362931
25565,0.00202,74.125.130.0-255,2184,84570,76,362931
25566,0.002022,172.31.40.0-255,66,84636,76,362931
25567,0.002538,74.125.130.0-255,1484,86120,76,362931
25568,0.002564,74.125.130.0-255,2902,89022,76,362931
25569,0.002567,172.31.40.0-255,66,89088,76,362931
25570,0.002587,74.125.130.0-255,4320,93408,76,362931
25571,0.00259,172.31.40.0-255,66,93474,76,362931
25572,0.002608,74.125.130.0-255,1484,94958,76,362931
25573,0.002611,74.125.130.0-255,1484,96442,76,362931
25574,0.002613,172.31.40.0-255,66,96508,76,362931
25575,0.002655,74.125.130.0-255,2902,99410,76,362931
25576,0.002658,172.31.40.0-255,66,99476,76,362931
25577,0.002661,74.125.130.0-255,1484,100960,76,362931
25578,0.002665,74.125.130.0-255,2902,103862,76,362931
25579,0.002667,172.31.40.0-255,66,103928,76,362931
25580,0.002689,74.125.130.0-255,4320,108248,76,362931
25581,0.002692,172.31.40.0-255,66,108314,76,362931
25582,0.002708,74.125.130.0-255,1484,109798,76,362931
25583,0.002711,74.125.130.0-255,1484,111282,76,362931
25584,0.002713,172.31.40.0-255,66,111348,76,362931
25585,0.002715,74.125.130.0-255,1484,112832,76,362931
25586,0.002739,74.125.130.0-255,4320,117152,76,362931
25587,0.002742,172.31.40.0-255,66,117218,76,362931
25588,0.002764,74.125.130.0-255,1484,118702,76,362931
25589,0.002783,74.125.130.0-255,766,119468,76,362931
25590,0.002785,172.31.40.0-255,66,119534,76,362931
25591,0.002945,74.125.130.0-255,1484,121018,76,362931
25592,0.002964,74.125.130.0-255,2902,123920,76,362931
25593,0.002967,172.31.40.0-255,66,123986,76,362931
25594,0.002996,74.125.130.0-255,1484,125470,76,362931
25595,0.003017,74.125.130.0-255,4320,129790,76,362931
25596,0.00302,172.31.40.0-255,66,129856,76,362931
25597,0.003024,74.125.130.0-255,2902,132758,76,362931
25598,0.003026,172.31.40.0-255,66,132824,76,362931
25599,0.003052,74.125.130.0-255,4320,137144,76,362931
25600,0.003055,172.31.40.0-255,66,137210,76,362931
25601,0.003067,74.125.130.0-255,1484,138694,76,362931
25602,0.003085,74.125.130.0-255,5738,144432,76,362931
25603,0.003088,172.31.40.0-255,66,144498,76,362931
25604,0.003119,74.125.130.0-255,4320,148818,76,362931
25605,0.003121,172.31.40.0-255,66,148884,76,362931
25606,0.003142,74.125.130.0-255,4320,153204,76,362931
25607,0.003144,172.31.40.0-255,66,153270,76,362931
25608,0.003147,74.125.130.0-255,766,154036,76,362931
25609,0.003356,74.125.130.0-255,1484,155520,76,362931
25610,0.003358,172.31.40.0-255,66,155586,76,362931
25611,0.003376,74.125.130.0-255,2902,158488,76,362931
25612,0.003379,172.31.40.0-255,66,158554,76,362931
25613,0.003396,74.125.130.0-255,1484,160038,76,362931
25614,0.003421,74.125.130.0-255,1484,161522,76,362931
25615,0.003424,172.31.40.0-255,66,161588,76,362931
25616,0.003443,74.125.130.0-255,2902,164490,76,362931
25617,0.003445,172.31.40.0-255,66,164556,76,362931
25618,0.00346,74.125.130.0-255,1484,166040,76,362931
25619,0.003478,74.125.130.0-255,4320,170360,76,362931
25620,0.003481,172.31.40.0-255,66,170426,76,362931
25621,0.003484,74.125.130.0-255,1484,171910,76,362931
25622,0.003487,74.125.130.0-255,1484,173394,76,362931
25623,0.003489,172.31.40.0-255,66,173460,76,362931
25624,0.003515,74.125.130.0-255,2902,176362,76,362931
25625,0.003518,172.31.40.0-255,66,176428,76,362931
25626,0.003524,74.125.130.0-255,5738,182166,76,362931
25627,0.003527,172.31.40.0-255,66,182232,76,362931
25628,0.003531,74.125.130.0-255,2902,185134,76,362931
25629,0.003532,172.31.40.0-255,66,185200,76,362931
25630,0.003557,74.125.130.0-255,3602,188802,76,362931
25631,0.003559,172.31.40.0-255,66,188868,76,362931
25632,0.003854,74.125.130.0-255,1484,190352,76,362931
25633,0.003874,74.125.130.0-255,2902,193254,76,362931
25634,0.00388,172.31.40.0-255,66,193320,76,362931
25635,0.003883,74.125.130.0-255,1484,194804,76,362931
25636,0.0039,74.125.130.0-255,2902,197706,76,362931
25637,0.003903,172.31.40.0-255,66,197772,76,362931
25638,0.00394,74.125.130.0-255,4320,202092,76,362931
25639,0.003943,172.31.40.0-255,66,202158,76,362931
25640,0.003956,74.125.130.0-255,1484,203642,76,362931
25641,0.00396,74.125.130.0-255,1484,205126,76,362931
25642,0.003962,172.31.40.0-255,66,205192,76,362931
25643,0.004004,74.125.130.0-255,2902,208094,76,362931
25644,0.004008,172.31.40.0-255,66,208160,76,362931
25645,0.004015,74.125.130.0-255,4320,212480,76,362931
25646,0.004017,172.31.40.0-255,66,212546,76,362931
25647,0.004037,74.125.130.0-255,1484,214030,76,362931
25648,0.004041,74.125.130.0-255,2902,216932,76,362931
25649,0.004044,172.31.40.0-255,66,216998,76,362931
25650,0.004058,74.125.130.0-255,4320,221318,76,362931
25651,0.00406,172.31.40.0-255,66,221384,76,362931
25652,0.004074,74.125.130.0-255,2184,223568,76,362931
25653,0.004077,172.31.40.0-255,66,223634,76,362931
25654,0.004084,74.125.130.0-255,7156,230790,76,362931
25655,0.004087,172.31.40.0-255,66,230856,76,362931
25656,0.004094,74.125.130.0-255,1484,232340,76,362931
25657,0.004108,74.125.130.0-255,2902,235242,76,362931
25658,0.00411,172.31.40.0-255,66,235308,76,362931
25659,0.004157,74.125.130.0-255,4320,239628,76,362931
25660,0.004161,172.31.40.0-255,66,239694,76,362931
25661,0.004173,74.125.130.0-255,1484,241178,76,362931
25662,0.004205,74.125.130.0-255,2902,244080,76,362931
25663,0.004208,172.31.40.0-255,66,244146,76,362931
25664,0.00422,74.125.130.0-255,2902,247048,76,362931
25665,0.004223,172.31.40.0-255,66,247114,76,362931
25666,0.00423,74.125.130.0-255,5738,252852,76,362931
25667,0.004233,172.31.40.0-255,66,252918,76,362931
25668,0.00426,74.125.130.0-255,1484,254402,76,362931
25669,0.004265,74.125.130.0-255,3602,258004,76,362931
25670,0.00427,74.125.130.0-255,4320,262324,76,362931
25671,0.004272,74.125.130.0-255,1484,263808,76,362931
25672,0.004274,74.125.130.0-255,1484,265292,76,362931
25673,0.004279,172.31.40.0-255,66,265358,76,362931
25674,0.004282,172.31.40.0-255,66,265424,76,362931
25675,0.00429,172.31.40.0-255,66,265490,76,362931
25676,0.004294,74.125.130.0-255,1484,266974,76,362931
25677,0.004298,74.125.130.0-255,2902,269876,76,362931
25678,0.0043,172.31.40.0-255,66,269942,76,362931
25679,0.004315,74.125.130.0-255,2902,272844,76,362931
25680,0.004317,172.31.40.0-255,66,272910,76,362931
25681,0.004322,74.125.130.0-255,4320,277230,76,362931
25682,0.004325,172.31.40.0-255,66,277296,76,362931
25683,0.004346,74.125.130.0-255,5738,283034,76,362931
25684,0.004349,172.31.40.0-255,66,283100,76,362931
25685,0.004412,172.31.40.0-255,66,283166,76,362931
25686,0.004414,74.125.130.0-255,1484,284650,76,362931
25687,0.004431,74.125.130.0-255,2902,287552,76,362931
25688,0.004434,172.31.40.0-255,66,287618,76,362931
25689,0.004436,74.125.130.0-255,1484,289102,76,362931
25690,0.00444,74.125.130.0-255,1484,290586,76,362931
25691,0.004442,172.31.40.0-255,66,290652,76,362931
25692,0.004453,74.125.130.0-255,1484,292136,76,362931
25693,0.004455,74.125.130.0-255,1484,293620,76,362931
25694,0.004458,172.31.40.0-255,66,293686,76,362931
25695,0.004463,74.125.130.0-255,2902,296588,76,362931
25696,0.004465,172.31.40.0-255,66,296654,76,362931
25697,0.004467,74.125.130.0-255,1484,298138,76,362931
25698,0.004483,74.125.130.0-255,1484,299622,76,362931
25699,0.004487,172.31.40.0-255,66,299688,76,362931
25700,0.004497,74.125.130.0-255,4320,304008,76,362931
25701,0.004499,172.31.40.0-255,66,304074,76,362931
25702,0.004535,74.125.130.0-255,5738,309812,76,362931
25703,0.004538,172.31.40.0-255,66,309878,76,362931
25704,0.004559,74.125.130.0-255,4320,314198,76,362931
25705,0.004562,172.31.40.0-255,66,314264,76,362931
25706,0.004566,74.125.130.0-255,2184,316448,76,362931
25707,0.004568,172.31.40.0-255,66,316514,76,362931
25708,0.00457,74.125.130.0-255,1484,317998,76,362931
25709,0.004576,74.125.130.0-255,2902,320900,76,362931
25710,0.004578,172.31.40.0-255,66,320966,76,362931
25711,0.004602,74.125.130.0-255,2902,323868,76,362931
25712,0.004604,172.31.40.0-255,66,323934,76,362931
25713,0.004616,172.31.40.0-255,66,324000,76,362931
25714,0.00462,74.125.130.0-255,2902,326902,76,362931
25715,0.004622,172.31.40.0-255,66,326968,76,362931
25716,0.004641,74.125.130.0-255,7156,334124,76,362931
25717,0.004645,172.31.40.0-255,66,334190,76,362931
25718,0.004676,74.125.130.0-255,1484,335674,76,362931
25719,0.004712,172.31.40.0-255,66,335740,76,362931
25720,0.004719,74.125.130.0-255,5738,341478,76,362931
25721,0.004721,172.31.40.0-255,66,341544,76,362931
25722,0.004745,74.125.130.0-255,5738,347282,76,362931
25723,0.004749,74.125.130.0-255,2902,350184,76,362931
25724,0.004753,172.31.40.0-255,66,350250,76,362931
25725,0.004756,172.31.40.0-255,66,350316,76,362931
25726,0.004781,74.125.130.0-255,7156,357472,76,362931
25727,0.004796,74.125.130.0-255,4320,361792,76,362931
25728,0.0048,172.31.40.0-255,66,361858,76,362931
25729,0.004803,172.31.40.0-255,66,361924,76,362931
25730,0.004805,172.31.40.0-255,66,361990,76,362931
25731,0.004829,74.125.130.0-255,482,362472,76,362931
25732,0.004873,74.125.130.0-255,105,362577,76,362931
25733,0.015436,74.125.130.0-255,105,362682,76,362931
25734,0.015447,172.31.40.0-255,78,362760,76,362931
25735,0.016209,172.31.40.0-255,105,362865,76,362931
25736,0.018729,74.125.130.0-255,66,362931,76,362931
25737,0.0,172.217.194.0-255,153,153,76,190659
25738,2.2e-05,172.31.40.0-255,66,219,76,190659
25739,2.9e-05,172.217.194.0-255,1484,1703,76,190659
25740,3.3e-05,172.31.40.0-255,66,1769,76,190659
25741,4.8e-05,172.217.194.0-255,2902,4671,76,190659
25742,5.1e-05,172.31.40.0-255,66,4737,76,190659
25743,5.6e-05,172.217.194.0-255,2902,7639,76,190659
25744,5.9e-05,172.31.40.0-255,66,7705,76,190659
25745,8.1e-05,172.217.194.0-255,2902,10607,76,190659
25746,8.4e-05,172.31.40.0-255,66,10673,76,190659
25747,9.4e-05,172.217.194.0-255,3572,14245,76,190659
25748,9.7e-05,172.31.40.0-255,66,14311,76,190659
25749,0.000102,172.217.194.0-255,4320,18631,76,190659
25750,0.000105,172.31.40.0-255,66,18697,76,190659
25751,0.000149,172.31.40.0-255,66,18763,76,190659
25752,0.000152,172.217.194.0-255,1484,20247,76,190659
25753,0.000154,172.31.40.0-255,66,20313,76,190659
25754,0.000178,172.217.194.0-255,1125,21438,76,190659
25755,0.000181,172.31.40.0-255,66,21504,76,190659
25756,0.000302,172.217.194.0-255,1484,22988,76,190659
25757,0.000306,172.31.40.0-255,66,23054,76,190659
25758,0.000311,172.217.194.0-255,2902,25956,76,190659
25759,0.000314,172.31.40.0-255,66,26022,76,190659
25760,0.000334,172.217.194.0-255,4320,30342,76,190659
25761,0.000338,172.31.40.0-255,66,30408,76,190659
25762,0.00036,172.217.194.0-255,1484,31892,76,190659
25763,0.000363,172.31.40.0-255,66,31958,76,190659
25764,0.00037,172.217.194.0-255,5738,37696,76,190659
25765,0.000373,172.31.40.0-255,66,37762,76,190659
25766,0.000383,172.31.40.0-255,66,37828,76,190659
25767,0.000411,172.217.194.0-255,5379,43207,76,190659
25768,0.000414,172.31.40.0-255,66,43273,76,190659
25769,0.000419,172.217.194.0-255,4214,47487,76,190659
25770,0.000421,172.31.40.0-255,66,47553,76,190659
25771,0.000423,172.217.194.0-255,433,47986,76,190659
25772,0.000606,172.217.194.0-255,1484,49470,76,190659
25773,0.000612,172.31.40.0-255,66,49536,76,190659
25774,0.000617,172.217.194.0-255,2902,52438,76,190659
25775,0.00062,172.31.40.0-255,66,52504,76,190659
25776,0.000631,172.217.194.0-255,5738,58242,76,190659
25777,0.000633,172.31.40.0-255,66,58308,76,190659
25778,0.000668,172.217.194.0-255,7156,65464,76,190659
25779,0.000672,172.31.40.0-255,66,65530,76,190659
25780,0.000678,172.217.194.0-255,4320,69850,76,190659
25781,0.00068,172.31.40.0-255,66,69916,76,190659
25782,0.000717,172.31.40.0-255,66,69982,76,190659
25783,0.000721,172.217.194.0-255,2184,72166,76,190659
25784,0.000723,172.31.40.0-255,66,72232,76,190659
25785,0.000748,172.217.194.0-255,1484,73716,76,190659
25786,0.000761,172.217.194.0-255,1484,75200,76,190659
25787,0.000764,172.31.40.0-255,66,75266,76,190659
25788,0.000769,172.217.194.0-255,4320,79586,76,190659
25789,0.000772,172.31.40.0-255,66,79652,76,190659
25790,0.000776,172.217.194.0-255,2902,82554,76,190659
25791,0.000782,172.31.40.0-255,66,82620,76,190659
25792,0.000805,172.217.194.0-255,5738,88358,76,190659
25793,0.000832,172.31.40.0-255,66,88424,76,190659
25794,0.000836,172.31.40.0-255,66,88490,76,190659
25795,0.00084,172.217.194.0-255,2902,91392,76,190659
25796,0.000842,172.31.40.0-255,66,91458,76,190659
25797,0.000857,172.217.194.0-255,2184,93642,76,190659
25798,0.000863,172.31.40.0-255,66,93708,76,190659
25799,0.000962,172.217.194.0-255,1484,95192,76,190659
25800,0.000968,172.217.194.0-255,2902,98094,76,190659
25801,0.000972,172.31.40.0-255,66,98160,76,190659
25802,0.001,172.217.194.0-255,5738,103898,76,190659
25803,0.001003,172.31.40.0-255,66,103964,76,190659
25804,0.00101,172.217.194.0-255,7156,111120,76,190659
25805,0.001012,172.31.40.0-255,66,111186,76,190659
25806,0.001036,172.217.194.0-255,1484,112670,76,190659
25807,0.001061,172.31.40.0-255,66,112736,76,190659
25808,0.001101,172.217.194.0-255,2184,114920,76,190659
25809,0.001104,172.31.40.0-255,66,114986,76,190659
25810,0.001151,172.217.194.0-255,1484,116470,76,190659
25811,0.001167,172.217.194.0-255,2902,119372,76,190659
25812,0.001171,172.31.40.0-255,66,119438,76,190659
25813,0.001177,172.217.194.0-255,5738,125176,76,190659
25814,0.001179,172.31.40.0-255,66,125242,76,190659
25815,0.001214,172.31.40.0-255,66,125308,76,190659
25816,0.001248,172.217.194.0-255,2902,128210,76,190659
25817,0.001251,172.31.40.0-255,66,128276,76,190659
25818,0.001278,172.31.40.0-255,66,128342,76,190659
25819,0.001301,172.217.194.0-255,1484,129826,76,190659
25820,0.00132,172.217.194.0-255,2902,132728,76,190659
25821,0.001322,172.31.40.0-255,66,132794,76,190659
25822,0.001326,172.217.194.0-255,1484,134278,76,190659
25823,0.001356,172.217.194.0-255,4320,138598,76,190659
25824,0.001359,172.31.40.0-255,66,138664,76,190659
25825,0.001373,172.31.40.0-255,66,138730,76,190659
25826,0.00146,172.31.40.0-255,66,138796,76,190659
25827,0.001463,172.217.194.0-255,1484,140280,76,190659
25828,0.001482,172.31.40.0-255,66,140346,76,190659
25829,0.001522,172.31.40.0-255,66,140412,76,190659
25830,0.001679,172.217.194.0-255,1484,141896,76,190659
25831,0.001684,172.217.194.0-255,2902,144798,76,190659
25832,0.001687,172.31.40.0-255,66,144864,76,190659
25833,0.001694,172.217.194.0-255,5738,150602,76,190659
25834,0.001696,172.31.40.0-255,66,150668,76,190659
25835,0.001703,172.217.194.0-255,5738,156406,76,190659
25836,0.001705,172.31.40.0-255,66,156472,76,190659
25837,0.001738,172.31.40.0-255,66,156538,76,190659
25838,0.001761,172.217.194.0-255,4320,160858,76,190659
25839,0.001763,172.31.40.0-255,66,160924,76,190659
25840,0.00177,172.217.194.0-255,5020,165944,76,190659
25841,0.001773,172.31.40.0-255,66,166010,76,190659
25842,0.001799,172.217.194.0-255,4320,170330,76,190659
25843,0.001801,172.31.40.0-255,66,170396,76,190659
25844,0.001842,172.217.194.0-255,1484,171880,76,190659
25845,0.001849,172.217.194.0-255,5738,177618,76,190659
25846,0.001852,172.31.40.0-255,66,177684,76,190659
25847,0.001866,172.31.40.0-255,66,177750,76,190659
25848,0.001877,172.31.40.0-255,66,177816,76,190659
25849,0.001888,172.31.40.0-255,66,177882,76,190659
25850,0.001927,172.31.40.0-255,66,177948,76,190659
25851,0.00194,172.217.194.0-255,1484,179432,76,190659
25852,0.001946,172.217.194.0-255,4320,183752,76,190659
25853,0.001949,172.31.40.0-255,66,183818,76,190659
25854,0.001983,172.31.40.0-255,66,183884,76,190659
25855,0.001994,172.31.40.0-255,66,183950,76,190659
25856,0.002019,172.217.194.0-255,2902,186852,76,190659
25857,0.002022,172.31.40.0-255,66,186918,76,190659
25858,0.002056,172.31.40.0-255,66,186984,76,190659
25859,0.002059,172.217.194.0-255,105,187089,76,190659
25860,0.007668,172.31.40.0-255,66,187155,76,190659
25861,0.007718,172.31.40.0-255,105,187260,76,190659
25862,0.010284,172.217.194.0-255,66,187326,76,190659
25863,0.030537,172.31.40.0-255,172,187498,76,190659
25864,0.030566,172.31.40.0-255,1104,188602,76,190659
25865,0.030624,172.31.40.0-255,1514,190116,76,190659
25866,0.030625,172.31.40.0-255,345,190461,76,190659
25867,0.032077,104.244.42.0-255,66,190527,76,190659
25868,0.032099,104.244.42.0-255,66,190593,76,190659
25869,0.032149,104.244.42.0-255,66,190659,76,190659
25870,0.0,74.125.130.0-255,153,153,76,202671
25871,2e-05,172.31.40.0-255,66,219,76,202671
25872,2.7e-05,74.125.130.0-255,1484,1703,76,202671
25873,3.1e-05,172.31.40.0-255,66,1769,76,202671
25874,3.7e-05,74.125.130.0-255,2902,4671,76,202671
25875,4.1e-05,172.31.40.0-255,66,4737,76,202671
25876,4.7e-05,74.125.130.0-255,4320,9057,76,202671
25877,5e-05,172.31.40.0-255,66,9123,76,202671
25878,7.7e-05,74.125.130.0-255,4865,13988,76,202671
25879,8e-05,172.31.40.0-255,66,14054,76,202671
25880,0.001536,74.125.130.0-255,1484,15538,76,202671
25881,0.001544,172.31.40.0-255,66,15604,76,202671
25882,0.001555,74.125.130.0-255,2902,18506,76,202671
25883,0.001557,172.31.40.0-255,66,18572,76,202671
25884,0.001564,74.125.130.0-255,5738,24310,76,202671
25885,0.001566,172.31.40.0-255,66,24376,76,202671
25886,0.001607,74.125.130.0-255,6797,31173,76,202671
25887,0.001609,172.31.40.0-255,66,31239,76,202671
25888,0.001636,74.125.130.0-255,7156,38395,76,202671
25889,0.001639,172.31.40.0-255,66,38461,76,202671
25890,0.001645,74.125.130.0-255,5738,44199,76,202671
25891,0.001647,172.31.40.0-255,66,44265,76,202671
25892,0.001699,74.125.130.0-255,3961,48226,76,202671
25893,0.001702,172.31.40.0-255,66,48292,76,202671
25894,0.001748,74.125.130.0-255,4320,52612,76,202671
25895,0.00175,172.31.40.0-255,66,52678,76,202671
25896,0.001766,74.125.130.0-255,4320,56998,76,202671
25897,0.001768,172.31.40.0-255,66,57064,76,202671
25898,0.001792,74.125.130.0-255,1484,58548,76,202671
25899,0.001794,172.31.40.0-255,66,58614,76,202671
25900,0.001822,74.125.130.0-255,4320,62934,76,202671
25901,0.001825,172.31.40.0-255,66,63000,76,202671
25902,0.001844,74.125.130.0-255,2831,65831,76,202671
25903,0.001846,172.31.40.0-255,66,65897,76,202671
25904,0.003837,74.125.130.0-255,2902,68799,76,202671
25905,0.003845,172.31.40.0-255,66,68865,76,202671
25906,0.003859,74.125.130.0-255,1484,70349,76,202671
25907,0.003878,74.125.130.0-255,1484,71833,76,202671
25908,0.003881,172.31.40.0-255,66,71899,76,202671
25909,0.005851,74.125.130.0-255,2902,74801,76,202671
25910,0.005859,172.31.40.0-255,66,74867,76,202671
25911,0.005881,74.125.130.0-255,2902,77769,76,202671
25912,0.005884,172.31.40.0-255,66,77835,76,202671
25913,0.007869,74.125.130.0-255,4320,82155,76,202671
25914,0.007877,172.31.40.0-255,66,82221,76,202671
25915,0.007895,74.125.130.0-255,1484,83705,76,202671
25916,0.009917,74.125.130.0-255,4320,88025,76,202671
25917,0.009925,172.31.40.0-255,66,88091,76,202671
25918,0.011924,74.125.130.0-255,5738,93829,76,202671
25919,0.011932,172.31.40.0-255,66,93895,76,202671
25920,0.013948,74.125.130.0-255,5738,99633,76,202671
25921,0.013963,172.31.40.0-255,66,99699,76,202671
25922,0.015979,74.125.130.0-255,5738,105437,76,202671
25923,0.015989,172.31.40.0-255,66,105503,76,202671
25924,0.018002,74.125.130.0-255,5738,111241,76,202671
25925,0.01801,172.31.40.0-255,66,111307,76,202671
25926,0.020022,74.125.130.0-255,5738,117045,76,202671
25927,0.02003,172.31.40.0-255,66,117111,76,202671
25928,0.021528,172.31.40.0-255,176,117287,76,202671
25929,0.021562,172.31.40.0-255,1109,118396,76,202671
25930,0.021605,172.31.40.0-255,1514,119910,76,202671
25931,0.021607,172.31.40.0-255,1307,121217,76,202671
25932,0.022034,74.125.130.0-255,5738,126955,76,202671
25933,0.022042,172.31.40.0-255,66,127021,76,202671
25934,0.023064,104.244.42.0-255,66,127087,76,202671
25935,0.023092,104.244.42.0-255,66,127153,76,202671
25936,0.023153,104.244.42.0-255,66,127219,76,202671
25937,0.024051,74.125.130.0-255,5738,132957,76,202671
25938,0.024056,172.31.40.0-255,66,133023,76,202671
25939,0.02607,74.125.130.0-255,5738,138761,76,202671
25940,0.026076,172.31.40.0-255,66,138827,76,202671
25941,0.028088,74.125.130.0-255,5738,144565,76,202671
25942,0.028095,172.31.40.0-255,66,144631,76,202671
25943,0.030106,74.125.130.0-255,5738,150369,76,202671
25944,0.030113,172.31.40.0-255,66,150435,76,202671
25945,0.032115,74.125.130.0-255,5738,156173,76,202671
25946,0.032122,172.31.40.0-255,66,156239,76,202671
25947,0.03414,74.125.130.0-255,5738,161977,76,202671
25948,0.034147,172.31.40.0-255,66,162043,76,202671
25949,0.036158,74.125.130.0-255,5738,167781,76,202671
25950,0.036164,172.31.40.0-255,66,167847,76,202671
25951,0.038177,74.125.130.0-255,5738,173585,76,202671
25952,0.038183,172.31.40.0-255,66,173651,76,202671
25953,0.040196,74.125.130.0-255,5738,179389,76,202671
25954,0.040202,172.31.40.0-255,66,179455,76,202671
25955,0.042211,74.125.130.0-255,5738,185193,76,202671
25956,0.042217,172.31.40.0-255,66,185259,76,202671
25957,0.044236,74.125.130.0-255,5738,190997,76,202671
25958,0.044242,172.31.40.0-255,66,191063,76,202671
25959,0.046255,74.125.130.0-255,5738,196801,76,202671
25960,0.046264,172.31.40.0-255,66,196867,76,202671
25961,0.048274,74.125.130.0-255,5738,202605,76,202671
25962,0.04828,172.31.40.0-255,66,202671,76,202671
25963,0.0,172.31.40.0-255,105,105,76,459
25964,0.000193,172.31.40.0-255,90,195,76,459
25965,0.000205,172.31.40.0-255,66,261,76,459
25966,0.002215,74.125.68.0-255,66,327,76,459
25967,0.002234,74.125.68.0-255,66,393,76,459
25968,0.002249,172.31.40.0-255,66,459,76,459
25969,0.0,172.253.118.0-255,153,153,76,260536
25970,1.8e-05,172.31.40.0-255,66,219,76,260536
25971,2.5e-05,172.253.118.0-255,1484,1703,76,260536
25972,3e-05,172.31.40.0-255,66,1769,76,260536
25973,3.7e-05,172.253.118.0-255,2902,4671,76,260536
25974,4e-05,172.31.40.0-255,66,4737,76,260536
25975,4.4e-05,172.253.118.0-255,1484,6221,76,260536
25976,4.6e-05,172.31.40.0-255,66,6287,76,260536
25977,5.3e-05,172.253.118.0-255,4320,10607,76,260536
25978,5.6e-05,172.31.40.0-255,66,10673,76,260536
25979,8.6e-05,172.253.118.0-255,4964,15637,76,260536
25980,8.9e-05,172.31.40.0-255,66,15703,76,260536
25981,0.000102,172.31.40.0-255,66,15769,76,260536
25982,0.000127,172.253.118.0-255,5379,21148,76,260536
25983,0.00013,172.31.40.0-255,66,21214,76,260536
25984,0.000203,172.253.118.0-255,1484,22698,76,260536
25985,0.000206,172.31.40.0-255,66,22764,76,260536
25986,0.000212,172.253.118.0-255,2902,25666,76,260536
25987,0.000214,172.31.40.0-255,66,25732,76,260536
25988,0.000217,172.253.118.0-255,1484,27216,76,260536
25989,0.000219,172.31.40.0-255,66,27282,76,260536
25990,0.000246,172.253.118.0-255,4320,31602,76,260536
25991,0.000249,172.31.40.0-255,66,31668,76,260536
25992,0.000252,172.253.118.0-255,1484,33152,76,260536
25993,0.000254,172.31.40.0-255,66,33218,76,260536
25994,0.000282,172.31.40.0-255,66,33284,76,260536
25995,0.000287,172.253.118.0-255,4320,37604,76,260536
25996,0.000289,172.31.40.0-255,66,37670,76,260536
25997,0.000309,172.253.118.0-255,2902,40572,76,260536
25998,0.000311,172.31.40.0-255,66,40638,76,260536
25999,0.000315,172.253.118.0-255,2543,43181,76,260536
26000,0.000318,172.31.40.0-255,66,43247,76,260536
26001,0.00041,172.253.118.0-255,648,43895,76,260536
26002,0.000547,172.253.118.0-255,1484,45379,76,260536
26003,0.000552,172.31.40.0-255,66,45445,76,260536
26004,0.000559,172.253.118.0-255,2902,48347,76,260536
26005,0.000562,172.31.40.0-255,66,48413,76,260536
26006,0.000579,172.253.118.0-255,1484,49897,76,260536
26007,0.000584,172.253.118.0-255,2902,52799,76,260536
26008,0.000586,172.31.40.0-255,66,52865,76,260536
26009,0.000616,172.253.118.0-255,5738,58603,76,260536
26010,0.00062,172.31.40.0-255,66,58669,76,260536
26011,0.000624,172.253.118.0-255,2543,61212,76,260536
26012,0.000627,172.31.40.0-255,66,61278,76,260536
26013,0.000665,172.253.118.0-255,2902,64180,76,260536
26014,0.000667,172.31.40.0-255,66,64246,76,260536
26015,0.000687,172.253.118.0-255,7156,71402,76,260536
26016,0.00069,172.31.40.0-255,66,71468,76,260536
26017,0.000723,172.253.118.0-255,4320,75788,76,260536
26018,0.000727,172.31.40.0-255,66,75854,76,260536
26019,0.000745,172.253.118.0-255,2543,78397,76,260536
26020,0.000747,172.31.40.0-255,66,78463,76,260536
26021,0.000893,172.253.118.0-255,1484,79947,76,260536
26022,0.000898,172.253.118.0-255,1484,81431,76,260536
26023,0.000901,172.31.40.0-255,66,81497,76,260536
26024,0.000918,172.253.118.0-255,1484,82981,76,260536
26025,0.000921,172.253.118.0-255,1484,84465,76,260536
26026,0.000923,172.31.40.0-255,66,84531,76,260536
26027,0.000943,172.253.118.0-255,4320,88851,76,260536
26028,0.000945,172.31.40.0-255,66,88917,76,260536
26029,0.000948,172.253.118.0-255,1484,90401,76,260536
26030,0.000952,172.253.118.0-255,2902,93303,76,260536
26031,0.000954,172.31.40.0-255,66,93369,76,260536
26032,0.00096,172.253.118.0-255,4320,97689,76,260536
26033,0.000964,172.31.40.0-255,66,97755,76,260536
26034,0.000993,172.253.118.0-255,1484,99239,76,260536
26035,0.001005,172.31.40.0-255,66,99305,76,260536
26036,0.001027,172.253.118.0-255,4469,103774,76,260536
26037,0.00103,172.31.40.0-255,66,103840,76,260536
26038,0.001063,172.253.118.0-255,2902,106742,76,260536
26039,0.001066,172.31.40.0-255,66,106808,76,260536
26040,0.001087,172.253.118.0-255,2902,109710,76,260536
26041,0.00109,172.31.40.0-255,66,109776,76,260536
26042,0.001094,172.253.118.0-255,2902,112678,76,260536
26043,0.001096,172.31.40.0-255,66,112744,76,260536
26044,0.001161,172.31.40.0-255,66,112810,76,260536
26045,0.001174,172.31.40.0-255,66,112876,76,260536
26046,0.001188,172.253.118.0-255,2184,115060,76,260536
26047,0.00119,172.31.40.0-255,66,115126,76,260536
26048,0.001247,172.253.118.0-255,2902,118028,76,260536
26049,0.001251,172.31.40.0-255,66,118094,76,260536
26050,0.001289,172.253.118.0-255,4320,122414,76,260536
26051,0.001293,172.31.40.0-255,66,122480,76,260536
26052,0.001298,172.253.118.0-255,2902,125382,76,260536
26053,0.0013,172.31.40.0-255,66,125448,76,260536
26054,0.001318,172.253.118.0-255,5738,131186,76,260536
26055,0.001321,172.31.40.0-255,66,131252,76,260536
26056,0.001327,172.253.118.0-255,4320,135572,76,260536
26057,0.001329,172.31.40.0-255,66,135638,76,260536
26058,0.001383,172.31.40.0-255,66,135704,76,260536
26059,0.003632,172.253.118.0-255,5738,141442,76,260536
26060,0.003639,172.31.40.0-255,66,141508,76,260536
26061,0.005878,172.253.118.0-255,5738,147246,76,260536
26062,0.005882,172.31.40.0-255,66,147312,76,260536
26063,0.008237,172.253.118.0-255,5738,153050,76,260536
26064,0.008243,172.31.40.0-255,66,153116,76,260536
26065,0.010538,172.253.118.0-255,5738,158854,76,260536
26066,0.010546,172.31.40.0-255,66,158920,76,260536
26067,0.012797,172.253.118.0-255,5738,164658,76,260536
26068,0.012804,172.31.40.0-255,66,164724,76,260536
26069,0.015076,172.253.118.0-255,5738,170462,76,260536
26070,0.015091,172.31.40.0-255,66,170528,76,260536
26071,0.017344,172.253.118.0-255,5738,176266,76,260536
26072,0.017353,172.31.40.0-255,66,176332,76,260536
26073,0.0196,172.253.118.0-255,5738,182070,76,260536
26074,0.019607,172.31.40.0-255,66,182136,76,260536
26075,0.021889,172.253.118.0-255,5738,187874,76,260536
26076,0.021896,172.31.40.0-255,66,187940,76,260536
26077,0.02416,172.253.118.0-255,5738,193678,76,260536
26078,0.024177,172.31.40.0-255,66,193744,76,260536
26079,0.02643,172.253.118.0-255,5738,199482,76,260536
26080,0.026444,172.31.40.0-255,66,199548,76,260536
26081,0.028715,172.253.118.0-255,5738,205286,76,260536
26082,0.028731,172.31.40.0-255,66,205352,76,260536
26083,0.030974,172.253.118.0-255,4320,209672,76,260536
26084,0.030982,172.31.40.0-255,66,209738,76,260536
26085,0.031002,172.253.118.0-255,1484,211222,76,260536
26086,0.033229,172.253.118.0-255,4320,215542,76,260536
26087,0.033238,172.31.40.0-255,66,215608,76,260536
26088,0.035499,172.253.118.0-255,5738,221346,76,260536
26089,0.03552,172.31.40.0-255,66,221412,76,260536
26090,0.03777,172.253.118.0-255,5738,227150,76,260536
26091,0.037778,172.31.40.0-255,66,227216,76,260536
26092,0.040041,172.253.118.0-255,5738,232954,76,260536
26093,0.040051,172.31.40.0-255,66,233020,76,260536
26094,0.040672,172.31.40.0-255,172,233192,76,260536
26095,0.040709,172.31.40.0-255,1109,234301,76,260536
26096,0.040768,172.31.40.0-255,1514,235815,76,260536
26097,0.04077,172.31.40.0-255,1307,237122,76,260536
26098,0.04228,104.244.42.0-255,66,237188,76,260536
26099,0.042293,104.244.42.0-255,66,237254,76,260536
26100,0.042298,172.253.118.0-255,5738,242992,76,260536
26101,0.042304,172.31.40.0-255,66,243058,76,260536
26102,0.042353,104.244.42.0-255,66,243124,76,260536
26103,0.044588,172.253.118.0-255,5738,248862,76,260536
26104,0.044607,172.31.40.0-255,66,248928,76,260536
26105,0.046871,172.253.118.0-255,5738,254666,76,260536
26106,0.046887,172.31.40.0-255,66,254732,76,260536
26107,0.049184,172.253.118.0-255,5738,260470,76,260536
26108,0.049192,172.31.40.0-255,66,260536,76,260536
26109,0.0,172.217.194.0-255,153,153,76,258760
26110,2.1e-05,172.31.40.0-255,66,219,76,258760
26111,2.8e-05,172.217.194.0-255,1484,1703,76,258760
26112,3.3e-05,172.31.40.0-255,66,1769,76,258760
26113,3.9e-05,172.217.194.0-255,2902,4671,76,258760
26114,4.3e-05,172.31.40.0-255,66,4737,76,258760
26115,5.1e-05,172.217.194.0-255,7156,11893,76,258760
26116,5.5e-05,172.31.40.0-255,66,11959,76,258760
26117,5.9e-05,172.217.194.0-255,2111,14070,76,258760
26118,6.1e-05,172.31.40.0-255,66,14136,76,258760
26119,0.000497,172.217.194.0-255,1484,15620,76,258760
26120,0.000504,172.31.40.0-255,66,15686,76,258760
26121,0.000512,172.217.194.0-255,2902,18588,76,258760
26122,0.000515,172.31.40.0-255,66,18654,76,258760
26123,0.000521,172.217.194.0-255,4320,22974,76,258760
26124,0.000524,172.31.40.0-255,66,23040,76,258760
26125,0.000543,172.217.194.0-255,1484,24524,76,258760
26126,0.000545,172.31.40.0-255,66,24590,76,258760
26127,0.00056,172.217.194.0-255,1484,26074,76,258760
26128,0.000562,172.31.40.0-255,66,26140,76,258760
26129,0.000587,172.31.40.0-255,66,26206,76,258760
26130,0.000593,172.217.194.0-255,5738,31944,76,258760
26131,0.000595,172.31.40.0-255,66,32010,76,258760
26132,0.000626,172.31.40.0-255,66,32076,76,258760
26133,0.000631,172.217.194.0-255,2902,34978,76,258760
26134,0.000633,172.31.40.0-255,66,35044,76,258760
26135,0.000652,172.217.194.0-255,5738,40782,76,258760
26136,0.000655,172.31.40.0-255,66,40848,76,258760
26137,0.000671,172.217.194.0-255,3602,44450,76,258760
26138,0.000674,172.31.40.0-255,66,44516,76,258760
26139,0.000677,172.217.194.0-255,377,44893,76,258760
26140,0.000717,172.217.194.0-255,367,45260,76,258760
26141,0.001218,172.217.194.0-255,1484,46744,76,258760
26142,0.001227,172.31.40.0-255,66,46810,76,258760
26143,0.001233,172.217.194.0-255,2902,49712,76,258760
26144,0.001235,172.31.40.0-255,66,49778,76,258760
26145,0.001241,172.217.194.0-255,5738,55516,76,258760
26146,0.001243,172.31.40.0-255,66,55582,76,258760
26147,0.001248,172.217.194.0-255,2902,58484,76,258760
26148,0.00125,172.31.40.0-255,66,58550,76,258760
26149,0.001296,172.31.40.0-255,66,58616,76,258760
26150,0.001308,172.31.40.0-255,66,58682,76,258760
26151,0.00131,172.217.194.0-255,766,59448,76,258760
26152,0.001313,172.217.194.0-255,1484,60932,76,258760
26153,0.001315,172.31.40.0-255,66,60998,76,258760
26154,0.001336,172.217.194.0-255,4320,65318,76,258760
26155,0.001339,172.31.40.0-255,66,65384,76,258760
26156,0.001368,172.31.40.0-255,66,65450,76,258760
26157,0.001375,172.217.194.0-255,7156,72606,76,258760
26158,0.001377,172.31.40.0-255,66,72672,76,258760
26159,0.001395,172.217.194.0-255,5738,78410,76,258760
26160,0.001398,172.31.40.0-255,66,78476,76,258760
26161,0.00142,172.217.194.0-255,1484,79960,76,258760
26162,0.001436,172.217.194.0-255,5738,85698,76,258760
26163,0.00144,172.31.40.0-255,66,85764,76,258760
26164,0.00147,172.31.40.0-255,66,85830,76,258760
26165,0.001494,172.217.194.0-255,5020,90850,76,258760
26166,0.001498,172.31.40.0-255,66,90916,76,258760
26167,0.001512,172.31.40.0-255,66,90982,76,258760
26168,0.001562,172.217.194.0-255,1484,92466,76,258760
26169,0.001566,172.217.194.0-255,2902,95368,76,258760
26170,0.001569,172.31.40.0-255,66,95434,76,258760
26171,0.001575,172.217.194.0-255,5738,101172,76,258760
26172,0.001577,172.31.40.0-255,66,101238,76,258760
26173,0.001588,172.31.40.0-255,66,101304,76,258760
26174,0.001592,172.217.194.0-255,1484,102788,76,258760
26175,0.001628,172.31.40.0-255,66,102854,76,258760
26176,0.001646,172.217.194.0-255,1484,104338,76,258760
26177,0.001651,172.217.194.0-255,2902,107240,76,258760
26178,0.001653,172.31.40.0-255,66,107306,76,258760
26179,0.001658,172.217.194.0-255,4320,111626,76,258760
26180,0.001661,172.31.40.0-255,66,111692,76,258760
26181,0.001677,172.217.194.0-255,1484,113176,76,258760
26182,0.001698,172.31.40.0-255,66,113242,76,258760
26183,0.001713,172.217.194.0-255,4320,117562,76,258760
26184,0.001715,172.31.40.0-255,66,117628,76,258760
26185,0.001726,172.31.40.0-255,66,117694,76,258760
26186,0.001761,172.217.194.0-255,2902,120596,76,258760
26187,0.001763,172.31.40.0-255,66,120662,76,258760
26188,0.00181,172.31.40.0-255,66,120728,76,258760
26189,0.001823,172.31.40.0-255,66,120794,76,258760
26190,0.003851,172.217.194.0-255,5738,126532,76,258760
26191,0.00387,172.31.40.0-255,66,126598,76,258760
26192,0.005902,172.217.194.0-255,5738,132336,76,258760
26193,0.005918,172.31.40.0-255,66,132402,76,258760
26194,0.007933,172.217.194.0-255,5738,138140,76,258760
26195,0.00794,172.31.40.0-255,66,138206,76,258760
26196,0.009964,172.217.194.0-255,5738,143944,76,258760
26197,0.009971,172.31.40.0-255,66,144010,76,258760
26198,0.012032,172.217.194.0-255,5738,149748,76,258760
26199,0.01204,172.31.40.0-255,66,149814,76,258760
26200,0.014071,172.217.194.0-255,5738,155552,76,258760
26201,0.014081,172.31.40.0-255,66,155618,76,258760
26202,0.016106,172.217.194.0-255,5738,161356,76,258760
26203,0.016114,172.31.40.0-255,66,161422,76,258760
26204,0.01816,172.217.194.0-255,5738,167160,76,258760
26205,0.018176,172.31.40.0-255,66,167226,76,258760
26206,0.020212,172.217.194.0-255,5738,172964,76,258760
26207,0.020219,172.31.40.0-255,66,173030,76,258760
26208,0.022226,172.217.194.0-255,5738,178768,76,258760
26209,0.022236,172.31.40.0-255,66,178834,76,258760
26210,0.024263,172.217.194.0-255,5738,184572,76,258760
26211,0.024276,172.31.40.0-255,66,184638,76,258760
26212,0.026347,172.217.194.0-255,5738,190376,76,258760
26213,0.026355,172.31.40.0-255,66,190442,76,258760
26214,0.028378,172.217.194.0-255,5738,196180,76,258760
26215,0.028385,172.31.40.0-255,66,196246,76,258760
26216,0.030415,172.217.194.0-255,5738,201984,76,258760
26217,0.030431,172.31.40.0-255,66,202050,76,258760
26218,0.032509,172.217.194.0-255,5738,207788,76,258760
26219,0.03252,172.31.40.0-255,66,207854,76,258760
26220,0.03455,172.217.194.0-255,5738,213592,76,258760
26221,0.034558,172.31.40.0-255,66,213658,76,258760
26222,0.036609,172.217.194.0-255,5738,219396,76,258760
26223,0.036622,172.31.40.0-255,66,219462,76,258760
26224,0.038678,172.217.194.0-255,5738,225200,76,258760
26225,0.038687,172.31.40.0-255,66,225266,76,258760
26226,0.040699,172.217.194.0-255,5738,231004,76,258760
26227,0.040708,172.31.40.0-255,66,231070,76,258760
26228,0.042311,172.31.40.0-255,172,231242,76,258760
26229,0.042351,172.31.40.0-255,1109,232351,76,258760
26230,0.042442,172.31.40.0-255,1514,233865,76,258760
26231,0.042444,172.31.40.0-255,1307,235172,76,258760
26232,0.042714,172.217.194.0-255,5738,240910,76,258760
26233,0.042723,172.31.40.0-255,66,240976,76,258760
26234,0.043862,104.244.42.0-255,66,241042,76,258760
26235,0.043952,104.244.42.0-255,66,241108,76,258760
26236,0.044012,104.244.42.0-255,66,241174,76,258760
26237,0.044616,104.244.42.0-255,108,241282,76,258760
26238,0.044623,172.31.40.0-255,66,241348,76,258760
26239,0.044787,172.217.194.0-255,5738,247086,76,258760
26240,0.044792,172.31.40.0-255,66,247152,76,258760
26241,0.046832,172.217.194.0-255,5738,252890,76,258760
26242,0.04685,172.31.40.0-255,66,252956,76,258760
26243,0.048888,172.217.194.0-255,5738,258694,76,258760
26244,0.048903,172.31.40.0-255,66,258760,76,258760
26245,0.0,74.125.24.0-255,153,153,76,234664
26246,1.9e-05,172.31.40.0-255,66,219,76,234664
26247,2.7e-05,74.125.24.0-255,1484,1703,76,234664
26248,3.1e-05,172.31.40.0-255,66,1769,76,234664
26249,3.4e-05,74.125.24.0-255,1484,3253,76,234664
26250,3.7e-05,172.31.40.0-255,66,3319,76,234664
26251,4.5e-05,74.125.24.0-255,4320,7639,76,234664
26252,4.8e-05,172.31.40.0-255,66,7705,76,234664
26253,8.3e-05,74.125.24.0-255,5738,13443,76,234664
26254,8.6e-05,172.31.40.0-255,66,13509,76,234664
26255,0.0001,74.125.24.0-255,3518,17027,76,234664
26256,0.000103,172.31.40.0-255,66,17093,76,234664
26257,0.00011,74.125.24.0-255,5738,22831,76,234664
26258,0.000112,172.31.40.0-255,66,22897,76,234664
26259,0.000138,74.125.24.0-255,4320,27217,76,234664
26260,0.000141,172.31.40.0-255,66,27283,76,234664
26261,0.000146,74.125.24.0-255,3961,31244,76,234664
26262,0.000149,172.31.40.0-255,66,31310,76,234664
26263,0.000361,74.125.24.0-255,1484,32794,76,234664
26264,0.000366,172.31.40.0-255,66,32860,76,234664
26265,0.000373,74.125.24.0-255,2902,35762,76,234664
26266,0.000376,172.31.40.0-255,66,35828,76,234664
26267,0.000399,74.125.24.0-255,5738,41566,76,234664
26268,0.000403,172.31.40.0-255,66,41632,76,234664
26269,0.000426,74.125.24.0-255,4320,45952,76,234664
26270,0.000428,172.31.40.0-255,66,46018,76,234664
26271,0.000449,74.125.24.0-255,2543,48561,76,234664
26272,0.000451,172.31.40.0-255,66,48627,76,234664
26273,0.000459,74.125.24.0-255,7156,55783,76,234664
26274,0.000462,172.31.40.0-255,66,55849,76,234664
26275,0.000505,172.31.40.0-255,66,55915,76,234664
26276,0.000538,74.125.24.0-255,413,56328,76,234664
26277,0.00108,172.31.40.0-255,66,56394,76,234664
26278,0.001448,74.125.24.0-255,1484,57878,76,234664
26279,0.001459,74.125.24.0-255,2902,60780,76,234664
26280,0.001483,74.125.24.0-255,5738,66518,76,234664
26281,0.0015,74.125.24.0-255,2902,69420,76,234664
26282,0.001517,74.125.24.0-255,2902,72322,76,234664
26283,0.001541,74.125.24.0-255,7156,79478,76,234664
26284,0.001586,74.125.24.0-255,2184,81662,76,234664
26285,0.001987,74.125.24.0-255,1484,83146,76,234664
26286,0.001995,74.125.24.0-255,2902,86048,76,234664
26287,0.002026,74.125.24.0-255,5738,91786,76,234664
26288,0.00205,74.125.24.0-255,5738,97524,76,234664
26289,0.002056,74.125.24.0-255,4320,101844,76,234664
26290,0.00207,74.125.24.0-255,2902,104746,76,234664
26291,0.002097,74.125.24.0-255,4320,109066,76,234664
26292,0.002155,74.125.24.0-255,2902,111968,76,234664
26293,0.002192,74.125.24.0-255,2184,114152,76,234664
26294,0.002267,74.125.24.0-255,1484,115636,76,234664
26295,0.002284,74.125.24.0-255,2902,118538,76,234664
26296,0.002286,74.125.24.0-255,1484,120022,76,234664
26297,0.005075,172.31.40.0-255,66,120088,76,234664
26298,0.007346,74.125.24.0-255,5738,125826,76,234664
26299,0.007353,172.31.40.0-255,66,125892,76,234664
26300,0.009613,74.125.24.0-255,5738,131630,76,234664
26301,0.009621,172.31.40.0-255,66,131696,76,234664
26302,0.011895,74.125.24.0-255,5738,137434,76,234664
26303,0.011904,172.31.40.0-255,66,137500,76,234664
26304,0.014168,74.125.24.0-255,5738,143238,76,234664
26305,0.014176,172.31.40.0-255,66,143304,76,234664
26306,0.016436,74.125.24.0-255,5738,149042,76,234664
26307,0.016446,172.31.40.0-255,66,149108,76,234664
26308,0.018701,74.125.24.0-255,5738,154846,76,234664
26309,0.01871,172.31.40.0-255,66,154912,76,234664
26310,0.020992,74.125.24.0-255,5738,160650,76,234664
26311,0.021004,172.31.40.0-255,66,160716,76,234664
26312,0.023274,74.125.24.0-255,5738,166454,76,234664
26313,0.023283,172.31.40.0-255,66,166520,76,234664
26314,0.025564,74.125.24.0-255,5738,172258,76,234664
26315,0.025573,172.31.40.0-255,66,172324,76,234664
26316,0.026753,172.31.40.0-255,172,172496,76,234664
26317,0.026806,172.31.40.0-255,1110,173606,76,234664
26318,0.02689,172.31.40.0-255,1514,175120,76,234664
26319,0.026892,172.31.40.0-255,1306,176426,76,234664
26320,0.027848,74.125.24.0-255,5738,182164,76,234664
26321,0.027855,172.31.40.0-255,66,182230,76,234664
26322,0.028318,104.244.42.0-255,66,182296,76,234664
26323,0.02837,104.244.42.0-255,66,182362,76,234664
26324,0.028455,104.244.42.0-255,66,182428,76,234664
26325,0.030185,74.125.24.0-255,5738,188166,76,234664
26326,0.03019,172.31.40.0-255,66,188232,76,234664
26327,0.032466,74.125.24.0-255,5738,193970,76,234664
26328,0.032473,172.31.40.0-255,66,194036,76,234664
26329,0.034759,74.125.24.0-255,5738,199774,76,234664
26330,0.034765,172.31.40.0-255,66,199840,76,234664
26331,0.037029,74.125.24.0-255,5738,205578,76,234664
26332,0.037036,172.31.40.0-255,66,205644,76,234664
26333,0.039333,74.125.24.0-255,5738,211382,76,234664
26334,0.040688,172.31.40.0-255,66,211448,76,234664
26335,0.042978,74.125.24.0-255,5738,217186,76,234664
26336,0.042996,172.31.40.0-255,66,217252,76,234664
26337,0.045291,74.125.24.0-255,5738,222990,76,234664
26338,0.045309,172.31.40.0-255,66,223056,76,234664
26339,0.047592,74.125.24.0-255,5738,228794,76,234664
26340,0.047608,172.31.40.0-255,66,228860,76,234664
26341,0.049923,74.125.24.0-255,5738,234598,76,234664
26342,0.04994,172.31.40.0-255,66,234664,76,234664
26343,0.0,216.58.203.0-255,297,297,76,331043
26344,2.3e-05,172.31.40.0-255,66,363,76,331043
26345,3e-05,216.58.203.0-255,1484,1847,76,331043
26346,3.5e-05,172.31.40.0-255,66,1913,76,331043
26347,4.2e-05,216.58.203.0-255,4320,6233,76,331043
26348,4.5e-05,172.31.40.0-255,66,6299,76,331043
26349,5.1e-05,216.58.203.0-255,4320,10619,76,331043
26350,5.4e-05,172.31.40.0-255,66,10685,76,331043
26351,7.8e-05,216.58.203.0-255,4707,15392,76,331043
26352,8.1e-05,172.31.40.0-255,66,15458,76,331043
26353,9.3e-05,172.31.40.0-255,66,15524,76,331043
26354,0.000118,216.58.203.0-255,5379,20903,76,331043
26355,0.000121,172.31.40.0-255,66,20969,76,331043
26356,0.000149,216.58.203.0-255,1484,22453,76,331043
26357,0.000151,172.31.40.0-255,66,22519,76,331043
26358,0.000156,216.58.203.0-255,2902,25421,76,331043
26359,0.000158,172.31.40.0-255,66,25487,76,331043
26360,0.000183,216.58.203.0-255,5738,31225,76,331043
26361,0.000185,172.31.40.0-255,66,31291,76,331043
26362,0.000204,216.58.203.0-255,4320,35611,76,331043
26363,0.000207,172.31.40.0-255,66,35677,76,331043
26364,0.000222,216.58.203.0-255,2543,38220,76,331043
26365,0.000224,172.31.40.0-255,66,38286,76,331043
26366,0.00065,216.58.203.0-255,1484,39770,76,331043
26367,0.000655,172.31.40.0-255,66,39836,76,331043
26368,0.000673,216.58.203.0-255,1484,41320,76,331043
26369,0.000675,172.31.40.0-255,66,41386,76,331043
26370,0.000714,216.58.203.0-255,1484,42870,76,331043
26371,0.000717,172.31.40.0-255,66,42936,76,331043
26372,0.000721,216.58.203.0-255,2902,45838,76,331043
26373,0.000722,172.31.40.0-255,66,45904,76,331043
26374,0.000745,216.58.203.0-255,5738,51642,76,331043
26375,0.000747,172.31.40.0-255,66,51708,76,331043
26376,0.000753,216.58.203.0-255,3961,55669,76,331043
26377,0.000754,172.31.40.0-255,66,55735,76,331043
26378,0.000815,216.58.203.0-255,1484,57219,76,331043
26379,0.00082,216.58.203.0-255,2902,60121,76,331043
26380,0.000822,172.31.40.0-255,66,60187,76,331043
26381,0.000845,216.58.203.0-255,5738,65925,76,331043
26382,0.000847,172.31.40.0-255,66,65991,76,331043
26383,0.000874,172.31.40.0-255,66,66057,76,331043
26384,0.000884,172.31.40.0-255,66,66123,76,331043
26385,0.000899,216.58.203.0-255,1484,67607,76,331043
26386,0.000903,216.58.203.0-255,2902,70509,76,331043
26387,0.000905,172.31.40.0-255,66,70575,76,331043
26388,0.000909,216.58.203.0-255,2902,73477,76,331043
26389,0.000911,172.31.40.0-255,66,73543,76,331043
26390,0.000933,216.58.203.0-255,289,73832,76,331043
26391,0.000962,216.58.203.0-255,4320,78152,76,331043
26392,0.000965,172.31.40.0-255,66,78218,76,331043
26393,0.000971,216.58.203.0-255,5738,83956,76,331043
26394,0.000973,172.31.40.0-255,66,84022,76,331043
26395,0.001013,216.58.203.0-255,2902,86924,76,331043
26396,0.001016,172.31.40.0-255,66,86990,76,331043
26397,0.001035,216.58.203.0-255,3295,90285,76,331043
26398,0.001038,172.31.40.0-255,66,90351,76,331043
26399,0.00123,216.58.203.0-255,1484,91835,76,331043
26400,0.001236,216.58.203.0-255,2902,94737,76,331043
26401,0.001238,172.31.40.0-255,66,94803,76,331043
26402,0.001263,216.58.203.0-255,5738,100541,76,331043
26403,0.001266,172.31.40.0-255,66,100607,76,331043
26404,0.00127,216.58.203.0-255,4320,104927,76,331043
26405,0.001272,172.31.40.0-255,66,104993,76,331043
26406,0.001313,216.58.203.0-255,3240,108233,76,331043
26407,0.001316,172.31.40.0-255,66,108299,76,331043
26408,0.001339,216.58.203.0-255,1484,109783,76,331043
26409,0.001353,216.58.203.0-255,2902,112685,76,331043
26410,0.001355,172.31.40.0-255,66,112751,76,331043
26411,0.001382,216.58.203.0-255,2902,115653,76,331043
26412,0.001384,172.31.40.0-255,66,115719,76,331043
26413,0.001399,216.58.203.0-255,2902,118621,76,331043
26414,0.001401,172.31.40.0-255,66,118687,76,331043
26415,0.001409,216.58.203.0-255,7156,125843,76,331043
26416,0.00141,172.31.40.0-255,66,125909,76,331043
26417,0.001414,216.58.203.0-255,2902,128811,76,331043
26418,0.001416,172.31.40.0-255,66,128877,76,331043
26419,0.001454,172.31.40.0-255,66,128943,76,331043
26420,0.001485,216.58.203.0-255,2184,131127,76,331043
26421,0.001487,172.31.40.0-255,66,131193,76,331043
26422,0.001524,216.58.203.0-255,1484,132677,76,331043
26423,0.001537,216.58.203.0-255,2902,135579,76,331043
26424,0.001539,172.31.40.0-255,66,135645,76,331043
26425,0.001563,216.58.203.0-255,5738,141383,76,331043
26426,0.001566,172.31.40.0-255,66,141449,76,331043
26427,0.001571,216.58.203.0-255,5738,147187,76,331043
26428,0.001573,172.31.40.0-255,66,147253,76,331043
26429,0.001576,216.58.203.0-255,1484,148737,76,331043
26430,0.001594,216.58.203.0-255,5738,154475,76,331043
26431,0.001596,172.31.40.0-255,66,154541,76,331043
26432,0.001624,216.58.203.0-255,7156,161697,76,331043
26433,0.001627,172.31.40.0-255,66,161763,76,331043
26434,0.001641,216.58.203.0-255,3602,165365,76,331043
26435,0.001644,172.31.40.0-255,66,165431,76,331043
26436,0.003257,216.58.203.0-255,4320,169751,76,331043
26437,0.003265,172.31.40.0-255,66,169817,76,331043
26438,0.003283,216.58.203.0-255,1484,171301,76,331043
26439,0.004895,216.58.203.0-255,4320,175621,76,331043
26440,0.0049,172.31.40.0-255,66,175687,76,331043
26441,0.006526,216.58.203.0-255,4320,180007,76,331043
26442,0.006529,172.31.40.0-255,66,180073,76,331043
26443,0.006545,216.58.203.0-255,1484,181557,76,331043
26444,0.008163,216.58.203.0-255,4320,185877,76,331043
26445,0.008169,172.31.40.0-255,66,185943,76,331043
26446,0.009798,216.58.203.0-255,5738,191681,76,331043
26447,0.009802,172.31.40.0-255,66,191747,76,331043
26448,0.011437,216.58.203.0-255,5738,197485,76,331043
26449,0.011444,172.31.40.0-255,66,197551,76,331043
26450,0.013097,216.58.203.0-255,5738,203289,76,331043
26451,0.013104,172.31.40.0-255,66,203355,76,331043
26452,0.014753,216.58.203.0-255,5738,209093,76,331043
26453,0.014762,172.31.40.0-255,66,209159,76,331043
26454,0.016436,216.58.203.0-255,5738,214897,76,331043
26455,0.016444,172.31.40.0-255,66,214963,76,331043
26456,0.018082,216.58.203.0-255,5738,220701,76,331043
26457,0.018094,172.31.40.0-255,66,220767,76,331043
26458,0.019732,216.58.203.0-255,5738,226505,76,331043
26459,0.019743,172.31.40.0-255,66,226571,76,331043
26460,0.021383,216.58.203.0-255,5738,232309,76,331043
26461,0.021397,172.31.40.0-255,66,232375,76,331043
26462,0.023034,216.58.203.0-255,5738,238113,76,331043
26463,0.023043,172.31.40.0-255,66,238179,76,331043
26464,0.024674,216.58.203.0-255,5738,243917,76,331043
26465,0.024684,172.31.40.0-255,66,243983,76,331043
26466,0.026318,216.58.203.0-255,5738,249721,76,331043
26467,0.026326,172.31.40.0-255,66,249787,76,331043
26468,0.027973,216.58.203.0-255,5738,255525,76,331043
26469,0.027984,172.31.40.0-255,66,255591,76,331043
26470,0.029624,216.58.203.0-255,5738,261329,76,331043
26471,0.029631,172.31.40.0-255,66,261395,76,331043
26472,0.031267,216.58.203.0-255,5738,267133,76,331043
26473,0.031279,172.31.40.0-255,66,267199,76,331043
26474,0.032909,216.58.203.0-255,5738,272937,76,331043
26475,0.032916,172.31.40.0-255,66,273003,76,331043
26476,0.034555,216.58.203.0-255,5738,278741,76,331043
26477,0.034562,172.31.40.0-255,66,278807,76,331043
26478,0.036206,216.58.203.0-255,5738,284545,76,331043
26479,0.036213,172.31.40.0-255,66,284611,76,331043
26480,0.037852,216.58.203.0-255,5738,290349,76,331043
26481,0.037863,172.31.40.0-255,66,290415,76,331043
26482,0.039496,216.58.203.0-255,5738,296153,76,331043
26483,0.039503,172.31.40.0-255,66,296219,76,331043
26484,0.041134,216.58.203.0-255,5738,301957,76,331043
26485,0.04114,172.31.40.0-255,66,302023,76,331043
26486,0.042797,216.58.203.0-255,5738,307761,76,331043
26487,0.042811,172.31.40.0-255,66,307827,76,331043
26488,0.044446,216.58.203.0-255,5738,313565,76,331043
26489,0.044459,172.31.40.0-255,66,313631,76,331043
26490,0.046097,216.58.203.0-255,5738,319369,76,331043
26491,0.046104,172.31.40.0-255,66,319435,76,331043
26492,0.047736,216.58.203.0-255,5738,325173,76,331043
26493,0.047744,172.31.40.0-255,66,325239,76,331043
26494,0.049376,216.58.203.0-255,5738,330977,76,331043
26495,0.049384,172.31.40.0-255,66,331043,76,331043
26496,0.0,172.217.194.0-255,152,152,76,153801
26497,2.2e-05,172.31.40.0-255,66,218,76,153801
26498,3e-05,172.217.194.0-255,1484,1702,76,153801
26499,3.4e-05,172.31.40.0-255,66,1768,76,153801
26500,3.9e-05,172.217.194.0-255,2902,4670,76,153801
26501,4.3e-05,172.31.40.0-255,66,4736,76,153801
26502,6.4e-05,172.217.194.0-255,2902,7638,76,153801
26503,6.7e-05,172.31.40.0-255,66,7704,76,153801
26504,0.000128,172.217.194.0-255,5738,13442,76,153801
26505,0.000133,172.31.40.0-255,66,13508,76,153801
26506,0.000153,172.217.194.0-255,2014,15522,76,153801
26507,0.000157,172.31.40.0-255,66,15588,76,153801
26508,0.000162,172.217.194.0-255,4320,19908,76,153801
26509,0.000165,172.31.40.0-255,66,19974,76,153801
26510,0.000179,172.31.40.0-255,66,20040,76,153801
26511,0.000192,172.31.40.0-255,66,20106,76,153801
26512,0.000224,172.217.194.0-255,2184,22290,76,153801
26513,0.000226,172.31.40.0-255,66,22356,76,153801
26514,0.001558,172.217.194.0-255,1484,23840,76,153801
26515,0.001564,172.31.40.0-255,66,23906,76,153801
26516,0.001572,172.217.194.0-255,2902,26808,76,153801
26517,0.001574,172.31.40.0-255,66,26874,76,153801
26518,0.001616,172.217.194.0-255,4320,31194,76,153801
26519,0.001618,172.31.40.0-255,66,31260,76,153801
26520,0.001635,172.217.194.0-255,1484,32744,76,153801
26521,0.001636,172.31.40.0-255,66,32810,76,153801
26522,0.001639,172.217.194.0-255,1484,34294,76,153801
26523,0.001641,172.31.40.0-255,66,34360,76,153801
26524,0.001684,172.217.194.0-255,4320,38680,76,153801
26525,0.001687,172.31.40.0-255,66,38746,76,153801
26526,0.001703,172.217.194.0-255,1431,40177,76,153801
26527,0.005145,172.217.194.0-255,1484,41661,76,153801
26528,0.005149,172.31.40.0-255,66,41727,76,153801
26529,0.00518,172.217.194.0-255,1484,43211,76,153801
26530,0.005193,172.217.194.0-255,1484,44695,76,153801
26531,0.005195,172.31.40.0-255,66,44761,76,153801
26532,0.007559,172.217.194.0-255,2902,47663,76,153801
26533,0.007568,172.31.40.0-255,66,47729,76,153801
26534,0.007602,172.217.194.0-255,2902,50631,76,153801
26535,0.007605,172.31.40.0-255,66,50697,76,153801
26536,0.009967,172.217.194.0-255,2902,53599,76,153801
26537,0.009974,172.31.40.0-255,66,53665,76,153801
26538,0.010015,172.217.194.0-255,2902,56567,76,153801
26539,0.010018,172.31.40.0-255,66,56633,76,153801
26540,0.012405,172.217.194.0-255,5738,62371,76,153801
26541,0.012413,172.31.40.0-255,66,62437,76,153801
26542,0.014859,172.217.194.0-255,5738,68175,76,153801
26543,0.01487,172.31.40.0-255,66,68241,76,153801
26544,0.017287,172.217.194.0-255,5738,73979,76,153801
26545,0.017299,172.31.40.0-255,66,74045,76,153801
26546,0.019694,172.217.194.0-255,5738,79783,76,153801
26547,0.019702,172.31.40.0-255,66,79849,76,153801
26548,0.022087,172.217.194.0-255,5738,85587,76,153801
26549,0.022095,172.31.40.0-255,66,85653,76,153801
26550,0.024515,172.217.194.0-255,5738,91391,76,153801
26551,0.024524,172.31.40.0-255,66,91457,76,153801
26552,0.026928,172.217.194.0-255,5738,97195,76,153801
26553,0.026934,172.31.40.0-255,66,97261,76,153801
26554,0.027701,172.31.40.0-255,176,97437,76,153801
26555,0.027733,172.31.40.0-255,1108,98545,76,153801
26556,0.027793,172.31.40.0-255,1514,100059,76,153801
26557,0.027796,172.31.40.0-255,1308,101367,76,153801
26558,0.02924,104.244.42.0-255,66,101433,76,153801
26559,0.029286,104.244.42.0-255,66,101499,76,153801
26560,0.02935,172.217.194.0-255,5738,107237,76,153801
26561,0.029356,172.31.40.0-255,66,107303,76,153801
26562,0.029383,104.244.42.0-255,66,107369,76,153801
26563,0.031738,172.217.194.0-255,5738,113107,76,153801
26564,0.031745,172.31.40.0-255,66,113173,76,153801
26565,0.034141,172.217.194.0-255,5738,118911,76,153801
26566,0.034149,172.31.40.0-255,66,118977,76,153801
26567,0.03657,172.217.194.0-255,5738,124715,76,153801
26568,0.03658,172.31.40.0-255,66,124781,76,153801
26569,0.038995,172.217.194.0-255,5738,130519,76,153801
26570,0.039002,172.31.40.0-255,66,130585,76,153801
26571,0.041408,172.217.194.0-255,5738,136323,76,153801
26572,0.041415,172.31.40.0-255,66,136389,76,153801
26573,0.043845,172.217.194.0-255,5738,142127,76,153801
26574,0.043852,172.31.40.0-255,66,142193,76,153801
26575,0.046262,172.217.194.0-255,5738,147931,76,153801
26576,0.046269,172.31.40.0-255,66,147997,76,153801
26577,0.048697,172.217.194.0-255,5738,153735,76,153801
26578,0.048703,172.31.40.0-255,66,153801,76,153801
26579,0.0,172.217.194.0-255,153,153,76,232092
26580,2.3e-05,172.31.40.0-255,66,219,76,232092
26581,3.1e-05,172.217.194.0-255,1484,1703,76,232092
26582,3.5e-05,172.31.40.0-255,66,1769,76,232092
26583,4.1e-05,172.217.194.0-255,2902,4671,76,232092
26584,5.1e-05,172.31.40.0-255,66,4737,76,232092
26585,5.9e-05,172.217.194.0-255,5738,10475,76,232092
26586,6.2e-05,172.31.40.0-255,66,10541,76,232092
26587,9.3e-05,172.217.194.0-255,3419,13960,76,232092
26588,9.6e-05,172.31.40.0-255,66,14026,76,232092
26589,0.000198,172.217.194.0-255,1484,15510,76,232092
26590,0.000202,172.31.40.0-255,66,15576,76,232092
26591,0.000207,172.217.194.0-255,2902,18478,76,232092
26592,0.000209,172.31.40.0-255,66,18544,76,232092
26593,0.000214,172.217.194.0-255,4320,22864,76,232092
26594,0.000222,172.31.40.0-255,66,22930,76,232092
26595,0.000252,172.217.194.0-255,1484,24414,76,232092
26596,0.000254,172.31.40.0-255,66,24480,76,232092
26597,0.000274,172.31.40.0-255,66,24546,76,232092
26598,0.000288,172.31.40.0-255,66,24612,76,232092
26599,0.000294,172.217.194.0-255,4320,28932,76,232092
26600,0.000297,172.31.40.0-255,66,28998,76,232092
26601,0.000341,172.31.40.0-255,66,29064,76,232092
26602,0.000344,172.217.194.0-255,676,29740,76,232092
26603,0.000346,172.31.40.0-255,66,29806,76,232092
26604,0.000558,172.217.194.0-255,1484,31290,76,232092
26605,0.000564,172.31.40.0-255,66,31356,76,232092
26606,0.00057,172.217.194.0-255,2902,34258,76,232092
26607,0.000572,172.31.40.0-255,66,34324,76,232092
26608,0.000578,172.217.194.0-255,5738,40062,76,232092
26609,0.000586,172.31.40.0-255,66,40128,76,232092
26610,0.000651,172.31.40.0-255,66,40194,76,232092
26611,0.000665,172.217.194.0-255,2902,43096,76,232092
26612,0.000672,172.31.40.0-255,66,43162,76,232092
26613,0.000685,172.31.40.0-255,66,43228,76,232092
26614,0.000893,172.217.194.0-255,1484,44712,76,232092
26615,0.00092,172.217.194.0-255,2902,47614,76,232092
26616,0.000924,172.31.40.0-255,66,47680,76,232092
26617,0.000931,172.217.194.0-255,5738,53418,76,232092
26618,0.000933,172.31.40.0-255,66,53484,76,232092
26619,0.000958,172.217.194.0-255,2902,56386,76,232092
26620,0.00096,172.31.40.0-255,66,56452,76,232092
26621,0.000992,172.217.194.0-255,5738,62190,76,232092
26622,0.000995,172.31.40.0-255,66,62256,76,232092
26623,0.001006,172.31.40.0-255,66,62322,76,232092
26624,0.001018,172.217.194.0-255,5020,67342,76,232092
26625,0.001021,172.31.40.0-255,66,67408,76,232092
26626,0.001027,172.217.194.0-255,5738,73146,76,232092
26627,0.00103,172.31.40.0-255,66,73212,76,232092
26628,0.001074,172.31.40.0-255,66,73278,76,232092
26629,0.001086,172.31.40.0-255,66,73344,76,232092
26630,0.001121,172.217.194.0-255,3602,76946,76,232092
26631,0.001124,172.31.40.0-255,66,77012,76,232092
26632,0.001343,172.217.194.0-255,1484,78496,76,232092
26633,0.001348,172.217.194.0-255,1484,79980,76,232092
26634,0.001352,172.31.40.0-255,66,80046,76,232092
26635,0.001378,172.217.194.0-255,1484,81530,76,232092
26636,0.001384,172.217.194.0-255,5738,87268,76,232092
26637,0.001387,172.31.40.0-255,66,87334,76,232092
26638,0.001435,172.31.40.0-255,66,87400,76,232092
26639,0.001443,172.217.194.0-255,7156,94556,76,232092
26640,0.001445,172.31.40.0-255,66,94622,76,232092
26641,0.001478,172.217.194.0-255,3602,98224,76,232092
26642,0.001481,172.31.40.0-255,66,98290,76,232092
26643,0.002197,172.217.194.0-255,1484,99774,76,232092
26644,0.002216,172.217.194.0-255,2902,102676,76,232092
26645,0.002219,172.31.40.0-255,66,102742,76,232092
26646,0.00225,172.217.194.0-255,5738,108480,76,232092
26647,0.002252,172.31.40.0-255,66,108546,76,232092
26648,0.002258,172.217.194.0-255,4320,112866,76,232092
26649,0.00226,172.31.40.0-255,66,112932,76,232092
26650,0.002292,172.31.40.0-255,66,112998,76,232092
26651,0.00233,172.31.40.0-255,66,113064,76,232092
26652,0.004607,172.217.194.0-255,5738,118802,76,232092
26653,0.004614,172.31.40.0-255,66,118868,76,232092
26654,0.00689,172.217.194.0-255,5738,124606,76,232092
26655,0.006893,172.31.40.0-255,66,124672,76,232092
26656,0.009162,172.217.194.0-255,5738,130410,76,232092
26657,0.009169,172.31.40.0-255,66,130476,76,232092
26658,0.011433,172.217.194.0-255,5738,136214,76,232092
26659,0.01144,172.31.40.0-255,66,136280,76,232092
26660,0.013723,172.217.194.0-255,5738,142018,76,232092
26661,0.013733,172.31.40.0-255,66,142084,76,232092
26662,0.016033,172.217.194.0-255,5738,147822,76,232092
26663,0.016041,172.31.40.0-255,66,147888,76,232092
26664,0.018329,172.217.194.0-255,5738,153626,76,232092
26665,0.018338,172.31.40.0-255,66,153692,76,232092
26666,0.020614,172.217.194.0-255,5738,159430,76,232092
26667,0.020625,172.31.40.0-255,66,159496,76,232092
26668,0.022897,172.217.194.0-255,5738,165234,76,232092
26669,0.022904,172.31.40.0-255,66,165300,76,232092
26670,0.025162,172.217.194.0-255,4320,169620,76,232092
26671,0.025169,172.31.40.0-255,66,169686,76,232092
26672,0.025202,172.217.194.0-255,1484,171170,76,232092
26673,0.027469,172.217.194.0-255,4320,175490,76,232092
26674,0.027476,172.31.40.0-255,66,175556,76,232092
26675,0.02975,172.217.194.0-255,5738,181294,76,232092
26676,0.029758,172.31.40.0-255,66,181360,76,232092
26677,0.032051,172.217.194.0-255,5738,187098,76,232092
26678,0.032061,172.31.40.0-255,66,187164,76,232092
26679,0.034335,172.217.194.0-255,5738,192902,76,232092
26680,0.034342,172.31.40.0-255,66,192968,76,232092
26681,0.034817,172.31.40.0-255,172,193140,76,232092
26682,0.034848,172.31.40.0-255,1108,194248,76,232092
26683,0.034906,172.31.40.0-255,1514,195762,76,232092
26684,0.034908,172.31.40.0-255,1308,197070,76,232092
26685,0.036374,104.244.42.0-255,66,197136,76,232092
26686,0.03641,104.244.42.0-255,66,197202,76,232092
26687,0.036479,104.244.42.0-255,66,197268,76,232092
26688,0.036626,172.217.194.0-255,5738,203006,76,232092
26689,0.036631,172.31.40.0-255,66,203072,76,232092
26690,0.038908,172.217.194.0-255,5738,208810,76,232092
26691,0.038915,172.31.40.0-255,66,208876,76,232092
26692,0.041186,172.217.194.0-255,5738,214614,76,232092
26693,0.041193,172.31.40.0-255,66,214680,76,232092
26694,0.043468,172.217.194.0-255,5738,220418,76,232092
26695,0.043474,172.31.40.0-255,66,220484,76,232092
26696,0.045761,172.217.194.0-255,5738,226222,76,232092
26697,0.045768,172.31.40.0-255,66,226288,76,232092
26698,0.048052,172.217.194.0-255,5738,232026,76,232092
26699,0.048058,172.31.40.0-255,66,232092,76,232092
26700,0.0,172.217.194.0-255,153,153,76,289136
26701,2.2e-05,172.31.40.0-255,66,219,76,289136
26702,2.8e-05,172.217.194.0-255,1484,1703,76,289136
26703,3.3e-05,172.31.40.0-255,66,1769,76,289136
26704,3.8e-05,172.217.194.0-255,2902,4671,76,289136
26705,4.2e-05,172.31.40.0-255,66,4737,76,289136
26706,5.6e-05,172.217.194.0-255,7156,11893,76,289136
26707,6e-05,172.31.40.0-255,66,11959,76,289136
26708,6.3e-05,172.217.194.0-255,2136,14095,76,289136
26709,6.6e-05,172.31.40.0-255,66,14161,76,289136
26710,9.6e-05,172.217.194.0-255,1484,15645,76,289136
26711,9.8e-05,172.31.40.0-255,66,15711,76,289136
26712,0.000121,172.31.40.0-255,66,15777,76,289136
26713,0.000141,172.217.194.0-255,1484,17261,76,289136
26714,0.000143,172.31.40.0-255,66,17327,76,289136
26715,0.00017,172.217.194.0-255,5379,22706,76,289136
26716,0.000172,172.31.40.0-255,66,22772,76,289136
26717,0.000206,172.217.194.0-255,2902,25674,76,289136
26718,0.000208,172.31.40.0-255,66,25740,76,289136
26719,0.000232,172.217.194.0-255,1484,27224,76,289136
26720,0.000234,172.31.40.0-255,66,27290,76,289136
26721,0.00024,172.217.194.0-255,5738,33028,76,289136
26722,0.000242,172.31.40.0-255,66,33094,76,289136
26723,0.000246,172.217.194.0-255,2902,35996,76,289136
26724,0.000247,172.31.40.0-255,66,36062,76,289136
26725,0.000268,172.217.194.0-255,3961,40023,76,289136
26726,0.000274,172.31.40.0-255,66,40089,76,289136
26727,0.00029,172.217.194.0-255,1484,41573,76,289136
26728,0.000292,172.31.40.0-255,66,41639,76,289136
26729,0.000321,172.217.194.0-255,5738,47377,76,289136
26730,0.000324,172.31.40.0-255,66,47443,76,289136
26731,0.000329,172.217.194.0-255,5738,53181,76,289136
26732,0.000376,172.217.194.0-255,4290,57471,76,289136
26733,0.000497,172.217.194.0-255,380,57851,76,289136
26734,0.00052,172.31.40.0-255,66,57917,76,289136
26735,0.000749,172.217.194.0-255,1484,59401,76,289136
26736,0.000756,172.217.194.0-255,2902,62303,76,289136
26737,0.000772,172.31.40.0-255,66,62369,76,289136
26738,0.000779,172.217.194.0-255,5738,68107,76,289136
26739,0.000787,172.31.40.0-255,66,68173,76,289136
26740,0.000826,172.217.194.0-255,7156,75329,76,289136
26741,0.000835,172.31.40.0-255,66,75395,76,289136
26742,0.000854,172.217.194.0-255,6797,82192,76,289136
26743,0.00086,172.217.194.0-255,5738,87930,76,289136
26744,0.000882,172.31.40.0-255,66,87996,76,289136
26745,0.000901,172.217.194.0-255,3961,91957,76,289136
26746,0.000916,172.31.40.0-255,66,92023,76,289136
26747,0.001324,172.217.194.0-255,1484,93507,76,289136
26748,0.00134,172.217.194.0-255,2902,96409,76,289136
26749,0.001344,172.31.40.0-255,66,96475,76,289136
26750,0.001351,172.217.194.0-255,5738,102213,76,289136
26751,0.001375,172.217.194.0-255,5738,107951,76,289136
26752,0.001381,172.31.40.0-255,66,108017,76,289136
26753,0.0014,172.217.194.0-255,7156,115173,76,289136
26754,0.001407,172.217.194.0-255,5738,120911,76,289136
26755,0.001419,172.217.194.0-255,2902,123813,76,289136
26756,0.00143,172.31.40.0-255,66,123879,76,289136
26757,0.001456,172.217.194.0-255,2184,126063,76,289136
26758,0.001471,172.31.40.0-255,66,126129,76,289136
26759,0.001844,172.217.194.0-255,1484,127613,76,289136
26760,0.001848,172.217.194.0-255,1484,129097,76,289136
26761,0.001852,172.31.40.0-255,66,129163,76,289136
26762,0.001877,172.217.194.0-255,1484,130647,76,289136
26763,0.001883,172.217.194.0-255,5738,136385,76,289136
26764,0.001947,172.31.40.0-255,66,136451,76,289136
26765,0.001975,172.217.194.0-255,2184,138635,76,289136
26766,0.002011,172.217.194.0-255,7156,145791,76,289136
26767,0.002014,172.31.40.0-255,66,145857,76,289136
26768,0.002041,172.217.194.0-255,4320,150177,76,289136
26769,0.002061,172.217.194.0-255,6438,156615,76,289136
26770,0.002077,172.217.194.0-255,7156,163771,76,289136
26771,0.002083,172.31.40.0-255,66,163837,76,289136
26772,0.002091,172.217.194.0-255,1484,165321,76,289136
26773,0.002094,172.217.194.0-255,1484,166805,76,289136
26774,0.002108,172.217.194.0-255,1484,168289,76,289136
26775,0.00211,172.217.194.0-255,1484,169773,76,289136
26776,0.002132,172.217.194.0-255,4320,174093,76,289136
26777,0.002145,172.217.194.0-255,4320,178413,76,289136
26778,0.00215,172.31.40.0-255,66,178479,76,289136
26779,0.002198,172.217.194.0-255,3602,182081,76,289136
26780,0.002214,172.217.194.0-255,2902,184983,76,289136
26781,0.002224,172.217.194.0-255,1484,186467,76,289136
26782,0.00224,172.217.194.0-255,5738,192205,76,289136
26783,0.002265,172.217.194.0-255,4320,196525,76,289136
26784,0.002301,172.217.194.0-255,4320,200845,76,289136
26785,0.002325,172.217.194.0-255,6438,207283,76,289136
26786,0.002549,172.217.194.0-255,1484,208767,76,289136
26787,0.002553,172.217.194.0-255,1484,210251,76,289136
26788,0.011446,172.31.40.0-255,66,210317,76,289136
26789,0.012764,172.217.194.0-255,1484,211801,76,289136
26790,0.014024,172.217.194.0-255,4320,216121,76,289136
26791,0.014036,172.31.40.0-255,66,216187,76,289136
26792,0.016591,172.217.194.0-255,5738,221925,76,289136
26793,0.018954,172.31.40.0-255,66,221991,76,289136
26794,0.021525,172.217.194.0-255,5738,227729,76,289136
26795,0.021539,172.31.40.0-255,66,227795,76,289136
26796,0.024102,172.217.194.0-255,5738,233533,76,289136
26797,0.024112,172.31.40.0-255,66,233599,76,289136
26798,0.026692,172.217.194.0-255,5738,239337,76,289136
26799,0.02717,172.31.40.0-255,66,239403,76,289136
26800,0.029757,172.217.194.0-255,5738,245141,76,289136
26801,0.029768,172.31.40.0-255,66,245207,76,289136
26802,0.029886,172.31.40.0-255,101,245308,76,289136
26803,0.03233,172.217.194.0-255,5738,251046,76,289136
26804,0.032336,172.31.40.0-255,66,251112,76,289136
26805,0.032458,172.217.194.0-255,66,251178,76,289136
26806,0.034909,172.217.194.0-255,5738,256916,76,289136
26807,0.034917,172.31.40.0-255,66,256982,76,289136
26808,0.037493,172.217.194.0-255,5738,262720,76,289136
26809,0.037499,172.31.40.0-255,66,262786,76,289136
26810,0.040078,172.217.194.0-255,5738,268524,76,289136
26811,0.040093,172.31.40.0-255,66,268590,76,289136
26812,0.042691,172.217.194.0-255,5738,274328,76,289136
26813,0.042708,172.31.40.0-255,66,274394,76,289136
26814,0.045254,172.217.194.0-255,5738,280132,76,289136
26815,0.045262,172.31.40.0-255,66,280198,76,289136
26816,0.047841,172.217.194.0-255,5738,285936,76,289136
26817,0.047859,172.31.40.0-255,66,286002,76,289136
26818,0.048625,172.31.40.0-255,172,286174,76,289136
26819,0.048658,172.31.40.0-255,1110,287284,76,289136
26820,0.04872,172.31.40.0-255,1514,288798,76,289136
26821,0.048722,172.31.40.0-255,338,289136,76,289136
26822,0.0,74.125.24.0-255,153,153,76,153436
26823,1.7e-05,172.31.40.0-255,66,219,76,153436
26824,2.3e-05,74.125.24.0-255,1484,1703,76,153436
26825,2.7e-05,172.31.40.0-255,66,1769,76,153436
26826,3e-05,74.125.24.0-255,1484,3253,76,153436
26827,3.2e-05,172.31.40.0-255,66,3319,76,153436
26828,5.7e-05,74.125.24.0-255,1484,4803,76,153436
26829,6.4e-05,172.31.40.0-255,66,4869,76,153436
26830,0.000105,74.125.24.0-255,4320,9189,76,153436
26831,0.000108,172.31.40.0-255,66,9255,76,153436
26832,0.000133,74.125.24.0-255,2902,12157,76,153436
26833,0.000135,172.31.40.0-255,66,12223,76,153436
26834,0.000323,74.125.24.0-255,2028,14251,76,153436
26835,0.000329,172.31.40.0-255,66,14317,76,153436
26836,0.000354,74.125.24.0-255,4320,18637,76,153436
26837,0.000357,172.31.40.0-255,66,18703,76,153436
26838,0.000381,74.125.24.0-255,1484,20187,76,153436
26839,0.000383,172.31.40.0-255,66,20253,76,153436
26840,0.000526,74.125.24.0-255,5738,25991,76,153436
26841,0.00053,172.31.40.0-255,66,26057,76,153436
26842,0.000556,74.125.24.0-255,5379,31436,76,153436
26843,0.000558,172.31.40.0-255,66,31502,76,153436
26844,0.000831,172.31.40.0-255,66,31568,76,153436
26845,0.00087,172.31.40.0-255,66,31634,76,153436
26846,0.001457,172.31.40.0-255,66,31700,76,153436
26847,0.001486,74.125.24.0-255,3162,34862,76,153436
26848,0.001488,172.31.40.0-255,66,34928,76,153436
26849,0.00176,74.125.24.0-255,2902,37830,76,153436
26850,0.001763,172.31.40.0-255,66,37896,76,153436
26851,0.001856,74.125.24.0-255,2184,40080,76,153436
26852,0.003673,74.125.24.0-255,4320,44400,76,153436
26853,0.003741,74.125.24.0-255,1484,45884,76,153436
26854,0.005945,172.31.40.0-255,66,45950,76,153436
26855,0.008272,74.125.24.0-255,1484,47434,76,153436
26856,0.008282,74.125.24.0-255,4320,51754,76,153436
26857,0.008287,172.31.40.0-255,66,51820,76,153436
26858,0.01061,74.125.24.0-255,5738,57558,76,153436
26859,0.012295,172.31.40.0-255,66,57624,76,153436
26860,0.014626,74.125.24.0-255,5738,63362,76,153436
26861,0.01464,172.31.40.0-255,66,63428,76,153436
26862,0.016972,74.125.24.0-255,5738,69166,76,153436
26863,0.016981,172.31.40.0-255,66,69232,76,153436
26864,0.019298,74.125.24.0-255,5738,74970,76,153436
26865,0.019305,172.31.40.0-255,66,75036,76,153436
26866,0.021614,74.125.24.0-255,5738,80774,76,153436
26867,0.021621,172.31.40.0-255,66,80840,76,153436
26868,0.023941,74.125.24.0-255,5738,86578,76,153436
26869,0.023951,172.31.40.0-255,66,86644,76,153436
26870,0.026266,74.125.24.0-255,5738,92382,76,153436
26871,0.026273,172.31.40.0-255,66,92448,76,153436
26872,0.027576,172.31.40.0-255,172,92620,76,153436
26873,0.027608,172.31.40.0-255,1109,93729,76,153436
26874,0.027668,172.31.40.0-255,1514,95243,76,153436
26875,0.027671,172.31.40.0-255,1307,96550,76,153436
26876,0.028606,74.125.24.0-255,5738,102288,76,153436
26877,0.028614,172.31.40.0-255,66,102354,76,153436
26878,0.029118,104.244.42.0-255,66,102420,76,153436
26879,0.029169,104.244.42.0-255,66,102486,76,153436
26880,0.029268,104.244.42.0-255,66,102552,76,153436
26881,0.03094,74.125.24.0-255,5738,108290,76,153436
26882,0.030946,172.31.40.0-255,66,108356,76,153436
26883,0.033283,74.125.24.0-255,5738,114094,76,153436
26884,0.03329,172.31.40.0-255,66,114160,76,153436
26885,0.035604,74.125.24.0-255,4320,118480,76,153436
26886,0.035611,172.31.40.0-255,66,118546,76,153436
26887,0.035644,74.125.24.0-255,1484,120030,76,153436
26888,0.037934,74.125.24.0-255,4320,124350,76,153436
26889,0.037941,172.31.40.0-255,66,124416,76,153436
26890,0.040264,74.125.24.0-255,5738,130154,76,153436
26891,0.040316,172.31.40.0-255,66,130220,76,153436
26892,0.042654,74.125.24.0-255,5738,135958,76,153436
26893,0.042674,172.31.40.0-255,66,136024,76,153436
26894,0.045006,74.125.24.0-255,5738,141762,76,153436
26895,0.045022,172.31.40.0-255,66,141828,76,153436
26896,0.047362,74.125.24.0-255,5738,147566,76,153436
26897,0.047379,172.31.40.0-255,66,147632,76,153436
26898,0.049734,74.125.24.0-255,5738,153370,76,153436
26899,0.04975,172.31.40.0-255,66,153436,76,153436
26900,0.0,74.125.68.0-255,297,297,76,241777
26901,2.2e-05,172.31.40.0-255,66,363,76,241777
26902,2.8e-05,74.125.68.0-255,1484,1847,76,241777
26903,3.2e-05,172.31.40.0-255,66,1913,76,241777
26904,3.8e-05,74.125.68.0-255,4320,6233,76,241777
26905,4.8e-05,172.31.40.0-255,66,6299,76,241777
26906,7e-05,74.125.68.0-255,5738,12037,76,241777
26907,8.8e-05,172.31.40.0-255,66,12103,76,241777
26908,9.3e-05,74.125.68.0-255,1804,13907,76,241777
26909,9.5e-05,172.31.40.0-255,66,13973,76,241777
26910,0.000132,74.125.68.0-255,1484,15457,76,241777
26911,0.000134,172.31.40.0-255,66,15523,76,241777
26912,0.000157,74.125.68.0-255,2902,18425,76,241777
26913,0.000159,172.31.40.0-255,66,18491,76,241777
26914,0.000163,74.125.68.0-255,2902,21393,76,241777
26915,0.000165,172.31.40.0-255,66,21459,76,241777
26916,0.000184,74.125.68.0-255,2902,24361,76,241777
26917,0.000186,172.31.40.0-255,66,24427,76,241777
26918,0.000195,74.125.68.0-255,5738,30165,76,241777
26919,0.000198,172.31.40.0-255,66,30231,76,241777
26920,0.000223,74.125.68.0-255,1125,31356,76,241777
26921,0.000225,172.31.40.0-255,66,31422,76,241777
26922,0.000736,74.125.68.0-255,1484,32906,76,241777
26923,0.000742,172.31.40.0-255,66,32972,76,241777
26924,0.000748,74.125.68.0-255,1484,34456,76,241777
26925,0.000751,172.31.40.0-255,66,34522,76,241777
26926,0.00076,74.125.68.0-255,2902,37424,76,241777
26927,0.000763,172.31.40.0-255,66,37490,76,241777
26928,0.000796,74.125.68.0-255,5738,43228,76,241777
26929,0.000799,172.31.40.0-255,66,43294,76,241777
26930,0.000805,74.125.68.0-255,5379,48673,76,241777
26931,0.000807,172.31.40.0-255,66,48739,76,241777
26932,0.001008,74.125.68.0-255,1484,50223,76,241777
26933,0.001015,74.125.68.0-255,1484,51707,76,241777
26934,0.001019,172.31.40.0-255,66,51773,76,241777
26935,0.001046,74.125.68.0-255,1484,53257,76,241777
26936,0.001054,74.125.68.0-255,5738,58995,76,241777
26937,0.001056,172.31.40.0-255,66,59061,76,241777
26938,0.00109,74.125.68.0-255,7131,66192,76,241777
26939,0.001093,172.31.40.0-255,66,66258,76,241777
26940,0.001453,74.125.68.0-255,108,66366,76,241777
26941,0.001492,74.125.68.0-255,1484,67850,76,241777
26942,0.001497,172.31.40.0-255,66,67916,76,241777
26943,0.001504,74.125.68.0-255,2902,70818,76,241777
26944,0.001506,172.31.40.0-255,66,70884,76,241777
26945,0.001509,74.125.68.0-255,1484,72368,76,241777
26946,0.00154,74.125.68.0-255,4320,76688,76,241777
26947,0.001543,172.31.40.0-255,66,76754,76,241777
26948,0.00155,74.125.68.0-255,7041,83795,76,241777
26949,0.001552,172.31.40.0-255,66,83861,76,241777
26950,0.001739,74.125.68.0-255,1484,85345,76,241777
26951,0.001748,74.125.68.0-255,2902,88247,76,241777
26952,0.001751,172.31.40.0-255,66,88313,76,241777
26953,0.001781,74.125.68.0-255,5738,94051,76,241777
26954,0.001784,172.31.40.0-255,66,94117,76,241777
26955,0.001788,74.125.68.0-255,2902,97019,76,241777
26956,0.00179,172.31.40.0-255,66,97085,76,241777
26957,0.00182,74.125.68.0-255,2902,99987,76,241777
26958,0.001823,172.31.40.0-255,66,100053,76,241777
26959,0.001847,74.125.68.0-255,7156,107209,76,241777
26960,0.00185,172.31.40.0-255,66,107275,76,241777
26961,0.00186,172.31.40.0-255,66,107341,76,241777
26962,0.001862,74.125.68.0-255,766,108107,76,241777
26963,0.003921,74.125.68.0-255,4320,112427,76,241777
26964,0.003926,172.31.40.0-255,66,112493,76,241777
26965,0.006001,74.125.68.0-255,4320,116813,76,241777
26966,0.006007,172.31.40.0-255,66,116879,76,241777
26967,0.006031,74.125.68.0-255,1484,118363,76,241777
26968,0.008067,74.125.68.0-255,4320,122683,76,241777
26969,0.008073,172.31.40.0-255,66,122749,76,241777
26970,0.010146,74.125.68.0-255,4320,127069,76,241777
26971,0.010153,172.31.40.0-255,66,127135,76,241777
26972,0.010181,74.125.68.0-255,1484,128619,76,241777
26973,0.012218,74.125.68.0-255,4320,132939,76,241777
26974,0.012225,172.31.40.0-255,66,133005,76,241777
26975,0.014283,74.125.68.0-255,5738,138743,76,241777
26976,0.014292,172.31.40.0-255,66,138809,76,241777
26977,0.016377,74.125.68.0-255,5738,144547,76,241777
26978,0.016384,172.31.40.0-255,66,144613,76,241777
26979,0.01846,74.125.68.0-255,5738,150351,76,241777
26980,0.01847,172.31.40.0-255,66,150417,76,241777
26981,0.020536,74.125.68.0-255,5738,156155,76,241777
26982,0.020543,172.31.40.0-255,66,156221,76,241777
26983,0.022607,74.125.68.0-255,5738,161959,76,241777
26984,0.022613,172.31.40.0-255,66,162025,76,241777
26985,0.024679,74.125.68.0-255,5738,167763,76,241777
26986,0.024687,172.31.40.0-255,66,167829,76,241777
26987,0.025585,172.31.40.0-255,172,168001,76,241777
26988,0.025617,172.31.40.0-255,1108,169109,76,241777
26989,0.02568,172.31.40.0-255,1514,170623,76,241777
26990,0.025702,172.31.40.0-255,1308,171931,76,241777
26991,0.026761,74.125.68.0-255,5738,177669,76,241777
26992,0.026767,172.31.40.0-255,66,177735,76,241777
26993,0.027133,104.244.42.0-255,66,177801,76,241777
26994,0.027141,104.244.42.0-255,66,177867,76,241777
26995,0.02725,104.244.42.0-255,66,177933,76,241777
26996,0.028837,74.125.68.0-255,5738,183671,76,241777
26997,0.028842,172.31.40.0-255,66,183737,76,241777
26998,0.030913,74.125.68.0-255,5738,189475,76,241777
26999,0.03092,172.31.40.0-255,66,189541,76,241777
27000,0.033007,74.125.68.0-255,5738,195279,76,241777
27001,0.033013,172.31.40.0-255,66,195345,76,241777
27002,0.035084,74.125.68.0-255,5738,201083,76,241777
27003,0.035089,172.31.40.0-255,66,201149,76,241777
27004,0.037167,74.125.68.0-255,5738,206887,76,241777
27005,0.037173,172.31.40.0-255,66,206953,76,241777
27006,0.039249,74.125.68.0-255,5738,212691,76,241777
27007,0.039255,172.31.40.0-255,66,212757,76,241777
27008,0.041338,74.125.68.0-255,5738,218495,76,241777
27009,0.041344,172.31.40.0-255,66,218561,76,241777
27010,0.043415,74.125.68.0-255,5738,224299,76,241777
27011,0.04342,172.31.40.0-255,66,224365,76,241777
27012,0.045495,74.125.68.0-255,5738,230103,76,241777
27013,0.045501,172.31.40.0-255,66,230169,76,241777
27014,0.047578,74.125.68.0-255,5738,235907,76,241777
27015,0.047585,172.31.40.0-255,66,235973,76,241777
27016,0.049656,74.125.68.0-255,5738,241711,76,241777
27017,0.049665,172.31.40.0-255,66,241777,76,241777
27018,0.0,74.125.200.0-255,154,154,76,272361
27019,1.6e-05,172.31.40.0-255,66,220,76,272361
27020,2.3e-05,74.125.200.0-255,1484,1704,76,272361
27021,2.7e-05,172.31.40.0-255,66,1770,76,272361
27022,3.2e-05,74.125.200.0-255,2902,4672,76,272361
27023,4.3e-05,172.31.40.0-255,66,4738,76,272361
27024,5.1e-05,74.125.200.0-255,7156,11894,76,272361
27025,5.3e-05,172.31.40.0-255,66,11960,76,272361
27026,5.9e-05,74.125.200.0-255,2139,14099,76,272361
27027,6.1e-05,172.31.40.0-255,66,14165,76,272361
27028,9.1e-05,74.125.200.0-255,2902,17067,76,272361
27029,9.5e-05,172.31.40.0-255,66,17133,76,272361
27030,0.000102,74.125.200.0-255,7156,24289,76,272361
27031,0.000105,172.31.40.0-255,66,24355,76,272361
27032,0.000154,74.125.200.0-255,4320,28675,76,272361
27033,0.000157,172.31.40.0-255,66,28741,76,272361
27034,0.00018,74.125.200.0-255,2543,31284,76,272361
27035,0.000183,172.31.40.0-255,66,31350,76,272361
27036,0.000237,74.125.200.0-255,1484,32834,76,272361
27037,0.00024,172.31.40.0-255,66,32900,76,272361
27038,0.000243,74.125.200.0-255,1484,34384,76,272361
27039,0.000245,172.31.40.0-255,66,34450,76,272361
27040,0.000264,74.125.200.0-255,1484,35934,76,272361
27041,0.000266,172.31.40.0-255,66,36000,76,272361
27042,0.00027,74.125.200.0-255,1484,37484,76,272361
27043,0.000272,172.31.40.0-255,66,37550,76,272361
27044,0.000276,74.125.200.0-255,2902,40452,76,272361
27045,0.000278,172.31.40.0-255,66,40518,76,272361
27046,0.000289,74.125.200.0-255,5738,46256,76,272361
27047,0.000291,172.31.40.0-255,66,46322,76,272361
27048,0.000327,172.31.40.0-255,66,46388,76,272361
27049,0.000369,172.31.40.0-255,66,46454,76,272361
27050,0.000761,74.125.200.0-255,133,46587,76,272361
27051,0.00092,74.125.200.0-255,1484,48071,76,272361
27052,0.000923,172.31.40.0-255,66,48137,76,272361
27053,0.000941,74.125.200.0-255,2902,51039,76,272361
27054,0.000943,172.31.40.0-255,66,51105,76,272361
27055,0.00097,74.125.200.0-255,5738,56843,76,272361
27056,0.000973,172.31.40.0-255,66,56909,76,272361
27057,0.000975,74.125.200.0-255,1484,58393,76,272361
27058,0.000979,74.125.200.0-255,2902,61295,76,272361
27059,0.000981,172.31.40.0-255,66,61361,76,272361
27060,0.001003,74.125.200.0-255,5738,67099,76,272361
27061,0.001005,172.31.40.0-255,66,67165,76,272361
27062,0.001024,74.125.200.0-255,1484,68649,76,272361
27063,0.001063,172.31.40.0-255,66,68715,76,272361
27064,0.001066,74.125.200.0-255,766,69481,76,272361
27065,0.001238,74.125.200.0-255,1484,70965,76,272361
27066,0.001241,172.31.40.0-255,66,71031,76,272361
27067,0.001263,74.125.200.0-255,2902,73933,76,272361
27068,0.001265,172.31.40.0-255,66,73999,76,272361
27069,0.00127,74.125.200.0-255,5738,79737,76,272361
27070,0.001272,172.31.40.0-255,66,79803,76,272361
27071,0.001275,74.125.200.0-255,1484,81287,76,272361
27072,0.001297,74.125.200.0-255,2902,84189,76,272361
27073,0.001299,172.31.40.0-255,66,84255,76,272361
27074,0.001327,74.125.200.0-255,5738,89993,76,272361
27075,0.001329,172.31.40.0-255,66,90059,76,272361
27076,0.001354,74.125.200.0-255,2902,92961,76,272361
27077,0.001356,172.31.40.0-255,66,93027,76,272361
27078,0.001359,74.125.200.0-255,1484,94511,76,272361
27079,0.001384,74.125.200.0-255,2902,97413,76,272361
27080,0.001387,172.31.40.0-255,66,97479,76,272361
27081,0.001394,74.125.200.0-255,6438,103917,76,272361
27082,0.001396,172.31.40.0-255,66,103983,76,272361
27083,0.001398,74.125.200.0-255,1484,105467,76,272361
27084,0.001423,74.125.200.0-255,5738,111205,76,272361
27085,0.001425,172.31.40.0-255,66,111271,76,272361
27086,0.001466,74.125.200.0-255,1484,112755,76,272361
27087,0.001481,74.125.200.0-255,2902,115657,76,272361
27088,0.001484,172.31.40.0-255,66,115723,76,272361
27089,0.001517,172.31.40.0-255,66,115789,76,272361
27090,0.00153,172.31.40.0-255,66,115855,76,272361
27091,0.0016,74.125.200.0-255,1484,117339,76,272361
27092,0.001606,74.125.200.0-255,2902,120241,76,272361
27093,0.001608,172.31.40.0-255,66,120307,76,272361
27094,0.001634,74.125.200.0-255,5738,126045,76,272361
27095,0.001637,74.125.200.0-255,2902,128947,76,272361
27096,0.001641,172.31.40.0-255,66,129013,76,272361
27097,0.001644,172.31.40.0-255,66,129079,76,272361
27098,0.001653,74.125.200.0-255,4320,133399,76,272361
27099,0.001658,172.31.40.0-255,66,133465,76,272361
27100,0.001714,172.31.40.0-255,66,133531,76,272361
27101,0.001807,74.125.200.0-255,1484,135015,76,272361
27102,0.001819,74.125.200.0-255,1484,136499,76,272361
27103,0.001822,172.31.40.0-255,66,136565,76,272361
27104,0.001835,74.125.200.0-255,1484,138049,76,272361
27105,0.001843,74.125.200.0-255,5738,143787,76,272361
27106,0.001848,172.31.40.0-255,66,143853,76,272361
27107,0.001875,74.125.200.0-255,7156,151009,76,272361
27108,0.001896,74.125.200.0-255,4320,155329,76,272361
27109,0.0019,172.31.40.0-255,66,155395,76,272361
27110,0.001925,74.125.200.0-255,7156,162551,76,272361
27111,0.001929,74.125.200.0-255,4320,166871,76,272361
27112,0.001936,172.31.40.0-255,66,166937,76,272361
27113,0.001967,74.125.200.0-255,4320,171257,76,272361
27114,0.001971,172.31.40.0-255,66,171323,76,272361
27115,0.002013,172.31.40.0-255,66,171389,76,272361
27116,0.002034,74.125.200.0-255,3602,174991,76,272361
27117,0.002045,172.31.40.0-255,66,175057,76,272361
27118,0.002094,74.125.200.0-255,2902,177959,76,272361
27119,0.0021,172.31.40.0-255,66,178025,76,272361
27120,0.002141,172.31.40.0-255,66,178091,76,272361
27121,0.002152,74.125.200.0-255,5738,183829,76,272361
27122,0.002171,172.31.40.0-255,66,183895,76,272361
27123,0.002189,74.125.200.0-255,5738,189633,76,272361
27124,0.002195,172.31.40.0-255,66,189699,76,272361
27125,0.00222,74.125.200.0-255,5738,195437,76,272361
27126,0.002232,172.31.40.0-255,66,195503,76,272361
27127,0.002243,74.125.200.0-255,6438,201941,76,272361
27128,0.002248,74.125.200.0-255,4320,206261,76,272361
27129,0.002252,172.31.40.0-255,66,206327,76,272361
27130,0.002294,74.125.200.0-255,7156,213483,76,272361
27131,0.002328,172.31.40.0-255,66,213549,76,272361
27132,0.0046,74.125.200.0-255,5738,219287,76,272361
27133,0.004607,172.31.40.0-255,66,219353,76,272361
27134,0.006898,74.125.200.0-255,5738,225091,76,272361
27135,0.006912,172.31.40.0-255,66,225157,76,272361
27136,0.009209,74.125.200.0-255,5738,230895,76,272361
27137,0.009224,172.31.40.0-255,66,230961,76,272361
27138,0.01151,74.125.200.0-255,5738,236699,76,272361
27139,0.011528,172.31.40.0-255,66,236765,76,272361
27140,0.013817,74.125.200.0-255,5738,242503,76,272361
27141,0.013825,172.31.40.0-255,66,242569,76,272361
27142,0.016095,74.125.200.0-255,5738,248307,76,272361
27143,0.016103,172.31.40.0-255,66,248373,76,272361
27144,0.018376,74.125.200.0-255,5738,254111,76,272361
27145,0.018382,172.31.40.0-255,66,254177,76,272361
27146,0.020658,74.125.200.0-255,5738,259915,76,272361
27147,0.020666,172.31.40.0-255,66,259981,76,272361
27148,0.022941,74.125.200.0-255,5738,265719,76,272361
27149,0.022948,172.31.40.0-255,66,265785,76,272361
27150,0.025226,74.125.200.0-255,2037,267822,76,272361
27151,0.025237,172.31.40.0-255,66,267888,76,272361
27152,0.027622,172.31.40.0-255,105,267993,76,272361
27153,0.029858,74.125.200.0-255,66,268059,76,272361
27154,0.045558,172.31.40.0-255,172,268231,76,272361
27155,0.045588,172.31.40.0-255,1110,269341,76,272361
27156,0.045639,172.31.40.0-255,1514,270855,76,272361
27157,0.045641,172.31.40.0-255,1308,272163,76,272361
27158,0.047099,104.244.42.0-255,66,272229,76,272361
27159,0.047129,104.244.42.0-255,66,272295,76,272361
27160,0.047178,104.244.42.0-255,66,272361,76,272361
27161,0.0,74.125.68.0-255,153,153,76,259632
27162,3.4e-05,172.31.40.0-255,66,219,76,259632
27163,4.2e-05,74.125.68.0-255,1484,1703,76,259632
27164,4.7e-05,172.31.40.0-255,66,1769,76,259632
27165,7.2e-05,74.125.68.0-255,1484,3253,76,259632
27166,7.5e-05,172.31.40.0-255,66,3319,76,259632
27167,8e-05,74.125.68.0-255,2902,6221,76,259632
27168,8.3e-05,172.31.40.0-255,66,6287,76,259632
27169,0.000112,74.125.68.0-255,5738,12025,76,259632
27170,0.000115,172.31.40.0-255,66,12091,76,259632
27171,0.000117,74.125.68.0-255,1484,13575,76,259632
27172,0.000119,172.31.40.0-255,66,13641,76,259632
27173,0.000163,74.125.68.0-255,2902,16543,76,259632
27174,0.000166,172.31.40.0-255,66,16609,76,259632
27175,0.000189,74.125.68.0-255,6289,22898,76,259632
27176,0.000192,172.31.40.0-255,66,22964,76,259632
27177,0.000224,74.125.68.0-255,7156,30120,76,259632
27178,0.000226,172.31.40.0-255,66,30186,76,259632
27179,0.000243,74.125.68.0-255,1125,31311,76,259632
27180,0.000245,172.31.40.0-255,66,31377,76,259632
27181,0.000356,74.125.68.0-255,1484,32861,76,259632
27182,0.00036,172.31.40.0-255,66,32927,76,259632
27183,0.000377,74.125.68.0-255,2902,35829,76,259632
27184,0.00038,172.31.40.0-255,66,35895,76,259632
27185,0.000396,74.125.68.0-255,1484,37379,76,259632
27186,0.000398,172.31.40.0-255,66,37445,76,259632
27187,0.000412,74.125.68.0-255,4320,41765,76,259632
27188,0.000415,172.31.40.0-255,66,41831,76,259632
27189,0.000433,74.125.68.0-255,4320,46151,76,259632
27190,0.000436,172.31.40.0-255,66,46217,76,259632
27191,0.000464,74.125.68.0-255,5379,51596,76,259632
27192,0.000467,172.31.40.0-255,66,51662,76,259632
27193,0.000472,74.125.68.0-255,4320,55982,76,259632
27194,0.000494,74.125.68.0-255,2902,58884,76,259632
27195,0.000509,74.125.68.0-255,2902,61786,76,259632
27196,0.000528,74.125.68.0-255,4239,66025,76,259632
27197,0.000536,172.31.40.0-255,66,66091,76,259632
27198,0.000657,74.125.68.0-255,130,66221,76,259632
27199,0.000793,74.125.68.0-255,1484,67705,76,259632
27200,0.000799,74.125.68.0-255,2902,70607,76,259632
27201,0.000809,172.31.40.0-255,66,70673,76,259632
27202,0.00082,74.125.68.0-255,1484,72157,76,259632
27203,0.000843,74.125.68.0-255,4320,76477,76,259632
27204,0.000845,74.125.68.0-255,1484,77961,76,259632
27205,0.000853,172.31.40.0-255,66,78027,76,259632
27206,0.000863,74.125.68.0-255,5379,83406,76,259632
27207,0.000865,74.125.68.0-255,1484,84890,76,259632
27208,0.000892,172.31.40.0-255,66,84956,76,259632
27209,0.000899,74.125.68.0-255,2902,87858,76,259632
27210,0.000908,74.125.68.0-255,1484,89342,76,259632
27211,0.000924,74.125.68.0-255,4320,93662,76,259632
27212,0.000927,74.125.68.0-255,1484,95146,76,259632
27213,0.000935,172.31.40.0-255,66,95212,76,259632
27214,0.000943,74.125.68.0-255,2902,98114,76,259632
27215,0.000954,172.31.40.0-255,66,98180,76,259632
27216,0.000985,74.125.68.0-255,2543,100723,76,259632
27217,0.000995,172.31.40.0-255,66,100789,76,259632
27218,0.001555,74.125.68.0-255,1484,102273,76,259632
27219,0.001577,74.125.68.0-255,1484,103757,76,259632
27220,0.001581,172.31.40.0-255,66,103823,76,259632
27221,0.001595,74.125.68.0-255,2902,106725,76,259632
27222,0.001605,74.125.68.0-255,1484,108209,76,259632
27223,0.001626,74.125.68.0-255,4320,112529,76,259632
27224,0.001655,74.125.68.0-255,2902,115431,76,259632
27225,0.001689,74.125.68.0-255,2902,118333,76,259632
27226,0.001691,74.125.68.0-255,1484,119817,76,259632
27227,0.001705,74.125.68.0-255,2902,122719,76,259632
27228,0.001747,74.125.68.0-255,2902,125621,76,259632
27229,0.001762,74.125.68.0-255,4320,129941,76,259632
27230,0.001789,74.125.68.0-255,2902,132843,76,259632
27231,0.001845,74.125.68.0-255,2184,135027,76,259632
27232,0.002269,74.125.68.0-255,1484,136511,76,259632
27233,0.00229,74.125.68.0-255,2902,139413,76,259632
27234,0.002321,74.125.68.0-255,2902,142315,76,259632
27235,0.004064,172.31.40.0-255,66,142381,76,259632
27236,0.006399,74.125.68.0-255,2902,145283,76,259632
27237,0.006404,172.31.40.0-255,66,145349,76,259632
27238,0.00642,74.125.68.0-255,2902,148251,76,259632
27239,0.006447,172.31.40.0-255,66,148317,76,259632
27240,0.008682,74.125.68.0-255,2902,151219,76,259632
27241,0.008689,172.31.40.0-255,66,151285,76,259632
27242,0.008738,74.125.68.0-255,2902,154187,76,259632
27243,0.01072,172.31.40.0-255,66,154253,76,259632
27244,0.010969,74.125.68.0-255,2902,157155,76,259632
27245,0.010975,172.31.40.0-255,66,157221,76,259632
27246,0.013006,74.125.68.0-255,2902,160123,76,259632
27247,0.013012,172.31.40.0-255,66,160189,76,259632
27248,0.013257,74.125.68.0-255,2902,163091,76,259632
27249,0.013262,172.31.40.0-255,66,163157,76,259632
27250,0.01529,74.125.68.0-255,2902,166059,76,259632
27251,0.015299,172.31.40.0-255,66,166125,76,259632
27252,0.015541,74.125.68.0-255,2902,169027,76,259632
27253,0.015546,172.31.40.0-255,66,169093,76,259632
27254,0.017582,74.125.68.0-255,2902,171995,76,259632
27255,0.01759,172.31.40.0-255,66,172061,76,259632
27256,0.017823,74.125.68.0-255,2902,174963,76,259632
27257,0.017846,172.31.40.0-255,66,175029,76,259632
27258,0.019863,74.125.68.0-255,2902,177931,76,259632
27259,0.01987,172.31.40.0-255,66,177997,76,259632
27260,0.020113,74.125.68.0-255,2902,180899,76,259632
27261,0.020118,172.31.40.0-255,66,180965,76,259632
27262,0.022154,74.125.68.0-255,2902,183867,76,259632
27263,0.02216,172.31.40.0-255,66,183933,76,259632
27264,0.022388,74.125.68.0-255,2902,186835,76,259632
27265,0.022392,172.31.40.0-255,66,186901,76,259632
27266,0.024441,74.125.68.0-255,2902,189803,76,259632
27267,0.024447,172.31.40.0-255,66,189869,76,259632
27268,0.024659,74.125.68.0-255,2902,192771,76,259632
27269,0.024664,172.31.40.0-255,66,192837,76,259632
27270,0.026719,74.125.68.0-255,2902,195739,76,259632
27271,0.026726,172.31.40.0-255,66,195805,76,259632
27272,0.026938,74.125.68.0-255,2902,198707,76,259632
27273,0.027273,172.31.40.0-255,66,198773,76,259632
27274,0.029008,74.125.68.0-255,2902,201675,76,259632
27275,0.029013,172.31.40.0-255,66,201741,76,259632
27276,0.029558,74.125.68.0-255,2902,204643,76,259632
27277,0.029564,172.31.40.0-255,66,204709,76,259632
27278,0.029716,172.31.40.0-255,172,204881,76,259632
27279,0.029755,172.31.40.0-255,1108,205989,76,259632
27280,0.029849,172.31.40.0-255,1514,207503,76,259632
27281,0.029851,172.31.40.0-255,1308,208811,76,259632
27282,0.03126,104.244.42.0-255,66,208877,76,259632
27283,0.031303,74.125.68.0-255,2902,211779,76,259632
27284,0.031308,172.31.40.0-255,66,211845,76,259632
27285,0.031356,104.244.42.0-255,66,211911,76,259632
27286,0.031406,104.244.42.0-255,66,211977,76,259632
27287,0.031846,74.125.68.0-255,2902,214879,76,259632
27288,0.03185,172.31.40.0-255,66,214945,76,259632
27289,0.033612,74.125.68.0-255,2902,217847,76,259632
27290,0.033621,172.31.40.0-255,66,217913,76,259632
27291,0.034124,74.125.68.0-255,2902,220815,76,259632
27292,0.034129,172.31.40.0-255,66,220881,76,259632
27293,0.035907,74.125.68.0-255,2902,223783,76,259632
27294,0.035914,172.31.40.0-255,66,223849,76,259632
27295,0.036439,74.125.68.0-255,2902,226751,76,259632
27296,0.036445,172.31.40.0-255,66,226817,76,259632
27297,0.036539,172.31.40.0-255,101,226918,76,259632
27298,0.038201,74.125.68.0-255,2902,229820,76,259632
27299,0.038207,172.31.40.0-255,66,229886,76,259632
27300,0.038732,74.125.68.0-255,2902,232788,76,259632
27301,0.038738,172.31.40.0-255,66,232854,76,259632
27302,0.038784,74.125.68.0-255,66,232920,76,259632
27303,0.040498,74.125.68.0-255,2902,235822,76,259632
27304,0.040504,172.31.40.0-255,66,235888,76,259632
27305,0.041016,74.125.68.0-255,2902,238790,76,259632
27306,0.041022,172.31.40.0-255,66,238856,76,259632
27307,0.042788,74.125.68.0-255,2902,241758,76,259632
27308,0.042795,172.31.40.0-255,66,241824,76,259632
27309,0.043307,74.125.68.0-255,2902,244726,76,259632
27310,0.043313,172.31.40.0-255,66,244792,76,259632
27311,0.045072,74.125.68.0-255,2902,247694,76,259632
27312,0.045077,172.31.40.0-255,66,247760,76,259632
27313,0.045583,74.125.68.0-255,2902,250662,76,259632
27314,0.045589,172.31.40.0-255,66,250728,76,259632
27315,0.047355,74.125.68.0-255,2902,253630,76,259632
27316,0.047362,172.31.40.0-255,66,253696,76,259632
27317,0.047869,74.125.68.0-255,2902,256598,76,259632
27318,0.047875,172.31.40.0-255,66,256664,76,259632
27319,0.049651,74.125.68.0-255,2902,259566,76,259632
27320,0.049659,172.31.40.0-255,66,259632,76,259632
27321,0.0,74.125.24.0-255,146,146,76,235576
27322,2.2e-05,172.31.40.0-255,66,212,76,235576
27323,3.1e-05,74.125.24.0-255,1484,1696,76,235576
27324,3.5e-05,172.31.40.0-255,66,1762,76,235576
27325,4.1e-05,74.125.24.0-255,2902,4664,76,235576
27326,4.3e-05,172.31.40.0-255,66,4730,76,235576
27327,5.1e-05,74.125.24.0-255,7156,11886,76,235576
27328,5.4e-05,172.31.40.0-255,66,11952,76,235576
27329,5.8e-05,74.125.24.0-255,2164,14116,76,235576
27330,6.2e-05,172.31.40.0-255,66,14182,76,235576
27331,0.000106,172.31.40.0-255,66,14248,76,235576
27332,0.000112,74.125.24.0-255,5379,19627,76,235576
27333,0.000115,172.31.40.0-255,66,19693,76,235576
27334,0.000272,74.125.24.0-255,1484,21177,76,235576
27335,0.000276,172.31.40.0-255,66,21243,76,235576
27336,0.000282,74.125.24.0-255,2902,24145,76,235576
27337,0.000284,172.31.40.0-255,66,24211,76,235576
27338,0.000289,74.125.24.0-255,2902,27113,76,235576
27339,0.000292,172.31.40.0-255,66,27179,76,235576
27340,0.000311,74.125.24.0-255,2902,30081,76,235576
27341,0.000313,172.31.40.0-255,66,30147,76,235576
27342,0.000317,74.125.24.0-255,2902,33049,76,235576
27343,0.000319,172.31.40.0-255,66,33115,76,235576
27344,0.000339,74.125.24.0-255,3961,37076,76,235576
27345,0.000341,172.31.40.0-255,66,37142,76,235576
27346,0.000349,74.125.24.0-255,7156,44298,76,235576
27347,0.000351,172.31.40.0-255,66,44364,76,235576
27348,0.000354,74.125.24.0-255,1484,45848,76,235576
27349,0.000356,172.31.40.0-255,66,45914,76,235576
27350,0.000384,172.31.40.0-255,66,45980,76,235576
27351,0.000387,74.125.24.0-255,131,46111,76,235576
27352,0.000465,74.125.24.0-255,1484,47595,76,235576
27353,0.000469,172.31.40.0-255,66,47661,76,235576
27354,0.000475,74.125.24.0-255,2902,50563,76,235576
27355,0.000477,172.31.40.0-255,66,50629,76,235576
27356,0.000493,74.125.24.0-255,4320,54949,76,235576
27357,0.000495,172.31.40.0-255,66,55015,76,235576
27358,0.000512,74.125.24.0-255,1484,56499,76,235576
27359,0.00052,74.125.24.0-255,6797,63296,76,235576
27360,0.000523,172.31.40.0-255,66,63362,76,235576
27361,0.000575,74.125.24.0-255,7156,70518,76,235576
27362,0.000578,172.31.40.0-255,66,70584,76,235576
27363,0.000593,74.125.24.0-255,7156,77740,76,235576
27364,0.000596,172.31.40.0-255,66,77806,76,235576
27365,0.0006,74.125.24.0-255,2543,80349,76,235576
27366,0.000602,172.31.40.0-255,66,80415,76,235576
27367,0.000604,74.125.24.0-255,348,80763,76,235576
27368,0.001366,172.31.40.0-255,66,80829,76,235576
27369,0.001802,74.125.24.0-255,1484,82313,76,235576
27370,0.001813,74.125.24.0-255,2902,85215,76,235576
27371,0.001817,172.31.40.0-255,66,85281,76,235576
27372,0.001825,74.125.24.0-255,5738,91019,76,235576
27373,0.001827,172.31.40.0-255,66,91085,76,235576
27374,0.001832,74.125.24.0-255,4320,95405,76,235576
27375,0.001834,172.31.40.0-255,66,95471,76,235576
27376,0.001877,74.125.24.0-255,5738,101209,76,235576
27377,0.001879,172.31.40.0-255,66,101275,76,235576
27378,0.001903,74.125.24.0-255,5738,107013,76,235576
27379,0.001905,172.31.40.0-255,66,107079,76,235576
27380,0.00193,74.125.24.0-255,1484,108563,76,235576
27381,0.001945,74.125.24.0-255,4320,112883,76,235576
27382,0.001948,172.31.40.0-255,66,112949,76,235576
27383,0.001967,74.125.24.0-255,2184,115133,76,235576
27384,0.001969,172.31.40.0-255,66,115199,76,235576
27385,0.002405,74.125.24.0-255,1484,116683,76,235576
27386,0.002412,74.125.24.0-255,1484,118167,76,235576
27387,0.002416,172.31.40.0-255,66,118233,76,235576
27388,0.002431,74.125.24.0-255,1484,119717,76,235576
27389,0.002456,74.125.24.0-255,5738,125455,76,235576
27390,0.002458,172.31.40.0-255,66,125521,76,235576
27391,0.002469,172.31.40.0-255,66,125587,76,235576
27392,0.002501,172.31.40.0-255,66,125653,76,235576
27393,0.002519,74.125.24.0-255,2184,127837,76,235576
27394,0.002521,172.31.40.0-255,66,127903,76,235576
27395,0.00506,74.125.24.0-255,5738,133641,76,235576
27396,0.005068,172.31.40.0-255,66,133707,76,235576
27397,0.007624,74.125.24.0-255,5738,139445,76,235576
27398,0.007628,172.31.40.0-255,66,139511,76,235576
27399,0.01021,74.125.24.0-255,5738,145249,76,235576
27400,0.010221,172.31.40.0-255,66,145315,76,235576
27401,0.0128,74.125.24.0-255,5738,151053,76,235576
27402,0.01281,172.31.40.0-255,66,151119,76,235576
27403,0.01537,74.125.24.0-255,5738,156857,76,235576
27404,0.015379,172.31.40.0-255,66,156923,76,235576
27405,0.017944,74.125.24.0-255,5738,162661,76,235576
27406,0.017953,172.31.40.0-255,66,162727,76,235576
27407,0.020508,74.125.24.0-255,5738,168465,76,235576
27408,0.020516,172.31.40.0-255,66,168531,76,235576
27409,0.023067,74.125.24.0-255,5738,174269,76,235576
27410,0.023075,172.31.40.0-255,66,174335,76,235576
27411,0.025625,74.125.24.0-255,5738,180073,76,235576
27412,0.025633,172.31.40.0-255,66,180139,76,235576
27413,0.025982,172.31.40.0-255,172,180311,76,235576
27414,0.026013,172.31.40.0-255,1104,181415,76,235576
27415,0.026071,172.31.40.0-255,1514,182929,76,235576
27416,0.026073,172.31.40.0-255,345,183274,76,235576
27417,0.02763,104.244.42.0-255,66,183340,76,235576
27418,0.028184,74.125.24.0-255,5738,189078,76,235576
27419,0.02819,172.31.40.0-255,66,189144,76,235576
27420,0.030734,74.125.24.0-255,5738,194882,76,235576
27421,0.030742,172.31.40.0-255,66,194948,76,235576
27422,0.033295,74.125.24.0-255,5738,200686,76,235576
27423,0.033301,172.31.40.0-255,66,200752,76,235576
27424,0.035834,74.125.24.0-255,5738,206490,76,235576
27425,0.035841,172.31.40.0-255,66,206556,76,235576
27426,0.038402,74.125.24.0-255,5738,212294,76,235576
27427,0.038412,172.31.40.0-255,66,212360,76,235576
27428,0.041015,74.125.24.0-255,5738,218098,76,235576
27429,0.041033,172.31.40.0-255,66,218164,76,235576
27430,0.043611,74.125.24.0-255,5738,223902,76,235576
27431,0.043628,172.31.40.0-255,66,223968,76,235576
27432,0.046221,74.125.24.0-255,5738,229706,76,235576
27433,0.046237,172.31.40.0-255,66,229772,76,235576
27434,0.04883,74.125.24.0-255,5738,235510,76,235576
27435,0.048837,172.31.40.0-255,66,235576,76,235576
27436,0.0,74.125.24.0-255,290,290,76,264186
27437,2.5e-05,172.31.40.0-255,66,356,76,264186
27438,3.2e-05,74.125.24.0-255,1484,1840,76,264186
27439,3.6e-05,172.31.40.0-255,66,1906,76,264186
27440,4.2e-05,74.125.24.0-255,4320,6226,76,264186
27441,4.5e-05,172.31.40.0-255,66,6292,76,264186
27442,6e-05,74.125.24.0-255,4320,10612,76,264186
27443,6.3e-05,172.31.40.0-255,66,10678,76,264186
27444,8.2e-05,74.125.24.0-255,2902,13580,76,264186
27445,8.5e-05,172.31.40.0-255,66,13646,76,264186
27446,0.000126,172.31.40.0-255,66,13712,76,264186
27447,0.000131,74.125.24.0-255,4320,18032,76,264186
27448,0.000134,172.31.40.0-255,66,18098,76,264186
27449,0.000139,74.125.24.0-255,4320,22418,76,264186
27450,0.000146,172.31.40.0-255,66,22484,76,264186
27451,0.000171,74.125.24.0-255,1125,23609,76,264186
27452,0.000174,172.31.40.0-255,66,23675,76,264186
27453,0.00045,74.125.24.0-255,1484,25159,76,264186
27454,0.000456,172.31.40.0-255,66,25225,76,264186
27455,0.000462,74.125.24.0-255,2902,28127,76,264186
27456,0.000466,172.31.40.0-255,66,28193,76,264186
27457,0.000471,74.125.24.0-255,2902,31095,76,264186
27458,0.000473,172.31.40.0-255,66,31161,76,264186
27459,0.000505,74.125.24.0-255,2902,34063,76,264186
27460,0.000507,172.31.40.0-255,66,34129,76,264186
27461,0.000514,74.125.24.0-255,6797,40926,76,264186
27462,0.000517,172.31.40.0-255,66,40992,76,264186
27463,0.000557,74.125.24.0-255,7156,48148,76,264186
27464,0.00056,172.31.40.0-255,66,48214,76,264186
27465,0.000609,172.31.40.0-255,66,48280,76,264186
27466,0.000612,74.125.24.0-255,1432,49712,76,264186
27467,0.00067,74.125.24.0-255,113,49825,76,264186
27468,0.001111,172.31.40.0-255,66,49891,76,264186
27469,0.001506,74.125.24.0-255,331,50222,76,264186
27470,0.00167,74.125.24.0-255,1484,51706,76,264186
27471,0.001676,172.31.40.0-255,66,51772,76,264186
27472,0.001683,74.125.24.0-255,2902,54674,76,264186
27473,0.001685,172.31.40.0-255,66,54740,76,264186
27474,0.001689,74.125.24.0-255,1484,56224,76,264186
27475,0.001715,74.125.24.0-255,4320,60544,76,264186
27476,0.001717,172.31.40.0-255,66,60610,76,264186
27477,0.001728,74.125.24.0-255,6249,66859,76,264186
27478,0.001731,172.31.40.0-255,66,66925,76,264186
27479,0.001853,74.125.24.0-255,1484,68409,76,264186
27480,0.00186,74.125.24.0-255,2902,71311,76,264186
27481,0.001863,172.31.40.0-255,66,71377,76,264186
27482,0.001892,74.125.24.0-255,4320,75697,76,264186
27483,0.001894,172.31.40.0-255,66,75763,76,264186
27484,0.001922,74.125.24.0-255,7156,82919,76,264186
27485,0.001925,172.31.40.0-255,66,82985,76,264186
27486,0.001949,74.125.24.0-255,1484,84469,76,264186
27487,0.00197,74.125.24.0-255,5738,90207,76,264186
27488,0.001973,172.31.40.0-255,66,90273,76,264186
27489,0.001986,74.125.24.0-255,4320,94593,76,264186
27490,0.001993,172.31.40.0-255,66,94659,76,264186
27491,0.002001,74.125.24.0-255,6438,101097,76,264186
27492,0.002003,172.31.40.0-255,66,101163,76,264186
27493,0.00231,74.125.24.0-255,1484,102647,76,264186
27494,0.002329,74.125.24.0-255,2902,105549,76,264186
27495,0.002333,172.31.40.0-255,66,105615,76,264186
27496,0.002339,74.125.24.0-255,2902,108517,76,264186
27497,0.002341,172.31.40.0-255,66,108583,76,264186
27498,0.002378,74.125.24.0-255,7156,115739,76,264186
27499,0.002381,172.31.40.0-255,66,115805,76,264186
27500,0.00242,74.125.24.0-255,1484,117289,76,264186
27501,0.002426,74.125.24.0-255,3602,120891,76,264186
27502,0.002594,74.125.24.0-255,1484,122375,76,264186
27503,0.002601,74.125.24.0-255,2902,125277,76,264186
27504,0.002624,74.125.24.0-255,5738,131015,76,264186
27505,0.002638,74.125.24.0-255,1484,132499,76,264186
27506,0.002651,74.125.24.0-255,4320,136819,76,264186
27507,0.002673,74.125.24.0-255,4320,141139,76,264186
27508,0.002713,74.125.24.0-255,4320,145459,76,264186
27509,0.002728,74.125.24.0-255,7156,152615,76,264186
27510,0.002732,74.125.24.0-255,2184,154799,76,264186
27511,0.003028,74.125.24.0-255,1484,156283,76,264186
27512,0.00304,74.125.24.0-255,2902,159185,76,264186
27513,0.003043,74.125.24.0-255,1484,160669,76,264186
27514,0.003063,74.125.24.0-255,4320,164989,76,264186
27515,0.00308,74.125.24.0-255,2902,167891,76,264186
27516,0.00312,74.125.24.0-255,1484,169375,76,264186
27517,0.003128,74.125.24.0-255,7156,176531,76,264186
27518,0.003141,74.125.24.0-255,1484,178015,76,264186
27519,0.003144,74.125.24.0-255,1484,179499,76,264186
27520,0.003161,74.125.24.0-255,766,180265,76,264186
27521,0.003396,74.125.24.0-255,1484,181749,76,264186
27522,0.003401,74.125.24.0-255,2902,184651,76,264186
27523,0.003418,74.125.24.0-255,4320,188971,76,264186
27524,0.003435,74.125.24.0-255,1484,190455,76,264186
27525,0.003443,74.125.24.0-255,7156,197611,76,264186
27526,0.003465,74.125.24.0-255,5738,203349,76,264186
27527,0.003469,74.125.24.0-255,2902,206251,76,264186
27528,0.003651,74.125.24.0-255,1484,207735,76,264186
27529,0.003656,74.125.24.0-255,2902,210637,76,264186
27530,0.003662,74.125.24.0-255,4320,214957,76,264186
27531,0.003677,74.125.24.0-255,1484,216441,76,264186
27532,0.00368,74.125.24.0-255,1484,217925,76,264186
27533,0.003759,74.125.24.0-255,2902,220827,76,264186
27534,0.003842,74.125.24.0-255,1484,222311,76,264186
27535,0.003892,74.125.24.0-255,2902,225213,76,264186
27536,0.003948,74.125.24.0-255,5738,230951,76,264186
27537,0.00397,74.125.24.0-255,7156,238107,76,264186
27538,0.003973,74.125.24.0-255,1484,239591,76,264186
27539,0.003976,74.125.24.0-255,1484,241075,76,264186
27540,0.004005,74.125.24.0-255,3602,244677,76,264186
27541,0.004007,74.125.24.0-255,1484,246161,76,264186
27542,0.004023,74.125.24.0-255,2902,249063,76,264186
27543,0.004074,74.125.24.0-255,5738,254801,76,264186
27544,0.004109,74.125.24.0-255,105,254906,76,264186
27545,0.005142,172.31.40.0-255,66,254972,76,264186
27546,0.012183,172.31.40.0-255,105,255077,76,264186
27547,0.014407,74.125.24.0-255,66,255143,76,264186
27548,0.039929,172.31.40.0-255,167,255310,76,264186
27549,0.039965,172.31.40.0-255,1109,256419,76,264186
27550,0.04003,172.31.40.0-255,1514,257933,76,264186
27551,0.040032,172.31.40.0-255,1514,259447,76,264186
27552,0.040033,172.31.40.0-255,1514,260961,76,264186
27553,0.040034,172.31.40.0-255,1514,262475,76,264186
27554,0.040065,172.31.40.0-255,1513,263988,76,264186
27555,0.041477,104.244.42.0-255,66,264054,76,264186
27556,0.041546,104.244.42.0-255,66,264120,76,264186
27557,0.041658,104.244.42.0-255,66,264186,76,264186
27558,0.0,172.217.194.0-255,153,153,76,240952
27559,3.4e-05,172.31.40.0-255,66,219,76,240952
27560,3.9e-05,172.217.194.0-255,1484,1703,76,240952
27561,4.3e-05,172.31.40.0-255,66,1769,76,240952
27562,4.8e-05,172.217.194.0-255,2902,4671,76,240952
27563,5.1e-05,172.31.40.0-255,66,4737,76,240952
27564,5.4e-05,172.217.194.0-255,1484,6221,76,240952
27565,5.7e-05,172.31.40.0-255,66,6287,76,240952
27566,8.8e-05,172.217.194.0-255,5738,12025,76,240952
27567,9.1e-05,172.31.40.0-255,66,12091,76,240952
27568,9.6e-05,172.217.194.0-255,1982,14073,76,240952
27569,9.7e-05,172.31.40.0-255,66,14139,76,240952
27570,0.00011,172.31.40.0-255,66,14205,76,240952
27571,0.000128,172.217.194.0-255,1484,15689,76,240952
27572,0.000131,172.31.40.0-255,66,15755,76,240952
27573,0.000138,172.217.194.0-255,5379,21134,76,240952
27574,0.000141,172.31.40.0-255,66,21200,76,240952
27575,0.000259,172.217.194.0-255,1484,22684,76,240952
27576,0.000264,172.31.40.0-255,66,22750,76,240952
27577,0.000269,172.217.194.0-255,2902,25652,76,240952
27578,0.000272,172.31.40.0-255,66,25718,76,240952
27579,0.000292,172.217.194.0-255,5738,31456,76,240952
27580,0.000295,172.31.40.0-255,66,31522,76,240952
27581,0.000309,172.217.194.0-255,1484,33006,76,240952
27582,0.000313,172.31.40.0-255,66,33072,76,240952
27583,0.000347,172.31.40.0-255,66,33138,76,240952
27584,0.000377,172.31.40.0-255,66,33204,76,240952
27585,0.000398,172.217.194.0-255,365,33569,76,240952
27586,0.000401,172.31.40.0-255,66,33635,76,240952
27587,0.000574,172.217.194.0-255,1484,35119,76,240952
27588,0.000583,172.217.194.0-255,2902,38021,76,240952
27589,0.000586,172.31.40.0-255,66,38087,76,240952
27590,0.00061,172.217.194.0-255,5738,43825,76,240952
27591,0.000614,172.31.40.0-255,66,43891,76,240952
27592,0.000651,172.31.40.0-255,66,43957,76,240952
27593,0.000685,172.31.40.0-255,66,44023,76,240952
27594,0.000962,172.217.194.0-255,1484,45507,76,240952
27595,0.000968,172.217.194.0-255,2902,48409,76,240952
27596,0.000972,172.31.40.0-255,66,48475,76,240952
27597,0.000995,172.217.194.0-255,4320,52795,76,240952
27598,0.000998,172.31.40.0-255,66,52861,76,240952
27599,0.001025,172.31.40.0-255,66,52927,76,240952
27600,0.001051,172.217.194.0-255,7156,60083,76,240952
27601,0.001054,172.31.40.0-255,66,60149,76,240952
27602,0.001079,172.217.194.0-255,7156,67305,76,240952
27603,0.001082,172.31.40.0-255,66,67371,76,240952
27604,0.001104,172.217.194.0-255,2184,69555,76,240952
27605,0.001108,172.31.40.0-255,66,69621,76,240952
27606,0.001777,172.217.194.0-255,1484,71105,76,240952
27607,0.00179,172.217.194.0-255,2902,74007,76,240952
27608,0.001796,172.31.40.0-255,66,74073,76,240952
27609,0.001806,172.217.194.0-255,5738,79811,76,240952
27610,0.001809,172.31.40.0-255,66,79877,76,240952
27611,0.001815,172.217.194.0-255,5738,85615,76,240952
27612,0.001817,172.31.40.0-255,66,85681,76,240952
27613,0.00185,172.217.194.0-255,5738,91419,76,240952
27614,0.001853,172.31.40.0-255,66,91485,76,240952
27615,0.001877,172.217.194.0-255,7156,98641,76,240952
27616,0.001879,172.31.40.0-255,66,98707,76,240952
27617,0.001886,172.217.194.0-255,5020,103727,76,240952
27618,0.001888,172.31.40.0-255,66,103793,76,240952
27619,0.002456,172.217.194.0-255,1484,105277,76,240952
27620,0.002465,172.217.194.0-255,2902,108179,76,240952
27621,0.00247,172.31.40.0-255,66,108245,76,240952
27622,0.002475,172.217.194.0-255,2902,111147,76,240952
27623,0.002477,172.31.40.0-255,66,111213,76,240952
27624,0.002497,172.217.194.0-255,4320,115533,76,240952
27625,0.0025,172.31.40.0-255,66,115599,76,240952
27626,0.002517,172.217.194.0-255,2902,118501,76,240952
27627,0.002519,172.31.40.0-255,66,118567,76,240952
27628,0.002535,172.217.194.0-255,7156,125723,76,240952
27629,0.002537,172.31.40.0-255,66,125789,76,240952
27630,0.002555,172.31.40.0-255,66,125855,76,240952
27631,0.002579,172.217.194.0-255,2902,128757,76,240952
27632,0.002581,172.31.40.0-255,66,128823,76,240952
27633,0.002593,172.217.194.0-255,766,129589,76,240952
27634,0.005098,172.217.194.0-255,1484,131073,76,240952
27635,0.005102,172.31.40.0-255,66,131139,76,240952
27636,0.005141,172.217.194.0-255,2902,134041,76,240952
27637,0.005143,172.31.40.0-255,66,134107,76,240952
27638,0.007684,172.217.194.0-255,5738,139845,76,240952
27639,0.007693,172.31.40.0-255,66,139911,76,240952
27640,0.010272,172.217.194.0-255,5738,145649,76,240952
27641,0.010281,172.31.40.0-255,66,145715,76,240952
27642,0.012827,172.217.194.0-255,5738,151453,76,240952
27643,0.012836,172.31.40.0-255,66,151519,76,240952
27644,0.015422,172.217.194.0-255,5738,157257,76,240952
27645,0.01543,172.31.40.0-255,66,157323,76,240952
27646,0.017998,172.217.194.0-255,5738,163061,76,240952
27647,0.018005,172.31.40.0-255,66,163127,76,240952
27648,0.020563,172.217.194.0-255,5738,168865,76,240952
27649,0.020571,172.31.40.0-255,66,168931,76,240952
27650,0.022248,172.31.40.0-255,172,169103,76,240952
27651,0.022277,172.31.40.0-255,1105,170208,76,240952
27652,0.022345,172.31.40.0-255,1514,171722,76,240952
27653,0.022347,172.31.40.0-255,1514,173236,76,240952
27654,0.022348,172.31.40.0-255,1514,174750,76,240952
27655,0.022349,172.31.40.0-255,1514,176264,76,240952
27656,0.022351,172.31.40.0-255,580,176844,76,240952
27657,0.023111,172.217.194.0-255,5738,182582,76,240952
27658,0.023118,172.31.40.0-255,66,182648,76,240952
27659,0.023774,104.244.42.0-255,66,182714,76,240952
27660,0.023798,104.244.42.0-255,66,182780,76,240952
27661,0.023867,104.244.42.0-255,66,182846,76,240952
27662,0.02393,104.244.42.0-255,66,182912,76,240952
27663,0.025703,172.217.194.0-255,5738,188650,76,240952
27664,0.02572,172.31.40.0-255,66,188716,76,240952
27665,0.0283,172.217.194.0-255,5738,194454,76,240952
27666,0.028314,172.31.40.0-255,66,194520,76,240952
27667,0.03088,172.217.194.0-255,5738,200258,76,240952
27668,0.030898,172.31.40.0-255,66,200324,76,240952
27669,0.033531,172.217.194.0-255,5738,206062,76,240952
27670,0.033549,172.31.40.0-255,66,206128,76,240952
27671,0.036104,172.217.194.0-255,5738,211866,76,240952
27672,0.036122,172.31.40.0-255,66,211932,76,240952
27673,0.038684,172.217.194.0-255,5738,217670,76,240952
27674,0.038691,172.31.40.0-255,66,217736,76,240952
27675,0.041284,172.217.194.0-255,5738,223474,76,240952
27676,0.041307,172.31.40.0-255,66,223540,76,240952
27677,0.04394,172.217.194.0-255,5738,229278,76,240952
27678,0.043958,172.31.40.0-255,66,229344,76,240952
27679,0.046582,172.217.194.0-255,5738,235082,76,240952
27680,0.046601,172.31.40.0-255,66,235148,76,240952
27681,0.049175,172.217.194.0-255,5738,240886,76,240952
27682,0.049192,172.31.40.0-255,66,240952,76,240952
27683,0.0,74.125.200.0-255,153,153,76,279111
27684,1.5e-05,172.31.40.0-255,66,219,76,279111
27685,2.1e-05,74.125.200.0-255,1484,1703,76,279111
27686,2.4e-05,172.31.40.0-255,66,1769,76,279111
27687,3e-05,74.125.200.0-255,2902,4671,76,279111
27688,4.1e-05,172.31.40.0-255,66,4737,76,279111
27689,4.4e-05,74.125.200.0-255,1484,6221,76,279111
27690,4.6e-05,172.31.40.0-255,66,6287,76,279111
27691,8.9e-05,74.125.200.0-255,5738,12025,76,279111
27692,9.3e-05,172.31.40.0-255,66,12091,76,279111
27693,9.7e-05,74.125.200.0-255,2139,14230,76,279111
27694,9.9e-05,172.31.40.0-255,66,14296,76,279111
27695,0.000197,74.125.200.0-255,1484,15780,76,279111
27696,0.000201,172.31.40.0-255,66,15846,76,279111
27697,0.000206,74.125.200.0-255,2902,18748,76,279111
27698,0.000209,172.31.40.0-255,66,18814,76,279111
27699,0.000241,74.125.200.0-255,4320,23134,76,279111
27700,0.000244,172.31.40.0-255,66,23200,76,279111
27701,0.000249,74.125.200.0-255,4320,27520,76,279111
27702,0.000251,172.31.40.0-255,66,27586,76,279111
27703,0.000281,74.125.200.0-255,1484,29070,76,279111
27704,0.000284,172.31.40.0-255,66,29136,76,279111
27705,0.000288,74.125.200.0-255,2543,31679,76,279111
27706,0.000291,172.31.40.0-255,66,31745,76,279111
27707,0.000544,74.125.200.0-255,1484,33229,76,279111
27708,0.000549,172.31.40.0-255,66,33295,76,279111
27709,0.000555,74.125.200.0-255,2902,36197,76,279111
27710,0.000558,172.31.40.0-255,66,36263,76,279111
27711,0.00058,74.125.200.0-255,2902,39165,76,279111
27712,0.000582,172.31.40.0-255,66,39231,76,279111
27713,0.000586,74.125.200.0-255,1484,40715,76,279111
27714,0.000588,172.31.40.0-255,66,40781,76,279111
27715,0.000621,74.125.200.0-255,2902,43683,76,279111
27716,0.000625,172.31.40.0-255,66,43749,76,279111
27717,0.000631,74.125.200.0-255,5379,49128,76,279111
27718,0.000633,172.31.40.0-255,66,49194,76,279111
27719,0.000675,74.125.200.0-255,5738,54932,76,279111
27720,0.000679,172.31.40.0-255,66,54998,76,279111
27721,0.000691,172.31.40.0-255,66,55064,76,279111
27722,0.000722,74.125.200.0-255,1422,56486,76,279111
27723,0.000745,74.125.200.0-255,133,56619,76,279111
27724,0.000748,172.31.40.0-255,66,56685,76,279111
27725,0.000751,74.125.200.0-255,346,57031,76,279111
27726,0.000984,74.125.200.0-255,1484,58515,76,279111
27727,0.000989,172.31.40.0-255,66,58581,76,279111
27728,0.000995,74.125.200.0-255,2902,61483,76,279111
27729,0.000998,172.31.40.0-255,66,61549,76,279111
27730,0.001026,74.125.200.0-255,5738,67287,76,279111
27731,0.001032,74.125.200.0-255,5738,73025,76,279111
27732,0.001036,172.31.40.0-255,66,73091,76,279111
27733,0.001039,172.31.40.0-255,66,73157,76,279111
27734,0.001046,74.125.200.0-255,1484,74641,76,279111
27735,0.001077,74.125.200.0-255,2902,77543,76,279111
27736,0.00108,172.31.40.0-255,66,77609,76,279111
27737,0.001114,74.125.200.0-255,5738,83347,76,279111
27738,0.001117,172.31.40.0-255,66,83413,76,279111
27739,0.001142,74.125.200.0-255,4320,87733,76,279111
27740,0.001145,172.31.40.0-255,66,87799,76,279111
27741,0.001161,74.125.200.0-255,3602,91401,76,279111
27742,0.001164,172.31.40.0-255,66,91467,76,279111
27743,0.001412,74.125.200.0-255,1484,92951,76,279111
27744,0.001443,74.125.200.0-255,2902,95853,76,279111
27745,0.001447,172.31.40.0-255,66,95919,76,279111
27746,0.001472,74.125.200.0-255,4320,100239,76,279111
27747,0.001474,172.31.40.0-255,66,100305,76,279111
27748,0.001486,172.31.40.0-255,66,100371,76,279111
27749,0.001532,172.31.40.0-255,66,100437,76,279111
27750,0.001582,172.31.40.0-255,66,100503,76,279111
27751,0.001711,74.125.200.0-255,1484,101987,76,279111
27752,0.00173,74.125.200.0-255,2902,104889,76,279111
27753,0.001733,172.31.40.0-255,66,104955,76,279111
27754,0.001739,74.125.200.0-255,4320,109275,76,279111
27755,0.001741,172.31.40.0-255,66,109341,76,279111
27756,0.001771,74.125.200.0-255,1484,110825,76,279111
27757,0.001783,74.125.200.0-255,7156,117981,76,279111
27758,0.001786,172.31.40.0-255,66,118047,76,279111
27759,0.001799,172.31.40.0-255,66,118113,76,279111
27760,0.001823,74.125.200.0-255,2902,121015,76,279111
27761,0.001826,74.125.200.0-255,2184,123199,76,279111
27762,0.001836,172.31.40.0-255,66,123265,76,279111
27763,0.001839,172.31.40.0-255,66,123331,76,279111
27764,0.002302,74.125.200.0-255,1484,124815,76,279111
27765,0.00232,74.125.200.0-255,2902,127717,76,279111
27766,0.002323,172.31.40.0-255,66,127783,76,279111
27767,0.00233,74.125.200.0-255,5738,133521,76,279111
27768,0.002332,172.31.40.0-255,66,133587,76,279111
27769,0.002347,74.125.200.0-255,1484,135071,76,279111
27770,0.002369,74.125.200.0-255,7156,142227,76,279111
27771,0.002373,172.31.40.0-255,66,142293,76,279111
27772,0.002386,74.125.200.0-255,4320,146613,76,279111
27773,0.002388,172.31.40.0-255,66,146679,76,279111
27774,0.002413,74.125.200.0-255,5738,152417,76,279111
27775,0.002415,172.31.40.0-255,66,152483,76,279111
27776,0.002421,74.125.200.0-255,5020,157503,76,279111
27777,0.002423,172.31.40.0-255,66,157569,76,279111
27778,0.002453,74.125.200.0-255,5738,163307,76,279111
27779,0.002456,74.125.200.0-255,2902,166209,76,279111
27780,0.002461,172.31.40.0-255,66,166275,76,279111
27781,0.002463,172.31.40.0-255,66,166341,76,279111
27782,0.002511,172.31.40.0-255,66,166407,76,279111
27783,0.002572,172.31.40.0-255,66,166473,76,279111
27784,0.002597,74.125.200.0-255,1484,167957,76,279111
27785,0.002601,74.125.200.0-255,2184,170141,76,279111
27786,0.002604,172.31.40.0-255,66,170207,76,279111
27787,0.005126,74.125.200.0-255,1484,171691,76,279111
27788,0.005172,74.125.200.0-255,4320,176011,76,279111
27789,0.005177,172.31.40.0-255,66,176077,76,279111
27790,0.007739,74.125.200.0-255,5738,181815,76,279111
27791,0.007742,172.31.40.0-255,66,181881,76,279111
27792,0.01033,74.125.200.0-255,5738,187619,76,279111
27793,0.010337,172.31.40.0-255,66,187685,76,279111
27794,0.012903,74.125.200.0-255,5738,193423,76,279111
27795,0.012913,172.31.40.0-255,66,193489,76,279111
27796,0.015493,74.125.200.0-255,5738,199227,76,279111
27797,0.015509,172.31.40.0-255,66,199293,76,279111
27798,0.018099,74.125.200.0-255,5738,205031,76,279111
27799,0.018112,172.31.40.0-255,66,205097,76,279111
27800,0.0207,74.125.200.0-255,5738,210835,76,279111
27801,0.020716,172.31.40.0-255,66,210901,76,279111
27802,0.02331,74.125.200.0-255,5738,216639,76,279111
27803,0.023322,172.31.40.0-255,66,216705,76,279111
27804,0.025891,74.125.200.0-255,5738,222443,76,279111
27805,0.0259,172.31.40.0-255,66,222509,76,279111
27806,0.028482,74.125.200.0-255,5738,228247,76,279111
27807,0.0285,172.31.40.0-255,66,228313,76,279111
27808,0.031071,74.125.200.0-255,1484,229797,76,279111
27809,0.031099,74.125.200.0-255,4320,234117,76,279111
27810,0.031106,172.31.40.0-255,66,234183,76,279111
27811,0.033681,74.125.200.0-255,5738,239921,76,279111
27812,0.033689,172.31.40.0-255,66,239987,76,279111
27813,0.036281,74.125.200.0-255,5738,245725,76,279111
27814,0.036297,172.31.40.0-255,66,245791,76,279111
27815,0.038875,74.125.200.0-255,5738,251529,76,279111
27816,0.038885,172.31.40.0-255,66,251595,76,279111
27817,0.041454,74.125.200.0-255,5738,257333,76,279111
27818,0.041462,172.31.40.0-255,66,257399,76,279111
27819,0.043096,172.31.40.0-255,172,257571,76,279111
27820,0.043126,172.31.40.0-255,1110,258681,76,279111
27821,0.043184,172.31.40.0-255,1514,260195,76,279111
27822,0.043185,172.31.40.0-255,1306,261501,76,279111
27823,0.044043,74.125.200.0-255,5738,267239,76,279111
27824,0.044049,172.31.40.0-255,66,267305,76,279111
27825,0.044678,104.244.42.0-255,66,267371,76,279111
27826,0.044685,104.244.42.0-255,66,267437,76,279111
27827,0.044743,104.244.42.0-255,66,267503,76,279111
27828,0.046627,74.125.200.0-255,5738,273241,76,279111
27829,0.046644,172.31.40.0-255,66,273307,76,279111
27830,0.049243,74.125.200.0-255,5738,279045,76,279111
27831,0.049262,172.31.40.0-255,66,279111,76,279111
27832,0.0,74.125.130.0-255,150,150,76,302897
27833,1.6e-05,172.31.40.0-255,66,216,76,302897
27834,2.2e-05,74.125.130.0-255,1484,1700,76,302897
27835,2.7e-05,172.31.40.0-255,66,1766,76,302897
27836,5e-05,74.125.130.0-255,1484,3250,76,302897
27837,5.6e-05,172.31.40.0-255,66,3316,76,302897
27838,6.2e-05,74.125.130.0-255,2902,6218,76,302897
27839,6.5e-05,172.31.40.0-255,66,6284,76,302897
27840,9.2e-05,74.125.130.0-255,5738,12022,76,302897
27841,9.5e-05,172.31.40.0-255,66,12088,76,302897
27842,0.000139,74.125.130.0-255,6381,18469,76,302897
27843,0.000141,172.31.40.0-255,66,18535,76,302897
27844,0.00017,74.125.130.0-255,7156,25691,76,302897
27845,0.000172,172.31.40.0-255,66,25757,76,302897
27846,0.000196,74.125.130.0-255,4320,30077,76,302897
27847,0.000199,172.31.40.0-255,66,30143,76,302897
27848,0.000222,74.125.130.0-255,1125,31268,76,302897
27849,0.000224,172.31.40.0-255,66,31334,76,302897
27850,0.000387,74.125.130.0-255,1484,32818,76,302897
27851,0.000393,172.31.40.0-255,66,32884,76,302897
27852,0.000416,74.125.130.0-255,1484,34368,76,302897
27853,0.000418,172.31.40.0-255,66,34434,76,302897
27854,0.000441,74.125.130.0-255,1484,35918,76,302897
27855,0.000443,172.31.40.0-255,66,35984,76,302897
27856,0.00045,74.125.130.0-255,5738,41722,76,302897
27857,0.000454,172.31.40.0-255,66,41788,76,302897
27858,0.000457,74.125.130.0-255,1484,43272,76,302897
27859,0.000459,172.31.40.0-255,66,43338,76,302897
27860,0.000464,74.125.130.0-255,2902,46240,76,302897
27861,0.000466,172.31.40.0-255,66,46306,76,302897
27862,0.000494,74.125.130.0-255,2543,48849,76,302897
27863,0.000497,172.31.40.0-255,66,48915,76,302897
27864,0.000501,74.125.130.0-255,2902,51817,76,302897
27865,0.000504,172.31.40.0-255,66,51883,76,302897
27866,0.000548,74.125.130.0-255,7156,59039,76,302897
27867,0.000551,172.31.40.0-255,66,59105,76,302897
27868,0.000598,74.125.130.0-255,7087,66192,76,302897
27869,0.000601,172.31.40.0-255,66,66258,76,302897
27870,0.000635,74.125.130.0-255,100,66358,76,302897
27871,0.000918,74.125.130.0-255,1484,67842,76,302897
27872,0.000922,172.31.40.0-255,66,67908,76,302897
27873,0.000939,74.125.130.0-255,1484,69392,76,302897
27874,0.000955,74.125.130.0-255,1484,70876,76,302897
27875,0.000957,172.31.40.0-255,66,70942,76,302897
27876,0.000964,74.125.130.0-255,4320,75262,76,302897
27877,0.000966,172.31.40.0-255,66,75328,76,302897
27878,0.001007,172.31.40.0-255,66,75394,76,302897
27879,0.001012,74.125.130.0-255,2902,78296,76,302897
27880,0.001013,172.31.40.0-255,66,78362,76,302897
27881,0.001035,74.125.130.0-255,4320,82682,76,302897
27882,0.001038,172.31.40.0-255,66,82748,76,302897
27883,0.001077,172.31.40.0-255,66,82814,76,302897
27884,0.00108,74.125.130.0-255,766,83580,76,302897
27885,0.001522,74.125.130.0-255,1484,85064,76,302897
27886,0.001527,172.31.40.0-255,66,85130,76,302897
27887,0.001531,74.125.130.0-255,1484,86614,76,302897
27888,0.001556,74.125.130.0-255,1484,88098,76,302897
27889,0.001558,172.31.40.0-255,66,88164,76,302897
27890,0.001562,74.125.130.0-255,1484,89648,76,302897
27891,0.001566,74.125.130.0-255,2902,92550,76,302897
27892,0.001568,172.31.40.0-255,66,92616,76,302897
27893,0.001614,74.125.130.0-255,5738,98354,76,302897
27894,0.001617,172.31.40.0-255,66,98420,76,302897
27895,0.00165,74.125.130.0-255,5738,104158,76,302897
27896,0.001652,172.31.40.0-255,66,104224,76,302897
27897,0.001674,74.125.130.0-255,1484,105708,76,302897
27898,0.001691,74.125.130.0-255,4320,110028,76,302897
27899,0.001694,172.31.40.0-255,66,110094,76,302897
27900,0.001699,74.125.130.0-255,2902,112996,76,302897
27901,0.0017,172.31.40.0-255,66,113062,76,302897
27902,0.001721,74.125.130.0-255,2902,115964,76,302897
27903,0.001724,172.31.40.0-255,66,116030,76,302897
27904,0.001727,74.125.130.0-255,1484,117514,76,302897
27905,0.00175,74.125.130.0-255,2184,119698,76,302897
27906,0.001752,172.31.40.0-255,66,119764,76,302897
27907,0.001756,74.125.130.0-255,1484,121248,76,302897
27908,0.001782,74.125.130.0-255,2902,124150,76,302897
27909,0.001784,172.31.40.0-255,66,124216,76,302897
27910,0.001809,74.125.130.0-255,5738,129954,76,302897
27911,0.001812,172.31.40.0-255,66,130020,76,302897
27912,0.001838,74.125.130.0-255,2902,132922,76,302897
27913,0.00184,172.31.40.0-255,66,132988,76,302897
27914,0.001868,74.125.130.0-255,4320,137308,76,302897
27915,0.00187,172.31.40.0-255,66,137374,76,302897
27916,0.001878,74.125.130.0-255,7156,144530,76,302897
27917,0.00188,172.31.40.0-255,66,144596,76,302897
27918,0.001887,74.125.130.0-255,7156,151752,76,302897
27919,0.001889,172.31.40.0-255,66,151818,76,302897
27920,0.001908,74.125.130.0-255,766,152584,76,302897
27921,0.002126,74.125.130.0-255,1484,154068,76,302897
27922,0.002131,172.31.40.0-255,66,154134,76,302897
27923,0.002158,74.125.130.0-255,2902,157036,76,302897
27924,0.002161,172.31.40.0-255,66,157102,76,302897
27925,0.002164,74.125.130.0-255,1484,158586,76,302897
27926,0.002186,74.125.130.0-255,2902,161488,76,302897
27927,0.002189,172.31.40.0-255,66,161554,76,302897
27928,0.00222,74.125.130.0-255,5738,167292,76,302897
27929,0.002224,172.31.40.0-255,66,167358,76,302897
27930,0.002254,74.125.130.0-255,7156,174514,76,302897
27931,0.002257,172.31.40.0-255,66,174580,76,302897
27932,0.00226,74.125.130.0-255,1484,176064,76,302897
27933,0.002281,74.125.130.0-255,1484,177548,76,302897
27934,0.002283,172.31.40.0-255,66,177614,76,302897
27935,0.002308,74.125.130.0-255,1484,179098,76,302897
27936,0.002314,74.125.130.0-255,4320,183418,76,302897
27937,0.002316,172.31.40.0-255,66,183484,76,302897
27938,0.004638,74.125.130.0-255,5738,189222,76,302897
27939,0.004646,172.31.40.0-255,66,189288,76,302897
27940,0.006943,74.125.130.0-255,5738,195026,76,302897
27941,0.006947,172.31.40.0-255,66,195092,76,302897
27942,0.009244,74.125.130.0-255,5738,200830,76,302897
27943,0.009251,172.31.40.0-255,66,200896,76,302897
27944,0.011583,74.125.130.0-255,5738,206634,76,302897
27945,0.011592,172.31.40.0-255,66,206700,76,302897
27946,0.013884,74.125.130.0-255,5738,212438,76,302897
27947,0.013892,172.31.40.0-255,66,212504,76,302897
27948,0.016196,74.125.130.0-255,5738,218242,76,302897
27949,0.016204,172.31.40.0-255,66,218308,76,302897
27950,0.01851,74.125.130.0-255,5738,224046,76,302897
27951,0.018517,172.31.40.0-255,66,224112,76,302897
27952,0.02081,74.125.130.0-255,5738,229850,76,302897
27953,0.020816,172.31.40.0-255,66,229916,76,302897
27954,0.02313,74.125.130.0-255,5738,235654,76,302897
27955,0.023137,172.31.40.0-255,66,235720,76,302897
27956,0.025451,74.125.130.0-255,5738,241458,76,302897
27957,0.025462,172.31.40.0-255,66,241524,76,302897
27958,0.027447,172.31.40.0-255,172,241696,76,302897
27959,0.027477,172.31.40.0-255,1104,242800,76,302897
27960,0.027535,172.31.40.0-255,1514,244314,76,302897
27961,0.027537,172.31.40.0-255,345,244659,76,302897
27962,0.027762,74.125.130.0-255,5738,250397,76,302897
27963,0.027768,172.31.40.0-255,66,250463,76,302897
27964,0.028987,104.244.42.0-255,66,250529,76,302897
27965,0.02903,104.244.42.0-255,66,250595,76,302897
27966,0.029126,104.244.42.0-255,66,250661,76,302897
27967,0.030077,74.125.130.0-255,5738,256399,76,302897
27968,0.030083,172.31.40.0-255,66,256465,76,302897
27969,0.032382,74.125.130.0-255,5738,262203,76,302897
27970,0.032389,172.31.40.0-255,66,262269,76,302897
27971,0.034698,74.125.130.0-255,5738,268007,76,302897
27972,0.034705,172.31.40.0-255,66,268073,76,302897
27973,0.037021,74.125.130.0-255,5738,273811,76,302897
27974,0.037028,172.31.40.0-255,66,273877,76,302897
27975,0.039325,74.125.130.0-255,5738,279615,76,302897
27976,0.039332,172.31.40.0-255,66,279681,76,302897
27977,0.041632,74.125.130.0-255,5738,285419,76,302897
27978,0.041641,172.31.40.0-255,66,285485,76,302897
27979,0.043937,74.125.130.0-255,5738,291223,76,302897
27980,0.043943,172.31.40.0-255,66,291289,76,302897
27981,0.046247,74.125.130.0-255,5738,297027,76,302897
27982,0.046254,172.31.40.0-255,66,297093,76,302897
27983,0.048559,74.125.130.0-255,5738,302831,76,302897
27984,0.048566,172.31.40.0-255,66,302897,76,302897
27985,0.0,172.253.118.0-255,147,147,76,273448
27986,1.2e-05,172.31.40.0-255,66,213,76,273448
27987,1.7e-05,172.253.118.0-255,1484,1697,76,273448
27988,2.1e-05,172.31.40.0-255,66,1763,76,273448
27989,2.4e-05,172.253.118.0-255,1484,3247,76,273448
27990,3.5e-05,172.31.40.0-255,66,3313,76,273448
27991,7e-05,172.253.118.0-255,1484,4797,76,273448
27992,7.3e-05,172.31.40.0-255,66,4863,76,273448
27993,8.1e-05,172.253.118.0-255,7156,12019,76,273448
27994,8.3e-05,172.31.40.0-255,66,12085,76,273448
27995,0.00011,172.253.118.0-255,2019,14104,76,273448
27996,0.000112,172.31.40.0-255,66,14170,76,273448
27997,0.000415,172.253.118.0-255,1484,15654,76,273448
27998,0.000422,172.31.40.0-255,66,15720,76,273448
27999,0.000427,172.253.118.0-255,2902,18622,76,273448
28000,0.000429,172.31.40.0-255,66,18688,76,273448
28001,0.000432,172.253.118.0-255,1484,20172,76,273448
28002,0.000434,172.31.40.0-255,66,20238,76,273448
28003,0.00047,172.253.118.0-255,4320,24558,76,273448
28004,0.000473,172.31.40.0-255,66,24624,76,273448
28005,0.00048,172.253.118.0-255,6797,31421,76,273448
28006,0.000482,172.31.40.0-255,66,31487,76,273448
28007,0.000572,172.253.118.0-255,1484,32971,76,273448
28008,0.000576,172.253.118.0-255,2902,35873,76,273448
28009,0.000581,172.31.40.0-255,66,35939,76,273448
28010,0.000584,172.31.40.0-255,66,36005,76,273448
28011,0.000597,172.253.118.0-255,5738,41743,76,273448
28012,0.000599,172.31.40.0-255,66,41809,76,273448
28013,0.000608,172.253.118.0-255,4320,46129,76,273448
28014,0.000612,172.31.40.0-255,66,46195,76,273448
28015,0.000648,172.253.118.0-255,7156,53351,76,273448
28016,0.000651,172.31.40.0-255,66,53417,76,273448
28017,0.000684,172.253.118.0-255,5379,58796,76,273448
28018,0.000687,172.31.40.0-255,66,58862,76,273448
28019,0.000694,172.253.118.0-255,6797,65659,76,273448
28020,0.000697,172.31.40.0-255,66,65725,76,273448
28021,0.000862,172.253.118.0-255,645,66370,76,273448
28022,0.00103,172.253.118.0-255,1484,67854,76,273448
28023,0.001035,172.31.40.0-255,66,67920,76,273448
28024,0.001039,172.253.118.0-255,1484,69404,76,273448
28025,0.001067,172.253.118.0-255,1484,70888,76,273448
28026,0.00107,172.31.40.0-255,66,70954,76,273448
28027,0.001096,172.253.118.0-255,4320,75274,76,273448
28028,0.001098,172.31.40.0-255,66,75340,76,273448
28029,0.001109,172.31.40.0-255,66,75406,76,273448
28030,0.001155,172.253.118.0-255,5738,81144,76,273448
28031,0.001158,172.31.40.0-255,66,81210,76,273448
28032,0.001166,172.253.118.0-255,7156,88366,76,273448
28033,0.001168,172.31.40.0-255,66,88432,76,273448
28034,0.001178,172.253.118.0-255,3602,92034,76,273448
28035,0.001181,172.31.40.0-255,66,92100,76,273448
28036,0.001319,172.253.118.0-255,1484,93584,76,273448
28037,0.001326,172.253.118.0-255,2902,96486,76,273448
28038,0.001329,172.31.40.0-255,66,96552,76,273448
28039,0.001336,172.253.118.0-255,4320,100872,76,273448
28040,0.001338,172.31.40.0-255,66,100938,76,273448
28041,0.001359,172.253.118.0-255,1484,102422,76,273448
28042,0.001376,172.31.40.0-255,66,102488,76,273448
28043,0.001403,172.253.118.0-255,2902,105390,76,273448
28044,0.001405,172.31.40.0-255,66,105456,76,273448
28045,0.001411,172.253.118.0-255,4320,109776,76,273448
28046,0.001413,172.31.40.0-255,66,109842,76,273448
28047,0.001437,172.253.118.0-255,6438,116280,76,273448
28048,0.001444,172.31.40.0-255,66,116346,76,273448
28049,0.001478,172.253.118.0-255,1484,117830,76,273448
28050,0.001483,172.253.118.0-255,2902,120732,76,273448
28051,0.001487,172.31.40.0-255,66,120798,76,273448
28052,0.001499,172.253.118.0-255,2902,123700,76,273448
28053,0.001502,172.31.40.0-255,66,123766,76,273448
28054,0.001523,172.253.118.0-255,2902,126668,76,273448
28055,0.001525,172.31.40.0-255,66,126734,76,273448
28056,0.001531,172.253.118.0-255,4320,131054,76,273448
28057,0.001538,172.31.40.0-255,66,131120,76,273448
28058,0.001575,172.31.40.0-255,66,131186,76,273448
28059,0.001586,172.31.40.0-255,66,131252,76,273448
28060,0.001616,172.253.118.0-255,2184,133436,76,273448
28061,0.001619,172.31.40.0-255,66,133502,76,273448
28062,0.001836,172.253.118.0-255,1484,134986,76,273448
28063,0.001853,172.253.118.0-255,2902,137888,76,273448
28064,0.001858,172.31.40.0-255,66,137954,76,273448
28065,0.001866,172.253.118.0-255,5738,143692,76,273448
28066,0.001869,172.31.40.0-255,66,143758,76,273448
28067,0.001906,172.31.40.0-255,66,143824,76,273448
28068,0.001942,172.31.40.0-255,66,143890,76,273448
28069,0.001998,172.253.118.0-255,1484,145374,76,273448
28070,0.002002,172.253.118.0-255,1484,146858,76,273448
28071,0.002004,172.31.40.0-255,66,146924,76,273448
28072,0.002039,172.253.118.0-255,1484,148408,76,273448
28073,0.002045,172.253.118.0-255,5738,154146,76,273448
28074,0.002048,172.31.40.0-255,66,154212,76,273448
28075,0.002091,172.31.40.0-255,66,154278,76,273448
28076,0.002118,172.253.118.0-255,4320,158598,76,273448
28077,0.00212,172.31.40.0-255,66,158664,76,273448
28078,0.00213,172.31.40.0-255,66,158730,76,273448
28079,0.002138,172.253.118.0-255,2184,160914,76,273448
28080,0.002141,172.31.40.0-255,66,160980,76,273448
28081,0.002204,172.253.118.0-255,1484,162464,76,273448
28082,0.002219,172.253.118.0-255,2902,165366,76,273448
28083,0.002223,172.31.40.0-255,66,165432,76,273448
28084,0.00223,172.253.118.0-255,5738,171170,76,273448
28085,0.002232,172.31.40.0-255,66,171236,76,273448
28086,0.002293,172.31.40.0-255,66,171302,76,273448
28087,0.002301,172.253.118.0-255,7156,178458,76,273448
28088,0.002303,172.31.40.0-255,66,178524,76,273448
28089,0.002332,172.253.118.0-255,3602,182126,76,273448
28090,0.002335,172.31.40.0-255,66,182192,76,273448
28091,0.002456,172.253.118.0-255,1484,183676,76,273448
28092,0.002471,172.253.118.0-255,2902,186578,76,273448
28093,0.002476,172.31.40.0-255,66,186644,76,273448
28094,0.002483,172.253.118.0-255,5738,192382,76,273448
28095,0.002486,172.31.40.0-255,66,192448,76,273448
28096,0.00252,172.31.40.0-255,66,192514,76,273448
28097,0.002563,172.31.40.0-255,66,192580,76,273448
28098,0.00257,172.253.118.0-255,7156,199736,76,273448
28099,0.002573,172.31.40.0-255,66,199802,76,273448
28100,0.002576,172.253.118.0-255,1484,201286,76,273448
28101,0.002583,172.253.118.0-255,1484,202770,76,273448
28102,0.002585,172.31.40.0-255,66,202836,76,273448
28103,0.002588,172.253.118.0-255,1484,204320,76,273448
28104,0.002621,172.253.118.0-255,4320,208640,76,273448
28105,0.002624,172.31.40.0-255,66,208706,76,273448
28106,0.00263,172.253.118.0-255,5738,214444,76,273448
28107,0.002633,172.31.40.0-255,66,214510,76,273448
28108,0.00266,172.253.118.0-255,1484,215994,76,273448
28109,0.002664,172.253.118.0-255,1484,217478,76,273448
28110,0.002666,172.31.40.0-255,66,217544,76,273448
28111,0.002672,172.253.118.0-255,4320,221864,76,273448
28112,0.002674,172.31.40.0-255,66,221930,76,273448
28113,0.002676,172.253.118.0-255,1484,223414,76,273448
28114,0.002707,172.253.118.0-255,3602,227016,76,273448
28115,0.00271,172.31.40.0-255,66,227082,76,273448
28116,0.002731,172.253.118.0-255,4320,231402,76,273448
28117,0.002733,172.31.40.0-255,66,231468,76,273448
28118,0.002754,172.253.118.0-255,5738,237206,76,273448
28119,0.002757,172.31.40.0-255,66,237272,76,273448
28120,0.00279,172.253.118.0-255,7156,244428,76,273448
28121,0.002792,172.31.40.0-255,66,244494,76,273448
28122,0.002818,172.253.118.0-255,4320,248814,76,273448
28123,0.002821,172.31.40.0-255,66,248880,76,273448
28124,0.002825,172.253.118.0-255,2902,251782,76,273448
28125,0.002827,172.31.40.0-255,66,251848,76,273448
28126,0.002851,172.253.118.0-255,5738,257586,76,273448
28127,0.002853,172.31.40.0-255,66,257652,76,273448
28128,0.002877,172.253.118.0-255,3602,261254,76,273448
28129,0.00288,172.31.40.0-255,66,261320,76,273448
28130,0.002891,172.31.40.0-255,66,261386,76,273448
28131,0.002898,172.253.118.0-255,5738,267124,76,273448
28132,0.002901,172.31.40.0-255,66,267190,76,273448
28133,0.00294,172.253.118.0-255,1484,268674,76,273448
28134,0.002972,172.31.40.0-255,66,268740,76,273448
28135,0.003034,172.31.40.0-255,66,268806,76,273448
28136,0.003073,172.253.118.0-255,105,268911,76,273448
28137,0.008949,172.31.40.0-255,66,268977,76,273448
28138,0.008988,172.31.40.0-255,105,269082,76,273448
28139,0.01092,172.253.118.0-255,66,269148,76,273448
28140,0.033541,172.31.40.0-255,172,269320,76,273448
28141,0.033575,172.31.40.0-255,1108,270428,76,273448
28142,0.033638,172.31.40.0-255,1514,271942,76,273448
28143,0.03364,172.31.40.0-255,1308,273250,76,273448
28144,0.035086,104.244.42.0-255,66,273316,76,273448
28145,0.035176,104.244.42.0-255,66,273382,76,273448
28146,0.035211,104.244.42.0-255,66,273448,76,273448
28147,0.0,172.217.194.0-255,156,156,76,230489
28148,1.6e-05,172.31.40.0-255,66,222,76,230489
28149,2.2e-05,172.217.194.0-255,1484,1706,76,230489
28150,2.6e-05,172.31.40.0-255,66,1772,76,230489
28151,3.8e-05,172.217.194.0-255,2902,4674,76,230489
28152,4.1e-05,172.31.40.0-255,66,4740,76,230489
28153,4.9e-05,172.217.194.0-255,5738,10478,76,230489
28154,5.2e-05,172.31.40.0-255,66,10544,76,230489
28155,8.2e-05,172.217.194.0-255,3400,13944,76,230489
28156,8.4e-05,172.31.40.0-255,66,14010,76,230489
28157,0.0006,172.217.194.0-255,1484,15494,76,230489
28158,0.000607,172.31.40.0-255,66,15560,76,230489
28159,0.000616,172.217.194.0-255,2902,18462,76,230489
28160,0.000618,172.31.40.0-255,66,18528,76,230489
28161,0.000631,172.217.194.0-255,5738,24266,76,230489
28162,0.000633,172.31.40.0-255,66,24332,76,230489
28163,0.000639,172.217.194.0-255,4320,28652,76,230489
28164,0.000641,172.31.40.0-255,66,28718,76,230489
28165,0.000666,172.217.194.0-255,2543,31261,76,230489
28166,0.00067,172.31.40.0-255,66,31327,76,230489
28167,0.000705,172.31.40.0-255,66,31393,76,230489
28168,0.000738,172.217.194.0-255,5738,37131,76,230489
28169,0.000741,172.31.40.0-255,66,37197,76,230489
28170,0.000757,172.31.40.0-255,66,37263,76,230489
28171,0.000762,172.217.194.0-255,3602,40865,76,230489
28172,0.000764,172.31.40.0-255,66,40931,76,230489
28173,0.000862,172.217.194.0-255,378,41309,76,230489
28174,0.000866,172.31.40.0-255,66,41375,76,230489
28175,0.000909,172.217.194.0-255,364,41739,76,230489
28176,0.000913,172.31.40.0-255,66,41805,76,230489
28177,0.001116,172.217.194.0-255,1484,43289,76,230489
28178,0.001125,172.217.194.0-255,2902,46191,76,230489
28179,0.00113,172.31.40.0-255,66,46257,76,230489
28180,0.001136,172.217.194.0-255,5738,51995,76,230489
28181,0.001139,172.31.40.0-255,66,52061,76,230489
28182,0.001176,172.31.40.0-255,66,52127,76,230489
28183,0.001203,172.217.194.0-255,2902,55029,76,230489
28184,0.001205,172.31.40.0-255,66,55095,76,230489
28185,0.001218,172.31.40.0-255,66,55161,76,230489
28186,0.001621,172.217.194.0-255,1484,56645,76,230489
28187,0.001629,172.217.194.0-255,2902,59547,76,230489
28188,0.001634,172.31.40.0-255,66,59613,76,230489
28189,0.001638,172.217.194.0-255,1484,61097,76,230489
28190,0.001664,172.217.194.0-255,4320,65417,76,230489
28191,0.001667,172.31.40.0-255,66,65483,76,230489
28192,0.001674,172.217.194.0-255,7156,72639,76,230489
28193,0.001676,172.31.40.0-255,66,72705,76,230489
28194,0.001694,172.217.194.0-255,2902,75607,76,230489
28195,0.001696,172.31.40.0-255,66,75673,76,230489
28196,0.001701,172.217.194.0-255,4320,79993,76,230489
28197,0.001707,172.31.40.0-255,66,80059,76,230489
28198,0.001743,172.31.40.0-255,66,80125,76,230489
28199,0.00175,172.217.194.0-255,7156,87281,76,230489
28200,0.001753,172.31.40.0-255,66,87347,76,230489
28201,0.001779,172.217.194.0-255,5738,93085,76,230489
28202,0.001782,172.31.40.0-255,66,93151,76,230489
28203,0.001796,172.31.40.0-255,66,93217,76,230489
28204,0.001823,172.217.194.0-255,6438,99655,76,230489
28205,0.001826,172.31.40.0-255,66,99721,76,230489
28206,0.001939,172.217.194.0-255,1484,101205,76,230489
28207,0.001944,172.217.194.0-255,2902,104107,76,230489
28208,0.001946,172.31.40.0-255,66,104173,76,230489
28209,0.001953,172.217.194.0-255,5738,109911,76,230489
28210,0.001955,172.31.40.0-255,66,109977,76,230489
28211,0.002037,172.31.40.0-255,66,110043,76,230489
28212,0.00205,172.31.40.0-255,66,110109,76,230489
28213,0.004375,172.217.194.0-255,5738,115847,76,230489
28214,0.004382,172.31.40.0-255,66,115913,76,230489
28215,0.006733,172.217.194.0-255,5738,121651,76,230489
28216,0.006739,172.31.40.0-255,66,121717,76,230489
28217,0.009086,172.217.194.0-255,5738,127455,76,230489
28218,0.009096,172.31.40.0-255,66,127521,76,230489
28219,0.011466,172.217.194.0-255,5738,133259,76,230489
28220,0.011477,172.31.40.0-255,66,133325,76,230489
28221,0.013822,172.217.194.0-255,5738,139063,76,230489
28222,0.01383,172.31.40.0-255,66,139129,76,230489
28223,0.016176,172.217.194.0-255,5738,144867,76,230489
28224,0.016185,172.31.40.0-255,66,144933,76,230489
28225,0.018571,172.217.194.0-255,5738,150671,76,230489
28226,0.01858,172.31.40.0-255,66,150737,76,230489
28227,0.020912,172.217.194.0-255,5738,156475,76,230489
28228,0.020922,172.31.40.0-255,66,156541,76,230489
28229,0.023281,172.217.194.0-255,5738,162279,76,230489
28230,0.023294,172.31.40.0-255,66,162345,76,230489
28231,0.025029,172.31.40.0-255,172,162517,76,230489
28232,0.02508,172.31.40.0-255,1108,163625,76,230489
28233,0.025144,172.31.40.0-255,1514,165139,76,230489
28234,0.025146,172.31.40.0-255,1308,166447,76,230489
28235,0.025642,172.217.194.0-255,5738,172185,76,230489
28236,0.02565,172.31.40.0-255,66,172251,76,230489
28237,0.026554,104.244.42.0-255,66,172317,76,230489
28238,0.026663,104.244.42.0-255,66,172383,76,230489
28239,0.026706,104.244.42.0-255,66,172449,76,230489
28240,0.028001,172.217.194.0-255,5738,178187,76,230489
28241,0.028009,172.31.40.0-255,66,178253,76,230489
28242,0.030366,172.217.194.0-255,5738,183991,76,230489
28243,0.030373,172.31.40.0-255,66,184057,76,230489
28244,0.032764,172.217.194.0-255,5738,189795,76,230489
28245,0.032771,172.31.40.0-255,66,189861,76,230489
28246,0.035097,172.217.194.0-255,5738,195599,76,230489
28247,0.035103,172.31.40.0-255,66,195665,76,230489
28248,0.037416,172.217.194.0-255,5738,201403,76,230489
28249,0.037423,172.31.40.0-255,66,201469,76,230489
28250,0.039756,172.217.194.0-255,5738,207207,76,230489
28251,0.039763,172.31.40.0-255,66,207273,76,230489
28252,0.042123,172.217.194.0-255,5738,213011,76,230489
28253,0.042132,172.31.40.0-255,66,213077,76,230489
28254,0.044484,172.217.194.0-255,5738,218815,76,230489
28255,0.044491,172.31.40.0-255,66,218881,76,230489
28256,0.046822,172.217.194.0-255,5738,224619,76,230489
28257,0.046828,172.31.40.0-255,66,224685,76,230489
28258,0.049163,172.217.194.0-255,5738,230423,76,230489
28259,0.049169,172.31.40.0-255,66,230489,76,230489
28260,0.0,172.217.194.0-255,156,156,76,259536
28261,2e-05,172.31.40.0-255,66,222,76,259536
28262,2.7e-05,172.217.194.0-255,1484,1706,76,259536
28263,3.1e-05,172.31.40.0-255,66,1772,76,259536
28264,3.6e-05,172.217.194.0-255,2902,4674,76,259536
28265,3.9e-05,172.31.40.0-255,66,4740,76,259536
28266,8.6e-05,172.217.194.0-255,7156,11896,76,259536
28267,8.9e-05,172.31.40.0-255,66,11962,76,259536
28268,9.2e-05,172.217.194.0-255,1484,13446,76,259536
28269,9.4e-05,172.31.40.0-255,66,13512,76,259536
28270,0.000114,172.217.194.0-255,654,14166,76,259536
28271,0.000116,172.31.40.0-255,66,14232,76,259536
28272,0.000128,172.31.40.0-255,66,14298,76,259536
28273,0.000134,172.217.194.0-255,5379,19677,76,259536
28274,0.000136,172.31.40.0-255,66,19743,76,259536
28275,0.00026,172.217.194.0-255,1484,21227,76,259536
28276,0.000264,172.31.40.0-255,66,21293,76,259536
28277,0.00027,172.217.194.0-255,2902,24195,76,259536
28278,0.000272,172.31.40.0-255,66,24261,76,259536
28279,0.000276,172.217.194.0-255,2902,27163,76,259536
28280,0.000278,172.31.40.0-255,66,27229,76,259536
28281,0.000303,172.217.194.0-255,2902,30131,76,259536
28282,0.000306,172.31.40.0-255,66,30197,76,259536
28283,0.00032,172.217.194.0-255,4320,34517,76,259536
28284,0.000322,172.31.40.0-255,66,34583,76,259536
28285,0.000335,172.217.194.0-255,1484,36067,76,259536
28286,0.000336,172.31.40.0-255,66,36133,76,259536
28287,0.000347,172.31.40.0-255,66,36199,76,259536
28288,0.000363,172.217.194.0-255,3961,40160,76,259536
28289,0.000365,172.31.40.0-255,66,40226,76,259536
28290,0.00037,172.217.194.0-255,4219,44445,76,259536
28291,0.000371,172.31.40.0-255,66,44511,76,259536
28292,0.000435,172.217.194.0-255,119,44630,76,259536
28293,0.000535,172.217.194.0-255,376,45006,76,259536
28294,0.000711,172.217.194.0-255,1484,46490,76,259536
28295,0.00072,172.31.40.0-255,66,46556,76,259536
28296,0.000726,172.217.194.0-255,2902,49458,76,259536
28297,0.000727,172.31.40.0-255,66,49524,76,259536
28298,0.00073,172.217.194.0-255,1484,51008,76,259536
28299,0.000746,172.217.194.0-255,4320,55328,76,259536
28300,0.000747,172.31.40.0-255,66,55394,76,259536
28301,0.000788,172.31.40.0-255,66,55460,76,259536
28302,0.000818,172.217.194.0-255,7156,62616,76,259536
28303,0.00082,172.31.40.0-255,66,62682,76,259536
28304,0.000834,172.217.194.0-255,3602,66284,76,259536
28305,0.000836,172.31.40.0-255,66,66350,76,259536
28306,0.001423,172.217.194.0-255,1484,67834,76,259536
28307,0.001431,172.217.194.0-255,2902,70736,76,259536
28308,0.001435,172.31.40.0-255,66,70802,76,259536
28309,0.001441,172.217.194.0-255,4320,75122,76,259536
28310,0.001443,172.31.40.0-255,66,75188,76,259536
28311,0.001456,172.217.194.0-255,1484,76672,76,259536
28312,0.001473,172.217.194.0-255,7156,83828,76,259536
28313,0.001476,172.31.40.0-255,66,83894,76,259536
28314,0.001508,172.217.194.0-255,5738,89632,76,259536
28315,0.001511,172.31.40.0-255,66,89698,76,259536
28316,0.001519,172.217.194.0-255,7156,96854,76,259536
28317,0.001521,172.31.40.0-255,66,96920,76,259536
28318,0.001524,172.217.194.0-255,1484,98404,76,259536
28319,0.001538,172.217.194.0-255,2184,100588,76,259536
28320,0.00154,172.31.40.0-255,66,100654,76,259536
28321,0.001973,172.217.194.0-255,1484,102138,76,259536
28322,0.001981,172.217.194.0-255,2902,105040,76,259536
28323,0.001986,172.31.40.0-255,66,105106,76,259536
28324,0.001993,172.217.194.0-255,5738,110844,76,259536
28325,0.001995,172.31.40.0-255,66,110910,76,259536
28326,0.001998,172.217.194.0-255,1484,112394,76,259536
28327,0.002031,172.31.40.0-255,66,112460,76,259536
28328,0.002036,172.217.194.0-255,2902,115362,76,259536
28329,0.002038,172.31.40.0-255,66,115428,76,259536
28330,0.002071,172.31.40.0-255,66,115494,76,259536
28331,0.00209,172.217.194.0-255,1484,116978,76,259536
28332,0.002105,172.217.194.0-255,2902,119880,76,259536
28333,0.002108,172.31.40.0-255,66,119946,76,259536
28334,0.00213,172.217.194.0-255,7156,127102,76,259536
28335,0.002132,172.31.40.0-255,66,127168,76,259536
28336,0.002145,172.31.40.0-255,66,127234,76,259536
28337,0.002187,172.31.40.0-255,66,127300,76,259536
28338,0.0022,172.217.194.0-255,2184,129484,76,259536
28339,0.002203,172.31.40.0-255,66,129550,76,259536
28340,0.002217,172.31.40.0-255,66,129616,76,259536
28341,0.002231,172.31.40.0-255,66,129682,76,259536
28342,0.002244,172.217.194.0-255,2902,132584,76,259536
28343,0.002246,172.31.40.0-255,66,132650,76,259536
28344,0.002253,172.217.194.0-255,6438,139088,76,259536
28345,0.002256,172.31.40.0-255,66,139154,76,259536
28346,0.004538,172.217.194.0-255,5738,144892,76,259536
28347,0.004545,172.31.40.0-255,66,144958,76,259536
28348,0.00683,172.217.194.0-255,5738,150696,76,259536
28349,0.006835,172.31.40.0-255,66,150762,76,259536
28350,0.009119,172.217.194.0-255,5738,156500,76,259536
28351,0.009126,172.31.40.0-255,66,156566,76,259536
28352,0.01141,172.217.194.0-255,5738,162304,76,259536
28353,0.011416,172.31.40.0-255,66,162370,76,259536
28354,0.013703,172.217.194.0-255,5738,168108,76,259536
28355,0.013712,172.31.40.0-255,66,168174,76,259536
28356,0.016001,172.217.194.0-255,5738,173912,76,259536
28357,0.016011,172.31.40.0-255,66,173978,76,259536
28358,0.018289,172.217.194.0-255,5738,179716,76,259536
28359,0.018297,172.31.40.0-255,66,179782,76,259536
28360,0.020582,172.217.194.0-255,5738,185520,76,259536
28361,0.020591,172.31.40.0-255,66,185586,76,259536
28362,0.022906,172.217.194.0-255,5738,191324,76,259536
28363,0.022915,172.31.40.0-255,66,191390,76,259536
28364,0.025204,172.217.194.0-255,5738,197128,76,259536
28365,0.025211,172.31.40.0-255,66,197194,76,259536
28366,0.027503,172.217.194.0-255,5738,202932,76,259536
28367,0.02751,172.31.40.0-255,66,202998,76,259536
28368,0.028989,172.31.40.0-255,172,203170,76,259536
28369,0.02904,172.31.40.0-255,1109,204279,76,259536
28370,0.0291,172.31.40.0-255,1514,205793,76,259536
28371,0.029102,172.31.40.0-255,1309,207102,76,259536
28372,0.029787,172.217.194.0-255,5738,212840,76,259536
28373,0.029792,172.31.40.0-255,66,212906,76,259536
28374,0.030476,104.244.42.0-255,66,212972,76,259536
28375,0.030587,104.244.42.0-255,66,213038,76,259536
28376,0.030596,104.244.42.0-255,66,213104,76,259536
28377,0.032071,172.217.194.0-255,5738,218842,76,259536
28378,0.032076,172.31.40.0-255,66,218908,76,259536
28379,0.034352,172.217.194.0-255,5738,224646,76,259536
28380,0.034358,172.31.40.0-255,66,224712,76,259536
28381,0.036645,172.217.194.0-255,5738,230450,76,259536
28382,0.036652,172.31.40.0-255,66,230516,76,259536
28383,0.038961,172.217.194.0-255,5738,236254,76,259536
28384,0.03898,172.31.40.0-255,66,236320,76,259536
28385,0.041278,172.217.194.0-255,5738,242058,76,259536
28386,0.041291,172.31.40.0-255,66,242124,76,259536
28387,0.043578,172.217.194.0-255,5738,247862,76,259536
28388,0.043585,172.31.40.0-255,66,247928,76,259536
28389,0.045882,172.217.194.0-255,5738,253666,76,259536
28390,0.04589,172.31.40.0-255,66,253732,76,259536
28391,0.048187,172.217.194.0-255,5738,259470,76,259536
28392,0.048194,172.31.40.0-255,66,259536,76,259536
28393,0.0,172.217.194.0-255,156,156,76,195032
28394,1.4e-05,172.31.40.0-255,66,222,76,195032
28395,2e-05,172.217.194.0-255,1484,1706,76,195032
28396,2.3e-05,172.31.40.0-255,66,1772,76,195032
28397,2.9e-05,172.217.194.0-255,2902,4674,76,195032
28398,3.2e-05,172.31.40.0-255,66,4740,76,195032
28399,3.7e-05,172.217.194.0-255,2902,7642,76,195032
28400,4.1e-05,172.31.40.0-255,66,7708,76,195032
28401,6.5e-05,172.217.194.0-255,4320,12028,76,195032
28402,6.8e-05,172.31.40.0-255,66,12094,76,195032
28403,7.2e-05,172.217.194.0-255,2031,14125,76,195032
28404,7.4e-05,172.31.40.0-255,66,14191,76,195032
28405,8.8e-05,172.31.40.0-255,66,14257,76,195032
28406,0.000121,172.217.194.0-255,5379,19636,76,195032
28407,0.000124,172.31.40.0-255,66,19702,76,195032
28408,0.000193,172.217.194.0-255,1484,21186,76,195032
28409,0.000196,172.31.40.0-255,66,21252,76,195032
28410,0.0002,172.217.194.0-255,1484,22736,76,195032
28411,0.000202,172.31.40.0-255,66,22802,76,195032
28412,0.000217,172.217.194.0-255,1484,24286,76,195032
28413,0.000219,172.31.40.0-255,66,24352,76,195032
28414,0.000227,172.217.194.0-255,5738,30090,76,195032
28415,0.00023,172.31.40.0-255,66,30156,76,195032
28416,0.000253,172.217.194.0-255,2902,33058,76,195032
28417,0.000256,172.31.40.0-255,66,33124,76,195032
28418,0.000287,172.31.40.0-255,66,33190,76,195032
28419,0.000298,172.31.40.0-255,66,33256,76,195032
28420,0.00032,172.217.194.0-255,366,33622,76,195032
28421,0.000323,172.31.40.0-255,66,33688,76,195032
28422,0.000529,172.217.194.0-255,1484,35172,76,195032
28423,0.000549,172.217.194.0-255,2902,38074,76,195032
28424,0.000552,172.31.40.0-255,66,38140,76,195032
28425,0.000556,172.217.194.0-255,1484,39624,76,195032
28426,0.000573,172.217.194.0-255,4320,43944,76,195032
28427,0.000575,172.31.40.0-255,66,44010,76,195032
28428,0.000599,172.217.194.0-255,1484,45494,76,195032
28429,0.000617,172.217.194.0-255,5738,51232,76,195032
28430,0.00062,172.31.40.0-255,66,51298,76,195032
28431,0.000632,172.31.40.0-255,66,51364,76,195032
28432,0.000651,172.217.194.0-255,4320,55684,76,195032
28433,0.000654,172.31.40.0-255,66,55750,76,195032
28434,0.000666,172.217.194.0-255,2184,57934,76,195032
28435,0.000668,172.31.40.0-255,66,58000,76,195032
28436,0.000797,172.217.194.0-255,1484,59484,76,195032
28437,0.000817,172.217.194.0-255,2902,62386,76,195032
28438,0.00082,172.31.40.0-255,66,62452,76,195032
28439,0.000827,172.217.194.0-255,5738,68190,76,195032
28440,0.00083,172.31.40.0-255,66,68256,76,195032
28441,0.000832,172.217.194.0-255,1484,69740,76,195032
28442,0.00086,172.31.40.0-255,66,69806,76,195032
28443,0.000863,172.217.194.0-255,1484,71290,76,195032
28444,0.0009,172.31.40.0-255,66,71356,76,195032
28445,0.001132,172.217.194.0-255,1484,72840,76,195032
28446,0.001153,172.217.194.0-255,2902,75742,76,195032
28447,0.001157,172.31.40.0-255,66,75808,76,195032
28448,0.001162,172.217.194.0-255,4320,80128,76,195032
28449,0.001165,172.31.40.0-255,66,80194,76,195032
28450,0.00118,172.217.194.0-255,1484,81678,76,195032
28451,0.001186,172.217.194.0-255,4320,85998,76,195032
28452,0.001188,172.31.40.0-255,66,86064,76,195032
28453,0.0012,172.217.194.0-255,1484,87548,76,195032
28454,0.00122,172.31.40.0-255,66,87614,76,195032
28455,0.001231,172.31.40.0-255,66,87680,76,195032
28456,0.001286,172.217.194.0-255,1484,89164,76,195032
28457,0.001322,172.217.194.0-255,2902,92066,76,195032
28458,0.001327,172.31.40.0-255,66,92132,76,195032
28459,0.00134,172.217.194.0-255,2902,95034,76,195032
28460,0.001342,172.31.40.0-255,66,95100,76,195032
28461,0.001349,172.217.194.0-255,5738,100838,76,195032
28462,0.001351,172.31.40.0-255,66,100904,76,195032
28463,0.001378,172.217.194.0-255,1484,102388,76,195032
28464,0.001391,172.31.40.0-255,66,102454,76,195032
28465,0.001414,172.217.194.0-255,4320,106774,76,195032
28466,0.001417,172.31.40.0-255,66,106840,76,195032
28467,0.001422,172.217.194.0-255,3602,110442,76,195032
28468,0.001425,172.31.40.0-255,66,110508,76,195032
28469,0.001507,172.217.194.0-255,1484,111992,76,195032
28470,0.001526,172.217.194.0-255,2902,114894,76,195032
28471,0.00153,172.31.40.0-255,66,114960,76,195032
28472,0.001537,172.217.194.0-255,5738,120698,76,195032
28473,0.001539,172.31.40.0-255,66,120764,76,195032
28474,0.001552,172.217.194.0-255,1484,122248,76,195032
28475,0.001583,172.31.40.0-255,66,122314,76,195032
28476,0.001614,172.31.40.0-255,66,122380,76,195032
28477,0.001709,172.217.194.0-255,1484,123864,76,195032
28478,0.001714,172.217.194.0-255,2902,126766,76,195032
28479,0.001717,172.31.40.0-255,66,126832,76,195032
28480,0.001724,172.217.194.0-255,5738,132570,76,195032
28481,0.001727,172.31.40.0-255,66,132636,76,195032
28482,0.001745,172.31.40.0-255,66,132702,76,195032
28483,0.001845,172.31.40.0-255,66,132768,76,195032
28484,0.001849,172.217.194.0-255,1484,134252,76,195032
28485,0.001948,172.217.194.0-255,2902,137154,76,195032
28486,0.001952,172.31.40.0-255,66,137220,76,195032
28487,0.001959,172.217.194.0-255,5738,142958,76,195032
28488,0.001961,172.31.40.0-255,66,143024,76,195032
28489,0.001975,172.31.40.0-255,66,143090,76,195032
28490,0.001988,172.31.40.0-255,66,143156,76,195032
28491,0.002009,172.217.194.0-255,1484,144640,76,195032
28492,0.002014,172.217.194.0-255,2902,147542,76,195032
28493,0.002016,172.31.40.0-255,66,147608,76,195032
28494,0.002019,172.217.194.0-255,1484,149092,76,195032
28495,0.002022,172.217.194.0-255,1484,150576,76,195032
28496,0.002024,172.31.40.0-255,66,150642,76,195032
28497,0.002027,172.217.194.0-255,1484,152126,76,195032
28498,0.002063,172.217.194.0-255,7156,159282,76,195032
28499,0.002066,172.31.40.0-255,66,159348,76,195032
28500,0.00207,172.217.194.0-255,1484,160832,76,195032
28501,0.002102,172.31.40.0-255,66,160898,76,195032
28502,0.002106,172.217.194.0-255,2184,163082,76,195032
28503,0.002108,172.31.40.0-255,66,163148,76,195032
28504,0.00215,172.31.40.0-255,66,163214,76,195032
28505,0.002162,172.217.194.0-255,1484,164698,76,195032
28506,0.002168,172.217.194.0-255,5738,170436,76,195032
28507,0.00217,172.31.40.0-255,66,170502,76,195032
28508,0.002177,172.217.194.0-255,7156,177658,76,195032
28509,0.00218,172.31.40.0-255,66,177724,76,195032
28510,0.002185,172.217.194.0-255,4320,182044,76,195032
28511,0.002187,172.31.40.0-255,66,182110,76,195032
28512,0.002251,172.217.194.0-255,1484,183594,76,195032
28513,0.002253,172.217.194.0-255,1484,185078,76,195032
28514,0.002256,172.217.194.0-255,1484,186562,76,195032
28515,0.002258,172.217.194.0-255,766,187328,76,195032
28516,0.002263,172.217.194.0-255,5738,193066,76,195032
28517,0.002265,172.217.194.0-255,1177,194243,76,195032
28518,0.002271,172.31.40.0-255,66,194309,76,195032
28519,0.002279,172.31.40.0-255,66,194375,76,195032
28520,0.002282,172.31.40.0-255,66,194441,76,195032
28521,0.002285,172.31.40.0-255,66,194507,76,195032
28522,0.002288,172.31.40.0-255,66,194573,76,195032
28523,0.002292,172.217.194.0-255,105,194678,76,195032
28524,0.011429,172.217.194.0-255,105,194783,76,195032
28525,0.011448,172.31.40.0-255,78,194861,76,195032
28526,0.020029,172.31.40.0-255,105,194966,76,195032
28527,0.021993,172.217.194.0-255,66,195032,76,195032
28528,0.0,172.217.194.0-255,152,152,76,216024
28529,2.1e-05,172.31.40.0-255,66,218,76,216024
28530,2.8e-05,172.217.194.0-255,1484,1702,76,216024
28531,3.2e-05,172.31.40.0-255,66,1768,76,216024
28532,3.7e-05,172.217.194.0-255,2902,4670,76,216024
28533,4e-05,172.31.40.0-255,66,4736,76,216024
28534,4.5e-05,172.217.194.0-255,2902,7638,76,216024
28535,4.7e-05,172.31.40.0-255,66,7704,76,216024
28536,9.5e-05,172.217.194.0-255,4320,12024,76,216024
28537,9.8e-05,172.31.40.0-255,66,12090,76,216024
28538,0.000116,172.217.194.0-255,2026,14116,76,216024
28539,0.000118,172.31.40.0-255,66,14182,76,216024
28540,0.000149,172.217.194.0-255,1484,15666,76,216024
28541,0.000151,172.31.40.0-255,66,15732,76,216024
28542,0.000169,172.217.194.0-255,1484,17216,76,216024
28543,0.000171,172.31.40.0-255,66,17282,76,216024
28544,0.000185,172.217.194.0-255,1484,18766,76,216024
28545,0.000188,172.31.40.0-255,66,18832,76,216024
28546,0.000191,172.217.194.0-255,1484,20316,76,216024
28547,0.000192,172.31.40.0-255,66,20382,76,216024
28548,0.000216,172.217.194.0-255,5738,26120,76,216024
28549,0.000218,172.31.40.0-255,66,26186,76,216024
28550,0.000236,172.217.194.0-255,2902,29088,76,216024
28551,0.000238,172.31.40.0-255,66,29154,76,216024
28552,0.000257,172.217.194.0-255,2543,31697,76,216024
28553,0.000259,172.31.40.0-255,66,31763,76,216024
28554,0.000299,172.217.194.0-255,1484,33247,76,216024
28555,0.000301,172.31.40.0-255,66,33313,76,216024
28556,0.000318,172.217.194.0-255,2902,36215,76,216024
28557,0.00032,172.31.40.0-255,66,36281,76,216024
28558,0.000357,172.217.194.0-255,5738,42019,76,216024
28559,0.00036,172.31.40.0-255,66,42085,76,216024
28560,0.000372,172.217.194.0-255,2902,44987,76,216024
28561,0.000374,172.31.40.0-255,66,45053,76,216024
28562,0.000401,172.31.40.0-255,66,45119,76,216024
28563,0.00041,172.31.40.0-255,66,45185,76,216024
28564,0.00046,172.217.194.0-255,4263,49448,76,216024
28565,0.000462,172.31.40.0-255,66,49514,76,216024
28566,0.000804,172.217.194.0-255,374,49888,76,216024
28567,0.000953,172.31.40.0-255,66,49954,76,216024
28568,0.001195,172.217.194.0-255,1484,51438,76,216024
28569,0.001205,172.217.194.0-255,2902,54340,76,216024
28570,0.001209,172.31.40.0-255,66,54406,76,216024
28571,0.001217,172.217.194.0-255,5738,60144,76,216024
28572,0.001219,172.31.40.0-255,66,60210,76,216024
28573,0.001222,172.217.194.0-255,1484,61694,76,216024
28574,0.001237,172.217.194.0-255,4320,66014,76,216024
28575,0.001239,172.31.40.0-255,66,66080,76,216024
28576,0.001275,172.31.40.0-255,66,66146,76,216024
28577,0.001281,172.217.194.0-255,4320,70466,76,216024
28578,0.001283,172.31.40.0-255,66,70532,76,216024
28579,0.001299,172.217.194.0-255,5020,75552,76,216024
28580,0.001302,172.31.40.0-255,66,75618,76,216024
28581,0.002,172.217.194.0-255,1484,77102,76,216024
28582,0.002008,172.217.194.0-255,2902,80004,76,216024
28583,0.002013,172.31.40.0-255,66,80070,76,216024
28584,0.002017,172.217.194.0-255,1484,81554,76,216024
28585,0.002037,172.217.194.0-255,4320,85874,76,216024
28586,0.002039,172.31.40.0-255,66,85940,76,216024
28587,0.002058,172.217.194.0-255,2902,88842,76,216024
28588,0.002061,172.31.40.0-255,66,88908,76,216024
28589,0.002094,172.31.40.0-255,66,88974,76,216024
28590,0.002105,172.31.40.0-255,66,89040,76,216024
28591,0.002118,172.217.194.0-255,2184,91224,76,216024
28592,0.002121,172.31.40.0-255,66,91290,76,216024
28593,0.002537,172.217.194.0-255,1484,92774,76,216024
28594,0.002542,172.217.194.0-255,2902,95676,76,216024
28595,0.002545,172.31.40.0-255,66,95742,76,216024
28596,0.002566,172.217.194.0-255,2902,98644,76,216024
28597,0.002568,172.31.40.0-255,66,98710,76,216024
28598,0.002583,172.217.194.0-255,2902,101612,76,216024
28599,0.002586,172.31.40.0-255,66,101678,76,216024
28600,0.002589,172.217.194.0-255,1484,103162,76,216024
28601,0.002622,172.31.40.0-255,66,103228,76,216024
28602,0.002626,172.217.194.0-255,2902,106130,76,216024
28603,0.002628,172.31.40.0-255,66,106196,76,216024
28604,0.002649,172.31.40.0-255,66,106262,76,216024
28605,0.005181,172.217.194.0-255,2902,109164,76,216024
28606,0.005186,172.31.40.0-255,66,109230,76,216024
28607,0.005203,172.217.194.0-255,2902,112132,76,216024
28608,0.005205,172.31.40.0-255,66,112198,76,216024
28609,0.007758,172.217.194.0-255,5738,117936,76,216024
28610,0.007765,172.31.40.0-255,66,118002,76,216024
28611,0.010348,172.217.194.0-255,5738,123740,76,216024
28612,0.010357,172.31.40.0-255,66,123806,76,216024
28613,0.012935,172.217.194.0-255,5738,129544,76,216024
28614,0.012945,172.31.40.0-255,66,129610,76,216024
28615,0.015475,172.217.194.0-255,5738,135348,76,216024
28616,0.015485,172.31.40.0-255,66,135414,76,216024
28617,0.01804,172.217.194.0-255,5738,141152,76,216024
28618,0.018047,172.31.40.0-255,66,141218,76,216024
28619,0.020617,172.217.194.0-255,5738,146956,76,216024
28620,0.020624,172.31.40.0-255,66,147022,76,216024
28621,0.023188,172.217.194.0-255,2902,149924,76,216024
28622,0.023195,172.31.40.0-255,66,149990,76,216024
28623,0.023216,172.217.194.0-255,2902,152892,76,216024
28624,0.023219,172.31.40.0-255,66,152958,76,216024
28625,0.025724,172.217.194.0-255,2902,155860,76,216024
28626,0.025732,172.31.40.0-255,66,155926,76,216024
28627,0.025809,172.217.194.0-255,2902,158828,76,216024
28628,0.025811,172.31.40.0-255,66,158894,76,216024
28629,0.028298,172.217.194.0-255,1484,160378,76,216024
28630,0.028324,172.217.194.0-255,1484,161862,76,216024
28631,0.028329,172.31.40.0-255,66,161928,76,216024
28632,0.028351,172.217.194.0-255,2902,164830,76,216024
28633,0.028354,172.31.40.0-255,66,164896,76,216024
28634,0.029473,172.31.40.0-255,172,165068,76,216024
28635,0.029508,172.31.40.0-255,1109,166177,76,216024
28636,0.029565,172.31.40.0-255,1514,167691,76,216024
28637,0.029567,172.31.40.0-255,1307,168998,76,216024
28638,0.030916,172.217.194.0-255,5738,174736,76,216024
28639,0.030923,172.31.40.0-255,66,174802,76,216024
28640,0.031029,104.244.42.0-255,66,174868,76,216024
28641,0.031248,104.244.42.0-255,66,174934,76,216024
28642,0.031255,104.244.42.0-255,66,175000,76,216024
28643,0.033437,172.217.194.0-255,5738,180738,76,216024
28644,0.033443,172.31.40.0-255,66,180804,76,216024
28645,0.035978,172.217.194.0-255,2902,183706,76,216024
28646,0.035983,172.31.40.0-255,66,183772,76,216024
28647,0.036008,172.217.194.0-255,2902,186674,76,216024
28648,0.03601,172.31.40.0-255,66,186740,76,216024
28649,0.038516,172.217.194.0-255,2902,189642,76,216024
28650,0.038521,172.31.40.0-255,66,189708,76,216024
28651,0.038564,172.217.194.0-255,2902,192610,76,216024
28652,0.038566,172.31.40.0-255,66,192676,76,216024
28653,0.041121,172.217.194.0-255,2902,195578,76,216024
28654,0.041133,172.31.40.0-255,66,195644,76,216024
28655,0.041155,172.217.194.0-255,2902,198546,76,216024
28656,0.041158,172.31.40.0-255,66,198612,76,216024
28657,0.043712,172.217.194.0-255,5738,204350,76,216024
28658,0.043718,172.31.40.0-255,66,204416,76,216024
28659,0.046267,172.217.194.0-255,5738,210154,76,216024
28660,0.046272,172.31.40.0-255,66,210220,76,216024
28661,0.048821,172.217.194.0-255,5738,215958,76,216024
28662,0.048828,172.31.40.0-255,66,216024,76,216024
28663,0.0,74.125.130.0-255,293,293,76,292258
28664,1.7e-05,172.31.40.0-255,66,359,76,292258
28665,2.3e-05,74.125.130.0-255,1484,1843,76,292258
28666,2.8e-05,172.31.40.0-255,66,1909,76,292258
28667,3.6e-05,74.125.130.0-255,4320,6229,76,292258
28668,3.9e-05,172.31.40.0-255,66,6295,76,292258
28669,6.1e-05,74.125.130.0-255,4320,10615,76,292258
28670,6.4e-05,172.31.40.0-255,66,10681,76,292258
28671,8.5e-05,74.125.130.0-255,3220,13901,76,292258
28672,8.8e-05,172.31.40.0-255,66,13967,76,292258
28673,9.2e-05,74.125.130.0-255,2902,16869,76,292258
28674,9.5e-05,172.31.40.0-255,66,16935,76,292258
28675,0.000117,74.125.130.0-255,5738,22673,76,292258
28676,0.00012,172.31.40.0-255,66,22739,76,292258
28677,0.000122,74.125.130.0-255,1484,24223,76,292258
28678,0.000124,172.31.40.0-255,66,24289,76,292258
28679,0.000157,74.125.130.0-255,2902,27191,76,292258
28680,0.00016,172.31.40.0-255,66,27257,76,292258
28681,0.000181,74.125.130.0-255,3961,31218,76,292258
28682,0.000183,172.31.40.0-255,66,31284,76,292258
28683,0.000289,74.125.130.0-255,1484,32768,76,292258
28684,0.000292,172.31.40.0-255,66,32834,76,292258
28685,0.000296,74.125.130.0-255,1484,34318,76,292258
28686,0.000298,172.31.40.0-255,66,34384,76,292258
28687,0.000312,74.125.130.0-255,1484,35868,76,292258
28688,0.000315,172.31.40.0-255,66,35934,76,292258
28689,0.00032,74.125.130.0-255,4320,40254,76,292258
28690,0.000323,172.31.40.0-255,66,40320,76,292258
28691,0.00036,74.125.130.0-255,2902,43222,76,292258
28692,0.000363,172.31.40.0-255,66,43288,76,292258
28693,0.000389,74.125.130.0-255,6797,50085,76,292258
28694,0.000391,172.31.40.0-255,66,50151,76,292258
28695,0.000402,172.31.40.0-255,66,50217,76,292258
28696,0.000419,74.125.130.0-255,1484,51701,76,292258
28697,0.000424,74.125.130.0-255,2902,54603,76,292258
28698,0.000426,172.31.40.0-255,66,54669,76,292258
28699,0.000458,74.125.130.0-255,2835,57504,76,292258
28700,0.00046,172.31.40.0-255,66,57570,76,292258
28701,0.000485,74.125.130.0-255,363,57933,76,292258
28702,0.000601,74.125.130.0-255,1484,59417,76,292258
28703,0.000605,172.31.40.0-255,66,59483,76,292258
28704,0.000609,74.125.130.0-255,1484,60967,76,292258
28705,0.000622,74.125.130.0-255,1484,62451,76,292258
28706,0.000625,172.31.40.0-255,66,62517,76,292258
28707,0.000632,74.125.130.0-255,5738,68255,76,292258
28708,0.000634,172.31.40.0-255,66,68321,76,292258
28709,0.000651,74.125.130.0-255,1484,69805,76,292258
28710,0.000668,74.125.130.0-255,5379,75184,76,292258
28711,0.000671,172.31.40.0-255,66,75250,76,292258
28712,0.000674,74.125.130.0-255,1484,76734,76,292258
28713,0.000694,74.125.130.0-255,5738,82472,76,292258
28714,0.000697,172.31.40.0-255,66,82538,76,292258
28715,0.000752,172.31.40.0-255,66,82604,76,292258
28716,0.000795,74.125.130.0-255,1484,84088,76,292258
28717,0.000807,74.125.130.0-255,1484,85572,76,292258
28718,0.00081,172.31.40.0-255,66,85638,76,292258
28719,0.000825,74.125.130.0-255,1484,87122,76,292258
28720,0.000837,74.125.130.0-255,1484,88606,76,292258
28721,0.000841,172.31.40.0-255,66,88672,76,292258
28722,0.00086,74.125.130.0-255,1484,90156,76,292258
28723,0.00088,74.125.130.0-255,4320,94476,76,292258
28724,0.000883,172.31.40.0-255,66,94542,76,292258
28725,0.000886,74.125.130.0-255,1484,96026,76,292258
28726,0.00089,74.125.130.0-255,2902,98928,76,292258
28727,0.000893,172.31.40.0-255,66,98994,76,292258
28728,0.000912,74.125.130.0-255,1484,100478,76,292258
28729,0.000936,74.125.130.0-255,4320,104798,76,292258
28730,0.000939,172.31.40.0-255,66,104864,76,292258
28731,0.000942,74.125.130.0-255,1484,106348,76,292258
28732,0.000972,74.125.130.0-255,2902,109250,76,292258
28733,0.000975,172.31.40.0-255,66,109316,76,292258
28734,0.001003,74.125.130.0-255,5738,115054,76,292258
28735,0.001006,172.31.40.0-255,66,115120,76,292258
28736,0.001009,74.125.130.0-255,1484,116604,76,292258
28737,0.001012,74.125.130.0-255,766,117370,76,292258
28738,0.001014,172.31.40.0-255,66,117436,76,292258
28739,0.001407,74.125.130.0-255,1484,118920,76,292258
28740,0.001413,74.125.130.0-255,2902,121822,76,292258
28741,0.001416,172.31.40.0-255,66,121888,76,292258
28742,0.00142,74.125.130.0-255,1484,123372,76,292258
28743,0.001433,74.125.130.0-255,1484,124856,76,292258
28744,0.001435,172.31.40.0-255,66,124922,76,292258
28745,0.001456,74.125.130.0-255,1484,126406,76,292258
28746,0.001459,74.125.130.0-255,1484,127890,76,292258
28747,0.001461,172.31.40.0-255,66,127956,76,292258
28748,0.001482,74.125.130.0-255,4320,132276,76,292258
28749,0.001484,172.31.40.0-255,66,132342,76,292258
28750,0.001487,74.125.130.0-255,1484,133826,76,292258
28751,0.001503,74.125.130.0-255,2902,136728,76,292258
28752,0.001505,172.31.40.0-255,66,136794,76,292258
28753,0.001531,74.125.130.0-255,2902,139696,76,292258
28754,0.001534,172.31.40.0-255,66,139762,76,292258
28755,0.00155,74.125.130.0-255,2902,142664,76,292258
28756,0.001553,172.31.40.0-255,66,142730,76,292258
28757,0.001558,74.125.130.0-255,4320,147050,76,292258
28758,0.00156,172.31.40.0-255,66,147116,76,292258
28759,0.001566,74.125.130.0-255,5020,152136,76,292258
28760,0.001568,172.31.40.0-255,66,152202,76,292258
28761,0.0036,74.125.130.0-255,4320,156522,76,292258
28762,0.003608,172.31.40.0-255,66,156588,76,292258
28763,0.003625,74.125.130.0-255,1484,158072,76,292258
28764,0.005636,74.125.130.0-255,4320,162392,76,292258
28765,0.005644,172.31.40.0-255,66,162458,76,292258
28766,0.007681,74.125.130.0-255,5738,168196,76,292258
28767,0.007688,172.31.40.0-255,66,168262,76,292258
28768,0.009707,74.125.130.0-255,5738,174000,76,292258
28769,0.009714,172.31.40.0-255,66,174066,76,292258
28770,0.011734,74.125.130.0-255,5738,179804,76,292258
28771,0.011741,172.31.40.0-255,66,179870,76,292258
28772,0.013787,74.125.130.0-255,5738,185608,76,292258
28773,0.013795,172.31.40.0-255,66,185674,76,292258
28774,0.015828,74.125.130.0-255,5738,191412,76,292258
28775,0.015836,172.31.40.0-255,66,191478,76,292258
28776,0.017854,74.125.130.0-255,5738,197216,76,292258
28777,0.017862,172.31.40.0-255,66,197282,76,292258
28778,0.019882,74.125.130.0-255,5738,203020,76,292258
28779,0.01989,172.31.40.0-255,66,203086,76,292258
28780,0.021911,74.125.130.0-255,5738,208824,76,292258
28781,0.021917,172.31.40.0-255,66,208890,76,292258
28782,0.023952,74.125.130.0-255,5738,214628,76,292258
28783,0.02396,172.31.40.0-255,66,214694,76,292258
28784,0.025978,74.125.130.0-255,1484,216178,76,292258
28785,0.026002,74.125.130.0-255,4320,220498,76,292258
28786,0.026007,172.31.40.0-255,66,220564,76,292258
28787,0.028041,74.125.130.0-255,5738,226302,76,292258
28788,0.028048,172.31.40.0-255,66,226368,76,292258
28789,0.029245,172.31.40.0-255,172,226540,76,292258
28790,0.029273,172.31.40.0-255,1108,227648,76,292258
28791,0.029338,172.31.40.0-255,1514,229162,76,292258
28792,0.02934,172.31.40.0-255,1514,230676,76,292258
28793,0.029349,172.31.40.0-255,1514,232190,76,292258
28794,0.029351,172.31.40.0-255,1514,233704,76,292258
28795,0.029375,172.31.40.0-255,184,233888,76,292258
28796,0.030081,74.125.130.0-255,5738,239626,76,292258
28797,0.030088,172.31.40.0-255,66,239692,76,292258
28798,0.030803,104.244.42.0-255,66,239758,76,292258
28799,0.030848,104.244.42.0-255,66,239824,76,292258
28800,0.030896,104.244.42.0-255,66,239890,76,292258
28801,0.0309,104.244.42.0-255,66,239956,76,292258
28802,0.03092,104.244.42.0-255,66,240022,76,292258
28803,0.032117,74.125.130.0-255,5738,245760,76,292258
28804,0.032125,172.31.40.0-255,66,245826,76,292258
28805,0.034158,74.125.130.0-255,5738,251564,76,292258
28806,0.034164,172.31.40.0-255,66,251630,76,292258
28807,0.036216,74.125.130.0-255,5738,257368,76,292258
28808,0.036221,172.31.40.0-255,66,257434,76,292258
28809,0.038245,74.125.130.0-255,5738,263172,76,292258
28810,0.038251,172.31.40.0-255,66,263238,76,292258
28811,0.040278,74.125.130.0-255,5738,268976,76,292258
28812,0.040284,172.31.40.0-255,66,269042,76,292258
28813,0.042318,74.125.130.0-255,5738,274780,76,292258
28814,0.042324,172.31.40.0-255,66,274846,76,292258
28815,0.044342,74.125.130.0-255,5738,280584,76,292258
28816,0.044348,172.31.40.0-255,66,280650,76,292258
28817,0.046416,74.125.130.0-255,5738,286388,76,292258
28818,0.046422,172.31.40.0-255,66,286454,76,292258
28819,0.048471,74.125.130.0-255,5738,292192,76,292258
28820,0.04848,172.31.40.0-255,66,292258,76,292258
28821,0.0,172.217.194.0-255,152,152,76,228001
28822,1.6e-05,172.31.40.0-255,66,218,76,228001
28823,2.3e-05,172.217.194.0-255,1484,1702,76,228001
28824,2.8e-05,172.31.40.0-255,66,1768,76,228001
28825,3.3e-05,172.217.194.0-255,2902,4670,76,228001
28826,3.7e-05,172.31.40.0-255,66,4736,76,228001
28827,4.4e-05,172.217.194.0-255,7156,11892,76,228001
28828,4.7e-05,172.31.40.0-255,66,11958,76,228001
28829,5.1e-05,172.217.194.0-255,2030,13988,76,228001
28830,5.4e-05,172.31.40.0-255,66,14054,76,228001
28831,0.000109,172.217.194.0-255,1484,15538,76,228001
28832,0.000112,172.31.40.0-255,66,15604,76,228001
28833,0.000134,172.217.194.0-255,2902,18506,76,228001
28834,0.000137,172.31.40.0-255,66,18572,76,228001
28835,0.000144,172.217.194.0-255,5738,24310,76,228001
28836,0.000146,172.31.40.0-255,66,24376,76,228001
28837,0.000192,172.217.194.0-255,6797,31173,76,228001
28838,0.000196,172.31.40.0-255,66,31239,76,228001
28839,0.000366,172.217.194.0-255,1484,32723,76,228001
28840,0.00037,172.31.40.0-255,66,32789,76,228001
28841,0.000376,172.217.194.0-255,2902,35691,76,228001
28842,0.000378,172.31.40.0-255,66,35757,76,228001
28843,0.000385,172.217.194.0-255,5738,41495,76,228001
28844,0.000387,172.31.40.0-255,66,41561,76,228001
28845,0.000394,172.217.194.0-255,5738,47299,76,228001
28846,0.000396,172.31.40.0-255,66,47365,76,228001
28847,0.000412,172.217.194.0-255,1484,48849,76,228001
28848,0.000415,172.31.40.0-255,66,48915,76,228001
28849,0.000443,172.31.40.0-255,66,48981,76,228001
28850,0.000449,172.217.194.0-255,3961,52942,76,228001
28851,0.000451,172.31.40.0-255,66,53008,76,228001
28852,0.00063,172.217.194.0-255,646,53654,76,228001
28853,0.000723,172.217.194.0-255,1484,55138,76,228001
28854,0.000727,172.31.40.0-255,66,55204,76,228001
28855,0.000732,172.217.194.0-255,2902,58106,76,228001
28856,0.000734,172.31.40.0-255,66,58172,76,228001
28857,0.000753,172.217.194.0-255,5738,63910,76,228001
28858,0.000756,172.31.40.0-255,66,63976,76,228001
28859,0.000801,172.31.40.0-255,66,64042,76,228001
28860,0.000806,172.217.194.0-255,2902,66944,76,228001
28861,0.000807,172.31.40.0-255,66,67010,76,228001
28862,0.000833,172.31.40.0-255,66,67076,76,228001
28863,0.001978,172.217.194.0-255,1484,68560,76,228001
28864,0.001989,172.217.194.0-255,2902,71462,76,228001
28865,0.001994,172.31.40.0-255,66,71528,76,228001
28866,0.002002,172.217.194.0-255,5738,77266,76,228001
28867,0.002005,172.31.40.0-255,66,77332,76,228001
28868,0.002023,172.217.194.0-255,5738,83070,76,228001
28869,0.002025,172.31.40.0-255,66,83136,76,228001
28870,0.002049,172.217.194.0-255,7156,90292,76,228001
28871,0.002051,172.31.40.0-255,66,90358,76,228001
28872,0.002062,172.31.40.0-255,66,90424,76,228001
28873,0.00209,172.217.194.0-255,2184,92608,76,228001
28874,0.002092,172.31.40.0-255,66,92674,76,228001
28875,0.002262,172.217.194.0-255,1484,94158,76,228001
28876,0.002268,172.217.194.0-255,2902,97060,76,228001
28877,0.002272,172.31.40.0-255,66,97126,76,228001
28878,0.002317,172.217.194.0-255,5738,102864,76,228001
28879,0.002319,172.31.40.0-255,66,102930,76,228001
28880,0.002326,172.217.194.0-255,5738,108668,76,228001
28881,0.002329,172.31.40.0-255,66,108734,76,228001
28882,0.002339,172.31.40.0-255,66,108800,76,228001
28883,0.004604,172.217.194.0-255,4320,113120,76,228001
28884,0.004608,172.31.40.0-255,66,113186,76,228001
28885,0.004625,172.217.194.0-255,1484,114670,76,228001
28886,0.006843,172.217.194.0-255,4320,118990,76,228001
28887,0.006847,172.31.40.0-255,66,119056,76,228001
28888,0.009096,172.217.194.0-255,5738,124794,76,228001
28889,0.009105,172.31.40.0-255,66,124860,76,228001
28890,0.011386,172.217.194.0-255,5738,130598,76,228001
28891,0.011395,172.31.40.0-255,66,130664,76,228001
28892,0.01366,172.217.194.0-255,5738,136402,76,228001
28893,0.01367,172.31.40.0-255,66,136468,76,228001
28894,0.015943,172.217.194.0-255,5738,142206,76,228001
28895,0.01595,172.31.40.0-255,66,142272,76,228001
28896,0.018186,172.217.194.0-255,5738,148010,76,228001
28897,0.018194,172.31.40.0-255,66,148076,76,228001
28898,0.02046,172.217.194.0-255,5738,153814,76,228001
28899,0.020467,172.31.40.0-255,66,153880,76,228001
28900,0.022736,172.217.194.0-255,5738,159618,76,228001
28901,0.022745,172.31.40.0-255,66,159684,76,228001
28902,0.025007,172.217.194.0-255,5738,165422,76,228001
28903,0.025015,172.31.40.0-255,66,165488,76,228001
28904,0.027301,172.217.194.0-255,5738,171226,76,228001
28905,0.02731,172.31.40.0-255,66,171292,76,228001
28906,0.02747,172.31.40.0-255,171,171463,76,228001
28907,0.027498,172.31.40.0-255,1133,172596,76,228001
28908,0.027565,172.31.40.0-255,1514,174110,76,228001
28909,0.027566,172.31.40.0-255,1283,175393,76,228001
28910,0.029041,104.244.42.0-255,66,175459,76,228001
28911,0.02905,104.244.42.0-255,66,175525,76,228001
28912,0.029143,104.244.42.0-255,66,175591,76,228001
28913,0.029553,172.217.194.0-255,5738,181329,76,228001
28914,0.029559,172.31.40.0-255,66,181395,76,228001
28915,0.03016,104.244.42.0-255,108,181503,76,228001
28916,0.030169,172.31.40.0-255,66,181569,76,228001
28917,0.031811,172.217.194.0-255,5738,187307,76,228001
28918,0.031817,172.31.40.0-255,66,187373,76,228001
28919,0.034069,172.217.194.0-255,5738,193111,76,228001
28920,0.034076,172.31.40.0-255,66,193177,76,228001
28921,0.03636,172.217.194.0-255,5738,198915,76,228001
28922,0.036367,172.31.40.0-255,66,198981,76,228001
28923,0.038623,172.217.194.0-255,5738,204719,76,228001
28924,0.038629,172.31.40.0-255,66,204785,76,228001
28925,0.040893,172.217.194.0-255,5738,210523,76,228001
28926,0.040912,172.31.40.0-255,66,210589,76,228001
28927,0.04321,172.217.194.0-255,5738,216327,76,228001
28928,0.043223,172.31.40.0-255,66,216393,76,228001
28929,0.045517,172.217.194.0-255,5738,222131,76,228001
28930,0.045534,172.31.40.0-255,66,222197,76,228001
28931,0.047826,172.217.194.0-255,5738,227935,76,228001
28932,0.047842,172.31.40.0-255,66,228001,76,228001
28933,0.0,74.125.24.0-255,152,152,76,232531
28934,2.1e-05,172.31.40.0-255,66,218,76,232531
28935,5.6e-05,74.125.24.0-255,1484,1702,76,232531
28936,6.1e-05,172.31.40.0-255,66,1768,76,232531
28937,6.6e-05,74.125.24.0-255,2902,4670,76,232531
28938,7e-05,172.31.40.0-255,66,4736,76,232531
28939,7.7e-05,74.125.24.0-255,5738,10474,76,232531
28940,8e-05,172.31.40.0-255,66,10540,76,232531
28941,8.5e-05,74.125.24.0-255,2902,13442,76,232531
28942,8.8e-05,172.31.40.0-255,66,13508,76,232531
28943,0.000129,74.125.24.0-255,4821,18329,76,232531
28944,0.000133,172.31.40.0-255,66,18395,76,232531
28945,0.000143,172.31.40.0-255,66,18461,76,232531
28946,0.000152,74.125.24.0-255,3961,22422,76,232531
28947,0.000154,172.31.40.0-255,66,22488,76,232531
28948,0.000212,74.125.24.0-255,1484,23972,76,232531
28949,0.000216,172.31.40.0-255,66,24038,76,232531
28950,0.000221,74.125.24.0-255,2902,26940,76,232531
28951,0.000224,172.31.40.0-255,66,27006,76,232531
28952,0.000252,74.125.24.0-255,5738,32744,76,232531
28953,0.000255,172.31.40.0-255,66,32810,76,232531
28954,0.000267,172.31.40.0-255,66,32876,76,232531
28955,0.000307,172.31.40.0-255,66,32942,76,232531
28956,0.000331,74.125.24.0-255,766,33708,76,232531
28957,0.000334,172.31.40.0-255,66,33774,76,232531
28958,0.000337,74.125.24.0-255,442,34216,76,232531
28959,0.000339,172.31.40.0-255,66,34282,76,232531
28960,0.000445,74.125.24.0-255,1484,35766,76,232531
28961,0.000449,172.31.40.0-255,66,35832,76,232531
28962,0.000455,74.125.24.0-255,2902,38734,76,232531
28963,0.000457,172.31.40.0-255,66,38800,76,232531
28964,0.00046,74.125.24.0-255,1484,40284,76,232531
28965,0.000483,74.125.24.0-255,4320,44604,76,232531
28966,0.00049,172.31.40.0-255,66,44670,76,232531
28967,0.000497,74.125.24.0-255,5738,50408,76,232531
28968,0.000499,172.31.40.0-255,66,50474,76,232531
28969,0.000527,74.125.24.0-255,7156,57630,76,232531
28970,0.000534,172.31.40.0-255,66,57696,76,232531
28971,0.000537,74.125.24.0-255,1484,59180,76,232531
28972,0.000542,74.125.24.0-255,4320,63500,76,232531
28973,0.000544,172.31.40.0-255,66,63566,76,232531
28974,0.000579,74.125.24.0-255,5285,68851,76,232531
28975,0.000581,172.31.40.0-255,66,68917,76,232531
28976,0.000821,74.125.24.0-255,1484,70401,76,232531
28977,0.000827,74.125.24.0-255,2902,73303,76,232531
28978,0.000831,172.31.40.0-255,66,73369,76,232531
28979,0.000853,74.125.24.0-255,5738,79107,76,232531
28980,0.000856,172.31.40.0-255,66,79173,76,232531
28981,0.000894,172.31.40.0-255,66,79239,76,232531
28982,0.00093,172.31.40.0-255,66,79305,76,232531
28983,0.001139,74.125.24.0-255,1484,80789,76,232531
28984,0.001154,74.125.24.0-255,2902,83691,76,232531
28985,0.001157,172.31.40.0-255,66,83757,76,232531
28986,0.001163,74.125.24.0-255,5738,89495,76,232531
28987,0.001165,172.31.40.0-255,66,89561,76,232531
28988,0.001205,74.125.24.0-255,1484,91045,76,232531
28989,0.001229,172.31.40.0-255,66,91111,76,232531
28990,0.001232,74.125.24.0-255,1484,92595,76,232531
28991,0.001256,172.31.40.0-255,66,92661,76,232531
28992,0.001407,74.125.24.0-255,1484,94145,76,232531
28993,0.001421,74.125.24.0-255,2902,97047,76,232531
28994,0.001424,172.31.40.0-255,66,97113,76,232531
28995,0.001452,74.125.24.0-255,5738,102851,76,232531
28996,0.001455,172.31.40.0-255,66,102917,76,232531
28997,0.001496,172.31.40.0-255,66,102983,76,232531
28998,0.001508,74.125.24.0-255,2902,105885,76,232531
28999,0.00151,172.31.40.0-255,66,105951,76,232531
29000,0.00154,172.31.40.0-255,66,106017,76,232531
29001,0.001545,74.125.24.0-255,5738,111755,76,232531
29002,0.001547,172.31.40.0-255,66,111821,76,232531
29003,0.001581,172.31.40.0-255,66,111887,76,232531
29004,0.001592,172.31.40.0-255,66,111953,76,232531
29005,0.001623,74.125.24.0-255,6438,118391,76,232531
29006,0.00163,172.31.40.0-255,66,118457,76,232531
29007,0.001718,74.125.24.0-255,1484,119941,76,232531
29008,0.001721,74.125.24.0-255,1484,121425,76,232531
29009,0.001724,172.31.40.0-255,66,121491,76,232531
29010,0.001751,74.125.24.0-255,1484,122975,76,232531
29011,0.001757,74.125.24.0-255,5738,128713,76,232531
29012,0.001759,172.31.40.0-255,66,128779,76,232531
29013,0.001765,74.125.24.0-255,5738,134517,76,232531
29014,0.001767,172.31.40.0-255,66,134583,76,232531
29015,0.001782,74.125.24.0-255,4320,138903,76,232531
29016,0.001784,172.31.40.0-255,66,138969,76,232531
29017,0.001814,74.125.24.0-255,2902,141871,76,232531
29018,0.001816,172.31.40.0-255,66,141937,76,232531
29019,0.001828,172.31.40.0-255,66,142003,76,232531
29020,0.00197,74.125.24.0-255,1484,143487,76,232531
29021,0.001974,74.125.24.0-255,1484,144971,76,232531
29022,0.001977,172.31.40.0-255,66,145037,76,232531
29023,0.001996,74.125.24.0-255,1484,146521,76,232531
29024,0.002003,74.125.24.0-255,5738,152259,76,232531
29025,0.002005,172.31.40.0-255,66,152325,76,232531
29026,0.002031,74.125.24.0-255,2902,155227,76,232531
29027,0.002036,74.125.24.0-255,4320,159547,76,232531
29028,0.002065,74.125.24.0-255,2902,162449,76,232531
29029,0.002068,172.31.40.0-255,66,162515,76,232531
29030,0.002071,172.31.40.0-255,66,162581,76,232531
29031,0.002073,172.31.40.0-255,66,162647,76,232531
29032,0.002108,74.125.24.0-255,5738,168385,76,232531
29033,0.00211,172.31.40.0-255,66,168451,76,232531
29034,0.002124,172.31.40.0-255,66,168517,76,232531
29035,0.002134,172.31.40.0-255,66,168583,76,232531
29036,0.002148,172.31.40.0-255,66,168649,76,232531
29037,0.00217,74.125.24.0-255,5738,174387,76,232531
29038,0.002187,74.125.24.0-255,5738,180125,76,232531
29039,0.002195,172.31.40.0-255,66,180191,76,232531
29040,0.002214,74.125.24.0-255,6438,186629,76,232531
29041,0.002221,74.125.24.0-255,7156,193785,76,232531
29042,0.002231,172.31.40.0-255,66,193851,76,232531
29043,0.00226,172.31.40.0-255,66,193917,76,232531
29044,0.002287,74.125.24.0-255,4320,198237,76,232531
29045,0.002311,172.31.40.0-255,66,198303,76,232531
29046,0.002319,74.125.24.0-255,2184,200487,76,232531
29047,0.002326,74.125.24.0-255,4320,204807,76,232531
29048,0.00234,172.31.40.0-255,66,204873,76,232531
29049,0.004625,74.125.24.0-255,5738,210611,76,232531
29050,0.004631,172.31.40.0-255,66,210677,76,232531
29051,0.006891,74.125.24.0-255,5738,216415,76,232531
29052,0.006895,172.31.40.0-255,66,216481,76,232531
29053,0.009153,74.125.24.0-255,5738,222219,76,232531
29054,0.00916,172.31.40.0-255,66,222285,76,232531
29055,0.011405,74.125.24.0-255,5709,227994,76,232531
29056,0.011412,172.31.40.0-255,66,228060,76,232531
29057,0.011708,172.31.40.0-255,105,228165,76,232531
29058,0.013951,74.125.24.0-255,66,228231,76,232531
29059,0.032226,172.31.40.0-255,172,228403,76,232531
29060,0.032256,172.31.40.0-255,1108,229511,76,232531
29061,0.032314,172.31.40.0-255,1514,231025,76,232531
29062,0.032334,172.31.40.0-255,1308,232333,76,232531
29063,0.033792,104.244.42.0-255,66,232399,76,232531
29064,0.033801,104.244.42.0-255,66,232465,76,232531
29065,0.033872,104.244.42.0-255,66,232531,76,232531
29066,0.0,74.125.130.0-255,152,152,76,334599
29067,2.3e-05,172.31.40.0-255,66,218,76,334599
29068,3.1e-05,74.125.130.0-255,1484,1702,76,334599
29069,3.6e-05,172.31.40.0-255,66,1768,76,334599
29070,4.9e-05,74.125.130.0-255,2902,4670,76,334599
29071,5.4e-05,172.31.40.0-255,66,4736,76,334599
29072,5.9e-05,74.125.130.0-255,4320,9056,76,334599
29073,6.2e-05,172.31.40.0-255,66,9122,76,334599
29074,8.7e-05,74.125.130.0-255,4971,14093,76,334599
29075,9e-05,172.31.40.0-255,66,14159,76,334599
29076,0.00013,74.125.130.0-255,1484,15643,76,334599
29077,0.000133,172.31.40.0-255,66,15709,76,334599
29078,0.000158,74.125.130.0-255,2902,18611,76,334599
29079,0.000161,172.31.40.0-255,66,18677,76,334599
29080,0.000168,74.125.130.0-255,5738,24415,76,334599
29081,0.000171,172.31.40.0-255,66,24481,76,334599
29082,0.000179,74.125.130.0-255,1484,25965,76,334599
29083,0.000181,172.31.40.0-255,66,26031,76,334599
29084,0.000207,74.125.130.0-255,5379,31410,76,334599
29085,0.000214,172.31.40.0-255,66,31476,76,334599
29086,0.000345,74.125.130.0-255,1484,32960,76,334599
29087,0.00035,172.31.40.0-255,66,33026,76,334599
29088,0.000356,74.125.130.0-255,2902,35928,76,334599
29089,0.000359,172.31.40.0-255,66,35994,76,334599
29090,0.000389,74.125.130.0-255,1484,37478,76,334599
29091,0.000391,172.31.40.0-255,66,37544,76,334599
29092,0.000422,74.125.130.0-255,4320,41864,76,334599
29093,0.000429,172.31.40.0-255,66,41930,76,334599
29094,0.000435,74.125.130.0-255,4320,46250,76,334599
29095,0.000438,172.31.40.0-255,66,46316,76,334599
29096,0.000444,74.125.130.0-255,5379,51695,76,334599
29097,0.000446,172.31.40.0-255,66,51761,76,334599
29098,0.000459,172.31.40.0-255,66,51827,76,334599
29099,0.000484,74.125.130.0-255,2543,54370,76,334599
29100,0.000486,172.31.40.0-255,66,54436,76,334599
29101,0.000777,74.125.130.0-255,648,55084,76,334599
29102,0.000883,74.125.130.0-255,1484,56568,76,334599
29103,0.000887,172.31.40.0-255,66,56634,76,334599
29104,0.000893,74.125.130.0-255,2902,59536,76,334599
29105,0.000895,172.31.40.0-255,66,59602,76,334599
29106,0.000929,74.125.130.0-255,5738,65340,76,334599
29107,0.000932,172.31.40.0-255,66,65406,76,334599
29108,0.000935,74.125.130.0-255,1484,66890,76,334599
29109,0.000971,172.31.40.0-255,66,66956,76,334599
29110,0.000984,172.31.40.0-255,66,67022,76,334599
29111,0.000992,74.125.130.0-255,2184,69206,76,334599
29112,0.000994,172.31.40.0-255,66,69272,76,334599
29113,0.001396,74.125.130.0-255,1484,70756,76,334599
29114,0.001403,74.125.130.0-255,2902,73658,76,334599
29115,0.001407,172.31.40.0-255,66,73724,76,334599
29116,0.001433,74.125.130.0-255,5738,79462,76,334599
29117,0.001436,172.31.40.0-255,66,79528,76,334599
29118,0.001457,74.125.130.0-255,7156,86684,76,334599
29119,0.001459,172.31.40.0-255,66,86750,76,334599
29120,0.0015,172.31.40.0-255,66,86816,76,334599
29121,0.001505,74.125.130.0-255,2902,89718,76,334599
29122,0.001507,172.31.40.0-255,66,89784,76,334599
29123,0.00153,74.125.130.0-255,5020,94804,76,334599
29124,0.001532,172.31.40.0-255,66,94870,76,334599
29125,0.001893,74.125.130.0-255,1484,96354,76,334599
29126,0.001901,74.125.130.0-255,2902,99256,76,334599
29127,0.001904,172.31.40.0-255,66,99322,76,334599
29128,0.001935,74.125.130.0-255,5738,105060,76,334599
29129,0.001937,172.31.40.0-255,66,105126,76,334599
29130,0.001965,172.31.40.0-255,66,105192,76,334599
29131,0.002013,172.31.40.0-255,66,105258,76,334599
29132,0.002053,74.125.130.0-255,5020,110278,76,334599
29133,0.002055,172.31.40.0-255,66,110344,76,334599
29134,0.002131,74.125.130.0-255,1484,111828,76,334599
29135,0.002137,74.125.130.0-255,2902,114730,76,334599
29136,0.002139,172.31.40.0-255,66,114796,76,334599
29137,0.002169,74.125.130.0-255,1484,116280,76,334599
29138,0.002175,74.125.130.0-255,2902,119182,76,334599
29139,0.002177,172.31.40.0-255,66,119248,76,334599
29140,0.002204,74.125.130.0-255,5738,124986,76,334599
29141,0.002207,172.31.40.0-255,66,125052,76,334599
29142,0.002231,74.125.130.0-255,1484,126536,76,334599
29143,0.002237,74.125.130.0-255,2902,129438,76,334599
29144,0.002239,172.31.40.0-255,66,129504,76,334599
29145,0.002244,74.125.130.0-255,4320,133824,76,334599
29146,0.002246,172.31.40.0-255,66,133890,76,334599
29147,0.002264,74.125.130.0-255,1484,135374,76,334599
29148,0.002272,74.125.130.0-255,2902,138276,76,334599
29149,0.002274,172.31.40.0-255,66,138342,76,334599
29150,0.002316,74.125.130.0-255,4320,142662,76,334599
29151,0.002319,172.31.40.0-255,66,142728,76,334599
29152,0.002322,74.125.130.0-255,1484,144212,76,334599
29153,0.002342,74.125.130.0-255,766,144978,76,334599
29154,0.002345,172.31.40.0-255,66,145044,76,334599
29155,0.002567,74.125.130.0-255,1484,146528,76,334599
29156,0.002582,74.125.130.0-255,2902,149430,76,334599
29157,0.002586,172.31.40.0-255,66,149496,76,334599
29158,0.002603,74.125.130.0-255,1484,150980,76,334599
29159,0.002606,74.125.130.0-255,1484,152464,76,334599
29160,0.002608,172.31.40.0-255,66,152530,76,334599
29161,0.002611,74.125.130.0-255,1484,154014,76,334599
29162,0.002638,74.125.130.0-255,1484,155498,76,334599
29163,0.00264,172.31.40.0-255,66,155564,76,334599
29164,0.002656,74.125.130.0-255,1484,157048,76,334599
29165,0.002672,74.125.130.0-255,1484,158532,76,334599
29166,0.002676,172.31.40.0-255,66,158598,76,334599
29167,0.002702,74.125.130.0-255,1484,160082,76,334599
29168,0.002705,74.125.130.0-255,1484,161566,76,334599
29169,0.002707,172.31.40.0-255,66,161632,76,334599
29170,0.002712,74.125.130.0-255,2902,164534,76,334599
29171,0.002714,172.31.40.0-255,66,164600,76,334599
29172,0.002717,74.125.130.0-255,1484,166084,76,334599
29173,0.002783,74.125.130.0-255,7156,173240,76,334599
29174,0.002786,172.31.40.0-255,66,173306,76,334599
29175,0.002793,74.125.130.0-255,6438,179744,76,334599
29176,0.002795,172.31.40.0-255,66,179810,76,334599
29177,0.002938,74.125.130.0-255,1484,181294,76,334599
29178,0.002944,74.125.130.0-255,2902,184196,76,334599
29179,0.002947,172.31.40.0-255,66,184262,76,334599
29180,0.002976,74.125.130.0-255,4320,188582,76,334599
29181,0.002979,172.31.40.0-255,66,188648,76,334599
29182,0.002995,74.125.130.0-255,5738,194386,76,334599
29183,0.002997,172.31.40.0-255,66,194452,76,334599
29184,0.003,74.125.130.0-255,1484,195936,76,334599
29185,0.003039,172.31.40.0-255,66,196002,76,334599
29186,0.003045,74.125.130.0-255,4320,200322,76,334599
29187,0.003047,172.31.40.0-255,66,200388,76,334599
29188,0.003075,74.125.130.0-255,3602,203990,76,334599
29189,0.003078,172.31.40.0-255,66,204056,76,334599
29190,0.003228,74.125.130.0-255,1484,205540,76,334599
29191,0.003251,74.125.130.0-255,2902,208442,76,334599
29192,0.003254,172.31.40.0-255,66,208508,76,334599
29193,0.003283,74.125.130.0-255,4320,212828,76,334599
29194,0.003287,172.31.40.0-255,66,212894,76,334599
29195,0.003307,74.125.130.0-255,5738,218632,76,334599
29196,0.00331,172.31.40.0-255,66,218698,76,334599
29197,0.003329,74.125.130.0-255,5738,224436,76,334599
29198,0.003331,172.31.40.0-255,66,224502,76,334599
29199,0.003336,74.125.130.0-255,2902,227404,76,334599
29200,0.003338,172.31.40.0-255,66,227470,76,334599
29201,0.003369,74.125.130.0-255,4320,231790,76,334599
29202,0.003372,172.31.40.0-255,66,231856,76,334599
29203,0.003394,74.125.130.0-255,6438,238294,76,334599
29204,0.003396,172.31.40.0-255,66,238360,76,334599
29205,0.003422,74.125.130.0-255,5738,244098,76,334599
29206,0.003425,172.31.40.0-255,66,244164,76,334599
29207,0.003455,74.125.130.0-255,7156,251320,76,334599
29208,0.003458,172.31.40.0-255,66,251386,76,334599
29209,0.003484,74.125.130.0-255,5738,257124,76,334599
29210,0.003487,172.31.40.0-255,66,257190,76,334599
29211,0.00352,74.125.130.0-255,7156,264346,76,334599
29212,0.003524,172.31.40.0-255,66,264412,76,334599
29213,0.003529,74.125.130.0-255,4320,268732,76,334599
29214,0.003531,172.31.40.0-255,66,268798,76,334599
29215,0.003573,74.125.130.0-255,1484,270282,76,334599
29216,0.003596,74.125.130.0-255,2184,272466,76,334599
29217,0.003599,172.31.40.0-255,66,272532,76,334599
29218,0.003605,74.125.130.0-255,4320,276852,76,334599
29219,0.003607,172.31.40.0-255,66,276918,76,334599
29220,0.003631,74.125.130.0-255,1484,278402,76,334599
29221,0.003636,74.125.130.0-255,2902,281304,76,334599
29222,0.003638,172.31.40.0-255,66,281370,76,334599
29223,0.003679,74.125.130.0-255,2902,284272,76,334599
29224,0.003682,172.31.40.0-255,66,284338,76,334599
29225,0.003797,74.125.130.0-255,4320,288658,76,334599
29226,0.003801,172.31.40.0-255,66,288724,76,334599
29227,0.003807,74.125.130.0-255,4320,293044,76,334599
29228,0.003809,172.31.40.0-255,66,293110,76,334599
29229,0.003813,74.125.130.0-255,2902,296012,76,334599
29230,0.003815,172.31.40.0-255,66,296078,76,334599
29231,0.003822,74.125.130.0-255,1484,297562,76,334599
29232,0.003825,74.125.130.0-255,1484,299046,76,334599
29233,0.003832,74.125.130.0-255,5738,304784,76,334599
29234,0.003837,74.125.130.0-255,2184,306968,76,334599
29235,0.003842,172.31.40.0-255,66,307034,76,334599
29236,0.003848,172.31.40.0-255,66,307100,76,334599
29237,0.003849,172.31.40.0-255,66,307166,76,334599
29238,0.003853,74.125.130.0-255,2902,310068,76,334599
29239,0.003855,172.31.40.0-255,66,310134,76,334599
29240,0.003883,74.125.130.0-255,7156,317290,76,334599
29241,0.003926,74.125.130.0-255,2902,320192,76,334599
29242,0.004011,74.125.130.0-255,5738,325930,76,334599
29243,0.004043,74.125.130.0-255,4106,330036,76,334599
29244,0.004046,74.125.130.0-255,105,330141,76,334599
29245,0.013601,74.125.130.0-255,105,330246,76,334599
29246,0.013623,172.31.40.0-255,78,330324,76,334599
29247,0.015762,172.31.40.0-255,105,330429,76,334599
29248,0.017978,74.125.130.0-255,66,330495,76,334599
29249,0.048611,172.31.40.0-255,172,330667,76,334599
29250,0.048653,172.31.40.0-255,1110,331777,76,334599
29251,0.048717,172.31.40.0-255,1514,333291,76,334599
29252,0.048739,172.31.40.0-255,1308,334599,76,334599
29253,0.0,172.217.194.0-255,153,153,76,206676
29254,3.3e-05,172.31.40.0-255,66,219,76,206676
29255,4e-05,172.217.194.0-255,1484,1703,76,206676
29256,4.4e-05,172.31.40.0-255,66,1769,76,206676
29257,5e-05,172.217.194.0-255,2902,4671,76,206676
29258,5.3e-05,172.31.40.0-255,66,4737,76,206676
29259,5.9e-05,172.217.194.0-255,7156,11893,76,206676
29260,6.3e-05,172.31.40.0-255,66,11959,76,206676
29261,6.7e-05,172.217.194.0-255,2039,13998,76,206676
29262,6.9e-05,172.31.40.0-255,66,14064,76,206676
29263,0.000116,172.217.194.0-255,1484,15548,76,206676
29264,0.000118,172.31.40.0-255,66,15614,76,206676
29265,0.000141,172.217.194.0-255,2902,18516,76,206676
29266,0.000144,172.31.40.0-255,66,18582,76,206676
29267,0.000151,172.217.194.0-255,5738,24320,76,206676
29268,0.000156,172.31.40.0-255,66,24386,76,206676
29269,0.000182,172.217.194.0-255,2902,27288,76,206676
29270,0.000184,172.31.40.0-255,66,27354,76,206676
29271,0.000216,172.31.40.0-255,66,27420,76,206676
29272,0.000232,172.31.40.0-255,66,27486,76,206676
29273,0.000251,172.217.194.0-255,5738,33224,76,206676
29274,0.000253,172.31.40.0-255,66,33290,76,206676
29275,0.000258,172.217.194.0-255,2902,36192,76,206676
29276,0.00026,172.31.40.0-255,66,36258,76,206676
29277,0.000304,172.31.40.0-255,66,36324,76,206676
29278,0.000306,172.217.194.0-255,393,36717,76,206676
29279,0.000308,172.31.40.0-255,66,36783,76,206676
29280,0.000581,172.217.194.0-255,380,37163,76,206676
29281,0.000586,172.31.40.0-255,66,37229,76,206676
29282,0.000718,172.217.194.0-255,1484,38713,76,206676
29283,0.000724,172.217.194.0-255,2902,41615,76,206676
29284,0.000728,172.31.40.0-255,66,41681,76,206676
29285,0.00075,172.217.194.0-255,5738,47419,76,206676
29286,0.000754,172.31.40.0-255,66,47485,76,206676
29287,0.000822,172.31.40.0-255,66,47551,76,206676
29288,0.000836,172.31.40.0-255,66,47617,76,206676
29289,0.00167,172.217.194.0-255,1484,49101,76,206676
29290,0.001682,172.217.194.0-255,2902,52003,76,206676
29291,0.001686,172.31.40.0-255,66,52069,76,206676
29292,0.001695,172.217.194.0-255,5738,57807,76,206676
29293,0.001698,172.31.40.0-255,66,57873,76,206676
29294,0.001701,172.217.194.0-255,1484,59357,76,206676
29295,0.001736,172.217.194.0-255,4320,63677,76,206676
29296,0.001739,172.31.40.0-255,66,63743,76,206676
29297,0.001751,172.31.40.0-255,66,63809,76,206676
29298,0.001767,172.217.194.0-255,2902,66711,76,206676
29299,0.00177,172.31.40.0-255,66,66777,76,206676
29300,0.001776,172.217.194.0-255,5020,71797,76,206676
29301,0.001779,172.31.40.0-255,66,71863,76,206676
29302,0.002175,172.217.194.0-255,1484,73347,76,206676
29303,0.002194,172.217.194.0-255,2902,76249,76,206676
29304,0.002198,172.31.40.0-255,66,76315,76,206676
29305,0.002203,172.217.194.0-255,2902,79217,76,206676
29306,0.002206,172.31.40.0-255,66,79283,76,206676
29307,0.002223,172.217.194.0-255,2902,82185,76,206676
29308,0.002225,172.31.40.0-255,66,82251,76,206676
29309,0.002232,172.217.194.0-255,7156,89407,76,206676
29310,0.002235,172.31.40.0-255,66,89473,76,206676
29311,0.002251,172.217.194.0-255,1484,90957,76,206676
29312,0.002266,172.217.194.0-255,5738,96695,76,206676
29313,0.002268,172.31.40.0-255,66,96761,76,206676
29314,0.002283,172.217.194.0-255,7156,103917,76,206676
29315,0.002285,172.31.40.0-255,66,103983,76,206676
29316,0.002289,172.217.194.0-255,2184,106167,76,206676
29317,0.002293,172.31.40.0-255,66,106233,76,206676
29318,0.002518,172.217.194.0-255,1484,107717,76,206676
29319,0.002535,172.217.194.0-255,2902,110619,76,206676
29320,0.002538,172.31.40.0-255,66,110685,76,206676
29321,0.002568,172.217.194.0-255,5738,116423,76,206676
29322,0.00257,172.31.40.0-255,66,116489,76,206676
29323,0.00258,172.31.40.0-255,66,116555,76,206676
29324,0.002594,172.217.194.0-255,2902,119457,76,206676
29325,0.002596,172.31.40.0-255,66,119523,76,206676
29326,0.002607,172.217.194.0-255,2902,122425,76,206676
29327,0.002609,172.31.40.0-255,66,122491,76,206676
29328,0.002641,172.31.40.0-255,66,122557,76,206676
29329,0.002651,172.31.40.0-255,66,122623,76,206676
29330,0.002654,172.217.194.0-255,1484,124107,76,206676
29331,0.002694,172.31.40.0-255,66,124173,76,206676
29332,0.002704,172.31.40.0-255,66,124239,76,206676
29333,0.003368,172.217.194.0-255,1484,125723,76,206676
29334,0.003382,172.217.194.0-255,2902,128625,76,206676
29335,0.003384,172.31.40.0-255,66,128691,76,206676
29336,0.0034,172.217.194.0-255,5738,134429,76,206676
29337,0.003402,172.31.40.0-255,66,134495,76,206676
29338,0.003405,172.217.194.0-255,1484,135979,76,206676
29339,0.003442,172.31.40.0-255,66,136045,76,206676
29340,0.003478,172.31.40.0-255,66,136111,76,206676
29341,0.003542,172.217.194.0-255,1484,137595,76,206676
29342,0.003546,172.217.194.0-255,1484,139079,76,206676
29343,0.003548,172.31.40.0-255,66,139145,76,206676
29344,0.003572,172.217.194.0-255,1484,140629,76,206676
29345,0.003579,172.217.194.0-255,5738,146367,76,206676
29346,0.003583,172.31.40.0-255,66,146433,76,206676
29347,0.003621,172.217.194.0-255,4320,150753,76,206676
29348,0.003625,172.31.40.0-255,66,150819,76,206676
29349,0.003654,172.31.40.0-255,66,150885,76,206676
29350,0.003661,172.217.194.0-255,7156,158041,76,206676
29351,0.003664,172.31.40.0-255,66,158107,76,206676
29352,0.003676,172.31.40.0-255,66,158173,76,206676
29353,0.003702,172.31.40.0-255,66,158239,76,206676
29354,0.003716,172.31.40.0-255,66,158305,76,206676
29355,0.003735,172.217.194.0-255,3602,161907,76,206676
29356,0.003738,172.31.40.0-255,66,161973,76,206676
29357,0.003746,172.217.194.0-255,7156,169129,76,206676
29358,0.003749,172.31.40.0-255,66,169195,76,206676
29359,0.003781,172.31.40.0-255,66,169261,76,206676
29360,0.003795,172.31.40.0-255,66,169327,76,206676
29361,0.003798,172.217.194.0-255,2184,171511,76,206676
29362,0.0038,172.31.40.0-255,66,171577,76,206676
29363,0.003863,172.217.194.0-255,1484,173061,76,206676
29364,0.003867,172.217.194.0-255,1484,174545,76,206676
29365,0.003869,172.31.40.0-255,66,174611,76,206676
29366,0.00389,172.217.194.0-255,1484,176095,76,206676
29367,0.003896,172.217.194.0-255,5738,181833,76,206676
29368,0.0039,172.31.40.0-255,66,181899,76,206676
29369,0.003922,172.217.194.0-255,7156,189055,76,206676
29370,0.003926,172.31.40.0-255,66,189121,76,206676
29371,0.003943,172.217.194.0-255,2902,192023,76,206676
29372,0.003946,172.31.40.0-255,66,192089,76,206676
29373,0.003951,172.217.194.0-255,2902,194991,76,206676
29374,0.003955,172.31.40.0-255,66,195057,76,206676
29375,0.003983,172.31.40.0-255,66,195123,76,206676
29376,0.003996,172.217.194.0-255,2184,197307,76,206676
29377,0.003999,172.31.40.0-255,66,197373,76,206676
29378,0.004005,172.217.194.0-255,4596,201969,76,206676
29379,0.004008,172.31.40.0-255,66,202035,76,206676
29380,0.004026,172.217.194.0-255,105,202140,76,206676
29381,0.007078,172.31.40.0-255,66,202206,76,206676
29382,0.007105,172.31.40.0-255,105,202311,76,206676
29383,0.009639,172.217.194.0-255,66,202377,76,206676
29384,0.031828,172.31.40.0-255,171,202548,76,206676
29385,0.031857,172.31.40.0-255,1132,203680,76,206676
29386,0.031909,172.31.40.0-255,1514,205194,76,206676
29387,0.031911,172.31.40.0-255,1284,206478,76,206676
29388,0.03338,104.244.42.0-255,66,206544,76,206676
29389,0.033427,104.244.42.0-255,66,206610,76,206676
29390,0.033475,104.244.42.0-255,66,206676,76,206676
29391,0.0,172.217.194.0-255,298,298,76,210713
29392,2.7e-05,172.31.40.0-255,66,364,76,210713
29393,3.3e-05,172.217.194.0-255,1484,1848,76,210713
29394,3.6e-05,172.31.40.0-255,66,1914,76,210713
29395,4.2e-05,172.217.194.0-255,4320,6234,76,210713
29396,5e-05,172.31.40.0-255,66,6300,76,210713
29397,5.5e-05,172.217.194.0-255,4320,10620,76,210713
29398,5.8e-05,172.31.40.0-255,66,10686,76,210713
29399,8e-05,172.217.194.0-255,3385,14071,76,210713
29400,8.2e-05,172.31.40.0-255,66,14137,76,210713
29401,0.000427,172.217.194.0-255,1484,15621,76,210713
29402,0.000432,172.31.40.0-255,66,15687,76,210713
29403,0.000439,172.217.194.0-255,2902,18589,76,210713
29404,0.000441,172.31.40.0-255,66,18655,76,210713
29405,0.000445,172.217.194.0-255,2902,21557,76,210713
29406,0.000452,172.31.40.0-255,66,21623,76,210713
29407,0.000486,172.217.194.0-255,4320,25943,76,210713
29408,0.000489,172.31.40.0-255,66,26009,76,210713
29409,0.0005,172.31.40.0-255,66,26075,76,210713
29410,0.000567,172.217.194.0-255,7156,33231,76,210713
29411,0.000571,172.31.40.0-255,66,33297,76,210713
29412,0.0006,172.217.194.0-255,4320,37617,76,210713
29413,0.000602,172.31.40.0-255,66,37683,76,210713
29414,0.000637,172.217.194.0-255,2902,40585,76,210713
29415,0.000639,172.31.40.0-255,66,40651,76,210713
29416,0.000668,172.31.40.0-255,66,40717,76,210713
29417,0.000779,172.217.194.0-255,340,41057,76,210713
29418,0.000783,172.31.40.0-255,66,41123,76,210713
29419,0.001463,172.217.194.0-255,118,41241,76,210713
29420,0.001469,172.31.40.0-255,66,41307,76,210713
29421,0.0015,172.217.194.0-255,1484,42791,76,210713
29422,0.001521,172.217.194.0-255,2902,45693,76,210713
29423,0.001524,172.31.40.0-255,66,45759,76,210713
29424,0.00153,172.217.194.0-255,5738,51497,76,210713
29425,0.001532,172.31.40.0-255,66,51563,76,210713
29426,0.001587,172.31.40.0-255,66,51629,76,210713
29427,0.00165,172.217.194.0-255,5738,57367,76,210713
29428,0.001653,172.31.40.0-255,66,57433,76,210713
29429,0.001677,172.217.194.0-255,5020,62453,76,210713
29430,0.001679,172.31.40.0-255,66,62519,76,210713
29431,0.001807,172.217.194.0-255,1484,64003,76,210713
29432,0.001826,172.217.194.0-255,2902,66905,76,210713
29433,0.001828,172.31.40.0-255,66,66971,76,210713
29434,0.001833,172.217.194.0-255,5738,72709,76,210713
29435,0.001836,172.31.40.0-255,66,72775,76,210713
29436,0.001878,172.31.40.0-255,66,72841,76,210713
29437,0.001901,172.217.194.0-255,2902,75743,76,210713
29438,0.001903,172.31.40.0-255,66,75809,76,210713
29439,0.001957,172.217.194.0-255,2902,78711,76,210713
29440,0.001959,172.31.40.0-255,66,78777,76,210713
29441,0.001985,172.31.40.0-255,66,78843,76,210713
29442,0.002037,172.217.194.0-255,4320,83163,76,210713
29443,0.002039,172.31.40.0-255,66,83229,76,210713
29444,0.002088,172.31.40.0-255,66,83295,76,210713
29445,0.002217,172.31.40.0-255,66,83361,76,210713
29446,0.002312,172.31.40.0-255,66,83427,76,210713
29447,0.004523,172.217.194.0-255,5738,89165,76,210713
29448,0.00453,172.31.40.0-255,66,89231,76,210713
29449,0.006741,172.217.194.0-255,5738,94969,76,210713
29450,0.00675,172.31.40.0-255,66,95035,76,210713
29451,0.008964,172.217.194.0-255,5738,100773,76,210713
29452,0.008972,172.31.40.0-255,66,100839,76,210713
29453,0.01119,172.217.194.0-255,5738,106577,76,210713
29454,0.011197,172.31.40.0-255,66,106643,76,210713
29455,0.013413,172.217.194.0-255,5738,112381,76,210713
29456,0.013419,172.31.40.0-255,66,112447,76,210713
29457,0.015634,172.217.194.0-255,5738,118185,76,210713
29458,0.01564,172.31.40.0-255,66,118251,76,210713
29459,0.017891,172.217.194.0-255,5738,123989,76,210713
29460,0.017898,172.31.40.0-255,66,124055,76,210713
29461,0.020101,172.217.194.0-255,5738,129793,76,210713
29462,0.020108,172.31.40.0-255,66,129859,76,210713
29463,0.020566,172.31.40.0-255,172,130031,76,210713
29464,0.020595,172.31.40.0-255,1104,131135,76,210713
29465,0.020636,172.31.40.0-255,1514,132649,76,210713
29466,0.020638,172.31.40.0-255,1514,134163,76,210713
29467,0.020639,172.31.40.0-255,1514,135677,76,210713
29468,0.02064,172.31.40.0-255,672,136349,76,210713
29469,0.022036,104.244.42.0-255,66,136415,76,210713
29470,0.022067,104.244.42.0-255,66,136481,76,210713
29471,0.022137,104.244.42.0-255,66,136547,76,210713
29472,0.02214,104.244.42.0-255,66,136613,76,210713
29473,0.022282,172.217.194.0-255,5738,142351,76,210713
29474,0.022287,172.31.40.0-255,66,142417,76,210713
29475,0.024464,172.217.194.0-255,5738,148155,76,210713
29476,0.024471,172.31.40.0-255,66,148221,76,210713
29477,0.026678,172.217.194.0-255,5738,153959,76,210713
29478,0.026684,172.31.40.0-255,66,154025,76,210713
29479,0.028878,172.217.194.0-255,5738,159763,76,210713
29480,0.028884,172.31.40.0-255,66,159829,76,210713
29481,0.031106,172.217.194.0-255,5738,165567,76,210713
29482,0.03111,172.31.40.0-255,66,165633,76,210713
29483,0.033331,172.217.194.0-255,5738,171371,76,210713
29484,0.033336,172.31.40.0-255,66,171437,76,210713
29485,0.035548,172.217.194.0-255,5738,177175,76,210713
29486,0.035552,172.31.40.0-255,66,177241,76,210713
29487,0.037793,172.217.194.0-255,5738,182979,76,210713
29488,0.037798,172.31.40.0-255,66,183045,76,210713
29489,0.039994,172.217.194.0-255,4320,187365,76,210713
29490,0.039999,172.31.40.0-255,66,187431,76,210713
29491,0.04003,172.217.194.0-255,1484,188915,76,210713
29492,0.042211,172.217.194.0-255,4320,193235,76,210713
29493,0.042218,172.31.40.0-255,66,193301,76,210713
29494,0.044415,172.217.194.0-255,5738,199039,76,210713
29495,0.044421,172.31.40.0-255,66,199105,76,210713
29496,0.046642,172.217.194.0-255,5738,204843,76,210713
29497,0.046647,172.31.40.0-255,66,204909,76,210713
29498,0.048856,172.217.194.0-255,5738,210647,76,210713
29499,0.048862,172.31.40.0-255,66,210713,76,210713
29500,0.0,172.217.160.0-255,152,152,76,186296
29501,2.2e-05,172.31.40.0-255,66,218,76,186296
29502,2.9e-05,172.217.160.0-255,1484,1702,76,186296
29503,3.4e-05,172.31.40.0-255,66,1768,76,186296
29504,4.8e-05,172.217.160.0-255,2902,4670,76,186296
29505,5.2e-05,172.31.40.0-255,66,4736,76,186296
29506,5.9e-05,172.217.160.0-255,4320,9056,76,186296
29507,6.2e-05,172.31.40.0-255,66,9122,76,186296
29508,7.9e-05,172.217.160.0-255,2902,12024,76,186296
29509,8.2e-05,172.31.40.0-255,66,12090,76,186296
29510,0.000191,172.217.160.0-255,2134,14224,76,186296
29511,0.000195,172.31.40.0-255,66,14290,76,186296
29512,0.000231,172.217.160.0-255,2902,17192,76,186296
29513,0.000233,172.31.40.0-255,66,17258,76,186296
29514,0.000291,172.217.160.0-255,5738,22996,76,186296
29515,0.000294,172.31.40.0-255,66,23062,76,186296
29516,0.000318,172.217.160.0-255,1484,24546,76,186296
29517,0.00032,172.31.40.0-255,66,24612,76,186296
29518,0.000438,172.217.160.0-255,4320,28932,76,186296
29519,0.000443,172.31.40.0-255,66,28998,76,186296
29520,0.000468,172.217.160.0-255,2543,31541,76,186296
29521,0.000471,172.31.40.0-255,66,31607,76,186296
29522,0.000554,172.217.160.0-255,5738,37345,76,186296
29523,0.000559,172.31.40.0-255,66,37411,76,186296
29524,0.000598,172.31.40.0-255,66,37477,76,186296
29525,0.00085,172.217.160.0-255,1125,38602,76,186296
29526,0.000855,172.31.40.0-255,66,38668,76,186296
29527,0.000897,172.31.40.0-255,66,38734,76,186296
29528,0.000921,172.217.160.0-255,2543,41277,76,186296
29529,0.000924,172.31.40.0-255,66,41343,76,186296
29530,0.001182,172.217.160.0-255,339,41682,76,186296
29531,0.001293,172.217.160.0-255,123,41805,76,186296
29532,0.001324,172.217.160.0-255,1484,43289,76,186296
29533,0.001329,172.31.40.0-255,66,43355,76,186296
29534,0.001336,172.217.160.0-255,2902,46257,76,186296
29535,0.001393,172.217.160.0-255,7156,53413,76,186296
29536,0.001533,172.217.160.0-255,5379,58792,76,186296
29537,0.006796,172.31.40.0-255,66,58858,76,186296
29538,0.008703,172.217.160.0-255,5738,64596,76,186296
29539,0.008711,172.31.40.0-255,66,64662,76,186296
29540,0.010622,172.217.160.0-255,5738,70400,76,186296
29541,0.011683,172.31.40.0-255,66,70466,76,186296
29542,0.013607,172.217.160.0-255,5738,76204,76,186296
29543,0.013614,172.31.40.0-255,66,76270,76,186296
29544,0.015512,172.217.160.0-255,5738,82008,76,186296
29545,0.016851,172.31.40.0-255,66,82074,76,186296
29546,0.018753,172.217.160.0-255,5738,87812,76,186296
29547,0.018761,172.31.40.0-255,66,87878,76,186296
29548,0.02067,172.217.160.0-255,5738,93616,76,186296
29549,0.02068,172.31.40.0-255,66,93682,76,186296
29550,0.022587,172.217.160.0-255,5738,99420,76,186296
29551,0.022595,172.31.40.0-255,66,99486,76,186296
29552,0.024543,172.217.160.0-255,5738,105224,76,186296
29553,0.02455,172.31.40.0-255,66,105290,76,186296
29554,0.026444,172.217.160.0-255,5738,111028,76,186296
29555,0.026452,172.31.40.0-255,66,111094,76,186296
29556,0.028348,172.217.160.0-255,5738,116832,76,186296
29557,0.028355,172.31.40.0-255,66,116898,76,186296
29558,0.030247,172.217.160.0-255,5738,122636,76,186296
29559,0.030254,172.31.40.0-255,66,122702,76,186296
29560,0.031853,172.31.40.0-255,172,122874,76,186296
29561,0.031886,172.31.40.0-255,1110,123984,76,186296
29562,0.031945,172.31.40.0-255,1514,125498,76,186296
29563,0.031947,172.31.40.0-255,1306,126804,76,186296
29564,0.032142,172.217.160.0-255,2902,129706,76,186296
29565,0.032149,172.31.40.0-255,66,129772,76,186296
29566,0.032175,172.217.160.0-255,2902,132674,76,186296
29567,0.0322,172.31.40.0-255,66,132740,76,186296
29568,0.03342,104.244.42.0-255,66,132806,76,186296
29569,0.033461,104.244.42.0-255,66,132872,76,186296
29570,0.033502,104.244.42.0-255,66,132938,76,186296
29571,0.03405,172.217.160.0-255,2902,135840,76,186296
29572,0.034057,172.31.40.0-255,66,135906,76,186296
29573,0.0341,172.217.160.0-255,2902,138808,76,186296
29574,0.034121,172.31.40.0-255,66,138874,76,186296
29575,0.035958,172.217.160.0-255,2902,141776,76,186296
29576,0.035965,172.31.40.0-255,66,141842,76,186296
29577,0.036005,172.217.160.0-255,2902,144744,76,186296
29578,0.036021,172.31.40.0-255,66,144810,76,186296
29579,0.037865,172.217.160.0-255,2902,147712,76,186296
29580,0.037872,172.31.40.0-255,66,147778,76,186296
29581,0.037899,172.217.160.0-255,2902,150680,76,186296
29582,0.037929,172.31.40.0-255,66,150746,76,186296
29583,0.039797,172.217.160.0-255,2902,153648,76,186296
29584,0.039804,172.31.40.0-255,66,153714,76,186296
29585,0.039832,172.217.160.0-255,2902,156616,76,186296
29586,0.039864,172.31.40.0-255,66,156682,76,186296
29587,0.041712,172.217.160.0-255,2902,159584,76,186296
29588,0.041719,172.31.40.0-255,66,159650,76,186296
29589,0.041748,172.217.160.0-255,2902,162552,76,186296
29590,0.041775,172.31.40.0-255,66,162618,76,186296
29591,0.043622,172.217.160.0-255,2902,165520,76,186296
29592,0.043628,172.31.40.0-255,66,165586,76,186296
29593,0.043655,172.217.160.0-255,2902,168488,76,186296
29594,0.043681,172.31.40.0-255,66,168554,76,186296
29595,0.045525,172.217.160.0-255,2902,171456,76,186296
29596,0.045532,172.31.40.0-255,66,171522,76,186296
29597,0.04557,172.217.160.0-255,2902,174424,76,186296
29598,0.046126,172.31.40.0-255,66,174490,76,186296
29599,0.04744,172.217.160.0-255,2902,177392,76,186296
29600,0.047447,172.31.40.0-255,66,177458,76,186296
29601,0.048029,172.217.160.0-255,2902,180360,76,186296
29602,0.048035,172.31.40.0-255,66,180426,76,186296
29603,0.049341,172.217.160.0-255,2902,183328,76,186296
29604,0.049348,172.31.40.0-255,66,183394,76,186296
29605,0.049921,172.217.160.0-255,2902,186296,76,186296
29606,0.0,172.217.160.0-255,153,153,76,237663
29607,2.6e-05,172.31.40.0-255,66,219,76,237663
29608,3.3e-05,172.217.160.0-255,1484,1703,76,237663
29609,3.7e-05,172.31.40.0-255,66,1769,76,237663
29610,4.1e-05,172.217.160.0-255,2902,4671,76,237663
29611,4.3e-05,172.31.40.0-255,66,4737,76,237663
29612,5.6e-05,172.217.160.0-255,5738,10475,76,237663
29613,5.9e-05,172.31.40.0-255,66,10541,76,237663
29614,0.000106,172.31.40.0-255,66,10607,76,237663
29615,0.000172,172.217.160.0-255,6797,17404,76,237663
29616,0.000176,172.31.40.0-255,66,17470,76,237663
29617,0.000219,172.217.160.0-255,5738,23208,76,237663
29618,0.000223,172.31.40.0-255,66,23274,76,237663
29619,0.000244,172.217.160.0-255,1484,24758,76,237663
29620,0.000246,172.31.40.0-255,66,24824,76,237663
29621,0.00028,172.31.40.0-255,66,24890,76,237663
29622,0.000301,172.217.160.0-255,2543,27433,76,237663
29623,0.000304,172.31.40.0-255,66,27499,76,237663
29624,0.000376,172.217.160.0-255,5738,33237,76,237663
29625,0.000379,172.31.40.0-255,66,33303,76,237663
29626,0.000405,172.217.160.0-255,5688,38991,76,237663
29627,0.000408,172.31.40.0-255,66,39057,76,237663
29628,0.001241,172.217.160.0-255,100,39157,76,237663
29629,0.001248,172.31.40.0-255,66,39223,76,237663
29630,0.001402,172.217.160.0-255,1484,40707,76,237663
29631,0.001407,172.31.40.0-255,66,40773,76,237663
29632,0.001414,172.217.160.0-255,2902,43675,76,237663
29633,0.001416,172.31.40.0-255,66,43741,76,237663
29634,0.001421,172.217.160.0-255,4320,48061,76,237663
29635,0.001429,172.31.40.0-255,66,48127,76,237663
29636,0.001459,172.217.160.0-255,1484,49611,76,237663
29637,0.001486,172.217.160.0-255,7156,56767,76,237663
29638,0.001489,172.31.40.0-255,66,56833,76,237663
29639,0.00152,172.217.160.0-255,6797,63630,76,237663
29640,0.001522,172.31.40.0-255,66,63696,76,237663
29641,0.001565,172.31.40.0-255,66,63762,76,237663
29642,0.003204,172.217.160.0-255,5738,69500,76,237663
29643,0.003209,172.31.40.0-255,66,69566,76,237663
29644,0.004886,172.217.160.0-255,5738,75304,76,237663
29645,0.004893,172.31.40.0-255,66,75370,76,237663
29646,0.006535,172.217.160.0-255,5738,81108,76,237663
29647,0.006541,172.31.40.0-255,66,81174,76,237663
29648,0.008187,172.217.160.0-255,5738,86912,76,237663
29649,0.008193,172.31.40.0-255,66,86978,76,237663
29650,0.009853,172.217.160.0-255,5738,92716,76,237663
29651,0.009859,172.31.40.0-255,66,92782,76,237663
29652,0.011502,172.217.160.0-255,5738,98520,76,237663
29653,0.011508,172.31.40.0-255,66,98586,76,237663
29654,0.013145,172.217.160.0-255,5738,104324,76,237663
29655,0.013151,172.31.40.0-255,66,104390,76,237663
29656,0.014791,172.217.160.0-255,5738,110128,76,237663
29657,0.014797,172.31.40.0-255,66,110194,76,237663
29658,0.016459,172.217.160.0-255,5738,115932,76,237663
29659,0.016466,172.31.40.0-255,66,115998,76,237663
29660,0.018114,172.217.160.0-255,5738,121736,76,237663
29661,0.018121,172.31.40.0-255,66,121802,76,237663
29662,0.019762,172.217.160.0-255,5738,127540,76,237663
29663,0.019768,172.31.40.0-255,66,127606,76,237663
29664,0.021404,172.217.160.0-255,5738,133344,76,237663
29665,0.021411,172.31.40.0-255,66,133410,76,237663
29666,0.021476,172.31.40.0-255,181,133591,76,237663
29667,0.021501,172.31.40.0-255,1129,134720,76,237663
29668,0.021556,172.31.40.0-255,1514,136234,76,237663
29669,0.021558,172.31.40.0-255,1514,137748,76,237663
29670,0.021559,172.31.40.0-255,1514,139262,76,237663
29671,0.02156,172.31.40.0-255,647,139909,76,237663
29672,0.022977,104.244.42.0-255,66,139975,76,237663
29673,0.023005,104.244.42.0-255,66,140041,76,237663
29674,0.023051,172.217.160.0-255,5738,145779,76,237663
29675,0.023056,172.31.40.0-255,66,145845,76,237663
29676,0.02309,104.244.42.0-255,66,145911,76,237663
29677,0.023094,104.244.42.0-255,66,145977,76,237663
29678,0.023679,104.244.42.0-255,108,146085,76,237663
29679,0.023698,172.31.40.0-255,66,146151,76,237663
29680,0.024696,172.217.160.0-255,5738,151889,76,237663
29681,0.0247,172.31.40.0-255,66,151955,76,237663
29682,0.026353,172.217.160.0-255,5738,157693,76,237663
29683,0.026359,172.31.40.0-255,66,157759,76,237663
29684,0.027998,172.217.160.0-255,5738,163497,76,237663
29685,0.028003,172.31.40.0-255,66,163563,76,237663
29686,0.029657,172.217.160.0-255,5738,169301,76,237663
29687,0.029662,172.31.40.0-255,66,169367,76,237663
29688,0.031301,172.217.160.0-255,4320,173687,76,237663
29689,0.031308,172.31.40.0-255,66,173753,76,237663
29690,0.031334,172.217.160.0-255,1484,175237,76,237663
29691,0.032943,172.217.160.0-255,4320,179557,76,237663
29692,0.032949,172.31.40.0-255,66,179623,76,237663
29693,0.034601,172.217.160.0-255,5738,185361,76,237663
29694,0.034607,172.31.40.0-255,66,185427,76,237663
29695,0.036247,172.217.160.0-255,5738,191165,76,237663
29696,0.036253,172.31.40.0-255,66,191231,76,237663
29697,0.03789,172.217.160.0-255,5738,196969,76,237663
29698,0.037895,172.31.40.0-255,66,197035,76,237663
29699,0.039537,172.217.160.0-255,5738,202773,76,237663
29700,0.039542,172.31.40.0-255,66,202839,76,237663
29701,0.041188,172.217.160.0-255,5738,208577,76,237663
29702,0.041194,172.31.40.0-255,66,208643,76,237663
29703,0.042844,172.217.160.0-255,5738,214381,76,237663
29704,0.042849,172.31.40.0-255,66,214447,76,237663
29705,0.044495,172.217.160.0-255,5738,220185,76,237663
29706,0.0445,172.31.40.0-255,66,220251,76,237663
29707,0.046156,172.217.160.0-255,5738,225989,76,237663
29708,0.046172,172.31.40.0-255,66,226055,76,237663
29709,0.047831,172.217.160.0-255,5738,231793,76,237663
29710,0.047844,172.31.40.0-255,66,231859,76,237663
29711,0.04951,172.217.160.0-255,5738,237597,76,237663
29712,0.049522,172.31.40.0-255,66,237663,76,237663
29713,0.0,74.125.200.0-255,152,152,76,251558
29714,2.2e-05,172.31.40.0-255,66,218,76,251558
29715,3e-05,74.125.200.0-255,1484,1702,76,251558
29716,3.5e-05,172.31.40.0-255,66,1768,76,251558
29717,4.1e-05,74.125.200.0-255,2902,4670,76,251558
29718,4.6e-05,172.31.40.0-255,66,4736,76,251558
29719,5.1e-05,74.125.200.0-255,4320,9056,76,251558
29720,5.5e-05,172.31.40.0-255,66,9122,76,251558
29721,8.4e-05,74.125.200.0-255,1484,10606,76,251558
29722,8.7e-05,172.31.40.0-255,66,10672,76,251558
29723,0.000104,74.125.200.0-255,3467,14139,76,251558
29724,0.000107,172.31.40.0-255,66,14205,76,251558
29725,0.000111,74.125.200.0-255,2902,17107,76,251558
29726,0.000113,172.31.40.0-255,66,17173,76,251558
29727,0.000134,74.125.200.0-255,2902,20075,76,251558
29728,0.000137,172.31.40.0-255,66,20141,76,251558
29729,0.000143,74.125.200.0-255,5738,25879,76,251558
29730,0.000145,172.31.40.0-255,66,25945,76,251558
29731,0.000197,74.125.200.0-255,5379,31324,76,251558
29732,0.0002,172.31.40.0-255,66,31390,76,251558
29733,0.000302,74.125.200.0-255,1484,32874,76,251558
29734,0.000306,172.31.40.0-255,66,32940,76,251558
29735,0.00031,74.125.200.0-255,1484,34424,76,251558
29736,0.000313,172.31.40.0-255,66,34490,76,251558
29737,0.000325,74.125.200.0-255,1484,35974,76,251558
29738,0.000327,172.31.40.0-255,66,36040,76,251558
29739,0.000349,74.125.200.0-255,4320,40360,76,251558
29740,0.000351,172.31.40.0-255,66,40426,76,251558
29741,0.000382,74.125.200.0-255,5738,46164,76,251558
29742,0.000384,172.31.40.0-255,66,46230,76,251558
29743,0.000388,74.125.200.0-255,2543,48773,76,251558
29744,0.000391,172.31.40.0-255,66,48839,76,251558
29745,0.000429,74.125.200.0-255,2902,51741,76,251558
29746,0.000432,172.31.40.0-255,66,51807,76,251558
29747,0.000439,74.125.200.0-255,7156,58963,76,251558
29748,0.000441,172.31.40.0-255,66,59029,76,251558
29749,0.000444,74.125.200.0-255,1484,60513,76,251558
29750,0.000505,74.125.200.0-255,5654,66167,76,251558
29751,0.000508,172.31.40.0-255,66,66233,76,251558
29752,0.000519,74.125.200.0-255,382,66615,76,251558
29753,0.000578,74.125.200.0-255,1484,68099,76,251558
29754,0.000582,172.31.40.0-255,66,68165,76,251558
29755,0.000601,74.125.200.0-255,2902,71067,76,251558
29756,0.000604,172.31.40.0-255,66,71133,76,251558
29757,0.000623,74.125.200.0-255,1484,72617,76,251558
29758,0.000629,74.125.200.0-255,5738,78355,76,251558
29759,0.000632,172.31.40.0-255,66,78421,76,251558
29760,0.000653,74.125.200.0-255,1484,79905,76,251558
29761,0.000669,74.125.200.0-255,7156,87061,76,251558
29762,0.000672,172.31.40.0-255,66,87127,76,251558
29763,0.000675,74.125.200.0-255,1484,88611,76,251558
29764,0.000703,172.31.40.0-255,66,88677,76,251558
29765,0.000708,74.125.200.0-255,3602,92279,76,251558
29766,0.00071,172.31.40.0-255,66,92345,76,251558
29767,0.000796,74.125.200.0-255,1484,93829,76,251558
29768,0.000799,74.125.200.0-255,1484,95313,76,251558
29769,0.000804,172.31.40.0-255,66,95379,76,251558
29770,0.000815,74.125.200.0-255,1484,96863,76,251558
29771,0.00082,74.125.200.0-255,2902,99765,76,251558
29772,0.000822,172.31.40.0-255,66,99831,76,251558
29773,0.000846,74.125.200.0-255,2902,102733,76,251558
29774,0.000849,172.31.40.0-255,66,102799,76,251558
29775,0.000866,74.125.200.0-255,7156,109955,76,251558
29776,0.000869,172.31.40.0-255,66,110021,76,251558
29777,0.000901,74.125.200.0-255,4320,114341,76,251558
29778,0.000905,172.31.40.0-255,66,114407,76,251558
29779,0.00092,172.31.40.0-255,66,114473,76,251558
29780,0.000984,74.125.200.0-255,1484,115957,76,251558
29781,0.001002,74.125.200.0-255,2902,118859,76,251558
29782,0.001005,172.31.40.0-255,66,118925,76,251558
29783,0.00101,74.125.200.0-255,4320,123245,76,251558
29784,0.001012,172.31.40.0-255,66,123311,76,251558
29785,0.001049,172.31.40.0-255,66,123377,76,251558
29786,0.001054,74.125.200.0-255,4320,127697,76,251558
29787,0.001056,172.31.40.0-255,66,127763,76,251558
29788,0.001081,74.125.200.0-255,5738,133501,76,251558
29789,0.001084,172.31.40.0-255,66,133567,76,251558
29790,0.001105,74.125.200.0-255,5738,139305,76,251558
29791,0.001107,172.31.40.0-255,66,139371,76,251558
29792,0.00113,74.125.200.0-255,766,140137,76,251558
29793,0.001133,74.125.200.0-255,1484,141621,76,251558
29794,0.001136,172.31.40.0-255,66,141687,76,251558
29795,0.001159,74.125.200.0-255,5738,147425,76,251558
29796,0.001162,172.31.40.0-255,66,147491,76,251558
29797,0.001167,74.125.200.0-255,2902,150393,76,251558
29798,0.001169,172.31.40.0-255,66,150459,76,251558
29799,0.001205,172.31.40.0-255,66,150525,76,251558
29800,0.001216,172.31.40.0-255,66,150591,76,251558
29801,0.001257,74.125.200.0-255,3602,154193,76,251558
29802,0.00126,172.31.40.0-255,66,154259,76,251558
29803,0.001297,74.125.200.0-255,4320,158579,76,251558
29804,0.0013,172.31.40.0-255,66,158645,76,251558
29805,0.001306,74.125.200.0-255,4320,162965,76,251558
29806,0.001308,172.31.40.0-255,66,163031,76,251558
29807,0.001341,74.125.200.0-255,5738,168769,76,251558
29808,0.001344,172.31.40.0-255,66,168835,76,251558
29809,0.001378,172.31.40.0-255,66,168901,76,251558
29810,0.001439,74.125.200.0-255,2902,171803,76,251558
29811,0.001442,172.31.40.0-255,66,171869,76,251558
29812,0.001463,74.125.200.0-255,5020,176889,76,251558
29813,0.001465,172.31.40.0-255,66,176955,76,251558
29814,0.001589,74.125.200.0-255,1484,178439,76,251558
29815,0.001605,74.125.200.0-255,2902,181341,76,251558
29816,0.001609,172.31.40.0-255,66,181407,76,251558
29817,0.001627,74.125.200.0-255,1484,182891,76,251558
29818,0.001645,74.125.200.0-255,2902,185793,76,251558
29819,0.001648,172.31.40.0-255,66,185859,76,251558
29820,0.001653,74.125.200.0-255,2902,188761,76,251558
29821,0.001655,172.31.40.0-255,66,188827,76,251558
29822,0.001676,74.125.200.0-255,5738,194565,76,251558
29823,0.001678,172.31.40.0-255,66,194631,76,251558
29824,0.001716,172.31.40.0-255,66,194697,76,251558
29825,0.001723,74.125.200.0-255,6438,201135,76,251558
29826,0.001725,172.31.40.0-255,66,201201,76,251558
29827,0.001847,74.125.200.0-255,1484,202685,76,251558
29828,0.001868,74.125.200.0-255,2902,205587,76,251558
29829,0.001872,172.31.40.0-255,66,205653,76,251558
29830,0.001879,74.125.200.0-255,5738,211391,76,251558
29831,0.001881,172.31.40.0-255,66,211457,76,251558
29832,0.001921,74.125.200.0-255,4320,215777,76,251558
29833,0.001924,172.31.40.0-255,66,215843,76,251558
29834,0.001955,172.31.40.0-255,66,215909,76,251558
29835,0.00197,172.31.40.0-255,66,215975,76,251558
29836,0.001976,74.125.200.0-255,5738,221713,76,251558
29837,0.001979,172.31.40.0-255,66,221779,76,251558
29838,0.002031,172.31.40.0-255,66,221845,76,251558
29839,0.002067,74.125.200.0-255,3602,225447,76,251558
29840,0.002089,172.31.40.0-255,66,225513,76,251558
29841,0.00211,172.31.40.0-255,66,225579,76,251558
29842,0.002168,74.125.200.0-255,3602,229181,76,251558
29843,0.002172,172.31.40.0-255,66,229247,76,251558
29844,0.002183,74.125.200.0-255,5738,234985,76,251558
29845,0.002193,172.31.40.0-255,66,235051,76,251558
29846,0.002207,74.125.200.0-255,5738,240789,76,251558
29847,0.002231,172.31.40.0-255,66,240855,76,251558
29848,0.002246,74.125.200.0-255,5738,246593,76,251558
29849,0.002261,172.31.40.0-255,66,246659,76,251558
29850,0.002288,74.125.200.0-255,1157,247816,76,251558
29851,0.00233,74.125.200.0-255,105,247921,76,251558
29852,0.002333,172.31.40.0-255,66,247987,76,251558
29853,0.016962,172.31.40.0-255,66,248053,76,251558
29854,0.017012,172.31.40.0-255,105,248158,76,251558
29855,0.019313,74.125.200.0-255,66,248224,76,251558
29856,0.046403,172.31.40.0-255,172,248396,76,251558
29857,0.046439,172.31.40.0-255,1105,249501,76,251558
29858,0.046501,172.31.40.0-255,1514,251015,76,251558
29859,0.046502,172.31.40.0-255,345,251360,76,251558
29860,0.047951,104.244.42.0-255,66,251426,76,251558
29861,0.047992,104.244.42.0-255,66,251492,76,251558
29862,0.04804,104.244.42.0-255,66,251558,76,251558
29863,0.0,172.253.118.0-255,153,153,76,240586
29864,1.9e-05,172.31.40.0-255,66,219,76,240586
29865,3.7e-05,172.253.118.0-255,1484,1703,76,240586
29866,4.2e-05,172.31.40.0-255,66,1769,76,240586
29867,4.8e-05,172.253.118.0-255,2902,4671,76,240586
29868,5.1e-05,172.31.40.0-255,66,4737,76,240586
29869,8.8e-05,172.253.118.0-255,5738,10475,76,240586
29870,9.1e-05,172.31.40.0-255,66,10541,76,240586
29871,0.000146,172.253.118.0-255,3529,14070,76,240586
29872,0.000149,172.31.40.0-255,66,14136,76,240586
29873,0.000189,172.253.118.0-255,5738,19874,76,240586
29874,0.000191,172.31.40.0-255,66,19940,76,240586
29875,0.000213,172.253.118.0-255,5738,25678,76,240586
29876,0.000215,172.31.40.0-255,66,25744,76,240586
29877,0.000333,172.253.118.0-255,5379,31123,76,240586
29878,0.000339,172.31.40.0-255,66,31189,76,240586
29879,0.000403,172.253.118.0-255,4320,35509,76,240586
29880,0.000406,172.31.40.0-255,66,35575,76,240586
29881,0.000422,172.253.118.0-255,1484,37059,76,240586
29882,0.000426,172.31.40.0-255,66,37125,76,240586
29883,0.000475,172.253.118.0-255,7156,44281,76,240586
29884,0.000479,172.31.40.0-255,66,44347,76,240586
29885,0.000495,172.253.118.0-255,5379,49726,76,240586
29886,0.000497,172.31.40.0-255,66,49792,76,240586
29887,0.000637,172.31.40.0-255,66,49858,76,240586
29888,0.00066,172.253.118.0-255,5738,55596,76,240586
29889,0.000663,172.31.40.0-255,66,55662,76,240586
29890,0.000789,172.253.118.0-255,1125,56787,76,240586
29891,0.000793,172.31.40.0-255,66,56853,76,240586
29892,0.000797,172.253.118.0-255,399,57252,76,240586
29893,0.000799,172.31.40.0-255,66,57318,76,240586
29894,0.000813,172.253.118.0-255,345,57663,76,240586
29895,0.000956,172.253.118.0-255,1484,59147,76,240586
29896,0.00096,172.31.40.0-255,66,59213,76,240586
29897,0.000966,172.253.118.0-255,2902,62115,76,240586
29898,0.000968,172.31.40.0-255,66,62181,76,240586
29899,0.000984,172.253.118.0-255,1484,63665,76,240586
29900,0.000995,172.253.118.0-255,1484,65149,76,240586
29901,0.000998,172.31.40.0-255,66,65215,76,240586
29902,0.001008,172.253.118.0-255,4320,69535,76,240586
29903,0.00101,172.31.40.0-255,66,69601,76,240586
29904,0.001086,172.31.40.0-255,66,69667,76,240586
29905,0.001106,172.253.118.0-255,4320,73987,76,240586
29906,0.00111,172.31.40.0-255,66,74053,76,240586
29907,0.001241,172.253.118.0-255,2902,76955,76,240586
29908,0.001245,172.31.40.0-255,66,77021,76,240586
29909,0.001273,172.253.118.0-255,6438,83459,76,240586
29910,0.001277,172.31.40.0-255,66,83525,76,240586
29911,0.001665,172.253.118.0-255,1484,85009,76,240586
29912,0.001672,172.253.118.0-255,2902,87911,76,240586
29913,0.001677,172.31.40.0-255,66,87977,76,240586
29914,0.001706,172.253.118.0-255,5738,93715,76,240586
29915,0.001709,172.31.40.0-255,66,93781,76,240586
29916,0.001769,172.253.118.0-255,5738,99519,76,240586
29917,0.001773,172.31.40.0-255,66,99585,76,240586
29918,0.00179,172.253.118.0-255,1484,101069,76,240586
29919,0.001853,172.253.118.0-255,2902,103971,76,240586
29920,0.001857,172.31.40.0-255,66,104037,76,240586
29921,0.001888,172.31.40.0-255,66,104103,76,240586
29922,0.002041,172.253.118.0-255,2184,106287,76,240586
29923,0.002047,172.31.40.0-255,66,106353,76,240586
29924,0.002074,172.253.118.0-255,4320,110673,76,240586
29925,0.002077,172.31.40.0-255,66,110739,76,240586
29926,0.002111,172.253.118.0-255,2902,113641,76,240586
29927,0.002114,172.31.40.0-255,66,113707,76,240586
29928,0.002158,172.31.40.0-255,66,113773,76,240586
29929,0.002416,172.253.118.0-255,5020,118793,76,240586
29930,0.002423,172.31.40.0-255,66,118859,76,240586
29931,0.002498,172.253.118.0-255,4320,123179,76,240586
29932,0.002502,172.31.40.0-255,66,123245,76,240586
29933,0.002553,172.31.40.0-255,66,123311,76,240586
29934,0.002911,172.31.40.0-255,66,123377,76,240586
29935,0.002938,172.31.40.0-255,66,123443,76,240586
29936,0.002953,172.253.118.0-255,6438,129881,76,240586
29937,0.002955,172.31.40.0-255,66,129947,76,240586
29938,0.005534,172.253.118.0-255,5738,135685,76,240586
29939,0.005539,172.31.40.0-255,66,135751,76,240586
29940,0.008131,172.253.118.0-255,5738,141489,76,240586
29941,0.008137,172.31.40.0-255,66,141555,76,240586
29942,0.010714,172.253.118.0-255,5738,147293,76,240586
29943,0.010722,172.31.40.0-255,66,147359,76,240586
29944,0.013293,172.253.118.0-255,5738,153097,76,240586
29945,0.013304,172.31.40.0-255,66,153163,76,240586
29946,0.015914,172.253.118.0-255,5738,158901,76,240586
29947,0.015933,172.31.40.0-255,66,158967,76,240586
29948,0.018524,172.253.118.0-255,5738,164705,76,240586
29949,0.018539,172.31.40.0-255,66,164771,76,240586
29950,0.021135,172.253.118.0-255,5738,170509,76,240586
29951,0.021153,172.31.40.0-255,66,170575,76,240586
29952,0.023748,172.253.118.0-255,5738,176313,76,240586
29953,0.023768,172.31.40.0-255,66,176379,76,240586
29954,0.026363,172.253.118.0-255,5738,182117,76,240586
29955,0.026373,172.31.40.0-255,66,182183,76,240586
29956,0.028961,172.253.118.0-255,5738,187921,76,240586
29957,0.02897,172.31.40.0-255,66,187987,76,240586
29958,0.031556,172.253.118.0-255,5738,193725,76,240586
29959,0.031573,172.31.40.0-255,66,193791,76,240586
29960,0.034137,172.253.118.0-255,4320,198111,76,240586
29961,0.034145,172.31.40.0-255,66,198177,76,240586
29962,0.034165,172.253.118.0-255,1484,199661,76,240586
29963,0.036711,172.253.118.0-255,4320,203981,76,240586
29964,0.036721,172.31.40.0-255,66,204047,76,240586
29965,0.039319,172.253.118.0-255,5738,209785,76,240586
29966,0.039338,172.31.40.0-255,66,209851,76,240586
29967,0.041922,172.253.118.0-255,5738,215589,76,240586
29968,0.041932,172.31.40.0-255,66,215655,76,240586
29969,0.044528,172.253.118.0-255,5738,221393,76,240586
29970,0.044547,172.31.40.0-255,66,221459,76,240586
29971,0.04715,172.253.118.0-255,5738,227197,76,240586
29972,0.047158,172.31.40.0-255,66,227263,76,240586
29973,0.048565,172.31.40.0-255,171,227434,76,240586
29974,0.048601,172.31.40.0-255,1133,228567,76,240586
29975,0.048664,172.31.40.0-255,1514,230081,76,240586
29976,0.048667,172.31.40.0-255,1514,231595,76,240586
29977,0.048668,172.31.40.0-255,1514,233109,76,240586
29978,0.048669,172.31.40.0-255,1514,234623,76,240586
29979,0.048695,172.31.40.0-255,159,234782,76,240586
29980,0.049741,172.253.118.0-255,5738,240520,76,240586
29981,0.049748,172.31.40.0-255,66,240586,76,240586
29982,0.0,172.217.194.0-255,153,153,76,196465
29983,2.3e-05,172.31.40.0-255,66,219,76,196465
29984,3.1e-05,172.217.194.0-255,1484,1703,76,196465
29985,3.6e-05,172.31.40.0-255,66,1769,76,196465
29986,4.1e-05,172.217.194.0-255,2902,4671,76,196465
29987,4.4e-05,172.31.40.0-255,66,4737,76,196465
29988,5e-05,172.217.194.0-255,5738,10475,76,196465
29989,5.4e-05,172.31.40.0-255,66,10541,76,196465
29990,8.4e-05,172.217.194.0-255,7156,17697,76,196465
29991,8.7e-05,172.31.40.0-255,66,17763,76,196465
29992,0.000116,172.217.194.0-255,6291,24054,76,196465
29993,0.000119,172.31.40.0-255,66,24120,76,196465
29994,0.000126,172.217.194.0-255,6797,30917,76,196465
29995,0.000128,172.31.40.0-255,66,30983,76,196465
29996,0.000175,172.217.194.0-255,1484,32467,76,196465
29997,0.000179,172.31.40.0-255,66,32533,76,196465
29998,0.000182,172.217.194.0-255,1484,34017,76,196465
29999,0.000185,172.31.40.0-255,66,34083,76,196465
30000,0.000216,172.217.194.0-255,1484,35567,76,196465
30001,0.000219,172.31.40.0-255,66,35633,76,196465
30002,0.000225,172.217.194.0-255,5738,41371,76,196465
30003,0.000227,172.31.40.0-255,66,41437,76,196465
30004,0.000234,172.217.194.0-255,6797,48234,76,196465
30005,0.000237,172.31.40.0-255,66,48300,76,196465
30006,0.000282,172.31.40.0-255,66,48366,76,196465
30007,0.000286,172.217.194.0-255,2831,51197,76,196465
30008,0.000288,172.31.40.0-255,66,51263,76,196465
30009,0.00049,172.217.194.0-255,99,51362,76,196465
30010,0.000497,172.31.40.0-255,66,51428,76,196465
30011,0.000596,172.217.194.0-255,1484,52912,76,196465
30012,0.0006,172.31.40.0-255,66,52978,76,196465
30013,0.000605,172.217.194.0-255,2902,55880,76,196465
30014,0.00061,172.217.194.0-255,1484,57364,76,196465
30015,0.000629,172.217.194.0-255,4320,61684,76,196465
30016,0.000633,172.217.194.0-255,2902,64586,76,196465
30017,0.000646,172.217.194.0-255,2902,67488,76,196465
30018,0.000649,172.31.40.0-255,66,67554,76,196465
30019,0.000654,172.31.40.0-255,66,67620,76,196465
30020,0.000669,172.217.194.0-255,5738,73358,76,196465
30021,0.000686,172.31.40.0-255,66,73424,76,196465
30022,0.000715,172.217.194.0-255,3961,77385,76,196465
30023,0.000764,172.31.40.0-255,66,77451,76,196465
30024,0.000822,172.217.194.0-255,4320,81771,76,196465
30025,0.000844,172.217.194.0-255,5738,87509,76,196465
30026,0.000887,172.217.194.0-255,5738,93247,76,196465
30027,0.000892,172.31.40.0-255,66,93313,76,196465
30028,0.0009,172.217.194.0-255,766,94079,76,196465
30029,0.000938,172.217.194.0-255,1484,95563,76,196465
30030,0.000943,172.217.194.0-255,2902,98465,76,196465
30031,0.000954,172.31.40.0-255,66,98531,76,196465
30032,0.000967,172.217.194.0-255,5738,104269,76,196465
30033,0.001015,172.217.194.0-255,4320,108589,76,196465
30034,0.001029,172.31.40.0-255,66,108655,76,196465
30035,0.001039,172.217.194.0-255,2184,110839,76,196465
30036,0.00106,172.31.40.0-255,66,110905,76,196465
30037,0.001098,172.217.194.0-255,1484,112389,76,196465
30038,0.001104,172.217.194.0-255,2902,115291,76,196465
30039,0.001123,172.217.194.0-255,5738,121029,76,196465
30040,0.001136,172.217.194.0-255,1484,122513,76,196465
30041,0.001169,172.31.40.0-255,66,122579,76,196465
30042,0.001175,172.31.40.0-255,66,122645,76,196465
30043,0.001223,172.31.40.0-255,66,122711,76,196465
30044,0.00123,172.217.194.0-255,1484,124195,76,196465
30045,0.00129,172.31.40.0-255,66,124261,76,196465
30046,0.001306,172.217.194.0-255,5738,129999,76,196465
30047,0.001317,172.31.40.0-255,66,130065,76,196465
30048,0.001352,172.31.40.0-255,66,130131,76,196465
30049,0.001393,172.217.194.0-255,1484,131615,76,196465
30050,0.001398,172.217.194.0-255,2902,134517,76,196465
30051,0.001403,172.31.40.0-255,66,134583,76,196465
30052,0.001428,172.217.194.0-255,5738,140321,76,196465
30053,0.001498,172.217.194.0-255,4320,144641,76,196465
30054,0.001503,172.31.40.0-255,66,144707,76,196465
30055,0.001533,172.217.194.0-255,1484,146191,76,196465
30056,0.00154,172.217.194.0-255,5020,151211,76,196465
30057,0.001554,172.31.40.0-255,66,151277,76,196465
30058,0.001577,172.217.194.0-255,1484,152761,76,196465
30059,0.001582,172.217.194.0-255,2902,155663,76,196465
30060,0.001607,172.217.194.0-255,5738,161401,76,196465
30061,0.001612,172.217.194.0-255,2902,164303,76,196465
30062,0.001617,172.31.40.0-255,66,164369,76,196465
30063,0.001674,172.31.40.0-255,66,164435,76,196465
30064,0.001679,172.217.194.0-255,2902,167337,76,196465
30065,0.001683,172.31.40.0-255,66,167403,76,196465
30066,0.001711,172.217.194.0-255,4320,171723,76,196465
30067,0.001756,172.31.40.0-255,66,171789,76,196465
30068,0.001792,172.217.194.0-255,7156,178945,76,196465
30069,0.001805,172.31.40.0-255,66,179011,76,196465
30070,0.00183,172.217.194.0-255,5738,184749,76,196465
30071,0.001835,172.31.40.0-255,66,184815,76,196465
30072,0.001886,172.217.194.0-255,7008,191823,76,196465
30073,0.001889,172.217.194.0-255,105,191928,76,196465
30074,0.00191,172.31.40.0-255,66,191994,76,196465
30075,0.004566,172.31.40.0-255,105,192099,76,196465
30076,0.006531,172.217.194.0-255,66,192165,76,196465
30077,0.030754,172.31.40.0-255,172,192337,76,196465
30078,0.030787,172.31.40.0-255,1109,193446,76,196465
30079,0.030845,172.31.40.0-255,1514,194960,76,196465
30080,0.030846,172.31.40.0-255,1307,196267,76,196465
30081,0.032306,104.244.42.0-255,66,196333,76,196465
30082,0.032497,104.244.42.0-255,66,196399,76,196465
30083,0.032503,104.244.42.0-255,66,196465,76,196465
30084,0.0,172.217.194.0-255,146,146,76,205476
30085,2.6e-05,172.31.40.0-255,66,212,76,205476
30086,3.3e-05,172.217.194.0-255,1484,1696,76,205476
30087,3.7e-05,172.31.40.0-255,66,1762,76,205476
30088,4.4e-05,172.217.194.0-255,2902,4664,76,205476
30089,5.5e-05,172.31.40.0-255,66,4730,76,205476
30090,6.3e-05,172.217.194.0-255,7156,11886,76,205476
30091,6.7e-05,172.31.40.0-255,66,11952,76,205476
30092,7.1e-05,172.217.194.0-255,2068,14020,76,205476
30093,7.4e-05,172.31.40.0-255,66,14086,76,205476
30094,0.000196,172.217.194.0-255,1484,15570,76,205476
30095,0.0002,172.31.40.0-255,66,15636,76,205476
30096,0.000206,172.217.194.0-255,2902,18538,76,205476
30097,0.000208,172.31.40.0-255,66,18604,76,205476
30098,0.00022,172.217.194.0-255,5738,24342,76,205476
30099,0.000222,172.31.40.0-255,66,24408,76,205476
30100,0.000274,172.217.194.0-255,6797,31205,76,205476
30101,0.000277,172.31.40.0-255,66,31271,76,205476
30102,0.000309,172.217.194.0-255,7156,38427,76,205476
30103,0.000312,172.31.40.0-255,66,38493,76,205476
30104,0.000323,172.31.40.0-255,66,38559,76,205476
30105,0.000344,172.217.194.0-255,1125,39684,76,205476
30106,0.000347,172.31.40.0-255,66,39750,76,205476
30107,0.000697,172.217.194.0-255,1484,41234,76,205476
30108,0.000703,172.31.40.0-255,66,41300,76,205476
30109,0.00071,172.217.194.0-255,2902,44202,76,205476
30110,0.000712,172.31.40.0-255,66,44268,76,205476
30111,0.000715,172.217.194.0-255,1484,45752,76,205476
30112,0.000717,172.31.40.0-255,66,45818,76,205476
30113,0.000741,172.217.194.0-255,4320,50138,76,205476
30114,0.000744,172.31.40.0-255,66,50204,76,205476
30115,0.000795,172.31.40.0-255,66,50270,76,205476
30116,0.000826,172.217.194.0-255,1484,51754,76,205476
30117,0.000849,172.217.194.0-255,2902,54656,76,205476
30118,0.000856,172.217.194.0-255,5738,60394,76,205476
30119,0.000859,172.217.194.0-255,1484,61878,76,205476
30120,0.00087,172.31.40.0-255,66,61944,76,205476
30121,0.0009,172.217.194.0-255,5379,67323,76,205476
30122,0.000907,172.217.194.0-255,7156,74479,76,205476
30123,0.000916,172.31.40.0-255,66,74545,76,205476
30124,0.000933,172.217.194.0-255,4320,78865,76,205476
30125,0.000953,172.217.194.0-255,5379,84244,76,205476
30126,0.00096,172.31.40.0-255,66,84310,76,205476
30127,0.001735,172.217.194.0-255,1484,85794,76,205476
30128,0.001742,172.31.40.0-255,66,85860,76,205476
30129,0.001753,172.217.194.0-255,2902,88762,76,205476
30130,0.001766,172.217.194.0-255,5738,94500,76,205476
30131,0.001829,172.217.194.0-255,2184,96684,76,205476
30132,0.001835,172.217.194.0-255,5738,102422,76,205476
30133,0.001855,172.217.194.0-255,7156,109578,76,205476
30134,0.001911,172.217.194.0-255,2902,112480,76,205476
30135,0.005319,172.31.40.0-255,66,112546,76,205476
30136,0.007442,172.217.194.0-255,5738,118284,76,205476
30137,0.007456,172.31.40.0-255,66,118350,76,205476
30138,0.009592,172.217.194.0-255,5738,124088,76,205476
30139,0.009603,172.31.40.0-255,66,124154,76,205476
30140,0.011708,172.217.194.0-255,5738,129892,76,205476
30141,0.011721,172.31.40.0-255,66,129958,76,205476
30142,0.013833,172.217.194.0-255,5738,135696,76,205476
30143,0.020669,172.31.40.0-255,66,135762,76,205476
30144,0.022238,172.217.194.0-255,1484,137246,76,205476
30145,0.022765,172.217.194.0-255,4320,141566,76,205476
30146,0.022778,172.31.40.0-255,66,141632,76,205476
30147,0.024889,172.217.194.0-255,5738,147370,76,205476
30148,0.024994,172.31.40.0-255,66,147436,76,205476
30149,0.027117,172.217.194.0-255,5738,153174,76,205476
30150,0.027131,172.31.40.0-255,66,153240,76,205476
30151,0.029247,172.217.194.0-255,5738,158978,76,205476
30152,0.029262,172.31.40.0-255,66,159044,76,205476
30153,0.031444,172.217.194.0-255,5738,164782,76,205476
30154,0.031463,172.31.40.0-255,66,164848,76,205476
30155,0.033585,172.217.194.0-255,5738,170586,76,205476
30156,0.033603,172.31.40.0-255,66,170652,76,205476
30157,0.035762,172.217.194.0-255,5738,176390,76,205476
30158,0.035778,172.31.40.0-255,66,176456,76,205476
30159,0.037893,172.217.194.0-255,5738,182194,76,205476
30160,0.037907,172.31.40.0-255,66,182260,76,205476
30161,0.040051,172.217.194.0-255,5738,187998,76,205476
30162,0.040071,172.31.40.0-255,66,188064,76,205476
30163,0.042245,172.217.194.0-255,5738,193802,76,205476
30164,0.042259,172.31.40.0-255,66,193868,76,205476
30165,0.044372,172.217.194.0-255,5738,199606,76,205476
30166,0.044387,172.31.40.0-255,66,199672,76,205476
30167,0.046551,172.217.194.0-255,5738,205410,76,205476
30168,0.048675,172.31.40.0-255,66,205476,76,205476
30169,0.0,74.125.24.0-255,152,152,76,234748
30170,1.5e-05,172.31.40.0-255,66,218,76,234748
30171,2.2e-05,74.125.24.0-255,1484,1702,76,234748
30172,2.6e-05,172.31.40.0-255,66,1768,76,234748
30173,3e-05,74.125.24.0-255,1484,3252,76,234748
30174,3.3e-05,172.31.40.0-255,66,3318,76,234748
30175,5.6e-05,74.125.24.0-255,1484,4802,76,234748
30176,5.9e-05,172.31.40.0-255,66,4868,76,234748
30177,6.8e-05,74.125.24.0-255,7156,12024,76,234748
30178,7.1e-05,172.31.40.0-255,66,12090,76,234748
30179,7.5e-05,74.125.24.0-255,2159,14249,76,234748
30180,7.7e-05,172.31.40.0-255,66,14315,76,234748
30181,0.000143,74.125.24.0-255,1484,15799,76,234748
30182,0.000147,172.31.40.0-255,66,15865,76,234748
30183,0.00015,74.125.24.0-255,1484,17349,76,234748
30184,0.000152,172.31.40.0-255,66,17415,76,234748
30185,0.000175,74.125.24.0-255,1484,18899,76,234748
30186,0.000178,172.31.40.0-255,66,18965,76,234748
30187,0.000185,74.125.24.0-255,5738,24703,76,234748
30188,0.000187,172.31.40.0-255,66,24769,76,234748
30189,0.000231,74.125.24.0-255,5738,30507,76,234748
30190,0.000235,172.31.40.0-255,66,30573,76,234748
30191,0.000252,74.125.24.0-255,1125,31698,76,234748
30192,0.000254,172.31.40.0-255,66,31764,76,234748
30193,0.000431,74.125.24.0-255,1484,33248,76,234748
30194,0.000436,172.31.40.0-255,66,33314,76,234748
30195,0.000442,74.125.24.0-255,2902,36216,76,234748
30196,0.000445,172.31.40.0-255,66,36282,76,234748
30197,0.000451,74.125.24.0-255,5738,42020,76,234748
30198,0.000454,172.31.40.0-255,66,42086,76,234748
30199,0.000475,74.125.24.0-255,2902,44988,76,234748
30200,0.000478,172.31.40.0-255,66,45054,76,234748
30201,0.000512,172.31.40.0-255,66,45120,76,234748
30202,0.000517,74.125.24.0-255,4320,49440,76,234748
30203,0.000519,172.31.40.0-255,66,49506,76,234748
30204,0.000539,74.125.24.0-255,5379,54885,76,234748
30205,0.000542,172.31.40.0-255,66,54951,76,234748
30206,0.000559,74.125.24.0-255,391,55342,76,234748
30207,0.000679,74.125.24.0-255,351,55693,76,234748
30208,0.001064,172.31.40.0-255,66,55759,76,234748
30209,0.001105,74.125.24.0-255,1484,57243,76,234748
30210,0.001125,74.125.24.0-255,2902,60145,76,234748
30211,0.001128,172.31.40.0-255,66,60211,76,234748
30212,0.001132,74.125.24.0-255,1484,61695,76,234748
30213,0.001149,74.125.24.0-255,4320,66015,76,234748
30214,0.001152,172.31.40.0-255,66,66081,76,234748
30215,0.001182,172.31.40.0-255,66,66147,76,234748
30216,0.001233,74.125.24.0-255,1484,67631,76,234748
30217,0.001263,172.31.40.0-255,66,67697,76,234748
30218,0.002657,74.125.24.0-255,1484,69181,76,234748
30219,0.002668,74.125.24.0-255,2902,72083,76,234748
30220,0.002673,172.31.40.0-255,66,72149,76,234748
30221,0.002681,74.125.24.0-255,5738,77887,76,234748
30222,0.002684,172.31.40.0-255,66,77953,76,234748
30223,0.00269,74.125.24.0-255,4320,82273,76,234748
30224,0.002692,172.31.40.0-255,66,82339,76,234748
30225,0.002722,172.31.40.0-255,66,82405,76,234748
30226,0.002725,74.125.24.0-255,1484,83889,76,234748
30227,0.002736,172.31.40.0-255,66,83955,76,234748
30228,0.003389,74.125.24.0-255,1484,85439,76,234748
30229,0.003402,74.125.24.0-255,2902,88341,76,234748
30230,0.003404,172.31.40.0-255,66,88407,76,234748
30231,0.003427,74.125.24.0-255,5738,94145,76,234748
30232,0.003429,172.31.40.0-255,66,94211,76,234748
30233,0.003435,74.125.24.0-255,4320,98531,76,234748
30234,0.003437,172.31.40.0-255,66,98597,76,234748
30235,0.003467,172.31.40.0-255,66,98663,76,234748
30236,0.00347,74.125.24.0-255,1484,100147,76,234748
30237,0.003473,74.125.24.0-255,1484,101631,76,234748
30238,0.003475,172.31.40.0-255,66,101697,76,234748
30239,0.00351,74.125.24.0-255,5738,107435,76,234748
30240,0.003512,172.31.40.0-255,66,107501,76,234748
30241,0.00353,74.125.24.0-255,2184,109685,76,234748
30242,0.003532,172.31.40.0-255,66,109751,76,234748
30243,0.00356,74.125.24.0-255,1484,111235,76,234748
30244,0.003572,74.125.24.0-255,2902,114137,76,234748
30245,0.003575,172.31.40.0-255,66,114203,76,234748
30246,0.003594,74.125.24.0-255,5738,119941,76,234748
30247,0.003597,172.31.40.0-255,66,120007,76,234748
30248,0.003601,74.125.24.0-255,2902,122909,76,234748
30249,0.003603,172.31.40.0-255,66,122975,76,234748
30250,0.003626,172.31.40.0-255,66,123041,76,234748
30251,0.003662,74.125.24.0-255,2902,125943,76,234748
30252,0.003665,172.31.40.0-255,66,126009,76,234748
30253,0.003687,172.31.40.0-255,66,126075,76,234748
30254,0.004536,74.125.24.0-255,1484,127559,76,234748
30255,0.004543,74.125.24.0-255,2902,130461,76,234748
30256,0.004547,172.31.40.0-255,66,130527,76,234748
30257,0.004572,74.125.24.0-255,5738,136265,76,234748
30258,0.004578,74.125.24.0-255,5738,142003,76,234748
30259,0.004582,172.31.40.0-255,66,142069,76,234748
30260,0.004585,172.31.40.0-255,66,142135,76,234748
30261,0.004596,74.125.24.0-255,1484,143619,76,234748
30262,0.004603,74.125.24.0-255,4320,147939,76,234748
30263,0.004605,172.31.40.0-255,66,148005,76,234748
30264,0.004639,172.31.40.0-255,66,148071,76,234748
30265,0.004644,74.125.24.0-255,2184,150255,76,234748
30266,0.004646,172.31.40.0-255,66,150321,76,234748
30267,0.005037,74.125.24.0-255,1484,151805,76,234748
30268,0.005042,74.125.24.0-255,2902,154707,76,234748
30269,0.005047,172.31.40.0-255,66,154773,76,234748
30270,0.005061,74.125.24.0-255,4320,159093,76,234748
30271,0.005063,172.31.40.0-255,66,159159,76,234748
30272,0.005077,74.125.24.0-255,1484,160643,76,234748
30273,0.005089,74.125.24.0-255,7156,167799,76,234748
30274,0.005092,172.31.40.0-255,66,167865,76,234748
30275,0.005148,172.31.40.0-255,66,167931,76,234748
30276,0.005151,74.125.24.0-255,2184,170115,76,234748
30277,0.005153,172.31.40.0-255,66,170181,76,234748
30278,0.005692,74.125.24.0-255,1484,171665,76,234748
30279,0.005699,74.125.24.0-255,2902,174567,76,234748
30280,0.005703,172.31.40.0-255,66,174633,76,234748
30281,0.005708,74.125.24.0-255,2902,177535,76,234748
30282,0.00571,172.31.40.0-255,66,177601,76,234748
30283,0.005727,74.125.24.0-255,2902,180503,76,234748
30284,0.005729,172.31.40.0-255,66,180569,76,234748
30285,0.005734,74.125.24.0-255,4320,184889,76,234748
30286,0.005736,172.31.40.0-255,66,184955,76,234748
30287,0.005769,172.31.40.0-255,66,185021,76,234748
30288,0.005779,172.31.40.0-255,66,185087,76,234748
30289,0.005839,172.31.40.0-255,66,185153,76,234748
30290,0.005844,74.125.24.0-255,4320,189473,76,234748
30291,0.005846,172.31.40.0-255,66,189539,76,234748
30292,0.005863,74.125.24.0-255,2902,192441,76,234748
30293,0.005865,172.31.40.0-255,66,192507,76,234748
30294,0.005882,74.125.24.0-255,4320,196827,76,234748
30295,0.005884,172.31.40.0-255,66,196893,76,234748
30296,0.005913,172.31.40.0-255,66,196959,76,234748
30297,0.005916,74.125.24.0-255,766,197725,76,234748
30298,0.005919,74.125.24.0-255,1484,199209,76,234748
30299,0.005921,172.31.40.0-255,66,199275,76,234748
30300,0.005925,74.125.24.0-255,2902,202177,76,234748
30301,0.005928,172.31.40.0-255,66,202243,76,234748
30302,0.005954,172.31.40.0-255,66,202309,76,234748
30303,0.005957,74.125.24.0-255,1484,203793,76,234748
30304,0.005992,74.125.24.0-255,7156,210949,76,234748
30305,0.005995,172.31.40.0-255,66,211015,76,234748
30306,0.005998,74.125.24.0-255,1484,212499,76,234748
30307,0.006009,172.31.40.0-255,66,212565,76,234748
30308,0.006012,74.125.24.0-255,766,213331,76,234748
30309,0.006026,74.125.24.0-255,1484,214815,76,234748
30310,0.006029,172.31.40.0-255,66,214881,76,234748
30311,0.006055,74.125.24.0-255,4320,219201,76,234748
30312,0.006058,172.31.40.0-255,66,219267,76,234748
30313,0.006064,74.125.24.0-255,5738,225005,76,234748
30314,0.006067,172.31.40.0-255,66,225071,76,234748
30315,0.00608,74.125.24.0-255,4320,229391,76,234748
30316,0.006082,172.31.40.0-255,66,229457,76,234748
30317,0.006085,74.125.24.0-255,1484,230941,76,234748
30318,0.006141,172.31.40.0-255,66,231007,76,234748
30319,0.006154,172.31.40.0-255,66,231073,76,234748
30320,0.006193,74.125.24.0-255,105,231178,76,234748
30321,0.013219,172.31.40.0-255,66,231244,76,234748
30322,0.01327,172.31.40.0-255,105,231349,76,234748
30323,0.015509,74.125.24.0-255,66,231415,76,234748
30324,0.030036,172.31.40.0-255,172,231587,76,234748
30325,0.030067,172.31.40.0-255,1104,232691,76,234748
30326,0.030127,172.31.40.0-255,1514,234205,76,234748
30327,0.030128,172.31.40.0-255,345,234550,76,234748
30328,0.031645,104.244.42.0-255,66,234616,76,234748
30329,0.031675,104.244.42.0-255,66,234682,76,234748
30330,0.031724,104.244.42.0-255,66,234748,76,234748
30331,0.0,74.125.68.0-255,153,153,76,240431
30332,3e-05,172.31.40.0-255,66,219,76,240431
30333,3.8e-05,74.125.68.0-255,1484,1703,76,240431
30334,4.3e-05,172.31.40.0-255,66,1769,76,240431
30335,5.8e-05,74.125.68.0-255,2902,4671,76,240431
30336,6.2e-05,172.31.40.0-255,66,4737,76,240431
30337,6.9e-05,74.125.68.0-255,5738,10475,76,240431
30338,7.1e-05,172.31.40.0-255,66,10541,76,240431
30339,7.8e-05,74.125.68.0-255,4974,15515,76,240431
30340,8.1e-05,172.31.40.0-255,66,15581,76,240431
30341,8.7e-05,74.125.68.0-255,5738,21319,76,240431
30342,9.1e-05,172.31.40.0-255,66,21385,76,240431
30343,0.000112,74.125.68.0-255,2902,24287,76,240431
30344,0.000119,172.31.40.0-255,66,24353,76,240431
30345,0.000151,74.125.68.0-255,2902,27255,76,240431
30346,0.000154,172.31.40.0-255,66,27321,76,240431
30347,0.000173,74.125.68.0-255,3961,31282,76,240431
30348,0.000176,172.31.40.0-255,66,31348,76,240431
30349,0.000847,74.125.68.0-255,1484,32832,76,240431
30350,0.000854,172.31.40.0-255,66,32898,76,240431
30351,0.00086,74.125.68.0-255,2902,35800,76,240431
30352,0.000863,172.31.40.0-255,66,35866,76,240431
30353,0.00087,74.125.68.0-255,5738,41604,76,240431
30354,0.000878,172.31.40.0-255,66,41670,76,240431
30355,0.000883,74.125.68.0-255,2902,44572,76,240431
30356,0.000885,172.31.40.0-255,66,44638,76,240431
30357,0.000892,74.125.68.0-255,3961,48599,76,240431
30358,0.000893,172.31.40.0-255,66,48665,76,240431
30359,0.000926,74.125.68.0-255,1484,50149,76,240431
30360,0.000929,172.31.40.0-255,66,50215,76,240431
30361,0.000967,74.125.68.0-255,4320,54535,76,240431
30362,0.00097,172.31.40.0-255,66,54601,76,240431
30363,0.000978,74.125.68.0-255,7156,61757,76,240431
30364,0.000983,74.125.68.0-255,4233,65990,76,240431
30365,0.000988,172.31.40.0-255,66,66056,76,240431
30366,0.001334,74.125.68.0-255,127,66183,76,240431
30367,0.001359,172.31.40.0-255,66,66249,76,240431
30368,0.001674,74.125.68.0-255,1484,67733,76,240431
30369,0.001694,74.125.68.0-255,2902,70635,76,240431
30370,0.001697,74.125.68.0-255,1484,72119,76,240431
30371,0.001713,74.125.68.0-255,4320,76439,76,240431
30372,0.001718,172.31.40.0-255,66,76505,76,240431
30373,0.001738,74.125.68.0-255,2902,79407,76,240431
30374,0.001777,74.125.68.0-255,4320,83727,76,240431
30375,0.001788,74.125.68.0-255,2902,86629,76,240431
30376,0.001797,172.31.40.0-255,66,86695,76,240431
30377,0.001815,74.125.68.0-255,4320,91015,76,240431
30378,0.001831,172.31.40.0-255,66,91081,76,240431
30379,0.001834,74.125.68.0-255,766,91847,76,240431
30380,0.002051,172.31.40.0-255,66,91913,76,240431
30381,0.00208,74.125.68.0-255,1484,93397,76,240431
30382,0.002095,74.125.68.0-255,1484,94881,76,240431
30383,0.002113,74.125.68.0-255,2902,97783,76,240431
30384,0.002117,74.125.68.0-255,2902,100685,76,240431
30385,0.002128,172.31.40.0-255,66,100751,76,240431
30386,0.002137,74.125.68.0-255,2902,103653,76,240431
30387,0.002141,172.31.40.0-255,66,103719,76,240431
30388,0.002163,74.125.68.0-255,5738,109457,76,240431
30389,0.002191,172.31.40.0-255,66,109523,76,240431
30390,0.002211,74.125.68.0-255,2902,112425,76,240431
30391,0.002216,74.125.68.0-255,4320,116745,76,240431
30392,0.00223,172.31.40.0-255,66,116811,76,240431
30393,0.002263,74.125.68.0-255,766,117577,76,240431
30394,0.002266,74.125.68.0-255,1484,119061,76,240431
30395,0.002285,172.31.40.0-255,66,119127,76,240431
30396,0.002294,74.125.68.0-255,2902,122029,76,240431
30397,0.00233,74.125.68.0-255,4320,126349,76,240431
30398,0.002333,172.31.40.0-255,66,126415,76,240431
30399,0.002338,172.31.40.0-255,66,126481,76,240431
30400,0.002352,74.125.68.0-255,4320,130801,76,240431
30401,0.00238,74.125.68.0-255,5738,136539,76,240431
30402,0.002388,172.31.40.0-255,66,136605,76,240431
30403,0.002395,74.125.68.0-255,1484,138089,76,240431
30404,0.002414,74.125.68.0-255,2902,140991,76,240431
30405,0.002428,172.31.40.0-255,66,141057,76,240431
30406,0.002462,74.125.68.0-255,2902,143959,76,240431
30407,0.002468,172.31.40.0-255,66,144025,76,240431
30408,0.002498,74.125.68.0-255,1484,145509,76,240431
30409,0.004901,74.125.68.0-255,1484,146993,76,240431
30410,0.004906,172.31.40.0-255,66,147059,76,240431
30411,0.004931,74.125.68.0-255,2902,149961,76,240431
30412,0.00496,172.31.40.0-255,66,150027,76,240431
30413,0.007403,74.125.68.0-255,2902,152929,76,240431
30414,0.00741,172.31.40.0-255,66,152995,76,240431
30415,0.007447,74.125.68.0-255,2902,155897,76,240431
30416,0.007474,172.31.40.0-255,66,155963,76,240431
30417,0.009896,74.125.68.0-255,2902,158865,76,240431
30418,0.009909,172.31.40.0-255,66,158931,76,240431
30419,0.009942,74.125.68.0-255,2902,161833,76,240431
30420,0.010144,172.31.40.0-255,66,161899,76,240431
30421,0.012407,74.125.68.0-255,2902,164801,76,240431
30422,0.012617,74.125.68.0-255,2902,167703,76,240431
30423,0.015754,172.31.40.0-255,66,167769,76,240431
30424,0.018259,74.125.68.0-255,5738,173507,76,240431
30425,0.018273,172.31.40.0-255,66,173573,76,240431
30426,0.020746,74.125.68.0-255,5738,179311,76,240431
30427,0.020752,172.31.40.0-255,66,179377,76,240431
30428,0.023253,74.125.68.0-255,5738,185115,76,240431
30429,0.02327,172.31.40.0-255,66,185181,76,240431
30430,0.025783,74.125.68.0-255,5738,190919,76,240431
30431,0.025792,172.31.40.0-255,66,190985,76,240431
30432,0.028295,74.125.68.0-255,5738,196723,76,240431
30433,0.028302,172.31.40.0-255,66,196789,76,240431
30434,0.029168,172.31.40.0-255,172,196961,76,240431
30435,0.029218,172.31.40.0-255,1110,198071,76,240431
30436,0.029292,172.31.40.0-255,1514,199585,76,240431
30437,0.029294,172.31.40.0-255,1306,200891,76,240431
30438,0.030756,104.244.42.0-255,66,200957,76,240431
30439,0.030776,74.125.68.0-255,1484,202441,76,240431
30440,0.030798,74.125.68.0-255,4320,206761,76,240431
30441,0.030804,172.31.40.0-255,66,206827,76,240431
30442,0.030832,104.244.42.0-255,66,206893,76,240431
30443,0.030855,104.244.42.0-255,66,206959,76,240431
30444,0.033284,74.125.68.0-255,5738,212697,76,240431
30445,0.033292,172.31.40.0-255,66,212763,76,240431
30446,0.035766,74.125.68.0-255,4320,217083,76,240431
30447,0.035772,172.31.40.0-255,66,217149,76,240431
30448,0.035806,74.125.68.0-255,1484,218633,76,240431
30449,0.038246,74.125.68.0-255,4320,222953,76,240431
30450,0.038252,172.31.40.0-255,66,223019,76,240431
30451,0.04073,74.125.68.0-255,5738,228757,76,240431
30452,0.040783,172.31.40.0-255,66,228823,76,240431
30453,0.043268,74.125.68.0-255,5738,234561,76,240431
30454,0.043275,172.31.40.0-255,66,234627,76,240431
30455,0.045765,74.125.68.0-255,5738,240365,76,240431
30456,0.048761,172.31.40.0-255,66,240431,76,240431
30457,0.0,172.217.194.0-255,152,152,76,306674
30458,2.4e-05,172.31.40.0-255,66,218,76,306674
30459,3e-05,172.217.194.0-255,1484,1702,76,306674
30460,3.5e-05,172.31.40.0-255,66,1768,76,306674
30461,4e-05,172.217.194.0-255,2902,4670,76,306674
30462,4.3e-05,172.31.40.0-255,66,4736,76,306674
30463,5.1e-05,172.217.194.0-255,7156,11892,76,306674
30464,5.4e-05,172.31.40.0-255,66,11958,76,306674
30465,8.9e-05,172.217.194.0-255,2038,13996,76,306674
30466,9.1e-05,172.31.40.0-255,66,14062,76,306674
30467,0.000184,172.217.194.0-255,1484,15546,76,306674
30468,0.000188,172.31.40.0-255,66,15612,76,306674
30469,0.000193,172.217.194.0-255,2902,18514,76,306674
30470,0.000195,172.31.40.0-255,66,18580,76,306674
30471,0.000216,172.217.194.0-255,4320,22900,76,306674
30472,0.000219,172.31.40.0-255,66,22966,76,306674
30473,0.00024,172.217.194.0-255,1484,24450,76,306674
30474,0.000242,172.31.40.0-255,66,24516,76,306674
30475,0.000247,172.217.194.0-255,2902,27418,76,306674
30476,0.000249,172.31.40.0-255,66,27484,76,306674
30477,0.000264,172.217.194.0-255,3961,31445,76,306674
30478,0.000266,172.31.40.0-255,66,31511,76,306674
30479,0.000354,172.217.194.0-255,1484,32995,76,306674
30480,0.000357,172.31.40.0-255,66,33061,76,306674
30481,0.000363,172.217.194.0-255,2902,35963,76,306674
30482,0.000365,172.31.40.0-255,66,36029,76,306674
30483,0.000371,172.217.194.0-255,5738,41767,76,306674
30484,0.000373,172.31.40.0-255,66,41833,76,306674
30485,0.000397,172.217.194.0-255,1484,43317,76,306674
30486,0.000399,172.31.40.0-255,66,43383,76,306674
30487,0.000419,172.217.194.0-255,2902,46285,76,306674
30488,0.000422,172.31.40.0-255,66,46351,76,306674
30489,0.000445,172.217.194.0-255,2543,48894,76,306674
30490,0.000447,172.31.40.0-255,66,48960,76,306674
30491,0.000453,172.217.194.0-255,4320,53280,76,306674
30492,0.000455,172.31.40.0-255,66,53346,76,306674
30493,0.000459,172.217.194.0-255,2902,56248,76,306674
30494,0.000462,172.31.40.0-255,66,56314,76,306674
30495,0.000482,172.217.194.0-255,2902,59216,76,306674
30496,0.000484,172.31.40.0-255,66,59282,76,306674
30497,0.000501,172.217.194.0-255,2902,62184,76,306674
30498,0.000503,172.31.40.0-255,66,62250,76,306674
30499,0.000524,172.217.194.0-255,4235,66485,76,306674
30500,0.000526,172.31.40.0-255,66,66551,76,306674
30501,0.000529,172.217.194.0-255,433,66984,76,306674
30502,0.00066,172.217.194.0-255,1484,68468,76,306674
30503,0.000665,172.31.40.0-255,66,68534,76,306674
30504,0.000672,172.217.194.0-255,2902,71436,76,306674
30505,0.000674,172.31.40.0-255,66,71502,76,306674
30506,0.00068,172.217.194.0-255,4320,75822,76,306674
30507,0.000682,172.31.40.0-255,66,75888,76,306674
30508,0.000703,172.217.194.0-255,1484,77372,76,306674
30509,0.000709,172.217.194.0-255,4320,81692,76,306674
30510,0.000712,172.31.40.0-255,66,81758,76,306674
30511,0.000727,172.217.194.0-255,2543,84301,76,306674
30512,0.000729,172.31.40.0-255,66,84367,76,306674
30513,0.000767,172.217.194.0-255,1484,85851,76,306674
30514,0.000773,172.217.194.0-255,2902,88753,76,306674
30515,0.000775,172.31.40.0-255,66,88819,76,306674
30516,0.000782,172.217.194.0-255,5738,94557,76,306674
30517,0.000784,172.31.40.0-255,66,94623,76,306674
30518,0.00083,172.217.194.0-255,6797,101420,76,306674
30519,0.000833,172.31.40.0-255,66,101486,76,306674
30520,0.001144,172.217.194.0-255,1484,102970,76,306674
30521,0.001148,172.217.194.0-255,1484,104454,76,306674
30522,0.001155,172.31.40.0-255,66,104520,76,306674
30523,0.001174,172.217.194.0-255,1484,106004,76,306674
30524,0.001181,172.217.194.0-255,5738,111742,76,306674
30525,0.001184,172.31.40.0-255,66,111808,76,306674
30526,0.001187,172.217.194.0-255,1484,113292,76,306674
30527,0.001222,172.31.40.0-255,66,113358,76,306674
30528,0.001234,172.31.40.0-255,66,113424,76,306674
30529,0.001628,172.217.194.0-255,1484,114908,76,306674
30530,0.001634,172.217.194.0-255,2902,117810,76,306674
30531,0.001638,172.31.40.0-255,66,117876,76,306674
30532,0.001642,172.217.194.0-255,1484,119360,76,306674
30533,0.001658,172.217.194.0-255,4320,123680,76,306674
30534,0.00166,172.31.40.0-255,66,123746,76,306674
30535,0.001664,172.217.194.0-255,1484,125230,76,306674
30536,0.001693,172.217.194.0-255,7156,132386,76,306674
30537,0.001697,172.31.40.0-255,66,132452,76,306674
30538,0.001709,172.31.40.0-255,66,132518,76,306674
30539,0.001726,172.217.194.0-255,5020,137538,76,306674
30540,0.001729,172.31.40.0-255,66,137604,76,306674
30541,0.001769,172.217.194.0-255,2902,140506,76,306674
30542,0.001772,172.31.40.0-255,66,140572,76,306674
30543,0.001793,172.217.194.0-255,2902,143474,76,306674
30544,0.001796,172.31.40.0-255,66,143540,76,306674
30545,0.001807,172.31.40.0-255,66,143606,76,306674
30546,0.001811,172.217.194.0-255,1484,145090,76,306674
30547,0.001852,172.31.40.0-255,66,145156,76,306674
30548,0.001855,172.217.194.0-255,766,145922,76,306674
30549,0.002163,172.217.194.0-255,1484,147406,76,306674
30550,0.002167,172.31.40.0-255,66,147472,76,306674
30551,0.002172,172.217.194.0-255,2902,150374,76,306674
30552,0.002174,172.31.40.0-255,66,150440,76,306674
30553,0.00221,172.217.194.0-255,5738,156178,76,306674
30554,0.002213,172.31.40.0-255,66,156244,76,306674
30555,0.002219,172.217.194.0-255,5738,161982,76,306674
30556,0.002221,172.31.40.0-255,66,162048,76,306674
30557,0.002239,172.217.194.0-255,7156,169204,76,306674
30558,0.002241,172.31.40.0-255,66,169270,76,306674
30559,0.002251,172.31.40.0-255,66,169336,76,306674
30560,0.002266,172.217.194.0-255,2184,171520,76,306674
30561,0.00227,172.31.40.0-255,66,171586,76,306674
30562,0.002306,172.217.194.0-255,1484,173070,76,306674
30563,0.002309,172.217.194.0-255,1484,174554,76,306674
30564,0.002312,172.31.40.0-255,66,174620,76,306674
30565,0.002332,172.217.194.0-255,1484,176104,76,306674
30566,0.002338,172.217.194.0-255,5738,181842,76,306674
30567,0.002349,172.217.194.0-255,5738,187580,76,306674
30568,0.002368,172.217.194.0-255,7156,194736,76,306674
30569,0.002385,172.217.194.0-255,2902,197638,76,306674
30570,0.006954,172.31.40.0-255,66,197704,76,306674
30571,0.00696,172.31.40.0-255,66,197770,76,306674
30572,0.006962,172.31.40.0-255,66,197836,76,306674
30573,0.006965,172.31.40.0-255,66,197902,76,306674
30574,0.009317,172.217.194.0-255,5738,203640,76,306674
30575,0.009324,172.31.40.0-255,66,203706,76,306674
30576,0.011654,172.217.194.0-255,5738,209444,76,306674
30577,0.011661,172.31.40.0-255,66,209510,76,306674
30578,0.014021,172.217.194.0-255,5738,215248,76,306674
30579,0.01403,172.31.40.0-255,66,215314,76,306674
30580,0.016368,172.217.194.0-255,5738,221052,76,306674
30581,0.016379,172.31.40.0-255,66,221118,76,306674
30582,0.018701,172.217.194.0-255,5738,226856,76,306674
30583,0.018709,172.31.40.0-255,66,226922,76,306674
30584,0.021083,172.217.194.0-255,5738,232660,76,306674
30585,0.021101,172.31.40.0-255,66,232726,76,306674
30586,0.023428,172.217.194.0-255,5738,238464,76,306674
30587,0.023436,172.31.40.0-255,66,238530,76,306674
30588,0.025797,172.217.194.0-255,5738,244268,76,306674
30589,0.025805,172.31.40.0-255,66,244334,76,306674
30590,0.02814,172.217.194.0-255,5738,250072,76,306674
30591,0.028148,172.31.40.0-255,66,250138,76,306674
30592,0.030501,172.217.194.0-255,5738,255876,76,306674
30593,0.030513,172.31.40.0-255,66,255942,76,306674
30594,0.03283,172.217.194.0-255,5738,261680,76,306674
30595,0.032839,172.31.40.0-255,66,261746,76,306674
30596,0.03519,172.217.194.0-255,5738,267484,76,306674
30597,0.035207,172.31.40.0-255,66,267550,76,306674
30598,0.037542,172.217.194.0-255,5738,273288,76,306674
30599,0.037549,172.31.40.0-255,66,273354,76,306674
30600,0.039099,172.31.40.0-255,172,273526,76,306674
30601,0.039131,172.31.40.0-255,1108,274634,76,306674
30602,0.039191,172.31.40.0-255,1514,276148,76,306674
30603,0.039193,172.31.40.0-255,1308,277456,76,306674
30604,0.039883,172.217.194.0-255,5738,283194,76,306674
30605,0.039891,172.31.40.0-255,66,283260,76,306674
30606,0.040645,104.244.42.0-255,66,283326,76,306674
30607,0.040702,104.244.42.0-255,66,283392,76,306674
30608,0.040749,104.244.42.0-255,66,283458,76,306674
30609,0.042241,172.217.194.0-255,5738,289196,76,306674
30610,0.042257,172.31.40.0-255,66,289262,76,306674
30611,0.044618,172.217.194.0-255,5738,295000,76,306674
30612,0.044635,172.31.40.0-255,66,295066,76,306674
30613,0.046984,172.217.194.0-255,5738,300804,76,306674
30614,0.046991,172.31.40.0-255,66,300870,76,306674
30615,0.049323,172.217.194.0-255,5738,306608,76,306674
30616,0.04934,172.31.40.0-255,66,306674,76,306674
30617,0.0,172.217.194.0-255,153,153,76,184585
30618,1.6e-05,172.31.40.0-255,66,219,76,184585
30619,2.2e-05,172.217.194.0-255,1484,1703,76,184585
30620,2.6e-05,172.31.40.0-255,66,1769,76,184585
30621,3.1e-05,172.217.194.0-255,2902,4671,76,184585
30622,3.4e-05,172.31.40.0-255,66,4737,76,184585
30623,5.1e-05,172.217.194.0-255,2902,7639,76,184585
30624,5.3e-05,172.31.40.0-255,66,7705,76,184585
30625,7.6e-05,172.217.194.0-255,2902,10607,76,184585
30626,7.8e-05,172.31.40.0-255,66,10673,76,184585
30627,0.000135,172.31.40.0-255,66,10739,76,184585
30628,0.000152,172.217.194.0-255,513,11252,76,184585
30629,0.000154,172.31.40.0-255,66,11318,76,184585
30630,0.000256,172.217.194.0-255,5738,17056,76,184585
30631,0.00026,172.31.40.0-255,66,17122,76,184585
30632,0.000277,172.217.194.0-255,1484,18606,76,184585
30633,0.000279,172.31.40.0-255,66,18672,76,184585
30634,0.000337,172.217.194.0-255,2543,21215,76,184585
30635,0.000341,172.31.40.0-255,66,21281,76,184585
30636,0.000366,172.217.194.0-255,1484,22765,76,184585
30637,0.000368,172.31.40.0-255,66,22831,76,184585
30638,0.000393,172.31.40.0-255,66,22897,76,184585
30639,0.000542,172.31.40.0-255,66,22963,76,184585
30640,0.000569,172.31.40.0-255,66,23029,76,184585
30641,0.000807,172.31.40.0-255,66,23095,76,184585
30642,0.000843,172.31.40.0-255,66,23161,76,184585
30643,0.001098,172.31.40.0-255,66,23227,76,184585
30644,0.001219,172.217.194.0-255,7156,30383,76,184585
30645,0.001223,172.31.40.0-255,66,30449,76,184585
30646,0.001243,172.217.194.0-255,4320,34769,76,184585
30647,0.001277,172.31.40.0-255,66,34835,76,184585
30648,0.001359,172.217.194.0-255,7156,41991,76,184585
30649,0.001365,172.31.40.0-255,66,42057,76,184585
30650,0.001387,172.31.40.0-255,66,42123,76,184585
30651,0.001642,172.217.194.0-255,7156,49279,76,184585
30652,0.001646,172.31.40.0-255,66,49345,76,184585
30653,0.001668,172.217.194.0-255,5738,55083,76,184585
30654,0.001671,172.31.40.0-255,66,55149,76,184585
30655,0.001796,172.217.194.0-255,7156,62305,76,184585
30656,0.0018,172.31.40.0-255,66,62371,76,184585
30657,0.001858,172.31.40.0-255,66,62437,76,184585
30658,0.002254,172.217.194.0-255,5738,68175,76,184585
30659,0.002258,172.31.40.0-255,66,68241,76,184585
30660,0.002327,172.31.40.0-255,66,68307,76,184585
30661,0.002383,172.31.40.0-255,66,68373,76,184585
30662,0.002937,172.31.40.0-255,66,68439,76,184585
30663,0.002991,172.31.40.0-255,66,68505,76,184585
30664,0.005282,172.217.194.0-255,5738,74243,76,184585
30665,0.005289,172.31.40.0-255,66,74309,76,184585
30666,0.007573,172.217.194.0-255,5738,80047,76,184585
30667,0.00759,172.31.40.0-255,66,80113,76,184585
30668,0.009875,172.217.194.0-255,5738,85851,76,184585
30669,0.009888,172.31.40.0-255,66,85917,76,184585
30670,0.01218,172.217.194.0-255,5738,91655,76,184585
30671,0.012196,172.31.40.0-255,66,91721,76,184585
30672,0.014458,172.217.194.0-255,5738,97459,76,184585
30673,0.014468,172.31.40.0-255,66,97525,76,184585
30674,0.016751,172.217.194.0-255,5738,103263,76,184585
30675,0.016758,172.31.40.0-255,66,103329,76,184585
30676,0.019083,172.217.194.0-255,5738,109067,76,184585
30677,0.019101,172.31.40.0-255,66,109133,76,184585
30678,0.021385,172.217.194.0-255,5738,114871,76,184585
30679,0.021393,172.31.40.0-255,66,114937,76,184585
30680,0.023676,172.217.194.0-255,5738,120675,76,184585
30681,0.023684,172.31.40.0-255,66,120741,76,184585
30682,0.02596,172.217.194.0-255,5738,126479,76,184585
30683,0.025969,172.31.40.0-255,66,126545,76,184585
30684,0.028266,172.217.194.0-255,5738,132283,76,184585
30685,0.028275,172.31.40.0-255,66,132349,76,184585
30686,0.030569,172.217.194.0-255,5738,138087,76,184585
30687,0.030587,172.31.40.0-255,66,138153,76,184585
30688,0.032874,172.217.194.0-255,5738,143891,76,184585
30689,0.032883,172.31.40.0-255,66,143957,76,184585
30690,0.035186,172.217.194.0-255,5738,149695,76,184585
30691,0.035195,172.31.40.0-255,66,149761,76,184585
30692,0.037476,172.217.194.0-255,5738,155499,76,184585
30693,0.037488,172.31.40.0-255,66,155565,76,184585
30694,0.039816,172.217.194.0-255,5738,161303,76,184585
30695,0.039831,172.31.40.0-255,66,161369,76,184585
30696,0.042106,172.217.194.0-255,5738,167107,76,184585
30697,0.042114,172.31.40.0-255,66,167173,76,184585
30698,0.044391,172.217.194.0-255,5738,172911,76,184585
30699,0.044398,172.31.40.0-255,66,172977,76,184585
30700,0.0467,172.217.194.0-255,5738,178715,76,184585
30701,0.046719,172.31.40.0-255,66,178781,76,184585
30702,0.048995,172.217.194.0-255,5738,184519,76,184585
30703,0.049002,172.31.40.0-255,66,184585,76,184585
30704,0.0,74.125.24.0-255,153,153,76,215338
30705,2.1e-05,172.31.40.0-255,66,219,76,215338
30706,2.9e-05,74.125.24.0-255,1484,1703,76,215338
30707,3.4e-05,172.31.40.0-255,66,1769,76,215338
30708,3.9e-05,74.125.24.0-255,2902,4671,76,215338
30709,5e-05,172.31.40.0-255,66,4737,76,215338
30710,5.6e-05,74.125.24.0-255,5738,10475,76,215338
30711,6e-05,172.31.40.0-255,66,10541,76,215338
30712,6.3e-05,74.125.24.0-255,1484,12025,76,215338
30713,6.5e-05,172.31.40.0-255,66,12091,76,215338
30714,9.7e-05,74.125.24.0-255,2003,14094,76,215338
30715,0.000106,172.31.40.0-255,66,14160,76,215338
30716,0.000226,74.125.24.0-255,1484,15644,76,215338
30717,0.000231,172.31.40.0-255,66,15710,76,215338
30718,0.000236,74.125.24.0-255,2902,18612,76,215338
30719,0.000239,172.31.40.0-255,66,18678,76,215338
30720,0.000242,74.125.24.0-255,1484,20162,76,215338
30721,0.000251,172.31.40.0-255,66,20228,76,215338
30722,0.000284,74.125.24.0-255,4320,24548,76,215338
30723,0.000287,172.31.40.0-255,66,24614,76,215338
30724,0.000295,74.125.24.0-255,6797,31411,76,215338
30725,0.000297,172.31.40.0-255,66,31477,76,215338
30726,0.000476,74.125.24.0-255,1484,32961,76,215338
30727,0.00048,172.31.40.0-255,66,33027,76,215338
30728,0.000487,74.125.24.0-255,2902,35929,76,215338
30729,0.000489,172.31.40.0-255,66,35995,76,215338
30730,0.000493,74.125.24.0-255,2902,38897,76,215338
30731,0.0005,172.31.40.0-255,66,38963,76,215338
30732,0.000523,74.125.24.0-255,2902,41865,76,215338
30733,0.00053,172.31.40.0-255,66,41931,76,215338
30734,0.000539,74.125.24.0-255,6797,48728,76,215338
30735,0.000541,172.31.40.0-255,66,48794,76,215338
30736,0.000569,74.125.24.0-255,1484,50278,76,215338
30737,0.000599,74.125.24.0-255,2902,53180,76,215338
30738,0.000603,172.31.40.0-255,66,53246,76,215338
30739,0.000609,74.125.24.0-255,5738,58984,76,215338
30740,0.000612,172.31.40.0-255,66,59050,76,215338
30741,0.000659,74.125.24.0-255,6797,65847,76,215338
30742,0.000665,172.31.40.0-255,66,65913,76,215338
30743,0.001344,74.125.24.0-255,646,66559,76,215338
30744,0.002018,74.125.24.0-255,1484,68043,76,215338
30745,0.002025,172.31.40.0-255,66,68109,76,215338
30746,0.002032,74.125.24.0-255,2902,71011,76,215338
30747,0.002035,172.31.40.0-255,66,71077,76,215338
30748,0.002048,74.125.24.0-255,5738,76815,76,215338
30749,0.00205,172.31.40.0-255,66,76881,76,215338
30750,0.002063,172.31.40.0-255,66,76947,76,215338
30751,0.002104,74.125.24.0-255,2902,79849,76,215338
30752,0.002106,172.31.40.0-255,66,79915,76,215338
30753,0.002124,172.31.40.0-255,66,79981,76,215338
30754,0.00418,74.125.24.0-255,5738,85719,76,215338
30755,0.004185,172.31.40.0-255,66,85785,76,215338
30756,0.006232,74.125.24.0-255,5738,91523,76,215338
30757,0.006236,172.31.40.0-255,66,91589,76,215338
30758,0.008304,74.125.24.0-255,5738,97327,76,215338
30759,0.008311,172.31.40.0-255,66,97393,76,215338
30760,0.010365,74.125.24.0-255,5738,103131,76,215338
30761,0.010372,172.31.40.0-255,66,103197,76,215338
30762,0.012427,74.125.24.0-255,5738,108935,76,215338
30763,0.012434,172.31.40.0-255,66,109001,76,215338
30764,0.014516,74.125.24.0-255,5738,114739,76,215338
30765,0.014524,172.31.40.0-255,66,114805,76,215338
30766,0.01658,74.125.24.0-255,5738,120543,76,215338
30767,0.016589,172.31.40.0-255,66,120609,76,215338
30768,0.018664,74.125.24.0-255,5738,126347,76,215338
30769,0.018672,172.31.40.0-255,66,126413,76,215338
30770,0.020722,74.125.24.0-255,5738,132151,76,215338
30771,0.02073,172.31.40.0-255,66,132217,76,215338
30772,0.022806,74.125.24.0-255,5738,137955,76,215338
30773,0.022814,172.31.40.0-255,66,138021,76,215338
30774,0.02488,74.125.24.0-255,5738,143759,76,215338
30775,0.024887,172.31.40.0-255,66,143825,76,215338
30776,0.026947,74.125.24.0-255,4320,148145,76,215338
30777,0.026954,172.31.40.0-255,66,148211,76,215338
30778,0.026985,74.125.24.0-255,1484,149695,76,215338
30779,0.027649,172.31.40.0-255,267,149962,76,215338
30780,0.027675,172.31.40.0-255,1109,151071,76,215338
30781,0.027724,172.31.40.0-255,1514,152585,76,215338
30782,0.027726,172.31.40.0-255,1307,153892,76,215338
30783,0.029003,74.125.24.0-255,2902,156794,76,215338
30784,0.029009,172.31.40.0-255,66,156860,76,215338
30785,0.029028,74.125.24.0-255,1484,158344,76,215338
30786,0.029192,104.244.42.0-255,66,158410,76,215338
30787,0.029226,104.244.42.0-255,66,158476,76,215338
30788,0.029279,104.244.42.0-255,66,158542,76,215338
30789,0.030024,104.244.42.0-255,108,158650,76,215338
30790,0.030033,172.31.40.0-255,66,158716,76,215338
30791,0.031081,74.125.24.0-255,4320,163036,76,215338
30792,0.031086,172.31.40.0-255,66,163102,76,215338
30793,0.033179,74.125.24.0-255,5738,168840,76,215338
30794,0.033186,172.31.40.0-255,66,168906,76,215338
30795,0.035242,74.125.24.0-255,5738,174644,76,215338
30796,0.035249,172.31.40.0-255,66,174710,76,215338
30797,0.03732,74.125.24.0-255,5738,180448,76,215338
30798,0.037327,172.31.40.0-255,66,180514,76,215338
30799,0.039394,74.125.24.0-255,5738,186252,76,215338
30800,0.0394,172.31.40.0-255,66,186318,76,215338
30801,0.041519,74.125.24.0-255,5738,192056,76,215338
30802,0.041526,172.31.40.0-255,66,192122,76,215338
30803,0.043608,74.125.24.0-255,5738,197860,76,215338
30804,0.043615,172.31.40.0-255,66,197926,76,215338
30805,0.045699,74.125.24.0-255,5738,203664,76,215338
30806,0.045705,172.31.40.0-255,66,203730,76,215338
30807,0.047789,74.125.24.0-255,5738,209468,76,215338
30808,0.047796,172.31.40.0-255,66,209534,76,215338
30809,0.049853,74.125.24.0-255,5738,215272,76,215338
30810,0.04986,172.31.40.0-255,66,215338,76,215338
30811,0.0,74.125.200.0-255,152,152,76,245409
30812,2.4e-05,172.31.40.0-255,66,218,76,245409
30813,3.1e-05,74.125.200.0-255,1484,1702,76,245409
30814,3.6e-05,172.31.40.0-255,66,1768,76,245409
30815,4.1e-05,74.125.200.0-255,2902,4670,76,245409
30816,4.4e-05,172.31.40.0-255,66,4736,76,245409
30817,5.2e-05,74.125.200.0-255,7156,11892,76,245409
30818,5.5e-05,172.31.40.0-255,66,11958,76,245409
30819,6e-05,74.125.200.0-255,3459,15417,76,245409
30820,6.3e-05,172.31.40.0-255,66,15483,76,245409
30821,6.8e-05,74.125.200.0-255,2902,18385,76,245409
30822,7.1e-05,172.31.40.0-255,66,18451,76,245409
30823,9.3e-05,74.125.200.0-255,1484,19935,76,245409
30824,9.5e-05,172.31.40.0-255,66,20001,76,245409
30825,0.000103,74.125.200.0-255,7156,27157,76,245409
30826,0.000105,172.31.40.0-255,66,27223,76,245409
30827,0.000124,74.125.200.0-255,2902,30125,76,245409
30828,0.000127,172.31.40.0-255,66,30191,76,245409
30829,0.000146,74.125.200.0-255,1125,31316,76,245409
30830,0.000148,172.31.40.0-255,66,31382,76,245409
30831,0.000153,74.125.200.0-255,2902,34284,76,245409
30832,0.000155,172.31.40.0-255,66,34350,76,245409
30833,0.000182,74.125.200.0-255,5738,40088,76,245409
30834,0.000185,172.31.40.0-255,66,40154,76,245409
30835,0.000199,74.125.200.0-255,2902,43056,76,245409
30836,0.000201,172.31.40.0-255,66,43122,76,245409
30837,0.000241,74.125.200.0-255,5379,48501,76,245409
30838,0.000244,172.31.40.0-255,66,48567,76,245409
30839,0.000547,74.125.200.0-255,1484,50051,76,245409
30840,0.000553,172.31.40.0-255,66,50117,76,245409
30841,0.000559,74.125.200.0-255,2902,53019,76,245409
30842,0.000562,172.31.40.0-255,66,53085,76,245409
30843,0.000566,74.125.200.0-255,1484,54569,76,245409
30844,0.000584,74.125.200.0-255,2902,57471,76,245409
30845,0.000587,172.31.40.0-255,66,57537,76,245409
30846,0.000607,74.125.200.0-255,1484,59021,76,245409
30847,0.000628,74.125.200.0-255,5738,64759,76,245409
30848,0.000631,172.31.40.0-255,66,64825,76,245409
30849,0.000647,74.125.200.0-255,1125,65950,76,245409
30850,0.000717,74.125.200.0-255,1484,67434,76,245409
30851,0.00072,172.31.40.0-255,66,67500,76,245409
30852,0.000739,74.125.200.0-255,1484,68984,76,245409
30853,0.00075,74.125.200.0-255,1484,70468,76,245409
30854,0.000753,172.31.40.0-255,66,70534,76,245409
30855,0.000758,74.125.200.0-255,2902,73436,76,245409
30856,0.000761,172.31.40.0-255,66,73502,76,245409
30857,0.000765,74.125.200.0-255,2902,76404,76,245409
30858,0.000767,172.31.40.0-255,66,76470,76,245409
30859,0.000787,74.125.200.0-255,1484,77954,76,245409
30860,0.000814,74.125.200.0-255,5379,83333,76,245409
30861,0.000817,172.31.40.0-255,66,83399,76,245409
30862,0.000866,74.125.200.0-255,5738,89137,76,245409
30863,0.000868,172.31.40.0-255,66,89203,76,245409
30864,0.000879,172.31.40.0-255,66,89269,76,245409
30865,0.000902,74.125.200.0-255,2543,91812,76,245409
30866,0.000904,172.31.40.0-255,66,91878,76,245409
30867,0.002024,74.125.200.0-255,1484,93362,76,245409
30868,0.002034,74.125.200.0-255,2902,96264,76,245409
30869,0.002038,172.31.40.0-255,66,96330,76,245409
30870,0.002059,74.125.200.0-255,1484,97814,76,245409
30871,0.002079,74.125.200.0-255,2902,100716,76,245409
30872,0.002082,172.31.40.0-255,66,100782,76,245409
30873,0.002117,74.125.200.0-255,2902,103684,76,245409
30874,0.002121,172.31.40.0-255,66,103750,76,245409
30875,0.002126,74.125.200.0-255,2902,106652,76,245409
30876,0.002128,172.31.40.0-255,66,106718,76,245409
30877,0.002141,74.125.200.0-255,1484,108202,76,245409
30878,0.00217,74.125.200.0-255,5738,113940,76,245409
30879,0.002173,172.31.40.0-255,66,114006,76,245409
30880,0.002197,74.125.200.0-255,7156,121162,76,245409
30881,0.002199,172.31.40.0-255,66,121228,76,245409
30882,0.002234,74.125.200.0-255,5020,126248,76,245409
30883,0.002237,172.31.40.0-255,66,126314,76,245409
30884,0.004504,74.125.200.0-255,4320,130634,76,245409
30885,0.00451,172.31.40.0-255,66,130700,76,245409
30886,0.004527,74.125.200.0-255,1484,132184,76,245409
30887,0.006773,74.125.200.0-255,4320,136504,76,245409
30888,0.006778,172.31.40.0-255,66,136570,76,245409
30889,0.009044,74.125.200.0-255,5738,142308,76,245409
30890,0.009052,172.31.40.0-255,66,142374,76,245409
30891,0.011344,74.125.200.0-255,5738,148112,76,245409
30892,0.011352,172.31.40.0-255,66,148178,76,245409
30893,0.013623,74.125.200.0-255,5738,153916,76,245409
30894,0.013631,172.31.40.0-255,66,153982,76,245409
30895,0.015908,74.125.200.0-255,5738,159720,76,245409
30896,0.015916,172.31.40.0-255,66,159786,76,245409
30897,0.01819,74.125.200.0-255,5738,165524,76,245409
30898,0.018199,172.31.40.0-255,66,165590,76,245409
30899,0.02047,74.125.200.0-255,5738,171328,76,245409
30900,0.020479,172.31.40.0-255,66,171394,76,245409
30901,0.02275,74.125.200.0-255,5738,177132,76,245409
30902,0.022757,172.31.40.0-255,66,177198,76,245409
30903,0.025029,74.125.200.0-255,5738,182936,76,245409
30904,0.025037,172.31.40.0-255,66,183002,76,245409
30905,0.027318,74.125.200.0-255,5738,188740,76,245409
30906,0.027325,172.31.40.0-255,66,188806,76,245409
30907,0.029078,172.31.40.0-255,172,188978,76,245409
30908,0.02911,172.31.40.0-255,1109,190087,76,245409
30909,0.029167,172.31.40.0-255,1514,191601,76,245409
30910,0.029169,172.31.40.0-255,1308,192909,76,245409
30911,0.029584,74.125.200.0-255,1484,194393,76,245409
30912,0.029606,74.125.200.0-255,4320,198713,76,245409
30913,0.029611,172.31.40.0-255,66,198779,76,245409
30914,0.030616,104.244.42.0-255,66,198845,76,245409
30915,0.030719,104.244.42.0-255,66,198911,76,245409
30916,0.030722,104.244.42.0-255,66,198977,76,245409
30917,0.031876,74.125.200.0-255,5738,204715,76,245409
30918,0.031882,172.31.40.0-255,66,204781,76,245409
30919,0.03415,74.125.200.0-255,5738,210519,76,245409
30920,0.034157,172.31.40.0-255,66,210585,76,245409
30921,0.036449,74.125.200.0-255,5738,216323,76,245409
30922,0.036455,172.31.40.0-255,66,216389,76,245409
30923,0.038736,74.125.200.0-255,5738,222127,76,245409
30924,0.038742,172.31.40.0-255,66,222193,76,245409
30925,0.041019,74.125.200.0-255,5738,227931,76,245409
30926,0.041026,172.31.40.0-255,66,227997,76,245409
30927,0.043312,74.125.200.0-255,5738,233735,76,245409
30928,0.043319,172.31.40.0-255,66,233801,76,245409
30929,0.045596,74.125.200.0-255,5738,239539,76,245409
30930,0.045603,172.31.40.0-255,66,239605,76,245409
30931,0.047882,74.125.200.0-255,5738,245343,76,245409
30932,0.047889,172.31.40.0-255,66,245409,76,245409
30933,0.0,74.125.68.0-255,153,153,76,363362
30934,1.9e-05,172.31.40.0-255,66,219,76,363362
30935,2.6e-05,74.125.68.0-255,1484,1703,76,363362
30936,3e-05,172.31.40.0-255,66,1769,76,363362
30937,3.6e-05,74.125.68.0-255,2902,4671,76,363362
30938,3.9e-05,172.31.40.0-255,66,4737,76,363362
30939,4.2e-05,74.125.68.0-255,1484,6221,76,363362
30940,4.5e-05,172.31.40.0-255,66,6287,76,363362
30941,7.3e-05,74.125.68.0-255,5738,12025,76,363362
30942,7.6e-05,172.31.40.0-255,66,12091,76,363362
30943,8e-05,74.125.68.0-255,2030,14121,76,363362
30944,8.2e-05,172.31.40.0-255,66,14187,76,363362
30945,0.000117,74.125.68.0-255,1484,15671,76,363362
30946,0.00012,172.31.40.0-255,66,15737,76,363362
30947,0.000123,74.125.68.0-255,1484,17221,76,363362
30948,0.000125,172.31.40.0-255,66,17287,76,363362
30949,0.00014,74.125.68.0-255,1484,18771,76,363362
30950,0.000143,172.31.40.0-255,66,18837,76,363362
30951,0.000147,74.125.68.0-255,2902,21739,76,363362
30952,0.00015,172.31.40.0-255,66,21805,76,363362
30953,0.000169,74.125.68.0-255,2902,24707,76,363362
30954,0.000172,172.31.40.0-255,66,24773,76,363362
30955,0.000177,74.125.68.0-255,4320,29093,76,363362
30956,0.000179,172.31.40.0-255,66,29159,76,363362
30957,0.000212,74.125.68.0-255,2543,31702,76,363362
30958,0.000215,172.31.40.0-255,66,31768,76,363362
30959,0.000307,74.125.68.0-255,1484,33252,76,363362
30960,0.000311,172.31.40.0-255,66,33318,76,363362
30961,0.000316,74.125.68.0-255,2902,36220,76,363362
30962,0.000318,172.31.40.0-255,66,36286,76,363362
30963,0.000338,74.125.68.0-255,4320,40606,76,363362
30964,0.000341,172.31.40.0-255,66,40672,76,363362
30965,0.000352,74.125.68.0-255,1484,42156,76,363362
30966,0.000384,172.31.40.0-255,66,42222,76,363362
30967,0.000389,74.125.68.0-255,4320,46542,76,363362
30968,0.000391,172.31.40.0-255,66,46608,76,363362
30969,0.000414,74.125.68.0-255,5738,52346,76,363362
30970,0.000417,172.31.40.0-255,66,52412,76,363362
30971,0.000422,74.125.68.0-255,5683,58095,76,363362
30972,0.000424,172.31.40.0-255,66,58161,76,363362
30973,0.000448,74.125.68.0-255,382,58543,76,363362
30974,0.000766,74.125.68.0-255,1484,60027,76,363362
30975,0.000771,172.31.40.0-255,66,60093,76,363362
30976,0.000776,74.125.68.0-255,2902,62995,76,363362
30977,0.000778,172.31.40.0-255,66,63061,76,363362
30978,0.000791,74.125.68.0-255,2902,65963,76,363362
30979,0.000793,172.31.40.0-255,66,66029,76,363362
30980,0.000809,74.125.68.0-255,2902,68931,76,363362
30981,0.000811,172.31.40.0-255,66,68997,76,363362
30982,0.000828,74.125.68.0-255,5738,74735,76,363362
30983,0.00083,172.31.40.0-255,66,74801,76,363362
30984,0.00085,74.125.68.0-255,5738,80539,76,363362
30985,0.000852,172.31.40.0-255,66,80605,76,363362
30986,0.000857,74.125.68.0-255,4320,84925,76,363362
30987,0.000859,172.31.40.0-255,66,84991,76,363362
30988,0.00089,172.31.40.0-255,66,85057,76,363362
30989,0.001018,74.125.68.0-255,1484,86541,76,363362
30990,0.00103,74.125.68.0-255,2902,89443,76,363362
30991,0.001033,172.31.40.0-255,66,89509,76,363362
30992,0.001056,74.125.68.0-255,5738,95247,76,363362
30993,0.001059,172.31.40.0-255,66,95313,76,363362
30994,0.001071,74.125.68.0-255,4320,99633,76,363362
30995,0.001073,172.31.40.0-255,66,99699,76,363362
30996,0.001091,74.125.68.0-255,4320,104019,76,363362
30997,0.001094,172.31.40.0-255,66,104085,76,363362
30998,0.001098,74.125.68.0-255,4320,108405,76,363362
30999,0.0011,172.31.40.0-255,66,108471,76,363362
31000,0.001123,74.125.68.0-255,5738,114209,76,363362
31001,0.001125,172.31.40.0-255,66,114275,76,363362
31002,0.001131,74.125.68.0-255,5020,119295,76,363362
31003,0.001133,172.31.40.0-255,66,119361,76,363362
31004,0.001527,74.125.68.0-255,1484,120845,76,363362
31005,0.00154,74.125.68.0-255,2902,123747,76,363362
31006,0.001544,172.31.40.0-255,66,123813,76,363362
31007,0.001563,74.125.68.0-255,5738,129551,76,363362
31008,0.001565,172.31.40.0-255,66,129617,76,363362
31009,0.001591,74.125.68.0-255,7156,136773,76,363362
31010,0.001594,172.31.40.0-255,66,136839,76,363362
31011,0.001615,74.125.68.0-255,5738,142577,76,363362
31012,0.001618,172.31.40.0-255,66,142643,76,363362
31013,0.001635,74.125.68.0-255,2902,145545,76,363362
31014,0.001638,172.31.40.0-255,66,145611,76,363362
31015,0.001643,74.125.68.0-255,5738,151349,76,363362
31016,0.001645,172.31.40.0-255,66,151415,76,363362
31017,0.001679,74.125.68.0-255,2184,153599,76,363362
31018,0.001681,172.31.40.0-255,66,153665,76,363362
31019,0.00178,74.125.68.0-255,1484,155149,76,363362
31020,0.001785,74.125.68.0-255,2902,158051,76,363362
31021,0.001788,172.31.40.0-255,66,158117,76,363362
31022,0.001806,74.125.68.0-255,5738,163855,76,363362
31023,0.001808,172.31.40.0-255,66,163921,76,363362
31024,0.001852,172.31.40.0-255,66,163987,76,363362
31025,0.001858,74.125.68.0-255,5738,169725,76,363362
31026,0.001859,172.31.40.0-255,66,169791,76,363362
31027,0.001873,74.125.68.0-255,4320,174111,76,363362
31028,0.001875,172.31.40.0-255,66,174177,76,363362
31029,0.001891,74.125.68.0-255,5020,179197,76,363362
31030,0.001894,172.31.40.0-255,66,179263,76,363362
31031,0.002006,74.125.68.0-255,1484,180747,76,363362
31032,0.002019,74.125.68.0-255,2902,183649,76,363362
31033,0.002023,172.31.40.0-255,66,183715,76,363362
31034,0.002033,74.125.68.0-255,1484,185199,76,363362
31035,0.002052,74.125.68.0-255,4320,189519,76,363362
31036,0.002058,74.125.68.0-255,7156,196675,76,363362
31037,0.002061,172.31.40.0-255,66,196741,76,363362
31038,0.002064,172.31.40.0-255,66,196807,76,363362
31039,0.002087,74.125.68.0-255,2902,199709,76,363362
31040,0.002089,172.31.40.0-255,66,199775,76,363362
31041,0.002119,172.31.40.0-255,66,199841,76,363362
31042,0.002138,74.125.68.0-255,3602,203443,76,363362
31043,0.00214,172.31.40.0-255,66,203509,76,363362
31044,0.002236,74.125.68.0-255,1484,204993,76,363362
31045,0.002255,74.125.68.0-255,2902,207895,76,363362
31046,0.002259,74.125.68.0-255,2902,210797,76,363362
31047,0.002262,172.31.40.0-255,66,210863,76,363362
31048,0.002265,172.31.40.0-255,66,210929,76,363362
31049,0.00228,74.125.68.0-255,2902,213831,76,363362
31050,0.002282,172.31.40.0-255,66,213897,76,363362
31051,0.002294,74.125.68.0-255,1484,215381,76,363362
31052,0.002319,74.125.68.0-255,5738,221119,76,363362
31053,0.002322,172.31.40.0-255,66,221185,76,363362
31054,0.002329,74.125.68.0-255,7156,228341,76,363362
31055,0.002331,172.31.40.0-255,66,228407,76,363362
31056,0.002354,74.125.68.0-255,1484,229891,76,363362
31057,0.00236,74.125.68.0-255,5738,235629,76,363362
31058,0.002361,172.31.40.0-255,66,235695,76,363362
31059,0.002391,74.125.68.0-255,2184,237879,76,363362
31060,0.002393,172.31.40.0-255,66,237945,76,363362
31061,0.002404,74.125.68.0-255,1484,239429,76,363362
31062,0.002417,74.125.68.0-255,1484,240913,76,363362
31063,0.002419,172.31.40.0-255,66,240979,76,363362
31064,0.002432,74.125.68.0-255,4320,245299,76,363362
31065,0.002435,172.31.40.0-255,66,245365,76,363362
31066,0.002457,74.125.68.0-255,2902,248267,76,363362
31067,0.00246,172.31.40.0-255,66,248333,76,363362
31068,0.002464,74.125.68.0-255,2902,251235,76,363362
31069,0.002465,172.31.40.0-255,66,251301,76,363362
31070,0.002478,74.125.68.0-255,2902,254203,76,363362
31071,0.00248,172.31.40.0-255,66,254269,76,363362
31072,0.0025,172.31.40.0-255,66,254335,76,363362
31073,0.002504,74.125.68.0-255,2902,257237,76,363362
31074,0.002507,172.31.40.0-255,66,257303,76,363362
31075,0.002534,74.125.68.0-255,6438,263741,76,363362
31076,0.002537,172.31.40.0-255,66,263807,76,363362
31077,0.002543,74.125.68.0-255,5738,269545,76,363362
31078,0.002545,172.31.40.0-255,66,269611,76,363362
31079,0.00257,74.125.68.0-255,4320,273931,76,363362
31080,0.002573,172.31.40.0-255,66,273997,76,363362
31081,0.002577,74.125.68.0-255,2902,276899,76,363362
31082,0.002579,172.31.40.0-255,66,276965,76,363362
31083,0.002612,172.31.40.0-255,66,277031,76,363362
31084,0.002625,74.125.68.0-255,4320,281351,76,363362
31085,0.002628,172.31.40.0-255,66,281417,76,363362
31086,0.002633,74.125.68.0-255,5738,287155,76,363362
31087,0.002635,172.31.40.0-255,66,287221,76,363362
31088,0.005364,74.125.68.0-255,5738,292959,76,363362
31089,0.005381,172.31.40.0-255,66,293025,76,363362
31090,0.007987,74.125.68.0-255,5738,298763,76,363362
31091,0.007993,172.31.40.0-255,66,298829,76,363362
31092,0.010591,74.125.68.0-255,5738,304567,76,363362
31093,0.010612,172.31.40.0-255,66,304633,76,363362
31094,0.013215,74.125.68.0-255,5738,310371,76,363362
31095,0.013241,172.31.40.0-255,66,310437,76,363362
31096,0.01583,74.125.68.0-255,5738,316175,76,363362
31097,0.015839,172.31.40.0-255,66,316241,76,363362
31098,0.018449,74.125.68.0-255,5738,321979,76,363362
31099,0.018463,172.31.40.0-255,66,322045,76,363362
31100,0.021052,74.125.68.0-255,5738,327783,76,363362
31101,0.021068,172.31.40.0-255,66,327849,76,363362
31102,0.023658,74.125.68.0-255,5738,333587,76,363362
31103,0.023666,172.31.40.0-255,66,333653,76,363362
31104,0.026251,74.125.68.0-255,5738,339391,76,363362
31105,0.02626,172.31.40.0-255,66,339457,76,363362
31106,0.028842,74.125.68.0-255,5738,345195,76,363362
31107,0.028849,172.31.40.0-255,66,345261,76,363362
31108,0.031436,74.125.68.0-255,5738,350999,76,363362
31109,0.031444,172.31.40.0-255,66,351065,76,363362
31110,0.034036,74.125.68.0-255,5738,356803,76,363362
31111,0.034048,172.31.40.0-255,66,356869,76,363362
31112,0.036634,74.125.68.0-255,5738,362607,76,363362
31113,0.036649,172.31.40.0-255,66,362673,76,363362
31114,0.039222,74.125.68.0-255,452,363125,76,363362
31115,0.039387,172.31.40.0-255,66,363191,76,363362
31116,0.039423,172.31.40.0-255,105,363296,76,363362
31117,0.041961,74.125.68.0-255,66,363362,76,363362
31118,0.0,74.125.24.0-255,153,153,76,129353
31119,2.3e-05,172.31.40.0-255,66,219,76,129353
31120,3e-05,74.125.24.0-255,1484,1703,76,129353
31121,3.5e-05,172.31.40.0-255,66,1769,76,129353
31122,4.1e-05,74.125.24.0-255,2902,4671,76,129353
31123,5.2e-05,172.31.40.0-255,66,4737,76,129353
31124,6.1e-05,74.125.24.0-255,7156,11893,76,129353
31125,6.4e-05,172.31.40.0-255,66,11959,76,129353
31126,6.8e-05,74.125.24.0-255,2067,14026,76,129353
31127,7.1e-05,172.31.40.0-255,66,14092,76,129353
31128,0.000131,172.31.40.0-255,66,14158,76,129353
31129,0.000187,74.125.24.0-255,5379,19537,76,129353
31130,0.000193,172.31.40.0-255,66,19603,76,129353
31131,0.00022,74.125.24.0-255,4320,23923,76,129353
31132,0.000223,172.31.40.0-255,66,23989,76,129353
31133,0.000247,74.125.24.0-255,1484,25473,76,129353
31134,0.000251,172.31.40.0-255,66,25539,76,129353
31135,0.000269,74.125.24.0-255,1484,27023,76,129353
31136,0.000271,172.31.40.0-255,66,27089,76,129353
31137,0.000311,172.31.40.0-255,66,27155,76,129353
31138,0.00039,74.125.24.0-255,7156,34311,76,129353
31139,0.000394,172.31.40.0-255,66,34377,76,129353
31140,0.000425,74.125.24.0-255,5738,40115,76,129353
31141,0.000427,172.31.40.0-255,66,40181,76,129353
31142,0.000503,74.125.24.0-255,2184,42365,76,129353
31143,0.000507,172.31.40.0-255,66,42431,76,129353
31144,0.00051,74.125.24.0-255,428,42859,76,129353
31145,0.000512,172.31.40.0-255,66,42925,76,129353
31146,0.000557,74.125.24.0-255,1484,44409,76,129353
31147,0.000559,172.31.40.0-255,66,44475,76,129353
31148,0.000565,74.125.24.0-255,4320,48795,76,129353
31149,0.000568,172.31.40.0-255,66,48861,76,129353
31150,0.000599,74.125.24.0-255,5738,54599,76,129353
31151,0.000602,172.31.40.0-255,66,54665,76,129353
31152,0.000645,74.125.24.0-255,7156,61821,76,129353
31153,0.000648,172.31.40.0-255,66,61887,76,129353
31154,0.00071,74.125.24.0-255,5738,67625,76,129353
31155,0.000714,172.31.40.0-255,66,67691,76,129353
31156,0.000753,172.31.40.0-255,66,67757,76,129353
31157,0.000812,74.125.24.0-255,766,68523,76,129353
31158,0.000839,74.125.24.0-255,4320,72843,76,129353
31159,0.000842,172.31.40.0-255,66,72909,76,129353
31160,0.000882,172.31.40.0-255,66,72975,76,129353
31161,0.000944,74.125.24.0-255,4320,77295,76,129353
31162,0.000947,172.31.40.0-255,66,77361,76,129353
31163,0.001007,172.31.40.0-255,66,77427,76,129353
31164,0.001202,74.125.24.0-255,5738,83165,76,129353
31165,0.001206,172.31.40.0-255,66,83231,76,129353
31166,0.001254,172.31.40.0-255,66,83297,76,129353
31167,0.001301,172.31.40.0-255,66,83363,76,129353
31168,0.001631,172.31.40.0-255,66,83429,76,129353
31169,0.001659,74.125.24.0-255,2184,85613,76,129353
31170,0.001661,172.31.40.0-255,66,85679,76,129353
31171,0.001695,74.125.24.0-255,4320,89999,76,129353
31172,0.001698,172.31.40.0-255,66,90065,76,129353
31173,0.001717,74.125.24.0-255,5738,95803,76,129353
31174,0.001729,172.31.40.0-255,66,95869,76,129353
31175,0.001788,74.125.24.0-255,5738,101607,76,129353
31176,0.001791,172.31.40.0-255,66,101673,76,129353
31177,0.001837,172.31.40.0-255,66,101739,76,129353
31178,0.002264,74.125.24.0-255,1484,103223,76,129353
31179,0.002314,74.125.24.0-255,5738,108961,76,129353
31180,0.00248,74.125.24.0-255,1484,110445,76,129353
31181,0.002566,74.125.24.0-255,5738,116183,76,129353
31182,0.002653,74.125.24.0-255,7156,123339,76,129353
31183,0.003119,74.125.24.0-255,1484,124823,76,129353
31184,0.00777,172.31.40.0-255,66,124889,76,129353
31185,0.009886,74.125.24.0-255,105,124994,76,129353
31186,0.010807,172.31.40.0-255,66,125060,76,129353
31187,0.010843,172.31.40.0-255,105,125165,76,129353
31188,0.012943,74.125.24.0-255,66,125231,76,129353
31189,0.049165,172.31.40.0-255,190,125421,76,129353
31190,0.049194,172.31.40.0-255,1109,126530,76,129353
31191,0.049249,172.31.40.0-255,1514,128044,76,129353
31192,0.04925,172.31.40.0-255,1309,129353,76,129353
31193,0.0,74.125.24.0-255,146,146,76,260905
31194,1.9e-05,172.31.40.0-255,66,212,76,260905
31195,2.6e-05,74.125.24.0-255,1484,1696,76,260905
31196,3e-05,172.31.40.0-255,66,1762,76,260905
31197,3.6e-05,74.125.24.0-255,2902,4664,76,260905
31198,3.9e-05,172.31.40.0-255,66,4730,76,260905
31199,4.6e-05,74.125.24.0-255,7156,11886,76,260905
31200,4.8e-05,172.31.40.0-255,66,11952,76,260905
31201,7.8e-05,74.125.24.0-255,2002,13954,76,260905
31202,8e-05,172.31.40.0-255,66,14020,76,260905
31203,0.000159,74.125.24.0-255,2902,16922,76,260905
31204,0.000163,172.31.40.0-255,66,16988,76,260905
31205,0.000169,74.125.24.0-255,5738,22726,76,260905
31206,0.000171,172.31.40.0-255,66,22792,76,260905
31207,0.00018,172.31.40.0-255,66,22858,76,260905
31208,0.00031,74.125.24.0-255,1484,24342,76,260905
31209,0.000314,172.31.40.0-255,66,24408,76,260905
31210,0.00032,74.125.24.0-255,2902,27310,76,260905
31211,0.000322,172.31.40.0-255,66,27376,76,260905
31212,0.000336,74.125.24.0-255,5738,33114,76,260905
31213,0.000339,172.31.40.0-255,66,33180,76,260905
31214,0.000357,74.125.24.0-255,4320,37500,76,260905
31215,0.000359,172.31.40.0-255,66,37566,76,260905
31216,0.000375,74.125.24.0-255,2543,40109,76,260905
31217,0.000377,172.31.40.0-255,66,40175,76,260905
31218,0.000418,74.125.24.0-255,1484,41659,76,260905
31219,0.000421,172.31.40.0-255,66,41725,76,260905
31220,0.000425,74.125.24.0-255,2902,44627,76,260905
31221,0.000428,172.31.40.0-255,66,44693,76,260905
31222,0.000431,74.125.24.0-255,2902,47595,76,260905
31223,0.000434,172.31.40.0-255,66,47661,76,260905
31224,0.000447,74.125.24.0-255,2902,50563,76,260905
31225,0.000453,74.125.24.0-255,4320,54883,76,260905
31226,0.000461,172.31.40.0-255,66,54949,76,260905
31227,0.000471,74.125.24.0-255,2543,57492,76,260905
31228,0.000481,74.125.24.0-255,413,57905,76,260905
31229,0.000498,172.31.40.0-255,66,57971,76,260905
31230,0.000533,74.125.24.0-255,332,58303,76,260905
31231,0.000765,74.125.24.0-255,1484,59787,76,260905
31232,0.000776,172.31.40.0-255,66,59853,76,260905
31233,0.000785,74.125.24.0-255,2902,62755,76,260905
31234,0.000791,74.125.24.0-255,5738,68493,76,260905
31235,0.0008,172.31.40.0-255,66,68559,76,260905
31236,0.000812,74.125.24.0-255,4320,72879,76,260905
31237,0.000825,74.125.24.0-255,2543,75422,76,260905
31238,0.000833,172.31.40.0-255,66,75488,76,260905
31239,0.000887,74.125.24.0-255,1484,76972,76,260905
31240,0.000892,74.125.24.0-255,2902,79874,76,260905
31241,0.000894,172.31.40.0-255,66,79940,76,260905
31242,0.000902,74.125.24.0-255,5738,85678,76,260905
31243,0.000904,74.125.24.0-255,1484,87162,76,260905
31244,0.000917,74.125.24.0-255,2902,90064,76,260905
31245,0.000932,172.31.40.0-255,66,90130,76,260905
31246,0.000963,74.125.24.0-255,2543,92673,76,260905
31247,0.000982,172.31.40.0-255,66,92739,76,260905
31248,0.001234,74.125.24.0-255,1484,94223,76,260905
31249,0.00124,74.125.24.0-255,2902,97125,76,260905
31250,0.001244,172.31.40.0-255,66,97191,76,260905
31251,0.001251,74.125.24.0-255,5738,102929,76,260905
31252,0.001278,172.31.40.0-255,66,102995,76,260905
31253,0.001307,172.31.40.0-255,66,103061,76,260905
31254,0.001318,74.125.24.0-255,5020,108081,76,260905
31255,0.00134,172.31.40.0-255,66,108147,76,260905
31256,0.001742,74.125.24.0-255,1484,109631,76,260905
31257,0.001749,74.125.24.0-255,2902,112533,76,260905
31258,0.001752,172.31.40.0-255,66,112599,76,260905
31259,0.001759,74.125.24.0-255,5738,118337,76,260905
31260,0.001775,74.125.24.0-255,5738,124075,76,260905
31261,0.00181,74.125.24.0-255,2902,126977,76,260905
31262,0.001832,74.125.24.0-255,5020,131997,76,260905
31263,0.001864,172.31.40.0-255,66,132063,76,260905
31264,0.001886,74.125.24.0-255,2902,134965,76,260905
31265,0.001891,74.125.24.0-255,4320,139285,76,260905
31266,0.001894,74.125.24.0-255,1484,140769,76,260905
31267,0.001914,74.125.24.0-255,7156,147925,76,260905
31268,0.001918,172.31.40.0-255,66,147991,76,260905
31269,0.001923,172.31.40.0-255,66,148057,76,260905
31270,0.00198,172.31.40.0-255,66,148123,76,260905
31271,0.002,172.31.40.0-255,66,148189,76,260905
31272,0.002015,74.125.24.0-255,2902,151091,76,260905
31273,0.002029,74.125.24.0-255,4320,155411,76,260905
31274,0.002037,172.31.40.0-255,66,155477,76,260905
31275,0.002076,172.31.40.0-255,66,155543,76,260905
31276,0.004307,74.125.24.0-255,5738,161281,76,260905
31277,0.004315,172.31.40.0-255,66,161347,76,260905
31278,0.006577,74.125.24.0-255,5738,167085,76,260905
31279,0.008371,172.31.40.0-255,66,167151,76,260905
31280,0.010622,74.125.24.0-255,5738,172889,76,260905
31281,0.010631,172.31.40.0-255,66,172955,76,260905
31282,0.012879,74.125.24.0-255,5738,178693,76,260905
31283,0.018628,172.31.40.0-255,66,178759,76,260905
31284,0.019464,74.125.24.0-255,1484,180243,76,260905
31285,0.020896,74.125.24.0-255,4320,184563,76,260905
31286,0.020912,172.31.40.0-255,66,184629,76,260905
31287,0.023175,74.125.24.0-255,5738,190367,76,260905
31288,0.023248,172.31.40.0-255,66,190433,76,260905
31289,0.025514,74.125.24.0-255,5738,196171,76,260905
31290,0.025533,172.31.40.0-255,66,196237,76,260905
31291,0.027782,74.125.24.0-255,4320,200557,76,260905
31292,0.027791,172.31.40.0-255,66,200623,76,260905
31293,0.027811,74.125.24.0-255,1484,202107,76,260905
31294,0.030023,74.125.24.0-255,4320,206427,76,260905
31295,0.03003,172.31.40.0-255,66,206493,76,260905
31296,0.032292,74.125.24.0-255,5738,212231,76,260905
31297,0.032387,172.31.40.0-255,66,212297,76,260905
31298,0.034645,74.125.24.0-255,5738,218035,76,260905
31299,0.034653,172.31.40.0-255,66,218101,76,260905
31300,0.036915,74.125.24.0-255,5738,223839,76,260905
31301,0.036931,172.31.40.0-255,66,223905,76,260905
31302,0.039212,74.125.24.0-255,5738,229643,76,260905
31303,0.03922,172.31.40.0-255,66,229709,76,260905
31304,0.040546,172.31.40.0-255,172,229881,76,260905
31305,0.04058,172.31.40.0-255,1105,230986,76,260905
31306,0.040647,172.31.40.0-255,1514,232500,76,260905
31307,0.040649,172.31.40.0-255,1514,234014,76,260905
31308,0.04065,172.31.40.0-255,1514,235528,76,260905
31309,0.040651,172.31.40.0-255,1514,237042,76,260905
31310,0.040681,172.31.40.0-255,581,237623,76,260905
31311,0.041494,74.125.24.0-255,5738,243361,76,260905
31312,0.041502,172.31.40.0-255,66,243427,76,260905
31313,0.042768,104.244.42.0-255,66,243493,76,260905
31314,0.043746,74.125.24.0-255,5738,249231,76,260905
31315,0.043762,172.31.40.0-255,66,249297,76,260905
31316,0.046022,74.125.24.0-255,5738,255035,76,260905
31317,0.046041,172.31.40.0-255,66,255101,76,260905
31318,0.048302,74.125.24.0-255,5738,260839,76,260905
31319,0.04832,172.31.40.0-255,66,260905,76,260905
31320,0.0,74.125.130.0-255,152,152,76,343182
31321,2.5e-05,172.31.40.0-255,66,218,76,343182
31322,3.3e-05,74.125.130.0-255,1484,1702,76,343182
31323,3.7e-05,172.31.40.0-255,66,1768,76,343182
31324,4.3e-05,74.125.130.0-255,2902,4670,76,343182
31325,4.7e-05,172.31.40.0-255,66,4736,76,343182
31326,7.6e-05,74.125.130.0-255,4320,9056,76,343182
31327,7.9e-05,172.31.40.0-255,66,9122,76,343182
31328,9.6e-05,74.125.130.0-255,4901,14023,76,343182
31329,9.9e-05,172.31.40.0-255,66,14089,76,343182
31330,0.00012,74.125.130.0-255,1484,15573,76,343182
31331,0.000123,172.31.40.0-255,66,15639,76,343182
31332,0.000149,74.125.130.0-255,2902,18541,76,343182
31333,0.000151,172.31.40.0-255,66,18607,76,343182
31334,0.000169,74.125.130.0-255,5738,24345,76,343182
31335,0.000172,172.31.40.0-255,66,24411,76,343182
31336,0.000216,74.125.130.0-255,7156,31567,76,343182
31337,0.000218,172.31.40.0-255,66,31633,76,343182
31338,0.000221,74.125.130.0-255,1484,33117,76,343182
31339,0.000223,172.31.40.0-255,66,33183,76,343182
31340,0.000242,74.125.130.0-255,2902,36085,76,343182
31341,0.000244,172.31.40.0-255,66,36151,76,343182
31342,0.000249,74.125.130.0-255,2902,39053,76,343182
31343,0.000251,172.31.40.0-255,66,39119,76,343182
31344,0.000268,74.125.130.0-255,2902,42021,76,343182
31345,0.00027,172.31.40.0-255,66,42087,76,343182
31346,0.000275,74.125.130.0-255,4320,46407,76,343182
31347,0.000277,172.31.40.0-255,66,46473,76,343182
31348,0.000319,74.125.130.0-255,2184,48657,76,343182
31349,0.000322,172.31.40.0-255,66,48723,76,343182
31350,0.000352,74.125.130.0-255,2902,51625,76,343182
31351,0.000355,172.31.40.0-255,66,51691,76,343182
31352,0.000371,74.125.130.0-255,2902,54593,76,343182
31353,0.000373,172.31.40.0-255,66,54659,76,343182
31354,0.000388,74.125.130.0-255,1484,56143,76,343182
31355,0.000403,74.125.130.0-255,2902,59045,76,343182
31356,0.000405,172.31.40.0-255,66,59111,76,343182
31357,0.000426,74.125.130.0-255,5738,64849,76,343182
31358,0.000428,172.31.40.0-255,66,64915,76,343182
31359,0.00044,74.125.130.0-255,1379,66294,76,343182
31360,0.000443,74.125.130.0-255,119,66413,76,343182
31361,0.000904,74.125.130.0-255,1484,67897,76,343182
31362,0.00091,172.31.40.0-255,66,67963,76,343182
31363,0.000915,74.125.130.0-255,2902,70865,76,343182
31364,0.000917,172.31.40.0-255,66,70931,76,343182
31365,0.000929,74.125.130.0-255,1484,72415,76,343182
31366,0.000946,74.125.130.0-255,2902,75317,76,343182
31367,0.000948,172.31.40.0-255,66,75383,76,343182
31368,0.000953,74.125.130.0-255,2902,78285,76,343182
31369,0.000955,172.31.40.0-255,66,78351,76,343182
31370,0.000972,74.125.130.0-255,5738,84089,76,343182
31371,0.000976,172.31.40.0-255,66,84155,76,343182
31372,0.001019,172.31.40.0-255,66,84221,76,343182
31373,0.001043,74.125.130.0-255,3602,87823,76,343182
31374,0.001046,172.31.40.0-255,66,87889,76,343182
31375,0.001198,74.125.130.0-255,1484,89373,76,343182
31376,0.001204,74.125.130.0-255,2902,92275,76,343182
31377,0.001207,172.31.40.0-255,66,92341,76,343182
31378,0.001234,74.125.130.0-255,5738,98079,76,343182
31379,0.001236,172.31.40.0-255,66,98145,76,343182
31380,0.001241,74.125.130.0-255,2902,101047,76,343182
31381,0.001243,172.31.40.0-255,66,101113,76,343182
31382,0.001246,74.125.130.0-255,1484,102597,76,343182
31383,0.001261,74.125.130.0-255,2902,105499,76,343182
31384,0.001263,172.31.40.0-255,66,105565,76,343182
31385,0.001277,74.125.130.0-255,2902,108467,76,343182
31386,0.001279,172.31.40.0-255,66,108533,76,343182
31387,0.001306,74.125.130.0-255,5738,114271,76,343182
31388,0.001308,172.31.40.0-255,66,114337,76,343182
31389,0.001313,74.125.130.0-255,4320,118657,76,343182
31390,0.001316,172.31.40.0-255,66,118723,76,343182
31391,0.001362,74.125.130.0-255,5020,123743,76,343182
31392,0.001365,172.31.40.0-255,66,123809,76,343182
31393,0.001373,74.125.130.0-255,7156,130965,76,343182
31394,0.001376,172.31.40.0-255,66,131031,76,343182
31395,0.001387,172.31.40.0-255,66,131097,76,343182
31396,0.001432,172.31.40.0-255,66,131163,76,343182
31397,0.001454,74.125.130.0-255,3602,134765,76,343182
31398,0.001457,172.31.40.0-255,66,134831,76,343182
31399,0.001549,74.125.130.0-255,1484,136315,76,343182
31400,0.001554,74.125.130.0-255,1484,137799,76,343182
31401,0.001556,172.31.40.0-255,66,137865,76,343182
31402,0.001575,74.125.130.0-255,1484,139349,76,343182
31403,0.001582,74.125.130.0-255,5738,145087,76,343182
31404,0.001585,172.31.40.0-255,66,145153,76,343182
31405,0.001589,74.125.130.0-255,2902,148055,76,343182
31406,0.001591,172.31.40.0-255,66,148121,76,343182
31407,0.001608,74.125.130.0-255,2902,151023,76,343182
31408,0.001611,172.31.40.0-255,66,151089,76,343182
31409,0.001624,74.125.130.0-255,1484,152573,76,343182
31410,0.00165,74.125.130.0-255,5738,158311,76,343182
31411,0.001653,172.31.40.0-255,66,158377,76,343182
31412,0.001658,74.125.130.0-255,2902,161279,76,343182
31413,0.00166,172.31.40.0-255,66,161345,76,343182
31414,0.001665,74.125.130.0-255,4320,165665,76,343182
31415,0.001667,172.31.40.0-255,66,165731,76,343182
31416,0.001688,74.125.130.0-255,1484,167215,76,343182
31417,0.0017,74.125.130.0-255,2184,169399,76,343182
31418,0.001703,172.31.40.0-255,66,169465,76,343182
31419,0.0018,74.125.130.0-255,1484,170949,76,343182
31420,0.001823,74.125.130.0-255,2902,173851,76,343182
31421,0.001826,172.31.40.0-255,66,173917,76,343182
31422,0.001833,74.125.130.0-255,5738,179655,76,343182
31423,0.001835,172.31.40.0-255,66,179721,76,343182
31424,0.001838,74.125.130.0-255,1484,181205,76,343182
31425,0.001873,74.125.130.0-255,4320,185525,76,343182
31426,0.001876,172.31.40.0-255,66,185591,76,343182
31427,0.001883,74.125.130.0-255,7156,192747,76,343182
31428,0.001885,172.31.40.0-255,66,192813,76,343182
31429,0.001913,172.31.40.0-255,66,192879,76,343182
31430,0.001931,74.125.130.0-255,2184,195063,76,343182
31431,0.001934,172.31.40.0-255,66,195129,76,343182
31432,0.001977,172.31.40.0-255,66,195195,76,343182
31433,0.002003,74.125.130.0-255,5738,200933,76,343182
31434,0.002006,172.31.40.0-255,66,200999,76,343182
31435,0.002025,74.125.130.0-255,5738,206737,76,343182
31436,0.002028,172.31.40.0-255,66,206803,76,343182
31437,0.002053,74.125.130.0-255,5738,212541,76,343182
31438,0.002056,172.31.40.0-255,66,212607,76,343182
31439,0.002079,74.125.130.0-255,6438,219045,76,343182
31440,0.002082,172.31.40.0-255,66,219111,76,343182
31441,0.002095,74.125.130.0-255,1484,220595,76,343182
31442,0.002109,74.125.130.0-255,1484,222079,76,343182
31443,0.002113,172.31.40.0-255,66,222145,76,343182
31444,0.002119,74.125.130.0-255,4320,226465,76,343182
31445,0.002121,172.31.40.0-255,66,226531,76,343182
31446,0.002164,74.125.130.0-255,5738,232269,76,343182
31447,0.002168,172.31.40.0-255,66,232335,76,343182
31448,0.002192,74.125.130.0-255,7156,239491,76,343182
31449,0.002195,172.31.40.0-255,66,239557,76,343182
31450,0.002199,74.125.130.0-255,2902,242459,76,343182
31451,0.002201,172.31.40.0-255,66,242525,76,343182
31452,0.002212,74.125.130.0-255,1484,244009,76,343182
31453,0.002228,74.125.130.0-255,2902,246911,76,343182
31454,0.00223,172.31.40.0-255,66,246977,76,343182
31455,0.002256,74.125.130.0-255,4320,251297,76,343182
31456,0.002259,172.31.40.0-255,66,251363,76,343182
31457,0.002279,74.125.130.0-255,2184,253547,76,343182
31458,0.002281,172.31.40.0-255,66,253613,76,343182
31459,0.002312,74.125.130.0-255,2902,256515,76,343182
31460,0.002314,172.31.40.0-255,66,256581,76,343182
31461,0.002319,74.125.130.0-255,2902,259483,76,343182
31462,0.002321,172.31.40.0-255,66,259549,76,343182
31463,0.002337,74.125.130.0-255,1484,261033,76,343182
31464,0.002348,172.31.40.0-255,66,261099,76,343182
31465,0.002353,74.125.130.0-255,4320,265419,76,343182
31466,0.002356,172.31.40.0-255,66,265485,76,343182
31467,0.002362,74.125.130.0-255,5738,271223,76,343182
31468,0.002365,172.31.40.0-255,66,271289,76,343182
31469,0.002422,172.31.40.0-255,66,271355,76,343182
31470,0.002433,172.31.40.0-255,66,271421,76,343182
31471,0.00246,74.125.130.0-255,5738,277159,76,343182
31472,0.002464,172.31.40.0-255,66,277225,76,343182
31473,0.002484,74.125.130.0-255,2902,280127,76,343182
31474,0.002486,172.31.40.0-255,66,280193,76,343182
31475,0.002492,74.125.130.0-255,4320,284513,76,343182
31476,0.002494,172.31.40.0-255,66,284579,76,343182
31477,0.002523,74.125.130.0-255,5738,290317,76,343182
31478,0.002527,172.31.40.0-255,66,290383,76,343182
31479,0.002529,74.125.130.0-255,1484,291867,76,343182
31480,0.002533,74.125.130.0-255,2902,294769,76,343182
31481,0.002535,172.31.40.0-255,66,294835,76,343182
31482,0.00254,74.125.130.0-255,2184,297019,76,343182
31483,0.002542,172.31.40.0-255,66,297085,76,343182
31484,0.00506,74.125.130.0-255,5738,302823,76,343182
31485,0.005067,172.31.40.0-255,66,302889,76,343182
31486,0.007585,74.125.130.0-255,5738,308627,76,343182
31487,0.007592,172.31.40.0-255,66,308693,76,343182
31488,0.01012,74.125.130.0-255,5738,314431,76,343182
31489,0.010139,172.31.40.0-255,66,314497,76,343182
31490,0.012664,74.125.130.0-255,5738,320235,76,343182
31491,0.012673,172.31.40.0-255,66,320301,76,343182
31492,0.015205,74.125.130.0-255,5738,326039,76,343182
31493,0.015214,172.31.40.0-255,66,326105,76,343182
31494,0.017751,74.125.130.0-255,5738,331843,76,343182
31495,0.017764,172.31.40.0-255,66,331909,76,343182
31496,0.020303,74.125.130.0-255,5738,337647,76,343182
31497,0.020315,172.31.40.0-255,66,337713,76,343182
31498,0.022828,74.125.130.0-255,1106,338819,76,343182
31499,0.027283,172.31.40.0-255,66,338885,76,343182
31500,0.027331,172.31.40.0-255,105,338990,76,343182
31501,0.029813,74.125.130.0-255,66,339056,76,343182
31502,0.049475,172.31.40.0-255,196,339252,76,343182
31503,0.049512,172.31.40.0-255,1109,340361,76,343182
31504,0.049578,172.31.40.0-255,1514,341875,76,343182
31505,0.04958,172.31.40.0-255,1307,343182,76,343182
31506,0.0,74.125.24.0-255,291,291,76,231251
31507,2.4e-05,172.31.40.0-255,66,357,76,231251
31508,3e-05,74.125.24.0-255,1484,1841,76,231251
31509,3.5e-05,172.31.40.0-255,66,1907,76,231251
31510,4.9e-05,74.125.24.0-255,2902,4809,76,231251
31511,5.2e-05,172.31.40.0-255,66,4875,76,231251
31512,5.9e-05,74.125.24.0-255,5738,10613,76,231251
31513,6.3e-05,172.31.40.0-255,66,10679,76,231251
31514,9.4e-05,172.31.40.0-255,66,10745,76,231251
31515,0.000115,74.125.24.0-255,3168,13913,76,231251
31516,0.000123,172.31.40.0-255,66,13979,76,231251
31517,0.000131,74.125.24.0-255,6797,20776,76,231251
31518,0.000134,172.31.40.0-255,66,20842,76,231251
31519,0.000218,74.125.24.0-255,1484,22326,76,231251
31520,0.000221,172.31.40.0-255,66,22392,76,231251
31521,0.000227,74.125.24.0-255,2902,25294,76,231251
31522,0.000229,172.31.40.0-255,66,25360,76,231251
31523,0.00026,74.125.24.0-255,5738,31098,76,231251
31524,0.000264,172.31.40.0-255,66,31164,76,231251
31525,0.000267,74.125.24.0-255,1484,32648,76,231251
31526,0.000269,172.31.40.0-255,66,32714,76,231251
31527,0.000295,74.125.24.0-255,5379,38093,76,231251
31528,0.000302,172.31.40.0-255,66,38159,76,231251
31529,0.000329,172.31.40.0-255,66,38225,76,231251
31530,0.000334,74.125.24.0-255,2859,41084,76,231251
31531,0.000336,172.31.40.0-255,66,41150,76,231251
31532,0.000339,74.125.24.0-255,372,41522,76,231251
31533,0.000341,172.31.40.0-255,66,41588,76,231251
31534,0.000671,74.125.24.0-255,1484,43072,76,231251
31535,0.000677,172.31.40.0-255,66,43138,76,231251
31536,0.000683,74.125.24.0-255,2902,46040,76,231251
31537,0.000686,172.31.40.0-255,66,46106,76,231251
31538,0.000689,74.125.24.0-255,1484,47590,76,231251
31539,0.000697,172.31.40.0-255,66,47656,76,231251
31540,0.000729,74.125.24.0-255,4320,51976,76,231251
31541,0.000732,172.31.40.0-255,66,52042,76,231251
31542,0.00075,172.31.40.0-255,66,52108,76,231251
31543,0.000789,172.31.40.0-255,66,52174,76,231251
31544,0.001046,74.125.24.0-255,1484,53658,76,231251
31545,0.001051,74.125.24.0-255,1484,55142,76,231251
31546,0.001055,172.31.40.0-255,66,55208,76,231251
31547,0.001081,74.125.24.0-255,1484,56692,76,231251
31548,0.001088,74.125.24.0-255,5738,62430,76,231251
31549,0.00109,172.31.40.0-255,66,62496,76,231251
31550,0.001108,172.31.40.0-255,66,62562,76,231251
31551,0.001131,74.125.24.0-255,1484,64046,76,231251
31552,0.001145,172.31.40.0-255,66,64112,76,231251
31553,0.00163,74.125.24.0-255,1484,65596,76,231251
31554,0.001645,74.125.24.0-255,2902,68498,76,231251
31555,0.001649,172.31.40.0-255,66,68564,76,231251
31556,0.001656,74.125.24.0-255,4320,72884,76,231251
31557,0.001658,172.31.40.0-255,66,72950,76,231251
31558,0.001689,74.125.24.0-255,1484,74434,76,231251
31559,0.001703,172.31.40.0-255,66,74500,76,231251
31560,0.00171,74.125.24.0-255,5738,80238,76,231251
31561,0.001711,172.31.40.0-255,66,80304,76,231251
31562,0.001739,74.125.24.0-255,5020,85324,76,231251
31563,0.001741,172.31.40.0-255,66,85390,76,231251
31564,0.001956,74.125.24.0-255,1484,86874,76,231251
31565,0.001962,74.125.24.0-255,2902,89776,76,231251
31566,0.001965,172.31.40.0-255,66,89842,76,231251
31567,0.00197,74.125.24.0-255,2902,92744,76,231251
31568,0.001972,172.31.40.0-255,66,92810,76,231251
31569,0.001997,74.125.24.0-255,2902,95712,76,231251
31570,0.002004,172.31.40.0-255,66,95778,76,231251
31571,0.00201,74.125.24.0-255,4320,100098,76,231251
31572,0.002012,172.31.40.0-255,66,100164,76,231251
31573,0.002024,172.31.40.0-255,66,100230,76,231251
31574,0.002027,74.125.24.0-255,1484,101714,76,231251
31575,0.002064,74.125.24.0-255,6438,108152,76,231251
31576,0.002067,172.31.40.0-255,66,108218,76,231251
31577,0.002136,74.125.24.0-255,1484,109702,76,231251
31578,0.002163,74.125.24.0-255,2902,112604,76,231251
31579,0.002166,172.31.40.0-255,66,112670,76,231251
31580,0.002172,74.125.24.0-255,5738,118408,76,231251
31581,0.002175,172.31.40.0-255,66,118474,76,231251
31582,0.002183,74.125.24.0-255,1484,119958,76,231251
31583,0.002204,74.125.24.0-255,5738,125696,76,231251
31584,0.002206,172.31.40.0-255,66,125762,76,231251
31585,0.002232,74.125.24.0-255,2902,128664,76,231251
31586,0.002234,172.31.40.0-255,66,128730,76,231251
31587,0.002275,172.31.40.0-255,66,128796,76,231251
31588,0.002279,74.125.24.0-255,2184,130980,76,231251
31589,0.002281,172.31.40.0-255,66,131046,76,231251
31590,0.002305,74.125.24.0-255,1484,132530,76,231251
31591,0.002328,74.125.24.0-255,1484,134014,76,231251
31592,0.002331,172.31.40.0-255,66,134080,76,231251
31593,0.002336,74.125.24.0-255,2902,136982,76,231251
31594,0.002338,172.31.40.0-255,66,137048,76,231251
31595,0.002374,74.125.24.0-255,5738,142786,76,231251
31596,0.002377,172.31.40.0-255,66,142852,76,231251
31597,0.002382,74.125.24.0-255,4320,147172,76,231251
31598,0.002384,172.31.40.0-255,66,147238,76,231251
31599,0.002397,74.125.24.0-255,1484,148722,76,231251
31600,0.002402,74.125.24.0-255,2902,151624,76,231251
31601,0.002405,172.31.40.0-255,66,151690,76,231251
31602,0.00242,74.125.24.0-255,5738,157428,76,231251
31603,0.002423,172.31.40.0-255,66,157494,76,231251
31604,0.002451,74.125.24.0-255,2902,160396,76,231251
31605,0.002454,172.31.40.0-255,66,160462,76,231251
31606,0.002484,74.125.24.0-255,5020,165482,76,231251
31607,0.002487,172.31.40.0-255,66,165548,76,231251
31608,0.002767,74.125.24.0-255,1484,167032,76,231251
31609,0.002773,74.125.24.0-255,2902,169934,76,231251
31610,0.002776,172.31.40.0-255,66,170000,76,231251
31611,0.00278,74.125.24.0-255,1484,171484,76,231251
31612,0.002806,74.125.24.0-255,4320,175804,76,231251
31613,0.002809,172.31.40.0-255,66,175870,76,231251
31614,0.002815,74.125.24.0-255,5738,181608,76,231251
31615,0.002817,172.31.40.0-255,66,181674,76,231251
31616,0.002837,172.31.40.0-255,66,181740,76,231251
31617,0.002862,74.125.24.0-255,5020,186760,76,231251
31618,0.002865,172.31.40.0-255,66,186826,76,231251
31619,0.002909,74.125.24.0-255,1484,188310,76,231251
31620,0.002938,74.125.24.0-255,2902,191212,76,231251
31621,0.002944,74.125.24.0-255,5738,196950,76,231251
31622,0.00295,74.125.24.0-255,5738,202688,76,231251
31623,0.002952,74.125.24.0-255,1484,204172,76,231251
31624,0.002983,74.125.24.0-255,2902,207074,76,231251
31625,0.002998,74.125.24.0-255,1484,208558,76,231251
31626,0.003012,74.125.24.0-255,5020,213578,76,231251
31627,0.003063,74.125.24.0-255,7156,220734,76,231251
31628,0.003096,74.125.24.0-255,5738,226472,76,231251
31629,0.003114,74.125.24.0-255,4320,230792,76,231251
31630,0.003211,74.125.24.0-255,105,230897,76,231251
31631,0.013084,74.125.24.0-255,105,231002,76,231251
31632,0.013104,172.31.40.0-255,78,231080,76,231251
31633,0.015866,172.31.40.0-255,105,231185,76,231251
31634,0.018106,74.125.24.0-255,66,231251,76,231251
31635,0.0,172.217.27.0-255,152,152,76,237148
31636,2.7e-05,172.31.40.0-255,66,218,76,237148
31637,3.4e-05,172.217.27.0-255,1484,1702,76,237148
31638,3.9e-05,172.31.40.0-255,66,1768,76,237148
31639,4.5e-05,172.217.27.0-255,2902,4670,76,237148
31640,5.5e-05,172.31.40.0-255,66,4736,76,237148
31641,6.2e-05,172.217.27.0-255,5738,10474,76,237148
31642,6.5e-05,172.31.40.0-255,66,10540,76,237148
31643,6.8e-05,172.217.27.0-255,1484,12024,76,237148
31644,7.1e-05,172.31.40.0-255,66,12090,76,237148
31645,8.9e-05,172.217.27.0-255,2041,14131,76,237148
31646,9.1e-05,172.31.40.0-255,66,14197,76,237148
31647,0.000699,172.217.27.0-255,1484,15681,76,237148
31648,0.000705,172.31.40.0-255,66,15747,76,237148
31649,0.000715,172.217.27.0-255,2902,18649,76,237148
31650,0.000717,172.31.40.0-255,66,18715,76,237148
31651,0.000728,172.217.27.0-255,5738,24453,76,237148
31652,0.000731,172.31.40.0-255,66,24519,76,237148
31653,0.000736,172.217.27.0-255,2902,27421,76,237148
31654,0.000738,172.31.40.0-255,66,27487,76,237148
31655,0.000766,172.217.27.0-255,3961,31448,76,237148
31656,0.00077,172.31.40.0-255,66,31514,76,237148
31657,0.001077,172.217.27.0-255,1484,32998,76,237148
31658,0.001084,172.31.40.0-255,66,33064,76,237148
31659,0.001091,172.217.27.0-255,2902,35966,76,237148
31660,0.001094,172.31.40.0-255,66,36032,76,237148
31661,0.001105,172.217.27.0-255,5738,41770,76,237148
31662,0.001108,172.31.40.0-255,66,41836,76,237148
31663,0.001115,172.217.27.0-255,6797,48633,76,237148
31664,0.001118,172.31.40.0-255,66,48699,76,237148
31665,0.001124,172.217.27.0-255,7156,55855,76,237148
31666,0.001127,172.31.40.0-255,66,55921,76,237148
31667,0.001153,172.217.27.0-255,7156,63077,76,237148
31668,0.001156,172.31.40.0-255,66,63143,76,237148
31669,0.001179,172.217.27.0-255,2543,65686,76,237148
31670,0.001182,172.31.40.0-255,66,65752,76,237148
31671,0.002779,172.217.27.0-255,2902,68654,76,237148
31672,0.002785,172.31.40.0-255,66,68720,76,237148
31673,0.002811,172.217.27.0-255,2902,71622,76,237148
31674,0.002814,172.31.40.0-255,66,71688,76,237148
31675,0.004428,172.217.27.0-255,5738,77426,76,237148
31676,0.004434,172.31.40.0-255,66,77492,76,237148
31677,0.006079,172.217.27.0-255,5738,83230,76,237148
31678,0.006085,172.31.40.0-255,66,83296,76,237148
31679,0.007721,172.217.27.0-255,5738,89034,76,237148
31680,0.007728,172.31.40.0-255,66,89100,76,237148
31681,0.009371,172.217.27.0-255,5738,94838,76,237148
31682,0.009377,172.31.40.0-255,66,94904,76,237148
31683,0.011021,172.217.27.0-255,5738,100642,76,237148
31684,0.01103,172.31.40.0-255,66,100708,76,237148
31685,0.012666,172.217.27.0-255,5738,106446,76,237148
31686,0.012673,172.31.40.0-255,66,106512,76,237148
31687,0.014334,172.217.27.0-255,5738,112250,76,237148
31688,0.014341,172.31.40.0-255,66,112316,76,237148
31689,0.015984,172.217.27.0-255,4320,116636,76,237148
31690,0.015992,172.31.40.0-255,66,116702,76,237148
31691,0.016022,172.217.27.0-255,1484,118186,76,237148
31692,0.017642,172.217.27.0-255,4320,122506,76,237148
31693,0.017649,172.31.40.0-255,66,122572,76,237148
31694,0.019308,172.217.27.0-255,5738,128310,76,237148
31695,0.019315,172.31.40.0-255,66,128376,76,237148
31696,0.020945,172.217.27.0-255,5738,134114,76,237148
31697,0.020952,172.31.40.0-255,66,134180,76,237148
31698,0.022582,172.217.27.0-255,5738,139918,76,237148
31699,0.022587,172.31.40.0-255,66,139984,76,237148
31700,0.023285,172.31.40.0-255,172,140156,76,237148
31701,0.023325,172.31.40.0-255,1109,141265,76,237148
31702,0.023373,172.31.40.0-255,1514,142779,76,237148
31703,0.023374,172.31.40.0-255,1307,144086,76,237148
31704,0.024235,172.217.27.0-255,5738,149824,76,237148
31705,0.024242,172.31.40.0-255,66,149890,76,237148
31706,0.024813,104.244.42.0-255,66,149956,76,237148
31707,0.024879,104.244.42.0-255,66,150022,76,237148
31708,0.024884,104.244.42.0-255,66,150088,76,237148
31709,0.025908,172.217.27.0-255,5738,155826,76,237148
31710,0.025915,172.31.40.0-255,66,155892,76,237148
31711,0.027571,172.217.27.0-255,5738,161630,76,237148
31712,0.027578,172.31.40.0-255,66,161696,76,237148
31713,0.029227,172.217.27.0-255,5738,167434,76,237148
31714,0.029233,172.31.40.0-255,66,167500,76,237148
31715,0.030873,172.217.27.0-255,5738,173238,76,237148
31716,0.03088,172.31.40.0-255,66,173304,76,237148
31717,0.032539,172.217.27.0-255,5738,179042,76,237148
31718,0.032551,172.31.40.0-255,66,179108,76,237148
31719,0.034203,172.217.27.0-255,5738,184846,76,237148
31720,0.034214,172.31.40.0-255,66,184912,76,237148
31721,0.035861,172.217.27.0-255,5738,190650,76,237148
31722,0.035872,172.31.40.0-255,66,190716,76,237148
31723,0.037514,172.217.27.0-255,5738,196454,76,237148
31724,0.037524,172.31.40.0-255,66,196520,76,237148
31725,0.039171,172.217.27.0-255,5738,202258,76,237148
31726,0.039194,172.31.40.0-255,66,202324,76,237148
31727,0.04083,172.217.27.0-255,5738,208062,76,237148
31728,0.040838,172.31.40.0-255,66,208128,76,237148
31729,0.042485,172.217.27.0-255,5738,213866,76,237148
31730,0.042496,172.31.40.0-255,66,213932,76,237148
31731,0.044142,172.217.27.0-255,5738,219670,76,237148
31732,0.044155,172.31.40.0-255,66,219736,76,237148
31733,0.04579,172.217.27.0-255,5738,225474,76,237148
31734,0.045797,172.31.40.0-255,66,225540,76,237148
31735,0.047444,172.217.27.0-255,5738,231278,76,237148
31736,0.047451,172.31.40.0-255,66,231344,76,237148
31737,0.049124,172.217.27.0-255,5738,237082,76,237148
31738,0.049134,172.31.40.0-255,66,237148,76,237148
31739,0.0,74.125.24.0-255,152,152,76,204873
31740,1.4e-05,172.31.40.0-255,66,218,76,204873
31741,2e-05,74.125.24.0-255,1484,1702,76,204873
31742,2.4e-05,172.31.40.0-255,66,1768,76,204873
31743,3e-05,74.125.24.0-255,2902,4670,76,204873
31744,3.2e-05,172.31.40.0-255,66,4736,76,204873
31745,6.4e-05,74.125.24.0-255,7156,11892,76,204873
31746,6.7e-05,172.31.40.0-255,66,11958,76,204873
31747,7.1e-05,74.125.24.0-255,2070,14028,76,204873
31748,7.4e-05,172.31.40.0-255,66,14094,76,204873
31749,0.000145,74.125.24.0-255,1484,15578,76,204873
31750,0.000148,172.31.40.0-255,66,15644,76,204873
31751,0.000152,74.125.24.0-255,1484,17128,76,204873
31752,0.000154,172.31.40.0-255,66,17194,76,204873
31753,0.000171,74.125.24.0-255,1484,18678,76,204873
31754,0.000174,172.31.40.0-255,66,18744,76,204873
31755,0.000181,74.125.24.0-255,5738,24482,76,204873
31756,0.000183,172.31.40.0-255,66,24548,76,204873
31757,0.000188,74.125.24.0-255,4320,28868,76,204873
31758,0.00019,172.31.40.0-255,66,28934,76,204873
31759,0.000216,74.125.24.0-255,2543,31477,76,204873
31760,0.000218,172.31.40.0-255,66,31543,76,204873
31761,0.00048,74.125.24.0-255,1484,33027,76,204873
31762,0.000485,172.31.40.0-255,66,33093,76,204873
31763,0.00049,74.125.24.0-255,2902,35995,76,204873
31764,0.000492,172.31.40.0-255,66,36061,76,204873
31765,0.000495,74.125.24.0-255,1484,37545,76,204873
31766,0.000497,172.31.40.0-255,66,37611,76,204873
31767,0.00052,74.125.24.0-255,4320,41931,76,204873
31768,0.000522,172.31.40.0-255,66,41997,76,204873
31769,0.000527,74.125.24.0-255,2902,44899,76,204873
31770,0.000529,172.31.40.0-255,66,44965,76,204873
31771,0.000573,172.31.40.0-255,66,45031,76,204873
31772,0.000583,172.31.40.0-255,66,45097,76,204873
31773,0.000656,74.125.24.0-255,133,45230,76,204873
31774,0.000671,74.125.24.0-255,341,45571,76,204873
31775,0.00093,74.125.24.0-255,1484,47055,76,204873
31776,0.000935,172.31.40.0-255,66,47121,76,204873
31777,0.00094,74.125.24.0-255,2902,50023,76,204873
31778,0.000943,172.31.40.0-255,66,50089,76,204873
31779,0.000946,74.125.24.0-255,1484,51573,76,204873
31780,0.000966,74.125.24.0-255,4320,55893,76,204873
31781,0.000969,172.31.40.0-255,66,55959,76,204873
31782,0.00098,172.31.40.0-255,66,56025,76,204873
31783,0.000993,74.125.24.0-255,2902,58927,76,204873
31784,0.000996,172.31.40.0-255,66,58993,76,204873
31785,0.001028,172.31.40.0-255,66,59059,76,204873
31786,0.001404,74.125.24.0-255,1484,60543,76,204873
31787,0.001413,74.125.24.0-255,2902,63445,76,204873
31788,0.001417,172.31.40.0-255,66,63511,76,204873
31789,0.001425,74.125.24.0-255,5738,69249,76,204873
31790,0.001427,172.31.40.0-255,66,69315,76,204873
31791,0.001477,172.31.40.0-255,66,69381,76,204873
31792,0.00148,74.125.24.0-255,1484,70865,76,204873
31793,0.001554,172.31.40.0-255,66,70931,76,204873
31794,0.001945,74.125.24.0-255,1484,72415,76,204873
31795,0.001954,74.125.24.0-255,2902,75317,76,204873
31796,0.001959,172.31.40.0-255,66,75383,76,204873
31797,0.001963,74.125.24.0-255,1484,76867,76,204873
31798,0.001985,74.125.24.0-255,4320,81187,76,204873
31799,0.001987,172.31.40.0-255,66,81253,76,204873
31800,0.001991,74.125.24.0-255,1484,82737,76,204873
31801,0.002014,172.31.40.0-255,66,82803,76,204873
31802,0.002042,74.125.24.0-255,1484,84287,76,204873
31803,0.002054,172.31.40.0-255,66,84353,76,204873
31804,0.002293,74.125.24.0-255,1484,85837,76,204873
31805,0.002299,74.125.24.0-255,2902,88739,76,204873
31806,0.002307,172.31.40.0-255,66,88805,76,204873
31807,0.002323,74.125.24.0-255,5738,94543,76,204873
31808,0.002327,172.31.40.0-255,66,94609,76,204873
31809,0.002358,172.31.40.0-255,66,94675,76,204873
31810,0.002387,172.31.40.0-255,66,94741,76,204873
31811,0.002406,74.125.24.0-255,2184,96925,76,204873
31812,0.002408,172.31.40.0-255,66,96991,76,204873
31813,0.004929,74.125.24.0-255,2902,99893,76,204873
31814,0.004935,172.31.40.0-255,66,99959,76,204873
31815,0.004957,74.125.24.0-255,2902,102861,76,204873
31816,0.004959,172.31.40.0-255,66,102927,76,204873
31817,0.007458,74.125.24.0-255,1484,104411,76,204873
31818,0.00748,74.125.24.0-255,1484,105895,76,204873
31819,0.007482,172.31.40.0-255,66,105961,76,204873
31820,0.007495,74.125.24.0-255,2902,108863,76,204873
31821,0.007497,172.31.40.0-255,66,108929,76,204873
31822,0.01004,74.125.24.0-255,5738,114667,76,204873
31823,0.010049,172.31.40.0-255,66,114733,76,204873
31824,0.012601,74.125.24.0-255,5738,120471,76,204873
31825,0.012608,172.31.40.0-255,66,120537,76,204873
31826,0.015133,74.125.24.0-255,5738,126275,76,204873
31827,0.01514,172.31.40.0-255,66,126341,76,204873
31828,0.017695,74.125.24.0-255,5738,132079,76,204873
31829,0.017703,172.31.40.0-255,66,132145,76,204873
31830,0.02023,74.125.24.0-255,5738,137883,76,204873
31831,0.020238,172.31.40.0-255,66,137949,76,204873
31832,0.022775,74.125.24.0-255,2902,140851,76,204873
31833,0.022781,172.31.40.0-255,66,140917,76,204873
31834,0.022806,74.125.24.0-255,2902,143819,76,204873
31835,0.022808,172.31.40.0-255,66,143885,76,204873
31836,0.025345,74.125.24.0-255,5738,149623,76,204873
31837,0.025355,172.31.40.0-255,66,149689,76,204873
31838,0.027934,74.125.24.0-255,4320,154009,76,204873
31839,0.027942,172.31.40.0-255,66,154075,76,204873
31840,0.027962,74.125.24.0-255,1484,155559,76,204873
31841,0.03048,74.125.24.0-255,4320,159879,76,204873
31842,0.030489,172.31.40.0-255,66,159945,76,204873
31843,0.033031,74.125.24.0-255,5738,165683,76,204873
31844,0.033038,172.31.40.0-255,66,165749,76,204873
31845,0.034505,172.31.40.0-255,172,165921,76,204873
31846,0.034537,172.31.40.0-255,1109,167030,76,204873
31847,0.034595,172.31.40.0-255,1514,168544,76,204873
31848,0.034597,172.31.40.0-255,1307,169851,76,204873
31849,0.035585,74.125.24.0-255,5738,175589,76,204873
31850,0.035591,172.31.40.0-255,66,175655,76,204873
31851,0.036052,104.244.42.0-255,66,175721,76,204873
31852,0.03616,104.244.42.0-255,66,175787,76,204873
31853,0.036165,104.244.42.0-255,66,175853,76,204873
31854,0.038179,74.125.24.0-255,5738,181591,76,204873
31855,0.038186,172.31.40.0-255,66,181657,76,204873
31856,0.040767,74.125.24.0-255,5738,187395,76,204873
31857,0.040772,172.31.40.0-255,66,187461,76,204873
31858,0.043303,74.125.24.0-255,5738,193199,76,204873
31859,0.043309,172.31.40.0-255,66,193265,76,204873
31860,0.045905,74.125.24.0-255,5738,199003,76,204873
31861,0.045912,172.31.40.0-255,66,199069,76,204873
31862,0.048478,74.125.24.0-255,5738,204807,76,204873
31863,0.048484,172.31.40.0-255,66,204873,76,204873
31864,0.0,172.217.194.0-255,152,152,76,238588
31865,1.4e-05,172.31.40.0-255,66,218,76,238588
31866,3.5e-05,172.217.194.0-255,1484,1702,76,238588
31867,3.9e-05,172.31.40.0-255,66,1768,76,238588
31868,4.5e-05,172.217.194.0-255,2902,4670,76,238588
31869,4.8e-05,172.31.40.0-255,66,4736,76,238588
31870,5.6e-05,172.217.194.0-255,7156,11892,76,238588
31871,5.9e-05,172.31.40.0-255,66,11958,76,238588
31872,6.7e-05,172.217.194.0-255,6409,18367,76,238588
31873,6.9e-05,172.31.40.0-255,66,18433,76,238588
31874,0.000152,172.31.40.0-255,66,18499,76,238588
31875,0.000175,172.217.194.0-255,1484,19983,76,238588
31876,0.000178,172.31.40.0-255,66,20049,76,238588
31877,0.000183,172.217.194.0-255,2902,22951,76,238588
31878,0.000185,172.31.40.0-255,66,23017,76,238588
31879,0.000192,172.217.194.0-255,5738,28755,76,238588
31880,0.000194,172.31.40.0-255,66,28821,76,238588
31881,0.00022,172.31.40.0-255,66,28887,76,238588
31882,0.000272,172.217.194.0-255,7156,36043,76,238588
31883,0.000275,172.31.40.0-255,66,36109,76,238588
31884,0.000294,172.217.194.0-255,6763,42872,76,238588
31885,0.000297,172.31.40.0-255,66,42938,76,238588
31886,0.000443,172.217.194.0-255,382,43320,76,238588
31887,0.000449,172.31.40.0-255,66,43386,76,238588
31888,0.000644,172.217.194.0-255,1484,44870,76,238588
31889,0.000649,172.31.40.0-255,66,44936,76,238588
31890,0.000663,172.217.194.0-255,2902,47838,76,238588
31891,0.000666,172.31.40.0-255,66,47904,76,238588
31892,0.000672,172.217.194.0-255,4320,52224,76,238588
31893,0.000674,172.31.40.0-255,66,52290,76,238588
31894,0.000694,172.217.194.0-255,1484,53774,76,238588
31895,0.000723,172.31.40.0-255,66,53840,76,238588
31896,0.000743,172.217.194.0-255,2902,56742,76,238588
31897,0.000746,172.31.40.0-255,66,56808,76,238588
31898,0.000752,172.217.194.0-255,5738,62546,76,238588
31899,0.000754,172.31.40.0-255,66,62612,76,238588
31900,0.000778,172.217.194.0-255,5020,67632,76,238588
31901,0.000781,172.31.40.0-255,66,67698,76,238588
31902,0.001304,172.217.194.0-255,1484,69182,76,238588
31903,0.001323,172.217.194.0-255,2902,72084,76,238588
31904,0.001328,172.31.40.0-255,66,72150,76,238588
31905,0.001349,172.217.194.0-255,5738,77888,76,238588
31906,0.001352,172.31.40.0-255,66,77954,76,238588
31907,0.001374,172.217.194.0-255,1484,79438,76,238588
31908,0.001389,172.217.194.0-255,7156,86594,76,238588
31909,0.001392,172.31.40.0-255,66,86660,76,238588
31910,0.001415,172.217.194.0-255,4320,90980,76,238588
31911,0.001417,172.31.40.0-255,66,91046,76,238588
31912,0.001427,172.31.40.0-255,66,91112,76,238588
31913,0.001441,172.217.194.0-255,2184,93296,76,238588
31914,0.001444,172.31.40.0-255,66,93362,76,238588
31915,0.001476,172.217.194.0-255,2902,96264,76,238588
31916,0.001478,172.31.40.0-255,66,96330,76,238588
31917,0.001501,172.217.194.0-255,5738,102068,76,238588
31918,0.001504,172.31.40.0-255,66,102134,76,238588
31919,0.001516,172.31.40.0-255,66,102200,76,238588
31920,0.001531,172.31.40.0-255,66,102266,76,238588
31921,0.001886,172.217.194.0-255,1484,103750,76,238588
31922,0.001892,172.217.194.0-255,2902,106652,76,238588
31923,0.001896,172.31.40.0-255,66,106718,76,238588
31924,0.0019,172.217.194.0-255,1484,108202,76,238588
31925,0.001918,172.217.194.0-255,4320,112522,76,238588
31926,0.001921,172.31.40.0-255,66,112588,76,238588
31927,0.001944,172.31.40.0-255,66,112654,76,238588
31928,0.001969,172.217.194.0-255,4320,116974,76,238588
31929,0.001972,172.31.40.0-255,66,117040,76,238588
31930,0.001991,172.217.194.0-255,2902,119942,76,238588
31931,0.001994,172.31.40.0-255,66,120008,76,238588
31932,0.002028,172.31.40.0-255,66,120074,76,238588
31933,0.002053,172.31.40.0-255,66,120140,76,238588
31934,0.002082,172.217.194.0-255,1484,121624,76,238588
31935,0.002111,172.31.40.0-255,66,121690,76,238588
31936,0.002114,172.31.40.0-255,66,121756,76,238588
31937,0.002129,172.217.194.0-255,2902,124658,76,238588
31938,0.002132,172.31.40.0-255,66,124724,76,238588
31939,0.00215,172.217.194.0-255,4320,129044,76,238588
31940,0.002153,172.31.40.0-255,66,129110,76,238588
31941,0.002181,172.31.40.0-255,66,129176,76,238588
31942,0.002192,172.217.194.0-255,4320,133496,76,238588
31943,0.002194,172.31.40.0-255,66,133562,76,238588
31944,0.002208,172.217.194.0-255,5738,139300,76,238588
31945,0.002211,172.31.40.0-255,66,139366,76,238588
31946,0.002236,172.217.194.0-255,2902,142268,76,238588
31947,0.002238,172.31.40.0-255,66,142334,76,238588
31948,0.002253,172.217.194.0-255,5020,147354,76,238588
31949,0.002256,172.31.40.0-255,66,147420,76,238588
31950,0.002311,172.217.194.0-255,4320,151740,76,238588
31951,0.002315,172.31.40.0-255,66,151806,76,238588
31952,0.002338,172.217.194.0-255,5738,157544,76,238588
31953,0.002341,172.31.40.0-255,66,157610,76,238588
31954,0.002346,172.217.194.0-255,4320,161930,76,238588
31955,0.002349,172.31.40.0-255,66,161996,76,238588
31956,0.002363,172.217.194.0-255,5738,167734,76,238588
31957,0.002366,172.31.40.0-255,66,167800,76,238588
31958,0.002391,172.217.194.0-255,1484,169284,76,238588
31959,0.002403,172.31.40.0-255,66,169350,76,238588
31960,0.002407,172.217.194.0-255,3602,172952,76,238588
31961,0.00241,172.31.40.0-255,66,173018,76,238588
31962,0.00275,172.217.194.0-255,1484,174502,76,238588
31963,0.002763,172.217.194.0-255,2902,177404,76,238588
31964,0.002767,172.31.40.0-255,66,177470,76,238588
31965,0.002773,172.217.194.0-255,2902,180372,76,238588
31966,0.002775,172.31.40.0-255,66,180438,76,238588
31967,0.002788,172.217.194.0-255,2902,183340,76,238588
31968,0.002791,172.31.40.0-255,66,183406,76,238588
31969,0.002794,172.217.194.0-255,1484,184890,76,238588
31970,0.002821,172.217.194.0-255,4320,189210,76,238588
31971,0.002823,172.31.40.0-255,66,189276,76,238588
31972,0.002877,172.31.40.0-255,66,189342,76,238588
31973,0.002883,172.217.194.0-255,5020,194362,76,238588
31974,0.002885,172.31.40.0-255,66,194428,76,238588
31975,0.002905,172.217.194.0-255,1484,195912,76,238588
31976,0.002909,172.217.194.0-255,2902,198814,76,238588
31977,0.002911,172.31.40.0-255,66,198880,76,238588
31978,0.002914,172.217.194.0-255,1484,200364,76,238588
31979,0.002949,172.217.194.0-255,4320,204684,76,238588
31980,0.002952,172.31.40.0-255,66,204750,76,238588
31981,0.002964,172.31.40.0-255,66,204816,76,238588
31982,0.002982,172.217.194.0-255,1484,206300,76,238588
31983,0.002992,172.31.40.0-255,66,206366,76,238588
31984,0.002995,172.217.194.0-255,766,207132,76,238588
31985,0.003036,172.217.194.0-255,1484,208616,76,238588
31986,0.003038,172.31.40.0-255,66,208682,76,238588
31987,0.003044,172.217.194.0-255,2902,211584,76,238588
31988,0.003046,172.31.40.0-255,66,211650,76,238588
31989,0.00305,172.217.194.0-255,2902,214552,76,238588
31990,0.003053,172.31.40.0-255,66,214618,76,238588
31991,0.003073,172.217.194.0-255,2902,217520,76,238588
31992,0.003076,172.31.40.0-255,66,217586,76,238588
31993,0.003083,172.217.194.0-255,7156,224742,76,238588
31994,0.003085,172.31.40.0-255,66,224808,76,238588
31995,0.003088,172.217.194.0-255,1484,226292,76,238588
31996,0.003123,172.31.40.0-255,66,226358,76,238588
31997,0.003127,172.217.194.0-255,2184,228542,76,238588
31998,0.003129,172.31.40.0-255,66,228608,76,238588
31999,0.003168,172.217.194.0-255,5738,234346,76,238588
32000,0.003171,172.31.40.0-255,66,234412,76,238588
32001,0.003188,172.217.194.0-255,287,234699,76,238588
32002,0.003191,172.217.194.0-255,97,234796,76,238588
32003,0.003217,172.217.194.0-255,105,234901,76,238588
32004,0.011816,172.217.194.0-255,105,235006,76,238588
32005,0.011834,172.31.40.0-255,78,235084,76,238588
32006,0.013982,172.31.40.0-255,105,235189,76,238588
32007,0.016207,172.217.194.0-255,66,235255,76,238588
32008,0.041018,172.31.40.0-255,172,235427,76,238588
32009,0.041062,172.31.40.0-255,1104,236531,76,238588
32010,0.04112,172.31.40.0-255,1514,238045,76,238588
32011,0.041122,172.31.40.0-255,345,238390,76,238588
32012,0.042621,104.244.42.0-255,66,238456,76,238588
32013,0.042652,104.244.42.0-255,66,238522,76,238588
32014,0.04271,104.244.42.0-255,66,238588,76,238588
32015,0.0,172.217.194.0-255,152,152,76,249906
32016,3.1e-05,172.31.40.0-255,66,218,76,249906
32017,3.9e-05,172.217.194.0-255,1484,1702,76,249906
32018,4.5e-05,172.31.40.0-255,66,1768,76,249906
32019,5.7e-05,172.217.194.0-255,2902,4670,76,249906
32020,6.1e-05,172.31.40.0-255,66,4736,76,249906
32021,6.9e-05,172.217.194.0-255,7156,11892,76,249906
32022,7.2e-05,172.31.40.0-255,66,11958,76,249906
32023,7.6e-05,172.217.194.0-255,2066,14024,76,249906
32024,7.9e-05,172.31.40.0-255,66,14090,76,249906
32025,9.4e-05,172.31.40.0-255,66,14156,76,249906
32026,0.000101,172.217.194.0-255,5379,19535,76,249906
32027,0.000103,172.31.40.0-255,66,19601,76,249906
32028,0.000184,172.217.194.0-255,1484,21085,76,249906
32029,0.000187,172.31.40.0-255,66,21151,76,249906
32030,0.000201,172.217.194.0-255,2902,24053,76,249906
32031,0.000203,172.31.40.0-255,66,24119,76,249906
32032,0.000213,172.217.194.0-255,5738,29857,76,249906
32033,0.000215,172.31.40.0-255,66,29923,76,249906
32034,0.000245,172.217.194.0-255,6797,36720,76,249906
32035,0.000248,172.31.40.0-255,66,36786,76,249906
32036,0.000275,172.217.194.0-255,4320,41106,76,249906
32037,0.00028,172.31.40.0-255,66,41172,76,249906
32038,0.00029,172.217.194.0-255,2902,44074,76,249906
32039,0.000292,172.31.40.0-255,66,44140,76,249906
32040,0.000296,172.217.194.0-255,2902,47042,76,249906
32041,0.000298,172.31.40.0-255,66,47108,76,249906
32042,0.000334,172.217.194.0-255,6797,53905,76,249906
32043,0.000337,172.31.40.0-255,66,53971,76,249906
32044,0.001187,172.217.194.0-255,361,54332,76,249906
32045,0.001193,172.31.40.0-255,66,54398,76,249906
32046,0.001267,172.217.194.0-255,1484,55882,76,249906
32047,0.001288,172.217.194.0-255,2902,58784,76,249906
32048,0.001291,172.31.40.0-255,66,58850,76,249906
32049,0.001299,172.217.194.0-255,5738,64588,76,249906
32050,0.001301,172.31.40.0-255,66,64654,76,249906
32051,0.001331,172.31.40.0-255,66,64720,76,249906
32052,0.001356,172.217.194.0-255,1484,66204,76,249906
32053,0.001381,172.31.40.0-255,66,66270,76,249906
32054,0.001412,172.217.194.0-255,5020,71290,76,249906
32055,0.001415,172.31.40.0-255,66,71356,76,249906
32056,0.001731,172.217.194.0-255,1484,72840,76,249906
32057,0.001739,172.217.194.0-255,2902,75742,76,249906
32058,0.001743,172.31.40.0-255,66,75808,76,249906
32059,0.001747,172.217.194.0-255,1484,77292,76,249906
32060,0.001781,172.217.194.0-255,4320,81612,76,249906
32061,0.001784,172.31.40.0-255,66,81678,76,249906
32062,0.001792,172.217.194.0-255,7156,88834,76,249906
32063,0.001794,172.31.40.0-255,66,88900,76,249906
32064,0.001833,172.31.40.0-255,66,88966,76,249906
32065,0.001838,172.217.194.0-255,2184,91150,76,249906
32066,0.00184,172.31.40.0-255,66,91216,76,249906
32067,0.001892,172.217.194.0-255,1484,92700,76,249906
32068,0.001898,172.217.194.0-255,2902,95602,76,249906
32069,0.001901,172.31.40.0-255,66,95668,76,249906
32070,0.001907,172.217.194.0-255,5738,101406,76,249906
32071,0.001909,172.31.40.0-255,66,101472,76,249906
32072,0.001944,172.217.194.0-255,5738,107210,76,249906
32073,0.001948,172.31.40.0-255,66,107276,76,249906
32074,0.001959,172.31.40.0-255,66,107342,76,249906
32075,0.001979,172.217.194.0-255,2902,110244,76,249906
32076,0.001981,172.31.40.0-255,66,110310,76,249906
32077,0.002009,172.217.194.0-255,5020,115330,76,249906
32078,0.002011,172.31.40.0-255,66,115396,76,249906
32079,0.002071,172.217.194.0-255,5738,121134,76,249906
32080,0.002075,172.31.40.0-255,66,121200,76,249906
32081,0.002079,172.217.194.0-255,1484,122684,76,249906
32082,0.002086,172.217.194.0-255,5738,128422,76,249906
32083,0.002088,172.31.40.0-255,66,128488,76,249906
32084,0.002105,172.217.194.0-255,2902,131390,76,249906
32085,0.002112,172.31.40.0-255,66,131456,76,249906
32086,0.002154,172.31.40.0-255,66,131522,76,249906
32087,0.002179,172.217.194.0-255,2184,133706,76,249906
32088,0.002181,172.31.40.0-255,66,133772,76,249906
32089,0.002194,172.31.40.0-255,66,133838,76,249906
32090,0.002226,172.217.194.0-255,5738,139576,76,249906
32091,0.002229,172.31.40.0-255,66,139642,76,249906
32092,0.002241,172.31.40.0-255,66,139708,76,249906
32093,0.002277,172.31.40.0-255,66,139774,76,249906
32094,0.002298,172.31.40.0-255,66,139840,76,249906
32095,0.002317,172.31.40.0-255,66,139906,76,249906
32096,0.002322,172.217.194.0-255,2902,142808,76,249906
32097,0.002324,172.31.40.0-255,66,142874,76,249906
32098,0.002352,172.217.194.0-255,766,143640,76,249906
32099,0.004893,172.217.194.0-255,1484,145124,76,249906
32100,0.004898,172.31.40.0-255,66,145190,76,249906
32101,0.00495,172.217.194.0-255,2902,148092,76,249906
32102,0.004953,172.31.40.0-255,66,148158,76,249906
32103,0.007496,172.217.194.0-255,2902,151060,76,249906
32104,0.007502,172.31.40.0-255,66,151126,76,249906
32105,0.007547,172.217.194.0-255,2902,154028,76,249906
32106,0.007549,172.31.40.0-255,66,154094,76,249906
32107,0.010121,172.217.194.0-255,4320,158414,76,249906
32108,0.010126,172.31.40.0-255,66,158480,76,249906
32109,0.010143,172.217.194.0-255,1484,159964,76,249906
32110,0.012779,172.217.194.0-255,4320,164284,76,249906
32111,0.012788,172.31.40.0-255,66,164350,76,249906
32112,0.015401,172.217.194.0-255,5738,170088,76,249906
32113,0.015408,172.31.40.0-255,66,170154,76,249906
32114,0.018039,172.217.194.0-255,5738,175892,76,249906
32115,0.018049,172.31.40.0-255,66,175958,76,249906
32116,0.020678,172.217.194.0-255,5738,181696,76,249906
32117,0.020688,172.31.40.0-255,66,181762,76,249906
32118,0.02334,172.217.194.0-255,5738,187500,76,249906
32119,0.023357,172.31.40.0-255,66,187566,76,249906
32120,0.026019,172.217.194.0-255,5738,193304,76,249906
32121,0.026027,172.31.40.0-255,66,193370,76,249906
32122,0.028649,172.217.194.0-255,5738,199108,76,249906
32123,0.028656,172.31.40.0-255,66,199174,76,249906
32124,0.031264,172.217.194.0-255,5738,204912,76,249906
32125,0.031274,172.31.40.0-255,66,204978,76,249906
32126,0.033884,172.217.194.0-255,5738,210716,76,249906
32127,0.033902,172.31.40.0-255,66,210782,76,249906
32128,0.03652,172.217.194.0-255,5738,216520,76,249906
32129,0.036531,172.31.40.0-255,66,216586,76,249906
32130,0.039164,172.217.194.0-255,5738,222324,76,249906
32131,0.039182,172.31.40.0-255,66,222390,76,249906
32132,0.041809,172.217.194.0-255,5738,228128,76,249906
32133,0.041816,172.31.40.0-255,66,228194,76,249906
32134,0.042214,172.31.40.0-255,172,228366,76,249906
32135,0.042245,172.31.40.0-255,1109,229475,76,249906
32136,0.042303,172.31.40.0-255,1514,230989,76,249906
32137,0.042305,172.31.40.0-255,1307,232296,76,249906
32138,0.043759,104.244.42.0-255,66,232362,76,249906
32139,0.043784,104.244.42.0-255,66,232428,76,249906
32140,0.043892,104.244.42.0-255,66,232494,76,249906
32141,0.04442,172.217.194.0-255,5738,238232,76,249906
32142,0.044451,172.31.40.0-255,66,238298,76,249906
32143,0.047077,172.217.194.0-255,5738,244036,76,249906
32144,0.047095,172.31.40.0-255,66,244102,76,249906
32145,0.049738,172.217.194.0-255,5738,249840,76,249906
32146,0.049764,172.31.40.0-255,66,249906,76,249906
32147,0.0,74.125.24.0-255,153,153,76,300042
32148,2.1e-05,172.31.40.0-255,66,219,76,300042
32149,2.8e-05,74.125.24.0-255,1484,1703,76,300042
32150,3.2e-05,172.31.40.0-255,66,1769,76,300042
32151,3.7e-05,74.125.24.0-255,2902,4671,76,300042
32152,4.1e-05,172.31.40.0-255,66,4737,76,300042
32153,4.7e-05,74.125.24.0-255,7156,11893,76,300042
32154,5e-05,172.31.40.0-255,66,11959,76,300042
32155,5.4e-05,74.125.24.0-255,1931,13890,76,300042
32156,5.7e-05,172.31.40.0-255,66,13956,76,300042
32157,9.5e-05,172.31.40.0-255,66,14022,76,300042
32158,0.000124,172.31.40.0-255,66,14088,76,300042
32159,0.000147,74.125.24.0-255,4320,18408,76,300042
32160,0.000149,172.31.40.0-255,66,18474,76,300042
32161,0.00016,172.31.40.0-255,66,18540,76,300042
32162,0.000175,74.125.24.0-255,6438,24978,76,300042
32163,0.000178,172.31.40.0-255,66,25044,76,300042
32164,0.000183,74.125.24.0-255,5738,30782,76,300042
32165,0.000185,172.31.40.0-255,66,30848,76,300042
32166,0.000219,74.125.24.0-255,1747,32595,76,300042
32167,0.000221,172.31.40.0-255,66,32661,76,300042
32168,0.000377,74.125.24.0-255,1484,34145,76,300042
32169,0.000382,172.31.40.0-255,66,34211,76,300042
32170,0.000387,74.125.24.0-255,2902,37113,76,300042
32171,0.000389,172.31.40.0-255,66,37179,76,300042
32172,0.000395,74.125.24.0-255,5738,42917,76,300042
32173,0.000396,172.31.40.0-255,66,42983,76,300042
32174,0.000428,172.31.40.0-255,66,43049,76,300042
32175,0.000463,74.125.24.0-255,5738,48787,76,300042
32176,0.000479,74.125.24.0-255,5020,53807,76,300042
32177,0.000491,172.31.40.0-255,66,53873,76,300042
32178,0.000803,74.125.24.0-255,1484,55357,76,300042
32179,0.000809,74.125.24.0-255,2902,58259,76,300042
32180,0.000817,172.31.40.0-255,66,58325,76,300042
32181,0.000823,74.125.24.0-255,1484,59809,76,300042
32182,0.000842,74.125.24.0-255,4320,64129,76,300042
32183,0.000847,74.125.24.0-255,4320,68449,76,300042
32184,0.000853,172.31.40.0-255,66,68515,76,300042
32185,0.000863,74.125.24.0-255,2902,71417,76,300042
32186,0.000876,74.125.24.0-255,4320,75737,76,300042
32187,0.000886,172.31.40.0-255,66,75803,76,300042
32188,0.000903,74.125.24.0-255,2184,77987,76,300042
32189,0.000911,172.31.40.0-255,66,78053,76,300042
32190,0.000942,74.125.24.0-255,4320,82373,76,300042
32191,0.00095,172.31.40.0-255,66,82439,76,300042
32192,0.000965,74.125.24.0-255,5738,88177,76,300042
32193,0.000978,74.125.24.0-255,4320,92497,76,300042
32194,0.000982,172.31.40.0-255,66,92563,76,300042
32195,0.000996,74.125.24.0-255,7156,99719,76,300042
32196,0.001003,74.125.24.0-255,7156,106875,76,300042
32197,0.001013,172.31.40.0-255,66,106941,76,300042
32198,0.00105,74.125.24.0-255,4320,111261,76,300042
32199,0.00108,172.31.40.0-255,66,111327,76,300042
32200,0.001085,172.31.40.0-255,66,111393,76,300042
32201,0.001108,74.125.24.0-255,5738,117131,76,300042
32202,0.001135,74.125.24.0-255,2902,120033,76,300042
32203,0.001141,172.31.40.0-255,66,120099,76,300042
32204,0.001157,74.125.24.0-255,5738,125837,76,300042
32205,0.001162,74.125.24.0-255,4320,130157,76,300042
32206,0.001168,74.125.24.0-255,7156,137313,76,300042
32207,0.001176,172.31.40.0-255,66,137379,76,300042
32208,0.001187,74.125.24.0-255,7156,144535,76,300042
32209,0.0012,74.125.24.0-255,2902,147437,76,300042
32210,0.001208,172.31.40.0-255,66,147503,76,300042
32211,0.001218,74.125.24.0-255,3602,151105,76,300042
32212,0.001241,172.31.40.0-255,66,151171,76,300042
32213,0.001266,74.125.24.0-255,1484,152655,76,300042
32214,0.001283,74.125.24.0-255,2902,155557,76,300042
32215,0.001288,74.125.24.0-255,5738,161295,76,300042
32216,0.00134,74.125.24.0-255,5738,167033,76,300042
32217,0.001359,74.125.24.0-255,5020,172053,76,300042
32218,0.001362,172.31.40.0-255,66,172119,76,300042
32219,0.001368,172.31.40.0-255,66,172185,76,300042
32220,0.001418,74.125.24.0-255,1484,173669,76,300042
32221,0.001423,74.125.24.0-255,2902,176571,76,300042
32222,0.001435,172.31.40.0-255,66,176637,76,300042
32223,0.001446,74.125.24.0-255,5738,182375,76,300042
32224,0.001452,74.125.24.0-255,5738,188113,76,300042
32225,0.001465,74.125.24.0-255,4320,192433,76,300042
32226,0.001473,172.31.40.0-255,66,192499,76,300042
32227,0.001529,74.125.24.0-255,5020,197519,76,300042
32228,0.001534,172.31.40.0-255,66,197585,76,300042
32229,0.001644,74.125.24.0-255,1484,199069,76,300042
32230,0.001649,74.125.24.0-255,2902,201971,76,300042
32231,0.001655,172.31.40.0-255,66,202037,76,300042
32232,0.001671,74.125.24.0-255,5738,207775,76,300042
32233,0.001674,74.125.24.0-255,1484,209259,76,300042
32234,0.001684,172.31.40.0-255,66,209325,76,300042
32235,0.001717,172.31.40.0-255,66,209391,76,300042
32236,0.001727,74.125.24.0-255,7156,216547,76,300042
32237,0.001734,172.31.40.0-255,66,216613,76,300042
32238,0.001747,74.125.24.0-255,6438,223051,76,300042
32239,0.001769,74.125.24.0-255,1484,224535,76,300042
32240,0.001771,172.31.40.0-255,66,224601,76,300042
32241,0.001784,74.125.24.0-255,2902,227503,76,300042
32242,0.001787,74.125.24.0-255,1484,228987,76,300042
32243,0.001797,172.31.40.0-255,66,229053,76,300042
32244,0.001808,74.125.24.0-255,4320,233373,76,300042
32245,0.001822,74.125.24.0-255,5738,239111,76,300042
32246,0.00183,172.31.40.0-255,66,239177,76,300042
32247,0.001839,74.125.24.0-255,7156,246333,76,300042
32248,0.001844,172.31.40.0-255,66,246399,76,300042
32249,0.00188,74.125.24.0-255,2902,249301,76,300042
32250,0.00189,172.31.40.0-255,66,249367,76,300042
32251,0.001926,74.125.24.0-255,1484,250851,76,300042
32252,0.00193,74.125.24.0-255,2902,253753,76,300042
32253,0.001933,172.31.40.0-255,66,253819,76,300042
32254,0.001937,172.31.40.0-255,66,253885,76,300042
32255,0.001959,74.125.24.0-255,5738,259623,76,300042
32256,0.001974,172.31.40.0-255,66,259689,76,300042
32257,0.001984,74.125.24.0-255,5738,265427,76,300042
32258,0.001988,172.31.40.0-255,66,265493,76,300042
32259,0.002,74.125.24.0-255,7156,272649,76,300042
32260,0.002022,172.31.40.0-255,66,272715,76,300042
32261,0.002028,74.125.24.0-255,5738,278453,76,300042
32262,0.002032,172.31.40.0-255,66,278519,76,300042
32263,0.002045,74.125.24.0-255,5020,283539,76,300042
32264,0.002058,172.31.40.0-255,66,283605,76,300042
32265,0.002101,74.125.24.0-255,1484,285089,76,300042
32266,0.002115,74.125.24.0-255,2902,287991,76,300042
32267,0.002123,172.31.40.0-255,66,288057,76,300042
32268,0.002132,74.125.24.0-255,2902,290959,76,300042
32269,0.002151,172.31.40.0-255,66,291025,76,300042
32270,0.002181,74.125.24.0-255,4309,295334,76,300042
32271,0.002194,172.31.40.0-255,66,295400,76,300042
32272,0.002235,74.125.24.0-255,105,295505,76,300042
32273,0.012614,172.31.40.0-255,66,295571,76,300042
32274,0.01265,172.31.40.0-255,105,295676,76,300042
32275,0.014938,74.125.24.0-255,66,295742,76,300042
32276,0.048281,172.31.40.0-255,172,295914,76,300042
32277,0.048311,172.31.40.0-255,1108,297022,76,300042
32278,0.048367,172.31.40.0-255,1514,298536,76,300042
32279,0.048369,172.31.40.0-255,1308,299844,76,300042
32280,0.049808,104.244.42.0-255,66,299910,76,300042
32281,0.049818,104.244.42.0-255,66,299976,76,300042
32282,0.049874,104.244.42.0-255,66,300042,76,300042
32283,0.0,172.217.194.0-255,146,146,76,249909
32284,2.3e-05,172.31.40.0-255,66,212,76,249909
32285,2.9e-05,172.217.194.0-255,1484,1696,76,249909
32286,3.5e-05,172.31.40.0-255,66,1762,76,249909
32287,4e-05,172.217.194.0-255,2902,4664,76,249909
32288,4.3e-05,172.31.40.0-255,66,4730,76,249909
32289,4.9e-05,172.217.194.0-255,4320,9050,76,249909
32290,5.2e-05,172.31.40.0-255,66,9116,76,249909
32291,5.8e-05,172.217.194.0-255,5738,14854,76,249909
32292,6.2e-05,172.31.40.0-255,66,14920,76,249909
32293,8.5e-05,172.217.194.0-255,3447,18367,76,249909
32294,8.7e-05,172.31.40.0-255,66,18433,76,249909
32295,0.000102,172.31.40.0-255,66,18499,76,249909
32296,0.000249,172.217.194.0-255,1484,19983,76,249909
32297,0.000254,172.31.40.0-255,66,20049,76,249909
32298,0.000259,172.217.194.0-255,2902,22951,76,249909
32299,0.000262,172.31.40.0-255,66,23017,76,249909
32300,0.000265,172.217.194.0-255,1484,24501,76,249909
32301,0.000267,172.31.40.0-255,66,24567,76,249909
32302,0.000298,172.217.194.0-255,4320,28887,76,249909
32303,0.000301,172.31.40.0-255,66,28953,76,249909
32304,0.000308,172.217.194.0-255,5738,34691,76,249909
32305,0.00031,172.31.40.0-255,66,34757,76,249909
32306,0.000317,172.217.194.0-255,7156,41913,76,249909
32307,0.000319,172.31.40.0-255,66,41979,76,249909
32308,0.000347,172.217.194.0-255,6797,48776,76,249909
32309,0.000349,172.31.40.0-255,66,48842,76,249909
32310,0.000355,172.217.194.0-255,4250,53092,76,249909
32311,0.000357,172.31.40.0-255,66,53158,76,249909
32312,0.000371,172.217.194.0-255,365,53523,76,249909
32313,0.000373,172.31.40.0-255,66,53589,76,249909
32314,0.000475,172.217.194.0-255,1484,55073,76,249909
32315,0.000479,172.31.40.0-255,66,55139,76,249909
32316,0.000485,172.217.194.0-255,2902,58041,76,249909
32317,0.000488,172.31.40.0-255,66,58107,76,249909
32318,0.000518,172.217.194.0-255,5738,63845,76,249909
32319,0.000521,172.31.40.0-255,66,63911,76,249909
32320,0.000525,172.217.194.0-255,2902,66813,76,249909
32321,0.000527,172.31.40.0-255,66,66879,76,249909
32322,0.000581,172.217.194.0-255,3413,70292,76,249909
32323,0.000586,172.31.40.0-255,66,70358,76,249909
32324,0.000913,172.217.194.0-255,1484,71842,76,249909
32325,0.000921,172.217.194.0-255,2902,74744,76,249909
32326,0.000925,172.31.40.0-255,66,74810,76,249909
32327,0.000932,172.217.194.0-255,5738,80548,76,249909
32328,0.000934,172.31.40.0-255,66,80614,76,249909
32329,0.000973,172.31.40.0-255,66,80680,76,249909
32330,0.000986,172.31.40.0-255,66,80746,76,249909
32331,0.001819,172.217.194.0-255,1484,82230,76,249909
32332,0.001829,172.217.194.0-255,2902,85132,76,249909
32333,0.001833,172.31.40.0-255,66,85198,76,249909
32334,0.001842,172.217.194.0-255,5738,90936,76,249909
32335,0.001844,172.31.40.0-255,66,91002,76,249909
32336,0.00188,172.31.40.0-255,66,91068,76,249909
32337,0.001908,172.217.194.0-255,2902,93970,76,249909
32338,0.00191,172.31.40.0-255,66,94036,76,249909
32339,0.001934,172.31.40.0-255,66,94102,76,249909
32340,0.001938,172.217.194.0-255,2902,97004,76,249909
32341,0.00194,172.31.40.0-255,66,97070,76,249909
32342,0.001962,172.31.40.0-255,66,97136,76,249909
32343,0.001991,172.31.40.0-255,66,97202,76,249909
32344,0.001996,172.217.194.0-255,4320,101522,76,249909
32345,0.001998,172.31.40.0-255,66,101588,76,249909
32346,0.002023,172.217.194.0-255,3602,105190,76,249909
32347,0.002026,172.31.40.0-255,66,105256,76,249909
32348,0.002233,172.217.194.0-255,1484,106740,76,249909
32349,0.002241,172.217.194.0-255,2902,109642,76,249909
32350,0.002246,172.31.40.0-255,66,109708,76,249909
32351,0.002253,172.217.194.0-255,5738,115446,76,249909
32352,0.002255,172.31.40.0-255,66,115512,76,249909
32353,0.002294,172.217.194.0-255,2902,118414,76,249909
32354,0.00231,172.217.194.0-255,5738,124152,76,249909
32355,0.002326,172.217.194.0-255,5020,129172,76,249909
32356,0.002549,172.217.194.0-255,1484,130656,76,249909
32357,0.002556,172.217.194.0-255,2902,133558,76,249909
32358,0.002575,172.217.194.0-255,5738,139296,76,249909
32359,0.002601,172.217.194.0-255,5738,145034,76,249909
32360,0.002616,172.217.194.0-255,2902,147936,76,249909
32361,0.007488,172.31.40.0-255,66,148002,76,249909
32362,0.010084,172.217.194.0-255,5738,153740,76,249909
32363,0.010092,172.31.40.0-255,66,153806,76,249909
32364,0.012666,172.217.194.0-255,5738,159544,76,249909
32365,0.012674,172.31.40.0-255,66,159610,76,249909
32366,0.015274,172.217.194.0-255,5738,165348,76,249909
32367,0.015285,172.31.40.0-255,66,165414,76,249909
32368,0.017877,172.217.194.0-255,5738,171152,76,249909
32369,0.017887,172.31.40.0-255,66,171218,76,249909
32370,0.020415,172.217.194.0-255,5738,176956,76,249909
32371,0.020421,172.31.40.0-255,66,177022,76,249909
32372,0.022991,172.217.194.0-255,5738,182760,76,249909
32373,0.022999,172.31.40.0-255,66,182826,76,249909
32374,0.025542,172.217.194.0-255,5738,188564,76,249909
32375,0.025549,172.31.40.0-255,66,188630,76,249909
32376,0.028094,172.217.194.0-255,5738,194368,76,249909
32377,0.028102,172.31.40.0-255,66,194434,76,249909
32378,0.030658,172.217.194.0-255,5738,200172,76,249909
32379,0.030668,172.31.40.0-255,66,200238,76,249909
32380,0.033251,172.217.194.0-255,5738,205976,76,249909
32381,0.033258,172.31.40.0-255,66,206042,76,249909
32382,0.035374,172.31.40.0-255,167,206209,76,249909
32383,0.035404,172.31.40.0-255,1109,207318,76,249909
32384,0.035466,172.31.40.0-255,1514,208832,76,249909
32385,0.035469,172.31.40.0-255,1514,210346,76,249909
32386,0.035474,172.31.40.0-255,1514,211860,76,249909
32387,0.035475,172.31.40.0-255,1514,213374,76,249909
32388,0.035497,172.31.40.0-255,1513,214887,76,249909
32389,0.035787,172.217.194.0-255,5738,220625,76,249909
32390,0.035794,172.31.40.0-255,66,220691,76,249909
32391,0.036926,104.244.42.0-255,66,220757,76,249909
32392,0.036991,104.244.42.0-255,66,220823,76,249909
32393,0.03705,104.244.42.0-255,66,220889,76,249909
32394,0.038365,172.217.194.0-255,5738,226627,76,249909
32395,0.038371,172.31.40.0-255,66,226693,76,249909
32396,0.040935,172.217.194.0-255,5738,232431,76,249909
32397,0.040943,172.31.40.0-255,66,232497,76,249909
32398,0.043531,172.217.194.0-255,5738,238235,76,249909
32399,0.043538,172.31.40.0-255,66,238301,76,249909
32400,0.046141,172.217.194.0-255,5738,244039,76,249909
32401,0.046156,172.31.40.0-255,66,244105,76,249909
32402,0.048742,172.217.194.0-255,5738,249843,76,249909
32403,0.048749,172.31.40.0-255,66,249909,76,249909
32404,0.0,74.125.200.0-255,146,146,76,217470
32405,2.2e-05,172.31.40.0-255,66,212,76,217470
32406,2.9e-05,74.125.200.0-255,1484,1696,76,217470
32407,3.4e-05,172.31.40.0-255,66,1762,76,217470
32408,5e-05,74.125.200.0-255,2902,4664,76,217470
32409,5.4e-05,172.31.40.0-255,66,4730,76,217470
32410,6.1e-05,74.125.200.0-255,5738,10468,76,217470
32411,6.3e-05,172.31.40.0-255,66,10534,76,217470
32412,8.8e-05,74.125.200.0-255,4970,15504,76,217470
32413,9.6e-05,172.31.40.0-255,66,15570,76,217470
32414,0.000112,74.125.200.0-255,5738,21308,76,217470
32415,0.000116,172.31.40.0-255,66,21374,76,217470
32416,0.00012,74.125.200.0-255,1484,22858,76,217470
32417,0.000122,172.31.40.0-255,66,22924,76,217470
32418,0.000162,172.31.40.0-255,66,22990,76,217470
32419,0.000291,74.125.200.0-255,1484,24474,76,217470
32420,0.000295,172.31.40.0-255,66,24540,76,217470
32421,0.000301,74.125.200.0-255,2902,27442,76,217470
32422,0.000303,172.31.40.0-255,66,27508,76,217470
32423,0.000325,74.125.200.0-255,5738,33246,76,217470
32424,0.000328,172.31.40.0-255,66,33312,76,217470
32425,0.000332,74.125.200.0-255,2902,36214,76,217470
32426,0.000334,172.31.40.0-255,66,36280,76,217470
32427,0.000339,74.125.200.0-255,4320,40600,76,217470
32428,0.000343,172.31.40.0-255,66,40666,76,217470
32429,0.000377,172.31.40.0-255,66,40732,76,217470
32430,0.000381,74.125.200.0-255,1484,42216,76,217470
32431,0.000382,172.31.40.0-255,66,42282,76,217470
32432,0.000387,74.125.200.0-255,2902,45184,76,217470
32433,0.00039,172.31.40.0-255,66,45250,76,217470
32434,0.000428,74.125.200.0-255,1484,46734,76,217470
32435,0.000446,74.125.200.0-255,2184,48918,76,217470
32436,0.000449,172.31.40.0-255,66,48984,76,217470
32437,0.000477,74.125.200.0-255,430,49414,76,217470
32438,0.000588,74.125.200.0-255,1484,50898,76,217470
32439,0.000592,172.31.40.0-255,66,50964,76,217470
32440,0.000621,74.125.200.0-255,2902,53866,76,217470
32441,0.000625,172.31.40.0-255,66,53932,76,217470
32442,0.000632,74.125.200.0-255,5738,59670,76,217470
32443,0.000634,172.31.40.0-255,66,59736,76,217470
32444,0.000638,74.125.200.0-255,2902,62638,76,217470
32445,0.00064,172.31.40.0-255,66,62704,76,217470
32446,0.000643,74.125.200.0-255,1484,64188,76,217470
32447,0.000676,172.31.40.0-255,66,64254,76,217470
32448,0.000716,172.31.40.0-255,66,64320,76,217470
32449,0.000744,74.125.200.0-255,344,64664,76,217470
32450,0.00143,172.31.40.0-255,66,64730,76,217470
32451,0.0018,74.125.200.0-255,1484,66214,76,217470
32452,0.00182,74.125.200.0-255,2902,69116,76,217470
32453,0.001826,172.31.40.0-255,66,69182,76,217470
32454,0.001853,74.125.200.0-255,5738,74920,76,217470
32455,0.001855,172.31.40.0-255,66,74986,76,217470
32456,0.001858,74.125.200.0-255,1484,76470,76,217470
32457,0.001891,74.125.200.0-255,5738,82208,76,217470
32458,0.001893,172.31.40.0-255,66,82274,76,217470
32459,0.001927,74.125.200.0-255,2902,85176,76,217470
32460,0.001929,172.31.40.0-255,66,85242,76,217470
32461,0.001936,74.125.200.0-255,5738,90980,76,217470
32462,0.001938,172.31.40.0-255,66,91046,76,217470
32463,0.001973,172.31.40.0-255,66,91112,76,217470
32464,0.004228,74.125.200.0-255,5738,96850,76,217470
32465,0.004235,172.31.40.0-255,66,96916,76,217470
32466,0.006497,74.125.200.0-255,5738,102654,76,217470
32467,0.006502,172.31.40.0-255,66,102720,76,217470
32468,0.008793,74.125.200.0-255,5738,108458,76,217470
32469,0.008801,172.31.40.0-255,66,108524,76,217470
32470,0.011074,74.125.200.0-255,5738,114262,76,217470
32471,0.011085,172.31.40.0-255,66,114328,76,217470
32472,0.013355,74.125.200.0-255,5738,120066,76,217470
32473,0.013365,172.31.40.0-255,66,120132,76,217470
32474,0.015652,74.125.200.0-255,5738,125870,76,217470
32475,0.015665,172.31.40.0-255,66,125936,76,217470
32476,0.017944,74.125.200.0-255,5738,131674,76,217470
32477,0.017951,172.31.40.0-255,66,131740,76,217470
32478,0.02025,74.125.200.0-255,5738,137478,76,217470
32479,0.020257,172.31.40.0-255,66,137544,76,217470
32480,0.022527,74.125.200.0-255,5738,143282,76,217470
32481,0.022535,172.31.40.0-255,66,143348,76,217470
32482,0.024797,74.125.200.0-255,5738,149086,76,217470
32483,0.024805,172.31.40.0-255,66,149152,76,217470
32484,0.027072,74.125.200.0-255,5738,154890,76,217470
32485,0.027081,172.31.40.0-255,66,154956,76,217470
32486,0.02934,74.125.200.0-255,5738,160694,76,217470
32487,0.029349,172.31.40.0-255,66,160760,76,217470
32488,0.030876,172.31.40.0-255,172,160932,76,217470
32489,0.030907,172.31.40.0-255,1110,162042,76,217470
32490,0.030964,172.31.40.0-255,1514,163556,76,217470
32491,0.030965,172.31.40.0-255,1306,164862,76,217470
32492,0.031611,74.125.200.0-255,5738,170600,76,217470
32493,0.031618,172.31.40.0-255,66,170666,76,217470
32494,0.032433,104.244.42.0-255,66,170732,76,217470
32495,0.032495,104.244.42.0-255,66,170798,76,217470
32496,0.032543,104.244.42.0-255,66,170864,76,217470
32497,0.033276,104.244.42.0-255,108,170972,76,217470
32498,0.033284,172.31.40.0-255,66,171038,76,217470
32499,0.033882,74.125.200.0-255,5738,176776,76,217470
32500,0.033887,172.31.40.0-255,66,176842,76,217470
32501,0.036141,74.125.200.0-255,5738,182580,76,217470
32502,0.036148,172.31.40.0-255,66,182646,76,217470
32503,0.038425,74.125.200.0-255,5738,188384,76,217470
32504,0.038433,172.31.40.0-255,66,188450,76,217470
32505,0.040698,74.125.200.0-255,5738,194188,76,217470
32506,0.040707,172.31.40.0-255,66,194254,76,217470
32507,0.042983,74.125.200.0-255,5738,199992,76,217470
32508,0.042989,172.31.40.0-255,66,200058,76,217470
32509,0.04525,74.125.200.0-255,5738,205796,76,217470
32510,0.045257,172.31.40.0-255,66,205862,76,217470
32511,0.047519,74.125.200.0-255,5738,211600,76,217470
32512,0.047527,172.31.40.0-255,66,211666,76,217470
32513,0.049809,74.125.200.0-255,5738,217404,76,217470
32514,0.049827,172.31.40.0-255,66,217470,76,217470
32515,0.0,74.125.24.0-255,146,146,76,233639
32516,2.1e-05,172.31.40.0-255,66,212,76,233639
32517,2.8e-05,74.125.24.0-255,1484,1696,76,233639
32518,3.2e-05,172.31.40.0-255,66,1762,76,233639
32519,3.7e-05,74.125.24.0-255,2902,4664,76,233639
32520,4e-05,172.31.40.0-255,66,4730,76,233639
32521,4.8e-05,74.125.24.0-255,7156,11886,76,233639
32522,5e-05,172.31.40.0-255,66,11952,76,233639
32523,5.4e-05,74.125.24.0-255,2902,14854,76,233639
32524,5.7e-05,172.31.40.0-255,66,14920,76,233639
32525,9.2e-05,172.31.40.0-255,66,14986,76,233639
32526,9.6e-05,74.125.24.0-255,1484,16470,76,233639
32527,9.8e-05,172.31.40.0-255,66,16536,76,233639
32528,0.000124,74.125.24.0-255,3961,20497,76,233639
32529,0.000127,172.31.40.0-255,66,20563,76,233639
32530,0.000133,74.125.24.0-255,5738,26301,76,233639
32531,0.000135,172.31.40.0-255,66,26367,76,233639
32532,0.000165,74.125.24.0-255,1484,27851,76,233639
32533,0.000168,172.31.40.0-255,66,27917,76,233639
32534,0.00021,172.31.40.0-255,66,27983,76,233639
32535,0.000364,74.125.24.0-255,1484,29467,76,233639
32536,0.000369,172.31.40.0-255,66,29533,76,233639
32537,0.000375,74.125.24.0-255,2902,32435,76,233639
32538,0.000377,172.31.40.0-255,66,32501,76,233639
32539,0.000399,74.125.24.0-255,5738,38239,76,233639
32540,0.000402,172.31.40.0-255,66,38305,76,233639
32541,0.000423,74.125.24.0-255,6797,45102,76,233639
32542,0.000426,172.31.40.0-255,66,45168,76,233639
32543,0.000442,74.125.24.0-255,647,45815,76,233639
32544,0.000444,172.31.40.0-255,66,45881,76,233639
32545,0.00054,74.125.24.0-255,1484,47365,76,233639
32546,0.000549,74.125.24.0-255,2902,50267,76,233639
32547,0.000552,172.31.40.0-255,66,50333,76,233639
32548,0.000559,74.125.24.0-255,5738,56071,76,233639
32549,0.000561,172.31.40.0-255,66,56137,76,233639
32550,0.000634,74.125.24.0-255,5738,61875,76,233639
32551,0.000638,172.31.40.0-255,66,61941,76,233639
32552,0.000656,74.125.24.0-255,1125,63066,76,233639
32553,0.000664,74.125.24.0-255,7156,70222,76,233639
32554,0.000666,172.31.40.0-255,66,70288,76,233639
32555,0.000679,172.31.40.0-255,66,70354,76,233639
32556,0.001357,74.125.24.0-255,1484,71838,76,233639
32557,0.001364,74.125.24.0-255,2902,74740,76,233639
32558,0.001367,172.31.40.0-255,66,74806,76,233639
32559,0.001374,74.125.24.0-255,5738,80544,76,233639
32560,0.001376,172.31.40.0-255,66,80610,76,233639
32561,0.00141,172.31.40.0-255,66,80676,76,233639
32562,0.001435,172.31.40.0-255,66,80742,76,233639
32563,0.001707,74.125.24.0-255,1484,82226,76,233639
32564,0.001714,74.125.24.0-255,2902,85128,76,233639
32565,0.001717,172.31.40.0-255,66,85194,76,233639
32566,0.001733,74.125.24.0-255,2902,88096,76,233639
32567,0.001735,172.31.40.0-255,66,88162,76,233639
32568,0.001748,74.125.24.0-255,2902,91064,76,233639
32569,0.001749,172.31.40.0-255,66,91130,76,233639
32570,0.001752,74.125.24.0-255,1484,92614,76,233639
32571,0.001774,172.31.40.0-255,66,92680,76,233639
32572,0.001803,74.125.24.0-255,2902,95582,76,233639
32573,0.001805,172.31.40.0-255,66,95648,76,233639
32574,0.001817,172.31.40.0-255,66,95714,76,233639
32575,0.003856,74.125.24.0-255,5738,101452,76,233639
32576,0.003863,172.31.40.0-255,66,101518,76,233639
32577,0.005911,74.125.24.0-255,2902,104420,76,233639
32578,0.005915,172.31.40.0-255,66,104486,76,233639
32579,0.005932,74.125.24.0-255,2902,107388,76,233639
32580,0.005934,172.31.40.0-255,66,107454,76,233639
32581,0.007954,74.125.24.0-255,5738,113192,76,233639
32582,0.007961,172.31.40.0-255,66,113258,76,233639
32583,0.010016,74.125.24.0-255,5738,118996,76,233639
32584,0.010024,172.31.40.0-255,66,119062,76,233639
32585,0.012059,74.125.24.0-255,5738,124800,76,233639
32586,0.012066,172.31.40.0-255,66,124866,76,233639
32587,0.014133,74.125.24.0-255,5738,130604,76,233639
32588,0.014141,172.31.40.0-255,66,130670,76,233639
32589,0.016202,74.125.24.0-255,5738,136408,76,233639
32590,0.016214,172.31.40.0-255,66,136474,76,233639
32591,0.018262,74.125.24.0-255,5738,142212,76,233639
32592,0.018269,172.31.40.0-255,66,142278,76,233639
32593,0.020305,74.125.24.0-255,5738,148016,76,233639
32594,0.020312,172.31.40.0-255,66,148082,76,233639
32595,0.02238,74.125.24.0-255,5738,153820,76,233639
32596,0.022388,172.31.40.0-255,66,153886,76,233639
32597,0.02445,74.125.24.0-255,5738,159624,76,233639
32598,0.024458,172.31.40.0-255,66,159690,76,233639
32599,0.025835,172.31.40.0-255,171,159861,76,233639
32600,0.025868,172.31.40.0-255,1133,160994,76,233639
32601,0.025928,172.31.40.0-255,1514,162508,76,233639
32602,0.025929,172.31.40.0-255,1285,163793,76,233639
32603,0.026498,74.125.24.0-255,5738,169531,76,233639
32604,0.026504,172.31.40.0-255,66,169597,76,233639
32605,0.027337,104.244.42.0-255,66,169663,76,233639
32606,0.027365,104.244.42.0-255,66,169729,76,233639
32607,0.027436,104.244.42.0-255,66,169795,76,233639
32608,0.028564,74.125.24.0-255,5738,175533,76,233639
32609,0.028568,172.31.40.0-255,66,175599,76,233639
32610,0.030624,74.125.24.0-255,5738,181337,76,233639
32611,0.030632,172.31.40.0-255,66,181403,76,233639
32612,0.032673,74.125.24.0-255,5738,187141,76,233639
32613,0.03268,172.31.40.0-255,66,187207,76,233639
32614,0.034754,74.125.24.0-255,5738,192945,76,233639
32615,0.034761,172.31.40.0-255,66,193011,76,233639
32616,0.036853,74.125.24.0-255,5738,198749,76,233639
32617,0.036862,172.31.40.0-255,66,198815,76,233639
32618,0.038903,74.125.24.0-255,5738,204553,76,233639
32619,0.038912,172.31.40.0-255,66,204619,76,233639
32620,0.040943,74.125.24.0-255,5738,210357,76,233639
32621,0.040955,172.31.40.0-255,66,210423,76,233639
32622,0.043026,74.125.24.0-255,5738,216161,76,233639
32623,0.043035,172.31.40.0-255,66,216227,76,233639
32624,0.045075,74.125.24.0-255,5738,221965,76,233639
32625,0.045086,172.31.40.0-255,66,222031,76,233639
32626,0.047139,74.125.24.0-255,5738,227769,76,233639
32627,0.047146,172.31.40.0-255,66,227835,76,233639
32628,0.049201,74.125.24.0-255,5738,233573,76,233639
32629,0.049208,172.31.40.0-255,66,233639,76,233639
32630,0.0,172.217.194.0-255,150,150,76,197453
32631,9e-06,172.31.40.0-255,66,216,76,197453
32632,1.4e-05,172.217.194.0-255,1484,1700,76,197453
32633,1.9e-05,172.31.40.0-255,66,1766,76,197453
32634,3e-05,172.217.194.0-255,2902,4668,76,197453
32635,3.3e-05,172.31.40.0-255,66,4734,76,197453
32636,3.7e-05,172.217.194.0-255,1484,6218,76,197453
32637,3.9e-05,172.31.40.0-255,66,6284,76,197453
32638,7.2e-05,172.217.194.0-255,5738,12022,76,197453
32639,7.6e-05,172.31.40.0-255,66,12088,76,197453
32640,8.4e-05,172.217.194.0-255,7156,19244,76,197453
32641,8.6e-05,172.31.40.0-255,66,19310,76,197453
32642,0.000118,172.31.40.0-255,66,19376,76,197453
32643,0.000122,172.217.194.0-255,2543,21919,76,197453
32644,0.000124,172.31.40.0-255,66,21985,76,197453
32645,0.000195,172.217.194.0-255,1484,23469,76,197453
32646,0.000198,172.31.40.0-255,66,23535,76,197453
32647,0.000203,172.217.194.0-255,2902,26437,76,197453
32648,0.000205,172.31.40.0-255,66,26503,76,197453
32649,0.00021,172.217.194.0-255,2902,29405,76,197453
32650,0.000212,172.31.40.0-255,66,29471,76,197453
32651,0.000245,172.217.194.0-255,2902,32373,76,197453
32652,0.000249,172.31.40.0-255,66,32439,76,197453
32653,0.000262,172.31.40.0-255,66,32505,76,197453
32654,0.000265,172.217.194.0-255,1484,33989,76,197453
32655,0.000267,172.31.40.0-255,66,34055,76,197453
32656,0.000327,172.31.40.0-255,66,34121,76,197453
32657,0.000351,172.217.194.0-255,1484,35605,76,197453
32658,0.000353,172.31.40.0-255,66,35671,76,197453
32659,0.000356,172.217.194.0-255,1484,37155,76,197453
32660,0.000376,172.217.194.0-255,1484,38639,76,197453
32661,0.000378,172.31.40.0-255,66,38705,76,197453
32662,0.000385,172.217.194.0-255,5738,44443,76,197453
32663,0.000388,172.31.40.0-255,66,44509,76,197453
32664,0.000393,172.217.194.0-255,4320,48829,76,197453
32665,0.000396,172.31.40.0-255,66,48895,76,197453
32666,0.000431,172.217.194.0-255,5738,54633,76,197453
32667,0.000434,172.31.40.0-255,66,54699,76,197453
32668,0.000474,172.31.40.0-255,66,54765,76,197453
32669,0.000499,172.217.194.0-255,2481,57246,76,197453
32670,0.000502,172.31.40.0-255,66,57312,76,197453
32671,0.000702,172.217.194.0-255,1484,58796,76,197453
32672,0.00071,172.217.194.0-255,2902,61698,76,197453
32673,0.000714,172.31.40.0-255,66,61764,76,197453
32674,0.000744,172.217.194.0-255,5738,67502,76,197453
32675,0.000747,172.31.40.0-255,66,67568,76,197453
32676,0.000753,172.217.194.0-255,5738,73306,76,197453
32677,0.000756,172.31.40.0-255,66,73372,76,197453
32678,0.000782,172.217.194.0-255,1484,74856,76,197453
32679,0.000789,172.217.194.0-255,5738,80594,76,197453
32680,0.000793,172.31.40.0-255,66,80660,76,197453
32681,0.000818,172.31.40.0-255,66,80726,76,197453
32682,0.000822,172.217.194.0-255,2184,82910,76,197453
32683,0.000825,172.31.40.0-255,66,82976,76,197453
32684,0.000878,172.217.194.0-255,1484,84460,76,197453
32685,0.000882,172.217.194.0-255,2902,87362,76,197453
32686,0.000886,172.31.40.0-255,66,87428,76,197453
32687,0.000893,172.217.194.0-255,5738,93166,76,197453
32688,0.000895,172.31.40.0-255,66,93232,76,197453
32689,0.000904,172.217.194.0-255,2902,96134,76,197453
32690,0.000906,172.31.40.0-255,66,96200,76,197453
32691,0.000929,172.217.194.0-255,4320,100520,76,197453
32692,0.000934,172.31.40.0-255,66,100586,76,197453
32693,0.000965,172.217.194.0-255,5738,106324,76,197453
32694,0.000968,172.31.40.0-255,66,106390,76,197453
32695,0.00098,172.31.40.0-255,66,106456,76,197453
32696,0.001017,172.217.194.0-255,2184,108640,76,197453
32697,0.001019,172.31.40.0-255,66,108706,76,197453
32698,0.001043,172.217.194.0-255,2902,111608,76,197453
32699,0.001063,172.31.40.0-255,66,111674,76,197453
32700,0.00107,172.217.194.0-255,4320,115994,76,197453
32701,0.001079,172.31.40.0-255,66,116060,76,197453
32702,0.001084,172.217.194.0-255,4320,120380,76,197453
32703,0.001087,172.31.40.0-255,66,120446,76,197453
32704,0.001116,172.217.194.0-255,4320,124766,76,197453
32705,0.001119,172.31.40.0-255,66,124832,76,197453
32706,0.001129,172.31.40.0-255,66,124898,76,197453
32707,0.001158,172.217.194.0-255,5738,130636,76,197453
32708,0.001161,172.31.40.0-255,66,130702,76,197453
32709,0.001186,172.217.194.0-255,3602,134304,76,197453
32710,0.001189,172.31.40.0-255,66,134370,76,197453
32711,0.001211,172.217.194.0-255,7156,141526,76,197453
32712,0.001214,172.31.40.0-255,66,141592,76,197453
32713,0.001239,172.217.194.0-255,2902,144494,76,197453
32714,0.001241,172.31.40.0-255,66,144560,76,197453
32715,0.001301,172.217.194.0-255,5738,150298,76,197453
32716,0.001304,172.31.40.0-255,66,150364,76,197453
32717,0.001332,172.217.194.0-255,5738,156102,76,197453
32718,0.001335,172.31.40.0-255,66,156168,76,197453
32719,0.001353,172.31.40.0-255,66,156234,76,197453
32720,0.001356,172.217.194.0-255,1484,157718,76,197453
32721,0.001361,172.217.194.0-255,2902,160620,76,197453
32722,0.001363,172.31.40.0-255,66,160686,76,197453
32723,0.001369,172.217.194.0-255,5738,166424,76,197453
32724,0.001372,172.31.40.0-255,66,166490,76,197453
32725,0.001388,172.31.40.0-255,66,166556,76,197453
32726,0.001413,172.217.194.0-255,1484,168040,76,197453
32727,0.001424,172.31.40.0-255,66,168106,76,197453
32728,0.001428,172.217.194.0-255,2184,170290,76,197453
32729,0.00143,172.31.40.0-255,66,170356,76,197453
32730,0.001485,172.217.194.0-255,1484,171840,76,197453
32731,0.001488,172.217.194.0-255,1484,173324,76,197453
32732,0.001491,172.31.40.0-255,66,173390,76,197453
32733,0.001508,172.217.194.0-255,1484,174874,76,197453
32734,0.001515,172.217.194.0-255,5738,180612,76,197453
32735,0.001518,172.31.40.0-255,66,180678,76,197453
32736,0.001553,172.31.40.0-255,66,180744,76,197453
32737,0.00157,172.31.40.0-255,66,180810,76,197453
32738,0.001574,172.217.194.0-255,2184,182994,76,197453
32739,0.001577,172.31.40.0-255,66,183060,76,197453
32740,0.001622,172.217.194.0-255,2902,185962,76,197453
32741,0.001626,172.31.40.0-255,66,186028,76,197453
32742,0.001629,172.217.194.0-255,1484,187512,76,197453
32743,0.001654,172.217.194.0-255,2902,190414,76,197453
32744,0.001657,172.31.40.0-255,66,190480,76,197453
32745,0.001667,172.31.40.0-255,66,190546,76,197453
32746,0.0017,172.31.40.0-255,66,190612,76,197453
32747,0.001749,172.31.40.0-255,66,190678,76,197453
32748,0.001751,172.31.40.0-255,66,190744,76,197453
32749,0.001771,172.217.194.0-255,1484,192228,76,197453
32750,0.001785,172.31.40.0-255,66,192294,76,197453
32751,0.001788,172.217.194.0-255,1484,193778,76,197453
32752,0.001832,172.31.40.0-255,66,193844,76,197453
32753,0.001876,172.31.40.0-255,66,193910,76,197453
32754,0.001934,172.217.194.0-255,105,194015,76,197453
32755,0.004738,172.31.40.0-255,66,194081,76,197453
32756,0.004776,172.31.40.0-255,105,194186,76,197453
32757,0.007081,172.217.194.0-255,66,194252,76,197453
32758,0.033949,172.31.40.0-255,172,194424,76,197453
32759,0.033982,172.31.40.0-255,1104,195528,76,197453
32760,0.034045,172.31.40.0-255,1514,197042,76,197453
32761,0.034047,172.31.40.0-255,345,197387,76,197453
32762,0.036185,104.244.42.0-255,66,197453,76,197453
32763,0.0,74.125.24.0-255,152,152,76,184235
32764,1.6e-05,172.31.40.0-255,66,218,76,184235
32765,2.3e-05,74.125.24.0-255,1484,1702,76,184235
32766,2.8e-05,172.31.40.0-255,66,1768,76,184235
32767,3.3e-05,74.125.24.0-255,2902,4670,76,184235
32768,4.4e-05,172.31.40.0-255,66,4736,76,184235
32769,5.1e-05,74.125.24.0-255,5738,10474,76,184235
32770,5.4e-05,172.31.40.0-255,66,10540,76,184235
32771,9.6e-05,74.125.24.0-255,3401,13941,76,184235
32772,9.9e-05,172.31.40.0-255,66,14007,76,184235
32773,0.000409,74.125.24.0-255,1484,15491,76,184235
32774,0.000415,172.31.40.0-255,66,15557,76,184235
32775,0.000421,74.125.24.0-255,2902,18459,76,184235
32776,0.000424,172.31.40.0-255,66,18525,76,184235
32777,0.000435,74.125.24.0-255,5738,24263,76,184235
32778,0.000438,172.31.40.0-255,66,24329,76,184235
32779,0.000484,74.125.24.0-255,6797,31126,76,184235
32780,0.000487,172.31.40.0-255,66,31192,76,184235
32781,0.000658,74.125.24.0-255,1484,32676,76,184235
32782,0.000663,172.31.40.0-255,66,32742,76,184235
32783,0.000668,74.125.24.0-255,2902,35644,76,184235
32784,0.00067,172.31.40.0-255,66,35710,76,184235
32785,0.000736,74.125.24.0-255,2902,38612,76,184235
32786,0.000739,172.31.40.0-255,66,38678,76,184235
32787,0.000746,74.125.24.0-255,4320,42998,76,184235
32788,0.000748,172.31.40.0-255,66,43064,76,184235
32789,0.000759,172.31.40.0-255,66,43130,76,184235
32790,0.00077,172.31.40.0-255,66,43196,76,184235
32791,0.000809,74.125.24.0-255,4273,47469,76,184235
32792,0.000813,172.31.40.0-255,66,47535,76,184235
32793,0.0009,74.125.24.0-255,110,47645,76,184235
32794,0.000917,74.125.24.0-255,330,47975,76,184235
32795,0.001102,172.31.40.0-255,66,48041,76,184235
32796,0.001601,74.125.24.0-255,1484,49525,76,184235
32797,0.001613,74.125.24.0-255,2902,52427,76,184235
32798,0.001617,172.31.40.0-255,66,52493,76,184235
32799,0.001626,74.125.24.0-255,5738,58231,76,184235
32800,0.001627,172.31.40.0-255,66,58297,76,184235
32801,0.001636,74.125.24.0-255,2902,61199,76,184235
32802,0.001639,172.31.40.0-255,66,61265,76,184235
32803,0.001684,172.31.40.0-255,66,61331,76,184235
32804,0.001697,172.31.40.0-255,66,61397,76,184235
32805,0.004107,74.125.24.0-255,5738,67135,76,184235
32806,0.004113,172.31.40.0-255,66,67201,76,184235
32807,0.006505,74.125.24.0-255,4320,71521,76,184235
32808,0.006509,172.31.40.0-255,66,71587,76,184235
32809,0.006551,74.125.24.0-255,1484,73071,76,184235
32810,0.008897,74.125.24.0-255,4320,77391,76,184235
32811,0.008905,172.31.40.0-255,66,77457,76,184235
32812,0.011277,74.125.24.0-255,5738,83195,76,184235
32813,0.011285,172.31.40.0-255,66,83261,76,184235
32814,0.013712,74.125.24.0-255,5738,88999,76,184235
32815,0.01372,172.31.40.0-255,66,89065,76,184235
32816,0.016123,74.125.24.0-255,5738,94803,76,184235
32817,0.016133,172.31.40.0-255,66,94869,76,184235
32818,0.018552,74.125.24.0-255,5738,100607,76,184235
32819,0.018562,172.31.40.0-255,66,100673,76,184235
32820,0.020979,74.125.24.0-255,5738,106411,76,184235
32821,0.020987,172.31.40.0-255,66,106477,76,184235
32822,0.022177,172.31.40.0-255,172,106649,76,184235
32823,0.022211,172.31.40.0-255,1105,107754,76,184235
32824,0.02228,172.31.40.0-255,1514,109268,76,184235
32825,0.022282,172.31.40.0-255,1514,110782,76,184235
32826,0.022283,172.31.40.0-255,1514,112296,76,184235
32827,0.022284,172.31.40.0-255,1514,113810,76,184235
32828,0.022285,172.31.40.0-255,579,114389,76,184235
32829,0.023367,74.125.24.0-255,5738,120127,76,184235
32830,0.023374,172.31.40.0-255,66,120193,76,184235
32831,0.023735,104.244.42.0-255,66,120259,76,184235
32832,0.023789,104.244.42.0-255,66,120325,76,184235
32833,0.023821,104.244.42.0-255,66,120391,76,184235
32834,0.023841,104.244.42.0-255,66,120457,76,184235
32835,0.025789,74.125.24.0-255,5738,126195,76,184235
32836,0.025795,172.31.40.0-255,66,126261,76,184235
32837,0.028203,74.125.24.0-255,5738,131999,76,184235
32838,0.028209,172.31.40.0-255,66,132065,76,184235
32839,0.030597,74.125.24.0-255,5738,137803,76,184235
32840,0.030604,172.31.40.0-255,66,137869,76,184235
32841,0.033006,74.125.24.0-255,5738,143607,76,184235
32842,0.033013,172.31.40.0-255,66,143673,76,184235
32843,0.035435,74.125.24.0-255,5738,149411,76,184235
32844,0.035442,172.31.40.0-255,66,149477,76,184235
32845,0.037899,74.125.24.0-255,5738,155215,76,184235
32846,0.037905,172.31.40.0-255,66,155281,76,184235
32847,0.04034,74.125.24.0-255,5738,161019,76,184235
32848,0.040346,172.31.40.0-255,66,161085,76,184235
32849,0.042722,74.125.24.0-255,5738,166823,76,184235
32850,0.042728,172.31.40.0-255,66,166889,76,184235
32851,0.045168,74.125.24.0-255,5738,172627,76,184235
32852,0.045175,172.31.40.0-255,66,172693,76,184235
32853,0.047577,74.125.24.0-255,5738,178431,76,184235
32854,0.047587,172.31.40.0-255,66,178497,76,184235
32855,0.049995,74.125.24.0-255,5738,184235,76,184235
32856,0.0,172.31.40.0-255,105,105,76,459
32857,0.000211,172.31.40.0-255,90,195,76,459
32858,0.000221,172.31.40.0-255,66,261,76,459
32859,0.002181,172.217.194.0-255,66,327,76,459
32860,0.002202,172.217.194.0-255,66,393,76,459
32861,0.002217,172.31.40.0-255,66,459,76,459
32862,0.0,74.125.24.0-255,153,153,76,271944
32863,2.3e-05,172.31.40.0-255,66,219,76,271944
32864,3.1e-05,74.125.24.0-255,1484,1703,76,271944
32865,3.5e-05,172.31.40.0-255,66,1769,76,271944
32866,4.1e-05,74.125.24.0-255,2902,4671,76,271944
32867,4.4e-05,172.31.40.0-255,66,4737,76,271944
32868,5.2e-05,74.125.24.0-255,7156,11893,76,271944
32869,5.5e-05,172.31.40.0-255,66,11959,76,271944
32870,5.9e-05,74.125.24.0-255,2156,14115,76,271944
32871,6.3e-05,172.31.40.0-255,66,14181,76,271944
32872,0.000113,74.125.24.0-255,4320,18501,76,271944
32873,0.000117,172.31.40.0-255,66,18567,76,271944
32874,0.000123,74.125.24.0-255,5738,24305,76,271944
32875,0.000126,172.31.40.0-255,66,24371,76,271944
32876,0.000129,74.125.24.0-255,1484,25855,76,271944
32877,0.000131,172.31.40.0-255,66,25921,76,271944
32878,0.000157,74.125.24.0-255,5379,31300,76,271944
32879,0.00016,172.31.40.0-255,66,31366,76,271944
32880,0.000209,74.125.24.0-255,1484,32850,76,271944
32881,0.000212,172.31.40.0-255,66,32916,76,271944
32882,0.000216,74.125.24.0-255,2902,35818,76,271944
32883,0.000218,172.31.40.0-255,66,35884,76,271944
32884,0.000234,74.125.24.0-255,5738,41622,76,271944
32885,0.000237,172.31.40.0-255,66,41688,76,271944
32886,0.000242,74.125.24.0-255,2902,44590,76,271944
32887,0.000244,172.31.40.0-255,66,44656,76,271944
32888,0.000267,74.125.24.0-255,3961,48617,76,271944
32889,0.000269,172.31.40.0-255,66,48683,76,271944
32890,0.000413,74.125.24.0-255,1484,50167,76,271944
32891,0.000418,172.31.40.0-255,66,50233,76,271944
32892,0.000424,74.125.24.0-255,2902,53135,76,271944
32893,0.000426,172.31.40.0-255,66,53201,76,271944
32894,0.000433,74.125.24.0-255,5738,58939,76,271944
32895,0.000436,172.31.40.0-255,66,59005,76,271944
32896,0.00047,74.125.24.0-255,6797,65802,76,271944
32897,0.000473,172.31.40.0-255,66,65868,76,271944
32898,0.000476,74.125.24.0-255,395,66263,76,271944
32899,0.000544,74.125.24.0-255,348,66611,76,271944
32900,0.000706,74.125.24.0-255,1484,68095,76,271944
32901,0.000712,172.31.40.0-255,66,68161,76,271944
32902,0.000717,74.125.24.0-255,2902,71063,76,271944
32903,0.00072,172.31.40.0-255,66,71129,76,271944
32904,0.000727,74.125.24.0-255,5738,76867,76,271944
32905,0.000729,172.31.40.0-255,66,76933,76,271944
32906,0.000733,74.125.24.0-255,2902,79835,76,271944
32907,0.000735,172.31.40.0-255,66,79901,76,271944
32908,0.000753,74.125.24.0-255,2902,82803,76,271944
32909,0.000756,172.31.40.0-255,66,82869,76,271944
32910,0.000813,172.31.40.0-255,66,82935,76,271944
32911,0.000824,172.31.40.0-255,66,83001,76,271944
32912,0.000827,74.125.24.0-255,1125,84126,76,271944
32913,0.001359,74.125.24.0-255,1484,85610,76,271944
32914,0.001365,172.31.40.0-255,66,85676,76,271944
32915,0.00137,74.125.24.0-255,2902,88578,76,271944
32916,0.001372,172.31.40.0-255,66,88644,76,271944
32917,0.001379,74.125.24.0-255,5738,94382,76,271944
32918,0.001381,172.31.40.0-255,66,94448,76,271944
32919,0.00143,172.31.40.0-255,66,94514,76,271944
32920,0.001478,172.31.40.0-255,66,94580,76,271944
32921,0.001979,74.125.24.0-255,1484,96064,76,271944
32922,0.001989,74.125.24.0-255,2902,98966,76,271944
32923,0.001993,172.31.40.0-255,66,99032,76,271944
32924,0.002001,74.125.24.0-255,5738,104770,76,271944
32925,0.002003,172.31.40.0-255,66,104836,76,271944
32926,0.002044,172.31.40.0-255,66,104902,76,271944
32927,0.002056,74.125.24.0-255,1484,106386,76,271944
32928,0.002084,172.31.40.0-255,66,106452,76,271944
32929,0.002103,74.125.24.0-255,2902,109354,76,271944
32930,0.002106,172.31.40.0-255,66,109420,76,271944
32931,0.002112,74.125.24.0-255,4320,113740,76,271944
32932,0.002114,172.31.40.0-255,66,113806,76,271944
32933,0.00212,74.125.24.0-255,4320,118126,76,271944
32934,0.002122,172.31.40.0-255,66,118192,76,271944
32935,0.00214,74.125.24.0-255,4320,122512,76,271944
32936,0.002143,172.31.40.0-255,66,122578,76,271944
32937,0.00216,74.125.24.0-255,7156,129734,76,271944
32938,0.002163,172.31.40.0-255,66,129800,76,271944
32939,0.002191,172.31.40.0-255,66,129866,76,271944
32940,0.002392,74.125.24.0-255,1484,131350,76,271944
32941,0.0024,74.125.24.0-255,2902,134252,76,271944
32942,0.002404,172.31.40.0-255,66,134318,76,271944
32943,0.002408,74.125.24.0-255,1484,135802,76,271944
32944,0.002426,74.125.24.0-255,4320,140122,76,271944
32945,0.002428,172.31.40.0-255,66,140188,76,271944
32946,0.002436,74.125.24.0-255,7156,147344,76,271944
32947,0.002438,172.31.40.0-255,66,147410,76,271944
32948,0.002454,74.125.24.0-255,7156,154566,76,271944
32949,0.002457,172.31.40.0-255,66,154632,76,271944
32950,0.002478,74.125.24.0-255,7156,161788,76,271944
32951,0.00248,172.31.40.0-255,66,161854,76,271944
32952,0.002485,74.125.24.0-255,2184,164038,76,271944
32953,0.002487,172.31.40.0-255,66,164104,76,271944
32954,0.004999,74.125.24.0-255,5738,169842,76,271944
32955,0.005007,172.31.40.0-255,66,169908,76,271944
32956,0.007512,74.125.24.0-255,5738,175646,76,271944
32957,0.007519,172.31.40.0-255,66,175712,76,271944
32958,0.010025,74.125.24.0-255,5738,181450,76,271944
32959,0.010032,172.31.40.0-255,66,181516,76,271944
32960,0.012562,74.125.24.0-255,5738,187254,76,271944
32961,0.01257,172.31.40.0-255,66,187320,76,271944
32962,0.015091,74.125.24.0-255,5738,193058,76,271944
32963,0.015109,172.31.40.0-255,66,193124,76,271944
32964,0.017625,74.125.24.0-255,5738,198862,76,271944
32965,0.017639,172.31.40.0-255,66,198928,76,271944
32966,0.020178,74.125.24.0-255,5738,204666,76,271944
32967,0.020187,172.31.40.0-255,66,204732,76,271944
32968,0.022712,74.125.24.0-255,5738,210470,76,271944
32969,0.02272,172.31.40.0-255,66,210536,76,271944
32970,0.025227,74.125.24.0-255,5738,216274,76,271944
32971,0.025236,172.31.40.0-255,66,216340,76,271944
32972,0.027755,74.125.24.0-255,5738,222078,76,271944
32973,0.027763,172.31.40.0-255,66,222144,76,271944
32974,0.030304,74.125.24.0-255,5738,227882,76,271944
32975,0.030316,172.31.40.0-255,66,227948,76,271944
32976,0.032823,74.125.24.0-255,5738,233686,76,271944
32977,0.032831,172.31.40.0-255,66,233752,76,271944
32978,0.033076,172.31.40.0-255,172,233924,76,271944
32979,0.033106,172.31.40.0-255,1104,235028,76,271944
32980,0.033168,172.31.40.0-255,1514,236542,76,271944
32981,0.03317,172.31.40.0-255,345,236887,76,271944
32982,0.034747,104.244.42.0-255,66,236953,76,271944
32983,0.035336,74.125.24.0-255,5738,242691,76,271944
32984,0.035343,172.31.40.0-255,66,242757,76,271944
32985,0.037875,74.125.24.0-255,5738,248495,76,271944
32986,0.037883,172.31.40.0-255,66,248561,76,271944
32987,0.04041,74.125.24.0-255,5738,254299,76,271944
32988,0.040417,172.31.40.0-255,66,254365,76,271944
32989,0.040515,172.31.40.0-255,101,254466,76,271944
32990,0.042936,74.125.24.0-255,5738,260204,76,271944
32991,0.042946,172.31.40.0-255,66,260270,76,271944
32992,0.04296,74.125.24.0-255,66,260336,76,271944
32993,0.045463,74.125.24.0-255,5738,266074,76,271944
32994,0.04547,172.31.40.0-255,66,266140,76,271944
32995,0.04799,74.125.24.0-255,5738,271878,76,271944
32996,0.047997,172.31.40.0-255,66,271944,76,271944
32997,0.0,172.217.194.0-255,146,146,76,294158
32998,3e-05,172.31.40.0-255,66,212,76,294158
32999,4e-05,172.217.194.0-255,1484,1696,76,294158
33000,4.5e-05,172.31.40.0-255,66,1762,76,294158
33001,5.2e-05,172.217.194.0-255,2902,4664,76,294158
33002,5.4e-05,172.31.40.0-255,66,4730,76,294158
33003,6.4e-05,172.217.194.0-255,7156,11886,76,294158
33004,6.7e-05,172.31.40.0-255,66,11952,76,294158
33005,7.1e-05,172.217.194.0-255,2072,14024,76,294158
33006,7.5e-05,172.31.40.0-255,66,14090,76,294158
33007,0.000191,172.217.194.0-255,1484,15574,76,294158
33008,0.000195,172.31.40.0-255,66,15640,76,294158
33009,0.000202,172.217.194.0-255,2902,18542,76,294158
33010,0.000205,172.31.40.0-255,66,18608,76,294158
33011,0.000217,172.217.194.0-255,5738,24346,76,294158
33012,0.00022,172.31.40.0-255,66,24412,76,294158
33013,0.000242,172.217.194.0-255,2902,27314,76,294158
33014,0.000244,172.31.40.0-255,66,27380,76,294158
33015,0.000267,172.217.194.0-255,3961,31341,76,294158
33016,0.00027,172.31.40.0-255,66,31407,76,294158
33017,0.000319,172.217.194.0-255,1484,32891,76,294158
33018,0.000321,172.31.40.0-255,66,32957,76,294158
33019,0.000327,172.217.194.0-255,2902,35859,76,294158
33020,0.00033,172.31.40.0-255,66,35925,76,294158
33021,0.000356,172.217.194.0-255,5738,41663,76,294158
33022,0.000358,172.31.40.0-255,66,41729,76,294158
33023,0.00037,172.217.194.0-255,6797,48526,76,294158
33024,0.000372,172.31.40.0-255,66,48592,76,294158
33025,0.000578,172.217.194.0-255,1484,50076,76,294158
33026,0.000583,172.31.40.0-255,66,50142,76,294158
33027,0.000588,172.217.194.0-255,2902,53044,76,294158
33028,0.00059,172.31.40.0-255,66,53110,76,294158
33029,0.000598,172.217.194.0-255,5738,58848,76,294158
33030,0.000601,172.31.40.0-255,66,58914,76,294158
33031,0.000625,172.217.194.0-255,4320,63234,76,294158
33032,0.000644,172.217.194.0-255,2543,65777,76,294158
33033,0.000658,172.31.40.0-255,66,65843,76,294158
33034,0.000868,172.217.194.0-255,366,66209,76,294158
33035,0.001028,172.217.194.0-255,1484,67693,76,294158
33036,0.001033,172.31.40.0-255,66,67759,76,294158
33037,0.001038,172.217.194.0-255,2902,70661,76,294158
33038,0.001046,172.217.194.0-255,5738,76399,76,294158
33039,0.001058,172.31.40.0-255,66,76465,76,294158
33040,0.001083,172.217.194.0-255,7086,83551,76,294158
33041,0.00109,172.31.40.0-255,66,83617,76,294158
33042,0.001108,172.217.194.0-255,1484,85101,76,294158
33043,0.001125,172.217.194.0-255,2902,88003,76,294158
33044,0.001129,172.217.194.0-255,2902,90905,76,294158
33045,0.001141,172.31.40.0-255,66,90971,76,294158
33046,0.001146,172.217.194.0-255,2902,93873,76,294158
33047,0.001151,172.31.40.0-255,66,93939,76,294158
33048,0.00116,172.217.194.0-255,1484,95423,76,294158
33049,0.001179,172.217.194.0-255,4320,99743,76,294158
33050,0.001191,172.217.194.0-255,1125,100868,76,294158
33051,0.001219,172.31.40.0-255,66,100934,76,294158
33052,0.001615,172.31.40.0-255,66,101000,76,294158
33053,0.001657,172.217.194.0-255,1484,102484,76,294158
33054,0.001661,172.31.40.0-255,66,102550,76,294158
33055,0.001677,172.217.194.0-255,2902,105452,76,294158
33056,0.001679,172.31.40.0-255,66,105518,76,294158
33057,0.001687,172.217.194.0-255,5738,111256,76,294158
33058,0.00171,172.217.194.0-255,4320,115576,76,294158
33059,0.001729,172.217.194.0-255,1484,117060,76,294158
33060,0.001759,172.217.194.0-255,766,117826,76,294158
33061,0.001782,172.31.40.0-255,66,117892,76,294158
33062,0.001817,172.217.194.0-255,1484,119376,76,294158
33063,0.00184,172.217.194.0-255,4320,123696,76,294158
33064,0.001848,172.217.194.0-255,7156,130852,76,294158
33065,0.001868,172.31.40.0-255,66,130918,76,294158
33066,0.001874,172.217.194.0-255,4320,135238,76,294158
33067,0.001879,172.31.40.0-255,66,135304,76,294158
33068,0.001906,172.217.194.0-255,5020,140324,76,294158
33069,0.001921,172.31.40.0-255,66,140390,76,294158
33070,0.001975,172.217.194.0-255,1484,141874,76,294158
33071,0.001995,172.217.194.0-255,2902,144776,76,294158
33072,0.002012,172.31.40.0-255,66,144842,76,294158
33073,0.002019,172.217.194.0-255,5738,150580,76,294158
33074,0.002029,172.31.40.0-255,66,150646,76,294158
33075,0.002058,172.217.194.0-255,2902,153548,76,294158
33076,0.002066,172.217.194.0-255,7156,160704,76,294158
33077,0.00208,172.31.40.0-255,66,160770,76,294158
33078,0.002103,172.217.194.0-255,5738,166508,76,294158
33079,0.002107,172.31.40.0-255,66,166574,76,294158
33080,0.00212,172.217.194.0-255,6438,173012,76,294158
33081,0.002129,172.217.194.0-255,7156,180168,76,294158
33082,0.002133,172.31.40.0-255,66,180234,76,294158
33083,0.002161,172.217.194.0-255,5738,185972,76,294158
33084,0.002196,172.31.40.0-255,66,186038,76,294158
33085,0.002225,172.31.40.0-255,66,186104,76,294158
33086,0.002259,172.217.194.0-255,5020,191124,76,294158
33087,0.008263,172.31.40.0-255,66,191190,76,294158
33088,0.010585,172.217.194.0-255,5738,196928,76,294158
33089,0.010596,172.31.40.0-255,66,196994,76,294158
33090,0.012925,172.217.194.0-255,5738,202732,76,294158
33091,0.014147,172.31.40.0-255,66,202798,76,294158
33092,0.016505,172.217.194.0-255,5738,208536,76,294158
33093,0.016524,172.31.40.0-255,66,208602,76,294158
33094,0.018862,172.217.194.0-255,5738,214340,76,294158
33095,0.018912,172.31.40.0-255,66,214406,76,294158
33096,0.021231,172.217.194.0-255,5738,220144,76,294158
33097,0.021244,172.31.40.0-255,66,220210,76,294158
33098,0.023541,172.217.194.0-255,5738,225948,76,294158
33099,0.02355,172.31.40.0-255,66,226014,76,294158
33100,0.025868,172.217.194.0-255,5738,231752,76,294158
33101,0.025882,172.31.40.0-255,66,231818,76,294158
33102,0.028194,172.217.194.0-255,5738,237556,76,294158
33103,0.028208,172.31.40.0-255,66,237622,76,294158
33104,0.030521,172.217.194.0-255,5738,243360,76,294158
33105,0.030531,172.31.40.0-255,66,243426,76,294158
33106,0.031353,172.31.40.0-255,172,243598,76,294158
33107,0.031389,172.31.40.0-255,1109,244707,76,294158
33108,0.031449,172.31.40.0-255,1514,246221,76,294158
33109,0.031451,172.31.40.0-255,1307,247528,76,294158
33110,0.032863,172.217.194.0-255,5738,253266,76,294158
33111,0.032871,172.31.40.0-255,66,253332,76,294158
33112,0.032893,104.244.42.0-255,66,253398,76,294158
33113,0.032941,104.244.42.0-255,66,253464,76,294158
33114,0.03299,104.244.42.0-255,66,253530,76,294158
33115,0.035223,172.217.194.0-255,5738,259268,76,294158
33116,0.035247,172.31.40.0-255,66,259334,76,294158
33117,0.037573,172.217.194.0-255,5738,265072,76,294158
33118,0.037595,172.31.40.0-255,66,265138,76,294158
33119,0.03991,172.217.194.0-255,5738,270876,76,294158
33120,0.039919,172.31.40.0-255,66,270942,76,294158
33121,0.042229,172.217.194.0-255,5738,276680,76,294158
33122,0.042236,172.31.40.0-255,66,276746,76,294158
33123,0.044561,172.217.194.0-255,5738,282484,76,294158
33124,0.044591,172.31.40.0-255,66,282550,76,294158
33125,0.046937,172.217.194.0-255,5738,288288,76,294158
33126,0.046956,172.31.40.0-255,66,288354,76,294158
33127,0.049291,172.217.194.0-255,5738,294092,76,294158
33128,0.049313,172.31.40.0-255,66,294158,76,294158
33129,0.0,74.125.24.0-255,146,146,76,267926
33130,1.5e-05,172.31.40.0-255,66,212,76,267926
33131,2.3e-05,74.125.24.0-255,1484,1696,76,267926
33132,2.8e-05,172.31.40.0-255,66,1762,76,267926
33133,4.2e-05,74.125.24.0-255,2902,4664,76,267926
33134,4.6e-05,172.31.40.0-255,66,4730,76,267926
33135,5e-05,74.125.24.0-255,2902,7632,76,267926
33136,5.3e-05,172.31.40.0-255,66,7698,76,267926
33137,6.7e-05,172.31.40.0-255,66,7764,76,267926
33138,7.3e-05,74.125.24.0-255,4320,12084,76,267926
33139,7.5e-05,172.31.40.0-255,66,12150,76,267926
33140,0.000114,172.31.40.0-255,66,12216,76,267926
33141,0.000275,74.125.24.0-255,1484,13700,76,267926
33142,0.000281,172.31.40.0-255,66,13766,76,267926
33143,0.000287,74.125.24.0-255,2902,16668,76,267926
33144,0.000289,172.31.40.0-255,66,16734,76,267926
33145,0.000292,74.125.24.0-255,1484,18218,76,267926
33146,0.000295,172.31.40.0-255,66,18284,76,267926
33147,0.000325,74.125.24.0-255,4320,22604,76,267926
33148,0.000328,172.31.40.0-255,66,22670,76,267926
33149,0.000342,172.31.40.0-255,66,22736,76,267926
33150,0.000355,172.31.40.0-255,66,22802,76,267926
33151,0.000379,74.125.24.0-255,1400,24202,76,267926
33152,0.000381,172.31.40.0-255,66,24268,76,267926
33153,0.000433,74.125.24.0-255,127,24395,76,267926
33154,0.000436,172.31.40.0-255,66,24461,76,267926
33155,0.000577,74.125.24.0-255,1484,25945,76,267926
33156,0.000582,172.31.40.0-255,66,26011,76,267926
33157,0.000587,74.125.24.0-255,2902,28913,76,267926
33158,0.00059,172.31.40.0-255,66,28979,76,267926
33159,0.000596,74.125.24.0-255,4320,33299,76,267926
33160,0.000603,172.31.40.0-255,66,33365,76,267926
33161,0.000629,74.125.24.0-255,1484,34849,76,267926
33162,0.000646,172.31.40.0-255,66,34915,76,267926
33163,0.000654,74.125.24.0-255,7156,42071,76,267926
33164,0.000656,172.31.40.0-255,66,42137,76,267926
33165,0.000685,74.125.24.0-255,1484,43621,76,267926
33166,0.000689,74.125.24.0-255,1125,44746,76,267926
33167,0.000691,172.31.40.0-255,66,44812,76,267926
33168,0.00092,74.125.24.0-255,1484,46296,76,267926
33169,0.000926,74.125.24.0-255,2902,49198,76,267926
33170,0.000929,172.31.40.0-255,66,49264,76,267926
33171,0.000936,74.125.24.0-255,5738,55002,76,267926
33172,0.000938,172.31.40.0-255,66,55068,76,267926
33173,0.000964,74.125.24.0-255,4320,59388,76,267926
33174,0.000966,172.31.40.0-255,66,59454,76,267926
33175,0.001082,172.31.40.0-255,66,59520,76,267926
33176,0.001096,172.31.40.0-255,66,59586,76,267926
33177,0.001099,74.125.24.0-255,1484,61070,76,267926
33178,0.001103,74.125.24.0-255,2902,63972,76,267926
33179,0.001105,172.31.40.0-255,66,64038,76,267926
33180,0.001112,74.125.24.0-255,5738,69776,76,267926
33181,0.001114,172.31.40.0-255,66,69842,76,267926
33182,0.001118,74.125.24.0-255,2902,72744,76,267926
33183,0.001122,172.31.40.0-255,66,72810,76,267926
33184,0.001163,172.31.40.0-255,66,72876,76,267926
33185,0.00117,74.125.24.0-255,7156,80032,76,267926
33186,0.001173,172.31.40.0-255,66,80098,76,267926
33187,0.001197,74.125.24.0-255,3602,83700,76,267926
33188,0.001199,172.31.40.0-255,66,83766,76,267926
33189,0.001517,74.125.24.0-255,1484,85250,76,267926
33190,0.001523,74.125.24.0-255,2902,88152,76,267926
33191,0.001528,172.31.40.0-255,66,88218,76,267926
33192,0.001533,74.125.24.0-255,4320,92538,76,267926
33193,0.001536,172.31.40.0-255,66,92604,76,267926
33194,0.001572,74.125.24.0-255,1484,94088,76,267926
33195,0.001578,74.125.24.0-255,4320,98408,76,267926
33196,0.001581,172.31.40.0-255,66,98474,76,267926
33197,0.001594,172.31.40.0-255,66,98540,76,267926
33198,0.001605,172.31.40.0-255,66,98606,76,267926
33199,0.001669,74.125.24.0-255,4320,102926,76,267926
33200,0.001691,172.31.40.0-255,66,102992,76,267926
33201,0.001694,172.31.40.0-255,66,103058,76,267926
33202,0.001697,172.31.40.0-255,66,103124,76,267926
33203,0.001704,74.125.24.0-255,6438,109562,76,267926
33204,0.001711,172.31.40.0-255,66,109628,76,267926
33205,0.001891,74.125.24.0-255,1484,111112,76,267926
33206,0.001898,74.125.24.0-255,2902,114014,76,267926
33207,0.001901,172.31.40.0-255,66,114080,76,267926
33208,0.001908,74.125.24.0-255,4320,118400,76,267926
33209,0.00191,172.31.40.0-255,66,118466,76,267926
33210,0.001932,74.125.24.0-255,1484,119950,76,267926
33211,0.001955,172.31.40.0-255,66,120016,76,267926
33212,0.001978,74.125.24.0-255,1484,121500,76,267926
33213,0.001993,172.31.40.0-255,66,121566,76,267926
33214,0.003962,74.125.24.0-255,5738,127304,76,267926
33215,0.003974,172.31.40.0-255,66,127370,76,267926
33216,0.005944,74.125.24.0-255,5738,133108,76,267926
33217,0.005957,172.31.40.0-255,66,133174,76,267926
33218,0.00793,74.125.24.0-255,5738,138912,76,267926
33219,0.007941,172.31.40.0-255,66,138978,76,267926
33220,0.009907,74.125.24.0-255,5738,144716,76,267926
33221,0.009911,172.31.40.0-255,66,144782,76,267926
33222,0.011915,74.125.24.0-255,5738,150520,76,267926
33223,0.011921,172.31.40.0-255,66,150586,76,267926
33224,0.013891,74.125.24.0-255,5738,156324,76,267926
33225,0.013907,172.31.40.0-255,66,156390,76,267926
33226,0.015843,74.125.24.0-255,5738,162128,76,267926
33227,0.015849,172.31.40.0-255,66,162194,76,267926
33228,0.01783,74.125.24.0-255,5738,167932,76,267926
33229,0.017841,172.31.40.0-255,66,167998,76,267926
33230,0.019821,74.125.24.0-255,5738,173736,76,267926
33231,0.019831,172.31.40.0-255,66,173802,76,267926
33232,0.02178,74.125.24.0-255,5738,179540,76,267926
33233,0.02179,172.31.40.0-255,66,179606,76,267926
33234,0.023729,74.125.24.0-255,5738,185344,76,267926
33235,0.023741,172.31.40.0-255,66,185410,76,267926
33236,0.025695,74.125.24.0-255,4320,189730,76,267926
33237,0.025703,172.31.40.0-255,66,189796,76,267926
33238,0.025735,74.125.24.0-255,1484,191280,76,267926
33239,0.027662,74.125.24.0-255,4320,195600,76,267926
33240,0.02767,172.31.40.0-255,66,195666,76,267926
33241,0.029667,74.125.24.0-255,5738,201404,76,267926
33242,0.029684,172.31.40.0-255,66,201470,76,267926
33243,0.031626,74.125.24.0-255,5738,207208,76,267926
33244,0.031634,172.31.40.0-255,66,207274,76,267926
33245,0.033603,74.125.24.0-255,5738,213012,76,267926
33246,0.033611,172.31.40.0-255,66,213078,76,267926
33247,0.035576,74.125.24.0-255,5738,218816,76,267926
33248,0.035586,172.31.40.0-255,66,218882,76,267926
33249,0.037542,74.125.24.0-255,5738,224620,76,267926
33250,0.037557,172.31.40.0-255,66,224686,76,267926
33251,0.03949,74.125.24.0-255,5738,230424,76,267926
33252,0.039498,172.31.40.0-255,66,230490,76,267926
33253,0.041465,74.125.24.0-255,5738,236228,76,267926
33254,0.041476,172.31.40.0-255,66,236294,76,267926
33255,0.043504,74.125.24.0-255,5738,242032,76,267926
33256,0.043516,172.31.40.0-255,66,242098,76,267926
33257,0.045468,74.125.24.0-255,5738,247836,76,267926
33258,0.045475,172.31.40.0-255,66,247902,76,267926
33259,0.047178,172.31.40.0-255,172,248074,76,267926
33260,0.047216,172.31.40.0-255,1105,249179,76,267926
33261,0.047288,172.31.40.0-255,1514,250693,76,267926
33262,0.04729,172.31.40.0-255,1514,252207,76,267926
33263,0.047291,172.31.40.0-255,1514,253721,76,267926
33264,0.047293,172.31.40.0-255,1514,255235,76,267926
33265,0.047293,172.31.40.0-255,579,255814,76,267926
33266,0.047424,74.125.24.0-255,5738,261552,76,267926
33267,0.047432,172.31.40.0-255,66,261618,76,267926
33268,0.048733,104.244.42.0-255,66,261684,76,267926
33269,0.048743,104.244.42.0-255,66,261750,76,267926
33270,0.048834,104.244.42.0-255,66,261816,76,267926
33271,0.048839,104.244.42.0-255,66,261882,76,267926
33272,0.04938,74.125.24.0-255,1484,263366,76,267926
33273,0.049406,74.125.24.0-255,4320,267686,76,267926
33274,0.049413,172.31.40.0-255,66,267752,76,267926
33275,0.049502,104.244.42.0-255,108,267860,76,267926
33276,0.049507,172.31.40.0-255,66,267926,76,267926
33277,0.0,172.217.194.0-255,298,298,76,228017
33278,1.5e-05,172.31.40.0-255,66,364,76,228017
33279,2.1e-05,172.217.194.0-255,1484,1848,76,228017
33280,2.5e-05,172.31.40.0-255,66,1914,76,228017
33281,3.7e-05,172.217.194.0-255,2902,4816,76,228017
33282,4e-05,172.31.40.0-255,66,4882,76,228017
33283,6.6e-05,172.217.194.0-255,1484,6366,76,228017
33284,6.8e-05,172.31.40.0-255,66,6432,76,228017
33285,7.6e-05,172.217.194.0-255,4320,10752,76,228017
33286,7.8e-05,172.31.40.0-255,66,10818,76,228017
33287,0.000104,172.217.194.0-255,3340,14158,76,228017
33288,0.000107,172.31.40.0-255,66,14224,76,228017
33289,0.000203,172.217.194.0-255,1484,15708,76,228017
33290,0.000207,172.31.40.0-255,66,15774,76,228017
33291,0.000212,172.217.194.0-255,2902,18676,76,228017
33292,0.000213,172.31.40.0-255,66,18742,76,228017
33293,0.000247,172.217.194.0-255,5738,24480,76,228017
33294,0.00025,172.31.40.0-255,66,24546,76,228017
33295,0.000268,172.217.194.0-255,5738,30284,76,228017
33296,0.000271,172.31.40.0-255,66,30350,76,228017
33297,0.0003,172.217.194.0-255,3961,34311,76,228017
33298,0.000302,172.31.40.0-255,66,34377,76,228017
33299,0.000312,172.31.40.0-255,66,34443,76,228017
33300,0.000326,172.31.40.0-255,66,34509,76,228017
33301,0.000351,172.217.194.0-255,5738,40247,76,228017
33302,0.000354,172.31.40.0-255,66,40313,76,228017
33303,0.000357,172.217.194.0-255,1484,41797,76,228017
33304,0.000358,172.31.40.0-255,66,41863,76,228017
33305,0.000389,172.217.194.0-255,5362,47225,76,228017
33306,0.000392,172.31.40.0-255,66,47291,76,228017
33307,0.000622,172.217.194.0-255,366,47657,76,228017
33308,0.000763,172.217.194.0-255,1484,49141,76,228017
33309,0.000767,172.31.40.0-255,66,49207,76,228017
33310,0.000797,172.217.194.0-255,2902,52109,76,228017
33311,0.000799,172.31.40.0-255,66,52175,76,228017
33312,0.000805,172.217.194.0-255,5738,57913,76,228017
33313,0.000807,172.31.40.0-255,66,57979,76,228017
33314,0.000835,172.217.194.0-255,5738,63717,76,228017
33315,0.000838,172.31.40.0-255,66,63783,76,228017
33316,0.000841,172.217.194.0-255,1484,65267,76,228017
33317,0.000873,172.31.40.0-255,66,65333,76,228017
33318,0.000897,172.217.194.0-255,1484,66817,76,228017
33319,0.000903,172.217.194.0-255,5020,71837,76,228017
33320,0.000905,172.31.40.0-255,66,71903,76,228017
33321,0.001223,172.217.194.0-255,1484,73387,76,228017
33322,0.001229,172.217.194.0-255,2902,76289,76,228017
33323,0.001233,172.31.40.0-255,66,76355,76,228017
33324,0.001262,172.217.194.0-255,5738,82093,76,228017
33325,0.001265,172.31.40.0-255,66,82159,76,228017
33326,0.00127,172.217.194.0-255,2902,85061,76,228017
33327,0.001272,172.31.40.0-255,66,85127,76,228017
33328,0.001317,172.31.40.0-255,66,85193,76,228017
33329,0.001344,172.31.40.0-255,66,85259,76,228017
33330,0.001471,172.217.194.0-255,1484,86743,76,228017
33331,0.001478,172.217.194.0-255,2902,89645,76,228017
33332,0.001482,172.31.40.0-255,66,89711,76,228017
33333,0.001489,172.217.194.0-255,5738,95449,76,228017
33334,0.001491,172.31.40.0-255,66,95515,76,228017
33335,0.001525,172.31.40.0-255,66,95581,76,228017
33336,0.001532,172.217.194.0-255,7156,102737,76,228017
33337,0.001535,172.31.40.0-255,66,102803,76,228017
33338,0.001558,172.217.194.0-255,3602,106405,76,228017
33339,0.00156,172.31.40.0-255,66,106471,76,228017
33340,0.003869,172.217.194.0-255,1484,107955,76,228017
33341,0.003907,172.217.194.0-255,4320,112275,76,228017
33342,0.003913,172.31.40.0-255,66,112341,76,228017
33343,0.006256,172.217.194.0-255,5738,118079,76,228017
33344,0.006263,172.31.40.0-255,66,118145,76,228017
33345,0.008612,172.217.194.0-255,5738,123883,76,228017
33346,0.008619,172.31.40.0-255,66,123949,76,228017
33347,0.010972,172.217.194.0-255,5738,129687,76,228017
33348,0.01098,172.31.40.0-255,66,129753,76,228017
33349,0.01331,172.217.194.0-255,5738,135491,76,228017
33350,0.013318,172.31.40.0-255,66,135557,76,228017
33351,0.01569,172.217.194.0-255,5738,141295,76,228017
33352,0.015698,172.31.40.0-255,66,141361,76,228017
33353,0.018038,172.217.194.0-255,5738,147099,76,228017
33354,0.018046,172.31.40.0-255,66,147165,76,228017
33355,0.020394,172.217.194.0-255,5738,152903,76,228017
33356,0.020401,172.31.40.0-255,66,152969,76,228017
33357,0.022735,172.217.194.0-255,5738,158707,76,228017
33358,0.022742,172.31.40.0-255,66,158773,76,228017
33359,0.024871,172.31.40.0-255,172,158945,76,228017
33360,0.024903,172.31.40.0-255,1104,160049,76,228017
33361,0.024968,172.31.40.0-255,1514,161563,76,228017
33362,0.024969,172.31.40.0-255,1514,163077,76,228017
33363,0.02497,172.31.40.0-255,1514,164591,76,228017
33364,0.024971,172.31.40.0-255,670,165261,76,228017
33365,0.025076,172.217.194.0-255,5738,170999,76,228017
33366,0.025082,172.31.40.0-255,66,171065,76,228017
33367,0.026429,104.244.42.0-255,66,171131,76,228017
33368,0.026476,104.244.42.0-255,66,171197,76,228017
33369,0.026557,104.244.42.0-255,66,171263,76,228017
33370,0.026562,104.244.42.0-255,66,171329,76,228017
33371,0.027429,172.217.194.0-255,5738,177067,76,228017
33372,0.027437,172.31.40.0-255,66,177133,76,228017
33373,0.029795,172.217.194.0-255,5738,182871,76,228017
33374,0.029802,172.31.40.0-255,66,182937,76,228017
33375,0.032152,172.217.194.0-255,5738,188675,76,228017
33376,0.032159,172.31.40.0-255,66,188741,76,228017
33377,0.034503,172.217.194.0-255,5738,194479,76,228017
33378,0.034509,172.31.40.0-255,66,194545,76,228017
33379,0.03685,172.217.194.0-255,5738,200283,76,228017
33380,0.036861,172.31.40.0-255,66,200349,76,228017
33381,0.03923,172.217.194.0-255,5738,206087,76,228017
33382,0.039236,172.31.40.0-255,66,206153,76,228017
33383,0.041579,172.217.194.0-255,5738,211891,76,228017
33384,0.041589,172.31.40.0-255,66,211957,76,228017
33385,0.043922,172.217.194.0-255,4320,216277,76,228017
33386,0.043929,172.31.40.0-255,66,216343,76,228017
33387,0.043956,172.217.194.0-255,1484,217827,76,228017
33388,0.046272,172.217.194.0-255,4320,222147,76,228017
33389,0.046278,172.31.40.0-255,66,222213,76,228017
33390,0.048652,172.217.194.0-255,5738,227951,76,228017
33391,0.048659,172.31.40.0-255,66,228017,76,228017
33392,0.0,74.125.24.0-255,152,152,76,230336
33393,3e-05,172.31.40.0-255,66,218,76,230336
33394,3.6e-05,74.125.24.0-255,1484,1702,76,230336
33395,4e-05,172.31.40.0-255,66,1768,76,230336
33396,4.4e-05,74.125.24.0-255,2902,4670,76,230336
33397,4.7e-05,172.31.40.0-255,66,4736,76,230336
33398,6.8e-05,74.125.24.0-255,7156,11892,76,230336
33399,7e-05,172.31.40.0-255,66,11958,76,230336
33400,8.3e-05,172.31.40.0-255,66,12024,76,230336
33401,9.8e-05,74.125.24.0-255,2077,14101,76,230336
33402,0.000101,172.31.40.0-255,66,14167,76,230336
33403,0.000105,74.125.24.0-255,3961,18128,76,230336
33404,0.000107,172.31.40.0-255,66,18194,76,230336
33405,0.00077,74.125.24.0-255,1484,19678,76,230336
33406,0.000775,172.31.40.0-255,66,19744,76,230336
33407,0.000784,74.125.24.0-255,2902,22646,76,230336
33408,0.000786,172.31.40.0-255,66,22712,76,230336
33409,0.000806,74.125.24.0-255,5738,28450,76,230336
33410,0.000809,172.31.40.0-255,66,28516,76,230336
33411,0.000814,74.125.24.0-255,5738,34254,76,230336
33412,0.000816,172.31.40.0-255,66,34320,76,230336
33413,0.000842,74.125.24.0-255,2902,37222,76,230336
33414,0.000844,172.31.40.0-255,66,37288,76,230336
33415,0.000883,172.31.40.0-255,66,37354,76,230336
33416,0.000888,74.125.24.0-255,4229,41583,76,230336
33417,0.000889,172.31.40.0-255,66,41649,76,230336
33418,0.000892,74.125.24.0-255,134,41783,76,230336
33419,0.000894,172.31.40.0-255,66,41849,76,230336
33420,0.001172,74.125.24.0-255,1484,43333,76,230336
33421,0.001176,172.31.40.0-255,66,43399,76,230336
33422,0.001197,74.125.24.0-255,2902,46301,76,230336
33423,0.001199,172.31.40.0-255,66,46367,76,230336
33424,0.001214,74.125.24.0-255,4320,50687,76,230336
33425,0.001216,172.31.40.0-255,66,50753,76,230336
33426,0.001232,74.125.24.0-255,1484,52237,76,230336
33427,0.001239,74.125.24.0-255,7156,59393,76,230336
33428,0.001241,172.31.40.0-255,66,59459,76,230336
33429,0.001264,74.125.24.0-255,5738,65197,76,230336
33430,0.001266,172.31.40.0-255,66,65263,76,230336
33431,0.001272,74.125.24.0-255,7156,72419,76,230336
33432,0.001273,172.31.40.0-255,66,72485,76,230336
33433,0.001277,74.125.24.0-255,3602,76087,76,230336
33434,0.001279,172.31.40.0-255,66,76153,76,230336
33435,0.001347,74.125.24.0-255,1484,77637,76,230336
33436,0.00135,74.125.24.0-255,1484,79121,76,230336
33437,0.001352,172.31.40.0-255,66,79187,76,230336
33438,0.001362,74.125.24.0-255,1484,80671,76,230336
33439,0.001366,74.125.24.0-255,2902,83573,76,230336
33440,0.001368,172.31.40.0-255,66,83639,76,230336
33441,0.001416,74.125.24.0-255,7156,90795,76,230336
33442,0.001419,172.31.40.0-255,66,90861,76,230336
33443,0.00143,172.31.40.0-255,66,90927,76,230336
33444,0.001446,74.125.24.0-255,4320,95247,76,230336
33445,0.001448,172.31.40.0-255,66,95313,76,230336
33446,0.001453,74.125.24.0-255,3602,98915,76,230336
33447,0.001455,172.31.40.0-255,66,98981,76,230336
33448,0.001647,74.125.24.0-255,1484,100465,76,230336
33449,0.001658,74.125.24.0-255,2902,103367,76,230336
33450,0.001661,172.31.40.0-255,66,103433,76,230336
33451,0.001663,74.125.24.0-255,1484,104917,76,230336
33452,0.001685,74.125.24.0-255,4320,109237,76,230336
33453,0.001687,172.31.40.0-255,66,109303,76,230336
33454,0.001696,172.31.40.0-255,66,109369,76,230336
33455,0.001747,74.125.24.0-255,1484,110853,76,230336
33456,0.001795,172.31.40.0-255,66,110919,76,230336
33457,0.001978,74.125.24.0-255,1484,112403,76,230336
33458,0.001983,74.125.24.0-255,2902,115305,76,230336
33459,0.001986,172.31.40.0-255,66,115371,76,230336
33460,0.002009,74.125.24.0-255,5738,121109,76,230336
33461,0.002012,172.31.40.0-255,66,121175,76,230336
33462,0.002014,74.125.24.0-255,1484,122659,76,230336
33463,0.002058,172.31.40.0-255,66,122725,76,230336
33464,0.00207,172.31.40.0-255,66,122791,76,230336
33465,0.004641,74.125.24.0-255,1484,124275,76,230336
33466,0.00466,74.125.24.0-255,4320,128595,76,230336
33467,0.004662,172.31.40.0-255,66,128661,76,230336
33468,0.007203,74.125.24.0-255,5738,134399,76,230336
33469,0.007209,172.31.40.0-255,66,134465,76,230336
33470,0.009732,74.125.24.0-255,5738,140203,76,230336
33471,0.009738,172.31.40.0-255,66,140269,76,230336
33472,0.012295,74.125.24.0-255,5738,146007,76,230336
33473,0.012305,172.31.40.0-255,66,146073,76,230336
33474,0.014875,74.125.24.0-255,5738,151811,76,230336
33475,0.014887,172.31.40.0-255,66,151877,76,230336
33476,0.017415,74.125.24.0-255,5738,157615,76,230336
33477,0.017421,172.31.40.0-255,66,157681,76,230336
33478,0.019956,74.125.24.0-255,5738,163419,76,230336
33479,0.019965,172.31.40.0-255,66,163485,76,230336
33480,0.022506,74.125.24.0-255,5738,169223,76,230336
33481,0.022513,172.31.40.0-255,66,169289,76,230336
33482,0.024111,172.31.40.0-255,231,169520,76,230336
33483,0.02414,172.31.40.0-255,1109,170629,76,230336
33484,0.024179,172.31.40.0-255,1514,172143,76,230336
33485,0.024199,172.31.40.0-255,1307,173450,76,230336
33486,0.02506,74.125.24.0-255,5738,179188,76,230336
33487,0.025066,172.31.40.0-255,66,179254,76,230336
33488,0.025657,104.244.42.0-255,66,179320,76,230336
33489,0.025702,104.244.42.0-255,66,179386,76,230336
33490,0.025746,104.244.42.0-255,66,179452,76,230336
33491,0.027624,74.125.24.0-255,5738,185190,76,230336
33492,0.027631,172.31.40.0-255,66,185256,76,230336
33493,0.030154,74.125.24.0-255,5738,190994,76,230336
33494,0.030161,172.31.40.0-255,66,191060,76,230336
33495,0.032686,74.125.24.0-255,5738,196798,76,230336
33496,0.032694,172.31.40.0-255,66,196864,76,230336
33497,0.035223,74.125.24.0-255,5738,202602,76,230336
33498,0.035228,172.31.40.0-255,66,202668,76,230336
33499,0.037758,74.125.24.0-255,5738,208406,76,230336
33500,0.037762,172.31.40.0-255,66,208472,76,230336
33501,0.040307,74.125.24.0-255,4320,212792,76,230336
33502,0.040312,172.31.40.0-255,66,212858,76,230336
33503,0.040335,74.125.24.0-255,1484,214342,76,230336
33504,0.042878,74.125.24.0-255,4320,218662,76,230336
33505,0.042883,172.31.40.0-255,66,218728,76,230336
33506,0.045411,74.125.24.0-255,5738,224466,76,230336
33507,0.045417,172.31.40.0-255,66,224532,76,230336
33508,0.047956,74.125.24.0-255,5738,230270,76,230336
33509,0.047962,172.31.40.0-255,66,230336,76,230336
33510,0.0,74.125.24.0-255,152,152,76,245680
33511,2.4e-05,172.31.40.0-255,66,218,76,245680
33512,3.2e-05,74.125.24.0-255,1484,1702,76,245680
33513,3.6e-05,172.31.40.0-255,66,1768,76,245680
33514,4.2e-05,74.125.24.0-255,2902,4670,76,245680
33515,5.5e-05,172.31.40.0-255,66,4736,76,245680
33516,6.2e-05,74.125.24.0-255,5738,10474,76,245680
33517,6.6e-05,172.31.40.0-255,66,10540,76,245680
33518,0.0001,74.125.24.0-255,3437,13977,76,245680
33519,0.000103,172.31.40.0-255,66,14043,76,245680
33520,0.000474,74.125.24.0-255,1484,15527,76,245680
33521,0.000481,172.31.40.0-255,66,15593,76,245680
33522,0.000486,74.125.24.0-255,2902,18495,76,245680
33523,0.000489,172.31.40.0-255,66,18561,76,245680
33524,0.000506,74.125.24.0-255,2902,21463,76,245680
33525,0.000508,172.31.40.0-255,66,21529,76,245680
33526,0.000531,74.125.24.0-255,2902,24431,76,245680
33527,0.000534,172.31.40.0-255,66,24497,76,245680
33528,0.000546,172.31.40.0-255,66,24563,76,245680
33529,0.000591,172.31.40.0-255,66,24629,76,245680
33530,0.000626,172.31.40.0-255,66,24695,76,245680
33531,0.000654,74.125.24.0-255,7156,31851,76,245680
33532,0.000657,172.31.40.0-255,66,31917,76,245680
33533,0.000686,74.125.24.0-255,5382,37299,76,245680
33534,0.000689,172.31.40.0-255,66,37365,76,245680
33535,0.000806,74.125.24.0-255,1484,38849,76,245680
33536,0.000809,172.31.40.0-255,66,38915,76,245680
33537,0.000814,74.125.24.0-255,2902,41817,76,245680
33538,0.000816,172.31.40.0-255,66,41883,76,245680
33539,0.000821,74.125.24.0-255,2902,44785,76,245680
33540,0.000823,172.31.40.0-255,66,44851,76,245680
33541,0.000854,74.125.24.0-255,2902,47753,76,245680
33542,0.000857,172.31.40.0-255,66,47819,76,245680
33543,0.000863,74.125.24.0-255,4320,52139,76,245680
33544,0.000865,172.31.40.0-255,66,52205,76,245680
33545,0.000876,172.31.40.0-255,66,52271,76,245680
33546,0.000898,74.125.24.0-255,2902,55173,76,245680
33547,0.000901,172.31.40.0-255,66,55239,76,245680
33548,0.000911,172.31.40.0-255,66,55305,76,245680
33549,0.001232,74.125.24.0-255,1484,56789,76,245680
33550,0.001239,74.125.24.0-255,2902,59691,76,245680
33551,0.001242,172.31.40.0-255,66,59757,76,245680
33552,0.001274,74.125.24.0-255,5738,65495,76,245680
33553,0.001277,172.31.40.0-255,66,65561,76,245680
33554,0.001281,74.125.24.0-255,2902,68463,76,245680
33555,0.001284,172.31.40.0-255,66,68529,76,245680
33556,0.001342,172.31.40.0-255,66,68595,76,245680
33557,0.00135,74.125.24.0-255,7156,75751,76,245680
33558,0.001352,172.31.40.0-255,66,75817,76,245680
33559,0.00139,172.31.40.0-255,66,75883,76,245680
33560,0.001417,74.125.24.0-255,6138,82021,76,245680
33561,0.00142,172.31.40.0-255,66,82087,76,245680
33562,0.001436,172.31.40.0-255,66,82153,76,245680
33563,0.001456,74.125.24.0-255,2184,84337,76,245680
33564,0.001462,172.31.40.0-255,66,84403,76,245680
33565,0.001844,74.125.24.0-255,1484,85887,76,245680
33566,0.00185,74.125.24.0-255,2902,88789,76,245680
33567,0.001853,172.31.40.0-255,66,88855,76,245680
33568,0.001856,74.125.24.0-255,1484,90339,76,245680
33569,0.001886,74.125.24.0-255,4320,94659,76,245680
33570,0.001889,172.31.40.0-255,66,94725,76,245680
33571,0.001902,172.31.40.0-255,66,94791,76,245680
33572,0.001905,74.125.24.0-255,1484,96275,76,245680
33573,0.001944,172.31.40.0-255,66,96341,76,245680
33574,0.001977,172.31.40.0-255,66,96407,76,245680
33575,0.001983,74.125.24.0-255,4320,100727,76,245680
33576,0.001985,172.31.40.0-255,66,100793,76,245680
33577,0.001999,74.125.24.0-255,5379,106172,76,245680
33578,0.002003,172.31.40.0-255,66,106238,76,245680
33579,0.002048,172.31.40.0-255,66,106304,76,245680
33580,0.002119,74.125.24.0-255,5738,112042,76,245680
33581,0.002122,172.31.40.0-255,66,112108,76,245680
33582,0.002156,172.31.40.0-255,66,112174,76,245680
33583,0.002251,74.125.24.0-255,1484,113658,76,245680
33584,0.00226,74.125.24.0-255,2902,116560,76,245680
33585,0.002263,172.31.40.0-255,66,116626,76,245680
33586,0.00227,74.125.24.0-255,5738,122364,76,245680
33587,0.002272,172.31.40.0-255,66,122430,76,245680
33588,0.002276,74.125.24.0-255,1484,123914,76,245680
33589,0.002322,172.31.40.0-255,66,123980,76,245680
33590,0.002335,172.31.40.0-255,66,124046,76,245680
33591,0.004705,74.125.24.0-255,5738,129784,76,245680
33592,0.004713,172.31.40.0-255,66,129850,76,245680
33593,0.007067,74.125.24.0-255,5738,135588,76,245680
33594,0.007075,172.31.40.0-255,66,135654,76,245680
33595,0.009464,74.125.24.0-255,5738,141392,76,245680
33596,0.00947,172.31.40.0-255,66,141458,76,245680
33597,0.011825,74.125.24.0-255,5738,147196,76,245680
33598,0.011832,172.31.40.0-255,66,147262,76,245680
33599,0.014184,74.125.24.0-255,5738,153000,76,245680
33600,0.01419,172.31.40.0-255,66,153066,76,245680
33601,0.016598,74.125.24.0-255,5738,158804,76,245680
33602,0.016605,172.31.40.0-255,66,158870,76,245680
33603,0.018985,74.125.24.0-255,5738,164608,76,245680
33604,0.018995,172.31.40.0-255,66,164674,76,245680
33605,0.021414,74.125.24.0-255,5738,170412,76,245680
33606,0.021429,172.31.40.0-255,66,170478,76,245680
33607,0.023817,74.125.24.0-255,5738,176216,76,245680
33608,0.023826,172.31.40.0-255,66,176282,76,245680
33609,0.026191,74.125.24.0-255,5738,182020,76,245680
33610,0.026198,172.31.40.0-255,66,182086,76,245680
33611,0.028554,74.125.24.0-255,5738,187824,76,245680
33612,0.02856,172.31.40.0-255,66,187890,76,245680
33613,0.030912,74.125.24.0-255,2902,190792,76,245680
33614,0.03092,172.31.40.0-255,66,190858,76,245680
33615,0.030949,74.125.24.0-255,2902,193760,76,245680
33616,0.030952,172.31.40.0-255,66,193826,76,245680
33617,0.03328,74.125.24.0-255,2902,196728,76,245680
33618,0.033288,172.31.40.0-255,66,196794,76,245680
33619,0.033327,74.125.24.0-255,2902,199696,76,245680
33620,0.03333,172.31.40.0-255,66,199762,76,245680
33621,0.033484,172.31.40.0-255,172,199934,76,245680
33622,0.033511,172.31.40.0-255,1109,201043,76,245680
33623,0.033569,172.31.40.0-255,1514,202557,76,245680
33624,0.03357,172.31.40.0-255,1307,203864,76,245680
33625,0.035016,104.244.42.0-255,66,203930,76,245680
33626,0.035067,104.244.42.0-255,66,203996,76,245680
33627,0.03517,104.244.42.0-255,66,204062,76,245680
33628,0.035645,74.125.24.0-255,2902,206964,76,245680
33629,0.035652,172.31.40.0-255,66,207030,76,245680
33630,0.035698,74.125.24.0-255,2902,209932,76,245680
33631,0.035701,172.31.40.0-255,66,209998,76,245680
33632,0.038002,74.125.24.0-255,2902,212900,76,245680
33633,0.038009,172.31.40.0-255,66,212966,76,245680
33634,0.03806,74.125.24.0-255,2902,215868,76,245680
33635,0.038063,172.31.40.0-255,66,215934,76,245680
33636,0.040375,74.125.24.0-255,2902,218836,76,245680
33637,0.040384,172.31.40.0-255,66,218902,76,245680
33638,0.040411,74.125.24.0-255,1484,220386,76,245680
33639,0.040426,74.125.24.0-255,1484,221870,76,245680
33640,0.040429,172.31.40.0-255,66,221936,76,245680
33641,0.042763,74.125.24.0-255,2902,224838,76,245680
33642,0.04277,172.31.40.0-255,66,224904,76,245680
33643,0.042814,74.125.24.0-255,2902,227806,76,245680
33644,0.042817,172.31.40.0-255,66,227872,76,245680
33645,0.04513,74.125.24.0-255,2902,230774,76,245680
33646,0.045135,172.31.40.0-255,66,230840,76,245680
33647,0.045191,74.125.24.0-255,2902,233742,76,245680
33648,0.045195,172.31.40.0-255,66,233808,76,245680
33649,0.047472,74.125.24.0-255,2902,236710,76,245680
33650,0.047478,172.31.40.0-255,66,236776,76,245680
33651,0.047524,74.125.24.0-255,2902,239678,76,245680
33652,0.047528,172.31.40.0-255,66,239744,76,245680
33653,0.049844,74.125.24.0-255,2902,242646,76,245680
33654,0.049852,172.31.40.0-255,66,242712,76,245680
33655,0.0499,74.125.24.0-255,2902,245614,76,245680
33656,0.049903,172.31.40.0-255,66,245680,76,245680
33657,0.0,172.217.194.0-255,152,152,76,282678
33658,2.4e-05,172.31.40.0-255,66,218,76,282678
33659,3.1e-05,172.217.194.0-255,1484,1702,76,282678
33660,3.5e-05,172.31.40.0-255,66,1768,76,282678
33661,4.2e-05,172.217.194.0-255,2902,4670,76,282678
33662,4.6e-05,172.31.40.0-255,66,4736,76,282678
33663,5.4e-05,172.217.194.0-255,7156,11892,76,282678
33664,5.7e-05,172.31.40.0-255,66,11958,76,282678
33665,7e-05,172.31.40.0-255,66,12024,76,282678
33666,0.000104,172.31.40.0-255,66,12090,76,282678
33667,0.000108,172.217.194.0-255,2543,14633,76,282678
33668,0.000111,172.31.40.0-255,66,14699,76,282678
33669,0.000128,172.217.194.0-255,1484,16183,76,282678
33670,0.000131,172.31.40.0-255,66,16249,76,282678
33671,0.000154,172.217.194.0-255,2902,19151,76,282678
33672,0.000157,172.31.40.0-255,66,19217,76,282678
33673,0.000162,172.217.194.0-255,4320,23537,76,282678
33674,0.000165,172.31.40.0-255,66,23603,76,282678
33675,0.000177,172.217.194.0-255,1484,25087,76,282678
33676,0.000179,172.31.40.0-255,66,25153,76,282678
33677,0.000191,172.31.40.0-255,66,25219,76,282678
33678,0.000214,172.217.194.0-255,2543,27762,76,282678
33679,0.000216,172.31.40.0-255,66,27828,76,282678
33680,0.000284,172.217.194.0-255,5738,33566,76,282678
33681,0.000287,172.31.40.0-255,66,33632,76,282678
33682,0.000312,172.217.194.0-255,7124,40756,76,282678
33683,0.000315,172.31.40.0-255,66,40822,76,282678
33684,0.000477,172.217.194.0-255,381,41203,76,282678
33685,0.000481,172.31.40.0-255,66,41269,76,282678
33686,0.000617,172.217.194.0-255,1484,42753,76,282678
33687,0.000643,172.217.194.0-255,2902,45655,76,282678
33688,0.000648,172.31.40.0-255,66,45721,76,282678
33689,0.000654,172.217.194.0-255,5738,51459,76,282678
33690,0.000658,172.31.40.0-255,66,51525,76,282678
33691,0.000691,172.217.194.0-255,4320,55845,76,282678
33692,0.000694,172.31.40.0-255,66,55911,76,282678
33693,0.00072,172.217.194.0-255,2543,58454,76,282678
33694,0.000723,172.31.40.0-255,66,58520,76,282678
33695,0.00073,172.217.194.0-255,7156,65676,76,282678
33696,0.000733,172.31.40.0-255,66,65742,76,282678
33697,0.000748,172.217.194.0-255,2902,68644,76,282678
33698,0.000751,172.31.40.0-255,66,68710,76,282678
33699,0.000768,172.217.194.0-255,6248,74958,76,282678
33700,0.000771,172.31.40.0-255,66,75024,76,282678
33701,0.001174,172.217.194.0-255,1484,76508,76,282678
33702,0.00118,172.217.194.0-255,2902,79410,76,282678
33703,0.001184,172.31.40.0-255,66,79476,76,282678
33704,0.001205,172.217.194.0-255,5738,85214,76,282678
33705,0.001208,172.31.40.0-255,66,85280,76,282678
33706,0.001212,172.217.194.0-255,2902,88182,76,282678
33707,0.001214,172.31.40.0-255,66,88248,76,282678
33708,0.00124,172.217.194.0-255,7156,95404,76,282678
33709,0.001243,172.31.40.0-255,66,95470,76,282678
33710,0.00125,172.217.194.0-255,5738,101208,76,282678
33711,0.001252,172.31.40.0-255,66,101274,76,282678
33712,0.001295,172.217.194.0-255,4320,105594,76,282678
33713,0.001299,172.31.40.0-255,66,105660,76,282678
33714,0.001318,172.217.194.0-255,3602,109262,76,282678
33715,0.001321,172.31.40.0-255,66,109328,76,282678
33716,0.001494,172.217.194.0-255,1484,110812,76,282678
33717,0.001498,172.217.194.0-255,1484,112296,76,282678
33718,0.001501,172.31.40.0-255,66,112362,76,282678
33719,0.001519,172.217.194.0-255,1484,113846,76,282678
33720,0.001526,172.217.194.0-255,5738,119584,76,282678
33721,0.001529,172.31.40.0-255,66,119650,76,282678
33722,0.001532,172.217.194.0-255,1484,121134,76,282678
33723,0.001549,172.217.194.0-255,2902,124036,76,282678
33724,0.001553,172.31.40.0-255,66,124102,76,282678
33725,0.001569,172.31.40.0-255,66,124168,76,282678
33726,0.00159,172.217.194.0-255,1484,125652,76,282678
33727,0.001603,172.31.40.0-255,66,125718,76,282678
33728,0.001638,172.31.40.0-255,66,125784,76,282678
33729,0.00165,172.31.40.0-255,66,125850,76,282678
33730,0.001685,172.217.194.0-255,5738,131588,76,282678
33731,0.001688,172.31.40.0-255,66,131654,76,282678
33732,0.001716,172.31.40.0-255,66,131720,76,282678
33733,0.001828,172.217.194.0-255,1484,133204,76,282678
33734,0.001844,172.217.194.0-255,1484,134688,76,282678
33735,0.001848,172.31.40.0-255,66,134754,76,282678
33736,0.001865,172.217.194.0-255,1484,136238,76,282678
33737,0.001879,172.217.194.0-255,4320,140558,76,282678
33738,0.001882,172.31.40.0-255,66,140624,76,282678
33739,0.001894,172.217.194.0-255,1484,142108,76,282678
33740,0.001927,172.31.40.0-255,66,142174,76,282678
33741,0.001939,172.31.40.0-255,66,142240,76,282678
33742,0.001942,172.217.194.0-255,1484,143724,76,282678
33743,0.001982,172.31.40.0-255,66,143790,76,282678
33744,0.002003,172.31.40.0-255,66,143856,76,282678
33745,0.002007,172.217.194.0-255,3602,147458,76,282678
33746,0.002009,172.31.40.0-255,66,147524,76,282678
33747,0.003997,172.217.194.0-255,5738,153262,76,282678
33748,0.004004,172.31.40.0-255,66,153328,76,282678
33749,0.006043,172.217.194.0-255,5738,159066,76,282678
33750,0.006049,172.31.40.0-255,66,159132,76,282678
33751,0.008081,172.217.194.0-255,5738,164870,76,282678
33752,0.008098,172.31.40.0-255,66,164936,76,282678
33753,0.010129,172.217.194.0-255,5738,170674,76,282678
33754,0.010142,172.31.40.0-255,66,170740,76,282678
33755,0.012183,172.217.194.0-255,5738,176478,76,282678
33756,0.012197,172.31.40.0-255,66,176544,76,282678
33757,0.01419,172.217.194.0-255,5738,182282,76,282678
33758,0.014199,172.31.40.0-255,66,182348,76,282678
33759,0.016202,172.217.194.0-255,5738,188086,76,282678
33760,0.016209,172.31.40.0-255,66,188152,76,282678
33761,0.01828,172.217.194.0-255,5738,193890,76,282678
33762,0.018287,172.31.40.0-255,66,193956,76,282678
33763,0.020272,172.217.194.0-255,1484,195440,76,282678
33764,0.020295,172.217.194.0-255,4320,199760,76,282678
33765,0.0203,172.31.40.0-255,66,199826,76,282678
33766,0.022317,172.217.194.0-255,5738,205564,76,282678
33767,0.022325,172.31.40.0-255,66,205630,76,282678
33768,0.024346,172.217.194.0-255,5738,211368,76,282678
33769,0.024355,172.31.40.0-255,66,211434,76,282678
33770,0.026346,172.217.194.0-255,5738,217172,76,282678
33771,0.026355,172.31.40.0-255,66,217238,76,282678
33772,0.028367,172.217.194.0-255,5738,222976,76,282678
33773,0.028382,172.31.40.0-255,66,223042,76,282678
33774,0.030369,172.217.194.0-255,5738,228780,76,282678
33775,0.030377,172.31.40.0-255,66,228846,76,282678
33776,0.032402,172.217.194.0-255,5738,234584,76,282678
33777,0.032409,172.31.40.0-255,66,234650,76,282678
33778,0.034408,172.217.194.0-255,4320,238970,76,282678
33779,0.034415,172.31.40.0-255,66,239036,76,282678
33780,0.03444,172.217.194.0-255,1484,240520,76,282678
33781,0.036436,172.217.194.0-255,4320,244840,76,282678
33782,0.036482,172.31.40.0-255,66,244906,76,282678
33783,0.038485,172.217.194.0-255,5738,250644,76,282678
33784,0.038493,172.31.40.0-255,66,250710,76,282678
33785,0.040541,172.217.194.0-255,5738,256448,76,282678
33786,0.040549,172.31.40.0-255,66,256514,76,282678
33787,0.042581,172.217.194.0-255,5738,262252,76,282678
33788,0.042597,172.31.40.0-255,66,262318,76,282678
33789,0.044576,172.217.194.0-255,4320,266638,76,282678
33790,0.044584,172.31.40.0-255,66,266704,76,282678
33791,0.044603,172.217.194.0-255,1484,268188,76,282678
33792,0.046588,172.217.194.0-255,4320,272508,76,282678
33793,0.046595,172.31.40.0-255,66,272574,76,282678
33794,0.0471,172.31.40.0-255,172,272746,76,282678
33795,0.047132,172.31.40.0-255,1109,273855,76,282678
33796,0.047191,172.31.40.0-255,1514,275369,76,282678
33797,0.047193,172.31.40.0-255,1307,276676,76,282678
33798,0.048599,172.217.194.0-255,5738,282414,76,282678
33799,0.048613,172.31.40.0-255,66,282480,76,282678
33800,0.048634,104.244.42.0-255,66,282546,76,282678
33801,0.048706,104.244.42.0-255,66,282612,76,282678
33802,0.04875,104.244.42.0-255,66,282678,76,282678
33803,0.0,172.253.118.0-255,296,296,76,163112
33804,2.2e-05,172.31.40.0-255,66,362,76,163112
33805,2.9e-05,172.253.118.0-255,1484,1846,76,163112
33806,3.3e-05,172.31.40.0-255,66,1912,76,163112
33807,4.8e-05,172.253.118.0-255,4320,6232,76,163112
33808,5.1e-05,172.31.40.0-255,66,6298,76,163112
33809,5.9e-05,172.253.118.0-255,7156,13454,76,163112
33810,6.2e-05,172.31.40.0-255,66,13520,76,163112
33811,6.5e-05,172.253.118.0-255,457,13977,76,163112
33812,6.9e-05,172.31.40.0-255,66,14043,76,163112
33813,0.000156,172.253.118.0-255,1484,15527,76,163112
33814,0.000161,172.253.118.0-255,2902,18429,76,163112
33815,0.000165,172.31.40.0-255,66,18495,76,163112
33816,0.000169,172.31.40.0-255,66,18561,76,163112
33817,0.0002,172.253.118.0-255,5738,24299,76,163112
33818,0.000202,172.31.40.0-255,66,24365,76,163112
33819,0.000208,172.253.118.0-255,4320,28685,76,163112
33820,0.00021,172.31.40.0-255,66,28751,76,163112
33821,0.000232,172.253.118.0-255,2543,31294,76,163112
33822,0.000235,172.31.40.0-255,66,31360,76,163112
33823,0.001888,172.253.118.0-255,1484,32844,76,163112
33824,0.001895,172.31.40.0-255,66,32910,76,163112
33825,0.001903,172.253.118.0-255,2902,35812,76,163112
33826,0.001906,172.31.40.0-255,66,35878,76,163112
33827,0.001918,172.253.118.0-255,5738,41616,76,163112
33828,0.001921,172.31.40.0-255,66,41682,76,163112
33829,0.001927,172.253.118.0-255,5738,47420,76,163112
33830,0.00193,172.31.40.0-255,66,47486,76,163112
33831,0.001934,172.253.118.0-255,2902,50388,76,163112
33832,0.001936,172.31.40.0-255,66,50454,76,163112
33833,0.001976,172.31.40.0-255,66,50520,76,163112
33834,0.001981,172.253.118.0-255,3961,54481,76,163112
33835,0.001984,172.31.40.0-255,66,54547,76,163112
33836,0.00248,172.253.118.0-255,646,55193,76,163112
33837,0.004495,172.253.118.0-255,4320,59513,76,163112
33838,0.004501,172.31.40.0-255,66,59579,76,163112
33839,0.00703,172.253.118.0-255,5738,65317,76,163112
33840,0.007036,172.31.40.0-255,66,65383,76,163112
33841,0.009559,172.253.118.0-255,5738,71121,76,163112
33842,0.009567,172.31.40.0-255,66,71187,76,163112
33843,0.01209,172.253.118.0-255,5738,76925,76,163112
33844,0.012103,172.31.40.0-255,66,76991,76,163112
33845,0.014637,172.253.118.0-255,5738,82729,76,163112
33846,0.014649,172.31.40.0-255,66,82795,76,163112
33847,0.017149,172.253.118.0-255,5738,88533,76,163112
33848,0.017159,172.31.40.0-255,66,88599,76,163112
33849,0.019666,172.253.118.0-255,5738,94337,76,163112
33850,0.019674,172.31.40.0-255,66,94403,76,163112
33851,0.022214,172.253.118.0-255,5738,100141,76,163112
33852,0.022222,172.31.40.0-255,66,100207,76,163112
33853,0.024747,172.253.118.0-255,5738,105945,76,163112
33854,0.024755,172.31.40.0-255,66,106011,76,163112
33855,0.027294,172.253.118.0-255,5738,111749,76,163112
33856,0.027303,172.31.40.0-255,66,111815,76,163112
33857,0.029853,172.253.118.0-255,5738,117553,76,163112
33858,0.029864,172.31.40.0-255,66,117619,76,163112
33859,0.0324,172.253.118.0-255,5738,123357,76,163112
33860,0.032409,172.31.40.0-255,66,123423,76,163112
33861,0.034949,172.253.118.0-255,5738,129161,76,163112
33862,0.03496,172.31.40.0-255,66,129227,76,163112
33863,0.037501,172.253.118.0-255,5738,134965,76,163112
33864,0.03751,172.31.40.0-255,66,135031,76,163112
33865,0.040022,172.253.118.0-255,4320,139351,76,163112
33866,0.040029,172.31.40.0-255,66,139417,76,163112
33867,0.040057,172.253.118.0-255,1484,140901,76,163112
33868,0.040365,172.31.40.0-255,176,141077,76,163112
33869,0.040396,172.31.40.0-255,1109,142186,76,163112
33870,0.040452,172.31.40.0-255,1514,143700,76,163112
33871,0.040454,172.31.40.0-255,1514,145214,76,163112
33872,0.040458,172.31.40.0-255,1514,146728,76,163112
33873,0.040459,172.31.40.0-255,126,146854,76,163112
33874,0.041902,104.244.42.0-255,66,146920,76,163112
33875,0.041948,104.244.42.0-255,66,146986,76,163112
33876,0.042039,104.244.42.0-255,66,147052,76,163112
33877,0.042045,104.244.42.0-255,66,147118,76,163112
33878,0.042558,172.253.118.0-255,4320,151438,76,163112
33879,0.042566,172.31.40.0-255,66,151504,76,163112
33880,0.045108,172.253.118.0-255,5738,157242,76,163112
33881,0.045114,172.31.40.0-255,66,157308,76,163112
33882,0.047662,172.253.118.0-255,5738,163046,76,163112
33883,0.047669,172.31.40.0-255,66,163112,76,163112
33884,0.0,172.217.194.0-255,152,152,76,189380
33885,1.7e-05,172.31.40.0-255,66,218,76,189380
33886,2.4e-05,172.217.194.0-255,1484,1702,76,189380
33887,2.9e-05,172.31.40.0-255,66,1768,76,189380
33888,4.1e-05,172.217.194.0-255,2902,4670,76,189380
33889,4.5e-05,172.31.40.0-255,66,4736,76,189380
33890,5.2e-05,172.217.194.0-255,7156,11892,76,189380
33891,5.5e-05,172.31.40.0-255,66,11958,76,189380
33892,6e-05,172.217.194.0-255,2133,14091,76,189380
33893,6.3e-05,172.31.40.0-255,66,14157,76,189380
33894,7.6e-05,172.31.40.0-255,66,14223,76,189380
33895,8.7e-05,172.31.40.0-255,66,14289,76,189380
33896,0.000113,172.217.194.0-255,2902,17191,76,189380
33897,0.00012,172.31.40.0-255,66,17257,76,189380
33898,0.000157,172.31.40.0-255,66,17323,76,189380
33899,0.000192,172.31.40.0-255,66,17389,76,189380
33900,0.000222,172.217.194.0-255,2854,20243,76,189380
33901,0.000224,172.31.40.0-255,66,20309,76,189380
33902,0.000309,172.217.194.0-255,376,20685,76,189380
33903,0.000313,172.31.40.0-255,66,20751,76,189380
33904,0.000441,172.217.194.0-255,1484,22235,76,189380
33905,0.000445,172.31.40.0-255,66,22301,76,189380
33906,0.00045,172.217.194.0-255,2902,25203,76,189380
33907,0.000453,172.31.40.0-255,66,25269,76,189380
33908,0.000487,172.217.194.0-255,4320,29589,76,189380
33909,0.00049,172.31.40.0-255,66,29655,76,189380
33910,0.000505,172.31.40.0-255,66,29721,76,189380
33911,0.000541,172.31.40.0-255,66,29787,76,189380
33912,0.00057,172.217.194.0-255,5020,34807,76,189380
33913,0.000572,172.31.40.0-255,66,34873,76,189380
33914,0.001365,172.217.194.0-255,1484,36357,76,189380
33915,0.001371,172.217.194.0-255,2902,39259,76,189380
33916,0.001375,172.31.40.0-255,66,39325,76,189380
33917,0.00138,172.217.194.0-255,2902,42227,76,189380
33918,0.001382,172.31.40.0-255,66,42293,76,189380
33919,0.001417,172.217.194.0-255,2902,45195,76,189380
33920,0.001419,172.31.40.0-255,66,45261,76,189380
33921,0.001426,172.217.194.0-255,5738,50999,76,189380
33922,0.001428,172.31.40.0-255,66,51065,76,189380
33923,0.001445,172.31.40.0-255,66,51131,76,189380
33924,0.001472,172.217.194.0-255,5020,56151,76,189380
33925,0.001474,172.31.40.0-255,66,56217,76,189380
33926,0.001512,172.217.194.0-255,1484,57701,76,189380
33927,0.001517,172.217.194.0-255,2902,60603,76,189380
33928,0.00152,172.31.40.0-255,66,60669,76,189380
33929,0.001551,172.217.194.0-255,5738,66407,76,189380
33930,0.001554,172.31.40.0-255,66,66473,76,189380
33931,0.001564,172.31.40.0-255,66,66539,76,189380
33932,0.001631,172.31.40.0-255,66,66605,76,189380
33933,0.001639,172.217.194.0-255,7156,73761,76,189380
33934,0.001641,172.31.40.0-255,66,73827,76,189380
33935,0.001679,172.31.40.0-255,66,73893,76,189380
33936,0.001699,172.31.40.0-255,66,73959,76,189380
33937,0.001707,172.217.194.0-255,7156,81115,76,189380
33938,0.001709,172.31.40.0-255,66,81181,76,189380
33939,0.001744,172.217.194.0-255,3602,84783,76,189380
33940,0.001747,172.31.40.0-255,66,84849,76,189380
33941,0.001759,172.31.40.0-255,66,84915,76,189380
33942,0.001779,172.31.40.0-255,66,84981,76,189380
33943,0.001819,172.31.40.0-255,66,85047,76,189380
33944,0.001835,172.31.40.0-255,66,85113,76,189380
33945,0.001868,172.31.40.0-255,66,85179,76,189380
33946,0.001918,172.31.40.0-255,66,85245,76,189380
33947,0.001925,172.217.194.0-255,5738,90983,76,189380
33948,0.001927,172.31.40.0-255,66,91049,76,189380
33949,0.00197,172.217.194.0-255,3602,94651,76,189380
33950,0.001975,172.31.40.0-255,66,94717,76,189380
33951,0.001983,172.31.40.0-255,66,94783,76,189380
33952,0.002011,172.217.194.0-255,1484,96267,76,189380
33953,0.002017,172.217.194.0-255,2902,99169,76,189380
33954,0.002019,172.31.40.0-255,66,99235,76,189380
33955,0.00205,172.217.194.0-255,5738,104973,76,189380
33956,0.002053,172.31.40.0-255,66,105039,76,189380
33957,0.00206,172.217.194.0-255,7156,112195,76,189380
33958,0.002062,172.31.40.0-255,66,112261,76,189380
33959,0.002095,172.217.194.0-255,5738,117999,76,189380
33960,0.002098,172.31.40.0-255,66,118065,76,189380
33961,0.002109,172.31.40.0-255,66,118131,76,189380
33962,0.002116,172.217.194.0-255,766,118897,76,189380
33963,0.002273,172.217.194.0-255,1484,120381,76,189380
33964,0.002277,172.31.40.0-255,66,120447,76,189380
33965,0.002282,172.217.194.0-255,2902,123349,76,189380
33966,0.002284,172.31.40.0-255,66,123415,76,189380
33967,0.002293,172.217.194.0-255,2902,126317,76,189380
33968,0.002295,172.31.40.0-255,66,126383,76,189380
33969,0.00233,172.217.194.0-255,2902,129285,76,189380
33970,0.002332,172.31.40.0-255,66,129351,76,189380
33971,0.002343,172.31.40.0-255,66,129417,76,189380
33972,0.004678,172.217.194.0-255,5738,135155,76,189380
33973,0.004684,172.31.40.0-255,66,135221,76,189380
33974,0.006967,172.217.194.0-255,5738,140959,76,189380
33975,0.006983,172.31.40.0-255,66,141025,76,189380
33976,0.009313,172.217.194.0-255,5738,146763,76,189380
33977,0.009326,172.31.40.0-255,66,146829,76,189380
33978,0.011657,172.217.194.0-255,5738,152567,76,189380
33979,0.01167,172.31.40.0-255,66,152633,76,189380
33980,0.014009,172.217.194.0-255,5738,158371,76,189380
33981,0.014013,172.31.40.0-255,66,158437,76,189380
33982,0.016322,172.217.194.0-255,5738,164175,76,189380
33983,0.016328,172.31.40.0-255,66,164241,76,189380
33984,0.018672,172.217.194.0-255,5738,169979,76,189380
33985,0.01868,172.31.40.0-255,66,170045,76,189380
33986,0.021022,172.217.194.0-255,5738,175783,76,189380
33987,0.021031,172.31.40.0-255,66,175849,76,189380
33988,0.023359,172.217.194.0-255,5738,181587,76,189380
33989,0.023367,172.31.40.0-255,66,181653,76,189380
33990,0.025657,172.217.194.0-255,5738,187391,76,189380
33991,0.025664,172.31.40.0-255,66,187457,76,189380
33992,0.027955,172.217.194.0-255,1686,189143,76,189380
33993,0.027962,172.31.40.0-255,66,189209,76,189380
33994,0.029534,172.31.40.0-255,105,189314,76,189380
33995,0.031821,172.217.194.0-255,66,189380,76,189380
33996,0.0,172.217.194.0-255,146,146,76,292538
33997,2.1e-05,172.31.40.0-255,66,212,76,292538
33998,2.8e-05,172.217.194.0-255,1484,1696,76,292538
33999,3.3e-05,172.31.40.0-255,66,1762,76,292538
34000,3.9e-05,172.217.194.0-255,2902,4664,76,292538
34001,4.3e-05,172.31.40.0-255,66,4730,76,292538
34002,4.7e-05,172.217.194.0-255,2902,7632,76,292538
34003,5e-05,172.31.40.0-255,66,7698,76,292538
34004,9.2e-05,172.31.40.0-255,66,7764,76,292538
34005,0.000105,172.31.40.0-255,66,7830,76,292538
34006,0.000138,172.217.194.0-255,2902,10732,76,292538
34007,0.00014,172.31.40.0-255,66,10798,76,292538
34008,0.000158,172.217.194.0-255,2543,13341,76,292538
34009,0.000161,172.31.40.0-255,66,13407,76,292538
34010,0.000209,172.217.194.0-255,1484,14891,76,292538
34011,0.000212,172.31.40.0-255,66,14957,76,292538
34012,0.000216,172.217.194.0-255,1484,16441,76,292538
34013,0.000219,172.31.40.0-255,66,16507,76,292538
34014,0.000233,172.217.194.0-255,1484,17991,76,292538
34015,0.000235,172.31.40.0-255,66,18057,76,292538
34016,0.000243,172.217.194.0-255,5738,23795,76,292538
34017,0.000245,172.31.40.0-255,66,23861,76,292538
34018,0.000274,172.217.194.0-255,6797,30658,76,292538
34019,0.000277,172.31.40.0-255,66,30724,76,292538
34020,0.000294,172.217.194.0-255,4320,35044,76,292538
34021,0.000297,172.31.40.0-255,66,35110,76,292538
34022,0.000327,172.31.40.0-255,66,35176,76,292538
34023,0.00034,172.217.194.0-255,2849,38025,76,292538
34024,0.000343,172.31.40.0-255,66,38091,76,292538
34025,0.000383,172.217.194.0-255,2902,40993,76,292538
34026,0.000386,172.31.40.0-255,66,41059,76,292538
34027,0.00039,172.217.194.0-255,2902,43961,76,292538
34028,0.000392,172.31.40.0-255,66,44027,76,292538
34029,0.00043,172.217.194.0-255,7156,51183,76,292538
34030,0.000433,172.31.40.0-255,66,51249,76,292538
34031,0.000451,172.217.194.0-255,3961,55210,76,292538
34032,0.000454,172.31.40.0-255,66,55276,76,292538
34033,0.000484,172.217.194.0-255,4635,59911,76,292538
34034,0.000488,172.31.40.0-255,66,59977,76,292538
34035,0.000491,172.217.194.0-255,1484,61461,76,292538
34036,0.000513,172.31.40.0-255,66,61527,76,292538
34037,0.000545,172.217.194.0-255,2543,64070,76,292538
34038,0.000548,172.31.40.0-255,66,64136,76,292538
34039,0.000635,172.217.194.0-255,1484,65620,76,292538
34040,0.000643,172.217.194.0-255,2902,68522,76,292538
34041,0.000647,172.31.40.0-255,66,68588,76,292538
34042,0.00065,172.217.194.0-255,1484,70072,76,292538
34043,0.000666,172.217.194.0-255,4320,74392,76,292538
34044,0.000668,172.31.40.0-255,66,74458,76,292538
34045,0.000708,172.31.40.0-255,66,74524,76,292538
34046,0.000715,172.217.194.0-255,7156,81680,76,292538
34047,0.000717,172.31.40.0-255,66,81746,76,292538
34048,0.000772,172.217.194.0-255,6260,88006,76,292538
34049,0.000775,172.31.40.0-255,66,88072,76,292538
34050,0.000781,172.217.194.0-255,7156,95228,76,292538
34051,0.000784,172.31.40.0-255,66,95294,76,292538
34052,0.000807,172.217.194.0-255,5379,100673,76,292538
34053,0.00081,172.31.40.0-255,66,100739,76,292538
34054,0.000867,172.217.194.0-255,5738,106477,76,292538
34055,0.00087,172.31.40.0-255,66,106543,76,292538
34056,0.000876,172.217.194.0-255,4320,110863,76,292538
34057,0.000878,172.31.40.0-255,66,110929,76,292538
34058,0.000917,172.217.194.0-255,6797,117726,76,292538
34059,0.00092,172.31.40.0-255,66,117792,76,292538
34060,0.00105,172.217.194.0-255,1484,119276,76,292538
34061,0.001056,172.217.194.0-255,2902,122178,76,292538
34062,0.001059,172.31.40.0-255,66,122244,76,292538
34063,0.001067,172.217.194.0-255,5738,127982,76,292538
34064,0.001069,172.31.40.0-255,66,128048,76,292538
34065,0.0011,172.217.194.0-255,7156,135204,76,292538
34066,0.001103,172.31.40.0-255,66,135270,76,292538
34067,0.00113,172.217.194.0-255,5738,141008,76,292538
34068,0.001133,172.31.40.0-255,66,141074,76,292538
34069,0.00114,172.217.194.0-255,7156,148230,76,292538
34070,0.001142,172.31.40.0-255,66,148296,76,292538
34071,0.001159,172.217.194.0-255,3602,151898,76,292538
34072,0.001161,172.31.40.0-255,66,151964,76,292538
34073,0.001497,172.217.194.0-255,1484,153448,76,292538
34074,0.001504,172.217.194.0-255,2902,156350,76,292538
34075,0.001507,172.31.40.0-255,66,156416,76,292538
34076,0.001528,172.217.194.0-255,5738,162154,76,292538
34077,0.00153,172.31.40.0-255,66,162220,76,292538
34078,0.001563,172.31.40.0-255,66,162286,76,292538
34079,0.00157,172.217.194.0-255,5738,168024,76,292538
34080,0.001572,172.31.40.0-255,66,168090,76,292538
34081,0.001589,172.217.194.0-255,5020,173110,76,292538
34082,0.001591,172.31.40.0-255,66,173176,76,292538
34083,0.001612,172.217.194.0-255,1484,174660,76,292538
34084,0.001615,172.217.194.0-255,1484,176144,76,292538
34085,0.001617,172.31.40.0-255,66,176210,76,292538
34086,0.001636,172.217.194.0-255,1484,177694,76,292538
34087,0.001643,172.217.194.0-255,5738,183432,76,292538
34088,0.001646,172.31.40.0-255,66,183498,76,292538
34089,0.001653,172.217.194.0-255,5738,189236,76,292538
34090,0.001655,172.31.40.0-255,66,189302,76,292538
34091,0.001691,172.217.194.0-255,7156,196458,76,292538
34092,0.001694,172.31.40.0-255,66,196524,76,292538
34093,0.001707,172.31.40.0-255,66,196590,76,292538
34094,0.001723,172.217.194.0-255,2902,199492,76,292538
34095,0.001725,172.31.40.0-255,66,199558,76,292538
34096,0.001743,172.217.194.0-255,5738,205296,76,292538
34097,0.001746,172.31.40.0-255,66,205362,76,292538
34098,0.001757,172.31.40.0-255,66,205428,76,292538
34099,0.001797,172.31.40.0-255,66,205494,76,292538
34100,0.002055,172.217.194.0-255,1484,206978,76,292538
34101,0.002061,172.217.194.0-255,2902,209880,76,292538
34102,0.002064,172.31.40.0-255,66,209946,76,292538
34103,0.002072,172.217.194.0-255,5738,215684,76,292538
34104,0.002074,172.31.40.0-255,66,215750,76,292538
34105,0.002147,172.31.40.0-255,66,215816,76,292538
34106,0.00215,172.31.40.0-255,66,215882,76,292538
34107,0.002299,172.217.194.0-255,1484,217366,76,292538
34108,0.002304,172.217.194.0-255,2902,220268,76,292538
34109,0.00231,172.31.40.0-255,66,220334,76,292538
34110,0.002334,172.217.194.0-255,5738,226072,76,292538
34111,0.002336,172.31.40.0-255,66,226138,76,292538
34112,0.002343,172.217.194.0-255,5738,231876,76,292538
34113,0.002345,172.31.40.0-255,66,231942,76,292538
34114,0.00235,172.217.194.0-255,4320,236262,76,292538
34115,0.002353,172.31.40.0-255,66,236328,76,292538
34116,0.00239,172.31.40.0-255,66,236394,76,292538
34117,0.002396,172.217.194.0-255,5020,241414,76,292538
34118,0.002398,172.31.40.0-255,66,241480,76,292538
34119,0.002404,172.217.194.0-255,5738,247218,76,292538
34120,0.002406,172.31.40.0-255,66,247284,76,292538
34121,0.002411,172.217.194.0-255,4320,251604,76,292538
34122,0.002414,172.31.40.0-255,66,251670,76,292538
34123,0.002436,172.217.194.0-255,1484,253154,76,292538
34124,0.004775,172.217.194.0-255,4320,257474,76,292538
34125,0.004783,172.31.40.0-255,66,257540,76,292538
34126,0.007171,172.217.194.0-255,5738,263278,76,292538
34127,0.007192,172.31.40.0-255,66,263344,76,292538
34128,0.009593,172.217.194.0-255,5738,269082,76,292538
34129,0.009607,172.31.40.0-255,66,269148,76,292538
34130,0.012003,172.217.194.0-255,5738,274886,76,292538
34131,0.012019,172.31.40.0-255,66,274952,76,292538
34132,0.014417,172.217.194.0-255,4320,279272,76,292538
34133,0.014422,172.31.40.0-255,66,279338,76,292538
34134,0.014439,172.217.194.0-255,1484,280822,76,292538
34135,0.016798,172.217.194.0-255,4320,285142,76,292538
34136,0.016805,172.31.40.0-255,66,285208,76,292538
34137,0.019182,172.217.194.0-255,2791,287999,76,292538
34138,0.019197,172.31.40.0-255,66,288065,76,292538
34139,0.019408,172.31.40.0-255,105,288170,76,292538
34140,0.021756,172.217.194.0-255,66,288236,76,292538
34141,0.046461,172.31.40.0-255,172,288408,76,292538
34142,0.046498,172.31.40.0-255,1108,289516,76,292538
34143,0.046556,172.31.40.0-255,1514,291030,76,292538
34144,0.046557,172.31.40.0-255,1310,292340,76,292538
34145,0.047985,104.244.42.0-255,66,292406,76,292538
34146,0.048021,104.244.42.0-255,66,292472,76,292538
34147,0.04812,104.244.42.0-255,66,292538,76,292538
34148,0.0,74.125.24.0-255,150,150,76,293038
34149,2.3e-05,172.31.40.0-255,66,216,76,293038
34150,3e-05,74.125.24.0-255,1484,1700,76,293038
34151,3.6e-05,172.31.40.0-255,66,1766,76,293038
34152,4.2e-05,74.125.24.0-255,2902,4668,76,293038
34153,4.6e-05,172.31.40.0-255,66,4734,76,293038
34154,5.4e-05,74.125.24.0-255,7156,11890,76,293038
34155,5.7e-05,172.31.40.0-255,66,11956,76,293038
34156,6.1e-05,74.125.24.0-255,2133,14089,76,293038
34157,6.4e-05,172.31.40.0-255,66,14155,76,293038
34158,8.8e-05,74.125.24.0-255,5738,19893,76,293038
34159,9.1e-05,172.31.40.0-255,66,19959,76,293038
34160,0.000117,74.125.24.0-255,5738,25697,76,293038
34161,0.00012,172.31.40.0-255,66,25763,76,293038
34162,0.000126,74.125.24.0-255,5379,31142,76,293038
34163,0.000129,172.31.40.0-255,66,31208,76,293038
34164,0.000501,74.125.24.0-255,1484,32692,76,293038
34165,0.000507,172.31.40.0-255,66,32758,76,293038
34166,0.000513,74.125.24.0-255,2902,35660,76,293038
34167,0.000516,172.31.40.0-255,66,35726,76,293038
34168,0.000522,74.125.24.0-255,2902,38628,76,293038
34169,0.000525,172.31.40.0-255,66,38694,76,293038
34170,0.000541,74.125.24.0-255,2902,41596,76,293038
34171,0.000543,172.31.40.0-255,66,41662,76,293038
34172,0.000559,74.125.24.0-255,1484,43146,76,293038
34173,0.000561,172.31.40.0-255,66,43212,76,293038
34174,0.000579,74.125.24.0-255,5379,48591,76,293038
34175,0.000581,172.31.40.0-255,66,48657,76,293038
34176,0.000684,74.125.24.0-255,1484,50141,76,293038
34177,0.000688,172.31.40.0-255,66,50207,76,293038
34178,0.000692,74.125.24.0-255,1484,51691,76,293038
34179,0.000694,172.31.40.0-255,66,51757,76,293038
34180,0.000707,74.125.24.0-255,1484,53241,76,293038
34181,0.000715,74.125.24.0-255,5738,58979,76,293038
34182,0.000717,172.31.40.0-255,66,59045,76,293038
34183,0.000745,74.125.24.0-255,6797,65842,76,293038
34184,0.000748,172.31.40.0-255,66,65908,76,293038
34185,0.00075,74.125.24.0-255,367,66275,76,293038
34186,0.000845,74.125.24.0-255,1484,67759,76,293038
34187,0.000849,172.31.40.0-255,66,67825,76,293038
34188,0.000853,74.125.24.0-255,2902,70727,76,293038
34189,0.000855,172.31.40.0-255,66,70793,76,293038
34190,0.000882,74.125.24.0-255,5738,76531,76,293038
34191,0.000885,172.31.40.0-255,66,76597,76,293038
34192,0.000911,74.125.24.0-255,4320,80917,76,293038
34193,0.000914,172.31.40.0-255,66,80983,76,293038
34194,0.00094,172.31.40.0-255,66,81049,76,293038
34195,0.000972,74.125.24.0-255,1484,82533,76,293038
34196,0.000987,74.125.24.0-255,7156,89689,76,293038
34197,0.00099,172.31.40.0-255,66,89755,76,293038
34198,0.001005,74.125.24.0-255,1414,91169,76,293038
34199,0.001045,74.125.24.0-255,1484,92653,76,293038
34200,0.001048,172.31.40.0-255,66,92719,76,293038
34201,0.001052,74.125.24.0-255,1484,94203,76,293038
34202,0.001067,74.125.24.0-255,1484,95687,76,293038
34203,0.001069,172.31.40.0-255,66,95753,76,293038
34204,0.001101,74.125.24.0-255,4320,100073,76,293038
34205,0.001103,172.31.40.0-255,66,100139,76,293038
34206,0.001129,74.125.24.0-255,1484,101623,76,293038
34207,0.001144,172.31.40.0-255,66,101689,76,293038
34208,0.00115,74.125.24.0-255,5738,107427,76,293038
34209,0.001152,172.31.40.0-255,66,107493,76,293038
34210,0.001174,74.125.24.0-255,5020,112513,76,293038
34211,0.001179,172.31.40.0-255,66,112579,76,293038
34212,0.00123,74.125.24.0-255,1484,114063,76,293038
34213,0.001236,74.125.24.0-255,2902,116965,76,293038
34214,0.001249,74.125.24.0-255,1484,118449,76,293038
34215,0.001252,172.31.40.0-255,66,118515,76,293038
34216,0.001263,74.125.24.0-255,4320,122835,76,293038
34217,0.001267,74.125.24.0-255,2902,125737,76,293038
34218,0.001273,172.31.40.0-255,66,125803,76,293038
34219,0.001289,74.125.24.0-255,2902,128705,76,293038
34220,0.001296,74.125.24.0-255,5738,134443,76,293038
34221,0.001305,172.31.40.0-255,66,134509,76,293038
34222,0.001323,74.125.24.0-255,7156,141665,76,293038
34223,0.001329,74.125.24.0-255,5020,146685,76,293038
34224,0.001345,172.31.40.0-255,66,146751,76,293038
34225,0.001454,74.125.24.0-255,1484,148235,76,293038
34226,0.00146,74.125.24.0-255,2902,151137,76,293038
34227,0.001463,172.31.40.0-255,66,151203,76,293038
34228,0.001487,74.125.24.0-255,5738,156941,76,293038
34229,0.001492,74.125.24.0-255,2902,159843,76,293038
34230,0.001502,172.31.40.0-255,66,159909,76,293038
34231,0.001549,172.31.40.0-255,66,159975,76,293038
34232,0.001871,74.125.24.0-255,1484,161459,76,293038
34233,0.001876,74.125.24.0-255,2902,164361,76,293038
34234,0.00188,172.31.40.0-255,66,164427,76,293038
34235,0.001902,74.125.24.0-255,5738,170165,76,293038
34236,0.001907,172.31.40.0-255,66,170231,76,293038
34237,0.001956,172.31.40.0-255,66,170297,76,293038
34238,0.001964,74.125.24.0-255,766,171063,76,293038
34239,0.002101,74.125.24.0-255,1484,172547,76,293038
34240,0.002113,172.31.40.0-255,66,172613,76,293038
34241,0.002118,74.125.24.0-255,2902,175515,76,293038
34242,0.002133,74.125.24.0-255,4320,179835,76,293038
34243,0.002147,74.125.24.0-255,1484,181319,76,293038
34244,0.002151,172.31.40.0-255,66,181385,76,293038
34245,0.002201,74.125.24.0-255,1484,182869,76,293038
34246,0.002238,74.125.24.0-255,5738,188607,76,293038
34247,0.00226,74.125.24.0-255,6438,195045,76,293038
34248,0.002287,74.125.24.0-255,7156,202201,76,293038
34249,0.002309,74.125.24.0-255,5738,207939,76,293038
34250,0.002375,74.125.24.0-255,6438,214377,76,293038
34251,0.002382,74.125.24.0-255,7156,221533,76,293038
34252,0.002387,74.125.24.0-255,4320,225853,76,293038
34253,0.002442,74.125.24.0-255,2902,228755,76,293038
34254,0.002467,74.125.24.0-255,766,229521,76,293038
34255,0.002511,74.125.24.0-255,1484,231005,76,293038
34256,0.002515,74.125.24.0-255,1484,232489,76,293038
34257,0.002536,74.125.24.0-255,2902,235391,76,293038
34258,0.002539,74.125.24.0-255,1484,236875,76,293038
34259,0.002558,74.125.24.0-255,5738,242613,76,293038
34260,0.002561,74.125.24.0-255,1484,244097,76,293038
34261,0.002602,74.125.24.0-255,2902,246999,76,293038
34262,0.007215,172.31.40.0-255,66,247065,76,293038
34263,0.009834,74.125.24.0-255,5738,252803,76,293038
34264,0.009846,172.31.40.0-255,66,252869,76,293038
34265,0.012448,74.125.24.0-255,5738,258607,76,293038
34266,0.014618,172.31.40.0-255,66,258673,76,293038
34267,0.017223,74.125.24.0-255,5738,264411,76,293038
34268,0.017234,172.31.40.0-255,66,264477,76,293038
34269,0.019813,74.125.24.0-255,5738,270215,76,293038
34270,0.019822,172.31.40.0-255,66,270281,76,293038
34271,0.022393,74.125.24.0-255,5738,276019,76,293038
34272,0.022402,172.31.40.0-255,66,276085,76,293038
34273,0.025001,74.125.24.0-255,5738,281823,76,293038
34274,0.025013,172.31.40.0-255,66,281889,76,293038
34275,0.027589,74.125.24.0-255,5738,287627,76,293038
34276,0.027599,172.31.40.0-255,66,287693,76,293038
34277,0.030191,74.125.24.0-255,1006,288699,76,293038
34278,0.030404,172.31.40.0-255,66,288765,76,293038
34279,0.030446,172.31.40.0-255,105,288870,76,293038
34280,0.033014,74.125.24.0-255,66,288936,76,293038
34281,0.049727,172.31.40.0-255,172,289108,76,293038
34282,0.049763,172.31.40.0-255,1110,290218,76,293038
34283,0.049821,172.31.40.0-255,1514,291732,76,293038
34284,0.049823,172.31.40.0-255,1306,293038,76,293038
34285,0.0,74.125.24.0-255,297,297,76,205075
34286,3.3e-05,172.31.40.0-255,66,363,76,205075
34287,4e-05,74.125.24.0-255,1484,1847,76,205075
34288,4.5e-05,172.31.40.0-255,66,1913,76,205075
34289,5e-05,74.125.24.0-255,4320,6233,76,205075
34290,5.3e-05,172.31.40.0-255,66,6299,76,205075
34291,5.9e-05,74.125.24.0-255,5738,12037,76,205075
34292,6.2e-05,172.31.40.0-255,66,12103,76,205075
34293,8.3e-05,74.125.24.0-255,2902,15005,76,205075
34294,8.5e-05,172.31.40.0-255,66,15071,76,205075
34295,0.000122,172.31.40.0-255,66,15137,76,205075
34296,0.000127,74.125.24.0-255,5738,20875,76,205075
34297,0.000129,172.31.40.0-255,66,20941,76,205075
34298,0.000132,74.125.24.0-255,1125,22066,76,205075
34299,0.000134,172.31.40.0-255,66,22132,76,205075
34300,0.000207,74.125.24.0-255,1484,23616,76,205075
34301,0.000211,172.31.40.0-255,66,23682,76,205075
34302,0.000216,74.125.24.0-255,2902,26584,76,205075
34303,0.000219,172.31.40.0-255,66,26650,76,205075
34304,0.000237,74.125.24.0-255,5738,32388,76,205075
34305,0.00024,172.31.40.0-255,66,32454,76,205075
34306,0.000272,74.125.24.0-255,6797,39251,76,205075
34307,0.000275,172.31.40.0-255,66,39317,76,205075
34308,0.000301,172.31.40.0-255,66,39383,76,205075
34309,0.000328,74.125.24.0-255,5738,45121,76,205075
34310,0.000331,172.31.40.0-255,66,45187,76,205075
34311,0.000335,74.125.24.0-255,2817,48004,76,205075
34312,0.000337,172.31.40.0-255,66,48070,76,205075
34313,0.00034,74.125.24.0-255,130,48200,76,205075
34314,0.000342,172.31.40.0-255,66,48266,76,205075
34315,0.000375,74.125.24.0-255,348,48614,76,205075
34316,0.000614,74.125.24.0-255,1484,50098,76,205075
34317,0.000618,172.31.40.0-255,66,50164,76,205075
34318,0.000624,74.125.24.0-255,2902,53066,76,205075
34319,0.000625,172.31.40.0-255,66,53132,76,205075
34320,0.00063,74.125.24.0-255,2902,56034,76,205075
34321,0.000632,172.31.40.0-255,66,56100,76,205075
34322,0.000648,74.125.24.0-255,2902,59002,76,205075
34323,0.000651,172.31.40.0-255,66,59068,76,205075
34324,0.000665,172.31.40.0-255,66,59134,76,205075
34325,0.000691,74.125.24.0-255,1484,60618,76,205075
34326,0.000703,172.31.40.0-255,66,60684,76,205075
34327,0.000897,74.125.24.0-255,1484,62168,76,205075
34328,0.000919,74.125.24.0-255,2902,65070,76,205075
34329,0.000922,172.31.40.0-255,66,65136,76,205075
34330,0.000929,74.125.24.0-255,5738,70874,76,205075
34331,0.000931,172.31.40.0-255,66,70940,76,205075
34332,0.000946,74.125.24.0-255,2902,73842,76,205075
34333,0.000949,172.31.40.0-255,66,73908,76,205075
34334,0.000971,172.31.40.0-255,66,73974,76,205075
34335,0.000977,74.125.24.0-255,7156,81130,76,205075
34336,0.000979,172.31.40.0-255,66,81196,76,205075
34337,0.001005,74.125.24.0-255,3602,84798,76,205075
34338,0.001008,172.31.40.0-255,66,84864,76,205075
34339,0.001011,74.125.24.0-255,1484,86348,76,205075
34340,0.001024,74.125.24.0-255,2902,89250,76,205075
34341,0.001026,172.31.40.0-255,66,89316,76,205075
34342,0.001051,74.125.24.0-255,5738,95054,76,205075
34343,0.001053,172.31.40.0-255,66,95120,76,205075
34344,0.001059,74.125.24.0-255,4320,99440,76,205075
34345,0.001061,172.31.40.0-255,66,99506,76,205075
34346,0.001089,172.31.40.0-255,66,99572,76,205075
34347,0.001098,172.31.40.0-255,66,99638,76,205075
34348,0.001125,74.125.24.0-255,2184,101822,76,205075
34349,0.001132,172.31.40.0-255,66,101888,76,205075
34350,0.001326,74.125.24.0-255,1484,103372,76,205075
34351,0.001343,74.125.24.0-255,2902,106274,76,205075
34352,0.001347,172.31.40.0-255,66,106340,76,205075
34353,0.001352,74.125.24.0-255,2902,109242,76,205075
34354,0.001354,172.31.40.0-255,66,109308,76,205075
34355,0.001372,74.125.24.0-255,2902,112210,76,205075
34356,0.001374,172.31.40.0-255,66,112276,76,205075
34357,0.001379,74.125.24.0-255,4320,116596,76,205075
34358,0.001381,172.31.40.0-255,66,116662,76,205075
34359,0.00141,74.125.24.0-255,5738,122400,76,205075
34360,0.001413,172.31.40.0-255,66,122466,76,205075
34361,0.001447,172.31.40.0-255,66,122532,76,205075
34362,0.001488,74.125.24.0-255,2184,124716,76,205075
34363,0.001491,172.31.40.0-255,66,124782,76,205075
34364,0.001662,74.125.24.0-255,1484,126266,76,205075
34365,0.001675,74.125.24.0-255,2902,129168,76,205075
34366,0.001679,172.31.40.0-255,66,129234,76,205075
34367,0.001704,74.125.24.0-255,5738,134972,76,205075
34368,0.001707,172.31.40.0-255,66,135038,76,205075
34369,0.001746,74.125.24.0-255,5738,140776,76,205075
34370,0.001748,172.31.40.0-255,66,140842,76,205075
34371,0.001773,74.125.24.0-255,7156,147998,76,205075
34372,0.001776,172.31.40.0-255,66,148064,76,205075
34373,0.001786,172.31.40.0-255,66,148130,76,205075
34374,0.001878,74.125.24.0-255,1484,149614,76,205075
34375,0.001883,74.125.24.0-255,2902,152516,76,205075
34376,0.001886,172.31.40.0-255,66,152582,76,205075
34377,0.001906,74.125.24.0-255,5738,158320,76,205075
34378,0.001909,172.31.40.0-255,66,158386,76,205075
34379,0.001941,172.31.40.0-255,66,158452,76,205075
34380,0.001964,74.125.24.0-255,2902,161354,76,205075
34381,0.001968,172.31.40.0-255,66,161420,76,205075
34382,0.001978,172.31.40.0-255,66,161486,76,205075
34383,0.001981,74.125.24.0-255,766,162252,76,205075
34384,0.002023,74.125.24.0-255,1484,163736,76,205075
34385,0.002027,172.31.40.0-255,66,163802,76,205075
34386,0.002037,74.125.24.0-255,4320,168122,76,205075
34387,0.00204,172.31.40.0-255,66,168188,76,205075
34388,0.002073,74.125.24.0-255,7156,175344,76,205075
34389,0.002076,172.31.40.0-255,66,175410,76,205075
34390,0.002082,74.125.24.0-255,4320,179730,76,205075
34391,0.002084,172.31.40.0-255,66,179796,76,205075
34392,0.002121,172.31.40.0-255,66,179862,76,205075
34393,0.002127,74.125.24.0-255,5020,184882,76,205075
34394,0.002129,172.31.40.0-255,66,184948,76,205075
34395,0.002184,172.31.40.0-255,66,185014,76,205075
34396,0.002189,172.31.40.0-255,66,185080,76,205075
34397,0.002218,74.125.24.0-255,2902,187982,76,205075
34398,0.002222,172.31.40.0-255,66,188048,76,205075
34399,0.00228,172.31.40.0-255,66,188114,76,205075
34400,0.002303,172.31.40.0-255,66,188180,76,205075
34401,0.002319,172.31.40.0-255,66,188246,76,205075
34402,0.002742,172.31.40.0-255,101,188347,76,205075
34403,0.004601,74.125.24.0-255,5738,194085,76,205075
34404,0.004608,172.31.40.0-255,66,194151,76,205075
34405,0.004993,74.125.24.0-255,66,194217,76,205075
34406,0.00689,74.125.24.0-255,2659,196876,76,205075
34407,0.006897,172.31.40.0-255,66,196942,76,205075
34408,0.011315,172.31.40.0-255,105,197047,76,205075
34409,0.019363,74.125.24.0-255,66,197113,76,205075
34410,0.032808,172.31.40.0-255,176,197289,76,205075
34411,0.032841,172.31.40.0-255,1109,198398,76,205075
34412,0.032885,172.31.40.0-255,1514,199912,76,205075
34413,0.032886,172.31.40.0-255,1514,201426,76,205075
34414,0.032887,172.31.40.0-255,1514,202940,76,205075
34415,0.032889,172.31.40.0-255,1514,204454,76,205075
34416,0.032918,172.31.40.0-255,183,204637,76,205075
34417,0.034347,104.244.42.0-255,66,204703,76,205075
34418,0.034406,104.244.42.0-255,66,204769,76,205075
34419,0.034455,104.244.42.0-255,66,204835,76,205075
34420,0.034458,104.244.42.0-255,66,204901,76,205075
34421,0.035202,104.244.42.0-255,108,205009,76,205075
34422,0.035226,172.31.40.0-255,66,205075,76,205075
34423,0.0,172.217.194.0-255,297,297,76,250186
34424,1.8e-05,172.31.40.0-255,66,363,76,250186
34425,2.4e-05,172.217.194.0-255,1484,1847,76,250186
34426,2.9e-05,172.31.40.0-255,66,1913,76,250186
34427,4.4e-05,172.217.194.0-255,4320,6233,76,250186
34428,4.8e-05,172.31.40.0-255,66,6299,76,250186
34429,8.5e-05,172.31.40.0-255,66,6365,76,250186
34430,0.000128,172.217.194.0-255,1484,7849,76,250186
34431,0.00013,172.31.40.0-255,66,7915,76,250186
34432,0.000136,172.217.194.0-255,2902,10817,76,250186
34433,0.000138,172.31.40.0-255,66,10883,76,250186
34434,0.000163,172.217.194.0-255,5738,16621,76,250186
34435,0.000166,172.31.40.0-255,66,16687,76,250186
34436,0.000174,172.217.194.0-255,6797,23484,76,250186
34437,0.000177,172.31.40.0-255,66,23550,76,250186
34438,0.000205,172.217.194.0-255,2902,26452,76,250186
34439,0.000207,172.31.40.0-255,66,26518,76,250186
34440,0.000237,172.217.194.0-255,4320,30838,76,250186
34441,0.00024,172.31.40.0-255,66,30904,76,250186
34442,0.000251,172.31.40.0-255,66,30970,76,250186
34443,0.000288,172.217.194.0-255,1125,32095,76,250186
34444,0.000292,172.31.40.0-255,66,32161,76,250186
34445,0.000634,172.217.194.0-255,1484,33645,76,250186
34446,0.000639,172.31.40.0-255,66,33711,76,250186
34447,0.000646,172.217.194.0-255,2902,36613,76,250186
34448,0.000649,172.31.40.0-255,66,36679,76,250186
34449,0.000676,172.217.194.0-255,4320,40999,76,250186
34450,0.000678,172.31.40.0-255,66,41065,76,250186
34451,0.000705,172.217.194.0-255,1484,42549,76,250186
34452,0.000707,172.31.40.0-255,66,42615,76,250186
34453,0.000716,172.217.194.0-255,6797,49412,76,250186
34454,0.000718,172.31.40.0-255,66,49478,76,250186
34455,0.001396,172.217.194.0-255,359,49837,76,250186
34456,0.001437,172.217.194.0-255,1484,51321,76,250186
34457,0.001443,172.31.40.0-255,66,51387,76,250186
34458,0.001449,172.217.194.0-255,2902,54289,76,250186
34459,0.001451,172.31.40.0-255,66,54355,76,250186
34460,0.001489,172.217.194.0-255,5738,60093,76,250186
34461,0.001492,172.31.40.0-255,66,60159,76,250186
34462,0.001504,172.31.40.0-255,66,60225,76,250186
34463,0.001528,172.217.194.0-255,2902,63127,76,250186
34464,0.001531,172.31.40.0-255,66,63193,76,250186
34465,0.001573,172.31.40.0-255,66,63259,76,250186
34466,0.001577,172.217.194.0-255,1484,64743,76,250186
34467,0.001615,172.31.40.0-255,66,64809,76,250186
34468,0.001623,172.217.194.0-255,7156,71965,76,250186
34469,0.001625,172.31.40.0-255,66,72031,76,250186
34470,0.001654,172.217.194.0-255,2902,74933,76,250186
34471,0.001657,172.31.40.0-255,66,74999,76,250186
34472,0.001709,172.217.194.0-255,6755,81754,76,250186
34473,0.001712,172.31.40.0-255,66,81820,76,250186
34474,0.002016,172.217.194.0-255,1484,83304,76,250186
34475,0.002024,172.217.194.0-255,2902,86206,76,250186
34476,0.002029,172.31.40.0-255,66,86272,76,250186
34477,0.002036,172.217.194.0-255,5738,92010,76,250186
34478,0.002039,172.31.40.0-255,66,92076,76,250186
34479,0.002073,172.31.40.0-255,66,92142,76,250186
34480,0.0021,172.217.194.0-255,2902,95044,76,250186
34481,0.002102,172.31.40.0-255,66,95110,76,250186
34482,0.002106,172.217.194.0-255,1484,96594,76,250186
34483,0.002113,172.217.194.0-255,5738,102332,76,250186
34484,0.002115,172.31.40.0-255,66,102398,76,250186
34485,0.002148,172.217.194.0-255,3602,106000,76,250186
34486,0.002151,172.31.40.0-255,66,106066,76,250186
34487,0.002251,172.217.194.0-255,1484,107550,76,250186
34488,0.002257,172.217.194.0-255,1484,109034,76,250186
34489,0.00226,172.31.40.0-255,66,109100,76,250186
34490,0.002289,172.217.194.0-255,1484,110584,76,250186
34491,0.002298,172.217.194.0-255,5738,116322,76,250186
34492,0.002301,172.31.40.0-255,66,116388,76,250186
34493,0.002316,172.31.40.0-255,66,116454,76,250186
34494,0.002323,172.217.194.0-255,7156,123610,76,250186
34495,0.002325,172.31.40.0-255,66,123676,76,250186
34496,0.002351,172.217.194.0-255,3602,127278,76,250186
34497,0.002354,172.31.40.0-255,66,127344,76,250186
34498,0.002378,172.217.194.0-255,2902,130246,76,250186
34499,0.002381,172.31.40.0-255,66,130312,76,250186
34500,0.002419,172.31.40.0-255,66,130378,76,250186
34501,0.004772,172.217.194.0-255,5738,136116,76,250186
34502,0.00478,172.31.40.0-255,66,136182,76,250186
34503,0.007113,172.217.194.0-255,5738,141920,76,250186
34504,0.007121,172.31.40.0-255,66,141986,76,250186
34505,0.009508,172.217.194.0-255,4320,146306,76,250186
34506,0.009514,172.31.40.0-255,66,146372,76,250186
34507,0.009541,172.217.194.0-255,1484,147856,76,250186
34508,0.011841,172.217.194.0-255,4320,152176,76,250186
34509,0.011849,172.31.40.0-255,66,152242,76,250186
34510,0.014213,172.217.194.0-255,5738,157980,76,250186
34511,0.014222,172.31.40.0-255,66,158046,76,250186
34512,0.016562,172.217.194.0-255,5738,163784,76,250186
34513,0.016571,172.31.40.0-255,66,163850,76,250186
34514,0.018928,172.217.194.0-255,5738,169588,76,250186
34515,0.018937,172.31.40.0-255,66,169654,76,250186
34516,0.021297,172.217.194.0-255,5738,175392,76,250186
34517,0.021306,172.31.40.0-255,66,175458,76,250186
34518,0.023683,172.217.194.0-255,4320,179778,76,250186
34519,0.023692,172.31.40.0-255,66,179844,76,250186
34520,0.02372,172.217.194.0-255,1484,181328,76,250186
34521,0.026056,172.217.194.0-255,4320,185648,76,250186
34522,0.026063,172.31.40.0-255,66,185714,76,250186
34523,0.028407,172.217.194.0-255,5738,191452,76,250186
34524,0.028415,172.31.40.0-255,66,191518,76,250186
34525,0.029876,172.31.40.0-255,172,191690,76,250186
34526,0.02991,172.31.40.0-255,1108,192798,76,250186
34527,0.029973,172.31.40.0-255,1514,194312,76,250186
34528,0.029975,172.31.40.0-255,1514,195826,76,250186
34529,0.029982,172.31.40.0-255,1514,197340,76,250186
34530,0.029983,172.31.40.0-255,1514,198854,76,250186
34531,0.030017,172.31.40.0-255,184,199038,76,250186
34532,0.030767,172.217.194.0-255,5738,204776,76,250186
34533,0.030774,172.31.40.0-255,66,204842,76,250186
34534,0.03142,104.244.42.0-255,66,204908,76,250186
34535,0.031444,104.244.42.0-255,66,204974,76,250186
34536,0.031522,104.244.42.0-255,66,205040,76,250186
34537,0.031533,104.244.42.0-255,66,205106,76,250186
34538,0.033122,172.217.194.0-255,4320,209426,76,250186
34539,0.033128,172.31.40.0-255,66,209492,76,250186
34540,0.033157,172.217.194.0-255,1484,210976,76,250186
34541,0.035515,172.217.194.0-255,4320,215296,76,250186
34542,0.035521,172.31.40.0-255,66,215362,76,250186
34543,0.037871,172.217.194.0-255,5738,221100,76,250186
34544,0.037878,172.31.40.0-255,66,221166,76,250186
34545,0.040234,172.217.194.0-255,5738,226904,76,250186
34546,0.04024,172.31.40.0-255,66,226970,76,250186
34547,0.042608,172.217.194.0-255,5738,232708,76,250186
34548,0.042615,172.31.40.0-255,66,232774,76,250186
34549,0.044963,172.217.194.0-255,5738,238512,76,250186
34550,0.04497,172.31.40.0-255,66,238578,76,250186
34551,0.047308,172.217.194.0-255,5738,244316,76,250186
34552,0.047314,172.31.40.0-255,66,244382,76,250186
34553,0.04967,172.217.194.0-255,5738,250120,76,250186
34554,0.049677,172.31.40.0-255,66,250186,76,250186
34555,0.0,74.125.68.0-255,153,153,76,381704
34556,1.8e-05,172.31.40.0-255,66,219,76,381704
34557,2.6e-05,74.125.68.0-255,1484,1703,76,381704
34558,3e-05,172.31.40.0-255,66,1769,76,381704
34559,3.3e-05,74.125.68.0-255,1484,3253,76,381704
34560,3.6e-05,172.31.40.0-255,66,3319,76,381704
34561,5.2e-05,74.125.68.0-255,2902,6221,76,381704
34562,5.7e-05,172.31.40.0-255,66,6287,76,381704
34563,6.4e-05,74.125.68.0-255,5738,12025,76,381704
34564,6.8e-05,172.31.40.0-255,66,12091,76,381704
34565,7.2e-05,74.125.68.0-255,2126,14217,76,381704
34566,7.5e-05,172.31.40.0-255,66,14283,76,381704
34567,0.000101,74.125.68.0-255,2902,17185,76,381704
34568,0.000104,172.31.40.0-255,66,17251,76,381704
34569,0.000116,74.125.68.0-255,5738,22989,76,381704
34570,0.000119,172.31.40.0-255,66,23055,76,381704
34571,0.000143,74.125.68.0-255,1484,24539,76,381704
34572,0.000146,172.31.40.0-255,66,24605,76,381704
34573,0.000151,74.125.68.0-255,2902,27507,76,381704
34574,0.000154,172.31.40.0-255,66,27573,76,381704
34575,0.000159,74.125.68.0-255,3961,31534,76,381704
34576,0.000162,172.31.40.0-255,66,31600,76,381704
34577,0.000235,74.125.68.0-255,1484,33084,76,381704
34578,0.00024,74.125.68.0-255,2902,35986,76,381704
34579,0.000243,172.31.40.0-255,66,36052,76,381704
34580,0.000246,172.31.40.0-255,66,36118,76,381704
34581,0.000271,74.125.68.0-255,5738,41856,76,381704
34582,0.000274,172.31.40.0-255,66,41922,76,381704
34583,0.000303,74.125.68.0-255,4320,46242,76,381704
34584,0.000306,172.31.40.0-255,66,46308,76,381704
34585,0.000312,74.125.68.0-255,5379,51687,76,381704
34586,0.000314,172.31.40.0-255,66,51753,76,381704
34587,0.000353,172.31.40.0-255,66,51819,76,381704
34588,0.000404,74.125.68.0-255,3961,55780,76,381704
34589,0.000406,172.31.40.0-255,66,55846,76,381704
34590,0.000409,74.125.68.0-255,361,56207,76,381704
34591,0.000468,74.125.68.0-255,382,56589,76,381704
34592,0.00051,74.125.68.0-255,1484,58073,76,381704
34593,0.000513,172.31.40.0-255,66,58139,76,381704
34594,0.000533,74.125.68.0-255,4320,62459,76,381704
34595,0.000536,172.31.40.0-255,66,62525,76,381704
34596,0.000541,74.125.68.0-255,4320,66845,76,381704
34597,0.000544,172.31.40.0-255,66,66911,76,381704
34598,0.000574,74.125.68.0-255,1484,68395,76,381704
34599,0.000579,74.125.68.0-255,2902,71297,76,381704
34600,0.000582,172.31.40.0-255,66,71363,76,381704
34601,0.00061,74.125.68.0-255,1994,73357,76,381704
34602,0.000613,172.31.40.0-255,66,73423,76,381704
34603,0.000636,74.125.68.0-255,1484,74907,76,381704
34604,0.000641,74.125.68.0-255,2902,77809,76,381704
34605,0.000644,172.31.40.0-255,66,77875,76,381704
34606,0.000667,74.125.68.0-255,4320,82195,76,381704
34607,0.00067,172.31.40.0-255,66,82261,76,381704
34608,0.000697,74.125.68.0-255,1484,83745,76,381704
34609,0.000705,74.125.68.0-255,6797,90542,76,381704
34610,0.000709,172.31.40.0-255,66,90608,76,381704
34611,0.000736,74.125.68.0-255,2902,93510,76,381704
34612,0.000739,172.31.40.0-255,66,93576,76,381704
34613,0.000762,74.125.68.0-255,4320,97896,76,381704
34614,0.000768,74.125.68.0-255,2902,100798,76,381704
34615,0.000786,172.31.40.0-255,66,100864,76,381704
34616,0.000793,172.31.40.0-255,66,100930,76,381704
34617,0.000797,74.125.68.0-255,2902,103832,76,381704
34618,0.0008,172.31.40.0-255,66,103898,76,381704
34619,0.000811,74.125.68.0-255,3961,107859,76,381704
34620,0.000813,172.31.40.0-255,66,107925,76,381704
34621,0.000818,74.125.68.0-255,4320,112245,76,381704
34622,0.00082,172.31.40.0-255,66,112311,76,381704
34623,0.000822,74.125.68.0-255,1484,113795,76,381704
34624,0.000837,74.125.68.0-255,5738,119533,76,381704
34625,0.00084,172.31.40.0-255,66,119599,76,381704
34626,0.000864,74.125.68.0-255,2902,122501,76,381704
34627,0.000866,172.31.40.0-255,66,122567,76,381704
34628,0.00087,74.125.68.0-255,2543,125110,76,381704
34629,0.000872,172.31.40.0-255,66,125176,76,381704
34630,0.001125,74.125.68.0-255,1484,126660,76,381704
34631,0.001131,74.125.68.0-255,2902,129562,76,381704
34632,0.001134,172.31.40.0-255,66,129628,76,381704
34633,0.001163,74.125.68.0-255,4320,133948,76,381704
34634,0.001166,172.31.40.0-255,66,134014,76,381704
34635,0.00117,74.125.68.0-255,1484,135498,76,381704
34636,0.001204,74.125.68.0-255,7156,142654,76,381704
34637,0.001207,172.31.40.0-255,66,142720,76,381704
34638,0.001213,74.125.68.0-255,5738,148458,76,381704
34639,0.001215,172.31.40.0-255,66,148524,76,381704
34640,0.001226,74.125.68.0-255,7156,155680,76,381704
34641,0.001229,172.31.40.0-255,66,155746,76,381704
34642,0.00127,74.125.68.0-255,3602,159348,76,381704
34643,0.001273,172.31.40.0-255,66,159414,76,381704
34644,0.001429,74.125.68.0-255,1484,160898,76,381704
34645,0.00145,74.125.68.0-255,2902,163800,76,381704
34646,0.001454,172.31.40.0-255,66,163866,76,381704
34647,0.00146,74.125.68.0-255,4320,168186,76,381704
34648,0.001462,172.31.40.0-255,66,168252,76,381704
34649,0.001479,74.125.68.0-255,1484,169736,76,381704
34650,0.001503,74.125.68.0-255,7156,176892,76,381704
34651,0.001505,172.31.40.0-255,66,176958,76,381704
34652,0.001511,74.125.68.0-255,4320,181278,76,381704
34653,0.001514,172.31.40.0-255,66,181344,76,381704
34654,0.00152,74.125.68.0-255,4320,185664,76,381704
34655,0.001523,172.31.40.0-255,66,185730,76,381704
34656,0.001546,74.125.68.0-255,1484,187214,76,381704
34657,0.001552,74.125.68.0-255,4320,191534,76,381704
34658,0.001554,172.31.40.0-255,66,191600,76,381704
34659,0.001583,74.125.68.0-255,2184,193784,76,381704
34660,0.001586,172.31.40.0-255,66,193850,76,381704
34661,0.00206,74.125.68.0-255,1484,195334,76,381704
34662,0.002089,74.125.68.0-255,2902,198236,76,381704
34663,0.002094,172.31.40.0-255,66,198302,76,381704
34664,0.002098,74.125.68.0-255,1484,199786,76,381704
34665,0.002124,74.125.68.0-255,2902,202688,76,381704
34666,0.002128,172.31.40.0-255,66,202754,76,381704
34667,0.002157,74.125.68.0-255,5738,208492,76,381704
34668,0.002159,172.31.40.0-255,66,208558,76,381704
34669,0.002165,74.125.68.0-255,2902,211460,76,381704
34670,0.002167,172.31.40.0-255,66,211526,76,381704
34671,0.002194,74.125.68.0-255,1484,213010,76,381704
34672,0.002202,74.125.68.0-255,5738,218748,76,381704
34673,0.002204,172.31.40.0-255,66,218814,76,381704
34674,0.002215,172.31.40.0-255,66,218880,76,381704
34675,0.002318,74.125.68.0-255,1484,220364,76,381704
34676,0.002324,74.125.68.0-255,2902,223266,76,381704
34677,0.002326,172.31.40.0-255,66,223332,76,381704
34678,0.002355,74.125.68.0-255,5738,229070,76,381704
34679,0.002357,172.31.40.0-255,66,229136,76,381704
34680,0.002427,74.125.68.0-255,7156,236292,76,381704
34681,0.00243,172.31.40.0-255,66,236358,76,381704
34682,0.002436,74.125.68.0-255,5738,242096,76,381704
34683,0.002438,172.31.40.0-255,66,242162,76,381704
34684,0.002446,74.125.68.0-255,7156,249318,76,381704
34685,0.002448,172.31.40.0-255,66,249384,76,381704
34686,0.002453,74.125.68.0-255,3602,252986,76,381704
34687,0.002455,172.31.40.0-255,66,253052,76,381704
34688,0.002486,74.125.68.0-255,4320,257372,76,381704
34689,0.002489,172.31.40.0-255,66,257438,76,381704
34690,0.002527,172.31.40.0-255,66,257504,76,381704
34691,0.002555,74.125.68.0-255,7156,264660,76,381704
34692,0.002558,172.31.40.0-255,66,264726,76,381704
34693,0.002578,74.125.68.0-255,4320,269046,76,381704
34694,0.002581,172.31.40.0-255,66,269112,76,381704
34695,0.002586,74.125.68.0-255,4320,273432,76,381704
34696,0.002588,172.31.40.0-255,66,273498,76,381704
34697,0.002618,74.125.68.0-255,3602,277100,76,381704
34698,0.002621,172.31.40.0-255,66,277166,76,381704
34699,0.005169,74.125.68.0-255,1484,278650,76,381704
34700,0.005215,74.125.68.0-255,4320,282970,76,381704
34701,0.005221,172.31.40.0-255,66,283036,76,381704
34702,0.00781,74.125.68.0-255,5738,288774,76,381704
34703,0.007815,172.31.40.0-255,66,288840,76,381704
34704,0.010438,74.125.68.0-255,5738,294578,76,381704
34705,0.010458,172.31.40.0-255,66,294644,76,381704
34706,0.013069,74.125.68.0-255,5738,300382,76,381704
34707,0.013083,172.31.40.0-255,66,300448,76,381704
34708,0.015685,74.125.68.0-255,5738,306186,76,381704
34709,0.015695,172.31.40.0-255,66,306252,76,381704
34710,0.018333,74.125.68.0-255,5738,311990,76,381704
34711,0.018347,172.31.40.0-255,66,312056,76,381704
34712,0.020941,74.125.68.0-255,5738,317794,76,381704
34713,0.02095,172.31.40.0-255,66,317860,76,381704
34714,0.023532,74.125.68.0-255,5738,323598,76,381704
34715,0.02354,172.31.40.0-255,66,323664,76,381704
34716,0.026148,74.125.68.0-255,5738,329402,76,381704
34717,0.026161,172.31.40.0-255,66,329468,76,381704
34718,0.028761,74.125.68.0-255,5738,335206,76,381704
34719,0.028768,172.31.40.0-255,66,335272,76,381704
34720,0.031372,74.125.68.0-255,5738,341010,76,381704
34721,0.031386,172.31.40.0-255,66,341076,76,381704
34722,0.033982,74.125.68.0-255,5738,346814,76,381704
34723,0.033994,172.31.40.0-255,66,346880,76,381704
34724,0.036601,74.125.68.0-255,5738,352618,76,381704
34725,0.036619,172.31.40.0-255,66,352684,76,381704
34726,0.039213,74.125.68.0-255,5738,358422,76,381704
34727,0.039223,172.31.40.0-255,66,358488,76,381704
34728,0.041833,74.125.68.0-255,5738,364226,76,381704
34729,0.041856,172.31.40.0-255,66,364292,76,381704
34730,0.044467,74.125.68.0-255,5738,370030,76,381704
34731,0.044486,172.31.40.0-255,66,370096,76,381704
34732,0.047108,74.125.68.0-255,5738,375834,76,381704
34733,0.047128,172.31.40.0-255,66,375900,76,381704
34734,0.049729,74.125.68.0-255,5738,381638,76,381704
34735,0.049738,172.31.40.0-255,66,381704,76,381704
34736,0.0,172.217.194.0-255,152,152,76,191013
34737,1.5e-05,172.31.40.0-255,66,218,76,191013
34738,2.1e-05,172.217.194.0-255,1484,1702,76,191013
34739,2.5e-05,172.31.40.0-255,66,1768,76,191013
34740,3.1e-05,172.217.194.0-255,2902,4670,76,191013
34741,3.5e-05,172.31.40.0-255,66,4736,76,191013
34742,4.2e-05,172.217.194.0-255,5738,10474,76,191013
34743,5.3e-05,172.31.40.0-255,66,10540,76,191013
34744,8.4e-05,172.217.194.0-255,1484,12024,76,191013
34745,8.7e-05,172.31.40.0-255,66,12090,76,191013
34746,9.2e-05,172.217.194.0-255,1949,14039,76,191013
34747,9.4e-05,172.31.40.0-255,66,14105,76,191013
34748,9.9e-05,172.217.194.0-255,2902,17007,76,191013
34749,0.000102,172.31.40.0-255,66,17073,76,191013
34750,0.000108,172.217.194.0-255,4320,21393,76,191013
34751,0.000111,172.31.40.0-255,66,21459,76,191013
34752,0.000154,172.217.194.0-255,2902,24361,76,191013
34753,0.000156,172.31.40.0-255,66,24427,76,191013
34754,0.000165,172.217.194.0-255,6797,31224,76,191013
34755,0.000168,172.31.40.0-255,66,31290,76,191013
34756,0.000172,172.217.194.0-255,2902,34192,76,191013
34757,0.000175,172.31.40.0-255,66,34258,76,191013
34758,0.000215,172.31.40.0-255,66,34324,76,191013
34759,0.000221,172.217.194.0-255,3961,38285,76,191013
34760,0.000224,172.31.40.0-255,66,38351,76,191013
34761,0.000229,172.217.194.0-255,4320,42671,76,191013
34762,0.000231,172.31.40.0-255,66,42737,76,191013
34763,0.000267,172.31.40.0-255,66,42803,76,191013
34764,0.000271,172.217.194.0-255,1484,44287,76,191013
34765,0.000273,172.31.40.0-255,66,44353,76,191013
34766,0.000296,172.217.194.0-255,1399,45752,76,191013
34767,0.0003,172.217.194.0-255,435,46187,76,191013
34768,0.000302,172.31.40.0-255,66,46253,76,191013
34769,0.000561,172.217.194.0-255,1484,47737,76,191013
34770,0.000568,172.217.194.0-255,2902,50639,76,191013
34771,0.000572,172.31.40.0-255,66,50705,76,191013
34772,0.00058,172.217.194.0-255,5738,56443,76,191013
34773,0.000582,172.31.40.0-255,66,56509,76,191013
34774,0.000585,172.217.194.0-255,1484,57993,76,191013
34775,0.00059,172.217.194.0-255,2902,60895,76,191013
34776,0.000592,172.31.40.0-255,66,60961,76,191013
34777,0.000615,172.217.194.0-255,5738,66699,76,191013
34778,0.000618,172.31.40.0-255,66,66765,76,191013
34779,0.000647,172.31.40.0-255,66,66831,76,191013
34780,0.000675,172.217.194.0-255,3602,70433,76,191013
34781,0.000678,172.31.40.0-255,66,70499,76,191013
34782,0.000853,172.217.194.0-255,1484,71983,76,191013
34783,0.000859,172.217.194.0-255,2902,74885,76,191013
34784,0.000862,172.31.40.0-255,66,74951,76,191013
34785,0.000896,172.217.194.0-255,5738,80689,76,191013
34786,0.000899,172.31.40.0-255,66,80755,76,191013
34787,0.000906,172.217.194.0-255,7156,87911,76,191013
34788,0.000909,172.31.40.0-255,66,87977,76,191013
34789,0.000915,172.217.194.0-255,5738,93715,76,191013
34790,0.000918,172.31.40.0-255,66,93781,76,191013
34791,0.000955,172.31.40.0-255,66,93847,76,191013
34792,0.00096,172.217.194.0-255,2184,96031,76,191013
34793,0.000996,172.31.40.0-255,66,96097,76,191013
34794,0.001072,172.217.194.0-255,1484,97581,76,191013
34795,0.001076,172.217.194.0-255,1484,99065,76,191013
34796,0.001084,172.31.40.0-255,66,99131,76,191013
34797,0.001093,172.217.194.0-255,1484,100615,76,191013
34798,0.0011,172.217.194.0-255,5738,106353,76,191013
34799,0.001111,172.31.40.0-255,66,106419,76,191013
34800,0.001154,172.217.194.0-255,5738,112157,76,191013
34801,0.001174,172.217.194.0-255,5020,117177,76,191013
34802,0.001184,172.31.40.0-255,66,117243,76,191013
34803,0.001615,172.217.194.0-255,1484,118727,76,191013
34804,0.001622,172.217.194.0-255,2902,121629,76,191013
34805,0.001625,172.31.40.0-255,66,121695,76,191013
34806,0.001633,172.217.194.0-255,5738,127433,76,191013
34807,0.001635,172.31.40.0-255,66,127499,76,191013
34808,0.00166,172.217.194.0-255,5738,133237,76,191013
34809,0.001663,172.31.40.0-255,66,133303,76,191013
34810,0.0017,172.217.194.0-255,7156,140459,76,191013
34811,0.001703,172.31.40.0-255,66,140525,76,191013
34812,0.001707,172.217.194.0-255,1484,142009,76,191013
34813,0.001746,172.31.40.0-255,66,142075,76,191013
34814,0.001782,172.217.194.0-255,6438,148513,76,191013
34815,0.001827,172.31.40.0-255,66,148579,76,191013
34816,0.001836,172.217.194.0-255,1484,150063,76,191013
34817,0.001842,172.217.194.0-255,2902,152965,76,191013
34818,0.001868,172.217.194.0-255,5738,158703,76,191013
34819,0.001872,172.217.194.0-255,2902,161605,76,191013
34820,0.001875,172.31.40.0-255,66,161671,76,191013
34821,0.001881,172.31.40.0-255,66,161737,76,191013
34822,0.001954,172.31.40.0-255,66,161803,76,191013
34823,0.001961,172.217.194.0-255,1484,163287,76,191013
34824,0.001964,172.217.194.0-255,1484,164771,76,191013
34825,0.001973,172.31.40.0-255,66,164837,76,191013
34826,0.001988,172.217.194.0-255,1484,166321,76,191013
34827,0.001998,172.217.194.0-255,5738,172059,76,191013
34828,0.00203,172.217.194.0-255,4320,176379,76,191013
34829,0.002043,172.31.40.0-255,66,176445,76,191013
34830,0.002078,172.217.194.0-255,4320,180765,76,191013
34831,0.00211,172.217.194.0-255,5020,185785,76,191013
34832,0.00216,172.31.40.0-255,66,185851,76,191013
34833,0.002205,172.31.40.0-255,66,185917,76,191013
34834,0.002296,172.217.194.0-255,97,186014,76,191013
34835,0.002298,172.217.194.0-255,105,186119,76,191013
34836,0.010679,172.31.40.0-255,66,186185,76,191013
34837,0.011606,172.217.194.0-255,105,186290,76,191013
34838,0.011618,172.31.40.0-255,78,186368,76,191013
34839,0.019145,172.31.40.0-255,105,186473,76,191013
34840,0.021401,172.217.194.0-255,66,186539,76,191013
34841,0.046774,172.31.40.0-255,172,186711,76,191013
34842,0.046806,172.31.40.0-255,1108,187819,76,191013
34843,0.046896,172.31.40.0-255,1514,189333,76,191013
34844,0.046898,172.31.40.0-255,1308,190641,76,191013
34845,0.048312,104.244.42.0-255,66,190707,76,191013
34846,0.048354,104.244.42.0-255,66,190773,76,191013
34847,0.048468,104.244.42.0-255,66,190839,76,191013
34848,0.048993,104.244.42.0-255,108,190947,76,191013
34849,0.049002,172.31.40.0-255,66,191013,76,191013
34850,0.0,172.217.194.0-255,152,152,76,206226
34851,1.6e-05,172.31.40.0-255,66,218,76,206226
34852,3.5e-05,172.217.194.0-255,1484,1702,76,206226
34853,4.4e-05,172.31.40.0-255,66,1768,76,206226
34854,5e-05,172.217.194.0-255,2902,4670,76,206226
34855,5.4e-05,172.31.40.0-255,66,4736,76,206226
34856,8e-05,172.217.194.0-255,5738,10474,76,206226
34857,8.2e-05,172.31.40.0-255,66,10540,76,206226
34858,0.000108,172.217.194.0-255,2902,13442,76,206226
34859,0.00011,172.31.40.0-255,66,13508,76,206226
34860,0.000135,172.217.194.0-255,3480,16988,76,206226
34861,0.000137,172.31.40.0-255,66,17054,76,206226
34862,0.000142,172.217.194.0-255,4320,21374,76,206226
34863,0.000144,172.31.40.0-255,66,21440,76,206226
34864,0.000209,172.31.40.0-255,66,21506,76,206226
34865,0.000246,172.217.194.0-255,1484,22990,76,206226
34866,0.000249,172.31.40.0-255,66,23056,76,206226
34867,0.000264,172.217.194.0-255,1484,24540,76,206226
34868,0.000266,172.31.40.0-255,66,24606,76,206226
34869,0.000281,172.217.194.0-255,2902,27508,76,206226
34870,0.000287,172.31.40.0-255,66,27574,76,206226
34871,0.00029,172.217.194.0-255,1484,29058,76,206226
34872,0.000292,172.31.40.0-255,66,29124,76,206226
34873,0.000317,172.217.194.0-255,4320,33444,76,206226
34874,0.00032,172.31.40.0-255,66,33510,76,206226
34875,0.000322,172.217.194.0-255,1484,34994,76,206226
34876,0.000324,172.31.40.0-255,66,35060,76,206226
34877,0.000364,172.31.40.0-255,66,35126,76,206226
34878,0.000381,172.217.194.0-255,4320,39446,76,206226
34879,0.000383,172.31.40.0-255,66,39512,76,206226
34880,0.000411,172.217.194.0-255,5636,45148,76,206226
34881,0.000413,172.31.40.0-255,66,45214,76,206226
34882,0.000694,172.217.194.0-255,118,45332,76,206226
34883,0.000777,172.217.194.0-255,1484,46816,76,206226
34884,0.000781,172.31.40.0-255,66,46882,76,206226
34885,0.000807,172.217.194.0-255,2902,49784,76,206226
34886,0.000809,172.31.40.0-255,66,49850,76,206226
34887,0.000815,172.217.194.0-255,5738,55588,76,206226
34888,0.000817,172.31.40.0-255,66,55654,76,206226
34889,0.000841,172.217.194.0-255,6797,62451,76,206226
34890,0.000843,172.31.40.0-255,66,62517,76,206226
34891,0.000899,172.217.194.0-255,1484,64001,76,206226
34892,0.000913,172.217.194.0-255,2902,66903,76,206226
34893,0.000916,172.31.40.0-255,66,66969,76,206226
34894,0.000922,172.217.194.0-255,5738,72707,76,206226
34895,0.000924,172.31.40.0-255,66,72773,76,206226
34896,0.000947,172.217.194.0-255,5738,78511,76,206226
34897,0.000949,172.31.40.0-255,66,78577,76,206226
34898,0.00097,172.217.194.0-255,1125,79702,76,206226
34899,0.001348,172.31.40.0-255,66,79768,76,206226
34900,0.003275,172.217.194.0-255,4320,84088,76,206226
34901,0.003283,172.31.40.0-255,66,84154,76,206226
34902,0.003648,172.217.194.0-255,1484,85638,76,206226
34903,0.005574,172.217.194.0-255,4320,89958,76,206226
34904,0.005578,172.31.40.0-255,66,90024,76,206226
34905,0.00788,172.217.194.0-255,5738,95762,76,206226
34906,0.007888,172.31.40.0-255,66,95828,76,206226
34907,0.010207,172.217.194.0-255,5738,101566,76,206226
34908,0.010214,172.31.40.0-255,66,101632,76,206226
34909,0.012536,172.217.194.0-255,5738,107370,76,206226
34910,0.012545,172.31.40.0-255,66,107436,76,206226
34911,0.014878,172.217.194.0-255,5738,113174,76,206226
34912,0.014887,172.31.40.0-255,66,113240,76,206226
34913,0.01722,172.217.194.0-255,5738,118978,76,206226
34914,0.017229,172.31.40.0-255,66,119044,76,206226
34915,0.019567,172.217.194.0-255,5738,124782,76,206226
34916,0.019575,172.31.40.0-255,66,124848,76,206226
34917,0.021921,172.217.194.0-255,5738,130586,76,206226
34918,0.02193,172.31.40.0-255,66,130652,76,206226
34919,0.024254,172.217.194.0-255,2902,133554,76,206226
34920,0.024263,172.31.40.0-255,66,133620,76,206226
34921,0.024296,172.217.194.0-255,2902,136522,76,206226
34922,0.0243,172.31.40.0-255,66,136588,76,206226
34923,0.0252,172.31.40.0-255,172,136760,76,206226
34924,0.025233,172.31.40.0-255,1109,137869,76,206226
34925,0.025292,172.31.40.0-255,1514,139383,76,206226
34926,0.025294,172.31.40.0-255,1307,140690,76,206226
34927,0.026581,172.217.194.0-255,2902,143592,76,206226
34928,0.026587,172.31.40.0-255,66,143658,76,206226
34929,0.026617,172.217.194.0-255,2902,146560,76,206226
34930,0.02662,172.31.40.0-255,66,146626,76,206226
34931,0.026746,104.244.42.0-255,66,146692,76,206226
34932,0.026813,104.244.42.0-255,66,146758,76,206226
34933,0.02686,104.244.42.0-255,66,146824,76,206226
34934,0.027528,104.244.42.0-255,108,146932,76,206226
34935,0.027534,172.31.40.0-255,66,146998,76,206226
34936,0.028909,172.217.194.0-255,2902,149900,76,206226
34937,0.028915,172.31.40.0-255,66,149966,76,206226
34938,0.028929,172.217.194.0-255,2902,152868,76,206226
34939,0.028935,172.31.40.0-255,66,152934,76,206226
34940,0.031225,172.217.194.0-255,2902,155836,76,206226
34941,0.03123,172.31.40.0-255,66,155902,76,206226
34942,0.031258,172.217.194.0-255,2902,158804,76,206226
34943,0.031261,172.31.40.0-255,66,158870,76,206226
34944,0.033561,172.217.194.0-255,2902,161772,76,206226
34945,0.033568,172.31.40.0-255,66,161838,76,206226
34946,0.033594,172.217.194.0-255,2902,164740,76,206226
34947,0.033597,172.31.40.0-255,66,164806,76,206226
34948,0.035891,172.217.194.0-255,2902,167708,76,206226
34949,0.035899,172.31.40.0-255,66,167774,76,206226
34950,0.03594,172.217.194.0-255,2902,170676,76,206226
34951,0.035943,172.31.40.0-255,66,170742,76,206226
34952,0.038227,172.217.194.0-255,2902,173644,76,206226
34953,0.038233,172.31.40.0-255,66,173710,76,206226
34954,0.038327,172.217.194.0-255,2902,176612,76,206226
34955,0.038331,172.31.40.0-255,66,176678,76,206226
34956,0.040541,172.217.194.0-255,2902,179580,76,206226
34957,0.040548,172.31.40.0-255,66,179646,76,206226
34958,0.040634,172.217.194.0-255,2902,182548,76,206226
34959,0.040639,172.31.40.0-255,66,182614,76,206226
34960,0.042867,172.217.194.0-255,2902,185516,76,206226
34961,0.042875,172.31.40.0-255,66,185582,76,206226
34962,0.042957,172.217.194.0-255,2902,188484,76,206226
34963,0.042961,172.31.40.0-255,66,188550,76,206226
34964,0.045209,172.217.194.0-255,2902,191452,76,206226
34965,0.045214,172.31.40.0-255,66,191518,76,206226
34966,0.04527,172.217.194.0-255,2902,194420,76,206226
34967,0.045274,172.31.40.0-255,66,194486,76,206226
34968,0.047554,172.217.194.0-255,2902,197388,76,206226
34969,0.047561,172.31.40.0-255,66,197454,76,206226
34970,0.047581,172.217.194.0-255,2902,200356,76,206226
34971,0.047585,172.31.40.0-255,66,200422,76,206226
34972,0.049898,172.217.194.0-255,5738,206160,76,206226
34973,0.049904,172.31.40.0-255,66,206226,76,206226
34974,0.0,172.217.194.0-255,297,297,76,274141
34975,1.7e-05,172.31.40.0-255,66,363,76,274141
34976,2.2e-05,172.217.194.0-255,1484,1847,76,274141
34977,2.5e-05,172.31.40.0-255,66,1913,76,274141
34978,3.1e-05,172.217.194.0-255,4320,6233,76,274141
34979,3.5e-05,172.31.40.0-255,66,6299,76,274141
34980,3.9e-05,172.217.194.0-255,2902,9201,76,274141
34981,4.2e-05,172.31.40.0-255,66,9267,76,274141
34982,6.2e-05,172.217.194.0-255,2902,12169,76,274141
34983,6.5e-05,172.31.40.0-255,66,12235,76,274141
34984,8.2e-05,172.217.194.0-255,5738,17973,76,274141
34985,8.4e-05,172.31.40.0-255,66,18039,76,274141
34986,0.000114,172.217.194.0-255,6078,24117,76,274141
34987,0.000116,172.31.40.0-255,66,24183,76,274141
34988,0.000123,172.217.194.0-255,6797,30980,76,274141
34989,0.000125,172.31.40.0-255,66,31046,76,274141
34990,0.000203,172.217.194.0-255,1484,32530,76,274141
34991,0.000206,172.31.40.0-255,66,32596,76,274141
34992,0.000211,172.217.194.0-255,2902,35498,76,274141
34993,0.000213,172.31.40.0-255,66,35564,76,274141
34994,0.000227,172.217.194.0-255,5738,41302,76,274141
34995,0.00023,172.31.40.0-255,66,41368,76,274141
34996,0.00025,172.217.194.0-255,5738,47106,76,274141
34997,0.000252,172.31.40.0-255,66,47172,76,274141
34998,0.000255,172.217.194.0-255,1484,48656,76,274141
34999,0.000256,172.31.40.0-255,66,48722,76,274141
35000,0.000279,172.217.194.0-255,5379,54101,76,274141
35001,0.000281,172.31.40.0-255,66,54167,76,274141
35002,0.000284,172.217.194.0-255,1484,55651,76,274141
35003,0.000286,172.31.40.0-255,66,55717,76,274141
35004,0.000307,172.31.40.0-255,66,55783,76,274141
35005,0.000509,172.217.194.0-255,646,56429,76,274141
35006,0.000763,172.217.194.0-255,1484,57913,76,274141
35007,0.000767,172.31.40.0-255,66,57979,76,274141
35008,0.000771,172.217.194.0-255,2902,60881,76,274141
35009,0.000773,172.31.40.0-255,66,60947,76,274141
35010,0.000779,172.217.194.0-255,5738,66685,76,274141
35011,0.000781,172.31.40.0-255,66,66751,76,274141
35012,0.000816,172.31.40.0-255,66,66817,76,274141
35013,0.000827,172.31.40.0-255,66,66883,76,274141
35014,0.000846,172.217.194.0-255,2184,69067,76,274141
35015,0.000847,172.31.40.0-255,66,69133,76,274141
35016,0.001276,172.217.194.0-255,1484,70617,76,274141
35017,0.001284,172.217.194.0-255,2902,73519,76,274141
35018,0.001287,172.31.40.0-255,66,73585,76,274141
35019,0.001295,172.217.194.0-255,5738,79323,76,274141
35020,0.001297,172.31.40.0-255,66,79389,76,274141
35021,0.001336,172.31.40.0-255,66,79455,76,274141
35022,0.001378,172.31.40.0-255,66,79521,76,274141
35023,0.001393,172.217.194.0-255,2184,81705,76,274141
35024,0.001395,172.31.40.0-255,66,81771,76,274141
35025,0.001592,172.217.194.0-255,1484,83255,76,274141
35026,0.001599,172.217.194.0-255,2902,86157,76,274141
35027,0.001602,172.31.40.0-255,66,86223,76,274141
35028,0.001608,172.217.194.0-255,4320,90543,76,274141
35029,0.00161,172.31.40.0-255,66,90609,76,274141
35030,0.00162,172.217.194.0-255,1484,92093,76,274141
35031,0.001623,172.217.194.0-255,1484,93577,76,274141
35032,0.001625,172.31.40.0-255,66,93643,76,274141
35033,0.001646,172.217.194.0-255,7156,100799,76,274141
35034,0.001648,172.31.40.0-255,66,100865,76,274141
35035,0.00167,172.217.194.0-255,2902,103767,76,274141
35036,0.001672,172.31.40.0-255,66,103833,76,274141
35037,0.001696,172.31.40.0-255,66,103899,76,274141
35038,0.001701,172.217.194.0-255,2902,106801,76,274141
35039,0.001702,172.31.40.0-255,66,106867,76,274141
35040,0.001736,172.31.40.0-255,66,106933,76,274141
35041,0.001749,172.31.40.0-255,66,106999,76,274141
35042,0.001801,172.31.40.0-255,66,107065,76,274141
35043,0.001813,172.31.40.0-255,66,107131,76,274141
35044,0.001851,172.31.40.0-255,66,107197,76,274141
35045,0.001871,172.217.194.0-255,7156,114353,76,274141
35046,0.001873,172.31.40.0-255,66,114419,76,274141
35047,0.001886,172.217.194.0-255,5738,120157,76,274141
35048,0.001889,172.31.40.0-255,66,120223,76,274141
35049,0.001893,172.217.194.0-255,4320,124543,76,274141
35050,0.001895,172.31.40.0-255,66,124609,76,274141
35051,0.001912,172.217.194.0-255,4320,128929,76,274141
35052,0.001914,172.31.40.0-255,66,128995,76,274141
35053,0.001928,172.217.194.0-255,1484,130479,76,274141
35054,0.001954,172.31.40.0-255,66,130545,76,274141
35055,0.003936,172.217.194.0-255,5738,136283,76,274141
35056,0.00395,172.31.40.0-255,66,136349,76,274141
35057,0.005933,172.217.194.0-255,5738,142087,76,274141
35058,0.00594,172.31.40.0-255,66,142153,76,274141
35059,0.007891,172.217.194.0-255,5738,147891,76,274141
35060,0.007899,172.31.40.0-255,66,147957,76,274141
35061,0.009882,172.217.194.0-255,5738,153695,76,274141
35062,0.009887,172.31.40.0-255,66,153761,76,274141
35063,0.011861,172.217.194.0-255,5738,159499,76,274141
35064,0.011869,172.31.40.0-255,66,159565,76,274141
35065,0.013837,172.217.194.0-255,5738,165303,76,274141
35066,0.013846,172.31.40.0-255,66,165369,76,274141
35067,0.01581,172.217.194.0-255,5738,171107,76,274141
35068,0.01582,172.31.40.0-255,66,171173,76,274141
35069,0.017801,172.217.194.0-255,5738,176911,76,274141
35070,0.017809,172.31.40.0-255,66,176977,76,274141
35071,0.019799,172.217.194.0-255,5738,182715,76,274141
35072,0.019807,172.31.40.0-255,66,182781,76,274141
35073,0.021787,172.217.194.0-255,5738,188519,76,274141
35074,0.021795,172.31.40.0-255,66,188585,76,274141
35075,0.023748,172.217.194.0-255,5738,194323,76,274141
35076,0.023755,172.31.40.0-255,66,194389,76,274141
35077,0.025727,172.217.194.0-255,5738,200127,76,274141
35078,0.025733,172.31.40.0-255,66,200193,76,274141
35079,0.0277,172.217.194.0-255,5738,205931,76,274141
35080,0.027708,172.31.40.0-255,66,205997,76,274141
35081,0.029673,172.217.194.0-255,5738,211735,76,274141
35082,0.02968,172.31.40.0-255,66,211801,76,274141
35083,0.03162,172.217.194.0-255,5738,217539,76,274141
35084,0.031626,172.31.40.0-255,66,217605,76,274141
35085,0.032151,172.31.40.0-255,172,217777,76,274141
35086,0.032183,172.31.40.0-255,1109,218886,76,274141
35087,0.032243,172.31.40.0-255,1514,220400,76,274141
35088,0.032244,172.31.40.0-255,1307,221707,76,274141
35089,0.033612,172.217.194.0-255,5738,227445,76,274141
35090,0.033619,172.31.40.0-255,66,227511,76,274141
35091,0.033678,104.244.42.0-255,66,227577,76,274141
35092,0.033752,104.244.42.0-255,66,227643,76,274141
35093,0.033789,104.244.42.0-255,66,227709,76,274141
35094,0.035586,172.217.194.0-255,5738,233447,76,274141
35095,0.035593,172.31.40.0-255,66,233513,76,274141
35096,0.037564,172.217.194.0-255,5738,239251,76,274141
35097,0.037571,172.31.40.0-255,66,239317,76,274141
35098,0.03958,172.217.194.0-255,5738,245055,76,274141
35099,0.039586,172.31.40.0-255,66,245121,76,274141
35100,0.041573,172.217.194.0-255,5738,250859,76,274141
35101,0.041582,172.31.40.0-255,66,250925,76,274141
35102,0.043586,172.217.194.0-255,5738,256663,76,274141
35103,0.043593,172.31.40.0-255,66,256729,76,274141
35104,0.04558,172.217.194.0-255,5738,262467,76,274141
35105,0.045587,172.31.40.0-255,66,262533,76,274141
35106,0.047603,172.217.194.0-255,5738,268271,76,274141
35107,0.047609,172.31.40.0-255,66,268337,76,274141
35108,0.049582,172.217.194.0-255,5738,274075,76,274141
35109,0.049587,172.31.40.0-255,66,274141,76,274141
35110,0.0,74.125.24.0-255,153,153,76,240624
35111,2.3e-05,172.31.40.0-255,66,219,76,240624
35112,3.1e-05,74.125.24.0-255,1484,1703,76,240624
35113,3.5e-05,172.31.40.0-255,66,1769,76,240624
35114,3.8e-05,74.125.24.0-255,1484,3253,76,240624
35115,4.1e-05,172.31.40.0-255,66,3319,76,240624
35116,4.6e-05,74.125.24.0-255,2902,6221,76,240624
35117,4.9e-05,172.31.40.0-255,66,6287,76,240624
35118,5.6e-05,74.125.24.0-255,5738,12025,76,240624
35119,5.8e-05,172.31.40.0-255,66,12091,76,240624
35120,6.5e-05,74.125.24.0-255,5738,17829,76,240624
35121,6.8e-05,172.31.40.0-255,66,17895,76,240624
35122,9.3e-05,74.125.24.0-255,1982,19877,76,240624
35123,9.6e-05,172.31.40.0-255,66,19943,76,240624
35124,0.000107,172.31.40.0-255,66,20009,76,240624
35125,0.000134,172.31.40.0-255,66,20075,76,240624
35126,0.000171,74.125.24.0-255,5738,25813,76,240624
35127,0.000175,172.31.40.0-255,66,25879,76,240624
35128,0.000181,74.125.24.0-255,5020,30899,76,240624
35129,0.000183,172.31.40.0-255,66,30965,76,240624
35130,0.000189,74.125.24.0-255,5738,36703,76,240624
35131,0.000191,172.31.40.0-255,66,36769,76,240624
35132,0.000211,74.125.24.0-255,4320,41089,76,240624
35133,0.000213,172.31.40.0-255,66,41155,76,240624
35134,0.000232,74.125.24.0-255,7151,48306,76,240624
35135,0.000235,172.31.40.0-255,66,48372,76,240624
35136,0.000325,74.125.24.0-255,1484,49856,76,240624
35137,0.000328,172.31.40.0-255,66,49922,76,240624
35138,0.000333,74.125.24.0-255,2902,52824,76,240624
35139,0.000335,172.31.40.0-255,66,52890,76,240624
35140,0.00035,74.125.24.0-255,2902,55792,76,240624
35141,0.000352,172.31.40.0-255,66,55858,76,240624
35142,0.000371,74.125.24.0-255,2902,58760,76,240624
35143,0.000373,172.31.40.0-255,66,58826,76,240624
35144,0.000387,172.31.40.0-255,66,58892,76,240624
35145,0.00041,172.31.40.0-255,66,58958,76,240624
35146,0.000427,74.125.24.0-255,331,59289,76,240624
35147,0.000632,74.125.24.0-255,1484,60773,76,240624
35148,0.000637,172.31.40.0-255,66,60839,76,240624
35149,0.000643,74.125.24.0-255,2902,63741,76,240624
35150,0.000646,172.31.40.0-255,66,63807,76,240624
35151,0.000651,74.125.24.0-255,2902,66709,76,240624
35152,0.000652,172.31.40.0-255,66,66775,76,240624
35153,0.00067,74.125.24.0-255,2902,69677,76,240624
35154,0.000673,172.31.40.0-255,66,69743,76,240624
35155,0.000683,172.31.40.0-255,66,69809,76,240624
35156,0.000711,74.125.24.0-255,4320,74129,76,240624
35157,0.000714,172.31.40.0-255,66,74195,76,240624
35158,0.00073,74.125.24.0-255,2902,77097,76,240624
35159,0.000732,172.31.40.0-255,66,77163,76,240624
35160,0.000754,172.31.40.0-255,66,77229,76,240624
35161,0.000873,74.125.24.0-255,1484,78713,76,240624
35162,0.000879,74.125.24.0-255,2902,81615,76,240624
35163,0.000882,172.31.40.0-255,66,81681,76,240624
35164,0.000887,74.125.24.0-255,4320,86001,76,240624
35165,0.000889,172.31.40.0-255,66,86067,76,240624
35166,0.000902,74.125.24.0-255,1484,87551,76,240624
35167,0.00091,74.125.24.0-255,7156,94707,76,240624
35168,0.000912,172.31.40.0-255,66,94773,76,240624
35169,0.000942,172.31.40.0-255,66,94839,76,240624
35170,0.00097,74.125.24.0-255,2902,97741,76,240624
35171,0.000972,172.31.40.0-255,66,97807,76,240624
35172,0.000976,74.125.24.0-255,2184,99991,76,240624
35173,0.000979,172.31.40.0-255,66,100057,76,240624
35174,0.001016,74.125.24.0-255,1484,101541,76,240624
35175,0.001028,74.125.24.0-255,2902,104443,76,240624
35176,0.001032,172.31.40.0-255,66,104509,76,240624
35177,0.001036,74.125.24.0-255,1484,105993,76,240624
35178,0.001056,74.125.24.0-255,4320,110313,76,240624
35179,0.001059,172.31.40.0-255,66,110379,76,240624
35180,0.001065,74.125.24.0-255,4320,114699,76,240624
35181,0.001067,172.31.40.0-255,66,114765,76,240624
35182,0.001096,74.125.24.0-255,5738,120503,76,240624
35183,0.001099,172.31.40.0-255,66,120569,76,240624
35184,0.001123,74.125.24.0-255,5738,126307,76,240624
35185,0.001126,172.31.40.0-255,66,126373,76,240624
35186,0.001137,172.31.40.0-255,66,126439,76,240624
35187,0.001169,74.125.24.0-255,1484,127923,76,240624
35188,0.001175,74.125.24.0-255,2902,130825,76,240624
35189,0.001177,172.31.40.0-255,66,130891,76,240624
35190,0.001195,74.125.24.0-255,1484,132375,76,240624
35191,0.001215,74.125.24.0-255,4320,136695,76,240624
35192,0.001218,172.31.40.0-255,66,136761,76,240624
35193,0.001232,74.125.24.0-255,1484,138245,76,240624
35194,0.001248,74.125.24.0-255,5738,143983,76,240624
35195,0.001251,172.31.40.0-255,66,144049,76,240624
35196,0.001278,74.125.24.0-255,5738,149787,76,240624
35197,0.001281,172.31.40.0-255,66,149853,76,240624
35198,0.001304,74.125.24.0-255,5738,155591,76,240624
35199,0.001308,172.31.40.0-255,66,155657,76,240624
35200,0.001314,74.125.24.0-255,5020,160677,76,240624
35201,0.001316,172.31.40.0-255,66,160743,76,240624
35202,0.001437,74.125.24.0-255,1484,162227,76,240624
35203,0.001453,74.125.24.0-255,2902,165129,76,240624
35204,0.001456,172.31.40.0-255,66,165195,76,240624
35205,0.001479,74.125.24.0-255,4320,169515,76,240624
35206,0.001481,172.31.40.0-255,66,169581,76,240624
35207,0.001522,74.125.24.0-255,5738,175319,76,240624
35208,0.001524,172.31.40.0-255,66,175385,76,240624
35209,0.001549,74.125.24.0-255,2902,178287,76,240624
35210,0.001552,172.31.40.0-255,66,178353,76,240624
35211,0.001567,172.31.40.0-255,66,178419,76,240624
35212,0.00158,172.31.40.0-255,66,178485,76,240624
35213,0.001601,74.125.24.0-255,2184,180669,76,240624
35214,0.001604,172.31.40.0-255,66,180735,76,240624
35215,0.001616,172.31.40.0-255,66,180801,76,240624
35216,0.001663,172.31.40.0-255,66,180867,76,240624
35217,0.001683,74.125.24.0-255,1484,182351,76,240624
35218,0.001701,74.125.24.0-255,2902,185253,76,240624
35219,0.001704,172.31.40.0-255,66,185319,76,240624
35220,0.00171,74.125.24.0-255,5738,191057,76,240624
35221,0.001712,172.31.40.0-255,66,191123,76,240624
35222,0.001715,74.125.24.0-255,1484,192607,76,240624
35223,0.001733,74.125.24.0-255,4320,196927,76,240624
35224,0.001736,172.31.40.0-255,66,196993,76,240624
35225,0.001738,74.125.24.0-255,1484,198477,76,240624
35226,0.001778,172.31.40.0-255,66,198543,76,240624
35227,0.001784,74.125.24.0-255,5020,203563,76,240624
35228,0.001786,172.31.40.0-255,66,203629,76,240624
35229,0.001834,74.125.24.0-255,1484,205113,76,240624
35230,0.001854,74.125.24.0-255,2902,208015,76,240624
35231,0.001858,172.31.40.0-255,66,208081,76,240624
35232,0.001864,74.125.24.0-255,5738,213819,76,240624
35233,0.001866,172.31.40.0-255,66,213885,76,240624
35234,0.001895,74.125.24.0-255,5738,219623,76,240624
35235,0.001899,172.31.40.0-255,66,219689,76,240624
35236,0.001924,74.125.24.0-255,7156,226845,76,240624
35237,0.001927,172.31.40.0-255,66,226911,76,240624
35238,0.001947,172.31.40.0-255,66,226977,76,240624
35239,0.00196,172.31.40.0-255,66,227043,76,240624
35240,0.001985,74.125.24.0-255,2902,229945,76,240624
35241,0.001988,172.31.40.0-255,66,230011,76,240624
35242,0.001995,74.125.24.0-255,5738,235749,76,240624
35243,0.001997,172.31.40.0-255,66,235815,76,240624
35244,0.00204,172.31.40.0-255,66,235881,76,240624
35245,0.003182,172.31.40.0-255,101,235982,76,240624
35246,0.004026,74.125.24.0-255,105,236087,76,240624
35247,0.00471,172.31.40.0-255,105,236192,76,240624
35248,0.005169,74.125.24.0-255,66,236258,76,240624
35249,0.006695,74.125.24.0-255,66,236324,76,240624
35250,0.033114,172.31.40.0-255,172,236496,76,240624
35251,0.033147,172.31.40.0-255,1108,237604,76,240624
35252,0.033207,172.31.40.0-255,1514,239118,76,240624
35253,0.033209,172.31.40.0-255,1308,240426,76,240624
35254,0.034649,104.244.42.0-255,66,240492,76,240624
35255,0.034795,104.244.42.0-255,66,240558,76,240624
35256,0.034801,104.244.42.0-255,66,240624,76,240624
35257,0.0,74.125.200.0-255,153,153,76,308955
35258,4.3e-05,172.31.40.0-255,66,219,76,308955
35259,5e-05,74.125.200.0-255,1484,1703,76,308955
35260,5.5e-05,172.31.40.0-255,66,1769,76,308955
35261,6.2e-05,74.125.200.0-255,2902,4671,76,308955
35262,6.6e-05,172.31.40.0-255,66,4737,76,308955
35263,9.2e-05,74.125.200.0-255,2902,7639,76,308955
35264,9.5e-05,172.31.40.0-255,66,7705,76,308955
35265,0.000133,74.125.200.0-255,2902,10607,76,308955
35266,0.000136,172.31.40.0-255,66,10673,76,308955
35267,0.000173,74.125.200.0-255,3393,14066,76,308955
35268,0.000179,172.31.40.0-255,66,14132,76,308955
35269,0.000311,74.125.200.0-255,1484,15616,76,308955
35270,0.000315,172.31.40.0-255,66,15682,76,308955
35271,0.00033,74.125.200.0-255,2902,18584,76,308955
35272,0.000333,172.31.40.0-255,66,18650,76,308955
35273,0.000362,74.125.200.0-255,4320,22970,76,308955
35274,0.000366,172.31.40.0-255,66,23036,76,308955
35275,0.000388,74.125.200.0-255,4320,27356,76,308955
35276,0.000391,172.31.40.0-255,66,27422,76,308955
35277,0.000426,74.125.200.0-255,5379,32801,76,308955
35278,0.00043,172.31.40.0-255,66,32867,76,308955
35279,0.000433,74.125.200.0-255,1484,34351,76,308955
35280,0.000438,172.31.40.0-255,66,34417,76,308955
35281,0.000448,74.125.200.0-255,2902,37319,76,308955
35282,0.00045,172.31.40.0-255,66,37385,76,308955
35283,0.000477,74.125.200.0-255,5738,43123,76,308955
35284,0.000481,172.31.40.0-255,66,43189,76,308955
35285,0.000484,74.125.200.0-255,1484,44673,76,308955
35286,0.000486,172.31.40.0-255,66,44739,76,308955
35287,0.000505,74.125.200.0-255,2902,47641,76,308955
35288,0.000508,172.31.40.0-255,66,47707,76,308955
35289,0.000525,74.125.200.0-255,5738,53445,76,308955
35290,0.000529,172.31.40.0-255,66,53511,76,308955
35291,0.000562,74.125.200.0-255,1484,54995,76,308955
35292,0.000582,74.125.200.0-255,2902,57897,76,308955
35293,0.000586,172.31.40.0-255,66,57963,76,308955
35294,0.000605,74.125.200.0-255,1484,59447,76,308955
35295,0.000621,74.125.200.0-255,2902,62349,76,308955
35296,0.000624,172.31.40.0-255,66,62415,76,308955
35297,0.000631,74.125.200.0-255,3602,66017,76,308955
35298,0.000633,172.31.40.0-255,66,66083,76,308955
35299,0.000665,74.125.200.0-255,433,66516,76,308955
35300,0.000721,74.125.200.0-255,343,66859,76,308955
35301,0.00088,74.125.200.0-255,1484,68343,76,308955
35302,0.000885,172.31.40.0-255,66,68409,76,308955
35303,0.00089,74.125.200.0-255,2902,71311,76,308955
35304,0.000893,172.31.40.0-255,66,71377,76,308955
35305,0.000935,74.125.200.0-255,5738,77115,76,308955
35306,0.000939,172.31.40.0-255,66,77181,76,308955
35307,0.000942,74.125.200.0-255,1484,78665,76,308955
35308,0.000989,74.125.200.0-255,4828,83493,76,308955
35309,0.000994,172.31.40.0-255,66,83559,76,308955
35310,0.001116,74.125.200.0-255,1484,85043,76,308955
35311,0.001133,74.125.200.0-255,2902,87945,76,308955
35312,0.001136,172.31.40.0-255,66,88011,76,308955
35313,0.00114,74.125.200.0-255,2902,90913,76,308955
35314,0.001142,172.31.40.0-255,66,90979,76,308955
35315,0.001158,74.125.200.0-255,4320,95299,76,308955
35316,0.00116,172.31.40.0-255,66,95365,76,308955
35317,0.001214,172.31.40.0-255,66,95431,76,308955
35318,0.001219,74.125.200.0-255,4320,99751,76,308955
35319,0.001221,172.31.40.0-255,66,99817,76,308955
35320,0.001226,74.125.200.0-255,5738,105555,76,308955
35321,0.001227,172.31.40.0-255,66,105621,76,308955
35322,0.001265,74.125.200.0-255,3602,109223,76,308955
35323,0.001268,172.31.40.0-255,66,109289,76,308955
35324,0.001444,74.125.200.0-255,1484,110773,76,308955
35325,0.001472,74.125.200.0-255,2902,113675,76,308955
35326,0.001475,172.31.40.0-255,66,113741,76,308955
35327,0.001507,74.125.200.0-255,2902,116643,76,308955
35328,0.00151,172.31.40.0-255,66,116709,76,308955
35329,0.001523,74.125.200.0-255,2902,119611,76,308955
35330,0.001526,172.31.40.0-255,66,119677,76,308955
35331,0.001539,74.125.200.0-255,1484,121161,76,308955
35332,0.00155,74.125.200.0-255,1484,122645,76,308955
35333,0.001552,172.31.40.0-255,66,122711,76,308955
35334,0.001574,74.125.200.0-255,1484,124195,76,308955
35335,0.001579,74.125.200.0-255,4320,128515,76,308955
35336,0.001581,172.31.40.0-255,66,128581,76,308955
35337,0.001611,172.31.40.0-255,66,128647,76,308955
35338,0.001615,74.125.200.0-255,2902,131549,76,308955
35339,0.001617,172.31.40.0-255,66,131615,76,308955
35340,0.001621,74.125.200.0-255,3602,135217,76,308955
35341,0.001623,172.31.40.0-255,66,135283,76,308955
35342,0.001851,74.125.200.0-255,1484,136767,76,308955
35343,0.001861,74.125.200.0-255,2902,139669,76,308955
35344,0.001864,172.31.40.0-255,66,139735,76,308955
35345,0.001884,74.125.200.0-255,2902,142637,76,308955
35346,0.001886,172.31.40.0-255,66,142703,76,308955
35347,0.001915,74.125.200.0-255,2902,145605,76,308955
35348,0.001918,172.31.40.0-255,66,145671,76,308955
35349,0.001923,74.125.200.0-255,4320,149991,76,308955
35350,0.001925,172.31.40.0-255,66,150057,76,308955
35351,0.001931,74.125.200.0-255,5738,155795,76,308955
35352,0.001932,172.31.40.0-255,66,155861,76,308955
35353,0.001973,172.31.40.0-255,66,155927,76,308955
35354,0.001977,74.125.200.0-255,2184,158111,76,308955
35355,0.001979,172.31.40.0-255,66,158177,76,308955
35356,0.002159,74.125.200.0-255,1484,159661,76,308955
35357,0.002175,74.125.200.0-255,2902,162563,76,308955
35358,0.002178,172.31.40.0-255,66,162629,76,308955
35359,0.002209,74.125.200.0-255,2902,165531,76,308955
35360,0.002212,172.31.40.0-255,66,165597,76,308955
35361,0.002261,74.125.200.0-255,4320,169917,76,308955
35362,0.002265,172.31.40.0-255,66,169983,76,308955
35363,0.002284,74.125.200.0-255,2902,172885,76,308955
35364,0.002286,172.31.40.0-255,66,172951,76,308955
35365,0.0023,74.125.200.0-255,2902,175853,76,308955
35366,0.002302,172.31.40.0-255,66,175919,76,308955
35367,0.002308,74.125.200.0-255,4320,180239,76,308955
35368,0.00231,172.31.40.0-255,66,180305,76,308955
35369,0.002332,74.125.200.0-255,2902,183207,76,308955
35370,0.002336,172.31.40.0-255,66,183273,76,308955
35371,0.002339,74.125.200.0-255,2902,186175,76,308955
35372,0.002341,172.31.40.0-255,66,186241,76,308955
35373,0.002365,74.125.200.0-255,5738,191979,76,308955
35374,0.002367,172.31.40.0-255,66,192045,76,308955
35375,0.002369,74.125.200.0-255,766,192811,76,308955
35376,0.004693,74.125.200.0-255,4320,197131,76,308955
35377,0.00471,172.31.40.0-255,66,197197,76,308955
35378,0.007038,74.125.200.0-255,5738,202935,76,308955
35379,0.007056,172.31.40.0-255,66,203001,76,308955
35380,0.009376,74.125.200.0-255,5738,208739,76,308955
35381,0.009394,172.31.40.0-255,66,208805,76,308955
35382,0.011726,74.125.200.0-255,5738,214543,76,308955
35383,0.01174,172.31.40.0-255,66,214609,76,308955
35384,0.014073,74.125.200.0-255,5738,220347,76,308955
35385,0.014087,172.31.40.0-255,66,220413,76,308955
35386,0.016427,74.125.200.0-255,5738,226151,76,308955
35387,0.016441,172.31.40.0-255,66,226217,76,308955
35388,0.018769,74.125.200.0-255,5738,231955,76,308955
35389,0.018785,172.31.40.0-255,66,232021,76,308955
35390,0.021109,74.125.200.0-255,5738,237759,76,308955
35391,0.021116,172.31.40.0-255,66,237825,76,308955
35392,0.023434,74.125.200.0-255,4320,242145,76,308955
35393,0.023442,172.31.40.0-255,66,242211,76,308955
35394,0.023465,74.125.200.0-255,1484,243695,76,308955
35395,0.025775,74.125.200.0-255,4320,248015,76,308955
35396,0.025785,172.31.40.0-255,66,248081,76,308955
35397,0.028159,74.125.200.0-255,5738,253819,76,308955
35398,0.028169,172.31.40.0-255,66,253885,76,308955
35399,0.030485,74.125.200.0-255,5738,259623,76,308955
35400,0.030492,172.31.40.0-255,66,259689,76,308955
35401,0.032818,74.125.200.0-255,5738,265427,76,308955
35402,0.032833,172.31.40.0-255,66,265493,76,308955
35403,0.035171,74.125.200.0-255,5738,271231,76,308955
35404,0.035189,172.31.40.0-255,66,271297,76,308955
35405,0.037511,74.125.200.0-255,4320,275617,76,308955
35406,0.03752,172.31.40.0-255,66,275683,76,308955
35407,0.03754,74.125.200.0-255,1484,277167,76,308955
35408,0.039843,74.125.200.0-255,4320,281487,76,308955
35409,0.039855,172.31.40.0-255,66,281553,76,308955
35410,0.042185,74.125.200.0-255,5738,287291,76,308955
35411,0.042201,172.31.40.0-255,66,287357,76,308955
35412,0.044533,74.125.200.0-255,5738,293095,76,308955
35413,0.04455,172.31.40.0-255,66,293161,76,308955
35414,0.046889,74.125.200.0-255,5738,298899,76,308955
35415,0.046904,172.31.40.0-255,66,298965,76,308955
35416,0.049128,172.31.40.0-255,190,299155,76,308955
35417,0.049161,172.31.40.0-255,1108,300263,76,308955
35418,0.04921,74.125.200.0-255,1484,301747,76,308955
35419,0.049233,74.125.200.0-255,4320,306067,76,308955
35420,0.049237,172.31.40.0-255,66,306133,76,308955
35421,0.049329,172.31.40.0-255,1514,307647,76,308955
35422,0.049331,172.31.40.0-255,1308,308955,76,308955
35423,0.0,74.125.130.0-255,152,152,76,407849
35424,1.8e-05,172.31.40.0-255,66,218,76,407849
35425,2.4e-05,74.125.130.0-255,1484,1702,76,407849
35426,3e-05,172.31.40.0-255,66,1768,76,407849
35427,3.6e-05,74.125.130.0-255,2902,4670,76,407849
35428,4.7e-05,172.31.40.0-255,66,4736,76,407849
35429,5.5e-05,74.125.130.0-255,7156,11892,76,407849
35430,5.8e-05,172.31.40.0-255,66,11958,76,407849
35431,6.3e-05,74.125.130.0-255,2073,14031,76,407849
35432,6.6e-05,172.31.40.0-255,66,14097,76,407849
35433,6.9e-05,74.125.130.0-255,1484,15581,76,407849
35434,7.1e-05,172.31.40.0-255,66,15647,76,407849
35435,9.1e-05,74.125.130.0-255,1484,17131,76,407849
35436,9.4e-05,172.31.40.0-255,66,17197,76,407849
35437,0.0001,74.125.130.0-255,4320,21517,76,407849
35438,0.000102,172.31.40.0-255,66,21583,76,407849
35439,0.000126,74.125.130.0-255,2902,24485,76,407849
35440,0.000128,172.31.40.0-255,66,24551,76,407849
35441,0.000133,74.125.130.0-255,2902,27453,76,407849
35442,0.000135,172.31.40.0-255,66,27519,76,407849
35443,0.00014,74.125.130.0-255,4320,31839,76,407849
35444,0.000143,172.31.40.0-255,66,31905,76,407849
35445,0.000152,74.125.130.0-255,7156,39061,76,407849
35446,0.000154,172.31.40.0-255,66,39127,76,407849
35447,0.000176,74.125.130.0-255,1484,40611,76,407849
35448,0.000178,172.31.40.0-255,66,40677,76,407849
35449,0.000186,74.125.130.0-255,7156,47833,76,407849
35450,0.000188,172.31.40.0-255,66,47899,76,407849
35451,0.000207,74.125.130.0-255,766,48665,76,407849
35452,0.000209,172.31.40.0-255,66,48731,76,407849
35453,0.00044,74.125.130.0-255,1484,50215,76,407849
35454,0.000446,172.31.40.0-255,66,50281,76,407849
35455,0.000452,74.125.130.0-255,2902,53183,76,407849
35456,0.000457,74.125.130.0-255,1484,54667,76,407849
35457,0.000479,74.125.130.0-255,2902,57569,76,407849
35458,0.000486,74.125.130.0-255,5738,63307,76,407849
35459,0.000509,74.125.130.0-255,2851,66158,76,407849
35460,0.000528,172.31.40.0-255,66,66224,76,407849
35461,0.001035,74.125.130.0-255,1484,67708,76,407849
35462,0.00104,74.125.130.0-255,1484,69192,76,407849
35463,0.001044,172.31.40.0-255,66,69258,76,407849
35464,0.00107,74.125.130.0-255,1484,70742,76,407849
35465,0.001077,74.125.130.0-255,5738,76480,76,407849
35466,0.00108,74.125.130.0-255,1484,77964,76,407849
35467,0.001098,74.125.130.0-255,2902,80866,76,407849
35468,0.001117,74.125.130.0-255,5738,86604,76,407849
35469,0.001121,74.125.130.0-255,1484,88088,76,407849
35470,0.001131,172.31.40.0-255,66,88154,76,407849
35471,0.001139,74.125.130.0-255,1484,89638,76,407849
35472,0.001143,74.125.130.0-255,4320,93958,76,407849
35473,0.001155,172.31.40.0-255,66,94024,76,407849
35474,0.001183,74.125.130.0-255,6438,100462,76,407849
35475,0.001223,172.31.40.0-255,66,100528,76,407849
35476,0.001272,74.125.130.0-255,1484,102012,76,407849
35477,0.001277,74.125.130.0-255,2902,104914,76,407849
35478,0.00128,172.31.40.0-255,66,104980,76,407849
35479,0.001307,74.125.130.0-255,5738,110718,76,407849
35480,0.001312,172.31.40.0-255,66,110784,76,407849
35481,0.001352,74.125.130.0-255,7156,117940,76,407849
35482,0.001359,172.31.40.0-255,66,118006,76,407849
35483,0.001385,74.125.130.0-255,4320,122326,76,407849
35484,0.00139,74.125.130.0-255,2184,124510,76,407849
35485,0.001394,74.125.130.0-255,2902,127412,76,407849
35486,0.00141,172.31.40.0-255,66,127478,76,407849
35487,0.00142,74.125.130.0-255,4320,131798,76,407849
35488,0.001436,74.125.130.0-255,2902,134700,76,407849
35489,0.001439,74.125.130.0-255,1484,136184,76,407849
35490,0.001462,74.125.130.0-255,2902,139086,76,407849
35491,0.001473,172.31.40.0-255,66,139152,76,407849
35492,0.001476,74.125.130.0-255,1484,140636,76,407849
35493,0.001502,74.125.130.0-255,1484,142120,76,407849
35494,0.001508,74.125.130.0-255,4320,146440,76,407849
35495,0.001528,172.31.40.0-255,66,146506,76,407849
35496,0.001535,74.125.130.0-255,5738,152244,76,407849
35497,0.001551,74.125.130.0-255,1484,153728,76,407849
35498,0.001555,172.31.40.0-255,66,153794,76,407849
35499,0.001572,74.125.130.0-255,5020,158814,76,407849
35500,0.001596,172.31.40.0-255,66,158880,76,407849
35501,0.001599,74.125.130.0-255,1484,160364,76,407849
35502,0.001625,74.125.130.0-255,2902,163266,76,407849
35503,0.001646,74.125.130.0-255,1484,164750,76,407849
35504,0.001649,74.125.130.0-255,1484,166234,76,407849
35505,0.001653,172.31.40.0-255,66,166300,76,407849
35506,0.001661,74.125.130.0-255,1484,167784,76,407849
35507,0.001681,74.125.130.0-255,5738,173522,76,407849
35508,0.001709,74.125.130.0-255,4320,177842,76,407849
35509,0.001712,172.31.40.0-255,66,177908,76,407849
35510,0.001723,74.125.130.0-255,2902,180810,76,407849
35511,0.001732,74.125.130.0-255,4320,185130,76,407849
35512,0.001736,172.31.40.0-255,66,185196,76,407849
35513,0.001765,74.125.130.0-255,5738,190934,76,407849
35514,0.001788,74.125.130.0-255,2184,193118,76,407849
35515,0.001798,172.31.40.0-255,66,193184,76,407849
35516,0.001823,74.125.130.0-255,2902,196086,76,407849
35517,0.001835,74.125.130.0-255,1484,197570,76,407849
35518,0.001842,172.31.40.0-255,66,197636,76,407849
35519,0.001869,74.125.130.0-255,2902,200538,76,407849
35520,0.001875,74.125.130.0-255,5738,206276,76,407849
35521,0.001877,74.125.130.0-255,1484,207760,76,407849
35522,0.001897,74.125.130.0-255,2902,210662,76,407849
35523,0.001902,172.31.40.0-255,66,210728,76,407849
35524,0.001932,74.125.130.0-255,5738,216466,76,407849
35525,0.001949,172.31.40.0-255,66,216532,76,407849
35526,0.001953,74.125.130.0-255,2902,219434,76,407849
35527,0.001958,74.125.130.0-255,2902,222336,76,407849
35528,0.001964,172.31.40.0-255,66,222402,76,407849
35529,0.00198,74.125.130.0-255,1484,223886,76,407849
35530,0.002002,74.125.130.0-255,3602,227488,76,407849
35531,0.002008,172.31.40.0-255,66,227554,76,407849
35532,0.002043,74.125.130.0-255,4320,231874,76,407849
35533,0.002046,74.125.130.0-255,1484,233358,76,407849
35534,0.002061,172.31.40.0-255,66,233424,76,407849
35535,0.002066,74.125.130.0-255,2902,236326,76,407849
35536,0.002071,172.31.40.0-255,66,236392,76,407849
35537,0.002099,74.125.130.0-255,5738,242130,76,407849
35538,0.002102,74.125.130.0-255,1484,243614,76,407849
35539,0.002114,74.125.130.0-255,1484,245098,76,407849
35540,0.00213,74.125.130.0-255,1484,246582,76,407849
35541,0.002134,74.125.130.0-255,2902,249484,76,407849
35542,0.002138,172.31.40.0-255,66,249550,76,407849
35543,0.002146,172.31.40.0-255,66,249616,76,407849
35544,0.002167,74.125.130.0-255,2902,252518,76,407849
35545,0.00217,74.125.130.0-255,1484,254002,76,407849
35546,0.002173,74.125.130.0-255,2902,256904,76,407849
35547,0.002195,172.31.40.0-255,66,256970,76,407849
35548,0.002216,74.125.130.0-255,5020,261990,76,407849
35549,0.00223,172.31.40.0-255,66,262056,76,407849
35550,0.002256,74.125.130.0-255,5738,267794,76,407849
35551,0.002273,172.31.40.0-255,66,267860,76,407849
35552,0.002284,74.125.130.0-255,4320,272180,76,407849
35553,0.002298,74.125.130.0-255,2902,275082,76,407849
35554,0.002345,74.125.130.0-255,4320,279402,76,407849
35555,0.00235,74.125.130.0-255,4320,283722,76,407849
35556,0.002357,172.31.40.0-255,66,283788,76,407849
35557,0.002363,74.125.130.0-255,1484,285272,76,407849
35558,0.002381,74.125.130.0-255,2902,288174,76,407849
35559,0.002392,172.31.40.0-255,66,288240,76,407849
35560,0.0024,74.125.130.0-255,4320,292560,76,407849
35561,0.002402,74.125.130.0-255,1484,294044,76,407849
35562,0.002416,74.125.130.0-255,1484,295528,76,407849
35563,0.00242,172.31.40.0-255,66,295594,76,407849
35564,0.002443,74.125.130.0-255,3602,299196,76,407849
35565,0.002446,74.125.130.0-255,1484,300680,76,407849
35566,0.002454,172.31.40.0-255,66,300746,76,407849
35567,0.002461,74.125.130.0-255,1484,302230,76,407849
35568,0.002463,74.125.130.0-255,1484,303714,76,407849
35569,0.002467,172.31.40.0-255,66,303780,76,407849
35570,0.002482,74.125.130.0-255,2902,306682,76,407849
35571,0.002499,74.125.130.0-255,1484,308166,76,407849
35572,0.002508,172.31.40.0-255,66,308232,76,407849
35573,0.002516,74.125.130.0-255,4320,312552,76,407849
35574,0.002529,172.31.40.0-255,66,312618,76,407849
35575,0.002534,74.125.130.0-255,2902,315520,76,407849
35576,0.002537,74.125.130.0-255,2902,318422,76,407849
35577,0.002572,74.125.130.0-255,1484,319906,76,407849
35578,0.002575,172.31.40.0-255,66,319972,76,407849
35579,0.002614,172.31.40.0-255,66,320038,76,407849
35580,0.005136,74.125.130.0-255,5738,325776,76,407849
35581,0.005144,172.31.40.0-255,66,325842,76,407849
35582,0.007661,74.125.130.0-255,5738,331580,76,407849
35583,0.008781,172.31.40.0-255,66,331646,76,407849
35584,0.011313,74.125.130.0-255,5738,337384,76,407849
35585,0.01132,172.31.40.0-255,66,337450,76,407849
35586,0.013859,74.125.130.0-255,5738,343188,76,407849
35587,0.013867,172.31.40.0-255,66,343254,76,407849
35588,0.016402,74.125.130.0-255,5738,348992,76,407849
35589,0.01641,172.31.40.0-255,66,349058,76,407849
35590,0.01893,74.125.130.0-255,5738,354796,76,407849
35591,0.018938,172.31.40.0-255,66,354862,76,407849
35592,0.02147,74.125.130.0-255,5738,360600,76,407849
35593,0.021476,172.31.40.0-255,66,360666,76,407849
35594,0.024033,74.125.130.0-255,5738,366404,76,407849
35595,0.024044,172.31.40.0-255,66,366470,76,407849
35596,0.02657,74.125.130.0-255,5738,372208,76,407849
35597,0.026578,172.31.40.0-255,66,372274,76,407849
35598,0.029108,74.125.130.0-255,5738,378012,76,407849
35599,0.029116,172.31.40.0-255,66,378078,76,407849
35600,0.031652,74.125.130.0-255,5738,383816,76,407849
35601,0.031661,172.31.40.0-255,66,383882,76,407849
35602,0.034189,74.125.130.0-255,5738,389620,76,407849
35603,0.034197,172.31.40.0-255,66,389686,76,407849
35604,0.036721,74.125.130.0-255,5738,395424,76,407849
35605,0.036728,172.31.40.0-255,66,395490,76,407849
35606,0.037537,172.31.40.0-255,167,395657,76,407849
35607,0.037561,172.31.40.0-255,1109,396766,76,407849
35608,0.03762,172.31.40.0-255,1514,398280,76,407849
35609,0.037621,172.31.40.0-255,1514,399794,76,407849
35610,0.037626,172.31.40.0-255,1514,401308,76,407849
35611,0.037627,172.31.40.0-255,1514,402822,76,407849
35612,0.03765,172.31.40.0-255,1513,404335,76,407849
35613,0.039073,104.244.42.0-255,66,404401,76,407849
35614,0.039121,104.244.42.0-255,66,404467,76,407849
35615,0.039259,74.125.130.0-255,3079,407546,76,407849
35616,0.039265,172.31.40.0-255,66,407612,76,407849
35617,0.039277,104.244.42.0-255,66,407678,76,407849
35618,0.039446,172.31.40.0-255,105,407783,76,407849
35619,0.041931,74.125.130.0-255,66,407849,76,407849
35620,0.0,172.217.194.0-255,220,220,76,147537
35621,2.2e-05,172.31.40.0-255,66,286,76,147537
35622,2.9e-05,172.217.194.0-255,1484,1770,76,147537
35623,3.4e-05,172.31.40.0-255,66,1836,76,147537
35624,4.1e-05,172.217.194.0-255,4320,6156,76,147537
35625,4.4e-05,172.31.40.0-255,66,6222,76,147537
35626,0.000137,172.31.40.0-255,66,6288,76,147537
35627,0.000333,172.217.194.0-255,4320,10608,76,147537
35628,0.000336,172.31.40.0-255,66,10674,76,147537
35629,0.000357,172.217.194.0-255,7156,17830,76,147537
35630,0.000359,172.31.40.0-255,66,17896,76,147537
35631,0.000373,172.217.194.0-255,2902,20798,76,147537
35632,0.000376,172.31.40.0-255,66,20864,76,147537
35633,0.000663,172.217.194.0-255,3961,24825,76,147537
35634,0.000667,172.31.40.0-255,66,24891,76,147537
35635,0.00076,172.217.194.0-255,2902,27793,76,147537
35636,0.000762,172.31.40.0-255,66,27859,76,147537
35637,0.000795,172.31.40.0-255,66,27925,76,147537
35638,0.001206,172.217.194.0-255,1484,29409,76,147537
35639,0.001208,172.31.40.0-255,66,29475,76,147537
35640,0.001238,172.31.40.0-255,66,29541,76,147537
35641,0.001476,172.217.194.0-255,2902,32443,76,147537
35642,0.001479,172.31.40.0-255,66,32509,76,147537
35643,0.001529,172.31.40.0-255,66,32575,76,147537
35644,0.001548,172.217.194.0-255,1952,34527,76,147537
35645,0.00155,172.31.40.0-255,66,34593,76,147537
35646,0.002254,172.217.194.0-255,2902,37495,76,147537
35647,0.002258,172.31.40.0-255,66,37561,76,147537
35648,0.002274,172.217.194.0-255,4320,41881,76,147537
35649,0.00234,172.217.194.0-255,2184,44065,76,147537
35650,0.003125,172.31.40.0-255,66,44131,76,147537
35651,0.005735,172.217.194.0-255,5738,49869,76,147537
35652,0.005743,172.31.40.0-255,66,49935,76,147537
35653,0.008338,172.217.194.0-255,5738,55673,76,147537
35654,0.008346,172.31.40.0-255,66,55739,76,147537
35655,0.010946,172.217.194.0-255,5738,61477,76,147537
35656,0.010953,172.31.40.0-255,66,61543,76,147537
35657,0.013597,172.217.194.0-255,5738,67281,76,147537
35658,0.013606,172.31.40.0-255,66,67347,76,147537
35659,0.016254,172.217.194.0-255,5738,73085,76,147537
35660,0.016648,172.31.40.0-255,66,73151,76,147537
35661,0.019259,172.217.194.0-255,5738,78889,76,147537
35662,0.019271,172.31.40.0-255,66,78955,76,147537
35663,0.021897,172.217.194.0-255,5738,84693,76,147537
35664,0.021906,172.31.40.0-255,66,84759,76,147537
35665,0.024538,172.217.194.0-255,5738,90497,76,147537
35666,0.024547,172.31.40.0-255,66,90563,76,147537
35667,0.027184,172.217.194.0-255,5738,96301,76,147537
35668,0.027197,172.31.40.0-255,66,96367,76,147537
35669,0.029833,172.217.194.0-255,5738,102105,76,147537
35670,0.02984,172.31.40.0-255,66,102171,76,147537
35671,0.031435,172.31.40.0-255,172,102343,76,147537
35672,0.03147,172.31.40.0-255,1110,103453,76,147537
35673,0.031531,172.31.40.0-255,1514,104967,76,147537
35674,0.031533,172.31.40.0-255,1306,106273,76,147537
35675,0.032474,172.217.194.0-255,5738,112011,76,147537
35676,0.032482,172.31.40.0-255,66,112077,76,147537
35677,0.033015,104.244.42.0-255,66,112143,76,147537
35678,0.033022,104.244.42.0-255,66,112209,76,147537
35679,0.033156,104.244.42.0-255,66,112275,76,147537
35680,0.034103,104.244.42.0-255,108,112383,76,147537
35681,0.034114,172.31.40.0-255,66,112449,76,147537
35682,0.035073,172.217.194.0-255,2902,115351,76,147537
35683,0.035078,172.31.40.0-255,66,115417,76,147537
35684,0.035095,172.217.194.0-255,2902,118319,76,147537
35685,0.035121,172.31.40.0-255,66,118385,76,147537
35686,0.037725,172.217.194.0-255,2902,121287,76,147537
35687,0.037732,172.31.40.0-255,66,121353,76,147537
35688,0.037753,172.217.194.0-255,2902,124255,76,147537
35689,0.037781,172.31.40.0-255,66,124321,76,147537
35690,0.040375,172.217.194.0-255,5738,130059,76,147537
35691,0.040416,172.31.40.0-255,66,130125,76,147537
35692,0.043014,172.217.194.0-255,5738,135863,76,147537
35693,0.043022,172.31.40.0-255,66,135929,76,147537
35694,0.045631,172.217.194.0-255,5738,141667,76,147537
35695,0.045638,172.31.40.0-255,66,141733,76,147537
35696,0.048244,172.217.194.0-255,5738,147471,76,147537
35697,0.048251,172.31.40.0-255,66,147537,76,147537
35698,0.0,74.125.68.0-255,153,153,76,277783
35699,2.1e-05,172.31.40.0-255,66,219,76,277783
35700,2.9e-05,74.125.68.0-255,1484,1703,76,277783
35701,3.5e-05,172.31.40.0-255,66,1769,76,277783
35702,4e-05,74.125.68.0-255,2902,4671,76,277783
35703,4.4e-05,172.31.40.0-255,66,4737,76,277783
35704,5.2e-05,74.125.68.0-255,7156,11893,76,277783
35705,5.6e-05,172.31.40.0-255,66,11959,76,277783
35706,6e-05,74.125.68.0-255,2109,14068,76,277783
35707,6.4e-05,172.31.40.0-255,66,14134,76,277783
35708,6.8e-05,74.125.68.0-255,2902,17036,76,277783
35709,7.1e-05,172.31.40.0-255,66,17102,76,277783
35710,7.4e-05,74.125.68.0-255,1484,18586,76,277783
35711,7.6e-05,172.31.40.0-255,66,18652,76,277783
35712,0.000102,74.125.68.0-255,5738,24390,76,277783
35713,0.000106,172.31.40.0-255,66,24456,76,277783
35714,0.000112,74.125.68.0-255,5738,30194,76,277783
35715,0.000115,172.31.40.0-255,66,30260,76,277783
35716,0.000138,74.125.68.0-255,1125,31385,76,277783
35717,0.000141,172.31.40.0-255,66,31451,76,277783
35718,0.00024,74.125.68.0-255,1484,32935,76,277783
35719,0.000244,172.31.40.0-255,66,33001,76,277783
35720,0.000249,74.125.68.0-255,1484,34485,76,277783
35721,0.000251,172.31.40.0-255,66,34551,76,277783
35722,0.000269,74.125.68.0-255,2902,37453,76,277783
35723,0.000272,172.31.40.0-255,66,37519,76,277783
35724,0.000275,74.125.68.0-255,1484,39003,76,277783
35725,0.000277,172.31.40.0-255,66,39069,76,277783
35726,0.000303,74.125.68.0-255,4320,43389,76,277783
35727,0.000307,172.31.40.0-255,66,43455,76,277783
35728,0.000312,74.125.68.0-255,4320,47775,76,277783
35729,0.000314,172.31.40.0-255,66,47841,76,277783
35730,0.00032,74.125.68.0-255,4320,52161,76,277783
35731,0.000322,172.31.40.0-255,66,52227,76,277783
35732,0.000344,74.125.68.0-255,1125,53352,76,277783
35733,0.000351,74.125.68.0-255,5738,59090,76,277783
35734,0.000354,172.31.40.0-255,66,59156,76,277783
35735,0.000374,74.125.68.0-255,4320,63476,76,277783
35736,0.000377,172.31.40.0-255,66,63542,76,277783
35737,0.000397,74.125.68.0-255,2896,66438,76,277783
35738,0.0004,172.31.40.0-255,66,66504,76,277783
35739,0.000446,74.125.68.0-255,333,66837,76,277783
35740,0.000552,74.125.68.0-255,1484,68321,76,277783
35741,0.000557,172.31.40.0-255,66,68387,76,277783
35742,0.000576,74.125.68.0-255,2902,71289,76,277783
35743,0.000579,172.31.40.0-255,66,71355,76,277783
35744,0.000606,74.125.68.0-255,5738,77093,76,277783
35745,0.000609,172.31.40.0-255,66,77159,76,277783
35746,0.000614,74.125.68.0-255,2902,80061,76,277783
35747,0.000616,172.31.40.0-255,66,80127,76,277783
35748,0.000622,74.125.68.0-255,4320,84447,76,277783
35749,0.000624,172.31.40.0-255,66,84513,76,277783
35750,0.000657,172.31.40.0-255,66,84579,76,277783
35751,0.000694,74.125.68.0-255,5738,90317,76,277783
35752,0.000696,172.31.40.0-255,66,90383,76,277783
35753,0.00071,74.125.68.0-255,1484,91867,76,277783
35754,0.000714,74.125.68.0-255,766,92633,76,277783
35755,0.000716,172.31.40.0-255,66,92699,76,277783
35756,0.001309,74.125.68.0-255,1484,94183,76,277783
35757,0.001314,74.125.68.0-255,1484,95667,76,277783
35758,0.001318,172.31.40.0-255,66,95733,76,277783
35759,0.001344,74.125.68.0-255,1484,97217,76,277783
35760,0.00135,74.125.68.0-255,5738,102955,76,277783
35761,0.001353,172.31.40.0-255,66,103021,76,277783
35762,0.001382,172.31.40.0-255,66,103087,76,277783
35763,0.001392,172.31.40.0-255,66,103153,76,277783
35764,0.001411,74.125.68.0-255,1484,104637,76,277783
35765,0.001417,74.125.68.0-255,5020,109657,76,277783
35766,0.00142,172.31.40.0-255,66,109723,76,277783
35767,0.001553,74.125.68.0-255,1484,111207,76,277783
35768,0.001574,74.125.68.0-255,2902,114109,76,277783
35769,0.001577,172.31.40.0-255,66,114175,76,277783
35770,0.00159,74.125.68.0-255,1484,115659,76,277783
35771,0.001606,74.125.68.0-255,4320,119979,76,277783
35772,0.001608,172.31.40.0-255,66,120045,76,277783
35773,0.001615,74.125.68.0-255,5738,125783,76,277783
35774,0.001618,172.31.40.0-255,66,125849,76,277783
35775,0.001639,74.125.68.0-255,7156,133005,76,277783
35776,0.001642,172.31.40.0-255,66,133071,76,277783
35777,0.001664,74.125.68.0-255,1484,134555,76,277783
35778,0.001687,172.31.40.0-255,66,134621,76,277783
35779,0.002196,74.125.68.0-255,1484,136105,76,277783
35780,0.002214,74.125.68.0-255,2902,139007,76,277783
35781,0.002218,172.31.40.0-255,66,139073,76,277783
35782,0.002222,74.125.68.0-255,1484,140557,76,277783
35783,0.002244,74.125.68.0-255,2902,143459,76,277783
35784,0.002247,172.31.40.0-255,66,143525,76,277783
35785,0.002253,74.125.68.0-255,5738,149263,76,277783
35786,0.002255,172.31.40.0-255,66,149329,76,277783
35787,0.00229,74.125.68.0-255,7156,156485,76,277783
35788,0.002293,172.31.40.0-255,66,156551,76,277783
35789,0.002309,74.125.68.0-255,2902,159453,76,277783
35790,0.002311,172.31.40.0-255,66,159519,76,277783
35791,0.002339,74.125.68.0-255,5738,165257,76,277783
35792,0.002341,172.31.40.0-255,66,165323,76,277783
35793,0.002347,74.125.68.0-255,3602,168925,76,277783
35794,0.002349,172.31.40.0-255,66,168991,76,277783
35795,0.004827,74.125.68.0-255,5738,174729,76,277783
35796,0.004834,172.31.40.0-255,66,174795,76,277783
35797,0.007315,74.125.68.0-255,5738,180533,76,277783
35798,0.007322,172.31.40.0-255,66,180599,76,277783
35799,0.009813,74.125.68.0-255,5738,186337,76,277783
35800,0.009821,172.31.40.0-255,66,186403,76,277783
35801,0.012316,74.125.68.0-255,5738,192141,76,277783
35802,0.012326,172.31.40.0-255,66,192207,76,277783
35803,0.014812,74.125.68.0-255,5738,197945,76,277783
35804,0.014821,172.31.40.0-255,66,198011,76,277783
35805,0.017315,74.125.68.0-255,5738,203749,76,277783
35806,0.017325,172.31.40.0-255,66,203815,76,277783
35807,0.019813,74.125.68.0-255,5738,209553,76,277783
35808,0.019828,172.31.40.0-255,66,209619,76,277783
35809,0.022365,74.125.68.0-255,5738,215357,76,277783
35810,0.022378,172.31.40.0-255,66,215423,76,277783
35811,0.024888,74.125.68.0-255,5738,221161,76,277783
35812,0.024905,172.31.40.0-255,66,221227,76,277783
35813,0.02744,74.125.68.0-255,5738,226965,76,277783
35814,0.02746,172.31.40.0-255,66,227031,76,277783
35815,0.02997,74.125.68.0-255,5738,232769,76,277783
35816,0.029986,172.31.40.0-255,66,232835,76,277783
35817,0.032495,74.125.68.0-255,5738,238573,76,277783
35818,0.032513,172.31.40.0-255,66,238639,76,277783
35819,0.035036,74.125.68.0-255,5738,244377,76,277783
35820,0.035058,172.31.40.0-255,66,244443,76,277783
35821,0.03761,74.125.68.0-255,5738,250181,76,277783
35822,0.037628,172.31.40.0-255,66,250247,76,277783
35823,0.040135,74.125.68.0-255,5738,255985,76,277783
35824,0.04016,172.31.40.0-255,66,256051,76,277783
35825,0.042668,74.125.68.0-255,5738,261789,76,277783
35826,0.042676,172.31.40.0-255,66,261855,76,277783
35827,0.043616,172.31.40.0-255,192,262047,76,277783
35828,0.043649,172.31.40.0-255,1109,263156,76,277783
35829,0.043725,172.31.40.0-255,1514,264670,76,277783
35830,0.043727,172.31.40.0-255,1307,265977,76,277783
35831,0.045167,104.244.42.0-255,66,266043,76,277783
35832,0.045177,74.125.68.0-255,5738,271781,76,277783
35833,0.045182,172.31.40.0-255,66,271847,76,277783
35834,0.045224,104.244.42.0-255,66,271913,76,277783
35835,0.045303,104.244.42.0-255,66,271979,76,277783
35836,0.047705,74.125.68.0-255,5738,277717,76,277783
35837,0.047727,172.31.40.0-255,66,277783,76,277783
35838,0.0,74.125.24.0-255,153,153,76,170747
35839,2.2e-05,172.31.40.0-255,66,219,76,170747
35840,2.9e-05,74.125.24.0-255,1484,1703,76,170747
35841,3.3e-05,172.31.40.0-255,66,1769,76,170747
35842,3.9e-05,74.125.24.0-255,2902,4671,76,170747
35843,4.2e-05,172.31.40.0-255,66,4737,76,170747
35844,5.5e-05,74.125.24.0-255,7156,11893,76,170747
35845,5.9e-05,172.31.40.0-255,66,11959,76,170747
35846,0.000101,172.31.40.0-255,66,12025,76,170747
35847,0.000129,74.125.24.0-255,1484,13509,76,170747
35848,0.000131,172.31.40.0-255,66,13575,76,170747
35849,0.000154,74.125.24.0-255,5379,18954,76,170747
35850,0.000157,172.31.40.0-255,66,19020,76,170747
35851,0.000178,74.125.24.0-255,7156,26176,76,170747
35852,0.000181,172.31.40.0-255,66,26242,76,170747
35853,0.00019,172.31.40.0-255,66,26308,76,170747
35854,0.000223,172.31.40.0-255,66,26374,76,170747
35855,0.00025,74.125.24.0-255,4320,30694,76,170747
35856,0.000252,172.31.40.0-255,66,30760,76,170747
35857,0.000255,74.125.24.0-255,766,31526,76,170747
35858,0.000256,172.31.40.0-255,66,31592,76,170747
35859,0.0003,74.125.24.0-255,424,32016,76,170747
35860,0.000302,172.31.40.0-255,66,32082,76,170747
35861,0.000403,74.125.24.0-255,1484,33566,76,170747
35862,0.000407,172.31.40.0-255,66,33632,76,170747
35863,0.000412,74.125.24.0-255,2902,36534,76,170747
35864,0.000414,172.31.40.0-255,66,36600,76,170747
35865,0.000445,74.125.24.0-255,5738,42338,76,170747
35866,0.000447,172.31.40.0-255,66,42404,76,170747
35867,0.000458,172.31.40.0-255,66,42470,76,170747
35868,0.000484,74.125.24.0-255,5738,48208,76,170747
35869,0.000487,172.31.40.0-255,66,48274,76,170747
35870,0.000523,172.31.40.0-255,66,48340,76,170747
35871,0.000538,172.31.40.0-255,66,48406,76,170747
35872,0.000587,74.125.24.0-255,1484,49890,76,170747
35873,0.000593,74.125.24.0-255,2902,52792,76,170747
35874,0.000596,172.31.40.0-255,66,52858,76,170747
35875,0.000632,74.125.24.0-255,5738,58596,76,170747
35876,0.000635,172.31.40.0-255,66,58662,76,170747
35877,0.000646,172.31.40.0-255,66,58728,76,170747
35878,0.000711,172.31.40.0-255,66,58794,76,170747
35879,0.000744,74.125.24.0-255,1484,60278,76,170747
35880,0.000749,74.125.24.0-255,2902,63180,76,170747
35881,0.000752,172.31.40.0-255,66,63246,76,170747
35882,0.000758,74.125.24.0-255,5738,68984,76,170747
35883,0.000761,172.31.40.0-255,66,69050,76,170747
35884,0.000764,74.125.24.0-255,1484,70534,76,170747
35885,0.00081,172.31.40.0-255,66,70600,76,170747
35886,0.000819,74.125.24.0-255,7156,77756,76,170747
35887,0.000822,172.31.40.0-255,66,77822,76,170747
35888,0.000849,74.125.24.0-255,3602,81424,76,170747
35889,0.000852,172.31.40.0-255,66,81490,76,170747
35890,0.000896,74.125.24.0-255,1484,82974,76,170747
35891,0.0009,74.125.24.0-255,1484,84458,76,170747
35892,0.000902,172.31.40.0-255,66,84524,76,170747
35893,0.000934,74.125.24.0-255,1484,86008,76,170747
35894,0.000941,74.125.24.0-255,5738,91746,76,170747
35895,0.000944,172.31.40.0-255,66,91812,76,170747
35896,0.000951,74.125.24.0-255,7156,98968,76,170747
35897,0.000954,172.31.40.0-255,66,99034,76,170747
35898,0.000994,74.125.24.0-255,7156,106190,76,170747
35899,0.000997,172.31.40.0-255,66,106256,76,170747
35900,0.001034,74.125.24.0-255,7156,113412,76,170747
35901,0.001037,172.31.40.0-255,66,113478,76,170747
35902,0.001051,172.31.40.0-255,66,113544,76,170747
35903,0.001065,172.31.40.0-255,66,113610,76,170747
35904,0.001076,172.31.40.0-255,66,113676,76,170747
35905,0.001132,74.125.24.0-255,1484,115160,76,170747
35906,0.001153,74.125.24.0-255,2902,118062,76,170747
35907,0.001156,172.31.40.0-255,66,118128,76,170747
35908,0.001163,74.125.24.0-255,4320,122448,76,170747
35909,0.001165,172.31.40.0-255,66,122514,76,170747
35910,0.001183,74.125.24.0-255,1484,123998,76,170747
35911,0.001232,172.31.40.0-255,66,124064,76,170747
35912,0.001242,74.125.24.0-255,2184,126248,76,170747
35913,0.001274,172.31.40.0-255,66,126314,76,170747
35914,0.001292,74.125.24.0-255,1484,127798,76,170747
35915,0.001308,74.125.24.0-255,2902,130700,76,170747
35916,0.001314,172.31.40.0-255,66,130766,76,170747
35917,0.001324,74.125.24.0-255,5738,136504,76,170747
35918,0.001358,172.31.40.0-255,66,136570,76,170747
35919,0.001365,74.125.24.0-255,1484,138054,76,170747
35920,0.00139,74.125.24.0-255,4320,142374,76,170747
35921,0.001415,74.125.24.0-255,7156,149530,76,170747
35922,0.00143,172.31.40.0-255,66,149596,76,170747
35923,0.001467,172.31.40.0-255,66,149662,76,170747
35924,0.001498,74.125.24.0-255,2184,151846,76,170747
35925,0.001504,74.125.24.0-255,4320,156166,76,170747
35926,0.001518,172.31.40.0-255,66,156232,76,170747
35927,0.001557,74.125.24.0-255,5020,161252,76,170747
35928,0.001644,74.125.24.0-255,4767,166019,76,170747
35929,0.001649,172.31.40.0-255,66,166085,76,170747
35930,0.001671,74.125.24.0-255,105,166190,76,170747
35931,0.004505,172.31.40.0-255,66,166256,76,170747
35932,0.004537,172.31.40.0-255,105,166361,76,170747
35933,0.007164,74.125.24.0-255,66,166427,76,170747
35934,0.046112,172.31.40.0-255,190,166617,76,170747
35935,0.046145,172.31.40.0-255,1109,167726,76,170747
35936,0.046209,172.31.40.0-255,1514,169240,76,170747
35937,0.046211,172.31.40.0-255,1309,170549,76,170747
35938,0.047601,104.244.42.0-255,66,170615,76,170747
35939,0.047629,104.244.42.0-255,66,170681,76,170747
35940,0.047707,104.244.42.0-255,66,170747,76,170747
35941,0.0,74.125.68.0-255,150,150,76,242877
35942,2.3e-05,172.31.40.0-255,66,216,76,242877
35943,5.8e-05,74.125.68.0-255,1484,1700,76,242877
35944,6.3e-05,172.31.40.0-255,66,1766,76,242877
35945,6.9e-05,74.125.68.0-255,2902,4668,76,242877
35946,7.2e-05,172.31.40.0-255,66,4734,76,242877
35947,8e-05,74.125.68.0-255,5738,10472,76,242877
35948,8.3e-05,172.31.40.0-255,66,10538,76,242877
35949,8.8e-05,74.125.68.0-255,3487,14025,76,242877
35950,9e-05,172.31.40.0-255,66,14091,76,242877
35951,0.000416,74.125.68.0-255,1484,15575,76,242877
35952,0.000423,172.31.40.0-255,66,15641,76,242877
35953,0.000455,74.125.68.0-255,2902,18543,76,242877
35954,0.000458,172.31.40.0-255,66,18609,76,242877
35955,0.000485,74.125.68.0-255,4320,22929,76,242877
35956,0.000488,172.31.40.0-255,66,22995,76,242877
35957,0.000511,74.125.68.0-255,2902,25897,76,242877
35958,0.000514,172.31.40.0-255,66,25963,76,242877
35959,0.000538,74.125.68.0-255,1484,27447,76,242877
35960,0.000541,172.31.40.0-255,66,27513,76,242877
35961,0.00057,74.125.68.0-255,3961,31474,76,242877
35962,0.000574,172.31.40.0-255,66,31540,76,242877
35963,0.000887,74.125.68.0-255,1484,33024,76,242877
35964,0.000893,172.31.40.0-255,66,33090,76,242877
35965,0.000898,74.125.68.0-255,1484,34574,76,242877
35966,0.0009,172.31.40.0-255,66,34640,76,242877
35967,0.00093,74.125.68.0-255,2902,37542,76,242877
35968,0.000933,172.31.40.0-255,66,37608,76,242877
35969,0.000961,74.125.68.0-255,5738,43346,76,242877
35970,0.000964,172.31.40.0-255,66,43412,76,242877
35971,0.000967,74.125.68.0-255,1484,44896,76,242877
35972,0.00097,172.31.40.0-255,66,44962,76,242877
35973,0.000991,74.125.68.0-255,2902,47864,76,242877
35974,0.001002,172.31.40.0-255,66,47930,76,242877
35975,0.001022,74.125.68.0-255,3961,51891,76,242877
35976,0.001027,74.125.68.0-255,4320,56211,76,242877
35977,0.001043,74.125.68.0-255,1484,57695,76,242877
35978,0.001056,74.125.68.0-255,4320,62015,76,242877
35979,0.001079,172.31.40.0-255,66,62081,76,242877
35980,0.001107,74.125.68.0-255,3961,66042,76,242877
35981,0.00112,172.31.40.0-255,66,66108,76,242877
35982,0.001235,74.125.68.0-255,648,66756,76,242877
35983,0.001473,172.31.40.0-255,66,66822,76,242877
35984,0.001649,74.125.68.0-255,1484,68306,76,242877
35985,0.001671,74.125.68.0-255,2902,71208,76,242877
35986,0.001697,74.125.68.0-255,4320,75528,76,242877
35987,0.001713,74.125.68.0-255,1484,77012,76,242877
35988,0.001716,74.125.68.0-255,1484,78496,76,242877
35989,0.001729,74.125.68.0-255,2902,81398,76,242877
35990,0.001757,74.125.68.0-255,4320,85718,76,242877
35991,0.001773,74.125.68.0-255,1484,87202,76,242877
35992,0.001776,74.125.68.0-255,1484,88686,76,242877
35993,0.00178,74.125.68.0-255,2902,91588,76,242877
35994,0.001813,74.125.68.0-255,5738,97326,76,242877
35995,0.001866,74.125.68.0-255,3602,100928,76,242877
35996,0.002157,74.125.68.0-255,1484,102412,76,242877
35997,0.002181,74.125.68.0-255,2902,105314,76,242877
35998,0.002204,74.125.68.0-255,5738,111052,76,242877
35999,0.002206,74.125.68.0-255,1484,112536,76,242877
36000,0.002217,74.125.68.0-255,1484,114020,76,242877
36001,0.002228,74.125.68.0-255,1484,115504,76,242877
36002,0.002244,74.125.68.0-255,4320,119824,76,242877
36003,0.002254,74.125.68.0-255,1484,121308,76,242877
36004,0.002273,74.125.68.0-255,2902,124210,76,242877
36005,0.002296,74.125.68.0-255,4320,128530,76,242877
36006,0.002311,74.125.68.0-255,1484,130014,76,242877
36007,0.002335,74.125.68.0-255,2902,132916,76,242877
36008,0.002361,74.125.68.0-255,2184,135100,76,242877
36009,0.004652,172.31.40.0-255,66,135166,76,242877
36010,0.007253,74.125.68.0-255,5738,140904,76,242877
36011,0.007259,172.31.40.0-255,66,140970,76,242877
36012,0.009853,74.125.68.0-255,5738,146708,76,242877
36013,0.009863,172.31.40.0-255,66,146774,76,242877
36014,0.012471,74.125.68.0-255,5738,152512,76,242877
36015,0.012784,172.31.40.0-255,66,152578,76,242877
36016,0.015394,74.125.68.0-255,5738,158316,76,242877
36017,0.01541,172.31.40.0-255,66,158382,76,242877
36018,0.01801,74.125.68.0-255,5738,164120,76,242877
36019,0.018026,172.31.40.0-255,66,164186,76,242877
36020,0.020648,74.125.68.0-255,5738,169924,76,242877
36021,0.020663,172.31.40.0-255,66,169990,76,242877
36022,0.023259,74.125.68.0-255,5738,175728,76,242877
36023,0.023273,172.31.40.0-255,66,175794,76,242877
36024,0.025913,74.125.68.0-255,5738,181532,76,242877
36025,0.025926,172.31.40.0-255,66,181598,76,242877
36026,0.028531,74.125.68.0-255,5738,187336,76,242877
36027,0.028546,172.31.40.0-255,66,187402,76,242877
36028,0.031148,74.125.68.0-255,5738,193140,76,242877
36029,0.031159,172.31.40.0-255,66,193206,76,242877
36030,0.033753,74.125.68.0-255,5738,198944,76,242877
36031,0.033764,172.31.40.0-255,66,199010,76,242877
36032,0.034666,172.31.40.0-255,167,199177,76,242877
36033,0.034699,172.31.40.0-255,1109,200286,76,242877
36034,0.034768,172.31.40.0-255,1514,201800,76,242877
36035,0.03477,172.31.40.0-255,1514,203314,76,242877
36036,0.034771,172.31.40.0-255,1514,204828,76,242877
36037,0.034776,172.31.40.0-255,1514,206342,76,242877
36038,0.034777,172.31.40.0-255,1513,207855,76,242877
36039,0.036238,104.244.42.0-255,66,207921,76,242877
36040,0.036247,104.244.42.0-255,66,207987,76,242877
36041,0.036361,74.125.68.0-255,5738,213725,76,242877
36042,0.036367,172.31.40.0-255,66,213791,76,242877
36043,0.036415,104.244.42.0-255,66,213857,76,242877
36044,0.038978,74.125.68.0-255,5738,219595,76,242877
36045,0.038985,172.31.40.0-255,66,219661,76,242877
36046,0.041596,74.125.68.0-255,5738,225399,76,242877
36047,0.041618,172.31.40.0-255,66,225465,76,242877
36048,0.044219,74.125.68.0-255,5738,231203,76,242877
36049,0.044233,172.31.40.0-255,66,231269,76,242877
36050,0.046844,74.125.68.0-255,5738,237007,76,242877
36051,0.046852,172.31.40.0-255,66,237073,76,242877
36052,0.049443,74.125.68.0-255,5738,242811,76,242877
36053,0.049453,172.31.40.0-255,66,242877,76,242877
36054,0.0,74.125.24.0-255,212,212,76,318585
36055,1.6e-05,172.31.40.0-255,66,278,76,318585
36056,2.2e-05,74.125.24.0-255,1484,1762,76,318585
36057,2.7e-05,172.31.40.0-255,66,1828,76,318585
36058,3.5e-05,74.125.24.0-255,4320,6148,76,318585
36059,3.9e-05,172.31.40.0-255,66,6214,76,318585
36060,5.5e-05,74.125.24.0-255,4320,10534,76,318585
36061,5.8e-05,172.31.40.0-255,66,10600,76,318585
36062,7.6e-05,74.125.24.0-255,3251,13851,76,318585
36063,7.8e-05,172.31.40.0-255,66,13917,76,318585
36064,0.000274,74.125.24.0-255,1484,15401,76,318585
36065,0.00028,172.31.40.0-255,66,15467,76,318585
36066,0.000285,74.125.24.0-255,2902,18369,76,318585
36067,0.000288,172.31.40.0-255,66,18435,76,318585
36068,0.000294,74.125.24.0-255,5738,24173,76,318585
36069,0.000296,172.31.40.0-255,66,24239,76,318585
36070,0.000299,74.125.24.0-255,1484,25723,76,318585
36071,0.000301,172.31.40.0-255,66,25789,76,318585
36072,0.000326,74.125.24.0-255,4320,30109,76,318585
36073,0.00033,172.31.40.0-255,66,30175,76,318585
36074,0.000382,74.125.24.0-255,1125,31300,76,318585
36075,0.000384,172.31.40.0-255,66,31366,76,318585
36076,0.000478,74.125.24.0-255,1484,32850,76,318585
36077,0.000482,172.31.40.0-255,66,32916,76,318585
36078,0.000487,74.125.24.0-255,2902,35818,76,318585
36079,0.00049,172.31.40.0-255,66,35884,76,318585
36080,0.000517,74.125.24.0-255,2902,38786,76,318585
36081,0.00052,172.31.40.0-255,66,38852,76,318585
36082,0.000544,74.125.24.0-255,2902,41754,76,318585
36083,0.000548,172.31.40.0-255,66,41820,76,318585
36084,0.000555,74.125.24.0-255,6797,48617,76,318585
36085,0.000557,172.31.40.0-255,66,48683,76,318585
36086,0.000579,172.31.40.0-255,66,48749,76,318585
36087,0.000622,74.125.24.0-255,7156,55905,76,318585
36088,0.000626,172.31.40.0-255,66,55971,76,318585
36089,0.000638,74.125.24.0-255,1434,57405,76,318585
36090,0.0008,74.125.24.0-255,113,57518,76,318585
36091,0.000945,74.125.24.0-255,1484,59002,76,318585
36092,0.000949,172.31.40.0-255,66,59068,76,318585
36093,0.000955,74.125.24.0-255,2902,61970,76,318585
36094,0.000957,172.31.40.0-255,66,62036,76,318585
36095,0.000972,74.125.24.0-255,4320,66356,76,318585
36096,0.000974,172.31.40.0-255,66,66422,76,318585
36097,0.000985,74.125.24.0-255,1484,67906,76,318585
36098,0.000997,74.125.24.0-255,2902,70808,76,318585
36099,0.001,172.31.40.0-255,66,70874,76,318585
36100,0.001022,172.31.40.0-255,66,70940,76,318585
36101,0.001034,172.31.40.0-255,66,71006,76,318585
36102,0.001158,74.125.24.0-255,1484,72490,76,318585
36103,0.001172,74.125.24.0-255,1484,73974,76,318585
36104,0.001175,172.31.40.0-255,66,74040,76,318585
36105,0.00118,74.125.24.0-255,2902,76942,76,318585
36106,0.001182,172.31.40.0-255,66,77008,76,318585
36107,0.001187,74.125.24.0-255,2902,79910,76,318585
36108,0.001189,172.31.40.0-255,66,79976,76,318585
36109,0.00121,74.125.24.0-255,2902,82878,76,318585
36110,0.001212,172.31.40.0-255,66,82944,76,318585
36111,0.001218,74.125.24.0-255,4320,87264,76,318585
36112,0.00122,172.31.40.0-255,66,87330,76,318585
36113,0.001223,74.125.24.0-255,1484,88814,76,318585
36114,0.001242,74.125.24.0-255,4320,93134,76,318585
36115,0.001245,172.31.40.0-255,66,93200,76,318585
36116,0.001264,172.31.40.0-255,66,93266,76,318585
36117,0.001289,74.125.24.0-255,2902,96168,76,318585
36118,0.001291,172.31.40.0-255,66,96234,76,318585
36119,0.001294,74.125.24.0-255,766,97000,76,318585
36120,0.001338,74.125.24.0-255,1484,98484,76,318585
36121,0.001343,172.31.40.0-255,66,98550,76,318585
36122,0.001348,74.125.24.0-255,2902,101452,76,318585
36123,0.00135,172.31.40.0-255,66,101518,76,318585
36124,0.001354,74.125.24.0-255,1484,103002,76,318585
36125,0.001371,74.125.24.0-255,4320,107322,76,318585
36126,0.001377,74.125.24.0-255,5738,113060,76,318585
36127,0.00141,74.125.24.0-255,1484,114544,76,318585
36128,0.001414,172.31.40.0-255,66,114610,76,318585
36129,0.001417,172.31.40.0-255,66,114676,76,318585
36130,0.001437,74.125.24.0-255,5738,120414,76,318585
36131,0.00144,172.31.40.0-255,66,120480,76,318585
36132,0.001453,172.31.40.0-255,66,120546,76,318585
36133,0.001487,74.125.24.0-255,7156,127702,76,318585
36134,0.00149,172.31.40.0-255,66,127768,76,318585
36135,0.001514,74.125.24.0-255,4320,132088,76,318585
36136,0.001517,172.31.40.0-255,66,132154,76,318585
36137,0.00153,172.31.40.0-255,66,132220,76,318585
36138,0.001538,74.125.24.0-255,7156,139376,76,318585
36139,0.001541,172.31.40.0-255,66,139442,76,318585
36140,0.001578,74.125.24.0-255,2184,141626,76,318585
36141,0.001581,172.31.40.0-255,66,141692,76,318585
36142,0.001597,74.125.24.0-255,2902,144594,76,318585
36143,0.0016,172.31.40.0-255,66,144660,76,318585
36144,0.001627,74.125.24.0-255,7156,151816,76,318585
36145,0.00163,172.31.40.0-255,66,151882,76,318585
36146,0.001636,74.125.24.0-255,5738,157620,76,318585
36147,0.001638,172.31.40.0-255,66,157686,76,318585
36148,0.001655,74.125.24.0-255,4320,162006,76,318585
36149,0.001657,172.31.40.0-255,66,162072,76,318585
36150,0.001678,172.31.40.0-255,66,162138,76,318585
36151,0.001683,74.125.24.0-255,3602,165740,76,318585
36152,0.001685,172.31.40.0-255,66,165806,76,318585
36153,0.001828,74.125.24.0-255,1484,167290,76,318585
36154,0.001833,74.125.24.0-255,1484,168774,76,318585
36155,0.001836,172.31.40.0-255,66,168840,76,318585
36156,0.001858,74.125.24.0-255,1484,170324,76,318585
36157,0.001865,74.125.24.0-255,5738,176062,76,318585
36158,0.001867,172.31.40.0-255,66,176128,76,318585
36159,0.001872,74.125.24.0-255,4320,180448,76,318585
36160,0.00188,172.31.40.0-255,66,180514,76,318585
36161,0.001907,172.31.40.0-255,66,180580,76,318585
36162,0.001918,172.31.40.0-255,66,180646,76,318585
36163,0.001938,74.125.24.0-255,2184,182830,76,318585
36164,0.00194,172.31.40.0-255,66,182896,76,318585
36165,0.002174,74.125.24.0-255,1484,184380,76,318585
36166,0.00218,74.125.24.0-255,2902,187282,76,318585
36167,0.002183,172.31.40.0-255,66,187348,76,318585
36168,0.002211,74.125.24.0-255,5738,193086,76,318585
36169,0.002214,172.31.40.0-255,66,193152,76,318585
36170,0.002222,74.125.24.0-255,7156,200308,76,318585
36171,0.002224,172.31.40.0-255,66,200374,76,318585
36172,0.002241,74.125.24.0-255,5738,206112,76,318585
36173,0.002243,172.31.40.0-255,66,206178,76,318585
36174,0.002254,172.31.40.0-255,66,206244,76,318585
36175,0.002274,74.125.24.0-255,2184,208428,76,318585
36176,0.002277,172.31.40.0-255,66,208494,76,318585
36177,0.004548,74.125.24.0-255,2902,211396,76,318585
36178,0.004555,172.31.40.0-255,66,211462,76,318585
36179,0.00459,74.125.24.0-255,2902,214364,76,318585
36180,0.004593,172.31.40.0-255,66,214430,76,318585
36181,0.006879,74.125.24.0-255,2902,217332,76,318585
36182,0.006891,172.31.40.0-255,66,217398,76,318585
36183,0.006913,74.125.24.0-255,2902,220300,76,318585
36184,0.006914,172.31.40.0-255,66,220366,76,318585
36185,0.009205,74.125.24.0-255,2902,223268,76,318585
36186,0.009216,172.31.40.0-255,66,223334,76,318585
36187,0.009238,74.125.24.0-255,2902,226236,76,318585
36188,0.00924,172.31.40.0-255,66,226302,76,318585
36189,0.011518,74.125.24.0-255,5738,232040,76,318585
36190,0.011525,172.31.40.0-255,66,232106,76,318585
36191,0.013841,74.125.24.0-255,5738,237844,76,318585
36192,0.013855,172.31.40.0-255,66,237910,76,318585
36193,0.0162,74.125.24.0-255,5738,243648,76,318585
36194,0.016212,172.31.40.0-255,66,243714,76,318585
36195,0.018498,74.125.24.0-255,5738,249452,76,318585
36196,0.018504,172.31.40.0-255,66,249518,76,318585
36197,0.020851,74.125.24.0-255,5738,255256,76,318585
36198,0.020865,172.31.40.0-255,66,255322,76,318585
36199,0.023191,74.125.24.0-255,5738,261060,76,318585
36200,0.023199,172.31.40.0-255,66,261126,76,318585
36201,0.025506,74.125.24.0-255,5738,266864,76,318585
36202,0.025521,172.31.40.0-255,66,266930,76,318585
36203,0.027836,74.125.24.0-255,5738,272668,76,318585
36204,0.027843,172.31.40.0-255,66,272734,76,318585
36205,0.030498,74.125.24.0-255,5738,278472,76,318585
36206,0.030506,172.31.40.0-255,66,278538,76,318585
36207,0.032811,74.125.24.0-255,5738,284276,76,318585
36208,0.032818,172.31.40.0-255,66,284342,76,318585
36209,0.035128,74.125.24.0-255,5738,290080,76,318585
36210,0.035145,172.31.40.0-255,66,290146,76,318585
36211,0.037455,74.125.24.0-255,5738,295884,76,318585
36212,0.037465,172.31.40.0-255,66,295950,76,318585
36213,0.039824,74.125.24.0-255,5738,301688,76,318585
36214,0.039839,172.31.40.0-255,66,301754,76,318585
36215,0.042133,74.125.24.0-255,5738,307492,76,318585
36216,0.042141,172.31.40.0-255,66,307558,76,318585
36217,0.044433,74.125.24.0-255,5738,313296,76,318585
36218,0.044439,172.31.40.0-255,66,313362,76,318585
36219,0.046723,74.125.24.0-255,4986,318348,76,318585
36220,0.046735,172.31.40.0-255,66,318414,76,318585
36221,0.046948,172.31.40.0-255,105,318519,76,318585
36222,0.04923,74.125.24.0-255,66,318585,76,318585
36223,0.0,172.253.118.0-255,146,146,76,237059
36224,2.3e-05,172.31.40.0-255,66,212,76,237059
36225,3e-05,172.253.118.0-255,1484,1696,76,237059
36226,3.5e-05,172.31.40.0-255,66,1762,76,237059
36227,4.8e-05,172.253.118.0-255,2902,4664,76,237059
36228,5.2e-05,172.31.40.0-255,66,4730,76,237059
36229,5.9e-05,172.253.118.0-255,5738,10468,76,237059
36230,6.3e-05,172.31.40.0-255,66,10534,76,237059
36231,6.8e-05,172.253.118.0-255,2902,13436,76,237059
36232,7.1e-05,172.31.40.0-255,66,13502,76,237059
36233,0.000114,172.253.118.0-255,4837,18339,76,237059
36234,0.000117,172.31.40.0-255,66,18405,76,237059
36235,0.000127,172.31.40.0-255,66,18471,76,237059
36236,0.000137,172.253.118.0-255,3961,22432,76,237059
36237,0.000139,172.31.40.0-255,66,22498,76,237059
36238,0.000226,172.253.118.0-255,1484,23982,76,237059
36239,0.00023,172.31.40.0-255,66,24048,76,237059
36240,0.000256,172.253.118.0-255,2902,26950,76,237059
36241,0.000259,172.31.40.0-255,66,27016,76,237059
36242,0.000263,172.253.118.0-255,2902,29918,76,237059
36243,0.000266,172.31.40.0-255,66,29984,76,237059
36244,0.000295,172.253.118.0-255,2902,32886,76,237059
36245,0.000298,172.31.40.0-255,66,32952,76,237059
36246,0.000325,172.253.118.0-255,4320,37272,76,237059
36247,0.000328,172.31.40.0-255,66,37338,76,237059
36248,0.000354,172.253.118.0-255,3961,41299,76,237059
36249,0.000357,172.31.40.0-255,66,41365,76,237059
36250,0.000369,172.31.40.0-255,66,41431,76,237059
36251,0.000381,172.253.118.0-255,6797,48228,76,237059
36252,0.000383,172.31.40.0-255,66,48294,76,237059
36253,0.000386,172.253.118.0-255,399,48693,76,237059
36254,0.000388,172.31.40.0-255,66,48759,76,237059
36255,0.000644,172.253.118.0-255,110,48869,76,237059
36256,0.000649,172.31.40.0-255,66,48935,76,237059
36257,0.000653,172.253.118.0-255,330,49265,76,237059
36258,0.000655,172.31.40.0-255,66,49331,76,237059
36259,0.000936,172.253.118.0-255,1484,50815,76,237059
36260,0.00094,172.31.40.0-255,66,50881,76,237059
36261,0.000988,172.253.118.0-255,2902,53783,76,237059
36262,0.000991,172.31.40.0-255,66,53849,76,237059
36263,0.000997,172.253.118.0-255,5738,59587,76,237059
36264,0.000999,172.31.40.0-255,66,59653,76,237059
36265,0.001009,172.253.118.0-255,4320,63973,76,237059
36266,0.001011,172.31.40.0-255,66,64039,76,237059
36267,0.001023,172.31.40.0-255,66,64105,76,237059
36268,0.001034,172.31.40.0-255,66,64171,76,237059
36269,0.001073,172.31.40.0-255,66,64237,76,237059
36270,0.001076,172.253.118.0-255,1484,65721,76,237059
36271,0.001079,172.31.40.0-255,66,65787,76,237059
36272,0.001121,172.31.40.0-255,66,65853,76,237059
36273,0.001152,172.253.118.0-255,7156,73009,76,237059
36274,0.001155,172.31.40.0-255,66,73075,76,237059
36275,0.001174,172.253.118.0-255,3602,76677,76,237059
36276,0.001177,172.31.40.0-255,66,76743,76,237059
36277,0.001741,172.253.118.0-255,1484,78227,76,237059
36278,0.001756,172.31.40.0-255,66,78293,76,237059
36279,0.001763,172.253.118.0-255,2902,81195,76,237059
36280,0.001766,172.31.40.0-255,66,81261,76,237059
36281,0.001778,172.253.118.0-255,5738,86999,76,237059
36282,0.00178,172.31.40.0-255,66,87065,76,237059
36283,0.001784,172.253.118.0-255,2902,89967,76,237059
36284,0.001786,172.31.40.0-255,66,90033,76,237059
36285,0.001825,172.253.118.0-255,5738,95771,76,237059
36286,0.001828,172.31.40.0-255,66,95837,76,237059
36287,0.001859,172.253.118.0-255,5738,101575,76,237059
36288,0.001862,172.31.40.0-255,66,101641,76,237059
36289,0.001902,172.31.40.0-255,66,101707,76,237059
36290,0.002111,172.253.118.0-255,1484,103191,76,237059
36291,0.002115,172.31.40.0-255,66,103257,76,237059
36292,0.002121,172.253.118.0-255,2902,106159,76,237059
36293,0.002123,172.31.40.0-255,66,106225,76,237059
36294,0.002133,172.253.118.0-255,4320,110545,76,237059
36295,0.002136,172.31.40.0-255,66,110611,76,237059
36296,0.002161,172.253.118.0-255,1484,112095,76,237059
36297,0.002164,172.31.40.0-255,66,112161,76,237059
36298,0.002171,172.253.118.0-255,4320,116481,76,237059
36299,0.002173,172.31.40.0-255,66,116547,76,237059
36300,0.00219,172.31.40.0-255,66,116613,76,237059
36301,0.0022,172.31.40.0-255,66,116679,76,237059
36302,0.004524,172.253.118.0-255,5738,122417,76,237059
36303,0.004532,172.31.40.0-255,66,122483,76,237059
36304,0.006845,172.253.118.0-255,5738,128221,76,237059
36305,0.006848,172.31.40.0-255,66,128287,76,237059
36306,0.009187,172.253.118.0-255,5738,134025,76,237059
36307,0.009194,172.31.40.0-255,66,134091,76,237059
36308,0.011536,172.253.118.0-255,5738,139829,76,237059
36309,0.011545,172.31.40.0-255,66,139895,76,237059
36310,0.013873,172.253.118.0-255,5738,145633,76,237059
36311,0.013882,172.31.40.0-255,66,145699,76,237059
36312,0.016229,172.253.118.0-255,5738,151437,76,237059
36313,0.016238,172.31.40.0-255,66,151503,76,237059
36314,0.018587,172.253.118.0-255,5738,157241,76,237059
36315,0.0186,172.31.40.0-255,66,157307,76,237059
36316,0.020926,172.253.118.0-255,5738,163045,76,237059
36317,0.020933,172.31.40.0-255,66,163111,76,237059
36318,0.023303,172.253.118.0-255,5738,168849,76,237059
36319,0.023311,172.31.40.0-255,66,168915,76,237059
36320,0.02565,172.253.118.0-255,5738,174653,76,237059
36321,0.025659,172.31.40.0-255,66,174719,76,237059
36322,0.027996,172.253.118.0-255,5738,180457,76,237059
36323,0.028004,172.31.40.0-255,66,180523,76,237059
36324,0.029633,172.31.40.0-255,172,180695,76,237059
36325,0.029657,172.31.40.0-255,1108,181803,76,237059
36326,0.029702,172.31.40.0-255,1514,183317,76,237059
36327,0.029704,172.31.40.0-255,1308,184625,76,237059
36328,0.030326,172.253.118.0-255,5738,190363,76,237059
36329,0.030332,172.31.40.0-255,66,190429,76,237059
36330,0.031217,104.244.42.0-255,66,190495,76,237059
36331,0.03124,104.244.42.0-255,66,190561,76,237059
36332,0.031257,104.244.42.0-255,66,190627,76,237059
36333,0.032662,172.253.118.0-255,5738,196365,76,237059
36334,0.032668,172.31.40.0-255,66,196431,76,237059
36335,0.034999,172.253.118.0-255,5738,202169,76,237059
36336,0.035004,172.31.40.0-255,66,202235,76,237059
36337,0.03732,172.253.118.0-255,5738,207973,76,237059
36338,0.037327,172.31.40.0-255,66,208039,76,237059
36339,0.039655,172.253.118.0-255,5738,213777,76,237059
36340,0.039662,172.31.40.0-255,66,213843,76,237059
36341,0.041996,172.253.118.0-255,5738,219581,76,237059
36342,0.042004,172.31.40.0-255,66,219647,76,237059
36343,0.044345,172.253.118.0-255,5738,225385,76,237059
36344,0.044355,172.31.40.0-255,66,225451,76,237059
36345,0.046692,172.253.118.0-255,5738,231189,76,237059
36346,0.0467,172.31.40.0-255,66,231255,76,237059
36347,0.04904,172.253.118.0-255,5738,236993,76,237059
36348,0.049051,172.31.40.0-255,66,237059,76,237059
36349,0.0,172.217.194.0-255,146,146,76,217938
36350,2.4e-05,172.31.40.0-255,66,212,76,217938
36351,3.1e-05,172.217.194.0-255,1484,1696,76,217938
36352,3.6e-05,172.31.40.0-255,66,1762,76,217938
36353,4.1e-05,172.217.194.0-255,2902,4664,76,217938
36354,5.3e-05,172.31.40.0-255,66,4730,76,217938
36355,5.9e-05,172.217.194.0-255,5738,10468,76,217938
36356,6.2e-05,172.31.40.0-255,66,10534,76,217938
36357,7.6e-05,172.31.40.0-255,66,10600,76,217938
36358,8.3e-05,172.217.194.0-255,7156,17756,76,217938
36359,8.5e-05,172.31.40.0-255,66,17822,76,217938
36360,0.000114,172.217.194.0-255,2543,20365,76,217938
36361,0.000117,172.31.40.0-255,66,20431,76,217938
36362,0.000286,172.217.194.0-255,1484,21915,76,217938
36363,0.000291,172.31.40.0-255,66,21981,76,217938
36364,0.000295,172.217.194.0-255,1484,23465,76,217938
36365,0.000298,172.31.40.0-255,66,23531,76,217938
36366,0.000319,172.217.194.0-255,1484,25015,76,217938
36367,0.000321,172.31.40.0-255,66,25081,76,217938
36368,0.000328,172.217.194.0-255,5738,30819,76,217938
36369,0.00033,172.31.40.0-255,66,30885,76,217938
36370,0.000337,172.217.194.0-255,6797,37682,76,217938
36371,0.000339,172.31.40.0-255,66,37748,76,217938
36372,0.000621,172.31.40.0-255,101,37849,76,217938
36373,0.000895,172.217.194.0-255,1484,39333,76,217938
36374,0.000902,172.217.194.0-255,2902,42235,76,217938
36375,0.000906,172.31.40.0-255,66,42301,76,217938
36376,0.00091,172.217.194.0-255,2902,45203,76,217938
36377,0.000912,172.31.40.0-255,66,45269,76,217938
36378,0.000933,172.217.194.0-255,2902,48171,76,217938
36379,0.00094,172.31.40.0-255,66,48237,76,217938
36380,0.000945,172.217.194.0-255,2902,51139,76,217938
36381,0.000947,172.31.40.0-255,66,51205,76,217938
36382,0.00098,172.217.194.0-255,3961,55166,76,217938
36383,0.000983,172.31.40.0-255,66,55232,76,217938
36384,0.002004,172.217.194.0-255,367,55599,76,217938
36385,0.002036,172.217.194.0-255,1484,57083,76,217938
36386,0.002041,172.31.40.0-255,66,57149,76,217938
36387,0.002049,172.217.194.0-255,4320,61469,76,217938
36388,0.002051,172.31.40.0-255,66,61535,76,217938
36389,0.002088,172.31.40.0-255,66,61601,76,217938
36390,0.00211,172.217.194.0-255,1125,62726,76,217938
36391,0.002362,172.217.194.0-255,1484,64210,76,217938
36392,0.002364,172.31.40.0-255,66,64276,76,217938
36393,0.002393,172.217.194.0-255,2902,67178,76,217938
36394,0.002395,172.31.40.0-255,66,67244,76,217938
36395,0.002401,172.217.194.0-255,5738,72982,76,217938
36396,0.002403,172.31.40.0-255,66,73048,76,217938
36397,0.002407,172.217.194.0-255,2902,75950,76,217938
36398,0.002409,172.31.40.0-255,66,76016,76,217938
36399,0.002438,172.31.40.0-255,66,76082,76,217938
36400,0.002453,172.31.40.0-255,66,76148,76,217938
36401,0.002537,172.217.194.0-255,1484,77632,76,217938
36402,0.002541,172.217.194.0-255,2902,80534,76,217938
36403,0.002543,172.31.40.0-255,66,80600,76,217938
36404,0.002546,172.217.194.0-255,1484,82084,76,217938
36405,0.002574,172.217.194.0-255,4320,86404,76,217938
36406,0.002576,172.31.40.0-255,66,86470,76,217938
36407,0.002583,172.217.194.0-255,5738,92208,76,217938
36408,0.002586,172.31.40.0-255,66,92274,76,217938
36409,0.002604,172.217.194.0-255,4320,96594,76,217938
36410,0.00261,172.31.40.0-255,66,96660,76,217938
36411,0.002641,172.217.194.0-255,1484,98144,76,217938
36412,0.002659,172.217.194.0-255,5738,103882,76,217938
36413,0.002662,172.31.40.0-255,66,103948,76,217938
36414,0.002696,172.217.194.0-255,6438,110386,76,217938
36415,0.002699,172.31.40.0-255,66,110452,76,217938
36416,0.003172,172.217.194.0-255,66,110518,76,217938
36417,0.005305,172.217.194.0-255,4320,114838,76,217938
36418,0.005309,172.31.40.0-255,66,114904,76,217938
36419,0.005332,172.217.194.0-255,1484,116388,76,217938
36420,0.007886,172.217.194.0-255,4320,120708,76,217938
36421,0.007893,172.31.40.0-255,66,120774,76,217938
36422,0.010493,172.217.194.0-255,5738,126512,76,217938
36423,0.010502,172.31.40.0-255,66,126578,76,217938
36424,0.013091,172.217.194.0-255,5738,132316,76,217938
36425,0.0131,172.31.40.0-255,66,132382,76,217938
36426,0.015691,172.217.194.0-255,5738,138120,76,217938
36427,0.015703,172.31.40.0-255,66,138186,76,217938
36428,0.01828,172.217.194.0-255,5738,143924,76,217938
36429,0.018288,172.31.40.0-255,66,143990,76,217938
36430,0.020869,172.217.194.0-255,5738,149728,76,217938
36431,0.020877,172.31.40.0-255,66,149794,76,217938
36432,0.023505,172.217.194.0-255,5738,155532,76,217938
36433,0.023515,172.31.40.0-255,66,155598,76,217938
36434,0.026096,172.217.194.0-255,5738,161336,76,217938
36435,0.026104,172.31.40.0-255,66,161402,76,217938
36436,0.027153,172.31.40.0-255,172,161574,76,217938
36437,0.027184,172.31.40.0-255,1110,162684,76,217938
36438,0.027241,172.31.40.0-255,1514,164198,76,217938
36439,0.027243,172.31.40.0-255,1306,165504,76,217938
36440,0.028698,104.244.42.0-255,66,165570,76,217938
36441,0.028728,172.217.194.0-255,5738,171308,76,217938
36442,0.028733,172.31.40.0-255,66,171374,76,217938
36443,0.028773,104.244.42.0-255,66,171440,76,217938
36444,0.028776,104.244.42.0-255,66,171506,76,217938
36445,0.031374,172.217.194.0-255,5738,177244,76,217938
36446,0.031381,172.31.40.0-255,66,177310,76,217938
36447,0.033958,172.217.194.0-255,5738,183048,76,217938
36448,0.033967,172.31.40.0-255,66,183114,76,217938
36449,0.036566,172.217.194.0-255,5738,188852,76,217938
36450,0.036572,172.31.40.0-255,66,188918,76,217938
36451,0.039181,172.217.194.0-255,5738,194656,76,217938
36452,0.039188,172.31.40.0-255,66,194722,76,217938
36453,0.041782,172.217.194.0-255,5738,200460,76,217938
36454,0.041788,172.31.40.0-255,66,200526,76,217938
36455,0.044381,172.217.194.0-255,5738,206264,76,217938
36456,0.044387,172.31.40.0-255,66,206330,76,217938
36457,0.046986,172.217.194.0-255,5738,212068,76,217938
36458,0.046992,172.31.40.0-255,66,212134,76,217938
36459,0.049591,172.217.194.0-255,5738,217872,76,217938
36460,0.04961,172.31.40.0-255,66,217938,76,217938
36461,0.0,172.217.194.0-255,152,152,76,263955
36462,2.3e-05,172.31.40.0-255,66,218,76,263955
36463,3e-05,172.217.194.0-255,1484,1702,76,263955
36464,3.5e-05,172.31.40.0-255,66,1768,76,263955
36465,4.1e-05,172.217.194.0-255,2902,4670,76,263955
36466,4.5e-05,172.31.40.0-255,66,4736,76,263955
36467,5.2e-05,172.217.194.0-255,7156,11892,76,263955
36468,5.5e-05,172.31.40.0-255,66,11958,76,263955
36469,5.9e-05,172.217.194.0-255,2012,13970,76,263955
36470,6.2e-05,172.31.40.0-255,66,14036,76,263955
36471,0.000105,172.217.194.0-255,2902,16938,76,263955
36472,0.000109,172.31.40.0-255,66,17004,76,263955
36473,0.000114,172.217.194.0-255,2902,19906,76,263955
36474,0.000116,172.31.40.0-255,66,19972,76,263955
36475,0.000129,172.217.194.0-255,1484,21456,76,263955
36476,0.000132,172.31.40.0-255,66,21522,76,263955
36477,0.000154,172.217.194.0-255,7156,28678,76,263955
36478,0.000156,172.31.40.0-255,66,28744,76,263955
36479,0.000172,172.217.194.0-255,1484,30228,76,263955
36480,0.000174,172.31.40.0-255,66,30294,76,263955
36481,0.000186,172.31.40.0-255,66,30360,76,263955
36482,0.000218,172.217.194.0-255,4320,34680,76,263955
36483,0.000221,172.31.40.0-255,66,34746,76,263955
36484,0.000236,172.217.194.0-255,3961,38707,76,263955
36485,0.000238,172.31.40.0-255,66,38773,76,263955
36486,0.000387,172.217.194.0-255,1484,40257,76,263955
36487,0.000392,172.31.40.0-255,66,40323,76,263955
36488,0.000397,172.217.194.0-255,2902,43225,76,263955
36489,0.000399,172.31.40.0-255,66,43291,76,263955
36490,0.000404,172.217.194.0-255,2902,46193,76,263955
36491,0.000406,172.31.40.0-255,66,46259,76,263955
36492,0.000423,172.217.194.0-255,2902,49161,76,263955
36493,0.000426,172.31.40.0-255,66,49227,76,263955
36494,0.000432,172.217.194.0-255,6797,56024,76,263955
36495,0.000435,172.31.40.0-255,66,56090,76,263955
36496,0.000484,172.217.194.0-255,378,56468,76,263955
36497,0.000627,172.217.194.0-255,365,56833,76,263955
36498,0.001124,172.217.194.0-255,1484,58317,76,263955
36499,0.001129,172.31.40.0-255,66,58383,76,263955
36500,0.001134,172.217.194.0-255,2902,61285,76,263955
36501,0.001136,172.31.40.0-255,66,61351,76,263955
36502,0.001143,172.217.194.0-255,5738,67089,76,263955
36503,0.001145,172.31.40.0-255,66,67155,76,263955
36504,0.00119,172.217.194.0-255,6797,73952,76,263955
36505,0.001194,172.31.40.0-255,66,74018,76,263955
36506,0.001375,172.217.194.0-255,1484,75502,76,263955
36507,0.001381,172.217.194.0-255,2902,78404,76,263955
36508,0.001385,172.31.40.0-255,66,78470,76,263955
36509,0.001391,172.217.194.0-255,5738,84208,76,263955
36510,0.001393,172.31.40.0-255,66,84274,76,263955
36511,0.001414,172.217.194.0-255,4320,88594,76,263955
36512,0.001416,172.31.40.0-255,66,88660,76,263955
36513,0.001443,172.31.40.0-255,66,88726,76,263955
36514,0.001453,172.31.40.0-255,66,88792,76,263955
36515,0.001471,172.217.194.0-255,2184,90976,76,263955
36516,0.001475,172.31.40.0-255,66,91042,76,263955
36517,0.001599,172.217.194.0-255,1484,92526,76,263955
36518,0.001605,172.217.194.0-255,2902,95428,76,263955
36519,0.001608,172.31.40.0-255,66,95494,76,263955
36520,0.001615,172.217.194.0-255,5738,101232,76,263955
36521,0.001617,172.31.40.0-255,66,101298,76,263955
36522,0.001638,172.217.194.0-255,4320,105618,76,263955
36523,0.001641,172.31.40.0-255,66,105684,76,263955
36524,0.00166,172.217.194.0-255,2543,108227,76,263955
36525,0.001662,172.31.40.0-255,66,108293,76,263955
36526,0.001692,172.217.194.0-255,5738,114031,76,263955
36527,0.001695,172.31.40.0-255,66,114097,76,263955
36528,0.0017,172.217.194.0-255,4320,118417,76,263955
36529,0.001703,172.31.40.0-255,66,118483,76,263955
36530,0.001716,172.217.194.0-255,2902,121385,76,263955
36531,0.001718,172.31.40.0-255,66,121451,76,263955
36532,0.001722,172.217.194.0-255,2902,124353,76,263955
36533,0.001724,172.31.40.0-255,66,124419,76,263955
36534,0.001766,172.31.40.0-255,66,124485,76,263955
36535,0.001773,172.217.194.0-255,6438,130923,76,263955
36536,0.001775,172.31.40.0-255,66,130989,76,263955
36537,0.002147,172.217.194.0-255,1484,132473,76,263955
36538,0.002154,172.217.194.0-255,1484,133957,76,263955
36539,0.002157,172.31.40.0-255,66,134023,76,263955
36540,0.002175,172.217.194.0-255,1484,135507,76,263955
36541,0.002181,172.217.194.0-255,5738,141245,76,263955
36542,0.002184,172.31.40.0-255,66,141311,76,263955
36543,0.002197,172.217.194.0-255,2902,144213,76,263955
36544,0.0022,172.31.40.0-255,66,144279,76,263955
36545,0.002229,172.31.40.0-255,66,144345,76,263955
36546,0.002268,172.217.194.0-255,2902,147247,76,263955
36547,0.002272,172.31.40.0-255,66,147313,76,263955
36548,0.0023,172.31.40.0-255,66,147379,76,263955
36549,0.004652,172.217.194.0-255,4320,151699,76,263955
36550,0.004659,172.31.40.0-255,66,151765,76,263955
36551,0.004677,172.217.194.0-255,1484,153249,76,263955
36552,0.006984,172.217.194.0-255,4320,157569,76,263955
36553,0.006987,172.31.40.0-255,66,157635,76,263955
36554,0.009323,172.217.194.0-255,5738,163373,76,263955
36555,0.00933,172.31.40.0-255,66,163439,76,263955
36556,0.011662,172.217.194.0-255,5738,169177,76,263955
36557,0.01167,172.31.40.0-255,66,169243,76,263955
36558,0.014022,172.217.194.0-255,5738,174981,76,263955
36559,0.01403,172.31.40.0-255,66,175047,76,263955
36560,0.016395,172.217.194.0-255,5738,180785,76,263955
36561,0.016402,172.31.40.0-255,66,180851,76,263955
36562,0.018738,172.217.194.0-255,5738,186589,76,263955
36563,0.018746,172.31.40.0-255,66,186655,76,263955
36564,0.021069,172.217.194.0-255,5738,192393,76,263955
36565,0.021076,172.31.40.0-255,66,192459,76,263955
36566,0.023424,172.217.194.0-255,4320,196779,76,263955
36567,0.02343,172.31.40.0-255,66,196845,76,263955
36568,0.02345,172.217.194.0-255,1484,198329,76,263955
36569,0.025745,172.217.194.0-255,4320,202649,76,263955
36570,0.025761,172.31.40.0-255,66,202715,76,263955
36571,0.028181,172.217.194.0-255,5738,208453,76,263955
36572,0.028194,172.31.40.0-255,66,208519,76,263955
36573,0.030568,172.217.194.0-255,5738,214257,76,263955
36574,0.030584,172.31.40.0-255,66,214323,76,263955
36575,0.032961,172.217.194.0-255,5738,220061,76,263955
36576,0.032978,172.31.40.0-255,66,220127,76,263955
36577,0.033892,172.31.40.0-255,171,220298,76,263955
36578,0.033924,172.31.40.0-255,1129,221427,76,263955
36579,0.033981,172.31.40.0-255,1514,222941,76,263955
36580,0.033983,172.31.40.0-255,320,223261,76,263955
36581,0.035378,172.217.194.0-255,5738,228999,76,263955
36582,0.035385,172.31.40.0-255,66,229065,76,263955
36583,0.036159,104.244.42.0-255,66,229131,76,263955
36584,0.037706,172.217.194.0-255,5738,234869,76,263955
36585,0.037719,172.31.40.0-255,66,234935,76,263955
36586,0.040092,172.217.194.0-255,5738,240673,76,263955
36587,0.040105,172.31.40.0-255,66,240739,76,263955
36588,0.042446,172.217.194.0-255,5738,246477,76,263955
36589,0.042462,172.31.40.0-255,66,246543,76,263955
36590,0.044813,172.217.194.0-255,5738,252281,76,263955
36591,0.044831,172.31.40.0-255,66,252347,76,263955
36592,0.04716,172.217.194.0-255,5738,258085,76,263955
36593,0.047172,172.31.40.0-255,66,258151,76,263955
36594,0.049565,172.217.194.0-255,5738,263889,76,263955
36595,0.049582,172.31.40.0-255,66,263955,76,263955
36596,0.0,74.125.200.0-255,146,146,76,287563
36597,2.4e-05,172.31.40.0-255,66,212,76,287563
36598,3.1e-05,74.125.200.0-255,1484,1696,76,287563
36599,3.7e-05,172.31.40.0-255,66,1762,76,287563
36600,4e-05,74.125.200.0-255,1484,3246,76,287563
36601,5.2e-05,172.31.40.0-255,66,3312,76,287563
36602,5.9e-05,74.125.200.0-255,2902,6214,76,287563
36603,6.2e-05,172.31.40.0-255,66,6280,76,287563
36604,0.000141,74.125.200.0-255,2902,9182,76,287563
36605,0.000145,172.31.40.0-255,66,9248,76,287563
36606,0.000174,74.125.200.0-255,4320,13568,76,287563
36607,0.000177,172.31.40.0-255,66,13634,76,287563
36608,0.000179,74.125.200.0-255,625,14259,76,287563
36609,0.000182,172.31.40.0-255,66,14325,76,287563
36610,0.000321,74.125.200.0-255,1484,15809,76,287563
36611,0.000326,172.31.40.0-255,66,15875,76,287563
36612,0.000331,74.125.200.0-255,1484,17359,76,287563
36613,0.000333,172.31.40.0-255,66,17425,76,287563
36614,0.000367,74.125.200.0-255,1484,18909,76,287563
36615,0.00037,172.31.40.0-255,66,18975,76,287563
36616,0.000377,74.125.200.0-255,5738,24713,76,287563
36617,0.00038,172.31.40.0-255,66,24779,76,287563
36618,0.000387,74.125.200.0-255,6797,31576,76,287563
36619,0.000389,172.31.40.0-255,66,31642,76,287563
36620,0.00043,172.31.40.0-255,66,31708,76,287563
36621,0.000458,172.31.40.0-255,66,31774,76,287563
36622,0.000491,74.125.200.0-255,1484,33258,76,287563
36623,0.000494,172.31.40.0-255,66,33324,76,287563
36624,0.000501,74.125.200.0-255,7156,40480,76,287563
36625,0.000504,172.31.40.0-255,66,40546,76,287563
36626,0.000515,172.31.40.0-255,66,40612,76,287563
36627,0.000518,74.125.200.0-255,367,40979,76,287563
36628,0.000522,74.125.200.0-255,130,41109,76,287563
36629,0.000686,74.125.200.0-255,1484,42593,76,287563
36630,0.000691,172.31.40.0-255,66,42659,76,287563
36631,0.000697,74.125.200.0-255,2902,45561,76,287563
36632,0.000699,172.31.40.0-255,66,45627,76,287563
36633,0.000709,74.125.200.0-255,2902,48529,76,287563
36634,0.000712,172.31.40.0-255,66,48595,76,287563
36635,0.000717,74.125.200.0-255,4320,52915,76,287563
36636,0.000719,172.31.40.0-255,66,52981,76,287563
36637,0.000753,172.31.40.0-255,66,53047,76,287563
36638,0.000757,74.125.200.0-255,2902,55949,76,287563
36639,0.000759,172.31.40.0-255,66,56015,76,287563
36640,0.000789,74.125.200.0-255,4320,60335,76,287563
36641,0.000793,172.31.40.0-255,66,60401,76,287563
36642,0.000824,172.31.40.0-255,66,60467,76,287563
36643,0.000832,74.125.200.0-255,7156,67623,76,287563
36644,0.000834,172.31.40.0-255,66,67689,76,287563
36645,0.000854,74.125.200.0-255,1484,69173,76,287563
36646,0.00086,74.125.200.0-255,4320,73493,76,287563
36647,0.000862,172.31.40.0-255,66,73559,76,287563
36648,0.000885,74.125.200.0-255,2240,75799,76,287563
36649,0.000888,172.31.40.0-255,66,75865,76,287563
36650,0.000962,74.125.200.0-255,1484,77349,76,287563
36651,0.000965,74.125.200.0-255,1484,78833,76,287563
36652,0.000968,172.31.40.0-255,66,78899,76,287563
36653,0.000992,74.125.200.0-255,1484,80383,76,287563
36654,0.001016,74.125.200.0-255,5738,86121,76,287563
36655,0.001019,172.31.40.0-255,66,86187,76,287563
36656,0.001028,74.125.200.0-255,7156,93343,76,287563
36657,0.00103,172.31.40.0-255,66,93409,76,287563
36658,0.001069,74.125.200.0-255,5738,99147,76,287563
36659,0.001072,172.31.40.0-255,66,99213,76,287563
36660,0.001101,74.125.200.0-255,7156,106369,76,287563
36661,0.001104,172.31.40.0-255,66,106435,76,287563
36662,0.001133,74.125.200.0-255,3602,110037,76,287563
36663,0.001136,172.31.40.0-255,66,110103,76,287563
36664,0.001495,74.125.200.0-255,1484,111587,76,287563
36665,0.001502,74.125.200.0-255,2902,114489,76,287563
36666,0.001505,172.31.40.0-255,66,114555,76,287563
36667,0.001509,74.125.200.0-255,1484,116039,76,287563
36668,0.001533,74.125.200.0-255,2902,118941,76,287563
36669,0.001536,172.31.40.0-255,66,119007,76,287563
36670,0.001542,74.125.200.0-255,5738,124745,76,287563
36671,0.001544,172.31.40.0-255,66,124811,76,287563
36672,0.001584,172.31.40.0-255,66,124877,76,287563
36673,0.001609,74.125.200.0-255,1484,126361,76,287563
36674,0.001643,172.31.40.0-255,66,126427,76,287563
36675,0.001849,74.125.200.0-255,1484,127911,76,287563
36676,0.001854,74.125.200.0-255,2902,130813,76,287563
36677,0.001858,172.31.40.0-255,66,130879,76,287563
36678,0.001861,74.125.200.0-255,1484,132363,76,287563
36679,0.001886,74.125.200.0-255,2902,135265,76,287563
36680,0.001888,172.31.40.0-255,66,135331,76,287563
36681,0.001893,74.125.200.0-255,2902,138233,76,287563
36682,0.001895,172.31.40.0-255,66,138299,76,287563
36683,0.001917,74.125.200.0-255,2902,141201,76,287563
36684,0.001919,172.31.40.0-255,66,141267,76,287563
36685,0.001927,74.125.200.0-255,7156,148423,76,287563
36686,0.001929,172.31.40.0-255,66,148489,76,287563
36687,0.001967,172.31.40.0-255,66,148555,76,287563
36688,0.001972,74.125.200.0-255,3602,152157,76,287563
36689,0.001974,172.31.40.0-255,66,152223,76,287563
36690,0.003952,74.125.200.0-255,4320,156543,76,287563
36691,0.003959,172.31.40.0-255,66,156609,76,287563
36692,0.003985,74.125.200.0-255,1484,158093,76,287563
36693,0.005982,74.125.200.0-255,4320,162413,76,287563
36694,0.005987,172.31.40.0-255,66,162479,76,287563
36695,0.007961,74.125.200.0-255,5738,168217,76,287563
36696,0.007967,172.31.40.0-255,66,168283,76,287563
36697,0.009954,74.125.200.0-255,5738,174021,76,287563
36698,0.009961,172.31.40.0-255,66,174087,76,287563
36699,0.011946,74.125.200.0-255,5738,179825,76,287563
36700,0.011953,172.31.40.0-255,66,179891,76,287563
36701,0.013947,74.125.200.0-255,5738,185629,76,287563
36702,0.013954,172.31.40.0-255,66,185695,76,287563
36703,0.015953,74.125.200.0-255,5738,191433,76,287563
36704,0.01597,172.31.40.0-255,66,191499,76,287563
36705,0.017998,74.125.200.0-255,5738,197237,76,287563
36706,0.018012,172.31.40.0-255,66,197303,76,287563
36707,0.020014,74.125.200.0-255,5738,203041,76,287563
36708,0.020029,172.31.40.0-255,66,203107,76,287563
36709,0.02207,74.125.200.0-255,5738,208845,76,287563
36710,0.022084,172.31.40.0-255,66,208911,76,287563
36711,0.024081,74.125.200.0-255,5738,214649,76,287563
36712,0.02409,172.31.40.0-255,66,214715,76,287563
36713,0.026079,74.125.200.0-255,5738,220453,76,287563
36714,0.026087,172.31.40.0-255,66,220519,76,287563
36715,0.028076,74.125.200.0-255,5738,226257,76,287563
36716,0.028084,172.31.40.0-255,66,226323,76,287563
36717,0.030067,74.125.200.0-255,5738,232061,76,287563
36718,0.030074,172.31.40.0-255,66,232127,76,287563
36719,0.032079,74.125.200.0-255,5738,237865,76,287563
36720,0.032094,172.31.40.0-255,66,237931,76,287563
36721,0.034081,74.125.200.0-255,5738,243669,76,287563
36722,0.034088,172.31.40.0-255,66,243735,76,287563
36723,0.036075,74.125.200.0-255,5738,249473,76,287563
36724,0.036083,172.31.40.0-255,66,249539,76,287563
36725,0.038086,74.125.200.0-255,5738,255277,76,287563
36726,0.038104,172.31.40.0-255,66,255343,76,287563
36727,0.040106,74.125.200.0-255,5738,261081,76,287563
36728,0.040113,172.31.40.0-255,66,261147,76,287563
36729,0.041496,172.31.40.0-255,172,261319,76,287563
36730,0.041527,172.31.40.0-255,1105,262424,76,287563
36731,0.041586,172.31.40.0-255,1514,263938,76,287563
36732,0.041604,172.31.40.0-255,343,264281,76,287563
36733,0.042099,74.125.200.0-255,5738,270019,76,287563
36734,0.042107,172.31.40.0-255,66,270085,76,287563
36735,0.043794,104.244.42.0-255,66,270151,76,287563
36736,0.044087,74.125.200.0-255,5738,275889,76,287563
36737,0.044103,172.31.40.0-255,66,275955,76,287563
36738,0.046092,74.125.200.0-255,5738,281693,76,287563
36739,0.046098,172.31.40.0-255,66,281759,76,287563
36740,0.048089,74.125.200.0-255,5738,287497,76,287563
36741,0.048101,172.31.40.0-255,66,287563,76,287563
36742,0.0,74.125.24.0-255,146,146,76,229134
36743,2.2e-05,172.31.40.0-255,66,212,76,229134
36744,3e-05,74.125.24.0-255,1484,1696,76,229134
36745,3.5e-05,172.31.40.0-255,66,1762,76,229134
36746,4.2e-05,74.125.24.0-255,2902,4664,76,229134
36747,4.6e-05,172.31.40.0-255,66,4730,76,229134
36748,0.000181,74.125.24.0-255,7156,11886,76,229134
36749,0.000188,172.31.40.0-255,66,11952,76,229134
36750,0.000192,74.125.24.0-255,1939,13891,76,229134
36751,0.000196,172.31.40.0-255,66,13957,76,229134
36752,0.000274,74.125.24.0-255,1484,15441,76,229134
36753,0.000277,172.31.40.0-255,66,15507,76,229134
36754,0.000283,74.125.24.0-255,2902,18409,76,229134
36755,0.000286,172.31.40.0-255,66,18475,76,229134
36756,0.000292,74.125.24.0-255,5738,24213,76,229134
36757,0.000299,172.31.40.0-255,66,24279,76,229134
36758,0.000305,74.125.24.0-255,4320,28599,76,229134
36759,0.000307,172.31.40.0-255,66,28665,76,229134
36760,0.00036,172.31.40.0-255,66,28731,76,229134
36761,0.000385,74.125.24.0-255,1125,29856,76,229134
36762,0.000388,172.31.40.0-255,66,29922,76,229134
36763,0.000396,74.125.24.0-255,6797,36719,76,229134
36764,0.000398,172.31.40.0-255,66,36785,76,229134
36765,0.001092,74.125.24.0-255,1484,38269,76,229134
36766,0.001098,172.31.40.0-255,66,38335,76,229134
36767,0.001106,74.125.24.0-255,2902,41237,76,229134
36768,0.001108,172.31.40.0-255,66,41303,76,229134
36769,0.001111,74.125.24.0-255,1484,42787,76,229134
36770,0.001113,172.31.40.0-255,66,42853,76,229134
36771,0.001143,74.125.24.0-255,4320,47173,76,229134
36772,0.001145,172.31.40.0-255,66,47239,76,229134
36773,0.00117,74.125.24.0-255,2902,50141,76,229134
36774,0.001172,172.31.40.0-255,66,50207,76,229134
36775,0.001205,172.31.40.0-255,66,50273,76,229134
36776,0.001216,172.31.40.0-255,66,50339,76,229134
36777,0.001239,74.125.24.0-255,1706,52045,76,229134
36778,0.001241,172.31.40.0-255,66,52111,76,229134
36779,0.001335,74.125.24.0-255,1484,53595,76,229134
36780,0.001362,74.125.24.0-255,2902,56497,76,229134
36781,0.001366,172.31.40.0-255,66,56563,76,229134
36782,0.001373,74.125.24.0-255,5738,62301,76,229134
36783,0.001375,172.31.40.0-255,66,62367,76,229134
36784,0.001384,74.125.24.0-255,2902,65269,76,229134
36785,0.001386,172.31.40.0-255,66,65335,76,229134
36786,0.001431,74.125.24.0-255,3961,69296,76,229134
36787,0.001434,172.31.40.0-255,66,69362,76,229134
36788,0.001972,74.125.24.0-255,1484,70846,76,229134
36789,0.001979,74.125.24.0-255,2902,73748,76,229134
36790,0.001985,172.31.40.0-255,66,73814,76,229134
36791,0.001993,74.125.24.0-255,5738,79552,76,229134
36792,0.001995,172.31.40.0-255,66,79618,76,229134
36793,0.002037,172.31.40.0-255,66,79684,76,229134
36794,0.002042,74.125.24.0-255,4320,84004,76,229134
36795,0.002045,172.31.40.0-255,66,84070,76,229134
36796,0.002077,74.125.24.0-255,6438,90508,76,229134
36797,0.002079,172.31.40.0-255,66,90574,76,229134
36798,0.004127,74.125.24.0-255,2902,93476,76,229134
36799,0.004132,172.31.40.0-255,66,93542,76,229134
36800,0.004158,74.125.24.0-255,2902,96444,76,229134
36801,0.004161,172.31.40.0-255,66,96510,76,229134
36802,0.006127,74.125.24.0-255,2902,99412,76,229134
36803,0.006132,172.31.40.0-255,66,99478,76,229134
36804,0.006164,74.125.24.0-255,2902,102380,76,229134
36805,0.006167,172.31.40.0-255,66,102446,76,229134
36806,0.008135,74.125.24.0-255,2902,105348,76,229134
36807,0.008142,172.31.40.0-255,66,105414,76,229134
36808,0.00817,74.125.24.0-255,1484,106898,76,229134
36809,0.008188,74.125.24.0-255,1484,108382,76,229134
36810,0.008191,172.31.40.0-255,66,108448,76,229134
36811,0.010181,74.125.24.0-255,2902,111350,76,229134
36812,0.010187,172.31.40.0-255,66,111416,76,229134
36813,0.010213,74.125.24.0-255,2902,114318,76,229134
36814,0.010216,172.31.40.0-255,66,114384,76,229134
36815,0.012224,74.125.24.0-255,5738,120122,76,229134
36816,0.012232,172.31.40.0-255,66,120188,76,229134
36817,0.014288,74.125.24.0-255,5738,125926,76,229134
36818,0.014297,172.31.40.0-255,66,125992,76,229134
36819,0.01632,74.125.24.0-255,5738,131730,76,229134
36820,0.016327,172.31.40.0-255,66,131796,76,229134
36821,0.018344,74.125.24.0-255,5738,137534,76,229134
36822,0.01835,172.31.40.0-255,66,137600,76,229134
36823,0.020364,74.125.24.0-255,5738,143338,76,229134
36824,0.020371,172.31.40.0-255,66,143404,76,229134
36825,0.022401,74.125.24.0-255,5738,149142,76,229134
36826,0.022409,172.31.40.0-255,66,149208,76,229134
36827,0.024408,74.125.24.0-255,5738,154946,76,229134
36828,0.024416,172.31.40.0-255,66,155012,76,229134
36829,0.026447,74.125.24.0-255,5738,160750,76,229134
36830,0.026455,172.31.40.0-255,66,160816,76,229134
36831,0.028487,74.125.24.0-255,5738,166554,76,229134
36832,0.028493,172.31.40.0-255,66,166620,76,229134
36833,0.029522,172.31.40.0-255,172,166792,76,229134
36834,0.029555,172.31.40.0-255,1108,167900,76,229134
36835,0.029616,172.31.40.0-255,1514,169414,76,229134
36836,0.029618,172.31.40.0-255,1308,170722,76,229134
36837,0.030513,74.125.24.0-255,5738,176460,76,229134
36838,0.030521,172.31.40.0-255,66,176526,76,229134
36839,0.031065,104.244.42.0-255,66,176592,76,229134
36840,0.031101,104.244.42.0-255,66,176658,76,229134
36841,0.031161,104.244.42.0-255,66,176724,76,229134
36842,0.031809,104.244.42.0-255,108,176832,76,229134
36843,0.031817,172.31.40.0-255,66,176898,76,229134
36844,0.03254,74.125.24.0-255,5738,182636,76,229134
36845,0.032547,172.31.40.0-255,66,182702,76,229134
36846,0.034584,74.125.24.0-255,5738,188440,76,229134
36847,0.034592,172.31.40.0-255,66,188506,76,229134
36848,0.036645,74.125.24.0-255,5738,194244,76,229134
36849,0.036652,172.31.40.0-255,66,194310,76,229134
36850,0.038686,74.125.24.0-255,5738,200048,76,229134
36851,0.038693,172.31.40.0-255,66,200114,76,229134
36852,0.040726,74.125.24.0-255,5738,205852,76,229134
36853,0.040733,172.31.40.0-255,66,205918,76,229134
36854,0.042734,74.125.24.0-255,5738,211656,76,229134
36855,0.042741,172.31.40.0-255,66,211722,76,229134
36856,0.04477,74.125.24.0-255,5738,217460,76,229134
36857,0.044786,172.31.40.0-255,66,217526,76,229134
36858,0.046825,74.125.24.0-255,5738,223264,76,229134
36859,0.04684,172.31.40.0-255,66,223330,76,229134
36860,0.048862,74.125.24.0-255,5738,229068,76,229134
36861,0.048878,172.31.40.0-255,66,229134,76,229134
36862,0.0,172.217.194.0-255,153,153,76,249025
36863,1.9e-05,172.31.40.0-255,66,219,76,249025
36864,2.6e-05,172.217.194.0-255,1484,1703,76,249025
36865,3e-05,172.31.40.0-255,66,1769,76,249025
36866,3.7e-05,172.217.194.0-255,2902,4671,76,249025
36867,4e-05,172.31.40.0-255,66,4737,76,249025
36868,4.9e-05,172.217.194.0-255,7156,11893,76,249025
36869,5.2e-05,172.31.40.0-255,66,11959,76,249025
36870,5.6e-05,172.217.194.0-255,2067,14026,76,249025
36871,5.9e-05,172.31.40.0-255,66,14092,76,249025
36872,0.000116,172.31.40.0-255,66,14158,76,249025
36873,0.000122,172.217.194.0-255,5379,19537,76,249025
36874,0.000125,172.31.40.0-255,66,19603,76,249025
36875,0.000239,172.217.194.0-255,1484,21087,76,249025
36876,0.000243,172.31.40.0-255,66,21153,76,249025
36877,0.000268,172.217.194.0-255,2902,24055,76,249025
36878,0.000271,172.31.40.0-255,66,24121,76,249025
36879,0.000277,172.217.194.0-255,5738,29859,76,249025
36880,0.000279,172.31.40.0-255,66,29925,76,249025
36881,0.000303,172.217.194.0-255,1484,31409,76,249025
36882,0.000305,172.31.40.0-255,66,31475,76,249025
36883,0.000324,172.217.194.0-255,5379,36854,76,249025
36884,0.000327,172.31.40.0-255,66,36920,76,249025
36885,0.00033,172.217.194.0-255,1484,38404,76,249025
36886,0.000332,172.31.40.0-255,66,38470,76,249025
36887,0.000353,172.217.194.0-255,5738,44208,76,249025
36888,0.000356,172.31.40.0-255,66,44274,76,249025
36889,0.000362,172.217.194.0-255,5738,50012,76,249025
36890,0.000365,172.31.40.0-255,66,50078,76,249025
36891,0.000384,172.217.194.0-255,3961,54039,76,249025
36892,0.000387,172.31.40.0-255,66,54105,76,249025
36893,0.000389,172.217.194.0-255,361,54466,76,249025
36894,0.000777,172.217.194.0-255,381,54847,76,249025
36895,0.000806,172.217.194.0-255,1484,56331,76,249025
36896,0.00081,172.31.40.0-255,66,56397,76,249025
36897,0.000826,172.217.194.0-255,4320,60717,76,249025
36898,0.000832,172.31.40.0-255,66,60783,76,249025
36899,0.000845,172.217.194.0-255,5738,66521,76,249025
36900,0.000864,172.217.194.0-255,4320,70841,76,249025
36901,0.000867,172.217.194.0-255,577,71418,76,249025
36902,0.000874,172.31.40.0-255,66,71484,76,249025
36903,0.000893,172.217.194.0-255,1484,72968,76,249025
36904,0.000917,172.217.194.0-255,4320,77288,76,249025
36905,0.000922,172.217.194.0-255,2902,80190,76,249025
36906,0.00093,172.31.40.0-255,66,80256,76,249025
36907,0.000948,172.217.194.0-255,4320,84576,76,249025
36908,0.000972,172.31.40.0-255,66,84642,76,249025
36909,0.000984,172.217.194.0-255,5738,90380,76,249025
36910,0.001022,172.217.194.0-255,2902,93282,76,249025
36911,0.00103,172.31.40.0-255,66,93348,76,249025
36912,0.001036,172.217.194.0-255,4320,97668,76,249025
36913,0.001041,172.31.40.0-255,66,97734,76,249025
36914,0.001055,172.217.194.0-255,6797,104531,76,249025
36915,0.001078,172.31.40.0-255,66,104597,76,249025
36916,0.002041,172.217.194.0-255,1484,106081,76,249025
36917,0.00205,172.217.194.0-255,2902,108983,76,249025
36918,0.002053,172.31.40.0-255,66,109049,76,249025
36919,0.002079,172.217.194.0-255,5738,114787,76,249025
36920,0.002081,172.31.40.0-255,66,114853,76,249025
36921,0.002088,172.217.194.0-255,7156,122009,76,249025
36922,0.00209,172.31.40.0-255,66,122075,76,249025
36923,0.002112,172.217.194.0-255,1484,123559,76,249025
36924,0.002142,172.217.194.0-255,2902,126461,76,249025
36925,0.002144,172.31.40.0-255,66,126527,76,249025
36926,0.002487,172.217.194.0-255,1484,128011,76,249025
36927,0.002493,172.217.194.0-255,2902,130913,76,249025
36928,0.00251,172.217.194.0-255,5738,136651,76,249025
36929,0.002525,172.217.194.0-255,1484,138135,76,249025
36930,0.002538,172.217.194.0-255,5738,143873,76,249025
36931,0.002553,172.217.194.0-255,5738,149611,76,249025
36932,0.002599,172.217.194.0-255,2184,151795,76,249025
36933,0.006374,172.31.40.0-255,66,151861,76,249025
36934,0.00896,172.217.194.0-255,5738,157599,76,249025
36935,0.008967,172.31.40.0-255,66,157665,76,249025
36936,0.011565,172.217.194.0-255,5738,163403,76,249025
36937,0.011574,172.31.40.0-255,66,163469,76,249025
36938,0.014185,172.217.194.0-255,5738,169207,76,249025
36939,0.014194,172.31.40.0-255,66,169273,76,249025
36940,0.016768,172.217.194.0-255,5738,175011,76,249025
36941,0.016778,172.31.40.0-255,66,175077,76,249025
36942,0.019378,172.217.194.0-255,5738,180815,76,249025
36943,0.019404,172.31.40.0-255,66,180881,76,249025
36944,0.021979,172.217.194.0-255,5738,186619,76,249025
36945,0.021986,172.31.40.0-255,66,186685,76,249025
36946,0.024618,172.217.194.0-255,5738,192423,76,249025
36947,0.024627,172.31.40.0-255,66,192489,76,249025
36948,0.026805,172.31.40.0-255,172,192661,76,249025
36949,0.026838,172.31.40.0-255,1109,193770,76,249025
36950,0.026894,172.31.40.0-255,1514,195284,76,249025
36951,0.026897,172.31.40.0-255,1307,196591,76,249025
36952,0.027223,172.217.194.0-255,5738,202329,76,249025
36953,0.027228,172.31.40.0-255,66,202395,76,249025
36954,0.028368,104.244.42.0-255,66,202461,76,249025
36955,0.028404,104.244.42.0-255,66,202527,76,249025
36956,0.028466,104.244.42.0-255,66,202593,76,249025
36957,0.029812,172.217.194.0-255,5738,208331,76,249025
36958,0.029817,172.31.40.0-255,66,208397,76,249025
36959,0.032443,172.217.194.0-255,5738,214135,76,249025
36960,0.032462,172.31.40.0-255,66,214201,76,249025
36961,0.035063,172.217.194.0-255,5738,219939,76,249025
36962,0.035079,172.31.40.0-255,66,220005,76,249025
36963,0.0377,172.217.194.0-255,5738,225743,76,249025
36964,0.037718,172.31.40.0-255,66,225809,76,249025
36965,0.040302,172.217.194.0-255,5738,231547,76,249025
36966,0.040317,172.31.40.0-255,66,231613,76,249025
36967,0.042938,172.217.194.0-255,5738,237351,76,249025
36968,0.042958,172.31.40.0-255,66,237417,76,249025
36969,0.045569,172.217.194.0-255,5738,243155,76,249025
36970,0.045586,172.31.40.0-255,66,243221,76,249025
36971,0.048205,172.217.194.0-255,5738,248959,76,249025
36972,0.048222,172.31.40.0-255,66,249025,76,249025
36973,0.0,74.125.24.0-255,152,152,76,222189
36974,2.3e-05,172.31.40.0-255,66,218,76,222189
36975,3e-05,74.125.24.0-255,1484,1702,76,222189
36976,3.4e-05,172.31.40.0-255,66,1768,76,222189
36977,3.8e-05,74.125.24.0-255,2902,4670,76,222189
36978,4.8e-05,172.31.40.0-255,66,4736,76,222189
36979,5.5e-05,74.125.24.0-255,5738,10474,76,222189
36980,5.8e-05,172.31.40.0-255,66,10540,76,222189
36981,0.000105,172.31.40.0-255,66,10606,76,222189
36982,0.000109,74.125.24.0-255,2902,13508,76,222189
36983,0.000111,172.31.40.0-255,66,13574,76,222189
36984,0.000135,74.125.24.0-255,3961,17535,76,222189
36985,0.000137,172.31.40.0-255,66,17601,76,222189
36986,0.000321,74.125.24.0-255,1484,19085,76,222189
36987,0.000325,172.31.40.0-255,66,19151,76,222189
36988,0.00033,74.125.24.0-255,2902,22053,76,222189
36989,0.000332,172.31.40.0-255,66,22119,76,222189
36990,0.000361,74.125.24.0-255,5738,27857,76,222189
36991,0.000364,172.31.40.0-255,66,27923,76,222189
36992,0.000377,74.125.24.0-255,2902,30825,76,222189
36993,0.000379,172.31.40.0-255,66,30891,76,222189
36994,0.000408,172.31.40.0-255,66,30957,76,222189
36995,0.000414,74.125.24.0-255,7156,38113,76,222189
36996,0.000416,172.31.40.0-255,66,38179,76,222189
36997,0.000466,74.125.24.0-255,2814,40993,76,222189
36998,0.000468,172.31.40.0-255,66,41059,76,222189
36999,0.000471,74.125.24.0-255,134,41193,76,222189
37000,0.000473,172.31.40.0-255,66,41259,76,222189
37001,0.000546,74.125.24.0-255,1484,42743,76,222189
37002,0.000549,172.31.40.0-255,66,42809,76,222189
37003,0.000553,74.125.24.0-255,2902,45711,76,222189
37004,0.000555,172.31.40.0-255,66,45777,76,222189
37005,0.000558,74.125.24.0-255,1484,47261,76,222189
37006,0.000589,74.125.24.0-255,4320,51581,76,222189
37007,0.000592,172.31.40.0-255,66,51647,76,222189
37008,0.000602,172.31.40.0-255,66,51713,76,222189
37009,0.000607,74.125.24.0-255,4320,56033,76,222189
37010,0.000609,172.31.40.0-255,66,56099,76,222189
37011,0.00064,74.125.24.0-255,5738,61837,76,222189
37012,0.000644,172.31.40.0-255,66,61903,76,222189
37013,0.000649,74.125.24.0-255,4242,66145,76,222189
37014,0.000651,172.31.40.0-255,66,66211,76,222189
37015,0.001216,74.125.24.0-255,1484,67695,76,222189
37016,0.001234,74.125.24.0-255,2902,70597,76,222189
37017,0.001248,172.31.40.0-255,66,70663,76,222189
37018,0.001255,74.125.24.0-255,5738,76401,76,222189
37019,0.001258,172.31.40.0-255,66,76467,76,222189
37020,0.001264,74.125.24.0-255,5738,82205,76,222189
37021,0.00127,172.31.40.0-255,66,82271,76,222189
37022,0.001282,172.31.40.0-255,66,82337,76,222189
37023,0.001313,74.125.24.0-255,1484,83821,76,222189
37024,0.001319,74.125.24.0-255,5020,88841,76,222189
37025,0.001321,172.31.40.0-255,66,88907,76,222189
37026,0.001409,74.125.24.0-255,1484,90391,76,222189
37027,0.001421,74.125.24.0-255,2902,93293,76,222189
37028,0.001423,172.31.40.0-255,66,93359,76,222189
37029,0.001428,74.125.24.0-255,2902,96261,76,222189
37030,0.00143,172.31.40.0-255,66,96327,76,222189
37031,0.001464,74.125.24.0-255,2902,99229,76,222189
37032,0.001468,172.31.40.0-255,66,99295,76,222189
37033,0.001476,74.125.24.0-255,5738,105033,76,222189
37034,0.001478,172.31.40.0-255,66,105099,76,222189
37035,0.001491,172.31.40.0-255,66,105165,76,222189
37036,0.001505,74.125.24.0-255,4320,109485,76,222189
37037,0.001507,172.31.40.0-255,66,109551,76,222189
37038,0.001554,172.31.40.0-255,66,109617,76,222189
37039,0.001568,172.31.40.0-255,66,109683,76,222189
37040,0.001596,74.125.24.0-255,1484,111167,76,222189
37041,0.001623,172.31.40.0-255,66,111233,76,222189
37042,0.00166,172.31.40.0-255,66,111299,76,222189
37043,0.001695,74.125.24.0-255,1484,112783,76,222189
37044,0.001698,74.125.24.0-255,1484,114267,76,222189
37045,0.001809,74.125.24.0-255,5020,119287,76,222189
37046,0.01002,172.31.40.0-255,66,119353,76,222189
37047,0.011338,74.125.24.0-255,1484,120837,76,222189
37048,0.012347,74.125.24.0-255,4320,125157,76,222189
37049,0.012352,172.31.40.0-255,66,125223,76,222189
37050,0.014646,74.125.24.0-255,5738,130961,76,222189
37051,0.014656,172.31.40.0-255,66,131027,76,222189
37052,0.016977,74.125.24.0-255,5738,136765,76,222189
37053,0.016991,172.31.40.0-255,66,136831,76,222189
37054,0.0193,74.125.24.0-255,5738,142569,76,222189
37055,0.019308,172.31.40.0-255,66,142635,76,222189
37056,0.021622,74.125.24.0-255,5738,148373,76,222189
37057,0.021633,172.31.40.0-255,66,148439,76,222189
37058,0.023963,74.125.24.0-255,5738,154177,76,222189
37059,0.023974,172.31.40.0-255,66,154243,76,222189
37060,0.026271,74.125.24.0-255,5738,159981,76,222189
37061,0.026279,172.31.40.0-255,66,160047,76,222189
37062,0.028604,74.125.24.0-255,5738,165785,76,222189
37063,0.028614,172.31.40.0-255,66,165851,76,222189
37064,0.030931,74.125.24.0-255,5738,171589,76,222189
37065,0.03094,172.31.40.0-255,66,171655,76,222189
37066,0.033292,74.125.24.0-255,5738,177393,76,222189
37067,0.0333,172.31.40.0-255,66,177459,76,222189
37068,0.035629,74.125.24.0-255,5738,183197,76,222189
37069,0.035644,172.31.40.0-255,66,183263,76,222189
37070,0.03794,74.125.24.0-255,5738,189001,76,222189
37071,0.037946,172.31.40.0-255,66,189067,76,222189
37072,0.040255,74.125.24.0-255,5738,194805,76,222189
37073,0.040262,172.31.40.0-255,66,194871,76,222189
37074,0.042555,74.125.24.0-255,5738,200609,76,222189
37075,0.042564,172.31.40.0-255,66,200675,76,222189
37076,0.044925,74.125.24.0-255,5738,206413,76,222189
37077,0.04494,172.31.40.0-255,66,206479,76,222189
37078,0.047232,74.125.24.0-255,5738,212217,76,222189
37079,0.04724,172.31.40.0-255,66,212283,76,222189
37080,0.048485,172.31.40.0-255,172,212455,76,222189
37081,0.048519,172.31.40.0-255,1108,213563,76,222189
37082,0.048578,172.31.40.0-255,1514,215077,76,222189
37083,0.04858,172.31.40.0-255,1308,216385,76,222189
37084,0.049536,74.125.24.0-255,5738,222123,76,222189
37085,0.049544,172.31.40.0-255,66,222189,76,222189
37086,0.0,74.125.130.0-255,152,152,76,254829
37087,2.6e-05,172.31.40.0-255,66,218,76,254829
37088,3.2e-05,74.125.130.0-255,1484,1702,76,254829
37089,3.8e-05,172.31.40.0-255,66,1768,76,254829
37090,5e-05,74.125.130.0-255,2902,4670,76,254829
37091,5.3e-05,172.31.40.0-255,66,4736,76,254829
37092,6.1e-05,74.125.130.0-255,7156,11892,76,254829
37093,6.4e-05,172.31.40.0-255,66,11958,76,254829
37094,0.000106,74.125.130.0-255,2003,13961,76,254829
37095,0.00011,172.31.40.0-255,66,14027,76,254829
37096,0.000133,74.125.130.0-255,2902,16929,76,254829
37097,0.000136,172.31.40.0-255,66,16995,76,254829
37098,0.000164,74.125.130.0-255,4320,21315,76,254829
37099,0.000167,172.31.40.0-255,66,21381,76,254829
37100,0.000192,74.125.130.0-255,5738,27119,76,254829
37101,0.000194,172.31.40.0-255,66,27185,76,254829
37102,0.000197,74.125.130.0-255,1484,28669,76,254829
37103,0.000199,172.31.40.0-255,66,28735,76,254829
37104,0.000221,74.125.130.0-255,2543,31278,76,254829
37105,0.000223,172.31.40.0-255,66,31344,76,254829
37106,0.000352,74.125.130.0-255,1484,32828,76,254829
37107,0.000356,172.31.40.0-255,66,32894,76,254829
37108,0.000376,74.125.130.0-255,2902,35796,76,254829
37109,0.000379,172.31.40.0-255,66,35862,76,254829
37110,0.000386,74.125.130.0-255,5738,41600,76,254829
37111,0.000389,172.31.40.0-255,66,41666,76,254829
37112,0.000435,74.125.130.0-255,6797,48463,76,254829
37113,0.000438,172.31.40.0-255,66,48529,76,254829
37114,0.000445,74.125.130.0-255,5738,54267,76,254829
37115,0.000447,172.31.40.0-255,66,54333,76,254829
37116,0.000465,74.125.130.0-255,1484,55817,76,254829
37117,0.000467,172.31.40.0-255,66,55883,76,254829
37118,0.000475,74.125.130.0-255,7156,63039,76,254829
37119,0.000477,172.31.40.0-255,66,63105,76,254829
37120,0.000523,74.125.130.0-255,2863,65968,76,254829
37121,0.000526,172.31.40.0-255,66,66034,76,254829
37122,0.000658,74.125.130.0-255,1484,67518,76,254829
37123,0.000681,74.125.130.0-255,2902,70420,76,254829
37124,0.000685,172.31.40.0-255,66,70486,76,254829
37125,0.00069,74.125.130.0-255,4320,74806,76,254829
37126,0.000692,172.31.40.0-255,66,74872,76,254829
37127,0.000714,74.125.130.0-255,1484,76356,76,254829
37128,0.00072,74.125.130.0-255,5738,82094,76,254829
37129,0.000722,172.31.40.0-255,66,82160,76,254829
37130,0.000761,74.125.130.0-255,6797,88957,76,254829
37131,0.000765,172.31.40.0-255,66,89023,76,254829
37132,0.000774,172.31.40.0-255,66,89089,76,254829
37133,0.000826,74.125.130.0-255,2543,91632,76,254829
37134,0.000828,172.31.40.0-255,66,91698,76,254829
37135,0.000831,74.125.130.0-255,367,92065,76,254829
37136,0.001507,74.125.130.0-255,1484,93549,76,254829
37137,0.001513,172.31.40.0-255,66,93615,76,254829
37138,0.001519,74.125.130.0-255,2902,96517,76,254829
37139,0.001521,172.31.40.0-255,66,96583,76,254829
37140,0.001525,74.125.130.0-255,1484,98067,76,254829
37141,0.001556,74.125.130.0-255,4320,102387,76,254829
37142,0.001559,172.31.40.0-255,66,102453,76,254829
37143,0.001564,74.125.130.0-255,2902,105355,76,254829
37144,0.001566,172.31.40.0-255,66,105421,76,254829
37145,0.001604,172.31.40.0-255,66,105487,76,254829
37146,0.001657,172.31.40.0-255,66,105553,76,254829
37147,0.001901,74.125.130.0-255,1484,107037,76,254829
37148,0.001908,74.125.130.0-255,1484,108521,76,254829
37149,0.001911,172.31.40.0-255,66,108587,76,254829
37150,0.001941,74.125.130.0-255,1484,110071,76,254829
37151,0.001948,74.125.130.0-255,4320,114391,76,254829
37152,0.001951,172.31.40.0-255,66,114457,76,254829
37153,0.001957,74.125.130.0-255,4320,118777,76,254829
37154,0.001959,172.31.40.0-255,66,118843,76,254829
37155,0.001989,74.125.130.0-255,4320,123163,76,254829
37156,0.001992,172.31.40.0-255,66,123229,76,254829
37157,0.001996,74.125.130.0-255,2902,126131,76,254829
37158,0.001998,172.31.40.0-255,66,126197,76,254829
37159,0.002004,74.125.130.0-255,4320,130517,76,254829
37160,0.002006,172.31.40.0-255,66,130583,76,254829
37161,0.002037,172.31.40.0-255,66,130649,76,254829
37162,0.00204,74.125.130.0-255,766,131415,76,254829
37163,0.004272,74.125.130.0-255,4320,135735,76,254829
37164,0.004279,172.31.40.0-255,66,135801,76,254829
37165,0.006526,74.125.130.0-255,5738,141539,76,254829
37166,0.006533,172.31.40.0-255,66,141605,76,254829
37167,0.00877,74.125.130.0-255,5738,147343,76,254829
37168,0.008774,172.31.40.0-255,66,147409,76,254829
37169,0.011004,74.125.130.0-255,5738,153147,76,254829
37170,0.011013,172.31.40.0-255,66,153213,76,254829
37171,0.01326,74.125.130.0-255,5738,158951,76,254829
37172,0.013269,172.31.40.0-255,66,159017,76,254829
37173,0.015507,74.125.130.0-255,5738,164755,76,254829
37174,0.015515,172.31.40.0-255,66,164821,76,254829
37175,0.017753,74.125.130.0-255,5738,170559,76,254829
37176,0.017761,172.31.40.0-255,66,170625,76,254829
37177,0.020005,74.125.130.0-255,5738,176363,76,254829
37178,0.020014,172.31.40.0-255,66,176429,76,254829
37179,0.022252,74.125.130.0-255,4320,180749,76,254829
37180,0.022258,172.31.40.0-255,66,180815,76,254829
37181,0.022287,74.125.130.0-255,1484,182299,76,254829
37182,0.024493,74.125.130.0-255,4320,186619,76,254829
37183,0.024503,172.31.40.0-255,66,186685,76,254829
37184,0.026745,74.125.130.0-255,5738,192423,76,254829
37185,0.026753,172.31.40.0-255,66,192489,76,254829
37186,0.028981,74.125.130.0-255,5738,198227,76,254829
37187,0.028989,172.31.40.0-255,66,198293,76,254829
37188,0.031227,74.125.130.0-255,5738,204031,76,254829
37189,0.031234,172.31.40.0-255,66,204097,76,254829
37190,0.031763,172.31.40.0-255,172,204269,76,254829
37191,0.031795,172.31.40.0-255,1109,205378,76,254829
37192,0.031853,172.31.40.0-255,1514,206892,76,254829
37193,0.031855,172.31.40.0-255,1307,208199,76,254829
37194,0.033304,104.244.42.0-255,66,208265,76,254829
37195,0.033427,104.244.42.0-255,66,208331,76,254829
37196,0.033449,104.244.42.0-255,66,208397,76,254829
37197,0.033491,74.125.130.0-255,5738,214135,76,254829
37198,0.033497,172.31.40.0-255,66,214201,76,254829
37199,0.03576,74.125.130.0-255,5738,219939,76,254829
37200,0.03578,172.31.40.0-255,66,220005,76,254829
37201,0.038013,74.125.130.0-255,5738,225743,76,254829
37202,0.038024,172.31.40.0-255,66,225809,76,254829
37203,0.04029,74.125.130.0-255,5738,231547,76,254829
37204,0.040306,172.31.40.0-255,66,231613,76,254829
37205,0.042556,74.125.130.0-255,5738,237351,76,254829
37206,0.042571,172.31.40.0-255,66,237417,76,254829
37207,0.044882,74.125.130.0-255,5738,243155,76,254829
37208,0.044901,172.31.40.0-255,66,243221,76,254829
37209,0.047158,74.125.130.0-255,5738,248959,76,254829
37210,0.047177,172.31.40.0-255,66,249025,76,254829
37211,0.049416,74.125.130.0-255,5738,254763,76,254829
37212,0.049424,172.31.40.0-255,66,254829,76,254829
37213,0.0,172.217.27.0-255,150,150,76,301223
37214,2e-05,172.31.40.0-255,66,216,76,301223
37215,2.7e-05,172.217.27.0-255,1484,1700,76,301223
37216,3.1e-05,172.31.40.0-255,66,1766,76,301223
37217,3.6e-05,172.217.27.0-255,2902,4668,76,301223
37218,4e-05,172.31.40.0-255,66,4734,76,301223
37219,4.5e-05,172.217.27.0-255,4320,9054,76,301223
37220,4.9e-05,172.31.40.0-255,66,9120,76,301223
37221,5.3e-05,172.217.27.0-255,2902,12022,76,301223
37222,5.6e-05,172.31.40.0-255,66,12088,76,301223
37223,8.2e-05,172.217.27.0-255,6355,18443,76,301223
37224,8.5e-05,172.31.40.0-255,66,18509,76,301223
37225,0.000107,172.217.27.0-255,1484,19993,76,301223
37226,0.000109,172.31.40.0-255,66,20059,76,301223
37227,0.000126,172.217.27.0-255,2902,22961,76,301223
37228,0.000129,172.31.40.0-255,66,23027,76,301223
37229,0.000158,172.217.27.0-255,5738,28765,76,301223
37230,0.000161,172.31.40.0-255,66,28831,76,301223
37231,0.000176,172.217.27.0-255,2543,31374,76,301223
37232,0.000178,172.31.40.0-255,66,31440,76,301223
37233,0.000194,172.217.27.0-255,1484,32924,76,301223
37234,0.000196,172.31.40.0-255,66,32990,76,301223
37235,0.0002,172.217.27.0-255,2902,35892,76,301223
37236,0.000203,172.31.40.0-255,66,35958,76,301223
37237,0.000227,172.217.27.0-255,5738,41696,76,301223
37238,0.00023,172.31.40.0-255,66,41762,76,301223
37239,0.000248,172.217.27.0-255,1484,43246,76,301223
37240,0.00025,172.31.40.0-255,66,43312,76,301223
37241,0.000274,172.217.27.0-255,5379,48691,76,301223
37242,0.000277,172.31.40.0-255,66,48757,76,301223
37243,0.000291,172.217.27.0-255,1484,50241,76,301223
37244,0.000293,172.31.40.0-255,66,50307,76,301223
37245,0.000321,172.31.40.0-255,66,50373,76,301223
37246,0.000379,172.217.27.0-255,2848,53221,76,301223
37247,0.000382,172.31.40.0-255,66,53287,76,301223
37248,0.000635,172.217.27.0-255,116,53403,76,301223
37249,0.000755,172.217.27.0-255,1484,54887,76,301223
37250,0.00076,172.31.40.0-255,66,54953,76,301223
37251,0.000765,172.217.27.0-255,2902,57855,76,301223
37252,0.000767,172.31.40.0-255,66,57921,76,301223
37253,0.000771,172.217.27.0-255,1484,59405,76,301223
37254,0.000791,172.217.27.0-255,4320,63725,76,301223
37255,0.000795,172.31.40.0-255,66,63791,76,301223
37256,0.000817,172.31.40.0-255,66,63857,76,301223
37257,0.000844,172.217.27.0-255,3961,67818,76,301223
37258,0.000847,172.31.40.0-255,66,67884,76,301223
37259,0.000892,172.217.27.0-255,4320,72204,76,301223
37260,0.000895,172.31.40.0-255,66,72270,76,301223
37261,0.000916,172.217.27.0-255,5379,77649,76,301223
37262,0.000919,172.31.40.0-255,66,77715,76,301223
37263,0.001129,172.217.27.0-255,1484,79199,76,301223
37264,0.001132,172.217.27.0-255,1484,80683,76,301223
37265,0.001143,172.31.40.0-255,66,80749,76,301223
37266,0.001148,172.217.27.0-255,1484,82233,76,301223
37267,0.001177,172.217.27.0-255,5738,87971,76,301223
37268,0.001181,172.31.40.0-255,66,88037,76,301223
37269,0.001206,172.217.27.0-255,7156,95193,76,301223
37270,0.001208,172.31.40.0-255,66,95259,76,301223
37271,0.001224,172.217.27.0-255,4320,99579,76,301223
37272,0.001227,172.31.40.0-255,66,99645,76,301223
37273,0.001248,172.31.40.0-255,66,99711,76,301223
37274,0.00132,172.217.27.0-255,2184,101895,76,301223
37275,0.001324,172.31.40.0-255,66,101961,76,301223
37276,0.001481,172.217.27.0-255,1484,103445,76,301223
37277,0.001495,172.217.27.0-255,2902,106347,76,301223
37278,0.001499,172.31.40.0-255,66,106413,76,301223
37279,0.001514,172.217.27.0-255,5738,112151,76,301223
37280,0.001517,172.31.40.0-255,66,112217,76,301223
37281,0.001548,172.217.27.0-255,2902,115119,76,301223
37282,0.001551,172.31.40.0-255,66,115185,76,301223
37283,0.001572,172.217.27.0-255,5738,120923,76,301223
37284,0.001574,172.31.40.0-255,66,120989,76,301223
37285,0.001649,172.217.27.0-255,5738,126727,76,301223
37286,0.001652,172.31.40.0-255,66,126793,76,301223
37287,0.001671,172.217.27.0-255,2902,129695,76,301223
37288,0.001674,172.31.40.0-255,66,129761,76,301223
37289,0.001677,172.217.27.0-255,1484,131245,76,301223
37290,0.003274,172.217.27.0-255,1484,132729,76,301223
37291,0.003281,172.31.40.0-255,66,132795,76,301223
37292,0.003303,172.217.27.0-255,2902,135697,76,301223
37293,0.003305,172.31.40.0-255,66,135763,76,301223
37294,0.00492,172.217.27.0-255,4320,140083,76,301223
37295,0.004923,172.31.40.0-255,66,140149,76,301223
37296,0.004935,172.217.27.0-255,1484,141633,76,301223
37297,0.006547,172.217.27.0-255,4320,145953,76,301223
37298,0.00655,172.31.40.0-255,66,146019,76,301223
37299,0.008188,172.217.27.0-255,5738,151757,76,301223
37300,0.008196,172.31.40.0-255,66,151823,76,301223
37301,0.009836,172.217.27.0-255,5738,157561,76,301223
37302,0.009844,172.31.40.0-255,66,157627,76,301223
37303,0.011504,172.217.27.0-255,5738,163365,76,301223
37304,0.011512,172.31.40.0-255,66,163431,76,301223
37305,0.013164,172.217.27.0-255,5738,169169,76,301223
37306,0.013173,172.31.40.0-255,66,169235,76,301223
37307,0.014824,172.217.27.0-255,5738,174973,76,301223
37308,0.014833,172.31.40.0-255,66,175039,76,301223
37309,0.016531,172.217.27.0-255,5738,180777,76,301223
37310,0.016538,172.31.40.0-255,66,180843,76,301223
37311,0.018166,172.217.27.0-255,5738,186581,76,301223
37312,0.018171,172.31.40.0-255,66,186647,76,301223
37313,0.019804,172.217.27.0-255,5738,192385,76,301223
37314,0.019811,172.31.40.0-255,66,192451,76,301223
37315,0.021479,172.217.27.0-255,5738,198189,76,301223
37316,0.021486,172.31.40.0-255,66,198255,76,301223
37317,0.023126,172.217.27.0-255,5738,203993,76,301223
37318,0.023133,172.31.40.0-255,66,204059,76,301223
37319,0.02476,172.217.27.0-255,5738,209797,76,301223
37320,0.024767,172.31.40.0-255,66,209863,76,301223
37321,0.026416,172.217.27.0-255,5738,215601,76,301223
37322,0.026423,172.31.40.0-255,66,215667,76,301223
37323,0.028056,172.217.27.0-255,5738,221405,76,301223
37324,0.028063,172.31.40.0-255,66,221471,76,301223
37325,0.029704,172.217.27.0-255,5738,227209,76,301223
37326,0.029718,172.31.40.0-255,66,227275,76,301223
37327,0.031367,172.217.27.0-255,5738,233013,76,301223
37328,0.031379,172.31.40.0-255,66,233079,76,301223
37329,0.033013,172.217.27.0-255,5738,238817,76,301223
37330,0.033022,172.31.40.0-255,66,238883,76,301223
37331,0.034663,172.217.27.0-255,5738,244621,76,301223
37332,0.034674,172.31.40.0-255,66,244687,76,301223
37333,0.036308,172.217.27.0-255,5738,250425,76,301223
37334,0.036319,172.31.40.0-255,66,250491,76,301223
37335,0.037955,172.217.27.0-255,5738,256229,76,301223
37336,0.037963,172.31.40.0-255,66,256295,76,301223
37337,0.039601,172.217.27.0-255,5738,262033,76,301223
37338,0.039612,172.31.40.0-255,66,262099,76,301223
37339,0.041252,172.217.27.0-255,5738,267837,76,301223
37340,0.04126,172.31.40.0-255,66,267903,76,301223
37341,0.042895,172.217.27.0-255,5738,273641,76,301223
37342,0.04291,172.31.40.0-255,66,273707,76,301223
37343,0.044316,172.31.40.0-255,172,273879,76,301223
37344,0.044351,172.31.40.0-255,1110,274989,76,301223
37345,0.044408,172.31.40.0-255,1514,276503,76,301223
37346,0.04441,172.31.40.0-255,1306,277809,76,301223
37347,0.044544,172.217.27.0-255,5738,283547,76,301223
37348,0.044554,172.31.40.0-255,66,283613,76,301223
37349,0.045844,104.244.42.0-255,66,283679,76,301223
37350,0.04589,104.244.42.0-255,66,283745,76,301223
37351,0.045986,104.244.42.0-255,66,283811,76,301223
37352,0.046189,172.217.27.0-255,5738,289549,76,301223
37353,0.046195,172.31.40.0-255,66,289615,76,301223
37354,0.047827,172.217.27.0-255,5738,295353,76,301223
37355,0.047839,172.31.40.0-255,66,295419,76,301223
37356,0.049479,172.217.27.0-255,5738,301157,76,301223
37357,0.049491,172.31.40.0-255,66,301223,76,301223
37358,0.0,172.31.40.0-255,105,105,76,459
37359,0.000158,172.31.40.0-255,90,195,76,459
37360,0.000168,172.31.40.0-255,66,261,76,459
37361,0.002396,74.125.24.0-255,66,327,76,459
37362,0.002425,74.125.24.0-255,66,393,76,459
37363,0.00245,172.31.40.0-255,66,459,76,459
37364,0.0,172.217.194.0-255,152,152,76,206098
37365,1.9e-05,172.31.40.0-255,66,218,76,206098
37366,2.7e-05,172.217.194.0-255,1484,1702,76,206098
37367,3.2e-05,172.31.40.0-255,66,1768,76,206098
37368,4.4e-05,172.217.194.0-255,2902,4670,76,206098
37369,4.7e-05,172.31.40.0-255,66,4736,76,206098
37370,5.3e-05,172.217.194.0-255,4320,9056,76,206098
37371,5.5e-05,172.31.40.0-255,66,9122,76,206098
37372,9e-05,172.217.194.0-255,4910,14032,76,206098
37373,9.4e-05,172.31.40.0-255,66,14098,76,206098
37374,0.000128,172.31.40.0-255,66,14164,76,206098
37375,0.000154,172.217.194.0-255,2902,17066,76,206098
37376,0.000156,172.31.40.0-255,66,17132,76,206098
37377,0.000183,172.217.194.0-255,5379,22511,76,206098
37378,0.000185,172.31.40.0-255,66,22577,76,206098
37379,0.000221,172.217.194.0-255,1484,24061,76,206098
37380,0.000224,172.31.40.0-255,66,24127,76,206098
37381,0.000251,172.217.194.0-255,2902,27029,76,206098
37382,0.000254,172.31.40.0-255,66,27095,76,206098
37383,0.000261,172.217.194.0-255,5738,32833,76,206098
37384,0.000263,172.31.40.0-255,66,32899,76,206098
37385,0.000327,172.31.40.0-255,66,32965,76,206098
37386,0.00034,172.31.40.0-255,66,33031,76,206098
37387,0.000582,172.217.194.0-255,369,33400,76,206098
37388,0.000588,172.31.40.0-255,66,33466,76,206098
37389,0.000616,172.217.194.0-255,1484,34950,76,206098
37390,0.000619,172.31.40.0-255,66,35016,76,206098
37391,0.000626,172.217.194.0-255,4320,39336,76,206098
37392,0.000635,172.31.40.0-255,66,39402,76,206098
37393,0.000665,172.217.194.0-255,2902,42304,76,206098
37394,0.000668,172.31.40.0-255,66,42370,76,206098
37395,0.000699,172.217.194.0-255,7156,49526,76,206098
37396,0.000702,172.31.40.0-255,66,49592,76,206098
37397,0.000713,172.31.40.0-255,66,49658,76,206098
37398,0.000731,172.31.40.0-255,66,49724,76,206098
37399,0.000781,172.31.40.0-255,66,49790,76,206098
37400,0.000784,172.31.40.0-255,66,49856,76,206098
37401,0.000823,172.31.40.0-255,66,49922,76,206098
37402,0.000928,172.217.194.0-255,1484,51406,76,206098
37403,0.000936,172.217.194.0-255,2902,54308,76,206098
37404,0.000939,172.31.40.0-255,66,54374,76,206098
37405,0.000959,172.217.194.0-255,5738,60112,76,206098
37406,0.000962,172.31.40.0-255,66,60178,76,206098
37407,0.000981,172.217.194.0-255,2902,63080,76,206098
37408,0.000983,172.31.40.0-255,66,63146,76,206098
37409,0.001029,172.31.40.0-255,66,63212,76,206098
37410,0.001035,172.217.194.0-255,5738,68950,76,206098
37411,0.001038,172.31.40.0-255,66,69016,76,206098
37412,0.001057,172.217.194.0-255,4320,73336,76,206098
37413,0.001064,172.31.40.0-255,66,73402,76,206098
37414,0.001067,172.217.194.0-255,766,74168,76,206098
37415,0.001768,172.217.194.0-255,1484,75652,76,206098
37416,0.001772,172.31.40.0-255,66,75718,76,206098
37417,0.001777,172.217.194.0-255,1484,77202,76,206098
37418,0.0018,172.217.194.0-255,1484,78686,76,206098
37419,0.001802,172.31.40.0-255,66,78752,76,206098
37420,0.001809,172.217.194.0-255,5738,84490,76,206098
37421,0.001811,172.31.40.0-255,66,84556,76,206098
37422,0.001847,172.217.194.0-255,1484,86040,76,206098
37423,0.001878,172.31.40.0-255,66,86106,76,206098
37424,0.001891,172.31.40.0-255,66,86172,76,206098
37425,0.001935,172.217.194.0-255,1484,87656,76,206098
37426,0.00194,172.217.194.0-255,2902,90558,76,206098
37427,0.001943,172.31.40.0-255,66,90624,76,206098
37428,0.001946,172.217.194.0-255,1484,92108,76,206098
37429,0.001973,172.217.194.0-255,4320,96428,76,206098
37430,0.001976,172.31.40.0-255,66,96494,76,206098
37431,0.001983,172.217.194.0-255,7156,103650,76,206098
37432,0.001985,172.31.40.0-255,66,103716,76,206098
37433,0.002032,172.31.40.0-255,66,103782,76,206098
37434,0.002038,172.217.194.0-255,4320,108102,76,206098
37435,0.00204,172.31.40.0-255,66,108168,76,206098
37436,0.002088,172.31.40.0-255,66,108234,76,206098
37437,0.002106,172.31.40.0-255,66,108300,76,206098
37438,0.002143,172.217.194.0-255,5738,114038,76,206098
37439,0.002146,172.31.40.0-255,66,114104,76,206098
37440,0.002159,172.31.40.0-255,66,114170,76,206098
37441,0.00218,172.31.40.0-255,66,114236,76,206098
37442,0.002183,172.217.194.0-255,1484,115720,76,206098
37443,0.002188,172.217.194.0-255,2902,118622,76,206098
37444,0.00219,172.31.40.0-255,66,118688,76,206098
37445,0.002193,172.217.194.0-255,1484,120172,76,206098
37446,0.002219,172.217.194.0-255,4320,124492,76,206098
37447,0.002221,172.31.40.0-255,66,124558,76,206098
37448,0.002258,172.31.40.0-255,66,124624,76,206098
37449,0.002268,172.31.40.0-255,66,124690,76,206098
37450,0.002291,172.217.194.0-255,2184,126874,76,206098
37451,0.002294,172.31.40.0-255,66,126940,76,206098
37452,0.004575,172.217.194.0-255,5738,132678,76,206098
37453,0.004596,172.31.40.0-255,66,132744,76,206098
37454,0.006901,172.217.194.0-255,5738,138482,76,206098
37455,0.006921,172.31.40.0-255,66,138548,76,206098
37456,0.009234,172.217.194.0-255,5738,144286,76,206098
37457,0.009252,172.31.40.0-255,66,144352,76,206098
37458,0.011527,172.217.194.0-255,5738,150090,76,206098
37459,0.011541,172.31.40.0-255,66,150156,76,206098
37460,0.013866,172.217.194.0-255,5738,155894,76,206098
37461,0.013873,172.31.40.0-255,66,155960,76,206098
37462,0.016114,172.217.194.0-255,5738,161698,76,206098
37463,0.01612,172.31.40.0-255,66,161764,76,206098
37464,0.01839,172.217.194.0-255,5738,167502,76,206098
37465,0.018398,172.31.40.0-255,66,167568,76,206098
37466,0.020665,172.217.194.0-255,5738,173306,76,206098
37467,0.020679,172.31.40.0-255,66,173372,76,206098
37468,0.022952,172.217.194.0-255,5738,179110,76,206098
37469,0.022961,172.31.40.0-255,66,179176,76,206098
37470,0.025241,172.217.194.0-255,5738,184914,76,206098
37471,0.025248,172.31.40.0-255,66,184980,76,206098
37472,0.027512,172.217.194.0-255,5738,190718,76,206098
37473,0.027523,172.31.40.0-255,66,190784,76,206098
37474,0.02982,172.217.194.0-255,5738,196522,76,206098
37475,0.029828,172.31.40.0-255,66,196588,76,206098
37476,0.032103,172.217.194.0-255,5738,202326,76,206098
37477,0.032111,172.31.40.0-255,66,202392,76,206098
37478,0.034384,172.217.194.0-255,3469,205861,76,206098
37479,0.034395,172.31.40.0-255,66,205927,76,206098
37480,0.034624,172.31.40.0-255,105,206032,76,206098
37481,0.036893,172.217.194.0-255,66,206098,76,206098
37482,0.0,172.217.194.0-255,146,146,76,230305
37483,2.7e-05,172.31.40.0-255,66,212,76,230305
37484,3.4e-05,172.217.194.0-255,1484,1696,76,230305
37485,3.9e-05,172.31.40.0-255,66,1762,76,230305
37486,4.5e-05,172.217.194.0-255,2902,4664,76,230305
37487,4.9e-05,172.31.40.0-255,66,4730,76,230305
37488,5.7e-05,172.217.194.0-255,7156,11886,76,230305
37489,6e-05,172.31.40.0-255,66,11952,76,230305
37490,7.6e-05,172.31.40.0-255,66,12018,76,230305
37491,8.2e-05,172.217.194.0-255,4320,16338,76,230305
37492,8.4e-05,172.31.40.0-255,66,16404,76,230305
37493,0.000106,172.217.194.0-255,2543,18947,76,230305
37494,0.000109,172.31.40.0-255,66,19013,76,230305
37495,0.000137,172.217.194.0-255,4320,23333,76,230305
37496,0.00014,172.31.40.0-255,66,23399,76,230305
37497,0.000174,172.31.40.0-255,66,23465,76,230305
37498,0.000181,172.217.194.0-255,7156,30621,76,230305
37499,0.000183,172.31.40.0-255,66,30687,76,230305
37500,0.000211,172.31.40.0-255,66,30753,76,230305
37501,0.000255,172.217.194.0-255,1402,32155,76,230305
37502,0.000257,172.31.40.0-255,66,32221,76,230305
37503,0.000261,172.217.194.0-255,116,32337,76,230305
37504,0.000263,172.31.40.0-255,66,32403,76,230305
37505,0.000266,172.217.194.0-255,380,32783,76,230305
37506,0.000269,172.31.40.0-255,66,32849,76,230305
37507,0.000376,172.217.194.0-255,1484,34333,76,230305
37508,0.00038,172.31.40.0-255,66,34399,76,230305
37509,0.000386,172.217.194.0-255,2902,37301,76,230305
37510,0.000388,172.31.40.0-255,66,37367,76,230305
37511,0.000391,172.217.194.0-255,1484,38851,76,230305
37512,0.000413,172.217.194.0-255,4320,43171,76,230305
37513,0.000416,172.31.40.0-255,66,43237,76,230305
37514,0.000436,172.217.194.0-255,6797,50034,76,230305
37515,0.000439,172.31.40.0-255,66,50100,76,230305
37516,0.000461,172.217.194.0-255,1484,51584,76,230305
37517,0.000476,172.217.194.0-255,5738,57322,76,230305
37518,0.000479,172.31.40.0-255,66,57388,76,230305
37519,0.000489,172.217.194.0-255,1484,58872,76,230305
37520,0.000508,172.217.194.0-255,7156,66028,76,230305
37521,0.000511,172.31.40.0-255,66,66094,76,230305
37522,0.000526,172.217.194.0-255,1125,67219,76,230305
37523,0.001447,172.217.194.0-255,1484,68703,76,230305
37524,0.001453,172.31.40.0-255,66,68769,76,230305
37525,0.001459,172.217.194.0-255,2902,71671,76,230305
37526,0.001462,172.31.40.0-255,66,71737,76,230305
37527,0.001469,172.217.194.0-255,5738,77475,76,230305
37528,0.001471,172.31.40.0-255,66,77541,76,230305
37529,0.001492,172.217.194.0-255,5738,83279,76,230305
37530,0.001495,172.31.40.0-255,66,83345,76,230305
37531,0.001527,172.217.194.0-255,7156,90501,76,230305
37532,0.00153,172.31.40.0-255,66,90567,76,230305
37533,0.001534,172.217.194.0-255,2902,93469,76,230305
37534,0.001536,172.31.40.0-255,66,93535,76,230305
37535,0.001581,172.31.40.0-255,66,93601,76,230305
37536,0.002191,172.217.194.0-255,1484,95085,76,230305
37537,0.002202,172.217.194.0-255,2902,97987,76,230305
37538,0.002207,172.31.40.0-255,66,98053,76,230305
37539,0.002215,172.217.194.0-255,5738,103791,76,230305
37540,0.002217,172.31.40.0-255,66,103857,76,230305
37541,0.002222,172.217.194.0-255,2902,106759,76,230305
37542,0.002224,172.31.40.0-255,66,106825,76,230305
37543,0.002246,172.31.40.0-255,66,106891,76,230305
37544,0.002251,172.217.194.0-255,2902,109793,76,230305
37545,0.002253,172.31.40.0-255,66,109859,76,230305
37546,0.002285,172.31.40.0-255,66,109925,76,230305
37547,0.004561,172.217.194.0-255,5738,115663,76,230305
37548,0.004569,172.31.40.0-255,66,115729,76,230305
37549,0.006878,172.217.194.0-255,5738,121467,76,230305
37550,0.006882,172.31.40.0-255,66,121533,76,230305
37551,0.009169,172.217.194.0-255,5738,127271,76,230305
37552,0.009181,172.31.40.0-255,66,127337,76,230305
37553,0.0115,172.217.194.0-255,5738,133075,76,230305
37554,0.011516,172.31.40.0-255,66,133141,76,230305
37555,0.013844,172.217.194.0-255,5738,138879,76,230305
37556,0.01386,172.31.40.0-255,66,138945,76,230305
37557,0.016155,172.217.194.0-255,5738,144683,76,230305
37558,0.016166,172.31.40.0-255,66,144749,76,230305
37559,0.018496,172.217.194.0-255,5738,150487,76,230305
37560,0.018511,172.31.40.0-255,66,150553,76,230305
37561,0.020846,172.217.194.0-255,5738,156291,76,230305
37562,0.020859,172.31.40.0-255,66,156357,76,230305
37563,0.023173,172.217.194.0-255,5738,162095,76,230305
37564,0.023187,172.31.40.0-255,66,162161,76,230305
37565,0.025519,172.217.194.0-255,5738,167899,76,230305
37566,0.025534,172.31.40.0-255,66,167965,76,230305
37567,0.027843,172.217.194.0-255,5738,173703,76,230305
37568,0.027858,172.31.40.0-255,66,173769,76,230305
37569,0.030205,172.217.194.0-255,5738,179507,76,230305
37570,0.030221,172.31.40.0-255,66,179573,76,230305
37571,0.032574,172.217.194.0-255,5738,185311,76,230305
37572,0.032583,172.31.40.0-255,66,185377,76,230305
37573,0.033647,172.31.40.0-255,172,185549,76,230305
37574,0.033684,172.31.40.0-255,1108,186657,76,230305
37575,0.033749,172.31.40.0-255,1514,188171,76,230305
37576,0.03375,172.31.40.0-255,1308,189479,76,230305
37577,0.034856,172.217.194.0-255,5738,195217,76,230305
37578,0.034865,172.31.40.0-255,66,195283,76,230305
37579,0.035177,104.244.42.0-255,66,195349,76,230305
37580,0.035241,104.244.42.0-255,66,195415,76,230305
37581,0.035291,104.244.42.0-255,66,195481,76,230305
37582,0.037185,172.217.194.0-255,5738,201219,76,230305
37583,0.037196,172.31.40.0-255,66,201285,76,230305
37584,0.039518,172.217.194.0-255,5738,207023,76,230305
37585,0.03953,172.31.40.0-255,66,207089,76,230305
37586,0.041856,172.217.194.0-255,5738,212827,76,230305
37587,0.041869,172.31.40.0-255,66,212893,76,230305
37588,0.044169,172.217.194.0-255,5738,218631,76,230305
37589,0.044179,172.31.40.0-255,66,218697,76,230305
37590,0.046508,172.217.194.0-255,5738,224435,76,230305
37591,0.04652,172.31.40.0-255,66,224501,76,230305
37592,0.048848,172.217.194.0-255,5738,230239,76,230305
37593,0.048857,172.31.40.0-255,66,230305,76,230305
37594,0.0,74.125.24.0-255,146,146,76,302603
37595,1.3e-05,172.31.40.0-255,66,212,76,302603
37596,3.8e-05,74.125.24.0-255,1484,1696,76,302603
37597,4.3e-05,172.31.40.0-255,66,1762,76,302603
37598,4.9e-05,74.125.24.0-255,2902,4664,76,302603
37599,5.4e-05,172.31.40.0-255,66,4730,76,302603
37600,6e-05,74.125.24.0-255,5738,10468,76,302603
37601,6.3e-05,172.31.40.0-255,66,10534,76,302603
37602,0.000102,172.31.40.0-255,66,10600,76,302603
37603,0.000128,172.31.40.0-255,66,10666,76,302603
37604,0.000151,74.125.24.0-255,1125,11791,76,302603
37605,0.000154,172.31.40.0-255,66,11857,76,302603
37606,0.000183,74.125.24.0-255,1484,13341,76,302603
37607,0.000185,172.31.40.0-255,66,13407,76,302603
37608,0.00019,74.125.24.0-255,2902,16309,76,302603
37609,0.000193,172.31.40.0-255,66,16375,76,302603
37610,0.000196,74.125.24.0-255,1484,17859,76,302603
37611,0.000198,172.31.40.0-255,66,17925,76,302603
37612,0.000229,74.125.24.0-255,4320,22245,76,302603
37613,0.000236,172.31.40.0-255,66,22311,76,302603
37614,0.000241,74.125.24.0-255,4320,26631,76,302603
37615,0.000244,172.31.40.0-255,66,26697,76,302603
37616,0.000252,74.125.24.0-255,7156,33853,76,302603
37617,0.000254,172.31.40.0-255,66,33919,76,302603
37618,0.000284,74.125.24.0-255,5379,39298,76,302603
37619,0.000287,172.31.40.0-255,66,39364,76,302603
37620,0.000321,74.125.24.0-255,6797,46161,76,302603
37621,0.000324,172.31.40.0-255,66,46227,76,302603
37622,0.000348,74.125.24.0-255,363,46590,76,302603
37623,0.000351,172.31.40.0-255,66,46656,76,302603
37624,0.000416,74.125.24.0-255,1484,48140,76,302603
37625,0.00042,172.31.40.0-255,66,48206,76,302603
37626,0.000438,74.125.24.0-255,2902,51108,76,302603
37627,0.000441,172.31.40.0-255,66,51174,76,302603
37628,0.000447,74.125.24.0-255,4320,55494,76,302603
37629,0.00045,172.31.40.0-255,66,55560,76,302603
37630,0.000471,74.125.24.0-255,1484,57044,76,302603
37631,0.000486,74.125.24.0-255,6797,63841,76,302603
37632,0.000488,172.31.40.0-255,66,63907,76,302603
37633,0.000495,74.125.24.0-255,7156,71063,76,302603
37634,0.000498,172.31.40.0-255,66,71129,76,302603
37635,0.000547,172.31.40.0-255,66,71195,76,302603
37636,0.000618,74.125.24.0-255,1484,72679,76,302603
37637,0.00063,74.125.24.0-255,2902,75581,76,302603
37638,0.000633,172.31.40.0-255,66,75647,76,302603
37639,0.000636,74.125.24.0-255,1484,77131,76,302603
37640,0.000667,74.125.24.0-255,4320,81451,76,302603
37641,0.000669,172.31.40.0-255,66,81517,76,302603
37642,0.000674,74.125.24.0-255,2902,84419,76,302603
37643,0.000676,172.31.40.0-255,66,84485,76,302603
37644,0.000696,74.125.24.0-255,3947,88432,76,302603
37645,0.000699,172.31.40.0-255,66,88498,76,302603
37646,0.001154,74.125.24.0-255,1484,89982,76,302603
37647,0.00116,74.125.24.0-255,2902,92884,76,302603
37648,0.001163,172.31.40.0-255,66,92950,76,302603
37649,0.001167,74.125.24.0-255,1484,94434,76,302603
37650,0.001196,74.125.24.0-255,4320,98754,76,302603
37651,0.001199,172.31.40.0-255,66,98820,76,302603
37652,0.00121,172.31.40.0-255,66,98886,76,302603
37653,0.001241,74.125.24.0-255,4320,103206,76,302603
37654,0.001244,172.31.40.0-255,66,103272,76,302603
37655,0.001251,74.125.24.0-255,5738,109010,76,302603
37656,0.001253,172.31.40.0-255,66,109076,76,302603
37657,0.001276,74.125.24.0-255,5020,114096,76,302603
37658,0.001282,172.31.40.0-255,66,114162,76,302603
37659,0.001495,74.125.24.0-255,1484,115646,76,302603
37660,0.0015,74.125.24.0-255,1484,117130,76,302603
37661,0.001503,172.31.40.0-255,66,117196,76,302603
37662,0.00154,74.125.24.0-255,1484,118680,76,302603
37663,0.001547,74.125.24.0-255,5738,124418,76,302603
37664,0.00155,172.31.40.0-255,66,124484,76,302603
37665,0.001556,74.125.24.0-255,4320,128804,76,302603
37666,0.001558,172.31.40.0-255,66,128870,76,302603
37667,0.001574,172.31.40.0-255,66,128936,76,302603
37668,0.001587,74.125.24.0-255,2902,131838,76,302603
37669,0.001589,172.31.40.0-255,66,131904,76,302603
37670,0.001621,172.31.40.0-255,66,131970,76,302603
37671,0.002305,74.125.24.0-255,1484,133454,76,302603
37672,0.002311,74.125.24.0-255,2902,136356,76,302603
37673,0.002315,172.31.40.0-255,66,136422,76,302603
37674,0.002354,74.125.24.0-255,1484,137906,76,302603
37675,0.002359,74.125.24.0-255,2902,140808,76,302603
37676,0.002365,172.31.40.0-255,66,140874,76,302603
37677,0.002399,74.125.24.0-255,5738,146612,76,302603
37678,0.002404,74.125.24.0-255,5738,152350,76,302603
37679,0.002407,74.125.24.0-255,1484,153834,76,302603
37680,0.002459,74.125.24.0-255,766,154600,76,302603
37681,0.002495,74.125.24.0-255,1484,156084,76,302603
37682,0.002512,74.125.24.0-255,4320,160404,76,302603
37683,0.00254,74.125.24.0-255,5738,166142,76,302603
37684,0.002563,74.125.24.0-255,4320,170462,76,302603
37685,0.002617,74.125.24.0-255,2902,173364,76,302603
37686,0.002637,74.125.24.0-255,2184,175548,76,302603
37687,0.002791,74.125.24.0-255,1484,177032,76,302603
37688,0.002814,74.125.24.0-255,1484,178516,76,302603
37689,0.002827,74.125.24.0-255,4320,182836,76,302603
37690,0.00284,74.125.24.0-255,1484,184320,76,302603
37691,0.002864,74.125.24.0-255,7156,191476,76,302603
37692,0.002879,74.125.24.0-255,1484,192960,76,302603
37693,0.002903,74.125.24.0-255,5738,198698,76,302603
37694,0.002915,74.125.24.0-255,1484,200182,76,302603
37695,0.002959,74.125.24.0-255,766,200948,76,302603
37696,0.00299,74.125.24.0-255,1484,202432,76,302603
37697,0.003015,74.125.24.0-255,2902,205334,76,302603
37698,0.00304,74.125.24.0-255,5738,211072,76,302603
37699,0.003042,74.125.24.0-255,1484,212556,76,302603
37700,0.003058,74.125.24.0-255,1484,214040,76,302603
37701,0.003061,74.125.24.0-255,1484,215524,76,302603
37702,0.003077,74.125.24.0-255,4320,219844,76,302603
37703,0.003127,74.125.24.0-255,2902,222746,76,302603
37704,0.003132,74.125.24.0-255,3602,226348,76,302603
37705,0.003224,74.125.24.0-255,1484,227832,76,302603
37706,0.003246,74.125.24.0-255,2902,230734,76,302603
37707,0.00327,74.125.24.0-255,5738,236472,76,302603
37708,0.003276,74.125.24.0-255,4320,240792,76,302603
37709,0.00328,74.125.24.0-255,4320,245112,76,302603
37710,0.00329,74.125.24.0-255,1484,246596,76,302603
37711,0.003306,74.125.24.0-255,2902,249498,76,302603
37712,0.003328,74.125.24.0-255,4320,253818,76,302603
37713,0.003332,74.125.24.0-255,2902,256720,76,302603
37714,0.003348,74.125.24.0-255,3602,260322,76,302603
37715,0.003365,74.125.24.0-255,5738,266060,76,302603
37716,0.003376,74.125.24.0-255,2902,268962,76,302603
37717,0.003405,74.125.24.0-255,4320,273282,76,302603
37718,0.003425,74.125.24.0-255,7156,280438,76,302603
37719,0.003476,74.125.24.0-255,5738,286176,76,302603
37720,0.003535,74.125.24.0-255,4320,290496,76,302603
37721,0.003585,74.125.24.0-255,5872,296368,76,302603
37722,0.003614,74.125.24.0-255,105,296473,76,302603
37723,0.011863,172.31.40.0-255,66,296539,76,302603
37724,0.011872,172.31.40.0-255,66,296605,76,302603
37725,0.011878,172.31.40.0-255,66,296671,76,302603
37726,0.011895,172.31.40.0-255,66,296737,76,302603
37727,0.011899,172.31.40.0-255,66,296803,76,302603
37728,0.011902,172.31.40.0-255,66,296869,76,302603
37729,0.011905,172.31.40.0-255,66,296935,76,302603
37730,0.011908,172.31.40.0-255,66,297001,76,302603
37731,0.011912,172.31.40.0-255,66,297067,76,302603
37732,0.011915,172.31.40.0-255,66,297133,76,302603
37733,0.011918,172.31.40.0-255,66,297199,76,302603
37734,0.011921,172.31.40.0-255,66,297265,76,302603
37735,0.011924,172.31.40.0-255,66,297331,76,302603
37736,0.011928,172.31.40.0-255,66,297397,76,302603
37737,0.011932,172.31.40.0-255,66,297463,76,302603
37738,0.011935,172.31.40.0-255,66,297529,76,302603
37739,0.011939,172.31.40.0-255,66,297595,76,302603
37740,0.011944,172.31.40.0-255,66,297661,76,302603
37741,0.011948,172.31.40.0-255,66,297727,76,302603
37742,0.011951,172.31.40.0-255,66,297793,76,302603
37743,0.011954,172.31.40.0-255,66,297859,76,302603
37744,0.011957,172.31.40.0-255,66,297925,76,302603
37745,0.011961,172.31.40.0-255,66,297991,76,302603
37746,0.011965,172.31.40.0-255,66,298057,76,302603
37747,0.011968,172.31.40.0-255,66,298123,76,302603
37748,0.011972,172.31.40.0-255,66,298189,76,302603
37749,0.011974,172.31.40.0-255,66,298255,76,302603
37750,0.011978,172.31.40.0-255,66,298321,76,302603
37751,0.011981,172.31.40.0-255,66,298387,76,302603
37752,0.011984,172.31.40.0-255,66,298453,76,302603
37753,0.011987,172.31.40.0-255,66,298519,76,302603
37754,0.01199,172.31.40.0-255,66,298585,76,302603
37755,0.011992,172.31.40.0-255,66,298651,76,302603
37756,0.011996,172.31.40.0-255,66,298717,76,302603
37757,0.011998,172.31.40.0-255,66,298783,76,302603
37758,0.012001,172.31.40.0-255,66,298849,76,302603
37759,0.012004,172.31.40.0-255,66,298915,76,302603
37760,0.012006,172.31.40.0-255,66,298981,76,302603
37761,0.01209,172.31.40.0-255,66,299047,76,302603
37762,0.013069,74.125.24.0-255,105,299152,76,302603
37763,0.013078,172.31.40.0-255,78,299230,76,302603
37764,0.014038,172.31.40.0-255,105,299335,76,302603
37765,0.016624,74.125.24.0-255,66,299401,76,302603
37766,0.033192,172.31.40.0-255,172,299573,76,302603
37767,0.033226,172.31.40.0-255,1104,300677,76,302603
37768,0.033292,172.31.40.0-255,1514,302191,76,302603
37769,0.033293,172.31.40.0-255,346,302537,76,302603
37770,0.034817,104.244.42.0-255,66,302603,76,302603
37771,0.0,172.217.194.0-255,290,290,76,212836
37772,2.3e-05,172.31.40.0-255,66,356,76,212836
37773,2.9e-05,172.217.194.0-255,1484,1840,76,212836
37774,3.4e-05,172.31.40.0-255,66,1906,76,212836
37775,4.2e-05,172.217.194.0-255,4320,6226,76,212836
37776,4.6e-05,172.31.40.0-255,66,6292,76,212836
37777,5.6e-05,172.31.40.0-255,66,6358,76,212836
37778,0.00012,172.217.194.0-255,4320,10678,76,212836
37779,0.000123,172.31.40.0-255,66,10744,76,212836
37780,0.00013,172.217.194.0-255,5738,16482,76,212836
37781,0.000132,172.31.40.0-255,66,16548,76,212836
37782,0.000171,172.31.40.0-255,66,16614,76,212836
37783,0.000183,172.31.40.0-255,66,16680,76,212836
37784,0.000291,172.217.194.0-255,1484,18164,76,212836
37785,0.000295,172.31.40.0-255,66,18230,76,212836
37786,0.0003,172.217.194.0-255,2902,21132,76,212836
37787,0.000302,172.31.40.0-255,66,21198,76,212836
37788,0.000308,172.217.194.0-255,4320,25518,76,212836
37789,0.000311,172.31.40.0-255,66,25584,76,212836
37790,0.000329,172.217.194.0-255,1484,27068,76,212836
37791,0.000331,172.31.40.0-255,66,27134,76,212836
37792,0.000359,172.217.194.0-255,4320,31454,76,212836
37793,0.000362,172.31.40.0-255,66,31520,76,212836
37794,0.000374,172.217.194.0-255,2855,34375,76,212836
37795,0.000376,172.31.40.0-255,66,34441,76,212836
37796,0.000419,172.217.194.0-255,366,34807,76,212836
37797,0.000422,172.31.40.0-255,66,34873,76,212836
37798,0.000565,172.217.194.0-255,1484,36357,76,212836
37799,0.00057,172.31.40.0-255,66,36423,76,212836
37800,0.000573,172.217.194.0-255,1484,37907,76,212836
37801,0.000576,172.31.40.0-255,66,37973,76,212836
37802,0.000593,172.217.194.0-255,1484,39457,76,212836
37803,0.000596,172.31.40.0-255,66,39523,76,212836
37804,0.000602,172.217.194.0-255,5738,45261,76,212836
37805,0.000605,172.31.40.0-255,66,45327,76,212836
37806,0.000613,172.217.194.0-255,6797,52124,76,212836
37807,0.000616,172.31.40.0-255,66,52190,76,212836
37808,0.000653,172.217.194.0-255,1484,53674,76,212836
37809,0.000655,172.31.40.0-255,66,53740,76,212836
37810,0.000661,172.217.194.0-255,2902,56642,76,212836
37811,0.000676,172.217.194.0-255,1484,58126,76,212836
37812,0.000681,172.31.40.0-255,66,58192,76,212836
37813,0.000695,172.217.194.0-255,4320,62512,76,212836
37814,0.000717,172.217.194.0-255,6797,69309,76,212836
37815,0.000732,172.31.40.0-255,66,69375,76,212836
37816,0.001336,172.217.194.0-255,1484,70859,76,212836
37817,0.001341,172.31.40.0-255,66,70925,76,212836
37818,0.001346,172.217.194.0-255,2902,73827,76,212836
37819,0.001349,172.31.40.0-255,66,73893,76,212836
37820,0.001354,172.217.194.0-255,2902,76795,76,212836
37821,0.001356,172.31.40.0-255,66,76861,76,212836
37822,0.001375,172.217.194.0-255,2902,79763,76,212836
37823,0.001377,172.31.40.0-255,66,79829,76,212836
37824,0.001405,172.31.40.0-255,66,79895,76,212836
37825,0.00144,172.217.194.0-255,7156,87051,76,212836
37826,0.001457,172.217.194.0-255,6438,93489,76,212836
37827,0.001466,172.31.40.0-255,66,93555,76,212836
37828,0.003746,172.217.194.0-255,5738,99293,76,212836
37829,0.003753,172.31.40.0-255,66,99359,76,212836
37830,0.006048,172.217.194.0-255,5738,105097,76,212836
37831,0.006052,172.31.40.0-255,66,105163,76,212836
37832,0.008371,172.217.194.0-255,5738,110901,76,212836
37833,0.008378,172.31.40.0-255,66,110967,76,212836
37834,0.010676,172.217.194.0-255,5738,116705,76,212836
37835,0.010685,172.31.40.0-255,66,116771,76,212836
37836,0.012966,172.217.194.0-255,5738,122509,76,212836
37837,0.014743,172.31.40.0-255,66,122575,76,212836
37838,0.017032,172.217.194.0-255,5738,128313,76,212836
37839,0.017043,172.31.40.0-255,66,128379,76,212836
37840,0.019337,172.217.194.0-255,5738,134117,76,212836
37841,0.019344,172.31.40.0-255,66,134183,76,212836
37842,0.021702,172.217.194.0-255,5738,139921,76,212836
37843,0.021709,172.31.40.0-255,66,139987,76,212836
37844,0.024081,172.217.194.0-255,5738,145725,76,212836
37845,0.024089,172.31.40.0-255,66,145791,76,212836
37846,0.026413,172.217.194.0-255,5738,151529,76,212836
37847,0.026419,172.31.40.0-255,66,151595,76,212836
37848,0.026701,172.31.40.0-255,172,151767,76,212836
37849,0.02673,172.31.40.0-255,1105,152872,76,212836
37850,0.026843,172.31.40.0-255,1514,154386,76,212836
37851,0.026845,172.31.40.0-255,344,154730,76,212836
37852,0.028785,172.217.194.0-255,5738,160468,76,212836
37853,0.028793,172.31.40.0-255,66,160534,76,212836
37854,0.0289,104.244.42.0-255,66,160600,76,212836
37855,0.031104,172.217.194.0-255,5738,166338,76,212836
37856,0.031111,172.31.40.0-255,66,166404,76,212836
37857,0.033421,172.217.194.0-255,5738,172142,76,212836
37858,0.033428,172.31.40.0-255,66,172208,76,212836
37859,0.03573,172.217.194.0-255,5738,177946,76,212836
37860,0.035736,172.31.40.0-255,66,178012,76,212836
37861,0.03805,172.217.194.0-255,5738,183750,76,212836
37862,0.038057,172.31.40.0-255,66,183816,76,212836
37863,0.040363,172.217.194.0-255,5738,189554,76,212836
37864,0.040369,172.31.40.0-255,66,189620,76,212836
37865,0.042658,172.217.194.0-255,5738,195358,76,212836
37866,0.042665,172.31.40.0-255,66,195424,76,212836
37867,0.045008,172.217.194.0-255,5738,201162,76,212836
37868,0.045015,172.31.40.0-255,66,201228,76,212836
37869,0.047317,172.217.194.0-255,5738,206966,76,212836
37870,0.047323,172.31.40.0-255,66,207032,76,212836
37871,0.049608,172.217.194.0-255,5738,212770,76,212836
37872,0.049615,172.31.40.0-255,66,212836,76,212836
37873,0.0,74.125.24.0-255,152,152,76,166101
37874,2.2e-05,172.31.40.0-255,66,218,76,166101
37875,2.9e-05,74.125.24.0-255,1484,1702,76,166101
37876,3.3e-05,172.31.40.0-255,66,1768,76,166101
37877,4.6e-05,74.125.24.0-255,2902,4670,76,166101
37878,4.9e-05,172.31.40.0-255,66,4736,76,166101
37879,5.5e-05,74.125.24.0-255,4320,9056,76,166101
37880,5.7e-05,172.31.40.0-255,66,9122,76,166101
37881,8.4e-05,74.125.24.0-255,4962,14084,76,166101
37882,9.1e-05,172.31.40.0-255,66,14150,76,166101
37883,0.000187,74.125.24.0-255,1484,15634,76,166101
37884,0.00019,172.31.40.0-255,66,15700,76,166101
37885,0.000196,74.125.24.0-255,2902,18602,76,166101
37886,0.000198,172.31.40.0-255,66,18668,76,166101
37887,0.000201,74.125.24.0-255,1484,20152,76,166101
37888,0.000203,172.31.40.0-255,66,20218,76,166101
37889,0.000233,74.125.24.0-255,4320,24538,76,166101
37890,0.000236,172.31.40.0-255,66,24604,76,166101
37891,0.000246,74.125.24.0-255,4320,28924,76,166101
37892,0.000248,172.31.40.0-255,66,28990,76,166101
37893,0.000278,74.125.24.0-255,1484,30474,76,166101
37894,0.000281,172.31.40.0-255,66,30540,76,166101
37895,0.00032,172.31.40.0-255,66,30606,76,166101
37896,0.000323,74.125.24.0-255,1484,32090,76,166101
37897,0.000325,172.31.40.0-255,66,32156,76,166101
37898,0.000361,172.31.40.0-255,66,32222,76,166101
37899,0.000396,172.31.40.0-255,66,32288,76,166101
37900,0.000498,74.125.24.0-255,112,32400,76,166101
37901,0.000503,172.31.40.0-255,66,32466,76,166101
37902,0.000754,74.125.24.0-255,1484,33950,76,166101
37903,0.000776,74.125.24.0-255,1484,35434,76,166101
37904,0.000782,172.31.40.0-255,66,35500,76,166101
37905,0.00081,74.125.24.0-255,2902,38402,76,166101
37906,0.000812,172.31.40.0-255,66,38468,76,166101
37907,0.00083,74.125.24.0-255,4320,42788,76,166101
37908,0.000833,172.31.40.0-255,66,42854,76,166101
37909,0.000855,74.125.24.0-255,1484,44338,76,166101
37910,0.000871,74.125.24.0-255,2902,47240,76,166101
37911,0.000874,172.31.40.0-255,66,47306,76,166101
37912,0.000894,74.125.24.0-255,4320,51626,76,166101
37913,0.000896,172.31.40.0-255,66,51692,76,166101
37914,0.000899,74.125.24.0-255,1484,53176,76,166101
37915,0.000926,172.31.40.0-255,66,53242,76,166101
37916,0.000954,74.125.24.0-255,1484,54726,76,166101
37917,0.00096,74.125.24.0-255,3602,58328,76,166101
37918,0.000963,172.31.40.0-255,66,58394,76,166101
37919,0.003597,74.125.24.0-255,5738,64132,76,166101
37920,0.003605,172.31.40.0-255,66,64198,76,166101
37921,0.006261,74.125.24.0-255,5738,69936,76,166101
37922,0.006265,172.31.40.0-255,66,70002,76,166101
37923,0.009273,74.125.24.0-255,5738,75740,76,166101
37924,0.009282,172.31.40.0-255,66,75806,76,166101
37925,0.012027,74.125.24.0-255,4320,80126,76,166101
37926,0.012037,172.31.40.0-255,66,80192,76,166101
37927,0.012069,74.125.24.0-255,1484,81676,76,166101
37928,0.01465,74.125.24.0-255,4320,85996,76,166101
37929,0.014658,172.31.40.0-255,66,86062,76,166101
37930,0.017279,74.125.24.0-255,5738,91800,76,166101
37931,0.017288,172.31.40.0-255,66,91866,76,166101
37932,0.01994,74.125.24.0-255,2902,94768,76,166101
37933,0.019949,172.31.40.0-255,66,94834,76,166101
37934,0.019983,74.125.24.0-255,2902,97736,76,166101
37935,0.019986,172.31.40.0-255,66,97802,76,166101
37936,0.022544,74.125.24.0-255,2902,100704,76,166101
37937,0.02255,172.31.40.0-255,66,100770,76,166101
37938,0.022597,74.125.24.0-255,2902,103672,76,166101
37939,0.022601,172.31.40.0-255,66,103738,76,166101
37940,0.023421,172.31.40.0-255,172,103910,76,166101
37941,0.023452,172.31.40.0-255,1104,105014,76,166101
37942,0.023511,172.31.40.0-255,1514,106528,76,166101
37943,0.023512,172.31.40.0-255,345,106873,76,166101
37944,0.024986,104.244.42.0-255,66,106939,76,166101
37945,0.025017,104.244.42.0-255,66,107005,76,166101
37946,0.025071,104.244.42.0-255,66,107071,76,166101
37947,0.02515,74.125.24.0-255,2902,109973,76,166101
37948,0.025155,172.31.40.0-255,66,110039,76,166101
37949,0.025242,74.125.24.0-255,2902,112941,76,166101
37950,0.025245,172.31.40.0-255,66,113007,76,166101
37951,0.027749,74.125.24.0-255,2902,115909,76,166101
37952,0.027756,172.31.40.0-255,66,115975,76,166101
37953,0.027851,74.125.24.0-255,2902,118877,76,166101
37954,0.027857,172.31.40.0-255,66,118943,76,166101
37955,0.03037,74.125.24.0-255,2902,121845,76,166101
37956,0.030377,172.31.40.0-255,66,121911,76,166101
37957,0.030456,74.125.24.0-255,2902,124813,76,166101
37958,0.030461,172.31.40.0-255,66,124879,76,166101
37959,0.032962,74.125.24.0-255,2902,127781,76,166101
37960,0.032968,172.31.40.0-255,66,127847,76,166101
37961,0.033074,74.125.24.0-255,2902,130749,76,166101
37962,0.033079,172.31.40.0-255,66,130815,76,166101
37963,0.035638,74.125.24.0-255,2902,133717,76,166101
37964,0.035645,172.31.40.0-255,66,133783,76,166101
37965,0.035708,74.125.24.0-255,2902,136685,76,166101
37966,0.035711,172.31.40.0-255,66,136751,76,166101
37967,0.038266,74.125.24.0-255,2902,139653,76,166101
37968,0.038273,172.31.40.0-255,66,139719,76,166101
37969,0.038328,74.125.24.0-255,2902,142621,76,166101
37970,0.038332,172.31.40.0-255,66,142687,76,166101
37971,0.040902,74.125.24.0-255,2902,145589,76,166101
37972,0.040909,172.31.40.0-255,66,145655,76,166101
37973,0.040938,74.125.24.0-255,1484,147139,76,166101
37974,0.040949,74.125.24.0-255,1484,148623,76,166101
37975,0.040952,172.31.40.0-255,66,148689,76,166101
37976,0.043541,74.125.24.0-255,5738,154427,76,166101
37977,0.043547,172.31.40.0-255,66,154493,76,166101
37978,0.046182,74.125.24.0-255,5738,160231,76,166101
37979,0.046189,172.31.40.0-255,66,160297,76,166101
37980,0.048882,74.125.24.0-255,5738,166035,76,166101
37981,0.048888,172.31.40.0-255,66,166101,76,166101
37982,0.0,74.125.24.0-255,152,152,76,216806
37983,2.2e-05,172.31.40.0-255,66,218,76,216806
37984,2.9e-05,74.125.24.0-255,1484,1702,76,216806
37985,3.3e-05,172.31.40.0-255,66,1768,76,216806
37986,3.9e-05,74.125.24.0-255,2902,4670,76,216806
37987,4.9e-05,172.31.40.0-255,66,4736,76,216806
37988,5.5e-05,74.125.24.0-255,5738,10474,76,216806
37989,5.9e-05,172.31.40.0-255,66,10540,76,216806
37990,8.1e-05,74.125.24.0-255,3448,13988,76,216806
37991,8.4e-05,172.31.40.0-255,66,14054,76,216806
37992,0.000117,74.125.24.0-255,4320,18374,76,216806
37993,0.000121,172.31.40.0-255,66,18440,76,216806
37994,0.000147,74.125.24.0-255,4320,22760,76,216806
37995,0.00015,172.31.40.0-255,66,22826,76,216806
37996,0.000189,172.31.40.0-255,66,22892,76,216806
37997,0.000232,74.125.24.0-255,5738,28630,76,216806
37998,0.000235,172.31.40.0-255,66,28696,76,216806
37999,0.00026,74.125.24.0-255,2902,31598,76,216806
38000,0.000262,172.31.40.0-255,66,31664,76,216806
38001,0.000305,172.31.40.0-255,66,31730,76,216806
38002,0.000335,74.125.24.0-255,7156,38886,76,216806
38003,0.000338,172.31.40.0-255,66,38952,76,216806
38004,0.000342,74.125.24.0-255,2902,41854,76,216806
38005,0.000345,172.31.40.0-255,66,41920,76,216806
38006,0.000376,74.125.24.0-255,5738,47658,76,216806
38007,0.000383,172.31.40.0-255,66,47724,76,216806
38008,0.000386,74.125.24.0-255,1460,49184,76,216806
38009,0.000388,172.31.40.0-255,66,49250,76,216806
38010,0.000607,74.125.24.0-255,110,49360,76,216806
38011,0.000613,172.31.40.0-255,66,49426,76,216806
38012,0.000617,74.125.24.0-255,329,49755,76,216806
38013,0.001108,172.31.40.0-255,66,49821,76,216806
38014,0.001269,74.125.24.0-255,1484,51305,76,216806
38015,0.001278,74.125.24.0-255,2902,54207,76,216806
38016,0.001282,172.31.40.0-255,66,54273,76,216806
38017,0.001319,74.125.24.0-255,5738,60011,76,216806
38018,0.001322,172.31.40.0-255,66,60077,76,216806
38019,0.001354,74.125.24.0-255,4320,64397,76,216806
38020,0.001356,172.31.40.0-255,66,64463,76,216806
38021,0.001389,74.125.24.0-255,4320,68783,76,216806
38022,0.001391,172.31.40.0-255,66,68849,76,216806
38023,0.00141,172.31.40.0-255,66,68915,76,216806
38024,0.002105,74.125.24.0-255,1484,70399,76,216806
38025,0.002114,74.125.24.0-255,2902,73301,76,216806
38026,0.002119,172.31.40.0-255,66,73367,76,216806
38027,0.002127,74.125.24.0-255,5738,79105,76,216806
38028,0.00213,172.31.40.0-255,66,79171,76,216806
38029,0.002159,74.125.24.0-255,7156,86327,76,216806
38030,0.002161,172.31.40.0-255,66,86393,76,216806
38031,0.002192,74.125.24.0-255,5738,92131,76,216806
38032,0.002194,172.31.40.0-255,66,92197,76,216806
38033,0.00221,172.31.40.0-255,66,92263,76,216806
38034,0.002243,74.125.24.0-255,766,93029,76,216806
38035,0.004467,74.125.24.0-255,4320,97349,76,216806
38036,0.00447,172.31.40.0-255,66,97415,76,216806
38037,0.006802,74.125.24.0-255,5738,103153,76,216806
38038,0.006808,172.31.40.0-255,66,103219,76,216806
38039,0.009057,74.125.24.0-255,5738,108957,76,216806
38040,0.009065,172.31.40.0-255,66,109023,76,216806
38041,0.011338,74.125.24.0-255,5738,114761,76,216806
38042,0.011347,172.31.40.0-255,66,114827,76,216806
38043,0.013618,74.125.24.0-255,5738,120565,76,216806
38044,0.013625,172.31.40.0-255,66,120631,76,216806
38045,0.015926,74.125.24.0-255,5738,126369,76,216806
38046,0.015934,172.31.40.0-255,66,126435,76,216806
38047,0.018232,74.125.24.0-255,5738,132173,76,216806
38048,0.018242,172.31.40.0-255,66,132239,76,216806
38049,0.02052,74.125.24.0-255,5738,137977,76,216806
38050,0.020528,172.31.40.0-255,66,138043,76,216806
38051,0.022799,74.125.24.0-255,5738,143781,76,216806
38052,0.022807,172.31.40.0-255,66,143847,76,216806
38053,0.025083,74.125.24.0-255,5738,149585,76,216806
38054,0.025091,172.31.40.0-255,66,149651,76,216806
38055,0.027358,74.125.24.0-255,5738,155389,76,216806
38056,0.027366,172.31.40.0-255,66,155455,76,216806
38057,0.029639,74.125.24.0-255,5738,161193,76,216806
38058,0.029647,172.31.40.0-255,66,161259,76,216806
38059,0.031915,74.125.24.0-255,5738,166997,76,216806
38060,0.031923,172.31.40.0-255,66,167063,76,216806
38061,0.034191,74.125.24.0-255,5738,172801,76,216806
38062,0.034198,172.31.40.0-255,66,172867,76,216806
38063,0.034668,172.31.40.0-255,172,173039,76,216806
38064,0.034703,172.31.40.0-255,1109,174148,76,216806
38065,0.034781,172.31.40.0-255,1514,175662,76,216806
38066,0.034783,172.31.40.0-255,1514,177176,76,216806
38067,0.034784,172.31.40.0-255,1514,178690,76,216806
38068,0.034786,172.31.40.0-255,1514,180204,76,216806
38069,0.034815,172.31.40.0-255,1514,181718,76,216806
38070,0.036207,104.244.42.0-255,66,181784,76,216806
38071,0.036227,104.244.42.0-255,66,181850,76,216806
38072,0.036356,104.244.42.0-255,66,181916,76,216806
38073,0.036382,104.244.42.0-255,66,181982,76,216806
38074,0.036553,74.125.24.0-255,5738,187720,76,216806
38075,0.036558,172.31.40.0-255,66,187786,76,216806
38076,0.038843,74.125.24.0-255,5738,193524,76,216806
38077,0.038849,172.31.40.0-255,66,193590,76,216806
38078,0.041143,74.125.24.0-255,5738,199328,76,216806
38079,0.041149,172.31.40.0-255,66,199394,76,216806
38080,0.043411,74.125.24.0-255,5738,205132,76,216806
38081,0.043418,172.31.40.0-255,66,205198,76,216806
38082,0.045697,74.125.24.0-255,5738,210936,76,216806
38083,0.045704,172.31.40.0-255,66,211002,76,216806
38084,0.047981,74.125.24.0-255,5738,216740,76,216806
38085,0.047988,172.31.40.0-255,66,216806,76,216806
38086,0.0,74.125.24.0-255,152,152,76,188447
38087,1.5e-05,172.31.40.0-255,66,218,76,188447
38088,2.2e-05,74.125.24.0-255,1484,1702,76,188447
38089,2.7e-05,172.31.40.0-255,66,1768,76,188447
38090,3.3e-05,74.125.24.0-255,2902,4670,76,188447
38091,4.3e-05,172.31.40.0-255,66,4736,76,188447
38092,5e-05,74.125.24.0-255,5738,10474,76,188447
38093,5.4e-05,172.31.40.0-255,66,10540,76,188447
38094,7.2e-05,74.125.24.0-255,5738,16278,76,188447
38095,7.6e-05,172.31.40.0-255,66,16344,76,188447
38096,0.00011,172.31.40.0-255,66,16410,76,188447
38097,0.000113,74.125.24.0-255,1484,17894,76,188447
38098,0.000115,172.31.40.0-255,66,17960,76,188447
38099,0.000143,74.125.24.0-255,5379,23339,76,188447
38100,0.000146,172.31.40.0-255,66,23405,76,188447
38101,0.00018,74.125.24.0-255,1484,24889,76,188447
38102,0.000183,172.31.40.0-255,66,24955,76,188447
38103,0.000187,74.125.24.0-255,2902,27857,76,188447
38104,0.00019,172.31.40.0-255,66,27923,76,188447
38105,0.000202,74.125.24.0-255,5738,33661,76,188447
38106,0.000205,172.31.40.0-255,66,33727,76,188447
38107,0.00021,74.125.24.0-255,4320,38047,76,188447
38108,0.000212,172.31.40.0-255,66,38113,76,188447
38109,0.000255,172.31.40.0-255,66,38179,76,188447
38110,0.000266,172.31.40.0-255,66,38245,76,188447
38111,0.000299,74.125.24.0-255,2795,41040,76,188447
38112,0.000301,172.31.40.0-255,66,41106,76,188447
38113,0.000379,74.125.24.0-255,1484,42590,76,188447
38114,0.000383,172.31.40.0-255,66,42656,76,188447
38115,0.000387,74.125.24.0-255,1484,44140,76,188447
38116,0.000408,74.125.24.0-255,1484,45624,76,188447
38117,0.000411,172.31.40.0-255,66,45690,76,188447
38118,0.000418,74.125.24.0-255,5738,51428,76,188447
38119,0.00042,172.31.40.0-255,66,51494,76,188447
38120,0.000456,172.31.40.0-255,66,51560,76,188447
38121,0.000485,74.125.24.0-255,2902,54462,76,188447
38122,0.000487,172.31.40.0-255,66,54528,76,188447
38123,0.000504,172.31.40.0-255,66,54594,76,188447
38124,0.000582,74.125.24.0-255,1484,56078,76,188447
38125,0.000595,74.125.24.0-255,2902,58980,76,188447
38126,0.000598,172.31.40.0-255,66,59046,76,188447
38127,0.000604,74.125.24.0-255,4320,63366,76,188447
38128,0.000606,172.31.40.0-255,66,63432,76,188447
38129,0.000635,74.125.24.0-255,1484,64916,76,188447
38130,0.000646,172.31.40.0-255,66,64982,76,188447
38131,0.000653,74.125.24.0-255,5738,70720,76,188447
38132,0.000655,172.31.40.0-255,66,70786,76,188447
38133,0.000676,74.125.24.0-255,4320,75106,76,188447
38134,0.000682,172.31.40.0-255,66,75172,76,188447
38135,0.000688,74.125.24.0-255,5020,80192,76,188447
38136,0.000691,172.31.40.0-255,66,80258,76,188447
38137,0.000775,74.125.24.0-255,1484,81742,76,188447
38138,0.00078,74.125.24.0-255,2902,84644,76,188447
38139,0.000782,172.31.40.0-255,66,84710,76,188447
38140,0.000805,74.125.24.0-255,5738,90448,76,188447
38141,0.000808,172.31.40.0-255,66,90514,76,188447
38142,0.000811,74.125.24.0-255,1484,91998,76,188447
38143,0.000857,172.31.40.0-255,66,92064,76,188447
38144,0.000867,172.31.40.0-255,66,92130,76,188447
38145,0.000909,172.31.40.0-255,66,92196,76,188447
38146,0.000912,74.125.24.0-255,1484,93680,76,188447
38147,0.000962,172.31.40.0-255,66,93746,76,188447
38148,0.000966,74.125.24.0-255,2184,95930,76,188447
38149,0.000969,172.31.40.0-255,66,95996,76,188447
38150,0.001009,172.31.40.0-255,66,96062,76,188447
38151,0.001029,74.125.24.0-255,2902,98964,76,188447
38152,0.001032,172.31.40.0-255,66,99030,76,188447
38153,0.001044,172.31.40.0-255,66,99096,76,188447
38154,0.001098,172.31.40.0-255,66,99162,76,188447
38155,0.001109,74.125.24.0-255,1484,100646,76,188447
38156,0.001132,74.125.24.0-255,2902,103548,76,188447
38157,0.001135,172.31.40.0-255,66,103614,76,188447
38158,0.001142,74.125.24.0-255,5738,109352,76,188447
38159,0.001147,74.125.24.0-255,4320,113672,76,188447
38160,0.001165,74.125.24.0-255,2543,116215,76,188447
38161,0.001176,172.31.40.0-255,66,116281,76,188447
38162,0.001311,74.125.24.0-255,1484,117765,76,188447
38163,0.001336,74.125.24.0-255,2902,120667,76,188447
38164,0.001343,74.125.24.0-255,5738,126405,76,188447
38165,0.00136,172.31.40.0-255,66,126471,76,188447
38166,0.001387,74.125.24.0-255,7156,133627,76,188447
38167,0.001439,74.125.24.0-255,3602,137229,76,188447
38168,0.001445,172.31.40.0-255,66,137295,76,188447
38169,0.001469,172.31.40.0-255,66,137361,76,188447
38170,0.001666,74.125.24.0-255,1484,138845,76,188447
38171,0.001674,74.125.24.0-255,2902,141747,76,188447
38172,0.001677,172.31.40.0-255,66,141813,76,188447
38173,0.001684,74.125.24.0-255,5738,147551,76,188447
38174,0.001689,172.31.40.0-255,66,147617,76,188447
38175,0.001745,172.31.40.0-255,66,147683,76,188447
38176,0.001759,74.125.24.0-255,5738,153421,76,188447
38177,0.00178,74.125.24.0-255,5020,158441,76,188447
38178,0.001788,172.31.40.0-255,66,158507,76,188447
38179,0.001799,74.125.24.0-255,1484,159991,76,188447
38180,0.001809,74.125.24.0-255,2902,162893,76,188447
38181,0.001823,74.125.24.0-255,5738,168631,76,188447
38182,0.00184,74.125.24.0-255,1484,170115,76,188447
38183,0.001846,172.31.40.0-255,66,170181,76,188447
38184,0.001896,172.31.40.0-255,66,170247,76,188447
38185,0.001927,74.125.24.0-255,7156,177403,76,188447
38186,0.001962,74.125.24.0-255,2902,180305,76,188447
38187,0.001968,172.31.40.0-255,66,180371,76,188447
38188,0.002017,74.125.24.0-255,3434,183805,76,188447
38189,0.002033,74.125.24.0-255,105,183910,76,188447
38190,0.002049,172.31.40.0-255,66,183976,76,188447
38191,0.009669,172.31.40.0-255,105,184081,76,188447
38192,0.011911,74.125.24.0-255,66,184147,76,188447
38193,0.035252,172.31.40.0-255,172,184319,76,188447
38194,0.035289,172.31.40.0-255,1108,185427,76,188447
38195,0.035348,172.31.40.0-255,1514,186941,76,188447
38196,0.03535,172.31.40.0-255,1308,188249,76,188447
38197,0.036834,104.244.42.0-255,66,188315,76,188447
38198,0.036865,104.244.42.0-255,66,188381,76,188447
38199,0.036902,104.244.42.0-255,66,188447,76,188447
38200,0.0,172.217.194.0-255,153,153,76,174734
38201,2.5e-05,172.31.40.0-255,66,219,76,174734
38202,3.3e-05,172.217.194.0-255,1484,1703,76,174734
38203,3.8e-05,172.31.40.0-255,66,1769,76,174734
38204,4.4e-05,172.217.194.0-255,2902,4671,76,174734
38205,5.3e-05,172.31.40.0-255,66,4737,76,174734
38206,6.2e-05,172.217.194.0-255,7156,11893,76,174734
38207,6.5e-05,172.31.40.0-255,66,11959,76,174734
38208,0.000113,172.31.40.0-255,66,12025,76,174734
38209,0.000124,172.31.40.0-255,66,12091,76,174734
38210,0.000133,172.217.194.0-255,2543,14634,76,174734
38211,0.000137,172.31.40.0-255,66,14700,76,174734
38212,0.000206,172.217.194.0-255,1484,16184,76,174734
38213,0.000209,172.31.40.0-255,66,16250,76,174734
38214,0.000215,172.217.194.0-255,2902,19152,76,174734
38215,0.000217,172.31.40.0-255,66,19218,76,174734
38216,0.000223,172.217.194.0-255,4320,23538,76,174734
38217,0.000225,172.31.40.0-255,66,23604,76,174734
38218,0.000263,172.217.194.0-255,1484,25088,76,174734
38219,0.000265,172.31.40.0-255,66,25154,76,174734
38220,0.000282,172.31.40.0-255,66,25220,76,174734
38221,0.000298,172.31.40.0-255,66,25286,76,174734
38222,0.000374,172.217.194.0-255,380,25666,76,174734
38223,0.000378,172.31.40.0-255,66,25732,76,174734
38224,0.000441,172.217.194.0-255,365,26097,76,174734
38225,0.000444,172.31.40.0-255,66,26163,76,174734
38226,0.000562,172.217.194.0-255,1484,27647,76,174734
38227,0.000565,172.31.40.0-255,66,27713,76,174734
38228,0.000571,172.217.194.0-255,2902,30615,76,174734
38229,0.000594,172.217.194.0-255,5738,36353,76,174734
38230,0.000608,172.217.194.0-255,1484,37837,76,174734
38231,0.000639,172.217.194.0-255,1484,39321,76,174734
38232,0.000683,172.31.40.0-255,66,39387,76,174734
38233,0.000692,172.217.194.0-255,766,40153,76,174734
38234,0.000726,172.217.194.0-255,1484,41637,76,174734
38235,0.000734,172.31.40.0-255,66,41703,76,174734
38236,0.000746,172.217.194.0-255,2902,44605,76,174734
38237,0.000769,172.217.194.0-255,5738,50343,76,174734
38238,0.000786,172.217.194.0-255,4320,54663,76,174734
38239,0.000793,172.31.40.0-255,66,54729,76,174734
38240,0.000826,172.217.194.0-255,7156,61885,76,174734
38241,0.000849,172.31.40.0-255,66,61951,76,174734
38242,0.000921,172.217.194.0-255,1484,63435,76,174734
38243,0.000926,172.217.194.0-255,2902,66337,76,174734
38244,0.000948,172.217.194.0-255,5738,72075,76,174734
38245,0.000954,172.31.40.0-255,66,72141,76,174734
38246,0.001003,172.217.194.0-255,2902,75043,76,174734
38247,0.001007,172.217.194.0-255,2902,77945,76,174734
38248,0.00101,172.31.40.0-255,66,78011,76,174734
38249,0.00102,172.31.40.0-255,66,78077,76,174734
38250,0.001028,172.217.194.0-255,7156,85233,76,174734
38251,0.001029,172.217.194.0-255,766,85999,76,174734
38252,0.001052,172.217.194.0-255,1484,87483,76,174734
38253,0.001081,172.217.194.0-255,4320,91803,76,174734
38254,0.001085,172.217.194.0-255,1484,93287,76,174734
38255,0.00109,172.31.40.0-255,66,93353,76,174734
38256,0.001107,172.217.194.0-255,4320,97673,76,174734
38257,0.001124,172.217.194.0-255,1484,99157,76,174734
38258,0.001156,172.31.40.0-255,66,99223,76,174734
38259,0.001211,172.217.194.0-255,1484,100707,76,174734
38260,0.001218,172.217.194.0-255,2902,103609,76,174734
38261,0.001242,172.217.194.0-255,5738,109347,76,174734
38262,0.001254,172.31.40.0-255,66,109413,76,174734
38263,0.001302,172.217.194.0-255,7156,116569,76,174734
38264,0.001315,172.31.40.0-255,66,116635,76,174734
38265,0.001348,172.217.194.0-255,3602,120237,76,174734
38266,0.001366,172.31.40.0-255,66,120303,76,174734
38267,0.00144,172.217.194.0-255,1484,121787,76,174734
38268,0.001451,172.217.194.0-255,2902,124689,76,174734
38269,0.001469,172.217.194.0-255,5738,130427,76,174734
38270,0.001472,172.31.40.0-255,66,130493,76,174734
38271,0.001478,172.31.40.0-255,66,130559,76,174734
38272,0.001527,172.217.194.0-255,766,131325,76,174734
38273,0.001588,172.217.194.0-255,1484,132809,76,174734
38274,0.001597,172.31.40.0-255,66,132875,76,174734
38275,0.001628,172.217.194.0-255,2902,135777,76,174734
38276,0.001634,172.217.194.0-255,4320,140097,76,174734
38277,0.001648,172.217.194.0-255,4320,144417,76,174734
38278,0.001656,172.31.40.0-255,66,144483,76,174734
38279,0.001708,172.31.40.0-255,66,144549,76,174734
38280,0.001717,172.217.194.0-255,2902,147451,76,174734
38281,0.001727,172.217.194.0-255,7156,154607,76,174734
38282,0.001735,172.31.40.0-255,66,154673,76,174734
38283,0.001797,172.31.40.0-255,66,154739,76,174734
38284,0.001831,172.31.40.0-255,66,154805,76,174734
38285,0.001888,172.217.194.0-255,7156,161961,76,174734
38286,0.001891,172.31.40.0-255,66,162027,76,174734
38287,0.001896,172.31.40.0-255,66,162093,76,174734
38288,0.001906,172.217.194.0-255,5738,167831,76,174734
38289,0.001914,172.217.194.0-255,2195,170026,76,174734
38290,0.001951,172.217.194.0-255,105,170131,76,174734
38291,0.001955,172.31.40.0-255,66,170197,76,174734
38292,0.004688,172.31.40.0-255,66,170263,76,174734
38293,0.004725,172.31.40.0-255,105,170368,76,174734
38294,0.00724,172.217.194.0-255,66,170434,76,174734
38295,0.030825,172.31.40.0-255,172,170606,76,174734
38296,0.030857,172.31.40.0-255,1108,171714,76,174734
38297,0.030918,172.31.40.0-255,1514,173228,76,174734
38298,0.03092,172.31.40.0-255,1308,174536,76,174734
38299,0.032365,104.244.42.0-255,66,174602,76,174734
38300,0.032396,104.244.42.0-255,66,174668,76,174734
38301,0.032434,104.244.42.0-255,66,174734,76,174734
38302,0.0,74.125.24.0-255,153,153,76,217448
38303,2.3e-05,172.31.40.0-255,66,219,76,217448
38304,3e-05,74.125.24.0-255,1484,1703,76,217448
38305,3.5e-05,172.31.40.0-255,66,1769,76,217448
38306,4e-05,74.125.24.0-255,2902,4671,76,217448
38307,5.1e-05,172.31.40.0-255,66,4737,76,217448
38308,5.6e-05,74.125.24.0-255,4320,9057,76,217448
38309,6e-05,172.31.40.0-255,66,9123,76,217448
38310,6.7e-05,74.125.24.0-255,4947,14070,76,217448
38311,7e-05,172.31.40.0-255,66,14136,76,217448
38312,7.7e-05,74.125.24.0-255,5738,19874,76,217448
38313,8e-05,172.31.40.0-255,66,19940,76,217448
38314,8.4e-05,74.125.24.0-255,1484,21424,76,217448
38315,8.7e-05,172.31.40.0-255,66,21490,76,217448
38316,0.000108,74.125.24.0-255,7156,28646,76,217448
38317,0.000115,172.31.40.0-255,66,28712,76,217448
38318,0.000147,74.125.24.0-255,2543,31255,76,217448
38319,0.00015,172.31.40.0-255,66,31321,76,217448
38320,0.000619,74.125.24.0-255,1484,32805,76,217448
38321,0.000624,172.31.40.0-255,66,32871,76,217448
38322,0.000631,74.125.24.0-255,2902,35773,76,217448
38323,0.000634,172.31.40.0-255,66,35839,76,217448
38324,0.000655,74.125.24.0-255,5738,41577,76,217448
38325,0.000658,172.31.40.0-255,66,41643,76,217448
38326,0.000696,74.125.24.0-255,5738,47381,76,217448
38327,0.000699,172.31.40.0-255,66,47447,76,217448
38328,0.000732,172.31.40.0-255,66,47513,76,217448
38329,0.000747,74.125.24.0-255,7156,54669,76,217448
38330,0.000755,172.31.40.0-255,66,54735,76,217448
38331,0.000784,74.125.24.0-255,2816,57551,76,217448
38332,0.000787,172.31.40.0-255,66,57617,76,217448
38333,0.000977,74.125.24.0-255,130,57747,76,217448
38334,0.001104,172.31.40.0-255,66,57813,76,217448
38335,0.001115,74.125.24.0-255,1484,59297,76,217448
38336,0.001125,74.125.24.0-255,2902,62199,76,217448
38337,0.00115,74.125.24.0-255,2902,65101,76,217448
38338,0.001157,172.31.40.0-255,66,65167,76,217448
38339,0.001184,74.125.24.0-255,4320,69487,76,217448
38340,0.001202,74.125.24.0-255,5379,74866,76,217448
38341,0.001209,172.31.40.0-255,66,74932,76,217448
38342,0.001217,74.125.24.0-255,1484,76416,76,217448
38343,0.001242,74.125.24.0-255,4320,80736,76,217448
38344,0.001268,74.125.24.0-255,4320,85056,76,217448
38345,0.001289,74.125.24.0-255,6797,91853,76,217448
38346,0.001292,172.31.40.0-255,66,91919,76,217448
38347,0.001297,172.31.40.0-255,66,91985,76,217448
38348,0.003383,74.125.24.0-255,4320,96305,76,217448
38349,0.00339,172.31.40.0-255,66,96371,76,217448
38350,0.003419,74.125.24.0-255,1484,97855,76,217448
38351,0.005456,74.125.24.0-255,2902,100757,76,217448
38352,0.005476,74.125.24.0-255,1484,102241,76,217448
38353,0.007632,172.31.40.0-255,66,102307,76,217448
38354,0.009695,74.125.24.0-255,5738,108045,76,217448
38355,0.009704,172.31.40.0-255,66,108111,76,217448
38356,0.011754,74.125.24.0-255,5738,113849,76,217448
38357,0.011764,172.31.40.0-255,66,113915,76,217448
38358,0.013842,74.125.24.0-255,5738,119653,76,217448
38359,0.014889,172.31.40.0-255,66,119719,76,217448
38360,0.016957,74.125.24.0-255,5738,125457,76,217448
38361,0.016967,172.31.40.0-255,66,125523,76,217448
38362,0.019043,74.125.24.0-255,4320,129843,76,217448
38363,0.01905,172.31.40.0-255,66,129909,76,217448
38364,0.019069,74.125.24.0-255,1484,131393,76,217448
38365,0.021149,74.125.24.0-255,4320,135713,76,217448
38366,0.021157,172.31.40.0-255,66,135779,76,217448
38367,0.023207,74.125.24.0-255,5738,141517,76,217448
38368,0.023256,172.31.40.0-255,66,141583,76,217448
38369,0.02537,74.125.24.0-255,5738,147321,76,217448
38370,0.025379,172.31.40.0-255,66,147387,76,217448
38371,0.027414,74.125.24.0-255,5738,153125,76,217448
38372,0.027422,172.31.40.0-255,66,153191,76,217448
38373,0.029468,74.125.24.0-255,5738,158929,76,217448
38374,0.029476,172.31.40.0-255,66,158995,76,217448
38375,0.031588,74.125.24.0-255,5738,164733,76,217448
38376,0.031595,172.31.40.0-255,66,164799,76,217448
38377,0.033656,74.125.24.0-255,5738,170537,76,217448
38378,0.033669,172.31.40.0-255,66,170603,76,217448
38379,0.035751,74.125.24.0-255,5738,176341,76,217448
38380,0.03576,172.31.40.0-255,66,176407,76,217448
38381,0.037823,74.125.24.0-255,5738,182145,76,217448
38382,0.03783,172.31.40.0-255,66,182211,76,217448
38383,0.039902,74.125.24.0-255,5738,187949,76,217448
38384,0.03991,172.31.40.0-255,66,188015,76,217448
38385,0.041997,74.125.24.0-255,5738,193753,76,217448
38386,0.042005,172.31.40.0-255,66,193819,76,217448
38387,0.04409,74.125.24.0-255,5738,199557,76,217448
38388,0.044102,172.31.40.0-255,66,199623,76,217448
38389,0.045865,172.31.40.0-255,176,199799,76,217448
38390,0.045897,172.31.40.0-255,1109,200908,76,217448
38391,0.045967,172.31.40.0-255,1514,202422,76,217448
38392,0.045969,172.31.40.0-255,1514,203936,76,217448
38393,0.045971,172.31.40.0-255,1514,205450,76,217448
38394,0.045971,172.31.40.0-255,126,205576,76,217448
38395,0.046186,74.125.24.0-255,5738,211314,76,217448
38396,0.046192,172.31.40.0-255,66,211380,76,217448
38397,0.047431,104.244.42.0-255,66,211446,76,217448
38398,0.047483,104.244.42.0-255,66,211512,76,217448
38399,0.04753,104.244.42.0-255,66,211578,76,217448
38400,0.047535,104.244.42.0-255,66,211644,76,217448
38401,0.048276,74.125.24.0-255,5738,217382,76,217448
38402,0.048284,172.31.40.0-255,66,217448,76,217448
38403,0.0,74.125.24.0-255,149,149,76,174868
38404,2.3e-05,172.31.40.0-255,66,215,76,174868
38405,3.1e-05,74.125.24.0-255,1484,1699,76,174868
38406,3.6e-05,172.31.40.0-255,66,1765,76,174868
38407,4.2e-05,74.125.24.0-255,2902,4667,76,174868
38408,4.5e-05,172.31.40.0-255,66,4733,76,174868
38409,5.3e-05,74.125.24.0-255,7156,11889,76,174868
38410,5.5e-05,172.31.40.0-255,66,11955,76,174868
38411,9.2e-05,74.125.24.0-255,2072,14027,76,174868
38412,9.4e-05,172.31.40.0-255,66,14093,76,174868
38413,0.000137,74.125.24.0-255,1484,15577,76,174868
38414,0.000139,172.31.40.0-255,66,15643,76,174868
38415,0.000157,74.125.24.0-255,2902,18545,76,174868
38416,0.00016,172.31.40.0-255,66,18611,76,174868
38417,0.000196,74.125.24.0-255,5738,24349,76,174868
38418,0.000198,172.31.40.0-255,66,24415,76,174868
38419,0.000203,74.125.24.0-255,4320,28735,76,174868
38420,0.000205,172.31.40.0-255,66,28801,76,174868
38421,0.000249,74.125.24.0-255,2543,31344,76,174868
38422,0.000252,172.31.40.0-255,66,31410,76,174868
38423,0.000333,74.125.24.0-255,1484,32894,76,174868
38424,0.000336,172.31.40.0-255,66,32960,76,174868
38425,0.000341,74.125.24.0-255,2902,35862,76,174868
38426,0.000344,172.31.40.0-255,66,35928,76,174868
38427,0.000348,74.125.24.0-255,2902,38830,76,174868
38428,0.00035,172.31.40.0-255,66,38896,76,174868
38429,0.000372,74.125.24.0-255,1484,40380,76,174868
38430,0.000374,172.31.40.0-255,66,40446,76,174868
38431,0.00038,74.125.24.0-255,4320,44766,76,174868
38432,0.000382,172.31.40.0-255,66,44832,76,174868
38433,0.000406,74.125.24.0-255,5379,50211,76,174868
38434,0.000409,172.31.40.0-255,66,50277,76,174868
38435,0.000421,172.31.40.0-255,66,50343,76,174868
38436,0.000468,74.125.24.0-255,3961,54304,76,174868
38437,0.000471,172.31.40.0-255,66,54370,76,174868
38438,0.000507,74.125.24.0-255,677,55047,76,174868
38439,0.000611,74.125.24.0-255,1484,56531,76,174868
38440,0.000616,172.31.40.0-255,66,56597,76,174868
38441,0.000623,74.125.24.0-255,2902,59499,76,174868
38442,0.000625,172.31.40.0-255,66,59565,76,174868
38443,0.000655,74.125.24.0-255,5738,65303,76,174868
38444,0.000659,172.31.40.0-255,66,65369,76,174868
38445,0.000679,74.125.24.0-255,1484,66853,76,174868
38446,0.000702,172.31.40.0-255,66,66919,76,174868
38447,0.000751,74.125.24.0-255,4320,71239,76,174868
38448,0.000754,172.31.40.0-255,66,71305,76,174868
38449,0.00078,74.125.24.0-255,6797,78102,76,174868
38450,0.000783,172.31.40.0-255,66,78168,76,174868
38451,0.000786,74.125.24.0-255,1484,79652,76,174868
38452,0.000821,74.125.24.0-255,2902,82554,76,174868
38453,0.000824,172.31.40.0-255,66,82620,76,174868
38454,0.00085,74.125.24.0-255,4320,86940,76,174868
38455,0.000853,172.31.40.0-255,66,87006,76,174868
38456,0.00086,74.125.24.0-255,5738,92744,76,174868
38457,0.000862,172.31.40.0-255,66,92810,76,174868
38458,0.000876,74.125.24.0-255,2902,95712,76,174868
38459,0.000879,172.31.40.0-255,66,95778,76,174868
38460,0.000886,74.125.24.0-255,7156,102934,76,174868
38461,0.000889,172.31.40.0-255,66,103000,76,174868
38462,0.000936,172.31.40.0-255,66,103066,76,174868
38463,0.000954,74.125.24.0-255,766,103832,76,174868
38464,0.001021,74.125.24.0-255,1484,105316,76,174868
38465,0.001024,172.31.40.0-255,66,105382,76,174868
38466,0.001029,74.125.24.0-255,1484,106866,76,174868
38467,0.001046,74.125.24.0-255,1484,108350,76,174868
38468,0.001048,172.31.40.0-255,66,108416,76,174868
38469,0.001055,74.125.24.0-255,5738,114154,76,174868
38470,0.001057,172.31.40.0-255,66,114220,76,174868
38471,0.001094,172.31.40.0-255,66,114286,76,174868
38472,0.001116,74.125.24.0-255,4320,118606,76,174868
38473,0.001119,172.31.40.0-255,66,118672,76,174868
38474,0.001136,74.125.24.0-255,4320,122992,76,174868
38475,0.001139,172.31.40.0-255,66,123058,76,174868
38476,0.00116,74.125.24.0-255,6438,129496,76,174868
38477,0.001163,172.31.40.0-255,66,129562,76,174868
38478,0.001317,74.125.24.0-255,1484,131046,76,174868
38479,0.001323,74.125.24.0-255,2902,133948,76,174868
38480,0.001326,172.31.40.0-255,66,134014,76,174868
38481,0.001332,74.125.24.0-255,2902,136916,76,174868
38482,0.001333,172.31.40.0-255,66,136982,76,174868
38483,0.001349,74.125.24.0-255,2902,139884,76,174868
38484,0.001351,172.31.40.0-255,66,139950,76,174868
38485,0.001354,74.125.24.0-255,1484,141434,76,174868
38486,0.00139,172.31.40.0-255,66,141500,76,174868
38487,0.001403,172.31.40.0-255,66,141566,76,174868
38488,0.001503,74.125.24.0-255,1484,143050,76,174868
38489,0.001508,74.125.24.0-255,1484,144534,76,174868
38490,0.001511,172.31.40.0-255,66,144600,76,174868
38491,0.001526,74.125.24.0-255,1484,146084,76,174868
38492,0.001534,74.125.24.0-255,5738,151822,76,174868
38493,0.001537,172.31.40.0-255,66,151888,76,174868
38494,0.00155,74.125.24.0-255,2902,154790,76,174868
38495,0.001552,172.31.40.0-255,66,154856,76,174868
38496,0.001577,172.31.40.0-255,66,154922,76,174868
38497,0.001607,172.31.40.0-255,66,154988,76,174868
38498,0.001643,172.31.40.0-255,66,155054,76,174868
38499,0.00172,172.31.40.0-255,66,155120,76,174868
38500,0.001723,74.125.24.0-255,1484,156604,76,174868
38501,0.001773,172.31.40.0-255,66,156670,76,174868
38502,0.001791,172.31.40.0-255,66,156736,76,174868
38503,0.001808,172.31.40.0-255,66,156802,76,174868
38504,0.001814,74.125.24.0-255,7156,163958,76,174868
38505,0.001816,172.31.40.0-255,66,164024,76,174868
38506,0.001838,172.31.40.0-255,66,164090,76,174868
38507,0.001883,172.31.40.0-255,66,164156,76,174868
38508,0.001889,74.125.24.0-255,4320,168476,76,174868
38509,0.001891,172.31.40.0-255,66,168542,76,174868
38510,0.001929,172.31.40.0-255,66,168608,76,174868
38511,0.001932,172.31.40.0-255,66,168674,76,174868
38512,0.001962,74.125.24.0-255,1484,170158,76,174868
38513,0.001999,172.31.40.0-255,66,170224,76,174868
38514,0.002003,74.125.24.0-255,105,170329,76,174868
38515,0.009852,172.31.40.0-255,66,170395,76,174868
38516,0.009892,172.31.40.0-255,105,170500,76,174868
38517,0.012169,74.125.24.0-255,66,170566,76,174868
38518,0.030344,172.31.40.0-255,172,170738,76,174868
38519,0.03038,172.31.40.0-255,1109,171847,76,174868
38520,0.030441,172.31.40.0-255,1514,173361,76,174868
38521,0.030443,172.31.40.0-255,1309,174670,76,174868
38522,0.031866,104.244.42.0-255,66,174736,76,174868
38523,0.031899,104.244.42.0-255,66,174802,76,174868
38524,0.032022,104.244.42.0-255,66,174868,76,174868
38525,0.0,172.217.194.0-255,150,150,76,245332
38526,2.2e-05,172.31.40.0-255,66,216,76,245332
38527,3e-05,172.217.194.0-255,1484,1700,76,245332
38528,3.4e-05,172.31.40.0-255,66,1766,76,245332
38529,4.6e-05,172.217.194.0-255,1484,3250,76,245332
38530,4.9e-05,172.31.40.0-255,66,3316,76,245332
38531,5.7e-05,172.217.194.0-255,4320,7636,76,245332
38532,6e-05,172.31.40.0-255,66,7702,76,245332
38533,8.8e-05,172.217.194.0-255,4320,12022,76,245332
38534,9.1e-05,172.31.40.0-255,66,12088,76,245332
38535,0.000118,172.217.194.0-255,2098,14186,76,245332
38536,0.00012,172.31.40.0-255,66,14252,76,245332
38537,0.000128,172.217.194.0-255,7156,21408,76,245332
38538,0.000131,172.31.40.0-255,66,21474,76,245332
38539,0.00014,172.217.194.0-255,4320,25794,76,245332
38540,0.000143,172.31.40.0-255,66,25860,76,245332
38541,0.000171,172.217.194.0-255,7156,33016,76,245332
38542,0.000174,172.31.40.0-255,66,33082,76,245332
38543,0.000193,172.217.194.0-255,5738,38820,76,245332
38544,0.000195,172.31.40.0-255,66,38886,76,245332
38545,0.000198,172.217.194.0-255,1484,40370,76,245332
38546,0.0002,172.31.40.0-255,66,40436,76,245332
38547,0.000246,172.31.40.0-255,66,40502,76,245332
38548,0.000276,172.217.194.0-255,1484,41986,76,245332
38549,0.000278,172.31.40.0-255,66,42052,76,245332
38550,0.000306,172.217.194.0-255,2902,44954,76,245332
38551,0.000308,172.31.40.0-255,66,45020,76,245332
38552,0.000314,172.217.194.0-255,4320,49340,76,245332
38553,0.000316,172.31.40.0-255,66,49406,76,245332
38554,0.000344,172.217.194.0-255,1484,50890,76,245332
38555,0.000347,172.31.40.0-255,66,50956,76,245332
38556,0.000351,172.217.194.0-255,2902,53858,76,245332
38557,0.000354,172.31.40.0-255,66,53924,76,245332
38558,0.000384,172.217.194.0-255,4253,58177,76,245332
38559,0.000387,172.31.40.0-255,66,58243,76,245332
38560,0.000409,172.217.194.0-255,364,58607,76,245332
38561,0.00046,172.217.194.0-255,1484,60091,76,245332
38562,0.000463,172.31.40.0-255,66,60157,76,245332
38563,0.000469,172.217.194.0-255,2902,63059,76,245332
38564,0.000471,172.31.40.0-255,66,63125,76,245332
38565,0.00051,172.217.194.0-255,2902,66027,76,245332
38566,0.000513,172.31.40.0-255,66,66093,76,245332
38567,0.000537,172.217.194.0-255,2902,68995,76,245332
38568,0.000539,172.31.40.0-255,66,69061,76,245332
38569,0.000557,172.31.40.0-255,66,69127,76,245332
38570,0.00057,172.31.40.0-255,66,69193,76,245332
38571,0.001089,172.217.194.0-255,1484,70677,76,245332
38572,0.001096,172.217.194.0-255,2902,73579,76,245332
38573,0.0011,172.31.40.0-255,66,73645,76,245332
38574,0.00113,172.217.194.0-255,5738,79383,76,245332
38575,0.001134,172.31.40.0-255,66,79449,76,245332
38576,0.001141,172.217.194.0-255,7156,86605,76,245332
38577,0.001144,172.31.40.0-255,66,86671,76,245332
38578,0.001154,172.217.194.0-255,4320,90991,76,245332
38579,0.001156,172.31.40.0-255,66,91057,76,245332
38580,0.001199,172.31.40.0-255,66,91123,76,245332
38581,0.001203,172.217.194.0-255,2184,93307,76,245332
38582,0.001205,172.31.40.0-255,66,93373,76,245332
38583,0.00121,172.217.194.0-255,2902,96275,76,245332
38584,0.001212,172.31.40.0-255,66,96341,76,245332
38585,0.001216,172.217.194.0-255,2902,99243,76,245332
38586,0.001218,172.31.40.0-255,66,99309,76,245332
38587,0.001249,172.217.194.0-255,4320,103629,76,245332
38588,0.001252,172.31.40.0-255,66,103695,76,245332
38589,0.001263,172.217.194.0-255,5738,109433,76,245332
38590,0.001266,172.31.40.0-255,66,109499,76,245332
38591,0.001278,172.31.40.0-255,66,109565,76,245332
38592,0.001313,172.217.194.0-255,2902,112467,76,245332
38593,0.001316,172.31.40.0-255,66,112533,76,245332
38594,0.001322,172.217.194.0-255,3602,116135,76,245332
38595,0.001324,172.31.40.0-255,66,116201,76,245332
38596,0.001731,172.217.194.0-255,1484,117685,76,245332
38597,0.001735,172.217.194.0-255,1484,119169,76,245332
38598,0.001741,172.31.40.0-255,66,119235,76,245332
38599,0.001772,172.217.194.0-255,1484,120719,76,245332
38600,0.001779,172.217.194.0-255,5738,126457,76,245332
38601,0.001781,172.31.40.0-255,66,126523,76,245332
38602,0.001787,172.217.194.0-255,4320,130843,76,245332
38603,0.001789,172.31.40.0-255,66,130909,76,245332
38604,0.001829,172.31.40.0-255,66,130975,76,245332
38605,0.00184,172.31.40.0-255,66,131041,76,245332
38606,0.001848,172.217.194.0-255,2184,133225,76,245332
38607,0.00185,172.31.40.0-255,66,133291,76,245332
38608,0.002238,172.217.194.0-255,1484,134775,76,245332
38609,0.002245,172.217.194.0-255,2902,137677,76,245332
38610,0.002249,172.31.40.0-255,66,137743,76,245332
38611,0.002256,172.217.194.0-255,5738,143481,76,245332
38612,0.002258,172.31.40.0-255,66,143547,76,245332
38613,0.002261,172.217.194.0-255,1484,145031,76,245332
38614,0.002288,172.217.194.0-255,2902,147933,76,245332
38615,0.00229,172.31.40.0-255,66,147999,76,245332
38616,0.002328,172.31.40.0-255,66,148065,76,245332
38617,0.002365,172.217.194.0-255,5738,153803,76,245332
38618,0.002368,172.31.40.0-255,66,153869,76,245332
38619,0.002371,172.217.194.0-255,766,154635,76,245332
38620,0.002484,172.217.194.0-255,1484,156119,76,245332
38621,0.002488,172.31.40.0-255,66,156185,76,245332
38622,0.002494,172.217.194.0-255,2902,159087,76,245332
38623,0.002496,172.31.40.0-255,66,159153,76,245332
38624,0.002499,172.217.194.0-255,1484,160637,76,245332
38625,0.002519,172.217.194.0-255,1484,162121,76,245332
38626,0.002522,172.31.40.0-255,66,162187,76,245332
38627,0.002551,172.217.194.0-255,7156,169343,76,245332
38628,0.002554,172.31.40.0-255,66,169409,76,245332
38629,0.00257,172.217.194.0-255,7156,176565,76,245332
38630,0.002573,172.31.40.0-255,66,176631,76,245332
38631,0.002606,172.217.194.0-255,1484,178115,76,245332
38632,0.002641,172.31.40.0-255,66,178181,76,245332
38633,0.002644,172.217.194.0-255,1484,179665,76,245332
38634,0.002648,172.217.194.0-255,2902,182567,76,245332
38635,0.002656,172.31.40.0-255,66,182633,76,245332
38636,0.00266,172.217.194.0-255,1484,184117,76,245332
38637,0.002686,172.217.194.0-255,4320,188437,76,245332
38638,0.002689,172.31.40.0-255,66,188503,76,245332
38639,0.002695,172.217.194.0-255,5738,194241,76,245332
38640,0.002697,172.31.40.0-255,66,194307,76,245332
38641,0.002716,172.31.40.0-255,66,194373,76,245332
38642,0.002719,172.217.194.0-255,1484,195857,76,245332
38643,0.002742,172.217.194.0-255,3602,199459,76,245332
38644,0.002749,172.31.40.0-255,66,199525,76,245332
38645,0.003139,172.217.194.0-255,1484,201009,76,245332
38646,0.003146,172.217.194.0-255,2902,203911,76,245332
38647,0.00315,172.31.40.0-255,66,203977,76,245332
38648,0.003153,172.217.194.0-255,1484,205461,76,245332
38649,0.003184,172.217.194.0-255,4320,209781,76,245332
38650,0.003187,172.31.40.0-255,66,209847,76,245332
38651,0.003193,172.217.194.0-255,5738,215585,76,245332
38652,0.003195,172.31.40.0-255,66,215651,76,245332
38653,0.003216,172.31.40.0-255,66,215717,76,245332
38654,0.003251,172.217.194.0-255,5020,220737,76,245332
38655,0.003254,172.31.40.0-255,66,220803,76,245332
38656,0.003281,172.217.194.0-255,5738,226541,76,245332
38657,0.003284,172.31.40.0-255,66,226607,76,245332
38658,0.00329,172.217.194.0-255,5738,232345,76,245332
38659,0.003292,172.31.40.0-255,66,232411,76,245332
38660,0.003333,172.31.40.0-255,66,232477,76,245332
38661,0.003336,172.217.194.0-255,1484,233961,76,245332
38662,0.003379,172.31.40.0-255,66,234027,76,245332
38663,0.003382,172.217.194.0-255,1484,235511,76,245332
38664,0.003405,172.31.40.0-255,66,235577,76,245332
38665,0.003416,172.31.40.0-255,66,235643,76,245332
38666,0.003418,172.217.194.0-255,1484,237127,76,245332
38667,0.003423,172.217.194.0-255,2902,240029,76,245332
38668,0.003426,172.31.40.0-255,66,240095,76,245332
38669,0.003461,172.217.194.0-255,4829,244924,76,245332
38670,0.003464,172.31.40.0-255,66,244990,76,245332
38671,0.003489,172.217.194.0-255,105,245095,76,245332
38672,0.015567,172.31.40.0-255,66,245161,76,245332
38673,0.015619,172.31.40.0-255,105,245266,76,245332
38674,0.017857,172.217.194.0-255,66,245332,76,245332
38675,0.0,74.125.68.0-255,153,153,76,249852
38676,2.5e-05,172.31.40.0-255,66,219,76,249852
38677,3.3e-05,74.125.68.0-255,1484,1703,76,249852
38678,3.7e-05,172.31.40.0-255,66,1769,76,249852
38679,4.4e-05,74.125.68.0-255,2902,4671,76,249852
38680,4.8e-05,172.31.40.0-255,66,4737,76,249852
38681,5.1e-05,74.125.68.0-255,1484,6221,76,249852
38682,5.5e-05,172.31.40.0-255,66,6287,76,249852
38683,7.8e-05,74.125.68.0-255,4320,10607,76,249852
38684,8.1e-05,172.31.40.0-255,66,10673,76,249852
38685,8.5e-05,74.125.68.0-255,1484,12157,76,249852
38686,8.7e-05,172.31.40.0-255,66,12223,76,249852
38687,9.2e-05,74.125.68.0-255,2004,14227,76,249852
38688,9.4e-05,172.31.40.0-255,66,14293,76,249852
38689,0.000433,74.125.68.0-255,1484,15777,76,249852
38690,0.000438,172.31.40.0-255,66,15843,76,249852
38691,0.000443,74.125.68.0-255,1484,17327,76,249852
38692,0.000445,172.31.40.0-255,66,17393,76,249852
38693,0.000461,74.125.68.0-255,1484,18877,76,249852
38694,0.000464,172.31.40.0-255,66,18943,76,249852
38695,0.000471,74.125.68.0-255,2902,21845,76,249852
38696,0.000474,172.31.40.0-255,66,21911,76,249852
38697,0.000491,74.125.68.0-255,2902,24813,76,249852
38698,0.000494,172.31.40.0-255,66,24879,76,249852
38699,0.000498,74.125.68.0-255,2902,27781,76,249852
38700,0.0005,172.31.40.0-255,66,27847,76,249852
38701,0.000521,74.125.68.0-255,3961,31808,76,249852
38702,0.000524,172.31.40.0-255,66,31874,76,249852
38703,0.000575,74.125.68.0-255,1484,33358,76,249852
38704,0.000578,172.31.40.0-255,66,33424,76,249852
38705,0.000583,74.125.68.0-255,2902,36326,76,249852
38706,0.000585,172.31.40.0-255,66,36392,76,249852
38707,0.000588,74.125.68.0-255,1484,37876,76,249852
38708,0.000593,74.125.68.0-255,2902,40778,76,249852
38709,0.000622,74.125.68.0-255,5738,46516,76,249852
38710,0.000624,74.125.68.0-255,1484,48000,76,249852
38711,0.000628,172.31.40.0-255,66,48066,76,249852
38712,0.000634,172.31.40.0-255,66,48132,76,249852
38713,0.000675,74.125.68.0-255,1125,49257,76,249852
38714,0.000754,74.125.68.0-255,1484,50741,76,249852
38715,0.000771,74.125.68.0-255,2902,53643,76,249852
38716,0.000782,74.125.68.0-255,1484,55127,76,249852
38717,0.000786,172.31.40.0-255,66,55193,76,249852
38718,0.000802,74.125.68.0-255,2902,58095,76,249852
38719,0.000812,172.31.40.0-255,66,58161,76,249852
38720,0.000829,74.125.68.0-255,5738,63899,76,249852
38721,0.000835,74.125.68.0-255,2543,66442,76,249852
38722,0.000853,172.31.40.0-255,66,66508,76,249852
38723,0.000871,74.125.68.0-255,646,67154,76,249852
38724,0.001154,172.31.40.0-255,66,67220,76,249852
38725,0.001346,74.125.68.0-255,1484,68704,76,249852
38726,0.001357,74.125.68.0-255,2902,71606,76,249852
38727,0.001377,74.125.68.0-255,5738,77344,76,249852
38728,0.001412,74.125.68.0-255,7156,84500,76,249852
38729,0.001437,74.125.68.0-255,5738,90238,76,249852
38730,0.001456,74.125.68.0-255,2902,93140,76,249852
38731,0.001461,74.125.68.0-255,2902,96042,76,249852
38732,0.001482,74.125.68.0-255,5020,101062,76,249852
38733,0.002229,74.125.68.0-255,1484,102546,76,249852
38734,0.002251,74.125.68.0-255,2902,105448,76,249852
38735,0.002254,74.125.68.0-255,1484,106932,76,249852
38736,0.002258,74.125.68.0-255,2902,109834,76,249852
38737,0.002289,74.125.68.0-255,2902,112736,76,249852
38738,0.002301,74.125.68.0-255,2902,115638,76,249852
38739,0.002306,74.125.68.0-255,2902,118540,76,249852
38740,0.002327,74.125.68.0-255,2902,121442,76,249852
38741,0.002335,74.125.68.0-255,7156,128598,76,249852
38742,0.002348,74.125.68.0-255,1484,130082,76,249852
38743,0.002362,74.125.68.0-255,5020,135102,76,249852
38744,0.002451,74.125.68.0-255,1484,136586,76,249852
38745,0.002467,74.125.68.0-255,2902,139488,76,249852
38746,0.002486,74.125.68.0-255,2902,142390,76,249852
38747,0.002505,74.125.68.0-255,2902,145292,76,249852
38748,0.002513,74.125.68.0-255,7156,152448,76,249852
38749,0.00772,172.31.40.0-255,66,152514,76,249852
38750,0.010237,74.125.68.0-255,5738,158252,76,249852
38751,0.010251,172.31.40.0-255,66,158318,76,249852
38752,0.012767,74.125.68.0-255,5738,164056,76,249852
38753,0.013605,172.31.40.0-255,66,164122,76,249852
38754,0.016129,74.125.68.0-255,5738,169860,76,249852
38755,0.016147,172.31.40.0-255,66,169926,76,249852
38756,0.018649,74.125.68.0-255,5738,175664,76,249852
38757,0.018658,172.31.40.0-255,66,175730,76,249852
38758,0.021167,74.125.68.0-255,5738,181468,76,249852
38759,0.021179,172.31.40.0-255,66,181534,76,249852
38760,0.023738,74.125.68.0-255,5738,187272,76,249852
38761,0.02375,172.31.40.0-255,66,187338,76,249852
38762,0.026273,74.125.68.0-255,5738,193076,76,249852
38763,0.026288,172.31.40.0-255,66,193142,76,249852
38764,0.028695,172.31.40.0-255,172,193314,76,249852
38765,0.028728,172.31.40.0-255,1109,194423,76,249852
38766,0.028795,172.31.40.0-255,1514,195937,76,249852
38767,0.028797,172.31.40.0-255,1307,197244,76,249852
38768,0.028807,74.125.68.0-255,5738,202982,76,249852
38769,0.028817,172.31.40.0-255,66,203048,76,249852
38770,0.030282,104.244.42.0-255,66,203114,76,249852
38771,0.030318,104.244.42.0-255,66,203180,76,249852
38772,0.030372,104.244.42.0-255,66,203246,76,249852
38773,0.031322,74.125.68.0-255,5738,208984,76,249852
38774,0.03133,172.31.40.0-255,66,209050,76,249852
38775,0.032169,104.244.42.0-255,108,209158,76,249852
38776,0.032179,172.31.40.0-255,66,209224,76,249852
38777,0.033839,74.125.68.0-255,5738,214962,76,249852
38778,0.033844,172.31.40.0-255,66,215028,76,249852
38779,0.036398,74.125.68.0-255,5738,220766,76,249852
38780,0.036409,172.31.40.0-255,66,220832,76,249852
38781,0.038921,74.125.68.0-255,5738,226570,76,249852
38782,0.038929,172.31.40.0-255,66,226636,76,249852
38783,0.041423,74.125.68.0-255,5738,232374,76,249852
38784,0.04143,172.31.40.0-255,66,232440,76,249852
38785,0.043925,74.125.68.0-255,5738,238178,76,249852
38786,0.043933,172.31.40.0-255,66,238244,76,249852
38787,0.04644,74.125.68.0-255,5738,243982,76,249852
38788,0.046447,172.31.40.0-255,66,244048,76,249852
38789,0.048945,74.125.68.0-255,5738,249786,76,249852
38790,0.048952,172.31.40.0-255,66,249852,76,249852
38791,0.0,172.217.194.0-255,152,152,76,228907
38792,1.4e-05,172.31.40.0-255,66,218,76,228907
38793,2.1e-05,172.217.194.0-255,1484,1702,76,228907
38794,2.5e-05,172.31.40.0-255,66,1768,76,228907
38795,2.8e-05,172.217.194.0-255,1484,3252,76,228907
38796,3.2e-05,172.31.40.0-255,66,3318,76,228907
38797,6.3e-05,172.217.194.0-255,1484,4802,76,228907
38798,6.7e-05,172.31.40.0-255,66,4868,76,228907
38799,7.5e-05,172.217.194.0-255,7156,12024,76,228907
38800,7.8e-05,172.31.40.0-255,66,12090,76,228907
38801,8.3e-05,172.217.194.0-255,2063,14153,76,228907
38802,8.5e-05,172.31.40.0-255,66,14219,76,228907
38803,0.000118,172.217.194.0-255,2902,17121,76,228907
38804,0.000122,172.31.40.0-255,66,17187,76,228907
38805,0.00014,172.217.194.0-255,4320,21507,76,228907
38806,0.000143,172.31.40.0-255,66,21573,76,228907
38807,0.00017,172.217.194.0-255,7156,28729,76,228907
38808,0.000173,172.31.40.0-255,66,28795,76,228907
38809,0.000196,172.217.194.0-255,1484,30279,76,228907
38810,0.000198,172.31.40.0-255,66,30345,76,228907
38811,0.000214,172.31.40.0-255,66,30411,76,228907
38812,0.00025,172.217.194.0-255,1484,31895,76,228907
38813,0.000252,172.31.40.0-255,66,31961,76,228907
38814,0.000272,172.217.194.0-255,4320,36281,76,228907
38815,0.000275,172.31.40.0-255,66,36347,76,228907
38816,0.000295,172.217.194.0-255,2543,38890,76,228907
38817,0.000297,172.31.40.0-255,66,38956,76,228907
38818,0.000308,172.31.40.0-255,66,39022,76,228907
38819,0.000313,172.217.194.0-255,3961,42983,76,228907
38820,0.000316,172.31.40.0-255,66,43049,76,228907
38821,0.000419,172.217.194.0-255,367,43416,76,228907
38822,0.000484,172.217.194.0-255,376,43792,76,228907
38823,0.000841,172.217.194.0-255,1484,45276,76,228907
38824,0.000846,172.31.40.0-255,66,45342,76,228907
38825,0.000852,172.217.194.0-255,2902,48244,76,228907
38826,0.000854,172.31.40.0-255,66,48310,76,228907
38827,0.00087,172.217.194.0-255,5738,54048,76,228907
38828,0.000873,172.31.40.0-255,66,54114,76,228907
38829,0.000887,172.217.194.0-255,1484,55598,76,228907
38830,0.000915,172.31.40.0-255,66,55664,76,228907
38831,0.000946,172.217.194.0-255,5738,61402,76,228907
38832,0.000949,172.31.40.0-255,66,61468,76,228907
38833,0.000973,172.217.194.0-255,6438,67906,76,228907
38834,0.000975,172.31.40.0-255,66,67972,76,228907
38835,0.00128,172.217.194.0-255,1484,69456,76,228907
38836,0.001287,172.217.194.0-255,2902,72358,76,228907
38837,0.00129,172.31.40.0-255,66,72424,76,228907
38838,0.001298,172.217.194.0-255,5738,78162,76,228907
38839,0.0013,172.31.40.0-255,66,78228,76,228907
38840,0.001324,172.217.194.0-255,5738,83966,76,228907
38841,0.001326,172.31.40.0-255,66,84032,76,228907
38842,0.001352,172.217.194.0-255,7156,91188,76,228907
38843,0.001354,172.31.40.0-255,66,91254,76,228907
38844,0.001367,172.31.40.0-255,66,91320,76,228907
38845,0.001403,172.31.40.0-255,66,91386,76,228907
38846,0.001409,172.217.194.0-255,5738,97124,76,228907
38847,0.001411,172.31.40.0-255,66,97190,76,228907
38848,0.001451,172.217.194.0-255,1484,98674,76,228907
38849,0.001493,172.31.40.0-255,66,98740,76,228907
38850,0.001565,172.31.40.0-255,66,98806,76,228907
38851,0.001585,172.217.194.0-255,1484,100290,76,228907
38852,0.001598,172.31.40.0-255,66,100356,76,228907
38853,0.001604,172.217.194.0-255,5020,105376,76,228907
38854,0.001607,172.31.40.0-255,66,105442,76,228907
38855,0.001613,172.217.194.0-255,5738,111180,76,228907
38856,0.001616,172.31.40.0-255,66,111246,76,228907
38857,0.001629,172.31.40.0-255,66,111312,76,228907
38858,0.001636,172.217.194.0-255,7156,118468,76,228907
38859,0.001639,172.31.40.0-255,66,118534,76,228907
38860,0.001671,172.217.194.0-255,4320,122854,76,228907
38861,0.001674,172.31.40.0-255,66,122920,76,228907
38862,0.001699,172.217.194.0-255,3602,126522,76,228907
38863,0.001702,172.31.40.0-255,66,126588,76,228907
38864,0.001826,172.217.194.0-255,1484,128072,76,228907
38865,0.001843,172.217.194.0-255,2902,130974,76,228907
38866,0.001847,172.31.40.0-255,66,131040,76,228907
38867,0.001854,172.217.194.0-255,5738,136778,76,228907
38868,0.001856,172.31.40.0-255,66,136844,76,228907
38869,0.001868,172.217.194.0-255,1484,138328,76,228907
38870,0.001896,172.217.194.0-255,7156,145484,76,228907
38871,0.001898,172.31.40.0-255,66,145550,76,228907
38872,0.001919,172.217.194.0-255,4320,149870,76,228907
38873,0.001921,172.31.40.0-255,66,149936,76,228907
38874,0.001924,172.217.194.0-255,1484,151420,76,228907
38875,0.001944,172.217.194.0-255,7156,158576,76,228907
38876,0.001946,172.31.40.0-255,66,158642,76,228907
38877,0.001966,172.217.194.0-255,2184,160826,76,228907
38878,0.001969,172.31.40.0-255,66,160892,76,228907
38879,0.002016,172.217.194.0-255,1484,162376,76,228907
38880,0.002033,172.217.194.0-255,2902,165278,76,228907
38881,0.002036,172.31.40.0-255,66,165344,76,228907
38882,0.002061,172.217.194.0-255,5738,171082,76,228907
38883,0.002063,172.31.40.0-255,66,171148,76,228907
38884,0.002082,172.217.194.0-255,5738,176886,76,228907
38885,0.002085,172.31.40.0-255,66,176952,76,228907
38886,0.002107,172.217.194.0-255,7156,184108,76,228907
38887,0.00211,172.31.40.0-255,66,184174,76,228907
38888,0.002162,172.31.40.0-255,66,184240,76,228907
38889,0.002189,172.31.40.0-255,66,184306,76,228907
38890,0.002203,172.217.194.0-255,1484,185790,76,228907
38891,0.002209,172.217.194.0-255,5738,191528,76,228907
38892,0.002211,172.31.40.0-255,66,191594,76,228907
38893,0.002242,172.217.194.0-255,7156,198750,76,228907
38894,0.002257,172.217.194.0-255,2902,201652,76,228907
38895,0.002261,172.31.40.0-255,66,201718,76,228907
38896,0.002264,172.31.40.0-255,66,201784,76,228907
38897,0.002266,172.31.40.0-255,66,201850,76,228907
38898,0.002297,172.31.40.0-255,66,201916,76,228907
38899,0.002308,172.31.40.0-255,66,201982,76,228907
38900,0.002348,172.31.40.0-255,66,202048,76,228907
38901,0.00238,172.217.194.0-255,2902,204950,76,228907
38902,0.002383,172.31.40.0-255,66,205016,76,228907
38903,0.002392,172.31.40.0-255,66,205082,76,228907
38904,0.004717,172.217.194.0-255,5738,210820,76,228907
38905,0.004735,172.31.40.0-255,66,210886,76,228907
38906,0.007068,172.217.194.0-255,5738,216624,76,228907
38907,0.007085,172.31.40.0-255,66,216690,76,228907
38908,0.009401,172.217.194.0-255,5738,222428,76,228907
38909,0.00941,172.31.40.0-255,66,222494,76,228907
38910,0.011724,172.217.194.0-255,1876,224370,76,228907
38911,0.011731,172.31.40.0-255,66,224436,76,228907
38912,0.013052,172.31.40.0-255,105,224541,76,228907
38913,0.015342,172.217.194.0-255,66,224607,76,228907
38914,0.047293,172.31.40.0-255,172,224779,76,228907
38915,0.047328,172.31.40.0-255,1109,225888,76,228907
38916,0.047388,172.31.40.0-255,1514,227402,76,228907
38917,0.04739,172.31.40.0-255,1307,228709,76,228907
38918,0.048846,104.244.42.0-255,66,228775,76,228907
38919,0.049019,104.244.42.0-255,66,228841,76,228907
38920,0.049024,104.244.42.0-255,66,228907,76,228907
38921,0.0,74.125.200.0-255,153,153,76,272789
38922,2.4e-05,172.31.40.0-255,66,219,76,272789
38923,3.2e-05,74.125.200.0-255,1484,1703,76,272789
38924,3.6e-05,172.31.40.0-255,66,1769,76,272789
38925,4.2e-05,74.125.200.0-255,2902,4671,76,272789
38926,4.5e-05,172.31.40.0-255,66,4737,76,272789
38927,5.2e-05,74.125.200.0-255,7156,11893,76,272789
38928,5.5e-05,172.31.40.0-255,66,11959,76,272789
38929,6e-05,74.125.200.0-255,1982,13941,76,272789
38930,6.3e-05,172.31.40.0-255,66,14007,76,272789
38931,0.000107,74.125.200.0-255,1484,15491,76,272789
38932,0.00011,172.31.40.0-255,66,15557,76,272789
38933,0.000116,74.125.200.0-255,2902,18459,76,272789
38934,0.000118,172.31.40.0-255,66,18525,76,272789
38935,0.000141,74.125.200.0-255,5738,24263,76,272789
38936,0.000143,172.31.40.0-255,66,24329,76,272789
38937,0.000147,74.125.200.0-255,2902,27231,76,272789
38938,0.000149,172.31.40.0-255,66,27297,76,272789
38939,0.000198,74.125.200.0-255,3961,31258,76,272789
38940,0.000202,172.31.40.0-255,66,31324,76,272789
38941,0.000266,74.125.200.0-255,1484,32808,76,272789
38942,0.000268,172.31.40.0-255,66,32874,76,272789
38943,0.000288,74.125.200.0-255,2902,35776,76,272789
38944,0.000291,172.31.40.0-255,66,35842,76,272789
38945,0.000296,74.125.200.0-255,2902,38744,76,272789
38946,0.000298,172.31.40.0-255,66,38810,76,272789
38947,0.000303,74.125.200.0-255,4320,43130,76,272789
38948,0.000305,172.31.40.0-255,66,43196,76,272789
38949,0.000348,172.31.40.0-255,66,43262,76,272789
38950,0.000352,74.125.200.0-255,2902,46164,76,272789
38951,0.000354,172.31.40.0-255,66,46230,76,272789
38952,0.000373,74.125.200.0-255,2902,49132,76,272789
38953,0.000375,172.31.40.0-255,66,49198,76,272789
38954,0.000383,74.125.200.0-255,6797,55995,76,272789
38955,0.000385,172.31.40.0-255,66,56061,76,272789
38956,0.000993,74.125.200.0-255,415,56476,76,272789
38957,0.001045,172.31.40.0-255,66,56542,76,272789
38958,0.001077,74.125.200.0-255,1484,58026,76,272789
38959,0.001097,74.125.200.0-255,2902,60928,76,272789
38960,0.0011,172.31.40.0-255,66,60994,76,272789
38961,0.001103,74.125.200.0-255,1484,62478,76,272789
38962,0.001107,74.125.200.0-255,2902,65380,76,272789
38963,0.001109,172.31.40.0-255,66,65446,76,272789
38964,0.001131,74.125.200.0-255,2902,68348,76,272789
38965,0.001133,172.31.40.0-255,66,68414,76,272789
38966,0.001151,74.125.200.0-255,2902,71316,76,272789
38967,0.001153,172.31.40.0-255,66,71382,76,272789
38968,0.001159,74.125.200.0-255,4320,75702,76,272789
38969,0.001161,172.31.40.0-255,66,75768,76,272789
38970,0.001185,172.31.40.0-255,66,75834,76,272789
38971,0.001207,74.125.200.0-255,1484,77318,76,272789
38972,0.001222,74.125.200.0-255,5283,82601,76,272789
38973,0.001224,172.31.40.0-255,66,82667,76,272789
38974,0.001254,74.125.200.0-255,1484,84151,76,272789
38975,0.00127,74.125.200.0-255,2902,87053,76,272789
38976,0.001272,172.31.40.0-255,66,87119,76,272789
38977,0.001277,74.125.200.0-255,2902,90021,76,272789
38978,0.001279,172.31.40.0-255,66,90087,76,272789
38979,0.001294,74.125.200.0-255,2902,92989,76,272789
38980,0.001296,172.31.40.0-255,66,93055,76,272789
38981,0.001325,172.31.40.0-255,66,93121,76,272789
38982,0.00135,74.125.200.0-255,1484,94605,76,272789
38983,0.001364,172.31.40.0-255,66,94671,76,272789
38984,0.001654,74.125.200.0-255,1484,96155,76,272789
38985,0.001675,74.125.200.0-255,2902,99057,76,272789
38986,0.001679,172.31.40.0-255,66,99123,76,272789
38987,0.001686,74.125.200.0-255,5738,104861,76,272789
38988,0.001688,172.31.40.0-255,66,104927,76,272789
38989,0.001709,74.125.200.0-255,1484,106411,76,272789
38990,0.001744,172.31.40.0-255,66,106477,76,272789
38991,0.001783,172.31.40.0-255,66,106543,76,272789
38992,0.001819,74.125.200.0-255,4320,110863,76,272789
38993,0.001821,172.31.40.0-255,66,110929,76,272789
38994,0.001852,74.125.200.0-255,7156,118085,76,272789
38995,0.001854,172.31.40.0-255,66,118151,76,272789
38996,0.001905,74.125.200.0-255,7156,125307,76,272789
38997,0.001907,172.31.40.0-255,66,125373,76,272789
38998,0.001934,74.125.200.0-255,5738,131111,76,272789
38999,0.001937,172.31.40.0-255,66,131177,76,272789
39000,0.001944,74.125.200.0-255,5738,136915,76,272789
39001,0.001946,172.31.40.0-255,66,136981,76,272789
39002,0.001951,74.125.200.0-255,3602,140583,76,272789
39003,0.001954,172.31.40.0-255,66,140649,76,272789
39004,0.003946,74.125.200.0-255,5738,146387,76,272789
39005,0.003954,172.31.40.0-255,66,146453,76,272789
39006,0.005943,74.125.200.0-255,5738,152191,76,272789
39007,0.005948,172.31.40.0-255,66,152257,76,272789
39008,0.007985,74.125.200.0-255,5738,157995,76,272789
39009,0.00799,172.31.40.0-255,66,158061,76,272789
39010,0.009995,74.125.200.0-255,5738,163799,76,272789
39011,0.010002,172.31.40.0-255,66,163865,76,272789
39012,0.012006,74.125.200.0-255,5738,169603,76,272789
39013,0.012013,172.31.40.0-255,66,169669,76,272789
39014,0.014014,74.125.200.0-255,5738,175407,76,272789
39015,0.014022,172.31.40.0-255,66,175473,76,272789
39016,0.016023,74.125.200.0-255,5738,181211,76,272789
39017,0.01603,172.31.40.0-255,66,181277,76,272789
39018,0.018023,74.125.200.0-255,5738,187015,76,272789
39019,0.018031,172.31.40.0-255,66,187081,76,272789
39020,0.02005,74.125.200.0-255,5738,192819,76,272789
39021,0.020058,172.31.40.0-255,66,192885,76,272789
39022,0.022068,74.125.200.0-255,5738,198623,76,272789
39023,0.022085,172.31.40.0-255,66,198689,76,272789
39024,0.024102,74.125.200.0-255,5738,204427,76,272789
39025,0.024116,172.31.40.0-255,66,204493,76,272789
39026,0.026117,74.125.200.0-255,5738,210231,76,272789
39027,0.026136,172.31.40.0-255,66,210297,76,272789
39028,0.028161,74.125.200.0-255,5738,216035,76,272789
39029,0.028177,172.31.40.0-255,66,216101,76,272789
39030,0.030177,74.125.200.0-255,5738,221839,76,272789
39031,0.030185,172.31.40.0-255,66,221905,76,272789
39032,0.032188,74.125.200.0-255,5738,227643,76,272789
39033,0.032198,172.31.40.0-255,66,227709,76,272789
39034,0.034216,74.125.200.0-255,5738,233447,76,272789
39035,0.03423,172.31.40.0-255,66,233513,76,272789
39036,0.036241,74.125.200.0-255,5738,239251,76,272789
39037,0.036248,172.31.40.0-255,66,239317,76,272789
39038,0.038249,74.125.200.0-255,5738,245055,76,272789
39039,0.03826,172.31.40.0-255,66,245121,76,272789
39040,0.040263,74.125.200.0-255,5738,250859,76,272789
39041,0.040271,172.31.40.0-255,66,250925,76,272789
39042,0.042283,74.125.200.0-255,5738,256663,76,272789
39043,0.042296,172.31.40.0-255,66,256729,76,272789
39044,0.044301,74.125.200.0-255,5738,262467,76,272789
39045,0.044311,172.31.40.0-255,66,262533,76,272789
39046,0.046303,74.125.200.0-255,4320,266853,76,272789
39047,0.04631,172.31.40.0-255,66,266919,76,272789
39048,0.04633,74.125.200.0-255,1484,268403,76,272789
39049,0.048326,74.125.200.0-255,4320,272723,76,272789
39050,0.048343,172.31.40.0-255,66,272789,76,272789
39051,0.0,74.125.24.0-255,291,291,76,224635
39052,2.4e-05,172.31.40.0-255,66,357,76,224635
39053,3e-05,74.125.24.0-255,1484,1841,76,224635
39054,3.4e-05,172.31.40.0-255,66,1907,76,224635
39055,4.1e-05,74.125.24.0-255,4320,6227,76,224635
39056,5.2e-05,172.31.40.0-255,66,6293,76,224635
39057,5.8e-05,74.125.24.0-255,5738,12031,76,224635
39058,6.1e-05,172.31.40.0-255,66,12097,76,224635
39059,9.9e-05,74.125.24.0-255,3202,15299,76,224635
39060,0.000102,172.31.40.0-255,66,15365,76,224635
39061,0.000109,74.125.24.0-255,4320,19685,76,224635
39062,0.000111,172.31.40.0-255,66,19751,76,224635
39063,0.000127,172.31.40.0-255,66,19817,76,224635
39064,0.000142,172.31.40.0-255,66,19883,76,224635
39065,0.000206,74.125.24.0-255,5738,25621,76,224635
39066,0.000209,172.31.40.0-255,66,25687,76,224635
39067,0.000217,74.125.24.0-255,7156,32843,76,224635
39068,0.000219,172.31.40.0-255,66,32909,76,224635
39069,0.000224,74.125.24.0-255,4315,37224,76,224635
39070,0.000226,172.31.40.0-255,66,37290,76,224635
39071,0.000251,74.125.24.0-255,331,37621,76,224635
39072,0.000253,172.31.40.0-255,66,37687,76,224635
39073,0.00043,74.125.24.0-255,1484,39171,76,224635
39074,0.000435,172.31.40.0-255,66,39237,76,224635
39075,0.000441,74.125.24.0-255,2902,42139,76,224635
39076,0.000444,172.31.40.0-255,66,42205,76,224635
39077,0.000449,74.125.24.0-255,4320,46525,76,224635
39078,0.000452,172.31.40.0-255,66,46591,76,224635
39079,0.000487,74.125.24.0-255,1484,48075,76,224635
39080,0.00049,172.31.40.0-255,66,48141,76,224635
39081,0.000503,172.31.40.0-255,66,48207,76,224635
39082,0.000517,172.31.40.0-255,66,48273,76,224635
39083,0.001419,74.125.24.0-255,1484,49757,76,224635
39084,0.00143,74.125.24.0-255,2902,52659,76,224635
39085,0.001434,172.31.40.0-255,66,52725,76,224635
39086,0.001442,74.125.24.0-255,5738,58463,76,224635
39087,0.001444,172.31.40.0-255,66,58529,76,224635
39088,0.001479,172.31.40.0-255,66,58595,76,224635
39089,0.001508,74.125.24.0-255,1484,60079,76,224635
39090,0.00152,172.31.40.0-255,66,60145,76,224635
39091,0.001523,74.125.24.0-255,766,60911,76,224635
39092,0.001938,74.125.24.0-255,1484,62395,76,224635
39093,0.001944,172.31.40.0-255,66,62461,76,224635
39094,0.001952,74.125.24.0-255,2902,65363,76,224635
39095,0.001954,172.31.40.0-255,66,65429,76,224635
39096,0.001965,74.125.24.0-255,5738,71167,76,224635
39097,0.001968,172.31.40.0-255,66,71233,76,224635
39098,0.00202,172.31.40.0-255,66,71299,76,224635
39099,0.002034,172.31.40.0-255,66,71365,76,224635
39100,0.002178,74.125.24.0-255,1484,72849,76,224635
39101,0.002196,74.125.24.0-255,2902,75751,76,224635
39102,0.002199,172.31.40.0-255,66,75817,76,224635
39103,0.002205,74.125.24.0-255,2902,78719,76,224635
39104,0.002207,172.31.40.0-255,66,78785,76,224635
39105,0.002229,74.125.24.0-255,2902,81687,76,224635
39106,0.002231,172.31.40.0-255,66,81753,76,224635
39107,0.002247,172.31.40.0-255,66,81819,76,224635
39108,0.002285,172.31.40.0-255,66,81885,76,224635
39109,0.002311,74.125.24.0-255,2184,84069,76,224635
39110,0.002313,172.31.40.0-255,66,84135,76,224635
39111,0.002329,172.31.40.0-255,66,84201,76,224635
39112,0.002358,172.31.40.0-255,66,84267,76,224635
39113,0.002415,74.125.24.0-255,2184,86451,76,224635
39114,0.002417,172.31.40.0-255,66,86517,76,224635
39115,0.002442,74.125.24.0-255,1484,88001,76,224635
39116,0.002458,74.125.24.0-255,2902,90903,76,224635
39117,0.00246,172.31.40.0-255,66,90969,76,224635
39118,0.002465,74.125.24.0-255,2902,93871,76,224635
39119,0.002467,172.31.40.0-255,66,93937,76,224635
39120,0.0025,74.125.24.0-255,4320,98257,76,224635
39121,0.002504,172.31.40.0-255,66,98323,76,224635
39122,0.002517,172.31.40.0-255,66,98389,76,224635
39123,0.002522,74.125.24.0-255,4320,102709,76,224635
39124,0.002525,172.31.40.0-255,66,102775,76,224635
39125,0.002567,74.125.24.0-255,5738,108513,76,224635
39126,0.002571,172.31.40.0-255,66,108579,76,224635
39127,0.002576,74.125.24.0-255,3602,112181,76,224635
39128,0.002579,172.31.40.0-255,66,112247,76,224635
39129,0.005134,74.125.24.0-255,2902,115149,76,224635
39130,0.005143,172.31.40.0-255,66,115215,76,224635
39131,0.005168,74.125.24.0-255,2902,118117,76,224635
39132,0.005171,172.31.40.0-255,66,118183,76,224635
39133,0.007784,74.125.24.0-255,5738,123921,76,224635
39134,0.007791,172.31.40.0-255,66,123987,76,224635
39135,0.010394,74.125.24.0-255,5738,129725,76,224635
39136,0.010401,172.31.40.0-255,66,129791,76,224635
39137,0.013018,74.125.24.0-255,5738,135529,76,224635
39138,0.013027,172.31.40.0-255,66,135595,76,224635
39139,0.015603,74.125.24.0-255,5738,141333,76,224635
39140,0.015612,172.31.40.0-255,66,141399,76,224635
39141,0.018231,74.125.24.0-255,5738,147137,76,224635
39142,0.018241,172.31.40.0-255,66,147203,76,224635
39143,0.02087,74.125.24.0-255,5738,152941,76,224635
39144,0.020877,172.31.40.0-255,66,153007,76,224635
39145,0.023484,74.125.24.0-255,5738,158745,76,224635
39146,0.023494,172.31.40.0-255,66,158811,76,224635
39147,0.026073,74.125.24.0-255,5738,164549,76,224635
39148,0.026081,172.31.40.0-255,66,164615,76,224635
39149,0.028684,74.125.24.0-255,5738,170353,76,224635
39150,0.028692,172.31.40.0-255,66,170419,76,224635
39151,0.031278,74.125.24.0-255,5738,176157,76,224635
39152,0.031285,172.31.40.0-255,66,176223,76,224635
39153,0.033154,172.31.40.0-255,172,176395,76,224635
39154,0.033194,172.31.40.0-255,1108,177503,76,224635
39155,0.03326,172.31.40.0-255,1514,179017,76,224635
39156,0.033262,172.31.40.0-255,1514,180531,76,224635
39157,0.033268,172.31.40.0-255,1514,182045,76,224635
39158,0.033269,172.31.40.0-255,1514,183559,76,224635
39159,0.033286,172.31.40.0-255,184,183743,76,224635
39160,0.033897,74.125.24.0-255,5738,189481,76,224635
39161,0.033904,172.31.40.0-255,66,189547,76,224635
39162,0.034714,104.244.42.0-255,66,189613,76,224635
39163,0.034751,104.244.42.0-255,66,189679,76,224635
39164,0.034852,104.244.42.0-255,66,189745,76,224635
39165,0.034874,104.244.42.0-255,66,189811,76,224635
39166,0.036503,74.125.24.0-255,5738,195549,76,224635
39167,0.036508,172.31.40.0-255,66,195615,76,224635
39168,0.039112,74.125.24.0-255,5738,201353,76,224635
39169,0.039119,172.31.40.0-255,66,201419,76,224635
39170,0.041683,74.125.24.0-255,5738,207157,76,224635
39171,0.041689,172.31.40.0-255,66,207223,76,224635
39172,0.044259,74.125.24.0-255,5738,212961,76,224635
39173,0.044267,172.31.40.0-255,66,213027,76,224635
39174,0.046883,74.125.24.0-255,5738,218765,76,224635
39175,0.04689,172.31.40.0-255,66,218831,76,224635
39176,0.049496,74.125.24.0-255,5738,224569,76,224635
39177,0.049504,172.31.40.0-255,66,224635,76,224635
39178,0.0,172.217.194.0-255,152,152,76,233871
39179,2.3e-05,172.31.40.0-255,66,218,76,233871
39180,3e-05,172.217.194.0-255,1484,1702,76,233871
39181,3.5e-05,172.31.40.0-255,66,1768,76,233871
39182,4e-05,172.217.194.0-255,2902,4670,76,233871
39183,5.5e-05,172.31.40.0-255,66,4736,76,233871
39184,6.3e-05,172.217.194.0-255,7156,11892,76,233871
39185,6.6e-05,172.31.40.0-255,66,11958,76,233871
39186,7.9e-05,172.31.40.0-255,66,12024,76,233871
39187,8.5e-05,172.217.194.0-255,5738,17762,76,233871
39188,8.8e-05,172.31.40.0-255,66,17828,76,233871
39189,0.000111,172.217.194.0-255,3961,21789,76,233871
39190,0.00012,172.31.40.0-255,66,21855,76,233871
39191,0.000145,172.217.194.0-255,1484,23339,76,233871
39192,0.000147,172.31.40.0-255,66,23405,76,233871
39193,0.000152,172.217.194.0-255,2902,26307,76,233871
39194,0.000154,172.31.40.0-255,66,26373,76,233871
39195,0.000164,172.217.194.0-255,2902,29275,76,233871
39196,0.000167,172.31.40.0-255,66,29341,76,233871
39197,0.000188,172.217.194.0-255,1484,30825,76,233871
39198,0.000191,172.31.40.0-255,66,30891,76,233871
39199,0.000237,172.31.40.0-255,66,30957,76,233871
39200,0.000713,172.217.194.0-255,1484,32441,76,233871
39201,0.000719,172.31.40.0-255,66,32507,76,233871
39202,0.000725,172.217.194.0-255,2902,35409,76,233871
39203,0.000728,172.31.40.0-255,66,35475,76,233871
39204,0.000739,172.217.194.0-255,5738,41213,76,233871
39205,0.000742,172.31.40.0-255,66,41279,76,233871
39206,0.000776,172.217.194.0-255,4320,45599,76,233871
39207,0.000779,172.31.40.0-255,66,45665,76,233871
39208,0.000797,172.217.194.0-255,3123,48788,76,233871
39209,0.0008,172.31.40.0-255,66,48854,76,233871
39210,0.00083,172.217.194.0-255,1484,50338,76,233871
39211,0.000857,172.217.194.0-255,2902,53240,76,233871
39212,0.00086,172.31.40.0-255,66,53306,76,233871
39213,0.000867,172.217.194.0-255,5738,59044,76,233871
39214,0.00087,172.31.40.0-255,66,59110,76,233871
39215,0.000909,172.217.194.0-255,7156,66266,76,233871
39216,0.000913,172.31.40.0-255,66,66332,76,233871
39217,0.000946,172.217.194.0-255,6797,73129,76,233871
39218,0.000949,172.31.40.0-255,66,73195,76,233871
39219,0.000965,172.31.40.0-255,66,73261,76,233871
39220,0.001104,172.217.194.0-255,1484,74745,76,233871
39221,0.00112,172.217.194.0-255,2902,77647,76,233871
39222,0.001123,172.31.40.0-255,66,77713,76,233871
39223,0.001142,172.217.194.0-255,5738,83451,76,233871
39224,0.001145,172.31.40.0-255,66,83517,76,233871
39225,0.001182,172.31.40.0-255,66,83583,76,233871
39226,0.001206,172.217.194.0-255,2902,86485,76,233871
39227,0.001211,172.217.194.0-255,5738,92223,76,233871
39228,0.001216,172.31.40.0-255,66,92289,76,233871
39229,0.00122,172.31.40.0-255,66,92355,76,233871
39230,0.001246,172.217.194.0-255,5020,97375,76,233871
39231,0.001249,172.31.40.0-255,66,97441,76,233871
39232,0.001297,172.217.194.0-255,1484,98925,76,233871
39233,0.00131,172.217.194.0-255,2902,101827,76,233871
39234,0.001315,172.31.40.0-255,66,101893,76,233871
39235,0.001344,172.217.194.0-255,5738,107631,76,233871
39236,0.001347,172.31.40.0-255,66,107697,76,233871
39237,0.001352,172.217.194.0-255,2902,110599,76,233871
39238,0.001354,172.31.40.0-255,66,110665,76,233871
39239,0.001374,172.217.194.0-255,2902,113567,76,233871
39240,0.00138,172.31.40.0-255,66,113633,76,233871
39241,0.001411,172.217.194.0-255,7156,120789,76,233871
39242,0.001414,172.31.40.0-255,66,120855,76,233871
39243,0.001422,172.217.194.0-255,5738,126593,76,233871
39244,0.001424,172.31.40.0-255,66,126659,76,233871
39245,0.001488,172.217.194.0-255,5020,131679,76,233871
39246,0.001491,172.31.40.0-255,66,131745,76,233871
39247,0.001495,172.217.194.0-255,2902,134647,76,233871
39248,0.001497,172.31.40.0-255,66,134713,76,233871
39249,0.001502,172.217.194.0-255,4320,139033,76,233871
39250,0.001508,172.31.40.0-255,66,139099,76,233871
39251,0.001545,172.31.40.0-255,66,139165,76,233871
39252,0.001553,172.217.194.0-255,7156,146321,76,233871
39253,0.001556,172.31.40.0-255,66,146387,76,233871
39254,0.001597,172.217.194.0-255,2902,149289,76,233871
39255,0.0016,172.31.40.0-255,66,149355,76,233871
39256,0.001634,172.31.40.0-255,66,149421,76,233871
39257,0.001804,172.217.194.0-255,1484,150905,76,233871
39258,0.001811,172.217.194.0-255,2902,153807,76,233871
39259,0.001814,172.31.40.0-255,66,153873,76,233871
39260,0.001847,172.217.194.0-255,5738,159611,76,233871
39261,0.00185,172.31.40.0-255,66,159677,76,233871
39262,0.001856,172.217.194.0-255,4320,163997,76,233871
39263,0.001858,172.31.40.0-255,66,164063,76,233871
39264,0.001888,172.217.194.0-255,7156,171219,76,233871
39265,0.001891,172.31.40.0-255,66,171285,76,233871
39266,0.001919,172.217.194.0-255,1484,172769,76,233871
39267,0.001954,172.217.194.0-255,2902,175671,76,233871
39268,0.001958,172.31.40.0-255,66,175737,76,233871
39269,0.001969,172.31.40.0-255,66,175803,76,233871
39270,0.001977,172.217.194.0-255,1484,177287,76,233871
39271,0.00198,172.217.194.0-255,1484,178771,76,233871
39272,0.001982,172.31.40.0-255,66,178837,76,233871
39273,0.002012,172.217.194.0-255,1484,180321,76,233871
39274,0.002023,172.217.194.0-255,5738,186059,76,233871
39275,0.002026,172.31.40.0-255,66,186125,76,233871
39276,0.002078,172.31.40.0-255,66,186191,76,233871
39277,0.002085,172.217.194.0-255,7156,193347,76,233871
39278,0.002088,172.31.40.0-255,66,193413,76,233871
39279,0.002113,172.217.194.0-255,4320,197733,76,233871
39280,0.002115,172.31.40.0-255,66,197799,76,233871
39281,0.002141,172.31.40.0-255,66,197865,76,233871
39282,0.002153,172.31.40.0-255,66,197931,76,233871
39283,0.002182,172.217.194.0-255,5738,203669,76,233871
39284,0.002185,172.31.40.0-255,66,203735,76,233871
39285,0.002192,172.217.194.0-255,6438,210173,76,233871
39286,0.002194,172.31.40.0-255,66,210239,76,233871
39287,0.002256,172.217.194.0-255,1484,211723,76,233871
39288,0.002261,172.217.194.0-255,2902,214625,76,233871
39289,0.002264,172.31.40.0-255,66,214691,76,233871
39290,0.00229,172.217.194.0-255,5738,220429,76,233871
39291,0.002293,172.31.40.0-255,66,220495,76,233871
39292,0.002333,172.31.40.0-255,66,220561,76,233871
39293,0.002349,172.31.40.0-255,66,220627,76,233871
39294,0.002389,172.217.194.0-255,1484,222111,76,233871
39295,0.002394,172.217.194.0-255,2902,225013,76,233871
39296,0.002397,172.31.40.0-255,66,225079,76,233871
39297,0.002451,172.217.194.0-255,2902,227981,76,233871
39298,0.002453,172.31.40.0-255,66,228047,76,233871
39299,0.002487,172.217.194.0-255,2902,230949,76,233871
39300,0.00249,172.31.40.0-255,66,231015,76,233871
39301,0.002508,172.31.40.0-255,66,231081,76,233871
39302,0.002519,172.31.40.0-255,66,231147,76,233871
39303,0.002568,172.31.40.0-255,66,231213,76,233871
39304,0.002597,172.217.194.0-255,2184,233397,76,233871
39305,0.0026,172.31.40.0-255,66,233463,76,233871
39306,0.002621,172.31.40.0-255,66,233529,76,233871
39307,0.005123,172.217.194.0-255,105,233634,76,233871
39308,0.019828,172.31.40.0-255,66,233700,76,233871
39309,0.019879,172.31.40.0-255,105,233805,76,233871
39310,0.022389,172.217.194.0-255,66,233871,76,233871
39311,0.0,74.125.68.0-255,149,149,76,311411
39312,1.4e-05,172.31.40.0-255,66,215,76,311411
39313,2.1e-05,74.125.68.0-255,1484,1699,76,311411
39314,2.5e-05,172.31.40.0-255,66,1765,76,311411
39315,3.8e-05,74.125.68.0-255,2902,4667,76,311411
39316,4.2e-05,172.31.40.0-255,66,4733,76,311411
39317,4.7e-05,74.125.68.0-255,4320,9053,76,311411
39318,5e-05,172.31.40.0-255,66,9119,76,311411
39319,7.9e-05,74.125.68.0-255,4885,14004,76,311411
39320,8.2e-05,172.31.40.0-255,66,14070,76,311411
39321,0.00016,74.125.68.0-255,1484,15554,76,311411
39322,0.000163,172.31.40.0-255,66,15620,76,311411
39323,0.000168,74.125.68.0-255,1484,17104,76,311411
39324,0.00017,172.31.40.0-255,66,17170,76,311411
39325,0.000195,74.125.68.0-255,1484,18654,76,311411
39326,0.000197,172.31.40.0-255,66,18720,76,311411
39327,0.000202,74.125.68.0-255,2902,21622,76,311411
39328,0.000204,172.31.40.0-255,66,21688,76,311411
39329,0.000214,74.125.68.0-255,4320,26008,76,311411
39330,0.000216,172.31.40.0-255,66,26074,76,311411
39331,0.000243,74.125.68.0-255,5738,31812,76,311411
39332,0.000245,172.31.40.0-255,66,31878,76,311411
39333,0.000265,74.125.68.0-255,3961,35839,76,311411
39334,0.000271,172.31.40.0-255,66,35905,76,311411
39335,0.000284,172.31.40.0-255,66,35971,76,311411
39336,0.000287,74.125.68.0-255,1484,37455,76,311411
39337,0.000289,172.31.40.0-255,66,37521,76,311411
39338,0.000328,74.125.68.0-255,7156,44677,76,311411
39339,0.00033,172.31.40.0-255,66,44743,76,311411
39340,0.000347,172.31.40.0-255,66,44809,76,311411
39341,0.000349,74.125.68.0-255,766,45575,76,311411
39342,0.000372,74.125.68.0-255,363,45938,76,311411
39343,0.000399,74.125.68.0-255,381,46319,76,311411
39344,0.000499,74.125.68.0-255,1484,47803,76,311411
39345,0.000503,74.125.68.0-255,1484,49287,76,311411
39346,0.000516,74.125.68.0-255,1484,50771,76,311411
39347,0.00053,74.125.68.0-255,5738,56509,76,311411
39348,0.000545,74.125.68.0-255,2902,59411,76,311411
39349,0.000562,74.125.68.0-255,1484,60895,76,311411
39350,0.000603,74.125.68.0-255,5738,66633,76,311411
39351,0.000623,74.125.68.0-255,2902,69535,76,311411
39352,0.000635,74.125.68.0-255,766,70301,76,311411
39353,0.000666,172.31.40.0-255,66,70367,76,311411
39354,0.000734,74.125.68.0-255,1484,71851,76,311411
39355,0.000755,74.125.68.0-255,1484,73335,76,311411
39356,0.000775,74.125.68.0-255,1484,74819,76,311411
39357,0.000782,74.125.68.0-255,5738,80557,76,311411
39358,0.000787,172.31.40.0-255,66,80623,76,311411
39359,0.000796,74.125.68.0-255,2902,83525,76,311411
39360,0.0008,172.31.40.0-255,66,83591,76,311411
39361,0.000821,74.125.68.0-255,7156,90747,76,311411
39362,0.000843,74.125.68.0-255,1484,92231,76,311411
39363,0.00085,74.125.68.0-255,4470,96701,76,311411
39364,0.000866,172.31.40.0-255,66,96767,76,311411
39365,0.000879,74.125.68.0-255,5738,102505,76,311411
39366,0.000889,172.31.40.0-255,66,102571,76,311411
39367,0.000899,74.125.68.0-255,5738,108309,76,311411
39368,0.000925,74.125.68.0-255,7156,115465,76,311411
39369,0.000944,172.31.40.0-255,66,115531,76,311411
39370,0.000955,74.125.68.0-255,5738,121269,76,311411
39371,0.00096,172.31.40.0-255,66,121335,76,311411
39372,0.000995,74.125.68.0-255,6438,127773,76,311411
39373,0.001029,172.31.40.0-255,66,127839,76,311411
39374,0.001057,74.125.68.0-255,1484,129323,76,311411
39375,0.001069,74.125.68.0-255,1484,130807,76,311411
39376,0.001077,172.31.40.0-255,66,130873,76,311411
39377,0.0011,74.125.68.0-255,1484,132357,76,311411
39378,0.001107,74.125.68.0-255,5738,138095,76,311411
39379,0.001113,74.125.68.0-255,5738,143833,76,311411
39380,0.001121,74.125.68.0-255,7156,150989,76,311411
39381,0.001141,172.31.40.0-255,66,151055,76,311411
39382,0.001148,74.125.68.0-255,1484,152539,76,311411
39383,0.00119,172.31.40.0-255,66,152605,76,311411
39384,0.001244,74.125.68.0-255,1484,154089,76,311411
39385,0.001258,74.125.68.0-255,2902,156991,76,311411
39386,0.001269,74.125.68.0-255,1484,158475,76,311411
39387,0.001275,172.31.40.0-255,66,158541,76,311411
39388,0.001292,74.125.68.0-255,4320,162861,76,311411
39389,0.001297,172.31.40.0-255,66,162927,76,311411
39390,0.001341,172.31.40.0-255,66,162993,76,311411
39391,0.001381,74.125.68.0-255,1484,164477,76,311411
39392,0.001385,74.125.68.0-255,2902,167379,76,311411
39393,0.001392,172.31.40.0-255,66,167445,76,311411
39394,0.001409,74.125.68.0-255,2902,170347,76,311411
39395,0.001418,74.125.68.0-255,2902,173249,76,311411
39396,0.001432,74.125.68.0-255,1484,174733,76,311411
39397,0.00144,172.31.40.0-255,66,174799,76,311411
39398,0.001451,74.125.68.0-255,4320,179119,76,311411
39399,0.00146,172.31.40.0-255,66,179185,76,311411
39400,0.00148,74.125.68.0-255,4320,183505,76,311411
39401,0.001487,74.125.68.0-255,5738,189243,76,311411
39402,0.001508,172.31.40.0-255,66,189309,76,311411
39403,0.001516,74.125.68.0-255,1484,190793,76,311411
39404,0.001534,74.125.68.0-255,5738,196531,76,311411
39405,0.001541,74.125.68.0-255,7156,203687,76,311411
39406,0.001583,172.31.40.0-255,66,203753,76,311411
39407,0.001618,74.125.68.0-255,4320,208073,76,311411
39408,0.001637,172.31.40.0-255,66,208139,76,311411
39409,0.001643,74.125.68.0-255,5020,213159,76,311411
39410,0.001652,172.31.40.0-255,66,213225,76,311411
39411,0.00166,74.125.68.0-255,1484,214709,76,311411
39412,0.001669,74.125.68.0-255,2902,217611,76,311411
39413,0.001689,172.31.40.0-255,66,217677,76,311411
39414,0.001701,74.125.68.0-255,2902,220579,76,311411
39415,0.001721,74.125.68.0-255,2902,223481,76,311411
39416,0.00174,74.125.68.0-255,4320,227801,76,311411
39417,0.001743,172.31.40.0-255,66,227867,76,311411
39418,0.001748,172.31.40.0-255,66,227933,76,311411
39419,0.001779,74.125.68.0-255,4320,232253,76,311411
39420,0.001805,74.125.68.0-255,2184,234437,76,311411
39421,0.001815,172.31.40.0-255,66,234503,76,311411
39422,0.002041,74.125.68.0-255,1484,235987,76,311411
39423,0.002063,74.125.68.0-255,2902,238889,76,311411
39424,0.002075,74.125.68.0-255,1484,240373,76,311411
39425,0.002091,74.125.68.0-255,2902,243275,76,311411
39426,0.002109,74.125.68.0-255,4320,247595,76,311411
39427,0.002124,74.125.68.0-255,1484,249079,76,311411
39428,0.002138,74.125.68.0-255,1484,250563,76,311411
39429,0.002155,74.125.68.0-255,5738,256301,76,311411
39430,0.00216,74.125.68.0-255,2902,259203,76,311411
39431,0.002178,74.125.68.0-255,1484,260687,76,311411
39432,0.002195,74.125.68.0-255,2902,263589,76,311411
39433,0.002211,74.125.68.0-255,1484,265073,76,311411
39434,0.002224,74.125.68.0-255,3602,268675,76,311411
39435,0.002288,74.125.68.0-255,1484,270159,76,311411
39436,0.002304,74.125.68.0-255,2902,273061,76,311411
39437,0.002331,74.125.68.0-255,2902,275963,76,311411
39438,0.002341,74.125.68.0-255,1484,277447,76,311411
39439,0.00237,74.125.68.0-255,4320,281767,76,311411
39440,0.002386,74.125.68.0-255,2902,284669,76,311411
39441,0.002402,74.125.68.0-255,2902,287571,76,311411
39442,0.002427,74.125.68.0-255,5738,293309,76,311411
39443,0.00243,74.125.68.0-255,1484,294793,76,311411
39444,0.002435,74.125.68.0-255,2902,297695,76,311411
39445,0.002474,74.125.68.0-255,4320,302015,76,311411
39446,0.002489,74.125.68.0-255,766,302781,76,311411
39447,0.010162,172.31.40.0-255,66,302847,76,311411
39448,0.012665,74.125.68.0-255,5738,308585,76,311411
39449,0.012676,172.31.40.0-255,66,308651,76,311411
39450,0.015165,74.125.68.0-255,2523,311174,76,311411
39451,0.015177,172.31.40.0-255,66,311240,76,311411
39452,0.020354,172.31.40.0-255,105,311345,76,311411
39453,0.022804,74.125.68.0-255,66,311411,76,311411
39454,0.0,74.125.24.0-255,154,154,76,208569
39455,1.6e-05,172.31.40.0-255,66,220,76,208569
39456,2.3e-05,74.125.24.0-255,1484,1704,76,208569
39457,2.8e-05,172.31.40.0-255,66,1770,76,208569
39458,5.3e-05,74.125.24.0-255,2902,4672,76,208569
39459,5.7e-05,172.31.40.0-255,66,4738,76,208569
39460,8.5e-05,74.125.24.0-255,5738,10476,76,208569
39461,8.9e-05,172.31.40.0-255,66,10542,76,208569
39462,0.00012,74.125.24.0-255,3494,14036,76,208569
39463,0.000123,172.31.40.0-255,66,14102,76,208569
39464,0.000845,74.125.24.0-255,1484,15586,76,208569
39465,0.000852,172.31.40.0-255,66,15652,76,208569
39466,0.000862,74.125.24.0-255,2902,18554,76,208569
39467,0.000864,172.31.40.0-255,66,18620,76,208569
39468,0.000878,74.125.24.0-255,5738,24358,76,208569
39469,0.000881,172.31.40.0-255,66,24424,76,208569
39470,0.000888,74.125.24.0-255,6797,31221,76,208569
39471,0.000892,172.31.40.0-255,66,31287,76,208569
39472,0.000952,172.31.40.0-255,66,31353,76,208569
39473,0.00097,172.31.40.0-255,66,31419,76,208569
39474,0.00098,172.31.40.0-255,66,31485,76,208569
39475,0.001014,74.125.24.0-255,3602,35087,76,208569
39476,0.001017,172.31.40.0-255,66,35153,76,208569
39477,0.001429,74.125.24.0-255,396,35549,76,208569
39478,0.001438,172.31.40.0-255,66,35615,76,208569
39479,0.00145,74.125.24.0-255,112,35727,76,208569
39480,0.001457,172.31.40.0-255,66,35793,76,208569
39481,0.001527,74.125.24.0-255,1484,37277,76,208569
39482,0.001531,172.31.40.0-255,66,37343,76,208569
39483,0.001536,74.125.24.0-255,2902,40245,76,208569
39484,0.001539,172.31.40.0-255,66,40311,76,208569
39485,0.001542,74.125.24.0-255,1484,41795,76,208569
39486,0.001562,74.125.24.0-255,4320,46115,76,208569
39487,0.001564,172.31.40.0-255,66,46181,76,208569
39488,0.001575,74.125.24.0-255,5738,51919,76,208569
39489,0.001578,172.31.40.0-255,66,51985,76,208569
39490,0.001611,74.125.24.0-255,7156,59141,76,208569
39491,0.001615,172.31.40.0-255,66,59207,76,208569
39492,0.001632,172.31.40.0-255,66,59273,76,208569
39493,0.001781,74.125.24.0-255,1484,60757,76,208569
39494,0.001808,74.125.24.0-255,2902,63659,76,208569
39495,0.001812,172.31.40.0-255,66,63725,76,208569
39496,0.001818,74.125.24.0-255,5738,69463,76,208569
39497,0.00182,172.31.40.0-255,66,69529,76,208569
39498,0.001856,172.31.40.0-255,66,69595,76,208569
39499,0.001859,74.125.24.0-255,1484,71079,76,208569
39500,0.001887,172.31.40.0-255,66,71145,76,208569
39501,0.002196,74.125.24.0-255,1484,72629,76,208569
39502,0.002202,74.125.24.0-255,2902,75531,76,208569
39503,0.002205,172.31.40.0-255,66,75597,76,208569
39504,0.002213,74.125.24.0-255,5738,81335,76,208569
39505,0.002215,172.31.40.0-255,66,81401,76,208569
39506,0.002257,74.125.24.0-255,2902,84303,76,208569
39507,0.002261,172.31.40.0-255,66,84369,76,208569
39508,0.002264,172.31.40.0-255,66,84435,76,208569
39509,0.002298,74.125.24.0-255,4320,88755,76,208569
39510,0.002301,172.31.40.0-255,66,88821,76,208569
39511,0.002306,74.125.24.0-255,3602,92423,76,208569
39512,0.002308,172.31.40.0-255,66,92489,76,208569
39513,0.004624,74.125.24.0-255,5738,98227,76,208569
39514,0.004631,172.31.40.0-255,66,98293,76,208569
39515,0.006953,74.125.24.0-255,5738,104031,76,208569
39516,0.006959,172.31.40.0-255,66,104097,76,208569
39517,0.009303,74.125.24.0-255,5738,109835,76,208569
39518,0.009312,172.31.40.0-255,66,109901,76,208569
39519,0.011611,74.125.24.0-255,5738,115639,76,208569
39520,0.01162,172.31.40.0-255,66,115705,76,208569
39521,0.013962,74.125.24.0-255,5738,121443,76,208569
39522,0.013971,172.31.40.0-255,66,121509,76,208569
39523,0.016302,74.125.24.0-255,5738,127247,76,208569
39524,0.016311,172.31.40.0-255,66,127313,76,208569
39525,0.018646,74.125.24.0-255,5738,133051,76,208569
39526,0.018657,172.31.40.0-255,66,133117,76,208569
39527,0.021033,74.125.24.0-255,5738,138855,76,208569
39528,0.021042,172.31.40.0-255,66,138921,76,208569
39529,0.023347,74.125.24.0-255,5738,144659,76,208569
39530,0.023354,172.31.40.0-255,66,144725,76,208569
39531,0.025656,74.125.24.0-255,5738,150463,76,208569
39532,0.025664,172.31.40.0-255,66,150529,76,208569
39533,0.027991,74.125.24.0-255,5738,156267,76,208569
39534,0.028,172.31.40.0-255,66,156333,76,208569
39535,0.030317,74.125.24.0-255,5738,162071,76,208569
39536,0.030323,172.31.40.0-255,66,162137,76,208569
39537,0.032724,74.125.24.0-255,5738,167875,76,208569
39538,0.032732,172.31.40.0-255,66,167941,76,208569
39539,0.035053,74.125.24.0-255,5738,173679,76,208569
39540,0.035061,172.31.40.0-255,66,173745,76,208569
39541,0.037385,74.125.24.0-255,5738,179483,76,208569
39542,0.037393,172.31.40.0-255,66,179549,76,208569
39543,0.039699,74.125.24.0-255,5738,185287,76,208569
39544,0.039713,172.31.40.0-255,66,185353,76,208569
39545,0.042059,74.125.24.0-255,5738,191091,76,208569
39546,0.042076,172.31.40.0-255,66,191157,76,208569
39547,0.044414,74.125.24.0-255,5738,196895,76,208569
39548,0.044429,172.31.40.0-255,66,196961,76,208569
39549,0.046763,74.125.24.0-255,5738,202699,76,208569
39550,0.04678,172.31.40.0-255,66,202765,76,208569
39551,0.04913,74.125.24.0-255,5738,208503,76,208569
39552,0.049148,172.31.40.0-255,66,208569,76,208569
39553,0.0,172.31.40.0-255,105,105,76,276
39554,0.002134,157.240.24.0-255,105,210,76,276
39555,0.002149,172.31.40.0-255,66,276,76,276
39556,0.0,74.125.200.0-255,146,146,76,351229
39557,3e-05,172.31.40.0-255,66,212,76,351229
39558,5.3e-05,74.125.200.0-255,1484,1696,76,351229
39559,5.7e-05,172.31.40.0-255,66,1762,76,351229
39560,7e-05,74.125.200.0-255,2902,4664,76,351229
39561,7.3e-05,172.31.40.0-255,66,4730,76,351229
39562,0.000101,74.125.200.0-255,1484,6214,76,351229
39563,0.000103,172.31.40.0-255,66,6280,76,351229
39564,0.000108,74.125.200.0-255,2902,9182,76,351229
39565,0.00011,172.31.40.0-255,66,9248,76,351229
39566,0.000123,74.125.200.0-255,2902,12150,76,351229
39567,0.000125,172.31.40.0-255,66,12216,76,351229
39568,0.000182,74.125.200.0-255,2175,14391,76,351229
39569,0.000188,172.31.40.0-255,66,14457,76,351229
39570,0.000282,74.125.200.0-255,1484,15941,76,351229
39571,0.000286,172.31.40.0-255,66,16007,76,351229
39572,0.000291,74.125.200.0-255,2902,18909,76,351229
39573,0.000294,172.31.40.0-255,66,18975,76,351229
39574,0.000323,74.125.200.0-255,5738,24713,76,351229
39575,0.000326,172.31.40.0-255,66,24779,76,351229
39576,0.000332,74.125.200.0-255,5738,30517,76,351229
39577,0.000335,172.31.40.0-255,66,30583,76,351229
39578,0.000356,74.125.200.0-255,2902,33485,76,351229
39579,0.000359,172.31.40.0-255,66,33551,76,351229
39580,0.00038,74.125.200.0-255,3961,37512,76,351229
39581,0.000384,172.31.40.0-255,66,37578,76,351229
39582,0.00039,74.125.200.0-255,5738,43316,76,351229
39583,0.000392,172.31.40.0-255,66,43382,76,351229
39584,0.000399,74.125.200.0-255,7156,50538,76,351229
39585,0.000403,172.31.40.0-255,66,50604,76,351229
39586,0.000423,74.125.200.0-255,1484,52088,76,351229
39587,0.000425,172.31.40.0-255,66,52154,76,351229
39588,0.00046,172.31.40.0-255,66,52220,76,351229
39589,0.000462,74.125.200.0-255,766,52986,76,351229
39590,0.000464,74.125.200.0-255,394,53380,76,351229
39591,0.000466,172.31.40.0-255,66,53446,76,351229
39592,0.00047,172.31.40.0-255,66,53512,76,351229
39593,0.000592,74.125.200.0-255,1484,54996,76,351229
39594,0.000595,172.31.40.0-255,66,55062,76,351229
39595,0.0006,74.125.200.0-255,2902,57964,76,351229
39596,0.000603,172.31.40.0-255,66,58030,76,351229
39597,0.00063,74.125.200.0-255,5738,63768,76,351229
39598,0.000634,172.31.40.0-255,66,63834,76,351229
39599,0.00064,74.125.200.0-255,5738,69572,76,351229
39600,0.000645,172.31.40.0-255,66,69638,76,351229
39601,0.000655,74.125.200.0-255,2902,72540,76,351229
39602,0.00066,172.31.40.0-255,66,72606,76,351229
39603,0.000693,74.125.200.0-255,5738,78344,76,351229
39604,0.000696,172.31.40.0-255,66,78410,76,351229
39605,0.000718,74.125.200.0-255,7156,85566,76,351229
39606,0.000725,172.31.40.0-255,66,85632,76,351229
39607,0.000757,74.125.200.0-255,2184,87816,76,351229
39608,0.000767,172.31.40.0-255,66,87882,76,351229
39609,0.000784,74.125.200.0-255,2902,90784,76,351229
39610,0.000794,172.31.40.0-255,66,90850,76,351229
39611,0.000832,74.125.200.0-255,4320,95170,76,351229
39612,0.000835,74.125.200.0-255,1484,96654,76,351229
39613,0.000841,172.31.40.0-255,66,96720,76,351229
39614,0.000857,74.125.200.0-255,2902,99622,76,351229
39615,0.000868,172.31.40.0-255,66,99688,76,351229
39616,0.000872,74.125.200.0-255,4320,104008,76,351229
39617,0.000875,172.31.40.0-255,66,104074,76,351229
39618,0.000908,172.31.40.0-255,66,104140,76,351229
39619,0.000914,74.125.200.0-255,5738,109878,76,351229
39620,0.000932,172.31.40.0-255,66,109944,76,351229
39621,0.000942,74.125.200.0-255,3602,113546,76,351229
39622,0.000946,172.31.40.0-255,66,113612,76,351229
39623,0.000965,74.125.200.0-255,4320,117932,76,351229
39624,0.000973,172.31.40.0-255,66,117998,76,351229
39625,0.00099,74.125.200.0-255,1484,119482,76,351229
39626,0.001008,74.125.200.0-255,4320,123802,76,351229
39627,0.001014,74.125.200.0-255,4320,128122,76,351229
39628,0.001016,172.31.40.0-255,66,128188,76,351229
39629,0.001021,172.31.40.0-255,66,128254,76,351229
39630,0.001029,74.125.200.0-255,2902,131156,76,351229
39631,0.001037,172.31.40.0-255,66,131222,76,351229
39632,0.001045,74.125.200.0-255,4320,135542,76,351229
39633,0.001058,172.31.40.0-255,66,135608,76,351229
39634,0.001073,172.31.40.0-255,66,135674,76,351229
39635,0.001094,74.125.200.0-255,2184,137858,76,351229
39636,0.001103,172.31.40.0-255,66,137924,76,351229
39637,0.001316,74.125.200.0-255,1484,139408,76,351229
39638,0.001321,74.125.200.0-255,1484,140892,76,351229
39639,0.001324,172.31.40.0-255,66,140958,76,351229
39640,0.001341,74.125.200.0-255,1484,142442,76,351229
39641,0.001355,74.125.200.0-255,1484,143926,76,351229
39642,0.001363,172.31.40.0-255,66,143992,76,351229
39643,0.001402,74.125.200.0-255,2902,146894,76,351229
39644,0.001408,172.31.40.0-255,66,146960,76,351229
39645,0.001413,74.125.200.0-255,1484,148444,76,351229
39646,0.001427,74.125.200.0-255,2902,151346,76,351229
39647,0.001439,172.31.40.0-255,66,151412,76,351229
39648,0.001457,74.125.200.0-255,5738,157150,76,351229
39649,0.001465,172.31.40.0-255,66,157216,76,351229
39650,0.001485,74.125.200.0-255,2902,160118,76,351229
39651,0.001488,172.31.40.0-255,66,160184,76,351229
39652,0.001507,74.125.200.0-255,4320,164504,76,351229
39653,0.001513,74.125.200.0-255,2902,167406,76,351229
39654,0.001521,172.31.40.0-255,66,167472,76,351229
39655,0.001541,74.125.200.0-255,2902,170374,76,351229
39656,0.001546,172.31.40.0-255,66,170440,76,351229
39657,0.001553,74.125.200.0-255,1484,171924,76,351229
39658,0.001556,74.125.200.0-255,766,172690,76,351229
39659,0.001561,172.31.40.0-255,66,172756,76,351229
39660,0.001792,74.125.200.0-255,1484,174240,76,351229
39661,0.001807,74.125.200.0-255,2902,177142,76,351229
39662,0.001812,172.31.40.0-255,66,177208,76,351229
39663,0.001831,74.125.200.0-255,2902,180110,76,351229
39664,0.001843,74.125.200.0-255,2902,183012,76,351229
39665,0.001843,172.31.40.0-255,66,183078,76,351229
39666,0.001848,172.31.40.0-255,66,183144,76,351229
39667,0.001865,74.125.200.0-255,4320,187464,76,351229
39668,0.00187,74.125.200.0-255,2902,190366,76,351229
39669,0.001874,172.31.40.0-255,66,190432,76,351229
39670,0.001894,74.125.200.0-255,2902,193334,76,351229
39671,0.001902,74.125.200.0-255,5738,199072,76,351229
39672,0.001904,172.31.40.0-255,66,199138,76,351229
39673,0.001909,172.31.40.0-255,66,199204,76,351229
39674,0.001928,74.125.200.0-255,5738,204942,76,351229
39675,0.001933,74.125.200.0-255,2184,207126,76,351229
39676,0.001937,172.31.40.0-255,66,207192,76,351229
39677,0.001957,74.125.200.0-255,4320,211512,76,351229
39678,0.001961,172.31.40.0-255,66,211578,76,351229
39679,0.002002,74.125.200.0-255,7156,218734,76,351229
39680,0.002006,172.31.40.0-255,66,218800,76,351229
39681,0.00204,74.125.200.0-255,766,219566,76,351229
39682,0.002044,172.31.40.0-255,66,219632,76,351229
39683,0.002073,74.125.200.0-255,2902,222534,76,351229
39684,0.002088,172.31.40.0-255,66,222600,76,351229
39685,0.002101,74.125.200.0-255,1484,224084,76,351229
39686,0.002107,74.125.200.0-255,5738,229822,76,351229
39687,0.002118,172.31.40.0-255,66,229888,76,351229
39688,0.002144,74.125.200.0-255,4320,234208,76,351229
39689,0.002149,172.31.40.0-255,66,234274,76,351229
39690,0.002175,74.125.200.0-255,7156,241430,76,351229
39691,0.002185,172.31.40.0-255,66,241496,76,351229
39692,0.00219,74.125.200.0-255,1484,242980,76,351229
39693,0.00219,172.31.40.0-255,66,243046,76,351229
39694,0.002193,74.125.200.0-255,2902,245948,76,351229
39695,0.002197,74.125.200.0-255,2902,248850,76,351229
39696,0.00221,172.31.40.0-255,66,248916,76,351229
39697,0.002215,74.125.200.0-255,2902,251818,76,351229
39698,0.002221,74.125.200.0-255,4320,256138,76,351229
39699,0.002226,172.31.40.0-255,66,256204,76,351229
39700,0.002255,172.31.40.0-255,66,256270,76,351229
39701,0.00227,74.125.200.0-255,5738,262008,76,351229
39702,0.002281,172.31.40.0-255,66,262074,76,351229
39703,0.00229,74.125.200.0-255,6438,268512,76,351229
39704,0.002298,172.31.40.0-255,66,268578,76,351229
39705,0.004585,74.125.200.0-255,5738,274316,76,351229
39706,0.004605,172.31.40.0-255,66,274382,76,351229
39707,0.006868,74.125.200.0-255,5738,280120,76,351229
39708,0.010668,172.31.40.0-255,66,280186,76,351229
39709,0.012932,74.125.200.0-255,5738,285924,76,351229
39710,0.012939,172.31.40.0-255,66,285990,76,351229
39711,0.015211,74.125.200.0-255,5738,291728,76,351229
39712,0.015224,172.31.40.0-255,66,291794,76,351229
39713,0.017495,74.125.200.0-255,5738,297532,76,351229
39714,0.019006,172.31.40.0-255,66,297598,76,351229
39715,0.021265,74.125.200.0-255,5738,303336,76,351229
39716,0.021275,172.31.40.0-255,66,303402,76,351229
39717,0.023534,74.125.200.0-255,5738,309140,76,351229
39718,0.027039,172.31.40.0-255,66,309206,76,351229
39719,0.029297,74.125.200.0-255,5738,314944,76,351229
39720,0.029308,172.31.40.0-255,66,315010,76,351229
39721,0.031563,74.125.200.0-255,5738,320748,76,351229
39722,0.031569,172.31.40.0-255,66,320814,76,351229
39723,0.03383,74.125.200.0-255,5738,326552,76,351229
39724,0.033844,172.31.40.0-255,66,326618,76,351229
39725,0.036092,74.125.200.0-255,5738,332356,76,351229
39726,0.0361,172.31.40.0-255,66,332422,76,351229
39727,0.038376,74.125.200.0-255,5738,338160,76,351229
39728,0.038392,172.31.40.0-255,66,338226,76,351229
39729,0.040645,74.125.200.0-255,5738,343964,76,351229
39730,0.040652,172.31.40.0-255,66,344030,76,351229
39731,0.042868,74.125.200.0-255,208,344238,76,351229
39732,0.043073,172.31.40.0-255,66,344304,76,351229
39733,0.043104,172.31.40.0-255,105,344409,76,351229
39734,0.043403,172.31.40.0-255,172,344581,76,351229
39735,0.043437,172.31.40.0-255,1110,345691,76,351229
39736,0.043495,172.31.40.0-255,1514,347205,76,351229
39737,0.043497,172.31.40.0-255,1514,348719,76,351229
39738,0.043498,172.31.40.0-255,1514,350233,76,351229
39739,0.043499,172.31.40.0-255,666,350899,76,351229
39740,0.044892,104.244.42.0-255,66,350965,76,351229
39741,0.044925,104.244.42.0-255,66,351031,76,351229
39742,0.044986,104.244.42.0-255,66,351097,76,351229
39743,0.045004,104.244.42.0-255,66,351163,76,351229
39744,0.045306,74.125.200.0-255,66,351229,76,351229
39745,0.0,172.217.194.0-255,152,152,76,276230
39746,1.5e-05,172.31.40.0-255,66,218,76,276230
39747,2.1e-05,172.217.194.0-255,1484,1702,76,276230
39748,2.5e-05,172.31.40.0-255,66,1768,76,276230
39749,3.1e-05,172.217.194.0-255,2902,4670,76,276230
39750,3.4e-05,172.31.40.0-255,66,4736,76,276230
39751,4.2e-05,172.217.194.0-255,7156,11892,76,276230
39752,4.5e-05,172.31.40.0-255,66,11958,76,276230
39753,7.6e-05,172.217.194.0-255,1981,13939,76,276230
39754,7.9e-05,172.31.40.0-255,66,14005,76,276230
39755,0.000189,172.217.194.0-255,1484,15489,76,276230
39756,0.000193,172.31.40.0-255,66,15555,76,276230
39757,0.000209,172.217.194.0-255,2902,18457,76,276230
39758,0.000211,172.31.40.0-255,66,18523,76,276230
39759,0.000218,172.217.194.0-255,5738,24261,76,276230
39760,0.00022,172.31.40.0-255,66,24327,76,276230
39761,0.000266,172.217.194.0-255,4320,28647,76,276230
39762,0.000269,172.31.40.0-255,66,28713,76,276230
39763,0.000287,172.217.194.0-255,2543,31256,76,276230
39764,0.00029,172.31.40.0-255,66,31322,76,276230
39765,0.000427,172.217.194.0-255,1484,32806,76,276230
39766,0.000431,172.31.40.0-255,66,32872,76,276230
39767,0.000437,172.217.194.0-255,2902,35774,76,276230
39768,0.00044,172.31.40.0-255,66,35840,76,276230
39769,0.000443,172.217.194.0-255,1484,37324,76,276230
39770,0.000445,172.31.40.0-255,66,37390,76,276230
39771,0.000464,172.217.194.0-255,4320,41710,76,276230
39772,0.000467,172.31.40.0-255,66,41776,76,276230
39773,0.000474,172.217.194.0-255,7156,48932,76,276230
39774,0.000477,172.31.40.0-255,66,48998,76,276230
39775,0.000497,172.217.194.0-255,2543,51541,76,276230
39776,0.0005,172.31.40.0-255,66,51607,76,276230
39777,0.000522,172.217.194.0-255,1484,53091,76,276230
39778,0.000564,172.31.40.0-255,66,53157,76,276230
39779,0.000633,172.217.194.0-255,645,53802,76,276230
39780,0.000845,172.217.194.0-255,1484,55286,76,276230
39781,0.00085,172.31.40.0-255,66,55352,76,276230
39782,0.000856,172.217.194.0-255,2902,58254,76,276230
39783,0.000858,172.31.40.0-255,66,58320,76,276230
39784,0.000883,172.217.194.0-255,5738,64058,76,276230
39785,0.000886,172.31.40.0-255,66,64124,76,276230
39786,0.000889,172.217.194.0-255,1484,65608,76,276230
39787,0.000916,172.31.40.0-255,66,65674,76,276230
39788,0.000938,172.217.194.0-255,5738,71412,76,276230
39789,0.00094,172.31.40.0-255,66,71478,76,276230
39790,0.000967,172.31.40.0-255,66,71544,76,276230
39791,0.001231,172.217.194.0-255,1484,73028,76,276230
39792,0.001238,172.217.194.0-255,2902,75930,76,276230
39793,0.001241,172.31.40.0-255,66,75996,76,276230
39794,0.001248,172.217.194.0-255,5738,81734,76,276230
39795,0.001251,172.31.40.0-255,66,81800,76,276230
39796,0.001273,172.217.194.0-255,5738,87538,76,276230
39797,0.001276,172.31.40.0-255,66,87604,76,276230
39798,0.001308,172.217.194.0-255,7156,94760,76,276230
39799,0.001311,172.31.40.0-255,66,94826,76,276230
39800,0.001322,172.31.40.0-255,66,94892,76,276230
39801,0.001325,172.217.194.0-255,766,95658,76,276230
39802,0.001678,172.217.194.0-255,1484,97142,76,276230
39803,0.001683,172.31.40.0-255,66,97208,76,276230
39804,0.001688,172.217.194.0-255,2902,100110,76,276230
39805,0.00169,172.31.40.0-255,66,100176,76,276230
39806,0.001694,172.217.194.0-255,2902,103078,76,276230
39807,0.001697,172.31.40.0-255,66,103144,76,276230
39808,0.001723,172.217.194.0-255,2902,106046,76,276230
39809,0.001726,172.31.40.0-255,66,106112,76,276230
39810,0.001738,172.31.40.0-255,66,106178,76,276230
39811,0.001744,172.217.194.0-255,5738,111916,76,276230
39812,0.001746,172.31.40.0-255,66,111982,76,276230
39813,0.001774,172.217.194.0-255,5020,117002,76,276230
39814,0.001777,172.31.40.0-255,66,117068,76,276230
39815,0.001909,172.217.194.0-255,1484,118552,76,276230
39816,0.001914,172.217.194.0-255,1484,120036,76,276230
39817,0.001916,172.31.40.0-255,66,120102,76,276230
39818,0.001929,172.217.194.0-255,1484,121586,76,276230
39819,0.001943,172.217.194.0-255,4320,125906,76,276230
39820,0.001962,172.31.40.0-255,66,125972,76,276230
39821,0.001976,172.217.194.0-255,1484,127456,76,276230
39822,0.001986,172.31.40.0-255,66,127522,76,276230
39823,0.001989,172.217.194.0-255,1484,129006,76,276230
39824,0.002027,172.31.40.0-255,66,129072,76,276230
39825,0.002108,172.217.194.0-255,1484,130556,76,276230
39826,0.002113,172.217.194.0-255,2902,133458,76,276230
39827,0.002116,172.31.40.0-255,66,133524,76,276230
39828,0.002121,172.217.194.0-255,2902,136426,76,276230
39829,0.002123,172.31.40.0-255,66,136492,76,276230
39830,0.002136,172.217.194.0-255,2902,139394,76,276230
39831,0.002138,172.31.40.0-255,66,139460,76,276230
39832,0.002141,172.217.194.0-255,1484,140944,76,276230
39833,0.002179,172.31.40.0-255,66,141010,76,276230
39834,0.002197,172.217.194.0-255,1484,142494,76,276230
39835,0.002229,172.31.40.0-255,66,142560,76,276230
39836,0.002248,172.217.194.0-255,1484,144044,76,276230
39837,0.002252,172.217.194.0-255,1484,145528,76,276230
39838,0.002254,172.31.40.0-255,66,145594,76,276230
39839,0.00227,172.217.194.0-255,1484,147078,76,276230
39840,0.002294,172.217.194.0-255,5738,152816,76,276230
39841,0.002297,172.31.40.0-255,66,152882,76,276230
39842,0.002301,172.217.194.0-255,2902,155784,76,276230
39843,0.002304,172.31.40.0-255,66,155850,76,276230
39844,0.004586,172.217.194.0-255,5738,161588,76,276230
39845,0.004593,172.31.40.0-255,66,161654,76,276230
39846,0.006887,172.217.194.0-255,5738,167392,76,276230
39847,0.006894,172.31.40.0-255,66,167458,76,276230
39848,0.009169,172.217.194.0-255,5738,173196,76,276230
39849,0.009176,172.31.40.0-255,66,173262,76,276230
39850,0.011477,172.217.194.0-255,5738,179000,76,276230
39851,0.011484,172.31.40.0-255,66,179066,76,276230
39852,0.01378,172.217.194.0-255,5738,184804,76,276230
39853,0.013788,172.31.40.0-255,66,184870,76,276230
39854,0.016099,172.217.194.0-255,5738,190608,76,276230
39855,0.01611,172.31.40.0-255,66,190674,76,276230
39856,0.018374,172.217.194.0-255,5738,196412,76,276230
39857,0.018384,172.31.40.0-255,66,196478,76,276230
39858,0.020657,172.217.194.0-255,5738,202216,76,276230
39859,0.020664,172.31.40.0-255,66,202282,76,276230
39860,0.022939,172.217.194.0-255,5738,208020,76,276230
39861,0.022945,172.31.40.0-255,66,208086,76,276230
39862,0.025241,172.217.194.0-255,5738,213824,76,276230
39863,0.025249,172.31.40.0-255,66,213890,76,276230
39864,0.027543,172.217.194.0-255,5738,219628,76,276230
39865,0.02755,172.31.40.0-255,66,219694,76,276230
39866,0.02921,172.31.40.0-255,172,219866,76,276230
39867,0.029238,172.31.40.0-255,1108,220974,76,276230
39868,0.0293,172.31.40.0-255,1514,222488,76,276230
39869,0.029302,172.31.40.0-255,1308,223796,76,276230
39870,0.029852,172.217.194.0-255,5738,229534,76,276230
39871,0.029858,172.31.40.0-255,66,229600,76,276230
39872,0.030785,104.244.42.0-255,66,229666,76,276230
39873,0.03082,104.244.42.0-255,66,229732,76,276230
39874,0.030841,104.244.42.0-255,66,229798,76,276230
39875,0.032154,172.217.194.0-255,5738,235536,76,276230
39876,0.032161,172.31.40.0-255,66,235602,76,276230
39877,0.034439,172.217.194.0-255,5738,241340,76,276230
39878,0.034446,172.31.40.0-255,66,241406,76,276230
39879,0.036734,172.217.194.0-255,5738,247144,76,276230
39880,0.036741,172.31.40.0-255,66,247210,76,276230
39881,0.03906,172.217.194.0-255,5738,252948,76,276230
39882,0.039066,172.31.40.0-255,66,253014,76,276230
39883,0.04135,172.217.194.0-255,5738,258752,76,276230
39884,0.041359,172.31.40.0-255,66,258818,76,276230
39885,0.043666,172.217.194.0-255,5738,264556,76,276230
39886,0.043671,172.31.40.0-255,66,264622,76,276230
39887,0.045958,172.217.194.0-255,5738,270360,76,276230
39888,0.045964,172.31.40.0-255,66,270426,76,276230
39889,0.048266,172.217.194.0-255,5738,276164,76,276230
39890,0.048274,172.31.40.0-255,66,276230,76,276230
39891,0.0,74.125.24.0-255,152,152,76,171034
39892,1.2e-05,172.31.40.0-255,66,218,76,171034
39893,1.8e-05,74.125.24.0-255,1484,1702,76,171034
39894,2.2e-05,172.31.40.0-255,66,1768,76,171034
39895,3.5e-05,74.125.24.0-255,2902,4670,76,171034
39896,3.8e-05,172.31.40.0-255,66,4736,76,171034
39897,4.3e-05,74.125.24.0-255,4320,9056,76,171034
39898,4.6e-05,172.31.40.0-255,66,9122,76,171034
39899,9.7e-05,74.125.24.0-255,5738,14860,76,171034
39900,0.0001,172.31.40.0-255,66,14926,76,171034
39901,0.000128,74.125.24.0-255,1948,16874,76,171034
39902,0.000131,172.31.40.0-255,66,16940,76,171034
39903,0.00014,172.31.40.0-255,66,17006,76,171034
39904,0.000168,74.125.24.0-255,5379,22385,76,171034
39905,0.00017,172.31.40.0-255,66,22451,76,171034
39906,0.000231,74.125.24.0-255,1484,23935,76,171034
39907,0.000233,172.31.40.0-255,66,24001,76,171034
39908,0.000237,74.125.24.0-255,1484,25485,76,171034
39909,0.000239,172.31.40.0-255,66,25551,76,171034
39910,0.000258,74.125.24.0-255,1484,27035,76,171034
39911,0.00026,172.31.40.0-255,66,27101,76,171034
39912,0.000266,74.125.24.0-255,5738,32839,76,171034
39913,0.00027,172.31.40.0-255,66,32905,76,171034
39914,0.000303,74.125.24.0-255,4320,37225,76,171034
39915,0.000305,172.31.40.0-255,66,37291,76,171034
39916,0.000338,172.31.40.0-255,66,37357,76,171034
39917,0.000345,74.125.24.0-255,7156,44513,76,171034
39918,0.000347,172.31.40.0-255,66,44579,76,171034
39919,0.000372,74.125.24.0-255,2902,47481,76,171034
39920,0.000374,172.31.40.0-255,66,47547,76,171034
39921,0.000496,74.125.24.0-255,329,47876,76,171034
39922,0.00097,172.31.40.0-255,66,47942,76,171034
39923,0.001077,74.125.24.0-255,1484,49426,76,171034
39924,0.001084,74.125.24.0-255,1484,50910,76,171034
39925,0.001087,172.31.40.0-255,66,50976,76,171034
39926,0.001114,74.125.24.0-255,1484,52460,76,171034
39927,0.001121,74.125.24.0-255,5738,58198,76,171034
39928,0.001123,172.31.40.0-255,66,58264,76,171034
39929,0.001171,172.31.40.0-255,66,58330,76,171034
39930,0.001176,74.125.24.0-255,4320,62650,76,171034
39931,0.001179,172.31.40.0-255,66,62716,76,171034
39932,0.001233,74.125.24.0-255,6438,69154,76,171034
39933,0.001237,172.31.40.0-255,66,69220,76,171034
39934,0.00127,74.125.24.0-255,1484,70704,76,171034
39935,0.001275,74.125.24.0-255,2902,73606,76,171034
39936,0.001278,172.31.40.0-255,66,73672,76,171034
39937,0.001281,74.125.24.0-255,1484,75156,76,171034
39938,0.001306,74.125.24.0-255,4320,79476,76,171034
39939,0.001309,172.31.40.0-255,66,79542,76,171034
39940,0.001315,74.125.24.0-255,4320,83862,76,171034
39941,0.001317,172.31.40.0-255,66,83928,76,171034
39942,0.00133,172.31.40.0-255,66,83994,76,171034
39943,0.00136,172.31.40.0-255,66,84060,76,171034
39944,0.00143,74.125.24.0-255,1484,85544,76,171034
39945,0.00146,74.125.24.0-255,2902,88446,76,171034
39946,0.001465,172.31.40.0-255,66,88512,76,171034
39947,0.001472,74.125.24.0-255,5738,94250,76,171034
39948,0.001474,172.31.40.0-255,66,94316,76,171034
39949,0.001509,172.31.40.0-255,66,94382,76,171034
39950,0.001541,74.125.24.0-255,4320,98702,76,171034
39951,0.001545,172.31.40.0-255,66,98768,76,171034
39952,0.00159,172.31.40.0-255,66,98834,76,171034
39953,0.001608,74.125.24.0-255,1484,100318,76,171034
39954,0.001625,74.125.24.0-255,2902,103220,76,171034
39955,0.001628,172.31.40.0-255,66,103286,76,171034
39956,0.001635,74.125.24.0-255,5738,109024,76,171034
39957,0.001637,172.31.40.0-255,66,109090,76,171034
39958,0.001668,172.31.40.0-255,66,109156,76,171034
39959,0.001675,74.125.24.0-255,5738,114894,76,171034
39960,0.001677,172.31.40.0-255,66,114960,76,171034
39961,0.001709,74.125.24.0-255,5738,120698,76,171034
39962,0.001712,172.31.40.0-255,66,120764,76,171034
39963,0.001724,172.31.40.0-255,66,120830,76,171034
39964,0.001766,172.31.40.0-255,66,120896,76,171034
39965,0.001771,74.125.24.0-255,4320,125216,76,171034
39966,0.001773,172.31.40.0-255,66,125282,76,171034
39967,0.001842,172.31.40.0-255,66,125348,76,171034
39968,0.001854,172.31.40.0-255,66,125414,76,171034
39969,0.001862,74.125.24.0-255,7156,132570,76,171034
39970,0.001865,172.31.40.0-255,66,132636,76,171034
39971,0.00192,172.31.40.0-255,66,132702,76,171034
39972,0.001923,74.125.24.0-255,1484,134186,76,171034
39973,0.001976,172.31.40.0-255,66,134252,76,171034
39974,0.002,74.125.24.0-255,3602,137854,76,171034
39975,0.002002,172.31.40.0-255,66,137920,76,171034
39976,0.002018,172.31.40.0-255,66,137986,76,171034
39977,0.002084,74.125.24.0-255,1484,139470,76,171034
39978,0.00209,74.125.24.0-255,2902,142372,76,171034
39979,0.002093,172.31.40.0-255,66,142438,76,171034
39980,0.002121,74.125.24.0-255,5738,148176,76,171034
39981,0.002124,172.31.40.0-255,66,148242,76,171034
39982,0.002127,74.125.24.0-255,1484,149726,76,171034
39983,0.002143,172.31.40.0-255,66,149792,76,171034
39984,0.002169,74.125.24.0-255,5738,155530,76,171034
39985,0.002172,172.31.40.0-255,66,155596,76,171034
39986,0.002209,172.31.40.0-255,66,155662,76,171034
39987,0.002227,172.31.40.0-255,66,155728,76,171034
39988,0.002237,172.31.40.0-255,66,155794,76,171034
39989,0.002279,74.125.24.0-255,5020,160814,76,171034
39990,0.002282,172.31.40.0-255,66,160880,76,171034
39991,0.002297,172.31.40.0-255,66,160946,76,171034
39992,0.002313,172.31.40.0-255,66,161012,76,171034
39993,0.002319,74.125.24.0-255,5738,166750,76,171034
39994,0.002325,172.31.40.0-255,66,166816,76,171034
39995,0.002334,74.125.24.0-255,3810,170626,76,171034
39996,0.002336,172.31.40.0-255,66,170692,76,171034
39997,0.002344,74.125.24.0-255,105,170797,76,171034
39998,0.010798,172.31.40.0-255,66,170863,76,171034
39999,0.01085,172.31.40.0-255,105,170968,76,171034
40000,0.013396,74.125.24.0-255,66,171034,76,171034
40001,0.0,74.125.130.0-255,146,146,76,198392
40002,2.2e-05,172.31.40.0-255,66,212,76,198392
40003,2.9e-05,74.125.130.0-255,1484,1696,76,198392
40004,3.3e-05,172.31.40.0-255,66,1762,76,198392
40005,3.9e-05,74.125.130.0-255,2902,4664,76,198392
40006,5e-05,172.31.40.0-255,66,4730,76,198392
40007,5.5e-05,74.125.130.0-255,2902,7632,76,198392
40008,5.8e-05,172.31.40.0-255,66,7698,76,198392
40009,6.4e-05,74.125.130.0-255,4320,12018,76,198392
40010,6.6e-05,172.31.40.0-255,66,12084,76,198392
40011,9.3e-05,74.125.130.0-255,2028,14112,76,198392
40012,9.6e-05,172.31.40.0-255,66,14178,76,198392
40013,0.000334,74.125.130.0-255,1484,15662,76,198392
40014,0.000337,172.31.40.0-255,66,15728,76,198392
40015,0.000343,74.125.130.0-255,2902,18630,76,198392
40016,0.000345,172.31.40.0-255,66,18696,76,198392
40017,0.000348,74.125.130.0-255,1484,20180,76,198392
40018,0.00035,172.31.40.0-255,66,20246,76,198392
40019,0.000387,74.125.130.0-255,4320,24566,76,198392
40020,0.000391,172.31.40.0-255,66,24632,76,198392
40021,0.000397,74.125.130.0-255,6797,31429,76,198392
40022,0.0004,172.31.40.0-255,66,31495,76,198392
40023,0.000797,74.125.130.0-255,1484,32979,76,198392
40024,0.000804,172.31.40.0-255,66,33045,76,198392
40025,0.00081,74.125.130.0-255,2902,35947,76,198392
40026,0.000812,172.31.40.0-255,66,36013,76,198392
40027,0.000818,74.125.130.0-255,4320,40333,76,198392
40028,0.000825,172.31.40.0-255,66,40399,76,198392
40029,0.000855,74.125.130.0-255,1484,41883,76,198392
40030,0.000858,172.31.40.0-255,66,41949,76,198392
40031,0.000875,172.31.40.0-255,66,42015,76,198392
40032,0.000932,172.31.40.0-255,66,42081,76,198392
40033,0.000935,74.125.130.0-255,397,42478,76,198392
40034,0.000937,172.31.40.0-255,66,42544,76,198392
40035,0.001129,74.125.130.0-255,1484,44028,76,198392
40036,0.001133,172.31.40.0-255,66,44094,76,198392
40037,0.001139,74.125.130.0-255,2902,46996,76,198392
40038,0.001141,172.31.40.0-255,66,47062,76,198392
40039,0.001144,74.125.130.0-255,1484,48546,76,198392
40040,0.001152,172.31.40.0-255,66,48612,76,198392
40041,0.001184,74.125.130.0-255,4320,52932,76,198392
40042,0.001186,172.31.40.0-255,66,52998,76,198392
40043,0.001193,74.125.130.0-255,7156,60154,76,198392
40044,0.001196,172.31.40.0-255,66,60220,76,198392
40045,0.001213,172.31.40.0-255,66,60286,76,198392
40046,0.001241,74.125.130.0-255,2184,62470,76,198392
40047,0.001243,172.31.40.0-255,66,62536,76,198392
40048,0.00164,74.125.130.0-255,1484,64020,76,198392
40049,0.001645,172.31.40.0-255,66,64086,76,198392
40050,0.001679,74.125.130.0-255,2902,66988,76,198392
40051,0.001681,172.31.40.0-255,66,67054,76,198392
40052,0.001687,74.125.130.0-255,4320,71374,76,198392
40053,0.00169,172.31.40.0-255,66,71440,76,198392
40054,0.001704,172.31.40.0-255,66,71506,76,198392
40055,0.001707,74.125.130.0-255,1484,72990,76,198392
40056,0.001709,172.31.40.0-255,66,73056,76,198392
40057,0.001742,172.31.40.0-255,66,73122,76,198392
40058,0.00395,74.125.130.0-255,4320,77442,76,198392
40059,0.003957,172.31.40.0-255,66,77508,76,198392
40060,0.003985,74.125.130.0-255,1484,78992,76,198392
40061,0.003987,172.31.40.0-255,66,79058,76,198392
40062,0.006195,74.125.130.0-255,4320,83378,76,198392
40063,0.006198,172.31.40.0-255,66,83444,76,198392
40064,0.006225,74.125.130.0-255,1484,84928,76,198392
40065,0.006228,172.31.40.0-255,66,84994,76,198392
40066,0.008422,74.125.130.0-255,5738,90732,76,198392
40067,0.008429,172.31.40.0-255,66,90798,76,198392
40068,0.010677,74.125.130.0-255,5738,96536,76,198392
40069,0.010685,172.31.40.0-255,66,96602,76,198392
40070,0.012907,74.125.130.0-255,5738,102340,76,198392
40071,0.012916,172.31.40.0-255,66,102406,76,198392
40072,0.015146,74.125.130.0-255,5738,108144,76,198392
40073,0.015153,172.31.40.0-255,66,108210,76,198392
40074,0.017389,74.125.130.0-255,5738,113948,76,198392
40075,0.017398,172.31.40.0-255,66,114014,76,198392
40076,0.019616,74.125.130.0-255,5738,119752,76,198392
40077,0.019624,172.31.40.0-255,66,119818,76,198392
40078,0.021847,74.125.130.0-255,5738,125556,76,198392
40079,0.021855,172.31.40.0-255,66,125622,76,198392
40080,0.024079,74.125.130.0-255,5738,131360,76,198392
40081,0.024087,172.31.40.0-255,66,131426,76,198392
40082,0.026308,74.125.130.0-255,5738,137164,76,198392
40083,0.026316,172.31.40.0-255,66,137230,76,198392
40084,0.028403,172.31.40.0-255,172,137402,76,198392
40085,0.028436,172.31.40.0-255,1109,138511,76,198392
40086,0.028498,172.31.40.0-255,1514,140025,76,198392
40087,0.0285,172.31.40.0-255,1307,141332,76,198392
40088,0.02855,74.125.130.0-255,4320,145652,76,198392
40089,0.028555,172.31.40.0-255,66,145718,76,198392
40090,0.028582,74.125.130.0-255,1484,147202,76,198392
40091,0.029957,104.244.42.0-255,66,147268,76,198392
40092,0.030005,104.244.42.0-255,66,147334,76,198392
40093,0.03005,104.244.42.0-255,66,147400,76,198392
40094,0.030784,74.125.130.0-255,4320,151720,76,198392
40095,0.030789,172.31.40.0-255,66,151786,76,198392
40096,0.031163,104.244.42.0-255,108,151894,76,198392
40097,0.031173,172.31.40.0-255,66,151960,76,198392
40098,0.033028,74.125.130.0-255,5738,157698,76,198392
40099,0.033032,172.31.40.0-255,66,157764,76,198392
40100,0.035253,74.125.130.0-255,5738,163502,76,198392
40101,0.035261,172.31.40.0-255,66,163568,76,198392
40102,0.037481,74.125.130.0-255,5738,169306,76,198392
40103,0.037488,172.31.40.0-255,66,169372,76,198392
40104,0.039712,74.125.130.0-255,5738,175110,76,198392
40105,0.039719,172.31.40.0-255,66,175176,76,198392
40106,0.041934,74.125.130.0-255,5738,180914,76,198392
40107,0.041941,172.31.40.0-255,66,180980,76,198392
40108,0.044174,74.125.130.0-255,5738,186718,76,198392
40109,0.044181,172.31.40.0-255,66,186784,76,198392
40110,0.046403,74.125.130.0-255,5738,192522,76,198392
40111,0.046408,172.31.40.0-255,66,192588,76,198392
40112,0.048638,74.125.130.0-255,5738,198326,76,198392
40113,0.048657,172.31.40.0-255,66,198392,76,198392
40114,0.0,172.217.27.0-255,150,150,76,300146
40115,1.9e-05,172.31.40.0-255,66,216,76,300146
40116,2.6e-05,172.217.27.0-255,1484,1700,76,300146
40117,3.1e-05,172.31.40.0-255,66,1766,76,300146
40118,3.4e-05,172.217.27.0-255,1484,3250,76,300146
40119,3.7e-05,172.31.40.0-255,66,3316,76,300146
40120,4.3e-05,172.217.27.0-255,2902,6218,76,300146
40121,4.6e-05,172.31.40.0-255,66,6284,76,300146
40122,5.1e-05,172.217.27.0-255,5738,12022,76,300146
40123,5.4e-05,172.31.40.0-255,66,12088,76,300146
40124,9.3e-05,172.31.40.0-255,66,12154,76,300146
40125,0.000132,172.217.27.0-255,5379,17533,76,300146
40126,0.000135,172.31.40.0-255,66,17599,76,300146
40127,0.000191,172.217.27.0-255,1484,19083,76,300146
40128,0.000194,172.31.40.0-255,66,19149,76,300146
40129,0.000198,172.217.27.0-255,2902,22051,76,300146
40130,0.0002,172.31.40.0-255,66,22117,76,300146
40131,0.000215,172.217.27.0-255,5738,27855,76,300146
40132,0.000218,172.31.40.0-255,66,27921,76,300146
40133,0.000223,172.217.27.0-255,4320,32241,76,300146
40134,0.000225,172.31.40.0-255,66,32307,76,300146
40135,0.000237,172.217.27.0-255,2543,34850,76,300146
40136,0.000239,172.31.40.0-255,66,34916,76,300146
40137,0.000259,172.217.27.0-255,7156,42072,76,300146
40138,0.000262,172.31.40.0-255,66,42138,76,300146
40139,0.000268,172.217.27.0-255,5738,47876,76,300146
40140,0.00027,172.31.40.0-255,66,47942,76,300146
40141,0.000326,172.217.27.0-255,4247,52189,76,300146
40142,0.00033,172.31.40.0-255,66,52255,76,300146
40143,0.000695,172.217.27.0-255,1484,53739,76,300146
40144,0.0007,172.31.40.0-255,66,53805,76,300146
40145,0.000706,172.217.27.0-255,2902,56707,76,300146
40146,0.000708,172.31.40.0-255,66,56773,76,300146
40147,0.000745,172.217.27.0-255,4320,61093,76,300146
40148,0.000748,172.31.40.0-255,66,61159,76,300146
40149,0.000754,172.217.27.0-255,5738,66897,76,300146
40150,0.000756,172.31.40.0-255,66,66963,76,300146
40151,0.000779,172.31.40.0-255,66,67029,76,300146
40152,0.000803,172.217.27.0-255,3961,70990,76,300146
40153,0.000806,172.31.40.0-255,66,71056,76,300146
40154,0.000813,172.217.27.0-255,5738,76794,76,300146
40155,0.000815,172.31.40.0-255,66,76860,76,300146
40156,0.000826,172.217.27.0-255,870,77730,76,300146
40157,0.000929,172.217.27.0-255,1484,79214,76,300146
40158,0.000951,172.31.40.0-255,66,79280,76,300146
40159,0.000957,172.217.27.0-255,2902,82182,76,300146
40160,0.000959,172.31.40.0-255,66,82248,76,300146
40161,0.000989,172.217.27.0-255,1484,83732,76,300146
40162,0.000994,172.217.27.0-255,2902,86634,76,300146
40163,0.000996,172.31.40.0-255,66,86700,76,300146
40164,0.001,172.217.27.0-255,1484,88184,76,300146
40165,0.001026,172.217.27.0-255,1484,89668,76,300146
40166,0.001029,172.31.40.0-255,66,89734,76,300146
40167,0.001034,172.217.27.0-255,2902,92636,76,300146
40168,0.001036,172.31.40.0-255,66,92702,76,300146
40169,0.001041,172.217.27.0-255,2902,95604,76,300146
40170,0.001043,172.31.40.0-255,66,95670,76,300146
40171,0.001062,172.217.27.0-255,2902,98572,76,300146
40172,0.001064,172.31.40.0-255,66,98638,76,300146
40173,0.001078,172.31.40.0-255,66,98704,76,300146
40174,0.001103,172.217.27.0-255,1484,100188,76,300146
40175,0.001107,172.217.27.0-255,766,100954,76,300146
40176,0.001109,172.31.40.0-255,66,101020,76,300146
40177,0.001451,172.217.27.0-255,1484,102504,76,300146
40178,0.001457,172.217.27.0-255,2902,105406,76,300146
40179,0.00146,172.31.40.0-255,66,105472,76,300146
40180,0.001467,172.217.27.0-255,5738,111210,76,300146
40181,0.001469,172.31.40.0-255,66,111276,76,300146
40182,0.00149,172.217.27.0-255,5738,117014,76,300146
40183,0.001493,172.31.40.0-255,66,117080,76,300146
40184,0.00151,172.217.27.0-255,7156,124236,76,300146
40185,0.001512,172.31.40.0-255,66,124302,76,300146
40186,0.001558,172.31.40.0-255,66,124368,76,300146
40187,0.001589,172.31.40.0-255,66,124434,76,300146
40188,0.001601,172.31.40.0-255,66,124500,76,300146
40189,0.001652,172.31.40.0-255,66,124566,76,300146
40190,0.001668,172.217.27.0-255,766,125332,76,300146
40191,0.002432,172.31.40.0-255,66,125398,76,300146
40192,0.003269,172.217.27.0-255,4320,129718,76,300146
40193,0.003275,172.31.40.0-255,66,129784,76,300146
40194,0.004039,172.217.27.0-255,1484,131268,76,300146
40195,0.004883,172.217.27.0-255,4320,135588,76,300146
40196,0.004888,172.31.40.0-255,66,135654,76,300146
40197,0.006497,172.217.27.0-255,5738,141392,76,300146
40198,0.0065,172.31.40.0-255,66,141458,76,300146
40199,0.008111,172.217.27.0-255,5738,147196,76,300146
40200,0.008117,172.31.40.0-255,66,147262,76,300146
40201,0.009736,172.217.27.0-255,5738,153000,76,300146
40202,0.009742,172.31.40.0-255,66,153066,76,300146
40203,0.011361,172.217.27.0-255,5738,158804,76,300146
40204,0.011367,172.31.40.0-255,66,158870,76,300146
40205,0.012982,172.217.27.0-255,5738,164608,76,300146
40206,0.012988,172.31.40.0-255,66,164674,76,300146
40207,0.014635,172.217.27.0-255,5738,170412,76,300146
40208,0.014643,172.31.40.0-255,66,170478,76,300146
40209,0.016326,172.217.27.0-255,5738,176216,76,300146
40210,0.016331,172.31.40.0-255,66,176282,76,300146
40211,0.017954,172.217.27.0-255,5738,182020,76,300146
40212,0.017961,172.31.40.0-255,66,182086,76,300146
40213,0.01959,172.217.27.0-255,5738,187824,76,300146
40214,0.019598,172.31.40.0-255,66,187890,76,300146
40215,0.02121,172.217.27.0-255,5738,193628,76,300146
40216,0.021217,172.31.40.0-255,66,193694,76,300146
40217,0.022833,172.217.27.0-255,5738,199432,76,300146
40218,0.02284,172.31.40.0-255,66,199498,76,300146
40219,0.024457,172.217.27.0-255,5738,205236,76,300146
40220,0.024465,172.31.40.0-255,66,205302,76,300146
40221,0.026086,172.217.27.0-255,5738,211040,76,300146
40222,0.026092,172.31.40.0-255,66,211106,76,300146
40223,0.027394,172.31.40.0-255,172,211278,76,300146
40224,0.027427,172.31.40.0-255,1108,212386,76,300146
40225,0.027491,172.31.40.0-255,1514,213900,76,300146
40226,0.027493,172.31.40.0-255,1514,215414,76,300146
40227,0.027499,172.31.40.0-255,1514,216928,76,300146
40228,0.0275,172.31.40.0-255,1514,218442,76,300146
40229,0.027543,172.31.40.0-255,184,218626,76,300146
40230,0.027707,172.217.27.0-255,5738,224364,76,300146
40231,0.027714,172.31.40.0-255,66,224430,76,300146
40232,0.028932,104.244.42.0-255,66,224496,76,300146
40233,0.028941,104.244.42.0-255,66,224562,76,300146
40234,0.029048,104.244.42.0-255,66,224628,76,300146
40235,0.029055,104.244.42.0-255,66,224694,76,300146
40236,0.029336,172.217.27.0-255,5738,230432,76,300146
40237,0.029343,172.31.40.0-255,66,230498,76,300146
40238,0.030967,172.217.27.0-255,5738,236236,76,300146
40239,0.030973,172.31.40.0-255,66,236302,76,300146
40240,0.032598,172.217.27.0-255,5738,242040,76,300146
40241,0.032604,172.31.40.0-255,66,242106,76,300146
40242,0.034227,172.217.27.0-255,5738,247844,76,300146
40243,0.034233,172.31.40.0-255,66,247910,76,300146
40244,0.035857,172.217.27.0-255,5738,253648,76,300146
40245,0.035863,172.31.40.0-255,66,253714,76,300146
40246,0.037488,172.217.27.0-255,5738,259452,76,300146
40247,0.037494,172.31.40.0-255,66,259518,76,300146
40248,0.03912,172.217.27.0-255,5738,265256,76,300146
40249,0.039127,172.31.40.0-255,66,265322,76,300146
40250,0.040766,172.217.27.0-255,5738,271060,76,300146
40251,0.040773,172.31.40.0-255,66,271126,76,300146
40252,0.042411,172.217.27.0-255,5738,276864,76,300146
40253,0.042418,172.31.40.0-255,66,276930,76,300146
40254,0.044043,172.217.27.0-255,5738,282668,76,300146
40255,0.04405,172.31.40.0-255,66,282734,76,300146
40256,0.045673,172.217.27.0-255,5738,288472,76,300146
40257,0.045678,172.31.40.0-255,66,288538,76,300146
40258,0.047323,172.217.27.0-255,5738,294276,76,300146
40259,0.047328,172.31.40.0-255,66,294342,76,300146
40260,0.048945,172.217.27.0-255,5738,300080,76,300146
40261,0.048951,172.31.40.0-255,66,300146,76,300146
40262,0.0,74.125.24.0-255,153,153,76,243300
40263,1.5e-05,172.31.40.0-255,66,219,76,243300
40264,2.2e-05,74.125.24.0-255,1484,1703,76,243300
40265,2.7e-05,172.31.40.0-255,66,1769,76,243300
40266,3.3e-05,74.125.24.0-255,2902,4671,76,243300
40267,3.6e-05,172.31.40.0-255,66,4737,76,243300
40268,4.4e-05,74.125.24.0-255,7156,11893,76,243300
40269,4.6e-05,172.31.40.0-255,66,11959,76,243300
40270,5.2e-05,74.125.24.0-255,2126,14085,76,243300
40271,5.4e-05,172.31.40.0-255,66,14151,76,243300
40272,8.6e-05,74.125.24.0-255,1484,15635,76,243300
40273,8.9e-05,172.31.40.0-255,66,15701,76,243300
40274,9.3e-05,74.125.24.0-255,1484,17185,76,243300
40275,9.5e-05,172.31.40.0-255,66,17251,76,243300
40276,0.000106,74.125.24.0-255,1484,18735,76,243300
40277,0.000108,172.31.40.0-255,66,18801,76,243300
40278,0.000111,74.125.24.0-255,1484,20285,76,243300
40279,0.000114,172.31.40.0-255,66,20351,76,243300
40280,0.000136,74.125.24.0-255,4320,24671,76,243300
40281,0.000139,172.31.40.0-255,66,24737,76,243300
40282,0.000146,74.125.24.0-255,6797,31534,76,243300
40283,0.000148,172.31.40.0-255,66,31600,76,243300
40284,0.000237,74.125.24.0-255,1484,33084,76,243300
40285,0.000241,172.31.40.0-255,66,33150,76,243300
40286,0.000246,74.125.24.0-255,2902,36052,76,243300
40287,0.000248,172.31.40.0-255,66,36118,76,243300
40288,0.000278,74.125.24.0-255,5738,41856,76,243300
40289,0.000281,172.31.40.0-255,66,41922,76,243300
40290,0.000338,172.31.40.0-255,66,41988,76,243300
40291,0.000345,74.125.24.0-255,5738,47726,76,243300
40292,0.000347,172.31.40.0-255,66,47792,76,243300
40293,0.000363,74.125.24.0-255,4269,52061,76,243300
40294,0.000365,172.31.40.0-255,66,52127,76,243300
40295,0.000367,74.125.24.0-255,116,52243,76,243300
40296,0.000785,74.125.24.0-255,329,52572,76,243300
40297,0.000973,172.31.40.0-255,66,52638,76,243300
40298,0.001068,74.125.24.0-255,1484,54122,76,243300
40299,0.001076,74.125.24.0-255,2902,57024,76,243300
40300,0.001079,172.31.40.0-255,66,57090,76,243300
40301,0.001099,74.125.24.0-255,5738,62828,76,243300
40302,0.001101,172.31.40.0-255,66,62894,76,243300
40303,0.001104,74.125.24.0-255,1484,64378,76,243300
40304,0.001124,74.125.24.0-255,1484,65862,76,243300
40305,0.001126,172.31.40.0-255,66,65928,76,243300
40306,0.001131,74.125.24.0-255,2902,68830,76,243300
40307,0.001133,172.31.40.0-255,66,68896,76,243300
40308,0.001157,74.125.24.0-255,7156,76052,76,243300
40309,0.001159,172.31.40.0-255,66,76118,76,243300
40310,0.001165,74.125.24.0-255,4320,80438,76,243300
40311,0.001167,172.31.40.0-255,66,80504,76,243300
40312,0.001184,74.125.24.0-255,6438,86942,76,243300
40313,0.001187,172.31.40.0-255,66,87008,76,243300
40314,0.001409,74.125.24.0-255,1484,88492,76,243300
40315,0.001417,74.125.24.0-255,2902,91394,76,243300
40316,0.001421,172.31.40.0-255,66,91460,76,243300
40317,0.001439,74.125.24.0-255,4320,95780,76,243300
40318,0.001441,172.31.40.0-255,66,95846,76,243300
40319,0.001463,74.125.24.0-255,1484,97330,76,243300
40320,0.001474,172.31.40.0-255,66,97396,76,243300
40321,0.001478,74.125.24.0-255,1484,98880,76,243300
40322,0.001502,172.31.40.0-255,66,98946,76,243300
40323,0.001524,74.125.24.0-255,5020,103966,76,243300
40324,0.001527,172.31.40.0-255,66,104032,76,243300
40325,0.001724,74.125.24.0-255,1484,105516,76,243300
40326,0.00173,74.125.24.0-255,1484,107000,76,243300
40327,0.001733,172.31.40.0-255,66,107066,76,243300
40328,0.001746,74.125.24.0-255,1484,108550,76,243300
40329,0.00175,74.125.24.0-255,1484,110034,76,243300
40330,0.001752,172.31.40.0-255,66,110100,76,243300
40331,0.001781,74.125.24.0-255,4320,114420,76,243300
40332,0.001784,172.31.40.0-255,66,114486,76,243300
40333,0.001788,74.125.24.0-255,2902,117388,76,243300
40334,0.00179,172.31.40.0-255,66,117454,76,243300
40335,0.001798,74.125.24.0-255,7156,124610,76,243300
40336,0.0018,172.31.40.0-255,66,124676,76,243300
40337,0.001818,74.125.24.0-255,2902,127578,76,243300
40338,0.00182,172.31.40.0-255,66,127644,76,243300
40339,0.001833,172.31.40.0-255,66,127710,76,243300
40340,0.002072,74.125.24.0-255,1484,129194,76,243300
40341,0.002079,74.125.24.0-255,2902,132096,76,243300
40342,0.002084,172.31.40.0-255,66,132162,76,243300
40343,0.002092,74.125.24.0-255,5738,137900,76,243300
40344,0.002094,172.31.40.0-255,66,137966,76,243300
40345,0.002136,172.31.40.0-255,66,138032,76,243300
40346,0.002148,172.31.40.0-255,66,138098,76,243300
40347,0.002189,172.31.40.0-255,66,138164,76,243300
40348,0.002217,172.31.40.0-255,66,138230,76,243300
40349,0.002271,172.31.40.0-255,66,138296,76,243300
40350,0.002285,74.125.24.0-255,1484,139780,76,243300
40351,0.002303,74.125.24.0-255,2902,142682,76,243300
40352,0.002305,172.31.40.0-255,66,142748,76,243300
40353,0.002327,74.125.24.0-255,5738,148486,76,243300
40354,0.002329,172.31.40.0-255,66,148552,76,243300
40355,0.002332,74.125.24.0-255,1484,150036,76,243300
40356,0.002355,74.125.24.0-255,5738,155774,76,243300
40357,0.002358,172.31.40.0-255,66,155840,76,243300
40358,0.002374,74.125.24.0-255,1484,157324,76,243300
40359,0.002397,172.31.40.0-255,66,157390,76,243300
40360,0.002416,74.125.24.0-255,4320,161710,76,243300
40361,0.002419,172.31.40.0-255,66,161776,76,243300
40362,0.002422,74.125.24.0-255,2184,163960,76,243300
40363,0.002425,172.31.40.0-255,66,164026,76,243300
40364,0.002515,74.125.24.0-255,1484,165510,76,243300
40365,0.00253,74.125.24.0-255,2902,168412,76,243300
40366,0.002533,172.31.40.0-255,66,168478,76,243300
40367,0.002537,74.125.24.0-255,2902,171380,76,243300
40368,0.002539,172.31.40.0-255,66,171446,76,243300
40369,0.002553,74.125.24.0-255,2902,174348,76,243300
40370,0.002555,172.31.40.0-255,66,174414,76,243300
40371,0.002571,74.125.24.0-255,5738,180152,76,243300
40372,0.002573,172.31.40.0-255,66,180218,76,243300
40373,0.0026,74.125.24.0-255,7156,187374,76,243300
40374,0.002602,172.31.40.0-255,66,187440,76,243300
40375,0.002608,74.125.24.0-255,5738,193178,76,243300
40376,0.00261,172.31.40.0-255,66,193244,76,243300
40377,0.002622,172.31.40.0-255,66,193310,76,243300
40378,0.002625,74.125.24.0-255,1484,194794,76,243300
40379,0.002628,74.125.24.0-255,1484,196278,76,243300
40380,0.002629,172.31.40.0-255,66,196344,76,243300
40381,0.002651,74.125.24.0-255,5738,202082,76,243300
40382,0.002654,172.31.40.0-255,66,202148,76,243300
40383,0.002676,74.125.24.0-255,5738,207886,76,243300
40384,0.002679,172.31.40.0-255,66,207952,76,243300
40385,0.002692,172.31.40.0-255,66,208018,76,243300
40386,0.002695,74.125.24.0-255,766,208784,76,243300
40387,0.002729,74.125.24.0-255,2902,211686,76,243300
40388,0.002732,172.31.40.0-255,66,211752,76,243300
40389,0.002761,172.31.40.0-255,66,211818,76,243300
40390,0.002767,74.125.24.0-255,5738,217556,76,243300
40391,0.002769,172.31.40.0-255,66,217622,76,243300
40392,0.002803,172.31.40.0-255,66,217688,76,243300
40393,0.002822,74.125.24.0-255,4320,222008,76,243300
40394,0.002824,172.31.40.0-255,66,222074,76,243300
40395,0.00285,74.125.24.0-255,7156,229230,76,243300
40396,0.002853,172.31.40.0-255,66,229296,76,243300
40397,0.002877,74.125.24.0-255,7156,236452,76,243300
40398,0.00288,172.31.40.0-255,66,236518,76,243300
40399,0.002908,172.31.40.0-255,66,236584,76,243300
40400,0.002942,172.31.40.0-255,66,236650,76,243300
40401,0.002947,74.125.24.0-255,3041,239691,76,243300
40402,0.002949,172.31.40.0-255,66,239757,76,243300
40403,0.003,74.125.24.0-255,105,239862,76,243300
40404,0.006504,172.31.40.0-255,66,239928,76,243300
40405,0.006541,172.31.40.0-255,105,240033,76,243300
40406,0.008764,74.125.24.0-255,66,240099,76,243300
40407,0.028896,172.31.40.0-255,172,240271,76,243300
40408,0.028928,172.31.40.0-255,1104,241375,76,243300
40409,0.028986,172.31.40.0-255,1514,242889,76,243300
40410,0.028988,172.31.40.0-255,345,243234,76,243300
40411,0.031177,104.244.42.0-255,66,243300,76,243300
40412,0.0,172.217.27.0-255,152,152,76,271402
40413,1.7e-05,172.31.40.0-255,66,218,76,271402
40414,2.4e-05,172.217.27.0-255,1484,1702,76,271402
40415,2.8e-05,172.31.40.0-255,66,1768,76,271402
40416,3.4e-05,172.217.27.0-255,2902,4670,76,271402
40417,4.4e-05,172.31.40.0-255,66,4736,76,271402
40418,5.2e-05,172.217.27.0-255,7156,11892,76,271402
40419,5.5e-05,172.31.40.0-255,66,11958,76,271402
40420,5.9e-05,172.217.27.0-255,2116,14074,76,271402
40421,6.2e-05,172.31.40.0-255,66,14140,76,271402
40422,0.000118,172.217.27.0-255,1484,15624,76,271402
40423,0.000121,172.31.40.0-255,66,15690,76,271402
40424,0.000125,172.217.27.0-255,1484,17174,76,271402
40425,0.000127,172.31.40.0-255,66,17240,76,271402
40426,0.000158,172.217.27.0-255,1484,18724,76,271402
40427,0.000161,172.31.40.0-255,66,18790,76,271402
40428,0.000168,172.217.27.0-255,5738,24528,76,271402
40429,0.00017,172.31.40.0-255,66,24594,76,271402
40430,0.000182,172.217.27.0-255,6797,31391,76,271402
40431,0.000184,172.31.40.0-255,66,31457,76,271402
40432,0.000334,172.217.27.0-255,1484,32941,76,271402
40433,0.000339,172.31.40.0-255,66,33007,76,271402
40434,0.000345,172.217.27.0-255,2902,35909,76,271402
40435,0.000347,172.31.40.0-255,66,35975,76,271402
40436,0.000383,172.217.27.0-255,5738,41713,76,271402
40437,0.000386,172.31.40.0-255,66,41779,76,271402
40438,0.000393,172.217.27.0-255,6797,48576,76,271402
40439,0.000395,172.31.40.0-255,66,48642,76,271402
40440,0.000474,172.217.27.0-255,1484,50126,76,271402
40441,0.000477,172.31.40.0-255,66,50192,76,271402
40442,0.000482,172.217.27.0-255,2902,53094,76,271402
40443,0.000484,172.31.40.0-255,66,53160,76,271402
40444,0.000514,172.217.27.0-255,5738,58898,76,271402
40445,0.000524,172.217.27.0-255,6797,65695,76,271402
40446,0.000542,172.217.27.0-255,396,66091,76,271402
40447,0.000555,172.31.40.0-255,66,66157,76,271402
40448,0.000944,172.217.27.0-255,116,66273,76,271402
40449,0.001095,172.217.27.0-255,1484,67757,76,271402
40450,0.001099,172.31.40.0-255,66,67823,76,271402
40451,0.001105,172.217.27.0-255,2902,70725,76,271402
40452,0.001107,172.31.40.0-255,66,70791,76,271402
40453,0.001112,172.217.27.0-255,4320,75111,76,271402
40454,0.00112,172.31.40.0-255,66,75177,76,271402
40455,0.001142,172.217.27.0-255,1484,76661,76,271402
40456,0.001152,172.217.27.0-255,4320,80981,76,271402
40457,0.001154,172.31.40.0-255,66,81047,76,271402
40458,0.001159,172.217.27.0-255,2543,83590,76,271402
40459,0.001161,172.31.40.0-255,66,83656,76,271402
40460,0.00119,172.217.27.0-255,2902,86558,76,271402
40461,0.001192,172.31.40.0-255,66,86624,76,271402
40462,0.001204,172.217.27.0-255,7156,93780,76,271402
40463,0.001206,172.31.40.0-255,66,93846,76,271402
40464,0.001211,172.217.27.0-255,2902,96748,76,271402
40465,0.001236,172.31.40.0-255,66,96814,76,271402
40466,0.001243,172.217.27.0-255,3961,100775,76,271402
40467,0.001274,172.31.40.0-255,66,100841,76,271402
40468,0.002884,172.217.27.0-255,1484,102325,76,271402
40469,0.002915,172.217.27.0-255,2902,105227,76,271402
40470,0.00292,172.31.40.0-255,66,105293,76,271402
40471,0.002933,172.217.27.0-255,1484,106777,76,271402
40472,0.004577,172.217.27.0-255,4320,111097,76,271402
40473,0.00458,172.31.40.0-255,66,111163,76,271402
40474,0.006226,172.217.27.0-255,5738,116901,76,271402
40475,0.00623,172.31.40.0-255,66,116967,76,271402
40476,0.007927,172.217.27.0-255,5738,122705,76,271402
40477,0.007934,172.31.40.0-255,66,122771,76,271402
40478,0.009596,172.217.27.0-255,5738,128509,76,271402
40479,0.009603,172.31.40.0-255,66,128575,76,271402
40480,0.011358,172.217.27.0-255,5738,134313,76,271402
40481,0.011365,172.31.40.0-255,66,134379,76,271402
40482,0.013021,172.217.27.0-255,5738,140117,76,271402
40483,0.013028,172.31.40.0-255,66,140183,76,271402
40484,0.014693,172.217.27.0-255,5738,145921,76,271402
40485,0.0147,172.31.40.0-255,66,145987,76,271402
40486,0.016368,172.217.27.0-255,5738,151725,76,271402
40487,0.016375,172.31.40.0-255,66,151791,76,271402
40488,0.018044,172.217.27.0-255,5738,157529,76,271402
40489,0.018051,172.31.40.0-255,66,157595,76,271402
40490,0.019748,172.217.27.0-255,2902,160497,76,271402
40491,0.019754,172.31.40.0-255,66,160563,76,271402
40492,0.019788,172.217.27.0-255,2902,163465,76,271402
40493,0.019791,172.31.40.0-255,66,163531,76,271402
40494,0.021402,172.217.27.0-255,1484,165015,76,271402
40495,0.021452,172.217.27.0-255,4320,169335,76,271402
40496,0.021457,172.31.40.0-255,66,169401,76,271402
40497,0.02312,172.217.27.0-255,5738,175139,76,271402
40498,0.023127,172.31.40.0-255,66,175205,76,271402
40499,0.023728,172.31.40.0-255,172,175377,76,271402
40500,0.023758,172.31.40.0-255,1104,176481,76,271402
40501,0.023815,172.31.40.0-255,1514,177995,76,271402
40502,0.023816,172.31.40.0-255,345,178340,76,271402
40503,0.024786,172.217.27.0-255,5738,184078,76,271402
40504,0.024793,172.31.40.0-255,66,184144,76,271402
40505,0.02526,104.244.42.0-255,66,184210,76,271402
40506,0.025301,104.244.42.0-255,66,184276,76,271402
40507,0.02541,104.244.42.0-255,66,184342,76,271402
40508,0.026478,172.217.27.0-255,5738,190080,76,271402
40509,0.026484,172.31.40.0-255,66,190146,76,271402
40510,0.028171,172.217.27.0-255,5738,195884,76,271402
40511,0.028176,172.31.40.0-255,66,195950,76,271402
40512,0.029821,172.217.27.0-255,5738,201688,76,271402
40513,0.029827,172.31.40.0-255,66,201754,76,271402
40514,0.031484,172.217.27.0-255,5738,207492,76,271402
40515,0.03149,172.31.40.0-255,66,207558,76,271402
40516,0.033151,172.217.27.0-255,5738,213296,76,271402
40517,0.03316,172.31.40.0-255,66,213362,76,271402
40518,0.034834,172.217.27.0-255,5738,219100,76,271402
40519,0.034842,172.31.40.0-255,66,219166,76,271402
40520,0.036511,172.217.27.0-255,5738,224904,76,271402
40521,0.036518,172.31.40.0-255,66,224970,76,271402
40522,0.038193,172.217.27.0-255,5738,230708,76,271402
40523,0.0382,172.31.40.0-255,66,230774,76,271402
40524,0.039857,172.217.27.0-255,5738,236512,76,271402
40525,0.039863,172.31.40.0-255,66,236578,76,271402
40526,0.041529,172.217.27.0-255,5738,242316,76,271402
40527,0.041535,172.31.40.0-255,66,242382,76,271402
40528,0.043201,172.217.27.0-255,5738,248120,76,271402
40529,0.043207,172.31.40.0-255,66,248186,76,271402
40530,0.044875,172.217.27.0-255,5738,253924,76,271402
40531,0.044882,172.31.40.0-255,66,253990,76,271402
40532,0.046557,172.217.27.0-255,5738,259728,76,271402
40533,0.046572,172.31.40.0-255,66,259794,76,271402
40534,0.048244,172.217.27.0-255,5738,265532,76,271402
40535,0.048257,172.31.40.0-255,66,265598,76,271402
40536,0.049923,172.217.27.0-255,5738,271336,76,271402
40537,0.049934,172.31.40.0-255,66,271402,76,271402
40538,0.0,172.217.194.0-255,153,153,76,236576
40539,1.5e-05,172.31.40.0-255,66,219,76,236576
40540,2.3e-05,172.217.194.0-255,1484,1703,76,236576
40541,2.7e-05,172.31.40.0-255,66,1769,76,236576
40542,3.1e-05,172.217.194.0-255,1484,3253,76,236576
40543,3.4e-05,172.31.40.0-255,66,3319,76,236576
40544,5.7e-05,172.217.194.0-255,1484,4803,76,236576
40545,6e-05,172.31.40.0-255,66,4869,76,236576
40546,7.2e-05,172.217.194.0-255,5738,10607,76,236576
40547,7.5e-05,172.31.40.0-255,66,10673,76,236576
40548,8e-05,172.217.194.0-255,3430,14103,76,236576
40549,8.2e-05,172.31.40.0-255,66,14169,76,236576
40550,0.000145,172.217.194.0-255,1484,15653,76,236576
40551,0.000149,172.31.40.0-255,66,15719,76,236576
40552,0.000153,172.217.194.0-255,2902,18621,76,236576
40553,0.000155,172.31.40.0-255,66,18687,76,236576
40554,0.000187,172.217.194.0-255,5738,24425,76,236576
40555,0.00019,172.31.40.0-255,66,24491,76,236576
40556,0.000226,172.31.40.0-255,66,24557,76,236576
40557,0.000238,172.31.40.0-255,66,24623,76,236576
40558,0.000282,172.217.194.0-255,5738,30361,76,236576
40559,0.000285,172.31.40.0-255,66,30427,76,236576
40560,0.000311,172.31.40.0-255,66,30493,76,236576
40561,0.000336,172.217.194.0-255,2832,33325,76,236576
40562,0.000339,172.31.40.0-255,66,33391,76,236576
40563,0.000342,172.217.194.0-255,366,33757,76,236576
40564,0.000344,172.31.40.0-255,66,33823,76,236576
40565,0.000582,172.217.194.0-255,1484,35307,76,236576
40566,0.000588,172.31.40.0-255,66,35373,76,236576
40567,0.000593,172.217.194.0-255,2902,38275,76,236576
40568,0.000596,172.31.40.0-255,66,38341,76,236576
40569,0.000634,172.217.194.0-255,5738,44079,76,236576
40570,0.000637,172.31.40.0-255,66,44145,76,236576
40571,0.000655,172.31.40.0-255,66,44211,76,236576
40572,0.000679,172.217.194.0-255,2902,47113,76,236576
40573,0.000682,172.31.40.0-255,66,47179,76,236576
40574,0.000716,172.31.40.0-255,66,47245,76,236576
40575,0.001105,172.217.194.0-255,1484,48729,76,236576
40576,0.001112,172.217.194.0-255,2902,51631,76,236576
40577,0.001115,172.31.40.0-255,66,51697,76,236576
40578,0.001123,172.217.194.0-255,5738,57435,76,236576
40579,0.001125,172.31.40.0-255,66,57501,76,236576
40580,0.001137,172.217.194.0-255,5738,63239,76,236576
40581,0.001139,172.31.40.0-255,66,63305,76,236576
40582,0.001192,172.217.194.0-255,7156,70461,76,236576
40583,0.001196,172.31.40.0-255,66,70527,76,236576
40584,0.001222,172.31.40.0-255,66,70593,76,236576
40585,0.001576,172.217.194.0-255,1484,72077,76,236576
40586,0.001584,172.217.194.0-255,2902,74979,76,236576
40587,0.001589,172.31.40.0-255,66,75045,76,236576
40588,0.001597,172.217.194.0-255,5738,80783,76,236576
40589,0.001599,172.31.40.0-255,66,80849,76,236576
40590,0.00161,172.217.194.0-255,5738,86587,76,236576
40591,0.001612,172.31.40.0-255,66,86653,76,236576
40592,0.001681,172.31.40.0-255,66,86719,76,236576
40593,0.001688,172.217.194.0-255,5020,91739,76,236576
40594,0.00169,172.31.40.0-255,66,91805,76,236576
40595,0.001716,172.217.194.0-255,1484,93289,76,236576
40596,0.001731,172.217.194.0-255,2902,96191,76,236576
40597,0.001734,172.31.40.0-255,66,96257,76,236576
40598,0.00174,172.217.194.0-255,5738,101995,76,236576
40599,0.001743,172.31.40.0-255,66,102061,76,236576
40600,0.001754,172.217.194.0-255,7156,109217,76,236576
40601,0.001757,172.31.40.0-255,66,109283,76,236576
40602,0.001802,172.31.40.0-255,66,109349,76,236576
40603,0.001807,172.217.194.0-255,2184,111533,76,236576
40604,0.001809,172.31.40.0-255,66,111599,76,236576
40605,0.001838,172.217.194.0-255,2902,114501,76,236576
40606,0.001841,172.31.40.0-255,66,114567,76,236576
40607,0.001845,172.217.194.0-255,1484,116051,76,236576
40608,0.001871,172.217.194.0-255,4320,120371,76,236576
40609,0.001874,172.31.40.0-255,66,120437,76,236576
40610,0.00189,172.31.40.0-255,66,120503,76,236576
40611,0.001922,172.31.40.0-255,66,120569,76,236576
40612,0.001953,172.217.194.0-255,5020,125589,76,236576
40613,0.001956,172.31.40.0-255,66,125655,76,236576
40614,0.002034,172.217.194.0-255,1484,127139,76,236576
40615,0.002041,172.217.194.0-255,2902,130041,76,236576
40616,0.002044,172.31.40.0-255,66,130107,76,236576
40617,0.002049,172.217.194.0-255,2902,133009,76,236576
40618,0.002052,172.31.40.0-255,66,133075,76,236576
40619,0.002084,172.217.194.0-255,2902,135977,76,236576
40620,0.002086,172.31.40.0-255,66,136043,76,236576
40621,0.002112,172.31.40.0-255,66,136109,76,236576
40622,0.002124,172.31.40.0-255,66,136175,76,236576
40623,0.002158,172.217.194.0-255,4320,140495,76,236576
40624,0.002161,172.31.40.0-255,66,140561,76,236576
40625,0.002189,172.217.194.0-255,1484,142045,76,236576
40626,0.002198,172.217.194.0-255,7156,149201,76,236576
40627,0.0022,172.31.40.0-255,66,149267,76,236576
40628,0.002206,172.217.194.0-255,5738,155005,76,236576
40629,0.002209,172.31.40.0-255,66,155071,76,236576
40630,0.002245,172.31.40.0-255,66,155137,76,236576
40631,0.002252,172.217.194.0-255,6438,161575,76,236576
40632,0.002255,172.31.40.0-255,66,161641,76,236576
40633,0.002302,172.31.40.0-255,66,161707,76,236576
40634,0.002306,172.217.194.0-255,1484,163191,76,236576
40635,0.002367,172.217.194.0-255,5738,168929,76,236576
40636,0.00237,172.31.40.0-255,66,168995,76,236576
40637,0.002408,172.31.40.0-255,66,169061,76,236576
40638,0.004705,172.217.194.0-255,5738,174799,76,236576
40639,0.004713,172.31.40.0-255,66,174865,76,236576
40640,0.006993,172.217.194.0-255,5738,180603,76,236576
40641,0.007011,172.31.40.0-255,66,180669,76,236576
40642,0.009286,172.217.194.0-255,5738,186407,76,236576
40643,0.009304,172.31.40.0-255,66,186473,76,236576
40644,0.011585,172.217.194.0-255,5738,192211,76,236576
40645,0.011593,172.31.40.0-255,66,192277,76,236576
40646,0.013897,172.217.194.0-255,5738,198015,76,236576
40647,0.013908,172.31.40.0-255,66,198081,76,236576
40648,0.016179,172.217.194.0-255,5738,203819,76,236576
40649,0.016196,172.31.40.0-255,66,203885,76,236576
40650,0.018454,172.217.194.0-255,5738,209623,76,236576
40651,0.018463,172.31.40.0-255,66,209689,76,236576
40652,0.02073,172.217.194.0-255,5738,215427,76,236576
40653,0.020737,172.31.40.0-255,66,215493,76,236576
40654,0.023009,172.217.194.0-255,5738,221231,76,236576
40655,0.023018,172.31.40.0-255,66,221297,76,236576
40656,0.025285,172.217.194.0-255,5738,227035,76,236576
40657,0.025295,172.31.40.0-255,66,227101,76,236576
40658,0.027623,172.217.194.0-255,5738,232839,76,236576
40659,0.02763,172.31.40.0-255,66,232905,76,236576
40660,0.029909,172.217.194.0-255,102,233007,76,236576
40661,0.029952,172.31.40.0-255,66,233073,76,236576
40662,0.029999,172.31.40.0-255,105,233178,76,236576
40663,0.032228,172.217.194.0-255,66,233244,76,236576
40664,0.047549,172.31.40.0-255,172,233416,76,236576
40665,0.047584,172.31.40.0-255,1105,234521,76,236576
40666,0.047645,172.31.40.0-255,1514,236035,76,236576
40667,0.047647,172.31.40.0-255,343,236378,76,236576
40668,0.049331,104.244.42.0-255,66,236444,76,236576
40669,0.049343,104.244.42.0-255,66,236510,76,236576
40670,0.049359,104.244.42.0-255,66,236576,76,236576
40671,0.0,172.217.194.0-255,152,152,76,271437
40672,2.2e-05,172.31.40.0-255,66,218,76,271437
40673,2.9e-05,172.217.194.0-255,1484,1702,76,271437
40674,3.3e-05,172.31.40.0-255,66,1768,76,271437
40675,3.8e-05,172.217.194.0-255,2902,4670,76,271437
40676,4.8e-05,172.31.40.0-255,66,4736,76,271437
40677,5.5e-05,172.217.194.0-255,7156,11892,76,271437
40678,5.8e-05,172.31.40.0-255,66,11958,76,271437
40679,6.1e-05,172.217.194.0-255,2062,14020,76,271437
40680,6.4e-05,172.31.40.0-255,66,14086,76,271437
40681,9.3e-05,172.217.194.0-255,2902,16988,76,271437
40682,9.6e-05,172.31.40.0-255,66,17054,76,271437
40683,0.000103,172.217.194.0-255,7156,24210,76,271437
40684,0.000105,172.31.40.0-255,66,24276,76,271437
40685,0.000109,172.217.194.0-255,2902,27178,76,271437
40686,0.000111,172.31.40.0-255,66,27244,76,271437
40687,0.00015,172.217.194.0-255,2902,30146,76,271437
40688,0.000152,172.31.40.0-255,66,30212,76,271437
40689,0.000155,172.217.194.0-255,1125,31337,76,271437
40690,0.000157,172.31.40.0-255,66,31403,76,271437
40691,0.000231,172.217.194.0-255,1484,32887,76,271437
40692,0.000234,172.31.40.0-255,66,32953,76,271437
40693,0.000238,172.217.194.0-255,1484,34437,76,271437
40694,0.00024,172.31.40.0-255,66,34503,76,271437
40695,0.00026,172.217.194.0-255,1484,35987,76,271437
40696,0.000262,172.31.40.0-255,66,36053,76,271437
40697,0.000267,172.217.194.0-255,4320,40373,76,271437
40698,0.000269,172.31.40.0-255,66,40439,76,271437
40699,0.000278,172.217.194.0-255,5738,46177,76,271437
40700,0.00028,172.31.40.0-255,66,46243,76,271437
40701,0.000338,172.31.40.0-255,66,46309,76,271437
40702,0.000371,172.217.194.0-255,6797,53106,76,271437
40703,0.000373,172.31.40.0-255,66,53172,76,271437
40704,0.000398,172.217.194.0-255,677,53849,76,271437
40705,0.000615,172.217.194.0-255,1484,55333,76,271437
40706,0.000619,172.31.40.0-255,66,55399,76,271437
40707,0.000624,172.217.194.0-255,2902,58301,76,271437
40708,0.000626,172.31.40.0-255,66,58367,76,271437
40709,0.000631,172.217.194.0-255,5738,64105,76,271437
40710,0.000634,172.31.40.0-255,66,64171,76,271437
40711,0.000649,172.217.194.0-255,1484,65655,76,271437
40712,0.000681,172.31.40.0-255,66,65721,76,271437
40713,0.000687,172.217.194.0-255,7156,72877,76,271437
40714,0.00069,172.31.40.0-255,66,72943,76,271437
40715,0.000713,172.217.194.0-255,1484,74427,76,271437
40716,0.000716,172.217.194.0-255,2184,76611,76,271437
40717,0.000718,172.31.40.0-255,66,76677,76,271437
40718,0.000914,172.217.194.0-255,1484,78161,76,271437
40719,0.000947,172.217.194.0-255,2902,81063,76,271437
40720,0.000952,172.217.194.0-255,5738,86801,76,271437
40721,0.000957,172.31.40.0-255,66,86867,76,271437
40722,0.00096,172.31.40.0-255,66,86933,76,271437
40723,0.001,172.31.40.0-255,66,86999,76,271437
40724,0.001011,172.31.40.0-255,66,87065,76,271437
40725,0.001013,172.217.194.0-255,766,87831,76,271437
40726,0.001141,172.217.194.0-255,1484,89315,76,271437
40727,0.001145,172.31.40.0-255,66,89381,76,271437
40728,0.00115,172.217.194.0-255,2902,92283,76,271437
40729,0.001152,172.31.40.0-255,66,92349,76,271437
40730,0.001155,172.217.194.0-255,1484,93833,76,271437
40731,0.001178,172.217.194.0-255,4320,98153,76,271437
40732,0.00118,172.31.40.0-255,66,98219,76,271437
40733,0.001189,172.31.40.0-255,66,98285,76,271437
40734,0.001227,172.217.194.0-255,4320,102605,76,271437
40735,0.00123,172.31.40.0-255,66,102671,76,271437
40736,0.001244,172.31.40.0-255,66,102737,76,271437
40737,0.001267,172.217.194.0-255,1484,104221,76,271437
40738,0.00129,172.217.194.0-255,2902,107123,76,271437
40739,0.001293,172.31.40.0-255,66,107189,76,271437
40740,0.001331,172.217.194.0-255,1484,108673,76,271437
40741,0.001345,172.217.194.0-255,4320,112993,76,271437
40742,0.001347,172.31.40.0-255,66,113059,76,271437
40743,0.001358,172.31.40.0-255,66,113125,76,271437
40744,0.001374,172.31.40.0-255,66,113191,76,271437
40745,0.001421,172.217.194.0-255,1484,114675,76,271437
40746,0.001433,172.217.194.0-255,2902,117577,76,271437
40747,0.001436,172.31.40.0-255,66,117643,76,271437
40748,0.001463,172.217.194.0-255,2902,120545,76,271437
40749,0.001466,172.31.40.0-255,66,120611,76,271437
40750,0.001486,172.217.194.0-255,2902,123513,76,271437
40751,0.001489,172.31.40.0-255,66,123579,76,271437
40752,0.001498,172.31.40.0-255,66,123645,76,271437
40753,0.001526,172.217.194.0-255,1484,125129,76,271437
40754,0.001539,172.31.40.0-255,66,125195,76,271437
40755,0.001542,172.217.194.0-255,2184,127379,76,271437
40756,0.001544,172.31.40.0-255,66,127445,76,271437
40757,0.003459,172.217.194.0-255,5738,133183,76,271437
40758,0.003466,172.31.40.0-255,66,133249,76,271437
40759,0.005397,172.217.194.0-255,2902,136151,76,271437
40760,0.005401,172.31.40.0-255,66,136217,76,271437
40761,0.005426,172.217.194.0-255,2902,139119,76,271437
40762,0.005428,172.31.40.0-255,66,139185,76,271437
40763,0.007317,172.217.194.0-255,2902,142087,76,271437
40764,0.00732,172.31.40.0-255,66,142153,76,271437
40765,0.007351,172.217.194.0-255,2902,145055,76,271437
40766,0.007354,172.31.40.0-255,66,145121,76,271437
40767,0.009263,172.217.194.0-255,2902,148023,76,271437
40768,0.009277,172.31.40.0-255,66,148089,76,271437
40769,0.009308,172.217.194.0-255,2902,150991,76,271437
40770,0.00931,172.31.40.0-255,66,151057,76,271437
40771,0.01127,172.217.194.0-255,5738,156795,76,271437
40772,0.011282,172.31.40.0-255,66,156861,76,271437
40773,0.013249,172.217.194.0-255,5738,162599,76,271437
40774,0.013262,172.31.40.0-255,66,162665,76,271437
40775,0.015195,172.217.194.0-255,5738,168403,76,271437
40776,0.015205,172.31.40.0-255,66,168469,76,271437
40777,0.01714,172.217.194.0-255,5738,174207,76,271437
40778,0.017154,172.31.40.0-255,66,174273,76,271437
40779,0.019087,172.217.194.0-255,5738,180011,76,271437
40780,0.019095,172.31.40.0-255,66,180077,76,271437
40781,0.021013,172.217.194.0-255,5738,185815,76,271437
40782,0.02102,172.31.40.0-255,66,185881,76,271437
40783,0.022949,172.217.194.0-255,5738,191619,76,271437
40784,0.022957,172.31.40.0-255,66,191685,76,271437
40785,0.024897,172.217.194.0-255,5738,197423,76,271437
40786,0.024906,172.31.40.0-255,66,197489,76,271437
40787,0.026854,172.217.194.0-255,5738,203227,76,271437
40788,0.026862,172.31.40.0-255,66,203293,76,271437
40789,0.028823,172.217.194.0-255,5738,209031,76,271437
40790,0.028831,172.31.40.0-255,66,209097,76,271437
40791,0.030764,172.217.194.0-255,5738,214835,76,271437
40792,0.030773,172.31.40.0-255,66,214901,76,271437
40793,0.032709,172.217.194.0-255,5738,220639,76,271437
40794,0.032717,172.31.40.0-255,66,220705,76,271437
40795,0.034652,172.217.194.0-255,5738,226443,76,271437
40796,0.034662,172.31.40.0-255,66,226509,76,271437
40797,0.036626,172.217.194.0-255,5738,232247,76,271437
40798,0.036641,172.31.40.0-255,66,232313,76,271437
40799,0.038582,172.217.194.0-255,5738,238051,76,271437
40800,0.038596,172.31.40.0-255,66,238117,76,271437
40801,0.040524,172.217.194.0-255,5738,243855,76,271437
40802,0.040541,172.31.40.0-255,66,243921,76,271437
40803,0.042472,172.217.194.0-255,5738,249659,76,271437
40804,0.04248,172.31.40.0-255,66,249725,76,271437
40805,0.044441,172.217.194.0-255,5738,255463,76,271437
40806,0.044448,172.31.40.0-255,66,255529,76,271437
40807,0.046375,172.217.194.0-255,5738,261267,76,271437
40808,0.046381,172.31.40.0-255,66,261333,76,271437
40809,0.04741,172.31.40.0-255,172,261505,76,271437
40810,0.047437,172.31.40.0-255,1109,262614,76,271437
40811,0.047489,172.31.40.0-255,1514,264128,76,271437
40812,0.047509,172.31.40.0-255,1307,265435,76,271437
40813,0.048314,172.217.194.0-255,5738,271173,76,271437
40814,0.04832,172.31.40.0-255,66,271239,76,271437
40815,0.048961,104.244.42.0-255,66,271305,76,271437
40816,0.049155,104.244.42.0-255,66,271371,76,271437
40817,0.049158,104.244.42.0-255,66,271437,76,271437
40818,0.0,172.253.118.0-255,156,156,76,246059
40819,2.2e-05,172.31.40.0-255,66,222,76,246059
40820,3e-05,172.253.118.0-255,1484,1706,76,246059
40821,3.5e-05,172.31.40.0-255,66,1772,76,246059
40822,4e-05,172.253.118.0-255,2902,4674,76,246059
40823,5.1e-05,172.31.40.0-255,66,4740,76,246059
40824,5.9e-05,172.253.118.0-255,7156,11896,76,246059
40825,6.2e-05,172.31.40.0-255,66,11962,76,246059
40826,6.6e-05,172.253.118.0-255,2135,14097,76,246059
40827,6.8e-05,172.31.40.0-255,66,14163,76,246059
40828,0.000168,172.253.118.0-255,1484,15647,76,246059
40829,0.000172,172.31.40.0-255,66,15713,76,246059
40830,0.000177,172.253.118.0-255,2902,18615,76,246059
40831,0.00018,172.31.40.0-255,66,18681,76,246059
40832,0.000182,172.253.118.0-255,1484,20165,76,246059
40833,0.000185,172.31.40.0-255,66,20231,76,246059
40834,0.000216,172.253.118.0-255,4320,24551,76,246059
40835,0.00022,172.31.40.0-255,66,24617,76,246059
40836,0.000227,172.253.118.0-255,6797,31414,76,246059
40837,0.000229,172.31.40.0-255,66,31480,76,246059
40838,0.000258,172.253.118.0-255,4320,35800,76,246059
40839,0.000261,172.31.40.0-255,66,35866,76,246059
40840,0.000297,172.31.40.0-255,66,35932,76,246059
40841,0.000301,172.253.118.0-255,2543,38475,76,246059
40842,0.000303,172.31.40.0-255,66,38541,76,246059
40843,0.00033,172.253.118.0-255,1484,40025,76,246059
40844,0.000332,172.31.40.0-255,66,40091,76,246059
40845,0.000336,172.253.118.0-255,2902,42993,76,246059
40846,0.000338,172.31.40.0-255,66,43059,76,246059
40847,0.000371,172.253.118.0-255,5738,48797,76,246059
40848,0.000374,172.31.40.0-255,66,48863,76,246059
40849,0.000381,172.253.118.0-255,7075,55938,76,246059
40850,0.000383,172.31.40.0-255,66,56004,76,246059
40851,0.000406,172.253.118.0-255,378,56382,76,246059
40852,0.000511,172.253.118.0-255,1484,57866,76,246059
40853,0.000516,172.31.40.0-255,66,57932,76,246059
40854,0.000521,172.253.118.0-255,2902,60834,76,246059
40855,0.000523,172.31.40.0-255,66,60900,76,246059
40856,0.000556,172.253.118.0-255,5738,66638,76,246059
40857,0.000559,172.31.40.0-255,66,66704,76,246059
40858,0.000565,172.253.118.0-255,5738,72442,76,246059
40859,0.000567,172.31.40.0-255,66,72508,76,246059
40860,0.000599,172.31.40.0-255,66,72574,76,246059
40861,0.000606,172.253.118.0-255,7156,79730,76,246059
40862,0.000609,172.31.40.0-255,66,79796,76,246059
40863,0.000639,172.253.118.0-255,2543,82339,76,246059
40864,0.000641,172.31.40.0-255,66,82405,76,246059
40865,0.000863,172.253.118.0-255,1484,83889,76,246059
40866,0.000869,172.253.118.0-255,2902,86791,76,246059
40867,0.000872,172.31.40.0-255,66,86857,76,246059
40868,0.000897,172.253.118.0-255,1484,88341,76,246059
40869,0.000901,172.253.118.0-255,2902,91243,76,246059
40870,0.000903,172.31.40.0-255,66,91309,76,246059
40871,0.00091,172.253.118.0-255,5738,97047,76,246059
40872,0.000912,172.31.40.0-255,66,97113,76,246059
40873,0.000928,172.253.118.0-255,1484,98597,76,246059
40874,0.000959,172.31.40.0-255,66,98663,76,246059
40875,0.000965,172.253.118.0-255,4320,102983,76,246059
40876,0.000967,172.31.40.0-255,66,103049,76,246059
40877,0.000993,172.253.118.0-255,5888,108937,76,246059
40878,0.000995,172.31.40.0-255,66,109003,76,246059
40879,0.001013,172.31.40.0-255,66,109069,76,246059
40880,0.001062,172.31.40.0-255,66,109135,76,246059
40881,0.001096,172.31.40.0-255,66,109201,76,246059
40882,0.001183,172.253.118.0-255,1484,110685,76,246059
40883,0.001188,172.253.118.0-255,2902,113587,76,246059
40884,0.001191,172.31.40.0-255,66,113653,76,246059
40885,0.00122,172.253.118.0-255,5738,119391,76,246059
40886,0.001223,172.31.40.0-255,66,119457,76,246059
40887,0.001261,172.31.40.0-255,66,119523,76,246059
40888,0.001266,172.253.118.0-255,2902,122425,76,246059
40889,0.001268,172.31.40.0-255,66,122491,76,246059
40890,0.001313,172.31.40.0-255,66,122557,76,246059
40891,0.00149,172.253.118.0-255,1484,124041,76,246059
40892,0.001494,172.253.118.0-255,1484,125525,76,246059
40893,0.001498,172.31.40.0-255,66,125591,76,246059
40894,0.00153,172.253.118.0-255,1484,127075,76,246059
40895,0.001536,172.253.118.0-255,5738,132813,76,246059
40896,0.001538,172.31.40.0-255,66,132879,76,246059
40897,0.001552,172.31.40.0-255,66,132945,76,246059
40898,0.001564,172.253.118.0-255,7156,140101,76,246059
40899,0.001566,172.31.40.0-255,66,140167,76,246059
40900,0.001596,172.253.118.0-255,3602,143769,76,246059
40901,0.001599,172.31.40.0-255,66,143835,76,246059
40902,0.001951,172.253.118.0-255,1484,145319,76,246059
40903,0.001957,172.253.118.0-255,2902,148221,76,246059
40904,0.00196,172.31.40.0-255,66,148287,76,246059
40905,0.001992,172.253.118.0-255,5738,154025,76,246059
40906,0.00201,172.31.40.0-255,66,154091,76,246059
40907,0.002019,172.31.40.0-255,66,154157,76,246059
40908,0.002029,172.253.118.0-255,2902,157059,76,246059
40909,0.002032,172.31.40.0-255,66,157125,76,246059
40910,0.002038,172.253.118.0-255,7156,164281,76,246059
40911,0.00204,172.31.40.0-255,66,164347,76,246059
40912,0.002071,172.253.118.0-255,3602,167949,76,246059
40913,0.002074,172.31.40.0-255,66,168015,76,246059
40914,0.00213,172.253.118.0-255,1484,169499,76,246059
40915,0.002153,172.253.118.0-255,2902,172401,76,246059
40916,0.002156,172.31.40.0-255,66,172467,76,246059
40917,0.00216,172.253.118.0-255,2902,175369,76,246059
40918,0.002162,172.31.40.0-255,66,175435,76,246059
40919,0.002186,172.253.118.0-255,2902,178337,76,246059
40920,0.002189,172.31.40.0-255,66,178403,76,246059
40921,0.002192,172.253.118.0-255,1484,179887,76,246059
40922,0.002208,172.31.40.0-255,66,179953,76,246059
40923,0.002212,172.253.118.0-255,2902,182855,76,246059
40924,0.002214,172.31.40.0-255,66,182921,76,246059
40925,0.002262,172.253.118.0-255,7156,190077,76,246059
40926,0.002265,172.31.40.0-255,66,190143,76,246059
40927,0.002294,172.253.118.0-255,3602,193745,76,246059
40928,0.002297,172.31.40.0-255,66,193811,76,246059
40929,0.002413,172.253.118.0-255,1484,195295,76,246059
40930,0.002435,172.253.118.0-255,2902,198197,76,246059
40931,0.002438,172.31.40.0-255,66,198263,76,246059
40932,0.002441,172.253.118.0-255,1484,199747,76,246059
40933,0.002495,172.31.40.0-255,66,199813,76,246059
40934,0.002501,172.253.118.0-255,5738,205551,76,246059
40935,0.002503,172.31.40.0-255,66,205617,76,246059
40936,0.002508,172.253.118.0-255,2902,208519,76,246059
40937,0.00251,172.31.40.0-255,66,208585,76,246059
40938,0.002514,172.253.118.0-255,2902,211487,76,246059
40939,0.002517,172.31.40.0-255,66,211553,76,246059
40940,0.002556,172.31.40.0-255,66,211619,76,246059
40941,0.002596,172.253.118.0-255,1484,213103,76,246059
40942,0.002617,172.253.118.0-255,2902,216005,76,246059
40943,0.00262,172.31.40.0-255,66,216071,76,246059
40944,0.002627,172.253.118.0-255,5738,221809,76,246059
40945,0.002629,172.31.40.0-255,66,221875,76,246059
40946,0.00267,172.31.40.0-255,66,221941,76,246059
40947,0.00268,172.31.40.0-255,66,222007,76,246059
40948,0.002704,172.253.118.0-255,2184,224191,76,246059
40949,0.002707,172.31.40.0-255,66,224257,76,246059
40950,0.002719,172.31.40.0-255,66,224323,76,246059
40951,0.002725,172.253.118.0-255,4320,228643,76,246059
40952,0.002732,172.31.40.0-255,66,228709,76,246059
40953,0.002736,172.253.118.0-255,2902,231611,76,246059
40954,0.002739,172.31.40.0-255,66,231677,76,246059
40955,0.002742,172.253.118.0-255,1484,233161,76,246059
40956,0.002819,172.31.40.0-255,66,233227,76,246059
40957,0.002825,172.253.118.0-255,5738,238965,76,246059
40958,0.002828,172.31.40.0-255,66,239031,76,246059
40959,0.002835,172.253.118.0-255,1484,240515,76,246059
40960,0.002838,172.253.118.0-255,834,241349,76,246059
40961,0.00284,172.31.40.0-255,66,241415,76,246059
40962,0.002843,172.253.118.0-255,105,241520,76,246059
40963,0.00491,172.31.40.0-255,66,241586,76,246059
40964,0.018203,172.31.40.0-255,105,241691,76,246059
40965,0.0204,172.253.118.0-255,66,241757,76,246059
40966,0.048107,172.31.40.0-255,172,241929,76,246059
40967,0.048141,172.31.40.0-255,1110,243039,76,246059
40968,0.048204,172.31.40.0-255,1514,244553,76,246059
40969,0.048206,172.31.40.0-255,1308,245861,76,246059
40970,0.049626,104.244.42.0-255,66,245927,76,246059
40971,0.049666,104.244.42.0-255,66,245993,76,246059
40972,0.049754,104.244.42.0-255,66,246059,76,246059
40973,0.0,74.125.24.0-255,146,146,76,220500
40974,2.1e-05,172.31.40.0-255,66,212,76,220500
40975,2.9e-05,74.125.24.0-255,1484,1696,76,220500
40976,3.3e-05,172.31.40.0-255,66,1762,76,220500
40977,3.9e-05,74.125.24.0-255,2902,4664,76,220500
40978,4.2e-05,172.31.40.0-255,66,4730,76,220500
40979,5e-05,74.125.24.0-255,7156,11886,76,220500
40980,5.4e-05,172.31.40.0-255,66,11952,76,220500
40981,5.8e-05,74.125.24.0-255,2000,13952,76,220500
40982,6.2e-05,172.31.40.0-255,66,14018,76,220500
40983,0.000162,74.125.24.0-255,1484,15502,76,220500
40984,0.000166,172.31.40.0-255,66,15568,76,220500
40985,0.000172,74.125.24.0-255,2902,18470,76,220500
40986,0.000175,172.31.40.0-255,66,18536,76,220500
40987,0.000182,74.125.24.0-255,5738,24274,76,220500
40988,0.000184,172.31.40.0-255,66,24340,76,220500
40989,0.000211,74.125.24.0-255,6797,31137,76,220500
40990,0.000214,172.31.40.0-255,66,31203,76,220500
40991,0.000385,74.125.24.0-255,1484,32687,76,220500
40992,0.000389,172.31.40.0-255,66,32753,76,220500
40993,0.000396,74.125.24.0-255,2902,35655,76,220500
40994,0.000398,172.31.40.0-255,66,35721,76,220500
40995,0.000403,74.125.24.0-255,4320,40041,76,220500
40996,0.000406,172.31.40.0-255,66,40107,76,220500
40997,0.000434,74.125.24.0-255,7156,47263,76,220500
40998,0.000437,172.31.40.0-255,66,47329,76,220500
40999,0.000453,74.125.24.0-255,2543,49872,76,220500
41000,0.000456,172.31.40.0-255,66,49938,76,220500
41001,0.000461,74.125.24.0-255,4320,54258,76,220500
41002,0.000464,172.31.40.0-255,66,54324,76,220500
41003,0.000501,172.31.40.0-255,66,54390,76,220500
41004,0.000505,74.125.24.0-255,398,54788,76,220500
41005,0.000751,74.125.24.0-255,345,55133,76,220500
41006,0.000944,74.125.24.0-255,1484,56617,76,220500
41007,0.000948,172.31.40.0-255,66,56683,76,220500
41008,0.000954,74.125.24.0-255,2902,59585,76,220500
41009,0.000956,172.31.40.0-255,66,59651,76,220500
41010,0.000984,74.125.24.0-255,2902,62553,76,220500
41011,0.000986,172.31.40.0-255,66,62619,76,220500
41012,0.000992,74.125.24.0-255,4320,66939,76,220500
41013,0.000994,172.31.40.0-255,66,67005,76,220500
41014,0.001,74.125.24.0-255,4320,71325,76,220500
41015,0.001002,172.31.40.0-255,66,71391,76,220500
41016,0.001024,74.125.24.0-255,5379,76770,76,220500
41017,0.001027,172.31.40.0-255,66,76836,76,220500
41018,0.001038,172.31.40.0-255,66,76902,76,220500
41019,0.003054,74.125.24.0-255,5738,82640,76,220500
41020,0.003061,172.31.40.0-255,66,82706,76,220500
41021,0.005052,74.125.24.0-255,5738,88444,76,220500
41022,0.005055,172.31.40.0-255,66,88510,76,220500
41023,0.007075,74.125.24.0-255,5738,94248,76,220500
41024,0.007082,172.31.40.0-255,66,94314,76,220500
41025,0.009085,74.125.24.0-255,5738,100052,76,220500
41026,0.009092,172.31.40.0-255,66,100118,76,220500
41027,0.011086,74.125.24.0-255,5738,105856,76,220500
41028,0.011093,172.31.40.0-255,66,105922,76,220500
41029,0.013088,74.125.24.0-255,5738,111660,76,220500
41030,0.013094,172.31.40.0-255,66,111726,76,220500
41031,0.015116,74.125.24.0-255,5738,117464,76,220500
41032,0.015125,172.31.40.0-255,66,117530,76,220500
41033,0.017128,74.125.24.0-255,5738,123268,76,220500
41034,0.017142,172.31.40.0-255,66,123334,76,220500
41035,0.01916,74.125.24.0-255,5738,129072,76,220500
41036,0.019168,172.31.40.0-255,66,129138,76,220500
41037,0.021174,74.125.24.0-255,5738,134876,76,220500
41038,0.021182,172.31.40.0-255,66,134942,76,220500
41039,0.023177,74.125.24.0-255,5738,140680,76,220500
41040,0.023185,172.31.40.0-255,66,140746,76,220500
41041,0.024141,172.31.40.0-255,172,140918,76,220500
41042,0.024175,172.31.40.0-255,1108,142026,76,220500
41043,0.024241,172.31.40.0-255,1514,143540,76,220500
41044,0.024243,172.31.40.0-255,1310,144850,76,220500
41045,0.025222,74.125.24.0-255,5738,150588,76,220500
41046,0.025229,172.31.40.0-255,66,150654,76,220500
41047,0.025661,104.244.42.0-255,66,150720,76,220500
41048,0.025723,104.244.42.0-255,66,150786,76,220500
41049,0.02577,104.244.42.0-255,66,150852,76,220500
41050,0.027243,74.125.24.0-255,5738,156590,76,220500
41051,0.02725,172.31.40.0-255,66,156656,76,220500
41052,0.029278,74.125.24.0-255,5738,162394,76,220500
41053,0.029285,172.31.40.0-255,66,162460,76,220500
41054,0.031285,74.125.24.0-255,5738,168198,76,220500
41055,0.031291,172.31.40.0-255,66,168264,76,220500
41056,0.033299,74.125.24.0-255,5738,174002,76,220500
41057,0.033306,172.31.40.0-255,66,174068,76,220500
41058,0.035295,74.125.24.0-255,5738,179806,76,220500
41059,0.035301,172.31.40.0-255,66,179872,76,220500
41060,0.037297,74.125.24.0-255,5738,185610,76,220500
41061,0.037304,172.31.40.0-255,66,185676,76,220500
41062,0.039313,74.125.24.0-255,5738,191414,76,220500
41063,0.03932,172.31.40.0-255,66,191480,76,220500
41064,0.041345,74.125.24.0-255,5738,197218,76,220500
41065,0.041354,172.31.40.0-255,66,197284,76,220500
41066,0.043374,74.125.24.0-255,5738,203022,76,220500
41067,0.043381,172.31.40.0-255,66,203088,76,220500
41068,0.045391,74.125.24.0-255,5738,208826,76,220500
41069,0.045397,172.31.40.0-255,66,208892,76,220500
41070,0.047391,74.125.24.0-255,5738,214630,76,220500
41071,0.047397,172.31.40.0-255,66,214696,76,220500
41072,0.049427,74.125.24.0-255,5738,220434,76,220500
41073,0.049435,172.31.40.0-255,66,220500,76,220500
41074,0.0,74.125.24.0-255,152,152,76,216481
41075,2.4e-05,172.31.40.0-255,66,218,76,216481
41076,3.1e-05,74.125.24.0-255,1484,1702,76,216481
41077,3.6e-05,172.31.40.0-255,66,1768,76,216481
41078,4.2e-05,74.125.24.0-255,2902,4670,76,216481
41079,4.5e-05,172.31.40.0-255,66,4736,76,216481
41080,5.4e-05,74.125.24.0-255,7156,11892,76,216481
41081,5.6e-05,172.31.40.0-255,66,11958,76,216481
41082,8.5e-05,74.125.24.0-255,4320,16278,76,216481
41083,8.8e-05,172.31.40.0-255,66,16344,76,216481
41084,0.000109,74.125.24.0-255,5738,22082,76,216481
41085,0.000112,172.31.40.0-255,66,22148,76,216481
41086,0.000136,74.125.24.0-255,6392,28540,76,216481
41087,0.000138,172.31.40.0-255,66,28606,76,216481
41088,0.000141,74.125.24.0-255,1484,30090,76,216481
41089,0.000143,172.31.40.0-255,66,30156,76,216481
41090,0.000157,74.125.24.0-255,1125,31281,76,216481
41091,0.000159,172.31.40.0-255,66,31347,76,216481
41092,0.000222,74.125.24.0-255,1484,32831,76,216481
41093,0.000225,172.31.40.0-255,66,32897,76,216481
41094,0.000236,74.125.24.0-255,1484,34381,76,216481
41095,0.000238,172.31.40.0-255,66,34447,76,216481
41096,0.000262,74.125.24.0-255,1484,35931,76,216481
41097,0.000264,172.31.40.0-255,66,35997,76,216481
41098,0.00027,74.125.24.0-255,4320,40317,76,216481
41099,0.000273,172.31.40.0-255,66,40383,76,216481
41100,0.000283,74.125.24.0-255,1484,41867,76,216481
41101,0.000285,172.31.40.0-255,66,41933,76,216481
41102,0.000288,74.125.24.0-255,1484,43417,76,216481
41103,0.00029,172.31.40.0-255,66,43483,76,216481
41104,0.00032,172.31.40.0-255,66,43549,76,216481
41105,0.000345,74.125.24.0-255,1125,44674,76,216481
41106,0.000359,172.31.40.0-255,66,44740,76,216481
41107,0.000573,74.125.24.0-255,364,45104,76,216481
41108,0.001043,74.125.24.0-255,130,45234,76,216481
41109,0.001095,172.31.40.0-255,66,45300,76,216481
41110,0.00115,74.125.24.0-255,1484,46784,76,216481
41111,0.001165,74.125.24.0-255,1484,48268,76,216481
41112,0.001167,172.31.40.0-255,66,48334,76,216481
41113,0.001188,74.125.24.0-255,1484,49818,76,216481
41114,0.001195,74.125.24.0-255,5738,55556,76,216481
41115,0.001197,172.31.40.0-255,66,55622,76,216481
41116,0.001229,74.125.24.0-255,1484,57106,76,216481
41117,0.001256,74.125.24.0-255,7156,64262,76,216481
41118,0.00126,172.31.40.0-255,66,64328,76,216481
41119,0.001279,74.125.24.0-255,3961,68289,76,216481
41120,0.001282,172.31.40.0-255,66,68355,76,216481
41121,0.001327,74.125.24.0-255,2902,71257,76,216481
41122,0.001331,172.31.40.0-255,66,71323,76,216481
41123,0.001352,172.31.40.0-255,66,71389,76,216481
41124,0.002004,74.125.24.0-255,1484,72873,76,216481
41125,0.002017,74.125.24.0-255,2902,75775,76,216481
41126,0.002021,172.31.40.0-255,66,75841,76,216481
41127,0.00203,74.125.24.0-255,5738,81579,76,216481
41128,0.002032,172.31.40.0-255,66,81645,76,216481
41129,0.00204,74.125.24.0-255,7156,88801,76,216481
41130,0.002042,172.31.40.0-255,66,88867,76,216481
41131,0.002066,74.125.24.0-255,2902,91769,76,216481
41132,0.002069,172.31.40.0-255,66,91835,76,216481
41133,0.002072,74.125.24.0-255,1484,93319,76,216481
41134,0.002094,172.31.40.0-255,66,93385,76,216481
41135,0.002118,74.125.24.0-255,3602,96987,76,216481
41136,0.002121,172.31.40.0-255,66,97053,76,216481
41137,0.004514,74.125.24.0-255,5738,102791,76,216481
41138,0.004521,172.31.40.0-255,66,102857,76,216481
41139,0.006996,74.125.24.0-255,2902,105759,76,216481
41140,0.007003,172.31.40.0-255,66,105825,76,216481
41141,0.007022,74.125.24.0-255,2902,108727,76,216481
41142,0.007025,172.31.40.0-255,66,108793,76,216481
41143,0.009371,74.125.24.0-255,2902,111695,76,216481
41144,0.009383,172.31.40.0-255,66,111761,76,216481
41145,0.009439,74.125.24.0-255,2902,114663,76,216481
41146,0.009442,172.31.40.0-255,66,114729,76,216481
41147,0.011747,74.125.24.0-255,2902,117631,76,216481
41148,0.011756,172.31.40.0-255,66,117697,76,216481
41149,0.011788,74.125.24.0-255,2902,120599,76,216481
41150,0.011792,172.31.40.0-255,66,120665,76,216481
41151,0.014172,74.125.24.0-255,5738,126403,76,216481
41152,0.014182,172.31.40.0-255,66,126469,76,216481
41153,0.016555,74.125.24.0-255,5738,132207,76,216481
41154,0.016564,172.31.40.0-255,66,132273,76,216481
41155,0.01893,74.125.24.0-255,5738,138011,76,216481
41156,0.01894,172.31.40.0-255,66,138077,76,216481
41157,0.021277,74.125.24.0-255,5738,143815,76,216481
41158,0.021284,172.31.40.0-255,66,143881,76,216481
41159,0.02364,74.125.24.0-255,5738,149619,76,216481
41160,0.023649,172.31.40.0-255,66,149685,76,216481
41161,0.025983,74.125.24.0-255,5738,155423,76,216481
41162,0.025991,172.31.40.0-255,66,155489,76,216481
41163,0.028085,172.31.40.0-255,176,155665,76,216481
41164,0.028117,172.31.40.0-255,1110,156775,76,216481
41165,0.028178,172.31.40.0-255,1514,158289,76,216481
41166,0.02818,172.31.40.0-255,1306,159595,76,216481
41167,0.028363,74.125.24.0-255,5738,165333,76,216481
41168,0.028369,172.31.40.0-255,66,165399,76,216481
41169,0.029625,104.244.42.0-255,66,165465,76,216481
41170,0.029671,104.244.42.0-255,66,165531,76,216481
41171,0.02977,104.244.42.0-255,66,165597,76,216481
41172,0.030768,74.125.24.0-255,4320,169917,76,216481
41173,0.030773,172.31.40.0-255,66,169983,76,216481
41174,0.030793,74.125.24.0-255,1484,171467,76,216481
41175,0.033162,74.125.24.0-255,4320,175787,76,216481
41176,0.03317,172.31.40.0-255,66,175853,76,216481
41177,0.035503,74.125.24.0-255,5738,181591,76,216481
41178,0.03551,172.31.40.0-255,66,181657,76,216481
41179,0.037872,74.125.24.0-255,5738,187395,76,216481
41180,0.037878,172.31.40.0-255,66,187461,76,216481
41181,0.04039,74.125.24.0-255,5738,193199,76,216481
41182,0.040397,172.31.40.0-255,66,193265,76,216481
41183,0.042738,74.125.24.0-255,5738,199003,76,216481
41184,0.042746,172.31.40.0-255,66,199069,76,216481
41185,0.045141,74.125.24.0-255,5738,204807,76,216481
41186,0.045148,172.31.40.0-255,66,204873,76,216481
41187,0.047502,74.125.24.0-255,5738,210611,76,216481
41188,0.047508,172.31.40.0-255,66,210677,76,216481
41189,0.049921,74.125.24.0-255,5738,216415,76,216481
41190,0.049928,172.31.40.0-255,66,216481,76,216481
41191,0.0,172.217.194.0-255,152,152,76,266048
41192,2.5e-05,172.31.40.0-255,66,218,76,266048
41193,3.1e-05,172.217.194.0-255,1484,1702,76,266048
41194,3.5e-05,172.31.40.0-255,66,1768,76,266048
41195,4e-05,172.217.194.0-255,2902,4670,76,266048
41196,4.3e-05,172.31.40.0-255,66,4736,76,266048
41197,4.9e-05,172.217.194.0-255,7156,11892,76,266048
41198,5.2e-05,172.31.40.0-255,66,11958,76,266048
41199,5.5e-05,172.217.194.0-255,1484,13442,76,266048
41200,5.7e-05,172.31.40.0-255,66,13508,76,266048
41201,0.000102,172.31.40.0-255,66,13574,76,266048
41202,0.000124,172.217.194.0-255,5738,19312,76,266048
41203,0.000127,172.31.40.0-255,66,19378,76,266048
41204,0.000143,172.217.194.0-255,1125,20503,76,266048
41205,0.000145,172.31.40.0-255,66,20569,76,266048
41206,0.000155,172.217.194.0-255,7156,27725,76,266048
41207,0.000158,172.31.40.0-255,66,27791,76,266048
41208,0.000163,172.217.194.0-255,4320,32111,76,266048
41209,0.000165,172.31.40.0-255,66,32177,76,266048
41210,0.000202,172.217.194.0-255,5379,37556,76,266048
41211,0.000207,172.31.40.0-255,66,37622,76,266048
41212,0.000212,172.217.194.0-255,4320,41942,76,266048
41213,0.000214,172.31.40.0-255,66,42008,76,266048
41214,0.000239,172.217.194.0-255,5738,47746,76,266048
41215,0.000242,172.31.40.0-255,66,47812,76,266048
41216,0.000249,172.217.194.0-255,6797,54609,76,266048
41217,0.000251,172.31.40.0-255,66,54675,76,266048
41218,0.000682,172.217.194.0-255,381,55056,76,266048
41219,0.000689,172.31.40.0-255,66,55122,76,266048
41220,0.001157,172.217.194.0-255,1484,56606,76,266048
41221,0.001165,172.31.40.0-255,66,56672,76,266048
41222,0.001186,172.217.194.0-255,2902,59574,76,266048
41223,0.001189,172.31.40.0-255,66,59640,76,266048
41224,0.001195,172.217.194.0-255,5738,65378,76,266048
41225,0.001197,172.31.40.0-255,66,65444,76,266048
41226,0.001208,172.31.40.0-255,66,65510,76,266048
41227,0.001258,172.31.40.0-255,66,65576,76,266048
41228,0.001275,172.217.194.0-255,5020,70596,76,266048
41229,0.001278,172.31.40.0-255,66,70662,76,266048
41230,0.001767,172.217.194.0-255,1484,72146,76,266048
41231,0.001784,172.217.194.0-255,2902,75048,76,266048
41232,0.001786,172.31.40.0-255,66,75114,76,266048
41233,0.001791,172.217.194.0-255,4320,79434,76,266048
41234,0.001793,172.31.40.0-255,66,79500,76,266048
41235,0.001812,172.217.194.0-255,1484,80984,76,266048
41236,0.001822,172.31.40.0-255,66,81050,76,266048
41237,0.001836,172.217.194.0-255,4320,85370,76,266048
41238,0.001839,172.31.40.0-255,66,85436,76,266048
41239,0.001843,172.217.194.0-255,4320,89756,76,266048
41240,0.001845,172.31.40.0-255,66,89822,76,266048
41241,0.001872,172.217.194.0-255,6438,96260,76,266048
41242,0.001876,172.31.40.0-255,66,96326,76,266048
41243,0.001904,172.217.194.0-255,1484,97810,76,266048
41244,0.001909,172.217.194.0-255,2902,100712,76,266048
41245,0.001911,172.31.40.0-255,66,100778,76,266048
41246,0.001913,172.217.194.0-255,1484,102262,76,266048
41247,0.001935,172.217.194.0-255,4320,106582,76,266048
41248,0.001938,172.31.40.0-255,66,106648,76,266048
41249,0.001942,172.217.194.0-255,2902,109550,76,266048
41250,0.001944,172.31.40.0-255,66,109616,76,266048
41251,0.00198,172.31.40.0-255,66,109682,76,266048
41252,0.001991,172.31.40.0-255,66,109748,76,266048
41253,0.001996,172.217.194.0-255,5738,115486,76,266048
41254,0.001998,172.31.40.0-255,66,115552,76,266048
41255,0.00202,172.217.194.0-255,5738,121290,76,266048
41256,0.002023,172.31.40.0-255,66,121356,76,266048
41257,0.002035,172.31.40.0-255,66,121422,76,266048
41258,0.002039,172.217.194.0-255,2902,124324,76,266048
41259,0.002041,172.31.40.0-255,66,124390,76,266048
41260,0.002063,172.217.194.0-255,6438,130828,76,266048
41261,0.002066,172.31.40.0-255,66,130894,76,266048
41262,0.002069,172.217.194.0-255,1484,132378,76,266048
41263,0.004071,172.217.194.0-255,4320,136698,76,266048
41264,0.004077,172.31.40.0-255,66,136764,76,266048
41265,0.006112,172.217.194.0-255,5738,142502,76,266048
41266,0.006119,172.31.40.0-255,66,142568,76,266048
41267,0.008153,172.217.194.0-255,5738,148306,76,266048
41268,0.008161,172.31.40.0-255,66,148372,76,266048
41269,0.010203,172.217.194.0-255,5738,154110,76,266048
41270,0.010211,172.31.40.0-255,66,154176,76,266048
41271,0.012263,172.217.194.0-255,4320,158496,76,266048
41272,0.012272,172.31.40.0-255,66,158562,76,266048
41273,0.012293,172.217.194.0-255,1484,160046,76,266048
41274,0.014305,172.217.194.0-255,4320,164366,76,266048
41275,0.014313,172.31.40.0-255,66,164432,76,266048
41276,0.016349,172.217.194.0-255,5738,170170,76,266048
41277,0.016356,172.31.40.0-255,66,170236,76,266048
41278,0.018373,172.217.194.0-255,5738,175974,76,266048
41279,0.018381,172.31.40.0-255,66,176040,76,266048
41280,0.020407,172.217.194.0-255,5738,181778,76,266048
41281,0.020414,172.31.40.0-255,66,181844,76,266048
41282,0.022459,172.217.194.0-255,5738,187582,76,266048
41283,0.022467,172.31.40.0-255,66,187648,76,266048
41284,0.024535,172.217.194.0-255,5738,193386,76,266048
41285,0.024552,172.31.40.0-255,66,193452,76,266048
41286,0.026633,172.217.194.0-255,5738,199190,76,266048
41287,0.026648,172.31.40.0-255,66,199256,76,266048
41288,0.028701,172.217.194.0-255,5738,204994,76,266048
41289,0.028717,172.31.40.0-255,66,205060,76,266048
41290,0.030759,172.217.194.0-255,5738,210798,76,266048
41291,0.030775,172.31.40.0-255,66,210864,76,266048
41292,0.032821,172.217.194.0-255,5738,216602,76,266048
41293,0.032833,172.31.40.0-255,66,216668,76,266048
41294,0.034901,172.217.194.0-255,5738,222406,76,266048
41295,0.03492,172.31.40.0-255,66,222472,76,266048
41296,0.036948,172.217.194.0-255,5738,228210,76,266048
41297,0.036955,172.31.40.0-255,66,228276,76,266048
41298,0.038875,172.31.40.0-255,172,228448,76,266048
41299,0.038908,172.31.40.0-255,1108,229556,76,266048
41300,0.038966,172.31.40.0-255,1514,231070,76,266048
41301,0.038974,172.31.40.0-255,1308,232378,76,266048
41302,0.038983,172.217.194.0-255,5738,238116,76,266048
41303,0.038988,172.31.40.0-255,66,238182,76,266048
41304,0.040432,104.244.42.0-255,66,238248,76,266048
41305,0.040462,104.244.42.0-255,66,238314,76,266048
41306,0.040509,104.244.42.0-255,66,238380,76,266048
41307,0.041029,172.217.194.0-255,4320,242700,76,266048
41308,0.041038,172.31.40.0-255,66,242766,76,266048
41309,0.041058,172.217.194.0-255,1484,244250,76,266048
41310,0.043089,172.217.194.0-255,4320,248570,76,266048
41311,0.043105,172.31.40.0-255,66,248636,76,266048
41312,0.045165,172.217.194.0-255,5738,254374,76,266048
41313,0.045177,172.31.40.0-255,66,254440,76,266048
41314,0.047221,172.217.194.0-255,5738,260178,76,266048
41315,0.047237,172.31.40.0-255,66,260244,76,266048
41316,0.049291,172.217.194.0-255,5738,265982,76,266048
41317,0.049303,172.31.40.0-255,66,266048,76,266048
41318,0.0,172.217.194.0-255,152,152,76,153203
41319,1.5e-05,172.31.40.0-255,66,218,76,153203
41320,2.1e-05,172.217.194.0-255,1484,1702,76,153203
41321,2.5e-05,172.31.40.0-255,66,1768,76,153203
41322,3.8e-05,172.217.194.0-255,2902,4670,76,153203
41323,4.2e-05,172.31.40.0-255,66,4736,76,153203
41324,4.8e-05,172.217.194.0-255,4320,9056,76,153203
41325,5.2e-05,172.31.40.0-255,66,9122,76,153203
41326,8.1e-05,172.217.194.0-255,2902,12024,76,153203
41327,8.4e-05,172.31.40.0-255,66,12090,76,153203
41328,9.9e-05,172.217.194.0-255,4320,16410,76,153203
41329,0.000102,172.31.40.0-255,66,16476,76,153203
41330,0.000132,172.217.194.0-255,3556,20032,76,153203
41331,0.000135,172.31.40.0-255,66,20098,76,153203
41332,0.000147,172.31.40.0-255,66,20164,76,153203
41333,0.00015,172.217.194.0-255,1125,21289,76,153203
41334,0.000152,172.31.40.0-255,66,21355,76,153203
41335,0.000182,172.217.194.0-255,1484,22839,76,153203
41336,0.000185,172.31.40.0-255,66,22905,76,153203
41337,0.000207,172.217.194.0-255,1484,24389,76,153203
41338,0.000209,172.31.40.0-255,66,24455,76,153203
41339,0.000214,172.217.194.0-255,2902,27357,76,153203
41340,0.000216,172.31.40.0-255,66,27423,76,153203
41341,0.000242,172.217.194.0-255,1484,28907,76,153203
41342,0.000245,172.31.40.0-255,66,28973,76,153203
41343,0.000257,172.31.40.0-255,66,29039,76,153203
41344,0.000303,172.31.40.0-255,66,29105,76,153203
41345,0.000308,172.217.194.0-255,2816,31921,76,153203
41346,0.00031,172.31.40.0-255,66,31987,76,153203
41347,0.000348,172.217.194.0-255,120,32107,76,153203
41348,0.000352,172.217.194.0-255,382,32489,76,153203
41349,0.000636,172.217.194.0-255,1484,33973,76,153203
41350,0.000642,172.31.40.0-255,66,34039,76,153203
41351,0.000647,172.217.194.0-255,2902,36941,76,153203
41352,0.00065,172.31.40.0-255,66,37007,76,153203
41353,0.000657,172.217.194.0-255,5738,42745,76,153203
41354,0.000659,172.31.40.0-255,66,42811,76,153203
41355,0.00067,172.217.194.0-255,5738,48549,76,153203
41356,0.000672,172.31.40.0-255,66,48615,76,153203
41357,0.000712,172.31.40.0-255,66,48681,76,153203
41358,0.000717,172.217.194.0-255,4320,53001,76,153203
41359,0.000719,172.31.40.0-255,66,53067,76,153203
41360,0.000748,172.217.194.0-255,766,53833,76,153203
41361,0.001478,172.217.194.0-255,1484,55317,76,153203
41362,0.001485,172.31.40.0-255,66,55383,76,153203
41363,0.001491,172.217.194.0-255,2902,58285,76,153203
41364,0.001493,172.31.40.0-255,66,58351,76,153203
41365,0.001499,172.217.194.0-255,5738,64089,76,153203
41366,0.001507,172.31.40.0-255,66,64155,76,153203
41367,0.001547,172.31.40.0-255,66,64221,76,153203
41368,0.001559,172.31.40.0-255,66,64287,76,153203
41369,0.00174,172.217.194.0-255,1484,65771,76,153203
41370,0.00175,172.217.194.0-255,2902,68673,76,153203
41371,0.001753,172.31.40.0-255,66,68739,76,153203
41372,0.001795,172.217.194.0-255,4320,73059,76,153203
41373,0.001798,172.31.40.0-255,66,73125,76,153203
41374,0.001822,172.217.194.0-255,1484,74609,76,153203
41375,0.001837,172.31.40.0-255,66,74675,76,153203
41376,0.001841,172.217.194.0-255,2902,77577,76,153203
41377,0.001843,172.31.40.0-255,66,77643,76,153203
41378,0.001855,172.31.40.0-255,66,77709,76,153203
41379,0.001886,172.217.194.0-255,2184,79893,76,153203
41380,0.001888,172.31.40.0-255,66,79959,76,153203
41381,0.001901,172.31.40.0-255,66,80025,76,153203
41382,0.001914,172.31.40.0-255,66,80091,76,153203
41383,0.001958,172.31.40.0-255,66,80157,76,153203
41384,0.001961,172.217.194.0-255,1484,81641,76,153203
41385,0.001964,172.217.194.0-255,1484,83125,76,153203
41386,0.001984,172.217.194.0-255,1484,84609,76,153203
41387,0.002005,172.217.194.0-255,5738,90347,76,153203
41388,0.002013,172.217.194.0-255,7156,97503,76,153203
41389,0.002041,172.217.194.0-255,7156,104659,76,153203
41390,0.002062,172.217.194.0-255,7156,111815,76,153203
41391,0.002066,172.217.194.0-255,2184,113999,76,153203
41392,0.002197,172.217.194.0-255,1484,115483,76,153203
41393,0.002204,172.217.194.0-255,2902,118385,76,153203
41394,0.00221,172.217.194.0-255,4320,122705,76,153203
41395,0.002224,172.217.194.0-255,1484,124189,76,153203
41396,0.002227,172.217.194.0-255,1484,125673,76,153203
41397,0.002328,172.217.194.0-255,1484,127157,76,153203
41398,0.002331,172.217.194.0-255,1484,128641,76,153203
41399,0.002353,172.217.194.0-255,1484,130125,76,153203
41400,0.00236,172.217.194.0-255,5738,135863,76,153203
41401,0.002402,172.217.194.0-255,5738,141601,76,153203
41402,0.00251,172.217.194.0-255,7156,148757,76,153203
41403,0.013092,172.217.194.0-255,105,148862,76,153203
41404,0.013697,172.31.40.0-255,66,148928,76,153203
41405,0.016397,172.31.40.0-255,105,149033,76,153203
41406,0.018941,172.217.194.0-255,66,149099,76,153203
41407,0.048737,172.31.40.0-255,172,149271,76,153203
41408,0.048782,172.31.40.0-255,1110,150381,76,153203
41409,0.048841,172.31.40.0-255,1514,151895,76,153203
41410,0.048862,172.31.40.0-255,1308,153203,76,153203
41411,0.0,172.217.194.0-255,152,152,76,206725
41412,1.2e-05,172.31.40.0-255,66,218,76,206725
41413,1.8e-05,172.217.194.0-255,1484,1702,76,206725
41414,2.2e-05,172.31.40.0-255,66,1768,76,206725
41415,2.8e-05,172.217.194.0-255,2902,4670,76,206725
41416,3e-05,172.31.40.0-255,66,4736,76,206725
41417,3.5e-05,172.217.194.0-255,4320,9056,76,206725
41418,3.8e-05,172.31.40.0-255,66,9122,76,206725
41419,9.1e-05,172.31.40.0-255,66,9188,76,206725
41420,9.5e-05,172.217.194.0-255,4320,13508,76,206725
41421,9.7e-05,172.31.40.0-255,66,13574,76,206725
41422,0.000132,172.217.194.0-255,5379,18953,76,206725
41423,0.000135,172.31.40.0-255,66,19019,76,206725
41424,0.000177,172.217.194.0-255,1484,20503,76,206725
41425,0.00018,172.31.40.0-255,66,20569,76,206725
41426,0.000183,172.217.194.0-255,1484,22053,76,206725
41427,0.000185,172.31.40.0-255,66,22119,76,206725
41428,0.000201,172.217.194.0-255,1484,23603,76,206725
41429,0.000203,172.31.40.0-255,66,23669,76,206725
41430,0.000209,172.217.194.0-255,5738,29407,76,206725
41431,0.000211,172.31.40.0-255,66,29473,76,206725
41432,0.000233,172.217.194.0-255,5738,35211,76,206725
41433,0.000235,172.31.40.0-255,66,35277,76,206725
41434,0.000257,172.31.40.0-255,66,35343,76,206725
41435,0.000296,172.217.194.0-255,1484,36827,76,206725
41436,0.000298,172.31.40.0-255,66,36893,76,206725
41437,0.000323,172.31.40.0-255,66,36959,76,206725
41438,0.000391,172.217.194.0-255,381,37340,76,206725
41439,0.000394,172.31.40.0-255,66,37406,76,206725
41440,0.000684,172.217.194.0-255,1484,38890,76,206725
41441,0.000689,172.217.194.0-255,2902,41792,76,206725
41442,0.000692,172.31.40.0-255,66,41858,76,206725
41443,0.000699,172.217.194.0-255,5738,47596,76,206725
41444,0.0007,172.31.40.0-255,66,47662,76,206725
41445,0.000731,172.31.40.0-255,66,47728,76,206725
41446,0.000753,172.217.194.0-255,2902,50630,76,206725
41447,0.000756,172.31.40.0-255,66,50696,76,206725
41448,0.000766,172.31.40.0-255,66,50762,76,206725
41449,0.002178,172.217.194.0-255,1484,52246,76,206725
41450,0.002187,172.217.194.0-255,2902,55148,76,206725
41451,0.002191,172.31.40.0-255,66,55214,76,206725
41452,0.002199,172.217.194.0-255,5738,60952,76,206725
41453,0.002201,172.31.40.0-255,66,61018,76,206725
41454,0.002219,172.217.194.0-255,4320,65338,76,206725
41455,0.002221,172.31.40.0-255,66,65404,76,206725
41456,0.002238,172.217.194.0-255,7156,72560,76,206725
41457,0.00224,172.31.40.0-255,66,72626,76,206725
41458,0.002246,172.217.194.0-255,5738,78364,76,206725
41459,0.002248,172.31.40.0-255,66,78430,76,206725
41460,0.002273,172.217.194.0-255,1484,79914,76,206725
41461,0.004442,172.217.194.0-255,4320,84234,76,206725
41462,0.004449,172.31.40.0-255,66,84300,76,206725
41463,0.006667,172.217.194.0-255,4320,88620,76,206725
41464,0.006673,172.31.40.0-255,66,88686,76,206725
41465,0.006697,172.217.194.0-255,1484,90170,76,206725
41466,0.0089,172.217.194.0-255,4320,94490,76,206725
41467,0.008908,172.31.40.0-255,66,94556,76,206725
41468,0.011143,172.217.194.0-255,5738,100294,76,206725
41469,0.01115,172.31.40.0-255,66,100360,76,206725
41470,0.013351,172.217.194.0-255,5738,106098,76,206725
41471,0.013358,172.31.40.0-255,66,106164,76,206725
41472,0.01557,172.217.194.0-255,5738,111902,76,206725
41473,0.015578,172.31.40.0-255,66,111968,76,206725
41474,0.0178,172.217.194.0-255,5738,117706,76,206725
41475,0.017811,172.31.40.0-255,66,117772,76,206725
41476,0.020052,172.217.194.0-255,5738,123510,76,206725
41477,0.020061,172.31.40.0-255,66,123576,76,206725
41478,0.022284,172.217.194.0-255,5738,129314,76,206725
41479,0.022291,172.31.40.0-255,66,129380,76,206725
41480,0.024513,172.217.194.0-255,5738,135118,76,206725
41481,0.024523,172.31.40.0-255,66,135184,76,206725
41482,0.026731,172.217.194.0-255,5738,140922,76,206725
41483,0.026739,172.31.40.0-255,66,140988,76,206725
41484,0.028949,172.217.194.0-255,5738,146726,76,206725
41485,0.028958,172.31.40.0-255,66,146792,76,206725
41486,0.030665,172.31.40.0-255,172,146964,76,206725
41487,0.030697,172.31.40.0-255,1109,148073,76,206725
41488,0.030754,172.31.40.0-255,1514,149587,76,206725
41489,0.030756,172.31.40.0-255,1514,151101,76,206725
41490,0.030761,172.31.40.0-255,1514,152615,76,206725
41491,0.030762,172.31.40.0-255,1514,154129,76,206725
41492,0.03078,172.31.40.0-255,1514,155643,76,206725
41493,0.03118,172.217.194.0-255,5738,161381,76,206725
41494,0.031186,172.31.40.0-255,66,161447,76,206725
41495,0.032196,104.244.42.0-255,66,161513,76,206725
41496,0.03222,104.244.42.0-255,66,161579,76,206725
41497,0.032382,104.244.42.0-255,66,161645,76,206725
41498,0.033419,172.217.194.0-255,5738,167383,76,206725
41499,0.033426,172.31.40.0-255,66,167449,76,206725
41500,0.035635,172.217.194.0-255,5738,173187,76,206725
41501,0.035642,172.31.40.0-255,66,173253,76,206725
41502,0.037854,172.217.194.0-255,4320,177573,76,206725
41503,0.037861,172.31.40.0-255,66,177639,76,206725
41504,0.037877,172.217.194.0-255,1484,179123,76,206725
41505,0.0401,172.217.194.0-255,4320,183443,76,206725
41506,0.040107,172.31.40.0-255,66,183509,76,206725
41507,0.042336,172.217.194.0-255,5738,189247,76,206725
41508,0.042342,172.31.40.0-255,66,189313,76,206725
41509,0.044549,172.217.194.0-255,5738,195051,76,206725
41510,0.044554,172.31.40.0-255,66,195117,76,206725
41511,0.046782,172.217.194.0-255,5738,200855,76,206725
41512,0.046788,172.31.40.0-255,66,200921,76,206725
41513,0.049055,172.217.194.0-255,5738,206659,76,206725
41514,0.049068,172.31.40.0-255,66,206725,76,206725
41515,0.0,74.125.200.0-255,150,150,76,168674
41516,1.9e-05,172.31.40.0-255,66,216,76,168674
41517,2.7e-05,74.125.200.0-255,1484,1700,76,168674
41518,3.1e-05,172.31.40.0-255,66,1766,76,168674
41519,3.7e-05,74.125.200.0-255,2902,4668,76,168674
41520,4e-05,172.31.40.0-255,66,4734,76,168674
41521,0.000152,74.125.200.0-255,5738,10472,76,168674
41522,0.000159,172.31.40.0-255,66,10538,76,168674
41523,0.000346,74.125.200.0-255,3466,14004,76,168674
41524,0.000351,172.31.40.0-255,66,14070,76,168674
41525,0.000477,172.31.40.0-255,66,14136,76,168674
41526,0.000503,74.125.200.0-255,2902,17038,76,168674
41527,0.000507,172.31.40.0-255,66,17104,76,168674
41528,0.000881,74.125.200.0-255,5379,22483,76,168674
41529,0.000887,172.31.40.0-255,66,22549,76,168674
41530,0.001052,74.125.200.0-255,7156,29705,76,168674
41531,0.001058,172.31.40.0-255,66,29771,76,168674
41532,0.0011,172.31.40.0-255,66,29837,76,168674
41533,0.001666,172.31.40.0-255,66,29903,76,168674
41534,0.002249,74.125.200.0-255,5738,35641,76,168674
41535,0.002253,172.31.40.0-255,66,35707,76,168674
41536,0.002292,172.31.40.0-255,66,35773,76,168674
41537,0.003252,74.125.200.0-255,5738,41511,76,168674
41538,0.003257,172.31.40.0-255,66,41577,76,168674
41539,0.003303,172.31.40.0-255,66,41643,76,168674
41540,0.005295,74.125.200.0-255,2902,44545,76,168674
41541,0.005301,172.31.40.0-255,66,44611,76,168674
41542,0.005328,74.125.200.0-255,2902,47513,76,168674
41543,0.005349,172.31.40.0-255,66,47579,76,168674
41544,0.007294,74.125.200.0-255,2902,50481,76,168674
41545,0.007301,172.31.40.0-255,66,50547,76,168674
41546,0.007335,74.125.200.0-255,2902,53449,76,168674
41547,0.009325,74.125.200.0-255,2902,56351,76,168674
41548,0.01124,172.31.40.0-255,66,56417,76,168674
41549,0.013243,74.125.200.0-255,5738,62155,76,168674
41550,0.013253,172.31.40.0-255,66,62221,76,168674
41551,0.01525,74.125.200.0-255,5738,67959,76,168674
41552,0.015259,172.31.40.0-255,66,68025,76,168674
41553,0.017256,74.125.200.0-255,5738,73763,76,168674
41554,0.017264,172.31.40.0-255,66,73829,76,168674
41555,0.019259,74.125.200.0-255,5738,79567,76,168674
41556,0.019267,172.31.40.0-255,66,79633,76,168674
41557,0.021258,74.125.200.0-255,5738,85371,76,168674
41558,0.021264,172.31.40.0-255,66,85437,76,168674
41559,0.021812,172.31.40.0-255,172,85609,76,168674
41560,0.021845,172.31.40.0-255,1105,86714,76,168674
41561,0.021901,172.31.40.0-255,1514,88228,76,168674
41562,0.021903,172.31.40.0-255,344,88572,76,168674
41563,0.023264,74.125.200.0-255,5738,94310,76,168674
41564,0.023271,172.31.40.0-255,66,94376,76,168674
41565,0.023381,104.244.42.0-255,66,94442,76,168674
41566,0.023448,104.244.42.0-255,66,94508,76,168674
41567,0.023452,104.244.42.0-255,66,94574,76,168674
41568,0.025274,74.125.200.0-255,5738,100312,76,168674
41569,0.02528,172.31.40.0-255,66,100378,76,168674
41570,0.027285,74.125.200.0-255,5738,106116,76,168674
41571,0.027292,172.31.40.0-255,66,106182,76,168674
41572,0.029289,74.125.200.0-255,4320,110502,76,168674
41573,0.029296,172.31.40.0-255,66,110568,76,168674
41574,0.029331,74.125.200.0-255,1484,112052,76,168674
41575,0.031294,74.125.200.0-255,4320,116372,76,168674
41576,0.031301,172.31.40.0-255,66,116438,76,168674
41577,0.033313,74.125.200.0-255,5738,122176,76,168674
41578,0.033361,172.31.40.0-255,66,122242,76,168674
41579,0.03538,74.125.200.0-255,5738,127980,76,168674
41580,0.035387,172.31.40.0-255,66,128046,76,168674
41581,0.037391,74.125.200.0-255,5738,133784,76,168674
41582,0.037396,172.31.40.0-255,66,133850,76,168674
41583,0.039402,74.125.200.0-255,5738,139588,76,168674
41584,0.03941,172.31.40.0-255,66,139654,76,168674
41585,0.041421,74.125.200.0-255,5738,145392,76,168674
41586,0.041429,172.31.40.0-255,66,145458,76,168674
41587,0.043434,74.125.200.0-255,5738,151196,76,168674
41588,0.043441,172.31.40.0-255,66,151262,76,168674
41589,0.045496,74.125.200.0-255,5738,157000,76,168674
41590,0.045503,172.31.40.0-255,66,157066,76,168674
41591,0.047525,74.125.200.0-255,5738,162804,76,168674
41592,0.047532,172.31.40.0-255,66,162870,76,168674
41593,0.049552,74.125.200.0-255,5738,168608,76,168674
41594,0.049558,172.31.40.0-255,66,168674,76,168674
41595,0.0,74.125.24.0-255,151,151,76,252777
41596,2.4e-05,172.31.40.0-255,66,217,76,252777
41597,3.1e-05,74.125.24.0-255,1484,1701,76,252777
41598,3.7e-05,172.31.40.0-255,66,1767,76,252777
41599,4.3e-05,74.125.24.0-255,2902,4669,76,252777
41600,4.7e-05,172.31.40.0-255,66,4735,76,252777
41601,5.5e-05,74.125.24.0-255,7156,11891,76,252777
41602,5.8e-05,172.31.40.0-255,66,11957,76,252777
41603,6.2e-05,74.125.24.0-255,1978,13935,76,252777
41604,6.5e-05,172.31.40.0-255,66,14001,76,252777
41605,0.000251,74.125.24.0-255,1484,15485,76,252777
41606,0.000255,172.31.40.0-255,66,15551,76,252777
41607,0.000261,74.125.24.0-255,2902,18453,76,252777
41608,0.000264,172.31.40.0-255,66,18519,76,252777
41609,0.000271,74.125.24.0-255,5738,24257,76,252777
41610,0.000273,172.31.40.0-255,66,24323,76,252777
41611,0.000333,74.125.24.0-255,6797,31120,76,252777
41612,0.000336,172.31.40.0-255,66,31186,76,252777
41613,0.000374,74.125.24.0-255,1484,32670,76,252777
41614,0.000377,172.31.40.0-255,66,32736,76,252777
41615,0.000382,74.125.24.0-255,2902,35638,76,252777
41616,0.000384,172.31.40.0-255,66,35704,76,252777
41617,0.000387,74.125.24.0-255,1484,37188,76,252777
41618,0.000389,172.31.40.0-255,66,37254,76,252777
41619,0.000412,74.125.24.0-255,4320,41574,76,252777
41620,0.000414,172.31.40.0-255,66,41640,76,252777
41621,0.00042,74.125.24.0-255,4320,45960,76,252777
41622,0.000422,172.31.40.0-255,66,46026,76,252777
41623,0.000448,172.31.40.0-255,66,46092,76,252777
41624,0.000454,74.125.24.0-255,5738,51830,76,252777
41625,0.000457,172.31.40.0-255,66,51896,76,252777
41626,0.000491,74.125.24.0-255,4260,56156,76,252777
41627,0.00052,74.125.24.0-255,130,56286,76,252777
41628,0.000546,74.125.24.0-255,347,56633,76,252777
41629,0.000558,172.31.40.0-255,66,56699,76,252777
41630,0.000776,74.125.24.0-255,1484,58183,76,252777
41631,0.000782,74.125.24.0-255,2902,61085,76,252777
41632,0.000785,172.31.40.0-255,66,61151,76,252777
41633,0.000792,74.125.24.0-255,4320,65471,76,252777
41634,0.000794,172.31.40.0-255,66,65537,76,252777
41635,0.000809,74.125.24.0-255,1484,67021,76,252777
41636,0.000832,74.125.24.0-255,2902,69923,76,252777
41637,0.00086,172.31.40.0-255,66,69989,76,252777
41638,0.00129,74.125.24.0-255,1484,71473,76,252777
41639,0.001297,74.125.24.0-255,2902,74375,76,252777
41640,0.0013,172.31.40.0-255,66,74441,76,252777
41641,0.001308,74.125.24.0-255,5738,80179,76,252777
41642,0.00131,172.31.40.0-255,66,80245,76,252777
41643,0.001346,172.31.40.0-255,66,80311,76,252777
41644,0.001402,172.31.40.0-255,66,80377,76,252777
41645,0.001446,74.125.24.0-255,1484,81861,76,252777
41646,0.001451,74.125.24.0-255,2902,84763,76,252777
41647,0.001469,74.125.24.0-255,5738,90501,76,252777
41648,0.001477,172.31.40.0-255,66,90567,76,252777
41649,0.001486,74.125.24.0-255,2902,93469,76,252777
41650,0.001492,172.31.40.0-255,66,93535,76,252777
41651,0.001513,74.125.24.0-255,5738,99273,76,252777
41652,0.001525,74.125.24.0-255,1484,100757,76,252777
41653,0.001536,172.31.40.0-255,66,100823,76,252777
41654,0.001552,74.125.24.0-255,3602,104425,76,252777
41655,0.001565,172.31.40.0-255,66,104491,76,252777
41656,0.00158,74.125.24.0-255,4320,108811,76,252777
41657,0.001585,74.125.24.0-255,2902,111713,76,252777
41658,0.001609,74.125.24.0-255,7156,118869,76,252777
41659,0.001616,74.125.24.0-255,4320,123189,76,252777
41660,0.001619,172.31.40.0-255,66,123255,76,252777
41661,0.001632,74.125.24.0-255,4320,127575,76,252777
41662,0.001642,172.31.40.0-255,66,127641,76,252777
41663,0.001659,74.125.24.0-255,4320,131961,76,252777
41664,0.001669,172.31.40.0-255,66,132027,76,252777
41665,0.001681,74.125.24.0-255,6438,138465,76,252777
41666,0.001686,172.31.40.0-255,66,138531,76,252777
41667,0.001704,74.125.24.0-255,2902,141433,76,252777
41668,0.00171,74.125.24.0-255,4320,145753,76,252777
41669,0.001725,172.31.40.0-255,66,145819,76,252777
41670,0.001749,74.125.24.0-255,1484,147303,76,252777
41671,0.001753,172.31.40.0-255,66,147369,76,252777
41672,0.001789,74.125.24.0-255,6438,153807,76,252777
41673,0.001796,172.31.40.0-255,66,153873,76,252777
41674,0.001815,74.125.24.0-255,1484,155357,76,252777
41675,0.001829,74.125.24.0-255,2902,158259,76,252777
41676,0.001833,74.125.24.0-255,2902,161161,76,252777
41677,0.00185,74.125.24.0-255,2902,164063,76,252777
41678,0.001855,74.125.24.0-255,4320,168383,76,252777
41679,0.001862,172.31.40.0-255,66,168449,76,252777
41680,0.001894,74.125.24.0-255,5738,174187,76,252777
41681,0.00191,74.125.24.0-255,2184,176371,76,252777
41682,0.001932,172.31.40.0-255,66,176437,76,252777
41683,0.001937,74.125.24.0-255,2902,179339,76,252777
41684,0.001944,74.125.24.0-255,7156,186495,76,252777
41685,0.001949,172.31.40.0-255,66,186561,76,252777
41686,0.001967,74.125.24.0-255,7156,193717,76,252777
41687,0.002002,74.125.24.0-255,2902,196619,76,252777
41688,0.002006,172.31.40.0-255,66,196685,76,252777
41689,0.002011,172.31.40.0-255,66,196751,76,252777
41690,0.002099,74.125.24.0-255,5738,202489,76,252777
41691,0.002105,172.31.40.0-255,66,202555,76,252777
41692,0.002144,74.125.24.0-255,6438,208993,76,252777
41693,0.002167,172.31.40.0-255,66,209059,76,252777
41694,0.00228,74.125.24.0-255,1484,210543,76,252777
41695,0.004431,74.125.24.0-255,4320,214863,76,252777
41696,0.004438,172.31.40.0-255,66,214929,76,252777
41697,0.006688,74.125.24.0-255,5738,220667,76,252777
41698,0.006707,172.31.40.0-255,66,220733,76,252777
41699,0.009006,74.125.24.0-255,5738,226471,76,252777
41700,0.009026,172.31.40.0-255,66,226537,76,252777
41701,0.011296,74.125.24.0-255,5738,232275,76,252777
41702,0.011303,172.31.40.0-255,66,232341,76,252777
41703,0.013546,74.125.24.0-255,5738,238079,76,252777
41704,0.013554,172.31.40.0-255,66,238145,76,252777
41705,0.015834,74.125.24.0-255,5738,243883,76,252777
41706,0.015845,172.31.40.0-255,66,243949,76,252777
41707,0.018117,74.125.24.0-255,5738,249687,76,252777
41708,0.018131,172.31.40.0-255,66,249753,76,252777
41709,0.020398,74.125.24.0-255,2787,252540,76,252777
41710,0.02042,172.31.40.0-255,66,252606,76,252777
41711,0.020666,172.31.40.0-255,105,252711,76,252777
41712,0.02289,74.125.24.0-255,66,252777,76,252777
41713,0.0,74.125.24.0-255,153,153,76,301652
41714,2.1e-05,172.31.40.0-255,66,219,76,301652
41715,2.8e-05,74.125.24.0-255,1484,1703,76,301652
41716,3.2e-05,172.31.40.0-255,66,1769,76,301652
41717,3.7e-05,74.125.24.0-255,2902,4671,76,301652
41718,4e-05,172.31.40.0-255,66,4737,76,301652
41719,4.7e-05,74.125.24.0-255,7156,11893,76,301652
41720,5e-05,172.31.40.0-255,66,11959,76,301652
41721,0.000105,172.31.40.0-255,66,12025,76,301652
41722,0.000109,74.125.24.0-255,2543,14568,76,301652
41723,0.000112,172.31.40.0-255,66,14634,76,301652
41724,0.000207,74.125.24.0-255,1484,16118,76,301652
41725,0.00021,172.31.40.0-255,66,16184,76,301652
41726,0.000215,74.125.24.0-255,2902,19086,76,301652
41727,0.000218,172.31.40.0-255,66,19152,76,301652
41728,0.000222,74.125.24.0-255,2902,22054,76,301652
41729,0.000224,172.31.40.0-255,66,22120,76,301652
41730,0.000238,74.125.24.0-255,2902,25022,76,301652
41731,0.000241,172.31.40.0-255,66,25088,76,301652
41732,0.000245,74.125.24.0-255,2902,27990,76,301652
41733,0.000247,172.31.40.0-255,66,28056,76,301652
41734,0.000278,172.31.40.0-255,66,28122,76,301652
41735,0.000286,74.125.24.0-255,7156,35278,76,301652
41736,0.000288,172.31.40.0-255,66,35344,76,301652
41737,0.000302,74.125.24.0-255,5379,40723,76,301652
41738,0.000304,172.31.40.0-255,66,40789,76,301652
41739,0.000507,74.125.24.0-255,357,41146,76,301652
41740,0.000513,172.31.40.0-255,66,41212,76,301652
41741,0.000872,74.125.24.0-255,135,41347,76,301652
41742,0.000877,172.31.40.0-255,66,41413,76,301652
41743,0.000926,74.125.24.0-255,1484,42897,76,301652
41744,0.000943,74.125.24.0-255,2902,45799,76,301652
41745,0.000946,172.31.40.0-255,66,45865,76,301652
41746,0.000952,74.125.24.0-255,4320,50185,76,301652
41747,0.000954,172.31.40.0-255,66,50251,76,301652
41748,0.000965,74.125.24.0-255,1484,51735,76,301652
41749,0.000981,74.125.24.0-255,2902,54637,76,301652
41750,0.000983,172.31.40.0-255,66,54703,76,301652
41751,0.001003,172.31.40.0-255,66,54769,76,301652
41752,0.001011,74.125.24.0-255,7156,61925,76,301652
41753,0.001013,172.31.40.0-255,66,61991,76,301652
41754,0.00104,74.125.24.0-255,3602,65593,76,301652
41755,0.001042,172.31.40.0-255,66,65659,76,301652
41756,0.001058,74.125.24.0-255,1484,67143,76,301652
41757,0.001072,74.125.24.0-255,3183,70326,76,301652
41758,0.001075,172.31.40.0-255,66,70392,76,301652
41759,0.001105,172.31.40.0-255,66,70458,76,301652
41760,0.001108,74.125.24.0-255,1484,71942,76,301652
41761,0.001135,172.31.40.0-255,66,72008,76,301652
41762,0.001154,74.125.24.0-255,5738,77746,76,301652
41763,0.001158,172.31.40.0-255,66,77812,76,301652
41764,0.001178,74.125.24.0-255,3054,80866,76,301652
41765,0.00118,172.31.40.0-255,66,80932,76,301652
41766,0.001186,74.125.24.0-255,4320,85252,76,301652
41767,0.001188,172.31.40.0-255,66,85318,76,301652
41768,0.001203,74.125.24.0-255,5738,91056,76,301652
41769,0.00121,74.125.24.0-255,7156,98212,76,301652
41770,0.001214,172.31.40.0-255,66,98278,76,301652
41771,0.001217,172.31.40.0-255,66,98344,76,301652
41772,0.001257,74.125.24.0-255,5738,104082,76,301652
41773,0.00126,172.31.40.0-255,66,104148,76,301652
41774,0.001287,172.31.40.0-255,66,104214,76,301652
41775,0.001526,74.125.24.0-255,1484,105698,76,301652
41776,0.001533,74.125.24.0-255,2902,108600,76,301652
41777,0.001536,172.31.40.0-255,66,108666,76,301652
41778,0.001559,74.125.24.0-255,5738,114404,76,301652
41779,0.001561,172.31.40.0-255,66,114470,76,301652
41780,0.001564,74.125.24.0-255,1484,115954,76,301652
41781,0.001574,172.31.40.0-255,66,116020,76,301652
41782,0.001649,74.125.24.0-255,7156,123176,76,301652
41783,0.001653,172.31.40.0-255,66,123242,76,301652
41784,0.001675,74.125.24.0-255,6438,129680,76,301652
41785,0.001677,172.31.40.0-255,66,129746,76,301652
41786,0.001906,74.125.24.0-255,1484,131230,76,301652
41787,0.001911,74.125.24.0-255,1484,132714,76,301652
41788,0.001914,172.31.40.0-255,66,132780,76,301652
41789,0.001925,74.125.24.0-255,1484,134264,76,301652
41790,0.00194,74.125.24.0-255,4320,138584,76,301652
41791,0.001943,172.31.40.0-255,66,138650,76,301652
41792,0.00196,74.125.24.0-255,1484,140134,76,301652
41793,0.001966,74.125.24.0-255,4320,144454,76,301652
41794,0.001968,172.31.40.0-255,66,144520,76,301652
41795,0.001994,172.31.40.0-255,66,144586,76,301652
41796,0.002,74.125.24.0-255,5738,150324,76,301652
41797,0.002002,172.31.40.0-255,66,150390,76,301652
41798,0.002028,74.125.24.0-255,5020,155410,76,301652
41799,0.002031,172.31.40.0-255,66,155476,76,301652
41800,0.00216,74.125.24.0-255,1484,156960,76,301652
41801,0.002165,74.125.24.0-255,2902,159862,76,301652
41802,0.002168,172.31.40.0-255,66,159928,76,301652
41803,0.002192,74.125.24.0-255,5738,165666,76,301652
41804,0.002195,172.31.40.0-255,66,165732,76,301652
41805,0.002222,172.31.40.0-255,66,165798,76,301652
41806,0.002245,74.125.24.0-255,4320,170118,76,301652
41807,0.002247,172.31.40.0-255,66,170184,76,301652
41808,0.002252,74.125.24.0-255,4320,174504,76,301652
41809,0.002254,172.31.40.0-255,66,174570,76,301652
41810,0.002275,74.125.24.0-255,6438,181008,76,301652
41811,0.002277,172.31.40.0-255,66,181074,76,301652
41812,0.004605,74.125.24.0-255,5738,186812,76,301652
41813,0.004612,172.31.40.0-255,66,186878,76,301652
41814,0.006926,74.125.24.0-255,5738,192616,76,301652
41815,0.00694,172.31.40.0-255,66,192682,76,301652
41816,0.00938,74.125.24.0-255,5738,198420,76,301652
41817,0.009398,172.31.40.0-255,66,198486,76,301652
41818,0.011722,74.125.24.0-255,5738,204224,76,301652
41819,0.011733,172.31.40.0-255,66,204290,76,301652
41820,0.014063,74.125.24.0-255,5738,210028,76,301652
41821,0.01407,172.31.40.0-255,66,210094,76,301652
41822,0.016403,74.125.24.0-255,5738,215832,76,301652
41823,0.016411,172.31.40.0-255,66,215898,76,301652
41824,0.018753,74.125.24.0-255,5738,221636,76,301652
41825,0.018761,172.31.40.0-255,66,221702,76,301652
41826,0.021055,74.125.24.0-255,5738,227440,76,301652
41827,0.021064,172.31.40.0-255,66,227506,76,301652
41828,0.023388,74.125.24.0-255,5738,233244,76,301652
41829,0.023399,172.31.40.0-255,66,233310,76,301652
41830,0.0257,74.125.24.0-255,5738,239048,76,301652
41831,0.025709,172.31.40.0-255,66,239114,76,301652
41832,0.028063,74.125.24.0-255,5738,244852,76,301652
41833,0.028074,172.31.40.0-255,66,244918,76,301652
41834,0.030427,74.125.24.0-255,5738,250656,76,301652
41835,0.030436,172.31.40.0-255,66,250722,76,301652
41836,0.032745,74.125.24.0-255,5738,256460,76,301652
41837,0.032753,172.31.40.0-255,66,256526,76,301652
41838,0.035091,74.125.24.0-255,5738,262264,76,301652
41839,0.035107,172.31.40.0-255,66,262330,76,301652
41840,0.037471,74.125.24.0-255,5738,268068,76,301652
41841,0.037478,172.31.40.0-255,66,268134,76,301652
41842,0.039807,74.125.24.0-255,5738,273872,76,301652
41843,0.039814,172.31.40.0-255,66,273938,76,301652
41844,0.040533,172.31.40.0-255,172,274110,76,301652
41845,0.040564,172.31.40.0-255,1104,275214,76,301652
41846,0.040625,172.31.40.0-255,1514,276728,76,301652
41847,0.040626,172.31.40.0-255,1312,278040,76,301652
41848,0.042061,104.244.42.0-255,66,278106,76,301652
41849,0.042142,104.244.42.0-255,66,278172,76,301652
41850,0.042174,74.125.24.0-255,5738,283910,76,301652
41851,0.042182,172.31.40.0-255,66,283976,76,301652
41852,0.042202,104.244.42.0-255,66,284042,76,301652
41853,0.044504,74.125.24.0-255,5738,289780,76,301652
41854,0.044511,172.31.40.0-255,66,289846,76,301652
41855,0.046871,74.125.24.0-255,1484,291330,76,301652
41856,0.046895,74.125.24.0-255,4320,295650,76,301652
41857,0.0469,172.31.40.0-255,66,295716,76,301652
41858,0.049223,74.125.24.0-255,2902,298618,76,301652
41859,0.049229,172.31.40.0-255,66,298684,76,301652
41860,0.049247,74.125.24.0-255,2902,301586,76,301652
41861,0.049249,172.31.40.0-255,66,301652,76,301652
41862,0.0,74.125.24.0-255,152,152,76,180734
41863,2.3e-05,172.31.40.0-255,66,218,76,180734
41864,3e-05,74.125.24.0-255,1484,1702,76,180734
41865,3.6e-05,172.31.40.0-255,66,1768,76,180734
41866,4.2e-05,74.125.24.0-255,2902,4670,76,180734
41867,4.6e-05,172.31.40.0-255,66,4736,76,180734
41868,5.6e-05,74.125.24.0-255,7156,11892,76,180734
41869,6e-05,172.31.40.0-255,66,11958,76,180734
41870,6.7e-05,74.125.24.0-255,5738,17696,76,180734
41871,7e-05,172.31.40.0-255,66,17762,76,180734
41872,0.000103,74.125.24.0-255,3441,21203,76,180734
41873,0.000106,172.31.40.0-255,66,21269,76,180734
41874,0.000119,172.31.40.0-255,66,21335,76,180734
41875,0.000321,74.125.24.0-255,1484,22819,76,180734
41876,0.000326,172.31.40.0-255,66,22885,76,180734
41877,0.00034,74.125.24.0-255,2902,25787,76,180734
41878,0.000343,172.31.40.0-255,66,25853,76,180734
41879,0.000346,74.125.24.0-255,1484,27337,76,180734
41880,0.000348,172.31.40.0-255,66,27403,76,180734
41881,0.000377,74.125.24.0-255,4320,31723,76,180734
41882,0.00038,172.31.40.0-255,66,31789,76,180734
41883,0.000388,74.125.24.0-255,6797,38586,76,180734
41884,0.00039,172.31.40.0-255,66,38652,76,180734
41885,0.000393,74.125.24.0-255,1484,40136,76,180734
41886,0.000395,172.31.40.0-255,66,40202,76,180734
41887,0.000432,172.31.40.0-255,66,40268,76,180734
41888,0.000437,74.125.24.0-255,2543,42811,76,180734
41889,0.00044,172.31.40.0-255,66,42877,76,180734
41890,0.002439,74.125.24.0-255,5738,48615,76,180734
41891,0.002447,172.31.40.0-255,66,48681,76,180734
41892,0.004465,74.125.24.0-255,2902,51583,76,180734
41893,0.004483,74.125.24.0-255,2902,54485,76,180734
41894,0.006435,172.31.40.0-255,66,54551,76,180734
41895,0.008459,74.125.24.0-255,5738,60289,76,180734
41896,0.008466,172.31.40.0-255,66,60355,76,180734
41897,0.010496,74.125.24.0-255,5738,66093,76,180734
41898,0.010503,172.31.40.0-255,66,66159,76,180734
41899,0.012536,74.125.24.0-255,5738,71897,76,180734
41900,0.012548,172.31.40.0-255,66,71963,76,180734
41901,0.014572,74.125.24.0-255,5738,77701,76,180734
41902,0.014581,172.31.40.0-255,66,77767,76,180734
41903,0.01662,74.125.24.0-255,5738,83505,76,180734
41904,0.01663,172.31.40.0-255,66,83571,76,180734
41905,0.018655,74.125.24.0-255,5738,89309,76,180734
41906,0.018664,172.31.40.0-255,66,89375,76,180734
41907,0.020683,74.125.24.0-255,5738,95113,76,180734
41908,0.020692,172.31.40.0-255,66,95179,76,180734
41909,0.022677,74.125.24.0-255,5738,100917,76,180734
41910,0.022685,172.31.40.0-255,66,100983,76,180734
41911,0.024688,74.125.24.0-255,5738,106721,76,180734
41912,0.024695,172.31.40.0-255,66,106787,76,180734
41913,0.026704,74.125.24.0-255,5738,112525,76,180734
41914,0.026711,172.31.40.0-255,66,112591,76,180734
41915,0.027276,172.31.40.0-255,171,112762,76,180734
41916,0.027302,172.31.40.0-255,1133,113895,76,180734
41917,0.027351,172.31.40.0-255,1514,115409,76,180734
41918,0.027353,172.31.40.0-255,1283,116692,76,180734
41919,0.028727,74.125.24.0-255,5738,122430,76,180734
41920,0.028735,172.31.40.0-255,66,122496,76,180734
41921,0.028866,104.244.42.0-255,66,122562,76,180734
41922,0.028873,104.244.42.0-255,66,122628,76,180734
41923,0.028875,104.244.42.0-255,66,122694,76,180734
41924,0.030759,74.125.24.0-255,5738,128432,76,180734
41925,0.030766,172.31.40.0-255,66,128498,76,180734
41926,0.032778,74.125.24.0-255,5738,134236,76,180734
41927,0.032789,172.31.40.0-255,66,134302,76,180734
41928,0.034837,74.125.24.0-255,5738,140040,76,180734
41929,0.034845,172.31.40.0-255,66,140106,76,180734
41930,0.036867,74.125.24.0-255,5738,145844,76,180734
41931,0.036873,172.31.40.0-255,66,145910,76,180734
41932,0.038935,74.125.24.0-255,5738,151648,76,180734
41933,0.038941,172.31.40.0-255,66,151714,76,180734
41934,0.040949,74.125.24.0-255,5738,157452,76,180734
41935,0.040956,172.31.40.0-255,66,157518,76,180734
41936,0.042983,74.125.24.0-255,5738,163256,76,180734
41937,0.04299,172.31.40.0-255,66,163322,76,180734
41938,0.045031,74.125.24.0-255,5738,169060,76,180734
41939,0.045041,172.31.40.0-255,66,169126,76,180734
41940,0.047045,74.125.24.0-255,5738,174864,76,180734
41941,0.047052,172.31.40.0-255,66,174930,76,180734
41942,0.049085,74.125.24.0-255,5738,180668,76,180734
41943,0.049094,172.31.40.0-255,66,180734,76,180734
41944,0.0,74.125.24.0-255,150,150,76,167426
41945,2.2e-05,172.31.40.0-255,66,216,76,167426
41946,3e-05,74.125.24.0-255,1484,1700,76,167426
41947,3.5e-05,172.31.40.0-255,66,1766,76,167426
41948,4.2e-05,74.125.24.0-255,2902,4668,76,167426
41949,4.6e-05,172.31.40.0-255,66,4734,76,167426
41950,5.4e-05,74.125.24.0-255,7156,11890,76,167426
41951,5.8e-05,172.31.40.0-255,66,11956,76,167426
41952,6.2e-05,74.125.24.0-255,2029,13985,76,167426
41953,6.5e-05,172.31.40.0-255,66,14051,76,167426
41954,0.000168,74.125.24.0-255,1484,15535,76,167426
41955,0.000171,172.31.40.0-255,66,15601,76,167426
41956,0.000177,74.125.24.0-255,2902,18503,76,167426
41957,0.000179,172.31.40.0-255,66,18569,76,167426
41958,0.000183,74.125.24.0-255,1484,20053,76,167426
41959,0.000185,172.31.40.0-255,66,20119,76,167426
41960,0.000201,74.125.24.0-255,4320,24439,76,167426
41961,0.000203,172.31.40.0-255,66,24505,76,167426
41962,0.000222,74.125.24.0-255,5738,30243,76,167426
41963,0.000225,172.31.40.0-255,66,30309,76,167426
41964,0.000253,74.125.24.0-255,2543,32852,76,167426
41965,0.000256,172.31.40.0-255,66,32918,76,167426
41966,0.000266,172.31.40.0-255,66,32984,76,167426
41967,0.000279,172.31.40.0-255,66,33050,76,167426
41968,0.000295,74.125.24.0-255,4320,37370,76,167426
41969,0.000297,172.31.40.0-255,66,37436,76,167426
41970,0.000313,74.125.24.0-255,4320,41756,76,167426
41971,0.000315,172.31.40.0-255,66,41822,76,167426
41972,0.000328,74.125.24.0-255,2481,44303,76,167426
41973,0.00033,172.31.40.0-255,66,44369,76,167426
41974,0.000469,74.125.24.0-255,131,44500,76,167426
41975,0.000624,74.125.24.0-255,1484,45984,76,167426
41976,0.00063,172.31.40.0-255,66,46050,76,167426
41977,0.000636,74.125.24.0-255,2902,48952,76,167426
41978,0.000638,172.31.40.0-255,66,49018,76,167426
41979,0.000644,74.125.24.0-255,5738,54756,76,167426
41980,0.000647,172.31.40.0-255,66,54822,76,167426
41981,0.000686,172.31.40.0-255,66,54888,76,167426
41982,0.000698,172.31.40.0-255,66,54954,76,167426
41983,0.000718,74.125.24.0-255,2902,57856,76,167426
41984,0.000722,74.125.24.0-255,2184,60040,76,167426
41985,0.000729,172.31.40.0-255,66,60106,76,167426
41986,0.000733,172.31.40.0-255,66,60172,76,167426
41987,0.000755,74.125.24.0-255,1484,61656,76,167426
41988,0.00077,74.125.24.0-255,1764,63420,76,167426
41989,0.000772,172.31.40.0-255,66,63486,76,167426
41990,0.000778,74.125.24.0-255,4320,67806,76,167426
41991,0.00078,172.31.40.0-255,66,67872,76,167426
41992,0.000782,74.125.24.0-255,1484,69356,76,167426
41993,0.000803,172.31.40.0-255,66,69422,76,167426
41994,0.000814,74.125.24.0-255,1484,70906,76,167426
41995,0.000848,172.31.40.0-255,66,70972,76,167426
41996,0.000864,74.125.24.0-255,1484,72456,76,167426
41997,0.000867,74.125.24.0-255,1484,73940,76,167426
41998,0.000869,172.31.40.0-255,66,74006,76,167426
41999,0.00088,74.125.24.0-255,1484,75490,76,167426
42000,0.000883,74.125.24.0-255,1484,76974,76,167426
42001,0.000886,172.31.40.0-255,66,77040,76,167426
42002,0.000911,74.125.24.0-255,4320,81360,76,167426
42003,0.000913,172.31.40.0-255,66,81426,76,167426
42004,0.000927,172.31.40.0-255,66,81492,76,167426
42005,0.000932,74.125.24.0-255,2902,84394,76,167426
42006,0.000935,172.31.40.0-255,66,84460,76,167426
42007,0.000974,172.31.40.0-255,66,84526,76,167426
42008,0.001003,74.125.24.0-255,1484,86010,76,167426
42009,0.001006,74.125.24.0-255,1484,87494,76,167426
42010,0.00101,172.31.40.0-255,66,87560,76,167426
42011,0.001018,74.125.24.0-255,1484,89044,76,167426
42012,0.001023,74.125.24.0-255,2902,91946,76,167426
42013,0.001025,172.31.40.0-255,66,92012,76,167426
42014,0.001056,74.125.24.0-255,2902,94914,76,167426
42015,0.00106,172.31.40.0-255,66,94980,76,167426
42016,0.001072,172.31.40.0-255,66,95046,76,167426
42017,0.001074,74.125.24.0-255,1484,96530,76,167426
42018,0.001114,172.31.40.0-255,66,96596,76,167426
42019,0.001243,74.125.24.0-255,1484,98080,76,167426
42020,0.001247,74.125.24.0-255,1484,99564,76,167426
42021,0.00125,172.31.40.0-255,66,99630,76,167426
42022,0.001275,74.125.24.0-255,1484,101114,76,167426
42023,0.001281,74.125.24.0-255,5738,106852,76,167426
42024,0.001283,172.31.40.0-255,66,106918,76,167426
42025,0.001289,74.125.24.0-255,5738,112656,76,167426
42026,0.001291,172.31.40.0-255,66,112722,76,167426
42027,0.001312,74.125.24.0-255,7156,119878,76,167426
42028,0.001315,172.31.40.0-255,66,119944,76,167426
42029,0.001351,172.31.40.0-255,66,120010,76,167426
42030,0.001567,74.125.24.0-255,1484,121494,76,167426
42031,0.001584,74.125.24.0-255,2902,124396,76,167426
42032,0.001587,172.31.40.0-255,66,124462,76,167426
42033,0.001594,74.125.24.0-255,5738,130200,76,167426
42034,0.001595,172.31.40.0-255,66,130266,76,167426
42035,0.001646,172.31.40.0-255,66,130332,76,167426
42036,0.001657,172.31.40.0-255,66,130398,76,167426
42037,0.001675,74.125.24.0-255,1484,131882,76,167426
42038,0.00169,74.125.24.0-255,7156,139038,76,167426
42039,0.001693,172.31.40.0-255,66,139104,76,167426
42040,0.001736,172.31.40.0-255,66,139170,76,167426
42041,0.001749,172.31.40.0-255,66,139236,76,167426
42042,0.00176,74.125.24.0-255,2902,142138,76,167426
42043,0.001785,74.125.24.0-255,7156,149294,76,167426
42044,0.001793,172.31.40.0-255,66,149360,76,167426
42045,0.001826,172.31.40.0-255,66,149426,76,167426
42046,0.001843,74.125.24.0-255,1484,150910,76,167426
42047,0.001857,74.125.24.0-255,2902,153812,76,167426
42048,0.001863,74.125.24.0-255,4320,158132,76,167426
42049,0.001867,172.31.40.0-255,66,158198,76,167426
42050,0.001876,74.125.24.0-255,1484,159682,76,167426
42051,0.001911,74.125.24.0-255,1484,161166,76,167426
42052,0.001934,172.31.40.0-255,66,161232,76,167426
42053,0.001948,74.125.24.0-255,1484,162716,76,167426
42054,0.002042,172.31.40.0-255,66,162782,76,167426
42055,0.002059,74.125.24.0-255,105,162887,76,167426
42056,0.002069,172.31.40.0-255,66,162953,76,167426
42057,0.008805,172.31.40.0-255,105,163058,76,167426
42058,0.011307,74.125.24.0-255,66,163124,76,167426
42059,0.029781,172.31.40.0-255,172,163296,76,167426
42060,0.029823,172.31.40.0-255,1109,164405,76,167426
42061,0.029886,172.31.40.0-255,1514,165919,76,167426
42062,0.029887,172.31.40.0-255,1309,167228,76,167426
42063,0.031277,104.244.42.0-255,66,167294,76,167426
42064,0.031308,104.244.42.0-255,66,167360,76,167426
42065,0.031391,104.244.42.0-255,66,167426,76,167426
42066,0.0,74.125.24.0-255,152,152,76,301574
42067,2e-05,172.31.40.0-255,66,218,76,301574
42068,2.7e-05,74.125.24.0-255,1484,1702,76,301574
42069,3.1e-05,172.31.40.0-255,66,1768,76,301574
42070,3.6e-05,74.125.24.0-255,2902,4670,76,301574
42071,3.9e-05,172.31.40.0-255,66,4736,76,301574
42072,4.2e-05,74.125.24.0-255,1484,6220,76,301574
42073,4.4e-05,172.31.40.0-255,66,6286,76,301574
42074,7.2e-05,74.125.24.0-255,5738,12024,76,301574
42075,7.5e-05,172.31.40.0-255,66,12090,76,301574
42076,0.000104,74.125.24.0-255,1999,14089,76,301574
42077,0.000106,172.31.40.0-255,66,14155,76,301574
42078,0.000159,74.125.24.0-255,2902,17057,76,301574
42079,0.000162,172.31.40.0-255,66,17123,76,301574
42080,0.000176,74.125.24.0-255,1484,18607,76,301574
42081,0.000178,172.31.40.0-255,66,18673,76,301574
42082,0.000195,74.125.24.0-255,2902,21575,76,301574
42083,0.000197,172.31.40.0-255,66,21641,76,301574
42084,0.000204,74.125.24.0-255,7156,28797,76,301574
42085,0.000206,172.31.40.0-255,66,28863,76,301574
42086,0.000222,74.125.24.0-255,1484,30347,76,301574
42087,0.000223,172.31.40.0-255,66,30413,76,301574
42088,0.000226,74.125.24.0-255,1125,31538,76,301574
42089,0.000228,172.31.40.0-255,66,31604,76,301574
42090,0.000282,74.125.24.0-255,1484,33088,76,301574
42091,0.000285,172.31.40.0-255,66,33154,76,301574
42092,0.000289,74.125.24.0-255,2902,36056,76,301574
42093,0.000291,172.31.40.0-255,66,36122,76,301574
42094,0.000305,74.125.24.0-255,2902,39024,76,301574
42095,0.000307,172.31.40.0-255,66,39090,76,301574
42096,0.000327,74.125.24.0-255,2902,41992,76,301574
42097,0.000329,172.31.40.0-255,66,42058,76,301574
42098,0.000338,172.31.40.0-255,66,42124,76,301574
42099,0.000347,74.125.24.0-255,1125,43249,76,301574
42100,0.000396,74.125.24.0-255,5738,48987,76,301574
42101,0.000399,172.31.40.0-255,66,49053,76,301574
42102,0.000425,172.31.40.0-255,66,49119,76,301574
42103,0.000762,74.125.24.0-255,396,49515,76,301574
42104,0.000797,74.125.24.0-255,114,49629,76,301574
42105,0.000809,74.125.24.0-255,329,49958,76,301574
42106,0.000926,172.31.40.0-255,66,50024,76,301574
42107,0.000972,74.125.24.0-255,1484,51508,76,301574
42108,0.000988,74.125.24.0-255,2902,54410,76,301574
42109,0.000991,172.31.40.0-255,66,54476,76,301574
42110,0.000996,74.125.24.0-255,4320,58796,76,301574
42111,0.000998,172.31.40.0-255,66,58862,76,301574
42112,0.001011,74.125.24.0-255,1484,60346,76,301574
42113,0.001022,74.125.24.0-255,1484,61830,76,301574
42114,0.001024,172.31.40.0-255,66,61896,76,301574
42115,0.001047,74.125.24.0-255,7156,69052,76,301574
42116,0.00105,172.31.40.0-255,66,69118,76,301574
42117,0.001063,74.125.24.0-255,4320,73438,76,301574
42118,0.001065,172.31.40.0-255,66,73504,76,301574
42119,0.001072,74.125.24.0-255,7156,80660,76,301574
42120,0.001074,172.31.40.0-255,66,80726,76,301574
42121,0.001115,74.125.24.0-255,3602,84328,76,301574
42122,0.001117,172.31.40.0-255,66,84394,76,301574
42123,0.00129,74.125.24.0-255,1484,85878,76,301574
42124,0.001315,74.125.24.0-255,2902,88780,76,301574
42125,0.001318,172.31.40.0-255,66,88846,76,301574
42126,0.001323,74.125.24.0-255,2902,91748,76,301574
42127,0.001324,172.31.40.0-255,66,91814,76,301574
42128,0.001343,74.125.24.0-255,1484,93298,76,301574
42129,0.00136,74.125.24.0-255,5738,99036,76,301574
42130,0.001363,172.31.40.0-255,66,99102,76,301574
42131,0.001388,74.125.24.0-255,7156,106258,76,301574
42132,0.00139,172.31.40.0-255,66,106324,76,301574
42133,0.001401,74.125.24.0-255,1484,107808,76,301574
42134,0.001407,74.125.24.0-255,7156,114964,76,301574
42135,0.001409,172.31.40.0-255,66,115030,76,301574
42136,0.001424,74.125.24.0-255,2902,117932,76,301574
42137,0.001428,172.31.40.0-255,66,117998,76,301574
42138,0.001438,74.125.24.0-255,766,118764,76,301574
42139,0.00162,172.31.40.0-255,66,118830,76,301574
42140,0.001737,74.125.24.0-255,1484,120314,76,301574
42141,0.001747,74.125.24.0-255,2902,123216,76,301574
42142,0.00175,172.31.40.0-255,66,123282,76,301574
42143,0.001757,74.125.24.0-255,5738,129020,76,301574
42144,0.001759,172.31.40.0-255,66,129086,76,301574
42145,0.001763,74.125.24.0-255,1484,130570,76,301574
42146,0.001777,74.125.24.0-255,2902,133472,76,301574
42147,0.00178,172.31.40.0-255,66,133538,76,301574
42148,0.001816,172.31.40.0-255,66,133604,76,301574
42149,0.001823,74.125.24.0-255,7156,140760,76,301574
42150,0.001825,172.31.40.0-255,66,140826,76,301574
42151,0.001848,74.125.24.0-255,3602,144428,76,301574
42152,0.00185,172.31.40.0-255,66,144494,76,301574
42153,0.00187,74.125.24.0-255,2902,147396,76,301574
42154,0.001872,172.31.40.0-255,66,147462,76,301574
42155,0.001891,74.125.24.0-255,1484,148946,76,301574
42156,0.001907,74.125.24.0-255,4320,153266,76,301574
42157,0.00191,172.31.40.0-255,66,153332,76,301574
42158,0.001926,74.125.24.0-255,5738,159070,76,301574
42159,0.001928,172.31.40.0-255,66,159136,76,301574
42160,0.00194,172.31.40.0-255,66,159202,76,301574
42161,0.001945,74.125.24.0-255,4320,163522,76,301574
42162,0.001948,172.31.40.0-255,66,163588,76,301574
42163,0.001987,74.125.24.0-255,3602,167190,76,301574
42164,0.00199,172.31.40.0-255,66,167256,76,301574
42165,0.004021,74.125.24.0-255,1484,168740,76,301574
42166,0.004048,74.125.24.0-255,2902,171642,76,301574
42167,0.004053,172.31.40.0-255,66,171708,76,301574
42168,0.00407,74.125.24.0-255,1484,173192,76,301574
42169,0.006135,74.125.24.0-255,4320,177512,76,301574
42170,0.006139,172.31.40.0-255,66,177578,76,301574
42171,0.008243,74.125.24.0-255,5738,183316,76,301574
42172,0.008251,172.31.40.0-255,66,183382,76,301574
42173,0.010368,74.125.24.0-255,5738,189120,76,301574
42174,0.010377,172.31.40.0-255,66,189186,76,301574
42175,0.012461,74.125.24.0-255,5738,194924,76,301574
42176,0.01247,172.31.40.0-255,66,194990,76,301574
42177,0.014544,74.125.24.0-255,5738,200728,76,301574
42178,0.014555,172.31.40.0-255,66,200794,76,301574
42179,0.016647,74.125.24.0-255,5738,206532,76,301574
42180,0.016658,172.31.40.0-255,66,206598,76,301574
42181,0.018802,74.125.24.0-255,5738,212336,76,301574
42182,0.018809,172.31.40.0-255,66,212402,76,301574
42183,0.020914,74.125.24.0-255,5738,218140,76,301574
42184,0.020924,172.31.40.0-255,66,218206,76,301574
42185,0.023048,74.125.24.0-255,5738,223944,76,301574
42186,0.023056,172.31.40.0-255,66,224010,76,301574
42187,0.025127,74.125.24.0-255,5738,229748,76,301574
42188,0.025134,172.31.40.0-255,66,229814,76,301574
42189,0.027209,74.125.24.0-255,5738,235552,76,301574
42190,0.027218,172.31.40.0-255,66,235618,76,301574
42191,0.029381,74.125.24.0-255,5738,241356,76,301574
42192,0.029389,172.31.40.0-255,66,241422,76,301574
42193,0.031554,74.125.24.0-255,5738,247160,76,301574
42194,0.031561,172.31.40.0-255,66,247226,76,301574
42195,0.032744,172.31.40.0-255,172,247398,76,301574
42196,0.032787,172.31.40.0-255,1108,248506,76,301574
42197,0.032858,172.31.40.0-255,1514,250020,76,301574
42198,0.03286,172.31.40.0-255,1514,251534,76,301574
42199,0.032865,172.31.40.0-255,1514,253048,76,301574
42200,0.032866,172.31.40.0-255,1514,254562,76,301574
42201,0.032886,172.31.40.0-255,184,254746,76,301574
42202,0.033661,74.125.24.0-255,5738,260484,76,301574
42203,0.033667,172.31.40.0-255,66,260550,76,301574
42204,0.034292,104.244.42.0-255,66,260616,76,301574
42205,0.034319,104.244.42.0-255,66,260682,76,301574
42206,0.034435,104.244.42.0-255,66,260748,76,301574
42207,0.034439,104.244.42.0-255,66,260814,76,301574
42208,0.035754,74.125.24.0-255,2902,263716,76,301574
42209,0.03576,172.31.40.0-255,66,263782,76,301574
42210,0.035784,74.125.24.0-255,2902,266684,76,301574
42211,0.035787,172.31.40.0-255,66,266750,76,301574
42212,0.037939,74.125.24.0-255,5738,272488,76,301574
42213,0.037946,172.31.40.0-255,66,272554,76,301574
42214,0.040043,74.125.24.0-255,5738,278292,76,301574
42215,0.04005,172.31.40.0-255,66,278358,76,301574
42216,0.042128,74.125.24.0-255,5738,284096,76,301574
42217,0.042134,172.31.40.0-255,66,284162,76,301574
42218,0.04424,74.125.24.0-255,5738,289900,76,301574
42219,0.044249,172.31.40.0-255,66,289966,76,301574
42220,0.046335,74.125.24.0-255,5738,295704,76,301574
42221,0.046342,172.31.40.0-255,66,295770,76,301574
42222,0.048479,74.125.24.0-255,5738,301508,76,301574
42223,0.048486,172.31.40.0-255,66,301574,76,301574
42224,0.0,172.31.40.0-255,105,105,76,459
42225,0.00017,172.31.40.0-255,90,195,76,459
42226,0.000189,172.31.40.0-255,66,261,76,459
42227,0.002344,172.217.194.0-255,66,327,76,459
42228,0.002364,172.217.194.0-255,66,393,76,459
42229,0.002379,172.31.40.0-255,66,459,76,459
42230,0.0,74.125.130.0-255,153,153,76,294976
42231,1.5e-05,172.31.40.0-255,66,219,76,294976
42232,2.1e-05,74.125.130.0-255,1484,1703,76,294976
42233,2.5e-05,172.31.40.0-255,66,1769,76,294976
42234,3e-05,74.125.130.0-255,2902,4671,76,294976
42235,3.2e-05,172.31.40.0-255,66,4737,76,294976
42236,6.6e-05,74.125.130.0-255,7156,11893,76,294976
42237,6.9e-05,172.31.40.0-255,66,11959,76,294976
42238,7.2e-05,74.125.130.0-255,1484,13443,76,294976
42239,7.4e-05,172.31.40.0-255,66,13509,76,294976
42240,7.7e-05,74.125.130.0-255,657,14166,76,294976
42241,7.9e-05,172.31.40.0-255,66,14232,76,294976
42242,0.000122,74.125.130.0-255,1484,15716,76,294976
42243,0.000124,172.31.40.0-255,66,15782,76,294976
42244,0.000145,74.125.130.0-255,4320,20102,76,294976
42245,0.000147,172.31.40.0-255,66,20168,76,294976
42246,0.000152,74.125.130.0-255,4320,24488,76,294976
42247,0.000154,172.31.40.0-255,66,24554,76,294976
42248,0.00018,74.125.130.0-255,5738,30292,76,294976
42249,0.000182,172.31.40.0-255,66,30358,76,294976
42250,0.000208,74.125.130.0-255,1125,31483,76,294976
42251,0.00021,172.31.40.0-255,66,31549,76,294976
42252,0.000268,74.125.130.0-255,1484,33033,76,294976
42253,0.000271,172.31.40.0-255,66,33099,76,294976
42254,0.000276,74.125.130.0-255,2902,36001,76,294976
42255,0.000278,172.31.40.0-255,66,36067,76,294976
42256,0.000301,74.125.130.0-255,5738,41805,76,294976
42257,0.000304,172.31.40.0-255,66,41871,76,294976
42258,0.000309,74.125.130.0-255,4320,46191,76,294976
42259,0.000311,172.31.40.0-255,66,46257,76,294976
42260,0.000362,74.125.130.0-255,2543,48800,76,294976
42261,0.000365,172.31.40.0-255,66,48866,76,294976
42262,0.000517,74.125.130.0-255,1484,50350,76,294976
42263,0.000524,74.125.130.0-255,2902,53252,76,294976
42264,0.000528,172.31.40.0-255,66,53318,76,294976
42265,0.000543,74.125.130.0-255,4320,57638,76,294976
42266,0.00055,172.31.40.0-255,66,57704,76,294976
42267,0.000582,74.125.130.0-255,1484,59188,76,294976
42268,0.000589,74.125.130.0-255,6797,65985,76,294976
42269,0.000592,172.31.40.0-255,66,66051,76,294976
42270,0.000595,74.125.130.0-255,357,66408,76,294976
42271,0.000597,74.125.130.0-255,385,66793,76,294976
42272,0.000707,74.125.130.0-255,1484,68277,76,294976
42273,0.000712,172.31.40.0-255,66,68343,76,294976
42274,0.000717,74.125.130.0-255,2902,71245,76,294976
42275,0.000719,172.31.40.0-255,66,71311,76,294976
42276,0.000723,74.125.130.0-255,2902,74213,76,294976
42277,0.000725,172.31.40.0-255,66,74279,76,294976
42278,0.000752,74.125.130.0-255,2902,77181,76,294976
42279,0.000755,172.31.40.0-255,66,77247,76,294976
42280,0.000762,74.125.130.0-255,6797,84044,76,294976
42281,0.000764,172.31.40.0-255,66,84110,76,294976
42282,0.000799,74.125.130.0-255,7156,91266,76,294976
42283,0.000802,172.31.40.0-255,66,91332,76,294976
42284,0.000815,74.125.130.0-255,1484,92816,76,294976
42285,0.000843,172.31.40.0-255,66,92882,76,294976
42286,0.001215,74.125.130.0-255,1484,94366,76,294976
42287,0.001233,74.125.130.0-255,2902,97268,76,294976
42288,0.001236,172.31.40.0-255,66,97334,76,294976
42289,0.001244,74.125.130.0-255,5738,103072,76,294976
42290,0.001245,172.31.40.0-255,66,103138,76,294976
42291,0.00129,172.31.40.0-255,66,103204,76,294976
42292,0.001329,74.125.130.0-255,4320,107524,76,294976
42293,0.001332,172.31.40.0-255,66,107590,76,294976
42294,0.001361,74.125.130.0-255,6438,114028,76,294976
42295,0.001364,172.31.40.0-255,66,114094,76,294976
42296,0.001408,172.31.40.0-255,66,114160,76,294976
42297,0.001434,74.125.130.0-255,2902,117062,76,294976
42298,0.001437,172.31.40.0-255,66,117128,76,294976
42299,0.001442,74.125.130.0-255,4320,121448,76,294976
42300,0.001444,172.31.40.0-255,66,121514,76,294976
42301,0.001489,172.31.40.0-255,66,121580,76,294976
42302,0.001515,172.31.40.0-255,66,121646,76,294976
42303,0.001535,74.125.130.0-255,766,122412,76,294976
42304,0.001571,74.125.130.0-255,5738,128150,76,294976
42305,0.001575,172.31.40.0-255,66,128216,76,294976
42306,0.001603,74.125.130.0-255,4320,132536,76,294976
42307,0.001605,74.125.130.0-255,1484,134020,76,294976
42308,0.001611,172.31.40.0-255,66,134086,76,294976
42309,0.001667,172.31.40.0-255,66,134152,76,294976
42310,0.001732,74.125.130.0-255,2184,136336,76,294976
42311,0.001735,172.31.40.0-255,66,136402,76,294976
42312,0.00174,74.125.130.0-255,2902,139304,76,294976
42313,0.001742,172.31.40.0-255,66,139370,76,294976
42314,0.001781,74.125.130.0-255,7156,146526,76,294976
42315,0.001783,74.125.130.0-255,1484,148010,76,294976
42316,0.001787,172.31.40.0-255,66,148076,76,294976
42317,0.001834,172.31.40.0-255,66,148142,76,294976
42318,0.001897,172.31.40.0-255,66,148208,76,294976
42319,0.001928,74.125.130.0-255,7156,155364,76,294976
42320,0.001931,172.31.40.0-255,66,155430,76,294976
42321,0.001957,74.125.130.0-255,4320,159750,76,294976
42322,0.00196,172.31.40.0-255,66,159816,76,294976
42323,0.002006,172.31.40.0-255,66,159882,76,294976
42324,0.002054,172.31.40.0-255,66,159948,76,294976
42325,0.002079,74.125.130.0-255,766,160714,76,294976
42326,0.003326,172.31.40.0-255,66,160780,76,294976
42327,0.004086,74.125.130.0-255,4320,165100,76,294976
42328,0.004093,172.31.40.0-255,66,165166,76,294976
42329,0.005386,74.125.130.0-255,1484,166650,76,294976
42330,0.006142,74.125.130.0-255,4320,170970,76,294976
42331,0.006147,172.31.40.0-255,66,171036,76,294976
42332,0.008198,74.125.130.0-255,5738,176774,76,294976
42333,0.008205,172.31.40.0-255,66,176840,76,294976
42334,0.010261,74.125.130.0-255,5738,182578,76,294976
42335,0.010268,172.31.40.0-255,66,182644,76,294976
42336,0.012334,74.125.130.0-255,5738,188382,76,294976
42337,0.012343,172.31.40.0-255,66,188448,76,294976
42338,0.014386,74.125.130.0-255,5738,194186,76,294976
42339,0.014394,172.31.40.0-255,66,194252,76,294976
42340,0.016455,74.125.130.0-255,5738,199990,76,294976
42341,0.016462,172.31.40.0-255,66,200056,76,294976
42342,0.01852,74.125.130.0-255,5738,205794,76,294976
42343,0.018527,172.31.40.0-255,66,205860,76,294976
42344,0.020575,74.125.130.0-255,5738,211598,76,294976
42345,0.020582,172.31.40.0-255,66,211664,76,294976
42346,0.022636,74.125.130.0-255,5738,217402,76,294976
42347,0.022643,172.31.40.0-255,66,217468,76,294976
42348,0.024718,74.125.130.0-255,5738,223206,76,294976
42349,0.024726,172.31.40.0-255,66,223272,76,294976
42350,0.026777,74.125.130.0-255,5738,229010,76,294976
42351,0.026783,172.31.40.0-255,66,229076,76,294976
42352,0.028849,74.125.130.0-255,5738,234814,76,294976
42353,0.028857,172.31.40.0-255,66,234880,76,294976
42354,0.030938,74.125.130.0-255,5738,240618,76,294976
42355,0.030946,172.31.40.0-255,66,240684,76,294976
42356,0.032994,74.125.130.0-255,5738,246422,76,294976
42357,0.033001,172.31.40.0-255,66,246488,76,294976
42358,0.035049,74.125.130.0-255,5738,252226,76,294976
42359,0.035055,172.31.40.0-255,66,252292,76,294976
42360,0.037104,74.125.130.0-255,5738,258030,76,294976
42361,0.037112,172.31.40.0-255,66,258096,76,294976
42362,0.038928,172.31.40.0-255,172,258268,76,294976
42363,0.038956,172.31.40.0-255,1109,259377,76,294976
42364,0.039003,172.31.40.0-255,577,259954,76,294976
42365,0.039158,74.125.130.0-255,5738,265692,76,294976
42366,0.039163,172.31.40.0-255,66,265758,76,294976
42367,0.040456,104.244.42.0-255,66,265824,76,294976
42368,0.040521,104.244.42.0-255,66,265890,76,294976
42369,0.040525,104.244.42.0-255,66,265956,76,294976
42370,0.041245,74.125.130.0-255,5738,271694,76,294976
42371,0.041252,172.31.40.0-255,66,271760,76,294976
42372,0.043326,74.125.130.0-255,5738,277498,76,294976
42373,0.043334,172.31.40.0-255,66,277564,76,294976
42374,0.045381,74.125.130.0-255,5738,283302,76,294976
42375,0.04539,172.31.40.0-255,66,283368,76,294976
42376,0.047445,74.125.130.0-255,5738,289106,76,294976
42377,0.04745,172.31.40.0-255,66,289172,76,294976
42378,0.049498,74.125.130.0-255,5738,294910,76,294976
42379,0.049503,172.31.40.0-255,66,294976,76,294976
42380,0.0,172.217.194.0-255,146,146,76,220416
42381,1.9e-05,172.31.40.0-255,66,212,76,220416
42382,2.5e-05,172.217.194.0-255,1484,1696,76,220416
42383,3e-05,172.31.40.0-255,66,1762,76,220416
42384,3.4e-05,172.217.194.0-255,2902,4664,76,220416
42385,3.7e-05,172.31.40.0-255,66,4730,76,220416
42386,5e-05,172.217.194.0-255,7156,11886,76,220416
42387,5.3e-05,172.31.40.0-255,66,11952,76,220416
42388,9.6e-05,172.31.40.0-255,66,12018,76,220416
42389,0.000124,172.217.194.0-255,5379,17397,76,220416
42390,0.000127,172.31.40.0-255,66,17463,76,220416
42391,0.000197,172.217.194.0-255,1484,18947,76,220416
42392,0.0002,172.31.40.0-255,66,19013,76,220416
42393,0.000228,172.217.194.0-255,2902,21915,76,220416
42394,0.000231,172.31.40.0-255,66,21981,76,220416
42395,0.000236,172.217.194.0-255,5738,27719,76,220416
42396,0.000238,172.31.40.0-255,66,27785,76,220416
42397,0.000298,172.31.40.0-255,66,27851,76,220416
42398,0.000304,172.217.194.0-255,5738,33589,76,220416
42399,0.000305,172.31.40.0-255,66,33655,76,220416
42400,0.000324,172.217.194.0-255,1484,35139,76,220416
42401,0.000326,172.31.40.0-255,66,35205,76,220416
42402,0.000352,172.217.194.0-255,3602,38807,76,220416
42403,0.00036,172.31.40.0-255,66,38873,76,220416
42404,0.000381,172.217.194.0-255,378,39251,76,220416
42405,0.000383,172.31.40.0-255,66,39317,76,220416
42406,0.000408,172.217.194.0-255,98,39415,76,220416
42407,0.00041,172.31.40.0-255,66,39481,76,220416
42408,0.000522,172.217.194.0-255,1484,40965,76,220416
42409,0.000527,172.31.40.0-255,66,41031,76,220416
42410,0.000531,172.217.194.0-255,2902,43933,76,220416
42411,0.000555,172.217.194.0-255,5738,49671,76,220416
42412,0.000569,172.217.194.0-255,4320,53991,76,220416
42413,0.000581,172.217.194.0-255,5738,59729,76,220416
42414,0.000594,172.217.194.0-255,2902,62631,76,220416
42415,0.0006,172.217.194.0-255,5738,68369,76,220416
42416,0.000613,172.217.194.0-255,1484,69853,76,220416
42417,0.000639,172.217.194.0-255,7156,77009,76,220416
42418,0.000668,172.217.194.0-255,4320,81329,76,220416
42419,0.000685,172.217.194.0-255,7156,88485,76,220416
42420,0.000702,172.217.194.0-255,4320,92805,76,220416
42421,0.00077,172.31.40.0-255,66,92871,76,220416
42422,0.000775,172.31.40.0-255,66,92937,76,220416
42423,0.000976,172.217.194.0-255,1484,94421,76,220416
42424,0.00099,172.217.194.0-255,2902,97323,76,220416
42425,0.00101,172.31.40.0-255,66,97389,76,220416
42426,0.001016,172.217.194.0-255,5738,103127,76,220416
42427,0.00102,172.31.40.0-255,66,103193,76,220416
42428,0.001047,172.217.194.0-255,2902,106095,76,220416
42429,0.001052,172.31.40.0-255,66,106161,76,220416
42430,0.001064,172.217.194.0-255,7156,113317,76,220416
42431,0.001081,172.217.194.0-255,2902,116219,76,220416
42432,0.001092,172.217.194.0-255,766,116985,76,220416
42433,0.001108,172.31.40.0-255,66,117051,76,220416
42434,0.001175,172.217.194.0-255,1484,118535,76,220416
42435,0.001179,172.217.194.0-255,1484,120019,76,220416
42436,0.001194,172.31.40.0-255,66,120085,76,220416
42437,0.001197,172.217.194.0-255,1484,121569,76,220416
42438,0.001203,172.217.194.0-255,5738,127307,76,220416
42439,0.001206,172.217.194.0-255,1484,128791,76,220416
42440,0.001216,172.31.40.0-255,66,128857,76,220416
42441,0.001225,172.217.194.0-255,4320,133177,76,220416
42442,0.001231,172.217.194.0-255,2902,136079,76,220416
42443,0.001264,172.31.40.0-255,66,136145,76,220416
42444,0.001275,172.217.194.0-255,5020,141165,76,220416
42445,0.001283,172.31.40.0-255,66,141231,76,220416
42446,0.001398,172.217.194.0-255,1484,142715,76,220416
42447,0.00142,172.217.194.0-255,2902,145617,76,220416
42448,0.001433,172.31.40.0-255,66,145683,76,220416
42449,0.001443,172.217.194.0-255,5738,151421,76,220416
42450,0.001451,172.217.194.0-255,4320,155741,76,220416
42451,0.001456,172.31.40.0-255,66,155807,76,220416
42452,0.001494,172.217.194.0-255,5738,161545,76,220416
42453,0.0015,172.31.40.0-255,66,161611,76,220416
42454,0.001527,172.217.194.0-255,5020,166631,76,220416
42455,0.001546,172.31.40.0-255,66,166697,76,220416
42456,0.00156,172.217.194.0-255,5738,172435,76,220416
42457,0.001569,172.31.40.0-255,66,172501,76,220416
42458,0.001604,172.31.40.0-255,66,172567,76,220416
42459,0.001638,172.31.40.0-255,66,172633,76,220416
42460,0.00167,172.217.194.0-255,4320,176953,76,220416
42461,0.00168,172.31.40.0-255,66,177019,76,220416
42462,0.001689,172.217.194.0-255,5020,182039,76,220416
42463,0.001699,172.31.40.0-255,66,182105,76,220416
42464,0.001717,172.217.194.0-255,4320,186425,76,220416
42465,0.001722,172.217.194.0-255,4320,190745,76,220416
42466,0.001732,172.31.40.0-255,66,190811,76,220416
42467,0.001735,172.217.194.0-255,1484,192295,76,220416
42468,0.001737,172.217.194.0-255,1484,193779,76,220416
42469,0.001741,172.31.40.0-255,66,193845,76,220416
42470,0.001802,172.31.40.0-255,66,193911,76,220416
42471,0.001834,172.217.194.0-255,1484,195395,76,220416
42472,0.001839,172.217.194.0-255,2902,198297,76,220416
42473,0.001879,172.31.40.0-255,66,198363,76,220416
42474,0.001894,172.217.194.0-255,5738,204101,76,220416
42475,0.001921,172.31.40.0-255,66,204167,76,220416
42476,0.001927,172.217.194.0-255,7156,211323,76,220416
42477,0.001931,172.31.40.0-255,66,211389,76,220416
42478,0.002009,172.31.40.0-255,66,211455,76,220416
42479,0.002037,172.217.194.0-255,4320,215775,76,220416
42480,0.002056,172.217.194.0-255,105,215880,76,220416
42481,0.00207,172.31.40.0-255,66,215946,76,220416
42482,0.01039,172.31.40.0-255,105,216051,76,220416
42483,0.01245,172.217.194.0-255,66,216117,76,220416
42484,0.03282,172.31.40.0-255,171,216288,76,220416
42485,0.032855,172.31.40.0-255,1133,217421,76,220416
42486,0.032916,172.31.40.0-255,1514,218935,76,220416
42487,0.032918,172.31.40.0-255,1283,220218,76,220416
42488,0.034375,104.244.42.0-255,66,220284,76,220416
42489,0.034405,104.244.42.0-255,66,220350,76,220416
42490,0.034515,104.244.42.0-255,66,220416,76,220416
42491,0.0,74.125.24.0-255,152,152,76,252897
42492,2.3e-05,172.31.40.0-255,66,218,76,252897
42493,3e-05,74.125.24.0-255,1484,1702,76,252897
42494,3.5e-05,172.31.40.0-255,66,1768,76,252897
42495,4.2e-05,74.125.24.0-255,2902,4670,76,252897
42496,4.6e-05,172.31.40.0-255,66,4736,76,252897
42497,5.4e-05,74.125.24.0-255,7156,11892,76,252897
42498,5.7e-05,172.31.40.0-255,66,11958,76,252897
42499,6.2e-05,74.125.24.0-255,2002,13960,76,252897
42500,6.5e-05,172.31.40.0-255,66,14026,76,252897
42501,0.000209,74.125.24.0-255,1484,15510,76,252897
42502,0.000213,172.31.40.0-255,66,15576,76,252897
42503,0.000236,74.125.24.0-255,2902,18478,76,252897
42504,0.00024,172.31.40.0-255,66,18544,76,252897
42505,0.000246,74.125.24.0-255,5738,24282,76,252897
42506,0.000249,172.31.40.0-255,66,24348,76,252897
42507,0.000289,74.125.24.0-255,5738,30086,76,252897
42508,0.000292,172.31.40.0-255,66,30152,76,252897
42509,0.000309,74.125.24.0-255,1125,31277,76,252897
42510,0.000311,172.31.40.0-255,66,31343,76,252897
42511,0.000342,74.125.24.0-255,1484,32827,76,252897
42512,0.000344,172.31.40.0-255,66,32893,76,252897
42513,0.000367,74.125.24.0-255,2902,35795,76,252897
42514,0.000369,172.31.40.0-255,66,35861,76,252897
42515,0.000377,74.125.24.0-255,5738,41599,76,252897
42516,0.000379,172.31.40.0-255,66,41665,76,252897
42517,0.000412,74.125.24.0-255,1484,43149,76,252897
42518,0.000415,172.31.40.0-255,66,43215,76,252897
42519,0.000438,74.125.24.0-255,5379,48594,76,252897
42520,0.000442,172.31.40.0-255,66,48660,76,252897
42521,0.000729,74.125.24.0-255,1484,50144,76,252897
42522,0.000733,172.31.40.0-255,66,50210,76,252897
42523,0.000739,74.125.24.0-255,2902,53112,76,252897
42524,0.000742,172.31.40.0-255,66,53178,76,252897
42525,0.000774,74.125.24.0-255,5738,58916,76,252897
42526,0.000777,172.31.40.0-255,66,58982,76,252897
42527,0.000806,74.125.24.0-255,6797,65779,76,252897
42528,0.000808,172.31.40.0-255,66,65845,76,252897
42529,0.000901,74.125.24.0-255,1484,67329,76,252897
42530,0.000907,74.125.24.0-255,1484,68813,76,252897
42531,0.00091,172.31.40.0-255,66,68879,76,252897
42532,0.000932,74.125.24.0-255,1484,70363,76,252897
42533,0.000939,74.125.24.0-255,5738,76101,76,252897
42534,0.000942,172.31.40.0-255,66,76167,76,252897
42535,0.000949,74.125.24.0-255,6797,82964,76,252897
42536,0.000952,172.31.40.0-255,66,83030,76,252897
42537,0.000985,74.125.24.0-255,648,83678,76,252897
42538,0.001336,172.31.40.0-255,66,83744,76,252897
42539,0.001833,74.125.24.0-255,1484,85228,76,252897
42540,0.001853,74.125.24.0-255,2902,88130,76,252897
42541,0.001857,172.31.40.0-255,66,88196,76,252897
42542,0.001863,74.125.24.0-255,2902,91098,76,252897
42543,0.001865,172.31.40.0-255,66,91164,76,252897
42544,0.001878,74.125.24.0-255,2902,94066,76,252897
42545,0.00188,172.31.40.0-255,66,94132,76,252897
42546,0.001888,74.125.24.0-255,5738,99870,76,252897
42547,0.00189,172.31.40.0-255,66,99936,76,252897
42548,0.001929,172.31.40.0-255,66,100002,76,252897
42549,0.001936,74.125.24.0-255,5020,105022,76,252897
42550,0.001938,172.31.40.0-255,66,105088,76,252897
42551,0.002329,74.125.24.0-255,1484,106572,76,252897
42552,0.00234,74.125.24.0-255,2902,109474,76,252897
42553,0.002344,172.31.40.0-255,66,109540,76,252897
42554,0.002351,74.125.24.0-255,4320,113860,76,252897
42555,0.002353,172.31.40.0-255,66,113926,76,252897
42556,0.002377,74.125.24.0-255,1484,115410,76,252897
42557,0.002381,74.125.24.0-255,1484,116894,76,252897
42558,0.002383,172.31.40.0-255,66,116960,76,252897
42559,0.002389,74.125.24.0-255,4320,121280,76,252897
42560,0.002391,172.31.40.0-255,66,121346,76,252897
42561,0.002403,74.125.24.0-255,1125,122471,76,252897
42562,0.002518,74.125.24.0-255,1484,123955,76,252897
42563,0.002523,172.31.40.0-255,66,124021,76,252897
42564,0.002529,74.125.24.0-255,2902,126923,76,252897
42565,0.002532,172.31.40.0-255,66,126989,76,252897
42566,0.002535,74.125.24.0-255,1484,128473,76,252897
42567,0.002538,74.125.24.0-255,1484,129957,76,252897
42568,0.002539,172.31.40.0-255,66,130023,76,252897
42569,0.002569,74.125.24.0-255,1484,131507,76,252897
42570,0.002576,74.125.24.0-255,5738,137245,76,252897
42571,0.002579,172.31.40.0-255,66,137311,76,252897
42572,0.002593,172.31.40.0-255,66,137377,76,252897
42573,0.002608,74.125.24.0-255,1484,138861,76,252897
42574,0.002616,74.125.24.0-255,6438,145299,76,252897
42575,0.002618,172.31.40.0-255,66,145365,76,252897
42576,0.003339,74.125.24.0-255,1484,146849,76,252897
42577,0.003348,74.125.24.0-255,2902,149751,76,252897
42578,0.003353,172.31.40.0-255,66,149817,76,252897
42579,0.003359,74.125.24.0-255,2902,152719,76,252897
42580,0.003361,172.31.40.0-255,66,152785,76,252897
42581,0.003392,74.125.24.0-255,2902,155687,76,252897
42582,0.003394,172.31.40.0-255,66,155753,76,252897
42583,0.003409,172.31.40.0-255,66,155819,76,252897
42584,0.003424,74.125.24.0-255,1484,157303,76,252897
42585,0.003448,172.31.40.0-255,66,157369,76,252897
42586,0.004018,74.125.24.0-255,1484,158853,76,252897
42587,0.004034,74.125.24.0-255,2902,161755,76,252897
42588,0.004037,172.31.40.0-255,66,161821,76,252897
42589,0.00404,74.125.24.0-255,1484,163305,76,252897
42590,0.00406,74.125.24.0-255,4320,167625,76,252897
42591,0.004063,172.31.40.0-255,66,167691,76,252897
42592,0.004065,74.125.24.0-255,1484,169175,76,252897
42593,0.004095,172.31.40.0-255,66,169241,76,252897
42594,0.004108,172.31.40.0-255,66,169307,76,252897
42595,0.004146,74.125.24.0-255,5738,175045,76,252897
42596,0.004149,172.31.40.0-255,66,175111,76,252897
42597,0.004173,74.125.24.0-255,5738,180849,76,252897
42598,0.004175,172.31.40.0-255,66,180915,76,252897
42599,0.004201,172.31.40.0-255,66,180981,76,252897
42600,0.004357,74.125.24.0-255,1484,182465,76,252897
42601,0.004365,74.125.24.0-255,2902,185367,76,252897
42602,0.004369,172.31.40.0-255,66,185433,76,252897
42603,0.004373,74.125.24.0-255,1484,186917,76,252897
42604,0.004399,74.125.24.0-255,4320,191237,76,252897
42605,0.004402,172.31.40.0-255,66,191303,76,252897
42606,0.004407,74.125.24.0-255,2902,194205,76,252897
42607,0.004409,172.31.40.0-255,66,194271,76,252897
42608,0.004416,74.125.24.0-255,5738,200009,76,252897
42609,0.004419,172.31.40.0-255,66,200075,76,252897
42610,0.004447,74.125.24.0-255,4320,204395,76,252897
42611,0.00445,172.31.40.0-255,66,204461,76,252897
42612,0.004463,172.31.40.0-255,66,204527,76,252897
42613,0.004783,74.125.24.0-255,1484,206011,76,252897
42614,0.004801,74.125.24.0-255,2902,208913,76,252897
42615,0.004805,172.31.40.0-255,66,208979,76,252897
42616,0.00481,74.125.24.0-255,1484,210463,76,252897
42617,0.004828,74.125.24.0-255,4320,214783,76,252897
42618,0.004831,172.31.40.0-255,66,214849,76,252897
42619,0.004839,74.125.24.0-255,7156,222005,76,252897
42620,0.004841,172.31.40.0-255,66,222071,76,252897
42621,0.004844,74.125.24.0-255,1484,223555,76,252897
42622,0.004847,74.125.24.0-255,1484,225039,76,252897
42623,0.004849,172.31.40.0-255,66,225105,76,252897
42624,0.004866,74.125.24.0-255,2902,228007,76,252897
42625,0.004869,172.31.40.0-255,66,228073,76,252897
42626,0.004904,172.31.40.0-255,66,228139,76,252897
42627,0.004922,74.125.24.0-255,2902,231041,76,252897
42628,0.004925,172.31.40.0-255,66,231107,76,252897
42629,0.004977,172.31.40.0-255,66,231173,76,252897
42630,0.004982,74.125.24.0-255,4320,235493,76,252897
42631,0.004985,172.31.40.0-255,66,235559,76,252897
42632,0.004987,74.125.24.0-255,1484,237043,76,252897
42633,0.005001,172.31.40.0-255,66,237109,76,252897
42634,0.005016,172.31.40.0-255,66,237175,76,252897
42635,0.005019,74.125.24.0-255,1484,238659,76,252897
42636,0.005046,172.31.40.0-255,66,238725,76,252897
42637,0.005068,74.125.24.0-255,5738,244463,76,252897
42638,0.005071,172.31.40.0-255,66,244529,76,252897
42639,0.005101,172.31.40.0-255,66,244595,76,252897
42640,0.005105,74.125.24.0-255,105,244700,76,252897
42641,0.015836,172.31.40.0-255,66,244766,76,252897
42642,0.01589,172.31.40.0-255,105,244871,76,252897
42643,0.018187,74.125.24.0-255,66,244937,76,252897
42644,0.049246,172.31.40.0-255,218,245155,76,252897
42645,0.049318,172.31.40.0-255,1105,246260,76,252897
42646,0.0494,172.31.40.0-255,1514,247774,76,252897
42647,0.049402,172.31.40.0-255,1514,249288,76,252897
42648,0.049403,172.31.40.0-255,1514,250802,76,252897
42649,0.049404,172.31.40.0-255,1514,252316,76,252897
42650,0.049405,172.31.40.0-255,581,252897,76,252897
42651,0.0,74.125.130.0-255,152,152,76,298677
42652,1.7e-05,172.31.40.0-255,66,218,76,298677
42653,2.3e-05,74.125.130.0-255,1484,1702,76,298677
42654,2.8e-05,172.31.40.0-255,66,1768,76,298677
42655,3.4e-05,74.125.130.0-255,2902,4670,76,298677
42656,4.4e-05,172.31.40.0-255,66,4736,76,298677
42657,5e-05,74.125.130.0-255,2902,7638,76,298677
42658,5.4e-05,172.31.40.0-255,66,7704,76,298677
42659,9.2e-05,74.125.130.0-255,2902,10606,76,298677
42660,9.5e-05,172.31.40.0-255,66,10672,76,298677
42661,0.000129,74.125.130.0-255,3440,14112,76,298677
42662,0.000132,172.31.40.0-255,66,14178,76,298677
42663,0.00021,74.125.130.0-255,1484,15662,76,298677
42664,0.000214,172.31.40.0-255,66,15728,76,298677
42665,0.000218,74.125.130.0-255,1484,17212,76,298677
42666,0.00022,172.31.40.0-255,66,17278,76,298677
42667,0.000242,74.125.130.0-255,1484,18762,76,298677
42668,0.000245,172.31.40.0-255,66,18828,76,298677
42669,0.000256,74.125.130.0-255,5738,24566,76,298677
42670,0.000259,172.31.40.0-255,66,24632,76,298677
42671,0.000263,74.125.130.0-255,2902,27534,76,298677
42672,0.000265,172.31.40.0-255,66,27600,76,298677
42673,0.00027,74.125.130.0-255,3961,31561,76,298677
42674,0.000273,172.31.40.0-255,66,31627,76,298677
42675,0.000299,74.125.130.0-255,2902,34529,76,298677
42676,0.000306,172.31.40.0-255,66,34595,76,298677
42677,0.000332,74.125.130.0-255,5738,40333,76,298677
42678,0.000335,172.31.40.0-255,66,40399,76,298677
42679,0.000342,74.125.130.0-255,7156,47555,76,298677
42680,0.000345,172.31.40.0-255,66,47621,76,298677
42681,0.000376,74.125.130.0-255,2902,50523,76,298677
42682,0.000378,172.31.40.0-255,66,50589,76,298677
42683,0.000395,172.31.40.0-255,66,50655,76,298677
42684,0.000398,74.125.130.0-255,1484,52139,76,298677
42685,0.000424,74.125.130.0-255,2460,54599,76,298677
42686,0.000426,172.31.40.0-255,66,54665,76,298677
42687,0.000429,74.125.130.0-255,118,54783,76,298677
42688,0.000753,74.125.130.0-255,1484,56267,76,298677
42689,0.000757,172.31.40.0-255,66,56333,76,298677
42690,0.000784,74.125.130.0-255,2902,59235,76,298677
42691,0.000786,172.31.40.0-255,66,59301,76,298677
42692,0.000792,74.125.130.0-255,5738,65039,76,298677
42693,0.000794,172.31.40.0-255,66,65105,76,298677
42694,0.000815,74.125.130.0-255,7156,72261,76,298677
42695,0.000818,172.31.40.0-255,66,72327,76,298677
42696,0.000842,74.125.130.0-255,2902,75229,76,298677
42697,0.000844,172.31.40.0-255,66,75295,76,298677
42698,0.000857,172.31.40.0-255,66,75361,76,298677
42699,0.000865,74.125.130.0-255,2184,77545,76,298677
42700,0.000867,172.31.40.0-255,66,77611,76,298677
42701,0.000897,74.125.130.0-255,379,77990,76,298677
42702,0.001296,74.125.130.0-255,1484,79474,76,298677
42703,0.0013,172.31.40.0-255,66,79540,76,298677
42704,0.001306,74.125.130.0-255,2902,82442,76,298677
42705,0.001307,172.31.40.0-255,66,82508,76,298677
42706,0.00134,74.125.130.0-255,4320,86828,76,298677
42707,0.001342,172.31.40.0-255,66,86894,76,298677
42708,0.001345,74.125.130.0-255,1484,88378,76,298677
42709,0.001381,74.125.130.0-255,7156,95534,76,298677
42710,0.001384,172.31.40.0-255,66,95600,76,298677
42711,0.00139,74.125.130.0-255,5738,101338,76,298677
42712,0.001392,172.31.40.0-255,66,101404,76,298677
42713,0.001436,74.125.130.0-255,7156,108560,76,298677
42714,0.001439,172.31.40.0-255,66,108626,76,298677
42715,0.001443,74.125.130.0-255,3602,112228,76,298677
42716,0.001445,172.31.40.0-255,66,112294,76,298677
42717,0.001473,74.125.130.0-255,1484,113778,76,298677
42718,0.001487,74.125.130.0-255,2902,116680,76,298677
42719,0.001489,172.31.40.0-255,66,116746,76,298677
42720,0.001505,74.125.130.0-255,1484,118230,76,298677
42721,0.001516,74.125.130.0-255,4320,122550,76,298677
42722,0.001518,172.31.40.0-255,66,122616,76,298677
42723,0.001522,74.125.130.0-255,2902,125518,76,298677
42724,0.001524,172.31.40.0-255,66,125584,76,298677
42725,0.00156,74.125.130.0-255,4320,129904,76,298677
42726,0.001562,172.31.40.0-255,66,129970,76,298677
42727,0.001567,74.125.130.0-255,4320,134290,76,298677
42728,0.001569,172.31.40.0-255,66,134356,76,298677
42729,0.001598,172.31.40.0-255,66,134422,76,298677
42730,0.001626,74.125.130.0-255,2184,136606,76,298677
42731,0.001629,172.31.40.0-255,66,136672,76,298677
42732,0.00174,74.125.130.0-255,1484,138156,76,298677
42733,0.001747,74.125.130.0-255,2902,141058,76,298677
42734,0.00175,172.31.40.0-255,66,141124,76,298677
42735,0.001774,74.125.130.0-255,1484,142608,76,298677
42736,0.001779,74.125.130.0-255,2902,145510,76,298677
42737,0.001781,172.31.40.0-255,66,145576,76,298677
42738,0.001783,74.125.130.0-255,1484,147060,76,298677
42739,0.001803,74.125.130.0-255,4320,151380,76,298677
42740,0.001805,172.31.40.0-255,66,151446,76,298677
42741,0.001841,172.31.40.0-255,66,151512,76,298677
42742,0.001875,74.125.130.0-255,5738,157250,76,298677
42743,0.001878,172.31.40.0-255,66,157316,76,298677
42744,0.001908,74.125.130.0-255,3602,160918,76,298677
42745,0.001911,172.31.40.0-255,66,160984,76,298677
42746,0.003935,74.125.130.0-255,1484,162468,76,298677
42747,0.003957,74.125.130.0-255,1484,163952,76,298677
42748,0.003963,172.31.40.0-255,66,164018,76,298677
42749,0.003976,74.125.130.0-255,2902,166920,76,298677
42750,0.003984,172.31.40.0-255,66,166986,76,298677
42751,0.00602,74.125.130.0-255,2902,169888,76,298677
42752,0.006024,172.31.40.0-255,66,169954,76,298677
42753,0.006052,74.125.130.0-255,2902,172856,76,298677
42754,0.006055,172.31.40.0-255,66,172922,76,298677
42755,0.008088,74.125.130.0-255,2902,175824,76,298677
42756,0.008095,172.31.40.0-255,66,175890,76,298677
42757,0.008128,74.125.130.0-255,2902,178792,76,298677
42758,0.008131,172.31.40.0-255,66,178858,76,298677
42759,0.010161,74.125.130.0-255,2902,181760,76,298677
42760,0.010168,172.31.40.0-255,66,181826,76,298677
42761,0.010198,74.125.130.0-255,2902,184728,76,298677
42762,0.010201,172.31.40.0-255,66,184794,76,298677
42763,0.012231,74.125.130.0-255,2902,187696,76,298677
42764,0.012239,172.31.40.0-255,66,187762,76,298677
42765,0.01227,74.125.130.0-255,2902,190664,76,298677
42766,0.012272,172.31.40.0-255,66,190730,76,298677
42767,0.014307,74.125.130.0-255,2902,193632,76,298677
42768,0.014316,172.31.40.0-255,66,193698,76,298677
42769,0.014346,74.125.130.0-255,2902,196600,76,298677
42770,0.014349,172.31.40.0-255,66,196666,76,298677
42771,0.016389,74.125.130.0-255,2902,199568,76,298677
42772,0.016397,172.31.40.0-255,66,199634,76,298677
42773,0.016427,74.125.130.0-255,2902,202536,76,298677
42774,0.016429,172.31.40.0-255,66,202602,76,298677
42775,0.018468,74.125.130.0-255,2902,205504,76,298677
42776,0.018475,172.31.40.0-255,66,205570,76,298677
42777,0.018513,74.125.130.0-255,2902,208472,76,298677
42778,0.018516,172.31.40.0-255,66,208538,76,298677
42779,0.020541,74.125.130.0-255,2902,211440,76,298677
42780,0.020549,172.31.40.0-255,66,211506,76,298677
42781,0.020585,74.125.130.0-255,2902,214408,76,298677
42782,0.020588,172.31.40.0-255,66,214474,76,298677
42783,0.022626,74.125.130.0-255,4320,218794,76,298677
42784,0.022633,172.31.40.0-255,66,218860,76,298677
42785,0.022665,74.125.130.0-255,1484,220344,76,298677
42786,0.02471,74.125.130.0-255,4320,224664,76,298677
42787,0.024718,172.31.40.0-255,66,224730,76,298677
42788,0.026781,74.125.130.0-255,5738,230468,76,298677
42789,0.026788,172.31.40.0-255,66,230534,76,298677
42790,0.028867,74.125.130.0-255,5738,236272,76,298677
42791,0.028874,172.31.40.0-255,66,236338,76,298677
42792,0.030949,74.125.130.0-255,5738,242076,76,298677
42793,0.030957,172.31.40.0-255,66,242142,76,298677
42794,0.031188,172.31.40.0-255,171,242313,76,298677
42795,0.031219,172.31.40.0-255,1133,243446,76,298677
42796,0.031279,172.31.40.0-255,1514,244960,76,298677
42797,0.031281,172.31.40.0-255,1283,246243,76,298677
42798,0.03279,104.244.42.0-255,66,246309,76,298677
42799,0.0328,104.244.42.0-255,66,246375,76,298677
42800,0.032878,104.244.42.0-255,66,246441,76,298677
42801,0.033024,74.125.130.0-255,5738,252179,76,298677
42802,0.033032,172.31.40.0-255,66,252245,76,298677
42803,0.035123,74.125.130.0-255,5738,257983,76,298677
42804,0.03513,172.31.40.0-255,66,258049,76,298677
42805,0.037207,74.125.130.0-255,5738,263787,76,298677
42806,0.037213,172.31.40.0-255,66,263853,76,298677
42807,0.039339,74.125.130.0-255,5738,269591,76,298677
42808,0.039346,172.31.40.0-255,66,269657,76,298677
42809,0.04143,74.125.130.0-255,5738,275395,76,298677
42810,0.041436,172.31.40.0-255,66,275461,76,298677
42811,0.043515,74.125.130.0-255,5738,281199,76,298677
42812,0.043521,172.31.40.0-255,66,281265,76,298677
42813,0.045603,74.125.130.0-255,5738,287003,76,298677
42814,0.04561,172.31.40.0-255,66,287069,76,298677
42815,0.047693,74.125.130.0-255,5738,292807,76,298677
42816,0.047698,172.31.40.0-255,66,292873,76,298677
42817,0.049779,74.125.130.0-255,5738,298611,76,298677
42818,0.049785,172.31.40.0-255,66,298677,76,298677
42819,0.0,172.217.24.0-255,152,152,76,247523
42820,2.1e-05,172.31.40.0-255,66,218,76,247523
42821,2.8e-05,172.217.24.0-255,1484,1702,76,247523
42822,3.3e-05,172.31.40.0-255,66,1768,76,247523
42823,3.6e-05,172.217.24.0-255,1484,3252,76,247523
42824,4e-05,172.31.40.0-255,66,3318,76,247523
42825,4.8e-05,172.217.24.0-255,2902,6220,76,247523
42826,5.3e-05,172.31.40.0-255,66,6286,76,247523
42827,6e-05,172.217.24.0-255,5738,12024,76,247523
42828,6.3e-05,172.31.40.0-255,66,12090,76,247523
42829,6.7e-05,172.217.24.0-255,2076,14166,76,247523
42830,7e-05,172.31.40.0-255,66,14232,76,247523
42831,0.000123,172.217.24.0-255,1484,15716,76,247523
42832,0.000127,172.31.40.0-255,66,15782,76,247523
42833,0.00014,172.217.24.0-255,2902,18684,76,247523
42834,0.000143,172.31.40.0-255,66,18750,76,247523
42835,0.000148,172.217.24.0-255,4320,23070,76,247523
42836,0.00015,172.31.40.0-255,66,23136,76,247523
42837,0.000172,172.217.24.0-255,1484,24620,76,247523
42838,0.000174,172.31.40.0-255,66,24686,76,247523
42839,0.000182,172.217.24.0-255,6797,31483,76,247523
42840,0.000185,172.31.40.0-255,66,31549,76,247523
42841,0.00039,172.217.24.0-255,1484,33033,76,247523
42842,0.000395,172.31.40.0-255,66,33099,76,247523
42843,0.000401,172.217.24.0-255,2902,36001,76,247523
42844,0.000403,172.31.40.0-255,66,36067,76,247523
42845,0.000409,172.217.24.0-255,5738,41805,76,247523
42846,0.000412,172.31.40.0-255,66,41871,76,247523
42847,0.000417,172.217.24.0-255,4320,46191,76,247523
42848,0.000419,172.31.40.0-255,66,46257,76,247523
42849,0.000431,172.217.24.0-255,1484,47741,76,247523
42850,0.000433,172.31.40.0-255,66,47807,76,247523
42851,0.000437,172.217.24.0-255,1484,49291,76,247523
42852,0.000465,172.217.24.0-255,5379,54670,76,247523
42853,0.000498,172.217.24.0-255,1125,55795,76,247523
42854,0.000504,172.31.40.0-255,66,55861,76,247523
42855,0.000703,172.217.24.0-255,393,56254,76,247523
42856,0.000995,172.31.40.0-255,66,56320,76,247523
42857,0.001406,172.217.24.0-255,114,56434,76,247523
42858,0.001435,172.217.24.0-255,1484,57918,76,247523
42859,0.001439,172.31.40.0-255,66,57984,76,247523
42860,0.001446,172.217.24.0-255,2902,60886,76,247523
42861,0.001448,172.31.40.0-255,66,60952,76,247523
42862,0.001468,172.217.24.0-255,5738,66690,76,247523
42863,0.001472,172.31.40.0-255,66,66756,76,247523
42864,0.001482,172.217.24.0-255,1484,68240,76,247523
42865,0.001488,172.217.24.0-255,5738,73978,76,247523
42866,0.001491,172.31.40.0-255,66,74044,76,247523
42867,0.001497,172.217.24.0-255,5738,79782,76,247523
42868,0.001499,172.31.40.0-255,66,79848,76,247523
42869,0.001523,172.217.24.0-255,1484,81332,76,247523
42870,0.001534,172.31.40.0-255,66,81398,76,247523
42871,0.001537,172.217.24.0-255,766,82164,76,247523
42872,0.001558,172.217.24.0-255,333,82497,76,247523
42873,0.001834,172.31.40.0-255,66,82563,76,247523
42874,0.001866,172.217.24.0-255,1484,84047,76,247523
42875,0.001872,172.217.24.0-255,2902,86949,76,247523
42876,0.001874,172.31.40.0-255,66,87015,76,247523
42877,0.001878,172.217.24.0-255,1484,88499,76,247523
42878,0.001896,172.217.24.0-255,4320,92819,76,247523
42879,0.001899,172.31.40.0-255,66,92885,76,247523
42880,0.001906,172.217.24.0-255,7156,100041,76,247523
42881,0.001908,172.31.40.0-255,66,100107,76,247523
42882,0.001952,172.217.24.0-255,5738,105845,76,247523
42883,0.001954,172.31.40.0-255,66,105911,76,247523
42884,0.001979,172.31.40.0-255,66,105977,76,247523
42885,0.001983,172.217.24.0-255,2184,108161,76,247523
42886,0.001985,172.31.40.0-255,66,108227,76,247523
42887,0.003906,172.217.24.0-255,5738,113965,76,247523
42888,0.003912,172.31.40.0-255,66,114031,76,247523
42889,0.005854,172.217.24.0-255,5738,119769,76,247523
42890,0.005859,172.31.40.0-255,66,119835,76,247523
42891,0.007783,172.217.24.0-255,5738,125573,76,247523
42892,0.00779,172.31.40.0-255,66,125639,76,247523
42893,0.009726,172.217.24.0-255,5738,131377,76,247523
42894,0.009734,172.31.40.0-255,66,131443,76,247523
42895,0.011666,172.217.24.0-255,5738,137181,76,247523
42896,0.011675,172.31.40.0-255,66,137247,76,247523
42897,0.013605,172.217.24.0-255,5738,142985,76,247523
42898,0.013613,172.31.40.0-255,66,143051,76,247523
42899,0.015549,172.217.24.0-255,5738,148789,76,247523
42900,0.01556,172.31.40.0-255,66,148855,76,247523
42901,0.017495,172.217.24.0-255,5738,154593,76,247523
42902,0.017503,172.31.40.0-255,66,154659,76,247523
42903,0.019431,172.217.24.0-255,5738,160397,76,247523
42904,0.019438,172.31.40.0-255,66,160463,76,247523
42905,0.021374,172.217.24.0-255,5738,166201,76,247523
42906,0.021385,172.31.40.0-255,66,166267,76,247523
42907,0.023339,172.217.24.0-255,5738,172005,76,247523
42908,0.023347,172.31.40.0-255,66,172071,76,247523
42909,0.02529,172.217.24.0-255,5738,177809,76,247523
42910,0.025298,172.31.40.0-255,66,177875,76,247523
42911,0.027232,172.217.24.0-255,5738,183613,76,247523
42912,0.02724,172.31.40.0-255,66,183679,76,247523
42913,0.029183,172.217.24.0-255,5738,189417,76,247523
42914,0.02919,172.31.40.0-255,66,189483,76,247523
42915,0.031126,172.217.24.0-255,5738,195221,76,247523
42916,0.031133,172.31.40.0-255,66,195287,76,247523
42917,0.033069,172.217.24.0-255,5738,201025,76,247523
42918,0.033078,172.31.40.0-255,66,201091,76,247523
42919,0.035015,172.217.24.0-255,5738,206829,76,247523
42920,0.035024,172.31.40.0-255,66,206895,76,247523
42921,0.036961,172.217.24.0-255,5738,212633,76,247523
42922,0.036969,172.31.40.0-255,66,212699,76,247523
42923,0.038901,172.217.24.0-255,5738,218437,76,247523
42924,0.038909,172.31.40.0-255,66,218503,76,247523
42925,0.040834,172.217.24.0-255,5738,224241,76,247523
42926,0.040844,172.31.40.0-255,66,224307,76,247523
42927,0.0428,172.217.24.0-255,5738,230045,76,247523
42928,0.042808,172.31.40.0-255,66,230111,76,247523
42929,0.044753,172.217.24.0-255,5738,235849,76,247523
42930,0.04477,172.31.40.0-255,66,235915,76,247523
42931,0.046715,172.217.24.0-255,5738,241653,76,247523
42932,0.046732,172.31.40.0-255,66,241719,76,247523
42933,0.04868,172.217.24.0-255,5738,247457,76,247523
42934,0.048696,172.31.40.0-255,66,247523,76,247523
42935,0.0,172.217.194.0-255,146,146,76,219975
42936,2e-05,172.31.40.0-255,66,212,76,219975
42937,2.8e-05,172.217.194.0-255,1484,1696,76,219975
42938,3.2e-05,172.31.40.0-255,66,1762,76,219975
42939,3.8e-05,172.217.194.0-255,2902,4664,76,219975
42940,4.1e-05,172.31.40.0-255,66,4730,76,219975
42941,4.8e-05,172.217.194.0-255,5738,10468,76,219975
42942,5.1e-05,172.31.40.0-255,66,10534,76,219975
42943,7.6e-05,172.217.194.0-255,7156,17690,76,219975
42944,7.9e-05,172.31.40.0-255,66,17756,76,219975
42945,0.000103,172.217.194.0-255,6421,24177,76,219975
42946,0.000105,172.31.40.0-255,66,24243,76,219975
42947,0.000112,172.217.194.0-255,6797,31040,76,219975
42948,0.000114,172.31.40.0-255,66,31106,76,219975
42949,0.000138,172.217.194.0-255,5738,36844,76,219975
42950,0.000141,172.31.40.0-255,66,36910,76,219975
42951,0.000146,172.217.194.0-255,2902,39812,76,219975
42952,0.000148,172.31.40.0-255,66,39878,76,219975
42953,0.000172,172.217.194.0-255,4320,44198,76,219975
42954,0.000175,172.31.40.0-255,66,44264,76,219975
42955,0.000189,172.217.194.0-255,3961,48225,76,219975
42956,0.000191,172.31.40.0-255,66,48291,76,219975
42957,0.000219,172.217.194.0-255,4320,52611,76,219975
42958,0.000222,172.31.40.0-255,66,52677,76,219975
42959,0.000256,172.31.40.0-255,66,52743,76,219975
42960,0.00026,172.217.194.0-255,2814,55557,76,219975
42961,0.000263,172.31.40.0-255,66,55623,76,219975
42962,0.000312,172.217.194.0-255,122,55745,76,219975
42963,0.000315,172.31.40.0-255,66,55811,76,219975
42964,0.000719,172.217.194.0-255,381,56192,76,219975
42965,0.000724,172.31.40.0-255,66,56258,76,219975
42966,0.000916,172.217.194.0-255,1484,57742,76,219975
42967,0.000921,172.217.194.0-255,1484,59226,76,219975
42968,0.000924,172.31.40.0-255,66,59292,76,219975
42969,0.000946,172.217.194.0-255,1484,60776,76,219975
42970,0.000953,172.217.194.0-255,5738,66514,76,219975
42971,0.000956,172.31.40.0-255,66,66580,76,219975
42972,0.000976,172.217.194.0-255,2902,69482,76,219975
42973,0.000979,172.31.40.0-255,66,69548,76,219975
42974,0.00101,172.31.40.0-255,66,69614,76,219975
42975,0.001013,172.217.194.0-255,1484,71098,76,219975
42976,0.001018,172.217.194.0-255,4320,75418,76,219975
42977,0.00102,172.31.40.0-255,66,75484,76,219975
42978,0.001047,172.217.194.0-255,5020,80504,76,219975
42979,0.00105,172.31.40.0-255,66,80570,76,219975
42980,0.002289,172.217.194.0-255,1484,82054,76,219975
42981,0.0023,172.217.194.0-255,2902,84956,76,219975
42982,0.002304,172.31.40.0-255,66,85022,76,219975
42983,0.002312,172.217.194.0-255,5738,90760,76,219975
42984,0.002315,172.31.40.0-255,66,90826,76,219975
42985,0.002348,172.31.40.0-255,66,90892,76,219975
42986,0.002355,172.217.194.0-255,5738,96630,76,219975
42987,0.002356,172.31.40.0-255,66,96696,76,219975
42988,0.002422,172.217.194.0-255,2902,99598,76,219975
42989,0.002425,172.31.40.0-255,66,99664,76,219975
42990,0.002437,172.217.194.0-255,2184,101848,76,219975
42991,0.002439,172.31.40.0-255,66,101914,76,219975
42992,0.004783,172.217.194.0-255,5738,107652,76,219975
42993,0.004787,172.31.40.0-255,66,107718,76,219975
42994,0.00715,172.217.194.0-255,4320,112038,76,219975
42995,0.007156,172.31.40.0-255,66,112104,76,219975
42996,0.007174,172.217.194.0-255,1484,113588,76,219975
42997,0.009538,172.217.194.0-255,4320,117908,76,219975
42998,0.009546,172.31.40.0-255,66,117974,76,219975
42999,0.011905,172.217.194.0-255,5738,123712,76,219975
43000,0.011912,172.31.40.0-255,66,123778,76,219975
43001,0.014294,172.217.194.0-255,5738,129516,76,219975
43002,0.014302,172.31.40.0-255,66,129582,76,219975
43003,0.016669,172.217.194.0-255,5738,135320,76,219975
43004,0.016676,172.31.40.0-255,66,135386,76,219975
43005,0.01905,172.217.194.0-255,5738,141124,76,219975
43006,0.019057,172.31.40.0-255,66,141190,76,219975
43007,0.021425,172.217.194.0-255,5738,146928,76,219975
43008,0.021431,172.31.40.0-255,66,146994,76,219975
43009,0.021644,172.31.40.0-255,172,147166,76,219975
43010,0.021671,172.31.40.0-255,1104,148270,76,219975
43011,0.021785,172.31.40.0-255,1514,149784,76,219975
43012,0.021787,172.31.40.0-255,345,150129,76,219975
43013,0.023178,104.244.42.0-255,66,150195,76,219975
43014,0.023214,104.244.42.0-255,66,150261,76,219975
43015,0.023366,104.244.42.0-255,66,150327,76,219975
43016,0.023788,172.217.194.0-255,5738,156065,76,219975
43017,0.023793,172.31.40.0-255,66,156131,76,219975
43018,0.026161,172.217.194.0-255,5738,161869,76,219975
43019,0.026166,172.31.40.0-255,66,161935,76,219975
43020,0.028513,172.217.194.0-255,5738,167673,76,219975
43021,0.028521,172.31.40.0-255,66,167739,76,219975
43022,0.0309,172.217.194.0-255,5738,173477,76,219975
43023,0.030907,172.31.40.0-255,66,173543,76,219975
43024,0.033269,172.217.194.0-255,5738,179281,76,219975
43025,0.033277,172.31.40.0-255,66,179347,76,219975
43026,0.035666,172.217.194.0-255,5738,185085,76,219975
43027,0.035673,172.31.40.0-255,66,185151,76,219975
43028,0.038032,172.217.194.0-255,5738,190889,76,219975
43029,0.038038,172.31.40.0-255,66,190955,76,219975
43030,0.040422,172.217.194.0-255,5738,196693,76,219975
43031,0.040429,172.31.40.0-255,66,196759,76,219975
43032,0.042799,172.217.194.0-255,5738,202497,76,219975
43033,0.042804,172.31.40.0-255,66,202563,76,219975
43034,0.045197,172.217.194.0-255,5738,208301,76,219975
43035,0.045204,172.31.40.0-255,66,208367,76,219975
43036,0.047553,172.217.194.0-255,5738,214105,76,219975
43037,0.047562,172.31.40.0-255,66,214171,76,219975
43038,0.04994,172.217.194.0-255,5738,219909,76,219975
43039,0.04995,172.31.40.0-255,66,219975,76,219975
43040,0.0,74.125.24.0-255,153,153,76,255873
43041,2.3e-05,172.31.40.0-255,66,219,76,255873
43042,3e-05,74.125.24.0-255,1484,1703,76,255873
43043,3.5e-05,172.31.40.0-255,66,1769,76,255873
43044,4.7e-05,74.125.24.0-255,2902,4671,76,255873
43045,5e-05,172.31.40.0-255,66,4737,76,255873
43046,5.9e-05,74.125.24.0-255,7156,11893,76,255873
43047,6.2e-05,172.31.40.0-255,66,11959,76,255873
43048,6.5e-05,74.125.24.0-255,1484,13443,76,255873
43049,6.7e-05,172.31.40.0-255,66,13509,76,255873
43050,7.1e-05,74.125.24.0-255,580,14089,76,255873
43051,7.3e-05,172.31.40.0-255,66,14155,76,255873
43052,9.8e-05,74.125.24.0-255,1484,15639,76,255873
43053,0.000105,172.31.40.0-255,66,15705,76,255873
43054,0.000112,74.125.24.0-255,4320,20025,76,255873
43055,0.000114,172.31.40.0-255,66,20091,76,255873
43056,0.00012,74.125.24.0-255,4320,24411,76,255873
43057,0.000122,172.31.40.0-255,66,24477,76,255873
43058,0.000147,74.125.24.0-255,5738,30215,76,255873
43059,0.00015,172.31.40.0-255,66,30281,76,255873
43060,0.000153,74.125.24.0-255,1125,31406,76,255873
43061,0.000155,172.31.40.0-255,66,31472,76,255873
43062,0.000332,74.125.24.0-255,1484,32956,76,255873
43063,0.000337,172.31.40.0-255,66,33022,76,255873
43064,0.000343,74.125.24.0-255,2902,35924,76,255873
43065,0.000345,172.31.40.0-255,66,35990,76,255873
43066,0.000369,74.125.24.0-255,5738,41728,76,255873
43067,0.000372,172.31.40.0-255,66,41794,76,255873
43068,0.000401,74.125.24.0-255,4320,46114,76,255873
43069,0.000403,172.31.40.0-255,66,46180,76,255873
43070,0.00042,74.125.24.0-255,2543,48723,76,255873
43071,0.000423,172.31.40.0-255,66,48789,76,255873
43072,0.00043,74.125.24.0-255,7156,55945,76,255873
43073,0.000565,172.31.40.0-255,66,56011,76,255873
43074,0.000853,74.125.24.0-255,112,56123,76,255873
43075,0.000876,74.125.24.0-255,330,56453,76,255873
43076,0.001026,74.125.24.0-255,1484,57937,76,255873
43077,0.00103,172.31.40.0-255,66,58003,76,255873
43078,0.001036,74.125.24.0-255,2902,60905,76,255873
43079,0.001064,74.125.24.0-255,5738,66643,76,255873
43080,0.001073,172.31.40.0-255,66,66709,76,255873
43081,0.001116,74.125.24.0-255,2902,69611,76,255873
43082,0.001122,74.125.24.0-255,5738,75349,76,255873
43083,0.001128,172.31.40.0-255,66,75415,76,255873
43084,0.001171,74.125.24.0-255,5020,80435,76,255873
43085,0.001189,172.31.40.0-255,66,80501,76,255873
43086,0.001696,74.125.24.0-255,1484,81985,76,255873
43087,0.001723,74.125.24.0-255,2902,84887,76,255873
43088,0.001728,172.31.40.0-255,66,84953,76,255873
43089,0.001734,74.125.24.0-255,2902,87855,76,255873
43090,0.001754,74.125.24.0-255,2902,90757,76,255873
43091,0.001769,74.125.24.0-255,4320,95077,76,255873
43092,0.001797,74.125.24.0-255,5738,100815,76,255873
43093,0.001805,74.125.24.0-255,7156,107971,76,255873
43094,0.001816,74.125.24.0-255,4320,112291,76,255873
43095,0.001837,74.125.24.0-255,2184,114475,76,255873
43096,0.002018,74.125.24.0-255,1484,115959,76,255873
43097,0.002024,74.125.24.0-255,1484,117443,76,255873
43098,0.002034,74.125.24.0-255,1484,118927,76,255873
43099,0.002053,74.125.24.0-255,5738,124665,76,255873
43100,0.002077,74.125.24.0-255,5738,130403,76,255873
43101,0.002099,74.125.24.0-255,2902,133305,76,255873
43102,0.002105,74.125.24.0-255,4320,137625,76,255873
43103,0.002125,74.125.24.0-255,5738,143363,76,255873
43104,0.002131,74.125.24.0-255,5020,148383,76,255873
43105,0.005958,172.31.40.0-255,66,148449,76,255873
43106,0.00828,74.125.24.0-255,5738,154187,76,255873
43107,0.008289,172.31.40.0-255,66,154253,76,255873
43108,0.010619,74.125.24.0-255,5738,159991,76,255873
43109,0.010631,172.31.40.0-255,66,160057,76,255873
43110,0.012971,74.125.24.0-255,5738,165795,76,255873
43111,0.013475,172.31.40.0-255,66,165861,76,255873
43112,0.015806,74.125.24.0-255,5738,171599,76,255873
43113,0.015823,172.31.40.0-255,66,171665,76,255873
43114,0.018196,74.125.24.0-255,5738,177403,76,255873
43115,0.018209,172.31.40.0-255,66,177469,76,255873
43116,0.020535,74.125.24.0-255,5738,183207,76,255873
43117,0.020547,172.31.40.0-255,66,183273,76,255873
43118,0.022875,74.125.24.0-255,5738,189011,76,255873
43119,0.022888,172.31.40.0-255,66,189077,76,255873
43120,0.025204,74.125.24.0-255,5738,194815,76,255873
43121,0.025218,172.31.40.0-255,66,194881,76,255873
43122,0.027586,74.125.24.0-255,5738,200619,76,255873
43123,0.027598,172.31.40.0-255,66,200685,76,255873
43124,0.029941,74.125.24.0-255,5738,206423,76,255873
43125,0.029951,172.31.40.0-255,66,206489,76,255873
43126,0.03122,172.31.40.0-255,176,206665,76,255873
43127,0.031253,172.31.40.0-255,1108,207773,76,255873
43128,0.031302,172.31.40.0-255,1514,209287,76,255873
43129,0.031304,172.31.40.0-255,1308,210595,76,255873
43130,0.032267,74.125.24.0-255,5738,216333,76,255873
43131,0.032276,172.31.40.0-255,66,216399,76,255873
43132,0.032743,104.244.42.0-255,66,216465,76,255873
43133,0.032781,104.244.42.0-255,66,216531,76,255873
43134,0.032822,104.244.42.0-255,66,216597,76,255873
43135,0.034584,74.125.24.0-255,4320,220917,76,255873
43136,0.034591,172.31.40.0-255,66,220983,76,255873
43137,0.034649,74.125.24.0-255,1484,222467,76,255873
43138,0.036918,74.125.24.0-255,4320,226787,76,255873
43139,0.036926,172.31.40.0-255,66,226853,76,255873
43140,0.03925,74.125.24.0-255,5738,232591,76,255873
43141,0.039298,172.31.40.0-255,66,232657,76,255873
43142,0.04165,74.125.24.0-255,5738,238395,76,255873
43143,0.04166,172.31.40.0-255,66,238461,76,255873
43144,0.043992,74.125.24.0-255,5738,244199,76,255873
43145,0.044001,172.31.40.0-255,66,244265,76,255873
43146,0.04631,74.125.24.0-255,5738,250003,76,255873
43147,0.046318,172.31.40.0-255,66,250069,76,255873
43148,0.048652,74.125.24.0-255,5738,255807,76,255873
43149,0.04866,172.31.40.0-255,66,255873,76,255873
43150,0.0,172.217.27.0-255,146,146,76,296932
43151,2.6e-05,172.31.40.0-255,66,212,76,296932
43152,3.3e-05,172.217.27.0-255,1484,1696,76,296932
43153,3.8e-05,172.31.40.0-255,66,1762,76,296932
43154,5.1e-05,172.217.27.0-255,2902,4664,76,296932
43155,5.5e-05,172.31.40.0-255,66,4730,76,296932
43156,6.5e-05,172.217.27.0-255,7156,11886,76,296932
43157,7e-05,172.31.40.0-255,66,11952,76,296932
43158,7.4e-05,172.217.27.0-255,2118,14070,76,296932
43159,7.6e-05,172.31.40.0-255,66,14136,76,296932
43160,7.9e-05,172.217.27.0-255,1484,15620,76,296932
43161,8.1e-05,172.31.40.0-255,66,15686,76,296932
43162,0.000114,172.217.27.0-255,2902,18588,76,296932
43163,0.000117,172.31.40.0-255,66,18654,76,296932
43164,0.000124,172.217.27.0-255,5738,24392,76,296932
43165,0.000126,172.31.40.0-255,66,24458,76,296932
43166,0.000158,172.217.27.0-255,6797,31255,76,296932
43167,0.000161,172.31.40.0-255,66,31321,76,296932
43168,0.000243,172.217.27.0-255,1484,32805,76,296932
43169,0.000246,172.31.40.0-255,66,32871,76,296932
43170,0.000251,172.217.27.0-255,2902,35773,76,296932
43171,0.000253,172.31.40.0-255,66,35839,76,296932
43172,0.000298,172.217.27.0-255,5738,41577,76,296932
43173,0.000302,172.31.40.0-255,66,41643,76,296932
43174,0.00031,172.217.27.0-255,6797,48440,76,296932
43175,0.000312,172.31.40.0-255,66,48506,76,296932
43176,0.000324,172.217.27.0-255,7156,55662,76,296932
43177,0.000326,172.31.40.0-255,66,55728,76,296932
43178,0.000357,172.217.27.0-255,5738,61466,76,296932
43179,0.00036,172.31.40.0-255,66,61532,76,296932
43180,0.000387,172.217.27.0-255,3961,65493,76,296932
43181,0.00039,172.31.40.0-255,66,65559,76,296932
43182,0.000938,172.217.27.0-255,646,66205,76,296932
43183,0.001033,172.217.27.0-255,1484,67689,76,296932
43184,0.001038,172.31.40.0-255,66,67755,76,296932
43185,0.001044,172.217.27.0-255,2902,70657,76,296932
43186,0.001047,172.31.40.0-255,66,70723,76,296932
43187,0.001057,172.217.27.0-255,2902,73625,76,296932
43188,0.001059,172.31.40.0-255,66,73691,76,296932
43189,0.001092,172.217.27.0-255,2902,76593,76,296932
43190,0.001094,172.31.40.0-255,66,76659,76,296932
43191,0.001103,172.217.27.0-255,6797,83456,76,296932
43192,0.001105,172.31.40.0-255,66,83522,76,296932
43193,0.001132,172.217.27.0-255,1484,85006,76,296932
43194,0.001138,172.217.27.0-255,2902,87908,76,296932
43195,0.00114,172.31.40.0-255,66,87974,76,296932
43196,0.001169,172.217.27.0-255,5738,93712,76,296932
43197,0.001172,172.31.40.0-255,66,93778,76,296932
43198,0.001208,172.217.27.0-255,4320,98098,76,296932
43199,0.001211,172.31.40.0-255,66,98164,76,296932
43200,0.001235,172.217.27.0-255,2543,100707,76,296932
43201,0.001237,172.31.40.0-255,66,100773,76,296932
43202,0.001346,172.217.27.0-255,1484,102257,76,296932
43203,0.001351,172.217.27.0-255,2902,105159,76,296932
43204,0.001354,172.31.40.0-255,66,105225,76,296932
43205,0.001389,172.217.27.0-255,5738,110963,76,296932
43206,0.001392,172.31.40.0-255,66,111029,76,296932
43207,0.001396,172.217.27.0-255,1484,112513,76,296932
43208,0.001429,172.31.40.0-255,66,112579,76,296932
43209,0.001435,172.217.27.0-255,4320,116899,76,296932
43210,0.001437,172.31.40.0-255,66,116965,76,296932
43211,0.001443,172.217.27.0-255,5738,122703,76,296932
43212,0.00145,172.31.40.0-255,66,122769,76,296932
43213,0.001452,172.217.27.0-255,766,123535,76,296932
43214,0.001664,172.217.27.0-255,1484,125019,76,296932
43215,0.001668,172.31.40.0-255,66,125085,76,296932
43216,0.001673,172.217.27.0-255,2902,127987,76,296932
43217,0.001676,172.31.40.0-255,66,128053,76,296932
43218,0.00168,172.217.27.0-255,2902,130955,76,296932
43219,0.001686,172.31.40.0-255,66,131021,76,296932
43220,0.003383,172.217.27.0-255,5738,136759,76,296932
43221,0.003391,172.31.40.0-255,66,136825,76,296932
43222,0.005049,172.217.27.0-255,1484,138309,76,296932
43223,0.00507,172.217.27.0-255,4320,142629,76,296932
43224,0.005073,172.31.40.0-255,66,142695,76,296932
43225,0.006734,172.217.27.0-255,5738,148433,76,296932
43226,0.006737,172.31.40.0-255,66,148499,76,296932
43227,0.00854,172.217.27.0-255,5738,154237,76,296932
43228,0.008546,172.31.40.0-255,66,154303,76,296932
43229,0.010224,172.217.27.0-255,5738,160041,76,296932
43230,0.010232,172.31.40.0-255,66,160107,76,296932
43231,0.011905,172.217.27.0-255,5738,165845,76,296932
43232,0.011914,172.31.40.0-255,66,165911,76,296932
43233,0.013591,172.217.27.0-255,5738,171649,76,296932
43234,0.013607,172.31.40.0-255,66,171715,76,296932
43235,0.015279,172.217.27.0-255,5738,177453,76,296932
43236,0.015293,172.31.40.0-255,66,177519,76,296932
43237,0.016973,172.217.27.0-255,5738,183257,76,296932
43238,0.016984,172.31.40.0-255,66,183323,76,296932
43239,0.01866,172.217.27.0-255,5738,189061,76,296932
43240,0.01867,172.31.40.0-255,66,189127,76,296932
43241,0.020344,172.217.27.0-255,5738,194865,76,296932
43242,0.020351,172.31.40.0-255,66,194931,76,296932
43243,0.022016,172.217.27.0-255,5738,200669,76,296932
43244,0.022022,172.31.40.0-255,66,200735,76,296932
43245,0.0237,172.217.27.0-255,5738,206473,76,296932
43246,0.023707,172.31.40.0-255,66,206539,76,296932
43247,0.025368,172.217.27.0-255,5738,212277,76,296932
43248,0.025375,172.31.40.0-255,66,212343,76,296932
43249,0.026467,172.31.40.0-255,172,212515,76,296932
43250,0.026497,172.31.40.0-255,1104,213619,76,296932
43251,0.026557,172.31.40.0-255,1514,215133,76,296932
43252,0.026559,172.31.40.0-255,345,215478,76,296932
43253,0.02704,172.217.27.0-255,5738,221216,76,296932
43254,0.027047,172.31.40.0-255,66,221282,76,296932
43255,0.027995,104.244.42.0-255,66,221348,76,296932
43256,0.028033,104.244.42.0-255,66,221414,76,296932
43257,0.028147,104.244.42.0-255,66,221480,76,296932
43258,0.02872,172.217.27.0-255,5738,227218,76,296932
43259,0.028728,172.31.40.0-255,66,227284,76,296932
43260,0.030414,172.217.27.0-255,5738,233022,76,296932
43261,0.030426,172.31.40.0-255,66,233088,76,296932
43262,0.032101,172.217.27.0-255,5738,238826,76,296932
43263,0.032111,172.31.40.0-255,66,238892,76,296932
43264,0.03379,172.217.27.0-255,5738,244630,76,296932
43265,0.033797,172.31.40.0-255,66,244696,76,296932
43266,0.035495,172.217.27.0-255,5738,250434,76,296932
43267,0.03551,172.31.40.0-255,66,250500,76,296932
43268,0.037189,172.217.27.0-255,5738,256238,76,296932
43269,0.037199,172.31.40.0-255,66,256304,76,296932
43270,0.038875,172.217.27.0-255,5738,262042,76,296932
43271,0.038882,172.31.40.0-255,66,262108,76,296932
43272,0.040552,172.217.27.0-255,5738,267846,76,296932
43273,0.04056,172.31.40.0-255,66,267912,76,296932
43274,0.042266,172.217.27.0-255,5738,273650,76,296932
43275,0.042273,172.31.40.0-255,66,273716,76,296932
43276,0.043951,172.217.27.0-255,5738,279454,76,296932
43277,0.043957,172.31.40.0-255,66,279520,76,296932
43278,0.045745,172.217.27.0-255,5738,285258,76,296932
43279,0.045762,172.31.40.0-255,66,285324,76,296932
43280,0.047447,172.217.27.0-255,5738,291062,76,296932
43281,0.047458,172.31.40.0-255,66,291128,76,296932
43282,0.049145,172.217.27.0-255,5738,296866,76,296932
43283,0.049156,172.31.40.0-255,66,296932,76,296932
43284,0.0,172.217.194.0-255,153,153,76,142750
43285,1.9e-05,172.31.40.0-255,66,219,76,142750
43286,2.6e-05,172.217.194.0-255,1484,1703,76,142750
43287,3e-05,172.31.40.0-255,66,1769,76,142750
43288,3.5e-05,172.217.194.0-255,2902,4671,76,142750
43289,3.8e-05,172.31.40.0-255,66,4737,76,142750
43290,4.6e-05,172.217.194.0-255,7156,11893,76,142750
43291,5e-05,172.31.40.0-255,66,11959,76,142750
43292,0.000144,172.217.194.0-255,2036,13995,76,142750
43293,0.000148,172.31.40.0-255,66,14061,76,142750
43294,0.000191,172.217.194.0-255,7156,21217,76,142750
43295,0.000195,172.31.40.0-255,66,21283,76,142750
43296,0.000214,172.217.194.0-255,4320,25603,76,142750
43297,0.000216,172.31.40.0-255,66,25669,76,142750
43298,0.000337,172.217.194.0-255,5379,31048,76,142750
43299,0.000341,172.31.40.0-255,66,31114,76,142750
43300,0.000409,172.217.194.0-255,2902,34016,76,142750
43301,0.000411,172.31.40.0-255,66,34082,76,142750
43302,0.000446,172.31.40.0-255,66,34148,76,142750
43303,0.000665,172.31.40.0-255,66,34214,76,142750
43304,0.000685,172.31.40.0-255,66,34280,76,142750
43305,0.000979,172.31.40.0-255,66,34346,76,142750
43306,0.001146,172.217.194.0-255,4320,38666,76,142750
43307,0.00115,172.31.40.0-255,66,38732,76,142750
43308,0.001187,172.31.40.0-255,66,38798,76,142750
43309,0.001385,172.217.194.0-255,5738,44536,76,142750
43310,0.001389,172.31.40.0-255,66,44602,76,142750
43311,0.001439,172.31.40.0-255,66,44668,76,142750
43312,0.001668,172.31.40.0-255,66,44734,76,142750
43313,0.002176,172.217.194.0-255,3602,48336,76,142750
43314,0.002344,172.217.194.0-255,1484,49820,76,142750
43315,0.003031,172.217.194.0-255,5738,55558,76,142750
43316,0.011693,172.31.40.0-255,66,55624,76,142750
43317,0.012424,172.217.194.0-255,1484,57108,76,142750
43318,0.014,172.217.194.0-255,4320,61428,76,142750
43319,0.014008,172.31.40.0-255,66,61494,76,142750
43320,0.016339,172.217.194.0-255,5738,67232,76,142750
43321,0.016354,172.31.40.0-255,66,67298,76,142750
43322,0.01867,172.217.194.0-255,5738,73036,76,142750
43323,0.018676,172.31.40.0-255,66,73102,76,142750
43324,0.020977,172.217.194.0-255,5738,78840,76,142750
43325,0.023641,172.31.40.0-255,66,78906,76,142750
43326,0.025987,172.217.194.0-255,5738,84644,76,142750
43327,0.025997,172.31.40.0-255,66,84710,76,142750
43328,0.028315,172.217.194.0-255,5738,90448,76,142750
43329,0.028323,172.31.40.0-255,66,90514,76,142750
43330,0.030663,172.217.194.0-255,5738,96252,76,142750
43331,0.030676,172.31.40.0-255,66,96318,76,142750
43332,0.033025,172.217.194.0-255,5738,102056,76,142750
43333,0.033034,172.31.40.0-255,66,102122,76,142750
43334,0.035369,172.217.194.0-255,5738,107860,76,142750
43335,0.035383,172.31.40.0-255,66,107926,76,142750
43336,0.037756,172.217.194.0-255,5738,113664,76,142750
43337,0.037772,172.31.40.0-255,66,113730,76,142750
43338,0.040094,172.217.194.0-255,5738,119468,76,142750
43339,0.040101,172.31.40.0-255,66,119534,76,142750
43340,0.042453,172.217.194.0-255,5738,125272,76,142750
43341,0.042468,172.31.40.0-255,66,125338,76,142750
43342,0.044762,172.217.194.0-255,5738,131076,76,142750
43343,0.044768,172.31.40.0-255,66,131142,76,142750
43344,0.047092,172.217.194.0-255,5738,136880,76,142750
43345,0.047098,172.31.40.0-255,66,136946,76,142750
43346,0.049415,172.217.194.0-255,5738,142684,76,142750
43347,0.049422,172.31.40.0-255,66,142750,76,142750
43348,0.0,74.125.68.0-255,151,151,76,361220
43349,2.2e-05,172.31.40.0-255,66,217,76,361220
43350,3e-05,74.125.68.0-255,1484,1701,76,361220
43351,3.4e-05,172.31.40.0-255,66,1767,76,361220
43352,4e-05,74.125.68.0-255,2902,4669,76,361220
43353,4.4e-05,172.31.40.0-255,66,4735,76,361220
43354,5e-05,74.125.68.0-255,5738,10473,76,361220
43355,5.3e-05,172.31.40.0-255,66,10539,76,361220
43356,5.8e-05,74.125.68.0-255,3429,13968,76,361220
43357,6e-05,172.31.40.0-255,66,14034,76,361220
43358,0.000117,74.125.68.0-255,1484,15518,76,361220
43359,0.00012,172.31.40.0-255,66,15584,76,361220
43360,0.000124,74.125.68.0-255,1484,17068,76,361220
43361,0.000126,172.31.40.0-255,66,17134,76,361220
43362,0.000142,74.125.68.0-255,1484,18618,76,361220
43363,0.000145,172.31.40.0-255,66,18684,76,361220
43364,0.000151,74.125.68.0-255,5738,24422,76,361220
43365,0.000153,172.31.40.0-255,66,24488,76,361220
43366,0.000157,74.125.68.0-255,2902,27390,76,361220
43367,0.000159,172.31.40.0-255,66,27456,76,361220
43368,0.000186,74.125.68.0-255,3961,31417,76,361220
43369,0.000189,172.31.40.0-255,66,31483,76,361220
43370,0.000347,74.125.68.0-255,1484,32967,76,361220
43371,0.000352,172.31.40.0-255,66,33033,76,361220
43372,0.000358,74.125.68.0-255,2902,35935,76,361220
43373,0.000361,172.31.40.0-255,66,36001,76,361220
43374,0.000364,74.125.68.0-255,1484,37485,76,361220
43375,0.000365,172.31.40.0-255,66,37551,76,361220
43376,0.000393,74.125.68.0-255,1484,39035,76,361220
43377,0.000395,172.31.40.0-255,66,39101,76,361220
43378,0.000401,74.125.68.0-255,4320,43421,76,361220
43379,0.000403,172.31.40.0-255,66,43487,76,361220
43380,0.000406,74.125.68.0-255,1484,44971,76,361220
43381,0.000442,172.31.40.0-255,66,45037,76,361220
43382,0.000446,74.125.68.0-255,2902,47939,76,361220
43383,0.000448,172.31.40.0-255,66,48005,76,361220
43384,0.000479,74.125.68.0-255,4320,52325,76,361220
43385,0.000482,172.31.40.0-255,66,52391,76,361220
43386,0.000502,74.125.68.0-255,5379,57770,76,361220
43387,0.000505,172.31.40.0-255,66,57836,76,361220
43388,0.000508,74.125.68.0-255,414,58250,76,361220
43389,0.000544,74.125.68.0-255,330,58580,76,361220
43390,0.000787,74.125.68.0-255,1484,60064,76,361220
43391,0.000792,172.31.40.0-255,66,60130,76,361220
43392,0.000797,74.125.68.0-255,2902,63032,76,361220
43393,0.0008,172.31.40.0-255,66,63098,76,361220
43394,0.000827,74.125.68.0-255,2902,66000,76,361220
43395,0.000831,172.31.40.0-255,66,66066,76,361220
43396,0.000842,74.125.68.0-255,2902,68968,76,361220
43397,0.000844,172.31.40.0-255,66,69034,76,361220
43398,0.000851,74.125.68.0-255,7156,76190,76,361220
43399,0.000853,172.31.40.0-255,66,76256,76,361220
43400,0.000882,74.125.68.0-255,4320,80576,76,361220
43401,0.000885,172.31.40.0-255,66,80642,76,361220
43402,0.000909,74.125.68.0-255,7156,87798,76,361220
43403,0.000912,172.31.40.0-255,66,87864,76,361220
43404,0.000929,74.125.68.0-255,2902,90766,76,361220
43405,0.000932,172.31.40.0-255,66,90832,76,361220
43406,0.000952,74.125.68.0-255,2184,93016,76,361220
43407,0.000955,172.31.40.0-255,66,93082,76,361220
43408,0.001122,74.125.68.0-255,1484,94566,76,361220
43409,0.001135,74.125.68.0-255,1484,96050,76,361220
43410,0.001139,172.31.40.0-255,66,96116,76,361220
43411,0.001161,74.125.68.0-255,2902,99018,76,361220
43412,0.001163,172.31.40.0-255,66,99084,76,361220
43413,0.00117,74.125.68.0-255,5738,104822,76,361220
43414,0.001172,172.31.40.0-255,66,104888,76,361220
43415,0.0012,74.125.68.0-255,5738,110626,76,361220
43416,0.001203,172.31.40.0-255,66,110692,76,361220
43417,0.00121,74.125.68.0-255,5738,116430,76,361220
43418,0.001213,172.31.40.0-255,66,116496,76,361220
43419,0.001236,74.125.68.0-255,1484,117980,76,361220
43420,0.001249,74.125.68.0-255,2902,120882,76,361220
43421,0.001252,172.31.40.0-255,66,120948,76,361220
43422,0.001276,74.125.68.0-255,6438,127386,76,361220
43423,0.001279,172.31.40.0-255,66,127452,76,361220
43424,0.001462,74.125.68.0-255,1484,128936,76,361220
43425,0.001484,74.125.68.0-255,2902,131838,76,361220
43426,0.001488,172.31.40.0-255,66,131904,76,361220
43427,0.001493,74.125.68.0-255,2902,134806,76,361220
43428,0.001495,172.31.40.0-255,66,134872,76,361220
43429,0.001519,74.125.68.0-255,4320,139192,76,361220
43430,0.001522,172.31.40.0-255,66,139258,76,361220
43431,0.001532,172.31.40.0-255,66,139324,76,361220
43432,0.001535,74.125.68.0-255,1484,140808,76,361220
43433,0.001553,74.125.68.0-255,4320,145128,76,361220
43434,0.001558,74.125.68.0-255,4320,149448,76,361220
43435,0.001562,172.31.40.0-255,66,149514,76,361220
43436,0.001565,172.31.40.0-255,66,149580,76,361220
43437,0.001575,74.125.68.0-255,2902,152482,76,361220
43438,0.001577,172.31.40.0-255,66,152548,76,361220
43439,0.001592,74.125.68.0-255,766,153314,76,361220
43440,0.001686,74.125.68.0-255,1484,154798,76,361220
43441,0.001689,172.31.40.0-255,66,154864,76,361220
43442,0.001695,74.125.68.0-255,2902,157766,76,361220
43443,0.001697,172.31.40.0-255,66,157832,76,361220
43444,0.001709,74.125.68.0-255,1484,159316,76,361220
43445,0.001732,74.125.68.0-255,4320,163636,76,361220
43446,0.001735,172.31.40.0-255,66,163702,76,361220
43447,0.001742,74.125.68.0-255,5738,169440,76,361220
43448,0.001744,172.31.40.0-255,66,169506,76,361220
43449,0.001775,74.125.68.0-255,7156,176662,76,361220
43450,0.001778,172.31.40.0-255,66,176728,76,361220
43451,0.001789,74.125.68.0-255,1484,178212,76,361220
43452,0.001827,172.31.40.0-255,66,178278,76,361220
43453,0.001947,74.125.68.0-255,1484,179762,76,361220
43454,0.001965,74.125.68.0-255,2902,182664,76,361220
43455,0.001969,172.31.40.0-255,66,182730,76,361220
43456,0.001976,74.125.68.0-255,5738,188468,76,361220
43457,0.001978,172.31.40.0-255,66,188534,76,361220
43458,0.002013,74.125.68.0-255,2902,191436,76,361220
43459,0.002016,172.31.40.0-255,66,191502,76,361220
43460,0.002021,74.125.68.0-255,4320,195822,76,361220
43461,0.002023,172.31.40.0-255,66,195888,76,361220
43462,0.002028,74.125.68.0-255,2902,198790,76,361220
43463,0.00203,172.31.40.0-255,66,198856,76,361220
43464,0.002054,74.125.68.0-255,5738,204594,76,361220
43465,0.002056,172.31.40.0-255,66,204660,76,361220
43466,0.002059,74.125.68.0-255,1484,206144,76,361220
43467,0.002064,74.125.68.0-255,2902,209046,76,361220
43468,0.002066,172.31.40.0-255,66,209112,76,361220
43469,0.00209,74.125.68.0-255,1484,210596,76,361220
43470,0.002102,74.125.68.0-255,2184,212780,76,361220
43471,0.002105,172.31.40.0-255,66,212846,76,361220
43472,0.002136,74.125.68.0-255,2902,215748,76,361220
43473,0.002139,172.31.40.0-255,66,215814,76,361220
43474,0.002158,74.125.68.0-255,1484,217298,76,361220
43475,0.002161,74.125.68.0-255,1484,218782,76,361220
43476,0.002163,172.31.40.0-255,66,218848,76,361220
43477,0.002168,74.125.68.0-255,2902,221750,76,361220
43478,0.00217,172.31.40.0-255,66,221816,76,361220
43479,0.002208,74.125.68.0-255,2902,224718,76,361220
43480,0.002211,172.31.40.0-255,66,224784,76,361220
43481,0.002231,74.125.68.0-255,2902,227686,76,361220
43482,0.002234,172.31.40.0-255,66,227752,76,361220
43483,0.002245,172.31.40.0-255,66,227818,76,361220
43484,0.00225,74.125.68.0-255,4320,232138,76,361220
43485,0.002253,172.31.40.0-255,66,232204,76,361220
43486,0.002281,74.125.68.0-255,5020,237224,76,361220
43487,0.002284,172.31.40.0-255,66,237290,76,361220
43488,0.002311,74.125.68.0-255,1484,238774,76,361220
43489,0.002334,74.125.68.0-255,2902,241676,76,361220
43490,0.002337,172.31.40.0-255,66,241742,76,361220
43491,0.004601,74.125.68.0-255,1484,243226,76,361220
43492,0.004645,74.125.68.0-255,4320,247546,76,361220
43493,0.004657,172.31.40.0-255,66,247612,76,361220
43494,0.006985,74.125.68.0-255,5738,253350,76,361220
43495,0.007003,172.31.40.0-255,66,253416,76,361220
43496,0.009318,74.125.68.0-255,5738,259154,76,361220
43497,0.009327,172.31.40.0-255,66,259220,76,361220
43498,0.011637,74.125.68.0-255,5738,264958,76,361220
43499,0.011641,172.31.40.0-255,66,265024,76,361220
43500,0.013954,74.125.68.0-255,5738,270762,76,361220
43501,0.013965,172.31.40.0-255,66,270828,76,361220
43502,0.016304,74.125.68.0-255,5738,276566,76,361220
43503,0.016319,172.31.40.0-255,66,276632,76,361220
43504,0.018651,74.125.68.0-255,5738,282370,76,361220
43505,0.018667,172.31.40.0-255,66,282436,76,361220
43506,0.020995,74.125.68.0-255,5738,288174,76,361220
43507,0.021001,172.31.40.0-255,66,288240,76,361220
43508,0.023317,74.125.68.0-255,5738,293978,76,361220
43509,0.023325,172.31.40.0-255,66,294044,76,361220
43510,0.025641,74.125.68.0-255,5738,299782,76,361220
43511,0.02565,172.31.40.0-255,66,299848,76,361220
43512,0.02796,74.125.68.0-255,5738,305586,76,361220
43513,0.027969,172.31.40.0-255,66,305652,76,361220
43514,0.030303,74.125.68.0-255,5738,311390,76,361220
43515,0.030324,172.31.40.0-255,66,311456,76,361220
43516,0.032744,74.125.68.0-255,5738,317194,76,361220
43517,0.03275,172.31.40.0-255,66,317260,76,361220
43518,0.035074,74.125.68.0-255,5738,322998,76,361220
43519,0.035081,172.31.40.0-255,66,323064,76,361220
43520,0.037409,74.125.68.0-255,5738,328802,76,361220
43521,0.037424,172.31.40.0-255,66,328868,76,361220
43522,0.039759,74.125.68.0-255,5738,334606,76,361220
43523,0.039776,172.31.40.0-255,66,334672,76,361220
43524,0.042084,74.125.68.0-255,5738,340410,76,361220
43525,0.042092,172.31.40.0-255,66,340476,76,361220
43526,0.044412,74.125.68.0-255,5738,346214,76,361220
43527,0.044429,172.31.40.0-255,66,346280,76,361220
43528,0.046744,74.125.68.0-255,5738,352018,76,361220
43529,0.04675,172.31.40.0-255,66,352084,76,361220
43530,0.047859,172.31.40.0-255,172,352256,76,361220
43531,0.04789,172.31.40.0-255,1105,353361,76,361220
43532,0.047947,172.31.40.0-255,1514,354875,76,361220
43533,0.047949,172.31.40.0-255,343,355218,76,361220
43534,0.049102,74.125.68.0-255,5738,360956,76,361220
43535,0.049111,172.31.40.0-255,66,361022,76,361220
43536,0.049419,104.244.42.0-255,66,361088,76,361220
43537,0.049465,104.244.42.0-255,66,361154,76,361220
43538,0.049513,104.244.42.0-255,66,361220,76,361220
43539,0.0,74.125.24.0-255,146,146,76,301497
43540,1.6e-05,172.31.40.0-255,66,212,76,301497
43541,2.3e-05,74.125.24.0-255,1484,1696,76,301497
43542,2.7e-05,172.31.40.0-255,66,1762,76,301497
43543,3.2e-05,74.125.24.0-255,2902,4664,76,301497
43544,3.6e-05,172.31.40.0-255,66,4730,76,301497
43545,4.4e-05,74.125.24.0-255,7156,11886,76,301497
43546,4.7e-05,172.31.40.0-255,66,11952,76,301497
43547,5.2e-05,74.125.24.0-255,2022,13974,76,301497
43548,5.4e-05,172.31.40.0-255,66,14040,76,301497
43549,9e-05,74.125.24.0-255,2902,16942,76,301497
43550,9.3e-05,172.31.40.0-255,66,17008,76,301497
43551,0.000107,74.125.24.0-255,1484,18492,76,301497
43552,0.000109,172.31.40.0-255,66,18558,76,301497
43553,0.000127,74.125.24.0-255,4320,22878,76,301497
43554,0.00013,172.31.40.0-255,66,22944,76,301497
43555,0.000157,74.125.24.0-255,2902,25846,76,301497
43556,0.00016,172.31.40.0-255,66,25912,76,301497
43557,0.000184,74.125.24.0-255,5379,31291,76,301497
43558,0.000187,172.31.40.0-255,66,31357,76,301497
43559,0.000284,74.125.24.0-255,1484,32841,76,301497
43560,0.000288,172.31.40.0-255,66,32907,76,301497
43561,0.000294,74.125.24.0-255,2902,35809,76,301497
43562,0.000297,172.31.40.0-255,66,35875,76,301497
43563,0.0003,74.125.24.0-255,1484,37359,76,301497
43564,0.000302,172.31.40.0-255,66,37425,76,301497
43565,0.000328,74.125.24.0-255,4320,41745,76,301497
43566,0.000331,172.31.40.0-255,66,41811,76,301497
43567,0.000341,172.31.40.0-255,66,41877,76,301497
43568,0.000354,74.125.24.0-255,2543,44420,76,301497
43569,0.000356,172.31.40.0-255,66,44486,76,301497
43570,0.000359,74.125.24.0-255,1484,45970,76,301497
43571,0.000395,172.31.40.0-255,66,46036,76,301497
43572,0.000573,74.125.24.0-255,646,46682,76,301497
43573,0.000749,74.125.24.0-255,1484,48166,76,301497
43574,0.000754,172.31.40.0-255,66,48232,76,301497
43575,0.00076,74.125.24.0-255,2902,51134,76,301497
43576,0.000762,172.31.40.0-255,66,51200,76,301497
43577,0.000784,74.125.24.0-255,5738,56938,76,301497
43578,0.000787,172.31.40.0-255,66,57004,76,301497
43579,0.000829,172.31.40.0-255,66,57070,76,301497
43580,0.000841,172.31.40.0-255,66,57136,76,301497
43581,0.000856,74.125.24.0-255,2184,59320,76,301497
43582,0.00086,172.31.40.0-255,66,59386,76,301497
43583,0.000875,74.125.24.0-255,1484,60870,76,301497
43584,0.000896,74.125.24.0-255,2902,63772,76,301497
43585,0.000899,172.31.40.0-255,66,63838,76,301497
43586,0.000917,74.125.24.0-255,5738,69576,76,301497
43587,0.00092,172.31.40.0-255,66,69642,76,301497
43588,0.000924,74.125.24.0-255,2902,72544,76,301497
43589,0.000927,172.31.40.0-255,66,72610,76,301497
43590,0.000973,74.125.24.0-255,3412,76022,76,301497
43591,0.000976,172.31.40.0-255,66,76088,76,301497
43592,0.001022,74.125.24.0-255,2902,78990,76,301497
43593,0.001026,172.31.40.0-255,66,79056,76,301497
43594,0.001029,74.125.24.0-255,1484,80540,76,301497
43595,0.001048,74.125.24.0-255,2902,83442,76,301497
43596,0.00105,172.31.40.0-255,66,83508,76,301497
43597,0.001061,172.31.40.0-255,66,83574,76,301497
43598,0.001094,172.31.40.0-255,66,83640,76,301497
43599,0.001118,74.125.24.0-255,5738,89378,76,301497
43600,0.00112,74.125.24.0-255,766,90144,76,301497
43601,0.001124,172.31.40.0-255,66,90210,76,301497
43602,0.001265,74.125.24.0-255,1484,91694,76,301497
43603,0.001268,172.31.40.0-255,66,91760,76,301497
43604,0.001275,74.125.24.0-255,2902,94662,76,301497
43605,0.001277,172.31.40.0-255,66,94728,76,301497
43606,0.00128,74.125.24.0-255,1484,96212,76,301497
43607,0.001307,74.125.24.0-255,4320,100532,76,301497
43608,0.00131,172.31.40.0-255,66,100598,76,301497
43609,0.001324,172.31.40.0-255,66,100664,76,301497
43610,0.001327,74.125.24.0-255,1484,102148,76,301497
43611,0.001364,172.31.40.0-255,66,102214,76,301497
43612,0.001388,74.125.24.0-255,7156,109370,76,301497
43613,0.001391,172.31.40.0-255,66,109436,76,301497
43614,0.001396,74.125.24.0-255,2902,112338,76,301497
43615,0.001398,172.31.40.0-255,66,112404,76,301497
43616,0.001423,74.125.24.0-255,5738,118142,76,301497
43617,0.001426,172.31.40.0-255,66,118208,76,301497
43618,0.001428,74.125.24.0-255,1125,119333,76,301497
43619,0.001458,74.125.24.0-255,1484,120817,76,301497
43620,0.001461,172.31.40.0-255,66,120883,76,301497
43621,0.001475,74.125.24.0-255,4320,125203,76,301497
43622,0.001477,172.31.40.0-255,66,125269,76,301497
43623,0.00148,74.125.24.0-255,1484,126753,76,301497
43624,0.001505,74.125.24.0-255,5738,132491,76,301497
43625,0.001507,172.31.40.0-255,66,132557,76,301497
43626,0.00154,74.125.24.0-255,5738,138295,76,301497
43627,0.001543,172.31.40.0-255,66,138361,76,301497
43628,0.00157,172.31.40.0-255,66,138427,76,301497
43629,0.001598,74.125.24.0-255,5020,143447,76,301497
43630,0.001601,172.31.40.0-255,66,143513,76,301497
43631,0.001652,74.125.24.0-255,1484,144997,76,301497
43632,0.001656,74.125.24.0-255,1484,146481,76,301497
43633,0.001658,172.31.40.0-255,66,146547,76,301497
43634,0.001668,74.125.24.0-255,1484,148031,76,301497
43635,0.001681,74.125.24.0-255,2902,150933,76,301497
43636,0.001684,172.31.40.0-255,66,150999,76,301497
43637,0.001701,74.125.24.0-255,1484,152483,76,301497
43638,0.001739,74.125.24.0-255,4320,156803,76,301497
43639,0.001742,172.31.40.0-255,66,156869,76,301497
43640,0.001768,74.125.24.0-255,4320,161189,76,301497
43641,0.00177,172.31.40.0-255,66,161255,76,301497
43642,0.001785,172.31.40.0-255,66,161321,76,301497
43643,0.00179,74.125.24.0-255,3602,164923,76,301497
43644,0.001792,172.31.40.0-255,66,164989,76,301497
43645,0.001932,74.125.24.0-255,1484,166473,76,301497
43646,0.001951,74.125.24.0-255,2902,169375,76,301497
43647,0.001954,172.31.40.0-255,66,169441,76,301497
43648,0.001971,74.125.24.0-255,5738,175179,76,301497
43649,0.001974,172.31.40.0-255,66,175245,76,301497
43650,0.002002,74.125.24.0-255,5738,180983,76,301497
43651,0.002004,74.125.24.0-255,1484,182467,76,301497
43652,0.002008,172.31.40.0-255,66,182533,76,301497
43653,0.00204,172.31.40.0-255,66,182599,76,301497
43654,0.002046,74.125.24.0-255,5020,187619,76,301497
43655,0.002048,172.31.40.0-255,66,187685,76,301497
43656,0.004394,74.125.24.0-255,5738,193423,76,301497
43657,0.004401,172.31.40.0-255,66,193489,76,301497
43658,0.006752,74.125.24.0-255,5738,199227,76,301497
43659,0.006771,172.31.40.0-255,66,199293,76,301497
43660,0.00908,74.125.24.0-255,5738,205031,76,301497
43661,0.009091,172.31.40.0-255,66,205097,76,301497
43662,0.011459,74.125.24.0-255,1484,206581,76,301497
43663,0.011482,74.125.24.0-255,4320,210901,76,301497
43664,0.011485,172.31.40.0-255,66,210967,76,301497
43665,0.013883,74.125.24.0-255,5738,216705,76,301497
43666,0.0139,172.31.40.0-255,66,216771,76,301497
43667,0.016286,74.125.24.0-255,5738,222509,76,301497
43668,0.016306,172.31.40.0-255,66,222575,76,301497
43669,0.018673,74.125.24.0-255,5738,228313,76,301497
43670,0.018684,172.31.40.0-255,66,228379,76,301497
43671,0.021043,74.125.24.0-255,5738,234117,76,301497
43672,0.021055,172.31.40.0-255,66,234183,76,301497
43673,0.023373,74.125.24.0-255,5738,239921,76,301497
43674,0.023383,172.31.40.0-255,66,239987,76,301497
43675,0.025718,74.125.24.0-255,5738,245725,76,301497
43676,0.025729,172.31.40.0-255,66,245791,76,301497
43677,0.028129,74.125.24.0-255,5738,251529,76,301497
43678,0.028139,172.31.40.0-255,66,251595,76,301497
43679,0.0305,74.125.24.0-255,5738,257333,76,301497
43680,0.030509,172.31.40.0-255,66,257399,76,301497
43681,0.032854,74.125.24.0-255,5738,263137,76,301497
43682,0.032875,172.31.40.0-255,66,263203,76,301497
43683,0.035192,74.125.24.0-255,5738,268941,76,301497
43684,0.0352,172.31.40.0-255,66,269007,76,301497
43685,0.037544,74.125.24.0-255,5738,274745,76,301497
43686,0.037561,172.31.40.0-255,66,274811,76,301497
43687,0.039889,74.125.24.0-255,5738,280549,76,301497
43688,0.039897,172.31.40.0-255,66,280615,76,301497
43689,0.042273,74.125.24.0-255,5738,286353,76,301497
43690,0.042291,172.31.40.0-255,66,286419,76,301497
43691,0.044618,74.125.24.0-255,5738,292157,76,301497
43692,0.044627,172.31.40.0-255,66,292223,76,301497
43693,0.046566,172.31.40.0-255,171,292394,76,301497
43694,0.046599,172.31.40.0-255,1129,293523,76,301497
43695,0.046662,172.31.40.0-255,1514,295037,76,301497
43696,0.046663,172.31.40.0-255,319,295356,76,301497
43697,0.046934,74.125.24.0-255,5738,301094,76,301497
43698,0.046943,172.31.40.0-255,66,301160,76,301497
43699,0.048783,104.244.42.0-255,66,301226,76,301497
43700,0.049191,74.125.24.0-255,100,301326,76,301497
43701,0.049239,172.31.40.0-255,66,301392,76,301497
43702,0.049292,172.31.40.0-255,105,301497,76,301497
43703,0.0,74.125.24.0-255,146,146,76,262877
43704,1.9e-05,172.31.40.0-255,66,212,76,262877
43705,2.6e-05,74.125.24.0-255,1484,1696,76,262877
43706,3.1e-05,172.31.40.0-255,66,1762,76,262877
43707,3.7e-05,74.125.24.0-255,2902,4664,76,262877
43708,4e-05,172.31.40.0-255,66,4730,76,262877
43709,4.8e-05,74.125.24.0-255,7156,11886,76,262877
43710,5.2e-05,172.31.40.0-255,66,11952,76,262877
43711,7.2e-05,74.125.24.0-255,1999,13951,76,262877
43712,7.4e-05,172.31.40.0-255,66,14017,76,262877
43713,0.000427,74.125.24.0-255,1484,15501,76,262877
43714,0.000433,172.31.40.0-255,66,15567,76,262877
43715,0.000439,74.125.24.0-255,2902,18469,76,262877
43716,0.000443,172.31.40.0-255,66,18535,76,262877
43717,0.000449,74.125.24.0-255,5738,24273,76,262877
43718,0.000452,172.31.40.0-255,66,24339,76,262877
43719,0.000493,172.31.40.0-255,66,24405,76,262877
43720,0.000505,172.31.40.0-255,66,24471,76,262877
43721,0.000528,74.125.24.0-255,2902,27373,76,262877
43722,0.000531,172.31.40.0-255,66,27439,76,262877
43723,0.000563,172.31.40.0-255,66,27505,76,262877
43724,0.000579,74.125.24.0-255,2184,29689,76,262877
43725,0.000581,172.31.40.0-255,66,29755,76,262877
43726,0.000584,74.125.24.0-255,411,30166,76,262877
43727,0.000586,172.31.40.0-255,66,30232,76,262877
43728,0.000599,74.125.24.0-255,1484,31716,76,262877
43729,0.000602,172.31.40.0-255,66,31782,76,262877
43730,0.000629,74.125.24.0-255,4320,36102,76,262877
43731,0.000632,172.31.40.0-255,66,36168,76,262877
43732,0.00064,74.125.24.0-255,7156,43324,76,262877
43733,0.000652,172.31.40.0-255,66,43390,76,262877
43734,0.00066,74.125.24.0-255,1484,44874,76,262877
43735,0.000675,172.31.40.0-255,66,44940,76,262877
43736,0.000692,74.125.24.0-255,1484,46424,76,262877
43737,0.000726,172.31.40.0-255,66,46490,76,262877
43738,0.00124,74.125.24.0-255,1484,47974,76,262877
43739,0.001247,74.125.24.0-255,2902,50876,76,262877
43740,0.00125,172.31.40.0-255,66,50942,76,262877
43741,0.001254,74.125.24.0-255,1484,52426,76,262877
43742,0.001277,74.125.24.0-255,4320,56746,76,262877
43743,0.001305,74.125.24.0-255,1484,58230,76,262877
43744,0.001323,172.31.40.0-255,66,58296,76,262877
43745,0.001638,74.125.24.0-255,1484,59780,76,262877
43746,0.001655,74.125.24.0-255,2902,62682,76,262877
43747,0.001658,172.31.40.0-255,66,62748,76,262877
43748,0.001663,74.125.24.0-255,2902,65650,76,262877
43749,0.001667,172.31.40.0-255,66,65716,76,262877
43750,0.001677,74.125.24.0-255,2902,68618,76,262877
43751,0.001682,172.31.40.0-255,66,68684,76,262877
43752,0.001701,74.125.24.0-255,4320,73004,76,262877
43753,0.001725,74.125.24.0-255,2902,75906,76,262877
43754,0.00173,172.31.40.0-255,66,75972,76,262877
43755,0.001753,74.125.24.0-255,1484,77456,76,262877
43756,0.001771,74.125.24.0-255,6438,83894,76,262877
43757,0.001794,74.125.24.0-255,2902,86796,76,262877
43758,0.0018,172.31.40.0-255,66,86862,76,262877
43759,0.001821,74.125.24.0-255,5738,92600,76,262877
43760,0.001868,172.31.40.0-255,66,92666,76,262877
43761,0.001907,172.31.40.0-255,66,92732,76,262877
43762,0.001937,74.125.24.0-255,1484,94216,76,262877
43763,0.001943,74.125.24.0-255,2902,97118,76,262877
43764,0.001946,74.125.24.0-255,1484,98602,76,262877
43765,0.001959,74.125.24.0-255,4320,102922,76,262877
43766,0.001969,172.31.40.0-255,66,102988,76,262877
43767,0.001987,74.125.24.0-255,7156,110144,76,262877
43768,0.002004,172.31.40.0-255,66,110210,76,262877
43769,0.002038,172.31.40.0-255,66,110276,76,262877
43770,0.002054,74.125.24.0-255,4320,114596,76,262877
43771,0.002068,74.125.24.0-255,3602,118198,76,262877
43772,0.002082,172.31.40.0-255,66,118264,76,262877
43773,0.002162,74.125.24.0-255,1484,119748,76,262877
43774,0.002168,74.125.24.0-255,2902,122650,76,262877
43775,0.002174,172.31.40.0-255,66,122716,76,262877
43776,0.002196,74.125.24.0-255,5738,128454,76,262877
43777,0.002202,172.31.40.0-255,66,128520,76,262877
43778,0.002215,74.125.24.0-255,7156,135676,76,262877
43779,0.002238,74.125.24.0-255,5738,141414,76,262877
43780,0.002274,74.125.24.0-255,1484,142898,76,262877
43781,0.002323,74.125.24.0-255,6438,149336,76,262877
43782,0.002354,74.125.24.0-255,3602,152938,76,262877
43783,0.002805,172.31.40.0-255,66,153004,76,262877
43784,0.005073,74.125.24.0-255,5738,158742,76,262877
43785,0.00508,172.31.40.0-255,66,158808,76,262877
43786,0.007358,74.125.24.0-255,5738,164546,76,262877
43787,0.007363,172.31.40.0-255,66,164612,76,262877
43788,0.009607,74.125.24.0-255,4320,168932,76,262877
43789,0.009627,74.125.24.0-255,1484,170416,76,262877
43790,0.010352,172.31.40.0-255,66,170482,76,262877
43791,0.012648,74.125.24.0-255,5738,176220,76,262877
43792,0.012657,172.31.40.0-255,66,176286,76,262877
43793,0.014921,74.125.24.0-255,5738,182024,76,262877
43794,0.01493,172.31.40.0-255,66,182090,76,262877
43795,0.01721,74.125.24.0-255,5738,187828,76,262877
43796,0.017218,172.31.40.0-255,66,187894,76,262877
43797,0.019491,74.125.24.0-255,5738,193632,76,262877
43798,0.019499,172.31.40.0-255,66,193698,76,262877
43799,0.021812,74.125.24.0-255,5738,199436,76,262877
43800,0.021822,172.31.40.0-255,66,199502,76,262877
43801,0.024105,74.125.24.0-255,5738,205240,76,262877
43802,0.024111,172.31.40.0-255,66,205306,76,262877
43803,0.026368,74.125.24.0-255,5738,211044,76,262877
43804,0.026376,172.31.40.0-255,66,211110,76,262877
43805,0.028667,74.125.24.0-255,5738,216848,76,262877
43806,0.028675,172.31.40.0-255,66,216914,76,262877
43807,0.030945,74.125.24.0-255,5738,222652,76,262877
43808,0.030953,172.31.40.0-255,66,222718,76,262877
43809,0.033224,74.125.24.0-255,5738,228456,76,262877
43810,0.03323,172.31.40.0-255,66,228522,76,262877
43811,0.034629,172.31.40.0-255,172,228694,76,262877
43812,0.034661,172.31.40.0-255,1108,229802,76,262877
43813,0.034719,172.31.40.0-255,1514,231316,76,262877
43814,0.034721,172.31.40.0-255,1310,232626,76,262877
43815,0.035493,74.125.24.0-255,5738,238364,76,262877
43816,0.0355,172.31.40.0-255,66,238430,76,262877
43817,0.0361,104.244.42.0-255,66,238496,76,262877
43818,0.036133,104.244.42.0-255,66,238562,76,262877
43819,0.03621,104.244.42.0-255,66,238628,76,262877
43820,0.037781,74.125.24.0-255,5738,244366,76,262877
43821,0.037787,172.31.40.0-255,66,244432,76,262877
43822,0.040064,74.125.24.0-255,5738,250170,76,262877
43823,0.040069,172.31.40.0-255,66,250236,76,262877
43824,0.042346,74.125.24.0-255,5738,255974,76,262877
43825,0.042351,172.31.40.0-255,66,256040,76,262877
43826,0.044606,74.125.24.0-255,4320,260360,76,262877
43827,0.044609,172.31.40.0-255,66,260426,76,262877
43828,0.044627,74.125.24.0-255,1484,261910,76,262877
43829,0.046853,74.125.24.0-255,967,262877,76,262877
43830,0.0,74.125.24.0-255,146,146,76,228633
43831,2.3e-05,172.31.40.0-255,66,212,76,228633
43832,3e-05,74.125.24.0-255,1484,1696,76,228633
43833,3.4e-05,172.31.40.0-255,66,1762,76,228633
43834,3.9e-05,74.125.24.0-255,2902,4664,76,228633
43835,5e-05,172.31.40.0-255,66,4730,76,228633
43836,5.8e-05,74.125.24.0-255,7156,11886,76,228633
43837,6.2e-05,172.31.40.0-255,66,11952,76,228633
43838,7.9e-05,172.31.40.0-255,66,12018,76,228633
43839,0.000109,172.31.40.0-255,66,12084,76,228633
43840,0.000149,172.31.40.0-255,66,12150,76,228633
43841,0.000611,74.125.24.0-255,1484,13634,76,228633
43842,0.000618,172.31.40.0-255,66,13700,76,228633
43843,0.000625,74.125.24.0-255,2902,16602,76,228633
43844,0.000627,172.31.40.0-255,66,16668,76,228633
43845,0.000633,74.125.24.0-255,5738,22406,76,228633
43846,0.000641,172.31.40.0-255,66,22472,76,228633
43847,0.000648,74.125.24.0-255,5738,28210,76,228633
43848,0.00065,172.31.40.0-255,66,28276,76,228633
43849,0.000678,74.125.24.0-255,1480,29756,76,228633
43850,0.00068,172.31.40.0-255,66,29822,76,228633
43851,0.001339,74.125.24.0-255,1484,31306,76,228633
43852,0.001346,172.31.40.0-255,66,31372,76,228633
43853,0.001354,74.125.24.0-255,2902,34274,76,228633
43854,0.001357,172.31.40.0-255,66,34340,76,228633
43855,0.001368,74.125.24.0-255,5738,40078,76,228633
43856,0.00137,172.31.40.0-255,66,40144,76,228633
43857,0.001407,172.31.40.0-255,66,40210,76,228633
43858,0.001413,74.125.24.0-255,4320,44530,76,228633
43859,0.001415,172.31.40.0-255,66,44596,76,228633
43860,0.001446,74.125.24.0-255,5738,50334,76,228633
43861,0.001449,172.31.40.0-255,66,50400,76,228633
43862,0.001453,74.125.24.0-255,766,51166,76,228633
43863,0.001568,74.125.24.0-255,1484,52650,76,228633
43864,0.001573,172.31.40.0-255,66,52716,76,228633
43865,0.00158,74.125.24.0-255,2902,55618,76,228633
43866,0.001582,172.31.40.0-255,66,55684,76,228633
43867,0.001605,74.125.24.0-255,4320,60004,76,228633
43868,0.001607,172.31.40.0-255,66,60070,76,228633
43869,0.001636,74.125.24.0-255,1484,61554,76,228633
43870,0.001648,172.31.40.0-255,66,61620,76,228633
43871,0.001664,74.125.24.0-255,4320,65940,76,228633
43872,0.001671,172.31.40.0-255,66,66006,76,228633
43873,0.001714,172.31.40.0-255,66,66072,76,228633
43874,0.00173,172.31.40.0-255,66,66138,76,228633
43875,0.001758,74.125.24.0-255,1484,67622,76,228633
43876,0.001774,172.31.40.0-255,66,67688,76,228633
43877,0.001792,74.125.24.0-255,2902,70590,76,228633
43878,0.001795,172.31.40.0-255,66,70656,76,228633
43879,0.001798,74.125.24.0-255,1484,72140,76,228633
43880,0.001826,74.125.24.0-255,2184,74324,76,228633
43881,0.001829,172.31.40.0-255,66,74390,76,228633
43882,0.001834,74.125.24.0-255,4320,78710,76,228633
43883,0.001837,172.31.40.0-255,66,78776,76,228633
43884,0.001848,74.125.24.0-255,5738,84514,76,228633
43885,0.001851,172.31.40.0-255,66,84580,76,228633
43886,0.00192,172.31.40.0-255,66,84646,76,228633
43887,0.001933,172.31.40.0-255,66,84712,76,228633
43888,0.002055,74.125.24.0-255,1484,86196,76,228633
43889,0.002062,74.125.24.0-255,2902,89098,76,228633
43890,0.002066,172.31.40.0-255,66,89164,76,228633
43891,0.002073,74.125.24.0-255,5738,94902,76,228633
43892,0.002076,172.31.40.0-255,66,94968,76,228633
43893,0.002105,74.125.24.0-255,7156,102124,76,228633
43894,0.002108,172.31.40.0-255,66,102190,76,228633
43895,0.002122,74.125.24.0-255,5738,107928,76,228633
43896,0.002124,172.31.40.0-255,66,107994,76,228633
43897,0.002141,172.31.40.0-255,66,108060,76,228633
43898,0.002182,172.31.40.0-255,66,108126,76,228633
43899,0.002226,172.31.40.0-255,66,108192,76,228633
43900,0.002241,172.31.40.0-255,66,108258,76,228633
43901,0.002247,74.125.24.0-255,4320,112578,76,228633
43902,0.002249,172.31.40.0-255,66,112644,76,228633
43903,0.002297,172.31.40.0-255,66,112710,76,228633
43904,0.002308,172.31.40.0-255,66,112776,76,228633
43905,0.002356,172.31.40.0-255,66,112842,76,228633
43906,0.004622,74.125.24.0-255,4320,117162,76,228633
43907,0.004628,172.31.40.0-255,66,117228,76,228633
43908,0.004647,74.125.24.0-255,1484,118712,76,228633
43909,0.006889,74.125.24.0-255,4320,123032,76,228633
43910,0.006892,172.31.40.0-255,66,123098,76,228633
43911,0.009146,74.125.24.0-255,5738,128836,76,228633
43912,0.009152,172.31.40.0-255,66,128902,76,228633
43913,0.011465,74.125.24.0-255,5738,134640,76,228633
43914,0.011473,172.31.40.0-255,66,134706,76,228633
43915,0.013748,74.125.24.0-255,5738,140444,76,228633
43916,0.013757,172.31.40.0-255,66,140510,76,228633
43917,0.016033,74.125.24.0-255,5738,146248,76,228633
43918,0.016043,172.31.40.0-255,66,146314,76,228633
43919,0.018307,74.125.24.0-255,5738,152052,76,228633
43920,0.018317,172.31.40.0-255,66,152118,76,228633
43921,0.020657,74.125.24.0-255,5738,157856,76,228633
43922,0.020666,172.31.40.0-255,66,157922,76,228633
43923,0.022985,74.125.24.0-255,5738,163660,76,228633
43924,0.022995,172.31.40.0-255,66,163726,76,228633
43925,0.0253,74.125.24.0-255,5738,169464,76,228633
43926,0.025308,172.31.40.0-255,66,169530,76,228633
43927,0.027638,74.125.24.0-255,5738,175268,76,228633
43928,0.027646,172.31.40.0-255,66,175334,76,228633
43929,0.029973,74.125.24.0-255,5738,181072,76,228633
43930,0.029981,172.31.40.0-255,66,181138,76,228633
43931,0.032267,74.125.24.0-255,5738,186876,76,228633
43932,0.032282,172.31.40.0-255,66,186942,76,228633
43933,0.034565,74.125.24.0-255,5738,192680,76,228633
43934,0.034572,172.31.40.0-255,66,192746,76,228633
43935,0.035064,172.31.40.0-255,171,192917,76,228633
43936,0.035091,172.31.40.0-255,1132,194049,76,228633
43937,0.035141,172.31.40.0-255,1514,195563,76,228633
43938,0.035142,172.31.40.0-255,1284,196847,76,228633
43939,0.036626,104.244.42.0-255,66,196913,76,228633
43940,0.036662,104.244.42.0-255,66,196979,76,228633
43941,0.036711,104.244.42.0-255,66,197045,76,228633
43942,0.036845,74.125.24.0-255,5738,202783,76,228633
43943,0.03685,172.31.40.0-255,66,202849,76,228633
43944,0.039219,74.125.24.0-255,5738,208587,76,228633
43945,0.039225,172.31.40.0-255,66,208653,76,228633
43946,0.041583,74.125.24.0-255,5738,214391,76,228633
43947,0.04159,172.31.40.0-255,66,214457,76,228633
43948,0.043871,74.125.24.0-255,5738,220195,76,228633
43949,0.043879,172.31.40.0-255,66,220261,76,228633
43950,0.046171,74.125.24.0-255,5738,225999,76,228633
43951,0.046178,172.31.40.0-255,66,226065,76,228633
43952,0.048455,74.125.24.0-255,2397,228462,76,228633
43953,0.048465,172.31.40.0-255,66,228528,76,228633
43954,0.048658,172.31.40.0-255,105,228633,76,228633
43955,0.0,74.125.130.0-255,153,153,76,306007
43956,2.1e-05,172.31.40.0-255,66,219,76,306007
43957,2.8e-05,74.125.130.0-255,1484,1703,76,306007
43958,3.2e-05,172.31.40.0-255,66,1769,76,306007
43959,3.4e-05,74.125.130.0-255,1484,3253,76,306007
43960,3.6e-05,172.31.40.0-255,66,3319,76,306007
43961,4.7e-05,74.125.130.0-255,2902,6221,76,306007
43962,5e-05,172.31.40.0-255,66,6287,76,306007
43963,8.5e-05,74.125.130.0-255,5738,12025,76,306007
43964,8.8e-05,172.31.40.0-255,66,12091,76,306007
43965,9.1e-05,74.125.130.0-255,1484,13575,76,306007
43966,0.000104,172.31.40.0-255,66,13641,76,306007
43967,0.000129,74.125.130.0-255,645,14286,76,306007
43968,0.000131,172.31.40.0-255,66,14352,76,306007
43969,0.000275,74.125.130.0-255,1484,15836,76,306007
43970,0.00028,172.31.40.0-255,66,15902,76,306007
43971,0.000283,74.125.130.0-255,1484,17386,76,306007
43972,0.000285,172.31.40.0-255,66,17452,76,306007
43973,0.000288,74.125.130.0-255,1484,18936,76,306007
43974,0.00029,172.31.40.0-255,66,19002,76,306007
43975,0.000307,74.125.130.0-255,1484,20486,76,306007
43976,0.000308,172.31.40.0-255,66,20552,76,306007
43977,0.000318,74.125.130.0-255,5738,26290,76,306007
43978,0.00032,172.31.40.0-255,66,26356,76,306007
43979,0.000347,74.125.130.0-255,5379,31735,76,306007
43980,0.000349,172.31.40.0-255,66,31801,76,306007
43981,0.000379,74.125.130.0-255,5738,37539,76,306007
43982,0.000381,172.31.40.0-255,66,37605,76,306007
43983,0.000384,74.125.130.0-255,1484,39089,76,306007
43984,0.000385,172.31.40.0-255,66,39155,76,306007
43985,0.000419,74.125.130.0-255,7156,46311,76,306007
43986,0.000422,172.31.40.0-255,66,46377,76,306007
43987,0.000436,172.31.40.0-255,66,46443,76,306007
43988,0.000441,74.125.130.0-255,4320,50763,76,306007
43989,0.000444,172.31.40.0-255,66,50829,76,306007
43990,0.000471,74.125.130.0-255,1484,52313,76,306007
43991,0.000487,74.125.130.0-255,3602,55915,76,306007
43992,0.000489,172.31.40.0-255,66,55981,76,306007
43993,0.000513,74.125.130.0-255,397,56378,76,306007
43994,0.000556,74.125.130.0-255,377,56755,76,306007
43995,0.00066,74.125.130.0-255,1484,58239,76,306007
43996,0.000664,172.31.40.0-255,66,58305,76,306007
43997,0.000691,74.125.130.0-255,2902,61207,76,306007
43998,0.000694,172.31.40.0-255,66,61273,76,306007
43999,0.000697,74.125.130.0-255,2902,64175,76,306007
44000,0.000699,172.31.40.0-255,66,64241,76,306007
44001,0.000704,74.125.130.0-255,4320,68561,76,306007
44002,0.00071,172.31.40.0-255,66,68627,76,306007
44003,0.00075,172.31.40.0-255,66,68693,76,306007
44004,0.000756,74.125.130.0-255,5738,74431,76,306007
44005,0.000758,172.31.40.0-255,66,74497,76,306007
44006,0.000764,74.125.130.0-255,7156,81653,76,306007
44007,0.00077,172.31.40.0-255,66,81719,76,306007
44008,0.000773,74.125.130.0-255,766,82485,76,306007
44009,0.001138,74.125.130.0-255,1484,83969,76,306007
44010,0.001142,172.31.40.0-255,66,84035,76,306007
44011,0.001149,74.125.130.0-255,2902,86937,76,306007
44012,0.00115,172.31.40.0-255,66,87003,76,306007
44013,0.001203,74.125.130.0-255,5738,92741,76,306007
44014,0.001205,172.31.40.0-255,66,92807,76,306007
44015,0.001212,74.125.130.0-255,7156,99963,76,306007
44016,0.001214,172.31.40.0-255,66,100029,76,306007
44017,0.001226,172.31.40.0-255,66,100095,76,306007
44018,0.00127,172.31.40.0-255,66,100161,76,306007
44019,0.001341,74.125.130.0-255,1484,101645,76,306007
44020,0.00136,74.125.130.0-255,2902,104547,76,306007
44021,0.001363,172.31.40.0-255,66,104613,76,306007
44022,0.001383,74.125.130.0-255,5738,110351,76,306007
44023,0.001386,172.31.40.0-255,66,110417,76,306007
44024,0.001392,74.125.130.0-255,5738,116155,76,306007
44025,0.001394,172.31.40.0-255,66,116221,76,306007
44026,0.001423,74.125.130.0-255,7156,123377,76,306007
44027,0.001426,172.31.40.0-255,66,123443,76,306007
44028,0.001438,74.125.130.0-255,1484,124927,76,306007
44029,0.001467,172.31.40.0-255,66,124993,76,306007
44030,0.001597,74.125.130.0-255,1484,126477,76,306007
44031,0.001617,74.125.130.0-255,2902,129379,76,306007
44032,0.001619,172.31.40.0-255,66,129445,76,306007
44033,0.00165,74.125.130.0-255,5738,135183,76,306007
44034,0.001653,172.31.40.0-255,66,135249,76,306007
44035,0.001655,74.125.130.0-255,1484,136733,76,306007
44036,0.001658,74.125.130.0-255,1484,138217,76,306007
44037,0.00166,172.31.40.0-255,66,138283,76,306007
44038,0.001688,74.125.130.0-255,1484,139767,76,306007
44039,0.001694,74.125.130.0-255,5738,145505,76,306007
44040,0.001696,172.31.40.0-255,66,145571,76,306007
44041,0.0017,74.125.130.0-255,1484,147055,76,306007
44042,0.001728,74.125.130.0-255,4320,151375,76,306007
44043,0.001731,172.31.40.0-255,66,151441,76,306007
44044,0.001737,74.125.130.0-255,7156,158597,76,306007
44045,0.001739,172.31.40.0-255,66,158663,76,306007
44046,0.001742,74.125.130.0-255,766,159429,76,306007
44047,0.00195,74.125.130.0-255,1484,160913,76,306007
44048,0.001954,172.31.40.0-255,66,160979,76,306007
44049,0.001975,74.125.130.0-255,2902,163881,76,306007
44050,0.001979,172.31.40.0-255,66,163947,76,306007
44051,0.001991,74.125.130.0-255,5738,169685,76,306007
44052,0.001994,172.31.40.0-255,66,169751,76,306007
44053,0.002004,74.125.130.0-255,4320,174071,76,306007
44054,0.002006,172.31.40.0-255,66,174137,76,306007
44055,0.002008,74.125.130.0-255,1484,175621,76,306007
44056,0.002039,74.125.130.0-255,4320,179941,76,306007
44057,0.002041,172.31.40.0-255,66,180007,76,306007
44058,0.002045,74.125.130.0-255,1484,181491,76,306007
44059,0.002081,172.31.40.0-255,66,181557,76,306007
44060,0.002085,74.125.130.0-255,2184,183741,76,306007
44061,0.002087,172.31.40.0-255,66,183807,76,306007
44062,0.002144,172.31.40.0-255,66,183873,76,306007
44063,0.002184,172.31.40.0-255,66,183939,76,306007
44064,0.002208,74.125.130.0-255,1484,185423,76,306007
44065,0.002221,172.31.40.0-255,66,185489,76,306007
44066,0.004485,74.125.130.0-255,5738,191227,76,306007
44067,0.004491,172.31.40.0-255,66,191293,76,306007
44068,0.006749,74.125.130.0-255,2902,194195,76,306007
44069,0.006754,172.31.40.0-255,66,194261,76,306007
44070,0.006782,74.125.130.0-255,2902,197163,76,306007
44071,0.006786,172.31.40.0-255,66,197229,76,306007
44072,0.009063,74.125.130.0-255,5738,202967,76,306007
44073,0.009078,172.31.40.0-255,66,203033,76,306007
44074,0.01135,74.125.130.0-255,5738,208771,76,306007
44075,0.011372,172.31.40.0-255,66,208837,76,306007
44076,0.013648,74.125.130.0-255,5738,214575,76,306007
44077,0.013661,172.31.40.0-255,66,214641,76,306007
44078,0.015923,74.125.130.0-255,5738,220379,76,306007
44079,0.01593,172.31.40.0-255,66,220445,76,306007
44080,0.018192,74.125.130.0-255,5738,226183,76,306007
44081,0.018199,172.31.40.0-255,66,226249,76,306007
44082,0.020469,74.125.130.0-255,5738,231987,76,306007
44083,0.020482,172.31.40.0-255,66,232053,76,306007
44084,0.022744,74.125.130.0-255,5738,237791,76,306007
44085,0.022754,172.31.40.0-255,66,237857,76,306007
44086,0.025029,74.125.130.0-255,5738,243595,76,306007
44087,0.025044,172.31.40.0-255,66,243661,76,306007
44088,0.027315,74.125.130.0-255,5738,249399,76,306007
44089,0.027322,172.31.40.0-255,66,249465,76,306007
44090,0.029606,74.125.130.0-255,5738,255203,76,306007
44091,0.029622,172.31.40.0-255,66,255269,76,306007
44092,0.031891,74.125.130.0-255,5738,261007,76,306007
44093,0.031899,172.31.40.0-255,66,261073,76,306007
44094,0.034164,74.125.130.0-255,5738,266811,76,306007
44095,0.034171,172.31.40.0-255,66,266877,76,306007
44096,0.03644,74.125.130.0-255,5738,272615,76,306007
44097,0.036451,172.31.40.0-255,66,272681,76,306007
44098,0.038732,74.125.130.0-255,5738,278419,76,306007
44099,0.038746,172.31.40.0-255,66,278485,76,306007
44100,0.041016,74.125.130.0-255,5738,284223,76,306007
44101,0.041023,172.31.40.0-255,66,284289,76,306007
44102,0.043282,74.125.130.0-255,5738,290027,76,306007
44103,0.04329,172.31.40.0-255,66,290093,76,306007
44104,0.04558,74.125.130.0-255,5738,295831,76,306007
44105,0.045598,172.31.40.0-255,66,295897,76,306007
44106,0.047871,74.125.130.0-255,5738,301635,76,306007
44107,0.047884,172.31.40.0-255,66,301701,76,306007
44108,0.048239,172.31.40.0-255,176,301877,76,306007
44109,0.04827,172.31.40.0-255,1109,302986,76,306007
44110,0.048329,172.31.40.0-255,1514,304500,76,306007
44111,0.048331,172.31.40.0-255,1309,305809,76,306007
44112,0.049804,104.244.42.0-255,66,305875,76,306007
44113,0.049813,104.244.42.0-255,66,305941,76,306007
44114,0.049886,104.244.42.0-255,66,306007,76,306007
44115,0.0,172.217.194.0-255,153,153,76,293142
44116,2.4e-05,172.31.40.0-255,66,219,76,293142
44117,3.1e-05,172.217.194.0-255,1484,1703,76,293142
44118,3.6e-05,172.31.40.0-255,66,1769,76,293142
44119,4.2e-05,172.217.194.0-255,2902,4671,76,293142
44120,4.6e-05,172.31.40.0-255,66,4737,76,293142
44121,5.1e-05,172.217.194.0-255,2902,7639,76,293142
44122,5.3e-05,172.31.40.0-255,66,7705,76,293142
44123,6.5e-05,172.31.40.0-255,66,7771,76,293142
44124,8.9e-05,172.217.194.0-255,7156,14927,76,293142
44125,9.3e-05,172.31.40.0-255,66,14993,76,293142
44126,0.000122,172.31.40.0-255,66,15059,76,293142
44127,0.000176,172.217.194.0-255,1484,16543,76,293142
44128,0.000179,172.31.40.0-255,66,16609,76,293142
44129,0.000184,172.217.194.0-255,2902,19511,76,293142
44130,0.000186,172.31.40.0-255,66,19577,76,293142
44131,0.000189,172.217.194.0-255,1484,21061,76,293142
44132,0.000191,172.31.40.0-255,66,21127,76,293142
44133,0.000221,172.217.194.0-255,4320,25447,76,293142
44134,0.000225,172.31.40.0-255,66,25513,76,293142
44135,0.000239,172.31.40.0-255,66,25579,76,293142
44136,0.000247,172.217.194.0-255,7156,32735,76,293142
44137,0.000249,172.31.40.0-255,66,32801,76,293142
44138,0.000276,172.217.194.0-255,2543,35344,76,293142
44139,0.000278,172.31.40.0-255,66,35410,76,293142
44140,0.000326,172.217.194.0-255,646,36056,76,293142
44141,0.00033,172.31.40.0-255,66,36122,76,293142
44142,0.000415,172.217.194.0-255,1484,37606,76,293142
44143,0.000418,172.31.40.0-255,66,37672,76,293142
44144,0.000424,172.217.194.0-255,2902,40574,76,293142
44145,0.000426,172.31.40.0-255,66,40640,76,293142
44146,0.000429,172.217.194.0-255,1484,42124,76,293142
44147,0.00045,172.217.194.0-255,5738,47862,76,293142
44148,0.000453,172.31.40.0-255,66,47928,76,293142
44149,0.000506,172.217.194.0-255,5379,53307,76,293142
44150,0.000509,172.31.40.0-255,66,53373,76,293142
44151,0.000516,172.217.194.0-255,5738,59111,76,293142
44152,0.000518,172.31.40.0-255,66,59177,76,293142
44153,0.000537,172.217.194.0-255,1484,60661,76,293142
44154,0.000551,172.217.194.0-255,4320,64981,76,293142
44155,0.000554,172.31.40.0-255,66,65047,76,293142
44156,0.000578,172.217.194.0-255,5379,70426,76,293142
44157,0.000581,172.31.40.0-255,66,70492,76,293142
44158,0.001254,172.217.194.0-255,1484,71976,76,293142
44159,0.00126,172.217.194.0-255,2902,74878,76,293142
44160,0.001273,172.31.40.0-255,66,74944,76,293142
44161,0.001278,172.217.194.0-255,2902,77846,76,293142
44162,0.001281,172.31.40.0-255,66,77912,76,293142
44163,0.001295,172.217.194.0-255,2902,80814,76,293142
44164,0.001298,172.31.40.0-255,66,80880,76,293142
44165,0.001304,172.217.194.0-255,4320,85200,76,293142
44166,0.001306,172.31.40.0-255,66,85266,76,293142
44167,0.001336,172.217.194.0-255,1994,87260,76,293142
44168,0.001339,172.31.40.0-255,66,87326,76,293142
44169,0.001347,172.217.194.0-255,7156,94482,76,293142
44170,0.001349,172.31.40.0-255,66,94548,76,293142
44171,0.001355,172.217.194.0-255,4320,98868,76,293142
44172,0.001357,172.31.40.0-255,66,98934,76,293142
44173,0.00138,172.31.40.0-255,66,99000,76,293142
44174,0.001401,172.217.194.0-255,2902,101902,76,293142
44175,0.001404,172.31.40.0-255,66,101968,76,293142
44176,0.001447,172.31.40.0-255,66,102034,76,293142
44177,0.00146,172.217.194.0-255,766,102800,76,293142
44178,0.001543,172.217.194.0-255,1484,104284,76,293142
44179,0.001547,172.31.40.0-255,66,104350,76,293142
44180,0.001553,172.217.194.0-255,2902,107252,76,293142
44181,0.001555,172.31.40.0-255,66,107318,76,293142
44182,0.001581,172.217.194.0-255,5738,113056,76,293142
44183,0.001585,172.31.40.0-255,66,113122,76,293142
44184,0.001592,172.217.194.0-255,1484,114606,76,293142
44185,0.001609,172.217.194.0-255,5738,120344,76,293142
44186,0.001611,172.31.40.0-255,66,120410,76,293142
44187,0.001642,172.217.194.0-255,5738,126148,76,293142
44188,0.001645,172.31.40.0-255,66,126214,76,293142
44189,0.001651,172.217.194.0-255,5738,131952,76,293142
44190,0.001653,172.31.40.0-255,66,132018,76,293142
44191,0.001669,172.217.194.0-255,5020,137038,76,293142
44192,0.001672,172.31.40.0-255,66,137104,76,293142
44193,0.001949,172.217.194.0-255,1484,138588,76,293142
44194,0.001954,172.217.194.0-255,1484,140072,76,293142
44195,0.001958,172.31.40.0-255,66,140138,76,293142
44196,0.001974,172.217.194.0-255,1484,141622,76,293142
44197,0.00198,172.217.194.0-255,4320,145942,76,293142
44198,0.001984,172.31.40.0-255,66,146008,76,293142
44199,0.001998,172.217.194.0-255,1484,147492,76,293142
44200,0.002002,172.217.194.0-255,1484,148976,76,293142
44201,0.002004,172.31.40.0-255,66,149042,76,293142
44202,0.002041,172.31.40.0-255,66,149108,76,293142
44203,0.004042,172.217.194.0-255,5738,154846,76,293142
44204,0.004048,172.31.40.0-255,66,154912,76,293142
44205,0.006005,172.217.194.0-255,5738,160650,76,293142
44206,0.006009,172.31.40.0-255,66,160716,76,293142
44207,0.007975,172.217.194.0-255,5738,166454,76,293142
44208,0.00798,172.31.40.0-255,66,166520,76,293142
44209,0.009971,172.217.194.0-255,5738,172258,76,293142
44210,0.00998,172.31.40.0-255,66,172324,76,293142
44211,0.011944,172.217.194.0-255,5738,178062,76,293142
44212,0.011951,172.31.40.0-255,66,178128,76,293142
44213,0.013941,172.217.194.0-255,5738,183866,76,293142
44214,0.013949,172.31.40.0-255,66,183932,76,293142
44215,0.015949,172.217.194.0-255,5738,189670,76,293142
44216,0.015957,172.31.40.0-255,66,189736,76,293142
44217,0.017938,172.217.194.0-255,5738,195474,76,293142
44218,0.017945,172.31.40.0-255,66,195540,76,293142
44219,0.019927,172.217.194.0-255,5738,201278,76,293142
44220,0.019942,172.31.40.0-255,66,201344,76,293142
44221,0.02199,172.217.194.0-255,5738,207082,76,293142
44222,0.022005,172.31.40.0-255,66,207148,76,293142
44223,0.023997,172.217.194.0-255,5738,212886,76,293142
44224,0.024009,172.31.40.0-255,66,212952,76,293142
44225,0.025972,172.217.194.0-255,5738,218690,76,293142
44226,0.025982,172.31.40.0-255,66,218756,76,293142
44227,0.027954,172.217.194.0-255,5738,224494,76,293142
44228,0.02796,172.31.40.0-255,66,224560,76,293142
44229,0.029955,172.217.194.0-255,5738,230298,76,293142
44230,0.029964,172.31.40.0-255,66,230364,76,293142
44231,0.031955,172.217.194.0-255,5738,236102,76,293142
44232,0.031965,172.31.40.0-255,66,236168,76,293142
44233,0.033973,172.217.194.0-255,5738,241906,76,293142
44234,0.033988,172.31.40.0-255,66,241972,76,293142
44235,0.035974,172.217.194.0-255,5738,247710,76,293142
44236,0.035982,172.31.40.0-255,66,247776,76,293142
44237,0.037976,172.217.194.0-255,5738,253514,76,293142
44238,0.037991,172.31.40.0-255,66,253580,76,293142
44239,0.039972,172.217.194.0-255,5738,259318,76,293142
44240,0.03998,172.31.40.0-255,66,259384,76,293142
44241,0.041973,172.217.194.0-255,5738,265122,76,293142
44242,0.041986,172.31.40.0-255,66,265188,76,293142
44243,0.043391,172.31.40.0-255,172,265360,76,293142
44244,0.043422,172.31.40.0-255,1109,266469,76,293142
44245,0.043506,172.31.40.0-255,1514,267983,76,293142
44246,0.043508,172.31.40.0-255,1307,269290,76,293142
44247,0.043989,172.217.194.0-255,5738,275028,76,293142
44248,0.043997,172.31.40.0-255,66,275094,76,293142
44249,0.044929,104.244.42.0-255,66,275160,76,293142
44250,0.045033,104.244.42.0-255,66,275226,76,293142
44251,0.045038,104.244.42.0-255,66,275292,76,293142
44252,0.046,172.217.194.0-255,5738,281030,76,293142
44253,0.046007,172.31.40.0-255,66,281096,76,293142
44254,0.046736,104.244.42.0-255,108,281204,76,293142
44255,0.046747,172.31.40.0-255,66,281270,76,293142
44256,0.047976,172.217.194.0-255,2902,284172,76,293142
44257,0.047981,172.31.40.0-255,66,284238,76,293142
44258,0.048002,172.217.194.0-255,2902,287140,76,293142
44259,0.048005,172.31.40.0-255,66,287206,76,293142
44260,0.049953,172.217.194.0-255,2902,290108,76,293142
44261,0.049966,172.31.40.0-255,66,290174,76,293142
44262,0.049988,172.217.194.0-255,2902,293076,76,293142
44263,0.049991,172.31.40.0-255,66,293142,76,293142
44264,0.0,172.217.194.0-255,153,153,76,235225
44265,2.3e-05,172.31.40.0-255,66,219,76,235225
44266,2.9e-05,172.217.194.0-255,1484,1703,76,235225
44267,3.4e-05,172.31.40.0-255,66,1769,76,235225
44268,4e-05,172.217.194.0-255,2902,4671,76,235225
44269,4.3e-05,172.31.40.0-255,66,4737,76,235225
44270,5.1e-05,172.217.194.0-255,7156,11893,76,235225
44271,5.3e-05,172.31.40.0-255,66,11959,76,235225
44272,5.7e-05,172.217.194.0-255,2099,14058,76,235225
44273,6e-05,172.31.40.0-255,66,14124,76,235225
44274,0.000276,172.217.194.0-255,1484,15608,76,235225
44275,0.000281,172.31.40.0-255,66,15674,76,235225
44276,0.000287,172.217.194.0-255,2902,18576,76,235225
44277,0.000289,172.31.40.0-255,66,18642,76,235225
44278,0.000294,172.217.194.0-255,2902,21544,76,235225
44279,0.000297,172.31.40.0-255,66,21610,76,235225
44280,0.000316,172.217.194.0-255,2902,24512,76,235225
44281,0.000318,172.31.40.0-255,66,24578,76,235225
44282,0.000388,172.217.194.0-255,2902,27480,76,235225
44283,0.000392,172.31.40.0-255,66,27546,76,235225
44284,0.00041,172.217.194.0-255,3961,31507,76,235225
44285,0.000416,172.31.40.0-255,66,31573,76,235225
44286,0.00047,172.217.194.0-255,1484,33057,76,235225
44287,0.000474,172.31.40.0-255,66,33123,76,235225
44288,0.00048,172.217.194.0-255,2902,36025,76,235225
44289,0.000482,172.31.40.0-255,66,36091,76,235225
44290,0.000497,172.217.194.0-255,2902,38993,76,235225
44291,0.000499,172.31.40.0-255,66,39059,76,235225
44292,0.000512,172.217.194.0-255,1484,40543,76,235225
44293,0.000515,172.31.40.0-255,66,40609,76,235225
44294,0.000521,172.217.194.0-255,5738,46347,76,235225
44295,0.000524,172.31.40.0-255,66,46413,76,235225
44296,0.000556,172.31.40.0-255,66,46479,76,235225
44297,0.00056,172.217.194.0-255,2902,49381,76,235225
44298,0.000562,172.31.40.0-255,66,49447,76,235225
44299,0.000599,172.217.194.0-255,3961,53408,76,235225
44300,0.000602,172.31.40.0-255,66,53474,76,235225
44301,0.001044,172.217.194.0-255,378,53852,76,235225
44302,0.001113,172.31.40.0-255,66,53918,76,235225
44303,0.001303,172.217.194.0-255,365,54283,76,235225
44304,0.001341,172.217.194.0-255,1484,55767,76,235225
44305,0.001345,172.31.40.0-255,66,55833,76,235225
44306,0.001353,172.217.194.0-255,4320,60153,76,235225
44307,0.001355,172.31.40.0-255,66,60219,76,235225
44308,0.001405,172.31.40.0-255,66,60285,76,235225
44309,0.001408,172.217.194.0-255,1484,61769,76,235225
44310,0.001452,172.31.40.0-255,66,61835,76,235225
44311,0.001477,172.217.194.0-255,6438,68273,76,235225
44312,0.00148,172.31.40.0-255,66,68339,76,235225
44313,0.001685,172.217.194.0-255,1484,69823,76,235225
44314,0.001692,172.217.194.0-255,2902,72725,76,235225
44315,0.001696,172.31.40.0-255,66,72791,76,235225
44316,0.001718,172.217.194.0-255,1484,74275,76,235225
44317,0.001734,172.217.194.0-255,4320,78595,76,235225
44318,0.001737,172.31.40.0-255,66,78661,76,235225
44319,0.001745,172.217.194.0-255,5738,84399,76,235225
44320,0.001747,172.31.40.0-255,66,84465,76,235225
44321,0.001785,172.31.40.0-255,66,84531,76,235225
44322,0.001791,172.217.194.0-255,5020,89551,76,235225
44323,0.001795,172.31.40.0-255,66,89617,76,235225
44324,0.002062,172.217.194.0-255,1484,91101,76,235225
44325,0.00207,172.217.194.0-255,2902,94003,76,235225
44326,0.002074,172.31.40.0-255,66,94069,76,235225
44327,0.002078,172.217.194.0-255,1484,95553,76,235225
44328,0.002097,172.217.194.0-255,4320,99873,76,235225
44329,0.002099,172.31.40.0-255,66,99939,76,235225
44330,0.002102,172.217.194.0-255,1484,101423,76,235225
44331,0.002119,172.217.194.0-255,4320,105743,76,235225
44332,0.002121,172.31.40.0-255,66,105809,76,235225
44333,0.002141,172.31.40.0-255,66,105875,76,235225
44334,0.002175,172.31.40.0-255,66,105941,76,235225
44335,0.002284,172.217.194.0-255,1484,107425,76,235225
44336,0.002297,172.217.194.0-255,1484,108909,76,235225
44337,0.0023,172.31.40.0-255,66,108975,76,235225
44338,0.002317,172.217.194.0-255,1484,110459,76,235225
44339,0.002323,172.217.194.0-255,4320,114779,76,235225
44340,0.002326,172.31.40.0-255,66,114845,76,235225
44341,0.004628,172.217.194.0-255,5738,120583,76,235225
44342,0.004632,172.31.40.0-255,66,120649,76,235225
44343,0.006919,172.217.194.0-255,5738,126387,76,235225
44344,0.006926,172.31.40.0-255,66,126453,76,235225
44345,0.009232,172.217.194.0-255,5738,132191,76,235225
44346,0.009239,172.31.40.0-255,66,132257,76,235225
44347,0.011553,172.217.194.0-255,5738,137995,76,235225
44348,0.011561,172.31.40.0-255,66,138061,76,235225
44349,0.013874,172.217.194.0-255,5738,143799,76,235225
44350,0.013883,172.31.40.0-255,66,143865,76,235225
44351,0.016204,172.217.194.0-255,5738,149603,76,235225
44352,0.016218,172.31.40.0-255,66,149669,76,235225
44353,0.018493,172.217.194.0-255,5738,155407,76,235225
44354,0.0185,172.31.40.0-255,66,155473,76,235225
44355,0.020773,172.217.194.0-255,5738,161211,76,235225
44356,0.020782,172.31.40.0-255,66,161277,76,235225
44357,0.02307,172.217.194.0-255,5738,167015,76,235225
44358,0.023077,172.31.40.0-255,66,167081,76,235225
44359,0.025389,172.217.194.0-255,5738,172819,76,235225
44360,0.025398,172.31.40.0-255,66,172885,76,235225
44361,0.027702,172.217.194.0-255,5738,178623,76,235225
44362,0.027711,172.31.40.0-255,66,178689,76,235225
44363,0.030001,172.217.194.0-255,5738,184427,76,235225
44364,0.03001,172.31.40.0-255,66,184493,76,235225
44365,0.030673,172.31.40.0-255,172,184665,76,235225
44366,0.030704,172.31.40.0-255,1110,185775,76,235225
44367,0.030761,172.31.40.0-255,1514,187289,76,235225
44368,0.030763,172.31.40.0-255,1306,188595,76,235225
44369,0.032231,104.244.42.0-255,66,188661,76,235225
44370,0.032278,104.244.42.0-255,66,188727,76,235225
44371,0.032297,172.217.194.0-255,5738,194465,76,235225
44372,0.032302,172.31.40.0-255,66,194531,76,235225
44373,0.032327,104.244.42.0-255,66,194597,76,235225
44374,0.034621,172.217.194.0-255,5738,200335,76,235225
44375,0.03464,172.31.40.0-255,66,200401,76,235225
44376,0.03696,172.217.194.0-255,5738,206139,76,235225
44377,0.036976,172.31.40.0-255,66,206205,76,235225
44378,0.039284,172.217.194.0-255,5738,211943,76,235225
44379,0.039296,172.31.40.0-255,66,212009,76,235225
44380,0.041623,172.217.194.0-255,5738,217747,76,235225
44381,0.041643,172.31.40.0-255,66,217813,76,235225
44382,0.043967,172.217.194.0-255,5738,223551,76,235225
44383,0.043985,172.31.40.0-255,66,223617,76,235225
44384,0.046277,172.217.194.0-255,5738,229355,76,235225
44385,0.046294,172.31.40.0-255,66,229421,76,235225
44386,0.048608,172.217.194.0-255,5738,235159,76,235225
44387,0.048624,172.31.40.0-255,66,235225,76,235225
44388,0.0,172.217.194.0-255,152,152,76,155295
44389,2.1e-05,172.31.40.0-255,66,218,76,155295
44390,2.8e-05,172.217.194.0-255,1484,1702,76,155295
44391,3.3e-05,172.31.40.0-255,66,1768,76,155295
44392,4e-05,172.217.194.0-255,2902,4670,76,155295
44393,5e-05,172.31.40.0-255,66,4736,76,155295
44394,5.8e-05,172.217.194.0-255,7156,11892,76,155295
44395,6.2e-05,172.31.40.0-255,66,11958,76,155295
44396,6.5e-05,172.217.194.0-255,1484,13442,76,155295
44397,6.7e-05,172.31.40.0-255,66,13508,76,155295
44398,0.000122,172.31.40.0-255,66,13574,76,155295
44399,0.000126,172.217.194.0-255,2543,16117,76,155295
44400,0.000128,172.31.40.0-255,66,16183,76,155295
44401,0.00016,172.217.194.0-255,1484,17667,76,155295
44402,0.000162,172.31.40.0-255,66,17733,76,155295
44403,0.000166,172.217.194.0-255,2902,20635,76,155295
44404,0.000169,172.31.40.0-255,66,20701,76,155295
44405,0.00018,172.217.194.0-255,5738,26439,76,155295
44406,0.000183,172.31.40.0-255,66,26505,76,155295
44407,0.000206,172.217.194.0-255,5738,32243,76,155295
44408,0.000208,172.31.40.0-255,66,32309,76,155295
44409,0.000234,172.31.40.0-255,66,32375,76,155295
44410,0.00025,172.31.40.0-255,66,32441,76,155295
44411,0.001378,172.217.194.0-255,365,32806,76,155295
44412,0.001385,172.31.40.0-255,66,32872,76,155295
44413,0.002318,172.217.194.0-255,1484,34356,76,155295
44414,0.002326,172.31.40.0-255,66,34422,76,155295
44415,0.002333,172.217.194.0-255,2902,37324,76,155295
44416,0.002335,172.31.40.0-255,66,37390,76,155295
44417,0.003682,172.217.194.0-255,1484,38874,76,155295
44418,0.00468,172.217.194.0-255,4320,43194,76,155295
44419,0.004683,172.31.40.0-255,66,43260,76,155295
44420,0.007006,172.217.194.0-255,4320,47580,76,155295
44421,0.007013,172.31.40.0-255,66,47646,76,155295
44422,0.007045,172.217.194.0-255,1484,49130,76,155295
44423,0.009335,172.217.194.0-255,4320,53450,76,155295
44424,0.009344,172.31.40.0-255,66,53516,76,155295
44425,0.011702,172.217.194.0-255,5738,59254,76,155295
44426,0.011711,172.31.40.0-255,66,59320,76,155295
44427,0.014052,172.217.194.0-255,5738,65058,76,155295
44428,0.014063,172.31.40.0-255,66,65124,76,155295
44429,0.016378,172.217.194.0-255,5738,70862,76,155295
44430,0.016386,172.31.40.0-255,66,70928,76,155295
44431,0.018751,172.217.194.0-255,5738,76666,76,155295
44432,0.018758,172.31.40.0-255,66,76732,76,155295
44433,0.021095,172.217.194.0-255,5738,82470,76,155295
44434,0.021105,172.31.40.0-255,66,82536,76,155295
44435,0.023434,172.217.194.0-255,5738,88274,76,155295
44436,0.023438,172.31.40.0-255,66,88340,76,155295
44437,0.024327,172.31.40.0-255,203,88543,76,155295
44438,0.024353,172.31.40.0-255,1108,89651,76,155295
44439,0.024403,172.31.40.0-255,1514,91165,76,155295
44440,0.024405,172.31.40.0-255,1308,92473,76,155295
44441,0.025774,172.217.194.0-255,5738,98211,76,155295
44442,0.025781,172.31.40.0-255,66,98277,76,155295
44443,0.025859,104.244.42.0-255,66,98343,76,155295
44444,0.0259,104.244.42.0-255,66,98409,76,155295
44445,0.025955,104.244.42.0-255,66,98475,76,155295
44446,0.02813,172.217.194.0-255,5738,104213,76,155295
44447,0.028136,172.31.40.0-255,66,104279,76,155295
44448,0.03047,172.217.194.0-255,5738,110017,76,155295
44449,0.030477,172.31.40.0-255,66,110083,76,155295
44450,0.03282,172.217.194.0-255,4320,114403,76,155295
44451,0.032826,172.31.40.0-255,66,114469,76,155295
44452,0.032851,172.217.194.0-255,1484,115953,76,155295
44453,0.035164,172.217.194.0-255,4320,120273,76,155295
44454,0.035169,172.31.40.0-255,66,120339,76,155295
44455,0.037511,172.217.194.0-255,5738,126077,76,155295
44456,0.037516,172.31.40.0-255,66,126143,76,155295
44457,0.039861,172.217.194.0-255,5738,131881,76,155295
44458,0.039868,172.31.40.0-255,66,131947,76,155295
44459,0.042204,172.217.194.0-255,5738,137685,76,155295
44460,0.042211,172.31.40.0-255,66,137751,76,155295
44461,0.044532,172.217.194.0-255,5738,143489,76,155295
44462,0.044539,172.31.40.0-255,66,143555,76,155295
44463,0.046865,172.217.194.0-255,5738,149293,76,155295
44464,0.046872,172.31.40.0-255,66,149359,76,155295
44465,0.049197,172.217.194.0-255,2902,152261,76,155295
44466,0.049204,172.31.40.0-255,66,152327,76,155295
44467,0.049235,172.217.194.0-255,2902,155229,76,155295
44468,0.049238,172.31.40.0-255,66,155295,76,155295
44469,0.0,74.125.200.0-255,153,153,76,249010
44470,2.1e-05,172.31.40.0-255,66,219,76,249010
44471,2.9e-05,74.125.200.0-255,1484,1703,76,249010
44472,3.4e-05,172.31.40.0-255,66,1769,76,249010
44473,4.7e-05,74.125.200.0-255,2902,4671,76,249010
44474,5e-05,172.31.40.0-255,66,4737,76,249010
44475,5.8e-05,74.125.200.0-255,7156,11893,76,249010
44476,6e-05,172.31.40.0-255,66,11959,76,249010
44477,6.4e-05,74.125.200.0-255,2102,14061,76,249010
44478,6.7e-05,172.31.40.0-255,66,14127,76,249010
44479,0.000192,74.125.200.0-255,1484,15611,76,249010
44480,0.00021,172.31.40.0-255,66,15677,76,249010
44481,0.000216,74.125.200.0-255,2902,18579,76,249010
44482,0.000219,172.31.40.0-255,66,18645,76,249010
44483,0.000228,74.125.200.0-255,2902,21547,76,249010
44484,0.000231,172.31.40.0-255,66,21613,76,249010
44485,0.000238,74.125.200.0-255,7156,28769,76,249010
44486,0.00024,172.31.40.0-255,66,28835,76,249010
44487,0.000272,74.125.200.0-255,5738,34573,76,249010
44488,0.000275,172.31.40.0-255,66,34639,76,249010
44489,0.00029,74.125.200.0-255,3961,38600,76,249010
44490,0.000292,172.31.40.0-255,66,38666,76,249010
44491,0.000308,172.31.40.0-255,66,38732,76,249010
44492,0.000362,172.31.40.0-255,66,38798,76,249010
44493,0.000366,74.125.200.0-255,2902,41700,76,249010
44494,0.000368,172.31.40.0-255,66,41766,76,249010
44495,0.000389,74.125.200.0-255,2560,44326,76,249010
44496,0.000395,172.31.40.0-255,66,44392,76,249010
44497,0.000397,74.125.200.0-255,332,44724,76,249010
44498,0.000399,172.31.40.0-255,66,44790,76,249010
44499,0.000559,74.125.200.0-255,1484,46274,76,249010
44500,0.000567,74.125.200.0-255,2902,49176,76,249010
44501,0.00057,172.31.40.0-255,66,49242,76,249010
44502,0.000574,74.125.200.0-255,1484,50726,76,249010
44503,0.000577,74.125.200.0-255,2902,53628,76,249010
44504,0.00058,172.31.40.0-255,66,53694,76,249010
44505,0.000609,74.125.200.0-255,5738,59432,76,249010
44506,0.000611,172.31.40.0-255,66,59498,76,249010
44507,0.000614,74.125.200.0-255,1484,60982,76,249010
44508,0.000637,74.125.200.0-255,2902,63884,76,249010
44509,0.000639,172.31.40.0-255,66,63950,76,249010
44510,0.000667,74.125.200.0-255,5738,69688,76,249010
44511,0.00067,172.31.40.0-255,66,69754,76,249010
44512,0.000672,74.125.200.0-255,1484,71238,76,249010
44513,0.00073,74.125.200.0-255,5738,76976,76,249010
44514,0.000734,172.31.40.0-255,66,77042,76,249010
44515,0.000759,74.125.200.0-255,2184,79226,76,249010
44516,0.000762,172.31.40.0-255,66,79292,76,249010
44517,0.000939,74.125.200.0-255,1484,80776,76,249010
44518,0.000959,74.125.200.0-255,2902,83678,76,249010
44519,0.000963,172.31.40.0-255,66,83744,76,249010
44520,0.000966,74.125.200.0-255,1484,85228,76,249010
44521,0.000993,74.125.200.0-255,4320,89548,76,249010
44522,0.000996,172.31.40.0-255,66,89614,76,249010
44523,0.001,74.125.200.0-255,2902,92516,76,249010
44524,0.001002,172.31.40.0-255,66,92582,76,249010
44525,0.001012,74.125.200.0-255,4320,96902,76,249010
44526,0.001014,172.31.40.0-255,66,96968,76,249010
44527,0.001023,74.125.200.0-255,7156,104124,76,249010
44528,0.001025,172.31.40.0-255,66,104190,76,249010
44529,0.001053,74.125.200.0-255,1484,105674,76,249010
44530,0.001059,74.125.200.0-255,7156,112830,76,249010
44531,0.001062,74.125.200.0-255,766,113596,76,249010
44532,0.001067,172.31.40.0-255,66,113662,76,249010
44533,0.00187,172.31.40.0-255,66,113728,76,249010
44534,0.002236,74.125.200.0-255,1484,115212,76,249010
44535,0.002246,74.125.200.0-255,2902,118114,76,249010
44536,0.00225,172.31.40.0-255,66,118180,76,249010
44537,0.002257,74.125.200.0-255,4320,122500,76,249010
44538,0.00226,172.31.40.0-255,66,122566,76,249010
44539,0.002263,74.125.200.0-255,1484,124050,76,249010
44540,0.004501,74.125.200.0-255,4320,128370,76,249010
44541,0.004506,172.31.40.0-255,66,128436,76,249010
44542,0.006752,74.125.200.0-255,5738,134174,76,249010
44543,0.006756,172.31.40.0-255,66,134240,76,249010
44544,0.009004,74.125.200.0-255,5738,139978,76,249010
44545,0.009011,172.31.40.0-255,66,140044,76,249010
44546,0.01126,74.125.200.0-255,5738,145782,76,249010
44547,0.011268,172.31.40.0-255,66,145848,76,249010
44548,0.013523,74.125.200.0-255,5738,151586,76,249010
44549,0.013534,172.31.40.0-255,66,151652,76,249010
44550,0.015808,74.125.200.0-255,5738,157390,76,249010
44551,0.015817,172.31.40.0-255,66,157456,76,249010
44552,0.018067,74.125.200.0-255,5738,163194,76,249010
44553,0.018078,172.31.40.0-255,66,163260,76,249010
44554,0.020335,74.125.200.0-255,5738,168998,76,249010
44555,0.020344,172.31.40.0-255,66,169064,76,249010
44556,0.022601,74.125.200.0-255,5738,174802,76,249010
44557,0.02261,172.31.40.0-255,66,174868,76,249010
44558,0.024894,74.125.200.0-255,5738,180606,76,249010
44559,0.024903,172.31.40.0-255,66,180672,76,249010
44560,0.026808,172.31.40.0-255,192,180864,76,249010
44561,0.026857,172.31.40.0-255,1110,181974,76,249010
44562,0.026914,172.31.40.0-255,1514,183488,76,249010
44563,0.026915,172.31.40.0-255,1306,184794,76,249010
44564,0.027158,74.125.200.0-255,5738,190532,76,249010
44565,0.027164,172.31.40.0-255,66,190598,76,249010
44566,0.028391,104.244.42.0-255,66,190664,76,249010
44567,0.0284,104.244.42.0-255,66,190730,76,249010
44568,0.028507,104.244.42.0-255,66,190796,76,249010
44569,0.029153,104.244.42.0-255,108,190904,76,249010
44570,0.029163,172.31.40.0-255,66,190970,76,249010
44571,0.029418,74.125.200.0-255,5738,196708,76,249010
44572,0.029423,172.31.40.0-255,66,196774,76,249010
44573,0.031689,74.125.200.0-255,5738,202512,76,249010
44574,0.031696,172.31.40.0-255,66,202578,76,249010
44575,0.033952,74.125.200.0-255,5738,208316,76,249010
44576,0.033959,172.31.40.0-255,66,208382,76,249010
44577,0.036282,74.125.200.0-255,5738,214120,76,249010
44578,0.036288,172.31.40.0-255,66,214186,76,249010
44579,0.038557,74.125.200.0-255,5738,219924,76,249010
44580,0.038564,172.31.40.0-255,66,219990,76,249010
44581,0.040829,74.125.200.0-255,5738,225728,76,249010
44582,0.040838,172.31.40.0-255,66,225794,76,249010
44583,0.043104,74.125.200.0-255,5738,231532,76,249010
44584,0.043111,172.31.40.0-255,66,231598,76,249010
44585,0.045384,74.125.200.0-255,5738,237336,76,249010
44586,0.045406,172.31.40.0-255,66,237402,76,249010
44587,0.047681,74.125.200.0-255,5738,243140,76,249010
44588,0.047698,172.31.40.0-255,66,243206,76,249010
44589,0.049962,74.125.200.0-255,5738,248944,76,249010
44590,0.049988,172.31.40.0-255,66,249010,76,249010
44591,0.0,172.31.40.0-255,105,105,76,459
44592,0.000167,172.31.40.0-255,90,195,76,459
44593,0.000179,172.31.40.0-255,66,261,76,459
44594,0.002722,74.125.68.0-255,66,327,76,459
44595,0.002753,74.125.68.0-255,66,393,76,459
44596,0.002777,172.31.40.0-255,66,459,76,459
44597,0.0,172.217.194.0-255,153,153,76,228589
44598,2.4e-05,172.31.40.0-255,66,219,76,228589
44599,3.1e-05,172.217.194.0-255,1484,1703,76,228589
44600,3.6e-05,172.31.40.0-255,66,1769,76,228589
44601,4.2e-05,172.217.194.0-255,2902,4671,76,228589
44602,5.3e-05,172.31.40.0-255,66,4737,76,228589
44603,6.1e-05,172.217.194.0-255,7156,11893,76,228589
44604,6.3e-05,172.31.40.0-255,66,11959,76,228589
44605,6.8e-05,172.217.194.0-255,2063,14022,76,228589
44606,7e-05,172.31.40.0-255,66,14088,76,228589
44607,0.000103,172.217.194.0-255,4320,18408,76,228589
44608,0.000106,172.31.40.0-255,66,18474,76,228589
44609,0.00014,172.217.194.0-255,7156,25630,76,228589
44610,0.000143,172.31.40.0-255,66,25696,76,228589
44611,0.000149,172.217.194.0-255,5379,31075,76,228589
44612,0.000152,172.31.40.0-255,66,31141,76,228589
44613,0.000919,172.217.194.0-255,1484,32625,76,228589
44614,0.000925,172.31.40.0-255,66,32691,76,228589
44615,0.000935,172.217.194.0-255,2902,35593,76,228589
44616,0.000937,172.31.40.0-255,66,35659,76,228589
44617,0.00095,172.217.194.0-255,5738,41397,76,228589
44618,0.000952,172.31.40.0-255,66,41463,76,228589
44619,0.001016,172.31.40.0-255,66,41529,76,228589
44620,0.001028,172.31.40.0-255,66,41595,76,228589
44621,0.001031,172.217.194.0-255,647,42242,76,228589
44622,0.001033,172.31.40.0-255,66,42308,76,228589
44623,0.00108,172.217.194.0-255,1484,43792,76,228589
44624,0.001083,172.31.40.0-255,66,43858,76,228589
44625,0.001088,172.217.194.0-255,4320,48178,76,228589
44626,0.001091,172.31.40.0-255,66,48244,76,228589
44627,0.001098,172.217.194.0-255,7156,55400,76,228589
44628,0.001101,172.31.40.0-255,66,55466,76,228589
44629,0.001154,172.31.40.0-255,66,55532,76,228589
44630,0.001159,172.217.194.0-255,5020,60552,76,228589
44631,0.001162,172.31.40.0-255,66,60618,76,228589
44632,0.001971,172.217.194.0-255,1484,62102,76,228589
44633,0.001981,172.217.194.0-255,2902,65004,76,228589
44634,0.001986,172.31.40.0-255,66,65070,76,228589
44635,0.001993,172.217.194.0-255,4320,69390,76,228589
44636,0.001996,172.31.40.0-255,66,69456,76,228589
44637,0.002029,172.217.194.0-255,1484,70940,76,228589
44638,0.002037,172.217.194.0-255,7156,78096,76,228589
44639,0.002039,172.31.40.0-255,66,78162,76,228589
44640,0.002054,172.31.40.0-255,66,78228,76,228589
44641,0.002058,172.217.194.0-255,2184,80412,76,228589
44642,0.002061,172.31.40.0-255,66,80478,76,228589
44643,0.002161,172.217.194.0-255,1484,81962,76,228589
44644,0.00218,172.217.194.0-255,2902,84864,76,228589
44645,0.002182,172.31.40.0-255,66,84930,76,228589
44646,0.002189,172.217.194.0-255,4320,89250,76,228589
44647,0.002191,172.31.40.0-255,66,89316,76,228589
44648,0.002214,172.217.194.0-255,1484,90800,76,228589
44649,0.002227,172.217.194.0-255,7156,97956,76,228589
44650,0.002229,172.31.40.0-255,66,98022,76,228589
44651,0.002235,172.217.194.0-255,5738,103760,76,228589
44652,0.002238,172.31.40.0-255,66,103826,76,228589
44653,0.002272,172.31.40.0-255,66,103892,76,228589
44654,0.002277,172.217.194.0-255,3602,107494,76,228589
44655,0.00228,172.31.40.0-255,66,107560,76,228589
44656,0.002332,172.31.40.0-255,66,107626,76,228589
44657,0.00235,172.31.40.0-255,66,107692,76,228589
44658,0.002426,172.217.194.0-255,1484,109176,76,228589
44659,0.002439,172.217.194.0-255,2902,112078,76,228589
44660,0.002442,172.31.40.0-255,66,112144,76,228589
44661,0.002465,172.217.194.0-255,4320,116464,76,228589
44662,0.002468,172.31.40.0-255,66,116530,76,228589
44663,0.002474,172.217.194.0-255,5738,122268,76,228589
44664,0.002477,172.31.40.0-255,66,122334,76,228589
44665,0.00248,172.217.194.0-255,1484,123818,76,228589
44666,0.002522,172.31.40.0-255,66,123884,76,228589
44667,0.002535,172.31.40.0-255,66,123950,76,228589
44668,0.00509,172.217.194.0-255,5738,129688,76,228589
44669,0.005112,172.31.40.0-255,66,129754,76,228589
44670,0.00769,172.217.194.0-255,5738,135492,76,228589
44671,0.007707,172.31.40.0-255,66,135558,76,228589
44672,0.010327,172.217.194.0-255,5738,141296,76,228589
44673,0.010345,172.31.40.0-255,66,141362,76,228589
44674,0.012239,172.31.40.0-255,101,141463,76,228589
44675,0.012887,172.217.194.0-255,5738,147201,76,228589
44676,0.012893,172.31.40.0-255,66,147267,76,228589
44677,0.014774,172.217.194.0-255,66,147333,76,228589
44678,0.01545,172.217.194.0-255,5738,153071,76,228589
44679,0.015456,172.31.40.0-255,66,153137,76,228589
44680,0.018035,172.217.194.0-255,5738,158875,76,228589
44681,0.018044,172.31.40.0-255,66,158941,76,228589
44682,0.020624,172.217.194.0-255,5738,164679,76,228589
44683,0.020636,172.31.40.0-255,66,164745,76,228589
44684,0.023173,172.217.194.0-255,5738,170483,76,228589
44685,0.023182,172.31.40.0-255,66,170549,76,228589
44686,0.025731,172.217.194.0-255,5738,176287,76,228589
44687,0.02574,172.31.40.0-255,66,176353,76,228589
44688,0.028301,172.217.194.0-255,5738,182091,76,228589
44689,0.028318,172.31.40.0-255,66,182157,76,228589
44690,0.030868,172.217.194.0-255,5738,187895,76,228589
44691,0.030875,172.31.40.0-255,66,187961,76,228589
44692,0.033437,172.217.194.0-255,5738,193699,76,228589
44693,0.033455,172.31.40.0-255,66,193765,76,228589
44694,0.036024,172.217.194.0-255,5738,199503,76,228589
44695,0.036032,172.31.40.0-255,66,199569,76,228589
44696,0.038588,172.217.194.0-255,5738,205307,76,228589
44697,0.038596,172.31.40.0-255,66,205373,76,228589
44698,0.041163,172.217.194.0-255,5738,211111,76,228589
44699,0.041175,172.31.40.0-255,66,211177,76,228589
44700,0.043733,172.217.194.0-255,5738,216915,76,228589
44701,0.04375,172.31.40.0-255,66,216981,76,228589
44702,0.046321,172.217.194.0-255,5738,222719,76,228589
44703,0.04633,172.31.40.0-255,66,222785,76,228589
44704,0.048908,172.217.194.0-255,5738,228523,76,228589
44705,0.048915,172.31.40.0-255,66,228589,76,228589
44706,0.0,172.217.194.0-255,297,297,76,100652
44707,2e-05,172.31.40.0-255,66,363,76,100652
44708,2.7e-05,172.217.194.0-255,1484,1847,76,100652
44709,3.3e-05,172.31.40.0-255,66,1913,76,100652
44710,4.9e-05,172.217.194.0-255,4320,6233,76,100652
44711,5.3e-05,172.31.40.0-255,66,6299,76,100652
44712,6.3e-05,172.31.40.0-255,66,6365,76,100652
44713,0.000102,172.31.40.0-255,66,6431,76,100652
44714,0.000159,172.217.194.0-255,4320,10751,76,100652
44715,0.000162,172.31.40.0-255,66,10817,76,100652
44716,0.000187,172.217.194.0-255,3961,14778,76,100652
44717,0.00019,172.31.40.0-255,66,14844,76,100652
44718,0.000222,172.31.40.0-255,66,14910,76,100652
44719,0.000298,172.31.40.0-255,66,14976,76,100652
44720,0.000342,172.217.194.0-255,5738,20714,76,100652
44721,0.000345,172.31.40.0-255,66,20780,76,100652
44722,0.000393,172.31.40.0-255,66,20846,76,100652
44723,0.000504,172.31.40.0-255,66,20912,76,100652
44724,0.000603,172.217.194.0-255,7156,28068,76,100652
44725,0.000609,172.31.40.0-255,66,28134,76,100652
44726,0.000618,172.217.194.0-255,2902,31036,76,100652
44727,0.000621,172.31.40.0-255,66,31102,76,100652
44728,0.00068,172.217.194.0-255,5098,36200,76,100652
44729,0.000684,172.31.40.0-255,66,36266,76,100652
44730,0.000724,172.217.194.0-255,2902,39168,76,100652
44731,0.000728,172.31.40.0-255,66,39234,76,100652
44732,0.000768,172.31.40.0-255,66,39300,76,100652
44733,0.000876,172.31.40.0-255,66,39366,76,100652
44734,0.00092,172.31.40.0-255,66,39432,76,100652
44735,0.000996,172.217.194.0-255,5738,45170,76,100652
44736,0.001,172.31.40.0-255,66,45236,76,100652
44737,0.001054,172.31.40.0-255,66,45302,76,100652
44738,0.001211,172.217.194.0-255,5738,51040,76,100652
44739,0.001216,172.31.40.0-255,66,51106,76,100652
44740,0.001247,172.31.40.0-255,66,51172,76,100652
44741,0.001371,172.217.194.0-255,5738,56910,76,100652
44742,0.001375,172.31.40.0-255,66,56976,76,100652
44743,0.001415,172.31.40.0-255,66,57042,76,100652
44744,0.001599,172.31.40.0-255,66,57108,76,100652
44745,0.001647,172.31.40.0-255,66,57174,76,100652
44746,0.001831,172.217.194.0-255,2902,60076,76,100652
44747,0.001835,172.31.40.0-255,66,60142,76,100652
44748,0.001885,172.31.40.0-255,66,60208,76,100652
44749,0.001928,172.31.40.0-255,66,60274,76,100652
44750,0.002081,172.217.194.0-255,1484,61758,76,100652
44751,0.002087,172.217.194.0-255,2902,64660,76,100652
44752,0.002091,172.31.40.0-255,66,64726,76,100652
44753,0.002119,172.217.194.0-255,5738,70464,76,100652
44754,0.002122,172.31.40.0-255,66,70530,76,100652
44755,0.002159,172.217.194.0-255,7156,77686,76,100652
44756,0.002162,172.31.40.0-255,66,77752,76,100652
44757,0.002182,172.217.194.0-255,5738,83490,76,100652
44758,0.002184,172.31.40.0-255,66,83556,76,100652
44759,0.002256,172.31.40.0-255,66,83622,76,100652
44760,0.002287,172.31.40.0-255,66,83688,76,100652
44761,0.002392,172.217.194.0-255,5738,89426,76,100652
44762,0.002397,172.31.40.0-255,66,89492,76,100652
44763,0.002439,172.31.40.0-255,66,89558,76,100652
44764,0.002584,172.31.40.0-255,66,89624,76,100652
44765,0.002624,172.31.40.0-255,66,89690,76,100652
44766,0.002781,172.217.194.0-255,7156,96846,76,100652
44767,0.002786,172.31.40.0-255,66,96912,76,100652
44768,0.002836,172.31.40.0-255,66,96978,76,100652
44769,0.005157,172.217.194.0-255,105,97083,76,100652
44770,0.013843,172.31.40.0-255,66,97149,76,100652
44771,0.013894,172.31.40.0-255,105,97254,76,100652
44772,0.016181,172.217.194.0-255,66,97320,76,100652
44773,0.03454,172.31.40.0-255,172,97492,76,100652
44774,0.034576,172.31.40.0-255,1104,98596,76,100652
44775,0.034641,172.31.40.0-255,1514,100110,76,100652
44776,0.034643,172.31.40.0-255,344,100454,76,100652
44777,0.036058,104.244.42.0-255,66,100520,76,100652
44778,0.036122,104.244.42.0-255,66,100586,76,100652
44779,0.036213,104.244.42.0-255,66,100652,76,100652
44780,0.0,74.125.200.0-255,153,153,76,211910
44781,1.5e-05,172.31.40.0-255,66,219,76,211910
44782,2.2e-05,74.125.200.0-255,1484,1703,76,211910
44783,2.6e-05,172.31.40.0-255,66,1769,76,211910
44784,2.9e-05,74.125.200.0-255,1484,3253,76,211910
44785,3.2e-05,172.31.40.0-255,66,3319,76,211910
44786,5.7e-05,74.125.200.0-255,1484,4803,76,211910
44787,6.4e-05,172.31.40.0-255,66,4869,76,211910
44788,7.2e-05,74.125.200.0-255,5738,10607,76,211910
44789,7.5e-05,172.31.40.0-255,66,10673,76,211910
44790,7.9e-05,74.125.200.0-255,2902,13575,76,211910
44791,8.2e-05,172.31.40.0-255,66,13641,76,211910
44792,0.000122,74.125.200.0-255,6285,19926,76,211910
44793,0.000125,172.31.40.0-255,66,19992,76,211910
44794,0.000136,172.31.40.0-255,66,20058,76,211910
44795,0.000143,74.125.200.0-255,1125,21183,76,211910
44796,0.000145,172.31.40.0-255,66,21249,76,211910
44797,0.000503,74.125.200.0-255,1484,22733,76,211910
44798,0.000508,172.31.40.0-255,66,22799,76,211910
44799,0.000513,74.125.200.0-255,1484,24283,76,211910
44800,0.000516,172.31.40.0-255,66,24349,76,211910
44801,0.000535,74.125.200.0-255,1484,25833,76,211910
44802,0.000538,172.31.40.0-255,66,25899,76,211910
44803,0.000548,74.125.200.0-255,4320,30219,76,211910
44804,0.00055,172.31.40.0-255,66,30285,76,211910
44805,0.000553,74.125.200.0-255,1484,31769,76,211910
44806,0.000555,172.31.40.0-255,66,31835,76,211910
44807,0.000597,74.125.200.0-255,4320,36155,76,211910
44808,0.0006,172.31.40.0-255,66,36221,76,211910
44809,0.00061,172.31.40.0-255,66,36287,76,211910
44810,0.000614,74.125.200.0-255,2902,39189,76,211910
44811,0.000617,172.31.40.0-255,66,39255,76,211910
44812,0.000649,74.125.200.0-255,7156,46411,76,211910
44813,0.000652,172.31.40.0-255,66,46477,76,211910
44814,0.000655,74.125.200.0-255,766,47243,76,211910
44815,0.001063,172.31.40.0-255,66,47309,76,211910
44816,0.001585,74.125.200.0-255,391,47700,76,211910
44817,0.001616,74.125.200.0-255,1484,49184,76,211910
44818,0.001621,172.31.40.0-255,66,49250,76,211910
44819,0.001626,74.125.200.0-255,1484,50734,76,211910
44820,0.001656,74.125.200.0-255,1484,52218,76,211910
44821,0.001659,172.31.40.0-255,66,52284,76,211910
44822,0.001666,74.125.200.0-255,5738,58022,76,211910
44823,0.001669,172.31.40.0-255,66,58088,76,211910
44824,0.001681,74.125.200.0-255,7060,65148,76,211910
44825,0.001683,172.31.40.0-255,66,65214,76,211910
44826,0.003581,74.125.200.0-255,4320,69534,76,211910
44827,0.003586,172.31.40.0-255,66,69600,76,211910
44828,0.003613,74.125.200.0-255,1484,71084,76,211910
44829,0.005484,74.125.200.0-255,4320,75404,76,211910
44830,0.005488,172.31.40.0-255,66,75470,76,211910
44831,0.007409,74.125.200.0-255,5738,81208,76,211910
44832,0.007416,172.31.40.0-255,66,81274,76,211910
44833,0.009326,74.125.200.0-255,5738,87012,76,211910
44834,0.009335,172.31.40.0-255,66,87078,76,211910
44835,0.011262,74.125.200.0-255,5738,92816,76,211910
44836,0.011279,172.31.40.0-255,66,92882,76,211910
44837,0.013224,74.125.200.0-255,5738,98620,76,211910
44838,0.013235,172.31.40.0-255,66,98686,76,211910
44839,0.015158,74.125.200.0-255,5738,104424,76,211910
44840,0.015171,172.31.40.0-255,66,104490,76,211910
44841,0.017092,74.125.200.0-255,5738,110228,76,211910
44842,0.017105,172.31.40.0-255,66,110294,76,211910
44843,0.019019,74.125.200.0-255,5738,116032,76,211910
44844,0.019029,172.31.40.0-255,66,116098,76,211910
44845,0.020945,74.125.200.0-255,5738,121836,76,211910
44846,0.020954,172.31.40.0-255,66,121902,76,211910
44847,0.022875,74.125.200.0-255,5738,127640,76,211910
44848,0.022884,172.31.40.0-255,66,127706,76,211910
44849,0.024787,74.125.200.0-255,4320,132026,76,211910
44850,0.024794,172.31.40.0-255,66,132092,76,211910
44851,0.024821,74.125.200.0-255,1484,133576,76,211910
44852,0.025831,172.31.40.0-255,172,133748,76,211910
44853,0.025861,172.31.40.0-255,1109,134857,76,211910
44854,0.025926,172.31.40.0-255,1514,136371,76,211910
44855,0.025928,172.31.40.0-255,1307,137678,76,211910
44856,0.0267,74.125.200.0-255,4320,141998,76,211910
44857,0.026708,172.31.40.0-255,66,142064,76,211910
44858,0.027377,104.244.42.0-255,66,142130,76,211910
44859,0.027386,104.244.42.0-255,66,142196,76,211910
44860,0.027483,104.244.42.0-255,66,142262,76,211910
44861,0.028624,74.125.200.0-255,5738,148000,76,211910
44862,0.028631,172.31.40.0-255,66,148066,76,211910
44863,0.030549,74.125.200.0-255,5738,153804,76,211910
44864,0.030555,172.31.40.0-255,66,153870,76,211910
44865,0.032471,74.125.200.0-255,5738,159608,76,211910
44866,0.032478,172.31.40.0-255,66,159674,76,211910
44867,0.034389,74.125.200.0-255,5738,165412,76,211910
44868,0.034397,172.31.40.0-255,66,165478,76,211910
44869,0.036321,74.125.200.0-255,5738,171216,76,211910
44870,0.036327,172.31.40.0-255,66,171282,76,211910
44871,0.038247,74.125.200.0-255,5738,177020,76,211910
44872,0.038254,172.31.40.0-255,66,177086,76,211910
44873,0.040171,74.125.200.0-255,5738,182824,76,211910
44874,0.040178,172.31.40.0-255,66,182890,76,211910
44875,0.042089,74.125.200.0-255,5738,188628,76,211910
44876,0.042096,172.31.40.0-255,66,188694,76,211910
44877,0.044011,74.125.200.0-255,5738,194432,76,211910
44878,0.044018,172.31.40.0-255,66,194498,76,211910
44879,0.045952,74.125.200.0-255,5738,200236,76,211910
44880,0.045957,172.31.40.0-255,66,200302,76,211910
44881,0.047873,74.125.200.0-255,5738,206040,76,211910
44882,0.04788,172.31.40.0-255,66,206106,76,211910
44883,0.049796,74.125.200.0-255,5738,211844,76,211910
44884,0.049803,172.31.40.0-255,66,211910,76,211910
44885,0.0,172.217.194.0-255,153,153,76,300112
44886,2.4e-05,172.31.40.0-255,66,219,76,300112
44887,3.1e-05,172.217.194.0-255,1484,1703,76,300112
44888,3.6e-05,172.31.40.0-255,66,1769,76,300112
44889,4.9e-05,172.217.194.0-255,2902,4671,76,300112
44890,5.3e-05,172.31.40.0-255,66,4737,76,300112
44891,5.8e-05,172.217.194.0-255,2902,7639,76,300112
44892,6.1e-05,172.31.40.0-255,66,7705,76,300112
44893,7.5e-05,172.31.40.0-255,66,7771,76,300112
44894,0.000123,172.31.40.0-255,66,7837,76,300112
44895,0.000173,172.217.194.0-255,1484,9321,76,300112
44896,0.000176,172.31.40.0-255,66,9387,76,300112
44897,0.00018,172.217.194.0-255,2902,12289,76,300112
44898,0.000183,172.31.40.0-255,66,12355,76,300112
44899,0.000189,172.217.194.0-255,5738,18093,76,300112
44900,0.000192,172.31.40.0-255,66,18159,76,300112
44901,0.00021,172.31.40.0-255,66,18225,76,300112
44902,0.000237,172.217.194.0-255,4320,22545,76,300112
44903,0.000239,172.31.40.0-255,66,22611,76,300112
44904,0.000272,172.217.194.0-255,7156,29767,76,300112
44905,0.000274,172.31.40.0-255,66,29833,76,300112
44906,0.000285,172.217.194.0-255,766,30599,76,300112
44907,0.000291,172.31.40.0-255,66,30665,76,300112
44908,0.000309,172.217.194.0-255,343,31008,76,300112
44909,0.000312,172.31.40.0-255,66,31074,76,300112
44910,0.000885,172.217.194.0-255,401,31475,76,300112
44911,0.000891,172.31.40.0-255,66,31541,76,300112
44912,0.000919,172.217.194.0-255,1484,33025,76,300112
44913,0.000921,172.31.40.0-255,66,33091,76,300112
44914,0.000925,172.217.194.0-255,1484,34575,76,300112
44915,0.000954,172.217.194.0-255,2902,37477,76,300112
44916,0.000957,172.31.40.0-255,66,37543,76,300112
44917,0.000965,172.217.194.0-255,5738,43281,76,300112
44918,0.000967,172.31.40.0-255,66,43347,76,300112
44919,0.000998,172.31.40.0-255,66,43413,76,300112
44920,0.001017,172.217.194.0-255,1484,44897,76,300112
44921,0.001023,172.217.194.0-255,5738,50635,76,300112
44922,0.001026,172.31.40.0-255,66,50701,76,300112
44923,0.001055,172.217.194.0-255,5738,56439,76,300112
44924,0.001057,172.217.194.0-255,766,57205,76,300112
44925,0.001061,172.31.40.0-255,66,57271,76,300112
44926,0.001144,172.217.194.0-255,1484,58755,76,300112
44927,0.001148,172.31.40.0-255,66,58821,76,300112
44928,0.001152,172.217.194.0-255,1484,60305,76,300112
44929,0.001176,172.217.194.0-255,1484,61789,76,300112
44930,0.001178,172.31.40.0-255,66,61855,76,300112
44931,0.001204,172.217.194.0-255,1484,63339,76,300112
44932,0.001209,172.217.194.0-255,2902,66241,76,300112
44933,0.001212,172.31.40.0-255,66,66307,76,300112
44934,0.001247,172.217.194.0-255,4320,70627,76,300112
44935,0.001251,172.31.40.0-255,66,70693,76,300112
44936,0.001281,172.217.194.0-255,5738,76431,76,300112
44937,0.001285,172.31.40.0-255,66,76497,76,300112
44938,0.001309,172.217.194.0-255,2902,79399,76,300112
44939,0.001312,172.31.40.0-255,66,79465,76,300112
44940,0.001317,172.217.194.0-255,4320,83785,76,300112
44941,0.001319,172.31.40.0-255,66,83851,76,300112
44942,0.001347,172.217.194.0-255,2902,86753,76,300112
44943,0.00135,172.31.40.0-255,66,86819,76,300112
44944,0.001375,172.217.194.0-255,5020,91839,76,300112
44945,0.001377,172.31.40.0-255,66,91905,76,300112
44946,0.001417,172.31.40.0-255,66,91971,76,300112
44947,0.001428,172.31.40.0-255,66,92037,76,300112
44948,0.001439,172.217.194.0-255,7156,99193,76,300112
44949,0.001442,172.31.40.0-255,66,99259,76,300112
44950,0.001477,172.217.194.0-255,2902,102161,76,300112
44951,0.001481,172.31.40.0-255,66,102227,76,300112
44952,0.001489,172.217.194.0-255,6438,108665,76,300112
44953,0.001491,172.31.40.0-255,66,108731,76,300112
44954,0.001499,172.217.194.0-255,1484,110215,76,300112
44955,0.001542,172.217.194.0-255,2902,113117,76,300112
44956,0.001545,172.31.40.0-255,66,113183,76,300112
44957,0.001552,172.217.194.0-255,5738,118921,76,300112
44958,0.001554,172.31.40.0-255,66,118987,76,300112
44959,0.001565,172.217.194.0-255,4320,123307,76,300112
44960,0.001568,172.31.40.0-255,66,123373,76,300112
44961,0.001611,172.31.40.0-255,66,123439,76,300112
44962,0.001622,172.31.40.0-255,66,123505,76,300112
44963,0.001725,172.217.194.0-255,1484,124989,76,300112
44964,0.001744,172.217.194.0-255,2902,127891,76,300112
44965,0.001747,172.31.40.0-255,66,127957,76,300112
44966,0.001753,172.217.194.0-255,2902,130859,76,300112
44967,0.001755,172.31.40.0-255,66,130925,76,300112
44968,0.001784,172.217.194.0-255,2902,133827,76,300112
44969,0.001787,172.31.40.0-255,66,133893,76,300112
44970,0.001825,172.217.194.0-255,7156,141049,76,300112
44971,0.001828,172.31.40.0-255,66,141115,76,300112
44972,0.001863,172.217.194.0-255,5738,146853,76,300112
44973,0.001866,172.31.40.0-255,66,146919,76,300112
44974,0.001873,172.217.194.0-255,5738,152657,76,300112
44975,0.001875,172.31.40.0-255,66,152723,76,300112
44976,0.001896,172.31.40.0-255,66,152789,76,300112
44977,0.001901,172.217.194.0-255,4320,157109,76,300112
44978,0.001903,172.31.40.0-255,66,157175,76,300112
44979,0.001958,172.31.40.0-255,66,157241,76,300112
44980,0.001965,172.217.194.0-255,5020,162261,76,300112
44981,0.001967,172.31.40.0-255,66,162327,76,300112
44982,0.002036,172.217.194.0-255,1484,163811,76,300112
44983,0.002042,172.217.194.0-255,2902,166713,76,300112
44984,0.002045,172.31.40.0-255,66,166779,76,300112
44985,0.002073,172.217.194.0-255,4320,171099,76,300112
44986,0.002076,172.31.40.0-255,66,171165,76,300112
44987,0.002083,172.217.194.0-255,5738,176903,76,300112
44988,0.002085,172.31.40.0-255,66,176969,76,300112
44989,0.002099,172.217.194.0-255,1484,178453,76,300112
44990,0.002135,172.31.40.0-255,66,178519,76,300112
44991,0.00214,172.217.194.0-255,2902,181421,76,300112
44992,0.002142,172.31.40.0-255,66,181487,76,300112
44993,0.002158,172.217.194.0-255,1484,182971,76,300112
44994,0.002183,172.217.194.0-255,3602,186573,76,300112
44995,0.002186,172.31.40.0-255,66,186639,76,300112
44996,0.002309,172.217.194.0-255,1484,188123,76,300112
44997,0.004485,172.217.194.0-255,4320,192443,76,300112
44998,0.004491,172.31.40.0-255,66,192509,76,300112
44999,0.006843,172.217.194.0-255,5738,198247,76,300112
45000,0.00686,172.31.40.0-255,66,198313,76,300112
45001,0.009201,172.217.194.0-255,5738,204051,76,300112
45002,0.009217,172.31.40.0-255,66,204117,76,300112
45003,0.011537,172.217.194.0-255,5738,209855,76,300112
45004,0.011546,172.31.40.0-255,66,209921,76,300112
45005,0.013861,172.217.194.0-255,5738,215659,76,300112
45006,0.013868,172.31.40.0-255,66,215725,76,300112
45007,0.016195,172.217.194.0-255,5738,221463,76,300112
45008,0.016202,172.31.40.0-255,66,221529,76,300112
45009,0.018551,172.217.194.0-255,5738,227267,76,300112
45010,0.018566,172.31.40.0-255,66,227333,76,300112
45011,0.020914,172.217.194.0-255,5738,233071,76,300112
45012,0.020923,172.31.40.0-255,66,233137,76,300112
45013,0.023216,172.217.194.0-255,5738,238875,76,300112
45014,0.023223,172.31.40.0-255,66,238941,76,300112
45015,0.025567,172.217.194.0-255,5738,244679,76,300112
45016,0.025579,172.31.40.0-255,66,244745,76,300112
45017,0.027908,172.217.194.0-255,5738,250483,76,300112
45018,0.027926,172.31.40.0-255,66,250549,76,300112
45019,0.030276,172.217.194.0-255,5738,256287,76,300112
45020,0.030283,172.31.40.0-255,66,256353,76,300112
45021,0.032612,172.217.194.0-255,5738,262091,76,300112
45022,0.032619,172.31.40.0-255,66,262157,76,300112
45023,0.034958,172.217.194.0-255,5738,267895,76,300112
45024,0.034976,172.31.40.0-255,66,267961,76,300112
45025,0.037297,172.217.194.0-255,5738,273699,76,300112
45026,0.037305,172.31.40.0-255,66,273765,76,300112
45027,0.037428,172.31.40.0-255,101,273866,76,300112
45028,0.039613,172.217.194.0-255,5738,279604,76,300112
45029,0.039621,172.31.40.0-255,66,279670,76,300112
45030,0.039718,172.217.194.0-255,66,279736,76,300112
45031,0.041978,172.217.194.0-255,5738,285474,76,300112
45032,0.041992,172.31.40.0-255,66,285540,76,300112
45033,0.044325,172.217.194.0-255,5738,291278,76,300112
45034,0.044342,172.31.40.0-255,66,291344,76,300112
45035,0.046665,172.217.194.0-255,5738,297082,76,300112
45036,0.046684,172.31.40.0-255,66,297148,76,300112
45037,0.049002,172.217.194.0-255,2793,299941,76,300112
45038,0.049022,172.31.40.0-255,66,300007,76,300112
45039,0.049599,172.31.40.0-255,105,300112,76,300112
45040,0.0,74.125.130.0-255,152,152,76,170301
45041,2.1e-05,172.31.40.0-255,66,218,76,170301
45042,2.8e-05,74.125.130.0-255,1484,1702,76,170301
45043,3.2e-05,172.31.40.0-255,66,1768,76,170301
45044,3.8e-05,74.125.130.0-255,2902,4670,76,170301
45045,4.1e-05,172.31.40.0-255,66,4736,76,170301
45046,7.1e-05,74.125.130.0-255,7156,11892,76,170301
45047,7.4e-05,172.31.40.0-255,66,11958,76,170301
45048,0.000121,74.125.130.0-255,4320,16278,76,170301
45049,0.000124,172.31.40.0-255,66,16344,76,170301
45050,0.000139,74.125.130.0-255,3455,19799,76,170301
45051,0.000142,172.31.40.0-255,66,19865,76,170301
45052,0.000207,74.125.130.0-255,4320,24185,76,170301
45053,0.00021,172.31.40.0-255,66,24251,76,170301
45054,0.000241,74.125.130.0-255,4320,28571,76,170301
45055,0.000244,172.31.40.0-255,66,28637,76,170301
45056,0.000296,74.125.130.0-255,2543,31180,76,170301
45057,0.0003,172.31.40.0-255,66,31246,76,170301
45058,0.002256,74.125.130.0-255,1484,32730,76,170301
45059,0.002264,172.31.40.0-255,66,32796,76,170301
45060,0.002271,74.125.130.0-255,1484,34280,76,170301
45061,0.002273,172.31.40.0-255,66,34346,76,170301
45062,0.002277,74.125.130.0-255,1484,35830,76,170301
45063,0.002279,172.31.40.0-255,66,35896,76,170301
45064,0.002302,74.125.130.0-255,1484,37380,76,170301
45065,0.002304,172.31.40.0-255,66,37446,76,170301
45066,0.002321,74.125.130.0-255,2902,40348,76,170301
45067,0.002323,172.31.40.0-255,66,40414,76,170301
45068,0.002341,74.125.130.0-255,1484,41898,76,170301
45069,0.002343,172.31.40.0-255,66,41964,76,170301
45070,0.002349,74.125.130.0-255,4320,46284,76,170301
45071,0.002351,172.31.40.0-255,66,46350,76,170301
45072,0.004662,74.125.130.0-255,4320,50670,76,170301
45073,0.004669,172.31.40.0-255,66,50736,76,170301
45074,0.004687,74.125.130.0-255,1484,52220,76,170301
45075,0.007001,74.125.130.0-255,4320,56540,76,170301
45076,0.007007,172.31.40.0-255,66,56606,76,170301
45077,0.009338,74.125.130.0-255,5738,62344,76,170301
45078,0.009346,172.31.40.0-255,66,62410,76,170301
45079,0.01168,74.125.130.0-255,5738,68148,76,170301
45080,0.011689,172.31.40.0-255,66,68214,76,170301
45081,0.014034,74.125.130.0-255,5738,73952,76,170301
45082,0.014045,172.31.40.0-255,66,74018,76,170301
45083,0.016374,74.125.130.0-255,5738,79756,76,170301
45084,0.016385,172.31.40.0-255,66,79822,76,170301
45085,0.018711,74.125.130.0-255,5738,85560,76,170301
45086,0.018719,172.31.40.0-255,66,85626,76,170301
45087,0.021057,74.125.130.0-255,5738,91364,76,170301
45088,0.021064,172.31.40.0-255,66,91430,76,170301
45089,0.023389,74.125.130.0-255,5738,97168,76,170301
45090,0.023396,172.31.40.0-255,66,97234,76,170301
45091,0.025727,74.125.130.0-255,5738,102972,76,170301
45092,0.025736,172.31.40.0-255,66,103038,76,170301
45093,0.028066,74.125.130.0-255,5738,108776,76,170301
45094,0.028073,172.31.40.0-255,66,108842,76,170301
45095,0.030423,74.125.130.0-255,5738,114580,76,170301
45096,0.030431,172.31.40.0-255,66,114646,76,170301
45097,0.032753,74.125.130.0-255,5738,120384,76,170301
45098,0.032761,172.31.40.0-255,66,120450,76,170301
45099,0.035107,74.125.130.0-255,5738,126188,76,170301
45100,0.03512,172.31.40.0-255,66,126254,76,170301
45101,0.037446,74.125.130.0-255,5738,131992,76,170301
45102,0.037454,172.31.40.0-255,66,132058,76,170301
45103,0.038349,172.31.40.0-255,172,132230,76,170301
45104,0.038382,172.31.40.0-255,1109,133339,76,170301
45105,0.03845,172.31.40.0-255,1514,134853,76,170301
45106,0.038452,172.31.40.0-255,1514,136367,76,170301
45107,0.038453,172.31.40.0-255,1514,137881,76,170301
45108,0.038454,172.31.40.0-255,1514,139395,76,170301
45109,0.038479,172.31.40.0-255,1514,140909,76,170301
45110,0.039782,74.125.130.0-255,5738,146647,76,170301
45111,0.039789,172.31.40.0-255,66,146713,76,170301
45112,0.039887,104.244.42.0-255,66,146779,76,170301
45113,0.039914,104.244.42.0-255,66,146845,76,170301
45114,0.040043,104.244.42.0-255,66,146911,76,170301
45115,0.040759,104.244.42.0-255,108,147019,76,170301
45116,0.040769,172.31.40.0-255,66,147085,76,170301
45117,0.042121,74.125.130.0-255,5738,152823,76,170301
45118,0.042127,172.31.40.0-255,66,152889,76,170301
45119,0.044465,74.125.130.0-255,5738,158627,76,170301
45120,0.044473,172.31.40.0-255,66,158693,76,170301
45121,0.046793,74.125.130.0-255,5738,164431,76,170301
45122,0.0468,172.31.40.0-255,66,164497,76,170301
45123,0.049132,74.125.130.0-255,5738,170235,76,170301
45124,0.049138,172.31.40.0-255,66,170301,76,170301
45125,0.0,74.125.24.0-255,146,146,76,256361
45126,2.4e-05,172.31.40.0-255,66,212,76,256361
45127,3.1e-05,74.125.24.0-255,1484,1696,76,256361
45128,3.5e-05,172.31.40.0-255,66,1762,76,256361
45129,4.9e-05,74.125.24.0-255,2902,4664,76,256361
45130,5.1e-05,172.31.40.0-255,66,4730,76,256361
45131,5.9e-05,74.125.24.0-255,7156,11886,76,256361
45132,6.1e-05,172.31.40.0-255,66,11952,76,256361
45133,6.6e-05,74.125.24.0-255,2039,13991,76,256361
45134,6.8e-05,172.31.40.0-255,66,14057,76,256361
45135,9.2e-05,74.125.24.0-255,2902,16959,76,256361
45136,9.9e-05,172.31.40.0-255,66,17025,76,256361
45137,0.000109,74.125.24.0-255,7156,24181,76,256361
45138,0.000112,172.31.40.0-255,66,24247,76,256361
45139,0.000116,74.125.24.0-255,4320,28567,76,256361
45140,0.000118,172.31.40.0-255,66,28633,76,256361
45141,0.000163,74.125.24.0-255,2543,31176,76,256361
45142,0.000167,172.31.40.0-255,66,31242,76,256361
45143,0.000299,74.125.24.0-255,1484,32726,76,256361
45144,0.000303,172.31.40.0-255,66,32792,76,256361
45145,0.00033,74.125.24.0-255,2902,35694,76,256361
45146,0.000333,172.31.40.0-255,66,35760,76,256361
45147,0.000339,74.125.24.0-255,5738,41498,76,256361
45148,0.000341,172.31.40.0-255,66,41564,76,256361
45149,0.000373,172.31.40.0-255,66,41630,76,256361
45150,0.000376,74.125.24.0-255,1484,43114,76,256361
45151,0.000378,172.31.40.0-255,66,43180,76,256361
45152,0.000413,172.31.40.0-255,66,43246,76,256361
45153,0.000416,74.125.24.0-255,361,43607,76,256361
45154,0.000418,172.31.40.0-255,66,43673,76,256361
45155,0.000446,74.125.24.0-255,413,44086,76,256361
45156,0.000678,74.125.24.0-255,1484,45570,76,256361
45157,0.000683,172.31.40.0-255,66,45636,76,256361
45158,0.000688,74.125.24.0-255,2902,48538,76,256361
45159,0.000691,172.31.40.0-255,66,48604,76,256361
45160,0.000713,74.125.24.0-255,5738,54342,76,256361
45161,0.00072,172.31.40.0-255,66,54408,76,256361
45162,0.000725,74.125.24.0-255,4320,58728,76,256361
45163,0.000729,172.31.40.0-255,66,58794,76,256361
45164,0.000788,172.31.40.0-255,66,58860,76,256361
45165,0.000798,172.31.40.0-255,66,58926,76,256361
45166,0.000941,74.125.24.0-255,1484,60410,76,256361
45167,0.000947,74.125.24.0-255,2902,63312,76,256361
45168,0.00095,172.31.40.0-255,66,63378,76,256361
45169,0.000954,74.125.24.0-255,1484,64862,76,256361
45170,0.000975,74.125.24.0-255,4320,69182,76,256361
45171,0.000978,172.31.40.0-255,66,69248,76,256361
45172,0.000985,74.125.24.0-255,4320,73568,76,256361
45173,0.000987,172.31.40.0-255,66,73634,76,256361
45174,0.001023,172.31.40.0-255,66,73700,76,256361
45175,0.001028,74.125.24.0-255,2902,76602,76,256361
45176,0.001031,172.31.40.0-255,66,76668,76,256361
45177,0.001065,74.125.24.0-255,5020,81688,76,256361
45178,0.001068,172.31.40.0-255,66,81754,76,256361
45179,0.001123,74.125.24.0-255,1484,83238,76,256361
45180,0.001127,74.125.24.0-255,2902,86140,76,256361
45181,0.001133,172.31.40.0-255,66,86206,76,256361
45182,0.00116,74.125.24.0-255,5738,91944,76,256361
45183,0.001163,172.31.40.0-255,66,92010,76,256361
45184,0.001178,172.31.40.0-255,66,92076,76,256361
45185,0.001185,74.125.24.0-255,7156,99232,76,256361
45186,0.001187,172.31.40.0-255,66,99298,76,256361
45187,0.001231,74.125.24.0-255,3602,102900,76,256361
45188,0.001234,172.31.40.0-255,66,102966,76,256361
45189,0.001339,74.125.24.0-255,1484,104450,76,256361
45190,0.001343,74.125.24.0-255,1484,105934,76,256361
45191,0.001346,172.31.40.0-255,66,106000,76,256361
45192,0.001373,74.125.24.0-255,1484,107484,76,256361
45193,0.00138,74.125.24.0-255,5738,113222,76,256361
45194,0.001382,172.31.40.0-255,66,113288,76,256361
45195,0.001395,172.31.40.0-255,66,113354,76,256361
45196,0.001445,172.31.40.0-255,66,113420,76,256361
45197,0.001448,74.125.24.0-255,2184,115604,76,256361
45198,0.00145,172.31.40.0-255,66,115670,76,256361
45199,0.001961,74.125.24.0-255,1484,117154,76,256361
45200,0.001968,74.125.24.0-255,2902,120056,76,256361
45201,0.001972,172.31.40.0-255,66,120122,76,256361
45202,0.001979,74.125.24.0-255,5738,125860,76,256361
45203,0.001981,172.31.40.0-255,66,125926,76,256361
45204,0.001986,74.125.24.0-255,2902,128828,76,256361
45205,0.001992,172.31.40.0-255,66,128894,76,256361
45206,0.002024,74.125.24.0-255,2902,131796,76,256361
45207,0.002027,172.31.40.0-255,66,131862,76,256361
45208,0.002044,172.31.40.0-255,66,131928,76,256361
45209,0.00205,74.125.24.0-255,5020,136948,76,256361
45210,0.002052,172.31.40.0-255,66,137014,76,256361
45211,0.002333,74.125.24.0-255,1484,138498,76,256361
45212,0.004384,74.125.24.0-255,4320,142818,76,256361
45213,0.004391,172.31.40.0-255,66,142884,76,256361
45214,0.006733,74.125.24.0-255,5738,148622,76,256361
45215,0.006737,172.31.40.0-255,66,148688,76,256361
45216,0.009072,74.125.24.0-255,5738,154426,76,256361
45217,0.009079,172.31.40.0-255,66,154492,76,256361
45218,0.011428,74.125.24.0-255,5738,160230,76,256361
45219,0.011448,172.31.40.0-255,66,160296,76,256361
45220,0.013834,74.125.24.0-255,5738,166034,76,256361
45221,0.013849,172.31.40.0-255,66,166100,76,256361
45222,0.016199,74.125.24.0-255,5738,171838,76,256361
45223,0.016216,172.31.40.0-255,66,171904,76,256361
45224,0.018541,74.125.24.0-255,5738,177642,76,256361
45225,0.018553,172.31.40.0-255,66,177708,76,256361
45226,0.020859,74.125.24.0-255,5738,183446,76,256361
45227,0.020869,172.31.40.0-255,66,183512,76,256361
45228,0.023228,74.125.24.0-255,5738,189250,76,256361
45229,0.023237,172.31.40.0-255,66,189316,76,256361
45230,0.025597,74.125.24.0-255,5738,195054,76,256361
45231,0.025605,172.31.40.0-255,66,195120,76,256361
45232,0.027935,74.125.24.0-255,5738,200858,76,256361
45233,0.027943,172.31.40.0-255,66,200924,76,256361
45234,0.030284,74.125.24.0-255,5738,206662,76,256361
45235,0.030291,172.31.40.0-255,66,206728,76,256361
45236,0.03268,74.125.24.0-255,5738,212466,76,256361
45237,0.032697,172.31.40.0-255,66,212532,76,256361
45238,0.034991,74.125.24.0-255,5738,218270,76,256361
45239,0.034998,172.31.40.0-255,66,218336,76,256361
45240,0.037328,74.125.24.0-255,5738,224074,76,256361
45241,0.037343,172.31.40.0-255,66,224140,76,256361
45242,0.03968,74.125.24.0-255,5738,229878,76,256361
45243,0.039698,172.31.40.0-255,66,229944,76,256361
45244,0.042028,74.125.24.0-255,5738,235682,76,256361
45245,0.042039,172.31.40.0-255,66,235748,76,256361
45246,0.044374,74.125.24.0-255,5738,241486,76,256361
45247,0.044392,172.31.40.0-255,66,241552,76,256361
45248,0.04671,74.125.24.0-255,5738,247290,76,256361
45249,0.04672,172.31.40.0-255,66,247356,76,256361
45250,0.049075,74.125.24.0-255,4320,251676,76,256361
45251,0.049084,172.31.40.0-255,66,251742,76,256361
45252,0.049144,74.125.24.0-255,1484,253226,76,256361
45253,0.049548,172.31.40.0-255,172,253398,76,256361
45254,0.04958,172.31.40.0-255,1105,254503,76,256361
45255,0.049643,172.31.40.0-255,1514,256017,76,256361
45256,0.049645,172.31.40.0-255,344,256361,76,256361
45257,0.0,172.217.26.0-255,298,298,76,212472
45258,2.4e-05,172.31.40.0-255,66,364,76,212472
45259,3e-05,172.217.26.0-255,1484,1848,76,212472
45260,3.4e-05,172.31.40.0-255,66,1914,76,212472
45261,4.1e-05,172.217.26.0-255,4320,6234,76,212472
45262,5.2e-05,172.31.40.0-255,66,6300,76,212472
45263,5.9e-05,172.217.26.0-255,5738,12038,76,212472
45264,6.3e-05,172.31.40.0-255,66,12104,76,212472
45265,6.7e-05,172.217.26.0-255,1740,13844,76,212472
45266,7e-05,172.31.40.0-255,66,13910,76,212472
45267,0.000467,172.217.26.0-255,1484,15394,76,212472
45268,0.000473,172.31.40.0-255,66,15460,76,212472
45269,0.000479,172.217.26.0-255,2902,18362,76,212472
45270,0.000482,172.31.40.0-255,66,18428,76,212472
45271,0.000494,172.217.26.0-255,5738,24166,76,212472
45272,0.000496,172.31.40.0-255,66,24232,76,212472
45273,0.000532,172.217.26.0-255,6797,31029,76,212472
45274,0.000535,172.31.40.0-255,66,31095,76,212472
45275,0.000724,172.217.26.0-255,1484,32579,76,212472
45276,0.000729,172.31.40.0-255,66,32645,76,212472
45277,0.000733,172.217.26.0-255,1484,34129,76,212472
45278,0.000735,172.31.40.0-255,66,34195,76,212472
45279,0.000758,172.217.26.0-255,1484,35679,76,212472
45280,0.000761,172.31.40.0-255,66,35745,76,212472
45281,0.000773,172.217.26.0-255,5738,41483,76,212472
45282,0.000775,172.31.40.0-255,66,41549,76,212472
45283,0.00078,172.217.26.0-255,2902,44451,76,212472
45284,0.000781,172.31.40.0-255,66,44517,76,212472
45285,0.00082,172.217.26.0-255,5379,49896,76,212472
45286,0.000823,172.31.40.0-255,66,49962,76,212472
45287,0.000834,172.31.40.0-255,66,50028,76,212472
45288,0.000846,172.217.26.0-255,6797,56825,76,212472
45289,0.000848,172.31.40.0-255,66,56891,76,212472
45290,0.000851,172.217.26.0-255,397,57288,76,212472
45291,0.001153,172.31.40.0-255,66,57354,76,212472
45292,0.001782,172.217.26.0-255,112,57466,76,212472
45293,0.001944,172.217.26.0-255,1484,58950,76,212472
45294,0.00195,172.31.40.0-255,66,59016,76,212472
45295,0.001955,172.217.26.0-255,1484,60500,76,212472
45296,0.003083,172.217.26.0-255,1484,61984,76,212472
45297,0.003089,172.31.40.0-255,66,62050,76,212472
45298,0.003882,172.217.26.0-255,2902,64952,76,212472
45299,0.003885,172.31.40.0-255,66,65018,76,212472
45300,0.005022,172.217.26.0-255,2902,67920,76,212472
45301,0.005028,172.31.40.0-255,66,67986,76,212472
45302,0.005821,172.217.26.0-255,2902,70888,76,212472
45303,0.005828,172.31.40.0-255,66,70954,76,212472
45304,0.006968,172.217.26.0-255,2902,73856,76,212472
45305,0.006974,172.31.40.0-255,66,73922,76,212472
45306,0.007764,172.217.26.0-255,2902,76824,76,212472
45307,0.007768,172.31.40.0-255,66,76890,76,212472
45308,0.00893,172.217.26.0-255,2902,79792,76,212472
45309,0.008935,172.31.40.0-255,66,79858,76,212472
45310,0.009704,172.217.26.0-255,2902,82760,76,212472
45311,0.00971,172.31.40.0-255,66,82826,76,212472
45312,0.010871,172.217.26.0-255,2902,85728,76,212472
45313,0.010878,172.31.40.0-255,66,85794,76,212472
45314,0.011649,172.217.26.0-255,2902,88696,76,212472
45315,0.011656,172.31.40.0-255,66,88762,76,212472
45316,0.012819,172.217.26.0-255,2902,91664,76,212472
45317,0.012825,172.31.40.0-255,66,91730,76,212472
45318,0.013587,172.217.26.0-255,2902,94632,76,212472
45319,0.013593,172.31.40.0-255,66,94698,76,212472
45320,0.014761,172.217.26.0-255,2902,97600,76,212472
45321,0.014768,172.31.40.0-255,66,97666,76,212472
45322,0.015524,172.217.26.0-255,2902,100568,76,212472
45323,0.015532,172.31.40.0-255,66,100634,76,212472
45324,0.016748,172.217.26.0-255,2902,103536,76,212472
45325,0.016755,172.31.40.0-255,66,103602,76,212472
45326,0.017463,172.217.26.0-255,2902,106504,76,212472
45327,0.017467,172.31.40.0-255,66,106570,76,212472
45328,0.01869,172.217.26.0-255,2902,109472,76,212472
45329,0.018696,172.31.40.0-255,66,109538,76,212472
45330,0.019412,172.217.26.0-255,2902,112440,76,212472
45331,0.019418,172.31.40.0-255,66,112506,76,212472
45332,0.020631,172.217.26.0-255,2902,115408,76,212472
45333,0.020639,172.31.40.0-255,66,115474,76,212472
45334,0.02135,172.217.26.0-255,2902,118376,76,212472
45335,0.021357,172.31.40.0-255,66,118442,76,212472
45336,0.022584,172.217.26.0-255,2902,121344,76,212472
45337,0.022592,172.31.40.0-255,66,121410,76,212472
45338,0.02329,172.217.26.0-255,2902,124312,76,212472
45339,0.023296,172.31.40.0-255,66,124378,76,212472
45340,0.024524,172.217.26.0-255,2902,127280,76,212472
45341,0.024529,172.31.40.0-255,66,127346,76,212472
45342,0.025241,172.217.26.0-255,2902,130248,76,212472
45343,0.025247,172.31.40.0-255,66,130314,76,212472
45344,0.026471,172.217.26.0-255,2902,133216,76,212472
45345,0.026475,172.31.40.0-255,66,133282,76,212472
45346,0.027191,172.217.26.0-255,2902,136184,76,212472
45347,0.027196,172.31.40.0-255,66,136250,76,212472
45348,0.02736,172.31.40.0-255,172,136422,76,212472
45349,0.027382,172.31.40.0-255,1108,137530,76,212472
45350,0.027438,172.31.40.0-255,1514,139044,76,212472
45351,0.02744,172.31.40.0-255,1514,140558,76,212472
45352,0.027441,172.31.40.0-255,1514,142072,76,212472
45353,0.027442,172.31.40.0-255,1514,143586,76,212472
45354,0.027468,172.31.40.0-255,184,143770,76,212472
45355,0.028433,172.217.26.0-255,2902,146672,76,212472
45356,0.028438,172.31.40.0-255,66,146738,76,212472
45357,0.028883,104.244.42.0-255,66,146804,76,212472
45358,0.028941,104.244.42.0-255,66,146870,76,212472
45359,0.029023,104.244.42.0-255,66,146936,76,212472
45360,0.029027,104.244.42.0-255,66,147002,76,212472
45361,0.029126,172.217.26.0-255,2902,149904,76,212472
45362,0.02913,172.31.40.0-255,66,149970,76,212472
45363,0.029649,104.244.42.0-255,108,150078,76,212472
45364,0.029653,172.31.40.0-255,66,150144,76,212472
45365,0.030365,172.217.26.0-255,2902,153046,76,212472
45366,0.030369,172.31.40.0-255,66,153112,76,212472
45367,0.031066,172.217.26.0-255,2902,156014,76,212472
45368,0.031072,172.31.40.0-255,66,156080,76,212472
45369,0.032316,172.217.26.0-255,2902,158982,76,212472
45370,0.032322,172.31.40.0-255,66,159048,76,212472
45371,0.033008,172.217.26.0-255,2902,161950,76,212472
45372,0.033014,172.31.40.0-255,66,162016,76,212472
45373,0.034266,172.217.26.0-255,2902,164918,76,212472
45374,0.034271,172.31.40.0-255,66,164984,76,212472
45375,0.034951,172.217.26.0-255,2902,167886,76,212472
45376,0.034957,172.31.40.0-255,66,167952,76,212472
45377,0.036223,172.217.26.0-255,2902,170854,76,212472
45378,0.036229,172.31.40.0-255,66,170920,76,212472
45379,0.036884,172.217.26.0-255,2902,173822,76,212472
45380,0.036889,172.31.40.0-255,66,173888,76,212472
45381,0.038263,172.217.26.0-255,2902,176790,76,212472
45382,0.038269,172.31.40.0-255,66,176856,76,212472
45383,0.038844,172.217.26.0-255,2902,179758,76,212472
45384,0.038851,172.31.40.0-255,66,179824,76,212472
45385,0.040208,172.217.26.0-255,2902,182726,76,212472
45386,0.040215,172.31.40.0-255,66,182792,76,212472
45387,0.040784,172.217.26.0-255,2902,185694,76,212472
45388,0.040793,172.31.40.0-255,66,185760,76,212472
45389,0.042159,172.217.26.0-255,2902,188662,76,212472
45390,0.042166,172.31.40.0-255,66,188728,76,212472
45391,0.042741,172.217.26.0-255,2902,191630,76,212472
45392,0.042747,172.31.40.0-255,66,191696,76,212472
45393,0.044112,172.217.26.0-255,2902,194598,76,212472
45394,0.044118,172.31.40.0-255,66,194664,76,212472
45395,0.044686,172.217.26.0-255,2902,197566,76,212472
45396,0.044707,172.31.40.0-255,66,197632,76,212472
45397,0.046095,172.217.26.0-255,2902,200534,76,212472
45398,0.046101,172.31.40.0-255,66,200600,76,212472
45399,0.046654,172.217.26.0-255,2902,203502,76,212472
45400,0.046661,172.31.40.0-255,66,203568,76,212472
45401,0.048038,172.217.26.0-255,2902,206470,76,212472
45402,0.048045,172.31.40.0-255,66,206536,76,212472
45403,0.048602,172.217.26.0-255,2902,209438,76,212472
45404,0.048608,172.31.40.0-255,66,209504,76,212472
45405,0.049987,172.217.26.0-255,2902,212406,76,212472
45406,0.049994,172.31.40.0-255,66,212472,76,212472
45407,0.0,74.125.24.0-255,152,152,76,247846
45408,2.1e-05,172.31.40.0-255,66,218,76,247846
45409,2.8e-05,74.125.24.0-255,1484,1702,76,247846
45410,3.2e-05,172.31.40.0-255,66,1768,76,247846
45411,3.9e-05,74.125.24.0-255,2902,4670,76,247846
45412,4.9e-05,172.31.40.0-255,66,4736,76,247846
45413,5.7e-05,74.125.24.0-255,7156,11892,76,247846
45414,6e-05,172.31.40.0-255,66,11958,76,247846
45415,0.000129,74.125.24.0-255,3447,15405,76,247846
45416,0.000132,172.31.40.0-255,66,15471,76,247846
45417,0.000138,74.125.24.0-255,4320,19791,76,247846
45418,0.00014,172.31.40.0-255,66,19857,76,247846
45419,0.000173,74.125.24.0-255,7156,27013,76,247846
45420,0.000176,172.31.40.0-255,66,27079,76,247846
45421,0.000187,172.31.40.0-255,66,27145,76,247846
45422,0.000236,172.31.40.0-255,66,27211,76,247846
45423,0.000388,74.125.24.0-255,1484,28695,76,247846
45424,0.000393,172.31.40.0-255,66,28761,76,247846
45425,0.000397,74.125.24.0-255,1484,30245,76,247846
45426,0.000399,172.31.40.0-255,66,30311,76,247846
45427,0.000419,74.125.24.0-255,1484,31795,76,247846
45428,0.000421,172.31.40.0-255,66,31861,76,247846
45429,0.00043,74.125.24.0-255,2902,34763,76,247846
45430,0.000433,172.31.40.0-255,66,34829,76,247846
45431,0.00044,74.125.24.0-255,7156,41985,76,247846
45432,0.000443,172.31.40.0-255,66,42051,76,247846
45433,0.000469,74.125.24.0-255,2867,44918,76,247846
45434,0.000472,172.31.40.0-255,66,44984,76,247846
45435,0.000841,74.125.24.0-255,1484,46468,76,247846
45436,0.000846,172.31.40.0-255,66,46534,76,247846
45437,0.000852,74.125.24.0-255,2902,49436,76,247846
45438,0.000854,172.31.40.0-255,66,49502,76,247846
45439,0.000857,74.125.24.0-255,1484,50986,76,247846
45440,0.000877,74.125.24.0-255,4320,55306,76,247846
45441,0.00088,172.31.40.0-255,66,55372,76,247846
45442,0.000891,74.125.24.0-255,7156,62528,76,247846
45443,0.000893,172.31.40.0-255,66,62594,76,247846
45444,0.000934,172.31.40.0-255,66,62660,76,247846
45445,0.000939,74.125.24.0-255,2184,64844,76,247846
45446,0.000941,172.31.40.0-255,66,64910,76,247846
45447,0.00156,74.125.24.0-255,1484,66394,76,247846
45448,0.00157,74.125.24.0-255,2902,69296,76,247846
45449,0.001575,172.31.40.0-255,66,69362,76,247846
45450,0.00158,74.125.24.0-255,2902,72264,76,247846
45451,0.001582,172.31.40.0-255,66,72330,76,247846
45452,0.001606,74.125.24.0-255,2902,75232,76,247846
45453,0.001608,172.31.40.0-255,66,75298,76,247846
45454,0.00162,74.125.24.0-255,7156,82454,76,247846
45455,0.001622,172.31.40.0-255,66,82520,76,247846
45456,0.00163,74.125.24.0-255,7156,89676,76,247846
45457,0.001631,172.31.40.0-255,66,89742,76,247846
45458,0.001674,74.125.24.0-255,7156,96898,76,247846
45459,0.001678,172.31.40.0-255,66,96964,76,247846
45460,0.001695,74.125.24.0-255,2184,99148,76,247846
45461,0.001698,172.31.40.0-255,66,99214,76,247846
45462,0.001771,74.125.24.0-255,1484,100698,76,247846
45463,0.001777,74.125.24.0-255,2902,103600,76,247846
45464,0.00178,172.31.40.0-255,66,103666,76,247846
45465,0.001783,74.125.24.0-255,1484,105150,76,247846
45466,0.001788,74.125.24.0-255,2902,108052,76,247846
45467,0.001789,172.31.40.0-255,66,108118,76,247846
45468,0.001819,74.125.24.0-255,5738,113856,76,247846
45469,0.001821,172.31.40.0-255,66,113922,76,247846
45470,0.001827,74.125.24.0-255,2902,116824,76,247846
45471,0.001829,172.31.40.0-255,66,116890,76,247846
45472,0.001868,172.31.40.0-255,66,116956,76,247846
45473,0.001875,74.125.24.0-255,6438,123394,76,247846
45474,0.001878,172.31.40.0-255,66,123460,76,247846
45475,0.001914,172.31.40.0-255,66,123526,76,247846
45476,0.001949,172.31.40.0-255,66,123592,76,247846
45477,0.001967,172.31.40.0-255,66,123658,76,247846
45478,0.002013,172.31.40.0-255,66,123724,76,247846
45479,0.00202,74.125.24.0-255,7156,130880,76,247846
45480,0.002023,172.31.40.0-255,66,130946,76,247846
45481,0.002046,74.125.24.0-255,1484,132430,76,247846
45482,0.002099,172.31.40.0-255,66,132496,76,247846
45483,0.002134,74.125.24.0-255,6438,138934,76,247846
45484,0.002138,172.31.40.0-255,66,139000,76,247846
45485,0.002164,172.31.40.0-255,66,139066,76,247846
45486,0.002171,74.125.24.0-255,5738,144804,76,247846
45487,0.002173,172.31.40.0-255,66,144870,76,247846
45488,0.002186,172.31.40.0-255,66,144936,76,247846
45489,0.002242,172.31.40.0-255,66,145002,76,247846
45490,0.002276,74.125.24.0-255,1484,146486,76,247846
45491,0.002297,74.125.24.0-255,2902,149388,76,247846
45492,0.002303,74.125.24.0-255,5738,155126,76,247846
45493,0.002358,74.125.24.0-255,7156,162282,76,247846
45494,0.002376,74.125.24.0-255,3602,165884,76,247846
45495,0.002492,74.125.24.0-255,1484,167368,76,247846
45496,0.00251,74.125.24.0-255,2902,170270,76,247846
45497,0.002531,74.125.24.0-255,5738,176008,76,247846
45498,0.002553,74.125.24.0-255,5738,181746,76,247846
45499,0.002577,74.125.24.0-255,7156,188902,76,247846
45500,0.012251,172.31.40.0-255,66,188968,76,247846
45501,0.013947,74.125.24.0-255,1484,190452,76,247846
45502,0.014791,74.125.24.0-255,4320,194772,76,247846
45503,0.014797,172.31.40.0-255,66,194838,76,247846
45504,0.017354,74.125.24.0-255,5738,200576,76,247846
45505,0.017369,172.31.40.0-255,66,200642,76,247846
45506,0.019929,74.125.24.0-255,5738,206380,76,247846
45507,0.019943,172.31.40.0-255,66,206446,76,247846
45508,0.022495,74.125.24.0-255,5738,212184,76,247846
45509,0.022506,172.31.40.0-255,66,212250,76,247846
45510,0.025056,74.125.24.0-255,5738,217988,76,247846
45511,0.025067,172.31.40.0-255,66,218054,76,247846
45512,0.027612,74.125.24.0-255,5738,223792,76,247846
45513,0.027626,172.31.40.0-255,66,223858,76,247846
45514,0.030229,74.125.24.0-255,5738,229596,76,247846
45515,0.030248,172.31.40.0-255,66,229662,76,247846
45516,0.032815,74.125.24.0-255,5738,235400,76,247846
45517,0.032836,172.31.40.0-255,66,235466,76,247846
45518,0.035391,74.125.24.0-255,5738,241204,76,247846
45519,0.035409,172.31.40.0-255,66,241270,76,247846
45520,0.037959,74.125.24.0-255,1862,243132,76,247846
45521,0.037977,172.31.40.0-255,66,243198,76,247846
45522,0.038315,172.31.40.0-255,105,243303,76,247846
45523,0.040816,74.125.24.0-255,66,243369,76,247846
45524,0.042691,172.31.40.0-255,175,243544,76,247846
45525,0.042725,172.31.40.0-255,1133,244677,76,247846
45526,0.042784,172.31.40.0-255,1514,246191,76,247846
45527,0.042786,172.31.40.0-255,1283,247474,76,247846
45528,0.04423,104.244.42.0-255,66,247540,76,247846
45529,0.044254,104.244.42.0-255,66,247606,76,247846
45530,0.044347,104.244.42.0-255,66,247672,76,247846
45531,0.045196,104.244.42.0-255,108,247780,76,247846
45532,0.045213,172.31.40.0-255,66,247846,76,247846
45533,0.0,74.125.200.0-255,152,152,76,243731
45534,1.6e-05,172.31.40.0-255,66,218,76,243731
45535,2.3e-05,74.125.200.0-255,1484,1702,76,243731
45536,2.7e-05,172.31.40.0-255,66,1768,76,243731
45537,3.3e-05,74.125.200.0-255,2902,4670,76,243731
45538,3.6e-05,172.31.40.0-255,66,4736,76,243731
45539,4.3e-05,74.125.200.0-255,5738,10474,76,243731
45540,4.5e-05,172.31.40.0-255,66,10540,76,243731
45541,6.1e-05,74.125.200.0-255,1484,12024,76,243731
45542,6.3e-05,172.31.40.0-255,66,12090,76,243731
45543,6.8e-05,74.125.200.0-255,2155,14245,76,243731
45544,7e-05,172.31.40.0-255,66,14311,76,243731
45545,7.3e-05,74.125.200.0-255,1484,15795,76,243731
45546,7.5e-05,172.31.40.0-255,66,15861,76,243731
45547,9.7e-05,74.125.200.0-255,1484,17345,76,243731
45548,9.9e-05,172.31.40.0-255,66,17411,76,243731
45549,0.000107,74.125.200.0-255,7156,24567,76,243731
45550,0.00011,172.31.40.0-255,66,24633,76,243731
45551,0.000114,74.125.200.0-255,2902,27535,76,243731
45552,0.000117,172.31.40.0-255,66,27601,76,243731
45553,0.000135,74.125.200.0-255,2902,30503,76,243731
45554,0.000137,172.31.40.0-255,66,30569,76,243731
45555,0.00016,74.125.200.0-255,1125,31694,76,243731
45556,0.000162,172.31.40.0-255,66,31760,76,243731
45557,0.000286,74.125.200.0-255,1484,33244,76,243731
45558,0.00029,172.31.40.0-255,66,33310,76,243731
45559,0.000295,74.125.200.0-255,2902,36212,76,243731
45560,0.000298,172.31.40.0-255,66,36278,76,243731
45561,0.000316,74.125.200.0-255,1484,37762,76,243731
45562,0.000318,172.31.40.0-255,66,37828,76,243731
45563,0.000323,74.125.200.0-255,2902,40730,76,243731
45564,0.000325,172.31.40.0-255,66,40796,76,243731
45565,0.000343,74.125.200.0-255,5738,46534,76,243731
45566,0.000345,172.31.40.0-255,66,46600,76,243731
45567,0.000364,74.125.200.0-255,1484,48084,76,243731
45568,0.000386,172.31.40.0-255,66,48150,76,243731
45569,0.000431,172.31.40.0-255,66,48216,76,243731
45570,0.000477,74.125.200.0-255,362,48578,76,243731
45571,0.00048,74.125.200.0-255,130,48708,76,243731
45572,0.000661,74.125.200.0-255,348,49056,76,243731
45573,0.000954,74.125.200.0-255,1484,50540,76,243731
45574,0.000959,172.31.40.0-255,66,50606,76,243731
45575,0.000965,74.125.200.0-255,2902,53508,76,243731
45576,0.000968,172.31.40.0-255,66,53574,76,243731
45577,0.000995,74.125.200.0-255,4320,57894,76,243731
45578,0.000998,172.31.40.0-255,66,57960,76,243731
45579,0.001004,74.125.200.0-255,5738,63698,76,243731
45580,0.001007,172.31.40.0-255,66,63764,76,243731
45581,0.001036,74.125.200.0-255,2902,66666,76,243731
45582,0.001044,74.125.200.0-255,7156,73822,76,243731
45583,0.001053,74.125.200.0-255,766,74588,76,243731
45584,0.001057,172.31.40.0-255,66,74654,76,243731
45585,0.001065,172.31.40.0-255,66,74720,76,243731
45586,0.001069,172.31.40.0-255,66,74786,76,243731
45587,0.001556,172.31.40.0-255,66,74852,76,243731
45588,0.001707,74.125.200.0-255,1484,76336,76,243731
45589,0.001718,74.125.200.0-255,2902,79238,76,243731
45590,0.001722,172.31.40.0-255,66,79304,76,243731
45591,0.001726,74.125.200.0-255,1484,80788,76,243731
45592,0.00173,74.125.200.0-255,2902,83690,76,243731
45593,0.001732,172.31.40.0-255,66,83756,76,243731
45594,0.00176,74.125.200.0-255,5738,89494,76,243731
45595,0.001763,172.31.40.0-255,66,89560,76,243731
45596,0.001808,74.125.200.0-255,5738,95298,76,243731
45597,0.00181,172.31.40.0-255,66,95364,76,243731
45598,0.001825,74.125.200.0-255,5738,101102,76,243731
45599,0.001828,172.31.40.0-255,66,101168,76,243731
45600,0.001839,172.31.40.0-255,66,101234,76,243731
45601,0.003763,74.125.200.0-255,5738,106972,76,243731
45602,0.003771,172.31.40.0-255,66,107038,76,243731
45603,0.005691,74.125.200.0-255,5738,112776,76,243731
45604,0.005697,172.31.40.0-255,66,112842,76,243731
45605,0.007629,74.125.200.0-255,5738,118580,76,243731
45606,0.007635,172.31.40.0-255,66,118646,76,243731
45607,0.009563,74.125.200.0-255,5738,124384,76,243731
45608,0.009572,172.31.40.0-255,66,124450,76,243731
45609,0.011505,74.125.200.0-255,5738,130188,76,243731
45610,0.011513,172.31.40.0-255,66,130254,76,243731
45611,0.013445,74.125.200.0-255,5738,135992,76,243731
45612,0.013453,172.31.40.0-255,66,136058,76,243731
45613,0.01539,74.125.200.0-255,5738,141796,76,243731
45614,0.015398,172.31.40.0-255,66,141862,76,243731
45615,0.017331,74.125.200.0-255,5738,147600,76,243731
45616,0.017339,172.31.40.0-255,66,147666,76,243731
45617,0.019276,74.125.200.0-255,5738,153404,76,243731
45618,0.019284,172.31.40.0-255,66,153470,76,243731
45619,0.021212,74.125.200.0-255,5738,159208,76,243731
45620,0.02122,172.31.40.0-255,66,159274,76,243731
45621,0.023176,74.125.200.0-255,5738,165012,76,243731
45622,0.023183,172.31.40.0-255,66,165078,76,243731
45623,0.02447,172.31.40.0-255,172,165250,76,243731
45624,0.024499,172.31.40.0-255,1104,166354,76,243731
45625,0.024666,172.31.40.0-255,1514,167868,76,243731
45626,0.024668,172.31.40.0-255,345,168213,76,243731
45627,0.02511,74.125.200.0-255,5738,173951,76,243731
45628,0.025118,172.31.40.0-255,66,174017,76,243731
45629,0.026214,104.244.42.0-255,66,174083,76,243731
45630,0.027062,74.125.200.0-255,5738,179821,76,243731
45631,0.027068,172.31.40.0-255,66,179887,76,243731
45632,0.029001,74.125.200.0-255,5738,185625,76,243731
45633,0.029008,172.31.40.0-255,66,185691,76,243731
45634,0.030947,74.125.200.0-255,5738,191429,76,243731
45635,0.030954,172.31.40.0-255,66,191495,76,243731
45636,0.032906,74.125.200.0-255,5738,197233,76,243731
45637,0.032912,172.31.40.0-255,66,197299,76,243731
45638,0.03485,74.125.200.0-255,5738,203037,76,243731
45639,0.034858,172.31.40.0-255,66,203103,76,243731
45640,0.036796,74.125.200.0-255,5738,208841,76,243731
45641,0.036803,172.31.40.0-255,66,208907,76,243731
45642,0.038749,74.125.200.0-255,5738,214645,76,243731
45643,0.038755,172.31.40.0-255,66,214711,76,243731
45644,0.040712,74.125.200.0-255,5738,220449,76,243731
45645,0.040721,172.31.40.0-255,66,220515,76,243731
45646,0.042661,74.125.200.0-255,5738,226253,76,243731
45647,0.042678,172.31.40.0-255,66,226319,76,243731
45648,0.044611,74.125.200.0-255,5738,232057,76,243731
45649,0.044627,172.31.40.0-255,66,232123,76,243731
45650,0.04657,74.125.200.0-255,5738,237861,76,243731
45651,0.046584,172.31.40.0-255,66,237927,76,243731
45652,0.048508,74.125.200.0-255,5738,243665,76,243731
45653,0.048514,172.31.40.0-255,66,243731,76,243731
45654,0.0,172.217.160.0-255,146,146,76,292976
45655,2.2e-05,172.31.40.0-255,66,212,76,292976
45656,2.9e-05,172.217.160.0-255,1484,1696,76,292976
45657,3.3e-05,172.31.40.0-255,66,1762,76,292976
45658,3.9e-05,172.217.160.0-255,2902,4664,76,292976
45659,4.2e-05,172.31.40.0-255,66,4730,76,292976
45660,4.9e-05,172.217.160.0-255,7156,11886,76,292976
45661,5.3e-05,172.31.40.0-255,66,11952,76,292976
45662,5.7e-05,172.217.160.0-255,1985,13937,76,292976
45663,6e-05,172.31.40.0-255,66,14003,76,292976
45664,0.000147,172.217.160.0-255,1484,15487,76,292976
45665,0.000151,172.31.40.0-255,66,15553,76,292976
45666,0.000157,172.217.160.0-255,2902,18455,76,292976
45667,0.000159,172.31.40.0-255,66,18521,76,292976
45668,0.000166,172.217.160.0-255,5738,24259,76,292976
45669,0.000168,172.31.40.0-255,66,24325,76,292976
45670,0.000172,172.217.160.0-255,2902,27227,76,292976
45671,0.000174,172.31.40.0-255,66,27293,76,292976
45672,0.000198,172.217.160.0-255,1484,28777,76,292976
45673,0.000201,172.31.40.0-255,66,28843,76,292976
45674,0.000215,172.31.40.0-255,66,28909,76,292976
45675,0.000245,172.31.40.0-255,66,28975,76,292976
45676,0.00028,172.217.160.0-255,4320,33295,76,292976
45677,0.000283,172.31.40.0-255,66,33361,76,292976
45678,0.000307,172.217.160.0-255,6438,39799,76,292976
45679,0.000309,172.31.40.0-255,66,39865,76,292976
45680,0.000312,172.217.160.0-255,372,40237,76,292976
45681,0.000314,172.31.40.0-255,66,40303,76,292976
45682,0.000855,172.217.160.0-255,103,40406,76,292976
45683,0.000861,172.31.40.0-255,66,40472,76,292976
45684,0.000977,172.217.160.0-255,1484,41956,76,292976
45685,0.000982,172.31.40.0-255,66,42022,76,292976
45686,0.000987,172.217.160.0-255,2902,44924,76,292976
45687,0.000989,172.31.40.0-255,66,44990,76,292976
45688,0.000992,172.217.160.0-255,1484,46474,76,292976
45689,0.000994,172.31.40.0-255,66,46540,76,292976
45690,0.001013,172.217.160.0-255,4320,50860,76,292976
45691,0.001016,172.31.40.0-255,66,50926,76,292976
45692,0.00102,172.217.160.0-255,2902,53828,76,292976
45693,0.001022,172.31.40.0-255,66,53894,76,292976
45694,0.001058,172.31.40.0-255,66,53960,76,292976
45695,0.00107,172.31.40.0-255,66,54026,76,292976
45696,0.001155,172.217.160.0-255,1484,55510,76,292976
45697,0.001159,172.31.40.0-255,66,55576,76,292976
45698,0.001164,172.217.160.0-255,2902,58478,76,292976
45699,0.001166,172.31.40.0-255,66,58544,76,292976
45700,0.00117,172.217.160.0-255,2902,61446,76,292976
45701,0.001193,172.31.40.0-255,66,61512,76,292976
45702,0.001199,172.217.160.0-255,2902,64414,76,292976
45703,0.001203,172.217.160.0-255,4320,68734,76,292976
45704,0.00122,172.31.40.0-255,66,68800,76,292976
45705,0.00123,172.217.160.0-255,1484,70284,76,292976
45706,0.001248,172.217.160.0-255,6438,76722,76,292976
45707,0.001286,172.31.40.0-255,66,76788,76,292976
45708,0.001302,172.217.160.0-255,1484,78272,76,292976
45709,0.001307,172.217.160.0-255,2902,81174,76,292976
45710,0.001329,172.217.160.0-255,4320,85494,76,292976
45711,0.001334,172.31.40.0-255,66,85560,76,292976
45712,0.001343,172.217.160.0-255,1484,87044,76,292976
45713,0.001361,172.217.160.0-255,5738,92782,76,292976
45714,0.001377,172.217.160.0-255,1484,94266,76,292976
45715,0.001382,172.217.160.0-255,3602,97868,76,292976
45716,0.001385,172.217.160.0-255,1484,99352,76,292976
45717,0.001402,172.217.160.0-255,2902,102254,76,292976
45718,0.001407,172.217.160.0-255,4320,106574,76,292976
45719,0.001414,172.31.40.0-255,66,106640,76,292976
45720,0.001435,172.217.160.0-255,5738,112378,76,292976
45721,0.001442,172.31.40.0-255,66,112444,76,292976
45722,0.001485,172.31.40.0-255,66,112510,76,292976
45723,0.001536,172.217.160.0-255,4320,116830,76,292976
45724,0.001539,172.31.40.0-255,66,116896,76,292976
45725,0.001544,172.31.40.0-255,66,116962,76,292976
45726,0.001556,172.217.160.0-255,7156,124118,76,292976
45727,0.001571,172.217.160.0-255,2184,126302,76,292976
45728,0.00158,172.31.40.0-255,66,126368,76,292976
45729,0.001597,172.217.160.0-255,1484,127852,76,292976
45730,0.001602,172.217.160.0-255,2902,130754,76,292976
45731,0.001606,172.31.40.0-255,66,130820,76,292976
45732,0.00162,172.217.160.0-255,5738,136558,76,292976
45733,0.001633,172.217.160.0-255,2902,139460,76,292976
45734,0.001663,172.217.160.0-255,1484,140944,76,292976
45735,0.001681,172.31.40.0-255,66,141010,76,292976
45736,0.001695,172.31.40.0-255,66,141076,76,292976
45737,0.003338,172.217.160.0-255,5738,146814,76,292976
45738,0.003345,172.31.40.0-255,66,146880,76,292976
45739,0.004992,172.217.160.0-255,5738,152618,76,292976
45740,0.004998,172.31.40.0-255,66,152684,76,292976
45741,0.006645,172.217.160.0-255,5738,158422,76,292976
45742,0.006649,172.31.40.0-255,66,158488,76,292976
45743,0.008306,172.217.160.0-255,5738,164226,76,292976
45744,0.008313,172.31.40.0-255,66,164292,76,292976
45745,0.009958,172.217.160.0-255,5738,170030,76,292976
45746,0.009966,172.31.40.0-255,66,170096,76,292976
45747,0.011616,172.217.160.0-255,5738,175834,76,292976
45748,0.014854,172.31.40.0-255,66,175900,76,292976
45749,0.016504,172.217.160.0-255,5738,181638,76,292976
45750,0.016515,172.31.40.0-255,66,181704,76,292976
45751,0.01817,172.217.160.0-255,5738,187442,76,292976
45752,0.018177,172.31.40.0-255,66,187508,76,292976
45753,0.019848,172.217.160.0-255,5738,193246,76,292976
45754,0.019855,172.31.40.0-255,66,193312,76,292976
45755,0.021498,172.217.160.0-255,5738,199050,76,292976
45756,0.021502,172.31.40.0-255,66,199116,76,292976
45757,0.023141,172.217.160.0-255,5738,204854,76,292976
45758,0.023147,172.31.40.0-255,66,204920,76,292976
45759,0.024792,172.217.160.0-255,5738,210658,76,292976
45760,0.024799,172.31.40.0-255,66,210724,76,292976
45761,0.026463,172.217.160.0-255,5738,216462,76,292976
45762,0.02647,172.31.40.0-255,66,216528,76,292976
45763,0.028116,172.217.160.0-255,5738,222266,76,292976
45764,0.028123,172.31.40.0-255,66,222332,76,292976
45765,0.029771,172.217.160.0-255,5738,228070,76,292976
45766,0.029777,172.31.40.0-255,66,228136,76,292976
45767,0.030293,172.31.40.0-255,172,228308,76,292976
45768,0.030321,172.31.40.0-255,1109,229417,76,292976
45769,0.030371,172.31.40.0-255,1514,230931,76,292976
45770,0.030372,172.31.40.0-255,1307,232238,76,292976
45771,0.031425,172.217.160.0-255,5738,237976,76,292976
45772,0.03143,172.31.40.0-255,66,238042,76,292976
45773,0.031834,104.244.42.0-255,66,238108,76,292976
45774,0.031884,104.244.42.0-255,66,238174,76,292976
45775,0.03193,104.244.42.0-255,66,238240,76,292976
45776,0.033092,172.217.160.0-255,5738,243978,76,292976
45777,0.033098,172.31.40.0-255,66,244044,76,292976
45778,0.034748,172.217.160.0-255,5738,249782,76,292976
45779,0.034754,172.31.40.0-255,66,249848,76,292976
45780,0.036432,172.217.160.0-255,4320,254168,76,292976
45781,0.036439,172.31.40.0-255,66,254234,76,292976
45782,0.036459,172.217.160.0-255,1484,255718,76,292976
45783,0.038093,172.217.160.0-255,4320,260038,76,292976
45784,0.0381,172.31.40.0-255,66,260104,76,292976
45785,0.039755,172.217.160.0-255,5738,265842,76,292976
45786,0.039804,172.31.40.0-255,66,265908,76,292976
45787,0.041476,172.217.160.0-255,5738,271646,76,292976
45788,0.041483,172.31.40.0-255,66,271712,76,292976
45789,0.043137,172.217.160.0-255,5738,277450,76,292976
45790,0.043143,172.31.40.0-255,66,277516,76,292976
45791,0.044792,172.217.160.0-255,5738,283254,76,292976
45792,0.044799,172.31.40.0-255,66,283320,76,292976
45793,0.046459,172.217.160.0-255,5738,289058,76,292976
45794,0.046465,172.31.40.0-255,66,289124,76,292976
45795,0.04811,172.217.160.0-255,3615,292739,76,292976
45796,0.048117,172.31.40.0-255,66,292805,76,292976
45797,0.048276,172.31.40.0-255,105,292910,76,292976
45798,0.049902,172.217.160.0-255,66,292976,76,292976
45799,0.0,172.217.27.0-255,153,153,76,334550
45800,2.4e-05,172.31.40.0-255,66,219,76,334550
45801,3.2e-05,172.217.27.0-255,1484,1703,76,334550
45802,3.7e-05,172.31.40.0-255,66,1769,76,334550
45803,4.3e-05,172.217.27.0-255,2902,4671,76,334550
45804,4.5e-05,172.31.40.0-255,66,4737,76,334550
45805,5.1e-05,172.217.27.0-255,4320,9057,76,334550
45806,5.3e-05,172.31.40.0-255,66,9123,76,334550
45807,7.6e-05,172.217.27.0-255,7156,16279,76,334550
45808,7.9e-05,172.31.40.0-255,66,16345,76,334550
45809,9.6e-05,172.217.27.0-255,2040,18385,76,334550
45810,9.9e-05,172.31.40.0-255,66,18451,76,334550
45811,0.000116,172.217.27.0-255,5738,24189,76,334550
45812,0.000119,172.31.40.0-255,66,24255,76,334550
45813,0.000143,172.217.27.0-255,6797,31052,76,334550
45814,0.000145,172.31.40.0-255,66,31118,76,334550
45815,0.000166,172.217.27.0-255,1484,32602,76,334550
45816,0.000168,172.31.40.0-255,66,32668,76,334550
45817,0.000172,172.217.27.0-255,2902,35570,76,334550
45818,0.000174,172.31.40.0-255,66,35636,76,334550
45819,0.000207,172.217.27.0-255,1484,37120,76,334550
45820,0.000209,172.31.40.0-255,66,37186,76,334550
45821,0.000223,172.217.27.0-255,2902,40088,76,334550
45822,0.000226,172.31.40.0-255,66,40154,76,334550
45823,0.000233,172.217.27.0-255,5738,45892,76,334550
45824,0.000235,172.31.40.0-255,66,45958,76,334550
45825,0.000238,172.217.27.0-255,1484,47442,76,334550
45826,0.00024,172.31.40.0-255,66,47508,76,334550
45827,0.000243,172.217.27.0-255,1125,48633,76,334550
45828,0.000245,172.31.40.0-255,66,48699,76,334550
45829,0.000301,172.217.27.0-255,1484,50183,76,334550
45830,0.000317,172.31.40.0-255,66,50249,76,334550
45831,0.000323,172.217.27.0-255,2902,53151,76,334550
45832,0.000326,172.31.40.0-255,66,53217,76,334550
45833,0.000332,172.217.27.0-255,5738,58955,76,334550
45834,0.000335,172.31.40.0-255,66,59021,76,334550
45835,0.000339,172.217.27.0-255,2902,61923,76,334550
45836,0.000341,172.31.40.0-255,66,61989,76,334550
45837,0.000365,172.217.27.0-255,4253,66242,76,334550
45838,0.000368,172.31.40.0-255,66,66308,76,334550
45839,0.000528,172.217.27.0-255,136,66444,76,334550
45840,0.00069,172.217.27.0-255,1484,67928,76,334550
45841,0.000695,172.31.40.0-255,66,67994,76,334550
45842,0.000701,172.217.27.0-255,2902,70896,76,334550
45843,0.000704,172.31.40.0-255,66,70962,76,334550
45844,0.00071,172.217.27.0-255,5738,76700,76,334550
45845,0.000712,172.31.40.0-255,66,76766,76,334550
45846,0.000751,172.217.27.0-255,5738,82504,76,334550
45847,0.000755,172.31.40.0-255,66,82570,76,334550
45848,0.000776,172.217.27.0-255,4320,86890,76,334550
45849,0.000778,172.31.40.0-255,66,86956,76,334550
45850,0.000789,172.217.27.0-255,2543,89499,76,334550
45851,0.000791,172.31.40.0-255,66,89565,76,334550
45852,0.000832,172.31.40.0-255,66,89631,76,334550
45853,0.000981,172.217.27.0-255,1484,91115,76,334550
45854,0.001028,172.217.27.0-255,1484,92599,76,334550
45855,0.001031,172.31.40.0-255,66,92665,76,334550
45856,0.001051,172.217.27.0-255,2902,95567,76,334550
45857,0.001053,172.31.40.0-255,66,95633,76,334550
45858,0.001059,172.217.27.0-255,4320,99953,76,334550
45859,0.001061,172.31.40.0-255,66,100019,76,334550
45860,0.001076,172.217.27.0-255,1484,101503,76,334550
45861,0.001091,172.217.27.0-255,5263,106766,76,334550
45862,0.001093,172.31.40.0-255,66,106832,76,334550
45863,0.001126,172.217.27.0-255,1484,108316,76,334550
45864,0.001146,172.217.27.0-255,2902,111218,76,334550
45865,0.001149,172.31.40.0-255,66,111284,76,334550
45866,0.001155,172.217.27.0-255,5738,117022,76,334550
45867,0.001157,172.31.40.0-255,66,117088,76,334550
45868,0.001162,172.217.27.0-255,2902,119990,76,334550
45869,0.001164,172.31.40.0-255,66,120056,76,334550
45870,0.001176,172.217.27.0-255,2902,122958,76,334550
45871,0.001179,172.31.40.0-255,66,123024,76,334550
45872,0.001186,172.217.27.0-255,7156,130180,76,334550
45873,0.001188,172.31.40.0-255,66,130246,76,334550
45874,0.001212,172.217.27.0-255,1484,131730,76,334550
45875,0.001217,172.217.27.0-255,2902,134632,76,334550
45876,0.001219,172.31.40.0-255,66,134698,76,334550
45877,0.001222,172.217.27.0-255,1484,136182,76,334550
45878,0.001241,172.217.27.0-255,4320,140502,76,334550
45879,0.001243,172.31.40.0-255,66,140568,76,334550
45880,0.001245,172.217.27.0-255,766,141334,76,334550
45881,0.00157,172.217.27.0-255,1484,142818,76,334550
45882,0.001575,172.31.40.0-255,66,142884,76,334550
45883,0.001581,172.217.27.0-255,2902,145786,76,334550
45884,0.001584,172.31.40.0-255,66,145852,76,334550
45885,0.001587,172.217.27.0-255,1484,147336,76,334550
45886,0.001615,172.217.27.0-255,4320,151656,76,334550
45887,0.001618,172.31.40.0-255,66,151722,76,334550
45888,0.001623,172.217.27.0-255,4320,156042,76,334550
45889,0.001625,172.31.40.0-255,66,156108,76,334550
45890,0.001629,172.217.27.0-255,2668,158776,76,334550
45891,0.001631,172.31.40.0-255,66,158842,76,334550
45892,0.001658,172.217.27.0-255,2902,161744,76,334550
45893,0.00166,172.31.40.0-255,66,161810,76,334550
45894,0.001665,172.217.27.0-255,2902,164712,76,334550
45895,0.001668,172.31.40.0-255,66,164778,76,334550
45896,0.003299,172.217.27.0-255,4320,169098,76,334550
45897,0.003306,172.31.40.0-255,66,169164,76,334550
45898,0.003325,172.217.27.0-255,1484,170648,76,334550
45899,0.004968,172.217.27.0-255,4320,174968,76,334550
45900,0.004972,172.31.40.0-255,66,175034,76,334550
45901,0.006602,172.217.27.0-255,2902,177936,76,334550
45902,0.006605,172.31.40.0-255,66,178002,76,334550
45903,0.006625,172.217.27.0-255,2902,180904,76,334550
45904,0.006627,172.31.40.0-255,66,180970,76,334550
45905,0.00825,172.217.27.0-255,2902,183872,76,334550
45906,0.008257,172.31.40.0-255,66,183938,76,334550
45907,0.008276,172.217.27.0-255,2902,186840,76,334550
45908,0.008279,172.31.40.0-255,66,186906,76,334550
45909,0.009903,172.217.27.0-255,4320,191226,76,334550
45910,0.00991,172.31.40.0-255,66,191292,76,334550
45911,0.009931,172.217.27.0-255,1484,192776,76,334550
45912,0.011557,172.217.27.0-255,4320,197096,76,334550
45913,0.011564,172.31.40.0-255,66,197162,76,334550
45914,0.013238,172.217.27.0-255,5738,202900,76,334550
45915,0.013245,172.31.40.0-255,66,202966,76,334550
45916,0.014897,172.217.27.0-255,5738,208704,76,334550
45917,0.014904,172.31.40.0-255,66,208770,76,334550
45918,0.016557,172.217.27.0-255,5738,214508,76,334550
45919,0.016564,172.31.40.0-255,66,214574,76,334550
45920,0.018216,172.217.27.0-255,5738,220312,76,334550
45921,0.018224,172.31.40.0-255,66,220378,76,334550
45922,0.019885,172.217.27.0-255,5738,226116,76,334550
45923,0.019892,172.31.40.0-255,66,226182,76,334550
45924,0.021539,172.217.27.0-255,5738,231920,76,334550
45925,0.021547,172.31.40.0-255,66,231986,76,334550
45926,0.023191,172.217.27.0-255,5738,237724,76,334550
45927,0.023199,172.31.40.0-255,66,237790,76,334550
45928,0.024859,172.217.27.0-255,5738,243528,76,334550
45929,0.024865,172.31.40.0-255,66,243594,76,334550
45930,0.026512,172.217.27.0-255,5738,249332,76,334550
45931,0.026523,172.31.40.0-255,66,249398,76,334550
45932,0.02818,172.217.27.0-255,5738,255136,76,334550
45933,0.02819,172.31.40.0-255,66,255202,76,334550
45934,0.029858,172.217.27.0-255,5738,260940,76,334550
45935,0.02987,172.31.40.0-255,66,261006,76,334550
45936,0.031531,172.217.27.0-255,5738,266744,76,334550
45937,0.031543,172.31.40.0-255,66,266810,76,334550
45938,0.033197,172.217.27.0-255,5738,272548,76,334550
45939,0.033207,172.31.40.0-255,66,272614,76,334550
45940,0.034858,172.217.27.0-255,5738,278352,76,334550
45941,0.034863,172.31.40.0-255,66,278418,76,334550
45942,0.036506,172.217.27.0-255,5738,284156,76,334550
45943,0.036512,172.31.40.0-255,66,284222,76,334550
45944,0.03817,172.217.27.0-255,5738,289960,76,334550
45945,0.03818,172.31.40.0-255,66,290026,76,334550
45946,0.039851,172.217.27.0-255,5738,295764,76,334550
45947,0.039861,172.31.40.0-255,66,295830,76,334550
45948,0.041007,172.31.40.0-255,172,296002,76,334550
45949,0.041045,172.31.40.0-255,1105,297107,76,334550
45950,0.041107,172.31.40.0-255,1514,298621,76,334550
45951,0.041108,172.31.40.0-255,344,298965,76,334550
45952,0.041503,172.217.27.0-255,2902,301867,76,334550
45953,0.041511,172.31.40.0-255,66,301933,76,334550
45954,0.041533,172.217.27.0-255,2902,304835,76,334550
45955,0.041536,172.31.40.0-255,66,304901,76,334550
45956,0.041589,172.31.40.0-255,101,305002,76,334550
45957,0.042582,104.244.42.0-255,66,305068,76,334550
45958,0.042591,104.244.42.0-255,66,305134,76,334550
45959,0.042659,104.244.42.0-255,66,305200,76,334550
45960,0.043155,172.217.27.0-255,2902,308102,76,334550
45961,0.043162,172.31.40.0-255,66,308168,76,334550
45962,0.043189,172.217.27.0-255,2902,311070,76,334550
45963,0.043192,172.31.40.0-255,66,311136,76,334550
45964,0.043212,172.217.27.0-255,66,311202,76,334550
45965,0.044801,172.217.27.0-255,2902,314104,76,334550
45966,0.044808,172.31.40.0-255,66,314170,76,334550
45967,0.044836,172.217.27.0-255,2902,317072,76,334550
45968,0.044838,172.31.40.0-255,66,317138,76,334550
45969,0.046472,172.217.27.0-255,5738,322876,76,334550
45970,0.046484,172.31.40.0-255,66,322942,76,334550
45971,0.048147,172.217.27.0-255,5738,328680,76,334550
45972,0.048158,172.31.40.0-255,66,328746,76,334550
45973,0.049844,172.217.27.0-255,5738,334484,76,334550
45974,0.049864,172.31.40.0-255,66,334550,76,334550
45975,0.0,74.125.24.0-255,152,152,76,281261
45976,2.4e-05,172.31.40.0-255,66,218,76,281261
45977,3.1e-05,74.125.24.0-255,1484,1702,76,281261
45978,3.5e-05,172.31.40.0-255,66,1768,76,281261
45979,4.1e-05,74.125.24.0-255,2902,4670,76,281261
45980,5.3e-05,172.31.40.0-255,66,4736,76,281261
45981,6.2e-05,74.125.24.0-255,7156,11892,76,281261
45982,6.4e-05,172.31.40.0-255,66,11958,76,281261
45983,7.1e-05,74.125.24.0-255,3456,15414,76,281261
45984,7.4e-05,172.31.40.0-255,66,15480,76,281261
45985,8.8e-05,172.31.40.0-255,66,15546,76,281261
45986,9.3e-05,74.125.24.0-255,2543,18089,76,281261
45987,9.5e-05,172.31.40.0-255,66,18155,76,281261
45988,0.00031,74.125.24.0-255,1484,19639,76,281261
45989,0.000316,172.31.40.0-255,66,19705,76,281261
45990,0.000322,74.125.24.0-255,2902,22607,76,281261
45991,0.000324,172.31.40.0-255,66,22673,76,281261
45992,0.00033,74.125.24.0-255,5738,28411,76,281261
45993,0.000332,172.31.40.0-255,66,28477,76,281261
45994,0.000344,74.125.24.0-255,5738,34215,76,281261
45995,0.000347,172.31.40.0-255,66,34281,76,281261
45996,0.000377,74.125.24.0-255,5738,40019,76,281261
45997,0.000379,172.31.40.0-255,66,40085,76,281261
45998,0.000418,172.31.40.0-255,66,40151,76,281261
45999,0.000424,74.125.24.0-255,3961,44112,76,281261
46000,0.000426,172.31.40.0-255,66,44178,76,281261
46001,0.000428,74.125.24.0-255,361,44539,76,281261
46002,0.00043,172.31.40.0-255,66,44605,76,281261
46003,0.000489,74.125.24.0-255,130,44735,76,281261
46004,0.000492,172.31.40.0-255,66,44801,76,281261
46005,0.000562,74.125.24.0-255,1484,46285,76,281261
46006,0.000583,74.125.24.0-255,2902,49187,76,281261
46007,0.000587,172.31.40.0-255,66,49253,76,281261
46008,0.000594,74.125.24.0-255,5738,54991,76,281261
46009,0.000597,172.31.40.0-255,66,55057,76,281261
46010,0.000637,74.125.24.0-255,2902,57959,76,281261
46011,0.00064,172.31.40.0-255,66,58025,76,281261
46012,0.000666,74.125.24.0-255,3961,61986,76,281261
46013,0.00067,172.31.40.0-255,66,62052,76,281261
46014,0.000685,172.31.40.0-255,66,62118,76,281261
46015,0.000688,74.125.24.0-255,2543,64661,76,281261
46016,0.000692,172.31.40.0-255,66,64727,76,281261
46017,0.000695,74.125.24.0-255,348,65075,76,281261
46018,0.000824,74.125.24.0-255,1484,66559,76,281261
46019,0.000829,172.31.40.0-255,66,66625,76,281261
46020,0.000834,74.125.24.0-255,2902,69527,76,281261
46021,0.000836,172.31.40.0-255,66,69593,76,281261
46022,0.000861,74.125.24.0-255,5738,75331,76,281261
46023,0.000864,172.31.40.0-255,66,75397,76,281261
46024,0.000901,172.31.40.0-255,66,75463,76,281261
46025,0.000943,172.31.40.0-255,66,75529,76,281261
46026,0.001074,74.125.24.0-255,1484,77013,76,281261
46027,0.001103,74.125.24.0-255,2902,79915,76,281261
46028,0.001106,172.31.40.0-255,66,79981,76,281261
46029,0.001113,74.125.24.0-255,5738,85719,76,281261
46030,0.001116,172.31.40.0-255,66,85785,76,281261
46031,0.001119,74.125.24.0-255,1484,87269,76,281261
46032,0.001162,172.31.40.0-255,66,87335,76,281261
46033,0.001167,74.125.24.0-255,2902,90237,76,281261
46034,0.001169,172.31.40.0-255,66,90303,76,281261
46035,0.001204,172.31.40.0-255,66,90369,76,281261
46036,0.001234,74.125.24.0-255,1484,91853,76,281261
46037,0.001238,74.125.24.0-255,2902,94755,76,281261
46038,0.001241,172.31.40.0-255,66,94821,76,281261
46039,0.001271,74.125.24.0-255,5738,100559,76,281261
46040,0.001275,172.31.40.0-255,66,100625,76,281261
46041,0.001278,74.125.24.0-255,1484,102109,76,281261
46042,0.001315,172.31.40.0-255,66,102175,76,281261
46043,0.00135,172.31.40.0-255,66,102241,76,281261
46044,0.001374,74.125.24.0-255,2184,104425,76,281261
46045,0.001377,172.31.40.0-255,66,104491,76,281261
46046,0.001452,74.125.24.0-255,1484,105975,76,281261
46047,0.001469,74.125.24.0-255,2902,108877,76,281261
46048,0.001473,172.31.40.0-255,66,108943,76,281261
46049,0.001478,74.125.24.0-255,4320,113263,76,281261
46050,0.00148,172.31.40.0-255,66,113329,76,281261
46051,0.001483,74.125.24.0-255,1484,114813,76,281261
46052,0.00151,74.125.24.0-255,4320,119133,76,281261
46053,0.001512,172.31.40.0-255,66,119199,76,281261
46054,0.001517,74.125.24.0-255,4320,123519,76,281261
46055,0.00152,172.31.40.0-255,66,123585,76,281261
46056,0.001557,74.125.24.0-255,7156,130741,76,281261
46057,0.001561,172.31.40.0-255,66,130807,76,281261
46058,0.001566,74.125.24.0-255,5738,136545,76,281261
46059,0.001569,172.31.40.0-255,66,136611,76,281261
46060,0.001609,74.125.24.0-255,2184,138795,76,281261
46061,0.001612,172.31.40.0-255,66,138861,76,281261
46062,0.001708,74.125.24.0-255,1484,140345,76,281261
46063,0.001714,74.125.24.0-255,2902,143247,76,281261
46064,0.001717,172.31.40.0-255,66,143313,76,281261
46065,0.001742,74.125.24.0-255,5738,149051,76,281261
46066,0.001745,172.31.40.0-255,66,149117,76,281261
46067,0.001799,172.31.40.0-255,66,149183,76,281261
46068,0.001807,172.31.40.0-255,66,149249,76,281261
46069,0.001824,74.125.24.0-255,766,150015,76,281261
46070,0.001855,74.125.24.0-255,1484,151499,76,281261
46071,0.001858,172.31.40.0-255,66,151565,76,281261
46072,0.001864,74.125.24.0-255,2902,154467,76,281261
46073,0.001866,172.31.40.0-255,66,154533,76,281261
46074,0.001891,74.125.24.0-255,1484,156017,76,281261
46075,0.001897,74.125.24.0-255,5738,161755,76,281261
46076,0.00193,74.125.24.0-255,1484,163239,76,281261
46077,0.001939,172.31.40.0-255,66,163305,76,281261
46078,0.001952,172.31.40.0-255,66,163371,76,281261
46079,0.001981,172.31.40.0-255,66,163437,76,281261
46080,0.002007,74.125.24.0-255,766,164203,76,281261
46081,0.002318,74.125.24.0-255,1484,165687,76,281261
46082,0.002324,172.31.40.0-255,66,165753,76,281261
46083,0.00432,74.125.24.0-255,2902,168655,76,281261
46084,0.004328,172.31.40.0-255,66,168721,76,281261
46085,0.004621,74.125.24.0-255,2902,171623,76,281261
46086,0.004624,172.31.40.0-255,66,171689,76,281261
46087,0.006677,74.125.24.0-255,2902,174591,76,281261
46088,0.006683,172.31.40.0-255,66,174657,76,281261
46089,0.006944,74.125.24.0-255,2902,177559,76,281261
46090,0.006948,172.31.40.0-255,66,177625,76,281261
46091,0.009021,74.125.24.0-255,2902,180527,76,281261
46092,0.009028,172.31.40.0-255,66,180593,76,281261
46093,0.009235,74.125.24.0-255,2902,183495,76,281261
46094,0.009239,172.31.40.0-255,66,183561,76,281261
46095,0.011359,74.125.24.0-255,2902,186463,76,281261
46096,0.011367,172.31.40.0-255,66,186529,76,281261
46097,0.01155,74.125.24.0-255,2902,189431,76,281261
46098,0.011555,172.31.40.0-255,66,189497,76,281261
46099,0.013688,74.125.24.0-255,2902,192399,76,281261
46100,0.013697,172.31.40.0-255,66,192465,76,281261
46101,0.013828,74.125.24.0-255,2902,195367,76,281261
46102,0.013832,172.31.40.0-255,66,195433,76,281261
46103,0.016021,74.125.24.0-255,2902,198335,76,281261
46104,0.016031,172.31.40.0-255,66,198401,76,281261
46105,0.016162,74.125.24.0-255,2902,201303,76,281261
46106,0.016168,172.31.40.0-255,66,201369,76,281261
46107,0.018357,74.125.24.0-255,2902,204271,76,281261
46108,0.018368,172.31.40.0-255,66,204337,76,281261
46109,0.018484,74.125.24.0-255,2902,207239,76,281261
46110,0.018487,172.31.40.0-255,66,207305,76,281261
46111,0.020667,74.125.24.0-255,2902,210207,76,281261
46112,0.020675,172.31.40.0-255,66,210273,76,281261
46113,0.020818,74.125.24.0-255,2902,213175,76,281261
46114,0.020823,172.31.40.0-255,66,213241,76,281261
46115,0.022974,74.125.24.0-255,2902,216143,76,281261
46116,0.022981,172.31.40.0-255,66,216209,76,281261
46117,0.023105,74.125.24.0-255,2902,219111,76,281261
46118,0.023109,172.31.40.0-255,66,219177,76,281261
46119,0.025326,74.125.24.0-255,2902,222079,76,281261
46120,0.025334,172.31.40.0-255,66,222145,76,281261
46121,0.025396,74.125.24.0-255,2902,225047,76,281261
46122,0.0254,172.31.40.0-255,66,225113,76,281261
46123,0.027638,74.125.24.0-255,2902,228015,76,281261
46124,0.027644,172.31.40.0-255,66,228081,76,281261
46125,0.027711,74.125.24.0-255,2902,230983,76,281261
46126,0.027715,172.31.40.0-255,66,231049,76,281261
46127,0.029996,74.125.24.0-255,2902,233951,76,281261
46128,0.030003,172.31.40.0-255,66,234017,76,281261
46129,0.03005,74.125.24.0-255,2902,236919,76,281261
46130,0.030053,172.31.40.0-255,66,236985,76,281261
46131,0.032348,74.125.24.0-255,5738,242723,76,281261
46132,0.032355,172.31.40.0-255,66,242789,76,281261
46133,0.034214,172.31.40.0-255,172,242961,76,281261
46134,0.034242,172.31.40.0-255,1108,244069,76,281261
46135,0.034293,172.31.40.0-255,1514,245583,76,281261
46136,0.034295,172.31.40.0-255,1308,246891,76,281261
46137,0.034633,74.125.24.0-255,5738,252629,76,281261
46138,0.03464,172.31.40.0-255,66,252695,76,281261
46139,0.035781,104.244.42.0-255,66,252761,76,281261
46140,0.035873,104.244.42.0-255,66,252827,76,281261
46141,0.035876,104.244.42.0-255,66,252893,76,281261
46142,0.036916,74.125.24.0-255,4320,257213,76,281261
46143,0.036922,172.31.40.0-255,66,257279,76,281261
46144,0.036954,74.125.24.0-255,1484,258763,76,281261
46145,0.039277,74.125.24.0-255,4320,263083,76,281261
46146,0.039284,172.31.40.0-255,66,263149,76,281261
46147,0.041597,74.125.24.0-255,5738,268887,76,281261
46148,0.041608,172.31.40.0-255,66,268953,76,281261
46149,0.043953,74.125.24.0-255,5738,274691,76,281261
46150,0.04396,172.31.40.0-255,66,274757,76,281261
46151,0.046276,74.125.24.0-255,5738,280495,76,281261
46152,0.046283,172.31.40.0-255,66,280561,76,281261
46153,0.048588,74.125.24.0-255,529,281090,76,281261
46154,0.048715,172.31.40.0-255,66,281156,76,281261
46155,0.048756,172.31.40.0-255,105,281261,76,281261
46156,0.0,172.217.194.0-255,153,153,76,282693
46157,2.6e-05,172.31.40.0-255,66,219,76,282693
46158,3.3e-05,172.217.194.0-255,1484,1703,76,282693
46159,3.9e-05,172.31.40.0-255,66,1769,76,282693
46160,5.3e-05,172.217.194.0-255,2902,4671,76,282693
46161,5.7e-05,172.31.40.0-255,66,4737,76,282693
46162,6.5e-05,172.217.194.0-255,7156,11893,76,282693
46163,6.9e-05,172.31.40.0-255,66,11959,76,282693
46164,8.6e-05,172.31.40.0-255,66,12025,76,282693
46165,9e-05,172.217.194.0-255,2543,14568,76,282693
46166,9.3e-05,172.31.40.0-255,66,14634,76,282693
46167,0.000163,172.217.194.0-255,1484,16118,76,282693
46168,0.000166,172.31.40.0-255,66,16184,76,282693
46169,0.000171,172.217.194.0-255,2902,19086,76,282693
46170,0.000174,172.31.40.0-255,66,19152,76,282693
46171,0.000179,172.217.194.0-255,2902,22054,76,282693
46172,0.000185,172.31.40.0-255,66,22120,76,282693
46173,0.000211,172.217.194.0-255,2902,25022,76,282693
46174,0.000214,172.31.40.0-255,66,25088,76,282693
46175,0.000226,172.31.40.0-255,66,25154,76,282693
46176,0.000256,172.217.194.0-255,2543,27697,76,282693
46177,0.000258,172.31.40.0-255,66,27763,76,282693
46178,0.000269,172.31.40.0-255,66,27829,76,282693
46179,0.000276,172.217.194.0-255,1446,29275,76,282693
46180,0.000279,172.31.40.0-255,66,29341,76,282693
46181,0.000353,172.217.194.0-255,365,29706,76,282693
46182,0.000356,172.31.40.0-255,66,29772,76,282693
46183,0.000686,172.217.194.0-255,1484,31256,76,282693
46184,0.000692,172.31.40.0-255,66,31322,76,282693
46185,0.000698,172.217.194.0-255,2902,34224,76,282693
46186,0.0007,172.31.40.0-255,66,34290,76,282693
46187,0.000704,172.217.194.0-255,2902,37192,76,282693
46188,0.000706,172.31.40.0-255,66,37258,76,282693
46189,0.000739,172.217.194.0-255,2902,40160,76,282693
46190,0.000742,172.31.40.0-255,66,40226,76,282693
46191,0.000755,172.31.40.0-255,66,40292,76,282693
46192,0.000773,172.31.40.0-255,66,40358,76,282693
46193,0.001276,172.217.194.0-255,1484,41842,76,282693
46194,0.001283,172.217.194.0-255,2902,44744,76,282693
46195,0.001287,172.31.40.0-255,66,44810,76,282693
46196,0.001293,172.217.194.0-255,4320,49130,76,282693
46197,0.001295,172.31.40.0-255,66,49196,76,282693
46198,0.001333,172.217.194.0-255,1484,50680,76,282693
46199,0.001349,172.31.40.0-255,66,50746,76,282693
46200,0.001379,172.31.40.0-255,66,50812,76,282693
46201,0.00141,172.217.194.0-255,6438,57250,76,282693
46202,0.001413,172.31.40.0-255,66,57316,76,282693
46203,0.001629,172.217.194.0-255,1484,58800,76,282693
46204,0.001635,172.217.194.0-255,2902,61702,76,282693
46205,0.001637,172.31.40.0-255,66,61768,76,282693
46206,0.001641,172.217.194.0-255,1484,63252,76,282693
46207,0.001666,172.217.194.0-255,4320,67572,76,282693
46208,0.001669,172.31.40.0-255,66,67638,76,282693
46209,0.001675,172.217.194.0-255,5738,73376,76,282693
46210,0.001677,172.31.40.0-255,66,73442,76,282693
46211,0.001713,172.31.40.0-255,66,73508,76,282693
46212,0.001718,172.217.194.0-255,2902,76410,76,282693
46213,0.00172,172.31.40.0-255,66,76476,76,282693
46214,0.001741,172.217.194.0-255,2184,78660,76,282693
46215,0.001744,172.31.40.0-255,66,78726,76,282693
46216,0.001851,172.217.194.0-255,1484,80210,76,282693
46217,0.001866,172.217.194.0-255,2902,83112,76,282693
46218,0.001869,172.31.40.0-255,66,83178,76,282693
46219,0.001902,172.217.194.0-255,5738,88916,76,282693
46220,0.001905,172.31.40.0-255,66,88982,76,282693
46221,0.001913,172.217.194.0-255,7156,96138,76,282693
46222,0.001915,172.31.40.0-255,66,96204,76,282693
46223,0.001939,172.217.194.0-255,2902,99106,76,282693
46224,0.001941,172.31.40.0-255,66,99172,76,282693
46225,0.001948,172.217.194.0-255,7156,106328,76,282693
46226,0.001951,172.31.40.0-255,66,106394,76,282693
46227,0.001982,172.217.194.0-255,6438,112832,76,282693
46228,0.001984,172.31.40.0-255,66,112898,76,282693
46229,0.002002,172.217.194.0-255,1484,114382,76,282693
46230,0.002005,172.217.194.0-255,1484,115866,76,282693
46231,0.002007,172.31.40.0-255,66,115932,76,282693
46232,0.002033,172.217.194.0-255,1484,117416,76,282693
46233,0.00204,172.217.194.0-255,5738,123154,76,282693
46234,0.002043,172.31.40.0-255,66,123220,76,282693
46235,0.002048,172.217.194.0-255,4320,127540,76,282693
46236,0.00205,172.31.40.0-255,66,127606,76,282693
46237,0.002093,172.217.194.0-255,1484,129090,76,282693
46238,0.002124,172.31.40.0-255,66,129156,76,282693
46239,0.002133,172.31.40.0-255,66,129222,76,282693
46240,0.00214,172.217.194.0-255,1484,130706,76,282693
46241,0.002144,172.217.194.0-255,1484,132190,76,282693
46242,0.002146,172.31.40.0-255,66,132256,76,282693
46243,0.00217,172.217.194.0-255,1484,133740,76,282693
46244,0.00218,172.217.194.0-255,5738,139478,76,282693
46245,0.002183,172.31.40.0-255,66,139544,76,282693
46246,0.002231,172.31.40.0-255,66,139610,76,282693
46247,0.002272,172.31.40.0-255,66,139676,76,282693
46248,0.002291,172.217.194.0-255,7156,146832,76,282693
46249,0.002293,172.31.40.0-255,66,146898,76,282693
46250,0.002318,172.217.194.0-255,4320,151218,76,282693
46251,0.002321,172.31.40.0-255,66,151284,76,282693
46252,0.002328,172.217.194.0-255,7156,158440,76,282693
46253,0.00233,172.31.40.0-255,66,158506,76,282693
46254,0.002363,172.217.194.0-255,5738,164244,76,282693
46255,0.002366,172.31.40.0-255,66,164310,76,282693
46256,0.002399,172.31.40.0-255,66,164376,76,282693
46257,0.004807,172.217.194.0-255,5738,170114,76,282693
46258,0.004848,172.31.40.0-255,66,170180,76,282693
46259,0.0072,172.217.194.0-255,5738,175918,76,282693
46260,0.00721,172.31.40.0-255,66,175984,76,282693
46261,0.009593,172.217.194.0-255,5738,181722,76,282693
46262,0.009603,172.31.40.0-255,66,181788,76,282693
46263,0.012016,172.217.194.0-255,5738,187526,76,282693
46264,0.012034,172.31.40.0-255,66,187592,76,282693
46265,0.014431,172.217.194.0-255,5738,193330,76,282693
46266,0.01444,172.31.40.0-255,66,193396,76,282693
46267,0.014497,172.31.40.0-255,101,193497,76,282693
46268,0.01689,172.217.194.0-255,5738,199235,76,282693
46269,0.016897,172.31.40.0-255,66,199301,76,282693
46270,0.016905,172.217.194.0-255,66,199367,76,282693
46271,0.019283,172.217.194.0-255,5738,205105,76,282693
46272,0.019293,172.31.40.0-255,66,205171,76,282693
46273,0.021707,172.217.194.0-255,5738,210909,76,282693
46274,0.021718,172.31.40.0-255,66,210975,76,282693
46275,0.024106,172.217.194.0-255,5738,216713,76,282693
46276,0.024114,172.31.40.0-255,66,216779,76,282693
46277,0.026522,172.217.194.0-255,5738,222517,76,282693
46278,0.026529,172.31.40.0-255,66,222583,76,282693
46279,0.028883,172.217.194.0-255,5738,228321,76,282693
46280,0.028891,172.31.40.0-255,66,228387,76,282693
46281,0.031255,172.217.194.0-255,5738,234125,76,282693
46282,0.031271,172.31.40.0-255,66,234191,76,282693
46283,0.033624,172.217.194.0-255,5738,239929,76,282693
46284,0.033632,172.31.40.0-255,66,239995,76,282693
46285,0.035992,172.217.194.0-255,5738,245733,76,282693
46286,0.036,172.31.40.0-255,66,245799,76,282693
46287,0.038415,172.217.194.0-255,5738,251537,76,282693
46288,0.038422,172.31.40.0-255,66,251603,76,282693
46289,0.040838,172.217.194.0-255,5738,257341,76,282693
46290,0.040856,172.31.40.0-255,66,257407,76,282693
46291,0.043271,172.217.194.0-255,5738,263145,76,282693
46292,0.043289,172.31.40.0-255,66,263211,76,282693
46293,0.045659,172.217.194.0-255,5738,268949,76,282693
46294,0.04567,172.31.40.0-255,66,269015,76,282693
46295,0.048035,172.217.194.0-255,5463,274478,76,282693
46296,0.048043,172.31.40.0-255,66,274544,76,282693
46297,0.048261,172.31.40.0-255,172,274716,76,282693
46298,0.048291,172.31.40.0-255,1105,275821,76,282693
46299,0.048457,172.31.40.0-255,1514,277335,76,282693
46300,0.048459,172.31.40.0-255,1514,278849,76,282693
46301,0.04846,172.31.40.0-255,1514,280363,76,282693
46302,0.048461,172.31.40.0-255,1514,281877,76,282693
46303,0.04849,172.31.40.0-255,579,282456,76,282693
46304,0.048549,172.31.40.0-255,105,282561,76,282693
46305,0.049802,104.244.42.0-255,66,282627,76,282693
46306,0.049836,104.244.42.0-255,66,282693,76,282693
46307,0.0,172.217.194.0-255,146,146,76,289885
46308,1.6e-05,172.31.40.0-255,66,212,76,289885
46309,4e-05,172.217.194.0-255,1484,1696,76,289885
46310,4.5e-05,172.31.40.0-255,66,1762,76,289885
46311,5.1e-05,172.217.194.0-255,2902,4664,76,289885
46312,5.4e-05,172.31.40.0-255,66,4730,76,289885
46313,6e-05,172.217.194.0-255,4320,9050,76,289885
46314,6.4e-05,172.31.40.0-255,66,9116,76,289885
46315,7.7e-05,172.217.194.0-255,1484,10600,76,289885
46316,8e-05,172.31.40.0-255,66,10666,76,289885
46317,0.00012,172.217.194.0-255,3400,14066,76,289885
46318,0.000123,172.31.40.0-255,66,14132,76,289885
46319,0.000154,172.217.194.0-255,4320,18452,76,289885
46320,0.000157,172.31.40.0-255,66,18518,76,289885
46321,0.000166,172.217.194.0-255,7156,25674,76,289885
46322,0.000168,172.31.40.0-255,66,25740,76,289885
46323,0.000199,172.217.194.0-255,2902,28642,76,289885
46324,0.000202,172.31.40.0-255,66,28708,76,289885
46325,0.000205,172.217.194.0-255,1484,30192,76,289885
46326,0.000207,172.31.40.0-255,66,30258,76,289885
46327,0.000241,172.217.194.0-255,1125,31383,76,289885
46328,0.000243,172.31.40.0-255,66,31449,76,289885
46329,0.000304,172.217.194.0-255,1484,32933,76,289885
46330,0.000308,172.31.40.0-255,66,32999,76,289885
46331,0.000313,172.217.194.0-255,2902,35901,76,289885
46332,0.000315,172.31.40.0-255,66,35967,76,289885
46333,0.000351,172.217.194.0-255,5738,41705,76,289885
46334,0.000354,172.31.40.0-255,66,41771,76,289885
46335,0.000385,172.217.194.0-255,6797,48568,76,289885
46336,0.000388,172.31.40.0-255,66,48634,76,289885
46337,0.000727,172.217.194.0-255,1484,50118,76,289885
46338,0.000732,172.31.40.0-255,66,50184,76,289885
46339,0.000738,172.217.194.0-255,2902,53086,76,289885
46340,0.00074,172.31.40.0-255,66,53152,76,289885
46341,0.000745,172.217.194.0-255,2902,56054,76,289885
46342,0.000747,172.31.40.0-255,66,56120,76,289885
46343,0.000777,172.217.194.0-255,2902,59022,76,289885
46344,0.00078,172.31.40.0-255,66,59088,76,289885
46345,0.000787,172.217.194.0-255,5738,64826,76,289885
46346,0.000789,172.31.40.0-255,66,64892,76,289885
46347,0.00083,172.31.40.0-255,66,64958,76,289885
46348,0.000841,172.31.40.0-255,66,65024,76,289885
46349,0.000873,172.217.194.0-255,5738,70762,76,289885
46350,0.000877,172.31.40.0-255,66,70828,76,289885
46351,0.000883,172.217.194.0-255,5738,76566,76,289885
46352,0.000885,172.31.40.0-255,66,76632,76,289885
46353,0.000915,172.217.194.0-255,1345,77977,76,289885
46354,0.000985,172.217.194.0-255,1484,79461,76,289885
46355,0.000988,172.31.40.0-255,66,79527,76,289885
46356,0.000994,172.217.194.0-255,2902,82429,76,289885
46357,0.000996,172.31.40.0-255,66,82495,76,289885
46358,0.001003,172.217.194.0-255,5738,88233,76,289885
46359,0.001009,172.31.40.0-255,66,88299,76,289885
46360,0.001039,172.217.194.0-255,4320,92619,76,289885
46361,0.001042,172.31.40.0-255,66,92685,76,289885
46362,0.001074,172.31.40.0-255,66,92751,76,289885
46363,0.001081,172.217.194.0-255,5738,98489,76,289885
46364,0.001083,172.31.40.0-255,66,98555,76,289885
46365,0.001105,172.217.194.0-255,5020,103575,76,289885
46366,0.001108,172.31.40.0-255,66,103641,76,289885
46367,0.001709,172.217.194.0-255,1484,105125,76,289885
46368,0.001715,172.217.194.0-255,2902,108027,76,289885
46369,0.001718,172.31.40.0-255,66,108093,76,289885
46370,0.001726,172.217.194.0-255,5738,113831,76,289885
46371,0.001729,172.31.40.0-255,66,113897,76,289885
46372,0.00176,172.217.194.0-255,5738,119635,76,289885
46373,0.001763,172.31.40.0-255,66,119701,76,289885
46374,0.00177,172.217.194.0-255,7156,126857,76,289885
46375,0.001772,172.31.40.0-255,66,126923,76,289885
46376,0.001805,172.217.194.0-255,2902,129825,76,289885
46377,0.001808,172.31.40.0-255,66,129891,76,289885
46378,0.001813,172.217.194.0-255,4320,134211,76,289885
46379,0.001816,172.31.40.0-255,66,134277,76,289885
46380,0.001853,172.217.194.0-255,3602,137879,76,289885
46381,0.001855,172.31.40.0-255,66,137945,76,289885
46382,0.002139,172.217.194.0-255,1484,139429,76,289885
46383,0.002145,172.217.194.0-255,2902,142331,76,289885
46384,0.002148,172.31.40.0-255,66,142397,76,289885
46385,0.002154,172.217.194.0-255,4320,146717,76,289885
46386,0.002156,172.31.40.0-255,66,146783,76,289885
46387,0.002194,172.217.194.0-255,2902,149685,76,289885
46388,0.002198,172.31.40.0-255,66,149751,76,289885
46389,0.002201,172.31.40.0-255,66,149817,76,289885
46390,0.002225,172.31.40.0-255,66,149883,76,289885
46391,0.002278,172.31.40.0-255,66,149949,76,289885
46392,0.002286,172.217.194.0-255,7156,157105,76,289885
46393,0.002288,172.31.40.0-255,66,157171,76,289885
46394,0.002294,172.217.194.0-255,5738,162909,76,289885
46395,0.002297,172.31.40.0-255,66,162975,76,289885
46396,0.002334,172.31.40.0-255,66,163041,76,289885
46397,0.004593,172.217.194.0-255,5738,168779,76,289885
46398,0.0046,172.31.40.0-255,66,168845,76,289885
46399,0.006844,172.217.194.0-255,5738,174583,76,289885
46400,0.00685,172.31.40.0-255,66,174649,76,289885
46401,0.00914,172.217.194.0-255,5738,180387,76,289885
46402,0.009147,172.31.40.0-255,66,180453,76,289885
46403,0.011388,172.217.194.0-255,5738,186191,76,289885
46404,0.011397,172.31.40.0-255,66,186257,76,289885
46405,0.01364,172.217.194.0-255,5738,191995,76,289885
46406,0.013649,172.31.40.0-255,66,192061,76,289885
46407,0.015914,172.217.194.0-255,5738,197799,76,289885
46408,0.015925,172.31.40.0-255,66,197865,76,289885
46409,0.018166,172.217.194.0-255,5738,203603,76,289885
46410,0.018176,172.31.40.0-255,66,203669,76,289885
46411,0.020432,172.217.194.0-255,5738,209407,76,289885
46412,0.02044,172.31.40.0-255,66,209473,76,289885
46413,0.022681,172.217.194.0-255,5738,215211,76,289885
46414,0.022688,172.31.40.0-255,66,215277,76,289885
46415,0.024951,172.217.194.0-255,5738,221015,76,289885
46416,0.024958,172.31.40.0-255,66,221081,76,289885
46417,0.02719,172.217.194.0-255,5738,226819,76,289885
46418,0.027199,172.31.40.0-255,66,226885,76,289885
46419,0.029438,172.217.194.0-255,5738,232623,76,289885
46420,0.029447,172.31.40.0-255,66,232689,76,289885
46421,0.0317,172.217.194.0-255,5738,238427,76,289885
46422,0.031709,172.31.40.0-255,66,238493,76,289885
46423,0.033465,172.31.40.0-255,172,238665,76,289885
46424,0.033496,172.31.40.0-255,1109,239774,76,289885
46425,0.033555,172.31.40.0-255,1514,241288,76,289885
46426,0.033557,172.31.40.0-255,1307,242595,76,289885
46427,0.033962,172.217.194.0-255,5738,248333,76,289885
46428,0.03397,172.31.40.0-255,66,248399,76,289885
46429,0.035024,104.244.42.0-255,66,248465,76,289885
46430,0.035059,104.244.42.0-255,66,248531,76,289885
46431,0.035086,104.244.42.0-255,66,248597,76,289885
46432,0.036236,172.217.194.0-255,5738,254335,76,289885
46433,0.036241,172.31.40.0-255,66,254401,76,289885
46434,0.03849,172.217.194.0-255,5738,260139,76,289885
46435,0.038496,172.31.40.0-255,66,260205,76,289885
46436,0.040752,172.217.194.0-255,2902,263107,76,289885
46437,0.040762,172.31.40.0-255,66,263173,76,289885
46438,0.040791,172.217.194.0-255,2902,266075,76,289885
46439,0.040795,172.31.40.0-255,66,266141,76,289885
46440,0.042999,172.217.194.0-255,2902,269043,76,289885
46441,0.043006,172.31.40.0-255,66,269109,76,289885
46442,0.043036,172.217.194.0-255,2902,272011,76,289885
46443,0.043039,172.31.40.0-255,66,272077,76,289885
46444,0.045246,172.217.194.0-255,2902,274979,76,289885
46445,0.045252,172.31.40.0-255,66,275045,76,289885
46446,0.045293,172.217.194.0-255,2902,277947,76,289885
46447,0.045296,172.31.40.0-255,66,278013,76,289885
46448,0.047601,172.217.194.0-255,2902,280915,76,289885
46449,0.047612,172.31.40.0-255,66,280981,76,289885
46450,0.047648,172.217.194.0-255,2902,283883,76,289885
46451,0.047651,172.31.40.0-255,66,283949,76,289885
46452,0.049864,172.217.194.0-255,2902,286851,76,289885
46453,0.049872,172.31.40.0-255,66,286917,76,289885
46454,0.049941,172.217.194.0-255,2902,289819,76,289885
46455,0.049944,172.31.40.0-255,66,289885,76,289885
46456,0.0,74.125.130.0-255,153,153,76,210248
46457,3.2e-05,172.31.40.0-255,66,219,76,210248
46458,3.8e-05,74.125.130.0-255,1484,1703,76,210248
46459,4.2e-05,172.31.40.0-255,66,1769,76,210248
46460,4.7e-05,74.125.130.0-255,2902,4671,76,210248
46461,5.1e-05,172.31.40.0-255,66,4737,76,210248
46462,5.5e-05,74.125.130.0-255,2902,7639,76,210248
46463,5.7e-05,172.31.40.0-255,66,7705,76,210248
46464,8.2e-05,74.125.130.0-255,1484,9189,76,210248
46465,8.5e-05,172.31.40.0-255,66,9255,76,210248
46466,9.8e-05,74.125.130.0-255,2902,12157,76,210248
46467,0.000101,172.31.40.0-255,66,12223,76,210248
46468,0.000118,74.125.130.0-255,2133,14356,76,210248
46469,0.00012,172.31.40.0-255,66,14422,76,210248
46470,0.001021,74.125.130.0-255,1484,15906,76,210248
46471,0.001028,172.31.40.0-255,66,15972,76,210248
46472,0.001039,74.125.130.0-255,2902,18874,76,210248
46473,0.001041,172.31.40.0-255,66,18940,76,210248
46474,0.00107,74.125.130.0-255,5738,24678,76,210248
46475,0.001073,172.31.40.0-255,66,24744,76,210248
46476,0.001081,74.125.130.0-255,6797,31541,76,210248
46477,0.001083,172.31.40.0-255,66,31607,76,210248
46478,0.00111,74.125.130.0-255,5738,37345,76,210248
46479,0.001113,172.31.40.0-255,66,37411,76,210248
46480,0.001127,74.125.130.0-255,1484,38895,76,210248
46481,0.001131,172.31.40.0-255,66,38961,76,210248
46482,0.001137,74.125.130.0-255,5738,44699,76,210248
46483,0.00114,172.31.40.0-255,66,44765,76,210248
46484,0.001173,74.125.130.0-255,3961,48726,76,210248
46485,0.00118,172.31.40.0-255,66,48792,76,210248
46486,0.001228,74.125.130.0-255,1484,50276,76,210248
46487,0.001232,172.31.40.0-255,66,50342,76,210248
46488,0.001258,74.125.130.0-255,2902,53244,76,210248
46489,0.001272,74.125.130.0-255,1484,54728,76,210248
46490,0.001276,74.125.130.0-255,2902,57630,76,210248
46491,0.001312,74.125.130.0-255,2902,60532,76,210248
46492,0.001328,74.125.130.0-255,2902,63434,76,210248
46493,0.001332,74.125.130.0-255,2799,66233,76,210248
46494,0.001349,74.125.130.0-255,399,66632,76,210248
46495,0.001563,74.125.130.0-255,1484,68116,76,210248
46496,0.001566,74.125.130.0-255,1484,69600,76,210248
46497,0.001588,74.125.130.0-255,1484,71084,76,210248
46498,0.001594,74.125.130.0-255,5738,76822,76,210248
46499,0.001617,74.125.130.0-255,2902,79724,76,210248
46500,0.001629,74.125.130.0-255,5738,85462,76,210248
46501,0.001648,74.125.130.0-255,5379,90841,76,210248
46502,0.001695,74.125.130.0-255,1125,91966,76,210248
46503,0.003462,172.31.40.0-255,66,92032,76,210248
46504,0.005743,74.125.130.0-255,5738,97770,76,210248
46505,0.005751,172.31.40.0-255,66,97836,76,210248
46506,0.008014,74.125.130.0-255,5738,103574,76,210248
46507,0.008881,172.31.40.0-255,66,103640,76,210248
46508,0.011161,74.125.130.0-255,5738,109378,76,210248
46509,0.011167,172.31.40.0-255,66,109444,76,210248
46510,0.013438,74.125.130.0-255,5738,115182,76,210248
46511,0.013446,172.31.40.0-255,66,115248,76,210248
46512,0.015717,74.125.130.0-255,5738,120986,76,210248
46513,0.015724,172.31.40.0-255,66,121052,76,210248
46514,0.017982,74.125.130.0-255,4320,125372,76,210248
46515,0.017989,172.31.40.0-255,66,125438,76,210248
46516,0.01801,74.125.130.0-255,1484,126922,76,210248
46517,0.018813,172.31.40.0-255,172,127094,76,210248
46518,0.018853,172.31.40.0-255,1104,128198,76,210248
46519,0.019053,172.31.40.0-255,1514,129712,76,210248
46520,0.019055,172.31.40.0-255,1514,131226,76,210248
46521,0.019056,172.31.40.0-255,1514,132740,76,210248
46522,0.019057,172.31.40.0-255,670,133410,76,210248
46523,0.020252,74.125.130.0-255,4320,137730,76,210248
46524,0.020257,172.31.40.0-255,66,137796,76,210248
46525,0.021113,104.244.42.0-255,66,137862,76,210248
46526,0.02259,74.125.130.0-255,5738,143600,76,210248
46527,0.022631,172.31.40.0-255,66,143666,76,210248
46528,0.024888,74.125.130.0-255,4320,147986,76,210248
46529,0.024894,172.31.40.0-255,66,148052,76,210248
46530,0.024914,74.125.130.0-255,1484,149536,76,210248
46531,0.027161,74.125.130.0-255,4320,153856,76,210248
46532,0.027168,172.31.40.0-255,66,153922,76,210248
46533,0.029434,74.125.130.0-255,5738,159660,76,210248
46534,0.029478,172.31.40.0-255,66,159726,76,210248
46535,0.031732,74.125.130.0-255,2902,162628,76,210248
46536,0.031738,172.31.40.0-255,66,162694,76,210248
46537,0.031767,74.125.130.0-255,2902,165596,76,210248
46538,0.031794,172.31.40.0-255,66,165662,76,210248
46539,0.033993,74.125.130.0-255,2902,168564,76,210248
46540,0.033999,172.31.40.0-255,66,168630,76,210248
46541,0.034043,74.125.130.0-255,2902,171532,76,210248
46542,0.034145,172.31.40.0-255,66,171598,76,210248
46543,0.036256,74.125.130.0-255,2902,174500,76,210248
46544,0.036262,172.31.40.0-255,66,174566,76,210248
46545,0.036395,74.125.130.0-255,2902,177468,76,210248
46546,0.036462,172.31.40.0-255,66,177534,76,210248
46547,0.03852,74.125.130.0-255,2902,180436,76,210248
46548,0.038526,172.31.40.0-255,66,180502,76,210248
46549,0.038707,74.125.130.0-255,2902,183404,76,210248
46550,0.03884,172.31.40.0-255,66,183470,76,210248
46551,0.040792,74.125.130.0-255,2902,186372,76,210248
46552,0.040798,172.31.40.0-255,66,186438,76,210248
46553,0.041098,74.125.130.0-255,2902,189340,76,210248
46554,0.041142,172.31.40.0-255,66,189406,76,210248
46555,0.043048,74.125.130.0-255,2902,192308,76,210248
46556,0.043054,172.31.40.0-255,66,192374,76,210248
46557,0.043396,74.125.130.0-255,2902,195276,76,210248
46558,0.043401,172.31.40.0-255,66,195342,76,210248
46559,0.045305,74.125.130.0-255,2902,198244,76,210248
46560,0.04531,172.31.40.0-255,66,198310,76,210248
46561,0.045664,74.125.130.0-255,2902,201212,76,210248
46562,0.04567,172.31.40.0-255,66,201278,76,210248
46563,0.047572,74.125.130.0-255,2902,204180,76,210248
46564,0.047576,172.31.40.0-255,66,204246,76,210248
46565,0.047937,74.125.130.0-255,1484,205730,76,210248
46566,0.047956,74.125.130.0-255,1484,207214,76,210248
46567,0.04796,172.31.40.0-255,66,207280,76,210248
46568,0.049844,74.125.130.0-255,2902,210182,76,210248
46569,0.049849,172.31.40.0-255,66,210248,76,210248
