,TIME,SRC,PACKET_SIZE,CUMULATIVE_PACKET_SIZE,PAGE_NUMBER,TOTAL_PACKET_SIZE
0,0.0,74.125.68.0-255,146,146,64,214783
1,2.2e-05,172.31.40.0-255,66,212,64,214783
2,3e-05,74.125.68.0-255,1484,1696,64,214783
3,3.4e-05,172.31.40.0-255,66,1762,64,214783
4,3.9e-05,74.125.68.0-255,2902,4664,64,214783
5,4.9e-05,172.31.40.0-255,66,4730,64,214783
6,5.6e-05,74.125.68.0-255,4320,9050,64,214783
7,5.9e-05,172.31.40.0-255,66,9116,64,214783
8,9.9e-05,172.31.40.0-255,66,9182,64,214783
9,0.000136,172.31.40.0-255,66,9248,64,214783
10,0.00014,74.125.68.0-255,2902,12150,64,214783
11,0.000142,172.31.40.0-255,66,12216,64,214783
12,0.000188,74.125.68.0-255,2543,14759,64,214783
13,0.000191,172.31.40.0-255,66,14825,64,214783
14,0.000249,74.125.68.0-255,1484,16309,64,214783
15,0.000252,172.31.40.0-255,66,16375,64,214783
16,0.000256,74.125.68.0-255,2902,19277,64,214783
17,0.000259,172.31.40.0-255,66,19343,64,214783
18,0.000287,74.125.68.0-255,2902,22245,64,214783
19,0.00029,172.31.40.0-255,66,22311,64,214783
20,0.000297,74.125.68.0-255,4320,26631,64,214783
21,0.000299,172.31.40.0-255,66,26697,64,214783
22,0.000336,172.31.40.0-255,66,26763,64,214783
23,0.000342,74.125.68.0-255,5738,32501,64,214783
24,0.000344,172.31.40.0-255,66,32567,64,214783
25,0.000382,74.125.68.0-255,7156,39723,64,214783
26,0.000385,172.31.40.0-255,66,39789,64,214783
27,0.000388,74.125.68.0-255,766,40555,64,214783
28,0.00039,172.31.40.0-255,66,40621,64,214783
29,0.000423,74.125.68.0-255,400,41021,64,214783
30,0.000537,74.125.68.0-255,344,41365,64,214783
31,0.000689,74.125.68.0-255,1484,42849,64,214783
32,0.000693,172.31.40.0-255,66,42915,64,214783
33,0.000699,74.125.68.0-255,2902,45817,64,214783
34,0.000701,172.31.40.0-255,66,45883,64,214783
35,0.000726,74.125.68.0-255,5738,51621,64,214783
36,0.00073,172.31.40.0-255,66,51687,64,214783
37,0.00076,74.125.68.0-255,7156,58843,64,214783
38,0.000764,172.31.40.0-255,66,58909,64,214783
39,0.000775,172.31.40.0-255,66,58975,64,214783
40,0.000828,172.31.40.0-255,66,59041,64,214783
41,0.000891,74.125.68.0-255,1484,60525,64,214783
42,0.000917,74.125.68.0-255,2902,63427,64,214783
43,0.00092,172.31.40.0-255,66,63493,64,214783
44,0.000964,74.125.68.0-255,4320,67813,64,214783
45,0.000967,172.31.40.0-255,66,67879,64,214783
46,0.000974,74.125.68.0-255,5738,73617,64,214783
47,0.000976,172.31.40.0-255,66,73683,64,214783
48,0.000992,172.31.40.0-255,66,73749,64,214783
49,0.001018,74.125.68.0-255,1484,75233,64,214783
50,0.001023,74.125.68.0-255,2902,78135,64,214783
51,0.001026,172.31.40.0-255,66,78201,64,214783
52,0.001045,74.125.68.0-255,5020,83221,64,214783
53,0.001047,172.31.40.0-255,66,83287,64,214783
54,0.001096,74.125.68.0-255,1484,84771,64,214783
55,0.001109,74.125.68.0-255,2902,87673,64,214783
56,0.001112,172.31.40.0-255,66,87739,64,214783
57,0.001137,74.125.68.0-255,5738,93477,64,214783
58,0.00114,172.31.40.0-255,66,93543,64,214783
59,0.001143,74.125.68.0-255,1484,95027,64,214783
60,0.001169,74.125.68.0-255,2902,97929,64,214783
61,0.001172,172.31.40.0-255,66,97995,64,214783
62,0.001178,74.125.68.0-255,5738,103733,64,214783
63,0.00118,172.31.40.0-255,66,103799,64,214783
64,0.001214,172.31.40.0-255,66,103865,64,214783
65,0.00124,74.125.68.0-255,1484,105349,64,214783
66,0.001256,74.125.68.0-255,3602,108951,64,214783
67,0.001258,172.31.40.0-255,66,109017,64,214783
68,0.001564,74.125.68.0-255,1484,110501,64,214783
69,0.00157,74.125.68.0-255,2902,113403,64,214783
70,0.001573,172.31.40.0-255,66,113469,64,214783
71,0.001597,74.125.68.0-255,1484,114953,64,214783
72,0.001622,74.125.68.0-255,2902,117855,64,214783
73,0.001628,74.125.68.0-255,5738,123593,64,214783
74,0.001632,172.31.40.0-255,66,123659,64,214783
75,0.001635,172.31.40.0-255,66,123725,64,214783
76,0.001662,172.31.40.0-255,66,123791,64,214783
77,0.001667,74.125.68.0-255,4320,128111,64,214783
78,0.00167,172.31.40.0-255,66,128177,64,214783
79,0.001716,74.125.68.0-255,5738,133915,64,214783
80,0.001719,172.31.40.0-255,66,133981,64,214783
81,0.001722,74.125.68.0-255,766,134747,64,214783
82,0.001999,74.125.68.0-255,1484,136231,64,214783
83,0.002003,172.31.40.0-255,66,136297,64,214783
84,0.002007,74.125.68.0-255,1484,137781,64,214783
85,0.002033,74.125.68.0-255,1484,139265,64,214783
86,0.002036,172.31.40.0-255,66,139331,64,214783
87,0.004029,74.125.68.0-255,5738,145069,64,214783
88,0.004034,172.31.40.0-255,66,145135,64,214783
89,0.006046,74.125.68.0-255,5738,150873,64,214783
90,0.006049,172.31.40.0-255,66,150939,64,214783
91,0.008059,74.125.68.0-255,5738,156677,64,214783
92,0.008064,172.31.40.0-255,66,156743,64,214783
93,0.010082,74.125.68.0-255,5738,162481,64,214783
94,0.010089,172.31.40.0-255,66,162547,64,214783
95,0.012113,74.125.68.0-255,5738,168285,64,214783
96,0.012119,172.31.40.0-255,66,168351,64,214783
97,0.014145,74.125.68.0-255,5738,174089,64,214783
98,0.014153,172.31.40.0-255,66,174155,64,214783
99,0.016162,74.125.68.0-255,5738,179893,64,214783
100,0.016169,172.31.40.0-255,66,179959,64,214783
101,0.018189,74.125.68.0-255,5738,185697,64,214783
102,0.018196,172.31.40.0-255,66,185763,64,214783
103,0.020228,74.125.68.0-255,5738,191501,64,214783
104,0.020245,172.31.40.0-255,66,191567,64,214783
105,0.022267,74.125.68.0-255,5738,197305,64,214783
106,0.022282,172.31.40.0-255,66,197371,64,214783
107,0.024299,74.125.68.0-255,5738,203109,64,214783
108,0.024313,172.31.40.0-255,66,203175,64,214783
109,0.026386,74.125.68.0-255,5738,208913,64,214783
110,0.0264,172.31.40.0-255,66,208979,64,214783
111,0.028426,74.125.68.0-255,5738,214717,64,214783
112,0.028437,172.31.40.0-255,66,214783,64,214783
113,0.0,172.217.194.0-255,148,148,64,212034
114,2.2e-05,172.31.40.0-255,66,214,64,212034
115,2.9e-05,172.217.194.0-255,1484,1698,64,212034
116,3.5e-05,172.31.40.0-255,66,1764,64,212034
117,4.1e-05,172.217.194.0-255,2902,4666,64,212034
118,4.5e-05,172.31.40.0-255,66,4732,64,212034
119,5.3e-05,172.217.194.0-255,7156,11888,64,212034
120,5.6e-05,172.31.40.0-255,66,11954,64,212034
121,5.9e-05,172.217.194.0-255,1993,13947,64,212034
122,6.1e-05,172.31.40.0-255,66,14013,64,212034
123,0.00025,172.217.194.0-255,1484,15497,64,212034
124,0.000255,172.31.40.0-255,66,15563,64,212034
125,0.000261,172.217.194.0-255,2902,18465,64,212034
126,0.000264,172.31.40.0-255,66,18531,64,212034
127,0.00027,172.217.194.0-255,4320,22851,64,212034
128,0.000272,172.31.40.0-255,66,22917,64,212034
129,0.000285,172.217.194.0-255,1484,24401,64,212034
130,0.000288,172.31.40.0-255,66,24467,64,212034
131,0.00031,172.217.194.0-255,6797,31264,64,212034
132,0.000312,172.31.40.0-255,66,31330,64,212034
133,0.00077,172.217.194.0-255,1484,32814,64,212034
134,0.000776,172.31.40.0-255,66,32880,64,212034
135,0.000784,172.217.194.0-255,2902,35782,64,212034
136,0.000786,172.31.40.0-255,66,35848,64,212034
137,0.000793,172.217.194.0-255,5738,41586,64,212034
138,0.000795,172.31.40.0-255,66,41652,64,212034
139,0.000832,172.217.194.0-255,6797,48449,64,212034
140,0.000834,172.31.40.0-255,66,48515,64,212034
141,0.000842,172.217.194.0-255,7156,55671,64,212034
142,0.000844,172.31.40.0-255,66,55737,64,212034
143,0.000866,172.217.194.0-255,2902,58639,64,212034
144,0.000869,172.31.40.0-255,66,58705,64,212034
145,0.000891,172.217.194.0-255,7110,65815,64,212034
146,0.000894,172.31.40.0-255,66,65881,64,212034
147,0.001004,172.217.194.0-255,365,66246,64,212034
148,0.001088,172.217.194.0-255,1484,67730,64,212034
149,0.001092,172.31.40.0-255,66,67796,64,212034
150,0.001097,172.217.194.0-255,2902,70698,64,212034
151,0.0011,172.31.40.0-255,66,70764,64,212034
152,0.001104,172.217.194.0-255,2902,73666,64,212034
153,0.001106,172.31.40.0-255,66,73732,64,212034
154,0.001134,172.217.194.0-255,2902,76634,64,212034
155,0.001137,172.31.40.0-255,66,76700,64,212034
156,0.001144,172.217.194.0-255,6797,83497,64,212034
157,0.001147,172.31.40.0-255,66,83563,64,212034
158,0.001165,172.217.194.0-255,4320,87883,64,212034
159,0.001169,172.31.40.0-255,66,87949,64,212034
160,0.001202,172.31.40.0-255,66,88015,64,212034
161,0.001206,172.217.194.0-255,2543,90558,64,212034
162,0.001208,172.31.40.0-255,66,90624,64,212034
163,0.001874,172.217.194.0-255,1484,92108,64,212034
164,0.001884,172.217.194.0-255,2902,95010,64,212034
165,0.001889,172.31.40.0-255,66,95076,64,212034
166,0.001897,172.217.194.0-255,5738,100814,64,212034
167,0.001899,172.31.40.0-255,66,100880,64,212034
168,0.001939,172.31.40.0-255,66,100946,64,212034
169,0.001966,172.31.40.0-255,66,101012,64,212034
170,0.001982,172.217.194.0-255,766,101778,64,212034
171,0.002008,172.217.194.0-255,1484,103262,64,212034
172,0.002011,172.31.40.0-255,66,103328,64,212034
173,0.002014,172.217.194.0-255,1484,104812,64,212034
174,0.002031,172.217.194.0-255,1484,106296,64,212034
175,0.002034,172.31.40.0-255,66,106362,64,212034
176,0.00204,172.217.194.0-255,5738,112100,64,212034
177,0.002042,172.31.40.0-255,66,112166,64,212034
178,0.002045,172.217.194.0-255,1484,113650,64,212034
179,0.002058,172.217.194.0-255,2902,116552,64,212034
180,0.002061,172.31.40.0-255,66,116618,64,212034
181,0.002088,172.217.194.0-255,5738,122356,64,212034
182,0.00209,172.31.40.0-255,66,122422,64,212034
183,0.002093,172.217.194.0-255,1484,123906,64,212034
184,0.002108,172.217.194.0-255,4320,128226,64,212034
185,0.002111,172.31.40.0-255,66,128292,64,212034
186,0.002137,172.31.40.0-255,66,128358,64,212034
187,0.00214,172.217.194.0-255,1484,129842,64,212034
188,0.002162,172.217.194.0-255,2902,132744,64,212034
189,0.002165,172.31.40.0-255,66,132810,64,212034
190,0.002172,172.217.194.0-255,5738,138548,64,212034
191,0.002174,172.31.40.0-255,66,138614,64,212034
192,0.002222,172.31.40.0-255,66,138680,64,212034
193,0.002233,172.31.40.0-255,66,138746,64,212034
194,0.002235,172.217.194.0-255,766,139512,64,212034
195,0.004443,172.217.194.0-255,4320,143832,64,212034
196,0.004448,172.31.40.0-255,66,143898,64,212034
197,0.006688,172.217.194.0-255,5738,149636,64,212034
198,0.006693,172.31.40.0-255,66,149702,64,212034
199,0.008903,172.217.194.0-255,5738,155440,64,212034
200,0.00891,172.31.40.0-255,66,155506,64,212034
201,0.011171,172.217.194.0-255,5738,161244,64,212034
202,0.011179,172.31.40.0-255,66,161310,64,212034
203,0.013411,172.217.194.0-255,5738,167048,64,212034
204,0.013418,172.31.40.0-255,66,167114,64,212034
205,0.015624,172.217.194.0-255,5738,172852,64,212034
206,0.01563,172.31.40.0-255,66,172918,64,212034
207,0.017819,172.217.194.0-255,5738,178656,64,212034
208,0.017828,172.31.40.0-255,66,178722,64,212034
209,0.020063,172.217.194.0-255,5738,184460,64,212034
210,0.020075,172.31.40.0-255,66,184526,64,212034
211,0.02233,172.217.194.0-255,5738,190264,64,212034
212,0.022338,172.31.40.0-255,66,190330,64,212034
213,0.024551,172.217.194.0-255,5738,196068,64,212034
214,0.024559,172.31.40.0-255,66,196134,64,212034
215,0.02672,172.31.40.0-255,172,196306,64,212034
216,0.026752,172.31.40.0-255,1112,197418,64,212034
217,0.026783,172.217.194.0-255,5738,203156,64,212034
218,0.026787,172.31.40.0-255,66,203222,64,212034
219,0.026889,172.31.40.0-255,1514,204736,64,212034
220,0.026891,172.31.40.0-255,1296,206032,64,212034
221,0.028244,104.244.42.0-255,66,206098,64,212034
222,0.028289,104.244.42.0-255,66,206164,64,212034
223,0.02848,104.244.42.0-255,66,206230,64,212034
224,0.028984,172.217.194.0-255,5738,211968,64,212034
225,0.028991,172.31.40.0-255,66,212034,64,212034
226,0.0,172.217.194.0-255,156,156,64,227409
227,1.9e-05,172.31.40.0-255,66,222,64,227409
228,2.6e-05,172.217.194.0-255,1484,1706,64,227409
229,3e-05,172.31.40.0-255,66,1772,64,227409
230,3.7e-05,172.217.194.0-255,2902,4674,64,227409
231,4.1e-05,172.31.40.0-255,66,4740,64,227409
232,4.9e-05,172.217.194.0-255,7156,11896,64,227409
233,5.1e-05,172.31.40.0-255,66,11962,64,227409
234,5.5e-05,172.217.194.0-255,2029,13991,64,227409
235,5.7e-05,172.31.40.0-255,66,14057,64,227409
236,0.000229,172.217.194.0-255,1484,15541,64,227409
237,0.000233,172.31.40.0-255,66,15607,64,227409
238,0.000239,172.217.194.0-255,2902,18509,64,227409
239,0.000241,172.31.40.0-255,66,18575,64,227409
240,0.000244,172.217.194.0-255,1484,20059,64,227409
241,0.000246,172.31.40.0-255,66,20125,64,227409
242,0.000276,172.217.194.0-255,4320,24445,64,227409
243,0.000279,172.31.40.0-255,66,24511,64,227409
244,0.000284,172.217.194.0-255,4320,28831,64,227409
245,0.000286,172.31.40.0-255,66,28897,64,227409
246,0.000291,172.217.194.0-255,4320,33217,64,227409
247,0.000293,172.31.40.0-255,66,33283,64,227409
248,0.000317,172.31.40.0-255,66,33349,64,227409
249,0.000329,172.31.40.0-255,66,33415,64,227409
250,0.000349,172.217.194.0-255,4320,37735,64,227409
251,0.000351,172.31.40.0-255,66,37801,64,227409
252,0.000355,172.217.194.0-255,2902,40703,64,227409
253,0.000357,172.31.40.0-255,66,40769,64,227409
254,0.000381,172.217.194.0-255,6438,47207,64,227409
255,0.000384,172.31.40.0-255,66,47273,64,227409
256,0.000386,172.217.194.0-255,409,47682,64,227409
257,0.00057,172.217.194.0-255,1484,49166,64,227409
258,0.000576,172.31.40.0-255,66,49232,64,227409
259,0.000579,172.217.194.0-255,1484,50716,64,227409
260,0.000595,172.217.194.0-255,1484,52200,64,227409
261,0.000601,172.217.194.0-255,5738,57938,64,227409
262,0.000605,172.31.40.0-255,66,58004,64,227409
263,0.000608,172.31.40.0-255,66,58070,64,227409
264,0.00062,172.217.194.0-255,1484,59554,64,227409
265,0.000648,172.31.40.0-255,66,59620,64,227409
266,0.000683,172.31.40.0-255,66,59686,64,227409
267,0.000685,172.217.194.0-255,365,60051,64,227409
268,0.000785,172.217.194.0-255,1484,61535,64,227409
269,0.000789,172.217.194.0-255,2902,64437,64,227409
270,0.000794,172.31.40.0-255,66,64503,64,227409
271,0.000797,172.31.40.0-255,66,64569,64,227409
272,0.00082,172.217.194.0-255,5738,70307,64,227409
273,0.000823,172.31.40.0-255,66,70373,64,227409
274,0.000826,172.217.194.0-255,1484,71857,64,227409
275,0.000861,172.31.40.0-255,66,71923,64,227409
276,0.000869,172.217.194.0-255,7156,79079,64,227409
277,0.000871,172.31.40.0-255,66,79145,64,227409
278,0.00089,172.217.194.0-255,3602,82747,64,227409
279,0.000892,172.31.40.0-255,66,82813,64,227409
280,0.001014,172.217.194.0-255,1484,84297,64,227409
281,0.001018,172.217.194.0-255,2902,87199,64,227409
282,0.001021,172.31.40.0-255,66,87265,64,227409
283,0.001025,172.217.194.0-255,4320,91585,64,227409
284,0.001027,172.31.40.0-255,66,91651,64,227409
285,0.001037,172.217.194.0-255,1484,93135,64,227409
286,0.001049,172.217.194.0-255,2902,96037,64,227409
287,0.00105,172.31.40.0-255,66,96103,64,227409
288,0.001081,172.31.40.0-255,66,96169,64,227409
289,0.001087,172.217.194.0-255,7156,103325,64,227409
290,0.001089,172.31.40.0-255,66,103391,64,227409
291,0.0011,172.217.194.0-255,2902,106293,64,227409
292,0.001102,172.31.40.0-255,66,106359,64,227409
293,0.001121,172.217.194.0-255,766,107125,64,227409
294,0.001583,172.217.194.0-255,1484,108609,64,227409
295,0.001586,172.31.40.0-255,66,108675,64,227409
296,0.001591,172.217.194.0-255,2902,111577,64,227409
297,0.001593,172.31.40.0-255,66,111643,64,227409
298,0.001608,172.217.194.0-255,5738,117381,64,227409
299,0.00161,172.31.40.0-255,66,117447,64,227409
300,0.001619,172.217.194.0-255,1484,118931,64,227409
301,0.001633,172.217.194.0-255,7156,126087,64,227409
302,0.001635,172.31.40.0-255,66,126153,64,227409
303,0.001652,172.217.194.0-255,2902,129055,64,227409
304,0.001654,172.31.40.0-255,66,129121,64,227409
305,0.001661,172.217.194.0-255,7156,136277,64,227409
306,0.001663,172.31.40.0-255,66,136343,64,227409
307,0.001688,172.217.194.0-255,5020,141363,64,227409
308,0.001691,172.31.40.0-255,66,141429,64,227409
309,0.002132,172.217.194.0-255,1484,142913,64,227409
310,0.002136,172.217.194.0-255,1484,144397,64,227409
311,0.00214,172.31.40.0-255,66,144463,64,227409
312,0.002149,172.217.194.0-255,1484,145947,64,227409
313,0.002152,172.217.194.0-255,1484,147431,64,227409
314,0.002153,172.31.40.0-255,66,147497,64,227409
315,0.002167,172.217.194.0-255,4320,151817,64,227409
316,0.002169,172.31.40.0-255,66,151883,64,227409
317,0.002181,172.217.194.0-255,2902,154785,64,227409
318,0.002183,172.31.40.0-255,66,154851,64,227409
319,0.002209,172.31.40.0-255,66,154917,64,227409
320,0.002253,172.31.40.0-255,66,154983,64,227409
321,0.002282,172.31.40.0-255,66,155049,64,227409
322,0.0023,172.217.194.0-255,2902,157951,64,227409
323,0.002302,172.31.40.0-255,66,158017,64,227409
324,0.002341,172.31.40.0-255,66,158083,64,227409
325,0.002403,172.217.194.0-255,4320,162403,64,227409
326,0.002406,172.31.40.0-255,66,162469,64,227409
327,0.002434,172.31.40.0-255,66,162535,64,227409
328,0.002452,172.217.194.0-255,2184,164719,64,227409
329,0.002454,172.31.40.0-255,66,164785,64,227409
330,0.004723,172.217.194.0-255,2902,167687,64,227409
331,0.004739,172.31.40.0-255,66,167753,64,227409
332,0.004759,172.217.194.0-255,2902,170655,64,227409
333,0.004761,172.31.40.0-255,66,170721,64,227409
334,0.007106,172.217.194.0-255,5738,176459,64,227409
335,0.007119,172.31.40.0-255,66,176525,64,227409
336,0.009426,172.217.194.0-255,5738,182263,64,227409
337,0.009434,172.31.40.0-255,66,182329,64,227409
338,0.011727,172.217.194.0-255,5738,188067,64,227409
339,0.01173,172.31.40.0-255,66,188133,64,227409
340,0.014043,172.217.194.0-255,5738,193871,64,227409
341,0.01405,172.31.40.0-255,66,193937,64,227409
342,0.016366,172.217.194.0-255,5738,199675,64,227409
343,0.016381,172.31.40.0-255,66,199741,64,227409
344,0.018718,172.217.194.0-255,5738,205479,64,227409
345,0.018732,172.31.40.0-255,66,205545,64,227409
346,0.021043,172.217.194.0-255,5738,211283,64,227409
347,0.021051,172.31.40.0-255,66,211349,64,227409
348,0.023375,172.217.194.0-255,4320,215669,64,227409
349,0.023383,172.31.40.0-255,66,215735,64,227409
350,0.023403,172.217.194.0-255,1484,217219,64,227409
351,0.025692,172.217.194.0-255,4320,221539,64,227409
352,0.025699,172.31.40.0-255,66,221605,64,227409
353,0.028017,172.217.194.0-255,5738,227343,64,227409
354,0.028036,172.31.40.0-255,66,227409,64,227409
355,0.0,74.125.68.0-255,298,298,64,179500
356,2.3e-05,172.31.40.0-255,66,364,64,179500
357,3e-05,74.125.68.0-255,1484,1848,64,179500
358,3.5e-05,172.31.40.0-255,66,1914,64,179500
359,3.8e-05,74.125.68.0-255,1484,3398,64,179500
360,4.9e-05,172.31.40.0-255,66,3464,64,179500
361,5.6e-05,74.125.68.0-255,4320,7784,64,179500
362,6e-05,172.31.40.0-255,66,7850,64,179500
363,0.000101,74.125.68.0-255,6193,14043,64,179500
364,0.000105,172.31.40.0-255,66,14109,64,179500
365,0.000195,74.125.68.0-255,1484,15593,64,179500
366,0.000199,172.31.40.0-255,66,15659,64,179500
367,0.000227,74.125.68.0-255,2902,18561,64,179500
368,0.00023,172.31.40.0-255,66,18627,64,179500
369,0.000236,74.125.68.0-255,4320,22947,64,179500
370,0.000238,172.31.40.0-255,66,23013,64,179500
371,0.000245,74.125.68.0-255,5738,28751,64,179500
372,0.000247,172.31.40.0-255,66,28817,64,179500
373,0.000291,74.125.68.0-255,6797,35614,64,179500
374,0.000294,172.31.40.0-255,66,35680,64,179500
375,0.000323,74.125.68.0-255,7156,42836,64,179500
376,0.000326,172.31.40.0-255,66,42902,64,179500
377,0.000332,74.125.68.0-255,4320,47222,64,179500
378,0.000335,172.31.40.0-255,66,47288,64,179500
379,0.000338,74.125.68.0-255,1484,48772,64,179500
380,0.00034,172.31.40.0-255,66,48838,64,179500
381,0.000373,74.125.68.0-255,4320,53158,64,179500
382,0.000376,172.31.40.0-255,66,53224,64,179500
383,0.000387,172.31.40.0-255,66,53290,64,179500
384,0.000415,74.125.68.0-255,2902,56192,64,179500
385,0.000418,172.31.40.0-255,66,56258,64,179500
386,0.000421,74.125.68.0-255,766,57024,64,179500
387,0.000426,74.125.68.0-255,360,57384,64,179500
388,0.000524,74.125.68.0-255,134,57518,64,179500
389,0.000563,74.125.68.0-255,346,57864,64,179500
390,0.000909,74.125.68.0-255,1484,59348,64,179500
391,0.000914,74.125.68.0-255,1484,60832,64,179500
392,0.000926,172.31.40.0-255,66,60898,64,179500
393,0.000936,74.125.68.0-255,1484,62382,64,179500
394,0.000945,74.125.68.0-255,4320,66702,64,179500
395,0.00095,74.125.68.0-255,4320,71022,64,179500
396,0.000959,74.125.68.0-255,1484,72506,64,179500
397,0.000988,74.125.68.0-255,4320,76826,64,179500
398,0.000994,172.31.40.0-255,66,76892,64,179500
399,0.001026,74.125.68.0-255,7156,84048,64,179500
400,0.001033,74.125.68.0-255,4320,88368,64,179500
401,0.001049,74.125.68.0-255,2902,91270,64,179500
402,0.001064,74.125.68.0-255,766,92036,64,179500
403,0.001076,172.31.40.0-255,66,92102,64,179500
404,0.002168,74.125.68.0-255,1484,93586,64,179500
405,0.002176,74.125.68.0-255,2902,96488,64,179500
406,0.00218,172.31.40.0-255,66,96554,64,179500
407,0.002208,74.125.68.0-255,5738,102292,64,179500
408,0.002211,74.125.68.0-255,2902,105194,64,179500
409,0.002226,74.125.68.0-255,2902,108096,64,179500
410,0.002238,74.125.68.0-255,1484,109580,64,179500
411,0.002242,74.125.68.0-255,2902,112482,64,179500
412,0.002269,74.125.68.0-255,5738,118220,64,179500
413,0.002275,74.125.68.0-255,5738,123958,64,179500
414,0.002306,74.125.68.0-255,2184,126142,64,179500
415,0.00555,172.31.40.0-255,66,126208,64,179500
416,0.00791,74.125.68.0-255,5738,131946,64,179500
417,0.007915,172.31.40.0-255,66,132012,64,179500
418,0.010261,74.125.68.0-255,2902,134914,64,179500
419,0.010268,172.31.40.0-255,66,134980,64,179500
420,0.010299,74.125.68.0-255,2902,137882,64,179500
421,0.012403,172.31.40.0-255,66,137948,64,179500
422,0.012634,74.125.68.0-255,2902,140850,64,179500
423,0.012641,172.31.40.0-255,66,140916,64,179500
424,0.014757,74.125.68.0-255,2902,143818,64,179500
425,0.01477,172.31.40.0-255,66,143884,64,179500
426,0.014972,74.125.68.0-255,2902,146786,64,179500
427,0.014977,172.31.40.0-255,66,146852,64,179500
428,0.017119,74.125.68.0-255,2902,149754,64,179500
429,0.017127,172.31.40.0-255,66,149820,64,179500
430,0.017313,74.125.68.0-255,2902,152722,64,179500
431,0.017318,172.31.40.0-255,66,152788,64,179500
432,0.019477,74.125.68.0-255,2902,155690,64,179500
433,0.019483,172.31.40.0-255,66,155756,64,179500
434,0.019652,74.125.68.0-255,2902,158658,64,179500
435,0.019657,172.31.40.0-255,66,158724,64,179500
436,0.02185,74.125.68.0-255,2902,161626,64,179500
437,0.021856,172.31.40.0-255,66,161692,64,179500
438,0.022019,74.125.68.0-255,2902,164594,64,179500
439,0.022024,172.31.40.0-255,66,164660,64,179500
440,0.024202,74.125.68.0-255,2902,167562,64,179500
441,0.02421,172.31.40.0-255,66,167628,64,179500
442,0.024363,74.125.68.0-255,2902,170530,64,179500
443,0.024367,172.31.40.0-255,66,170596,64,179500
444,0.026553,74.125.68.0-255,2902,173498,64,179500
445,0.02656,172.31.40.0-255,66,173564,64,179500
446,0.026698,74.125.68.0-255,2902,176466,64,179500
447,0.028397,172.31.40.0-255,66,176532,64,179500
448,0.028911,74.125.68.0-255,2902,179434,64,179500
449,0.028916,172.31.40.0-255,66,179500,64,179500
450,0.0,74.125.200.0-255,153,153,64,333859
451,2.3e-05,172.31.40.0-255,66,219,64,333859
452,3e-05,74.125.200.0-255,1484,1703,64,333859
453,3.5e-05,172.31.40.0-255,66,1769,64,333859
454,3.8e-05,74.125.200.0-255,1484,3253,64,333859
455,4.1e-05,172.31.40.0-255,66,3319,64,333859
456,4.7e-05,74.125.200.0-255,2902,6221,64,333859
457,5e-05,172.31.40.0-255,66,6287,64,333859
458,5.7e-05,74.125.200.0-255,5738,12025,64,333859
459,5.9e-05,172.31.40.0-255,66,12091,64,333859
460,8.4e-05,74.125.200.0-255,6276,18367,64,333859
461,8.7e-05,172.31.40.0-255,66,18433,64,333859
462,9.4e-05,74.125.200.0-255,5738,24171,64,333859
463,9.6e-05,172.31.40.0-255,66,24237,64,333859
464,0.000111,74.125.200.0-255,1484,25721,64,333859
465,0.000113,172.31.40.0-255,66,25787,64,333859
466,0.00014,74.125.200.0-255,5379,31166,64,333859
467,0.000143,172.31.40.0-255,66,31232,64,333859
468,0.000217,74.125.200.0-255,1484,32716,64,333859
469,0.000221,172.31.40.0-255,66,32782,64,333859
470,0.000239,74.125.200.0-255,2902,35684,64,333859
471,0.000241,172.31.40.0-255,66,35750,64,333859
472,0.000258,74.125.200.0-255,5738,41488,64,333859
473,0.00026,172.31.40.0-255,66,41554,64,333859
474,0.000287,74.125.200.0-255,5738,47292,64,333859
475,0.00029,172.31.40.0-255,66,47358,64,333859
476,0.000328,74.125.200.0-255,4320,51678,64,333859
477,0.000331,172.31.40.0-255,66,51744,64,333859
478,0.000356,74.125.200.0-255,2543,54287,64,333859
479,0.000359,172.31.40.0-255,66,54353,64,333859
480,0.000364,74.125.200.0-255,4320,58673,64,333859
481,0.000366,172.31.40.0-255,66,58739,64,333859
482,0.000386,74.125.200.0-255,2902,61641,64,333859
483,0.000388,172.31.40.0-255,66,61707,64,333859
484,0.000393,74.125.200.0-255,4234,65941,64,333859
485,0.000395,172.31.40.0-255,66,66007,64,333859
486,0.000816,74.125.200.0-255,127,66134,64,333859
487,0.001041,172.31.40.0-255,66,66200,64,333859
488,0.001119,74.125.200.0-255,1484,67684,64,333859
489,0.001127,74.125.200.0-255,2902,70586,64,333859
490,0.00113,172.31.40.0-255,66,70652,64,333859
491,0.001152,74.125.200.0-255,1484,72136,64,333859
492,0.001167,74.125.200.0-255,1484,73620,64,333859
493,0.001169,172.31.40.0-255,66,73686,64,333859
494,0.001175,74.125.200.0-255,4320,78006,64,333859
495,0.001177,172.31.40.0-255,66,78072,64,333859
496,0.001187,172.31.40.0-255,66,78138,64,333859
497,0.001194,74.125.200.0-255,7156,85294,64,333859
498,0.001196,172.31.40.0-255,66,85360,64,333859
499,0.001231,74.125.200.0-255,1484,86844,64,333859
500,0.001254,74.125.200.0-255,5020,91864,64,333859
501,0.001256,172.31.40.0-255,66,91930,64,333859
502,0.001272,74.125.200.0-255,4320,96250,64,333859
503,0.001274,172.31.40.0-255,66,96316,64,333859
504,0.001291,74.125.200.0-255,2902,99218,64,333859
505,0.001293,172.31.40.0-255,66,99284,64,333859
506,0.001301,74.125.200.0-255,7156,106440,64,333859
507,0.001303,172.31.40.0-255,66,106506,64,333859
508,0.001351,74.125.200.0-255,4320,110826,64,333859
509,0.001354,172.31.40.0-255,66,110892,64,333859
510,0.001369,74.125.200.0-255,1484,112376,64,333859
511,0.001377,74.125.200.0-255,7156,119532,64,333859
512,0.001379,172.31.40.0-255,66,119598,64,333859
513,0.001426,74.125.200.0-255,6438,126036,64,333859
514,0.001429,172.31.40.0-255,66,126102,64,333859
515,0.001436,74.125.200.0-255,7156,133258,64,333859
516,0.001438,172.31.40.0-255,66,133324,64,333859
517,0.001441,74.125.200.0-255,1484,134808,64,333859
518,0.001472,74.125.200.0-255,1484,136292,64,333859
519,0.001474,172.31.40.0-255,66,136358,64,333859
520,0.001498,74.125.200.0-255,1484,137842,64,333859
521,0.001505,74.125.200.0-255,5738,143580,64,333859
522,0.001508,172.31.40.0-255,66,143646,64,333859
523,0.001515,74.125.200.0-255,7156,150802,64,333859
524,0.001517,172.31.40.0-255,66,150868,64,333859
525,0.001554,172.31.40.0-255,66,150934,64,333859
526,0.001581,74.125.200.0-255,766,151700,64,333859
527,0.001689,74.125.200.0-255,1484,153184,64,333859
528,0.001694,172.31.40.0-255,66,153250,64,333859
529,0.001711,74.125.200.0-255,1484,154734,64,333859
530,0.001726,74.125.200.0-255,1484,156218,64,333859
531,0.001728,172.31.40.0-255,66,156284,64,333859
532,0.001736,74.125.200.0-255,5738,162022,64,333859
533,0.001739,172.31.40.0-255,66,162088,64,333859
534,0.001742,74.125.200.0-255,1484,163572,64,333859
535,0.001764,74.125.200.0-255,1484,165056,64,333859
536,0.001766,172.31.40.0-255,66,165122,64,333859
537,0.001772,74.125.200.0-255,4320,169442,64,333859
538,0.001774,172.31.40.0-255,66,169508,64,333859
539,0.001777,74.125.200.0-255,1484,170992,64,333859
540,0.001797,74.125.200.0-255,7156,178148,64,333859
541,0.001801,172.31.40.0-255,66,178214,64,333859
542,0.001805,74.125.200.0-255,2902,181116,64,333859
543,0.001808,172.31.40.0-255,66,181182,64,333859
544,0.001853,74.125.200.0-255,5020,186202,64,333859
545,0.001857,172.31.40.0-255,66,186268,64,333859
546,0.001953,74.125.200.0-255,1484,187752,64,333859
547,0.00196,74.125.200.0-255,2902,190654,64,333859
548,0.001963,172.31.40.0-255,66,190720,64,333859
549,0.00197,74.125.200.0-255,5738,196458,64,333859
550,0.001973,172.31.40.0-255,66,196524,64,333859
551,0.002011,172.31.40.0-255,66,196590,64,333859
552,0.002059,74.125.200.0-255,4320,200910,64,333859
553,0.002063,172.31.40.0-255,66,200976,64,333859
554,0.002085,74.125.200.0-255,6438,207414,64,333859
555,0.002088,172.31.40.0-255,66,207480,64,333859
556,0.002126,74.125.200.0-255,5738,213218,64,333859
557,0.002129,172.31.40.0-255,66,213284,64,333859
558,0.002149,74.125.200.0-255,2902,216186,64,333859
559,0.002151,172.31.40.0-255,66,216252,64,333859
560,0.002156,74.125.200.0-255,2902,219154,64,333859
561,0.002158,172.31.40.0-255,66,219220,64,333859
562,0.002189,74.125.200.0-255,4320,223540,64,333859
563,0.002192,172.31.40.0-255,66,223606,64,333859
564,0.002227,74.125.200.0-255,2902,226508,64,333859
565,0.00223,172.31.40.0-255,66,226574,64,333859
566,0.002258,74.125.200.0-255,5738,232312,64,333859
567,0.002261,172.31.40.0-255,66,232378,64,333859
568,0.002271,172.31.40.0-255,66,232444,64,333859
569,0.002287,74.125.200.0-255,1484,233928,64,333859
570,0.00229,74.125.200.0-255,1484,235412,64,333859
571,0.002292,172.31.40.0-255,66,235478,64,333859
572,0.002311,74.125.200.0-255,1484,236962,64,333859
573,0.002314,74.125.200.0-255,1484,238446,64,333859
574,0.002315,172.31.40.0-255,66,238512,64,333859
575,0.002337,74.125.200.0-255,4320,242832,64,333859
576,0.00234,172.31.40.0-255,66,242898,64,333859
577,0.002359,74.125.200.0-255,5738,248636,64,333859
578,0.002362,172.31.40.0-255,66,248702,64,333859
579,0.002369,74.125.200.0-255,7156,255858,64,333859
580,0.002371,172.31.40.0-255,66,255924,64,333859
581,0.002402,74.125.200.0-255,4320,260244,64,333859
582,0.002423,74.125.200.0-255,6438,266682,64,333859
583,0.002469,74.125.200.0-255,1484,268166,64,333859
584,0.002473,74.125.200.0-255,1484,269650,64,333859
585,0.002483,74.125.200.0-255,1484,271134,64,333859
586,0.002525,74.125.200.0-255,1484,272618,64,333859
587,0.002541,74.125.200.0-255,2902,275520,64,333859
588,0.002547,74.125.200.0-255,5738,281258,64,333859
589,0.002559,74.125.200.0-255,4320,285578,64,333859
590,0.002571,74.125.200.0-255,2902,288480,64,333859
591,0.008101,172.31.40.0-255,66,288546,64,333859
592,0.009696,172.31.40.0-255,101,288647,64,333859
593,0.010633,74.125.200.0-255,5738,294385,64,333859
594,0.010639,172.31.40.0-255,66,294451,64,333859
595,0.012186,74.125.200.0-255,66,294517,64,333859
596,0.013187,74.125.200.0-255,5738,300255,64,333859
597,0.013193,172.31.40.0-255,66,300321,64,333859
598,0.015743,74.125.200.0-255,5738,306059,64,333859
599,0.015752,172.31.40.0-255,66,306125,64,333859
600,0.018305,74.125.200.0-255,5738,311863,64,333859
601,0.018315,172.31.40.0-255,66,311929,64,333859
602,0.020843,74.125.200.0-255,1484,313413,64,333859
603,0.02086,74.125.200.0-255,2902,316315,64,333859
604,0.020864,172.31.40.0-255,66,316381,64,333859
605,0.020879,74.125.200.0-255,1484,317865,64,333859
606,0.023397,74.125.200.0-255,4320,322185,64,333859
607,0.023405,172.31.40.0-255,66,322251,64,333859
608,0.025939,74.125.200.0-255,5738,327989,64,333859
609,0.025946,172.31.40.0-255,66,328055,64,333859
610,0.028494,74.125.200.0-255,5738,333793,64,333859
611,0.0285,172.31.40.0-255,66,333859,64,333859
612,0.0,172.217.194.0-255,146,146,64,206309
613,2.3e-05,172.31.40.0-255,66,212,64,206309
614,3e-05,172.217.194.0-255,1484,1696,64,206309
615,3.4e-05,172.31.40.0-255,66,1762,64,206309
616,4e-05,172.217.194.0-255,2902,4664,64,206309
617,4.3e-05,172.31.40.0-255,66,4730,64,206309
618,5.7e-05,172.217.194.0-255,7156,11886,64,206309
619,6.1e-05,172.31.40.0-255,66,11952,64,206309
620,6.5e-05,172.217.194.0-255,1993,13945,64,206309
621,6.8e-05,172.31.40.0-255,66,14011,64,206309
622,0.000135,172.217.194.0-255,1484,15495,64,206309
623,0.000139,172.31.40.0-255,66,15561,64,206309
624,0.000145,172.217.194.0-255,2902,18463,64,206309
625,0.000147,172.31.40.0-255,66,18529,64,206309
626,0.000181,172.217.194.0-255,5738,24267,64,206309
627,0.000184,172.31.40.0-255,66,24333,64,206309
628,0.000214,172.217.194.0-255,6797,31130,64,206309
629,0.000217,172.31.40.0-255,66,31196,64,206309
630,0.000304,172.217.194.0-255,1484,32680,64,206309
631,0.000308,172.31.40.0-255,66,32746,64,206309
632,0.000311,172.217.194.0-255,1484,34230,64,206309
633,0.000313,172.31.40.0-255,66,34296,64,206309
634,0.000346,172.217.194.0-255,1484,35780,64,206309
635,0.000349,172.31.40.0-255,66,35846,64,206309
636,0.000356,172.217.194.0-255,5738,41584,64,206309
637,0.000359,172.31.40.0-255,66,41650,64,206309
638,0.00037,172.217.194.0-255,6797,48447,64,206309
639,0.000373,172.31.40.0-255,66,48513,64,206309
640,0.000392,172.217.194.0-255,1484,49997,64,206309
641,0.000394,172.31.40.0-255,66,50063,64,206309
642,0.000423,172.31.40.0-255,66,50129,64,206309
643,0.000428,172.217.194.0-255,2543,52672,64,206309
644,0.000429,172.31.40.0-255,66,52738,64,206309
645,0.000432,172.217.194.0-255,645,53383,64,206309
646,0.000597,172.217.194.0-255,1484,54867,64,206309
647,0.000602,172.217.194.0-255,2902,57769,64,206309
648,0.000607,172.31.40.0-255,66,57835,64,206309
649,0.000611,172.31.40.0-255,66,57901,64,206309
650,0.000644,172.217.194.0-255,5738,63639,64,206309
651,0.000647,172.31.40.0-255,66,63705,64,206309
652,0.000661,172.31.40.0-255,66,63771,64,206309
653,0.000666,172.217.194.0-255,4320,68091,64,206309
654,0.000668,172.31.40.0-255,66,68157,64,206309
655,0.000682,172.217.194.0-255,4320,72477,64,206309
656,0.000684,172.31.40.0-255,66,72543,64,206309
657,0.000712,172.217.194.0-255,2184,74727,64,206309
658,0.000715,172.31.40.0-255,66,74793,64,206309
659,0.00115,172.217.194.0-255,1484,76277,64,206309
660,0.001157,172.217.194.0-255,2902,79179,64,206309
661,0.00116,172.31.40.0-255,66,79245,64,206309
662,0.001167,172.217.194.0-255,4320,83565,64,206309
663,0.001169,172.31.40.0-255,66,83631,64,206309
664,0.001188,172.217.194.0-255,1484,85115,64,206309
665,0.001207,172.31.40.0-255,66,85181,64,206309
666,0.001234,172.217.194.0-255,4320,89501,64,206309
667,0.001237,172.31.40.0-255,66,89567,64,206309
668,0.001271,172.217.194.0-255,6438,96005,64,206309
669,0.001274,172.31.40.0-255,66,96071,64,206309
670,0.001385,172.217.194.0-255,1484,97555,64,206309
671,0.001388,172.217.194.0-255,1484,99039,64,206309
672,0.001395,172.31.40.0-255,66,99105,64,206309
673,0.001404,172.217.194.0-255,1484,100589,64,206309
674,0.001414,172.217.194.0-255,4320,104909,64,206309
675,0.001416,172.31.40.0-255,66,104975,64,206309
676,0.001444,172.217.194.0-255,1484,106459,64,206309
677,0.001449,172.217.194.0-255,4320,110779,64,206309
678,0.001452,172.31.40.0-255,66,110845,64,206309
679,0.001469,172.31.40.0-255,66,110911,64,206309
680,0.001503,172.31.40.0-255,66,110977,64,206309
681,0.001529,172.217.194.0-255,1484,112461,64,206309
682,0.001534,172.217.194.0-255,2902,115363,64,206309
683,0.001536,172.31.40.0-255,66,115429,64,206309
684,0.001573,172.217.194.0-255,5738,121167,64,206309
685,0.001576,172.31.40.0-255,66,121233,64,206309
686,0.001583,172.217.194.0-255,7156,128389,64,206309
687,0.001586,172.31.40.0-255,66,128455,64,206309
688,0.001609,172.217.194.0-255,5738,134193,64,206309
689,0.001612,172.31.40.0-255,66,134259,64,206309
690,0.001615,172.217.194.0-255,1484,135743,64,206309
691,0.001648,172.31.40.0-255,66,135809,64,206309
692,0.001702,172.217.194.0-255,1484,137293,64,206309
693,0.00172,172.217.194.0-255,2902,140195,64,206309
694,0.001723,172.31.40.0-255,66,140261,64,206309
695,0.001758,172.217.194.0-255,5738,145999,64,206309
696,0.001762,172.31.40.0-255,66,146065,64,206309
697,0.001767,172.217.194.0-255,4320,150385,64,206309
698,0.00177,172.31.40.0-255,66,150451,64,206309
699,0.001787,172.31.40.0-255,66,150517,64,206309
700,0.001824,172.217.194.0-255,4320,154837,64,206309
701,0.001826,172.31.40.0-255,66,154903,64,206309
702,0.001859,172.217.194.0-255,3602,158505,64,206309
703,0.001861,172.31.40.0-255,66,158571,64,206309
704,0.001865,172.217.194.0-255,1484,160055,64,206309
705,0.001869,172.217.194.0-255,2902,162957,64,206309
706,0.001871,172.31.40.0-255,66,163023,64,206309
707,0.001877,172.217.194.0-255,5738,168761,64,206309
708,0.001879,172.31.40.0-255,66,168827,64,206309
709,0.001929,172.31.40.0-255,66,168893,64,206309
710,0.001941,172.31.40.0-255,66,168959,64,206309
711,0.001966,172.217.194.0-255,5020,173979,64,206309
712,0.001969,172.31.40.0-255,66,174045,64,206309
713,0.00198,172.217.194.0-255,5738,179783,64,206309
714,0.001982,172.31.40.0-255,66,179849,64,206309
715,0.002003,172.217.194.0-255,5738,185587,64,206309
716,0.002006,172.31.40.0-255,66,185653,64,206309
717,0.002019,172.217.194.0-255,7156,192809,64,206309
718,0.002021,172.31.40.0-255,66,192875,64,206309
719,0.002095,172.31.40.0-255,66,192941,64,206309
720,0.002134,172.217.194.0-255,7156,200097,64,206309
721,0.002141,172.31.40.0-255,66,200163,64,206309
722,0.00224,172.217.194.0-255,2902,203065,64,206309
723,0.002372,172.217.194.0-255,2902,205967,64,206309
724,0.002433,172.217.194.0-255,105,206072,64,206309
725,0.010514,172.31.40.0-255,66,206138,64,206309
726,0.012967,172.31.40.0-255,105,206243,64,206309
727,0.015593,172.217.194.0-255,66,206309,64,206309
728,0.0,74.125.200.0-255,143,143,64,313777
729,2.2e-05,172.31.40.0-255,66,209,64,313777
730,2.9e-05,74.125.200.0-255,1484,1693,64,313777
731,3.4e-05,172.31.40.0-255,66,1759,64,313777
732,4e-05,74.125.200.0-255,2902,4661,64,313777
733,4.3e-05,172.31.40.0-255,66,4727,64,313777
734,5.1e-05,74.125.200.0-255,7156,11883,64,313777
735,5.6e-05,172.31.40.0-255,66,11949,64,313777
736,0.000118,74.125.200.0-255,2029,13978,64,313777
737,0.000123,172.31.40.0-255,66,14044,64,313777
738,0.000127,74.125.200.0-255,2902,16946,64,313777
739,0.00013,172.31.40.0-255,66,17012,64,313777
740,0.000137,74.125.200.0-255,7156,24168,64,313777
741,0.000139,172.31.40.0-255,66,24234,64,313777
742,0.000147,74.125.200.0-255,6797,31031,64,313777
743,0.00015,172.31.40.0-255,66,31097,64,313777
744,0.000197,74.125.200.0-255,1484,32581,64,313777
745,0.000199,172.31.40.0-255,66,32647,64,313777
746,0.000215,74.125.200.0-255,2902,35549,64,313777
747,0.000217,74.125.200.0-255,1484,37033,64,313777
748,0.00022,172.31.40.0-255,66,37099,64,313777
749,0.000227,172.31.40.0-255,66,37165,64,313777
750,0.000233,74.125.200.0-255,2902,40067,64,313777
751,0.000236,172.31.40.0-255,66,40133,64,313777
752,0.000276,172.31.40.0-255,66,40199,64,313777
753,0.00028,74.125.200.0-255,2902,43101,64,313777
754,0.000282,172.31.40.0-255,66,43167,64,313777
755,0.000306,74.125.200.0-255,1484,44651,64,313777
756,0.000309,172.31.40.0-255,66,44717,64,313777
757,0.000335,172.31.40.0-255,66,44783,64,313777
758,0.000337,74.125.200.0-255,766,45549,64,313777
759,0.000362,74.125.200.0-255,402,45951,64,313777
760,0.000389,74.125.200.0-255,111,46062,64,313777
761,0.000456,74.125.200.0-255,1484,47546,64,313777
762,0.00046,172.31.40.0-255,66,47612,64,313777
763,0.000465,74.125.200.0-255,2902,50514,64,313777
764,0.000468,172.31.40.0-255,66,50580,64,313777
765,0.000493,74.125.200.0-255,4320,54900,64,313777
766,0.000495,172.31.40.0-255,66,54966,64,313777
767,0.000515,74.125.200.0-255,2902,57868,64,313777
768,0.000517,172.31.40.0-255,66,57934,64,313777
769,0.000543,74.125.200.0-255,5738,63672,64,313777
770,0.000546,172.31.40.0-255,66,63738,64,313777
771,0.000551,74.125.200.0-255,2902,66640,64,313777
772,0.000553,172.31.40.0-255,66,66706,64,313777
773,0.000565,172.31.40.0-255,66,66772,64,313777
774,0.000588,74.125.200.0-255,4320,71092,64,313777
775,0.00059,172.31.40.0-255,66,71158,64,313777
776,0.000593,74.125.200.0-255,766,71924,64,313777
777,0.000638,74.125.200.0-255,329,72253,64,313777
778,0.000792,74.125.200.0-255,1484,73737,64,313777
779,0.000797,172.31.40.0-255,66,73803,64,313777
780,0.000803,74.125.200.0-255,2902,76705,64,313777
781,0.000806,172.31.40.0-255,66,76771,64,313777
782,0.000812,74.125.200.0-255,5738,82509,64,313777
783,0.000815,172.31.40.0-255,66,82575,64,313777
784,0.000839,74.125.200.0-255,1484,84059,64,313777
785,0.00086,74.125.200.0-255,4320,88379,64,313777
786,0.000863,172.31.40.0-255,66,88445,64,313777
787,0.000868,74.125.200.0-255,4320,92765,64,313777
788,0.00087,172.31.40.0-255,66,92831,64,313777
789,0.000887,74.125.200.0-255,2902,95733,64,313777
790,0.000889,172.31.40.0-255,66,95799,64,313777
791,0.000893,74.125.200.0-255,2902,98701,64,313777
792,0.000895,172.31.40.0-255,66,98767,64,313777
793,0.0009,74.125.200.0-255,4320,103087,64,313777
794,0.000902,172.31.40.0-255,66,103153,64,313777
795,0.000935,74.125.200.0-255,3602,106755,64,313777
796,0.000938,172.31.40.0-255,66,106821,64,313777
797,0.000985,74.125.200.0-255,1484,108305,64,313777
798,0.00099,74.125.200.0-255,2902,111207,64,313777
799,0.000993,172.31.40.0-255,66,111273,64,313777
800,0.00101,74.125.200.0-255,2902,114175,64,313777
801,0.001013,172.31.40.0-255,66,114241,64,313777
802,0.001021,74.125.200.0-255,2902,117143,64,313777
803,0.001023,172.31.40.0-255,66,117209,64,313777
804,0.001025,74.125.200.0-255,1484,118693,64,313777
805,0.001056,74.125.200.0-255,2902,121595,64,313777
806,0.001059,172.31.40.0-255,66,121661,64,313777
807,0.00108,74.125.200.0-255,5738,127399,64,313777
808,0.001082,172.31.40.0-255,66,127465,64,313777
809,0.001084,74.125.200.0-255,1484,128949,64,313777
810,0.001096,74.125.200.0-255,1484,130433,64,313777
811,0.001099,172.31.40.0-255,66,130499,64,313777
812,0.001113,74.125.200.0-255,7156,137655,64,313777
813,0.001116,172.31.40.0-255,66,137721,64,313777
814,0.00114,74.125.200.0-255,3602,141323,64,313777
815,0.001142,172.31.40.0-255,66,141389,64,313777
816,0.001204,74.125.200.0-255,1484,142873,64,313777
817,0.001216,74.125.200.0-255,2902,145775,64,313777
818,0.001223,172.31.40.0-255,66,145841,64,313777
819,0.001227,74.125.200.0-255,2902,148743,64,313777
820,0.001229,172.31.40.0-255,66,148809,64,313777
821,0.001241,74.125.200.0-255,1484,150293,64,313777
822,0.001247,74.125.200.0-255,2902,153195,64,313777
823,0.001249,172.31.40.0-255,66,153261,64,313777
824,0.001269,74.125.200.0-255,2902,156163,64,313777
825,0.001271,172.31.40.0-255,66,156229,64,313777
826,0.001286,74.125.200.0-255,2902,159131,64,313777
827,0.001288,172.31.40.0-255,66,159197,64,313777
828,0.001312,74.125.200.0-255,4320,163517,64,313777
829,0.001315,172.31.40.0-255,66,163583,64,313777
830,0.001322,74.125.200.0-255,7156,170739,64,313777
831,0.001324,172.31.40.0-255,66,170805,64,313777
832,0.001341,74.125.200.0-255,1484,172289,64,313777
833,0.001344,74.125.200.0-255,2902,175191,64,313777
834,0.001346,172.31.40.0-255,66,175257,64,313777
835,0.001371,74.125.200.0-255,766,176023,64,313777
836,0.001545,74.125.200.0-255,1484,177507,64,313777
837,0.001549,172.31.40.0-255,66,177573,64,313777
838,0.001569,74.125.200.0-255,2902,180475,64,313777
839,0.001571,172.31.40.0-255,66,180541,64,313777
840,0.001593,74.125.200.0-255,4320,184861,64,313777
841,0.001595,172.31.40.0-255,66,184927,64,313777
842,0.001617,74.125.200.0-255,5738,190665,64,313777
843,0.00162,172.31.40.0-255,66,190731,64,313777
844,0.001639,74.125.200.0-255,2902,193633,64,313777
845,0.001641,172.31.40.0-255,66,193699,64,313777
846,0.001694,74.125.200.0-255,4320,198019,64,313777
847,0.001697,172.31.40.0-255,66,198085,64,313777
848,0.001701,74.125.200.0-255,4320,202405,64,313777
849,0.001703,172.31.40.0-255,66,202471,64,313777
850,0.001708,74.125.200.0-255,5738,208209,64,313777
851,0.00171,172.31.40.0-255,66,208275,64,313777
852,0.001731,74.125.200.0-255,2184,210459,64,313777
853,0.001734,172.31.40.0-255,66,210525,64,313777
854,0.001888,74.125.200.0-255,1484,212009,64,313777
855,0.001893,74.125.200.0-255,2902,214911,64,313777
856,0.001896,172.31.40.0-255,66,214977,64,313777
857,0.001921,74.125.200.0-255,5738,220715,64,313777
858,0.001923,172.31.40.0-255,66,220781,64,313777
859,0.001957,172.31.40.0-255,66,220847,64,313777
860,0.001963,74.125.200.0-255,5738,226585,64,313777
861,0.001965,172.31.40.0-255,66,226651,64,313777
862,0.001984,74.125.200.0-255,5738,232389,64,313777
863,0.001986,172.31.40.0-255,66,232455,64,313777
864,0.001988,74.125.200.0-255,1484,233939,64,313777
865,0.003935,74.125.200.0-255,4320,238259,64,313777
866,0.003941,172.31.40.0-255,66,238325,64,313777
867,0.005894,74.125.200.0-255,5738,244063,64,313777
868,0.005898,172.31.40.0-255,66,244129,64,313777
869,0.00785,74.125.200.0-255,5738,249867,64,313777
870,0.007856,172.31.40.0-255,66,249933,64,313777
871,0.009834,74.125.200.0-255,5738,255671,64,313777
872,0.009848,172.31.40.0-255,66,255737,64,313777
873,0.011823,74.125.200.0-255,5738,261475,64,313777
874,0.011835,172.31.40.0-255,66,261541,64,313777
875,0.013799,74.125.200.0-255,5738,267279,64,313777
876,0.013812,172.31.40.0-255,66,267345,64,313777
877,0.015784,74.125.200.0-255,5738,273083,64,313777
878,0.015796,172.31.40.0-255,66,273149,64,313777
879,0.017773,74.125.200.0-255,5738,278887,64,313777
880,0.017787,172.31.40.0-255,66,278953,64,313777
881,0.019768,74.125.200.0-255,5738,284691,64,313777
882,0.019782,172.31.40.0-255,66,284757,64,313777
883,0.02176,74.125.200.0-255,5738,290495,64,313777
884,0.021768,172.31.40.0-255,66,290561,64,313777
885,0.023736,74.125.200.0-255,5738,296299,64,313777
886,0.023743,172.31.40.0-255,66,296365,64,313777
887,0.025697,74.125.200.0-255,5738,302103,64,313777
888,0.025705,172.31.40.0-255,66,302169,64,313777
889,0.027666,74.125.200.0-255,5738,307907,64,313777
890,0.027675,172.31.40.0-255,66,307973,64,313777
891,0.029641,74.125.200.0-255,5738,313711,64,313777
892,0.029649,172.31.40.0-255,66,313777,64,313777
893,0.0,172.217.194.0-255,146,146,64,272854
894,2.5e-05,172.31.40.0-255,66,212,64,272854
895,3.2e-05,172.217.194.0-255,1484,1696,64,272854
896,3.7e-05,172.31.40.0-255,66,1762,64,272854
897,5e-05,172.217.194.0-255,2902,4664,64,272854
898,5.2e-05,172.31.40.0-255,66,4730,64,272854
899,6.1e-05,172.217.194.0-255,7156,11886,64,272854
900,6.4e-05,172.31.40.0-255,66,11952,64,272854
901,6.8e-05,172.217.194.0-255,1950,13902,64,272854
902,7e-05,172.31.40.0-255,66,13968,64,272854
903,0.000101,172.31.40.0-255,66,14034,64,272854
904,0.000104,172.217.194.0-255,1484,15518,64,272854
905,0.000106,172.31.40.0-255,66,15584,64,272854
906,0.00014,172.217.194.0-255,3961,19545,64,272854
907,0.000144,172.31.40.0-255,66,19611,64,272854
908,0.000301,172.217.194.0-255,1484,21095,64,272854
909,0.000305,172.31.40.0-255,66,21161,64,272854
910,0.000311,172.217.194.0-255,2902,24063,64,272854
911,0.000314,172.31.40.0-255,66,24129,64,272854
912,0.000337,172.217.194.0-255,5738,29867,64,272854
913,0.00034,172.31.40.0-255,66,29933,64,272854
914,0.000377,172.31.40.0-255,66,29999,64,272854
915,0.000383,172.217.194.0-255,4320,34319,64,272854
916,0.000385,172.31.40.0-255,66,34385,64,272854
917,0.000413,172.217.194.0-255,4320,38705,64,272854
918,0.000416,172.31.40.0-255,66,38771,64,272854
919,0.000428,172.217.194.0-255,6797,45568,64,272854
920,0.000431,172.31.40.0-255,66,45634,64,272854
921,0.000433,172.217.194.0-255,383,46017,64,272854
922,0.000435,172.31.40.0-255,66,46083,64,272854
923,0.000521,172.217.194.0-255,1484,47567,64,272854
924,0.000525,172.31.40.0-255,66,47633,64,272854
925,0.000544,172.217.194.0-255,2902,50535,64,272854
926,0.000547,172.31.40.0-255,66,50601,64,272854
927,0.000554,172.217.194.0-255,5738,56339,64,272854
928,0.000556,172.31.40.0-255,66,56405,64,272854
929,0.000581,172.217.194.0-255,4320,60725,64,272854
930,0.000587,172.31.40.0-255,66,60791,64,272854
931,0.000613,172.217.194.0-255,2257,63048,64,272854
932,0.000615,172.31.40.0-255,66,63114,64,272854
933,0.000712,172.217.194.0-255,1484,64598,64,272854
934,0.000715,172.31.40.0-255,66,64664,64,272854
935,0.00072,172.217.194.0-255,2902,67566,64,272854
936,0.000723,172.31.40.0-255,66,67632,64,272854
937,0.000755,172.217.194.0-255,2902,70534,64,272854
938,0.000758,172.31.40.0-255,66,70600,64,272854
939,0.000766,172.217.194.0-255,7156,77756,64,272854
940,0.000768,172.31.40.0-255,66,77822,64,272854
941,0.000814,172.31.40.0-255,66,77888,64,272854
942,0.000846,172.217.194.0-255,3602,81490,64,272854
943,0.000849,172.31.40.0-255,66,81556,64,272854
944,0.00089,172.217.194.0-255,1484,83040,64,272854
945,0.00091,172.217.194.0-255,2902,85942,64,272854
946,0.000917,172.217.194.0-255,4320,90262,64,272854
947,0.000929,172.217.194.0-255,1484,91746,64,272854
948,0.000944,172.217.194.0-255,5738,97484,64,272854
949,0.000949,172.31.40.0-255,66,97550,64,272854
950,0.000976,172.217.194.0-255,4320,101870,64,272854
951,0.000981,172.217.194.0-255,2902,104772,64,272854
952,0.000991,172.31.40.0-255,66,104838,64,272854
953,0.001036,172.31.40.0-255,66,104904,64,272854
954,0.001269,172.217.194.0-255,1484,106388,64,272854
955,0.001275,172.217.194.0-255,2902,109290,64,272854
956,0.001279,172.31.40.0-255,66,109356,64,272854
957,0.001344,172.217.194.0-255,5738,115094,64,272854
958,0.001362,172.217.194.0-255,5738,120832,64,272854
959,0.001396,172.217.194.0-255,5020,125852,64,272854
960,0.001433,172.217.194.0-255,5738,131590,64,272854
961,0.001448,172.217.194.0-255,2902,134492,64,272854
962,0.001467,172.217.194.0-255,4320,138812,64,272854
963,0.001522,172.217.194.0-255,5738,144550,64,272854
964,0.001529,172.217.194.0-255,5738,150288,64,272854
965,0.001555,172.217.194.0-255,2902,153190,64,272854
966,0.001586,172.217.194.0-255,4320,157510,64,272854
967,0.001625,172.217.194.0-255,3602,161112,64,272854
968,0.001684,172.217.194.0-255,1484,162596,64,272854
969,0.001705,172.217.194.0-255,2902,165498,64,272854
970,0.001709,172.217.194.0-255,1484,166982,64,272854
971,0.001728,172.217.194.0-255,4320,171302,64,272854
972,0.001745,172.217.194.0-255,4320,175622,64,272854
973,0.001769,172.217.194.0-255,7156,182778,64,272854
974,0.001811,172.217.194.0-255,3602,186380,64,272854
975,0.00193,172.217.194.0-255,1484,187864,64,272854
976,0.001935,172.217.194.0-255,1484,189348,64,272854
977,0.001947,172.217.194.0-255,1484,190832,64,272854
978,0.001949,172.217.194.0-255,1484,192316,64,272854
979,0.001965,172.217.194.0-255,4320,196636,64,272854
980,0.001981,172.217.194.0-255,2902,199538,64,272854
981,0.002,172.217.194.0-255,7156,206694,64,272854
982,0.002046,172.217.194.0-255,3602,210296,64,272854
983,0.005415,172.31.40.0-255,66,210362,64,272854
984,0.007501,172.217.194.0-255,5738,216100,64,272854
985,0.007512,172.31.40.0-255,66,216166,64,272854
986,0.009582,172.217.194.0-255,5738,221904,64,272854
987,0.009596,172.31.40.0-255,66,221970,64,272854
988,0.011709,172.217.194.0-255,4320,226290,64,272854
989,0.011724,172.31.40.0-255,66,226356,64,272854
990,0.011755,172.217.194.0-255,1484,227840,64,272854
991,0.013788,172.217.194.0-255,4320,232160,64,272854
992,0.013795,172.31.40.0-255,66,232226,64,272854
993,0.015895,172.217.194.0-255,5738,237964,64,272854
994,0.015913,172.31.40.0-255,66,238030,64,272854
995,0.017964,172.217.194.0-255,5738,243768,64,272854
996,0.017979,172.31.40.0-255,66,243834,64,272854
997,0.020002,172.217.194.0-255,5738,249572,64,272854
998,0.02001,172.31.40.0-255,66,249638,64,272854
999,0.022083,172.217.194.0-255,5738,255376,64,272854
1000,0.022091,172.31.40.0-255,66,255442,64,272854
1001,0.024112,172.217.194.0-255,5738,261180,64,272854
1002,0.024119,172.31.40.0-255,66,261246,64,272854
1003,0.026174,172.217.194.0-255,5738,266984,64,272854
1004,0.026182,172.31.40.0-255,66,267050,64,272854
1005,0.028217,172.217.194.0-255,5738,272788,64,272854
1006,0.028233,172.31.40.0-255,66,272854,64,272854
1007,0.0,74.125.24.0-255,146,146,64,146427
1008,1.3e-05,172.31.40.0-255,66,212,64,146427
1009,1.9e-05,74.125.24.0-255,1484,1696,64,146427
1010,2.4e-05,172.31.40.0-255,66,1762,64,146427
1011,3.1e-05,74.125.24.0-255,2902,4664,64,146427
1012,3.4e-05,172.31.40.0-255,66,4730,64,146427
1013,4.2e-05,74.125.24.0-255,7156,11886,64,146427
1014,4.6e-05,172.31.40.0-255,66,11952,64,146427
1015,5.1e-05,74.125.24.0-255,2033,13985,64,146427
1016,5.5e-05,172.31.40.0-255,66,14051,64,146427
1017,8.7e-05,172.31.40.0-255,66,14117,64,146427
1018,0.000135,74.125.24.0-255,5379,19496,64,146427
1019,0.000137,172.31.40.0-255,66,19562,64,146427
1020,0.000154,74.125.24.0-255,1484,21046,64,146427
1021,0.000156,172.31.40.0-255,66,21112,64,146427
1022,0.000161,74.125.24.0-255,2902,24014,64,146427
1023,0.000163,172.31.40.0-255,66,24080,64,146427
1024,0.000188,74.125.24.0-255,5738,29818,64,146427
1025,0.00019,172.31.40.0-255,66,29884,64,146427
1026,0.000196,74.125.24.0-255,5738,35622,64,146427
1027,0.000199,172.31.40.0-255,66,35688,64,146427
1028,0.000217,74.125.24.0-255,7156,42844,64,146427
1029,0.00022,172.31.40.0-255,66,42910,64,146427
1030,0.000231,172.31.40.0-255,66,42976,64,146427
1031,0.000255,74.125.24.0-255,2484,45460,64,146427
1032,0.000257,172.31.40.0-255,66,45526,64,146427
1033,0.000285,74.125.24.0-255,127,45653,64,146427
1034,0.000287,172.31.40.0-255,66,45719,64,146427
1035,0.000471,74.125.24.0-255,1484,47203,64,146427
1036,0.000476,172.31.40.0-255,66,47269,64,146427
1037,0.000483,74.125.24.0-255,2902,50171,64,146427
1038,0.000485,172.31.40.0-255,66,50237,64,146427
1039,0.000511,74.125.24.0-255,5738,55975,64,146427
1040,0.000513,172.31.40.0-255,66,56041,64,146427
1041,0.000536,172.31.40.0-255,66,56107,64,146427
1042,0.000554,74.125.24.0-255,1484,57591,64,146427
1043,0.00056,74.125.24.0-255,4320,61911,64,146427
1044,0.000563,172.31.40.0-255,66,61977,64,146427
1045,0.000613,172.31.40.0-255,66,62043,64,146427
1046,0.000625,172.31.40.0-255,66,62109,64,146427
1047,0.000669,172.31.40.0-255,66,62175,64,146427
1048,0.000716,74.125.24.0-255,1484,63659,64,146427
1049,0.00072,74.125.24.0-255,1484,65143,64,146427
1050,0.000723,172.31.40.0-255,66,65209,64,146427
1051,0.000743,74.125.24.0-255,1484,66693,64,146427
1052,0.00075,74.125.24.0-255,5738,72431,64,146427
1053,0.000753,172.31.40.0-255,66,72497,64,146427
1054,0.000758,74.125.24.0-255,4320,76817,64,146427
1055,0.00076,172.31.40.0-255,66,76883,64,146427
1056,0.000798,172.31.40.0-255,66,76949,64,146427
1057,0.00081,172.31.40.0-255,66,77015,64,146427
1058,0.000891,74.125.24.0-255,1484,78499,64,146427
1059,0.000896,74.125.24.0-255,2902,81401,64,146427
1060,0.000899,172.31.40.0-255,66,81467,64,146427
1061,0.000904,74.125.24.0-255,2902,84369,64,146427
1062,0.000906,172.31.40.0-255,66,84435,64,146427
1063,0.000922,74.125.24.0-255,2902,87337,64,146427
1064,0.000925,172.31.40.0-255,66,87403,64,146427
1065,0.000938,172.31.40.0-255,66,87469,64,146427
1066,0.000951,74.125.24.0-255,1484,88953,64,146427
1067,0.000956,74.125.24.0-255,4320,93273,64,146427
1068,0.000959,172.31.40.0-255,66,93339,64,146427
1069,0.000979,172.31.40.0-255,66,93405,64,146427
1070,0.00102,74.125.24.0-255,7156,100561,64,146427
1071,0.001023,172.31.40.0-255,66,100627,64,146427
1072,0.001052,172.31.40.0-255,66,100693,64,146427
1073,0.001065,172.31.40.0-255,66,100759,64,146427
1074,0.001096,74.125.24.0-255,4320,105079,64,146427
1075,0.001099,172.31.40.0-255,66,105145,64,146427
1076,0.001105,74.125.24.0-255,5738,110883,64,146427
1077,0.001108,172.31.40.0-255,66,110949,64,146427
1078,0.001127,172.31.40.0-255,66,111015,64,146427
1079,0.001136,74.125.24.0-255,1484,112499,64,146427
1080,0.00117,172.31.40.0-255,66,112565,64,146427
1081,0.001185,74.125.24.0-255,4320,116885,64,146427
1082,0.001199,172.31.40.0-255,66,116951,64,146427
1083,0.00124,74.125.24.0-255,2902,119853,64,146427
1084,0.001244,172.31.40.0-255,66,119919,64,146427
1085,0.001261,74.125.24.0-255,5738,125657,64,146427
1086,0.001276,172.31.40.0-255,66,125723,64,146427
1087,0.001304,74.125.24.0-255,5020,130743,64,146427
1088,0.00131,172.31.40.0-255,66,130809,64,146427
1089,0.001324,74.125.24.0-255,5738,136547,64,146427
1090,0.001359,74.125.24.0-255,5738,142285,64,146427
1091,0.001372,74.125.24.0-255,2184,144469,64,146427
1092,0.001378,172.31.40.0-255,66,144535,64,146427
1093,0.001396,74.125.24.0-255,1484,146019,64,146427
1094,0.001422,172.31.40.0-255,66,146085,64,146427
1095,0.001472,74.125.24.0-255,105,146190,64,146427
1096,0.001531,172.31.40.0-255,66,146256,64,146427
1097,0.009355,172.31.40.0-255,105,146361,64,146427
1098,0.011607,74.125.24.0-255,66,146427,64,146427
1099,0.0,74.125.24.0-255,158,158,64,151576
1100,1.6e-05,172.31.40.0-255,66,224,64,151576
1101,2.2e-05,74.125.24.0-255,1484,1708,64,151576
1102,2.7e-05,172.31.40.0-255,66,1774,64,151576
1103,3.2e-05,74.125.24.0-255,2902,4676,64,151576
1104,4.1e-05,172.31.40.0-255,66,4742,64,151576
1105,5e-05,74.125.24.0-255,7156,11898,64,151576
1106,5.4e-05,172.31.40.0-255,66,11964,64,151576
1107,6e-05,74.125.24.0-255,3354,15318,64,151576
1108,6.2e-05,172.31.40.0-255,66,15384,64,151576
1109,7.5e-05,172.31.40.0-255,66,15450,64,151576
1110,9.2e-05,74.125.24.0-255,2902,18352,64,151576
1111,0.0001,172.31.40.0-255,66,18418,64,151576
1112,0.000104,74.125.24.0-255,2543,20961,64,151576
1113,0.000107,172.31.40.0-255,66,21027,64,151576
1114,0.000134,74.125.24.0-255,2902,23929,64,151576
1115,0.000137,172.31.40.0-255,66,23995,64,151576
1116,0.000144,74.125.24.0-255,5738,29733,64,151576
1117,0.000146,172.31.40.0-255,66,29799,64,151576
1118,0.000186,74.125.24.0-255,1484,31283,64,151576
1119,0.000188,172.31.40.0-255,66,31349,64,151576
1120,0.000201,172.31.40.0-255,66,31415,64,151576
1121,0.000218,172.31.40.0-255,66,31481,64,151576
1122,0.000221,74.125.24.0-255,129,31610,64,151576
1123,0.000223,172.31.40.0-255,66,31676,64,151576
1124,0.000443,74.125.24.0-255,1484,33160,64,151576
1125,0.000448,172.31.40.0-255,66,33226,64,151576
1126,0.000455,74.125.24.0-255,2902,36128,64,151576
1127,0.000458,172.31.40.0-255,66,36194,64,151576
1128,0.00047,74.125.24.0-255,5738,41932,64,151576
1129,0.000473,172.31.40.0-255,66,41998,64,151576
1130,0.000527,172.31.40.0-255,66,42064,64,151576
1131,0.000566,172.31.40.0-255,66,42130,64,151576
1132,0.000569,74.125.24.0-255,346,42476,64,151576
1133,0.001182,74.125.24.0-255,1484,43960,64,151576
1134,0.001187,172.31.40.0-255,66,44026,64,151576
1135,0.001192,74.125.24.0-255,2902,46928,64,151576
1136,0.001194,172.31.40.0-255,66,46994,64,151576
1137,0.001199,74.125.24.0-255,2902,49896,64,151576
1138,0.001201,172.31.40.0-255,66,49962,64,151576
1139,0.00124,74.125.24.0-255,2902,52864,64,151576
1140,0.001243,172.31.40.0-255,66,52930,64,151576
1141,0.001255,172.31.40.0-255,66,52996,64,151576
1142,0.001274,172.31.40.0-255,66,53062,64,151576
1143,0.001305,74.125.24.0-255,2184,55246,64,151576
1144,0.001308,172.31.40.0-255,66,55312,64,151576
1145,0.001649,74.125.24.0-255,1484,56796,64,151576
1146,0.001672,74.125.24.0-255,2902,59698,64,151576
1147,0.001676,172.31.40.0-255,66,59764,64,151576
1148,0.00168,74.125.24.0-255,1484,61248,64,151576
1149,0.001715,74.125.24.0-255,4320,65568,64,151576
1150,0.001717,172.31.40.0-255,66,65634,64,151576
1151,0.00173,172.31.40.0-255,66,65700,64,151576
1152,0.001742,74.125.24.0-255,7156,72856,64,151576
1153,0.001744,172.31.40.0-255,66,72922,64,151576
1154,0.001772,74.125.24.0-255,5020,77942,64,151576
1155,0.001774,172.31.40.0-255,66,78008,64,151576
1156,0.004062,74.125.24.0-255,4320,82328,64,151576
1157,0.00407,172.31.40.0-255,66,82394,64,151576
1158,0.004096,74.125.24.0-255,1484,83878,64,151576
1159,0.006348,74.125.24.0-255,4320,88198,64,151576
1160,0.006351,172.31.40.0-255,66,88264,64,151576
1161,0.008615,74.125.24.0-255,5738,94002,64,151576
1162,0.008621,172.31.40.0-255,66,94068,64,151576
1163,0.010913,74.125.24.0-255,5738,99806,64,151576
1164,0.010921,172.31.40.0-255,66,99872,64,151576
1165,0.013203,74.125.24.0-255,5738,105610,64,151576
1166,0.01321,172.31.40.0-255,66,105676,64,151576
1167,0.015505,74.125.24.0-255,5738,111414,64,151576
1168,0.015512,172.31.40.0-255,66,111480,64,151576
1169,0.017816,74.125.24.0-255,5738,117218,64,151576
1170,0.017824,172.31.40.0-255,66,117284,64,151576
1171,0.020126,74.125.24.0-255,5738,123022,64,151576
1172,0.020136,172.31.40.0-255,66,123088,64,151576
1173,0.022416,74.125.24.0-255,5738,128826,64,151576
1174,0.022424,172.31.40.0-255,66,128892,64,151576
1175,0.024699,74.125.24.0-255,5738,134630,64,151576
1176,0.024708,172.31.40.0-255,66,134696,64,151576
1177,0.026965,74.125.24.0-255,5738,140434,64,151576
1178,0.026973,172.31.40.0-255,66,140500,64,151576
1179,0.027135,172.31.40.0-255,172,140672,64,151576
1180,0.027165,172.31.40.0-255,1111,141783,64,151576
1181,0.027229,172.31.40.0-255,1514,143297,64,151576
1182,0.027231,172.31.40.0-255,1514,144811,64,151576
1183,0.027232,172.31.40.0-255,697,145508,64,151576
1184,0.028696,104.244.42.0-255,66,145574,64,151576
1185,0.028883,104.244.42.0-255,66,145640,64,151576
1186,0.028889,104.244.42.0-255,66,145706,64,151576
1187,0.028892,104.244.42.0-255,66,145772,64,151576
1188,0.029233,74.125.24.0-255,5738,151510,64,151576
1189,0.02924,172.31.40.0-255,66,151576,64,151576
1190,0.0,74.125.24.0-255,153,153,64,159347
1191,2.3e-05,172.31.40.0-255,66,219,64,159347
1192,3e-05,74.125.24.0-255,1484,1703,64,159347
1193,3.5e-05,172.31.40.0-255,66,1769,64,159347
1194,4.1e-05,74.125.24.0-255,2902,4671,64,159347
1195,4.5e-05,172.31.40.0-255,66,4737,64,159347
1196,5.2e-05,74.125.24.0-255,7156,11893,64,159347
1197,5.5e-05,172.31.40.0-255,66,11959,64,159347
1198,5.9e-05,74.125.24.0-255,2000,13959,64,159347
1199,6.2e-05,172.31.40.0-255,66,14025,64,159347
1200,0.000188,74.125.24.0-255,1484,15509,64,159347
1201,0.000193,172.31.40.0-255,66,15575,64,159347
1202,0.000198,74.125.24.0-255,2902,18477,64,159347
1203,0.000201,172.31.40.0-255,66,18543,64,159347
1204,0.000228,74.125.24.0-255,5738,24281,64,159347
1205,0.00023,172.31.40.0-255,66,24347,64,159347
1206,0.000254,74.125.24.0-255,1484,25831,64,159347
1207,0.000256,172.31.40.0-255,66,25897,64,159347
1208,0.000276,74.125.24.0-255,5379,31276,64,159347
1209,0.000279,172.31.40.0-255,66,31342,64,159347
1210,0.000363,74.125.24.0-255,1484,32826,64,159347
1211,0.000366,172.31.40.0-255,66,32892,64,159347
1212,0.000372,74.125.24.0-255,2902,35794,64,159347
1213,0.000374,172.31.40.0-255,66,35860,64,159347
1214,0.000378,74.125.24.0-255,2902,38762,64,159347
1215,0.000381,172.31.40.0-255,66,38828,64,159347
1216,0.000402,74.125.24.0-255,2902,41730,64,159347
1217,0.000405,172.31.40.0-255,66,41796,64,159347
1218,0.00041,74.125.24.0-255,4320,46116,64,159347
1219,0.000413,172.31.40.0-255,66,46182,64,159347
1220,0.000434,172.31.40.0-255,66,46248,64,159347
1221,0.000465,74.125.24.0-255,5738,51986,64,159347
1222,0.000468,172.31.40.0-255,66,52052,64,159347
1223,0.00051,74.125.24.0-255,5685,57737,64,159347
1224,0.000513,172.31.40.0-255,66,57803,64,159347
1225,0.000516,74.125.24.0-255,113,57916,64,159347
1226,0.000614,74.125.24.0-255,1484,59400,64,159347
1227,0.000619,172.31.40.0-255,66,59466,64,159347
1228,0.000637,74.125.24.0-255,2902,62368,64,159347
1229,0.00064,172.31.40.0-255,66,62434,64,159347
1230,0.000645,74.125.24.0-255,4320,66754,64,159347
1231,0.000648,172.31.40.0-255,66,66820,64,159347
1232,0.000663,74.125.24.0-255,1484,68304,64,159347
1233,0.000669,74.125.24.0-255,4320,72624,64,159347
1234,0.000672,172.31.40.0-255,66,72690,64,159347
1235,0.000702,172.31.40.0-255,66,72756,64,159347
1236,0.000835,172.31.40.0-255,66,72822,64,159347
1237,0.002884,74.125.24.0-255,5738,78560,64,159347
1238,0.002894,172.31.40.0-255,66,78626,64,159347
1239,0.004968,74.125.24.0-255,5738,84364,64,159347
1240,0.004972,172.31.40.0-255,66,84430,64,159347
1241,0.007038,74.125.24.0-255,5738,90168,64,159347
1242,0.007046,172.31.40.0-255,66,90234,64,159347
1243,0.009167,74.125.24.0-255,5738,95972,64,159347
1244,0.009175,172.31.40.0-255,66,96038,64,159347
1245,0.011227,74.125.24.0-255,5738,101776,64,159347
1246,0.011235,172.31.40.0-255,66,101842,64,159347
1247,0.013291,74.125.24.0-255,5738,107580,64,159347
1248,0.013297,172.31.40.0-255,66,107646,64,159347
1249,0.015385,74.125.24.0-255,5738,113384,64,159347
1250,0.015393,172.31.40.0-255,66,113450,64,159347
1251,0.01751,74.125.24.0-255,5738,119188,64,159347
1252,0.017521,172.31.40.0-255,66,119254,64,159347
1253,0.019589,74.125.24.0-255,5738,124992,64,159347
1254,0.019597,172.31.40.0-255,66,125058,64,159347
1255,0.021645,74.125.24.0-255,5738,130796,64,159347
1256,0.021651,172.31.40.0-255,66,130862,64,159347
1257,0.022623,172.31.40.0-255,172,131034,64,159347
1258,0.022656,172.31.40.0-255,1111,132145,64,159347
1259,0.022715,172.31.40.0-255,1514,133659,64,159347
1260,0.022717,172.31.40.0-255,1514,135173,64,159347
1261,0.022718,172.31.40.0-255,694,135867,64,159347
1262,0.02371,74.125.24.0-255,5738,141605,64,159347
1263,0.023718,172.31.40.0-255,66,141671,64,159347
1264,0.024199,104.244.42.0-255,66,141737,64,159347
1265,0.02423,104.244.42.0-255,66,141803,64,159347
1266,0.024291,104.244.42.0-255,66,141869,64,159347
1267,0.024297,104.244.42.0-255,66,141935,64,159347
1268,0.025822,74.125.24.0-255,5738,147673,64,159347
1269,0.025829,172.31.40.0-255,66,147739,64,159347
1270,0.027904,74.125.24.0-255,5738,153477,64,159347
1271,0.027911,172.31.40.0-255,66,153543,64,159347
1272,0.02996,74.125.24.0-255,5738,159281,64,159347
1273,0.029967,172.31.40.0-255,66,159347,64,159347
1274,0.0,216.58.203.0-255,152,152,64,231350
1275,2.2e-05,172.31.40.0-255,66,218,64,231350
1276,5.4e-05,216.58.203.0-255,1484,1702,64,231350
1277,5.8e-05,172.31.40.0-255,66,1768,64,231350
1278,6.3e-05,216.58.203.0-255,2902,4670,64,231350
1279,6.5e-05,172.31.40.0-255,66,4736,64,231350
1280,7.1e-05,216.58.203.0-255,4320,9056,64,231350
1281,7.3e-05,172.31.40.0-255,66,9122,64,231350
1282,0.000105,216.58.203.0-255,5738,14860,64,231350
1283,0.000107,172.31.40.0-255,66,14926,64,231350
1284,0.000124,216.58.203.0-255,3486,18412,64,231350
1285,0.000126,172.31.40.0-255,66,18478,64,231350
1286,0.000131,216.58.203.0-255,4320,22798,64,231350
1287,0.000133,172.31.40.0-255,66,22864,64,231350
1288,0.000147,216.58.203.0-255,5738,28602,64,231350
1289,0.000149,172.31.40.0-255,66,28668,64,231350
1290,0.000168,216.58.203.0-255,2543,31211,64,231350
1291,0.00017,172.31.40.0-255,66,31277,64,231350
1292,0.000243,216.58.203.0-255,1484,32761,64,231350
1293,0.000246,172.31.40.0-255,66,32827,64,231350
1294,0.00025,216.58.203.0-255,2902,35729,64,231350
1295,0.000252,172.31.40.0-255,66,35795,64,231350
1296,0.000267,216.58.203.0-255,5738,41533,64,231350
1297,0.000269,172.31.40.0-255,66,41599,64,231350
1298,0.000298,216.58.203.0-255,6797,48396,64,231350
1299,0.0003,172.31.40.0-255,66,48462,64,231350
1300,0.000303,216.58.203.0-255,1484,49946,64,231350
1301,0.000304,172.31.40.0-255,66,50012,64,231350
1302,0.000341,172.31.40.0-255,66,50078,64,231350
1303,0.000344,216.58.203.0-255,2813,52891,64,231350
1304,0.000346,172.31.40.0-255,66,52957,64,231350
1305,0.000638,216.58.203.0-255,135,53092,64,231350
1306,0.000845,216.58.203.0-255,1484,54576,64,231350
1307,0.000849,172.31.40.0-255,66,54642,64,231350
1308,0.000855,216.58.203.0-255,2902,57544,64,231350
1309,0.000857,172.31.40.0-255,66,57610,64,231350
1310,0.000876,216.58.203.0-255,4320,61930,64,231350
1311,0.000879,172.31.40.0-255,66,61996,64,231350
1312,0.000893,216.58.203.0-255,1484,63480,64,231350
1313,0.000927,216.58.203.0-255,1484,64964,64,231350
1314,0.00093,172.31.40.0-255,66,65030,64,231350
1315,0.000943,216.58.203.0-255,2902,67932,64,231350
1316,0.000945,172.31.40.0-255,66,67998,64,231350
1317,0.000966,216.58.203.0-255,1484,69482,64,231350
1318,0.000989,216.58.203.0-255,5379,74861,64,231350
1319,0.000992,172.31.40.0-255,66,74927,64,231350
1320,0.000997,216.58.203.0-255,4320,79247,64,231350
1321,0.000999,172.31.40.0-255,66,79313,64,231350
1322,0.001025,216.58.203.0-255,2902,82215,64,231350
1323,0.001028,172.31.40.0-255,66,82281,64,231350
1324,0.001043,216.58.203.0-255,5379,87660,64,231350
1325,0.001045,172.31.40.0-255,66,87726,64,231350
1326,0.00128,216.58.203.0-255,1484,89210,64,231350
1327,0.001285,216.58.203.0-255,2902,92112,64,231350
1328,0.001291,172.31.40.0-255,66,92178,64,231350
1329,0.001313,216.58.203.0-255,5738,97916,64,231350
1330,0.001315,172.31.40.0-255,66,97982,64,231350
1331,0.001323,216.58.203.0-255,7156,105138,64,231350
1332,0.001325,172.31.40.0-255,66,105204,64,231350
1333,0.001346,216.58.203.0-255,5738,110942,64,231350
1334,0.001348,172.31.40.0-255,66,111008,64,231350
1335,0.00136,172.31.40.0-255,66,111074,64,231350
1336,0.001433,216.58.203.0-255,1484,112558,64,231350
1337,0.001446,216.58.203.0-255,2902,115460,64,231350
1338,0.00145,172.31.40.0-255,66,115526,64,231350
1339,0.001478,216.58.203.0-255,1484,117010,64,231350
1340,0.001482,216.58.203.0-255,1484,118494,64,231350
1341,0.001484,172.31.40.0-255,66,118560,64,231350
1342,0.001497,216.58.203.0-255,1484,120044,64,231350
1343,0.001501,216.58.203.0-255,2902,122946,64,231350
1344,0.001503,172.31.40.0-255,66,123012,64,231350
1345,0.001525,216.58.203.0-255,2902,125914,64,231350
1346,0.001528,172.31.40.0-255,66,125980,64,231350
1347,0.001542,172.31.40.0-255,66,126046,64,231350
1348,0.001549,216.58.203.0-255,6438,132484,64,231350
1349,0.001552,172.31.40.0-255,66,132550,64,231350
1350,0.003178,216.58.203.0-255,5738,138288,64,231350
1351,0.003185,172.31.40.0-255,66,138354,64,231350
1352,0.004814,216.58.203.0-255,5738,144092,64,231350
1353,0.004816,172.31.40.0-255,66,144158,64,231350
1354,0.006436,216.58.203.0-255,5738,149896,64,231350
1355,0.006439,172.31.40.0-255,66,149962,64,231350
1356,0.008062,216.58.203.0-255,2902,152864,64,231350
1357,0.008068,172.31.40.0-255,66,152930,64,231350
1358,0.008091,216.58.203.0-255,2902,155832,64,231350
1359,0.008095,172.31.40.0-255,66,155898,64,231350
1360,0.009704,216.58.203.0-255,5738,161636,64,231350
1361,0.009711,172.31.40.0-255,66,161702,64,231350
1362,0.01134,216.58.203.0-255,5738,167440,64,231350
1363,0.011346,172.31.40.0-255,66,167506,64,231350
1364,0.012974,216.58.203.0-255,5738,173244,64,231350
1365,0.012982,172.31.40.0-255,66,173310,64,231350
1366,0.014612,216.58.203.0-255,5738,179048,64,231350
1367,0.01462,172.31.40.0-255,66,179114,64,231350
1368,0.016249,216.58.203.0-255,5738,184852,64,231350
1369,0.016256,172.31.40.0-255,66,184918,64,231350
1370,0.017885,216.58.203.0-255,5738,190656,64,231350
1371,0.017893,172.31.40.0-255,66,190722,64,231350
1372,0.019561,216.58.203.0-255,5738,196460,64,231350
1373,0.019568,172.31.40.0-255,66,196526,64,231350
1374,0.021191,216.58.203.0-255,5738,202264,64,231350
1375,0.021197,172.31.40.0-255,66,202330,64,231350
1376,0.022828,216.58.203.0-255,5738,208068,64,231350
1377,0.022834,172.31.40.0-255,66,208134,64,231350
1378,0.024466,216.58.203.0-255,5738,213872,64,231350
1379,0.024473,172.31.40.0-255,66,213938,64,231350
1380,0.026118,216.58.203.0-255,5738,219676,64,231350
1381,0.026125,172.31.40.0-255,66,219742,64,231350
1382,0.027755,216.58.203.0-255,5738,225480,64,231350
1383,0.027768,172.31.40.0-255,66,225546,64,231350
1384,0.029412,216.58.203.0-255,5738,231284,64,231350
1385,0.029421,172.31.40.0-255,66,231350,64,231350
1386,0.0,74.125.68.0-255,143,143,64,228922
1387,2.1e-05,172.31.40.0-255,66,209,64,228922
1388,2.8e-05,74.125.68.0-255,1484,1693,64,228922
1389,3.3e-05,172.31.40.0-255,66,1759,64,228922
1390,4.6e-05,74.125.68.0-255,2902,4661,64,228922
1391,4.9e-05,172.31.40.0-255,66,4727,64,228922
1392,8.7e-05,74.125.68.0-255,5738,10465,64,228922
1393,9e-05,172.31.40.0-255,66,10531,64,228922
1394,0.000119,74.125.68.0-255,3518,14049,64,228922
1395,0.000122,172.31.40.0-255,66,14115,64,228922
1396,0.000195,74.125.68.0-255,1484,15599,64,228922
1397,0.000199,172.31.40.0-255,66,15665,64,228922
1398,0.000223,74.125.68.0-255,2902,18567,64,228922
1399,0.000226,172.31.40.0-255,66,18633,64,228922
1400,0.000238,74.125.68.0-255,1484,20117,64,228922
1401,0.00024,172.31.40.0-255,66,20183,64,228922
1402,0.000259,74.125.68.0-255,2902,23085,64,228922
1403,0.000261,172.31.40.0-255,66,23151,64,228922
1404,0.000285,74.125.68.0-255,7156,30307,64,228922
1405,0.000288,172.31.40.0-255,66,30373,64,228922
1406,0.000338,74.125.68.0-255,1125,31498,64,228922
1407,0.000341,172.31.40.0-255,66,31564,64,228922
1408,0.000344,74.125.68.0-255,1484,33048,64,228922
1409,0.000346,172.31.40.0-255,66,33114,64,228922
1410,0.000352,74.125.68.0-255,4320,37434,64,228922
1411,0.000355,172.31.40.0-255,66,37500,64,228922
1412,0.000376,74.125.68.0-255,2902,40402,64,228922
1413,0.000378,172.31.40.0-255,66,40468,64,228922
1414,0.00041,74.125.68.0-255,4320,44788,64,228922
1415,0.000413,172.31.40.0-255,66,44854,64,228922
1416,0.000417,74.125.68.0-255,1484,46338,64,228922
1417,0.000419,172.31.40.0-255,66,46404,64,228922
1418,0.000435,74.125.68.0-255,2543,48947,64,228922
1419,0.00052,74.125.68.0-255,1484,50431,64,228922
1420,0.00054,74.125.68.0-255,2902,53333,64,228922
1421,0.000566,74.125.68.0-255,5738,59071,64,228922
1422,0.00057,74.125.68.0-255,1484,60555,64,228922
1423,0.000631,74.125.68.0-255,5379,65934,64,228922
1424,0.000658,172.31.40.0-255,66,66000,64,228922
1425,0.000714,74.125.68.0-255,1484,67484,64,228922
1426,0.000739,74.125.68.0-255,2902,70386,64,228922
1427,0.000759,74.125.68.0-255,5738,76124,64,228922
1428,0.000765,172.31.40.0-255,66,76190,64,228922
1429,0.000778,74.125.68.0-255,4320,80510,64,228922
1430,0.000801,74.125.68.0-255,1484,81994,64,228922
1431,0.000806,172.31.40.0-255,66,82060,64,228922
1432,0.000835,74.125.68.0-255,3123,85183,64,228922
1433,0.000841,74.125.68.0-255,4320,89503,64,228922
1434,0.000852,172.31.40.0-255,66,89569,64,228922
1435,0.000863,74.125.68.0-255,5738,95307,64,228922
1436,0.000883,74.125.68.0-255,5379,100686,64,228922
1437,0.000894,172.31.40.0-255,66,100752,64,228922
1438,0.0014,74.125.68.0-255,1484,102236,64,228922
1439,0.001414,74.125.68.0-255,2902,105138,64,228922
1440,0.001418,172.31.40.0-255,66,105204,64,228922
1441,0.001456,74.125.68.0-255,5738,110942,64,228922
1442,0.001463,74.125.68.0-255,5738,116680,64,228922
1443,0.001474,74.125.68.0-255,2902,119582,64,228922
1444,0.001477,172.31.40.0-255,66,119648,64,228922
1445,0.001505,74.125.68.0-255,4320,123968,64,228922
1446,0.001508,172.31.40.0-255,66,124034,64,228922
1447,0.001512,172.31.40.0-255,66,124100,64,228922
1448,0.00154,74.125.68.0-255,5738,129838,64,228922
1449,0.001543,74.125.68.0-255,1484,131322,64,228922
1450,0.001547,74.125.68.0-255,2902,134224,64,228922
1451,0.00155,74.125.68.0-255,766,134990,64,228922
1452,0.001556,172.31.40.0-255,66,135056,64,228922
1453,0.001658,74.125.68.0-255,1484,136540,64,228922
1454,0.001678,74.125.68.0-255,2902,139442,64,228922
1455,0.001694,74.125.68.0-255,4320,143762,64,228922
1456,0.001709,74.125.68.0-255,1484,145246,64,228922
1457,0.001713,74.125.68.0-255,2902,148148,64,228922
1458,0.001717,172.31.40.0-255,66,148214,64,228922
1459,0.001724,172.31.40.0-255,66,148280,64,228922
1460,0.001743,74.125.68.0-255,2902,151182,64,228922
1461,0.001751,74.125.68.0-255,7156,158338,64,228922
1462,0.001775,74.125.68.0-255,4320,162658,64,228922
1463,0.00179,74.125.68.0-255,4320,166978,64,228922
1464,0.001796,172.31.40.0-255,66,167044,64,228922
1465,0.001826,74.125.68.0-255,2184,169228,64,228922
1466,0.00184,172.31.40.0-255,66,169294,64,228922
1467,0.002513,74.125.68.0-255,1484,170778,64,228922
1468,0.00429,74.125.68.0-255,1484,172262,64,228922
1469,0.004297,172.31.40.0-255,66,172328,64,228922
1470,0.004334,74.125.68.0-255,2902,175230,64,228922
1471,0.006801,74.125.68.0-255,2902,178132,64,228922
1472,0.007978,172.31.40.0-255,66,178198,64,228922
1473,0.010482,74.125.68.0-255,5738,183936,64,228922
1474,0.01049,172.31.40.0-255,66,184002,64,228922
1475,0.012995,74.125.68.0-255,5738,189740,64,228922
1476,0.013003,172.31.40.0-255,66,189806,64,228922
1477,0.015526,74.125.68.0-255,5738,195544,64,228922
1478,0.016151,172.31.40.0-255,66,195610,64,228922
1479,0.01867,74.125.68.0-255,5738,201348,64,228922
1480,0.01868,172.31.40.0-255,66,201414,64,228922
1481,0.021194,74.125.68.0-255,5738,207152,64,228922
1482,0.021207,172.31.40.0-255,66,207218,64,228922
1483,0.023725,74.125.68.0-255,5738,212956,64,228922
1484,0.023738,172.31.40.0-255,66,213022,64,228922
1485,0.026308,74.125.68.0-255,5738,218760,64,228922
1486,0.026317,172.31.40.0-255,66,218826,64,228922
1487,0.028137,172.31.40.0-255,172,218998,64,228922
1488,0.02817,172.31.40.0-255,1113,220111,64,228922
1489,0.028229,172.31.40.0-255,1514,221625,64,228922
1490,0.02823,172.31.40.0-255,1295,222920,64,228922
1491,0.028827,74.125.68.0-255,5738,228658,64,228922
1492,0.028834,172.31.40.0-255,66,228724,64,228922
1493,0.029687,104.244.42.0-255,66,228790,64,228922
1494,0.029728,104.244.42.0-255,66,228856,64,228922
1495,0.029776,104.244.42.0-255,66,228922,64,228922
1496,0.0,172.217.194.0-255,153,153,64,263403
1497,2.3e-05,172.31.40.0-255,66,219,64,263403
1498,3e-05,172.217.194.0-255,1484,1703,64,263403
1499,3.4e-05,172.31.40.0-255,66,1769,64,263403
1500,4e-05,172.217.194.0-255,2902,4671,64,263403
1501,4.3e-05,172.31.40.0-255,66,4737,64,263403
1502,5.1e-05,172.217.194.0-255,7156,11893,64,263403
1503,5.3e-05,172.31.40.0-255,66,11959,64,263403
1504,6e-05,172.217.194.0-255,6419,18378,64,263403
1505,6.3e-05,172.31.40.0-255,66,18444,64,263403
1506,6.8e-05,172.217.194.0-255,4320,22764,64,263403
1507,7.1e-05,172.31.40.0-255,66,22830,64,263403
1508,9.6e-05,172.217.194.0-255,2902,25732,64,263403
1509,9.9e-05,172.31.40.0-255,66,25798,64,263403
1510,0.000105,172.217.194.0-255,5379,31177,64,263403
1511,0.000108,172.31.40.0-255,66,31243,64,263403
1512,0.000187,172.217.194.0-255,1484,32727,64,263403
1513,0.000191,172.31.40.0-255,66,32793,64,263403
1514,0.000197,172.217.194.0-255,2902,35695,64,263403
1515,0.000199,172.31.40.0-255,66,35761,64,263403
1516,0.000233,172.217.194.0-255,5738,41499,64,263403
1517,0.000236,172.31.40.0-255,66,41565,64,263403
1518,0.000249,172.217.194.0-255,1484,43049,64,263403
1519,0.000251,172.31.40.0-255,66,43115,64,263403
1520,0.000277,172.31.40.0-255,66,43181,64,263403
1521,0.000324,172.31.40.0-255,66,43247,64,263403
1522,0.000354,172.217.194.0-255,1484,44731,64,263403
1523,0.000356,172.31.40.0-255,66,44797,64,263403
1524,0.000361,172.217.194.0-255,2902,47699,64,263403
1525,0.000363,172.31.40.0-255,66,47765,64,263403
1526,0.000382,172.217.194.0-255,5738,53503,64,263403
1527,0.000385,172.31.40.0-255,66,53569,64,263403
1528,0.000403,172.217.194.0-255,2902,56471,64,263403
1529,0.000406,172.31.40.0-255,66,56537,64,263403
1530,0.000429,172.217.194.0-255,3992,60529,64,263403
1531,0.000432,172.31.40.0-255,66,60595,64,263403
1532,0.000439,172.217.194.0-255,7156,67751,64,263403
1533,0.000442,172.31.40.0-255,66,67817,64,263403
1534,0.000476,172.31.40.0-255,66,67883,64,263403
1535,0.000712,172.217.194.0-255,1484,69367,64,263403
1536,0.000717,172.31.40.0-255,66,69433,64,263403
1537,0.000722,172.217.194.0-255,2902,72335,64,263403
1538,0.000724,172.31.40.0-255,66,72401,64,263403
1539,0.00073,172.217.194.0-255,4320,76721,64,263403
1540,0.000733,172.31.40.0-255,66,76787,64,263403
1541,0.000755,172.217.194.0-255,1484,78271,64,263403
1542,0.000757,172.31.40.0-255,66,78337,64,263403
1543,0.00076,172.217.194.0-255,1484,79821,64,263403
1544,0.000762,172.31.40.0-255,66,79887,64,263403
1545,0.000779,172.217.194.0-255,7156,87043,64,263403
1546,0.000797,172.217.194.0-255,5379,92422,64,263403
1547,0.000801,172.31.40.0-255,66,92488,64,263403
1548,0.000812,172.217.194.0-255,2902,95390,64,263403
1549,0.000822,172.31.40.0-255,66,95456,64,263403
1550,0.000829,172.217.194.0-255,6797,102253,64,263403
1551,0.000857,172.217.194.0-255,1484,103737,64,263403
1552,0.000862,172.217.194.0-255,2902,106639,64,263403
1553,0.000868,172.31.40.0-255,66,106705,64,263403
1554,0.00089,172.217.194.0-255,5738,112443,64,263403
1555,0.000895,172.217.194.0-255,2902,115345,64,263403
1556,0.000916,172.31.40.0-255,66,115411,64,263403
1557,0.000947,172.31.40.0-255,66,115477,64,263403
1558,0.000965,172.217.194.0-255,5738,121215,64,263403
1559,0.001,172.31.40.0-255,66,121281,64,263403
1560,0.001005,172.31.40.0-255,66,121347,64,263403
1561,0.001037,172.31.40.0-255,66,121413,64,263403
1562,0.00106,172.217.194.0-255,2902,124315,64,263403
1563,0.001068,172.31.40.0-255,66,124381,64,263403
1564,0.001078,172.217.194.0-255,1484,125865,64,263403
1565,0.001117,172.217.194.0-255,7156,133021,64,263403
1566,0.00113,172.217.194.0-255,3602,136623,64,263403
1567,0.001137,172.31.40.0-255,66,136689,64,263403
1568,0.001343,172.217.194.0-255,1484,138173,64,263403
1569,0.001368,172.217.194.0-255,2902,141075,64,263403
1570,0.001375,172.31.40.0-255,66,141141,64,263403
1571,0.001383,172.217.194.0-255,2902,144043,64,263403
1572,0.001388,172.31.40.0-255,66,144109,64,263403
1573,0.001399,172.217.194.0-255,2902,147011,64,263403
1574,0.001417,172.31.40.0-255,66,147077,64,263403
1575,0.001427,172.217.194.0-255,4320,151397,64,263403
1576,0.001445,172.217.194.0-255,5738,157135,64,263403
1577,0.001449,172.31.40.0-255,66,157201,64,263403
1578,0.001458,172.217.194.0-255,1484,158685,64,263403
1579,0.001478,172.217.194.0-255,4320,163005,64,263403
1580,0.00149,172.31.40.0-255,66,163071,64,263403
1581,0.001509,172.217.194.0-255,1484,164555,64,263403
1582,0.001531,172.217.194.0-255,6438,170993,64,263403
1583,0.001537,172.31.40.0-255,66,171059,64,263403
1584,0.001745,172.217.194.0-255,1484,172543,64,263403
1585,0.001762,172.217.194.0-255,2902,175445,64,263403
1586,0.001765,172.31.40.0-255,66,175511,64,263403
1587,0.001781,172.217.194.0-255,5738,181249,64,263403
1588,0.001791,172.31.40.0-255,66,181315,64,263403
1589,0.0018,172.217.194.0-255,1484,182799,64,263403
1590,0.001832,172.217.194.0-255,4320,187119,64,263403
1591,0.00188,172.217.194.0-255,1484,188603,64,263403
1592,0.001883,172.31.40.0-255,66,188669,64,263403
1593,0.001907,172.217.194.0-255,5020,193689,64,263403
1594,0.001914,172.31.40.0-255,66,193755,64,263403
1595,0.003961,172.217.194.0-255,5738,199493,64,263403
1596,0.003969,172.31.40.0-255,66,199559,64,263403
1597,0.006046,172.217.194.0-255,5738,205297,64,263403
1598,0.008139,172.31.40.0-255,66,205363,64,263403
1599,0.010206,172.217.194.0-255,5738,211101,64,263403
1600,0.010213,172.31.40.0-255,66,211167,64,263403
1601,0.012267,172.217.194.0-255,5738,216905,64,263403
1602,0.012275,172.31.40.0-255,66,216971,64,263403
1603,0.014339,172.217.194.0-255,5738,222709,64,263403
1604,0.014348,172.31.40.0-255,66,222775,64,263403
1605,0.016411,172.217.194.0-255,5738,228513,64,263403
1606,0.016419,172.31.40.0-255,66,228579,64,263403
1607,0.018448,172.217.194.0-255,5738,234317,64,263403
1608,0.018456,172.31.40.0-255,66,234383,64,263403
1609,0.020552,172.217.194.0-255,5738,240121,64,263403
1610,0.020562,172.31.40.0-255,66,240187,64,263403
1611,0.022623,172.217.194.0-255,5738,245925,64,263403
1612,0.022633,172.31.40.0-255,66,245991,64,263403
1613,0.024716,172.217.194.0-255,5738,251729,64,263403
1614,0.024724,172.31.40.0-255,66,251795,64,263403
1615,0.026818,172.217.194.0-255,5738,257533,64,263403
1616,0.02683,172.31.40.0-255,66,257599,64,263403
1617,0.02891,172.217.194.0-255,5738,263337,64,263403
1618,0.028921,172.31.40.0-255,66,263403,64,263403
1619,0.0,172.31.40.0-255,105,105,64,459
1620,0.00021,172.31.40.0-255,90,195,64,459
1621,0.00022,172.31.40.0-255,66,261,64,459
1622,0.002479,74.125.68.0-255,66,327,64,459
1623,0.0025,74.125.68.0-255,66,393,64,459
1624,0.002515,172.31.40.0-255,66,459,64,459
1625,0.0,74.125.24.0-255,152,152,64,227951
1626,1.4e-05,172.31.40.0-255,66,218,64,227951
1627,2.1e-05,74.125.24.0-255,1484,1702,64,227951
1628,2.4e-05,172.31.40.0-255,66,1768,64,227951
1629,2.7e-05,74.125.24.0-255,1484,3252,64,227951
1630,3e-05,172.31.40.0-255,66,3318,64,227951
1631,4.8e-05,74.125.24.0-255,1484,4802,64,227951
1632,5e-05,172.31.40.0-255,66,4868,64,227951
1633,6e-05,74.125.24.0-255,7156,12024,64,227951
1634,6.2e-05,172.31.40.0-255,66,12090,64,227951
1635,0.000101,172.31.40.0-255,66,12156,64,227951
1636,0.000128,172.31.40.0-255,66,12222,64,227951
1637,0.000213,74.125.24.0-255,1484,13706,64,227951
1638,0.000216,172.31.40.0-255,66,13772,64,227951
1639,0.00022,74.125.24.0-255,1484,15256,64,227951
1640,0.000222,172.31.40.0-255,66,15322,64,227951
1641,0.000237,74.125.24.0-255,1484,16806,64,227951
1642,0.000239,172.31.40.0-255,66,16872,64,227951
1643,0.000245,74.125.24.0-255,5738,22610,64,227951
1644,0.000248,172.31.40.0-255,66,22676,64,227951
1645,0.000253,74.125.24.0-255,4320,26996,64,227951
1646,0.000256,172.31.40.0-255,66,27062,64,227951
1647,0.000294,74.125.24.0-255,4320,31382,64,227951
1648,0.000296,172.31.40.0-255,66,31448,64,227951
1649,0.000323,172.31.40.0-255,66,31514,64,227951
1650,0.000329,74.125.24.0-255,5738,37252,64,227951
1651,0.000332,172.31.40.0-255,66,37318,64,227951
1652,0.000389,74.125.24.0-255,1469,38787,64,227951
1653,0.000392,172.31.40.0-255,66,38853,64,227951
1654,0.000467,74.125.24.0-255,1484,40337,64,227951
1655,0.000482,74.125.24.0-255,2902,43239,64,227951
1656,0.000485,172.31.40.0-255,66,43305,64,227951
1657,0.000511,74.125.24.0-255,5738,49043,64,227951
1658,0.000514,172.31.40.0-255,66,49109,64,227951
1659,0.000521,74.125.24.0-255,5738,54847,64,227951
1660,0.000523,172.31.40.0-255,66,54913,64,227951
1661,0.000531,172.31.40.0-255,101,55014,64,227951
1662,0.000551,74.125.24.0-255,5738,60752,64,227951
1663,0.000555,172.31.40.0-255,66,60818,64,227951
1664,0.000588,172.31.40.0-255,66,60884,64,227951
1665,0.000593,74.125.24.0-255,4216,65100,64,227951
1666,0.000596,172.31.40.0-255,66,65166,64,227951
1667,0.000725,74.125.24.0-255,1484,66650,64,227951
1668,0.000731,74.125.24.0-255,2902,69552,64,227951
1669,0.000735,172.31.40.0-255,66,69618,64,227951
1670,0.000758,74.125.24.0-255,5738,75356,64,227951
1671,0.000761,172.31.40.0-255,66,75422,64,227951
1672,0.000767,74.125.24.0-255,5738,81160,64,227951
1673,0.000769,172.31.40.0-255,66,81226,64,227951
1674,0.000792,74.125.24.0-255,4320,85546,64,227951
1675,0.000795,172.31.40.0-255,66,85612,64,227951
1676,0.000823,172.31.40.0-255,66,85678,64,227951
1677,0.000829,74.125.24.0-255,5020,90698,64,227951
1678,0.000831,172.31.40.0-255,66,90764,64,227951
1679,0.000865,74.125.24.0-255,1484,92248,64,227951
1680,0.000885,74.125.24.0-255,2902,95150,64,227951
1681,0.000888,172.31.40.0-255,66,95216,64,227951
1682,0.000892,74.125.24.0-255,2902,98118,64,227951
1683,0.000894,172.31.40.0-255,66,98184,64,227951
1684,0.000914,74.125.24.0-255,2902,101086,64,227951
1685,0.000916,172.31.40.0-255,66,101152,64,227951
1686,0.000921,74.125.24.0-255,4320,105472,64,227951
1687,0.000923,172.31.40.0-255,66,105538,64,227951
1688,0.000947,74.125.24.0-255,7156,112694,64,227951
1689,0.000951,172.31.40.0-255,66,112760,64,227951
1690,0.00098,172.31.40.0-255,66,112826,64,227951
1691,0.001191,74.125.24.0-255,1484,114310,64,227951
1692,0.001198,74.125.24.0-255,2902,117212,64,227951
1693,0.001202,172.31.40.0-255,66,117278,64,227951
1694,0.001241,74.125.24.0-255,2902,120180,64,227951
1695,0.001244,172.31.40.0-255,66,120246,64,227951
1696,0.001265,74.125.24.0-255,2902,123148,64,227951
1697,0.001269,172.31.40.0-255,66,123214,64,227951
1698,0.001273,74.125.24.0-255,2902,126116,64,227951
1699,0.001275,172.31.40.0-255,66,126182,64,227951
1700,0.001287,172.31.40.0-255,66,126248,64,227951
1701,0.001298,172.31.40.0-255,66,126314,64,227951
1702,0.001311,74.125.24.0-255,2184,128498,64,227951
1703,0.001313,172.31.40.0-255,66,128564,64,227951
1704,0.001379,74.125.24.0-255,1484,130048,64,227951
1705,0.001384,74.125.24.0-255,1484,131532,64,227951
1706,0.001387,172.31.40.0-255,66,131598,64,227951
1707,0.001403,74.125.24.0-255,1484,133082,64,227951
1708,0.00141,74.125.24.0-255,5738,138820,64,227951
1709,0.001413,172.31.40.0-255,66,138886,64,227951
1710,0.001419,74.125.24.0-255,7156,146042,64,227951
1711,0.001422,172.31.40.0-255,66,146108,64,227951
1712,0.00146,172.31.40.0-255,66,146174,64,227951
1713,0.001464,74.125.24.0-255,2184,148358,64,227951
1714,0.001466,172.31.40.0-255,66,148424,64,227951
1715,0.001507,74.125.24.0-255,2902,151326,64,227951
1716,0.00151,172.31.40.0-255,66,151392,64,227951
1717,0.001513,74.125.24.0-255,1484,152876,64,227951
1718,0.001533,74.125.24.0-255,2902,155778,64,227951
1719,0.001536,172.31.40.0-255,66,155844,64,227951
1720,0.001551,172.31.40.0-255,66,155910,64,227951
1721,0.001576,74.125.24.0-255,7156,163066,64,227951
1722,0.00158,172.31.40.0-255,66,163132,64,227951
1723,0.00161,172.31.40.0-255,66,163198,64,227951
1724,0.001721,74.125.24.0-255,1484,164682,64,227951
1725,0.001727,74.125.24.0-255,1484,166166,64,227951
1726,0.00173,172.31.40.0-255,66,166232,64,227951
1727,0.001753,74.125.24.0-255,1484,167716,64,227951
1728,0.001759,74.125.24.0-255,5738,173454,64,227951
1729,0.001763,172.31.40.0-255,66,173520,64,227951
1730,0.00177,74.125.24.0-255,7156,180676,64,227951
1731,0.001772,172.31.40.0-255,66,180742,64,227951
1732,0.001815,172.31.40.0-255,66,180808,64,227951
1733,0.001819,74.125.24.0-255,2184,182992,64,227951
1734,0.001821,172.31.40.0-255,66,183058,64,227951
1735,0.001886,74.125.24.0-255,1484,184542,64,227951
1736,0.001901,74.125.24.0-255,2902,187444,64,227951
1737,0.001905,172.31.40.0-255,66,187510,64,227951
1738,0.001908,74.125.24.0-255,1484,188994,64,227951
1739,0.001927,74.125.24.0-255,4320,193314,64,227951
1740,0.00193,172.31.40.0-255,66,193380,64,227951
1741,0.001946,74.125.24.0-255,4320,197700,64,227951
1742,0.001948,172.31.40.0-255,66,197766,64,227951
1743,0.001973,172.31.40.0-255,66,197832,64,227951
1744,0.001985,172.31.40.0-255,66,197898,64,227951
1745,0.002033,74.125.24.0-255,1484,199382,64,227951
1746,0.00204,74.125.24.0-255,2902,202284,64,227951
1747,0.002042,172.31.40.0-255,66,202350,64,227951
1748,0.002049,74.125.24.0-255,5738,208088,64,227951
1749,0.002052,172.31.40.0-255,66,208154,64,227951
1750,0.002091,172.31.40.0-255,66,208220,64,227951
1751,0.002094,74.125.24.0-255,1484,209704,64,227951
1752,0.002107,172.31.40.0-255,66,209770,64,227951
1753,0.002178,172.31.40.0-255,66,209836,64,227951
1754,0.00219,172.31.40.0-255,66,209902,64,227951
1755,0.002208,74.125.24.0-255,3602,213504,64,227951
1756,0.002211,172.31.40.0-255,66,213570,64,227951
1757,0.00249,74.125.24.0-255,66,213636,64,227951
1758,0.00269,74.125.24.0-255,1484,215120,64,227951
1759,0.002708,74.125.24.0-255,2902,218022,64,227951
1760,0.002712,172.31.40.0-255,66,218088,64,227951
1761,0.002716,74.125.24.0-255,1484,219572,64,227951
1762,0.002732,74.125.24.0-255,2594,222166,64,227951
1763,0.002734,172.31.40.0-255,66,222232,64,227951
1764,0.002776,74.125.24.0-255,105,222337,64,227951
1765,0.008455,172.31.40.0-255,105,222442,64,227951
1766,0.01621,74.125.24.0-255,66,222508,64,227951
1767,0.027292,172.31.40.0-255,167,222675,64,227951
1768,0.027326,172.31.40.0-255,1112,223787,64,227951
1769,0.027388,172.31.40.0-255,1514,225301,64,227951
1770,0.027389,172.31.40.0-255,1514,226815,64,227951
1771,0.02739,172.31.40.0-255,698,227513,64,227951
1772,0.028798,104.244.42.0-255,66,227579,64,227951
1773,0.028826,104.244.42.0-255,66,227645,64,227951
1774,0.028898,104.244.42.0-255,66,227711,64,227951
1775,0.028912,104.244.42.0-255,66,227777,64,227951
1776,0.029495,104.244.42.0-255,108,227885,64,227951
1777,0.029501,172.31.40.0-255,66,227951,64,227951
1778,0.0,172.31.40.0-255,105,105,64,459
1779,0.000233,172.31.40.0-255,90,195,64,459
1780,0.000244,172.31.40.0-255,66,261,64,459
1781,0.002503,74.125.68.0-255,66,327,64,459
1782,0.002525,74.125.68.0-255,66,393,64,459
1783,0.002543,172.31.40.0-255,66,459,64,459
1784,0.0,74.125.24.0-255,150,150,64,201183
1785,1.9e-05,172.31.40.0-255,66,216,64,201183
1786,2.7e-05,74.125.24.0-255,1484,1700,64,201183
1787,3.2e-05,172.31.40.0-255,66,1766,64,201183
1788,3.8e-05,74.125.24.0-255,2902,4668,64,201183
1789,4.1e-05,172.31.40.0-255,66,4734,64,201183
1790,4.9e-05,74.125.24.0-255,7156,11890,64,201183
1791,5.2e-05,172.31.40.0-255,66,11956,64,201183
1792,5.6e-05,74.125.24.0-255,2100,14056,64,201183
1793,5.9e-05,172.31.40.0-255,66,14122,64,201183
1794,0.000252,74.125.24.0-255,1484,15606,64,201183
1795,0.000257,172.31.40.0-255,66,15672,64,201183
1796,0.000262,74.125.24.0-255,2902,18574,64,201183
1797,0.000265,172.31.40.0-255,66,18640,64,201183
1798,0.000269,74.125.24.0-255,2902,21542,64,201183
1799,0.000272,172.31.40.0-255,66,21608,64,201183
1800,0.000293,74.125.24.0-255,2902,24510,64,201183
1801,0.000296,172.31.40.0-255,66,24576,64,201183
1802,0.000312,74.125.24.0-255,2902,27478,64,201183
1803,0.000314,172.31.40.0-255,66,27544,64,201183
1804,0.000338,74.125.24.0-255,3961,31505,64,201183
1805,0.000341,172.31.40.0-255,66,31571,64,201183
1806,0.000524,74.125.24.0-255,1484,33055,64,201183
1807,0.000529,172.31.40.0-255,66,33121,64,201183
1808,0.000534,74.125.24.0-255,2902,36023,64,201183
1809,0.000537,172.31.40.0-255,66,36089,64,201183
1810,0.000543,74.125.24.0-255,5738,41827,64,201183
1811,0.000545,172.31.40.0-255,66,41893,64,201183
1812,0.000571,74.125.24.0-255,4320,46213,64,201183
1813,0.000574,172.31.40.0-255,66,46279,64,201183
1814,0.000592,74.125.24.0-255,2543,48822,64,201183
1815,0.000595,172.31.40.0-255,66,48888,64,201183
1816,0.00065,74.125.24.0-255,1484,50372,64,201183
1817,0.000654,74.125.24.0-255,1484,51856,64,201183
1818,0.000657,172.31.40.0-255,66,51922,64,201183
1819,0.000676,74.125.24.0-255,1484,53406,64,201183
1820,0.000682,74.125.24.0-255,5738,59144,64,201183
1821,0.000685,172.31.40.0-255,66,59210,64,201183
1822,0.000689,74.125.24.0-255,2902,62112,64,201183
1823,0.000691,172.31.40.0-255,66,62178,64,201183
1824,0.000725,74.125.24.0-255,3961,66139,64,201183
1825,0.000728,172.31.40.0-255,66,66205,64,201183
1826,0.001,74.125.24.0-255,646,66851,64,201183
1827,0.001092,172.31.40.0-255,66,66917,64,201183
1828,0.001204,74.125.24.0-255,1484,68401,64,201183
1829,0.001212,74.125.24.0-255,1484,69885,64,201183
1830,0.001215,172.31.40.0-255,66,69951,64,201183
1831,0.001235,74.125.24.0-255,1484,71435,64,201183
1832,0.00124,74.125.24.0-255,2902,74337,64,201183
1833,0.001242,172.31.40.0-255,66,74403,64,201183
1834,0.001247,74.125.24.0-255,4320,78723,64,201183
1835,0.001249,172.31.40.0-255,66,78789,64,201183
1836,0.001287,74.125.24.0-255,5379,84168,64,201183
1837,0.001289,172.31.40.0-255,66,84234,64,201183
1838,0.001345,74.125.24.0-255,4320,88554,64,201183
1839,0.001348,172.31.40.0-255,66,88620,64,201183
1840,0.001365,74.125.24.0-255,1484,90104,64,201183
1841,0.001371,74.125.24.0-255,4320,94424,64,201183
1842,0.001373,172.31.40.0-255,66,94490,64,201183
1843,0.001378,74.125.24.0-255,2902,97392,64,201183
1844,0.00138,172.31.40.0-255,66,97458,64,201183
1845,0.001398,74.125.24.0-255,3961,101419,64,201183
1846,0.0014,172.31.40.0-255,66,101485,64,201183
1847,0.001749,74.125.24.0-255,1484,102969,64,201183
1848,0.001758,74.125.24.0-255,2902,105871,64,201183
1849,0.001762,172.31.40.0-255,66,105937,64,201183
1850,0.00177,74.125.24.0-255,5738,111675,64,201183
1851,0.001772,172.31.40.0-255,66,111741,64,201183
1852,0.001791,74.125.24.0-255,5738,117479,64,201183
1853,0.001793,172.31.40.0-255,66,117545,64,201183
1854,0.001817,74.125.24.0-255,7156,124701,64,201183
1855,0.001819,172.31.40.0-255,66,124767,64,201183
1856,0.001829,172.31.40.0-255,66,124833,64,201183
1857,0.001854,74.125.24.0-255,2184,127017,64,201183
1858,0.001857,172.31.40.0-255,66,127083,64,201183
1859,0.003852,74.125.24.0-255,5738,132821,64,201183
1860,0.00386,172.31.40.0-255,66,132887,64,201183
1861,0.005887,74.125.24.0-255,4320,137207,64,201183
1862,0.005894,172.31.40.0-255,66,137273,64,201183
1863,0.005914,74.125.24.0-255,1484,138757,64,201183
1864,0.007942,74.125.24.0-255,4320,143077,64,201183
1865,0.007949,172.31.40.0-255,66,143143,64,201183
1866,0.009947,74.125.24.0-255,5738,148881,64,201183
1867,0.009954,172.31.40.0-255,66,148947,64,201183
1868,0.011954,74.125.24.0-255,5738,154685,64,201183
1869,0.011963,172.31.40.0-255,66,154751,64,201183
1870,0.013973,74.125.24.0-255,5738,160489,64,201183
1871,0.013983,172.31.40.0-255,66,160555,64,201183
1872,0.016001,74.125.24.0-255,5738,166293,64,201183
1873,0.01601,172.31.40.0-255,66,166359,64,201183
1874,0.018047,74.125.24.0-255,5738,172097,64,201183
1875,0.018055,172.31.40.0-255,66,172163,64,201183
1876,0.020067,74.125.24.0-255,5738,177901,64,201183
1877,0.020074,172.31.40.0-255,66,177967,64,201183
1878,0.022079,74.125.24.0-255,5738,183705,64,201183
1879,0.022087,172.31.40.0-255,66,183771,64,201183
1880,0.024076,74.125.24.0-255,5738,189509,64,201183
1881,0.024084,172.31.40.0-255,66,189575,64,201183
1882,0.026114,74.125.24.0-255,5738,195313,64,201183
1883,0.026122,172.31.40.0-255,66,195379,64,201183
1884,0.028155,74.125.24.0-255,5738,201117,64,201183
1885,0.028164,172.31.40.0-255,66,201183,64,201183
1886,0.0,172.217.194.0-255,143,143,64,241593
1887,2.2e-05,172.31.40.0-255,66,209,64,241593
1888,2.9e-05,172.217.194.0-255,1484,1693,64,241593
1889,3.4e-05,172.31.40.0-255,66,1759,64,241593
1890,4.6e-05,172.217.194.0-255,2902,4661,64,241593
1891,5e-05,172.31.40.0-255,66,4727,64,241593
1892,5.6e-05,172.217.194.0-255,4320,9047,64,241593
1893,5.9e-05,172.31.40.0-255,66,9113,64,241593
1894,7.6e-05,172.217.194.0-255,1484,10597,64,241593
1895,7.9e-05,172.31.40.0-255,66,10663,64,241593
1896,8.9e-05,172.217.194.0-255,3457,14120,64,241593
1897,9.2e-05,172.31.40.0-255,66,14186,64,241593
1898,0.000151,172.217.194.0-255,1484,15670,64,241593
1899,0.000154,172.31.40.0-255,66,15736,64,241593
1900,0.000172,172.217.194.0-255,2902,18638,64,241593
1901,0.000174,172.31.40.0-255,66,18704,64,241593
1902,0.000179,172.217.194.0-255,2902,21606,64,241593
1903,0.000181,172.31.40.0-255,66,21672,64,241593
1904,0.0002,172.217.194.0-255,2902,24574,64,241593
1905,0.000203,172.31.40.0-255,66,24640,64,241593
1906,0.000215,172.217.194.0-255,6797,31437,64,241593
1907,0.000217,172.31.40.0-255,66,31503,64,241593
1908,0.00025,172.217.194.0-255,4320,35823,64,241593
1909,0.000252,172.31.40.0-255,66,35889,64,241593
1910,0.000259,172.217.194.0-255,5738,41627,64,241593
1911,0.000261,172.31.40.0-255,66,41693,64,241593
1912,0.000305,172.217.194.0-255,6797,48490,64,241593
1913,0.000308,172.31.40.0-255,66,48556,64,241593
1914,0.000622,172.217.194.0-255,1484,50040,64,241593
1915,0.000637,172.31.40.0-255,66,50106,64,241593
1916,0.000644,172.217.194.0-255,2902,53008,64,241593
1917,0.000647,172.31.40.0-255,66,53074,64,241593
1918,0.000651,172.217.194.0-255,2902,55976,64,241593
1919,0.000657,172.31.40.0-255,66,56042,64,241593
1920,0.000664,172.217.194.0-255,7156,63198,64,241593
1921,0.000666,172.31.40.0-255,66,63264,64,241593
1922,0.000695,172.217.194.0-255,3123,66387,64,241593
1923,0.000697,172.31.40.0-255,66,66453,64,241593
1924,0.000734,172.217.194.0-255,2902,69355,64,241593
1925,0.000736,172.31.40.0-255,66,69421,64,241593
1926,0.000746,172.217.194.0-255,1484,70905,64,241593
1927,0.000754,172.217.194.0-255,2902,73807,64,241593
1928,0.000756,172.31.40.0-255,66,73873,64,241593
1929,0.000781,172.217.194.0-255,2902,76775,64,241593
1930,0.000783,172.31.40.0-255,66,76841,64,241593
1931,0.000811,172.217.194.0-255,6797,83638,64,241593
1932,0.000813,172.31.40.0-255,66,83704,64,241593
1933,0.001007,172.217.194.0-255,1484,85188,64,241593
1934,0.001013,172.217.194.0-255,2902,88090,64,241593
1935,0.001016,172.31.40.0-255,66,88156,64,241593
1936,0.001045,172.217.194.0-255,5738,93894,64,241593
1937,0.001048,172.31.40.0-255,66,93960,64,241593
1938,0.001055,172.217.194.0-255,7156,101116,64,241593
1939,0.001057,172.31.40.0-255,66,101182,64,241593
1940,0.001079,172.217.194.0-255,5738,106920,64,241593
1941,0.001082,172.31.40.0-255,66,106986,64,241593
1942,0.001117,172.31.40.0-255,66,107052,64,241593
1943,0.001121,172.217.194.0-255,2184,109236,64,241593
1944,0.001123,172.31.40.0-255,66,109302,64,241593
1945,0.001298,172.217.194.0-255,1484,110786,64,241593
1946,0.001303,172.217.194.0-255,2902,113688,64,241593
1947,0.001306,172.31.40.0-255,66,113754,64,241593
1948,0.001328,172.217.194.0-255,5738,119492,64,241593
1949,0.00133,172.31.40.0-255,66,119558,64,241593
1950,0.001361,172.31.40.0-255,66,119624,64,241593
1951,0.001367,172.217.194.0-255,5738,125362,64,241593
1952,0.001368,172.31.40.0-255,66,125428,64,241593
1953,0.00139,172.217.194.0-255,2902,128330,64,241593
1954,0.001393,172.31.40.0-255,66,128396,64,241593
1955,0.001398,172.217.194.0-255,5738,134134,64,241593
1956,0.0014,172.31.40.0-255,66,134200,64,241593
1957,0.001433,172.31.40.0-255,66,134266,64,241593
1958,0.001439,172.217.194.0-255,5020,139286,64,241593
1959,0.001441,172.31.40.0-255,66,139352,64,241593
1960,0.001475,172.217.194.0-255,5738,145090,64,241593
1961,0.001477,172.31.40.0-255,66,145156,64,241593
1962,0.001483,172.217.194.0-255,7156,152312,64,241593
1963,0.001485,172.31.40.0-255,66,152378,64,241593
1964,0.001489,172.217.194.0-255,2902,155280,64,241593
1965,0.001496,172.31.40.0-255,66,155346,64,241593
1966,0.001537,172.31.40.0-255,66,155412,64,241593
1967,0.001543,172.217.194.0-255,6438,161850,64,241593
1968,0.001545,172.31.40.0-255,66,161916,64,241593
1969,0.001558,172.217.194.0-255,1484,163400,64,241593
1970,0.001587,172.31.40.0-255,66,163466,64,241593
1971,0.001602,172.31.40.0-255,66,163532,64,241593
1972,0.001628,172.217.194.0-255,2902,166434,64,241593
1973,0.00163,172.31.40.0-255,66,166500,64,241593
1974,0.001663,172.31.40.0-255,66,166566,64,241593
1975,0.001701,172.31.40.0-255,66,166632,64,241593
1976,0.001717,172.31.40.0-255,66,166698,64,241593
1977,0.001743,172.217.194.0-255,4320,171018,64,241593
1978,0.001745,172.31.40.0-255,66,171084,64,241593
1979,0.001752,172.217.194.0-255,6438,177522,64,241593
1980,0.001917,172.217.194.0-255,1484,179006,64,241593
1981,0.001932,172.217.194.0-255,2902,181908,64,241593
1982,0.001935,172.217.194.0-255,1484,183392,64,241593
1983,0.001955,172.217.194.0-255,4320,187712,64,241593
1984,0.002028,172.217.194.0-255,2184,189896,64,241593
1985,0.002042,172.217.194.0-255,1484,191380,64,241593
1986,0.002053,172.217.194.0-255,1484,192864,64,241593
1987,0.002057,172.217.194.0-255,2902,195766,64,241593
1988,0.002076,172.217.194.0-255,4320,200086,64,241593
1989,0.002082,172.217.194.0-255,5738,205824,64,241593
1990,0.002102,172.217.194.0-255,5738,211562,64,241593
1991,0.002124,172.217.194.0-255,4320,215882,64,241593
1992,0.00214,172.217.194.0-255,1484,217366,64,241593
1993,0.002219,172.217.194.0-255,4320,221686,64,241593
1994,0.002257,172.217.194.0-255,7156,228842,64,241593
1995,0.002259,172.217.194.0-255,1484,230326,64,241593
1996,0.002277,172.217.194.0-255,5738,236064,64,241593
1997,0.002289,172.217.194.0-255,5020,241084,64,241593
1998,0.004615,172.31.40.0-255,66,241150,64,241593
1999,0.006888,172.217.194.0-255,105,241255,64,241593
2000,0.007331,172.31.40.0-255,101,241356,64,241593
2001,0.007644,172.31.40.0-255,105,241461,64,241593
2002,0.009805,172.217.194.0-255,66,241527,64,241593
2003,0.010112,172.217.194.0-255,66,241593,64,241593
2004,0.0,74.125.68.0-255,153,153,64,192843
2005,2.3e-05,172.31.40.0-255,66,219,64,192843
2006,3.1e-05,74.125.68.0-255,1484,1703,64,192843
2007,3.5e-05,172.31.40.0-255,66,1769,64,192843
2008,4.1e-05,74.125.68.0-255,2902,4671,64,192843
2009,4.4e-05,172.31.40.0-255,66,4737,64,192843
2010,6.3e-05,74.125.68.0-255,1484,6221,64,192843
2011,6.6e-05,172.31.40.0-255,66,6287,64,192843
2012,8.4e-05,74.125.68.0-255,2902,9189,64,192843
2013,8.7e-05,172.31.40.0-255,66,9255,64,192843
2014,0.0001,74.125.68.0-255,1484,10739,64,192843
2015,0.000102,172.31.40.0-255,66,10805,64,192843
2016,0.000107,74.125.68.0-255,2902,13707,64,192843
2017,0.00011,172.31.40.0-255,66,13773,64,192843
2018,0.000143,74.125.68.0-255,4320,18093,64,192843
2019,0.000145,172.31.40.0-255,66,18159,64,192843
2020,0.000165,74.125.68.0-255,2100,20259,64,192843
2021,0.000168,172.31.40.0-255,66,20325,64,192843
2022,0.000173,74.125.68.0-255,2902,23227,64,192843
2023,0.000175,172.31.40.0-255,66,23293,64,192843
2024,0.000179,74.125.68.0-255,1484,24777,64,192843
2025,0.00018,172.31.40.0-255,66,24843,64,192843
2026,0.000207,74.125.68.0-255,2902,27745,64,192843
2027,0.000209,172.31.40.0-255,66,27811,64,192843
2028,0.000215,74.125.68.0-255,3961,31772,64,192843
2029,0.000217,172.31.40.0-255,66,31838,64,192843
2030,0.000301,74.125.68.0-255,1484,33322,64,192843
2031,0.000304,172.31.40.0-255,66,33388,64,192843
2032,0.000324,74.125.68.0-255,2902,36290,64,192843
2033,0.000326,172.31.40.0-255,66,36356,64,192843
2034,0.000354,74.125.68.0-255,5738,42094,64,192843
2035,0.000357,172.31.40.0-255,66,42160,64,192843
2036,0.000363,74.125.68.0-255,5738,47898,64,192843
2037,0.000365,172.31.40.0-255,66,47964,64,192843
2038,0.000386,74.125.68.0-255,1484,49448,64,192843
2039,0.000389,172.31.40.0-255,66,49514,64,192843
2040,0.000414,74.125.68.0-255,5379,54893,64,192843
2041,0.000417,172.31.40.0-255,66,54959,64,192843
2042,0.000421,74.125.68.0-255,2902,57861,64,192843
2043,0.000423,172.31.40.0-255,66,57927,64,192843
2044,0.000429,74.125.68.0-255,4320,62247,64,192843
2045,0.000431,172.31.40.0-255,66,62313,64,192843
2046,0.000471,74.125.68.0-255,4271,66584,64,192843
2047,0.000474,172.31.40.0-255,66,66650,64,192843
2048,0.000492,74.125.68.0-255,377,67027,64,192843
2049,0.000629,74.125.68.0-255,1484,68511,64,192843
2050,0.000647,74.125.68.0-255,2902,71413,64,192843
2051,0.000651,74.125.68.0-255,1484,72897,64,192843
2052,0.000668,74.125.68.0-255,4320,77217,64,192843
2053,0.000673,74.125.68.0-255,2902,80119,64,192843
2054,0.00069,74.125.68.0-255,4320,84439,64,192843
2055,0.000714,74.125.68.0-255,4320,88759,64,192843
2056,0.000765,74.125.68.0-255,3602,92361,64,192843
2057,0.001554,172.31.40.0-255,66,92427,64,192843
2058,0.001857,74.125.68.0-255,1484,93911,64,192843
2059,0.001864,74.125.68.0-255,2902,96813,64,192843
2060,0.001867,74.125.68.0-255,1484,98297,64,192843
2061,0.001882,74.125.68.0-255,2902,101199,64,192843
2062,0.001892,172.31.40.0-255,66,101265,64,192843
2063,0.001925,74.125.68.0-255,2902,104167,64,192843
2064,0.001937,172.31.40.0-255,66,104233,64,192843
2065,0.00195,74.125.68.0-255,4320,108553,64,192843
2066,0.002013,74.125.68.0-255,4320,112873,64,192843
2067,0.002017,74.125.68.0-255,4320,117193,64,192843
2068,0.00202,172.31.40.0-255,66,117259,64,192843
2069,0.002025,172.31.40.0-255,66,117325,64,192843
2070,0.003997,74.125.68.0-255,5738,123063,64,192843
2071,0.004003,172.31.40.0-255,66,123129,64,192843
2072,0.005964,74.125.68.0-255,5738,128867,64,192843
2073,0.005968,172.31.40.0-255,66,128933,64,192843
2074,0.007929,74.125.68.0-255,2902,131835,64,192843
2075,0.007942,74.125.68.0-255,2902,134737,64,192843
2076,0.009058,172.31.40.0-255,66,134803,64,192843
2077,0.011043,74.125.68.0-255,5738,140541,64,192843
2078,0.011055,172.31.40.0-255,66,140607,64,192843
2079,0.013024,74.125.68.0-255,5738,146345,64,192843
2080,0.013032,172.31.40.0-255,66,146411,64,192843
2081,0.015,74.125.68.0-255,5738,152149,64,192843
2082,0.015007,172.31.40.0-255,66,152215,64,192843
2083,0.016981,74.125.68.0-255,5738,157953,64,192843
2084,0.016992,172.31.40.0-255,66,158019,64,192843
2085,0.018969,74.125.68.0-255,5738,163757,64,192843
2086,0.018977,172.31.40.0-255,66,163823,64,192843
2087,0.020946,74.125.68.0-255,5738,169561,64,192843
2088,0.020954,172.31.40.0-255,66,169627,64,192843
2089,0.022928,74.125.68.0-255,5738,175365,64,192843
2090,0.022936,172.31.40.0-255,66,175431,64,192843
2091,0.024916,74.125.68.0-255,5738,181169,64,192843
2092,0.024926,172.31.40.0-255,66,181235,64,192843
2093,0.0269,74.125.68.0-255,5738,186973,64,192843
2094,0.026907,172.31.40.0-255,66,187039,64,192843
2095,0.028883,74.125.68.0-255,5738,192777,64,192843
2096,0.02889,172.31.40.0-255,66,192843,64,192843
2097,0.0,74.125.24.0-255,296,296,64,264060
2098,2.3e-05,172.31.40.0-255,66,362,64,264060
2099,3e-05,74.125.24.0-255,1484,1846,64,264060
2100,3.4e-05,172.31.40.0-255,66,1912,64,264060
2101,4.9e-05,74.125.24.0-255,4320,6232,64,264060
2102,5.3e-05,172.31.40.0-255,66,6298,64,264060
2103,5.8e-05,74.125.24.0-255,2902,9200,64,264060
2104,6.1e-05,172.31.40.0-255,66,9266,64,264060
2105,7.4e-05,172.31.40.0-255,66,9332,64,264060
2106,0.000136,172.31.40.0-255,66,9398,64,264060
2107,0.000173,74.125.24.0-255,1484,10882,64,264060
2108,0.000175,172.31.40.0-255,66,10948,64,264060
2109,0.000193,74.125.24.0-255,2902,13850,64,264060
2110,0.000196,172.31.40.0-255,66,13916,64,264060
2111,0.000202,74.125.24.0-255,5738,19654,64,264060
2112,0.000204,172.31.40.0-255,66,19720,64,264060
2113,0.000232,74.125.24.0-255,5738,25458,64,264060
2114,0.000234,172.31.40.0-255,66,25524,64,264060
2115,0.000266,172.31.40.0-255,66,25590,64,264060
2116,0.000274,74.125.24.0-255,7156,32746,64,264060
2117,0.000276,172.31.40.0-255,66,32812,64,264060
2118,0.000306,74.125.24.0-255,2814,35626,64,264060
2119,0.000311,172.31.40.0-255,66,35692,64,264060
2120,0.000322,74.125.24.0-255,384,36076,64,264060
2121,0.000328,172.31.40.0-255,66,36142,64,264060
2122,0.000531,74.125.24.0-255,1484,37626,64,264060
2123,0.000537,172.31.40.0-255,66,37692,64,264060
2124,0.000542,74.125.24.0-255,2902,40594,64,264060
2125,0.000544,172.31.40.0-255,66,40660,64,264060
2126,0.00055,74.125.24.0-255,4320,44980,64,264060
2127,0.000557,172.31.40.0-255,66,45046,64,264060
2128,0.000597,74.125.24.0-255,1484,46530,64,264060
2129,0.000611,172.31.40.0-255,66,46596,64,264060
2130,0.000629,172.31.40.0-255,66,46662,64,264060
2131,0.000665,74.125.24.0-255,1484,48146,64,264060
2132,0.000682,74.125.24.0-255,2902,51048,64,264060
2133,0.000684,172.31.40.0-255,66,51114,64,264060
2134,0.000692,74.125.24.0-255,5738,56852,64,264060
2135,0.000694,172.31.40.0-255,66,56918,64,264060
2136,0.000702,74.125.24.0-255,1484,58402,64,264060
2137,0.000727,74.125.24.0-255,5738,64140,64,264060
2138,0.00073,172.31.40.0-255,66,64206,64,264060
2139,0.000734,74.125.24.0-255,2902,67108,64,264060
2140,0.000737,172.31.40.0-255,66,67174,64,264060
2141,0.000765,172.31.40.0-255,66,67240,64,264060
2142,0.00077,74.125.24.0-255,2184,69424,64,264060
2143,0.000772,172.31.40.0-255,66,69490,64,264060
2144,0.000792,74.125.24.0-255,1484,70974,64,264060
2145,0.000811,74.125.24.0-255,2902,73876,64,264060
2146,0.000815,172.31.40.0-255,66,73942,64,264060
2147,0.000841,74.125.24.0-255,5738,79680,64,264060
2148,0.000844,172.31.40.0-255,66,79746,64,264060
2149,0.000857,172.31.40.0-255,66,79812,64,264060
2150,0.000872,172.31.40.0-255,66,79878,64,264060
2151,0.000897,74.125.24.0-255,2184,82062,64,264060
2152,0.0009,172.31.40.0-255,66,82128,64,264060
2153,0.001228,74.125.24.0-255,1484,83612,64,264060
2154,0.001233,74.125.24.0-255,1484,85096,64,264060
2155,0.001236,172.31.40.0-255,66,85162,64,264060
2156,0.001268,74.125.24.0-255,1484,86646,64,264060
2157,0.001273,74.125.24.0-255,2902,89548,64,264060
2158,0.001276,172.31.40.0-255,66,89614,64,264060
2159,0.001283,74.125.24.0-255,7156,96770,64,264060
2160,0.001285,172.31.40.0-255,66,96836,64,264060
2161,0.001319,172.31.40.0-255,66,96902,64,264060
2162,0.001349,74.125.24.0-255,5738,102640,64,264060
2163,0.001351,172.31.40.0-255,66,102706,64,264060
2164,0.001357,74.125.24.0-255,3053,105759,64,264060
2165,0.001359,172.31.40.0-255,66,105825,64,264060
2166,0.001368,74.125.24.0-255,1484,107309,64,264060
2167,0.001372,74.125.24.0-255,2902,110211,64,264060
2168,0.001374,172.31.40.0-255,66,110277,64,264060
2169,0.001473,74.125.24.0-255,5738,116015,64,264060
2170,0.001476,172.31.40.0-255,66,116081,64,264060
2171,0.001481,74.125.24.0-255,2902,118983,64,264060
2172,0.001483,172.31.40.0-255,66,119049,64,264060
2173,0.001498,172.31.40.0-255,66,119115,64,264060
2174,0.001504,74.125.24.0-255,5738,124853,64,264060
2175,0.001507,172.31.40.0-255,66,124919,64,264060
2176,0.001536,74.125.24.0-255,5020,129939,64,264060
2177,0.001539,172.31.40.0-255,66,130005,64,264060
2178,0.001586,74.125.24.0-255,1484,131489,64,264060
2179,0.0016,74.125.24.0-255,2902,134391,64,264060
2180,0.001603,172.31.40.0-255,66,134457,64,264060
2181,0.001607,74.125.24.0-255,1484,135941,64,264060
2182,0.001631,74.125.24.0-255,4320,140261,64,264060
2183,0.001638,74.125.24.0-255,7156,147417,64,264060
2184,0.001647,172.31.40.0-255,66,147483,64,264060
2185,0.001655,172.31.40.0-255,66,147549,64,264060
2186,0.001667,74.125.24.0-255,5738,153287,64,264060
2187,0.001669,172.31.40.0-255,66,153353,64,264060
2188,0.001681,172.31.40.0-255,66,153419,64,264060
2189,0.001875,74.125.24.0-255,1484,154903,64,264060
2190,0.001882,74.125.24.0-255,2902,157805,64,264060
2191,0.001886,172.31.40.0-255,66,157871,64,264060
2192,0.001891,74.125.24.0-255,2902,160773,64,264060
2193,0.001893,172.31.40.0-255,66,160839,64,264060
2194,0.001912,74.125.24.0-255,2902,163741,64,264060
2195,0.001915,172.31.40.0-255,66,163807,64,264060
2196,0.001925,74.125.24.0-255,5738,169545,64,264060
2197,0.001927,172.31.40.0-255,66,169611,64,264060
2198,0.001931,74.125.24.0-255,2902,172513,64,264060
2199,0.001934,172.31.40.0-255,66,172579,64,264060
2200,0.001979,172.31.40.0-255,66,172645,64,264060
2201,0.001986,74.125.24.0-255,5020,177665,64,264060
2202,0.001988,172.31.40.0-255,66,177731,64,264060
2203,0.002251,74.125.24.0-255,1484,179215,64,264060
2204,0.002256,74.125.24.0-255,1484,180699,64,264060
2205,0.002259,172.31.40.0-255,66,180765,64,264060
2206,0.002278,74.125.24.0-255,1484,182249,64,264060
2207,0.002284,74.125.24.0-255,5738,187987,64,264060
2208,0.002286,172.31.40.0-255,66,188053,64,264060
2209,0.002294,74.125.24.0-255,5738,193791,64,264060
2210,0.002296,172.31.40.0-255,66,193857,64,264060
2211,0.002334,74.125.24.0-255,7156,201013,64,264060
2212,0.002337,172.31.40.0-255,66,201079,64,264060
2213,0.002371,172.31.40.0-255,66,201145,64,264060
2214,0.00257,74.125.24.0-255,1484,202629,64,264060
2215,0.002576,74.125.24.0-255,2902,205531,64,264060
2216,0.002579,172.31.40.0-255,66,205597,64,264060
2217,0.002586,74.125.24.0-255,4320,209917,64,264060
2218,0.002588,172.31.40.0-255,66,209983,64,264060
2219,0.00262,74.125.24.0-255,1484,211467,64,264060
2220,0.002635,172.31.40.0-255,66,211533,64,264060
2221,0.002642,74.125.24.0-255,7156,218689,64,264060
2222,0.002644,172.31.40.0-255,66,218755,64,264060
2223,0.005266,74.125.24.0-255,5738,224493,64,264060
2224,0.005274,172.31.40.0-255,66,224559,64,264060
2225,0.007943,74.125.24.0-255,5738,230297,64,264060
2226,0.007958,172.31.40.0-255,66,230363,64,264060
2227,0.010577,74.125.24.0-255,5738,236101,64,264060
2228,0.01058,172.31.40.0-255,66,236167,64,264060
2229,0.013235,74.125.24.0-255,5738,241905,64,264060
2230,0.013249,172.31.40.0-255,66,241971,64,264060
2231,0.015878,74.125.24.0-255,5738,247709,64,264060
2232,0.015895,172.31.40.0-255,66,247775,64,264060
2233,0.018546,74.125.24.0-255,5738,253513,64,264060
2234,0.018564,172.31.40.0-255,66,253579,64,264060
2235,0.021166,74.125.24.0-255,5738,259317,64,264060
2236,0.021175,172.31.40.0-255,66,259383,64,264060
2237,0.023819,74.125.24.0-255,4440,263823,64,264060
2238,0.023834,172.31.40.0-255,66,263889,64,264060
2239,0.02414,172.31.40.0-255,105,263994,64,264060
2240,0.02673,74.125.24.0-255,66,264060,64,264060
2241,0.0,74.125.130.0-255,152,152,64,257693
2242,2e-05,172.31.40.0-255,66,218,64,257693
2243,2.7e-05,74.125.130.0-255,1484,1702,64,257693
2244,3.2e-05,172.31.40.0-255,66,1768,64,257693
2245,3.7e-05,74.125.130.0-255,2902,4670,64,257693
2246,4.8e-05,172.31.40.0-255,66,4736,64,257693
2247,5.6e-05,74.125.130.0-255,7156,11892,64,257693
2248,6e-05,172.31.40.0-255,66,11958,64,257693
2249,6.4e-05,74.125.130.0-255,2031,13989,64,257693
2250,6.7e-05,172.31.40.0-255,66,14055,64,257693
2251,9e-05,74.125.130.0-255,1484,15539,64,257693
2252,9.7e-05,172.31.40.0-255,66,15605,64,257693
2253,0.000102,74.125.130.0-255,2902,18507,64,257693
2254,0.000105,172.31.40.0-255,66,18573,64,257693
2255,0.000108,74.125.130.0-255,1484,20057,64,257693
2256,0.00011,172.31.40.0-255,66,20123,64,257693
2257,0.000139,74.125.130.0-255,4320,24443,64,257693
2258,0.000142,172.31.40.0-255,66,24509,64,257693
2259,0.000149,74.125.130.0-255,5738,30247,64,257693
2260,0.000152,172.31.40.0-255,66,30313,64,257693
2261,0.00018,74.125.130.0-255,1125,31438,64,257693
2262,0.000183,172.31.40.0-255,66,31504,64,257693
2263,0.000282,74.125.130.0-255,1484,32988,64,257693
2264,0.000286,172.31.40.0-255,66,33054,64,257693
2265,0.000314,74.125.130.0-255,2902,35956,64,257693
2266,0.000316,172.31.40.0-255,66,36022,64,257693
2267,0.000322,74.125.130.0-255,4320,40342,64,257693
2268,0.000324,172.31.40.0-255,66,40408,64,257693
2269,0.00033,74.125.130.0-255,4320,44728,64,257693
2270,0.000336,172.31.40.0-255,66,44794,64,257693
2271,0.000373,74.125.130.0-255,5379,50173,64,257693
2272,0.000377,172.31.40.0-255,66,50239,64,257693
2273,0.000389,172.31.40.0-255,66,50305,64,257693
2274,0.000392,74.125.130.0-255,1484,51789,64,257693
2275,0.000427,74.125.130.0-255,4271,56060,64,257693
2276,0.00043,172.31.40.0-255,66,56126,64,257693
2277,0.000433,74.125.130.0-255,98,56224,64,257693
2278,0.000516,74.125.130.0-255,1484,57708,64,257693
2279,0.00052,172.31.40.0-255,66,57774,64,257693
2280,0.000547,74.125.130.0-255,2902,60676,64,257693
2281,0.00055,172.31.40.0-255,66,60742,64,257693
2282,0.000556,74.125.130.0-255,5738,66480,64,257693
2283,0.000559,172.31.40.0-255,66,66546,64,257693
2284,0.000565,74.125.130.0-255,5738,72284,64,257693
2285,0.000567,172.31.40.0-255,66,72350,64,257693
2286,0.000596,74.125.130.0-255,1125,73475,64,257693
2287,0.000617,74.125.130.0-255,1484,74959,64,257693
2288,0.00062,172.31.40.0-255,66,75025,64,257693
2289,0.000653,74.125.130.0-255,4320,79345,64,257693
2290,0.000656,172.31.40.0-255,66,79411,64,257693
2291,0.000667,172.31.40.0-255,66,79477,64,257693
2292,0.000673,74.125.130.0-255,1125,80602,64,257693
2293,0.001185,74.125.130.0-255,1484,82086,64,257693
2294,0.00119,172.31.40.0-255,66,82152,64,257693
2295,0.001196,74.125.130.0-255,2902,85054,64,257693
2296,0.001198,172.31.40.0-255,66,85120,64,257693
2297,0.001224,74.125.130.0-255,5738,90858,64,257693
2298,0.001227,172.31.40.0-255,66,90924,64,257693
2299,0.001246,74.125.130.0-255,7156,98080,64,257693
2300,0.001249,172.31.40.0-255,66,98146,64,257693
2301,0.001256,74.125.130.0-255,7156,105302,64,257693
2302,0.001259,172.31.40.0-255,66,105368,64,257693
2303,0.001293,74.125.130.0-255,7156,112524,64,257693
2304,0.001296,172.31.40.0-255,66,112590,64,257693
2305,0.0013,74.125.130.0-255,2184,114774,64,257693
2306,0.001302,172.31.40.0-255,66,114840,64,257693
2307,0.00134,74.125.130.0-255,1484,116324,64,257693
2308,0.001355,74.125.130.0-255,2902,119226,64,257693
2309,0.001358,172.31.40.0-255,66,119292,64,257693
2310,0.001361,74.125.130.0-255,1484,120776,64,257693
2311,0.001389,74.125.130.0-255,5738,126514,64,257693
2312,0.001391,172.31.40.0-255,66,126580,64,257693
2313,0.001396,74.125.130.0-255,2902,129482,64,257693
2314,0.001399,172.31.40.0-255,66,129548,64,257693
2315,0.001433,172.31.40.0-255,66,129614,64,257693
2316,0.001462,74.125.130.0-255,1484,131098,64,257693
2317,0.001473,172.31.40.0-255,66,131164,64,257693
2318,0.001498,74.125.130.0-255,1484,132648,64,257693
2319,0.001502,74.125.130.0-255,2902,135550,64,257693
2320,0.001505,172.31.40.0-255,66,135616,64,257693
2321,0.00151,74.125.130.0-255,5738,141354,64,257693
2322,0.001513,172.31.40.0-255,66,141420,64,257693
2323,0.001554,74.125.130.0-255,4320,145740,64,257693
2324,0.001559,172.31.40.0-255,66,145806,64,257693
2325,0.001585,74.125.130.0-255,7156,152962,64,257693
2326,0.001588,172.31.40.0-255,66,153028,64,257693
2327,0.001601,172.31.40.0-255,66,153094,64,257693
2328,0.001651,74.125.130.0-255,1484,154578,64,257693
2329,0.001668,74.125.130.0-255,2902,157480,64,257693
2330,0.001671,172.31.40.0-255,66,157546,64,257693
2331,0.001675,74.125.130.0-255,1484,159030,64,257693
2332,0.0017,74.125.130.0-255,4320,163350,64,257693
2333,0.001703,172.31.40.0-255,66,163416,64,257693
2334,0.001714,172.31.40.0-255,66,163482,64,257693
2335,0.00175,74.125.130.0-255,2902,166384,64,257693
2336,0.001753,172.31.40.0-255,66,166450,64,257693
2337,0.001765,172.31.40.0-255,66,166516,64,257693
2338,0.001767,74.125.130.0-255,766,167282,64,257693
2339,0.001861,74.125.130.0-255,1484,168766,64,257693
2340,0.001866,172.31.40.0-255,66,168832,64,257693
2341,0.001871,74.125.130.0-255,2902,171734,64,257693
2342,0.001873,172.31.40.0-255,66,171800,64,257693
2343,0.001907,74.125.130.0-255,5738,177538,64,257693
2344,0.00191,172.31.40.0-255,66,177604,64,257693
2345,0.001927,172.31.40.0-255,66,177670,64,257693
2346,0.001958,74.125.130.0-255,2902,180572,64,257693
2347,0.001961,172.31.40.0-255,66,180638,64,257693
2348,0.001972,172.31.40.0-255,66,180704,64,257693
2349,0.001975,74.125.130.0-255,766,181470,64,257693
2350,0.00204,74.125.130.0-255,1484,182954,64,257693
2351,0.002044,172.31.40.0-255,66,183020,64,257693
2352,0.002049,74.125.130.0-255,2902,185922,64,257693
2353,0.002051,172.31.40.0-255,66,185988,64,257693
2354,0.002074,74.125.130.0-255,5738,191726,64,257693
2355,0.002077,172.31.40.0-255,66,191792,64,257693
2356,0.00208,74.125.130.0-255,1484,193276,64,257693
2357,0.002084,74.125.130.0-255,2902,196178,64,257693
2358,0.002086,172.31.40.0-255,66,196244,64,257693
2359,0.002094,74.125.130.0-255,5738,201982,64,257693
2360,0.002096,172.31.40.0-255,66,202048,64,257693
2361,0.002126,74.125.130.0-255,7156,209204,64,257693
2362,0.002129,172.31.40.0-255,66,209270,64,257693
2363,0.00216,74.125.130.0-255,5738,215008,64,257693
2364,0.002163,172.31.40.0-255,66,215074,64,257693
2365,0.002169,74.125.130.0-255,5020,220094,64,257693
2366,0.002171,172.31.40.0-255,66,220160,64,257693
2367,0.002178,74.125.130.0-255,5738,225898,64,257693
2368,0.00218,172.31.40.0-255,66,225964,64,257693
2369,0.002183,74.125.130.0-255,1484,227448,64,257693
2370,0.002234,172.31.40.0-255,66,227514,64,257693
2371,0.002246,172.31.40.0-255,66,227580,64,257693
2372,0.002279,172.31.40.0-255,66,227646,64,257693
2373,0.002325,172.31.40.0-255,66,227712,64,257693
2374,0.002328,74.125.130.0-255,1484,229196,64,257693
2375,0.002351,172.31.40.0-255,66,229262,64,257693
2376,0.002357,74.125.130.0-255,5738,235000,64,257693
2377,0.002359,172.31.40.0-255,66,235066,64,257693
2378,0.004628,74.125.130.0-255,5738,240804,64,257693
2379,0.004637,172.31.40.0-255,66,240870,64,257693
2380,0.006922,74.125.130.0-255,5738,246608,64,257693
2381,0.00694,172.31.40.0-255,66,246674,64,257693
2382,0.009219,74.125.130.0-255,5738,252412,64,257693
2383,0.009252,172.31.40.0-255,66,252478,64,257693
2384,0.011522,74.125.130.0-255,4978,257456,64,257693
2385,0.011529,172.31.40.0-255,66,257522,64,257693
2386,0.012762,172.31.40.0-255,105,257627,64,257693
2387,0.014982,74.125.130.0-255,66,257693,64,257693
2388,0.0,74.125.24.0-255,157,157,64,102966
2389,3.7e-05,172.31.40.0-255,66,223,64,102966
2390,5e-05,74.125.24.0-255,1484,1707,64,102966
2391,5.6e-05,172.31.40.0-255,66,1773,64,102966
2392,7.5e-05,74.125.24.0-255,2902,4675,64,102966
2393,7.9e-05,172.31.40.0-255,66,4741,64,102966
2394,9.1e-05,74.125.24.0-255,7156,11897,64,102966
2395,9.5e-05,172.31.40.0-255,66,11963,64,102966
2396,0.000115,172.31.40.0-255,66,12029,64,102966
2397,0.000126,74.125.24.0-255,6797,18826,64,102966
2398,0.000129,172.31.40.0-255,66,18892,64,102966
2399,0.000139,74.125.24.0-255,7156,26048,64,102966
2400,0.000142,172.31.40.0-255,66,26114,64,102966
2401,0.000157,172.31.40.0-255,66,26180,64,102966
2402,0.000183,172.31.40.0-255,66,26246,64,102966
2403,0.000187,74.125.24.0-255,1066,27312,64,102966
2404,0.00019,172.31.40.0-255,66,27378,64,102966
2405,0.00023,74.125.24.0-255,380,27758,64,102966
2406,0.000233,172.31.40.0-255,66,27824,64,102966
2407,0.000367,74.125.24.0-255,1484,29308,64,102966
2408,0.000372,172.31.40.0-255,66,29374,64,102966
2409,0.00038,74.125.24.0-255,2902,32276,64,102966
2410,0.000383,172.31.40.0-255,66,32342,64,102966
2411,0.000398,74.125.24.0-255,5738,38080,64,102966
2412,0.0004,172.31.40.0-255,66,38146,64,102966
2413,0.000404,74.125.24.0-255,1484,39630,64,102966
2414,0.000406,172.31.40.0-255,66,39696,64,102966
2415,0.000464,172.31.40.0-255,66,39762,64,102966
2416,0.000486,172.31.40.0-255,66,39828,64,102966
2417,0.000488,74.125.24.0-255,766,40594,64,102966
2418,0.000559,74.125.24.0-255,1484,42078,64,102966
2419,0.000562,172.31.40.0-255,66,42144,64,102966
2420,0.00057,74.125.24.0-255,4320,46464,64,102966
2421,0.000573,172.31.40.0-255,66,46530,64,102966
2422,0.000585,74.125.24.0-255,4320,50850,64,102966
2423,0.000588,172.31.40.0-255,66,50916,64,102966
2424,0.000604,172.31.40.0-255,66,50982,64,102966
2425,0.00062,172.31.40.0-255,66,51048,64,102966
2426,0.000635,172.31.40.0-255,66,51114,64,102966
2427,0.000643,74.125.24.0-255,7156,58270,64,102966
2428,0.000645,172.31.40.0-255,66,58336,64,102966
2429,0.000678,74.125.24.0-255,2902,61238,64,102966
2430,0.00068,172.31.40.0-255,66,61304,64,102966
2431,0.000719,172.31.40.0-255,66,61370,64,102966
2432,0.00096,74.125.24.0-255,1484,62854,64,102966
2433,0.000978,74.125.24.0-255,2902,65756,64,102966
2434,0.000982,172.31.40.0-255,66,65822,64,102966
2435,0.00099,74.125.24.0-255,5738,71560,64,102966
2436,0.000992,172.31.40.0-255,66,71626,64,102966
2437,0.001026,172.31.40.0-255,66,71692,64,102966
2438,0.001041,74.125.24.0-255,1484,73176,64,102966
2439,0.00105,74.125.24.0-255,7156,80332,64,102966
2440,0.001056,172.31.40.0-255,66,80398,64,102966
2441,0.001072,74.125.24.0-255,3602,84000,64,102966
2442,0.001075,172.31.40.0-255,66,84066,64,102966
2443,0.001121,74.125.24.0-255,1484,85550,64,102966
2444,0.001126,74.125.24.0-255,2902,88452,64,102966
2445,0.001129,172.31.40.0-255,66,88518,64,102966
2446,0.001163,74.125.24.0-255,5738,94256,64,102966
2447,0.001166,172.31.40.0-255,66,94322,64,102966
2448,0.00119,172.31.40.0-255,66,94388,64,102966
2449,0.001206,172.31.40.0-255,66,94454,64,102966
2450,0.001272,172.31.40.0-255,66,94520,64,102966
2451,0.001292,172.31.40.0-255,66,94586,64,102966
2452,0.00131,172.31.40.0-255,66,94652,64,102966
2453,0.00137,172.31.40.0-255,66,94718,64,102966
2454,0.001397,74.125.24.0-255,1484,96202,64,102966
2455,0.001419,172.31.40.0-255,66,96268,64,102966
2456,0.001436,172.31.40.0-255,66,96334,64,102966
2457,0.001465,172.31.40.0-255,66,96400,64,102966
2458,0.001491,172.31.40.0-255,66,96466,64,102966
2459,0.00151,172.31.40.0-255,66,96532,64,102966
2460,0.001524,172.31.40.0-255,66,96598,64,102966
2461,0.001555,172.31.40.0-255,66,96664,64,102966
2462,0.001564,74.125.24.0-255,5894,102558,64,102966
2463,0.001566,172.31.40.0-255,66,102624,64,102966
2464,0.001569,74.125.24.0-255,105,102729,64,102966
2465,0.004723,172.31.40.0-255,66,102795,64,102966
2466,0.004763,172.31.40.0-255,105,102900,64,102966
2467,0.007003,74.125.24.0-255,66,102966,64,102966
2468,0.0,74.125.24.0-255,297,297,64,206298
2469,9e-06,172.31.40.0-255,66,363,64,206298
2470,1.2e-05,74.125.24.0-255,1484,1847,64,206298
2471,1.6e-05,172.31.40.0-255,66,1913,64,206298
2472,1.9e-05,74.125.24.0-255,1484,3397,64,206298
2473,2.1e-05,172.31.40.0-255,66,3463,64,206298
2474,6.1e-05,74.125.24.0-255,2902,6365,64,206298
2475,6.4e-05,172.31.40.0-255,66,6431,64,206298
2476,7.5e-05,172.31.40.0-255,66,6497,64,206298
2477,8.5e-05,74.125.24.0-255,5738,12235,64,206298
2478,8.7e-05,172.31.40.0-255,66,12301,64,206298
2479,0.00012,74.125.24.0-255,7156,19457,64,206298
2480,0.000123,172.31.40.0-255,66,19523,64,206298
2481,0.000147,74.125.24.0-255,2543,22066,64,206298
2482,0.000149,172.31.40.0-255,66,22132,64,206298
2483,0.000259,74.125.24.0-255,1484,23616,64,206298
2484,0.000262,172.31.40.0-255,66,23682,64,206298
2485,0.000266,74.125.24.0-255,1484,25166,64,206298
2486,0.000267,172.31.40.0-255,66,25232,64,206298
2487,0.000291,74.125.24.0-255,1484,26716,64,206298
2488,0.000298,172.31.40.0-255,66,26782,64,206298
2489,0.000304,74.125.24.0-255,5738,32520,64,206298
2490,0.000305,172.31.40.0-255,66,32586,64,206298
2491,0.000341,172.31.40.0-255,66,32652,64,206298
2492,0.000379,172.31.40.0-255,66,32718,64,206298
2493,0.00039,74.125.24.0-255,2814,35532,64,206298
2494,0.000398,172.31.40.0-255,66,35598,64,206298
2495,0.00042,74.125.24.0-255,384,35982,64,206298
2496,0.000422,172.31.40.0-255,66,36048,64,206298
2497,0.000537,74.125.24.0-255,1484,37532,64,206298
2498,0.000543,74.125.24.0-255,2902,40434,64,206298
2499,0.000546,172.31.40.0-255,66,40500,64,206298
2500,0.000549,74.125.24.0-255,1484,41984,64,206298
2501,0.000583,74.125.24.0-255,4320,46304,64,206298
2502,0.000586,172.31.40.0-255,66,46370,64,206298
2503,0.000593,74.125.24.0-255,5738,52108,64,206298
2504,0.000595,172.31.40.0-255,66,52174,64,206298
2505,0.000614,172.31.40.0-255,66,52240,64,206298
2506,0.000646,74.125.24.0-255,3961,56201,64,206298
2507,0.000649,172.31.40.0-255,66,56267,64,206298
2508,0.000655,74.125.24.0-255,3961,60228,64,206298
2509,0.000657,172.31.40.0-255,66,60294,64,206298
2510,0.000686,74.125.24.0-255,1484,61778,64,206298
2511,0.000691,74.125.24.0-255,2902,64680,64,206298
2512,0.000694,172.31.40.0-255,66,64746,64,206298
2513,0.000704,74.125.24.0-255,1484,66230,64,206298
2514,0.000725,74.125.24.0-255,4320,70550,64,206298
2515,0.000728,172.31.40.0-255,66,70616,64,206298
2516,0.000735,74.125.24.0-255,7156,77772,64,206298
2517,0.000738,172.31.40.0-255,66,77838,64,206298
2518,0.000741,74.125.24.0-255,1484,79322,64,206298
2519,0.000781,74.125.24.0-255,2184,81506,64,206298
2520,0.000789,172.31.40.0-255,66,81572,64,206298
2521,0.000792,172.31.40.0-255,66,81638,64,206298
2522,0.000841,74.125.24.0-255,1484,83122,64,206298
2523,0.000856,74.125.24.0-255,2902,86024,64,206298
2524,0.000859,172.31.40.0-255,66,86090,64,206298
2525,0.000864,74.125.24.0-255,2902,88992,64,206298
2526,0.000867,172.31.40.0-255,66,89058,64,206298
2527,0.000902,74.125.24.0-255,2902,91960,64,206298
2528,0.000905,172.31.40.0-255,66,92026,64,206298
2529,0.000911,74.125.24.0-255,4320,96346,64,206298
2530,0.000914,172.31.40.0-255,66,96412,64,206298
2531,0.000932,172.31.40.0-255,66,96478,64,206298
2532,0.000941,172.31.40.0-255,66,96544,64,206298
2533,0.000992,74.125.24.0-255,1484,98028,64,206298
2534,0.000997,74.125.24.0-255,2902,100930,64,206298
2535,0.001,172.31.40.0-255,66,100996,64,206298
2536,0.001027,74.125.24.0-255,5738,106734,64,206298
2537,0.00103,172.31.40.0-255,66,106800,64,206298
2538,0.001035,74.125.24.0-255,4320,111120,64,206298
2539,0.001037,172.31.40.0-255,66,111186,64,206298
2540,0.001063,74.125.24.0-255,2902,114088,64,206298
2541,0.001066,172.31.40.0-255,66,114154,64,206298
2542,0.001085,172.31.40.0-255,66,114220,64,206298
2543,0.001089,74.125.24.0-255,2184,116404,64,206298
2544,0.001091,172.31.40.0-255,66,116470,64,206298
2545,0.001155,74.125.24.0-255,1484,117954,64,206298
2546,0.001212,74.125.24.0-255,2902,120856,64,206298
2547,0.001215,172.31.40.0-255,66,120922,64,206298
2548,0.001221,74.125.24.0-255,5738,126660,64,206298
2549,0.001223,172.31.40.0-255,66,126726,64,206298
2550,0.001241,172.31.40.0-255,66,126792,64,206298
2551,0.001244,74.125.24.0-255,1484,128276,64,206298
2552,0.001273,74.125.24.0-255,1484,129760,64,206298
2553,0.001275,172.31.40.0-255,66,129826,64,206298
2554,0.001311,172.31.40.0-255,66,129892,64,206298
2555,0.001444,74.125.24.0-255,1484,131376,64,206298
2556,0.001468,74.125.24.0-255,2902,134278,64,206298
2557,0.001472,172.31.40.0-255,66,134344,64,206298
2558,0.001505,74.125.24.0-255,5738,140082,64,206298
2559,0.001507,172.31.40.0-255,66,140148,64,206298
2560,0.001511,74.125.24.0-255,1484,141632,64,206298
2561,0.001543,74.125.24.0-255,7156,148788,64,206298
2562,0.001545,172.31.40.0-255,66,148854,64,206298
2563,0.001583,172.31.40.0-255,66,148920,64,206298
2564,0.001612,74.125.24.0-255,6438,155358,64,206298
2565,0.001615,172.31.40.0-255,66,155424,64,206298
2566,0.00174,74.125.24.0-255,1484,156908,64,206298
2567,0.001743,74.125.24.0-255,1484,158392,64,206298
2568,0.001749,172.31.40.0-255,66,158458,64,206298
2569,0.001757,74.125.24.0-255,1484,159942,64,206298
2570,0.001764,74.125.24.0-255,5738,165680,64,206298
2571,0.001767,172.31.40.0-255,66,165746,64,206298
2572,0.001803,172.31.40.0-255,66,165812,64,206298
2573,0.001821,74.125.24.0-255,2902,168714,64,206298
2574,0.001823,172.31.40.0-255,66,168780,64,206298
2575,0.001836,172.31.40.0-255,66,168846,64,206298
2576,0.001887,172.31.40.0-255,66,168912,64,206298
2577,0.001902,172.31.40.0-255,66,168978,64,206298
2578,0.001942,172.31.40.0-255,66,169044,64,206298
2579,0.002004,172.31.40.0-255,66,169110,64,206298
2580,0.002009,74.125.24.0-255,2902,172012,64,206298
2581,0.002022,172.31.40.0-255,66,172078,64,206298
2582,0.002031,74.125.24.0-255,4320,176398,64,206298
2583,0.002034,172.31.40.0-255,66,176464,64,206298
2584,0.002066,74.125.24.0-255,5020,181484,64,206298
2585,0.002088,172.31.40.0-255,66,181550,64,206298
2586,0.002238,74.125.24.0-255,1484,183034,64,206298
2587,0.002244,74.125.24.0-255,2902,185936,64,206298
2588,0.002248,172.31.40.0-255,66,186002,64,206298
2589,0.002255,74.125.24.0-255,5738,191740,64,206298
2590,0.002257,172.31.40.0-255,66,191806,64,206298
2591,0.002326,74.125.24.0-255,2902,194708,64,206298
2592,0.002347,172.31.40.0-255,66,194774,64,206298
2593,0.002353,172.31.40.0-255,66,194840,64,206298
2594,0.004627,74.125.24.0-255,5738,200578,64,206298
2595,0.004632,172.31.40.0-255,66,200644,64,206298
2596,0.006909,74.125.24.0-255,5417,206061,64,206298
2597,0.006916,172.31.40.0-255,66,206127,64,206298
2598,0.011549,172.31.40.0-255,105,206232,64,206298
2599,0.013812,74.125.24.0-255,66,206298,64,206298
2600,0.0,172.31.40.0-255,105,105,64,459
2601,0.00021,172.31.40.0-255,90,195,64,459
2602,0.000218,172.31.40.0-255,66,261,64,459
2603,0.003007,172.217.194.0-255,66,327,64,459
2604,0.003032,172.217.194.0-255,66,393,64,459
2605,0.003051,172.31.40.0-255,66,459,64,459
2606,0.0,172.217.194.0-255,153,153,64,124056
2607,2.1e-05,172.31.40.0-255,66,219,64,124056
2608,2.8e-05,172.217.194.0-255,1484,1703,64,124056
2609,3.2e-05,172.31.40.0-255,66,1769,64,124056
2610,4.4e-05,172.217.194.0-255,2902,4671,64,124056
2611,4.8e-05,172.31.40.0-255,66,4737,64,124056
2612,6.9e-05,172.217.194.0-255,7156,11893,64,124056
2613,7.3e-05,172.31.40.0-255,66,11959,64,124056
2614,0.000114,172.217.194.0-255,2000,13959,64,124056
2615,0.000117,172.31.40.0-255,66,14025,64,124056
2616,0.00051,172.217.194.0-255,1484,15509,64,124056
2617,0.000515,172.31.40.0-255,66,15575,64,124056
2618,0.000522,172.217.194.0-255,2902,18477,64,124056
2619,0.000524,172.31.40.0-255,66,18543,64,124056
2620,0.000536,172.217.194.0-255,5738,24281,64,124056
2621,0.000538,172.31.40.0-255,66,24347,64,124056
2622,0.000575,172.217.194.0-255,6797,31144,64,124056
2623,0.000579,172.31.40.0-255,66,31210,64,124056
2624,0.000587,172.217.194.0-255,7156,38366,64,124056
2625,0.000589,172.31.40.0-255,66,38432,64,124056
2626,0.000607,172.31.40.0-255,66,38498,64,124056
2627,0.000641,172.217.194.0-255,4320,42818,64,124056
2628,0.000645,172.31.40.0-255,66,42884,64,124056
2629,0.000662,172.31.40.0-255,66,42950,64,124056
2630,0.000665,172.217.194.0-255,677,43627,64,124056
2631,0.000667,172.31.40.0-255,66,43693,64,124056
2632,0.00067,172.217.194.0-255,1484,45177,64,124056
2633,0.000673,172.31.40.0-255,66,45243,64,124056
2634,0.000678,172.217.194.0-255,4320,49563,64,124056
2635,0.000681,172.31.40.0-255,66,49629,64,124056
2636,0.000686,172.217.194.0-255,2902,52531,64,124056
2637,0.000689,172.31.40.0-255,66,52597,64,124056
2638,0.000729,172.217.194.0-255,7156,59753,64,124056
2639,0.000732,172.31.40.0-255,66,59819,64,124056
2640,0.00075,172.31.40.0-255,66,59885,64,124056
2641,0.000753,172.217.194.0-255,1484,61369,64,124056
2642,0.000788,172.31.40.0-255,66,61435,64,124056
2643,0.000802,172.31.40.0-255,66,61501,64,124056
2644,0.000833,172.217.194.0-255,2902,64403,64,124056
2645,0.000836,172.31.40.0-255,66,64469,64,124056
2646,0.000844,172.217.194.0-255,6438,70907,64,124056
2647,0.000847,172.31.40.0-255,66,70973,64,124056
2648,0.000902,172.31.40.0-255,66,71039,64,124056
2649,0.000913,172.31.40.0-255,66,71105,64,124056
2650,0.000977,172.31.40.0-255,66,71171,64,124056
2651,0.000981,172.217.194.0-255,2902,74073,64,124056
2652,0.000983,172.31.40.0-255,66,74139,64,124056
2653,0.001026,172.31.40.0-255,66,74205,64,124056
2654,0.001062,172.217.194.0-255,1484,75689,64,124056
2655,0.001068,172.217.194.0-255,2902,78591,64,124056
2656,0.001083,172.217.194.0-255,5738,84329,64,124056
2657,0.00109,172.31.40.0-255,66,84395,64,124056
2658,0.0011,172.217.194.0-255,4320,88715,64,124056
2659,0.001105,172.31.40.0-255,66,88781,64,124056
2660,0.001163,172.31.40.0-255,66,88847,64,124056
2661,0.001219,172.217.194.0-255,1484,90331,64,124056
2662,0.001224,172.217.194.0-255,2902,93233,64,124056
2663,0.001228,172.217.194.0-255,1484,94717,64,124056
2664,0.001235,172.31.40.0-255,66,94783,64,124056
2665,0.001263,172.217.194.0-255,4320,99103,64,124056
2666,0.001311,172.31.40.0-255,66,99169,64,124056
2667,0.001382,172.31.40.0-255,66,99235,64,124056
2668,0.001397,172.217.194.0-255,766,100001,64,124056
2669,0.001415,172.31.40.0-255,66,100067,64,124056
2670,0.001438,172.217.194.0-255,1484,101551,64,124056
2671,0.001443,172.217.194.0-255,2902,104453,64,124056
2672,0.001446,172.217.194.0-255,1484,105937,64,124056
2673,0.001452,172.31.40.0-255,66,106003,64,124056
2674,0.001463,172.217.194.0-255,4320,110323,64,124056
2675,0.001465,172.217.194.0-255,1484,111807,64,124056
2676,0.001476,172.31.40.0-255,66,111873,64,124056
2677,0.00154,172.31.40.0-255,66,111939,64,124056
2678,0.001552,172.217.194.0-255,5738,117677,64,124056
2679,0.001557,172.31.40.0-255,66,117743,64,124056
2680,0.001674,172.217.194.0-255,5738,123481,64,124056
2681,0.001697,172.31.40.0-255,66,123547,64,124056
2682,0.001737,172.217.194.0-255,105,123652,64,124056
2683,0.001751,172.31.40.0-255,66,123718,64,124056
2684,0.003534,172.31.40.0-255,101,123819,64,124056
2685,0.005519,172.217.194.0-255,66,123885,64,124056
2686,0.012234,172.31.40.0-255,105,123990,64,124056
2687,0.014218,172.217.194.0-255,66,124056,64,124056
2688,0.0,74.125.24.0-255,291,291,64,163151
2689,1.4e-05,172.31.40.0-255,66,357,64,163151
2690,2e-05,74.125.24.0-255,1484,1841,64,163151
2691,2.5e-05,172.31.40.0-255,66,1907,64,163151
2692,4e-05,74.125.24.0-255,4320,6227,64,163151
2693,4.3e-05,172.31.40.0-255,66,6293,64,163151
2694,5.1e-05,74.125.24.0-255,7156,13449,64,163151
2695,5.5e-05,172.31.40.0-255,66,13515,64,163151
2696,8.7e-05,74.125.24.0-255,537,14052,64,163151
2697,9.1e-05,172.31.40.0-255,66,14118,64,163151
2698,0.000185,74.125.24.0-255,1484,15602,64,163151
2699,0.000189,172.31.40.0-255,66,15668,64,163151
2700,0.000195,74.125.24.0-255,2902,18570,64,163151
2701,0.000197,172.31.40.0-255,66,18636,64,163151
2702,0.00023,74.125.24.0-255,5738,24374,64,163151
2703,0.000233,172.31.40.0-255,66,24440,64,163151
2704,0.000237,74.125.24.0-255,2902,27342,64,163151
2705,0.00024,172.31.40.0-255,66,27408,64,163151
2706,0.000262,74.125.24.0-255,3961,31369,64,163151
2707,0.000269,172.31.40.0-255,66,31435,64,163151
2708,0.000304,172.31.40.0-255,66,31501,64,163151
2709,0.000325,74.125.24.0-255,1484,32985,64,163151
2710,0.000328,172.31.40.0-255,66,33051,64,163151
2711,0.000334,74.125.24.0-255,3961,37012,64,163151
2712,0.000337,172.31.40.0-255,66,37078,64,163151
2713,0.000623,74.125.24.0-255,1484,38562,64,163151
2714,0.000632,172.31.40.0-255,66,38628,64,163151
2715,0.000638,74.125.24.0-255,2902,41530,64,163151
2716,0.00064,172.31.40.0-255,66,41596,64,163151
2717,0.000672,74.125.24.0-255,5738,47334,64,163151
2718,0.000676,172.31.40.0-255,66,47400,64,163151
2719,0.00071,74.125.24.0-255,7069,54469,64,163151
2720,0.000713,172.31.40.0-255,66,54535,64,163151
2721,0.000753,74.125.24.0-255,132,54667,64,163151
2722,0.000756,172.31.40.0-255,66,54733,64,163151
2723,0.000759,74.125.24.0-255,347,55080,64,163151
2724,0.000761,172.31.40.0-255,66,55146,64,163151
2725,0.000937,74.125.24.0-255,1484,56630,64,163151
2726,0.000941,172.31.40.0-255,66,56696,64,163151
2727,0.000947,74.125.24.0-255,2902,59598,64,163151
2728,0.000949,172.31.40.0-255,66,59664,64,163151
2729,0.000979,74.125.24.0-255,5738,65402,64,163151
2730,0.000982,172.31.40.0-255,66,65468,64,163151
2731,0.000999,74.125.24.0-255,4320,69788,64,163151
2732,0.001001,172.31.40.0-255,66,69854,64,163151
2733,0.001038,74.125.24.0-255,5738,75592,64,163151
2734,0.001041,172.31.40.0-255,66,75658,64,163151
2735,0.00106,172.31.40.0-255,66,75724,64,163151
2736,0.001064,74.125.24.0-255,2184,77908,64,163151
2737,0.001066,172.31.40.0-255,66,77974,64,163151
2738,0.002475,74.125.24.0-255,1484,79458,64,163151
2739,0.002482,172.31.40.0-255,66,79524,64,163151
2740,0.002491,74.125.24.0-255,2902,82426,64,163151
2741,0.002493,172.31.40.0-255,66,82492,64,163151
2742,0.002505,74.125.24.0-255,5738,88230,64,163151
2743,0.002507,172.31.40.0-255,66,88296,64,163151
2744,0.002515,74.125.24.0-255,7156,95452,64,163151
2745,0.002518,172.31.40.0-255,66,95518,64,163151
2746,0.002555,74.125.24.0-255,2902,98420,64,163151
2747,0.002561,172.31.40.0-255,66,98486,64,163151
2748,0.002574,172.31.40.0-255,66,98552,64,163151
2749,0.002578,74.125.24.0-255,2184,100736,64,163151
2750,0.00258,172.31.40.0-255,66,100802,64,163151
2751,0.005167,74.125.24.0-255,2902,103704,64,163151
2752,0.005175,172.31.40.0-255,66,103770,64,163151
2753,0.005202,74.125.24.0-255,2902,106672,64,163151
2754,0.005205,172.31.40.0-255,66,106738,64,163151
2755,0.007768,74.125.24.0-255,5738,112476,64,163151
2756,0.007774,172.31.40.0-255,66,112542,64,163151
2757,0.010372,74.125.24.0-255,5738,118280,64,163151
2758,0.010379,172.31.40.0-255,66,118346,64,163151
2759,0.012974,74.125.24.0-255,5738,124084,64,163151
2760,0.012981,172.31.40.0-255,66,124150,64,163151
2761,0.0156,74.125.24.0-255,5738,129888,64,163151
2762,0.015607,172.31.40.0-255,66,129954,64,163151
2763,0.018194,74.125.24.0-255,5738,135692,64,163151
2764,0.018203,172.31.40.0-255,66,135758,64,163151
2765,0.020771,74.125.24.0-255,5738,141496,64,163151
2766,0.020778,172.31.40.0-255,66,141562,64,163151
2767,0.023372,74.125.24.0-255,5738,147300,64,163151
2768,0.02338,172.31.40.0-255,66,147366,64,163151
2769,0.02444,172.31.40.0-255,172,147538,64,163151
2770,0.024474,172.31.40.0-255,1107,148645,64,163151
2771,0.02453,172.31.40.0-255,1514,150159,64,163151
2772,0.024532,172.31.40.0-255,1186,151345,64,163151
2773,0.025963,74.125.24.0-255,5738,157083,64,163151
2774,0.02597,172.31.40.0-255,66,157149,64,163151
2775,0.025999,104.244.42.0-255,66,157215,64,163151
2776,0.026021,104.244.42.0-255,66,157281,64,163151
2777,0.026163,104.244.42.0-255,66,157347,64,163151
2778,0.028538,74.125.24.0-255,5738,163085,64,163151
2779,0.028545,172.31.40.0-255,66,163151,64,163151
2780,0.0,74.125.200.0-255,146,146,64,282020
2781,2.6e-05,172.31.40.0-255,66,212,64,282020
2782,3.5e-05,74.125.200.0-255,1484,1696,64,282020
2783,4e-05,172.31.40.0-255,66,1762,64,282020
2784,4.5e-05,74.125.200.0-255,2902,4664,64,282020
2785,4.8e-05,172.31.40.0-255,66,4730,64,282020
2786,5.5e-05,74.125.200.0-255,5738,10468,64,282020
2787,5.7e-05,172.31.40.0-255,66,10534,64,282020
2788,8.2e-05,74.125.200.0-255,3492,14026,64,282020
2789,8.5e-05,172.31.40.0-255,66,14092,64,282020
2790,8.8e-05,74.125.200.0-255,1484,15576,64,282020
2791,9.1e-05,172.31.40.0-255,66,15642,64,282020
2792,0.000104,74.125.200.0-255,2902,18544,64,282020
2793,0.000107,172.31.40.0-255,66,18610,64,282020
2794,0.000119,172.31.40.0-255,66,18676,64,282020
2795,0.000127,74.125.200.0-255,7156,25832,64,282020
2796,0.000131,172.31.40.0-255,66,25898,64,282020
2797,0.000169,74.125.200.0-255,2902,28800,64,282020
2798,0.000172,172.31.40.0-255,66,28866,64,282020
2799,0.000202,172.31.40.0-255,66,28932,64,282020
2800,0.00041,74.125.200.0-255,1484,30416,64,282020
2801,0.000415,172.31.40.0-255,66,30482,64,282020
2802,0.000456,74.125.200.0-255,2902,33384,64,282020
2803,0.000459,172.31.40.0-255,66,33450,64,282020
2804,0.000465,74.125.200.0-255,4320,37770,64,282020
2805,0.000467,172.31.40.0-255,66,37836,64,282020
2806,0.000494,74.125.200.0-255,4320,42156,64,282020
2807,0.000497,172.31.40.0-255,66,42222,64,282020
2808,0.000536,74.125.200.0-255,4317,46539,64,282020
2809,0.000538,172.31.40.0-255,66,46605,64,282020
2810,0.000735,74.125.200.0-255,1484,48089,64,282020
2811,0.000742,74.125.200.0-255,1484,49573,64,282020
2812,0.000747,74.125.200.0-255,2902,52475,64,282020
2813,0.000749,74.125.200.0-255,1484,53959,64,282020
2814,0.000755,172.31.40.0-255,66,54025,64,282020
2815,0.000766,74.125.200.0-255,4320,58345,64,282020
2816,0.000781,74.125.200.0-255,4320,62665,64,282020
2817,0.0008,74.125.200.0-255,5738,68403,64,282020
2818,0.000806,172.31.40.0-255,66,68469,64,282020
2819,0.000834,74.125.200.0-255,766,69235,64,282020
2820,0.000846,172.31.40.0-255,66,69301,64,282020
2821,0.001112,74.125.200.0-255,1484,70785,64,282020
2822,0.001119,74.125.200.0-255,2902,73687,64,282020
2823,0.001121,172.31.40.0-255,66,73753,64,282020
2824,0.001125,74.125.200.0-255,1484,75237,64,282020
2825,0.001128,74.125.200.0-255,1484,76721,64,282020
2826,0.001141,74.125.200.0-255,1484,78205,64,282020
2827,0.001151,172.31.40.0-255,66,78271,64,282020
2828,0.001161,74.125.200.0-255,2902,81173,64,282020
2829,0.001165,172.31.40.0-255,66,81239,64,282020
2830,0.001179,74.125.200.0-255,2902,84141,64,282020
2831,0.001194,74.125.200.0-255,2902,87043,64,282020
2832,0.001198,172.31.40.0-255,66,87109,64,282020
2833,0.001208,74.125.200.0-255,2902,90011,64,282020
2834,0.001212,172.31.40.0-255,66,90077,64,282020
2835,0.001221,74.125.200.0-255,4320,94397,64,282020
2836,0.001271,172.31.40.0-255,66,94463,64,282020
2837,0.001276,74.125.200.0-255,2184,96647,64,282020
2838,0.00128,74.125.200.0-255,4320,100967,64,282020
2839,0.001282,74.125.200.0-255,1484,102451,64,282020
2840,0.001288,172.31.40.0-255,66,102517,64,282020
2841,0.001302,74.125.200.0-255,7156,109673,64,282020
2842,0.001317,172.31.40.0-255,66,109739,64,282020
2843,0.001342,74.125.200.0-255,5738,115477,64,282020
2844,0.001348,74.125.200.0-255,5020,120497,64,282020
2845,0.001365,172.31.40.0-255,66,120563,64,282020
2846,0.001382,74.125.200.0-255,4320,124883,64,282020
2847,0.001397,74.125.200.0-255,1484,126367,64,282020
2848,0.001403,74.125.200.0-255,4320,130687,64,282020
2849,0.001413,172.31.40.0-255,66,130753,64,282020
2850,0.001422,74.125.200.0-255,4320,135073,64,282020
2851,0.001427,172.31.40.0-255,66,135139,64,282020
2852,0.001443,74.125.200.0-255,7156,142295,64,282020
2853,0.00146,74.125.200.0-255,2902,145197,64,282020
2854,0.001465,74.125.200.0-255,4320,149517,64,282020
2855,0.00147,172.31.40.0-255,66,149583,64,282020
2856,0.00149,74.125.200.0-255,2902,152485,64,282020
2857,0.001504,172.31.40.0-255,66,152551,64,282020
2858,0.001509,74.125.200.0-255,2184,154735,64,282020
2859,0.001514,172.31.40.0-255,66,154801,64,282020
2860,0.001557,74.125.200.0-255,1484,156285,64,282020
2861,0.001576,74.125.200.0-255,2902,159187,64,282020
2862,0.001581,172.31.40.0-255,66,159253,64,282020
2863,0.001597,74.125.200.0-255,4320,163573,64,282020
2864,0.001625,74.125.200.0-255,1484,165057,64,282020
2865,0.00163,74.125.200.0-255,2902,167959,64,282020
2866,0.001633,74.125.200.0-255,1484,169443,64,282020
2867,0.00165,74.125.200.0-255,2902,172345,64,282020
2868,0.001655,172.31.40.0-255,66,172411,64,282020
2869,0.001676,74.125.200.0-255,7156,179567,64,282020
2870,0.001688,74.125.200.0-255,1484,181051,64,282020
2871,0.001693,172.31.40.0-255,66,181117,64,282020
2872,0.001704,74.125.200.0-255,7156,188273,64,282020
2873,0.001706,74.125.200.0-255,766,189039,64,282020
2874,0.001744,172.31.40.0-255,66,189105,64,282020
2875,0.001764,74.125.200.0-255,1484,190589,64,282020
2876,0.00177,74.125.200.0-255,4320,194909,64,282020
2877,0.001775,74.125.200.0-255,2902,197811,64,282020
2878,0.00179,74.125.200.0-255,2902,200713,64,282020
2879,0.001802,74.125.200.0-255,7156,207869,64,282020
2880,0.001806,74.125.200.0-255,2902,210771,64,282020
2881,0.001836,172.31.40.0-255,66,210837,64,282020
2882,0.001843,74.125.200.0-255,1484,212321,64,282020
2883,0.001865,74.125.200.0-255,2902,215223,64,282020
2884,0.001875,172.31.40.0-255,66,215289,64,282020
2885,0.001885,74.125.200.0-255,4320,219609,64,282020
2886,0.001895,172.31.40.0-255,66,219675,64,282020
2887,0.001901,74.125.200.0-255,3602,223277,64,282020
2888,0.001906,74.125.200.0-255,4320,227597,64,282020
2889,0.001921,74.125.200.0-255,5738,233335,64,282020
2890,0.001944,74.125.200.0-255,1484,234819,64,282020
2891,0.001948,74.125.200.0-255,2902,237721,64,282020
2892,0.001953,172.31.40.0-255,66,237787,64,282020
2893,0.001984,74.125.200.0-255,2902,240689,64,282020
2894,0.001993,172.31.40.0-255,66,240755,64,282020
2895,0.002027,74.125.200.0-255,5738,246493,64,282020
2896,0.002034,172.31.40.0-255,66,246559,64,282020
2897,0.002044,74.125.200.0-255,5738,252297,64,282020
2898,0.002049,74.125.200.0-255,4320,256617,64,282020
2899,0.002055,172.31.40.0-255,66,256683,64,282020
2900,0.002079,74.125.200.0-255,2902,259585,64,282020
2901,0.002117,172.31.40.0-255,66,259651,64,282020
2902,0.002134,74.125.200.0-255,4320,263971,64,282020
2903,0.002162,172.31.40.0-255,66,264037,64,282020
2904,0.002198,172.31.40.0-255,66,264103,64,282020
2905,0.002215,74.125.200.0-255,4320,268423,64,282020
2906,0.002247,172.31.40.0-255,66,268489,64,282020
2907,0.002254,74.125.200.0-255,1484,269973,64,282020
2908,0.002278,74.125.200.0-255,4320,274293,64,282020
2909,0.002293,74.125.200.0-255,5738,280031,64,282020
2910,0.002304,172.31.40.0-255,66,280097,64,282020
2911,0.002316,74.125.200.0-255,1484,281581,64,282020
2912,0.002343,74.125.200.0-255,97,281678,64,282020
2913,0.002345,74.125.200.0-255,105,281783,64,282020
2914,0.00237,172.31.40.0-255,66,281849,64,282020
2915,0.004926,172.31.40.0-255,105,281954,64,282020
2916,0.00747,74.125.200.0-255,66,282020,64,282020
2917,0.0,74.125.24.0-255,153,153,64,144298
2918,2.5e-05,172.31.40.0-255,66,219,64,144298
2919,3.3e-05,74.125.24.0-255,1484,1703,64,144298
2920,3.8e-05,172.31.40.0-255,66,1769,64,144298
2921,4.5e-05,74.125.24.0-255,2902,4671,64,144298
2922,4.8e-05,172.31.40.0-255,66,4737,64,144298
2923,5.7e-05,74.125.24.0-255,7156,11893,64,144298
2924,5.9e-05,172.31.40.0-255,66,11959,64,144298
2925,6.4e-05,74.125.24.0-255,2030,13989,64,144298
2926,6.6e-05,172.31.40.0-255,66,14055,64,144298
2927,0.0002,74.125.24.0-255,1484,15539,64,144298
2928,0.000205,172.31.40.0-255,66,15605,64,144298
2929,0.000212,74.125.24.0-255,2902,18507,64,144298
2930,0.000214,172.31.40.0-255,66,18573,64,144298
2931,0.000221,74.125.24.0-255,5738,24311,64,144298
2932,0.000224,172.31.40.0-255,66,24377,64,144298
2933,0.000271,172.31.40.0-255,66,24443,64,144298
2934,0.000289,74.125.24.0-255,1125,25568,64,144298
2935,0.000291,172.31.40.0-255,66,25634,64,144298
2936,0.000304,172.31.40.0-255,66,25700,64,144298
2937,0.000309,74.125.24.0-255,3961,29661,64,144298
2938,0.000312,172.31.40.0-255,66,29727,64,144298
2939,0.000362,74.125.24.0-255,4320,34047,64,144298
2940,0.000365,172.31.40.0-255,66,34113,64,144298
2941,0.000377,172.31.40.0-255,66,34179,64,144298
2942,0.000382,74.125.24.0-255,2543,36722,64,144298
2943,0.000384,172.31.40.0-255,66,36788,64,144298
2944,0.00133,74.125.24.0-255,645,37433,64,144298
2945,0.001338,172.31.40.0-255,66,37499,64,144298
2946,0.001359,74.125.24.0-255,1484,38983,64,144298
2947,0.001368,74.125.24.0-255,4320,43303,64,144298
2948,0.001371,172.31.40.0-255,66,43369,64,144298
2949,0.001391,74.125.24.0-255,4320,47689,64,144298
2950,0.001395,172.31.40.0-255,66,47755,64,144298
2951,0.001429,74.125.24.0-255,5738,53493,64,144298
2952,0.001432,172.31.40.0-255,66,53559,64,144298
2953,0.001443,172.31.40.0-255,66,53625,64,144298
2954,0.001484,74.125.24.0-255,2902,56527,64,144298
2955,0.001488,172.31.40.0-255,66,56593,64,144298
2956,0.001506,74.125.24.0-255,5020,61613,64,144298
2957,0.001508,172.31.40.0-255,66,61679,64,144298
2958,0.003581,74.125.24.0-255,5738,67417,64,144298
2959,0.003588,172.31.40.0-255,66,67483,64,144298
2960,0.005696,74.125.24.0-255,5738,73221,64,144298
2961,0.0057,172.31.40.0-255,66,73287,64,144298
2962,0.00776,74.125.24.0-255,5738,79025,64,144298
2963,0.007768,172.31.40.0-255,66,79091,64,144298
2964,0.009847,74.125.24.0-255,5738,84829,64,144298
2965,0.009856,172.31.40.0-255,66,84895,64,144298
2966,0.011946,74.125.24.0-255,5738,90633,64,144298
2967,0.011954,172.31.40.0-255,66,90699,64,144298
2968,0.014051,74.125.24.0-255,5738,96437,64,144298
2969,0.014063,172.31.40.0-255,66,96503,64,144298
2970,0.016192,74.125.24.0-255,5738,102241,64,144298
2971,0.0162,172.31.40.0-255,66,102307,64,144298
2972,0.018287,74.125.24.0-255,5738,108045,64,144298
2973,0.018295,172.31.40.0-255,66,108111,64,144298
2974,0.020388,74.125.24.0-255,5738,113849,64,144298
2975,0.020396,172.31.40.0-255,66,113915,64,144298
2976,0.022476,74.125.24.0-255,5738,119653,64,144298
2977,0.022484,172.31.40.0-255,66,119719,64,144298
2978,0.024535,74.125.24.0-255,5738,125457,64,144298
2979,0.024541,172.31.40.0-255,66,125523,64,144298
2980,0.024559,172.31.40.0-255,172,125695,64,144298
2981,0.024588,172.31.40.0-255,1112,126807,64,144298
2982,0.024694,172.31.40.0-255,1514,128321,64,144298
2983,0.024696,172.31.40.0-255,1514,129835,64,144298
2984,0.024697,172.31.40.0-255,1514,131349,64,144298
2985,0.024723,172.31.40.0-255,1077,132426,64,144298
2986,0.02611,104.244.42.0-255,66,132492,64,144298
2987,0.026153,104.244.42.0-255,66,132558,64,144298
2988,0.026252,104.244.42.0-255,66,132624,64,144298
2989,0.026297,104.244.42.0-255,66,132690,64,144298
2990,0.026609,74.125.24.0-255,5738,138428,64,144298
2991,0.026613,172.31.40.0-255,66,138494,64,144298
2992,0.02868,74.125.24.0-255,5738,144232,64,144298
2993,0.028686,172.31.40.0-255,66,144298,64,144298
2994,0.0,216.58.203.0-255,152,152,64,210604
2995,2.4e-05,172.31.40.0-255,66,218,64,210604
2996,3.1e-05,216.58.203.0-255,1484,1702,64,210604
2997,3.5e-05,172.31.40.0-255,66,1768,64,210604
2998,4.8e-05,216.58.203.0-255,2902,4670,64,210604
2999,5.2e-05,172.31.40.0-255,66,4736,64,210604
3000,5.9e-05,216.58.203.0-255,5738,10474,64,210604
3001,6.3e-05,172.31.40.0-255,66,10540,64,210604
3002,6.9e-05,216.58.203.0-255,4320,14860,64,210604
3003,7.1e-05,172.31.40.0-255,66,14926,64,210604
3004,9.4e-05,216.58.203.0-255,4974,19900,64,210604
3005,9.7e-05,172.31.40.0-255,66,19966,64,210604
3006,0.000103,216.58.203.0-255,5738,25704,64,210604
3007,0.000106,172.31.40.0-255,66,25770,64,210604
3008,0.000136,216.58.203.0-255,4320,30090,64,210604
3009,0.000139,172.31.40.0-255,66,30156,64,210604
3010,0.000143,216.58.203.0-255,1125,31281,64,210604
3011,0.000145,172.31.40.0-255,66,31347,64,210604
3012,0.000251,216.58.203.0-255,1484,32831,64,210604
3013,0.000255,172.31.40.0-255,66,32897,64,210604
3014,0.000259,216.58.203.0-255,1484,34381,64,210604
3015,0.000261,172.31.40.0-255,66,34447,64,210604
3016,0.000284,216.58.203.0-255,1484,35931,64,210604
3017,0.000291,172.31.40.0-255,66,35997,64,210604
3018,0.000297,216.58.203.0-255,4320,40317,64,210604
3019,0.000299,172.31.40.0-255,66,40383,64,210604
3020,0.000339,172.31.40.0-255,66,40449,64,210604
3021,0.000344,216.58.203.0-255,4320,44769,64,210604
3022,0.000346,172.31.40.0-255,66,44835,64,210604
3023,0.000386,216.58.203.0-255,5738,50573,64,210604
3024,0.000389,172.31.40.0-255,66,50639,64,210604
3025,0.000414,216.58.203.0-255,5645,56284,64,210604
3026,0.000417,172.31.40.0-255,66,56350,64,210604
3027,0.000569,216.58.203.0-255,139,56489,64,210604
3028,0.000768,216.58.203.0-255,1484,57973,64,210604
3029,0.000772,172.31.40.0-255,66,58039,64,210604
3030,0.000777,216.58.203.0-255,1484,59523,64,210604
3031,0.0008,216.58.203.0-255,1484,61007,64,210604
3032,0.000803,172.31.40.0-255,66,61073,64,210604
3033,0.000811,216.58.203.0-255,5738,66811,64,210604
3034,0.000818,172.31.40.0-255,66,66877,64,210604
3035,0.000829,172.31.40.0-255,66,66943,64,210604
3036,0.000854,216.58.203.0-255,5379,72322,64,210604
3037,0.000862,172.31.40.0-255,66,72388,64,210604
3038,0.000873,172.31.40.0-255,66,72454,64,210604
3039,0.00114,216.58.203.0-255,1484,73938,64,210604
3040,0.001146,216.58.203.0-255,2902,76840,64,210604
3041,0.001149,172.31.40.0-255,66,76906,64,210604
3042,0.001181,216.58.203.0-255,2902,79808,64,210604
3043,0.001183,172.31.40.0-255,66,79874,64,210604
3044,0.001209,216.58.203.0-255,2902,82776,64,210604
3045,0.001212,172.31.40.0-255,66,82842,64,210604
3046,0.001228,172.31.40.0-255,66,82908,64,210604
3047,0.001264,172.31.40.0-255,66,82974,64,210604
3048,0.001557,216.58.203.0-255,1484,84458,64,210604
3049,0.00158,216.58.203.0-255,2902,87360,64,210604
3050,0.001584,172.31.40.0-255,66,87426,64,210604
3051,0.001591,216.58.203.0-255,5738,93164,64,210604
3052,0.001593,172.31.40.0-255,66,93230,64,210604
3053,0.001602,216.58.203.0-255,4320,97550,64,210604
3054,0.001605,172.31.40.0-255,66,97616,64,210604
3055,0.001611,216.58.203.0-255,5738,103354,64,210604
3056,0.001613,172.31.40.0-255,66,103420,64,210604
3057,0.00162,216.58.203.0-255,5738,109158,64,210604
3058,0.001621,172.31.40.0-255,66,109224,64,210604
3059,0.001661,216.58.203.0-255,5738,114962,64,210604
3060,0.001664,172.31.40.0-255,66,115028,64,210604
3061,0.001668,216.58.203.0-255,2184,117212,64,210604
3062,0.00167,172.31.40.0-255,66,117278,64,210604
3063,0.003348,216.58.203.0-255,2902,120180,64,210604
3064,0.003355,172.31.40.0-255,66,120246,64,210604
3065,0.003384,216.58.203.0-255,2902,123148,64,210604
3066,0.003387,172.31.40.0-255,66,123214,64,210604
3067,0.005014,216.58.203.0-255,2902,126116,64,210604
3068,0.005017,172.31.40.0-255,66,126182,64,210604
3069,0.005041,216.58.203.0-255,1484,127666,64,210604
3070,0.005053,216.58.203.0-255,1484,129150,64,210604
3071,0.005055,172.31.40.0-255,66,129216,64,210604
3072,0.006687,216.58.203.0-255,2902,132118,64,210604
3073,0.006691,172.31.40.0-255,66,132184,64,210604
3074,0.006717,216.58.203.0-255,2902,135086,64,210604
3075,0.006719,172.31.40.0-255,66,135152,64,210604
3076,0.008373,216.58.203.0-255,5738,140890,64,210604
3077,0.00838,172.31.40.0-255,66,140956,64,210604
3078,0.010052,216.58.203.0-255,5738,146694,64,210604
3079,0.01006,172.31.40.0-255,66,146760,64,210604
3080,0.011739,216.58.203.0-255,5738,152498,64,210604
3081,0.011747,172.31.40.0-255,66,152564,64,210604
3082,0.013419,216.58.203.0-255,5738,158302,64,210604
3083,0.013426,172.31.40.0-255,66,158368,64,210604
3084,0.015104,216.58.203.0-255,5738,164106,64,210604
3085,0.015113,172.31.40.0-255,66,164172,64,210604
3086,0.016794,216.58.203.0-255,5738,169910,64,210604
3087,0.016801,172.31.40.0-255,66,169976,64,210604
3088,0.018477,216.58.203.0-255,5738,175714,64,210604
3089,0.018484,172.31.40.0-255,66,175780,64,210604
3090,0.020169,216.58.203.0-255,5738,181518,64,210604
3091,0.020176,172.31.40.0-255,66,181584,64,210604
3092,0.021852,216.58.203.0-255,5738,187322,64,210604
3093,0.021859,172.31.40.0-255,66,187388,64,210604
3094,0.023542,216.58.203.0-255,5738,193126,64,210604
3095,0.023549,172.31.40.0-255,66,193192,64,210604
3096,0.025247,216.58.203.0-255,5738,198930,64,210604
3097,0.025254,172.31.40.0-255,66,198996,64,210604
3098,0.026937,216.58.203.0-255,5738,204734,64,210604
3099,0.026944,172.31.40.0-255,66,204800,64,210604
3100,0.02863,216.58.203.0-255,5738,210538,64,210604
3101,0.028644,172.31.40.0-255,66,210604,64,210604
3102,0.0,74.125.24.0-255,154,154,64,257333
3103,1.8e-05,172.31.40.0-255,66,220,64,257333
3104,2.5e-05,74.125.24.0-255,1484,1704,64,257333
3105,3e-05,172.31.40.0-255,66,1770,64,257333
3106,3.6e-05,74.125.24.0-255,2902,4672,64,257333
3107,4.7e-05,172.31.40.0-255,66,4738,64,257333
3108,5.4e-05,74.125.24.0-255,7156,11894,64,257333
3109,5.8e-05,172.31.40.0-255,66,11960,64,257333
3110,6.2e-05,74.125.24.0-255,2002,13962,64,257333
3111,6.5e-05,172.31.40.0-255,66,14028,64,257333
3112,0.000186,74.125.24.0-255,1484,15512,64,257333
3113,0.00019,172.31.40.0-255,66,15578,64,257333
3114,0.000197,74.125.24.0-255,2902,18480,64,257333
3115,0.0002,172.31.40.0-255,66,18546,64,257333
3116,0.000211,74.125.24.0-255,5738,24284,64,257333
3117,0.000213,172.31.40.0-255,66,24350,64,257333
3118,0.00022,74.125.24.0-255,5738,30088,64,257333
3119,0.000222,172.31.40.0-255,66,30154,64,257333
3120,0.000255,74.125.24.0-255,1125,31279,64,257333
3121,0.000258,172.31.40.0-255,66,31345,64,257333
3122,0.000403,74.125.24.0-255,1484,32829,64,257333
3123,0.000407,172.31.40.0-255,66,32895,64,257333
3124,0.000431,74.125.24.0-255,1484,34379,64,257333
3125,0.000434,172.31.40.0-255,66,34445,64,257333
3126,0.000439,74.125.24.0-255,2902,37347,64,257333
3127,0.000442,172.31.40.0-255,66,37413,64,257333
3128,0.000451,74.125.24.0-255,2902,40315,64,257333
3129,0.000453,172.31.40.0-255,66,40381,64,257333
3130,0.000484,74.125.24.0-255,2902,43283,64,257333
3131,0.000487,172.31.40.0-255,66,43349,64,257333
3132,0.000493,74.125.24.0-255,4320,47669,64,257333
3133,0.000496,172.31.40.0-255,66,47735,64,257333
3134,0.000502,74.125.24.0-255,5738,53473,64,257333
3135,0.000511,172.31.40.0-255,66,53539,64,257333
3136,0.000543,74.125.24.0-255,6797,60336,64,257333
3137,0.00055,74.125.24.0-255,5379,65715,64,257333
3138,0.000553,74.125.24.0-255,412,66127,64,257333
3139,0.00058,172.31.40.0-255,66,66193,64,257333
3140,0.000608,74.125.24.0-255,333,66526,64,257333
3141,0.001007,74.125.24.0-255,1484,68010,64,257333
3142,0.001011,172.31.40.0-255,66,68076,64,257333
3143,0.001017,74.125.24.0-255,2902,70978,64,257333
3144,0.001022,74.125.24.0-255,2902,73880,64,257333
3145,0.001033,172.31.40.0-255,66,73946,64,257333
3146,0.001043,74.125.24.0-255,2902,76848,64,257333
3147,0.001069,74.125.24.0-255,1484,78332,64,257333
3148,0.001119,172.31.40.0-255,66,78398,64,257333
3149,0.001402,74.125.24.0-255,1484,79882,64,257333
3150,0.001416,74.125.24.0-255,2902,82784,64,257333
3151,0.001419,172.31.40.0-255,66,82850,64,257333
3152,0.001426,74.125.24.0-255,5738,88588,64,257333
3153,0.001448,74.125.24.0-255,5738,94326,64,257333
3154,0.001462,74.125.24.0-255,4320,98646,64,257333
3155,0.001473,172.31.40.0-255,66,98712,64,257333
3156,0.001477,74.125.24.0-255,2902,101614,64,257333
3157,0.001483,74.125.24.0-255,5738,107352,64,257333
3158,0.001493,172.31.40.0-255,66,107418,64,257333
3159,0.001504,74.125.24.0-255,5020,112438,64,257333
3160,0.001527,172.31.40.0-255,66,112504,64,257333
3161,0.001746,74.125.24.0-255,1484,113988,64,257333
3162,0.00175,74.125.24.0-255,1484,115472,64,257333
3163,0.001753,172.31.40.0-255,66,115538,64,257333
3164,0.001778,74.125.24.0-255,1484,117022,64,257333
3165,0.001784,74.125.24.0-255,5738,122760,64,257333
3166,0.00182,172.31.40.0-255,66,122826,64,257333
3167,0.001832,74.125.24.0-255,7156,129982,64,257333
3168,0.001849,172.31.40.0-255,66,130048,64,257333
3169,0.001878,172.31.40.0-255,66,130114,64,257333
3170,0.002011,74.125.24.0-255,1484,131598,64,257333
3171,0.002017,74.125.24.0-255,2902,134500,64,257333
3172,0.00202,172.31.40.0-255,66,134566,64,257333
3173,0.002026,74.125.24.0-255,4320,138886,64,257333
3174,0.002053,74.125.24.0-255,1484,140370,64,257333
3175,0.002073,172.31.40.0-255,66,140436,64,257333
3176,0.00208,74.125.24.0-255,1484,141920,64,257333
3177,0.002086,74.125.24.0-255,4320,146240,64,257333
3178,0.002104,74.125.24.0-255,6438,152678,64,257333
3179,0.002108,172.31.40.0-255,66,152744,64,257333
3180,0.002309,74.125.24.0-255,1484,154228,64,257333
3181,0.002315,74.125.24.0-255,2902,157130,64,257333
3182,0.002318,172.31.40.0-255,66,157196,64,257333
3183,0.002322,74.125.24.0-255,1484,158680,64,257333
3184,0.00235,74.125.24.0-255,4320,163000,64,257333
3185,0.002357,74.125.24.0-255,7156,170156,64,257333
3186,0.002362,74.125.24.0-255,4320,174476,64,257333
3187,0.00237,172.31.40.0-255,66,174542,64,257333
3188,0.002396,74.125.24.0-255,2184,176726,64,257333
3189,0.002416,172.31.40.0-255,66,176792,64,257333
3190,0.002444,74.125.24.0-255,7156,183948,64,257333
3191,0.002463,172.31.40.0-255,66,184014,64,257333
3192,0.002513,74.125.24.0-255,766,184780,64,257333
3193,0.002568,74.125.24.0-255,7156,191936,64,257333
3194,0.00258,74.125.24.0-255,1484,193420,64,257333
3195,0.002583,74.125.24.0-255,1484,194904,64,257333
3196,0.002607,74.125.24.0-255,6438,201342,64,257333
3197,0.00267,74.125.24.0-255,1484,202826,64,257333
3198,0.002674,74.125.24.0-255,1484,204310,64,257333
3199,0.00269,74.125.24.0-255,1484,205794,64,257333
3200,0.002693,74.125.24.0-255,1484,207278,64,257333
3201,0.002714,74.125.24.0-255,4320,211598,64,257333
3202,0.002717,74.125.24.0-255,1484,213082,64,257333
3203,0.002804,74.125.24.0-255,1484,214566,64,257333
3204,0.002823,74.125.24.0-255,2902,217468,64,257333
3205,0.002828,74.125.24.0-255,4320,221788,64,257333
3206,0.002845,74.125.24.0-255,1484,223272,64,257333
3207,0.002858,74.125.24.0-255,2902,226174,64,257333
3208,0.002873,74.125.24.0-255,4320,230494,64,257333
3209,0.002903,74.125.24.0-255,5738,236232,64,257333
3210,0.002907,74.125.24.0-255,2184,238416,64,257333
3211,0.00326,74.125.24.0-255,1484,239900,64,257333
3212,0.003266,74.125.24.0-255,2902,242802,64,257333
3213,0.003295,74.125.24.0-255,5738,248540,64,257333
3214,0.003299,74.125.24.0-255,2902,251442,64,257333
3215,0.003311,74.125.24.0-255,1484,252926,64,257333
3216,0.003349,74.125.24.0-255,1484,254410,64,257333
3217,0.003395,74.125.24.0-255,2398,256808,64,257333
3218,0.003428,74.125.24.0-255,105,256913,64,257333
3219,0.012057,172.31.40.0-255,66,256979,64,257333
3220,0.013475,74.125.24.0-255,105,257084,64,257333
3221,0.013487,172.31.40.0-255,78,257162,64,257333
3222,0.014119,172.31.40.0-255,105,257267,64,257333
3223,0.016647,74.125.24.0-255,66,257333,64,257333
3224,0.0,172.217.27.0-255,153,153,64,197244
3225,2.3e-05,172.31.40.0-255,66,219,64,197244
3226,3.1e-05,172.217.27.0-255,1484,1703,64,197244
3227,3.6e-05,172.31.40.0-255,66,1769,64,197244
3228,4.9e-05,172.217.27.0-255,2902,4671,64,197244
3229,5.2e-05,172.31.40.0-255,66,4737,64,197244
3230,5.5e-05,172.217.27.0-255,1484,6221,64,197244
3231,5.8e-05,172.31.40.0-255,66,6287,64,197244
3232,6.3e-05,172.217.27.0-255,1484,7771,64,197244
3233,6.5e-05,172.31.40.0-255,66,7837,64,197244
3234,7.1e-05,172.217.27.0-255,2902,10739,64,197244
3235,7.3e-05,172.31.40.0-255,66,10805,64,197244
3236,0.000129,172.217.27.0-255,3557,14362,64,197244
3237,0.000132,172.31.40.0-255,66,14428,64,197244
3238,0.000257,172.217.27.0-255,1484,15912,64,197244
3239,0.000262,172.31.40.0-255,66,15978,64,197244
3240,0.000267,172.217.27.0-255,2902,18880,64,197244
3241,0.00027,172.31.40.0-255,66,18946,64,197244
3242,0.000297,172.217.27.0-255,5738,24684,64,197244
3243,0.0003,172.31.40.0-255,66,24750,64,197244
3244,0.000308,172.217.27.0-255,6797,31547,64,197244
3245,0.00031,172.31.40.0-255,66,31613,64,197244
3246,0.000337,172.217.27.0-255,1484,33097,64,197244
3247,0.000339,172.31.40.0-255,66,33163,64,197244
3248,0.000343,172.217.27.0-255,2902,36065,64,197244
3249,0.000345,172.31.40.0-255,66,36131,64,197244
3250,0.000348,172.217.27.0-255,1484,37615,64,197244
3251,0.00035,172.31.40.0-255,66,37681,64,197244
3252,0.00038,172.217.27.0-255,2902,40583,64,197244
3253,0.000383,172.31.40.0-255,66,40649,64,197244
3254,0.000415,172.31.40.0-255,66,40715,64,197244
3255,0.000463,172.217.27.0-255,1484,42199,64,197244
3256,0.000467,172.217.27.0-255,1484,43683,64,197244
3257,0.00047,172.31.40.0-255,66,43749,64,197244
3258,0.000494,172.217.27.0-255,1484,45233,64,197244
3259,0.000501,172.217.27.0-255,5738,50971,64,197244
3260,0.000503,172.31.40.0-255,66,51037,64,197244
3261,0.000509,172.217.27.0-255,5738,56775,64,197244
3262,0.000512,172.31.40.0-255,66,56841,64,197244
3263,0.000515,172.217.27.0-255,1125,57966,64,197244
3264,0.000551,172.217.27.0-255,354,58320,64,197244
3265,0.001049,172.217.27.0-255,137,58457,64,197244
3266,0.001175,172.31.40.0-255,66,58523,64,197244
3267,0.001213,172.217.27.0-255,1484,60007,64,197244
3268,0.001217,172.217.27.0-255,1484,61491,64,197244
3269,0.001221,172.31.40.0-255,66,61557,64,197244
3270,0.00125,172.217.27.0-255,1484,63041,64,197244
3271,0.001256,172.217.27.0-255,5738,68779,64,197244
3272,0.001258,172.31.40.0-255,66,68845,64,197244
3273,0.001265,172.217.27.0-255,6797,75642,64,197244
3274,0.001267,172.31.40.0-255,66,75708,64,197244
3275,0.0013,172.217.27.0-255,1484,77192,64,197244
3276,0.00132,172.217.27.0-255,2902,80094,64,197244
3277,0.001323,172.31.40.0-255,66,80160,64,197244
3278,0.001327,172.217.27.0-255,2902,83062,64,197244
3279,0.001329,172.31.40.0-255,66,83128,64,197244
3280,0.001345,172.217.27.0-255,2902,86030,64,197244
3281,0.001348,172.31.40.0-255,66,86096,64,197244
3282,0.001351,172.217.27.0-255,1484,87580,64,197244
3283,0.001388,172.217.27.0-255,5379,92959,64,197244
3284,0.001391,172.31.40.0-255,66,93025,64,197244
3285,0.00301,172.217.27.0-255,5738,98763,64,197244
3286,0.003017,172.31.40.0-255,66,98829,64,197244
3287,0.004649,172.217.27.0-255,5738,104567,64,197244
3288,0.004653,172.31.40.0-255,66,104633,64,197244
3289,0.006269,172.217.27.0-255,4320,108953,64,197244
3290,0.006273,172.31.40.0-255,66,109019,64,197244
3291,0.006299,172.217.27.0-255,1484,110503,64,197244
3292,0.007921,172.217.27.0-255,4320,114823,64,197244
3293,0.007928,172.31.40.0-255,66,114889,64,197244
3294,0.009562,172.217.27.0-255,5738,120627,64,197244
3295,0.009569,172.31.40.0-255,66,120693,64,197244
3296,0.011186,172.217.27.0-255,5738,126431,64,197244
3297,0.011198,172.31.40.0-255,66,126497,64,197244
3298,0.012834,172.217.27.0-255,5738,132235,64,197244
3299,0.012843,172.31.40.0-255,66,132301,64,197244
3300,0.014488,172.217.27.0-255,5738,138039,64,197244
3301,0.014498,172.31.40.0-255,66,138105,64,197244
3302,0.016133,172.217.27.0-255,5738,143843,64,197244
3303,0.01614,172.31.40.0-255,66,143909,64,197244
3304,0.01778,172.217.27.0-255,5738,149647,64,197244
3305,0.017787,172.31.40.0-255,66,149713,64,197244
3306,0.019415,172.217.27.0-255,5738,155451,64,197244
3307,0.019421,172.31.40.0-255,66,155517,64,197244
3308,0.021047,172.217.27.0-255,5738,161255,64,197244
3309,0.021056,172.31.40.0-255,66,161321,64,197244
3310,0.022689,172.217.27.0-255,5738,167059,64,197244
3311,0.022697,172.31.40.0-255,66,167125,64,197244
3312,0.024334,172.217.27.0-255,5738,172863,64,197244
3313,0.024341,172.31.40.0-255,66,172929,64,197244
3314,0.025966,172.217.27.0-255,5738,178667,64,197244
3315,0.025973,172.31.40.0-255,66,178733,64,197244
3316,0.027645,172.217.27.0-255,5738,184471,64,197244
3317,0.027651,172.31.40.0-255,66,184537,64,197244
3318,0.02867,172.31.40.0-255,172,184709,64,197244
3319,0.028706,172.31.40.0-255,1113,185822,64,197244
3320,0.02877,172.31.40.0-255,1514,187336,64,197244
3321,0.028772,172.31.40.0-255,1514,188850,64,197244
3322,0.028773,172.31.40.0-255,1514,190364,64,197244
3323,0.028774,172.31.40.0-255,1076,191440,64,197244
3324,0.029272,172.217.27.0-255,5738,197178,64,197244
3325,0.029279,172.31.40.0-255,66,197244,64,197244
3326,0.0,74.125.200.0-255,146,146,64,266794
3327,2.3e-05,172.31.40.0-255,66,212,64,266794
3328,3e-05,74.125.200.0-255,1484,1696,64,266794
3329,3.4e-05,172.31.40.0-255,66,1762,64,266794
3330,3.9e-05,74.125.200.0-255,2902,4664,64,266794
3331,4.3e-05,172.31.40.0-255,66,4730,64,266794
3332,4.9e-05,74.125.200.0-255,4320,9050,64,266794
3333,5.3e-05,172.31.40.0-255,66,9116,64,266794
3334,7.4e-05,74.125.200.0-255,2902,12018,64,266794
3335,7.7e-05,172.31.40.0-255,66,12084,64,266794
3336,9.3e-05,74.125.200.0-255,2101,14185,64,266794
3337,9.6e-05,172.31.40.0-255,66,14251,64,266794
3338,0.000202,74.125.200.0-255,1484,15735,64,266794
3339,0.000205,172.31.40.0-255,66,15801,64,266794
3340,0.000211,74.125.200.0-255,2902,18703,64,266794
3341,0.000213,172.31.40.0-255,66,18769,64,266794
3342,0.000232,74.125.200.0-255,5738,24507,64,266794
3343,0.000234,172.31.40.0-255,66,24573,64,266794
3344,0.000254,74.125.200.0-255,6797,31370,64,266794
3345,0.000257,172.31.40.0-255,66,31436,64,266794
3346,0.000281,74.125.200.0-255,1484,32920,64,266794
3347,0.000284,172.31.40.0-255,66,32986,64,266794
3348,0.000303,74.125.200.0-255,2902,35888,64,266794
3349,0.000306,172.31.40.0-255,66,35954,64,266794
3350,0.000313,74.125.200.0-255,5738,41692,64,266794
3351,0.000316,172.31.40.0-255,66,41758,64,266794
3352,0.00033,74.125.200.0-255,4320,46078,64,266794
3353,0.000333,172.31.40.0-255,66,46144,64,266794
3354,0.00038,74.125.200.0-255,2543,48687,64,266794
3355,0.000383,172.31.40.0-255,66,48753,64,266794
3356,0.000816,74.125.200.0-255,1484,50237,64,266794
3357,0.000821,172.31.40.0-255,66,50303,64,266794
3358,0.000827,74.125.200.0-255,2902,53205,64,266794
3359,0.000829,172.31.40.0-255,66,53271,64,266794
3360,0.000833,74.125.200.0-255,1484,54755,64,266794
3361,0.000835,172.31.40.0-255,66,54821,64,266794
3362,0.00084,74.125.200.0-255,2902,57723,64,266794
3363,0.000842,172.31.40.0-255,66,57789,64,266794
3364,0.000881,74.125.200.0-255,5738,63527,64,266794
3365,0.000884,172.31.40.0-255,66,63593,64,266794
3366,0.000889,74.125.200.0-255,2902,66495,64,266794
3367,0.000891,172.31.40.0-255,66,66561,64,266794
3368,0.000918,74.125.200.0-255,3961,70522,64,266794
3369,0.000921,172.31.40.0-255,66,70588,64,266794
3370,0.000929,74.125.200.0-255,7156,77744,64,266794
3371,0.000932,172.31.40.0-255,66,77810,64,266794
3372,0.000937,74.125.200.0-255,4320,82130,64,266794
3373,0.000939,172.31.40.0-255,66,82196,64,266794
3374,0.000965,74.125.200.0-255,1706,83902,64,266794
3375,0.000968,172.31.40.0-255,66,83968,64,266794
3376,0.000985,74.125.200.0-255,1484,85452,64,266794
3377,0.000988,172.31.40.0-255,66,85518,64,266794
3378,0.001005,74.125.200.0-255,2902,88420,64,266794
3379,0.001008,172.31.40.0-255,66,88486,64,266794
3380,0.001014,74.125.200.0-255,5738,94224,64,266794
3381,0.001017,172.31.40.0-255,66,94290,64,266794
3382,0.001048,172.31.40.0-255,66,94356,64,266794
3383,0.001054,74.125.200.0-255,5738,100094,64,266794
3384,0.001056,172.31.40.0-255,66,100160,64,266794
3385,0.001088,74.125.200.0-255,2902,103062,64,266794
3386,0.001091,172.31.40.0-255,66,103128,64,266794
3387,0.001112,74.125.200.0-255,2937,106065,64,266794
3388,0.001114,172.31.40.0-255,66,106131,64,266794
3389,0.00112,74.125.200.0-255,4320,110451,64,266794
3390,0.001122,172.31.40.0-255,66,110517,64,266794
3391,0.001138,74.125.200.0-255,2902,113419,64,266794
3392,0.001141,172.31.40.0-255,66,113485,64,266794
3393,0.001148,74.125.200.0-255,7156,120641,64,266794
3394,0.00115,172.31.40.0-255,66,120707,64,266794
3395,0.001197,74.125.200.0-255,3239,123946,64,266794
3396,0.001201,172.31.40.0-255,66,124012,64,266794
3397,0.001233,74.125.200.0-255,4320,128332,64,266794
3398,0.001237,172.31.40.0-255,66,128398,64,266794
3399,0.00125,74.125.200.0-255,4320,132718,64,266794
3400,0.001254,172.31.40.0-255,66,132784,64,266794
3401,0.00126,74.125.200.0-255,5738,138522,64,266794
3402,0.001262,172.31.40.0-255,66,138588,64,266794
3403,0.001292,74.125.200.0-255,1484,140072,64,266794
3404,0.001295,172.31.40.0-255,66,140138,64,266794
3405,0.001328,172.31.40.0-255,66,140204,64,266794
3406,0.001364,172.31.40.0-255,66,140270,64,266794
3407,0.00138,74.125.200.0-255,766,141036,64,266794
3408,0.001383,172.31.40.0-255,66,141102,64,266794
3409,0.001738,74.125.200.0-255,1484,142586,64,266794
3410,0.001743,172.31.40.0-255,66,142652,64,266794
3411,0.001748,74.125.200.0-255,2902,145554,64,266794
3412,0.00175,172.31.40.0-255,66,145620,64,266794
3413,0.001755,74.125.200.0-255,4320,149940,64,266794
3414,0.001757,172.31.40.0-255,66,150006,64,266794
3415,0.001777,74.125.200.0-255,5738,155744,64,266794
3416,0.001781,172.31.40.0-255,66,155810,64,266794
3417,0.001789,74.125.200.0-255,2902,158712,64,266794
3418,0.001792,172.31.40.0-255,66,158778,64,266794
3419,0.001795,74.125.200.0-255,1484,160262,64,266794
3420,0.001821,74.125.200.0-255,7156,167418,64,266794
3421,0.001833,172.31.40.0-255,66,167484,64,266794
3422,0.001851,74.125.200.0-255,1484,168968,64,266794
3423,0.001873,74.125.200.0-255,6438,175406,64,266794
3424,0.001888,172.31.40.0-255,66,175472,64,266794
3425,0.001901,74.125.200.0-255,1484,176956,64,266794
3426,0.001925,74.125.200.0-255,2902,179858,64,266794
3427,0.001936,172.31.40.0-255,66,179924,64,266794
3428,0.001949,74.125.200.0-255,5738,185662,64,266794
3429,0.001953,74.125.200.0-255,2902,188564,64,266794
3430,0.001956,74.125.200.0-255,1484,190048,64,266794
3431,0.001959,172.31.40.0-255,66,190114,64,266794
3432,0.001975,74.125.200.0-255,2902,193016,64,266794
3433,0.001989,172.31.40.0-255,66,193082,64,266794
3434,0.002009,74.125.200.0-255,5738,198820,64,266794
3435,0.002019,172.31.40.0-255,66,198886,64,266794
3436,0.002022,74.125.200.0-255,1484,200370,64,266794
3437,0.002037,74.125.200.0-255,766,201136,64,266794
3438,0.002046,172.31.40.0-255,66,201202,64,266794
3439,0.002184,74.125.200.0-255,1484,202686,64,266794
3440,0.002198,74.125.200.0-255,2902,205588,64,266794
3441,0.002201,172.31.40.0-255,66,205654,64,266794
3442,0.002204,74.125.200.0-255,1484,207138,64,266794
3443,0.002207,74.125.200.0-255,1484,208622,64,266794
3444,0.00222,74.125.200.0-255,1484,210106,64,266794
3445,0.002223,74.125.200.0-255,1484,211590,64,266794
3446,0.002232,172.31.40.0-255,66,211656,64,266794
3447,0.002248,74.125.200.0-255,4320,215976,64,266794
3448,0.002266,74.125.200.0-255,5738,221714,64,266794
3449,0.002282,74.125.200.0-255,2902,224616,64,266794
3450,0.011655,74.125.200.0-255,1484,226100,64,266794
3451,0.012634,172.31.40.0-255,66,226166,64,266794
3452,0.014885,74.125.200.0-255,5738,231904,64,266794
3453,0.014891,172.31.40.0-255,66,231970,64,266794
3454,0.017167,74.125.200.0-255,5738,237708,64,266794
3455,0.017177,172.31.40.0-255,66,237774,64,266794
3456,0.019445,74.125.200.0-255,5738,243512,64,266794
3457,0.019461,172.31.40.0-255,66,243578,64,266794
3458,0.021705,74.125.200.0-255,5738,249316,64,266794
3459,0.021713,172.31.40.0-255,66,249382,64,266794
3460,0.02398,74.125.200.0-255,5738,255120,64,266794
3461,0.023988,172.31.40.0-255,66,255186,64,266794
3462,0.02625,74.125.200.0-255,5738,260924,64,266794
3463,0.026258,172.31.40.0-255,66,260990,64,266794
3464,0.028512,74.125.200.0-255,5738,266728,64,266794
3465,0.028522,172.31.40.0-255,66,266794,64,266794
3466,0.0,74.125.200.0-255,146,146,64,304587
3467,2.2e-05,172.31.40.0-255,66,212,64,304587
3468,2.9e-05,74.125.200.0-255,1484,1696,64,304587
3469,3.4e-05,172.31.40.0-255,66,1762,64,304587
3470,4e-05,74.125.200.0-255,2902,4664,64,304587
3471,4.3e-05,172.31.40.0-255,66,4730,64,304587
3472,5e-05,74.125.200.0-255,5738,10468,64,304587
3473,5.3e-05,172.31.40.0-255,66,10534,64,304587
3474,9.8e-05,74.125.200.0-255,3509,14043,64,304587
3475,0.000101,172.31.40.0-255,66,14109,64,304587
3476,0.000171,74.125.200.0-255,1484,15593,64,304587
3477,0.000175,172.31.40.0-255,66,15659,64,304587
3478,0.000179,74.125.200.0-255,2902,18561,64,304587
3479,0.000181,172.31.40.0-255,66,18627,64,304587
3480,0.000198,74.125.200.0-255,5738,24365,64,304587
3481,0.0002,172.31.40.0-255,66,24431,64,304587
3482,0.000211,74.125.200.0-255,1484,25915,64,304587
3483,0.000213,172.31.40.0-255,66,25981,64,304587
3484,0.00023,74.125.200.0-255,5379,31360,64,304587
3485,0.000233,172.31.40.0-255,66,31426,64,304587
3486,0.000255,74.125.200.0-255,7156,38582,64,304587
3487,0.000258,172.31.40.0-255,66,38648,64,304587
3488,0.000285,74.125.200.0-255,4320,42968,64,304587
3489,0.000287,172.31.40.0-255,66,43034,64,304587
3490,0.000306,74.125.200.0-255,2902,45936,64,304587
3491,0.000308,172.31.40.0-255,66,46002,64,304587
3492,0.000319,172.31.40.0-255,66,46068,64,304587
3493,0.000323,74.125.200.0-255,2902,48970,64,304587
3494,0.000326,172.31.40.0-255,66,49036,64,304587
3495,0.000362,172.31.40.0-255,66,49102,64,304587
3496,0.000365,74.125.200.0-255,412,49514,64,304587
3497,0.000367,172.31.40.0-255,66,49580,64,304587
3498,0.000618,74.125.200.0-255,332,49912,64,304587
3499,0.000624,172.31.40.0-255,66,49978,64,304587
3500,0.000662,74.125.200.0-255,1484,51462,64,304587
3501,0.000667,172.31.40.0-255,66,51528,64,304587
3502,0.000672,74.125.200.0-255,2902,54430,64,304587
3503,0.000674,172.31.40.0-255,66,54496,64,304587
3504,0.000691,74.125.200.0-255,4320,58816,64,304587
3505,0.000694,172.31.40.0-255,66,58882,64,304587
3506,0.000722,172.31.40.0-255,66,58948,64,304587
3507,0.000727,74.125.200.0-255,2902,61850,64,304587
3508,0.000729,172.31.40.0-255,66,61916,64,304587
3509,0.000756,74.125.200.0-255,2902,64818,64,304587
3510,0.00076,172.31.40.0-255,66,64884,64,304587
3511,0.000767,74.125.200.0-255,7156,72040,64,304587
3512,0.00078,74.125.200.0-255,1484,73524,64,304587
3513,0.000793,172.31.40.0-255,66,73590,64,304587
3514,0.000797,74.125.200.0-255,2184,75774,64,304587
3515,0.000802,172.31.40.0-255,66,75840,64,304587
3516,0.000863,74.125.200.0-255,1484,77324,64,304587
3517,0.000878,74.125.200.0-255,2902,80226,64,304587
3518,0.000883,172.31.40.0-255,66,80292,64,304587
3519,0.000902,74.125.200.0-255,5738,86030,64,304587
3520,0.000917,74.125.200.0-255,2902,88932,64,304587
3521,0.00092,172.31.40.0-255,66,88998,64,304587
3522,0.000925,172.31.40.0-255,66,89064,64,304587
3523,0.000955,74.125.200.0-255,4320,93384,64,304587
3524,0.000966,172.31.40.0-255,66,93450,64,304587
3525,0.001001,74.125.200.0-255,6438,99888,64,304587
3526,0.001015,172.31.40.0-255,66,99954,64,304587
3527,0.001085,74.125.200.0-255,1484,101438,64,304587
3528,0.0011,74.125.200.0-255,2902,104340,64,304587
3529,0.001117,74.125.200.0-255,4320,108660,64,304587
3530,0.001122,172.31.40.0-255,66,108726,64,304587
3531,0.001135,74.125.200.0-255,1484,110210,64,304587
3532,0.001138,74.125.200.0-255,1484,111694,64,304587
3533,0.001155,74.125.200.0-255,5738,117432,64,304587
3534,0.001161,74.125.200.0-255,4320,121752,64,304587
3535,0.001167,172.31.40.0-255,66,121818,64,304587
3536,0.001179,74.125.200.0-255,4320,126138,64,304587
3537,0.001203,74.125.200.0-255,5738,131876,64,304587
3538,0.001206,172.31.40.0-255,66,131942,64,304587
3539,0.001211,172.31.40.0-255,66,132008,64,304587
3540,0.001223,74.125.200.0-255,2184,134192,64,304587
3541,0.001241,172.31.40.0-255,66,134258,64,304587
3542,0.001288,74.125.200.0-255,1484,135742,64,304587
3543,0.001295,74.125.200.0-255,2902,138644,64,304587
3544,0.001307,74.125.200.0-255,2902,141546,64,304587
3545,0.001319,74.125.200.0-255,2902,144448,64,304587
3546,0.001324,172.31.40.0-255,66,144514,64,304587
3547,0.001337,74.125.200.0-255,1484,145998,64,304587
3548,0.001431,74.125.200.0-255,2184,148182,64,304587
3549,0.001441,172.31.40.0-255,66,148248,64,304587
3550,0.001565,74.125.200.0-255,1484,149732,64,304587
3551,0.00158,74.125.200.0-255,2902,152634,64,304587
3552,0.001593,172.31.40.0-255,66,152700,64,304587
3553,0.001598,74.125.200.0-255,2902,155602,64,304587
3554,0.001601,74.125.200.0-255,1484,157086,64,304587
3555,0.001606,172.31.40.0-255,66,157152,64,304587
3556,0.001615,74.125.200.0-255,2902,160054,64,304587
3557,0.001641,74.125.200.0-255,5738,165792,64,304587
3558,0.001659,74.125.200.0-255,1484,167276,64,304587
3559,0.001664,172.31.40.0-255,66,167342,64,304587
3560,0.001682,74.125.200.0-255,5738,173080,64,304587
3561,0.001694,172.31.40.0-255,66,173146,64,304587
3562,0.001711,74.125.200.0-255,1484,174630,64,304587
3563,0.00174,74.125.200.0-255,7156,181786,64,304587
3564,0.001749,74.125.200.0-255,7156,188942,64,304587
3565,0.001761,74.125.200.0-255,2902,191844,64,304587
3566,0.001768,172.31.40.0-255,66,191910,64,304587
3567,0.001799,74.125.200.0-255,5738,197648,64,304587
3568,0.001822,74.125.200.0-255,2184,199832,64,304587
3569,0.001828,172.31.40.0-255,66,199898,64,304587
3570,0.001871,74.125.200.0-255,1484,201382,64,304587
3571,0.001876,74.125.200.0-255,2902,204284,64,304587
3572,0.001885,172.31.40.0-255,66,204350,64,304587
3573,0.001902,74.125.200.0-255,5738,210088,64,304587
3574,0.001906,74.125.200.0-255,2902,212990,64,304587
3575,0.001923,172.31.40.0-255,66,213056,64,304587
3576,0.002004,74.125.200.0-255,4320,217376,64,304587
3577,0.002013,74.125.200.0-255,7156,224532,64,304587
3578,0.002023,172.31.40.0-255,66,224598,64,304587
3579,0.002037,74.125.200.0-255,1484,226082,64,304587
3580,0.002044,74.125.200.0-255,5738,231820,64,304587
3581,0.00205,74.125.200.0-255,3602,235422,64,304587
3582,0.002065,172.31.40.0-255,66,235488,64,304587
3583,0.002073,74.125.200.0-255,1484,236972,64,304587
3584,0.002086,74.125.200.0-255,2902,239874,64,304587
3585,0.002101,74.125.200.0-255,1484,241358,64,304587
3586,0.002107,172.31.40.0-255,66,241424,64,304587
3587,0.002124,74.125.200.0-255,2902,244326,64,304587
3588,0.002136,172.31.40.0-255,66,244392,64,304587
3589,0.002161,74.125.200.0-255,4320,248712,64,304587
3590,0.002179,74.125.200.0-255,7156,255868,64,304587
3591,0.002189,172.31.40.0-255,66,255934,64,304587
3592,0.0022,74.125.200.0-255,2902,258836,64,304587
3593,0.002202,74.125.200.0-255,766,259602,64,304587
3594,0.002205,74.125.200.0-255,1484,261086,64,304587
3595,0.00221,74.125.200.0-255,4320,265406,64,304587
3596,0.002221,74.125.200.0-255,1484,266890,64,304587
3597,0.002235,172.31.40.0-255,66,266956,64,304587
3598,0.002276,74.125.200.0-255,1484,268440,64,304587
3599,0.00228,74.125.200.0-255,2902,271342,64,304587
3600,0.002286,74.125.200.0-255,5738,277080,64,304587
3601,0.002323,74.125.200.0-255,1484,278564,64,304587
3602,0.00234,74.125.200.0-255,4320,282884,64,304587
3603,0.002347,74.125.200.0-255,7156,290040,64,304587
3604,0.002354,74.125.200.0-255,5738,295778,64,304587
3605,0.002368,172.31.40.0-255,66,295844,64,304587
3606,0.002374,74.125.200.0-255,5020,300864,64,304587
3607,0.002384,172.31.40.0-255,66,300930,64,304587
3608,0.004719,74.125.200.0-255,3420,304350,64,304587
3609,0.004725,172.31.40.0-255,66,304416,64,304587
3610,0.024884,172.31.40.0-255,105,304521,64,304587
3611,0.027188,74.125.200.0-255,66,304587,64,304587
3612,0.0,74.125.200.0-255,150,150,64,336979
3613,2.2e-05,172.31.40.0-255,66,216,64,336979
3614,2.9e-05,74.125.200.0-255,1484,1700,64,336979
3615,3.4e-05,172.31.40.0-255,66,1766,64,336979
3616,4e-05,74.125.200.0-255,2902,4668,64,336979
3617,5.4e-05,172.31.40.0-255,66,4734,64,336979
3618,6.2e-05,74.125.200.0-255,5738,10472,64,336979
3619,6.7e-05,172.31.40.0-255,66,10538,64,336979
3620,7.2e-05,74.125.200.0-255,3492,14030,64,336979
3621,7.4e-05,172.31.40.0-255,66,14096,64,336979
3622,0.000157,74.125.200.0-255,1484,15580,64,336979
3623,0.000161,172.31.40.0-255,66,15646,64,336979
3624,0.000165,74.125.200.0-255,1484,17130,64,336979
3625,0.000167,172.31.40.0-255,66,17196,64,336979
3626,0.000192,74.125.200.0-255,1484,18680,64,336979
3627,0.000195,172.31.40.0-255,66,18746,64,336979
3628,0.000207,74.125.200.0-255,5738,24484,64,336979
3629,0.000209,172.31.40.0-255,66,24550,64,336979
3630,0.000213,74.125.200.0-255,2902,27452,64,336979
3631,0.000215,172.31.40.0-255,66,27518,64,336979
3632,0.000251,74.125.200.0-255,3961,31479,64,336979
3633,0.000254,172.31.40.0-255,66,31545,64,336979
3634,0.000258,74.125.200.0-255,2902,34447,64,336979
3635,0.00026,172.31.40.0-255,66,34513,64,336979
3636,0.000286,74.125.200.0-255,1484,35997,64,336979
3637,0.000293,172.31.40.0-255,66,36063,64,336979
3638,0.000299,74.125.200.0-255,5738,41801,64,336979
3639,0.000301,172.31.40.0-255,66,41867,64,336979
3640,0.000305,74.125.200.0-255,2902,44769,64,336979
3641,0.000307,172.31.40.0-255,66,44835,64,336979
3642,0.00033,74.125.200.0-255,3961,48796,64,336979
3643,0.000333,172.31.40.0-255,66,48862,64,336979
3644,0.000371,74.125.200.0-255,5738,54600,64,336979
3645,0.000377,74.125.200.0-255,2902,57502,64,336979
3646,0.000398,74.125.200.0-255,4320,61822,64,336979
3647,0.000417,74.125.200.0-255,3961,65783,64,336979
3648,0.000543,74.125.200.0-255,645,66428,64,336979
3649,0.000591,172.31.40.0-255,66,66494,64,336979
3650,0.000672,74.125.200.0-255,1484,67978,64,336979
3651,0.000678,74.125.200.0-255,2902,70880,64,336979
3652,0.000697,74.125.200.0-255,5738,76618,64,336979
3653,0.000703,172.31.40.0-255,66,76684,64,336979
3654,0.000711,74.125.200.0-255,1484,78168,64,336979
3655,0.000737,74.125.200.0-255,5379,83547,64,336979
3656,0.000745,74.125.200.0-255,7156,90703,64,336979
3657,0.000761,74.125.200.0-255,4320,95023,64,336979
3658,0.000773,74.125.200.0-255,2902,97925,64,336979
3659,0.000783,172.31.40.0-255,66,97991,64,336979
3660,0.000814,74.125.200.0-255,2543,100534,64,336979
3661,0.000833,172.31.40.0-255,66,100600,64,336979
3662,0.000951,74.125.200.0-255,1484,102084,64,336979
3663,0.000956,74.125.200.0-255,2902,104986,64,336979
3664,0.000962,172.31.40.0-255,66,105052,64,336979
3665,0.000992,74.125.200.0-255,2902,107954,64,336979
3666,0.001003,74.125.200.0-255,1484,109438,64,336979
3667,0.00101,172.31.40.0-255,66,109504,64,336979
3668,0.00104,74.125.200.0-255,7156,116660,64,336979
3669,0.001047,172.31.40.0-255,66,116726,64,336979
3670,0.001055,74.125.200.0-255,1484,118210,64,336979
3671,0.001057,74.125.200.0-255,1484,119694,64,336979
3672,0.001062,172.31.40.0-255,66,119760,64,336979
3673,0.001098,74.125.200.0-255,5738,125498,64,336979
3674,0.00111,74.125.200.0-255,766,126264,64,336979
3675,0.001132,172.31.40.0-255,66,126330,64,336979
3676,0.001174,74.125.200.0-255,1484,127814,64,336979
3677,0.001187,74.125.200.0-255,2902,130716,64,336979
3678,0.001201,172.31.40.0-255,66,130782,64,336979
3679,0.001211,74.125.200.0-255,5738,136520,64,336979
3680,0.001214,74.125.200.0-255,1484,138004,64,336979
3681,0.001219,172.31.40.0-255,66,138070,64,336979
3682,0.001245,74.125.200.0-255,4320,142390,64,336979
3683,0.001254,74.125.200.0-255,7156,149546,64,336979
3684,0.001264,74.125.200.0-255,1484,151030,64,336979
3685,0.001306,74.125.200.0-255,766,151796,64,336979
3686,0.001313,172.31.40.0-255,66,151862,64,336979
3687,0.001377,74.125.200.0-255,1484,153346,64,336979
3688,0.001383,74.125.200.0-255,2902,156248,64,336979
3689,0.001399,74.125.200.0-255,4320,160568,64,336979
3690,0.001409,74.125.200.0-255,1484,162052,64,336979
3691,0.001412,74.125.200.0-255,1484,163536,64,336979
3692,0.001418,172.31.40.0-255,66,163602,64,336979
3693,0.001426,74.125.200.0-255,2902,166504,64,336979
3694,0.001432,172.31.40.0-255,66,166570,64,336979
3695,0.001439,74.125.200.0-255,1484,168054,64,336979
3696,0.00145,74.125.200.0-255,7156,175210,64,336979
3697,0.001499,74.125.200.0-255,2184,177394,64,336979
3698,0.00151,172.31.40.0-255,66,177460,64,336979
3699,0.001642,74.125.200.0-255,1484,178944,64,336979
3700,0.001659,74.125.200.0-255,2902,181846,64,336979
3701,0.00167,74.125.200.0-255,1484,183330,64,336979
3702,0.001673,74.125.200.0-255,1484,184814,64,336979
3703,0.001677,172.31.40.0-255,66,184880,64,336979
3704,0.001696,74.125.200.0-255,1484,186364,64,336979
3705,0.001701,74.125.200.0-255,2902,189266,64,336979
3706,0.001714,74.125.200.0-255,2902,192168,64,336979
3707,0.001721,172.31.40.0-255,66,192234,64,336979
3708,0.001781,74.125.200.0-255,4320,196554,64,336979
3709,0.001787,172.31.40.0-255,66,196620,64,336979
3710,0.001813,74.125.200.0-255,3602,200222,64,336979
3711,0.001817,74.125.200.0-255,1484,201706,64,336979
3712,0.001837,74.125.200.0-255,2902,204608,64,336979
3713,0.001844,172.31.40.0-255,66,204674,64,336979
3714,0.001859,74.125.200.0-255,5738,210412,64,336979
3715,0.001904,74.125.200.0-255,1484,211896,64,336979
3716,0.001931,74.125.200.0-255,4320,216216,64,336979
3717,0.001939,74.125.200.0-255,7156,223372,64,336979
3718,0.001951,74.125.200.0-255,1484,224856,64,336979
3719,0.001963,172.31.40.0-255,66,224922,64,336979
3720,0.00199,172.31.40.0-255,66,224988,64,336979
3721,0.001998,74.125.200.0-255,7156,232144,64,336979
3722,0.002015,74.125.200.0-255,1484,233628,64,336979
3723,0.002031,74.125.200.0-255,5738,239366,64,336979
3724,0.00205,74.125.200.0-255,4320,243686,64,336979
3725,0.002055,74.125.200.0-255,2902,246588,64,336979
3726,0.002058,74.125.200.0-255,1484,248072,64,336979
3727,0.002071,74.125.200.0-255,2184,250256,64,336979
3728,0.002074,74.125.200.0-255,1484,251740,64,336979
3729,0.002084,172.31.40.0-255,66,251806,64,336979
3730,0.002096,74.125.200.0-255,2902,254708,64,336979
3731,0.002121,74.125.200.0-255,1484,256192,64,336979
3732,0.002133,74.125.200.0-255,1484,257676,64,336979
3733,0.00214,172.31.40.0-255,66,257742,64,336979
3734,0.002148,74.125.200.0-255,1484,259226,64,336979
3735,0.002151,74.125.200.0-255,1484,260710,64,336979
3736,0.002176,74.125.200.0-255,1484,262194,64,336979
3737,0.002183,172.31.40.0-255,66,262260,64,336979
3738,0.00221,74.125.200.0-255,4320,266580,64,336979
3739,0.002214,74.125.200.0-255,2902,269482,64,336979
3740,0.002242,172.31.40.0-255,66,269548,64,336979
3741,0.002246,74.125.200.0-255,1484,271032,64,336979
3742,0.002251,74.125.200.0-255,2184,273216,64,336979
3743,0.002253,74.125.200.0-255,1484,274700,64,336979
3744,0.002261,74.125.200.0-255,2902,277602,64,336979
3745,0.002269,172.31.40.0-255,66,277668,64,336979
3746,0.002287,74.125.200.0-255,4320,281988,64,336979
3747,0.002294,74.125.200.0-255,5738,287726,64,336979
3748,0.00231,172.31.40.0-255,66,287792,64,336979
3749,0.002322,74.125.200.0-255,5738,293530,64,336979
3750,0.002341,74.125.200.0-255,1484,295014,64,336979
3751,0.002344,74.125.200.0-255,1484,296498,64,336979
3752,0.002347,74.125.200.0-255,1484,297982,64,336979
3753,0.00235,74.125.200.0-255,2902,300884,64,336979
3754,0.002372,74.125.200.0-255,1484,302368,64,336979
3755,0.002375,172.31.40.0-255,66,302434,64,336979
3756,0.002382,74.125.200.0-255,1484,303918,64,336979
3757,0.002387,172.31.40.0-255,66,303984,64,336979
3758,0.00241,74.125.200.0-255,3602,307586,64,336979
3759,0.002417,74.125.200.0-255,5738,313324,64,336979
3760,0.00244,74.125.200.0-255,5738,319062,64,336979
3761,0.002443,172.31.40.0-255,66,319128,64,336979
3762,0.002448,172.31.40.0-255,66,319194,64,336979
3763,0.002486,74.125.200.0-255,7156,326350,64,336979
3764,0.002492,74.125.200.0-255,5738,332088,64,336979
3765,0.002497,74.125.200.0-255,4320,336408,64,336979
3766,0.002527,74.125.200.0-255,97,336505,64,336979
3767,0.002529,172.31.40.0-255,66,336571,64,336979
3768,0.002535,172.31.40.0-255,66,336637,64,336979
3769,0.002577,74.125.200.0-255,105,336742,64,336979
3770,0.00499,172.31.40.0-255,66,336808,64,336979
3771,0.00503,172.31.40.0-255,105,336913,64,336979
3772,0.00706,74.125.200.0-255,66,336979,64,336979
3773,0.0,74.125.130.0-255,288,288,64,319877
3774,2.4e-05,172.31.40.0-255,66,354,64,319877
3775,3e-05,74.125.130.0-255,1484,1838,64,319877
3776,3.5e-05,172.31.40.0-255,66,1904,64,319877
3777,4.8e-05,74.125.130.0-255,2902,4806,64,319877
3778,5.2e-05,172.31.40.0-255,66,4872,64,319877
3779,5.9e-05,74.125.130.0-255,5738,10610,64,319877
3780,6.2e-05,172.31.40.0-255,66,10676,64,319877
3781,6.7e-05,74.125.130.0-255,3254,13930,64,319877
3782,7e-05,172.31.40.0-255,66,13996,64,319877
3783,0.000189,74.125.130.0-255,1484,15480,64,319877
3784,0.000193,172.31.40.0-255,66,15546,64,319877
3785,0.000199,74.125.130.0-255,2902,18448,64,319877
3786,0.000201,172.31.40.0-255,66,18514,64,319877
3787,0.000213,74.125.130.0-255,5738,24252,64,319877
3788,0.000215,172.31.40.0-255,66,24318,64,319877
3789,0.000223,74.125.130.0-255,5738,30056,64,319877
3790,0.000226,172.31.40.0-255,66,30122,64,319877
3791,0.000269,74.125.130.0-255,6797,36919,64,319877
3792,0.000272,172.31.40.0-255,66,36985,64,319877
3793,0.00029,74.125.130.0-255,5738,42723,64,319877
3794,0.000296,172.31.40.0-255,66,42789,64,319877
3795,0.000315,74.125.130.0-255,1484,44273,64,319877
3796,0.000317,172.31.40.0-255,66,44339,64,319877
3797,0.000323,74.125.130.0-255,3961,48300,64,319877
3798,0.000325,172.31.40.0-255,66,48366,64,319877
3799,0.000373,74.125.130.0-255,1484,49850,64,319877
3800,0.000376,172.31.40.0-255,66,49916,64,319877
3801,0.000403,74.125.130.0-255,2902,52818,64,319877
3802,0.000406,172.31.40.0-255,66,52884,64,319877
3803,0.000412,74.125.130.0-255,5738,58622,64,319877
3804,0.000414,172.31.40.0-255,66,58688,64,319877
3805,0.000418,74.125.130.0-255,2902,61590,64,319877
3806,0.000421,172.31.40.0-255,66,61656,64,319877
3807,0.000443,74.125.130.0-255,1484,63140,64,319877
3808,0.000482,74.125.130.0-255,3123,66263,64,319877
3809,0.000561,172.31.40.0-255,66,66329,64,319877
3810,0.000649,74.125.130.0-255,1484,67813,64,319877
3811,0.000653,74.125.130.0-255,1484,69297,64,319877
3812,0.000658,172.31.40.0-255,66,69363,64,319877
3813,0.00067,74.125.130.0-255,1484,70847,64,319877
3814,0.000675,74.125.130.0-255,2902,73749,64,319877
3815,0.000698,74.125.130.0-255,4320,78069,64,319877
3816,0.000705,172.31.40.0-255,66,78135,64,319877
3817,0.000748,172.31.40.0-255,66,78201,64,319877
3818,0.000776,74.125.130.0-255,2543,80744,64,319877
3819,0.000797,172.31.40.0-255,66,80810,64,319877
3820,0.000912,74.125.130.0-255,1484,82294,64,319877
3821,0.000933,74.125.130.0-255,2902,85196,64,319877
3822,0.000937,172.31.40.0-255,66,85262,64,319877
3823,0.000971,74.125.130.0-255,5738,91000,64,319877
3824,0.000974,74.125.130.0-255,1484,92484,64,319877
3825,0.001002,172.31.40.0-255,66,92550,64,319877
3826,0.001036,74.125.130.0-255,7156,99706,64,319877
3827,0.001043,172.31.40.0-255,66,99772,64,319877
3828,0.001053,74.125.130.0-255,3602,103374,64,319877
3829,0.001062,172.31.40.0-255,66,103440,64,319877
3830,0.001123,74.125.130.0-255,1484,104924,64,319877
3831,0.001142,74.125.130.0-255,2902,107826,64,319877
3832,0.001155,74.125.130.0-255,2902,110728,64,319877
3833,0.001167,74.125.130.0-255,2902,113630,64,319877
3834,0.001176,172.31.40.0-255,66,113696,64,319877
3835,0.001199,74.125.130.0-255,5738,119434,64,319877
3836,0.001203,74.125.130.0-255,1484,120918,64,319877
3837,0.001212,172.31.40.0-255,66,120984,64,319877
3838,0.001225,74.125.130.0-255,5738,126722,64,319877
3839,0.001272,74.125.130.0-255,4320,131042,64,319877
3840,0.001289,74.125.130.0-255,6438,137480,64,319877
3841,0.001307,172.31.40.0-255,66,137546,64,319877
3842,0.001335,74.125.130.0-255,1484,139030,64,319877
3843,0.001349,74.125.130.0-255,2902,141932,64,319877
3844,0.00136,172.31.40.0-255,66,141998,64,319877
3845,0.00137,74.125.130.0-255,1484,143482,64,319877
3846,0.001391,74.125.130.0-255,4320,147802,64,319877
3847,0.001396,74.125.130.0-255,4320,152122,64,319877
3848,0.001402,74.125.130.0-255,5738,157860,64,319877
3849,0.001429,74.125.130.0-255,5738,163598,64,319877
3850,0.001432,172.31.40.0-255,66,163664,64,319877
3851,0.001437,172.31.40.0-255,66,163730,64,319877
3852,0.001465,74.125.130.0-255,5738,169468,64,319877
3853,0.00147,74.125.130.0-255,2184,171652,64,319877
3854,0.001478,172.31.40.0-255,66,171718,64,319877
3855,0.001545,74.125.130.0-255,1484,173202,64,319877
3856,0.001565,74.125.130.0-255,2902,176104,64,319877
3857,0.001574,74.125.130.0-255,5738,181842,64,319877
3858,0.001586,74.125.130.0-255,2902,184744,64,319877
3859,0.001589,74.125.130.0-255,1484,186228,64,319877
3860,0.001598,172.31.40.0-255,66,186294,64,319877
3861,0.001608,74.125.130.0-255,2902,189196,64,319877
3862,0.001612,172.31.40.0-255,66,189262,64,319877
3863,0.001634,74.125.130.0-255,2902,192164,64,319877
3864,0.00166,74.125.130.0-255,2902,195066,64,319877
3865,0.001663,172.31.40.0-255,66,195132,64,319877
3866,0.001668,172.31.40.0-255,66,195198,64,319877
3867,0.001695,74.125.130.0-255,2184,197382,64,319877
3868,0.001709,172.31.40.0-255,66,197448,64,319877
3869,0.001787,74.125.130.0-255,1484,198932,64,319877
3870,0.001801,74.125.130.0-255,2902,201834,64,319877
3871,0.001817,172.31.40.0-255,66,201900,64,319877
3872,0.00183,74.125.130.0-255,5738,207638,64,319877
3873,0.001865,74.125.130.0-255,5738,213376,64,319877
3874,0.001871,74.125.130.0-255,7156,220532,64,319877
3875,0.001875,172.31.40.0-255,66,220598,64,319877
3876,0.00188,172.31.40.0-255,66,220664,64,319877
3877,0.001942,74.125.130.0-255,5738,226402,64,319877
3878,0.001957,172.31.40.0-255,66,226468,64,319877
3879,0.001975,74.125.130.0-255,5738,232206,64,319877
3880,0.001979,74.125.130.0-255,4320,236526,64,319877
3881,0.001995,74.125.130.0-255,5738,242264,64,319877
3882,0.00202,74.125.130.0-255,766,243030,64,319877
3883,0.002035,172.31.40.0-255,66,243096,64,319877
3884,0.002078,172.31.40.0-255,66,243162,64,319877
3885,0.002088,74.125.130.0-255,1484,244646,64,319877
3886,0.002131,74.125.130.0-255,4320,248966,64,319877
3887,0.002134,74.125.130.0-255,766,249732,64,319877
3888,0.002145,172.31.40.0-255,66,249798,64,319877
3889,0.002308,74.125.130.0-255,1484,251282,64,319877
3890,0.00446,74.125.130.0-255,4320,255602,64,319877
3891,0.004466,172.31.40.0-255,66,255668,64,319877
3892,0.006755,74.125.130.0-255,5738,261406,64,319877
3893,0.006763,172.31.40.0-255,66,261472,64,319877
3894,0.009052,74.125.130.0-255,5738,267210,64,319877
3895,0.00906,172.31.40.0-255,66,267276,64,319877
3896,0.011356,74.125.130.0-255,5738,273014,64,319877
3897,0.011363,172.31.40.0-255,66,273080,64,319877
3898,0.013666,74.125.130.0-255,5738,278818,64,319877
3899,0.013674,172.31.40.0-255,66,278884,64,319877
3900,0.015972,74.125.130.0-255,5738,284622,64,319877
3901,0.015981,172.31.40.0-255,66,284688,64,319877
3902,0.01828,74.125.130.0-255,5738,290426,64,319877
3903,0.018292,172.31.40.0-255,66,290492,64,319877
3904,0.020587,74.125.130.0-255,5738,296230,64,319877
3905,0.020596,172.31.40.0-255,66,296296,64,319877
3906,0.02218,172.31.40.0-255,101,296397,64,319877
3907,0.022874,74.125.130.0-255,5738,302135,64,319877
3908,0.022881,172.31.40.0-255,66,302201,64,319877
3909,0.024433,74.125.130.0-255,66,302267,64,319877
3910,0.025168,74.125.130.0-255,5738,308005,64,319877
3911,0.025176,172.31.40.0-255,66,308071,64,319877
3912,0.027463,74.125.130.0-255,2902,310973,64,319877
3913,0.027468,172.31.40.0-255,66,311039,64,319877
3914,0.027496,74.125.130.0-255,2902,313941,64,319877
3915,0.027499,172.31.40.0-255,66,314007,64,319877
3916,0.029753,74.125.130.0-255,1484,315491,64,319877
3917,0.029775,74.125.130.0-255,4320,319811,64,319877
3918,0.029781,172.31.40.0-255,66,319877,64,319877
3919,0.0,172.217.194.0-255,150,150,64,269825
3920,2e-05,172.31.40.0-255,66,216,64,269825
3921,2.7e-05,172.217.194.0-255,1484,1700,64,269825
3922,3.2e-05,172.31.40.0-255,66,1766,64,269825
3923,3.9e-05,172.217.194.0-255,2902,4668,64,269825
3924,4.3e-05,172.31.40.0-255,66,4734,64,269825
3925,4.9e-05,172.217.194.0-255,5738,10472,64,269825
3926,5.2e-05,172.31.40.0-255,66,10538,64,269825
3927,9.5e-05,172.31.40.0-255,66,10604,64,269825
3928,0.000102,172.217.194.0-255,6797,17401,64,269825
3929,0.000104,172.31.40.0-255,66,17467,64,269825
3930,0.000212,172.217.194.0-255,1484,18951,64,269825
3931,0.000216,172.31.40.0-255,66,19017,64,269825
3932,0.00022,172.217.194.0-255,1484,20501,64,269825
3933,0.000222,172.31.40.0-255,66,20567,64,269825
3934,0.000242,172.217.194.0-255,1484,22051,64,269825
3935,0.000244,172.31.40.0-255,66,22117,64,269825
3936,0.000251,172.217.194.0-255,4320,26437,64,269825
3937,0.000253,172.31.40.0-255,66,26503,64,269825
3938,0.0003,172.31.40.0-255,66,26569,64,269825
3939,0.000306,172.217.194.0-255,4320,30889,64,269825
3940,0.000308,172.31.40.0-255,66,30955,64,269825
3941,0.000323,172.217.194.0-255,2902,33857,64,269825
3942,0.000326,172.31.40.0-255,66,33923,64,269825
3943,0.000373,172.217.194.0-255,7156,41079,64,269825
3944,0.000377,172.31.40.0-255,66,41145,64,269825
3945,0.000397,172.217.194.0-255,1414,42559,64,269825
3946,0.000399,172.31.40.0-255,66,42625,64,269825
3947,0.000402,172.217.194.0-255,99,42724,64,269825
3948,0.000404,172.31.40.0-255,66,42790,64,269825
3949,0.000407,172.217.194.0-255,363,43153,64,269825
3950,0.000867,172.217.194.0-255,1484,44637,64,269825
3951,0.000872,172.31.40.0-255,66,44703,64,269825
3952,0.000877,172.217.194.0-255,2902,47605,64,269825
3953,0.000896,172.217.194.0-255,5738,53343,64,269825
3954,0.000898,172.217.194.0-255,1484,54827,64,269825
3955,0.0009,172.31.40.0-255,66,54893,64,269825
3956,0.000905,172.31.40.0-255,66,54959,64,269825
3957,0.000927,172.217.194.0-255,7156,62115,64,269825
3958,0.000943,172.217.194.0-255,4320,66435,64,269825
3959,0.000947,172.31.40.0-255,66,66501,64,269825
3960,0.000959,172.217.194.0-255,5738,72239,64,269825
3961,0.000965,172.217.194.0-255,5020,77259,64,269825
3962,0.000985,172.31.40.0-255,66,77325,64,269825
3963,0.001038,172.217.194.0-255,1484,78809,64,269825
3964,0.001043,172.217.194.0-255,2902,81711,64,269825
3965,0.001045,172.31.40.0-255,66,81777,64,269825
3966,0.001065,172.217.194.0-255,5738,87515,64,269825
3967,0.001069,172.31.40.0-255,66,87581,64,269825
3968,0.001093,172.217.194.0-255,7156,94737,64,269825
3969,0.001107,172.217.194.0-255,5738,100475,64,269825
3970,0.001123,172.31.40.0-255,66,100541,64,269825
3971,0.001137,172.217.194.0-255,2184,102725,64,269825
3972,0.001156,172.31.40.0-255,66,102791,64,269825
3973,0.001162,172.217.194.0-255,5738,108529,64,269825
3974,0.001166,172.31.40.0-255,66,108595,64,269825
3975,0.00118,172.217.194.0-255,7156,115751,64,269825
3976,0.001183,172.217.194.0-255,1484,117235,64,269825
3977,0.001195,172.31.40.0-255,66,117301,64,269825
3978,0.001216,172.217.194.0-255,5738,123039,64,269825
3979,0.00122,172.31.40.0-255,66,123105,64,269825
3980,0.001239,172.217.194.0-255,766,123871,64,269825
3981,0.001271,172.217.194.0-255,1484,125355,64,269825
3982,0.001277,172.31.40.0-255,66,125421,64,269825
3983,0.001297,172.217.194.0-255,4320,129741,64,269825
3984,0.001309,172.31.40.0-255,66,129807,64,269825
3985,0.001326,172.217.194.0-255,4320,134127,64,269825
3986,0.00133,172.31.40.0-255,66,134193,64,269825
3987,0.00134,172.217.194.0-255,5738,139931,64,269825
3988,0.001364,172.31.40.0-255,66,139997,64,269825
3989,0.001369,172.217.194.0-255,4320,144317,64,269825
3990,0.001374,172.31.40.0-255,66,144383,64,269825
3991,0.001381,172.217.194.0-255,2902,147285,64,269825
3992,0.001399,172.217.194.0-255,2184,149469,64,269825
3993,0.001409,172.31.40.0-255,66,149535,64,269825
3994,0.001414,172.31.40.0-255,66,149601,64,269825
3995,0.00143,172.217.194.0-255,1484,151085,64,269825
3996,0.001436,172.217.194.0-255,4320,155405,64,269825
3997,0.001468,172.31.40.0-255,66,155471,64,269825
3998,0.0015,172.31.40.0-255,66,155537,64,269825
3999,0.001534,172.217.194.0-255,5020,160557,64,269825
4000,0.001547,172.31.40.0-255,66,160623,64,269825
4001,0.001556,172.217.194.0-255,4320,164943,64,269825
4002,0.001561,172.31.40.0-255,66,165009,64,269825
4003,0.001571,172.217.194.0-255,1484,166493,64,269825
4004,0.001573,172.217.194.0-255,1484,167977,64,269825
4005,0.001601,172.31.40.0-255,66,168043,64,269825
4006,0.001617,172.217.194.0-255,7156,175199,64,269825
4007,0.001623,172.31.40.0-255,66,175265,64,269825
4008,0.001647,172.217.194.0-255,766,176031,64,269825
4009,0.001667,172.31.40.0-255,66,176097,64,269825
4010,0.001687,172.217.194.0-255,5738,181835,64,269825
4011,0.001693,172.217.194.0-255,4320,186155,64,269825
4012,0.001698,172.31.40.0-255,66,186221,64,269825
4013,0.001709,172.217.194.0-255,2902,189123,64,269825
4014,0.001717,172.217.194.0-255,5738,194861,64,269825
4015,0.001743,172.31.40.0-255,66,194927,64,269825
4016,0.001753,172.31.40.0-255,66,194993,64,269825
4017,0.001781,172.217.194.0-255,1484,196477,64,269825
4018,0.001801,172.217.194.0-255,5020,201497,64,269825
4019,0.001815,172.31.40.0-255,66,201563,64,269825
4020,0.001909,172.217.194.0-255,1484,203047,64,269825
4021,0.001916,172.217.194.0-255,2902,205949,64,269825
4022,0.001922,172.217.194.0-255,5738,211687,64,269825
4023,0.001934,172.217.194.0-255,1484,213171,64,269825
4024,0.001942,172.31.40.0-255,66,213237,64,269825
4025,0.00201,172.31.40.0-255,66,213303,64,269825
4026,0.002026,172.217.194.0-255,766,214069,64,269825
4027,0.002044,172.31.40.0-255,66,214135,64,269825
4028,0.002383,172.217.194.0-255,1484,215619,64,269825
4029,0.002388,172.217.194.0-255,1484,217103,64,269825
4030,0.002391,172.31.40.0-255,66,217169,64,269825
4031,0.002412,172.217.194.0-255,1484,218653,64,269825
4032,0.002418,172.217.194.0-255,5738,224391,64,269825
4033,0.002421,172.217.194.0-255,1484,225875,64,269825
4034,0.002445,172.31.40.0-255,66,225941,64,269825
4035,0.002469,172.31.40.0-255,66,226007,64,269825
4036,0.002477,172.217.194.0-255,1484,227491,64,269825
4037,0.002479,172.217.194.0-255,766,228257,64,269825
4038,0.0025,172.31.40.0-255,66,228323,64,269825
4039,0.00506,172.217.194.0-255,2902,231225,64,269825
4040,0.005069,172.31.40.0-255,66,231291,64,269825
4041,0.005149,172.217.194.0-255,2902,234193,64,269825
4042,0.007638,172.217.194.0-255,2902,237095,64,269825
4043,0.014008,172.31.40.0-255,66,237161,64,269825
4044,0.015975,172.217.194.0-255,1484,238645,64,269825
4045,0.016643,172.217.194.0-255,4320,242965,64,269825
4046,0.016649,172.31.40.0-255,66,243031,64,269825
4047,0.019276,172.217.194.0-255,5738,248769,64,269825
4048,0.019285,172.31.40.0-255,66,248835,64,269825
4049,0.021908,172.217.194.0-255,5738,254573,64,269825
4050,0.021918,172.31.40.0-255,66,254639,64,269825
4051,0.024565,172.217.194.0-255,5738,260377,64,269825
4052,0.024585,172.31.40.0-255,66,260443,64,269825
4053,0.027166,172.217.194.0-255,5738,266181,64,269825
4054,0.027176,172.31.40.0-255,66,266247,64,269825
4055,0.029795,172.217.194.0-255,3407,269654,64,269825
4056,0.029803,172.31.40.0-255,66,269720,64,269825
4057,0.029989,172.31.40.0-255,105,269825,64,269825
4058,0.0,172.217.194.0-255,153,153,64,267375
4059,2.5e-05,172.31.40.0-255,66,219,64,267375
4060,3.3e-05,172.217.194.0-255,1484,1703,64,267375
4061,3.8e-05,172.31.40.0-255,66,1769,64,267375
4062,5.3e-05,172.217.194.0-255,2902,4671,64,267375
4063,5.7e-05,172.31.40.0-255,66,4737,64,267375
4064,6.6e-05,172.217.194.0-255,7156,11893,64,267375
4065,7e-05,172.31.40.0-255,66,11959,64,267375
4066,7.2e-05,172.217.194.0-255,1484,13443,64,267375
4067,7.5e-05,172.31.40.0-255,66,13509,64,267375
4068,7.8e-05,172.217.194.0-255,484,13993,64,267375
4069,8.1e-05,172.31.40.0-255,66,14059,64,267375
4070,8.4e-05,172.217.194.0-255,1484,15543,64,267375
4071,8.7e-05,172.31.40.0-255,66,15609,64,267375
4072,9.3e-05,172.217.194.0-255,4320,19929,64,267375
4073,9.5e-05,172.31.40.0-255,66,19995,64,267375
4074,0.000132,172.31.40.0-255,66,20061,64,267375
4075,0.000168,172.217.194.0-255,1484,21545,64,267375
4076,0.00017,172.31.40.0-255,66,21611,64,267375
4077,0.000201,172.31.40.0-255,66,21677,64,267375
4078,0.000234,172.31.40.0-255,66,21743,64,267375
4079,0.000268,172.31.40.0-255,66,21809,64,267375
4080,0.000276,172.217.194.0-255,6797,28606,64,267375
4081,0.000278,172.31.40.0-255,66,28672,64,267375
4082,0.000325,172.217.194.0-255,379,29051,64,267375
4083,0.000327,172.31.40.0-255,66,29117,64,267375
4084,0.00035,172.217.194.0-255,98,29215,64,267375
4085,0.000352,172.31.40.0-255,66,29281,64,267375
4086,0.000403,172.217.194.0-255,1484,30765,64,267375
4087,0.000429,172.217.194.0-255,2902,33667,64,267375
4088,0.000431,172.31.40.0-255,66,33733,64,267375
4089,0.000435,172.217.194.0-255,1484,35217,64,267375
4090,0.000441,172.217.194.0-255,4320,39537,64,267375
4091,0.000443,172.31.40.0-255,66,39603,64,267375
4092,0.000476,172.217.194.0-255,4320,43923,64,267375
4093,0.000479,172.31.40.0-255,66,43989,64,267375
4094,0.000484,172.217.194.0-255,2543,46532,64,267375
4095,0.000486,172.31.40.0-255,66,46598,64,267375
4096,0.00049,172.217.194.0-255,2902,49500,64,267375
4097,0.000497,172.31.40.0-255,66,49566,64,267375
4098,0.000504,172.217.194.0-255,5738,55304,64,267375
4099,0.000507,172.31.40.0-255,66,55370,64,267375
4100,0.000536,172.217.194.0-255,1484,56854,64,267375
4101,0.000543,172.217.194.0-255,5738,62592,64,267375
4102,0.000546,172.31.40.0-255,66,62658,64,267375
4103,0.00055,172.217.194.0-255,1125,63783,64,267375
4104,0.000645,172.217.194.0-255,1484,65267,64,267375
4105,0.000649,172.31.40.0-255,66,65333,64,267375
4106,0.000654,172.217.194.0-255,2902,68235,64,267375
4107,0.000657,172.31.40.0-255,66,68301,64,267375
4108,0.00066,172.217.194.0-255,1484,69785,64,267375
4109,0.000689,172.217.194.0-255,4320,74105,64,267375
4110,0.000691,172.31.40.0-255,66,74171,64,267375
4111,0.000697,172.217.194.0-255,5738,79909,64,267375
4112,0.0007,172.31.40.0-255,66,79975,64,267375
4113,0.000724,172.217.194.0-255,7156,87131,64,267375
4114,0.000731,172.31.40.0-255,66,87197,64,267375
4115,0.000742,172.31.40.0-255,66,87263,64,267375
4116,0.000791,172.31.40.0-255,66,87329,64,267375
4117,0.000821,172.217.194.0-255,1901,89230,64,267375
4118,0.000823,172.31.40.0-255,66,89296,64,267375
4119,0.000841,172.31.40.0-255,66,89362,64,267375
4120,0.000848,172.217.194.0-255,5020,94382,64,267375
4121,0.00085,172.31.40.0-255,66,94448,64,267375
4122,0.000886,172.217.194.0-255,1484,95932,64,267375
4123,0.000891,172.217.194.0-255,2902,98834,64,267375
4124,0.000893,172.31.40.0-255,66,98900,64,267375
4125,0.000927,172.217.194.0-255,1484,100384,64,267375
4126,0.000953,172.217.194.0-255,4320,104704,64,267375
4127,0.000956,172.31.40.0-255,66,104770,64,267375
4128,0.00096,172.217.194.0-255,2902,107672,64,267375
4129,0.000962,172.31.40.0-255,66,107738,64,267375
4130,0.000968,172.217.194.0-255,4320,112058,64,267375
4131,0.00097,172.31.40.0-255,66,112124,64,267375
4132,0.000986,172.31.40.0-255,66,112190,64,267375
4133,0.000991,172.217.194.0-255,4320,116510,64,267375
4134,0.000994,172.31.40.0-255,66,116576,64,267375
4135,0.001041,172.217.194.0-255,3602,120178,64,267375
4136,0.001044,172.31.40.0-255,66,120244,64,267375
4137,0.001162,172.217.194.0-255,1484,121728,64,267375
4138,0.001181,172.217.194.0-255,2902,124630,64,267375
4139,0.001185,172.31.40.0-255,66,124696,64,267375
4140,0.001191,172.217.194.0-255,2902,127598,64,267375
4141,0.001193,172.31.40.0-255,66,127664,64,267375
4142,0.001216,172.217.194.0-255,2902,130566,64,267375
4143,0.001223,172.31.40.0-255,66,130632,64,267375
4144,0.001245,172.217.194.0-255,6797,137429,64,267375
4145,0.001248,172.31.40.0-255,66,137495,64,267375
4146,0.001285,172.217.194.0-255,7156,144651,64,267375
4147,0.001288,172.31.40.0-255,66,144717,64,267375
4148,0.001296,172.217.194.0-255,7156,151873,64,267375
4149,0.001298,172.31.40.0-255,66,151939,64,267375
4150,0.001337,172.31.40.0-255,66,152005,64,267375
4151,0.001376,172.217.194.0-255,5738,157743,64,267375
4152,0.001379,172.31.40.0-255,66,157809,64,267375
4153,0.001417,172.217.194.0-255,5020,162829,64,267375
4154,0.00142,172.31.40.0-255,66,162895,64,267375
4155,0.001638,172.217.194.0-255,1484,164379,64,267375
4156,0.001644,172.217.194.0-255,2902,167281,64,267375
4157,0.001648,172.31.40.0-255,66,167347,64,267375
4158,0.001653,172.217.194.0-255,2902,170249,64,267375
4159,0.001656,172.31.40.0-255,66,170315,64,267375
4160,0.001677,172.217.194.0-255,2902,173217,64,267375
4161,0.00168,172.31.40.0-255,66,173283,64,267375
4162,0.001697,172.31.40.0-255,66,173349,64,267375
4163,0.001717,172.217.194.0-255,1484,174833,64,267375
4164,0.001733,172.31.40.0-255,66,174899,64,267375
4165,0.001747,172.217.194.0-255,2184,177083,64,267375
4166,0.001753,172.31.40.0-255,66,177149,64,267375
4167,0.002034,172.217.194.0-255,1484,178633,64,267375
4168,0.00204,172.217.194.0-255,2902,181535,64,267375
4169,0.002051,172.31.40.0-255,66,181601,64,267375
4170,0.002059,172.217.194.0-255,5738,187339,64,267375
4171,0.002061,172.31.40.0-255,66,187405,64,267375
4172,0.002096,172.31.40.0-255,66,187471,64,267375
4173,0.002111,172.217.194.0-255,4320,191791,64,267375
4174,0.002114,172.31.40.0-255,66,191857,64,267375
4175,0.002132,172.31.40.0-255,66,191923,64,267375
4176,0.004226,172.217.194.0-255,5738,197661,64,267375
4177,0.004237,172.31.40.0-255,66,197727,64,267375
4178,0.006308,172.217.194.0-255,5738,203465,64,267375
4179,0.006329,172.31.40.0-255,66,203531,64,267375
4180,0.008413,172.217.194.0-255,5738,209269,64,267375
4181,0.008427,172.31.40.0-255,66,209335,64,267375
4182,0.010528,172.217.194.0-255,5738,215073,64,267375
4183,0.010539,172.31.40.0-255,66,215139,64,267375
4184,0.012629,172.217.194.0-255,5738,220877,64,267375
4185,0.012633,172.31.40.0-255,66,220943,64,267375
4186,0.014711,172.217.194.0-255,5738,226681,64,267375
4187,0.014721,172.31.40.0-255,66,226747,64,267375
4188,0.016813,172.217.194.0-255,5738,232485,64,267375
4189,0.016829,172.31.40.0-255,66,232551,64,267375
4190,0.018932,172.217.194.0-255,5738,238289,64,267375
4191,0.018948,172.31.40.0-255,66,238355,64,267375
4192,0.021049,172.217.194.0-255,5738,244093,64,267375
4193,0.021067,172.31.40.0-255,66,244159,64,267375
4194,0.023163,172.217.194.0-255,5738,249897,64,267375
4195,0.023178,172.31.40.0-255,66,249963,64,267375
4196,0.02526,172.217.194.0-255,5738,255701,64,267375
4197,0.025274,172.31.40.0-255,66,255767,64,267375
4198,0.027354,172.217.194.0-255,5738,261505,64,267375
4199,0.027369,172.31.40.0-255,66,261571,64,267375
4200,0.029466,172.217.194.0-255,5738,267309,64,267375
4201,0.029478,172.31.40.0-255,66,267375,64,267375
4202,0.0,172.217.194.0-255,143,143,64,245952
4203,2e-05,172.31.40.0-255,66,209,64,245952
4204,2.7e-05,172.217.194.0-255,1484,1693,64,245952
4205,3.3e-05,172.31.40.0-255,66,1759,64,245952
4206,4.6e-05,172.217.194.0-255,2902,4661,64,245952
4207,5e-05,172.31.40.0-255,66,4727,64,245952
4208,5.7e-05,172.217.194.0-255,7156,11883,64,245952
4209,6.1e-05,172.31.40.0-255,66,11949,64,245952
4210,9.6e-05,172.217.194.0-255,1982,13931,64,245952
4211,9.8e-05,172.31.40.0-255,66,13997,64,245952
4212,0.000103,172.217.194.0-255,2902,16899,64,245952
4213,0.000106,172.31.40.0-255,66,16965,64,245952
4214,0.000137,172.217.194.0-255,7156,24121,64,245952
4215,0.00014,172.31.40.0-255,66,24187,64,245952
4216,0.000164,172.217.194.0-255,2902,27089,64,245952
4217,0.000167,172.31.40.0-255,66,27155,64,245952
4218,0.000197,172.31.40.0-255,66,27221,64,245952
4219,0.00022,172.31.40.0-255,66,27287,64,245952
4220,0.000567,172.217.194.0-255,1484,28771,64,245952
4221,0.000573,172.31.40.0-255,66,28837,64,245952
4222,0.000604,172.217.194.0-255,2902,31739,64,245952
4223,0.000607,172.31.40.0-255,66,31805,64,245952
4224,0.000614,172.217.194.0-255,5738,37543,64,245952
4225,0.000617,172.31.40.0-255,66,37609,64,245952
4226,0.000642,172.217.194.0-255,1484,39093,64,245952
4227,0.000644,172.31.40.0-255,66,39159,64,245952
4228,0.00067,172.217.194.0-255,5959,45118,64,245952
4229,0.000673,172.31.40.0-255,66,45184,64,245952
4230,0.000722,172.217.194.0-255,1484,46668,64,245952
4231,0.000725,172.31.40.0-255,66,46734,64,245952
4232,0.000759,172.217.194.0-255,2902,49636,64,245952
4233,0.000763,172.31.40.0-255,66,49702,64,245952
4234,0.000766,172.217.194.0-255,1484,51186,64,245952
4235,0.000787,172.217.194.0-255,2902,54088,64,245952
4236,0.00079,172.31.40.0-255,66,54154,64,245952
4237,0.000796,172.217.194.0-255,5738,59892,64,245952
4238,0.000799,172.31.40.0-255,66,59958,64,245952
4239,0.000823,172.217.194.0-255,3961,63919,64,245952
4240,0.000826,172.31.40.0-255,66,63985,64,245952
4241,0.0009,172.217.194.0-255,6797,70782,64,245952
4242,0.000909,172.31.40.0-255,66,70848,64,245952
4243,0.001176,172.217.194.0-255,1484,72332,64,245952
4244,0.001182,172.217.194.0-255,2902,75234,64,245952
4245,0.001186,172.31.40.0-255,66,75300,64,245952
4246,0.001191,172.217.194.0-255,2902,78202,64,245952
4247,0.001193,172.31.40.0-255,66,78268,64,245952
4248,0.00123,172.217.194.0-255,2902,81170,64,245952
4249,0.001233,172.31.40.0-255,66,81236,64,245952
4250,0.00124,172.217.194.0-255,7156,88392,64,245952
4251,0.001243,172.31.40.0-255,66,88458,64,245952
4252,0.001262,172.31.40.0-255,66,88524,64,245952
4253,0.001266,172.217.194.0-255,2902,91426,64,245952
4254,0.001269,172.31.40.0-255,66,91492,64,245952
4255,0.001317,172.217.194.0-255,1484,92976,64,245952
4256,0.001329,172.31.40.0-255,66,93042,64,245952
4257,0.001336,172.217.194.0-255,7156,100198,64,245952
4258,0.001341,172.31.40.0-255,66,100264,64,245952
4259,0.001378,172.217.194.0-255,7156,107420,64,245952
4260,0.001385,172.217.194.0-255,5020,112440,64,245952
4261,0.001392,172.31.40.0-255,66,112506,64,245952
4262,0.001541,172.217.194.0-255,1484,113990,64,245952
4263,0.001546,172.217.194.0-255,2902,116892,64,245952
4264,0.001552,172.217.194.0-255,4320,121212,64,245952
4265,0.001564,172.217.194.0-255,1484,122696,64,245952
4266,0.001573,172.31.40.0-255,66,122762,64,245952
4267,0.0016,172.31.40.0-255,66,122828,64,245952
4268,0.001624,172.217.194.0-255,1484,124312,64,245952
4269,0.001644,172.31.40.0-255,66,124378,64,245952
4270,0.00177,172.217.194.0-255,1484,125862,64,245952
4271,0.001776,172.217.194.0-255,2902,128764,64,245952
4272,0.00178,172.217.194.0-255,1484,130248,64,245952
4273,0.001786,172.31.40.0-255,66,130314,64,245952
4274,0.001799,172.217.194.0-255,4320,134634,64,245952
4275,0.001806,172.217.194.0-255,1484,136118,64,245952
4276,0.001813,172.217.194.0-255,7156,143274,64,245952
4277,0.001831,172.217.194.0-255,1484,144758,64,245952
4278,0.001838,172.31.40.0-255,66,144824,64,245952
4279,0.001847,172.217.194.0-255,2902,147726,64,245952
4280,0.001865,172.217.194.0-255,7156,154882,64,245952
4281,0.001868,172.31.40.0-255,66,154948,64,245952
4282,0.001897,172.217.194.0-255,3602,158550,64,245952
4283,0.001907,172.31.40.0-255,66,158616,64,245952
4284,0.001991,172.217.194.0-255,1484,160100,64,245952
4285,0.001997,172.217.194.0-255,2902,163002,64,245952
4286,0.001999,172.31.40.0-255,66,163068,64,245952
4287,0.002005,172.217.194.0-255,4320,167388,64,245952
4288,0.002028,172.217.194.0-255,1484,168872,64,245952
4289,0.002034,172.217.194.0-255,5738,174610,64,245952
4290,0.002046,172.31.40.0-255,66,174676,64,245952
4291,0.00208,172.217.194.0-255,5020,179696,64,245952
4292,0.002086,172.31.40.0-255,66,179762,64,245952
4293,0.002141,172.217.194.0-255,1484,181246,64,245952
4294,0.002147,172.217.194.0-255,2902,184148,64,245952
4295,0.002193,172.217.194.0-255,1484,185632,64,245952
4296,0.002197,172.31.40.0-255,66,185698,64,245952
4297,0.002214,172.217.194.0-255,4320,190018,64,245952
4298,0.00223,172.31.40.0-255,66,190084,64,245952
4299,0.002241,172.217.194.0-255,2902,192986,64,245952
4300,0.002281,172.31.40.0-255,66,193052,64,245952
4301,0.002328,172.217.194.0-255,2902,195954,64,245952
4302,0.002339,172.217.194.0-255,2902,198856,64,245952
4303,0.002344,172.31.40.0-255,66,198922,64,245952
4304,0.002387,172.31.40.0-255,66,198988,64,245952
4305,0.00243,172.31.40.0-255,66,199054,64,245952
4306,0.002452,172.217.194.0-255,6438,205492,64,245952
4307,0.002465,172.217.194.0-255,766,206258,64,245952
4308,0.002485,172.31.40.0-255,66,206324,64,245952
4309,0.004908,172.217.194.0-255,5738,212062,64,245952
4310,0.004914,172.31.40.0-255,66,212128,64,245952
4311,0.007241,172.217.194.0-255,5738,217866,64,245952
4312,0.007245,172.31.40.0-255,66,217932,64,245952
4313,0.009535,172.217.194.0-255,2902,220834,64,245952
4314,0.009541,172.31.40.0-255,66,220900,64,245952
4315,0.009569,172.217.194.0-255,2902,223802,64,245952
4316,0.009571,172.31.40.0-255,66,223868,64,245952
4317,0.011873,172.217.194.0-255,5738,229606,64,245952
4318,0.011891,172.31.40.0-255,66,229672,64,245952
4319,0.014206,172.217.194.0-255,5738,235410,64,245952
4320,0.014225,172.31.40.0-255,66,235476,64,245952
4321,0.016524,172.217.194.0-255,5738,241214,64,245952
4322,0.016542,172.31.40.0-255,66,241280,64,245952
4323,0.0189,172.217.194.0-255,4435,245715,64,245952
4324,0.018909,172.31.40.0-255,66,245781,64,245952
4325,0.024302,172.31.40.0-255,105,245886,64,245952
4326,0.026562,172.217.194.0-255,66,245952,64,245952
4327,0.0,172.253.118.0-255,296,296,64,164764
4328,2.2e-05,172.31.40.0-255,66,362,64,164764
4329,2.8e-05,172.253.118.0-255,1484,1846,64,164764
4330,3.3e-05,172.31.40.0-255,66,1912,64,164764
4331,4.6e-05,172.253.118.0-255,4320,6232,64,164764
4332,5e-05,172.31.40.0-255,66,6298,64,164764
4333,6.1e-05,172.31.40.0-255,66,6364,64,164764
4334,9.1e-05,172.31.40.0-255,66,6430,64,164764
4335,0.00013,172.253.118.0-255,2543,8973,64,164764
4336,0.000133,172.31.40.0-255,66,9039,64,164764
4337,0.000237,172.253.118.0-255,1484,10523,64,164764
4338,0.00024,172.31.40.0-255,66,10589,64,164764
4339,0.00027,172.253.118.0-255,2902,13491,64,164764
4340,0.000273,172.31.40.0-255,66,13557,64,164764
4341,0.000279,172.253.118.0-255,5738,19295,64,164764
4342,0.000281,172.31.40.0-255,66,19361,64,164764
4343,0.000329,172.31.40.0-255,66,19427,64,164764
4344,0.000338,172.31.40.0-255,66,19493,64,164764
4345,0.000373,172.253.118.0-255,3961,23454,64,164764
4346,0.000375,172.31.40.0-255,66,23520,64,164764
4347,0.000651,172.253.118.0-255,646,24166,64,164764
4348,0.000655,172.31.40.0-255,66,24232,64,164764
4349,0.000937,172.253.118.0-255,1484,25716,64,164764
4350,0.00094,172.31.40.0-255,66,25782,64,164764
4351,0.000944,172.253.118.0-255,1484,27266,64,164764
4352,0.000946,172.31.40.0-255,66,27332,64,164764
4353,0.000966,172.253.118.0-255,1484,28816,64,164764
4354,0.000968,172.31.40.0-255,66,28882,64,164764
4355,0.000978,172.253.118.0-255,5738,34620,64,164764
4356,0.00098,172.31.40.0-255,66,34686,64,164764
4357,0.000985,172.253.118.0-255,5738,40424,64,164764
4358,0.000987,172.31.40.0-255,66,40490,64,164764
4359,0.001026,172.253.118.0-255,7156,47646,64,164764
4360,0.001028,172.31.40.0-255,66,47712,64,164764
4361,0.001038,172.31.40.0-255,66,47778,64,164764
4362,0.001055,172.253.118.0-255,2184,49962,64,164764
4363,0.00106,172.31.40.0-255,66,50028,64,164764
4364,0.001954,172.253.118.0-255,1484,51512,64,164764
4365,0.001963,172.253.118.0-255,2902,54414,64,164764
4366,0.001967,172.31.40.0-255,66,54480,64,164764
4367,0.001974,172.253.118.0-255,5738,60218,64,164764
4368,0.001976,172.31.40.0-255,66,60284,64,164764
4369,0.001979,172.253.118.0-255,1484,61768,64,164764
4370,0.002017,172.31.40.0-255,66,61834,64,164764
4371,0.002023,172.253.118.0-255,7156,68990,64,164764
4372,0.002025,172.31.40.0-255,66,69056,64,164764
4373,0.002051,172.253.118.0-255,3602,72658,64,164764
4374,0.002053,172.31.40.0-255,66,72724,64,164764
4375,0.002161,172.253.118.0-255,1484,74208,64,164764
4376,0.002167,172.253.118.0-255,2902,77110,64,164764
4377,0.00217,172.31.40.0-255,66,77176,64,164764
4378,0.002176,172.253.118.0-255,2902,80078,64,164764
4379,0.002178,172.31.40.0-255,66,80144,64,164764
4380,0.002205,172.253.118.0-255,2902,83046,64,164764
4381,0.002207,172.31.40.0-255,66,83112,64,164764
4382,0.002221,172.31.40.0-255,66,83178,64,164764
4383,0.00225,172.253.118.0-255,2902,86080,64,164764
4384,0.002252,172.31.40.0-255,66,86146,64,164764
4385,0.002263,172.31.40.0-255,66,86212,64,164764
4386,0.002291,172.253.118.0-255,1484,87696,64,164764
4387,0.002295,172.253.118.0-255,2902,90598,64,164764
4388,0.002298,172.31.40.0-255,66,90664,64,164764
4389,0.002346,172.253.118.0-255,5738,96402,64,164764
4390,0.002349,172.31.40.0-255,66,96468,64,164764
4391,0.002353,172.253.118.0-255,4320,100788,64,164764
4392,0.002355,172.31.40.0-255,66,100854,64,164764
4393,0.004667,172.253.118.0-255,1484,102338,64,164764
4394,0.004681,172.253.118.0-255,4320,106658,64,164764
4395,0.004685,172.31.40.0-255,66,106724,64,164764
4396,0.007005,172.253.118.0-255,5738,112462,64,164764
4397,0.007012,172.31.40.0-255,66,112528,64,164764
4398,0.009342,172.253.118.0-255,5738,118266,64,164764
4399,0.009351,172.31.40.0-255,66,118332,64,164764
4400,0.011688,172.253.118.0-255,5738,124070,64,164764
4401,0.011698,172.31.40.0-255,66,124136,64,164764
4402,0.014038,172.253.118.0-255,5738,129874,64,164764
4403,0.014048,172.31.40.0-255,66,129940,64,164764
4404,0.016366,172.253.118.0-255,5738,135678,64,164764
4405,0.016375,172.31.40.0-255,66,135744,64,164764
4406,0.018704,172.253.118.0-255,5738,141482,64,164764
4407,0.018713,172.31.40.0-255,66,141548,64,164764
4408,0.021043,172.253.118.0-255,5738,147286,64,164764
4409,0.021051,172.31.40.0-255,66,147352,64,164764
4410,0.023364,172.253.118.0-255,5738,153090,64,164764
4411,0.023371,172.31.40.0-255,66,153156,64,164764
4412,0.025689,172.253.118.0-255,5738,158894,64,164764
4413,0.025696,172.31.40.0-255,66,158960,64,164764
4414,0.028038,172.253.118.0-255,5738,164698,64,164764
4415,0.028046,172.31.40.0-255,66,164764,64,164764
4416,0.0,172.31.40.0-255,105,105,64,459
4417,0.000157,172.31.40.0-255,90,195,64,459
4418,0.000168,172.31.40.0-255,66,261,64,459
4419,0.00277,172.217.194.0-255,66,327,64,459
4420,0.0028,172.217.194.0-255,66,393,64,459
4421,0.002822,172.31.40.0-255,66,459,64,459
4422,0.0,172.217.194.0-255,152,152,64,116952
4423,2.1e-05,172.31.40.0-255,66,218,64,116952
4424,2.8e-05,172.217.194.0-255,1484,1702,64,116952
4425,3.3e-05,172.31.40.0-255,66,1768,64,116952
4426,3.9e-05,172.217.194.0-255,2902,4670,64,116952
4427,4.3e-05,172.31.40.0-255,66,4736,64,116952
4428,4.6e-05,172.217.194.0-255,1484,6220,64,116952
4429,4.9e-05,172.31.40.0-255,66,6286,64,116952
4430,7.3e-05,172.217.194.0-255,4320,10606,64,116952
4431,7.6e-05,172.31.40.0-255,66,10672,64,116952
4432,8.2e-05,172.217.194.0-255,3394,14066,64,116952
4433,8.5e-05,172.31.40.0-255,66,14132,64,116952
4434,0.000129,172.217.194.0-255,1484,15616,64,116952
4435,0.000132,172.31.40.0-255,66,15682,64,116952
4436,0.000137,172.217.194.0-255,2902,18584,64,116952
4437,0.000139,172.31.40.0-255,66,18650,64,116952
4438,0.000153,172.217.194.0-255,2902,21552,64,116952
4439,0.000157,172.31.40.0-255,66,21618,64,116952
4440,0.000178,172.217.194.0-255,2902,24520,64,116952
4441,0.00018,172.31.40.0-255,66,24586,64,116952
4442,0.000186,172.217.194.0-255,4320,28906,64,116952
4443,0.000188,172.31.40.0-255,66,28972,64,116952
4444,0.000231,172.217.194.0-255,2902,31874,64,116952
4445,0.000233,172.31.40.0-255,66,31940,64,116952
4446,0.000254,172.217.194.0-255,5738,37678,64,116952
4447,0.000258,172.31.40.0-255,66,37744,64,116952
4448,0.00027,172.31.40.0-255,66,37810,64,116952
4449,0.000272,172.217.194.0-255,766,38576,64,116952
4450,0.000274,172.31.40.0-255,66,38642,64,116952
4451,0.001519,172.217.194.0-255,1484,40126,64,116952
4452,0.001527,172.31.40.0-255,66,40192,64,116952
4453,0.001558,172.217.194.0-255,1484,41676,64,116952
4454,0.001571,172.217.194.0-255,1484,43160,64,116952
4455,0.001573,172.31.40.0-255,66,43226,64,116952
4456,0.001587,172.217.194.0-255,1484,44710,64,116952
4457,0.001595,172.217.194.0-255,5738,50448,64,116952
4458,0.001597,172.31.40.0-255,66,50514,64,116952
4459,0.001609,172.217.194.0-255,1484,51998,64,116952
4460,0.001627,172.217.194.0-255,4252,56250,64,116952
4461,0.001629,172.31.40.0-255,66,56316,64,116952
4462,0.001632,172.217.194.0-255,99,56415,64,116952
4463,0.004269,172.217.194.0-255,4320,60735,64,116952
4464,0.004273,172.31.40.0-255,66,60801,64,116952
4465,0.006932,172.217.194.0-255,5738,66539,64,116952
4466,0.006939,172.31.40.0-255,66,66605,64,116952
4467,0.009586,172.217.194.0-255,5738,72343,64,116952
4468,0.009594,172.31.40.0-255,66,72409,64,116952
4469,0.012293,172.217.194.0-255,5738,78147,64,116952
4470,0.012301,172.31.40.0-255,66,78213,64,116952
4471,0.014993,172.217.194.0-255,5738,83951,64,116952
4472,0.015005,172.31.40.0-255,66,84017,64,116952
4473,0.017648,172.217.194.0-255,4320,88337,64,116952
4474,0.017655,172.31.40.0-255,66,88403,64,116952
4475,0.017677,172.217.194.0-255,1484,89887,64,116952
4476,0.020284,172.217.194.0-255,4320,94207,64,116952
4477,0.020292,172.31.40.0-255,66,94273,64,116952
4478,0.02292,172.217.194.0-255,5738,100011,64,116952
4479,0.022927,172.31.40.0-255,66,100077,64,116952
4480,0.024077,172.31.40.0-255,167,100244,64,116952
4481,0.024112,172.31.40.0-255,1111,101355,64,116952
4482,0.024175,172.31.40.0-255,1514,102869,64,116952
4483,0.024177,172.31.40.0-255,1514,104383,64,116952
4484,0.024205,172.31.40.0-255,697,105080,64,116952
4485,0.025573,172.217.194.0-255,5738,110818,64,116952
4486,0.02558,172.31.40.0-255,66,110884,64,116952
4487,0.025605,104.244.42.0-255,66,110950,64,116952
4488,0.025655,104.244.42.0-255,66,111016,64,116952
4489,0.02574,104.244.42.0-255,66,111082,64,116952
4490,0.025745,104.244.42.0-255,66,111148,64,116952
4491,0.02824,172.217.194.0-255,5738,116886,64,116952
4492,0.028248,172.31.40.0-255,66,116952,64,116952
4493,0.0,74.125.200.0-255,153,153,64,185323
4494,2.3e-05,172.31.40.0-255,66,219,64,185323
4495,3e-05,74.125.200.0-255,1484,1703,64,185323
4496,3.5e-05,172.31.40.0-255,66,1769,64,185323
4497,3.8e-05,74.125.200.0-255,1484,3253,64,185323
4498,4.2e-05,172.31.40.0-255,66,3319,64,185323
4499,5.4e-05,74.125.200.0-255,1484,4803,64,185323
4500,5.7e-05,172.31.40.0-255,66,4869,64,185323
4501,7.7e-05,74.125.200.0-255,1484,6353,64,185323
4502,8e-05,172.31.40.0-255,66,6419,64,185323
4503,9.2e-05,74.125.200.0-255,5738,12157,64,185323
4504,9.5e-05,172.31.40.0-255,66,12223,64,185323
4505,9.9e-05,74.125.200.0-255,2002,14225,64,185323
4506,0.000102,172.31.40.0-255,66,14291,64,185323
4507,0.000174,74.125.200.0-255,1484,15775,64,185323
4508,0.000177,172.31.40.0-255,66,15841,64,185323
4509,0.000182,74.125.200.0-255,2902,18743,64,185323
4510,0.000185,172.31.40.0-255,66,18809,64,185323
4511,0.000188,74.125.200.0-255,1484,20293,64,185323
4512,0.000189,172.31.40.0-255,66,20359,64,185323
4513,0.000214,74.125.200.0-255,2902,23261,64,185323
4514,0.000217,172.31.40.0-255,66,23327,64,185323
4515,0.000246,74.125.200.0-255,5738,29065,64,185323
4516,0.000249,172.31.40.0-255,66,29131,64,185323
4517,0.000254,74.125.200.0-255,2543,31674,64,185323
4518,0.000256,172.31.40.0-255,66,31740,64,185323
4519,0.000439,74.125.200.0-255,1484,33224,64,185323
4520,0.000443,172.31.40.0-255,66,33290,64,185323
4521,0.000449,74.125.200.0-255,2902,36192,64,185323
4522,0.000452,172.31.40.0-255,66,36258,64,185323
4523,0.00048,74.125.200.0-255,4320,40578,64,185323
4524,0.000483,172.31.40.0-255,66,40644,64,185323
4525,0.000505,74.125.200.0-255,1484,42128,64,185323
4526,0.000522,74.125.200.0-255,4320,46448,64,185323
4527,0.000525,172.31.40.0-255,66,46514,64,185323
4528,0.000555,74.125.200.0-255,2902,49416,64,185323
4529,0.000559,172.31.40.0-255,66,49482,64,185323
4530,0.000573,74.125.200.0-255,3961,53443,64,185323
4531,0.000576,172.31.40.0-255,66,53509,64,185323
4532,0.000588,74.125.200.0-255,7156,60665,64,185323
4533,0.000591,172.31.40.0-255,66,60731,64,185323
4534,0.000626,74.125.200.0-255,5379,66110,64,185323
4535,0.00063,172.31.40.0-255,66,66176,64,185323
4536,0.000836,74.125.200.0-255,412,66588,64,185323
4537,0.000877,74.125.200.0-255,331,66919,64,185323
4538,0.001081,172.31.40.0-255,66,66985,64,185323
4539,0.001123,74.125.200.0-255,1484,68469,64,185323
4540,0.001144,74.125.200.0-255,2902,71371,64,185323
4541,0.001147,172.31.40.0-255,66,71437,64,185323
4542,0.001175,74.125.200.0-255,5738,77175,64,185323
4543,0.001177,172.31.40.0-255,66,77241,64,185323
4544,0.001182,74.125.200.0-255,2902,80143,64,185323
4545,0.001183,172.31.40.0-255,66,80209,64,185323
4546,0.001205,74.125.200.0-255,4320,84529,64,185323
4547,0.001207,172.31.40.0-255,66,84595,64,185323
4548,0.001234,74.125.200.0-255,4320,88915,64,185323
4549,0.00124,172.31.40.0-255,66,88981,64,185323
4550,0.001246,74.125.200.0-255,5738,94719,64,185323
4551,0.001247,172.31.40.0-255,66,94785,64,185323
4552,0.001277,74.125.200.0-255,5738,100523,64,185323
4553,0.001279,172.31.40.0-255,66,100589,64,185323
4554,0.001304,74.125.200.0-255,766,101355,64,185323
4555,0.001494,172.31.40.0-255,66,101421,64,185323
4556,0.00187,74.125.200.0-255,1484,102905,64,185323
4557,0.001897,74.125.200.0-255,2902,105807,64,185323
4558,0.001901,172.31.40.0-255,66,105873,64,185323
4559,0.001928,74.125.200.0-255,4320,110193,64,185323
4560,0.00193,172.31.40.0-255,66,110259,64,185323
4561,0.001934,74.125.200.0-255,2902,113161,64,185323
4562,0.001936,172.31.40.0-255,66,113227,64,185323
4563,0.001957,74.125.200.0-255,2902,116129,64,185323
4564,0.001962,172.31.40.0-255,66,116195,64,185323
4565,0.001988,172.31.40.0-255,66,116261,64,185323
4566,0.002017,172.31.40.0-255,66,116327,64,185323
4567,0.00202,74.125.200.0-255,766,117093,64,185323
4568,0.004328,74.125.200.0-255,4320,121413,64,185323
4569,0.004332,172.31.40.0-255,66,121479,64,185323
4570,0.006638,74.125.200.0-255,5738,127217,64,185323
4571,0.006645,172.31.40.0-255,66,127283,64,185323
4572,0.008962,74.125.200.0-255,5738,133021,64,185323
4573,0.00897,172.31.40.0-255,66,133087,64,185323
4574,0.011289,74.125.200.0-255,5738,138825,64,185323
4575,0.011297,172.31.40.0-255,66,138891,64,185323
4576,0.013622,74.125.200.0-255,5738,144629,64,185323
4577,0.013632,172.31.40.0-255,66,144695,64,185323
4578,0.015944,74.125.200.0-255,5738,150433,64,185323
4579,0.015952,172.31.40.0-255,66,150499,64,185323
4580,0.018261,74.125.200.0-255,5738,156237,64,185323
4581,0.018269,172.31.40.0-255,66,156303,64,185323
4582,0.020585,74.125.200.0-255,5738,162041,64,185323
4583,0.020593,172.31.40.0-255,66,162107,64,185323
4584,0.022908,74.125.200.0-255,5738,167845,64,185323
4585,0.022915,172.31.40.0-255,66,167911,64,185323
4586,0.025218,74.125.200.0-255,5738,173649,64,185323
4587,0.025226,172.31.40.0-255,66,173715,64,185323
4588,0.02754,74.125.200.0-255,5738,179453,64,185323
4589,0.027547,172.31.40.0-255,66,179519,64,185323
4590,0.029869,74.125.200.0-255,5738,185257,64,185323
4591,0.029877,172.31.40.0-255,66,185323,64,185323
4592,0.0,172.31.40.0-255,105,105,64,276
4593,0.001493,157.240.7.0-255,105,210,64,276
4594,0.00151,172.31.40.0-255,66,276,64,276
4595,0.0,172.217.160.0-255,153,153,64,252679
4596,2.2e-05,172.31.40.0-255,66,219,64,252679
4597,2.9e-05,172.217.160.0-255,1484,1703,64,252679
4598,3.4e-05,172.31.40.0-255,66,1769,64,252679
4599,5.3e-05,172.217.160.0-255,2902,4671,64,252679
4600,5.6e-05,172.31.40.0-255,66,4737,64,252679
4601,6.6e-05,172.217.160.0-255,7156,11893,64,252679
4602,7.2e-05,172.31.40.0-255,66,11959,64,252679
4603,0.000114,172.31.40.0-255,66,12025,64,252679
4604,0.000141,172.217.160.0-255,502,12527,64,252679
4605,0.000144,172.31.40.0-255,66,12593,64,252679
4606,0.000153,172.217.160.0-255,6797,19390,64,252679
4607,0.000156,172.31.40.0-255,66,19456,64,252679
4608,0.000159,172.217.160.0-255,1484,20940,64,252679
4609,0.000161,172.31.40.0-255,66,21006,64,252679
4610,0.000165,172.217.160.0-255,2902,23908,64,252679
4611,0.000167,172.31.40.0-255,66,23974,64,252679
4612,0.00017,172.217.160.0-255,1484,25458,64,252679
4613,0.000172,172.31.40.0-255,66,25524,64,252679
4614,0.000203,172.217.160.0-255,4320,29844,64,252679
4615,0.000205,172.31.40.0-255,66,29910,64,252679
4616,0.000212,172.217.160.0-255,7156,37066,64,252679
4617,0.000215,172.31.40.0-255,66,37132,64,252679
4618,0.000232,172.217.160.0-255,1125,38257,64,252679
4619,0.000234,172.31.40.0-255,66,38323,64,252679
4620,0.000242,172.217.160.0-255,7156,45479,64,252679
4621,0.000244,172.31.40.0-255,66,45545,64,252679
4622,0.00027,172.217.160.0-255,1484,47029,64,252679
4623,0.000272,172.31.40.0-255,66,47095,64,252679
4624,0.00028,172.217.160.0-255,6797,53892,64,252679
4625,0.000282,172.31.40.0-255,66,53958,64,252679
4626,0.000285,172.217.160.0-255,374,54332,64,252679
4627,0.000862,172.217.160.0-255,103,54435,64,252679
4628,0.000968,172.217.160.0-255,1484,55919,64,252679
4629,0.000974,172.31.40.0-255,66,55985,64,252679
4630,0.000981,172.217.160.0-255,2902,58887,64,252679
4631,0.000984,172.31.40.0-255,66,58953,64,252679
4632,0.000988,172.217.160.0-255,2902,61855,64,252679
4633,0.00099,172.31.40.0-255,66,61921,64,252679
4634,0.001019,172.217.160.0-255,2902,64823,64,252679
4635,0.001023,172.31.40.0-255,66,64889,64,252679
4636,0.00103,172.217.160.0-255,6797,71686,64,252679
4637,0.001032,172.31.40.0-255,66,71752,64,252679
4638,0.001047,172.31.40.0-255,66,71818,64,252679
4639,0.001051,172.217.160.0-255,2543,74361,64,252679
4640,0.001053,172.31.40.0-255,66,74427,64,252679
4641,0.001056,172.217.160.0-255,364,74791,64,252679
4642,0.00115,172.217.160.0-255,1484,76275,64,252679
4643,0.001154,172.31.40.0-255,66,76341,64,252679
4644,0.001159,172.217.160.0-255,2902,79243,64,252679
4645,0.001161,172.31.40.0-255,66,79309,64,252679
4646,0.001166,172.217.160.0-255,2902,82211,64,252679
4647,0.001168,172.31.40.0-255,66,82277,64,252679
4648,0.001195,172.217.160.0-255,2902,85179,64,252679
4649,0.001198,172.31.40.0-255,66,85245,64,252679
4650,0.001204,172.217.160.0-255,4320,89565,64,252679
4651,0.001207,172.31.40.0-255,66,89631,64,252679
4652,0.001226,172.31.40.0-255,66,89697,64,252679
4653,0.00123,172.217.160.0-255,2902,92599,64,252679
4654,0.001232,172.31.40.0-255,66,92665,64,252679
4655,0.001266,172.31.40.0-255,66,92731,64,252679
4656,0.001371,172.217.160.0-255,1484,94215,64,252679
4657,0.001378,172.217.160.0-255,2902,97117,64,252679
4658,0.001381,172.31.40.0-255,66,97183,64,252679
4659,0.001388,172.217.160.0-255,5738,102921,64,252679
4660,0.00139,172.31.40.0-255,66,102987,64,252679
4661,0.001419,172.31.40.0-255,66,103053,64,252679
4662,0.00145,172.217.160.0-255,2902,105955,64,252679
4663,0.001452,172.31.40.0-255,66,106021,64,252679
4664,0.001465,172.31.40.0-255,66,106087,64,252679
4665,0.001539,172.217.160.0-255,1484,107571,64,252679
4666,0.001545,172.217.160.0-255,2902,110473,64,252679
4667,0.001548,172.31.40.0-255,66,110539,64,252679
4668,0.001553,172.217.160.0-255,2902,113441,64,252679
4669,0.001556,172.31.40.0-255,66,113507,64,252679
4670,0.001569,172.217.160.0-255,2902,116409,64,252679
4671,0.001571,172.31.40.0-255,66,116475,64,252679
4672,0.001582,172.31.40.0-255,66,116541,64,252679
4673,0.001631,172.217.160.0-255,7156,123697,64,252679
4674,0.001634,172.31.40.0-255,66,123763,64,252679
4675,0.001662,172.31.40.0-255,66,123829,64,252679
4676,0.001705,172.217.160.0-255,1484,125313,64,252679
4677,0.00171,172.217.160.0-255,2902,128215,64,252679
4678,0.001712,172.31.40.0-255,66,128281,64,252679
4679,0.001718,172.217.160.0-255,5738,134019,64,252679
4680,0.001721,172.31.40.0-255,66,134085,64,252679
4681,0.001727,172.217.160.0-255,5738,139823,64,252679
4682,0.001729,172.31.40.0-255,66,139889,64,252679
4683,0.001757,172.217.160.0-255,7156,147045,64,252679
4684,0.00176,172.31.40.0-255,66,147111,64,252679
4685,0.001767,172.217.160.0-255,7156,154267,64,252679
4686,0.001769,172.31.40.0-255,66,154333,64,252679
4687,0.001823,172.217.160.0-255,3602,157935,64,252679
4688,0.001827,172.31.40.0-255,66,158001,64,252679
4689,0.001861,172.217.160.0-255,1484,159485,64,252679
4690,0.001866,172.217.160.0-255,2902,162387,64,252679
4691,0.001869,172.31.40.0-255,66,162453,64,252679
4692,0.001872,172.217.160.0-255,1484,163937,64,252679
4693,0.001892,172.217.160.0-255,4320,168257,64,252679
4694,0.001913,172.31.40.0-255,66,168323,64,252679
4695,0.00192,172.31.40.0-255,66,168389,64,252679
4696,0.001925,172.217.160.0-255,2902,171291,64,252679
4697,0.001927,172.31.40.0-255,66,171357,64,252679
4698,0.00194,172.31.40.0-255,66,171423,64,252679
4699,0.00388,172.217.160.0-255,5738,177161,64,252679
4700,0.003888,172.31.40.0-255,66,177227,64,252679
4701,0.005839,172.217.160.0-255,5738,182965,64,252679
4702,0.005856,172.31.40.0-255,66,183031,64,252679
4703,0.00782,172.217.160.0-255,5738,188769,64,252679
4704,0.007834,172.31.40.0-255,66,188835,64,252679
4705,0.009779,172.217.160.0-255,5738,194573,64,252679
4706,0.009794,172.31.40.0-255,66,194639,64,252679
4707,0.011736,172.217.160.0-255,5738,200377,64,252679
4708,0.011745,172.31.40.0-255,66,200443,64,252679
4709,0.013707,172.217.160.0-255,5738,206181,64,252679
4710,0.013725,172.31.40.0-255,66,206247,64,252679
4711,0.01567,172.217.160.0-255,5738,211985,64,252679
4712,0.015682,172.31.40.0-255,66,212051,64,252679
4713,0.017652,172.217.160.0-255,5738,217789,64,252679
4714,0.017673,172.31.40.0-255,66,217855,64,252679
4715,0.019645,172.217.160.0-255,5738,223593,64,252679
4716,0.01966,172.31.40.0-255,66,223659,64,252679
4717,0.021616,172.217.160.0-255,5738,229397,64,252679
4718,0.021627,172.31.40.0-255,66,229463,64,252679
4719,0.023591,172.217.160.0-255,5738,235201,64,252679
4720,0.023605,172.31.40.0-255,66,235267,64,252679
4721,0.025562,172.217.160.0-255,5738,241005,64,252679
4722,0.025582,172.31.40.0-255,66,241071,64,252679
4723,0.027526,172.217.160.0-255,5738,246809,64,252679
4724,0.027536,172.31.40.0-255,66,246875,64,252679
4725,0.029497,172.217.160.0-255,5738,252613,64,252679
4726,0.029519,172.31.40.0-255,66,252679,64,252679
4727,0.0,172.31.40.0-255,105,105,64,459
4728,0.000359,172.31.40.0-255,90,195,64,459
4729,0.000379,172.31.40.0-255,66,261,64,459
4730,0.002677,74.125.130.0-255,66,327,64,459
4731,0.002699,74.125.130.0-255,66,393,64,459
4732,0.002715,172.31.40.0-255,66,459,64,459
4733,0.0,172.217.194.0-255,153,153,64,193253
4734,2.3e-05,172.31.40.0-255,66,219,64,193253
4735,3.1e-05,172.217.194.0-255,1484,1703,64,193253
4736,3.6e-05,172.31.40.0-255,66,1769,64,193253
4737,5e-05,172.217.194.0-255,2902,4671,64,193253
4738,5.5e-05,172.31.40.0-255,66,4737,64,193253
4739,6e-05,172.217.194.0-255,4320,9057,64,193253
4740,6.4e-05,172.31.40.0-255,66,9123,64,193253
4741,7.1e-05,172.217.194.0-255,7156,16279,64,193253
4742,7.4e-05,172.31.40.0-255,66,16345,64,193253
4743,0.000111,172.217.194.0-255,2099,18444,64,193253
4744,0.000113,172.31.40.0-255,66,18510,64,193253
4745,0.000125,172.31.40.0-255,66,18576,64,193253
4746,0.000129,172.217.194.0-255,2543,21119,64,193253
4747,0.000131,172.31.40.0-255,66,21185,64,193253
4748,0.000183,172.217.194.0-255,1484,22669,64,193253
4749,0.000186,172.31.40.0-255,66,22735,64,193253
4750,0.000191,172.217.194.0-255,2902,25637,64,193253
4751,0.000193,172.31.40.0-255,66,25703,64,193253
4752,0.000227,172.217.194.0-255,5738,31441,64,193253
4753,0.00023,172.31.40.0-255,66,31507,64,193253
4754,0.000236,172.217.194.0-255,5738,37245,64,193253
4755,0.000238,172.31.40.0-255,66,37311,64,193253
4756,0.000277,172.31.40.0-255,66,37377,64,193253
4757,0.000283,172.217.194.0-255,5020,42397,64,193253
4758,0.000285,172.31.40.0-255,66,42463,64,193253
4759,0.00031,172.217.194.0-255,409,42872,64,193253
4760,0.000312,172.31.40.0-255,66,42938,64,193253
4761,0.000382,172.217.194.0-255,1484,44422,64,193253
4762,0.000385,172.31.40.0-255,66,44488,64,193253
4763,0.00039,172.217.194.0-255,2902,47390,64,193253
4764,0.000392,172.31.40.0-255,66,47456,64,193253
4765,0.000423,172.217.194.0-255,5738,53194,64,193253
4766,0.000426,172.31.40.0-255,66,53260,64,193253
4767,0.000431,172.217.194.0-255,2902,56162,64,193253
4768,0.000433,172.31.40.0-255,66,56228,64,193253
4769,0.000459,172.217.194.0-255,7156,63384,64,193253
4770,0.000463,172.31.40.0-255,66,63450,64,193253
4771,0.000485,172.217.194.0-255,5738,69188,64,193253
4772,0.000488,172.31.40.0-255,66,69254,64,193253
4773,0.000526,172.31.40.0-255,66,69320,64,193253
4774,0.00071,172.217.194.0-255,1484,70804,64,193253
4775,0.000717,172.217.194.0-255,2902,73706,64,193253
4776,0.000721,172.31.40.0-255,66,73772,64,193253
4777,0.000752,172.217.194.0-255,5738,79510,64,193253
4778,0.000755,172.31.40.0-255,66,79576,64,193253
4779,0.000781,172.217.194.0-255,1484,81060,64,193253
4780,0.000807,172.217.194.0-255,5379,86439,64,193253
4781,0.000811,172.31.40.0-255,66,86505,64,193253
4782,0.001282,172.217.194.0-255,1484,87989,64,193253
4783,0.001289,172.217.194.0-255,2902,90891,64,193253
4784,0.001293,172.31.40.0-255,66,90957,64,193253
4785,0.001326,172.217.194.0-255,5738,96695,64,193253
4786,0.001329,172.31.40.0-255,66,96761,64,193253
4787,0.001335,172.217.194.0-255,5738,102499,64,193253
4788,0.001338,172.31.40.0-255,66,102565,64,193253
4789,0.001375,172.217.194.0-255,7156,109721,64,193253
4790,0.001379,172.31.40.0-255,66,109787,64,193253
4791,0.001395,172.31.40.0-255,66,109853,64,193253
4792,0.001833,172.217.194.0-255,1484,111337,64,193253
4793,0.001838,172.217.194.0-255,2902,114239,64,193253
4794,0.001842,172.31.40.0-255,66,114305,64,193253
4795,0.001846,172.217.194.0-255,1484,115789,64,193253
4796,0.001879,172.217.194.0-255,4320,120109,64,193253
4797,0.001881,172.31.40.0-255,66,120175,64,193253
4798,0.001898,172.31.40.0-255,66,120241,64,193253
4799,0.001901,172.217.194.0-255,1484,121725,64,193253
4800,0.001933,172.31.40.0-255,66,121791,64,193253
4801,0.002444,172.217.194.0-255,1484,123275,64,193253
4802,0.002451,172.217.194.0-255,2902,126177,64,193253
4803,0.002455,172.31.40.0-255,66,126243,64,193253
4804,0.002459,172.217.194.0-255,1484,127727,64,193253
4805,0.002484,172.217.194.0-255,4320,132047,64,193253
4806,0.002486,172.31.40.0-255,66,132113,64,193253
4807,0.00249,172.217.194.0-255,2902,135015,64,193253
4808,0.002492,172.31.40.0-255,66,135081,64,193253
4809,0.002528,172.31.40.0-255,66,135147,64,193253
4810,0.002567,172.31.40.0-255,66,135213,64,193253
4811,0.005105,172.217.194.0-255,5738,140951,64,193253
4812,0.005112,172.31.40.0-255,66,141017,64,193253
4813,0.007642,172.217.194.0-255,5738,146755,64,193253
4814,0.007648,172.31.40.0-255,66,146821,64,193253
4815,0.010197,172.217.194.0-255,5738,152559,64,193253
4816,0.010207,172.31.40.0-255,66,152625,64,193253
4817,0.01276,172.217.194.0-255,5738,158363,64,193253
4818,0.012772,172.31.40.0-255,66,158429,64,193253
4819,0.015326,172.217.194.0-255,5738,164167,64,193253
4820,0.015338,172.31.40.0-255,66,164233,64,193253
4821,0.017897,172.217.194.0-255,5738,169971,64,193253
4822,0.01791,172.31.40.0-255,66,170037,64,193253
4823,0.020485,172.217.194.0-255,5738,175775,64,193253
4824,0.020503,172.31.40.0-255,66,175841,64,193253
4825,0.023069,172.217.194.0-255,5738,181579,64,193253
4826,0.023085,172.31.40.0-255,66,181645,64,193253
4827,0.025631,172.217.194.0-255,5738,187383,64,193253
4828,0.025652,172.31.40.0-255,66,187449,64,193253
4829,0.028182,172.217.194.0-255,5738,193187,64,193253
4830,0.028196,172.31.40.0-255,66,193253,64,193253
4831,0.0,172.217.194.0-255,153,153,64,174602
4832,1.5e-05,172.31.40.0-255,66,219,64,174602
4833,2.1e-05,172.217.194.0-255,1484,1703,64,174602
4834,2.5e-05,172.31.40.0-255,66,1769,64,174602
4835,3.1e-05,172.217.194.0-255,2902,4671,64,174602
4836,4.2e-05,172.31.40.0-255,66,4737,64,174602
4837,4.9e-05,172.217.194.0-255,7156,11893,64,174602
4838,5.3e-05,172.31.40.0-255,66,11959,64,174602
4839,8.5e-05,172.217.194.0-255,2027,13986,64,174602
4840,8.8e-05,172.31.40.0-255,66,14052,64,174602
4841,9.3e-05,172.217.194.0-255,2902,16954,64,174602
4842,9.6e-05,172.31.40.0-255,66,17020,64,174602
4843,0.000127,172.217.194.0-255,7156,24176,64,174602
4844,0.00013,172.31.40.0-255,66,24242,64,174602
4845,0.000135,172.217.194.0-255,4320,28562,64,174602
4846,0.000137,172.31.40.0-255,66,28628,64,174602
4847,0.000176,172.217.194.0-255,2543,31171,64,174602
4848,0.000179,172.31.40.0-255,66,31237,64,174602
4849,0.000393,172.217.194.0-255,1484,32721,64,174602
4850,0.000398,172.31.40.0-255,66,32787,64,174602
4851,0.000404,172.217.194.0-255,2902,35689,64,174602
4852,0.000407,172.31.40.0-255,66,35755,64,174602
4853,0.000434,172.217.194.0-255,5738,41493,64,174602
4854,0.000437,172.31.40.0-255,66,41559,64,174602
4855,0.000467,172.217.194.0-255,6797,48356,64,174602
4856,0.00047,172.31.40.0-255,66,48422,64,174602
4857,0.000473,172.217.194.0-255,1484,49906,64,174602
4858,0.000475,172.31.40.0-255,66,49972,64,174602
4859,0.000506,172.217.194.0-255,5738,55710,64,174602
4860,0.000509,172.31.40.0-255,66,55776,64,174602
4861,0.000523,172.217.194.0-255,7156,62932,64,174602
4862,0.000525,172.31.40.0-255,66,62998,64,174602
4863,0.000549,172.217.194.0-255,2801,65799,64,174602
4864,0.000552,172.31.40.0-255,66,65865,64,174602
4865,0.00064,172.217.194.0-255,117,65982,64,174602
4866,0.000673,172.217.194.0-255,377,66359,64,174602
4867,0.001447,172.217.194.0-255,1484,67843,64,174602
4868,0.001455,172.31.40.0-255,66,67909,64,174602
4869,0.001462,172.217.194.0-255,2902,70811,64,174602
4870,0.001464,172.31.40.0-255,66,70877,64,174602
4871,0.001475,172.217.194.0-255,5738,76615,64,174602
4872,0.001477,172.31.40.0-255,66,76681,64,174602
4873,0.001481,172.217.194.0-255,1484,78165,64,174602
4874,0.001524,172.31.40.0-255,66,78231,64,174602
4875,0.001537,172.31.40.0-255,66,78297,64,174602
4876,0.002474,172.217.194.0-255,1484,79781,64,174602
4877,0.002482,172.217.194.0-255,2902,82683,64,174602
4878,0.002487,172.31.40.0-255,66,82749,64,174602
4879,0.002519,172.217.194.0-255,5738,88487,64,174602
4880,0.002521,172.31.40.0-255,66,88553,64,174602
4881,0.002579,172.217.194.0-255,1484,90037,64,174602
4882,0.002593,172.217.194.0-255,2902,92939,64,174602
4883,0.002595,172.31.40.0-255,66,93005,64,174602
4884,0.002601,172.217.194.0-255,5738,98743,64,174602
4885,0.002604,172.31.40.0-255,66,98809,64,174602
4886,0.002614,172.217.194.0-255,2902,101711,64,174602
4887,0.002616,172.31.40.0-255,66,101777,64,174602
4888,0.002653,172.31.40.0-255,66,101843,64,174602
4889,0.002656,172.217.194.0-255,766,102609,64,174602
4890,0.002955,172.217.194.0-255,1484,104093,64,174602
4891,0.002957,172.31.40.0-255,66,104159,64,174602
4892,0.002985,172.217.194.0-255,2902,107061,64,174602
4893,0.002987,172.31.40.0-255,66,107127,64,174602
4894,0.003018,172.217.194.0-255,5738,112865,64,174602
4895,0.003021,172.31.40.0-255,66,112931,64,174602
4896,0.003059,172.31.40.0-255,66,112997,64,174602
4897,0.003085,172.217.194.0-255,5738,118735,64,174602
4898,0.003088,172.31.40.0-255,66,118801,64,174602
4899,0.003117,172.217.194.0-255,5020,123821,64,174602
4900,0.003119,172.31.40.0-255,66,123887,64,174602
4901,0.003184,172.217.194.0-255,1484,125371,64,174602
4902,0.003198,172.217.194.0-255,2902,128273,64,174602
4903,0.0032,172.31.40.0-255,66,128339,64,174602
4904,0.003205,172.217.194.0-255,4320,132659,64,174602
4905,0.003208,172.31.40.0-255,66,132725,64,174602
4906,0.00323,172.217.194.0-255,1484,134209,64,174602
4907,0.003248,172.31.40.0-255,66,134275,64,174602
4908,0.003297,172.31.40.0-255,66,134341,64,174602
4909,0.003336,172.217.194.0-255,1484,135825,64,174602
4910,0.003341,172.217.194.0-255,2902,138727,64,174602
4911,0.003343,172.31.40.0-255,66,138793,64,174602
4912,0.003364,172.217.194.0-255,5738,144531,64,174602
4913,0.003366,172.31.40.0-255,66,144597,64,174602
4914,0.003396,172.31.40.0-255,66,144663,64,174602
4915,0.003403,172.217.194.0-255,7156,151819,64,174602
4916,0.003405,172.31.40.0-255,66,151885,64,174602
4917,0.003429,172.217.194.0-255,2902,154787,64,174602
4918,0.003431,172.31.40.0-255,66,154853,64,174602
4919,0.00347,172.31.40.0-255,66,154919,64,174602
4920,0.00351,172.31.40.0-255,66,154985,64,174602
4921,0.003521,172.31.40.0-255,66,155051,64,174602
4922,0.003586,172.31.40.0-255,66,155117,64,174602
4923,0.003606,172.31.40.0-255,66,155183,64,174602
4924,0.003629,172.31.40.0-255,66,155249,64,174602
4925,0.003647,172.31.40.0-255,66,155315,64,174602
4926,0.003651,172.217.194.0-255,2184,157499,64,174602
4927,0.003653,172.31.40.0-255,66,157565,64,174602
4928,0.00368,172.217.194.0-255,5738,163303,64,174602
4929,0.003682,172.31.40.0-255,66,163369,64,174602
4930,0.00372,172.31.40.0-255,66,163435,64,174602
4931,0.003741,172.31.40.0-255,66,163501,64,174602
4932,0.003746,172.217.194.0-255,3602,167103,64,174602
4933,0.003748,172.31.40.0-255,66,167169,64,174602
4934,0.003827,172.217.194.0-255,4320,171489,64,174602
4935,0.003845,172.217.194.0-255,2771,174260,64,174602
4936,0.003848,172.217.194.0-255,105,174365,64,174602
4937,0.004193,172.31.40.0-255,66,174431,64,174602
4938,0.010005,172.31.40.0-255,105,174536,64,174602
4939,0.012504,172.217.194.0-255,66,174602,64,174602
4940,0.0,74.125.24.0-255,153,153,64,187332
4941,2.1e-05,172.31.40.0-255,66,219,64,187332
4942,2.8e-05,74.125.24.0-255,1484,1703,64,187332
4943,3.2e-05,172.31.40.0-255,66,1769,64,187332
4944,4.9e-05,74.125.24.0-255,2902,4671,64,187332
4945,5.2e-05,172.31.40.0-255,66,4737,64,187332
4946,5.9e-05,74.125.24.0-255,5738,10475,64,187332
4947,6.1e-05,172.31.40.0-255,66,10541,64,187332
4948,7.9e-05,74.125.24.0-255,1484,12025,64,187332
4949,8.1e-05,172.31.40.0-255,66,12091,64,187332
4950,8.6e-05,74.125.24.0-255,2126,14217,64,187332
4951,8.8e-05,172.31.40.0-255,66,14283,64,187332
4952,0.001055,74.125.24.0-255,1484,15767,64,187332
4953,0.001063,172.31.40.0-255,66,15833,64,187332
4954,0.001073,74.125.24.0-255,2902,18735,64,187332
4955,0.001075,172.31.40.0-255,66,18801,64,187332
4956,0.001082,74.125.24.0-255,5738,24539,64,187332
4957,0.001085,172.31.40.0-255,66,24605,64,187332
4958,0.00109,74.125.24.0-255,2902,27507,64,187332
4959,0.001092,172.31.40.0-255,66,27573,64,187332
4960,0.001141,74.125.24.0-255,1484,29057,64,187332
4961,0.001144,172.31.40.0-255,66,29123,64,187332
4962,0.001171,172.31.40.0-255,66,29189,64,187332
4963,0.001182,172.31.40.0-255,66,29255,64,187332
4964,0.00121,74.125.24.0-255,2902,32157,64,187332
4965,0.001212,172.31.40.0-255,66,32223,64,187332
4966,0.001219,74.125.24.0-255,7156,39379,64,187332
4967,0.001222,172.31.40.0-255,66,39445,64,187332
4968,0.00124,74.125.24.0-255,4320,43765,64,187332
4969,0.001242,172.31.40.0-255,66,43831,64,187332
4970,0.001256,74.125.24.0-255,3602,47433,64,187332
4971,0.001258,172.31.40.0-255,66,47499,64,187332
4972,0.001785,74.125.24.0-255,646,48145,64,187332
4973,0.001965,74.125.24.0-255,1484,49629,64,187332
4974,0.001968,172.31.40.0-255,66,49695,64,187332
4975,0.001974,74.125.24.0-255,2902,52597,64,187332
4976,0.001976,172.31.40.0-255,66,52663,64,187332
4977,0.001999,74.125.24.0-255,5738,58401,64,187332
4978,0.002002,172.31.40.0-255,66,58467,64,187332
4979,0.002022,74.125.24.0-255,7156,65623,64,187332
4980,0.002025,172.31.40.0-255,66,65689,64,187332
4981,0.002046,74.125.24.0-255,2902,68591,64,187332
4982,0.002048,172.31.40.0-255,66,68657,64,187332
4983,0.002055,74.125.24.0-255,7156,75813,64,187332
4984,0.002058,172.31.40.0-255,66,75879,64,187332
4985,0.002074,74.125.24.0-255,6438,82317,64,187332
4986,0.002076,172.31.40.0-255,66,82383,64,187332
4987,0.002145,74.125.24.0-255,1484,83867,64,187332
4988,0.002172,74.125.24.0-255,2902,86769,64,187332
4989,0.002175,172.31.40.0-255,66,86835,64,187332
4990,0.002213,74.125.24.0-255,4320,91155,64,187332
4991,0.002216,172.31.40.0-255,66,91221,64,187332
4992,0.002233,74.125.24.0-255,1484,92705,64,187332
4993,0.002252,74.125.24.0-255,4320,97025,64,187332
4994,0.002254,172.31.40.0-255,66,97091,64,187332
4995,0.002329,74.125.24.0-255,1484,98575,64,187332
4996,0.002347,74.125.24.0-255,2902,101477,64,187332
4997,0.00235,172.31.40.0-255,66,101543,64,187332
4998,0.002353,74.125.24.0-255,1484,103027,64,187332
4999,0.002357,74.125.24.0-255,2902,105929,64,187332
5000,0.00236,172.31.40.0-255,66,105995,64,187332
5001,0.002386,74.125.24.0-255,5738,111733,64,187332
5002,0.002389,172.31.40.0-255,66,111799,64,187332
5003,0.002424,74.125.24.0-255,5020,116819,64,187332
5004,0.002427,172.31.40.0-255,66,116885,64,187332
5005,0.002588,74.125.24.0-255,1484,118369,64,187332
5006,0.002591,74.125.24.0-255,1484,119853,64,187332
5007,0.002593,172.31.40.0-255,66,119919,64,187332
5008,0.002609,74.125.24.0-255,1484,121403,64,187332
5009,0.002614,74.125.24.0-255,4320,125723,64,187332
5010,0.002617,172.31.40.0-255,66,125789,64,187332
5011,0.00526,74.125.24.0-255,5738,131527,64,187332
5012,0.005267,172.31.40.0-255,66,131593,64,187332
5013,0.007902,74.125.24.0-255,5738,137331,64,187332
5014,0.00791,172.31.40.0-255,66,137397,64,187332
5015,0.010565,74.125.24.0-255,5738,143135,64,187332
5016,0.010573,172.31.40.0-255,66,143201,64,187332
5017,0.013228,74.125.24.0-255,5738,148939,64,187332
5018,0.013238,172.31.40.0-255,66,149005,64,187332
5019,0.015852,74.125.24.0-255,5738,154743,64,187332
5020,0.01586,172.31.40.0-255,66,154809,64,187332
5021,0.018501,74.125.24.0-255,5738,160547,64,187332
5022,0.018511,172.31.40.0-255,66,160613,64,187332
5023,0.019952,172.31.40.0-255,172,160785,64,187332
5024,0.01998,172.31.40.0-255,1107,161892,64,187332
5025,0.020034,172.31.40.0-255,1514,163406,64,187332
5026,0.020035,172.31.40.0-255,338,163744,64,187332
5027,0.021122,74.125.24.0-255,5738,169482,64,187332
5028,0.021129,172.31.40.0-255,66,169548,64,187332
5029,0.02147,104.244.42.0-255,66,169614,64,187332
5030,0.021528,104.244.42.0-255,66,169680,64,187332
5031,0.021619,104.244.42.0-255,66,169746,64,187332
5032,0.022338,104.244.42.0-255,108,169854,64,187332
5033,0.022344,172.31.40.0-255,66,169920,64,187332
5034,0.023727,74.125.24.0-255,5738,175658,64,187332
5035,0.023733,172.31.40.0-255,66,175724,64,187332
5036,0.026348,74.125.24.0-255,5738,181462,64,187332
5037,0.026353,172.31.40.0-255,66,181528,64,187332
5038,0.028975,74.125.24.0-255,5738,187266,64,187332
5039,0.028981,172.31.40.0-255,66,187332,64,187332
5040,0.0,172.217.194.0-255,152,152,64,249636
5041,1.4e-05,172.31.40.0-255,66,218,64,249636
5042,2.1e-05,172.217.194.0-255,1484,1702,64,249636
5043,2.5e-05,172.31.40.0-255,66,1768,64,249636
5044,3.2e-05,172.217.194.0-255,2902,4670,64,249636
5045,3.7e-05,172.31.40.0-255,66,4736,64,249636
5046,4.4e-05,172.217.194.0-255,7156,11892,64,249636
5047,4.7e-05,172.31.40.0-255,66,11958,64,249636
5048,7.6e-05,172.217.194.0-255,4866,16824,64,249636
5049,7.8e-05,172.31.40.0-255,66,16890,64,249636
5050,9.2e-05,172.217.194.0-255,4320,21210,64,249636
5051,9.5e-05,172.31.40.0-255,66,21276,64,249636
5052,0.00013,172.31.40.0-255,66,21342,64,249636
5053,0.000162,172.217.194.0-255,1484,22826,64,249636
5054,0.000164,172.31.40.0-255,66,22892,64,249636
5055,0.000169,172.217.194.0-255,2902,25794,64,249636
5056,0.000172,172.31.40.0-255,66,25860,64,249636
5057,0.00019,172.217.194.0-255,5738,31598,64,249636
5058,0.000193,172.31.40.0-255,66,31664,64,249636
5059,0.000219,172.217.194.0-255,7156,38820,64,249636
5060,0.000222,172.31.40.0-255,66,38886,64,249636
5061,0.000242,172.217.194.0-255,2543,41429,64,249636
5062,0.000245,172.31.40.0-255,66,41495,64,249636
5063,0.000262,172.217.194.0-255,4320,45815,64,249636
5064,0.000265,172.31.40.0-255,66,45881,64,249636
5065,0.000294,172.31.40.0-255,66,45947,64,249636
5066,0.000297,172.217.194.0-255,99,46046,64,249636
5067,0.000299,172.31.40.0-255,66,46112,64,249636
5068,0.000356,172.217.194.0-255,1484,47596,64,249636
5069,0.000359,172.31.40.0-255,66,47662,64,249636
5070,0.000365,172.217.194.0-255,2902,50564,64,249636
5071,0.000367,172.31.40.0-255,66,50630,64,249636
5072,0.000381,172.217.194.0-255,4320,54950,64,249636
5073,0.000384,172.31.40.0-255,66,55016,64,249636
5074,0.000401,172.217.194.0-255,1484,56500,64,249636
5075,0.000409,172.217.194.0-255,7156,63656,64,249636
5076,0.000412,172.31.40.0-255,66,63722,64,249636
5077,0.000438,172.217.194.0-255,6797,70519,64,249636
5078,0.000441,172.31.40.0-255,66,70585,64,249636
5079,0.000452,172.31.40.0-255,66,70651,64,249636
5080,0.00125,172.217.194.0-255,1484,72135,64,249636
5081,0.001257,172.217.194.0-255,2902,75037,64,249636
5082,0.001261,172.31.40.0-255,66,75103,64,249636
5083,0.001265,172.217.194.0-255,1484,76587,64,249636
5084,0.001286,172.217.194.0-255,4320,80907,64,249636
5085,0.001289,172.31.40.0-255,66,80973,64,249636
5086,0.001295,172.217.194.0-255,5738,86711,64,249636
5087,0.001297,172.31.40.0-255,66,86777,64,249636
5088,0.001301,172.217.194.0-255,2902,89679,64,249636
5089,0.001303,172.31.40.0-255,66,89745,64,249636
5090,0.001346,172.31.40.0-255,66,89811,64,249636
5091,0.001353,172.217.194.0-255,5020,94831,64,249636
5092,0.001355,172.31.40.0-255,66,94897,64,249636
5093,0.001402,172.217.194.0-255,1484,96381,64,249636
5094,0.001407,172.217.194.0-255,2902,99283,64,249636
5095,0.00141,172.31.40.0-255,66,99349,64,249636
5096,0.001416,172.217.194.0-255,5738,105087,64,249636
5097,0.001418,172.31.40.0-255,66,105153,64,249636
5098,0.001433,172.217.194.0-255,2902,108055,64,249636
5099,0.001436,172.31.40.0-255,66,108121,64,249636
5100,0.001451,172.217.194.0-255,7156,115277,64,249636
5101,0.001455,172.31.40.0-255,66,115343,64,249636
5102,0.001492,172.217.194.0-255,2902,118245,64,249636
5103,0.001495,172.31.40.0-255,66,118311,64,249636
5104,0.001522,172.31.40.0-255,66,118377,64,249636
5105,0.001546,172.217.194.0-255,2184,120561,64,249636
5106,0.001549,172.31.40.0-255,66,120627,64,249636
5107,0.001557,172.217.194.0-255,7156,127783,64,249636
5108,0.001559,172.31.40.0-255,66,127849,64,249636
5109,0.001569,172.31.40.0-255,66,127915,64,249636
5110,0.001604,172.31.40.0-255,66,127981,64,249636
5111,0.001607,172.217.194.0-255,766,128747,64,249636
5112,0.001647,172.217.194.0-255,5738,134485,64,249636
5113,0.00165,172.31.40.0-255,66,134551,64,249636
5114,0.001677,172.217.194.0-255,7156,141707,64,249636
5115,0.001681,172.31.40.0-255,66,141773,64,249636
5116,0.001695,172.31.40.0-255,66,141839,64,249636
5117,0.001725,172.217.194.0-255,6737,148576,64,249636
5118,0.001727,172.31.40.0-255,66,148642,64,249636
5119,0.001861,172.217.194.0-255,1484,150126,64,249636
5120,0.001879,172.217.194.0-255,2902,153028,64,249636
5121,0.001883,172.31.40.0-255,66,153094,64,249636
5122,0.001889,172.217.194.0-255,4320,157414,64,249636
5123,0.001891,172.31.40.0-255,66,157480,64,249636
5124,0.001926,172.217.194.0-255,4320,161800,64,249636
5125,0.001929,172.31.40.0-255,66,161866,64,249636
5126,0.001974,172.217.194.0-255,4320,166186,64,249636
5127,0.001978,172.31.40.0-255,66,166252,64,249636
5128,0.00199,172.31.40.0-255,66,166318,64,249636
5129,0.001994,172.217.194.0-255,2902,169220,64,249636
5130,0.001996,172.31.40.0-255,66,169286,64,249636
5131,0.002027,172.217.194.0-255,5020,174306,64,249636
5132,0.002031,172.31.40.0-255,66,174372,64,249636
5133,0.002337,172.217.194.0-255,1484,175856,64,249636
5134,0.002344,172.217.194.0-255,2902,178758,64,249636
5135,0.002347,172.31.40.0-255,66,178824,64,249636
5136,0.002367,172.217.194.0-255,4320,183144,64,249636
5137,0.00237,172.31.40.0-255,66,183210,64,249636
5138,0.002394,172.217.194.0-255,1484,184694,64,249636
5139,0.0024,172.217.194.0-255,2902,187596,64,249636
5140,0.002402,172.31.40.0-255,66,187662,64,249636
5141,0.002405,172.217.194.0-255,1484,189146,64,249636
5142,0.002411,172.217.194.0-255,4320,193466,64,249636
5143,0.002413,172.31.40.0-255,66,193532,64,249636
5144,0.002428,172.217.194.0-255,1484,195016,64,249636
5145,0.002431,172.217.194.0-255,1484,196500,64,249636
5146,0.002433,172.31.40.0-255,66,196566,64,249636
5147,0.002436,172.217.194.0-255,1484,198050,64,249636
5148,0.002449,172.217.194.0-255,2902,200952,64,249636
5149,0.002451,172.31.40.0-255,66,201018,64,249636
5150,0.002478,172.217.194.0-255,5738,206756,64,249636
5151,0.002481,172.31.40.0-255,66,206822,64,249636
5152,0.002501,172.217.194.0-255,2184,209006,64,249636
5153,0.002504,172.31.40.0-255,66,209072,64,249636
5154,0.002598,172.217.194.0-255,1484,210556,64,249636
5155,0.002602,172.217.194.0-255,1484,212040,64,249636
5156,0.002605,172.31.40.0-255,66,212106,64,249636
5157,0.002632,172.217.194.0-255,4320,216426,64,249636
5158,0.002635,172.31.40.0-255,66,216492,64,249636
5159,0.002638,172.217.194.0-255,1484,217976,64,249636
5160,0.00267,172.31.40.0-255,66,218042,64,249636
5161,0.002725,172.217.194.0-255,1484,219526,64,249636
5162,0.002741,172.217.194.0-255,5020,224546,64,249636
5163,0.002746,172.31.40.0-255,66,224612,64,249636
5164,0.002754,172.31.40.0-255,66,224678,64,249636
5165,0.00276,172.217.194.0-255,5738,230416,64,249636
5166,0.002763,172.31.40.0-255,66,230482,64,249636
5167,0.002797,172.31.40.0-255,66,230548,64,249636
5168,0.00281,172.31.40.0-255,66,230614,64,249636
5169,0.002821,172.31.40.0-255,66,230680,64,249636
5170,0.002827,172.217.194.0-255,4320,235000,64,249636
5171,0.002829,172.31.40.0-255,66,235066,64,249636
5172,0.002856,172.217.194.0-255,5738,240804,64,249636
5173,0.002859,172.31.40.0-255,66,240870,64,249636
5174,0.002862,172.217.194.0-255,1484,242354,64,249636
5175,0.002893,172.31.40.0-255,66,242420,64,249636
5176,0.002908,172.217.194.0-255,1484,243904,64,249636
5177,0.002929,172.217.194.0-255,5324,249228,64,249636
5178,0.002932,172.31.40.0-255,66,249294,64,249636
5179,0.003014,172.217.194.0-255,105,249399,64,249636
5180,0.013197,172.31.40.0-255,66,249465,64,249636
5181,0.013252,172.31.40.0-255,105,249570,64,249636
5182,0.015521,172.217.194.0-255,66,249636,64,249636
5183,0.0,74.125.24.0-255,156,156,64,257338
5184,1.6e-05,172.31.40.0-255,66,222,64,257338
5185,2.3e-05,74.125.24.0-255,1484,1706,64,257338
5186,2.8e-05,172.31.40.0-255,66,1772,64,257338
5187,4.6e-05,74.125.24.0-255,1484,3256,64,257338
5188,4.9e-05,172.31.40.0-255,66,3322,64,257338
5189,6.9e-05,74.125.24.0-255,1484,4806,64,257338
5190,7.1e-05,172.31.40.0-255,66,4872,64,257338
5191,8.8e-05,74.125.24.0-255,4320,9192,64,257338
5192,9.2e-05,172.31.40.0-255,66,9258,64,257338
5193,0.000128,74.125.24.0-255,4954,14212,64,257338
5194,0.000131,172.31.40.0-255,66,14278,64,257338
5195,0.000149,74.125.24.0-255,2902,17180,64,257338
5196,0.000152,172.31.40.0-255,66,17246,64,257338
5197,0.000178,74.125.24.0-255,2902,20148,64,257338
5198,0.000181,172.31.40.0-255,66,20214,64,257338
5199,0.000189,74.125.24.0-255,7156,27370,64,257338
5200,0.000191,172.31.40.0-255,66,27436,64,257338
5201,0.000228,74.125.24.0-255,3961,31397,64,257338
5202,0.000231,172.31.40.0-255,66,31463,64,257338
5203,0.000252,74.125.24.0-255,1484,32947,64,257338
5204,0.000255,172.31.40.0-255,66,33013,64,257338
5205,0.000258,74.125.24.0-255,1484,34497,64,257338
5206,0.00026,172.31.40.0-255,66,34563,64,257338
5207,0.000277,74.125.24.0-255,1484,36047,64,257338
5208,0.000279,172.31.40.0-255,66,36113,64,257338
5209,0.000285,74.125.24.0-255,5738,41851,64,257338
5210,0.000288,172.31.40.0-255,66,41917,64,257338
5211,0.00029,74.125.24.0-255,1484,43401,64,257338
5212,0.000293,172.31.40.0-255,66,43467,64,257338
5213,0.000317,74.125.24.0-255,5379,48846,64,257338
5214,0.000319,172.31.40.0-255,66,48912,64,257338
5215,0.000334,172.31.40.0-255,66,48978,64,257338
5216,0.00036,74.125.24.0-255,3961,52939,64,257338
5217,0.000363,172.31.40.0-255,66,53005,64,257338
5218,0.000366,74.125.24.0-255,393,53398,64,257338
5219,0.0008,74.125.24.0-255,113,53511,64,257338
5220,0.000845,74.125.24.0-255,1484,54995,64,257338
5221,0.00085,172.31.40.0-255,66,55061,64,257338
5222,0.000864,74.125.24.0-255,2902,57963,64,257338
5223,0.000867,172.31.40.0-255,66,58029,64,257338
5224,0.000891,74.125.24.0-255,4320,62349,64,257338
5225,0.000893,172.31.40.0-255,66,62415,64,257338
5226,0.000912,74.125.24.0-255,1484,63899,64,257338
5227,0.000919,74.125.24.0-255,7156,71055,64,257338
5228,0.000922,172.31.40.0-255,66,71121,64,257338
5229,0.000946,74.125.24.0-255,5738,76859,64,257338
5230,0.000949,172.31.40.0-255,66,76925,64,257338
5231,0.000962,172.31.40.0-255,66,76991,64,257338
5232,0.000964,74.125.24.0-255,333,77324,64,257338
5233,0.001288,74.125.24.0-255,1484,78808,64,257338
5234,0.001293,172.31.40.0-255,66,78874,64,257338
5235,0.001298,74.125.24.0-255,2902,81776,64,257338
5236,0.0013,172.31.40.0-255,66,81842,64,257338
5237,0.001304,74.125.24.0-255,2902,84744,64,257338
5238,0.001307,172.31.40.0-255,66,84810,64,257338
5239,0.001323,74.125.24.0-255,2902,87712,64,257338
5240,0.001325,172.31.40.0-255,66,87778,64,257338
5241,0.001336,172.31.40.0-255,66,87844,64,257338
5242,0.001357,74.125.24.0-255,4320,92164,64,257338
5243,0.001359,172.31.40.0-255,66,92230,64,257338
5244,0.001382,74.125.24.0-255,1484,93714,64,257338
5245,0.001394,74.125.24.0-255,2902,96616,64,257338
5246,0.001397,172.31.40.0-255,66,96682,64,257338
5247,0.00142,74.125.24.0-255,6438,103120,64,257338
5248,0.001424,172.31.40.0-255,66,103186,64,257338
5249,0.001639,74.125.24.0-255,1484,104670,64,257338
5250,0.001644,74.125.24.0-255,2902,107572,64,257338
5251,0.001647,172.31.40.0-255,66,107638,64,257338
5252,0.001673,74.125.24.0-255,4320,111958,64,257338
5253,0.001675,172.31.40.0-255,66,112024,64,257338
5254,0.001687,74.125.24.0-255,1484,113508,64,257338
5255,0.001692,74.125.24.0-255,4320,117828,64,257338
5256,0.001695,172.31.40.0-255,66,117894,64,257338
5257,0.00173,172.31.40.0-255,66,117960,64,257338
5258,0.001739,172.31.40.0-255,66,118026,64,257338
5259,0.001776,74.125.24.0-255,2184,120210,64,257338
5260,0.001778,172.31.40.0-255,66,120276,64,257338
5261,0.00185,74.125.24.0-255,2902,123178,64,257338
5262,0.001853,172.31.40.0-255,66,123244,64,257338
5263,0.001857,74.125.24.0-255,1484,124728,64,257338
5264,0.001863,74.125.24.0-255,5738,130466,64,257338
5265,0.001865,172.31.40.0-255,66,130532,64,257338
5266,0.00189,74.125.24.0-255,7156,137688,64,257338
5267,0.001892,172.31.40.0-255,66,137754,64,257338
5268,0.001914,74.125.24.0-255,5738,143492,64,257338
5269,0.001917,172.31.40.0-255,66,143558,64,257338
5270,0.001922,74.125.24.0-255,2902,146460,64,257338
5271,0.001924,172.31.40.0-255,66,146526,64,257338
5272,0.001937,74.125.24.0-255,1484,148010,64,257338
5273,0.001953,74.125.24.0-255,2902,150912,64,257338
5274,0.001956,172.31.40.0-255,66,150978,64,257338
5275,0.00197,74.125.24.0-255,3602,154580,64,257338
5276,0.001972,172.31.40.0-255,66,154646,64,257338
5277,0.002112,74.125.24.0-255,1484,156130,64,257338
5278,0.002116,74.125.24.0-255,2902,159032,64,257338
5279,0.002119,172.31.40.0-255,66,159098,64,257338
5280,0.002134,74.125.24.0-255,1484,160582,64,257338
5281,0.002146,74.125.24.0-255,2902,163484,64,257338
5282,0.002148,172.31.40.0-255,66,163550,64,257338
5283,0.002165,74.125.24.0-255,1484,165034,64,257338
5284,0.002169,74.125.24.0-255,2902,167936,64,257338
5285,0.002172,172.31.40.0-255,66,168002,64,257338
5286,0.002199,172.31.40.0-255,66,168068,64,257338
5287,0.002231,74.125.24.0-255,2902,170970,64,257338
5288,0.002234,172.31.40.0-255,66,171036,64,257338
5289,0.002264,172.31.40.0-255,66,171102,64,257338
5290,0.00228,74.125.24.0-255,1484,172586,64,257338
5291,0.002295,74.125.24.0-255,2902,175488,64,257338
5292,0.002297,172.31.40.0-255,66,175554,64,257338
5293,0.0023,74.125.24.0-255,1484,177038,64,257338
5294,0.002317,74.125.24.0-255,2902,179940,64,257338
5295,0.00232,172.31.40.0-255,66,180006,64,257338
5296,0.002335,172.31.40.0-255,66,180072,64,257338
5297,0.002358,74.125.24.0-255,4320,184392,64,257338
5298,0.002361,172.31.40.0-255,66,184458,64,257338
5299,0.002391,172.31.40.0-255,66,184524,64,257338
5300,0.002624,74.125.24.0-255,1484,186008,64,257338
5301,0.002629,74.125.24.0-255,2902,188910,64,257338
5302,0.002633,172.31.40.0-255,66,188976,64,257338
5303,0.002636,74.125.24.0-255,1484,190460,64,257338
5304,0.002656,74.125.24.0-255,4320,194780,64,257338
5305,0.002659,172.31.40.0-255,66,194846,64,257338
5306,0.005172,74.125.24.0-255,5738,200584,64,257338
5307,0.005187,172.31.40.0-255,66,200650,64,257338
5308,0.007549,74.125.24.0-255,4320,204970,64,257338
5309,0.007554,172.31.40.0-255,66,205036,64,257338
5310,0.007567,74.125.24.0-255,1484,206520,64,257338
5311,0.009888,74.125.24.0-255,4320,210840,64,257338
5312,0.009903,172.31.40.0-255,66,210906,64,257338
5313,0.012336,74.125.24.0-255,5738,216644,64,257338
5314,0.012351,172.31.40.0-255,66,216710,64,257338
5315,0.014656,74.125.24.0-255,5738,222448,64,257338
5316,0.014664,172.31.40.0-255,66,222514,64,257338
5317,0.017031,74.125.24.0-255,5738,228252,64,257338
5318,0.017038,172.31.40.0-255,66,228318,64,257338
5319,0.019478,74.125.24.0-255,5738,234056,64,257338
5320,0.019485,172.31.40.0-255,66,234122,64,257338
5321,0.021814,74.125.24.0-255,5738,239860,64,257338
5322,0.021822,172.31.40.0-255,66,239926,64,257338
5323,0.024153,74.125.24.0-255,5738,245664,64,257338
5324,0.024161,172.31.40.0-255,66,245730,64,257338
5325,0.026515,74.125.24.0-255,5738,251468,64,257338
5326,0.026522,172.31.40.0-255,66,251534,64,257338
5327,0.028894,74.125.24.0-255,5738,257272,64,257338
5328,0.028903,172.31.40.0-255,66,257338,64,257338
5329,0.0,172.217.194.0-255,153,153,64,214145
5330,2.2e-05,172.31.40.0-255,66,219,64,214145
5331,2.9e-05,172.217.194.0-255,1484,1703,64,214145
5332,3.4e-05,172.31.40.0-255,66,1769,64,214145
5333,3.8e-05,172.217.194.0-255,1484,3253,64,214145
5334,4.1e-05,172.31.40.0-255,66,3319,64,214145
5335,4.8e-05,172.217.194.0-255,2902,6221,64,214145
5336,5.1e-05,172.31.40.0-255,66,6287,64,214145
5337,5.7e-05,172.217.194.0-255,5738,12025,64,214145
5338,6e-05,172.31.40.0-255,66,12091,64,214145
5339,8.6e-05,172.217.194.0-255,7156,19247,64,214145
5340,8.9e-05,172.31.40.0-255,66,19313,64,214145
5341,0.00011,172.217.194.0-255,3484,22797,64,214145
5342,0.000112,172.31.40.0-255,66,22863,64,214145
5343,0.000137,172.217.194.0-255,5738,28601,64,214145
5344,0.00014,172.31.40.0-255,66,28667,64,214145
5345,0.00016,172.217.194.0-255,2543,31210,64,214145
5346,0.000163,172.31.40.0-255,66,31276,64,214145
5347,0.000221,172.217.194.0-255,1484,32760,64,214145
5348,0.000223,172.31.40.0-255,66,32826,64,214145
5349,0.000229,172.217.194.0-255,2902,35728,64,214145
5350,0.000231,172.31.40.0-255,66,35794,64,214145
5351,0.000244,172.217.194.0-255,1484,37278,64,214145
5352,0.000246,172.31.40.0-255,66,37344,64,214145
5353,0.000272,172.217.194.0-255,4320,41664,64,214145
5354,0.000275,172.31.40.0-255,66,41730,64,214145
5355,0.000289,172.31.40.0-255,66,41796,64,214145
5356,0.000312,172.217.194.0-255,2543,44339,64,214145
5357,0.000315,172.31.40.0-255,66,44405,64,214145
5358,0.000327,172.31.40.0-255,66,44471,64,214145
5359,0.000329,172.217.194.0-255,1125,45596,64,214145
5360,0.000575,172.217.194.0-255,364,45960,64,214145
5361,0.000634,172.217.194.0-255,1484,47444,64,214145
5362,0.00064,172.31.40.0-255,66,47510,64,214145
5363,0.000651,172.217.194.0-255,2902,50412,64,214145
5364,0.000655,172.31.40.0-255,66,50478,64,214145
5365,0.000667,172.217.194.0-255,5738,56216,64,214145
5366,0.000669,172.31.40.0-255,66,56282,64,214145
5367,0.000706,172.217.194.0-255,6797,63079,64,214145
5368,0.00071,172.31.40.0-255,66,63145,64,214145
5369,0.000718,172.217.194.0-255,7156,70301,64,214145
5370,0.00072,172.31.40.0-255,66,70367,64,214145
5371,0.000748,172.217.194.0-255,5738,76105,64,214145
5372,0.000751,172.31.40.0-255,66,76171,64,214145
5373,0.000773,172.217.194.0-255,3961,80132,64,214145
5374,0.000779,172.31.40.0-255,66,80198,64,214145
5375,0.000829,172.217.194.0-255,381,80579,64,214145
5376,0.001394,172.217.194.0-255,1484,82063,64,214145
5377,0.001399,172.217.194.0-255,2902,84965,64,214145
5378,0.001404,172.31.40.0-255,66,85031,64,214145
5379,0.001407,172.31.40.0-255,66,85097,64,214145
5380,0.001427,172.217.194.0-255,5738,90835,64,214145
5381,0.00143,172.31.40.0-255,66,90901,64,214145
5382,0.001436,172.217.194.0-255,5738,96639,64,214145
5383,0.001438,172.31.40.0-255,66,96705,64,214145
5384,0.001464,172.217.194.0-255,7156,103861,64,214145
5385,0.001467,172.31.40.0-255,66,103927,64,214145
5386,0.001506,172.31.40.0-255,66,103993,64,214145
5387,0.001542,172.217.194.0-255,7156,111149,64,214145
5388,0.001545,172.31.40.0-255,66,111215,64,214145
5389,0.001562,172.217.194.0-255,4320,115535,64,214145
5390,0.001564,172.31.40.0-255,66,115601,64,214145
5391,0.001571,172.217.194.0-255,7156,122757,64,214145
5392,0.001573,172.31.40.0-255,66,122823,64,214145
5393,0.001576,172.217.194.0-255,1484,124307,64,214145
5394,0.001605,172.31.40.0-255,66,124373,64,214145
5395,0.001771,172.217.194.0-255,1484,125857,64,214145
5396,0.001776,172.217.194.0-255,1484,127341,64,214145
5397,0.00178,172.31.40.0-255,66,127407,64,214145
5398,0.001801,172.217.194.0-255,1484,128891,64,214145
5399,0.001807,172.217.194.0-255,5738,134629,64,214145
5400,0.001809,172.31.40.0-255,66,134695,64,214145
5401,0.00182,172.31.40.0-255,66,134761,64,214145
5402,0.001842,172.217.194.0-255,4320,139081,64,214145
5403,0.001845,172.31.40.0-255,66,139147,64,214145
5404,0.001856,172.31.40.0-255,66,139213,64,214145
5405,0.001878,172.217.194.0-255,766,139979,64,214145
5406,0.002424,172.31.40.0-255,66,140045,64,214145
5407,0.003874,172.217.194.0-255,4320,144365,64,214145
5408,0.003881,172.31.40.0-255,66,144431,64,214145
5409,0.004373,172.217.194.0-255,1484,145915,64,214145
5410,0.005859,172.217.194.0-255,4320,150235,64,214145
5411,0.005865,172.31.40.0-255,66,150301,64,214145
5412,0.00792,172.217.194.0-255,5738,156039,64,214145
5413,0.007926,172.31.40.0-255,66,156105,64,214145
5414,0.009937,172.217.194.0-255,5738,161843,64,214145
5415,0.009944,172.31.40.0-255,66,161909,64,214145
5416,0.011985,172.217.194.0-255,5738,167647,64,214145
5417,0.011993,172.31.40.0-255,66,167713,64,214145
5418,0.014036,172.217.194.0-255,5738,173451,64,214145
5419,0.014043,172.31.40.0-255,66,173517,64,214145
5420,0.016023,172.217.194.0-255,5738,179255,64,214145
5421,0.016032,172.31.40.0-255,66,179321,64,214145
5422,0.017999,172.217.194.0-255,5738,185059,64,214145
5423,0.018008,172.31.40.0-255,66,185125,64,214145
5424,0.020029,172.217.194.0-255,5738,190863,64,214145
5425,0.020036,172.31.40.0-255,66,190929,64,214145
5426,0.022007,172.217.194.0-255,5738,196667,64,214145
5427,0.022022,172.31.40.0-255,66,196733,64,214145
5428,0.024044,172.217.194.0-255,5738,202471,64,214145
5429,0.024058,172.31.40.0-255,66,202537,64,214145
5430,0.026087,172.217.194.0-255,5738,208275,64,214145
5431,0.026099,172.31.40.0-255,66,208341,64,214145
5432,0.028124,172.217.194.0-255,5738,214079,64,214145
5433,0.028135,172.31.40.0-255,66,214145,64,214145
5434,0.0,172.217.194.0-255,156,156,64,80578
5435,2.2e-05,172.31.40.0-255,66,222,64,80578
5436,2.9e-05,172.217.194.0-255,1484,1706,64,80578
5437,3.3e-05,172.31.40.0-255,66,1772,64,80578
5438,3.8e-05,172.217.194.0-255,2902,4674,64,80578
5439,4.2e-05,172.31.40.0-255,66,4740,64,80578
5440,5e-05,172.217.194.0-255,7156,11896,64,80578
5441,5.4e-05,172.31.40.0-255,66,11962,64,80578
5442,0.000109,172.217.194.0-255,5738,17700,64,80578
5443,0.000112,172.31.40.0-255,66,17766,64,80578
5444,0.000144,172.31.40.0-255,66,17832,64,80578
5445,0.000259,172.217.194.0-255,4320,22152,64,80578
5446,0.000263,172.31.40.0-255,66,22218,64,80578
5447,0.000308,172.31.40.0-255,66,22284,64,80578
5448,0.000436,172.31.40.0-255,66,22350,64,80578
5449,0.00046,172.217.194.0-255,6797,29147,64,80578
5450,0.000463,172.31.40.0-255,66,29213,64,80578
5451,0.00058,172.217.194.0-255,1738,30951,64,80578
5452,0.000585,172.31.40.0-255,66,31017,64,80578
5453,0.00059,172.217.194.0-255,1484,32501,64,80578
5454,0.000592,172.31.40.0-255,66,32567,64,80578
5455,0.000638,172.31.40.0-255,66,32633,64,80578
5456,0.000805,172.31.40.0-255,66,32699,64,80578
5457,0.000821,172.217.194.0-255,766,33465,64,80578
5458,0.000824,172.31.40.0-255,66,33531,64,80578
5459,0.00091,172.217.194.0-255,5738,39269,64,80578
5460,0.000914,172.31.40.0-255,66,39335,64,80578
5461,0.000939,172.217.194.0-255,7156,46491,64,80578
5462,0.000941,172.31.40.0-255,66,46557,64,80578
5463,0.001038,172.217.194.0-255,5738,52295,64,80578
5464,0.001043,172.31.40.0-255,66,52361,64,80578
5465,0.001099,172.31.40.0-255,66,52427,64,80578
5466,0.001221,172.217.194.0-255,5738,58165,64,80578
5467,0.001225,172.31.40.0-255,66,58231,64,80578
5468,0.001262,172.31.40.0-255,66,58297,64,80578
5469,0.001446,172.217.194.0-255,4320,62617,64,80578
5470,0.00145,172.31.40.0-255,66,62683,64,80578
5471,0.001474,172.31.40.0-255,66,62749,64,80578
5472,0.001555,172.31.40.0-255,66,62815,64,80578
5473,0.001623,172.31.40.0-255,66,62881,64,80578
5474,0.001901,172.217.194.0-255,7156,70037,64,80578
5475,0.001905,172.31.40.0-255,66,70103,64,80578
5476,0.001956,172.31.40.0-255,66,70169,64,80578
5477,0.002165,172.217.194.0-255,4320,74489,64,80578
5478,0.002169,172.31.40.0-255,66,74555,64,80578
5479,0.003397,172.217.194.0-255,4320,78875,64,80578
5480,0.01157,172.217.194.0-255,1287,80162,64,80578
5481,0.011591,172.31.40.0-255,78,80240,64,80578
5482,0.014095,172.31.40.0-255,101,80341,64,80578
5483,0.015011,172.31.40.0-255,105,80446,64,80578
5484,0.016287,172.217.194.0-255,66,80512,64,80578
5485,0.01722,172.217.194.0-255,66,80578,64,80578
5486,0.0,172.217.194.0-255,297,297,64,254475
5487,1.3e-05,172.31.40.0-255,66,363,64,254475
5488,2e-05,172.217.194.0-255,1484,1847,64,254475
5489,2.5e-05,172.31.40.0-255,66,1913,64,254475
5490,3.8e-05,172.217.194.0-255,4320,6233,64,254475
5491,4.1e-05,172.31.40.0-255,66,6299,64,254475
5492,5.3e-05,172.31.40.0-255,66,6365,64,254475
5493,0.000107,172.217.194.0-255,1484,7849,64,254475
5494,0.000109,172.31.40.0-255,66,7915,64,254475
5495,0.000113,172.217.194.0-255,1484,9399,64,254475
5496,0.000115,172.31.40.0-255,66,9465,64,254475
5497,0.000139,172.217.194.0-255,1484,10949,64,254475
5498,0.000141,172.31.40.0-255,66,11015,64,254475
5499,0.000152,172.217.194.0-255,5738,16753,64,254475
5500,0.000155,172.31.40.0-255,66,16819,64,254475
5501,0.000161,172.217.194.0-255,5738,22557,64,254475
5502,0.000163,172.31.40.0-255,66,22623,64,254475
5503,0.000191,172.217.194.0-255,1125,23748,64,254475
5504,0.000193,172.31.40.0-255,66,23814,64,254475
5505,0.000249,172.217.194.0-255,1484,25298,64,254475
5506,0.000251,172.31.40.0-255,66,25364,64,254475
5507,0.000279,172.217.194.0-255,2902,28266,64,254475
5508,0.000282,172.31.40.0-255,66,28332,64,254475
5509,0.000289,172.217.194.0-255,5738,34070,64,254475
5510,0.000291,172.31.40.0-255,66,34136,64,254475
5511,0.000294,172.217.194.0-255,1484,35620,64,254475
5512,0.000301,172.31.40.0-255,66,35686,64,254475
5513,0.000329,172.217.194.0-255,4320,40006,64,254475
5514,0.000331,172.31.40.0-255,66,40072,64,254475
5515,0.000345,172.31.40.0-255,66,40138,64,254475
5516,0.000354,172.217.194.0-255,3961,44099,64,254475
5517,0.000397,172.217.194.0-255,368,44467,64,254475
5518,0.0004,172.217.194.0-255,379,44846,64,254475
5519,0.000532,172.31.40.0-255,66,44912,64,254475
5520,0.000575,172.217.194.0-255,1484,46396,64,254475
5521,0.000578,172.217.194.0-255,1484,47880,64,254475
5522,0.000584,172.31.40.0-255,66,47946,64,254475
5523,0.00061,172.217.194.0-255,1484,49430,64,254475
5524,0.000617,172.217.194.0-255,5738,55168,64,254475
5525,0.000618,172.217.194.0-255,1484,56652,64,254475
5526,0.000648,172.31.40.0-255,66,56718,64,254475
5527,0.000669,172.217.194.0-255,7156,63874,64,254475
5528,0.000679,172.31.40.0-255,66,63940,64,254475
5529,0.000685,172.217.194.0-255,6438,70378,64,254475
5530,0.000689,172.31.40.0-255,66,70444,64,254475
5531,0.00087,172.217.194.0-255,1484,71928,64,254475
5532,0.000874,172.217.194.0-255,1484,73412,64,254475
5533,0.000884,172.217.194.0-255,1484,74896,64,254475
5534,0.000894,172.31.40.0-255,66,74962,64,254475
5535,0.000917,172.217.194.0-255,5738,80700,64,254475
5536,0.000923,172.217.194.0-255,5738,86438,64,254475
5537,0.000928,172.217.194.0-255,5738,92176,64,254475
5538,0.000934,172.31.40.0-255,66,92242,64,254475
5539,0.000954,172.217.194.0-255,7156,99398,64,254475
5540,0.000957,172.217.194.0-255,1484,100882,64,254475
5541,0.00097,172.217.194.0-255,3602,104484,64,254475
5542,0.000974,172.31.40.0-255,66,104550,64,254475
5543,0.000978,172.31.40.0-255,66,104616,64,254475
5544,0.00102,172.217.194.0-255,1484,106100,64,254475
5545,0.001023,172.217.194.0-255,1484,107584,64,254475
5546,0.001026,172.31.40.0-255,66,107650,64,254475
5547,0.00105,172.217.194.0-255,1484,109134,64,254475
5548,0.001056,172.217.194.0-255,5738,114872,64,254475
5549,0.001069,172.31.40.0-255,66,114938,64,254475
5550,0.001115,172.217.194.0-255,4320,119258,64,254475
5551,0.001126,172.31.40.0-255,66,119324,64,254475
5552,0.001157,172.31.40.0-255,66,119390,64,254475
5553,0.001227,172.217.194.0-255,1484,120874,64,254475
5554,0.001239,172.217.194.0-255,2902,123776,64,254475
5555,0.001246,172.31.40.0-255,66,123842,64,254475
5556,0.001256,172.217.194.0-255,5738,129580,64,254475
5557,0.001258,172.217.194.0-255,1484,131064,64,254475
5558,0.001272,172.217.194.0-255,2902,133966,64,254475
5559,0.001283,172.31.40.0-255,66,134032,64,254475
5560,0.001324,172.217.194.0-255,2902,136934,64,254475
5561,0.001328,172.31.40.0-255,66,137000,64,254475
5562,0.001347,172.217.194.0-255,5020,142020,64,254475
5563,0.001359,172.31.40.0-255,66,142086,64,254475
5564,0.001402,172.217.194.0-255,1484,143570,64,254475
5565,0.001407,172.217.194.0-255,2902,146472,64,254475
5566,0.001415,172.31.40.0-255,66,146538,64,254475
5567,0.001438,172.217.194.0-255,5738,152276,64,254475
5568,0.001444,172.217.194.0-255,5738,158014,64,254475
5569,0.001453,172.31.40.0-255,66,158080,64,254475
5570,0.001472,172.217.194.0-255,7156,165236,64,254475
5571,0.001492,172.217.194.0-255,2184,167420,64,254475
5572,0.001496,172.31.40.0-255,66,167486,64,254475
5573,0.0015,172.31.40.0-255,66,167552,64,254475
5574,0.00166,172.217.194.0-255,1484,169036,64,254475
5575,0.001671,172.217.194.0-255,2902,171938,64,254475
5576,0.001674,172.31.40.0-255,66,172004,64,254475
5577,0.001701,172.217.194.0-255,5738,177742,64,254475
5578,0.00173,172.217.194.0-255,1484,179226,64,254475
5579,0.001739,172.31.40.0-255,66,179292,64,254475
5580,0.001763,172.217.194.0-255,5738,185030,64,254475
5581,0.001777,172.217.194.0-255,2184,187214,64,254475
5582,0.001786,172.31.40.0-255,66,187280,64,254475
5583,0.001813,172.217.194.0-255,1484,188764,64,254475
5584,0.001816,172.217.194.0-255,1484,190248,64,254475
5585,0.00183,172.217.194.0-255,1484,191732,64,254475
5586,0.001836,172.217.194.0-255,5738,197470,64,254475
5587,0.001838,172.31.40.0-255,66,197536,64,254475
5588,0.001843,172.31.40.0-255,66,197602,64,254475
5589,0.001868,172.217.194.0-255,7156,204758,64,254475
5590,0.001875,172.217.194.0-255,7156,211914,64,254475
5591,0.001888,172.217.194.0-255,7156,219070,64,254475
5592,0.001897,172.31.40.0-255,66,219136,64,254475
5593,0.001946,172.31.40.0-255,66,219202,64,254475
5594,0.001956,172.217.194.0-255,1484,220686,64,254475
5595,0.001994,172.217.194.0-255,1484,222170,64,254475
5596,0.001998,172.31.40.0-255,66,222236,64,254475
5597,0.002014,172.217.194.0-255,4320,226556,64,254475
5598,0.002025,172.31.40.0-255,66,226622,64,254475
5599,0.002067,172.31.40.0-255,66,226688,64,254475
5600,0.002072,172.217.194.0-255,766,227454,64,254475
5601,0.002082,172.217.194.0-255,7156,234610,64,254475
5602,0.002088,172.31.40.0-255,66,234676,64,254475
5603,0.004118,172.217.194.0-255,5738,240414,64,254475
5604,0.004126,172.31.40.0-255,66,240480,64,254475
5605,0.006175,172.217.194.0-255,5738,246218,64,254475
5606,0.013044,172.31.40.0-255,66,246284,64,254475
5607,0.013153,172.217.194.0-255,1484,247768,64,254475
5608,0.015089,172.217.194.0-255,4320,252088,64,254475
5609,0.015101,172.31.40.0-255,66,252154,64,254475
5610,0.017125,172.217.194.0-255,2084,254238,64,254475
5611,0.017132,172.31.40.0-255,66,254304,64,254475
5612,0.017305,172.31.40.0-255,105,254409,64,254475
5613,0.019304,172.217.194.0-255,66,254475,64,254475
5614,0.0,74.125.24.0-255,153,153,64,257794
5615,2e-05,172.31.40.0-255,66,219,64,257794
5616,2.7e-05,74.125.24.0-255,1484,1703,64,257794
5617,3.1e-05,172.31.40.0-255,66,1769,64,257794
5618,3.8e-05,74.125.24.0-255,2902,4671,64,257794
5619,4.9e-05,172.31.40.0-255,66,4737,64,257794
5620,5.7e-05,74.125.24.0-255,7156,11893,64,257794
5621,6e-05,172.31.40.0-255,66,11959,64,257794
5622,6.4e-05,74.125.24.0-255,2000,13959,64,257794
5623,6.7e-05,172.31.40.0-255,66,14025,64,257794
5624,0.000167,74.125.24.0-255,1484,15509,64,257794
5625,0.000171,172.31.40.0-255,66,15575,64,257794
5626,0.000189,74.125.24.0-255,2902,18477,64,257794
5627,0.000192,172.31.40.0-255,66,18543,64,257794
5628,0.000195,74.125.24.0-255,1484,20027,64,257794
5629,0.000197,172.31.40.0-255,66,20093,64,257794
5630,0.00023,74.125.24.0-255,1484,21577,64,257794
5631,0.000233,172.31.40.0-255,66,21643,64,257794
5632,0.00024,74.125.24.0-255,7156,28799,64,257794
5633,0.000242,172.31.40.0-255,66,28865,64,257794
5634,0.000268,74.125.24.0-255,2543,31408,64,257794
5635,0.000271,172.31.40.0-255,66,31474,64,257794
5636,0.000512,74.125.24.0-255,1484,32958,64,257794
5637,0.000518,74.125.24.0-255,2902,35860,64,257794
5638,0.000523,172.31.40.0-255,66,35926,64,257794
5639,0.00053,172.31.40.0-255,66,35992,64,257794
5640,0.000533,74.125.24.0-255,1484,37476,64,257794
5641,0.000535,172.31.40.0-255,66,37542,64,257794
5642,0.000556,74.125.24.0-255,4320,41862,64,257794
5643,0.000559,172.31.40.0-255,66,41928,64,257794
5644,0.0006,172.31.40.0-255,66,41994,64,257794
5645,0.000629,74.125.24.0-255,1484,43478,64,257794
5646,0.000661,74.125.24.0-255,1125,44603,64,257794
5647,0.000663,74.125.24.0-255,400,45003,64,257794
5648,0.000667,172.31.40.0-255,66,45069,64,257794
5649,0.00069,74.125.24.0-255,108,45177,64,257794
5650,0.000692,172.31.40.0-255,66,45243,64,257794
5651,0.001267,74.125.24.0-255,332,45575,64,257794
5652,0.001639,74.125.24.0-255,1484,47059,64,257794
5653,0.001646,172.31.40.0-255,66,47125,64,257794
5654,0.001653,74.125.24.0-255,2902,50027,64,257794
5655,0.001656,172.31.40.0-255,66,50093,64,257794
5656,0.001666,74.125.24.0-255,2902,52995,64,257794
5657,0.001668,172.31.40.0-255,66,53061,64,257794
5658,0.001702,74.125.24.0-255,2902,55963,64,257794
5659,0.001705,172.31.40.0-255,66,56029,64,257794
5660,0.001712,74.125.24.0-255,5738,61767,64,257794
5661,0.001714,172.31.40.0-255,66,61833,64,257794
5662,0.001721,74.125.24.0-255,5738,67571,64,257794
5663,0.001723,172.31.40.0-255,66,67637,64,257794
5664,0.001763,74.125.24.0-255,7156,74793,64,257794
5665,0.001765,172.31.40.0-255,66,74859,64,257794
5666,0.001771,74.125.24.0-255,5020,79879,64,257794
5667,0.001774,172.31.40.0-255,66,79945,64,257794
5668,0.003442,74.125.24.0-255,1484,81429,64,257794
5669,0.003457,74.125.24.0-255,2902,84331,64,257794
5670,0.003459,172.31.40.0-255,66,84397,64,257794
5671,0.003465,74.125.24.0-255,4320,88717,64,257794
5672,0.003467,172.31.40.0-255,66,88783,64,257794
5673,0.003487,74.125.24.0-255,1484,90267,64,257794
5674,0.003521,74.125.24.0-255,2902,93169,64,257794
5675,0.003523,172.31.40.0-255,66,93235,64,257794
5676,0.003556,172.31.40.0-255,66,93301,64,257794
5677,0.003592,172.31.40.0-255,66,93367,64,257794
5678,0.003638,74.125.24.0-255,1484,94851,64,257794
5679,0.003643,74.125.24.0-255,2902,97753,64,257794
5680,0.003646,172.31.40.0-255,66,97819,64,257794
5681,0.003671,74.125.24.0-255,5738,103557,64,257794
5682,0.003674,172.31.40.0-255,66,103623,64,257794
5683,0.003681,74.125.24.0-255,5738,109361,64,257794
5684,0.003683,172.31.40.0-255,66,109427,64,257794
5685,0.003706,74.125.24.0-255,4320,113747,64,257794
5686,0.003709,172.31.40.0-255,66,113813,64,257794
5687,0.003712,74.125.24.0-255,2902,116715,64,257794
5688,0.003714,172.31.40.0-255,66,116781,64,257794
5689,0.003751,172.31.40.0-255,66,116847,64,257794
5690,0.003763,172.31.40.0-255,66,116913,64,257794
5691,0.003799,74.125.24.0-255,4320,121233,64,257794
5692,0.003801,172.31.40.0-255,66,121299,64,257794
5693,0.003807,74.125.24.0-255,7156,128455,64,257794
5694,0.00381,172.31.40.0-255,66,128521,64,257794
5695,0.003813,74.125.24.0-255,1484,130005,64,257794
5696,0.003845,172.31.40.0-255,66,130071,64,257794
5697,0.004165,74.125.24.0-255,1484,131555,64,257794
5698,0.00418,74.125.24.0-255,2902,134457,64,257794
5699,0.004183,172.31.40.0-255,66,134523,64,257794
5700,0.004216,74.125.24.0-255,5738,140261,64,257794
5701,0.004219,172.31.40.0-255,66,140327,64,257794
5702,0.004245,74.125.24.0-255,2902,143229,64,257794
5703,0.004248,172.31.40.0-255,66,143295,64,257794
5704,0.004273,74.125.24.0-255,4320,147615,64,257794
5705,0.004276,172.31.40.0-255,66,147681,64,257794
5706,0.00428,74.125.24.0-255,2902,150583,64,257794
5707,0.004283,172.31.40.0-255,66,150649,64,257794
5708,0.004303,74.125.24.0-255,2902,153551,64,257794
5709,0.004309,172.31.40.0-255,66,153617,64,257794
5710,0.004326,74.125.24.0-255,2902,156519,64,257794
5711,0.004329,172.31.40.0-255,66,156585,64,257794
5712,0.004364,172.31.40.0-255,66,156651,64,257794
5713,0.004476,74.125.24.0-255,1484,158135,64,257794
5714,0.004489,74.125.24.0-255,2902,161037,64,257794
5715,0.004492,172.31.40.0-255,66,161103,64,257794
5716,0.004505,74.125.24.0-255,2902,164005,64,257794
5717,0.004512,172.31.40.0-255,66,164071,64,257794
5718,0.004544,74.125.24.0-255,2902,166973,64,257794
5719,0.004546,172.31.40.0-255,66,167039,64,257794
5720,0.004556,74.125.24.0-255,4320,171359,64,257794
5721,0.004563,172.31.40.0-255,66,171425,64,257794
5722,0.004569,74.125.24.0-255,5738,177163,64,257794
5723,0.004572,172.31.40.0-255,66,177229,64,257794
5724,0.004583,172.31.40.0-255,66,177295,64,257794
5725,0.004617,74.125.24.0-255,2902,180197,64,257794
5726,0.004619,172.31.40.0-255,66,180263,64,257794
5727,0.004646,74.125.24.0-255,2184,182447,64,257794
5728,0.004649,172.31.40.0-255,66,182513,64,257794
5729,0.004742,74.125.24.0-255,1484,183997,64,257794
5730,0.004748,74.125.24.0-255,2902,186899,64,257794
5731,0.004752,172.31.40.0-255,66,186965,64,257794
5732,0.004784,74.125.24.0-255,4320,191285,64,257794
5733,0.004787,172.31.40.0-255,66,191351,64,257794
5734,0.004793,74.125.24.0-255,5738,197089,64,257794
5735,0.004796,172.31.40.0-255,66,197155,64,257794
5736,0.004817,74.125.24.0-255,5738,202893,64,257794
5737,0.00482,172.31.40.0-255,66,202959,64,257794
5738,0.004854,74.125.24.0-255,5738,208697,64,257794
5739,0.004857,172.31.40.0-255,66,208763,64,257794
5740,0.004862,74.125.24.0-255,2902,211665,64,257794
5741,0.004865,172.31.40.0-255,66,211731,64,257794
5742,0.004871,74.125.24.0-255,4320,216051,64,257794
5743,0.004873,172.31.40.0-255,66,216117,64,257794
5744,0.004876,74.125.24.0-255,766,216883,64,257794
5745,0.005088,74.125.24.0-255,1484,218367,64,257794
5746,0.005093,172.31.40.0-255,66,218433,64,257794
5747,0.005119,74.125.24.0-255,2902,221335,64,257794
5748,0.005123,172.31.40.0-255,66,221401,64,257794
5749,0.005128,74.125.24.0-255,2902,224303,64,257794
5750,0.00513,172.31.40.0-255,66,224369,64,257794
5751,0.005161,74.125.24.0-255,2902,227271,64,257794
5752,0.005164,172.31.40.0-255,66,227337,64,257794
5753,0.005171,74.125.24.0-255,5738,233075,64,257794
5754,0.005173,172.31.40.0-255,66,233141,64,257794
5755,0.005185,172.31.40.0-255,66,233207,64,257794
5756,0.005211,74.125.24.0-255,2902,236109,64,257794
5757,0.005214,172.31.40.0-255,66,236175,64,257794
5758,0.005221,74.125.24.0-255,5020,241195,64,257794
5759,0.005223,172.31.40.0-255,66,241261,64,257794
5760,0.005274,172.31.40.0-255,66,241327,64,257794
5761,0.005279,74.125.24.0-255,2902,244229,64,257794
5762,0.005281,172.31.40.0-255,66,244295,64,257794
5763,0.005325,172.31.40.0-255,66,244361,64,257794
5764,0.005335,172.31.40.0-255,66,244427,64,257794
5765,0.005374,74.125.24.0-255,3602,248029,64,257794
5766,0.005377,172.31.40.0-255,66,248095,64,257794
5767,0.00539,172.31.40.0-255,66,248161,64,257794
5768,0.005395,74.125.24.0-255,4320,252481,64,257794
5769,0.005398,172.31.40.0-255,66,252547,64,257794
5770,0.005431,172.31.40.0-255,66,252613,64,257794
5771,0.005434,74.125.24.0-255,1484,254097,64,257794
5772,0.005449,74.125.24.0-255,3188,257285,64,257794
5773,0.005456,172.31.40.0-255,66,257351,64,257794
5774,0.005526,74.125.24.0-255,105,257456,64,257794
5775,0.011549,172.31.40.0-255,101,257557,64,257794
5776,0.012625,172.31.40.0-255,105,257662,64,257794
5777,0.01384,74.125.24.0-255,66,257728,64,257794
5778,0.014856,74.125.24.0-255,66,257794,64,257794
5779,0.0,74.125.24.0-255,143,143,64,175452
5780,3.3e-05,172.31.40.0-255,66,209,64,175452
5781,3.9e-05,74.125.24.0-255,1484,1693,64,175452
5782,4.5e-05,172.31.40.0-255,66,1759,64,175452
5783,4.9e-05,74.125.24.0-255,2902,4661,64,175452
5784,5.2e-05,172.31.40.0-255,66,4727,64,175452
5785,5.8e-05,74.125.24.0-255,7156,11883,64,175452
5786,6.1e-05,172.31.40.0-255,66,11949,64,175452
5787,9.2e-05,172.31.40.0-255,66,12015,64,175452
5788,0.000117,74.125.24.0-255,6394,18409,64,175452
5789,0.00012,172.31.40.0-255,66,18475,64,175452
5790,0.000139,74.125.24.0-255,2543,21018,64,175452
5791,0.000142,172.31.40.0-255,66,21084,64,175452
5792,0.000189,74.125.24.0-255,1484,22568,64,175452
5793,0.000192,172.31.40.0-255,66,22634,64,175452
5794,0.000196,74.125.24.0-255,2902,25536,64,175452
5795,0.000198,172.31.40.0-255,66,25602,64,175452
5796,0.000219,74.125.24.0-255,5738,31340,64,175452
5797,0.000222,172.31.40.0-255,66,31406,64,175452
5798,0.000225,74.125.24.0-255,1484,32890,64,175452
5799,0.000228,172.31.40.0-255,66,32956,64,175452
5800,0.000249,74.125.24.0-255,5379,38335,64,175452
5801,0.000252,172.31.40.0-255,66,38401,64,175452
5802,0.000282,74.125.24.0-255,1484,39885,64,175452
5803,0.000284,172.31.40.0-255,66,39951,64,175452
5804,0.000289,74.125.24.0-255,2902,42853,64,175452
5805,0.000292,172.31.40.0-255,66,42919,64,175452
5806,0.000304,74.125.24.0-255,2902,45821,64,175452
5807,0.000306,172.31.40.0-255,66,45887,64,175452
5808,0.000329,74.125.24.0-255,2902,48789,64,175452
5809,0.000332,172.31.40.0-255,66,48855,64,175452
5810,0.000339,74.125.24.0-255,6797,55652,64,175452
5811,0.000342,172.31.40.0-255,66,55718,64,175452
5812,0.000362,74.125.24.0-255,361,56079,64,175452
5813,0.00066,74.125.24.0-255,383,56462,64,175452
5814,0.000789,74.125.24.0-255,1484,57946,64,175452
5815,0.000794,172.31.40.0-255,66,58012,64,175452
5816,0.0008,74.125.24.0-255,2902,60914,64,175452
5817,0.000802,172.31.40.0-255,66,60980,64,175452
5818,0.000805,74.125.24.0-255,1484,62464,64,175452
5819,0.000822,74.125.24.0-255,4320,66784,64,175452
5820,0.000825,172.31.40.0-255,66,66850,64,175452
5821,0.000828,74.125.24.0-255,1484,68334,64,175452
5822,0.000845,74.125.24.0-255,5379,73713,64,175452
5823,0.00085,172.31.40.0-255,66,73779,64,175452
5824,0.001018,74.125.24.0-255,1484,75263,64,175452
5825,0.001036,74.125.24.0-255,2902,78165,64,175452
5826,0.00104,172.31.40.0-255,66,78231,64,175452
5827,0.001043,74.125.24.0-255,1484,79715,64,175452
5828,0.00106,74.125.24.0-255,2902,82617,64,175452
5829,0.001062,172.31.40.0-255,66,82683,64,175452
5830,0.001091,74.125.24.0-255,2902,85585,64,175452
5831,0.001094,172.31.40.0-255,66,85651,64,175452
5832,0.001109,74.125.24.0-255,5379,91030,64,175452
5833,0.001112,172.31.40.0-255,66,91096,64,175452
5834,0.002269,74.125.24.0-255,1484,92580,64,175452
5835,0.00228,74.125.24.0-255,2902,95482,64,175452
5836,0.002284,172.31.40.0-255,66,95548,64,175452
5837,0.002291,74.125.24.0-255,5738,101286,64,175452
5838,0.002293,172.31.40.0-255,66,101352,64,175452
5839,0.002316,74.125.24.0-255,4320,105672,64,175452
5840,0.002318,172.31.40.0-255,66,105738,64,175452
5841,0.004578,74.125.24.0-255,1484,107222,64,175452
5842,0.004599,74.125.24.0-255,4320,111542,64,175452
5843,0.004603,172.31.40.0-255,66,111608,64,175452
5844,0.006875,74.125.24.0-255,5738,117346,64,175452
5845,0.006879,172.31.40.0-255,66,117412,64,175452
5846,0.009143,74.125.24.0-255,5738,123150,64,175452
5847,0.009151,172.31.40.0-255,66,123216,64,175452
5848,0.011414,74.125.24.0-255,5738,128954,64,175452
5849,0.011422,172.31.40.0-255,66,129020,64,175452
5850,0.013703,74.125.24.0-255,5738,134758,64,175452
5851,0.013713,172.31.40.0-255,66,134824,64,175452
5852,0.016035,74.125.24.0-255,5738,140562,64,175452
5853,0.016043,172.31.40.0-255,66,140628,64,175452
5854,0.01837,74.125.24.0-255,5738,146366,64,175452
5855,0.018379,172.31.40.0-255,66,146432,64,175452
5856,0.020705,74.125.24.0-255,5738,152170,64,175452
5857,0.020713,172.31.40.0-255,66,152236,64,175452
5858,0.023,74.125.24.0-255,5738,157974,64,175452
5859,0.023009,172.31.40.0-255,66,158040,64,175452
5860,0.025325,74.125.24.0-255,5738,163778,64,175452
5861,0.025332,172.31.40.0-255,66,163844,64,175452
5862,0.027595,74.125.24.0-255,5738,169582,64,175452
5863,0.027601,172.31.40.0-255,66,169648,64,175452
5864,0.029884,74.125.24.0-255,5738,175386,64,175452
5865,0.029893,172.31.40.0-255,66,175452,64,175452
5866,0.0,74.125.24.0-255,152,152,64,144513
5867,1.7e-05,172.31.40.0-255,66,218,64,144513
5868,2.5e-05,74.125.24.0-255,1484,1702,64,144513
5869,3e-05,172.31.40.0-255,66,1768,64,144513
5870,3.5e-05,74.125.24.0-255,2902,4670,64,144513
5871,4.5e-05,172.31.40.0-255,66,4736,64,144513
5872,7.6e-05,74.125.24.0-255,4320,9056,64,144513
5873,7.9e-05,172.31.40.0-255,66,9122,64,144513
5874,8.5e-05,74.125.24.0-255,4903,14025,64,144513
5875,8.8e-05,172.31.40.0-255,66,14091,64,144513
5876,0.000352,74.125.24.0-255,1484,15575,64,144513
5877,0.000358,172.31.40.0-255,66,15641,64,144513
5878,0.000364,74.125.24.0-255,2902,18543,64,144513
5879,0.000367,172.31.40.0-255,66,18609,64,144513
5880,0.000372,74.125.24.0-255,2902,21511,64,144513
5881,0.000379,172.31.40.0-255,66,21577,64,144513
5882,0.000406,74.125.24.0-255,2902,24479,64,144513
5883,0.000408,172.31.40.0-255,66,24545,64,144513
5884,0.000424,172.31.40.0-255,66,24611,64,144513
5885,0.000456,74.125.24.0-255,3961,28572,64,144513
5886,0.000464,172.31.40.0-255,66,28638,64,144513
5887,0.000477,172.31.40.0-255,66,28704,64,144513
5888,0.000482,74.125.24.0-255,2902,31606,64,144513
5889,0.000485,172.31.40.0-255,66,31672,64,144513
5890,0.000535,172.31.40.0-255,66,31738,64,144513
5891,0.000538,74.125.24.0-255,363,32101,64,144513
5892,0.00054,172.31.40.0-255,66,32167,64,144513
5893,0.00109,74.125.24.0-255,380,32547,64,144513
5894,0.00111,172.31.40.0-255,66,32613,64,144513
5895,0.001115,74.125.24.0-255,1484,34097,64,144513
5896,0.001141,74.125.24.0-255,4320,38417,64,144513
5897,0.001144,172.31.40.0-255,66,38483,64,144513
5898,0.001155,172.31.40.0-255,66,38549,64,144513
5899,0.001171,74.125.24.0-255,1484,40033,64,144513
5900,0.001193,74.125.24.0-255,5738,45771,64,144513
5901,0.001196,172.31.40.0-255,66,45837,64,144513
5902,0.001237,172.31.40.0-255,66,45903,64,144513
5903,0.001798,74.125.24.0-255,1484,47387,64,144513
5904,0.001808,74.125.24.0-255,2902,50289,64,144513
5905,0.001812,172.31.40.0-255,66,50355,64,144513
5906,0.00182,74.125.24.0-255,5738,56093,64,144513
5907,0.001822,172.31.40.0-255,66,56159,64,144513
5908,0.001861,172.31.40.0-255,66,56225,64,144513
5909,0.001887,74.125.24.0-255,2902,59127,64,144513
5910,0.00189,172.31.40.0-255,66,59193,64,144513
5911,0.001927,172.31.40.0-255,66,59259,64,144513
5912,0.002265,74.125.24.0-255,1484,60743,64,144513
5913,0.002274,74.125.24.0-255,2902,63645,64,144513
5914,0.002278,172.31.40.0-255,66,63711,64,144513
5915,0.002285,74.125.24.0-255,5738,69449,64,144513
5916,0.002287,172.31.40.0-255,66,69515,64,144513
5917,0.002323,172.31.40.0-255,66,69581,64,144513
5918,0.002328,74.125.24.0-255,2902,72483,64,144513
5919,0.00233,172.31.40.0-255,66,72549,64,144513
5920,0.002388,172.31.40.0-255,66,72615,64,144513
5921,0.002405,74.125.24.0-255,2184,74799,64,144513
5922,0.002407,172.31.40.0-255,66,74865,64,144513
5923,0.00468,74.125.24.0-255,5738,80603,64,144513
5924,0.004685,172.31.40.0-255,66,80669,64,144513
5925,0.00695,74.125.24.0-255,5738,86407,64,144513
5926,0.006957,172.31.40.0-255,66,86473,64,144513
5927,0.009249,74.125.24.0-255,5738,92211,64,144513
5928,0.009256,172.31.40.0-255,66,92277,64,144513
5929,0.011521,74.125.24.0-255,5738,98015,64,144513
5930,0.01153,172.31.40.0-255,66,98081,64,144513
5931,0.013847,74.125.24.0-255,5738,103819,64,144513
5932,0.013855,172.31.40.0-255,66,103885,64,144513
5933,0.016175,74.125.24.0-255,5738,109623,64,144513
5934,0.016182,172.31.40.0-255,66,109689,64,144513
5935,0.018445,74.125.24.0-255,5738,115427,64,144513
5936,0.018455,172.31.40.0-255,66,115493,64,144513
5937,0.020781,74.125.24.0-255,5738,121231,64,144513
5938,0.020794,172.31.40.0-255,66,121297,64,144513
5939,0.023107,74.125.24.0-255,5738,127035,64,144513
5940,0.023114,172.31.40.0-255,66,127101,64,144513
5941,0.025412,74.125.24.0-255,5738,132839,64,144513
5942,0.02542,172.31.40.0-255,66,132905,64,144513
5943,0.027673,74.125.24.0-255,5738,138643,64,144513
5944,0.027681,172.31.40.0-255,66,138709,64,144513
5945,0.029959,74.125.24.0-255,5738,144447,64,144513
5946,0.029966,172.31.40.0-255,66,144513,64,144513
5947,0.0,216.58.203.0-255,153,153,64,173575
5948,2.3e-05,172.31.40.0-255,66,219,64,173575
5949,3.1e-05,216.58.203.0-255,1484,1703,64,173575
5950,3.5e-05,172.31.40.0-255,66,1769,64,173575
5951,4.1e-05,216.58.203.0-255,2902,4671,64,173575
5952,4.4e-05,172.31.40.0-255,66,4737,64,173575
5953,5.2e-05,216.58.203.0-255,7156,11893,64,173575
5954,5.6e-05,172.31.40.0-255,66,11959,64,173575
5955,6e-05,216.58.203.0-255,2069,14028,64,173575
5956,6.3e-05,172.31.40.0-255,66,14094,64,173575
5957,0.000148,216.58.203.0-255,1484,15578,64,173575
5958,0.000151,172.31.40.0-255,66,15644,64,173575
5959,0.000179,216.58.203.0-255,2902,18546,64,173575
5960,0.000182,172.31.40.0-255,66,18612,64,173575
5961,0.000189,216.58.203.0-255,5738,24350,64,173575
5962,0.000191,172.31.40.0-255,66,24416,64,173575
5963,0.000195,216.58.203.0-255,2902,27318,64,173575
5964,0.000197,172.31.40.0-255,66,27384,64,173575
5965,0.000202,216.58.203.0-255,3961,31345,64,173575
5966,0.000205,172.31.40.0-255,66,31411,64,173575
5967,0.000265,216.58.203.0-255,1484,32895,64,173575
5968,0.000268,172.31.40.0-255,66,32961,64,173575
5969,0.000296,216.58.203.0-255,2902,35863,64,173575
5970,0.000299,172.31.40.0-255,66,35929,64,173575
5971,0.000304,216.58.203.0-255,2902,38831,64,173575
5972,0.000307,172.31.40.0-255,66,38897,64,173575
5973,0.00032,216.58.203.0-255,1484,40381,64,173575
5974,0.000322,172.31.40.0-255,66,40447,64,173575
5975,0.000361,216.58.203.0-255,7156,47603,64,173575
5976,0.000364,172.31.40.0-255,66,47669,64,173575
5977,0.000381,216.58.203.0-255,1125,48794,64,173575
5978,0.000383,172.31.40.0-255,66,48860,64,173575
5979,0.000438,216.58.203.0-255,1484,50344,64,173575
5980,0.000455,216.58.203.0-255,2902,53246,64,173575
5981,0.000461,216.58.203.0-255,4320,57566,64,173575
5982,0.000472,216.58.203.0-255,1484,59050,64,173575
5983,0.000488,216.58.203.0-255,4320,63370,64,173575
5984,0.000502,216.58.203.0-255,2543,65913,64,173575
5985,0.000527,216.58.203.0-255,351,66264,64,173575
5986,0.000568,172.31.40.0-255,66,66330,64,173575
5987,0.000816,216.58.203.0-255,391,66721,64,173575
5988,0.00096,216.58.203.0-255,1484,68205,64,173575
5989,0.000966,216.58.203.0-255,2902,71107,64,173575
5990,0.000987,216.58.203.0-255,5738,76845,64,173575
5991,0.000993,216.58.203.0-255,5738,82583,64,173575
5992,0.001,172.31.40.0-255,66,82649,64,173575
5993,0.001013,216.58.203.0-255,1125,83774,64,173575
5994,0.001022,216.58.203.0-255,7156,90930,64,173575
5995,0.001046,216.58.203.0-255,2902,93832,64,173575
5996,0.00106,172.31.40.0-255,66,93898,64,173575
5997,0.001067,216.58.203.0-255,6797,100695,64,173575
5998,0.001072,172.31.40.0-255,66,100761,64,173575
5999,0.001682,216.58.203.0-255,1484,102245,64,173575
6000,0.001691,216.58.203.0-255,1484,103729,64,173575
6001,0.001695,172.31.40.0-255,66,103795,64,173575
6002,0.002747,216.58.203.0-255,2902,106697,64,173575
6003,0.003364,216.58.203.0-255,2902,109599,64,173575
6004,0.007893,172.31.40.0-255,66,109665,64,173575
6005,0.009569,216.58.203.0-255,5738,115403,64,173575
6006,0.009577,172.31.40.0-255,66,115469,64,173575
6007,0.011259,216.58.203.0-255,5738,121207,64,173575
6008,0.013939,172.31.40.0-255,66,121273,64,173575
6009,0.015614,216.58.203.0-255,5738,127011,64,173575
6010,0.015622,172.31.40.0-255,66,127077,64,173575
6011,0.017304,216.58.203.0-255,1484,128561,64,173575
6012,0.017328,216.58.203.0-255,4320,132881,64,173575
6013,0.017333,172.31.40.0-255,66,132947,64,173575
6014,0.019028,216.58.203.0-255,5738,138685,64,173575
6015,0.019036,172.31.40.0-255,66,138751,64,173575
6016,0.020732,216.58.203.0-255,5738,144489,64,173575
6017,0.020739,172.31.40.0-255,66,144555,64,173575
6018,0.02243,216.58.203.0-255,5738,150293,64,173575
6019,0.022437,172.31.40.0-255,66,150359,64,173575
6020,0.024121,216.58.203.0-255,5738,156097,64,173575
6021,0.024128,172.31.40.0-255,66,156163,64,173575
6022,0.025828,216.58.203.0-255,5738,161901,64,173575
6023,0.025835,172.31.40.0-255,66,161967,64,173575
6024,0.027511,216.58.203.0-255,5738,167705,64,173575
6025,0.027519,172.31.40.0-255,66,167771,64,173575
6026,0.029189,216.58.203.0-255,5738,173509,64,173575
6027,0.029195,172.31.40.0-255,66,173575,64,173575
6028,0.0,74.125.24.0-255,156,156,64,169123
6029,2.1e-05,172.31.40.0-255,66,222,64,169123
6030,5.6e-05,74.125.24.0-255,1484,1706,64,169123
6031,6.1e-05,172.31.40.0-255,66,1772,64,169123
6032,9.2e-05,74.125.24.0-255,2902,4674,64,169123
6033,9.5e-05,172.31.40.0-255,66,4740,64,169123
6034,0.000125,74.125.24.0-255,5738,10478,64,169123
6035,0.000128,172.31.40.0-255,66,10544,64,169123
6036,0.000164,74.125.24.0-255,6275,16819,64,169123
6037,0.000167,172.31.40.0-255,66,16885,64,169123
6038,0.000174,74.125.24.0-255,5738,22623,64,169123
6039,0.000176,172.31.40.0-255,66,22689,64,169123
6040,0.000199,74.125.24.0-255,1484,24173,64,169123
6041,0.000206,172.31.40.0-255,66,24239,64,169123
6042,0.000213,74.125.24.0-255,6797,31036,64,169123
6043,0.000216,172.31.40.0-255,66,31102,64,169123
6044,0.000364,74.125.24.0-255,1484,32586,64,169123
6045,0.000368,172.31.40.0-255,66,32652,64,169123
6046,0.000374,74.125.24.0-255,2902,35554,64,169123
6047,0.000377,172.31.40.0-255,66,35620,64,169123
6048,0.000388,74.125.24.0-255,4320,39940,64,169123
6049,0.000392,172.31.40.0-255,66,40006,64,169123
6050,0.000401,74.125.24.0-255,1484,41490,64,169123
6051,0.000404,172.31.40.0-255,66,41556,64,169123
6052,0.000409,74.125.24.0-255,2902,44458,64,169123
6053,0.000411,172.31.40.0-255,66,44524,64,169123
6054,0.000436,74.125.24.0-255,3961,48485,64,169123
6055,0.000439,172.31.40.0-255,66,48551,64,169123
6056,0.000447,74.125.24.0-255,7156,55707,64,169123
6057,0.00045,172.31.40.0-255,66,55773,64,169123
6058,0.000455,74.125.24.0-255,4320,60093,64,169123
6059,0.000457,172.31.40.0-255,66,60159,64,169123
6060,0.000512,74.125.24.0-255,4320,64479,64,169123
6061,0.000515,172.31.40.0-255,66,64545,64,169123
6062,0.00054,74.125.24.0-255,1400,65945,64,169123
6063,0.000543,74.125.24.0-255,380,66325,64,169123
6064,0.000546,172.31.40.0-255,66,66391,64,169123
6065,0.000641,74.125.24.0-255,1484,67875,64,169123
6066,0.000646,74.125.24.0-255,1484,69359,64,169123
6067,0.000649,172.31.40.0-255,66,69425,64,169123
6068,0.000667,74.125.24.0-255,1484,70909,64,169123
6069,0.000674,74.125.24.0-255,5738,76647,64,169123
6070,0.000676,172.31.40.0-255,66,76713,64,169123
6071,0.000712,74.125.24.0-255,4320,81033,64,169123
6072,0.000716,172.31.40.0-255,66,81099,64,169123
6073,0.000744,74.125.24.0-255,2543,83642,64,169123
6074,0.000747,172.31.40.0-255,66,83708,64,169123
6075,0.000827,74.125.24.0-255,1484,85192,64,169123
6076,0.000833,74.125.24.0-255,2902,88094,64,169123
6077,0.000836,172.31.40.0-255,66,88160,64,169123
6078,0.000864,74.125.24.0-255,5738,93898,64,169123
6079,0.000867,172.31.40.0-255,66,93964,64,169123
6080,0.000917,74.125.24.0-255,5738,99702,64,169123
6081,0.00092,172.31.40.0-255,66,99768,64,169123
6082,0.000942,74.125.24.0-255,1125,100893,64,169123
6083,0.003262,74.125.24.0-255,4320,105213,64,169123
6084,0.003268,172.31.40.0-255,66,105279,64,169123
6085,0.005637,74.125.24.0-255,5738,111017,64,169123
6086,0.005641,172.31.40.0-255,66,111083,64,169123
6087,0.008013,74.125.24.0-255,5738,116821,64,169123
6088,0.00802,172.31.40.0-255,66,116887,64,169123
6089,0.010378,74.125.24.0-255,5738,122625,64,169123
6090,0.010385,172.31.40.0-255,66,122691,64,169123
6091,0.012753,74.125.24.0-255,5738,128429,64,169123
6092,0.01277,172.31.40.0-255,66,128495,64,169123
6093,0.01512,74.125.24.0-255,5738,134233,64,169123
6094,0.015134,172.31.40.0-255,66,134299,64,169123
6095,0.017525,74.125.24.0-255,5738,140037,64,169123
6096,0.017537,172.31.40.0-255,66,140103,64,169123
6097,0.019914,74.125.24.0-255,5738,145841,64,169123
6098,0.019924,172.31.40.0-255,66,145907,64,169123
6099,0.0223,74.125.24.0-255,5738,151645,64,169123
6100,0.022313,172.31.40.0-255,66,151711,64,169123
6101,0.024688,74.125.24.0-255,5738,157449,64,169123
6102,0.024695,172.31.40.0-255,66,157515,64,169123
6103,0.027097,74.125.24.0-255,5738,163253,64,169123
6104,0.027104,172.31.40.0-255,66,163319,64,169123
6105,0.029451,74.125.24.0-255,5738,169057,64,169123
6106,0.029458,172.31.40.0-255,66,169123,64,169123
6107,0.0,172.217.194.0-255,143,143,64,198180
6108,3.3e-05,172.31.40.0-255,66,209,64,198180
6109,4e-05,172.217.194.0-255,1484,1693,64,198180
6110,4.5e-05,172.31.40.0-255,66,1759,64,198180
6111,4.9e-05,172.217.194.0-255,2902,4661,64,198180
6112,5.2e-05,172.31.40.0-255,66,4727,64,198180
6113,6.7e-05,172.217.194.0-255,7156,11883,64,198180
6114,7e-05,172.31.40.0-255,66,11949,64,198180
6115,7.4e-05,172.217.194.0-255,1911,13860,64,198180
6116,7.7e-05,172.31.40.0-255,66,13926,64,198180
6117,0.00031,172.217.194.0-255,1484,15410,64,198180
6118,0.000315,172.31.40.0-255,66,15476,64,198180
6119,0.000321,172.217.194.0-255,2902,18378,64,198180
6120,0.000324,172.31.40.0-255,66,18444,64,198180
6121,0.000337,172.217.194.0-255,5738,24182,64,198180
6122,0.00034,172.31.40.0-255,66,24248,64,198180
6123,0.000381,172.217.194.0-255,6797,31045,64,198180
6124,0.000385,172.31.40.0-255,66,31111,64,198180
6125,0.00046,172.217.194.0-255,1484,32595,64,198180
6126,0.000464,172.31.40.0-255,66,32661,64,198180
6127,0.000469,172.217.194.0-255,2902,35563,64,198180
6128,0.000473,172.31.40.0-255,66,35629,64,198180
6129,0.000495,172.217.194.0-255,5738,41367,64,198180
6130,0.000503,172.31.40.0-255,66,41433,64,198180
6131,0.000506,172.217.194.0-255,1484,42917,64,198180
6132,0.000508,172.31.40.0-255,66,42983,64,198180
6133,0.000552,172.31.40.0-255,66,43049,64,198180
6134,0.000588,172.31.40.0-255,66,43115,64,198180
6135,0.000626,172.217.194.0-255,1484,44599,64,198180
6136,0.00063,172.31.40.0-255,66,44665,64,198180
6137,0.000635,172.217.194.0-255,2902,47567,64,198180
6138,0.000639,172.31.40.0-255,66,47633,64,198180
6139,0.000662,172.217.194.0-255,5738,53371,64,198180
6140,0.000665,172.31.40.0-255,66,53437,64,198180
6141,0.000673,172.217.194.0-255,6797,60234,64,198180
6142,0.000676,172.31.40.0-255,66,60300,64,198180
6143,0.000689,172.217.194.0-255,4320,64620,64,198180
6144,0.000692,172.31.40.0-255,66,64686,64,198180
6145,0.000732,172.31.40.0-255,66,64752,64,198180
6146,0.000736,172.217.194.0-255,2819,67571,64,198180
6147,0.000738,172.31.40.0-255,66,67637,64,198180
6148,0.000811,172.217.194.0-255,1484,69121,64,198180
6149,0.000828,172.217.194.0-255,2902,72023,64,198180
6150,0.000832,172.31.40.0-255,66,72089,64,198180
6151,0.000838,172.217.194.0-255,5738,77827,64,198180
6152,0.000841,172.31.40.0-255,66,77893,64,198180
6153,0.000843,172.217.194.0-255,1484,79377,64,198180
6154,0.000883,172.31.40.0-255,66,79443,64,198180
6155,0.000888,172.31.40.0-255,66,79509,64,198180
6156,0.000941,172.217.194.0-255,1484,80993,64,198180
6157,0.000964,172.217.194.0-255,2902,83895,64,198180
6158,0.000968,172.31.40.0-255,66,83961,64,198180
6159,0.000973,172.217.194.0-255,5738,89699,64,198180
6160,0.000976,172.31.40.0-255,66,89765,64,198180
6161,0.000988,172.217.194.0-255,5738,95503,64,198180
6162,0.000991,172.31.40.0-255,66,95569,64,198180
6163,0.001029,172.217.194.0-255,5738,101307,64,198180
6164,0.001032,172.31.40.0-255,66,101373,64,198180
6165,0.001059,172.217.194.0-255,7156,108529,64,198180
6166,0.001062,172.31.40.0-255,66,108595,64,198180
6167,0.001068,172.217.194.0-255,5020,113615,64,198180
6168,0.00107,172.31.40.0-255,66,113681,64,198180
6169,0.001076,172.217.194.0-255,4320,118001,64,198180
6170,0.001078,172.31.40.0-255,66,118067,64,198180
6171,0.001083,172.217.194.0-255,5738,123805,64,198180
6172,0.001085,172.31.40.0-255,66,123871,64,198180
6173,0.001127,172.31.40.0-255,66,123937,64,198180
6174,0.001148,172.31.40.0-255,66,124003,64,198180
6175,0.00143,172.217.194.0-255,1484,125487,64,198180
6176,0.001436,172.217.194.0-255,2902,128389,64,198180
6177,0.00144,172.31.40.0-255,66,128455,64,198180
6178,0.001446,172.217.194.0-255,5738,134193,64,198180
6179,0.001448,172.31.40.0-255,66,134259,64,198180
6180,0.001467,172.217.194.0-255,4320,138579,64,198180
6181,0.00147,172.31.40.0-255,66,138645,64,198180
6182,0.001499,172.31.40.0-255,66,138711,64,198180
6183,0.00151,172.31.40.0-255,66,138777,64,198180
6184,0.001534,172.217.194.0-255,4320,143097,64,198180
6185,0.001537,172.31.40.0-255,66,143163,64,198180
6186,0.00157,172.217.194.0-255,5020,148183,64,198180
6187,0.001573,172.31.40.0-255,66,148249,64,198180
6188,0.001588,172.31.40.0-255,66,148315,64,198180
6189,0.001608,172.31.40.0-255,66,148381,64,198180
6190,0.001642,172.217.194.0-255,1484,149865,64,198180
6191,0.001648,172.217.194.0-255,2902,152767,64,198180
6192,0.001653,172.217.194.0-255,5738,158505,64,198180
6193,0.001653,172.31.40.0-255,66,158571,64,198180
6194,0.001658,172.31.40.0-255,66,158637,64,198180
6195,0.00168,172.217.194.0-255,4320,162957,64,198180
6196,0.001685,172.31.40.0-255,66,163023,64,198180
6197,0.001712,172.31.40.0-255,66,163089,64,198180
6198,0.001714,172.217.194.0-255,7156,170245,64,198180
6199,0.001736,172.31.40.0-255,66,170311,64,198180
6200,0.001746,172.217.194.0-255,3602,173913,64,198180
6201,0.00175,172.31.40.0-255,66,173979,64,198180
6202,0.001824,172.217.194.0-255,1484,175463,64,198180
6203,0.001829,172.217.194.0-255,2902,178365,64,198180
6204,0.001832,172.31.40.0-255,66,178431,64,198180
6205,0.00186,172.217.194.0-255,5738,184169,64,198180
6206,0.001872,172.31.40.0-255,66,184235,64,198180
6207,0.001894,172.217.194.0-255,1484,185719,64,198180
6208,0.001898,172.31.40.0-255,66,185785,64,198180
6209,0.001942,172.31.40.0-255,66,185851,64,198180
6210,0.00199,172.217.194.0-255,1484,187335,64,198180
6211,0.001996,172.217.194.0-255,2902,190237,64,198180
6212,0.002001,172.217.194.0-255,5738,195975,64,198180
6213,0.002016,172.31.40.0-255,66,196041,64,198180
6214,0.002022,172.31.40.0-255,66,196107,64,198180
6215,0.002049,172.31.40.0-255,66,196173,64,198180
6216,0.002067,172.31.40.0-255,66,196239,64,198180
6217,0.002113,172.31.40.0-255,66,196305,64,198180
6218,0.002121,172.217.194.0-255,1467,197772,64,198180
6219,0.002126,172.31.40.0-255,66,197838,64,198180
6220,0.002162,172.217.194.0-255,105,197943,64,198180
6221,0.003616,172.31.40.0-255,66,198009,64,198180
6222,0.003643,172.31.40.0-255,105,198114,64,198180
6223,0.005984,172.217.194.0-255,66,198180,64,198180
6224,0.0,74.125.24.0-255,147,147,64,115470
6225,3.3e-05,172.31.40.0-255,66,213,64,115470
6226,4.2e-05,74.125.24.0-255,1484,1697,64,115470
6227,4.7e-05,172.31.40.0-255,66,1763,64,115470
6228,5.3e-05,74.125.24.0-255,2902,4665,64,115470
6229,5.6e-05,172.31.40.0-255,66,4731,64,115470
6230,6.6e-05,74.125.24.0-255,7156,11887,64,115470
6231,6.9e-05,172.31.40.0-255,66,11953,64,115470
6232,7.2e-05,74.125.24.0-255,2031,13984,64,115470
6233,7.5e-05,172.31.40.0-255,66,14050,64,115470
6234,0.000755,74.125.24.0-255,1484,15534,64,115470
6235,0.00076,172.31.40.0-255,66,15600,64,115470
6236,0.000779,74.125.24.0-255,2902,18502,64,115470
6237,0.000782,172.31.40.0-255,66,18568,64,115470
6238,0.000788,74.125.24.0-255,5738,24306,64,115470
6239,0.00079,172.31.40.0-255,66,24372,64,115470
6240,0.000811,74.125.24.0-255,4320,28692,64,115470
6241,0.000814,172.31.40.0-255,66,28758,64,115470
6242,0.000833,74.125.24.0-255,2543,31301,64,115470
6243,0.000837,172.31.40.0-255,66,31367,64,115470
6244,0.000872,74.125.24.0-255,1484,32851,64,115470
6245,0.000876,74.125.24.0-255,2902,35753,64,115470
6246,0.000877,172.31.40.0-255,66,35819,64,115470
6247,0.000879,74.125.24.0-255,1484,37303,64,115470
6248,0.000883,172.31.40.0-255,66,37369,64,115470
6249,0.000886,172.31.40.0-255,66,37435,64,115470
6250,0.000909,74.125.24.0-255,4320,41755,64,115470
6251,0.000913,172.31.40.0-255,66,41821,64,115470
6252,0.00092,74.125.24.0-255,6797,48618,64,115470
6253,0.000922,172.31.40.0-255,66,48684,64,115470
6254,0.003449,74.125.24.0-255,5738,54422,64,115470
6255,0.003455,172.31.40.0-255,66,54488,64,115470
6256,0.00602,74.125.24.0-255,5738,60226,64,115470
6257,0.006026,172.31.40.0-255,66,60292,64,115470
6258,0.008569,74.125.24.0-255,5738,66030,64,115470
6259,0.008575,172.31.40.0-255,66,66096,64,115470
6260,0.011114,74.125.24.0-255,5738,71834,64,115470
6261,0.011121,172.31.40.0-255,66,71900,64,115470
6262,0.013682,74.125.24.0-255,5738,77638,64,115470
6263,0.013693,172.31.40.0-255,66,77704,64,115470
6264,0.016237,74.125.24.0-255,5738,83442,64,115470
6265,0.016246,172.31.40.0-255,66,83508,64,115470
6266,0.018785,74.125.24.0-255,5738,89246,64,115470
6267,0.018792,172.31.40.0-255,66,89312,64,115470
6268,0.021323,74.125.24.0-255,5738,95050,64,115470
6269,0.021331,172.31.40.0-255,66,95116,64,115470
6270,0.021669,172.31.40.0-255,172,95288,64,115470
6271,0.02171,172.31.40.0-255,1112,96400,64,115470
6272,0.021781,172.31.40.0-255,1514,97914,64,115470
6273,0.021783,172.31.40.0-255,1298,99212,64,115470
6274,0.023218,104.244.42.0-255,66,99278,64,115470
6275,0.023237,104.244.42.0-255,66,99344,64,115470
6276,0.023303,104.244.42.0-255,66,99410,64,115470
6277,0.023865,74.125.24.0-255,4320,103730,64,115470
6278,0.023869,172.31.40.0-255,66,103796,64,115470
6279,0.023885,74.125.24.0-255,1484,105280,64,115470
6280,0.026409,74.125.24.0-255,4320,109600,64,115470
6281,0.026415,172.31.40.0-255,66,109666,64,115470
6282,0.02895,74.125.24.0-255,5738,115404,64,115470
6283,0.028957,172.31.40.0-255,66,115470,64,115470
6284,0.0,74.125.24.0-255,153,153,64,208092
6285,2.7e-05,172.31.40.0-255,66,219,64,208092
6286,3.6e-05,74.125.24.0-255,1484,1703,64,208092
6287,4.1e-05,172.31.40.0-255,66,1769,64,208092
6288,4.7e-05,74.125.24.0-255,2902,4671,64,208092
6289,5.1e-05,172.31.40.0-255,66,4737,64,208092
6290,6e-05,74.125.24.0-255,7156,11893,64,208092
6291,6.4e-05,172.31.40.0-255,66,11959,64,208092
6292,9.4e-05,74.125.24.0-255,1949,13908,64,208092
6293,9.7e-05,172.31.40.0-255,66,13974,64,208092
6294,0.000125,74.125.24.0-255,1484,15458,64,208092
6295,0.000128,172.31.40.0-255,66,15524,64,208092
6296,0.000133,74.125.24.0-255,2902,18426,64,208092
6297,0.000135,172.31.40.0-255,66,18492,64,208092
6298,0.000151,74.125.24.0-255,5738,24230,64,208092
6299,0.000154,172.31.40.0-255,66,24296,64,208092
6300,0.000176,74.125.24.0-255,2902,27198,64,208092
6301,0.000179,172.31.40.0-255,66,27264,64,208092
6302,0.000199,74.125.24.0-255,3961,31225,64,208092
6303,0.000202,172.31.40.0-255,66,31291,64,208092
6304,0.000451,74.125.24.0-255,1484,32775,64,208092
6305,0.000456,172.31.40.0-255,66,32841,64,208092
6306,0.000463,74.125.24.0-255,2902,35743,64,208092
6307,0.000465,172.31.40.0-255,66,35809,64,208092
6308,0.00047,74.125.24.0-255,2902,38711,64,208092
6309,0.000472,172.31.40.0-255,66,38777,64,208092
6310,0.000494,74.125.24.0-255,2902,41679,64,208092
6311,0.000496,172.31.40.0-255,66,41745,64,208092
6312,0.000499,74.125.24.0-255,1484,43229,64,208092
6313,0.000501,172.31.40.0-255,66,43295,64,208092
6314,0.000533,74.125.24.0-255,5379,48674,64,208092
6315,0.000535,172.31.40.0-255,66,48740,64,208092
6316,0.000555,74.125.24.0-255,5738,54478,64,208092
6317,0.000571,74.125.24.0-255,1484,55962,64,208092
6318,0.000607,74.125.24.0-255,426,56388,64,208092
6319,0.000632,172.31.40.0-255,66,56454,64,208092
6320,0.000684,74.125.24.0-255,348,56802,64,208092
6321,0.001003,74.125.24.0-255,1484,58286,64,208092
6322,0.001007,74.125.24.0-255,1484,59770,64,208092
6323,0.001021,74.125.24.0-255,1484,61254,64,208092
6324,0.001025,74.125.24.0-255,2902,64156,64,208092
6325,0.001028,172.31.40.0-255,66,64222,64,208092
6326,0.001034,172.31.40.0-255,66,64288,64,208092
6327,0.00105,74.125.24.0-255,2902,67190,64,208092
6328,0.00109,172.31.40.0-255,66,67256,64,208092
6329,0.001106,74.125.24.0-255,6797,74053,64,208092
6330,0.001134,74.125.24.0-255,2902,76955,64,208092
6331,0.001145,172.31.40.0-255,66,77021,64,208092
6332,0.001152,74.125.24.0-255,4320,81341,64,208092
6333,0.001161,172.31.40.0-255,66,81407,64,208092
6334,0.001195,74.125.24.0-255,1125,82532,64,208092
6335,0.001212,172.31.40.0-255,66,82598,64,208092
6336,0.001515,74.125.24.0-255,1484,84082,64,208092
6337,0.001522,74.125.24.0-255,2902,86984,64,208092
6338,0.001525,172.31.40.0-255,66,87050,64,208092
6339,0.001532,74.125.24.0-255,4320,91370,64,208092
6340,0.001547,74.125.24.0-255,1484,92854,64,208092
6341,0.001552,74.125.24.0-255,2902,95756,64,208092
6342,0.001558,172.31.40.0-255,66,95822,64,208092
6343,0.001596,172.31.40.0-255,66,95888,64,208092
6344,0.001611,172.31.40.0-255,66,95954,64,208092
6345,0.001626,74.125.24.0-255,2184,98138,64,208092
6346,0.001635,172.31.40.0-255,66,98204,64,208092
6347,0.00167,74.125.24.0-255,1484,99688,64,208092
6348,0.001689,74.125.24.0-255,2902,102590,64,208092
6349,0.001702,74.125.24.0-255,4320,106910,64,208092
6350,0.001706,172.31.40.0-255,66,106976,64,208092
6351,0.001714,74.125.24.0-255,1484,108460,64,208092
6352,0.00172,74.125.24.0-255,5738,114198,64,208092
6353,0.001734,74.125.24.0-255,5738,119936,64,208092
6354,0.001749,74.125.24.0-255,1484,121420,64,208092
6355,0.001754,74.125.24.0-255,2902,124322,64,208092
6356,0.001763,172.31.40.0-255,66,124388,64,208092
6357,0.001799,74.125.24.0-255,4320,128708,64,208092
6358,0.001805,172.31.40.0-255,66,128774,64,208092
6359,0.001845,74.125.24.0-255,5738,134512,64,208092
6360,0.00185,172.31.40.0-255,66,134578,64,208092
6361,0.001862,74.125.24.0-255,2184,136762,64,208092
6362,0.001883,172.31.40.0-255,66,136828,64,208092
6363,0.001902,74.125.24.0-255,1484,138312,64,208092
6364,0.00192,74.125.24.0-255,2902,141214,64,208092
6365,0.001925,74.125.24.0-255,2902,144116,64,208092
6366,0.001933,172.31.40.0-255,66,144182,64,208092
6367,0.001951,74.125.24.0-255,2902,147084,64,208092
6368,0.001975,172.31.40.0-255,66,147150,64,208092
6369,0.002,74.125.24.0-255,7156,154306,64,208092
6370,0.002007,172.31.40.0-255,66,154372,64,208092
6371,0.002041,74.125.24.0-255,5738,160110,64,208092
6372,0.002046,172.31.40.0-255,66,160176,64,208092
6373,0.002077,74.125.24.0-255,7156,167332,64,208092
6374,0.009155,172.31.40.0-255,66,167398,64,208092
6375,0.01116,74.125.24.0-255,1484,168882,64,208092
6376,0.011196,74.125.24.0-255,4320,173202,64,208092
6377,0.011206,172.31.40.0-255,66,173268,64,208092
6378,0.013292,74.125.24.0-255,5738,179006,64,208092
6379,0.016408,172.31.40.0-255,66,179072,64,208092
6380,0.018441,74.125.24.0-255,5738,184810,64,208092
6381,0.018458,172.31.40.0-255,66,184876,64,208092
6382,0.020477,74.125.24.0-255,5738,190614,64,208092
6383,0.020492,172.31.40.0-255,66,190680,64,208092
6384,0.022527,74.125.24.0-255,5738,196418,64,208092
6385,0.023921,172.31.40.0-255,66,196484,64,208092
6386,0.025956,74.125.24.0-255,5738,202222,64,208092
6387,0.025973,172.31.40.0-255,66,202288,64,208092
6388,0.027987,74.125.24.0-255,5738,208026,64,208092
6389,0.027999,172.31.40.0-255,66,208092,64,208092
6390,0.0,74.125.24.0-255,156,156,64,186186
6391,2.4e-05,172.31.40.0-255,66,222,64,186186
6392,3.2e-05,74.125.24.0-255,1484,1706,64,186186
6393,3.7e-05,172.31.40.0-255,66,1772,64,186186
6394,5e-05,74.125.24.0-255,2902,4674,64,186186
6395,5.4e-05,172.31.40.0-255,66,4740,64,186186
6396,6.1e-05,74.125.24.0-255,5738,10478,64,186186
6397,6.4e-05,172.31.40.0-255,66,10544,64,186186
6398,6.9e-05,74.125.24.0-255,2902,13446,64,186186
6399,7.2e-05,172.31.40.0-255,66,13512,64,186186
6400,9.1e-05,74.125.24.0-255,511,14023,64,186186
6401,9.4e-05,172.31.40.0-255,66,14089,64,186186
6402,0.000428,74.125.24.0-255,1484,15573,64,186186
6403,0.000434,172.31.40.0-255,66,15639,64,186186
6404,0.00044,74.125.24.0-255,2902,18541,64,186186
6405,0.000443,172.31.40.0-255,66,18607,64,186186
6406,0.000454,74.125.24.0-255,5738,24345,64,186186
6407,0.000457,172.31.40.0-255,66,24411,64,186186
6408,0.000499,74.125.24.0-255,6797,31208,64,186186
6409,0.000503,172.31.40.0-255,66,31274,64,186186
6410,0.000692,74.125.24.0-255,1484,32758,64,186186
6411,0.000696,172.31.40.0-255,66,32824,64,186186
6412,0.000701,74.125.24.0-255,2902,35726,64,186186
6413,0.000704,172.31.40.0-255,66,35792,64,186186
6414,0.000707,74.125.24.0-255,1484,37276,64,186186
6415,0.000713,172.31.40.0-255,66,37342,64,186186
6416,0.000745,74.125.24.0-255,4320,41662,64,186186
6417,0.000748,172.31.40.0-255,66,41728,64,186186
6418,0.000756,74.125.24.0-255,2902,44630,64,186186
6419,0.000759,172.31.40.0-255,66,44696,64,186186
6420,0.000783,74.125.24.0-255,3961,48657,64,186186
6421,0.000785,172.31.40.0-255,66,48723,64,186186
6422,0.001099,74.125.24.0-255,1484,50207,64,186186
6423,0.00111,74.125.24.0-255,2902,53109,64,186186
6424,0.001115,172.31.40.0-255,66,53175,64,186186
6425,0.001124,74.125.24.0-255,5738,58913,64,186186
6426,0.001126,172.31.40.0-255,66,58979,64,186186
6427,0.001159,74.125.24.0-255,5738,64717,64,186186
6428,0.001162,172.31.40.0-255,66,64783,64,186186
6429,0.00119,74.125.24.0-255,1474,66257,64,186186
6430,0.001429,74.125.24.0-255,1484,67741,64,186186
6431,0.001434,172.31.40.0-255,66,67807,64,186186
6432,0.001441,74.125.24.0-255,2902,70709,64,186186
6433,0.001443,172.31.40.0-255,66,70775,64,186186
6434,0.001455,74.125.24.0-255,5738,76513,64,186186
6435,0.001457,172.31.40.0-255,66,76579,64,186186
6436,0.001499,74.125.24.0-255,6797,83376,64,186186
6437,0.001502,172.31.40.0-255,66,83442,64,186186
6438,0.001839,74.125.24.0-255,1484,84926,64,186186
6439,0.001848,74.125.24.0-255,2902,87828,64,186186
6440,0.001853,172.31.40.0-255,66,87894,64,186186
6441,0.001861,74.125.24.0-255,5738,93632,64,186186
6442,0.001864,172.31.40.0-255,66,93698,64,186186
6443,0.001892,74.125.24.0-255,7059,100757,64,186186
6444,0.001895,172.31.40.0-255,66,100823,64,186186
6445,0.002087,74.125.24.0-255,1484,102307,64,186186
6446,0.002101,74.125.24.0-255,2902,105209,64,186186
6447,0.002104,172.31.40.0-255,66,105275,64,186186
6448,0.00211,74.125.24.0-255,4320,109595,64,186186
6449,0.002112,172.31.40.0-255,66,109661,64,186186
6450,0.002138,74.125.24.0-255,1484,111145,64,186186
6451,0.002167,74.125.24.0-255,6128,117273,64,186186
6452,0.00217,172.31.40.0-255,66,117339,64,186186
6453,0.004542,74.125.24.0-255,5738,123077,64,186186
6454,0.004548,172.31.40.0-255,66,123143,64,186186
6455,0.0069,74.125.24.0-255,5738,128881,64,186186
6456,0.006908,172.31.40.0-255,66,128947,64,186186
6457,0.00927,74.125.24.0-255,5738,134685,64,186186
6458,0.009281,172.31.40.0-255,66,134751,64,186186
6459,0.01163,74.125.24.0-255,5738,140489,64,186186
6460,0.011647,172.31.40.0-255,66,140555,64,186186
6461,0.014011,74.125.24.0-255,5738,146293,64,186186
6462,0.01402,172.31.40.0-255,66,146359,64,186186
6463,0.016371,74.125.24.0-255,5738,152097,64,186186
6464,0.016381,172.31.40.0-255,66,152163,64,186186
6465,0.018772,74.125.24.0-255,5738,157901,64,186186
6466,0.018784,172.31.40.0-255,66,157967,64,186186
6467,0.021126,74.125.24.0-255,5738,163705,64,186186
6468,0.021138,172.31.40.0-255,66,163771,64,186186
6469,0.023484,74.125.24.0-255,5738,169509,64,186186
6470,0.023494,172.31.40.0-255,66,169575,64,186186
6471,0.025843,74.125.24.0-255,5738,175313,64,186186
6472,0.025853,172.31.40.0-255,66,175379,64,186186
6473,0.028221,74.125.24.0-255,5738,181117,64,186186
6474,0.028232,172.31.40.0-255,66,181183,64,186186
6475,0.028867,172.31.40.0-255,167,181350,64,186186
6476,0.028897,172.31.40.0-255,1111,182461,64,186186
6477,0.028967,172.31.40.0-255,1514,183975,64,186186
6478,0.028969,172.31.40.0-255,1514,185489,64,186186
6479,0.02897,172.31.40.0-255,697,186186,64,186186
6480,0.0,74.125.68.0-255,156,156,64,280339
6481,1.4e-05,172.31.40.0-255,66,222,64,280339
6482,2.1e-05,74.125.68.0-255,1484,1706,64,280339
6483,2.5e-05,172.31.40.0-255,66,1772,64,280339
6484,3e-05,74.125.68.0-255,2902,4674,64,280339
6485,3.3e-05,172.31.40.0-255,66,4740,64,280339
6486,5.4e-05,74.125.68.0-255,4320,9060,64,280339
6487,5.7e-05,172.31.40.0-255,66,9126,64,280339
6488,6.4e-05,74.125.68.0-255,4866,13992,64,280339
6489,6.6e-05,172.31.40.0-255,66,14058,64,280339
6490,9e-05,74.125.68.0-255,2902,16960,64,280339
6491,9.2e-05,172.31.40.0-255,66,17026,64,280339
6492,0.000121,172.31.40.0-255,66,17092,64,280339
6493,0.000148,74.125.68.0-255,5379,22471,64,280339
6494,0.000151,172.31.40.0-255,66,22537,64,280339
6495,0.00023,74.125.68.0-255,1484,24021,64,280339
6496,0.000233,172.31.40.0-255,66,24087,64,280339
6497,0.000254,74.125.68.0-255,2902,26989,64,280339
6498,0.000257,172.31.40.0-255,66,27055,64,280339
6499,0.000262,74.125.68.0-255,4320,31375,64,280339
6500,0.000265,172.31.40.0-255,66,31441,64,280339
6501,0.000294,74.125.68.0-255,1484,32925,64,280339
6502,0.000296,172.31.40.0-255,66,32991,64,280339
6503,0.000323,172.31.40.0-255,66,33057,64,280339
6504,0.00033,74.125.68.0-255,7156,40213,64,280339
6505,0.000332,172.31.40.0-255,66,40279,64,280339
6506,0.000358,74.125.68.0-255,2902,43181,64,280339
6507,0.00036,172.31.40.0-255,66,43247,64,280339
6508,0.000367,74.125.68.0-255,5652,48899,64,280339
6509,0.00037,172.31.40.0-255,66,48965,64,280339
6510,0.000373,74.125.68.0-255,131,49096,64,280339
6511,0.000456,74.125.68.0-255,348,49444,64,280339
6512,0.000792,74.125.68.0-255,1484,50928,64,280339
6513,0.000806,172.31.40.0-255,66,50994,64,280339
6514,0.000812,74.125.68.0-255,2902,53896,64,280339
6515,0.000814,172.31.40.0-255,66,53962,64,280339
6516,0.00082,74.125.68.0-255,5738,59700,64,280339
6517,0.000822,172.31.40.0-255,66,59766,64,280339
6518,0.000834,74.125.68.0-255,1484,61250,64,280339
6519,0.000858,172.31.40.0-255,66,61316,64,280339
6520,0.000872,74.125.68.0-255,4320,65636,64,280339
6521,0.000875,172.31.40.0-255,66,65702,64,280339
6522,0.000887,74.125.68.0-255,7156,72858,64,280339
6523,0.000889,172.31.40.0-255,66,72924,64,280339
6524,0.000893,74.125.68.0-255,2184,75108,64,280339
6525,0.000895,172.31.40.0-255,66,75174,64,280339
6526,0.001106,74.125.68.0-255,1484,76658,64,280339
6527,0.001112,74.125.68.0-255,2902,79560,64,280339
6528,0.001115,172.31.40.0-255,66,79626,64,280339
6529,0.001129,74.125.68.0-255,1484,81110,64,280339
6530,0.001143,74.125.68.0-255,2902,84012,64,280339
6531,0.001145,172.31.40.0-255,66,84078,64,280339
6532,0.001168,74.125.68.0-255,5738,89816,64,280339
6533,0.00117,172.31.40.0-255,66,89882,64,280339
6534,0.00121,172.31.40.0-255,66,89948,64,280339
6535,0.001245,74.125.68.0-255,5738,95686,64,280339
6536,0.001248,172.31.40.0-255,66,95752,64,280339
6537,0.001262,74.125.68.0-255,3602,99354,64,280339
6538,0.001265,172.31.40.0-255,66,99420,64,280339
6539,0.001355,74.125.68.0-255,1484,100904,64,280339
6540,0.001369,74.125.68.0-255,1484,102388,64,280339
6541,0.001373,172.31.40.0-255,66,102454,64,280339
6542,0.001387,74.125.68.0-255,1484,103938,64,280339
6543,0.001394,74.125.68.0-255,5738,109676,64,280339
6544,0.001397,172.31.40.0-255,66,109742,64,280339
6545,0.001422,74.125.68.0-255,7156,116898,64,280339
6546,0.001425,172.31.40.0-255,66,116964,64,280339
6547,0.001463,172.31.40.0-255,66,117030,64,280339
6548,0.001516,74.125.68.0-255,3602,120632,64,280339
6549,0.001518,172.31.40.0-255,66,120698,64,280339
6550,0.001656,74.125.68.0-255,1484,122182,64,280339
6551,0.00167,74.125.68.0-255,2902,125084,64,280339
6552,0.001673,172.31.40.0-255,66,125150,64,280339
6553,0.001697,74.125.68.0-255,5738,130888,64,280339
6554,0.001701,74.125.68.0-255,2902,133790,64,280339
6555,0.001705,74.125.68.0-255,4320,138110,64,280339
6556,0.001709,172.31.40.0-255,66,138176,64,280339
6557,0.001717,172.31.40.0-255,66,138242,64,280339
6558,0.00172,172.31.40.0-255,66,138308,64,280339
6559,0.001723,74.125.68.0-255,1484,139792,64,280339
6560,0.001747,74.125.68.0-255,7156,146948,64,280339
6561,0.001751,172.31.40.0-255,66,147014,64,280339
6562,0.001756,74.125.68.0-255,4320,151334,64,280339
6563,0.001758,172.31.40.0-255,66,151400,64,280339
6564,0.001778,74.125.68.0-255,2902,154302,64,280339
6565,0.001781,172.31.40.0-255,66,154368,64,280339
6566,0.001784,74.125.68.0-255,766,155134,64,280339
6567,0.001851,74.125.68.0-255,1484,156618,64,280339
6568,0.001854,172.31.40.0-255,66,156684,64,280339
6569,0.001859,74.125.68.0-255,2902,159586,64,280339
6570,0.001861,172.31.40.0-255,66,159652,64,280339
6571,0.001874,74.125.68.0-255,1484,161136,64,280339
6572,0.001887,74.125.68.0-255,4320,165456,64,280339
6573,0.001889,172.31.40.0-255,66,165522,64,280339
6574,0.001896,74.125.68.0-255,5738,171260,64,280339
6575,0.001898,172.31.40.0-255,66,171326,64,280339
6576,0.001909,74.125.68.0-255,1484,172810,64,280339
6577,0.001936,74.125.68.0-255,5738,178548,64,280339
6578,0.001939,172.31.40.0-255,66,178614,64,280339
6579,0.001942,74.125.68.0-255,1484,180098,64,280339
6580,0.001975,172.31.40.0-255,66,180164,64,280339
6581,0.002018,74.125.68.0-255,4320,184484,64,280339
6582,0.002024,172.31.40.0-255,66,184550,64,280339
6583,0.002044,74.125.68.0-255,1484,186034,64,280339
6584,0.002078,74.125.68.0-255,4320,190354,64,280339
6585,0.002081,74.125.68.0-255,766,191120,64,280339
6586,0.002122,74.125.68.0-255,4320,195440,64,280339
6587,0.002156,74.125.68.0-255,5738,201178,64,280339
6588,0.002195,74.125.68.0-255,4320,205498,64,280339
6589,0.002221,74.125.68.0-255,1484,206982,64,280339
6590,0.002284,74.125.68.0-255,1484,208466,64,280339
6591,0.002288,74.125.68.0-255,4320,212786,64,280339
6592,0.002338,74.125.68.0-255,5738,218524,64,280339
6593,0.002347,74.125.68.0-255,766,219290,64,280339
6594,0.002398,74.125.68.0-255,5738,225028,64,280339
6595,0.002411,74.125.68.0-255,1484,226512,64,280339
6596,0.002418,74.125.68.0-255,5738,232250,64,280339
6597,0.002424,74.125.68.0-255,7156,239406,64,280339
6598,0.002431,74.125.68.0-255,7156,246562,64,280339
6599,0.002443,74.125.68.0-255,3602,250164,64,280339
6600,0.00247,74.125.68.0-255,5738,255902,64,280339
6601,0.002494,74.125.68.0-255,5738,261640,64,280339
6602,0.002499,74.125.68.0-255,4320,265960,64,280339
6603,0.002526,74.125.68.0-255,4320,270280,64,280339
6604,0.002557,74.125.68.0-255,766,271046,64,280339
6605,0.007352,172.31.40.0-255,66,271112,64,280339
6606,0.007357,172.31.40.0-255,66,271178,64,280339
6607,0.00736,172.31.40.0-255,66,271244,64,280339
6608,0.007362,172.31.40.0-255,66,271310,64,280339
6609,0.007365,172.31.40.0-255,66,271376,64,280339
6610,0.007374,172.31.40.0-255,66,271442,64,280339
6611,0.007377,172.31.40.0-255,66,271508,64,280339
6612,0.00738,172.31.40.0-255,66,271574,64,280339
6613,0.007383,172.31.40.0-255,66,271640,64,280339
6614,0.007385,172.31.40.0-255,66,271706,64,280339
6615,0.007388,172.31.40.0-255,66,271772,64,280339
6616,0.007391,172.31.40.0-255,66,271838,64,280339
6617,0.007394,172.31.40.0-255,66,271904,64,280339
6618,0.007398,172.31.40.0-255,66,271970,64,280339
6619,0.0074,172.31.40.0-255,66,272036,64,280339
6620,0.007402,172.31.40.0-255,66,272102,64,280339
6621,0.007405,172.31.40.0-255,66,272168,64,280339
6622,0.007407,172.31.40.0-255,66,272234,64,280339
6623,0.00741,172.31.40.0-255,66,272300,64,280339
6624,0.007412,172.31.40.0-255,66,272366,64,280339
6625,0.007414,172.31.40.0-255,66,272432,64,280339
6626,0.007416,172.31.40.0-255,66,272498,64,280339
6627,0.009274,172.31.40.0-255,66,272564,64,280339
6628,0.009968,74.125.68.0-255,4320,276884,64,280339
6629,0.009975,172.31.40.0-255,66,276950,64,280339
6630,0.011811,74.125.68.0-255,1484,278434,64,280339
6631,0.0125,74.125.68.0-255,1143,279577,64,280339
6632,0.012507,172.31.40.0-255,66,279643,64,280339
6633,0.019602,172.31.40.0-255,105,279748,64,280339
6634,0.019652,172.31.40.0-255,105,279853,64,280339
6635,0.019885,172.31.40.0-255,90,279943,64,280339
6636,0.019896,172.31.40.0-255,66,280009,64,280339
6637,0.022107,74.125.68.0-255,66,280075,64,280339
6638,0.022141,74.125.68.0-255,66,280141,64,280339
6639,0.022377,74.125.68.0-255,66,280207,64,280339
6640,0.022396,74.125.68.0-255,66,280273,64,280339
6641,0.022404,172.31.40.0-255,66,280339,64,280339
6642,0.0,172.217.194.0-255,153,153,64,248114
6643,3.4e-05,172.31.40.0-255,66,219,64,248114
6644,4e-05,172.217.194.0-255,1484,1703,64,248114
6645,4.5e-05,172.31.40.0-255,66,1769,64,248114
6646,5.8e-05,172.217.194.0-255,2902,4671,64,248114
6647,6.2e-05,172.31.40.0-255,66,4737,64,248114
6648,7e-05,172.217.194.0-255,7156,11893,64,248114
6649,7.5e-05,172.31.40.0-255,66,11959,64,248114
6650,8.7e-05,172.31.40.0-255,66,12025,64,248114
6651,0.0001,172.31.40.0-255,66,12091,64,248114
6652,0.000168,172.217.194.0-255,1484,13575,64,248114
6653,0.000172,172.31.40.0-255,66,13641,64,248114
6654,0.000177,172.217.194.0-255,2902,16543,64,248114
6655,0.000179,172.31.40.0-255,66,16609,64,248114
6656,0.000201,172.217.194.0-255,5738,22347,64,248114
6657,0.000204,172.31.40.0-255,66,22413,64,248114
6658,0.000238,172.217.194.0-255,4320,26733,64,248114
6659,0.00024,172.31.40.0-255,66,26799,64,248114
6660,0.000277,172.217.194.0-255,2902,29701,64,248114
6661,0.000281,172.31.40.0-255,66,29767,64,248114
6662,0.000299,172.31.40.0-255,66,29833,64,248114
6663,0.000303,172.217.194.0-255,2184,32017,64,248114
6664,0.000305,172.31.40.0-255,66,32083,64,248114
6665,0.000308,172.217.194.0-255,413,32496,64,248114
6666,0.00031,172.31.40.0-255,66,32562,64,248114
6667,0.00038,172.217.194.0-255,1484,34046,64,248114
6668,0.000383,172.31.40.0-255,66,34112,64,248114
6669,0.000411,172.217.194.0-255,2902,37014,64,248114
6670,0.000414,172.31.40.0-255,66,37080,64,248114
6671,0.00042,172.217.194.0-255,5738,42818,64,248114
6672,0.000467,172.217.194.0-255,7156,49974,64,248114
6673,0.000503,172.217.194.0-255,3602,53576,64,248114
6674,0.000591,172.31.40.0-255,66,53642,64,248114
6675,0.001075,172.217.194.0-255,1484,55126,64,248114
6676,0.001082,172.217.194.0-255,2902,58028,64,248114
6677,0.001085,172.31.40.0-255,66,58094,64,248114
6678,0.001092,172.217.194.0-255,5738,63832,64,248114
6679,0.001132,172.217.194.0-255,4320,68152,64,248114
6680,0.001134,172.217.194.0-255,1484,69636,64,248114
6681,0.001136,172.31.40.0-255,66,69702,64,248114
6682,0.001142,172.31.40.0-255,66,69768,64,248114
6683,0.001193,172.31.40.0-255,66,69834,64,248114
6684,0.001206,172.217.194.0-255,2902,72736,64,248114
6685,0.001227,172.31.40.0-255,66,72802,64,248114
6686,0.001238,172.217.194.0-255,4320,77122,64,248114
6687,0.001256,172.217.194.0-255,5738,82860,64,248114
6688,0.001263,172.31.40.0-255,66,82926,64,248114
6689,0.001285,172.217.194.0-255,766,83692,64,248114
6690,0.001311,172.217.194.0-255,1484,85176,64,248114
6691,0.001314,172.31.40.0-255,66,85242,64,248114
6692,0.001345,172.217.194.0-255,2902,88144,64,248114
6693,0.001352,172.217.194.0-255,5738,93882,64,248114
6694,0.001358,172.217.194.0-255,5738,99620,64,248114
6695,0.001369,172.31.40.0-255,66,99686,64,248114
6696,0.001385,172.217.194.0-255,7156,106842,64,248114
6697,0.001416,172.217.194.0-255,2184,109026,64,248114
6698,0.00143,172.31.40.0-255,66,109092,64,248114
6699,0.001516,172.217.194.0-255,1484,110576,64,248114
6700,0.001538,172.217.194.0-255,2902,113478,64,248114
6701,0.001542,172.217.194.0-255,1484,114962,64,248114
6702,0.001548,172.31.40.0-255,66,115028,64,248114
6703,0.00156,172.217.194.0-255,4320,119348,64,248114
6704,0.001573,172.217.194.0-255,2902,122250,64,248114
6705,0.001578,172.31.40.0-255,66,122316,64,248114
6706,0.001595,172.217.194.0-255,7156,129472,64,248114
6707,0.001615,172.217.194.0-255,2184,131656,64,248114
6708,0.001668,172.31.40.0-255,66,131722,64,248114
6709,0.001941,172.217.194.0-255,1484,133206,64,248114
6710,0.001948,172.217.194.0-255,2902,136108,64,248114
6711,0.001951,172.31.40.0-255,66,136174,64,248114
6712,0.001985,172.217.194.0-255,5738,141912,64,248114
6713,0.001989,172.217.194.0-255,1484,143396,64,248114
6714,0.001995,172.31.40.0-255,66,143462,64,248114
6715,0.00208,172.31.40.0-255,66,143528,64,248114
6716,0.002394,172.217.194.0-255,1484,145012,64,248114
6717,0.002398,172.217.194.0-255,1484,146496,64,248114
6718,0.002401,172.31.40.0-255,66,146562,64,248114
6719,0.00244,172.217.194.0-255,1484,148046,64,248114
6720,0.002446,172.217.194.0-255,5738,153784,64,248114
6721,0.002453,172.217.194.0-255,7156,160940,64,248114
6722,0.002476,172.217.194.0-255,2902,163842,64,248114
6723,0.002482,172.217.194.0-255,5738,169580,64,248114
6724,0.002487,172.31.40.0-255,66,169646,64,248114
6725,0.00251,172.217.194.0-255,5020,174666,64,248114
6726,0.002524,172.217.194.0-255,1484,176150,64,248114
6727,0.002536,172.31.40.0-255,66,176216,64,248114
6728,0.002557,172.217.194.0-255,7156,183372,64,248114
6729,0.002573,172.217.194.0-255,4320,187692,64,248114
6730,0.002577,172.31.40.0-255,66,187758,64,248114
6731,0.002582,172.31.40.0-255,66,187824,64,248114
6732,0.002596,172.217.194.0-255,2184,190008,64,248114
6733,0.002609,172.31.40.0-255,66,190074,64,248114
6734,0.00516,172.217.194.0-255,5738,195812,64,248114
6735,0.005166,172.31.40.0-255,66,195878,64,248114
6736,0.007701,172.217.194.0-255,5738,201616,64,248114
6737,0.008972,172.31.40.0-255,66,201682,64,248114
6738,0.011554,172.217.194.0-255,5738,207420,64,248114
6739,0.011563,172.31.40.0-255,66,207486,64,248114
6740,0.014098,172.217.194.0-255,5738,213224,64,248114
6741,0.014117,172.31.40.0-255,66,213290,64,248114
6742,0.016644,172.217.194.0-255,5738,219028,64,248114
6743,0.016653,172.31.40.0-255,66,219094,64,248114
6744,0.019201,172.217.194.0-255,5738,224832,64,248114
6745,0.019208,172.31.40.0-255,66,224898,64,248114
6746,0.021748,172.217.194.0-255,5738,230636,64,248114
6747,0.021755,172.31.40.0-255,66,230702,64,248114
6748,0.024302,172.217.194.0-255,5738,236440,64,248114
6749,0.024311,172.31.40.0-255,66,236506,64,248114
6750,0.026877,172.217.194.0-255,5738,242244,64,248114
6751,0.026885,172.31.40.0-255,66,242310,64,248114
6752,0.029431,172.217.194.0-255,5738,248048,64,248114
6753,0.029441,172.31.40.0-255,66,248114,64,248114
6754,0.0,74.125.24.0-255,150,150,64,176022
6755,2.3e-05,172.31.40.0-255,66,216,64,176022
6756,3e-05,74.125.24.0-255,1484,1700,64,176022
6757,3.5e-05,172.31.40.0-255,66,1766,64,176022
6758,4.9e-05,74.125.24.0-255,2902,4668,64,176022
6759,5.4e-05,172.31.40.0-255,66,4734,64,176022
6760,5.9e-05,74.125.24.0-255,2902,7636,64,176022
6761,6.2e-05,172.31.40.0-255,66,7702,64,176022
6762,7e-05,74.125.24.0-255,7156,14858,64,176022
6763,7.3e-05,172.31.40.0-255,66,14924,64,176022
6764,9.3e-05,74.125.24.0-255,3557,18481,64,176022
6765,0.000101,172.31.40.0-255,66,18547,64,176022
6766,0.000114,172.31.40.0-255,66,18613,64,176022
6767,0.000145,74.125.24.0-255,2543,21156,64,176022
6768,0.000148,172.31.40.0-255,66,21222,64,176022
6769,0.000191,74.125.24.0-255,1484,22706,64,176022
6770,0.000194,172.31.40.0-255,66,22772,64,176022
6771,0.000198,74.125.24.0-255,2902,25674,64,176022
6772,0.000201,172.31.40.0-255,66,25740,64,176022
6773,0.000204,74.125.24.0-255,1484,27224,64,176022
6774,0.000205,172.31.40.0-255,66,27290,64,176022
6775,0.000243,74.125.24.0-255,4320,31610,64,176022
6776,0.000246,172.31.40.0-255,66,31676,64,176022
6777,0.000253,74.125.24.0-255,6797,38473,64,176022
6778,0.000255,172.31.40.0-255,66,38539,64,176022
6779,0.000262,74.125.24.0-255,7156,45695,64,176022
6780,0.000265,172.31.40.0-255,66,45761,64,176022
6781,0.000303,74.125.24.0-255,7156,52917,64,176022
6782,0.000306,172.31.40.0-255,66,52983,64,176022
6783,0.00031,74.125.24.0-255,2815,55798,64,176022
6784,0.000313,172.31.40.0-255,66,55864,64,176022
6785,0.001367,74.125.24.0-255,130,55994,64,176022
6786,0.001413,74.125.24.0-255,1484,57478,64,176022
6787,0.001418,172.31.40.0-255,66,57544,64,176022
6788,0.001423,74.125.24.0-255,1484,59028,64,176022
6789,0.001446,74.125.24.0-255,1484,60512,64,176022
6790,0.001449,172.31.40.0-255,66,60578,64,176022
6791,0.001456,74.125.24.0-255,4320,64898,64,176022
6792,0.001458,172.31.40.0-255,66,64964,64,176022
6793,0.001482,74.125.24.0-255,2902,67866,64,176022
6794,0.001488,172.31.40.0-255,66,67932,64,176022
6795,0.001499,172.31.40.0-255,66,67998,64,176022
6796,0.001504,74.125.24.0-255,2902,70900,64,176022
6797,0.001506,172.31.40.0-255,66,70966,64,176022
6798,0.001548,172.31.40.0-255,66,71032,64,176022
6799,0.001552,74.125.24.0-255,766,71798,64,176022
6800,0.001945,74.125.24.0-255,1484,73282,64,176022
6801,0.001952,172.31.40.0-255,66,73348,64,176022
6802,0.001957,74.125.24.0-255,2902,76250,64,176022
6803,0.00196,172.31.40.0-255,66,76316,64,176022
6804,0.001966,74.125.24.0-255,5738,82054,64,176022
6805,0.001973,172.31.40.0-255,66,82120,64,176022
6806,0.001979,74.125.24.0-255,5738,87858,64,176022
6807,0.001981,172.31.40.0-255,66,87924,64,176022
6808,0.002025,74.125.24.0-255,7156,95080,64,176022
6809,0.002028,172.31.40.0-255,66,95146,64,176022
6810,0.00204,172.31.40.0-255,66,95212,64,176022
6811,0.002052,172.31.40.0-255,66,95278,64,176022
6812,0.002086,74.125.24.0-255,2902,98180,64,176022
6813,0.002088,172.31.40.0-255,66,98246,64,176022
6814,0.002101,172.31.40.0-255,66,98312,64,176022
6815,0.002132,74.125.24.0-255,1484,99796,64,176022
6816,0.002174,172.31.40.0-255,66,99862,64,176022
6817,0.002187,172.31.40.0-255,66,99928,64,176022
6818,0.002197,172.31.40.0-255,66,99994,64,176022
6819,0.002223,74.125.24.0-255,1484,101478,64,176022
6820,0.002257,172.31.40.0-255,66,101544,64,176022
6821,0.002287,74.125.24.0-255,2184,103728,64,176022
6822,0.002289,172.31.40.0-255,66,103794,64,176022
6823,0.002309,172.31.40.0-255,66,103860,64,176022
6824,0.002314,74.125.24.0-255,3602,107462,64,176022
6825,0.002316,172.31.40.0-255,66,107528,64,176022
6826,0.002322,74.125.24.0-255,4320,111848,64,176022
6827,0.002324,172.31.40.0-255,66,111914,64,176022
6828,0.002368,172.31.40.0-255,66,111980,64,176022
6829,0.002384,172.31.40.0-255,66,112046,64,176022
6830,0.004666,74.125.24.0-255,2902,114948,64,176022
6831,0.00467,172.31.40.0-255,66,115014,64,176022
6832,0.004691,74.125.24.0-255,2902,117916,64,176022
6833,0.004694,172.31.40.0-255,66,117982,64,176022
6834,0.007005,74.125.24.0-255,5738,123720,64,176022
6835,0.007014,172.31.40.0-255,66,123786,64,176022
6836,0.009322,74.125.24.0-255,5738,129524,64,176022
6837,0.009343,172.31.40.0-255,66,129590,64,176022
6838,0.011641,74.125.24.0-255,5738,135328,64,176022
6839,0.011658,172.31.40.0-255,66,135394,64,176022
6840,0.013956,74.125.24.0-255,5738,141132,64,176022
6841,0.013964,172.31.40.0-255,66,141198,64,176022
6842,0.016279,74.125.24.0-255,5738,146936,64,176022
6843,0.016293,172.31.40.0-255,66,147002,64,176022
6844,0.018602,74.125.24.0-255,5738,152740,64,176022
6845,0.018617,172.31.40.0-255,66,152806,64,176022
6846,0.020899,74.125.24.0-255,5738,158544,64,176022
6847,0.02091,172.31.40.0-255,66,158610,64,176022
6848,0.023219,74.125.24.0-255,5738,164348,64,176022
6849,0.023227,172.31.40.0-255,66,164414,64,176022
6850,0.025583,74.125.24.0-255,5738,170152,64,176022
6851,0.025592,172.31.40.0-255,66,170218,64,176022
6852,0.02788,74.125.24.0-255,5738,175956,64,176022
6853,0.02789,172.31.40.0-255,66,176022,64,176022
6854,0.0,74.125.200.0-255,153,153,64,198275
6855,1.8e-05,172.31.40.0-255,66,219,64,198275
6856,2.5e-05,74.125.200.0-255,1484,1703,64,198275
6857,2.9e-05,172.31.40.0-255,66,1769,64,198275
6858,3.5e-05,74.125.200.0-255,2902,4671,64,198275
6859,3.8e-05,172.31.40.0-255,66,4737,64,198275
6860,4.6e-05,74.125.200.0-255,7156,11893,64,198275
6861,4.8e-05,172.31.40.0-255,66,11959,64,198275
6862,0.000115,74.125.200.0-255,2040,13999,64,198275
6863,0.000119,172.31.40.0-255,66,14065,64,198275
6864,0.000783,74.125.200.0-255,1484,15549,64,198275
6865,0.000791,172.31.40.0-255,66,15615,64,198275
6866,0.000828,74.125.200.0-255,2902,18517,64,198275
6867,0.000831,172.31.40.0-255,66,18583,64,198275
6868,0.000838,74.125.200.0-255,4320,22903,64,198275
6869,0.00084,172.31.40.0-255,66,22969,64,198275
6870,0.000873,74.125.200.0-255,7156,30125,64,198275
6871,0.000875,172.31.40.0-255,66,30191,64,198275
6872,0.000893,74.125.200.0-255,1125,31316,64,198275
6873,0.000896,172.31.40.0-255,66,31382,64,198275
6874,0.00094,74.125.200.0-255,2902,34284,64,198275
6875,0.000943,172.31.40.0-255,66,34350,64,198275
6876,0.000966,74.125.200.0-255,5738,40088,64,198275
6877,0.000969,172.31.40.0-255,66,40154,64,198275
6878,0.001027,74.125.200.0-255,2902,43056,64,198275
6879,0.00103,172.31.40.0-255,66,43122,64,198275
6880,0.001063,74.125.200.0-255,2902,46024,64,198275
6881,0.001067,172.31.40.0-255,66,46090,64,198275
6882,0.001085,74.125.200.0-255,2543,48633,64,198275
6883,0.001088,172.31.40.0-255,66,48699,64,198275
6884,0.001491,74.125.200.0-255,1484,50183,64,198275
6885,0.001497,172.31.40.0-255,66,50249,64,198275
6886,0.001502,74.125.200.0-255,1484,51733,64,198275
6887,0.001516,74.125.200.0-255,1484,53217,64,198275
6888,0.001519,172.31.40.0-255,66,53283,64,198275
6889,0.001524,74.125.200.0-255,2902,56185,64,198275
6890,0.001526,172.31.40.0-255,66,56251,64,198275
6891,0.001555,74.125.200.0-255,4320,60571,64,198275
6892,0.001558,172.31.40.0-255,66,60637,64,198275
6893,0.0016,74.125.200.0-255,5379,66016,64,198275
6894,0.001603,172.31.40.0-255,66,66082,64,198275
6895,0.001664,74.125.200.0-255,1484,67566,64,198275
6896,0.001678,74.125.200.0-255,2902,70468,64,198275
6897,0.001681,172.31.40.0-255,66,70534,64,198275
6898,0.0017,74.125.200.0-255,1484,72018,64,198275
6899,0.001715,74.125.200.0-255,4320,76338,64,198275
6900,0.001717,172.31.40.0-255,66,76404,64,198275
6901,0.00175,74.125.200.0-255,2902,79306,64,198275
6902,0.001753,172.31.40.0-255,66,79372,64,198275
6903,0.001771,74.125.200.0-255,2902,82274,64,198275
6904,0.001773,172.31.40.0-255,66,82340,64,198275
6905,0.001811,74.125.200.0-255,2902,85242,64,198275
6906,0.001814,172.31.40.0-255,66,85308,64,198275
6907,0.001837,74.125.200.0-255,3961,89269,64,198275
6908,0.001839,172.31.40.0-255,66,89335,64,198275
6909,0.001883,74.125.200.0-255,1484,90819,64,198275
6910,0.001901,74.125.200.0-255,4320,95139,64,198275
6911,0.001903,172.31.40.0-255,66,95205,64,198275
6912,0.001925,74.125.200.0-255,5379,100584,64,198275
6913,0.001928,172.31.40.0-255,66,100650,64,198275
6914,0.001992,74.125.200.0-255,1484,102134,64,198275
6915,0.002013,74.125.200.0-255,2902,105036,64,198275
6916,0.002015,172.31.40.0-255,66,105102,64,198275
6917,0.002046,74.125.200.0-255,5738,110840,64,198275
6918,0.002049,172.31.40.0-255,66,110906,64,198275
6919,0.002101,74.125.200.0-255,6683,117589,64,198275
6920,0.002104,172.31.40.0-255,66,117655,64,198275
6921,0.002495,74.125.200.0-255,1484,119139,64,198275
6922,0.002523,74.125.200.0-255,2902,122041,64,198275
6923,0.002525,74.125.200.0-255,1484,123525,64,198275
6924,0.002552,74.125.200.0-255,2902,126427,64,198275
6925,0.002584,74.125.200.0-255,5738,132165,64,198275
6926,0.002624,74.125.200.0-255,1484,133649,64,198275
6927,0.002637,74.125.200.0-255,1248,134897,64,198275
6928,0.003777,172.31.40.0-255,66,134963,64,198275
6929,0.006366,74.125.200.0-255,5738,140701,64,198275
6930,0.006372,172.31.40.0-255,66,140767,64,198275
6931,0.008963,74.125.200.0-255,5738,146505,64,198275
6932,0.008972,172.31.40.0-255,66,146571,64,198275
6933,0.011591,74.125.200.0-255,5738,152309,64,198275
6934,0.0116,172.31.40.0-255,66,152375,64,198275
6935,0.014193,74.125.200.0-255,5738,158113,64,198275
6936,0.014202,172.31.40.0-255,66,158179,64,198275
6937,0.016789,74.125.200.0-255,5738,163917,64,198275
6938,0.016796,172.31.40.0-255,66,163983,64,198275
6939,0.01938,74.125.200.0-255,5738,169721,64,198275
6940,0.019387,172.31.40.0-255,66,169787,64,198275
6941,0.021971,74.125.200.0-255,5738,175525,64,198275
6942,0.02198,172.31.40.0-255,66,175591,64,198275
6943,0.024565,74.125.200.0-255,5738,181329,64,198275
6944,0.024572,172.31.40.0-255,66,181395,64,198275
6945,0.025019,172.31.40.0-255,172,181567,64,198275
6946,0.025049,172.31.40.0-255,1112,182679,64,198275
6947,0.0251,172.31.40.0-255,1514,184193,64,198275
6948,0.025102,172.31.40.0-255,1514,185707,64,198275
6949,0.025125,172.31.40.0-255,696,186403,64,198275
6950,0.026571,104.244.42.0-255,66,186469,64,198275
6951,0.026608,104.244.42.0-255,66,186535,64,198275
6952,0.026657,104.244.42.0-255,66,186601,64,198275
6953,0.026662,104.244.42.0-255,66,186667,64,198275
6954,0.027171,74.125.200.0-255,5738,192405,64,198275
6955,0.027178,172.31.40.0-255,66,192471,64,198275
6956,0.029769,74.125.200.0-255,5738,198209,64,198275
6957,0.029776,172.31.40.0-255,66,198275,64,198275
6958,0.0,172.217.194.0-255,153,153,64,158637
6959,3.1e-05,172.31.40.0-255,66,219,64,158637
6960,3.9e-05,172.217.194.0-255,1484,1703,64,158637
6961,4.4e-05,172.31.40.0-255,66,1769,64,158637
6962,5e-05,172.217.194.0-255,2902,4671,64,158637
6963,5.4e-05,172.31.40.0-255,66,4737,64,158637
6964,6.1e-05,172.217.194.0-255,7156,11893,64,158637
6965,6.4e-05,172.31.40.0-255,66,11959,64,158637
6966,6.8e-05,172.217.194.0-255,1992,13951,64,158637
6967,7.1e-05,172.31.40.0-255,66,14017,64,158637
6968,0.000108,172.31.40.0-255,66,14083,64,158637
6969,0.000114,172.217.194.0-255,5379,19462,64,158637
6970,0.000117,172.31.40.0-255,66,19528,64,158637
6971,0.000223,172.217.194.0-255,1484,21012,64,158637
6972,0.000226,172.31.40.0-255,66,21078,64,158637
6973,0.00023,172.217.194.0-255,2902,23980,64,158637
6974,0.000232,172.31.40.0-255,66,24046,64,158637
6975,0.000245,172.217.194.0-255,2902,26948,64,158637
6976,0.000248,172.31.40.0-255,66,27014,64,158637
6977,0.000267,172.217.194.0-255,2902,29916,64,158637
6978,0.000269,172.31.40.0-255,66,29982,64,158637
6979,0.000274,172.217.194.0-255,4320,34302,64,158637
6980,0.000276,172.31.40.0-255,66,34368,64,158637
6981,0.000303,172.217.194.0-255,1484,35852,64,158637
6982,0.000304,172.31.40.0-255,66,35918,64,158637
6983,0.000325,172.217.194.0-255,5738,41656,64,158637
6984,0.000327,172.31.40.0-255,66,41722,64,158637
6985,0.000355,172.217.194.0-255,5379,47101,64,158637
6986,0.000357,172.31.40.0-255,66,47167,64,158637
6987,0.000364,172.217.194.0-255,7086,54253,64,158637
6988,0.000366,172.31.40.0-255,66,54319,64,158637
6989,0.000394,172.217.194.0-255,366,54685,64,158637
6990,0.000588,172.217.194.0-255,1484,56169,64,158637
6991,0.000594,172.217.194.0-255,2902,59071,64,158637
6992,0.000627,172.217.194.0-255,5738,64809,64,158637
6993,0.000634,172.217.194.0-255,7156,71965,64,158637
6994,0.000665,172.217.194.0-255,2902,74867,64,158637
6995,0.000676,172.31.40.0-255,66,74933,64,158637
6996,0.000689,172.217.194.0-255,5738,80671,64,158637
6997,0.00072,172.31.40.0-255,66,80737,64,158637
6998,0.001802,172.217.194.0-255,1484,82221,64,158637
6999,0.001811,172.217.194.0-255,2902,85123,64,158637
7000,0.001815,172.31.40.0-255,66,85189,64,158637
7001,0.001821,172.217.194.0-255,2902,88091,64,158637
7002,0.001839,172.217.194.0-255,2902,90993,64,158637
7003,0.001884,172.217.194.0-255,1484,92477,64,158637
7004,0.0019,172.217.194.0-255,3602,96079,64,158637
7005,0.004546,172.31.40.0-255,66,96145,64,158637
7006,0.006553,172.217.194.0-255,5738,101883,64,158637
7007,0.00656,172.31.40.0-255,66,101949,64,158637
7008,0.008654,172.217.194.0-255,4320,106269,64,158637
7009,0.00866,172.31.40.0-255,66,106335,64,158637
7010,0.008675,172.217.194.0-255,1484,107819,64,158637
7011,0.010666,172.217.194.0-255,4320,112139,64,158637
7012,0.012037,172.31.40.0-255,66,112205,64,158637
7013,0.014054,172.217.194.0-255,5738,117943,64,158637
7014,0.014063,172.31.40.0-255,66,118009,64,158637
7015,0.016099,172.217.194.0-255,5738,123747,64,158637
7016,0.016107,172.31.40.0-255,66,123813,64,158637
7017,0.018118,172.217.194.0-255,5738,129551,64,158637
7018,0.018132,172.31.40.0-255,66,129617,64,158637
7019,0.020123,172.217.194.0-255,5738,135355,64,158637
7020,0.020129,172.31.40.0-255,66,135421,64,158637
7021,0.022152,172.217.194.0-255,5738,141159,64,158637
7022,0.022168,172.31.40.0-255,66,141225,64,158637
7023,0.024141,172.217.194.0-255,5738,146963,64,158637
7024,0.024148,172.31.40.0-255,66,147029,64,158637
7025,0.026156,172.217.194.0-255,5738,152767,64,158637
7026,0.026164,172.31.40.0-255,66,152833,64,158637
7027,0.028202,172.217.194.0-255,5738,158571,64,158637
7028,0.028217,172.31.40.0-255,66,158637,64,158637
7029,0.0,172.31.40.0-255,105,105,64,459
7030,0.000264,172.31.40.0-255,90,195,64,459
7031,0.000275,172.31.40.0-255,66,261,64,459
7032,0.003365,172.217.194.0-255,66,327,64,459
7033,0.003393,172.217.194.0-255,66,393,64,459
7034,0.003418,172.31.40.0-255,66,459,64,459
7035,0.0,74.125.24.0-255,150,150,64,307789
7036,2.1e-05,172.31.40.0-255,66,216,64,307789
7037,4.5e-05,74.125.24.0-255,1484,1700,64,307789
7038,4.9e-05,172.31.40.0-255,66,1766,64,307789
7039,5.5e-05,74.125.24.0-255,2902,4668,64,307789
7040,5.9e-05,172.31.40.0-255,66,4734,64,307789
7041,6.2e-05,74.125.24.0-255,1484,6218,64,307789
7042,6.4e-05,172.31.40.0-255,66,6284,64,307789
7043,8.4e-05,74.125.24.0-255,4320,10604,64,307789
7044,8.7e-05,172.31.40.0-255,66,10670,64,307789
7045,9.4e-05,74.125.24.0-255,6275,16945,64,307789
7046,9.7e-05,172.31.40.0-255,66,17011,64,307789
7047,0.000104,74.125.24.0-255,7156,24167,64,307789
7048,0.000107,172.31.40.0-255,66,24233,64,307789
7049,0.000133,74.125.24.0-255,6797,31030,64,307789
7050,0.000135,172.31.40.0-255,66,31096,64,307789
7051,0.000191,74.125.24.0-255,1484,32580,64,307789
7052,0.000194,172.31.40.0-255,66,32646,64,307789
7053,0.00021,74.125.24.0-255,2902,35548,64,307789
7054,0.000212,172.31.40.0-255,66,35614,64,307789
7055,0.000217,74.125.24.0-255,2902,38516,64,307789
7056,0.000219,172.31.40.0-255,66,38582,64,307789
7057,0.000239,74.125.24.0-255,2902,41484,64,307789
7058,0.000242,172.31.40.0-255,66,41550,64,307789
7059,0.000244,74.125.24.0-255,1484,43034,64,307789
7060,0.000246,172.31.40.0-255,66,43100,64,307789
7061,0.000251,74.125.24.0-255,2902,46002,64,307789
7062,0.000253,172.31.40.0-255,66,46068,64,307789
7063,0.000256,74.125.24.0-255,1484,47552,64,307789
7064,0.000258,172.31.40.0-255,66,47618,64,307789
7065,0.00029,74.125.24.0-255,5379,52997,64,307789
7066,0.000292,172.31.40.0-255,66,53063,64,307789
7067,0.000297,74.125.24.0-255,4320,57383,64,307789
7068,0.0003,172.31.40.0-255,66,57449,64,307789
7069,0.000335,74.125.24.0-255,4320,61769,64,307789
7070,0.000339,172.31.40.0-255,66,61835,64,307789
7071,0.000356,74.125.24.0-255,4232,66067,64,307789
7072,0.000359,172.31.40.0-255,66,66133,64,307789
7073,0.000362,74.125.24.0-255,132,66265,64,307789
7074,0.000472,74.125.24.0-255,1484,67749,64,307789
7075,0.000477,172.31.40.0-255,66,67815,64,307789
7076,0.000482,74.125.24.0-255,2902,70717,64,307789
7077,0.000484,172.31.40.0-255,66,70783,64,307789
7078,0.000491,74.125.24.0-255,5738,76521,64,307789
7079,0.000493,172.31.40.0-255,66,76587,64,307789
7080,0.000532,74.125.24.0-255,4320,80907,64,307789
7081,0.000535,172.31.40.0-255,66,80973,64,307789
7082,0.000554,74.125.24.0-255,4320,85293,64,307789
7083,0.000557,172.31.40.0-255,66,85359,64,307789
7084,0.000586,74.125.24.0-255,5379,90738,64,307789
7085,0.000589,172.31.40.0-255,66,90804,64,307789
7086,0.000596,74.125.24.0-255,7156,97960,64,307789
7087,0.000598,172.31.40.0-255,66,98026,64,307789
7088,0.000613,74.125.24.0-255,2543,100569,64,307789
7089,0.000615,172.31.40.0-255,66,100635,64,307789
7090,0.000839,74.125.24.0-255,1484,102119,64,307789
7091,0.000859,74.125.24.0-255,2902,105021,64,307789
7092,0.000864,172.31.40.0-255,66,105087,64,307789
7093,0.000882,74.125.24.0-255,4320,109407,64,307789
7094,0.000885,172.31.40.0-255,66,109473,64,307789
7095,0.000906,74.125.24.0-255,1484,110957,64,307789
7096,0.000912,74.125.24.0-255,4320,115277,64,307789
7097,0.000914,172.31.40.0-255,66,115343,64,307789
7098,0.000932,74.125.24.0-255,7156,122499,64,307789
7099,0.000934,172.31.40.0-255,66,122565,64,307789
7100,0.000966,74.125.24.0-255,4320,126885,64,307789
7101,0.00097,172.31.40.0-255,66,126951,64,307789
7102,0.00098,172.31.40.0-255,66,127017,64,307789
7103,0.001059,74.125.24.0-255,1484,128501,64,307789
7104,0.001063,74.125.24.0-255,1484,129985,64,307789
7105,0.001066,172.31.40.0-255,66,130051,64,307789
7106,0.001084,74.125.24.0-255,1484,131535,64,307789
7107,0.001102,74.125.24.0-255,4320,135855,64,307789
7108,0.001105,172.31.40.0-255,66,135921,64,307789
7109,0.001142,74.125.24.0-255,5738,141659,64,307789
7110,0.001146,172.31.40.0-255,66,141725,64,307789
7111,0.001162,74.125.24.0-255,2902,144627,64,307789
7112,0.001164,172.31.40.0-255,66,144693,64,307789
7113,0.001188,74.125.24.0-255,1484,146177,64,307789
7114,0.001195,74.125.24.0-255,5738,151915,64,307789
7115,0.001198,172.31.40.0-255,66,151981,64,307789
7116,0.001214,74.125.24.0-255,1484,153465,64,307789
7117,0.001233,74.125.24.0-255,5738,159203,64,307789
7118,0.001236,172.31.40.0-255,66,159269,64,307789
7119,0.001259,74.125.24.0-255,2184,161453,64,307789
7120,0.001262,172.31.40.0-255,66,161519,64,307789
7121,0.001441,74.125.24.0-255,1484,163003,64,307789
7122,0.001446,74.125.24.0-255,1484,164487,64,307789
7123,0.001449,172.31.40.0-255,66,164553,64,307789
7124,0.001468,74.125.24.0-255,1484,166037,64,307789
7125,0.001475,74.125.24.0-255,5738,171775,64,307789
7126,0.001478,172.31.40.0-255,66,171841,64,307789
7127,0.001544,172.31.40.0-255,66,171907,64,307789
7128,0.00155,74.125.24.0-255,5738,177645,64,307789
7129,0.001553,172.31.40.0-255,66,177711,64,307789
7130,0.001575,74.125.24.0-255,2902,180613,64,307789
7131,0.001578,172.31.40.0-255,66,180679,64,307789
7132,0.001601,74.125.24.0-255,2184,182863,64,307789
7133,0.001604,172.31.40.0-255,66,182929,64,307789
7134,0.001715,74.125.24.0-255,1484,184413,64,307789
7135,0.001739,74.125.24.0-255,2902,187315,64,307789
7136,0.001742,172.31.40.0-255,66,187381,64,307789
7137,0.001748,74.125.24.0-255,4320,191701,64,307789
7138,0.001751,172.31.40.0-255,66,191767,64,307789
7139,0.001775,74.125.24.0-255,1484,193251,64,307789
7140,0.001788,172.31.40.0-255,66,193317,64,307789
7141,0.001837,74.125.24.0-255,5738,199055,64,307789
7142,0.00184,172.31.40.0-255,66,199121,64,307789
7143,0.001867,172.31.40.0-255,66,199187,64,307789
7144,0.00187,74.125.24.0-255,1484,200671,64,307789
7145,0.001896,74.125.24.0-255,2902,203573,64,307789
7146,0.001902,74.125.24.0-255,5738,209311,64,307789
7147,0.001905,172.31.40.0-255,66,209377,64,307789
7148,0.001908,172.31.40.0-255,66,209443,64,307789
7149,0.001928,74.125.24.0-255,4320,213763,64,307789
7150,0.001931,172.31.40.0-255,66,213829,64,307789
7151,0.001949,74.125.24.0-255,5738,219567,64,307789
7152,0.001951,172.31.40.0-255,66,219633,64,307789
7153,0.001964,172.31.40.0-255,66,219699,64,307789
7154,0.001968,74.125.24.0-255,2184,221883,64,307789
7155,0.001971,172.31.40.0-255,66,221949,64,307789
7156,0.002012,74.125.24.0-255,5738,227687,64,307789
7157,0.002017,172.31.40.0-255,66,227753,64,307789
7158,0.002045,172.31.40.0-255,66,227819,64,307789
7159,0.002051,74.125.24.0-255,5738,233557,64,307789
7160,0.002054,172.31.40.0-255,66,233623,64,307789
7161,0.002057,74.125.24.0-255,1484,235107,64,307789
7162,0.004085,74.125.24.0-255,4320,239427,64,307789
7163,0.004092,172.31.40.0-255,66,239493,64,307789
7164,0.00611,74.125.24.0-255,5738,245231,64,307789
7165,0.006117,172.31.40.0-255,66,245297,64,307789
7166,0.008122,74.125.24.0-255,5738,251035,64,307789
7167,0.008126,172.31.40.0-255,66,251101,64,307789
7168,0.01013,74.125.24.0-255,5738,256839,64,307789
7169,0.010136,172.31.40.0-255,66,256905,64,307789
7170,0.012151,74.125.24.0-255,5738,262643,64,307789
7171,0.01216,172.31.40.0-255,66,262709,64,307789
7172,0.014157,74.125.24.0-255,5738,268447,64,307789
7173,0.014165,172.31.40.0-255,66,268513,64,307789
7174,0.016189,74.125.24.0-255,5738,274251,64,307789
7175,0.016198,172.31.40.0-255,66,274317,64,307789
7176,0.018183,74.125.24.0-255,4320,278637,64,307789
7177,0.018189,172.31.40.0-255,66,278703,64,307789
7178,0.018208,74.125.24.0-255,1484,280187,64,307789
7179,0.020214,74.125.24.0-255,4320,284507,64,307789
7180,0.020221,172.31.40.0-255,66,284573,64,307789
7181,0.022225,74.125.24.0-255,5738,290311,64,307789
7182,0.022229,172.31.40.0-255,66,290377,64,307789
7183,0.024226,74.125.24.0-255,5738,296115,64,307789
7184,0.024233,172.31.40.0-255,66,296181,64,307789
7185,0.026237,74.125.24.0-255,5738,301919,64,307789
7186,0.026245,172.31.40.0-255,66,301985,64,307789
7187,0.028299,74.125.24.0-255,5738,307723,64,307789
7188,0.028306,172.31.40.0-255,66,307789,64,307789
7189,0.0,172.31.40.0-255,105,105,64,459
7190,0.000148,172.31.40.0-255,90,195,64,459
7191,0.00016,172.31.40.0-255,66,261,64,459
7192,0.002495,172.217.194.0-255,66,327,64,459
7193,0.002523,172.217.194.0-255,66,393,64,459
7194,0.002545,172.31.40.0-255,66,459,64,459
7195,0.0,74.125.24.0-255,150,150,64,209575
7196,2.3e-05,172.31.40.0-255,66,216,64,209575
7197,3.1e-05,74.125.24.0-255,1484,1700,64,209575
7198,3.7e-05,172.31.40.0-255,66,1766,64,209575
7199,5e-05,74.125.24.0-255,2902,4668,64,209575
7200,5.3e-05,172.31.40.0-255,66,4734,64,209575
7201,6.1e-05,74.125.24.0-255,7156,11890,64,209575
7202,6.4e-05,172.31.40.0-255,66,11956,64,209575
7203,6.9e-05,74.125.24.0-255,3517,15473,64,209575
7204,7.1e-05,172.31.40.0-255,66,15539,64,209575
7205,8.2e-05,172.31.40.0-255,66,15605,64,209575
7206,0.000115,74.125.24.0-255,4320,19925,64,209575
7207,0.000118,172.31.40.0-255,66,19991,64,209575
7208,0.000121,74.125.24.0-255,2543,22534,64,209575
7209,0.000123,172.31.40.0-255,66,22600,64,209575
7210,0.000528,74.125.24.0-255,1484,24084,64,209575
7211,0.000536,172.31.40.0-255,66,24150,64,209575
7212,0.000542,74.125.24.0-255,2902,27052,64,209575
7213,0.000544,172.31.40.0-255,66,27118,64,209575
7214,0.00058,74.125.24.0-255,5738,32856,64,209575
7215,0.000583,172.31.40.0-255,66,32922,64,209575
7216,0.000589,74.125.24.0-255,2902,35824,64,209575
7217,0.000591,172.31.40.0-255,66,35890,64,209575
7218,0.000636,172.31.40.0-255,66,35956,64,209575
7219,0.000647,172.31.40.0-255,66,36022,64,209575
7220,0.000655,74.125.24.0-255,2868,38890,64,209575
7221,0.000657,172.31.40.0-255,66,38956,64,209575
7222,0.000706,74.125.24.0-255,1484,40440,64,209575
7223,0.000709,172.31.40.0-255,66,40506,64,209575
7224,0.000754,74.125.24.0-255,2902,43408,64,209575
7225,0.000757,172.31.40.0-255,66,43474,64,209575
7226,0.000763,74.125.24.0-255,5738,49212,64,209575
7227,0.000766,172.31.40.0-255,66,49278,64,209575
7228,0.000778,74.125.24.0-255,6797,56075,64,209575
7229,0.00078,172.31.40.0-255,66,56141,64,209575
7230,0.000784,74.125.24.0-255,2902,59043,64,209575
7231,0.000786,172.31.40.0-255,66,59109,64,209575
7232,0.000818,74.125.24.0-255,4320,63429,64,209575
7233,0.000821,172.31.40.0-255,66,63495,64,209575
7234,0.000833,172.31.40.0-255,66,63561,64,209575
7235,0.001736,74.125.24.0-255,1484,65045,64,209575
7236,0.001743,74.125.24.0-255,2902,67947,64,209575
7237,0.001747,172.31.40.0-255,66,68013,64,209575
7238,0.001753,74.125.24.0-255,4320,72333,64,209575
7239,0.001754,172.31.40.0-255,66,72399,64,209575
7240,0.001773,74.125.24.0-255,1484,73883,64,209575
7241,0.001778,74.125.24.0-255,4320,78203,64,209575
7242,0.00178,172.31.40.0-255,66,78269,64,209575
7243,0.001819,172.31.40.0-255,66,78335,64,209575
7244,0.001879,74.125.24.0-255,2902,81237,64,209575
7245,0.001882,172.31.40.0-255,66,81303,64,209575
7246,0.001913,172.31.40.0-255,66,81369,64,209575
7247,0.002125,74.125.24.0-255,1484,82853,64,209575
7248,0.002129,74.125.24.0-255,1484,84337,64,209575
7249,0.002131,172.31.40.0-255,66,84403,64,209575
7250,0.002154,74.125.24.0-255,1484,85887,64,209575
7251,0.00216,74.125.24.0-255,5738,91625,64,209575
7252,0.002162,172.31.40.0-255,66,91691,64,209575
7253,0.002171,172.31.40.0-255,66,91757,64,209575
7254,0.002193,74.125.24.0-255,4320,96077,64,209575
7255,0.002195,172.31.40.0-255,66,96143,64,209575
7256,0.002207,172.31.40.0-255,66,96209,64,209575
7257,0.002233,74.125.24.0-255,2902,99111,64,209575
7258,0.002236,172.31.40.0-255,66,99177,64,209575
7259,0.002267,172.31.40.0-255,66,99243,64,209575
7260,0.002291,172.31.40.0-255,66,99309,64,209575
7261,0.002296,74.125.24.0-255,5738,105047,64,209575
7262,0.002298,172.31.40.0-255,66,105113,64,209575
7263,0.002327,74.125.24.0-255,2184,107297,64,209575
7264,0.002329,172.31.40.0-255,66,107363,64,209575
7265,0.002331,74.125.24.0-255,1484,108847,64,209575
7266,0.002335,74.125.24.0-255,2902,111749,64,209575
7267,0.002337,172.31.40.0-255,66,111815,64,209575
7268,0.002372,74.125.24.0-255,5738,117553,64,209575
7269,0.002374,172.31.40.0-255,66,117619,64,209575
7270,0.002384,172.31.40.0-255,66,117685,64,209575
7271,0.002406,74.125.24.0-255,1484,119169,64,209575
7272,0.002411,74.125.24.0-255,5738,124907,64,209575
7273,0.002413,172.31.40.0-255,66,124973,64,209575
7274,0.002441,172.31.40.0-255,66,125039,64,209575
7275,0.00245,172.31.40.0-255,66,125105,64,209575
7276,0.002505,172.31.40.0-255,66,125171,64,209575
7277,0.002511,74.125.24.0-255,5020,130191,64,209575
7278,0.002513,172.31.40.0-255,66,130257,64,209575
7279,0.002547,74.125.24.0-255,4320,134577,64,209575
7280,0.00255,172.31.40.0-255,66,134643,64,209575
7281,0.002606,172.31.40.0-255,66,134709,64,209575
7282,0.002613,74.125.24.0-255,6438,141147,64,209575
7283,0.002615,172.31.40.0-255,66,141213,64,209575
7284,0.002627,172.31.40.0-255,66,141279,64,209575
7285,0.002647,74.125.24.0-255,4320,145599,64,209575
7286,0.002649,172.31.40.0-255,66,145665,64,209575
7287,0.002655,74.125.24.0-255,5738,151403,64,209575
7288,0.002657,172.31.40.0-255,66,151469,64,209575
7289,0.002699,172.31.40.0-255,66,151535,64,209575
7290,0.005352,74.125.24.0-255,5738,157273,64,209575
7291,0.005363,172.31.40.0-255,66,157339,64,209575
7292,0.008047,74.125.24.0-255,5738,163077,64,209575
7293,0.008063,172.31.40.0-255,66,163143,64,209575
7294,0.010713,74.125.24.0-255,5738,168881,64,209575
7295,0.010724,172.31.40.0-255,66,168947,64,209575
7296,0.013346,74.125.24.0-255,5738,174685,64,209575
7297,0.013355,172.31.40.0-255,66,174751,64,209575
7298,0.016014,74.125.24.0-255,5738,180489,64,209575
7299,0.016022,172.31.40.0-255,66,180555,64,209575
7300,0.01868,74.125.24.0-255,5738,186293,64,209575
7301,0.018699,172.31.40.0-255,66,186359,64,209575
7302,0.021335,74.125.24.0-255,5738,192097,64,209575
7303,0.021344,172.31.40.0-255,66,192163,64,209575
7304,0.024003,74.125.24.0-255,5738,197901,64,209575
7305,0.024013,172.31.40.0-255,66,197967,64,209575
7306,0.026692,74.125.24.0-255,5738,203705,64,209575
7307,0.026706,172.31.40.0-255,66,203771,64,209575
7308,0.029353,74.125.24.0-255,5738,209509,64,209575
7309,0.029361,172.31.40.0-255,66,209575,64,209575
7310,0.0,172.217.194.0-255,147,147,64,238028
7311,3.3e-05,172.31.40.0-255,66,213,64,238028
7312,4e-05,172.217.194.0-255,1484,1697,64,238028
7313,4.4e-05,172.31.40.0-255,66,1763,64,238028
7314,4.9e-05,172.217.194.0-255,2902,4665,64,238028
7315,5.2e-05,172.31.40.0-255,66,4731,64,238028
7316,6e-05,172.217.194.0-255,7156,11887,64,238028
7317,6.4e-05,172.31.40.0-255,66,11953,64,238028
7318,6.8e-05,172.217.194.0-255,2902,14855,64,238028
7319,7e-05,172.31.40.0-255,66,14921,64,238028
7320,0.000106,172.217.194.0-255,6266,21187,64,238028
7321,0.000109,172.31.40.0-255,66,21253,64,238028
7322,0.00012,172.31.40.0-255,66,21319,64,238028
7323,0.000332,172.217.194.0-255,1484,22803,64,238028
7324,0.000337,172.31.40.0-255,66,22869,64,238028
7325,0.000341,172.217.194.0-255,1484,24353,64,238028
7326,0.000343,172.31.40.0-255,66,24419,64,238028
7327,0.000358,172.217.194.0-255,1484,25903,64,238028
7328,0.000361,172.31.40.0-255,66,25969,64,238028
7329,0.000368,172.217.194.0-255,5738,31707,64,238028
7330,0.000371,172.31.40.0-255,66,31773,64,238028
7331,0.000374,172.217.194.0-255,1484,33257,64,238028
7332,0.000378,172.31.40.0-255,66,33323,64,238028
7333,0.00039,172.217.194.0-255,2902,36225,64,238028
7334,0.000393,172.31.40.0-255,66,36291,64,238028
7335,0.000413,172.217.194.0-255,2902,39193,64,238028
7336,0.000416,172.31.40.0-255,66,39259,64,238028
7337,0.000462,172.217.194.0-255,7156,46415,64,238028
7338,0.000465,172.31.40.0-255,66,46481,64,238028
7339,0.000488,172.217.194.0-255,2543,49024,64,238028
7340,0.000491,172.31.40.0-255,66,49090,64,238028
7341,0.000497,172.217.194.0-255,5738,54828,64,238028
7342,0.0005,172.217.194.0-255,1415,56243,64,238028
7343,0.000504,172.31.40.0-255,66,56309,64,238028
7344,0.000519,172.217.194.0-255,1484,57793,64,238028
7345,0.000525,172.217.194.0-255,4320,62113,64,238028
7346,0.000531,172.31.40.0-255,66,62179,64,238028
7347,0.000543,172.217.194.0-255,2902,65081,64,238028
7348,0.000563,172.31.40.0-255,66,65147,64,238028
7349,0.000582,172.217.194.0-255,1484,66631,64,238028
7350,0.000599,172.217.194.0-255,6797,73428,64,238028
7351,0.000608,172.31.40.0-255,66,73494,64,238028
7352,0.000711,172.217.194.0-255,1484,74978,64,238028
7353,0.000724,172.217.194.0-255,2902,77880,64,238028
7354,0.000728,172.31.40.0-255,66,77946,64,238028
7355,0.000751,172.217.194.0-255,5738,83684,64,238028
7356,0.000755,172.31.40.0-255,66,83750,64,238028
7357,0.000771,172.217.194.0-255,2902,86652,64,238028
7358,0.000781,172.31.40.0-255,66,86718,64,238028
7359,0.000788,172.217.194.0-255,5738,92456,64,238028
7360,0.000795,172.31.40.0-255,66,92522,64,238028
7361,0.000806,172.217.194.0-255,4320,96842,64,238028
7362,0.000811,172.31.40.0-255,66,96908,64,238028
7363,0.000826,172.31.40.0-255,66,96974,64,238028
7364,0.000914,172.217.194.0-255,1484,98458,64,238028
7365,0.000919,172.217.194.0-255,2902,101360,64,238028
7366,0.000922,172.31.40.0-255,66,101426,64,238028
7367,0.000945,172.217.194.0-255,5738,107164,64,238028
7368,0.000956,172.31.40.0-255,66,107230,64,238028
7369,0.000975,172.217.194.0-255,2902,110132,64,238028
7370,0.000982,172.31.40.0-255,66,110198,64,238028
7371,0.001015,172.217.194.0-255,5738,115936,64,238028
7372,0.00102,172.31.40.0-255,66,116002,64,238028
7373,0.001034,172.217.194.0-255,2902,118904,64,238028
7374,0.001037,172.31.40.0-255,66,118970,64,238028
7375,0.001072,172.31.40.0-255,66,119036,64,238028
7376,0.001097,172.217.194.0-255,1484,120520,64,238028
7377,0.0011,172.31.40.0-255,66,120586,64,238028
7378,0.001126,172.31.40.0-255,66,120652,64,238028
7379,0.001144,172.217.194.0-255,6438,127090,64,238028
7380,0.001152,172.31.40.0-255,66,127156,64,238028
7381,0.001184,172.217.194.0-255,4320,131476,64,238028
7382,0.001201,172.31.40.0-255,66,131542,64,238028
7383,0.001216,172.31.40.0-255,66,131608,64,238028
7384,0.001301,172.217.194.0-255,1484,133092,64,238028
7385,0.001321,172.217.194.0-255,2902,135994,64,238028
7386,0.001327,172.217.194.0-255,5738,141732,64,238028
7387,0.001328,172.31.40.0-255,66,141798,64,238028
7388,0.001332,172.31.40.0-255,66,141864,64,238028
7389,0.00138,172.31.40.0-255,66,141930,64,238028
7390,0.001386,172.217.194.0-255,1484,143414,64,238028
7391,0.001417,172.31.40.0-255,66,143480,64,238028
7392,0.001433,172.217.194.0-255,766,144246,64,238028
7393,0.001571,172.217.194.0-255,1484,145730,64,238028
7394,0.001575,172.31.40.0-255,66,145796,64,238028
7395,0.00158,172.217.194.0-255,2902,148698,64,238028
7396,0.00159,172.31.40.0-255,66,148764,64,238028
7397,0.001639,172.217.194.0-255,5738,154502,64,238028
7398,0.001645,172.31.40.0-255,66,154568,64,238028
7399,0.001659,172.31.40.0-255,66,154634,64,238028
7400,0.00167,172.31.40.0-255,66,154700,64,238028
7401,0.001726,172.31.40.0-255,66,154766,64,238028
7402,0.001728,172.217.194.0-255,5738,160504,64,238028
7403,0.001731,172.31.40.0-255,66,160570,64,238028
7404,0.001744,172.31.40.0-255,66,160636,64,238028
7405,0.002126,172.217.194.0-255,1484,162120,64,238028
7406,0.002133,172.217.194.0-255,2902,165022,64,238028
7407,0.002138,172.31.40.0-255,66,165088,64,238028
7408,0.002144,172.217.194.0-255,5738,170826,64,238028
7409,0.002149,172.217.194.0-255,4320,175146,64,238028
7410,0.002153,172.31.40.0-255,66,175212,64,238028
7411,0.002162,172.217.194.0-255,1484,176696,64,238028
7412,0.002177,172.217.194.0-255,4320,181016,64,238028
7413,0.002184,172.31.40.0-255,66,181082,64,238028
7414,0.002205,172.217.194.0-255,5020,186102,64,238028
7415,0.002207,172.31.40.0-255,66,186168,64,238028
7416,0.002211,172.31.40.0-255,66,186234,64,238028
7417,0.002252,172.217.194.0-255,1484,187718,64,238028
7418,0.002288,172.217.194.0-255,2902,190620,64,238028
7419,0.002299,172.217.194.0-255,5738,196358,64,238028
7420,0.002342,172.217.194.0-255,5020,201378,64,238028
7421,0.01162,172.31.40.0-255,66,201444,64,238028
7422,0.011674,172.217.194.0-255,1484,202928,64,238028
7423,0.013922,172.217.194.0-255,4320,207248,64,238028
7424,0.013929,172.31.40.0-255,66,207314,64,238028
7425,0.016229,172.217.194.0-255,5738,213052,64,238028
7426,0.016337,172.31.40.0-255,66,213118,64,238028
7427,0.018669,172.217.194.0-255,5738,218856,64,238028
7428,0.018679,172.31.40.0-255,66,218922,64,238028
7429,0.021004,172.217.194.0-255,5738,224660,64,238028
7430,0.021014,172.31.40.0-255,66,224726,64,238028
7431,0.02332,172.217.194.0-255,5738,230464,64,238028
7432,0.023327,172.31.40.0-255,66,230530,64,238028
7433,0.025628,172.217.194.0-255,5738,236268,64,238028
7434,0.025649,172.31.40.0-255,66,236334,64,238028
7435,0.027945,172.217.194.0-255,1523,237857,64,238028
7436,0.027959,172.31.40.0-255,66,237923,64,238028
7437,0.028204,172.31.40.0-255,105,238028,64,238028
7438,0.0,74.125.24.0-255,152,152,64,154411
7439,2e-05,172.31.40.0-255,66,218,64,154411
7440,2.7e-05,74.125.24.0-255,1484,1702,64,154411
7441,3.2e-05,172.31.40.0-255,66,1768,64,154411
7442,3.8e-05,74.125.24.0-255,2902,4670,64,154411
7443,4.8e-05,172.31.40.0-255,66,4736,64,154411
7444,5.2e-05,74.125.24.0-255,1484,6220,64,154411
7445,5.4e-05,172.31.40.0-255,66,6286,64,154411
7446,9.7e-05,172.31.40.0-255,66,6352,64,154411
7447,0.00014,172.31.40.0-255,66,6418,64,154411
7448,0.000148,74.125.24.0-255,7156,13574,64,154411
7449,0.00015,172.31.40.0-255,66,13640,64,154411
7450,0.000179,74.125.24.0-255,1125,14765,64,154411
7451,0.000181,172.31.40.0-255,66,14831,64,154411
7452,0.000282,74.125.24.0-255,1484,16315,64,154411
7453,0.000286,172.31.40.0-255,66,16381,64,154411
7454,0.000291,74.125.24.0-255,2902,19283,64,154411
7455,0.000293,172.31.40.0-255,66,19349,64,154411
7456,0.000296,74.125.24.0-255,1484,20833,64,154411
7457,0.0003,172.31.40.0-255,66,20899,64,154411
7458,0.00032,74.125.24.0-255,4320,25219,64,154411
7459,0.000323,172.31.40.0-255,66,25285,64,154411
7460,0.000334,74.125.24.0-255,6797,32082,64,154411
7461,0.000337,172.31.40.0-255,66,32148,64,154411
7462,0.000342,74.125.24.0-255,2902,35050,64,154411
7463,0.000344,172.31.40.0-255,66,35116,64,154411
7464,0.000369,74.125.24.0-255,4320,39436,64,154411
7465,0.000372,172.31.40.0-255,66,39502,64,154411
7466,0.000413,172.31.40.0-255,66,39568,64,154411
7467,0.000416,74.125.24.0-255,393,39961,64,154411
7468,0.000469,74.125.24.0-255,383,40344,64,154411
7469,0.000748,74.125.24.0-255,1484,41828,64,154411
7470,0.000752,172.31.40.0-255,66,41894,64,154411
7471,0.000757,74.125.24.0-255,2902,44796,64,154411
7472,0.000759,172.31.40.0-255,66,44862,64,154411
7473,0.000761,74.125.24.0-255,1484,46346,64,154411
7474,0.000795,74.125.24.0-255,4320,50666,64,154411
7475,0.000797,172.31.40.0-255,66,50732,64,154411
7476,0.0008,74.125.24.0-255,1484,52216,64,154411
7477,0.000811,172.31.40.0-255,66,52282,64,154411
7478,0.000833,74.125.24.0-255,1484,53766,64,154411
7479,0.000845,172.31.40.0-255,66,53832,64,154411
7480,0.00134,74.125.24.0-255,1484,55316,64,154411
7481,0.001347,74.125.24.0-255,2902,58218,64,154411
7482,0.001351,172.31.40.0-255,66,58284,64,154411
7483,0.001356,74.125.24.0-255,4320,62604,64,154411
7484,0.001359,172.31.40.0-255,66,62670,64,154411
7485,0.00138,74.125.24.0-255,1484,64154,64,154411
7486,0.001416,74.125.24.0-255,5738,69892,64,154411
7487,0.001421,172.31.40.0-255,66,69958,64,154411
7488,0.001437,74.125.24.0-255,5738,75696,64,154411
7489,0.001444,172.31.40.0-255,66,75762,64,154411
7490,0.001454,172.31.40.0-255,66,75828,64,154411
7491,0.001479,74.125.24.0-255,3602,79430,64,154411
7492,0.001482,172.31.40.0-255,66,79496,64,154411
7493,0.003734,74.125.24.0-255,5738,85234,64,154411
7494,0.003741,172.31.40.0-255,66,85300,64,154411
7495,0.005999,74.125.24.0-255,5738,91038,64,154411
7496,0.006004,172.31.40.0-255,66,91104,64,154411
7497,0.008269,74.125.24.0-255,5738,96842,64,154411
7498,0.00828,172.31.40.0-255,66,96908,64,154411
7499,0.010556,74.125.24.0-255,5738,102646,64,154411
7500,0.010571,172.31.40.0-255,66,102712,64,154411
7501,0.012848,74.125.24.0-255,5738,108450,64,154411
7502,0.012858,172.31.40.0-255,66,108516,64,154411
7503,0.01513,74.125.24.0-255,5738,114254,64,154411
7504,0.015137,172.31.40.0-255,66,114320,64,154411
7505,0.017429,74.125.24.0-255,5738,120058,64,154411
7506,0.017438,172.31.40.0-255,66,120124,64,154411
7507,0.019698,74.125.24.0-255,5738,125862,64,154411
7508,0.019706,172.31.40.0-255,66,125928,64,154411
7509,0.021978,74.125.24.0-255,5738,131666,64,154411
7510,0.021986,172.31.40.0-255,66,131732,64,154411
7511,0.024253,74.125.24.0-255,5738,137470,64,154411
7512,0.024259,172.31.40.0-255,66,137536,64,154411
7513,0.025118,172.31.40.0-255,167,137703,64,154411
7514,0.025147,172.31.40.0-255,1111,138814,64,154411
7515,0.025205,172.31.40.0-255,1514,140328,64,154411
7516,0.025207,172.31.40.0-255,1514,141842,64,154411
7517,0.02523,172.31.40.0-255,697,142539,64,154411
7518,0.026546,74.125.24.0-255,5738,148277,64,154411
7519,0.026552,172.31.40.0-255,66,148343,64,154411
7520,0.026671,104.244.42.0-255,66,148409,64,154411
7521,0.026677,104.244.42.0-255,66,148475,64,154411
7522,0.026778,104.244.42.0-255,66,148541,64,154411
7523,0.026783,104.244.42.0-255,66,148607,64,154411
7524,0.028836,74.125.24.0-255,5738,154345,64,154411
7525,0.028843,172.31.40.0-255,66,154411,64,154411
7526,0.0,74.125.200.0-255,153,153,64,299981
7527,1.5e-05,172.31.40.0-255,66,219,64,299981
7528,2.3e-05,74.125.200.0-255,1484,1703,64,299981
7529,2.7e-05,172.31.40.0-255,66,1769,64,299981
7530,3e-05,74.125.200.0-255,1484,3253,64,299981
7531,3.3e-05,172.31.40.0-255,66,3319,64,299981
7532,5.8e-05,74.125.200.0-255,1484,4803,64,299981
7533,6.1e-05,172.31.40.0-255,66,4869,64,299981
7534,6.9e-05,74.125.200.0-255,1484,6353,64,299981
7535,7.1e-05,172.31.40.0-255,66,6419,64,299981
7536,7.6e-05,74.125.200.0-255,2902,9321,64,299981
7537,7.9e-05,172.31.40.0-255,66,9387,64,299981
7538,0.00012,74.125.200.0-255,4984,14371,64,299981
7539,0.000124,172.31.40.0-255,66,14437,64,299981
7540,0.000198,74.125.200.0-255,1484,15921,64,299981
7541,0.000201,172.31.40.0-255,66,15987,64,299981
7542,0.000206,74.125.200.0-255,2902,18889,64,299981
7543,0.000209,172.31.40.0-255,66,18955,64,299981
7544,0.000245,74.125.200.0-255,5738,24693,64,299981
7545,0.000248,172.31.40.0-255,66,24759,64,299981
7546,0.000254,74.125.200.0-255,5738,30497,64,299981
7547,0.000257,172.31.40.0-255,66,30563,64,299981
7548,0.000282,74.125.200.0-255,6797,37360,64,299981
7549,0.000288,172.31.40.0-255,66,37426,64,299981
7550,0.000296,74.125.200.0-255,5738,43164,64,299981
7551,0.000298,172.31.40.0-255,66,43230,64,299981
7552,0.000336,74.125.200.0-255,2902,46132,64,299981
7553,0.000339,172.31.40.0-255,66,46198,64,299981
7554,0.000352,172.31.40.0-255,66,46264,64,299981
7555,0.000364,172.31.40.0-255,66,46330,64,299981
7556,0.000394,74.125.200.0-255,361,46691,64,299981
7557,0.000408,74.125.200.0-255,132,46823,64,299981
7558,0.000519,74.125.200.0-255,1484,48307,64,299981
7559,0.000525,172.31.40.0-255,66,48373,64,299981
7560,0.00053,74.125.200.0-255,2902,51275,64,299981
7561,0.000533,172.31.40.0-255,66,51341,64,299981
7562,0.000538,74.125.200.0-255,2902,54243,64,299981
7563,0.00054,172.31.40.0-255,66,54309,64,299981
7564,0.000543,74.125.200.0-255,1484,55793,64,299981
7565,0.00057,74.125.200.0-255,2902,58695,64,299981
7566,0.000573,172.31.40.0-255,66,58761,64,299981
7567,0.000584,172.31.40.0-255,66,58827,64,299981
7568,0.000587,74.125.200.0-255,1484,60311,64,299981
7569,0.000622,74.125.200.0-255,7156,67467,64,299981
7570,0.000625,172.31.40.0-255,66,67533,64,299981
7571,0.000656,74.125.200.0-255,5302,72835,64,299981
7572,0.000659,172.31.40.0-255,66,72901,64,299981
7573,0.000878,74.125.200.0-255,1484,74385,64,299981
7574,0.000884,74.125.200.0-255,2902,77287,64,299981
7575,0.000887,172.31.40.0-255,66,77353,64,299981
7576,0.000891,74.125.200.0-255,1484,78837,64,299981
7577,0.000915,74.125.200.0-255,2902,81739,64,299981
7578,0.000918,172.31.40.0-255,66,81805,64,299981
7579,0.000925,74.125.200.0-255,5738,87543,64,299981
7580,0.000928,172.31.40.0-255,66,87609,64,299981
7581,0.000954,74.125.200.0-255,2902,90511,64,299981
7582,0.000957,172.31.40.0-255,66,90577,64,299981
7583,0.000987,172.31.40.0-255,66,90643,64,299981
7584,0.001014,74.125.200.0-255,6438,97081,64,299981
7585,0.001017,172.31.40.0-255,66,97147,64,299981
7586,0.001241,74.125.200.0-255,1484,98631,64,299981
7587,0.001262,74.125.200.0-255,2902,101533,64,299981
7588,0.001266,172.31.40.0-255,66,101599,64,299981
7589,0.001273,74.125.200.0-255,5738,107337,64,299981
7590,0.001275,172.31.40.0-255,66,107403,64,299981
7591,0.001304,74.125.200.0-255,4320,111723,64,299981
7592,0.001306,172.31.40.0-255,66,111789,64,299981
7593,0.001335,74.125.200.0-255,7156,118945,64,299981
7594,0.001337,172.31.40.0-255,66,119011,64,299981
7595,0.001352,172.31.40.0-255,66,119077,64,299981
7596,0.001394,74.125.200.0-255,1484,120561,64,299981
7597,0.001399,74.125.200.0-255,2902,123463,64,299981
7598,0.001402,172.31.40.0-255,66,123529,64,299981
7599,0.001432,74.125.200.0-255,4320,127849,64,299981
7600,0.001435,172.31.40.0-255,66,127915,64,299981
7601,0.001441,74.125.200.0-255,4320,132235,64,299981
7602,0.001443,172.31.40.0-255,66,132301,64,299981
7603,0.001471,74.125.200.0-255,4320,136621,64,299981
7604,0.001474,172.31.40.0-255,66,136687,64,299981
7605,0.001485,172.31.40.0-255,66,136753,64,299981
7606,0.001548,172.31.40.0-255,66,136819,64,299981
7607,0.001563,74.125.200.0-255,2902,139721,64,299981
7608,0.001571,172.31.40.0-255,66,139787,64,299981
7609,0.001577,74.125.200.0-255,4320,144107,64,299981
7610,0.001579,172.31.40.0-255,66,144173,64,299981
7611,0.001586,74.125.200.0-255,5738,149911,64,299981
7612,0.001589,172.31.40.0-255,66,149977,64,299981
7613,0.001629,74.125.200.0-255,2902,152879,64,299981
7614,0.001632,172.31.40.0-255,66,152945,64,299981
7615,0.001639,74.125.200.0-255,7156,160101,64,299981
7616,0.001642,172.31.40.0-255,66,160167,64,299981
7617,0.001652,172.31.40.0-255,66,160233,64,299981
7618,0.001656,74.125.200.0-255,2184,162417,64,299981
7619,0.001659,172.31.40.0-255,66,162483,64,299981
7620,0.001719,74.125.200.0-255,1484,163967,64,299981
7621,0.001739,74.125.200.0-255,2902,166869,64,299981
7622,0.001743,172.31.40.0-255,66,166935,64,299981
7623,0.001746,74.125.200.0-255,1484,168419,64,299981
7624,0.001773,74.125.200.0-255,2902,171321,64,299981
7625,0.001776,172.31.40.0-255,66,171387,64,299981
7626,0.001808,74.125.200.0-255,5738,177125,64,299981
7627,0.001812,172.31.40.0-255,66,177191,64,299981
7628,0.001818,74.125.200.0-255,1484,178675,64,299981
7629,0.001823,74.125.200.0-255,2902,181577,64,299981
7630,0.001825,172.31.40.0-255,66,181643,64,299981
7631,0.001855,74.125.200.0-255,5738,187381,64,299981
7632,0.001858,172.31.40.0-255,66,187447,64,299981
7633,0.001862,74.125.200.0-255,2902,190349,64,299981
7634,0.001864,172.31.40.0-255,66,190415,64,299981
7635,0.001867,74.125.200.0-255,1484,191899,64,299981
7636,0.001896,74.125.200.0-255,2902,194801,64,299981
7637,0.001898,172.31.40.0-255,66,194867,64,299981
7638,0.001917,74.125.200.0-255,2184,197051,64,299981
7639,0.00192,172.31.40.0-255,66,197117,64,299981
7640,0.002077,74.125.200.0-255,1484,198601,64,299981
7641,0.002082,74.125.200.0-255,1484,200085,64,299981
7642,0.002085,172.31.40.0-255,66,200151,64,299981
7643,0.002112,74.125.200.0-255,1484,201635,64,299981
7644,0.002117,74.125.200.0-255,2902,204537,64,299981
7645,0.00212,172.31.40.0-255,66,204603,64,299981
7646,0.002125,74.125.200.0-255,4320,208923,64,299981
7647,0.002128,172.31.40.0-255,66,208989,64,299981
7648,0.002133,74.125.200.0-255,2902,211891,64,299981
7649,0.002135,172.31.40.0-255,66,211957,64,299981
7650,0.002163,74.125.200.0-255,5738,217695,64,299981
7651,0.002167,172.31.40.0-255,66,217761,64,299981
7652,0.002172,74.125.200.0-255,4320,222081,64,299981
7653,0.002175,172.31.40.0-255,66,222147,64,299981
7654,0.002181,74.125.200.0-255,5738,227885,64,299981
7655,0.002185,172.31.40.0-255,66,227951,64,299981
7656,0.002216,74.125.200.0-255,3602,231553,64,299981
7657,0.002219,172.31.40.0-255,66,231619,64,299981
7658,0.004437,74.125.200.0-255,1484,233103,64,299981
7659,0.004459,74.125.200.0-255,2902,236005,64,299981
7660,0.004463,172.31.40.0-255,66,236071,64,299981
7661,0.004489,74.125.200.0-255,1484,237555,64,299981
7662,0.006735,74.125.200.0-255,4320,241875,64,299981
7663,0.006746,172.31.40.0-255,66,241941,64,299981
7664,0.009071,74.125.200.0-255,5738,247679,64,299981
7665,0.009087,172.31.40.0-255,66,247745,64,299981
7666,0.011371,74.125.200.0-255,5738,253483,64,299981
7667,0.01138,172.31.40.0-255,66,253549,64,299981
7668,0.013645,74.125.200.0-255,5738,259287,64,299981
7669,0.013663,172.31.40.0-255,66,259353,64,299981
7670,0.015955,74.125.200.0-255,5738,265091,64,299981
7671,0.01597,172.31.40.0-255,66,265157,64,299981
7672,0.01825,74.125.200.0-255,5738,270895,64,299981
7673,0.018267,172.31.40.0-255,66,270961,64,299981
7674,0.020532,74.125.200.0-255,5738,276699,64,299981
7675,0.02054,172.31.40.0-255,66,276765,64,299981
7676,0.022812,74.125.200.0-255,5738,282503,64,299981
7677,0.02282,172.31.40.0-255,66,282569,64,299981
7678,0.025092,74.125.200.0-255,5738,288307,64,299981
7679,0.0251,172.31.40.0-255,66,288373,64,299981
7680,0.027359,74.125.200.0-255,5738,294111,64,299981
7681,0.027367,172.31.40.0-255,66,294177,64,299981
7682,0.029643,74.125.200.0-255,5738,299915,64,299981
7683,0.02965,172.31.40.0-255,66,299981,64,299981
7684,0.0,172.217.194.0-255,150,150,64,167437
7685,1.4e-05,172.31.40.0-255,66,216,64,167437
7686,2.1e-05,172.217.194.0-255,1484,1700,64,167437
7687,2.6e-05,172.31.40.0-255,66,1766,64,167437
7688,3.2e-05,172.217.194.0-255,2902,4668,64,167437
7689,3.5e-05,172.31.40.0-255,66,4734,64,167437
7690,6.2e-05,172.217.194.0-255,7156,11890,64,167437
7691,6.5e-05,172.31.40.0-255,66,11956,64,167437
7692,8.1e-05,172.217.194.0-255,4320,16276,64,167437
7693,8.3e-05,172.31.40.0-255,66,16342,64,167437
7694,0.000119,172.31.40.0-255,66,16408,64,167437
7695,0.000123,172.217.194.0-255,2543,18951,64,167437
7696,0.000126,172.31.40.0-255,66,19017,64,167437
7697,0.000153,172.217.194.0-255,1484,20501,64,167437
7698,0.000156,172.31.40.0-255,66,20567,64,167437
7699,0.000159,172.217.194.0-255,1484,22051,64,167437
7700,0.000161,172.31.40.0-255,66,22117,64,167437
7701,0.000179,172.217.194.0-255,1484,23601,64,167437
7702,0.000181,172.31.40.0-255,66,23667,64,167437
7703,0.000188,172.217.194.0-255,5738,29405,64,167437
7704,0.00019,172.31.40.0-255,66,29471,64,167437
7705,0.000221,172.217.194.0-255,5738,35209,64,167437
7706,0.000224,172.31.40.0-255,66,35275,64,167437
7707,0.000227,172.217.194.0-255,1484,36759,64,167437
7708,0.000229,172.31.40.0-255,66,36825,64,167437
7709,0.000249,172.217.194.0-255,5738,42563,64,167437
7710,0.000252,172.31.40.0-255,66,42629,64,167437
7711,0.000257,172.217.194.0-255,4320,46949,64,167437
7712,0.000259,172.31.40.0-255,66,47015,64,167437
7713,0.000293,172.217.194.0-255,2902,49917,64,167437
7714,0.000296,172.31.40.0-255,66,49983,64,167437
7715,0.000318,172.217.194.0-255,3602,53585,64,167437
7716,0.000321,172.31.40.0-255,66,53651,64,167437
7717,0.000324,172.217.194.0-255,410,54061,64,167437
7718,0.000345,172.217.194.0-255,1484,55545,64,167437
7719,0.000347,172.31.40.0-255,66,55611,64,167437
7720,0.00035,172.217.194.0-255,1484,57095,64,167437
7721,0.000369,172.217.194.0-255,2902,59997,64,167437
7722,0.000371,172.31.40.0-255,66,60063,64,167437
7723,0.000374,172.217.194.0-255,1484,61547,64,167437
7724,0.000401,172.31.40.0-255,66,61613,64,167437
7725,0.000404,172.217.194.0-255,1484,63097,64,167437
7726,0.000418,172.217.194.0-255,1484,64581,64,167437
7727,0.000421,172.31.40.0-255,66,64647,64,167437
7728,0.000449,172.217.194.0-255,7156,71803,64,167437
7729,0.000452,172.31.40.0-255,66,71869,64,167437
7730,0.000455,172.217.194.0-255,1484,73353,64,167437
7731,0.00048,172.217.194.0-255,6156,79509,64,167437
7732,0.000483,172.31.40.0-255,66,79575,64,167437
7733,0.000584,172.217.194.0-255,1484,81059,64,167437
7734,0.000589,172.217.194.0-255,2902,83961,64,167437
7735,0.000593,172.31.40.0-255,66,84027,64,167437
7736,0.000599,172.217.194.0-255,4320,88347,64,167437
7737,0.000601,172.31.40.0-255,66,88413,64,167437
7738,0.000613,172.217.194.0-255,1484,89897,64,167437
7739,0.000645,172.31.40.0-255,66,89963,64,167437
7740,0.00068,172.31.40.0-255,66,90029,64,167437
7741,0.000757,172.217.194.0-255,1484,91513,64,167437
7742,0.000763,172.217.194.0-255,2902,94415,64,167437
7743,0.000765,172.31.40.0-255,66,94481,64,167437
7744,0.000769,172.217.194.0-255,1484,95965,64,167437
7745,0.000791,172.217.194.0-255,4320,100285,64,167437
7746,0.000794,172.31.40.0-255,66,100351,64,167437
7747,0.000797,172.217.194.0-255,1484,101835,64,167437
7748,0.000836,172.31.40.0-255,66,101901,64,167437
7749,0.000847,172.31.40.0-255,66,101967,64,167437
7750,0.000902,172.217.194.0-255,2184,104151,64,167437
7751,0.000906,172.31.40.0-255,66,104217,64,167437
7752,0.001093,172.217.194.0-255,1484,105701,64,167437
7753,0.001117,172.217.194.0-255,2902,108603,64,167437
7754,0.00112,172.31.40.0-255,66,108669,64,167437
7755,0.001142,172.217.194.0-255,4320,112989,64,167437
7756,0.001144,172.31.40.0-255,66,113055,64,167437
7757,0.001182,172.31.40.0-255,66,113121,64,167437
7758,0.001187,172.217.194.0-255,4320,117441,64,167437
7759,0.00119,172.31.40.0-255,66,117507,64,167437
7760,0.001223,172.217.194.0-255,1484,118991,64,167437
7761,0.001237,172.217.194.0-255,4320,123311,64,167437
7762,0.00124,172.31.40.0-255,66,123377,64,167437
7763,0.001255,172.217.194.0-255,4320,127697,64,167437
7764,0.001258,172.31.40.0-255,66,127763,64,167437
7765,0.001279,172.217.194.0-255,2184,129947,64,167437
7766,0.001281,172.31.40.0-255,66,130013,64,167437
7767,0.001295,172.31.40.0-255,66,130079,64,167437
7768,0.001305,172.31.40.0-255,66,130145,64,167437
7769,0.001339,172.217.194.0-255,2902,133047,64,167437
7770,0.001342,172.31.40.0-255,66,133113,64,167437
7771,0.001378,172.31.40.0-255,66,133179,64,167437
7772,0.001817,172.217.194.0-255,1484,134663,64,167437
7773,0.001823,172.217.194.0-255,2902,137565,64,167437
7774,0.001829,172.31.40.0-255,66,137631,64,167437
7775,0.001846,172.217.194.0-255,5738,143369,64,167437
7776,0.001848,172.31.40.0-255,66,143435,64,167437
7777,0.001853,172.217.194.0-255,2902,146337,64,167437
7778,0.001855,172.31.40.0-255,66,146403,64,167437
7779,0.001892,172.31.40.0-255,66,146469,64,167437
7780,0.001903,172.31.40.0-255,66,146535,64,167437
7781,0.001918,172.217.194.0-255,766,147301,64,167437
7782,0.001925,172.217.194.0-255,7156,154457,64,167437
7783,0.001928,172.31.40.0-255,66,154523,64,167437
7784,0.001949,172.217.194.0-255,4320,158843,64,167437
7785,0.001952,172.31.40.0-255,66,158909,64,167437
7786,0.001992,172.31.40.0-255,66,158975,64,167437
7787,0.001997,172.217.194.0-255,2902,161877,64,167437
7788,0.001999,172.31.40.0-255,66,161943,64,167437
7789,0.002054,172.217.194.0-255,5020,166963,64,167437
7790,0.002078,172.31.40.0-255,66,167029,64,167437
7791,0.00215,172.31.40.0-255,66,167095,64,167437
7792,0.002217,172.217.194.0-255,105,167200,64,167437
7793,0.002232,172.31.40.0-255,66,167266,64,167437
7794,0.004546,172.31.40.0-255,105,167371,64,167437
7795,0.006824,172.217.194.0-255,66,167437,64,167437
7796,0.0,172.217.27.0-255,160,160,64,166366
7797,1.5e-05,172.31.40.0-255,66,226,64,166366
7798,2.2e-05,172.217.27.0-255,1484,1710,64,166366
7799,2.5e-05,172.31.40.0-255,66,1776,64,166366
7800,2.9e-05,172.217.27.0-255,1484,3260,64,166366
7801,3.2e-05,172.31.40.0-255,66,3326,64,166366
7802,4.8e-05,172.217.27.0-255,1484,4810,64,166366
7803,5e-05,172.31.40.0-255,66,4876,64,166366
7804,5.8e-05,172.217.27.0-255,4320,9196,64,166366
7805,6e-05,172.31.40.0-255,66,9262,64,166366
7806,8e-05,172.217.27.0-255,2902,12164,64,166366
7807,8.3e-05,172.31.40.0-255,66,12230,64,166366
7808,8.6e-05,172.217.27.0-255,1484,13714,64,166366
7809,8.8e-05,172.31.40.0-255,66,13780,64,166366
7810,9.3e-05,172.217.27.0-255,2034,15814,64,166366
7811,9.5e-05,172.31.40.0-255,66,15880,64,166366
7812,0.000102,172.217.27.0-255,5738,21618,64,166366
7813,0.000105,172.31.40.0-255,66,21684,64,166366
7814,0.000127,172.217.27.0-255,1484,23168,64,166366
7815,0.000129,172.31.40.0-255,66,23234,64,166366
7816,0.000158,172.31.40.0-255,66,23300,64,166366
7817,0.000223,172.217.27.0-255,1484,24784,64,166366
7818,0.000225,172.31.40.0-255,66,24850,64,166366
7819,0.000229,172.217.27.0-255,1484,26334,64,166366
7820,0.000231,172.31.40.0-255,66,26400,64,166366
7821,0.000243,172.217.27.0-255,1484,27884,64,166366
7822,0.000245,172.31.40.0-255,66,27950,64,166366
7823,0.000252,172.217.27.0-255,5738,33688,64,166366
7824,0.000255,172.31.40.0-255,66,33754,64,166366
7825,0.000261,172.217.27.0-255,4320,38074,64,166366
7826,0.000263,172.31.40.0-255,66,38140,64,166366
7827,0.000301,172.31.40.0-255,66,38206,64,166366
7828,0.000307,172.217.27.0-255,5738,43944,64,166366
7829,0.00031,172.31.40.0-255,66,44010,64,166366
7830,0.000327,172.217.27.0-255,5315,49325,64,166366
7831,0.00033,172.31.40.0-255,66,49391,64,166366
7832,0.000738,172.217.27.0-255,132,49523,64,166366
7833,0.001004,172.217.27.0-255,1484,51007,64,166366
7834,0.00101,172.31.40.0-255,66,51073,64,166366
7835,0.001016,172.217.27.0-255,2902,53975,64,166366
7836,0.001018,172.31.40.0-255,66,54041,64,166366
7837,0.001024,172.217.27.0-255,5738,59779,64,166366
7838,0.001027,172.31.40.0-255,66,59845,64,166366
7839,0.001041,172.31.40.0-255,66,59911,64,166366
7840,0.001069,172.217.27.0-255,2902,62813,64,166366
7841,0.001071,172.31.40.0-255,66,62879,64,166366
7842,0.001096,172.31.40.0-255,66,62945,64,166366
7843,0.002722,172.217.27.0-255,5738,68683,64,166366
7844,0.002729,172.31.40.0-255,66,68749,64,166366
7845,0.004344,172.217.27.0-255,2902,71651,64,166366
7846,0.004349,172.31.40.0-255,66,71717,64,166366
7847,0.004368,172.217.27.0-255,2902,74619,64,166366
7848,0.00437,172.31.40.0-255,66,74685,64,166366
7849,0.005973,172.217.27.0-255,2902,77587,64,166366
7850,0.005978,172.31.40.0-255,66,77653,64,166366
7851,0.005997,172.217.27.0-255,2902,80555,64,166366
7852,0.005999,172.31.40.0-255,66,80621,64,166366
7853,0.00759,172.217.27.0-255,2902,83523,64,166366
7854,0.007594,172.31.40.0-255,66,83589,64,166366
7855,0.007614,172.217.27.0-255,2902,86491,64,166366
7856,0.007616,172.31.40.0-255,66,86557,64,166366
7857,0.009205,172.217.27.0-255,2902,89459,64,166366
7858,0.009212,172.31.40.0-255,66,89525,64,166366
7859,0.009233,172.217.27.0-255,2902,92427,64,166366
7860,0.009236,172.31.40.0-255,66,92493,64,166366
7861,0.010836,172.217.27.0-255,5738,98231,64,166366
7862,0.010842,172.31.40.0-255,66,98297,64,166366
7863,0.01246,172.217.27.0-255,5738,104035,64,166366
7864,0.012469,172.31.40.0-255,66,104101,64,166366
7865,0.014083,172.217.27.0-255,5738,109839,64,166366
7866,0.01409,172.31.40.0-255,66,109905,64,166366
7867,0.015711,172.217.27.0-255,5738,115643,64,166366
7868,0.015719,172.31.40.0-255,66,115709,64,166366
7869,0.017332,172.217.27.0-255,5738,121447,64,166366
7870,0.017339,172.31.40.0-255,66,121513,64,166366
7871,0.018963,172.217.27.0-255,5738,127251,64,166366
7872,0.018971,172.31.40.0-255,66,127317,64,166366
7873,0.02059,172.217.27.0-255,5738,133055,64,166366
7874,0.020597,172.31.40.0-255,66,133121,64,166366
7875,0.022211,172.217.27.0-255,2902,136023,64,166366
7876,0.022218,172.31.40.0-255,66,136089,64,166366
7877,0.022238,172.217.27.0-255,2902,138991,64,166366
7878,0.022241,172.31.40.0-255,66,139057,64,166366
7879,0.023897,172.217.27.0-255,5738,144795,64,166366
7880,0.023904,172.31.40.0-255,66,144861,64,166366
7881,0.025521,172.217.27.0-255,5738,150599,64,166366
7882,0.025527,172.31.40.0-255,66,150665,64,166366
7883,0.027218,172.217.27.0-255,5738,156403,64,166366
7884,0.027226,172.31.40.0-255,66,156469,64,166366
7885,0.028478,172.31.40.0-255,171,156640,64,166366
7886,0.028505,172.31.40.0-255,1135,157775,64,166366
7887,0.028555,172.31.40.0-255,1514,159289,64,166366
7888,0.028556,172.31.40.0-255,1273,160562,64,166366
7889,0.028837,172.217.27.0-255,5738,166300,64,166366
7890,0.028844,172.31.40.0-255,66,166366,64,166366
7891,0.0,172.31.40.0-255,233,233,64,299
7892,0.007379,74.125.24.0-255,66,299,64,299
7893,0.0,74.125.24.0-255,306,306,64,267148
7894,1.6e-05,172.31.40.0-255,66,372,64,267148
7895,2.2e-05,74.125.24.0-255,1484,1856,64,267148
7896,2.6e-05,172.31.40.0-255,66,1922,64,267148
7897,3.2e-05,74.125.24.0-255,2902,4824,64,267148
7898,3.5e-05,172.31.40.0-255,66,4890,64,267148
7899,5.9e-05,74.125.24.0-255,1484,6374,64,267148
7900,6.1e-05,172.31.40.0-255,66,6440,64,267148
7901,7.5e-05,172.31.40.0-255,66,6506,64,267148
7902,9.9e-05,172.31.40.0-255,66,6572,64,267148
7903,0.000124,74.125.24.0-255,5379,11951,64,267148
7904,0.000127,172.31.40.0-255,66,12017,64,267148
7905,0.000231,74.125.24.0-255,1484,13501,64,267148
7906,0.000235,172.31.40.0-255,66,13567,64,267148
7907,0.000241,74.125.24.0-255,2902,16469,64,267148
7908,0.000243,172.31.40.0-255,66,16535,64,267148
7909,0.000247,74.125.24.0-255,2902,19437,64,267148
7910,0.00025,172.31.40.0-255,66,19503,64,267148
7911,0.00027,74.125.24.0-255,2902,22405,64,267148
7912,0.000272,172.31.40.0-255,66,22471,64,267148
7913,0.000275,74.125.24.0-255,1484,23955,64,267148
7914,0.000278,172.31.40.0-255,66,24021,64,267148
7915,0.0003,74.125.24.0-255,5379,29400,64,267148
7916,0.000304,172.31.40.0-255,66,29466,64,267148
7917,0.000623,74.125.24.0-255,1484,30950,64,267148
7918,0.00063,172.31.40.0-255,66,31016,64,267148
7919,0.000636,74.125.24.0-255,2902,33918,64,267148
7920,0.000639,172.31.40.0-255,66,33984,64,267148
7921,0.000646,74.125.24.0-255,5738,39722,64,267148
7922,0.000649,172.31.40.0-255,66,39788,64,267148
7923,0.000702,172.31.40.0-255,66,39854,64,267148
7924,0.000713,172.31.40.0-255,66,39920,64,267148
7925,0.000737,74.125.24.0-255,1484,41404,64,267148
7926,0.000766,74.125.24.0-255,5379,46783,64,267148
7927,0.00077,172.31.40.0-255,66,46849,64,267148
7928,0.000777,74.125.24.0-255,7156,54005,64,267148
7929,0.00078,172.31.40.0-255,66,54071,64,267148
7930,0.000784,74.125.24.0-255,2902,56973,64,267148
7931,0.000786,172.31.40.0-255,66,57039,64,267148
7932,0.000832,172.31.40.0-255,66,57105,64,267148
7933,0.000838,74.125.24.0-255,4906,62011,64,267148
7934,0.00084,172.31.40.0-255,66,62077,64,267148
7935,0.000885,74.125.24.0-255,1484,63561,64,267148
7936,0.000891,74.125.24.0-255,2902,66463,64,267148
7937,0.000893,172.31.40.0-255,66,66529,64,267148
7938,0.0009,74.125.24.0-255,5738,72267,64,267148
7939,0.000902,172.31.40.0-255,66,72333,64,267148
7940,0.000916,172.31.40.0-255,66,72399,64,267148
7941,0.000922,74.125.24.0-255,5738,78137,64,267148
7942,0.000925,172.31.40.0-255,66,78203,64,267148
7943,0.000957,74.125.24.0-255,5165,83368,64,267148
7944,0.00096,172.31.40.0-255,66,83434,64,267148
7945,0.001259,74.125.24.0-255,1484,84918,64,267148
7946,0.001265,74.125.24.0-255,1484,86402,64,267148
7947,0.001269,172.31.40.0-255,66,86468,64,267148
7948,0.001289,74.125.24.0-255,1484,87952,64,267148
7949,0.001296,74.125.24.0-255,5738,93690,64,267148
7950,0.001298,172.31.40.0-255,66,93756,64,267148
7951,0.001304,74.125.24.0-255,5738,99494,64,267148
7952,0.001306,172.31.40.0-255,66,99560,64,267148
7953,0.001335,74.125.24.0-255,5738,105298,64,267148
7954,0.001337,172.31.40.0-255,66,105364,64,267148
7955,0.001355,74.125.24.0-255,7156,112520,64,267148
7956,0.001358,172.31.40.0-255,66,112586,64,267148
7957,0.001363,74.125.24.0-255,5020,117606,64,267148
7958,0.001364,172.31.40.0-255,66,117672,64,267148
7959,0.001486,74.125.24.0-255,1484,119156,64,267148
7960,0.001505,74.125.24.0-255,2902,122058,64,267148
7961,0.001507,172.31.40.0-255,66,122124,64,267148
7962,0.001514,74.125.24.0-255,5738,127862,64,267148
7963,0.001516,172.31.40.0-255,66,127928,64,267148
7964,0.001559,74.125.24.0-255,4320,132248,64,267148
7965,0.001562,172.31.40.0-255,66,132314,64,267148
7966,0.001582,172.31.40.0-255,66,132380,64,267148
7967,0.001618,74.125.24.0-255,4320,136700,64,267148
7968,0.00162,172.31.40.0-255,66,136766,64,267148
7969,0.001641,74.125.24.0-255,6438,143204,64,267148
7970,0.001644,172.31.40.0-255,66,143270,64,267148
7971,0.001689,74.125.24.0-255,1484,144754,64,267148
7972,0.001693,74.125.24.0-255,1484,146238,64,267148
7973,0.001695,172.31.40.0-255,66,146304,64,267148
7974,0.001712,74.125.24.0-255,1484,147788,64,267148
7975,0.001716,74.125.24.0-255,2902,150690,64,267148
7976,0.001718,172.31.40.0-255,66,150756,64,267148
7977,0.001724,74.125.24.0-255,5738,156494,64,267148
7978,0.001728,172.31.40.0-255,66,156560,64,267148
7979,0.001747,74.125.24.0-255,1484,158044,64,267148
7980,0.001754,74.125.24.0-255,7156,165200,64,267148
7981,0.001786,74.125.24.0-255,3602,168802,64,267148
7982,0.00179,172.31.40.0-255,66,168868,64,267148
7983,0.001795,172.31.40.0-255,66,168934,64,267148
7984,0.001817,74.125.24.0-255,1484,170418,64,267148
7985,0.001821,74.125.24.0-255,2902,173320,64,267148
7986,0.001824,74.125.24.0-255,1484,174804,64,267148
7987,0.001835,172.31.40.0-255,66,174870,64,267148
7988,0.001841,74.125.24.0-255,4320,179190,64,267148
7989,0.00185,172.31.40.0-255,66,179256,64,267148
7990,0.001853,74.125.24.0-255,1484,180740,64,267148
7991,0.00187,74.125.24.0-255,5738,186478,64,267148
7992,0.001877,172.31.40.0-255,66,186544,64,267148
7993,0.00189,74.125.24.0-255,5738,192282,64,267148
7994,0.001895,74.125.24.0-255,4320,196602,64,267148
7995,0.001907,74.125.24.0-255,2902,199504,64,267148
7996,0.001917,172.31.40.0-255,66,199570,64,267148
7997,0.001932,74.125.24.0-255,3602,203172,64,267148
7998,0.001939,172.31.40.0-255,66,203238,64,267148
7999,0.004301,74.125.24.0-255,1484,204722,64,267148
8000,0.004376,74.125.24.0-255,4320,209042,64,267148
8001,0.004381,172.31.40.0-255,66,209108,64,267148
8002,0.006873,74.125.24.0-255,5738,214846,64,267148
8003,0.006881,172.31.40.0-255,66,214912,64,267148
8004,0.009346,74.125.24.0-255,5738,220650,64,267148
8005,0.009356,172.31.40.0-255,66,220716,64,267148
8006,0.011772,74.125.24.0-255,5738,226454,64,267148
8007,0.011785,172.31.40.0-255,66,226520,64,267148
8008,0.014238,74.125.24.0-255,5738,232258,64,267148
8009,0.014245,172.31.40.0-255,66,232324,64,267148
8010,0.016749,74.125.24.0-255,5738,238062,64,267148
8011,0.016767,172.31.40.0-255,66,238128,64,267148
8012,0.019189,74.125.24.0-255,5738,243866,64,267148
8013,0.019197,172.31.40.0-255,66,243932,64,267148
8014,0.0216,74.125.24.0-255,5738,249670,64,267148
8015,0.021609,172.31.40.0-255,66,249736,64,267148
8016,0.024052,74.125.24.0-255,5738,255474,64,267148
8017,0.024059,172.31.40.0-255,66,255540,64,267148
8018,0.02649,74.125.24.0-255,5738,261278,64,267148
8019,0.0265,172.31.40.0-255,66,261344,64,267148
8020,0.028964,74.125.24.0-255,5738,267082,64,267148
8021,0.028973,172.31.40.0-255,66,267148,64,267148
8022,0.0,74.125.68.0-255,153,153,64,241267
8023,2.1e-05,172.31.40.0-255,66,219,64,241267
8024,2.8e-05,74.125.68.0-255,1484,1703,64,241267
8025,3.3e-05,172.31.40.0-255,66,1769,64,241267
8026,3.6e-05,74.125.68.0-255,1484,3253,64,241267
8027,3.9e-05,172.31.40.0-255,66,3319,64,241267
8028,4.5e-05,74.125.68.0-255,2902,6221,64,241267
8029,4.8e-05,172.31.40.0-255,66,6287,64,241267
8030,7.8e-05,74.125.68.0-255,5738,12025,64,241267
8031,8.2e-05,172.31.40.0-255,66,12091,64,241267
8032,8.7e-05,74.125.68.0-255,2099,14190,64,241267
8033,8.9e-05,172.31.40.0-255,66,14256,64,241267
8034,0.000165,74.125.68.0-255,1484,15740,64,241267
8035,0.000168,172.31.40.0-255,66,15806,64,241267
8036,0.000173,74.125.68.0-255,2902,18708,64,241267
8037,0.000175,172.31.40.0-255,66,18774,64,241267
8038,0.00019,74.125.68.0-255,1484,20258,64,241267
8039,0.000192,172.31.40.0-255,66,20324,64,241267
8040,0.000213,74.125.68.0-255,2902,23226,64,241267
8041,0.000216,172.31.40.0-255,66,23292,64,241267
8042,0.000253,74.125.68.0-255,7156,30448,64,241267
8043,0.000256,172.31.40.0-255,66,30514,64,241267
8044,0.000276,74.125.68.0-255,1125,31639,64,241267
8045,0.000278,172.31.40.0-255,66,31705,64,241267
8046,0.00029,172.31.40.0-255,66,31771,64,241267
8047,0.000296,74.125.68.0-255,5738,37509,64,241267
8048,0.000298,172.31.40.0-255,66,37575,64,241267
8049,0.000345,74.125.68.0-255,2543,40118,64,241267
8050,0.000348,172.31.40.0-255,66,40184,64,241267
8051,0.000363,74.125.68.0-255,1484,41668,64,241267
8052,0.000365,172.31.40.0-255,66,41734,64,241267
8053,0.000377,74.125.68.0-255,1484,43218,64,241267
8054,0.000402,74.125.68.0-255,4320,47538,64,241267
8055,0.000405,172.31.40.0-255,66,47604,64,241267
8056,0.000412,74.125.68.0-255,5738,53342,64,241267
8057,0.000414,172.31.40.0-255,66,53408,64,241267
8058,0.00044,74.125.68.0-255,3961,57369,64,241267
8059,0.000443,172.31.40.0-255,66,57435,64,241267
8060,0.00048,74.125.68.0-255,678,58113,64,241267
8061,0.000562,74.125.68.0-255,1484,59597,64,241267
8062,0.000566,172.31.40.0-255,66,59663,64,241267
8063,0.00057,74.125.68.0-255,1484,61147,64,241267
8064,0.000582,74.125.68.0-255,1484,62631,64,241267
8065,0.000585,172.31.40.0-255,66,62697,64,241267
8066,0.000588,74.125.68.0-255,1484,64181,64,241267
8067,0.000593,74.125.68.0-255,2902,67083,64,241267
8068,0.000596,172.31.40.0-255,66,67149,64,241267
8069,0.000625,74.125.68.0-255,5738,72887,64,241267
8070,0.000628,172.31.40.0-255,66,72953,64,241267
8071,0.000631,74.125.68.0-255,1484,74437,64,241267
8072,0.000652,74.125.68.0-255,3961,78398,64,241267
8073,0.000655,172.31.40.0-255,66,78464,64,241267
8074,0.000659,74.125.68.0-255,4320,82784,64,241267
8075,0.000661,172.31.40.0-255,66,82850,64,241267
8076,0.000672,74.125.68.0-255,1484,84334,64,241267
8077,0.000686,74.125.68.0-255,1484,85818,64,241267
8078,0.000688,172.31.40.0-255,66,85884,64,241267
8079,0.000713,74.125.68.0-255,6797,92681,64,241267
8080,0.000716,172.31.40.0-255,66,92747,64,241267
8081,0.001044,74.125.68.0-255,1484,94231,64,241267
8082,0.001048,74.125.68.0-255,1484,95715,64,241267
8083,0.001054,172.31.40.0-255,66,95781,64,241267
8084,0.001063,74.125.68.0-255,1484,97265,64,241267
8085,0.001066,74.125.68.0-255,1484,98749,64,241267
8086,0.001068,172.31.40.0-255,66,98815,64,241267
8087,0.001089,74.125.68.0-255,4320,103135,64,241267
8088,0.001092,172.31.40.0-255,66,103201,64,241267
8089,0.001106,74.125.68.0-255,2902,106103,64,241267
8090,0.001109,172.31.40.0-255,66,106169,64,241267
8091,0.001142,74.125.68.0-255,5738,111907,64,241267
8092,0.001155,74.125.68.0-255,5020,116927,64,241267
8093,0.001159,172.31.40.0-255,66,116993,64,241267
8094,0.001167,172.31.40.0-255,66,117059,64,241267
8095,0.001171,172.31.40.0-255,66,117125,64,241267
8096,0.001368,74.125.68.0-255,1484,118609,64,241267
8097,0.001375,74.125.68.0-255,2902,121511,64,241267
8098,0.001379,172.31.40.0-255,66,121577,64,241267
8099,0.001405,74.125.68.0-255,5738,127315,64,241267
8100,0.001408,172.31.40.0-255,66,127381,64,241267
8101,0.001413,74.125.68.0-255,2902,130283,64,241267
8102,0.001415,172.31.40.0-255,66,130349,64,241267
8103,0.00142,74.125.68.0-255,4320,134669,64,241267
8104,0.001422,172.31.40.0-255,66,134735,64,241267
8105,0.00146,74.125.68.0-255,4320,139055,64,241267
8106,0.001498,172.31.40.0-255,66,139121,64,241267
8107,0.001506,172.31.40.0-255,66,139187,64,241267
8108,0.001511,74.125.68.0-255,3602,142789,64,241267
8109,0.001513,172.31.40.0-255,66,142855,64,241267
8110,0.001841,74.125.68.0-255,1484,144339,64,241267
8111,0.001848,74.125.68.0-255,2902,147241,64,241267
8112,0.001851,172.31.40.0-255,66,147307,64,241267
8113,0.001873,74.125.68.0-255,5738,153045,64,241267
8114,0.001876,172.31.40.0-255,66,153111,64,241267
8115,0.001898,74.125.68.0-255,2902,156013,64,241267
8116,0.001902,172.31.40.0-255,66,156079,64,241267
8117,0.001907,74.125.68.0-255,4320,160399,64,241267
8118,0.001909,172.31.40.0-255,66,160465,64,241267
8119,0.001931,74.125.68.0-255,7156,167621,64,241267
8120,0.001934,172.31.40.0-255,66,167687,64,241267
8121,0.001957,74.125.68.0-255,1484,169171,64,241267
8122,0.001963,74.125.68.0-255,4320,173491,64,241267
8123,0.001965,172.31.40.0-255,66,173557,64,241267
8124,0.001987,74.125.68.0-255,3602,177159,64,241267
8125,0.001989,172.31.40.0-255,66,177225,64,241267
8126,0.004486,74.125.68.0-255,1484,178709,64,241267
8127,0.004508,74.125.68.0-255,4320,183029,64,241267
8128,0.004513,172.31.40.0-255,66,183095,64,241267
8129,0.00702,74.125.68.0-255,2902,185997,64,241267
8130,0.007023,172.31.40.0-255,66,186063,64,241267
8131,0.007037,74.125.68.0-255,2902,188965,64,241267
8132,0.00704,172.31.40.0-255,66,189031,64,241267
8133,0.009543,74.125.68.0-255,5738,194769,64,241267
8134,0.009551,172.31.40.0-255,66,194835,64,241267
8135,0.012068,74.125.68.0-255,5738,200573,64,241267
8136,0.012078,172.31.40.0-255,66,200639,64,241267
8137,0.014606,74.125.68.0-255,5738,206377,64,241267
8138,0.014618,172.31.40.0-255,66,206443,64,241267
8139,0.017135,74.125.68.0-255,5738,212181,64,241267
8140,0.017145,172.31.40.0-255,66,212247,64,241267
8141,0.019666,74.125.68.0-255,5738,217985,64,241267
8142,0.019675,172.31.40.0-255,66,218051,64,241267
8143,0.022189,74.125.68.0-255,5738,223789,64,241267
8144,0.022197,172.31.40.0-255,66,223855,64,241267
8145,0.024711,74.125.68.0-255,5738,229593,64,241267
8146,0.024719,172.31.40.0-255,66,229659,64,241267
8147,0.027252,74.125.68.0-255,5738,235397,64,241267
8148,0.027271,172.31.40.0-255,66,235463,64,241267
8149,0.029828,74.125.68.0-255,5738,241201,64,241267
8150,0.02984,172.31.40.0-255,66,241267,64,241267
8151,0.0,172.217.194.0-255,153,153,64,208130
8152,2.3e-05,172.31.40.0-255,66,219,64,208130
8153,3e-05,172.217.194.0-255,1484,1703,64,208130
8154,3.5e-05,172.31.40.0-255,66,1769,64,208130
8155,4.6e-05,172.217.194.0-255,2902,4671,64,208130
8156,5e-05,172.31.40.0-255,66,4737,64,208130
8157,5.5e-05,172.217.194.0-255,4320,9057,64,208130
8158,5.8e-05,172.31.40.0-255,66,9123,64,208130
8159,6.4e-05,172.217.194.0-255,5738,14861,64,208130
8160,6.7e-05,172.31.40.0-255,66,14927,64,208130
8161,0.000105,172.217.194.0-255,3579,18506,64,208130
8162,0.000108,172.31.40.0-255,66,18572,64,208130
8163,0.000119,172.31.40.0-255,66,18638,64,208130
8164,0.000136,172.31.40.0-255,66,18704,64,208130
8165,0.000167,172.217.194.0-255,1484,20188,64,208130
8166,0.000169,172.31.40.0-255,66,20254,64,208130
8167,0.00018,172.31.40.0-255,66,20320,64,208130
8168,0.000185,172.217.194.0-255,2902,23222,64,208130
8169,0.000187,172.31.40.0-255,66,23288,64,208130
8170,0.000205,172.217.194.0-255,7052,30340,64,208130
8171,0.000208,172.31.40.0-255,66,30406,64,208130
8172,0.000264,172.217.194.0-255,119,30525,64,208130
8173,0.000267,172.31.40.0-255,66,30591,64,208130
8174,0.000371,172.217.194.0-255,1484,32075,64,208130
8175,0.000375,172.31.40.0-255,66,32141,64,208130
8176,0.000379,172.217.194.0-255,1484,33625,64,208130
8177,0.000382,172.31.40.0-255,66,33691,64,208130
8178,0.000404,172.217.194.0-255,1484,35175,64,208130
8179,0.000407,172.31.40.0-255,66,35241,64,208130
8180,0.000413,172.217.194.0-255,5738,40979,64,208130
8181,0.000416,172.31.40.0-255,66,41045,64,208130
8182,0.000424,172.217.194.0-255,1484,42529,64,208130
8183,0.000496,172.31.40.0-255,66,42595,64,208130
8184,0.000513,172.31.40.0-255,66,42661,64,208130
8185,0.000515,172.217.194.0-255,766,43427,64,208130
8186,0.000805,172.217.194.0-255,1484,44911,64,208130
8187,0.000811,172.31.40.0-255,66,44977,64,208130
8188,0.000817,172.217.194.0-255,2902,47879,64,208130
8189,0.00082,172.31.40.0-255,66,47945,64,208130
8190,0.000831,172.217.194.0-255,5738,53683,64,208130
8191,0.000833,172.31.40.0-255,66,53749,64,208130
8192,0.000878,172.31.40.0-255,66,53815,64,208130
8193,0.000894,172.217.194.0-255,2902,56717,64,208130
8194,0.000896,172.31.40.0-255,66,56783,64,208130
8195,0.00093,172.31.40.0-255,66,56849,64,208130
8196,0.001081,172.217.194.0-255,1484,58333,64,208130
8197,0.001087,172.217.194.0-255,2902,61235,64,208130
8198,0.001089,172.31.40.0-255,66,61301,64,208130
8199,0.001119,172.217.194.0-255,5738,67039,64,208130
8200,0.001136,172.31.40.0-255,66,67105,64,208130
8201,0.001148,172.31.40.0-255,66,67171,64,208130
8202,0.001176,172.217.194.0-255,4320,71491,64,208130
8203,0.001179,172.31.40.0-255,66,71557,64,208130
8204,0.001192,172.31.40.0-255,66,71623,64,208130
8205,0.001683,172.217.194.0-255,1484,73107,64,208130
8206,0.001689,172.217.194.0-255,2902,76009,64,208130
8207,0.001692,172.31.40.0-255,66,76075,64,208130
8208,0.001697,172.217.194.0-255,2902,78977,64,208130
8209,0.001699,172.31.40.0-255,66,79043,64,208130
8210,0.001735,172.217.194.0-255,2902,81945,64,208130
8211,0.001738,172.31.40.0-255,66,82011,64,208130
8212,0.001742,172.217.194.0-255,1484,83495,64,208130
8213,0.001758,172.31.40.0-255,66,83561,64,208130
8214,0.001764,172.217.194.0-255,5738,89299,64,208130
8215,0.001766,172.31.40.0-255,66,89365,64,208130
8216,0.001813,172.217.194.0-255,3602,92967,64,208130
8217,0.001816,172.31.40.0-255,66,93033,64,208130
8218,0.001827,172.31.40.0-255,66,93099,64,208130
8219,0.001842,172.31.40.0-255,66,93165,64,208130
8220,0.001849,172.217.194.0-255,7156,100321,64,208130
8221,0.001851,172.31.40.0-255,66,100387,64,208130
8222,0.001877,172.217.194.0-255,4320,104707,64,208130
8223,0.001883,172.31.40.0-255,66,104773,64,208130
8224,0.001887,172.217.194.0-255,2184,106957,64,208130
8225,0.001889,172.31.40.0-255,66,107023,64,208130
8226,0.002217,172.217.194.0-255,1484,108507,64,208130
8227,0.002222,172.217.194.0-255,1484,109991,64,208130
8228,0.002225,172.31.40.0-255,66,110057,64,208130
8229,0.002256,172.217.194.0-255,1484,111541,64,208130
8230,0.002263,172.217.194.0-255,5738,117279,64,208130
8231,0.002266,172.31.40.0-255,66,117345,64,208130
8232,0.002288,172.217.194.0-255,5738,123083,64,208130
8233,0.002323,172.217.194.0-255,1484,124567,64,208130
8234,0.002334,172.31.40.0-255,66,124633,64,208130
8235,0.002363,172.217.194.0-255,5738,130371,64,208130
8236,0.002368,172.217.194.0-255,5738,136109,64,208130
8237,0.002373,172.217.194.0-255,5020,141129,64,208130
8238,0.002399,172.217.194.0-255,5738,146867,64,208130
8239,0.00241,172.217.194.0-255,1484,148351,64,208130
8240,0.002424,172.217.194.0-255,4320,152671,64,208130
8241,0.002447,172.217.194.0-255,1484,154155,64,208130
8242,0.002469,172.217.194.0-255,2902,157057,64,208130
8243,0.002527,172.217.194.0-255,5738,162795,64,208130
8244,0.002553,172.217.194.0-255,1484,164279,64,208130
8245,0.002564,172.217.194.0-255,1484,165763,64,208130
8246,0.002604,172.217.194.0-255,1484,167247,64,208130
8247,0.002619,172.217.194.0-255,2902,170149,64,208130
8248,0.002622,172.217.194.0-255,1484,171633,64,208130
8249,0.002624,172.217.194.0-255,1484,173117,64,208130
8250,0.002627,172.217.194.0-255,2184,175301,64,208130
8251,0.002629,172.217.194.0-255,1484,176785,64,208130
8252,0.002653,172.217.194.0-255,2902,179687,64,208130
8253,0.002671,172.217.194.0-255,7156,186843,64,208130
8254,0.0027,172.217.194.0-255,4320,191163,64,208130
8255,0.002702,172.217.194.0-255,1484,192647,64,208130
8256,0.002704,172.217.194.0-255,1484,194131,64,208130
8257,0.002709,172.217.194.0-255,5020,199151,64,208130
8258,0.002711,172.217.194.0-255,1484,200635,64,208130
8259,0.002727,172.217.194.0-255,5285,205920,64,208130
8260,0.002761,172.217.194.0-255,105,206025,64,208130
8261,0.012753,172.217.194.0-255,105,206130,64,208130
8262,0.013265,172.31.40.0-255,66,206196,64,208130
8263,0.013271,172.31.40.0-255,66,206262,64,208130
8264,0.013275,172.31.40.0-255,66,206328,64,208130
8265,0.013278,172.31.40.0-255,66,206394,64,208130
8266,0.013293,172.31.40.0-255,66,206460,64,208130
8267,0.013299,172.31.40.0-255,66,206526,64,208130
8268,0.013302,172.31.40.0-255,66,206592,64,208130
8269,0.013306,172.31.40.0-255,66,206658,64,208130
8270,0.013309,172.31.40.0-255,66,206724,64,208130
8271,0.013312,172.31.40.0-255,66,206790,64,208130
8272,0.013315,172.31.40.0-255,66,206856,64,208130
8273,0.013319,172.31.40.0-255,66,206922,64,208130
8274,0.013322,172.31.40.0-255,66,206988,64,208130
8275,0.013325,172.31.40.0-255,66,207054,64,208130
8276,0.013329,172.31.40.0-255,66,207120,64,208130
8277,0.013333,172.31.40.0-255,66,207186,64,208130
8278,0.013337,172.31.40.0-255,66,207252,64,208130
8279,0.01334,172.31.40.0-255,66,207318,64,208130
8280,0.013343,172.31.40.0-255,66,207384,64,208130
8281,0.013345,172.31.40.0-255,66,207450,64,208130
8282,0.013349,172.31.40.0-255,66,207516,64,208130
8283,0.013353,172.31.40.0-255,66,207582,64,208130
8284,0.013356,172.31.40.0-255,66,207648,64,208130
8285,0.013359,172.31.40.0-255,66,207714,64,208130
8286,0.013363,172.31.40.0-255,78,207792,64,208130
8287,0.014745,172.31.40.0-255,101,207893,64,208130
8288,0.015676,172.31.40.0-255,105,207998,64,208130
8289,0.017258,172.217.194.0-255,66,208064,64,208130
8290,0.018171,172.217.194.0-255,66,208130,64,208130
8291,0.0,74.125.24.0-255,152,152,64,174553
8292,1.3e-05,172.31.40.0-255,66,218,64,174553
8293,1.9e-05,74.125.24.0-255,1484,1702,64,174553
8294,2.3e-05,172.31.40.0-255,66,1768,64,174553
8295,2.8e-05,74.125.24.0-255,2902,4670,64,174553
8296,3.1e-05,172.31.40.0-255,66,4736,64,174553
8297,8.2e-05,74.125.24.0-255,4320,9056,64,174553
8298,8.6e-05,172.31.40.0-255,66,9122,64,174553
8299,0.000123,74.125.24.0-255,2902,12024,64,174553
8300,0.000126,172.31.40.0-255,66,12090,64,174553
8301,0.000129,74.125.24.0-255,1976,14066,64,174553
8302,0.000131,172.31.40.0-255,66,14132,64,174553
8303,0.000143,172.31.40.0-255,66,14198,64,174553
8304,0.000156,172.31.40.0-255,66,14264,64,174553
8305,0.000165,172.31.40.0-255,66,14330,64,174553
8306,0.000185,74.125.24.0-255,5020,19350,64,174553
8307,0.000187,172.31.40.0-255,66,19416,64,174553
8308,0.000219,172.31.40.0-255,66,19482,64,174553
8309,0.000244,74.125.24.0-255,298,19780,64,174553
8310,0.000246,172.31.40.0-255,66,19846,64,174553
8311,0.000271,74.125.24.0-255,1484,21330,64,174553
8312,0.000273,172.31.40.0-255,66,21396,64,174553
8313,0.000277,74.125.24.0-255,2902,24298,64,174553
8314,0.000279,172.31.40.0-255,66,24364,64,174553
8315,0.000312,74.125.24.0-255,5738,30102,64,174553
8316,0.000314,172.31.40.0-255,66,30168,64,174553
8317,0.000324,172.31.40.0-255,66,30234,64,174553
8318,0.000348,74.125.24.0-255,1484,31718,64,174553
8319,0.000352,74.125.24.0-255,1484,33202,64,174553
8320,0.000354,172.31.40.0-255,66,33268,64,174553
8321,0.000395,172.31.40.0-255,66,33334,64,174553
8322,0.000441,74.125.24.0-255,1484,34818,64,174553
8323,0.000444,74.125.24.0-255,1484,36302,64,174553
8324,0.000446,172.31.40.0-255,66,36368,64,174553
8325,0.000469,74.125.24.0-255,1484,37852,64,174553
8326,0.000474,74.125.24.0-255,5738,43590,64,174553
8327,0.000477,172.31.40.0-255,66,43656,64,174553
8328,0.000507,172.31.40.0-255,66,43722,64,174553
8329,0.000527,74.125.24.0-255,1484,45206,64,174553
8330,0.000531,74.125.24.0-255,2902,48108,64,174553
8331,0.000533,172.31.40.0-255,66,48174,64,174553
8332,0.000544,74.125.24.0-255,1484,49658,64,174553
8333,0.000552,74.125.24.0-255,5738,55396,64,174553
8334,0.000554,172.31.40.0-255,66,55462,64,174553
8335,0.000557,74.125.24.0-255,766,56228,64,174553
8336,0.000584,74.125.24.0-255,1484,57712,64,174553
8337,0.000586,172.31.40.0-255,66,57778,64,174553
8338,0.000589,74.125.24.0-255,1484,59262,64,174553
8339,0.000607,74.125.24.0-255,2902,62164,64,174553
8340,0.00061,172.31.40.0-255,66,62230,64,174553
8341,0.000615,74.125.24.0-255,5738,67968,64,174553
8342,0.000617,172.31.40.0-255,66,68034,64,174553
8343,0.000622,74.125.24.0-255,5738,73772,64,174553
8344,0.000624,172.31.40.0-255,66,73838,64,174553
8345,0.000645,74.125.24.0-255,1484,75322,64,174553
8346,0.000658,172.31.40.0-255,66,75388,64,174553
8347,0.000681,74.125.24.0-255,1484,76872,64,174553
8348,0.000684,74.125.24.0-255,766,77638,64,174553
8349,0.000686,172.31.40.0-255,66,77704,64,174553
8350,0.000786,74.125.24.0-255,1484,79188,64,174553
8351,0.000791,74.125.24.0-255,2902,82090,64,174553
8352,0.000794,172.31.40.0-255,66,82156,64,174553
8353,0.000799,74.125.24.0-255,4320,86476,64,174553
8354,0.000801,172.31.40.0-255,66,86542,64,174553
8355,0.000825,74.125.24.0-255,1484,88026,64,174553
8356,0.000831,74.125.24.0-255,4320,92346,64,174553
8357,0.000834,172.31.40.0-255,66,92412,64,174553
8358,0.000846,172.31.40.0-255,66,92478,64,174553
8359,0.000907,172.31.40.0-255,66,92544,64,174553
8360,0.00092,74.125.24.0-255,1484,94028,64,174553
8361,0.000928,74.125.24.0-255,2902,96930,64,174553
8362,0.00093,172.31.40.0-255,66,96996,64,174553
8363,0.000958,74.125.24.0-255,5738,102734,64,174553
8364,0.000961,172.31.40.0-255,66,102800,64,174553
8365,0.000971,172.31.40.0-255,66,102866,64,174553
8366,0.000995,74.125.24.0-255,4320,107186,64,174553
8367,0.000998,172.31.40.0-255,66,107252,64,174553
8368,0.001003,74.125.24.0-255,5738,112990,64,174553
8369,0.001004,172.31.40.0-255,66,113056,64,174553
8370,0.001047,172.31.40.0-255,66,113122,64,174553
8371,0.001074,74.125.24.0-255,2184,115306,64,174553
8372,0.001076,172.31.40.0-255,66,115372,64,174553
8373,0.001092,172.31.40.0-255,66,115438,64,174553
8374,0.001101,172.31.40.0-255,66,115504,64,174553
8375,0.001122,74.125.24.0-255,1484,116988,64,174553
8376,0.001145,74.125.24.0-255,2902,119890,64,174553
8377,0.001147,172.31.40.0-255,66,119956,64,174553
8378,0.001152,74.125.24.0-255,5738,125694,64,174553
8379,0.001154,172.31.40.0-255,66,125760,64,174553
8380,0.001202,172.31.40.0-255,66,125826,64,174553
8381,0.001207,74.125.24.0-255,5738,131564,64,174553
8382,0.00121,172.31.40.0-255,66,131630,64,174553
8383,0.001243,74.125.24.0-255,5020,136650,64,174553
8384,0.001245,172.31.40.0-255,66,136716,64,174553
8385,0.001281,74.125.24.0-255,2902,139618,64,174553
8386,0.001283,172.31.40.0-255,66,139684,64,174553
8387,0.001289,74.125.24.0-255,4320,144004,64,174553
8388,0.00129,172.31.40.0-255,66,144070,64,174553
8389,0.001331,172.31.40.0-255,66,144136,64,174553
8390,0.001336,74.125.24.0-255,4320,148456,64,174553
8391,0.001338,172.31.40.0-255,66,148522,64,174553
8392,0.001389,172.31.40.0-255,66,148588,64,174553
8393,0.001404,172.31.40.0-255,66,148654,64,174553
8394,0.001423,74.125.24.0-255,1484,150138,64,174553
8395,0.001436,172.31.40.0-255,66,150204,64,174553
8396,0.001442,74.125.24.0-255,6438,156642,64,174553
8397,0.001444,172.31.40.0-255,66,156708,64,174553
8398,0.001465,74.125.24.0-255,1484,158192,64,174553
8399,0.001492,74.125.24.0-255,5738,163930,64,174553
8400,0.001494,172.31.40.0-255,66,163996,64,174553
8401,0.001499,74.125.24.0-255,4320,168316,64,174553
8402,0.001501,172.31.40.0-255,66,168382,64,174553
8403,0.001561,172.31.40.0-255,66,168448,64,174553
8404,0.001565,74.125.24.0-255,4320,172768,64,174553
8405,0.001567,172.31.40.0-255,66,172834,64,174553
8406,0.001616,172.31.40.0-255,66,172900,64,174553
8407,0.001628,74.125.24.0-255,1194,174094,64,174553
8408,0.001664,74.125.24.0-255,105,174199,64,174553
8409,0.010858,74.125.24.0-255,105,174304,64,174553
8410,0.010878,172.31.40.0-255,78,174382,64,174553
8411,0.013201,172.31.40.0-255,105,174487,64,174553
8412,0.015185,74.125.24.0-255,66,174553,64,174553
8413,0.0,74.125.24.0-255,154,154,64,175674
8414,2.1e-05,172.31.40.0-255,66,220,64,175674
8415,2.8e-05,74.125.24.0-255,1484,1704,64,175674
8416,3.3e-05,172.31.40.0-255,66,1770,64,175674
8417,3.8e-05,74.125.24.0-255,2902,4672,64,175674
8418,4.1e-05,172.31.40.0-255,66,4738,64,175674
8419,5.8e-05,74.125.24.0-255,7156,11894,64,175674
8420,6.1e-05,172.31.40.0-255,66,11960,64,175674
8421,8.2e-05,74.125.24.0-255,2129,14089,64,175674
8422,8.4e-05,172.31.40.0-255,66,14155,64,175674
8423,0.000108,74.125.24.0-255,2902,17057,64,175674
8424,0.000111,172.31.40.0-255,66,17123,64,175674
8425,0.000118,74.125.24.0-255,7156,24279,64,175674
8426,0.00012,172.31.40.0-255,66,24345,64,175674
8427,0.000131,74.125.24.0-255,5738,30083,64,175674
8428,0.000134,172.31.40.0-255,66,30149,64,175674
8429,0.00016,74.125.24.0-255,1125,31274,64,175674
8430,0.000163,172.31.40.0-255,66,31340,64,175674
8431,0.000362,74.125.24.0-255,1484,32824,64,175674
8432,0.000367,172.31.40.0-255,66,32890,64,175674
8433,0.000373,74.125.24.0-255,2902,35792,64,175674
8434,0.000375,172.31.40.0-255,66,35858,64,175674
8435,0.000381,74.125.24.0-255,4320,40178,64,175674
8436,0.000389,172.31.40.0-255,66,40244,64,175674
8437,0.000416,74.125.24.0-255,1484,41728,64,175674
8438,0.000418,172.31.40.0-255,66,41794,64,175674
8439,0.000433,172.31.40.0-255,66,41860,64,175674
8440,0.000452,172.31.40.0-255,66,41926,64,175674
8441,0.000454,74.125.24.0-255,362,42288,64,175674
8442,0.000456,172.31.40.0-255,66,42354,64,175674
8443,0.000715,74.125.24.0-255,127,42481,64,175674
8444,0.00074,74.125.24.0-255,352,42833,64,175674
8445,0.000965,74.125.24.0-255,1484,44317,64,175674
8446,0.000969,172.31.40.0-255,66,44383,64,175674
8447,0.000975,74.125.24.0-255,2902,47285,64,175674
8448,0.000977,172.31.40.0-255,66,47351,64,175674
8449,0.000989,74.125.24.0-255,5738,53089,64,175674
8450,0.000992,172.31.40.0-255,66,53155,64,175674
8451,0.001032,172.31.40.0-255,66,53221,64,175674
8452,0.001041,74.125.24.0-255,7156,60377,64,175674
8453,0.001043,172.31.40.0-255,66,60443,64,175674
8454,0.001062,74.125.24.0-255,3602,64045,64,175674
8455,0.001069,172.31.40.0-255,66,64111,64,175674
8456,0.001195,74.125.24.0-255,1484,65595,64,175674
8457,0.001201,74.125.24.0-255,2902,68497,64,175674
8458,0.001205,172.31.40.0-255,66,68563,64,175674
8459,0.001237,74.125.24.0-255,5738,74301,64,175674
8460,0.00124,172.31.40.0-255,66,74367,64,175674
8461,0.001251,172.31.40.0-255,66,74433,64,175674
8462,0.001313,74.125.24.0-255,4320,78753,64,175674
8463,0.001316,172.31.40.0-255,66,78819,64,175674
8464,0.001351,172.31.40.0-255,66,78885,64,175674
8465,0.001414,74.125.24.0-255,1484,80369,64,175674
8466,0.00142,74.125.24.0-255,2902,83271,64,175674
8467,0.001422,172.31.40.0-255,66,83337,64,175674
8468,0.001446,74.125.24.0-255,5738,89075,64,175674
8469,0.00145,172.31.40.0-255,66,89141,64,175674
8470,0.001453,74.125.24.0-255,1484,90625,64,175674
8471,0.001459,74.125.24.0-255,5738,96363,64,175674
8472,0.001461,172.31.40.0-255,66,96429,64,175674
8473,0.001491,74.125.24.0-255,2902,99331,64,175674
8474,0.001497,74.125.24.0-255,5738,105069,64,175674
8475,0.001502,172.31.40.0-255,66,105135,64,175674
8476,0.001505,172.31.40.0-255,66,105201,64,175674
8477,0.001543,172.31.40.0-255,66,105267,64,175674
8478,0.001576,74.125.24.0-255,1484,106751,64,175674
8479,0.001593,74.125.24.0-255,2902,109653,64,175674
8480,0.001596,172.31.40.0-255,66,109719,64,175674
8481,0.001603,74.125.24.0-255,5738,115457,64,175674
8482,0.001605,172.31.40.0-255,66,115523,64,175674
8483,0.001628,74.125.24.0-255,7156,122679,64,175674
8484,0.001649,172.31.40.0-255,66,122745,64,175674
8485,0.001678,74.125.24.0-255,5738,128483,64,175674
8486,0.001681,172.31.40.0-255,66,128549,64,175674
8487,0.001691,172.31.40.0-255,66,128615,64,175674
8488,0.001701,74.125.24.0-255,2184,130799,64,175674
8489,0.001704,172.31.40.0-255,66,130865,64,175674
8490,0.00174,74.125.24.0-255,1484,132349,64,175674
8491,0.001756,74.125.24.0-255,2902,135251,64,175674
8492,0.001759,172.31.40.0-255,66,135317,64,175674
8493,0.001765,74.125.24.0-255,4320,139637,64,175674
8494,0.001767,172.31.40.0-255,66,139703,64,175674
8495,0.001783,74.125.24.0-255,1484,141187,64,175674
8496,0.001788,74.125.24.0-255,2902,144089,64,175674
8497,0.001794,172.31.40.0-255,66,144155,64,175674
8498,0.001819,74.125.24.0-255,5738,149893,64,175674
8499,0.001822,172.31.40.0-255,66,149959,64,175674
8500,0.001834,172.31.40.0-255,66,150025,64,175674
8501,0.00187,74.125.24.0-255,5020,155045,64,175674
8502,0.001877,172.31.40.0-255,66,155111,64,175674
8503,0.00214,74.125.24.0-255,1484,156595,64,175674
8504,0.002147,74.125.24.0-255,2902,159497,64,175674
8505,0.002151,172.31.40.0-255,66,159563,64,175674
8506,0.002158,74.125.24.0-255,5738,165301,64,175674
8507,0.002161,172.31.40.0-255,66,165367,64,175674
8508,0.002243,172.31.40.0-255,66,165433,64,175674
8509,0.00225,74.125.24.0-255,7156,172589,64,175674
8510,0.002253,172.31.40.0-255,66,172655,64,175674
8511,0.002268,172.31.40.0-255,66,172721,64,175674
8512,0.002312,172.31.40.0-255,66,172787,64,175674
8513,0.002337,172.31.40.0-255,66,172853,64,175674
8514,0.002349,172.31.40.0-255,66,172919,64,175674
8515,0.002389,172.31.40.0-255,66,172985,64,175674
8516,0.002421,172.31.40.0-255,66,173051,64,175674
8517,0.002439,172.31.40.0-255,66,173117,64,175674
8518,0.002471,172.31.40.0-255,66,173183,64,175674
8519,0.002488,172.31.40.0-255,66,173249,64,175674
8520,0.002529,172.31.40.0-255,66,173315,64,175674
8521,0.002531,74.125.24.0-255,1484,174799,64,175674
8522,0.002535,74.125.24.0-255,467,175266,64,175674
8523,0.002538,172.31.40.0-255,66,175332,64,175674
8524,0.002547,74.125.24.0-255,105,175437,64,175674
8525,0.012941,172.31.40.0-255,66,175503,64,175674
8526,0.012992,172.31.40.0-255,105,175608,64,175674
8527,0.015496,74.125.24.0-255,66,175674,64,175674
8528,0.0,172.217.194.0-255,161,161,64,217201
8529,2.1e-05,172.31.40.0-255,66,227,64,217201
8530,2.9e-05,172.217.194.0-255,1484,1711,64,217201
8531,3.3e-05,172.31.40.0-255,66,1777,64,217201
8532,3.9e-05,172.217.194.0-255,2902,4679,64,217201
8533,4.1e-05,172.31.40.0-255,66,4745,64,217201
8534,4.9e-05,172.217.194.0-255,7156,11901,64,217201
8535,5.2e-05,172.31.40.0-255,66,11967,64,217201
8536,5.6e-05,172.217.194.0-255,1984,13951,64,217201
8537,5.9e-05,172.31.40.0-255,66,14017,64,217201
8538,0.000192,172.217.194.0-255,1484,15501,64,217201
8539,0.000197,172.31.40.0-255,66,15567,64,217201
8540,0.000203,172.217.194.0-255,2902,18469,64,217201
8541,0.000206,172.31.40.0-255,66,18535,64,217201
8542,0.000213,172.217.194.0-255,5738,24273,64,217201
8543,0.000216,172.31.40.0-255,66,24339,64,217201
8544,0.000232,172.217.194.0-255,1484,25823,64,217201
8545,0.000234,172.31.40.0-255,66,25889,64,217201
8546,0.000252,172.217.194.0-255,5379,31268,64,217201
8547,0.000254,172.31.40.0-255,66,31334,64,217201
8548,0.000291,172.217.194.0-255,1484,32818,64,217201
8549,0.000293,172.31.40.0-255,66,32884,64,217201
8550,0.000308,172.217.194.0-255,2902,35786,64,217201
8551,0.00031,172.31.40.0-255,66,35852,64,217201
8552,0.000317,172.217.194.0-255,5738,41590,64,217201
8553,0.000319,172.31.40.0-255,66,41656,64,217201
8554,0.000344,172.217.194.0-255,4320,45976,64,217201
8555,0.000346,172.31.40.0-255,66,46042,64,217201
8556,0.000366,172.217.194.0-255,2543,48585,64,217201
8557,0.000369,172.31.40.0-255,66,48651,64,217201
8558,0.000384,172.217.194.0-255,1484,50135,64,217201
8559,0.000386,172.31.40.0-255,66,50201,64,217201
8560,0.000392,172.217.194.0-255,2902,53103,64,217201
8561,0.000395,172.31.40.0-255,66,53169,64,217201
8562,0.000398,172.217.194.0-255,1484,54653,64,217201
8563,0.000414,172.217.194.0-255,4320,58973,64,217201
8564,0.000417,172.31.40.0-255,66,59039,64,217201
8565,0.000453,172.31.40.0-255,66,59105,64,217201
8566,0.000635,172.217.194.0-255,1484,60589,64,217201
8567,0.000642,172.217.194.0-255,2902,63491,64,217201
8568,0.000645,172.31.40.0-255,66,63557,64,217201
8569,0.000648,172.217.194.0-255,1484,65041,64,217201
8570,0.000668,172.217.194.0-255,4320,69361,64,217201
8571,0.000671,172.31.40.0-255,66,69427,64,217201
8572,0.000677,172.217.194.0-255,5738,75165,64,217201
8573,0.00068,172.31.40.0-255,66,75231,64,217201
8574,0.000695,172.217.194.0-255,7156,82387,64,217201
8575,0.000698,172.31.40.0-255,66,82453,64,217201
8576,0.000736,172.217.194.0-255,7156,89609,64,217201
8577,0.000739,172.31.40.0-255,66,89675,64,217201
8578,0.000762,172.217.194.0-255,3602,93277,64,217201
8579,0.000765,172.31.40.0-255,66,93343,64,217201
8580,0.000932,172.217.194.0-255,1484,94827,64,217201
8581,0.000939,172.217.194.0-255,2902,97729,64,217201
8582,0.000942,172.31.40.0-255,66,97795,64,217201
8583,0.000966,172.217.194.0-255,5738,103533,64,217201
8584,0.000968,172.31.40.0-255,66,103599,64,217201
8585,0.00098,172.31.40.0-255,66,103665,64,217201
8586,0.000997,172.217.194.0-255,2902,106567,64,217201
8587,0.000999,172.31.40.0-255,66,106633,64,217201
8588,0.001012,172.31.40.0-255,66,106699,64,217201
8589,0.001031,172.217.194.0-255,1484,108183,64,217201
8590,0.001055,172.31.40.0-255,66,108249,64,217201
8591,0.001068,172.31.40.0-255,66,108315,64,217201
8592,0.001107,172.217.194.0-255,5738,114053,64,217201
8593,0.00111,172.31.40.0-255,66,114119,64,217201
8594,0.001132,172.217.194.0-255,5020,119139,64,217201
8595,0.001135,172.31.40.0-255,66,119205,64,217201
8596,0.00117,172.217.194.0-255,1484,120689,64,217201
8597,0.001174,172.217.194.0-255,1484,122173,64,217201
8598,0.001177,172.31.40.0-255,66,122239,64,217201
8599,0.001188,172.217.194.0-255,1484,123723,64,217201
8600,0.001195,172.217.194.0-255,5738,129461,64,217201
8601,0.0012,172.31.40.0-255,66,129527,64,217201
8602,0.001224,172.217.194.0-255,7156,136683,64,217201
8603,0.001227,172.31.40.0-255,66,136749,64,217201
8604,0.001231,172.217.194.0-255,2902,139651,64,217201
8605,0.001233,172.31.40.0-255,66,139717,64,217201
8606,0.001274,172.31.40.0-255,66,139783,64,217201
8607,0.001278,172.217.194.0-255,2184,141967,64,217201
8608,0.00128,172.31.40.0-255,66,142033,64,217201
8609,0.001356,172.217.194.0-255,1484,143517,64,217201
8610,0.001361,172.217.194.0-255,2902,146419,64,217201
8611,0.001364,172.31.40.0-255,66,146485,64,217201
8612,0.001368,172.217.194.0-255,2902,149387,64,217201
8613,0.001371,172.31.40.0-255,66,149453,64,217201
8614,0.001387,172.217.194.0-255,2902,152355,64,217201
8615,0.001389,172.31.40.0-255,66,152421,64,217201
8616,0.001396,172.217.194.0-255,7156,159577,64,217201
8617,0.001398,172.31.40.0-255,66,159643,64,217201
8618,0.001419,172.217.194.0-255,5738,165381,64,217201
8619,0.001421,172.31.40.0-255,66,165447,64,217201
8620,0.001433,172.31.40.0-255,66,165513,64,217201
8621,0.00145,172.217.194.0-255,1484,166997,64,217201
8622,0.001485,172.31.40.0-255,66,167063,64,217201
8623,0.001506,172.217.194.0-255,7156,174219,64,217201
8624,0.001525,172.31.40.0-255,66,174285,64,217201
8625,0.001602,172.217.194.0-255,1484,175769,64,217201
8626,0.001606,172.217.194.0-255,1484,177253,64,217201
8627,0.001617,172.31.40.0-255,66,177319,64,217201
8628,0.001629,172.217.194.0-255,1484,178803,64,217201
8629,0.001635,172.217.194.0-255,5738,184541,64,217201
8630,0.001669,172.217.194.0-255,1484,186025,64,217201
8631,0.001716,172.31.40.0-255,66,186091,64,217201
8632,0.001722,172.31.40.0-255,66,186157,64,217201
8633,0.001735,172.217.194.0-255,1484,187641,64,217201
8634,0.001739,172.217.194.0-255,2902,190543,64,217201
8635,0.001744,172.217.194.0-255,4320,194863,64,217201
8636,0.001753,172.31.40.0-255,66,194929,64,217201
8637,0.001761,172.217.194.0-255,1484,196413,64,217201
8638,0.001785,172.217.194.0-255,2902,199315,64,217201
8639,0.001801,172.217.194.0-255,7156,206471,64,217201
8640,0.001828,172.31.40.0-255,66,206537,64,217201
8641,0.001838,172.217.194.0-255,4320,210857,64,217201
8642,0.001845,172.31.40.0-255,66,210923,64,217201
8643,0.001875,172.31.40.0-255,66,210989,64,217201
8644,0.001909,172.217.194.0-255,5738,216727,64,217201
8645,0.001923,172.31.40.0-255,66,216793,64,217201
8646,0.001973,172.31.40.0-255,66,216859,64,217201
8647,0.003928,172.217.194.0-255,105,216964,64,217201
8648,0.010835,172.31.40.0-255,66,217030,64,217201
8649,0.010875,172.31.40.0-255,105,217135,64,217201
8650,0.012811,172.217.194.0-255,66,217201,64,217201
8651,0.0,172.217.194.0-255,146,146,64,182299
8652,2.2e-05,172.31.40.0-255,66,212,64,182299
8653,2.9e-05,172.217.194.0-255,1484,1696,64,182299
8654,3.4e-05,172.31.40.0-255,66,1762,64,182299
8655,4e-05,172.217.194.0-255,2902,4664,64,182299
8656,4.5e-05,172.31.40.0-255,66,4730,64,182299
8657,5.2e-05,172.217.194.0-255,5738,10468,64,182299
8658,5.5e-05,172.31.40.0-255,66,10534,64,182299
8659,6.1e-05,172.217.194.0-255,4320,14854,64,182299
8660,6.4e-05,172.31.40.0-255,66,14920,64,182299
8661,0.000103,172.31.40.0-255,66,14986,64,182299
8662,0.00011,172.217.194.0-255,6797,21783,64,182299
8663,0.000113,172.31.40.0-255,66,21849,64,182299
8664,0.000186,172.217.194.0-255,1484,23333,64,182299
8665,0.000189,172.31.40.0-255,66,23399,64,182299
8666,0.000194,172.217.194.0-255,2902,26301,64,182299
8667,0.000196,172.31.40.0-255,66,26367,64,182299
8668,0.000213,172.217.194.0-255,5738,32105,64,182299
8669,0.000216,172.31.40.0-255,66,32171,64,182299
8670,0.000219,172.217.194.0-255,1484,33655,64,182299
8671,0.000221,172.31.40.0-255,66,33721,64,182299
8672,0.000274,172.217.194.0-255,2902,36623,64,182299
8673,0.000277,172.31.40.0-255,66,36689,64,182299
8674,0.000298,172.217.194.0-255,2543,39232,64,182299
8675,0.000301,172.31.40.0-255,66,39298,64,182299
8676,0.000319,172.217.194.0-255,1484,40782,64,182299
8677,0.000321,172.31.40.0-255,66,40848,64,182299
8678,0.000324,172.217.194.0-255,1484,42332,64,182299
8679,0.000326,172.31.40.0-255,66,42398,64,182299
8680,0.000337,172.217.194.0-255,1484,43882,64,182299
8681,0.00034,172.31.40.0-255,66,43948,64,182299
8682,0.000343,172.217.194.0-255,1484,45432,64,182299
8683,0.000345,172.31.40.0-255,66,45498,64,182299
8684,0.000376,172.217.194.0-255,4320,49818,64,182299
8685,0.000379,172.31.40.0-255,66,49884,64,182299
8686,0.000386,172.217.194.0-255,7101,56985,64,182299
8687,0.000388,172.31.40.0-255,66,57051,64,182299
8688,0.000403,172.217.194.0-255,373,57424,64,182299
8689,0.000405,172.31.40.0-255,66,57490,64,182299
8690,0.000528,172.217.194.0-255,1484,58974,64,182299
8691,0.000533,172.217.194.0-255,2902,61876,64,182299
8692,0.000538,172.31.40.0-255,66,61942,64,182299
8693,0.000553,172.217.194.0-255,5738,67680,64,182299
8694,0.00059,172.217.194.0-255,2902,70582,64,182299
8695,0.0006,172.31.40.0-255,66,70648,64,182299
8696,0.000607,172.217.194.0-255,5738,76386,64,182299
8697,0.000616,172.31.40.0-255,66,76452,64,182299
8698,0.000634,172.217.194.0-255,2184,78636,64,182299
8699,0.000652,172.31.40.0-255,66,78702,64,182299
8700,0.000979,172.217.194.0-255,1484,80186,64,182299
8701,0.000986,172.217.194.0-255,2902,83088,64,182299
8702,0.000989,172.217.194.0-255,1484,84572,64,182299
8703,0.000994,172.31.40.0-255,66,84638,64,182299
8704,0.001013,172.217.194.0-255,4320,88958,64,182299
8705,0.001038,172.217.194.0-255,4320,93278,64,182299
8706,0.001043,172.217.194.0-255,4320,97598,64,182299
8707,0.001048,172.31.40.0-255,66,97664,64,182299
8708,0.001063,172.217.194.0-255,5738,103402,64,182299
8709,0.001066,172.217.194.0-255,766,104168,64,182299
8710,0.001118,172.31.40.0-255,66,104234,64,182299
8711,0.001263,172.217.194.0-255,1484,105718,64,182299
8712,0.001269,172.217.194.0-255,2902,108620,64,182299
8713,0.001273,172.31.40.0-255,66,108686,64,182299
8714,0.001278,172.217.194.0-255,2902,111588,64,182299
8715,0.001296,172.217.194.0-255,2902,114490,64,182299
8716,0.001302,172.217.194.0-255,5738,120228,64,182299
8717,0.001305,172.217.194.0-255,1484,121712,64,182299
8718,0.001315,172.31.40.0-255,66,121778,64,182299
8719,0.001342,172.217.194.0-255,5020,126798,64,182299
8720,0.00136,172.217.194.0-255,1484,128282,64,182299
8721,0.001368,172.31.40.0-255,66,128348,64,182299
8722,0.001374,172.217.194.0-255,4320,132668,64,182299
8723,0.001379,172.31.40.0-255,66,132734,64,182299
8724,0.001389,172.217.194.0-255,4320,137054,64,182299
8725,0.001436,172.31.40.0-255,66,137120,64,182299
8726,0.001465,172.217.194.0-255,1484,138604,64,182299
8727,0.001491,172.217.194.0-255,5020,143624,64,182299
8728,0.001496,172.217.194.0-255,2902,146526,64,182299
8729,0.001517,172.217.194.0-255,4320,150846,64,182299
8730,0.001522,172.31.40.0-255,66,150912,64,182299
8731,0.001543,172.217.194.0-255,5738,156650,64,182299
8732,0.001575,172.31.40.0-255,66,156716,64,182299
8733,0.001588,172.217.194.0-255,1484,158200,64,182299
8734,0.001617,172.31.40.0-255,66,158266,64,182299
8735,0.00163,172.217.194.0-255,2184,160450,64,182299
8736,0.001645,172.217.194.0-255,2902,163352,64,182299
8737,0.001652,172.217.194.0-255,7156,170508,64,182299
8738,0.001679,172.31.40.0-255,66,170574,64,182299
8739,0.001691,172.217.194.0-255,2902,173476,64,182299
8740,0.001778,172.217.194.0-255,3602,177078,64,182299
8741,0.001832,172.31.40.0-255,66,177144,64,182299
8742,0.001843,172.31.40.0-255,66,177210,64,182299
8743,0.001878,172.217.194.0-255,2902,180112,64,182299
8744,0.001894,172.31.40.0-255,66,180178,64,182299
8745,0.001953,172.31.40.0-255,66,180244,64,182299
8746,0.001982,172.217.194.0-255,1484,181728,64,182299
8747,0.002014,172.217.194.0-255,97,181825,64,182299
8748,0.002017,172.31.40.0-255,66,181891,64,182299
8749,0.002022,172.31.40.0-255,66,181957,64,182299
8750,0.002028,172.217.194.0-255,105,182062,64,182299
8751,0.004225,172.31.40.0-255,66,182128,64,182299
8752,0.004257,172.31.40.0-255,105,182233,64,182299
8753,0.006299,172.217.194.0-255,66,182299,64,182299
8754,0.0,74.125.24.0-255,296,296,64,189949
8755,2.3e-05,172.31.40.0-255,66,362,64,189949
8756,3e-05,74.125.24.0-255,1484,1846,64,189949
8757,3.4e-05,172.31.40.0-255,66,1912,64,189949
8758,4.1e-05,74.125.24.0-255,4320,6232,64,189949
8759,4.5e-05,172.31.40.0-255,66,6298,64,189949
8760,5.8e-05,74.125.24.0-255,4320,10618,64,189949
8761,6.2e-05,172.31.40.0-255,66,10684,64,189949
8762,6.9e-05,74.125.24.0-255,4673,15357,64,189949
8763,7.2e-05,172.31.40.0-255,66,15423,64,189949
8764,7.5e-05,74.125.24.0-255,1484,16907,64,189949
8765,7.7e-05,172.31.40.0-255,66,16973,64,189949
8766,0.00012,172.31.40.0-255,66,17039,64,189949
8767,0.000125,74.125.24.0-255,3961,21000,64,189949
8768,0.000128,172.31.40.0-255,66,21066,64,189949
8769,0.000189,74.125.24.0-255,1484,22550,64,189949
8770,0.000191,172.31.40.0-255,66,22616,64,189949
8771,0.000211,74.125.24.0-255,2902,25518,64,189949
8772,0.000214,172.31.40.0-255,66,25584,64,189949
8773,0.000219,74.125.24.0-255,4320,29904,64,189949
8774,0.000222,172.31.40.0-255,66,29970,64,189949
8775,0.000251,74.125.24.0-255,1484,31454,64,189949
8776,0.000253,172.31.40.0-255,66,31520,64,189949
8777,0.00026,74.125.24.0-255,6797,38317,64,189949
8778,0.000262,172.31.40.0-255,66,38383,64,189949
8779,0.000771,74.125.24.0-255,1484,39867,64,189949
8780,0.000776,172.31.40.0-255,66,39933,64,189949
8781,0.000782,74.125.24.0-255,2902,42835,64,189949
8782,0.000783,172.31.40.0-255,66,42901,64,189949
8783,0.000786,74.125.24.0-255,1484,44385,64,189949
8784,0.000788,172.31.40.0-255,66,44451,64,189949
8785,0.000812,74.125.24.0-255,4320,48771,64,189949
8786,0.000814,172.31.40.0-255,66,48837,64,189949
8787,0.00082,74.125.24.0-255,5738,54575,64,189949
8788,0.000822,172.31.40.0-255,66,54641,64,189949
8789,0.000858,74.125.24.0-255,1705,56346,64,189949
8790,0.000861,172.31.40.0-255,66,56412,64,189949
8791,0.001451,74.125.24.0-255,1484,57896,64,189949
8792,0.001463,74.125.24.0-255,2902,60798,64,189949
8793,0.001467,172.31.40.0-255,66,60864,64,189949
8794,0.001473,74.125.24.0-255,1484,62348,64,189949
8795,0.001521,74.125.24.0-255,4320,66668,64,189949
8796,0.001524,172.31.40.0-255,66,66734,64,189949
8797,0.001532,74.125.24.0-255,6797,73531,64,189949
8798,0.001534,172.31.40.0-255,66,73597,64,189949
8799,0.001665,74.125.24.0-255,1484,75081,64,189949
8800,0.001688,74.125.24.0-255,2902,77983,64,189949
8801,0.001692,172.31.40.0-255,66,78049,64,189949
8802,0.001699,74.125.24.0-255,5738,83787,64,189949
8803,0.001701,172.31.40.0-255,66,83853,64,189949
8804,0.001704,74.125.24.0-255,1484,85337,64,189949
8805,0.00175,172.31.40.0-255,66,85403,64,189949
8806,0.001764,172.31.40.0-255,66,85469,64,189949
8807,0.001871,74.125.24.0-255,1484,86953,64,189949
8808,0.001888,74.125.24.0-255,1484,88437,64,189949
8809,0.001893,172.31.40.0-255,66,88503,64,189949
8810,0.001923,74.125.24.0-255,1484,89987,64,189949
8811,0.00193,74.125.24.0-255,5738,95725,64,189949
8812,0.001933,172.31.40.0-255,66,95791,64,189949
8813,0.001946,172.31.40.0-255,66,95857,64,189949
8814,0.001971,74.125.24.0-255,4320,100177,64,189949
8815,0.001974,172.31.40.0-255,66,100243,64,189949
8816,0.002011,172.31.40.0-255,66,100309,64,189949
8817,0.002041,74.125.24.0-255,1484,101793,64,189949
8818,0.002046,74.125.24.0-255,2902,104695,64,189949
8819,0.002049,172.31.40.0-255,66,104761,64,189949
8820,0.002068,74.125.24.0-255,2902,107663,64,189949
8821,0.002071,172.31.40.0-255,66,107729,64,189949
8822,0.0021,74.125.24.0-255,2902,110631,64,189949
8823,0.002103,172.31.40.0-255,66,110697,64,189949
8824,0.00211,74.125.24.0-255,5738,116435,64,189949
8825,0.002113,172.31.40.0-255,66,116501,64,189949
8826,0.002127,172.31.40.0-255,66,116567,64,189949
8827,0.002133,74.125.24.0-255,5020,121587,64,189949
8828,0.002136,172.31.40.0-255,66,121653,64,189949
8829,0.004441,74.125.24.0-255,5738,127391,64,189949
8830,0.004453,172.31.40.0-255,66,127457,64,189949
8831,0.006716,74.125.24.0-255,5738,133195,64,189949
8832,0.006723,172.31.40.0-255,66,133261,64,189949
8833,0.008976,74.125.24.0-255,4320,137581,64,189949
8834,0.00898,172.31.40.0-255,66,137647,64,189949
8835,0.008997,74.125.24.0-255,1484,139131,64,189949
8836,0.011263,74.125.24.0-255,4320,143451,64,189949
8837,0.011275,172.31.40.0-255,66,143517,64,189949
8838,0.013545,74.125.24.0-255,5738,149255,64,189949
8839,0.013556,172.31.40.0-255,66,149321,64,189949
8840,0.015852,74.125.24.0-255,5738,155059,64,189949
8841,0.01586,172.31.40.0-255,66,155125,64,189949
8842,0.01816,74.125.24.0-255,5738,160863,64,189949
8843,0.018177,172.31.40.0-255,66,160929,64,189949
8844,0.020442,74.125.24.0-255,5738,166667,64,189949
8845,0.02045,172.31.40.0-255,66,166733,64,189949
8846,0.02273,74.125.24.0-255,5738,172471,64,189949
8847,0.022738,172.31.40.0-255,66,172537,64,189949
8848,0.025026,74.125.24.0-255,5738,178275,64,189949
8849,0.025034,172.31.40.0-255,66,178341,64,189949
8850,0.027322,74.125.24.0-255,5738,184079,64,189949
8851,0.027332,172.31.40.0-255,66,184145,64,189949
8852,0.029637,74.125.24.0-255,5738,189883,64,189949
8853,0.029644,172.31.40.0-255,66,189949,64,189949
8854,0.0,172.217.194.0-255,153,153,64,180470
8855,1.7e-05,172.31.40.0-255,66,219,64,180470
8856,2.4e-05,172.217.194.0-255,1484,1703,64,180470
8857,2.9e-05,172.31.40.0-255,66,1769,64,180470
8858,4.3e-05,172.217.194.0-255,2902,4671,64,180470
8859,4.6e-05,172.31.40.0-255,66,4737,64,180470
8860,5.4e-05,172.217.194.0-255,7156,11893,64,180470
8861,5.8e-05,172.31.40.0-255,66,11959,64,180470
8862,6.2e-05,172.217.194.0-255,2109,14068,64,180470
8863,6.5e-05,172.31.40.0-255,66,14134,64,180470
8864,9.7e-05,172.217.194.0-255,2902,17036,64,180470
8865,0.0001,172.31.40.0-255,66,17102,64,180470
8866,0.000108,172.217.194.0-255,7156,24258,64,180470
8867,0.00011,172.31.40.0-255,66,24324,64,180470
8868,0.000113,172.217.194.0-255,1484,25808,64,180470
8869,0.000115,172.31.40.0-255,66,25874,64,180470
8870,0.000162,172.217.194.0-255,5738,31612,64,180470
8871,0.000165,172.31.40.0-255,66,31678,64,180470
8872,0.000203,172.31.40.0-255,66,31744,64,180470
8873,0.000211,172.217.194.0-255,6797,38541,64,180470
8874,0.000213,172.31.40.0-255,66,38607,64,180470
8875,0.000269,172.31.40.0-255,66,38673,64,180470
8876,0.000271,172.217.194.0-255,376,39049,64,180470
8877,0.000273,172.31.40.0-255,66,39115,64,180470
8878,0.000295,172.217.194.0-255,98,39213,64,180470
8879,0.000297,172.31.40.0-255,66,39279,64,180470
8880,0.000325,172.217.194.0-255,366,39645,64,180470
8881,0.000327,172.31.40.0-255,66,39711,64,180470
8882,0.000471,172.217.194.0-255,1484,41195,64,180470
8883,0.000476,172.31.40.0-255,66,41261,64,180470
8884,0.000486,172.217.194.0-255,2902,44163,64,180470
8885,0.000488,172.31.40.0-255,66,44229,64,180470
8886,0.000501,172.217.194.0-255,5738,49967,64,180470
8887,0.000504,172.31.40.0-255,66,50033,64,180470
8888,0.000538,172.217.194.0-255,6797,56830,64,180470
8889,0.000542,172.31.40.0-255,66,56896,64,180470
8890,0.000549,172.217.194.0-255,7156,64052,64,180470
8891,0.000552,172.31.40.0-255,66,64118,64,180470
8892,0.000589,172.31.40.0-255,66,64184,64,180470
8893,0.001641,172.217.194.0-255,1484,65668,64,180470
8894,0.001653,172.217.194.0-255,2902,68570,64,180470
8895,0.001657,172.31.40.0-255,66,68636,64,180470
8896,0.001666,172.217.194.0-255,5738,74374,64,180470
8897,0.001668,172.31.40.0-255,66,74440,64,180470
8898,0.001712,172.31.40.0-255,66,74506,64,180470
8899,0.001724,172.31.40.0-255,66,74572,64,180470
8900,0.001763,172.217.194.0-255,1484,76056,64,180470
8901,0.001783,172.217.194.0-255,2902,78958,64,180470
8902,0.001786,172.31.40.0-255,66,79024,64,180470
8903,0.001792,172.217.194.0-255,4320,83344,64,180470
8904,0.001794,172.31.40.0-255,66,83410,64,180470
8905,0.001824,172.217.194.0-255,1484,84894,64,180470
8906,0.001838,172.31.40.0-255,66,84960,64,180470
8907,0.001878,172.31.40.0-255,66,85026,64,180470
8908,0.001884,172.217.194.0-255,4320,89346,64,180470
8909,0.001886,172.31.40.0-255,66,89412,64,180470
8910,0.001913,172.217.194.0-255,7156,96568,64,180470
8911,0.001916,172.31.40.0-255,66,96634,64,180470
8912,0.001924,172.217.194.0-255,7156,103790,64,180470
8913,0.001926,172.31.40.0-255,66,103856,64,180470
8914,0.001966,172.217.194.0-255,2902,106758,64,180470
8915,0.001969,172.31.40.0-255,66,106824,64,180470
8916,0.002015,172.31.40.0-255,66,106890,64,180470
8917,0.002031,172.31.40.0-255,66,106956,64,180470
8918,0.002052,172.31.40.0-255,66,107022,64,180470
8919,0.002085,172.217.194.0-255,766,107788,64,180470
8920,0.004153,172.217.194.0-255,4320,112108,64,180470
8921,0.004161,172.31.40.0-255,66,112174,64,180470
8922,0.006294,172.217.194.0-255,4320,116494,64,180470
8923,0.006299,172.31.40.0-255,66,116560,64,180470
8924,0.006317,172.217.194.0-255,1484,118044,64,180470
8925,0.008394,172.217.194.0-255,4320,122364,64,180470
8926,0.008402,172.31.40.0-255,66,122430,64,180470
8927,0.010545,172.217.194.0-255,5738,128168,64,180470
8928,0.010553,172.31.40.0-255,66,128234,64,180470
8929,0.012671,172.217.194.0-255,5738,133972,64,180470
8930,0.012688,172.31.40.0-255,66,134038,64,180470
8931,0.01479,172.217.194.0-255,5738,139776,64,180470
8932,0.014803,172.31.40.0-255,66,139842,64,180470
8933,0.01693,172.217.194.0-255,5738,145580,64,180470
8934,0.016945,172.31.40.0-255,66,145646,64,180470
8935,0.019049,172.217.194.0-255,5738,151384,64,180470
8936,0.019061,172.31.40.0-255,66,151450,64,180470
8937,0.021225,172.217.194.0-255,5738,157188,64,180470
8938,0.021243,172.31.40.0-255,66,157254,64,180470
8939,0.023345,172.217.194.0-255,5738,162992,64,180470
8940,0.023353,172.31.40.0-255,66,163058,64,180470
8941,0.02546,172.217.194.0-255,5738,168796,64,180470
8942,0.025469,172.31.40.0-255,66,168862,64,180470
8943,0.02761,172.217.194.0-255,5738,174600,64,180470
8944,0.027627,172.31.40.0-255,66,174666,64,180470
8945,0.029727,172.217.194.0-255,5738,180404,64,180470
8946,0.029736,172.31.40.0-255,66,180470,64,180470
8947,0.0,74.125.130.0-255,154,154,64,183586
8948,1.7e-05,172.31.40.0-255,66,220,64,183586
8949,2.3e-05,74.125.130.0-255,1484,1704,64,183586
8950,2.8e-05,172.31.40.0-255,66,1770,64,183586
8951,4.6e-05,74.125.130.0-255,2902,4672,64,183586
8952,4.9e-05,172.31.40.0-255,66,4738,64,183586
8953,8.2e-05,74.125.130.0-255,7156,11894,64,183586
8954,8.6e-05,172.31.40.0-255,66,11960,64,183586
8955,9e-05,74.125.130.0-255,2039,13999,64,183586
8956,9.3e-05,172.31.40.0-255,66,14065,64,183586
8957,0.000148,74.125.130.0-255,1484,15549,64,183586
8958,0.000151,172.31.40.0-255,66,15615,64,183586
8959,0.000163,74.125.130.0-255,2902,18517,64,183586
8960,0.000166,172.31.40.0-255,66,18583,64,183586
8961,0.000186,74.125.130.0-255,1484,20067,64,183586
8962,0.000188,172.31.40.0-255,66,20133,64,183586
8963,0.000193,74.125.130.0-255,2902,23035,64,183586
8964,0.000195,172.31.40.0-255,66,23101,64,183586
8965,0.000225,74.125.130.0-255,1484,24585,64,183586
8966,0.000228,172.31.40.0-255,66,24651,64,183586
8967,0.000253,74.125.130.0-255,4320,28971,64,183586
8968,0.000256,172.31.40.0-255,66,29037,64,183586
8969,0.000261,74.125.130.0-255,2543,31580,64,183586
8970,0.000263,172.31.40.0-255,66,31646,64,183586
8971,0.000423,74.125.130.0-255,1484,33130,64,183586
8972,0.000428,172.31.40.0-255,66,33196,64,183586
8973,0.000432,74.125.130.0-255,1484,34680,64,183586
8974,0.000434,172.31.40.0-255,66,34746,64,183586
8975,0.000439,74.125.130.0-255,2902,37648,64,183586
8976,0.000444,172.31.40.0-255,66,37714,64,183586
8977,0.000468,74.125.130.0-255,5738,43452,64,183586
8978,0.00047,172.31.40.0-255,66,43518,64,183586
8979,0.000496,74.125.130.0-255,5379,48897,64,183586
8980,0.000541,172.31.40.0-255,66,48963,64,183586
8981,0.000549,74.125.130.0-255,4320,53283,64,183586
8982,0.000562,74.125.130.0-255,1484,54767,64,183586
8983,0.000569,172.31.40.0-255,66,54833,64,183586
8984,0.000583,74.125.130.0-255,1411,56244,64,183586
8985,0.000588,172.31.40.0-255,66,56310,64,183586
8986,0.000714,74.125.130.0-255,99,56409,64,183586
8987,0.000923,74.125.130.0-255,1484,57893,64,183586
8988,0.000927,172.31.40.0-255,66,57959,64,183586
8989,0.000933,74.125.130.0-255,2902,60861,64,183586
8990,0.000937,74.125.130.0-255,2902,63763,64,183586
8991,0.000943,172.31.40.0-255,66,63829,64,183586
8992,0.000967,74.125.130.0-255,4320,68149,64,183586
8993,0.00097,172.31.40.0-255,66,68215,64,183586
8994,0.000987,74.125.130.0-255,4320,72535,64,183586
8995,0.001003,172.31.40.0-255,66,72601,64,183586
8996,0.001006,74.125.130.0-255,5379,77980,64,183586
8997,0.001018,172.31.40.0-255,66,78046,64,183586
8998,0.001048,74.125.130.0-255,2902,80948,64,183586
8999,0.001052,172.31.40.0-255,66,81014,64,183586
9000,0.001068,74.125.130.0-255,1484,82498,64,183586
9001,0.001097,172.31.40.0-255,66,82564,64,183586
9002,0.001432,74.125.130.0-255,1484,84048,64,183586
9003,0.001442,74.125.130.0-255,2902,86950,64,183586
9004,0.001445,172.31.40.0-255,66,87016,64,183586
9005,0.00145,74.125.130.0-255,1484,88500,64,183586
9006,0.001466,74.125.130.0-255,2902,91402,64,183586
9007,0.001468,172.31.40.0-255,66,91468,64,183586
9008,0.001474,74.125.130.0-255,4320,95788,64,183586
9009,0.001476,172.31.40.0-255,66,95854,64,183586
9010,0.001487,74.125.130.0-255,1484,97338,64,183586
9011,0.001521,74.125.130.0-255,5738,103076,64,183586
9012,0.001539,74.125.130.0-255,2902,105978,64,183586
9013,0.001576,74.125.130.0-255,2902,108880,64,183586
9014,0.001601,74.125.130.0-255,7156,116036,64,183586
9015,0.001623,74.125.130.0-255,766,116802,64,183586
9016,0.003584,172.31.40.0-255,66,116868,64,183586
9017,0.005914,74.125.130.0-255,5738,122606,64,183586
9018,0.00592,172.31.40.0-255,66,122672,64,183586
9019,0.008234,74.125.130.0-255,1484,124156,64,183586
9020,0.008272,74.125.130.0-255,4320,128476,64,183586
9021,0.008277,172.31.40.0-255,66,128542,64,183586
9022,0.010605,74.125.130.0-255,5738,134280,64,183586
9023,0.010612,172.31.40.0-255,66,134346,64,183586
9024,0.012965,74.125.130.0-255,5738,140084,64,183586
9025,0.012971,172.31.40.0-255,66,140150,64,183586
9026,0.015293,74.125.130.0-255,5738,145888,64,183586
9027,0.015299,172.31.40.0-255,66,145954,64,183586
9028,0.017647,74.125.130.0-255,5738,151692,64,183586
9029,0.017659,172.31.40.0-255,66,151758,64,183586
9030,0.019989,74.125.130.0-255,5738,157496,64,183586
9031,0.019998,172.31.40.0-255,66,157562,64,183586
9032,0.022328,74.125.130.0-255,5738,163300,64,183586
9033,0.022335,172.31.40.0-255,66,163366,64,183586
9034,0.024656,74.125.130.0-255,4320,167686,64,183586
9035,0.024663,172.31.40.0-255,66,167752,64,183586
9036,0.024684,74.125.130.0-255,1484,169236,64,183586
9037,0.026987,74.125.130.0-255,4320,173556,64,183586
9038,0.026994,172.31.40.0-255,66,173622,64,183586
9039,0.029326,74.125.130.0-255,4320,177942,64,183586
9040,0.029332,172.31.40.0-255,66,178008,64,183586
9041,0.029354,74.125.130.0-255,1484,179492,64,183586
9042,0.029692,172.31.40.0-255,172,179664,64,183586
9043,0.029735,172.31.40.0-255,1112,180776,64,183586
9044,0.029945,172.31.40.0-255,1514,182290,64,183586
9045,0.029948,172.31.40.0-255,1296,183586,64,183586
9046,0.0,74.125.68.0-255,301,301,64,348328
9047,2.4e-05,172.31.40.0-255,66,367,64,348328
9048,3.2e-05,74.125.68.0-255,1484,1851,64,348328
9049,3.7e-05,172.31.40.0-255,66,1917,64,348328
9050,4.4e-05,74.125.68.0-255,4320,6237,64,348328
9051,4.7e-05,172.31.40.0-255,66,6303,64,348328
9052,5.5e-05,74.125.68.0-255,5738,12041,64,348328
9053,5.9e-05,172.31.40.0-255,66,12107,64,348328
9054,8.4e-05,74.125.68.0-255,1894,14001,64,348328
9055,8.7e-05,172.31.40.0-255,66,14067,64,348328
9056,9.9e-05,172.31.40.0-255,66,14133,64,348328
9057,0.000103,74.125.68.0-255,2902,17035,64,348328
9058,0.000105,172.31.40.0-255,66,17101,64,348328
9059,0.000133,74.125.68.0-255,4320,21421,64,348328
9060,0.000136,172.31.40.0-255,66,21487,64,348328
9061,0.000139,74.125.68.0-255,1125,22612,64,348328
9062,0.000141,172.31.40.0-255,66,22678,64,348328
9063,0.000273,74.125.68.0-255,1484,24162,64,348328
9064,0.000278,172.31.40.0-255,66,24228,64,348328
9065,0.000283,74.125.68.0-255,2902,27130,64,348328
9066,0.000286,172.31.40.0-255,66,27196,64,348328
9067,0.000299,74.125.68.0-255,2902,30098,64,348328
9068,0.000301,172.31.40.0-255,66,30164,64,348328
9069,0.000316,74.125.68.0-255,2902,33066,64,348328
9070,0.000319,172.31.40.0-255,66,33132,64,348328
9071,0.000337,74.125.68.0-255,1484,34616,64,348328
9072,0.00034,172.31.40.0-255,66,34682,64,348328
9073,0.000355,74.125.68.0-255,5379,40061,64,348328
9074,0.000358,172.31.40.0-255,66,40127,64,348328
9075,0.000391,74.125.68.0-255,5738,45865,64,348328
9076,0.000394,172.31.40.0-255,66,45931,64,348328
9077,0.000397,74.125.68.0-255,1484,47415,64,348328
9078,0.000414,74.125.68.0-255,2902,50317,64,348328
9079,0.000417,172.31.40.0-255,66,50383,64,348328
9080,0.00042,74.125.68.0-255,1484,51867,64,348328
9081,0.00044,74.125.68.0-255,4320,56187,64,348328
9082,0.000443,172.31.40.0-255,66,56253,64,348328
9083,0.000456,74.125.68.0-255,1437,57690,64,348328
9084,0.000515,74.125.68.0-255,111,57801,64,348328
9085,0.000624,74.125.68.0-255,331,58132,64,348328
9086,0.000629,172.31.40.0-255,66,58198,64,348328
9087,0.000762,74.125.68.0-255,1484,59682,64,348328
9088,0.000788,74.125.68.0-255,2902,62584,64,348328
9089,0.000791,172.31.40.0-255,66,62650,64,348328
9090,0.000795,74.125.68.0-255,1484,64134,64,348328
9091,0.000811,74.125.68.0-255,2902,67036,64,348328
9092,0.000813,172.31.40.0-255,66,67102,64,348328
9093,0.000818,74.125.68.0-255,2902,70004,64,348328
9094,0.00082,172.31.40.0-255,66,70070,64,348328
9095,0.000845,74.125.68.0-255,2902,72972,64,348328
9096,0.000847,172.31.40.0-255,66,73038,64,348328
9097,0.000851,74.125.68.0-255,1484,74522,64,348328
9098,0.000872,74.125.68.0-255,7156,81678,64,348328
9099,0.000876,172.31.40.0-255,66,81744,64,348328
9100,0.000889,74.125.68.0-255,5738,87482,64,348328
9101,0.000892,172.31.40.0-255,66,87548,64,348328
9102,0.000913,74.125.68.0-255,4320,91868,64,348328
9103,0.000916,172.31.40.0-255,66,91934,64,348328
9104,0.000919,74.125.68.0-255,766,92700,64,348328
9105,0.00106,74.125.68.0-255,1484,94184,64,348328
9106,0.001064,172.31.40.0-255,66,94250,64,348328
9107,0.001069,74.125.68.0-255,2902,97152,64,348328
9108,0.001071,172.31.40.0-255,66,97218,64,348328
9109,0.001103,74.125.68.0-255,1484,98702,64,348328
9110,0.00112,74.125.68.0-255,2902,101604,64,348328
9111,0.001124,172.31.40.0-255,66,101670,64,348328
9112,0.001145,74.125.68.0-255,5738,107408,64,348328
9113,0.001148,172.31.40.0-255,66,107474,64,348328
9114,0.001166,74.125.68.0-255,7156,114630,64,348328
9115,0.001169,172.31.40.0-255,66,114696,64,348328
9116,0.001202,172.31.40.0-255,66,114762,64,348328
9117,0.001206,74.125.68.0-255,2902,117664,64,348328
9118,0.001209,172.31.40.0-255,66,117730,64,348328
9119,0.001221,74.125.68.0-255,766,118496,64,348328
9120,0.001295,74.125.68.0-255,1484,119980,64,348328
9121,0.001298,172.31.40.0-255,66,120046,64,348328
9122,0.001303,74.125.68.0-255,1484,121530,64,348328
9123,0.001315,74.125.68.0-255,1484,123014,64,348328
9124,0.001318,172.31.40.0-255,66,123080,64,348328
9125,0.001323,74.125.68.0-255,2902,125982,64,348328
9126,0.001325,172.31.40.0-255,66,126048,64,348328
9127,0.001342,74.125.68.0-255,1484,127532,64,348328
9128,0.001346,74.125.68.0-255,2902,130434,64,348328
9129,0.001349,172.31.40.0-255,66,130500,64,348328
9130,0.001373,74.125.68.0-255,5738,136238,64,348328
9131,0.001376,172.31.40.0-255,66,136304,64,348328
9132,0.00138,74.125.68.0-255,2902,139206,64,348328
9133,0.001383,172.31.40.0-255,66,139272,64,348328
9134,0.001388,74.125.68.0-255,4320,143592,64,348328
9135,0.00139,172.31.40.0-255,66,143658,64,348328
9136,0.001445,172.31.40.0-255,66,143724,64,348328
9137,0.001459,74.125.68.0-255,766,144490,64,348328
9138,0.001668,74.125.68.0-255,1484,145974,64,348328
9139,0.001672,172.31.40.0-255,66,146040,64,348328
9140,0.001676,74.125.68.0-255,1484,147524,64,348328
9141,0.001691,74.125.68.0-255,1484,149008,64,348328
9142,0.001693,172.31.40.0-255,66,149074,64,348328
9143,0.0017,74.125.68.0-255,5738,154812,64,348328
9144,0.001702,172.31.40.0-255,66,154878,64,348328
9145,0.001705,74.125.68.0-255,1484,156362,64,348328
9146,0.001723,74.125.68.0-255,4320,160682,64,348328
9147,0.001725,172.31.40.0-255,66,160748,64,348328
9148,0.001751,74.125.68.0-255,7156,167904,64,348328
9149,0.001754,172.31.40.0-255,66,167970,64,348328
9150,0.001776,74.125.68.0-255,7156,175126,64,348328
9151,0.001779,172.31.40.0-255,66,175192,64,348328
9152,0.001801,74.125.68.0-255,3602,178794,64,348328
9153,0.001803,172.31.40.0-255,66,178860,64,348328
9154,0.001822,74.125.68.0-255,7156,186016,64,348328
9155,0.001825,172.31.40.0-255,66,186082,64,348328
9156,0.001847,74.125.68.0-255,4320,190402,64,348328
9157,0.00185,172.31.40.0-255,66,190468,64,348328
9158,0.001858,74.125.68.0-255,7156,197624,64,348328
9159,0.001861,172.31.40.0-255,66,197690,64,348328
9160,0.001884,74.125.68.0-255,5738,203428,64,348328
9161,0.001887,172.31.40.0-255,66,203494,64,348328
9162,0.001894,74.125.68.0-255,7156,210650,64,348328
9163,0.001897,172.31.40.0-255,66,210716,64,348328
9164,0.001921,74.125.68.0-255,2184,212900,64,348328
9165,0.001923,172.31.40.0-255,66,212966,64,348328
9166,0.001986,74.125.68.0-255,1484,214450,64,348328
9167,0.001999,74.125.68.0-255,2902,217352,64,348328
9168,0.002002,172.31.40.0-255,66,217418,64,348328
9169,0.002035,74.125.68.0-255,5738,223156,64,348328
9170,0.002039,172.31.40.0-255,66,223222,64,348328
9171,0.002052,74.125.68.0-255,7156,230378,64,348328
9172,0.002055,172.31.40.0-255,66,230444,64,348328
9173,0.002096,172.31.40.0-255,66,230510,64,348328
9174,0.002134,74.125.68.0-255,5020,235530,64,348328
9175,0.002137,172.31.40.0-255,66,235596,64,348328
9176,0.002153,74.125.68.0-255,2902,238498,64,348328
9177,0.002155,172.31.40.0-255,66,238564,64,348328
9178,0.002168,74.125.68.0-255,2902,241466,64,348328
9179,0.002171,172.31.40.0-255,66,241532,64,348328
9180,0.002176,74.125.68.0-255,4320,245852,64,348328
9181,0.002179,172.31.40.0-255,66,245918,64,348328
9182,0.002185,74.125.68.0-255,5738,251656,64,348328
9183,0.002188,172.31.40.0-255,66,251722,64,348328
9184,0.002208,74.125.68.0-255,1484,253206,64,348328
9185,0.002241,172.31.40.0-255,66,253272,64,348328
9186,0.002245,74.125.68.0-255,2902,256174,64,348328
9187,0.002247,172.31.40.0-255,66,256240,64,348328
9188,0.002292,74.125.68.0-255,3602,259842,64,348328
9189,0.002295,172.31.40.0-255,66,259908,64,348328
9190,0.002337,74.125.68.0-255,1484,261392,64,348328
9191,0.002355,74.125.68.0-255,2902,264294,64,348328
9192,0.002358,172.31.40.0-255,66,264360,64,348328
9193,0.002365,74.125.68.0-255,4320,268680,64,348328
9194,0.002367,172.31.40.0-255,66,268746,64,348328
9195,0.002381,74.125.68.0-255,1484,270230,64,348328
9196,0.002387,74.125.68.0-255,4320,274550,64,348328
9197,0.00239,172.31.40.0-255,66,274616,64,348328
9198,0.002395,74.125.68.0-255,2902,277518,64,348328
9199,0.002398,172.31.40.0-255,66,277584,64,348328
9200,0.002425,74.125.68.0-255,2902,280486,64,348328
9201,0.002428,172.31.40.0-255,66,280552,64,348328
9202,0.002441,172.31.40.0-255,66,280618,64,348328
9203,0.002445,74.125.68.0-255,2184,282802,64,348328
9204,0.002447,172.31.40.0-255,66,282868,64,348328
9205,0.002553,74.125.68.0-255,1484,284352,64,348328
9206,0.002574,74.125.68.0-255,2902,287254,64,348328
9207,0.002578,172.31.40.0-255,66,287320,64,348328
9208,0.002583,74.125.68.0-255,2902,290222,64,348328
9209,0.002585,172.31.40.0-255,66,290288,64,348328
9210,0.005142,74.125.68.0-255,5738,296026,64,348328
9211,0.00515,172.31.40.0-255,66,296092,64,348328
9212,0.007725,74.125.68.0-255,5738,301830,64,348328
9213,0.007748,172.31.40.0-255,66,301896,64,348328
9214,0.010323,74.125.68.0-255,5738,307634,64,348328
9215,0.010338,172.31.40.0-255,66,307700,64,348328
9216,0.012905,74.125.68.0-255,5738,313438,64,348328
9217,0.012919,172.31.40.0-255,66,313504,64,348328
9218,0.015471,74.125.68.0-255,5738,319242,64,348328
9219,0.015476,172.31.40.0-255,66,319308,64,348328
9220,0.018027,74.125.68.0-255,5738,325046,64,348328
9221,0.018034,172.31.40.0-255,66,325112,64,348328
9222,0.020595,74.125.68.0-255,5738,330850,64,348328
9223,0.020606,172.31.40.0-255,66,330916,64,348328
9224,0.02317,74.125.68.0-255,5738,336654,64,348328
9225,0.023179,172.31.40.0-255,66,336720,64,348328
9226,0.025738,74.125.68.0-255,5738,342458,64,348328
9227,0.025749,172.31.40.0-255,66,342524,64,348328
9228,0.028316,74.125.68.0-255,5738,348262,64,348328
9229,0.028326,172.31.40.0-255,66,348328,64,348328
9230,0.0,172.217.194.0-255,146,146,64,204676
9231,1.7e-05,172.31.40.0-255,66,212,64,204676
9232,2.4e-05,172.217.194.0-255,1484,1696,64,204676
9233,2.8e-05,172.31.40.0-255,66,1762,64,204676
9234,3.4e-05,172.217.194.0-255,2902,4664,64,204676
9235,4.6e-05,172.31.40.0-255,66,4730,64,204676
9236,5.2e-05,172.217.194.0-255,4320,9050,64,204676
9237,5.5e-05,172.31.40.0-255,66,9116,64,204676
9238,6.7e-05,172.31.40.0-255,66,9182,64,204676
9239,8.1e-05,172.31.40.0-255,66,9248,64,204676
9240,0.0002,172.217.194.0-255,1484,10732,64,204676
9241,0.000204,172.31.40.0-255,66,10798,64,204676
9242,0.00021,172.217.194.0-255,2902,13700,64,204676
9243,0.000213,172.31.40.0-255,66,13766,64,204676
9244,0.000225,172.217.194.0-255,5738,19504,64,204676
9245,0.000227,172.31.40.0-255,66,19570,64,204676
9246,0.000254,172.217.194.0-255,6797,26367,64,204676
9247,0.000257,172.31.40.0-255,66,26433,64,204676
9248,0.000291,172.217.194.0-255,7156,33589,64,204676
9249,0.000294,172.31.40.0-255,66,33655,64,204676
9250,0.000306,172.31.40.0-255,66,33721,64,204676
9251,0.000329,172.217.194.0-255,378,34099,64,204676
9252,0.000331,172.31.40.0-255,66,34165,64,204676
9253,0.000415,172.217.194.0-255,365,34530,64,204676
9254,0.000419,172.31.40.0-255,66,34596,64,204676
9255,0.000763,172.217.194.0-255,1484,36080,64,204676
9256,0.000768,172.31.40.0-255,66,36146,64,204676
9257,0.000773,172.217.194.0-255,2902,39048,64,204676
9258,0.000776,172.31.40.0-255,66,39114,64,204676
9259,0.000787,172.217.194.0-255,5738,44852,64,204676
9260,0.000789,172.31.40.0-255,66,44918,64,204676
9261,0.000837,172.31.40.0-255,66,44984,64,204676
9262,0.000841,172.217.194.0-255,1484,46468,64,204676
9263,0.000878,172.31.40.0-255,66,46534,64,204676
9264,0.001182,172.217.194.0-255,1484,48018,64,204676
9265,0.001188,172.217.194.0-255,2902,50920,64,204676
9266,0.001192,172.31.40.0-255,66,50986,64,204676
9267,0.001196,172.217.194.0-255,1484,52470,64,204676
9268,0.00122,172.217.194.0-255,4320,56790,64,204676
9269,0.001223,172.31.40.0-255,66,56856,64,204676
9270,0.00123,172.217.194.0-255,7156,64012,64,204676
9271,0.001232,172.31.40.0-255,66,64078,64,204676
9272,0.001262,172.217.194.0-255,5738,69816,64,204676
9273,0.001265,172.31.40.0-255,66,69882,64,204676
9274,0.001276,172.31.40.0-255,66,69948,64,204676
9275,0.00164,172.217.194.0-255,1484,71432,64,204676
9276,0.001645,172.217.194.0-255,1484,72916,64,204676
9277,0.001648,172.31.40.0-255,66,72982,64,204676
9278,0.001678,172.217.194.0-255,1484,74466,64,204676
9279,0.001684,172.217.194.0-255,5738,80204,64,204676
9280,0.001687,172.31.40.0-255,66,80270,64,204676
9281,0.001705,172.31.40.0-255,66,80336,64,204676
9282,0.00171,172.217.194.0-255,4320,84656,64,204676
9283,0.001713,172.31.40.0-255,66,84722,64,204676
9284,0.001745,172.217.194.0-255,6438,91160,64,204676
9285,0.001747,172.31.40.0-255,66,91226,64,204676
9286,0.001822,172.217.194.0-255,1484,92710,64,204676
9287,0.001827,172.217.194.0-255,2902,95612,64,204676
9288,0.00183,172.31.40.0-255,66,95678,64,204676
9289,0.001834,172.217.194.0-255,1484,97162,64,204676
9290,0.001862,172.217.194.0-255,4320,101482,64,204676
9291,0.001865,172.31.40.0-255,66,101548,64,204676
9292,0.001876,172.31.40.0-255,66,101614,64,204676
9293,0.0019,172.217.194.0-255,1484,103098,64,204676
9294,0.001917,172.217.194.0-255,5738,108836,64,204676
9295,0.00192,172.31.40.0-255,66,108902,64,204676
9296,0.001957,172.31.40.0-255,66,108968,64,204676
9297,0.002007,172.217.194.0-255,1484,110452,64,204676
9298,0.002011,172.217.194.0-255,1484,111936,64,204676
9299,0.002014,172.31.40.0-255,66,112002,64,204676
9300,0.002044,172.217.194.0-255,1484,113486,64,204676
9301,0.002051,172.217.194.0-255,5738,119224,64,204676
9302,0.002054,172.31.40.0-255,66,119290,64,204676
9303,0.002069,172.31.40.0-255,66,119356,64,204676
9304,0.002087,172.31.40.0-255,66,119422,64,204676
9305,0.002118,172.217.194.0-255,7156,126578,64,204676
9306,0.002121,172.31.40.0-255,66,126644,64,204676
9307,0.002132,172.31.40.0-255,66,126710,64,204676
9308,0.002176,172.31.40.0-255,66,126776,64,204676
9309,0.002201,172.217.194.0-255,1484,128260,64,204676
9310,0.00221,172.217.194.0-255,6438,134698,64,204676
9311,0.002212,172.31.40.0-255,66,134764,64,204676
9312,0.002225,172.31.40.0-255,66,134830,64,204676
9313,0.002271,172.31.40.0-255,66,134896,64,204676
9314,0.002291,172.31.40.0-255,66,134962,64,204676
9315,0.002293,172.217.194.0-255,1484,136446,64,204676
9316,0.004564,172.217.194.0-255,4320,140766,64,204676
9317,0.004582,172.31.40.0-255,66,140832,64,204676
9318,0.006783,172.217.194.0-255,5738,146570,64,204676
9319,0.0068,172.31.40.0-255,66,146636,64,204676
9320,0.009018,172.217.194.0-255,5738,152374,64,204676
9321,0.009034,172.31.40.0-255,66,152440,64,204676
9322,0.011255,172.217.194.0-255,5738,158178,64,204676
9323,0.011797,172.31.40.0-255,66,158244,64,204676
9324,0.014006,172.217.194.0-255,5738,163982,64,204676
9325,0.014013,172.31.40.0-255,66,164048,64,204676
9326,0.016223,172.217.194.0-255,5738,169786,64,204676
9327,0.016228,172.31.40.0-255,66,169852,64,204676
9328,0.018425,172.217.194.0-255,5738,175590,64,204676
9329,0.018433,172.31.40.0-255,66,175656,64,204676
9330,0.020622,172.217.194.0-255,5738,181394,64,204676
9331,0.020631,172.31.40.0-255,66,181460,64,204676
9332,0.02284,172.217.194.0-255,5738,187198,64,204676
9333,0.022849,172.31.40.0-255,66,187264,64,204676
9334,0.025035,172.217.194.0-255,5738,193002,64,204676
9335,0.025042,172.31.40.0-255,66,193068,64,204676
9336,0.027251,172.217.194.0-255,5738,198806,64,204676
9337,0.027258,172.31.40.0-255,66,198872,64,204676
9338,0.029462,172.217.194.0-255,5738,204610,64,204676
9339,0.029472,172.31.40.0-255,66,204676,64,204676
9340,0.0,74.125.24.0-255,153,153,64,194396
9341,1.9e-05,172.31.40.0-255,66,219,64,194396
9342,2.7e-05,74.125.24.0-255,1484,1703,64,194396
9343,3.2e-05,172.31.40.0-255,66,1769,64,194396
9344,4.6e-05,74.125.24.0-255,2902,4671,64,194396
9345,5e-05,172.31.40.0-255,66,4737,64,194396
9346,5.5e-05,74.125.24.0-255,2902,7639,64,194396
9347,5.8e-05,172.31.40.0-255,66,7705,64,194396
9348,6.4e-05,74.125.24.0-255,4320,12025,64,194396
9349,6.7e-05,172.31.40.0-255,66,12091,64,194396
9350,7.2e-05,74.125.24.0-255,2902,14993,64,194396
9351,7.4e-05,172.31.40.0-255,66,15059,64,194396
9352,0.000104,74.125.24.0-255,6410,21469,64,194396
9353,0.000108,172.31.40.0-255,66,21535,64,194396
9354,0.00012,172.31.40.0-255,66,21601,64,194396
9355,0.000585,74.125.24.0-255,1484,23085,64,194396
9356,0.000591,172.31.40.0-255,66,23151,64,194396
9357,0.000597,74.125.24.0-255,2902,26053,64,194396
9358,0.000599,172.31.40.0-255,66,26119,64,194396
9359,0.000606,74.125.24.0-255,5738,31857,64,194396
9360,0.000613,172.31.40.0-255,66,31923,64,194396
9361,0.000656,74.125.24.0-255,6797,38720,64,194396
9362,0.000659,172.31.40.0-255,66,38786,64,194396
9363,0.000717,74.125.24.0-255,1484,40270,64,194396
9364,0.00072,172.31.40.0-255,66,40336,64,194396
9365,0.000724,74.125.24.0-255,1484,41820,64,194396
9366,0.000726,172.31.40.0-255,66,41886,64,194396
9367,0.000753,74.125.24.0-255,1484,43370,64,194396
9368,0.000755,172.31.40.0-255,66,43436,64,194396
9369,0.000763,74.125.24.0-255,5738,49174,64,194396
9370,0.000765,172.31.40.0-255,66,49240,64,194396
9371,0.000785,74.125.24.0-255,1484,50724,64,194396
9372,0.000808,74.125.24.0-255,5379,56103,64,194396
9373,0.000812,172.31.40.0-255,66,56169,64,194396
9374,0.001033,74.125.24.0-255,646,56815,64,194396
9375,0.001083,172.31.40.0-255,66,56881,64,194396
9376,0.00158,74.125.24.0-255,1484,58365,64,194396
9377,0.001592,74.125.24.0-255,2902,61267,64,194396
9378,0.001597,172.31.40.0-255,66,61333,64,194396
9379,0.001606,74.125.24.0-255,5738,67071,64,194396
9380,0.001609,172.31.40.0-255,66,67137,64,194396
9381,0.00162,74.125.24.0-255,4320,71457,64,194396
9382,0.001623,172.31.40.0-255,66,71523,64,194396
9383,0.001656,74.125.24.0-255,2902,74425,64,194396
9384,0.001659,172.31.40.0-255,66,74491,64,194396
9385,0.001678,172.31.40.0-255,66,74557,64,194396
9386,0.001682,74.125.24.0-255,2184,76741,64,194396
9387,0.001684,172.31.40.0-255,66,76807,64,194396
9388,0.002686,74.125.24.0-255,1484,78291,64,194396
9389,0.002718,74.125.24.0-255,2902,81193,64,194396
9390,0.002723,172.31.40.0-255,66,81259,64,194396
9391,0.002731,74.125.24.0-255,5738,86997,64,194396
9392,0.002733,172.31.40.0-255,66,87063,64,194396
9393,0.002752,172.31.40.0-255,66,87129,64,194396
9394,0.002763,172.31.40.0-255,66,87195,64,194396
9395,0.002786,74.125.24.0-255,1484,88679,64,194396
9396,0.002793,74.125.24.0-255,766,89445,64,194396
9397,0.002796,172.31.40.0-255,66,89511,64,194396
9398,0.00292,74.125.24.0-255,1484,90995,64,194396
9399,0.002926,74.125.24.0-255,2902,93897,64,194396
9400,0.002929,172.31.40.0-255,66,93963,64,194396
9401,0.002933,74.125.24.0-255,1484,95447,64,194396
9402,0.002955,74.125.24.0-255,1484,96931,64,194396
9403,0.002958,172.31.40.0-255,66,96997,64,194396
9404,0.002962,74.125.24.0-255,2902,99899,64,194396
9405,0.002964,172.31.40.0-255,66,99965,64,194396
9406,0.002975,74.125.24.0-255,4320,104285,64,194396
9407,0.002978,172.31.40.0-255,66,104351,64,194396
9408,0.003012,74.125.24.0-255,7156,111507,64,194396
9409,0.003014,74.125.24.0-255,1484,112991,64,194396
9410,0.003018,172.31.40.0-255,66,113057,64,194396
9411,0.003049,172.31.40.0-255,66,113123,64,194396
9412,0.003509,74.125.24.0-255,1484,114607,64,194396
9413,0.003532,74.125.24.0-255,2902,117509,64,194396
9414,0.003538,74.125.24.0-255,5738,123247,64,194396
9415,0.003546,172.31.40.0-255,66,123313,64,194396
9416,0.003554,172.31.40.0-255,66,123379,64,194396
9417,0.00357,172.31.40.0-255,66,123445,64,194396
9418,0.003612,74.125.24.0-255,5738,129183,64,194396
9419,0.003615,172.31.40.0-255,66,129249,64,194396
9420,0.003644,172.31.40.0-255,66,129315,64,194396
9421,0.00372,74.125.24.0-255,1484,130799,64,194396
9422,0.003739,74.125.24.0-255,2902,133701,64,194396
9423,0.003742,172.31.40.0-255,66,133767,64,194396
9424,0.003747,74.125.24.0-255,2902,136669,64,194396
9425,0.003749,172.31.40.0-255,66,136735,64,194396
9426,0.00379,74.125.24.0-255,7156,143891,64,194396
9427,0.003793,172.31.40.0-255,66,143957,64,194396
9428,0.003798,74.125.24.0-255,2902,146859,64,194396
9429,0.0038,172.31.40.0-255,66,146925,64,194396
9430,0.003845,172.31.40.0-255,66,146991,64,194396
9431,0.003852,74.125.24.0-255,5020,152011,64,194396
9432,0.003854,172.31.40.0-255,66,152077,64,194396
9433,0.004011,74.125.24.0-255,1484,153561,64,194396
9434,0.004017,74.125.24.0-255,2902,156463,64,194396
9435,0.00402,172.31.40.0-255,66,156529,64,194396
9436,0.004057,74.125.24.0-255,5738,162267,64,194396
9437,0.00406,172.31.40.0-255,66,162333,64,194396
9438,0.004066,74.125.24.0-255,4320,166653,64,194396
9439,0.004068,172.31.40.0-255,66,166719,64,194396
9440,0.004077,74.125.24.0-255,1484,168203,64,194396
9441,0.004117,172.31.40.0-255,66,168269,64,194396
9442,0.004132,172.31.40.0-255,66,168335,64,194396
9443,0.004336,74.125.24.0-255,1484,169819,64,194396
9444,0.004341,74.125.24.0-255,1484,171303,64,194396
9445,0.004344,172.31.40.0-255,66,171369,64,194396
9446,0.004375,74.125.24.0-255,2902,174271,64,194396
9447,0.004378,172.31.40.0-255,66,174337,64,194396
9448,0.004384,74.125.24.0-255,5738,180075,64,194396
9449,0.004387,172.31.40.0-255,66,180141,64,194396
9450,0.004391,74.125.24.0-255,2902,183043,64,194396
9451,0.004393,172.31.40.0-255,66,183109,64,194396
9452,0.004439,172.31.40.0-255,66,183175,64,194396
9453,0.004455,172.31.40.0-255,66,183241,64,194396
9454,0.00446,74.125.24.0-255,4320,187561,64,194396
9455,0.004463,172.31.40.0-255,66,187627,64,194396
9456,0.004508,172.31.40.0-255,66,187693,64,194396
9457,0.004528,172.31.40.0-255,66,187759,64,194396
9458,0.00454,172.31.40.0-255,66,187825,64,194396
9459,0.004589,172.31.40.0-255,66,187891,64,194396
9460,0.004601,172.31.40.0-255,66,187957,64,194396
9461,0.004697,172.31.40.0-255,66,188023,64,194396
9462,0.004704,74.125.24.0-255,5965,193988,64,194396
9463,0.004707,172.31.40.0-255,66,194054,64,194396
9464,0.004743,74.125.24.0-255,105,194159,64,194396
9465,0.013349,172.31.40.0-255,66,194225,64,194396
9466,0.013397,172.31.40.0-255,105,194330,64,194396
9467,0.015689,74.125.24.0-255,66,194396,64,194396
9468,0.0,172.217.194.0-255,153,153,64,293453
9469,2.3e-05,172.31.40.0-255,66,219,64,293453
9470,3e-05,172.217.194.0-255,1484,1703,64,293453
9471,3.4e-05,172.31.40.0-255,66,1769,64,293453
9472,3.9e-05,172.217.194.0-255,2902,4671,64,293453
9473,4.2e-05,172.31.40.0-255,66,4737,64,293453
9474,5e-05,172.217.194.0-255,7156,11893,64,293453
9475,5.4e-05,172.31.40.0-255,66,11959,64,293453
9476,8.1e-05,172.217.194.0-255,1978,13937,64,293453
9477,8.5e-05,172.31.40.0-255,66,14003,64,293453
9478,0.000183,172.217.194.0-255,1484,15487,64,293453
9479,0.000186,172.31.40.0-255,66,15553,64,293453
9480,0.000206,172.217.194.0-255,2902,18455,64,293453
9481,0.000209,172.31.40.0-255,66,18521,64,293453
9482,0.000213,172.217.194.0-255,2902,21423,64,293453
9483,0.000216,172.31.40.0-255,66,21489,64,293453
9484,0.000239,172.217.194.0-255,2902,24391,64,293453
9485,0.000242,172.31.40.0-255,66,24457,64,293453
9486,0.000246,172.217.194.0-255,2902,27359,64,293453
9487,0.000248,172.31.40.0-255,66,27425,64,293453
9488,0.00028,172.217.194.0-255,3961,31386,64,293453
9489,0.000283,172.31.40.0-255,66,31452,64,293453
9490,0.000828,172.217.194.0-255,1484,32936,64,293453
9491,0.000835,172.31.40.0-255,66,33002,64,293453
9492,0.000842,172.217.194.0-255,2902,35904,64,293453
9493,0.000845,172.31.40.0-255,66,35970,64,293453
9494,0.000852,172.217.194.0-255,5738,41708,64,293453
9495,0.000854,172.31.40.0-255,66,41774,64,293453
9496,0.000879,172.217.194.0-255,4320,46094,64,293453
9497,0.000882,172.31.40.0-255,66,46160,64,293453
9498,0.000918,172.31.40.0-255,66,46226,64,293453
9499,0.00093,172.31.40.0-255,66,46292,64,293453
9500,0.000932,172.217.194.0-255,1125,47417,64,293453
9501,0.001102,172.217.194.0-255,360,47777,64,293453
9502,0.001287,172.217.194.0-255,383,48160,64,293453
9503,0.00131,172.31.40.0-255,66,48226,64,293453
9504,0.001511,172.217.194.0-255,1484,49710,64,293453
9505,0.001519,172.217.194.0-255,2902,52612,64,293453
9506,0.001522,172.31.40.0-255,66,52678,64,293453
9507,0.001545,172.217.194.0-255,5738,58416,64,293453
9508,0.001548,172.31.40.0-255,66,58482,64,293453
9509,0.001554,172.217.194.0-255,4320,62802,64,293453
9510,0.001556,172.31.40.0-255,66,62868,64,293453
9511,0.001589,172.31.40.0-255,66,62934,64,293453
9512,0.001619,172.31.40.0-255,66,63000,64,293453
9513,0.001904,172.217.194.0-255,1484,64484,64,293453
9514,0.001922,172.217.194.0-255,2902,67386,64,293453
9515,0.001925,172.31.40.0-255,66,67452,64,293453
9516,0.001932,172.217.194.0-255,5738,73190,64,293453
9517,0.001934,172.31.40.0-255,66,73256,64,293453
9518,0.001939,172.217.194.0-255,2902,76158,64,293453
9519,0.001941,172.31.40.0-255,66,76224,64,293453
9520,0.001969,172.31.40.0-255,66,76290,64,293453
9521,0.00198,172.31.40.0-255,66,76356,64,293453
9522,0.002008,172.217.194.0-255,2184,78540,64,293453
9523,0.00201,172.31.40.0-255,66,78606,64,293453
9524,0.002238,172.217.194.0-255,1484,80090,64,293453
9525,0.002244,172.217.194.0-255,2902,82992,64,293453
9526,0.002248,172.31.40.0-255,66,83058,64,293453
9527,0.002275,172.217.194.0-255,5738,88796,64,293453
9528,0.002278,172.31.40.0-255,66,88862,64,293453
9529,0.002286,172.217.194.0-255,7156,96018,64,293453
9530,0.002287,172.31.40.0-255,66,96084,64,293453
9531,0.002312,172.217.194.0-255,5738,101822,64,293453
9532,0.002315,172.31.40.0-255,66,101888,64,293453
9533,0.002321,172.217.194.0-255,5738,107626,64,293453
9534,0.002323,172.31.40.0-255,66,107692,64,293453
9535,0.002341,172.217.194.0-255,5020,112712,64,293453
9536,0.002343,172.31.40.0-255,66,112778,64,293453
9537,0.002517,172.217.194.0-255,1484,114262,64,293453
9538,0.002521,172.217.194.0-255,1484,115746,64,293453
9539,0.002524,172.31.40.0-255,66,115812,64,293453
9540,0.002546,172.217.194.0-255,1484,117296,64,293453
9541,0.002551,172.217.194.0-255,5738,123034,64,293453
9542,0.002553,172.31.40.0-255,66,123100,64,293453
9543,0.002556,172.217.194.0-255,1484,124584,64,293453
9544,0.002584,172.31.40.0-255,66,124650,64,293453
9545,0.002588,172.217.194.0-255,4320,128970,64,293453
9546,0.00259,172.31.40.0-255,66,129036,64,293453
9547,0.002612,172.217.194.0-255,5738,134774,64,293453
9548,0.002614,172.31.40.0-255,66,134840,64,293453
9549,0.002617,172.217.194.0-255,766,135606,64,293453
9550,0.002719,172.217.194.0-255,1484,137090,64,293453
9551,0.002722,172.31.40.0-255,66,137156,64,293453
9552,0.002726,172.217.194.0-255,1484,138640,64,293453
9553,0.002742,172.217.194.0-255,1484,140124,64,293453
9554,0.002744,172.31.40.0-255,66,140190,64,293453
9555,0.002751,172.217.194.0-255,5738,145928,64,293453
9556,0.002753,172.31.40.0-255,66,145994,64,293453
9557,0.002779,172.217.194.0-255,7156,153150,64,293453
9558,0.002782,172.31.40.0-255,66,153216,64,293453
9559,0.002806,172.217.194.0-255,1484,154700,64,293453
9560,0.002835,172.217.194.0-255,4320,159020,64,293453
9561,0.002839,172.31.40.0-255,66,159086,64,293453
9562,0.002863,172.217.194.0-255,7156,166242,64,293453
9563,0.002866,172.31.40.0-255,66,166308,64,293453
9564,0.00287,172.217.194.0-255,2902,169210,64,293453
9565,0.002873,172.31.40.0-255,66,169276,64,293453
9566,0.0029,172.31.40.0-255,66,169342,64,293453
9567,0.002907,172.217.194.0-255,5738,175080,64,293453
9568,0.00291,172.31.40.0-255,66,175146,64,293453
9569,0.002943,172.217.194.0-255,7156,182302,64,293453
9570,0.002946,172.31.40.0-255,66,182368,64,293453
9571,0.002954,172.217.194.0-255,7156,189524,64,293453
9572,0.002956,172.31.40.0-255,66,189590,64,293453
9573,0.002982,172.217.194.0-255,5020,194610,64,293453
9574,0.002984,172.31.40.0-255,66,194676,64,293453
9575,0.003024,172.217.194.0-255,5738,200414,64,293453
9576,0.003027,172.31.40.0-255,66,200480,64,293453
9577,0.003064,172.217.194.0-255,7156,207636,64,293453
9578,0.003067,172.31.40.0-255,66,207702,64,293453
9579,0.003125,172.31.40.0-255,66,207768,64,293453
9580,0.003131,172.217.194.0-255,5738,213506,64,293453
9581,0.003133,172.31.40.0-255,66,213572,64,293453
9582,0.003136,172.217.194.0-255,766,214338,64,293453
9583,0.003152,172.217.194.0-255,1484,215822,64,293453
9584,0.003154,172.31.40.0-255,66,215888,64,293453
9585,0.00316,172.217.194.0-255,4320,220208,64,293453
9586,0.003162,172.31.40.0-255,66,220274,64,293453
9587,0.003181,172.217.194.0-255,2902,223176,64,293453
9588,0.003184,172.31.40.0-255,66,223242,64,293453
9589,0.003212,172.217.194.0-255,7156,230398,64,293453
9590,0.003215,172.31.40.0-255,66,230464,64,293453
9591,0.003225,172.31.40.0-255,66,230530,64,293453
9592,0.003249,172.217.194.0-255,5738,236268,64,293453
9593,0.003252,172.31.40.0-255,66,236334,64,293453
9594,0.003284,172.217.194.0-255,3602,239936,64,293453
9595,0.003287,172.31.40.0-255,66,240002,64,293453
9596,0.003405,172.217.194.0-255,1484,241486,64,293453
9597,0.00342,172.217.194.0-255,2902,244388,64,293453
9598,0.003423,172.31.40.0-255,66,244454,64,293453
9599,0.003448,172.217.194.0-255,5738,250192,64,293453
9600,0.003451,172.31.40.0-255,66,250258,64,293453
9601,0.003456,172.217.194.0-255,2902,253160,64,293453
9602,0.003458,172.31.40.0-255,66,253226,64,293453
9603,0.00349,172.217.194.0-255,4320,257546,64,293453
9604,0.003493,172.31.40.0-255,66,257612,64,293453
9605,0.003504,172.31.40.0-255,66,257678,64,293453
9606,0.003532,172.217.194.0-255,5738,263416,64,293453
9607,0.003536,172.31.40.0-255,66,263482,64,293453
9608,0.00354,172.217.194.0-255,2184,265666,64,293453
9609,0.003542,172.31.40.0-255,66,265732,64,293453
9610,0.003584,172.217.194.0-255,2902,268634,64,293453
9611,0.003588,172.31.40.0-255,66,268700,64,293453
9612,0.003593,172.217.194.0-255,2902,271602,64,293453
9613,0.003595,172.31.40.0-255,66,271668,64,293453
9614,0.003628,172.217.194.0-255,7156,278824,64,293453
9615,0.003632,172.31.40.0-255,66,278890,64,293453
9616,0.003642,172.217.194.0-255,1484,280374,64,293453
9617,0.003674,172.31.40.0-255,66,280440,64,293453
9618,0.003679,172.217.194.0-255,2902,283342,64,293453
9619,0.003681,172.31.40.0-255,66,283408,64,293453
9620,0.003685,172.217.194.0-255,1484,284892,64,293453
9621,0.003709,172.217.194.0-255,2184,287076,64,293453
9622,0.003713,172.31.40.0-255,66,287142,64,293453
9623,0.003779,172.217.194.0-255,1484,288626,64,293453
9624,0.003814,172.217.194.0-255,1484,290110,64,293453
9625,0.003818,172.31.40.0-255,66,290176,64,293453
9626,0.003823,172.217.194.0-255,2488,292664,64,293453
9627,0.003825,172.31.40.0-255,66,292730,64,293453
9628,0.003829,172.217.194.0-255,97,292827,64,293453
9629,0.003928,172.217.194.0-255,105,292932,64,293453
9630,0.013626,172.31.40.0-255,101,293033,64,293453
9631,0.013665,172.217.194.0-255,105,293138,64,293453
9632,0.013685,172.31.40.0-255,78,293216,64,293453
9633,0.014086,172.31.40.0-255,105,293321,64,293453
9634,0.015959,172.217.194.0-255,66,293387,64,293453
9635,0.016376,172.217.194.0-255,66,293453,64,293453
9636,0.0,74.125.130.0-255,143,143,64,131556
9637,1.7e-05,172.31.40.0-255,66,209,64,131556
9638,2.5e-05,74.125.130.0-255,1484,1693,64,131556
9639,2.9e-05,172.31.40.0-255,66,1759,64,131556
9640,3.5e-05,74.125.130.0-255,2902,4661,64,131556
9641,3.8e-05,172.31.40.0-255,66,4727,64,131556
9642,4.7e-05,74.125.130.0-255,7156,11883,64,131556
9643,5.1e-05,172.31.40.0-255,66,11949,64,131556
9644,5.5e-05,74.125.130.0-255,2062,14011,64,131556
9645,5.8e-05,172.31.40.0-255,66,14077,64,131556
9646,0.00064,74.125.130.0-255,1484,15561,64,131556
9647,0.000647,172.31.40.0-255,66,15627,64,131556
9648,0.000655,74.125.130.0-255,2902,18529,64,131556
9649,0.000658,172.31.40.0-255,66,18595,64,131556
9650,0.000692,74.125.130.0-255,5738,24333,64,131556
9651,0.000695,172.31.40.0-255,66,24399,64,131556
9652,0.000703,74.125.130.0-255,6797,31196,64,131556
9653,0.000706,172.31.40.0-255,66,31262,64,131556
9654,0.000719,74.125.130.0-255,1484,32746,64,131556
9655,0.000721,172.31.40.0-255,66,32812,64,131556
9656,0.000726,74.125.130.0-255,2902,35714,64,131556
9657,0.000728,172.31.40.0-255,66,35780,64,131556
9658,0.000758,74.125.130.0-255,5738,41518,64,131556
9659,0.000761,172.31.40.0-255,66,41584,64,131556
9660,0.000765,74.125.130.0-255,1484,43068,64,131556
9661,0.000767,172.31.40.0-255,66,43134,64,131556
9662,0.000784,74.125.130.0-255,5379,48513,64,131556
9663,0.000787,172.31.40.0-255,66,48579,64,131556
9664,0.003455,74.125.130.0-255,1484,50063,64,131556
9665,0.003463,172.31.40.0-255,66,50129,64,131556
9666,0.00347,74.125.130.0-255,2902,53031,64,131556
9667,0.003473,172.31.40.0-255,66,53097,64,131556
9668,0.003476,74.125.130.0-255,1484,54581,64,131556
9669,0.005395,74.125.130.0-255,4320,58901,64,131556
9670,0.005402,172.31.40.0-255,66,58967,64,131556
9671,0.007349,74.125.130.0-255,5738,64705,64,131556
9672,0.007357,172.31.40.0-255,66,64771,64,131556
9673,0.009325,74.125.130.0-255,5738,70509,64,131556
9674,0.009332,172.31.40.0-255,66,70575,64,131556
9675,0.011281,74.125.130.0-255,5738,76313,64,131556
9676,0.01129,172.31.40.0-255,66,76379,64,131556
9677,0.01324,74.125.130.0-255,5738,82117,64,131556
9678,0.013249,172.31.40.0-255,66,82183,64,131556
9679,0.015184,74.125.130.0-255,5738,87921,64,131556
9680,0.015191,172.31.40.0-255,66,87987,64,131556
9681,0.017139,74.125.130.0-255,5738,93725,64,131556
9682,0.017147,172.31.40.0-255,66,93791,64,131556
9683,0.019092,74.125.130.0-255,4320,98111,64,131556
9684,0.019099,172.31.40.0-255,66,98177,64,131556
9685,0.01912,74.125.130.0-255,1484,99661,64,131556
9686,0.021033,74.125.130.0-255,4320,103981,64,131556
9687,0.021041,172.31.40.0-255,66,104047,64,131556
9688,0.022987,74.125.130.0-255,5738,109785,64,131556
9689,0.022994,172.31.40.0-255,66,109851,64,131556
9690,0.023167,172.31.40.0-255,172,110023,64,131556
9691,0.023196,172.31.40.0-255,1112,111135,64,131556
9692,0.023327,172.31.40.0-255,1514,112649,64,131556
9693,0.023329,172.31.40.0-255,1297,113946,64,131556
9694,0.024695,104.244.42.0-255,66,114012,64,131556
9695,0.024731,104.244.42.0-255,66,114078,64,131556
9696,0.02488,104.244.42.0-255,66,114144,64,131556
9697,0.024932,74.125.130.0-255,5738,119882,64,131556
9698,0.024938,172.31.40.0-255,66,119948,64,131556
9699,0.0269,74.125.130.0-255,5738,125686,64,131556
9700,0.026906,172.31.40.0-255,66,125752,64,131556
9701,0.028843,74.125.130.0-255,5738,131490,64,131556
9702,0.02885,172.31.40.0-255,66,131556,64,131556
9703,0.0,172.217.194.0-255,152,152,64,156389
9704,2.3e-05,172.31.40.0-255,66,218,64,156389
9705,3.1e-05,172.217.194.0-255,1484,1702,64,156389
9706,3.5e-05,172.31.40.0-255,66,1768,64,156389
9707,4.1e-05,172.217.194.0-255,2902,4670,64,156389
9708,4.4e-05,172.31.40.0-255,66,4736,64,156389
9709,7e-05,172.217.194.0-255,2902,7638,64,156389
9710,7.2e-05,172.31.40.0-255,66,7704,64,156389
9711,9e-05,172.217.194.0-255,2902,10606,64,156389
9712,9.3e-05,172.31.40.0-255,66,10672,64,156389
9713,0.000196,172.217.194.0-255,3456,14128,64,156389
9714,0.000201,172.31.40.0-255,66,14194,64,156389
9715,0.000406,172.217.194.0-255,1484,15678,64,156389
9716,0.00041,172.31.40.0-255,66,15744,64,156389
9717,0.000416,172.217.194.0-255,2902,18646,64,156389
9718,0.000419,172.31.40.0-255,66,18712,64,156389
9719,0.000482,172.217.194.0-255,5738,24450,64,156389
9720,0.000486,172.31.40.0-255,66,24516,64,156389
9721,0.000599,172.217.194.0-255,4320,28836,64,156389
9722,0.000603,172.31.40.0-255,66,28902,64,156389
9723,0.000621,172.217.194.0-255,2543,31445,64,156389
9724,0.000624,172.31.40.0-255,66,31511,64,156389
9725,0.00093,172.217.194.0-255,1484,32995,64,156389
9726,0.000936,172.31.40.0-255,66,33061,64,156389
9727,0.000945,172.217.194.0-255,2902,35963,64,156389
9728,0.000947,172.31.40.0-255,66,36029,64,156389
9729,0.00099,172.217.194.0-255,5738,41767,64,156389
9730,0.000993,172.31.40.0-255,66,41833,64,156389
9731,0.001115,172.217.194.0-255,4320,46153,64,156389
9732,0.00112,172.31.40.0-255,66,46219,64,156389
9733,0.001206,172.217.194.0-255,7156,53375,64,156389
9734,0.00121,172.31.40.0-255,66,53441,64,156389
9735,0.001225,172.217.194.0-255,5379,58820,64,156389
9736,0.001478,172.217.194.0-255,6797,65617,64,156389
9737,0.001654,172.217.194.0-255,647,66264,64,156389
9738,0.001778,172.217.194.0-255,1484,67748,64,156389
9739,0.001792,172.217.194.0-255,2902,70650,64,156389
9740,0.001842,172.217.194.0-255,1484,72134,64,156389
9741,0.001861,172.217.194.0-255,4320,76454,64,156389
9742,0.001973,172.217.194.0-255,4320,80774,64,156389
9743,0.001986,172.217.194.0-255,2902,83676,64,156389
9744,0.002132,172.217.194.0-255,7156,90832,64,156389
9745,0.002156,172.217.194.0-255,7156,97988,64,156389
9746,0.002435,172.217.194.0-255,2184,100172,64,156389
9747,0.006104,172.31.40.0-255,66,100238,64,156389
9748,0.008706,172.217.194.0-255,5738,105976,64,156389
9749,0.008714,172.31.40.0-255,66,106042,64,156389
9750,0.011321,172.217.194.0-255,5738,111780,64,156389
9751,0.011332,172.31.40.0-255,66,111846,64,156389
9752,0.013865,172.217.194.0-255,5738,117584,64,156389
9753,0.013876,172.31.40.0-255,66,117650,64,156389
9754,0.016443,172.217.194.0-255,5738,123388,64,156389
9755,0.016453,172.31.40.0-255,66,123454,64,156389
9756,0.019001,172.217.194.0-255,5738,129192,64,156389
9757,0.019009,172.31.40.0-255,66,129258,64,156389
9758,0.021563,172.217.194.0-255,5738,134996,64,156389
9759,0.021571,172.31.40.0-255,66,135062,64,156389
9760,0.02415,172.217.194.0-255,5738,140800,64,156389
9761,0.024158,172.31.40.0-255,66,140866,64,156389
9762,0.024294,172.31.40.0-255,167,141033,64,156389
9763,0.024321,172.31.40.0-255,1112,142145,64,156389
9764,0.024461,172.31.40.0-255,1514,143659,64,156389
9765,0.024463,172.31.40.0-255,1514,145173,64,156389
9766,0.024464,172.31.40.0-255,696,145869,64,156389
9767,0.025849,104.244.42.0-255,66,145935,64,156389
9768,0.02587,104.244.42.0-255,66,146001,64,156389
9769,0.026053,104.244.42.0-255,66,146067,64,156389
9770,0.026058,104.244.42.0-255,66,146133,64,156389
9771,0.026723,172.217.194.0-255,4320,150453,64,156389
9772,0.02673,172.31.40.0-255,66,150519,64,156389
9773,0.026752,172.217.194.0-255,1484,152003,64,156389
9774,0.02933,172.217.194.0-255,4320,156323,64,156389
9775,0.029336,172.31.40.0-255,66,156389,64,156389
9776,0.0,172.217.194.0-255,153,153,64,280521
9777,1.8e-05,172.31.40.0-255,66,219,64,280521
9778,2.5e-05,172.217.194.0-255,1484,1703,64,280521
9779,2.9e-05,172.31.40.0-255,66,1769,64,280521
9780,3.4e-05,172.217.194.0-255,2902,4671,64,280521
9781,3.8e-05,172.31.40.0-255,66,4737,64,280521
9782,4.5e-05,172.217.194.0-255,4320,9057,64,280521
9783,4.9e-05,172.31.40.0-255,66,9123,64,280521
9784,7.7e-05,172.217.194.0-255,4876,13999,64,280521
9785,8.1e-05,172.31.40.0-255,66,14065,64,280521
9786,0.000323,172.217.194.0-255,1484,15549,64,280521
9787,0.000329,172.31.40.0-255,66,15615,64,280521
9788,0.000335,172.217.194.0-255,2902,18517,64,280521
9789,0.000337,172.31.40.0-255,66,18583,64,280521
9790,0.000344,172.217.194.0-255,5738,24321,64,280521
9791,0.000348,172.31.40.0-255,66,24387,64,280521
9792,0.000395,172.217.194.0-255,6797,31184,64,280521
9793,0.000398,172.31.40.0-255,66,31250,64,280521
9794,0.000451,172.217.194.0-255,1484,32734,64,280521
9795,0.000454,172.31.40.0-255,66,32800,64,280521
9796,0.000459,172.217.194.0-255,2902,35702,64,280521
9797,0.000462,172.31.40.0-255,66,35768,64,280521
9798,0.000465,172.217.194.0-255,1484,37252,64,280521
9799,0.000467,172.31.40.0-255,66,37318,64,280521
9800,0.000487,172.217.194.0-255,4320,41638,64,280521
9801,0.00049,172.31.40.0-255,66,41704,64,280521
9802,0.000493,172.217.194.0-255,1484,43188,64,280521
9803,0.000495,172.31.40.0-255,66,43254,64,280521
9804,0.000502,172.217.194.0-255,5738,48992,64,280521
9805,0.000504,172.31.40.0-255,66,49058,64,280521
9806,0.000526,172.217.194.0-255,3961,53019,64,280521
9807,0.000529,172.31.40.0-255,66,53085,64,280521
9808,0.000547,172.217.194.0-255,5738,58823,64,280521
9809,0.00055,172.31.40.0-255,66,58889,64,280521
9810,0.000577,172.217.194.0-255,7050,65939,64,280521
9811,0.00058,172.31.40.0-255,66,66005,64,280521
9812,0.000583,172.217.194.0-255,118,66123,64,280521
9813,0.000624,172.217.194.0-255,382,66505,64,280521
9814,0.001104,172.217.194.0-255,1484,67989,64,280521
9815,0.001109,172.31.40.0-255,66,68055,64,280521
9816,0.001113,172.217.194.0-255,1484,69539,64,280521
9817,0.001126,172.217.194.0-255,1484,71023,64,280521
9818,0.001128,172.31.40.0-255,66,71089,64,280521
9819,0.001135,172.217.194.0-255,5738,76827,64,280521
9820,0.001138,172.31.40.0-255,66,76893,64,280521
9821,0.00117,172.217.194.0-255,7156,84049,64,280521
9822,0.001173,172.31.40.0-255,66,84115,64,280521
9823,0.001184,172.31.40.0-255,66,84181,64,280521
9824,0.001211,172.217.194.0-255,5738,89919,64,280521
9825,0.001214,172.31.40.0-255,66,89985,64,280521
9826,0.001218,172.217.194.0-255,2184,92169,64,280521
9827,0.00122,172.31.40.0-255,66,92235,64,280521
9828,0.001319,172.217.194.0-255,1484,93719,64,280521
9829,0.001323,172.217.194.0-255,1484,95203,64,280521
9830,0.001327,172.31.40.0-255,66,95269,64,280521
9831,0.001338,172.217.194.0-255,1484,96753,64,280521
9832,0.001344,172.217.194.0-255,5738,102491,64,280521
9833,0.001346,172.31.40.0-255,66,102557,64,280521
9834,0.00137,172.217.194.0-255,2902,105459,64,280521
9835,0.001372,172.31.40.0-255,66,105525,64,280521
9836,0.001388,172.217.194.0-255,7156,112681,64,280521
9837,0.00139,172.31.40.0-255,66,112747,64,280521
9838,0.001395,172.217.194.0-255,4320,117067,64,280521
9839,0.001397,172.31.40.0-255,66,117133,64,280521
9840,0.001421,172.217.194.0-255,4320,121453,64,280521
9841,0.001424,172.31.40.0-255,66,121519,64,280521
9842,0.001444,172.217.194.0-255,5020,126539,64,280521
9843,0.001447,172.31.40.0-255,66,126605,64,280521
9844,0.00154,172.217.194.0-255,1484,128089,64,280521
9845,0.001557,172.217.194.0-255,2902,130991,64,280521
9846,0.001562,172.217.194.0-255,4320,135311,64,280521
9847,0.001571,172.31.40.0-255,66,135377,64,280521
9848,0.001575,172.31.40.0-255,66,135443,64,280521
9849,0.001579,172.217.194.0-255,1484,136927,64,280521
9850,0.001585,172.217.194.0-255,5738,142665,64,280521
9851,0.001587,172.31.40.0-255,66,142731,64,280521
9852,0.001618,172.217.194.0-255,7156,149887,64,280521
9853,0.00162,172.31.40.0-255,66,149953,64,280521
9854,0.001634,172.31.40.0-255,66,150019,64,280521
9855,0.002001,172.217.194.0-255,1484,151503,64,280521
9856,0.002009,172.217.194.0-255,2902,154405,64,280521
9857,0.002013,172.31.40.0-255,66,154471,64,280521
9858,0.002018,172.217.194.0-255,2902,157373,64,280521
9859,0.00202,172.31.40.0-255,66,157439,64,280521
9860,0.002033,172.217.194.0-255,2902,160341,64,280521
9861,0.002036,172.31.40.0-255,66,160407,64,280521
9862,0.002039,172.217.194.0-255,1484,161891,64,280521
9863,0.002073,172.31.40.0-255,66,161957,64,280521
9864,0.002086,172.31.40.0-255,66,162023,64,280521
9865,0.002176,172.217.194.0-255,1484,163507,64,280521
9866,0.002182,172.217.194.0-255,2902,166409,64,280521
9867,0.002186,172.31.40.0-255,66,166475,64,280521
9868,0.002238,172.217.194.0-255,5738,172213,64,280521
9869,0.002242,172.31.40.0-255,66,172279,64,280521
9870,0.00225,172.217.194.0-255,7156,179435,64,280521
9871,0.002253,172.31.40.0-255,66,179501,64,280521
9872,0.002267,172.31.40.0-255,66,179567,64,280521
9873,0.00227,172.217.194.0-255,2184,181751,64,280521
9874,0.002273,172.31.40.0-255,66,181817,64,280521
9875,0.002371,172.217.194.0-255,1484,183301,64,280521
9876,0.002393,172.217.194.0-255,2902,186203,64,280521
9877,0.002397,172.31.40.0-255,66,186269,64,280521
9878,0.002401,172.217.194.0-255,1484,187753,64,280521
9879,0.002418,172.217.194.0-255,4320,192073,64,280521
9880,0.002421,172.31.40.0-255,66,192139,64,280521
9881,0.002424,172.217.194.0-255,1484,193623,64,280521
9882,0.002434,172.217.194.0-255,4320,197943,64,280521
9883,0.002436,172.31.40.0-255,66,198009,64,280521
9884,0.002455,172.217.194.0-255,4320,202329,64,280521
9885,0.002458,172.31.40.0-255,66,202395,64,280521
9886,0.002479,172.217.194.0-255,1484,203879,64,280521
9887,0.002514,172.31.40.0-255,66,203945,64,280521
9888,0.002517,172.217.194.0-255,1484,205429,64,280521
9889,0.002523,172.217.194.0-255,4320,209749,64,280521
9890,0.002525,172.31.40.0-255,66,209815,64,280521
9891,0.002527,172.217.194.0-255,1484,211299,64,280521
9892,0.00253,172.31.40.0-255,78,211377,64,280521
9893,0.002537,172.217.194.0-255,7156,218533,64,280521
9894,0.00254,172.31.40.0-255,66,218599,64,280521
9895,0.002555,172.31.40.0-255,66,218665,64,280521
9896,0.003093,172.217.194.0-255,1484,220149,64,280521
9897,0.003101,172.217.194.0-255,2902,223051,64,280521
9898,0.003106,172.31.40.0-255,66,223117,64,280521
9899,0.003113,172.217.194.0-255,5738,228855,64,280521
9900,0.003116,172.31.40.0-255,66,228921,64,280521
9901,0.003119,172.217.194.0-255,1484,230405,64,280521
9902,0.003148,172.31.40.0-255,66,230471,64,280521
9903,0.003171,172.217.194.0-255,1484,231955,64,280521
9904,0.003194,172.31.40.0-255,66,232021,64,280521
9905,0.003213,172.217.194.0-255,3602,235623,64,280521
9906,0.003216,172.31.40.0-255,66,235689,64,280521
9907,0.003226,172.217.194.0-255,1484,237173,64,280521
9908,0.003229,172.217.194.0-255,1484,238657,64,280521
9909,0.003231,172.31.40.0-255,66,238723,64,280521
9910,0.003242,172.217.194.0-255,1484,240207,64,280521
9911,0.003261,172.217.194.0-255,5738,245945,64,280521
9912,0.003264,172.31.40.0-255,66,246011,64,280521
9913,0.003267,172.217.194.0-255,1484,247495,64,280521
9914,0.003294,172.31.40.0-255,66,247561,64,280521
9915,0.003306,172.31.40.0-255,66,247627,64,280521
9916,0.003324,172.217.194.0-255,766,248393,64,280521
9917,0.003374,172.217.194.0-255,1484,249877,64,280521
9918,0.003376,172.31.40.0-255,66,249943,64,280521
9919,0.003394,172.217.194.0-255,2902,252845,64,280521
9920,0.003396,172.31.40.0-255,66,252911,64,280521
9921,0.003399,172.217.194.0-255,1484,254395,64,280521
9922,0.003422,172.217.194.0-255,4320,258715,64,280521
9923,0.003425,172.31.40.0-255,66,258781,64,280521
9924,0.003431,172.217.194.0-255,5738,264519,64,280521
9925,0.003433,172.31.40.0-255,66,264585,64,280521
9926,0.003452,172.217.194.0-255,7156,271741,64,280521
9927,0.003454,172.31.40.0-255,66,271807,64,280521
9928,0.003464,172.31.40.0-255,66,271873,64,280521
9929,0.003523,172.217.194.0-255,2184,274057,64,280521
9930,0.003525,172.31.40.0-255,66,274123,64,280521
9931,0.00434,172.217.194.0-255,1484,275607,64,280521
9932,0.004357,172.217.194.0-255,2902,278509,64,280521
9933,0.004359,172.31.40.0-255,66,278575,64,280521
9934,0.004363,172.217.194.0-255,1538,280113,64,280521
9935,0.004365,172.31.40.0-255,66,280179,64,280521
9936,0.004421,172.217.194.0-255,105,280284,64,280521
9937,0.012354,172.31.40.0-255,66,280350,64,280521
9938,0.012407,172.31.40.0-255,105,280455,64,280521
9939,0.01478,172.217.194.0-255,66,280521,64,280521
9940,0.0,172.217.194.0-255,297,297,64,165378
9941,1.6e-05,172.31.40.0-255,66,363,64,165378
9942,2.3e-05,172.217.194.0-255,1484,1847,64,165378
9943,2.8e-05,172.31.40.0-255,66,1913,64,165378
9944,3.5e-05,172.217.194.0-255,4320,6233,64,165378
9945,4.5e-05,172.31.40.0-255,66,6299,64,165378
9946,6.2e-05,172.217.194.0-255,1484,7783,64,165378
9947,6.4e-05,172.31.40.0-255,66,7849,64,165378
9948,9.3e-05,172.31.40.0-255,66,7915,64,165378
9949,0.000104,172.31.40.0-255,66,7981,64,165378
9950,0.000143,172.217.194.0-255,5738,13719,64,165378
9951,0.000146,172.31.40.0-255,66,13785,64,165378
9952,0.000149,172.217.194.0-255,1125,14910,64,165378
9953,0.00015,172.31.40.0-255,66,14976,64,165378
9954,0.000462,172.217.194.0-255,1484,16460,64,165378
9955,0.000467,172.31.40.0-255,66,16526,64,165378
9956,0.000474,172.217.194.0-255,2902,19428,64,165378
9957,0.000477,172.31.40.0-255,66,19494,64,165378
9958,0.000488,172.217.194.0-255,4320,23814,64,165378
9959,0.00049,172.31.40.0-255,66,23880,64,165378
9960,0.000516,172.217.194.0-255,1484,25364,64,165378
9961,0.000519,172.31.40.0-255,66,25430,64,165378
9962,0.000535,172.31.40.0-255,66,25496,64,165378
9963,0.000548,172.31.40.0-255,66,25562,64,165378
9964,0.000582,172.217.194.0-255,7049,32611,64,165378
9965,0.000591,172.31.40.0-255,66,32677,64,165378
9966,0.000594,172.217.194.0-255,119,32796,64,165378
9967,0.000596,172.31.40.0-255,66,32862,64,165378
9968,0.000684,172.217.194.0-255,1484,34346,64,165378
9969,0.000689,172.217.194.0-255,1484,35830,64,165378
9970,0.000692,172.31.40.0-255,66,35896,64,165378
9971,0.000711,172.217.194.0-255,1484,37380,64,165378
9972,0.000718,172.217.194.0-255,5738,43118,64,165378
9973,0.00072,172.31.40.0-255,66,43184,64,165378
9974,0.000749,172.217.194.0-255,1484,44668,64,165378
9975,0.000782,172.31.40.0-255,66,44734,64,165378
9976,0.000799,172.31.40.0-255,66,44800,64,165378
9977,0.000802,172.217.194.0-255,381,45181,64,165378
9978,0.001033,172.217.194.0-255,1484,46665,64,165378
9979,0.001037,172.31.40.0-255,66,46731,64,165378
9980,0.001042,172.217.194.0-255,2902,49633,64,165378
9981,0.001045,172.31.40.0-255,66,49699,64,165378
9982,0.001051,172.217.194.0-255,5738,55437,64,165378
9983,0.001061,172.31.40.0-255,66,55503,64,165378
9984,0.001066,172.217.194.0-255,2902,58405,64,165378
9985,0.001068,172.31.40.0-255,66,58471,64,165378
9986,0.001103,172.217.194.0-255,5738,64209,64,165378
9987,0.001106,172.31.40.0-255,66,64275,64,165378
9988,0.001151,172.31.40.0-255,66,64341,64,165378
9989,0.001578,172.217.194.0-255,1484,65825,64,165378
9990,0.001582,172.217.194.0-255,1484,67309,64,165378
9991,0.001585,172.31.40.0-255,66,67375,64,165378
9992,0.001618,172.217.194.0-255,1484,68859,64,165378
9993,0.001625,172.217.194.0-255,5738,74597,64,165378
9994,0.001627,172.31.40.0-255,66,74663,64,165378
9995,0.001638,172.31.40.0-255,66,74729,64,165378
9996,0.001675,172.217.194.0-255,5738,80467,64,165378
9997,0.001678,172.31.40.0-255,66,80533,64,165378
9998,0.001717,172.31.40.0-255,66,80599,64,165378
9999,0.001756,172.31.40.0-255,66,80665,64,165378
10000,0.001799,172.31.40.0-255,66,80731,64,165378
10001,0.001825,172.217.194.0-255,7156,87887,64,165378
10002,0.001828,172.31.40.0-255,66,87953,64,165378
10003,0.001834,172.217.194.0-255,5020,92973,64,165378
10004,0.001836,172.31.40.0-255,66,93039,64,165378
10005,0.001863,172.31.40.0-255,66,93105,64,165378
10006,0.001869,172.217.194.0-255,5020,98125,64,165378
10007,0.001871,172.31.40.0-255,66,98191,64,165378
10008,0.00191,172.31.40.0-255,66,98257,64,165378
10009,0.001954,172.31.40.0-255,66,98323,64,165378
10010,0.001968,172.31.40.0-255,66,98389,64,165378
10011,0.002023,172.217.194.0-255,1484,99873,64,165378
10012,0.002029,172.217.194.0-255,2902,102775,64,165378
10013,0.002032,172.31.40.0-255,66,102841,64,165378
10014,0.002053,172.217.194.0-255,5738,108579,64,165378
10015,0.002056,172.31.40.0-255,66,108645,64,165378
10016,0.002068,172.217.194.0-255,1484,110129,64,165378
10017,0.002098,172.31.40.0-255,66,110195,64,165378
10018,0.002104,172.217.194.0-255,5738,115933,64,165378
10019,0.002107,172.31.40.0-255,66,115999,64,165378
10020,0.002144,172.217.194.0-255,5020,121019,64,165378
10021,0.002149,172.31.40.0-255,66,121085,64,165378
10022,0.002244,172.217.194.0-255,1484,122569,64,165378
10023,0.00226,172.217.194.0-255,2902,125471,64,165378
10024,0.002264,172.31.40.0-255,66,125537,64,165378
10025,0.002297,172.217.194.0-255,5738,131275,64,165378
10026,0.002301,172.31.40.0-255,66,131341,64,165378
10027,0.002307,172.217.194.0-255,5738,137079,64,165378
10028,0.00231,172.31.40.0-255,66,137145,64,165378
10029,0.00233,172.217.194.0-255,7156,144301,64,165378
10030,0.002334,172.31.40.0-255,66,144367,64,165378
10031,0.002345,172.31.40.0-255,66,144433,64,165378
10032,0.00237,172.217.194.0-255,2184,146617,64,165378
10033,0.002372,172.31.40.0-255,66,146683,64,165378
10034,0.002375,172.217.194.0-255,1484,148167,64,165378
10035,0.002385,172.217.194.0-255,2902,151069,64,165378
10036,0.002387,172.31.40.0-255,66,151135,64,165378
10037,0.002393,172.217.194.0-255,5738,156873,64,165378
10038,0.002396,172.31.40.0-255,66,156939,64,165378
10039,0.002425,172.217.194.0-255,4320,161259,64,165378
10040,0.002429,172.31.40.0-255,66,161325,64,165378
10041,0.002469,172.31.40.0-255,66,161391,64,165378
10042,0.002482,172.31.40.0-255,66,161457,64,165378
10043,0.002532,172.31.40.0-255,66,161523,64,165378
10044,0.002571,172.31.40.0-255,66,161589,64,165378
10045,0.002589,172.31.40.0-255,66,161655,64,165378
10046,0.002594,172.217.194.0-255,3315,164970,64,165378
10047,0.002597,172.31.40.0-255,66,165036,64,165378
10048,0.002599,172.217.194.0-255,105,165141,64,165378
10049,0.021995,172.31.40.0-255,66,165207,64,165378
10050,0.022069,172.31.40.0-255,105,165312,64,165378
10051,0.024614,172.217.194.0-255,66,165378,64,165378
10052,0.0,74.125.68.0-255,152,152,64,175901
10053,2.3e-05,172.31.40.0-255,66,218,64,175901
10054,3.1e-05,74.125.68.0-255,1484,1702,64,175901
10055,3.5e-05,172.31.40.0-255,66,1768,64,175901
10056,4.1e-05,74.125.68.0-255,2902,4670,64,175901
10057,4.5e-05,172.31.40.0-255,66,4736,64,175901
10058,5.3e-05,74.125.68.0-255,5738,10474,64,175901
10059,5.6e-05,172.31.40.0-255,66,10540,64,175901
10060,6.2e-05,74.125.68.0-255,3528,14068,64,175901
10061,6.5e-05,172.31.40.0-255,66,14134,64,175901
10062,0.000234,74.125.68.0-255,1484,15618,64,175901
10063,0.000241,172.31.40.0-255,66,15684,64,175901
10064,0.000247,74.125.68.0-255,2902,18586,64,175901
10065,0.000249,172.31.40.0-255,66,18652,64,175901
10066,0.000264,74.125.68.0-255,2902,21554,64,175901
10067,0.000266,172.31.40.0-255,66,21620,64,175901
10068,0.000288,74.125.68.0-255,2902,24522,64,175901
10069,0.000291,172.31.40.0-255,66,24588,64,175901
10070,0.000297,74.125.68.0-255,4320,28908,64,175901
10071,0.0003,172.31.40.0-255,66,28974,64,175901
10072,0.000327,74.125.68.0-255,2543,31517,64,175901
10073,0.00033,172.31.40.0-255,66,31583,64,175901
10074,0.000449,74.125.68.0-255,1484,33067,64,175901
10075,0.000454,172.31.40.0-255,66,33133,64,175901
10076,0.000483,74.125.68.0-255,2902,36035,64,175901
10077,0.000486,172.31.40.0-255,66,36101,64,175901
10078,0.000491,74.125.68.0-255,2902,39003,64,175901
10079,0.000493,172.31.40.0-255,66,39069,64,175901
10080,0.000499,74.125.68.0-255,4320,43389,64,175901
10081,0.000502,172.31.40.0-255,66,43455,64,175901
10082,0.000545,74.125.68.0-255,4320,47775,64,175901
10083,0.000549,172.31.40.0-255,66,47841,64,175901
10084,0.000571,74.125.68.0-255,5379,53220,64,175901
10085,0.000575,172.31.40.0-255,66,53286,64,175901
10086,0.000599,74.125.68.0-255,1484,54770,64,175901
10087,0.000627,172.31.40.0-255,66,54836,64,175901
10088,0.000646,74.125.68.0-255,2855,57691,64,175901
10089,0.000649,172.31.40.0-255,66,57757,64,175901
10090,0.000667,74.125.68.0-255,109,57866,64,175901
10091,0.000697,74.125.68.0-255,331,58197,64,175901
10092,0.000913,74.125.68.0-255,1484,59681,64,175901
10093,0.000919,172.31.40.0-255,66,59747,64,175901
10094,0.000926,74.125.68.0-255,2902,62649,64,175901
10095,0.000928,172.31.40.0-255,66,62715,64,175901
10096,0.000957,74.125.68.0-255,4320,67035,64,175901
10097,0.000959,172.31.40.0-255,66,67101,64,175901
10098,0.000964,74.125.68.0-255,2902,70003,64,175901
10099,0.000967,172.31.40.0-255,66,70069,64,175901
10100,0.001002,74.125.68.0-255,2902,72971,64,175901
10101,0.001005,172.31.40.0-255,66,73037,64,175901
10102,0.001018,172.31.40.0-255,66,73103,64,175901
10103,0.001077,172.31.40.0-255,66,73169,64,175901
10104,0.001188,74.125.68.0-255,1484,74653,64,175901
10105,0.001206,74.125.68.0-255,2902,77555,64,175901
10106,0.00121,172.31.40.0-255,66,77621,64,175901
10107,0.001234,74.125.68.0-255,5738,83359,64,175901
10108,0.001236,172.31.40.0-255,66,83425,64,175901
10109,0.00126,74.125.68.0-255,4320,87745,64,175901
10110,0.001262,172.31.40.0-255,66,87811,64,175901
10111,0.001281,74.125.68.0-255,4320,92131,64,175901
10112,0.001283,172.31.40.0-255,66,92197,64,175901
10113,0.001313,74.125.68.0-255,7156,99353,64,175901
10114,0.001317,172.31.40.0-255,66,99419,64,175901
10115,0.001321,74.125.68.0-255,2902,102321,64,175901
10116,0.001324,172.31.40.0-255,66,102387,64,175901
10117,0.001337,74.125.68.0-255,4320,106707,64,175901
10118,0.00134,172.31.40.0-255,66,106773,64,175901
10119,0.001363,74.125.68.0-255,766,107539,64,175901
10120,0.001884,172.31.40.0-255,66,107605,64,175901
10121,0.003644,74.125.68.0-255,4320,111925,64,175901
10122,0.003652,172.31.40.0-255,66,111991,64,175901
10123,0.004182,74.125.68.0-255,1484,113475,64,175901
10124,0.005969,74.125.68.0-255,4320,117795,64,175901
10125,0.005974,172.31.40.0-255,66,117861,64,175901
10126,0.008287,74.125.68.0-255,5738,123599,64,175901
10127,0.008295,172.31.40.0-255,66,123665,64,175901
10128,0.010621,74.125.68.0-255,5738,129403,64,175901
10129,0.010631,172.31.40.0-255,66,129469,64,175901
10130,0.012966,74.125.68.0-255,5738,135207,64,175901
10131,0.01298,172.31.40.0-255,66,135273,64,175901
10132,0.015323,74.125.68.0-255,5738,141011,64,175901
10133,0.015336,172.31.40.0-255,66,141077,64,175901
10134,0.017665,74.125.68.0-255,5738,146815,64,175901
10135,0.017674,172.31.40.0-255,66,146881,64,175901
10136,0.019994,74.125.68.0-255,5738,152619,64,175901
10137,0.020004,172.31.40.0-255,66,152685,64,175901
10138,0.02234,74.125.68.0-255,5738,158423,64,175901
10139,0.02235,172.31.40.0-255,66,158489,64,175901
10140,0.024679,74.125.68.0-255,5738,164227,64,175901
10141,0.024687,172.31.40.0-255,66,164293,64,175901
10142,0.027009,74.125.68.0-255,5738,170031,64,175901
10143,0.02702,172.31.40.0-255,66,170097,64,175901
10144,0.02934,74.125.68.0-255,5738,175835,64,175901
10145,0.029347,172.31.40.0-255,66,175901,64,175901
10146,0.0,172.31.40.0-255,105,105,64,459
10147,0.000334,172.31.40.0-255,90,195,64,459
10148,0.000345,172.31.40.0-255,66,261,64,459
10149,0.002332,74.125.24.0-255,66,327,64,459
10150,0.002352,74.125.24.0-255,66,393,64,459
10151,0.002367,172.31.40.0-255,66,459,64,459
10152,0.0,74.125.24.0-255,153,153,64,215013
10153,2.5e-05,172.31.40.0-255,66,219,64,215013
10154,3.2e-05,74.125.24.0-255,1484,1703,64,215013
10155,3.6e-05,172.31.40.0-255,66,1769,64,215013
10156,4.2e-05,74.125.24.0-255,2902,4671,64,215013
10157,4.5e-05,172.31.40.0-255,66,4737,64,215013
10158,6.1e-05,74.125.24.0-255,7156,11893,64,215013
10159,6.5e-05,172.31.40.0-255,66,11959,64,215013
10160,8.8e-05,74.125.24.0-255,7156,19115,64,215013
10161,9.1e-05,172.31.40.0-255,66,19181,64,215013
10162,0.000107,74.125.24.0-255,582,19763,64,215013
10163,0.000115,172.31.40.0-255,66,19829,64,215013
10164,0.000121,74.125.24.0-255,4320,24149,64,215013
10165,0.000123,172.31.40.0-255,66,24215,64,215013
10166,0.000174,74.125.24.0-255,6797,31012,64,215013
10167,0.000178,172.31.40.0-255,66,31078,64,215013
10168,0.000204,74.125.24.0-255,1484,32562,64,215013
10169,0.000206,172.31.40.0-255,66,32628,64,215013
10170,0.000211,74.125.24.0-255,2902,35530,64,215013
10171,0.000214,172.31.40.0-255,66,35596,64,215013
10172,0.00025,74.125.24.0-255,5738,41334,64,215013
10173,0.000253,172.31.40.0-255,66,41400,64,215013
10174,0.000256,74.125.24.0-255,1484,42884,64,215013
10175,0.000258,172.31.40.0-255,66,42950,64,215013
10176,0.000301,172.31.40.0-255,66,43016,64,215013
10177,0.000314,172.31.40.0-255,66,43082,64,215013
10178,0.000343,74.125.24.0-255,4275,47357,64,215013
10179,0.000345,172.31.40.0-255,66,47423,64,215013
10180,0.000349,74.125.24.0-255,108,47531,64,215013
10181,0.000351,172.31.40.0-255,66,47597,64,215013
10182,0.00082,74.125.24.0-255,330,47927,64,215013
10183,0.00106,172.31.40.0-255,66,47993,64,215013
10184,0.00115,74.125.24.0-255,1484,49477,64,215013
10185,0.001157,74.125.24.0-255,1484,50961,64,215013
10186,0.00116,172.31.40.0-255,66,51027,64,215013
10187,0.001193,74.125.24.0-255,1484,52511,64,215013
10188,0.0012,74.125.24.0-255,5738,58249,64,215013
10189,0.001202,172.31.40.0-255,66,58315,64,215013
10190,0.001222,172.31.40.0-255,66,58381,64,215013
10191,0.001228,74.125.24.0-255,5738,64119,64,215013
10192,0.00123,172.31.40.0-255,66,64185,64,215013
10193,0.001264,74.125.24.0-255,5020,69205,64,215013
10194,0.001266,172.31.40.0-255,66,69271,64,215013
10195,0.001467,74.125.24.0-255,1484,70755,64,215013
10196,0.001472,74.125.24.0-255,1484,72239,64,215013
10197,0.001475,172.31.40.0-255,66,72305,64,215013
10198,0.001501,74.125.24.0-255,1484,73789,64,215013
10199,0.001508,74.125.24.0-255,5738,79527,64,215013
10200,0.001511,172.31.40.0-255,66,79593,64,215013
10201,0.001515,74.125.24.0-255,2902,82495,64,215013
10202,0.001517,172.31.40.0-255,66,82561,64,215013
10203,0.001561,172.31.40.0-255,66,82627,64,215013
10204,0.001568,74.125.24.0-255,5738,88365,64,215013
10205,0.00157,172.31.40.0-255,66,88431,64,215013
10206,0.001595,74.125.24.0-255,5020,93451,64,215013
10207,0.001599,172.31.40.0-255,66,93517,64,215013
10208,0.001635,74.125.24.0-255,1484,95001,64,215013
10209,0.001651,74.125.24.0-255,2902,97903,64,215013
10210,0.001653,172.31.40.0-255,66,97969,64,215013
10211,0.001659,74.125.24.0-255,4320,102289,64,215013
10212,0.001661,172.31.40.0-255,66,102355,64,215013
10213,0.001683,74.125.24.0-255,1484,103839,64,215013
10214,0.001712,74.125.24.0-255,7156,110995,64,215013
10215,0.001714,172.31.40.0-255,66,111061,64,215013
10216,0.001722,74.125.24.0-255,7156,118217,64,215013
10217,0.001725,172.31.40.0-255,66,118283,64,215013
10218,0.001746,74.125.24.0-255,1484,119767,64,215013
10219,0.001765,74.125.24.0-255,2902,122669,64,215013
10220,0.001767,172.31.40.0-255,66,122735,64,215013
10221,0.001793,74.125.24.0-255,5020,127755,64,215013
10222,0.001796,172.31.40.0-255,66,127821,64,215013
10223,0.002254,74.125.24.0-255,1484,129305,64,215013
10224,0.002263,74.125.24.0-255,2902,132207,64,215013
10225,0.002268,172.31.40.0-255,66,132273,64,215013
10226,0.002276,74.125.24.0-255,5738,138011,64,215013
10227,0.002279,172.31.40.0-255,66,138077,64,215013
10228,0.002293,74.125.24.0-255,7156,145233,64,215013
10229,0.002296,172.31.40.0-255,66,145299,64,215013
10230,0.002324,74.125.24.0-255,5738,151037,64,215013
10231,0.002327,172.31.40.0-255,66,151103,64,215013
10232,0.002341,172.31.40.0-255,66,151169,64,215013
10233,0.004641,74.125.24.0-255,5738,156907,64,215013
10234,0.004647,172.31.40.0-255,66,156973,64,215013
10235,0.007013,74.125.24.0-255,5738,162711,64,215013
10236,0.007019,172.31.40.0-255,66,162777,64,215013
10237,0.009345,74.125.24.0-255,5738,168515,64,215013
10238,0.009353,172.31.40.0-255,66,168581,64,215013
10239,0.011691,74.125.24.0-255,5738,174319,64,215013
10240,0.011705,172.31.40.0-255,66,174385,64,215013
10241,0.014031,74.125.24.0-255,5738,180123,64,215013
10242,0.014043,172.31.40.0-255,66,180189,64,215013
10243,0.016384,74.125.24.0-255,5738,185927,64,215013
10244,0.016393,172.31.40.0-255,66,185993,64,215013
10245,0.018723,74.125.24.0-255,5738,191731,64,215013
10246,0.018736,172.31.40.0-255,66,191797,64,215013
10247,0.021099,74.125.24.0-255,5738,197535,64,215013
10248,0.021112,172.31.40.0-255,66,197601,64,215013
10249,0.023427,74.125.24.0-255,5738,203339,64,215013
10250,0.023435,172.31.40.0-255,66,203405,64,215013
10251,0.02579,74.125.24.0-255,5738,209143,64,215013
10252,0.025811,172.31.40.0-255,66,209209,64,215013
10253,0.02815,74.125.24.0-255,5738,214947,64,215013
10254,0.028192,172.31.40.0-255,66,215013,64,215013
10255,0.0,172.217.194.0-255,153,153,64,108485
10256,1.5e-05,172.31.40.0-255,66,219,64,108485
10257,2.2e-05,172.217.194.0-255,1484,1703,64,108485
10258,2.6e-05,172.31.40.0-255,66,1769,64,108485
10259,3.2e-05,172.217.194.0-255,2902,4671,64,108485
10260,4.6e-05,172.31.40.0-255,66,4737,64,108485
10261,9.5e-05,172.217.194.0-255,4320,9057,64,108485
10262,9.8e-05,172.31.40.0-255,66,9123,64,108485
10263,0.000127,172.217.194.0-255,2902,12025,64,108485
10264,0.000129,172.31.40.0-255,66,12091,64,108485
10265,0.000298,172.31.40.0-255,66,12157,64,108485
10266,0.000553,172.31.40.0-255,66,12223,64,108485
10267,0.001006,172.217.194.0-255,5379,17602,64,108485
10268,0.001013,172.31.40.0-255,66,17668,64,108485
10269,0.001133,172.217.194.0-255,5738,23406,64,108485
10270,0.001137,172.31.40.0-255,66,23472,64,108485
10271,0.001269,172.217.194.0-255,7156,30628,64,108485
10272,0.001273,172.31.40.0-255,66,30694,64,108485
10273,0.001302,172.217.194.0-255,5379,36073,64,108485
10274,0.001304,172.31.40.0-255,66,36139,64,108485
10275,0.001585,172.217.194.0-255,5738,41877,64,108485
10276,0.001591,172.31.40.0-255,66,41943,64,108485
10277,0.001639,172.31.40.0-255,66,42009,64,108485
10278,0.002277,172.31.40.0-255,66,42075,64,108485
10279,0.002334,172.31.40.0-255,66,42141,64,108485
10280,0.003218,172.217.194.0-255,7156,49297,64,108485
10281,0.003221,172.31.40.0-255,66,49363,64,108485
10282,0.003285,172.217.194.0-255,5738,55101,64,108485
10283,0.004145,172.217.194.0-255,1484,56585,64,108485
10284,0.004197,172.217.194.0-255,4320,60905,64,108485
10285,0.004852,172.217.194.0-255,5738,66643,64,108485
10286,0.00558,172.217.194.0-255,2902,69545,64,108485
10287,0.005593,172.217.194.0-255,2902,72447,64,108485
10288,0.005603,172.217.194.0-255,1484,73931,64,108485
10289,0.005733,172.31.40.0-255,66,73997,64,108485
10290,0.005755,172.217.194.0-255,7156,81153,64,108485
10291,0.005817,172.31.40.0-255,66,81219,64,108485
10292,0.005826,172.217.194.0-255,1484,82703,64,108485
10293,0.006728,172.217.194.0-255,7156,89859,64,108485
10294,0.006733,172.31.40.0-255,66,89925,64,108485
10295,0.006795,172.31.40.0-255,66,89991,64,108485
10296,0.007358,172.217.194.0-255,7156,97147,64,108485
10297,0.007364,172.31.40.0-255,66,97213,64,108485
10298,0.007424,172.31.40.0-255,66,97279,64,108485
10299,0.008375,172.217.194.0-255,7156,104435,64,108485
10300,0.010045,172.217.194.0-255,3813,108248,64,108485
10301,0.013813,172.31.40.0-255,66,108314,64,108485
10302,0.014818,172.31.40.0-255,105,108419,64,108485
10303,0.01683,172.217.194.0-255,66,108485,64,108485
10304,0.0,172.217.26.0-255,147,147,64,187252
10305,2e-05,172.31.40.0-255,66,213,64,187252
10306,2.7e-05,172.217.26.0-255,1484,1697,64,187252
10307,3.2e-05,172.31.40.0-255,66,1763,64,187252
10308,3.8e-05,172.217.26.0-255,2902,4665,64,187252
10309,4.2e-05,172.31.40.0-255,66,4731,64,187252
10310,4.9e-05,172.217.26.0-255,7156,11887,64,187252
10311,5.3e-05,172.31.40.0-255,66,11953,64,187252
10312,5.8e-05,172.217.26.0-255,3402,15355,64,187252
10313,6e-05,172.31.40.0-255,66,15421,64,187252
10314,6.6e-05,172.217.26.0-255,4320,19741,64,187252
10315,6.9e-05,172.31.40.0-255,66,19807,64,187252
10316,8.2e-05,172.31.40.0-255,66,19873,64,187252
10317,8.5e-05,172.217.26.0-255,1125,20998,64,187252
10318,8.7e-05,172.31.40.0-255,66,21064,64,187252
10319,0.000143,172.217.26.0-255,1484,22548,64,187252
10320,0.000146,172.31.40.0-255,66,22614,64,187252
10321,0.000151,172.217.26.0-255,2902,25516,64,187252
10322,0.000153,172.31.40.0-255,66,25582,64,187252
10323,0.000174,172.217.26.0-255,5738,31320,64,187252
10324,0.000177,172.31.40.0-255,66,31386,64,187252
10325,0.000195,172.217.26.0-255,6797,38183,64,187252
10326,0.000197,172.31.40.0-255,66,38249,64,187252
10327,0.000284,172.217.26.0-255,1484,39733,64,187252
10328,0.000287,172.31.40.0-255,66,39799,64,187252
10329,0.000291,172.217.26.0-255,1484,41283,64,187252
10330,0.000293,172.31.40.0-255,66,41349,64,187252
10331,0.000312,172.217.26.0-255,1484,42833,64,187252
10332,0.000314,172.31.40.0-255,66,42899,64,187252
10333,0.00032,172.217.26.0-255,5738,48637,64,187252
10334,0.000323,172.31.40.0-255,66,48703,64,187252
10335,0.000363,172.217.26.0-255,7123,55826,64,187252
10336,0.000366,172.31.40.0-255,66,55892,64,187252
10337,0.000527,172.31.40.0-255,101,55993,64,187252
10338,0.000805,172.217.26.0-255,120,56113,64,187252
10339,0.001082,172.217.26.0-255,1484,57597,64,187252
10340,0.001087,172.31.40.0-255,66,57663,64,187252
10341,0.001092,172.217.26.0-255,2902,60565,64,187252
10342,0.001094,172.31.40.0-255,66,60631,64,187252
10343,0.001115,172.217.26.0-255,5738,66369,64,187252
10344,0.001117,172.31.40.0-255,66,66435,64,187252
10345,0.001134,172.217.26.0-255,2902,69337,64,187252
10346,0.001137,172.31.40.0-255,66,69403,64,187252
10347,0.001163,172.31.40.0-255,66,69469,64,187252
10348,0.001176,172.31.40.0-255,66,69535,64,187252
10349,0.001211,172.217.26.0-255,1484,71019,64,187252
10350,0.001215,172.217.26.0-255,1484,72503,64,187252
10351,0.001217,172.31.40.0-255,66,72569,64,187252
10352,0.001237,172.217.26.0-255,1484,74053,64,187252
10353,0.001244,172.217.26.0-255,5738,79791,64,187252
10354,0.001246,172.31.40.0-255,66,79857,64,187252
10355,0.001253,172.217.26.0-255,5738,85595,64,187252
10356,0.001255,172.31.40.0-255,66,85661,64,187252
10357,0.00127,172.217.26.0-255,807,86468,64,187252
10358,0.001491,172.217.26.0-255,1484,87952,64,187252
10359,0.001494,172.31.40.0-255,66,88018,64,187252
10360,0.001499,172.217.26.0-255,2902,90920,64,187252
10361,0.001501,172.31.40.0-255,66,90986,64,187252
10362,0.001505,172.217.26.0-255,2902,93888,64,187252
10363,0.001507,172.31.40.0-255,66,93954,64,187252
10364,0.001511,172.217.26.0-255,2902,96856,64,187252
10365,0.001512,172.31.40.0-255,66,96922,64,187252
10366,0.001547,172.217.26.0-255,1484,98406,64,187252
10367,0.001558,172.31.40.0-255,66,98472,64,187252
10368,0.001563,172.217.26.0-255,5738,104210,64,187252
10369,0.001565,172.31.40.0-255,66,104276,64,187252
10370,0.00159,172.31.40.0-255,66,104342,64,187252
10371,0.002472,172.217.26.0-255,66,104408,64,187252
10372,0.00363,172.217.26.0-255,5738,110146,64,187252
10373,0.003634,172.31.40.0-255,66,110212,64,187252
10374,0.005627,172.217.26.0-255,5738,115950,64,187252
10375,0.005634,172.31.40.0-255,66,116016,64,187252
10376,0.007624,172.217.26.0-255,5738,121754,64,187252
10377,0.00763,172.31.40.0-255,66,121820,64,187252
10378,0.009617,172.217.26.0-255,5738,127558,64,187252
10379,0.009624,172.31.40.0-255,66,127624,64,187252
10380,0.011622,172.217.26.0-255,5738,133362,64,187252
10381,0.01163,172.31.40.0-255,66,133428,64,187252
10382,0.013623,172.217.26.0-255,4320,137748,64,187252
10383,0.013629,172.31.40.0-255,66,137814,64,187252
10384,0.013649,172.217.26.0-255,1484,139298,64,187252
10385,0.015622,172.217.26.0-255,4320,143618,64,187252
10386,0.01563,172.31.40.0-255,66,143684,64,187252
10387,0.017633,172.217.26.0-255,5738,149422,64,187252
10388,0.017641,172.31.40.0-255,66,149488,64,187252
10389,0.01963,172.217.26.0-255,5738,155226,64,187252
10390,0.019638,172.31.40.0-255,66,155292,64,187252
10391,0.021626,172.217.26.0-255,4320,159612,64,187252
10392,0.021632,172.31.40.0-255,66,159678,64,187252
10393,0.02165,172.217.26.0-255,1484,161162,64,187252
10394,0.02362,172.217.26.0-255,4320,165482,64,187252
10395,0.023627,172.31.40.0-255,66,165548,64,187252
10396,0.025608,172.217.26.0-255,5738,171286,64,187252
10397,0.025614,172.31.40.0-255,66,171352,64,187252
10398,0.026664,172.31.40.0-255,172,171524,64,187252
10399,0.026688,172.31.40.0-255,1111,172635,64,187252
10400,0.026736,172.31.40.0-255,1514,174149,64,187252
10401,0.026737,172.31.40.0-255,1297,175446,64,187252
10402,0.027609,172.217.26.0-255,5738,181184,64,187252
10403,0.027616,172.31.40.0-255,66,181250,64,187252
10404,0.028183,104.244.42.0-255,66,181316,64,187252
10405,0.028219,104.244.42.0-255,66,181382,64,187252
10406,0.02828,104.244.42.0-255,66,181448,64,187252
10407,0.029602,172.217.26.0-255,5738,187186,64,187252
10408,0.029607,172.31.40.0-255,66,187252,64,187252
10409,0.0,172.217.194.0-255,146,146,64,225338
10410,2.1e-05,172.31.40.0-255,66,212,64,225338
10411,2.8e-05,172.217.194.0-255,1484,1696,64,225338
10412,3.2e-05,172.31.40.0-255,66,1762,64,225338
10413,3.7e-05,172.217.194.0-255,2902,4664,64,225338
10414,4.7e-05,172.31.40.0-255,66,4730,64,225338
10415,5.1e-05,172.217.194.0-255,2902,7632,64,225338
10416,5.4e-05,172.31.40.0-255,66,7698,64,225338
10417,5.9e-05,172.217.194.0-255,4320,12018,64,225338
10418,6.1e-05,172.31.40.0-255,66,12084,64,225338
10419,8.6e-05,172.217.194.0-255,2902,14986,64,225338
10420,8.9e-05,172.31.40.0-255,66,15052,64,225338
10421,0.000115,172.217.194.0-255,6256,21308,64,225338
10422,0.000117,172.31.40.0-255,66,21374,64,225338
10423,0.000123,172.217.194.0-255,7156,28530,64,225338
10424,0.000125,172.31.40.0-255,66,28596,64,225338
10425,0.000154,172.217.194.0-255,1484,30080,64,225338
10426,0.000156,172.31.40.0-255,66,30146,64,225338
10427,0.000177,172.217.194.0-255,1125,31271,64,225338
10428,0.000179,172.31.40.0-255,66,31337,64,225338
10429,0.000315,172.217.194.0-255,1484,32821,64,225338
10430,0.000319,172.31.40.0-255,66,32887,64,225338
10431,0.000323,172.217.194.0-255,1484,34371,64,225338
10432,0.000325,172.31.40.0-255,66,34437,64,225338
10433,0.000345,172.217.194.0-255,1484,35921,64,225338
10434,0.000348,172.31.40.0-255,66,35987,64,225338
10435,0.000358,172.217.194.0-255,5738,41725,64,225338
10436,0.00036,172.31.40.0-255,66,41791,64,225338
10437,0.000365,172.217.194.0-255,5738,47529,64,225338
10438,0.000367,172.31.40.0-255,66,47595,64,225338
10439,0.000419,172.31.40.0-255,66,47661,64,225338
10440,0.000454,172.217.194.0-255,2902,50563,64,225338
10441,0.000457,172.31.40.0-255,66,50629,64,225338
10442,0.000466,172.217.194.0-255,1415,52044,64,225338
10443,0.000468,172.31.40.0-255,66,52110,64,225338
10444,0.000651,172.217.194.0-255,364,52474,64,225338
10445,0.000655,172.31.40.0-255,66,52540,64,225338
10446,0.000693,172.217.194.0-255,1484,54024,64,225338
10447,0.000696,172.31.40.0-255,66,54090,64,225338
10448,0.000719,172.217.194.0-255,2902,56992,64,225338
10449,0.000729,172.217.194.0-255,1484,58476,64,225338
10450,0.000745,172.217.194.0-255,4320,62796,64,225338
10451,0.000757,172.31.40.0-255,66,62862,64,225338
10452,0.000782,172.217.194.0-255,6797,69659,64,225338
10453,0.000789,172.31.40.0-255,66,69725,64,225338
10454,0.000845,172.217.194.0-255,1484,71209,64,225338
10455,0.000862,172.217.194.0-255,2902,74111,64,225338
10456,0.000867,172.217.194.0-255,4320,78431,64,225338
10457,0.000872,172.31.40.0-255,66,78497,64,225338
10458,0.000881,172.217.194.0-255,1484,79981,64,225338
10459,0.000909,172.217.194.0-255,2902,82883,64,225338
10460,0.000928,172.217.194.0-255,3961,86844,64,225338
10461,0.000933,172.31.40.0-255,66,86910,64,225338
10462,0.001959,172.217.194.0-255,1484,88394,64,225338
10463,0.001966,172.31.40.0-255,66,88460,64,225338
10464,0.001976,172.217.194.0-255,2902,91362,64,225338
10465,0.001979,172.31.40.0-255,66,91428,64,225338
10466,0.001988,172.217.194.0-255,2902,94330,64,225338
10467,0.00199,172.31.40.0-255,66,94396,64,225338
10468,0.002014,172.217.194.0-255,2902,97298,64,225338
10469,0.002017,172.217.194.0-255,1484,98782,64,225338
10470,0.002078,172.217.194.0-255,2902,101684,64,225338
10471,0.002118,172.217.194.0-255,4320,106004,64,225338
10472,0.002136,172.217.194.0-255,3602,109606,64,225338
10473,0.002139,172.217.194.0-255,1484,111090,64,225338
10474,0.002143,172.217.194.0-255,2902,113992,64,225338
10475,0.002163,172.217.194.0-255,5738,119730,64,225338
10476,0.002187,172.217.194.0-255,7156,126886,64,225338
10477,0.002213,172.217.194.0-255,5738,132624,64,225338
10478,0.002333,172.217.194.0-255,2184,134808,64,225338
10479,0.002407,172.217.194.0-255,2184,136992,64,225338
10480,0.002411,172.217.194.0-255,2902,139894,64,225338
10481,0.002414,172.217.194.0-255,1484,141378,64,225338
10482,0.002438,172.217.194.0-255,5738,147116,64,225338
10483,0.002452,172.217.194.0-255,5738,152854,64,225338
10484,0.002489,172.217.194.0-255,4320,157174,64,225338
10485,0.002521,172.217.194.0-255,4320,161494,64,225338
10486,0.002587,172.217.194.0-255,5738,167232,64,225338
10487,0.003475,172.31.40.0-255,66,167298,64,225338
10488,0.006108,172.217.194.0-255,5738,173036,64,225338
10489,0.006115,172.31.40.0-255,66,173102,64,225338
10490,0.008734,172.217.194.0-255,5738,178840,64,225338
10491,0.008741,172.31.40.0-255,66,178906,64,225338
10492,0.011361,172.217.194.0-255,5738,184644,64,225338
10493,0.011367,172.31.40.0-255,66,184710,64,225338
10494,0.013974,172.217.194.0-255,5738,190448,64,225338
10495,0.013986,172.31.40.0-255,66,190514,64,225338
10496,0.016626,172.217.194.0-255,5738,196252,64,225338
10497,0.016643,172.31.40.0-255,66,196318,64,225338
10498,0.019286,172.217.194.0-255,5738,202056,64,225338
10499,0.019305,172.31.40.0-255,66,202122,64,225338
10500,0.021912,172.217.194.0-255,5738,207860,64,225338
10501,0.02192,172.31.40.0-255,66,207926,64,225338
10502,0.024511,172.217.194.0-255,5738,213664,64,225338
10503,0.024521,172.31.40.0-255,66,213730,64,225338
10504,0.027127,172.217.194.0-255,5738,219468,64,225338
10505,0.027135,172.31.40.0-255,66,219534,64,225338
10506,0.029756,172.217.194.0-255,5738,225272,64,225338
10507,0.029764,172.31.40.0-255,66,225338,64,225338
10508,0.0,172.217.194.0-255,152,152,64,170976
10509,2.4e-05,172.31.40.0-255,66,218,64,170976
10510,3.1e-05,172.217.194.0-255,1484,1702,64,170976
10511,3.6e-05,172.31.40.0-255,66,1768,64,170976
10512,5.3e-05,172.217.194.0-255,2902,4670,64,170976
10513,5.7e-05,172.31.40.0-255,66,4736,64,170976
10514,6.5e-05,172.217.194.0-255,7156,11892,64,170976
10515,6.8e-05,172.31.40.0-255,66,11958,64,170976
10516,8.6e-05,172.31.40.0-255,66,12024,64,170976
10517,0.000109,172.217.194.0-255,3961,15985,64,170976
10518,0.000112,172.31.40.0-255,66,16051,64,170976
10519,0.000154,172.217.194.0-255,1484,17535,64,170976
10520,0.000157,172.31.40.0-255,66,17601,64,170976
10521,0.000184,172.217.194.0-255,1484,19085,64,170976
10522,0.000187,172.31.40.0-255,66,19151,64,170976
10523,0.000192,172.217.194.0-255,4320,23471,64,170976
10524,0.000194,172.31.40.0-255,66,23537,64,170976
10525,0.000206,172.31.40.0-255,66,23603,64,170976
10526,0.000244,172.31.40.0-255,66,23669,64,170976
10527,0.000247,172.217.194.0-255,378,24047,64,170976
10528,0.000249,172.31.40.0-255,66,24113,64,170976
10529,0.000287,172.217.194.0-255,99,24212,64,170976
10530,0.00029,172.31.40.0-255,66,24278,64,170976
10531,0.000431,172.217.194.0-255,1484,25762,64,170976
10532,0.000435,172.31.40.0-255,66,25828,64,170976
10533,0.000441,172.217.194.0-255,2902,28730,64,170976
10534,0.000444,172.31.40.0-255,66,28796,64,170976
10535,0.000454,172.217.194.0-255,4320,33116,64,170976
10536,0.000457,172.31.40.0-255,66,33182,64,170976
10537,0.000491,172.217.194.0-255,1484,34666,64,170976
10538,0.000499,172.217.194.0-255,5738,40404,64,170976
10539,0.000501,172.31.40.0-255,66,40470,64,170976
10540,0.000515,172.31.40.0-255,66,40536,64,170976
10541,0.000518,172.217.194.0-255,1484,42020,64,170976
10542,0.000549,172.217.194.0-255,3602,45622,64,170976
10543,0.000551,172.31.40.0-255,66,45688,64,170976
10544,0.000555,172.217.194.0-255,1484,47172,64,170976
10545,0.000579,172.217.194.0-255,2902,50074,64,170976
10546,0.000581,172.31.40.0-255,66,50140,64,170976
10547,0.000585,172.217.194.0-255,1484,51624,64,170976
10548,0.000615,172.217.194.0-255,4320,55944,64,170976
10549,0.000618,172.31.40.0-255,66,56010,64,170976
10550,0.000632,172.31.40.0-255,66,56076,64,170976
10551,0.000648,172.31.40.0-255,66,56142,64,170976
10552,0.000704,172.217.194.0-255,2184,58326,64,170976
10553,0.000706,172.31.40.0-255,66,58392,64,170976
10554,0.000711,172.217.194.0-255,2902,61294,64,170976
10555,0.000714,172.31.40.0-255,66,61360,64,170976
10556,0.000746,172.217.194.0-255,4320,65680,64,170976
10557,0.000749,172.31.40.0-255,66,65746,64,170976
10558,0.000761,172.31.40.0-255,66,65812,64,170976
10559,0.000773,172.217.194.0-255,2902,68714,64,170976
10560,0.000776,172.31.40.0-255,66,68780,64,170976
10561,0.000817,172.31.40.0-255,66,68846,64,170976
10562,0.000822,172.217.194.0-255,2902,71748,64,170976
10563,0.000824,172.31.40.0-255,66,71814,64,170976
10564,0.000855,172.217.194.0-255,3602,75416,64,170976
10565,0.000858,172.31.40.0-255,66,75482,64,170976
10566,0.000866,172.217.194.0-255,7156,82638,64,170976
10567,0.000868,172.31.40.0-255,66,82704,64,170976
10568,0.000888,172.31.40.0-255,66,82770,64,170976
10569,0.000894,172.217.194.0-255,6438,89208,64,170976
10570,0.0009,172.31.40.0-255,66,89274,64,170976
10571,0.000935,172.217.194.0-255,1484,90758,64,170976
10572,0.00094,172.217.194.0-255,2902,93660,64,170976
10573,0.000942,172.31.40.0-255,66,93726,64,170976
10574,0.000949,172.217.194.0-255,5738,99464,64,170976
10575,0.000952,172.31.40.0-255,66,99530,64,170976
10576,0.00098,172.31.40.0-255,66,99596,64,170976
10577,0.001013,172.217.194.0-255,4320,103916,64,170976
10578,0.001016,172.31.40.0-255,66,103982,64,170976
10579,0.001027,172.31.40.0-255,66,104048,64,170976
10580,0.001031,172.217.194.0-255,2902,106950,64,170976
10581,0.001034,172.31.40.0-255,66,107016,64,170976
10582,0.001104,172.31.40.0-255,66,107082,64,170976
10583,0.001115,172.31.40.0-255,66,107148,64,170976
10584,0.001253,172.217.194.0-255,1484,108632,64,170976
10585,0.001258,172.217.194.0-255,2902,111534,64,170976
10586,0.001262,172.31.40.0-255,66,111600,64,170976
10587,0.001269,172.217.194.0-255,5738,117338,64,170976
10588,0.001271,172.31.40.0-255,66,117404,64,170976
10589,0.00131,172.31.40.0-255,66,117470,64,170976
10590,0.001322,172.31.40.0-255,66,117536,64,170976
10591,0.001346,172.217.194.0-255,766,118302,64,170976
10592,0.001453,172.217.194.0-255,1484,119786,64,170976
10593,0.001457,172.31.40.0-255,66,119852,64,170976
10594,0.00146,172.217.194.0-255,1484,121336,64,170976
10595,0.001482,172.217.194.0-255,1484,122820,64,170976
10596,0.001488,172.217.194.0-255,5738,128558,64,170976
10597,0.001524,172.217.194.0-255,1484,130042,64,170976
10598,0.001528,172.31.40.0-255,66,130108,64,170976
10599,0.001531,172.31.40.0-255,66,130174,64,170976
10600,0.001561,172.217.194.0-255,4320,134494,64,170976
10601,0.001563,172.31.40.0-255,66,134560,64,170976
10602,0.001577,172.31.40.0-255,66,134626,64,170976
10603,0.001583,172.217.194.0-255,5020,139646,64,170976
10604,0.001587,172.31.40.0-255,66,139712,64,170976
10605,0.001591,172.217.194.0-255,2902,142614,64,170976
10606,0.001594,172.31.40.0-255,66,142680,64,170976
10607,0.001628,172.217.194.0-255,4320,147000,64,170976
10608,0.001631,172.31.40.0-255,66,147066,64,170976
10609,0.001643,172.31.40.0-255,66,147132,64,170976
10610,0.001648,172.217.194.0-255,4320,151452,64,170976
10611,0.001651,172.31.40.0-255,66,151518,64,170976
10612,0.001691,172.217.194.0-255,5738,157256,64,170976
10613,0.001695,172.31.40.0-255,66,157322,64,170976
10614,0.001698,172.217.194.0-255,1484,158806,64,170976
10615,0.001738,172.31.40.0-255,66,158872,64,170976
10616,0.001745,172.217.194.0-255,5738,164610,64,170976
10617,0.001747,172.31.40.0-255,66,164676,64,170976
10618,0.001792,172.31.40.0-255,66,164742,64,170976
10619,0.001797,172.217.194.0-255,3602,168344,64,170976
10620,0.001799,172.31.40.0-255,66,168410,64,170976
10621,0.001803,172.217.194.0-255,2158,170568,64,170976
10622,0.001805,172.31.40.0-255,66,170634,64,170976
10623,0.00184,172.217.194.0-255,105,170739,64,170976
10624,0.004613,172.31.40.0-255,66,170805,64,170976
10625,0.004652,172.31.40.0-255,105,170910,64,170976
10626,0.00694,172.217.194.0-255,66,170976,64,170976
10627,0.0,172.217.194.0-255,288,288,64,157269
10628,2.5e-05,172.31.40.0-255,66,354,64,157269
10629,3.2e-05,172.217.194.0-255,1484,1838,64,157269
10630,3.6e-05,172.31.40.0-255,66,1904,64,157269
10631,4.3e-05,172.217.194.0-255,4320,6224,64,157269
10632,4.7e-05,172.31.40.0-255,66,6290,64,157269
10633,6.7e-05,172.31.40.0-255,66,6356,64,157269
10634,7.2e-05,172.217.194.0-255,2902,9258,64,157269
10635,7.4e-05,172.31.40.0-255,66,9324,64,157269
10636,0.000121,172.31.40.0-255,66,9390,64,157269
10637,0.000124,172.217.194.0-255,1484,10874,64,157269
10638,0.000126,172.31.40.0-255,66,10940,64,157269
10639,0.000131,172.217.194.0-255,2902,13842,64,157269
10640,0.000134,172.31.40.0-255,66,13908,64,157269
10641,0.000141,172.217.194.0-255,5738,19646,64,157269
10642,0.000143,172.31.40.0-255,66,19712,64,157269
10643,0.000196,172.217.194.0-255,6797,26509,64,157269
10644,0.000199,172.31.40.0-255,66,26575,64,157269
10645,0.000835,172.217.194.0-255,1484,28059,64,157269
10646,0.000841,172.31.40.0-255,66,28125,64,157269
10647,0.000848,172.217.194.0-255,2902,31027,64,157269
10648,0.00085,172.31.40.0-255,66,31093,64,157269
10649,0.000862,172.217.194.0-255,5738,36831,64,157269
10650,0.000864,172.31.40.0-255,66,36897,64,157269
10651,0.000903,172.31.40.0-255,66,36963,64,157269
10652,0.000936,172.217.194.0-255,3961,40924,64,157269
10653,0.000939,172.31.40.0-255,66,40990,64,157269
10654,0.000953,172.31.40.0-255,66,41056,64,157269
10655,0.000995,172.31.40.0-255,66,41122,64,157269
10656,0.001028,172.217.194.0-255,1484,42606,64,157269
10657,0.001046,172.217.194.0-255,2902,45508,64,157269
10658,0.001063,172.31.40.0-255,66,45574,64,157269
10659,0.00107,172.217.194.0-255,5738,51312,64,157269
10660,0.001076,172.31.40.0-255,66,51378,64,157269
10661,0.001107,172.217.194.0-255,6133,57511,64,157269
10662,0.001116,172.31.40.0-255,66,57577,64,157269
10663,0.00179,172.217.194.0-255,1484,59061,64,157269
10664,0.001801,172.217.194.0-255,2902,61963,64,157269
10665,0.001806,172.31.40.0-255,66,62029,64,157269
10666,0.001814,172.217.194.0-255,5738,67767,64,157269
10667,0.001816,172.31.40.0-255,66,67833,64,157269
10668,0.001848,172.217.194.0-255,1484,69317,64,157269
10669,0.001865,172.217.194.0-255,6074,75391,64,157269
10670,0.001867,172.31.40.0-255,66,75457,64,157269
10671,0.001896,172.217.194.0-255,7156,82613,64,157269
10672,0.001898,172.31.40.0-255,66,82679,64,157269
10673,0.001925,172.217.194.0-255,1484,84163,64,157269
10674,0.001932,172.217.194.0-255,4320,88483,64,157269
10675,0.001935,172.31.40.0-255,66,88549,64,157269
10676,0.001981,172.217.194.0-255,6438,94987,64,157269
10677,0.004863,172.31.40.0-255,66,95053,64,157269
10678,0.007238,172.217.194.0-255,5738,100791,64,157269
10679,0.007246,172.31.40.0-255,66,100857,64,157269
10680,0.009631,172.217.194.0-255,5738,106595,64,157269
10681,0.009638,172.31.40.0-255,66,106661,64,157269
10682,0.011998,172.217.194.0-255,5738,112399,64,157269
10683,0.012007,172.31.40.0-255,66,112465,64,157269
10684,0.014415,172.217.194.0-255,5738,118203,64,157269
10685,0.014424,172.31.40.0-255,66,118269,64,157269
10686,0.016799,172.217.194.0-255,5738,124007,64,157269
10687,0.016808,172.31.40.0-255,66,124073,64,157269
10688,0.019206,172.217.194.0-255,5738,129811,64,157269
10689,0.019218,172.31.40.0-255,66,129877,64,157269
10690,0.021592,172.217.194.0-255,5738,135615,64,157269
10691,0.021602,172.31.40.0-255,66,135681,64,157269
10692,0.024,172.217.194.0-255,5738,141419,64,157269
10693,0.024009,172.31.40.0-255,66,141485,64,157269
10694,0.026387,172.217.194.0-255,5738,147223,64,157269
10695,0.026395,172.31.40.0-255,66,147289,64,157269
10696,0.028233,172.31.40.0-255,172,147461,64,157269
10697,0.028265,172.31.40.0-255,1112,148573,64,157269
10698,0.028325,172.31.40.0-255,1514,150087,64,157269
10699,0.028327,172.31.40.0-255,1180,151267,64,157269
10700,0.028802,172.217.194.0-255,5738,157005,64,157269
10701,0.028809,172.31.40.0-255,66,157071,64,157269
10702,0.029796,104.244.42.0-255,66,157137,64,157269
10703,0.029804,104.244.42.0-255,66,157203,64,157269
10704,0.029909,104.244.42.0-255,66,157269,64,157269
10705,0.0,172.217.194.0-255,152,152,64,158140
10706,1.4e-05,172.31.40.0-255,66,218,64,158140
10707,2.1e-05,172.217.194.0-255,1484,1702,64,158140
10708,2.5e-05,172.31.40.0-255,66,1768,64,158140
10709,3.8e-05,172.217.194.0-255,2902,4670,64,158140
10710,4.1e-05,172.31.40.0-255,66,4736,64,158140
10711,4.7e-05,172.217.194.0-255,2902,7638,64,158140
10712,5e-05,172.31.40.0-255,66,7704,64,158140
10713,7.7e-05,172.217.194.0-255,4320,12024,64,158140
10714,8.1e-05,172.31.40.0-255,66,12090,64,158140
10715,0.000127,172.217.194.0-255,2134,14224,64,158140
10716,0.00013,172.31.40.0-255,66,14290,64,158140
10717,0.000158,172.217.194.0-255,2902,17192,64,158140
10718,0.00016,172.31.40.0-255,66,17258,64,158140
10719,0.000204,172.217.194.0-255,7156,24414,64,158140
10720,0.000207,172.31.40.0-255,66,24480,64,158140
10721,0.000279,172.217.194.0-255,4320,28800,64,158140
10722,0.000284,172.31.40.0-255,66,28866,64,158140
10723,0.000316,172.217.194.0-255,6797,35663,64,158140
10724,0.000319,172.31.40.0-255,66,35729,64,158140
10725,0.00042,172.217.194.0-255,5738,41467,64,158140
10726,0.000424,172.31.40.0-255,66,41533,64,158140
10727,0.000467,172.31.40.0-255,66,41599,64,158140
10728,0.000672,172.217.194.0-255,7156,48755,64,158140
10729,0.000677,172.31.40.0-255,66,48821,64,158140
10730,0.000704,172.217.194.0-255,2184,51005,64,158140
10731,0.000709,172.31.40.0-255,66,51071,64,158140
10732,0.000751,172.217.194.0-255,709,51780,64,158140
10733,0.000755,172.31.40.0-255,66,51846,64,158140
10734,0.000793,172.31.40.0-255,66,51912,64,158140
10735,0.000921,172.217.194.0-255,7156,59068,64,158140
10736,0.000925,172.31.40.0-255,66,59134,64,158140
10737,0.000966,172.31.40.0-255,66,59200,64,158140
10738,0.001184,172.217.194.0-255,1484,60684,64,158140
10739,0.0012,172.217.194.0-255,1484,62168,64,158140
10740,0.001204,172.31.40.0-255,66,62234,64,158140
10741,0.001227,172.217.194.0-255,1484,63718,64,158140
10742,0.001246,172.217.194.0-255,4320,68038,64,158140
10743,0.001249,172.31.40.0-255,66,68104,64,158140
10744,0.001272,172.217.194.0-255,1484,69588,64,158140
10745,0.001321,172.31.40.0-255,66,69654,64,158140
10746,0.001468,172.217.194.0-255,7156,76810,64,158140
10747,0.001474,172.31.40.0-255,66,76876,64,158140
10748,0.001483,172.217.194.0-255,3602,80478,64,158140
10749,0.001489,172.31.40.0-255,66,80544,64,158140
10750,0.001609,172.31.40.0-255,66,80610,64,158140
10751,0.001734,172.217.194.0-255,2902,83512,64,158140
10752,0.001738,172.31.40.0-255,66,83578,64,158140
10753,0.001765,172.217.194.0-255,4320,87898,64,158140
10754,0.001768,172.31.40.0-255,66,87964,64,158140
10755,0.001831,172.217.194.0-255,5738,93702,64,158140
10756,0.001835,172.31.40.0-255,66,93768,64,158140
10757,0.001878,172.31.40.0-255,66,93834,64,158140
10758,0.002092,172.31.40.0-255,66,93900,64,158140
10759,0.002142,172.31.40.0-255,66,93966,64,158140
10760,0.002422,172.217.194.0-255,5738,99704,64,158140
10761,0.002427,172.31.40.0-255,66,99770,64,158140
10762,0.002477,172.31.40.0-255,66,99836,64,158140
10763,0.002858,172.31.40.0-255,66,99902,64,158140
10764,0.002908,172.31.40.0-255,66,99968,64,158140
10765,0.003252,172.31.40.0-255,66,100034,64,158140
10766,0.006701,172.31.40.0-255,66,100100,64,158140
10767,0.008974,172.217.194.0-255,5738,105838,64,158140
10768,0.008986,172.31.40.0-255,66,105904,64,158140
10769,0.011225,172.217.194.0-255,5738,111642,64,158140
10770,0.011232,172.31.40.0-255,66,111708,64,158140
10771,0.013489,172.217.194.0-255,5738,117446,64,158140
10772,0.013507,172.31.40.0-255,66,117512,64,158140
10773,0.015737,172.217.194.0-255,5738,123250,64,158140
10774,0.015754,172.31.40.0-255,66,123316,64,158140
10775,0.017991,172.217.194.0-255,5738,129054,64,158140
10776,0.018004,172.31.40.0-255,66,129120,64,158140
10777,0.020252,172.217.194.0-255,5738,134858,64,158140
10778,0.02026,172.31.40.0-255,66,134924,64,158140
10779,0.022505,172.217.194.0-255,5738,140662,64,158140
10780,0.022516,172.31.40.0-255,66,140728,64,158140
10781,0.024744,172.217.194.0-255,5738,146466,64,158140
10782,0.024753,172.31.40.0-255,66,146532,64,158140
10783,0.026981,172.217.194.0-255,5738,152270,64,158140
10784,0.026993,172.31.40.0-255,66,152336,64,158140
10785,0.029228,172.217.194.0-255,5738,158074,64,158140
10786,0.029236,172.31.40.0-255,66,158140,64,158140
10787,0.0,216.58.221.0-255,146,146,64,212318
10788,2.2e-05,172.31.40.0-255,66,212,64,212318
10789,2.9e-05,216.58.221.0-255,1484,1696,64,212318
10790,3.3e-05,172.31.40.0-255,66,1762,64,212318
10791,3.9e-05,216.58.221.0-255,2902,4664,64,212318
10792,4.2e-05,172.31.40.0-255,66,4730,64,212318
10793,5.1e-05,216.58.221.0-255,7156,11886,64,212318
10794,5.4e-05,172.31.40.0-255,66,11952,64,212318
10795,6.6e-05,172.31.40.0-255,66,12018,64,212318
10796,0.000103,172.31.40.0-255,66,12084,64,212318
10797,0.000119,216.58.221.0-255,2543,14627,64,212318
10798,0.000121,172.31.40.0-255,66,14693,64,212318
10799,0.000156,216.58.221.0-255,1484,16177,64,212318
10800,0.000159,172.31.40.0-255,66,16243,64,212318
10801,0.000162,216.58.221.0-255,1484,17727,64,212318
10802,0.000164,172.31.40.0-255,66,17793,64,212318
10803,0.000179,216.58.221.0-255,1484,19277,64,212318
10804,0.000181,172.31.40.0-255,66,19343,64,212318
10805,0.000188,216.58.221.0-255,5738,25081,64,212318
10806,0.000191,172.31.40.0-255,66,25147,64,212318
10807,0.000196,216.58.221.0-255,4320,29467,64,212318
10808,0.000198,172.31.40.0-255,66,29533,64,212318
10809,0.000237,216.58.221.0-255,2543,32076,64,212318
10810,0.00024,172.31.40.0-255,66,32142,64,212318
10811,0.000295,216.58.221.0-255,1484,33626,64,212318
10812,0.000299,172.31.40.0-255,66,33692,64,212318
10813,0.000304,216.58.221.0-255,2902,36594,64,212318
10814,0.000306,172.31.40.0-255,66,36660,64,212318
10815,0.000311,216.58.221.0-255,4320,40980,64,212318
10816,0.000314,172.31.40.0-255,66,41046,64,212318
10817,0.000331,216.58.221.0-255,1484,42530,64,212318
10818,0.000357,216.58.221.0-255,7094,49624,64,212318
10819,0.000501,172.31.40.0-255,66,49690,64,212318
10820,0.000861,216.58.221.0-255,137,49827,64,212318
10821,0.001005,216.58.221.0-255,1484,51311,64,212318
10822,0.00101,172.31.40.0-255,66,51377,64,212318
10823,0.001017,216.58.221.0-255,2902,54279,64,212318
10824,0.00102,216.58.221.0-255,1484,55763,64,212318
10825,0.001035,216.58.221.0-255,4320,60083,64,212318
10826,0.001045,172.31.40.0-255,66,60149,64,212318
10827,0.001055,216.58.221.0-255,2902,63051,64,212318
10828,0.001059,216.58.221.0-255,2902,65953,64,212318
10829,0.001078,172.31.40.0-255,66,66019,64,212318
10830,0.001108,216.58.221.0-255,3961,69980,64,212318
10831,0.001115,172.31.40.0-255,66,70046,64,212318
10832,0.001131,216.58.221.0-255,4320,74366,64,212318
10833,0.001143,172.31.40.0-255,66,74432,64,212318
10834,0.001173,172.31.40.0-255,66,74498,64,212318
10835,0.001565,216.58.221.0-255,1484,75982,64,212318
10836,0.001574,216.58.221.0-255,2902,78884,64,212318
10837,0.001578,172.31.40.0-255,66,78950,64,212318
10838,0.001583,216.58.221.0-255,1484,80434,64,212318
10839,0.001597,216.58.221.0-255,4320,84754,64,212318
10840,0.001626,216.58.221.0-255,5738,90492,64,212318
10841,0.00164,216.58.221.0-255,5738,96230,64,212318
10842,0.001645,216.58.221.0-255,2902,99132,64,212318
10843,0.001705,216.58.221.0-255,1484,100616,64,212318
10844,0.001725,216.58.221.0-255,2902,103518,64,212318
10845,0.001732,216.58.221.0-255,5738,109256,64,212318
10846,0.001755,216.58.221.0-255,2902,112158,64,212318
10847,0.001793,216.58.221.0-255,5738,117896,64,212318
10848,0.001827,216.58.221.0-255,5020,122916,64,212318
10849,0.001865,216.58.221.0-255,2902,125818,64,212318
10850,0.001878,216.58.221.0-255,2902,128720,64,212318
10851,0.001883,216.58.221.0-255,4320,133040,64,212318
10852,0.001899,216.58.221.0-255,2902,135942,64,212318
10853,0.001925,216.58.221.0-255,7156,143098,64,212318
10854,0.001952,216.58.221.0-255,7156,150254,64,212318
10855,0.00196,216.58.221.0-255,6438,156692,64,212318
10856,0.007244,172.31.40.0-255,66,156758,64,212318
10857,0.009194,216.58.221.0-255,5738,162496,64,212318
10858,0.009202,172.31.40.0-255,66,162562,64,212318
10859,0.01114,216.58.221.0-255,5738,168300,64,212318
10860,0.015544,172.31.40.0-255,66,168366,64,212318
10861,0.0175,216.58.221.0-255,5738,174104,64,212318
10862,0.017511,172.31.40.0-255,66,174170,64,212318
10863,0.01946,216.58.221.0-255,5738,179908,64,212318
10864,0.019467,172.31.40.0-255,66,179974,64,212318
10865,0.021409,216.58.221.0-255,5738,185712,64,212318
10866,0.021417,172.31.40.0-255,66,185778,64,212318
10867,0.023356,216.58.221.0-255,5738,191516,64,212318
10868,0.023362,172.31.40.0-255,66,191582,64,212318
10869,0.024004,172.31.40.0-255,167,191749,64,212318
10870,0.024037,172.31.40.0-255,1107,192856,64,212318
10871,0.024093,172.31.40.0-255,1514,194370,64,212318
10872,0.024094,172.31.40.0-255,338,194708,64,212318
10873,0.025321,216.58.221.0-255,5738,200446,64,212318
10874,0.025328,172.31.40.0-255,66,200512,64,212318
10875,0.025507,104.244.42.0-255,66,200578,64,212318
10876,0.025571,104.244.42.0-255,66,200644,64,212318
10877,0.025645,104.244.42.0-255,66,200710,64,212318
10878,0.027273,216.58.221.0-255,5738,206448,64,212318
10879,0.02728,172.31.40.0-255,66,206514,64,212318
10880,0.029235,216.58.221.0-255,5738,212252,64,212318
10881,0.029242,172.31.40.0-255,66,212318,64,212318
10882,0.0,172.217.27.0-255,297,297,64,218133
10883,1.6e-05,172.31.40.0-255,66,363,64,218133
10884,2.3e-05,172.217.27.0-255,1484,1847,64,218133
10885,2.8e-05,172.31.40.0-255,66,1913,64,218133
10886,4.4e-05,172.217.27.0-255,4320,6233,64,218133
10887,4.6e-05,172.31.40.0-255,66,6299,64,218133
10888,5.3e-05,172.217.27.0-255,5738,12037,64,218133
10889,5.6e-05,172.31.40.0-255,66,12103,64,218133
10890,8.4e-05,172.217.27.0-255,1840,13943,64,218133
10891,8.6e-05,172.31.40.0-255,66,14009,64,218133
10892,0.000124,172.217.27.0-255,1484,15493,64,218133
10893,0.000127,172.31.40.0-255,66,15559,64,218133
10894,0.000146,172.217.27.0-255,2902,18461,64,218133
10895,0.000148,172.31.40.0-255,66,18527,64,218133
10896,0.000151,172.217.27.0-255,1484,20011,64,218133
10897,0.000153,172.31.40.0-255,66,20077,64,218133
10898,0.000177,172.217.27.0-255,4320,24397,64,218133
10899,0.000179,172.31.40.0-255,66,24463,64,218133
10900,0.000185,172.217.27.0-255,4320,28783,64,218133
10901,0.000187,172.31.40.0-255,66,28849,64,218133
10902,0.000226,172.217.27.0-255,2543,31392,64,218133
10903,0.000228,172.31.40.0-255,66,31458,64,218133
10904,0.000235,172.217.27.0-255,7156,38614,64,218133
10905,0.000238,172.31.40.0-255,66,38680,64,218133
10906,0.00025,172.31.40.0-255,66,38746,64,218133
10907,0.000379,172.217.27.0-255,1484,40230,64,218133
10908,0.000383,172.31.40.0-255,66,40296,64,218133
10909,0.000389,172.217.27.0-255,2902,43198,64,218133
10910,0.000392,172.31.40.0-255,66,43264,64,218133
10911,0.000441,172.217.27.0-255,4320,47584,64,218133
10912,0.000443,172.31.40.0-255,66,47650,64,218133
10913,0.000471,172.217.27.0-255,1484,49134,64,218133
10914,0.000479,172.217.27.0-255,7091,56225,64,218133
10915,0.000482,172.31.40.0-255,66,56291,64,218133
10916,0.000893,172.217.27.0-255,383,56674,64,218133
10917,0.001033,172.217.27.0-255,1484,58158,64,218133
10918,0.001038,172.31.40.0-255,66,58224,64,218133
10919,0.001076,172.217.27.0-255,2902,61126,64,218133
10920,0.001082,172.217.27.0-255,5738,66864,64,218133
10921,0.001084,172.217.27.0-255,1484,68348,64,218133
10922,0.001095,172.31.40.0-255,66,68414,64,218133
10923,0.001098,172.31.40.0-255,66,68480,64,218133
10924,0.001116,172.31.40.0-255,66,68546,64,218133
10925,0.001146,172.217.27.0-255,1125,69671,64,218133
10926,0.001158,172.31.40.0-255,66,69737,64,218133
10927,0.001161,172.217.27.0-255,1125,70862,64,218133
10928,0.001481,172.217.27.0-255,1484,72346,64,218133
10929,0.001486,172.31.40.0-255,66,72412,64,218133
10930,0.001492,172.217.27.0-255,2902,75314,64,218133
10931,0.001494,172.31.40.0-255,66,75380,64,218133
10932,0.0015,172.217.27.0-255,5738,81118,64,218133
10933,0.001507,172.31.40.0-255,66,81184,64,218133
10934,0.001513,172.217.27.0-255,4320,85504,64,218133
10935,0.001515,172.31.40.0-255,66,85570,64,218133
10936,0.001522,172.217.27.0-255,5738,91308,64,218133
10937,0.001524,172.31.40.0-255,66,91374,64,218133
10938,0.00157,172.31.40.0-255,66,91440,64,218133
10939,0.001579,172.217.27.0-255,5889,97329,64,218133
10940,0.001581,172.31.40.0-255,66,97395,64,218133
10941,0.001588,172.217.27.0-255,7156,104551,64,218133
10942,0.00159,172.31.40.0-255,66,104617,64,218133
10943,0.001601,172.31.40.0-255,66,104683,64,218133
10944,0.001634,172.217.27.0-255,7156,111839,64,218133
10945,0.001637,172.31.40.0-255,66,111905,64,218133
10946,0.001644,172.217.27.0-255,6438,118343,64,218133
10947,0.001646,172.31.40.0-255,66,118409,64,218133
10948,0.003291,172.217.27.0-255,5738,124147,64,218133
10949,0.003298,172.31.40.0-255,66,124213,64,218133
10950,0.00499,172.217.27.0-255,5738,129951,64,218133
10951,0.004997,172.31.40.0-255,66,130017,64,218133
10952,0.006623,172.217.27.0-255,2902,132919,64,218133
10953,0.006627,172.31.40.0-255,66,132985,64,218133
10954,0.006653,172.217.27.0-255,2902,135887,64,218133
10955,0.006655,172.31.40.0-255,66,135953,64,218133
10956,0.008256,172.217.27.0-255,2902,138855,64,218133
10957,0.008262,172.31.40.0-255,66,138921,64,218133
10958,0.008296,172.217.27.0-255,2902,141823,64,218133
10959,0.008299,172.31.40.0-255,66,141889,64,218133
10960,0.009902,172.217.27.0-255,2902,144791,64,218133
10961,0.009909,172.31.40.0-255,66,144857,64,218133
10962,0.009937,172.217.27.0-255,2902,147759,64,218133
10963,0.009939,172.31.40.0-255,66,147825,64,218133
10964,0.01155,172.217.27.0-255,2902,150727,64,218133
10965,0.011558,172.31.40.0-255,66,150793,64,218133
10966,0.011593,172.217.27.0-255,2902,153695,64,218133
10967,0.011596,172.31.40.0-255,66,153761,64,218133
10968,0.013198,172.217.27.0-255,2902,156663,64,218133
10969,0.013206,172.31.40.0-255,66,156729,64,218133
10970,0.013234,172.217.27.0-255,2902,159631,64,218133
10971,0.013238,172.31.40.0-255,66,159697,64,218133
10972,0.014857,172.217.27.0-255,2902,162599,64,218133
10973,0.014864,172.31.40.0-255,66,162665,64,218133
10974,0.014894,172.217.27.0-255,2902,165567,64,218133
10975,0.014897,172.31.40.0-255,66,165633,64,218133
10976,0.0165,172.217.27.0-255,2902,168535,64,218133
10977,0.016509,172.31.40.0-255,66,168601,64,218133
10978,0.016538,172.217.27.0-255,2902,171503,64,218133
10979,0.016541,172.31.40.0-255,66,171569,64,218133
10980,0.018152,172.217.27.0-255,2902,174471,64,218133
10981,0.018159,172.31.40.0-255,66,174537,64,218133
10982,0.01818,172.217.27.0-255,2902,177439,64,218133
10983,0.018183,172.31.40.0-255,66,177505,64,218133
10984,0.019827,172.217.27.0-255,5738,183243,64,218133
10985,0.019834,172.31.40.0-255,66,183309,64,218133
10986,0.021476,172.217.27.0-255,5738,189047,64,218133
10987,0.021484,172.31.40.0-255,66,189113,64,218133
10988,0.02318,172.217.27.0-255,5738,194851,64,218133
10989,0.023187,172.31.40.0-255,66,194917,64,218133
10990,0.024825,172.217.27.0-255,5738,200655,64,218133
10991,0.024833,172.31.40.0-255,66,200721,64,218133
10992,0.026486,172.217.27.0-255,5738,206459,64,218133
10993,0.026493,172.31.40.0-255,66,206525,64,218133
10994,0.02815,172.217.27.0-255,5738,212263,64,218133
10995,0.028163,172.31.40.0-255,66,212329,64,218133
10996,0.029805,172.217.27.0-255,5738,218067,64,218133
10997,0.029815,172.31.40.0-255,66,218133,64,218133
10998,0.0,172.217.27.0-255,146,146,64,196702
10999,1.8e-05,172.31.40.0-255,66,212,64,196702
11000,2.5e-05,172.217.27.0-255,1484,1696,64,196702
11001,3e-05,172.31.40.0-255,66,1762,64,196702
11002,3.5e-05,172.217.27.0-255,2902,4664,64,196702
11003,3.9e-05,172.31.40.0-255,66,4730,64,196702
11004,6.5e-05,172.217.27.0-255,7156,11886,64,196702
11005,7e-05,172.31.40.0-255,66,11952,64,196702
11006,7.3e-05,172.217.27.0-255,2128,14080,64,196702
11007,7.6e-05,172.31.40.0-255,66,14146,64,196702
11008,8e-05,172.217.27.0-255,2902,17048,64,196702
11009,8.3e-05,172.31.40.0-255,66,17114,64,196702
11010,0.000142,172.217.27.0-255,7156,24270,64,196702
11011,0.000147,172.31.40.0-255,66,24336,64,196702
11012,0.000154,172.217.27.0-255,6797,31133,64,196702
11013,0.000157,172.31.40.0-255,66,31199,64,196702
11014,0.000197,172.217.27.0-255,1484,32683,64,196702
11015,0.000201,172.31.40.0-255,66,32749,64,196702
11016,0.000203,172.217.27.0-255,1484,34233,64,196702
11017,0.000205,172.31.40.0-255,66,34299,64,196702
11018,0.000218,172.217.27.0-255,2902,37201,64,196702
11019,0.00022,172.31.40.0-255,66,37267,64,196702
11020,0.000247,172.217.27.0-255,5738,43005,64,196702
11021,0.00025,172.31.40.0-255,66,43071,64,196702
11022,0.000271,172.217.27.0-255,5379,48450,64,196702
11023,0.000274,172.31.40.0-255,66,48516,64,196702
11024,0.000369,172.217.27.0-255,1484,50000,64,196702
11025,0.000373,172.31.40.0-255,66,50066,64,196702
11026,0.000378,172.217.27.0-255,2902,52968,64,196702
11027,0.000381,172.31.40.0-255,66,53034,64,196702
11028,0.00041,172.217.27.0-255,5738,58772,64,196702
11029,0.000413,172.31.40.0-255,66,58838,64,196702
11030,0.000417,172.217.27.0-255,4320,63158,64,196702
11031,0.00042,172.31.40.0-255,66,63224,64,196702
11032,0.000463,172.217.27.0-255,2872,66096,64,196702
11033,0.000467,172.31.40.0-255,66,66162,64,196702
11034,0.000825,172.217.27.0-255,114,66276,64,196702
11035,0.00099,172.217.27.0-255,1484,67760,64,196702
11036,0.000995,172.31.40.0-255,66,67826,64,196702
11037,0.001001,172.217.27.0-255,2902,70728,64,196702
11038,0.001004,172.217.27.0-255,1484,72212,64,196702
11039,0.001021,172.217.27.0-255,4320,76532,64,196702
11040,0.001025,172.217.27.0-255,2902,79434,64,196702
11041,0.00103,172.217.27.0-255,3961,83395,64,196702
11042,0.001045,172.31.40.0-255,66,83461,64,196702
11043,0.001064,172.217.27.0-255,1484,84945,64,196702
11044,0.001081,172.217.27.0-255,7156,92101,64,196702
11045,0.001086,172.217.27.0-255,2902,95003,64,196702
11046,0.001113,172.217.27.0-255,5379,100382,64,196702
11047,0.001118,172.31.40.0-255,66,100448,64,196702
11048,0.001128,172.31.40.0-255,66,100514,64,196702
11049,0.002747,172.217.27.0-255,5738,106252,64,196702
11050,0.002756,172.31.40.0-255,66,106318,64,196702
11051,0.004386,172.217.27.0-255,5738,112056,64,196702
11052,0.004687,172.31.40.0-255,66,112122,64,196702
11053,0.006311,172.217.27.0-255,5738,117860,64,196702
11054,0.006317,172.31.40.0-255,66,117926,64,196702
11055,0.00796,172.217.27.0-255,5738,123664,64,196702
11056,0.007968,172.31.40.0-255,66,123730,64,196702
11057,0.009598,172.217.27.0-255,5738,129468,64,196702
11058,0.009607,172.31.40.0-255,66,129534,64,196702
11059,0.011235,172.217.27.0-255,5738,135272,64,196702
11060,0.012213,172.31.40.0-255,66,135338,64,196702
11061,0.013841,172.217.27.0-255,5738,141076,64,196702
11062,0.013849,172.31.40.0-255,66,141142,64,196702
11063,0.01548,172.217.27.0-255,5738,146880,64,196702
11064,0.015489,172.31.40.0-255,66,146946,64,196702
11065,0.01712,172.217.27.0-255,5738,152684,64,196702
11066,0.017131,172.31.40.0-255,66,152750,64,196702
11067,0.018762,172.217.27.0-255,5738,158488,64,196702
11068,0.018771,172.31.40.0-255,66,158554,64,196702
11069,0.020443,172.217.27.0-255,5738,164292,64,196702
11070,0.020452,172.31.40.0-255,66,164358,64,196702
11071,0.022078,172.217.27.0-255,5738,170096,64,196702
11072,0.022087,172.31.40.0-255,66,170162,64,196702
11073,0.02375,172.217.27.0-255,5738,175900,64,196702
11074,0.023759,172.31.40.0-255,66,175966,64,196702
11075,0.025397,172.217.27.0-255,5738,181704,64,196702
11076,0.025405,172.31.40.0-255,66,181770,64,196702
11077,0.026431,172.31.40.0-255,167,181937,64,196702
11078,0.026462,172.31.40.0-255,1107,183044,64,196702
11079,0.026521,172.31.40.0-255,1514,184558,64,196702
11080,0.026523,172.31.40.0-255,338,184896,64,196702
11081,0.027031,172.217.27.0-255,5738,190634,64,196702
11082,0.027039,172.31.40.0-255,66,190700,64,196702
11083,0.028011,104.244.42.0-255,66,190766,64,196702
11084,0.028187,104.244.42.0-255,66,190832,64,196702
11085,0.028217,104.244.42.0-255,66,190898,64,196702
11086,0.028667,172.217.27.0-255,5738,196636,64,196702
11087,0.028673,172.31.40.0-255,66,196702,64,196702
11088,0.0,172.31.40.0-255,105,105,64,459
11089,0.000145,172.31.40.0-255,90,195,64,459
11090,0.000154,172.31.40.0-255,66,261,64,459
11091,0.002465,74.125.68.0-255,66,327,64,459
11092,0.002483,74.125.68.0-255,66,393,64,459
11093,0.002495,172.31.40.0-255,66,459,64,459
11094,0.0,74.125.130.0-255,152,152,64,111886
11095,1.7e-05,172.31.40.0-255,66,218,64,111886
11096,2.4e-05,74.125.130.0-255,1484,1702,64,111886
11097,2.9e-05,172.31.40.0-255,66,1768,64,111886
11098,5.2e-05,74.125.130.0-255,2902,4670,64,111886
11099,5.5e-05,172.31.40.0-255,66,4736,64,111886
11100,9.1e-05,74.125.130.0-255,4320,9056,64,111886
11101,9.4e-05,172.31.40.0-255,66,9122,64,111886
11102,0.000166,74.125.130.0-255,4955,14077,64,111886
11103,0.00017,172.31.40.0-255,66,14143,64,111886
11104,0.000318,74.125.130.0-255,1484,15627,64,111886
11105,0.000322,172.31.40.0-255,66,15693,64,111886
11106,0.000327,74.125.130.0-255,2902,18595,64,111886
11107,0.00033,172.31.40.0-255,66,18661,64,111886
11108,0.000374,74.125.130.0-255,1484,20145,64,111886
11109,0.000378,172.31.40.0-255,66,20211,64,111886
11110,0.000397,74.125.130.0-255,4320,24531,64,111886
11111,0.0004,172.31.40.0-255,66,24597,64,111886
11112,0.000485,74.125.130.0-255,4320,28917,64,111886
11113,0.000488,172.31.40.0-255,66,28983,64,111886
11114,0.000506,74.125.130.0-255,2543,31526,64,111886
11115,0.000508,172.31.40.0-255,66,31592,64,111886
11116,0.000613,74.125.130.0-255,1484,33076,64,111886
11117,0.000616,172.31.40.0-255,66,33142,64,111886
11118,0.000656,172.31.40.0-255,66,33208,64,111886
11119,0.000902,74.125.130.0-255,5738,38946,64,111886
11120,0.000906,172.31.40.0-255,66,39012,64,111886
11121,0.000939,172.31.40.0-255,66,39078,64,111886
11122,0.001258,74.125.130.0-255,646,39724,64,111886
11123,0.001264,172.31.40.0-255,66,39790,64,111886
11124,0.001315,74.125.130.0-255,5738,45528,64,111886
11125,0.001347,172.31.40.0-255,66,45594,64,111886
11126,0.001696,74.125.130.0-255,5738,51332,64,111886
11127,0.001706,172.31.40.0-255,66,51398,64,111886
11128,0.001752,172.31.40.0-255,66,51464,64,111886
11129,0.002064,74.125.130.0-255,5738,57202,64,111886
11130,0.002068,172.31.40.0-255,66,57268,64,111886
11131,0.002128,172.31.40.0-255,66,57334,64,111886
11132,0.002144,172.31.40.0-255,66,57400,64,111886
11133,0.002944,172.31.40.0-255,66,57466,64,111886
11134,0.002963,74.125.130.0-255,2184,59650,64,111886
11135,0.008029,172.31.40.0-255,66,59716,64,111886
11136,0.010074,74.125.130.0-255,5738,65454,64,111886
11137,0.010083,172.31.40.0-255,66,65520,64,111886
11138,0.012127,74.125.130.0-255,5738,71258,64,111886
11139,0.012136,172.31.40.0-255,66,71324,64,111886
11140,0.01418,74.125.130.0-255,5738,77062,64,111886
11141,0.016099,172.31.40.0-255,66,77128,64,111886
11142,0.018146,74.125.130.0-255,5738,82866,64,111886
11143,0.018157,172.31.40.0-255,66,82932,64,111886
11144,0.020197,74.125.130.0-255,5738,88670,64,111886
11145,0.020204,172.31.40.0-255,66,88736,64,111886
11146,0.022254,74.125.130.0-255,5738,94474,64,111886
11147,0.022261,172.31.40.0-255,66,94540,64,111886
11148,0.024306,74.125.130.0-255,5738,100278,64,111886
11149,0.024314,172.31.40.0-255,66,100344,64,111886
11150,0.026375,74.125.130.0-255,5738,106082,64,111886
11151,0.026387,172.31.40.0-255,66,106148,64,111886
11152,0.028452,74.125.130.0-255,5738,111886,64,111886
11153,0.0,172.217.194.0-255,153,153,64,210982
11154,2.2e-05,172.31.40.0-255,66,219,64,210982
11155,3e-05,172.217.194.0-255,1484,1703,64,210982
11156,3.3e-05,172.31.40.0-255,66,1769,64,210982
11157,3.9e-05,172.217.194.0-255,2902,4671,64,210982
11158,4.2e-05,172.31.40.0-255,66,4737,64,210982
11159,5.1e-05,172.217.194.0-255,7156,11893,64,210982
11160,5.4e-05,172.31.40.0-255,66,11959,64,210982
11161,7.3e-05,172.217.194.0-255,2067,14026,64,210982
11162,7.6e-05,172.31.40.0-255,66,14092,64,210982
11163,0.000116,172.217.194.0-255,1484,15576,64,210982
11164,0.000118,172.31.40.0-255,66,15642,64,210982
11165,0.000123,172.217.194.0-255,2902,18544,64,210982
11166,0.000125,172.31.40.0-255,66,18610,64,210982
11167,0.000128,172.217.194.0-255,1484,20094,64,210982
11168,0.00013,172.31.40.0-255,66,20160,64,210982
11169,0.000158,172.217.194.0-255,4320,24480,64,210982
11170,0.000161,172.31.40.0-255,66,24546,64,210982
11171,0.000169,172.217.194.0-255,6797,31343,64,210982
11172,0.000171,172.31.40.0-255,66,31409,64,210982
11173,0.000223,172.217.194.0-255,1484,32893,64,210982
11174,0.000226,172.31.40.0-255,66,32959,64,210982
11175,0.00023,172.217.194.0-255,2902,35861,64,210982
11176,0.000232,172.31.40.0-255,66,35927,64,210982
11177,0.000252,172.217.194.0-255,5738,41665,64,210982
11178,0.000255,172.31.40.0-255,66,41731,64,210982
11179,0.000283,172.31.40.0-255,66,41797,64,210982
11180,0.000303,172.217.194.0-255,2543,44340,64,210982
11181,0.000305,172.31.40.0-255,66,44406,64,210982
11182,0.000332,172.31.40.0-255,66,44472,64,210982
11183,0.000355,172.217.194.0-255,2796,47268,64,210982
11184,0.000357,172.31.40.0-255,66,47334,64,210982
11185,0.00036,172.217.194.0-255,122,47456,64,210982
11186,0.000364,172.217.194.0-255,379,47835,64,210982
11187,0.000547,172.217.194.0-255,1484,49319,64,210982
11188,0.000551,172.31.40.0-255,66,49385,64,210982
11189,0.000556,172.217.194.0-255,2902,52287,64,210982
11190,0.000559,172.31.40.0-255,66,52353,64,210982
11191,0.000563,172.217.194.0-255,2902,55255,64,210982
11192,0.000566,172.31.40.0-255,66,55321,64,210982
11193,0.00059,172.217.194.0-255,2902,58223,64,210982
11194,0.000593,172.31.40.0-255,66,58289,64,210982
11195,0.000605,172.31.40.0-255,66,58355,64,210982
11196,0.000655,172.31.40.0-255,66,58421,64,210982
11197,0.000789,172.217.194.0-255,1484,59905,64,210982
11198,0.000804,172.217.194.0-255,2902,62807,64,210982
11199,0.000807,172.31.40.0-255,66,62873,64,210982
11200,0.000813,172.217.194.0-255,4320,67193,64,210982
11201,0.000815,172.31.40.0-255,66,67259,64,210982
11202,0.000832,172.217.194.0-255,1484,68743,64,210982
11203,0.000839,172.217.194.0-255,6783,75526,64,210982
11204,0.000841,172.31.40.0-255,66,75592,64,210982
11205,0.001166,172.217.194.0-255,1484,77076,64,210982
11206,0.001172,172.217.194.0-255,2902,79978,64,210982
11207,0.001176,172.31.40.0-255,66,80044,64,210982
11208,0.001181,172.217.194.0-255,2902,82946,64,210982
11209,0.001183,172.31.40.0-255,66,83012,64,210982
11210,0.001204,172.217.194.0-255,2902,85914,64,210982
11211,0.001206,172.31.40.0-255,66,85980,64,210982
11212,0.001218,172.31.40.0-255,66,86046,64,210982
11213,0.001237,172.217.194.0-255,1484,87530,64,210982
11214,0.001249,172.31.40.0-255,66,87596,64,210982
11215,0.001655,172.217.194.0-255,1484,89080,64,210982
11216,0.001661,172.217.194.0-255,2902,91982,64,210982
11217,0.001664,172.31.40.0-255,66,92048,64,210982
11218,0.001671,172.217.194.0-255,5738,97786,64,210982
11219,0.001673,172.31.40.0-255,66,97852,64,210982
11220,0.001684,172.217.194.0-255,1484,99336,64,210982
11221,0.0017,172.217.194.0-255,4320,103656,64,210982
11222,0.001702,172.31.40.0-255,66,103722,64,210982
11223,0.001715,172.31.40.0-255,66,103788,64,210982
11224,0.001734,172.217.194.0-255,1484,105272,64,210982
11225,0.00174,172.217.194.0-255,5020,110292,64,210982
11226,0.001742,172.31.40.0-255,66,110358,64,210982
11227,0.00196,172.217.194.0-255,1484,111842,64,210982
11228,0.001966,172.217.194.0-255,2902,114744,64,210982
11229,0.001969,172.31.40.0-255,66,114810,64,210982
11230,0.00201,172.217.194.0-255,5738,120548,64,210982
11231,0.002013,172.31.40.0-255,66,120614,64,210982
11232,0.002019,172.217.194.0-255,5738,126352,64,210982
11233,0.002021,172.31.40.0-255,66,126418,64,210982
11234,0.002034,172.31.40.0-255,66,126484,64,210982
11235,0.002039,172.217.194.0-255,2902,129386,64,210982
11236,0.002042,172.31.40.0-255,66,129452,64,210982
11237,0.002064,172.217.194.0-255,2184,131636,64,210982
11238,0.002066,172.31.40.0-255,66,131702,64,210982
11239,0.002482,172.217.194.0-255,1484,133186,64,210982
11240,0.002489,172.217.194.0-255,2902,136088,64,210982
11241,0.002493,172.31.40.0-255,66,136154,64,210982
11242,0.002516,172.217.194.0-255,5738,141892,64,210982
11243,0.002518,172.31.40.0-255,66,141958,64,210982
11244,0.002535,172.217.194.0-255,2902,144860,64,210982
11245,0.002536,172.31.40.0-255,66,144926,64,210982
11246,0.002569,172.31.40.0-255,66,144992,64,210982
11247,0.002573,172.217.194.0-255,2902,147894,64,210982
11248,0.002575,172.31.40.0-255,66,147960,64,210982
11249,0.002597,172.217.194.0-255,7156,155116,64,210982
11250,0.002599,172.31.40.0-255,66,155182,64,210982
11251,0.002612,172.217.194.0-255,766,155948,64,210982
11252,0.002654,172.217.194.0-255,1484,157432,64,210982
11253,0.002658,172.31.40.0-255,66,157498,64,210982
11254,0.002663,172.217.194.0-255,2902,160400,64,210982
11255,0.002665,172.31.40.0-255,66,160466,64,210982
11256,0.00268,172.217.194.0-255,4320,164786,64,210982
11257,0.002683,172.31.40.0-255,66,164852,64,210982
11258,0.002697,172.217.194.0-255,1484,166336,64,210982
11259,0.002732,172.217.194.0-255,7156,173492,64,210982
11260,0.002735,172.31.40.0-255,66,173558,64,210982
11261,0.002753,172.217.194.0-255,2902,176460,64,210982
11262,0.002755,172.31.40.0-255,66,176526,64,210982
11263,0.00277,172.31.40.0-255,66,176592,64,210982
11264,0.00281,172.217.194.0-255,1484,178076,64,210982
11265,0.002814,172.217.194.0-255,1484,179560,64,210982
11266,0.002816,172.31.40.0-255,66,179626,64,210982
11267,0.002839,172.217.194.0-255,1484,181110,64,210982
11268,0.002847,172.217.194.0-255,5738,186848,64,210982
11269,0.002849,172.31.40.0-255,66,186914,64,210982
11270,0.002879,172.31.40.0-255,66,186980,64,210982
11271,0.002892,172.31.40.0-255,66,187046,64,210982
11272,0.00292,172.217.194.0-255,5020,192066,64,210982
11273,0.002923,172.31.40.0-255,66,192132,64,210982
11274,0.002929,172.217.194.0-255,5738,197870,64,210982
11275,0.002931,172.31.40.0-255,66,197936,64,210982
11276,0.002949,172.217.194.0-255,2902,200838,64,210982
11277,0.002952,172.31.40.0-255,66,200904,64,210982
11278,0.002979,172.31.40.0-255,66,200970,64,210982
11279,0.002993,172.31.40.0-255,66,201036,64,210982
11280,0.003014,172.217.194.0-255,2902,203938,64,210982
11281,0.003016,172.31.40.0-255,66,204004,64,210982
11282,0.003047,172.31.40.0-255,66,204070,64,210982
11283,0.003078,172.217.194.0-255,2184,206254,64,210982
11284,0.00308,172.31.40.0-255,66,206320,64,210982
11285,0.003093,172.31.40.0-255,66,206386,64,210982
11286,0.00311,172.31.40.0-255,66,206452,64,210982
11287,0.003113,172.217.194.0-255,1484,207936,64,210982
11288,0.003118,172.217.194.0-255,2440,210376,64,210982
11289,0.00312,172.31.40.0-255,66,210442,64,210982
11290,0.003124,172.217.194.0-255,97,210539,64,210982
11291,0.003126,172.217.194.0-255,105,210644,64,210982
11292,0.009907,172.31.40.0-255,101,210745,64,210982
11293,0.0104,172.31.40.0-255,105,210850,64,210982
11294,0.012387,172.217.194.0-255,66,210916,64,210982
11295,0.01286,172.217.194.0-255,66,210982,64,210982
11296,0.0,172.217.194.0-255,146,146,64,197550
11297,2.3e-05,172.31.40.0-255,66,212,64,197550
11298,3e-05,172.217.194.0-255,1484,1696,64,197550
11299,3.4e-05,172.31.40.0-255,66,1762,64,197550
11300,4.1e-05,172.217.194.0-255,2902,4664,64,197550
11301,4.5e-05,172.31.40.0-255,66,4730,64,197550
11302,6.1e-05,172.217.194.0-255,7156,11886,64,197550
11303,6.4e-05,172.31.40.0-255,66,11952,64,197550
11304,7.7e-05,172.31.40.0-255,66,12018,64,197550
11305,0.000126,172.31.40.0-255,66,12084,64,197550
11306,0.000288,172.217.194.0-255,1484,13568,64,197550
11307,0.000293,172.31.40.0-255,66,13634,64,197550
11308,0.0003,172.217.194.0-255,2902,16536,64,197550
11309,0.000302,172.31.40.0-255,66,16602,64,197550
11310,0.000329,172.217.194.0-255,4320,20922,64,197550
11311,0.000332,172.31.40.0-255,66,20988,64,197550
11312,0.000372,172.217.194.0-255,5738,26726,64,197550
11313,0.000376,172.31.40.0-255,66,26792,64,197550
11314,0.000387,172.217.194.0-255,2543,29335,64,197550
11315,0.00039,172.31.40.0-255,66,29401,64,197550
11316,0.000405,172.31.40.0-255,66,29467,64,197550
11317,0.000408,172.217.194.0-255,1484,30951,64,197550
11318,0.00041,172.31.40.0-255,66,31017,64,197550
11319,0.00045,172.217.194.0-255,7086,38103,64,197550
11320,0.000454,172.31.40.0-255,66,38169,64,197550
11321,0.000772,172.217.194.0-255,367,38536,64,197550
11322,0.000777,172.31.40.0-255,66,38602,64,197550
11323,0.000836,172.217.194.0-255,1484,40086,64,197550
11324,0.00084,172.31.40.0-255,66,40152,64,197550
11325,0.000843,172.217.194.0-255,1484,41636,64,197550
11326,0.000869,172.217.194.0-255,2902,44538,64,197550
11327,0.000899,172.217.194.0-255,5738,50276,64,197550
11328,0.000907,172.31.40.0-255,66,50342,64,197550
11329,0.000939,172.217.194.0-255,4320,54662,64,197550
11330,0.000956,172.217.194.0-255,2184,56846,64,197550
11331,0.000966,172.31.40.0-255,66,56912,64,197550
11332,0.001421,172.217.194.0-255,1484,58396,64,197550
11333,0.001437,172.217.194.0-255,2902,61298,64,197550
11334,0.001441,172.31.40.0-255,66,61364,64,197550
11335,0.001446,172.217.194.0-255,4320,65684,64,197550
11336,0.00145,172.31.40.0-255,66,65750,64,197550
11337,0.001468,172.217.194.0-255,1484,67234,64,197550
11338,0.001473,172.217.194.0-255,4320,71554,64,197550
11339,0.001508,172.217.194.0-255,5738,77292,64,197550
11340,0.001522,172.31.40.0-255,66,77358,64,197550
11341,0.00154,172.217.194.0-255,5020,82378,64,197550
11342,0.001565,172.31.40.0-255,66,82444,64,197550
11343,0.001578,172.217.194.0-255,5738,88182,64,197550
11344,0.001589,172.217.194.0-255,4320,92502,64,197550
11345,0.001607,172.217.194.0-255,4320,96822,64,197550
11346,0.001615,172.31.40.0-255,66,96888,64,197550
11347,0.001631,172.217.194.0-255,7156,104044,64,197550
11348,0.001635,172.217.194.0-255,2902,106946,64,197550
11349,0.001642,172.31.40.0-255,66,107012,64,197550
11350,0.001665,172.217.194.0-255,1484,108496,64,197550
11351,0.001683,172.31.40.0-255,66,108562,64,197550
11352,0.001687,172.217.194.0-255,1484,110046,64,197550
11353,0.001737,172.217.194.0-255,4320,114366,64,197550
11354,0.001749,172.31.40.0-255,66,114432,64,197550
11355,0.001765,172.217.194.0-255,5020,119452,64,197550
11356,0.00177,172.31.40.0-255,66,119518,64,197550
11357,0.001982,172.217.194.0-255,1484,121002,64,197550
11358,0.001988,172.217.194.0-255,2902,123904,64,197550
11359,0.002009,172.217.194.0-255,2902,126806,64,197550
11360,0.002021,172.217.194.0-255,2902,129708,64,197550
11361,0.002024,172.31.40.0-255,66,129774,64,197550
11362,0.002029,172.31.40.0-255,66,129840,64,197550
11363,0.002075,172.217.194.0-255,7156,136996,64,197550
11364,0.002086,172.31.40.0-255,66,137062,64,197550
11365,0.002116,172.217.194.0-255,3602,140664,64,197550
11366,0.002126,172.31.40.0-255,66,140730,64,197550
11367,0.002286,172.217.194.0-255,1484,142214,64,197550
11368,0.002303,172.217.194.0-255,2902,145116,64,197550
11369,0.002306,172.217.194.0-255,1484,146600,64,197550
11370,0.002321,172.217.194.0-255,4320,150920,64,197550
11371,0.002328,172.31.40.0-255,66,150986,64,197550
11372,0.002341,172.217.194.0-255,4320,155306,64,197550
11373,0.002359,172.31.40.0-255,66,155372,64,197550
11374,0.002393,172.31.40.0-255,66,155438,64,197550
11375,0.0024,172.217.194.0-255,5738,161176,64,197550
11376,0.011932,172.217.194.0-255,1484,162660,64,197550
11377,0.012726,172.31.40.0-255,66,162726,64,197550
11378,0.015107,172.217.194.0-255,5738,168464,64,197550
11379,0.015123,172.31.40.0-255,66,168530,64,197550
11380,0.017492,172.217.194.0-255,5738,174268,64,197550
11381,0.017505,172.31.40.0-255,66,174334,64,197550
11382,0.019838,172.217.194.0-255,5738,180072,64,197550
11383,0.019845,172.31.40.0-255,66,180138,64,197550
11384,0.022183,172.217.194.0-255,5738,185876,64,197550
11385,0.024445,172.31.40.0-255,66,185942,64,197550
11386,0.026785,172.217.194.0-255,5738,191680,64,197550
11387,0.026803,172.31.40.0-255,66,191746,64,197550
11388,0.02917,172.217.194.0-255,5738,197484,64,197550
11389,0.029178,172.31.40.0-255,66,197550,64,197550
11390,0.0,74.125.24.0-255,156,156,64,228359
11391,3.4e-05,172.31.40.0-255,66,222,64,228359
11392,4.1e-05,74.125.24.0-255,1484,1706,64,228359
11393,4.5e-05,172.31.40.0-255,66,1772,64,228359
11394,4.9e-05,74.125.24.0-255,2902,4674,64,228359
11395,5.2e-05,172.31.40.0-255,66,4740,64,228359
11396,5.6e-05,74.125.24.0-255,2902,7642,64,228359
11397,5.8e-05,172.31.40.0-255,66,7708,64,228359
11398,9.4e-05,74.125.24.0-255,6354,14062,64,228359
11399,9.7e-05,172.31.40.0-255,66,14128,64,228359
11400,0.000201,74.125.24.0-255,1484,15612,64,228359
11401,0.000206,172.31.40.0-255,66,15678,64,228359
11402,0.000211,74.125.24.0-255,2902,18580,64,228359
11403,0.000213,172.31.40.0-255,66,18646,64,228359
11404,0.000218,74.125.24.0-255,2902,21548,64,228359
11405,0.00022,172.31.40.0-255,66,21614,64,228359
11406,0.000244,74.125.24.0-255,2902,24516,64,228359
11407,0.000247,172.31.40.0-255,66,24582,64,228359
11408,0.000253,74.125.24.0-255,5738,30320,64,228359
11409,0.000255,172.31.40.0-255,66,30386,64,228359
11410,0.000279,74.125.24.0-255,1125,31511,64,228359
11411,0.000282,172.31.40.0-255,66,31577,64,228359
11412,0.000414,74.125.24.0-255,1484,33061,64,228359
11413,0.000418,172.31.40.0-255,66,33127,64,228359
11414,0.000422,74.125.24.0-255,1484,34611,64,228359
11415,0.000425,172.31.40.0-255,66,34677,64,228359
11416,0.000437,74.125.24.0-255,1484,36161,64,228359
11417,0.00044,172.31.40.0-255,66,36227,64,228359
11418,0.000447,74.125.24.0-255,5738,41965,64,228359
11419,0.00045,172.31.40.0-255,66,42031,64,228359
11420,0.000496,172.31.40.0-255,66,42097,64,228359
11421,0.000509,172.31.40.0-255,66,42163,64,228359
11422,0.000512,74.125.24.0-255,111,42274,64,228359
11423,0.000679,74.125.24.0-255,333,42607,64,228359
11424,0.000841,172.31.40.0-255,66,42673,64,228359
11425,0.000974,74.125.24.0-255,1484,44157,64,228359
11426,0.000983,74.125.24.0-255,2902,47059,64,228359
11427,0.000987,172.31.40.0-255,66,47125,64,228359
11428,0.000995,74.125.24.0-255,5738,52863,64,228359
11429,0.000997,172.31.40.0-255,66,52929,64,228359
11430,0.001034,172.31.40.0-255,66,52995,64,228359
11431,0.001039,74.125.24.0-255,2902,55897,64,228359
11432,0.001041,172.31.40.0-255,66,55963,64,228359
11433,0.001059,74.125.24.0-255,7156,63119,64,228359
11434,0.001063,172.31.40.0-255,66,63185,64,228359
11435,0.001075,74.125.24.0-255,766,63951,64,228359
11436,0.001238,74.125.24.0-255,1484,65435,64,228359
11437,0.001243,172.31.40.0-255,66,65501,64,228359
11438,0.001249,74.125.24.0-255,2902,68403,64,228359
11439,0.001251,172.31.40.0-255,66,68469,64,228359
11440,0.001257,74.125.24.0-255,5738,74207,64,228359
11441,0.001259,172.31.40.0-255,66,74273,64,228359
11442,0.001282,172.31.40.0-255,66,74339,64,228359
11443,0.00131,74.125.24.0-255,4320,78659,64,228359
11444,0.001313,172.31.40.0-255,66,78725,64,228359
11445,0.001326,172.31.40.0-255,66,78791,64,228359
11446,0.001552,74.125.24.0-255,1484,80275,64,228359
11447,0.001557,74.125.24.0-255,1484,81759,64,228359
11448,0.00156,172.31.40.0-255,66,81825,64,228359
11449,0.001577,74.125.24.0-255,1484,83309,64,228359
11450,0.001584,74.125.24.0-255,5738,89047,64,228359
11451,0.001586,172.31.40.0-255,66,89113,64,228359
11452,0.001591,74.125.24.0-255,4320,93433,64,228359
11453,0.001593,172.31.40.0-255,66,93499,64,228359
11454,0.001618,172.31.40.0-255,66,93565,64,228359
11455,0.001627,172.31.40.0-255,66,93631,64,228359
11456,0.001643,74.125.24.0-255,766,94397,64,228359
11457,0.001733,74.125.24.0-255,1484,95881,64,228359
11458,0.001735,172.31.40.0-255,66,95947,64,228359
11459,0.00174,74.125.24.0-255,2902,98849,64,228359
11460,0.001741,172.31.40.0-255,66,98915,64,228359
11461,0.001753,74.125.24.0-255,1484,100399,64,228359
11462,0.001767,74.125.24.0-255,4320,104719,64,228359
11463,0.00177,172.31.40.0-255,66,104785,64,228359
11464,0.001777,74.125.24.0-255,7156,111941,64,228359
11465,0.001779,172.31.40.0-255,66,112007,64,228359
11466,0.001794,74.125.24.0-255,5738,117745,64,228359
11467,0.001796,172.31.40.0-255,66,117811,64,228359
11468,0.001807,74.125.24.0-255,2902,120713,64,228359
11469,0.001809,172.31.40.0-255,66,120779,64,228359
11470,0.001845,172.31.40.0-255,66,120845,64,228359
11471,0.001857,172.31.40.0-255,66,120911,64,228359
11472,0.001864,74.125.24.0-255,5738,126649,64,228359
11473,0.001866,172.31.40.0-255,66,126715,64,228359
11474,0.001886,172.31.40.0-255,66,126781,64,228359
11475,0.001951,74.125.24.0-255,1484,128265,64,228359
11476,0.001954,74.125.24.0-255,1484,129749,64,228359
11477,0.001956,172.31.40.0-255,66,129815,64,228359
11478,0.001973,74.125.24.0-255,1484,131299,64,228359
11479,0.001979,74.125.24.0-255,5738,137037,64,228359
11480,0.001981,172.31.40.0-255,66,137103,64,228359
11481,0.002015,172.31.40.0-255,66,137169,64,228359
11482,0.002025,172.31.40.0-255,66,137235,64,228359
11483,0.002078,74.125.24.0-255,2184,139419,64,228359
11484,0.00208,172.31.40.0-255,66,139485,64,228359
11485,0.002105,74.125.24.0-255,2902,142387,64,228359
11486,0.002107,172.31.40.0-255,66,142453,64,228359
11487,0.002112,74.125.24.0-255,4320,146773,64,228359
11488,0.002114,172.31.40.0-255,66,146839,64,228359
11489,0.002118,74.125.24.0-255,2902,149741,64,228359
11490,0.00212,172.31.40.0-255,66,149807,64,228359
11491,0.00214,74.125.24.0-255,5738,155545,64,228359
11492,0.002142,172.31.40.0-255,66,155611,64,228359
11493,0.002167,74.125.24.0-255,4320,159931,64,228359
11494,0.002169,172.31.40.0-255,66,159997,64,228359
11495,0.002202,172.31.40.0-255,66,160063,64,228359
11496,0.00446,74.125.24.0-255,4320,164383,64,228359
11497,0.004466,172.31.40.0-255,66,164449,64,228359
11498,0.004483,74.125.24.0-255,1484,165933,64,228359
11499,0.006743,74.125.24.0-255,4320,170253,64,228359
11500,0.006767,172.31.40.0-255,66,170319,64,228359
11501,0.009035,74.125.24.0-255,5738,176057,64,228359
11502,0.009044,172.31.40.0-255,66,176123,64,228359
11503,0.011299,74.125.24.0-255,5738,181861,64,228359
11504,0.011313,172.31.40.0-255,66,181927,64,228359
11505,0.013605,74.125.24.0-255,5738,187665,64,228359
11506,0.013621,172.31.40.0-255,66,187731,64,228359
11507,0.015892,74.125.24.0-255,5738,193469,64,228359
11508,0.015905,172.31.40.0-255,66,193535,64,228359
11509,0.01815,74.125.24.0-255,5738,199273,64,228359
11510,0.018157,172.31.40.0-255,66,199339,64,228359
11511,0.02042,74.125.24.0-255,5738,205077,64,228359
11512,0.020428,172.31.40.0-255,66,205143,64,228359
11513,0.022712,74.125.24.0-255,5738,210881,64,228359
11514,0.022721,172.31.40.0-255,66,210947,64,228359
11515,0.025021,74.125.24.0-255,5738,216685,64,228359
11516,0.025029,172.31.40.0-255,66,216751,64,228359
11517,0.0273,74.125.24.0-255,5738,222489,64,228359
11518,0.027309,172.31.40.0-255,66,222555,64,228359
11519,0.029561,74.125.24.0-255,5738,228293,64,228359
11520,0.029567,172.31.40.0-255,66,228359,64,228359
11521,0.0,74.125.24.0-255,150,150,64,230162
11522,1.1e-05,172.31.40.0-255,66,216,64,230162
11523,1.7e-05,74.125.24.0-255,1484,1700,64,230162
11524,2.1e-05,172.31.40.0-255,66,1766,64,230162
11525,2.6e-05,74.125.24.0-255,2902,4668,64,230162
11526,2.8e-05,172.31.40.0-255,66,4734,64,230162
11527,5.9e-05,74.125.24.0-255,7156,11890,64,230162
11528,6.1e-05,172.31.40.0-255,66,11956,64,230162
11529,6.4e-05,74.125.24.0-255,1484,13440,64,230162
11530,6.5e-05,172.31.40.0-255,66,13506,64,230162
11531,8.2e-05,74.125.24.0-255,5738,19244,64,230162
11532,8.4e-05,172.31.40.0-255,66,19310,64,230162
11533,0.000114,172.31.40.0-255,66,19376,64,230162
11534,0.000118,74.125.24.0-255,2543,21919,64,230162
11535,0.000119,172.31.40.0-255,66,21985,64,230162
11536,0.000173,172.31.40.0-255,66,22051,64,230162
11537,0.000188,74.125.24.0-255,6797,28848,64,230162
11538,0.00019,172.31.40.0-255,66,28914,64,230162
11539,0.000646,74.125.24.0-255,1484,30398,64,230162
11540,0.000651,172.31.40.0-255,66,30464,64,230162
11541,0.000666,74.125.24.0-255,2902,33366,64,230162
11542,0.000668,172.31.40.0-255,66,33432,64,230162
11543,0.000671,74.125.24.0-255,1484,34916,64,230162
11544,0.000672,172.31.40.0-255,66,34982,64,230162
11545,0.000698,74.125.24.0-255,4320,39302,64,230162
11546,0.0007,172.31.40.0-255,66,39368,64,230162
11547,0.000707,74.125.24.0-255,6797,46165,64,230162
11548,0.000708,172.31.40.0-255,66,46231,64,230162
11549,0.000746,172.31.40.0-255,66,46297,64,230162
11550,0.000752,74.125.24.0-255,1484,47781,64,230162
11551,0.000756,74.125.24.0-255,2543,50324,64,230162
11552,0.000758,172.31.40.0-255,66,50390,64,230162
11553,0.000798,74.125.24.0-255,5738,56128,64,230162
11554,0.000801,172.31.40.0-255,66,56194,64,230162
11555,0.000812,74.125.24.0-255,1484,57678,64,230162
11556,0.000814,74.125.24.0-255,1484,59162,64,230162
11557,0.000816,172.31.40.0-255,66,59228,64,230162
11558,0.000835,74.125.24.0-255,7156,66384,64,230162
11559,0.000838,172.31.40.0-255,66,66450,64,230162
11560,0.000894,74.125.24.0-255,1704,68154,64,230162
11561,0.000897,172.31.40.0-255,66,68220,64,230162
11562,0.001018,74.125.24.0-255,1484,69704,64,230162
11563,0.001033,74.125.24.0-255,2902,72606,64,230162
11564,0.001036,172.31.40.0-255,66,72672,64,230162
11565,0.001057,74.125.24.0-255,4320,76992,64,230162
11566,0.001059,172.31.40.0-255,66,77058,64,230162
11567,0.001071,74.125.24.0-255,4320,81378,64,230162
11568,0.001073,172.31.40.0-255,66,81444,64,230162
11569,0.001084,74.125.24.0-255,4320,85764,64,230162
11570,0.001086,172.31.40.0-255,66,85830,64,230162
11571,0.001118,74.125.24.0-255,2902,88732,64,230162
11572,0.001121,172.31.40.0-255,66,88798,64,230162
11573,0.001152,172.31.40.0-255,66,88864,64,230162
11574,0.001155,74.125.24.0-255,766,89630,64,230162
11575,0.001219,74.125.24.0-255,1484,91114,64,230162
11576,0.001222,172.31.40.0-255,66,91180,64,230162
11577,0.001226,74.125.24.0-255,2902,94082,64,230162
11578,0.001227,172.31.40.0-255,66,94148,64,230162
11579,0.001238,74.125.24.0-255,1484,95632,64,230162
11580,0.00126,74.125.24.0-255,4320,99952,64,230162
11581,0.001262,172.31.40.0-255,66,100018,64,230162
11582,0.001276,74.125.24.0-255,7156,107174,64,230162
11583,0.001278,172.31.40.0-255,66,107240,64,230162
11584,0.001298,74.125.24.0-255,4320,111560,64,230162
11585,0.0013,172.31.40.0-255,66,111626,64,230162
11586,0.00133,172.31.40.0-255,66,111692,64,230162
11587,0.001334,74.125.24.0-255,2184,113876,64,230162
11588,0.001336,172.31.40.0-255,66,113942,64,230162
11589,0.001368,74.125.24.0-255,1484,115426,64,230162
11590,0.001387,74.125.24.0-255,2902,118328,64,230162
11591,0.001389,172.31.40.0-255,66,118394,64,230162
11592,0.001395,74.125.24.0-255,5738,124132,64,230162
11593,0.001397,172.31.40.0-255,66,124198,64,230162
11594,0.001417,74.125.24.0-255,2902,127100,64,230162
11595,0.001419,172.31.40.0-255,66,127166,64,230162
11596,0.00144,74.125.24.0-255,5738,132904,64,230162
11597,0.001443,172.31.40.0-255,66,132970,64,230162
11598,0.001516,172.31.40.0-255,66,133036,64,230162
11599,0.001531,74.125.24.0-255,5020,138056,64,230162
11600,0.001534,172.31.40.0-255,66,138122,64,230162
11601,0.00199,74.125.24.0-255,1484,139606,64,230162
11602,0.002002,74.125.24.0-255,2902,142508,64,230162
11603,0.002006,172.31.40.0-255,66,142574,64,230162
11604,0.002025,74.125.24.0-255,5738,148312,64,230162
11605,0.002028,172.31.40.0-255,66,148378,64,230162
11606,0.002045,74.125.24.0-255,4320,152698,64,230162
11607,0.002047,172.31.40.0-255,66,152764,64,230162
11608,0.00207,172.31.40.0-255,66,152830,64,230162
11609,0.002073,74.125.24.0-255,1484,154314,64,230162
11610,0.002116,172.31.40.0-255,66,154380,64,230162
11611,0.002194,74.125.24.0-255,1484,155864,64,230162
11612,0.002206,74.125.24.0-255,1484,157348,64,230162
11613,0.002208,172.31.40.0-255,66,157414,64,230162
11614,0.002232,74.125.24.0-255,1484,158898,64,230162
11615,0.002237,74.125.24.0-255,5738,164636,64,230162
11616,0.002244,172.31.40.0-255,66,164702,64,230162
11617,0.002247,74.125.24.0-255,1484,166186,64,230162
11618,0.002277,172.31.40.0-255,66,166252,64,230162
11619,0.003957,172.31.40.0-255,66,166318,64,230162
11620,0.006331,74.125.24.0-255,5738,172056,64,230162
11621,0.006337,172.31.40.0-255,66,172122,64,230162
11622,0.008643,74.125.24.0-255,5738,177860,64,230162
11623,0.008648,172.31.40.0-255,66,177926,64,230162
11624,0.011036,74.125.24.0-255,5738,183664,64,230162
11625,0.011043,172.31.40.0-255,66,183730,64,230162
11626,0.013357,74.125.24.0-255,5738,189468,64,230162
11627,0.013365,172.31.40.0-255,66,189534,64,230162
11628,0.015696,74.125.24.0-255,5738,195272,64,230162
11629,0.015702,172.31.40.0-255,66,195338,64,230162
11630,0.018012,74.125.24.0-255,5738,201076,64,230162
11631,0.018019,172.31.40.0-255,66,201142,64,230162
11632,0.020367,74.125.24.0-255,5738,206880,64,230162
11633,0.020376,172.31.40.0-255,66,206946,64,230162
11634,0.022732,74.125.24.0-255,5738,212684,64,230162
11635,0.022739,172.31.40.0-255,66,212750,64,230162
11636,0.025104,74.125.24.0-255,5738,218488,64,230162
11637,0.025111,172.31.40.0-255,66,218554,64,230162
11638,0.027468,74.125.24.0-255,5738,224292,64,230162
11639,0.027475,172.31.40.0-255,66,224358,64,230162
11640,0.029828,74.125.24.0-255,5738,230096,64,230162
11641,0.029836,172.31.40.0-255,66,230162,64,230162
11642,0.0,172.217.194.0-255,153,153,64,208567
11643,1.7e-05,172.31.40.0-255,66,219,64,208567
11644,2.5e-05,172.217.194.0-255,1484,1703,64,208567
11645,2.9e-05,172.31.40.0-255,66,1769,64,208567
11646,3.6e-05,172.217.194.0-255,2902,4671,64,208567
11647,3.9e-05,172.31.40.0-255,66,4737,64,208567
11648,5.3e-05,172.217.194.0-255,5738,10475,64,208567
11649,5.7e-05,172.31.40.0-255,66,10541,64,208567
11650,7.6e-05,172.217.194.0-255,4320,14861,64,208567
11651,8.3e-05,172.31.40.0-255,66,14927,64,208567
11652,0.000126,172.31.40.0-255,66,14993,64,208567
11653,0.000133,172.217.194.0-255,6797,21790,64,208567
11654,0.000136,172.31.40.0-255,66,21856,64,208567
11655,0.000186,172.217.194.0-255,1484,23340,64,208567
11656,0.000188,172.31.40.0-255,66,23406,64,208567
11657,0.000192,172.217.194.0-255,1484,24890,64,208567
11658,0.000194,172.31.40.0-255,66,24956,64,208567
11659,0.00022,172.217.194.0-255,1484,26440,64,208567
11660,0.000224,172.31.40.0-255,66,26506,64,208567
11661,0.000231,172.217.194.0-255,5738,32244,64,208567
11662,0.000233,172.31.40.0-255,66,32310,64,208567
11663,0.00026,172.217.194.0-255,6797,39107,64,208567
11664,0.000262,172.31.40.0-255,66,39173,64,208567
11665,0.000269,172.217.194.0-255,7156,46329,64,208567
11666,0.000271,172.31.40.0-255,66,46395,64,208567
11667,0.000315,172.31.40.0-255,66,46461,64,208567
11668,0.000334,172.217.194.0-255,1414,47875,64,208567
11669,0.000337,172.31.40.0-255,66,47941,64,208567
11670,0.000429,172.217.194.0-255,366,48307,64,208567
11671,0.000433,172.31.40.0-255,66,48373,64,208567
11672,0.000553,172.217.194.0-255,1484,49857,64,208567
11673,0.000573,172.217.194.0-255,2902,52759,64,208567
11674,0.000576,172.31.40.0-255,66,52825,64,208567
11675,0.000596,172.217.194.0-255,5738,58563,64,208567
11676,0.000605,172.31.40.0-255,66,58629,64,208567
11677,0.00061,172.217.194.0-255,4320,62949,64,208567
11678,0.000613,172.31.40.0-255,66,63015,64,208567
11679,0.000667,172.31.40.0-255,66,63081,64,208567
11680,0.000674,172.31.40.0-255,66,63147,64,208567
11681,0.000741,172.217.194.0-255,1484,64631,64,208567
11682,0.000782,172.217.194.0-255,2902,67533,64,208567
11683,0.000786,172.31.40.0-255,66,67599,64,208567
11684,0.000793,172.217.194.0-255,5738,73337,64,208567
11685,0.000795,172.31.40.0-255,66,73403,64,208567
11686,0.00083,172.31.40.0-255,66,73469,64,208567
11687,0.000855,172.217.194.0-255,1484,74953,64,208567
11688,0.00087,172.31.40.0-255,66,75019,64,208567
11689,0.000931,172.217.194.0-255,7156,82175,64,208567
11690,0.000934,172.31.40.0-255,66,82241,64,208567
11691,0.000961,172.217.194.0-255,5738,87979,64,208567
11692,0.000964,172.31.40.0-255,66,88045,64,208567
11693,0.000975,172.31.40.0-255,66,88111,64,208567
11694,0.000992,172.31.40.0-255,66,88177,64,208567
11695,0.001014,172.217.194.0-255,2184,90361,64,208567
11696,0.001022,172.31.40.0-255,66,90427,64,208567
11697,0.001581,172.217.194.0-255,1484,91911,64,208567
11698,0.001589,172.217.194.0-255,2902,94813,64,208567
11699,0.001593,172.31.40.0-255,66,94879,64,208567
11700,0.0016,172.217.194.0-255,5738,100617,64,208567
11701,0.001602,172.31.40.0-255,66,100683,64,208567
11702,0.001606,172.217.194.0-255,1484,102167,64,208567
11703,0.001646,172.31.40.0-255,66,102233,64,208567
11704,0.001653,172.217.194.0-255,7156,109389,64,208567
11705,0.001655,172.31.40.0-255,66,109455,64,208567
11706,0.001682,172.217.194.0-255,3602,113057,64,208567
11707,0.001685,172.31.40.0-255,66,113123,64,208567
11708,0.001773,172.217.194.0-255,1484,114607,64,208567
11709,0.001786,172.217.194.0-255,2902,117509,64,208567
11710,0.00179,172.31.40.0-255,66,117575,64,208567
11711,0.001827,172.217.194.0-255,5738,123313,64,208567
11712,0.001829,172.31.40.0-255,66,123379,64,208567
11713,0.00184,172.31.40.0-255,66,123445,64,208567
11714,0.001884,172.31.40.0-255,66,123511,64,208567
11715,0.00189,172.217.194.0-255,5020,128531,64,208567
11716,0.001892,172.31.40.0-255,66,128597,64,208567
11717,0.00196,172.217.194.0-255,1484,130081,64,208567
11718,0.003836,172.217.194.0-255,4320,134401,64,208567
11719,0.003843,172.31.40.0-255,66,134467,64,208567
11720,0.005785,172.217.194.0-255,4320,138787,64,208567
11721,0.005791,172.31.40.0-255,66,138853,64,208567
11722,0.005823,172.217.194.0-255,1484,140337,64,208567
11723,0.007747,172.217.194.0-255,4320,144657,64,208567
11724,0.007754,172.31.40.0-255,66,144723,64,208567
11725,0.009705,172.217.194.0-255,5738,150461,64,208567
11726,0.009712,172.31.40.0-255,66,150527,64,208567
11727,0.011682,172.217.194.0-255,5738,156265,64,208567
11728,0.0117,172.31.40.0-255,66,156331,64,208567
11729,0.013624,172.217.194.0-255,5738,162069,64,208567
11730,0.013637,172.31.40.0-255,66,162135,64,208567
11731,0.015566,172.217.194.0-255,5738,167873,64,208567
11732,0.01558,172.31.40.0-255,66,167939,64,208567
11733,0.017527,172.217.194.0-255,5738,173677,64,208567
11734,0.017543,172.31.40.0-255,66,173743,64,208567
11735,0.019479,172.217.194.0-255,5738,179481,64,208567
11736,0.019488,172.31.40.0-255,66,179547,64,208567
11737,0.021415,172.217.194.0-255,5738,185285,64,208567
11738,0.021425,172.31.40.0-255,66,185351,64,208567
11739,0.023392,172.217.194.0-255,5738,191089,64,208567
11740,0.023404,172.31.40.0-255,66,191155,64,208567
11741,0.025408,172.217.194.0-255,5738,196893,64,208567
11742,0.025422,172.31.40.0-255,66,196959,64,208567
11743,0.027379,172.217.194.0-255,5738,202697,64,208567
11744,0.027388,172.31.40.0-255,66,202763,64,208567
11745,0.029334,172.217.194.0-255,5738,208501,64,208567
11746,0.029341,172.31.40.0-255,66,208567,64,208567
11747,0.0,172.217.24.0-255,153,153,64,153360
11748,1.7e-05,172.31.40.0-255,66,219,64,153360
11749,2.4e-05,172.217.24.0-255,1484,1703,64,153360
11750,2.9e-05,172.31.40.0-255,66,1769,64,153360
11751,3.4e-05,172.217.24.0-255,2902,4671,64,153360
11752,3.6e-05,172.31.40.0-255,66,4737,64,153360
11753,4.2e-05,172.217.24.0-255,4320,9057,64,153360
11754,4.5e-05,172.31.40.0-255,66,9123,64,153360
11755,7.9e-05,172.217.24.0-255,2902,12025,64,153360
11756,8.2e-05,172.31.40.0-255,66,12091,64,153360
11757,9.5e-05,172.217.24.0-255,2126,14217,64,153360
11758,9.8e-05,172.31.40.0-255,66,14283,64,153360
11759,0.000137,172.217.24.0-255,2902,17185,64,153360
11760,0.000139,172.31.40.0-255,66,17251,64,153360
11761,0.000145,172.217.24.0-255,4320,21571,64,153360
11762,0.000147,172.31.40.0-255,66,21637,64,153360
11763,0.000177,172.217.24.0-255,7156,28793,64,153360
11764,0.00018,172.31.40.0-255,66,28859,64,153360
11765,0.000242,172.217.24.0-255,2543,31402,64,153360
11766,0.000246,172.31.40.0-255,66,31468,64,153360
11767,0.000249,172.217.24.0-255,1484,32952,64,153360
11768,0.000252,172.31.40.0-255,66,33018,64,153360
11769,0.000265,172.217.24.0-255,1484,34502,64,153360
11770,0.000267,172.31.40.0-255,66,34568,64,153360
11771,0.000274,172.217.24.0-255,7156,41724,64,153360
11772,0.000277,172.31.40.0-255,66,41790,64,153360
11773,0.000292,172.217.24.0-255,6797,48587,64,153360
11774,0.000295,172.31.40.0-255,66,48653,64,153360
11775,0.000429,172.217.24.0-255,1484,50137,64,153360
11776,0.000434,172.31.40.0-255,66,50203,64,153360
11777,0.000439,172.217.24.0-255,2902,53105,64,153360
11778,0.000441,172.31.40.0-255,66,53171,64,153360
11779,0.000459,172.217.24.0-255,4320,57491,64,153360
11780,0.000462,172.31.40.0-255,66,57557,64,153360
11781,0.000487,172.217.24.0-255,4320,61877,64,153360
11782,0.00049,172.31.40.0-255,66,61943,64,153360
11783,0.00051,172.217.24.0-255,4291,66234,64,153360
11784,0.000513,172.31.40.0-255,66,66300,64,153360
11785,0.002436,172.217.24.0-255,1484,67784,64,153360
11786,0.002459,172.217.24.0-255,4320,72104,64,153360
11787,0.002465,172.31.40.0-255,66,72170,64,153360
11788,0.004411,172.217.24.0-255,5738,77908,64,153360
11789,0.004417,172.31.40.0-255,66,77974,64,153360
11790,0.006352,172.217.24.0-255,5738,83712,64,153360
11791,0.006357,172.31.40.0-255,66,83778,64,153360
11792,0.008296,172.217.24.0-255,5738,89516,64,153360
11793,0.008303,172.31.40.0-255,66,89582,64,153360
11794,0.010244,172.217.24.0-255,5738,95320,64,153360
11795,0.010251,172.31.40.0-255,66,95386,64,153360
11796,0.012196,172.217.24.0-255,5738,101124,64,153360
11797,0.012204,172.31.40.0-255,66,101190,64,153360
11798,0.014146,172.217.24.0-255,5738,106928,64,153360
11799,0.014154,172.31.40.0-255,66,106994,64,153360
11800,0.016095,172.217.24.0-255,5738,112732,64,153360
11801,0.016102,172.31.40.0-255,66,112798,64,153360
11802,0.01806,172.217.24.0-255,5738,118536,64,153360
11803,0.018068,172.31.40.0-255,66,118602,64,153360
11804,0.02004,172.217.24.0-255,5738,124340,64,153360
11805,0.020047,172.31.40.0-255,66,124406,64,153360
11806,0.022012,172.217.24.0-255,5738,130144,64,153360
11807,0.022028,172.31.40.0-255,66,130210,64,153360
11808,0.02402,172.217.24.0-255,5738,135948,64,153360
11809,0.024037,172.31.40.0-255,66,136014,64,153360
11810,0.026004,172.217.24.0-255,5738,141752,64,153360
11811,0.026021,172.31.40.0-255,66,141818,64,153360
11812,0.02802,172.217.24.0-255,5738,147556,64,153360
11813,0.028037,172.31.40.0-255,66,147622,64,153360
11814,0.029992,172.217.24.0-255,5738,153360,64,153360
11815,0.0,172.217.160.0-255,150,150,64,239011
11816,2.2e-05,172.31.40.0-255,66,216,64,239011
11817,2.9e-05,172.217.160.0-255,1484,1700,64,239011
11818,3.3e-05,172.31.40.0-255,66,1766,64,239011
11819,4e-05,172.217.160.0-255,2902,4668,64,239011
11820,4.3e-05,172.31.40.0-255,66,4734,64,239011
11821,5.1e-05,172.217.160.0-255,7156,11890,64,239011
11822,5.4e-05,172.31.40.0-255,66,11956,64,239011
11823,5.8e-05,172.217.160.0-255,1983,13939,64,239011
11824,6.1e-05,172.31.40.0-255,66,14005,64,239011
11825,8.9e-05,172.217.160.0-255,2902,16907,64,239011
11826,9.2e-05,172.31.40.0-255,66,16973,64,239011
11827,0.0001,172.217.160.0-255,7156,24129,64,239011
11828,0.000102,172.31.40.0-255,66,24195,64,239011
11829,0.000108,172.217.160.0-255,6797,30992,64,239011
11830,0.00011,172.31.40.0-255,66,31058,64,239011
11831,0.00033,172.217.160.0-255,1484,32542,64,239011
11832,0.000335,172.31.40.0-255,66,32608,64,239011
11833,0.000345,172.217.160.0-255,2902,35510,64,239011
11834,0.000347,172.31.40.0-255,66,35576,64,239011
11835,0.000352,172.217.160.0-255,4320,39896,64,239011
11836,0.000354,172.31.40.0-255,66,39962,64,239011
11837,0.000398,172.217.160.0-255,4320,44282,64,239011
11838,0.000402,172.31.40.0-255,66,44348,64,239011
11839,0.000418,172.217.160.0-255,3961,48309,64,239011
11840,0.00042,172.31.40.0-255,66,48375,64,239011
11841,0.000576,172.217.160.0-255,1484,49859,64,239011
11842,0.00058,172.217.160.0-255,2902,52761,64,239011
11843,0.000584,172.31.40.0-255,66,52827,64,239011
11844,0.000587,172.31.40.0-255,66,52893,64,239011
11845,0.000603,172.217.160.0-255,5738,58631,64,239011
11846,0.000605,172.31.40.0-255,66,58697,64,239011
11847,0.000612,172.217.160.0-255,6797,65494,64,239011
11848,0.000627,172.31.40.0-255,66,65560,64,239011
11849,0.000631,172.217.160.0-255,374,65934,64,239011
11850,0.000906,172.31.40.0-255,66,66000,64,239011
11851,0.001082,172.217.160.0-255,101,66101,64,239011
11852,0.001213,172.217.160.0-255,1484,67585,64,239011
11853,0.001219,172.31.40.0-255,66,67651,64,239011
11854,0.001226,172.217.160.0-255,2902,70553,64,239011
11855,0.001233,172.217.160.0-255,5738,76291,64,239011
11856,0.001237,172.217.160.0-255,2902,79193,64,239011
11857,0.00128,172.217.160.0-255,4320,83513,64,239011
11858,0.001301,172.217.160.0-255,6797,90310,64,239011
11859,0.001332,172.217.160.0-255,4320,94630,64,239011
11860,0.001353,172.217.160.0-255,5379,100009,64,239011
11861,0.001517,172.217.160.0-255,1484,101493,64,239011
11862,0.001525,172.217.160.0-255,2902,104395,64,239011
11863,0.001548,172.217.160.0-255,5738,110133,64,239011
11864,0.001577,172.217.160.0-255,1484,111617,64,239011
11865,0.001633,172.217.160.0-255,1484,113101,64,239011
11866,0.001649,172.217.160.0-255,2902,116003,64,239011
11867,0.001673,172.217.160.0-255,5738,121741,64,239011
11868,0.001678,172.217.160.0-255,2902,124643,64,239011
11869,0.001714,172.217.160.0-255,7156,131799,64,239011
11870,0.00174,172.217.160.0-255,3602,135401,64,239011
11871,0.001862,172.217.160.0-255,1484,136885,64,239011
11872,0.001869,172.217.160.0-255,2902,139787,64,239011
11873,0.001877,172.217.160.0-255,5738,145525,64,239011
11874,0.00188,172.217.160.0-255,1484,147009,64,239011
11875,0.001897,172.217.160.0-255,2902,149911,64,239011
11876,0.001901,172.217.160.0-255,1484,151395,64,239011
11877,0.00194,172.217.160.0-255,2902,154297,64,239011
11878,0.001963,172.217.160.0-255,5020,159317,64,239011
11879,0.003197,172.31.40.0-255,66,159383,64,239011
11880,0.005167,172.217.160.0-255,5738,165121,64,239011
11881,0.005173,172.31.40.0-255,66,165187,64,239011
11882,0.007103,172.217.160.0-255,5738,170925,64,239011
11883,0.007108,172.31.40.0-255,66,170991,64,239011
11884,0.009036,172.217.160.0-255,5738,176729,64,239011
11885,0.009042,172.31.40.0-255,66,176795,64,239011
11886,0.010967,172.217.160.0-255,5738,182533,64,239011
11887,0.010973,172.31.40.0-255,66,182599,64,239011
11888,0.012912,172.217.160.0-255,5738,188337,64,239011
11889,0.013263,172.31.40.0-255,66,188403,64,239011
11890,0.015195,172.217.160.0-255,5738,194141,64,239011
11891,0.015202,172.31.40.0-255,66,194207,64,239011
11892,0.017133,172.217.160.0-255,5738,199945,64,239011
11893,0.01714,172.31.40.0-255,66,200011,64,239011
11894,0.019078,172.217.160.0-255,5738,205749,64,239011
11895,0.019086,172.31.40.0-255,66,205815,64,239011
11896,0.021034,172.217.160.0-255,5738,211553,64,239011
11897,0.021041,172.31.40.0-255,66,211619,64,239011
11898,0.02298,172.217.160.0-255,5738,217357,64,239011
11899,0.022988,172.31.40.0-255,66,217423,64,239011
11900,0.024932,172.217.160.0-255,5738,223161,64,239011
11901,0.024939,172.31.40.0-255,66,223227,64,239011
11902,0.026862,172.217.160.0-255,5738,228965,64,239011
11903,0.026869,172.31.40.0-255,66,229031,64,239011
11904,0.028164,172.31.40.0-255,172,229203,64,239011
11905,0.02821,172.31.40.0-255,1112,230315,64,239011
11906,0.028273,172.31.40.0-255,1514,231829,64,239011
11907,0.028275,172.31.40.0-255,1180,233009,64,239011
11908,0.028805,172.217.160.0-255,5738,238747,64,239011
11909,0.028813,172.31.40.0-255,66,238813,64,239011
11910,0.0297,104.244.42.0-255,66,238879,64,239011
11911,0.029754,104.244.42.0-255,66,238945,64,239011
11912,0.02984,104.244.42.0-255,66,239011,64,239011
11913,0.0,74.125.130.0-255,150,150,64,319078
11914,2.5e-05,172.31.40.0-255,66,216,64,319078
11915,3.2e-05,74.125.130.0-255,1484,1700,64,319078
11916,3.6e-05,172.31.40.0-255,66,1766,64,319078
11917,4.2e-05,74.125.130.0-255,2902,4668,64,319078
11918,4.5e-05,172.31.40.0-255,66,4734,64,319078
11919,7.9e-05,74.125.130.0-255,5738,10472,64,319078
11920,8.3e-05,172.31.40.0-255,66,10538,64,319078
11921,8.6e-05,74.125.130.0-255,1484,12022,64,319078
11922,8.8e-05,172.31.40.0-255,66,12088,64,319078
11923,9.2e-05,74.125.130.0-255,2064,14152,64,319078
11924,9.5e-05,172.31.40.0-255,66,14218,64,319078
11925,0.000116,74.125.130.0-255,5738,19956,64,319078
11926,0.000119,172.31.40.0-255,66,20022,64,319078
11927,0.000152,74.125.130.0-255,7156,27178,64,319078
11928,0.000155,172.31.40.0-255,66,27244,64,319078
11929,0.000197,74.125.130.0-255,3961,31205,64,319078
11930,0.0002,172.31.40.0-255,66,31271,64,319078
11931,0.000285,74.125.130.0-255,1484,32755,64,319078
11932,0.000289,172.31.40.0-255,66,32821,64,319078
11933,0.000301,74.125.130.0-255,1484,34305,64,319078
11934,0.000303,172.31.40.0-255,66,34371,64,319078
11935,0.000315,74.125.130.0-255,1484,35855,64,319078
11936,0.000317,172.31.40.0-255,66,35921,64,319078
11937,0.00032,74.125.130.0-255,1484,37405,64,319078
11938,0.000322,172.31.40.0-255,66,37471,64,319078
11939,0.000328,74.125.130.0-255,2902,40373,64,319078
11940,0.000331,172.31.40.0-255,66,40439,64,319078
11941,0.000349,74.125.130.0-255,4320,44759,64,319078
11942,0.000352,172.31.40.0-255,66,44825,64,319078
11943,0.000375,74.125.130.0-255,1484,46309,64,319078
11944,0.000377,172.31.40.0-255,66,46375,64,319078
11945,0.000383,74.125.130.0-255,4320,50695,64,319078
11946,0.000385,172.31.40.0-255,66,50761,64,319078
11947,0.00039,74.125.130.0-255,4320,55081,64,319078
11948,0.000392,172.31.40.0-255,66,55147,64,319078
11949,0.000408,74.125.130.0-255,1484,56631,64,319078
11950,0.000426,74.125.130.0-255,7156,63787,64,319078
11951,0.000429,172.31.40.0-255,66,63853,64,319078
11952,0.000449,74.125.130.0-255,2184,66037,64,319078
11953,0.000452,172.31.40.0-255,66,66103,64,319078
11954,0.000455,74.125.130.0-255,343,66446,64,319078
11955,0.000797,74.125.130.0-255,120,66566,64,319078
11956,0.001095,74.125.130.0-255,1484,68050,64,319078
11957,0.001101,172.31.40.0-255,66,68116,64,319078
11958,0.001107,74.125.130.0-255,2902,71018,64,319078
11959,0.001111,172.31.40.0-255,66,71084,64,319078
11960,0.001118,74.125.130.0-255,5738,76822,64,319078
11961,0.001121,172.31.40.0-255,66,76888,64,319078
11962,0.001165,74.125.130.0-255,7156,84044,64,319078
11963,0.001169,172.31.40.0-255,66,84110,64,319078
11964,0.001175,74.125.130.0-255,5738,89848,64,319078
11965,0.001178,172.31.40.0-255,66,89914,64,319078
11966,0.001207,74.125.130.0-255,7156,97070,64,319078
11967,0.00121,172.31.40.0-255,66,97136,64,319078
11968,0.00123,74.125.130.0-255,3602,100738,64,319078
11969,0.001232,172.31.40.0-255,66,100804,64,319078
11970,0.002473,74.125.130.0-255,1484,102288,64,319078
11971,0.002483,74.125.130.0-255,2902,105190,64,319078
11972,0.002488,172.31.40.0-255,66,105256,64,319078
11973,0.002506,74.125.130.0-255,1484,106740,64,319078
11974,0.002529,74.125.130.0-255,4320,111060,64,319078
11975,0.002532,172.31.40.0-255,66,111126,64,319078
11976,0.002545,74.125.130.0-255,2902,114028,64,319078
11977,0.002547,172.31.40.0-255,66,114094,64,319078
11978,0.002564,74.125.130.0-255,4320,118414,64,319078
11979,0.002566,172.31.40.0-255,66,118480,64,319078
11980,0.002571,74.125.130.0-255,2902,121382,64,319078
11981,0.002572,172.31.40.0-255,66,121448,64,319078
11982,0.00259,74.125.130.0-255,4320,125768,64,319078
11983,0.002593,172.31.40.0-255,66,125834,64,319078
11984,0.002612,74.125.130.0-255,1484,127318,64,319078
11985,0.002638,74.125.130.0-255,4320,131638,64,319078
11986,0.002641,172.31.40.0-255,66,131704,64,319078
11987,0.002644,74.125.130.0-255,1484,133188,64,319078
11988,0.002666,74.125.130.0-255,2184,135372,64,319078
11989,0.002669,172.31.40.0-255,66,135438,64,319078
11990,0.003391,74.125.130.0-255,1484,136922,64,319078
11991,0.003407,74.125.130.0-255,2902,139824,64,319078
11992,0.003411,172.31.40.0-255,66,139890,64,319078
11993,0.00343,74.125.130.0-255,2902,142792,64,319078
11994,0.003432,172.31.40.0-255,66,142858,64,319078
11995,0.003437,74.125.130.0-255,2902,145760,64,319078
11996,0.003439,172.31.40.0-255,66,145826,64,319078
11997,0.003464,74.125.130.0-255,1484,147310,64,319078
11998,0.003475,172.31.40.0-255,66,147376,64,319078
11999,0.00348,74.125.130.0-255,2902,150278,64,319078
12000,0.003482,172.31.40.0-255,66,150344,64,319078
12001,0.003535,74.125.130.0-255,2902,153246,64,319078
12002,0.003537,172.31.40.0-255,66,153312,64,319078
12003,0.003565,172.31.40.0-255,66,153378,64,319078
12004,0.003576,172.31.40.0-255,66,153444,64,319078
12005,0.003592,74.125.130.0-255,2902,156346,64,319078
12006,0.003594,172.31.40.0-255,66,156412,64,319078
12007,0.003599,74.125.130.0-255,4320,160732,64,319078
12008,0.003601,172.31.40.0-255,66,160798,64,319078
12009,0.003625,74.125.130.0-255,1484,162282,64,319078
12010,0.003628,172.31.40.0-255,78,162360,64,319078
12011,0.003636,74.125.130.0-255,7156,169516,64,319078
12012,0.003639,172.31.40.0-255,78,169594,64,319078
12013,0.003656,74.125.130.0-255,7156,176750,64,319078
12014,0.00366,172.31.40.0-255,66,176816,64,319078
12015,0.003662,74.125.130.0-255,1484,178300,64,319078
12016,0.003665,74.125.130.0-255,766,179066,64,319078
12017,0.003667,172.31.40.0-255,66,179132,64,319078
12018,0.003829,74.125.130.0-255,1484,180616,64,319078
12019,0.003844,74.125.130.0-255,2902,183518,64,319078
12020,0.003847,172.31.40.0-255,66,183584,64,319078
12021,0.003873,74.125.130.0-255,5738,189322,64,319078
12022,0.003876,172.31.40.0-255,66,189388,64,319078
12023,0.003914,74.125.130.0-255,4320,193708,64,319078
12024,0.003916,172.31.40.0-255,66,193774,64,319078
12025,0.003932,74.125.130.0-255,1484,195258,64,319078
12026,0.00394,74.125.130.0-255,7156,202414,64,319078
12027,0.003943,172.31.40.0-255,66,202480,64,319078
12028,0.003954,172.31.40.0-255,66,202546,64,319078
12029,0.003967,74.125.130.0-255,766,203312,64,319078
12030,0.003994,74.125.130.0-255,1484,204796,64,319078
12031,0.003996,172.31.40.0-255,66,204862,64,319078
12032,0.004023,74.125.130.0-255,2902,207764,64,319078
12033,0.004025,172.31.40.0-255,66,207830,64,319078
12034,0.004044,74.125.130.0-255,1484,209314,64,319078
12035,0.004049,74.125.130.0-255,2902,212216,64,319078
12036,0.004051,172.31.40.0-255,66,212282,64,319078
12037,0.004063,74.125.130.0-255,1484,213766,64,319078
12038,0.00409,74.125.130.0-255,4320,218086,64,319078
12039,0.004093,172.31.40.0-255,66,218152,64,319078
12040,0.004099,74.125.130.0-255,5738,223890,64,319078
12041,0.004102,172.31.40.0-255,66,223956,64,319078
12042,0.004109,74.125.130.0-255,7156,231112,64,319078
12043,0.004111,172.31.40.0-255,66,231178,64,319078
12044,0.004129,74.125.130.0-255,1484,232662,64,319078
12045,0.004145,74.125.130.0-255,5020,237682,64,319078
12046,0.004148,172.31.40.0-255,66,237748,64,319078
12047,0.004151,74.125.130.0-255,1484,239232,64,319078
12048,0.004171,74.125.130.0-255,5738,244970,64,319078
12049,0.004174,172.31.40.0-255,66,245036,64,319078
12050,0.004187,74.125.130.0-255,1484,246520,64,319078
12051,0.004215,172.31.40.0-255,66,246586,64,319078
12052,0.004221,74.125.130.0-255,4320,250906,64,319078
12053,0.004223,172.31.40.0-255,66,250972,64,319078
12054,0.00425,172.31.40.0-255,66,251038,64,319078
12055,0.004254,74.125.130.0-255,2184,253222,64,319078
12056,0.004256,172.31.40.0-255,66,253288,64,319078
12057,0.00426,74.125.130.0-255,2902,256190,64,319078
12058,0.004262,172.31.40.0-255,66,256256,64,319078
12059,0.004288,74.125.130.0-255,5738,261994,64,319078
12060,0.00429,172.31.40.0-255,66,262060,64,319078
12061,0.004293,74.125.130.0-255,1484,263544,64,319078
12062,0.004315,74.125.130.0-255,5738,269282,64,319078
12063,0.004317,172.31.40.0-255,66,269348,64,319078
12064,0.004342,74.125.130.0-255,5738,275086,64,319078
12065,0.004344,172.31.40.0-255,66,275152,64,319078
12066,0.004371,172.31.40.0-255,66,275218,64,319078
12067,0.004399,74.125.130.0-255,6438,281656,64,319078
12068,0.004402,172.31.40.0-255,66,281722,64,319078
12069,0.004408,74.125.130.0-255,7156,288878,64,319078
12070,0.004411,172.31.40.0-255,66,288944,64,319078
12071,0.004439,74.125.130.0-255,4320,293264,64,319078
12072,0.004441,172.31.40.0-255,66,293330,64,319078
12073,0.004485,74.125.130.0-255,2902,296232,64,319078
12074,0.004513,74.125.130.0-255,3602,299834,64,319078
12075,0.004543,74.125.130.0-255,5738,305572,64,319078
12076,0.00459,74.125.130.0-255,2902,308474,64,319078
12077,0.004673,74.125.130.0-255,6438,314912,64,319078
12078,0.004684,74.125.130.0-255,1484,316396,64,319078
12079,0.004697,74.125.130.0-255,2340,318736,64,319078
12080,0.004749,74.125.130.0-255,105,318841,64,319078
12081,0.010587,172.31.40.0-255,66,318907,64,319078
12082,0.013006,172.31.40.0-255,105,319012,64,319078
12083,0.01551,74.125.130.0-255,66,319078,64,319078
12084,0.0,74.125.130.0-255,151,151,64,289993
12085,2.3e-05,172.31.40.0-255,66,217,64,289993
12086,3.1e-05,74.125.130.0-255,1484,1701,64,289993
12087,3.6e-05,172.31.40.0-255,66,1767,64,289993
12088,4.1e-05,74.125.130.0-255,2902,4669,64,289993
12089,5.1e-05,172.31.40.0-255,66,4735,64,289993
12090,5.5e-05,74.125.130.0-255,1484,6219,64,289993
12091,5.7e-05,172.31.40.0-255,66,6285,64,289993
12092,6.3e-05,74.125.130.0-255,2902,9187,64,289993
12093,6.6e-05,172.31.40.0-255,66,9253,64,289993
12094,8.5e-05,74.125.130.0-255,4906,14159,64,289993
12095,9.2e-05,172.31.40.0-255,66,14225,64,289993
12096,0.000193,74.125.130.0-255,1484,15709,64,289993
12097,0.000196,172.31.40.0-255,66,15775,64,289993
12098,0.000204,74.125.130.0-255,2902,18677,64,289993
12099,0.000206,172.31.40.0-255,66,18743,64,289993
12100,0.000218,74.125.130.0-255,5738,24481,64,289993
12101,0.000221,172.31.40.0-255,66,24547,64,289993
12102,0.000255,74.125.130.0-255,4320,28867,64,289993
12103,0.000258,172.31.40.0-255,66,28933,64,289993
12104,0.000279,74.125.130.0-255,5379,34312,64,289993
12105,0.000282,172.31.40.0-255,66,34378,64,289993
12106,0.000286,74.125.130.0-255,2902,37280,64,289993
12107,0.000301,172.31.40.0-255,66,37346,64,289993
12108,0.000307,74.125.130.0-255,4320,41666,64,289993
12109,0.00031,172.31.40.0-255,66,41732,64,289993
12110,0.000357,74.125.130.0-255,6797,48529,64,289993
12111,0.00036,172.31.40.0-255,66,48595,64,289993
12112,0.000406,74.125.130.0-255,1484,50079,64,289993
12113,0.000409,172.31.40.0-255,66,50145,64,289993
12114,0.00044,74.125.130.0-255,2902,53047,64,289993
12115,0.000443,172.31.40.0-255,66,53113,64,289993
12116,0.000448,74.125.130.0-255,2902,56015,64,289993
12117,0.00045,172.31.40.0-255,66,56081,64,289993
12118,0.00046,74.125.130.0-255,4320,60401,64,289993
12119,0.000462,172.31.40.0-255,66,60467,64,289993
12120,0.000484,74.125.130.0-255,2902,63369,64,289993
12121,0.000486,172.31.40.0-255,66,63435,64,289993
12122,0.000508,74.125.130.0-255,2816,66251,64,289993
12123,0.000511,172.31.40.0-255,66,66317,64,289993
12124,0.000568,74.125.130.0-255,1484,67801,64,289993
12125,0.000584,74.125.130.0-255,2902,70703,64,289993
12126,0.000587,172.31.40.0-255,66,70769,64,289993
12127,0.000592,74.125.130.0-255,4320,75089,64,289993
12128,0.000595,172.31.40.0-255,66,75155,64,289993
12129,0.000642,74.125.130.0-255,5738,80893,64,289993
12130,0.000645,172.31.40.0-255,66,80959,64,289993
12131,0.000659,74.125.130.0-255,3961,84920,64,289993
12132,0.000665,172.31.40.0-255,66,84986,64,289993
12133,0.000677,172.31.40.0-255,66,85052,64,289993
12134,0.000714,74.125.130.0-255,5674,90726,64,289993
12135,0.000717,172.31.40.0-255,66,90792,64,289993
12136,0.000802,74.125.130.0-255,1484,92276,64,289993
12137,0.000823,74.125.130.0-255,2902,95178,64,289993
12138,0.000826,172.31.40.0-255,66,95244,64,289993
12139,0.000832,74.125.130.0-255,5738,100982,64,289993
12140,0.000835,172.31.40.0-255,66,101048,64,289993
12141,0.000844,74.125.130.0-255,2902,103950,64,289993
12142,0.000846,172.31.40.0-255,66,104016,64,289993
12143,0.000851,74.125.130.0-255,2902,106918,64,289993
12144,0.000853,172.31.40.0-255,66,106984,64,289993
12145,0.000878,74.125.130.0-255,1484,108468,64,289993
12146,0.000893,172.31.40.0-255,66,108534,64,289993
12147,0.0009,74.125.130.0-255,7156,115690,64,289993
12148,0.000902,172.31.40.0-255,66,115756,64,289993
12149,0.000953,74.125.130.0-255,766,116522,64,289993
12150,0.000977,74.125.130.0-255,1484,118006,64,289993
12151,0.00098,172.31.40.0-255,66,118072,64,289993
12152,0.000983,74.125.130.0-255,1484,119556,64,289993
12153,0.001007,74.125.130.0-255,2902,122458,64,289993
12154,0.00101,172.31.40.0-255,66,122524,64,289993
12155,0.001016,74.125.130.0-255,5738,128262,64,289993
12156,0.001019,172.31.40.0-255,66,128328,64,289993
12157,0.001047,74.125.130.0-255,4320,132648,64,289993
12158,0.00105,172.31.40.0-255,66,132714,64,289993
12159,0.001078,74.125.130.0-255,7156,139870,64,289993
12160,0.001081,172.31.40.0-255,66,139936,64,289993
12161,0.00111,172.31.40.0-255,66,140002,64,289993
12162,0.001144,74.125.130.0-255,1484,141486,64,289993
12163,0.001158,74.125.130.0-255,2902,144388,64,289993
12164,0.00116,172.31.40.0-255,66,144454,64,289993
12165,0.001192,74.125.130.0-255,5738,150192,64,289993
12166,0.001195,172.31.40.0-255,66,150258,64,289993
12167,0.0012,74.125.130.0-255,5738,155996,64,289993
12168,0.001202,172.31.40.0-255,66,156062,64,289993
12169,0.001236,74.125.130.0-255,7156,163218,64,289993
12170,0.001239,172.31.40.0-255,66,163284,64,289993
12171,0.001242,74.125.130.0-255,1484,164768,64,289993
12172,0.001275,172.31.40.0-255,66,164834,64,289993
12173,0.001641,74.125.130.0-255,1484,166318,64,289993
12174,0.001647,74.125.130.0-255,2902,169220,64,289993
12175,0.00165,172.31.40.0-255,66,169286,64,289993
12176,0.001678,74.125.130.0-255,5738,175024,64,289993
12177,0.001681,172.31.40.0-255,66,175090,64,289993
12178,0.001713,172.31.40.0-255,66,175156,64,289993
12179,0.001717,74.125.130.0-255,1484,176640,64,289993
12180,0.001748,172.31.40.0-255,66,176706,64,289993
12181,0.001752,74.125.130.0-255,2184,178890,64,289993
12182,0.001754,172.31.40.0-255,66,178956,64,289993
12183,0.001901,74.125.130.0-255,1484,180440,64,289993
12184,0.001915,74.125.130.0-255,2902,183342,64,289993
12185,0.001918,172.31.40.0-255,66,183408,64,289993
12186,0.001924,74.125.130.0-255,2902,186310,64,289993
12187,0.001926,172.31.40.0-255,66,186376,64,289993
12188,0.001949,74.125.130.0-255,2902,189278,64,289993
12189,0.001951,172.31.40.0-255,66,189344,64,289993
12190,0.001968,74.125.130.0-255,7156,196500,64,289993
12191,0.001971,172.31.40.0-255,66,196566,64,289993
12192,0.001979,74.125.130.0-255,7156,203722,64,289993
12193,0.001981,172.31.40.0-255,66,203788,64,289993
12194,0.002014,74.125.130.0-255,1484,205272,64,289993
12195,0.002026,172.31.40.0-255,66,205338,64,289993
12196,0.002098,74.125.130.0-255,1484,206822,64,289993
12197,0.002102,74.125.130.0-255,1484,208306,64,289993
12198,0.002105,172.31.40.0-255,66,208372,64,289993
12199,0.002128,74.125.130.0-255,1484,209856,64,289993
12200,0.002135,74.125.130.0-255,5738,215594,64,289993
12201,0.002137,172.31.40.0-255,66,215660,64,289993
12202,0.002172,172.31.40.0-255,66,215726,64,289993
12203,0.00219,74.125.130.0-255,4320,220046,64,289993
12204,0.002193,172.31.40.0-255,66,220112,64,289993
12205,0.002218,172.31.40.0-255,66,220178,64,289993
12206,0.00348,172.31.40.0-255,101,220279,64,289993
12207,0.004474,74.125.130.0-255,5738,226017,64,289993
12208,0.004496,172.31.40.0-255,66,226083,64,289993
12209,0.005705,74.125.130.0-255,66,226149,64,289993
12210,0.006778,74.125.130.0-255,5738,231887,64,289993
12211,0.006785,172.31.40.0-255,66,231953,64,289993
12212,0.009039,74.125.130.0-255,5738,237691,64,289993
12213,0.009046,172.31.40.0-255,66,237757,64,289993
12214,0.011296,74.125.130.0-255,5738,243495,64,289993
12215,0.011299,172.31.40.0-255,66,243561,64,289993
12216,0.013567,74.125.130.0-255,5738,249299,64,289993
12217,0.013582,172.31.40.0-255,66,249365,64,289993
12218,0.015849,74.125.130.0-255,5738,255103,64,289993
12219,0.015864,172.31.40.0-255,66,255169,64,289993
12220,0.018131,74.125.130.0-255,5738,260907,64,289993
12221,0.018138,172.31.40.0-255,66,260973,64,289993
12222,0.0204,74.125.130.0-255,5738,266711,64,289993
12223,0.020409,172.31.40.0-255,66,266777,64,289993
12224,0.022677,74.125.130.0-255,5738,272515,64,289993
12225,0.022685,172.31.40.0-255,66,272581,64,289993
12226,0.024952,74.125.130.0-255,5738,278319,64,289993
12227,0.02496,172.31.40.0-255,66,278385,64,289993
12228,0.027221,74.125.130.0-255,5738,284123,64,289993
12229,0.02723,172.31.40.0-255,66,284189,64,289993
12230,0.029491,74.125.130.0-255,5738,289927,64,289993
12231,0.029501,172.31.40.0-255,66,289993,64,289993
12232,0.0,172.217.194.0-255,146,146,64,231819
12233,2.2e-05,172.31.40.0-255,66,212,64,231819
12234,2.9e-05,172.217.194.0-255,1484,1696,64,231819
12235,3.3e-05,172.31.40.0-255,66,1762,64,231819
12236,3.9e-05,172.217.194.0-255,2902,4664,64,231819
12237,4.2e-05,172.31.40.0-255,66,4730,64,231819
12238,5e-05,172.217.194.0-255,7156,11886,64,231819
12239,5.2e-05,172.31.40.0-255,66,11952,64,231819
12240,5.7e-05,172.217.194.0-255,2001,13953,64,231819
12241,5.9e-05,172.31.40.0-255,66,14019,64,231819
12242,6.3e-05,172.217.194.0-255,2902,16921,64,231819
12243,6.6e-05,172.31.40.0-255,66,16987,64,231819
12244,9.4e-05,172.217.194.0-255,7156,24143,64,231819
12245,9.7e-05,172.31.40.0-255,66,24209,64,231819
12246,0.000142,172.31.40.0-255,66,24275,64,231819
12247,0.000168,172.31.40.0-255,66,24341,64,231819
12248,0.000262,172.217.194.0-255,1484,25825,64,231819
12249,0.000266,172.31.40.0-255,66,25891,64,231819
12250,0.000279,172.217.194.0-255,2902,28793,64,231819
12251,0.000281,172.31.40.0-255,66,28859,64,231819
12252,0.000297,172.217.194.0-255,5738,34597,64,231819
12253,0.0003,172.31.40.0-255,66,34663,64,231819
12254,0.000303,172.217.194.0-255,1484,36147,64,231819
12255,0.000305,172.31.40.0-255,66,36213,64,231819
12256,0.000328,172.217.194.0-255,1484,37697,64,231819
12257,0.00033,172.31.40.0-255,66,37763,64,231819
12258,0.000367,172.217.194.0-255,4542,42305,64,231819
12259,0.00037,172.31.40.0-255,66,42371,64,231819
12260,0.000411,172.217.194.0-255,1484,43855,64,231819
12261,0.000413,172.31.40.0-255,66,43921,64,231819
12262,0.000426,172.217.194.0-255,2902,46823,64,231819
12263,0.000428,172.31.40.0-255,66,46889,64,231819
12264,0.000455,172.217.194.0-255,5738,52627,64,231819
12265,0.000458,172.31.40.0-255,66,52693,64,231819
12266,0.000461,172.217.194.0-255,1484,54177,64,231819
12267,0.000463,172.31.40.0-255,66,54243,64,231819
12268,0.00049,172.217.194.0-255,1484,55727,64,231819
12269,0.000492,172.31.40.0-255,66,55793,64,231819
12270,0.000514,172.31.40.0-255,66,55859,64,231819
12271,0.00052,172.217.194.0-255,5738,61597,64,231819
12272,0.000522,172.31.40.0-255,66,61663,64,231819
12273,0.00057,172.217.194.0-255,4320,65983,64,231819
12274,0.000579,172.31.40.0-255,66,66049,64,231819
12275,0.000583,172.217.194.0-255,2543,68592,64,231819
12276,0.000586,172.31.40.0-255,66,68658,64,231819
12277,0.000778,172.217.194.0-255,1484,70142,64,231819
12278,0.000786,172.217.194.0-255,2902,73044,64,231819
12279,0.00079,172.31.40.0-255,66,73110,64,231819
12280,0.000815,172.217.194.0-255,5738,78848,64,231819
12281,0.000819,172.31.40.0-255,66,78914,64,231819
12282,0.000823,172.217.194.0-255,2902,81816,64,231819
12283,0.000825,172.31.40.0-255,66,81882,64,231819
12284,0.000864,172.31.40.0-255,66,81948,64,231819
12285,0.000878,172.217.194.0-255,1484,83432,64,231819
12286,0.00089,172.217.194.0-255,2902,86334,64,231819
12287,0.000893,172.31.40.0-255,66,86400,64,231819
12288,0.000919,172.217.194.0-255,6438,92838,64,231819
12289,0.000922,172.31.40.0-255,66,92904,64,231819
12290,0.000964,172.217.194.0-255,1484,94388,64,231819
12291,0.000968,172.217.194.0-255,1484,95872,64,231819
12292,0.00097,172.31.40.0-255,66,95938,64,231819
12293,0.000985,172.217.194.0-255,1484,97422,64,231819
12294,0.000992,172.217.194.0-255,5738,103160,64,231819
12295,0.000995,172.31.40.0-255,66,103226,64,231819
12296,0.001025,172.217.194.0-255,7156,110382,64,231819
12297,0.001028,172.31.40.0-255,66,110448,64,231819
12298,0.001051,172.217.194.0-255,5738,116186,64,231819
12299,0.001054,172.31.40.0-255,66,116252,64,231819
12300,0.001104,172.31.40.0-255,66,116318,64,231819
12301,0.001164,172.217.194.0-255,1484,117802,64,231819
12302,0.001186,172.217.194.0-255,2902,120704,64,231819
12303,0.001188,172.31.40.0-255,66,120770,64,231819
12304,0.001196,172.217.194.0-255,5738,126508,64,231819
12305,0.001207,172.217.194.0-255,1484,127992,64,231819
12306,0.001222,172.217.194.0-255,5738,133730,64,231819
12307,0.001227,172.31.40.0-255,66,133796,64,231819
12308,0.001256,172.217.194.0-255,5738,139534,64,231819
12309,0.001268,172.217.194.0-255,766,140300,64,231819
12310,0.001286,172.31.40.0-255,66,140366,64,231819
12311,0.001332,172.217.194.0-255,1484,141850,64,231819
12312,0.001336,172.217.194.0-255,1484,143334,64,231819
12313,0.001348,172.217.194.0-255,1484,144818,64,231819
12314,0.001355,172.217.194.0-255,5738,150556,64,231819
12315,0.001358,172.31.40.0-255,66,150622,64,231819
12316,0.001371,172.217.194.0-255,4320,154942,64,231819
12317,0.001377,172.31.40.0-255,66,155008,64,231819
12318,0.001397,172.217.194.0-255,7156,162164,64,231819
12319,0.001416,172.217.194.0-255,2902,165066,64,231819
12320,0.001424,172.31.40.0-255,66,165132,64,231819
12321,0.001435,172.217.194.0-255,5738,170870,64,231819
12322,0.00144,172.31.40.0-255,66,170936,64,231819
12323,0.0015,172.31.40.0-255,66,171002,64,231819
12324,0.001549,172.217.194.0-255,5738,176740,64,231819
12325,0.001588,172.217.194.0-255,2184,178924,64,231819
12326,0.001592,172.31.40.0-255,66,178990,64,231819
12327,0.001602,172.217.194.0-255,2902,181892,64,231819
12328,0.001623,172.217.194.0-255,4320,186212,64,231819
12329,0.001628,172.217.194.0-255,2902,189114,64,231819
12330,0.001647,172.217.194.0-255,5738,194852,64,231819
12331,0.001652,172.31.40.0-255,66,194918,64,231819
12332,0.0017,172.217.194.0-255,6438,201356,64,231819
12333,0.001712,172.31.40.0-255,66,201422,64,231819
12334,0.001724,172.217.194.0-255,1484,202906,64,231819
12335,0.001729,172.217.194.0-255,2902,205808,64,231819
12336,0.001747,172.31.40.0-255,66,205874,64,231819
12337,0.001754,172.217.194.0-255,5738,211612,64,231819
12338,0.001759,172.217.194.0-255,4320,215932,64,231819
12339,0.001764,172.31.40.0-255,66,215998,64,231819
12340,0.001803,172.217.194.0-255,2902,218900,64,231819
12341,0.00181,172.31.40.0-255,66,218966,64,231819
12342,0.001832,172.217.194.0-255,2902,221868,64,231819
12343,0.001847,172.31.40.0-255,66,221934,64,231819
12344,0.001899,172.31.40.0-255,66,222000,64,231819
12345,0.001907,172.217.194.0-255,1484,223484,64,231819
12346,0.001921,172.217.194.0-255,4320,227804,64,231819
12347,0.001933,172.31.40.0-255,66,227870,64,231819
12348,0.001943,172.217.194.0-255,3541,231411,64,231819
12349,0.00195,172.31.40.0-255,66,231477,64,231819
12350,0.001961,172.217.194.0-255,105,231582,64,231819
12351,0.011073,172.31.40.0-255,66,231648,64,231819
12352,0.011112,172.31.40.0-255,105,231753,64,231819
12353,0.013056,172.217.194.0-255,66,231819,64,231819
12354,0.0,172.217.194.0-255,153,153,64,253812
12355,1.1e-05,172.31.40.0-255,66,219,64,253812
12356,4.8e-05,172.217.194.0-255,1484,1703,64,253812
12357,5.3e-05,172.31.40.0-255,66,1769,64,253812
12358,5.9e-05,172.217.194.0-255,2902,4671,64,253812
12359,6.1e-05,172.31.40.0-255,66,4737,64,253812
12360,9.8e-05,172.217.194.0-255,5738,10475,64,253812
12361,0.000101,172.31.40.0-255,66,10541,64,253812
12362,0.000104,172.217.194.0-255,1484,12025,64,253812
12363,0.000106,172.31.40.0-255,66,12091,64,253812
12364,0.00014,172.217.194.0-255,2030,14121,64,253812
12365,0.000143,172.31.40.0-255,66,14187,64,253812
12366,0.000233,172.217.194.0-255,1484,15671,64,253812
12367,0.000238,172.31.40.0-255,66,15737,64,253812
12368,0.000264,172.217.194.0-255,2902,18639,64,253812
12369,0.000267,172.31.40.0-255,66,18705,64,253812
12370,0.00027,172.217.194.0-255,1484,20189,64,253812
12371,0.000272,172.31.40.0-255,66,20255,64,253812
12372,0.000311,172.217.194.0-255,4320,24575,64,253812
12373,0.000313,172.31.40.0-255,66,24641,64,253812
12374,0.00032,172.217.194.0-255,6797,31438,64,253812
12375,0.000323,172.31.40.0-255,66,31504,64,253812
12376,0.000329,172.217.194.0-255,7156,38660,64,253812
12377,0.000334,172.31.40.0-255,66,38726,64,253812
12378,0.000385,172.31.40.0-255,66,38792,64,253812
12379,0.000392,172.217.194.0-255,7156,45948,64,253812
12380,0.000396,172.31.40.0-255,66,46014,64,253812
12381,0.000415,172.217.194.0-255,3602,49616,64,253812
12382,0.000417,172.31.40.0-255,66,49682,64,253812
12383,0.000462,172.217.194.0-255,646,50328,64,253812
12384,0.000465,172.31.40.0-255,66,50394,64,253812
12385,0.000597,172.217.194.0-255,1484,51878,64,253812
12386,0.000603,172.217.194.0-255,2902,54780,64,253812
12387,0.000607,172.31.40.0-255,66,54846,64,253812
12388,0.00064,172.217.194.0-255,4320,59166,64,253812
12389,0.000643,172.31.40.0-255,66,59232,64,253812
12390,0.000689,172.217.194.0-255,2902,62134,64,253812
12391,0.000692,172.31.40.0-255,66,62200,64,253812
12392,0.000724,172.217.194.0-255,4320,66520,64,253812
12393,0.000727,172.31.40.0-255,66,66586,64,253812
12394,0.000741,172.31.40.0-255,66,66652,64,253812
12395,0.000747,172.217.194.0-255,5020,71672,64,253812
12396,0.000749,172.31.40.0-255,66,71738,64,253812
12397,0.00085,172.217.194.0-255,1484,73222,64,253812
12398,0.000855,172.217.194.0-255,1484,74706,64,253812
12399,0.000858,172.31.40.0-255,66,74772,64,253812
12400,0.000884,172.217.194.0-255,1484,76256,64,253812
12401,0.000889,172.217.194.0-255,2902,79158,64,253812
12402,0.000892,172.31.40.0-255,66,79224,64,253812
12403,0.00093,172.217.194.0-255,2902,82126,64,253812
12404,0.000934,172.31.40.0-255,66,82192,64,253812
12405,0.000947,172.31.40.0-255,66,82258,64,253812
12406,0.000958,172.31.40.0-255,66,82324,64,253812
12407,0.00098,172.217.194.0-255,2184,84508,64,253812
12408,0.000983,172.31.40.0-255,66,84574,64,253812
12409,0.001009,172.217.194.0-255,2902,87476,64,253812
12410,0.001011,172.31.40.0-255,66,87542,64,253812
12411,0.001017,172.217.194.0-255,4320,91862,64,253812
12412,0.001019,172.31.40.0-255,66,91928,64,253812
12413,0.001065,172.217.194.0-255,2902,94830,64,253812
12414,0.001068,172.31.40.0-255,66,94896,64,253812
12415,0.00108,172.31.40.0-255,66,94962,64,253812
12416,0.001092,172.31.40.0-255,66,95028,64,253812
12417,0.001098,172.217.194.0-255,5020,100048,64,253812
12418,0.001105,172.217.194.0-255,5738,105786,64,253812
12419,0.00111,172.31.40.0-255,66,105852,64,253812
12420,0.001112,172.31.40.0-255,66,105918,64,253812
12421,0.001139,172.31.40.0-255,66,105984,64,253812
12422,0.001172,172.217.194.0-255,4320,110304,64,253812
12423,0.001175,172.31.40.0-255,66,110370,64,253812
12424,0.001186,172.31.40.0-255,66,110436,64,253812
12425,0.001216,172.217.194.0-255,6438,116874,64,253812
12426,0.00122,172.31.40.0-255,66,116940,64,253812
12427,0.001585,172.217.194.0-255,1484,118424,64,253812
12428,0.0016,172.217.194.0-255,2902,121326,64,253812
12429,0.001604,172.31.40.0-255,66,121392,64,253812
12430,0.001608,172.217.194.0-255,1484,122876,64,253812
12431,0.001636,172.217.194.0-255,4320,127196,64,253812
12432,0.001638,172.31.40.0-255,66,127262,64,253812
12433,0.001645,172.217.194.0-255,5738,133000,64,253812
12434,0.001648,172.31.40.0-255,66,133066,64,253812
12435,0.001668,172.217.194.0-255,2902,135968,64,253812
12436,0.001675,172.31.40.0-255,66,136034,64,253812
12437,0.001686,172.31.40.0-255,66,136100,64,253812
12438,0.001718,172.217.194.0-255,5020,141120,64,253812
12439,0.001721,172.31.40.0-255,66,141186,64,253812
12440,0.001759,172.217.194.0-255,1484,142670,64,253812
12441,0.001772,172.217.194.0-255,2902,145572,64,253812
12442,0.001775,172.31.40.0-255,66,145638,64,253812
12443,0.001801,172.217.194.0-255,1484,147122,64,253812
12444,0.001808,172.217.194.0-255,5738,152860,64,253812
12445,0.001811,172.31.40.0-255,66,152926,64,253812
12446,0.001841,172.217.194.0-255,2902,155828,64,253812
12447,0.001844,172.31.40.0-255,66,155894,64,253812
12448,0.001878,172.31.40.0-255,66,155960,64,253812
12449,0.001885,172.217.194.0-255,5738,161698,64,253812
12450,0.001887,172.31.40.0-255,66,161764,64,253812
12451,0.001954,172.217.194.0-255,3602,165366,64,253812
12452,0.001957,172.31.40.0-255,66,165432,64,253812
12453,0.002189,172.217.194.0-255,1484,166916,64,253812
12454,0.002194,172.217.194.0-255,1484,168400,64,253812
12455,0.002197,172.31.40.0-255,66,168466,64,253812
12456,0.002224,172.217.194.0-255,1484,169950,64,253812
12457,0.002254,172.217.194.0-255,2902,172852,64,253812
12458,0.002257,172.31.40.0-255,66,172918,64,253812
12459,0.002287,172.217.194.0-255,2902,175820,64,253812
12460,0.002289,172.31.40.0-255,66,175886,64,253812
12461,0.002297,172.217.194.0-255,7156,183042,64,253812
12462,0.002299,172.31.40.0-255,66,183108,64,253812
12463,0.004567,172.217.194.0-255,5738,188846,64,253812
12464,0.004574,172.31.40.0-255,66,188912,64,253812
12465,0.006843,172.217.194.0-255,5738,194650,64,253812
12466,0.006857,172.31.40.0-255,66,194716,64,253812
12467,0.00912,172.217.194.0-255,5738,200454,64,253812
12468,0.009133,172.31.40.0-255,66,200520,64,253812
12469,0.01137,172.217.194.0-255,5738,206258,64,253812
12470,0.011377,172.31.40.0-255,66,206324,64,253812
12471,0.013626,172.217.194.0-255,2902,209226,64,253812
12472,0.013633,172.31.40.0-255,66,209292,64,253812
12473,0.013659,172.217.194.0-255,2902,212194,64,253812
12474,0.013662,172.31.40.0-255,66,212260,64,253812
12475,0.015877,172.217.194.0-255,2902,215162,64,253812
12476,0.015883,172.31.40.0-255,66,215228,64,253812
12477,0.015941,172.217.194.0-255,2902,218130,64,253812
12478,0.015944,172.31.40.0-255,66,218196,64,253812
12479,0.018159,172.217.194.0-255,2902,221098,64,253812
12480,0.018175,172.31.40.0-255,66,221164,64,253812
12481,0.018207,172.217.194.0-255,2902,224066,64,253812
12482,0.01821,172.31.40.0-255,66,224132,64,253812
12483,0.020452,172.217.194.0-255,2902,227034,64,253812
12484,0.020471,172.31.40.0-255,66,227100,64,253812
12485,0.020511,172.217.194.0-255,2902,230002,64,253812
12486,0.020515,172.31.40.0-255,66,230068,64,253812
12487,0.022717,172.217.194.0-255,2902,232970,64,253812
12488,0.022725,172.31.40.0-255,66,233036,64,253812
12489,0.022754,172.217.194.0-255,2902,235938,64,253812
12490,0.022757,172.31.40.0-255,66,236004,64,253812
12491,0.02498,172.217.194.0-255,2902,238906,64,253812
12492,0.024987,172.31.40.0-255,66,238972,64,253812
12493,0.025021,172.217.194.0-255,2902,241874,64,253812
12494,0.025025,172.31.40.0-255,66,241940,64,253812
12495,0.027223,172.217.194.0-255,2902,244842,64,253812
12496,0.02723,172.31.40.0-255,66,244908,64,253812
12497,0.027262,172.217.194.0-255,2902,247810,64,253812
12498,0.027266,172.31.40.0-255,66,247876,64,253812
12499,0.029463,172.217.194.0-255,2902,250778,64,253812
12500,0.02948,172.31.40.0-255,66,250844,64,253812
12501,0.029517,172.217.194.0-255,2902,253746,64,253812
12502,0.02952,172.31.40.0-255,66,253812,64,253812
12503,0.0,172.31.40.0-255,105,105,64,459
12504,0.000264,172.31.40.0-255,90,195,64,459
12505,0.000275,172.31.40.0-255,66,261,64,459
12506,0.00248,74.125.68.0-255,66,327,64,459
12507,0.002501,74.125.68.0-255,66,393,64,459
12508,0.002516,172.31.40.0-255,66,459,64,459
12509,0.0,172.217.194.0-255,297,297,64,198997
12510,2.3e-05,172.31.40.0-255,66,363,64,198997
12511,3e-05,172.217.194.0-255,1484,1847,64,198997
12512,3.4e-05,172.31.40.0-255,66,1913,64,198997
12513,4.9e-05,172.217.194.0-255,4320,6233,64,198997
12514,5.2e-05,172.31.40.0-255,66,6299,64,198997
12515,9.8e-05,172.31.40.0-255,66,6365,64,198997
12516,0.000215,172.217.194.0-255,1484,7849,64,198997
12517,0.000218,172.31.40.0-255,66,7915,64,198997
12518,0.000242,172.217.194.0-255,2902,10817,64,198997
12519,0.000244,172.31.40.0-255,66,10883,64,198997
12520,0.000249,172.217.194.0-255,2902,13785,64,198997
12521,0.000252,172.31.40.0-255,66,13851,64,198997
12522,0.00028,172.217.194.0-255,2902,16753,64,198997
12523,0.000283,172.31.40.0-255,66,16819,64,198997
12524,0.000286,172.217.194.0-255,1484,18303,64,198997
12525,0.000288,172.31.40.0-255,66,18369,64,198997
12526,0.000293,172.217.194.0-255,2902,21271,64,198997
12527,0.000298,172.31.40.0-255,66,21337,64,198997
12528,0.000334,172.217.194.0-255,4320,25657,64,198997
12529,0.000341,172.31.40.0-255,66,25723,64,198997
12530,0.000342,172.31.40.0-255,66,25789,64,198997
12531,0.000361,172.217.194.0-255,3961,29750,64,198997
12532,0.000364,172.31.40.0-255,66,29816,64,198997
12533,0.00133,172.217.194.0-255,1484,31300,64,198997
12534,0.001336,172.31.40.0-255,66,31366,64,198997
12535,0.001345,172.217.194.0-255,2902,34268,64,198997
12536,0.001346,172.31.40.0-255,66,34334,64,198997
12537,0.001357,172.217.194.0-255,5738,40072,64,198997
12538,0.001358,172.31.40.0-255,66,40138,64,198997
12539,0.001403,172.31.40.0-255,66,40204,64,198997
12540,0.001443,172.217.194.0-255,2902,43106,64,198997
12541,0.001446,172.31.40.0-255,66,43172,64,198997
12542,0.001483,172.31.40.0-255,66,43238,64,198997
12543,0.001495,172.31.40.0-255,66,43304,64,198997
12544,0.001547,172.217.194.0-255,4540,47844,64,198997
12545,0.00155,172.31.40.0-255,66,47910,64,198997
12546,0.001556,172.217.194.0-255,5738,53648,64,198997
12547,0.001558,172.31.40.0-255,66,53714,64,198997
12548,0.001581,172.217.194.0-255,4320,58034,64,198997
12549,0.001583,172.31.40.0-255,66,58100,64,198997
12550,0.00161,172.217.194.0-255,4817,62917,64,198997
12551,0.001613,172.31.40.0-255,66,62983,64,198997
12552,0.001705,172.217.194.0-255,1484,64467,64,198997
12553,0.001723,172.217.194.0-255,2902,67369,64,198997
12554,0.001727,172.31.40.0-255,66,67435,64,198997
12555,0.001733,172.217.194.0-255,5738,73173,64,198997
12556,0.001735,172.31.40.0-255,66,73239,64,198997
12557,0.00174,172.217.194.0-255,4320,77559,64,198997
12558,0.001746,172.31.40.0-255,66,77625,64,198997
12559,0.00179,172.31.40.0-255,66,77691,64,198997
12560,0.001801,172.217.194.0-255,1484,79175,64,198997
12561,0.001821,172.217.194.0-255,3602,82777,64,198997
12562,0.001823,172.31.40.0-255,66,82843,64,198997
12563,0.00202,172.217.194.0-255,1484,84327,64,198997
12564,0.002027,172.217.194.0-255,2902,87229,64,198997
12565,0.002031,172.31.40.0-255,66,87295,64,198997
12566,0.002035,172.217.194.0-255,1484,88779,64,198997
12567,0.002067,172.217.194.0-255,4320,93099,64,198997
12568,0.00207,172.31.40.0-255,66,93165,64,198997
12569,0.002083,172.31.40.0-255,66,93231,64,198997
12570,0.002091,172.217.194.0-255,2902,96133,64,198997
12571,0.002093,172.31.40.0-255,66,96199,64,198997
12572,0.002128,172.31.40.0-255,66,96265,64,198997
12573,0.002164,172.217.194.0-255,1484,97749,64,198997
12574,0.002179,172.217.194.0-255,2902,100651,64,198997
12575,0.002182,172.31.40.0-255,66,100717,64,198997
12576,0.002187,172.217.194.0-255,4320,105037,64,198997
12577,0.002189,172.31.40.0-255,66,105103,64,198997
12578,0.002206,172.217.194.0-255,1484,106587,64,198997
12579,0.002211,172.217.194.0-255,4320,110907,64,198997
12580,0.002213,172.31.40.0-255,66,110973,64,198997
12581,0.002246,172.31.40.0-255,66,111039,64,198997
12582,0.002252,172.217.194.0-255,7156,118195,64,198997
12583,0.002254,172.31.40.0-255,66,118261,64,198997
12584,0.002283,172.217.194.0-255,3602,121863,64,198997
12585,0.002286,172.31.40.0-255,66,121929,64,198997
12586,0.002293,172.217.194.0-255,7156,129085,64,198997
12587,0.002295,172.31.40.0-255,66,129151,64,198997
12588,0.002307,172.217.194.0-255,4320,133471,64,198997
12589,0.002309,172.31.40.0-255,66,133537,64,198997
12590,0.002322,172.31.40.0-255,66,133603,64,198997
12591,0.002329,172.217.194.0-255,1484,135087,64,198997
12592,0.002365,172.31.40.0-255,66,135153,64,198997
12593,0.00475,172.217.194.0-255,5738,140891,64,198997
12594,0.004756,172.31.40.0-255,66,140957,64,198997
12595,0.007155,172.217.194.0-255,5738,146695,64,198997
12596,0.007161,172.31.40.0-255,66,146761,64,198997
12597,0.009533,172.217.194.0-255,5738,152499,64,198997
12598,0.00954,172.31.40.0-255,66,152565,64,198997
12599,0.011919,172.217.194.0-255,5738,158303,64,198997
12600,0.011926,172.31.40.0-255,66,158369,64,198997
12601,0.014319,172.217.194.0-255,5738,164107,64,198997
12602,0.014327,172.31.40.0-255,66,164173,64,198997
12603,0.016683,172.217.194.0-255,5738,169911,64,198997
12604,0.016693,172.31.40.0-255,66,169977,64,198997
12605,0.019092,172.217.194.0-255,5738,175715,64,198997
12606,0.0191,172.31.40.0-255,66,175781,64,198997
12607,0.021487,172.217.194.0-255,5738,181519,64,198997
12608,0.021495,172.31.40.0-255,66,181585,64,198997
12609,0.023885,172.217.194.0-255,5738,187323,64,198997
12610,0.023891,172.31.40.0-255,66,187389,64,198997
12611,0.026267,172.217.194.0-255,5738,193127,64,198997
12612,0.026274,172.31.40.0-255,66,193193,64,198997
12613,0.028622,172.217.194.0-255,5738,198931,64,198997
12614,0.02863,172.31.40.0-255,66,198997,64,198997
12615,0.0,172.217.194.0-255,153,153,64,221042
12616,2.2e-05,172.31.40.0-255,66,219,64,221042
12617,3e-05,172.217.194.0-255,1484,1703,64,221042
12618,3.4e-05,172.31.40.0-255,66,1769,64,221042
12619,4e-05,172.217.194.0-255,2902,4671,64,221042
12620,5.1e-05,172.31.40.0-255,66,4737,64,221042
12621,5.8e-05,172.217.194.0-255,7156,11893,64,221042
12622,6.1e-05,172.31.40.0-255,66,11959,64,221042
12623,9.9e-05,172.217.194.0-255,2041,14000,64,221042
12624,0.000102,172.31.40.0-255,66,14066,64,221042
12625,0.000107,172.217.194.0-255,2902,16968,64,221042
12626,0.000109,172.31.40.0-255,66,17034,64,221042
12627,0.000135,172.217.194.0-255,7156,24190,64,221042
12628,0.000137,172.31.40.0-255,66,24256,64,221042
12629,0.000141,172.217.194.0-255,2902,27158,64,221042
12630,0.000143,172.31.40.0-255,66,27224,64,221042
12631,0.000167,172.217.194.0-255,3961,31185,64,221042
12632,0.000173,172.31.40.0-255,66,31251,64,221042
12633,0.000242,172.217.194.0-255,1484,32735,64,221042
12634,0.000244,172.31.40.0-255,66,32801,64,221042
12635,0.000264,172.217.194.0-255,2902,35703,64,221042
12636,0.000266,172.31.40.0-255,66,35769,64,221042
12637,0.000272,172.217.194.0-255,5738,41507,64,221042
12638,0.000274,172.31.40.0-255,66,41573,64,221042
12639,0.00029,172.217.194.0-255,1484,43057,64,221042
12640,0.000291,172.31.40.0-255,66,43123,64,221042
12641,0.00032,172.217.194.0-255,5379,48502,64,221042
12642,0.000322,172.31.40.0-255,66,48568,64,221042
12643,0.000369,172.31.40.0-255,66,48634,64,221042
12644,0.000373,172.217.194.0-255,2795,51429,64,221042
12645,0.000375,172.31.40.0-255,66,51495,64,221042
12646,0.000378,172.217.194.0-255,119,51614,64,221042
12647,0.000428,172.217.194.0-255,1484,53098,64,221042
12648,0.000431,172.31.40.0-255,66,53164,64,221042
12649,0.000436,172.217.194.0-255,2902,56066,64,221042
12650,0.000438,172.31.40.0-255,66,56132,64,221042
12651,0.000441,172.217.194.0-255,1484,57616,64,221042
12652,0.000454,172.217.194.0-255,1484,59100,64,221042
12653,0.000456,172.31.40.0-255,66,59166,64,221042
12654,0.000483,172.217.194.0-255,7156,66322,64,221042
12655,0.000486,172.31.40.0-255,66,66388,64,221042
12656,0.000488,172.217.194.0-255,1484,67872,64,221042
12657,0.000536,172.31.40.0-255,66,67938,64,221042
12658,0.000539,172.217.194.0-255,860,68798,64,221042
12659,0.000559,172.217.194.0-255,2902,71700,64,221042
12660,0.000565,172.31.40.0-255,66,71766,64,221042
12661,0.000611,172.31.40.0-255,66,71832,64,221042
12662,0.000614,172.217.194.0-255,1484,73316,64,221042
12663,0.000618,172.217.194.0-255,2902,76218,64,221042
12664,0.00062,172.31.40.0-255,66,76284,64,221042
12665,0.000625,172.217.194.0-255,2902,79186,64,221042
12666,0.000627,172.31.40.0-255,66,79252,64,221042
12667,0.000641,172.217.194.0-255,2902,82154,64,221042
12668,0.000647,172.31.40.0-255,66,82220,64,221042
12669,0.00068,172.217.194.0-255,1484,83704,64,221042
12670,0.000703,172.217.194.0-255,5379,89083,64,221042
12671,0.000706,172.31.40.0-255,66,89149,64,221042
12672,0.000712,172.217.194.0-255,5738,94887,64,221042
12673,0.000715,172.31.40.0-255,66,94953,64,221042
12674,0.000722,172.217.194.0-255,5738,100691,64,221042
12675,0.000724,172.31.40.0-255,66,100757,64,221042
12676,0.000751,172.217.194.0-255,1484,102241,64,221042
12677,0.000767,172.31.40.0-255,66,102307,64,221042
12678,0.000774,172.217.194.0-255,6438,108745,64,221042
12679,0.000777,172.31.40.0-255,66,108811,64,221042
12680,0.000828,172.217.194.0-255,1484,110295,64,221042
12681,0.000846,172.217.194.0-255,2902,113197,64,221042
12682,0.000849,172.31.40.0-255,66,113263,64,221042
12683,0.000884,172.217.194.0-255,5738,119001,64,221042
12684,0.000887,172.31.40.0-255,66,119067,64,221042
12685,0.000894,172.217.194.0-255,5738,124805,64,221042
12686,0.000896,172.31.40.0-255,66,124871,64,221042
12687,0.000934,172.217.194.0-255,3961,128832,64,221042
12688,0.000937,172.31.40.0-255,66,128898,64,221042
12689,0.000943,172.217.194.0-255,4320,133218,64,221042
12690,0.000945,172.31.40.0-255,66,133284,64,221042
12691,0.000958,172.31.40.0-255,66,133350,64,221042
12692,0.00101,172.31.40.0-255,66,133416,64,221042
12693,0.001066,172.217.194.0-255,1484,134900,64,221042
12694,0.001071,172.217.194.0-255,2902,137802,64,221042
12695,0.001074,172.31.40.0-255,66,137868,64,221042
12696,0.001077,172.217.194.0-255,1484,139352,64,221042
12697,0.001106,172.217.194.0-255,4320,143672,64,221042
12698,0.001109,172.31.40.0-255,66,143738,64,221042
12699,0.001133,172.217.194.0-255,1484,145222,64,221042
12700,0.001157,172.217.194.0-255,5379,150601,64,221042
12701,0.001161,172.31.40.0-255,66,150667,64,221042
12702,0.00121,172.217.194.0-255,1484,152151,64,221042
12703,0.001225,172.217.194.0-255,2902,155053,64,221042
12704,0.001228,172.31.40.0-255,66,155119,64,221042
12705,0.001231,172.217.194.0-255,1484,156603,64,221042
12706,0.001262,172.217.194.0-255,4320,160923,64,221042
12707,0.001265,172.31.40.0-255,66,160989,64,221042
12708,0.001283,172.31.40.0-255,66,161055,64,221042
12709,0.001312,172.217.194.0-255,1484,162539,64,221042
12710,0.001324,172.31.40.0-255,66,162605,64,221042
12711,0.001328,172.217.194.0-255,2184,164789,64,221042
12712,0.00133,172.31.40.0-255,66,164855,64,221042
12713,0.001334,172.217.194.0-255,2902,167757,64,221042
12714,0.001336,172.31.40.0-255,66,167823,64,221042
12715,0.001339,172.217.194.0-255,1484,169307,64,221042
12716,0.001362,172.217.194.0-255,5738,175045,64,221042
12717,0.001365,172.31.40.0-255,66,175111,64,221042
12718,0.001371,172.217.194.0-255,4320,179431,64,221042
12719,0.001374,172.31.40.0-255,66,179497,64,221042
12720,0.001419,172.31.40.0-255,66,179563,64,221042
12721,0.001429,172.31.40.0-255,66,179629,64,221042
12722,0.001434,172.217.194.0-255,4320,183949,64,221042
12723,0.001437,172.31.40.0-255,66,184015,64,221042
12724,0.001471,172.217.194.0-255,7156,191171,64,221042
12725,0.001474,172.31.40.0-255,66,191237,64,221042
12726,0.00149,172.31.40.0-255,66,191303,64,221042
12727,0.001501,172.31.40.0-255,66,191369,64,221042
12728,0.001564,172.31.40.0-255,66,191435,64,221042
12729,0.001572,172.217.194.0-255,7156,198591,64,221042
12730,0.001574,172.31.40.0-255,66,198657,64,221042
12731,0.001604,172.31.40.0-255,66,198723,64,221042
12732,0.001628,172.217.194.0-255,6438,205161,64,221042
12733,0.00163,172.31.40.0-255,66,205227,64,221042
12734,0.001634,172.217.194.0-255,1484,206711,64,221042
12735,0.001689,172.31.40.0-255,66,206777,64,221042
12736,0.0017,172.31.40.0-255,66,206843,64,221042
12737,0.001708,172.217.194.0-255,7156,213999,64,221042
12738,0.00171,172.31.40.0-255,66,214065,64,221042
12739,0.001742,172.217.194.0-255,6468,220533,64,221042
12740,0.001745,172.31.40.0-255,66,220599,64,221042
12741,0.001748,172.217.194.0-255,105,220704,64,221042
12742,0.004431,172.31.40.0-255,101,220805,64,221042
12743,0.006673,172.217.194.0-255,66,220871,64,221042
12744,0.016876,172.31.40.0-255,105,220976,64,221042
12745,0.019136,172.217.194.0-255,66,221042,64,221042
12746,0.0,172.217.194.0-255,146,146,64,168966
12747,2.3e-05,172.31.40.0-255,66,212,64,168966
12748,3.1e-05,172.217.194.0-255,1484,1696,64,168966
12749,3.5e-05,172.31.40.0-255,66,1762,64,168966
12750,4.9e-05,172.217.194.0-255,2902,4664,64,168966
12751,5.3e-05,172.31.40.0-255,66,4730,64,168966
12752,6.1e-05,172.217.194.0-255,7156,11886,64,168966
12753,6.4e-05,172.31.40.0-255,66,11952,64,168966
12754,0.000146,172.217.194.0-255,2144,14096,64,168966
12755,0.00015,172.31.40.0-255,66,14162,64,168966
12756,0.000175,172.217.194.0-255,2902,17064,64,168966
12757,0.000178,172.31.40.0-255,66,17130,64,168966
12758,0.000216,172.217.194.0-255,4320,21450,64,168966
12759,0.000219,172.31.40.0-255,66,21516,64,168966
12760,0.000231,172.217.194.0-255,2902,24418,64,168966
12761,0.000238,172.31.40.0-255,66,24484,64,168966
12762,0.000324,172.217.194.0-255,4320,28804,64,168966
12763,0.000329,172.31.40.0-255,66,28870,64,168966
12764,0.000369,172.31.40.0-255,66,28936,64,168966
12765,0.000532,172.217.194.0-255,1484,30420,64,168966
12766,0.000536,172.31.40.0-255,66,30486,64,168966
12767,0.000566,172.217.194.0-255,6797,37283,64,168966
12768,0.00057,172.31.40.0-255,66,37349,64,168966
12769,0.00065,172.217.194.0-255,4320,41669,64,168966
12770,0.000654,172.31.40.0-255,66,41735,64,168966
12771,0.000684,172.217.194.0-255,5738,47473,64,168966
12772,0.000688,172.31.40.0-255,66,47539,64,168966
12773,0.000788,172.217.194.0-255,4320,51859,64,168966
12774,0.000791,172.31.40.0-255,66,51925,64,168966
12775,0.00082,172.217.194.0-255,2844,54769,64,168966
12776,0.000823,172.31.40.0-255,66,54835,64,168966
12777,0.000874,172.217.194.0-255,376,55211,64,168966
12778,0.000877,172.31.40.0-255,66,55277,64,168966
12779,0.00091,172.31.40.0-255,66,55343,64,168966
12780,0.001034,172.217.194.0-255,5738,61081,64,168966
12781,0.001038,172.31.40.0-255,66,61147,64,168966
12782,0.001085,172.31.40.0-255,66,61213,64,168966
12783,0.001334,172.217.194.0-255,2543,63756,64,168966
12784,0.00134,172.31.40.0-255,66,63822,64,168966
12785,0.001626,172.217.194.0-255,1484,65306,64,168966
12786,0.001637,172.217.194.0-255,2902,68208,64,168966
12787,0.001641,172.31.40.0-255,66,68274,64,168966
12788,0.001675,172.217.194.0-255,5738,74012,64,168966
12789,0.001678,172.31.40.0-255,66,74078,64,168966
12790,0.001751,172.31.40.0-255,66,74144,64,168966
12791,0.00177,172.217.194.0-255,4320,78464,64,168966
12792,0.001773,172.31.40.0-255,66,78530,64,168966
12793,0.001923,172.217.194.0-255,5738,84268,64,168966
12794,0.001928,172.31.40.0-255,66,84334,64,168966
12795,0.00196,172.217.194.0-255,5020,89354,64,168966
12796,0.001963,172.31.40.0-255,66,89420,64,168966
12797,0.003986,172.217.194.0-255,5738,95158,64,168966
12798,0.003994,172.31.40.0-255,66,95224,64,168966
12799,0.006028,172.217.194.0-255,5738,100962,64,168966
12800,0.006033,172.31.40.0-255,66,101028,64,168966
12801,0.00807,172.217.194.0-255,5738,106766,64,168966
12802,0.008076,172.31.40.0-255,66,106832,64,168966
12803,0.010102,172.217.194.0-255,5738,112570,64,168966
12804,0.010109,172.31.40.0-255,66,112636,64,168966
12805,0.012181,172.217.194.0-255,5738,118374,64,168966
12806,0.01219,172.31.40.0-255,66,118440,64,168966
12807,0.014211,172.217.194.0-255,5738,124178,64,168966
12808,0.014223,172.31.40.0-255,66,124244,64,168966
12809,0.016233,172.217.194.0-255,5738,129982,64,168966
12810,0.016241,172.31.40.0-255,66,130048,64,168966
12811,0.018296,172.217.194.0-255,5738,135786,64,168966
12812,0.018307,172.31.40.0-255,66,135852,64,168966
12813,0.02035,172.217.194.0-255,5738,141590,64,168966
12814,0.020359,172.31.40.0-255,66,141656,64,168966
12815,0.02237,172.217.194.0-255,5738,147394,64,168966
12816,0.022377,172.31.40.0-255,66,147460,64,168966
12817,0.024414,172.217.194.0-255,5738,153198,64,168966
12818,0.024421,172.31.40.0-255,66,153264,64,168966
12819,0.026459,172.217.194.0-255,5738,159002,64,168966
12820,0.026467,172.31.40.0-255,66,159068,64,168966
12821,0.028494,172.217.194.0-255,5738,164806,64,168966
12822,0.0285,172.31.40.0-255,66,164872,64,168966
12823,0.029388,172.31.40.0-255,172,165044,64,168966
12824,0.029421,172.31.40.0-255,1112,166156,64,168966
12825,0.029478,172.31.40.0-255,1514,167670,64,168966
12826,0.029479,172.31.40.0-255,1296,168966,64,168966
12827,0.0,74.125.24.0-255,147,147,64,164179
12828,2.3e-05,172.31.40.0-255,66,213,64,164179
12829,3e-05,74.125.24.0-255,1484,1697,64,164179
12830,3.4e-05,172.31.40.0-255,66,1763,64,164179
12831,4e-05,74.125.24.0-255,2902,4665,64,164179
12832,4.3e-05,172.31.40.0-255,66,4731,64,164179
12833,5.8e-05,74.125.24.0-255,7156,11887,64,164179
12834,6.2e-05,172.31.40.0-255,66,11953,64,164179
12835,9.6e-05,74.125.24.0-255,2074,14027,64,164179
12836,9.9e-05,172.31.40.0-255,66,14093,64,164179
12837,0.000185,74.125.24.0-255,1484,15577,64,164179
12838,0.000188,172.31.40.0-255,66,15643,64,164179
12839,0.000193,74.125.24.0-255,2902,18545,64,164179
12840,0.000196,172.31.40.0-255,66,18611,64,164179
12841,0.000204,74.125.24.0-255,2902,21513,64,164179
12842,0.000207,172.31.40.0-255,66,21579,64,164179
12843,0.000219,74.125.24.0-255,2902,24481,64,164179
12844,0.000222,172.31.40.0-255,66,24547,64,164179
12845,0.000229,74.125.24.0-255,1484,26031,64,164179
12846,0.000232,172.31.40.0-255,66,26097,64,164179
12847,0.000265,74.125.24.0-255,5379,31476,64,164179
12848,0.000268,172.31.40.0-255,66,31542,64,164179
12849,0.00029,74.125.24.0-255,1484,33026,64,164179
12850,0.000293,172.31.40.0-255,66,33092,64,164179
12851,0.000319,74.125.24.0-255,2902,35994,64,164179
12852,0.000322,172.31.40.0-255,66,36060,64,164179
12853,0.000328,74.125.24.0-255,5738,41798,64,164179
12854,0.000331,172.31.40.0-255,66,41864,64,164179
12855,0.000341,74.125.24.0-255,4320,46184,64,164179
12856,0.000343,172.31.40.0-255,66,46250,64,164179
12857,0.000372,74.125.24.0-255,2543,48793,64,164179
12858,0.000375,172.31.40.0-255,66,48859,64,164179
12859,0.001455,74.125.24.0-255,1484,50343,64,164179
12860,0.001468,74.125.24.0-255,2902,53245,64,164179
12861,0.001473,172.31.40.0-255,66,53311,64,164179
12862,0.001481,74.125.24.0-255,5738,59049,64,164179
12863,0.001485,74.125.24.0-255,1484,60533,64,164179
12864,0.00151,74.125.24.0-255,6797,67330,64,164179
12865,0.001517,74.125.24.0-255,7156,74486,64,164179
12866,0.001528,74.125.24.0-255,1484,75970,64,164179
12867,0.001541,74.125.24.0-255,2902,78872,64,164179
12868,0.001557,74.125.24.0-255,3961,82833,64,164179
12869,0.001581,74.125.24.0-255,7156,89989,64,164179
12870,0.001601,74.125.24.0-255,4320,94309,64,164179
12871,0.001625,74.125.24.0-255,5960,100269,64,164179
12872,0.006231,172.31.40.0-255,66,100335,64,164179
12873,0.008317,74.125.24.0-255,5738,106073,64,164179
12874,0.008325,172.31.40.0-255,66,106139,64,164179
12875,0.010428,74.125.24.0-255,5738,111877,64,164179
12876,0.010436,172.31.40.0-255,66,111943,64,164179
12877,0.012504,74.125.24.0-255,5738,117681,64,164179
12878,0.012954,172.31.40.0-255,66,117747,64,164179
12879,0.014995,74.125.24.0-255,5738,123485,64,164179
12880,0.015007,172.31.40.0-255,66,123551,64,164179
12881,0.017049,74.125.24.0-255,5738,129289,64,164179
12882,0.017058,172.31.40.0-255,66,129355,64,164179
12883,0.019121,74.125.24.0-255,5738,135093,64,164179
12884,0.019129,172.31.40.0-255,66,135159,64,164179
12885,0.021193,74.125.24.0-255,5738,140897,64,164179
12886,0.021201,172.31.40.0-255,66,140963,64,164179
12887,0.023258,74.125.24.0-255,5738,146701,64,164179
12888,0.023266,172.31.40.0-255,66,146767,64,164179
12889,0.025308,74.125.24.0-255,5738,152505,64,164179
12890,0.025321,172.31.40.0-255,66,152571,64,164179
12891,0.027354,74.125.24.0-255,5738,158309,64,164179
12892,0.027362,172.31.40.0-255,66,158375,64,164179
12893,0.029425,74.125.24.0-255,5738,164113,64,164179
12894,0.029433,172.31.40.0-255,66,164179,64,164179
12895,0.0,74.125.24.0-255,153,153,64,140090
12896,1.4e-05,172.31.40.0-255,66,219,64,140090
12897,2.1e-05,74.125.24.0-255,1484,1703,64,140090
12898,2.4e-05,172.31.40.0-255,66,1769,64,140090
12899,3e-05,74.125.24.0-255,2902,4671,64,140090
12900,4e-05,172.31.40.0-255,66,4737,64,140090
12901,6.3e-05,74.125.24.0-255,7156,11893,64,140090
12902,6.6e-05,172.31.40.0-255,66,11959,64,140090
12903,7.3e-05,74.125.24.0-255,2029,13988,64,140090
12904,7.5e-05,172.31.40.0-255,66,14054,64,140090
12905,8e-05,74.125.24.0-255,2902,16956,64,140090
12906,8.2e-05,172.31.40.0-255,66,17022,64,140090
12907,8.9e-05,74.125.24.0-255,7156,24178,64,140090
12908,9.1e-05,172.31.40.0-255,66,24244,64,140090
12909,0.000123,74.125.24.0-255,6797,31041,64,140090
12910,0.000126,172.31.40.0-255,66,31107,64,140090
12911,0.000208,74.125.24.0-255,1484,32591,64,140090
12912,0.000211,172.31.40.0-255,66,32657,64,140090
12913,0.000215,74.125.24.0-255,2902,35559,64,140090
12914,0.000217,172.31.40.0-255,66,35625,64,140090
12915,0.000244,74.125.24.0-255,5738,41363,64,140090
12916,0.000247,172.31.40.0-255,66,41429,64,140090
12917,0.000289,172.31.40.0-255,66,41495,64,140090
12918,0.0003,172.31.40.0-255,66,41561,64,140090
12919,0.000736,74.125.24.0-255,647,42208,64,140090
12920,0.000741,172.31.40.0-255,66,42274,64,140090
12921,0.000857,74.125.24.0-255,1484,43758,64,140090
12922,0.000862,172.31.40.0-255,66,43824,64,140090
12923,0.000874,74.125.24.0-255,2902,46726,64,140090
12924,0.000879,172.31.40.0-255,66,46792,64,140090
12925,0.000907,74.125.24.0-255,4320,51112,64,140090
12926,0.00091,172.31.40.0-255,66,51178,64,140090
12927,0.001072,172.31.40.0-255,66,51244,64,140090
12928,0.001963,74.125.24.0-255,1484,52728,64,140090
12929,0.001987,74.125.24.0-255,2902,55630,64,140090
12930,0.001991,172.31.40.0-255,66,55696,64,140090
12931,0.002,74.125.24.0-255,5738,61434,64,140090
12932,0.002002,172.31.40.0-255,66,61500,64,140090
12933,0.002021,172.31.40.0-255,66,61566,64,140090
12934,0.002077,172.31.40.0-255,66,61632,64,140090
12935,0.004097,74.125.24.0-255,4320,65952,64,140090
12936,0.0041,172.31.40.0-255,66,66018,64,140090
12937,0.004127,74.125.24.0-255,1484,67502,64,140090
12938,0.006144,74.125.24.0-255,4320,71822,64,140090
12939,0.006149,172.31.40.0-255,66,71888,64,140090
12940,0.008167,74.125.24.0-255,5738,77626,64,140090
12941,0.008174,172.31.40.0-255,66,77692,64,140090
12942,0.010239,74.125.24.0-255,5738,83430,64,140090
12943,0.010247,172.31.40.0-255,66,83496,64,140090
12944,0.012273,74.125.24.0-255,5738,89234,64,140090
12945,0.012282,172.31.40.0-255,66,89300,64,140090
12946,0.014305,74.125.24.0-255,5738,95038,64,140090
12947,0.014314,172.31.40.0-255,66,95104,64,140090
12948,0.016361,74.125.24.0-255,5738,100842,64,140090
12949,0.01637,172.31.40.0-255,66,100908,64,140090
12950,0.018422,74.125.24.0-255,5738,106646,64,140090
12951,0.018429,172.31.40.0-255,66,106712,64,140090
12952,0.020463,74.125.24.0-255,5738,112450,64,140090
12953,0.02047,172.31.40.0-255,66,112516,64,140090
12954,0.022488,74.125.24.0-255,5738,118254,64,140090
12955,0.022496,172.31.40.0-255,66,118320,64,140090
12956,0.024523,74.125.24.0-255,1484,119804,64,140090
12957,0.02456,74.125.24.0-255,4320,124124,64,140090
12958,0.024564,172.31.40.0-255,66,124190,64,140090
12959,0.02526,172.31.40.0-255,172,124362,64,140090
12960,0.025289,172.31.40.0-255,1112,125474,64,140090
12961,0.025339,172.31.40.0-255,1514,126988,64,140090
12962,0.02534,172.31.40.0-255,1296,128284,64,140090
12963,0.026612,74.125.24.0-255,5738,134022,64,140090
12964,0.026618,172.31.40.0-255,66,134088,64,140090
12965,0.026816,104.244.42.0-255,66,134154,64,140090
12966,0.026851,104.244.42.0-255,66,134220,64,140090
12967,0.026904,104.244.42.0-255,66,134286,64,140090
12968,0.028668,74.125.24.0-255,5738,140024,64,140090
12969,0.028676,172.31.40.0-255,66,140090,64,140090
12970,0.0,172.217.194.0-255,152,152,64,216220
12971,2.1e-05,172.31.40.0-255,66,218,64,216220
12972,2.8e-05,172.217.194.0-255,1484,1702,64,216220
12973,3.2e-05,172.31.40.0-255,66,1768,64,216220
12974,3.7e-05,172.217.194.0-255,2902,4670,64,216220
12975,4e-05,172.31.40.0-255,66,4736,64,216220
12976,4.7e-05,172.217.194.0-255,7156,11892,64,216220
12977,5e-05,172.31.40.0-255,66,11958,64,216220
12978,7.5e-05,172.217.194.0-255,2020,13978,64,216220
12979,7.8e-05,172.31.40.0-255,66,14044,64,216220
12980,0.000336,172.217.194.0-255,1484,15528,64,216220
12981,0.000341,172.31.40.0-255,66,15594,64,216220
12982,0.000347,172.217.194.0-255,2902,18496,64,216220
12983,0.000349,172.31.40.0-255,66,18562,64,216220
12984,0.000354,172.217.194.0-255,4320,22882,64,216220
12985,0.000356,172.31.40.0-255,66,22948,64,216220
12986,0.000369,172.217.194.0-255,1484,24432,64,216220
12987,0.000371,172.31.40.0-255,66,24498,64,216220
12988,0.000376,172.217.194.0-255,4320,28818,64,216220
12989,0.000378,172.31.40.0-255,66,28884,64,216220
12990,0.000401,172.217.194.0-255,2543,31427,64,216220
12991,0.000403,172.31.40.0-255,66,31493,64,216220
12992,0.000524,172.217.194.0-255,1484,32977,64,216220
12993,0.000528,172.31.40.0-255,66,33043,64,216220
12994,0.000532,172.217.194.0-255,2902,35945,64,216220
12995,0.000534,172.31.40.0-255,66,36011,64,216220
12996,0.000552,172.217.194.0-255,5738,41749,64,216220
12997,0.000555,172.31.40.0-255,66,41815,64,216220
12998,0.000575,172.217.194.0-255,2902,44717,64,216220
12999,0.000577,172.31.40.0-255,66,44783,64,216220
13000,0.000609,172.31.40.0-255,66,44849,64,216220
13001,0.000627,172.217.194.0-255,1484,46333,64,216220
13002,0.000643,172.217.194.0-255,4320,50653,64,216220
13003,0.000646,172.31.40.0-255,66,50719,64,216220
13004,0.000669,172.217.194.0-255,4234,54953,64,216220
13005,0.000672,172.31.40.0-255,66,55019,64,216220
13006,0.000859,172.217.194.0-255,120,55139,64,216220
13007,0.000881,172.217.194.0-255,380,55519,64,216220
13008,0.001006,172.31.40.0-255,66,55585,64,216220
13009,0.001023,172.217.194.0-255,1484,57069,64,216220
13010,0.001028,172.217.194.0-255,2902,59971,64,216220
13011,0.00103,172.31.40.0-255,66,60037,64,216220
13012,0.001071,172.217.194.0-255,5738,65775,64,216220
13013,0.001074,172.31.40.0-255,66,65841,64,216220
13014,0.001079,172.217.194.0-255,4320,70161,64,216220
13015,0.001081,172.31.40.0-255,66,70227,64,216220
13016,0.001104,172.31.40.0-255,66,70293,64,216220
13017,0.001138,172.31.40.0-255,66,70359,64,216220
13018,0.001153,172.217.194.0-255,766,71125,64,216220
13019,0.001156,172.217.194.0-255,1484,72609,64,216220
13020,0.001158,172.31.40.0-255,66,72675,64,216220
13021,0.001163,172.217.194.0-255,2902,75577,64,216220
13022,0.001165,172.31.40.0-255,66,75643,64,216220
13023,0.001169,172.217.194.0-255,1484,77127,64,216220
13024,0.001185,172.217.194.0-255,4320,81447,64,216220
13025,0.001188,172.31.40.0-255,66,81513,64,216220
13026,0.001223,172.31.40.0-255,66,81579,64,216220
13027,0.001268,172.31.40.0-255,66,81645,64,216220
13028,0.001307,172.31.40.0-255,66,81711,64,216220
13029,0.001329,172.217.194.0-255,4320,86031,64,216220
13030,0.001332,172.31.40.0-255,66,86097,64,216220
13031,0.001337,172.217.194.0-255,4320,90417,64,216220
13032,0.001341,172.31.40.0-255,66,90483,64,216220
13033,0.001347,172.217.194.0-255,5738,96221,64,216220
13034,0.001349,172.31.40.0-255,66,96287,64,216220
13035,0.001387,172.217.194.0-255,5738,102025,64,216220
13036,0.00139,172.31.40.0-255,66,102091,64,216220
13037,0.001411,172.217.194.0-255,3602,105693,64,216220
13038,0.001414,172.31.40.0-255,66,105759,64,216220
13039,0.001435,172.217.194.0-255,1484,107243,64,216220
13040,0.00144,172.217.194.0-255,2902,110145,64,216220
13041,0.001442,172.31.40.0-255,66,110211,64,216220
13042,0.001449,172.217.194.0-255,5738,115949,64,216220
13043,0.001451,172.31.40.0-255,66,116015,64,216220
13044,0.001458,172.217.194.0-255,5738,121753,64,216220
13045,0.00146,172.31.40.0-255,66,121819,64,216220
13046,0.001487,172.217.194.0-255,5738,127557,64,216220
13047,0.00149,172.31.40.0-255,66,127623,64,216220
13048,0.001514,172.217.194.0-255,5738,133361,64,216220
13049,0.001517,172.31.40.0-255,66,133427,64,216220
13050,0.001551,172.31.40.0-255,66,133493,64,216220
13051,0.001562,172.31.40.0-255,66,133559,64,216220
13052,0.001583,172.217.194.0-255,7156,140715,64,216220
13053,0.001586,172.31.40.0-255,66,140781,64,216220
13054,0.001616,172.31.40.0-255,66,140847,64,216220
13055,0.001652,172.217.194.0-255,1484,142331,64,216220
13056,0.001666,172.217.194.0-255,2902,145233,64,216220
13057,0.001668,172.31.40.0-255,66,145299,64,216220
13058,0.001673,172.217.194.0-255,2902,148201,64,216220
13059,0.001675,172.31.40.0-255,66,148267,64,216220
13060,0.00169,172.217.194.0-255,2902,151169,64,216220
13061,0.001692,172.31.40.0-255,66,151235,64,216220
13062,0.001697,172.217.194.0-255,4320,155555,64,216220
13063,0.0017,172.31.40.0-255,66,155621,64,216220
13064,0.001747,172.31.40.0-255,66,155687,64,216220
13065,0.00176,172.31.40.0-255,66,155753,64,216220
13066,0.00178,172.217.194.0-255,7156,162909,64,216220
13067,0.001783,172.31.40.0-255,66,162975,64,216220
13068,0.001814,172.31.40.0-255,66,163041,64,216220
13069,0.001863,172.217.194.0-255,7156,170197,64,216220
13070,0.001866,172.31.40.0-255,66,170263,64,216220
13071,0.001892,172.217.194.0-255,766,171029,64,216220
13072,0.001905,172.31.40.0-255,66,171095,64,216220
13073,0.001923,172.31.40.0-255,66,171161,64,216220
13074,0.001929,172.217.194.0-255,6438,177599,64,216220
13075,0.001931,172.31.40.0-255,66,177665,64,216220
13076,0.001955,172.217.194.0-255,1484,179149,64,216220
13077,0.00197,172.217.194.0-255,5738,184887,64,216220
13078,0.001973,172.31.40.0-255,66,184953,64,216220
13079,0.001976,172.217.194.0-255,1484,186437,64,216220
13080,0.001996,172.217.194.0-255,7156,193593,64,216220
13081,0.001999,172.31.40.0-255,66,193659,64,216220
13082,0.002015,172.217.194.0-255,5738,199397,64,216220
13083,0.002017,172.31.40.0-255,66,199463,64,216220
13084,0.002046,172.217.194.0-255,766,200229,64,216220
13085,0.00207,172.217.194.0-255,4320,204549,64,216220
13086,0.002079,172.31.40.0-255,66,204615,64,216220
13087,0.002114,172.217.194.0-255,4320,208935,64,216220
13088,0.002148,172.217.194.0-255,6877,215812,64,216220
13089,0.002154,172.31.40.0-255,66,215878,64,216220
13090,0.002166,172.217.194.0-255,105,215983,64,216220
13091,0.010151,172.31.40.0-255,66,216049,64,216220
13092,0.010196,172.31.40.0-255,105,216154,64,216220
13093,0.012453,172.217.194.0-255,66,216220,64,216220
13094,0.0,74.125.68.0-255,153,153,64,98326
13095,2.2e-05,172.31.40.0-255,66,219,64,98326
13096,3e-05,74.125.68.0-255,1484,1703,64,98326
13097,3.5e-05,172.31.40.0-255,66,1769,64,98326
13098,4.9e-05,74.125.68.0-255,2902,4671,64,98326
13099,5.1e-05,172.31.40.0-255,66,4737,64,98326
13100,0.000101,74.125.68.0-255,4320,9057,64,98326
13101,0.000104,172.31.40.0-255,66,9123,64,98326
13102,0.000224,74.125.68.0-255,5738,14861,64,98326
13103,0.000229,172.31.40.0-255,66,14927,64,98326
13104,0.000255,74.125.68.0-255,3556,18483,64,98326
13105,0.000259,172.31.40.0-255,66,18549,64,98326
13106,0.000509,172.31.40.0-255,66,18615,64,98326
13107,0.000842,172.31.40.0-255,66,18681,64,98326
13108,0.00087,74.125.68.0-255,2902,21583,64,98326
13109,0.000873,172.31.40.0-255,66,21649,64,98326
13110,0.001219,172.31.40.0-255,66,21715,64,98326
13111,0.001258,172.31.40.0-255,66,21781,64,98326
13112,0.001927,74.125.68.0-255,7156,28937,64,98326
13113,0.001935,172.31.40.0-255,66,29003,64,98326
13114,0.001994,172.31.40.0-255,66,29069,64,98326
13115,0.002739,74.125.68.0-255,4320,33389,64,98326
13116,0.002742,172.31.40.0-255,66,33455,64,98326
13117,0.002793,172.31.40.0-255,66,33521,64,98326
13118,0.003756,74.125.68.0-255,7156,40677,64,98326
13119,0.00376,172.31.40.0-255,66,40743,64,98326
13120,0.00638,172.31.40.0-255,66,40809,64,98326
13121,0.00889,74.125.68.0-255,5738,46547,64,98326
13122,0.008899,172.31.40.0-255,66,46613,64,98326
13123,0.011407,74.125.68.0-255,5738,52351,64,98326
13124,0.011859,172.31.40.0-255,66,52417,64,98326
13125,0.014373,74.125.68.0-255,2902,55319,64,98326
13126,0.014382,172.31.40.0-255,66,55385,64,98326
13127,0.014408,74.125.68.0-255,2902,58287,64,98326
13128,0.014436,172.31.40.0-255,66,58353,64,98326
13129,0.016894,74.125.68.0-255,2902,61255,64,98326
13130,0.016902,172.31.40.0-255,66,61321,64,98326
13131,0.016946,74.125.68.0-255,2902,64223,64,98326
13132,0.016972,172.31.40.0-255,66,64289,64,98326
13133,0.01942,74.125.68.0-255,2902,67191,64,98326
13134,0.019428,172.31.40.0-255,66,67257,64,98326
13135,0.019473,74.125.68.0-255,2902,70159,64,98326
13136,0.019497,172.31.40.0-255,66,70225,64,98326
13137,0.021923,74.125.68.0-255,2902,73127,64,98326
13138,0.021931,172.31.40.0-255,66,73193,64,98326
13139,0.021993,74.125.68.0-255,2902,76095,64,98326
13140,0.022036,172.31.40.0-255,66,76161,64,98326
13141,0.024459,74.125.68.0-255,2902,79063,64,98326
13142,0.024471,172.31.40.0-255,66,79129,64,98326
13143,0.024533,74.125.68.0-255,2902,82031,64,98326
13144,0.024541,172.31.40.0-255,66,82097,64,98326
13145,0.026983,74.125.68.0-255,2902,84999,64,98326
13146,0.026991,172.31.40.0-255,66,85065,64,98326
13147,0.027031,74.125.68.0-255,2902,87967,64,98326
13148,0.027058,172.31.40.0-255,66,88033,64,98326
13149,0.02766,172.31.40.0-255,171,88204,64,98326
13150,0.027687,172.31.40.0-255,1137,89341,64,98326
13151,0.027734,172.31.40.0-255,1514,90855,64,98326
13152,0.027735,172.31.40.0-255,1271,92126,64,98326
13153,0.029216,104.244.42.0-255,66,92192,64,98326
13154,0.029259,104.244.42.0-255,66,92258,64,98326
13155,0.029298,104.244.42.0-255,66,92324,64,98326
13156,0.029487,74.125.68.0-255,2902,95226,64,98326
13157,0.029492,172.31.40.0-255,66,95292,64,98326
13158,0.029533,74.125.68.0-255,1484,96776,64,98326
13159,0.029544,74.125.68.0-255,1484,98260,64,98326
13160,0.029569,172.31.40.0-255,66,98326,64,98326
13161,0.0,74.125.24.0-255,150,150,64,202805
13162,3.7e-05,172.31.40.0-255,66,216,64,202805
13163,4.4e-05,74.125.24.0-255,1484,1700,64,202805
13164,4.9e-05,172.31.40.0-255,66,1766,64,202805
13165,5.4e-05,74.125.24.0-255,2902,4668,64,202805
13166,5.8e-05,172.31.40.0-255,66,4734,64,202805
13167,6.2e-05,74.125.24.0-255,2902,7636,64,202805
13168,6.5e-05,172.31.40.0-255,66,7702,64,202805
13169,7.7e-05,172.31.40.0-255,66,7768,64,202805
13170,9.1e-05,172.31.40.0-255,66,7834,64,202805
13171,9.5e-05,74.125.24.0-255,2543,10377,64,202805
13172,9.7e-05,172.31.40.0-255,66,10443,64,202805
13173,0.000212,74.125.24.0-255,1484,11927,64,202805
13174,0.000217,172.31.40.0-255,66,11993,64,202805
13175,0.000235,74.125.24.0-255,1484,13477,64,202805
13176,0.000237,172.31.40.0-255,66,13543,64,202805
13177,0.000249,74.125.24.0-255,1484,15027,64,202805
13178,0.000252,172.31.40.0-255,66,15093,64,202805
13179,0.000263,74.125.24.0-255,1484,16577,64,202805
13180,0.000265,172.31.40.0-255,66,16643,64,202805
13181,0.000285,74.125.24.0-255,4320,20963,64,202805
13182,0.000288,172.31.40.0-255,66,21029,64,202805
13183,0.000292,74.125.24.0-255,2902,23931,64,202805
13184,0.000295,172.31.40.0-255,66,23997,64,202805
13185,0.000308,172.31.40.0-255,66,24063,64,202805
13186,0.000342,172.31.40.0-255,66,24129,64,202805
13187,0.000361,74.125.24.0-255,1431,25560,64,202805
13188,0.000363,172.31.40.0-255,66,25626,64,202805
13189,0.000366,74.125.24.0-255,115,25741,64,202805
13190,0.000474,74.125.24.0-255,1484,27225,64,202805
13191,0.000478,172.31.40.0-255,66,27291,64,202805
13192,0.000482,74.125.24.0-255,2902,30193,64,202805
13193,0.000485,172.31.40.0-255,66,30259,64,202805
13194,0.000503,74.125.24.0-255,4320,34579,64,202805
13195,0.000506,172.31.40.0-255,66,34645,64,202805
13196,0.000523,74.125.24.0-255,1484,36129,64,202805
13197,0.00053,74.125.24.0-255,6797,42926,64,202805
13198,0.000532,172.31.40.0-255,66,42992,64,202805
13199,0.000548,74.125.24.0-255,4320,47312,64,202805
13200,0.000551,172.31.40.0-255,66,47378,64,202805
13201,0.000567,74.125.24.0-255,2902,50280,64,202805
13202,0.00057,172.31.40.0-255,66,50346,64,202805
13203,0.000595,74.125.24.0-255,5738,56084,64,202805
13204,0.000598,172.31.40.0-255,66,56150,64,202805
13205,0.000612,74.125.24.0-255,1484,57634,64,202805
13206,0.000615,74.125.24.0-255,1484,59118,64,202805
13207,0.000617,172.31.40.0-255,66,59184,64,202805
13208,0.000634,74.125.24.0-255,1367,60551,64,202805
13209,0.000878,74.125.24.0-255,1484,62035,64,202805
13210,0.000883,172.31.40.0-255,66,62101,64,202805
13211,0.000888,74.125.24.0-255,2902,65003,64,202805
13212,0.00089,172.31.40.0-255,66,65069,64,202805
13213,0.000923,74.125.24.0-255,1484,66553,64,202805
13214,0.000945,74.125.24.0-255,4320,70873,64,202805
13215,0.000959,172.31.40.0-255,66,70939,64,202805
13216,0.000969,172.31.40.0-255,66,71005,64,202805
13217,0.000975,74.125.24.0-255,5738,76743,64,202805
13218,0.000977,172.31.40.0-255,66,76809,64,202805
13219,0.001007,74.125.24.0-255,5020,81829,64,202805
13220,0.00101,172.31.40.0-255,66,81895,64,202805
13221,0.001942,74.125.24.0-255,1484,83379,64,202805
13222,0.001953,74.125.24.0-255,2902,86281,64,202805
13223,0.001957,172.31.40.0-255,66,86347,64,202805
13224,0.001965,74.125.24.0-255,5738,92085,64,202805
13225,0.001968,172.31.40.0-255,66,92151,64,202805
13226,0.001973,74.125.24.0-255,2902,95053,64,202805
13227,0.001975,172.31.40.0-255,66,95119,64,202805
13228,0.002007,74.125.24.0-255,4320,99439,64,202805
13229,0.00201,172.31.40.0-255,66,99505,64,202805
13230,0.002022,172.31.40.0-255,66,99571,64,202805
13231,0.002037,74.125.24.0-255,5738,105309,64,202805
13232,0.00204,172.31.40.0-255,66,105375,64,202805
13233,0.002044,74.125.24.0-255,2184,107559,64,202805
13234,0.002045,172.31.40.0-255,66,107625,64,202805
13235,0.002077,74.125.24.0-255,4320,111945,64,202805
13236,0.00208,172.31.40.0-255,66,112011,64,202805
13237,0.002113,172.31.40.0-255,66,112077,64,202805
13238,0.002119,74.125.24.0-255,4320,116397,64,202805
13239,0.002121,172.31.40.0-255,66,116463,64,202805
13240,0.002143,74.125.24.0-255,7156,123619,64,202805
13241,0.002146,172.31.40.0-255,66,123685,64,202805
13242,0.002151,74.125.24.0-255,3602,127287,64,202805
13243,0.002153,172.31.40.0-255,66,127353,64,202805
13244,0.004195,74.125.24.0-255,5738,133091,64,202805
13245,0.004202,172.31.40.0-255,66,133157,64,202805
13246,0.00622,74.125.24.0-255,5738,138895,64,202805
13247,0.006223,172.31.40.0-255,66,138961,64,202805
13248,0.008273,74.125.24.0-255,5738,144699,64,202805
13249,0.00828,172.31.40.0-255,66,144765,64,202805
13250,0.010312,74.125.24.0-255,5738,150503,64,202805
13251,0.010319,172.31.40.0-255,66,150569,64,202805
13252,0.01237,74.125.24.0-255,5738,156307,64,202805
13253,0.012378,172.31.40.0-255,66,156373,64,202805
13254,0.014428,74.125.24.0-255,5738,162111,64,202805
13255,0.014439,172.31.40.0-255,66,162177,64,202805
13256,0.016479,74.125.24.0-255,5738,167915,64,202805
13257,0.016488,172.31.40.0-255,66,167981,64,202805
13258,0.018538,74.125.24.0-255,5738,173719,64,202805
13259,0.018546,172.31.40.0-255,66,173785,64,202805
13260,0.020604,74.125.24.0-255,5738,179523,64,202805
13261,0.020612,172.31.40.0-255,66,179589,64,202805
13262,0.022678,74.125.24.0-255,5738,185327,64,202805
13263,0.022694,172.31.40.0-255,66,185393,64,202805
13264,0.024751,74.125.24.0-255,5738,191131,64,202805
13265,0.024761,172.31.40.0-255,66,191197,64,202805
13266,0.026835,74.125.24.0-255,5738,196935,64,202805
13267,0.026849,172.31.40.0-255,66,197001,64,202805
13268,0.028892,74.125.24.0-255,5738,202739,64,202805
13269,0.02891,172.31.40.0-255,66,202805,64,202805
13270,0.0,172.217.160.0-255,152,152,64,133883
13271,2.1e-05,172.31.40.0-255,66,218,64,133883
13272,2.8e-05,172.217.160.0-255,1484,1702,64,133883
13273,3.3e-05,172.31.40.0-255,66,1768,64,133883
13274,4e-05,172.217.160.0-255,2902,4670,64,133883
13275,4.4e-05,172.31.40.0-255,66,4736,64,133883
13276,5.1e-05,172.217.160.0-255,7156,11892,64,133883
13277,5.4e-05,172.31.40.0-255,66,11958,64,133883
13278,5.8e-05,172.217.160.0-255,2023,13981,64,133883
13279,6.2e-05,172.31.40.0-255,66,14047,64,133883
13280,8.8e-05,172.31.40.0-255,66,14113,64,133883
13281,0.000106,172.217.160.0-255,2902,17015,64,133883
13282,0.000109,172.31.40.0-255,66,17081,64,133883
13283,0.000127,172.217.160.0-255,4320,21401,64,133883
13284,0.00013,172.31.40.0-255,66,21467,64,133883
13285,0.000144,172.217.160.0-255,1125,22592,64,133883
13286,0.000146,172.31.40.0-255,66,22658,64,133883
13287,0.000357,172.217.160.0-255,1484,24142,64,133883
13288,0.000362,172.31.40.0-255,66,24208,64,133883
13289,0.000367,172.217.160.0-255,2902,27110,64,133883
13290,0.000369,172.31.40.0-255,66,27176,64,133883
13291,0.000375,172.217.160.0-255,5738,32914,64,133883
13292,0.000377,172.31.40.0-255,66,32980,64,133883
13293,0.00038,172.217.160.0-255,1484,34464,64,133883
13294,0.000382,172.31.40.0-255,66,34530,64,133883
13295,0.000404,172.217.160.0-255,2902,37432,64,133883
13296,0.000406,172.31.40.0-255,66,37498,64,133883
13297,0.000426,172.217.160.0-255,1484,38982,64,133883
13298,0.000429,172.31.40.0-255,66,39048,64,133883
13299,0.000461,172.31.40.0-255,66,39114,64,133883
13300,0.000479,172.217.160.0-255,2902,42016,64,133883
13301,0.000498,172.217.160.0-255,6797,48813,64,133883
13302,0.000503,172.31.40.0-255,66,48879,64,133883
13303,0.000522,172.217.160.0-255,333,49212,64,133883
13304,0.00086,172.31.40.0-255,66,49278,64,133883
13305,0.001543,172.217.160.0-255,409,49687,64,133883
13306,0.001664,172.217.160.0-255,1484,51171,64,133883
13307,0.002497,172.217.160.0-255,2902,54073,64,133883
13308,0.006425,172.31.40.0-255,66,54139,64,133883
13309,0.008076,172.217.160.0-255,5738,59877,64,133883
13310,0.010013,172.31.40.0-255,66,59943,64,133883
13311,0.011667,172.217.160.0-255,5738,65681,64,133883
13312,0.011677,172.31.40.0-255,66,65747,64,133883
13313,0.013326,172.217.160.0-255,5738,71485,64,133883
13314,0.013337,172.31.40.0-255,66,71551,64,133883
13315,0.01499,172.217.160.0-255,5738,77289,64,133883
13316,0.014998,172.31.40.0-255,66,77355,64,133883
13317,0.016653,172.217.160.0-255,5738,83093,64,133883
13318,0.016659,172.31.40.0-255,66,83159,64,133883
13319,0.018304,172.217.160.0-255,5738,88897,64,133883
13320,0.018311,172.31.40.0-255,66,88963,64,133883
13321,0.01996,172.217.160.0-255,5738,94701,64,133883
13322,0.019967,172.31.40.0-255,66,94767,64,133883
13323,0.021615,172.217.160.0-255,5738,100505,64,133883
13324,0.021621,172.31.40.0-255,66,100571,64,133883
13325,0.023267,172.217.160.0-255,5738,106309,64,133883
13326,0.023272,172.31.40.0-255,66,106375,64,133883
13327,0.02406,172.31.40.0-255,172,106547,64,133883
13328,0.024086,172.31.40.0-255,1112,107659,64,133883
13329,0.024139,172.31.40.0-255,1514,109173,64,133883
13330,0.02414,172.31.40.0-255,1296,110469,64,133883
13331,0.024928,172.217.160.0-255,5738,116207,64,133883
13332,0.024935,172.31.40.0-255,66,116273,64,133883
13333,0.025622,104.244.42.0-255,66,116339,64,133883
13334,0.025661,104.244.42.0-255,66,116405,64,133883
13335,0.025699,104.244.42.0-255,66,116471,64,133883
13336,0.02658,172.217.160.0-255,5738,122209,64,133883
13337,0.026587,172.31.40.0-255,66,122275,64,133883
13338,0.028229,172.217.160.0-255,5738,128013,64,133883
13339,0.028236,172.31.40.0-255,66,128079,64,133883
13340,0.029885,172.217.160.0-255,5738,133817,64,133883
13341,0.029892,172.31.40.0-255,66,133883,64,133883
13342,0.0,172.217.194.0-255,143,143,64,176532
13343,2.4e-05,172.31.40.0-255,66,209,64,176532
13344,3.2e-05,172.217.194.0-255,1484,1693,64,176532
13345,3.7e-05,172.31.40.0-255,66,1759,64,176532
13346,4.2e-05,172.217.194.0-255,2902,4661,64,176532
13347,5.4e-05,172.31.40.0-255,66,4727,64,176532
13348,6.2e-05,172.217.194.0-255,7156,11883,64,176532
13349,6.6e-05,172.31.40.0-255,66,11949,64,176532
13350,7e-05,172.217.194.0-255,2137,14086,64,176532
13351,7.3e-05,172.31.40.0-255,66,14152,64,176532
13352,0.000113,172.217.194.0-255,1484,15636,64,176532
13353,0.000117,172.31.40.0-255,66,15702,64,176532
13354,0.000122,172.217.194.0-255,2902,18604,64,176532
13355,0.000125,172.31.40.0-255,66,18670,64,176532
13356,0.000132,172.217.194.0-255,5738,24408,64,176532
13357,0.000135,172.31.40.0-255,66,24474,64,176532
13358,0.000165,172.217.194.0-255,7156,31630,64,176532
13359,0.000169,172.31.40.0-255,66,31696,64,176532
13360,0.000191,172.217.194.0-255,2543,34239,64,176532
13361,0.000194,172.31.40.0-255,66,34305,64,176532
13362,0.000207,172.31.40.0-255,66,34371,64,176532
13363,0.000212,172.217.194.0-255,3961,38332,64,176532
13364,0.000215,172.31.40.0-255,66,38398,64,176532
13365,0.00022,172.217.194.0-255,4320,42718,64,176532
13366,0.000222,172.31.40.0-255,66,42784,64,176532
13367,0.000225,172.217.194.0-255,1484,44268,64,176532
13368,0.000227,172.31.40.0-255,66,44334,64,176532
13369,0.000272,172.31.40.0-255,66,44400,64,176532
13370,0.000277,172.217.194.0-255,2853,47253,64,176532
13371,0.000279,172.31.40.0-255,66,47319,64,176532
13372,0.000396,172.217.194.0-255,367,47686,64,176532
13373,0.00049,172.217.194.0-255,1484,49170,64,176532
13374,0.000493,172.31.40.0-255,66,49236,64,176532
13375,0.000499,172.217.194.0-255,2902,52138,64,176532
13376,0.000501,172.31.40.0-255,66,52204,64,176532
13377,0.000507,172.217.194.0-255,5738,57942,64,176532
13378,0.00051,172.31.40.0-255,66,58008,64,176532
13379,0.000555,172.217.194.0-255,5738,63746,64,176532
13380,0.000558,172.31.40.0-255,66,63812,64,176532
13381,0.000607,172.31.40.0-255,66,63878,64,176532
13382,0.000623,172.31.40.0-255,66,63944,64,176532
13383,0.000995,172.217.194.0-255,1484,65428,64,176532
13384,0.001002,172.217.194.0-255,2902,68330,64,176532
13385,0.001004,172.31.40.0-255,66,68396,64,176532
13386,0.001011,172.217.194.0-255,4320,72716,64,176532
13387,0.001014,172.31.40.0-255,66,72782,64,176532
13388,0.001029,172.217.194.0-255,1484,74266,64,176532
13389,0.001046,172.31.40.0-255,66,74332,64,176532
13390,0.001087,172.217.194.0-255,5738,80070,64,176532
13391,0.00109,172.31.40.0-255,66,80136,64,176532
13392,0.001124,172.31.40.0-255,66,80202,64,176532
13393,0.001139,172.31.40.0-255,66,80268,64,176532
13394,0.001147,172.217.194.0-255,7156,87424,64,176532
13395,0.00115,172.31.40.0-255,66,87490,64,176532
13396,0.001178,172.217.194.0-255,2902,90392,64,176532
13397,0.001181,172.31.40.0-255,66,90458,64,176532
13398,0.001193,172.31.40.0-255,66,90524,64,176532
13399,0.001267,172.217.194.0-255,1484,92008,64,176532
13400,0.00131,172.217.194.0-255,1484,93492,64,176532
13401,0.001313,172.31.40.0-255,66,93558,64,176532
13402,0.00134,172.217.194.0-255,1484,95042,64,176532
13403,0.001347,172.217.194.0-255,5738,100780,64,176532
13404,0.001349,172.31.40.0-255,66,100846,64,176532
13405,0.001364,172.31.40.0-255,66,100912,64,176532
13406,0.001378,172.217.194.0-255,1484,102396,64,176532
13407,0.001382,172.31.40.0-255,66,102462,64,176532
13408,0.001412,172.217.194.0-255,7156,109618,64,176532
13409,0.001416,172.31.40.0-255,66,109684,64,176532
13410,0.001428,172.31.40.0-255,66,109750,64,176532
13411,0.001485,172.31.40.0-255,66,109816,64,176532
13412,0.001488,172.217.194.0-255,1484,111300,64,176532
13413,0.001513,172.217.194.0-255,2902,114202,64,176532
13414,0.001516,172.31.40.0-255,66,114268,64,176532
13415,0.001522,172.217.194.0-255,5738,120006,64,176532
13416,0.001526,172.31.40.0-255,66,120072,64,176532
13417,0.001532,172.217.194.0-255,5738,125810,64,176532
13418,0.001534,172.31.40.0-255,66,125876,64,176532
13419,0.001574,172.217.194.0-255,7156,133032,64,176532
13420,0.001578,172.31.40.0-255,66,133098,64,176532
13421,0.001584,172.217.194.0-255,5738,138836,64,176532
13422,0.001586,172.31.40.0-255,66,138902,64,176532
13423,0.001619,172.217.194.0-255,5020,143922,64,176532
13424,0.001622,172.31.40.0-255,66,143988,64,176532
13425,0.001652,172.217.194.0-255,5738,149726,64,176532
13426,0.001655,172.31.40.0-255,66,149792,64,176532
13427,0.001661,172.217.194.0-255,5738,155530,64,176532
13428,0.001663,172.31.40.0-255,66,155596,64,176532
13429,0.00171,172.31.40.0-255,66,155662,64,176532
13430,0.001722,172.31.40.0-255,66,155728,64,176532
13431,0.001727,172.217.194.0-255,4320,160048,64,176532
13432,0.00173,172.31.40.0-255,66,160114,64,176532
13433,0.001761,172.217.194.0-255,5738,165852,64,176532
13434,0.001765,172.31.40.0-255,66,165918,64,176532
13435,0.001777,172.31.40.0-255,66,165984,64,176532
13436,0.001814,172.31.40.0-255,66,166050,64,176532
13437,0.00183,172.31.40.0-255,66,166116,64,176532
13438,0.001864,172.217.194.0-255,6438,172554,64,176532
13439,0.001867,172.31.40.0-255,66,172620,64,176532
13440,0.001882,172.31.40.0-255,66,172686,64,176532
13441,0.001931,172.31.40.0-255,66,172752,64,176532
13442,0.001973,172.31.40.0-255,66,172818,64,176532
13443,0.001978,172.217.194.0-255,3306,176124,64,176532
13444,0.001981,172.31.40.0-255,66,176190,64,176532
13445,0.001984,172.217.194.0-255,105,176295,64,176532
13446,0.005068,172.31.40.0-255,66,176361,64,176532
13447,0.005112,172.31.40.0-255,105,176466,64,176532
13448,0.007611,172.217.194.0-255,66,176532,64,176532
13449,0.0,74.125.24.0-255,297,297,64,100064
13450,2.2e-05,172.31.40.0-255,66,363,64,100064
13451,2.9e-05,74.125.24.0-255,1484,1847,64,100064
13452,3.3e-05,172.31.40.0-255,66,1913,64,100064
13453,3.9e-05,74.125.24.0-255,2902,4815,64,100064
13454,4.3e-05,172.31.40.0-255,66,4881,64,100064
13455,4.9e-05,74.125.24.0-255,5738,10619,64,100064
13456,5.2e-05,172.31.40.0-255,66,10685,64,100064
13457,8.5e-05,74.125.24.0-255,1484,12169,64,100064
13458,8.8e-05,172.31.40.0-255,66,12235,64,100064
13459,0.000122,172.31.40.0-255,66,12301,64,100064
13460,0.000223,74.125.24.0-255,2902,15203,64,100064
13461,0.000227,172.31.40.0-255,66,15269,64,100064
13462,0.000261,172.31.40.0-255,66,15335,64,100064
13463,0.000359,74.125.24.0-255,2902,18237,64,100064
13464,0.000363,172.31.40.0-255,66,18303,64,100064
13465,0.000392,172.31.40.0-255,66,18369,64,100064
13466,0.00051,74.125.24.0-255,5738,24107,64,100064
13467,0.000515,172.31.40.0-255,66,24173,64,100064
13468,0.000547,172.31.40.0-255,66,24239,64,100064
13469,0.000698,74.125.24.0-255,2902,27141,64,100064
13470,0.000702,172.31.40.0-255,66,27207,64,100064
13471,0.000754,74.125.24.0-255,7156,34363,64,100064
13472,0.000757,172.31.40.0-255,66,34429,64,100064
13473,0.000786,172.31.40.0-255,66,34495,64,100064
13474,0.000996,74.125.24.0-255,4320,38815,64,100064
13475,0.001,172.31.40.0-255,66,38881,64,100064
13476,0.001029,172.31.40.0-255,66,38947,64,100064
13477,0.00122,172.31.40.0-255,66,39013,64,100064
13478,0.001247,172.31.40.0-255,66,39079,64,100064
13479,0.0015,74.125.24.0-255,5738,44817,64,100064
13480,0.001506,172.31.40.0-255,66,44883,64,100064
13481,0.001546,172.31.40.0-255,66,44949,64,100064
13482,0.001568,74.125.24.0-255,3602,48551,64,100064
13483,0.00157,172.31.40.0-255,66,48617,64,100064
13484,0.001837,172.31.40.0-255,66,48683,64,100064
13485,0.001905,172.31.40.0-255,66,48749,64,100064
13486,0.001922,74.125.24.0-255,4320,53069,64,100064
13487,0.001924,172.31.40.0-255,66,53135,64,100064
13488,0.00259,172.31.40.0-255,66,53201,64,100064
13489,0.002652,172.31.40.0-255,66,53267,64,100064
13490,0.002676,74.125.24.0-255,5738,59005,64,100064
13491,0.00268,172.31.40.0-255,66,59071,64,100064
13492,0.003337,74.125.24.0-255,5738,64809,64,100064
13493,0.003345,172.31.40.0-255,66,64875,64,100064
13494,0.014077,172.31.40.0-255,66,64941,64,100064
13495,0.015053,74.125.24.0-255,1484,66425,64,100064
13496,0.016438,74.125.24.0-255,4320,70745,64,100064
13497,0.016445,172.31.40.0-255,66,70811,64,100064
13498,0.01876,74.125.24.0-255,5738,76549,64,100064
13499,0.018766,172.31.40.0-255,66,76615,64,100064
13500,0.021144,74.125.24.0-255,5738,82353,64,100064
13501,0.021161,172.31.40.0-255,66,82419,64,100064
13502,0.023498,74.125.24.0-255,5738,88157,64,100064
13503,0.023505,172.31.40.0-255,66,88223,64,100064
13504,0.025667,172.31.40.0-255,101,88324,64,100064
13505,0.025884,74.125.24.0-255,5738,94062,64,100064
13506,0.025891,172.31.40.0-255,66,94128,64,100064
13507,0.027973,74.125.24.0-255,66,94194,64,100064
13508,0.028243,74.125.24.0-255,4320,98514,64,100064
13509,0.02825,172.31.40.0-255,66,98580,64,100064
13510,0.028268,74.125.24.0-255,1484,100064,64,100064
13511,0.0,74.125.24.0-255,153,153,64,165318
13512,1.5e-05,172.31.40.0-255,66,219,64,165318
13513,2.1e-05,74.125.24.0-255,1484,1703,64,165318
13514,2.6e-05,172.31.40.0-255,66,1769,64,165318
13515,3.1e-05,74.125.24.0-255,2902,4671,64,165318
13516,3.5e-05,172.31.40.0-255,66,4737,64,165318
13517,4e-05,74.125.24.0-255,2902,7639,64,165318
13518,4.3e-05,172.31.40.0-255,66,7705,64,165318
13519,7.7e-05,74.125.24.0-255,2902,10607,64,165318
13520,8e-05,172.31.40.0-255,66,10673,64,165318
13521,8.7e-05,74.125.24.0-255,6157,16830,64,165318
13522,8.9e-05,172.31.40.0-255,66,16896,64,165318
13523,0.000104,172.31.40.0-255,66,16962,64,165318
13524,0.000142,74.125.24.0-255,4320,21282,64,165318
13525,0.000144,172.31.40.0-255,66,21348,64,165318
13526,0.00018,74.125.24.0-255,2543,23891,64,165318
13527,0.000184,172.31.40.0-255,66,23957,64,165318
13528,0.000187,172.31.40.0-255,66,24023,64,165318
13529,0.000682,74.125.24.0-255,1484,25507,64,165318
13530,0.000689,172.31.40.0-255,66,25573,64,165318
13531,0.000695,74.125.24.0-255,2902,28475,64,165318
13532,0.000697,172.31.40.0-255,66,28541,64,165318
13533,0.000703,74.125.24.0-255,4320,32861,64,165318
13534,0.000705,172.31.40.0-255,66,32927,64,165318
13535,0.000727,74.125.24.0-255,1484,34411,64,165318
13536,0.00073,172.31.40.0-255,66,34477,64,165318
13537,0.000735,74.125.24.0-255,4320,38797,64,165318
13538,0.000737,172.31.40.0-255,66,38863,64,165318
13539,0.000756,74.125.24.0-255,3123,41986,64,165318
13540,0.000759,172.31.40.0-255,66,42052,64,165318
13541,0.00079,74.125.24.0-255,4320,46372,64,165318
13542,0.000802,172.31.40.0-255,66,46438,64,165318
13543,0.000814,74.125.24.0-255,7156,53594,64,165318
13544,0.000824,74.125.24.0-255,1484,55078,64,165318
13545,0.000826,172.31.40.0-255,66,55144,64,165318
13546,0.000847,74.125.24.0-255,5738,60882,64,165318
13547,0.000857,172.31.40.0-255,66,60948,64,165318
13548,0.000868,74.125.24.0-255,3961,64909,64,165318
13549,0.000873,74.125.24.0-255,5738,70647,64,165318
13550,0.000879,172.31.40.0-255,66,70713,64,165318
13551,0.000917,74.125.24.0-255,5379,76092,64,165318
13552,0.000943,172.31.40.0-255,66,76158,64,165318
13553,0.00214,74.125.24.0-255,1484,77642,64,165318
13554,0.002152,74.125.24.0-255,2902,80544,64,165318
13555,0.002156,172.31.40.0-255,66,80610,64,165318
13556,0.002163,74.125.24.0-255,2902,83512,64,165318
13557,0.002182,74.125.24.0-255,2902,86414,64,165318
13558,0.002215,74.125.24.0-255,7156,93570,64,165318
13559,0.002236,74.125.24.0-255,5738,99308,64,165318
13560,0.00224,74.125.24.0-255,2902,102210,64,165318
13561,0.003876,172.31.40.0-255,66,102276,64,165318
13562,0.006217,74.125.24.0-255,5738,108014,64,165318
13563,0.006223,172.31.40.0-255,66,108080,64,165318
13564,0.008551,74.125.24.0-255,5738,113818,64,165318
13565,0.008559,172.31.40.0-255,66,113884,64,165318
13566,0.010921,74.125.24.0-255,5738,119622,64,165318
13567,0.012317,172.31.40.0-255,66,119688,64,165318
13568,0.014653,74.125.24.0-255,5738,125426,64,165318
13569,0.014667,172.31.40.0-255,66,125492,64,165318
13570,0.017002,74.125.24.0-255,5738,131230,64,165318
13571,0.017018,172.31.40.0-255,66,131296,64,165318
13572,0.0194,74.125.24.0-255,5738,137034,64,165318
13573,0.019414,172.31.40.0-255,66,137100,64,165318
13574,0.021828,74.125.24.0-255,5738,142838,64,165318
13575,0.021844,172.31.40.0-255,66,142904,64,165318
13576,0.024229,74.125.24.0-255,5738,148642,64,165318
13577,0.024249,172.31.40.0-255,66,148708,64,165318
13578,0.026615,74.125.24.0-255,5738,154446,64,165318
13579,0.026631,172.31.40.0-255,66,154512,64,165318
13580,0.028674,172.31.40.0-255,166,154678,64,165318
13581,0.02871,172.31.40.0-255,1135,155813,64,165318
13582,0.028776,172.31.40.0-255,1514,157327,64,165318
13583,0.028777,172.31.40.0-255,1514,158841,64,165318
13584,0.028779,172.31.40.0-255,673,159514,64,165318
13585,0.028979,74.125.24.0-255,5738,165252,64,165318
13586,0.028989,172.31.40.0-255,66,165318,64,165318
13587,0.0,172.217.194.0-255,298,298,64,124424
13588,1.9e-05,172.31.40.0-255,66,364,64,124424
13589,2.6e-05,172.217.194.0-255,1484,1848,64,124424
13590,3e-05,172.31.40.0-255,66,1914,64,124424
13591,3.4e-05,172.217.194.0-255,1484,3398,64,124424
13592,3.7e-05,172.31.40.0-255,66,3464,64,124424
13593,6.2e-05,172.217.194.0-255,2902,6366,64,124424
13594,6.5e-05,172.31.40.0-255,66,6432,64,124424
13595,8.2e-05,172.31.40.0-255,66,6498,64,124424
13596,0.000111,172.217.194.0-255,1484,7982,64,124424
13597,0.000114,172.31.40.0-255,66,8048,64,124424
13598,0.000119,172.217.194.0-255,2902,10950,64,124424
13599,0.000122,172.31.40.0-255,66,11016,64,124424
13600,0.000162,172.217.194.0-255,5738,16754,64,124424
13601,0.000165,172.31.40.0-255,66,16820,64,124424
13602,0.000172,172.217.194.0-255,6797,23617,64,124424
13603,0.000175,172.31.40.0-255,66,23683,64,124424
13604,0.000646,172.217.194.0-255,1484,25167,64,124424
13605,0.000653,172.31.40.0-255,66,25233,64,124424
13606,0.000659,172.217.194.0-255,2902,28135,64,124424
13607,0.000662,172.31.40.0-255,66,28201,64,124424
13608,0.000687,172.217.194.0-255,5738,33939,64,124424
13609,0.00069,172.31.40.0-255,66,34005,64,124424
13610,0.000701,172.217.194.0-255,6797,40802,64,124424
13611,0.000703,172.31.40.0-255,66,40868,64,124424
13612,0.000754,172.31.40.0-255,66,40934,64,124424
13613,0.000758,172.217.194.0-255,2543,43477,64,124424
13614,0.00076,172.31.40.0-255,66,43543,64,124424
13615,0.001928,172.217.194.0-255,647,44190,64,124424
13616,0.001936,172.31.40.0-255,66,44256,64,124424
13617,0.002019,172.217.194.0-255,1484,45740,64,124424
13618,0.002036,172.217.194.0-255,2902,48642,64,124424
13619,0.002039,172.31.40.0-255,66,48708,64,124424
13620,0.002045,172.217.194.0-255,4320,53028,64,124424
13621,0.002048,172.31.40.0-255,66,53094,64,124424
13622,0.002065,172.217.194.0-255,1484,54578,64,124424
13623,0.00209,172.217.194.0-255,4320,58898,64,124424
13624,0.002093,172.31.40.0-255,66,58964,64,124424
13625,0.00213,172.31.40.0-255,66,59030,64,124424
13626,0.002133,172.217.194.0-255,1484,60514,64,124424
13627,0.002145,172.31.40.0-255,66,60580,64,124424
13628,0.004458,172.217.194.0-255,5738,66318,64,124424
13629,0.004466,172.31.40.0-255,66,66384,64,124424
13630,0.006874,172.217.194.0-255,5738,72122,64,124424
13631,0.006885,172.31.40.0-255,66,72188,64,124424
13632,0.00918,172.217.194.0-255,5738,77926,64,124424
13633,0.009191,172.31.40.0-255,66,77992,64,124424
13634,0.011513,172.217.194.0-255,5738,83730,64,124424
13635,0.011522,172.31.40.0-255,66,83796,64,124424
13636,0.013861,172.217.194.0-255,5738,89534,64,124424
13637,0.013868,172.31.40.0-255,66,89600,64,124424
13638,0.016179,172.217.194.0-255,5738,95338,64,124424
13639,0.016187,172.31.40.0-255,66,95404,64,124424
13640,0.01852,172.217.194.0-255,5738,101142,64,124424
13641,0.018526,172.31.40.0-255,66,101208,64,124424
13642,0.020884,172.217.194.0-255,5738,106946,64,124424
13643,0.020892,172.31.40.0-255,66,107012,64,124424
13644,0.023212,172.217.194.0-255,5738,112750,64,124424
13645,0.02322,172.31.40.0-255,66,112816,64,124424
13646,0.025534,172.217.194.0-255,5738,118554,64,124424
13647,0.025541,172.31.40.0-255,66,118620,64,124424
13648,0.027864,172.217.194.0-255,5738,124358,64,124424
13649,0.02787,172.31.40.0-255,66,124424,64,124424
13650,0.0,74.125.24.0-255,152,152,64,161538
13651,2.3e-05,172.31.40.0-255,66,218,64,161538
13652,3e-05,74.125.24.0-255,1484,1702,64,161538
13653,3.4e-05,172.31.40.0-255,66,1768,64,161538
13654,4.1e-05,74.125.24.0-255,2902,4670,64,161538
13655,4.5e-05,172.31.40.0-255,66,4736,64,161538
13656,4.8e-05,74.125.24.0-255,1484,6220,64,161538
13657,5e-05,172.31.40.0-255,66,6286,64,161538
13658,5.6e-05,74.125.24.0-255,2902,9188,64,161538
13659,5.8e-05,172.31.40.0-255,66,9254,64,161538
13660,9.8e-05,74.125.24.0-255,4776,14030,64,161538
13661,0.000101,172.31.40.0-255,66,14096,64,161538
13662,0.000134,74.125.24.0-255,1484,15580,64,161538
13663,0.000137,172.31.40.0-255,66,15646,64,161538
13664,0.000155,74.125.24.0-255,2902,18548,64,161538
13665,0.000157,172.31.40.0-255,66,18614,64,161538
13666,0.000163,74.125.24.0-255,4320,22934,64,161538
13667,0.000165,172.31.40.0-255,66,23000,64,161538
13668,0.000189,74.125.24.0-255,1484,24484,64,161538
13669,0.000191,172.31.40.0-255,66,24550,64,161538
13670,0.000199,74.125.24.0-255,6797,31347,64,161538
13671,0.000201,172.31.40.0-255,66,31413,64,161538
13672,0.000306,74.125.24.0-255,1484,32897,64,161538
13673,0.00031,172.31.40.0-255,66,32963,64,161538
13674,0.000315,74.125.24.0-255,2902,35865,64,161538
13675,0.000318,172.31.40.0-255,66,35931,64,161538
13676,0.000324,74.125.24.0-255,5738,41669,64,161538
13677,0.000327,172.31.40.0-255,66,41735,64,161538
13678,0.000332,74.125.24.0-255,4320,46055,64,161538
13679,0.000335,172.31.40.0-255,66,46121,64,161538
13680,0.000357,74.125.24.0-255,1484,47605,64,161538
13681,0.000359,172.31.40.0-255,66,47671,64,161538
13682,0.000372,172.31.40.0-255,66,47737,64,161538
13683,0.000386,74.125.24.0-255,2543,50280,64,161538
13684,0.000388,172.31.40.0-255,66,50346,64,161538
13685,0.000394,74.125.24.0-255,4296,54642,64,161538
13686,0.000488,172.31.40.0-255,66,54708,64,161538
13687,0.001371,74.125.24.0-255,110,54818,64,161538
13688,0.001404,74.125.24.0-255,1484,56302,64,161538
13689,0.001408,172.31.40.0-255,66,56368,64,161538
13690,0.001415,74.125.24.0-255,2902,59270,64,161538
13691,0.001417,172.31.40.0-255,66,59336,64,161538
13692,0.001443,74.125.24.0-255,7156,66492,64,161538
13693,0.001446,172.31.40.0-255,66,66558,64,161538
13694,0.001453,74.125.24.0-255,5379,71937,64,161538
13695,0.001455,172.31.40.0-255,66,72003,64,161538
13696,0.001484,74.125.24.0-255,5738,77741,64,161538
13697,0.001487,172.31.40.0-255,66,77807,64,161538
13698,0.00152,172.31.40.0-255,66,77873,64,161538
13699,0.00154,74.125.24.0-255,2543,80416,64,161538
13700,0.001543,172.31.40.0-255,66,80482,64,161538
13701,0.002184,74.125.24.0-255,1484,81966,64,161538
13702,0.002191,74.125.24.0-255,2902,84868,64,161538
13703,0.002196,172.31.40.0-255,66,84934,64,161538
13704,0.002218,74.125.24.0-255,4320,89254,64,161538
13705,0.002221,172.31.40.0-255,66,89320,64,161538
13706,0.002228,74.125.24.0-255,5738,95058,64,161538
13707,0.00223,172.31.40.0-255,66,95124,64,161538
13708,0.002251,74.125.24.0-255,1484,96608,64,161538
13709,0.002273,172.31.40.0-255,66,96674,64,161538
13710,0.002295,74.125.24.0-255,1484,98158,64,161538
13711,0.006644,172.31.40.0-255,66,98224,64,161538
13712,0.008926,74.125.24.0-255,5738,103962,64,161538
13713,0.008934,172.31.40.0-255,66,104028,64,161538
13714,0.011222,74.125.24.0-255,5738,109766,64,161538
13715,0.011229,172.31.40.0-255,66,109832,64,161538
13716,0.013494,74.125.24.0-255,5738,115570,64,161538
13717,0.013507,172.31.40.0-255,66,115636,64,161538
13718,0.015829,74.125.24.0-255,5738,121374,64,161538
13719,0.015838,172.31.40.0-255,66,121440,64,161538
13720,0.018131,74.125.24.0-255,5738,127178,64,161538
13721,0.018143,172.31.40.0-255,66,127244,64,161538
13722,0.020456,74.125.24.0-255,5738,132982,64,161538
13723,0.020465,172.31.40.0-255,66,133048,64,161538
13724,0.022782,74.125.24.0-255,5738,138786,64,161538
13725,0.022792,172.31.40.0-255,66,138852,64,161538
13726,0.025102,74.125.24.0-255,5738,144590,64,161538
13727,0.025109,172.31.40.0-255,66,144656,64,161538
13728,0.0266,172.31.40.0-255,172,144828,64,161538
13729,0.026627,172.31.40.0-255,1111,145939,64,161538
13730,0.026679,172.31.40.0-255,1514,147453,64,161538
13731,0.02668,172.31.40.0-255,1514,148967,64,161538
13732,0.026702,172.31.40.0-255,699,149666,64,161538
13733,0.027406,74.125.24.0-255,5738,155404,64,161538
13734,0.027412,172.31.40.0-255,66,155470,64,161538
13735,0.028153,104.244.42.0-255,66,155536,64,161538
13736,0.02816,104.244.42.0-255,66,155602,64,161538
13737,0.028202,104.244.42.0-255,66,155668,64,161538
13738,0.028206,104.244.42.0-255,66,155734,64,161538
13739,0.029708,74.125.24.0-255,5738,161472,64,161538
13740,0.029714,172.31.40.0-255,66,161538,64,161538
13741,0.0,74.125.24.0-255,150,150,64,155511
13742,2.1e-05,172.31.40.0-255,66,216,64,155511
13743,2.8e-05,74.125.24.0-255,1484,1700,64,155511
13744,3.2e-05,172.31.40.0-255,66,1766,64,155511
13745,3.8e-05,74.125.24.0-255,2902,4668,64,155511
13746,4.9e-05,172.31.40.0-255,66,4734,64,155511
13747,5.7e-05,74.125.24.0-255,7156,11890,64,155511
13748,6e-05,172.31.40.0-255,66,11956,64,155511
13749,8.1e-05,74.125.24.0-255,1484,13440,64,155511
13750,8.3e-05,172.31.40.0-255,66,13506,64,155511
13751,0.000108,74.125.24.0-255,567,14073,64,155511
13752,0.000111,172.31.40.0-255,66,14139,64,155511
13753,0.000152,74.125.24.0-255,1484,15623,64,155511
13754,0.000155,172.31.40.0-255,66,15689,64,155511
13755,0.000158,74.125.24.0-255,1484,17173,64,155511
13756,0.000161,172.31.40.0-255,66,17239,64,155511
13757,0.000186,74.125.24.0-255,1484,18723,64,155511
13758,0.000188,172.31.40.0-255,66,18789,64,155511
13759,0.000199,74.125.24.0-255,5738,24527,64,155511
13760,0.000202,172.31.40.0-255,66,24593,64,155511
13761,0.000207,74.125.24.0-255,4320,28913,64,155511
13762,0.000209,172.31.40.0-255,66,28979,64,155511
13763,0.000246,74.125.24.0-255,2543,31522,64,155511
13764,0.000252,74.125.24.0-255,7156,38678,64,155511
13765,0.000265,172.31.40.0-255,66,38744,64,155511
13766,0.000268,172.31.40.0-255,66,38810,64,155511
13767,0.000276,172.31.40.0-255,66,38876,64,155511
13768,0.000312,172.31.40.0-255,66,38942,64,155511
13769,0.000316,74.125.24.0-255,2902,41844,64,155511
13770,0.000319,172.31.40.0-255,66,41910,64,155511
13771,0.000359,74.125.24.0-255,4296,46206,64,155511
13772,0.000362,172.31.40.0-255,66,46272,64,155511
13773,0.000387,74.125.24.0-255,110,46382,64,155511
13774,0.000499,74.125.24.0-255,1484,47866,64,155511
13775,0.000504,172.31.40.0-255,66,47932,64,155511
13776,0.00051,74.125.24.0-255,2902,50834,64,155511
13777,0.000513,172.31.40.0-255,66,50900,64,155511
13778,0.000516,74.125.24.0-255,1484,52384,64,155511
13779,0.000546,74.125.24.0-255,4320,56704,64,155511
13780,0.000549,172.31.40.0-255,66,56770,64,155511
13781,0.000559,172.31.40.0-255,66,56836,64,155511
13782,0.000589,74.125.24.0-255,5379,62215,64,155511
13783,0.000592,172.31.40.0-255,66,62281,64,155511
13784,0.000609,172.31.40.0-255,66,62347,64,155511
13785,0.000611,74.125.24.0-255,330,62677,64,155511
13786,0.000746,74.125.24.0-255,1484,64161,64,155511
13787,0.000751,172.31.40.0-255,66,64227,64,155511
13788,0.000755,74.125.24.0-255,1484,65711,64,155511
13789,0.000781,74.125.24.0-255,1484,67195,64,155511
13790,0.000787,74.125.24.0-255,5738,72933,64,155511
13791,0.00079,74.125.24.0-255,2902,75835,64,155511
13792,0.000794,172.31.40.0-255,66,75901,64,155511
13793,0.000802,172.31.40.0-255,66,75967,64,155511
13794,0.000805,172.31.40.0-255,66,76033,64,155511
13795,0.000816,172.31.40.0-255,66,76099,64,155511
13796,0.000864,172.31.40.0-255,66,76165,64,155511
13797,0.00126,74.125.24.0-255,1484,77649,64,155511
13798,0.001275,74.125.24.0-255,2902,80551,64,155511
13799,0.001278,172.31.40.0-255,66,80617,64,155511
13800,0.001307,74.125.24.0-255,5738,86355,64,155511
13801,0.00131,172.31.40.0-255,66,86421,64,155511
13802,0.001318,74.125.24.0-255,7156,93577,64,155511
13803,0.00132,172.31.40.0-255,66,93643,64,155511
13804,0.001342,74.125.24.0-255,5738,99381,64,155511
13805,0.001345,172.31.40.0-255,66,99447,64,155511
13806,0.001356,172.31.40.0-255,66,99513,64,155511
13807,0.001387,74.125.24.0-255,766,100279,64,155511
13808,0.001505,74.125.24.0-255,1484,101763,64,155511
13809,0.001508,74.125.24.0-255,1484,103247,64,155511
13810,0.001515,172.31.40.0-255,66,103313,64,155511
13811,0.001526,74.125.24.0-255,1484,104797,64,155511
13812,0.001532,172.31.40.0-255,66,104863,64,155511
13813,0.00154,74.125.24.0-255,5738,110601,64,155511
13814,0.001542,172.31.40.0-255,66,110667,64,155511
13815,0.001581,74.125.24.0-255,7156,117823,64,155511
13816,0.001584,172.31.40.0-255,66,117889,64,155511
13817,0.00159,74.125.24.0-255,5738,123627,64,155511
13818,0.001593,172.31.40.0-255,66,123693,64,155511
13819,0.001631,172.31.40.0-255,66,123759,64,155511
13820,0.001635,74.125.24.0-255,2184,125943,64,155511
13821,0.001637,172.31.40.0-255,66,126009,64,155511
13822,0.001748,74.125.24.0-255,1484,127493,64,155511
13823,0.001754,74.125.24.0-255,2902,130395,64,155511
13824,0.001758,172.31.40.0-255,66,130461,64,155511
13825,0.001786,74.125.24.0-255,5738,136199,64,155511
13826,0.001789,172.31.40.0-255,66,136265,64,155511
13827,0.001792,74.125.24.0-255,1484,137749,64,155511
13828,0.001826,172.31.40.0-255,66,137815,64,155511
13829,0.001858,74.125.24.0-255,5738,143553,64,155511
13830,0.001861,172.31.40.0-255,66,143619,64,155511
13831,0.001898,172.31.40.0-255,66,143685,64,155511
13832,0.001917,172.31.40.0-255,66,143751,64,155511
13833,0.001934,172.31.40.0-255,66,143817,64,155511
13834,0.001972,74.125.24.0-255,7156,150973,64,155511
13835,0.001975,172.31.40.0-255,66,151039,64,155511
13836,0.001997,172.31.40.0-255,66,151105,64,155511
13837,0.002014,172.31.40.0-255,66,151171,64,155511
13838,0.002026,172.31.40.0-255,66,151237,64,155511
13839,0.002131,172.31.40.0-255,66,151303,64,155511
13840,0.002164,74.125.24.0-255,3602,154905,64,155511
13841,0.002219,74.125.24.0-255,105,155010,64,155511
13842,0.002224,172.31.40.0-255,66,155076,64,155511
13843,0.002227,172.31.40.0-255,66,155142,64,155511
13844,0.00223,172.31.40.0-255,66,155208,64,155511
13845,0.002245,172.31.40.0-255,66,155274,64,155511
13846,0.011027,172.31.40.0-255,66,155340,64,155511
13847,0.011067,172.31.40.0-255,105,155445,64,155511
13848,0.013532,74.125.24.0-255,66,155511,64,155511
13849,0.0,172.217.194.0-255,146,146,64,174047
13850,2.1e-05,172.31.40.0-255,66,212,64,174047
13851,2.8e-05,172.217.194.0-255,1484,1696,64,174047
13852,3.3e-05,172.31.40.0-255,66,1762,64,174047
13853,3.9e-05,172.217.194.0-255,2902,4664,64,174047
13854,5e-05,172.31.40.0-255,66,4730,64,174047
13855,5.8e-05,172.217.194.0-255,7156,11886,64,174047
13856,6.2e-05,172.31.40.0-255,66,11952,64,174047
13857,6.6e-05,172.217.194.0-255,2065,14017,64,174047
13858,6.9e-05,172.31.40.0-255,66,14083,64,174047
13859,0.00011,172.217.194.0-255,1484,15567,64,174047
13860,0.000113,172.31.40.0-255,66,15633,64,174047
13861,0.000118,172.217.194.0-255,2902,18535,64,174047
13862,0.00012,172.31.40.0-255,66,18601,64,174047
13863,0.000131,172.217.194.0-255,5738,24339,64,174047
13864,0.000134,172.31.40.0-255,66,24405,64,174047
13865,0.000198,172.217.194.0-255,6797,31202,64,174047
13866,0.000201,172.31.40.0-255,66,31268,64,174047
13867,0.000209,172.217.194.0-255,7156,38424,64,174047
13868,0.000216,172.31.40.0-255,66,38490,64,174047
13869,0.000227,172.31.40.0-255,66,38556,64,174047
13870,0.000383,172.217.194.0-255,1484,40040,64,174047
13871,0.000387,172.31.40.0-255,66,40106,64,174047
13872,0.000393,172.217.194.0-255,2902,43008,64,174047
13873,0.000396,172.31.40.0-255,66,43074,64,174047
13874,0.000408,172.217.194.0-255,5738,48812,64,174047
13875,0.000411,172.31.40.0-255,66,48878,64,174047
13876,0.00046,172.217.194.0-255,7072,55950,64,174047
13877,0.000463,172.31.40.0-255,66,56016,64,174047
13878,0.000547,172.217.194.0-255,403,56419,64,174047
13879,0.00055,172.31.40.0-255,66,56485,64,174047
13880,0.00064,172.217.194.0-255,1484,57969,64,174047
13881,0.000656,172.217.194.0-255,2902,60871,64,174047
13882,0.000659,172.31.40.0-255,66,60937,64,174047
13883,0.000663,172.217.194.0-255,1484,62421,64,174047
13884,0.00069,172.217.194.0-255,4320,66741,64,174047
13885,0.000694,172.31.40.0-255,66,66807,64,174047
13886,0.000724,172.31.40.0-255,66,66873,64,174047
13887,0.000761,172.217.194.0-255,1484,68357,64,174047
13888,0.000793,172.31.40.0-255,66,68423,64,174047
13889,0.000979,172.217.194.0-255,1484,69907,64,174047
13890,0.000986,172.217.194.0-255,2902,72809,64,174047
13891,0.000989,172.31.40.0-255,66,72875,64,174047
13892,0.000992,172.217.194.0-255,1484,74359,64,174047
13893,0.00102,172.217.194.0-255,4320,78679,64,174047
13894,0.001023,172.31.40.0-255,66,78745,64,174047
13895,0.001038,172.31.40.0-255,66,78811,64,174047
13896,0.001063,172.217.194.0-255,2902,81713,64,174047
13897,0.001066,172.31.40.0-255,66,81779,64,174047
13898,0.001107,172.31.40.0-255,66,81845,64,174047
13899,0.002003,172.217.194.0-255,1484,83329,64,174047
13900,0.002012,172.217.194.0-255,2902,86231,64,174047
13901,0.002016,172.31.40.0-255,66,86297,64,174047
13902,0.002022,172.217.194.0-255,4320,90617,64,174047
13903,0.002024,172.31.40.0-255,66,90683,64,174047
13904,0.002048,172.217.194.0-255,1484,92167,64,174047
13905,0.002067,172.31.40.0-255,66,92233,64,174047
13906,0.002071,172.217.194.0-255,2902,95135,64,174047
13907,0.002073,172.31.40.0-255,66,95201,64,174047
13908,0.002118,172.31.40.0-255,66,95267,64,174047
13909,0.00422,172.217.194.0-255,5738,101005,64,174047
13910,0.004227,172.31.40.0-255,66,101071,64,174047
13911,0.006292,172.217.194.0-255,5738,106809,64,174047
13912,0.006296,172.31.40.0-255,66,106875,64,174047
13913,0.008368,172.217.194.0-255,5738,112613,64,174047
13914,0.008375,172.31.40.0-255,66,112679,64,174047
13915,0.010457,172.217.194.0-255,5738,118417,64,174047
13916,0.010464,172.31.40.0-255,66,118483,64,174047
13917,0.012573,172.217.194.0-255,5738,124221,64,174047
13918,0.012582,172.31.40.0-255,66,124287,64,174047
13919,0.01468,172.217.194.0-255,5738,130025,64,174047
13920,0.014688,172.31.40.0-255,66,130091,64,174047
13921,0.016806,172.217.194.0-255,5738,135829,64,174047
13922,0.016815,172.31.40.0-255,66,135895,64,174047
13923,0.018937,172.217.194.0-255,5738,141633,64,174047
13924,0.018946,172.31.40.0-255,66,141699,64,174047
13925,0.021037,172.217.194.0-255,5738,147437,64,174047
13926,0.021045,172.31.40.0-255,66,147503,64,174047
13927,0.023156,172.217.194.0-255,5738,153241,64,174047
13928,0.023164,172.31.40.0-255,66,153307,64,174047
13929,0.025258,172.217.194.0-255,5738,159045,64,174047
13930,0.025266,172.31.40.0-255,66,159111,64,174047
13931,0.026926,172.31.40.0-255,171,159282,64,174047
13932,0.026959,172.31.40.0-255,1132,160414,64,174047
13933,0.027019,172.31.40.0-255,1514,161928,64,174047
13934,0.027021,172.31.40.0-255,313,162241,64,174047
13935,0.027364,172.217.194.0-255,5738,167979,64,174047
13936,0.027371,172.31.40.0-255,66,168045,64,174047
13937,0.02849,104.244.42.0-255,66,168111,64,174047
13938,0.028526,104.244.42.0-255,66,168177,64,174047
13939,0.028573,104.244.42.0-255,66,168243,64,174047
13940,0.029466,172.217.194.0-255,5738,173981,64,174047
13941,0.029472,172.31.40.0-255,66,174047,64,174047
13942,0.0,74.125.24.0-255,153,153,64,195864
13943,1.9e-05,172.31.40.0-255,66,219,64,195864
13944,2.7e-05,74.125.24.0-255,1484,1703,64,195864
13945,3.2e-05,172.31.40.0-255,66,1769,64,195864
13946,3.8e-05,74.125.24.0-255,2902,4671,64,195864
13947,4.2e-05,172.31.40.0-255,66,4737,64,195864
13948,5.5e-05,74.125.24.0-255,4320,9057,64,195864
13949,5.9e-05,172.31.40.0-255,66,9123,64,195864
13950,7.6e-05,74.125.24.0-255,2902,12025,64,195864
13951,7.9e-05,172.31.40.0-255,66,12091,64,195864
13952,9.5e-05,172.31.40.0-255,66,12157,64,195864
13953,0.000142,172.31.40.0-255,66,12223,64,195864
13954,0.000185,74.125.24.0-255,1484,13707,64,195864
13955,0.000187,172.31.40.0-255,66,13773,64,195864
13956,0.000192,74.125.24.0-255,2902,16675,64,195864
13957,0.000194,172.31.40.0-255,66,16741,64,195864
13958,0.000205,74.125.24.0-255,5738,22479,64,195864
13959,0.000207,172.31.40.0-255,66,22545,64,195864
13960,0.000229,74.125.24.0-255,5738,28283,64,195864
13961,0.000232,172.31.40.0-255,66,28349,64,195864
13962,0.000265,74.125.24.0-255,1125,29474,64,195864
13963,0.000268,172.31.40.0-255,66,29540,64,195864
13964,0.000287,172.31.40.0-255,66,29606,64,195864
13965,0.00029,74.125.24.0-255,1484,31090,64,195864
13966,0.000292,172.31.40.0-255,66,31156,64,195864
13967,0.000323,74.125.24.0-255,1430,32586,64,195864
13968,0.000326,172.31.40.0-255,66,32652,64,195864
13969,0.000681,74.125.24.0-255,116,32768,64,195864
13970,0.000686,172.31.40.0-255,66,32834,64,195864
13971,0.000722,74.125.24.0-255,1484,34318,64,195864
13972,0.000728,74.125.24.0-255,2902,37220,64,195864
13973,0.000731,172.31.40.0-255,66,37286,64,195864
13974,0.000736,74.125.24.0-255,2902,40188,64,195864
13975,0.000738,172.31.40.0-255,66,40254,64,195864
13976,0.000773,74.125.24.0-255,4320,44574,64,195864
13977,0.000775,172.31.40.0-255,66,44640,64,195864
13978,0.000782,74.125.24.0-255,5379,50019,64,195864
13979,0.000784,172.31.40.0-255,66,50085,64,195864
13980,0.00087,74.125.24.0-255,1484,51569,64,195864
13981,0.000876,74.125.24.0-255,2902,54471,64,195864
13982,0.00088,172.31.40.0-255,66,54537,64,195864
13983,0.000885,74.125.24.0-255,2902,57439,64,195864
13984,0.000886,172.31.40.0-255,66,57505,64,195864
13985,0.000907,74.125.24.0-255,2902,60407,64,195864
13986,0.000914,172.31.40.0-255,66,60473,64,195864
13987,0.000947,74.125.24.0-255,6797,67270,64,195864
13988,0.00095,172.31.40.0-255,66,67336,64,195864
13989,0.001586,74.125.24.0-255,1484,68820,64,195864
13990,0.001594,74.125.24.0-255,2902,71722,64,195864
13991,0.001598,172.31.40.0-255,66,71788,64,195864
13992,0.001627,74.125.24.0-255,5738,77526,64,195864
13993,0.00163,172.31.40.0-255,66,77592,64,195864
13994,0.00166,74.125.24.0-255,7156,84748,64,195864
13995,0.001662,172.31.40.0-255,66,84814,64,195864
13996,0.001687,74.125.24.0-255,1484,86298,64,195864
13997,0.001699,172.31.40.0-255,66,86364,64,195864
13998,0.001705,74.125.24.0-255,4320,90684,64,195864
13999,0.001707,172.31.40.0-255,66,90750,64,195864
14000,0.001736,74.125.24.0-255,766,91516,64,195864
14001,0.001777,74.125.24.0-255,1484,93000,64,195864
14002,0.00178,172.31.40.0-255,66,93066,64,195864
14003,0.001784,74.125.24.0-255,2902,95968,64,195864
14004,0.001786,172.31.40.0-255,66,96034,64,195864
14005,0.001821,74.125.24.0-255,5738,101772,64,195864
14006,0.001824,172.31.40.0-255,66,101838,64,195864
14007,0.00183,74.125.24.0-255,5738,107576,64,195864
14008,0.001832,172.31.40.0-255,66,107642,64,195864
14009,0.00185,172.31.40.0-255,66,107708,64,195864
14010,0.001856,74.125.24.0-255,5020,112728,64,195864
14011,0.001861,172.31.40.0-255,66,112794,64,195864
14012,0.001883,74.125.24.0-255,2902,115696,64,195864
14013,0.001885,172.31.40.0-255,66,115762,64,195864
14014,0.001911,74.125.24.0-255,2902,118664,64,195864
14015,0.001914,172.31.40.0-255,66,118730,64,195864
14016,0.001927,172.31.40.0-255,66,118796,64,195864
14017,0.001951,74.125.24.0-255,5738,124534,64,195864
14018,0.001953,172.31.40.0-255,66,124600,64,195864
14019,0.002006,172.31.40.0-255,66,124666,64,195864
14020,0.002024,172.31.40.0-255,66,124732,64,195864
14021,0.002032,74.125.24.0-255,7156,131888,64,195864
14022,0.002035,172.31.40.0-255,66,131954,64,195864
14023,0.002078,172.31.40.0-255,66,132020,64,195864
14024,0.004421,74.125.24.0-255,5738,137758,64,195864
14025,0.004434,172.31.40.0-255,66,137824,64,195864
14026,0.006755,74.125.24.0-255,5738,143562,64,195864
14027,0.006764,172.31.40.0-255,66,143628,64,195864
14028,0.009134,74.125.24.0-255,5738,149366,64,195864
14029,0.009149,172.31.40.0-255,66,149432,64,195864
14030,0.011493,74.125.24.0-255,5738,155170,64,195864
14031,0.011512,172.31.40.0-255,66,155236,64,195864
14032,0.013868,74.125.24.0-255,5738,160974,64,195864
14033,0.013882,172.31.40.0-255,66,161040,64,195864
14034,0.016231,74.125.24.0-255,5738,166778,64,195864
14035,0.016244,172.31.40.0-255,66,166844,64,195864
14036,0.018615,74.125.24.0-255,5738,172582,64,195864
14037,0.018635,172.31.40.0-255,66,172648,64,195864
14038,0.020962,74.125.24.0-255,5738,178386,64,195864
14039,0.020977,172.31.40.0-255,66,178452,64,195864
14040,0.023326,74.125.24.0-255,5738,184190,64,195864
14041,0.023339,172.31.40.0-255,66,184256,64,195864
14042,0.025677,74.125.24.0-255,5738,189994,64,195864
14043,0.025695,172.31.40.0-255,66,190060,64,195864
14044,0.028032,74.125.24.0-255,5738,195798,64,195864
14045,0.028046,172.31.40.0-255,66,195864,64,195864
14046,0.0,74.125.130.0-255,156,156,64,199418
14047,2.7e-05,172.31.40.0-255,66,222,64,199418
14048,3.4e-05,74.125.130.0-255,1484,1706,64,199418
14049,4e-05,172.31.40.0-255,66,1772,64,199418
14050,4.4e-05,74.125.130.0-255,2902,4674,64,199418
14051,4.7e-05,172.31.40.0-255,66,4740,64,199418
14052,5.9e-05,74.125.130.0-255,5738,10478,64,199418
14053,6.2e-05,172.31.40.0-255,66,10544,64,199418
14054,9.4e-05,74.125.130.0-255,3484,14028,64,199418
14055,9.7e-05,172.31.40.0-255,66,14094,64,199418
14056,0.000336,74.125.130.0-255,1484,15578,64,199418
14057,0.000343,172.31.40.0-255,66,15644,64,199418
14058,0.000348,74.125.130.0-255,2902,18546,64,199418
14059,0.00035,172.31.40.0-255,66,18612,64,199418
14060,0.000381,74.125.130.0-255,4320,22932,64,199418
14061,0.000385,172.31.40.0-255,66,22998,64,199418
14062,0.000398,74.125.130.0-255,1484,24482,64,199418
14063,0.000405,172.31.40.0-255,66,24548,64,199418
14064,0.000412,74.125.130.0-255,6797,31345,64,199418
14065,0.000415,172.31.40.0-255,66,31411,64,199418
14066,0.000438,74.125.130.0-255,4320,35731,64,199418
14067,0.000442,172.31.40.0-255,66,35797,64,199418
14068,0.000445,74.125.130.0-255,1484,37281,64,199418
14069,0.000448,172.31.40.0-255,66,37347,64,199418
14070,0.000479,74.125.130.0-255,4320,41667,64,199418
14071,0.000483,172.31.40.0-255,66,41733,64,199418
14072,0.000495,172.31.40.0-255,66,41799,64,199418
14073,0.000539,74.125.130.0-255,2902,44701,64,199418
14074,0.000544,172.31.40.0-255,66,44767,64,199418
14075,0.000575,74.125.130.0-255,5738,50505,64,199418
14076,0.000578,172.31.40.0-255,66,50571,64,199418
14077,0.000584,74.125.130.0-255,3602,54173,64,199418
14078,0.000587,172.31.40.0-255,66,54239,64,199418
14079,0.000623,74.125.130.0-255,339,54578,64,199418
14080,0.000649,74.125.130.0-255,118,54696,64,199418
14081,0.000806,74.125.130.0-255,1484,56180,64,199418
14082,0.000809,172.31.40.0-255,66,56246,64,199418
14083,0.000815,74.125.130.0-255,2902,59148,64,199418
14084,0.000817,172.31.40.0-255,66,59214,64,199418
14085,0.000822,74.125.130.0-255,2902,62116,64,199418
14086,0.000824,172.31.40.0-255,66,62182,64,199418
14087,0.000862,74.125.130.0-255,2902,65084,64,199418
14088,0.000865,172.31.40.0-255,66,65150,64,199418
14089,0.000875,172.31.40.0-255,66,65216,64,199418
14090,0.000886,172.31.40.0-255,66,65282,64,199418
14091,0.00089,74.125.130.0-255,2902,68184,64,199418
14092,0.000893,172.31.40.0-255,66,68250,64,199418
14093,0.00092,74.125.130.0-255,2184,70434,64,199418
14094,0.000923,172.31.40.0-255,66,70500,64,199418
14095,0.000925,74.125.130.0-255,384,70884,64,199418
14096,0.001039,74.125.130.0-255,1484,72368,64,199418
14097,0.001043,172.31.40.0-255,66,72434,64,199418
14098,0.001065,74.125.130.0-255,2902,75336,64,199418
14099,0.001069,172.31.40.0-255,66,75402,64,199418
14100,0.001076,74.125.130.0-255,4320,79722,64,199418
14101,0.001079,172.31.40.0-255,66,79788,64,199418
14102,0.001102,74.125.130.0-255,1484,81272,64,199418
14103,0.001109,74.125.130.0-255,7156,88428,64,199418
14104,0.001112,172.31.40.0-255,66,88494,64,199418
14105,0.001122,172.31.40.0-255,66,88560,64,199418
14106,0.001156,172.31.40.0-255,66,88626,64,199418
14107,0.001361,74.125.130.0-255,1484,90110,64,199418
14108,0.001366,74.125.130.0-255,2902,93012,64,199418
14109,0.001369,172.31.40.0-255,66,93078,64,199418
14110,0.001373,74.125.130.0-255,1484,94562,64,199418
14111,0.001392,74.125.130.0-255,4320,98882,64,199418
14112,0.001395,172.31.40.0-255,66,98948,64,199418
14113,0.0014,74.125.130.0-255,4320,103268,64,199418
14114,0.001402,172.31.40.0-255,66,103334,64,199418
14115,0.00143,74.125.130.0-255,5738,109072,64,199418
14116,0.001434,172.31.40.0-255,66,109138,64,199418
14117,0.001474,74.125.130.0-255,5738,114876,64,199418
14118,0.001477,172.31.40.0-255,66,114942,64,199418
14119,0.001506,74.125.130.0-255,5738,120680,64,199418
14120,0.001509,172.31.40.0-255,66,120746,64,199418
14121,0.001513,74.125.130.0-255,2184,122930,64,199418
14122,0.001515,172.31.40.0-255,66,122996,64,199418
14123,0.001839,74.125.130.0-255,1484,124480,64,199418
14124,0.001849,74.125.130.0-255,2902,127382,64,199418
14125,0.001853,172.31.40.0-255,66,127448,64,199418
14126,0.001859,74.125.130.0-255,2902,130350,64,199418
14127,0.001861,172.31.40.0-255,66,130416,64,199418
14128,0.001892,74.125.130.0-255,2902,133318,64,199418
14129,0.001896,172.31.40.0-255,66,133384,64,199418
14130,0.00191,172.31.40.0-255,66,133450,64,199418
14131,0.00192,172.31.40.0-255,66,133516,64,199418
14132,0.001942,74.125.130.0-255,2184,135700,64,199418
14133,0.001945,172.31.40.0-255,66,135766,64,199418
14134,0.004525,74.125.130.0-255,2902,138668,64,199418
14135,0.004532,172.31.40.0-255,66,138734,64,199418
14136,0.004557,74.125.130.0-255,2902,141636,64,199418
14137,0.004559,172.31.40.0-255,66,141702,64,199418
14138,0.007156,74.125.130.0-255,2902,144604,64,199418
14139,0.007162,172.31.40.0-255,66,144670,64,199418
14140,0.0072,74.125.130.0-255,2902,147572,64,199418
14141,0.007203,172.31.40.0-255,66,147638,64,199418
14142,0.009782,74.125.130.0-255,2902,150540,64,199418
14143,0.009789,172.31.40.0-255,66,150606,64,199418
14144,0.009818,74.125.130.0-255,2902,153508,64,199418
14145,0.009821,172.31.40.0-255,66,153574,64,199418
14146,0.012395,74.125.130.0-255,2902,156476,64,199418
14147,0.012402,172.31.40.0-255,66,156542,64,199418
14148,0.012442,74.125.130.0-255,2902,159444,64,199418
14149,0.012445,172.31.40.0-255,66,159510,64,199418
14150,0.01502,74.125.130.0-255,2902,162412,64,199418
14151,0.015027,172.31.40.0-255,66,162478,64,199418
14152,0.015063,74.125.130.0-255,2902,165380,64,199418
14153,0.015067,172.31.40.0-255,66,165446,64,199418
14154,0.017647,74.125.130.0-255,2902,168348,64,199418
14155,0.017656,172.31.40.0-255,66,168414,64,199418
14156,0.017692,74.125.130.0-255,2902,171316,64,199418
14157,0.017696,172.31.40.0-255,66,171382,64,199418
14158,0.020269,74.125.130.0-255,2902,174284,64,199418
14159,0.020279,172.31.40.0-255,66,174350,64,199418
14160,0.020316,74.125.130.0-255,2902,177252,64,199418
14161,0.02032,172.31.40.0-255,66,177318,64,199418
14162,0.022904,74.125.130.0-255,2902,180220,64,199418
14163,0.022911,172.31.40.0-255,66,180286,64,199418
14164,0.022943,74.125.130.0-255,2902,183188,64,199418
14165,0.022951,172.31.40.0-255,66,183254,64,199418
14166,0.025343,172.31.40.0-255,172,183426,64,199418
14167,0.025376,172.31.40.0-255,1112,184538,64,199418
14168,0.025415,172.31.40.0-255,1514,186052,64,199418
14169,0.025416,172.31.40.0-255,1296,187348,64,199418
14170,0.025535,74.125.130.0-255,2902,190250,64,199418
14171,0.025545,172.31.40.0-255,66,190316,64,199418
14172,0.025578,74.125.130.0-255,2902,193218,64,199418
14173,0.025582,172.31.40.0-255,66,193284,64,199418
14174,0.026926,104.244.42.0-255,66,193350,64,199418
14175,0.02695,104.244.42.0-255,66,193416,64,199418
14176,0.026993,104.244.42.0-255,66,193482,64,199418
14177,0.028164,74.125.130.0-255,2902,196384,64,199418
14178,0.028179,172.31.40.0-255,66,196450,64,199418
14179,0.02821,74.125.130.0-255,2902,199352,64,199418
14180,0.028215,172.31.40.0-255,66,199418,64,199418
14181,0.0,172.253.118.0-255,146,146,64,153691
14182,2.3e-05,172.31.40.0-255,66,212,64,153691
14183,3e-05,172.253.118.0-255,1484,1696,64,153691
14184,3.5e-05,172.31.40.0-255,66,1762,64,153691
14185,4.1e-05,172.253.118.0-255,2902,4664,64,153691
14186,4.5e-05,172.31.40.0-255,66,4730,64,153691
14187,5.2e-05,172.253.118.0-255,5738,10468,64,153691
14188,5.5e-05,172.31.40.0-255,66,10534,64,153691
14189,8e-05,172.253.118.0-255,3494,14028,64,153691
14190,8.2e-05,172.31.40.0-255,66,14094,64,153691
14191,8.9e-05,172.253.118.0-255,4320,18414,64,153691
14192,9.1e-05,172.31.40.0-255,66,18480,64,153691
14193,0.000121,172.31.40.0-255,66,18546,64,153691
14194,0.000128,172.253.118.0-255,7156,25702,64,153691
14195,0.000131,172.31.40.0-255,66,25768,64,153691
14196,0.000188,172.31.40.0-255,66,25834,64,153691
14197,0.000208,172.253.118.0-255,3602,29436,64,153691
14198,0.00021,172.31.40.0-255,66,29502,64,153691
14199,0.000236,172.31.40.0-255,66,29568,64,153691
14200,0.000296,172.253.118.0-255,2902,32470,64,153691
14201,0.000299,172.31.40.0-255,66,32536,64,153691
14202,0.000321,172.253.118.0-255,5686,38222,64,153691
14203,0.000324,172.31.40.0-255,66,38288,64,153691
14204,0.000333,172.31.40.0-255,66,38354,64,153691
14205,0.000357,172.253.118.0-255,7156,45510,64,153691
14206,0.00036,172.31.40.0-255,66,45576,64,153691
14207,0.000375,172.253.118.0-255,827,46403,64,153691
14208,0.000377,172.31.40.0-255,66,46469,64,153691
14209,0.000424,172.253.118.0-255,1484,47953,64,153691
14210,0.000429,172.253.118.0-255,2902,50855,64,153691
14211,0.000432,172.31.40.0-255,66,50921,64,153691
14212,0.000453,172.253.118.0-255,4320,55241,64,153691
14213,0.000456,172.31.40.0-255,66,55307,64,153691
14214,0.000473,172.253.118.0-255,1484,56791,64,153691
14215,0.000478,172.253.118.0-255,4320,61111,64,153691
14216,0.000481,172.31.40.0-255,66,61177,64,153691
14217,0.000504,172.253.118.0-255,6797,67974,64,153691
14218,0.000506,172.31.40.0-255,66,68040,64,153691
14219,0.000519,172.31.40.0-255,66,68106,64,153691
14220,0.000521,172.253.118.0-255,1125,69231,64,153691
14221,0.001271,172.31.40.0-255,66,69297,64,153691
14222,0.002239,172.253.118.0-255,1484,70781,64,153691
14223,0.002249,172.253.118.0-255,2902,73683,64,153691
14224,0.002253,172.31.40.0-255,66,73749,64,153691
14225,0.00226,172.253.118.0-255,5738,79487,64,153691
14226,0.002262,172.31.40.0-255,66,79553,64,153691
14227,0.002281,172.253.118.0-255,1484,81037,64,153691
14228,0.002305,172.31.40.0-255,66,81103,64,153691
14229,0.004561,172.253.118.0-255,5738,86841,64,153691
14230,0.004565,172.31.40.0-255,66,86907,64,153691
14231,0.006795,172.253.118.0-255,5738,92645,64,153691
14232,0.006802,172.31.40.0-255,66,92711,64,153691
14233,0.009033,172.253.118.0-255,5738,98449,64,153691
14234,0.009042,172.31.40.0-255,66,98515,64,153691
14235,0.011301,172.253.118.0-255,5738,104253,64,153691
14236,0.01131,172.31.40.0-255,66,104319,64,153691
14237,0.013571,172.253.118.0-255,5738,110057,64,153691
14238,0.013583,172.31.40.0-255,66,110123,64,153691
14239,0.015833,172.253.118.0-255,5738,115861,64,153691
14240,0.015841,172.31.40.0-255,66,115927,64,153691
14241,0.018104,172.253.118.0-255,5738,121665,64,153691
14242,0.018111,172.31.40.0-255,66,121731,64,153691
14243,0.020349,172.253.118.0-255,4320,126051,64,153691
14244,0.020357,172.31.40.0-255,66,126117,64,153691
14245,0.020377,172.253.118.0-255,1484,127601,64,153691
14246,0.022617,172.253.118.0-255,4320,131921,64,153691
14247,0.022625,172.31.40.0-255,66,131987,64,153691
14248,0.024867,172.253.118.0-255,5738,137725,64,153691
14249,0.024873,172.31.40.0-255,66,137791,64,153691
14250,0.026032,172.31.40.0-255,172,137963,64,153691
14251,0.026065,172.31.40.0-255,1112,139075,64,153691
14252,0.026125,172.31.40.0-255,1514,140589,64,153691
14253,0.026127,172.31.40.0-255,1296,141885,64,153691
14254,0.027125,172.253.118.0-255,5738,147623,64,153691
14255,0.027132,172.31.40.0-255,66,147689,64,153691
14256,0.027558,104.244.42.0-255,66,147755,64,153691
14257,0.027603,104.244.42.0-255,66,147821,64,153691
14258,0.02771,104.244.42.0-255,66,147887,64,153691
14259,0.029396,172.253.118.0-255,5738,153625,64,153691
14260,0.029403,172.31.40.0-255,66,153691,64,153691
14261,0.0,74.125.24.0-255,152,152,64,181632
14262,2.5e-05,172.31.40.0-255,66,218,64,181632
14263,3.3e-05,74.125.24.0-255,1484,1702,64,181632
14264,3.7e-05,172.31.40.0-255,66,1768,64,181632
14265,4.2e-05,74.125.24.0-255,2902,4670,64,181632
14266,4.4e-05,172.31.40.0-255,66,4736,64,181632
14267,5.8e-05,74.125.24.0-255,7156,11892,64,181632
14268,6e-05,172.31.40.0-255,66,11958,64,181632
14269,7.1e-05,172.31.40.0-255,66,12024,64,181632
14270,8.9e-05,74.125.24.0-255,610,12634,64,181632
14271,9.2e-05,172.31.40.0-255,66,12700,64,181632
14272,0.000107,172.31.40.0-255,66,12766,64,181632
14273,0.000192,74.125.24.0-255,1484,14250,64,181632
14274,0.000195,172.31.40.0-255,66,14316,64,181632
14275,0.000222,74.125.24.0-255,2902,17218,64,181632
14276,0.000224,172.31.40.0-255,66,17284,64,181632
14277,0.000229,74.125.24.0-255,5738,23022,64,181632
14278,0.000232,172.31.40.0-255,66,23088,64,181632
14279,0.000266,74.125.24.0-255,1484,24572,64,181632
14280,0.000268,172.31.40.0-255,66,24638,64,181632
14281,0.000301,172.31.40.0-255,66,24704,64,181632
14282,0.000312,172.31.40.0-255,66,24770,64,181632
14283,0.00032,74.125.24.0-255,4275,29045,64,181632
14284,0.000322,172.31.40.0-255,66,29111,64,181632
14285,0.000345,74.125.24.0-255,109,29220,64,181632
14286,0.000347,172.31.40.0-255,66,29286,64,181632
14287,0.000552,74.125.24.0-255,330,29616,64,181632
14288,0.000557,172.31.40.0-255,66,29682,64,181632
14289,0.000728,74.125.24.0-255,1484,31166,64,181632
14290,0.000733,74.125.24.0-255,1484,32650,64,181632
14291,0.000735,172.31.40.0-255,66,32716,64,181632
14292,0.000757,74.125.24.0-255,1484,34200,64,181632
14293,0.000764,74.125.24.0-255,5738,39938,64,181632
14294,0.000766,172.31.40.0-255,66,40004,64,181632
14295,0.000793,74.125.24.0-255,2902,42906,64,181632
14296,0.000795,172.31.40.0-255,66,42972,64,181632
14297,0.000818,74.125.24.0-255,4320,47292,64,181632
14298,0.000852,172.31.40.0-255,66,47358,64,181632
14299,0.000859,172.31.40.0-255,66,47424,64,181632
14300,0.000867,74.125.24.0-255,4320,51744,64,181632
14301,0.00087,172.31.40.0-255,66,51810,64,181632
14302,0.000874,74.125.24.0-255,2184,53994,64,181632
14303,0.000876,172.31.40.0-255,66,54060,64,181632
14304,0.000906,74.125.24.0-255,1484,55544,64,181632
14305,0.00091,74.125.24.0-255,2902,58446,64,181632
14306,0.000913,172.31.40.0-255,66,58512,64,181632
14307,0.000916,74.125.24.0-255,1484,59996,64,181632
14308,0.000942,74.125.24.0-255,2902,62898,64,181632
14309,0.000945,172.31.40.0-255,66,62964,64,181632
14310,0.000953,172.31.40.0-255,66,63030,64,181632
14311,0.000988,74.125.24.0-255,5738,68768,64,181632
14312,0.000991,172.31.40.0-255,66,68834,64,181632
14313,0.001011,74.125.24.0-255,7156,75990,64,181632
14314,0.001014,172.31.40.0-255,66,76056,64,181632
14315,0.00104,74.125.24.0-255,3602,79658,64,181632
14316,0.001042,172.31.40.0-255,66,79724,64,181632
14317,0.001045,74.125.24.0-255,1484,81208,64,181632
14318,0.001049,74.125.24.0-255,2902,84110,64,181632
14319,0.001051,172.31.40.0-255,66,84176,64,181632
14320,0.001055,74.125.24.0-255,2902,87078,64,181632
14321,0.001061,172.31.40.0-255,66,87144,64,181632
14322,0.001092,74.125.24.0-255,2902,90046,64,181632
14323,0.001095,172.31.40.0-255,66,90112,64,181632
14324,0.001107,172.31.40.0-255,66,90178,64,181632
14325,0.00113,74.125.24.0-255,5738,95916,64,181632
14326,0.001134,172.31.40.0-255,66,95982,64,181632
14327,0.001163,172.31.40.0-255,66,96048,64,181632
14328,0.001185,74.125.24.0-255,1484,97532,64,181632
14329,0.001187,74.125.24.0-255,1484,99016,64,181632
14330,0.001189,172.31.40.0-255,66,99082,64,181632
14331,0.001214,74.125.24.0-255,1484,100566,64,181632
14332,0.00122,74.125.24.0-255,5738,106304,64,181632
14333,0.001222,74.125.24.0-255,1484,107788,64,181632
14334,0.001225,172.31.40.0-255,66,107854,64,181632
14335,0.001252,172.31.40.0-255,66,107920,64,181632
14336,0.001255,74.125.24.0-255,1484,109404,64,181632
14337,0.001291,172.31.40.0-255,66,109470,64,181632
14338,0.001322,74.125.24.0-255,5020,114490,64,181632
14339,0.001337,172.31.40.0-255,66,114556,64,181632
14340,0.00134,172.31.40.0-255,66,114622,64,181632
14341,0.001367,74.125.24.0-255,5738,120360,64,181632
14342,0.00137,172.31.40.0-255,66,120426,64,181632
14343,0.001413,172.31.40.0-255,66,120492,64,181632
14344,0.001432,172.31.40.0-255,66,120558,64,181632
14345,0.001456,74.125.24.0-255,2902,123460,64,181632
14346,0.00147,172.31.40.0-255,66,123526,64,181632
14347,0.001473,172.31.40.0-255,66,123592,64,181632
14348,0.004067,74.125.24.0-255,5738,129330,64,181632
14349,0.004074,172.31.40.0-255,66,129396,64,181632
14350,0.006653,74.125.24.0-255,5738,135134,64,181632
14351,0.006656,172.31.40.0-255,66,135200,64,181632
14352,0.009251,74.125.24.0-255,5738,140938,64,181632
14353,0.009259,172.31.40.0-255,66,141004,64,181632
14354,0.01184,74.125.24.0-255,5738,146742,64,181632
14355,0.011849,172.31.40.0-255,66,146808,64,181632
14356,0.014436,74.125.24.0-255,5738,152546,64,181632
14357,0.014445,172.31.40.0-255,66,152612,64,181632
14358,0.017059,74.125.24.0-255,5738,158350,64,181632
14359,0.017073,172.31.40.0-255,66,158416,64,181632
14360,0.019662,74.125.24.0-255,5738,164154,64,181632
14361,0.01968,172.31.40.0-255,66,164220,64,181632
14362,0.022262,74.125.24.0-255,5738,169958,64,181632
14363,0.02227,172.31.40.0-255,66,170024,64,181632
14364,0.024853,74.125.24.0-255,5738,175762,64,181632
14365,0.02486,172.31.40.0-255,66,175828,64,181632
14366,0.027444,74.125.24.0-255,5738,181566,64,181632
14367,0.027459,172.31.40.0-255,66,181632,64,181632
14368,0.0,172.217.194.0-255,152,152,64,195843
14369,2.3e-05,172.31.40.0-255,66,218,64,195843
14370,3e-05,172.217.194.0-255,1484,1702,64,195843
14371,3.5e-05,172.31.40.0-255,66,1768,64,195843
14372,4e-05,172.217.194.0-255,2902,4670,64,195843
14373,4.4e-05,172.31.40.0-255,66,4736,64,195843
14374,5.2e-05,172.217.194.0-255,7156,11892,64,195843
14375,5.4e-05,172.31.40.0-255,66,11958,64,195843
14376,5.8e-05,172.217.194.0-255,2071,14029,64,195843
14377,6.2e-05,172.31.40.0-255,66,14095,64,195843
14378,8.3e-05,172.217.194.0-255,4320,18415,64,195843
14379,8.7e-05,172.31.40.0-255,66,18481,64,195843
14380,0.000116,172.217.194.0-255,7156,25637,64,195843
14381,0.000119,172.31.40.0-255,66,25703,64,195843
14382,0.000125,172.217.194.0-255,5379,31082,64,195843
14383,0.000127,172.31.40.0-255,66,31148,64,195843
14384,0.000277,172.217.194.0-255,1484,32632,64,195843
14385,0.000282,172.31.40.0-255,66,32698,64,195843
14386,0.000287,172.217.194.0-255,2902,35600,64,195843
14387,0.000289,172.31.40.0-255,66,35666,64,195843
14388,0.000293,172.217.194.0-255,1484,37150,64,195843
14389,0.000294,172.31.40.0-255,66,37216,64,195843
14390,0.000319,172.217.194.0-255,4320,41536,64,195843
14391,0.000322,172.31.40.0-255,66,41602,64,195843
14392,0.000325,172.217.194.0-255,1484,43086,64,195843
14393,0.000327,172.31.40.0-255,66,43152,64,195843
14394,0.000338,172.31.40.0-255,66,43218,64,195843
14395,0.000351,172.217.194.0-255,1125,44343,64,195843
14396,0.000353,172.31.40.0-255,66,44409,64,195843
14397,0.000356,172.217.194.0-255,1484,45893,64,195843
14398,0.000359,172.31.40.0-255,66,45959,64,195843
14399,0.000394,172.31.40.0-255,66,46025,64,195843
14400,0.000397,172.217.194.0-255,120,46145,64,195843
14401,0.000445,172.217.194.0-255,1484,47629,64,195843
14402,0.000447,172.31.40.0-255,66,47695,64,195843
14403,0.000453,172.217.194.0-255,2902,50597,64,195843
14404,0.000456,172.31.40.0-255,66,50663,64,195843
14405,0.000463,172.217.194.0-255,7156,57819,64,195843
14406,0.000466,172.31.40.0-255,66,57885,64,195843
14407,0.000469,172.217.194.0-255,1484,59369,64,195843
14408,0.000472,172.217.194.0-255,1484,60853,64,195843
14409,0.000474,172.31.40.0-255,66,60919,64,195843
14410,0.000505,172.31.40.0-255,66,60985,64,195843
14411,0.00051,172.217.194.0-255,2902,63887,64,195843
14412,0.000512,172.31.40.0-255,66,63953,64,195843
14413,0.000547,172.31.40.0-255,66,64019,64,195843
14414,0.000587,172.217.194.0-255,1484,65503,64,195843
14415,0.00059,172.217.194.0-255,1484,66987,64,195843
14416,0.000592,172.31.40.0-255,66,67053,64,195843
14417,0.000611,172.217.194.0-255,1484,68537,64,195843
14418,0.000614,172.217.194.0-255,2902,71439,64,195843
14419,0.000616,172.31.40.0-255,66,71505,64,195843
14420,0.00062,172.217.194.0-255,2902,74407,64,195843
14421,0.000622,172.31.40.0-255,66,74473,64,195843
14422,0.000636,172.217.194.0-255,1484,75957,64,195843
14423,0.000643,172.217.194.0-255,5738,81695,64,195843
14424,0.000645,172.31.40.0-255,66,81761,64,195843
14425,0.00066,172.217.194.0-255,2902,84663,64,195843
14426,0.000662,172.31.40.0-255,66,84729,64,195843
14427,0.000708,172.31.40.0-255,66,84795,64,195843
14428,0.000737,172.217.194.0-255,3602,88397,64,195843
14429,0.000739,172.31.40.0-255,66,88463,64,195843
14430,0.000752,172.31.40.0-255,66,88529,64,195843
14431,0.000763,172.31.40.0-255,66,88595,64,195843
14432,0.0008,172.31.40.0-255,66,88661,64,195843
14433,0.000831,172.217.194.0-255,4320,92981,64,195843
14434,0.000861,172.217.194.0-255,6438,99419,64,195843
14435,0.000908,172.217.194.0-255,2902,102321,64,195843
14436,0.000912,172.217.194.0-255,4320,106641,64,195843
14437,0.000936,172.217.194.0-255,5738,112379,64,195843
14438,0.000957,172.217.194.0-255,766,113145,64,195843
14439,0.001049,172.217.194.0-255,1484,114629,64,195843
14440,0.001055,172.217.194.0-255,2902,117531,64,195843
14441,0.001075,172.217.194.0-255,1484,119015,64,195843
14442,0.001094,172.217.194.0-255,4320,123335,64,195843
14443,0.001114,172.217.194.0-255,5738,129073,64,195843
14444,0.001154,172.217.194.0-255,3602,132675,64,195843
14445,0.001188,172.217.194.0-255,4320,136995,64,195843
14446,0.001277,172.217.194.0-255,1484,138479,64,195843
14447,0.001297,172.217.194.0-255,2902,141381,64,195843
14448,0.001301,172.217.194.0-255,2902,144283,64,195843
14449,0.001318,172.217.194.0-255,2902,147185,64,195843
14450,0.001338,172.217.194.0-255,2902,150087,64,195843
14451,0.001386,172.217.194.0-255,5738,155825,64,195843
14452,0.0014,172.217.194.0-255,5020,160845,64,195843
14453,0.001629,172.217.194.0-255,1484,162329,64,195843
14454,0.001634,172.31.40.0-255,66,162395,64,195843
14455,0.001651,172.217.194.0-255,2902,165297,64,195843
14456,0.001654,172.217.194.0-255,1484,166781,64,195843
14457,0.001666,172.217.194.0-255,4320,171101,64,195843
14458,0.001681,172.217.194.0-255,1484,172585,64,195843
14459,0.001695,172.217.194.0-255,4320,176905,64,195843
14460,0.001711,172.217.194.0-255,4320,181225,64,195843
14461,0.001741,172.217.194.0-255,4320,185545,64,195843
14462,0.00177,172.217.194.0-255,2902,188447,64,195843
14463,0.001874,172.217.194.0-255,7054,195501,64,195843
14464,0.001876,172.217.194.0-255,105,195606,64,195843
14465,0.001982,172.31.40.0-255,66,195672,64,195843
14466,0.004784,172.31.40.0-255,105,195777,64,195843
14467,0.007019,172.217.194.0-255,66,195843,64,195843
14468,0.0,74.125.68.0-255,153,153,64,272518
14469,1.9e-05,172.31.40.0-255,66,219,64,272518
14470,2.6e-05,74.125.68.0-255,1484,1703,64,272518
14471,3e-05,172.31.40.0-255,66,1769,64,272518
14472,3.5e-05,74.125.68.0-255,2902,4671,64,272518
14473,3.8e-05,172.31.40.0-255,66,4737,64,272518
14474,4.1e-05,74.125.68.0-255,1484,6221,64,272518
14475,4.3e-05,172.31.40.0-255,66,6287,64,272518
14476,7.3e-05,74.125.68.0-255,5738,12025,64,272518
14477,7.6e-05,172.31.40.0-255,66,12091,64,272518
14478,9.4e-05,74.125.68.0-255,5738,17829,64,272518
14479,9.6e-05,172.31.40.0-255,66,17895,64,272518
14480,0.000116,74.125.68.0-255,3531,21426,64,272518
14481,0.000118,172.31.40.0-255,66,21492,64,272518
14482,0.000128,172.31.40.0-255,66,21558,64,272518
14483,0.000232,74.125.68.0-255,1484,23042,64,272518
14484,0.000236,172.31.40.0-255,66,23108,64,272518
14485,0.00024,74.125.68.0-255,1484,24592,64,272518
14486,0.000242,172.31.40.0-255,66,24658,64,272518
14487,0.000246,74.125.68.0-255,2902,27560,64,272518
14488,0.000248,172.31.40.0-255,66,27626,64,272518
14489,0.000266,74.125.68.0-255,2902,30528,64,272518
14490,0.000268,172.31.40.0-255,66,30594,64,272518
14491,0.000279,74.125.68.0-255,2902,33496,64,272518
14492,0.000281,172.31.40.0-255,66,33562,64,272518
14493,0.000293,74.125.68.0-255,2902,36464,64,272518
14494,0.000295,172.31.40.0-255,66,36530,64,272518
14495,0.000312,74.125.68.0-255,3961,40491,64,272518
14496,0.000314,172.31.40.0-255,66,40557,64,272518
14497,0.000321,74.125.68.0-255,7156,47713,64,272518
14498,0.000323,172.31.40.0-255,66,47779,64,272518
14499,0.000345,74.125.68.0-255,2902,50681,64,272518
14500,0.000347,172.31.40.0-255,66,50747,64,272518
14501,0.000367,74.125.68.0-255,5646,56393,64,272518
14502,0.000369,172.31.40.0-255,66,56459,64,272518
14503,0.000371,74.125.68.0-255,134,56593,64,272518
14504,0.000455,74.125.68.0-255,1484,58077,64,272518
14505,0.000459,74.125.68.0-255,2902,60979,64,272518
14506,0.000463,172.31.40.0-255,66,61045,64,272518
14507,0.000471,172.31.40.0-255,66,61111,64,272518
14508,0.000475,74.125.68.0-255,2902,64013,64,272518
14509,0.000477,172.31.40.0-255,66,64079,64,272518
14510,0.000493,74.125.68.0-255,2902,66981,64,272518
14511,0.000496,172.31.40.0-255,66,67047,64,272518
14512,0.000501,74.125.68.0-255,5738,72785,64,272518
14513,0.000503,172.31.40.0-255,66,72851,64,272518
14514,0.000526,74.125.68.0-255,5738,78589,64,272518
14515,0.000529,172.31.40.0-255,66,78655,64,272518
14516,0.000543,74.125.68.0-255,1484,80139,64,272518
14517,0.000549,74.125.68.0-255,4320,84459,64,272518
14518,0.000551,172.31.40.0-255,66,84525,64,272518
14519,0.000572,74.125.68.0-255,2902,87427,64,272518
14520,0.000574,172.31.40.0-255,66,87493,64,272518
14521,0.000608,74.125.68.0-255,3602,91095,64,272518
14522,0.000611,172.31.40.0-255,66,91161,64,272518
14523,0.000693,74.125.68.0-255,1484,92645,64,272518
14524,0.000708,74.125.68.0-255,2902,95547,64,272518
14525,0.000711,172.31.40.0-255,66,95613,64,272518
14526,0.000735,74.125.68.0-255,5738,101351,64,272518
14527,0.000737,172.31.40.0-255,66,101417,64,272518
14528,0.000751,74.125.68.0-255,2902,104319,64,272518
14529,0.000753,172.31.40.0-255,66,104385,64,272518
14530,0.000771,74.125.68.0-255,4320,108705,64,272518
14531,0.000773,172.31.40.0-255,66,108771,64,272518
14532,0.000777,74.125.68.0-255,4320,113091,64,272518
14533,0.000779,172.31.40.0-255,66,113157,64,272518
14534,0.000808,74.125.68.0-255,4320,117477,64,272518
14535,0.000811,172.31.40.0-255,66,117543,64,272518
14536,0.000817,74.125.68.0-255,7156,124699,64,272518
14537,0.000819,172.31.40.0-255,66,124765,64,272518
14538,0.000836,74.125.68.0-255,766,125531,64,272518
14539,0.000884,74.125.68.0-255,1484,127015,64,272518
14540,0.000886,172.31.40.0-255,66,127081,64,272518
14541,0.000891,74.125.68.0-255,4320,131401,64,272518
14542,0.000893,172.31.40.0-255,66,131467,64,272518
14543,0.000897,74.125.68.0-255,2902,134369,64,272518
14544,0.000899,172.31.40.0-255,66,134435,64,272518
14545,0.000925,74.125.68.0-255,4320,138755,64,272518
14546,0.000928,172.31.40.0-255,66,138821,64,272518
14547,0.000942,74.125.68.0-255,2902,141723,64,272518
14548,0.000944,172.31.40.0-255,66,141789,64,272518
14549,0.000976,74.125.68.0-255,5738,147527,64,272518
14550,0.000978,74.125.68.0-255,1484,149011,64,272518
14551,0.000982,172.31.40.0-255,66,149077,64,272518
14552,0.001021,172.31.40.0-255,66,149143,64,272518
14553,0.001038,74.125.68.0-255,2184,151327,64,272518
14554,0.001041,172.31.40.0-255,66,151393,64,272518
14555,0.001081,74.125.68.0-255,352,151745,64,272518
14556,0.001175,74.125.68.0-255,1484,153229,64,272518
14557,0.001178,172.31.40.0-255,66,153295,64,272518
14558,0.001183,74.125.68.0-255,2902,156197,64,272518
14559,0.001185,172.31.40.0-255,66,156263,64,272518
14560,0.001207,74.125.68.0-255,5738,162001,64,272518
14561,0.001209,172.31.40.0-255,66,162067,64,272518
14562,0.00123,74.125.68.0-255,7156,169223,64,272518
14563,0.001233,172.31.40.0-255,66,169289,64,272518
14564,0.00126,74.125.68.0-255,4320,173609,64,272518
14565,0.001262,172.31.40.0-255,66,173675,64,272518
14566,0.001292,172.31.40.0-255,66,173741,64,272518
14567,0.001307,74.125.68.0-255,2184,175925,64,272518
14568,0.00131,172.31.40.0-255,66,175991,64,272518
14569,0.002027,74.125.68.0-255,1484,177475,64,272518
14570,0.002032,74.125.68.0-255,1484,178959,64,272518
14571,0.002036,172.31.40.0-255,66,179025,64,272518
14572,0.002042,74.125.68.0-255,2902,181927,64,272518
14573,0.002044,172.31.40.0-255,66,181993,64,272518
14574,0.002051,74.125.68.0-255,5738,187731,64,272518
14575,0.002053,172.31.40.0-255,66,187797,64,272518
14576,0.002079,74.125.68.0-255,7156,194953,64,272518
14577,0.002082,172.31.40.0-255,66,195019,64,272518
14578,0.002103,74.125.68.0-255,2902,197921,64,272518
14579,0.002106,172.31.40.0-255,66,197987,64,272518
14580,0.00413,74.125.68.0-255,2902,200889,64,272518
14581,0.004137,172.31.40.0-255,66,200955,64,272518
14582,0.00416,74.125.68.0-255,2902,203857,64,272518
14583,0.004163,172.31.40.0-255,66,203923,64,272518
14584,0.006206,74.125.68.0-255,2902,206825,64,272518
14585,0.006211,172.31.40.0-255,66,206891,64,272518
14586,0.00623,74.125.68.0-255,2902,209793,64,272518
14587,0.006232,172.31.40.0-255,66,209859,64,272518
14588,0.00827,74.125.68.0-255,5738,215597,64,272518
14589,0.008273,172.31.40.0-255,66,215663,64,272518
14590,0.010332,74.125.68.0-255,4320,219983,64,272518
14591,0.010339,172.31.40.0-255,66,220049,64,272518
14592,0.010357,74.125.68.0-255,1484,221533,64,272518
14593,0.012418,74.125.68.0-255,4320,225853,64,272518
14594,0.012426,172.31.40.0-255,66,225919,64,272518
14595,0.014489,74.125.68.0-255,5738,231657,64,272518
14596,0.014498,172.31.40.0-255,66,231723,64,272518
14597,0.016568,74.125.68.0-255,5738,237461,64,272518
14598,0.016582,172.31.40.0-255,66,237527,64,272518
14599,0.018653,74.125.68.0-255,5738,243265,64,272518
14600,0.018669,172.31.40.0-255,66,243331,64,272518
14601,0.020773,74.125.68.0-255,5738,249069,64,272518
14602,0.020787,172.31.40.0-255,66,249135,64,272518
14603,0.02288,74.125.68.0-255,5738,254873,64,272518
14604,0.022895,172.31.40.0-255,66,254939,64,272518
14605,0.024975,74.125.68.0-255,5738,260677,64,272518
14606,0.024988,172.31.40.0-255,66,260743,64,272518
14607,0.027073,74.125.68.0-255,5738,266481,64,272518
14608,0.027087,172.31.40.0-255,66,266547,64,272518
14609,0.027214,172.31.40.0-255,101,266648,64,272518
14610,0.029161,74.125.68.0-255,5738,272386,64,272518
14611,0.029172,172.31.40.0-255,66,272452,64,272518
14612,0.029233,74.125.68.0-255,66,272518,64,272518
14613,0.0,74.125.24.0-255,290,290,64,123478
14614,2.4e-05,172.31.40.0-255,66,356,64,123478
14615,3.1e-05,74.125.24.0-255,1484,1840,64,123478
14616,3.6e-05,172.31.40.0-255,66,1906,64,123478
14617,5e-05,74.125.24.0-255,4320,6226,64,123478
14618,5.4e-05,172.31.40.0-255,66,6292,64,123478
14619,6.7e-05,172.31.40.0-255,66,6358,64,123478
14620,7.2e-05,74.125.24.0-255,4320,10678,64,123478
14621,7.5e-05,172.31.40.0-255,66,10744,64,123478
14622,0.000129,172.31.40.0-255,66,10810,64,123478
14623,0.000218,74.125.24.0-255,1484,12294,64,123478
14624,0.000221,172.31.40.0-255,66,12360,64,123478
14625,0.000239,74.125.24.0-255,2902,15262,64,123478
14626,0.000242,172.31.40.0-255,66,15328,64,123478
14627,0.000271,74.125.24.0-255,5738,21066,64,123478
14628,0.000274,172.31.40.0-255,66,21132,64,123478
14629,0.000278,74.125.24.0-255,2902,24034,64,123478
14630,0.00028,172.31.40.0-255,66,24100,64,123478
14631,0.000314,172.31.40.0-255,66,24166,64,123478
14632,0.000322,74.125.24.0-255,7156,31322,64,123478
14633,0.000324,172.31.40.0-255,66,31388,64,123478
14634,0.000366,74.125.24.0-255,2854,34242,64,123478
14635,0.000368,172.31.40.0-255,66,34308,64,123478
14636,0.000393,74.125.24.0-255,110,34418,64,123478
14637,0.000395,172.31.40.0-255,66,34484,64,123478
14638,0.000492,74.125.24.0-255,1484,35968,64,123478
14639,0.000497,172.31.40.0-255,66,36034,64,123478
14640,0.000502,74.125.24.0-255,2902,38936,64,123478
14641,0.000505,172.31.40.0-255,66,39002,64,123478
14642,0.000515,74.125.24.0-255,5738,44740,64,123478
14643,0.000518,172.31.40.0-255,66,44806,64,123478
14644,0.000561,172.31.40.0-255,66,44872,64,123478
14645,0.000598,172.31.40.0-255,66,44938,64,123478
14646,0.000725,74.125.24.0-255,1484,46422,64,123478
14647,0.00073,172.31.40.0-255,66,46488,64,123478
14648,0.000736,74.125.24.0-255,2902,49390,64,123478
14649,0.000738,172.31.40.0-255,66,49456,64,123478
14650,0.000746,74.125.24.0-255,1484,50940,64,123478
14651,0.000748,172.31.40.0-255,66,51006,64,123478
14652,0.000781,74.125.24.0-255,4320,55326,64,123478
14653,0.000785,172.31.40.0-255,66,55392,64,123478
14654,0.000803,172.31.40.0-255,66,55458,64,123478
14655,0.00084,172.31.40.0-255,66,55524,64,123478
14656,0.000879,172.31.40.0-255,66,55590,64,123478
14657,0.000895,172.31.40.0-255,66,55656,64,123478
14658,0.000931,172.31.40.0-255,66,55722,64,123478
14659,0.000987,74.125.24.0-255,1484,57206,64,123478
14660,0.00099,172.31.40.0-255,66,57272,64,123478
14661,0.000994,74.125.24.0-255,2902,60174,64,123478
14662,0.000997,172.31.40.0-255,66,60240,64,123478
14663,0.001009,74.125.24.0-255,5738,65978,64,123478
14664,0.001012,172.31.40.0-255,66,66044,64,123478
14665,0.001017,74.125.24.0-255,4320,70364,64,123478
14666,0.001019,172.31.40.0-255,66,70430,64,123478
14667,0.001063,172.31.40.0-255,66,70496,64,123478
14668,0.001102,172.31.40.0-255,66,70562,64,123478
14669,0.001136,74.125.24.0-255,1484,72046,64,123478
14670,0.001151,74.125.24.0-255,2902,74948,64,123478
14671,0.001154,172.31.40.0-255,66,75014,64,123478
14672,0.00116,74.125.24.0-255,4320,79334,64,123478
14673,0.001162,172.31.40.0-255,66,79400,64,123478
14674,0.001194,74.125.24.0-255,1484,80884,64,123478
14675,0.001202,74.125.24.0-255,7156,88040,64,123478
14676,0.001205,172.31.40.0-255,66,88106,64,123478
14677,0.001226,74.125.24.0-255,2184,90290,64,123478
14678,0.001251,172.31.40.0-255,66,90356,64,123478
14679,0.00171,74.125.24.0-255,1484,91840,64,123478
14680,0.001717,74.125.24.0-255,2902,94742,64,123478
14681,0.001721,172.31.40.0-255,66,94808,64,123478
14682,0.001726,74.125.24.0-255,2902,97710,64,123478
14683,0.001728,172.31.40.0-255,66,97776,64,123478
14684,0.001756,74.125.24.0-255,2902,100678,64,123478
14685,0.001759,172.31.40.0-255,66,100744,64,123478
14686,0.001782,172.31.40.0-255,66,100810,64,123478
14687,0.001809,172.31.40.0-255,66,100876,64,123478
14688,0.001843,74.125.24.0-255,1484,102360,64,123478
14689,0.001848,74.125.24.0-255,2902,105262,64,123478
14690,0.001851,172.31.40.0-255,66,105328,64,123478
14691,0.001857,74.125.24.0-255,5738,111066,64,123478
14692,0.001859,172.31.40.0-255,66,111132,64,123478
14693,0.001878,172.31.40.0-255,66,111198,64,123478
14694,0.001913,172.31.40.0-255,66,111264,64,123478
14695,0.001952,172.31.40.0-255,66,111330,64,123478
14696,0.002001,74.125.24.0-255,4320,115650,64,123478
14697,0.002011,172.31.40.0-255,66,115716,64,123478
14698,0.002126,74.125.24.0-255,4320,120036,64,123478
14699,0.002134,172.31.40.0-255,66,120102,64,123478
14700,0.002146,74.125.24.0-255,1484,121586,64,123478
14701,0.002162,74.125.24.0-255,1484,123070,64,123478
14702,0.002175,172.31.40.0-255,66,123136,64,123478
14703,0.002198,74.125.24.0-255,105,123241,64,123478
14704,0.002203,172.31.40.0-255,66,123307,64,123478
14705,0.00467,172.31.40.0-255,105,123412,64,123478
14706,0.006662,74.125.24.0-255,66,123478,64,123478
14707,0.0,74.125.68.0-255,153,153,64,249387
14708,2.3e-05,172.31.40.0-255,66,219,64,249387
14709,2.9e-05,74.125.68.0-255,1484,1703,64,249387
14710,3.4e-05,172.31.40.0-255,66,1769,64,249387
14711,4e-05,74.125.68.0-255,2902,4671,64,249387
14712,4.4e-05,172.31.40.0-255,66,4737,64,249387
14713,5.2e-05,74.125.68.0-255,7156,11893,64,249387
14714,5.5e-05,172.31.40.0-255,66,11959,64,249387
14715,5.9e-05,74.125.68.0-255,2151,14110,64,249387
14716,6.2e-05,172.31.40.0-255,66,14176,64,249387
14717,0.000109,74.125.68.0-255,1484,15660,64,249387
14718,0.000112,172.31.40.0-255,66,15726,64,249387
14719,0.000118,74.125.68.0-255,2902,18628,64,249387
14720,0.000121,172.31.40.0-255,66,18694,64,249387
14721,0.000158,74.125.68.0-255,5738,24432,64,249387
14722,0.000161,172.31.40.0-255,66,24498,64,249387
14723,0.000183,74.125.68.0-255,6797,31295,64,249387
14724,0.000185,172.31.40.0-255,66,31361,64,249387
14725,0.000271,74.125.68.0-255,1484,32845,64,249387
14726,0.000275,172.31.40.0-255,66,32911,64,249387
14727,0.000281,74.125.68.0-255,2902,35813,64,249387
14728,0.000283,172.31.40.0-255,66,35879,64,249387
14729,0.000308,74.125.68.0-255,5738,41617,64,249387
14730,0.000312,172.31.40.0-255,66,41683,64,249387
14731,0.000316,74.125.68.0-255,2902,44585,64,249387
14732,0.000318,172.31.40.0-255,66,44651,64,249387
14733,0.00034,74.125.68.0-255,3961,48612,64,249387
14734,0.000343,172.31.40.0-255,66,48678,64,249387
14735,0.000358,74.125.68.0-255,2902,51580,64,249387
14736,0.00036,172.31.40.0-255,66,51646,64,249387
14737,0.000381,74.125.68.0-255,2902,54548,64,249387
14738,0.000384,172.31.40.0-255,66,54614,64,249387
14739,0.000391,74.125.68.0-255,5738,60352,64,249387
14740,0.000394,172.31.40.0-255,66,60418,64,249387
14741,0.000419,74.125.68.0-255,1484,61902,64,249387
14742,0.000426,74.125.68.0-255,3961,65863,64,249387
14743,0.000429,172.31.40.0-255,66,65929,64,249387
14744,0.000431,74.125.68.0-255,366,66295,64,249387
14745,0.000463,74.125.68.0-255,378,66673,64,249387
14746,0.000589,74.125.68.0-255,1484,68157,64,249387
14747,0.000593,172.31.40.0-255,66,68223,64,249387
14748,0.000598,74.125.68.0-255,1484,69707,64,249387
14749,0.000611,74.125.68.0-255,1484,71191,64,249387
14750,0.000613,172.31.40.0-255,66,71257,64,249387
14751,0.000618,74.125.68.0-255,2902,74159,64,249387
14752,0.000621,172.31.40.0-255,66,74225,64,249387
14753,0.000626,74.125.68.0-255,4320,78545,64,249387
14754,0.000628,172.31.40.0-255,66,78611,64,249387
14755,0.000669,172.31.40.0-255,66,78677,64,249387
14756,0.000673,74.125.68.0-255,2902,81579,64,249387
14757,0.000675,172.31.40.0-255,66,81645,64,249387
14758,0.00072,74.125.68.0-255,7156,88801,64,249387
14759,0.000724,172.31.40.0-255,66,88867,64,249387
14760,0.000743,74.125.68.0-255,2543,91410,64,249387
14761,0.000745,172.31.40.0-255,66,91476,64,249387
14762,0.000898,74.125.68.0-255,1484,92960,64,249387
14763,0.000918,74.125.68.0-255,2902,95862,64,249387
14764,0.000921,172.31.40.0-255,66,95928,64,249387
14765,0.000929,74.125.68.0-255,4320,100248,64,249387
14766,0.000931,172.31.40.0-255,66,100314,64,249387
14767,0.00098,172.31.40.0-255,66,100380,64,249387
14768,0.000987,74.125.68.0-255,5738,106118,64,249387
14769,0.000989,172.31.40.0-255,66,106184,64,249387
14770,0.000996,74.125.68.0-255,7156,113340,64,249387
14771,0.000999,172.31.40.0-255,66,113406,64,249387
14772,0.001021,74.125.68.0-255,3602,117008,64,249387
14773,0.001023,172.31.40.0-255,66,117074,64,249387
14774,0.001574,74.125.68.0-255,1484,118558,64,249387
14775,0.00159,74.125.68.0-255,2902,121460,64,249387
14776,0.001595,172.31.40.0-255,66,121526,64,249387
14777,0.001614,74.125.68.0-255,1484,123010,64,249387
14778,0.001631,74.125.68.0-255,4320,127330,64,249387
14779,0.001634,172.31.40.0-255,66,127396,64,249387
14780,0.001637,74.125.68.0-255,1484,128880,64,249387
14781,0.001642,74.125.68.0-255,2902,131782,64,249387
14782,0.001644,172.31.40.0-255,66,131848,64,249387
14783,0.001677,74.125.68.0-255,5738,137586,64,249387
14784,0.00168,172.31.40.0-255,66,137652,64,249387
14785,0.001692,172.31.40.0-255,66,137718,64,249387
14786,0.001727,74.125.68.0-255,1484,139202,64,249387
14787,0.001744,74.125.68.0-255,2902,142104,64,249387
14788,0.001747,172.31.40.0-255,66,142170,64,249387
14789,0.001763,74.125.68.0-255,766,142936,64,249387
14790,0.002061,74.125.68.0-255,1484,144420,64,249387
14791,0.002067,172.31.40.0-255,66,144486,64,249387
14792,0.002074,74.125.68.0-255,2902,147388,64,249387
14793,0.002077,172.31.40.0-255,66,147454,64,249387
14794,0.002083,74.125.68.0-255,4320,151774,64,249387
14795,0.002086,172.31.40.0-255,66,151840,64,249387
14796,0.002113,74.125.68.0-255,5738,157578,64,249387
14797,0.002115,172.31.40.0-255,66,157644,64,249387
14798,0.002148,74.125.68.0-255,5738,163382,64,249387
14799,0.002151,172.31.40.0-255,66,163448,64,249387
14800,0.00217,74.125.68.0-255,4320,167768,64,249387
14801,0.002172,172.31.40.0-255,66,167834,64,249387
14802,0.002187,74.125.68.0-255,1484,169318,64,249387
14803,0.002208,172.31.40.0-255,66,169384,64,249387
14804,0.002262,74.125.68.0-255,7156,176540,64,249387
14805,0.002265,172.31.40.0-255,66,176606,64,249387
14806,0.004466,74.125.68.0-255,5738,182344,64,249387
14807,0.004475,172.31.40.0-255,66,182410,64,249387
14808,0.006661,74.125.68.0-255,5738,188148,64,249387
14809,0.006665,172.31.40.0-255,66,188214,64,249387
14810,0.008861,74.125.68.0-255,5738,193952,64,249387
14811,0.008868,172.31.40.0-255,66,194018,64,249387
14812,0.01107,74.125.68.0-255,5738,199756,64,249387
14813,0.011078,172.31.40.0-255,66,199822,64,249387
14814,0.013279,74.125.68.0-255,5738,205560,64,249387
14815,0.013287,172.31.40.0-255,66,205626,64,249387
14816,0.015486,74.125.68.0-255,5738,211364,64,249387
14817,0.015494,172.31.40.0-255,66,211430,64,249387
14818,0.017698,74.125.68.0-255,5738,217168,64,249387
14819,0.017712,172.31.40.0-255,66,217234,64,249387
14820,0.019924,74.125.68.0-255,5738,222972,64,249387
14821,0.019938,172.31.40.0-255,66,223038,64,249387
14822,0.022147,74.125.68.0-255,5738,228776,64,249387
14823,0.022161,172.31.40.0-255,66,228842,64,249387
14824,0.024365,74.125.68.0-255,5738,234580,64,249387
14825,0.024372,172.31.40.0-255,66,234646,64,249387
14826,0.026576,74.125.68.0-255,5738,240384,64,249387
14827,0.026584,172.31.40.0-255,66,240450,64,249387
14828,0.028785,74.125.68.0-255,5738,246188,64,249387
14829,0.028791,172.31.40.0-255,66,246254,64,249387
14830,0.029361,172.31.40.0-255,172,246426,64,249387
14831,0.029392,172.31.40.0-255,1107,247533,64,249387
14832,0.029473,172.31.40.0-255,1514,249047,64,249387
14833,0.029475,172.31.40.0-255,340,249387,64,249387
14834,0.0,74.125.24.0-255,153,153,64,128308
14835,2.1e-05,172.31.40.0-255,66,219,64,128308
14836,2.8e-05,74.125.24.0-255,1484,1703,64,128308
14837,3.2e-05,172.31.40.0-255,66,1769,64,128308
14838,3.7e-05,74.125.24.0-255,2902,4671,64,128308
14839,3.9e-05,172.31.40.0-255,66,4737,64,128308
14840,6.6e-05,74.125.24.0-255,2902,7639,64,128308
14841,6.9e-05,172.31.40.0-255,66,7705,64,128308
14842,7.9e-05,74.125.24.0-255,4320,12025,64,128308
14843,8.1e-05,172.31.40.0-255,66,12091,64,128308
14844,9.3e-05,74.125.24.0-255,1978,14069,64,128308
14845,9.6e-05,172.31.40.0-255,66,14135,64,128308
14846,0.000383,74.125.24.0-255,1484,15619,64,128308
14847,0.000388,172.31.40.0-255,66,15685,64,128308
14848,0.000393,74.125.24.0-255,2902,18587,64,128308
14849,0.000396,172.31.40.0-255,66,18653,64,128308
14850,0.000421,74.125.24.0-255,5738,24391,64,128308
14851,0.000423,172.31.40.0-255,66,24457,64,128308
14852,0.000445,74.125.24.0-255,1484,25941,64,128308
14853,0.000448,172.31.40.0-255,66,26007,64,128308
14854,0.000473,74.125.24.0-255,4320,30327,64,128308
14855,0.000476,172.31.40.0-255,66,30393,64,128308
14856,0.000489,74.125.24.0-255,1125,31518,64,128308
14857,0.000494,172.31.40.0-255,66,31584,64,128308
14858,0.000906,74.125.24.0-255,1484,33068,64,128308
14859,0.000911,172.31.40.0-255,66,33134,64,128308
14860,0.000919,74.125.24.0-255,2902,36036,64,128308
14861,0.000921,172.31.40.0-255,66,36102,64,128308
14862,0.000953,74.125.24.0-255,5738,41840,64,128308
14863,0.000956,172.31.40.0-255,66,41906,64,128308
14864,0.000958,74.125.24.0-255,1484,43390,64,128308
14865,0.00096,172.31.40.0-255,66,43456,64,128308
14866,0.001002,74.125.24.0-255,4320,47776,64,128308
14867,0.001004,172.31.40.0-255,66,47842,64,128308
14868,0.001024,74.125.24.0-255,5379,53221,64,128308
14869,0.001026,172.31.40.0-255,66,53287,64,128308
14870,0.001035,172.31.40.0-255,66,53353,64,128308
14871,0.001057,74.125.24.0-255,1484,54837,64,128308
14872,0.001062,74.125.24.0-255,2543,57380,64,128308
14873,0.001064,172.31.40.0-255,66,57446,64,128308
14874,0.003346,74.125.24.0-255,4320,61766,64,128308
14875,0.003355,172.31.40.0-255,66,61832,64,128308
14876,0.003382,74.125.24.0-255,1484,63316,64,128308
14877,0.005639,74.125.24.0-255,4320,67636,64,128308
14878,0.005644,172.31.40.0-255,66,67702,64,128308
14879,0.007947,74.125.24.0-255,4320,72022,64,128308
14880,0.007954,172.31.40.0-255,66,72088,64,128308
14881,0.007986,74.125.24.0-255,1484,73572,64,128308
14882,0.010295,74.125.24.0-255,4320,77892,64,128308
14883,0.010304,172.31.40.0-255,66,77958,64,128308
14884,0.012615,74.125.24.0-255,5738,83696,64,128308
14885,0.012626,172.31.40.0-255,66,83762,64,128308
14886,0.014949,74.125.24.0-255,5738,89500,64,128308
14887,0.014959,172.31.40.0-255,66,89566,64,128308
14888,0.017278,74.125.24.0-255,4320,93886,64,128308
14889,0.017286,172.31.40.0-255,66,93952,64,128308
14890,0.017315,74.125.24.0-255,1484,95436,64,128308
14891,0.01961,74.125.24.0-255,4320,99756,64,128308
14892,0.019618,172.31.40.0-255,66,99822,64,128308
14893,0.021991,74.125.24.0-255,5738,105560,64,128308
14894,0.021997,172.31.40.0-255,66,105626,64,128308
14895,0.023222,172.31.40.0-255,170,105796,64,128308
14896,0.023254,172.31.40.0-255,1173,106969,64,128308
14897,0.023316,172.31.40.0-255,1514,108483,64,128308
14898,0.023318,172.31.40.0-255,1514,109997,64,128308
14899,0.023342,172.31.40.0-255,635,110632,64,128308
14900,0.024348,74.125.24.0-255,5738,116370,64,128308
14901,0.024356,172.31.40.0-255,66,116436,64,128308
14902,0.02477,104.244.42.0-255,66,116502,64,128308
14903,0.024793,104.244.42.0-255,66,116568,64,128308
14904,0.024865,104.244.42.0-255,66,116634,64,128308
14905,0.02487,104.244.42.0-255,66,116700,64,128308
14906,0.026682,74.125.24.0-255,5738,122438,64,128308
14907,0.026689,172.31.40.0-255,66,122504,64,128308
14908,0.029026,74.125.24.0-255,5738,128242,64,128308
14909,0.029032,172.31.40.0-255,66,128308,64,128308
14910,0.0,172.217.194.0-255,153,153,64,179139
14911,2.1e-05,172.31.40.0-255,66,219,64,179139
14912,2.9e-05,172.217.194.0-255,1484,1703,64,179139
14913,3.3e-05,172.31.40.0-255,66,1769,64,179139
14914,3.9e-05,172.217.194.0-255,2902,4671,64,179139
14915,4.3e-05,172.31.40.0-255,66,4737,64,179139
14916,5.1e-05,172.217.194.0-255,7156,11893,64,179139
14917,5.5e-05,172.31.40.0-255,66,11959,64,179139
14918,9.8e-05,172.217.194.0-255,2133,14092,64,179139
14919,0.000101,172.31.40.0-255,66,14158,64,179139
14920,0.000126,172.217.194.0-255,2902,17060,64,179139
14921,0.000129,172.31.40.0-255,66,17126,64,179139
14922,0.000153,172.217.194.0-255,5738,22864,64,179139
14923,0.000156,172.31.40.0-255,66,22930,64,179139
14924,0.000173,172.217.194.0-255,1484,24414,64,179139
14925,0.000175,172.31.40.0-255,66,24480,64,179139
14926,0.000225,172.31.40.0-255,66,24546,64,179139
14927,0.000269,172.217.194.0-255,7156,31702,64,179139
14928,0.000273,172.31.40.0-255,66,31768,64,179139
14929,0.000354,172.217.194.0-255,5738,37506,64,179139
14930,0.000358,172.31.40.0-255,66,37572,64,179139
14931,0.000374,172.217.194.0-255,2184,39756,64,179139
14932,0.000376,172.31.40.0-255,66,39822,64,179139
14933,0.000578,172.217.194.0-255,1484,41306,64,179139
14934,0.000582,172.31.40.0-255,66,41372,64,179139
14935,0.000588,172.217.194.0-255,2902,44274,64,179139
14936,0.000591,172.31.40.0-255,66,44340,64,179139
14937,0.000616,172.217.194.0-255,2902,47242,64,179139
14938,0.000619,172.31.40.0-255,66,47308,64,179139
14939,0.000635,172.217.194.0-255,2902,50210,64,179139
14940,0.000637,172.31.40.0-255,66,50276,64,179139
14941,0.00066,172.217.194.0-255,5738,56014,64,179139
14942,0.000673,172.217.194.0-255,1125,57139,64,179139
14943,0.000686,172.31.40.0-255,66,57205,64,179139
14944,0.000716,172.217.194.0-255,1484,58689,64,179139
14945,0.00072,172.217.194.0-255,1484,60173,64,179139
14946,0.000724,172.31.40.0-255,66,60239,64,179139
14947,0.000732,172.217.194.0-255,1484,61723,64,179139
14948,0.000759,172.217.194.0-255,5738,67461,64,179139
14949,0.000767,172.31.40.0-255,66,67527,64,179139
14950,0.000817,172.217.194.0-255,4320,71847,64,179139
14951,0.00085,172.31.40.0-255,66,71913,64,179139
14952,0.000855,172.31.40.0-255,66,71979,64,179139
14953,0.00093,172.217.194.0-255,7156,79135,64,179139
14954,0.000945,172.217.194.0-255,2902,82037,64,179139
14955,0.000957,172.31.40.0-255,66,82103,64,179139
14956,0.001015,172.217.194.0-255,766,82869,64,179139
14957,0.001021,172.217.194.0-255,2902,85771,64,179139
14958,0.001037,172.31.40.0-255,66,85837,64,179139
14959,0.001065,172.31.40.0-255,66,85903,64,179139
14960,0.001228,172.217.194.0-255,1484,87387,64,179139
14961,0.001246,172.217.194.0-255,7156,94543,64,179139
14962,0.001265,172.31.40.0-255,66,94609,64,179139
14963,0.001287,172.31.40.0-255,66,94675,64,179139
14964,0.001309,172.217.194.0-255,6438,101113,64,179139
14965,0.001323,172.31.40.0-255,66,101179,64,179139
14966,0.001562,172.217.194.0-255,7156,108335,64,179139
14967,0.001567,172.31.40.0-255,66,108401,64,179139
14968,0.00159,172.217.194.0-255,4182,112583,64,179139
14969,0.0016,172.31.40.0-255,66,112649,64,179139
14970,0.001653,172.217.194.0-255,1484,114133,64,179139
14971,0.001668,172.217.194.0-255,1484,115617,64,179139
14972,0.001672,172.31.40.0-255,66,115683,64,179139
14973,0.001684,172.217.194.0-255,1484,117167,64,179139
14974,0.0017,172.217.194.0-255,5738,122905,64,179139
14975,0.001704,172.31.40.0-255,66,122971,64,179139
14976,0.001752,172.217.194.0-255,1484,124455,64,179139
14977,0.001802,172.31.40.0-255,66,124521,64,179139
14978,0.001854,172.217.194.0-255,7156,131677,64,179139
14979,0.001858,172.31.40.0-255,66,131743,64,179139
14980,0.001881,172.217.194.0-255,6438,138181,64,179139
14981,0.001895,172.31.40.0-255,66,138247,64,179139
14982,0.001987,172.31.40.0-255,66,138313,64,179139
14983,0.002029,172.31.40.0-255,66,138379,64,179139
14984,0.010698,172.31.40.0-255,66,138445,64,179139
14985,0.012435,172.217.194.0-255,1484,139929,64,179139
14986,0.01332,172.217.194.0-255,4320,144249,64,179139
14987,0.01333,172.31.40.0-255,66,144315,64,179139
14988,0.015964,172.217.194.0-255,5738,150053,64,179139
14989,0.015978,172.31.40.0-255,66,150119,64,179139
14990,0.01861,172.217.194.0-255,5738,155857,64,179139
14991,0.01862,172.31.40.0-255,66,155923,64,179139
14992,0.021256,172.217.194.0-255,5738,161661,64,179139
14993,0.021274,172.31.40.0-255,66,161727,64,179139
14994,0.023892,172.217.194.0-255,5738,167465,64,179139
14995,0.023901,172.31.40.0-255,66,167531,64,179139
14996,0.02656,172.217.194.0-255,5738,173269,64,179139
14997,0.02657,172.31.40.0-255,66,173335,64,179139
14998,0.029179,172.217.194.0-255,5738,179073,64,179139
14999,0.02919,172.31.40.0-255,66,179139,64,179139
15000,0.0,74.125.68.0-255,153,153,64,303442
15001,2.6e-05,172.31.40.0-255,66,219,64,303442
15002,3.4e-05,74.125.68.0-255,1484,1703,64,303442
15003,3.8e-05,172.31.40.0-255,66,1769,64,303442
15004,4.4e-05,74.125.68.0-255,2902,4671,64,303442
15005,4.8e-05,172.31.40.0-255,66,4737,64,303442
15006,5.9e-05,74.125.68.0-255,1484,6221,64,303442
15007,6.2e-05,172.31.40.0-255,66,6287,64,303442
15008,6.8e-05,74.125.68.0-255,2902,9189,64,303442
15009,7.1e-05,172.31.40.0-255,66,9255,64,303442
15010,0.000106,74.125.68.0-255,6195,15450,64,303442
15011,0.000109,172.31.40.0-255,66,15516,64,303442
15012,0.000112,74.125.68.0-255,1484,17000,64,303442
15013,0.000115,172.31.40.0-255,66,17066,64,303442
15014,0.000158,74.125.68.0-255,5738,22804,64,303442
15015,0.000161,172.31.40.0-255,66,22870,64,303442
15016,0.000172,172.31.40.0-255,66,22936,64,303442
15017,0.000329,74.125.68.0-255,1484,24420,64,303442
15018,0.000334,172.31.40.0-255,66,24486,64,303442
15019,0.000361,74.125.68.0-255,1484,25970,64,303442
15020,0.000363,172.31.40.0-255,66,26036,64,303442
15021,0.000369,74.125.68.0-255,2902,28938,64,303442
15022,0.000371,172.31.40.0-255,66,29004,64,303442
15023,0.000405,74.125.68.0-255,5738,34742,64,303442
15024,0.000409,172.31.40.0-255,66,34808,64,303442
15025,0.00046,74.125.68.0-255,2902,37710,64,303442
15026,0.000463,172.31.40.0-255,66,37776,64,303442
15027,0.000498,74.125.68.0-255,3961,41737,64,303442
15028,0.000501,172.31.40.0-255,66,41803,64,303442
15029,0.000509,74.125.68.0-255,7156,48959,64,303442
15030,0.000512,172.31.40.0-255,66,49025,64,303442
15031,0.00052,74.125.68.0-255,2902,51927,64,303442
15032,0.000522,172.31.40.0-255,66,51993,64,303442
15033,0.000528,74.125.68.0-255,4320,56313,64,303442
15034,0.00053,172.31.40.0-255,66,56379,64,303442
15035,0.000553,74.125.68.0-255,1400,57779,64,303442
15036,0.000608,74.125.68.0-255,130,57909,64,303442
15037,0.000721,74.125.68.0-255,1484,59393,64,303442
15038,0.000726,172.31.40.0-255,66,59459,64,303442
15039,0.000754,74.125.68.0-255,2902,62361,64,303442
15040,0.000757,172.31.40.0-255,66,62427,64,303442
15041,0.000763,74.125.68.0-255,4320,66747,64,303442
15042,0.000766,172.31.40.0-255,66,66813,64,303442
15043,0.000807,74.125.68.0-255,1484,68297,64,303442
15044,0.000815,74.125.68.0-255,7156,75453,64,303442
15045,0.000818,172.31.40.0-255,66,75519,64,303442
15046,0.000823,74.125.68.0-255,2902,78421,64,303442
15047,0.000825,172.31.40.0-255,66,78487,64,303442
15048,0.00086,74.125.68.0-255,7156,85643,64,303442
15049,0.000864,172.31.40.0-255,66,85709,64,303442
15050,0.00087,74.125.68.0-255,5738,91447,64,303442
15051,0.000872,172.31.40.0-255,66,91513,64,303442
15052,0.000902,74.125.68.0-255,766,92279,64,303442
15053,0.000951,74.125.68.0-255,1484,93763,64,303442
15054,0.000955,172.31.40.0-255,66,93829,64,303442
15055,0.000961,74.125.68.0-255,2902,96731,64,303442
15056,0.000964,172.31.40.0-255,66,96797,64,303442
15057,0.000997,74.125.68.0-255,5738,102535,64,303442
15058,0.001,172.31.40.0-255,66,102601,64,303442
15059,0.00103,74.125.68.0-255,7156,109757,64,303442
15060,0.001032,172.31.40.0-255,66,109823,64,303442
15061,0.001061,74.125.68.0-255,4320,114143,64,303442
15062,0.001063,172.31.40.0-255,66,114209,64,303442
15063,0.001076,172.31.40.0-255,66,114275,64,303442
15064,0.001107,74.125.68.0-255,2184,116459,64,303442
15065,0.00111,172.31.40.0-255,66,116525,64,303442
15066,0.001199,74.125.68.0-255,1484,118009,64,303442
15067,0.001219,74.125.68.0-255,2902,120911,64,303442
15068,0.001222,172.31.40.0-255,66,120977,64,303442
15069,0.00125,74.125.68.0-255,5738,126715,64,303442
15070,0.001253,172.31.40.0-255,66,126781,64,303442
15071,0.001258,74.125.68.0-255,2902,129683,64,303442
15072,0.00126,172.31.40.0-255,66,129749,64,303442
15073,0.00129,74.125.68.0-255,4320,134069,64,303442
15074,0.001293,172.31.40.0-255,66,134135,64,303442
15075,0.001318,74.125.68.0-255,2902,137037,64,303442
15076,0.001321,172.31.40.0-255,66,137103,64,303442
15077,0.001352,74.125.68.0-255,4320,141423,64,303442
15078,0.001355,172.31.40.0-255,66,141489,64,303442
15079,0.001358,74.125.68.0-255,1484,142973,64,303442
15080,0.001385,74.125.68.0-255,5738,148711,64,303442
15081,0.001388,172.31.40.0-255,66,148777,64,303442
15082,0.001417,74.125.68.0-255,2184,150961,64,303442
15083,0.001419,172.31.40.0-255,66,151027,64,303442
15084,0.001486,74.125.68.0-255,1484,152511,64,303442
15085,0.001505,74.125.68.0-255,2902,155413,64,303442
15086,0.001508,172.31.40.0-255,66,155479,64,303442
15087,0.001511,74.125.68.0-255,1484,156963,64,303442
15088,0.001539,74.125.68.0-255,2902,159865,64,303442
15089,0.001542,172.31.40.0-255,66,159931,64,303442
15090,0.001548,74.125.68.0-255,4320,164251,64,303442
15091,0.00155,172.31.40.0-255,66,164317,64,303442
15092,0.001586,74.125.68.0-255,1484,165801,64,303442
15093,0.001595,74.125.68.0-255,7156,172957,64,303442
15094,0.001598,172.31.40.0-255,66,173023,64,303442
15095,0.001604,74.125.68.0-255,4320,177343,64,303442
15096,0.001609,172.31.40.0-255,66,177409,64,303442
15097,0.001623,74.125.68.0-255,4320,181729,64,303442
15098,0.001633,172.31.40.0-255,66,181795,64,303442
15099,0.001662,74.125.68.0-255,3602,185397,64,303442
15100,0.001665,172.31.40.0-255,66,185463,64,303442
15101,0.001691,74.125.68.0-255,4320,189783,64,303442
15102,0.001694,172.31.40.0-255,66,189849,64,303442
15103,0.001737,172.31.40.0-255,66,189915,64,303442
15104,0.001778,172.31.40.0-255,66,189981,64,303442
15105,0.00184,74.125.68.0-255,7156,197137,64,303442
15106,0.001843,172.31.40.0-255,66,197203,64,303442
15107,0.00187,74.125.68.0-255,3602,200805,64,303442
15108,0.001873,172.31.40.0-255,66,200871,64,303442
15109,0.001897,74.125.68.0-255,1484,202355,64,303442
15110,0.001928,172.31.40.0-255,66,202421,64,303442
15111,0.001955,74.125.68.0-255,3662,206083,64,303442
15112,0.001964,172.31.40.0-255,66,206149,64,303442
15113,0.00199,74.125.68.0-255,2902,209051,64,303442
15114,0.001992,172.31.40.0-255,66,209117,64,303442
15115,0.002035,172.31.40.0-255,66,209183,64,303442
15116,0.002089,74.125.68.0-255,4320,213503,64,303442
15117,0.002093,172.31.40.0-255,66,213569,64,303442
15118,0.002106,74.125.68.0-255,1484,215053,64,303442
15119,0.002115,74.125.68.0-255,2902,217955,64,303442
15120,0.002118,172.31.40.0-255,66,218021,64,303442
15121,0.00215,74.125.68.0-255,6438,224459,64,303442
15122,0.002156,172.31.40.0-255,66,224525,64,303442
15123,0.002166,74.125.68.0-255,4320,228845,64,303442
15124,0.002169,172.31.40.0-255,66,228911,64,303442
15125,0.0022,172.31.40.0-255,66,228977,64,303442
15126,0.002279,74.125.68.0-255,2902,231879,64,303442
15127,0.002284,172.31.40.0-255,66,231945,64,303442
15128,0.002303,74.125.68.0-255,2902,234847,64,303442
15129,0.002306,172.31.40.0-255,66,234913,64,303442
15130,0.002319,172.31.40.0-255,66,234979,64,303442
15131,0.002401,74.125.68.0-255,4320,239299,64,303442
15132,0.002404,172.31.40.0-255,66,239365,64,303442
15133,0.004614,74.125.68.0-255,1484,240849,64,303442
15134,0.0047,74.125.68.0-255,4320,245169,64,303442
15135,0.004706,172.31.40.0-255,66,245235,64,303442
15136,0.007019,74.125.68.0-255,5738,250973,64,303442
15137,0.007031,172.31.40.0-255,66,251039,64,303442
15138,0.009356,74.125.68.0-255,5738,256777,64,303442
15139,0.009377,172.31.40.0-255,66,256843,64,303442
15140,0.011684,74.125.68.0-255,5738,262581,64,303442
15141,0.011693,172.31.40.0-255,66,262647,64,303442
15142,0.014005,74.125.68.0-255,5738,268385,64,303442
15143,0.014022,172.31.40.0-255,66,268451,64,303442
15144,0.016322,74.125.68.0-255,5738,274189,64,303442
15145,0.016329,172.31.40.0-255,66,274255,64,303442
15146,0.016596,172.31.40.0-255,101,274356,64,303442
15147,0.018633,74.125.68.0-255,5738,280094,64,303442
15148,0.018648,172.31.40.0-255,66,280160,64,303442
15149,0.01885,74.125.68.0-255,66,280226,64,303442
15150,0.020963,74.125.68.0-255,5738,285964,64,303442
15151,0.020976,172.31.40.0-255,66,286030,64,303442
15152,0.023285,74.125.68.0-255,5738,291768,64,303442
15153,0.023295,172.31.40.0-255,66,291834,64,303442
15154,0.025595,74.125.68.0-255,5738,297572,64,303442
15155,0.025603,172.31.40.0-255,66,297638,64,303442
15156,0.027908,74.125.68.0-255,5738,303376,64,303442
15157,0.027919,172.31.40.0-255,66,303442,64,303442
15158,0.0,74.125.24.0-255,152,152,64,211658
15159,2.2e-05,172.31.40.0-255,66,218,64,211658
15160,2.9e-05,74.125.24.0-255,1484,1702,64,211658
15161,3.4e-05,172.31.40.0-255,66,1768,64,211658
15162,3.9e-05,74.125.24.0-255,2902,4670,64,211658
15163,5e-05,172.31.40.0-255,66,4736,64,211658
15164,5.7e-05,74.125.24.0-255,7156,11892,64,211658
15165,6.1e-05,172.31.40.0-255,66,11958,64,211658
15166,6.8e-05,74.125.24.0-255,5738,17696,64,211658
15167,7.1e-05,172.31.40.0-255,66,17762,64,211658
15168,0.000102,74.125.24.0-255,6271,24033,64,211658
15169,0.000105,172.31.40.0-255,66,24099,64,211658
15170,0.000112,74.125.24.0-255,6797,30896,64,211658
15171,0.000114,172.31.40.0-255,66,30962,64,211658
15172,0.000259,74.125.24.0-255,1484,32446,64,211658
15173,0.000265,172.31.40.0-255,66,32512,64,211658
15174,0.00027,74.125.24.0-255,2902,35414,64,211658
15175,0.000273,172.31.40.0-255,66,35480,64,211658
15176,0.000278,74.125.24.0-255,5738,41218,64,211658
15177,0.000286,172.31.40.0-255,66,41284,64,211658
15178,0.000346,74.125.24.0-255,6797,48081,64,211658
15179,0.00035,172.31.40.0-255,66,48147,64,211658
15180,0.000416,74.125.24.0-255,4320,52467,64,211658
15181,0.000419,172.31.40.0-255,66,52533,64,211658
15182,0.000447,74.125.24.0-255,2902,55435,64,211658
15183,0.00045,172.31.40.0-255,66,55501,64,211658
15184,0.00046,172.31.40.0-255,66,55567,64,211658
15185,0.000488,74.125.24.0-255,1424,56991,64,211658
15186,0.00049,172.31.40.0-255,66,57057,64,211658
15187,0.000516,74.125.24.0-255,409,57466,64,211658
15188,0.000518,172.31.40.0-255,66,57532,64,211658
15189,0.000627,74.125.24.0-255,1484,59016,64,211658
15190,0.000633,74.125.24.0-255,2902,61918,64,211658
15191,0.000637,172.31.40.0-255,66,61984,64,211658
15192,0.000643,74.125.24.0-255,5738,67722,64,211658
15193,0.000646,172.31.40.0-255,66,67788,64,211658
15194,0.000734,74.125.24.0-255,5738,73526,64,211658
15195,0.000738,172.31.40.0-255,66,73592,64,211658
15196,0.000765,74.125.24.0-255,7156,80748,64,211658
15197,0.000768,172.31.40.0-255,66,80814,64,211658
15198,0.000774,74.125.24.0-255,7156,87970,64,211658
15199,0.000776,172.31.40.0-255,66,88036,64,211658
15200,0.000784,74.125.24.0-255,3602,91638,64,211658
15201,0.000787,172.31.40.0-255,66,91704,64,211658
15202,0.001609,74.125.24.0-255,1484,93188,64,211658
15203,0.00162,74.125.24.0-255,2902,96090,64,211658
15204,0.001625,172.31.40.0-255,66,96156,64,211658
15205,0.001632,74.125.24.0-255,5738,101894,64,211658
15206,0.001635,172.31.40.0-255,66,101960,64,211658
15207,0.001638,74.125.24.0-255,1484,103444,64,211658
15208,0.001675,172.31.40.0-255,66,103510,64,211658
15209,0.001685,172.31.40.0-255,66,103576,64,211658
15210,0.001706,74.125.24.0-255,766,104342,64,211658
15211,0.001744,74.125.24.0-255,1484,105826,64,211658
15212,0.001748,172.31.40.0-255,66,105892,64,211658
15213,0.001774,74.125.24.0-255,2902,108794,64,211658
15214,0.001777,172.31.40.0-255,66,108860,64,211658
15215,0.001783,74.125.24.0-255,5738,114598,64,211658
15216,0.001785,172.31.40.0-255,66,114664,64,211658
15217,0.001818,172.31.40.0-255,66,114730,64,211658
15218,0.001863,74.125.24.0-255,7156,121886,64,211658
15219,0.001866,172.31.40.0-255,66,121952,64,211658
15220,0.001895,74.125.24.0-255,5020,126972,64,211658
15221,0.001898,172.31.40.0-255,66,127038,64,211658
15222,0.001919,74.125.24.0-255,1484,128522,64,211658
15223,0.001923,74.125.24.0-255,2902,131424,64,211658
15224,0.001925,172.31.40.0-255,66,131490,64,211658
15225,0.001929,74.125.24.0-255,1484,132974,64,211658
15226,0.001956,74.125.24.0-255,4320,137294,64,211658
15227,0.001958,172.31.40.0-255,66,137360,64,211658
15228,0.001968,172.31.40.0-255,66,137426,64,211658
15229,0.002017,74.125.24.0-255,4320,141746,64,211658
15230,0.00202,172.31.40.0-255,66,141812,64,211658
15231,0.002057,172.31.40.0-255,66,141878,64,211658
15232,0.004344,74.125.24.0-255,5738,147616,64,211658
15233,0.004352,172.31.40.0-255,66,147682,64,211658
15234,0.006644,74.125.24.0-255,5738,153420,64,211658
15235,0.00665,172.31.40.0-255,66,153486,64,211658
15236,0.008964,74.125.24.0-255,5738,159224,64,211658
15237,0.008969,172.31.40.0-255,66,159290,64,211658
15238,0.011263,74.125.24.0-255,5738,165028,64,211658
15239,0.011271,172.31.40.0-255,66,165094,64,211658
15240,0.013566,74.125.24.0-255,5738,170832,64,211658
15241,0.013575,172.31.40.0-255,66,170898,64,211658
15242,0.015862,74.125.24.0-255,5738,176636,64,211658
15243,0.015872,172.31.40.0-255,66,176702,64,211658
15244,0.018148,74.125.24.0-255,5738,182440,64,211658
15245,0.018157,172.31.40.0-255,66,182506,64,211658
15246,0.020446,74.125.24.0-255,5738,188244,64,211658
15247,0.020454,172.31.40.0-255,66,188310,64,211658
15248,0.022754,74.125.24.0-255,5738,194048,64,211658
15249,0.022761,172.31.40.0-255,66,194114,64,211658
15250,0.025061,74.125.24.0-255,5738,199852,64,211658
15251,0.025069,172.31.40.0-255,66,199918,64,211658
15252,0.027406,74.125.24.0-255,5738,205656,64,211658
15253,0.027414,172.31.40.0-255,66,205722,64,211658
15254,0.02969,74.125.24.0-255,2902,208624,64,211658
15255,0.029696,172.31.40.0-255,66,208690,64,211658
15256,0.029733,74.125.24.0-255,2902,211592,64,211658
15257,0.029736,172.31.40.0-255,66,211658,64,211658
15258,0.0,74.125.130.0-255,146,146,64,177895
15259,2.3e-05,172.31.40.0-255,66,212,64,177895
15260,3.1e-05,74.125.130.0-255,1484,1696,64,177895
15261,3.5e-05,172.31.40.0-255,66,1762,64,177895
15262,3.8e-05,74.125.130.0-255,1484,3246,64,177895
15263,4e-05,172.31.40.0-255,66,3312,64,177895
15264,6.6e-05,74.125.130.0-255,2902,6214,64,177895
15265,6.9e-05,172.31.40.0-255,66,6280,64,177895
15266,9.3e-05,74.125.130.0-255,5738,12018,64,177895
15267,9.6e-05,172.31.40.0-255,66,12084,64,177895
15268,0.000148,74.125.130.0-255,2039,14123,64,177895
15269,0.000151,172.31.40.0-255,66,14189,64,177895
15270,0.000318,74.125.130.0-255,1484,15673,64,177895
15271,0.000322,172.31.40.0-255,66,15739,64,177895
15272,0.000335,74.125.130.0-255,2902,18641,64,177895
15273,0.000338,172.31.40.0-255,66,18707,64,177895
15274,0.000341,74.125.130.0-255,1484,20191,64,177895
15275,0.000344,172.31.40.0-255,66,20257,64,177895
15276,0.000368,74.125.130.0-255,2902,23159,64,177895
15277,0.000371,172.31.40.0-255,66,23225,64,177895
15278,0.00039,74.125.130.0-255,2902,26127,64,177895
15279,0.000393,172.31.40.0-255,66,26193,64,177895
15280,0.000412,74.125.130.0-255,2902,29095,64,177895
15281,0.000414,172.31.40.0-255,66,29161,64,177895
15282,0.000419,74.125.130.0-255,2543,31704,64,177895
15283,0.000421,172.31.40.0-255,66,31770,64,177895
15284,0.000455,74.125.130.0-255,2902,34672,64,177895
15285,0.000457,172.31.40.0-255,66,34738,64,177895
15286,0.000484,74.125.130.0-255,4320,39058,64,177895
15287,0.000486,172.31.40.0-255,66,39124,64,177895
15288,0.0005,74.125.130.0-255,2902,42026,64,177895
15289,0.000502,172.31.40.0-255,66,42092,64,177895
15290,0.00052,74.125.130.0-255,2902,44994,64,177895
15291,0.000522,172.31.40.0-255,66,45060,64,177895
15292,0.000563,74.125.130.0-255,3961,49021,64,177895
15293,0.000566,172.31.40.0-255,66,49087,64,177895
15294,0.001255,74.125.130.0-255,1484,50571,64,177895
15295,0.00126,172.31.40.0-255,66,50637,64,177895
15296,0.001268,74.125.130.0-255,2902,53539,64,177895
15297,0.00127,172.31.40.0-255,66,53605,64,177895
15298,0.001296,74.125.130.0-255,4320,57925,64,177895
15299,0.001298,172.31.40.0-255,66,57991,64,177895
15300,0.001307,74.125.130.0-255,1484,59475,64,177895
15301,0.001309,172.31.40.0-255,66,59541,64,177895
15302,0.001313,74.125.130.0-255,2902,62443,64,177895
15303,0.001314,172.31.40.0-255,66,62509,64,177895
15304,0.001342,74.125.130.0-255,3961,66470,64,177895
15305,0.001344,172.31.40.0-255,66,66536,64,177895
15306,0.00136,74.125.130.0-255,1484,68020,64,177895
15307,0.001362,172.31.40.0-255,66,68086,64,177895
15308,0.001381,74.125.130.0-255,2902,70988,64,177895
15309,0.001383,172.31.40.0-255,66,71054,64,177895
15310,0.001397,74.125.130.0-255,1484,72538,64,177895
15311,0.001399,172.31.40.0-255,66,72604,64,177895
15312,0.001414,74.125.130.0-255,4320,76924,64,177895
15313,0.001416,172.31.40.0-255,66,76990,64,177895
15314,0.001419,74.125.130.0-255,1484,78474,64,177895
15315,0.001421,172.31.40.0-255,66,78540,64,177895
15316,0.001443,74.125.130.0-255,2902,81442,64,177895
15317,0.001445,172.31.40.0-255,66,81508,64,177895
15318,0.001462,74.125.130.0-255,1484,82992,64,177895
15319,0.001464,172.31.40.0-255,66,83058,64,177895
15320,0.001484,74.125.130.0-255,1704,84762,64,177895
15321,0.001486,172.31.40.0-255,66,84828,64,177895
15322,0.001552,74.125.130.0-255,1484,86312,64,177895
15323,0.001555,172.31.40.0-255,66,86378,64,177895
15324,0.00157,74.125.130.0-255,1484,87862,64,177895
15325,0.001573,172.31.40.0-255,66,87928,64,177895
15326,0.00159,74.125.130.0-255,1484,89412,64,177895
15327,0.001592,172.31.40.0-255,66,89478,64,177895
15328,0.001597,74.125.130.0-255,2902,92380,64,177895
15329,0.001599,172.31.40.0-255,66,92446,64,177895
15330,0.001622,74.125.130.0-255,2902,95348,64,177895
15331,0.001624,172.31.40.0-255,66,95414,64,177895
15332,0.001628,74.125.130.0-255,2902,98316,64,177895
15333,0.00163,172.31.40.0-255,66,98382,64,177895
15334,0.001663,74.125.130.0-255,3961,102343,64,177895
15335,0.001666,172.31.40.0-255,66,102409,64,177895
15336,0.001724,74.125.130.0-255,1484,103893,64,177895
15337,0.001728,172.31.40.0-255,66,103959,64,177895
15338,0.001731,74.125.130.0-255,1484,105443,64,177895
15339,0.001733,172.31.40.0-255,66,105509,64,177895
15340,0.001745,74.125.130.0-255,1484,106993,64,177895
15341,0.001747,172.31.40.0-255,66,107059,64,177895
15342,0.001769,74.125.130.0-255,4320,111379,64,177895
15343,0.001772,172.31.40.0-255,66,111445,64,177895
15344,0.001788,74.125.130.0-255,1484,112929,64,177895
15345,0.00179,172.31.40.0-255,66,112995,64,177895
15346,0.001793,74.125.130.0-255,1484,114479,64,177895
15347,0.001794,172.31.40.0-255,66,114545,64,177895
15348,0.001809,74.125.130.0-255,4320,118865,64,177895
15349,0.001825,74.125.130.0-255,462,119327,64,177895
15350,0.002221,74.125.130.0-255,198,119525,64,177895
15351,0.006794,172.31.40.0-255,66,119591,64,177895
15352,0.00904,74.125.130.0-255,2902,122493,64,177895
15353,0.009051,172.31.40.0-255,66,122559,64,177895
15354,0.009074,74.125.130.0-255,2902,125461,64,177895
15355,0.009077,172.31.40.0-255,66,125527,64,177895
15356,0.01129,74.125.130.0-255,2902,128429,64,177895
15357,0.011297,172.31.40.0-255,66,128495,64,177895
15358,0.011319,74.125.130.0-255,2902,131397,64,177895
15359,0.011322,172.31.40.0-255,66,131463,64,177895
15360,0.013561,74.125.130.0-255,5738,137201,64,177895
15361,0.013569,172.31.40.0-255,66,137267,64,177895
15362,0.015818,74.125.130.0-255,5738,143005,64,177895
15363,0.015826,172.31.40.0-255,66,143071,64,177895
15364,0.018083,74.125.130.0-255,5738,148809,64,177895
15365,0.018091,172.31.40.0-255,66,148875,64,177895
15366,0.020349,74.125.130.0-255,5738,154613,64,177895
15367,0.020358,172.31.40.0-255,66,154679,64,177895
15368,0.022625,74.125.130.0-255,5738,160417,64,177895
15369,0.022634,172.31.40.0-255,66,160483,64,177895
15370,0.024882,74.125.130.0-255,5738,166221,64,177895
15371,0.024889,172.31.40.0-255,66,166287,64,177895
15372,0.027163,74.125.130.0-255,5738,172025,64,177895
15373,0.027171,172.31.40.0-255,66,172091,64,177895
15374,0.029418,74.125.130.0-255,5738,177829,64,177895
15375,0.029428,172.31.40.0-255,66,177895,64,177895
15376,0.0,172.31.40.0-255,105,105,64,459
15377,0.000151,172.31.40.0-255,90,195,64,459
15378,0.00016,172.31.40.0-255,66,261,64,459
15379,0.002168,172.217.194.0-255,66,327,64,459
15380,0.002196,172.217.194.0-255,66,393,64,459
15381,0.002218,172.31.40.0-255,66,459,64,459
15382,0.0,172.217.194.0-255,152,152,64,145453
15383,2.2e-05,172.31.40.0-255,66,218,64,145453
15384,2.8e-05,172.217.194.0-255,1484,1702,64,145453
15385,3.2e-05,172.31.40.0-255,66,1768,64,145453
15386,3.8e-05,172.217.194.0-255,2902,4670,64,145453
15387,4.9e-05,172.31.40.0-255,66,4736,64,145453
15388,5.5e-05,172.217.194.0-255,5738,10474,64,145453
15389,5.7e-05,172.31.40.0-255,66,10540,64,145453
15390,0.000101,172.31.40.0-255,66,10606,64,145453
15391,0.000108,172.217.194.0-255,6797,17403,64,145453
15392,0.00011,172.31.40.0-255,66,17469,64,145453
15393,0.000155,172.217.194.0-255,1484,18953,64,145453
15394,0.000157,172.31.40.0-255,66,19019,64,145453
15395,0.000161,172.217.194.0-255,2902,21921,64,145453
15396,0.000163,172.31.40.0-255,66,21987,64,145453
15397,0.000169,172.217.194.0-255,5738,27725,64,145453
15398,0.000175,172.31.40.0-255,66,27791,64,145453
15399,0.00018,172.217.194.0-255,4320,32111,64,145453
15400,0.000182,172.31.40.0-255,66,32177,64,145453
15401,0.000219,172.31.40.0-255,66,32243,64,145453
15402,0.000247,172.31.40.0-255,66,32309,64,145453
15403,0.000273,172.217.194.0-255,679,32988,64,145453
15404,0.000275,172.31.40.0-255,66,33054,64,145453
15405,0.000304,172.217.194.0-255,1484,34538,64,145453
15406,0.000306,172.31.40.0-255,66,34604,64,145453
15407,0.00031,172.217.194.0-255,1484,36088,64,145453
15408,0.000312,172.31.40.0-255,66,36154,64,145453
15409,0.000345,172.217.194.0-255,2902,39056,64,145453
15410,0.000348,172.31.40.0-255,66,39122,64,145453
15411,0.00036,172.217.194.0-255,5738,44860,64,145453
15412,0.000362,172.31.40.0-255,66,44926,64,145453
15413,0.000369,172.217.194.0-255,7156,52082,64,145453
15414,0.000371,172.31.40.0-255,66,52148,64,145453
15415,0.000423,172.31.40.0-255,66,52214,64,145453
15416,0.000427,172.217.194.0-255,1633,53847,64,145453
15417,0.000431,172.31.40.0-255,66,53913,64,145453
15418,0.00046,172.217.194.0-255,2902,56815,64,145453
15419,0.000462,172.31.40.0-255,66,56881,64,145453
15420,0.00047,172.217.194.0-255,7156,64037,64,145453
15421,0.000472,172.31.40.0-255,66,64103,64,145453
15422,0.000482,172.217.194.0-255,4320,68423,64,145453
15423,0.000484,172.31.40.0-255,66,68489,64,145453
15424,0.000515,172.31.40.0-255,66,68555,64,145453
15425,0.000547,172.217.194.0-255,7156,75711,64,145453
15426,0.00055,172.31.40.0-255,66,75777,64,145453
15427,0.000569,172.217.194.0-255,3602,79379,64,145453
15428,0.000572,172.31.40.0-255,66,79445,64,145453
15429,0.000687,172.217.194.0-255,1484,80929,64,145453
15430,0.000694,172.217.194.0-255,2902,83831,64,145453
15431,0.000697,172.31.40.0-255,66,83897,64,145453
15432,0.000715,172.217.194.0-255,4320,88217,64,145453
15433,0.000722,172.31.40.0-255,66,88283,64,145453
15434,0.000739,172.217.194.0-255,1484,89767,64,145453
15435,0.000759,172.31.40.0-255,66,89833,64,145453
15436,0.000788,172.217.194.0-255,5738,95571,64,145453
15437,0.000791,172.31.40.0-255,66,95637,64,145453
15438,0.000824,172.31.40.0-255,66,95703,64,145453
15439,0.000941,172.217.194.0-255,1484,97187,64,145453
15440,0.000947,172.217.194.0-255,2902,100089,64,145453
15441,0.000951,172.31.40.0-255,66,100155,64,145453
15442,0.000957,172.217.194.0-255,2902,103057,64,145453
15443,0.000959,172.31.40.0-255,66,103123,64,145453
15444,0.000991,172.217.194.0-255,2902,106025,64,145453
15445,0.000993,172.31.40.0-255,66,106091,64,145453
15446,0.001,172.217.194.0-255,5738,111829,64,145453
15447,0.001003,172.31.40.0-255,66,111895,64,145453
15448,0.001017,172.217.194.0-255,7156,119051,64,145453
15449,0.001019,172.31.40.0-255,66,119117,64,145453
15450,0.001081,172.31.40.0-255,66,119183,64,145453
15451,0.001187,172.217.194.0-255,1484,120667,64,145453
15452,0.001204,172.217.194.0-255,2902,123569,64,145453
15453,0.001207,172.31.40.0-255,66,123635,64,145453
15454,0.001214,172.217.194.0-255,5738,129373,64,145453
15455,0.001217,172.31.40.0-255,66,129439,64,145453
15456,0.001283,172.217.194.0-255,4320,133759,64,145453
15457,0.001286,172.31.40.0-255,66,133825,64,145453
15458,0.001324,172.31.40.0-255,66,133891,64,145453
15459,0.001337,172.31.40.0-255,66,133957,64,145453
15460,0.001355,172.31.40.0-255,66,134023,64,145453
15461,0.001382,172.31.40.0-255,66,134089,64,145453
15462,0.001403,172.31.40.0-255,66,134155,64,145453
15463,0.001451,172.31.40.0-255,66,134221,64,145453
15464,0.001465,172.31.40.0-255,66,134287,64,145453
15465,0.001582,172.217.194.0-255,4320,138607,64,145453
15466,0.001734,172.217.194.0-255,2902,141509,64,145453
15467,0.00174,172.217.194.0-255,3602,145111,64,145453
15468,0.001751,172.217.194.0-255,105,145216,64,145453
15469,0.00187,172.31.40.0-255,66,145282,64,145453
15470,0.010673,172.31.40.0-255,105,145387,64,145453
15471,0.013265,172.217.194.0-255,66,145453,64,145453
15472,0.0,74.125.68.0-255,153,153,64,216958
15473,2.2e-05,172.31.40.0-255,66,219,64,216958
15474,2.9e-05,74.125.68.0-255,1484,1703,64,216958
15475,3.5e-05,172.31.40.0-255,66,1769,64,216958
15476,4e-05,74.125.68.0-255,2902,4671,64,216958
15477,4.4e-05,172.31.40.0-255,66,4737,64,216958
15478,4.8e-05,74.125.68.0-255,2902,7639,64,216958
15479,5.1e-05,172.31.40.0-255,66,7705,64,216958
15480,7.1e-05,74.125.68.0-255,1484,9189,64,216958
15481,7.4e-05,172.31.40.0-255,66,9255,64,216958
15482,9e-05,74.125.68.0-255,1484,10739,64,216958
15483,9.2e-05,172.31.40.0-255,66,10805,64,216958
15484,0.000111,74.125.68.0-255,3419,14224,64,216958
15485,0.000113,172.31.40.0-255,66,14290,64,216958
15486,0.000193,74.125.68.0-255,1484,15774,64,216958
15487,0.000196,172.31.40.0-255,66,15840,64,216958
15488,0.00022,74.125.68.0-255,2902,18742,64,216958
15489,0.000222,172.31.40.0-255,66,18808,64,216958
15490,0.000229,74.125.68.0-255,5738,24546,64,216958
15491,0.000231,172.31.40.0-255,66,24612,64,216958
15492,0.000258,74.125.68.0-255,6797,31409,64,216958
15493,0.000261,172.31.40.0-255,66,31475,64,216958
15494,0.00031,74.125.68.0-255,1484,32959,64,216958
15495,0.000312,172.31.40.0-255,66,33025,64,216958
15496,0.000317,74.125.68.0-255,2902,35927,64,216958
15497,0.000319,172.31.40.0-255,66,35993,64,216958
15498,0.000339,74.125.68.0-255,2902,38895,64,216958
15499,0.000341,172.31.40.0-255,66,38961,64,216958
15500,0.000357,74.125.68.0-255,1484,40445,64,216958
15501,0.000359,172.31.40.0-255,66,40511,64,216958
15502,0.000396,172.31.40.0-255,66,40577,64,216958
15503,0.000988,74.125.68.0-255,1484,42061,64,216958
15504,0.000999,74.125.68.0-255,2902,44963,64,216958
15505,0.001003,172.31.40.0-255,66,45029,64,216958
15506,0.001063,74.125.68.0-255,1484,46513,64,216958
15507,0.00107,74.125.68.0-255,2902,49415,64,216958
15508,0.001095,74.125.68.0-255,5738,55153,64,216958
15509,0.001156,74.125.68.0-255,2543,57696,64,216958
15510,0.001348,74.125.68.0-255,1484,59180,64,216958
15511,0.001369,74.125.68.0-255,2902,62082,64,216958
15512,0.001398,74.125.68.0-255,5738,67820,64,216958
15513,0.001401,74.125.68.0-255,1484,69304,64,216958
15514,0.001405,74.125.68.0-255,1484,70788,64,216958
15515,0.001421,74.125.68.0-255,1484,72272,64,216958
15516,0.001446,74.125.68.0-255,1484,73756,64,216958
15517,0.001467,74.125.68.0-255,3961,77717,64,216958
15518,0.001507,74.125.68.0-255,5738,83455,64,216958
15519,0.001551,74.125.68.0-255,2902,86357,64,216958
15520,0.001589,74.125.68.0-255,7156,93513,64,216958
15521,0.001613,74.125.68.0-255,5738,99251,64,216958
15522,0.001618,74.125.68.0-255,4320,103571,64,216958
15523,0.001624,74.125.68.0-255,5738,109309,64,216958
15524,0.001715,74.125.68.0-255,5379,114688,64,216958
15525,0.001972,74.125.68.0-255,1484,116172,64,216958
15526,0.001992,74.125.68.0-255,2902,119074,64,216958
15527,0.002018,74.125.68.0-255,5738,124812,64,216958
15528,0.002045,74.125.68.0-255,2902,127714,64,216958
15529,0.002095,74.125.68.0-255,2902,130616,64,216958
15530,0.002153,74.125.68.0-255,1484,132100,64,216958
15531,0.002174,74.125.68.0-255,2902,135002,64,216958
15532,0.002186,74.125.68.0-255,1484,136486,64,216958
15533,0.002201,74.125.68.0-255,4320,140806,64,216958
15534,0.002207,74.125.68.0-255,4320,145126,64,216958
15535,0.002227,74.125.68.0-255,5738,150864,64,216958
15536,0.00226,74.125.68.0-255,4320,155184,64,216958
15537,0.002284,74.125.68.0-255,5738,160922,64,216958
15538,0.002304,74.125.68.0-255,2902,163824,64,216958
15539,0.002345,74.125.68.0-255,766,164590,64,216958
15540,0.00248,74.125.68.0-255,1484,166074,64,216958
15541,0.002485,74.125.68.0-255,2902,168976,64,216958
15542,0.0025,74.125.68.0-255,1484,170460,64,216958
15543,0.007221,172.31.40.0-255,66,170526,64,216958
15544,0.009762,74.125.68.0-255,5738,176264,64,216958
15545,0.00977,172.31.40.0-255,66,176330,64,216958
15546,0.012281,74.125.68.0-255,5738,182068,64,216958
15547,0.012289,172.31.40.0-255,66,182134,64,216958
15548,0.014807,74.125.68.0-255,5738,187872,64,216958
15549,0.014817,172.31.40.0-255,66,187938,64,216958
15550,0.017345,74.125.68.0-255,5738,193676,64,216958
15551,0.018904,172.31.40.0-255,66,193742,64,216958
15552,0.021417,74.125.68.0-255,5738,199480,64,216958
15553,0.021434,172.31.40.0-255,66,199546,64,216958
15554,0.023944,74.125.68.0-255,5738,205284,64,216958
15555,0.023952,172.31.40.0-255,66,205350,64,216958
15556,0.026498,74.125.68.0-255,5738,211088,64,216958
15557,0.026517,172.31.40.0-255,66,211154,64,216958
15558,0.02902,74.125.68.0-255,5738,216892,64,216958
15559,0.029028,172.31.40.0-255,66,216958,64,216958
15560,0.0,74.125.68.0-255,182,182,64,226470
15561,2.2e-05,172.31.40.0-255,66,248,64,226470
15562,2.9e-05,74.125.68.0-255,1484,1732,64,226470
15563,3.3e-05,172.31.40.0-255,66,1798,64,226470
15564,4e-05,74.125.68.0-255,2902,4700,64,226470
15565,4.4e-05,172.31.40.0-255,66,4766,64,226470
15566,4.7e-05,74.125.68.0-255,1484,6250,64,226470
15567,5e-05,172.31.40.0-255,66,6316,64,226470
15568,5.5e-05,74.125.68.0-255,2902,9218,64,226470
15569,5.8e-05,172.31.40.0-255,66,9284,64,226470
15570,8.5e-05,74.125.68.0-255,4823,14107,64,226470
15571,8.9e-05,172.31.40.0-255,66,14173,64,226470
15572,0.000132,74.125.68.0-255,2902,17075,64,226470
15573,0.000134,172.31.40.0-255,66,17141,64,226470
15574,0.000148,74.125.68.0-255,2902,20043,64,226470
15575,0.000151,172.31.40.0-255,66,20109,64,226470
15576,0.000173,74.125.68.0-255,1484,21593,64,226470
15577,0.000176,172.31.40.0-255,66,21659,64,226470
15578,0.000187,172.31.40.0-255,66,21725,64,226470
15579,0.00019,74.125.68.0-255,1125,22850,64,226470
15580,0.000192,172.31.40.0-255,66,22916,64,226470
15581,0.000318,74.125.68.0-255,1484,24400,64,226470
15582,0.000323,172.31.40.0-255,66,24466,64,226470
15583,0.000345,74.125.68.0-255,2902,27368,64,226470
15584,0.000349,172.31.40.0-255,66,27434,64,226470
15585,0.000354,74.125.68.0-255,4320,31754,64,226470
15586,0.000356,172.31.40.0-255,66,31820,64,226470
15587,0.000391,74.125.68.0-255,5738,37558,64,226470
15588,0.000394,172.31.40.0-255,66,37624,64,226470
15589,0.00041,74.125.68.0-255,2543,40167,64,226470
15590,0.000413,172.31.40.0-255,66,40233,64,226470
15591,0.000415,74.125.68.0-255,1484,41717,64,226470
15592,0.000441,74.125.68.0-255,7156,48873,64,226470
15593,0.000444,172.31.40.0-255,66,48939,64,226470
15594,0.000452,74.125.68.0-255,7156,56095,64,226470
15595,0.000454,172.31.40.0-255,66,56161,64,226470
15596,0.000487,74.125.68.0-255,1480,57641,64,226470
15597,0.000516,74.125.68.0-255,332,57973,64,226470
15598,0.000519,172.31.40.0-255,66,58039,64,226470
15599,0.000736,74.125.68.0-255,1484,59523,64,226470
15600,0.000741,74.125.68.0-255,2902,62425,64,226470
15601,0.000747,172.31.40.0-255,66,62491,64,226470
15602,0.000771,74.125.68.0-255,4320,66811,64,226470
15603,0.000774,172.31.40.0-255,66,66877,64,226470
15604,0.00079,74.125.68.0-255,1484,68361,64,226470
15605,0.000796,74.125.68.0-255,4320,72681,64,226470
15606,0.000799,172.31.40.0-255,66,72747,64,226470
15607,0.000828,74.125.68.0-255,2902,75649,64,226470
15608,0.00083,172.31.40.0-255,66,75715,64,226470
15609,0.000841,172.31.40.0-255,66,75781,64,226470
15610,0.000844,74.125.68.0-255,1484,77265,64,226470
15611,0.000865,74.125.68.0-255,6438,83703,64,226470
15612,0.000868,172.31.40.0-255,66,83769,64,226470
15613,0.001066,74.125.68.0-255,1484,85253,64,226470
15614,0.001081,74.125.68.0-255,2902,88155,64,226470
15615,0.001084,172.31.40.0-255,66,88221,64,226470
15616,0.001089,74.125.68.0-255,2902,91123,64,226470
15617,0.001091,172.31.40.0-255,66,91189,64,226470
15618,0.001107,74.125.68.0-255,4320,95509,64,226470
15619,0.001109,172.31.40.0-255,66,95575,64,226470
15620,0.001144,74.125.68.0-255,5738,101313,64,226470
15621,0.001147,172.31.40.0-255,66,101379,64,226470
15622,0.001169,74.125.68.0-255,2902,104281,64,226470
15623,0.001171,172.31.40.0-255,66,104347,64,226470
15624,0.001177,74.125.68.0-255,4320,108667,64,226470
15625,0.001179,172.31.40.0-255,66,108733,64,226470
15626,0.001185,74.125.68.0-255,5738,114471,64,226470
15627,0.001187,172.31.40.0-255,66,114537,64,226470
15628,0.001191,74.125.68.0-255,1484,116021,64,226470
15629,0.001212,74.125.68.0-255,2184,118205,64,226470
15630,0.001216,172.31.40.0-255,66,118271,64,226470
15631,0.002018,74.125.68.0-255,1484,119755,64,226470
15632,0.002069,74.125.68.0-255,1484,121239,64,226470
15633,0.002074,172.31.40.0-255,66,121305,64,226470
15634,0.00208,74.125.68.0-255,2902,124207,64,226470
15635,0.002082,172.31.40.0-255,66,124273,64,226470
15636,0.002102,74.125.68.0-255,1484,125757,64,226470
15637,0.002125,74.125.68.0-255,2902,128659,64,226470
15638,0.002128,172.31.40.0-255,66,128725,64,226470
15639,0.002133,74.125.68.0-255,2902,131627,64,226470
15640,0.002134,172.31.40.0-255,66,131693,64,226470
15641,0.002149,74.125.68.0-255,2902,134595,64,226470
15642,0.002151,172.31.40.0-255,66,134661,64,226470
15643,0.002155,74.125.68.0-255,2902,137563,64,226470
15644,0.002157,172.31.40.0-255,66,137629,64,226470
15645,0.002161,74.125.68.0-255,2902,140531,64,226470
15646,0.002163,172.31.40.0-255,66,140597,64,226470
15647,0.002175,74.125.68.0-255,1484,142081,64,226470
15648,0.002202,74.125.68.0-255,2902,144983,64,226470
15649,0.002204,172.31.40.0-255,66,145049,64,226470
15650,0.002222,74.125.68.0-255,4320,149369,64,226470
15651,0.002224,172.31.40.0-255,66,149435,64,226470
15652,0.002261,74.125.68.0-255,3602,153037,64,226470
15653,0.002263,172.31.40.0-255,66,153103,64,226470
15654,0.004468,74.125.68.0-255,1484,154587,64,226470
15655,0.004514,74.125.68.0-255,4320,158907,64,226470
15656,0.004518,172.31.40.0-255,66,158973,64,226470
15657,0.006768,74.125.68.0-255,5738,164711,64,226470
15658,0.006774,172.31.40.0-255,66,164777,64,226470
15659,0.009024,74.125.68.0-255,5738,170515,64,226470
15660,0.009031,172.31.40.0-255,66,170581,64,226470
15661,0.011289,74.125.68.0-255,5738,176319,64,226470
15662,0.011297,172.31.40.0-255,66,176385,64,226470
15663,0.01356,74.125.68.0-255,5738,182123,64,226470
15664,0.013568,172.31.40.0-255,66,182189,64,226470
15665,0.015823,74.125.68.0-255,5738,187927,64,226470
15666,0.015833,172.31.40.0-255,66,187993,64,226470
15667,0.018104,74.125.68.0-255,5738,193731,64,226470
15668,0.018116,172.31.40.0-255,66,193797,64,226470
15669,0.020365,74.125.68.0-255,5738,199535,64,226470
15670,0.020374,172.31.40.0-255,66,199601,64,226470
15671,0.022623,74.125.68.0-255,5738,205339,64,226470
15672,0.022631,172.31.40.0-255,66,205405,64,226470
15673,0.024891,74.125.68.0-255,5738,211143,64,226470
15674,0.024901,172.31.40.0-255,66,211209,64,226470
15675,0.027157,74.125.68.0-255,4320,215529,64,226470
15676,0.027164,172.31.40.0-255,66,215595,64,226470
15677,0.027181,74.125.68.0-255,1484,217079,64,226470
15678,0.028967,172.31.40.0-255,167,217246,64,226470
15679,0.029,172.31.40.0-255,1112,218358,64,226470
15680,0.029057,172.31.40.0-255,1514,219872,64,226470
15681,0.029059,172.31.40.0-255,1514,221386,64,226470
15682,0.02906,172.31.40.0-255,698,222084,64,226470
15683,0.029425,74.125.68.0-255,4320,226404,64,226470
15684,0.029433,172.31.40.0-255,66,226470,64,226470
15685,0.0,74.125.68.0-255,153,153,64,204118
15686,2.1e-05,172.31.40.0-255,66,219,64,204118
15687,2.8e-05,74.125.68.0-255,1484,1703,64,204118
15688,3.2e-05,172.31.40.0-255,66,1769,64,204118
15689,3.8e-05,74.125.68.0-255,2902,4671,64,204118
15690,4e-05,172.31.40.0-255,66,4737,64,204118
15691,5.3e-05,74.125.68.0-255,1484,6221,64,204118
15692,5.5e-05,172.31.40.0-255,66,6287,64,204118
15693,6e-05,74.125.68.0-255,2902,9189,64,204118
15694,6.4e-05,172.31.40.0-255,66,9255,64,204118
15695,9.5e-05,74.125.68.0-255,4838,14093,64,204118
15696,9.9e-05,172.31.40.0-255,66,14159,64,204118
15697,0.000204,74.125.68.0-255,1484,15643,64,204118
15698,0.000209,172.31.40.0-255,66,15709,64,204118
15699,0.000214,74.125.68.0-255,2902,18611,64,204118
15700,0.000216,172.31.40.0-255,66,18677,64,204118
15701,0.000223,74.125.68.0-255,5738,24415,64,204118
15702,0.000229,172.31.40.0-255,66,24481,64,204118
15703,0.000258,74.125.68.0-255,4320,28801,64,204118
15704,0.00026,172.31.40.0-255,66,28867,64,204118
15705,0.000293,74.125.68.0-255,2543,31410,64,204118
15706,0.000296,172.31.40.0-255,66,31476,64,204118
15707,0.00062,74.125.68.0-255,1484,32960,64,204118
15708,0.000625,172.31.40.0-255,66,33026,64,204118
15709,0.000631,74.125.68.0-255,2902,35928,64,204118
15710,0.000633,172.31.40.0-255,66,35994,64,204118
15711,0.000657,74.125.68.0-255,4320,40314,64,204118
15712,0.000664,172.31.40.0-255,66,40380,64,204118
15713,0.000697,172.31.40.0-255,66,40446,64,204118
15714,0.001508,74.125.68.0-255,1484,41930,64,204118
15715,0.001515,172.31.40.0-255,66,41996,64,204118
15716,0.001525,74.125.68.0-255,2902,44898,64,204118
15717,0.001527,172.31.40.0-255,66,44964,64,204118
15718,0.00154,74.125.68.0-255,5738,50702,64,204118
15719,0.001542,172.31.40.0-255,66,50768,64,204118
15720,0.001546,74.125.68.0-255,2902,53670,64,204118
15721,0.001548,172.31.40.0-255,66,53736,64,204118
15722,0.001554,74.125.68.0-255,3961,57697,64,204118
15723,0.001557,172.31.40.0-255,66,57763,64,204118
15724,0.0016,74.125.68.0-255,5738,63501,64,204118
15725,0.001602,172.31.40.0-255,66,63567,64,204118
15726,0.001629,74.125.68.0-255,2902,66469,64,204118
15727,0.001631,172.31.40.0-255,66,66535,64,204118
15728,0.001669,172.31.40.0-255,66,66601,64,204118
15729,0.001694,74.125.68.0-255,1484,68085,64,204118
15730,0.001717,74.125.68.0-255,2902,70987,64,204118
15731,0.001719,172.31.40.0-255,66,71053,64,204118
15732,0.001726,74.125.68.0-255,5738,76791,64,204118
15733,0.001729,172.31.40.0-255,66,76857,64,204118
15734,0.001749,74.125.68.0-255,5738,82595,64,204118
15735,0.001751,172.31.40.0-255,66,82661,64,204118
15736,0.001773,74.125.68.0-255,1484,84145,64,204118
15737,0.001776,74.125.68.0-255,288,84433,64,204118
15738,0.001778,172.31.40.0-255,66,84499,64,204118
15739,0.001905,74.125.68.0-255,1484,85983,64,204118
15740,0.001921,74.125.68.0-255,2902,88885,64,204118
15741,0.001924,172.31.40.0-255,66,88951,64,204118
15742,0.001944,74.125.68.0-255,5738,94689,64,204118
15743,0.001946,172.31.40.0-255,66,94755,64,204118
15744,0.001951,74.125.68.0-255,2902,97657,64,204118
15745,0.001953,172.31.40.0-255,66,97723,64,204118
15746,0.001981,74.125.68.0-255,4320,102043,64,204118
15747,0.001984,172.31.40.0-255,66,102109,64,204118
15748,0.001987,74.125.68.0-255,1484,103593,64,204118
15749,0.002014,74.125.68.0-255,7156,110749,64,204118
15750,0.002017,172.31.40.0-255,66,110815,64,204118
15751,0.002023,74.125.68.0-255,5738,116553,64,204118
15752,0.002025,172.31.40.0-255,66,116619,64,204118
15753,0.002052,74.125.68.0-255,2184,118803,64,204118
15754,0.002055,172.31.40.0-255,66,118869,64,204118
15755,0.004087,74.125.68.0-255,2902,121771,64,204118
15756,0.004092,172.31.40.0-255,66,121837,64,204118
15757,0.004118,74.125.68.0-255,2902,124739,64,204118
15758,0.00412,172.31.40.0-255,66,124805,64,204118
15759,0.006153,74.125.68.0-255,2902,127707,64,204118
15760,0.006157,172.31.40.0-255,66,127773,64,204118
15761,0.006215,74.125.68.0-255,2902,130675,64,204118
15762,0.006219,172.31.40.0-255,66,130741,64,204118
15763,0.008225,74.125.68.0-255,2902,133643,64,204118
15764,0.008232,172.31.40.0-255,66,133709,64,204118
15765,0.008269,74.125.68.0-255,2902,136611,64,204118
15766,0.008272,172.31.40.0-255,66,136677,64,204118
15767,0.010299,74.125.68.0-255,2902,139579,64,204118
15768,0.010306,172.31.40.0-255,66,139645,64,204118
15769,0.010334,74.125.68.0-255,2902,142547,64,204118
15770,0.010337,172.31.40.0-255,66,142613,64,204118
15771,0.012373,74.125.68.0-255,2902,145515,64,204118
15772,0.01238,172.31.40.0-255,66,145581,64,204118
15773,0.012402,74.125.68.0-255,2902,148483,64,204118
15774,0.012405,172.31.40.0-255,66,148549,64,204118
15775,0.014445,74.125.68.0-255,2902,151451,64,204118
15776,0.014455,172.31.40.0-255,66,151517,64,204118
15777,0.014487,74.125.68.0-255,2902,154419,64,204118
15778,0.01449,172.31.40.0-255,66,154485,64,204118
15779,0.016529,74.125.68.0-255,2902,157387,64,204118
15780,0.016536,172.31.40.0-255,66,157453,64,204118
15781,0.016574,74.125.68.0-255,2902,160355,64,204118
15782,0.016577,172.31.40.0-255,66,160421,64,204118
15783,0.018613,74.125.68.0-255,2902,163323,64,204118
15784,0.018621,172.31.40.0-255,66,163389,64,204118
15785,0.018653,74.125.68.0-255,2902,166291,64,204118
15786,0.018656,172.31.40.0-255,66,166357,64,204118
15787,0.02069,74.125.68.0-255,2902,169259,64,204118
15788,0.0207,172.31.40.0-255,66,169325,64,204118
15789,0.020732,74.125.68.0-255,2902,172227,64,204118
15790,0.020735,172.31.40.0-255,66,172293,64,204118
15791,0.022766,74.125.68.0-255,2902,175195,64,204118
15792,0.022774,172.31.40.0-255,66,175261,64,204118
15793,0.022809,74.125.68.0-255,2902,178163,64,204118
15794,0.022812,172.31.40.0-255,66,178229,64,204118
15795,0.024838,74.125.68.0-255,2902,181131,64,204118
15796,0.024843,172.31.40.0-255,66,181197,64,204118
15797,0.02488,74.125.68.0-255,2902,184099,64,204118
15798,0.024884,172.31.40.0-255,66,184165,64,204118
15799,0.025695,172.31.40.0-255,172,184337,64,204118
15800,0.025728,172.31.40.0-255,1112,185449,64,204118
15801,0.025784,172.31.40.0-255,1514,186963,64,204118
15802,0.025785,172.31.40.0-255,1514,188477,64,204118
15803,0.025789,172.31.40.0-255,1514,189991,64,204118
15804,0.025791,172.31.40.0-255,1514,191505,64,204118
15805,0.025811,172.31.40.0-255,477,191982,64,204118
15806,0.026909,74.125.68.0-255,2902,194884,64,204118
15807,0.026917,172.31.40.0-255,66,194950,64,204118
15808,0.02695,74.125.68.0-255,2902,197852,64,204118
15809,0.026953,172.31.40.0-255,66,197918,64,204118
15810,0.027258,104.244.42.0-255,66,197984,64,204118
15811,0.0273,104.244.42.0-255,66,198050,64,204118
15812,0.027367,104.244.42.0-255,66,198116,64,204118
15813,0.027373,104.244.42.0-255,66,198182,64,204118
15814,0.02898,74.125.68.0-255,2902,201084,64,204118
15815,0.028986,172.31.40.0-255,66,201150,64,204118
15816,0.029012,74.125.68.0-255,2902,204052,64,204118
15817,0.029015,172.31.40.0-255,66,204118,64,204118
15818,0.0,172.31.40.0-255,105,105,64,459
15819,0.000152,172.31.40.0-255,90,195,64,459
15820,0.000163,172.31.40.0-255,66,261,64,459
15821,0.002221,172.217.194.0-255,66,327,64,459
15822,0.002282,172.217.194.0-255,66,393,64,459
15823,0.002307,172.31.40.0-255,66,459,64,459
15824,0.0,74.125.200.0-255,152,152,64,337737
15825,1.6e-05,172.31.40.0-255,66,218,64,337737
15826,2.3e-05,74.125.200.0-255,1484,1702,64,337737
15827,2.7e-05,172.31.40.0-255,66,1768,64,337737
15828,3.3e-05,74.125.200.0-255,2902,4670,64,337737
15829,3.8e-05,172.31.40.0-255,66,4736,64,337737
15830,4.1e-05,74.125.200.0-255,1484,6220,64,337737
15831,4.4e-05,172.31.40.0-255,66,6286,64,337737
15832,6.9e-05,74.125.200.0-255,4320,10606,64,337737
15833,7.2e-05,172.31.40.0-255,66,10672,64,337737
15834,7.7e-05,74.125.200.0-255,3556,14228,64,337737
15835,7.9e-05,172.31.40.0-255,66,14294,64,337737
15836,0.000162,74.125.200.0-255,1484,15778,64,337737
15837,0.000165,172.31.40.0-255,66,15844,64,337737
15838,0.000186,74.125.200.0-255,2902,18746,64,337737
15839,0.000189,172.31.40.0-255,66,18812,64,337737
15840,0.00021,74.125.200.0-255,5738,24550,64,337737
15841,0.000213,172.31.40.0-255,66,24616,64,337737
15842,0.000216,74.125.200.0-255,1484,26100,64,337737
15843,0.000218,172.31.40.0-255,66,26166,64,337737
15844,0.000241,74.125.200.0-255,1484,27650,64,337737
15845,0.000244,172.31.40.0-255,66,27716,64,337737
15846,0.00025,74.125.200.0-255,3961,31677,64,337737
15847,0.000261,172.31.40.0-255,66,31743,64,337737
15848,0.000376,74.125.200.0-255,1484,33227,64,337737
15849,0.00038,172.31.40.0-255,66,33293,64,337737
15850,0.000401,74.125.200.0-255,2902,36195,64,337737
15851,0.000404,172.31.40.0-255,66,36261,64,337737
15852,0.000431,74.125.200.0-255,5738,41999,64,337737
15853,0.000433,172.31.40.0-255,66,42065,64,337737
15854,0.000436,74.125.200.0-255,1484,43549,64,337737
15855,0.000438,172.31.40.0-255,66,43615,64,337737
15856,0.00048,74.125.200.0-255,4320,47935,64,337737
15857,0.000484,172.31.40.0-255,66,48001,64,337737
15858,0.000504,74.125.200.0-255,3961,51962,64,337737
15859,0.000507,172.31.40.0-255,66,52028,64,337737
15860,0.000521,74.125.200.0-255,1484,53512,64,337737
15861,0.000541,74.125.200.0-255,7156,60668,64,337737
15862,0.000544,172.31.40.0-255,66,60734,64,337737
15863,0.000548,74.125.200.0-255,1484,62218,64,337737
15864,0.000587,74.125.200.0-255,4542,66760,64,337737
15865,0.00059,172.31.40.0-255,66,66826,64,337737
15866,0.000817,74.125.200.0-255,1484,68310,64,337737
15867,0.000822,74.125.200.0-255,1484,69794,64,337737
15868,0.000825,172.31.40.0-255,66,69860,64,337737
15869,0.000843,74.125.200.0-255,1484,71344,64,337737
15870,0.000846,74.125.200.0-255,1484,72828,64,337737
15871,0.000848,172.31.40.0-255,66,72894,64,337737
15872,0.000868,74.125.200.0-255,2902,75796,64,337737
15873,0.000871,172.31.40.0-255,66,75862,64,337737
15874,0.000882,74.125.200.0-255,1484,77346,64,337737
15875,0.0009,74.125.200.0-255,7156,84502,64,337737
15876,0.000903,172.31.40.0-255,66,84568,64,337737
15877,0.00093,74.125.200.0-255,2902,87470,64,337737
15878,0.000932,172.31.40.0-255,66,87536,64,337737
15879,0.000958,74.125.200.0-255,7156,94692,64,337737
15880,0.000961,172.31.40.0-255,66,94758,64,337737
15881,0.000964,74.125.200.0-255,1484,96242,64,337737
15882,0.001007,74.125.200.0-255,5020,101262,64,337737
15883,0.00101,172.31.40.0-255,66,101328,64,337737
15884,0.001094,74.125.200.0-255,1484,102812,64,337737
15885,0.001112,74.125.200.0-255,2902,105714,64,337737
15886,0.001116,172.31.40.0-255,66,105780,64,337737
15887,0.001148,74.125.200.0-255,5738,111518,64,337737
15888,0.001151,172.31.40.0-255,66,111584,64,337737
15889,0.001166,74.125.200.0-255,1484,113068,64,337737
15890,0.001185,74.125.200.0-255,5738,118806,64,337737
15891,0.001188,172.31.40.0-255,66,118872,64,337737
15892,0.001194,74.125.200.0-255,4320,123192,64,337737
15893,0.001196,172.31.40.0-255,66,123258,64,337737
15894,0.00122,74.125.200.0-255,5738,128996,64,337737
15895,0.001224,172.31.40.0-255,66,129062,64,337737
15896,0.001243,74.125.200.0-255,4320,133382,64,337737
15897,0.001246,172.31.40.0-255,66,133448,64,337737
15898,0.001258,74.125.200.0-255,1484,134932,64,337737
15899,0.001269,74.125.200.0-255,766,135698,64,337737
15900,0.001272,172.31.40.0-255,66,135764,64,337737
15901,0.001436,74.125.200.0-255,1484,137248,64,337737
15902,0.001459,74.125.200.0-255,2902,140150,64,337737
15903,0.001463,172.31.40.0-255,66,140216,64,337737
15904,0.001488,74.125.200.0-255,5738,145954,64,337737
15905,0.001491,172.31.40.0-255,66,146020,64,337737
15906,0.001494,74.125.200.0-255,1484,147504,64,337737
15907,0.001512,74.125.200.0-255,2902,150406,64,337737
15908,0.001517,172.31.40.0-255,66,150472,64,337737
15909,0.001529,74.125.200.0-255,4320,154792,64,337737
15910,0.001532,172.31.40.0-255,66,154858,64,337737
15911,0.001557,74.125.200.0-255,1484,156342,64,337737
15912,0.001562,74.125.200.0-255,2902,159244,64,337737
15913,0.001564,172.31.40.0-255,66,159310,64,337737
15914,0.001569,74.125.200.0-255,4320,163630,64,337737
15915,0.001571,172.31.40.0-255,66,163696,64,337737
15916,0.001599,74.125.200.0-255,4320,168016,64,337737
15917,0.001603,172.31.40.0-255,66,168082,64,337737
15918,0.001623,74.125.200.0-255,2184,170266,64,337737
15919,0.001626,172.31.40.0-255,66,170332,64,337737
15920,0.001854,74.125.200.0-255,1484,171816,64,337737
15921,0.00187,74.125.200.0-255,2902,174718,64,337737
15922,0.001873,172.31.40.0-255,66,174784,64,337737
15923,0.001906,74.125.200.0-255,5738,180522,64,337737
15924,0.001909,172.31.40.0-255,66,180588,64,337737
15925,0.001933,74.125.200.0-255,5738,186326,64,337737
15926,0.001935,172.31.40.0-255,66,186392,64,337737
15927,0.00195,74.125.200.0-255,1484,187876,64,337737
15928,0.001957,74.125.200.0-255,5738,193614,64,337737
15929,0.001959,172.31.40.0-255,66,193680,64,337737
15930,0.001963,74.125.200.0-255,2902,196582,64,337737
15931,0.001966,172.31.40.0-255,66,196648,64,337737
15932,0.00199,74.125.200.0-255,4320,200968,64,337737
15933,0.001993,172.31.40.0-255,66,201034,64,337737
15934,0.001998,74.125.200.0-255,2902,203936,64,337737
15935,0.002,172.31.40.0-255,66,204002,64,337737
15936,0.002014,74.125.200.0-255,766,204768,64,337737
15937,0.002077,74.125.200.0-255,1484,206252,64,337737
15938,0.002081,172.31.40.0-255,66,206318,64,337737
15939,0.002098,74.125.200.0-255,2902,209220,64,337737
15940,0.002101,172.31.40.0-255,66,209286,64,337737
15941,0.002123,74.125.200.0-255,4320,213606,64,337737
15942,0.002126,172.31.40.0-255,66,213672,64,337737
15943,0.002148,74.125.200.0-255,7156,220828,64,337737
15944,0.002151,172.31.40.0-255,66,220894,64,337737
15945,0.002172,74.125.200.0-255,1484,222378,64,337737
15946,0.002176,74.125.200.0-255,2902,225280,64,337737
15947,0.002178,172.31.40.0-255,66,225346,64,337737
15948,0.002187,74.125.200.0-255,7156,232502,64,337737
15949,0.002189,172.31.40.0-255,66,232568,64,337737
15950,0.002206,74.125.200.0-255,5738,238306,64,337737
15951,0.002209,172.31.40.0-255,66,238372,64,337737
15952,0.002211,74.125.200.0-255,766,239138,64,337737
15953,0.002214,74.125.200.0-255,1484,240622,64,337737
15954,0.002217,172.31.40.0-255,66,240688,64,337737
15955,0.002222,74.125.200.0-255,4320,245008,64,337737
15956,0.002224,172.31.40.0-255,66,245074,64,337737
15957,0.002271,172.31.40.0-255,66,245140,64,337737
15958,0.002275,74.125.200.0-255,2902,248042,64,337737
15959,0.002278,172.31.40.0-255,66,248108,64,337737
15960,0.002292,74.125.200.0-255,1484,249592,64,337737
15961,0.002325,74.125.200.0-255,766,250358,64,337737
15962,0.002423,74.125.200.0-255,2902,253260,64,337737
15963,0.002441,74.125.200.0-255,6438,259698,64,337737
15964,0.002469,74.125.200.0-255,5738,265436,64,337737
15965,0.002484,74.125.200.0-255,2902,268338,64,337737
15966,0.0025,74.125.200.0-255,4320,272658,64,337737
15967,0.002564,74.125.200.0-255,3602,276260,64,337737
15968,0.002567,74.125.200.0-255,1484,277744,64,337737
15969,0.002583,74.125.200.0-255,1484,279228,64,337737
15970,0.002601,74.125.200.0-255,4320,283548,64,337737
15971,0.002604,74.125.200.0-255,1484,285032,64,337737
15972,0.002606,74.125.200.0-255,1484,286516,64,337737
15973,0.00262,74.125.200.0-255,2902,289418,64,337737
15974,0.00263,74.125.200.0-255,1484,290902,64,337737
15975,0.002652,74.125.200.0-255,2902,293804,64,337737
15976,0.00268,74.125.200.0-255,7156,300960,64,337737
15977,0.002683,74.125.200.0-255,1484,302444,64,337737
15978,0.002685,74.125.200.0-255,1484,303928,64,337737
15979,0.002703,74.125.200.0-255,5020,308948,64,337737
15980,0.002706,74.125.200.0-255,1484,310432,64,337737
15981,0.002709,74.125.200.0-255,1484,311916,64,337737
15982,0.002772,74.125.200.0-255,2902,314818,64,337737
15983,0.002775,74.125.200.0-255,1484,316302,64,337737
15984,0.002778,74.125.200.0-255,1484,317786,64,337737
15985,0.00278,74.125.200.0-255,1484,319270,64,337737
15986,0.002783,74.125.200.0-255,1484,320754,64,337737
15987,0.002795,74.125.200.0-255,2902,323656,64,337737
15988,0.002798,74.125.200.0-255,1484,325140,64,337737
15989,0.00281,74.125.200.0-255,1484,326624,64,337737
15990,0.002815,74.125.200.0-255,4320,330944,64,337737
15991,0.002842,74.125.200.0-255,5020,335964,64,337737
15992,0.002855,74.125.200.0-255,1431,337395,64,337737
15993,0.00291,74.125.200.0-255,105,337500,64,337737
15994,0.009971,172.31.40.0-255,66,337566,64,337737
15995,0.021302,172.31.40.0-255,105,337671,64,337737
15996,0.023826,74.125.200.0-255,66,337737,64,337737
15997,0.0,74.125.24.0-255,152,152,64,195438
15998,2.2e-05,172.31.40.0-255,66,218,64,195438
15999,2.9e-05,74.125.24.0-255,1484,1702,64,195438
16000,3.4e-05,172.31.40.0-255,66,1768,64,195438
16001,4e-05,74.125.24.0-255,2902,4670,64,195438
16002,4.2e-05,172.31.40.0-255,66,4736,64,195438
16003,8e-05,74.125.24.0-255,5738,10474,64,195438
16004,8.3e-05,172.31.40.0-255,66,10540,64,195438
16005,0.000103,74.125.24.0-255,1484,12024,64,195438
16006,0.000105,172.31.40.0-255,66,12090,64,195438
16007,0.00011,74.125.24.0-255,2128,14218,64,195438
16008,0.000112,172.31.40.0-255,66,14284,64,195438
16009,0.000124,172.31.40.0-255,66,14350,64,195438
16010,0.00013,74.125.24.0-255,5379,19729,64,195438
16011,0.000133,172.31.40.0-255,66,19795,64,195438
16012,0.000249,74.125.24.0-255,1484,21279,64,195438
16013,0.000253,172.31.40.0-255,66,21345,64,195438
16014,0.000258,74.125.24.0-255,2902,24247,64,195438
16015,0.000261,172.31.40.0-255,66,24313,64,195438
16016,0.000267,74.125.24.0-255,5738,30051,64,195438
16017,0.000269,172.31.40.0-255,66,30117,64,195438
16018,0.000274,74.125.24.0-255,4320,34437,64,195438
16019,0.000276,172.31.40.0-255,66,34503,64,195438
16020,0.000294,74.125.24.0-255,2543,37046,64,195438
16021,0.000297,172.31.40.0-255,66,37112,64,195438
16022,0.000329,172.31.40.0-255,66,37178,64,195438
16023,0.000332,74.125.24.0-255,1484,38662,64,195438
16024,0.000334,172.31.40.0-255,66,38728,64,195438
16025,0.000371,74.125.24.0-255,1125,39853,64,195438
16026,0.000374,172.31.40.0-255,66,39919,64,195438
16027,0.000508,74.125.24.0-255,397,40316,64,195438
16028,0.000546,74.125.24.0-255,112,40428,64,195438
16029,0.000606,74.125.24.0-255,1484,41912,64,195438
16030,0.000611,172.31.40.0-255,66,41978,64,195438
16031,0.000617,74.125.24.0-255,2902,44880,64,195438
16032,0.000619,172.31.40.0-255,66,44946,64,195438
16033,0.000622,74.125.24.0-255,1484,46430,64,195438
16034,0.000644,74.125.24.0-255,4320,50750,64,195438
16035,0.000647,172.31.40.0-255,66,50816,64,195438
16036,0.000668,74.125.24.0-255,2902,53718,64,195438
16037,0.000671,172.31.40.0-255,66,53784,64,195438
16038,0.000692,74.125.24.0-255,4225,58009,64,195438
16039,0.000695,172.31.40.0-255,66,58075,64,195438
16040,0.000804,74.125.24.0-255,1484,59559,64,195438
16041,0.000818,74.125.24.0-255,2902,62461,64,195438
16042,0.000821,172.31.40.0-255,66,62527,64,195438
16043,0.000845,74.125.24.0-255,5738,68265,64,195438
16044,0.000848,172.31.40.0-255,66,68331,64,195438
16045,0.000873,74.125.24.0-255,2902,71233,64,195438
16046,0.000876,172.31.40.0-255,66,71299,64,195438
16047,0.000896,74.125.24.0-255,3961,75260,64,195438
16048,0.000899,172.31.40.0-255,66,75326,64,195438
16049,0.001326,74.125.24.0-255,1484,76810,64,195438
16050,0.001343,74.125.24.0-255,2902,79712,64,195438
16051,0.001347,172.31.40.0-255,66,79778,64,195438
16052,0.001368,74.125.24.0-255,4320,84098,64,195438
16053,0.00137,172.31.40.0-255,66,84164,64,195438
16054,0.001381,74.125.24.0-255,1484,85648,64,195438
16055,0.001391,172.31.40.0-255,66,85714,64,195438
16056,0.001404,74.125.24.0-255,4320,90034,64,195438
16057,0.001406,172.31.40.0-255,66,90100,64,195438
16058,0.001435,74.125.24.0-255,7156,97256,64,195438
16059,0.001437,172.31.40.0-255,66,97322,64,195438
16060,0.001463,74.125.24.0-255,3602,100924,64,195438
16061,0.001465,172.31.40.0-255,66,100990,64,195438
16062,0.001583,74.125.24.0-255,1484,102474,64,195438
16063,0.001587,74.125.24.0-255,1484,103958,64,195438
16064,0.001589,172.31.40.0-255,66,104024,64,195438
16065,0.001606,74.125.24.0-255,1484,105508,64,195438
16066,0.00161,74.125.24.0-255,2902,108410,64,195438
16067,0.001612,172.31.40.0-255,66,108476,64,195438
16068,0.001632,74.125.24.0-255,2902,111378,64,195438
16069,0.001634,172.31.40.0-255,66,111444,64,195438
16070,0.001642,74.125.24.0-255,7156,118600,64,195438
16071,0.001645,172.31.40.0-255,66,118666,64,195438
16072,0.00167,74.125.24.0-255,5738,124404,64,195438
16073,0.001674,172.31.40.0-255,66,124470,64,195438
16074,0.001681,74.125.24.0-255,7156,131626,64,195438
16075,0.001684,172.31.40.0-255,66,131692,64,195438
16076,0.001711,74.125.24.0-255,3602,135294,64,195438
16077,0.001714,172.31.40.0-255,66,135360,64,195438
16078,0.004219,74.125.24.0-255,1484,136844,64,195438
16079,0.004272,74.125.24.0-255,2902,139746,64,195438
16080,0.004276,172.31.40.0-255,66,139812,64,195438
16081,0.004295,74.125.24.0-255,1484,141296,64,195438
16082,0.00685,74.125.24.0-255,4320,145616,64,195438
16083,0.006854,172.31.40.0-255,66,145682,64,195438
16084,0.009421,74.125.24.0-255,5738,151420,64,195438
16085,0.009429,172.31.40.0-255,66,151486,64,195438
16086,0.011989,74.125.24.0-255,5738,157224,64,195438
16087,0.011997,172.31.40.0-255,66,157290,64,195438
16088,0.014623,74.125.24.0-255,5738,163028,64,195438
16089,0.01463,172.31.40.0-255,66,163094,64,195438
16090,0.01717,74.125.24.0-255,5738,168832,64,195438
16091,0.017183,172.31.40.0-255,66,168898,64,195438
16092,0.019741,74.125.24.0-255,5738,174636,64,195438
16093,0.019749,172.31.40.0-255,66,174702,64,195438
16094,0.022292,74.125.24.0-255,5738,180440,64,195438
16095,0.0223,172.31.40.0-255,66,180506,64,195438
16096,0.024885,74.125.24.0-255,5738,186244,64,195438
16097,0.024892,172.31.40.0-255,66,186310,64,195438
16098,0.025164,172.31.40.0-255,167,186477,64,195438
16099,0.025193,172.31.40.0-255,1107,187584,64,195438
16100,0.025248,172.31.40.0-255,1514,189098,64,195438
16101,0.025249,172.31.40.0-255,338,189436,64,195438
16102,0.026742,104.244.42.0-255,66,189502,64,195438
16103,0.026771,104.244.42.0-255,66,189568,64,195438
16104,0.026823,104.244.42.0-255,66,189634,64,195438
16105,0.027453,74.125.24.0-255,5738,195372,64,195438
16106,0.027459,172.31.40.0-255,66,195438,64,195438
16107,0.0,74.125.24.0-255,152,152,64,183213
16108,2.5e-05,172.31.40.0-255,66,218,64,183213
16109,3.1e-05,74.125.24.0-255,1484,1702,64,183213
16110,3.6e-05,172.31.40.0-255,66,1768,64,183213
16111,4e-05,74.125.24.0-255,1484,3252,64,183213
16112,5.1e-05,172.31.40.0-255,66,3318,64,183213
16113,5.7e-05,74.125.24.0-255,2902,6220,64,183213
16114,6.2e-05,172.31.40.0-255,66,6286,64,183213
16115,9.7e-05,74.125.24.0-255,5738,12024,64,183213
16116,0.0001,172.31.40.0-255,66,12090,64,183213
16117,0.000105,74.125.24.0-255,2000,14090,64,183213
16118,0.000107,172.31.40.0-255,66,14156,64,183213
16119,0.000147,74.125.24.0-255,2902,17058,64,183213
16120,0.00015,172.31.40.0-255,66,17124,64,183213
16121,0.000182,74.125.24.0-255,7156,24280,64,183213
16122,0.000185,172.31.40.0-255,66,24346,64,183213
16123,0.00019,74.125.24.0-255,4320,28666,64,183213
16124,0.000193,172.31.40.0-255,66,28732,64,183213
16125,0.000235,74.125.24.0-255,2543,31275,64,183213
16126,0.000238,172.31.40.0-255,66,31341,64,183213
16127,0.000341,74.125.24.0-255,1484,32825,64,183213
16128,0.000345,172.31.40.0-255,66,32891,64,183213
16129,0.00035,74.125.24.0-255,2902,35793,64,183213
16130,0.000353,172.31.40.0-255,66,35859,64,183213
16131,0.000381,74.125.24.0-255,4320,40179,64,183213
16132,0.000384,172.31.40.0-255,66,40245,64,183213
16133,0.000391,74.125.24.0-255,5738,45983,64,183213
16134,0.000394,172.31.40.0-255,66,46049,64,183213
16135,0.000429,172.31.40.0-255,66,46115,64,183213
16136,0.000436,74.125.24.0-255,6797,52912,64,183213
16137,0.000439,172.31.40.0-255,66,52978,64,183213
16138,0.000465,74.125.24.0-255,401,53379,64,183213
16139,0.000654,74.125.24.0-255,110,53489,64,183213
16140,0.000707,74.125.24.0-255,331,53820,64,183213
16141,0.001045,74.125.24.0-255,1484,55304,64,183213
16142,0.00105,172.31.40.0-255,66,55370,64,183213
16143,0.001056,74.125.24.0-255,2902,58272,64,183213
16144,0.001058,172.31.40.0-255,66,58338,64,183213
16145,0.001071,74.125.24.0-255,5738,64076,64,183213
16146,0.001074,172.31.40.0-255,66,64142,64,183213
16147,0.00108,74.125.24.0-255,5738,69880,64,183213
16148,0.001083,172.31.40.0-255,66,69946,64,183213
16149,0.001119,74.125.24.0-255,4320,74266,64,183213
16150,0.001122,172.31.40.0-255,66,74332,64,183213
16151,0.001148,74.125.24.0-255,5738,80070,64,183213
16152,0.001151,172.31.40.0-255,66,80136,64,183213
16153,0.001176,172.31.40.0-255,66,80202,64,183213
16154,0.001601,74.125.24.0-255,1484,81686,64,183213
16155,0.001608,74.125.24.0-255,2902,84588,64,183213
16156,0.001612,172.31.40.0-255,66,84654,64,183213
16157,0.001643,74.125.24.0-255,5738,90392,64,183213
16158,0.001645,172.31.40.0-255,66,90458,64,183213
16159,0.001657,172.31.40.0-255,66,90524,64,183213
16160,0.001712,74.125.24.0-255,7156,97680,64,183213
16161,0.001715,172.31.40.0-255,66,97746,64,183213
16162,0.001743,74.125.24.0-255,6438,104184,64,183213
16163,0.001746,172.31.40.0-255,66,104250,64,183213
16164,0.003739,74.125.24.0-255,5738,109988,64,183213
16165,0.003746,172.31.40.0-255,66,110054,64,183213
16166,0.005747,74.125.24.0-255,5738,115792,64,183213
16167,0.005751,172.31.40.0-255,66,115858,64,183213
16168,0.007748,74.125.24.0-255,5738,121596,64,183213
16169,0.007755,172.31.40.0-255,66,121662,64,183213
16170,0.009785,74.125.24.0-255,5738,127400,64,183213
16171,0.009795,172.31.40.0-255,66,127466,64,183213
16172,0.011812,74.125.24.0-255,5738,133204,64,183213
16173,0.01182,172.31.40.0-255,66,133270,64,183213
16174,0.013838,74.125.24.0-255,5738,139008,64,183213
16175,0.013846,172.31.40.0-255,66,139074,64,183213
16176,0.01587,74.125.24.0-255,5738,144812,64,183213
16177,0.015878,172.31.40.0-255,66,144878,64,183213
16178,0.017936,74.125.24.0-255,5738,150616,64,183213
16179,0.017943,172.31.40.0-255,66,150682,64,183213
16180,0.019938,74.125.24.0-255,5738,156420,64,183213
16181,0.019944,172.31.40.0-255,66,156486,64,183213
16182,0.020099,172.31.40.0-255,101,156587,64,183213
16183,0.02197,74.125.24.0-255,5738,162325,64,183213
16184,0.021977,172.31.40.0-255,66,162391,64,183213
16185,0.022066,74.125.24.0-255,66,162457,64,183213
16186,0.022641,172.31.40.0-255,187,162644,64,183213
16187,0.022673,172.31.40.0-255,1108,163752,64,183213
16188,0.022734,172.31.40.0-255,1514,165266,64,183213
16189,0.022736,172.31.40.0-255,337,165603,64,183213
16190,0.024002,74.125.24.0-255,5738,171341,64,183213
16191,0.024009,172.31.40.0-255,66,171407,64,183213
16192,0.024182,104.244.42.0-255,66,171473,64,183213
16193,0.024231,104.244.42.0-255,66,171539,64,183213
16194,0.024267,104.244.42.0-255,66,171605,64,183213
16195,0.026005,74.125.24.0-255,5738,177343,64,183213
16196,0.026011,172.31.40.0-255,66,177409,64,183213
16197,0.028042,74.125.24.0-255,5738,183147,64,183213
16198,0.028056,172.31.40.0-255,66,183213,64,183213
16199,0.0,74.125.130.0-255,143,143,64,202665
16200,2.2e-05,172.31.40.0-255,66,209,64,202665
16201,2.9e-05,74.125.130.0-255,1484,1693,64,202665
16202,3.3e-05,172.31.40.0-255,66,1759,64,202665
16203,4.1e-05,74.125.130.0-255,2902,4661,64,202665
16204,4.6e-05,172.31.40.0-255,66,4727,64,202665
16205,7.3e-05,74.125.130.0-255,5738,10465,64,202665
16206,7.7e-05,172.31.40.0-255,66,10531,64,202665
16207,8e-05,74.125.130.0-255,1484,12015,64,202665
16208,8.2e-05,172.31.40.0-255,66,12081,64,202665
16209,8.7e-05,74.125.130.0-255,2068,14149,64,202665
16210,8.9e-05,172.31.40.0-255,66,14215,64,202665
16211,0.000194,74.125.130.0-255,1484,15699,64,202665
16212,0.000198,172.31.40.0-255,66,15765,64,202665
16213,0.000203,74.125.130.0-255,2902,18667,64,202665
16214,0.000206,172.31.40.0-255,66,18733,64,202665
16215,0.000211,74.125.130.0-255,2902,21635,64,202665
16216,0.000213,172.31.40.0-255,66,21701,64,202665
16217,0.000238,74.125.130.0-255,2902,24603,64,202665
16218,0.000241,172.31.40.0-255,66,24669,64,202665
16219,0.000245,74.125.130.0-255,2902,27571,64,202665
16220,0.000247,172.31.40.0-255,66,27637,64,202665
16221,0.000271,74.125.130.0-255,1484,29121,64,202665
16222,0.000273,172.31.40.0-255,66,29187,64,202665
16223,0.000288,74.125.130.0-255,2543,31730,64,202665
16224,0.00029,172.31.40.0-255,66,31796,64,202665
16225,0.000671,74.125.130.0-255,1484,33280,64,202665
16226,0.000676,172.31.40.0-255,66,33346,64,202665
16227,0.000682,74.125.130.0-255,2902,36248,64,202665
16228,0.000684,172.31.40.0-255,66,36314,64,202665
16229,0.000687,74.125.130.0-255,1484,37798,64,202665
16230,0.000688,172.31.40.0-255,66,37864,64,202665
16231,0.000692,74.125.130.0-255,1484,39348,64,202665
16232,0.000715,74.125.130.0-255,1484,40832,64,202665
16233,0.000717,172.31.40.0-255,66,40898,64,202665
16234,0.000724,74.125.130.0-255,5738,46636,64,202665
16235,0.000726,172.31.40.0-255,66,46702,64,202665
16236,0.000739,74.125.130.0-255,1484,48186,64,202665
16237,0.000755,74.125.130.0-255,2543,50729,64,202665
16238,0.000757,172.31.40.0-255,66,50795,64,202665
16239,0.000763,74.125.130.0-255,4320,55115,64,202665
16240,0.000765,172.31.40.0-255,66,55181,64,202665
16241,0.000772,74.125.130.0-255,7156,62337,64,202665
16242,0.000774,172.31.40.0-255,66,62403,64,202665
16243,0.000794,74.125.130.0-255,2902,65305,64,202665
16244,0.000796,172.31.40.0-255,66,65371,64,202665
16245,0.000799,74.125.130.0-255,1125,66496,64,202665
16246,0.000821,74.125.130.0-255,645,67141,64,202665
16247,0.000824,172.31.40.0-255,66,67207,64,202665
16248,0.00101,74.125.130.0-255,1484,68691,64,202665
16249,0.001015,74.125.130.0-255,2902,71593,64,202665
16250,0.001019,172.31.40.0-255,66,71659,64,202665
16251,0.001041,74.125.130.0-255,5738,77397,64,202665
16252,0.001044,172.31.40.0-255,66,77463,64,202665
16253,0.001072,74.125.130.0-255,1484,78947,64,202665
16254,0.001098,74.125.130.0-255,5738,84685,64,202665
16255,0.0011,172.31.40.0-255,66,84751,64,202665
16256,0.001113,172.31.40.0-255,66,84817,64,202665
16257,0.001144,74.125.130.0-255,4320,89137,64,202665
16258,0.001147,172.31.40.0-255,66,89203,64,202665
16259,0.001167,74.125.130.0-255,766,89969,64,202665
16260,0.001494,172.31.40.0-255,66,90035,64,202665
16261,0.001776,74.125.130.0-255,1484,91519,64,202665
16262,0.001786,74.125.130.0-255,1484,93003,64,202665
16263,0.00179,172.31.40.0-255,66,93069,64,202665
16264,0.001814,74.125.130.0-255,2902,95971,64,202665
16265,0.001816,172.31.40.0-255,66,96037,64,202665
16266,0.001848,74.125.130.0-255,4320,100357,64,202665
16267,0.001851,172.31.40.0-255,66,100423,64,202665
16268,0.001871,74.125.130.0-255,1484,101907,64,202665
16269,0.001879,74.125.130.0-255,7156,109063,64,202665
16270,0.001881,172.31.40.0-255,66,109129,64,202665
16271,0.001896,74.125.130.0-255,5738,114867,64,202665
16272,0.001899,172.31.40.0-255,66,114933,64,202665
16273,0.001923,74.125.130.0-255,2902,117835,64,202665
16274,0.001926,172.31.40.0-255,66,117901,64,202665
16275,0.001946,74.125.130.0-255,1484,119385,64,202665
16276,0.001964,74.125.130.0-255,5020,124405,64,202665
16277,0.001967,172.31.40.0-255,66,124471,64,202665
16278,0.003973,74.125.130.0-255,5738,130209,64,202665
16279,0.003981,172.31.40.0-255,66,130275,64,202665
16280,0.005985,74.125.130.0-255,5738,136013,64,202665
16281,0.005989,172.31.40.0-255,66,136079,64,202665
16282,0.007986,74.125.130.0-255,5738,141817,64,202665
16283,0.007992,172.31.40.0-255,66,141883,64,202665
16284,0.009989,74.125.130.0-255,5738,147621,64,202665
16285,0.009997,172.31.40.0-255,66,147687,64,202665
16286,0.012005,74.125.130.0-255,5738,153425,64,202665
16287,0.012013,172.31.40.0-255,66,153491,64,202665
16288,0.014,74.125.130.0-255,4320,157811,64,202665
16289,0.014008,172.31.40.0-255,66,157877,64,202665
16290,0.014031,74.125.130.0-255,1484,159361,64,202665
16291,0.01601,74.125.130.0-255,4320,163681,64,202665
16292,0.01602,172.31.40.0-255,66,163747,64,202665
16293,0.018018,74.125.130.0-255,5738,169485,64,202665
16294,0.018028,172.31.40.0-255,66,169551,64,202665
16295,0.020027,74.125.130.0-255,5738,175289,64,202665
16296,0.020034,172.31.40.0-255,66,175355,64,202665
16297,0.022031,74.125.130.0-255,5738,181093,64,202665
16298,0.02204,172.31.40.0-255,66,181159,64,202665
16299,0.024046,74.125.130.0-255,5738,186897,64,202665
16300,0.024054,172.31.40.0-255,66,186963,64,202665
16301,0.026046,74.125.130.0-255,5738,192701,64,202665
16302,0.026055,172.31.40.0-255,66,192767,64,202665
16303,0.028057,74.125.130.0-255,5738,198505,64,202665
16304,0.028065,172.31.40.0-255,66,198571,64,202665
16305,0.029257,172.31.40.0-255,172,198743,64,202665
16306,0.029292,172.31.40.0-255,1112,199855,64,202665
16307,0.029352,172.31.40.0-255,1514,201369,64,202665
16308,0.029354,172.31.40.0-255,1296,202665,64,202665
16309,0.0,172.217.26.0-255,153,153,64,211429
16310,2.4e-05,172.31.40.0-255,66,219,64,211429
16311,3.2e-05,172.217.26.0-255,1484,1703,64,211429
16312,3.6e-05,172.31.40.0-255,66,1769,64,211429
16313,5e-05,172.217.26.0-255,2902,4671,64,211429
16314,5.4e-05,172.31.40.0-255,66,4737,64,211429
16315,6e-05,172.217.26.0-255,4320,9057,64,211429
16316,6.3e-05,172.31.40.0-255,66,9123,64,211429
16317,9e-05,172.217.26.0-255,5738,14861,64,211429
16318,9.3e-05,172.31.40.0-255,66,14927,64,211429
16319,0.000126,172.217.26.0-255,3485,18412,64,211429
16320,0.000128,172.31.40.0-255,66,18478,64,211429
16321,0.00014,172.31.40.0-255,66,18544,64,211429
16322,0.000145,172.217.26.0-255,2902,21446,64,211429
16323,0.000147,172.31.40.0-255,66,21512,64,211429
16324,0.000178,172.217.26.0-255,1125,22637,64,211429
16325,0.000181,172.31.40.0-255,66,22703,64,211429
16326,0.000211,172.217.26.0-255,1484,24187,64,211429
16327,0.000213,172.31.40.0-255,66,24253,64,211429
16328,0.000218,172.217.26.0-255,2902,27155,64,211429
16329,0.000221,172.31.40.0-255,66,27221,64,211429
16330,0.000257,172.217.26.0-255,5738,32959,64,211429
16331,0.00026,172.31.40.0-255,66,33025,64,211429
16332,0.000266,172.217.26.0-255,5738,38763,64,211429
16333,0.000268,172.31.40.0-255,66,38829,64,211429
16334,0.000278,172.217.26.0-255,4320,43149,64,211429
16335,0.00028,172.31.40.0-255,66,43215,64,211429
16336,0.000303,172.217.26.0-255,2543,45758,64,211429
16337,0.000306,172.31.40.0-255,66,45824,64,211429
16338,0.000313,172.217.26.0-255,7156,52980,64,211429
16339,0.000315,172.31.40.0-255,66,53046,64,211429
16340,0.000345,172.217.26.0-255,4231,57277,64,211429
16341,0.000348,172.31.40.0-255,66,57343,64,211429
16342,0.000896,172.217.26.0-255,385,57728,64,211429
16343,0.001039,172.31.40.0-255,66,57794,64,211429
16344,0.001096,172.217.26.0-255,1484,59278,64,211429
16345,0.001145,172.217.26.0-255,1484,60762,64,211429
16346,0.001149,172.31.40.0-255,66,60828,64,211429
16347,0.001154,172.217.26.0-255,2902,63730,64,211429
16348,0.001156,172.31.40.0-255,66,63796,64,211429
16349,0.001159,172.217.26.0-255,1484,65280,64,211429
16350,0.001185,172.217.26.0-255,1484,66764,64,211429
16351,0.001188,172.31.40.0-255,66,66830,64,211429
16352,0.001211,172.217.26.0-255,2902,69732,64,211429
16353,0.001214,172.31.40.0-255,66,69798,64,211429
16354,0.001217,172.217.26.0-255,1484,71282,64,211429
16355,0.00122,172.217.26.0-255,1484,72766,64,211429
16356,0.001222,172.31.40.0-255,66,72832,64,211429
16357,0.00124,172.217.26.0-255,1484,74316,64,211429
16358,0.001279,172.217.26.0-255,2543,76859,64,211429
16359,0.001283,172.31.40.0-255,66,76925,64,211429
16360,0.001309,172.217.26.0-255,1484,78409,64,211429
16361,0.001321,172.217.26.0-255,1484,79893,64,211429
16362,0.001324,172.31.40.0-255,66,79959,64,211429
16363,0.001357,172.217.26.0-255,1484,81443,64,211429
16364,0.001375,172.217.26.0-255,2902,84345,64,211429
16365,0.001377,172.31.40.0-255,66,84411,64,211429
16366,0.001381,172.217.26.0-255,1484,85895,64,211429
16367,0.001408,172.217.26.0-255,4320,90215,64,211429
16368,0.001411,172.31.40.0-255,66,90281,64,211429
16369,0.001446,172.217.26.0-255,2543,92824,64,211429
16370,0.00145,172.31.40.0-255,66,92890,64,211429
16371,0.00161,172.217.26.0-255,1484,94374,64,211429
16372,0.001617,172.217.26.0-255,2902,97276,64,211429
16373,0.00162,172.31.40.0-255,66,97342,64,211429
16374,0.001677,172.217.26.0-255,5738,103080,64,211429
16375,0.001681,172.31.40.0-255,66,103146,64,211429
16376,0.001692,172.31.40.0-255,66,103212,64,211429
16377,0.001708,172.31.40.0-255,66,103278,64,211429
16378,0.001752,172.217.26.0-255,5020,108298,64,211429
16379,0.001754,172.31.40.0-255,66,108364,64,211429
16380,0.00194,172.217.26.0-255,1484,109848,64,211429
16381,0.001947,172.217.26.0-255,2902,112750,64,211429
16382,0.00195,172.31.40.0-255,66,112816,64,211429
16383,0.001955,172.217.26.0-255,2902,115718,64,211429
16384,0.001957,172.31.40.0-255,66,115784,64,211429
16385,0.001981,172.217.26.0-255,2902,118686,64,211429
16386,0.001983,172.31.40.0-255,66,118752,64,211429
16387,0.002,172.31.40.0-255,66,118818,64,211429
16388,0.002007,172.217.26.0-255,5738,124556,64,211429
16389,0.002009,172.31.40.0-255,66,124622,64,211429
16390,0.003978,172.217.26.0-255,5738,130360,64,211429
16391,0.003986,172.31.40.0-255,66,130426,64,211429
16392,0.006032,172.217.26.0-255,5738,136164,64,211429
16393,0.006036,172.31.40.0-255,66,136230,64,211429
16394,0.008002,172.217.26.0-255,5738,141968,64,211429
16395,0.008008,172.31.40.0-255,66,142034,64,211429
16396,0.009985,172.217.26.0-255,5738,147772,64,211429
16397,0.009991,172.31.40.0-255,66,147838,64,211429
16398,0.01197,172.217.26.0-255,5738,153576,64,211429
16399,0.011979,172.31.40.0-255,66,153642,64,211429
16400,0.013957,172.217.26.0-255,5738,159380,64,211429
16401,0.013966,172.31.40.0-255,66,159446,64,211429
16402,0.015942,172.217.26.0-255,5738,165184,64,211429
16403,0.01595,172.31.40.0-255,66,165250,64,211429
16404,0.01794,172.217.26.0-255,5738,170988,64,211429
16405,0.017947,172.31.40.0-255,66,171054,64,211429
16406,0.019919,172.217.26.0-255,5738,176792,64,211429
16407,0.019926,172.31.40.0-255,66,176858,64,211429
16408,0.021905,172.217.26.0-255,4320,181178,64,211429
16409,0.021912,172.31.40.0-255,66,181244,64,211429
16410,0.021939,172.217.26.0-255,1484,182728,64,211429
16411,0.023884,172.217.26.0-255,4320,187048,64,211429
16412,0.023892,172.31.40.0-255,66,187114,64,211429
16413,0.025865,172.217.26.0-255,5738,192852,64,211429
16414,0.025872,172.31.40.0-255,66,192918,64,211429
16415,0.027846,172.217.26.0-255,5738,198656,64,211429
16416,0.027854,172.31.40.0-255,66,198722,64,211429
16417,0.028831,172.31.40.0-255,172,198894,64,211429
16418,0.028865,172.31.40.0-255,1112,200006,64,211429
16419,0.028943,172.31.40.0-255,1514,201520,64,211429
16420,0.028945,172.31.40.0-255,1514,203034,64,211429
16421,0.028946,172.31.40.0-255,1514,204548,64,211429
16422,0.028973,172.31.40.0-255,1077,205625,64,211429
16423,0.029825,172.217.26.0-255,5738,211363,64,211429
16424,0.029832,172.31.40.0-255,66,211429,64,211429
16425,0.0,74.125.130.0-255,152,152,64,181203
16426,2.2e-05,172.31.40.0-255,66,218,64,181203
16427,2.9e-05,74.125.130.0-255,1484,1702,64,181203
16428,3.2e-05,172.31.40.0-255,66,1768,64,181203
16429,3.7e-05,74.125.130.0-255,2902,4670,64,181203
16430,4e-05,172.31.40.0-255,66,4736,64,181203
16431,6e-05,74.125.130.0-255,4320,9056,64,181203
16432,6.3e-05,172.31.40.0-255,66,9122,64,181203
16433,8.3e-05,74.125.130.0-255,2902,12024,64,181203
16434,8.5e-05,172.31.40.0-255,66,12090,64,181203
16435,8.9e-05,74.125.130.0-255,2902,14992,64,181203
16436,9.1e-05,172.31.40.0-255,66,15058,64,181203
16437,0.000109,74.125.130.0-255,1938,16996,64,181203
16438,0.000111,172.31.40.0-255,66,17062,64,181203
16439,0.000124,74.125.130.0-255,1484,18546,64,181203
16440,0.000126,172.31.40.0-255,66,18612,64,181203
16441,0.000147,74.125.130.0-255,4320,22932,64,181203
16442,0.000149,172.31.40.0-255,66,22998,64,181203
16443,0.000153,74.125.130.0-255,2902,25900,64,181203
16444,0.000155,172.31.40.0-255,66,25966,64,181203
16445,0.000178,74.125.130.0-255,5379,31345,64,181203
16446,0.00018,172.31.40.0-255,66,31411,64,181203
16447,0.000244,74.125.130.0-255,1484,32895,64,181203
16448,0.000248,172.31.40.0-255,66,32961,64,181203
16449,0.000252,74.125.130.0-255,2902,35863,64,181203
16450,0.000254,172.31.40.0-255,66,35929,64,181203
16451,0.00028,74.125.130.0-255,4320,40249,64,181203
16452,0.000282,172.31.40.0-255,66,40315,64,181203
16453,0.000302,74.125.130.0-255,1484,41799,64,181203
16454,0.000304,172.31.40.0-255,66,41865,64,181203
16455,0.000318,172.31.40.0-255,66,41931,64,181203
16456,0.00043,172.31.40.0-255,66,41997,64,181203
16457,0.001301,74.125.130.0-255,646,42643,64,181203
16458,0.001418,74.125.130.0-255,1484,44127,64,181203
16459,0.001423,172.31.40.0-255,66,44193,64,181203
16460,0.001429,74.125.130.0-255,2902,47095,64,181203
16461,0.001449,74.125.130.0-255,5738,52833,64,181203
16462,0.001455,74.125.130.0-255,7156,59989,64,181203
16463,0.001484,74.125.130.0-255,5738,65727,64,181203
16464,0.001505,74.125.130.0-255,2184,67911,64,181203
16465,0.001665,74.125.130.0-255,1484,69395,64,181203
16466,0.001681,74.125.130.0-255,1484,70879,64,181203
16467,0.001697,74.125.130.0-255,1484,72363,64,181203
16468,0.001701,74.125.130.0-255,2902,75265,64,181203
16469,0.001713,74.125.130.0-255,2902,78167,64,181203
16470,0.00173,74.125.130.0-255,7156,85323,64,181203
16471,0.001747,74.125.130.0-255,4320,89643,64,181203
16472,0.001774,74.125.130.0-255,2184,91827,64,181203
16473,0.001848,74.125.130.0-255,1484,93311,64,181203
16474,0.001853,74.125.130.0-255,2902,96213,64,181203
16475,0.001874,74.125.130.0-255,5738,101951,64,181203
16476,0.001917,74.125.130.0-255,1484,103435,64,181203
16477,0.001932,74.125.130.0-255,7156,110591,64,181203
16478,0.001958,74.125.130.0-255,2184,112775,64,181203
16479,0.003704,172.31.40.0-255,66,112841,64,181203
16480,0.005745,74.125.130.0-255,5738,118579,64,181203
16481,0.005751,172.31.40.0-255,66,118645,64,181203
16482,0.007765,74.125.130.0-255,5738,124383,64,181203
16483,0.007773,172.31.40.0-255,66,124449,64,181203
16484,0.009798,74.125.130.0-255,5738,130187,64,181203
16485,0.009806,172.31.40.0-255,66,130253,64,181203
16486,0.011808,74.125.130.0-255,5738,135991,64,181203
16487,0.011816,172.31.40.0-255,66,136057,64,181203
16488,0.013837,74.125.130.0-255,5738,141795,64,181203
16489,0.013846,172.31.40.0-255,66,141861,64,181203
16490,0.01589,74.125.130.0-255,5738,147599,64,181203
16491,0.015898,172.31.40.0-255,66,147665,64,181203
16492,0.017908,74.125.130.0-255,5738,153403,64,181203
16493,0.017915,172.31.40.0-255,66,153469,64,181203
16494,0.019926,74.125.130.0-255,5738,159207,64,181203
16495,0.019932,172.31.40.0-255,66,159273,64,181203
16496,0.021952,74.125.130.0-255,5738,165011,64,181203
16497,0.02196,172.31.40.0-255,66,165077,64,181203
16498,0.024012,74.125.130.0-255,5738,170815,64,181203
16499,0.02402,172.31.40.0-255,66,170881,64,181203
16500,0.026048,74.125.130.0-255,4320,175201,64,181203
16501,0.026057,172.31.40.0-255,66,175267,64,181203
16502,0.026078,74.125.130.0-255,1484,176751,64,181203
16503,0.028071,74.125.130.0-255,2902,179653,64,181203
16504,0.028078,172.31.40.0-255,66,179719,64,181203
16505,0.0281,74.125.130.0-255,1484,181203,64,181203
16506,0.0,172.217.194.0-255,150,150,64,212126
16507,1.4e-05,172.31.40.0-255,66,216,64,212126
16508,1.9e-05,172.217.194.0-255,1484,1700,64,212126
16509,2.3e-05,172.31.40.0-255,66,1766,64,212126
16510,4.3e-05,172.217.194.0-255,2902,4668,64,212126
16511,4.6e-05,172.31.40.0-255,66,4734,64,212126
16512,5e-05,172.217.194.0-255,2902,7636,64,212126
16513,5.2e-05,172.31.40.0-255,66,7702,64,212126
16514,7.2e-05,172.217.194.0-255,4320,12022,64,212126
16515,7.5e-05,172.31.40.0-255,66,12088,64,212126
16516,7.9e-05,172.217.194.0-255,2127,14215,64,212126
16517,8.2e-05,172.31.40.0-255,66,14281,64,212126
16518,8.6e-05,172.217.194.0-255,2902,17183,64,212126
16519,8.8e-05,172.31.40.0-255,66,17249,64,212126
16520,9.5e-05,172.217.194.0-255,5738,22987,64,212126
16521,9.8e-05,172.31.40.0-255,66,23053,64,212126
16522,0.000117,172.217.194.0-255,1484,24537,64,212126
16523,0.00012,172.31.40.0-255,66,24603,64,212126
16524,0.000128,172.217.194.0-255,6797,31400,64,212126
16525,0.000131,172.31.40.0-255,66,31466,64,212126
16526,0.000423,172.217.194.0-255,1484,32950,64,212126
16527,0.00043,172.31.40.0-255,66,33016,64,212126
16528,0.000436,172.217.194.0-255,2902,35918,64,212126
16529,0.000439,172.31.40.0-255,66,35984,64,212126
16530,0.000441,172.217.194.0-255,1484,37468,64,212126
16531,0.000443,172.31.40.0-255,66,37534,64,212126
16532,0.000464,172.217.194.0-255,4320,41854,64,212126
16533,0.000467,172.31.40.0-255,66,41920,64,212126
16534,0.000471,172.217.194.0-255,2902,44822,64,212126
16535,0.000473,172.31.40.0-255,66,44888,64,212126
16536,0.000494,172.217.194.0-255,5379,50267,64,212126
16537,0.000497,172.31.40.0-255,66,50333,64,212126
16538,0.000508,172.31.40.0-255,66,50399,64,212126
16539,0.000538,172.217.194.0-255,7086,57485,64,212126
16540,0.000542,172.31.40.0-255,66,57551,64,212126
16541,0.000806,172.217.194.0-255,98,57649,64,212126
16542,0.000964,172.217.194.0-255,1484,59133,64,212126
16543,0.000969,172.31.40.0-255,66,59199,64,212126
16544,0.000975,172.217.194.0-255,2902,62101,64,212126
16545,0.000978,172.31.40.0-255,66,62167,64,212126
16546,0.000981,172.217.194.0-255,1484,63651,64,212126
16547,0.001007,172.217.194.0-255,4320,67971,64,212126
16548,0.00101,172.31.40.0-255,66,68037,64,212126
16549,0.001023,172.31.40.0-255,66,68103,64,212126
16550,0.001045,172.217.194.0-255,4320,72423,64,212126
16551,0.001047,172.31.40.0-255,66,72489,64,212126
16552,0.001075,172.217.194.0-255,5738,78227,64,212126
16553,0.001079,172.31.40.0-255,66,78293,64,212126
16554,0.001083,172.217.194.0-255,2543,80836,64,212126
16555,0.001085,172.31.40.0-255,66,80902,64,212126
16556,0.00155,172.217.194.0-255,1484,82386,64,212126
16557,0.001556,172.217.194.0-255,2902,85288,64,212126
16558,0.001561,172.31.40.0-255,66,85354,64,212126
16559,0.001568,172.217.194.0-255,5738,91092,64,212126
16560,0.00157,172.31.40.0-255,66,91158,64,212126
16561,0.001581,172.31.40.0-255,66,91224,64,212126
16562,0.001591,172.31.40.0-255,66,91290,64,212126
16563,0.001736,172.217.194.0-255,1484,92774,64,212126
16564,0.001754,172.217.194.0-255,2902,95676,64,212126
16565,0.001758,172.31.40.0-255,66,95742,64,212126
16566,0.001764,172.217.194.0-255,5738,101480,64,212126
16567,0.001766,172.31.40.0-255,66,101546,64,212126
16568,0.001789,172.217.194.0-255,1484,103030,64,212126
16569,0.001808,172.31.40.0-255,66,103096,64,212126
16570,0.001825,172.217.194.0-255,1484,104580,64,212126
16571,0.001838,172.217.194.0-255,2902,107482,64,212126
16572,0.001841,172.31.40.0-255,66,107548,64,212126
16573,0.001869,172.31.40.0-255,66,107614,64,212126
16574,0.001904,172.217.194.0-255,1484,109098,64,212126
16575,0.001908,172.217.194.0-255,1484,110582,64,212126
16576,0.00191,172.31.40.0-255,66,110648,64,212126
16577,0.001927,172.217.194.0-255,1484,112132,64,212126
16578,0.001933,172.217.194.0-255,4320,116452,64,212126
16579,0.001936,172.31.40.0-255,66,116518,64,212126
16580,0.00195,172.217.194.0-255,1484,118002,64,212126
16581,0.001956,172.217.194.0-255,5738,123740,64,212126
16582,0.001958,172.31.40.0-255,66,123806,64,212126
16583,0.001964,172.217.194.0-255,4320,128126,64,212126
16584,0.001966,172.31.40.0-255,66,128192,64,212126
16585,0.002001,172.31.40.0-255,66,128258,64,212126
16586,0.002006,172.217.194.0-255,5020,133278,64,212126
16587,0.002008,172.31.40.0-255,66,133344,64,212126
16588,0.004026,172.217.194.0-255,5738,139082,64,212126
16589,0.004031,172.31.40.0-255,66,139148,64,212126
16590,0.006076,172.217.194.0-255,5738,144886,64,212126
16591,0.006082,172.31.40.0-255,66,144952,64,212126
16592,0.0081,172.217.194.0-255,5738,150690,64,212126
16593,0.00811,172.31.40.0-255,66,150756,64,212126
16594,0.010123,172.217.194.0-255,5738,156494,64,212126
16595,0.010129,172.31.40.0-255,66,156560,64,212126
16596,0.012147,172.217.194.0-255,5738,162298,64,212126
16597,0.012155,172.31.40.0-255,66,162364,64,212126
16598,0.014171,172.217.194.0-255,5738,168102,64,212126
16599,0.014179,172.31.40.0-255,66,168168,64,212126
16600,0.016226,172.217.194.0-255,5738,173906,64,212126
16601,0.016233,172.31.40.0-255,66,173972,64,212126
16602,0.018234,172.217.194.0-255,5738,179710,64,212126
16603,0.018242,172.31.40.0-255,66,179776,64,212126
16604,0.01843,172.31.40.0-255,172,179948,64,212126
16605,0.018458,172.31.40.0-255,1107,181055,64,212126
16606,0.018498,172.31.40.0-255,1514,182569,64,212126
16607,0.018499,172.31.40.0-255,339,182908,64,212126
16608,0.019994,104.244.42.0-255,66,182974,64,212126
16609,0.020001,104.244.42.0-255,66,183040,64,212126
16610,0.020035,104.244.42.0-255,66,183106,64,212126
16611,0.020256,172.217.194.0-255,5738,188844,64,212126
16612,0.020262,172.31.40.0-255,66,188910,64,212126
16613,0.022288,172.217.194.0-255,5738,194648,64,212126
16614,0.022298,172.31.40.0-255,66,194714,64,212126
16615,0.02432,172.217.194.0-255,5738,200452,64,212126
16616,0.02433,172.31.40.0-255,66,200518,64,212126
16617,0.026332,172.217.194.0-255,5738,206256,64,212126
16618,0.026339,172.31.40.0-255,66,206322,64,212126
16619,0.028395,172.217.194.0-255,5738,212060,64,212126
16620,0.028402,172.31.40.0-255,66,212126,64,212126
16621,0.0,216.58.221.0-255,152,152,64,183142
16622,2.5e-05,172.31.40.0-255,66,218,64,183142
16623,3.1e-05,216.58.221.0-255,1484,1702,64,183142
16624,3.6e-05,172.31.40.0-255,66,1768,64,183142
16625,5e-05,216.58.221.0-255,2902,4670,64,183142
16626,5.4e-05,172.31.40.0-255,66,4736,64,183142
16627,5.9e-05,216.58.221.0-255,4320,9056,64,183142
16628,6.2e-05,172.31.40.0-255,66,9122,64,183142
16629,7.5e-05,172.31.40.0-255,66,9188,64,183142
16630,8.7e-05,172.31.40.0-255,66,9254,64,183142
16631,0.000141,216.58.221.0-255,3961,13215,64,183142
16632,0.000144,172.31.40.0-255,66,13281,64,183142
16633,0.00023,216.58.221.0-255,1484,14765,64,183142
16634,0.000234,172.31.40.0-255,66,14831,64,183142
16635,0.00024,216.58.221.0-255,2902,17733,64,183142
16636,0.000243,172.31.40.0-255,66,17799,64,183142
16637,0.000255,216.58.221.0-255,5738,23537,64,183142
16638,0.000257,172.31.40.0-255,66,23603,64,183142
16639,0.000285,216.58.221.0-255,2902,26505,64,183142
16640,0.000288,172.31.40.0-255,66,26571,64,183142
16641,0.000316,216.58.221.0-255,3961,30532,64,183142
16642,0.000319,172.31.40.0-255,66,30598,64,183142
16643,0.000792,216.58.221.0-255,1484,32082,64,183142
16644,0.000798,172.31.40.0-255,66,32148,64,183142
16645,0.000804,216.58.221.0-255,2902,35050,64,183142
16646,0.000807,172.31.40.0-255,66,35116,64,183142
16647,0.00082,216.58.221.0-255,5738,40854,64,183142
16648,0.000823,172.31.40.0-255,66,40920,64,183142
16649,0.000852,216.58.221.0-255,1484,42404,64,183142
16650,0.000855,172.31.40.0-255,66,42470,64,183142
16651,0.000878,216.58.221.0-255,5670,48140,64,183142
16652,0.000881,172.31.40.0-255,66,48206,64,183142
16653,0.001335,216.58.221.0-255,1484,49690,64,183142
16654,0.001355,216.58.221.0-255,1484,51174,64,183142
16655,0.001359,172.31.40.0-255,66,51240,64,183142
16656,0.001365,216.58.221.0-255,2902,54142,64,183142
16657,0.001367,172.31.40.0-255,66,54208,64,183142
16658,0.001378,216.58.221.0-255,5738,59946,64,183142
16659,0.00138,172.31.40.0-255,66,60012,64,183142
16660,0.001414,216.58.221.0-255,5379,65391,64,183142
16661,0.001417,172.31.40.0-255,66,65457,64,183142
16662,0.001444,216.58.221.0-255,4320,69777,64,183142
16663,0.001447,172.31.40.0-255,66,69843,64,183142
16664,0.00145,216.58.221.0-255,1484,71327,64,183142
16665,0.001454,216.58.221.0-255,2902,74229,64,183142
16666,0.001455,172.31.40.0-255,66,74295,64,183142
16667,0.001459,216.58.221.0-255,2902,77197,64,183142
16668,0.001461,172.31.40.0-255,66,77263,64,183142
16669,0.001491,216.58.221.0-255,2902,80165,64,183142
16670,0.001494,172.31.40.0-255,66,80231,64,183142
16671,0.001498,216.58.221.0-255,2283,82514,64,183142
16672,0.001499,172.31.40.0-255,66,82580,64,183142
16673,0.001527,216.58.221.0-255,2902,85482,64,183142
16674,0.001529,172.31.40.0-255,66,85548,64,183142
16675,0.001536,216.58.221.0-255,7156,92704,64,183142
16676,0.001538,172.31.40.0-255,66,92770,64,183142
16677,0.001566,216.58.221.0-255,4320,97090,64,183142
16678,0.001568,172.31.40.0-255,66,97156,64,183142
16679,0.001592,216.58.221.0-255,2429,99585,64,183142
16680,0.001594,172.31.40.0-255,66,99651,64,183142
16681,0.00351,216.58.221.0-255,2902,102553,64,183142
16682,0.003515,172.31.40.0-255,66,102619,64,183142
16683,0.003539,216.58.221.0-255,2902,105521,64,183142
16684,0.003541,172.31.40.0-255,66,105587,64,183142
16685,0.005458,216.58.221.0-255,2902,108489,64,183142
16686,0.005462,172.31.40.0-255,66,108555,64,183142
16687,0.00548,216.58.221.0-255,2902,111457,64,183142
16688,0.005483,172.31.40.0-255,66,111523,64,183142
16689,0.007417,216.58.221.0-255,4320,115843,64,183142
16690,0.007429,172.31.40.0-255,66,115909,64,183142
16691,0.007492,216.58.221.0-255,1484,117393,64,183142
16692,0.009388,216.58.221.0-255,4320,121713,64,183142
16693,0.009403,172.31.40.0-255,66,121779,64,183142
16694,0.011367,216.58.221.0-255,5738,127517,64,183142
16695,0.011377,172.31.40.0-255,66,127583,64,183142
16696,0.013343,216.58.221.0-255,5738,133321,64,183142
16697,0.013356,172.31.40.0-255,66,133387,64,183142
16698,0.015309,216.58.221.0-255,5738,139125,64,183142
16699,0.015322,172.31.40.0-255,66,139191,64,183142
16700,0.017275,216.58.221.0-255,5738,144929,64,183142
16701,0.017286,172.31.40.0-255,66,144995,64,183142
16702,0.019234,216.58.221.0-255,5738,150733,64,183142
16703,0.019241,172.31.40.0-255,66,150799,64,183142
16704,0.019589,172.31.40.0-255,166,150965,64,183142
16705,0.019631,172.31.40.0-255,1131,152096,64,183142
16706,0.019703,172.31.40.0-255,1514,153610,64,183142
16707,0.019705,172.31.40.0-255,314,153924,64,183142
16708,0.021182,216.58.221.0-255,5738,159662,64,183142
16709,0.021189,172.31.40.0-255,66,159728,64,183142
16710,0.02122,104.244.42.0-255,66,159794,64,183142
16711,0.021225,104.244.42.0-255,66,159860,64,183142
16712,0.021262,104.244.42.0-255,66,159926,64,183142
16713,0.023134,216.58.221.0-255,5738,165664,64,183142
16714,0.02314,172.31.40.0-255,66,165730,64,183142
16715,0.025081,216.58.221.0-255,5738,171468,64,183142
16716,0.025091,172.31.40.0-255,66,171534,64,183142
16717,0.02703,216.58.221.0-255,5738,177272,64,183142
16718,0.027036,172.31.40.0-255,66,177338,64,183142
16719,0.02898,216.58.221.0-255,5738,183076,64,183142
16720,0.028987,172.31.40.0-255,66,183142,64,183142
16721,0.0,172.31.40.0-255,105,105,64,459
16722,0.000262,172.31.40.0-255,90,195,64,459
16723,0.000272,172.31.40.0-255,66,261,64,459
16724,0.003301,74.125.24.0-255,66,327,64,459
16725,0.00342,74.125.24.0-255,66,393,64,459
16726,0.003444,172.31.40.0-255,66,459,64,459
16727,0.0,172.217.194.0-255,152,152,64,135736
16728,1.3e-05,172.31.40.0-255,66,218,64,135736
16729,2e-05,172.217.194.0-255,1484,1702,64,135736
16730,2.4e-05,172.31.40.0-255,66,1768,64,135736
16731,2.9e-05,172.217.194.0-255,2902,4670,64,135736
16732,3.1e-05,172.31.40.0-255,66,4736,64,135736
16733,3.8e-05,172.217.194.0-255,7156,11892,64,135736
16734,4e-05,172.31.40.0-255,66,11958,64,135736
16735,8.2e-05,172.217.194.0-255,2017,13975,64,135736
16736,8.4e-05,172.31.40.0-255,66,14041,64,135736
16737,0.000138,172.217.194.0-255,1484,15525,64,135736
16738,0.000141,172.31.40.0-255,66,15591,64,135736
16739,0.000145,172.217.194.0-255,2902,18493,64,135736
16740,0.000147,172.31.40.0-255,66,18559,64,135736
16741,0.00015,172.217.194.0-255,1484,20043,64,135736
16742,0.000151,172.31.40.0-255,66,20109,64,135736
16743,0.000178,172.217.194.0-255,4320,24429,64,135736
16744,0.00018,172.31.40.0-255,66,24495,64,135736
16745,0.000194,172.217.194.0-255,4320,28815,64,135736
16746,0.000196,172.31.40.0-255,66,28881,64,135736
16747,0.000221,172.31.40.0-255,66,28947,64,135736
16748,0.000233,172.31.40.0-255,66,29013,64,135736
16749,0.000272,172.31.40.0-255,66,29079,64,135736
16750,0.000275,172.217.194.0-255,400,29479,64,135736
16751,0.000276,172.31.40.0-255,66,29545,64,135736
16752,0.000368,172.217.194.0-255,376,29921,64,135736
16753,0.000371,172.31.40.0-255,66,29987,64,135736
16754,0.000664,172.217.194.0-255,1484,31471,64,135736
16755,0.000668,172.31.40.0-255,66,31537,64,135736
16756,0.000673,172.217.194.0-255,2902,34439,64,135736
16757,0.000675,172.31.40.0-255,66,34505,64,135736
16758,0.000687,172.217.194.0-255,1484,35989,64,135736
16759,0.000701,172.217.194.0-255,4320,40309,64,135736
16760,0.000703,172.31.40.0-255,66,40375,64,135736
16761,0.000706,172.217.194.0-255,1484,41859,64,135736
16762,0.000748,172.31.40.0-255,66,41925,64,135736
16763,0.000775,172.217.194.0-255,4320,46245,64,135736
16764,0.000787,172.31.40.0-255,66,46311,64,135736
16765,0.00079,172.31.40.0-255,66,46377,64,135736
16766,0.001329,172.217.194.0-255,1484,47861,64,135736
16767,0.001346,172.217.194.0-255,2902,50763,64,135736
16768,0.00135,172.31.40.0-255,66,50829,64,135736
16769,0.001358,172.217.194.0-255,5738,56567,64,135736
16770,0.00136,172.31.40.0-255,66,56633,64,135736
16771,0.001394,172.217.194.0-255,7156,63789,64,135736
16772,0.001397,172.31.40.0-255,66,63855,64,135736
16773,0.001407,172.31.40.0-255,66,63921,64,135736
16774,0.001455,172.31.40.0-255,66,63987,64,135736
16775,0.001486,172.217.194.0-255,1484,65471,64,135736
16776,0.00149,172.217.194.0-255,1484,66955,64,135736
16777,0.001492,172.31.40.0-255,66,67021,64,135736
16778,0.001511,172.217.194.0-255,1484,68505,64,135736
16779,0.001517,172.217.194.0-255,5738,74243,64,135736
16780,0.001519,172.31.40.0-255,66,74309,64,135736
16781,0.001523,172.217.194.0-255,2902,77211,64,135736
16782,0.001525,172.31.40.0-255,66,77277,64,135736
16783,0.001552,172.217.194.0-255,5738,83015,64,135736
16784,0.001554,172.31.40.0-255,66,83081,64,135736
16785,0.001593,172.217.194.0-255,2902,85983,64,135736
16786,0.001596,172.31.40.0-255,66,86049,64,135736
16787,0.001619,172.217.194.0-255,5738,91787,64,135736
16788,0.001621,172.31.40.0-255,66,91853,64,135736
16789,0.001649,172.217.194.0-255,6438,98291,64,135736
16790,0.001652,172.31.40.0-255,66,98357,64,135736
16791,0.001667,172.31.40.0-255,66,98423,64,135736
16792,0.001682,172.31.40.0-255,66,98489,64,135736
16793,0.001687,172.217.194.0-255,3602,102091,64,135736
16794,0.001688,172.31.40.0-255,66,102157,64,135736
16795,0.001732,172.217.194.0-255,4320,106477,64,135736
16796,0.001736,172.31.40.0-255,66,106543,64,135736
16797,0.001767,172.31.40.0-255,66,106609,64,135736
16798,0.001782,172.31.40.0-255,66,106675,64,135736
16799,0.001787,172.217.194.0-255,4320,110995,64,135736
16800,0.001789,172.31.40.0-255,66,111061,64,135736
16801,0.001817,172.31.40.0-255,66,111127,64,135736
16802,0.001835,172.31.40.0-255,66,111193,64,135736
16803,0.001866,172.31.40.0-255,66,111259,64,135736
16804,0.001869,172.217.194.0-255,766,112025,64,135736
16805,0.001887,172.217.194.0-255,7156,119181,64,135736
16806,0.00189,172.31.40.0-255,66,119247,64,135736
16807,0.001928,172.31.40.0-255,66,119313,64,135736
16808,0.00194,172.31.40.0-255,66,119379,64,135736
16809,0.001996,172.217.194.0-255,4320,123699,64,135736
16810,0.001999,172.31.40.0-255,66,123765,64,135736
16811,0.00203,172.217.194.0-255,7156,130921,64,135736
16812,0.002165,172.217.194.0-255,4473,135394,64,135736
16813,0.002193,172.217.194.0-255,105,135499,64,135736
16814,0.006637,172.31.40.0-255,66,135565,64,135736
16815,0.009147,172.31.40.0-255,105,135670,64,135736
16816,0.011666,172.217.194.0-255,66,135736,64,135736
16817,0.0,74.125.200.0-255,153,153,64,300132
16818,3.6e-05,172.31.40.0-255,66,219,64,300132
16819,4.4e-05,74.125.200.0-255,1484,1703,64,300132
16820,4.9e-05,172.31.40.0-255,66,1769,64,300132
16821,5.5e-05,74.125.200.0-255,2902,4671,64,300132
16822,5.9e-05,172.31.40.0-255,66,4737,64,300132
16823,6.4e-05,74.125.200.0-255,4320,9057,64,300132
16824,6.7e-05,172.31.40.0-255,66,9123,64,300132
16825,7.1e-05,74.125.200.0-255,2902,12025,64,300132
16826,7.4e-05,172.31.40.0-255,66,12091,64,300132
16827,0.000104,74.125.200.0-255,6275,18366,64,300132
16828,0.000108,172.31.40.0-255,66,18432,64,300132
16829,0.000118,172.31.40.0-255,66,18498,64,300132
16830,0.000134,74.125.200.0-255,1484,19982,64,300132
16831,0.000137,172.31.40.0-255,66,20048,64,300132
16832,0.000141,74.125.200.0-255,2543,22591,64,300132
16833,0.000143,172.31.40.0-255,66,22657,64,300132
16834,0.000164,74.125.200.0-255,1484,24141,64,300132
16835,0.000167,172.31.40.0-255,66,24207,64,300132
16836,0.000188,74.125.200.0-255,2902,27109,64,300132
16837,0.000192,172.31.40.0-255,66,27175,64,300132
16838,0.000196,74.125.200.0-255,2902,30077,64,300132
16839,0.000198,172.31.40.0-255,66,30143,64,300132
16840,0.000212,74.125.200.0-255,2902,33045,64,300132
16841,0.000215,172.31.40.0-255,66,33111,64,300132
16842,0.00022,74.125.200.0-255,2902,36013,64,300132
16843,0.000222,172.31.40.0-255,66,36079,64,300132
16844,0.000246,74.125.200.0-255,3961,40040,64,300132
16845,0.000249,172.31.40.0-255,66,40106,64,300132
16846,0.000409,74.125.200.0-255,1484,41590,64,300132
16847,0.000415,172.31.40.0-255,66,41656,64,300132
16848,0.000438,74.125.200.0-255,2902,44558,64,300132
16849,0.00044,172.31.40.0-255,66,44624,64,300132
16850,0.000448,74.125.200.0-255,5738,50362,64,300132
16851,0.00045,172.31.40.0-255,66,50428,64,300132
16852,0.000454,74.125.200.0-255,2902,53330,64,300132
16853,0.000456,172.31.40.0-255,66,53396,64,300132
16854,0.000523,74.125.200.0-255,4543,57939,64,300132
16855,0.00054,172.31.40.0-255,66,58005,64,300132
16856,0.000868,74.125.200.0-255,1484,59489,64,300132
16857,0.000877,74.125.200.0-255,2902,62391,64,300132
16858,0.000882,172.31.40.0-255,66,62457,64,300132
16859,0.000887,74.125.200.0-255,2902,65359,64,300132
16860,0.000889,172.31.40.0-255,66,65425,64,300132
16861,0.000906,74.125.200.0-255,2902,68327,64,300132
16862,0.000908,172.31.40.0-255,66,68393,64,300132
16863,0.000922,74.125.200.0-255,4320,72713,64,300132
16864,0.000924,172.31.40.0-255,66,72779,64,300132
16865,0.000958,172.31.40.0-255,66,72845,64,300132
16866,0.000964,74.125.200.0-255,5738,78583,64,300132
16867,0.000966,172.31.40.0-255,66,78649,64,300132
16868,0.000988,74.125.200.0-255,2902,81551,64,300132
16869,0.000991,172.31.40.0-255,66,81617,64,300132
16870,0.001007,74.125.200.0-255,2184,83801,64,300132
16871,0.00101,172.31.40.0-255,66,83867,64,300132
16872,0.001109,74.125.200.0-255,1484,85351,64,300132
16873,0.001152,74.125.200.0-255,1484,86835,64,300132
16874,0.001156,172.31.40.0-255,66,86901,64,300132
16875,0.001173,74.125.200.0-255,1484,88385,64,300132
16876,0.001179,74.125.200.0-255,4320,92705,64,300132
16877,0.001182,172.31.40.0-255,66,92771,64,300132
16878,0.001187,74.125.200.0-255,5738,98509,64,300132
16879,0.00119,172.31.40.0-255,66,98575,64,300132
16880,0.001202,172.31.40.0-255,66,98641,64,300132
16881,0.001207,74.125.200.0-255,4320,102961,64,300132
16882,0.001209,172.31.40.0-255,66,103027,64,300132
16883,0.001251,74.125.200.0-255,3602,106629,64,300132
16884,0.001254,172.31.40.0-255,66,106695,64,300132
16885,0.001294,74.125.200.0-255,1484,108179,64,300132
16886,0.001312,74.125.200.0-255,2902,111081,64,300132
16887,0.001315,172.31.40.0-255,66,111147,64,300132
16888,0.001337,74.125.200.0-255,5738,116885,64,300132
16889,0.00134,172.31.40.0-255,66,116951,64,300132
16890,0.001343,74.125.200.0-255,2902,119853,64,300132
16891,0.001345,172.31.40.0-255,66,119919,64,300132
16892,0.001366,74.125.200.0-255,4320,124239,64,300132
16893,0.001369,172.31.40.0-255,66,124305,64,300132
16894,0.001372,74.125.200.0-255,1484,125789,64,300132
16895,0.001388,74.125.200.0-255,7156,132945,64,300132
16896,0.001391,172.31.40.0-255,66,133011,64,300132
16897,0.001397,74.125.200.0-255,5738,138749,64,300132
16898,0.0014,172.31.40.0-255,66,138815,64,300132
16899,0.001447,74.125.200.0-255,2184,140999,64,300132
16900,0.00145,172.31.40.0-255,66,141065,64,300132
16901,0.001659,74.125.200.0-255,1484,142549,64,300132
16902,0.001666,74.125.200.0-255,2902,145451,64,300132
16903,0.00167,172.31.40.0-255,66,145517,64,300132
16904,0.001674,74.125.200.0-255,1484,147001,64,300132
16905,0.001696,74.125.200.0-255,4320,151321,64,300132
16906,0.001699,172.31.40.0-255,66,151387,64,300132
16907,0.001704,74.125.200.0-255,4320,155707,64,300132
16908,0.001706,172.31.40.0-255,66,155773,64,300132
16909,0.001712,74.125.200.0-255,5738,161511,64,300132
16910,0.001715,172.31.40.0-255,66,161577,64,300132
16911,0.001742,74.125.200.0-255,7156,168733,64,300132
16912,0.001746,172.31.40.0-255,66,168799,64,300132
16913,0.00177,74.125.200.0-255,4320,173119,64,300132
16914,0.001773,172.31.40.0-255,66,173185,64,300132
16915,0.001777,74.125.200.0-255,2184,175369,64,300132
16916,0.00178,172.31.40.0-255,66,175435,64,300132
16917,0.001798,74.125.200.0-255,2902,178337,64,300132
16918,0.0018,172.31.40.0-255,66,178403,64,300132
16919,0.001828,74.125.200.0-255,4320,182723,64,300132
16920,0.001832,172.31.40.0-255,66,182789,64,300132
16921,0.001836,74.125.200.0-255,2902,185691,64,300132
16922,0.001838,172.31.40.0-255,66,185757,64,300132
16923,0.001861,74.125.200.0-255,5738,191495,64,300132
16924,0.001864,172.31.40.0-255,66,191561,64,300132
16925,0.00187,74.125.200.0-255,7156,198717,64,300132
16926,0.001873,172.31.40.0-255,66,198783,64,300132
16927,0.001878,74.125.200.0-255,4320,203103,64,300132
16928,0.00188,172.31.40.0-255,66,203169,64,300132
16929,0.001912,74.125.200.0-255,4320,207489,64,300132
16930,0.001915,172.31.40.0-255,66,207555,64,300132
16931,0.001919,74.125.200.0-255,2184,209739,64,300132
16932,0.001922,172.31.40.0-255,66,209805,64,300132
16933,0.001958,74.125.200.0-255,1484,211289,64,300132
16934,0.001976,74.125.200.0-255,2902,214191,64,300132
16935,0.00198,172.31.40.0-255,66,214257,64,300132
16936,0.002001,74.125.200.0-255,5738,219995,64,300132
16937,0.002004,172.31.40.0-255,66,220061,64,300132
16938,0.00396,74.125.200.0-255,5738,225799,64,300132
16939,0.003967,172.31.40.0-255,66,225865,64,300132
16940,0.005923,74.125.200.0-255,5738,231603,64,300132
16941,0.00593,172.31.40.0-255,66,231669,64,300132
16942,0.007877,74.125.200.0-255,4320,235989,64,300132
16943,0.00788,172.31.40.0-255,66,236055,64,300132
16944,0.0079,74.125.200.0-255,1484,237539,64,300132
16945,0.009854,74.125.200.0-255,4320,241859,64,300132
16946,0.009868,172.31.40.0-255,66,241925,64,300132
16947,0.011838,74.125.200.0-255,5738,247663,64,300132
16948,0.011851,172.31.40.0-255,66,247729,64,300132
16949,0.013833,74.125.200.0-255,5738,253467,64,300132
16950,0.013848,172.31.40.0-255,66,253533,64,300132
16951,0.015822,74.125.200.0-255,5738,259271,64,300132
16952,0.015835,172.31.40.0-255,66,259337,64,300132
16953,0.017833,74.125.200.0-255,5738,265075,64,300132
16954,0.017841,172.31.40.0-255,66,265141,64,300132
16955,0.019799,74.125.200.0-255,5738,270879,64,300132
16956,0.019811,172.31.40.0-255,66,270945,64,300132
16957,0.021774,74.125.200.0-255,5738,276683,64,300132
16958,0.021783,172.31.40.0-255,66,276749,64,300132
16959,0.023748,74.125.200.0-255,5738,282487,64,300132
16960,0.023756,172.31.40.0-255,66,282553,64,300132
16961,0.025711,74.125.200.0-255,5738,288291,64,300132
16962,0.02572,172.31.40.0-255,66,288357,64,300132
16963,0.027669,74.125.200.0-255,1484,289841,64,300132
16964,0.027691,74.125.200.0-255,4320,294161,64,300132
16965,0.027697,172.31.40.0-255,66,294227,64,300132
16966,0.029645,74.125.200.0-255,5738,299965,64,300132
16967,0.029652,172.31.40.0-255,66,300031,64,300132
16968,0.029737,172.31.40.0-255,101,300132,64,300132
16969,0.0,74.125.68.0-255,153,153,64,164504
16970,1.5e-05,172.31.40.0-255,66,219,64,164504
16971,3.9e-05,74.125.68.0-255,1484,1703,64,164504
16972,4.4e-05,172.31.40.0-255,66,1769,64,164504
16973,4.8e-05,74.125.68.0-255,1484,3253,64,164504
16974,5.1e-05,172.31.40.0-255,66,3319,64,164504
16975,5.6e-05,74.125.68.0-255,2902,6221,64,164504
16976,5.9e-05,172.31.40.0-255,66,6287,64,164504
16977,8.8e-05,74.125.68.0-255,5738,12025,64,164504
16978,9e-05,172.31.40.0-255,66,12091,64,164504
16979,0.000111,74.125.68.0-255,1910,14001,64,164504
16980,0.000113,172.31.40.0-255,66,14067,64,164504
16981,0.000285,74.125.68.0-255,1484,15551,64,164504
16982,0.000291,172.31.40.0-255,66,15617,64,164504
16983,0.000295,74.125.68.0-255,1484,17101,64,164504
16984,0.000297,172.31.40.0-255,66,17167,64,164504
16985,0.000302,74.125.68.0-255,2902,20069,64,164504
16986,0.000304,172.31.40.0-255,66,20135,64,164504
16987,0.000331,74.125.68.0-255,4320,24455,64,164504
16988,0.000335,172.31.40.0-255,66,24521,64,164504
16989,0.000355,74.125.68.0-255,1484,26005,64,164504
16990,0.000357,172.31.40.0-255,66,26071,64,164504
16991,0.000363,74.125.68.0-255,4320,30391,64,164504
16992,0.000365,172.31.40.0-255,66,30457,64,164504
16993,0.000399,74.125.68.0-255,5379,35836,64,164504
16994,0.000402,172.31.40.0-255,66,35902,64,164504
16995,0.000419,74.125.68.0-255,2902,38804,64,164504
16996,0.000421,172.31.40.0-255,66,38870,64,164504
16997,0.000428,74.125.68.0-255,5738,44608,64,164504
16998,0.00043,172.31.40.0-255,66,44674,64,164504
16999,0.000453,74.125.68.0-255,3961,48635,64,164504
17000,0.000455,172.31.40.0-255,66,48701,64,164504
17001,0.000488,74.125.68.0-255,1484,50185,64,164504
17002,0.000495,74.125.68.0-255,2902,53087,64,164504
17003,0.000497,172.31.40.0-255,66,53153,64,164504
17004,0.000501,74.125.68.0-255,1484,54637,64,164504
17005,0.000516,74.125.68.0-255,2902,57539,64,164504
17006,0.000519,172.31.40.0-255,66,57605,64,164504
17007,0.000539,74.125.68.0-255,1484,59089,64,164504
17008,0.000563,74.125.68.0-255,4320,63409,64,164504
17009,0.000566,172.31.40.0-255,66,63475,64,164504
17010,0.00057,74.125.68.0-255,2543,66018,64,164504
17011,0.000573,172.31.40.0-255,66,66084,64,164504
17012,0.001046,74.125.68.0-255,413,66497,64,164504
17013,0.001081,74.125.68.0-255,330,66827,64,164504
17014,0.001141,172.31.40.0-255,66,66893,64,164504
17015,0.002039,74.125.68.0-255,1484,68377,64,164504
17016,0.002052,74.125.68.0-255,2902,71279,64,164504
17017,0.002057,172.31.40.0-255,66,71345,64,164504
17018,0.002065,74.125.68.0-255,4320,75665,64,164504
17019,0.002067,172.31.40.0-255,66,75731,64,164504
17020,0.002071,74.125.68.0-255,1484,77215,64,164504
17021,0.002092,74.125.68.0-255,4320,81535,64,164504
17022,0.002095,172.31.40.0-255,66,81601,64,164504
17023,0.002137,172.31.40.0-255,66,81667,64,164504
17024,0.002144,74.125.68.0-255,5738,87405,64,164504
17025,0.002146,172.31.40.0-255,66,87471,64,164504
17026,0.002167,74.125.68.0-255,2184,89655,64,164504
17027,0.002169,172.31.40.0-255,66,89721,64,164504
17028,0.00438,74.125.68.0-255,2902,92623,64,164504
17029,0.004388,172.31.40.0-255,66,92689,64,164504
17030,0.004411,74.125.68.0-255,2902,95591,64,164504
17031,0.004414,172.31.40.0-255,66,95657,64,164504
17032,0.006644,74.125.68.0-255,5738,101395,64,164504
17033,0.006655,172.31.40.0-255,66,101461,64,164504
17034,0.008911,74.125.68.0-255,5738,107199,64,164504
17035,0.008921,172.31.40.0-255,66,107265,64,164504
17036,0.011181,74.125.68.0-255,5738,113003,64,164504
17037,0.011194,172.31.40.0-255,66,113069,64,164504
17038,0.01346,74.125.68.0-255,5738,118807,64,164504
17039,0.013478,172.31.40.0-255,66,118873,64,164504
17040,0.015754,74.125.68.0-255,5738,124611,64,164504
17041,0.015765,172.31.40.0-255,66,124677,64,164504
17042,0.018035,74.125.68.0-255,5738,130415,64,164504
17043,0.018058,172.31.40.0-255,66,130481,64,164504
17044,0.02033,74.125.68.0-255,5738,136219,64,164504
17045,0.02035,172.31.40.0-255,66,136285,64,164504
17046,0.022614,74.125.68.0-255,5738,142023,64,164504
17047,0.022632,172.31.40.0-255,66,142089,64,164504
17048,0.024908,74.125.68.0-255,5738,147827,64,164504
17049,0.024923,172.31.40.0-255,66,147893,64,164504
17050,0.027182,74.125.68.0-255,5738,153631,64,164504
17051,0.027199,172.31.40.0-255,66,153697,64,164504
17052,0.029387,172.31.40.0-255,167,153864,64,164504
17053,0.029422,172.31.40.0-255,1111,154975,64,164504
17054,0.029455,74.125.68.0-255,5738,160713,64,164504
17055,0.029462,172.31.40.0-255,66,160779,64,164504
17056,0.029592,172.31.40.0-255,1514,162293,64,164504
17057,0.029594,172.31.40.0-255,1514,163807,64,164504
17058,0.029619,172.31.40.0-255,697,164504,64,164504
17059,0.0,74.125.200.0-255,146,146,64,316168
17060,1.5e-05,172.31.40.0-255,66,212,64,316168
17061,4.6e-05,74.125.200.0-255,1484,1696,64,316168
17062,5.2e-05,172.31.40.0-255,66,1762,64,316168
17063,5.8e-05,74.125.200.0-255,2902,4664,64,316168
17064,6.1e-05,172.31.40.0-255,66,4730,64,316168
17065,9.1e-05,74.125.200.0-255,7156,11886,64,316168
17066,9.4e-05,172.31.40.0-255,66,11952,64,316168
17067,0.000125,74.125.200.0-255,2065,14017,64,316168
17068,0.000128,172.31.40.0-255,66,14083,64,316168
17069,0.000167,74.125.200.0-255,2902,16985,64,316168
17070,0.000171,172.31.40.0-255,66,17051,64,316168
17071,0.000198,74.125.200.0-255,4320,21371,64,316168
17072,0.000201,172.31.40.0-255,66,21437,64,316168
17073,0.000234,172.31.40.0-255,66,21503,64,316168
17074,0.000237,74.125.200.0-255,1125,22628,64,316168
17075,0.000239,172.31.40.0-255,66,22694,64,316168
17076,0.000357,74.125.200.0-255,1484,24178,64,316168
17077,0.000362,172.31.40.0-255,66,24244,64,316168
17078,0.000367,74.125.200.0-255,2902,27146,64,316168
17079,0.000369,172.31.40.0-255,66,27212,64,316168
17080,0.000392,74.125.200.0-255,4320,31532,64,316168
17081,0.000395,172.31.40.0-255,66,31598,64,316168
17082,0.000401,74.125.200.0-255,5738,37336,64,316168
17083,0.000404,172.31.40.0-255,66,37402,64,316168
17084,0.000447,74.125.200.0-255,7156,44558,64,316168
17085,0.000449,172.31.40.0-255,66,44624,64,316168
17086,0.00048,74.125.200.0-255,5379,50003,64,316168
17087,0.000483,172.31.40.0-255,66,50069,64,316168
17088,0.000516,74.125.200.0-255,4320,54389,64,316168
17089,0.000518,172.31.40.0-255,66,54455,64,316168
17090,0.000536,74.125.200.0-255,2817,57272,64,316168
17091,0.000539,172.31.40.0-255,66,57338,64,316168
17092,0.000541,74.125.200.0-255,131,57469,64,316168
17093,0.000606,74.125.200.0-255,1484,58953,64,316168
17094,0.000609,172.31.40.0-255,66,59019,64,316168
17095,0.000635,74.125.200.0-255,2902,61921,64,316168
17096,0.000638,172.31.40.0-255,66,61987,64,316168
17097,0.00064,74.125.200.0-255,1484,63471,64,316168
17098,0.000643,74.125.200.0-255,1484,64955,64,316168
17099,0.000644,172.31.40.0-255,66,65021,64,316168
17100,0.000672,74.125.200.0-255,1484,66505,64,316168
17101,0.000678,74.125.200.0-255,5738,72243,64,316168
17102,0.00068,172.31.40.0-255,66,72309,64,316168
17103,0.000685,74.125.200.0-255,4320,76629,64,316168
17104,0.000687,172.31.40.0-255,66,76695,64,316168
17105,0.000708,74.125.200.0-255,4320,81015,64,316168
17106,0.00071,172.31.40.0-255,66,81081,64,316168
17107,0.000722,74.125.200.0-255,766,81847,64,316168
17108,0.000725,172.31.40.0-255,66,81913,64,316168
17109,0.000756,74.125.200.0-255,347,82260,64,316168
17110,0.000787,74.125.200.0-255,1484,83744,64,316168
17111,0.000789,172.31.40.0-255,66,83810,64,316168
17112,0.000802,74.125.200.0-255,4320,88130,64,316168
17113,0.000808,172.31.40.0-255,66,88196,64,316168
17114,0.000849,74.125.200.0-255,7156,95352,64,316168
17115,0.000852,172.31.40.0-255,66,95418,64,316168
17116,0.000878,74.125.200.0-255,5738,101156,64,316168
17117,0.00088,172.31.40.0-255,66,101222,64,316168
17118,0.000905,74.125.200.0-255,2902,104124,64,316168
17119,0.000908,172.31.40.0-255,66,104190,64,316168
17120,0.000913,74.125.200.0-255,4320,108510,64,316168
17121,0.000915,172.31.40.0-255,66,108576,64,316168
17122,0.000924,74.125.200.0-255,5738,114314,64,316168
17123,0.000926,172.31.40.0-255,66,114380,64,316168
17124,0.00093,74.125.200.0-255,2184,116564,64,316168
17125,0.000932,172.31.40.0-255,66,116630,64,316168
17126,0.001007,74.125.200.0-255,1484,118114,64,316168
17127,0.00101,74.125.200.0-255,1484,119598,64,316168
17128,0.001018,172.31.40.0-255,66,119664,64,316168
17129,0.001022,74.125.200.0-255,1484,121148,64,316168
17130,0.001046,74.125.200.0-255,5738,126886,64,316168
17131,0.001049,172.31.40.0-255,66,126952,64,316168
17132,0.001054,74.125.200.0-255,4320,131272,64,316168
17133,0.001056,172.31.40.0-255,66,131338,64,316168
17134,0.001078,74.125.200.0-255,2902,134240,64,316168
17135,0.001081,172.31.40.0-255,66,134306,64,316168
17136,0.001094,74.125.200.0-255,5738,140044,64,316168
17137,0.0011,172.31.40.0-255,66,140110,64,316168
17138,0.001119,74.125.200.0-255,7156,147266,64,316168
17139,0.001122,172.31.40.0-255,66,147332,64,316168
17140,0.001147,74.125.200.0-255,3602,150934,64,316168
17141,0.001149,172.31.40.0-255,66,151000,64,316168
17142,0.001192,74.125.200.0-255,1484,152484,64,316168
17143,0.00121,74.125.200.0-255,2902,155386,64,316168
17144,0.001213,172.31.40.0-255,66,155452,64,316168
17145,0.001216,74.125.200.0-255,1484,156936,64,316168
17146,0.001239,74.125.200.0-255,4320,161256,64,316168
17147,0.001242,172.31.40.0-255,66,161322,64,316168
17148,0.001247,74.125.200.0-255,5738,167060,64,316168
17149,0.001249,172.31.40.0-255,66,167126,64,316168
17150,0.001291,74.125.200.0-255,7156,174282,64,316168
17151,0.001294,172.31.40.0-255,66,174348,64,316168
17152,0.001301,74.125.200.0-255,7156,181504,64,316168
17153,0.001302,172.31.40.0-255,66,181570,64,316168
17154,0.001343,74.125.200.0-255,3602,185172,64,316168
17155,0.001346,172.31.40.0-255,66,185238,64,316168
17156,0.001448,74.125.200.0-255,1484,186722,64,316168
17157,0.001459,74.125.200.0-255,1484,188206,64,316168
17158,0.001462,172.31.40.0-255,66,188272,64,316168
17159,0.001484,74.125.200.0-255,1484,189756,64,316168
17160,0.001487,74.125.200.0-255,1484,191240,64,316168
17161,0.001489,172.31.40.0-255,66,191306,64,316168
17162,0.001502,74.125.200.0-255,4320,195626,64,316168
17163,0.001508,172.31.40.0-255,66,195692,64,316168
17164,0.001511,74.125.200.0-255,1484,197176,64,316168
17165,0.001515,74.125.200.0-255,2902,200078,64,316168
17166,0.001516,172.31.40.0-255,66,200144,64,316168
17167,0.00155,74.125.200.0-255,5738,205882,64,316168
17168,0.001553,172.31.40.0-255,66,205948,64,316168
17169,0.00156,74.125.200.0-255,7156,213104,64,316168
17170,0.001562,172.31.40.0-255,66,213170,64,316168
17171,0.001598,74.125.200.0-255,1484,214654,64,316168
17172,0.001615,74.125.200.0-255,5020,219674,64,316168
17173,0.001618,172.31.40.0-255,66,219740,64,316168
17174,0.001744,74.125.200.0-255,1484,221224,64,316168
17175,0.001749,74.125.200.0-255,2902,224126,64,316168
17176,0.001752,172.31.40.0-255,66,224192,64,316168
17177,0.001757,74.125.200.0-255,4320,228512,64,316168
17178,0.00176,172.31.40.0-255,66,228578,64,316168
17179,0.001823,172.31.40.0-255,66,228644,64,316168
17180,0.001829,74.125.200.0-255,7156,235800,64,316168
17181,0.001831,172.31.40.0-255,66,235866,64,316168
17182,0.00184,172.31.40.0-255,66,235932,64,316168
17183,0.001842,74.125.200.0-255,766,236698,64,316168
17184,0.001906,74.125.200.0-255,1484,238182,64,316168
17185,0.00191,172.31.40.0-255,66,238248,64,316168
17186,0.001927,74.125.200.0-255,2902,241150,64,316168
17187,0.001929,172.31.40.0-255,66,241216,64,316168
17188,0.001931,74.125.200.0-255,1484,242700,64,316168
17189,0.001957,74.125.200.0-255,4320,247020,64,316168
17190,0.001959,172.31.40.0-255,66,247086,64,316168
17191,0.001964,74.125.200.0-255,2902,249988,64,316168
17192,0.001965,172.31.40.0-255,66,250054,64,316168
17193,0.00197,74.125.200.0-255,4320,254374,64,316168
17194,0.001971,172.31.40.0-255,66,254440,64,316168
17195,0.001996,172.31.40.0-255,66,254506,64,316168
17196,0.002001,74.125.200.0-255,4320,258826,64,316168
17197,0.002003,172.31.40.0-255,66,258892,64,316168
17198,0.002031,74.125.200.0-255,3602,262494,64,316168
17199,0.002034,172.31.40.0-255,66,262560,64,316168
17200,0.002044,172.31.40.0-255,66,262626,64,316168
17201,0.002049,74.125.200.0-255,4320,266946,64,316168
17202,0.002061,172.31.40.0-255,66,267012,64,316168
17203,0.002073,74.125.200.0-255,1484,268496,64,316168
17204,0.002078,74.125.200.0-255,4320,272816,64,316168
17205,0.002084,172.31.40.0-255,66,272882,64,316168
17206,0.002106,74.125.200.0-255,2902,275784,64,316168
17207,0.002131,74.125.200.0-255,1484,277268,64,316168
17208,0.002136,172.31.40.0-255,66,277334,64,316168
17209,0.002161,74.125.200.0-255,4320,281654,64,316168
17210,0.002167,172.31.40.0-255,66,281720,64,316168
17211,0.002204,74.125.200.0-255,4320,286040,64,316168
17212,0.002211,172.31.40.0-255,66,286106,64,316168
17213,0.002237,74.125.200.0-255,5020,291126,64,316168
17214,0.002242,74.125.200.0-255,2902,294028,64,316168
17215,0.002246,172.31.40.0-255,66,294094,64,316168
17216,0.002265,74.125.200.0-255,7156,301250,64,316168
17217,0.002268,74.125.200.0-255,1484,302734,64,316168
17218,0.00228,172.31.40.0-255,66,302800,64,316168
17219,0.002298,74.125.200.0-255,4320,307120,64,316168
17220,0.002347,74.125.200.0-255,4320,311440,64,316168
17221,0.002367,74.125.200.0-255,4320,315760,64,316168
17222,0.010361,172.31.40.0-255,66,315826,64,316168
17223,0.012696,74.125.200.0-255,105,315931,64,316168
17224,0.01766,172.31.40.0-255,66,315997,64,316168
17225,0.017737,172.31.40.0-255,105,316102,64,316168
17226,0.020066,74.125.200.0-255,66,316168,64,316168
17227,0.0,172.217.194.0-255,146,146,64,196773
17228,1.3e-05,172.31.40.0-255,66,212,64,196773
17229,2e-05,172.217.194.0-255,1484,1696,64,196773
17230,2.4e-05,172.31.40.0-255,66,1762,64,196773
17231,3e-05,172.217.194.0-255,2902,4664,64,196773
17232,4e-05,172.31.40.0-255,66,4730,64,196773
17233,4.6e-05,172.217.194.0-255,4320,9050,64,196773
17234,4.9e-05,172.31.40.0-255,66,9116,64,196773
17235,0.000105,172.31.40.0-255,66,9182,64,196773
17236,0.000117,172.31.40.0-255,66,9248,64,196773
17237,0.000246,172.217.194.0-255,1484,10732,64,196773
17238,0.000251,172.31.40.0-255,66,10798,64,196773
17239,0.000257,172.217.194.0-255,2902,13700,64,196773
17240,0.000259,172.31.40.0-255,66,13766,64,196773
17241,0.00027,172.217.194.0-255,5738,19504,64,196773
17242,0.000273,172.31.40.0-255,66,19570,64,196773
17243,0.000276,172.217.194.0-255,1484,21054,64,196773
17244,0.000278,172.31.40.0-255,66,21120,64,196773
17245,0.000302,172.217.194.0-255,2902,24022,64,196773
17246,0.000309,172.31.40.0-255,66,24088,64,196773
17247,0.000338,172.217.194.0-255,2543,26631,64,196773
17248,0.000341,172.31.40.0-255,66,26697,64,196773
17249,0.000384,172.217.194.0-255,1484,28181,64,196773
17250,0.000387,172.31.40.0-255,66,28247,64,196773
17251,0.00039,172.217.194.0-255,1484,29731,64,196773
17252,0.000393,172.31.40.0-255,66,29797,64,196773
17253,0.000415,172.217.194.0-255,1484,31281,64,196773
17254,0.000422,172.31.40.0-255,66,31347,64,196773
17255,0.000428,172.217.194.0-255,5738,37085,64,196773
17256,0.000431,172.31.40.0-255,66,37151,64,196773
17257,0.000459,172.217.194.0-255,6797,43948,64,196773
17258,0.000467,172.31.40.0-255,66,44014,64,196773
17259,0.000635,172.217.194.0-255,364,44378,64,196773
17260,0.000639,172.31.40.0-255,66,44444,64,196773
17261,0.000809,172.217.194.0-255,378,44822,64,196773
17262,0.000812,172.31.40.0-255,66,44888,64,196773
17263,0.001047,172.217.194.0-255,1484,46372,64,196773
17264,0.001051,172.31.40.0-255,66,46438,64,196773
17265,0.001054,172.217.194.0-255,1484,47922,64,196773
17266,0.001055,172.31.40.0-255,66,47988,64,196773
17267,0.001075,172.217.194.0-255,1484,49472,64,196773
17268,0.001078,172.31.40.0-255,66,49538,64,196773
17269,0.001102,172.217.194.0-255,5738,55276,64,196773
17270,0.001105,172.31.40.0-255,66,55342,64,196773
17271,0.001115,172.217.194.0-255,6797,62139,64,196773
17272,0.001117,172.31.40.0-255,66,62205,64,196773
17273,0.001137,172.217.194.0-255,2902,65107,64,196773
17274,0.001139,172.31.40.0-255,66,65173,64,196773
17275,0.001163,172.217.194.0-255,4320,69493,64,196773
17276,0.001165,172.31.40.0-255,66,69559,64,196773
17277,0.001178,172.31.40.0-255,66,69625,64,196773
17278,0.001435,172.217.194.0-255,1484,71109,64,196773
17279,0.001438,172.31.40.0-255,66,71175,64,196773
17280,0.001443,172.217.194.0-255,2902,74077,64,196773
17281,0.001445,172.31.40.0-255,66,74143,64,196773
17282,0.001472,172.217.194.0-255,5738,79881,64,196773
17283,0.001474,172.31.40.0-255,66,79947,64,196773
17284,0.001478,172.217.194.0-255,2902,82849,64,196773
17285,0.00148,172.31.40.0-255,66,82915,64,196773
17286,0.001531,172.31.40.0-255,66,82981,64,196773
17287,0.001534,172.31.40.0-255,66,83047,64,196773
17288,0.001554,172.217.194.0-255,2184,85231,64,196773
17289,0.001556,172.31.40.0-255,66,85297,64,196773
17290,0.001561,172.217.194.0-255,4320,89617,64,196773
17291,0.001563,172.31.40.0-255,66,89683,64,196773
17292,0.001587,172.217.194.0-255,7156,96839,64,196773
17293,0.001648,172.31.40.0-255,66,96905,64,196773
17294,0.001748,172.217.194.0-255,1484,98389,64,196773
17295,0.001755,172.217.194.0-255,2902,101291,64,196773
17296,0.001772,172.31.40.0-255,66,101357,64,196773
17297,0.001779,172.217.194.0-255,5738,107095,64,196773
17298,0.001785,172.31.40.0-255,66,107161,64,196773
17299,0.001824,172.217.194.0-255,2902,110063,64,196773
17300,0.001845,172.217.194.0-255,4320,114383,64,196773
17301,0.001852,172.31.40.0-255,66,114449,64,196773
17302,0.001862,172.217.194.0-255,3602,118051,64,196773
17303,0.001867,172.31.40.0-255,66,118117,64,196773
17304,0.002172,172.217.194.0-255,1484,119601,64,196773
17305,0.002185,172.217.194.0-255,2902,122503,64,196773
17306,0.002189,172.31.40.0-255,66,122569,64,196773
17307,0.002194,172.217.194.0-255,2902,125471,64,196773
17308,0.002218,172.217.194.0-255,2902,128373,64,196773
17309,0.002244,172.31.40.0-255,66,128439,64,196773
17310,0.002271,172.217.194.0-255,5738,134177,64,196773
17311,0.002277,172.31.40.0-255,66,134243,64,196773
17312,0.002331,172.31.40.0-255,66,134309,64,196773
17313,0.004618,172.217.194.0-255,5738,140047,64,196773
17314,0.004625,172.31.40.0-255,66,140113,64,196773
17315,0.006869,172.217.194.0-255,1484,141597,64,196773
17316,0.006872,172.31.40.0-255,66,141663,64,196773
17317,0.006903,172.217.194.0-255,4320,145983,64,196773
17318,0.007841,172.31.40.0-255,66,146049,64,196773
17319,0.009116,172.217.194.0-255,1484,147533,64,196773
17320,0.009122,172.31.40.0-255,66,147599,64,196773
17321,0.010113,172.217.194.0-255,4320,151919,64,196773
17322,0.010119,172.31.40.0-255,66,151985,64,196773
17323,0.011362,172.217.194.0-255,1484,153469,64,196773
17324,0.012368,172.217.194.0-255,4320,157789,64,196773
17325,0.014401,172.31.40.0-255,66,157855,64,196773
17326,0.016676,172.217.194.0-255,5738,163593,64,196773
17327,0.016688,172.31.40.0-255,66,163659,64,196773
17328,0.018968,172.217.194.0-255,5738,169397,64,196773
17329,0.018975,172.31.40.0-255,66,169463,64,196773
17330,0.021253,172.217.194.0-255,5738,175201,64,196773
17331,0.021261,172.31.40.0-255,66,175267,64,196773
17332,0.023504,172.217.194.0-255,5738,181005,64,196773
17333,0.023511,172.31.40.0-255,66,181071,64,196773
17334,0.025768,172.217.194.0-255,5738,186809,64,196773
17335,0.025774,172.31.40.0-255,66,186875,64,196773
17336,0.028044,172.217.194.0-255,5738,192613,64,196773
17337,0.028048,172.31.40.0-255,66,192679,64,196773
17338,0.028927,172.31.40.0-255,172,192851,64,196773
17339,0.028954,172.31.40.0-255,1111,193962,64,196773
17340,0.029003,172.31.40.0-255,1514,195476,64,196773
17341,0.029004,172.31.40.0-255,1297,196773,64,196773
17342,0.0,172.217.194.0-255,150,150,64,123583
17343,2.4e-05,172.31.40.0-255,66,216,64,123583
17344,3.1e-05,172.217.194.0-255,1484,1700,64,123583
17345,3.6e-05,172.31.40.0-255,66,1766,64,123583
17346,5e-05,172.217.194.0-255,2902,4668,64,123583
17347,5.4e-05,172.31.40.0-255,66,4734,64,123583
17348,7.5e-05,172.217.194.0-255,7156,11890,64,123583
17349,7.8e-05,172.31.40.0-255,66,11956,64,123583
17350,9.1e-05,172.31.40.0-255,66,12022,64,123583
17351,0.000137,172.31.40.0-255,66,12088,64,123583
17352,0.000144,172.217.194.0-255,7156,19244,64,123583
17353,0.000146,172.31.40.0-255,66,19310,64,123583
17354,0.000171,172.217.194.0-255,5738,25048,64,123583
17355,0.000174,172.31.40.0-255,66,25114,64,123583
17356,0.000177,172.217.194.0-255,1125,26239,64,123583
17357,0.000178,172.31.40.0-255,66,26305,64,123583
17358,0.000748,172.217.194.0-255,1484,27789,64,123583
17359,0.000754,172.31.40.0-255,66,27855,64,123583
17360,0.000761,172.217.194.0-255,2902,30757,64,123583
17361,0.000763,172.31.40.0-255,66,30823,64,123583
17362,0.000773,172.217.194.0-255,2902,33725,64,123583
17363,0.000775,172.31.40.0-255,66,33791,64,123583
17364,0.000802,172.217.194.0-255,2902,36693,64,123583
17365,0.000809,172.31.40.0-255,66,36759,64,123583
17366,0.000815,172.217.194.0-255,4320,41079,64,123583
17367,0.000817,172.31.40.0-255,66,41145,64,123583
17368,0.000848,172.217.194.0-255,2543,43688,64,123583
17369,0.000851,172.31.40.0-255,66,43754,64,123583
17370,0.001878,172.217.194.0-255,645,44399,64,123583
17371,0.001885,172.31.40.0-255,66,44465,64,123583
17372,0.002911,172.217.194.0-255,1484,45949,64,123583
17373,0.002934,172.217.194.0-255,2902,48851,64,123583
17374,0.002939,172.31.40.0-255,66,48917,64,123583
17375,0.003964,172.217.194.0-255,1484,50401,64,123583
17376,0.005048,172.217.194.0-255,4320,54721,64,123583
17377,0.005054,172.31.40.0-255,66,54787,64,123583
17378,0.007132,172.217.194.0-255,2902,57689,64,123583
17379,0.007136,172.31.40.0-255,66,57755,64,123583
17380,0.007182,172.217.194.0-255,2902,60657,64,123583
17381,0.007185,172.31.40.0-255,66,60723,64,123583
17382,0.009319,172.217.194.0-255,2902,63625,64,123583
17383,0.009328,172.31.40.0-255,66,63691,64,123583
17384,0.00936,172.217.194.0-255,2902,66593,64,123583
17385,0.009363,172.31.40.0-255,66,66659,64,123583
17386,0.011399,172.217.194.0-255,2902,69561,64,123583
17387,0.011407,172.31.40.0-255,66,69627,64,123583
17388,0.011435,172.217.194.0-255,2902,72529,64,123583
17389,0.011438,172.31.40.0-255,66,72595,64,123583
17390,0.013501,172.217.194.0-255,2902,75497,64,123583
17391,0.013509,172.31.40.0-255,66,75563,64,123583
17392,0.013536,172.217.194.0-255,2902,78465,64,123583
17393,0.013538,172.31.40.0-255,66,78531,64,123583
17394,0.015613,172.217.194.0-255,2902,81433,64,123583
17395,0.015622,172.31.40.0-255,66,81499,64,123583
17396,0.015652,172.217.194.0-255,2902,84401,64,123583
17397,0.015655,172.31.40.0-255,66,84467,64,123583
17398,0.017731,172.217.194.0-255,5738,90205,64,123583
17399,0.017742,172.31.40.0-255,66,90271,64,123583
17400,0.019835,172.217.194.0-255,5738,96009,64,123583
17401,0.019846,172.31.40.0-255,66,96075,64,123583
17402,0.021954,172.217.194.0-255,5738,101813,64,123583
17403,0.021964,172.31.40.0-255,66,101879,64,123583
17404,0.024085,172.217.194.0-255,5738,107617,64,123583
17405,0.024096,172.31.40.0-255,66,107683,64,123583
17406,0.025886,172.31.40.0-255,172,107855,64,123583
17407,0.02592,172.31.40.0-255,1111,108966,64,123583
17408,0.025977,172.31.40.0-255,1514,110480,64,123583
17409,0.025979,172.31.40.0-255,1297,111777,64,123583
17410,0.026185,172.217.194.0-255,5738,117515,64,123583
17411,0.026192,172.31.40.0-255,66,117581,64,123583
17412,0.027429,104.244.42.0-255,66,117647,64,123583
17413,0.027471,104.244.42.0-255,66,117713,64,123583
17414,0.027515,104.244.42.0-255,66,117779,64,123583
17415,0.028305,172.217.194.0-255,5738,123517,64,123583
17416,0.028312,172.31.40.0-255,66,123583,64,123583
17417,0.0,172.217.194.0-255,148,148,64,226588
17418,2.2e-05,172.31.40.0-255,66,214,64,226588
17419,2.9e-05,172.217.194.0-255,1484,1698,64,226588
17420,3.3e-05,172.31.40.0-255,66,1764,64,226588
17421,4.7e-05,172.217.194.0-255,2902,4666,64,226588
17422,5.1e-05,172.31.40.0-255,66,4732,64,226588
17423,5.9e-05,172.217.194.0-255,7156,11888,64,226588
17424,6.3e-05,172.31.40.0-255,66,11954,64,226588
17425,0.000121,172.31.40.0-255,66,12020,64,226588
17426,0.000125,172.217.194.0-255,2543,14563,64,226588
17427,0.000128,172.31.40.0-255,66,14629,64,226588
17428,0.000165,172.217.194.0-255,1484,16113,64,226588
17429,0.000168,172.31.40.0-255,66,16179,64,226588
17430,0.000173,172.217.194.0-255,2902,19081,64,226588
17431,0.000176,172.31.40.0-255,66,19147,64,226588
17432,0.000186,172.217.194.0-255,5738,24885,64,226588
17433,0.000189,172.31.40.0-255,66,24951,64,226588
17434,0.000196,172.217.194.0-255,6797,31748,64,226588
17435,0.000199,172.31.40.0-255,66,31814,64,226588
17436,0.000206,172.217.194.0-255,5738,37552,64,226588
17437,0.000209,172.31.40.0-255,66,37618,64,226588
17438,0.000257,172.31.40.0-255,66,37684,64,226588
17439,0.000262,172.217.194.0-255,2831,40515,64,226588
17440,0.000264,172.31.40.0-255,66,40581,64,226588
17441,0.000267,172.217.194.0-255,367,40948,64,226588
17442,0.000269,172.31.40.0-255,66,41014,64,226588
17443,0.000301,172.217.194.0-255,1484,42498,64,226588
17444,0.000303,172.31.40.0-255,66,42564,64,226588
17445,0.000309,172.217.194.0-255,4320,46884,64,226588
17446,0.000311,172.31.40.0-255,66,46950,64,226588
17447,0.000354,172.217.194.0-255,5738,52688,64,226588
17448,0.000359,172.31.40.0-255,66,52754,64,226588
17449,0.000383,172.217.194.0-255,5379,58133,64,226588
17450,0.00039,172.217.194.0-255,6248,64381,64,226588
17451,0.000424,172.217.194.0-255,4320,68701,64,226588
17452,0.000437,172.217.194.0-255,2902,71603,64,226588
17453,0.000442,172.217.194.0-255,4320,75923,64,226588
17454,0.000462,172.217.194.0-255,4320,80243,64,226588
17455,0.000482,172.217.194.0-255,2902,83145,64,226588
17456,0.000497,172.217.194.0-255,5738,88883,64,226588
17457,0.000516,172.217.194.0-255,4320,93203,64,226588
17458,0.000539,172.217.194.0-255,4320,97523,64,226588
17459,0.000541,172.217.194.0-255,766,98289,64,226588
17460,0.000561,172.217.194.0-255,4320,102609,64,226588
17461,0.000566,172.217.194.0-255,5738,108347,64,226588
17462,0.000596,172.217.194.0-255,6797,115144,64,226588
17463,0.000689,172.217.194.0-255,1484,116628,64,226588
17464,0.000694,172.217.194.0-255,2902,119530,64,226588
17465,0.000721,172.217.194.0-255,5738,125268,64,226588
17466,0.000727,172.31.40.0-255,66,125334,64,226588
17467,0.000746,172.217.194.0-255,7156,132490,64,226588
17468,0.00075,172.31.40.0-255,66,132556,64,226588
17469,0.000763,172.217.194.0-255,5738,138294,64,226588
17470,0.000818,172.217.194.0-255,6438,144732,64,226588
17471,0.000825,172.217.194.0-255,7156,151888,64,226588
17472,0.000871,172.31.40.0-255,66,151954,64,226588
17473,0.000877,172.31.40.0-255,66,152020,64,226588
17474,0.000913,172.217.194.0-255,1484,153504,64,226588
17475,0.000958,172.217.194.0-255,1484,154988,64,226588
17476,0.000964,172.31.40.0-255,66,155054,64,226588
17477,0.000974,172.217.194.0-255,2902,157956,64,226588
17478,0.00099,172.31.40.0-255,66,158022,64,226588
17479,0.000996,172.217.194.0-255,5738,163760,64,226588
17480,0.000999,172.217.194.0-255,1484,165244,64,226588
17481,0.001059,172.217.194.0-255,5738,170982,64,226588
17482,0.001067,172.31.40.0-255,66,171048,64,226588
17483,0.001078,172.217.194.0-255,6438,177486,64,226588
17484,0.00109,172.31.40.0-255,66,177552,64,226588
17485,0.001101,172.217.194.0-255,1484,179036,64,226588
17486,0.001118,172.217.194.0-255,2902,181938,64,226588
17487,0.001138,172.217.194.0-255,1484,183422,64,226588
17488,0.00114,172.31.40.0-255,66,183488,64,226588
17489,0.001152,172.217.194.0-255,2902,186390,64,226588
17490,0.001173,172.217.194.0-255,1484,187874,64,226588
17491,0.00119,172.217.194.0-255,5738,193612,64,226588
17492,0.001203,172.217.194.0-255,2902,196514,64,226588
17493,0.001215,172.31.40.0-255,66,196580,64,226588
17494,0.001219,172.217.194.0-255,2184,198764,64,226588
17495,0.001224,172.31.40.0-255,66,198830,64,226588
17496,0.001242,172.217.194.0-255,2902,201732,64,226588
17497,0.001256,172.217.194.0-255,2902,204634,64,226588
17498,0.001277,172.217.194.0-255,4320,208954,64,226588
17499,0.001297,172.31.40.0-255,66,209020,64,226588
17500,0.001314,172.217.194.0-255,4320,213340,64,226588
17501,0.001344,172.31.40.0-255,66,213406,64,226588
17502,0.00136,172.217.194.0-255,5738,219144,64,226588
17503,0.001379,172.31.40.0-255,66,219210,64,226588
17504,0.001475,172.217.194.0-255,5738,224948,64,226588
17505,0.001498,172.217.194.0-255,1298,226246,64,226588
17506,0.0015,172.217.194.0-255,105,226351,64,226588
17507,0.001521,172.31.40.0-255,66,226417,64,226588
17508,0.004514,172.31.40.0-255,105,226522,64,226588
17509,0.007066,172.217.194.0-255,66,226588,64,226588
17510,0.0,74.125.24.0-255,150,150,64,198006
17511,2e-05,172.31.40.0-255,66,216,64,198006
17512,2.7e-05,74.125.24.0-255,1484,1700,64,198006
17513,3.1e-05,172.31.40.0-255,66,1766,64,198006
17514,3.7e-05,74.125.24.0-255,2902,4668,64,198006
17515,4.1e-05,172.31.40.0-255,66,4734,64,198006
17516,4.8e-05,74.125.24.0-255,7156,11890,64,198006
17517,5.1e-05,172.31.40.0-255,66,11956,64,198006
17518,5.8e-05,74.125.24.0-255,4908,16864,64,198006
17519,6.1e-05,172.31.40.0-255,66,16930,64,198006
17520,9.1e-05,74.125.24.0-255,5738,22668,64,198006
17521,9.4e-05,172.31.40.0-255,66,22734,64,198006
17522,0.000122,172.31.40.0-255,66,22800,64,198006
17523,0.000238,74.125.24.0-255,1484,24284,64,198006
17524,0.000242,172.31.40.0-255,66,24350,64,198006
17525,0.000248,74.125.24.0-255,2902,27252,64,198006
17526,0.000251,172.31.40.0-255,66,27318,64,198006
17527,0.000264,74.125.24.0-255,2902,30220,64,198006
17528,0.000267,172.31.40.0-255,66,30286,64,198006
17529,0.000287,74.125.24.0-255,2902,33188,64,198006
17530,0.000289,172.31.40.0-255,66,33254,64,198006
17531,0.000295,74.125.24.0-255,4320,37574,64,198006
17532,0.000297,172.31.40.0-255,66,37640,64,198006
17533,0.000319,74.125.24.0-255,2543,40183,64,198006
17534,0.000322,172.31.40.0-255,66,40249,64,198006
17535,0.000406,74.125.24.0-255,1484,41733,64,198006
17536,0.000408,172.31.40.0-255,66,41799,64,198006
17537,0.000412,74.125.24.0-255,1484,43283,64,198006
17538,0.000414,172.31.40.0-255,66,43349,64,198006
17539,0.000434,74.125.24.0-255,1484,44833,64,198006
17540,0.000436,172.31.40.0-255,66,44899,64,198006
17541,0.000443,74.125.24.0-255,5738,50637,64,198006
17542,0.000445,172.31.40.0-255,66,50703,64,198006
17543,0.000452,74.125.24.0-255,5738,56441,64,198006
17544,0.000454,172.31.40.0-255,66,56507,64,198006
17545,0.00048,74.125.24.0-255,1125,57632,64,198006
17546,0.000957,74.125.24.0-255,1484,59116,64,198006
17547,0.000962,172.31.40.0-255,66,59182,64,198006
17548,0.000968,74.125.24.0-255,2902,62084,64,198006
17549,0.00097,172.31.40.0-255,66,62150,64,198006
17550,0.000977,74.125.24.0-255,5738,67888,64,198006
17551,0.000979,172.31.40.0-255,66,67954,64,198006
17552,0.001011,172.31.40.0-255,66,68020,64,198006
17553,0.001032,74.125.24.0-255,1484,69504,64,198006
17554,0.001046,172.31.40.0-255,66,69570,64,198006
17555,0.001071,74.125.24.0-255,2902,72472,64,198006
17556,0.001074,172.31.40.0-255,66,72538,64,198006
17557,0.001093,74.125.24.0-255,4320,76858,64,198006
17558,0.001095,172.31.40.0-255,66,76924,64,198006
17559,0.001102,74.125.24.0-255,5738,82662,64,198006
17560,0.001104,172.31.40.0-255,66,82728,64,198006
17561,0.001129,74.125.24.0-255,2902,85630,64,198006
17562,0.001132,172.31.40.0-255,66,85696,64,198006
17563,0.001161,172.31.40.0-255,66,85762,64,198006
17564,0.001183,74.125.24.0-255,2902,88664,64,198006
17565,0.001186,172.31.40.0-255,66,88730,64,198006
17566,0.001189,74.125.24.0-255,766,89496,64,198006
17567,0.001726,172.31.40.0-255,66,89562,64,198006
17568,0.001908,74.125.24.0-255,1484,91046,64,198006
17569,0.001917,74.125.24.0-255,2902,93948,64,198006
17570,0.00192,172.31.40.0-255,66,94014,64,198006
17571,0.001924,74.125.24.0-255,1484,95498,64,198006
17572,0.001944,74.125.24.0-255,4320,99818,64,198006
17573,0.001947,172.31.40.0-255,66,99884,64,198006
17574,0.001954,74.125.24.0-255,7156,107040,64,198006
17575,0.001956,172.31.40.0-255,66,107106,64,198006
17576,0.001965,172.31.40.0-255,66,107172,64,198006
17577,0.002006,172.31.40.0-255,66,107238,64,198006
17578,0.002195,74.125.24.0-255,1484,108722,64,198006
17579,0.002204,74.125.24.0-255,2902,111624,64,198006
17580,0.002207,172.31.40.0-255,66,111690,64,198006
17581,0.002233,74.125.24.0-255,5738,117428,64,198006
17582,0.002235,172.31.40.0-255,66,117494,64,198006
17583,0.00224,74.125.24.0-255,4320,121814,64,198006
17584,0.002242,172.31.40.0-255,66,121880,64,198006
17585,0.002271,172.31.40.0-255,66,121946,64,198006
17586,0.00228,172.31.40.0-255,66,122012,64,198006
17587,0.002285,74.125.24.0-255,2184,124196,64,198006
17588,0.002286,172.31.40.0-255,66,124262,64,198006
17589,0.004541,74.125.24.0-255,5738,130000,64,198006
17590,0.004547,172.31.40.0-255,66,130066,64,198006
17591,0.006804,74.125.24.0-255,5738,135804,64,198006
17592,0.006812,172.31.40.0-255,66,135870,64,198006
17593,0.00907,74.125.24.0-255,5738,141608,64,198006
17594,0.009074,172.31.40.0-255,66,141674,64,198006
17595,0.011337,74.125.24.0-255,5738,147412,64,198006
17596,0.011345,172.31.40.0-255,66,147478,64,198006
17597,0.013599,74.125.24.0-255,5738,153216,64,198006
17598,0.013608,172.31.40.0-255,66,153282,64,198006
17599,0.015881,74.125.24.0-255,5738,159020,64,198006
17600,0.015892,172.31.40.0-255,66,159086,64,198006
17601,0.018147,74.125.24.0-255,5738,164824,64,198006
17602,0.018153,172.31.40.0-255,66,164890,64,198006
17603,0.020405,74.125.24.0-255,5738,170628,64,198006
17604,0.020413,172.31.40.0-255,66,170694,64,198006
17605,0.022694,74.125.24.0-255,5738,176432,64,198006
17606,0.022701,172.31.40.0-255,66,176498,64,198006
17607,0.024956,74.125.24.0-255,5738,182236,64,198006
17608,0.024964,172.31.40.0-255,66,182302,64,198006
17609,0.027229,74.125.24.0-255,5738,188040,64,198006
17610,0.027236,172.31.40.0-255,66,188106,64,198006
17611,0.028705,172.31.40.0-255,172,188278,64,198006
17612,0.028732,172.31.40.0-255,1112,189390,64,198006
17613,0.028791,172.31.40.0-255,1514,190904,64,198006
17614,0.028793,172.31.40.0-255,1298,192202,64,198006
17615,0.029497,74.125.24.0-255,5738,197940,64,198006
17616,0.029504,172.31.40.0-255,66,198006,64,198006
17617,0.0,74.125.200.0-255,147,147,64,224784
17618,2.4e-05,172.31.40.0-255,66,213,64,224784
17619,3.1e-05,74.125.200.0-255,1484,1697,64,224784
17620,3.6e-05,172.31.40.0-255,66,1763,64,224784
17621,4.9e-05,74.125.200.0-255,2902,4665,64,224784
17622,5.3e-05,172.31.40.0-255,66,4731,64,224784
17623,6e-05,74.125.200.0-255,5738,10469,64,224784
17624,6.3e-05,172.31.40.0-255,66,10535,64,224784
17625,0.000107,74.125.200.0-255,3491,14026,64,224784
17626,0.00011,172.31.40.0-255,66,14092,64,224784
17627,0.000149,74.125.200.0-255,4320,18412,64,224784
17628,0.000152,172.31.40.0-255,66,18478,64,224784
17629,0.000157,74.125.200.0-255,2902,21380,64,224784
17630,0.000159,172.31.40.0-255,66,21446,64,224784
17631,0.000163,74.125.200.0-255,1484,22930,64,224784
17632,0.000165,172.31.40.0-255,66,22996,64,224784
17633,0.0002,74.125.200.0-255,2902,25898,64,224784
17634,0.000202,172.31.40.0-255,66,25964,64,224784
17635,0.000207,74.125.200.0-255,2902,28866,64,224784
17636,0.000209,172.31.40.0-255,66,28932,64,224784
17637,0.000229,74.125.200.0-255,2543,31475,64,224784
17638,0.000236,172.31.40.0-255,66,31541,64,224784
17639,0.00029,74.125.200.0-255,1484,33025,64,224784
17640,0.000293,172.31.40.0-255,66,33091,64,224784
17641,0.000298,74.125.200.0-255,2902,35993,64,224784
17642,0.000301,172.31.40.0-255,66,36059,64,224784
17643,0.000304,74.125.200.0-255,1484,37543,64,224784
17644,0.000306,172.31.40.0-255,66,37609,64,224784
17645,0.00031,74.125.200.0-255,1484,39093,64,224784
17646,0.000312,172.31.40.0-255,66,39159,64,224784
17647,0.000344,74.125.200.0-255,1484,40643,64,224784
17648,0.000346,172.31.40.0-255,66,40709,64,224784
17649,0.000352,74.125.200.0-255,5738,46447,64,224784
17650,0.000355,172.31.40.0-255,66,46513,64,224784
17651,0.000366,74.125.200.0-255,2543,49056,64,224784
17652,0.000368,172.31.40.0-255,66,49122,64,224784
17653,0.00105,74.125.200.0-255,1484,50606,64,224784
17654,0.001061,74.125.200.0-255,2902,53508,64,224784
17655,0.001065,172.31.40.0-255,66,53574,64,224784
17656,0.00107,74.125.200.0-255,1484,55058,64,224784
17657,0.001102,74.125.200.0-255,2902,57960,64,224784
17658,0.001104,172.31.40.0-255,66,58026,64,224784
17659,0.001137,172.31.40.0-255,66,58092,64,224784
17660,0.001201,74.125.200.0-255,1484,59576,64,224784
17661,0.001215,74.125.200.0-255,2902,62478,64,224784
17662,0.001218,172.31.40.0-255,66,62544,64,224784
17663,0.001222,74.125.200.0-255,1484,64028,64,224784
17664,0.001248,74.125.200.0-255,2902,66930,64,224784
17665,0.001251,172.31.40.0-255,66,66996,64,224784
17666,0.001258,74.125.200.0-255,5738,72734,64,224784
17667,0.00126,172.31.40.0-255,66,72800,64,224784
17668,0.001287,74.125.200.0-255,3961,76761,64,224784
17669,0.00129,172.31.40.0-255,66,76827,64,224784
17670,0.001293,74.125.200.0-255,1484,78311,64,224784
17671,0.001298,74.125.200.0-255,2902,81213,64,224784
17672,0.0013,172.31.40.0-255,66,81279,64,224784
17673,0.001306,74.125.200.0-255,4320,85599,64,224784
17674,0.001308,172.31.40.0-255,66,85665,64,224784
17675,0.001347,74.125.200.0-255,1484,87149,64,224784
17676,0.001354,74.125.200.0-255,5379,92528,64,224784
17677,0.001357,172.31.40.0-255,66,92594,64,224784
17678,0.001539,74.125.200.0-255,1484,94078,64,224784
17679,0.001547,74.125.200.0-255,2902,96980,64,224784
17680,0.001551,172.31.40.0-255,66,97046,64,224784
17681,0.001576,74.125.200.0-255,5738,102784,64,224784
17682,0.00158,172.31.40.0-255,66,102850,64,224784
17683,0.001584,74.125.200.0-255,2902,105752,64,224784
17684,0.001586,172.31.40.0-255,66,105818,64,224784
17685,0.001589,74.125.200.0-255,1484,107302,64,224784
17686,0.00163,172.31.40.0-255,66,107368,64,224784
17687,0.001642,172.31.40.0-255,66,107434,64,224784
17688,0.001664,74.125.200.0-255,766,108200,64,224784
17689,0.001669,74.125.200.0-255,2902,111102,64,224784
17690,0.001672,172.31.40.0-255,66,111168,64,224784
17691,0.001709,172.31.40.0-255,66,111234,64,224784
17692,0.001714,74.125.200.0-255,4320,115554,64,224784
17693,0.001717,172.31.40.0-255,66,115620,64,224784
17694,0.001721,74.125.200.0-255,2902,118522,64,224784
17695,0.001728,172.31.40.0-255,66,118588,64,224784
17696,0.001774,172.31.40.0-255,66,118654,64,224784
17697,0.001777,74.125.200.0-255,1346,120000,64,224784
17698,0.001801,74.125.200.0-255,1484,121484,64,224784
17699,0.001803,172.31.40.0-255,66,121550,64,224784
17700,0.001808,74.125.200.0-255,2902,124452,64,224784
17701,0.00181,172.31.40.0-255,66,124518,64,224784
17702,0.001828,74.125.200.0-255,1484,126002,64,224784
17703,0.001887,74.125.200.0-255,2902,128904,64,224784
17704,0.001891,172.31.40.0-255,66,128970,64,224784
17705,0.001898,74.125.200.0-255,5738,134708,64,224784
17706,0.0019,172.31.40.0-255,66,134774,64,224784
17707,0.001936,74.125.200.0-255,4320,139094,64,224784
17708,0.001956,74.125.200.0-255,3602,142696,64,224784
17709,0.002178,74.125.200.0-255,1484,144180,64,224784
17710,0.002186,74.125.200.0-255,2902,147082,64,224784
17711,0.002199,74.125.200.0-255,1484,148566,64,224784
17712,0.002219,74.125.200.0-255,2902,151468,64,224784
17713,0.002244,74.125.200.0-255,2902,154370,64,224784
17714,0.002271,74.125.200.0-255,5738,160108,64,224784
17715,0.002295,74.125.200.0-255,7156,167264,64,224784
17716,0.002298,74.125.200.0-255,766,168030,64,224784
17717,0.00489,172.31.40.0-255,66,168096,64,224784
17718,0.007208,74.125.200.0-255,5738,173834,64,224784
17719,0.007215,172.31.40.0-255,66,173900,64,224784
17720,0.009521,74.125.200.0-255,4320,178220,64,224784
17721,0.009528,172.31.40.0-255,66,178286,64,224784
17722,0.009547,74.125.200.0-255,1484,179770,64,224784
17723,0.011852,74.125.200.0-255,4320,184090,64,224784
17724,0.01186,172.31.40.0-255,66,184156,64,224784
17725,0.014183,74.125.200.0-255,5738,189894,64,224784
17726,0.014193,172.31.40.0-255,66,189960,64,224784
17727,0.016518,74.125.200.0-255,5738,195698,64,224784
17728,0.016532,172.31.40.0-255,66,195764,64,224784
17729,0.01885,74.125.200.0-255,5738,201502,64,224784
17730,0.018866,172.31.40.0-255,66,201568,64,224784
17731,0.021181,74.125.200.0-255,5738,207306,64,224784
17732,0.021195,172.31.40.0-255,66,207372,64,224784
17733,0.02352,74.125.200.0-255,5738,213110,64,224784
17734,0.02353,172.31.40.0-255,66,213176,64,224784
17735,0.025924,74.125.200.0-255,5738,218914,64,224784
17736,0.025942,172.31.40.0-255,66,218980,64,224784
17737,0.028253,74.125.200.0-255,5738,224718,64,224784
17738,0.028261,172.31.40.0-255,66,224784,64,224784
17739,0.0,172.217.194.0-255,153,153,64,234823
17740,1.5e-05,172.31.40.0-255,66,219,64,234823
17741,2.1e-05,172.217.194.0-255,1484,1703,64,234823
17742,2.6e-05,172.31.40.0-255,66,1769,64,234823
17743,3.1e-05,172.217.194.0-255,2902,4671,64,234823
17744,3.3e-05,172.31.40.0-255,66,4737,64,234823
17745,5.9e-05,172.217.194.0-255,5738,10475,64,234823
17746,6.2e-05,172.31.40.0-255,66,10541,64,234823
17747,7.7e-05,172.217.194.0-255,5738,16279,64,234823
17748,7.9e-05,172.31.40.0-255,66,16345,64,234823
17749,0.000114,172.31.40.0-255,66,16411,64,234823
17750,0.00012,172.217.194.0-255,6797,23208,64,234823
17751,0.000122,172.31.40.0-255,66,23274,64,234823
17752,0.00015,172.217.194.0-255,1484,24758,64,234823
17753,0.000153,172.31.40.0-255,66,24824,64,234823
17754,0.000157,172.217.194.0-255,2902,27726,64,234823
17755,0.000159,172.31.40.0-255,66,27792,64,234823
17756,0.000163,172.217.194.0-255,2902,30694,64,234823
17757,0.000166,172.31.40.0-255,66,30760,64,234823
17758,0.000189,172.217.194.0-255,2902,33662,64,234823
17759,0.000191,172.31.40.0-255,66,33728,64,234823
17760,0.0002,172.31.40.0-255,66,33794,64,234823
17761,0.000234,172.31.40.0-255,66,33860,64,234823
17762,0.000236,172.217.194.0-255,115,33975,64,234823
17763,0.000237,172.31.40.0-255,66,34041,64,234823
17764,0.00024,172.217.194.0-255,380,34421,64,234823
17765,0.000241,172.31.40.0-255,66,34487,64,234823
17766,0.000512,172.217.194.0-255,1484,35971,64,234823
17767,0.000517,172.31.40.0-255,66,36037,64,234823
17768,0.000522,172.217.194.0-255,2902,38939,64,234823
17769,0.000525,172.31.40.0-255,66,39005,64,234823
17770,0.000542,172.217.194.0-255,5738,44743,64,234823
17771,0.000544,172.31.40.0-255,66,44809,64,234823
17772,0.000582,172.31.40.0-255,66,44875,64,234823
17773,0.000601,172.217.194.0-255,5738,50613,64,234823
17774,0.000603,172.31.40.0-255,66,50679,64,234823
17775,0.000623,172.217.194.0-255,6438,57117,64,234823
17776,0.000625,172.31.40.0-255,66,57183,64,234823
17777,0.000708,172.217.194.0-255,1484,58667,64,234823
17778,0.000712,172.217.194.0-255,2902,61569,64,234823
17779,0.000715,172.31.40.0-255,66,61635,64,234823
17780,0.000736,172.217.194.0-255,5738,67373,64,234823
17781,0.000738,172.31.40.0-255,66,67439,64,234823
17782,0.000757,172.217.194.0-255,7156,74595,64,234823
17783,0.00076,172.31.40.0-255,66,74661,64,234823
17784,0.00078,172.217.194.0-255,5738,80399,64,234823
17785,0.000783,172.31.40.0-255,66,80465,64,234823
17786,0.000785,172.217.194.0-255,1484,81949,64,234823
17787,0.000802,172.217.194.0-255,4320,86269,64,234823
17788,0.000804,172.31.40.0-255,66,86335,64,234823
17789,0.000824,172.217.194.0-255,5020,91355,64,234823
17790,0.000827,172.31.40.0-255,66,91421,64,234823
17791,0.00085,172.217.194.0-255,2902,94323,64,234823
17792,0.000852,172.31.40.0-255,66,94389,64,234823
17793,0.000857,172.217.194.0-255,4320,98709,64,234823
17794,0.000859,172.31.40.0-255,66,98775,64,234823
17795,0.000873,172.217.194.0-255,5738,104513,64,234823
17796,0.000875,172.31.40.0-255,66,104579,64,234823
17797,0.000896,172.217.194.0-255,2902,107481,64,234823
17798,0.000898,172.31.40.0-255,66,107547,64,234823
17799,0.000955,172.31.40.0-255,66,107613,64,234823
17800,0.000961,172.217.194.0-255,5738,113351,64,234823
17801,0.000963,172.31.40.0-255,66,113417,64,234823
17802,0.000967,172.217.194.0-255,2902,116319,64,234823
17803,0.000969,172.31.40.0-255,66,116385,64,234823
17804,0.000986,172.217.194.0-255,4320,120705,64,234823
17805,0.000988,172.31.40.0-255,66,120771,64,234823
17806,0.001,172.31.40.0-255,66,120837,64,234823
17807,0.001023,172.217.194.0-255,6438,127275,64,234823
17808,0.001109,172.217.194.0-255,1484,128759,64,234823
17809,0.001115,172.217.194.0-255,2902,131661,64,234823
17810,0.001133,172.217.194.0-255,5738,137399,64,234823
17811,0.001151,172.217.194.0-255,4320,141719,64,234823
17812,0.001215,172.217.194.0-255,5020,146739,64,234823
17813,0.001221,172.217.194.0-255,4320,151059,64,234823
17814,0.001232,172.217.194.0-255,1484,152543,64,234823
17815,0.001274,172.217.194.0-255,5738,158281,64,234823
17816,0.001299,172.217.194.0-255,7156,165437,64,234823
17817,0.001364,172.217.194.0-255,5020,170457,64,234823
17818,0.001415,172.217.194.0-255,1484,171941,64,234823
17819,0.00142,172.217.194.0-255,2902,174843,64,234823
17820,0.001429,172.217.194.0-255,1484,176327,64,234823
17821,0.001444,172.217.194.0-255,4320,180647,64,234823
17822,0.001497,172.217.194.0-255,2184,182831,64,234823
17823,0.001532,172.217.194.0-255,5738,188569,64,234823
17824,0.001537,172.217.194.0-255,4320,192889,64,234823
17825,0.001549,172.217.194.0-255,2902,195791,64,234823
17826,0.001568,172.217.194.0-255,7156,202947,64,234823
17827,0.001597,172.217.194.0-255,7156,210103,64,234823
17828,0.001606,172.217.194.0-255,6438,216541,64,234823
17829,0.001624,172.217.194.0-255,4320,220861,64,234823
17830,0.001689,172.217.194.0-255,4320,225181,64,234823
17831,0.001705,172.217.194.0-255,5037,230218,64,234823
17832,0.00174,172.217.194.0-255,105,230323,64,234823
17833,0.00533,172.31.40.0-255,66,230389,64,234823
17834,0.007155,172.31.40.0-255,101,230490,64,234823
17835,0.008127,172.31.40.0-255,105,230595,64,234823
17836,0.009191,172.217.194.0-255,66,230661,64,234823
17837,0.010118,172.217.194.0-255,66,230727,64,234823
17838,0.029256,172.31.40.0-255,172,230899,64,234823
17839,0.029291,172.31.40.0-255,1111,232010,64,234823
17840,0.029352,172.31.40.0-255,1514,233524,64,234823
17841,0.029354,172.31.40.0-255,1299,234823,64,234823
17842,0.0,74.125.68.0-255,153,153,64,216849
17843,2.6e-05,172.31.40.0-255,66,219,64,216849
17844,3.3e-05,74.125.68.0-255,1484,1703,64,216849
17845,3.8e-05,172.31.40.0-255,66,1769,64,216849
17846,4.5e-05,74.125.68.0-255,2902,4671,64,216849
17847,4.9e-05,172.31.40.0-255,66,4737,64,216849
17848,5.7e-05,74.125.68.0-255,7156,11893,64,216849
17849,6e-05,172.31.40.0-255,66,11959,64,216849
17850,6.4e-05,74.125.68.0-255,2109,14068,64,216849
17851,6.9e-05,172.31.40.0-255,66,14134,64,216849
17852,0.000101,74.125.68.0-255,2902,17036,64,216849
17853,0.000104,172.31.40.0-255,66,17102,64,216849
17854,0.00011,74.125.68.0-255,5738,22840,64,216849
17855,0.000113,172.31.40.0-255,66,22906,64,216849
17856,0.000116,74.125.68.0-255,1484,24390,64,216849
17857,0.000118,172.31.40.0-255,66,24456,64,216849
17858,0.000143,74.125.68.0-255,5738,30194,64,216849
17859,0.000145,172.31.40.0-255,66,30260,64,216849
17860,0.000152,74.125.68.0-255,5738,35998,64,216849
17861,0.000155,172.31.40.0-255,66,36064,64,216849
17862,0.000185,74.125.68.0-255,7156,43220,64,216849
17863,0.000188,172.31.40.0-255,66,43286,64,216849
17864,0.000215,74.125.68.0-255,5020,48306,64,216849
17865,0.000218,172.31.40.0-255,66,48372,64,216849
17866,0.000259,74.125.68.0-255,5738,54110,64,216849
17867,0.000263,172.31.40.0-255,66,54176,64,216849
17868,0.000267,74.125.68.0-255,2902,57078,64,216849
17869,0.000269,172.31.40.0-255,66,57144,64,216849
17870,0.000276,74.125.68.0-255,4320,61464,64,216849
17871,0.000278,172.31.40.0-255,66,61530,64,216849
17872,0.000301,74.125.68.0-255,2902,64432,64,216849
17873,0.000303,172.31.40.0-255,66,64498,64,216849
17874,0.000321,74.125.68.0-255,1125,65623,64,216849
17875,0.000425,74.125.68.0-255,646,66269,64,216849
17876,0.000429,172.31.40.0-255,66,66335,64,216849
17877,0.000461,74.125.68.0-255,1484,67819,64,216849
17878,0.000486,74.125.68.0-255,4320,72139,64,216849
17879,0.000489,172.31.40.0-255,66,72205,64,216849
17880,0.000497,74.125.68.0-255,7156,79361,64,216849
17881,0.0005,172.31.40.0-255,66,79427,64,216849
17882,0.000513,74.125.68.0-255,2902,82329,64,216849
17883,0.000515,172.31.40.0-255,66,82395,64,216849
17884,0.000518,74.125.68.0-255,576,82971,64,216849
17885,0.00093,74.125.68.0-255,1484,84455,64,216849
17886,0.000936,172.31.40.0-255,66,84521,64,216849
17887,0.00094,74.125.68.0-255,1484,86005,64,216849
17888,0.000957,74.125.68.0-255,2902,88907,64,216849
17889,0.00096,172.31.40.0-255,66,88973,64,216849
17890,0.000966,74.125.68.0-255,4320,93293,64,216849
17891,0.000968,172.31.40.0-255,66,93359,64,216849
17892,0.000985,74.125.68.0-255,1484,94843,64,216849
17893,0.001005,74.125.68.0-255,4320,99163,64,216849
17894,0.001008,172.31.40.0-255,66,99229,64,216849
17895,0.001027,74.125.68.0-255,7156,106385,64,216849
17896,0.00103,172.31.40.0-255,66,106451,64,216849
17897,0.001057,74.125.68.0-255,4320,110771,64,216849
17898,0.00106,172.31.40.0-255,66,110837,64,216849
17899,0.001086,74.125.68.0-255,6438,117275,64,216849
17900,0.001089,172.31.40.0-255,66,117341,64,216849
17901,0.002012,74.125.68.0-255,1484,118825,64,216849
17902,0.002023,74.125.68.0-255,2902,121727,64,216849
17903,0.002028,172.31.40.0-255,66,121793,64,216849
17904,0.002033,74.125.68.0-255,1484,123277,64,216849
17905,0.002052,74.125.68.0-255,1484,124761,64,216849
17906,0.002055,172.31.40.0-255,66,124827,64,216849
17907,0.002061,74.125.68.0-255,4320,129147,64,216849
17908,0.002063,172.31.40.0-255,66,129213,64,216849
17909,0.002073,172.31.40.0-255,66,129279,64,216849
17910,0.002079,74.125.68.0-255,4320,133599,64,216849
17911,0.002081,172.31.40.0-255,66,133665,64,216849
17912,0.002109,74.125.68.0-255,2902,136567,64,216849
17913,0.002112,172.31.40.0-255,66,136633,64,216849
17914,0.002151,74.125.68.0-255,2902,139535,64,216849
17915,0.002154,172.31.40.0-255,66,139601,64,216849
17916,0.002194,74.125.68.0-255,6438,146039,64,216849
17917,0.002197,172.31.40.0-255,66,146105,64,216849
17918,0.002209,172.31.40.0-255,66,146171,64,216849
17919,0.002224,172.31.40.0-255,66,146237,64,216849
17920,0.002238,74.125.68.0-255,4320,150557,64,216849
17921,0.002241,172.31.40.0-255,66,150623,64,216849
17922,0.002257,74.125.68.0-255,3602,154225,64,216849
17923,0.002259,172.31.40.0-255,66,154291,64,216849
17924,0.004744,74.125.68.0-255,1484,155775,64,216849
17925,0.004761,74.125.68.0-255,4320,160095,64,216849
17926,0.004766,172.31.40.0-255,66,160161,64,216849
17927,0.007263,74.125.68.0-255,4320,164481,64,216849
17928,0.00727,172.31.40.0-255,66,164547,64,216849
17929,0.007285,74.125.68.0-255,1484,166031,64,216849
17930,0.009794,74.125.68.0-255,4320,170351,64,216849
17931,0.009802,172.31.40.0-255,66,170417,64,216849
17932,0.012322,74.125.68.0-255,5738,176155,64,216849
17933,0.012343,172.31.40.0-255,66,176221,64,216849
17934,0.014853,74.125.68.0-255,5738,181959,64,216849
17935,0.014872,172.31.40.0-255,66,182025,64,216849
17936,0.01737,74.125.68.0-255,5738,187763,64,216849
17937,0.017381,172.31.40.0-255,66,187829,64,216849
17938,0.019906,74.125.68.0-255,5738,193567,64,216849
17939,0.019914,172.31.40.0-255,66,193633,64,216849
17940,0.022412,74.125.68.0-255,5738,199371,64,216849
17941,0.02242,172.31.40.0-255,66,199437,64,216849
17942,0.024951,74.125.68.0-255,5738,205175,64,216849
17943,0.024959,172.31.40.0-255,66,205241,64,216849
17944,0.027456,74.125.68.0-255,5738,210979,64,216849
17945,0.027464,172.31.40.0-255,66,211045,64,216849
17946,0.029962,74.125.68.0-255,5738,216783,64,216849
17947,0.029969,172.31.40.0-255,66,216849,64,216849
17948,0.0,216.58.221.0-255,146,146,64,200405
17949,2.5e-05,172.31.40.0-255,66,212,64,200405
17950,3.2e-05,216.58.221.0-255,1484,1696,64,200405
17951,3.7e-05,172.31.40.0-255,66,1762,64,200405
17952,4.3e-05,216.58.221.0-255,2902,4664,64,200405
17953,4.7e-05,172.31.40.0-255,66,4730,64,200405
17954,5.3e-05,216.58.221.0-255,4320,9050,64,200405
17955,5.7e-05,172.31.40.0-255,66,9116,64,200405
17956,8.3e-05,216.58.221.0-255,2902,12018,64,200405
17957,8.7e-05,172.31.40.0-255,66,12084,64,200405
17958,0.000155,216.58.221.0-255,1484,13568,64,200405
17959,0.000158,172.31.40.0-255,66,13634,64,200405
17960,0.000178,216.58.221.0-255,5738,19372,64,200405
17961,0.000181,172.31.40.0-255,66,19438,64,200405
17962,0.000205,216.58.221.0-255,4857,24295,64,200405
17963,0.000208,172.31.40.0-255,66,24361,64,200405
17964,0.000345,216.58.221.0-255,5738,30099,64,200405
17965,0.00035,172.31.40.0-255,66,30165,64,200405
17966,0.000368,216.58.221.0-255,1125,31290,64,200405
17967,0.00037,172.31.40.0-255,66,31356,64,200405
17968,0.000442,216.58.221.0-255,7156,38512,64,200405
17969,0.000445,172.31.40.0-255,66,38578,64,200405
17970,0.000548,216.58.221.0-255,2902,41480,64,200405
17971,0.000552,172.31.40.0-255,66,41546,64,200405
17972,0.000577,216.58.221.0-255,6797,48343,64,200405
17973,0.00058,172.31.40.0-255,66,48409,64,200405
17974,0.000686,216.58.221.0-255,5738,54147,64,200405
17975,0.00069,172.31.40.0-255,66,54213,64,200405
17976,0.000709,216.58.221.0-255,4320,58533,64,200405
17977,0.000712,172.31.40.0-255,66,58599,64,200405
17978,0.000853,216.58.221.0-255,7088,65687,64,200405
17979,0.00086,172.31.40.0-255,66,65753,64,200405
17980,0.000902,172.31.40.0-255,101,65854,64,200405
17981,0.000955,216.58.221.0-255,132,65986,64,200405
17982,0.001104,216.58.221.0-255,1484,67470,64,200405
17983,0.001109,172.31.40.0-255,66,67536,64,200405
17984,0.00112,216.58.221.0-255,2902,70438,64,200405
17985,0.001144,172.31.40.0-255,66,70504,64,200405
17986,0.001151,216.58.221.0-255,5738,76242,64,200405
17987,0.001156,172.31.40.0-255,66,76308,64,200405
17988,0.00123,216.58.221.0-255,4320,80628,64,200405
17989,0.001246,172.31.40.0-255,66,80694,64,200405
17990,0.001252,216.58.221.0-255,5379,86073,64,200405
17991,0.001262,172.31.40.0-255,66,86139,64,200405
17992,0.001381,216.58.221.0-255,4320,90459,64,200405
17993,0.001384,172.31.40.0-255,66,90525,64,200405
17994,0.001405,216.58.221.0-255,5738,96263,64,200405
17995,0.001424,172.31.40.0-255,66,96329,64,200405
17996,0.001527,216.58.221.0-255,4246,100575,64,200405
17997,0.001544,172.31.40.0-255,66,100641,64,200405
17998,0.001597,216.58.221.0-255,4320,104961,64,200405
17999,0.001602,172.31.40.0-255,66,105027,64,200405
18000,0.001678,216.58.221.0-255,4320,109347,64,200405
18001,0.001682,172.31.40.0-255,66,109413,64,200405
18002,0.001696,216.58.221.0-255,5738,115151,64,200405
18003,0.001712,172.31.40.0-255,66,115217,64,200405
18004,0.001807,216.58.221.0-255,1484,116701,64,200405
18005,0.001843,172.31.40.0-255,66,116767,64,200405
18006,0.001861,172.31.40.0-255,66,116833,64,200405
18007,0.002099,216.58.221.0-255,5738,122571,64,200405
18008,0.002103,172.31.40.0-255,66,122637,64,200405
18009,0.00215,216.58.221.0-255,5738,128375,64,200405
18010,0.002191,172.31.40.0-255,66,128441,64,200405
18011,0.002573,216.58.221.0-255,2184,130625,64,200405
18012,0.002579,172.31.40.0-255,66,130691,64,200405
18013,0.002651,216.58.221.0-255,5738,136429,64,200405
18014,0.003049,216.58.221.0-255,66,136495,64,200405
18015,0.008714,172.31.40.0-255,66,136561,64,200405
18016,0.010621,216.58.221.0-255,5738,142299,64,200405
18017,0.01063,172.31.40.0-255,66,142365,64,200405
18018,0.012539,216.58.221.0-255,5738,148103,64,200405
18019,0.012547,172.31.40.0-255,66,148169,64,200405
18020,0.01445,216.58.221.0-255,5738,153907,64,200405
18021,0.014458,172.31.40.0-255,66,153973,64,200405
18022,0.016361,216.58.221.0-255,5738,159711,64,200405
18023,0.016368,172.31.40.0-255,66,159777,64,200405
18024,0.018269,216.58.221.0-255,5738,165515,64,200405
18025,0.018275,172.31.40.0-255,66,165581,64,200405
18026,0.020184,216.58.221.0-255,5738,171319,64,200405
18027,0.020191,172.31.40.0-255,66,171385,64,200405
18028,0.022099,216.58.221.0-255,5738,177123,64,200405
18029,0.022107,172.31.40.0-255,66,177189,64,200405
18030,0.024014,216.58.221.0-255,5738,182927,64,200405
18031,0.024022,172.31.40.0-255,66,182993,64,200405
18032,0.025922,216.58.221.0-255,5738,188731,64,200405
18033,0.02593,172.31.40.0-255,66,188797,64,200405
18034,0.027834,216.58.221.0-255,5738,194535,64,200405
18035,0.027841,172.31.40.0-255,66,194601,64,200405
18036,0.029754,216.58.221.0-255,5738,200339,64,200405
18037,0.029767,172.31.40.0-255,66,200405,64,200405
18038,0.0,52.27.36.0-255,97,97,64,260
18039,0.000146,172.31.40.0-255,97,194,64,260
18040,0.000159,172.31.40.0-255,66,260,64,260
18041,0.0,74.125.24.0-255,152,152,64,205708
18042,2.3e-05,172.31.40.0-255,66,218,64,205708
18043,3.1e-05,74.125.24.0-255,1484,1702,64,205708
18044,3.5e-05,172.31.40.0-255,66,1768,64,205708
18045,5.8e-05,74.125.24.0-255,2902,4670,64,205708
18046,6.2e-05,172.31.40.0-255,66,4736,64,205708
18047,7e-05,74.125.24.0-255,7156,11892,64,205708
18048,7.3e-05,172.31.40.0-255,66,11958,64,205708
18049,7.7e-05,74.125.24.0-255,1968,13926,64,205708
18050,7.9e-05,172.31.40.0-255,66,13992,64,205708
18051,0.000323,74.125.24.0-255,1484,15476,64,205708
18052,0.000328,172.31.40.0-255,66,15542,64,205708
18053,0.000348,74.125.24.0-255,2902,18444,64,205708
18054,0.000351,172.31.40.0-255,66,18510,64,205708
18055,0.000358,74.125.24.0-255,4320,22830,64,205708
18056,0.00036,172.31.40.0-255,66,22896,64,205708
18057,0.00039,74.125.24.0-255,1484,24380,64,205708
18058,0.000393,172.31.40.0-255,66,24446,64,205708
18059,0.000396,74.125.24.0-255,1484,25930,64,205708
18060,0.000398,172.31.40.0-255,66,25996,64,205708
18061,0.000437,74.125.24.0-255,5379,31375,64,205708
18062,0.00044,172.31.40.0-255,66,31441,64,205708
18063,0.000479,74.125.24.0-255,5738,37179,64,205708
18064,0.000483,172.31.40.0-255,66,37245,64,205708
18065,0.000494,172.31.40.0-255,66,37311,64,205708
18066,0.000533,172.31.40.0-255,66,37377,64,205708
18067,0.000536,74.125.24.0-255,1484,38861,64,205708
18068,0.000538,172.31.40.0-255,66,38927,64,205708
18069,0.000593,74.125.24.0-255,2902,41829,64,205708
18070,0.000596,172.31.40.0-255,66,41895,64,205708
18071,0.000623,74.125.24.0-255,5020,46915,64,205708
18072,0.000627,172.31.40.0-255,66,46981,64,205708
18073,0.000629,74.125.24.0-255,428,47409,64,205708
18074,0.00091,74.125.24.0-255,1484,48893,64,205708
18075,0.000915,172.31.40.0-255,66,48959,64,205708
18076,0.000921,74.125.24.0-255,2902,51861,64,205708
18077,0.000923,172.31.40.0-255,66,51927,64,205708
18078,0.000926,74.125.24.0-255,1484,53411,64,205708
18079,0.000946,74.125.24.0-255,1484,54895,64,205708
18080,0.000949,172.31.40.0-255,66,54961,64,205708
18081,0.000959,74.125.24.0-255,4320,59281,64,205708
18082,0.000961,172.31.40.0-255,66,59347,64,205708
18083,0.000971,172.31.40.0-255,66,59413,64,205708
18084,0.001018,172.31.40.0-255,66,59479,64,205708
18085,0.001021,74.125.24.0-255,766,60245,64,205708
18086,0.001057,74.125.24.0-255,347,60592,64,205708
18087,0.001079,74.125.24.0-255,1484,62076,64,205708
18088,0.001082,172.31.40.0-255,66,62142,64,205708
18089,0.001117,74.125.24.0-255,4320,66462,64,205708
18090,0.00112,172.31.40.0-255,66,66528,64,205708
18091,0.001155,74.125.24.0-255,5738,72266,64,205708
18092,0.001159,172.31.40.0-255,66,72332,64,205708
18093,0.001163,74.125.24.0-255,2902,75234,64,205708
18094,0.001165,172.31.40.0-255,66,75300,64,205708
18095,0.001204,172.31.40.0-255,66,75366,64,205708
18096,0.001218,172.31.40.0-255,66,75432,64,205708
18097,0.001267,74.125.24.0-255,1484,76916,64,205708
18098,0.001283,74.125.24.0-255,2902,79818,64,205708
18099,0.001286,172.31.40.0-255,66,79884,64,205708
18100,0.001301,74.125.24.0-255,4320,84204,64,205708
18101,0.001308,172.31.40.0-255,66,84270,64,205708
18102,0.001329,74.125.24.0-255,1484,85754,64,205708
18103,0.001348,172.31.40.0-255,66,85820,64,205708
18104,0.001362,172.31.40.0-255,66,85886,64,205708
18105,0.00145,74.125.24.0-255,1484,87370,64,205708
18106,0.001455,74.125.24.0-255,2902,90272,64,205708
18107,0.001458,172.31.40.0-255,66,90338,64,205708
18108,0.001461,74.125.24.0-255,1484,91822,64,205708
18109,0.001489,74.125.24.0-255,4320,96142,64,205708
18110,0.001492,172.31.40.0-255,66,96208,64,205708
18111,0.001504,172.31.40.0-255,66,96274,64,205708
18112,0.001532,74.125.24.0-255,2902,99176,64,205708
18113,0.001544,74.125.24.0-255,7156,106332,64,205708
18114,0.001548,74.125.24.0-255,3602,109934,64,205708
18115,0.001553,172.31.40.0-255,66,110000,64,205708
18116,0.001563,172.31.40.0-255,66,110066,64,205708
18117,0.001566,172.31.40.0-255,66,110132,64,205708
18118,0.001913,74.125.24.0-255,1484,111616,64,205708
18119,0.001918,74.125.24.0-255,1484,113100,64,205708
18120,0.00192,172.31.40.0-255,66,113166,64,205708
18121,0.001946,74.125.24.0-255,1484,114650,64,205708
18122,0.001952,74.125.24.0-255,5738,120388,64,205708
18123,0.001954,172.31.40.0-255,66,120454,64,205708
18124,0.001974,74.125.24.0-255,2902,123356,64,205708
18125,0.001976,172.31.40.0-255,66,123422,64,205708
18126,0.002001,74.125.24.0-255,4320,127742,64,205708
18127,0.002003,172.31.40.0-255,66,127808,64,205708
18128,0.002016,172.31.40.0-255,66,127874,64,205708
18129,0.002062,74.125.24.0-255,3602,131476,64,205708
18130,0.002064,172.31.40.0-255,66,131542,64,205708
18131,0.004051,74.125.24.0-255,1484,133026,64,205708
18132,0.004152,74.125.24.0-255,2902,135928,64,205708
18133,0.004156,172.31.40.0-255,66,135994,64,205708
18134,0.004183,74.125.24.0-255,1484,137478,64,205708
18135,0.006213,74.125.24.0-255,4320,141798,64,205708
18136,0.006217,172.31.40.0-255,66,141864,64,205708
18137,0.008268,74.125.24.0-255,5738,147602,64,205708
18138,0.008273,172.31.40.0-255,66,147668,64,205708
18139,0.010352,74.125.24.0-255,5738,153406,64,205708
18140,0.010367,172.31.40.0-255,66,153472,64,205708
18141,0.012423,74.125.24.0-255,5738,159210,64,205708
18142,0.012437,172.31.40.0-255,66,159276,64,205708
18143,0.014504,74.125.24.0-255,5738,165014,64,205708
18144,0.014518,172.31.40.0-255,66,165080,64,205708
18145,0.016592,74.125.24.0-255,5738,170818,64,205708
18146,0.016605,172.31.40.0-255,66,170884,64,205708
18147,0.018651,74.125.24.0-255,5738,176622,64,205708
18148,0.018659,172.31.40.0-255,66,176688,64,205708
18149,0.020729,74.125.24.0-255,5738,182426,64,205708
18150,0.020738,172.31.40.0-255,66,182492,64,205708
18151,0.022796,74.125.24.0-255,5738,188230,64,205708
18152,0.022805,172.31.40.0-255,66,188296,64,205708
18153,0.024858,74.125.24.0-255,5738,194034,64,205708
18154,0.024867,172.31.40.0-255,66,194100,64,205708
18155,0.026921,74.125.24.0-255,5738,199838,64,205708
18156,0.02693,172.31.40.0-255,66,199904,64,205708
18157,0.029019,74.125.24.0-255,5738,205642,64,205708
18158,0.029025,172.31.40.0-255,66,205708,64,205708
18159,0.0,172.217.194.0-255,153,153,64,155199
18160,2.1e-05,172.31.40.0-255,66,219,64,155199
18161,2.7e-05,172.217.194.0-255,1484,1703,64,155199
18162,3.1e-05,172.31.40.0-255,66,1769,64,155199
18163,3.6e-05,172.217.194.0-255,2902,4671,64,155199
18164,3.8e-05,172.31.40.0-255,66,4737,64,155199
18165,4.5e-05,172.217.194.0-255,7156,11893,64,155199
18166,4.8e-05,172.31.40.0-255,66,11959,64,155199
18167,7.2e-05,172.217.194.0-255,1484,13443,64,155199
18168,7.5e-05,172.31.40.0-255,66,13509,64,155199
18169,0.000114,172.31.40.0-255,66,13575,64,155199
18170,0.000125,172.31.40.0-255,66,13641,64,155199
18171,0.000146,172.217.194.0-255,1484,15125,64,155199
18172,0.000147,172.31.40.0-255,66,15191,64,155199
18173,0.000164,172.217.194.0-255,7156,22347,64,155199
18174,0.000166,172.31.40.0-255,66,22413,64,155199
18175,0.000195,172.31.40.0-255,66,22479,64,155199
18176,0.000505,172.217.194.0-255,119,22598,64,155199
18177,0.00051,172.31.40.0-255,66,22664,64,155199
18178,0.000638,172.217.194.0-255,1484,24148,64,155199
18179,0.000642,172.31.40.0-255,66,24214,64,155199
18180,0.000655,172.217.194.0-255,2902,27116,64,155199
18181,0.000657,172.31.40.0-255,66,27182,64,155199
18182,0.000671,172.217.194.0-255,4320,31502,64,155199
18183,0.000673,172.31.40.0-255,66,31568,64,155199
18184,0.000685,172.217.194.0-255,1484,33052,64,155199
18185,0.000687,172.31.40.0-255,66,33118,64,155199
18186,0.000726,172.31.40.0-255,66,33184,64,155199
18187,0.000736,172.31.40.0-255,66,33250,64,155199
18188,0.000739,172.217.194.0-255,766,34016,64,155199
18189,0.001199,172.31.40.0-255,66,34082,64,155199
18190,0.001969,172.217.194.0-255,1484,35566,64,155199
18191,0.00198,172.217.194.0-255,2902,38468,64,155199
18192,0.001984,172.31.40.0-255,66,38534,64,155199
18193,0.001993,172.217.194.0-255,5738,44272,64,155199
18194,0.001995,172.31.40.0-255,66,44338,64,155199
18195,0.002041,172.31.40.0-255,66,44404,64,155199
18196,0.002051,172.31.40.0-255,66,44470,64,155199
18197,0.00207,172.217.194.0-255,2184,46654,64,155199
18198,0.002072,172.31.40.0-255,66,46720,64,155199
18199,0.002208,172.217.194.0-255,1484,48204,64,155199
18200,0.002223,172.217.194.0-255,2902,51106,64,155199
18201,0.002225,172.31.40.0-255,66,51172,64,155199
18202,0.002246,172.217.194.0-255,5738,56910,64,155199
18203,0.002249,172.31.40.0-255,66,56976,64,155199
18204,0.002255,172.217.194.0-255,4320,61296,64,155199
18205,0.002257,172.31.40.0-255,66,61362,64,155199
18206,0.002277,172.217.194.0-255,5738,67100,64,155199
18207,0.002279,172.31.40.0-255,66,67166,64,155199
18208,0.002293,172.217.194.0-255,1484,68650,64,155199
18209,0.002318,172.31.40.0-255,66,68716,64,155199
18210,0.002432,172.217.194.0-255,1484,70200,64,155199
18211,0.002435,172.217.194.0-255,1484,71684,64,155199
18212,0.002438,172.31.40.0-255,66,71750,64,155199
18213,0.002458,172.217.194.0-255,1484,73234,64,155199
18214,0.002465,172.217.194.0-255,5738,78972,64,155199
18215,0.002467,172.31.40.0-255,66,79038,64,155199
18216,0.00247,172.217.194.0-255,1484,80522,64,155199
18217,0.002491,172.31.40.0-255,66,80588,64,155199
18218,0.002517,172.217.194.0-255,1484,82072,64,155199
18219,0.002529,172.31.40.0-255,66,82138,64,155199
18220,0.002553,172.217.194.0-255,1484,83622,64,155199
18221,0.002557,172.217.194.0-255,2902,86524,64,155199
18222,0.00256,172.31.40.0-255,66,86590,64,155199
18223,0.002563,172.217.194.0-255,1484,88074,64,155199
18224,0.002584,172.217.194.0-255,2902,90976,64,155199
18225,0.002587,172.31.40.0-255,66,91042,64,155199
18226,0.002612,172.217.194.0-255,5738,96780,64,155199
18227,0.002615,172.31.40.0-255,66,96846,64,155199
18228,0.002622,172.217.194.0-255,7156,104002,64,155199
18229,0.002625,172.31.40.0-255,66,104068,64,155199
18230,0.002637,172.31.40.0-255,66,104134,64,155199
18231,0.002665,172.217.194.0-255,5738,109872,64,155199
18232,0.002668,172.31.40.0-255,66,109938,64,155199
18233,0.002702,172.31.40.0-255,66,110004,64,155199
18234,0.002717,172.31.40.0-255,66,110070,64,155199
18235,0.00272,172.217.194.0-255,1484,111554,64,155199
18236,0.002722,172.31.40.0-255,78,111632,64,155199
18237,0.002738,172.31.40.0-255,66,111698,64,155199
18238,0.002744,172.217.194.0-255,5738,117436,64,155199
18239,0.002747,172.31.40.0-255,66,117502,64,155199
18240,0.002754,172.217.194.0-255,7156,124658,64,155199
18241,0.002758,172.31.40.0-255,66,124724,64,155199
18242,0.00276,172.217.194.0-255,1484,126208,64,155199
18243,0.002765,172.217.194.0-255,2902,129110,64,155199
18244,0.002768,172.31.40.0-255,66,129176,64,155199
18245,0.002837,172.31.40.0-255,66,129242,64,155199
18246,0.002842,172.217.194.0-255,4320,133562,64,155199
18247,0.002844,172.31.40.0-255,66,133628,64,155199
18248,0.002847,172.217.194.0-255,1484,135112,64,155199
18249,0.002852,172.217.194.0-255,4320,139432,64,155199
18250,0.002855,172.31.40.0-255,66,139498,64,155199
18251,0.002875,172.31.40.0-255,66,139564,64,155199
18252,0.002888,172.31.40.0-255,66,139630,64,155199
18253,0.002938,172.31.40.0-255,66,139696,64,155199
18254,0.002967,172.31.40.0-255,66,139762,64,155199
18255,0.002974,172.217.194.0-255,7156,146918,64,155199
18256,0.002976,172.31.40.0-255,66,146984,64,155199
18257,0.003025,172.217.194.0-255,4320,151304,64,155199
18258,0.003042,172.217.194.0-255,3386,154690,64,155199
18259,0.003045,172.217.194.0-255,105,154795,64,155199
18260,0.007768,172.31.40.0-255,66,154861,64,155199
18261,0.00923,172.31.40.0-255,101,154962,64,155199
18262,0.010175,172.31.40.0-255,105,155067,64,155199
18263,0.011245,172.217.194.0-255,66,155133,64,155199
18264,0.012195,172.217.194.0-255,66,155199,64,155199
18265,0.0,172.217.194.0-255,153,153,64,147020
18266,2.6e-05,172.31.40.0-255,66,219,64,147020
18267,3.4e-05,172.217.194.0-255,1484,1703,64,147020
18268,3.8e-05,172.31.40.0-255,66,1769,64,147020
18269,5.2e-05,172.217.194.0-255,2902,4671,64,147020
18270,5.5e-05,172.31.40.0-255,66,4737,64,147020
18271,6.3e-05,172.217.194.0-255,7156,11893,64,147020
18272,6.6e-05,172.31.40.0-255,66,11959,64,147020
18273,6.8e-05,172.217.194.0-255,1484,13443,64,147020
18274,7.1e-05,172.31.40.0-255,66,13509,64,147020
18275,8.6e-05,172.31.40.0-255,66,13575,64,147020
18276,0.000121,172.217.194.0-255,6797,20372,64,147020
18277,0.000124,172.31.40.0-255,66,20438,64,147020
18278,0.000169,172.217.194.0-255,1484,21922,64,147020
18279,0.000171,172.31.40.0-255,66,21988,64,147020
18280,0.000176,172.217.194.0-255,2902,24890,64,147020
18281,0.000178,172.31.40.0-255,66,24956,64,147020
18282,0.000181,172.217.194.0-255,1484,26440,64,147020
18283,0.000183,172.31.40.0-255,66,26506,64,147020
18284,0.000216,172.217.194.0-255,4320,30826,64,147020
18285,0.000219,172.31.40.0-255,66,30892,64,147020
18286,0.000226,172.217.194.0-255,5738,36630,64,147020
18287,0.000228,172.31.40.0-255,66,36696,64,147020
18288,0.000235,172.217.194.0-255,7156,43852,64,147020
18289,0.000238,172.31.40.0-255,66,43918,64,147020
18290,0.00027,172.217.194.0-255,6797,50715,64,147020
18291,0.000274,172.31.40.0-255,66,50781,64,147020
18292,0.000279,172.217.194.0-255,4250,55031,64,147020
18293,0.000281,172.31.40.0-255,66,55097,64,147020
18294,0.000284,172.217.194.0-255,398,55495,64,147020
18295,0.000286,172.31.40.0-255,66,55561,64,147020
18296,0.000413,172.217.194.0-255,1484,57045,64,147020
18297,0.00042,172.217.194.0-255,2902,59947,64,147020
18298,0.000423,172.31.40.0-255,66,60013,64,147020
18299,0.000456,172.217.194.0-255,5738,65751,64,147020
18300,0.000459,172.31.40.0-255,66,65817,64,147020
18301,0.000467,172.217.194.0-255,7156,72973,64,147020
18302,0.00047,172.31.40.0-255,66,73039,64,147020
18303,0.00048,172.217.194.0-255,1484,74523,64,147020
18304,0.000518,172.31.40.0-255,66,74589,64,147020
18305,0.000523,172.217.194.0-255,2184,76773,64,147020
18306,0.000525,172.31.40.0-255,66,76839,64,147020
18307,0.000896,172.217.194.0-255,1484,78323,64,147020
18308,0.000903,172.217.194.0-255,2902,81225,64,147020
18309,0.000906,172.31.40.0-255,66,81291,64,147020
18310,0.000912,172.217.194.0-255,2902,84193,64,147020
18311,0.000913,172.31.40.0-255,66,84259,64,147020
18312,0.000956,172.217.194.0-255,2902,87161,64,147020
18313,0.000959,172.31.40.0-255,66,87227,64,147020
18314,0.000973,172.31.40.0-255,66,87293,64,147020
18315,0.000997,172.217.194.0-255,2902,90195,64,147020
18316,0.000999,172.31.40.0-255,66,90261,64,147020
18317,0.001035,172.31.40.0-255,66,90327,64,147020
18318,0.001111,172.217.194.0-255,1484,91811,64,147020
18319,0.001117,172.217.194.0-255,2902,94713,64,147020
18320,0.00112,172.31.40.0-255,66,94779,64,147020
18321,0.001133,172.217.194.0-255,4320,99099,64,147020
18322,0.001139,172.31.40.0-255,66,99165,64,147020
18323,0.001167,172.217.194.0-255,1484,100649,64,147020
18324,0.001182,172.31.40.0-255,66,100715,64,147020
18325,0.0012,172.31.40.0-255,66,100781,64,147020
18326,0.001226,172.217.194.0-255,4320,105101,64,147020
18327,0.00123,172.31.40.0-255,66,105167,64,147020
18328,0.001259,172.31.40.0-255,66,105233,64,147020
18329,0.001317,172.31.40.0-255,66,105299,64,147020
18330,0.001345,172.217.194.0-255,5738,111037,64,147020
18331,0.001348,172.31.40.0-255,66,111103,64,147020
18332,0.001351,172.217.194.0-255,766,111869,64,147020
18333,0.001364,172.31.40.0-255,66,111935,64,147020
18334,0.001378,172.31.40.0-255,66,112001,64,147020
18335,0.001385,172.217.194.0-255,7156,119157,64,147020
18336,0.001388,172.31.40.0-255,66,119223,64,147020
18337,0.001409,172.217.194.0-255,2184,121407,64,147020
18338,0.001411,172.31.40.0-255,66,121473,64,147020
18339,0.001422,172.217.194.0-255,1484,122957,64,147020
18340,0.001426,172.217.194.0-255,1484,124441,64,147020
18341,0.001428,172.31.40.0-255,66,124507,64,147020
18342,0.001455,172.217.194.0-255,1484,125991,64,147020
18343,0.001461,172.217.194.0-255,5738,131729,64,147020
18344,0.001463,172.31.40.0-255,66,131795,64,147020
18345,0.001466,172.217.194.0-255,1484,133279,64,147020
18346,0.001497,172.31.40.0-255,66,133345,64,147020
18347,0.001509,172.31.40.0-255,66,133411,64,147020
18348,0.001537,172.217.194.0-255,766,134177,64,147020
18349,0.001571,172.217.194.0-255,1484,135661,64,147020
18350,0.001574,172.217.194.0-255,1484,137145,64,147020
18351,0.001578,172.31.40.0-255,66,137211,64,147020
18352,0.001604,172.217.194.0-255,1484,138695,64,147020
18353,0.001607,172.31.40.0-255,66,138761,64,147020
18354,0.001613,172.217.194.0-255,5738,144499,64,147020
18355,0.001616,172.31.40.0-255,66,144565,64,147020
18356,0.00163,172.31.40.0-255,66,144631,64,147020
18357,0.001632,172.217.194.0-255,1484,146115,64,147020
18358,0.001682,172.31.40.0-255,66,146181,64,147020
18359,0.001738,172.31.40.0-255,66,146247,64,147020
18360,0.001754,172.31.40.0-255,66,146313,64,147020
18361,0.001785,172.31.40.0-255,66,146379,64,147020
18362,0.001833,172.31.40.0-255,66,146445,64,147020
18363,0.001885,172.31.40.0-255,66,146511,64,147020
18364,0.001928,172.31.40.0-255,66,146577,64,147020
18365,0.001931,172.217.194.0-255,105,146682,64,147020
18366,0.003904,172.31.40.0-255,101,146783,64,147020
18367,0.004869,172.31.40.0-255,105,146888,64,147020
18368,0.006184,172.217.194.0-255,66,146954,64,147020
18369,0.007104,172.217.194.0-255,66,147020,64,147020
18370,0.0,172.31.40.0-255,105,105,64,459
18371,0.000137,172.31.40.0-255,90,195,64,459
18372,0.000147,172.31.40.0-255,66,261,64,459
18373,0.002483,74.125.24.0-255,66,327,64,459
18374,0.002505,74.125.24.0-255,66,393,64,459
18375,0.002515,172.31.40.0-255,66,459,64,459
18376,0.0,172.31.40.0-255,105,105,64,459
18377,0.000165,172.31.40.0-255,90,195,64,459
18378,0.000176,172.31.40.0-255,66,261,64,459
18379,0.002174,172.217.194.0-255,66,327,64,459
18380,0.002187,172.217.194.0-255,66,393,64,459
18381,0.002193,172.31.40.0-255,66,459,64,459
18382,0.0,74.125.68.0-255,299,299,64,263810
18383,2.3e-05,172.31.40.0-255,66,365,64,263810
18384,3e-05,74.125.68.0-255,1484,1849,64,263810
18385,3.4e-05,172.31.40.0-255,66,1915,64,263810
18386,3.9e-05,74.125.68.0-255,2902,4817,64,263810
18387,4.2e-05,172.31.40.0-255,66,4883,64,263810
18388,4.9e-05,74.125.68.0-255,5738,10621,64,263810
18389,5.2e-05,172.31.40.0-255,66,10687,64,263810
18390,5.8e-05,74.125.68.0-255,3258,13945,64,263810
18391,6e-05,172.31.40.0-255,66,14011,64,263810
18392,9e-05,74.125.68.0-255,4320,18331,64,263810
18393,9.2e-05,172.31.40.0-255,66,18397,64,263810
18394,0.00013,172.31.40.0-255,66,18463,64,263810
18395,0.000151,74.125.68.0-255,3961,22424,64,263810
18396,0.000154,172.31.40.0-255,66,22490,64,263810
18397,0.00047,74.125.68.0-255,1484,23974,64,263810
18398,0.000475,172.31.40.0-255,66,24040,64,263810
18399,0.00048,74.125.68.0-255,1484,25524,64,263810
18400,0.000482,172.31.40.0-255,66,25590,64,263810
18401,0.000497,74.125.68.0-255,1484,27074,64,263810
18402,0.000499,172.31.40.0-255,66,27140,64,263810
18403,0.000519,74.125.68.0-255,4320,31460,64,263810
18404,0.000522,172.31.40.0-255,66,31526,64,263810
18405,0.000546,74.125.68.0-255,5738,37264,64,263810
18406,0.000549,172.31.40.0-255,66,37330,64,263810
18407,0.000568,74.125.68.0-255,2543,39873,64,263810
18408,0.00057,172.31.40.0-255,66,39939,64,263810
18409,0.000584,74.125.68.0-255,2902,42841,64,263810
18410,0.000587,172.31.40.0-255,66,42907,64,263810
18411,0.000614,74.125.68.0-255,2902,45809,64,263810
18412,0.000617,172.31.40.0-255,66,45875,64,263810
18413,0.00062,74.125.68.0-255,1484,47359,64,263810
18414,0.000635,74.125.68.0-255,2902,50261,64,263810
18415,0.000653,172.31.40.0-255,66,50327,64,263810
18416,0.000667,74.125.68.0-255,4320,54647,64,263810
18417,0.000684,74.125.68.0-255,2543,57190,64,263810
18418,0.000695,172.31.40.0-255,66,57256,64,263810
18419,0.000933,74.125.68.0-255,646,57902,64,263810
18420,0.001119,172.31.40.0-255,66,57968,64,263810
18421,0.001166,74.125.68.0-255,1484,59452,64,263810
18422,0.001193,74.125.68.0-255,1484,60936,64,263810
18423,0.001204,74.125.68.0-255,1484,62420,64,263810
18424,0.001208,172.31.40.0-255,66,62486,64,263810
18425,0.00123,74.125.68.0-255,5738,68224,64,263810
18426,0.001245,172.31.40.0-255,66,68290,64,263810
18427,0.001264,74.125.68.0-255,1484,69774,64,263810
18428,0.001287,74.125.68.0-255,5738,75512,64,263810
18429,0.001291,74.125.68.0-255,2902,78414,64,263810
18430,0.001297,74.125.68.0-255,4320,82734,64,263810
18431,0.001317,172.31.40.0-255,66,82800,64,263810
18432,0.001331,74.125.68.0-255,2902,85702,64,263810
18433,0.001345,74.125.68.0-255,4320,90022,64,263810
18434,0.001353,172.31.40.0-255,66,90088,64,263810
18435,0.001381,74.125.68.0-255,2184,92272,64,263810
18436,0.0014,172.31.40.0-255,66,92338,64,263810
18437,0.001521,74.125.68.0-255,1484,93822,64,263810
18438,0.001542,74.125.68.0-255,2902,96724,64,263810
18439,0.001545,172.31.40.0-255,66,96790,64,263810
18440,0.001564,74.125.68.0-255,4320,101110,64,263810
18441,0.001569,172.31.40.0-255,66,101176,64,263810
18442,0.001582,74.125.68.0-255,1484,102660,64,263810
18443,0.001585,74.125.68.0-255,1484,104144,64,263810
18444,0.001589,74.125.68.0-255,2902,107046,64,263810
18445,0.001604,172.31.40.0-255,66,107112,64,263810
18446,0.001612,74.125.68.0-255,1484,108596,64,263810
18447,0.001627,74.125.68.0-255,4320,112916,64,263810
18448,0.00163,74.125.68.0-255,1484,114400,64,263810
18449,0.001642,74.125.68.0-255,1484,115884,64,263810
18450,0.001653,74.125.68.0-255,1484,117368,64,263810
18451,0.001655,172.31.40.0-255,66,117434,64,263810
18452,0.001672,74.125.68.0-255,4320,121754,64,263810
18453,0.001684,74.125.68.0-255,1484,123238,64,263810
18454,0.001686,74.125.68.0-255,1484,124722,64,263810
18455,0.001694,172.31.40.0-255,66,124788,64,263810
18456,0.001709,74.125.68.0-255,2184,126972,64,263810
18457,0.001723,172.31.40.0-255,66,127038,64,263810
18458,0.001874,74.125.68.0-255,1484,128522,64,263810
18459,0.001892,74.125.68.0-255,2902,131424,64,263810
18460,0.001895,172.31.40.0-255,66,131490,64,263810
18461,0.001919,74.125.68.0-255,5738,137228,64,263810
18462,0.001952,74.125.68.0-255,7156,144384,64,263810
18463,0.001958,74.125.68.0-255,5738,150122,64,263810
18464,0.001969,172.31.40.0-255,66,150188,64,263810
18465,0.001973,74.125.68.0-255,2902,153090,64,263810
18466,0.001982,172.31.40.0-255,66,153156,64,263810
18467,0.001989,74.125.68.0-255,5738,158894,64,263810
18468,0.00201,74.125.68.0-255,2184,161078,64,263810
18469,0.002014,172.31.40.0-255,66,161144,64,263810
18470,0.002151,74.125.68.0-255,1484,162628,64,263810
18471,0.002166,74.125.68.0-255,2902,165530,64,263810
18472,0.002169,172.31.40.0-255,66,165596,64,263810
18473,0.002189,74.125.68.0-255,5738,171334,64,263810
18474,0.002201,74.125.68.0-255,2902,174236,64,263810
18475,0.002222,74.125.68.0-255,4320,178556,64,263810
18476,0.002225,172.31.40.0-255,66,178622,64,263810
18477,0.00223,172.31.40.0-255,66,178688,64,263810
18478,0.002251,74.125.68.0-255,2902,181590,64,263810
18479,0.002264,74.125.68.0-255,2902,184492,64,263810
18480,0.002271,172.31.40.0-255,66,184558,64,263810
18481,0.002286,74.125.68.0-255,4320,188878,64,263810
18482,0.002297,172.31.40.0-255,66,188944,64,263810
18483,0.002306,74.125.68.0-255,2902,191846,64,263810
18484,0.002309,74.125.68.0-255,1484,193330,64,263810
18485,0.002312,172.31.40.0-255,66,193396,64,263810
18486,0.002324,74.125.68.0-255,6438,199834,64,263810
18487,0.002343,172.31.40.0-255,66,199900,64,263810
18488,0.004619,74.125.68.0-255,5738,205638,64,263810
18489,0.004626,172.31.40.0-255,66,205704,64,263810
18490,0.006939,74.125.68.0-255,4320,210024,64,263810
18491,0.006955,74.125.68.0-255,1484,211508,64,263810
18492,0.007834,172.31.40.0-255,66,211574,64,263810
18493,0.010115,74.125.68.0-255,5738,217312,64,263810
18494,0.010123,172.31.40.0-255,66,217378,64,263810
18495,0.012401,74.125.68.0-255,5738,223116,64,263810
18496,0.012409,172.31.40.0-255,66,223182,64,263810
18497,0.014699,74.125.68.0-255,5738,228920,64,263810
18498,0.015135,172.31.40.0-255,66,228986,64,263810
18499,0.017417,74.125.68.0-255,5738,234724,64,263810
18500,0.017427,172.31.40.0-255,66,234790,64,263810
18501,0.019713,74.125.68.0-255,5738,240528,64,263810
18502,0.019727,172.31.40.0-255,66,240594,64,263810
18503,0.02208,74.125.68.0-255,5738,246332,64,263810
18504,0.022093,172.31.40.0-255,66,246398,64,263810
18505,0.024393,74.125.68.0-255,5738,252136,64,263810
18506,0.024401,172.31.40.0-255,66,252202,64,263810
18507,0.026687,74.125.68.0-255,5738,257940,64,263810
18508,0.026695,172.31.40.0-255,66,258006,64,263810
18509,0.028986,74.125.68.0-255,5738,263744,64,263810
18510,0.028994,172.31.40.0-255,66,263810,64,263810
18511,0.0,172.217.26.0-255,297,297,64,243234
18512,1.3e-05,172.31.40.0-255,66,363,64,243234
18513,2e-05,172.217.26.0-255,1484,1847,64,243234
18514,2.4e-05,172.31.40.0-255,66,1913,64,243234
18515,3.1e-05,172.217.26.0-255,4320,6233,64,243234
18516,3.3e-05,172.31.40.0-255,66,6299,64,243234
18517,3.9e-05,172.217.26.0-255,4320,10619,64,243234
18518,4.2e-05,172.31.40.0-255,66,10685,64,243234
18519,7.1e-05,172.217.26.0-255,4701,15386,64,243234
18520,7.4e-05,172.31.40.0-255,66,15452,64,243234
18521,8.8e-05,172.31.40.0-255,66,15518,64,243234
18522,9.3e-05,172.217.26.0-255,3961,19479,64,243234
18523,9.6e-05,172.31.40.0-255,66,19545,64,243234
18524,0.000198,172.217.26.0-255,1484,21029,64,243234
18525,0.000202,172.31.40.0-255,66,21095,64,243234
18526,0.000207,172.217.26.0-255,2902,23997,64,243234
18527,0.00021,172.31.40.0-255,66,24063,64,243234
18528,0.000221,172.217.26.0-255,4320,28383,64,243234
18529,0.000223,172.31.40.0-255,66,28449,64,243234
18530,0.000261,172.217.26.0-255,1484,29933,64,243234
18531,0.000264,172.31.40.0-255,66,29999,64,243234
18532,0.000272,172.217.26.0-255,6797,36796,64,243234
18533,0.000275,172.31.40.0-255,66,36862,64,243234
18534,0.000282,172.217.26.0-255,7156,44018,64,243234
18535,0.000284,172.31.40.0-255,66,44084,64,243234
18536,0.000333,172.31.40.0-255,66,44150,64,243234
18537,0.00089,172.217.26.0-255,386,44536,64,243234
18538,0.000896,172.31.40.0-255,66,44602,64,243234
18539,0.000986,172.217.26.0-255,1484,46086,64,243234
18540,0.00099,172.31.40.0-255,66,46152,64,243234
18541,0.001004,172.217.26.0-255,1484,47636,64,243234
18542,0.001012,172.217.26.0-255,2902,50538,64,243234
18543,0.001018,172.217.26.0-255,5738,56276,64,243234
18544,0.001023,172.31.40.0-255,66,56342,64,243234
18545,0.001032,172.31.40.0-255,66,56408,64,243234
18546,0.001047,172.217.26.0-255,1484,57892,64,243234
18547,0.00107,172.217.26.0-255,3961,61853,64,243234
18548,0.001073,172.31.40.0-255,66,61919,64,243234
18549,0.001076,172.217.26.0-255,1484,63403,64,243234
18550,0.001111,172.217.26.0-255,4320,67723,64,243234
18551,0.001114,172.31.40.0-255,66,67789,64,243234
18552,0.001121,172.217.26.0-255,7156,74945,64,243234
18553,0.001124,172.31.40.0-255,66,75011,64,243234
18554,0.00115,172.217.26.0-255,1484,76495,64,243234
18555,0.001165,172.217.26.0-255,2543,79038,64,243234
18556,0.001168,172.31.40.0-255,66,79104,64,243234
18557,0.001199,172.217.26.0-255,4320,83424,64,243234
18558,0.001202,172.31.40.0-255,66,83490,64,243234
18559,0.001205,172.217.26.0-255,1484,84974,64,243234
18560,0.001227,172.217.26.0-255,1484,86458,64,243234
18561,0.001229,172.31.40.0-255,66,86524,64,243234
18562,0.001232,172.217.26.0-255,1484,88008,64,243234
18563,0.001249,172.217.26.0-255,2902,90910,64,243234
18564,0.001252,172.31.40.0-255,66,90976,64,243234
18565,0.001263,172.31.40.0-255,66,91042,64,243234
18566,0.001294,172.217.26.0-255,2902,93944,64,243234
18567,0.001296,172.31.40.0-255,66,94010,64,243234
18568,0.001326,172.31.40.0-255,66,94076,64,243234
18569,0.001363,172.217.26.0-255,1484,95560,64,243234
18570,0.001368,172.217.26.0-255,2902,98462,64,243234
18571,0.00137,172.31.40.0-255,66,98528,64,243234
18572,0.001376,172.217.26.0-255,5738,104266,64,243234
18573,0.001379,172.31.40.0-255,66,104332,64,243234
18574,0.001382,172.217.26.0-255,1484,105816,64,243234
18575,0.001386,172.217.26.0-255,2902,108718,64,243234
18576,0.001389,172.31.40.0-255,66,108784,64,243234
18577,0.001422,172.217.26.0-255,5738,114522,64,243234
18578,0.001425,172.31.40.0-255,66,114588,64,243234
18579,0.00144,172.31.40.0-255,66,114654,64,243234
18580,0.00162,172.217.26.0-255,1484,116138,64,243234
18581,0.001626,172.217.26.0-255,2902,119040,64,243234
18582,0.001629,172.31.40.0-255,66,119106,64,243234
18583,0.001636,172.217.26.0-255,5738,124844,64,243234
18584,0.001638,172.31.40.0-255,66,124910,64,243234
18585,0.001641,172.217.26.0-255,1484,126394,64,243234
18586,0.001662,172.217.26.0-255,2902,129296,64,243234
18587,0.001664,172.31.40.0-255,66,129362,64,243234
18588,0.001666,172.217.26.0-255,1484,130846,64,243234
18589,0.00167,172.217.26.0-255,2902,133748,64,243234
18590,0.001672,172.31.40.0-255,66,133814,64,243234
18591,0.001677,172.217.26.0-255,2902,136716,64,243234
18592,0.001678,172.31.40.0-255,66,136782,64,243234
18593,0.001699,172.217.26.0-255,2902,139684,64,243234
18594,0.001703,172.31.40.0-255,66,139750,64,243234
18595,0.001719,172.217.26.0-255,1484,141234,64,243234
18596,0.001757,172.31.40.0-255,66,141300,64,243234
18597,0.001801,172.217.26.0-255,1484,142784,64,243234
18598,0.001806,172.217.26.0-255,2902,145686,64,243234
18599,0.001808,172.31.40.0-255,66,145752,64,243234
18600,0.001812,172.217.26.0-255,1484,147236,64,243234
18601,0.001836,172.217.26.0-255,2902,150138,64,243234
18602,0.001839,172.31.40.0-255,66,150204,64,243234
18603,0.001846,172.217.26.0-255,5738,155942,64,243234
18604,0.001848,172.31.40.0-255,66,156008,64,243234
18605,0.001869,172.217.26.0-255,2902,158910,64,243234
18606,0.001876,172.31.40.0-255,66,158976,64,243234
18607,0.001879,172.217.26.0-255,1484,160460,64,243234
18608,0.001926,172.31.40.0-255,66,160526,64,243234
18609,0.003811,172.217.26.0-255,5738,166264,64,243234
18610,0.003818,172.31.40.0-255,66,166330,64,243234
18611,0.005712,172.217.26.0-255,5738,172068,64,243234
18612,0.00572,172.31.40.0-255,66,172134,64,243234
18613,0.007614,172.217.26.0-255,5738,177872,64,243234
18614,0.007617,172.31.40.0-255,66,177938,64,243234
18615,0.009511,172.217.26.0-255,2902,180840,64,243234
18616,0.009518,172.31.40.0-255,66,180906,64,243234
18617,0.009537,172.217.26.0-255,2902,183808,64,243234
18618,0.00954,172.31.40.0-255,66,183874,64,243234
18619,0.01141,172.217.26.0-255,2902,186776,64,243234
18620,0.011418,172.31.40.0-255,66,186842,64,243234
18621,0.011444,172.217.26.0-255,2902,189744,64,243234
18622,0.011447,172.31.40.0-255,66,189810,64,243234
18623,0.013312,172.217.26.0-255,2902,192712,64,243234
18624,0.01332,172.31.40.0-255,66,192778,64,243234
18625,0.013347,172.217.26.0-255,2902,195680,64,243234
18626,0.01335,172.31.40.0-255,66,195746,64,243234
18627,0.015212,172.217.26.0-255,2902,198648,64,243234
18628,0.01522,172.31.40.0-255,66,198714,64,243234
18629,0.015235,172.217.26.0-255,2902,201616,64,243234
18630,0.015242,172.31.40.0-255,66,201682,64,243234
18631,0.017118,172.217.26.0-255,2902,204584,64,243234
18632,0.017128,172.31.40.0-255,66,204650,64,243234
18633,0.01716,172.217.26.0-255,2902,207552,64,243234
18634,0.017163,172.31.40.0-255,66,207618,64,243234
18635,0.019027,172.217.26.0-255,2902,210520,64,243234
18636,0.019034,172.31.40.0-255,66,210586,64,243234
18637,0.019069,172.217.26.0-255,2902,213488,64,243234
18638,0.019072,172.31.40.0-255,66,213554,64,243234
18639,0.020931,172.217.26.0-255,2902,216456,64,243234
18640,0.020938,172.31.40.0-255,66,216522,64,243234
18641,0.020969,172.217.26.0-255,2902,219424,64,243234
18642,0.020972,172.31.40.0-255,66,219490,64,243234
18643,0.022832,172.217.26.0-255,2902,222392,64,243234
18644,0.02284,172.31.40.0-255,66,222458,64,243234
18645,0.022874,172.217.26.0-255,2902,225360,64,243234
18646,0.022877,172.31.40.0-255,66,225426,64,243234
18647,0.024723,172.217.26.0-255,2902,228328,64,243234
18648,0.02473,172.31.40.0-255,66,228394,64,243234
18649,0.024761,172.217.26.0-255,2902,231296,64,243234
18650,0.024763,172.31.40.0-255,66,231362,64,243234
18651,0.026663,172.217.26.0-255,2902,234264,64,243234
18652,0.026671,172.31.40.0-255,66,234330,64,243234
18653,0.026702,172.217.26.0-255,2902,237232,64,243234
18654,0.026705,172.31.40.0-255,66,237298,64,243234
18655,0.028563,172.217.26.0-255,2902,240200,64,243234
18656,0.02857,172.31.40.0-255,66,240266,64,243234
18657,0.028601,172.217.26.0-255,2902,243168,64,243234
18658,0.028604,172.31.40.0-255,66,243234,64,243234
18659,0.0,172.217.194.0-255,150,150,64,158193
18660,1.6e-05,172.31.40.0-255,66,216,64,158193
18661,2.3e-05,172.217.194.0-255,1484,1700,64,158193
18662,2.8e-05,172.31.40.0-255,66,1766,64,158193
18663,3.3e-05,172.217.194.0-255,2902,4668,64,158193
18664,3.6e-05,172.31.40.0-255,66,4734,64,158193
18665,4.3e-05,172.217.194.0-255,7156,11890,64,158193
18666,4.7e-05,172.31.40.0-255,66,11956,64,158193
18667,7.5e-05,172.217.194.0-255,4320,16276,64,158193
18668,7.7e-05,172.31.40.0-255,66,16342,64,158193
18669,0.000108,172.31.40.0-255,66,16408,64,158193
18670,0.000111,172.217.194.0-255,1484,17892,64,158193
18671,0.000113,172.31.40.0-255,66,17958,64,158193
18672,0.000117,172.217.194.0-255,1125,19083,64,158193
18673,0.000119,172.31.40.0-255,66,19149,64,158193
18674,0.000145,172.217.194.0-255,1484,20633,64,158193
18675,0.000147,172.31.40.0-255,66,20699,64,158193
18676,0.000153,172.217.194.0-255,4320,25019,64,158193
18677,0.000155,172.31.40.0-255,66,25085,64,158193
18678,0.000158,172.217.194.0-255,1484,26569,64,158193
18679,0.00016,172.31.40.0-255,66,26635,64,158193
18680,0.000199,172.31.40.0-255,66,26701,64,158193
18681,0.000207,172.217.194.0-255,5379,32080,64,158193
18682,0.000209,172.31.40.0-255,66,32146,64,158193
18683,0.000227,172.217.194.0-255,2902,35048,64,158193
18684,0.000229,172.31.40.0-255,66,35114,64,158193
18685,0.000257,172.31.40.0-255,66,35180,64,158193
18686,0.00026,172.217.194.0-255,117,35297,64,158193
18687,0.000263,172.31.40.0-255,66,35363,64,158193
18688,0.000411,172.217.194.0-255,377,35740,64,158193
18689,0.000722,172.217.194.0-255,1484,37224,64,158193
18690,0.000727,172.31.40.0-255,66,37290,64,158193
18691,0.000733,172.217.194.0-255,2902,40192,64,158193
18692,0.000735,172.31.40.0-255,66,40258,64,158193
18693,0.000773,172.217.194.0-255,4320,44578,64,158193
18694,0.000775,172.31.40.0-255,66,44644,64,158193
18695,0.000801,172.217.194.0-255,1484,46128,64,158193
18696,0.000815,172.31.40.0-255,66,46194,64,158193
18697,0.000829,172.31.40.0-255,66,46260,64,158193
18698,0.001322,172.217.194.0-255,1484,47744,64,158193
18699,0.001328,172.217.194.0-255,2902,50646,64,158193
18700,0.001332,172.31.40.0-255,66,50712,64,158193
18701,0.001336,172.217.194.0-255,1484,52196,64,158193
18702,0.00136,172.217.194.0-255,4320,56516,64,158193
18703,0.001362,172.31.40.0-255,66,56582,64,158193
18704,0.00137,172.217.194.0-255,7156,63738,64,158193
18705,0.001372,172.31.40.0-255,66,63804,64,158193
18706,0.001399,172.31.40.0-255,66,63870,64,158193
18707,0.001426,172.217.194.0-255,4320,68190,64,158193
18708,0.001428,172.31.40.0-255,66,68256,64,158193
18709,0.001432,172.217.194.0-255,2184,70440,64,158193
18710,0.001434,172.31.40.0-255,66,70506,64,158193
18711,0.002226,172.217.194.0-255,1484,71990,64,158193
18712,0.002236,172.217.194.0-255,2902,74892,64,158193
18713,0.002241,172.31.40.0-255,66,74958,64,158193
18714,0.00225,172.217.194.0-255,5738,80696,64,158193
18715,0.002252,172.31.40.0-255,66,80762,64,158193
18716,0.002292,172.31.40.0-255,66,80828,64,158193
18717,0.002332,172.31.40.0-255,66,80894,64,158193
18718,0.00235,172.217.194.0-255,2184,83078,64,158193
18719,0.002353,172.31.40.0-255,66,83144,64,158193
18720,0.004594,172.217.194.0-255,2902,86046,64,158193
18721,0.004598,172.31.40.0-255,66,86112,64,158193
18722,0.004642,172.217.194.0-255,2902,89014,64,158193
18723,0.004644,172.31.40.0-255,66,89080,64,158193
18724,0.00687,172.217.194.0-255,2902,91982,64,158193
18725,0.006876,172.31.40.0-255,66,92048,64,158193
18726,0.006905,172.217.194.0-255,2902,94950,64,158193
18727,0.006908,172.31.40.0-255,66,95016,64,158193
18728,0.00916,172.217.194.0-255,2902,97918,64,158193
18729,0.009167,172.31.40.0-255,66,97984,64,158193
18730,0.009187,172.217.194.0-255,2902,100886,64,158193
18731,0.009189,172.31.40.0-255,66,100952,64,158193
18732,0.011481,172.217.194.0-255,5738,106690,64,158193
18733,0.01149,172.31.40.0-255,66,106756,64,158193
18734,0.013796,172.217.194.0-255,5738,112494,64,158193
18735,0.013807,172.31.40.0-255,66,112560,64,158193
18736,0.016096,172.217.194.0-255,5738,118298,64,158193
18737,0.016104,172.31.40.0-255,66,118364,64,158193
18738,0.018379,172.217.194.0-255,5738,124102,64,158193
18739,0.018386,172.31.40.0-255,66,124168,64,158193
18740,0.02066,172.217.194.0-255,5738,129906,64,158193
18741,0.020668,172.31.40.0-255,66,129972,64,158193
18742,0.02297,172.217.194.0-255,5738,135710,64,158193
18743,0.022977,172.31.40.0-255,66,135776,64,158193
18744,0.025262,172.217.194.0-255,5738,141514,64,158193
18745,0.025269,172.31.40.0-255,66,141580,64,158193
18746,0.027556,172.217.194.0-255,5738,147318,64,158193
18747,0.027563,172.31.40.0-255,66,147384,64,158193
18748,0.029238,172.31.40.0-255,172,147556,64,158193
18749,0.029268,172.31.40.0-255,1111,148667,64,158193
18750,0.029324,172.31.40.0-255,1514,150181,64,158193
18751,0.029326,172.31.40.0-255,1514,151695,64,158193
18752,0.029327,172.31.40.0-255,694,152389,64,158193
18753,0.029836,172.217.194.0-255,5738,158127,64,158193
18754,0.029843,172.31.40.0-255,66,158193,64,158193
18755,0.0,172.217.194.0-255,153,153,64,179512
18756,3.6e-05,172.31.40.0-255,66,219,64,179512
18757,4.4e-05,172.217.194.0-255,1484,1703,64,179512
18758,4.9e-05,172.31.40.0-255,66,1769,64,179512
18759,5.4e-05,172.217.194.0-255,2902,4671,64,179512
18760,6.4e-05,172.31.40.0-255,66,4737,64,179512
18761,7.3e-05,172.217.194.0-255,7156,11893,64,179512
18762,7.6e-05,172.31.40.0-255,66,11959,64,179512
18763,8.7e-05,172.31.40.0-255,66,12025,64,179512
18764,0.000145,172.31.40.0-255,66,12091,64,179512
18765,0.000148,172.217.194.0-255,1484,13575,64,179512
18766,0.000151,172.31.40.0-255,66,13641,64,179512
18767,0.000176,172.217.194.0-255,4320,17961,64,179512
18768,0.000183,172.31.40.0-255,66,18027,64,179512
18769,0.000191,172.217.194.0-255,7156,25183,64,179512
18770,0.000194,172.31.40.0-255,66,25249,64,179512
18771,0.000199,172.217.194.0-255,4320,29569,64,179512
18772,0.000201,172.31.40.0-255,66,29635,64,179512
18773,0.000249,172.31.40.0-255,66,29701,64,179512
18774,0.000255,172.217.194.0-255,5700,35401,64,179512
18775,0.000257,172.31.40.0-255,66,35467,64,179512
18776,0.000648,172.217.194.0-255,365,35832,64,179512
18777,0.000655,172.31.40.0-255,66,35898,64,179512
18778,0.000853,172.217.194.0-255,1484,37382,64,179512
18779,0.000859,172.31.40.0-255,66,37448,64,179512
18780,0.000872,172.217.194.0-255,2902,40350,64,179512
18781,0.000879,172.31.40.0-255,66,40416,64,179512
18782,0.000886,172.217.194.0-255,5738,46154,64,179512
18783,0.000889,172.31.40.0-255,66,46220,64,179512
18784,0.000895,172.217.194.0-255,4320,50540,64,179512
18785,0.000902,172.31.40.0-255,66,50606,64,179512
18786,0.000964,172.31.40.0-255,66,50672,64,179512
18787,0.001316,172.217.194.0-255,1484,52156,64,179512
18788,0.001322,172.217.194.0-255,2902,55058,64,179512
18789,0.001326,172.31.40.0-255,66,55124,64,179512
18790,0.001333,172.217.194.0-255,5738,60862,64,179512
18791,0.001351,172.31.40.0-255,66,60928,64,179512
18792,0.001364,172.217.194.0-255,4320,65248,64,179512
18793,0.001409,172.31.40.0-255,66,65314,64,179512
18794,0.001414,172.31.40.0-255,66,65380,64,179512
18795,0.001435,172.217.194.0-255,2184,67564,64,179512
18796,0.001442,172.217.194.0-255,2902,70466,64,179512
18797,0.001446,172.217.194.0-255,2902,73368,64,179512
18798,0.001465,172.217.194.0-255,4320,77688,64,179512
18799,0.001468,172.217.194.0-255,1484,79172,64,179512
18800,0.001476,172.31.40.0-255,66,79238,64,179512
18801,0.0015,172.217.194.0-255,1484,80722,64,179512
18802,0.001512,172.31.40.0-255,66,80788,64,179512
18803,0.001526,172.217.194.0-255,5020,85808,64,179512
18804,0.001549,172.31.40.0-255,66,85874,64,179512
18805,0.001689,172.217.194.0-255,1484,87358,64,179512
18806,0.00171,172.217.194.0-255,2902,90260,64,179512
18807,0.001728,172.31.40.0-255,66,90326,64,179512
18808,0.001739,172.217.194.0-255,4320,94646,64,179512
18809,0.001756,172.31.40.0-255,66,94712,64,179512
18810,0.001784,172.217.194.0-255,4320,99032,64,179512
18811,0.001845,172.31.40.0-255,66,99098,64,179512
18812,0.00189,172.217.194.0-255,1484,100582,64,179512
18813,0.001896,172.217.194.0-255,2902,103484,64,179512
18814,0.001899,172.217.194.0-255,1484,104968,64,179512
18815,0.001911,172.31.40.0-255,66,105034,64,179512
18816,0.001922,172.217.194.0-255,4320,109354,64,179512
18817,0.001924,172.217.194.0-255,1484,110838,64,179512
18818,0.001951,172.31.40.0-255,66,110904,64,179512
18819,0.001982,172.31.40.0-255,66,110970,64,179512
18820,0.001996,172.31.40.0-255,66,111036,64,179512
18821,0.002026,172.217.194.0-255,3602,114638,64,179512
18822,0.002031,172.217.194.0-255,2902,117540,64,179512
18823,0.002036,172.217.194.0-255,4320,121860,64,179512
18824,0.002075,172.31.40.0-255,66,121926,64,179512
18825,0.002128,172.217.194.0-255,6438,128364,64,179512
18826,0.002134,172.31.40.0-255,66,128430,64,179512
18827,0.002143,172.217.194.0-255,1484,129914,64,179512
18828,0.002153,172.217.194.0-255,2902,132816,64,179512
18829,0.002159,172.217.194.0-255,5738,138554,64,179512
18830,0.002185,172.31.40.0-255,66,138620,64,179512
18831,0.002205,172.31.40.0-255,66,138686,64,179512
18832,0.002212,172.217.194.0-255,2902,141588,64,179512
18833,0.002239,172.217.194.0-255,2902,144490,64,179512
18834,0.002247,172.31.40.0-255,66,144556,64,179512
18835,0.002269,172.31.40.0-255,66,144622,64,179512
18836,0.004552,172.217.194.0-255,5738,150360,64,179512
18837,0.004559,172.31.40.0-255,66,150426,64,179512
18838,0.006869,172.217.194.0-255,5738,156164,64,179512
18839,0.013074,172.31.40.0-255,66,156230,64,179512
18840,0.014239,172.217.194.0-255,1484,157714,64,179512
18841,0.015375,172.217.194.0-255,4320,162034,64,179512
18842,0.015385,172.31.40.0-255,66,162100,64,179512
18843,0.0177,172.217.194.0-255,5738,167838,64,179512
18844,0.024074,172.31.40.0-255,66,167904,64,179512
18845,0.026386,172.217.194.0-255,5738,173642,64,179512
18846,0.026403,172.31.40.0-255,66,173708,64,179512
18847,0.028667,172.217.194.0-255,5738,179446,64,179512
18848,0.028675,172.31.40.0-255,66,179512,64,179512
18849,0.0,172.253.118.0-255,153,153,64,252789
18850,2.3e-05,172.31.40.0-255,66,219,64,252789
18851,3e-05,172.253.118.0-255,1484,1703,64,252789
18852,3.5e-05,172.31.40.0-255,66,1769,64,252789
18853,3.8e-05,172.253.118.0-255,1484,3253,64,252789
18854,4.2e-05,172.31.40.0-255,66,3319,64,252789
18855,6.2e-05,172.253.118.0-255,1484,4803,64,252789
18856,6.5e-05,172.31.40.0-255,66,4869,64,252789
18857,7.7e-05,172.253.118.0-255,1484,6353,64,252789
18858,8e-05,172.31.40.0-255,66,6419,64,252789
18859,0.000109,172.253.118.0-255,5738,12157,64,252789
18860,0.000111,172.31.40.0-255,66,12223,64,252789
18861,0.000131,172.253.118.0-255,2093,14316,64,252789
18862,0.000133,172.31.40.0-255,66,14382,64,252789
18863,0.000336,172.253.118.0-255,1484,15866,64,252789
18864,0.000341,172.31.40.0-255,66,15932,64,252789
18865,0.000363,172.253.118.0-255,1484,17416,64,252789
18866,0.000365,172.31.40.0-255,66,17482,64,252789
18867,0.000371,172.253.118.0-255,2902,20384,64,252789
18868,0.000373,172.31.40.0-255,66,20450,64,252789
18869,0.000399,172.253.118.0-255,1484,21934,64,252789
18870,0.000401,172.31.40.0-255,66,22000,64,252789
18871,0.000434,172.253.118.0-255,4320,26320,64,252789
18872,0.000438,172.31.40.0-255,66,26386,64,252789
18873,0.000444,172.253.118.0-255,5379,31765,64,252789
18874,0.000447,172.31.40.0-255,66,31831,64,252789
18875,0.000454,172.253.118.0-255,5738,37569,64,252789
18876,0.000457,172.31.40.0-255,66,37635,64,252789
18877,0.000468,172.31.40.0-255,66,37701,64,252789
18878,0.000472,172.253.118.0-255,2902,40603,64,252789
18879,0.000474,172.31.40.0-255,66,40669,64,252789
18880,0.000505,172.253.118.0-255,7156,47825,64,252789
18881,0.000508,172.31.40.0-255,66,47891,64,252789
18882,0.000514,172.253.118.0-255,4320,52211,64,252789
18883,0.000516,172.31.40.0-255,66,52277,64,252789
18884,0.000522,172.253.118.0-255,5020,57297,64,252789
18885,0.000525,172.31.40.0-255,66,57363,64,252789
18886,0.000528,172.253.118.0-255,394,57757,64,252789
18887,0.000569,172.253.118.0-255,112,57869,64,252789
18888,0.000676,172.253.118.0-255,1484,59353,64,252789
18889,0.00068,172.31.40.0-255,66,59419,64,252789
18890,0.000685,172.253.118.0-255,2902,62321,64,252789
18891,0.000688,172.31.40.0-255,66,62387,64,252789
18892,0.000701,172.253.118.0-255,2902,65289,64,252789
18893,0.000704,172.31.40.0-255,66,65355,64,252789
18894,0.000723,172.253.118.0-255,2902,68257,64,252789
18895,0.000725,172.31.40.0-255,66,68323,64,252789
18896,0.000762,172.31.40.0-255,66,68389,64,252789
18897,0.000768,172.253.118.0-255,4320,72709,64,252789
18898,0.00077,172.31.40.0-255,66,72775,64,252789
18899,0.000801,172.253.118.0-255,2902,75677,64,252789
18900,0.000804,172.31.40.0-255,66,75743,64,252789
18901,0.000823,172.253.118.0-255,3602,79345,64,252789
18902,0.000826,172.31.40.0-255,66,79411,64,252789
18903,0.001184,172.253.118.0-255,1484,80895,64,252789
18904,0.001216,172.253.118.0-255,2902,83797,64,252789
18905,0.00122,172.31.40.0-255,66,83863,64,252789
18906,0.001244,172.253.118.0-255,5738,89601,64,252789
18907,0.001246,172.31.40.0-255,66,89667,64,252789
18908,0.001263,172.253.118.0-255,1484,91151,64,252789
18909,0.001291,172.253.118.0-255,5738,96889,64,252789
18910,0.001295,172.31.40.0-255,66,96955,64,252789
18911,0.001305,172.31.40.0-255,66,97021,64,252789
18912,0.00131,172.253.118.0-255,4320,101341,64,252789
18913,0.001312,172.31.40.0-255,66,101407,64,252789
18914,0.001334,172.253.118.0-255,3602,105009,64,252789
18915,0.001337,172.31.40.0-255,66,105075,64,252789
18916,0.001389,172.253.118.0-255,1484,106559,64,252789
18917,0.001393,172.253.118.0-255,1484,108043,64,252789
18918,0.001396,172.31.40.0-255,66,108109,64,252789
18919,0.001412,172.253.118.0-255,1484,109593,64,252789
18920,0.001418,172.253.118.0-255,4320,113913,64,252789
18921,0.00142,172.31.40.0-255,66,113979,64,252789
18922,0.001437,172.253.118.0-255,1484,115463,64,252789
18923,0.00146,172.253.118.0-255,5738,121201,64,252789
18924,0.001463,172.31.40.0-255,66,121267,64,252789
18925,0.001489,172.253.118.0-255,7156,128423,64,252789
18926,0.001492,172.31.40.0-255,66,128489,64,252789
18927,0.001497,172.253.118.0-255,2902,131391,64,252789
18928,0.001499,172.31.40.0-255,66,131457,64,252789
18929,0.001545,172.31.40.0-255,66,131523,64,252789
18930,0.001571,172.253.118.0-255,1484,133007,64,252789
18931,0.001583,172.253.118.0-255,2902,135909,64,252789
18932,0.001587,172.31.40.0-255,66,135975,64,252789
18933,0.001609,172.253.118.0-255,5738,141713,64,252789
18934,0.001614,172.253.118.0-255,4320,146033,64,252789
18935,0.001619,172.31.40.0-255,66,146099,64,252789
18936,0.001626,172.31.40.0-255,66,146165,64,252789
18937,0.001664,172.31.40.0-255,66,146231,64,252789
18938,0.001689,172.31.40.0-255,66,146297,64,252789
18939,0.001786,172.253.118.0-255,1484,147781,64,252789
18940,0.001807,172.253.118.0-255,2902,150683,64,252789
18941,0.001811,172.31.40.0-255,66,150749,64,252789
18942,0.001814,172.253.118.0-255,1484,152233,64,252789
18943,0.001831,172.253.118.0-255,1484,153717,64,252789
18944,0.001834,172.31.40.0-255,66,153783,64,252789
18945,0.001839,172.253.118.0-255,4320,158103,64,252789
18946,0.001842,172.31.40.0-255,66,158169,64,252789
18947,0.00188,172.31.40.0-255,66,158235,64,252789
18948,0.001886,172.253.118.0-255,4320,162555,64,252789
18949,0.001888,172.31.40.0-255,66,162621,64,252789
18950,0.001922,172.253.118.0-255,2902,165523,64,252789
18951,0.001925,172.31.40.0-255,66,165589,64,252789
18952,0.001951,172.253.118.0-255,6438,172027,64,252789
18953,0.001954,172.31.40.0-255,66,172093,64,252789
18954,0.002168,172.253.118.0-255,1484,173577,64,252789
18955,0.002184,172.253.118.0-255,1484,175061,64,252789
18956,0.002188,172.31.40.0-255,66,175127,64,252789
18957,0.002212,172.253.118.0-255,1484,176611,64,252789
18958,0.002218,172.253.118.0-255,5738,182349,64,252789
18959,0.002221,172.31.40.0-255,66,182415,64,252789
18960,0.002238,172.253.118.0-255,1484,183899,64,252789
18961,0.002279,172.31.40.0-255,66,183965,64,252789
18962,0.004473,172.253.118.0-255,4320,188285,64,252789
18963,0.004484,172.31.40.0-255,66,188351,64,252789
18964,0.004505,172.253.118.0-255,1484,189835,64,252789
18965,0.006744,172.253.118.0-255,1484,191319,64,252789
18966,0.006747,172.31.40.0-255,66,191385,64,252789
18967,0.006768,172.253.118.0-255,2902,194287,64,252789
18968,0.006771,172.31.40.0-255,66,194353,64,252789
18969,0.008957,172.253.118.0-255,5738,200091,64,252789
18970,0.00897,172.31.40.0-255,66,200157,64,252789
18971,0.011226,172.253.118.0-255,5738,205895,64,252789
18972,0.011241,172.31.40.0-255,66,205961,64,252789
18973,0.013484,172.253.118.0-255,5738,211699,64,252789
18974,0.013496,172.31.40.0-255,66,211765,64,252789
18975,0.015733,172.253.118.0-255,5738,217503,64,252789
18976,0.015752,172.31.40.0-255,66,217569,64,252789
18977,0.017983,172.253.118.0-255,5738,223307,64,252789
18978,0.017999,172.31.40.0-255,66,223373,64,252789
18979,0.020223,172.253.118.0-255,5738,229111,64,252789
18980,0.020233,172.31.40.0-255,66,229177,64,252789
18981,0.022482,172.253.118.0-255,5738,234915,64,252789
18982,0.022492,172.31.40.0-255,66,234981,64,252789
18983,0.024729,172.253.118.0-255,2902,237883,64,252789
18984,0.024738,172.31.40.0-255,66,237949,64,252789
18985,0.02476,172.253.118.0-255,2902,240851,64,252789
18986,0.024762,172.31.40.0-255,66,240917,64,252789
18987,0.027049,172.253.118.0-255,2902,243819,64,252789
18988,0.027056,172.31.40.0-255,66,243885,64,252789
18989,0.027077,172.253.118.0-255,2902,246787,64,252789
18990,0.027079,172.31.40.0-255,66,246853,64,252789
18991,0.029261,172.253.118.0-255,2902,249755,64,252789
18992,0.029269,172.31.40.0-255,66,249821,64,252789
18993,0.0293,172.253.118.0-255,2902,252723,64,252789
18994,0.029304,172.31.40.0-255,66,252789,64,252789
18995,0.0,74.125.24.0-255,150,150,64,235150
18996,2.1e-05,172.31.40.0-255,66,216,64,235150
18997,2.8e-05,74.125.24.0-255,1484,1700,64,235150
18998,3.4e-05,172.31.40.0-255,66,1766,64,235150
18999,3.9e-05,74.125.24.0-255,2902,4668,64,235150
19000,4.3e-05,172.31.40.0-255,66,4734,64,235150
19001,5.1e-05,74.125.24.0-255,7156,11890,64,235150
19002,5.4e-05,172.31.40.0-255,66,11956,64,235150
19003,6.9e-05,172.31.40.0-255,66,12022,64,235150
19004,9.7e-05,74.125.24.0-255,6797,18819,64,235150
19005,0.000101,172.31.40.0-255,66,18885,64,235150
19006,0.00013,74.125.24.0-255,2902,21787,64,235150
19007,0.000132,172.31.40.0-255,66,21853,64,235150
19008,0.000138,74.125.24.0-255,4320,26173,64,235150
19009,0.00014,172.31.40.0-255,66,26239,64,235150
19010,0.000174,172.31.40.0-255,66,26305,64,235150
19011,0.000214,172.31.40.0-255,66,26371,64,235150
19012,0.000259,172.31.40.0-255,66,26437,64,235150
19013,0.000262,74.125.24.0-255,129,26566,64,235150
19014,0.000264,172.31.40.0-255,66,26632,64,235150
19015,0.000351,74.125.24.0-255,1484,28116,64,235150
19016,0.000355,172.31.40.0-255,66,28182,64,235150
19017,0.000361,74.125.24.0-255,2902,31084,64,235150
19018,0.000363,172.31.40.0-255,66,31150,64,235150
19019,0.000366,74.125.24.0-255,1484,32634,64,235150
19020,0.000368,172.31.40.0-255,66,32700,64,235150
19021,0.000388,74.125.24.0-255,4320,37020,64,235150
19022,0.000391,172.31.40.0-255,66,37086,64,235150
19023,0.000396,74.125.24.0-255,5738,42824,64,235150
19024,0.000399,172.31.40.0-255,66,42890,64,235150
19025,0.000424,74.125.24.0-255,7156,50046,64,235150
19026,0.000427,172.31.40.0-255,66,50112,64,235150
19027,0.000451,74.125.24.0-255,7156,57268,64,235150
19028,0.000454,172.31.40.0-255,66,57334,64,235150
19029,0.000472,74.125.24.0-255,3602,60936,64,235150
19030,0.000474,172.31.40.0-255,66,61002,64,235150
19031,0.00051,74.125.24.0-255,1484,62486,64,235150
19032,0.000516,74.125.24.0-255,2902,65388,64,235150
19033,0.000518,172.31.40.0-255,66,65454,64,235150
19034,0.000522,74.125.24.0-255,1484,66938,64,235150
19035,0.000544,74.125.24.0-255,4320,71258,64,235150
19036,0.000547,172.31.40.0-255,66,71324,64,235150
19037,0.000559,172.31.40.0-255,66,71390,64,235150
19038,0.000583,74.125.24.0-255,1484,72874,64,235150
19039,0.000596,172.31.40.0-255,66,72940,64,235150
19040,0.000603,74.125.24.0-255,5738,78678,64,235150
19041,0.000606,172.31.40.0-255,66,78744,64,235150
19042,0.000647,74.125.24.0-255,4320,83064,64,235150
19043,0.00065,172.31.40.0-255,66,83130,64,235150
19044,0.000676,74.125.24.0-255,2902,86032,64,235150
19045,0.000679,172.31.40.0-255,66,86098,64,235150
19046,0.000693,172.31.40.0-255,66,86164,64,235150
19047,0.0007,74.125.24.0-255,6438,92602,64,235150
19048,0.000702,172.31.40.0-255,66,92668,64,235150
19049,0.000779,74.125.24.0-255,1484,94152,64,235150
19050,0.000801,74.125.24.0-255,2902,97054,64,235150
19051,0.000804,172.31.40.0-255,66,97120,64,235150
19052,0.000807,74.125.24.0-255,1484,98604,64,235150
19053,0.000811,74.125.24.0-255,1484,100088,64,235150
19054,0.000813,172.31.40.0-255,66,100154,64,235150
19055,0.000829,74.125.24.0-255,4320,104474,64,235150
19056,0.000832,172.31.40.0-255,66,104540,64,235150
19057,0.000848,74.125.24.0-255,4320,108860,64,235150
19058,0.000851,172.31.40.0-255,66,108926,64,235150
19059,0.000884,172.31.40.0-255,66,108992,64,235150
19060,0.000891,74.125.24.0-255,7156,116148,64,235150
19061,0.000893,172.31.40.0-255,66,116214,64,235150
19062,0.00094,172.31.40.0-255,66,116280,64,235150
19063,0.000972,74.125.24.0-255,766,117046,64,235150
19064,0.00099,172.31.40.0-255,66,117112,64,235150
19065,0.001472,74.125.24.0-255,1484,118596,64,235150
19066,0.001488,74.125.24.0-255,2902,121498,64,235150
19067,0.001494,172.31.40.0-255,66,121564,64,235150
19068,0.001504,74.125.24.0-255,5738,127302,64,235150
19069,0.001507,172.31.40.0-255,66,127368,64,235150
19070,0.001532,74.125.24.0-255,2902,130270,64,235150
19071,0.001535,172.31.40.0-255,66,130336,64,235150
19072,0.001541,74.125.24.0-255,4320,134656,64,235150
19073,0.001543,172.31.40.0-255,66,134722,64,235150
19074,0.001559,74.125.24.0-255,1484,136206,64,235150
19075,0.001586,74.125.24.0-255,7156,143362,64,235150
19076,0.001589,172.31.40.0-255,66,143428,64,235150
19077,0.001612,172.31.40.0-255,66,143494,64,235150
19078,0.001639,74.125.24.0-255,1484,144978,64,235150
19079,0.001673,74.125.24.0-255,2902,147880,64,235150
19080,0.001677,74.125.24.0-255,1484,149364,64,235150
19081,0.001689,74.125.24.0-255,2902,152266,64,235150
19082,0.001694,172.31.40.0-255,66,152332,64,235150
19083,0.001705,74.125.24.0-255,5738,158070,64,235150
19084,0.001714,172.31.40.0-255,66,158136,64,235150
19085,0.001719,74.125.24.0-255,2902,161038,64,235150
19086,0.001736,74.125.24.0-255,4320,165358,64,235150
19087,0.001749,74.125.24.0-255,2902,168260,64,235150
19088,0.001757,172.31.40.0-255,66,168326,64,235150
19089,0.001799,172.31.40.0-255,66,168392,64,235150
19090,0.00181,74.125.24.0-255,1484,169876,64,235150
19091,0.001814,74.125.24.0-255,2902,172778,64,235150
19092,0.001826,172.31.40.0-255,66,172844,64,235150
19093,0.001844,74.125.24.0-255,5738,178582,64,235150
19094,0.001859,172.31.40.0-255,66,178648,64,235150
19095,0.001863,74.125.24.0-255,2902,181550,64,235150
19096,0.001869,172.31.40.0-255,66,181616,64,235150
19097,0.001879,74.125.24.0-255,4320,185936,64,235150
19098,0.001898,74.125.24.0-255,4320,190256,64,235150
19099,0.001908,74.125.24.0-255,1484,191740,64,235150
19100,0.001943,74.125.24.0-255,2902,194642,64,235150
19101,0.001964,74.125.24.0-255,2902,197544,64,235150
19102,0.001968,172.31.40.0-255,66,197610,64,235150
19103,0.00198,74.125.24.0-255,5738,203348,64,235150
19104,0.001985,172.31.40.0-255,66,203414,64,235150
19105,0.001992,74.125.24.0-255,1484,204898,64,235150
19106,0.001994,74.125.24.0-255,1484,206382,64,235150
19107,0.002035,172.31.40.0-255,66,206448,64,235150
19108,0.002048,74.125.24.0-255,4320,210768,64,235150
19109,0.00206,74.125.24.0-255,2902,213670,64,235150
19110,0.002073,172.31.40.0-255,66,213736,64,235150
19111,0.002106,172.31.40.0-255,66,213802,64,235150
19112,0.00211,74.125.24.0-255,2184,215986,64,235150
19113,0.002136,74.125.24.0-255,7156,223142,64,235150
19114,0.002159,74.125.24.0-255,5738,228880,64,235150
19115,0.002162,74.125.24.0-255,766,229646,64,235150
19116,0.002168,74.125.24.0-255,5162,234808,64,235150
19117,0.002171,74.125.24.0-255,105,234913,64,235150
19118,0.002188,172.31.40.0-255,66,234979,64,235150
19119,0.016704,172.31.40.0-255,105,235084,64,235150
19120,0.019219,74.125.24.0-255,66,235150,64,235150
19121,0.0,172.217.194.0-255,295,295,64,182766
19122,2.7e-05,172.31.40.0-255,66,361,64,182766
19123,3.5e-05,172.217.194.0-255,1484,1845,64,182766
19124,3.9e-05,172.31.40.0-255,66,1911,64,182766
19125,5.5e-05,172.217.194.0-255,4320,6231,64,182766
19126,5.8e-05,172.31.40.0-255,66,6297,64,182766
19127,7.5e-05,172.31.40.0-255,66,6363,64,182766
19128,8.7e-05,172.31.40.0-255,66,6429,64,182766
19129,0.000125,172.217.194.0-255,7156,13585,64,182766
19130,0.000128,172.31.40.0-255,66,13651,64,182766
19131,0.000156,172.217.194.0-255,1125,14776,64,182766
19132,0.000158,172.31.40.0-255,66,14842,64,182766
19133,0.000193,172.217.194.0-255,1484,16326,64,182766
19134,0.000195,172.31.40.0-255,66,16392,64,182766
19135,0.0002,172.217.194.0-255,2902,19294,64,182766
19136,0.000202,172.31.40.0-255,66,19360,64,182766
19137,0.000205,172.217.194.0-255,1484,20844,64,182766
19138,0.000207,172.31.40.0-255,66,20910,64,182766
19139,0.00025,172.217.194.0-255,4320,25230,64,182766
19140,0.000253,172.31.40.0-255,66,25296,64,182766
19141,0.000261,172.217.194.0-255,6797,32093,64,182766
19142,0.000263,172.31.40.0-255,66,32159,64,182766
19143,0.000297,172.217.194.0-255,1484,33643,64,182766
19144,0.000301,172.31.40.0-255,66,33709,64,182766
19145,0.000318,172.217.194.0-255,2902,36611,64,182766
19146,0.000321,172.31.40.0-255,66,36677,64,182766
19147,0.000327,172.217.194.0-255,5738,42415,64,182766
19148,0.000329,172.31.40.0-255,66,42481,64,182766
19149,0.000333,172.217.194.0-255,2902,45383,64,182766
19150,0.000335,172.31.40.0-255,66,45449,64,182766
19151,0.000364,172.217.194.0-255,3961,49410,64,182766
19152,0.000367,172.31.40.0-255,66,49476,64,182766
19153,0.00037,172.217.194.0-255,395,49871,64,182766
19154,0.000664,172.217.194.0-255,379,50250,64,182766
19155,0.000873,172.217.194.0-255,1484,51734,64,182766
19156,0.000879,172.31.40.0-255,66,51800,64,182766
19157,0.000886,172.217.194.0-255,2902,54702,64,182766
19158,0.00089,172.31.40.0-255,66,54768,64,182766
19159,0.000902,172.217.194.0-255,5738,60506,64,182766
19160,0.000904,172.31.40.0-255,66,60572,64,182766
19161,0.000939,172.217.194.0-255,4320,64892,64,182766
19162,0.000942,172.31.40.0-255,66,64958,64,182766
19163,0.000969,172.217.194.0-255,1994,66952,64,182766
19164,0.000972,172.31.40.0-255,66,67018,64,182766
19165,0.001866,172.217.194.0-255,1484,68502,64,182766
19166,0.001886,172.217.194.0-255,2902,71404,64,182766
19167,0.001892,172.31.40.0-255,66,71470,64,182766
19168,0.001902,172.217.194.0-255,5738,77208,64,182766
19169,0.001904,172.31.40.0-255,66,77274,64,182766
19170,0.001915,172.217.194.0-255,1484,78758,64,182766
19171,0.001942,172.217.194.0-255,5738,84496,64,182766
19172,0.001945,172.31.40.0-255,66,84562,64,182766
19173,0.00196,172.31.40.0-255,66,84628,64,182766
19174,0.001992,172.217.194.0-255,2902,87530,64,182766
19175,0.001994,172.31.40.0-255,66,87596,64,182766
19176,0.001999,172.217.194.0-255,2184,89780,64,182766
19177,0.002001,172.31.40.0-255,66,89846,64,182766
19178,0.00203,172.217.194.0-255,1484,91330,64,182766
19179,0.002036,172.217.194.0-255,2902,94232,64,182766
19180,0.002039,172.31.40.0-255,66,94298,64,182766
19181,0.002042,172.217.194.0-255,1484,95782,64,182766
19182,0.002067,172.217.194.0-255,4320,100102,64,182766
19183,0.002069,172.31.40.0-255,66,100168,64,182766
19184,0.002072,172.217.194.0-255,1484,101652,64,182766
19185,0.002111,172.31.40.0-255,66,101718,64,182766
19186,0.002128,172.31.40.0-255,66,101784,64,182766
19187,0.002193,172.217.194.0-255,7156,108940,64,182766
19188,0.002196,172.31.40.0-255,66,109006,64,182766
19189,0.002207,172.31.40.0-255,66,109072,64,182766
19190,0.002226,172.31.40.0-255,66,109138,64,182766
19191,0.002232,172.217.194.0-255,5020,114158,64,182766
19192,0.002235,172.31.40.0-255,66,114224,64,182766
19193,0.002269,172.31.40.0-255,66,114290,64,182766
19194,0.002306,172.31.40.0-255,66,114356,64,182766
19195,0.002313,172.217.194.0-255,5020,119376,64,182766
19196,0.002315,172.31.40.0-255,66,119442,64,182766
19197,0.002364,172.31.40.0-255,66,119508,64,182766
19198,0.002384,172.31.40.0-255,66,119574,64,182766
19199,0.002387,172.217.194.0-255,766,120340,64,182766
19200,0.004806,172.217.194.0-255,4320,124660,64,182766
19201,0.004826,172.31.40.0-255,66,124726,64,182766
19202,0.007221,172.217.194.0-255,5738,130464,64,182766
19203,0.007246,172.31.40.0-255,66,130530,64,182766
19204,0.009634,172.217.194.0-255,5738,136268,64,182766
19205,0.009651,172.31.40.0-255,66,136334,64,182766
19206,0.012008,172.217.194.0-255,5738,142072,64,182766
19207,0.012015,172.31.40.0-255,66,142138,64,182766
19208,0.0144,172.217.194.0-255,5738,147876,64,182766
19209,0.014415,172.31.40.0-255,66,147942,64,182766
19210,0.016832,172.217.194.0-255,5738,153680,64,182766
19211,0.016849,172.31.40.0-255,66,153746,64,182766
19212,0.019194,172.217.194.0-255,5738,159484,64,182766
19213,0.0192,172.31.40.0-255,66,159550,64,182766
19214,0.021579,172.217.194.0-255,5738,165288,64,182766
19215,0.021606,172.31.40.0-255,66,165354,64,182766
19216,0.024012,172.217.194.0-255,5738,171092,64,182766
19217,0.024032,172.31.40.0-255,66,171158,64,182766
19218,0.026382,172.217.194.0-255,5738,176896,64,182766
19219,0.026403,172.31.40.0-255,66,176962,64,182766
19220,0.028782,172.217.194.0-255,5738,182700,64,182766
19221,0.028804,172.31.40.0-255,66,182766,64,182766
19222,0.0,172.31.40.0-255,105,105,64,459
19223,0.000174,172.31.40.0-255,90,195,64,459
19224,0.000185,172.31.40.0-255,66,261,64,459
19225,0.002486,74.125.68.0-255,66,327,64,459
19226,0.002518,74.125.68.0-255,66,393,64,459
19227,0.002541,172.31.40.0-255,66,459,64,459
19228,0.0,172.217.194.0-255,153,153,64,272747
19229,1.6e-05,172.31.40.0-255,66,219,64,272747
19230,2.3e-05,172.217.194.0-255,1484,1703,64,272747
19231,2.8e-05,172.31.40.0-255,66,1769,64,272747
19232,3.4e-05,172.217.194.0-255,2902,4671,64,272747
19233,3.8e-05,172.31.40.0-255,66,4737,64,272747
19234,7.2e-05,172.217.194.0-255,7156,11893,64,272747
19235,7.6e-05,172.31.40.0-255,66,11959,64,272747
19236,8.8e-05,172.31.40.0-255,66,12025,64,272747
19237,0.000111,172.217.194.0-255,5738,17763,64,272747
19238,0.000114,172.31.40.0-255,66,17829,64,272747
19239,0.000133,172.217.194.0-255,4320,22149,64,272747
19240,0.000135,172.31.40.0-255,66,22215,64,272747
19241,0.000138,172.217.194.0-255,1125,23340,64,272747
19242,0.00014,172.31.40.0-255,66,23406,64,272747
19243,0.000272,172.217.194.0-255,1484,24890,64,272747
19244,0.000277,172.31.40.0-255,66,24956,64,272747
19245,0.000284,172.217.194.0-255,2902,27858,64,272747
19246,0.000286,172.31.40.0-255,66,27924,64,272747
19247,0.000308,172.217.194.0-255,5738,33662,64,272747
19248,0.000311,172.31.40.0-255,66,33728,64,272747
19249,0.000314,172.217.194.0-255,1484,35212,64,272747
19250,0.000316,172.31.40.0-255,66,35278,64,272747
19251,0.000343,172.217.194.0-255,5738,41016,64,272747
19252,0.000346,172.31.40.0-255,66,41082,64,272747
19253,0.000366,172.217.194.0-255,2902,43984,64,272747
19254,0.000369,172.31.40.0-255,66,44050,64,272747
19255,0.000377,172.217.194.0-255,7156,51206,64,272747
19256,0.00038,172.31.40.0-255,66,51272,64,272747
19257,0.000392,172.217.194.0-255,2902,54174,64,272747
19258,0.000394,172.31.40.0-255,66,54240,64,272747
19259,0.000399,172.217.194.0-255,3602,57842,64,272747
19260,0.000402,172.31.40.0-255,66,57908,64,272747
19261,0.000459,172.217.194.0-255,379,58287,64,272747
19262,0.000483,172.217.194.0-255,366,58653,64,272747
19263,0.000634,172.217.194.0-255,1484,60137,64,272747
19264,0.000639,172.31.40.0-255,66,60203,64,272747
19265,0.000644,172.217.194.0-255,2902,63105,64,272747
19266,0.000646,172.31.40.0-255,66,63171,64,272747
19267,0.000651,172.217.194.0-255,2902,66073,64,272747
19268,0.000653,172.31.40.0-255,66,66139,64,272747
19269,0.000697,172.217.194.0-255,5738,71877,64,272747
19270,0.000701,172.31.40.0-255,66,71943,64,272747
19271,0.000718,172.217.194.0-255,1484,73427,64,272747
19272,0.000723,172.217.194.0-255,4320,77747,64,272747
19273,0.000735,172.31.40.0-255,66,77813,64,272747
19274,0.000748,172.217.194.0-255,7156,84969,64,272747
19275,0.00075,172.31.40.0-255,66,85035,64,272747
19276,0.000779,172.217.194.0-255,5738,90773,64,272747
19277,0.000782,172.31.40.0-255,66,90839,64,272747
19278,0.000786,172.217.194.0-255,2184,93023,64,272747
19279,0.000788,172.31.40.0-255,66,93089,64,272747
19280,0.000859,172.217.194.0-255,1484,94573,64,272747
19281,0.000872,172.217.194.0-255,2902,97475,64,272747
19282,0.000875,172.31.40.0-255,66,97541,64,272747
19283,0.000882,172.217.194.0-255,5738,103279,64,272747
19284,0.000884,172.31.40.0-255,66,103345,64,272747
19285,0.000924,172.217.194.0-255,1484,104829,64,272747
19286,0.000928,172.31.40.0-255,66,104895,64,272747
19287,0.000936,172.217.194.0-255,1484,106379,64,272747
19288,0.000939,172.31.40.0-255,66,106445,64,272747
19289,0.000984,172.217.194.0-255,5738,112183,64,272747
19290,0.000987,172.31.40.0-255,66,112249,64,272747
19291,0.001007,172.217.194.0-255,2184,114433,64,272747
19292,0.001009,172.31.40.0-255,66,114499,64,272747
19293,0.001014,172.217.194.0-255,2902,117401,64,272747
19294,0.001016,172.31.40.0-255,66,117467,64,272747
19295,0.001034,172.217.194.0-255,5738,123205,64,272747
19296,0.001037,172.31.40.0-255,66,123271,64,272747
19297,0.001042,172.217.194.0-255,4320,127591,64,272747
19298,0.001044,172.31.40.0-255,66,127657,64,272747
19299,0.001108,172.31.40.0-255,66,127723,64,272747
19300,0.001115,172.217.194.0-255,6438,134161,64,272747
19301,0.001118,172.31.40.0-255,66,134227,64,272747
19302,0.001281,172.217.194.0-255,1484,135711,64,272747
19303,0.001287,172.217.194.0-255,2902,138613,64,272747
19304,0.00129,172.31.40.0-255,66,138679,64,272747
19305,0.001367,172.217.194.0-255,1484,140163,64,272747
19306,0.001372,172.217.194.0-255,2902,143065,64,272747
19307,0.001376,172.217.194.0-255,2902,145967,64,272747
19308,0.001381,172.31.40.0-255,66,146033,64,272747
19309,0.001389,172.31.40.0-255,66,146099,64,272747
19310,0.001394,172.217.194.0-255,2902,149001,64,272747
19311,0.001397,172.31.40.0-255,66,149067,64,272747
19312,0.001404,172.217.194.0-255,5738,154805,64,272747
19313,0.001407,172.31.40.0-255,66,154871,64,272747
19314,0.001433,172.217.194.0-255,5738,160609,64,272747
19315,0.001436,172.31.40.0-255,66,160675,64,272747
19316,0.001441,172.217.194.0-255,2902,163577,64,272747
19317,0.001444,172.31.40.0-255,66,163643,64,272747
19318,0.001461,172.217.194.0-255,5020,168663,64,272747
19319,0.001464,172.31.40.0-255,66,168729,64,272747
19320,0.00151,172.217.194.0-255,1484,170213,64,272747
19321,0.001515,172.217.194.0-255,2902,173115,64,272747
19322,0.001519,172.31.40.0-255,66,173181,64,272747
19323,0.001525,172.217.194.0-255,5738,178919,64,272747
19324,0.001527,172.31.40.0-255,66,178985,64,272747
19325,0.001548,172.217.194.0-255,5738,184723,64,272747
19326,0.001565,172.217.194.0-255,7156,191879,64,272747
19327,0.001583,172.31.40.0-255,66,191945,64,272747
19328,0.001593,172.217.194.0-255,766,192711,64,272747
19329,0.001745,172.217.194.0-255,1484,194195,64,272747
19330,0.001749,172.31.40.0-255,66,194261,64,272747
19331,0.00177,172.217.194.0-255,2902,197163,64,272747
19332,0.001777,172.217.194.0-255,5738,202901,64,272747
19333,0.001818,172.31.40.0-255,66,202967,64,272747
19334,0.001852,172.31.40.0-255,66,203033,64,272747
19335,0.001877,172.31.40.0-255,66,203099,64,272747
19336,0.004195,172.217.194.0-255,5738,208837,64,272747
19337,0.004204,172.31.40.0-255,66,208903,64,272747
19338,0.006542,172.217.194.0-255,5738,214641,64,272747
19339,0.006556,172.31.40.0-255,66,214707,64,272747
19340,0.008884,172.217.194.0-255,5738,220445,64,272747
19341,0.008899,172.31.40.0-255,66,220511,64,272747
19342,0.011222,172.217.194.0-255,5738,226249,64,272747
19343,0.011236,172.31.40.0-255,66,226315,64,272747
19344,0.013608,172.217.194.0-255,5738,232053,64,272747
19345,0.013615,172.31.40.0-255,66,232119,64,272747
19346,0.015962,172.217.194.0-255,5738,237857,64,272747
19347,0.015968,172.31.40.0-255,66,237923,64,272747
19348,0.01826,172.217.194.0-255,5738,243661,64,272747
19349,0.018266,172.31.40.0-255,66,243727,64,272747
19350,0.020571,172.217.194.0-255,5738,249465,64,272747
19351,0.020589,172.31.40.0-255,66,249531,64,272747
19352,0.022928,172.217.194.0-255,5738,255269,64,272747
19353,0.022937,172.31.40.0-255,66,255335,64,272747
19354,0.025224,172.217.194.0-255,5738,261073,64,272747
19355,0.02523,172.31.40.0-255,66,261139,64,272747
19356,0.027585,172.217.194.0-255,5738,266877,64,272747
19357,0.027593,172.31.40.0-255,66,266943,64,272747
19358,0.029893,172.217.194.0-255,5738,272681,64,272747
19359,0.0299,172.31.40.0-255,66,272747,64,272747
19360,0.0,74.125.24.0-255,150,150,64,198484
19361,2.5e-05,172.31.40.0-255,66,216,64,198484
19362,3.3e-05,74.125.24.0-255,1484,1700,64,198484
19363,3.7e-05,172.31.40.0-255,66,1766,64,198484
19364,4.4e-05,74.125.24.0-255,2902,4668,64,198484
19365,4.7e-05,172.31.40.0-255,66,4734,64,198484
19366,5.6e-05,74.125.24.0-255,7156,11890,64,198484
19367,5.8e-05,172.31.40.0-255,66,11956,64,198484
19368,6.2e-05,74.125.24.0-255,2135,14091,64,198484
19369,6.5e-05,172.31.40.0-255,66,14157,64,198484
19370,0.000108,74.125.24.0-255,1484,15641,64,198484
19371,0.00011,172.31.40.0-255,66,15707,64,198484
19372,0.000116,74.125.24.0-255,2902,18609,64,198484
19373,0.000118,172.31.40.0-255,66,18675,64,198484
19374,0.000123,74.125.24.0-255,2902,21577,64,198484
19375,0.000126,172.31.40.0-255,66,21643,64,198484
19376,0.000139,74.125.24.0-255,2902,24545,64,198484
19377,0.000141,172.31.40.0-255,66,24611,64,198484
19378,0.000156,74.125.24.0-255,1484,26095,64,198484
19379,0.000159,172.31.40.0-255,66,26161,64,198484
19380,0.000175,74.125.24.0-255,5379,31540,64,198484
19381,0.000178,172.31.40.0-255,66,31606,64,198484
19382,0.000312,74.125.24.0-255,1484,33090,64,198484
19383,0.000316,172.31.40.0-255,66,33156,64,198484
19384,0.000322,74.125.24.0-255,2902,36058,64,198484
19385,0.000324,172.31.40.0-255,66,36124,64,198484
19386,0.000339,74.125.24.0-255,4320,40444,64,198484
19387,0.000342,172.31.40.0-255,66,40510,64,198484
19388,0.00036,74.125.24.0-255,1484,41994,64,198484
19389,0.000362,172.31.40.0-255,66,42060,64,198484
19390,0.000369,74.125.24.0-255,6797,48857,64,198484
19391,0.000372,172.31.40.0-255,66,48923,64,198484
19392,0.000375,74.125.24.0-255,1484,50407,64,198484
19393,0.000392,74.125.24.0-255,7156,57563,64,198484
19394,0.000412,74.125.24.0-255,5738,63301,64,198484
19395,0.000416,74.125.24.0-255,2840,66141,64,198484
19396,0.000483,74.125.24.0-255,135,66276,64,198484
19397,0.000534,172.31.40.0-255,66,66342,64,198484
19398,0.000586,74.125.24.0-255,1484,67826,64,198484
19399,0.000606,74.125.24.0-255,1484,69310,64,198484
19400,0.000613,172.31.40.0-255,66,69376,64,198484
19401,0.00063,74.125.24.0-255,1484,70860,64,198484
19402,0.000637,74.125.24.0-255,5738,76598,64,198484
19403,0.000651,74.125.24.0-255,2902,79500,64,198484
19404,0.000654,172.31.40.0-255,66,79566,64,198484
19405,0.000659,172.31.40.0-255,66,79632,64,198484
19406,0.000675,74.125.24.0-255,3961,83593,64,198484
19407,0.000683,74.125.24.0-255,7156,90749,64,198484
19408,0.000707,74.125.24.0-255,4320,95069,64,198484
19409,0.000711,172.31.40.0-255,66,95135,64,198484
19410,0.000722,74.125.24.0-255,5379,100514,64,198484
19411,0.000733,172.31.40.0-255,66,100580,64,198484
19412,0.00084,74.125.24.0-255,1484,102064,64,198484
19413,0.000846,74.125.24.0-255,2902,104966,64,198484
19414,0.000852,172.31.40.0-255,66,105032,64,198484
19415,0.000872,74.125.24.0-255,5738,110770,64,198484
19416,0.000876,74.125.24.0-255,1484,112254,64,198484
19417,0.000892,172.31.40.0-255,66,112320,64,198484
19418,0.000909,74.125.24.0-255,1484,113804,64,198484
19419,0.000938,172.31.40.0-255,66,113870,64,198484
19420,0.000959,74.125.24.0-255,2460,116330,64,198484
19421,0.000976,172.31.40.0-255,66,116396,64,198484
19422,0.001212,74.125.24.0-255,1484,117880,64,198484
19423,0.001218,74.125.24.0-255,2902,120782,64,198484
19424,0.00123,172.31.40.0-255,66,120848,64,198484
19425,0.001244,74.125.24.0-255,5738,126586,64,198484
19426,0.00126,74.125.24.0-255,2902,129488,64,198484
19427,0.00127,172.31.40.0-255,66,129554,64,198484
19428,0.001289,74.125.24.0-255,4320,133874,64,198484
19429,0.001294,172.31.40.0-255,66,133940,64,198484
19430,0.001316,74.125.24.0-255,6438,140378,64,198484
19431,0.001327,172.31.40.0-255,66,140444,64,198484
19432,0.003674,74.125.24.0-255,5738,146182,64,198484
19433,0.003683,172.31.40.0-255,66,146248,64,198484
19434,0.006021,74.125.24.0-255,5738,151986,64,198484
19435,0.007854,172.31.40.0-255,66,152052,64,198484
19436,0.010178,74.125.24.0-255,5738,157790,64,198484
19437,0.010193,172.31.40.0-255,66,157856,64,198484
19438,0.012495,74.125.24.0-255,5738,163594,64,198484
19439,0.014963,172.31.40.0-255,66,163660,64,198484
19440,0.017278,74.125.24.0-255,5738,169398,64,198484
19441,0.017296,172.31.40.0-255,66,169464,64,198484
19442,0.019613,74.125.24.0-255,5738,175202,64,198484
19443,0.019627,172.31.40.0-255,66,175268,64,198484
19444,0.021941,74.125.24.0-255,5738,181006,64,198484
19445,0.021951,172.31.40.0-255,66,181072,64,198484
19446,0.024274,74.125.24.0-255,5738,186810,64,198484
19447,0.024286,172.31.40.0-255,66,186876,64,198484
19448,0.026602,74.125.24.0-255,5738,192614,64,198484
19449,0.026617,172.31.40.0-255,66,192680,64,198484
19450,0.028961,74.125.24.0-255,5738,198418,64,198484
19451,0.028975,172.31.40.0-255,66,198484,64,198484
19452,0.0,74.125.130.0-255,153,153,64,276019
19453,1.2e-05,172.31.40.0-255,66,219,64,276019
19454,1.8e-05,74.125.130.0-255,1484,1703,64,276019
19455,2.3e-05,172.31.40.0-255,66,1769,64,276019
19456,2.8e-05,74.125.130.0-255,2902,4671,64,276019
19457,3.7e-05,172.31.40.0-255,66,4737,64,276019
19458,7.7e-05,74.125.130.0-255,7156,11893,64,276019
19459,8e-05,172.31.40.0-255,66,11959,64,276019
19460,8.3e-05,74.125.130.0-255,2030,13989,64,276019
19461,8.5e-05,172.31.40.0-255,66,14055,64,276019
19462,8.9e-05,74.125.130.0-255,2902,16957,64,276019
19463,9.1e-05,172.31.40.0-255,66,17023,64,276019
19464,9.4e-05,74.125.130.0-255,1484,18507,64,276019
19465,9.6e-05,172.31.40.0-255,66,18573,64,276019
19466,0.000128,74.125.130.0-255,5738,24311,64,276019
19467,0.00013,172.31.40.0-255,66,24377,64,276019
19468,0.000134,74.125.130.0-255,2902,27279,64,276019
19469,0.000136,172.31.40.0-255,66,27345,64,276019
19470,0.000162,74.125.130.0-255,3961,31306,64,276019
19471,0.000165,172.31.40.0-255,66,31372,64,276019
19472,0.000262,74.125.130.0-255,1484,32856,64,276019
19473,0.000266,172.31.40.0-255,66,32922,64,276019
19474,0.000283,74.125.130.0-255,2902,35824,64,276019
19475,0.000285,172.31.40.0-255,66,35890,64,276019
19476,0.00029,74.125.130.0-255,2902,38792,64,276019
19477,0.000291,172.31.40.0-255,66,38858,64,276019
19478,0.000308,74.125.130.0-255,2902,41760,64,276019
19479,0.00031,172.31.40.0-255,66,41826,64,276019
19480,0.000315,74.125.130.0-255,4320,46146,64,276019
19481,0.000317,172.31.40.0-255,66,46212,64,276019
19482,0.000344,74.125.130.0-255,5379,51591,64,276019
19483,0.000346,172.31.40.0-255,66,51657,64,276019
19484,0.00038,172.31.40.0-255,66,51723,64,276019
19485,0.000411,74.125.130.0-255,5631,57354,64,276019
19486,0.000416,172.31.40.0-255,66,57420,64,276019
19487,0.000453,74.125.130.0-255,120,57540,64,276019
19488,0.000512,74.125.130.0-255,1484,59024,64,276019
19489,0.000516,172.31.40.0-255,66,59090,64,276019
19490,0.000519,74.125.130.0-255,1484,60574,64,276019
19491,0.000541,74.125.130.0-255,1484,62058,64,276019
19492,0.000543,172.31.40.0-255,66,62124,64,276019
19493,0.00055,74.125.130.0-255,5738,67862,64,276019
19494,0.000552,172.31.40.0-255,66,67928,64,276019
19495,0.000574,74.125.130.0-255,7156,75084,64,276019
19496,0.000577,172.31.40.0-255,66,75150,64,276019
19497,0.000581,74.125.130.0-255,2902,78052,64,276019
19498,0.000583,172.31.40.0-255,66,78118,64,276019
19499,0.000606,74.125.130.0-255,5738,83856,64,276019
19500,0.000608,172.31.40.0-255,66,83922,64,276019
19501,0.000633,172.31.40.0-255,66,83988,64,276019
19502,0.000652,74.125.130.0-255,380,84368,64,276019
19503,0.001038,74.125.130.0-255,1484,85852,64,276019
19504,0.001043,172.31.40.0-255,66,85918,64,276019
19505,0.001049,74.125.130.0-255,2902,88820,64,276019
19506,0.001051,172.31.40.0-255,66,88886,64,276019
19507,0.001056,74.125.130.0-255,5738,94624,64,276019
19508,0.001058,172.31.40.0-255,66,94690,64,276019
19509,0.00112,74.125.130.0-255,5738,100428,64,276019
19510,0.001123,172.31.40.0-255,66,100494,64,276019
19511,0.001129,74.125.130.0-255,7156,107650,64,276019
19512,0.001131,172.31.40.0-255,66,107716,64,276019
19513,0.001143,172.31.40.0-255,66,107782,64,276019
19514,0.001259,74.125.130.0-255,1484,109266,64,276019
19515,0.001263,74.125.130.0-255,1484,110750,64,276019
19516,0.001266,172.31.40.0-255,66,110816,64,276019
19517,0.001291,74.125.130.0-255,1484,112300,64,276019
19518,0.001297,74.125.130.0-255,5738,118038,64,276019
19519,0.001299,172.31.40.0-255,66,118104,64,276019
19520,0.001328,74.125.130.0-255,1484,119588,64,276019
19521,0.001345,74.125.130.0-255,5738,125326,64,276019
19522,0.001347,172.31.40.0-255,66,125392,64,276019
19523,0.001375,74.125.130.0-255,5738,131130,64,276019
19524,0.001377,172.31.40.0-255,66,131196,64,276019
19525,0.001411,172.31.40.0-255,66,131262,64,276019
19526,0.001545,74.125.130.0-255,1484,132746,64,276019
19527,0.001558,74.125.130.0-255,2902,135648,64,276019
19528,0.001561,172.31.40.0-255,66,135714,64,276019
19529,0.001564,74.125.130.0-255,1484,137198,64,276019
19530,0.001594,74.125.130.0-255,4320,141518,64,276019
19531,0.001597,172.31.40.0-255,66,141584,64,276019
19532,0.001603,74.125.130.0-255,7156,148740,64,276019
19533,0.001605,172.31.40.0-255,66,148806,64,276019
19534,0.001654,172.31.40.0-255,66,148872,64,276019
19535,0.001681,74.125.130.0-255,3602,152474,64,276019
19536,0.001683,172.31.40.0-255,66,152540,64,276019
19537,0.001743,74.125.130.0-255,1484,154024,64,276019
19538,0.001759,74.125.130.0-255,2902,156926,64,276019
19539,0.001762,172.31.40.0-255,66,156992,64,276019
19540,0.001773,74.125.130.0-255,1484,158476,64,276019
19541,0.001796,74.125.130.0-255,2902,161378,64,276019
19542,0.001798,172.31.40.0-255,66,161444,64,276019
19543,0.001804,74.125.130.0-255,5738,167182,64,276019
19544,0.001805,172.31.40.0-255,66,167248,64,276019
19545,0.001832,74.125.130.0-255,7156,174404,64,276019
19546,0.001834,172.31.40.0-255,66,174470,64,276019
19547,0.001858,74.125.130.0-255,4320,178790,64,276019
19548,0.00186,172.31.40.0-255,66,178856,64,276019
19549,0.001865,74.125.130.0-255,2902,181758,64,276019
19550,0.001866,172.31.40.0-255,66,181824,64,276019
19551,0.001906,172.31.40.0-255,66,181890,64,276019
19552,0.001911,74.125.130.0-255,4320,186210,64,276019
19553,0.001912,172.31.40.0-255,66,186276,64,276019
19554,0.001936,74.125.130.0-255,4320,190596,64,276019
19555,0.001939,172.31.40.0-255,66,190662,64,276019
19556,0.001973,172.31.40.0-255,66,190728,64,276019
19557,0.001978,74.125.130.0-255,5738,196466,64,276019
19558,0.00198,172.31.40.0-255,66,196532,64,276019
19559,0.001982,74.125.130.0-255,766,197298,64,276019
19560,0.003039,172.31.40.0-255,66,197364,64,276019
19561,0.003995,74.125.130.0-255,4320,201684,64,276019
19562,0.004002,172.31.40.0-255,66,201750,64,276019
19563,0.005058,74.125.130.0-255,1484,203234,64,276019
19564,0.006016,74.125.130.0-255,4320,207554,64,276019
19565,0.00602,172.31.40.0-255,66,207620,64,276019
19566,0.008028,74.125.130.0-255,5738,213358,64,276019
19567,0.00803,172.31.40.0-255,66,213424,64,276019
19568,0.010044,74.125.130.0-255,5738,219162,64,276019
19569,0.01005,172.31.40.0-255,66,219228,64,276019
19570,0.012115,74.125.130.0-255,5738,224966,64,276019
19571,0.012123,172.31.40.0-255,66,225032,64,276019
19572,0.014144,74.125.130.0-255,5738,230770,64,276019
19573,0.014154,172.31.40.0-255,66,230836,64,276019
19574,0.016172,74.125.130.0-255,5738,236574,64,276019
19575,0.016179,172.31.40.0-255,66,236640,64,276019
19576,0.018194,74.125.130.0-255,5738,242378,64,276019
19577,0.0182,172.31.40.0-255,66,242444,64,276019
19578,0.020225,74.125.130.0-255,5738,248182,64,276019
19579,0.020231,172.31.40.0-255,66,248248,64,276019
19580,0.022268,74.125.130.0-255,5738,253986,64,276019
19581,0.022275,172.31.40.0-255,66,254052,64,276019
19582,0.024294,74.125.130.0-255,5738,259790,64,276019
19583,0.024302,172.31.40.0-255,66,259856,64,276019
19584,0.026306,74.125.130.0-255,2902,262758,64,276019
19585,0.026314,172.31.40.0-255,66,262824,64,276019
19586,0.026346,74.125.130.0-255,2902,265726,64,276019
19587,0.026349,172.31.40.0-255,66,265792,64,276019
19588,0.027734,172.31.40.0-255,171,265963,64,276019
19589,0.027761,172.31.40.0-255,1136,267099,64,276019
19590,0.02781,172.31.40.0-255,1514,268613,64,276019
19591,0.027811,172.31.40.0-255,1272,269885,64,276019
19592,0.028331,74.125.130.0-255,2902,272787,64,276019
19593,0.028337,172.31.40.0-255,66,272853,64,276019
19594,0.028367,74.125.130.0-255,2902,275755,64,276019
19595,0.02837,172.31.40.0-255,66,275821,64,276019
19596,0.029319,104.244.42.0-255,66,275887,64,276019
19597,0.029353,104.244.42.0-255,66,275953,64,276019
19598,0.029399,104.244.42.0-255,66,276019,64,276019
19599,0.0,172.217.194.0-255,152,152,64,208470
19600,1.8e-05,172.31.40.0-255,66,218,64,208470
19601,2.5e-05,172.217.194.0-255,1484,1702,64,208470
19602,2.9e-05,172.31.40.0-255,66,1768,64,208470
19603,3.4e-05,172.217.194.0-255,2902,4670,64,208470
19604,4.7e-05,172.31.40.0-255,66,4736,64,208470
19605,5.5e-05,172.217.194.0-255,7156,11892,64,208470
19606,5.8e-05,172.31.40.0-255,66,11958,64,208470
19607,6.2e-05,172.217.194.0-255,2030,13988,64,208470
19608,6.6e-05,172.31.40.0-255,66,14054,64,208470
19609,7e-05,172.217.194.0-255,2902,16956,64,208470
19610,7.3e-05,172.31.40.0-255,66,17022,64,208470
19611,0.000114,172.217.194.0-255,7156,24178,64,208470
19612,0.000117,172.31.40.0-255,66,24244,64,208470
19613,0.000125,172.217.194.0-255,6797,31041,64,208470
19614,0.000127,172.31.40.0-255,66,31107,64,208470
19615,0.000179,172.217.194.0-255,7156,38263,64,208470
19616,0.000182,172.31.40.0-255,66,38329,64,208470
19617,0.000187,172.217.194.0-255,4320,42649,64,208470
19618,0.000189,172.31.40.0-255,66,42715,64,208470
19619,0.000209,172.217.194.0-255,4320,47035,64,208470
19620,0.000216,172.31.40.0-255,66,47101,64,208470
19621,0.000219,172.217.194.0-255,1125,48226,64,208470
19622,0.000221,172.31.40.0-255,66,48292,64,208470
19623,0.000625,172.217.194.0-255,1484,49776,64,208470
19624,0.00063,172.31.40.0-255,66,49842,64,208470
19625,0.000637,172.217.194.0-255,2902,52744,64,208470
19626,0.00064,172.31.40.0-255,66,52810,64,208470
19627,0.000652,172.217.194.0-255,5738,58548,64,208470
19628,0.000654,172.31.40.0-255,66,58614,64,208470
19629,0.00066,172.217.194.0-255,4320,62934,64,208470
19630,0.000663,172.31.40.0-255,66,63000,64,208470
19631,0.000695,172.217.194.0-255,2543,65543,64,208470
19632,0.000698,172.31.40.0-255,66,65609,64,208470
19633,0.000721,172.217.194.0-255,1484,67093,64,208470
19634,0.000726,172.217.194.0-255,2902,69995,64,208470
19635,0.000729,172.31.40.0-255,66,70061,64,208470
19636,0.000732,172.217.194.0-255,1484,71545,64,208470
19637,0.00076,172.217.194.0-255,4320,75865,64,208470
19638,0.000763,172.31.40.0-255,66,75931,64,208470
19639,0.000768,172.217.194.0-255,4320,80251,64,208470
19640,0.000771,172.31.40.0-255,66,80317,64,208470
19641,0.000796,172.217.194.0-255,2543,82860,64,208470
19642,0.000803,172.217.194.0-255,7156,90016,64,208470
19643,0.000829,172.31.40.0-255,66,90082,64,208470
19644,0.000837,172.31.40.0-255,66,90148,64,208470
19645,0.000839,172.31.40.0-255,66,90214,64,208470
19646,0.000856,172.31.40.0-255,66,90280,64,208470
19647,0.000864,172.217.194.0-255,6783,97063,64,208470
19648,0.000866,172.31.40.0-255,66,97129,64,208470
19649,0.000914,172.217.194.0-255,4320,101449,64,208470
19650,0.000919,172.31.40.0-255,66,101515,64,208470
19651,0.000946,172.217.194.0-255,1484,102999,64,208470
19652,0.000954,172.217.194.0-255,7156,110155,64,208470
19653,0.000957,172.31.40.0-255,66,110221,64,208470
19654,0.000962,172.217.194.0-255,2902,113123,64,208470
19655,0.000964,172.31.40.0-255,66,113189,64,208470
19656,0.000997,172.31.40.0-255,66,113255,64,208470
19657,0.001004,172.217.194.0-255,6438,119693,64,208470
19658,0.001006,172.31.40.0-255,66,119759,64,208470
19659,0.001044,172.31.40.0-255,66,119825,64,208470
19660,0.001055,172.31.40.0-255,66,119891,64,208470
19661,0.00108,172.217.194.0-255,2902,122793,64,208470
19662,0.001086,172.31.40.0-255,66,122859,64,208470
19663,0.001101,172.31.40.0-255,66,122925,64,208470
19664,0.001126,172.217.194.0-255,2902,125827,64,208470
19665,0.001132,172.31.40.0-255,66,125893,64,208470
19666,0.001137,172.217.194.0-255,4320,130213,64,208470
19667,0.00114,172.31.40.0-255,66,130279,64,208470
19668,0.001163,172.217.194.0-255,2902,133181,64,208470
19669,0.001165,172.31.40.0-255,66,133247,64,208470
19670,0.001196,172.217.194.0-255,5738,138985,64,208470
19671,0.001203,172.31.40.0-255,66,139051,64,208470
19672,0.001211,172.217.194.0-255,7156,146207,64,208470
19673,0.001213,172.31.40.0-255,66,146273,64,208470
19674,0.001262,172.31.40.0-255,66,146339,64,208470
19675,0.001314,172.217.194.0-255,1484,147823,64,208470
19676,0.001318,172.217.194.0-255,2902,150725,64,208470
19677,0.001321,172.31.40.0-255,66,150791,64,208470
19678,0.001328,172.217.194.0-255,5738,156529,64,208470
19679,0.00133,172.31.40.0-255,66,156595,64,208470
19680,0.001363,172.31.40.0-255,66,156661,64,208470
19681,0.001402,172.31.40.0-255,66,156727,64,208470
19682,0.00148,172.217.194.0-255,1484,158211,64,208470
19683,0.001486,172.217.194.0-255,2902,161113,64,208470
19684,0.001489,172.31.40.0-255,66,161179,64,208470
19685,0.001493,172.217.194.0-255,1484,162663,64,208470
19686,0.001527,172.217.194.0-255,4320,166983,64,208470
19687,0.00153,172.31.40.0-255,66,167049,64,208470
19688,0.001544,172.31.40.0-255,66,167115,64,208470
19689,0.001559,172.31.40.0-255,66,167181,64,208470
19690,0.001586,172.217.194.0-255,5738,172919,64,208470
19691,0.001589,172.31.40.0-255,66,172985,64,208470
19692,0.001638,172.31.40.0-255,66,173051,64,208470
19693,0.001652,172.31.40.0-255,66,173117,64,208470
19694,0.001659,172.217.194.0-255,7156,180273,64,208470
19695,0.001662,172.31.40.0-255,66,180339,64,208470
19696,0.001673,172.31.40.0-255,66,180405,64,208470
19697,0.001713,172.31.40.0-255,66,180471,64,208470
19698,0.001716,172.217.194.0-255,766,181237,64,208470
19699,0.001819,172.217.194.0-255,1484,182721,64,208470
19700,0.001823,172.31.40.0-255,66,182787,64,208470
19701,0.001828,172.217.194.0-255,2902,185689,64,208470
19702,0.00183,172.31.40.0-255,66,185755,64,208470
19703,0.001833,172.217.194.0-255,1484,187239,64,208470
19704,0.00185,172.217.194.0-255,4320,191559,64,208470
19705,0.001852,172.31.40.0-255,66,191625,64,208470
19706,0.001863,172.217.194.0-255,7156,198781,64,208470
19707,0.001866,172.31.40.0-255,66,198847,64,208470
19708,0.001886,172.217.194.0-255,1484,200331,64,208470
19709,0.001919,172.217.194.0-255,5738,206069,64,208470
19710,0.001922,172.31.40.0-255,66,206135,64,208470
19711,0.001958,172.31.40.0-255,66,206201,64,208470
19712,0.001961,172.217.194.0-255,1484,207685,64,208470
19713,0.001997,172.31.40.0-255,66,207751,64,208470
19714,0.002015,172.31.40.0-255,66,207817,64,208470
19715,0.002018,172.217.194.0-255,194,208011,64,208470
19716,0.002076,172.217.194.0-255,105,208116,64,208470
19717,0.011266,172.217.194.0-255,105,208221,64,208470
19718,0.011289,172.31.40.0-255,78,208299,64,208470
19719,0.01463,172.31.40.0-255,105,208404,64,208470
19720,0.016882,172.217.194.0-255,66,208470,64,208470
19721,0.0,172.217.24.0-255,154,154,64,310748
19722,1.4e-05,172.31.40.0-255,66,220,64,310748
19723,5.5e-05,172.217.24.0-255,1484,1704,64,310748
19724,5.9e-05,172.31.40.0-255,66,1770,64,310748
19725,6.4e-05,172.217.24.0-255,2902,4672,64,310748
19726,6.6e-05,172.31.40.0-255,66,4738,64,310748
19727,7.2e-05,172.217.24.0-255,5738,10476,64,310748
19728,7.5e-05,172.31.40.0-255,66,10542,64,310748
19729,8.4e-05,172.217.24.0-255,3410,13952,64,310748
19730,8.7e-05,172.31.40.0-255,66,14018,64,310748
19731,0.000149,172.217.24.0-255,1484,15502,64,310748
19732,0.000153,172.31.40.0-255,66,15568,64,310748
19733,0.000157,172.217.24.0-255,2902,18470,64,310748
19734,0.000159,172.31.40.0-255,66,18536,64,310748
19735,0.000165,172.217.24.0-255,5738,24274,64,310748
19736,0.000167,172.31.40.0-255,66,24340,64,310748
19737,0.000179,172.217.24.0-255,6797,31137,64,310748
19738,0.00018,172.31.40.0-255,66,31203,64,310748
19739,0.000294,172.217.24.0-255,1484,32687,64,310748
19740,0.000297,172.31.40.0-255,66,32753,64,310748
19741,0.000313,172.217.24.0-255,2902,35655,64,310748
19742,0.000319,172.31.40.0-255,66,35721,64,310748
19743,0.000326,172.217.24.0-255,4320,40041,64,310748
19744,0.000329,172.31.40.0-255,66,40107,64,310748
19745,0.000375,172.217.24.0-255,2902,43009,64,310748
19746,0.000377,172.31.40.0-255,66,43075,64,310748
19747,0.000399,172.217.24.0-255,6797,49872,64,310748
19748,0.000402,172.31.40.0-255,66,49938,64,310748
19749,0.000407,172.217.24.0-255,4320,54258,64,310748
19750,0.000409,172.31.40.0-255,66,54324,64,310748
19751,0.000445,172.217.24.0-255,5738,60062,64,310748
19752,0.000448,172.31.40.0-255,66,60128,64,310748
19753,0.000452,172.217.24.0-255,2902,63030,64,310748
19754,0.000454,172.31.40.0-255,66,63096,64,310748
19755,0.000475,172.217.24.0-255,2870,65966,64,310748
19756,0.000478,172.31.40.0-255,66,66032,64,310748
19757,0.001082,172.217.24.0-255,115,66147,64,310748
19758,0.001086,172.217.24.0-255,332,66479,64,310748
19759,0.001149,172.31.40.0-255,66,66545,64,310748
19760,0.001391,172.217.24.0-255,1484,68029,64,310748
19761,0.001401,172.217.24.0-255,2902,70931,64,310748
19762,0.001405,172.31.40.0-255,66,70997,64,310748
19763,0.001412,172.217.24.0-255,4320,75317,64,310748
19764,0.001414,172.31.40.0-255,66,75383,64,310748
19765,0.00145,172.217.24.0-255,1484,76867,64,310748
19766,0.001456,172.217.24.0-255,5738,82605,64,310748
19767,0.001459,172.31.40.0-255,66,82671,64,310748
19768,0.001467,172.217.24.0-255,7156,89827,64,310748
19769,0.001469,172.31.40.0-255,66,89893,64,310748
19770,0.001481,172.217.24.0-255,5738,95631,64,310748
19771,0.001483,172.31.40.0-255,66,95697,64,310748
19772,0.001515,172.217.24.0-255,5020,100717,64,310748
19773,0.001517,172.31.40.0-255,66,100783,64,310748
19774,0.002416,172.217.24.0-255,1484,102267,64,310748
19775,0.002423,172.217.24.0-255,2902,105169,64,310748
19776,0.002427,172.31.40.0-255,66,105235,64,310748
19777,0.002456,172.217.24.0-255,1484,106719,64,310748
19778,0.002504,172.217.24.0-255,2902,109621,64,310748
19779,0.002507,172.31.40.0-255,66,109687,64,310748
19780,0.002513,172.217.24.0-255,5738,115425,64,310748
19781,0.002514,172.31.40.0-255,66,115491,64,310748
19782,0.002525,172.217.24.0-255,7156,122647,64,310748
19783,0.002528,172.31.40.0-255,66,122713,64,310748
19784,0.002537,172.31.40.0-255,66,122779,64,310748
19785,0.002542,172.217.24.0-255,3602,126381,64,310748
19786,0.002547,172.31.40.0-255,66,126447,64,310748
19787,0.002577,172.217.24.0-255,2902,129349,64,310748
19788,0.00258,172.31.40.0-255,66,129415,64,310748
19789,0.002598,172.217.24.0-255,1484,130899,64,310748
19790,0.002603,172.217.24.0-255,2902,133801,64,310748
19791,0.002605,172.31.40.0-255,66,133867,64,310748
19792,0.00261,172.217.24.0-255,4320,138187,64,310748
19793,0.002612,172.31.40.0-255,66,138253,64,310748
19794,0.002616,172.217.24.0-255,4320,142573,64,310748
19795,0.002618,172.31.40.0-255,66,142639,64,310748
19796,0.002649,172.217.24.0-255,4320,146959,64,310748
19797,0.002651,172.31.40.0-255,66,147025,64,310748
19798,0.002666,172.31.40.0-255,66,147091,64,310748
19799,0.002685,172.217.24.0-255,766,147857,64,310748
19800,0.002817,172.217.24.0-255,1484,149341,64,310748
19801,0.002818,172.31.40.0-255,66,149407,64,310748
19802,0.002822,172.217.24.0-255,1484,150891,64,310748
19803,0.00284,172.217.24.0-255,1484,152375,64,310748
19804,0.002842,172.31.40.0-255,66,152441,64,310748
19805,0.002848,172.217.24.0-255,5738,158179,64,310748
19806,0.002851,172.31.40.0-255,66,158245,64,310748
19807,0.00286,172.217.24.0-255,5738,163983,64,310748
19808,0.002862,172.31.40.0-255,66,164049,64,310748
19809,0.002892,172.217.24.0-255,1484,165533,64,310748
19810,0.002905,172.31.40.0-255,66,165599,64,310748
19811,0.002908,172.217.24.0-255,2184,167783,64,310748
19812,0.00291,172.31.40.0-255,66,167849,64,310748
19813,0.003104,172.217.24.0-255,1484,169333,64,310748
19814,0.003123,172.217.24.0-255,1484,170817,64,310748
19815,0.003126,172.31.40.0-255,66,170883,64,310748
19816,0.00315,172.217.24.0-255,1484,172367,64,310748
19817,0.003156,172.217.24.0-255,5738,178105,64,310748
19818,0.003159,172.31.40.0-255,66,178171,64,310748
19819,0.003189,172.31.40.0-255,66,178237,64,310748
19820,0.003195,172.217.24.0-255,5738,183975,64,310748
19821,0.003198,172.31.40.0-255,66,184041,64,310748
19822,0.003233,172.217.24.0-255,6438,190479,64,310748
19823,0.003236,172.31.40.0-255,66,190545,64,310748
19824,0.003397,172.217.24.0-255,1484,192029,64,310748
19825,0.003403,172.217.24.0-255,2902,194931,64,310748
19826,0.003406,172.31.40.0-255,66,194997,64,310748
19827,0.003434,172.217.24.0-255,5738,200735,64,310748
19828,0.003437,172.31.40.0-255,66,200801,64,310748
19829,0.003465,172.217.24.0-255,5738,206539,64,310748
19830,0.003468,172.31.40.0-255,66,206605,64,310748
19831,0.003501,172.217.24.0-255,7156,213761,64,310748
19832,0.003505,172.31.40.0-255,66,213827,64,310748
19833,0.003508,172.217.24.0-255,1484,215311,64,310748
19834,0.003512,172.217.24.0-255,2902,218213,64,310748
19835,0.003514,172.31.40.0-255,66,218279,64,310748
19836,0.003526,172.217.24.0-255,6438,224717,64,310748
19837,0.003529,172.31.40.0-255,66,224783,64,310748
19838,0.003765,172.217.24.0-255,1484,226267,64,310748
19839,0.003771,172.217.24.0-255,2902,229169,64,310748
19840,0.003775,172.31.40.0-255,66,229235,64,310748
19841,0.003779,172.217.24.0-255,2902,232137,64,310748
19842,0.003782,172.31.40.0-255,66,232203,64,310748
19843,0.003816,172.217.24.0-255,2902,235105,64,310748
19844,0.003818,172.31.40.0-255,66,235171,64,310748
19845,0.003837,172.31.40.0-255,66,235237,64,310748
19846,0.003921,172.31.40.0-255,66,235303,64,310748
19847,0.003924,172.217.24.0-255,1484,236787,64,310748
19848,0.003956,172.217.24.0-255,1484,238271,64,310748
19849,0.003959,172.31.40.0-255,66,238337,64,310748
19850,0.003988,172.217.24.0-255,2902,241239,64,310748
19851,0.00399,172.31.40.0-255,66,241305,64,310748
19852,0.003996,172.217.24.0-255,5738,247043,64,310748
19853,0.003999,172.31.40.0-255,66,247109,64,310748
19854,0.004005,172.217.24.0-255,4320,251429,64,310748
19855,0.004007,172.31.40.0-255,66,251495,64,310748
19856,0.004052,172.31.40.0-255,66,251561,64,310748
19857,0.004057,172.217.24.0-255,4320,255881,64,310748
19858,0.00406,172.31.40.0-255,66,255947,64,310748
19859,0.004064,172.217.24.0-255,4320,260267,64,310748
19860,0.004067,172.31.40.0-255,66,260333,64,310748
19861,0.004069,172.217.24.0-255,766,261099,64,310748
19862,0.004154,172.217.24.0-255,1484,262583,64,310748
19863,0.004158,172.31.40.0-255,66,262649,64,310748
19864,0.004164,172.217.24.0-255,2902,265551,64,310748
19865,0.004167,172.31.40.0-255,66,265617,64,310748
19866,0.004198,172.217.24.0-255,5738,271355,64,310748
19867,0.004201,172.31.40.0-255,66,271421,64,310748
19868,0.004208,172.217.24.0-255,5738,277159,64,310748
19869,0.004211,172.31.40.0-255,66,277225,64,310748
19870,0.004237,172.217.24.0-255,7156,284381,64,310748
19871,0.00424,172.31.40.0-255,66,284447,64,310748
19872,0.004253,172.31.40.0-255,66,284513,64,310748
19873,0.004286,172.217.24.0-255,1484,285997,64,310748
19874,0.004294,172.217.24.0-255,1484,287481,64,310748
19875,0.004296,172.31.40.0-255,66,287547,64,310748
19876,0.004328,172.217.24.0-255,1484,289031,64,310748
19877,0.004335,172.217.24.0-255,5738,294769,64,310748
19878,0.004338,172.31.40.0-255,66,294835,64,310748
19879,0.004345,172.217.24.0-255,7156,301991,64,310748
19880,0.004347,172.31.40.0-255,66,302057,64,310748
19881,0.004362,172.31.40.0-255,66,302123,64,310748
19882,0.004364,172.217.24.0-255,1484,303607,64,310748
19883,0.004367,172.217.24.0-255,1484,305091,64,310748
19884,0.004369,172.31.40.0-255,66,305157,64,310748
19885,0.004402,172.217.24.0-255,5020,310177,64,310748
19886,0.004405,172.31.40.0-255,66,310243,64,310748
19887,0.004415,172.31.40.0-255,66,310309,64,310748
19888,0.004422,172.217.24.0-255,97,310406,64,310748
19889,0.004463,172.217.24.0-255,105,310511,64,310748
19890,0.006737,172.31.40.0-255,66,310577,64,310748
19891,0.006769,172.31.40.0-255,105,310682,64,310748
19892,0.008666,172.217.24.0-255,66,310748,64,310748
19893,0.0,172.217.194.0-255,147,147,64,103246
19894,2.4e-05,172.31.40.0-255,66,213,64,103246
19895,3.1e-05,172.217.194.0-255,1484,1697,64,103246
19896,3.6e-05,172.31.40.0-255,66,1763,64,103246
19897,4.3e-05,172.217.194.0-255,2902,4665,64,103246
19898,4.7e-05,172.31.40.0-255,66,4731,64,103246
19899,5.2e-05,172.217.194.0-255,2902,7633,64,103246
19900,5.5e-05,172.31.40.0-255,66,7699,64,103246
19901,6.2e-05,172.217.194.0-255,4320,12019,64,103246
19902,6.5e-05,172.31.40.0-255,66,12085,64,103246
19903,0.000101,172.31.40.0-255,66,12151,64,103246
19904,0.000112,172.31.40.0-255,66,12217,64,103246
19905,0.000157,172.217.194.0-255,7156,19373,64,103246
19906,0.00016,172.31.40.0-255,66,19439,64,103246
19907,0.000182,172.217.194.0-255,4320,23759,64,103246
19908,0.000184,172.31.40.0-255,66,23825,64,103246
19909,0.00019,172.217.194.0-255,5020,28845,64,103246
19910,0.000192,172.31.40.0-255,66,28911,64,103246
19911,0.003231,172.217.194.0-255,1484,30395,64,103246
19912,0.003248,172.31.40.0-255,66,30461,64,103246
19913,0.003262,172.217.194.0-255,2902,33363,64,103246
19914,0.003264,172.31.40.0-255,66,33429,64,103246
19915,0.003268,172.217.194.0-255,1484,34913,64,103246
19916,0.00327,172.31.40.0-255,66,34979,64,103246
19917,0.005602,172.217.194.0-255,2902,37881,64,103246
19918,0.005607,172.31.40.0-255,66,37947,64,103246
19919,0.005624,172.217.194.0-255,2902,40849,64,103246
19920,0.005626,172.31.40.0-255,66,40915,64,103246
19921,0.007928,172.217.194.0-255,5738,46653,64,103246
19922,0.007944,172.31.40.0-255,66,46719,64,103246
19923,0.010282,172.217.194.0-255,5738,52457,64,103246
19924,0.010301,172.31.40.0-255,66,52523,64,103246
19925,0.01265,172.217.194.0-255,5738,58261,64,103246
19926,0.01267,172.31.40.0-255,66,58327,64,103246
19927,0.01499,172.217.194.0-255,5738,64065,64,103246
19928,0.015007,172.31.40.0-255,66,64131,64,103246
19929,0.017369,172.217.194.0-255,5738,69869,64,103246
19930,0.017383,172.31.40.0-255,66,69935,64,103246
19931,0.019724,172.217.194.0-255,5738,75673,64,103246
19932,0.019742,172.31.40.0-255,66,75739,64,103246
19933,0.022093,172.217.194.0-255,5738,81477,64,103246
19934,0.02211,172.31.40.0-255,66,81543,64,103246
19935,0.024429,172.217.194.0-255,5738,87281,64,103246
19936,0.024438,172.31.40.0-255,66,87347,64,103246
19937,0.025192,172.31.40.0-255,171,87518,64,103246
19938,0.025224,172.31.40.0-255,1136,88654,64,103246
19939,0.025286,172.31.40.0-255,1514,90168,64,103246
19940,0.025288,172.31.40.0-255,1272,91440,64,103246
19941,0.026746,172.217.194.0-255,5738,97178,64,103246
19942,0.02676,172.31.40.0-255,66,97244,64,103246
19943,0.026781,104.244.42.0-255,66,97310,64,103246
19944,0.02679,104.244.42.0-255,66,97376,64,103246
19945,0.026837,104.244.42.0-255,66,97442,64,103246
19946,0.029106,172.217.194.0-255,5738,103180,64,103246
19947,0.029119,172.31.40.0-255,66,103246,64,103246
19948,0.0,74.125.68.0-255,146,146,64,232119
19949,2.3e-05,172.31.40.0-255,66,212,64,232119
19950,3.2e-05,74.125.68.0-255,1484,1696,64,232119
19951,3.6e-05,172.31.40.0-255,66,1762,64,232119
19952,5e-05,74.125.68.0-255,2902,4664,64,232119
19953,6.8e-05,172.31.40.0-255,66,4730,64,232119
19954,7.6e-05,74.125.68.0-255,7156,11886,64,232119
19955,7.8e-05,172.31.40.0-255,66,11952,64,232119
19956,8.3e-05,74.125.68.0-255,2031,13983,64,232119
19957,8.6e-05,172.31.40.0-255,66,14049,64,232119
19958,0.000191,74.125.68.0-255,1484,15533,64,232119
19959,0.000195,172.31.40.0-255,66,15599,64,232119
19960,0.000199,74.125.68.0-255,1484,17083,64,232119
19961,0.000201,172.31.40.0-255,66,17149,64,232119
19962,0.00022,74.125.68.0-255,1484,18633,64,232119
19963,0.000222,172.31.40.0-255,66,18699,64,232119
19964,0.000229,74.125.68.0-255,5738,24437,64,232119
19965,0.000231,172.31.40.0-255,66,24503,64,232119
19966,0.000268,74.125.68.0-255,6797,31300,64,232119
19967,0.00027,172.31.40.0-255,66,31366,64,232119
19968,0.000335,74.125.68.0-255,1484,32850,64,232119
19969,0.000339,172.31.40.0-255,66,32916,64,232119
19970,0.000365,74.125.68.0-255,2902,35818,64,232119
19971,0.000368,172.31.40.0-255,66,35884,64,232119
19972,0.000375,74.125.68.0-255,5738,41622,64,232119
19973,0.000377,172.31.40.0-255,66,41688,64,232119
19974,0.000382,74.125.68.0-255,2902,44590,64,232119
19975,0.000389,172.31.40.0-255,66,44656,64,232119
19976,0.000429,74.125.68.0-255,3961,48617,64,232119
19977,0.000431,172.31.40.0-255,66,48683,64,232119
19978,0.000494,74.125.68.0-255,1484,50167,64,232119
19979,0.000497,172.31.40.0-255,66,50233,64,232119
19980,0.0005,74.125.68.0-255,1484,51717,64,232119
19981,0.00052,74.125.68.0-255,1484,53201,64,232119
19982,0.000523,172.31.40.0-255,66,53267,64,232119
19983,0.00053,74.125.68.0-255,5738,59005,64,232119
19984,0.000532,172.31.40.0-255,66,59071,64,232119
19985,0.000536,74.125.68.0-255,2902,61973,64,232119
19986,0.000538,172.31.40.0-255,66,62039,64,232119
19987,0.00058,74.125.68.0-255,1484,63523,64,232119
19988,0.000598,74.125.68.0-255,2888,66411,64,232119
19989,0.000601,172.31.40.0-255,66,66477,64,232119
19990,0.000604,74.125.68.0-255,332,66809,64,232119
19991,0.000889,74.125.68.0-255,1484,68293,64,232119
19992,0.000894,172.31.40.0-255,66,68359,64,232119
19993,0.0009,74.125.68.0-255,2902,71261,64,232119
19994,0.000902,172.31.40.0-255,66,71327,64,232119
19995,0.000925,74.125.68.0-255,5738,77065,64,232119
19996,0.000928,172.31.40.0-255,66,77131,64,232119
19997,0.000955,74.125.68.0-255,6797,83928,64,232119
19998,0.000958,172.31.40.0-255,66,83994,64,232119
19999,0.000988,74.125.68.0-255,1484,85478,64,232119
20000,0.001009,74.125.68.0-255,2902,88380,64,232119
20001,0.001012,172.31.40.0-255,66,88446,64,232119
20002,0.001019,74.125.68.0-255,5738,94184,64,232119
20003,0.001021,172.31.40.0-255,66,94250,64,232119
20004,0.001058,74.125.68.0-255,6797,101047,64,232119
20005,0.001062,172.31.40.0-255,66,101113,64,232119
20006,0.001762,74.125.68.0-255,1484,102597,64,232119
20007,0.001772,74.125.68.0-255,2902,105499,64,232119
20008,0.001776,172.31.40.0-255,66,105565,64,232119
20009,0.001811,74.125.68.0-255,5738,111303,64,232119
20010,0.001814,172.31.40.0-255,66,111369,64,232119
20011,0.00182,74.125.68.0-255,4320,115689,64,232119
20012,0.001822,172.31.40.0-255,66,115755,64,232119
20013,0.001828,74.125.68.0-255,5738,121493,64,232119
20014,0.001831,172.31.40.0-255,66,121559,64,232119
20015,0.001869,172.31.40.0-255,66,121625,64,232119
20016,0.001892,74.125.68.0-255,2184,123809,64,232119
20017,0.001894,172.31.40.0-255,66,123875,64,232119
20018,0.002098,74.125.68.0-255,1484,125359,64,232119
20019,0.002119,74.125.68.0-255,2902,128261,64,232119
20020,0.002123,172.31.40.0-255,66,128327,64,232119
20021,0.002131,74.125.68.0-255,5738,134065,64,232119
20022,0.002133,172.31.40.0-255,66,134131,64,232119
20023,0.002164,74.125.68.0-255,2902,137033,64,232119
20024,0.002167,172.31.40.0-255,66,137099,64,232119
20025,0.002172,74.125.68.0-255,4320,141419,64,232119
20026,0.002174,172.31.40.0-255,66,141485,64,232119
20027,0.00218,74.125.68.0-255,4320,145805,64,232119
20028,0.002182,172.31.40.0-255,66,145871,64,232119
20029,0.002219,74.125.68.0-255,4320,150191,64,232119
20030,0.002222,172.31.40.0-255,66,150257,64,232119
20031,0.002227,74.125.68.0-255,4320,154577,64,232119
20032,0.002229,172.31.40.0-255,66,154643,64,232119
20033,0.002254,74.125.68.0-255,3602,158245,64,232119
20034,0.002257,172.31.40.0-255,66,158311,64,232119
20035,0.004501,74.125.68.0-255,1484,159795,64,232119
20036,0.004536,74.125.68.0-255,4320,164115,64,232119
20037,0.004541,172.31.40.0-255,66,164181,64,232119
20038,0.006829,74.125.68.0-255,5738,169919,64,232119
20039,0.006833,172.31.40.0-255,66,169985,64,232119
20040,0.009112,74.125.68.0-255,5738,175723,64,232119
20041,0.009119,172.31.40.0-255,66,175789,64,232119
20042,0.011421,74.125.68.0-255,5738,181527,64,232119
20043,0.011431,172.31.40.0-255,66,181593,64,232119
20044,0.013722,74.125.68.0-255,5738,187331,64,232119
20045,0.013732,172.31.40.0-255,66,187397,64,232119
20046,0.016015,74.125.68.0-255,5738,193135,64,232119
20047,0.016024,172.31.40.0-255,66,193201,64,232119
20048,0.018309,74.125.68.0-255,5738,198939,64,232119
20049,0.018318,172.31.40.0-255,66,199005,64,232119
20050,0.020608,74.125.68.0-255,5738,204743,64,232119
20051,0.020617,172.31.40.0-255,66,204809,64,232119
20052,0.022908,74.125.68.0-255,5738,210547,64,232119
20053,0.022915,172.31.40.0-255,66,210613,64,232119
20054,0.025203,74.125.68.0-255,5738,216351,64,232119
20055,0.025227,172.31.40.0-255,66,216417,64,232119
20056,0.027547,74.125.68.0-255,5738,222155,64,232119
20057,0.027554,172.31.40.0-255,66,222221,64,232119
20058,0.029562,172.31.40.0-255,172,222393,64,232119
20059,0.029595,172.31.40.0-255,1112,223505,64,232119
20060,0.02965,172.31.40.0-255,1514,225019,64,232119
20061,0.029652,172.31.40.0-255,1296,226315,64,232119
20062,0.029839,74.125.68.0-255,5738,232053,64,232119
20063,0.029845,172.31.40.0-255,66,232119,64,232119
20064,0.0,172.31.40.0-255,105,105,64,459
20065,0.000247,172.31.40.0-255,90,195,64,459
20066,0.000258,172.31.40.0-255,66,261,64,459
20067,0.002604,74.125.68.0-255,66,327,64,459
20068,0.002636,74.125.68.0-255,66,393,64,459
20069,0.00266,172.31.40.0-255,66,459,64,459
20070,0.0,74.125.24.0-255,153,153,64,203107
20071,2.4e-05,172.31.40.0-255,66,219,64,203107
20072,3.2e-05,74.125.24.0-255,1484,1703,64,203107
20073,3.7e-05,172.31.40.0-255,66,1769,64,203107
20074,4.4e-05,74.125.24.0-255,2902,4671,64,203107
20075,4.6e-05,172.31.40.0-255,66,4737,64,203107
20076,5.5e-05,74.125.24.0-255,7156,11893,64,203107
20077,5.8e-05,172.31.40.0-255,66,11959,64,203107
20078,8.1e-05,74.125.24.0-255,2158,14117,64,203107
20079,8.5e-05,172.31.40.0-255,66,14183,64,203107
20080,0.00011,74.125.24.0-255,7156,21339,64,203107
20081,0.000114,172.31.40.0-255,66,21405,64,203107
20082,0.000134,74.125.24.0-255,4320,25725,64,203107
20083,0.000136,172.31.40.0-255,66,25791,64,203107
20084,0.000222,74.125.24.0-255,2902,28693,64,203107
20085,0.000226,172.31.40.0-255,66,28759,64,203107
20086,0.00024,74.125.24.0-255,2543,31302,64,203107
20087,0.000243,172.31.40.0-255,66,31368,64,203107
20088,0.000295,74.125.24.0-255,1484,32852,64,203107
20089,0.000297,172.31.40.0-255,66,32918,64,203107
20090,0.000302,74.125.24.0-255,2902,35820,64,203107
20091,0.000304,172.31.40.0-255,66,35886,64,203107
20092,0.000327,74.125.24.0-255,2902,38788,64,203107
20093,0.000329,172.31.40.0-255,66,38854,64,203107
20094,0.000351,74.125.24.0-255,2902,41756,64,203107
20095,0.000354,172.31.40.0-255,66,41822,64,203107
20096,0.000389,74.125.24.0-255,4320,46142,64,203107
20097,0.000392,172.31.40.0-255,66,46208,64,203107
20098,0.000419,172.31.40.0-255,66,46274,64,203107
20099,0.000548,172.31.40.0-255,66,46340,64,203107
20100,0.000651,74.125.24.0-255,352,46692,64,203107
20101,0.001065,74.125.24.0-255,1484,48176,64,203107
20102,0.00107,172.31.40.0-255,66,48242,64,203107
20103,0.001075,74.125.24.0-255,2902,51144,64,203107
20104,0.001077,172.31.40.0-255,66,51210,64,203107
20105,0.0011,74.125.24.0-255,5738,56948,64,203107
20106,0.001102,172.31.40.0-255,66,57014,64,203107
20107,0.001136,74.125.24.0-255,2902,59916,64,203107
20108,0.001139,172.31.40.0-255,66,59982,64,203107
20109,0.00117,172.31.40.0-255,66,60048,64,203107
20110,0.001286,74.125.24.0-255,5738,65786,64,203107
20111,0.00129,172.31.40.0-255,66,65852,64,203107
20112,0.001305,74.125.24.0-255,5020,70872,64,203107
20113,0.001308,172.31.40.0-255,66,70938,64,203107
20114,0.00173,74.125.24.0-255,1484,72422,64,203107
20115,0.001741,74.125.24.0-255,2902,75324,64,203107
20116,0.001746,172.31.40.0-255,66,75390,64,203107
20117,0.001751,74.125.24.0-255,1484,76874,64,203107
20118,0.001769,74.125.24.0-255,4320,81194,64,203107
20119,0.001771,172.31.40.0-255,66,81260,64,203107
20120,0.001812,74.125.24.0-255,5738,86998,64,203107
20121,0.001815,172.31.40.0-255,66,87064,64,203107
20122,0.001832,74.125.24.0-255,1484,88548,64,203107
20123,0.001901,172.31.40.0-255,66,88614,64,203107
20124,0.001911,74.125.24.0-255,1484,90098,64,203107
20125,0.002011,74.125.24.0-255,2902,93000,64,203107
20126,0.002015,172.31.40.0-255,66,93066,64,203107
20127,0.002033,74.125.24.0-255,2184,95250,64,203107
20128,0.002035,172.31.40.0-255,66,95316,64,203107
20129,0.002206,74.125.24.0-255,1484,96800,64,203107
20130,0.002213,74.125.24.0-255,2902,99702,64,203107
20131,0.002217,172.31.40.0-255,66,99768,64,203107
20132,0.00224,74.125.24.0-255,5738,105506,64,203107
20133,0.002243,172.31.40.0-255,66,105572,64,203107
20134,0.002294,74.125.24.0-255,2902,108474,64,203107
20135,0.002297,172.31.40.0-255,66,108540,64,203107
20136,0.002326,74.125.24.0-255,4320,112860,64,203107
20137,0.002329,172.31.40.0-255,66,112926,64,203107
20138,0.002344,74.125.24.0-255,5738,118664,64,203107
20139,0.002347,172.31.40.0-255,66,118730,64,203107
20140,0.002424,74.125.24.0-255,1484,120214,64,203107
20141,0.002449,74.125.24.0-255,4320,124534,64,203107
20142,0.002452,172.31.40.0-255,66,124600,64,203107
20143,0.002489,74.125.24.0-255,1484,126084,64,203107
20144,0.002504,74.125.24.0-255,1484,127568,64,203107
20145,0.002507,172.31.40.0-255,66,127634,64,203107
20146,0.002511,74.125.24.0-255,1484,129118,64,203107
20147,0.002523,74.125.24.0-255,766,129884,64,203107
20148,0.002526,172.31.40.0-255,66,129950,64,203107
20149,0.002648,74.125.24.0-255,1484,131434,64,203107
20150,0.002669,74.125.24.0-255,1484,132918,64,203107
20151,0.002674,172.31.40.0-255,66,132984,64,203107
20152,0.002681,74.125.24.0-255,4320,137304,64,203107
20153,0.002683,172.31.40.0-255,66,137370,64,203107
20154,0.002748,74.125.24.0-255,2902,140272,64,203107
20155,0.00275,172.31.40.0-255,66,140338,64,203107
20156,0.002756,74.125.24.0-255,4320,144658,64,203107
20157,0.002759,172.31.40.0-255,66,144724,64,203107
20158,0.002804,172.31.40.0-255,66,144790,64,203107
20159,0.002882,74.125.24.0-255,2902,147692,64,203107
20160,0.002885,172.31.40.0-255,66,147758,64,203107
20161,0.002902,74.125.24.0-255,1484,149242,64,203107
20162,0.002962,74.125.24.0-255,6438,155680,64,203107
20163,0.002965,172.31.40.0-255,66,155746,64,203107
20164,0.002989,74.125.24.0-255,1484,157230,64,203107
20165,0.003004,74.125.24.0-255,5738,162968,64,203107
20166,0.003007,172.31.40.0-255,66,163034,64,203107
20167,0.003073,74.125.24.0-255,2902,165936,64,203107
20168,0.003076,172.31.40.0-255,66,166002,64,203107
20169,0.0031,74.125.24.0-255,5738,171740,64,203107
20170,0.003103,172.31.40.0-255,66,171806,64,203107
20171,0.003167,74.125.24.0-255,1484,173290,64,203107
20172,0.003208,172.31.40.0-255,66,173356,64,203107
20173,0.003348,74.125.24.0-255,766,174122,64,203107
20174,0.003363,74.125.24.0-255,2902,177024,64,203107
20175,0.003366,172.31.40.0-255,66,177090,64,203107
20176,0.003387,74.125.24.0-255,4320,181410,64,203107
20177,0.003389,172.31.40.0-255,66,181476,64,203107
20178,0.003426,74.125.24.0-255,2902,184378,64,203107
20179,0.003429,172.31.40.0-255,66,184444,64,203107
20180,0.003463,172.31.40.0-255,66,184510,64,203107
20181,0.003488,172.31.40.0-255,66,184576,64,203107
20182,0.003728,172.31.40.0-255,66,184642,64,203107
20183,0.00377,172.31.40.0-255,66,184708,64,203107
20184,0.004113,74.125.24.0-255,5738,190446,64,203107
20185,0.004118,172.31.40.0-255,66,190512,64,203107
20186,0.00416,172.31.40.0-255,66,190578,64,203107
20187,0.004174,74.125.24.0-255,2184,192762,64,203107
20188,0.004176,172.31.40.0-255,66,192828,64,203107
20189,0.004429,74.125.24.0-255,4320,197148,64,203107
20190,0.004434,172.31.40.0-255,66,197214,64,203107
20191,0.004508,172.31.40.0-255,66,197280,64,203107
20192,0.004551,172.31.40.0-255,66,197346,64,203107
20193,0.00513,74.125.24.0-255,5524,202870,64,203107
20194,0.005136,172.31.40.0-255,66,202936,64,203107
20195,0.016159,172.31.40.0-255,105,203041,64,203107
20196,0.018481,74.125.24.0-255,66,203107,64,203107
20197,0.0,172.217.194.0-255,153,153,64,188302
20198,1.6e-05,172.31.40.0-255,66,219,64,188302
20199,2.2e-05,172.217.194.0-255,1484,1703,64,188302
20200,2.6e-05,172.31.40.0-255,66,1769,64,188302
20201,3.8e-05,172.217.194.0-255,2902,4671,64,188302
20202,4.2e-05,172.31.40.0-255,66,4737,64,188302
20203,8.6e-05,172.217.194.0-255,7156,11893,64,188302
20204,9e-05,172.31.40.0-255,66,11959,64,188302
20205,9.4e-05,172.217.194.0-255,2021,13980,64,188302
20206,9.7e-05,172.31.40.0-255,66,14046,64,188302
20207,0.000135,172.31.40.0-255,66,14112,64,188302
20208,0.000166,172.217.194.0-255,2902,17014,64,188302
20209,0.000168,172.31.40.0-255,66,17080,64,188302
20210,0.00018,172.31.40.0-255,66,17146,64,188302
20211,0.000199,172.31.40.0-255,66,17212,64,188302
20212,0.000205,172.217.194.0-255,4320,21532,64,188302
20213,0.000208,172.31.40.0-255,66,21598,64,188302
20214,0.000251,172.31.40.0-255,66,21664,64,188302
20215,0.000255,172.217.194.0-255,2543,24207,64,188302
20216,0.000258,172.31.40.0-255,66,24273,64,188302
20217,0.00026,172.217.194.0-255,676,24949,64,188302
20218,0.000262,172.31.40.0-255,66,25015,64,188302
20219,0.000593,172.217.194.0-255,1484,26499,64,188302
20220,0.000597,172.31.40.0-255,66,26565,64,188302
20221,0.000612,172.217.194.0-255,2902,29467,64,188302
20222,0.000619,172.31.40.0-255,66,29533,64,188302
20223,0.000626,172.217.194.0-255,5738,35271,64,188302
20224,0.000628,172.31.40.0-255,66,35337,64,188302
20225,0.000634,172.217.194.0-255,4320,39657,64,188302
20226,0.000637,172.31.40.0-255,66,39723,64,188302
20227,0.000682,172.31.40.0-255,66,39789,64,188302
20228,0.000685,172.217.194.0-255,1484,41273,64,188302
20229,0.000723,172.217.194.0-255,6438,47711,64,188302
20230,0.000726,172.31.40.0-255,66,47777,64,188302
20231,0.001347,172.217.194.0-255,1484,49261,64,188302
20232,0.001361,172.217.194.0-255,2902,52163,64,188302
20233,0.001364,172.31.40.0-255,66,52229,64,188302
20234,0.001371,172.217.194.0-255,5738,57967,64,188302
20235,0.001373,172.31.40.0-255,66,58033,64,188302
20236,0.001443,172.31.40.0-255,66,58099,64,188302
20237,0.001446,172.217.194.0-255,1484,59583,64,188302
20238,0.00147,172.217.194.0-255,7156,66739,64,188302
20239,0.001473,172.31.40.0-255,66,66805,64,188302
20240,0.001501,172.217.194.0-255,2184,68989,64,188302
20241,0.001503,172.31.40.0-255,66,69055,64,188302
20242,0.001788,172.217.194.0-255,1484,70539,64,188302
20243,0.001795,172.217.194.0-255,2902,73441,64,188302
20244,0.001798,172.31.40.0-255,66,73507,64,188302
20245,0.001805,172.217.194.0-255,5738,79245,64,188302
20246,0.001808,172.31.40.0-255,66,79311,64,188302
20247,0.001828,172.31.40.0-255,66,79377,64,188302
20248,0.001865,172.217.194.0-255,2902,82279,64,188302
20249,0.001867,172.31.40.0-255,66,82345,64,188302
20250,0.001911,172.31.40.0-255,66,82411,64,188302
20251,0.002326,172.217.194.0-255,1484,83895,64,188302
20252,0.00233,172.217.194.0-255,1484,85379,64,188302
20253,0.002333,172.31.40.0-255,66,85445,64,188302
20254,0.002362,172.217.194.0-255,1484,86929,64,188302
20255,0.002368,172.217.194.0-255,5738,92667,64,188302
20256,0.002371,172.31.40.0-255,66,92733,64,188302
20257,0.002379,172.217.194.0-255,7156,99889,64,188302
20258,0.002382,172.31.40.0-255,66,99955,64,188302
20259,0.002416,172.217.194.0-255,5738,105693,64,188302
20260,0.002419,172.31.40.0-255,66,105759,64,188302
20261,0.002425,172.217.194.0-255,5738,111497,64,188302
20262,0.002428,172.31.40.0-255,66,111563,64,188302
20263,0.002435,172.217.194.0-255,1484,113047,64,188302
20264,0.002441,172.217.194.0-255,3602,116649,64,188302
20265,0.002444,172.31.40.0-255,66,116715,64,188302
20266,0.002568,172.217.194.0-255,1484,118199,64,188302
20267,0.002584,172.217.194.0-255,2902,121101,64,188302
20268,0.002588,172.31.40.0-255,66,121167,64,188302
20269,0.002617,172.217.194.0-255,5738,126905,64,188302
20270,0.00262,172.31.40.0-255,66,126971,64,188302
20271,0.002623,172.217.194.0-255,1484,128455,64,188302
20272,0.002626,172.217.194.0-255,1484,129939,64,188302
20273,0.002628,172.31.40.0-255,66,130005,64,188302
20274,0.002652,172.217.194.0-255,2902,132907,64,188302
20275,0.002654,172.31.40.0-255,66,132973,64,188302
20276,0.0027,172.31.40.0-255,66,133039,64,188302
20277,0.002711,172.31.40.0-255,66,133105,64,188302
20278,0.002714,172.217.194.0-255,766,133871,64,188302
20279,0.002731,172.31.40.0-255,66,133937,64,188302
20280,0.002742,172.217.194.0-255,7156,141093,64,188302
20281,0.002746,172.31.40.0-255,66,141159,64,188302
20282,0.002774,172.217.194.0-255,2902,144061,64,188302
20283,0.002776,172.31.40.0-255,66,144127,64,188302
20284,0.002779,172.217.194.0-255,1484,145611,64,188302
20285,0.002816,172.31.40.0-255,66,145677,64,188302
20286,0.002951,172.217.194.0-255,1484,147161,64,188302
20287,0.002974,172.217.194.0-255,1484,148645,64,188302
20288,0.002978,172.31.40.0-255,66,148711,64,188302
20289,0.002992,172.217.194.0-255,1484,150195,64,188302
20290,0.003,172.217.194.0-255,1484,151679,64,188302
20291,0.003003,172.31.40.0-255,66,151745,64,188302
20292,0.003033,172.217.194.0-255,2902,154647,64,188302
20293,0.003036,172.31.40.0-255,66,154713,64,188302
20294,0.003043,172.217.194.0-255,4320,159033,64,188302
20295,0.003045,172.31.40.0-255,66,159099,64,188302
20296,0.003059,172.31.40.0-255,66,159165,64,188302
20297,0.003063,172.217.194.0-255,2902,162067,64,188302
20298,0.003065,172.31.40.0-255,66,162133,64,188302
20299,0.003068,172.217.194.0-255,1484,163617,64,188302
20300,0.003073,172.217.194.0-255,4320,167937,64,188302
20301,0.003076,172.31.40.0-255,66,168003,64,188302
20302,0.003079,172.217.194.0-255,2184,170187,64,188302
20303,0.003082,172.31.40.0-255,66,170253,64,188302
20304,0.003151,172.217.194.0-255,1484,171737,64,188302
20305,0.003156,172.217.194.0-255,2902,174639,64,188302
20306,0.003158,172.31.40.0-255,66,174705,64,188302
20307,0.003165,172.217.194.0-255,5738,180443,64,188302
20308,0.003168,172.31.40.0-255,66,180509,64,188302
20309,0.003222,172.31.40.0-255,66,180575,64,188302
20310,0.003294,172.31.40.0-255,66,180641,64,188302
20311,0.003307,172.217.194.0-255,7156,187797,64,188302
20312,0.003354,172.217.194.0-255,97,187894,64,188302
20313,0.003373,172.31.40.0-255,66,187960,64,188302
20314,0.003382,172.217.194.0-255,105,188065,64,188302
20315,0.006854,172.31.40.0-255,66,188131,64,188302
20316,0.006892,172.31.40.0-255,105,188236,64,188302
20317,0.009229,172.217.194.0-255,66,188302,64,188302
20318,0.0,172.217.194.0-255,167,167,64,150773
20319,1.8e-05,172.31.40.0-255,66,233,64,150773
20320,2.5e-05,172.217.194.0-255,1484,1717,64,150773
20321,2.9e-05,172.31.40.0-255,66,1783,64,150773
20322,3.5e-05,172.217.194.0-255,2902,4685,64,150773
20323,3.8e-05,172.31.40.0-255,66,4751,64,150773
20324,4.6e-05,172.217.194.0-255,7156,11907,64,150773
20325,5e-05,172.31.40.0-255,66,11973,64,150773
20326,5.6e-05,172.217.194.0-255,4966,16939,64,150773
20327,5.9e-05,172.31.40.0-255,66,17005,64,150773
20328,0.00011,172.31.40.0-255,66,17071,64,150773
20329,0.000323,172.217.194.0-255,1484,18555,64,150773
20330,0.000328,172.31.40.0-255,66,18621,64,150773
20331,0.000335,172.217.194.0-255,2902,21523,64,150773
20332,0.000337,172.31.40.0-255,66,21589,64,150773
20333,0.00036,172.217.194.0-255,5738,27327,64,150773
20334,0.000364,172.31.40.0-255,66,27393,64,150773
20335,0.000398,172.217.194.0-255,7156,34549,64,150773
20336,0.000401,172.31.40.0-255,66,34615,64,150773
20337,0.000408,172.217.194.0-255,7156,41771,64,150773
20338,0.00041,172.31.40.0-255,66,41837,64,150773
20339,0.000428,172.217.194.0-255,7156,48993,64,150773
20340,0.000432,172.31.40.0-255,66,49059,64,150773
20341,0.000485,172.217.194.0-255,2456,51515,64,150773
20342,0.000489,172.31.40.0-255,66,51581,64,150773
20343,0.00053,172.217.194.0-255,436,52017,64,150773
20344,0.000533,172.31.40.0-255,66,52083,64,150773
20345,0.000761,172.217.194.0-255,1484,53567,64,150773
20346,0.000766,172.217.194.0-255,2902,56469,64,150773
20347,0.000806,172.31.40.0-255,66,56535,64,150773
20348,0.000809,172.31.40.0-255,66,56601,64,150773
20349,0.000816,172.217.194.0-255,5738,62339,64,150773
20350,0.000818,172.31.40.0-255,66,62405,64,150773
20351,0.000842,172.31.40.0-255,66,62471,64,150773
20352,0.000864,172.217.194.0-255,1484,63955,64,150773
20353,0.000877,172.31.40.0-255,66,64021,64,150773
20354,0.000894,172.217.194.0-255,2184,66205,64,150773
20355,0.000896,172.31.40.0-255,66,66271,64,150773
20356,0.00286,172.217.194.0-255,2902,69173,64,150773
20357,0.002868,172.31.40.0-255,66,69239,64,150773
20358,0.00289,172.217.194.0-255,2902,72141,64,150773
20359,0.002892,172.31.40.0-255,66,72207,64,150773
20360,0.004887,172.217.194.0-255,4320,76527,64,150773
20361,0.004892,172.31.40.0-255,66,76593,64,150773
20362,0.00491,172.217.194.0-255,1484,78077,64,150773
20363,0.006927,172.217.194.0-255,4320,82397,64,150773
20364,0.006933,172.31.40.0-255,66,82463,64,150773
20365,0.008939,172.217.194.0-255,5738,88201,64,150773
20366,0.008946,172.31.40.0-255,66,88267,64,150773
20367,0.010946,172.217.194.0-255,5738,94005,64,150773
20368,0.010955,172.31.40.0-255,66,94071,64,150773
20369,0.012978,172.217.194.0-255,5738,99809,64,150773
20370,0.012987,172.31.40.0-255,66,99875,64,150773
20371,0.014997,172.217.194.0-255,5738,105613,64,150773
20372,0.015005,172.31.40.0-255,66,105679,64,150773
20373,0.016991,172.217.194.0-255,5738,111417,64,150773
20374,0.017,172.31.40.0-255,66,111483,64,150773
20375,0.019018,172.217.194.0-255,5738,117221,64,150773
20376,0.01903,172.31.40.0-255,66,117287,64,150773
20377,0.021028,172.217.194.0-255,5738,123025,64,150773
20378,0.021036,172.31.40.0-255,66,123091,64,150773
20379,0.02302,172.217.194.0-255,5738,128829,64,150773
20380,0.023031,172.31.40.0-255,66,128895,64,150773
20381,0.025023,172.217.194.0-255,5738,134633,64,150773
20382,0.02503,172.31.40.0-255,66,134699,64,150773
20383,0.025712,172.31.40.0-255,172,134871,64,150773
20384,0.025743,172.31.40.0-255,1112,135983,64,150773
20385,0.025814,172.31.40.0-255,1514,137497,64,150773
20386,0.025817,172.31.40.0-255,1296,138793,64,150773
20387,0.027023,172.217.194.0-255,5738,144531,64,150773
20388,0.027031,172.31.40.0-255,66,144597,64,150773
20389,0.027289,104.244.42.0-255,66,144663,64,150773
20390,0.027297,104.244.42.0-255,66,144729,64,150773
20391,0.027362,104.244.42.0-255,66,144795,64,150773
20392,0.028406,104.244.42.0-255,108,144903,64,150773
20393,0.028414,172.31.40.0-255,66,144969,64,150773
20394,0.029063,172.217.194.0-255,5738,150707,64,150773
20395,0.02907,172.31.40.0-255,66,150773,64,150773
20396,0.0,172.217.194.0-255,150,150,64,257093
20397,2e-05,172.31.40.0-255,66,216,64,257093
20398,2.7e-05,172.217.194.0-255,1484,1700,64,257093
20399,3.2e-05,172.31.40.0-255,66,1766,64,257093
20400,3.8e-05,172.217.194.0-255,2902,4668,64,257093
20401,4.2e-05,172.31.40.0-255,66,4734,64,257093
20402,5e-05,172.217.194.0-255,7156,11890,64,257093
20403,5.3e-05,172.31.40.0-255,66,11956,64,257093
20404,7.6e-05,172.217.194.0-255,1484,13440,64,257093
20405,7.9e-05,172.31.40.0-255,66,13506,64,257093
20406,0.000112,172.31.40.0-255,66,13572,64,257093
20407,0.000118,172.217.194.0-255,3961,17533,64,257093
20408,0.00012,172.31.40.0-255,66,17599,64,257093
20409,0.000263,172.217.194.0-255,1484,19083,64,257093
20410,0.000269,172.31.40.0-255,66,19149,64,257093
20411,0.000275,172.217.194.0-255,2902,22051,64,257093
20412,0.000277,172.31.40.0-255,66,22117,64,257093
20413,0.00028,172.217.194.0-255,1484,23601,64,257093
20414,0.000282,172.31.40.0-255,66,23667,64,257093
20415,0.000313,172.217.194.0-255,4320,27987,64,257093
20416,0.000316,172.31.40.0-255,66,28053,64,257093
20417,0.000324,172.217.194.0-255,7156,35209,64,257093
20418,0.000326,172.31.40.0-255,66,35275,64,257093
20419,0.000342,172.217.194.0-255,6797,42072,64,257093
20420,0.000344,172.31.40.0-255,66,42138,64,257093
20421,0.000363,172.217.194.0-255,2902,45040,64,257093
20422,0.000365,172.31.40.0-255,66,45106,64,257093
20423,0.000398,172.217.194.0-255,7085,52191,64,257093
20424,0.000401,172.31.40.0-255,66,52257,64,257093
20425,0.000404,172.217.194.0-255,100,52357,64,257093
20426,0.000406,172.31.40.0-255,66,52423,64,257093
20427,0.000476,172.217.194.0-255,1484,53907,64,257093
20428,0.000499,172.217.194.0-255,2902,56809,64,257093
20429,0.000504,172.217.194.0-255,5738,62547,64,257093
20430,0.000509,172.31.40.0-255,66,62613,64,257093
20431,0.000517,172.31.40.0-255,66,62679,64,257093
20432,0.000524,172.217.194.0-255,7156,69835,64,257093
20433,0.000527,172.31.40.0-255,66,69901,64,257093
20434,0.000544,172.217.194.0-255,5738,75639,64,257093
20435,0.000546,172.31.40.0-255,66,75705,64,257093
20436,0.000558,172.31.40.0-255,66,75771,64,257093
20437,0.00058,172.217.194.0-255,3320,79091,64,257093
20438,0.000582,172.31.40.0-255,66,79157,64,257093
20439,0.000597,172.31.40.0-255,66,79223,64,257093
20440,0.000757,172.217.194.0-255,1484,80707,64,257093
20441,0.000763,172.217.194.0-255,2902,83609,64,257093
20442,0.000766,172.31.40.0-255,66,83675,64,257093
20443,0.000772,172.217.194.0-255,4320,87995,64,257093
20444,0.000775,172.31.40.0-255,66,88061,64,257093
20445,0.000788,172.217.194.0-255,1484,89545,64,257093
20446,0.000794,172.217.194.0-255,5738,95283,64,257093
20447,0.000796,172.31.40.0-255,66,95349,64,257093
20448,0.000817,172.217.194.0-255,7156,102505,64,257093
20449,0.00082,172.31.40.0-255,66,102571,64,257093
20450,0.000823,172.217.194.0-255,1484,104055,64,257093
20451,0.000862,172.31.40.0-255,66,104121,64,257093
20452,0.001515,172.217.194.0-255,1484,105605,64,257093
20453,0.001522,172.217.194.0-255,2902,108507,64,257093
20454,0.001525,172.31.40.0-255,66,108573,64,257093
20455,0.001532,172.217.194.0-255,4320,112893,64,257093
20456,0.001534,172.31.40.0-255,66,112959,64,257093
20457,0.001546,172.217.194.0-255,1484,114443,64,257093
20458,0.001572,172.31.40.0-255,66,114509,64,257093
20459,0.001592,172.217.194.0-255,4320,118829,64,257093
20460,0.001595,172.31.40.0-255,66,118895,64,257093
20461,0.001623,172.217.194.0-255,6438,125333,64,257093
20462,0.001625,172.31.40.0-255,66,125399,64,257093
20463,0.001786,172.217.194.0-255,1484,126883,64,257093
20464,0.001792,172.217.194.0-255,2902,129785,64,257093
20465,0.001795,172.31.40.0-255,66,129851,64,257093
20466,0.001802,172.217.194.0-255,5738,135589,64,257093
20467,0.001804,172.31.40.0-255,66,135655,64,257093
20468,0.001825,172.217.194.0-255,5738,141393,64,257093
20469,0.001828,172.31.40.0-255,66,141459,64,257093
20470,0.001865,172.217.194.0-255,7156,148615,64,257093
20471,0.001868,172.31.40.0-255,66,148681,64,257093
20472,0.00188,172.31.40.0-255,66,148747,64,257093
20473,0.001883,172.217.194.0-255,766,149513,64,257093
20474,0.002053,172.217.194.0-255,1484,150997,64,257093
20475,0.002058,172.31.40.0-255,66,151063,64,257093
20476,0.002063,172.217.194.0-255,2902,153965,64,257093
20477,0.002065,172.31.40.0-255,66,154031,64,257093
20478,0.002068,172.217.194.0-255,1484,155515,64,257093
20479,0.002087,172.217.194.0-255,4320,159835,64,257093
20480,0.002089,172.31.40.0-255,66,159901,64,257093
20481,0.002101,172.31.40.0-255,66,159967,64,257093
20482,0.00213,172.217.194.0-255,2902,162869,64,257093
20483,0.002133,172.31.40.0-255,66,162935,64,257093
20484,0.002144,172.31.40.0-255,66,163001,64,257093
20485,0.002147,172.217.194.0-255,766,163767,64,257093
20486,0.002217,172.217.194.0-255,1484,165251,64,257093
20487,0.00222,172.31.40.0-255,66,165317,64,257093
20488,0.002225,172.217.194.0-255,2902,168219,64,257093
20489,0.002228,172.31.40.0-255,66,168285,64,257093
20490,0.002234,172.217.194.0-255,5738,174023,64,257093
20491,0.002236,172.31.40.0-255,66,174089,64,257093
20492,0.002271,172.31.40.0-255,66,174155,64,257093
20493,0.002284,172.31.40.0-255,66,174221,64,257093
20494,0.002316,172.217.194.0-255,1484,175705,64,257093
20495,0.002331,172.217.194.0-255,2902,178607,64,257093
20496,0.002334,172.31.40.0-255,66,178673,64,257093
20497,0.002341,172.217.194.0-255,5738,184411,64,257093
20498,0.002344,172.31.40.0-255,66,184477,64,257093
20499,0.002366,172.217.194.0-255,1484,185961,64,257093
20500,0.002403,172.31.40.0-255,66,186027,64,257093
20501,0.00241,172.217.194.0-255,7156,193183,64,257093
20502,0.002412,172.31.40.0-255,66,193249,64,257093
20503,0.004766,172.217.194.0-255,5738,198987,64,257093
20504,0.004783,172.31.40.0-255,66,199053,64,257093
20505,0.007155,172.217.194.0-255,5738,204791,64,257093
20506,0.007173,172.31.40.0-255,66,204857,64,257093
20507,0.009524,172.217.194.0-255,5738,210595,64,257093
20508,0.009531,172.31.40.0-255,66,210661,64,257093
20509,0.011869,172.217.194.0-255,5738,216399,64,257093
20510,0.011876,172.31.40.0-255,66,216465,64,257093
20511,0.014239,172.217.194.0-255,5738,222203,64,257093
20512,0.014257,172.31.40.0-255,66,222269,64,257093
20513,0.016626,172.217.194.0-255,5738,228007,64,257093
20514,0.01664,172.31.40.0-255,66,228073,64,257093
20515,0.018989,172.217.194.0-255,5738,233811,64,257093
20516,0.019007,172.31.40.0-255,66,233877,64,257093
20517,0.021355,172.217.194.0-255,5738,239615,64,257093
20518,0.021363,172.31.40.0-255,66,239681,64,257093
20519,0.023724,172.217.194.0-255,5738,245419,64,257093
20520,0.023733,172.31.40.0-255,66,245485,64,257093
20521,0.026075,172.217.194.0-255,5738,251223,64,257093
20522,0.026083,172.31.40.0-255,66,251289,64,257093
20523,0.028428,172.217.194.0-255,5738,257027,64,257093
20524,0.028436,172.31.40.0-255,66,257093,64,257093
20525,0.0,172.217.194.0-255,152,152,64,209173
20526,3.6e-05,172.31.40.0-255,66,218,64,209173
20527,4.3e-05,172.217.194.0-255,1484,1702,64,209173
20528,4.7e-05,172.31.40.0-255,66,1768,64,209173
20529,5.3e-05,172.217.194.0-255,2902,4670,64,209173
20530,5.7e-05,172.31.40.0-255,66,4736,64,209173
20531,6.5e-05,172.217.194.0-255,7156,11892,64,209173
20532,6.7e-05,172.31.40.0-255,66,11958,64,209173
20533,0.000108,172.31.40.0-255,66,12024,64,209173
20534,0.000131,172.31.40.0-255,66,12090,64,209173
20535,0.000135,172.217.194.0-255,2543,14633,64,209173
20536,0.000137,172.31.40.0-255,66,14699,64,209173
20537,0.000152,172.31.40.0-255,66,14765,64,209173
20538,0.00018,172.217.194.0-255,5738,20503,64,209173
20539,0.000185,172.31.40.0-255,66,20569,64,209173
20540,0.000211,172.217.194.0-255,6797,27366,64,209173
20541,0.000214,172.31.40.0-255,66,27432,64,209173
20542,0.000235,172.217.194.0-255,4320,31752,64,209173
20543,0.000238,172.31.40.0-255,66,31818,64,209173
20544,0.000257,172.217.194.0-255,2543,34361,64,209173
20545,0.00026,172.31.40.0-255,66,34427,64,209173
20546,0.000334,172.217.194.0-255,380,34807,64,209173
20547,0.000338,172.31.40.0-255,66,34873,64,209173
20548,0.000491,172.217.194.0-255,1484,36357,64,209173
20549,0.000497,172.31.40.0-255,66,36423,64,209173
20550,0.000502,172.217.194.0-255,2902,39325,64,209173
20551,0.000507,172.31.40.0-255,66,39391,64,209173
20552,0.000522,172.217.194.0-255,5738,45129,64,209173
20553,0.000526,172.31.40.0-255,66,45195,64,209173
20554,0.000548,172.217.194.0-255,7156,52351,64,209173
20555,0.000552,172.31.40.0-255,66,52417,64,209173
20556,0.000555,172.217.194.0-255,1484,53901,64,209173
20557,0.000585,172.217.194.0-255,7156,61057,64,209173
20558,0.000589,172.31.40.0-255,66,61123,64,209173
20559,0.000616,172.31.40.0-255,66,61189,64,209173
20560,0.001028,172.217.194.0-255,1484,62673,64,209173
20561,0.001037,172.217.194.0-255,2902,65575,64,209173
20562,0.001042,172.31.40.0-255,66,65641,64,209173
20563,0.001049,172.217.194.0-255,5738,71379,64,209173
20564,0.001053,172.31.40.0-255,66,71445,64,209173
20565,0.001066,172.217.194.0-255,1484,72929,64,209173
20566,0.001084,172.217.194.0-255,5738,78667,64,209173
20567,0.001087,172.31.40.0-255,66,78733,64,209173
20568,0.001114,172.217.194.0-255,5738,84471,64,209173
20569,0.001117,172.31.40.0-255,66,84537,64,209173
20570,0.001675,172.217.194.0-255,1484,86021,64,209173
20571,0.001683,172.217.194.0-255,2902,88923,64,209173
20572,0.001706,172.217.194.0-255,5738,94661,64,209173
20573,0.001711,172.217.194.0-255,1484,96145,64,209173
20574,0.001725,172.217.194.0-255,7156,103301,64,209173
20575,0.001739,172.217.194.0-255,4320,107621,64,209173
20576,0.001746,172.217.194.0-255,7156,114777,64,209173
20577,0.001759,172.217.194.0-255,3602,118379,64,209173
20578,0.001826,172.217.194.0-255,1484,119863,64,209173
20579,0.001831,172.217.194.0-255,2902,122765,64,209173
20580,0.001858,172.217.194.0-255,5738,128503,64,209173
20581,0.001902,172.217.194.0-255,2902,131405,64,209173
20582,0.001968,172.217.194.0-255,1484,132889,64,209173
20583,0.001972,172.217.194.0-255,2902,135791,64,209173
20584,0.001986,172.217.194.0-255,1484,137275,64,209173
20585,0.002004,172.217.194.0-255,4320,141595,64,209173
20586,0.002007,172.217.194.0-255,1484,143079,64,209173
20587,0.002067,172.217.194.0-255,2184,145263,64,209173
20588,0.004459,172.31.40.0-255,66,145329,64,209173
20589,0.006778,172.217.194.0-255,5738,151067,64,209173
20590,0.006788,172.31.40.0-255,66,151133,64,209173
20591,0.009035,172.217.194.0-255,5738,156871,64,209173
20592,0.009045,172.31.40.0-255,66,156937,64,209173
20593,0.011281,172.217.194.0-255,5738,162675,64,209173
20594,0.01129,172.31.40.0-255,66,162741,64,209173
20595,0.013553,172.217.194.0-255,5738,168479,64,209173
20596,0.013566,172.31.40.0-255,66,168545,64,209173
20597,0.015876,172.217.194.0-255,5738,174283,64,209173
20598,0.015887,172.31.40.0-255,66,174349,64,209173
20599,0.01818,172.217.194.0-255,5738,180087,64,209173
20600,0.018198,172.31.40.0-255,66,180153,64,209173
20601,0.02048,172.217.194.0-255,5738,185891,64,209173
20602,0.020496,172.31.40.0-255,66,185957,64,209173
20603,0.022791,172.217.194.0-255,5738,191695,64,209173
20604,0.022808,172.31.40.0-255,66,191761,64,209173
20605,0.025117,172.217.194.0-255,5738,197499,64,209173
20606,0.025132,172.31.40.0-255,66,197565,64,209173
20607,0.02745,172.217.194.0-255,5738,203303,64,209173
20608,0.02746,172.31.40.0-255,66,203369,64,209173
20609,0.029772,172.217.194.0-255,5738,209107,64,209173
20610,0.029785,172.31.40.0-255,66,209173,64,209173
20611,0.0,74.125.24.0-255,153,153,64,271675
20612,2e-05,172.31.40.0-255,66,219,64,271675
20613,2.7e-05,74.125.24.0-255,1484,1703,64,271675
20614,3.1e-05,172.31.40.0-255,66,1769,64,271675
20615,3.8e-05,74.125.24.0-255,2902,4671,64,271675
20616,4.1e-05,172.31.40.0-255,66,4737,64,271675
20617,4.6e-05,74.125.24.0-255,2902,7639,64,271675
20618,5.7e-05,172.31.40.0-255,66,7705,64,271675
20619,6.3e-05,74.125.24.0-255,4320,12025,64,271675
20620,6.6e-05,172.31.40.0-255,66,12091,64,271675
20621,7.1e-05,74.125.24.0-255,4320,16411,64,271675
20622,7.4e-05,172.31.40.0-255,66,16477,64,271675
20623,0.000104,74.125.24.0-255,4872,21349,64,271675
20624,0.000112,172.31.40.0-255,66,21415,64,271675
20625,0.000123,172.31.40.0-255,66,21481,64,271675
20626,0.000126,74.125.24.0-255,1125,22606,64,271675
20627,0.000127,172.31.40.0-255,66,22672,64,271675
20628,0.000211,74.125.24.0-255,1484,24156,64,271675
20629,0.000214,172.31.40.0-255,66,24222,64,271675
20630,0.000219,74.125.24.0-255,2902,27124,64,271675
20631,0.000222,172.31.40.0-255,66,27190,64,271675
20632,0.000228,74.125.24.0-255,5738,32928,64,271675
20633,0.00023,172.31.40.0-255,66,32994,64,271675
20634,0.000244,74.125.24.0-255,6797,39791,64,271675
20635,0.000246,172.31.40.0-255,66,39857,64,271675
20636,0.000286,172.31.40.0-255,66,39923,64,271675
20637,0.00029,74.125.24.0-255,2817,42740,64,271675
20638,0.000292,172.31.40.0-255,66,42806,64,271675
20639,0.000414,74.125.24.0-255,380,43186,64,271675
20640,0.000418,172.31.40.0-255,66,43252,64,271675
20641,0.000509,74.125.24.0-255,1484,44736,64,271675
20642,0.000516,74.125.24.0-255,2902,47638,64,271675
20643,0.000519,172.31.40.0-255,66,47704,64,271675
20644,0.000542,74.125.24.0-255,5738,53442,64,271675
20645,0.000546,172.31.40.0-255,66,53508,64,271675
20646,0.000551,74.125.24.0-255,4320,57828,64,271675
20647,0.000554,172.31.40.0-255,66,57894,64,271675
20648,0.000605,74.125.24.0-255,1995,59889,64,271675
20649,0.000609,172.31.40.0-255,66,59955,64,271675
20650,0.000725,74.125.24.0-255,1484,61439,64,271675
20651,0.000731,74.125.24.0-255,2902,64341,64,271675
20652,0.000735,172.31.40.0-255,66,64407,64,271675
20653,0.000769,74.125.24.0-255,5738,70145,64,271675
20654,0.000772,172.31.40.0-255,66,70211,64,271675
20655,0.000788,172.31.40.0-255,66,70277,64,271675
20656,0.00085,172.31.40.0-255,66,70343,64,271675
20657,0.000878,74.125.24.0-255,1484,71827,64,271675
20658,0.000882,74.125.24.0-255,1484,73311,64,271675
20659,0.000884,172.31.40.0-255,66,73377,64,271675
20660,0.000913,74.125.24.0-255,1484,74861,64,271675
20661,0.00092,74.125.24.0-255,5738,80599,64,271675
20662,0.000923,172.31.40.0-255,66,80665,64,271675
20663,0.000942,74.125.24.0-255,5738,86403,64,271675
20664,0.000947,172.31.40.0-255,66,86469,64,271675
20665,0.000969,74.125.24.0-255,7156,93625,64,271675
20666,0.000972,172.31.40.0-255,66,93691,64,271675
20667,0.000983,172.31.40.0-255,66,93757,64,271675
20668,0.001006,74.125.24.0-255,1484,95241,64,271675
20669,0.001048,172.31.40.0-255,66,95307,64,271675
20670,0.001053,74.125.24.0-255,3961,99268,64,271675
20671,0.001056,172.31.40.0-255,66,99334,64,271675
20672,0.001255,74.125.24.0-255,1484,100818,64,271675
20673,0.001271,74.125.24.0-255,1484,102302,64,271675
20674,0.001274,172.31.40.0-255,66,102368,64,271675
20675,0.001303,74.125.24.0-255,1484,103852,64,271675
20676,0.001311,74.125.24.0-255,5738,109590,64,271675
20677,0.001314,172.31.40.0-255,66,109656,64,271675
20678,0.00132,74.125.24.0-255,7156,116812,64,271675
20679,0.001322,172.31.40.0-255,66,116878,64,271675
20680,0.001367,172.31.40.0-255,66,116944,64,271675
20681,0.001395,74.125.24.0-255,2184,119128,64,271675
20682,0.001398,172.31.40.0-255,66,119194,64,271675
20683,0.00158,74.125.24.0-255,1484,120678,64,271675
20684,0.001629,74.125.24.0-255,2902,123580,64,271675
20685,0.001632,172.31.40.0-255,66,123646,64,271675
20686,0.001639,74.125.24.0-255,5738,129384,64,271675
20687,0.001642,172.31.40.0-255,66,129450,64,271675
20688,0.001644,74.125.24.0-255,1484,130934,64,271675
20689,0.001666,74.125.24.0-255,7156,138090,64,271675
20690,0.001668,172.31.40.0-255,66,138156,64,271675
20691,0.001702,74.125.24.0-255,5738,143894,64,271675
20692,0.001705,172.31.40.0-255,66,143960,64,271675
20693,0.001711,74.125.24.0-255,5738,149698,64,271675
20694,0.001714,172.31.40.0-255,66,149764,64,271675
20695,0.001719,74.125.24.0-255,3602,153366,64,271675
20696,0.001722,172.31.40.0-255,66,153432,64,271675
20697,0.001764,74.125.24.0-255,4320,157752,64,271675
20698,0.001767,172.31.40.0-255,66,157818,64,271675
20699,0.00178,172.31.40.0-255,66,157884,64,271675
20700,0.001795,172.31.40.0-255,66,157950,64,271675
20701,0.00183,74.125.24.0-255,7156,165106,64,271675
20702,0.001833,172.31.40.0-255,66,165172,64,271675
20703,0.001861,74.125.24.0-255,3602,168774,64,271675
20704,0.001864,172.31.40.0-255,66,168840,64,271675
20705,0.001903,74.125.24.0-255,1484,170324,64,271675
20706,0.001915,74.125.24.0-255,1484,171808,64,271675
20707,0.001918,172.31.40.0-255,66,171874,64,271675
20708,0.001943,74.125.24.0-255,1484,173358,64,271675
20709,0.001951,74.125.24.0-255,5738,179096,64,271675
20710,0.001954,172.31.40.0-255,66,179162,64,271675
20711,0.001961,74.125.24.0-255,7156,186318,64,271675
20712,0.001964,172.31.40.0-255,66,186384,64,271675
20713,0.001984,74.125.24.0-255,5738,192122,64,271675
20714,0.001991,172.31.40.0-255,66,192188,64,271675
20715,0.002027,74.125.24.0-255,4320,196508,64,271675
20716,0.002029,172.31.40.0-255,66,196574,64,271675
20717,0.002058,74.125.24.0-255,6438,203012,64,271675
20718,0.002061,172.31.40.0-255,66,203078,64,271675
20719,0.002064,74.125.24.0-255,1484,204562,64,271675
20720,0.002069,74.125.24.0-255,2902,207464,64,271675
20721,0.002071,172.31.40.0-255,66,207530,64,271675
20722,0.002122,74.125.24.0-255,4320,211850,64,271675
20723,0.002126,172.31.40.0-255,66,211916,64,271675
20724,0.00215,74.125.24.0-255,1484,213400,64,271675
20725,0.002157,74.125.24.0-255,7156,220556,64,271675
20726,0.002163,172.31.40.0-255,66,220622,64,271675
20727,0.0022,172.31.40.0-255,66,220688,64,271675
20728,0.002204,74.125.24.0-255,2184,222872,64,271675
20729,0.002206,172.31.40.0-255,66,222938,64,271675
20730,0.002255,74.125.24.0-255,1484,224422,64,271675
20731,0.002269,74.125.24.0-255,2902,227324,64,271675
20732,0.002272,172.31.40.0-255,66,227390,64,271675
20733,0.002306,74.125.24.0-255,5738,233128,64,271675
20734,0.002309,172.31.40.0-255,66,233194,64,271675
20735,0.002324,172.31.40.0-255,66,233260,64,271675
20736,0.002363,74.125.24.0-255,5738,238998,64,271675
20737,0.002368,172.31.40.0-255,66,239064,64,271675
20738,0.002378,74.125.24.0-255,2902,241966,64,271675
20739,0.00238,172.31.40.0-255,66,242032,64,271675
20740,0.002403,74.125.24.0-255,5020,247052,64,271675
20741,0.002405,172.31.40.0-255,66,247118,64,271675
20742,0.00242,172.31.40.0-255,66,247184,64,271675
20743,0.002426,74.125.24.0-255,4320,251504,64,271675
20744,0.002431,172.31.40.0-255,66,251570,64,271675
20745,0.002459,74.125.24.0-255,7156,258726,64,271675
20746,0.002462,172.31.40.0-255,66,258792,64,271675
20747,0.004817,74.125.24.0-255,5738,264530,64,271675
20748,0.004825,172.31.40.0-255,66,264596,64,271675
20749,0.0072,74.125.24.0-255,5738,270334,64,271675
20750,0.007203,172.31.40.0-255,66,270400,64,271675
20751,0.009552,74.125.24.0-255,1038,271438,64,271675
20752,0.009717,172.31.40.0-255,66,271504,64,271675
20753,0.009747,172.31.40.0-255,105,271609,64,271675
20754,0.012074,74.125.24.0-255,66,271675,64,271675
20755,0.0,74.125.24.0-255,153,153,64,267321
20756,2e-05,172.31.40.0-255,66,219,64,267321
20757,2.7e-05,74.125.24.0-255,1484,1703,64,267321
20758,3.1e-05,172.31.40.0-255,66,1769,64,267321
20759,3.7e-05,74.125.24.0-255,2902,4671,64,267321
20760,4.7e-05,172.31.40.0-255,66,4737,64,267321
20761,5.3e-05,74.125.24.0-255,4320,9057,64,267321
20762,5.5e-05,172.31.40.0-255,66,9123,64,267321
20763,7.3e-05,74.125.24.0-255,1484,10607,64,267321
20764,7.6e-05,172.31.40.0-255,66,10673,64,267321
20765,0.000106,74.125.24.0-255,3411,14084,64,267321
20766,0.000109,172.31.40.0-255,66,14150,64,267321
20767,0.000129,74.125.24.0-255,1484,15634,64,267321
20768,0.000131,172.31.40.0-255,66,15700,64,267321
20769,0.000135,74.125.24.0-255,2902,18602,64,267321
20770,0.000137,172.31.40.0-255,66,18668,64,267321
20771,0.00014,74.125.24.0-255,1484,20152,64,267321
20772,0.000142,172.31.40.0-255,66,20218,64,267321
20773,0.000174,74.125.24.0-255,4320,24538,64,267321
20774,0.000177,172.31.40.0-255,66,24604,64,267321
20775,0.000182,74.125.24.0-255,4320,28924,64,267321
20776,0.000184,172.31.40.0-255,66,28990,64,267321
20777,0.000214,74.125.24.0-255,2543,31533,64,267321
20778,0.000221,74.125.24.0-255,7156,38689,64,267321
20779,0.00025,172.31.40.0-255,66,38755,64,267321
20780,0.000252,172.31.40.0-255,66,38821,64,267321
20781,0.000284,172.31.40.0-255,66,38887,64,267321
20782,0.000594,74.125.24.0-255,1484,40371,64,267321
20783,0.000599,172.31.40.0-255,66,40437,64,267321
20784,0.000605,74.125.24.0-255,2902,43339,64,267321
20785,0.000607,172.31.40.0-255,66,43405,64,267321
20786,0.000612,74.125.24.0-255,4320,47725,64,267321
20787,0.000614,172.31.40.0-255,66,47791,64,267321
20788,0.000635,74.125.24.0-255,1484,49275,64,267321
20789,0.000663,172.31.40.0-255,66,49341,64,267321
20790,0.00069,74.125.24.0-255,1125,50466,64,267321
20791,0.000704,172.31.40.0-255,66,50532,64,267321
20792,0.000711,74.125.24.0-255,7156,57688,64,267321
20793,0.000712,172.31.40.0-255,66,57754,64,267321
20794,0.000749,172.31.40.0-255,66,57820,64,267321
20795,0.000752,74.125.24.0-255,645,58465,64,267321
20796,0.001091,74.125.24.0-255,1484,59949,64,267321
20797,0.001095,172.31.40.0-255,66,60015,64,267321
20798,0.001101,74.125.24.0-255,2902,62917,64,267321
20799,0.001103,172.31.40.0-255,66,62983,64,267321
20800,0.001106,74.125.24.0-255,1484,64467,64,267321
20801,0.001135,74.125.24.0-255,4320,68787,64,267321
20802,0.001138,172.31.40.0-255,66,68853,64,267321
20803,0.001145,74.125.24.0-255,7156,76009,64,267321
20804,0.001148,172.31.40.0-255,66,76075,64,267321
20805,0.001153,74.125.24.0-255,2902,78977,64,267321
20806,0.001154,172.31.40.0-255,66,79043,64,267321
20807,0.001202,172.31.40.0-255,66,79109,64,267321
20808,0.001207,74.125.24.0-255,2184,81293,64,267321
20809,0.001209,172.31.40.0-255,66,81359,64,267321
20810,0.001239,74.125.24.0-255,5738,87097,64,267321
20811,0.001242,172.31.40.0-255,66,87163,64,267321
20812,0.001248,74.125.24.0-255,5738,92901,64,267321
20813,0.001251,172.31.40.0-255,66,92967,64,267321
20814,0.001282,74.125.24.0-255,1484,94451,64,267321
20815,0.001295,172.31.40.0-255,66,94517,64,267321
20816,0.001328,74.125.24.0-255,5738,100255,64,267321
20817,0.001332,172.31.40.0-255,66,100321,64,267321
20818,0.001339,74.125.24.0-255,6438,106759,64,267321
20819,0.001341,172.31.40.0-255,66,106825,64,267321
20820,0.001796,74.125.24.0-255,1484,108309,64,267321
20821,0.001803,74.125.24.0-255,2902,111211,64,267321
20822,0.001807,172.31.40.0-255,66,111277,64,267321
20823,0.001813,74.125.24.0-255,2902,114179,64,267321
20824,0.001814,172.31.40.0-255,66,114245,64,267321
20825,0.001837,74.125.24.0-255,2902,117147,64,267321
20826,0.00184,172.31.40.0-255,66,117213,64,267321
20827,0.001847,74.125.24.0-255,7156,124369,64,267321
20828,0.001849,172.31.40.0-255,66,124435,64,267321
20829,0.00189,74.125.24.0-255,2184,126619,64,267321
20830,0.001895,172.31.40.0-255,66,126685,64,267321
20831,0.001898,172.31.40.0-255,66,126751,64,267321
20832,0.001967,74.125.24.0-255,1484,128235,64,267321
20833,0.001972,74.125.24.0-255,2902,131137,64,267321
20834,0.001975,172.31.40.0-255,66,131203,64,267321
20835,0.001983,74.125.24.0-255,5738,136941,64,267321
20836,0.001985,172.31.40.0-255,66,137007,64,267321
20837,0.002007,74.125.24.0-255,4320,141327,64,267321
20838,0.002009,172.31.40.0-255,66,141393,64,267321
20839,0.002041,172.31.40.0-255,66,141459,64,267321
20840,0.002054,172.31.40.0-255,66,141525,64,267321
20841,0.002131,74.125.24.0-255,1484,143009,64,267321
20842,0.002136,74.125.24.0-255,2902,145911,64,267321
20843,0.00214,172.31.40.0-255,66,145977,64,267321
20844,0.002143,74.125.24.0-255,1484,147461,64,267321
20845,0.002166,74.125.24.0-255,4320,151781,64,267321
20846,0.002169,172.31.40.0-255,66,151847,64,267321
20847,0.002172,74.125.24.0-255,1484,153331,64,267321
20848,0.002177,74.125.24.0-255,2902,156233,64,267321
20849,0.002179,172.31.40.0-255,66,156299,64,267321
20850,0.002224,74.125.24.0-255,5738,162037,64,267321
20851,0.002237,74.125.24.0-255,766,162803,64,267321
20852,0.002245,172.31.40.0-255,66,162869,64,267321
20853,0.002333,74.125.24.0-255,1484,164353,64,267321
20854,0.002337,74.125.24.0-255,1484,165837,64,267321
20855,0.002347,74.125.24.0-255,1484,167321,64,267321
20856,0.002352,74.125.24.0-255,4320,171641,64,267321
20857,0.002367,74.125.24.0-255,1484,173125,64,267321
20858,0.002371,74.125.24.0-255,2902,176027,64,267321
20859,0.002404,74.125.24.0-255,4320,180347,64,267321
20860,0.002432,74.125.24.0-255,6438,186785,64,267321
20861,0.002496,74.125.24.0-255,1484,188269,64,267321
20862,0.002517,74.125.24.0-255,2902,191171,64,267321
20863,0.002522,74.125.24.0-255,2902,194073,64,267321
20864,0.002541,74.125.24.0-255,2902,196975,64,267321
20865,0.002556,74.125.24.0-255,5738,202713,64,267321
20866,0.002572,74.125.24.0-255,7156,209869,64,267321
20867,0.005808,172.31.40.0-255,66,209935,64,267321
20868,0.005814,172.31.40.0-255,66,210001,64,267321
20869,0.005817,172.31.40.0-255,66,210067,64,267321
20870,0.005819,172.31.40.0-255,66,210133,64,267321
20871,0.005822,172.31.40.0-255,66,210199,64,267321
20872,0.005824,172.31.40.0-255,66,210265,64,267321
20873,0.005833,172.31.40.0-255,66,210331,64,267321
20874,0.005836,172.31.40.0-255,66,210397,64,267321
20875,0.005839,172.31.40.0-255,66,210463,64,267321
20876,0.005841,172.31.40.0-255,66,210529,64,267321
20877,0.005844,172.31.40.0-255,66,210595,64,267321
20878,0.005846,172.31.40.0-255,66,210661,64,267321
20879,0.005849,172.31.40.0-255,66,210727,64,267321
20880,0.005851,172.31.40.0-255,66,210793,64,267321
20881,0.008442,74.125.24.0-255,5738,216531,64,267321
20882,0.008449,172.31.40.0-255,66,216597,64,267321
20883,0.011047,74.125.24.0-255,5738,222335,64,267321
20884,0.011055,172.31.40.0-255,66,222401,64,267321
20885,0.01367,74.125.24.0-255,5738,228139,64,267321
20886,0.013678,172.31.40.0-255,66,228205,64,267321
20887,0.016266,74.125.24.0-255,5738,233943,64,267321
20888,0.016272,172.31.40.0-255,66,234009,64,267321
20889,0.018861,74.125.24.0-255,5738,239747,64,267321
20890,0.018872,172.31.40.0-255,66,239813,64,267321
20891,0.021472,74.125.24.0-255,5738,245551,64,267321
20892,0.021485,172.31.40.0-255,66,245617,64,267321
20893,0.024061,74.125.24.0-255,5738,251355,64,267321
20894,0.024071,172.31.40.0-255,66,251421,64,267321
20895,0.026661,74.125.24.0-255,5738,257159,64,267321
20896,0.026671,172.31.40.0-255,66,257225,64,267321
20897,0.028211,172.31.40.0-255,171,257396,64,267321
20898,0.028245,172.31.40.0-255,1136,258532,64,267321
20899,0.0283,172.31.40.0-255,1514,260046,64,267321
20900,0.028302,172.31.40.0-255,1273,261319,64,267321
20901,0.029223,74.125.24.0-255,5738,267057,64,267321
20902,0.029231,172.31.40.0-255,66,267123,64,267321
20903,0.029793,104.244.42.0-255,66,267189,64,267321
20904,0.029802,104.244.42.0-255,66,267255,64,267321
20905,0.029905,104.244.42.0-255,66,267321,64,267321
20906,0.0,74.125.200.0-255,146,146,64,169275
20907,2.1e-05,172.31.40.0-255,66,212,64,169275
20908,2.8e-05,74.125.200.0-255,1484,1696,64,169275
20909,3.3e-05,172.31.40.0-255,66,1762,64,169275
20910,5.6e-05,74.125.200.0-255,2902,4664,64,169275
20911,6e-05,172.31.40.0-255,66,4730,64,169275
20912,6.3e-05,74.125.200.0-255,1484,6214,64,169275
20913,6.6e-05,172.31.40.0-255,66,6280,64,169275
20914,7e-05,74.125.200.0-255,2902,9182,64,169275
20915,7.3e-05,172.31.40.0-255,66,9248,64,169275
20916,0.000117,74.125.200.0-255,6372,15620,64,169275
20917,0.000121,172.31.40.0-255,66,15686,64,169275
20918,0.000143,74.125.200.0-255,7156,22842,64,169275
20919,0.000146,172.31.40.0-255,66,22908,64,169275
20920,0.000174,74.125.200.0-255,5738,28646,64,169275
20921,0.000177,172.31.40.0-255,66,28712,64,169275
20922,0.000211,74.125.200.0-255,2543,31255,64,169275
20923,0.000214,172.31.40.0-255,66,31321,64,169275
20924,0.000319,74.125.200.0-255,1484,32805,64,169275
20925,0.000324,172.31.40.0-255,66,32871,64,169275
20926,0.00033,74.125.200.0-255,2902,35773,64,169275
20927,0.000333,172.31.40.0-255,66,35839,64,169275
20928,0.000348,74.125.200.0-255,1484,37323,64,169275
20929,0.000351,172.31.40.0-255,66,37389,64,169275
20930,0.000374,74.125.200.0-255,4320,41709,64,169275
20931,0.000378,172.31.40.0-255,66,41775,64,169275
20932,0.00038,74.125.200.0-255,1484,43259,64,169275
20933,0.000382,172.31.40.0-255,66,43325,64,169275
20934,0.000386,74.125.200.0-255,2902,46227,64,169275
20935,0.000388,172.31.40.0-255,66,46293,64,169275
20936,0.000426,74.125.200.0-255,2543,48836,64,169275
20937,0.00043,172.31.40.0-255,66,48902,64,169275
20938,0.001042,74.125.200.0-255,1484,50386,64,169275
20939,0.001049,172.31.40.0-255,66,50452,64,169275
20940,0.001057,74.125.200.0-255,2902,53354,64,169275
20941,0.00106,172.31.40.0-255,66,53420,64,169275
20942,0.001063,74.125.200.0-255,1484,54904,64,169275
20943,0.001065,172.31.40.0-255,66,54970,64,169275
20944,0.001092,74.125.200.0-255,4320,59290,64,169275
20945,0.001095,172.31.40.0-255,66,59356,64,169275
20946,0.001104,74.125.200.0-255,6797,66153,64,169275
20947,0.001106,172.31.40.0-255,66,66219,64,169275
20948,0.001817,74.125.200.0-255,1484,67703,64,169275
20949,0.001821,172.31.40.0-255,66,67769,64,169275
20950,0.001827,74.125.200.0-255,1484,69253,64,169275
20951,0.001829,172.31.40.0-255,66,69319,64,169275
20952,0.00185,74.125.200.0-255,2902,72221,64,169275
20953,0.001852,172.31.40.0-255,66,72287,64,169275
20954,0.001869,74.125.200.0-255,4320,76607,64,169275
20955,0.001871,172.31.40.0-255,66,76673,64,169275
20956,0.001885,74.125.200.0-255,1484,78157,64,169275
20957,0.001887,172.31.40.0-255,66,78223,64,169275
20958,0.001889,74.125.200.0-255,1484,79707,64,169275
20959,0.001891,172.31.40.0-255,66,79773,64,169275
20960,0.001948,74.125.200.0-255,2902,82675,64,169275
20961,0.001951,172.31.40.0-255,66,82741,64,169275
20962,0.001974,74.125.200.0-255,1484,84225,64,169275
20963,0.001976,172.31.40.0-255,66,84291,64,169275
20964,0.001989,74.125.200.0-255,2902,87193,64,169275
20965,0.00199,172.31.40.0-255,66,87259,64,169275
20966,0.002003,74.125.200.0-255,2902,90161,64,169275
20967,0.002018,74.125.200.0-255,2902,93063,64,169275
20968,0.002031,74.125.200.0-255,4320,97383,64,169275
20969,0.002035,172.31.40.0-255,66,97449,64,169275
20970,0.002053,74.125.200.0-255,3602,101051,64,169275
20971,0.002062,172.31.40.0-255,66,101117,64,169275
20972,0.004376,74.125.200.0-255,1484,102601,64,169275
20973,0.004381,172.31.40.0-255,66,102667,64,169275
20974,0.004405,74.125.200.0-255,4320,106987,64,169275
20975,0.004407,172.31.40.0-255,66,107053,64,169275
20976,0.006721,74.125.200.0-255,1484,108537,64,169275
20977,0.006725,172.31.40.0-255,66,108603,64,169275
20978,0.006751,74.125.200.0-255,4320,112923,64,169275
20979,0.006774,172.31.40.0-255,66,112989,64,169275
20980,0.009071,74.125.200.0-255,1484,114473,64,169275
20981,0.009078,172.31.40.0-255,66,114539,64,169275
20982,0.009101,74.125.200.0-255,1484,116023,64,169275
20983,0.00912,74.125.200.0-255,2902,118925,64,169275
20984,0.00913,172.31.40.0-255,66,118991,64,169275
20985,0.011421,74.125.200.0-255,1484,120475,64,169275
20986,0.011426,172.31.40.0-255,66,120541,64,169275
20987,0.011446,74.125.200.0-255,1484,122025,64,169275
20988,0.011459,74.125.200.0-255,2902,124927,64,169275
20989,0.011477,172.31.40.0-255,66,124993,64,169275
20990,0.013762,74.125.200.0-255,1484,126477,64,169275
20991,0.013816,74.125.200.0-255,4320,130797,64,169275
20992,0.013821,172.31.40.0-255,66,130863,64,169275
20993,0.016168,74.125.200.0-255,5738,136601,64,169275
20994,0.016218,172.31.40.0-255,66,136667,64,169275
20995,0.018595,74.125.200.0-255,5738,142405,64,169275
20996,0.018603,172.31.40.0-255,66,142471,64,169275
20997,0.020952,74.125.200.0-255,5738,148209,64,169275
20998,0.020959,172.31.40.0-255,66,148275,64,169275
20999,0.023008,172.31.40.0-255,167,148442,64,169275
21000,0.023068,172.31.40.0-255,1107,149549,64,169275
21001,0.023142,172.31.40.0-255,1514,151063,64,169275
21002,0.023149,172.31.40.0-255,338,151401,64,169275
21003,0.023312,74.125.200.0-255,5738,157139,64,169275
21004,0.023319,172.31.40.0-255,66,157205,64,169275
21005,0.024549,104.244.42.0-255,66,157271,64,169275
21006,0.02464,104.244.42.0-255,66,157337,64,169275
21007,0.024686,104.244.42.0-255,66,157403,64,169275
21008,0.02566,74.125.200.0-255,2902,160305,64,169275
21009,0.025664,172.31.40.0-255,66,160371,64,169275
21010,0.025683,74.125.200.0-255,2902,163273,64,169275
21011,0.025702,172.31.40.0-255,66,163339,64,169275
21012,0.028012,74.125.200.0-255,2902,166241,64,169275
21013,0.028017,172.31.40.0-255,66,166307,64,169275
21014,0.028051,74.125.200.0-255,2902,169209,64,169275
21015,0.028069,172.31.40.0-255,66,169275,64,169275
21016,0.0,172.217.194.0-255,153,153,64,168379
21017,1.6e-05,172.31.40.0-255,66,219,64,168379
21018,2.3e-05,172.217.194.0-255,1484,1703,64,168379
21019,2.8e-05,172.31.40.0-255,66,1769,64,168379
21020,3.4e-05,172.217.194.0-255,2902,4671,64,168379
21021,3.7e-05,172.31.40.0-255,66,4737,64,168379
21022,4.5e-05,172.217.194.0-255,5738,10475,64,168379
21023,4.8e-05,172.31.40.0-255,66,10541,64,168379
21024,6.8e-05,172.217.194.0-255,1484,12025,64,168379
21025,7.1e-05,172.31.40.0-255,66,12091,64,168379
21026,9.3e-05,172.217.194.0-255,2101,14192,64,168379
21027,9.5e-05,172.31.40.0-255,66,14258,64,168379
21028,0.000127,172.217.194.0-255,1484,15742,64,168379
21029,0.000131,172.31.40.0-255,66,15808,64,168379
21030,0.000135,172.217.194.0-255,2902,18710,64,168379
21031,0.000138,172.31.40.0-255,66,18776,64,168379
21032,0.00015,172.217.194.0-255,1484,20260,64,168379
21033,0.000152,172.31.40.0-255,66,20326,64,168379
21034,0.000187,172.217.194.0-255,4320,24646,64,168379
21035,0.00019,172.31.40.0-255,66,24712,64,168379
21036,0.000198,172.217.194.0-255,6797,31509,64,168379
21037,0.0002,172.31.40.0-255,66,31575,64,168379
21038,0.000205,172.217.194.0-255,4320,35895,64,168379
21039,0.000208,172.31.40.0-255,66,35961,64,168379
21040,0.000237,172.31.40.0-255,66,36027,64,168379
21041,0.000241,172.217.194.0-255,2543,38570,64,168379
21042,0.000243,172.31.40.0-255,66,38636,64,168379
21043,0.000286,172.217.194.0-255,4320,42956,64,168379
21044,0.000289,172.31.40.0-255,66,43022,64,168379
21045,0.000322,172.31.40.0-255,66,43088,64,168379
21046,0.000353,172.217.194.0-255,99,43187,64,168379
21047,0.000414,172.217.194.0-255,1484,44671,64,168379
21048,0.000417,172.31.40.0-255,66,44737,64,168379
21049,0.00042,172.217.194.0-255,1484,46221,64,168379
21050,0.00044,172.217.194.0-255,4320,50541,64,168379
21051,0.000443,172.31.40.0-255,66,50607,64,168379
21052,0.000493,172.217.194.0-255,4320,54927,64,168379
21053,0.000497,172.31.40.0-255,66,54993,64,168379
21054,0.000511,172.217.194.0-255,5379,60372,64,168379
21055,0.000514,172.31.40.0-255,66,60438,64,168379
21056,0.000518,172.217.194.0-255,2902,63340,64,168379
21057,0.00052,172.31.40.0-255,66,63406,64,168379
21058,0.00055,172.217.194.0-255,7156,70562,64,168379
21059,0.000553,172.31.40.0-255,66,70628,64,168379
21060,0.00056,172.217.194.0-255,6797,77425,64,168379
21061,0.000563,172.31.40.0-255,66,77491,64,168379
21062,0.000813,172.217.194.0-255,1484,78975,64,168379
21063,0.000836,172.217.194.0-255,2902,81877,64,168379
21064,0.00084,172.31.40.0-255,66,81943,64,168379
21065,0.000848,172.217.194.0-255,5738,87681,64,168379
21066,0.00085,172.31.40.0-255,66,87747,64,168379
21067,0.000871,172.217.194.0-255,1484,89231,64,168379
21068,0.000909,172.31.40.0-255,66,89297,64,168379
21069,0.000915,172.217.194.0-255,4320,93617,64,168379
21070,0.000917,172.31.40.0-255,66,93683,64,168379
21071,0.000947,172.217.194.0-255,6438,100121,64,168379
21072,0.000951,172.31.40.0-255,66,100187,64,168379
21073,0.001171,172.217.194.0-255,1484,101671,64,168379
21074,0.001191,172.217.194.0-255,2902,104573,64,168379
21075,0.001194,172.31.40.0-255,66,104639,64,168379
21076,0.001207,172.217.194.0-255,2902,107541,64,168379
21077,0.00121,172.31.40.0-255,66,107607,64,168379
21078,0.001229,172.217.194.0-255,2902,110509,64,168379
21079,0.001231,172.31.40.0-255,66,110575,64,168379
21080,0.001236,172.217.194.0-255,2902,113477,64,168379
21081,0.001238,172.31.40.0-255,66,113543,64,168379
21082,0.001271,172.31.40.0-255,66,113609,64,168379
21083,0.001274,172.217.194.0-255,1484,115093,64,168379
21084,0.001312,172.31.40.0-255,66,115159,64,168379
21085,0.001319,172.217.194.0-255,7156,122315,64,168379
21086,0.001322,172.31.40.0-255,66,122381,64,168379
21087,0.001353,172.217.194.0-255,1484,123865,64,168379
21088,0.00138,172.31.40.0-255,66,123931,64,168379
21089,0.001402,172.217.194.0-255,2184,126115,64,168379
21090,0.001405,172.31.40.0-255,66,126181,64,168379
21091,0.001425,172.31.40.0-255,66,126247,64,168379
21092,0.001437,172.31.40.0-255,66,126313,64,168379
21093,0.001532,172.31.40.0-255,66,126379,64,168379
21094,0.001553,172.31.40.0-255,66,126445,64,168379
21095,0.001568,172.31.40.0-255,66,126511,64,168379
21096,0.001579,172.31.40.0-255,66,126577,64,168379
21097,0.001616,172.217.194.0-255,1484,128061,64,168379
21098,0.001641,172.31.40.0-255,66,128127,64,168379
21099,0.001647,172.31.40.0-255,66,128193,64,168379
21100,0.00169,172.217.194.0-255,7156,135349,64,168379
21101,0.001693,172.31.40.0-255,66,135415,64,168379
21102,0.001715,172.217.194.0-255,6438,141853,64,168379
21103,0.00172,172.31.40.0-255,66,141919,64,168379
21104,0.001731,172.217.194.0-255,7156,149075,64,168379
21105,0.001763,172.217.194.0-255,7156,156231,64,168379
21106,0.001767,172.217.194.0-255,1484,157715,64,168379
21107,0.001775,172.31.40.0-255,66,157781,64,168379
21108,0.0018,172.31.40.0-255,66,157847,64,168379
21109,0.001832,172.217.194.0-255,2902,160749,64,168379
21110,0.001859,172.31.40.0-255,66,160815,64,168379
21111,0.001864,172.31.40.0-255,66,160881,64,168379
21112,0.001884,172.217.194.0-255,7156,168037,64,168379
21113,0.001911,172.217.194.0-255,105,168142,64,168379
21114,0.001931,172.31.40.0-255,66,168208,64,168379
21115,0.012778,172.31.40.0-255,105,168313,64,168379
21116,0.015033,172.217.194.0-255,66,168379,64,168379
21117,0.0,172.31.40.0-255,105,105,64,459
21118,0.000236,172.31.40.0-255,90,195,64,459
21119,0.000245,172.31.40.0-255,66,261,64,459
21120,0.002596,172.217.194.0-255,66,327,64,459
21121,0.002625,172.217.194.0-255,66,393,64,459
21122,0.002645,172.31.40.0-255,66,459,64,459
21123,0.0,172.217.194.0-255,153,153,64,218280
21124,2.2e-05,172.31.40.0-255,66,219,64,218280
21125,2.9e-05,172.217.194.0-255,1484,1703,64,218280
21126,3.4e-05,172.31.40.0-255,66,1769,64,218280
21127,4e-05,172.217.194.0-255,2902,4671,64,218280
21128,5.2e-05,172.31.40.0-255,66,4737,64,218280
21129,6e-05,172.217.194.0-255,7156,11893,64,218280
21130,6.4e-05,172.31.40.0-255,66,11959,64,218280
21131,0.000111,172.31.40.0-255,66,12025,64,218280
21132,0.000132,172.217.194.0-255,3447,15472,64,218280
21133,0.00014,172.31.40.0-255,66,15538,64,218280
21134,0.000144,172.217.194.0-255,2543,18081,64,218280
21135,0.000147,172.31.40.0-255,66,18147,64,218280
21136,0.000244,172.217.194.0-255,1484,19631,64,218280
21137,0.000247,172.31.40.0-255,66,19697,64,218280
21138,0.000252,172.217.194.0-255,2902,22599,64,218280
21139,0.000255,172.31.40.0-255,66,22665,64,218280
21140,0.000294,172.217.194.0-255,5738,28403,64,218280
21141,0.000298,172.31.40.0-255,66,28469,64,218280
21142,0.000304,172.217.194.0-255,5738,34207,64,218280
21143,0.000306,172.31.40.0-255,66,34273,64,218280
21144,0.000338,172.31.40.0-255,66,34339,64,218280
21145,0.000353,172.31.40.0-255,66,34405,64,218280
21146,0.000356,172.217.194.0-255,1439,35844,64,218280
21147,0.000358,172.31.40.0-255,66,35910,64,218280
21148,0.000403,172.217.194.0-255,1484,37394,64,218280
21149,0.000406,172.31.40.0-255,66,37460,64,218280
21150,0.00043,172.217.194.0-255,1484,38944,64,218280
21151,0.000432,172.31.40.0-255,66,39010,64,218280
21152,0.000437,172.217.194.0-255,2902,41912,64,218280
21153,0.000439,172.31.40.0-255,66,41978,64,218280
21154,0.000445,172.217.194.0-255,5738,47716,64,218280
21155,0.000447,172.31.40.0-255,66,47782,64,218280
21156,0.00047,172.217.194.0-255,1484,49266,64,218280
21157,0.000504,172.31.40.0-255,66,49332,64,218280
21158,0.00053,172.217.194.0-255,5738,55070,64,218280
21159,0.000532,172.31.40.0-255,66,55136,64,218280
21160,0.00056,172.217.194.0-255,4830,59966,64,218280
21161,0.000564,172.31.40.0-255,66,60032,64,218280
21162,0.000642,172.217.194.0-255,1484,61516,64,218280
21163,0.000647,172.217.194.0-255,2902,64418,64,218280
21164,0.000649,172.31.40.0-255,66,64484,64,218280
21165,0.000683,172.217.194.0-255,5738,70222,64,218280
21166,0.000686,172.31.40.0-255,66,70288,64,218280
21167,0.000692,172.217.194.0-255,5738,76026,64,218280
21168,0.000695,172.31.40.0-255,66,76092,64,218280
21169,0.000701,172.217.194.0-255,5738,81830,64,218280
21170,0.000708,172.31.40.0-255,66,81896,64,218280
21171,0.000762,172.217.194.0-255,7156,89052,64,218280
21172,0.000766,172.31.40.0-255,66,89118,64,218280
21173,0.000772,172.217.194.0-255,5020,94138,64,218280
21174,0.000775,172.31.40.0-255,66,94204,64,218280
21175,0.00121,172.217.194.0-255,1484,95688,64,218280
21176,0.001216,172.217.194.0-255,2902,98590,64,218280
21177,0.001227,172.31.40.0-255,66,98656,64,218280
21178,0.001233,172.217.194.0-255,4320,102976,64,218280
21179,0.001235,172.31.40.0-255,66,103042,64,218280
21180,0.001264,172.217.194.0-255,1484,104526,64,218280
21181,0.001269,172.217.194.0-255,2902,107428,64,218280
21182,0.001271,172.31.40.0-255,66,107494,64,218280
21183,0.001317,172.31.40.0-255,66,107560,64,218280
21184,0.001328,172.31.40.0-255,66,107626,64,218280
21185,0.001331,172.217.194.0-255,766,108392,64,218280
21186,0.001472,172.217.194.0-255,1484,109876,64,218280
21187,0.001476,172.31.40.0-255,66,109942,64,218280
21188,0.00149,172.217.194.0-255,2902,112844,64,218280
21189,0.001496,172.31.40.0-255,66,112910,64,218280
21190,0.001499,172.217.194.0-255,1484,114394,64,218280
21191,0.001525,172.217.194.0-255,4320,118714,64,218280
21192,0.001527,172.31.40.0-255,66,118780,64,218280
21193,0.001556,172.217.194.0-255,7156,125936,64,218280
21194,0.00156,172.31.40.0-255,66,126002,64,218280
21195,0.001563,172.217.194.0-255,1484,127486,64,218280
21196,0.001592,172.217.194.0-255,7156,134642,64,218280
21197,0.001595,172.31.40.0-255,66,134708,64,218280
21198,0.001599,172.217.194.0-255,4320,139028,64,218280
21199,0.001601,172.31.40.0-255,66,139094,64,218280
21200,0.00164,172.217.194.0-255,3602,142696,64,218280
21201,0.001642,172.31.40.0-255,66,142762,64,218280
21202,0.00365,172.217.194.0-255,1484,144246,64,218280
21203,0.003716,172.217.194.0-255,4320,148566,64,218280
21204,0.003721,172.31.40.0-255,66,148632,64,218280
21205,0.005775,172.217.194.0-255,5738,154370,64,218280
21206,0.005778,172.31.40.0-255,66,154436,64,218280
21207,0.007827,172.217.194.0-255,5738,160174,64,218280
21208,0.00783,172.31.40.0-255,66,160240,64,218280
21209,0.009874,172.217.194.0-255,5738,165978,64,218280
21210,0.009881,172.31.40.0-255,66,166044,64,218280
21211,0.011955,172.217.194.0-255,5738,171782,64,218280
21212,0.011963,172.31.40.0-255,66,171848,64,218280
21213,0.014019,172.217.194.0-255,5738,177586,64,218280
21214,0.014025,172.31.40.0-255,66,177652,64,218280
21215,0.016115,172.217.194.0-255,5738,183390,64,218280
21216,0.016125,172.31.40.0-255,66,183456,64,218280
21217,0.018229,172.217.194.0-255,5738,189194,64,218280
21218,0.018238,172.31.40.0-255,66,189260,64,218280
21219,0.020345,172.217.194.0-255,5738,194998,64,218280
21220,0.020356,172.31.40.0-255,66,195064,64,218280
21221,0.022415,172.217.194.0-255,5738,200802,64,218280
21222,0.022431,172.31.40.0-255,66,200868,64,218280
21223,0.024525,172.217.194.0-255,5738,206606,64,218280
21224,0.024538,172.31.40.0-255,66,206672,64,218280
21225,0.026658,172.217.194.0-255,5738,212410,64,218280
21226,0.026672,172.31.40.0-255,66,212476,64,218280
21227,0.028773,172.217.194.0-255,5738,218214,64,218280
21228,0.028787,172.31.40.0-255,66,218280,64,218280
21229,0.0,74.125.130.0-255,146,146,64,344939
21230,2.6e-05,172.31.40.0-255,66,212,64,344939
21231,3.4e-05,74.125.130.0-255,1484,1696,64,344939
21232,3.8e-05,172.31.40.0-255,66,1762,64,344939
21233,4.4e-05,74.125.130.0-255,2902,4664,64,344939
21234,4.8e-05,172.31.40.0-255,66,4730,64,344939
21235,5.1e-05,74.125.130.0-255,1484,6214,64,344939
21236,5.4e-05,172.31.40.0-255,66,6280,64,344939
21237,5.8e-05,74.125.130.0-255,1484,7764,64,344939
21238,6.1e-05,172.31.40.0-255,66,7830,64,344939
21239,8e-05,74.125.130.0-255,1484,9314,64,344939
21240,8.3e-05,172.31.40.0-255,66,9380,64,344939
21241,0.000108,74.125.130.0-255,5011,14391,64,344939
21242,0.000111,172.31.40.0-255,66,14457,64,344939
21243,0.000242,74.125.130.0-255,1484,15941,64,344939
21244,0.000246,172.31.40.0-255,66,16007,64,344939
21245,0.00026,74.125.130.0-255,1484,17491,64,344939
21246,0.000263,172.31.40.0-255,66,17557,64,344939
21247,0.000268,74.125.130.0-255,2902,20459,64,344939
21248,0.00027,172.31.40.0-255,66,20525,64,344939
21249,0.000273,74.125.130.0-255,1484,22009,64,344939
21250,0.000275,172.31.40.0-255,66,22075,64,344939
21251,0.000302,74.125.130.0-255,4320,26395,64,344939
21252,0.000304,172.31.40.0-255,66,26461,64,344939
21253,0.000311,74.125.130.0-255,5379,31840,64,344939
21254,0.000314,172.31.40.0-255,66,31906,64,344939
21255,0.000343,74.125.130.0-255,5738,37644,64,344939
21256,0.000346,172.31.40.0-255,66,37710,64,344939
21257,0.000363,74.125.130.0-255,4320,42030,64,344939
21258,0.000366,172.31.40.0-255,66,42096,64,344939
21259,0.000392,74.125.130.0-255,7156,49252,64,344939
21260,0.000395,172.31.40.0-255,66,49318,64,344939
21261,0.000433,172.31.40.0-255,66,49384,64,344939
21262,0.000447,74.125.130.0-255,1484,50868,64,344939
21263,0.000454,74.125.130.0-255,3602,54470,64,344939
21264,0.000456,172.31.40.0-255,66,54536,64,344939
21265,0.000482,74.125.130.0-255,390,54926,64,344939
21266,0.0006,74.125.130.0-255,1484,56410,64,344939
21267,0.000605,172.31.40.0-255,66,56476,64,344939
21268,0.00061,74.125.130.0-255,2902,59378,64,344939
21269,0.000613,172.31.40.0-255,66,59444,64,344939
21270,0.000643,74.125.130.0-255,5738,65182,64,344939
21271,0.000646,172.31.40.0-255,66,65248,64,344939
21272,0.000653,74.125.130.0-255,5738,70986,64,344939
21273,0.000655,172.31.40.0-255,66,71052,64,344939
21274,0.000669,74.125.130.0-255,1484,72536,64,344939
21275,0.000688,74.125.130.0-255,4320,76856,64,344939
21276,0.00069,172.31.40.0-255,66,76922,64,344939
21277,0.000722,172.31.40.0-255,66,76988,64,344939
21278,0.000734,74.125.130.0-255,2184,79172,64,344939
21279,0.000737,172.31.40.0-255,66,79238,64,344939
21280,0.00081,74.125.130.0-255,385,79623,64,344939
21281,0.000945,74.125.130.0-255,1484,81107,64,344939
21282,0.000949,172.31.40.0-255,66,81173,64,344939
21283,0.000954,74.125.130.0-255,2902,84075,64,344939
21284,0.000956,172.31.40.0-255,66,84141,64,344939
21285,0.000971,74.125.130.0-255,1484,85625,64,344939
21286,0.000987,74.125.130.0-255,4320,89945,64,344939
21287,0.000989,172.31.40.0-255,66,90011,64,344939
21288,0.000995,74.125.130.0-255,4320,94331,64,344939
21289,0.000997,172.31.40.0-255,66,94397,64,344939
21290,0.001004,74.125.130.0-255,5738,100135,64,344939
21291,0.001006,172.31.40.0-255,66,100201,64,344939
21292,0.001041,172.31.40.0-255,66,100267,64,344939
21293,0.001062,74.125.130.0-255,2902,103169,64,344939
21294,0.001064,172.31.40.0-255,66,103235,64,344939
21295,0.001068,74.125.130.0-255,2184,105419,64,344939
21296,0.001071,172.31.40.0-255,66,105485,64,344939
21297,0.001118,74.125.130.0-255,1484,106969,64,344939
21298,0.001146,74.125.130.0-255,1484,108453,64,344939
21299,0.00115,172.31.40.0-255,66,108519,64,344939
21300,0.001162,74.125.130.0-255,2902,111421,64,344939
21301,0.001166,172.31.40.0-255,66,111487,64,344939
21302,0.001169,74.125.130.0-255,1484,112971,64,344939
21303,0.001188,74.125.130.0-255,4320,117291,64,344939
21304,0.001191,172.31.40.0-255,66,117357,64,344939
21305,0.001198,74.125.130.0-255,5738,123095,64,344939
21306,0.0012,172.31.40.0-255,66,123161,64,344939
21307,0.001218,74.125.130.0-255,4320,127481,64,344939
21308,0.001221,172.31.40.0-255,66,127547,64,344939
21309,0.001233,172.31.40.0-255,66,127613,64,344939
21310,0.001249,74.125.130.0-255,1484,129097,64,344939
21311,0.001252,74.125.130.0-255,766,129863,64,344939
21312,0.001255,172.31.40.0-255,66,129929,64,344939
21313,0.001301,74.125.130.0-255,1484,131413,64,344939
21314,0.001316,74.125.130.0-255,2902,134315,64,344939
21315,0.00132,172.31.40.0-255,66,134381,64,344939
21316,0.001358,74.125.130.0-255,5738,140119,64,344939
21317,0.001361,172.31.40.0-255,66,140185,64,344939
21318,0.001382,74.125.130.0-255,7156,147341,64,344939
21319,0.001384,172.31.40.0-255,66,147407,64,344939
21320,0.001388,74.125.130.0-255,1484,148891,64,344939
21321,0.001407,74.125.130.0-255,4320,153211,64,344939
21322,0.001411,172.31.40.0-255,66,153277,64,344939
21323,0.00143,74.125.130.0-255,7156,160433,64,344939
21324,0.001433,172.31.40.0-255,66,160499,64,344939
21325,0.001451,74.125.130.0-255,3602,164101,64,344939
21326,0.001454,172.31.40.0-255,66,164167,64,344939
21327,0.001547,74.125.130.0-255,1484,165651,64,344939
21328,0.001566,74.125.130.0-255,2902,168553,64,344939
21329,0.00157,172.31.40.0-255,66,168619,64,344939
21330,0.001574,74.125.130.0-255,1484,170103,64,344939
21331,0.001587,74.125.130.0-255,4320,174423,64,344939
21332,0.00159,172.31.40.0-255,66,174489,64,344939
21333,0.001594,74.125.130.0-255,2902,177391,64,344939
21334,0.001597,172.31.40.0-255,66,177457,64,344939
21335,0.001623,74.125.130.0-255,1484,178941,64,344939
21336,0.001631,74.125.130.0-255,5738,184679,64,344939
21337,0.001633,172.31.40.0-255,66,184745,64,344939
21338,0.001681,74.125.130.0-255,4320,189065,64,344939
21339,0.001686,172.31.40.0-255,66,189131,64,344939
21340,0.001701,74.125.130.0-255,4320,193451,64,344939
21341,0.001705,172.31.40.0-255,66,193517,64,344939
21342,0.001733,74.125.130.0-255,4320,197837,64,344939
21343,0.001737,172.31.40.0-255,66,197903,64,344939
21344,0.001754,74.125.130.0-255,766,198669,64,344939
21345,0.001771,74.125.130.0-255,1484,200153,64,344939
21346,0.001774,172.31.40.0-255,66,200219,64,344939
21347,0.001797,74.125.130.0-255,2902,203121,64,344939
21348,0.001799,172.31.40.0-255,66,203187,64,344939
21349,0.001802,74.125.130.0-255,1484,204671,64,344939
21350,0.001807,74.125.130.0-255,2902,207573,64,344939
21351,0.001809,172.31.40.0-255,66,207639,64,344939
21352,0.001866,74.125.130.0-255,5738,213377,64,344939
21353,0.001869,172.31.40.0-255,66,213443,64,344939
21354,0.001882,172.31.40.0-255,66,213509,64,344939
21355,0.001916,172.31.40.0-255,66,213575,64,344939
21356,0.001969,74.125.130.0-255,1484,215059,64,344939
21357,0.001974,74.125.130.0-255,2902,217961,64,344939
21358,0.001977,172.31.40.0-255,66,218027,64,344939
21359,0.00198,74.125.130.0-255,1484,219511,64,344939
21360,0.002009,74.125.130.0-255,4320,223831,64,344939
21361,0.002012,172.31.40.0-255,66,223897,64,344939
21362,0.002017,74.125.130.0-255,4320,228217,64,344939
21363,0.00202,172.31.40.0-255,66,228283,64,344939
21364,0.002026,74.125.130.0-255,5738,234021,64,344939
21365,0.002028,172.31.40.0-255,66,234087,64,344939
21366,0.002048,74.125.130.0-255,2902,236989,64,344939
21367,0.002051,172.31.40.0-255,66,237055,64,344939
21368,0.002066,74.125.130.0-255,7156,244211,64,344939
21369,0.002069,172.31.40.0-255,66,244277,64,344939
21370,0.002103,74.125.130.0-255,3602,247879,64,344939
21371,0.002106,172.31.40.0-255,66,247945,64,344939
21372,0.002213,74.125.130.0-255,1484,249429,64,344939
21373,0.002225,74.125.130.0-255,1484,250913,64,344939
21374,0.002228,172.31.40.0-255,66,250979,64,344939
21375,0.002246,74.125.130.0-255,1484,252463,64,344939
21376,0.002252,74.125.130.0-255,5738,258201,64,344939
21377,0.002256,74.125.130.0-255,2902,261103,64,344939
21378,0.00226,172.31.40.0-255,66,261169,64,344939
21379,0.002268,172.31.40.0-255,66,261235,64,344939
21380,0.002273,74.125.130.0-255,4320,265555,64,344939
21381,0.002276,172.31.40.0-255,66,265621,64,344939
21382,0.002289,74.125.130.0-255,2902,268523,64,344939
21383,0.002292,172.31.40.0-255,66,268589,64,344939
21384,0.00232,74.125.130.0-255,5738,274327,64,344939
21385,0.002323,172.31.40.0-255,66,274393,64,344939
21386,0.002329,74.125.130.0-255,5738,280131,64,344939
21387,0.002331,172.31.40.0-255,66,280197,64,344939
21388,0.002357,74.125.130.0-255,2184,282381,64,344939
21389,0.002359,172.31.40.0-255,66,282447,64,344939
21390,0.004708,74.125.130.0-255,4320,286767,64,344939
21391,0.004715,172.31.40.0-255,66,286833,64,344939
21392,0.004735,74.125.130.0-255,1484,288317,64,344939
21393,0.007082,74.125.130.0-255,4320,292637,64,344939
21394,0.007085,172.31.40.0-255,66,292703,64,344939
21395,0.009463,74.125.130.0-255,5738,298441,64,344939
21396,0.00947,172.31.40.0-255,66,298507,64,344939
21397,0.011848,74.125.130.0-255,5738,304245,64,344939
21398,0.011855,172.31.40.0-255,66,304311,64,344939
21399,0.014242,74.125.130.0-255,5738,310049,64,344939
21400,0.014251,172.31.40.0-255,66,310115,64,344939
21401,0.016623,74.125.130.0-255,5738,315853,64,344939
21402,0.016632,172.31.40.0-255,66,315919,64,344939
21403,0.019005,74.125.130.0-255,5738,321657,64,344939
21404,0.019014,172.31.40.0-255,66,321723,64,344939
21405,0.021407,74.125.130.0-255,5738,327461,64,344939
21406,0.021425,172.31.40.0-255,66,327527,64,344939
21407,0.023822,74.125.130.0-255,5738,333265,64,344939
21408,0.02383,172.31.40.0-255,66,333331,64,344939
21409,0.0262,74.125.130.0-255,5738,339069,64,344939
21410,0.026208,172.31.40.0-255,66,339135,64,344939
21411,0.028592,74.125.130.0-255,5738,344873,64,344939
21412,0.028603,172.31.40.0-255,66,344939,64,344939
21413,0.0,74.125.200.0-255,152,152,64,221455
21414,2.5e-05,172.31.40.0-255,66,218,64,221455
21415,3.3e-05,74.125.200.0-255,1484,1702,64,221455
21416,3.7e-05,172.31.40.0-255,66,1768,64,221455
21417,4e-05,74.125.200.0-255,1484,3252,64,221455
21418,4.3e-05,172.31.40.0-255,66,3318,64,221455
21419,4.8e-05,74.125.200.0-255,2902,6220,64,221455
21420,5.2e-05,172.31.40.0-255,66,6286,64,221455
21421,7.5e-05,74.125.200.0-255,5738,12024,64,221455
21422,7.8e-05,172.31.40.0-255,66,12090,64,221455
21423,8.2e-05,74.125.200.0-255,2125,14215,64,221455
21424,8.4e-05,172.31.40.0-255,66,14281,64,221455
21425,0.000341,74.125.200.0-255,1484,15765,64,221455
21426,0.000347,74.125.200.0-255,2902,18667,64,221455
21427,0.000357,172.31.40.0-255,66,18733,64,221455
21428,0.000361,172.31.40.0-255,66,18799,64,221455
21429,0.000368,74.125.200.0-255,5738,24537,64,221455
21430,0.00037,172.31.40.0-255,66,24603,64,221455
21431,0.000406,74.125.200.0-255,6797,31400,64,221455
21432,0.000409,172.31.40.0-255,66,31466,64,221455
21433,0.000571,74.125.200.0-255,1484,32950,64,221455
21434,0.000575,172.31.40.0-255,66,33016,64,221455
21435,0.000581,74.125.200.0-255,2902,35918,64,221455
21436,0.000583,172.31.40.0-255,66,35984,64,221455
21437,0.000603,74.125.200.0-255,5738,41722,64,221455
21438,0.000606,172.31.40.0-255,66,41788,64,221455
21439,0.000637,74.125.200.0-255,6797,48585,64,221455
21440,0.000641,172.31.40.0-255,66,48651,64,221455
21441,0.000697,172.31.40.0-255,66,48717,64,221455
21442,0.000725,172.31.40.0-255,66,48783,64,221455
21443,0.000784,74.125.200.0-255,127,48910,64,221455
21444,0.000803,74.125.200.0-255,347,49257,64,221455
21445,0.00106,74.125.200.0-255,1484,50741,64,221455
21446,0.001065,172.31.40.0-255,66,50807,64,221455
21447,0.001092,74.125.200.0-255,1484,52291,64,221455
21448,0.001104,74.125.200.0-255,1484,53775,64,221455
21449,0.001106,172.31.40.0-255,66,53841,64,221455
21450,0.001113,74.125.200.0-255,5738,59579,64,221455
21451,0.001116,172.31.40.0-255,66,59645,64,221455
21452,0.001121,74.125.200.0-255,4320,63965,64,221455
21453,0.001124,172.31.40.0-255,66,64031,64,221455
21454,0.001146,74.125.200.0-255,2902,66933,64,221455
21455,0.001148,172.31.40.0-255,66,66999,64,221455
21456,0.001159,74.125.200.0-255,2902,69901,64,221455
21457,0.001161,172.31.40.0-255,66,69967,64,221455
21458,0.00119,74.125.200.0-255,2902,72869,64,221455
21459,0.001193,172.31.40.0-255,66,72935,64,221455
21460,0.001213,74.125.200.0-255,4320,77255,64,221455
21461,0.001216,172.31.40.0-255,66,77321,64,221455
21462,0.001222,74.125.200.0-255,6438,83759,64,221455
21463,0.001224,172.31.40.0-255,66,83825,64,221455
21464,0.001263,74.125.200.0-255,2902,86727,64,221455
21465,0.001266,172.31.40.0-255,66,86793,64,221455
21466,0.001279,74.125.200.0-255,1484,88277,64,221455
21467,0.001286,74.125.200.0-255,5738,94015,64,221455
21468,0.001288,172.31.40.0-255,66,94081,64,221455
21469,0.001292,74.125.200.0-255,1484,95565,64,221455
21470,0.001313,172.31.40.0-255,66,95631,64,221455
21471,0.001338,74.125.200.0-255,1484,97115,64,221455
21472,0.001342,74.125.200.0-255,1484,98599,64,221455
21473,0.001344,172.31.40.0-255,66,98665,64,221455
21474,0.001385,172.31.40.0-255,66,98731,64,221455
21475,0.001525,74.125.200.0-255,1484,100215,64,221455
21476,0.001532,74.125.200.0-255,2902,103117,64,221455
21477,0.001536,172.31.40.0-255,66,103183,64,221455
21478,0.001554,74.125.200.0-255,5738,108921,64,221455
21479,0.001557,172.31.40.0-255,66,108987,64,221455
21480,0.001562,74.125.200.0-255,4320,113307,64,221455
21481,0.001564,172.31.40.0-255,66,113373,64,221455
21482,0.001581,74.125.200.0-255,4320,117693,64,221455
21483,0.001584,172.31.40.0-255,66,117759,64,221455
21484,0.001603,74.125.200.0-255,1484,119243,64,221455
21485,0.001606,74.125.200.0-255,1484,120727,64,221455
21486,0.001608,172.31.40.0-255,66,120793,64,221455
21487,0.001646,172.31.40.0-255,66,120859,64,221455
21488,0.00165,74.125.200.0-255,2184,123043,64,221455
21489,0.001653,172.31.40.0-255,66,123109,64,221455
21490,0.001864,74.125.200.0-255,1484,124593,64,221455
21491,0.001881,74.125.200.0-255,1484,126077,64,221455
21492,0.001883,172.31.40.0-255,66,126143,64,221455
21493,0.001888,74.125.200.0-255,2902,129045,64,221455
21494,0.00189,172.31.40.0-255,66,129111,64,221455
21495,0.001893,74.125.200.0-255,1484,130595,64,221455
21496,0.001917,74.125.200.0-255,4320,134915,64,221455
21497,0.001919,172.31.40.0-255,66,134981,64,221455
21498,0.001946,172.31.40.0-255,66,135047,64,221455
21499,0.001971,74.125.200.0-255,1484,136531,64,221455
21500,0.001982,74.125.200.0-255,2902,139433,64,221455
21501,0.001984,172.31.40.0-255,66,139499,64,221455
21502,0.002002,74.125.200.0-255,6438,145937,64,221455
21503,0.002005,172.31.40.0-255,66,146003,64,221455
21504,0.004024,74.125.200.0-255,5738,151741,64,221455
21505,0.004031,172.31.40.0-255,66,151807,64,221455
21506,0.006063,74.125.200.0-255,5738,157545,64,221455
21507,0.00607,172.31.40.0-255,66,157611,64,221455
21508,0.008111,74.125.200.0-255,5738,163349,64,221455
21509,0.008119,172.31.40.0-255,66,163415,64,221455
21510,0.010166,74.125.200.0-255,5738,169153,64,221455
21511,0.010176,172.31.40.0-255,66,169219,64,221455
21512,0.01222,74.125.200.0-255,5738,174957,64,221455
21513,0.012227,172.31.40.0-255,66,175023,64,221455
21514,0.014267,74.125.200.0-255,5738,180761,64,221455
21515,0.014274,172.31.40.0-255,66,180827,64,221455
21516,0.016305,74.125.200.0-255,5738,186565,64,221455
21517,0.016313,172.31.40.0-255,66,186631,64,221455
21518,0.018349,74.125.200.0-255,5738,192369,64,221455
21519,0.018355,172.31.40.0-255,66,192435,64,221455
21520,0.020442,74.125.200.0-255,5738,198173,64,221455
21521,0.020452,172.31.40.0-255,66,198239,64,221455
21522,0.022507,74.125.200.0-255,5738,203977,64,221455
21523,0.022525,172.31.40.0-255,66,204043,64,221455
21524,0.024589,74.125.200.0-255,5738,209781,64,221455
21525,0.024603,172.31.40.0-255,66,209847,64,221455
21526,0.026665,74.125.200.0-255,5738,215585,64,221455
21527,0.02668,172.31.40.0-255,66,215651,64,221455
21528,0.02874,74.125.200.0-255,5738,221389,64,221455
21529,0.028754,172.31.40.0-255,66,221455,64,221455
21530,0.0,74.125.200.0-255,153,153,64,132280
21531,2.5e-05,172.31.40.0-255,66,219,64,132280
21532,3.3e-05,74.125.200.0-255,1484,1703,64,132280
21533,3.8e-05,172.31.40.0-255,66,1769,64,132280
21534,5.3e-05,74.125.200.0-255,2902,4671,64,132280
21535,5.7e-05,172.31.40.0-255,66,4737,64,132280
21536,6.5e-05,74.125.200.0-255,7156,11893,64,132280
21537,6.9e-05,172.31.40.0-255,66,11959,64,132280
21538,8e-05,172.31.40.0-255,66,12025,64,132280
21539,8.7e-05,74.125.200.0-255,7156,19181,64,132280
21540,9e-05,172.31.40.0-255,66,19247,64,132280
21541,0.000116,74.125.200.0-255,3961,23208,64,132280
21542,0.000119,172.31.40.0-255,66,23274,64,132280
21543,0.000559,74.125.200.0-255,1484,24758,64,132280
21544,0.000566,172.31.40.0-255,66,24824,64,132280
21545,0.000571,74.125.200.0-255,1484,26308,64,132280
21546,0.000574,172.31.40.0-255,66,26374,64,132280
21547,0.000585,74.125.200.0-255,2902,29276,64,132280
21548,0.000588,172.31.40.0-255,66,29342,64,132280
21549,0.000593,74.125.200.0-255,4320,33662,64,132280
21550,0.000596,172.31.40.0-255,66,33728,64,132280
21551,0.000626,74.125.200.0-255,1484,35212,64,132280
21552,0.000629,172.31.40.0-255,66,35278,64,132280
21553,0.000642,172.31.40.0-255,66,35344,64,132280
21554,0.000666,74.125.200.0-255,2902,38246,64,132280
21555,0.000668,172.31.40.0-255,66,38312,64,132280
21556,0.000706,172.31.40.0-255,66,38378,64,132280
21557,0.000721,74.125.200.0-255,766,39144,64,132280
21558,0.000724,172.31.40.0-255,66,39210,64,132280
21559,0.000942,74.125.200.0-255,364,39574,64,132280
21560,0.001011,74.125.200.0-255,126,39700,64,132280
21561,0.001125,172.31.40.0-255,66,39766,64,132280
21562,0.001673,74.125.200.0-255,1484,41250,64,132280
21563,0.001695,74.125.200.0-255,1484,42734,64,132280
21564,0.001701,172.31.40.0-255,66,42800,64,132280
21565,0.001721,74.125.200.0-255,1484,44284,64,132280
21566,0.001725,74.125.200.0-255,1484,45768,64,132280
21567,0.001727,172.31.40.0-255,66,45834,64,132280
21568,0.001732,74.125.200.0-255,2902,48736,64,132280
21569,0.001734,172.31.40.0-255,66,48802,64,132280
21570,0.00174,74.125.200.0-255,5738,54540,64,132280
21571,0.001742,172.31.40.0-255,66,54606,64,132280
21572,0.001754,172.31.40.0-255,66,54672,64,132280
21573,0.001767,74.125.200.0-255,2902,57574,64,132280
21574,0.001769,172.31.40.0-255,66,57640,64,132280
21575,0.001791,74.125.200.0-255,1484,59124,64,132280
21576,0.001816,74.125.200.0-255,5020,64144,64,132280
21577,0.001819,172.31.40.0-255,66,64210,64,132280
21578,0.004136,74.125.200.0-255,1484,65694,64,132280
21579,0.00418,74.125.200.0-255,4320,70014,64,132280
21580,0.004184,172.31.40.0-255,66,70080,64,132280
21581,0.006525,74.125.200.0-255,5738,75818,64,132280
21582,0.006536,172.31.40.0-255,66,75884,64,132280
21583,0.008878,74.125.200.0-255,5738,81622,64,132280
21584,0.008886,172.31.40.0-255,66,81688,64,132280
21585,0.011231,74.125.200.0-255,5738,87426,64,132280
21586,0.011242,172.31.40.0-255,66,87492,64,132280
21587,0.013589,74.125.200.0-255,5738,93230,64,132280
21588,0.013602,172.31.40.0-255,66,93296,64,132280
21589,0.015937,74.125.200.0-255,5738,99034,64,132280
21590,0.01595,172.31.40.0-255,66,99100,64,132280
21591,0.018311,74.125.200.0-255,5738,104838,64,132280
21592,0.018329,172.31.40.0-255,66,104904,64,132280
21593,0.020683,74.125.200.0-255,5738,110642,64,132280
21594,0.020701,172.31.40.0-255,66,110708,64,132280
21595,0.023052,74.125.200.0-255,5738,116446,64,132280
21596,0.023064,172.31.40.0-255,66,116512,64,132280
21597,0.025415,74.125.200.0-255,5738,122250,64,132280
21598,0.025433,172.31.40.0-255,66,122316,64,132280
21599,0.027789,74.125.200.0-255,5738,128054,64,132280
21600,0.027807,172.31.40.0-255,66,128120,64,132280
21601,0.028436,172.31.40.0-255,172,128292,64,132280
21602,0.028472,172.31.40.0-255,1112,129404,64,132280
21603,0.02855,172.31.40.0-255,1514,130918,64,132280
21604,0.028552,172.31.40.0-255,1296,132214,64,132280
21605,0.029977,104.244.42.0-255,66,132280,64,132280
21606,0.0,172.217.194.0-255,153,153,64,193191
21607,2.5e-05,172.31.40.0-255,66,219,64,193191
21608,3.2e-05,172.217.194.0-255,1484,1703,64,193191
21609,3.7e-05,172.31.40.0-255,66,1769,64,193191
21610,5.2e-05,172.217.194.0-255,2902,4671,64,193191
21611,5.6e-05,172.31.40.0-255,66,4737,64,193191
21612,6.4e-05,172.217.194.0-255,5738,10475,64,193191
21613,6.6e-05,172.31.40.0-255,66,10541,64,193191
21614,8.2e-05,172.31.40.0-255,66,10607,64,193191
21615,8.7e-05,172.217.194.0-255,2902,13509,64,193191
21616,8.9e-05,172.31.40.0-255,66,13575,64,193191
21617,0.000109,172.217.194.0-255,3961,17536,64,193191
21618,0.000112,172.31.40.0-255,66,17602,64,193191
21619,0.00016,172.217.194.0-255,1484,19086,64,193191
21620,0.000163,172.31.40.0-255,66,19152,64,193191
21621,0.000166,172.217.194.0-255,1484,20636,64,193191
21622,0.000169,172.31.40.0-255,66,20702,64,193191
21623,0.000208,172.217.194.0-255,1484,22186,64,193191
21624,0.00021,172.31.40.0-255,66,22252,64,193191
21625,0.000218,172.217.194.0-255,5738,27990,64,193191
21626,0.00022,172.31.40.0-255,66,28056,64,193191
21627,0.000239,172.31.40.0-255,66,28122,64,193191
21628,0.00025,172.31.40.0-255,66,28188,64,193191
21629,0.000279,172.217.194.0-255,2797,30985,64,193191
21630,0.000281,172.31.40.0-255,66,31051,64,193191
21631,0.00042,172.217.194.0-255,1484,32535,64,193191
21632,0.000424,172.31.40.0-255,66,32601,64,193191
21633,0.000429,172.217.194.0-255,2902,35503,64,193191
21634,0.000432,172.31.40.0-255,66,35569,64,193191
21635,0.000455,172.217.194.0-255,5738,41307,64,193191
21636,0.000462,172.31.40.0-255,66,41373,64,193191
21637,0.000468,172.217.194.0-255,4320,45693,64,193191
21638,0.000471,172.31.40.0-255,66,45759,64,193191
21639,0.000511,172.31.40.0-255,66,45825,64,193191
21640,0.000524,172.31.40.0-255,66,45891,64,193191
21641,0.000691,172.217.194.0-255,1484,47375,64,193191
21642,0.000699,172.217.194.0-255,2902,50277,64,193191
21643,0.000702,172.31.40.0-255,66,50343,64,193191
21644,0.000709,172.217.194.0-255,5738,56081,64,193191
21645,0.000712,172.31.40.0-255,66,56147,64,193191
21646,0.000719,172.217.194.0-255,1484,57631,64,193191
21647,0.000756,172.31.40.0-255,66,57697,64,193191
21648,0.000772,172.31.40.0-255,66,57763,64,193191
21649,0.000775,172.217.194.0-255,766,58529,64,193191
21650,0.001322,172.217.194.0-255,1484,60013,64,193191
21651,0.001331,172.31.40.0-255,66,60079,64,193191
21652,0.001352,172.217.194.0-255,2902,62981,64,193191
21653,0.001354,172.31.40.0-255,66,63047,64,193191
21654,0.001361,172.217.194.0-255,5738,68785,64,193191
21655,0.001363,172.31.40.0-255,66,68851,64,193191
21656,0.001368,172.217.194.0-255,2902,71753,64,193191
21657,0.00137,172.31.40.0-255,66,71819,64,193191
21658,0.001383,172.217.194.0-255,2902,74721,64,193191
21659,0.001385,172.31.40.0-255,66,74787,64,193191
21660,0.001419,172.217.194.0-255,7156,81943,64,193191
21661,0.001422,172.31.40.0-255,66,82009,64,193191
21662,0.001433,172.217.194.0-255,5738,87747,64,193191
21663,0.001435,172.31.40.0-255,66,87813,64,193191
21664,0.001441,172.217.194.0-255,5020,92833,64,193191
21665,0.001443,172.31.40.0-255,66,92899,64,193191
21666,0.001521,172.217.194.0-255,1484,94383,64,193191
21667,0.001541,172.217.194.0-255,2902,97285,64,193191
21668,0.001545,172.31.40.0-255,66,97351,64,193191
21669,0.001552,172.217.194.0-255,5738,103089,64,193191
21670,0.001554,172.31.40.0-255,66,103155,64,193191
21671,0.001596,172.31.40.0-255,66,103221,64,193191
21672,0.001611,172.31.40.0-255,66,103287,64,193191
21673,0.001614,172.217.194.0-255,766,104053,64,193191
21674,0.001815,172.217.194.0-255,1484,105537,64,193191
21675,0.00182,172.217.194.0-255,2902,108439,64,193191
21676,0.001825,172.31.40.0-255,66,108505,64,193191
21677,0.001828,172.31.40.0-255,66,108571,64,193191
21678,0.00185,172.217.194.0-255,5738,114309,64,193191
21679,0.001853,172.31.40.0-255,66,114375,64,193191
21680,0.001858,172.217.194.0-255,4320,118695,64,193191
21681,0.00186,172.31.40.0-255,66,118761,64,193191
21682,0.001905,172.31.40.0-255,66,118827,64,193191
21683,0.001924,172.31.40.0-255,66,118893,64,193191
21684,0.002204,172.217.194.0-255,1484,120377,64,193191
21685,0.002211,172.217.194.0-255,2902,123279,64,193191
21686,0.002215,172.31.40.0-255,66,123345,64,193191
21687,0.002248,172.217.194.0-255,5738,129083,64,193191
21688,0.002251,172.31.40.0-255,66,129149,64,193191
21689,0.002276,172.31.40.0-255,66,129215,64,193191
21690,0.002348,172.31.40.0-255,66,129281,64,193191
21691,0.002365,172.31.40.0-255,66,129347,64,193191
21692,0.00466,172.217.194.0-255,5738,135085,64,193191
21693,0.00467,172.31.40.0-255,66,135151,64,193191
21694,0.006972,172.217.194.0-255,5738,140889,64,193191
21695,0.006982,172.31.40.0-255,66,140955,64,193191
21696,0.009299,172.217.194.0-255,5738,146693,64,193191
21697,0.009318,172.31.40.0-255,66,146759,64,193191
21698,0.011612,172.217.194.0-255,5738,152497,64,193191
21699,0.011629,172.31.40.0-255,66,152563,64,193191
21700,0.013919,172.217.194.0-255,5738,158301,64,193191
21701,0.013926,172.31.40.0-255,66,158367,64,193191
21702,0.016242,172.217.194.0-255,5738,164105,64,193191
21703,0.016249,172.31.40.0-255,66,164171,64,193191
21704,0.018553,172.217.194.0-255,5738,169909,64,193191
21705,0.018571,172.31.40.0-255,66,169975,64,193191
21706,0.020872,172.217.194.0-255,5738,175713,64,193191
21707,0.02088,172.31.40.0-255,66,175779,64,193191
21708,0.023176,172.217.194.0-255,5738,181517,64,193191
21709,0.02319,172.31.40.0-255,66,181583,64,193191
21710,0.025507,172.217.194.0-255,5738,187321,64,193191
21711,0.025523,172.31.40.0-255,66,187387,64,193191
21712,0.027808,172.217.194.0-255,5738,193125,64,193191
21713,0.02782,172.31.40.0-255,66,193191,64,193191
21714,0.0,74.125.24.0-255,153,153,64,153277
21715,1.6e-05,172.31.40.0-255,66,219,64,153277
21716,2.2e-05,74.125.24.0-255,1484,1703,64,153277
21717,2.6e-05,172.31.40.0-255,66,1769,64,153277
21718,3.1e-05,74.125.24.0-255,2902,4671,64,153277
21719,3.3e-05,172.31.40.0-255,66,4737,64,153277
21720,4e-05,74.125.24.0-255,7156,11893,64,153277
21721,4.2e-05,172.31.40.0-255,66,11959,64,153277
21722,4.6e-05,74.125.24.0-255,2061,14020,64,153277
21723,4.9e-05,172.31.40.0-255,66,14086,64,153277
21724,0.000126,74.125.24.0-255,1484,15570,64,153277
21725,0.000129,172.31.40.0-255,66,15636,64,153277
21726,0.000134,74.125.24.0-255,2902,18538,64,153277
21727,0.000136,172.31.40.0-255,66,18604,64,153277
21728,0.00015,74.125.24.0-255,5738,24342,64,153277
21729,0.000153,172.31.40.0-255,66,24408,64,153277
21730,0.000155,74.125.24.0-255,1484,25892,64,153277
21731,0.000157,172.31.40.0-255,66,25958,64,153277
21732,0.000179,74.125.24.0-255,1484,27442,64,153277
21733,0.000181,172.31.40.0-255,66,27508,64,153277
21734,0.000209,172.31.40.0-255,66,27574,64,153277
21735,0.000221,172.31.40.0-255,66,27640,64,153277
21736,0.000236,74.125.24.0-255,4320,31960,64,153277
21737,0.000239,172.31.40.0-255,66,32026,64,153277
21738,0.000276,172.31.40.0-255,66,32092,64,153277
21739,0.000278,74.125.24.0-255,136,32228,64,153277
21740,0.00028,172.31.40.0-255,66,32294,64,153277
21741,0.00039,74.125.24.0-255,1484,33778,64,153277
21742,0.000393,172.31.40.0-255,66,33844,64,153277
21743,0.000398,74.125.24.0-255,2902,36746,64,153277
21744,0.000409,74.125.24.0-255,1484,38230,64,153277
21745,0.000426,74.125.24.0-255,4320,42550,64,153277
21746,0.00044,172.31.40.0-255,66,42616,64,153277
21747,0.000511,74.125.24.0-255,1484,44100,64,153277
21748,0.000517,172.31.40.0-255,66,44166,64,153277
21749,0.000535,74.125.24.0-255,2902,47068,64,153277
21750,0.000541,74.125.24.0-255,5738,52806,64,153277
21751,0.000547,172.31.40.0-255,66,52872,64,153277
21752,0.000562,74.125.24.0-255,7156,60028,64,153277
21753,0.000579,74.125.24.0-255,1484,61512,64,153277
21754,0.000585,172.31.40.0-255,66,61578,64,153277
21755,0.000602,74.125.24.0-255,1879,63457,64,153277
21756,0.000607,172.31.40.0-255,66,63523,64,153277
21757,0.000659,74.125.24.0-255,1484,65007,64,153277
21758,0.000664,74.125.24.0-255,2902,67909,64,153277
21759,0.000681,74.125.24.0-255,5738,73647,64,153277
21760,0.000688,172.31.40.0-255,66,73713,64,153277
21761,0.000708,74.125.24.0-255,2902,76615,64,153277
21762,0.000715,172.31.40.0-255,66,76681,64,153277
21763,0.000734,74.125.24.0-255,7156,83837,64,153277
21764,0.000751,172.31.40.0-255,66,83903,64,153277
21765,0.000765,74.125.24.0-255,2184,86087,64,153277
21766,0.000783,172.31.40.0-255,66,86153,64,153277
21767,0.000815,74.125.24.0-255,1484,87637,64,153277
21768,0.000818,74.125.24.0-255,1484,89121,64,153277
21769,0.000822,172.31.40.0-255,66,89187,64,153277
21770,0.00083,74.125.24.0-255,1484,90671,64,153277
21771,0.000834,74.125.24.0-255,2902,93573,64,153277
21772,0.000838,172.31.40.0-255,66,93639,64,153277
21773,0.00085,74.125.24.0-255,2902,96541,64,153277
21774,0.000855,74.125.24.0-255,5738,102279,64,153277
21775,0.000868,172.31.40.0-255,66,102345,64,153277
21776,0.000898,74.125.24.0-255,1125,103470,64,153277
21777,0.000992,74.125.24.0-255,1484,104954,64,153277
21778,0.001006,172.31.40.0-255,66,105020,64,153277
21779,0.001013,74.125.24.0-255,1484,106504,64,153277
21780,0.001023,74.125.24.0-255,1484,107988,64,153277
21781,0.001028,74.125.24.0-255,4320,112308,64,153277
21782,0.00106,172.31.40.0-255,66,112374,64,153277
21783,0.001087,172.31.40.0-255,66,112440,64,153277
21784,0.001126,74.125.24.0-255,6438,118878,64,153277
21785,0.00114,172.31.40.0-255,66,118944,64,153277
21786,0.00116,74.125.24.0-255,2902,121846,64,153277
21787,0.00117,172.31.40.0-255,66,121912,64,153277
21788,0.00118,74.125.24.0-255,4320,126232,64,153277
21789,0.001196,74.125.24.0-255,2902,129134,64,153277
21790,0.001209,172.31.40.0-255,66,129200,64,153277
21791,0.001215,74.125.24.0-255,5738,134938,64,153277
21792,0.001219,172.31.40.0-255,66,135004,64,153277
21793,0.001227,74.125.24.0-255,4320,139324,64,153277
21794,0.001257,74.125.24.0-255,766,140090,64,153277
21795,0.001279,74.125.24.0-255,5738,145828,64,153277
21796,0.001282,172.31.40.0-255,66,145894,64,153277
21797,0.001288,172.31.40.0-255,66,145960,64,153277
21798,0.001345,172.31.40.0-255,66,146026,64,153277
21799,0.001389,74.125.24.0-255,1484,147510,64,153277
21800,0.001397,172.31.40.0-255,66,147576,64,153277
21801,0.001466,172.31.40.0-255,66,147642,64,153277
21802,0.001492,172.31.40.0-255,66,147708,64,153277
21803,0.001524,74.125.24.0-255,1484,149192,64,153277
21804,0.001526,172.31.40.0-255,66,149258,64,153277
21805,0.001569,172.31.40.0-255,66,149324,64,153277
21806,0.001582,172.31.40.0-255,66,149390,64,153277
21807,0.001591,74.125.24.0-255,3479,152869,64,153277
21808,0.001608,172.31.40.0-255,66,152935,64,153277
21809,0.001629,74.125.24.0-255,105,153040,64,153277
21810,0.004148,172.31.40.0-255,66,153106,64,153277
21811,0.004185,172.31.40.0-255,105,153211,64,153277
21812,0.006455,74.125.24.0-255,66,153277,64,153277
21813,0.0,172.217.194.0-255,152,152,64,202686
21814,2.3e-05,172.31.40.0-255,66,218,64,202686
21815,3e-05,172.217.194.0-255,1484,1702,64,202686
21816,3.5e-05,172.31.40.0-255,66,1768,64,202686
21817,4.1e-05,172.217.194.0-255,2902,4670,64,202686
21818,4.4e-05,172.31.40.0-255,66,4736,64,202686
21819,5.2e-05,172.217.194.0-255,7156,11892,64,202686
21820,5.5e-05,172.31.40.0-255,66,11958,64,202686
21821,5.9e-05,172.217.194.0-255,1976,13934,64,202686
21822,6.2e-05,172.31.40.0-255,66,14000,64,202686
21823,7.5e-05,172.31.40.0-255,66,14066,64,202686
21824,0.000107,172.217.194.0-255,5379,19445,64,202686
21825,0.000111,172.31.40.0-255,66,19511,64,202686
21826,0.000161,172.217.194.0-255,1484,20995,64,202686
21827,0.000164,172.31.40.0-255,66,21061,64,202686
21828,0.000169,172.217.194.0-255,2902,23963,64,202686
21829,0.000171,172.31.40.0-255,66,24029,64,202686
21830,0.000194,172.217.194.0-255,5738,29767,64,202686
21831,0.000196,172.31.40.0-255,66,29833,64,202686
21832,0.000201,172.217.194.0-255,2902,32735,64,202686
21833,0.000203,172.31.40.0-255,66,32801,64,202686
21834,0.000225,172.217.194.0-255,3961,36762,64,202686
21835,0.000227,172.31.40.0-255,66,36828,64,202686
21836,0.000242,172.217.194.0-255,4320,41148,64,202686
21837,0.000245,172.31.40.0-255,66,41214,64,202686
21838,0.000259,172.217.194.0-255,7156,48370,64,202686
21839,0.000262,172.31.40.0-255,66,48436,64,202686
21840,0.000283,172.217.194.0-255,2902,51338,64,202686
21841,0.000285,172.31.40.0-255,66,51404,64,202686
21842,0.000304,172.217.194.0-255,2836,54240,64,202686
21843,0.000306,172.31.40.0-255,66,54306,64,202686
21844,0.000309,172.217.194.0-255,365,54671,64,202686
21845,0.000357,172.217.194.0-255,1484,56155,64,202686
21846,0.00036,172.31.40.0-255,66,56221,64,202686
21847,0.000366,172.217.194.0-255,4320,60541,64,202686
21848,0.000368,172.31.40.0-255,66,60607,64,202686
21849,0.000397,172.31.40.0-255,66,60673,64,202686
21850,0.000413,172.217.194.0-255,1484,62157,64,202686
21851,0.000416,172.217.194.0-255,573,62730,64,202686
21852,0.000418,172.31.40.0-255,66,62796,64,202686
21853,0.000421,172.217.194.0-255,1484,64280,64,202686
21854,0.000424,172.217.194.0-255,1484,65764,64,202686
21855,0.000425,172.31.40.0-255,66,65830,64,202686
21856,0.000442,172.217.194.0-255,2902,68732,64,202686
21857,0.000444,172.31.40.0-255,66,68798,64,202686
21858,0.00045,172.217.194.0-255,4320,73118,64,202686
21859,0.000452,172.31.40.0-255,66,73184,64,202686
21860,0.00048,172.217.194.0-255,4320,77504,64,202686
21861,0.000482,172.31.40.0-255,66,77570,64,202686
21862,0.000486,172.217.194.0-255,2543,80113,64,202686
21863,0.000489,172.31.40.0-255,66,80179,64,202686
21864,0.000522,172.217.194.0-255,1484,81663,64,202686
21865,0.000527,172.217.194.0-255,2902,84565,64,202686
21866,0.00053,172.31.40.0-255,66,84631,64,202686
21867,0.000533,172.217.194.0-255,1484,86115,64,202686
21868,0.000556,172.217.194.0-255,4320,90435,64,202686
21869,0.000558,172.31.40.0-255,66,90501,64,202686
21870,0.00057,172.31.40.0-255,66,90567,64,202686
21871,0.000597,172.217.194.0-255,4320,94887,64,202686
21872,0.0006,172.31.40.0-255,66,94953,64,202686
21873,0.000612,172.31.40.0-255,66,95019,64,202686
21874,0.000614,172.217.194.0-255,766,95785,64,202686
21875,0.000675,172.217.194.0-255,1484,97269,64,202686
21876,0.000678,172.31.40.0-255,66,97335,64,202686
21877,0.00072,172.217.194.0-255,2902,100237,64,202686
21878,0.000722,172.31.40.0-255,66,100303,64,202686
21879,0.000744,172.217.194.0-255,2902,103205,64,202686
21880,0.000746,172.31.40.0-255,66,103271,64,202686
21881,0.000779,172.217.194.0-255,2902,106173,64,202686
21882,0.000782,172.31.40.0-255,66,106239,64,202686
21883,0.000786,172.217.194.0-255,2902,109141,64,202686
21884,0.000789,172.31.40.0-255,66,109207,64,202686
21885,0.000811,172.31.40.0-255,66,109273,64,202686
21886,0.000819,172.217.194.0-255,1484,110757,64,202686
21887,0.000859,172.217.194.0-255,4320,115077,64,202686
21888,0.000863,172.31.40.0-255,66,115143,64,202686
21889,0.000885,172.217.194.0-255,6438,121581,64,202686
21890,0.000888,172.31.40.0-255,66,121647,64,202686
21891,0.000893,172.217.194.0-255,4320,125967,64,202686
21892,0.000895,172.31.40.0-255,66,126033,64,202686
21893,0.000945,172.31.40.0-255,66,126099,64,202686
21894,0.000962,172.217.194.0-255,4320,130419,64,202686
21895,0.000965,172.31.40.0-255,66,130485,64,202686
21896,0.000976,172.31.40.0-255,66,130551,64,202686
21897,0.001017,172.31.40.0-255,66,130617,64,202686
21898,0.001029,172.31.40.0-255,66,130683,64,202686
21899,0.001042,172.31.40.0-255,66,130749,64,202686
21900,0.001055,172.31.40.0-255,66,130815,64,202686
21901,0.001077,172.217.194.0-255,766,131581,64,202686
21902,0.001133,172.217.194.0-255,1484,133065,64,202686
21903,0.001136,172.31.40.0-255,66,133131,64,202686
21904,0.001141,172.217.194.0-255,2902,136033,64,202686
21905,0.001143,172.31.40.0-255,66,136099,64,202686
21906,0.001148,172.217.194.0-255,2902,139001,64,202686
21907,0.00115,172.31.40.0-255,66,139067,64,202686
21908,0.001171,172.217.194.0-255,2902,141969,64,202686
21909,0.001173,172.31.40.0-255,66,142035,64,202686
21910,0.00118,172.217.194.0-255,5738,147773,64,202686
21911,0.001182,172.31.40.0-255,66,147839,64,202686
21912,0.001212,172.217.194.0-255,7156,154995,64,202686
21913,0.001215,172.31.40.0-255,66,155061,64,202686
21914,0.001225,172.31.40.0-255,66,155127,64,202686
21915,0.001263,172.217.194.0-255,2184,157311,64,202686
21916,0.001266,172.31.40.0-255,66,157377,64,202686
21917,0.001498,172.217.194.0-255,1484,158861,64,202686
21918,0.001504,172.217.194.0-255,2902,161763,64,202686
21919,0.001507,172.31.40.0-255,66,161829,64,202686
21920,0.001534,172.217.194.0-255,5738,167567,64,202686
21921,0.001537,172.31.40.0-255,66,167633,64,202686
21922,0.001578,172.31.40.0-255,66,167699,64,202686
21923,0.00159,172.31.40.0-255,66,167765,64,202686
21924,0.001652,172.217.194.0-255,1484,169249,64,202686
21925,0.00167,172.217.194.0-255,2902,172151,64,202686
21926,0.001673,172.31.40.0-255,66,172217,64,202686
21927,0.00168,172.217.194.0-255,5738,177955,64,202686
21928,0.001683,172.31.40.0-255,66,178021,64,202686
21929,0.001695,172.31.40.0-255,66,178087,64,202686
21930,0.001717,172.217.194.0-255,1484,179571,64,202686
21931,0.001731,172.217.194.0-255,2902,182473,64,202686
21932,0.001734,172.31.40.0-255,66,182539,64,202686
21933,0.001765,172.31.40.0-255,66,182605,64,202686
21934,0.001768,172.217.194.0-255,1484,184089,64,202686
21935,0.00179,172.217.194.0-255,2902,186991,64,202686
21936,0.001793,172.31.40.0-255,66,187057,64,202686
21937,0.001812,172.217.194.0-255,2902,189959,64,202686
21938,0.001815,172.31.40.0-255,66,190025,64,202686
21939,0.001826,172.31.40.0-255,66,190091,64,202686
21940,0.001843,172.31.40.0-255,66,190157,64,202686
21941,0.001846,172.217.194.0-255,766,190923,64,202686
21942,0.001879,172.217.194.0-255,7156,198079,64,202686
21943,0.001884,172.31.40.0-255,66,198145,64,202686
21944,0.001917,172.31.40.0-255,66,198211,64,202686
21945,0.001923,172.217.194.0-255,4067,202278,64,202686
21946,0.001925,172.31.40.0-255,66,202344,64,202686
21947,0.001948,172.217.194.0-255,105,202449,64,202686
21948,0.014663,172.31.40.0-255,66,202515,64,202686
21949,0.014718,172.31.40.0-255,105,202620,64,202686
21950,0.017002,172.217.194.0-255,66,202686,64,202686
21951,0.0,74.125.68.0-255,153,153,64,322706
21952,2.9e-05,172.31.40.0-255,66,219,64,322706
21953,3.5e-05,74.125.68.0-255,1484,1703,64,322706
21954,4e-05,172.31.40.0-255,66,1769,64,322706
21955,4.5e-05,74.125.68.0-255,2902,4671,64,322706
21956,4.7e-05,172.31.40.0-255,66,4737,64,322706
21957,6.1e-05,74.125.68.0-255,1484,6221,64,322706
21958,6.3e-05,172.31.40.0-255,66,6287,64,322706
21959,7.7e-05,74.125.68.0-255,4320,10607,64,322706
21960,8e-05,172.31.40.0-255,66,10673,64,322706
21961,8.3e-05,74.125.68.0-255,1484,12157,64,322706
21962,8.4e-05,172.31.40.0-255,66,12223,64,322706
21963,0.000108,74.125.68.0-255,2000,14223,64,322706
21964,0.000111,172.31.40.0-255,66,14289,64,322706
21965,0.000115,74.125.68.0-255,4320,18609,64,322706
21966,0.000117,172.31.40.0-255,66,18675,64,322706
21967,0.00012,74.125.68.0-255,1484,20159,64,322706
21968,0.000122,172.31.40.0-255,66,20225,64,322706
21969,0.000155,172.31.40.0-255,66,20291,64,322706
21970,0.00017,74.125.68.0-255,2543,22834,64,322706
21971,0.000172,172.31.40.0-255,66,22900,64,322706
21972,0.000274,74.125.68.0-255,1484,24384,64,322706
21973,0.000278,172.31.40.0-255,66,24450,64,322706
21974,0.000283,74.125.68.0-255,2902,27352,64,322706
21975,0.000286,172.31.40.0-255,66,27418,64,322706
21976,0.000305,74.125.68.0-255,1484,28902,64,322706
21977,0.00031,172.31.40.0-255,66,28968,64,322706
21978,0.000317,74.125.68.0-255,4320,33288,64,322706
21979,0.00032,172.31.40.0-255,66,33354,64,322706
21980,0.000325,74.125.68.0-255,2902,36256,64,322706
21981,0.000328,172.31.40.0-255,66,36322,64,322706
21982,0.000352,74.125.68.0-255,3961,40283,64,322706
21983,0.000356,172.31.40.0-255,66,40349,64,322706
21984,0.000362,74.125.68.0-255,7156,47505,64,322706
21985,0.000365,172.31.40.0-255,66,47571,64,322706
21986,0.000407,172.31.40.0-255,66,47637,64,322706
21987,0.000426,74.125.68.0-255,1435,49072,64,322706
21988,0.000522,74.125.68.0-255,344,49416,64,322706
21989,0.000525,172.31.40.0-255,66,49482,64,322706
21990,0.00068,74.125.68.0-255,1484,50966,64,322706
21991,0.0007,74.125.68.0-255,2902,53868,64,322706
21992,0.000703,172.31.40.0-255,66,53934,64,322706
21993,0.000708,74.125.68.0-255,2902,56836,64,322706
21994,0.00071,172.31.40.0-255,66,56902,64,322706
21995,0.000724,74.125.68.0-255,2902,59804,64,322706
21996,0.000727,172.31.40.0-255,66,59870,64,322706
21997,0.000757,74.125.68.0-255,5738,65608,64,322706
21998,0.000759,172.31.40.0-255,66,65674,64,322706
21999,0.000798,74.125.68.0-255,1125,66799,64,322706
22000,0.000814,74.125.68.0-255,1484,68283,64,322706
22001,0.000817,172.31.40.0-255,66,68349,64,322706
22002,0.000841,74.125.68.0-255,1484,69833,64,322706
22003,0.00088,74.125.68.0-255,2902,72735,64,322706
22004,0.000883,172.31.40.0-255,66,72801,64,322706
22005,0.000907,74.125.68.0-255,4320,77121,64,322706
22006,0.000911,172.31.40.0-255,66,77187,64,322706
22007,0.000912,74.125.68.0-255,4320,81507,64,322706
22008,0.000915,172.31.40.0-255,66,81573,64,322706
22009,0.000929,74.125.68.0-255,1484,83057,64,322706
22010,0.000932,74.125.68.0-255,1125,84182,64,322706
22011,0.000935,172.31.40.0-255,66,84248,64,322706
22012,0.001096,74.125.68.0-255,1484,85732,64,322706
22013,0.001138,74.125.68.0-255,2902,88634,64,322706
22014,0.001143,172.31.40.0-255,66,88700,64,322706
22015,0.001148,74.125.68.0-255,4320,93020,64,322706
22016,0.00115,172.31.40.0-255,66,93086,64,322706
22017,0.001162,74.125.68.0-255,1484,94570,64,322706
22018,0.001166,74.125.68.0-255,2902,97472,64,322706
22019,0.001168,172.31.40.0-255,66,97538,64,322706
22020,0.001188,74.125.68.0-255,2902,100440,64,322706
22021,0.001191,172.31.40.0-255,66,100506,64,322706
22022,0.001195,74.125.68.0-255,2902,103408,64,322706
22023,0.001197,172.31.40.0-255,66,103474,64,322706
22024,0.001213,74.125.68.0-255,4320,107794,64,322706
22025,0.001216,172.31.40.0-255,66,107860,64,322706
22026,0.001226,172.31.40.0-255,66,107926,64,322706
22027,0.001312,74.125.68.0-255,1484,109410,64,322706
22028,0.001326,74.125.68.0-255,2902,112312,64,322706
22029,0.001329,172.31.40.0-255,66,112378,64,322706
22030,0.001346,74.125.68.0-255,1484,113862,64,322706
22031,0.001365,74.125.68.0-255,4320,118182,64,322706
22032,0.001367,172.31.40.0-255,66,118248,64,322706
22033,0.001371,74.125.68.0-255,2902,121150,64,322706
22034,0.001373,172.31.40.0-255,66,121216,64,322706
22035,0.0014,74.125.68.0-255,4320,125536,64,322706
22036,0.001402,172.31.40.0-255,66,125602,64,322706
22037,0.001412,74.125.68.0-255,1484,127086,64,322706
22038,0.001427,74.125.68.0-255,2902,129988,64,322706
22039,0.00143,172.31.40.0-255,66,130054,64,322706
22040,0.001459,74.125.68.0-255,2902,132956,64,322706
22041,0.001462,172.31.40.0-255,66,133022,64,322706
22042,0.00148,74.125.68.0-255,2902,135924,64,322706
22043,0.001482,172.31.40.0-255,66,135990,64,322706
22044,0.001485,74.125.68.0-255,1484,137474,64,322706
22045,0.001508,74.125.68.0-255,5020,142494,64,322706
22046,0.00151,172.31.40.0-255,66,142560,64,322706
22047,0.001553,74.125.68.0-255,1484,144044,64,322706
22048,0.001565,74.125.68.0-255,2902,146946,64,322706
22049,0.001568,172.31.40.0-255,66,147012,64,322706
22050,0.001588,74.125.68.0-255,5738,152750,64,322706
22051,0.001591,172.31.40.0-255,66,152816,64,322706
22052,0.001608,74.125.68.0-255,4320,157136,64,322706
22053,0.001611,172.31.40.0-255,66,157202,64,322706
22054,0.00163,74.125.68.0-255,1484,158686,64,322706
22055,0.001636,74.125.68.0-255,5738,164424,64,322706
22056,0.001639,172.31.40.0-255,66,164490,64,322706
22057,0.001655,74.125.68.0-255,1484,165974,64,322706
22058,0.00166,74.125.68.0-255,4320,170294,64,322706
22059,0.001662,172.31.40.0-255,66,170360,64,322706
22060,0.001677,74.125.68.0-255,1484,171844,64,322706
22061,0.00171,74.125.68.0-255,5020,176864,64,322706
22062,0.001715,172.31.40.0-255,66,176930,64,322706
22063,0.001718,74.125.68.0-255,1484,178414,64,322706
22064,0.001736,74.125.68.0-255,4320,182734,64,322706
22065,0.001738,172.31.40.0-255,66,182800,64,322706
22066,0.001751,74.125.68.0-255,1484,184284,64,322706
22067,0.001777,172.31.40.0-255,66,184350,64,322706
22068,0.001802,172.31.40.0-255,66,184416,64,322706
22069,0.001824,74.125.68.0-255,5738,190154,64,322706
22070,0.001826,172.31.40.0-255,66,190220,64,322706
22071,0.001828,74.125.68.0-255,766,190986,64,322706
22072,0.001858,74.125.68.0-255,1484,192470,64,322706
22073,0.001859,172.31.40.0-255,66,192536,64,322706
22074,0.001878,74.125.68.0-255,2902,195438,64,322706
22075,0.00188,172.31.40.0-255,66,195504,64,322706
22076,0.001911,74.125.68.0-255,2902,198406,64,322706
22077,0.001913,172.31.40.0-255,66,198472,64,322706
22078,0.001927,74.125.68.0-255,1484,199956,64,322706
22079,0.001929,74.125.68.0-255,1484,201440,64,322706
22080,0.001931,172.31.40.0-255,66,201506,64,322706
22081,0.001958,74.125.68.0-255,4320,205826,64,322706
22082,0.00196,172.31.40.0-255,66,205892,64,322706
22083,0.001963,74.125.68.0-255,1484,207376,64,322706
22084,0.001979,74.125.68.0-255,1484,208860,64,322706
22085,0.001981,172.31.40.0-255,66,208926,64,322706
22086,0.001985,74.125.68.0-255,4320,213246,64,322706
22087,0.001987,172.31.40.0-255,66,213312,64,322706
22088,0.002012,74.125.68.0-255,1484,214796,64,322706
22089,0.002064,74.125.68.0-255,2902,217698,64,322706
22090,0.002066,172.31.40.0-255,66,217764,64,322706
22091,0.002087,74.125.68.0-255,4320,222084,64,322706
22092,0.002089,172.31.40.0-255,66,222150,64,322706
22093,0.002106,74.125.68.0-255,1484,223634,64,322706
22094,0.002123,74.125.68.0-255,2184,225818,64,322706
22095,0.002124,172.31.40.0-255,66,225884,64,322706
22096,0.002267,74.125.68.0-255,1484,227368,64,322706
22097,0.00227,74.125.68.0-255,1484,228852,64,322706
22098,0.002271,172.31.40.0-255,66,228918,64,322706
22099,0.002283,74.125.68.0-255,1484,230402,64,322706
22100,0.002292,74.125.68.0-255,2902,233304,64,322706
22101,0.002294,172.31.40.0-255,66,233370,64,322706
22102,0.002308,74.125.68.0-255,2902,236272,64,322706
22103,0.002309,172.31.40.0-255,66,236338,64,322706
22104,0.002318,74.125.68.0-255,1484,237822,64,322706
22105,0.002332,74.125.68.0-255,2902,240724,64,322706
22106,0.002334,172.31.40.0-255,66,240790,64,322706
22107,0.002352,74.125.68.0-255,4320,245110,64,322706
22108,0.002354,172.31.40.0-255,66,245176,64,322706
22109,0.002361,74.125.68.0-255,1484,246660,64,322706
22110,0.002373,74.125.68.0-255,4320,250980,64,322706
22111,0.002375,172.31.40.0-255,66,251046,64,322706
22112,0.002397,74.125.68.0-255,7156,258202,64,322706
22113,0.002399,172.31.40.0-255,66,258268,64,322706
22114,0.002401,74.125.68.0-255,1484,259752,64,322706
22115,0.004728,74.125.68.0-255,1484,261236,64,322706
22116,0.004731,172.31.40.0-255,66,261302,64,322706
22117,0.004745,74.125.68.0-255,2902,264204,64,322706
22118,0.004747,172.31.40.0-255,66,264270,64,322706
22119,0.007064,74.125.68.0-255,2902,267172,64,322706
22120,0.007069,172.31.40.0-255,66,267238,64,322706
22121,0.007101,74.125.68.0-255,2902,270140,64,322706
22122,0.007105,172.31.40.0-255,66,270206,64,322706
22123,0.009401,74.125.68.0-255,2902,273108,64,322706
22124,0.009407,172.31.40.0-255,66,273174,64,322706
22125,0.009434,74.125.68.0-255,2902,276076,64,322706
22126,0.009437,172.31.40.0-255,66,276142,64,322706
22127,0.01174,74.125.68.0-255,2902,279044,64,322706
22128,0.011747,172.31.40.0-255,66,279110,64,322706
22129,0.011773,74.125.68.0-255,2902,282012,64,322706
22130,0.011775,172.31.40.0-255,66,282078,64,322706
22131,0.014102,74.125.68.0-255,5738,287816,64,322706
22132,0.014111,172.31.40.0-255,66,287882,64,322706
22133,0.016458,74.125.68.0-255,5738,293620,64,322706
22134,0.016466,172.31.40.0-255,66,293686,64,322706
22135,0.018799,74.125.68.0-255,5738,299424,64,322706
22136,0.018806,172.31.40.0-255,66,299490,64,322706
22137,0.021144,74.125.68.0-255,5738,305228,64,322706
22138,0.021151,172.31.40.0-255,66,305294,64,322706
22139,0.023524,74.125.68.0-255,5738,311032,64,322706
22140,0.023531,172.31.40.0-255,66,311098,64,322706
22141,0.025868,74.125.68.0-255,5738,316836,64,322706
22142,0.025877,172.31.40.0-255,66,316902,64,322706
22143,0.02821,74.125.68.0-255,5738,322640,64,322706
22144,0.028217,172.31.40.0-255,66,322706,64,322706
22145,0.0,172.217.194.0-255,153,153,64,213771
22146,1.9e-05,172.31.40.0-255,66,219,64,213771
22147,2.6e-05,172.217.194.0-255,1484,1703,64,213771
22148,3.2e-05,172.31.40.0-255,66,1769,64,213771
22149,3.7e-05,172.217.194.0-255,2902,4671,64,213771
22150,4e-05,172.31.40.0-255,66,4737,64,213771
22151,4.7e-05,172.217.194.0-255,7156,11893,64,213771
22152,5.1e-05,172.31.40.0-255,66,11959,64,213771
22153,8.4e-05,172.31.40.0-255,66,12025,64,213771
22154,9.1e-05,172.217.194.0-255,6797,18822,64,213771
22155,9.4e-05,172.31.40.0-255,66,18888,64,213771
22156,0.00018,172.217.194.0-255,1484,20372,64,213771
22157,0.000183,172.31.40.0-255,66,20438,64,213771
22158,0.000188,172.217.194.0-255,2902,23340,64,213771
22159,0.00019,172.31.40.0-255,66,23406,64,213771
22160,0.000218,172.217.194.0-255,5738,29144,64,213771
22161,0.000222,172.31.40.0-255,66,29210,64,213771
22162,0.00024,172.217.194.0-255,2902,32112,64,213771
22163,0.000243,172.31.40.0-255,66,32178,64,213771
22164,0.000268,172.217.194.0-255,3961,36139,64,213771
22165,0.000271,172.31.40.0-255,66,36205,64,213771
22166,0.000278,172.217.194.0-255,7156,43361,64,213771
22167,0.000281,172.31.40.0-255,66,43427,64,213771
22168,0.000284,172.217.194.0-255,1484,44911,64,213771
22169,0.000285,172.31.40.0-255,66,44977,64,213771
22170,0.000315,172.31.40.0-255,66,45043,64,213771
22171,0.000318,172.217.194.0-255,113,45156,64,213771
22172,0.00032,172.31.40.0-255,66,45222,64,213771
22173,0.000347,172.217.194.0-255,1484,46706,64,213771
22174,0.00035,172.31.40.0-255,66,46772,64,213771
22175,0.000371,172.217.194.0-255,2902,49674,64,213771
22176,0.000373,172.31.40.0-255,66,49740,64,213771
22177,0.000378,172.217.194.0-255,2902,52642,64,213771
22178,0.00038,172.31.40.0-255,66,52708,64,213771
22179,0.000405,172.217.194.0-255,4320,57028,64,213771
22180,0.000408,172.31.40.0-255,66,57094,64,213771
22181,0.000414,172.217.194.0-255,5672,62766,64,213771
22182,0.000416,172.31.40.0-255,66,62832,64,213771
22183,0.00044,172.217.194.0-255,2902,65734,64,213771
22184,0.000442,172.31.40.0-255,66,65800,64,213771
22185,0.000467,172.31.40.0-255,66,65866,64,213771
22186,0.000492,172.217.194.0-255,2543,68409,64,213771
22187,0.000494,172.31.40.0-255,66,68475,64,213771
22188,0.00141,172.217.194.0-255,1484,69959,64,213771
22189,0.001419,172.217.194.0-255,2902,72861,64,213771
22190,0.001424,172.31.40.0-255,66,72927,64,213771
22191,0.001429,172.217.194.0-255,1484,74411,64,213771
22192,0.001448,172.217.194.0-255,4320,78731,64,213771
22193,0.001451,172.31.40.0-255,66,78797,64,213771
22194,0.001463,172.31.40.0-255,66,78863,64,213771
22195,0.001494,172.217.194.0-255,4320,83183,64,213771
22196,0.001497,172.31.40.0-255,66,83249,64,213771
22197,0.001508,172.31.40.0-255,66,83315,64,213771
22198,0.001534,172.217.194.0-255,5738,89053,64,213771
22199,0.001537,172.31.40.0-255,66,89119,64,213771
22200,0.001561,172.31.40.0-255,66,89185,64,213771
22201,0.001572,172.31.40.0-255,66,89251,64,213771
22202,0.001607,172.31.40.0-255,66,89317,64,213771
22203,0.001613,172.217.194.0-255,5020,94337,64,213771
22204,0.001615,172.31.40.0-255,66,94403,64,213771
22205,0.001648,172.217.194.0-255,1484,95887,64,213771
22206,0.001686,172.31.40.0-255,66,95953,64,213771
22207,0.001692,172.217.194.0-255,5020,100973,64,213771
22208,0.001695,172.31.40.0-255,66,101039,64,213771
22209,0.001707,172.31.40.0-255,66,101105,64,213771
22210,0.001712,172.217.194.0-255,2902,104007,64,213771
22211,0.001714,172.31.40.0-255,66,104073,64,213771
22212,0.001757,172.31.40.0-255,66,104139,64,213771
22213,0.00177,172.31.40.0-255,66,104205,64,213771
22214,0.001784,172.31.40.0-255,66,104271,64,213771
22215,0.001799,172.31.40.0-255,66,104337,64,213771
22216,0.001828,172.31.40.0-255,66,104403,64,213771
22217,0.002092,172.217.194.0-255,1484,105887,64,213771
22218,0.0021,172.217.194.0-255,2902,108789,64,213771
22219,0.002104,172.31.40.0-255,66,108855,64,213771
22220,0.002112,172.217.194.0-255,5738,114593,64,213771
22221,0.002115,172.31.40.0-255,66,114659,64,213771
22222,0.002151,172.31.40.0-255,66,114725,64,213771
22223,0.002173,172.217.194.0-255,4320,119045,64,213771
22224,0.002176,172.31.40.0-255,66,119111,64,213771
22225,0.002187,172.31.40.0-255,66,119177,64,213771
22226,0.002202,172.217.194.0-255,2184,121361,64,213771
22227,0.002204,172.31.40.0-255,66,121427,64,213771
22228,0.002248,172.217.194.0-255,1484,122911,64,213771
22229,0.002252,172.217.194.0-255,1484,124395,64,213771
22230,0.002256,172.31.40.0-255,66,124461,64,213771
22231,0.002272,172.217.194.0-255,1484,125945,64,213771
22232,0.00228,172.217.194.0-255,5738,131683,64,213771
22233,0.002283,172.31.40.0-255,66,131749,64,213771
22234,0.002299,172.217.194.0-255,7156,138905,64,213771
22235,0.002302,172.31.40.0-255,66,138971,64,213771
22236,0.002318,172.217.194.0-255,5738,144709,64,213771
22237,0.002321,172.31.40.0-255,66,144775,64,213771
22238,0.002354,172.217.194.0-255,7156,151931,64,213771
22239,0.002357,172.31.40.0-255,66,151997,64,213771
22240,0.002375,172.217.194.0-255,3602,155599,64,213771
22241,0.002377,172.31.40.0-255,66,155665,64,213771
22242,0.004972,172.217.194.0-255,1484,157149,64,213771
22243,0.005003,172.217.194.0-255,4320,161469,64,213771
22244,0.005009,172.31.40.0-255,66,161535,64,213771
22245,0.007689,172.217.194.0-255,5738,167273,64,213771
22246,0.007715,172.31.40.0-255,66,167339,64,213771
22247,0.010335,172.217.194.0-255,5738,173077,64,213771
22248,0.010346,172.31.40.0-255,66,173143,64,213771
22249,0.013019,172.217.194.0-255,5738,178881,64,213771
22250,0.013025,172.31.40.0-255,66,178947,64,213771
22251,0.015689,172.217.194.0-255,5738,184685,64,213771
22252,0.015702,172.31.40.0-255,66,184751,64,213771
22253,0.01833,172.217.194.0-255,5738,190489,64,213771
22254,0.018348,172.31.40.0-255,66,190555,64,213771
22255,0.02102,172.217.194.0-255,5738,196293,64,213771
22256,0.02104,172.31.40.0-255,66,196359,64,213771
22257,0.023693,172.217.194.0-255,5738,202097,64,213771
22258,0.023701,172.31.40.0-255,66,202163,64,213771
22259,0.026374,172.217.194.0-255,5738,207901,64,213771
22260,0.026383,172.31.40.0-255,66,207967,64,213771
22261,0.029011,172.217.194.0-255,5738,213705,64,213771
22262,0.029019,172.31.40.0-255,66,213771,64,213771
22263,0.0,74.125.130.0-255,147,147,64,238037
22264,2.4e-05,172.31.40.0-255,66,213,64,238037
22265,3.1e-05,74.125.130.0-255,1484,1697,64,238037
22266,3.6e-05,172.31.40.0-255,66,1763,64,238037
22267,6.5e-05,74.125.130.0-255,2902,4665,64,238037
22268,6.8e-05,172.31.40.0-255,66,4731,64,238037
22269,0.000102,74.125.130.0-255,5738,10469,64,238037
22270,0.000105,172.31.40.0-255,66,10535,64,238037
22271,0.000134,74.125.130.0-255,2902,13437,64,238037
22272,0.000137,172.31.40.0-255,66,13503,64,238037
22273,0.000159,74.125.130.0-255,3448,16951,64,238037
22274,0.000162,172.31.40.0-255,66,17017,64,238037
22275,0.000164,74.125.130.0-255,1484,18501,64,238037
22276,0.000167,172.31.40.0-255,66,18567,64,238037
22277,0.000172,74.125.130.0-255,2902,21469,64,238037
22278,0.000175,172.31.40.0-255,66,21535,64,238037
22279,0.000177,74.125.130.0-255,1484,23019,64,238037
22280,0.00018,172.31.40.0-255,66,23085,64,238037
22281,0.000213,74.125.130.0-255,4320,27405,64,238037
22282,0.000216,172.31.40.0-255,66,27471,64,238037
22283,0.000219,74.125.130.0-255,1484,28955,64,238037
22284,0.000221,172.31.40.0-255,66,29021,64,238037
22285,0.000226,74.125.130.0-255,2543,31564,64,238037
22286,0.000228,172.31.40.0-255,66,31630,64,238037
22287,0.000299,74.125.130.0-255,1484,33114,64,238037
22288,0.000303,172.31.40.0-255,66,33180,64,238037
22289,0.000322,74.125.130.0-255,1484,34664,64,238037
22290,0.000324,172.31.40.0-255,66,34730,64,238037
22291,0.00035,74.125.130.0-255,1484,36214,64,238037
22292,0.000353,172.31.40.0-255,66,36280,64,238037
22293,0.00036,74.125.130.0-255,5738,42018,64,238037
22294,0.000362,172.31.40.0-255,66,42084,64,238037
22295,0.000368,74.125.130.0-255,5738,47822,64,238037
22296,0.00037,172.31.40.0-255,66,47888,64,238037
22297,0.000408,74.125.130.0-255,1125,49013,64,238037
22298,0.000717,74.125.130.0-255,1484,50497,64,238037
22299,0.000721,172.31.40.0-255,66,50563,64,238037
22300,0.000726,74.125.130.0-255,2902,53465,64,238037
22301,0.000728,172.31.40.0-255,66,53531,64,238037
22302,0.000759,74.125.130.0-255,5738,59269,64,238037
22303,0.000761,172.31.40.0-255,66,59335,64,238037
22304,0.000765,74.125.130.0-255,2902,62237,64,238037
22305,0.000767,172.31.40.0-255,66,62303,64,238037
22306,0.000772,74.125.130.0-255,3961,66264,64,238037
22307,0.000773,172.31.40.0-255,66,66330,64,238037
22308,0.000794,74.125.130.0-255,646,66976,64,238037
22309,0.000914,74.125.130.0-255,1484,68460,64,238037
22310,0.000917,172.31.40.0-255,66,68526,64,238037
22311,0.000961,74.125.130.0-255,2902,71428,64,238037
22312,0.000963,172.31.40.0-255,66,71494,64,238037
22313,0.000969,74.125.130.0-255,5738,77232,64,238037
22314,0.000971,172.31.40.0-255,66,77298,64,238037
22315,0.001003,74.125.130.0-255,2902,80200,64,238037
22316,0.001006,172.31.40.0-255,66,80266,64,238037
22317,0.001025,74.125.130.0-255,4320,84586,64,238037
22318,0.001028,172.31.40.0-255,66,84652,64,238037
22319,0.001067,74.125.130.0-255,7156,91808,64,238037
22320,0.001071,172.31.40.0-255,66,91874,64,238037
22321,0.001108,74.125.130.0-255,2902,94776,64,238037
22322,0.001111,172.31.40.0-255,66,94842,64,238037
22323,0.00114,74.125.130.0-255,4320,99162,64,238037
22324,0.001142,172.31.40.0-255,66,99228,64,238037
22325,0.001166,74.125.130.0-255,2184,101412,64,238037
22326,0.001168,172.31.40.0-255,66,101478,64,238037
22327,0.001363,74.125.130.0-255,1484,102962,64,238037
22328,0.001386,74.125.130.0-255,2902,105864,64,238037
22329,0.001389,172.31.40.0-255,66,105930,64,238037
22330,0.001416,74.125.130.0-255,4320,110250,64,238037
22331,0.001419,172.31.40.0-255,66,110316,64,238037
22332,0.00144,74.125.130.0-255,1484,111800,64,238037
22333,0.00148,74.125.130.0-255,1484,113284,64,238037
22334,0.001482,172.31.40.0-255,66,113350,64,238037
22335,0.001512,74.125.130.0-255,5738,119088,64,238037
22336,0.001515,172.31.40.0-255,66,119154,64,238037
22337,0.001519,74.125.130.0-255,2902,122056,64,238037
22338,0.00152,172.31.40.0-255,66,122122,64,238037
22339,0.001569,74.125.130.0-255,4320,126442,64,238037
22340,0.001572,172.31.40.0-255,66,126508,64,238037
22341,0.001575,74.125.130.0-255,1484,127992,64,238037
22342,0.0016,74.125.130.0-255,2902,130894,64,238037
22343,0.001602,172.31.40.0-255,66,130960,64,238037
22344,0.001626,74.125.130.0-255,1484,132444,64,238037
22345,0.00163,74.125.130.0-255,2902,135346,64,238037
22346,0.001632,172.31.40.0-255,66,135412,64,238037
22347,0.001654,74.125.130.0-255,217,135629,64,238037
22348,0.001887,74.125.130.0-255,1484,137113,64,238037
22349,0.00189,172.31.40.0-255,66,137179,64,238037
22350,0.001908,74.125.130.0-255,1484,138663,64,238037
22351,0.001919,74.125.130.0-255,1484,140147,64,238037
22352,0.001921,172.31.40.0-255,66,140213,64,238037
22353,0.001924,74.125.130.0-255,1484,141697,64,238037
22354,0.001927,74.125.130.0-255,1484,143181,64,238037
22355,0.001928,172.31.40.0-255,66,143247,64,238037
22356,0.001952,74.125.130.0-255,1484,144731,64,238037
22357,0.001958,74.125.130.0-255,5738,150469,64,238037
22358,0.001961,172.31.40.0-255,66,150535,64,238037
22359,0.001995,74.125.130.0-255,1484,152019,64,238037
22360,0.002022,74.125.130.0-255,1484,153503,64,238037
22361,0.002024,172.31.40.0-255,66,153569,64,238037
22362,0.002049,74.125.130.0-255,2902,156471,64,238037
22363,0.002051,172.31.40.0-255,66,156537,64,238037
22364,0.002074,74.125.130.0-255,1484,158021,64,238037
22365,0.00212,74.125.130.0-255,1484,159505,64,238037
22366,0.002123,172.31.40.0-255,66,159571,64,238037
22367,0.002173,74.125.130.0-255,2902,162473,64,238037
22368,0.002176,172.31.40.0-255,66,162539,64,238037
22369,0.002224,74.125.130.0-255,1484,164023,64,238037
22370,0.00228,74.125.130.0-255,2902,166925,64,238037
22371,0.002284,172.31.40.0-255,66,166991,64,238037
22372,0.002312,74.125.130.0-255,2902,169893,64,238037
22373,0.002314,172.31.40.0-255,66,169959,64,238037
22374,0.002334,74.125.130.0-255,766,170725,64,238037
22375,0.00239,172.31.40.0-255,66,170791,64,238037
22376,0.004777,74.125.130.0-255,1484,172275,64,238037
22377,0.004797,74.125.130.0-255,1484,173759,64,238037
22378,0.004801,172.31.40.0-255,66,173825,64,238037
22379,0.004827,74.125.130.0-255,1484,175309,64,238037
22380,0.004869,74.125.130.0-255,1484,176793,64,238037
22381,0.004871,172.31.40.0-255,66,176859,64,238037
22382,0.007307,74.125.130.0-255,2902,179761,64,238037
22383,0.007315,172.31.40.0-255,66,179827,64,238037
22384,0.007361,74.125.130.0-255,2902,182729,64,238037
22385,0.007364,172.31.40.0-255,66,182795,64,238037
22386,0.009814,74.125.130.0-255,2902,185697,64,238037
22387,0.00982,172.31.40.0-255,66,185763,64,238037
22388,0.009856,74.125.130.0-255,2902,188665,64,238037
22389,0.009859,172.31.40.0-255,66,188731,64,238037
22390,0.012324,74.125.130.0-255,2902,191633,64,238037
22391,0.012331,172.31.40.0-255,66,191699,64,238037
22392,0.012359,74.125.130.0-255,2902,194601,64,238037
22393,0.012362,172.31.40.0-255,66,194667,64,238037
22394,0.014846,74.125.130.0-255,4320,198987,64,238037
22395,0.014855,172.31.40.0-255,66,199053,64,238037
22396,0.014886,74.125.130.0-255,1484,200537,64,238037
22397,0.017371,74.125.130.0-255,4320,204857,64,238037
22398,0.01738,172.31.40.0-255,66,204923,64,238037
22399,0.019906,74.125.130.0-255,5738,210661,64,238037
22400,0.019913,172.31.40.0-255,66,210727,64,238037
22401,0.022417,74.125.130.0-255,5738,216465,64,238037
22402,0.022423,172.31.40.0-255,66,216531,64,238037
22403,0.024924,74.125.130.0-255,5738,222269,64,238037
22404,0.024933,172.31.40.0-255,66,222335,64,238037
22405,0.027444,74.125.130.0-255,5738,228073,64,238037
22406,0.027452,172.31.40.0-255,66,228139,64,238037
22407,0.028929,172.31.40.0-255,172,228311,64,238037
22408,0.028958,172.31.40.0-255,1112,229423,64,238037
22409,0.029009,172.31.40.0-255,1514,230937,64,238037
22410,0.029011,172.31.40.0-255,1296,232233,64,238037
22411,0.029962,74.125.130.0-255,5738,237971,64,238037
22412,0.029969,172.31.40.0-255,66,238037,64,238037
22413,0.0,74.125.24.0-255,153,153,64,196620
22414,2.3e-05,172.31.40.0-255,66,219,64,196620
22415,3.1e-05,74.125.24.0-255,1484,1703,64,196620
22416,3.6e-05,172.31.40.0-255,66,1769,64,196620
22417,4.1e-05,74.125.24.0-255,2902,4671,64,196620
22418,5.4e-05,172.31.40.0-255,66,4737,64,196620
22419,6.2e-05,74.125.24.0-255,7156,11893,64,196620
22420,6.5e-05,172.31.40.0-255,66,11959,64,196620
22421,7e-05,74.125.24.0-255,2038,13997,64,196620
22422,7.3e-05,172.31.40.0-255,66,14063,64,196620
22423,0.000181,74.125.24.0-255,1484,15547,64,196620
22424,0.000185,172.31.40.0-255,66,15613,64,196620
22425,0.000191,74.125.24.0-255,2902,18515,64,196620
22426,0.000193,172.31.40.0-255,66,18581,64,196620
22427,0.000215,74.125.24.0-255,5738,24319,64,196620
22428,0.000222,172.31.40.0-255,66,24385,64,196620
22429,0.000251,74.125.24.0-255,5738,30123,64,196620
22430,0.000254,172.31.40.0-255,66,30189,64,196620
22431,0.000266,74.125.24.0-255,1125,31314,64,196620
22432,0.000268,172.31.40.0-255,66,31380,64,196620
22433,0.00028,74.125.24.0-255,7156,38536,64,196620
22434,0.000283,172.31.40.0-255,66,38602,64,196620
22435,0.000348,172.31.40.0-255,66,38668,64,196620
22436,0.000613,74.125.24.0-255,1484,40152,64,196620
22437,0.000618,172.31.40.0-255,66,40218,64,196620
22438,0.000625,74.125.24.0-255,2902,43120,64,196620
22439,0.000627,172.31.40.0-255,66,43186,64,196620
22440,0.000634,74.125.24.0-255,4320,47506,64,196620
22441,0.000637,172.31.40.0-255,66,47572,64,196620
22442,0.000653,74.125.24.0-255,1484,49056,64,196620
22443,0.000655,172.31.40.0-255,66,49122,64,196620
22444,0.000668,74.125.24.0-255,6797,55919,64,196620
22445,0.00067,172.31.40.0-255,66,55985,64,196620
22446,0.000673,74.125.24.0-255,645,56630,64,196620
22447,0.000715,74.125.24.0-255,1484,58114,64,196620
22448,0.000719,172.31.40.0-255,66,58180,64,196620
22449,0.000733,74.125.24.0-255,4320,62500,64,196620
22450,0.00074,172.31.40.0-255,66,62566,64,196620
22451,0.000743,74.125.24.0-255,1484,64050,64,196620
22452,0.000772,74.125.24.0-255,5738,69788,64,196620
22453,0.000775,172.31.40.0-255,66,69854,64,196620
22454,0.000778,74.125.24.0-255,1484,71338,64,196620
22455,0.000828,172.31.40.0-255,66,71404,64,196620
22456,0.000835,74.125.24.0-255,6797,78201,64,196620
22457,0.000838,172.31.40.0-255,66,78267,64,196620
22458,0.001035,74.125.24.0-255,1484,79751,64,196620
22459,0.001042,74.125.24.0-255,2902,82653,64,196620
22460,0.001045,172.31.40.0-255,66,82719,64,196620
22461,0.001049,74.125.24.0-255,1484,84203,64,196620
22462,0.001081,74.125.24.0-255,4320,88523,64,196620
22463,0.001084,172.31.40.0-255,66,88589,64,196620
22464,0.001092,74.125.24.0-255,7156,95745,64,196620
22465,0.001094,172.31.40.0-255,66,95811,64,196620
22466,0.001122,74.125.24.0-255,5738,101549,64,196620
22467,0.001125,172.31.40.0-255,66,101615,64,196620
22468,0.001138,172.31.40.0-255,66,101681,64,196620
22469,0.00114,74.125.24.0-255,766,102447,64,196620
22470,0.001181,74.125.24.0-255,1484,103931,64,196620
22471,0.001184,172.31.40.0-255,66,103997,64,196620
22472,0.001191,74.125.24.0-255,4320,108317,64,196620
22473,0.001193,172.31.40.0-255,66,108383,64,196620
22474,0.00123,172.31.40.0-255,66,108449,64,196620
22475,0.001233,74.125.24.0-255,1484,109933,64,196620
22476,0.001244,172.31.40.0-255,66,109999,64,196620
22477,0.001274,74.125.24.0-255,4320,114319,64,196620
22478,0.001282,74.125.24.0-255,3602,117921,64,196620
22479,0.001287,172.31.40.0-255,66,117987,64,196620
22480,0.00129,172.31.40.0-255,66,118053,64,196620
22481,0.001339,74.125.24.0-255,1484,119537,64,196620
22482,0.001345,74.125.24.0-255,2902,122439,64,196620
22483,0.001348,172.31.40.0-255,66,122505,64,196620
22484,0.001351,74.125.24.0-255,1484,123989,64,196620
22485,0.001379,74.125.24.0-255,4320,128309,64,196620
22486,0.001382,172.31.40.0-255,66,128375,64,196620
22487,0.001387,74.125.24.0-255,4320,132695,64,196620
22488,0.001404,172.31.40.0-255,66,132761,64,196620
22489,0.00145,172.31.40.0-255,66,132827,64,196620
22490,0.001467,172.31.40.0-255,66,132893,64,196620
22491,0.001606,74.125.24.0-255,1484,134377,64,196620
22492,0.001611,74.125.24.0-255,1484,135861,64,196620
22493,0.001614,172.31.40.0-255,66,135927,64,196620
22494,0.001632,74.125.24.0-255,1484,137411,64,196620
22495,0.001643,74.125.24.0-255,5738,143149,64,196620
22496,0.001645,172.31.40.0-255,66,143215,64,196620
22497,0.001648,74.125.24.0-255,1484,144699,64,196620
22498,0.001703,74.125.24.0-255,7156,151855,64,196620
22499,0.001706,172.31.40.0-255,66,151921,64,196620
22500,0.001733,74.125.24.0-255,4320,156241,64,196620
22501,0.001735,172.31.40.0-255,66,156307,64,196620
22502,0.001746,172.31.40.0-255,66,156373,64,196620
22503,0.00178,172.31.40.0-255,66,156439,64,196620
22504,0.001795,172.31.40.0-255,66,156505,64,196620
22505,0.001831,74.125.24.0-255,1484,157989,64,196620
22506,0.001858,74.125.24.0-255,2902,160891,64,196620
22507,0.001861,172.31.40.0-255,66,160957,64,196620
22508,0.001868,74.125.24.0-255,5738,166695,64,196620
22509,0.00187,172.31.40.0-255,66,166761,64,196620
22510,0.001874,74.125.24.0-255,1484,168245,64,196620
22511,0.001902,172.31.40.0-255,66,168311,64,196620
22512,0.001951,172.31.40.0-255,66,168377,64,196620
22513,0.001975,74.125.24.0-255,7156,175533,64,196620
22514,0.001978,172.31.40.0-255,66,175599,64,196620
22515,0.002012,74.125.24.0-255,4320,179919,64,196620
22516,0.002016,172.31.40.0-255,66,179985,64,196620
22517,0.00203,172.31.40.0-255,66,180051,64,196620
22518,0.002048,172.31.40.0-255,66,180117,64,196620
22519,0.002055,74.125.24.0-255,7156,187273,64,196620
22520,0.002058,172.31.40.0-255,66,187339,64,196620
22521,0.002081,74.125.24.0-255,5738,193077,64,196620
22522,0.002118,172.31.40.0-255,66,193143,64,196620
22523,0.002136,74.125.24.0-255,2902,196045,64,196620
22524,0.002169,172.31.40.0-255,66,196111,64,196620
22525,0.002223,74.125.24.0-255,105,196216,64,196620
22526,0.002284,172.31.40.0-255,66,196282,64,196620
22527,0.010688,172.31.40.0-255,101,196383,64,196620
22528,0.011716,172.31.40.0-255,105,196488,64,196620
22529,0.01304,74.125.24.0-255,66,196554,64,196620
22530,0.014027,74.125.24.0-255,66,196620,64,196620
22531,0.0,172.217.194.0-255,153,153,64,246328
22532,1.7e-05,172.31.40.0-255,66,219,64,246328
22533,2.4e-05,172.217.194.0-255,1484,1703,64,246328
22534,2.8e-05,172.31.40.0-255,66,1769,64,246328
22535,3.4e-05,172.217.194.0-255,2902,4671,64,246328
22536,3.7e-05,172.31.40.0-255,66,4737,64,246328
22537,5.2e-05,172.217.194.0-255,7156,11893,64,246328
22538,5.6e-05,172.31.40.0-255,66,11959,64,246328
22539,6.1e-05,172.217.194.0-255,2139,14098,64,246328
22540,6.4e-05,172.31.40.0-255,66,14164,64,246328
22541,9.9e-05,172.217.194.0-255,2902,17066,64,246328
22542,0.000102,172.31.40.0-255,66,17132,64,246328
22543,0.00011,172.217.194.0-255,7156,24288,64,246328
22544,0.000113,172.31.40.0-255,66,24354,64,246328
22545,0.00012,172.217.194.0-255,6797,31151,64,246328
22546,0.000122,172.31.40.0-255,66,31217,64,246328
22547,0.000188,172.217.194.0-255,1484,32701,64,246328
22548,0.000192,172.31.40.0-255,66,32767,64,246328
22549,0.000204,172.217.194.0-255,2902,35669,64,246328
22550,0.00021,172.31.40.0-255,66,35735,64,246328
22551,0.000217,172.217.194.0-255,4320,40055,64,246328
22552,0.000219,172.31.40.0-255,66,40121,64,246328
22553,0.00024,172.217.194.0-255,1484,41605,64,246328
22554,0.000243,172.31.40.0-255,66,41671,64,246328
22555,0.000276,172.217.194.0-255,6797,48468,64,246328
22556,0.000279,172.31.40.0-255,66,48534,64,246328
22557,0.000282,172.217.194.0-255,1484,50018,64,246328
22558,0.000284,172.31.40.0-255,66,50084,64,246328
22559,0.000317,172.217.194.0-255,5738,55822,64,246328
22560,0.00032,172.31.40.0-255,66,55888,64,246328
22561,0.000354,172.217.194.0-255,4320,60208,64,246328
22562,0.000357,172.31.40.0-255,66,60274,64,246328
22563,0.00039,172.217.194.0-255,5706,65980,64,246328
22564,0.000393,172.31.40.0-255,66,66046,64,246328
22565,0.000395,172.217.194.0-255,382,66428,64,246328
22566,0.000614,172.217.194.0-255,1484,67912,64,246328
22567,0.000619,172.31.40.0-255,66,67978,64,246328
22568,0.000625,172.217.194.0-255,2902,70880,64,246328
22569,0.000627,172.31.40.0-255,66,70946,64,246328
22570,0.00066,172.217.194.0-255,5738,76684,64,246328
22571,0.000663,172.31.40.0-255,66,76750,64,246328
22572,0.000676,172.31.40.0-255,66,76816,64,246328
22573,0.000712,172.217.194.0-255,4320,81136,64,246328
22574,0.000715,172.31.40.0-255,66,81202,64,246328
22575,0.000738,172.217.194.0-255,6438,87640,64,246328
22576,0.000741,172.31.40.0-255,66,87706,64,246328
22577,0.000871,172.217.194.0-255,1484,89190,64,246328
22578,0.000889,172.217.194.0-255,2902,92092,64,246328
22579,0.000892,172.31.40.0-255,66,92158,64,246328
22580,0.000899,172.217.194.0-255,5738,97896,64,246328
22581,0.000901,172.31.40.0-255,66,97962,64,246328
22582,0.000904,172.217.194.0-255,1484,99446,64,246328
22583,0.000921,172.217.194.0-255,2902,102348,64,246328
22584,0.000923,172.31.40.0-255,66,102414,64,246328
22585,0.000955,172.31.40.0-255,66,102480,64,246328
22586,0.000992,172.31.40.0-255,66,102546,64,246328
22587,0.001013,172.217.194.0-255,2902,105448,64,246328
22588,0.001016,172.31.40.0-255,66,105514,64,246328
22589,0.001043,172.217.194.0-255,2902,108416,64,246328
22590,0.001046,172.31.40.0-255,66,108482,64,246328
22591,0.001053,172.217.194.0-255,7156,115638,64,246328
22592,0.001055,172.31.40.0-255,66,115704,64,246328
22593,0.001061,172.217.194.0-255,5738,121442,64,246328
22594,0.001064,172.31.40.0-255,66,121508,64,246328
22595,0.001103,172.217.194.0-255,6438,127946,64,246328
22596,0.001109,172.31.40.0-255,66,128012,64,246328
22597,0.001112,172.31.40.0-255,66,128078,64,246328
22598,0.001149,172.217.194.0-255,2902,130980,64,246328
22599,0.001152,172.31.40.0-255,66,131046,64,246328
22600,0.001168,172.217.194.0-255,5738,136784,64,246328
22601,0.001171,172.31.40.0-255,66,136850,64,246328
22602,0.001199,172.31.40.0-255,66,136916,64,246328
22603,0.001211,172.31.40.0-255,66,136982,64,246328
22604,0.001224,172.31.40.0-255,66,137048,64,246328
22605,0.001255,172.217.194.0-255,1484,138532,64,246328
22606,0.001272,172.31.40.0-255,66,138598,64,246328
22607,0.001277,172.217.194.0-255,3602,142200,64,246328
22608,0.001279,172.31.40.0-255,66,142266,64,246328
22609,0.001334,172.217.194.0-255,1484,143750,64,246328
22610,0.001339,172.217.194.0-255,2902,146652,64,246328
22611,0.001342,172.31.40.0-255,66,146718,64,246328
22612,0.001346,172.217.194.0-255,1484,148202,64,246328
22613,0.001391,172.217.194.0-255,4320,152522,64,246328
22614,0.001395,172.31.40.0-255,66,152588,64,246328
22615,0.001401,172.217.194.0-255,5738,158326,64,246328
22616,0.001403,172.31.40.0-255,66,158392,64,246328
22617,0.001427,172.31.40.0-255,66,158458,64,246328
22618,0.001433,172.217.194.0-255,5020,163478,64,246328
22619,0.001436,172.31.40.0-255,66,163544,64,246328
22620,0.001467,172.217.194.0-255,5738,169282,64,246328
22621,0.00147,172.31.40.0-255,66,169348,64,246328
22622,0.001475,172.217.194.0-255,4320,173668,64,246328
22623,0.001478,172.31.40.0-255,66,173734,64,246328
22624,0.001518,172.217.194.0-255,1484,175218,64,246328
22625,0.001546,172.217.194.0-255,4320,179538,64,246328
22626,0.001549,172.31.40.0-255,66,179604,64,246328
22627,0.001561,172.31.40.0-255,66,179670,64,246328
22628,0.001568,172.217.194.0-255,6438,186108,64,246328
22629,0.00157,172.31.40.0-255,66,186174,64,246328
22630,0.001611,172.31.40.0-255,66,186240,64,246328
22631,0.001623,172.31.40.0-255,66,186306,64,246328
22632,0.001626,172.217.194.0-255,2902,189208,64,246328
22633,0.001628,172.31.40.0-255,66,189274,64,246328
22634,0.001669,172.31.40.0-255,66,189340,64,246328
22635,0.00175,172.217.194.0-255,1484,190824,64,246328
22636,0.001756,172.217.194.0-255,2902,193726,64,246328
22637,0.001759,172.31.40.0-255,66,193792,64,246328
22638,0.001763,172.217.194.0-255,1484,195276,64,246328
22639,0.001786,172.217.194.0-255,4320,199596,64,246328
22640,0.001789,172.31.40.0-255,66,199662,64,246328
22641,0.001797,172.217.194.0-255,7156,206818,64,246328
22642,0.001799,172.31.40.0-255,66,206884,64,246328
22643,0.001806,172.217.194.0-255,7156,214040,64,246328
22644,0.001809,172.31.40.0-255,66,214106,64,246328
22645,0.00182,172.217.194.0-255,1484,215590,64,246328
22646,0.001846,172.217.194.0-255,4320,219910,64,246328
22647,0.001849,172.31.40.0-255,66,219976,64,246328
22648,0.001869,172.217.194.0-255,3602,223578,64,246328
22649,0.001873,172.31.40.0-255,66,223644,64,246328
22650,0.001894,172.217.194.0-255,1484,225128,64,246328
22651,0.00191,172.217.194.0-255,2902,228030,64,246328
22652,0.001913,172.31.40.0-255,66,228096,64,246328
22653,0.001919,172.217.194.0-255,5738,233834,64,246328
22654,0.001922,172.31.40.0-255,66,233900,64,246328
22655,0.00193,172.217.194.0-255,1484,235384,64,246328
22656,0.001953,172.217.194.0-255,7156,242540,64,246328
22657,0.001956,172.31.40.0-255,66,242606,64,246328
22658,0.00198,172.217.194.0-255,2902,245508,64,246328
22659,0.001983,172.31.40.0-255,66,245574,64,246328
22660,0.002016,172.31.40.0-255,66,245640,64,246328
22661,0.002057,172.31.40.0-255,66,245706,64,246328
22662,0.00206,172.217.194.0-255,97,245803,64,246328
22663,0.002063,172.217.194.0-255,105,245908,64,246328
22664,0.012307,172.31.40.0-255,66,245974,64,246328
22665,0.012359,172.31.40.0-255,105,246079,64,246328
22666,0.013248,172.217.194.0-255,105,246184,64,246328
22667,0.013262,172.31.40.0-255,78,246262,64,246328
22668,0.014826,172.217.194.0-255,66,246328,64,246328
22669,0.0,74.125.24.0-255,153,153,64,235232
22670,2.2e-05,172.31.40.0-255,66,219,64,235232
22671,3e-05,74.125.24.0-255,1484,1703,64,235232
22672,3.5e-05,172.31.40.0-255,66,1769,64,235232
22673,3.8e-05,74.125.24.0-255,1484,3253,64,235232
22674,4.2e-05,172.31.40.0-255,66,3319,64,235232
22675,6.4e-05,74.125.24.0-255,1484,4803,64,235232
22676,6.6e-05,172.31.40.0-255,66,4869,64,235232
22677,7.2e-05,74.125.24.0-255,2902,7771,64,235232
22678,7.5e-05,172.31.40.0-255,66,7837,64,235232
22679,0.000127,172.31.40.0-255,66,7903,64,235232
22680,0.000131,74.125.24.0-255,2902,10805,64,235232
22681,0.000134,172.31.40.0-255,66,10871,64,235232
22682,0.000147,74.125.24.0-255,2902,13773,64,235232
22683,0.00015,172.31.40.0-255,66,13839,64,235232
22684,0.000178,172.31.40.0-255,66,13905,64,235232
22685,0.000191,172.31.40.0-255,66,13971,64,235232
22686,0.000221,74.125.24.0-255,5020,18991,64,235232
22687,0.000223,172.31.40.0-255,66,19057,64,235232
22688,0.000246,74.125.24.0-255,5738,24795,64,235232
22689,0.000249,172.31.40.0-255,66,24861,64,235232
22690,0.000268,74.125.24.0-255,2902,27763,64,235232
22691,0.00027,172.31.40.0-255,66,27829,64,235232
22692,0.000302,172.31.40.0-255,66,27895,64,235232
22693,0.000516,74.125.24.0-255,1484,29379,64,235232
22694,0.000522,172.31.40.0-255,66,29445,64,235232
22695,0.000536,74.125.24.0-255,2902,32347,64,235232
22696,0.000539,172.31.40.0-255,66,32413,64,235232
22697,0.000558,74.125.24.0-255,1484,33897,64,235232
22698,0.000573,74.125.24.0-255,4320,38217,64,235232
22699,0.000576,172.31.40.0-255,66,38283,64,235232
22700,0.000581,74.125.24.0-255,4320,42603,64,235232
22701,0.000584,172.31.40.0-255,66,42669,64,235232
22702,0.000599,74.125.24.0-255,2902,45571,64,235232
22703,0.000601,172.31.40.0-255,66,45637,64,235232
22704,0.000607,74.125.24.0-255,4320,49957,64,235232
22705,0.000609,172.31.40.0-255,66,50023,64,235232
22706,0.000641,172.31.40.0-255,66,50089,64,235232
22707,0.000645,74.125.24.0-255,2184,52273,64,235232
22708,0.000649,172.31.40.0-255,66,52339,64,235232
22709,0.001182,74.125.24.0-255,1484,53823,64,235232
22710,0.001189,74.125.24.0-255,2902,56725,64,235232
22711,0.001193,172.31.40.0-255,66,56791,64,235232
22712,0.001217,74.125.24.0-255,5738,62529,64,235232
22713,0.00122,172.31.40.0-255,66,62595,64,235232
22714,0.001233,74.125.24.0-255,1484,64079,64,235232
22715,0.001246,74.125.24.0-255,4320,68399,64,235232
22716,0.001249,172.31.40.0-255,66,68465,64,235232
22717,0.001269,74.125.24.0-255,2902,71367,64,235232
22718,0.001271,172.31.40.0-255,66,71433,64,235232
22719,0.001291,74.125.24.0-255,4320,75753,64,235232
22720,0.001294,172.31.40.0-255,66,75819,64,235232
22721,0.001317,74.125.24.0-255,5738,81557,64,235232
22722,0.00132,172.31.40.0-255,66,81623,64,235232
22723,0.001352,172.31.40.0-255,66,81689,64,235232
22724,0.001355,74.125.24.0-255,1484,83173,64,235232
22725,0.001374,74.125.24.0-255,5738,88911,64,235232
22726,0.001376,172.31.40.0-255,66,88977,64,235232
22727,0.001408,172.31.40.0-255,66,89043,64,235232
22728,0.001419,172.31.40.0-255,66,89109,64,235232
22729,0.001447,74.125.24.0-255,3602,92711,64,235232
22730,0.00145,172.31.40.0-255,66,92777,64,235232
22731,0.001516,74.125.24.0-255,1484,94261,64,235232
22732,0.001537,74.125.24.0-255,2902,97163,64,235232
22733,0.001541,172.31.40.0-255,66,97229,64,235232
22734,0.001545,74.125.24.0-255,1484,98713,64,235232
22735,0.001566,74.125.24.0-255,4320,103033,64,235232
22736,0.001568,172.31.40.0-255,66,103099,64,235232
22737,0.001583,74.125.24.0-255,4320,107419,64,235232
22738,0.001586,172.31.40.0-255,66,107485,64,235232
22739,0.001608,172.31.40.0-255,66,107551,64,235232
22740,0.001612,74.125.24.0-255,1484,109035,64,235232
22741,0.001631,74.125.24.0-255,4320,113355,64,235232
22742,0.001634,172.31.40.0-255,66,113421,64,235232
22743,0.001653,74.125.24.0-255,5020,118441,64,235232
22744,0.001656,172.31.40.0-255,66,118507,64,235232
22745,0.001958,74.125.24.0-255,1484,119991,64,235232
22746,0.001974,74.125.24.0-255,2902,122893,64,235232
22747,0.001977,172.31.40.0-255,66,122959,64,235232
22748,0.001985,74.125.24.0-255,5738,128697,64,235232
22749,0.001987,172.31.40.0-255,66,128763,64,235232
22750,0.002025,74.125.24.0-255,7156,135919,64,235232
22751,0.002028,172.31.40.0-255,66,135985,64,235232
22752,0.002053,74.125.24.0-255,5738,141723,64,235232
22753,0.002055,172.31.40.0-255,66,141789,64,235232
22754,0.002067,172.31.40.0-255,66,141855,64,235232
22755,0.002096,172.31.40.0-255,66,141921,64,235232
22756,0.002099,74.125.24.0-255,1484,143405,64,235232
22757,0.002107,74.125.24.0-255,6438,149843,64,235232
22758,0.002109,172.31.40.0-255,66,149909,64,235232
22759,0.002134,74.125.24.0-255,2902,152811,64,235232
22760,0.002137,172.31.40.0-255,66,152877,64,235232
22761,0.004266,74.125.24.0-255,5738,158615,64,235232
22762,0.004273,172.31.40.0-255,66,158681,64,235232
22763,0.006382,74.125.24.0-255,5738,164419,64,235232
22764,0.006387,172.31.40.0-255,66,164485,64,235232
22765,0.008485,74.125.24.0-255,5738,170223,64,235232
22766,0.008491,172.31.40.0-255,66,170289,64,235232
22767,0.010665,74.125.24.0-255,5738,176027,64,235232
22768,0.010673,172.31.40.0-255,66,176093,64,235232
22769,0.012764,74.125.24.0-255,5738,181831,64,235232
22770,0.012772,172.31.40.0-255,66,181897,64,235232
22771,0.014884,74.125.24.0-255,5738,187635,64,235232
22772,0.014898,172.31.40.0-255,66,187701,64,235232
22773,0.017039,74.125.24.0-255,5738,193439,64,235232
22774,0.017045,172.31.40.0-255,66,193505,64,235232
22775,0.01921,74.125.24.0-255,5738,199243,64,235232
22776,0.019218,172.31.40.0-255,66,199309,64,235232
22777,0.021393,74.125.24.0-255,5738,205047,64,235232
22778,0.021399,172.31.40.0-255,66,205113,64,235232
22779,0.023519,74.125.24.0-255,5738,210851,64,235232
22780,0.023528,172.31.40.0-255,66,210917,64,235232
22781,0.025642,74.125.24.0-255,5738,216655,64,235232
22782,0.025652,172.31.40.0-255,66,216721,64,235232
22783,0.027747,74.125.24.0-255,5738,222459,64,235232
22784,0.027754,172.31.40.0-255,66,222525,64,235232
22785,0.028869,172.31.40.0-255,172,222697,64,235232
22786,0.028899,172.31.40.0-255,1111,223808,64,235232
22787,0.02896,172.31.40.0-255,1514,225322,64,235232
22788,0.028962,172.31.40.0-255,1514,226836,64,235232
22789,0.028968,172.31.40.0-255,1514,228350,64,235232
22790,0.028969,172.31.40.0-255,1078,229428,64,235232
22791,0.029843,74.125.24.0-255,5738,235166,64,235232
22792,0.029851,172.31.40.0-255,66,235232,64,235232
22793,0.0,74.125.68.0-255,150,150,64,241313
22794,2.2e-05,172.31.40.0-255,66,216,64,241313
22795,2.9e-05,74.125.68.0-255,1484,1700,64,241313
22796,3.4e-05,172.31.40.0-255,66,1766,64,241313
22797,4e-05,74.125.68.0-255,2902,4668,64,241313
22798,4.4e-05,172.31.40.0-255,66,4734,64,241313
22799,7.1e-05,74.125.68.0-255,1484,6218,64,241313
22800,7.4e-05,172.31.40.0-255,66,6284,64,241313
22801,0.0001,74.125.68.0-255,4320,10604,64,241313
22802,0.000103,172.31.40.0-255,66,10670,64,241313
22803,0.000109,74.125.68.0-255,3582,14252,64,241313
22804,0.000111,172.31.40.0-255,66,14318,64,241313
22805,0.000511,74.125.68.0-255,1484,15802,64,241313
22806,0.000516,172.31.40.0-255,66,15868,64,241313
22807,0.000535,74.125.68.0-255,1484,17352,64,241313
22808,0.000538,172.31.40.0-255,66,17418,64,241313
22809,0.000563,74.125.68.0-255,2902,20320,64,241313
22810,0.000565,172.31.40.0-255,66,20386,64,241313
22811,0.000589,74.125.68.0-255,5738,26124,64,241313
22812,0.000591,172.31.40.0-255,66,26190,64,241313
22813,0.000622,74.125.68.0-255,1484,27674,64,241313
22814,0.000625,172.31.40.0-255,66,27740,64,241313
22815,0.000646,74.125.68.0-255,5379,33119,64,241313
22816,0.000649,172.31.40.0-255,66,33185,64,241313
22817,0.000654,74.125.68.0-255,2902,36087,64,241313
22818,0.000656,172.31.40.0-255,66,36153,64,241313
22819,0.000659,74.125.68.0-255,1484,37637,64,241313
22820,0.000661,172.31.40.0-255,66,37703,64,241313
22821,0.000694,172.31.40.0-255,66,37769,64,241313
22822,0.000697,74.125.68.0-255,1125,38894,64,241313
22823,0.000699,172.31.40.0-255,66,38960,64,241313
22824,0.000863,74.125.68.0-255,1484,40444,64,241313
22825,0.000887,74.125.68.0-255,2902,43346,64,241313
22826,0.00089,74.125.68.0-255,1484,44830,64,241313
22827,0.000896,172.31.40.0-255,66,44896,64,241313
22828,0.000906,74.125.68.0-255,2902,47798,64,241313
22829,0.000908,172.31.40.0-255,66,47864,64,241313
22830,0.00095,74.125.68.0-255,5738,53602,64,241313
22831,0.000953,172.31.40.0-255,66,53668,64,241313
22832,0.000956,74.125.68.0-255,1484,55152,64,241313
22833,0.000991,74.125.68.0-255,1398,56550,64,241313
22834,0.000994,172.31.40.0-255,66,56616,64,241313
22835,0.001337,74.125.68.0-255,1484,58100,64,241313
22836,0.001345,74.125.68.0-255,1484,59584,64,241313
22837,0.00135,172.31.40.0-255,66,59650,64,241313
22838,0.001369,74.125.68.0-255,2902,62552,64,241313
22839,0.001372,172.31.40.0-255,66,62618,64,241313
22840,0.001389,74.125.68.0-255,2902,65520,64,241313
22841,0.001391,172.31.40.0-255,66,65586,64,241313
22842,0.001414,74.125.68.0-255,2902,68488,64,241313
22843,0.001417,172.31.40.0-255,66,68554,64,241313
22844,0.001428,172.31.40.0-255,66,68620,64,241313
22845,0.001439,74.125.68.0-255,1484,70104,64,241313
22846,0.001466,172.31.40.0-255,66,70170,64,241313
22847,0.001471,74.125.68.0-255,2902,73072,64,241313
22848,0.001473,172.31.40.0-255,66,73138,64,241313
22849,0.001509,74.125.68.0-255,766,73904,64,241313
22850,0.001575,74.125.68.0-255,1484,75388,64,241313
22851,0.001578,172.31.40.0-255,66,75454,64,241313
22852,0.001584,74.125.68.0-255,2902,78356,64,241313
22853,0.001587,172.31.40.0-255,66,78422,64,241313
22854,0.001604,74.125.68.0-255,1484,79906,64,241313
22855,0.001619,74.125.68.0-255,1484,81390,64,241313
22856,0.001622,172.31.40.0-255,66,81456,64,241313
22857,0.001639,74.125.68.0-255,1484,82940,64,241313
22858,0.001658,74.125.68.0-255,1484,84424,64,241313
22859,0.00166,172.31.40.0-255,66,84490,64,241313
22860,0.001695,74.125.68.0-255,2902,87392,64,241313
22861,0.001698,172.31.40.0-255,66,87458,64,241313
22862,0.001701,74.125.68.0-255,1484,88942,64,241313
22863,0.001718,74.125.68.0-255,1484,90426,64,241313
22864,0.001721,172.31.40.0-255,66,90492,64,241313
22865,0.001727,74.125.68.0-255,4320,94812,64,241313
22866,0.001729,172.31.40.0-255,66,94878,64,241313
22867,0.001742,74.125.68.0-255,1484,96362,64,241313
22868,0.001762,74.125.68.0-255,7156,103518,64,241313
22869,0.001765,172.31.40.0-255,66,103584,64,241313
22870,0.00177,74.125.68.0-255,4320,107904,64,241313
22871,0.001773,172.31.40.0-255,66,107970,64,241313
22872,0.001814,74.125.68.0-255,4320,112290,64,241313
22873,0.001817,172.31.40.0-255,66,112356,64,241313
22874,0.001833,74.125.68.0-255,7156,119512,64,241313
22875,0.001837,172.31.40.0-255,66,119578,64,241313
22876,0.001853,74.125.68.0-255,2184,121762,64,241313
22877,0.001856,172.31.40.0-255,66,121828,64,241313
22878,0.001862,74.125.68.0-255,5738,127566,64,241313
22879,0.001865,172.31.40.0-255,66,127632,64,241313
22880,0.001894,172.31.40.0-255,66,127698,64,241313
22881,0.001899,74.125.68.0-255,4320,132018,64,241313
22882,0.001901,172.31.40.0-255,66,132084,64,241313
22883,0.001924,74.125.68.0-255,2184,134268,64,241313
22884,0.001927,172.31.40.0-255,66,134334,64,241313
22885,0.001956,74.125.68.0-255,381,134715,64,241313
22886,0.00204,74.125.68.0-255,1484,136199,64,241313
22887,0.002045,172.31.40.0-255,66,136265,64,241313
22888,0.002051,74.125.68.0-255,2902,139167,64,241313
22889,0.002054,172.31.40.0-255,66,139233,64,241313
22890,0.002059,74.125.68.0-255,4320,143553,64,241313
22891,0.002061,172.31.40.0-255,66,143619,64,241313
22892,0.002085,74.125.68.0-255,5738,149357,64,241313
22893,0.002088,172.31.40.0-255,66,149423,64,241313
22894,0.002148,172.31.40.0-255,66,149489,64,241313
22895,0.002165,74.125.68.0-255,2902,152391,64,241313
22896,0.002167,172.31.40.0-255,66,152457,64,241313
22897,0.002172,74.125.68.0-255,4320,156777,64,241313
22898,0.002174,172.31.40.0-255,66,156843,64,241313
22899,0.002179,74.125.68.0-255,3602,160445,64,241313
22900,0.002181,172.31.40.0-255,66,160511,64,241313
22901,0.002216,74.125.68.0-255,1484,161995,64,241313
22902,0.002266,74.125.68.0-255,2902,164897,64,241313
22903,0.00227,172.31.40.0-255,66,164963,64,241313
22904,0.002312,74.125.68.0-255,2902,167865,64,241313
22905,0.002315,172.31.40.0-255,66,167931,64,241313
22906,0.002329,74.125.68.0-255,1484,169415,64,241313
22907,0.002333,74.125.68.0-255,1484,170899,64,241313
22908,0.002335,172.31.40.0-255,66,170965,64,241313
22909,0.002377,74.125.68.0-255,2902,173867,64,241313
22910,0.002385,74.125.68.0-255,5738,179605,64,241313
22911,0.00239,74.125.68.0-255,2902,182507,64,241313
22912,0.002429,74.125.68.0-255,1484,183991,64,241313
22913,0.002442,74.125.68.0-255,2902,186893,64,241313
22914,0.002481,74.125.68.0-255,4320,191213,64,241313
22915,0.002535,74.125.68.0-255,3602,194815,64,241313
22916,0.007417,172.31.40.0-255,66,194881,64,241313
22917,0.009941,74.125.68.0-255,5738,200619,64,241313
22918,0.009948,172.31.40.0-255,66,200685,64,241313
22919,0.012465,74.125.68.0-255,5738,206423,64,241313
22920,0.012473,172.31.40.0-255,66,206489,64,241313
22921,0.015029,74.125.68.0-255,5738,212227,64,241313
22922,0.015046,172.31.40.0-255,66,212293,64,241313
22923,0.017583,74.125.68.0-255,5738,218031,64,241313
22924,0.0176,172.31.40.0-255,66,218097,64,241313
22925,0.020131,74.125.68.0-255,5738,223835,64,241313
22926,0.020144,172.31.40.0-255,66,223901,64,241313
22927,0.022671,74.125.68.0-255,5738,229639,64,241313
22928,0.022679,172.31.40.0-255,66,229705,64,241313
22929,0.025218,74.125.68.0-255,5738,235443,64,241313
22930,0.025234,172.31.40.0-255,66,235509,64,241313
22931,0.027757,74.125.68.0-255,5738,241247,64,241313
22932,0.027766,172.31.40.0-255,66,241313,64,241313
22933,0.0,172.217.194.0-255,143,143,64,228872
22934,1.7e-05,172.31.40.0-255,66,209,64,228872
22935,2.4e-05,172.217.194.0-255,1484,1693,64,228872
22936,2.8e-05,172.31.40.0-255,66,1759,64,228872
22937,3.3e-05,172.217.194.0-255,2902,4661,64,228872
22938,4.2e-05,172.31.40.0-255,66,4727,64,228872
22939,4.8e-05,172.217.194.0-255,4320,9047,64,228872
22940,5.1e-05,172.31.40.0-255,66,9113,64,228872
22941,8.2e-05,172.217.194.0-255,2902,12015,64,228872
22942,8.4e-05,172.31.40.0-255,66,12081,64,228872
22943,0.000119,172.217.194.0-255,2074,14155,64,228872
22944,0.000121,172.31.40.0-255,66,14221,64,228872
22945,0.000187,172.217.194.0-255,1484,15705,64,228872
22946,0.000191,172.31.40.0-255,66,15771,64,228872
22947,0.000195,172.217.194.0-255,1484,17255,64,228872
22948,0.000196,172.31.40.0-255,66,17321,64,228872
22949,0.000219,172.217.194.0-255,1484,18805,64,228872
22950,0.000221,172.31.40.0-255,66,18871,64,228872
22951,0.000229,172.217.194.0-255,1484,20355,64,228872
22952,0.000231,172.31.40.0-255,66,20421,64,228872
22953,0.000265,172.217.194.0-255,1484,21905,64,228872
22954,0.000267,172.31.40.0-255,66,21971,64,228872
22955,0.000273,172.217.194.0-255,4320,26291,64,228872
22956,0.000275,172.31.40.0-255,66,26357,64,228872
22957,0.000316,172.217.194.0-255,5738,32095,64,228872
22958,0.000319,172.31.40.0-255,66,32161,64,228872
22959,0.000355,172.217.194.0-255,2543,34704,64,228872
22960,0.000357,172.31.40.0-255,66,34770,64,228872
22961,0.000374,172.31.40.0-255,66,34836,64,228872
22962,0.00038,172.217.194.0-255,5379,40215,64,228872
22963,0.000382,172.31.40.0-255,66,40281,64,228872
22964,0.000564,172.217.194.0-255,1484,41765,64,228872
22965,0.00057,172.217.194.0-255,1484,43249,64,228872
22966,0.000581,172.217.194.0-255,1484,44733,64,228872
22967,0.000588,172.217.194.0-255,5738,50471,64,228872
22968,0.000618,172.217.194.0-255,6797,57268,64,228872
22969,0.000629,172.217.194.0-255,365,57633,64,228872
22970,0.000649,172.31.40.0-255,66,57699,64,228872
22971,0.000748,172.217.194.0-255,377,58076,64,228872
22972,0.001118,172.217.194.0-255,1484,59560,64,228872
22973,0.001122,172.31.40.0-255,66,59626,64,228872
22974,0.001129,172.217.194.0-255,2902,62528,64,228872
22975,0.001131,172.31.40.0-255,66,62594,64,228872
22976,0.001136,172.217.194.0-255,4320,66914,64,228872
22977,0.001159,172.217.194.0-255,1484,68398,64,228872
22978,0.001189,172.217.194.0-255,2902,71300,64,228872
22979,0.001192,172.217.194.0-255,1484,72784,64,228872
22980,0.001199,172.31.40.0-255,66,72850,64,228872
22981,0.001209,172.217.194.0-255,1484,74334,64,228872
22982,0.001257,172.31.40.0-255,66,74400,64,228872
22983,0.001654,172.217.194.0-255,1484,75884,64,228872
22984,0.00166,172.217.194.0-255,2902,78786,64,228872
22985,0.001664,172.31.40.0-255,66,78852,64,228872
22986,0.001668,172.217.194.0-255,1484,80336,64,228872
22987,0.001698,172.217.194.0-255,4320,84656,64,228872
22988,0.0017,172.31.40.0-255,66,84722,64,228872
22989,0.001708,172.217.194.0-255,7156,91878,64,228872
22990,0.00171,172.31.40.0-255,66,91944,64,228872
22991,0.001736,172.217.194.0-255,5738,97682,64,228872
22992,0.00174,172.31.40.0-255,66,97748,64,228872
22993,0.001769,172.217.194.0-255,1484,99232,64,228872
22994,0.0018,172.31.40.0-255,66,99298,64,228872
22995,0.001852,172.217.194.0-255,2902,102200,64,228872
22996,0.001859,172.31.40.0-255,66,102266,64,228872
22997,0.001895,172.217.194.0-255,7156,109422,64,228872
22998,0.001905,172.31.40.0-255,66,109488,64,228872
22999,0.001919,172.217.194.0-255,1484,110972,64,228872
23000,0.001957,172.217.194.0-255,2902,113874,64,228872
23001,0.001963,172.217.194.0-255,4320,118194,64,228872
23002,0.001969,172.217.194.0-255,5738,123932,64,228872
23003,0.001974,172.31.40.0-255,66,123998,64,228872
23004,0.00199,172.217.194.0-255,2902,126900,64,228872
23005,0.002027,172.31.40.0-255,66,126966,64,228872
23006,0.002123,172.217.194.0-255,1484,128450,64,228872
23007,0.002127,172.217.194.0-255,1484,129934,64,228872
23008,0.00214,172.217.194.0-255,1484,131418,64,228872
23009,0.002143,172.31.40.0-255,66,131484,64,228872
23010,0.002174,172.217.194.0-255,5738,137222,64,228872
23011,0.002181,172.217.194.0-255,5738,142960,64,228872
23012,0.002219,172.217.194.0-255,4320,147280,64,228872
23013,0.002238,172.217.194.0-255,2902,150182,64,228872
23014,0.002252,172.31.40.0-255,66,150248,64,228872
23015,0.002261,172.31.40.0-255,66,150314,64,228872
23016,0.002649,172.217.194.0-255,1484,151798,64,228872
23017,0.002655,172.217.194.0-255,2902,154700,64,228872
23018,0.002659,172.31.40.0-255,66,154766,64,228872
23019,0.002667,172.217.194.0-255,5738,160504,64,228872
23020,0.002721,172.217.194.0-255,2902,163406,64,228872
23021,0.003345,172.217.194.0-255,1484,164890,64,228872
23022,0.003353,172.217.194.0-255,2902,167792,64,228872
23023,0.003358,172.217.194.0-255,2902,170694,64,228872
23024,0.003371,172.217.194.0-255,1484,172178,64,228872
23025,0.003375,172.217.194.0-255,1484,173662,64,228872
23026,0.003401,172.217.194.0-255,7156,180818,64,228872
23027,0.003423,172.217.194.0-255,5738,186556,64,228872
23028,0.003471,172.217.194.0-255,5738,192294,64,228872
23029,0.003494,172.217.194.0-255,1484,193778,64,228872
23030,0.003541,172.217.194.0-255,766,194544,64,228872
23031,0.003579,172.217.194.0-255,5738,200282,64,228872
23032,0.003597,172.217.194.0-255,2902,203184,64,228872
23033,0.003662,172.217.194.0-255,6438,209622,64,228872
23034,0.003665,172.217.194.0-255,1484,211106,64,228872
23035,0.003716,172.217.194.0-255,2902,214008,64,228872
23036,0.003731,172.217.194.0-255,1484,215492,64,228872
23037,0.003778,172.217.194.0-255,5738,221230,64,228872
23038,0.003795,172.217.194.0-255,3206,224436,64,228872
23039,0.003798,172.217.194.0-255,105,224541,64,228872
23040,0.009509,172.31.40.0-255,66,224607,64,228872
23041,0.011448,172.31.40.0-255,105,224712,64,228872
23042,0.013503,172.217.194.0-255,66,224778,64,228872
23043,0.029798,172.31.40.0-255,172,224950,64,228872
23044,0.029835,172.31.40.0-255,1112,226062,64,228872
23045,0.029898,172.31.40.0-255,1514,227576,64,228872
23046,0.0299,172.31.40.0-255,1296,228872,64,228872
23047,0.0,172.31.40.0-255,105,105,64,459
23048,0.000169,172.31.40.0-255,90,195,64,459
23049,0.00018,172.31.40.0-255,66,261,64,459
23050,0.002688,172.217.194.0-255,66,327,64,459
23051,0.00272,172.217.194.0-255,66,393,64,459
23052,0.002743,172.31.40.0-255,66,459,64,459
23053,0.0,74.125.200.0-255,153,153,64,367541
23054,2.4e-05,172.31.40.0-255,66,219,64,367541
23055,3.1e-05,74.125.200.0-255,1484,1703,64,367541
23056,3.7e-05,172.31.40.0-255,66,1769,64,367541
23057,5e-05,74.125.200.0-255,2902,4671,64,367541
23058,5.4e-05,172.31.40.0-255,66,4737,64,367541
23059,7.4e-05,74.125.200.0-255,2902,7639,64,367541
23060,8.2e-05,172.31.40.0-255,66,7705,64,367541
23061,0.000112,74.125.200.0-255,4320,12025,64,367541
23062,0.000116,172.31.40.0-255,66,12091,64,367541
23063,0.00012,74.125.200.0-255,2100,14191,64,367541
23064,0.000122,172.31.40.0-255,66,14257,64,367541
23065,0.000258,74.125.200.0-255,1484,15741,64,367541
23066,0.000262,172.31.40.0-255,66,15807,64,367541
23067,0.000291,74.125.200.0-255,2902,18709,64,367541
23068,0.000294,172.31.40.0-255,66,18775,64,367541
23069,0.000298,74.125.200.0-255,2902,21677,64,367541
23070,0.0003,172.31.40.0-255,66,21743,64,367541
23071,0.000311,74.125.200.0-255,4320,26063,64,367541
23072,0.000314,172.31.40.0-255,66,26129,64,367541
23073,0.000336,74.125.200.0-255,2902,29031,64,367541
23074,0.000339,172.31.40.0-255,66,29097,64,367541
23075,0.00036,74.125.200.0-255,2543,31640,64,367541
23076,0.000363,172.31.40.0-255,66,31706,64,367541
23077,0.000391,74.125.200.0-255,1484,33190,64,367541
23078,0.000394,172.31.40.0-255,66,33256,64,367541
23079,0.000399,74.125.200.0-255,2902,36158,64,367541
23080,0.000401,172.31.40.0-255,66,36224,64,367541
23081,0.000429,74.125.200.0-255,5738,41962,64,367541
23082,0.000432,172.31.40.0-255,66,42028,64,367541
23083,0.000444,74.125.200.0-255,6797,48825,64,367541
23084,0.000446,172.31.40.0-255,66,48891,64,367541
23085,0.00113,74.125.200.0-255,1484,50375,64,367541
23086,0.00114,74.125.200.0-255,1484,51859,64,367541
23087,0.001145,172.31.40.0-255,66,51925,64,367541
23088,0.001166,74.125.200.0-255,1484,53409,64,367541
23089,0.001174,74.125.200.0-255,5738,59147,64,367541
23090,0.001176,172.31.40.0-255,66,59213,64,367541
23091,0.001216,74.125.200.0-255,6797,66010,64,367541
23092,0.001219,172.31.40.0-255,66,66076,64,367541
23093,0.001227,74.125.200.0-255,7156,73232,64,367541
23094,0.001234,172.31.40.0-255,66,73298,64,367541
23095,0.00127,172.31.40.0-255,66,73364,64,367541
23096,0.001282,74.125.200.0-255,1484,74848,64,367541
23097,0.001303,74.125.200.0-255,2902,77750,64,367541
23098,0.001305,172.31.40.0-255,66,77816,64,367541
23099,0.001332,74.125.200.0-255,5738,83554,64,367541
23100,0.001335,172.31.40.0-255,66,83620,64,367541
23101,0.001339,74.125.200.0-255,1484,85104,64,367541
23102,0.001371,74.125.200.0-255,2902,88006,64,367541
23103,0.001374,172.31.40.0-255,66,88072,64,367541
23104,0.001408,74.125.200.0-255,2543,90615,64,367541
23105,0.001411,172.31.40.0-255,66,90681,64,367541
23106,0.00147,74.125.200.0-255,1484,92165,64,367541
23107,0.001475,74.125.200.0-255,1484,93649,64,367541
23108,0.001478,172.31.40.0-255,66,93715,64,367541
23109,0.00151,74.125.200.0-255,2902,96617,64,367541
23110,0.001514,172.31.40.0-255,66,96683,64,367541
23111,0.00152,74.125.200.0-255,5738,102421,64,367541
23112,0.00157,74.125.200.0-255,7156,109577,64,367541
23113,0.001584,74.125.200.0-255,1484,111061,64,367541
23114,0.001599,74.125.200.0-255,4182,115243,64,367541
23115,0.001709,74.125.200.0-255,1484,116727,64,367541
23116,0.001732,74.125.200.0-255,2902,119629,64,367541
23117,0.001735,74.125.200.0-255,1484,121113,64,367541
23118,0.001748,74.125.200.0-255,1484,122597,64,367541
23119,0.001769,74.125.200.0-255,4320,126917,64,367541
23120,0.001801,74.125.200.0-255,2902,129819,64,367541
23121,0.001857,74.125.200.0-255,5738,135557,64,367541
23122,0.001876,74.125.200.0-255,5020,140577,64,367541
23123,0.001978,74.125.200.0-255,1484,142061,64,367541
23124,0.002006,74.125.200.0-255,2902,144963,64,367541
23125,0.002013,74.125.200.0-255,4320,149283,64,367541
23126,0.002037,74.125.200.0-255,7156,156439,64,367541
23127,0.002048,74.125.200.0-255,1484,157923,64,367541
23128,0.002053,74.125.200.0-255,4320,162243,64,367541
23129,0.002056,74.125.200.0-255,1484,163727,64,367541
23130,0.002072,74.125.200.0-255,4320,168047,64,367541
23131,0.002094,74.125.200.0-255,1484,169531,64,367541
23132,0.002119,74.125.200.0-255,5020,174551,64,367541
23133,0.00213,74.125.200.0-255,1484,176035,64,367541
23134,0.00215,74.125.200.0-255,5738,181773,64,367541
23135,0.002154,74.125.200.0-255,2902,184675,64,367541
23136,0.002169,74.125.200.0-255,1484,186159,64,367541
23137,0.002182,74.125.200.0-255,4320,190479,64,367541
23138,0.00221,74.125.200.0-255,5738,196217,64,367541
23139,0.002228,74.125.200.0-255,1484,197701,64,367541
23140,0.002252,74.125.200.0-255,2184,199885,64,367541
23141,0.002337,74.125.200.0-255,1484,201369,64,367541
23142,0.00234,74.125.200.0-255,1484,202853,64,367541
23143,0.002352,74.125.200.0-255,1484,204337,64,367541
23144,0.002373,74.125.200.0-255,4320,208657,64,367541
23145,0.00238,74.125.200.0-255,4320,212977,64,367541
23146,0.002405,74.125.200.0-255,4320,217297,64,367541
23147,0.002411,74.125.200.0-255,5738,223035,64,367541
23148,0.00243,74.125.200.0-255,2902,225937,64,367541
23149,0.002454,74.125.200.0-255,2902,228839,64,367541
23150,0.002476,74.125.200.0-255,5020,233859,64,367541
23151,0.003608,74.125.200.0-255,1484,235343,64,367541
23152,0.003616,74.125.200.0-255,1484,236827,64,367541
23153,0.003633,74.125.200.0-255,1484,238311,64,367541
23154,0.00364,74.125.200.0-255,4320,242631,64,367541
23155,0.003676,74.125.200.0-255,5738,248369,64,367541
23156,0.003698,74.125.200.0-255,5738,254107,64,367541
23157,0.003724,74.125.200.0-255,1484,255591,64,367541
23158,0.003727,74.125.200.0-255,1484,257075,64,367541
23159,0.00373,74.125.200.0-255,1484,258559,64,367541
23160,0.003732,74.125.200.0-255,766,259325,64,367541
23161,0.003784,74.125.200.0-255,2902,262227,64,367541
23162,0.003787,74.125.200.0-255,1484,263711,64,367541
23163,0.003795,74.125.200.0-255,7156,270867,64,367541
23164,0.003803,74.125.200.0-255,7156,278023,64,367541
23165,0.003806,74.125.200.0-255,1484,279507,64,367541
23166,0.003833,74.125.200.0-255,5738,285245,64,367541
23167,0.003838,74.125.200.0-255,4320,289565,64,367541
23168,0.003862,74.125.200.0-255,1484,291049,64,367541
23169,0.003876,74.125.200.0-255,3602,294651,64,367541
23170,0.003882,74.125.200.0-255,5738,300389,64,367541
23171,0.003894,74.125.200.0-255,1484,301873,64,367541
23172,0.0039,74.125.200.0-255,5738,307611,64,367541
23173,0.003923,74.125.200.0-255,2902,310513,64,367541
23174,0.003939,74.125.200.0-255,7156,317669,64,367541
23175,0.003967,74.125.200.0-255,7156,324825,64,367541
23176,0.003971,74.125.200.0-255,2184,327009,64,367541
23177,0.00416,74.125.200.0-255,1484,328493,64,367541
23178,0.004164,74.125.200.0-255,1484,329977,64,367541
23179,0.00418,74.125.200.0-255,1484,331461,64,367541
23180,0.004185,74.125.200.0-255,4320,335781,64,367541
23181,0.004204,74.125.200.0-255,4320,340101,64,367541
23182,0.004226,74.125.200.0-255,4320,344421,64,367541
23183,0.00423,74.125.200.0-255,2902,347323,64,367541
23184,0.004248,74.125.200.0-255,4320,351643,64,367541
23185,0.004254,74.125.200.0-255,4320,355963,64,367541
23186,0.004278,74.125.200.0-255,4320,360283,64,367541
23187,0.004282,74.125.200.0-255,2184,362467,64,367541
23188,0.004286,74.125.200.0-255,2902,365369,64,367541
23189,0.004318,74.125.200.0-255,1830,367199,64,367541
23190,0.00435,74.125.200.0-255,105,367304,64,367541
23191,0.009952,172.31.40.0-255,66,367370,64,367541
23192,0.012925,172.31.40.0-255,105,367475,64,367541
23193,0.015417,74.125.200.0-255,66,367541,64,367541
23194,0.0,74.125.130.0-255,150,150,64,210608
23195,2.1e-05,172.31.40.0-255,66,216,64,210608
23196,2.8e-05,74.125.130.0-255,1484,1700,64,210608
23197,3.4e-05,172.31.40.0-255,66,1766,64,210608
23198,4.7e-05,74.125.130.0-255,2902,4668,64,210608
23199,5.1e-05,172.31.40.0-255,66,4734,64,210608
23200,5.4e-05,74.125.130.0-255,1484,6218,64,210608
23201,5.7e-05,172.31.40.0-255,66,6284,64,210608
23202,6.3e-05,74.125.130.0-255,2902,9186,64,210608
23203,6.5e-05,172.31.40.0-255,66,9252,64,210608
23204,6.9e-05,74.125.130.0-255,2902,12154,64,210608
23205,7.1e-05,172.31.40.0-255,66,12220,64,210608
23206,0.000108,74.125.130.0-255,3544,15764,64,210608
23207,0.000111,172.31.40.0-255,66,15830,64,210608
23208,0.000115,74.125.130.0-255,2902,18732,64,210608
23209,0.000118,172.31.40.0-255,66,18798,64,210608
23210,0.000123,74.125.130.0-255,4320,23118,64,210608
23211,0.000125,172.31.40.0-255,66,23184,64,210608
23212,0.000164,172.31.40.0-255,66,23250,64,210608
23213,0.000293,74.125.130.0-255,1484,24734,64,210608
23214,0.000297,172.31.40.0-255,66,24800,64,210608
23215,0.000303,74.125.130.0-255,2902,27702,64,210608
23216,0.000305,172.31.40.0-255,66,27768,64,210608
23217,0.000326,74.125.130.0-255,4320,32088,64,210608
23218,0.000329,172.31.40.0-255,66,32154,64,210608
23219,0.000353,74.125.130.0-255,1484,33638,64,210608
23220,0.000355,172.31.40.0-255,66,33704,64,210608
23221,0.00036,74.125.130.0-255,2902,36606,64,210608
23222,0.000362,172.31.40.0-255,66,36672,64,210608
23223,0.000367,74.125.130.0-255,3961,40633,64,210608
23224,0.000369,172.31.40.0-255,66,40699,64,210608
23225,0.000391,74.125.130.0-255,1484,42183,64,210608
23226,0.000415,74.125.130.0-255,2902,45085,64,210608
23227,0.000417,172.31.40.0-255,66,45151,64,210608
23228,0.000422,74.125.130.0-255,4320,49471,64,210608
23229,0.000425,172.31.40.0-255,66,49537,64,210608
23230,0.000444,74.125.130.0-255,1484,51021,64,210608
23231,0.000455,74.125.130.0-255,5738,56759,64,210608
23232,0.000458,172.31.40.0-255,66,56825,64,210608
23233,0.000484,74.125.130.0-255,1417,58242,64,210608
23234,0.000862,74.125.130.0-255,98,58340,64,210608
23235,0.001084,172.31.40.0-255,66,58406,64,210608
23236,0.001328,74.125.130.0-255,1484,59890,64,210608
23237,0.001344,74.125.130.0-255,1484,61374,64,210608
23238,0.001348,172.31.40.0-255,66,61440,64,210608
23239,0.001375,74.125.130.0-255,2902,64342,64,210608
23240,0.001378,172.31.40.0-255,66,64408,64,210608
23241,0.001384,74.125.130.0-255,2902,67310,64,210608
23242,0.001385,172.31.40.0-255,66,67376,64,210608
23243,0.001408,74.125.130.0-255,2902,70278,64,210608
23244,0.00141,172.31.40.0-255,66,70344,64,210608
23245,0.001413,74.125.130.0-255,1484,71828,64,210608
23246,0.001417,74.125.130.0-255,2902,74730,64,210608
23247,0.00142,172.31.40.0-255,66,74796,64,210608
23248,0.001457,74.125.130.0-255,3961,78757,64,210608
23249,0.001459,172.31.40.0-255,66,78823,64,210608
23250,0.001462,74.125.130.0-255,1484,80307,64,210608
23251,0.001485,74.125.130.0-255,2902,83209,64,210608
23252,0.001487,172.31.40.0-255,66,83275,64,210608
23253,0.001506,172.31.40.0-255,66,83341,64,210608
23254,0.001513,74.125.130.0-255,5738,89079,64,210608
23255,0.001515,172.31.40.0-255,66,89145,64,210608
23256,0.00152,74.125.130.0-255,2902,92047,64,210608
23257,0.001521,172.31.40.0-255,66,92113,64,210608
23258,0.001551,74.125.130.0-255,4320,96433,64,210608
23259,0.001554,172.31.40.0-255,66,96499,64,210608
23260,0.001559,74.125.130.0-255,3602,100101,64,210608
23261,0.001561,172.31.40.0-255,66,100167,64,210608
23262,0.001974,74.125.130.0-255,1484,101651,64,210608
23263,0.001983,74.125.130.0-255,2902,104553,64,210608
23264,0.001987,172.31.40.0-255,66,104619,64,210608
23265,0.002008,74.125.130.0-255,4320,108939,64,210608
23266,0.002011,172.31.40.0-255,66,109005,64,210608
23267,0.002035,74.125.130.0-255,1484,110489,64,210608
23268,0.002041,74.125.130.0-255,7156,117645,64,210608
23269,0.002045,172.31.40.0-255,66,117711,64,210608
23270,0.002059,74.125.130.0-255,2902,120613,64,210608
23271,0.002061,172.31.40.0-255,66,120679,64,210608
23272,0.002085,74.125.130.0-255,7156,127835,64,210608
23273,0.002092,172.31.40.0-255,66,127901,64,210608
23274,0.002128,172.31.40.0-255,66,127967,64,210608
23275,0.002133,74.125.130.0-255,4320,132287,64,210608
23276,0.002135,172.31.40.0-255,66,132353,64,210608
23277,0.002219,172.31.40.0-255,66,132419,64,210608
23278,0.002226,74.125.130.0-255,7156,139575,64,210608
23279,0.002228,172.31.40.0-255,66,139641,64,210608
23280,0.002231,74.125.130.0-255,766,140407,64,210608
23281,0.00449,74.125.130.0-255,4320,144727,64,210608
23282,0.004498,172.31.40.0-255,66,144793,64,210608
23283,0.006753,74.125.130.0-255,5738,150531,64,210608
23284,0.006757,172.31.40.0-255,66,150597,64,210608
23285,0.009009,74.125.130.0-255,5738,156335,64,210608
23286,0.009016,172.31.40.0-255,66,156401,64,210608
23287,0.01127,74.125.130.0-255,5738,162139,64,210608
23288,0.011277,172.31.40.0-255,66,162205,64,210608
23289,0.013532,74.125.130.0-255,5738,167943,64,210608
23290,0.01354,172.31.40.0-255,66,168009,64,210608
23291,0.015799,74.125.130.0-255,5738,173747,64,210608
23292,0.015807,172.31.40.0-255,66,173813,64,210608
23293,0.018072,74.125.130.0-255,5738,179551,64,210608
23294,0.018081,172.31.40.0-255,66,179617,64,210608
23295,0.020343,74.125.130.0-255,5738,185355,64,210608
23296,0.020355,172.31.40.0-255,66,185421,64,210608
23297,0.022611,74.125.130.0-255,5738,191159,64,210608
23298,0.022619,172.31.40.0-255,66,191225,64,210608
23299,0.024874,74.125.130.0-255,5738,196963,64,210608
23300,0.024881,172.31.40.0-255,66,197029,64,210608
23301,0.027139,74.125.130.0-255,4320,201349,64,210608
23302,0.027145,172.31.40.0-255,66,201415,64,210608
23303,0.02717,74.125.130.0-255,1484,202899,64,210608
23304,0.027188,172.31.40.0-255,166,203065,64,210608
23305,0.027214,172.31.40.0-255,1131,204196,64,210608
23306,0.027263,172.31.40.0-255,1514,205710,64,210608
23307,0.027269,172.31.40.0-255,314,206024,64,210608
23308,0.028727,104.244.42.0-255,66,206090,64,210608
23309,0.028774,104.244.42.0-255,66,206156,64,210608
23310,0.028821,104.244.42.0-255,66,206222,64,210608
23311,0.029401,74.125.130.0-255,4320,210542,64,210608
23312,0.029409,172.31.40.0-255,66,210608,64,210608
23313,0.0,172.253.118.0-255,146,146,64,179351
23314,2.1e-05,172.31.40.0-255,66,212,64,179351
23315,2.8e-05,172.253.118.0-255,1484,1696,64,179351
23316,3.2e-05,172.31.40.0-255,66,1762,64,179351
23317,3.7e-05,172.253.118.0-255,2902,4664,64,179351
23318,4.1e-05,172.31.40.0-255,66,4730,64,179351
23319,5.2e-05,172.253.118.0-255,4320,9050,64,179351
23320,5.5e-05,172.31.40.0-255,66,9116,64,179351
23321,6e-05,172.253.118.0-255,4858,13974,64,179351
23322,6.3e-05,172.31.40.0-255,66,14040,64,179351
23323,0.000127,172.253.118.0-255,1484,15524,64,179351
23324,0.00013,172.31.40.0-255,66,15590,64,179351
23325,0.000144,172.253.118.0-255,2902,18492,64,179351
23326,0.000156,172.31.40.0-255,66,18558,64,179351
23327,0.00016,172.253.118.0-255,2902,21460,64,179351
23328,0.000162,172.31.40.0-255,66,21526,64,179351
23329,0.000195,172.253.118.0-255,2902,24428,64,179351
23330,0.000197,172.31.40.0-255,66,24494,64,179351
23331,0.000204,172.253.118.0-255,6797,31291,64,179351
23332,0.000206,172.31.40.0-255,66,31357,64,179351
23333,0.000368,172.253.118.0-255,1484,32841,64,179351
23334,0.000373,172.31.40.0-255,66,32907,64,179351
23335,0.000378,172.253.118.0-255,2902,35809,64,179351
23336,0.00038,172.31.40.0-255,66,35875,64,179351
23337,0.000383,172.253.118.0-255,1484,37359,64,179351
23338,0.000385,172.31.40.0-255,66,37425,64,179351
23339,0.000412,172.253.118.0-255,4320,41745,64,179351
23340,0.000415,172.31.40.0-255,66,41811,64,179351
23341,0.00042,172.253.118.0-255,4320,46131,64,179351
23342,0.000421,172.31.40.0-255,66,46197,64,179351
23343,0.000455,172.253.118.0-255,2543,48740,64,179351
23344,0.000463,172.31.40.0-255,66,48806,64,179351
23345,0.00047,172.253.118.0-255,7156,55962,64,179351
23346,0.000473,172.31.40.0-255,66,56028,64,179351
23347,0.000479,172.253.118.0-255,5738,61766,64,179351
23348,0.000481,172.31.40.0-255,66,61832,64,179351
23349,0.000505,172.253.118.0-255,3961,65793,64,179351
23350,0.000508,172.31.40.0-255,66,65859,64,179351
23351,0.000689,172.253.118.0-255,396,66255,64,179351
23352,0.000919,172.31.40.0-255,66,66321,64,179351
23353,0.001134,172.253.118.0-255,1484,67805,64,179351
23354,0.001143,172.253.118.0-255,2902,70707,64,179351
23355,0.001147,172.31.40.0-255,66,70773,64,179351
23356,0.001156,172.253.118.0-255,5738,76511,64,179351
23357,0.001158,172.31.40.0-255,66,76577,64,179351
23358,0.001174,172.253.118.0-255,1484,78061,64,179351
23359,0.001211,172.31.40.0-255,66,78127,64,179351
23360,0.001225,172.253.118.0-255,1484,79611,64,179351
23361,0.001255,172.31.40.0-255,66,79677,64,179351
23362,0.001258,172.253.118.0-255,346,80023,64,179351
23363,0.001297,172.253.118.0-255,1484,81507,64,179351
23364,0.001301,172.31.40.0-255,66,81573,64,179351
23365,0.001306,172.253.118.0-255,4320,85893,64,179351
23366,0.001308,172.31.40.0-255,66,85959,64,179351
23367,0.00134,172.31.40.0-255,66,86025,64,179351
23368,0.001345,172.253.118.0-255,4320,90345,64,179351
23369,0.001348,172.31.40.0-255,66,90411,64,179351
23370,0.001372,172.253.118.0-255,2902,93313,64,179351
23371,0.001379,172.31.40.0-255,66,93379,64,179351
23372,0.001425,172.31.40.0-255,66,93445,64,179351
23373,0.001513,172.253.118.0-255,1484,94929,64,179351
23374,0.00152,172.253.118.0-255,2902,97831,64,179351
23375,0.001524,172.31.40.0-255,66,97897,64,179351
23376,0.001531,172.253.118.0-255,4320,102217,64,179351
23377,0.001533,172.31.40.0-255,66,102283,64,179351
23378,0.001557,172.253.118.0-255,1484,103767,64,179351
23379,0.001575,172.31.40.0-255,66,103833,64,179351
23380,0.001638,172.31.40.0-255,66,103899,64,179351
23381,0.003673,172.253.118.0-255,5738,109637,64,179351
23382,0.003679,172.31.40.0-255,66,109703,64,179351
23383,0.005699,172.253.118.0-255,5738,115441,64,179351
23384,0.005706,172.31.40.0-255,66,115507,64,179351
23385,0.007756,172.253.118.0-255,5738,121245,64,179351
23386,0.007766,172.31.40.0-255,66,121311,64,179351
23387,0.009806,172.253.118.0-255,5738,127049,64,179351
23388,0.009823,172.31.40.0-255,66,127115,64,179351
23389,0.011867,172.253.118.0-255,5738,132853,64,179351
23390,0.011881,172.31.40.0-255,66,132919,64,179351
23391,0.013899,172.253.118.0-255,5738,138657,64,179351
23392,0.01391,172.31.40.0-255,66,138723,64,179351
23393,0.015934,172.253.118.0-255,5738,144461,64,179351
23394,0.015946,172.31.40.0-255,66,144527,64,179351
23395,0.017973,172.253.118.0-255,5738,150265,64,179351
23396,0.017987,172.31.40.0-255,66,150331,64,179351
23397,0.019977,172.253.118.0-255,5738,156069,64,179351
23398,0.019989,172.31.40.0-255,66,156135,64,179351
23399,0.022064,172.253.118.0-255,5738,161873,64,179351
23400,0.022075,172.31.40.0-255,66,161939,64,179351
23401,0.024143,172.253.118.0-255,5738,167677,64,179351
23402,0.024151,172.31.40.0-255,66,167743,64,179351
23403,0.026174,172.253.118.0-255,5738,173481,64,179351
23404,0.026186,172.31.40.0-255,66,173547,64,179351
23405,0.028224,172.253.118.0-255,5738,179285,64,179351
23406,0.028237,172.31.40.0-255,66,179351,64,179351
23407,0.0,74.125.68.0-255,298,298,64,186736
23408,2.3e-05,172.31.40.0-255,66,364,64,186736
23409,3e-05,74.125.68.0-255,1484,1848,64,186736
23410,3.4e-05,172.31.40.0-255,66,1914,64,186736
23411,6.4e-05,74.125.68.0-255,4320,6234,64,186736
23412,6.7e-05,172.31.40.0-255,66,6300,64,186736
23413,7e-05,74.125.68.0-255,1484,7784,64,186736
23414,7.2e-05,172.31.40.0-255,66,7850,64,186736
23415,0.000118,74.125.68.0-255,2902,10752,64,186736
23416,0.000121,172.31.40.0-255,66,10818,64,186736
23417,0.000127,74.125.68.0-255,3243,14061,64,186736
23418,0.000129,172.31.40.0-255,66,14127,64,186736
23419,0.000239,74.125.68.0-255,1484,15611,64,186736
23420,0.000244,172.31.40.0-255,66,15677,64,186736
23421,0.00025,74.125.68.0-255,2902,18579,64,186736
23422,0.000252,172.31.40.0-255,66,18645,64,186736
23423,0.000286,74.125.68.0-255,4320,22965,64,186736
23424,0.000289,172.31.40.0-255,66,23031,64,186736
23425,0.000328,172.31.40.0-255,66,23097,64,186736
23426,0.000368,172.31.40.0-255,66,23163,64,186736
23427,0.000372,74.125.68.0-255,2902,26065,64,186736
23428,0.000374,172.31.40.0-255,66,26131,64,186736
23429,0.000412,172.31.40.0-255,66,26197,64,186736
23430,0.000418,74.125.68.0-255,4320,30517,64,186736
23431,0.000421,172.31.40.0-255,66,30583,64,186736
23432,0.000427,74.125.68.0-255,5020,35603,64,186736
23433,0.00043,172.31.40.0-255,66,35669,64,186736
23434,0.000433,74.125.68.0-255,359,36028,64,186736
23435,0.000436,172.31.40.0-255,66,36094,64,186736
23436,0.000479,74.125.68.0-255,414,36508,64,186736
23437,0.000815,74.125.68.0-255,1484,37992,64,186736
23438,0.000821,172.31.40.0-255,66,38058,64,186736
23439,0.000828,74.125.68.0-255,2902,40960,64,186736
23440,0.000831,172.31.40.0-255,66,41026,64,186736
23441,0.000866,74.125.68.0-255,2902,43928,64,186736
23442,0.000869,172.31.40.0-255,66,43994,64,186736
23443,0.000891,74.125.68.0-255,2902,46896,64,186736
23444,0.000894,172.31.40.0-255,66,46962,64,186736
23445,0.000916,74.125.68.0-255,7156,54118,64,186736
23446,0.000919,172.31.40.0-255,66,54184,64,186736
23447,0.000948,74.125.68.0-255,1484,55668,64,186736
23448,0.000954,74.125.68.0-255,2902,58570,64,186736
23449,0.000956,172.31.40.0-255,66,58636,64,186736
23450,0.000981,74.125.68.0-255,2902,61538,64,186736
23451,0.000984,172.31.40.0-255,66,61604,64,186736
23452,0.001011,74.125.68.0-255,4320,65924,64,186736
23453,0.001014,172.31.40.0-255,66,65990,64,186736
23454,0.001017,74.125.68.0-255,1484,67474,64,186736
23455,0.001063,74.125.68.0-255,2902,70376,64,186736
23456,0.001066,172.31.40.0-255,66,70442,64,186736
23457,0.001069,74.125.68.0-255,766,71208,64,186736
23458,0.001584,74.125.68.0-255,1484,72692,64,186736
23459,0.001591,172.31.40.0-255,66,72758,64,186736
23460,0.001598,74.125.68.0-255,2902,75660,64,186736
23461,0.0016,172.31.40.0-255,66,75726,64,186736
23462,0.001641,74.125.68.0-255,4320,80046,64,186736
23463,0.001644,172.31.40.0-255,66,80112,64,186736
23464,0.001649,74.125.68.0-255,2902,83014,64,186736
23465,0.001651,172.31.40.0-255,66,83080,64,186736
23466,0.00167,74.125.68.0-255,2902,85982,64,186736
23467,0.001676,172.31.40.0-255,66,86048,64,186736
23468,0.001681,74.125.68.0-255,2902,88950,64,186736
23469,0.001683,172.31.40.0-255,66,89016,64,186736
23470,0.00172,172.31.40.0-255,66,89082,64,186736
23471,0.001726,74.125.68.0-255,5738,94820,64,186736
23472,0.001729,172.31.40.0-255,66,94886,64,186736
23473,0.001737,74.125.68.0-255,2184,97070,64,186736
23474,0.00174,172.31.40.0-255,66,97136,64,186736
23475,0.001868,74.125.68.0-255,1484,98620,64,186736
23476,0.001875,74.125.68.0-255,2902,101522,64,186736
23477,0.001879,172.31.40.0-255,66,101588,64,186736
23478,0.001883,74.125.68.0-255,1484,103072,64,186736
23479,0.001913,74.125.68.0-255,2902,105974,64,186736
23480,0.001916,172.31.40.0-255,66,106040,64,186736
23481,0.001922,74.125.68.0-255,5738,111778,64,186736
23482,0.001924,172.31.40.0-255,66,111844,64,186736
23483,0.002001,172.31.40.0-255,66,111910,64,186736
23484,0.002013,172.31.40.0-255,66,111976,64,186736
23485,0.004081,74.125.68.0-255,5738,117714,64,186736
23486,0.004088,172.31.40.0-255,66,117780,64,186736
23487,0.006157,74.125.68.0-255,5738,123518,64,186736
23488,0.006163,172.31.40.0-255,66,123584,64,186736
23489,0.00823,74.125.68.0-255,2902,126486,64,186736
23490,0.008235,172.31.40.0-255,66,126552,64,186736
23491,0.00826,74.125.68.0-255,2902,129454,64,186736
23492,0.008262,172.31.40.0-255,66,129520,64,186736
23493,0.010293,74.125.68.0-255,2902,132422,64,186736
23494,0.010299,172.31.40.0-255,66,132488,64,186736
23495,0.010326,74.125.68.0-255,2902,135390,64,186736
23496,0.010328,172.31.40.0-255,66,135456,64,186736
23497,0.012366,74.125.68.0-255,2902,138358,64,186736
23498,0.012375,172.31.40.0-255,66,138424,64,186736
23499,0.012404,74.125.68.0-255,2902,141326,64,186736
23500,0.012406,172.31.40.0-255,66,141392,64,186736
23501,0.014431,74.125.68.0-255,2902,144294,64,186736
23502,0.014438,172.31.40.0-255,66,144360,64,186736
23503,0.014468,74.125.68.0-255,2902,147262,64,186736
23504,0.01447,172.31.40.0-255,66,147328,64,186736
23505,0.016497,74.125.68.0-255,2902,150230,64,186736
23506,0.016507,172.31.40.0-255,66,150296,64,186736
23507,0.016534,74.125.68.0-255,2902,153198,64,186736
23508,0.016537,172.31.40.0-255,66,153264,64,186736
23509,0.018575,74.125.68.0-255,4320,157584,64,186736
23510,0.018581,172.31.40.0-255,66,157650,64,186736
23511,0.018609,74.125.68.0-255,1484,159134,64,186736
23512,0.020639,74.125.68.0-255,4320,163454,64,186736
23513,0.020645,172.31.40.0-255,66,163520,64,186736
23514,0.02271,74.125.68.0-255,5738,169258,64,186736
23515,0.022718,172.31.40.0-255,66,169324,64,186736
23516,0.024774,74.125.68.0-255,5738,175062,64,186736
23517,0.024781,172.31.40.0-255,66,175128,64,186736
23518,0.026848,74.125.68.0-255,5738,180866,64,186736
23519,0.026856,172.31.40.0-255,66,180932,64,186736
23520,0.028932,74.125.68.0-255,5738,186670,64,186736
23521,0.028939,172.31.40.0-255,66,186736,64,186736
23522,0.0,172.217.194.0-255,143,143,64,119303
23523,2.1e-05,172.31.40.0-255,66,209,64,119303
23524,2.9e-05,172.217.194.0-255,1484,1693,64,119303
23525,3.4e-05,172.31.40.0-255,66,1759,64,119303
23526,4.6e-05,172.217.194.0-255,2902,4661,64,119303
23527,5.1e-05,172.31.40.0-255,66,4727,64,119303
23528,6e-05,172.217.194.0-255,7156,11883,64,119303
23529,6.3e-05,172.31.40.0-255,66,11949,64,119303
23530,7.6e-05,172.31.40.0-255,66,12015,64,119303
23531,8.8e-05,172.31.40.0-255,66,12081,64,119303
23532,0.000142,172.217.194.0-255,1484,13565,64,119303
23533,0.000145,172.31.40.0-255,66,13631,64,119303
23534,0.00015,172.217.194.0-255,2902,16533,64,119303
23535,0.000153,172.31.40.0-255,66,16599,64,119303
23536,0.000162,172.217.194.0-255,2902,19501,64,119303
23537,0.000164,172.31.40.0-255,66,19567,64,119303
23538,0.000194,172.217.194.0-255,2902,22469,64,119303
23539,0.000197,172.31.40.0-255,66,22535,64,119303
23540,0.000212,172.31.40.0-255,66,22601,64,119303
23541,0.000225,172.31.40.0-255,66,22667,64,119303
23542,0.000227,172.217.194.0-255,376,23043,64,119303
23543,0.000229,172.31.40.0-255,66,23109,64,119303
23544,0.000346,172.217.194.0-255,368,23477,64,119303
23545,0.000351,172.31.40.0-255,66,23543,64,119303
23546,0.000459,172.217.194.0-255,1484,25027,64,119303
23547,0.000464,172.31.40.0-255,66,25093,64,119303
23548,0.000469,172.217.194.0-255,2902,27995,64,119303
23549,0.000471,172.31.40.0-255,66,28061,64,119303
23550,0.000482,172.217.194.0-255,5738,33799,64,119303
23551,0.000485,172.31.40.0-255,66,33865,64,119303
23552,0.000516,172.217.194.0-255,4320,38185,64,119303
23553,0.000519,172.31.40.0-255,66,38251,64,119303
23554,0.000542,172.217.194.0-255,2543,40794,64,119303
23555,0.000545,172.31.40.0-255,66,40860,64,119303
23556,0.000552,172.217.194.0-255,7156,48016,64,119303
23557,0.000554,172.31.40.0-255,66,48082,64,119303
23558,0.000613,172.31.40.0-255,66,48148,64,119303
23559,0.000967,172.217.194.0-255,1484,49632,64,119303
23560,0.000972,172.217.194.0-255,2902,52534,64,119303
23561,0.000979,172.31.40.0-255,66,52600,64,119303
23562,0.000991,172.217.194.0-255,5738,58338,64,119303
23563,0.000998,172.31.40.0-255,66,58404,64,119303
23564,0.001038,172.31.40.0-255,66,58470,64,119303
23565,0.001043,172.217.194.0-255,2902,61372,64,119303
23566,0.001045,172.31.40.0-255,66,61438,64,119303
23567,0.001085,172.31.40.0-255,66,61504,64,119303
23568,0.001119,172.217.194.0-255,4320,65824,64,119303
23569,0.001121,172.31.40.0-255,66,65890,64,119303
23570,0.001159,172.217.194.0-255,4320,70210,64,119303
23571,0.001162,172.31.40.0-255,66,70276,64,119303
23572,0.00118,172.31.40.0-255,66,70342,64,119303
23573,0.001187,172.217.194.0-255,6438,76780,64,119303
23574,0.001192,172.31.40.0-255,66,76846,64,119303
23575,0.001221,172.217.194.0-255,1484,78330,64,119303
23576,0.001226,172.217.194.0-255,2902,81232,64,119303
23577,0.001229,172.31.40.0-255,66,81298,64,119303
23578,0.001232,172.217.194.0-255,1484,82782,64,119303
23579,0.001257,172.217.194.0-255,4320,87102,64,119303
23580,0.00126,172.31.40.0-255,66,87168,64,119303
23581,0.001274,172.31.40.0-255,66,87234,64,119303
23582,0.001277,172.217.194.0-255,1484,88718,64,119303
23583,0.001328,172.31.40.0-255,66,88784,64,119303
23584,0.001332,172.217.194.0-255,1484,90268,64,119303
23585,0.001376,172.31.40.0-255,66,90334,64,119303
23586,0.001413,172.31.40.0-255,66,90400,64,119303
23587,0.001426,172.31.40.0-255,66,90466,64,119303
23588,0.001463,172.217.194.0-255,5738,96204,64,119303
23589,0.001467,172.31.40.0-255,66,96270,64,119303
23590,0.001487,172.31.40.0-255,66,96336,64,119303
23591,0.001497,172.31.40.0-255,66,96402,64,119303
23592,0.001521,172.31.40.0-255,66,96468,64,119303
23593,0.001581,172.31.40.0-255,66,96534,64,119303
23594,0.00159,172.217.194.0-255,7156,103690,64,119303
23595,0.001592,172.31.40.0-255,66,103756,64,119303
23596,0.001637,172.31.40.0-255,66,103822,64,119303
23597,0.001653,172.31.40.0-255,66,103888,64,119303
23598,0.001656,172.217.194.0-255,1484,105372,64,119303
23599,0.001731,172.217.194.0-255,2902,108274,64,119303
23600,0.001734,172.31.40.0-255,66,108340,64,119303
23601,0.00174,172.217.194.0-255,5738,114078,64,119303
23602,0.001742,172.31.40.0-255,66,114144,64,119303
23603,0.001755,172.31.40.0-255,66,114210,64,119303
23604,0.00176,172.217.194.0-255,4320,118530,64,119303
23605,0.001762,172.31.40.0-255,66,118596,64,119303
23606,0.001821,172.31.40.0-255,66,118662,64,119303
23607,0.001838,172.31.40.0-255,66,118728,64,119303
23608,0.001853,172.31.40.0-255,66,118794,64,119303
23609,0.001864,172.31.40.0-255,66,118860,64,119303
23610,0.001866,172.217.194.0-255,105,118965,64,119303
23611,0.008484,172.31.40.0-255,101,119066,64,119303
23612,0.008761,172.31.40.0-255,105,119171,64,119303
23613,0.011013,172.217.194.0-255,66,119237,64,119303
23614,0.011276,172.217.194.0-255,66,119303,64,119303
23615,0.0,172.217.194.0-255,150,150,64,240350
23616,2.5e-05,172.31.40.0-255,66,216,64,240350
23617,3.2e-05,172.217.194.0-255,1484,1700,64,240350
23618,3.6e-05,172.31.40.0-255,66,1766,64,240350
23619,4.1e-05,172.217.194.0-255,2902,4668,64,240350
23620,4.4e-05,172.31.40.0-255,66,4734,64,240350
23621,5e-05,172.217.194.0-255,5738,10472,64,240350
23622,5.3e-05,172.31.40.0-255,66,10538,64,240350
23623,9.4e-05,172.217.194.0-255,6286,16824,64,240350
23624,9.7e-05,172.31.40.0-255,66,16890,64,240350
23625,0.000104,172.217.194.0-255,7156,24046,64,240350
23626,0.000106,172.31.40.0-255,66,24112,64,240350
23627,0.000123,172.217.194.0-255,1484,25596,64,240350
23628,0.000125,172.31.40.0-255,66,25662,64,240350
23629,0.00015,172.217.194.0-255,5379,31041,64,240350
23630,0.000152,172.31.40.0-255,66,31107,64,240350
23631,0.00017,172.217.194.0-255,5738,36845,64,240350
23632,0.000172,172.31.40.0-255,66,36911,64,240350
23633,0.0002,172.217.194.0-255,1484,38395,64,240350
23634,0.000202,172.31.40.0-255,66,38461,64,240350
23635,0.000213,172.217.194.0-255,7156,45617,64,240350
23636,0.000215,172.31.40.0-255,66,45683,64,240350
23637,0.00023,172.217.194.0-255,2543,48226,64,240350
23638,0.000232,172.31.40.0-255,66,48292,64,240350
23639,0.000627,172.217.194.0-255,1484,49776,64,240350
23640,0.000633,172.31.40.0-255,66,49842,64,240350
23641,0.000638,172.217.194.0-255,2902,52744,64,240350
23642,0.00064,172.31.40.0-255,66,52810,64,240350
23643,0.000672,172.217.194.0-255,2902,55712,64,240350
23644,0.000675,172.31.40.0-255,66,55778,64,240350
23645,0.00068,172.217.194.0-255,4320,60098,64,240350
23646,0.000682,172.31.40.0-255,66,60164,64,240350
23647,0.000702,172.217.194.0-255,4320,64484,64,240350
23648,0.000705,172.31.40.0-255,66,64550,64,240350
23649,0.000728,172.217.194.0-255,5379,69929,64,240350
23650,0.00073,172.31.40.0-255,66,69995,64,240350
23651,0.000736,172.217.194.0-255,5738,75733,64,240350
23652,0.000738,172.31.40.0-255,66,75799,64,240350
23653,0.000756,172.217.194.0-255,6797,82596,64,240350
23654,0.000759,172.31.40.0-255,66,82662,64,240350
23655,0.000785,172.217.194.0-255,2902,85564,64,240350
23656,0.000787,172.31.40.0-255,66,85630,64,240350
23657,0.000808,172.217.194.0-255,4320,89950,64,240350
23658,0.00081,172.31.40.0-255,66,90016,64,240350
23659,0.000816,172.217.194.0-255,5738,95754,64,240350
23660,0.000819,172.31.40.0-255,66,95820,64,240350
23661,0.000839,172.217.194.0-255,4541,100361,64,240350
23662,0.000842,172.31.40.0-255,66,100427,64,240350
23663,0.00087,172.31.40.0-255,66,100493,64,240350
23664,0.000876,172.217.194.0-255,4715,105208,64,240350
23665,0.000877,172.31.40.0-255,66,105274,64,240350
23666,0.000946,172.217.194.0-255,198,105472,64,240350
23667,0.001271,172.217.194.0-255,1484,106956,64,240350
23668,0.001276,172.31.40.0-255,66,107022,64,240350
23669,0.001281,172.217.194.0-255,2902,109924,64,240350
23670,0.001283,172.31.40.0-255,66,109990,64,240350
23671,0.001289,172.217.194.0-255,4320,114310,64,240350
23672,0.001292,172.31.40.0-255,66,114376,64,240350
23673,0.001315,172.217.194.0-255,1484,115860,64,240350
23674,0.001327,172.31.40.0-255,66,115926,64,240350
23675,0.001352,172.217.194.0-255,4320,120246,64,240350
23676,0.001355,172.31.40.0-255,66,120312,64,240350
23677,0.001367,172.31.40.0-255,66,120378,64,240350
23678,0.001593,172.217.194.0-255,1484,121862,64,240350
23679,0.0016,172.217.194.0-255,2902,124764,64,240350
23680,0.001603,172.31.40.0-255,66,124830,64,240350
23681,0.00161,172.217.194.0-255,5738,130568,64,240350
23682,0.001612,172.31.40.0-255,66,130634,64,240350
23683,0.001626,172.217.194.0-255,1484,132118,64,240350
23684,0.001661,172.31.40.0-255,66,132184,64,240350
23685,0.001682,172.217.194.0-255,4320,136504,64,240350
23686,0.001686,172.31.40.0-255,66,136570,64,240350
23687,0.001705,172.31.40.0-255,66,136636,64,240350
23688,0.001939,172.217.194.0-255,1484,138120,64,240350
23689,0.001945,172.217.194.0-255,2902,141022,64,240350
23690,0.001949,172.31.40.0-255,66,141088,64,240350
23691,0.001956,172.217.194.0-255,4320,145408,64,240350
23692,0.001958,172.31.40.0-255,66,145474,64,240350
23693,0.001971,172.217.194.0-255,1484,146958,64,240350
23694,0.001984,172.217.194.0-255,1484,148442,64,240350
23695,0.001987,172.31.40.0-255,66,148508,64,240350
23696,0.00202,172.31.40.0-255,66,148574,64,240350
23697,0.002033,172.31.40.0-255,66,148640,64,240350
23698,0.002057,172.217.194.0-255,1484,150124,64,240350
23699,0.002062,172.217.194.0-255,2902,153026,64,240350
23700,0.002064,172.31.40.0-255,66,153092,64,240350
23701,0.002067,172.217.194.0-255,1484,154576,64,240350
23702,0.002083,172.217.194.0-255,2902,157478,64,240350
23703,0.002085,172.31.40.0-255,66,157544,64,240350
23704,0.002088,172.217.194.0-255,1484,159028,64,240350
23705,0.002112,172.217.194.0-255,7156,166184,64,240350
23706,0.002115,172.31.40.0-255,66,166250,64,240350
23707,0.002136,172.217.194.0-255,4320,170570,64,240350
23708,0.002139,172.31.40.0-255,66,170636,64,240350
23709,0.00218,172.31.40.0-255,66,170702,64,240350
23710,0.004422,172.217.194.0-255,5738,176440,64,240350
23711,0.004446,172.31.40.0-255,66,176506,64,240350
23712,0.006697,172.217.194.0-255,5738,182244,64,240350
23713,0.00672,172.31.40.0-255,66,182310,64,240350
23714,0.008931,172.217.194.0-255,5738,188048,64,240350
23715,0.008946,172.31.40.0-255,66,188114,64,240350
23716,0.011147,172.217.194.0-255,5738,193852,64,240350
23717,0.011155,172.31.40.0-255,66,193918,64,240350
23718,0.013392,172.217.194.0-255,5738,199656,64,240350
23719,0.013412,172.31.40.0-255,66,199722,64,240350
23720,0.015646,172.217.194.0-255,5738,205460,64,240350
23721,0.015663,172.31.40.0-255,66,205526,64,240350
23722,0.017889,172.217.194.0-255,5738,211264,64,240350
23723,0.017902,172.31.40.0-255,66,211330,64,240350
23724,0.020133,172.217.194.0-255,5738,217068,64,240350
23725,0.020146,172.31.40.0-255,66,217134,64,240350
23726,0.022357,172.217.194.0-255,5738,222872,64,240350
23727,0.022366,172.31.40.0-255,66,222938,64,240350
23728,0.024593,172.217.194.0-255,5738,228676,64,240350
23729,0.024611,172.31.40.0-255,66,228742,64,240350
23730,0.026827,172.217.194.0-255,5738,234480,64,240350
23731,0.026844,172.31.40.0-255,66,234546,64,240350
23732,0.029083,172.217.194.0-255,5738,240284,64,240350
23733,0.029101,172.31.40.0-255,66,240350,64,240350
23734,0.0,172.31.40.0-255,105,105,64,105
23735,0.0,74.125.130.0-255,152,152,64,235584
23736,2.3e-05,172.31.40.0-255,66,218,64,235584
23737,3e-05,74.125.130.0-255,1484,1702,64,235584
23738,3.4e-05,172.31.40.0-255,66,1768,64,235584
23739,4e-05,74.125.130.0-255,2902,4670,64,235584
23740,4.5e-05,172.31.40.0-255,66,4736,64,235584
23741,4.8e-05,74.125.130.0-255,1484,6220,64,235584
23742,5e-05,172.31.40.0-255,66,6286,64,235584
23743,5.5e-05,74.125.130.0-255,2902,9188,64,235584
23744,5.7e-05,172.31.40.0-255,66,9254,64,235584
23745,9.7e-05,74.125.130.0-255,2902,12156,64,235584
23746,0.0001,172.31.40.0-255,66,12222,64,235584
23747,0.000117,74.125.130.0-255,2038,14260,64,235584
23748,0.00012,172.31.40.0-255,66,14326,64,235584
23749,0.000345,74.125.130.0-255,1484,15810,64,235584
23750,0.000351,172.31.40.0-255,66,15876,64,235584
23751,0.000369,74.125.130.0-255,2902,18778,64,235584
23752,0.000373,172.31.40.0-255,66,18844,64,235584
23753,0.000378,74.125.130.0-255,4320,23164,64,235584
23754,0.00038,172.31.40.0-255,66,23230,64,235584
23755,0.000395,74.125.130.0-255,1484,24714,64,235584
23756,0.000397,172.31.40.0-255,66,24780,64,235584
23757,0.000403,74.125.130.0-255,5738,30518,64,235584
23758,0.000406,172.31.40.0-255,66,30584,64,235584
23759,0.000463,74.125.130.0-255,2543,33127,64,235584
23760,0.000466,172.31.40.0-255,66,33193,64,235584
23761,0.000487,74.125.130.0-255,2902,36095,64,235584
23762,0.000491,172.31.40.0-255,66,36161,64,235584
23763,0.000506,74.125.130.0-255,5738,41899,64,235584
23764,0.000509,172.31.40.0-255,66,41965,64,235584
23765,0.000521,74.125.130.0-255,1484,43449,64,235584
23766,0.000523,172.31.40.0-255,66,43515,64,235584
23767,0.000527,74.125.130.0-255,1484,44999,64,235584
23768,0.000531,74.125.130.0-255,2902,47901,64,235584
23769,0.000534,172.31.40.0-255,66,47967,64,235584
23770,0.000536,74.125.130.0-255,1125,49092,64,235584
23771,0.000639,74.125.130.0-255,1484,50576,64,235584
23772,0.000643,172.31.40.0-255,66,50642,64,235584
23773,0.000647,74.125.130.0-255,1484,52126,64,235584
23774,0.000663,74.125.130.0-255,2902,55028,64,235584
23775,0.000666,172.31.40.0-255,66,55094,64,235584
23776,0.000668,74.125.130.0-255,1484,56578,64,235584
23777,0.000688,74.125.130.0-255,4320,60898,64,235584
23778,0.000691,172.31.40.0-255,66,60964,64,235584
23779,0.000707,74.125.130.0-255,5379,66343,64,235584
23780,0.00071,172.31.40.0-255,66,66409,64,235584
23781,0.000739,74.125.130.0-255,645,67054,64,235584
23782,0.000897,74.125.130.0-255,1484,68538,64,235584
23783,0.000902,172.31.40.0-255,66,68604,64,235584
23784,0.000908,74.125.130.0-255,2902,71506,64,235584
23785,0.00091,172.31.40.0-255,66,71572,64,235584
23786,0.000936,74.125.130.0-255,1484,73056,64,235584
23787,0.000952,74.125.130.0-255,4320,77376,64,235584
23788,0.000955,172.31.40.0-255,66,77442,64,235584
23789,0.000959,74.125.130.0-255,2902,80344,64,235584
23790,0.000961,172.31.40.0-255,66,80410,64,235584
23791,0.000986,74.125.130.0-255,3961,84371,64,235584
23792,0.00099,172.31.40.0-255,66,84437,64,235584
23793,0.001,74.125.130.0-255,1484,85921,64,235584
23794,0.001012,74.125.130.0-255,1484,87405,64,235584
23795,0.001014,172.31.40.0-255,66,87471,64,235584
23796,0.001033,74.125.130.0-255,4320,91791,64,235584
23797,0.001035,172.31.40.0-255,66,91857,64,235584
23798,0.001061,74.125.130.0-255,4320,96177,64,235584
23799,0.001064,172.31.40.0-255,66,96243,64,235584
23800,0.00109,74.125.130.0-255,5379,101622,64,235584
23801,0.001093,172.31.40.0-255,66,101688,64,235584
23802,0.001532,74.125.130.0-255,1484,103172,64,235584
23803,0.001565,74.125.130.0-255,2902,106074,64,235584
23804,0.001569,172.31.40.0-255,66,106140,64,235584
23805,0.001572,74.125.130.0-255,1484,107624,64,235584
23806,0.001576,74.125.130.0-255,2902,110526,64,235584
23807,0.001578,172.31.40.0-255,66,110592,64,235584
23808,0.001616,74.125.130.0-255,5738,116330,64,235584
23809,0.001617,172.31.40.0-255,66,116396,64,235584
23810,0.001644,74.125.130.0-255,5738,122134,64,235584
23811,0.001646,172.31.40.0-255,66,122200,64,235584
23812,0.001668,74.125.130.0-255,1484,123684,64,235584
23813,0.001673,74.125.130.0-255,4320,128004,64,235584
23814,0.001674,172.31.40.0-255,66,128070,64,235584
23815,0.001703,74.125.130.0-255,4320,132390,64,235584
23816,0.001706,172.31.40.0-255,66,132456,64,235584
23817,0.001718,74.125.130.0-255,1484,133940,64,235584
23818,0.001721,74.125.130.0-255,1484,135424,64,235584
23819,0.001723,172.31.40.0-255,66,135490,64,235584
23820,0.001756,74.125.130.0-255,766,136256,64,235584
23821,0.001897,74.125.130.0-255,1484,137740,64,235584
23822,0.0019,172.31.40.0-255,66,137806,64,235584
23823,0.001921,74.125.130.0-255,1484,139290,64,235584
23824,0.001932,74.125.130.0-255,1484,140774,64,235584
23825,0.001934,172.31.40.0-255,66,140840,64,235584
23826,0.001945,74.125.130.0-255,1484,142324,64,235584
23827,0.001966,74.125.130.0-255,4320,146644,64,235584
23828,0.001969,172.31.40.0-255,66,146710,64,235584
23829,0.001986,74.125.130.0-255,1484,148194,64,235584
23830,0.001989,74.125.130.0-255,1484,149678,64,235584
23831,0.001991,172.31.40.0-255,66,149744,64,235584
23832,0.001995,74.125.130.0-255,2902,152646,64,235584
23833,0.001997,172.31.40.0-255,66,152712,64,235584
23834,0.002021,74.125.130.0-255,5738,158450,64,235584
23835,0.002023,172.31.40.0-255,66,158516,64,235584
23836,0.002027,74.125.130.0-255,2902,161418,64,235584
23837,0.002028,172.31.40.0-255,66,161484,64,235584
23838,0.004049,74.125.130.0-255,5738,167222,64,235584
23839,0.004056,172.31.40.0-255,66,167288,64,235584
23840,0.006088,74.125.130.0-255,4320,171608,64,235584
23841,0.006091,172.31.40.0-255,66,171674,64,235584
23842,0.006103,74.125.130.0-255,1484,173158,64,235584
23843,0.008116,74.125.130.0-255,4320,177478,64,235584
23844,0.008122,172.31.40.0-255,66,177544,64,235584
23845,0.010146,74.125.130.0-255,5738,183282,64,235584
23846,0.010153,172.31.40.0-255,66,183348,64,235584
23847,0.012188,74.125.130.0-255,5738,189086,64,235584
23848,0.012197,172.31.40.0-255,66,189152,64,235584
23849,0.01422,74.125.130.0-255,5738,194890,64,235584
23850,0.014229,172.31.40.0-255,66,194956,64,235584
23851,0.016258,74.125.130.0-255,5738,200694,64,235584
23852,0.016266,172.31.40.0-255,66,200760,64,235584
23853,0.018296,74.125.130.0-255,5738,206498,64,235584
23854,0.018304,172.31.40.0-255,66,206564,64,235584
23855,0.020336,74.125.130.0-255,5738,212302,64,235584
23856,0.020344,172.31.40.0-255,66,212368,64,235584
23857,0.022366,74.125.130.0-255,5738,218106,64,235584
23858,0.022372,172.31.40.0-255,66,218172,64,235584
23859,0.024396,74.125.130.0-255,5738,223910,64,235584
23860,0.024403,172.31.40.0-255,66,223976,64,235584
23861,0.026422,74.125.130.0-255,5738,229714,64,235584
23862,0.02643,172.31.40.0-255,66,229780,64,235584
23863,0.028462,74.125.130.0-255,5738,235518,64,235584
23864,0.028468,172.31.40.0-255,66,235584,64,235584
23865,0.0,172.217.194.0-255,146,146,64,124010
23866,2.2e-05,172.31.40.0-255,66,212,64,124010
23867,3e-05,172.217.194.0-255,1484,1696,64,124010
23868,3.4e-05,172.31.40.0-255,66,1762,64,124010
23869,4e-05,172.217.194.0-255,2902,4664,64,124010
23870,5.2e-05,172.31.40.0-255,66,4730,64,124010
23871,6e-05,172.217.194.0-255,7156,11886,64,124010
23872,6.3e-05,172.31.40.0-255,66,11952,64,124010
23873,6.9e-05,172.217.194.0-255,5738,17690,64,124010
23874,7.2e-05,172.31.40.0-255,66,17756,64,124010
23875,0.00012,172.31.40.0-255,66,17822,64,124010
23876,0.000135,172.31.40.0-255,66,17888,64,124010
23877,0.000141,172.217.194.0-255,5020,22908,64,124010
23878,0.000144,172.31.40.0-255,66,22974,64,124010
23879,0.001372,172.217.194.0-255,1484,24458,64,124010
23880,0.001379,172.31.40.0-255,66,24524,64,124010
23881,0.001391,172.217.194.0-255,2902,27426,64,124010
23882,0.001394,172.31.40.0-255,66,27492,64,124010
23883,0.001406,172.217.194.0-255,5738,33230,64,124010
23884,0.001408,172.31.40.0-255,66,33296,64,124010
23885,0.001416,172.217.194.0-255,7049,40345,64,124010
23886,0.001418,172.31.40.0-255,66,40411,64,124010
23887,0.001451,172.217.194.0-255,122,40533,64,124010
23888,0.001454,172.31.40.0-255,66,40599,64,124010
23889,0.001997,172.217.194.0-255,1484,42083,64,124010
23890,0.001999,172.31.40.0-255,66,42149,64,124010
23891,0.002013,172.217.194.0-255,2902,45051,64,124010
23892,0.002015,172.31.40.0-255,66,45117,64,124010
23893,0.00202,172.217.194.0-255,2902,48019,64,124010
23894,0.002026,172.31.40.0-255,66,48085,64,124010
23895,0.002064,172.217.194.0-255,2902,50987,64,124010
23896,0.002093,172.217.194.0-255,2902,53889,64,124010
23897,0.002108,172.217.194.0-255,7156,61045,64,124010
23898,0.002125,172.217.194.0-255,766,61811,64,124010
23899,0.004151,172.31.40.0-255,66,61877,64,124010
23900,0.006251,172.217.194.0-255,5738,67615,64,124010
23901,0.006258,172.31.40.0-255,66,67681,64,124010
23902,0.008364,172.217.194.0-255,5738,73419,64,124010
23903,0.008372,172.31.40.0-255,66,73485,64,124010
23904,0.010479,172.217.194.0-255,5738,79223,64,124010
23905,0.013165,172.31.40.0-255,66,79289,64,124010
23906,0.015311,172.217.194.0-255,5738,85027,64,124010
23907,0.015327,172.31.40.0-255,66,85093,64,124010
23908,0.01743,172.217.194.0-255,5738,90831,64,124010
23909,0.017437,172.31.40.0-255,66,90897,64,124010
23910,0.019557,172.217.194.0-255,5738,96635,64,124010
23911,0.019568,172.31.40.0-255,66,96701,64,124010
23912,0.021665,172.217.194.0-255,5738,102439,64,124010
23913,0.021673,172.31.40.0-255,66,102505,64,124010
23914,0.023761,172.217.194.0-255,5738,108243,64,124010
23915,0.023769,172.31.40.0-255,66,108309,64,124010
23916,0.025856,172.217.194.0-255,5738,114047,64,124010
23917,0.025865,172.31.40.0-255,66,114113,64,124010
23918,0.027961,172.217.194.0-255,5738,119851,64,124010
23919,0.027969,172.31.40.0-255,66,119917,64,124010
23920,0.028615,172.31.40.0-255,171,120088,64,124010
23921,0.028647,172.31.40.0-255,1136,121224,64,124010
23922,0.028763,172.31.40.0-255,1514,122738,64,124010
23923,0.028766,172.31.40.0-255,1272,124010,64,124010
23924,0.0,74.125.24.0-255,153,153,64,132228
23925,4.4e-05,172.31.40.0-255,66,219,64,132228
23926,5.2e-05,74.125.24.0-255,1484,1703,64,132228
23927,5.8e-05,172.31.40.0-255,66,1769,64,132228
23928,6.4e-05,74.125.24.0-255,2902,4671,64,132228
23929,7.4e-05,172.31.40.0-255,66,4737,64,132228
23930,8.2e-05,74.125.24.0-255,7156,11893,64,132228
23931,8.5e-05,172.31.40.0-255,66,11959,64,132228
23932,9e-05,74.125.24.0-255,1983,13942,64,132228
23933,9.3e-05,172.31.40.0-255,66,14008,64,132228
23934,9.8e-05,74.125.24.0-255,2902,16910,64,132228
23935,0.000101,172.31.40.0-255,66,16976,64,132228
23936,0.000108,74.125.24.0-255,7156,24132,64,132228
23937,0.000112,172.31.40.0-255,66,24198,64,132228
23938,0.000128,172.31.40.0-255,66,24264,64,132228
23939,0.000138,172.31.40.0-255,66,24330,64,132228
23940,0.000185,74.125.24.0-255,1484,25814,64,132228
23941,0.000187,172.31.40.0-255,66,25880,64,132228
23942,0.000193,74.125.24.0-255,2902,28782,64,132228
23943,0.000195,172.31.40.0-255,66,28848,64,132228
23944,0.000206,74.125.24.0-255,4320,33168,64,132228
23945,0.000208,172.31.40.0-255,66,33234,64,132228
23946,0.000239,74.125.24.0-255,1484,34718,64,132228
23947,0.000242,172.31.40.0-255,66,34784,64,132228
23948,0.000254,74.125.24.0-255,5738,40522,64,132228
23949,0.000256,172.31.40.0-255,66,40588,64,132228
23950,0.000286,74.125.24.0-255,1714,42302,64,132228
23951,0.000288,172.31.40.0-255,66,42368,64,132228
23952,0.00085,74.125.24.0-255,1484,43852,64,132228
23953,0.000856,172.31.40.0-255,66,43918,64,132228
23954,0.000862,74.125.24.0-255,2902,46820,64,132228
23955,0.000865,172.31.40.0-255,66,46886,64,132228
23956,0.000869,74.125.24.0-255,1484,48370,64,132228
23957,0.000902,74.125.24.0-255,4320,52690,64,132228
23958,0.000904,74.125.24.0-255,1484,54174,64,132228
23959,0.000916,172.31.40.0-255,66,54240,64,132228
23960,0.00092,172.31.40.0-255,66,54306,64,132228
23961,0.000965,172.31.40.0-255,66,54372,64,132228
23962,0.001083,74.125.24.0-255,1484,55856,64,132228
23963,0.001088,74.125.24.0-255,1484,57340,64,132228
23964,0.001091,172.31.40.0-255,66,57406,64,132228
23965,0.001115,74.125.24.0-255,1484,58890,64,132228
23966,0.001122,74.125.24.0-255,5738,64628,64,132228
23967,0.001125,172.31.40.0-255,66,64694,64,132228
23968,0.001167,74.125.24.0-255,7156,71850,64,132228
23969,0.001169,172.31.40.0-255,66,71916,64,132228
23970,0.001198,74.125.24.0-255,5738,77654,64,132228
23971,0.0012,172.31.40.0-255,66,77720,64,132228
23972,0.00122,172.31.40.0-255,66,77786,64,132228
23973,0.001226,74.125.24.0-255,7156,84942,64,132228
23974,0.001229,172.31.40.0-255,66,85008,64,132228
23975,0.001235,74.125.24.0-255,5738,90746,64,132228
23976,0.001237,172.31.40.0-255,66,90812,64,132228
23977,0.001261,172.31.40.0-255,66,90878,64,132228
23978,0.001293,74.125.24.0-255,4320,95198,64,132228
23979,0.001296,172.31.40.0-255,66,95264,64,132228
23980,0.001299,74.125.24.0-255,766,96030,64,132228
23981,0.001318,172.31.40.0-255,66,96096,64,132228
23982,0.001346,74.125.24.0-255,7156,103252,64,132228
23983,0.001349,172.31.40.0-255,66,103318,64,132228
23984,0.001369,172.31.40.0-255,66,103384,64,132228
23985,0.001405,172.31.40.0-255,66,103450,64,132228
23986,0.001417,172.31.40.0-255,66,103516,64,132228
23987,0.001477,172.31.40.0-255,66,103582,64,132228
23988,0.001504,74.125.24.0-255,2902,106484,64,132228
23989,0.001507,172.31.40.0-255,66,106550,64,132228
23990,0.001555,172.31.40.0-255,66,106616,64,132228
23991,0.001577,172.31.40.0-255,66,106682,64,132228
23992,0.001603,74.125.24.0-255,4320,111002,64,132228
23993,0.001606,172.31.40.0-255,66,111068,64,132228
23994,0.001705,74.125.24.0-255,1484,112552,64,132228
23995,0.001747,74.125.24.0-255,7156,119708,64,132228
23996,0.00175,172.31.40.0-255,66,119774,64,132228
23997,0.001757,172.31.40.0-255,66,119840,64,132228
23998,0.001806,74.125.24.0-255,5020,124860,64,132228
23999,0.001812,74.125.24.0-255,5738,130598,64,132228
24000,0.001831,172.31.40.0-255,66,130664,64,132228
24001,0.001856,74.125.24.0-255,1121,131785,64,132228
24002,0.001909,74.125.24.0-255,105,131890,64,132228
24003,0.003389,172.31.40.0-255,101,131991,64,132228
24004,0.005631,74.125.24.0-255,66,132057,64,132228
24005,0.012444,172.31.40.0-255,105,132162,64,132228
24006,0.014689,74.125.24.0-255,66,132228,64,132228
24007,0.0,74.125.68.0-255,152,152,64,255081
24008,2.3e-05,172.31.40.0-255,66,218,64,255081
24009,3e-05,74.125.68.0-255,1484,1702,64,255081
24010,3.4e-05,172.31.40.0-255,66,1768,64,255081
24011,4e-05,74.125.68.0-255,2902,4670,64,255081
24012,4.4e-05,172.31.40.0-255,66,4736,64,255081
24013,5e-05,74.125.68.0-255,5738,10474,64,255081
24014,5.3e-05,172.31.40.0-255,66,10540,64,255081
24015,5.7e-05,74.125.68.0-255,2902,13442,64,255081
24016,6.1e-05,172.31.40.0-255,66,13508,64,255081
24017,8.8e-05,74.125.68.0-255,2099,15607,64,255081
24018,9.1e-05,172.31.40.0-255,66,15673,64,255081
24019,9.8e-05,74.125.68.0-255,5738,21411,64,255081
24020,0.0001,172.31.40.0-255,66,21477,64,255081
24021,0.000103,74.125.68.0-255,1484,22961,64,255081
24022,0.000105,172.31.40.0-255,66,23027,64,255081
24023,0.000123,74.125.68.0-255,7156,30183,64,255081
24024,0.000125,172.31.40.0-255,66,30249,64,255081
24025,0.000148,74.125.68.0-255,1125,31374,64,255081
24026,0.000151,172.31.40.0-255,66,31440,64,255081
24027,0.000197,74.125.68.0-255,1484,32924,64,255081
24028,0.0002,172.31.40.0-255,66,32990,64,255081
24029,0.000203,74.125.68.0-255,1484,34474,64,255081
24030,0.000205,172.31.40.0-255,66,34540,64,255081
24031,0.000218,74.125.68.0-255,2902,37442,64,255081
24032,0.00022,172.31.40.0-255,66,37508,64,255081
24033,0.000245,74.125.68.0-255,5738,43246,64,255081
24034,0.000248,172.31.40.0-255,66,43312,64,255081
24035,0.000267,74.125.68.0-255,5379,48691,64,255081
24036,0.00027,172.31.40.0-255,66,48757,64,255081
24037,0.000274,74.125.68.0-255,2902,51659,64,255081
24038,0.000276,172.31.40.0-255,66,51725,64,255081
24039,0.000297,74.125.68.0-255,2902,54627,64,255081
24040,0.0003,172.31.40.0-255,66,54693,64,255081
24041,0.00032,74.125.68.0-255,1484,56177,64,255081
24042,0.000346,172.31.40.0-255,66,56243,64,255081
24043,0.000349,74.125.68.0-255,111,56354,64,255081
24044,0.000425,74.125.68.0-255,1484,57838,64,255081
24045,0.000429,172.31.40.0-255,66,57904,64,255081
24046,0.000444,74.125.68.0-255,2902,60806,64,255081
24047,0.000447,172.31.40.0-255,66,60872,64,255081
24048,0.000469,74.125.68.0-255,5738,66610,64,255081
24049,0.000472,172.31.40.0-255,66,66676,64,255081
24050,0.000476,74.125.68.0-255,2902,69578,64,255081
24051,0.000478,172.31.40.0-255,66,69644,64,255081
24052,0.000505,74.125.68.0-255,3961,73605,64,255081
24053,0.000508,172.31.40.0-255,66,73671,64,255081
24054,0.000515,74.125.68.0-255,5738,79409,64,255081
24055,0.000517,172.31.40.0-255,66,79475,64,255081
24056,0.000549,74.125.68.0-255,1484,80959,64,255081
24057,0.00056,172.31.40.0-255,66,81025,64,255081
24058,0.000563,74.125.68.0-255,1369,82394,64,255081
24059,0.00066,172.31.40.0-255,101,82495,64,255081
24060,0.000698,74.125.68.0-255,1484,83979,64,255081
24061,0.000716,74.125.68.0-255,2902,86881,64,255081
24062,0.000734,74.125.68.0-255,4320,91201,64,255081
24063,0.000753,172.31.40.0-255,66,91267,64,255081
24064,0.000765,74.125.68.0-255,5738,97005,64,255081
24065,0.000781,74.125.68.0-255,2902,99907,64,255081
24066,0.000792,172.31.40.0-255,66,99973,64,255081
24067,0.000804,74.125.68.0-255,2902,102875,64,255081
24068,0.000828,74.125.68.0-255,7156,110031,64,255081
24069,0.000831,74.125.68.0-255,2902,112933,64,255081
24070,0.000866,172.31.40.0-255,66,112999,64,255081
24071,0.000873,172.31.40.0-255,66,113065,64,255081
24072,0.000886,74.125.68.0-255,3602,116667,64,255081
24073,0.00091,172.31.40.0-255,66,116733,64,255081
24074,0.001157,74.125.68.0-255,1484,118217,64,255081
24075,0.001174,74.125.68.0-255,1484,119701,64,255081
24076,0.001177,172.31.40.0-255,66,119767,64,255081
24077,0.001181,74.125.68.0-255,1484,121251,64,255081
24078,0.001195,74.125.68.0-255,1484,122735,64,255081
24079,0.001213,172.31.40.0-255,66,122801,64,255081
24080,0.001224,74.125.68.0-255,2902,125703,64,255081
24081,0.001244,74.125.68.0-255,2902,128605,64,255081
24082,0.001247,74.125.68.0-255,1484,130089,64,255081
24083,0.001252,172.31.40.0-255,66,130155,64,255081
24084,0.00136,74.125.68.0-255,1484,131639,64,255081
24085,0.001428,74.125.68.0-255,1484,133123,64,255081
24086,0.001432,172.31.40.0-255,66,133189,64,255081
24087,0.001456,74.125.68.0-255,2902,136091,64,255081
24088,0.001461,172.31.40.0-255,66,136157,64,255081
24089,0.00148,74.125.68.0-255,5738,141895,64,255081
24090,0.001493,74.125.68.0-255,1484,143379,64,255081
24091,0.001509,74.125.68.0-255,5738,149117,64,255081
24092,0.001512,172.31.40.0-255,66,149183,64,255081
24093,0.001516,172.31.40.0-255,66,149249,64,255081
24094,0.001525,74.125.68.0-255,2184,151433,64,255081
24095,0.00155,172.31.40.0-255,66,151499,64,255081
24096,0.001806,74.125.68.0-255,1484,152983,64,255081
24097,0.001825,74.125.68.0-255,2902,155885,64,255081
24098,0.001828,172.31.40.0-255,66,155951,64,255081
24099,0.00185,74.125.68.0-255,4320,160271,64,255081
24100,0.001852,172.31.40.0-255,66,160337,64,255081
24101,0.001886,74.125.68.0-255,4320,164657,64,255081
24102,0.001889,172.31.40.0-255,66,164723,64,255081
24103,0.00194,74.125.68.0-255,1484,166207,64,255081
24104,0.001964,74.125.68.0-255,2902,169109,64,255081
24105,0.001967,172.31.40.0-255,66,169175,64,255081
24106,0.001983,74.125.68.0-255,1484,170659,64,255081
24107,0.002009,74.125.68.0-255,2902,173561,64,255081
24108,0.002012,172.31.40.0-255,66,173627,64,255081
24109,0.002034,74.125.68.0-255,2902,176529,64,255081
24110,0.002042,172.31.40.0-255,66,176595,64,255081
24111,0.00205,74.125.68.0-255,2902,179497,64,255081
24112,0.002054,172.31.40.0-255,66,179563,64,255081
24113,0.00266,74.125.68.0-255,66,179629,64,255081
24114,0.004069,74.125.68.0-255,5738,185367,64,255081
24115,0.004077,172.31.40.0-255,66,185433,64,255081
24116,0.006102,74.125.68.0-255,5738,191171,64,255081
24117,0.006106,172.31.40.0-255,66,191237,64,255081
24118,0.008127,74.125.68.0-255,5738,196975,64,255081
24119,0.008132,172.31.40.0-255,66,197041,64,255081
24120,0.010151,74.125.68.0-255,5738,202779,64,255081
24121,0.010161,172.31.40.0-255,66,202845,64,255081
24122,0.012192,74.125.68.0-255,5738,208583,64,255081
24123,0.012202,172.31.40.0-255,66,208649,64,255081
24124,0.014228,74.125.68.0-255,5738,214387,64,255081
24125,0.014237,172.31.40.0-255,66,214453,64,255081
24126,0.016265,74.125.68.0-255,5738,220191,64,255081
24127,0.016272,172.31.40.0-255,66,220257,64,255081
24128,0.018309,74.125.68.0-255,5738,225995,64,255081
24129,0.018316,172.31.40.0-255,66,226061,64,255081
24130,0.020351,74.125.68.0-255,5738,231799,64,255081
24131,0.020358,172.31.40.0-255,66,231865,64,255081
24132,0.022401,74.125.68.0-255,5738,237603,64,255081
24133,0.022414,172.31.40.0-255,66,237669,64,255081
24134,0.024462,74.125.68.0-255,5738,243407,64,255081
24135,0.024481,172.31.40.0-255,66,243473,64,255081
24136,0.026526,74.125.68.0-255,5738,249211,64,255081
24137,0.026541,172.31.40.0-255,66,249277,64,255081
24138,0.028584,74.125.68.0-255,5738,255015,64,255081
24139,0.028597,172.31.40.0-255,66,255081,64,255081
24140,0.0,74.125.24.0-255,146,146,64,275512
24141,2e-05,172.31.40.0-255,66,212,64,275512
24142,2.7e-05,74.125.24.0-255,1484,1696,64,275512
24143,3.2e-05,172.31.40.0-255,66,1762,64,275512
24144,3.7e-05,74.125.24.0-255,2902,4664,64,275512
24145,4.1e-05,172.31.40.0-255,66,4730,64,275512
24146,5e-05,74.125.24.0-255,7156,11886,64,275512
24147,5.3e-05,172.31.40.0-255,66,11952,64,275512
24148,7.7e-05,74.125.24.0-255,1484,13436,64,275512
24149,7.9e-05,172.31.40.0-255,66,13502,64,275512
24150,9.6e-05,74.125.24.0-255,4320,17822,64,275512
24151,9.8e-05,172.31.40.0-255,66,17888,64,275512
24152,0.000114,74.125.24.0-255,6253,24141,64,275512
24153,0.000117,172.31.40.0-255,66,24207,64,275512
24154,0.000123,74.125.24.0-255,6797,31004,64,275512
24155,0.000125,172.31.40.0-255,66,31070,64,275512
24156,0.000194,74.125.24.0-255,1484,32554,64,275512
24157,0.000197,172.31.40.0-255,66,32620,64,275512
24158,0.000201,74.125.24.0-255,2902,35522,64,275512
24159,0.000203,172.31.40.0-255,66,35588,64,275512
24160,0.000216,74.125.24.0-255,4320,39908,64,275512
24161,0.000218,172.31.40.0-255,66,39974,64,275512
24162,0.000236,74.125.24.0-255,1484,41458,64,275512
24163,0.000238,172.31.40.0-255,66,41524,64,275512
24164,0.000241,74.125.24.0-255,1484,43008,64,275512
24165,0.000243,172.31.40.0-255,66,43074,64,275512
24166,0.000264,172.31.40.0-255,66,43140,64,275512
24167,0.000271,74.125.24.0-255,7156,50296,64,275512
24168,0.000273,172.31.40.0-255,66,50362,64,275512
24169,0.000291,74.125.24.0-255,4320,54682,64,275512
24170,0.000293,172.31.40.0-255,66,54748,64,275512
24171,0.000314,74.125.24.0-255,1436,56184,64,275512
24172,0.000316,172.31.40.0-255,66,56250,64,275512
24173,0.000318,74.125.24.0-255,374,56624,64,275512
24174,0.00032,172.31.40.0-255,66,56690,64,275512
24175,0.000619,74.125.24.0-255,1484,58174,64,275512
24176,0.000623,172.31.40.0-255,66,58240,64,275512
24177,0.000628,74.125.24.0-255,2902,61142,64,275512
24178,0.00063,172.31.40.0-255,66,61208,64,275512
24179,0.000635,74.125.24.0-255,2902,64110,64,275512
24180,0.000637,172.31.40.0-255,66,64176,64,275512
24181,0.00065,74.125.24.0-255,2902,67078,64,275512
24182,0.000669,74.125.24.0-255,2902,69980,64,275512
24183,0.00069,74.125.24.0-255,1484,71464,64,275512
24184,0.000706,74.125.24.0-255,7156,78620,64,275512
24185,0.000722,74.125.24.0-255,2184,80804,64,275512
24186,0.000847,172.31.40.0-255,66,80870,64,275512
24187,0.000934,74.125.24.0-255,1484,82354,64,275512
24188,0.00095,74.125.24.0-255,2902,85256,64,275512
24189,0.000958,172.31.40.0-255,66,85322,64,275512
24190,0.000965,74.125.24.0-255,1484,86806,64,275512
24191,0.000982,74.125.24.0-255,4320,91126,64,275512
24192,0.000994,74.125.24.0-255,1484,92610,64,275512
24193,0.000996,172.31.40.0-255,66,92676,64,275512
24194,0.001022,74.125.24.0-255,1484,94160,64,275512
24195,0.00103,172.31.40.0-255,66,94226,64,275512
24196,0.001047,172.31.40.0-255,66,94292,64,275512
24197,0.001071,74.125.24.0-255,2184,96476,64,275512
24198,0.001079,172.31.40.0-255,66,96542,64,275512
24199,0.001171,74.125.24.0-255,1484,98026,64,275512
24200,0.001175,74.125.24.0-255,1484,99510,64,275512
24201,0.001185,74.125.24.0-255,1484,100994,64,275512
24202,0.00119,74.125.24.0-255,5738,106732,64,275512
24203,0.001224,172.31.40.0-255,66,106798,64,275512
24204,0.001245,172.31.40.0-255,66,106864,64,275512
24205,0.001249,74.125.24.0-255,2902,109766,64,275512
24206,0.001285,74.125.24.0-255,2184,111950,64,275512
24207,0.001288,172.31.40.0-255,66,112016,64,275512
24208,0.001292,172.31.40.0-255,66,112082,64,275512
24209,0.001327,74.125.24.0-255,2902,114984,64,275512
24210,0.001332,74.125.24.0-255,2902,117886,64,275512
24211,0.00134,172.31.40.0-255,66,117952,64,275512
24212,0.001349,74.125.24.0-255,2902,120854,64,275512
24213,0.001352,172.31.40.0-255,66,120920,64,275512
24214,0.001363,74.125.24.0-255,4320,125240,64,275512
24215,0.001386,74.125.24.0-255,2902,128142,64,275512
24216,0.001393,172.31.40.0-255,66,128208,64,275512
24217,0.001428,74.125.24.0-255,5020,133228,64,275512
24218,0.001436,172.31.40.0-255,66,133294,64,275512
24219,0.001525,74.125.24.0-255,1484,134778,64,275512
24220,0.001531,74.125.24.0-255,2902,137680,64,275512
24221,0.001554,74.125.24.0-255,2902,140582,64,275512
24222,0.001557,172.31.40.0-255,66,140648,64,275512
24223,0.001561,172.31.40.0-255,66,140714,64,275512
24224,0.001574,74.125.24.0-255,2902,143616,64,275512
24225,0.00158,74.125.24.0-255,5738,149354,64,275512
24226,0.001594,172.31.40.0-255,66,149420,64,275512
24227,0.001599,74.125.24.0-255,4320,153740,64,275512
24228,0.001603,172.31.40.0-255,66,153806,64,275512
24229,0.001615,74.125.24.0-255,5738,159544,64,275512
24230,0.001626,172.31.40.0-255,66,159610,64,275512
24231,0.001637,74.125.24.0-255,7156,166766,64,275512
24232,0.001641,172.31.40.0-255,66,166832,64,275512
24233,0.001655,74.125.24.0-255,1484,168316,64,275512
24234,0.001693,172.31.40.0-255,66,168382,64,275512
24235,0.001725,172.31.40.0-255,66,168448,64,275512
24236,0.001737,74.125.24.0-255,4320,172768,64,275512
24237,0.001743,74.125.24.0-255,6438,179206,64,275512
24238,0.001764,172.31.40.0-255,66,179272,64,275512
24239,0.001856,74.125.24.0-255,1484,180756,64,275512
24240,0.001872,74.125.24.0-255,2902,183658,64,275512
24241,0.001877,74.125.24.0-255,5738,189396,64,275512
24242,0.001882,172.31.40.0-255,66,189462,64,275512
24243,0.001894,74.125.24.0-255,7156,196618,64,275512
24244,0.001914,74.125.24.0-255,5738,202356,64,275512
24245,0.00192,74.125.24.0-255,5738,208094,64,275512
24246,0.001926,172.31.40.0-255,66,208160,64,275512
24247,0.001936,74.125.24.0-255,4320,212480,64,275512
24248,0.001938,74.125.24.0-255,766,213246,64,275512
24249,0.001961,172.31.40.0-255,66,213312,64,275512
24250,0.002354,74.125.24.0-255,1484,214796,64,275512
24251,0.0043,74.125.24.0-255,4320,219116,64,275512
24252,0.004306,172.31.40.0-255,66,219182,64,275512
24253,0.006661,74.125.24.0-255,5738,224920,64,275512
24254,0.006665,172.31.40.0-255,66,224986,64,275512
24255,0.008964,74.125.24.0-255,5738,230724,64,275512
24256,0.009121,172.31.40.0-255,66,230790,64,275512
24257,0.01152,74.125.24.0-255,5738,236528,64,275512
24258,0.011528,172.31.40.0-255,66,236594,64,275512
24259,0.013837,74.125.24.0-255,5738,242332,64,275512
24260,0.013843,172.31.40.0-255,66,242398,64,275512
24261,0.016173,74.125.24.0-255,5738,248136,64,275512
24262,0.018541,172.31.40.0-255,66,248202,64,275512
24263,0.020894,74.125.24.0-255,5738,253940,64,275512
24264,0.020904,172.31.40.0-255,66,254006,64,275512
24265,0.023303,74.125.24.0-255,5738,259744,64,275512
24266,0.023309,172.31.40.0-255,66,259810,64,275512
24267,0.025622,74.125.24.0-255,5738,265548,64,275512
24268,0.025628,172.31.40.0-255,66,265614,64,275512
24269,0.027989,74.125.24.0-255,5738,271352,64,275512
24270,0.027996,172.31.40.0-255,66,271418,64,275512
24271,0.029129,172.31.40.0-255,172,271590,64,275512
24272,0.029159,172.31.40.0-255,1111,272701,64,275512
24273,0.02922,172.31.40.0-255,1514,274215,64,275512
24274,0.029222,172.31.40.0-255,1297,275512,64,275512
24275,0.0,172.31.40.0-255,105,105,64,459
24276,0.000245,172.31.40.0-255,90,195,64,459
24277,0.000253,172.31.40.0-255,66,261,64,459
24278,0.002522,74.125.68.0-255,66,327,64,459
24279,0.002536,74.125.68.0-255,66,393,64,459
24280,0.002548,172.31.40.0-255,66,459,64,459
24281,0.0,172.217.194.0-255,153,153,64,191574
24282,2.3e-05,172.31.40.0-255,66,219,64,191574
24283,3.1e-05,172.217.194.0-255,1484,1703,64,191574
24284,3.6e-05,172.31.40.0-255,66,1769,64,191574
24285,4.1e-05,172.217.194.0-255,2902,4671,64,191574
24286,5.3e-05,172.31.40.0-255,66,4737,64,191574
24287,6.1e-05,172.217.194.0-255,7156,11893,64,191574
24288,6.4e-05,172.31.40.0-255,66,11959,64,191574
24289,9.1e-05,172.31.40.0-255,66,12025,64,191574
24290,0.000104,172.217.194.0-255,6797,18822,64,191574
24291,0.000106,172.31.40.0-255,66,18888,64,191574
24292,0.000201,172.217.194.0-255,1484,20372,64,191574
24293,0.000205,172.31.40.0-255,66,20438,64,191574
24294,0.00021,172.217.194.0-255,2902,23340,64,191574
24295,0.000212,172.31.40.0-255,66,23406,64,191574
24296,0.000219,172.217.194.0-255,5738,29144,64,191574
24297,0.000226,172.31.40.0-255,66,29210,64,191574
24298,0.000247,172.217.194.0-255,6797,36007,64,191574
24299,0.00025,172.31.40.0-255,66,36073,64,191574
24300,0.000279,172.217.194.0-255,5738,41811,64,191574
24301,0.000281,172.31.40.0-255,66,41877,64,191574
24302,0.000316,172.31.40.0-255,66,41943,64,191574
24303,0.00032,172.217.194.0-255,2797,44740,64,191574
24304,0.000322,172.31.40.0-255,66,44806,64,191574
24305,0.000325,172.217.194.0-255,432,45238,64,191574
24306,0.000332,172.31.40.0-255,66,45304,64,191574
24307,0.000778,172.217.194.0-255,1484,46788,64,191574
24308,0.000784,172.31.40.0-255,66,46854,64,191574
24309,0.000791,172.217.194.0-255,2902,49756,64,191574
24310,0.000793,172.31.40.0-255,66,49822,64,191574
24311,0.00082,172.217.194.0-255,5738,55560,64,191574
24312,0.000823,172.31.40.0-255,66,55626,64,191574
24313,0.000829,172.217.194.0-255,5738,61364,64,191574
24314,0.000832,172.31.40.0-255,66,61430,64,191574
24315,0.000865,172.217.194.0-255,7156,68586,64,191574
24316,0.000881,172.31.40.0-255,66,68652,64,191574
24317,0.000885,172.31.40.0-255,66,68718,64,191574
24318,0.001316,172.217.194.0-255,1484,70202,64,191574
24319,0.001322,172.217.194.0-255,1484,71686,64,191574
24320,0.001325,172.31.40.0-255,66,71752,64,191574
24321,0.00135,172.217.194.0-255,1484,73236,64,191574
24322,0.001355,172.217.194.0-255,5738,78974,64,191574
24323,0.001361,172.217.194.0-255,7156,86130,64,191574
24324,0.001385,172.31.40.0-255,66,86196,64,191574
24325,0.001387,172.31.40.0-255,66,86262,64,191574
24326,0.001428,172.217.194.0-255,2184,88446,64,191574
24327,0.001432,172.31.40.0-255,66,88512,64,191574
24328,0.001438,172.31.40.0-255,66,88578,64,191574
24329,0.002074,172.217.194.0-255,1484,90062,64,191574
24330,0.002084,172.217.194.0-255,2902,92964,64,191574
24331,0.002088,172.31.40.0-255,66,93030,64,191574
24332,0.002115,172.217.194.0-255,1484,94514,64,191574
24333,0.002119,172.217.194.0-255,2902,97416,64,191574
24334,0.002121,172.31.40.0-255,66,97482,64,191574
24335,0.002127,172.217.194.0-255,5738,103220,64,191574
24336,0.002129,172.31.40.0-255,66,103286,64,191574
24337,0.002167,172.217.194.0-255,2902,106188,64,191574
24338,0.00217,172.31.40.0-255,66,106254,64,191574
24339,0.002186,172.217.194.0-255,4320,110574,64,191574
24340,0.002188,172.31.40.0-255,66,110640,64,191574
24341,0.002191,172.217.194.0-255,1484,112124,64,191574
24342,0.002214,172.217.194.0-255,7156,119280,64,191574
24343,0.002216,172.31.40.0-255,66,119346,64,191574
24344,0.002221,172.217.194.0-255,3602,122948,64,191574
24345,0.002223,172.31.40.0-255,66,123014,64,191574
24346,0.002504,172.217.194.0-255,1484,124498,64,191574
24347,0.00251,172.217.194.0-255,1484,125982,64,191574
24348,0.002513,172.31.40.0-255,66,126048,64,191574
24349,0.002535,172.217.194.0-255,1484,127532,64,191574
24350,0.002542,172.217.194.0-255,5738,133270,64,191574
24351,0.002544,172.31.40.0-255,66,133336,64,191574
24352,0.002576,172.31.40.0-255,66,133402,64,191574
24353,0.002586,172.31.40.0-255,66,133468,64,191574
24354,0.002633,172.31.40.0-255,66,133534,64,191574
24355,0.005217,172.217.194.0-255,5738,139272,64,191574
24356,0.005221,172.31.40.0-255,66,139338,64,191574
24357,0.007786,172.217.194.0-255,5738,145076,64,191574
24358,0.007793,172.31.40.0-255,66,145142,64,191574
24359,0.010391,172.217.194.0-255,5738,150880,64,191574
24360,0.010399,172.31.40.0-255,66,150946,64,191574
24361,0.012958,172.217.194.0-255,5738,156684,64,191574
24362,0.012967,172.31.40.0-255,66,156750,64,191574
24363,0.01555,172.217.194.0-255,5738,162488,64,191574
24364,0.01556,172.31.40.0-255,66,162554,64,191574
24365,0.018128,172.217.194.0-255,5738,168292,64,191574
24366,0.018137,172.31.40.0-255,66,168358,64,191574
24367,0.020721,172.217.194.0-255,5738,174096,64,191574
24368,0.020729,172.31.40.0-255,66,174162,64,191574
24369,0.023294,172.217.194.0-255,5738,179900,64,191574
24370,0.023301,172.31.40.0-255,66,179966,64,191574
24371,0.025899,172.217.194.0-255,5738,185704,64,191574
24372,0.025918,172.31.40.0-255,66,185770,64,191574
24373,0.028485,172.217.194.0-255,5738,191508,64,191574
24374,0.0285,172.31.40.0-255,66,191574,64,191574
24375,0.0,172.217.160.0-255,153,153,64,155671
24376,2.4e-05,172.31.40.0-255,66,219,64,155671
24377,3.2e-05,172.217.160.0-255,1484,1703,64,155671
24378,3.7e-05,172.31.40.0-255,66,1769,64,155671
24379,5.2e-05,172.217.160.0-255,2902,4671,64,155671
24380,5.6e-05,172.31.40.0-255,66,4737,64,155671
24381,6.5e-05,172.217.160.0-255,7156,11893,64,155671
24382,6.8e-05,172.31.40.0-255,66,11959,64,155671
24383,0.000127,172.217.160.0-255,2011,13970,64,155671
24384,0.00013,172.31.40.0-255,66,14036,64,155671
24385,0.000163,172.31.40.0-255,66,14102,64,155671
24386,0.000187,172.217.160.0-255,1484,15586,64,155671
24387,0.000189,172.31.40.0-255,66,15652,64,155671
24388,0.000278,172.217.160.0-255,6797,22449,64,155671
24389,0.000282,172.31.40.0-255,66,22515,64,155671
24390,0.000388,172.217.160.0-255,1484,23999,64,155671
24391,0.000391,172.31.40.0-255,66,24065,64,155671
24392,0.000396,172.217.160.0-255,1484,25549,64,155671
24393,0.000398,172.31.40.0-255,66,25615,64,155671
24394,0.000417,172.217.160.0-255,1484,27099,64,155671
24395,0.00042,172.31.40.0-255,66,27165,64,155671
24396,0.000429,172.217.160.0-255,2902,30067,64,155671
24397,0.000431,172.31.40.0-255,66,30133,64,155671
24398,0.000462,172.217.160.0-255,1484,31617,64,155671
24399,0.000464,172.31.40.0-255,66,31683,64,155671
24400,0.000491,172.217.160.0-255,2902,34585,64,155671
24401,0.000494,172.31.40.0-255,66,34651,64,155671
24402,0.00052,172.31.40.0-255,66,34717,64,155671
24403,0.000628,172.217.160.0-255,5738,40455,64,155671
24404,0.000633,172.31.40.0-255,66,40521,64,155671
24405,0.000666,172.217.160.0-255,6797,47318,64,155671
24406,0.000673,172.31.40.0-255,66,47384,64,155671
24407,0.000753,172.217.160.0-255,376,47760,64,155671
24408,0.000832,172.217.160.0-255,101,47861,64,155671
24409,0.000983,172.217.160.0-255,1484,49345,64,155671
24410,0.000989,172.217.160.0-255,2902,52247,64,155671
24411,0.001,172.31.40.0-255,66,52313,64,155671
24412,0.00102,172.217.160.0-255,5738,58051,64,155671
24413,0.001062,172.31.40.0-255,66,58117,64,155671
24414,0.001089,172.217.160.0-255,2902,61019,64,155671
24415,0.001092,172.31.40.0-255,66,61085,64,155671
24416,0.001144,172.31.40.0-255,66,61151,64,155671
24417,0.001255,172.217.160.0-255,5738,66889,64,155671
24418,0.001271,172.217.160.0-255,3961,70850,64,155671
24419,0.001276,172.31.40.0-255,66,70916,64,155671
24420,0.002925,172.217.160.0-255,5738,76654,64,155671
24421,0.002934,172.31.40.0-255,66,76720,64,155671
24422,0.004583,172.217.160.0-255,5738,82458,64,155671
24423,0.007535,172.31.40.0-255,66,82524,64,155671
24424,0.009188,172.217.160.0-255,5738,88262,64,155671
24425,0.009197,172.31.40.0-255,66,88328,64,155671
24426,0.010843,172.217.160.0-255,5738,94066,64,155671
24427,0.012764,172.31.40.0-255,66,94132,64,155671
24428,0.014418,172.217.160.0-255,5738,99870,64,155671
24429,0.014427,172.31.40.0-255,66,99936,64,155671
24430,0.016114,172.217.160.0-255,5738,105674,64,155671
24431,0.016127,172.31.40.0-255,66,105740,64,155671
24432,0.017785,172.217.160.0-255,5738,111478,64,155671
24433,0.017792,172.31.40.0-255,66,111544,64,155671
24434,0.019444,172.217.160.0-255,5738,117282,64,155671
24435,0.019455,172.31.40.0-255,66,117348,64,155671
24436,0.021099,172.217.160.0-255,5738,123086,64,155671
24437,0.021108,172.31.40.0-255,66,123152,64,155671
24438,0.022762,172.217.160.0-255,5738,128890,64,155671
24439,0.022771,172.31.40.0-255,66,128956,64,155671
24440,0.024422,172.217.160.0-255,5738,134694,64,155671
24441,0.024429,172.31.40.0-255,66,134760,64,155671
24442,0.024857,172.31.40.0-255,167,134927,64,155671
24443,0.02489,172.31.40.0-255,1108,136035,64,155671
24444,0.024944,172.31.40.0-255,1514,137549,64,155671
24445,0.024946,172.31.40.0-255,338,137887,64,155671
24446,0.026077,172.217.160.0-255,5738,143625,64,155671
24447,0.026084,172.31.40.0-255,66,143691,64,155671
24448,0.026393,104.244.42.0-255,66,143757,64,155671
24449,0.026438,104.244.42.0-255,66,143823,64,155671
24450,0.026458,104.244.42.0-255,66,143889,64,155671
24451,0.027366,104.244.42.0-255,108,143997,64,155671
24452,0.027374,172.31.40.0-255,66,144063,64,155671
24453,0.027731,172.217.160.0-255,5738,149801,64,155671
24454,0.027736,172.31.40.0-255,66,149867,64,155671
24455,0.029386,172.217.160.0-255,5738,155605,64,155671
24456,0.029394,172.31.40.0-255,66,155671,64,155671
24457,0.0,74.125.68.0-255,152,152,64,195576
24458,1.4e-05,172.31.40.0-255,66,218,64,195576
24459,2.1e-05,74.125.68.0-255,1484,1702,64,195576
24460,2.5e-05,172.31.40.0-255,66,1768,64,195576
24461,3.1e-05,74.125.68.0-255,2902,4670,64,195576
24462,3.5e-05,172.31.40.0-255,66,4736,64,195576
24463,3.8e-05,74.125.68.0-255,1484,6220,64,195576
24464,4.1e-05,172.31.40.0-255,66,6286,64,195576
24465,6.7e-05,74.125.68.0-255,2902,9188,64,195576
24466,6.9e-05,172.31.40.0-255,66,9254,64,195576
24467,8.7e-05,74.125.68.0-255,4320,13574,64,195576
24468,9e-05,172.31.40.0-255,66,13640,64,195576
24469,0.000106,74.125.68.0-255,593,14233,64,195576
24470,0.000108,172.31.40.0-255,66,14299,64,195576
24471,0.000174,74.125.68.0-255,1484,15783,64,195576
24472,0.000176,172.31.40.0-255,66,15849,64,195576
24473,0.000191,74.125.68.0-255,2902,18751,64,195576
24474,0.000194,172.31.40.0-255,66,18817,64,195576
24475,0.000212,74.125.68.0-255,5738,24555,64,195576
24476,0.000215,172.31.40.0-255,66,24621,64,195576
24477,0.000232,74.125.68.0-255,1484,26105,64,195576
24478,0.000235,172.31.40.0-255,66,26171,64,195576
24479,0.000251,74.125.68.0-255,5379,31550,64,195576
24480,0.000254,172.31.40.0-255,66,31616,64,195576
24481,0.000321,74.125.68.0-255,1484,33100,64,195576
24482,0.000324,172.31.40.0-255,66,33166,64,195576
24483,0.000328,74.125.68.0-255,1484,34650,64,195576
24484,0.00033,172.31.40.0-255,66,34716,64,195576
24485,0.000342,74.125.68.0-255,1484,36200,64,195576
24486,0.000344,172.31.40.0-255,66,36266,64,195576
24487,0.000368,74.125.68.0-255,1484,37750,64,195576
24488,0.000371,172.31.40.0-255,66,37816,64,195576
24489,0.000377,74.125.68.0-255,5738,43554,64,195576
24490,0.00038,172.31.40.0-255,66,43620,64,195576
24491,0.000384,74.125.68.0-255,2902,46522,64,195576
24492,0.000386,172.31.40.0-255,66,46588,64,195576
24493,0.00041,74.125.68.0-255,2543,49131,64,195576
24494,0.000413,172.31.40.0-255,66,49197,64,195576
24495,0.000611,74.125.68.0-255,1484,50681,64,195576
24496,0.000616,74.125.68.0-255,1484,52165,64,195576
24497,0.000621,172.31.40.0-255,66,52231,64,195576
24498,0.000635,74.125.68.0-255,1484,53715,64,195576
24499,0.000641,74.125.68.0-255,4320,58035,64,195576
24500,0.000644,172.31.40.0-255,66,58101,64,195576
24501,0.000662,74.125.68.0-255,5738,63839,64,195576
24502,0.00067,172.31.40.0-255,66,63905,64,195576
24503,0.00069,74.125.68.0-255,2888,66793,64,195576
24504,0.000693,172.31.40.0-255,66,66859,64,195576
24505,0.000967,74.125.68.0-255,334,67193,64,195576
24506,0.001153,172.31.40.0-255,66,67259,64,195576
24507,0.001202,74.125.68.0-255,1484,68743,64,195576
24508,0.001216,74.125.68.0-255,2902,71645,64,195576
24509,0.00122,172.31.40.0-255,66,71711,64,195576
24510,0.001264,74.125.68.0-255,5738,77449,64,195576
24511,0.001266,172.31.40.0-255,66,77515,64,195576
24512,0.001272,74.125.68.0-255,5738,83253,64,195576
24513,0.001274,172.31.40.0-255,66,83319,64,195576
24514,0.001285,74.125.68.0-255,1125,84444,64,195576
24515,0.001327,74.125.68.0-255,1484,85928,64,195576
24516,0.00133,172.31.40.0-255,66,85994,64,195576
24517,0.001336,74.125.68.0-255,2902,88896,64,195576
24518,0.001338,172.31.40.0-255,66,88962,64,195576
24519,0.001373,74.125.68.0-255,1484,90446,64,195576
24520,0.001399,74.125.68.0-255,4320,94766,64,195576
24521,0.001404,74.125.68.0-255,5738,100504,64,195576
24522,0.001407,74.125.68.0-255,1125,101629,64,195576
24523,0.00141,172.31.40.0-255,66,101695,64,195576
24524,0.001417,172.31.40.0-255,66,101761,64,195576
24525,0.001626,172.31.40.0-255,66,101827,64,195576
24526,0.002214,74.125.68.0-255,1484,103311,64,195576
24527,0.002226,74.125.68.0-255,2902,106213,64,195576
24528,0.00223,172.31.40.0-255,66,106279,64,195576
24529,0.002236,74.125.68.0-255,2902,109181,64,195576
24530,0.002238,172.31.40.0-255,66,109247,64,195576
24531,0.002243,74.125.68.0-255,4320,113567,64,195576
24532,0.002245,172.31.40.0-255,66,113633,64,195576
24533,0.002289,74.125.68.0-255,5738,119371,64,195576
24534,0.002292,172.31.40.0-255,66,119437,64,195576
24535,0.002309,74.125.68.0-255,2902,122339,64,195576
24536,0.002311,172.31.40.0-255,66,122405,64,195576
24537,0.002314,74.125.68.0-255,1484,123889,64,195576
24538,0.004573,74.125.68.0-255,1484,125373,64,195576
24539,0.004579,172.31.40.0-255,66,125439,64,195576
24540,0.004599,74.125.68.0-255,2902,128341,64,195576
24541,0.004602,172.31.40.0-255,66,128407,64,195576
24542,0.006867,74.125.68.0-255,5738,134145,64,195576
24543,0.006871,172.31.40.0-255,66,134211,64,195576
24544,0.009155,74.125.68.0-255,5738,139949,64,195576
24545,0.009161,172.31.40.0-255,66,140015,64,195576
24546,0.011452,74.125.68.0-255,5738,145753,64,195576
24547,0.01146,172.31.40.0-255,66,145819,64,195576
24548,0.013774,74.125.68.0-255,5738,151557,64,195576
24549,0.013783,172.31.40.0-255,66,151623,64,195576
24550,0.016073,74.125.68.0-255,5738,157361,64,195576
24551,0.016082,172.31.40.0-255,66,157427,64,195576
24552,0.018378,74.125.68.0-255,5738,163165,64,195576
24553,0.018387,172.31.40.0-255,66,163231,64,195576
24554,0.020679,74.125.68.0-255,5738,168969,64,195576
24555,0.020686,172.31.40.0-255,66,169035,64,195576
24556,0.021237,172.31.40.0-255,167,169202,64,195576
24557,0.021272,172.31.40.0-255,1108,170310,64,195576
24558,0.021337,172.31.40.0-255,1514,171824,64,195576
24559,0.021339,172.31.40.0-255,338,172162,64,195576
24560,0.022782,104.244.42.0-255,66,172228,64,195576
24561,0.022812,104.244.42.0-255,66,172294,64,195576
24562,0.022869,104.244.42.0-255,66,172360,64,195576
24563,0.022994,74.125.68.0-255,5738,178098,64,195576
24564,0.022999,172.31.40.0-255,66,178164,64,195576
24565,0.025287,74.125.68.0-255,5738,183902,64,195576
24566,0.025294,172.31.40.0-255,66,183968,64,195576
24567,0.027587,74.125.68.0-255,5738,189706,64,195576
24568,0.027592,172.31.40.0-255,66,189772,64,195576
24569,0.02989,74.125.68.0-255,5738,195510,64,195576
24570,0.029897,172.31.40.0-255,66,195576,64,195576
24571,0.0,172.217.194.0-255,143,143,64,220904
24572,2.6e-05,172.31.40.0-255,66,209,64,220904
24573,3.3e-05,172.217.194.0-255,1484,1693,64,220904
24574,3.8e-05,172.31.40.0-255,66,1759,64,220904
24575,4.3e-05,172.217.194.0-255,2902,4661,64,220904
24576,4.6e-05,172.31.40.0-255,66,4727,64,220904
24577,5.3e-05,172.217.194.0-255,7156,11883,64,220904
24578,5.6e-05,172.31.40.0-255,66,11949,64,220904
24579,6e-05,172.217.194.0-255,2110,14059,64,220904
24580,6.1e-05,172.31.40.0-255,66,14125,64,220904
24581,0.000111,172.217.194.0-255,2902,17027,64,220904
24582,0.000114,172.31.40.0-255,66,17093,64,220904
24583,0.000119,172.217.194.0-255,2902,19995,64,220904
24584,0.000121,172.31.40.0-255,66,20061,64,220904
24585,0.000133,172.217.194.0-255,1484,21545,64,220904
24586,0.000135,172.31.40.0-255,66,21611,64,220904
24587,0.000138,172.217.194.0-255,1484,23095,64,220904
24588,0.00014,172.31.40.0-255,66,23161,64,220904
24589,0.000172,172.217.194.0-255,7156,30317,64,220904
24590,0.000174,172.31.40.0-255,66,30383,64,220904
24591,0.000177,172.217.194.0-255,1125,31508,64,220904
24592,0.000179,172.31.40.0-255,66,31574,64,220904
24593,0.000182,172.217.194.0-255,1484,33058,64,220904
24594,0.000184,172.31.40.0-255,66,33124,64,220904
24595,0.000205,172.217.194.0-255,4320,37444,64,220904
24596,0.000208,172.31.40.0-255,66,37510,64,220904
24597,0.000211,172.217.194.0-255,1484,38994,64,220904
24598,0.000213,172.31.40.0-255,66,39060,64,220904
24599,0.000229,172.217.194.0-255,1484,40544,64,220904
24600,0.000231,172.31.40.0-255,66,40610,64,220904
24601,0.000279,172.31.40.0-255,66,40676,64,220904
24602,0.000305,172.217.194.0-255,1484,42160,64,220904
24603,0.000327,172.217.194.0-255,2902,45062,64,220904
24604,0.00033,172.31.40.0-255,66,45128,64,220904
24605,0.000336,172.217.194.0-255,5738,50866,64,220904
24606,0.000338,172.31.40.0-255,66,50932,64,220904
24607,0.000372,172.217.194.0-255,5738,56670,64,220904
24608,0.000374,172.31.40.0-255,66,56736,64,220904
24609,0.000403,172.217.194.0-255,1706,58442,64,220904
24610,0.000406,172.31.40.0-255,66,58508,64,220904
24611,0.000409,172.217.194.0-255,1484,59992,64,220904
24612,0.000423,172.217.194.0-255,1484,61476,64,220904
24613,0.000425,172.31.40.0-255,66,61542,64,220904
24614,0.000431,172.217.194.0-255,4320,65862,64,220904
24615,0.000433,172.31.40.0-255,66,65928,64,220904
24616,0.000465,172.31.40.0-255,66,65994,64,220904
24617,0.000468,172.217.194.0-255,1125,67119,64,220904
24618,0.000505,172.217.194.0-255,4320,71439,64,220904
24619,0.000508,172.31.40.0-255,66,71505,64,220904
24620,0.000535,172.217.194.0-255,7156,78661,64,220904
24621,0.000538,172.31.40.0-255,66,78727,64,220904
24622,0.000544,172.217.194.0-255,5379,84106,64,220904
24623,0.000546,172.31.40.0-255,66,84172,64,220904
24624,0.001222,172.217.194.0-255,1484,85656,64,220904
24625,0.001247,172.217.194.0-255,2902,88558,64,220904
24626,0.001251,172.31.40.0-255,66,88624,64,220904
24627,0.001259,172.217.194.0-255,5738,94362,64,220904
24628,0.001261,172.31.40.0-255,66,94428,64,220904
24629,0.001298,172.31.40.0-255,66,94494,64,220904
24630,0.001349,172.31.40.0-255,66,94560,64,220904
24631,0.001357,172.217.194.0-255,766,95326,64,220904
24632,0.001671,172.217.194.0-255,1484,96810,64,220904
24633,0.001676,172.31.40.0-255,66,96876,64,220904
24634,0.001681,172.217.194.0-255,2902,99778,64,220904
24635,0.001684,172.31.40.0-255,66,99844,64,220904
24636,0.001689,172.217.194.0-255,4320,104164,64,220904
24637,0.001691,172.31.40.0-255,66,104230,64,220904
24638,0.001705,172.217.194.0-255,1484,105714,64,220904
24639,0.001713,172.217.194.0-255,7156,112870,64,220904
24640,0.001715,172.31.40.0-255,66,112936,64,220904
24641,0.001735,172.217.194.0-255,5738,118674,64,220904
24642,0.001737,172.31.40.0-255,66,118740,64,220904
24643,0.001741,172.217.194.0-255,2902,121642,64,220904
24644,0.001743,172.31.40.0-255,66,121708,64,220904
24645,0.001767,172.31.40.0-255,66,121774,64,220904
24646,0.001863,172.217.194.0-255,1484,123258,64,220904
24647,0.001876,172.217.194.0-255,1484,124742,64,220904
24648,0.001879,172.31.40.0-255,66,124808,64,220904
24649,0.001902,172.217.194.0-255,1484,126292,64,220904
24650,0.001908,172.217.194.0-255,5738,132030,64,220904
24651,0.001911,172.31.40.0-255,66,132096,64,220904
24652,0.001917,172.217.194.0-255,5738,137834,64,220904
24653,0.001919,172.31.40.0-255,66,137900,64,220904
24654,0.001955,172.217.194.0-255,7156,145056,64,220904
24655,0.001958,172.31.40.0-255,66,145122,64,220904
24656,0.001971,172.31.40.0-255,66,145188,64,220904
24657,0.001986,172.31.40.0-255,66,145254,64,220904
24658,0.001989,172.217.194.0-255,1484,146738,64,220904
24659,0.002035,172.31.40.0-255,66,146804,64,220904
24660,0.004066,172.217.194.0-255,5738,152542,64,220904
24661,0.004075,172.31.40.0-255,66,152608,64,220904
24662,0.006079,172.217.194.0-255,4320,156928,64,220904
24663,0.006083,172.31.40.0-255,66,156994,64,220904
24664,0.006108,172.217.194.0-255,1484,158478,64,220904
24665,0.008092,172.217.194.0-255,4320,162798,64,220904
24666,0.008099,172.31.40.0-255,66,162864,64,220904
24667,0.010146,172.217.194.0-255,5738,168602,64,220904
24668,0.010164,172.31.40.0-255,66,168668,64,220904
24669,0.01219,172.217.194.0-255,5738,174406,64,220904
24670,0.012204,172.31.40.0-255,66,174472,64,220904
24671,0.01424,172.217.194.0-255,5738,180210,64,220904
24672,0.014258,172.31.40.0-255,66,180276,64,220904
24673,0.016312,172.217.194.0-255,5738,186014,64,220904
24674,0.016326,172.31.40.0-255,66,186080,64,220904
24675,0.018329,172.217.194.0-255,5738,191818,64,220904
24676,0.01834,172.31.40.0-255,66,191884,64,220904
24677,0.020415,172.217.194.0-255,5738,197622,64,220904
24678,0.020424,172.31.40.0-255,66,197688,64,220904
24679,0.022458,172.217.194.0-255,5738,203426,64,220904
24680,0.022467,172.31.40.0-255,66,203492,64,220904
24681,0.024496,172.217.194.0-255,5738,209230,64,220904
24682,0.024508,172.31.40.0-255,66,209296,64,220904
24683,0.026528,172.217.194.0-255,5738,215034,64,220904
24684,0.026537,172.31.40.0-255,66,215100,64,220904
24685,0.028566,172.217.194.0-255,5738,220838,64,220904
24686,0.028574,172.31.40.0-255,66,220904,64,220904
24687,0.0,74.125.130.0-255,143,143,64,196372
24688,1.3e-05,172.31.40.0-255,66,209,64,196372
24689,2e-05,74.125.130.0-255,1484,1693,64,196372
24690,2.4e-05,172.31.40.0-255,66,1759,64,196372
24691,3e-05,74.125.130.0-255,2902,4661,64,196372
24692,3.2e-05,172.31.40.0-255,66,4727,64,196372
24693,4.6e-05,74.125.130.0-255,4320,9047,64,196372
24694,4.8e-05,172.31.40.0-255,66,9113,64,196372
24695,8.9e-05,74.125.130.0-255,2902,12015,64,196372
24696,9.1e-05,172.31.40.0-255,66,12081,64,196372
24697,0.000128,74.125.130.0-255,6291,18372,64,196372
24698,0.000131,172.31.40.0-255,66,18438,64,196372
24699,0.000138,74.125.130.0-255,5738,24176,64,196372
24700,0.00014,172.31.40.0-255,66,24242,64,196372
24701,0.00018,74.125.130.0-255,6797,31039,64,196372
24702,0.000182,172.31.40.0-255,66,31105,64,196372
24703,0.000264,74.125.130.0-255,1484,32589,64,196372
24704,0.000267,172.31.40.0-255,66,32655,64,196372
24705,0.000293,74.125.130.0-255,2902,35557,64,196372
24706,0.000295,172.31.40.0-255,66,35623,64,196372
24707,0.000298,74.125.130.0-255,1484,37107,64,196372
24708,0.0003,172.31.40.0-255,66,37173,64,196372
24709,0.000304,74.125.130.0-255,2902,40075,64,196372
24710,0.000314,74.125.130.0-255,4320,44395,64,196372
24711,0.000319,172.31.40.0-255,66,44461,64,196372
24712,0.000321,172.31.40.0-255,66,44527,64,196372
24713,0.000345,74.125.130.0-255,1484,46011,64,196372
24714,0.000348,172.31.40.0-255,66,46077,64,196372
24715,0.000353,74.125.130.0-255,2902,48979,64,196372
24716,0.000355,172.31.40.0-255,66,49045,64,196372
24717,0.000389,172.31.40.0-255,66,49111,64,196372
24718,0.000395,74.125.130.0-255,4320,53431,64,196372
24719,0.000397,172.31.40.0-255,66,53497,64,196372
24720,0.00042,74.125.130.0-255,1440,54937,64,196372
24721,0.000452,74.125.130.0-255,362,55299,64,196372
24722,0.000455,172.31.40.0-255,66,55365,64,196372
24723,0.000807,74.125.130.0-255,1484,56849,64,196372
24724,0.000815,74.125.130.0-255,2902,59751,64,196372
24725,0.00082,172.31.40.0-255,66,59817,64,196372
24726,0.000856,74.125.130.0-255,5738,65555,64,196372
24727,0.00086,172.31.40.0-255,66,65621,64,196372
24728,0.000871,172.31.40.0-255,66,65687,64,196372
24729,0.0009,172.31.40.0-255,66,65753,64,196372
24730,0.000914,74.125.130.0-255,4320,70073,64,196372
24731,0.000917,172.31.40.0-255,66,70139,64,196372
24732,0.000939,74.125.130.0-255,766,70905,64,196372
24733,0.001094,74.125.130.0-255,1484,72389,64,196372
24734,0.001099,172.31.40.0-255,66,72455,64,196372
24735,0.001105,74.125.130.0-255,2902,75357,64,196372
24736,0.001107,172.31.40.0-255,66,75423,64,196372
24737,0.001119,74.125.130.0-255,5738,81161,64,196372
24738,0.001121,172.31.40.0-255,66,81227,64,196372
24739,0.001125,74.125.130.0-255,2902,84129,64,196372
24740,0.001128,172.31.40.0-255,66,84195,64,196372
24741,0.001156,172.31.40.0-255,66,84261,64,196372
24742,0.001199,74.125.130.0-255,5738,89999,64,196372
24743,0.001203,172.31.40.0-255,66,90065,64,196372
24744,0.001227,74.125.130.0-255,2902,92967,64,196372
24745,0.00123,172.31.40.0-255,66,93033,64,196372
24746,0.001235,74.125.130.0-255,2184,95217,64,196372
24747,0.001238,172.31.40.0-255,66,95283,64,196372
24748,0.001999,74.125.130.0-255,1484,96767,64,196372
24749,0.002003,74.125.130.0-255,1484,98251,64,196372
24750,0.002006,172.31.40.0-255,66,98317,64,196372
24751,0.002025,74.125.130.0-255,1484,99801,64,196372
24752,0.002035,74.125.130.0-255,5738,105539,64,196372
24753,0.002037,172.31.40.0-255,66,105605,64,196372
24754,0.002062,74.125.130.0-255,1484,107089,64,196372
24755,0.002096,172.31.40.0-255,66,107155,64,196372
24756,0.002101,74.125.130.0-255,4320,111475,64,196372
24757,0.002102,172.31.40.0-255,66,111541,64,196372
24758,0.002132,74.125.130.0-255,5738,117279,64,196372
24759,0.002135,172.31.40.0-255,66,117345,64,196372
24760,0.002137,74.125.130.0-255,766,118111,64,196372
24761,0.002394,172.31.40.0-255,66,118177,64,196372
24762,0.004224,74.125.130.0-255,4320,122497,64,196372
24763,0.00423,172.31.40.0-255,66,122563,64,196372
24764,0.00447,74.125.130.0-255,1484,124047,64,196372
24765,0.006336,74.125.130.0-255,4320,128367,64,196372
24766,0.006341,172.31.40.0-255,66,128433,64,196372
24767,0.00846,74.125.130.0-255,5738,134171,64,196372
24768,0.008467,172.31.40.0-255,66,134237,64,196372
24769,0.010588,74.125.130.0-255,5738,139975,64,196372
24770,0.010595,172.31.40.0-255,66,140041,64,196372
24771,0.012689,74.125.130.0-255,5738,145779,64,196372
24772,0.0127,172.31.40.0-255,66,145845,64,196372
24773,0.014807,74.125.130.0-255,5738,151583,64,196372
24774,0.014814,172.31.40.0-255,66,151649,64,196372
24775,0.01691,74.125.130.0-255,5738,157387,64,196372
24776,0.016917,172.31.40.0-255,66,157453,64,196372
24777,0.019013,74.125.130.0-255,5738,163191,64,196372
24778,0.01902,172.31.40.0-255,66,163257,64,196372
24779,0.021109,74.125.130.0-255,5738,168995,64,196372
24780,0.021116,172.31.40.0-255,66,169061,64,196372
24781,0.023226,74.125.130.0-255,5738,174799,64,196372
24782,0.023233,172.31.40.0-255,66,174865,64,196372
24783,0.025328,74.125.130.0-255,5738,180603,64,196372
24784,0.025337,172.31.40.0-255,66,180669,64,196372
24785,0.027435,74.125.130.0-255,5738,186407,64,196372
24786,0.027442,172.31.40.0-255,66,186473,64,196372
24787,0.029332,172.31.40.0-255,172,186645,64,196372
24788,0.029364,172.31.40.0-255,1112,187757,64,196372
24789,0.02942,172.31.40.0-255,1514,189271,64,196372
24790,0.029422,172.31.40.0-255,1297,190568,64,196372
24791,0.029541,74.125.130.0-255,5738,196306,64,196372
24792,0.029547,172.31.40.0-255,66,196372,64,196372
24793,0.0,172.217.194.0-255,153,153,64,138248
24794,2e-05,172.31.40.0-255,66,219,64,138248
24795,2.7e-05,172.217.194.0-255,1484,1703,64,138248
24796,3.1e-05,172.31.40.0-255,66,1769,64,138248
24797,3.7e-05,172.217.194.0-255,2902,4671,64,138248
24798,3.9e-05,172.31.40.0-255,66,4737,64,138248
24799,8.3e-05,172.217.194.0-255,2902,7639,64,138248
24800,8.7e-05,172.31.40.0-255,66,7705,64,138248
24801,0.000111,172.217.194.0-255,4320,12025,64,138248
24802,0.000114,172.31.40.0-255,66,12091,64,138248
24803,0.000226,172.217.194.0-255,2029,14120,64,138248
24804,0.000231,172.31.40.0-255,66,14186,64,138248
24805,0.000247,172.217.194.0-255,2902,17088,64,138248
24806,0.000249,172.31.40.0-255,66,17154,64,138248
24807,0.000302,172.217.194.0-255,4320,21474,64,138248
24808,0.000305,172.31.40.0-255,66,21540,64,138248
24809,0.000325,172.217.194.0-255,2902,24442,64,138248
24810,0.000328,172.31.40.0-255,66,24508,64,138248
24811,0.000426,172.217.194.0-255,2902,27410,64,138248
24812,0.000429,172.31.40.0-255,66,27476,64,138248
24813,0.000454,172.31.40.0-255,66,27542,64,138248
24814,0.000724,172.31.40.0-255,66,27608,64,138248
24815,0.000748,172.217.194.0-255,7156,34764,64,138248
24816,0.000751,172.31.40.0-255,66,34830,64,138248
24817,0.001069,172.217.194.0-255,5330,40160,64,138248
24818,0.001074,172.31.40.0-255,66,40226,64,138248
24819,0.001132,172.217.194.0-255,100,40326,64,138248
24820,0.001135,172.31.40.0-255,66,40392,64,138248
24821,0.001175,172.31.40.0-255,66,40458,64,138248
24822,0.001685,172.217.194.0-255,5020,45478,64,138248
24823,0.001768,172.217.194.0-255,1484,46962,64,138248
24824,0.001787,172.217.194.0-255,2902,49864,64,138248
24825,0.001858,172.217.194.0-255,4320,54184,64,138248
24826,0.001877,172.217.194.0-255,1484,55668,64,138248
24827,0.001955,172.217.194.0-255,5738,61406,64,138248
24828,0.001973,172.217.194.0-255,4320,65726,64,138248
24829,0.002127,172.217.194.0-255,4320,70046,64,138248
24830,0.002377,172.217.194.0-255,1484,71530,64,138248
24831,0.002632,172.217.194.0-255,4320,75850,64,138248
24832,0.003866,172.31.40.0-255,66,75916,64,138248
24833,0.006136,172.217.194.0-255,5738,81654,64,138248
24834,0.006142,172.31.40.0-255,66,81720,64,138248
24835,0.008412,172.217.194.0-255,5738,87458,64,138248
24836,0.008901,172.31.40.0-255,66,87524,64,138248
24837,0.011183,172.217.194.0-255,5738,93262,64,138248
24838,0.011191,172.31.40.0-255,66,93328,64,138248
24839,0.013446,172.217.194.0-255,5738,99066,64,138248
24840,0.015247,172.31.40.0-255,66,99132,64,138248
24841,0.017505,172.217.194.0-255,5738,104870,64,138248
24842,0.017517,172.31.40.0-255,66,104936,64,138248
24843,0.019757,172.217.194.0-255,5738,110674,64,138248
24844,0.019764,172.31.40.0-255,66,110740,64,138248
24845,0.022033,172.217.194.0-255,5738,116478,64,138248
24846,0.022041,172.31.40.0-255,66,116544,64,138248
24847,0.024323,172.217.194.0-255,5738,122282,64,138248
24848,0.024331,172.31.40.0-255,66,122348,64,138248
24849,0.026633,172.217.194.0-255,5738,128086,64,138248
24850,0.026639,172.31.40.0-255,66,128152,64,138248
24851,0.027808,172.31.40.0-255,172,128324,64,138248
24852,0.02784,172.31.40.0-255,1112,129436,64,138248
24853,0.027897,172.31.40.0-255,1514,130950,64,138248
24854,0.027899,172.31.40.0-255,1296,132246,64,138248
24855,0.028927,172.217.194.0-255,5738,137984,64,138248
24856,0.028934,172.31.40.0-255,66,138050,64,138248
24857,0.029323,104.244.42.0-255,66,138116,64,138248
24858,0.029407,104.244.42.0-255,66,138182,64,138248
24859,0.029457,104.244.42.0-255,66,138248,64,138248
24860,0.0,172.217.194.0-255,153,153,64,248641
24861,2.4e-05,172.31.40.0-255,66,219,64,248641
24862,3.2e-05,172.217.194.0-255,1484,1703,64,248641
24863,3.7e-05,172.31.40.0-255,66,1769,64,248641
24864,4.4e-05,172.217.194.0-255,2902,4671,64,248641
24865,4.7e-05,172.31.40.0-255,66,4737,64,248641
24866,5.5e-05,172.217.194.0-255,7156,11893,64,248641
24867,5.8e-05,172.31.40.0-255,66,11959,64,248641
24868,6.2e-05,172.217.194.0-255,2157,14116,64,248641
24869,6.5e-05,172.31.40.0-255,66,14182,64,248641
24870,0.000167,172.217.194.0-255,1484,15666,64,248641
24871,0.000171,172.31.40.0-255,66,15732,64,248641
24872,0.000177,172.217.194.0-255,2902,18634,64,248641
24873,0.000179,172.31.40.0-255,66,18700,64,248641
24874,0.000185,172.217.194.0-255,4320,23020,64,248641
24875,0.000187,172.31.40.0-255,66,23086,64,248641
24876,0.000202,172.217.194.0-255,1484,24570,64,248641
24877,0.000204,172.31.40.0-255,66,24636,64,248641
24878,0.000208,172.217.194.0-255,2902,27538,64,248641
24879,0.00021,172.31.40.0-255,66,27604,64,248641
24880,0.000235,172.217.194.0-255,1484,29088,64,248641
24881,0.000237,172.31.40.0-255,66,29154,64,248641
24882,0.000268,172.31.40.0-255,66,29220,64,248641
24883,0.000297,172.217.194.0-255,5738,34958,64,248641
24884,0.0003,172.31.40.0-255,66,35024,64,248641
24885,0.000323,172.217.194.0-255,3961,38985,64,248641
24886,0.000325,172.31.40.0-255,66,39051,64,248641
24887,0.000337,172.31.40.0-255,66,39117,64,248641
24888,0.00034,172.217.194.0-255,1484,40601,64,248641
24889,0.000342,172.31.40.0-255,66,40667,64,248641
24890,0.000374,172.217.194.0-255,5629,46296,64,248641
24891,0.000379,172.217.194.0-255,435,46731,64,248641
24892,0.000519,172.31.40.0-255,66,46797,64,248641
24893,0.000591,172.217.194.0-255,1484,48281,64,248641
24894,0.000596,172.217.194.0-255,1484,49765,64,248641
24895,0.000609,172.217.194.0-255,1484,51249,64,248641
24896,0.000616,172.217.194.0-255,5738,56987,64,248641
24897,0.00062,172.31.40.0-255,66,57053,64,248641
24898,0.000633,172.217.194.0-255,4320,61373,64,248641
24899,0.000638,172.31.40.0-255,66,61439,64,248641
24900,0.000675,172.31.40.0-255,66,61505,64,248641
24901,0.000736,172.31.40.0-255,66,61571,64,248641
24902,0.000751,172.217.194.0-255,1484,63055,64,248641
24903,0.000761,172.217.194.0-255,1484,64539,64,248641
24904,0.00077,172.31.40.0-255,66,64605,64,248641
24905,0.000778,172.217.194.0-255,1484,66089,64,248641
24906,0.000791,172.217.194.0-255,1484,67573,64,248641
24907,0.000805,172.217.194.0-255,4320,71893,64,248641
24908,0.000808,172.217.194.0-255,1484,73377,64,248641
24909,0.000824,172.217.194.0-255,7156,80533,64,248641
24910,0.00086,172.217.194.0-255,2902,83435,64,248641
24911,0.000878,172.217.194.0-255,7156,90591,64,248641
24912,0.000884,172.217.194.0-255,4320,94911,64,248641
24913,0.00089,172.31.40.0-255,66,94977,64,248641
24914,0.00093,172.31.40.0-255,66,95043,64,248641
24915,0.000942,172.217.194.0-255,5379,100422,64,248641
24916,0.000946,172.31.40.0-255,66,100488,64,248641
24917,0.001002,172.217.194.0-255,1484,101972,64,248641
24918,0.001008,172.217.194.0-255,2902,104874,64,248641
24919,0.001014,172.217.194.0-255,4320,109194,64,248641
24920,0.001027,172.31.40.0-255,66,109260,64,248641
24921,0.00103,172.217.194.0-255,1484,110744,64,248641
24922,0.001034,172.217.194.0-255,2902,113646,64,248641
24923,0.001039,172.31.40.0-255,66,113712,64,248641
24924,0.001058,172.217.194.0-255,2902,116614,64,248641
24925,0.001096,172.31.40.0-255,66,116680,64,248641
24926,0.001127,172.217.194.0-255,1484,118164,64,248641
24927,0.001132,172.217.194.0-255,2902,121066,64,248641
24928,0.001145,172.31.40.0-255,66,121132,64,248641
24929,0.001155,172.217.194.0-255,5738,126870,64,248641
24930,0.001158,172.217.194.0-255,1484,128354,64,248641
24931,0.001166,172.31.40.0-255,66,128420,64,248641
24932,0.001178,172.217.194.0-255,5738,134158,64,248641
24933,0.001193,172.217.194.0-255,2902,137060,64,248641
24934,0.001221,172.217.194.0-255,7156,144216,64,248641
24935,0.001225,172.31.40.0-255,66,144282,64,248641
24936,0.001236,172.31.40.0-255,66,144348,64,248641
24937,0.001258,172.217.194.0-255,4320,148668,64,248641
24938,0.001272,172.217.194.0-255,2184,150852,64,248641
24939,0.001277,172.31.40.0-255,66,150918,64,248641
24940,0.001305,172.217.194.0-255,2902,153820,64,248641
24941,0.001313,172.31.40.0-255,66,153886,64,248641
24942,0.001326,172.217.194.0-255,4320,158206,64,248641
24943,0.001344,172.31.40.0-255,66,158272,64,248641
24944,0.001356,172.217.194.0-255,2902,161174,64,248641
24945,0.00137,172.217.194.0-255,4320,165494,64,248641
24946,0.001376,172.217.194.0-255,4320,169814,64,248641
24947,0.001394,172.217.194.0-255,4320,174134,64,248641
24948,0.001398,172.31.40.0-255,66,174200,64,248641
24949,0.001422,172.217.194.0-255,7156,181356,64,248641
24950,0.001437,172.217.194.0-255,3602,184958,64,248641
24951,0.001448,172.31.40.0-255,66,185024,64,248641
24952,0.002136,172.217.194.0-255,1484,186508,64,248641
24953,0.002142,172.217.194.0-255,2902,189410,64,248641
24954,0.002145,172.217.194.0-255,2902,192312,64,248641
24955,0.002163,172.217.194.0-255,2902,195214,64,248641
24956,0.002166,172.217.194.0-255,1484,196698,64,248641
24957,0.002181,172.217.194.0-255,5379,202077,64,248641
24958,0.008207,172.31.40.0-255,66,202143,64,248641
24959,0.008284,172.31.40.0-255,66,202209,64,248641
24960,0.010773,172.217.194.0-255,5738,207947,64,248641
24961,0.010782,172.31.40.0-255,66,208013,64,248641
24962,0.013261,172.217.194.0-255,5738,213751,64,248641
24963,0.01327,172.31.40.0-255,66,213817,64,248641
24964,0.015774,172.217.194.0-255,5738,219555,64,248641
24965,0.0173,172.31.40.0-255,66,219621,64,248641
24966,0.019821,172.217.194.0-255,5738,225359,64,248641
24967,0.01984,172.31.40.0-255,66,225425,64,248641
24968,0.022354,172.217.194.0-255,5738,231163,64,248641
24969,0.022367,172.31.40.0-255,66,231229,64,248641
24970,0.024909,172.217.194.0-255,5738,236967,64,248641
24971,0.024922,172.31.40.0-255,66,237033,64,248641
24972,0.027406,172.217.194.0-255,5738,242771,64,248641
24973,0.027417,172.31.40.0-255,66,242837,64,248641
24974,0.029922,172.217.194.0-255,5738,248575,64,248641
24975,0.029939,172.31.40.0-255,66,248641,64,248641
24976,0.0,74.125.200.0-255,291,291,64,184192
24977,2.4e-05,172.31.40.0-255,66,357,64,184192
24978,3e-05,74.125.200.0-255,1484,1841,64,184192
24979,3.5e-05,172.31.40.0-255,66,1907,64,184192
24980,5e-05,74.125.200.0-255,4320,6227,64,184192
24981,5.4e-05,172.31.40.0-255,66,6293,64,184192
24982,6.1e-05,74.125.200.0-255,5738,12031,64,184192
24983,6.4e-05,172.31.40.0-255,66,12097,64,184192
24984,6.8e-05,74.125.200.0-255,1943,14040,64,184192
24985,7.1e-05,172.31.40.0-255,66,14106,64,184192
24986,0.000124,74.125.200.0-255,1484,15590,64,184192
24987,0.000127,172.31.40.0-255,66,15656,64,184192
24988,0.000132,74.125.200.0-255,2902,18558,64,184192
24989,0.000135,172.31.40.0-255,66,18624,64,184192
24990,0.000147,74.125.200.0-255,5738,24362,64,184192
24991,0.000149,172.31.40.0-255,66,24428,64,184192
24992,0.000153,74.125.200.0-255,1484,25912,64,184192
24993,0.000155,172.31.40.0-255,66,25978,64,184192
24994,0.00019,74.125.200.0-255,5379,31357,64,184192
24995,0.000193,172.31.40.0-255,66,31423,64,184192
24996,0.000201,74.125.200.0-255,7156,38579,64,184192
24997,0.000203,172.31.40.0-255,66,38645,64,184192
24998,0.000207,74.125.200.0-255,2902,41547,64,184192
24999,0.00021,172.31.40.0-255,66,41613,64,184192
25000,0.00024,74.125.200.0-255,2902,44515,64,184192
25001,0.000243,172.31.40.0-255,66,44581,64,184192
25002,0.000265,74.125.200.0-255,1484,46065,64,184192
25003,0.000267,172.31.40.0-255,66,46131,64,184192
25004,0.000272,74.125.200.0-255,2543,48674,64,184192
25005,0.000274,172.31.40.0-255,66,48740,64,184192
25006,0.000278,74.125.200.0-255,2902,51642,64,184192
25007,0.00028,172.31.40.0-255,66,51708,64,184192
25008,0.000313,74.125.200.0-255,4320,56028,64,184192
25009,0.000316,172.31.40.0-255,66,56094,64,184192
25010,0.000343,74.125.200.0-255,1484,57578,64,184192
25011,0.000345,172.31.40.0-255,66,57644,64,184192
25012,0.000353,74.125.200.0-255,7156,64800,64,184192
25013,0.000356,172.31.40.0-255,66,64866,64,184192
25014,0.000359,74.125.200.0-255,1125,65991,64,184192
25015,0.000361,172.31.40.0-255,66,66057,64,184192
25016,0.000388,74.125.200.0-255,397,66454,64,184192
25017,0.000391,172.31.40.0-255,66,66520,64,184192
25018,0.000441,74.125.200.0-255,1484,68004,64,184192
25019,0.000445,172.31.40.0-255,66,68070,64,184192
25020,0.000449,74.125.200.0-255,1484,69554,64,184192
25021,0.000451,172.31.40.0-255,66,69620,64,184192
25022,0.000485,74.125.200.0-255,2902,72522,64,184192
25023,0.000488,172.31.40.0-255,66,72588,64,184192
25024,0.000491,74.125.200.0-255,1484,74072,64,184192
25025,0.000493,172.31.40.0-255,66,74138,64,184192
25026,0.000515,74.125.200.0-255,4320,78458,64,184192
25027,0.000518,172.31.40.0-255,66,78524,64,184192
25028,0.000521,74.125.200.0-255,1484,80008,64,184192
25029,0.000523,172.31.40.0-255,66,80074,64,184192
25030,0.000528,74.125.200.0-255,2902,82976,64,184192
25031,0.000531,172.31.40.0-255,66,83042,64,184192
25032,0.000558,74.125.200.0-255,5738,88780,64,184192
25033,0.000561,172.31.40.0-255,66,88846,64,184192
25034,0.000584,74.125.200.0-255,1484,90330,64,184192
25035,0.000587,172.31.40.0-255,66,90396,64,184192
25036,0.000591,74.125.200.0-255,2902,93298,64,184192
25037,0.000594,172.31.40.0-255,66,93364,64,184192
25038,0.000597,74.125.200.0-255,1484,94848,64,184192
25039,0.000599,172.31.40.0-255,66,94914,64,184192
25040,0.000622,74.125.200.0-255,4320,99234,64,184192
25041,0.000625,172.31.40.0-255,66,99300,64,184192
25042,0.000662,74.125.200.0-255,2184,101484,64,184192
25043,0.000665,172.31.40.0-255,66,101550,64,184192
25044,0.002594,74.125.200.0-255,2902,104452,64,184192
25045,0.002602,172.31.40.0-255,66,104518,64,184192
25046,0.002633,74.125.200.0-255,2902,107420,64,184192
25047,0.002636,172.31.40.0-255,66,107486,64,184192
25048,0.004601,74.125.200.0-255,2902,110388,64,184192
25049,0.004606,172.31.40.0-255,66,110454,64,184192
25050,0.004632,74.125.200.0-255,2902,113356,64,184192
25051,0.004634,172.31.40.0-255,66,113422,64,184192
25052,0.006603,74.125.200.0-255,2902,116324,64,184192
25053,0.00661,172.31.40.0-255,66,116390,64,184192
25054,0.006642,74.125.200.0-255,2902,119292,64,184192
25055,0.006645,172.31.40.0-255,66,119358,64,184192
25056,0.008601,74.125.200.0-255,2902,122260,64,184192
25057,0.008609,172.31.40.0-255,66,122326,64,184192
25058,0.008636,74.125.200.0-255,2902,125228,64,184192
25059,0.008639,172.31.40.0-255,66,125294,64,184192
25060,0.010579,74.125.200.0-255,2902,128196,64,184192
25061,0.010587,172.31.40.0-255,66,128262,64,184192
25062,0.010619,74.125.200.0-255,2902,131164,64,184192
25063,0.010622,172.31.40.0-255,66,131230,64,184192
25064,0.012602,74.125.200.0-255,5738,136968,64,184192
25065,0.01262,172.31.40.0-255,66,137034,64,184192
25066,0.014612,74.125.200.0-255,5738,142772,64,184192
25067,0.014621,172.31.40.0-255,66,142838,64,184192
25068,0.016629,74.125.200.0-255,1484,144322,64,184192
25069,0.016657,74.125.200.0-255,4320,148642,64,184192
25070,0.016665,172.31.40.0-255,66,148708,64,184192
25071,0.018641,74.125.200.0-255,5738,154446,64,184192
25072,0.018648,172.31.40.0-255,66,154512,64,184192
25073,0.020662,74.125.200.0-255,2902,157414,64,184192
25074,0.020671,172.31.40.0-255,66,157480,64,184192
25075,0.020701,74.125.200.0-255,2902,160382,64,184192
25076,0.020705,172.31.40.0-255,66,160448,64,184192
25077,0.022644,74.125.200.0-255,2902,163350,64,184192
25078,0.022651,172.31.40.0-255,66,163416,64,184192
25079,0.022682,74.125.200.0-255,2902,166318,64,184192
25080,0.022685,172.31.40.0-255,66,166384,64,184192
25081,0.024633,74.125.200.0-255,2902,169286,64,184192
25082,0.024641,172.31.40.0-255,66,169352,64,184192
25083,0.024672,74.125.200.0-255,2902,172254,64,184192
25084,0.024675,172.31.40.0-255,66,172320,64,184192
25085,0.026616,74.125.200.0-255,2902,175222,64,184192
25086,0.026624,172.31.40.0-255,66,175288,64,184192
25087,0.026655,74.125.200.0-255,2902,178190,64,184192
25088,0.026658,172.31.40.0-255,66,178256,64,184192
25089,0.028603,74.125.200.0-255,2902,181158,64,184192
25090,0.028611,172.31.40.0-255,66,181224,64,184192
25091,0.028641,74.125.200.0-255,2902,184126,64,184192
25092,0.028644,172.31.40.0-255,66,184192,64,184192
25093,0.0,172.217.194.0-255,152,152,64,173306
25094,1.6e-05,172.31.40.0-255,66,218,64,173306
25095,3.5e-05,172.217.194.0-255,1484,1702,64,173306
25096,3.9e-05,172.31.40.0-255,66,1768,64,173306
25097,5.6e-05,172.217.194.0-255,2902,4670,64,173306
25098,6e-05,172.31.40.0-255,66,4736,64,173306
25099,8.5e-05,172.217.194.0-255,5738,10474,64,173306
25100,8.8e-05,172.31.40.0-255,66,10540,64,173306
25101,0.000109,172.217.194.0-255,2902,13442,64,173306
25102,0.000112,172.31.40.0-255,66,13508,64,173306
25103,0.000144,172.31.40.0-255,66,13574,64,173306
25104,0.000163,172.217.194.0-255,5738,19312,64,173306
25105,0.000166,172.31.40.0-255,66,19378,64,173306
25106,0.000187,172.217.194.0-255,2543,21921,64,173306
25107,0.000189,172.31.40.0-255,66,21987,64,173306
25108,0.000253,172.217.194.0-255,1484,23471,64,173306
25109,0.000257,172.31.40.0-255,66,23537,64,173306
25110,0.000273,172.217.194.0-255,2902,26439,64,173306
25111,0.000275,172.31.40.0-255,66,26505,64,173306
25112,0.000297,172.217.194.0-255,1484,27989,64,173306
25113,0.000299,172.31.40.0-255,66,28055,64,173306
25114,0.000321,172.217.194.0-255,4320,32375,64,173306
25115,0.000324,172.31.40.0-255,66,32441,64,173306
25116,0.000328,172.217.194.0-255,2902,35343,64,173306
25117,0.00033,172.31.40.0-255,66,35409,64,173306
25118,0.000362,172.217.194.0-255,5738,41147,64,173306
25119,0.000364,172.31.40.0-255,66,41213,64,173306
25120,0.000385,172.217.194.0-255,5379,46592,64,173306
25121,0.000388,172.31.40.0-255,66,46658,64,173306
25122,0.000394,172.217.194.0-255,5738,52396,64,173306
25123,0.000396,172.31.40.0-255,66,52462,64,173306
25124,0.000432,172.217.194.0-255,4253,56715,64,173306
25125,0.000448,172.217.194.0-255,99,56814,64,173306
25126,0.000606,172.217.194.0-255,361,57175,64,173306
25127,0.000688,172.217.194.0-255,1484,58659,64,173306
25128,0.000691,172.217.194.0-255,1484,60143,64,173306
25129,0.000704,172.217.194.0-255,1484,61627,64,173306
25130,0.000711,172.217.194.0-255,5738,67365,64,173306
25131,0.00073,172.217.194.0-255,5738,73103,64,173306
25132,0.000754,172.217.194.0-255,576,73679,64,173306
25133,0.001049,172.217.194.0-255,1484,75163,64,173306
25134,0.001061,172.217.194.0-255,2902,78065,64,173306
25135,0.001075,172.217.194.0-255,4320,82385,64,173306
25136,0.001088,172.217.194.0-255,1484,83869,64,173306
25137,0.001102,172.217.194.0-255,4320,88189,64,173306
25138,0.001128,172.217.194.0-255,5738,93927,64,173306
25139,0.001159,172.217.194.0-255,5020,98947,64,173306
25140,0.001604,172.217.194.0-255,1484,100431,64,173306
25141,0.001618,172.217.194.0-255,2902,103333,64,173306
25142,0.001639,172.217.194.0-255,5738,109071,64,173306
25143,0.001651,172.217.194.0-255,2902,111973,64,173306
25144,0.001666,172.217.194.0-255,5738,117711,64,173306
25145,0.001679,172.217.194.0-255,4320,122031,64,173306
25146,0.002135,172.31.40.0-255,66,122097,64,173306
25147,0.002846,172.217.194.0-255,1484,123581,64,173306
25148,0.002855,172.217.194.0-255,2902,126483,64,173306
25149,0.00288,172.31.40.0-255,66,126549,64,173306
25150,0.002888,172.217.194.0-255,5738,132287,64,173306
25151,0.002904,172.31.40.0-255,66,132353,64,173306
25152,0.002943,172.31.40.0-255,66,132419,64,173306
25153,0.00311,172.217.194.0-255,1484,133903,64,173306
25154,0.003115,172.217.194.0-255,2902,136805,64,173306
25155,0.003125,172.31.40.0-255,66,136871,64,173306
25156,0.003137,172.217.194.0-255,5738,142609,64,173306
25157,0.003142,172.31.40.0-255,66,142675,64,173306
25158,0.003149,172.217.194.0-255,1484,144159,64,173306
25159,0.003199,172.31.40.0-255,66,144225,64,173306
25160,0.003217,172.217.194.0-255,1484,145709,64,173306
25161,0.003258,172.31.40.0-255,66,145775,64,173306
25162,0.003277,172.217.194.0-255,7156,152931,64,173306
25163,0.003334,172.217.194.0-255,5738,158669,64,173306
25164,0.003338,172.31.40.0-255,66,158735,64,173306
25165,0.003343,172.31.40.0-255,66,158801,64,173306
25166,0.003392,172.31.40.0-255,66,158867,64,173306
25167,0.003417,172.217.194.0-255,5738,164605,64,173306
25168,0.003464,172.217.194.0-255,2902,167507,64,173306
25169,0.003485,172.31.40.0-255,66,167573,64,173306
25170,0.003546,172.31.40.0-255,66,167639,64,173306
25171,0.003592,172.217.194.0-255,5259,172898,64,173306
25172,0.003601,172.31.40.0-255,66,172964,64,173306
25173,0.003636,172.217.194.0-255,105,173069,64,173306
25174,0.006175,172.31.40.0-255,66,173135,64,173306
25175,0.006211,172.31.40.0-255,105,173240,64,173306
25176,0.008513,172.217.194.0-255,66,173306,64,173306
25177,0.0,74.125.24.0-255,146,146,64,209079
25178,2.2e-05,172.31.40.0-255,66,212,64,209079
25179,2.8e-05,74.125.24.0-255,1484,1696,64,209079
25180,3.4e-05,172.31.40.0-255,66,1762,64,209079
25181,4e-05,74.125.24.0-255,2902,4664,64,209079
25182,5.1e-05,172.31.40.0-255,66,4730,64,209079
25183,5.7e-05,74.125.24.0-255,4320,9050,64,209079
25184,6.1e-05,172.31.40.0-255,66,9116,64,209079
25185,6.7e-05,74.125.24.0-255,4799,13915,64,209079
25186,6.9e-05,172.31.40.0-255,66,13981,64,209079
25187,0.000106,74.125.24.0-255,1484,15465,64,209079
25188,0.000109,172.31.40.0-255,66,15531,64,209079
25189,0.000115,74.125.24.0-255,2902,18433,64,209079
25190,0.000117,172.31.40.0-255,66,18499,64,209079
25191,0.000129,74.125.24.0-255,5738,24237,64,209079
25192,0.000132,172.31.40.0-255,66,24303,64,209079
25193,0.000135,74.125.24.0-255,2902,27205,64,209079
25194,0.000137,172.31.40.0-255,66,27271,64,209079
25195,0.00017,74.125.24.0-255,3961,31232,64,209079
25196,0.000173,172.31.40.0-255,66,31298,64,209079
25197,0.000266,74.125.24.0-255,1484,32782,64,209079
25198,0.00027,172.31.40.0-255,66,32848,64,209079
25199,0.000276,74.125.24.0-255,2902,35750,64,209079
25200,0.000279,172.31.40.0-255,66,35816,64,209079
25201,0.000283,74.125.24.0-255,2902,38718,64,209079
25202,0.000291,172.31.40.0-255,66,38784,64,209079
25203,0.000294,74.125.24.0-255,1484,40268,64,209079
25204,0.000296,172.31.40.0-255,66,40334,64,209079
25205,0.000325,74.125.24.0-255,2902,43236,64,209079
25206,0.000328,172.31.40.0-255,66,43302,64,209079
25207,0.000343,172.31.40.0-255,66,43368,64,209079
25208,0.000346,74.125.24.0-255,1484,44852,64,209079
25209,0.000384,74.125.24.0-255,7156,52008,64,209079
25210,0.000386,172.31.40.0-255,66,52074,64,209079
25211,0.000425,74.125.24.0-255,4238,56312,64,209079
25212,0.000428,172.31.40.0-255,66,56378,64,209079
25213,0.000453,74.125.24.0-255,380,56758,64,209079
25214,0.000602,74.125.24.0-255,1484,58242,64,209079
25215,0.000607,172.31.40.0-255,66,58308,64,209079
25216,0.000621,74.125.24.0-255,2902,61210,64,209079
25217,0.000628,172.31.40.0-255,66,61276,64,209079
25218,0.000635,74.125.24.0-255,5738,67014,64,209079
25219,0.000637,172.31.40.0-255,66,67080,64,209079
25220,0.000677,172.31.40.0-255,66,67146,64,209079
25221,0.000685,74.125.24.0-255,7156,74302,64,209079
25222,0.000687,172.31.40.0-255,66,74368,64,209079
25223,0.000718,74.125.24.0-255,2543,76911,64,209079
25224,0.000721,172.31.40.0-255,66,76977,64,209079
25225,0.000844,74.125.24.0-255,1484,78461,64,209079
25226,0.000865,74.125.24.0-255,2902,81363,64,209079
25227,0.000868,172.31.40.0-255,66,81429,64,209079
25228,0.000874,74.125.24.0-255,2902,84331,64,209079
25229,0.000876,172.31.40.0-255,66,84397,64,209079
25230,0.000881,74.125.24.0-255,4320,88717,64,209079
25231,0.000888,172.31.40.0-255,66,88783,64,209079
25232,0.000893,74.125.24.0-255,4320,93103,64,209079
25233,0.000895,172.31.40.0-255,66,93169,64,209079
25234,0.000923,74.125.24.0-255,4320,97489,64,209079
25235,0.000925,172.31.40.0-255,66,97555,64,209079
25236,0.000945,172.31.40.0-255,66,97621,64,209079
25237,0.000994,74.125.24.0-255,1484,99105,64,209079
25238,0.001,74.125.24.0-255,2902,102007,64,209079
25239,0.001002,172.31.40.0-255,66,102073,64,209079
25240,0.001032,74.125.24.0-255,5738,107811,64,209079
25241,0.001036,172.31.40.0-255,66,107877,64,209079
25242,0.001042,74.125.24.0-255,5738,113615,64,209079
25243,0.001044,172.31.40.0-255,66,113681,64,209079
25244,0.001091,172.31.40.0-255,66,113747,64,209079
25245,0.001122,74.125.24.0-255,4320,118067,64,209079
25246,0.001124,172.31.40.0-255,66,118133,64,209079
25247,0.00113,74.125.24.0-255,5020,123153,64,209079
25248,0.001133,172.31.40.0-255,66,123219,64,209079
25249,0.001209,74.125.24.0-255,1484,124703,64,209079
25250,0.001215,74.125.24.0-255,2902,127605,64,209079
25251,0.001218,172.31.40.0-255,66,127671,64,209079
25252,0.001251,74.125.24.0-255,5738,133409,64,209079
25253,0.001254,172.31.40.0-255,66,133475,64,209079
25254,0.001273,172.31.40.0-255,66,133541,64,209079
25255,0.001308,74.125.24.0-255,1484,135025,64,209079
25256,0.001322,172.31.40.0-255,66,135091,64,209079
25257,0.001346,74.125.24.0-255,1484,136575,64,209079
25258,0.001351,74.125.24.0-255,2902,139477,64,209079
25259,0.001353,172.31.40.0-255,66,139543,64,209079
25260,0.001359,74.125.24.0-255,4320,143863,64,209079
25261,0.001362,172.31.40.0-255,66,143929,64,209079
25262,0.001395,74.125.24.0-255,1484,145413,64,209079
25263,0.001403,74.125.24.0-255,7156,152569,64,209079
25264,0.001406,172.31.40.0-255,66,152635,64,209079
25265,0.001409,74.125.24.0-255,1484,154119,64,209079
25266,0.00145,172.31.40.0-255,66,154185,64,209079
25267,0.001454,74.125.24.0-255,2184,156369,64,209079
25268,0.001456,172.31.40.0-255,66,156435,64,209079
25269,0.001645,74.125.24.0-255,1484,157919,64,209079
25270,0.001651,74.125.24.0-255,2902,160821,64,209079
25271,0.001655,172.31.40.0-255,66,160887,64,209079
25272,0.001688,74.125.24.0-255,5738,166625,64,209079
25273,0.001692,172.31.40.0-255,66,166691,64,209079
25274,0.001718,172.31.40.0-255,66,166757,64,209079
25275,0.001748,74.125.24.0-255,4320,171077,64,209079
25276,0.001751,172.31.40.0-255,66,171143,64,209079
25277,0.001784,172.31.40.0-255,66,171209,64,209079
25278,0.001843,74.125.24.0-255,1484,172693,64,209079
25279,0.001857,74.125.24.0-255,2902,175595,64,209079
25280,0.00186,172.31.40.0-255,66,175661,64,209079
25281,0.001892,74.125.24.0-255,5738,181399,64,209079
25282,0.001896,172.31.40.0-255,66,181465,64,209079
25283,0.001907,172.31.40.0-255,66,181531,64,209079
25284,0.001933,74.125.24.0-255,1484,183015,64,209079
25285,0.001966,172.31.40.0-255,66,183081,64,209079
25286,0.001988,74.125.24.0-255,5738,188819,64,209079
25287,0.001991,172.31.40.0-255,66,188885,64,209079
25288,0.002015,74.125.24.0-255,2902,191787,64,209079
25289,0.002018,172.31.40.0-255,66,191853,64,209079
25290,0.002034,172.31.40.0-255,66,191919,64,209079
25291,0.002038,74.125.24.0-255,2902,194821,64,209079
25292,0.002041,172.31.40.0-255,66,194887,64,209079
25293,0.002073,74.125.24.0-255,7156,202043,64,209079
25294,0.002075,172.31.40.0-255,66,202109,64,209079
25295,0.002091,172.31.40.0-255,66,202175,64,209079
25296,0.002128,74.125.24.0-255,1484,203659,64,209079
25297,0.002178,172.31.40.0-255,66,203725,64,209079
25298,0.002204,172.31.40.0-255,66,203791,64,209079
25299,0.002215,172.31.40.0-255,66,203857,64,209079
25300,0.002232,172.31.40.0-255,66,203923,64,209079
25301,0.002256,74.125.24.0-255,4748,208671,64,209079
25302,0.002262,172.31.40.0-255,66,208737,64,209079
25303,0.002265,74.125.24.0-255,105,208842,64,209079
25304,0.004529,172.31.40.0-255,66,208908,64,209079
25305,0.004566,172.31.40.0-255,105,209013,64,209079
25306,0.006804,74.125.24.0-255,66,209079,64,209079
25307,0.0,74.125.200.0-255,150,150,64,245577
25308,1.5e-05,172.31.40.0-255,66,216,64,245577
25309,2.2e-05,74.125.200.0-255,1484,1700,64,245577
25310,2.7e-05,172.31.40.0-255,66,1766,64,245577
25311,3.3e-05,74.125.200.0-255,2902,4668,64,245577
25312,3.7e-05,172.31.40.0-255,66,4734,64,245577
25313,6e-05,74.125.200.0-255,4320,9054,64,245577
25314,6.3e-05,172.31.40.0-255,66,9120,64,245577
25315,6.6e-05,74.125.200.0-255,1484,10604,64,245577
25316,6.9e-05,172.31.40.0-255,66,10670,64,245577
25317,8.5e-05,74.125.200.0-255,3456,14126,64,245577
25318,8.8e-05,172.31.40.0-255,66,14192,64,245577
25319,0.000492,74.125.200.0-255,1484,15676,64,245577
25320,0.000498,172.31.40.0-255,66,15742,64,245577
25321,0.000507,74.125.200.0-255,2902,18644,64,245577
25322,0.000509,172.31.40.0-255,66,18710,64,245577
25323,0.000515,74.125.200.0-255,4320,23030,64,245577
25324,0.000518,172.31.40.0-255,66,23096,64,245577
25325,0.000543,74.125.200.0-255,1484,24580,64,245577
25326,0.000545,172.31.40.0-255,66,24646,64,245577
25327,0.000575,172.31.40.0-255,66,24712,64,245577
25328,0.000607,74.125.200.0-255,7156,31868,64,245577
25329,0.000611,172.31.40.0-255,66,31934,64,245577
25330,0.000625,74.125.200.0-255,2902,34836,64,245577
25331,0.000628,172.31.40.0-255,66,34902,64,245577
25332,0.000632,74.125.200.0-255,1484,36386,64,245577
25333,0.000634,172.31.40.0-255,66,36452,64,245577
25334,0.000638,74.125.200.0-255,2902,39354,64,245577
25335,0.00064,172.31.40.0-255,66,39420,64,245577
25336,0.000657,74.125.200.0-255,1484,40904,64,245577
25337,0.00066,172.31.40.0-255,66,40970,64,245577
25338,0.000684,74.125.200.0-255,4320,45290,64,245577
25339,0.000688,172.31.40.0-255,66,45356,64,245577
25340,0.000694,74.125.200.0-255,5738,51094,64,245577
25341,0.000696,172.31.40.0-255,66,51160,64,245577
25342,0.000723,74.125.200.0-255,6438,57598,64,245577
25343,0.000727,172.31.40.0-255,66,57664,64,245577
25344,0.000902,74.125.200.0-255,400,58064,64,245577
25345,0.001011,74.125.200.0-255,1484,59548,64,245577
25346,0.001016,172.31.40.0-255,66,59614,64,245577
25347,0.001039,74.125.200.0-255,2902,62516,64,245577
25348,0.001041,172.31.40.0-255,66,62582,64,245577
25349,0.001048,74.125.200.0-255,5738,68320,64,245577
25350,0.001051,172.31.40.0-255,66,68386,64,245577
25351,0.001078,74.125.200.0-255,4320,72706,64,245577
25352,0.001081,172.31.40.0-255,66,72772,64,245577
25353,0.001107,74.125.200.0-255,7156,79928,64,245577
25354,0.00111,172.31.40.0-255,66,79994,64,245577
25355,0.001128,74.125.200.0-255,5738,85732,64,245577
25356,0.001132,172.31.40.0-255,66,85798,64,245577
25357,0.001156,74.125.200.0-255,6438,92236,64,245577
25358,0.001159,172.31.40.0-255,66,92302,64,245577
25359,0.001195,74.125.200.0-255,5738,98040,64,245577
25360,0.001198,172.31.40.0-255,66,98106,64,245577
25361,0.001219,74.125.200.0-255,5738,103844,64,245577
25362,0.001222,172.31.40.0-255,66,103910,64,245577
25363,0.001241,74.125.200.0-255,1484,105394,64,245577
25364,0.001256,74.125.200.0-255,3658,109052,64,245577
25365,0.001259,172.31.40.0-255,66,109118,64,245577
25366,0.00165,74.125.200.0-255,1484,110602,64,245577
25367,0.001659,74.125.200.0-255,2902,113504,64,245577
25368,0.001664,172.31.40.0-255,66,113570,64,245577
25369,0.00169,74.125.200.0-255,5738,119308,64,245577
25370,0.001693,172.31.40.0-255,66,119374,64,245577
25371,0.0017,74.125.200.0-255,5738,125112,64,245577
25372,0.001703,172.31.40.0-255,66,125178,64,245577
25373,0.001726,74.125.200.0-255,2902,128080,64,245577
25374,0.001728,172.31.40.0-255,66,128146,64,245577
25375,0.00175,74.125.200.0-255,4320,132466,64,245577
25376,0.001753,172.31.40.0-255,66,132532,64,245577
25377,0.001785,74.125.200.0-255,2902,135434,64,245577
25378,0.001787,172.31.40.0-255,66,135500,64,245577
25379,0.00181,172.31.40.0-255,66,135566,64,245577
25380,0.00206,74.125.200.0-255,1484,137050,64,245577
25381,0.002073,74.125.200.0-255,2902,139952,64,245577
25382,0.002076,172.31.40.0-255,66,140018,64,245577
25383,0.002103,74.125.200.0-255,5738,145756,64,245577
25384,0.002106,172.31.40.0-255,66,145822,64,245577
25385,0.002124,74.125.200.0-255,2902,148724,64,245577
25386,0.002127,172.31.40.0-255,66,148790,64,245577
25387,0.002134,74.125.200.0-255,1484,150274,64,245577
25388,0.002152,74.125.200.0-255,2902,153176,64,245577
25389,0.002154,172.31.40.0-255,66,153242,64,245577
25390,0.002157,74.125.200.0-255,1484,154726,64,245577
25391,0.002177,74.125.200.0-255,5738,160464,64,245577
25392,0.00218,172.31.40.0-255,66,160530,64,245577
25393,0.002224,74.125.200.0-255,4320,164850,64,245577
25394,0.002227,172.31.40.0-255,66,164916,64,245577
25395,0.002232,74.125.200.0-255,2902,167818,64,245577
25396,0.002233,172.31.40.0-255,66,167884,64,245577
25397,0.002249,74.125.200.0-255,2184,170068,64,245577
25398,0.002251,172.31.40.0-255,66,170134,64,245577
25399,0.004493,74.125.200.0-255,2902,173036,64,245577
25400,0.004499,172.31.40.0-255,66,173102,64,245577
25401,0.004521,74.125.200.0-255,2902,176004,64,245577
25402,0.004524,172.31.40.0-255,66,176070,64,245577
25403,0.006756,74.125.200.0-255,2902,178972,64,245577
25404,0.006763,172.31.40.0-255,66,179038,64,245577
25405,0.006785,74.125.200.0-255,2902,181940,64,245577
25406,0.006787,172.31.40.0-255,66,182006,64,245577
25407,0.009034,74.125.200.0-255,2902,184908,64,245577
25408,0.009042,172.31.40.0-255,66,184974,64,245577
25409,0.009063,74.125.200.0-255,2902,187876,64,245577
25410,0.009065,172.31.40.0-255,66,187942,64,245577
25411,0.011307,74.125.200.0-255,2902,190844,64,245577
25412,0.011317,172.31.40.0-255,66,190910,64,245577
25413,0.011337,74.125.200.0-255,2902,193812,64,245577
25414,0.011339,172.31.40.0-255,66,193878,64,245577
25415,0.013602,74.125.200.0-255,5738,199616,64,245577
25416,0.013612,172.31.40.0-255,66,199682,64,245577
25417,0.015918,74.125.200.0-255,5738,205420,64,245577
25418,0.015925,172.31.40.0-255,66,205486,64,245577
25419,0.018197,74.125.200.0-255,5738,211224,64,245577
25420,0.018205,172.31.40.0-255,66,211290,64,245577
25421,0.020482,74.125.200.0-255,5738,217028,64,245577
25422,0.02049,172.31.40.0-255,66,217094,64,245577
25423,0.022772,74.125.200.0-255,5738,222832,64,245577
25424,0.022778,172.31.40.0-255,66,222898,64,245577
25425,0.023612,172.31.40.0-255,167,223065,64,245577
25426,0.023644,172.31.40.0-255,1112,224177,64,245577
25427,0.023702,172.31.40.0-255,1514,225691,64,245577
25428,0.023705,172.31.40.0-255,1514,227205,64,245577
25429,0.023729,172.31.40.0-255,696,227901,64,245577
25430,0.025059,74.125.200.0-255,5738,233639,64,245577
25431,0.025067,172.31.40.0-255,66,233705,64,245577
25432,0.025155,104.244.42.0-255,66,233771,64,245577
25433,0.025178,104.244.42.0-255,66,233837,64,245577
25434,0.025273,104.244.42.0-255,66,233903,64,245577
25435,0.025279,104.244.42.0-255,66,233969,64,245577
25436,0.027347,74.125.200.0-255,5738,239707,64,245577
25437,0.027353,172.31.40.0-255,66,239773,64,245577
25438,0.029673,74.125.200.0-255,5738,245511,64,245577
25439,0.029692,172.31.40.0-255,66,245577,64,245577
25440,0.0,172.217.194.0-255,152,152,64,180291
25441,2.2e-05,172.31.40.0-255,66,218,64,180291
25442,3e-05,172.217.194.0-255,1484,1702,64,180291
25443,3.4e-05,172.31.40.0-255,66,1768,64,180291
25444,4e-05,172.217.194.0-255,2902,4670,64,180291
25445,5.1e-05,172.31.40.0-255,66,4736,64,180291
25446,5.6e-05,172.217.194.0-255,2902,7638,64,180291
25447,5.9e-05,172.31.40.0-255,66,7704,64,180291
25448,9.9e-05,172.217.194.0-255,6258,13962,64,180291
25449,0.000102,172.31.40.0-255,66,14028,64,180291
25450,0.000388,172.217.194.0-255,1484,15512,64,180291
25451,0.000394,172.31.40.0-255,66,15578,64,180291
25452,0.000401,172.217.194.0-255,2902,18480,64,180291
25453,0.000404,172.31.40.0-255,66,18546,64,180291
25454,0.000408,172.217.194.0-255,2902,21448,64,180291
25455,0.000416,172.31.40.0-255,66,21514,64,180291
25456,0.000434,172.217.194.0-255,2902,24416,64,180291
25457,0.000437,172.31.40.0-255,66,24482,64,180291
25458,0.000449,172.217.194.0-255,6797,31279,64,180291
25459,0.000452,172.31.40.0-255,66,31345,64,180291
25460,0.000497,172.31.40.0-255,66,31411,64,180291
25461,0.000502,172.217.194.0-255,2543,33954,64,180291
25462,0.000505,172.31.40.0-255,66,34020,64,180291
25463,0.000539,172.217.194.0-255,1484,35504,64,180291
25464,0.000542,172.31.40.0-255,66,35570,64,180291
25465,0.000547,172.217.194.0-255,2902,38472,64,180291
25466,0.000554,172.31.40.0-255,66,38538,64,180291
25467,0.00056,172.217.194.0-255,4320,42858,64,180291
25468,0.000562,172.31.40.0-255,66,42924,64,180291
25469,0.000591,172.217.194.0-255,1484,44408,64,180291
25470,0.000594,172.31.40.0-255,66,44474,64,180291
25471,0.000606,172.217.194.0-255,6797,51271,64,180291
25472,0.000633,172.31.40.0-255,66,51337,64,180291
25473,0.00097,172.217.194.0-255,646,51983,64,180291
25474,0.001074,172.217.194.0-255,1484,53467,64,180291
25475,0.001078,172.31.40.0-255,66,53533,64,180291
25476,0.001085,172.217.194.0-255,2902,56435,64,180291
25477,0.001087,172.31.40.0-255,66,56501,64,180291
25478,0.001092,172.217.194.0-255,2902,59403,64,180291
25479,0.001094,172.31.40.0-255,66,59469,64,180291
25480,0.001124,172.217.194.0-255,2902,62371,64,180291
25481,0.001127,172.31.40.0-255,66,62437,64,180291
25482,0.001134,172.217.194.0-255,6248,68685,64,180291
25483,0.001136,172.31.40.0-255,66,68751,64,180291
25484,0.001311,172.217.194.0-255,1484,70235,64,180291
25485,0.001316,172.217.194.0-255,1484,71719,64,180291
25486,0.001319,172.31.40.0-255,66,71785,64,180291
25487,0.001346,172.217.194.0-255,1484,73269,64,180291
25488,0.001353,172.217.194.0-255,5738,79007,64,180291
25489,0.001356,172.31.40.0-255,66,79073,64,180291
25490,0.001372,172.217.194.0-255,5738,84811,64,180291
25491,0.001374,172.31.40.0-255,66,84877,64,180291
25492,0.00141,172.217.194.0-255,7156,92033,64,180291
25493,0.001413,172.31.40.0-255,66,92099,64,180291
25494,0.001426,172.217.194.0-255,2184,94283,64,180291
25495,0.001431,172.31.40.0-255,66,94349,64,180291
25496,0.002059,172.217.194.0-255,1484,95833,64,180291
25497,0.00207,172.217.194.0-255,2902,98735,64,180291
25498,0.002074,172.31.40.0-255,66,98801,64,180291
25499,0.00208,172.217.194.0-255,1484,100285,64,180291
25500,0.002109,172.217.194.0-255,1484,101769,64,180291
25501,0.002111,172.31.40.0-255,66,101835,64,180291
25502,0.00212,172.217.194.0-255,7156,108991,64,180291
25503,0.002122,172.31.40.0-255,66,109057,64,180291
25504,0.002128,172.217.194.0-255,5738,114795,64,180291
25505,0.00213,172.31.40.0-255,66,114861,64,180291
25506,0.002174,172.31.40.0-255,66,114927,64,180291
25507,0.002179,172.217.194.0-255,3602,118529,64,180291
25508,0.002181,172.31.40.0-255,66,118595,64,180291
25509,0.004684,172.217.194.0-255,4320,122915,64,180291
25510,0.00469,172.31.40.0-255,66,122981,64,180291
25511,0.004711,172.217.194.0-255,1484,124465,64,180291
25512,0.007358,172.217.194.0-255,4320,128785,64,180291
25513,0.007363,172.31.40.0-255,66,128851,64,180291
25514,0.009896,172.217.194.0-255,5738,134589,64,180291
25515,0.009905,172.31.40.0-255,66,134655,64,180291
25516,0.012439,172.217.194.0-255,5738,140393,64,180291
25517,0.012447,172.31.40.0-255,66,140459,64,180291
25518,0.015017,172.217.194.0-255,5738,146197,64,180291
25519,0.015027,172.31.40.0-255,66,146263,64,180291
25520,0.017592,172.217.194.0-255,5738,152001,64,180291
25521,0.017601,172.31.40.0-255,66,152067,64,180291
25522,0.020123,172.217.194.0-255,5738,157805,64,180291
25523,0.02013,172.31.40.0-255,66,157871,64,180291
25524,0.022637,172.217.194.0-255,5738,163609,64,180291
25525,0.022644,172.31.40.0-255,66,163675,64,180291
25526,0.025161,172.217.194.0-255,5738,169413,64,180291
25527,0.02517,172.31.40.0-255,66,169479,64,180291
25528,0.027678,172.217.194.0-255,5738,175217,64,180291
25529,0.027684,172.31.40.0-255,66,175283,64,180291
25530,0.028527,172.31.40.0-255,172,175455,64,180291
25531,0.028558,172.31.40.0-255,1112,176567,64,180291
25532,0.028616,172.31.40.0-255,1514,178081,64,180291
25533,0.028618,172.31.40.0-255,1514,179595,64,180291
25534,0.028619,172.31.40.0-255,696,180291,64,180291
25535,0.0,172.217.194.0-255,290,290,64,258153
25536,2.1e-05,172.31.40.0-255,66,356,64,258153
25537,2.6e-05,172.217.194.0-255,1484,1840,64,258153
25538,3e-05,172.31.40.0-255,66,1906,64,258153
25539,3.7e-05,172.217.194.0-255,4320,6226,64,258153
25540,4e-05,172.31.40.0-255,66,6292,64,258153
25541,4.6e-05,172.217.194.0-255,5738,12030,64,258153
25542,4.8e-05,172.31.40.0-255,66,12096,64,258153
25543,5.9e-05,172.31.40.0-255,66,12162,64,258153
25544,9.1e-05,172.217.194.0-255,3249,15411,64,258153
25545,9.3e-05,172.31.40.0-255,66,15477,64,258153
25546,0.0001,172.217.194.0-255,6797,22274,64,258153
25547,0.000103,172.31.40.0-255,66,22340,64,258153
25548,0.000171,172.217.194.0-255,1484,23824,64,258153
25549,0.000174,172.31.40.0-255,66,23890,64,258153
25550,0.000178,172.217.194.0-255,2902,26792,64,258153
25551,0.000181,172.31.40.0-255,66,26858,64,258153
25552,0.000186,172.217.194.0-255,4320,31178,64,258153
25553,0.000187,172.31.40.0-255,66,31244,64,258153
25554,0.000205,172.217.194.0-255,1484,32728,64,258153
25555,0.000207,172.31.40.0-255,66,32794,64,258153
25556,0.000247,172.31.40.0-255,66,32860,64,258153
25557,0.000257,172.31.40.0-255,66,32926,64,258153
25558,0.000275,172.217.194.0-255,364,33290,64,258153
25559,0.000277,172.31.40.0-255,66,33356,64,258153
25560,0.000339,172.217.194.0-255,1484,34840,64,258153
25561,0.000342,172.31.40.0-255,66,34906,64,258153
25562,0.000346,172.217.194.0-255,2902,37808,64,258153
25563,0.000349,172.31.40.0-255,66,37874,64,258153
25564,0.000358,172.217.194.0-255,1484,39358,64,258153
25565,0.000374,172.217.194.0-255,4320,43678,64,258153
25566,0.00039,172.217.194.0-255,4320,47998,64,258153
25567,0.000406,172.217.194.0-255,2543,50541,64,258153
25568,0.000426,172.217.194.0-255,1484,52025,64,258153
25569,0.000428,172.217.194.0-255,1484,53509,64,258153
25570,0.000439,172.217.194.0-255,1484,54993,64,258153
25571,0.000444,172.217.194.0-255,4320,59313,64,258153
25572,0.00046,172.217.194.0-255,1484,60797,64,258153
25573,0.000474,172.217.194.0-255,4320,65117,64,258153
25574,0.000525,172.217.194.0-255,7156,72273,64,258153
25575,0.000539,172.217.194.0-255,2543,74816,64,258153
25576,0.00057,172.31.40.0-255,66,74882,64,258153
25577,0.00066,172.217.194.0-255,1484,76366,64,258153
25578,0.000665,172.217.194.0-255,2902,79268,64,258153
25579,0.000678,172.31.40.0-255,66,79334,64,258153
25580,0.000701,172.217.194.0-255,5738,85072,64,258153
25581,0.000707,172.217.194.0-255,4320,89392,64,258153
25582,0.00072,172.31.40.0-255,66,89458,64,258153
25583,0.00074,172.217.194.0-255,4320,93778,64,258153
25584,0.000761,172.217.194.0-255,6438,100216,64,258153
25585,0.000769,172.31.40.0-255,66,100282,64,258153
25586,0.000775,172.217.194.0-255,5738,106020,64,258153
25587,0.00078,172.31.40.0-255,66,106086,64,258153
25588,0.000795,172.217.194.0-255,5738,111824,64,258153
25589,0.000801,172.217.194.0-255,5379,117203,64,258153
25590,0.000819,172.31.40.0-255,66,117269,64,258153
25591,0.000836,172.217.194.0-255,1484,118753,64,258153
25592,0.000852,172.217.194.0-255,1484,120237,64,258153
25593,0.000861,172.31.40.0-255,66,120303,64,258153
25594,0.000868,172.217.194.0-255,1484,121787,64,258153
25595,0.000872,172.217.194.0-255,2902,124689,64,258153
25596,0.000877,172.31.40.0-255,66,124755,64,258153
25597,0.000884,172.217.194.0-255,2902,127657,64,258153
25598,0.000901,172.217.194.0-255,5738,133395,64,258153
25599,0.000915,172.217.194.0-255,5738,139133,64,258153
25600,0.000919,172.31.40.0-255,66,139199,64,258153
25601,0.000975,172.31.40.0-255,66,139265,64,258153
25602,0.001006,172.217.194.0-255,1484,140749,64,258153
25603,0.00101,172.217.194.0-255,1484,142233,64,258153
25604,0.001021,172.217.194.0-255,1484,143717,64,258153
25605,0.001027,172.217.194.0-255,4320,148037,64,258153
25606,0.001036,172.31.40.0-255,66,148103,64,258153
25607,0.001055,172.217.194.0-255,1484,149587,64,258153
25608,0.001074,172.217.194.0-255,6797,156384,64,258153
25609,0.001087,172.217.194.0-255,1484,157868,64,258153
25610,0.001106,172.217.194.0-255,1484,159352,64,258153
25611,0.001111,172.217.194.0-255,4320,163672,64,258153
25612,0.001115,172.217.194.0-255,4320,167992,64,258153
25613,0.00113,172.217.194.0-255,4320,172312,64,258153
25614,0.00115,172.217.194.0-255,5738,178050,64,258153
25615,0.001152,172.31.40.0-255,66,178116,64,258153
25616,0.001157,172.31.40.0-255,66,178182,64,258153
25617,0.00119,172.31.40.0-255,66,178248,64,258153
25618,0.00133,172.217.194.0-255,1484,179732,64,258153
25619,0.001336,172.217.194.0-255,1484,181216,64,258153
25620,0.001347,172.217.194.0-255,1484,182700,64,258153
25621,0.00136,172.31.40.0-255,66,182766,64,258153
25622,0.001365,172.217.194.0-255,5738,188504,64,258153
25623,0.00137,172.31.40.0-255,66,188570,64,258153
25624,0.001405,172.217.194.0-255,7156,195726,64,258153
25625,0.001414,172.31.40.0-255,66,195792,64,258153
25626,0.001425,172.217.194.0-255,3602,199394,64,258153
25627,0.001442,172.31.40.0-255,66,199460,64,258153
25628,0.001649,172.217.194.0-255,1484,200944,64,258153
25629,0.001654,172.217.194.0-255,1484,202428,64,258153
25630,0.00166,172.31.40.0-255,66,202494,64,258153
25631,0.001668,172.217.194.0-255,1484,203978,64,258153
25632,0.001673,172.217.194.0-255,4320,208298,64,258153
25633,0.001682,172.217.194.0-255,1484,209782,64,258153
25634,0.001712,172.31.40.0-255,66,209848,64,258153
25635,0.001752,172.217.194.0-255,766,210614,64,258153
25636,0.001763,172.31.40.0-255,66,210680,64,258153
25637,0.001775,172.217.194.0-255,1484,212164,64,258153
25638,0.001788,172.217.194.0-255,4320,216484,64,258153
25639,0.001793,172.31.40.0-255,66,216550,64,258153
25640,0.001827,172.31.40.0-255,66,216616,64,258153
25641,0.00183,172.217.194.0-255,1484,218100,64,258153
25642,0.001832,172.217.194.0-255,1484,219584,64,258153
25643,0.00185,172.217.194.0-255,2902,222486,64,258153
25644,0.001853,172.31.40.0-255,66,222552,64,258153
25645,0.00187,172.217.194.0-255,3602,226154,64,258153
25646,0.001876,172.31.40.0-255,66,226220,64,258153
25647,0.001893,172.217.194.0-255,4320,230540,64,258153
25648,0.001908,172.31.40.0-255,66,230606,64,258153
25649,0.001915,172.217.194.0-255,7156,237762,64,258153
25650,0.001919,172.31.40.0-255,66,237828,64,258153
25651,0.001927,172.217.194.0-255,1484,239312,64,258153
25652,0.001931,172.217.194.0-255,2902,242214,64,258153
25653,0.001942,172.31.40.0-255,66,242280,64,258153
25654,0.001963,172.31.40.0-255,66,242346,64,258153
25655,0.001969,172.217.194.0-255,5738,248084,64,258153
25656,0.001983,172.217.194.0-255,766,248850,64,258153
25657,0.00199,172.217.194.0-255,7156,256006,64,258153
25658,0.001997,172.31.40.0-255,66,256072,64,258153
25659,0.002044,172.31.40.0-255,66,256138,64,258153
25660,0.00205,172.217.194.0-255,1484,257622,64,258153
25661,0.002053,172.217.194.0-255,123,257745,64,258153
25662,0.002057,172.31.40.0-255,66,257811,64,258153
25663,0.002088,172.217.194.0-255,105,257916,64,258153
25664,0.004048,172.31.40.0-255,66,257982,64,258153
25665,0.004085,172.31.40.0-255,105,258087,64,258153
25666,0.006306,172.217.194.0-255,66,258153,64,258153
25667,0.0,172.217.194.0-255,146,146,64,241344
25668,2.3e-05,172.31.40.0-255,66,212,64,241344
25669,3e-05,172.217.194.0-255,1484,1696,64,241344
25670,3.4e-05,172.31.40.0-255,66,1762,64,241344
25671,4e-05,172.217.194.0-255,2902,4664,64,241344
25672,4.4e-05,172.31.40.0-255,66,4730,64,241344
25673,5e-05,172.217.194.0-255,4320,9050,64,241344
25674,5.3e-05,172.31.40.0-255,66,9116,64,241344
25675,5.9e-05,172.217.194.0-255,4901,14017,64,241344
25676,6.2e-05,172.31.40.0-255,66,14083,64,241344
25677,0.000112,172.217.194.0-255,1484,15567,64,241344
25678,0.000114,172.31.40.0-255,66,15633,64,241344
25679,0.00012,172.217.194.0-255,2902,18535,64,241344
25680,0.000122,172.31.40.0-255,66,18601,64,241344
25681,0.000151,172.217.194.0-255,4320,22921,64,241344
25682,0.000154,172.31.40.0-255,66,22987,64,241344
25683,0.000161,172.217.194.0-255,5738,28725,64,241344
25684,0.000163,172.31.40.0-255,66,28791,64,241344
25685,0.000189,172.217.194.0-255,2543,31334,64,241344
25686,0.000191,172.31.40.0-255,66,31400,64,241344
25687,0.000269,172.217.194.0-255,1484,32884,64,241344
25688,0.000273,172.31.40.0-255,66,32950,64,241344
25689,0.000279,172.217.194.0-255,2902,35852,64,241344
25690,0.000281,172.31.40.0-255,66,35918,64,241344
25691,0.000288,172.217.194.0-255,5738,41656,64,241344
25692,0.00029,172.31.40.0-255,66,41722,64,241344
25693,0.000295,172.217.194.0-255,2902,44624,64,241344
25694,0.000297,172.31.40.0-255,66,44690,64,241344
25695,0.000321,172.217.194.0-255,2902,47592,64,241344
25696,0.000324,172.31.40.0-255,66,47658,64,241344
25697,0.000341,172.31.40.0-255,66,47724,64,241344
25698,0.000385,172.217.194.0-255,3961,51685,64,241344
25699,0.000388,172.31.40.0-255,66,51751,64,241344
25700,0.000391,172.217.194.0-255,395,52146,64,241344
25701,0.000438,172.217.194.0-255,379,52525,64,241344
25702,0.00063,172.217.194.0-255,1484,54009,64,241344
25703,0.000635,172.31.40.0-255,66,54075,64,241344
25704,0.000641,172.217.194.0-255,2902,56977,64,241344
25705,0.000644,172.31.40.0-255,66,57043,64,241344
25706,0.000664,172.217.194.0-255,5738,62781,64,241344
25707,0.000667,172.31.40.0-255,66,62847,64,241344
25708,0.000732,172.31.40.0-255,66,62913,64,241344
25709,0.000749,172.217.194.0-255,1484,64397,64,241344
25710,0.00076,172.31.40.0-255,66,64463,64,241344
25711,0.000765,172.217.194.0-255,2184,66647,64,241344
25712,0.000767,172.31.40.0-255,66,66713,64,241344
25713,0.001187,172.217.194.0-255,1484,68197,64,241344
25714,0.001194,172.217.194.0-255,2902,71099,64,241344
25715,0.001197,172.31.40.0-255,66,71165,64,241344
25716,0.001205,172.217.194.0-255,5738,76903,64,241344
25717,0.001207,172.31.40.0-255,66,76969,64,241344
25718,0.00121,172.217.194.0-255,1484,78453,64,241344
25719,0.00123,172.217.194.0-255,5738,84191,64,241344
25720,0.001233,172.31.40.0-255,66,84257,64,241344
25721,0.001276,172.31.40.0-255,66,84323,64,241344
25722,0.001291,172.217.194.0-255,1484,85807,64,241344
25723,0.00132,172.217.194.0-255,2184,87991,64,241344
25724,0.001323,172.31.40.0-255,66,88057,64,241344
25725,0.001654,172.217.194.0-255,1484,89541,64,241344
25726,0.001662,172.217.194.0-255,2902,92443,64,241344
25727,0.001665,172.31.40.0-255,66,92509,64,241344
25728,0.00167,172.217.194.0-255,2902,95411,64,241344
25729,0.001672,172.31.40.0-255,66,95477,64,241344
25730,0.001685,172.217.194.0-255,1484,96961,64,241344
25731,0.001705,172.217.194.0-255,5738,102699,64,241344
25732,0.001707,172.31.40.0-255,66,102765,64,241344
25733,0.001711,172.217.194.0-255,1484,104249,64,241344
25734,0.001744,172.31.40.0-255,66,104315,64,241344
25735,0.001781,172.217.194.0-255,3602,107917,64,241344
25736,0.001784,172.31.40.0-255,66,107983,64,241344
25737,0.001894,172.217.194.0-255,1484,109467,64,241344
25738,0.0019,172.217.194.0-255,2902,112369,64,241344
25739,0.001902,172.31.40.0-255,66,112435,64,241344
25740,0.001937,172.217.194.0-255,4320,116755,64,241344
25741,0.001941,172.31.40.0-255,66,116821,64,241344
25742,0.001947,172.217.194.0-255,5738,122559,64,241344
25743,0.001949,172.31.40.0-255,66,122625,64,241344
25744,0.001987,172.31.40.0-255,66,122691,64,241344
25745,0.002005,172.217.194.0-255,1484,124175,64,241344
25746,0.002024,172.217.194.0-255,6438,130613,64,241344
25747,0.002027,172.31.40.0-255,66,130679,64,241344
25748,0.002059,172.217.194.0-255,7156,137835,64,241344
25749,0.002062,172.31.40.0-255,66,137901,64,241344
25750,0.002081,172.217.194.0-255,4320,142221,64,241344
25751,0.002084,172.31.40.0-255,66,142287,64,241344
25752,0.002108,172.217.194.0-255,7156,149443,64,241344
25753,0.002111,172.31.40.0-255,66,149509,64,241344
25754,0.002129,172.217.194.0-255,5738,155247,64,241344
25755,0.002132,172.31.40.0-255,66,155313,64,241344
25756,0.002169,172.217.194.0-255,5738,161051,64,241344
25757,0.002172,172.31.40.0-255,66,161117,64,241344
25758,0.002192,172.217.194.0-255,3602,164719,64,241344
25759,0.002195,172.31.40.0-255,66,164785,64,241344
25760,0.002281,172.217.194.0-255,1484,166269,64,241344
25761,0.002298,172.217.194.0-255,2902,169171,64,241344
25762,0.002301,172.31.40.0-255,66,169237,64,241344
25763,0.002309,172.217.194.0-255,5738,174975,64,241344
25764,0.002311,172.31.40.0-255,66,175041,64,241344
25765,0.002341,172.217.194.0-255,5738,180779,64,241344
25766,0.002344,172.31.40.0-255,66,180845,64,241344
25767,0.002366,172.217.194.0-255,7156,188001,64,241344
25768,0.00237,172.31.40.0-255,66,188067,64,241344
25769,0.002386,172.217.194.0-255,1484,189551,64,241344
25770,0.002412,172.31.40.0-255,66,189617,64,241344
25771,0.002451,172.217.194.0-255,1484,191101,64,241344
25772,0.002454,172.217.194.0-255,1484,192585,64,241344
25773,0.002456,172.31.40.0-255,66,192651,64,241344
25774,0.002475,172.217.194.0-255,1484,194135,64,241344
25775,0.002481,172.217.194.0-255,5738,199873,64,241344
25776,0.002484,172.31.40.0-255,66,199939,64,241344
25777,0.002487,172.217.194.0-255,1484,201423,64,241344
25778,0.002509,172.217.194.0-255,4320,205743,64,241344
25779,0.002511,172.31.40.0-255,66,205809,64,241344
25780,0.002522,172.31.40.0-255,66,205875,64,241344
25781,0.002548,172.217.194.0-255,4320,210195,64,241344
25782,0.002551,172.31.40.0-255,66,210261,64,241344
25783,0.002602,172.31.40.0-255,66,210327,64,241344
25784,0.002616,172.217.194.0-255,766,211093,64,241344
25785,0.002628,172.217.194.0-255,2902,213995,64,241344
25786,0.002631,172.31.40.0-255,66,214061,64,241344
25787,0.002665,172.31.40.0-255,66,214127,64,241344
25788,0.002684,172.217.194.0-255,5738,219865,64,241344
25789,0.002686,172.31.40.0-255,66,219931,64,241344
25790,0.002706,172.217.194.0-255,3602,223533,64,241344
25791,0.002708,172.31.40.0-255,66,223599,64,241344
25792,0.002754,172.217.194.0-255,5738,229337,64,241344
25793,0.002757,172.31.40.0-255,66,229403,64,241344
25794,0.002773,172.217.194.0-255,2902,232305,64,241344
25795,0.002776,172.31.40.0-255,66,232371,64,241344
25796,0.002817,172.31.40.0-255,66,232437,64,241344
25797,0.002848,172.31.40.0-255,66,232503,64,241344
25798,0.002919,172.217.194.0-255,4320,236823,64,241344
25799,0.002922,172.31.40.0-255,66,236889,64,241344
25800,0.002964,172.31.40.0-255,66,236955,64,241344
25801,0.003048,172.217.194.0-255,1484,238439,64,241344
25802,0.003052,172.217.194.0-255,1484,239923,64,241344
25803,0.003055,172.31.40.0-255,66,239989,64,241344
25804,0.012943,172.217.194.0-255,1106,241095,64,241344
25805,0.012958,172.31.40.0-255,78,241173,64,241344
25806,0.015504,172.31.40.0-255,105,241278,64,241344
25807,0.017799,172.217.194.0-255,66,241344,64,241344
25808,0.0,74.125.24.0-255,290,290,64,189312
25809,2.2e-05,172.31.40.0-255,66,356,64,189312
25810,2.8e-05,74.125.24.0-255,1484,1840,64,189312
25811,3.3e-05,172.31.40.0-255,66,1906,64,189312
25812,4e-05,74.125.24.0-255,4320,6226,64,189312
25813,4.3e-05,172.31.40.0-255,66,6292,64,189312
25814,5.6e-05,172.31.40.0-255,66,6358,64,189312
25815,6.2e-05,74.125.24.0-255,5738,12096,64,189312
25816,6.6e-05,172.31.40.0-255,66,12162,64,189312
25817,0.0001,172.31.40.0-255,66,12228,64,189312
25818,0.000131,74.125.24.0-255,1484,13712,64,189312
25819,0.000134,172.31.40.0-255,66,13778,64,189312
25820,0.000138,74.125.24.0-255,2902,16680,64,189312
25821,0.000141,172.31.40.0-255,66,16746,64,189312
25822,0.000167,74.125.24.0-255,5738,22484,64,189312
25823,0.000171,172.31.40.0-255,66,22550,64,189312
25824,0.000174,74.125.24.0-255,1484,24034,64,189312
25825,0.000176,172.31.40.0-255,66,24100,64,189312
25826,0.000205,172.31.40.0-255,66,24166,64,189312
25827,0.000217,172.31.40.0-255,66,24232,64,189312
25828,0.000261,74.125.24.0-255,133,24365,64,189312
25829,0.000264,172.31.40.0-255,66,24431,64,189312
25830,0.000267,74.125.24.0-255,343,24774,64,189312
25831,0.000269,172.31.40.0-255,66,24840,64,189312
25832,0.000483,74.125.24.0-255,1484,26324,64,189312
25833,0.000489,172.31.40.0-255,66,26390,64,189312
25834,0.000495,74.125.24.0-255,2902,29292,64,189312
25835,0.000498,172.31.40.0-255,66,29358,64,189312
25836,0.000504,74.125.24.0-255,5738,35096,64,189312
25837,0.00051,74.125.24.0-255,4320,39416,64,189312
25838,0.000528,74.125.24.0-255,4320,43736,64,189312
25839,0.000539,172.31.40.0-255,66,43802,64,189312
25840,0.000555,74.125.24.0-255,7156,50958,64,189312
25841,0.000561,74.125.24.0-255,4320,55278,64,189312
25842,0.000578,74.125.24.0-255,3602,58880,64,189312
25843,0.000586,172.31.40.0-255,66,58946,64,189312
25844,0.000937,74.125.24.0-255,1484,60430,64,189312
25845,0.000942,74.125.24.0-255,2902,63332,64,189312
25846,0.000948,172.31.40.0-255,66,63398,64,189312
25847,0.00096,74.125.24.0-255,5738,69136,64,189312
25848,0.00099,74.125.24.0-255,1484,70620,64,189312
25849,0.001012,74.125.24.0-255,4320,74940,64,189312
25850,0.001019,74.125.24.0-255,7156,82096,64,189312
25851,0.001037,172.31.40.0-255,66,82162,64,189312
25852,0.001291,74.125.24.0-255,1484,83646,64,189312
25853,0.001298,74.125.24.0-255,2902,86548,64,189312
25854,0.001301,172.31.40.0-255,66,86614,64,189312
25855,0.001306,74.125.24.0-255,2902,89516,64,189312
25856,0.001327,74.125.24.0-255,2902,92418,64,189312
25857,0.001333,74.125.24.0-255,7156,99574,64,189312
25858,0.001338,74.125.24.0-255,4320,103894,64,189312
25859,0.001362,172.31.40.0-255,66,103960,64,189312
25860,0.001376,74.125.24.0-255,2184,106144,64,189312
25861,0.001388,74.125.24.0-255,2902,109046,64,189312
25862,0.001393,172.31.40.0-255,66,109112,64,189312
25863,0.001407,74.125.24.0-255,7156,116268,64,189312
25864,0.001456,172.31.40.0-255,66,116334,64,189312
25865,0.001488,172.31.40.0-255,66,116400,64,189312
25866,0.001498,74.125.24.0-255,2184,118584,64,189312
25867,0.001518,172.31.40.0-255,66,118650,64,189312
25868,0.001533,74.125.24.0-255,2902,121552,64,189312
25869,0.001547,172.31.40.0-255,66,121618,64,189312
25870,0.001579,172.31.40.0-255,66,121684,64,189312
25871,0.001593,74.125.24.0-255,1484,123168,64,189312
25872,0.001598,74.125.24.0-255,2902,126070,64,189312
25873,0.001618,74.125.24.0-255,5738,131808,64,189312
25874,0.001623,74.125.24.0-255,5738,137546,64,189312
25875,0.001626,172.31.40.0-255,66,137612,64,189312
25876,0.001637,172.31.40.0-255,66,137678,64,189312
25877,0.001668,74.125.24.0-255,4320,141998,64,189312
25878,0.001679,172.31.40.0-255,66,142064,64,189312
25879,0.0017,74.125.24.0-255,766,142830,64,189312
25880,0.001722,74.125.24.0-255,1484,144314,64,189312
25881,0.001727,74.125.24.0-255,2902,147216,64,189312
25882,0.00174,74.125.24.0-255,2902,150118,64,189312
25883,0.001745,172.31.40.0-255,66,150184,64,189312
25884,0.001753,74.125.24.0-255,2902,153086,64,189312
25885,0.001758,172.31.40.0-255,66,153152,64,189312
25886,0.001793,74.125.24.0-255,4320,157472,64,189312
25887,0.001847,172.31.40.0-255,66,157538,64,189312
25888,0.001906,172.31.40.0-255,66,157604,64,189312
25889,0.001942,74.125.24.0-255,5738,163342,64,189312
25890,0.001949,74.125.24.0-255,4320,167662,64,189312
25891,0.001956,172.31.40.0-255,66,167728,64,189312
25892,0.001967,74.125.24.0-255,2902,170630,64,189312
25893,0.00197,74.125.24.0-255,1484,172114,64,189312
25894,0.002,74.125.24.0-255,6438,178552,64,189312
25895,0.00201,172.31.40.0-255,66,178618,64,189312
25896,0.002046,74.125.24.0-255,1484,180102,64,189312
25897,0.002056,172.31.40.0-255,66,180168,64,189312
25898,0.002107,172.31.40.0-255,66,180234,64,189312
25899,0.002112,172.31.40.0-255,66,180300,64,189312
25900,0.002127,74.125.24.0-255,3602,183902,64,189312
25901,0.002149,74.125.24.0-255,5002,188904,64,189312
25902,0.002151,74.125.24.0-255,105,189009,64,189312
25903,0.002154,172.31.40.0-255,66,189075,64,189312
25904,0.002169,172.31.40.0-255,66,189141,64,189312
25905,0.014844,172.31.40.0-255,105,189246,64,189312
25906,0.017145,74.125.24.0-255,66,189312,64,189312
25907,0.0,172.217.194.0-255,153,153,64,237659
25908,1.4e-05,172.31.40.0-255,66,219,64,237659
25909,2.1e-05,172.217.194.0-255,1484,1703,64,237659
25910,2.5e-05,172.31.40.0-255,66,1769,64,237659
25911,3.1e-05,172.217.194.0-255,2902,4671,64,237659
25912,3.5e-05,172.31.40.0-255,66,4737,64,237659
25913,3.8e-05,172.217.194.0-255,1484,6221,64,237659
25914,4.1e-05,172.31.40.0-255,66,6287,64,237659
25915,6.4e-05,172.217.194.0-255,5738,12025,64,237659
25916,6.7e-05,172.31.40.0-255,66,12091,64,237659
25917,8.5e-05,172.217.194.0-255,7156,19247,64,237659
25918,8.8e-05,172.31.40.0-255,66,19313,64,237659
25919,0.00012,172.31.40.0-255,66,19379,64,237659
25920,0.000124,172.217.194.0-255,2543,21922,64,237659
25921,0.000126,172.31.40.0-255,66,21988,64,237659
25922,0.00017,172.217.194.0-255,2902,24890,64,237659
25923,0.000173,172.31.40.0-255,66,24956,64,237659
25924,0.000193,172.217.194.0-255,4320,29276,64,237659
25925,0.000196,172.31.40.0-255,66,29342,64,237659
25926,0.000222,172.31.40.0-255,66,29408,64,237659
25927,0.000225,172.217.194.0-255,1484,30892,64,237659
25928,0.000227,172.31.40.0-255,66,30958,64,237659
25929,0.00026,172.31.40.0-255,66,31024,64,237659
25930,0.000288,172.217.194.0-255,5633,36657,64,237659
25931,0.00029,172.31.40.0-255,66,36723,64,237659
25932,0.000322,172.217.194.0-255,118,36841,64,237659
25933,0.000326,172.31.40.0-255,66,36907,64,237659
25934,0.000623,172.217.194.0-255,1484,38391,64,237659
25935,0.000629,172.31.40.0-255,66,38457,64,237659
25936,0.000635,172.217.194.0-255,2902,41359,64,237659
25937,0.000638,172.31.40.0-255,66,41425,64,237659
25938,0.000645,172.217.194.0-255,5738,47163,64,237659
25939,0.000647,172.31.40.0-255,66,47229,64,237659
25940,0.000696,172.31.40.0-255,66,47295,64,237659
25941,0.000706,172.31.40.0-255,66,47361,64,237659
25942,0.00072,172.217.194.0-255,1125,48486,64,237659
25943,0.000779,172.217.194.0-255,1484,49970,64,237659
25944,0.000782,172.31.40.0-255,66,50036,64,237659
25945,0.000786,172.217.194.0-255,1484,51520,64,237659
25946,0.000819,172.217.194.0-255,1484,53004,64,237659
25947,0.000826,172.217.194.0-255,5738,58742,64,237659
25948,0.000839,172.31.40.0-255,66,58808,64,237659
25949,0.000848,172.31.40.0-255,66,58874,64,237659
25950,0.00085,172.31.40.0-255,66,58940,64,237659
25951,0.000855,172.217.194.0-255,2902,61842,64,237659
25952,0.000857,172.31.40.0-255,66,61908,64,237659
25953,0.00087,172.31.40.0-255,66,61974,64,237659
25954,0.000872,172.217.194.0-255,500,62474,64,237659
25955,0.000992,172.217.194.0-255,1484,63958,64,237659
25956,0.000997,172.31.40.0-255,66,64024,64,237659
25957,0.001002,172.217.194.0-255,2902,66926,64,237659
25958,0.001004,172.31.40.0-255,66,66992,64,237659
25959,0.001064,172.217.194.0-255,5738,72730,64,237659
25960,0.00109,172.31.40.0-255,66,72796,64,237659
25961,0.001098,172.31.40.0-255,66,72862,64,237659
25962,0.001101,172.31.40.0-255,66,72928,64,237659
25963,0.001464,172.217.194.0-255,1484,74412,64,237659
25964,0.001479,172.217.194.0-255,2902,77314,64,237659
25965,0.001483,172.31.40.0-255,66,77380,64,237659
25966,0.001488,172.217.194.0-255,2902,80282,64,237659
25967,0.00149,172.31.40.0-255,66,80348,64,237659
25968,0.001505,172.217.194.0-255,2902,83250,64,237659
25969,0.001507,172.31.40.0-255,66,83316,64,237659
25970,0.001511,172.217.194.0-255,2902,86218,64,237659
25971,0.001513,172.31.40.0-255,66,86284,64,237659
25972,0.001542,172.31.40.0-255,66,86350,64,237659
25973,0.001569,172.31.40.0-255,66,86416,64,237659
25974,0.001592,172.217.194.0-255,2184,88600,64,237659
25975,0.001595,172.31.40.0-255,66,88666,64,237659
25976,0.001624,172.217.194.0-255,1484,90150,64,237659
25977,0.001627,172.217.194.0-255,1484,91634,64,237659
25978,0.001629,172.31.40.0-255,66,91700,64,237659
25979,0.001647,172.217.194.0-255,1484,93184,64,237659
25980,0.001651,172.217.194.0-255,1484,94668,64,237659
25981,0.001653,172.31.40.0-255,66,94734,64,237659
25982,0.001672,172.217.194.0-255,4320,99054,64,237659
25983,0.001681,172.217.194.0-255,7156,106210,64,237659
25984,0.001695,172.217.194.0-255,2902,109112,64,237659
25985,0.001713,172.217.194.0-255,7156,116268,64,237659
25986,0.001715,172.31.40.0-255,66,116334,64,237659
25987,0.001721,172.31.40.0-255,66,116400,64,237659
25988,0.001737,172.217.194.0-255,6438,122838,64,237659
25989,0.001753,172.31.40.0-255,66,122904,64,237659
25990,0.001853,172.217.194.0-255,1484,124388,64,237659
25991,0.001859,172.217.194.0-255,2902,127290,64,237659
25992,0.001862,172.31.40.0-255,66,127356,64,237659
25993,0.001889,172.217.194.0-255,5738,133094,64,237659
25994,0.001895,172.217.194.0-255,4320,137414,64,237659
25995,0.001903,172.31.40.0-255,66,137480,64,237659
25996,0.001936,172.31.40.0-255,66,137546,64,237659
25997,0.001948,172.217.194.0-255,766,138312,64,237659
25998,0.001986,172.217.194.0-255,1484,139796,64,237659
25999,0.002,172.217.194.0-255,4320,144116,64,237659
26000,0.002007,172.31.40.0-255,66,144182,64,237659
26001,0.002022,172.217.194.0-255,7156,151338,64,237659
26002,0.002025,172.217.194.0-255,1484,152822,64,237659
26003,0.002041,172.217.194.0-255,7156,159978,64,237659
26004,0.002056,172.31.40.0-255,66,160044,64,237659
26005,0.002063,172.217.194.0-255,1484,161528,64,237659
26006,0.002103,172.31.40.0-255,66,161594,64,237659
26007,0.002115,172.217.194.0-255,1484,163078,64,237659
26008,0.002129,172.217.194.0-255,2902,165980,64,237659
26009,0.002132,172.217.194.0-255,1484,167464,64,237659
26010,0.002138,172.31.40.0-255,66,167530,64,237659
26011,0.002152,172.217.194.0-255,4320,171850,64,237659
26012,0.002166,172.217.194.0-255,2902,174752,64,237659
26013,0.002173,172.31.40.0-255,66,174818,64,237659
26014,0.002223,172.217.194.0-255,2902,177720,64,237659
26015,0.002263,172.31.40.0-255,66,177786,64,237659
26016,0.002278,172.217.194.0-255,5738,183524,64,237659
26017,0.0023,172.217.194.0-255,5738,189262,64,237659
26018,0.002313,172.31.40.0-255,66,189328,64,237659
26019,0.002342,172.217.194.0-255,4320,193648,64,237659
26020,0.002348,172.217.194.0-255,5738,199386,64,237659
26021,0.002363,172.217.194.0-255,2902,202288,64,237659
26022,0.002373,172.217.194.0-255,766,203054,64,237659
26023,0.002384,172.31.40.0-255,66,203120,64,237659
26024,0.002449,172.217.194.0-255,1484,204604,64,237659
26025,0.002469,172.217.194.0-255,2902,207506,64,237659
26026,0.002477,172.31.40.0-255,66,207572,64,237659
26027,0.002487,172.217.194.0-255,4320,211892,64,237659
26028,0.002492,172.31.40.0-255,66,211958,64,237659
26029,0.002501,172.217.194.0-255,2902,214860,64,237659
26030,0.002523,172.217.194.0-255,5738,220598,64,237659
26031,0.002526,172.217.194.0-255,1484,222082,64,237659
26032,0.002528,172.217.194.0-255,1484,223566,64,237659
26033,0.002537,172.31.40.0-255,66,223632,64,237659
26034,0.00255,172.217.194.0-255,1484,225116,64,237659
26035,0.002566,172.217.194.0-255,4320,229436,64,237659
26036,0.002579,172.31.40.0-255,66,229502,64,237659
26037,0.002596,172.217.194.0-255,1484,230986,64,237659
26038,0.0026,172.217.194.0-255,2902,233888,64,237659
26039,0.002619,172.217.194.0-255,3262,237150,64,237659
26040,0.002628,172.31.40.0-255,66,237216,64,237659
26041,0.002647,172.217.194.0-255,105,237321,64,237659
26042,0.015475,172.31.40.0-255,101,237422,64,237659
26043,0.017728,172.217.194.0-255,66,237488,64,237659
26044,0.020042,172.31.40.0-255,105,237593,64,237659
26045,0.022291,172.217.194.0-255,66,237659,64,237659
26046,0.0,172.217.194.0-255,153,153,64,205395
26047,2.2e-05,172.31.40.0-255,66,219,64,205395
26048,2.9e-05,172.217.194.0-255,1484,1703,64,205395
26049,3.5e-05,172.31.40.0-255,66,1769,64,205395
26050,4e-05,172.217.194.0-255,2902,4671,64,205395
26051,4.4e-05,172.31.40.0-255,66,4737,64,205395
26052,4.9e-05,172.217.194.0-255,4320,9057,64,205395
26053,5.3e-05,172.31.40.0-255,66,9123,64,205395
26054,8.3e-05,172.217.194.0-255,4784,13907,64,205395
26055,8.7e-05,172.31.40.0-255,66,13973,64,205395
26056,0.000124,172.217.194.0-255,1484,15457,64,205395
26057,0.000127,172.31.40.0-255,66,15523,64,205395
26058,0.00013,172.217.194.0-255,1484,17007,64,205395
26059,0.000133,172.31.40.0-255,66,17073,64,205395
26060,0.000147,172.217.194.0-255,1484,18557,64,205395
26061,0.00015,172.31.40.0-255,66,18623,64,205395
26062,0.000157,172.217.194.0-255,5738,24361,64,205395
26063,0.000159,172.31.40.0-255,66,24427,64,205395
26064,0.00018,172.217.194.0-255,4320,28747,64,205395
26065,0.000183,172.31.40.0-255,66,28813,64,205395
26066,0.000198,172.217.194.0-255,5738,34551,64,205395
26067,0.000203,172.31.40.0-255,66,34617,64,205395
26068,0.000222,172.217.194.0-255,6797,41414,64,205395
26069,0.000225,172.31.40.0-255,66,41480,64,205395
26070,0.000239,172.31.40.0-255,66,41546,64,205395
26071,0.000299,172.31.40.0-255,66,41612,64,205395
26072,0.000302,172.217.194.0-255,364,41976,64,205395
26073,0.000304,172.31.40.0-255,66,42042,64,205395
26074,0.000372,172.217.194.0-255,1484,43526,64,205395
26075,0.000376,172.31.40.0-255,66,43592,64,205395
26076,0.000381,172.217.194.0-255,2902,46494,64,205395
26077,0.000383,172.31.40.0-255,66,46560,64,205395
26078,0.00039,172.217.194.0-255,5738,52298,64,205395
26079,0.000393,172.31.40.0-255,66,52364,64,205395
26080,0.000422,172.217.194.0-255,7156,59520,64,205395
26081,0.000425,172.31.40.0-255,66,59586,64,205395
26082,0.000444,172.217.194.0-255,5738,65324,64,205395
26083,0.000447,172.31.40.0-255,66,65390,64,205395
26084,0.00047,172.217.194.0-255,2902,68292,64,205395
26085,0.000473,172.31.40.0-255,66,68358,64,205395
26086,0.000497,172.31.40.0-255,66,68424,64,205395
26087,0.000522,172.217.194.0-255,4320,72744,64,205395
26088,0.000525,172.31.40.0-255,66,72810,64,205395
26089,0.00053,172.217.194.0-255,2902,75712,64,205395
26090,0.000532,172.31.40.0-255,66,75778,64,205395
26091,0.000546,172.217.194.0-255,2902,78680,64,205395
26092,0.000549,172.31.40.0-255,66,78746,64,205395
26093,0.000597,172.31.40.0-255,66,78812,64,205395
26094,0.000618,172.217.194.0-255,7156,85968,64,205395
26095,0.000621,172.31.40.0-255,66,86034,64,205395
26096,0.000627,172.217.194.0-255,5020,91054,64,205395
26097,0.000629,172.31.40.0-255,66,91120,64,205395
26098,0.000676,172.217.194.0-255,1484,92604,64,205395
26099,0.000696,172.217.194.0-255,2902,95506,64,205395
26100,0.000699,172.31.40.0-255,66,95572,64,205395
26101,0.000705,172.217.194.0-255,5738,101310,64,205395
26102,0.000708,172.31.40.0-255,66,101376,64,205395
26103,0.000738,172.31.40.0-255,66,101442,64,205395
26104,0.000741,172.217.194.0-255,1484,102926,64,205395
26105,0.000781,172.217.194.0-255,5738,108664,64,205395
26106,0.000784,172.31.40.0-255,66,108730,64,205395
26107,0.000804,172.217.194.0-255,3602,112332,64,205395
26108,0.000807,172.31.40.0-255,66,112398,64,205395
26109,0.000865,172.217.194.0-255,1484,113882,64,205395
26110,0.000889,172.217.194.0-255,2902,116784,64,205395
26111,0.000898,172.31.40.0-255,66,116850,64,205395
26112,0.000904,172.217.194.0-255,4320,121170,64,205395
26113,0.000907,172.31.40.0-255,66,121236,64,205395
26114,0.000933,172.217.194.0-255,1484,122720,64,205395
26115,0.000949,172.31.40.0-255,66,122786,64,205395
26116,0.000959,172.31.40.0-255,66,122852,64,205395
26117,0.000994,172.217.194.0-255,2902,125754,64,205395
26118,0.000997,172.31.40.0-255,66,125820,64,205395
26119,0.001018,172.31.40.0-255,66,125886,64,205395
26120,0.00103,172.31.40.0-255,66,125952,64,205395
26121,0.001061,172.217.194.0-255,7156,133108,64,205395
26122,0.001064,172.31.40.0-255,66,133174,64,205395
26123,0.00107,172.217.194.0-255,4320,137494,64,205395
26124,0.001072,172.31.40.0-255,66,137560,64,205395
26125,0.001074,172.217.194.0-255,766,138326,64,205395
26126,0.001144,172.217.194.0-255,1484,139810,64,205395
26127,0.001148,172.31.40.0-255,66,139876,64,205395
26128,0.001153,172.217.194.0-255,2902,142778,64,205395
26129,0.001155,172.31.40.0-255,66,142844,64,205395
26130,0.001209,172.217.194.0-255,5738,148582,64,205395
26131,0.001212,172.31.40.0-255,66,148648,64,205395
26132,0.001224,172.217.194.0-255,7156,155804,64,205395
26133,0.001226,172.31.40.0-255,66,155870,64,205395
26134,0.001241,172.31.40.0-255,66,155936,64,205395
26135,0.001245,172.217.194.0-255,2184,158120,64,205395
26136,0.001247,172.31.40.0-255,66,158186,64,205395
26137,0.001275,172.217.194.0-255,2902,161088,64,205395
26138,0.001279,172.31.40.0-255,66,161154,64,205395
26139,0.001283,172.217.194.0-255,2902,164056,64,205395
26140,0.001285,172.31.40.0-255,66,164122,64,205395
26141,0.001298,172.217.194.0-255,4320,168442,64,205395
26142,0.001301,172.31.40.0-255,66,168508,64,205395
26143,0.001319,172.217.194.0-255,2902,171410,64,205395
26144,0.001321,172.31.40.0-255,66,171476,64,205395
26145,0.001363,172.217.194.0-255,5020,176496,64,205395
26146,0.001383,172.31.40.0-255,66,176562,64,205395
26147,0.001386,172.31.40.0-255,66,176628,64,205395
26148,0.001437,172.31.40.0-255,66,176694,64,205395
26149,0.001445,172.31.40.0-255,66,176760,64,205395
26150,0.001458,172.217.194.0-255,1484,178244,64,205395
26151,0.00147,172.217.194.0-255,2902,181146,64,205395
26152,0.001473,172.31.40.0-255,66,181212,64,205395
26153,0.001497,172.217.194.0-255,5738,186950,64,205395
26154,0.0015,172.31.40.0-255,66,187016,64,205395
26155,0.001503,172.217.194.0-255,1484,188500,64,205395
26156,0.001508,172.217.194.0-255,4320,192820,64,205395
26157,0.00151,172.31.40.0-255,66,192886,64,205395
26158,0.001525,172.217.194.0-255,4320,197206,64,205395
26159,0.001529,172.31.40.0-255,66,197272,64,205395
26160,0.001579,172.31.40.0-255,66,197338,64,205395
26161,0.001582,172.217.194.0-255,1484,198822,64,205395
26162,0.00161,172.31.40.0-255,66,198888,64,205395
26163,0.001622,172.31.40.0-255,66,198954,64,205395
26164,0.001646,172.217.194.0-255,2902,201856,64,205395
26165,0.001649,172.31.40.0-255,66,201922,64,205395
26166,0.001653,172.217.194.0-255,2902,204824,64,205395
26167,0.001656,172.31.40.0-255,66,204890,64,205395
26168,0.001685,172.31.40.0-255,66,204956,64,205395
26169,0.001688,172.217.194.0-255,97,205053,64,205395
26170,0.00172,172.217.194.0-255,105,205158,64,205395
26171,0.004491,172.31.40.0-255,66,205224,64,205395
26172,0.004528,172.31.40.0-255,105,205329,64,205395
26173,0.006751,172.217.194.0-255,66,205395,64,205395
26174,0.0,74.125.24.0-255,153,153,64,217542
26175,2.5e-05,172.31.40.0-255,66,219,64,217542
26176,3.3e-05,74.125.24.0-255,1484,1703,64,217542
26177,3.8e-05,172.31.40.0-255,66,1769,64,217542
26178,4.3e-05,74.125.24.0-255,2902,4671,64,217542
26179,4.6e-05,172.31.40.0-255,66,4737,64,217542
26180,5.4e-05,74.125.24.0-255,7156,11893,64,217542
26181,5.7e-05,172.31.40.0-255,66,11959,64,217542
26182,9.9e-05,74.125.24.0-255,2037,13996,64,217542
26183,0.000102,172.31.40.0-255,66,14062,64,217542
26184,0.000465,74.125.24.0-255,1484,15546,64,217542
26185,0.00047,172.31.40.0-255,66,15612,64,217542
26186,0.000478,74.125.24.0-255,2902,18514,64,217542
26187,0.000481,172.31.40.0-255,66,18580,64,217542
26188,0.000487,74.125.24.0-255,2902,21482,64,217542
26189,0.000489,172.31.40.0-255,66,21548,64,217542
26190,0.000512,74.125.24.0-255,2902,24450,64,217542
26191,0.000514,172.31.40.0-255,66,24516,64,217542
26192,0.000553,74.125.24.0-255,6797,31313,64,217542
26193,0.000557,172.31.40.0-255,66,31379,64,217542
26194,0.000607,74.125.24.0-255,7156,38535,64,217542
26195,0.00061,172.31.40.0-255,66,38601,64,217542
26196,0.000637,74.125.24.0-255,2902,41503,64,217542
26197,0.000639,172.31.40.0-255,66,41569,64,217542
26198,0.000667,74.125.24.0-255,6797,48366,64,217542
26199,0.00067,172.31.40.0-255,66,48432,64,217542
26200,0.000723,74.125.24.0-255,2902,51334,64,217542
26201,0.000726,172.31.40.0-255,66,51400,64,217542
26202,0.000756,172.31.40.0-255,66,51466,64,217542
26203,0.000825,74.125.24.0-255,5379,56845,64,217542
26204,0.00083,172.31.40.0-255,66,56911,64,217542
26205,0.000851,74.125.24.0-255,398,57309,64,217542
26206,0.000857,74.125.24.0-255,346,57655,64,217542
26207,0.001091,74.125.24.0-255,1484,59139,64,217542
26208,0.001098,172.31.40.0-255,66,59205,64,217542
26209,0.001104,74.125.24.0-255,2902,62107,64,217542
26210,0.001107,172.31.40.0-255,66,62173,64,217542
26211,0.001113,74.125.24.0-255,5738,67911,64,217542
26212,0.001116,172.31.40.0-255,66,67977,64,217542
26213,0.00116,74.125.24.0-255,2902,70879,64,217542
26214,0.001163,172.31.40.0-255,66,70945,64,217542
26215,0.001181,74.125.24.0-255,5738,76683,64,217542
26216,0.001184,172.31.40.0-255,66,76749,64,217542
26217,0.001228,74.125.24.0-255,1484,78233,64,217542
26218,0.001314,74.125.24.0-255,5020,83253,64,217542
26219,0.001381,74.125.24.0-255,1484,84737,64,217542
26220,0.00142,74.125.24.0-255,4320,89057,64,217542
26221,0.001424,74.125.24.0-255,1484,90541,64,217542
26222,0.001431,74.125.24.0-255,7156,97697,64,217542
26223,0.001453,74.125.24.0-255,1484,99181,64,217542
26224,0.001494,74.125.24.0-255,1484,100665,64,217542
26225,0.00153,74.125.24.0-255,1484,102149,64,217542
26226,0.001594,74.125.24.0-255,2902,105051,64,217542
26227,0.001615,74.125.24.0-255,3602,108653,64,217542
26228,0.001709,74.125.24.0-255,1484,110137,64,217542
26229,0.001712,74.125.24.0-255,1484,111621,64,217542
26230,0.001723,74.125.24.0-255,1484,113105,64,217542
26231,0.001726,74.125.24.0-255,1484,114589,64,217542
26232,0.001746,74.125.24.0-255,4320,118909,64,217542
26233,0.001776,74.125.24.0-255,5738,124647,64,217542
26234,0.001793,74.125.24.0-255,7156,131803,64,217542
26235,0.001886,74.125.24.0-255,4320,136123,64,217542
26236,0.001945,74.125.24.0-255,6438,142561,64,217542
26237,0.003768,172.31.40.0-255,66,142627,64,217542
26238,0.005856,74.125.24.0-255,5738,148365,64,217542
26239,0.005863,172.31.40.0-255,66,148431,64,217542
26240,0.007945,74.125.24.0-255,5738,154169,64,217542
26241,0.007953,172.31.40.0-255,66,154235,64,217542
26242,0.010014,74.125.24.0-255,5738,159973,64,217542
26243,0.010022,172.31.40.0-255,66,160039,64,217542
26244,0.012106,74.125.24.0-255,5738,165777,64,217542
26245,0.012117,172.31.40.0-255,66,165843,64,217542
26246,0.014175,74.125.24.0-255,5738,171581,64,217542
26247,0.014183,172.31.40.0-255,66,171647,64,217542
26248,0.01626,74.125.24.0-255,5738,177385,64,217542
26249,0.016268,172.31.40.0-255,66,177451,64,217542
26250,0.018349,74.125.24.0-255,5738,183189,64,217542
26251,0.018356,172.31.40.0-255,66,183255,64,217542
26252,0.020483,74.125.24.0-255,5738,188993,64,217542
26253,0.020491,172.31.40.0-255,66,189059,64,217542
26254,0.02256,74.125.24.0-255,5738,194797,64,217542
26255,0.022568,172.31.40.0-255,66,194863,64,217542
26256,0.023597,172.31.40.0-255,167,195030,64,217542
26257,0.023633,172.31.40.0-255,1112,196142,64,217542
26258,0.02369,172.31.40.0-255,1514,197656,64,217542
26259,0.023691,172.31.40.0-255,1514,199170,64,217542
26260,0.02372,172.31.40.0-255,696,199866,64,217542
26261,0.024636,74.125.24.0-255,5738,205604,64,217542
26262,0.024643,172.31.40.0-255,66,205670,64,217542
26263,0.025122,104.244.42.0-255,66,205736,64,217542
26264,0.025191,104.244.42.0-255,66,205802,64,217542
26265,0.025195,104.244.42.0-255,66,205868,64,217542
26266,0.025213,104.244.42.0-255,66,205934,64,217542
26267,0.026703,74.125.24.0-255,5738,211672,64,217542
26268,0.02671,172.31.40.0-255,66,211738,64,217542
26269,0.028794,74.125.24.0-255,5738,217476,64,217542
26270,0.028801,172.31.40.0-255,66,217542,64,217542
26271,0.0,172.217.194.0-255,153,153,64,237111
26272,2.6e-05,172.31.40.0-255,66,219,64,237111
26273,3.4e-05,172.217.194.0-255,1484,1703,64,237111
26274,3.8e-05,172.31.40.0-255,66,1769,64,237111
26275,4.3e-05,172.217.194.0-255,2902,4671,64,237111
26276,4.6e-05,172.31.40.0-255,66,4737,64,237111
26277,5.3e-05,172.217.194.0-255,7156,11893,64,237111
26278,6.4e-05,172.31.40.0-255,66,11959,64,237111
26279,6.8e-05,172.217.194.0-255,2038,13997,64,237111
26280,7.1e-05,172.31.40.0-255,66,14063,64,237111
26281,0.000129,172.217.194.0-255,1484,15547,64,237111
26282,0.000132,172.31.40.0-255,66,15613,64,237111
26283,0.000138,172.217.194.0-255,2902,18515,64,237111
26284,0.00014,172.31.40.0-255,66,18581,64,237111
26285,0.000145,172.217.194.0-255,4320,22901,64,237111
26286,0.000153,172.31.40.0-255,66,22967,64,237111
26287,0.00019,172.217.194.0-255,1484,24451,64,237111
26288,0.000193,172.31.40.0-255,66,24517,64,237111
26289,0.0002,172.217.194.0-255,6797,31314,64,237111
26290,0.000203,172.31.40.0-255,66,31380,64,237111
26291,0.000401,172.217.194.0-255,1484,32864,64,237111
26292,0.000406,172.31.40.0-255,66,32930,64,237111
26293,0.000412,172.217.194.0-255,2902,35832,64,237111
26294,0.000414,172.31.40.0-255,66,35898,64,237111
26295,0.000419,172.217.194.0-255,4320,40218,64,237111
26296,0.000428,172.31.40.0-255,66,40284,64,237111
26297,0.000472,172.217.194.0-255,5738,46022,64,237111
26298,0.000476,172.31.40.0-255,66,46088,64,237111
26299,0.000507,172.217.194.0-255,3961,50049,64,237111
26300,0.000511,172.31.40.0-255,66,50115,64,237111
26301,0.000521,172.31.40.0-255,66,50181,64,237111
26302,0.000535,172.217.194.0-255,6797,56978,64,237111
26303,0.000538,172.31.40.0-255,66,57044,64,237111
26304,0.000641,172.217.194.0-255,378,57422,64,237111
26305,0.000785,172.31.40.0-255,66,57488,64,237111
26306,0.000796,172.217.194.0-255,365,57853,64,237111
26307,0.000803,172.31.40.0-255,66,57919,64,237111
26308,0.000964,172.217.194.0-255,1484,59403,64,237111
26309,0.000974,172.217.194.0-255,2902,62305,64,237111
26310,0.000978,172.31.40.0-255,66,62371,64,237111
26311,0.000986,172.217.194.0-255,5738,68109,64,237111
26312,0.000989,172.31.40.0-255,66,68175,64,237111
26313,0.000999,172.217.194.0-255,1484,69659,64,237111
26314,0.001031,172.217.194.0-255,7156,76815,64,237111
26315,0.001035,172.31.40.0-255,66,76881,64,237111
26316,0.001068,172.31.40.0-255,66,76947,64,237111
26317,0.001094,172.217.194.0-255,3602,80549,64,237111
26318,0.001097,172.31.40.0-255,66,80615,64,237111
26319,0.0014,172.217.194.0-255,1484,82099,64,237111
26320,0.001406,172.217.194.0-255,2902,85001,64,237111
26321,0.001409,172.31.40.0-255,66,85067,64,237111
26322,0.001413,172.217.194.0-255,1484,86551,64,237111
26323,0.001441,172.217.194.0-255,4320,90871,64,237111
26324,0.001444,172.31.40.0-255,66,90937,64,237111
26325,0.001457,172.31.40.0-255,66,91003,64,237111
26326,0.001477,172.217.194.0-255,1484,92487,64,237111
26327,0.001489,172.31.40.0-255,66,92553,64,237111
26328,0.001523,172.31.40.0-255,66,92619,64,237111
26329,0.001528,172.217.194.0-255,2902,95521,64,237111
26330,0.00153,172.31.40.0-255,66,95587,64,237111
26331,0.001561,172.31.40.0-255,66,95653,64,237111
26332,0.001563,172.217.194.0-255,766,96419,64,237111
26333,0.001612,172.217.194.0-255,1484,97903,64,237111
26334,0.001614,172.31.40.0-255,66,97969,64,237111
26335,0.001618,172.217.194.0-255,2902,100871,64,237111
26336,0.00162,172.31.40.0-255,66,100937,64,237111
26337,0.001646,172.217.194.0-255,5738,106675,64,237111
26338,0.001648,172.31.40.0-255,66,106741,64,237111
26339,0.001653,172.217.194.0-255,4320,111061,64,237111
26340,0.001655,172.31.40.0-255,66,111127,64,237111
26341,0.001694,172.31.40.0-255,66,111193,64,237111
26342,0.001697,172.217.194.0-255,1484,112677,64,237111
26343,0.001715,172.217.194.0-255,1484,114161,64,237111
26344,0.001717,172.31.40.0-255,66,114227,64,237111
26345,0.001744,172.31.40.0-255,66,114293,64,237111
26346,0.00188,172.217.194.0-255,1484,115777,64,237111
26347,0.001884,172.217.194.0-255,1484,117261,64,237111
26348,0.001886,172.31.40.0-255,66,117327,64,237111
26349,0.001918,172.217.194.0-255,1484,118811,64,237111
26350,0.001923,172.217.194.0-255,5738,124549,64,237111
26351,0.001925,172.31.40.0-255,66,124615,64,237111
26352,0.001964,172.217.194.0-255,4320,128935,64,237111
26353,0.001966,172.31.40.0-255,66,129001,64,237111
26354,0.001986,172.31.40.0-255,66,129067,64,237111
26355,0.001996,172.31.40.0-255,66,129133,64,237111
26356,0.002018,172.217.194.0-255,1484,130617,64,237111
26357,0.002022,172.217.194.0-255,2902,133519,64,237111
26358,0.002023,172.31.40.0-255,66,133585,64,237111
26359,0.002028,172.217.194.0-255,4320,137905,64,237111
26360,0.00203,172.31.40.0-255,66,137971,64,237111
26361,0.002061,172.217.194.0-255,1484,139455,64,237111
26362,0.002076,172.31.40.0-255,66,139521,64,237111
26363,0.002086,172.31.40.0-255,66,139587,64,237111
26364,0.002127,172.217.194.0-255,1484,141071,64,237111
26365,0.002145,172.217.194.0-255,2902,143973,64,237111
26366,0.002147,172.31.40.0-255,66,144039,64,237111
26367,0.00215,172.217.194.0-255,1484,145523,64,237111
26368,0.002174,172.217.194.0-255,4320,149843,64,237111
26369,0.002176,172.31.40.0-255,66,149909,64,237111
26370,0.002184,172.31.40.0-255,66,149975,64,237111
26371,0.002224,172.217.194.0-255,4320,154295,64,237111
26372,0.002226,172.31.40.0-255,66,154361,64,237111
26373,0.002249,172.31.40.0-255,66,154427,64,237111
26374,0.002275,172.31.40.0-255,66,154493,64,237111
26375,0.002293,172.217.194.0-255,5738,160231,64,237111
26376,0.002294,172.31.40.0-255,66,160297,64,237111
26377,0.004511,172.217.194.0-255,5738,166035,64,237111
26378,0.004515,172.31.40.0-255,66,166101,64,237111
26379,0.006748,172.217.194.0-255,5738,171839,64,237111
26380,0.006754,172.31.40.0-255,66,171905,64,237111
26381,0.008992,172.217.194.0-255,5738,177643,64,237111
26382,0.008997,172.31.40.0-255,66,177709,64,237111
26383,0.011201,172.217.194.0-255,5738,183447,64,237111
26384,0.011207,172.31.40.0-255,66,183513,64,237111
26385,0.013442,172.217.194.0-255,5738,189251,64,237111
26386,0.01345,172.31.40.0-255,66,189317,64,237111
26387,0.01567,172.217.194.0-255,5738,195055,64,237111
26388,0.015681,172.31.40.0-255,66,195121,64,237111
26389,0.017886,172.217.194.0-255,5738,200859,64,237111
26390,0.017893,172.31.40.0-255,66,200925,64,237111
26391,0.020125,172.217.194.0-255,5738,206663,64,237111
26392,0.020133,172.31.40.0-255,66,206729,64,237111
26393,0.022373,172.217.194.0-255,5738,212467,64,237111
26394,0.02238,172.31.40.0-255,66,212533,64,237111
26395,0.024625,172.217.194.0-255,5738,218271,64,237111
26396,0.024633,172.31.40.0-255,66,218337,64,237111
26397,0.026857,172.217.194.0-255,5738,224075,64,237111
26398,0.026862,172.31.40.0-255,66,224141,64,237111
26399,0.027619,172.31.40.0-255,171,224312,64,237111
26400,0.027658,172.31.40.0-255,1136,225448,64,237111
26401,0.02773,172.31.40.0-255,1514,226962,64,237111
26402,0.027732,172.31.40.0-255,1514,228476,64,237111
26403,0.027736,172.31.40.0-255,1514,229990,64,237111
26404,0.027737,172.31.40.0-255,1053,231043,64,237111
26405,0.029082,172.217.194.0-255,5738,236781,64,237111
26406,0.029088,172.31.40.0-255,66,236847,64,237111
26407,0.029174,104.244.42.0-255,66,236913,64,237111
26408,0.02918,104.244.42.0-255,66,236979,64,237111
26409,0.029282,104.244.42.0-255,66,237045,64,237111
26410,0.029287,104.244.42.0-255,66,237111,64,237111
26411,0.0,74.125.24.0-255,150,150,64,229188
26412,2.3e-05,172.31.40.0-255,66,216,64,229188
26413,3e-05,74.125.24.0-255,1484,1700,64,229188
26414,3.5e-05,172.31.40.0-255,66,1766,64,229188
26415,4e-05,74.125.24.0-255,2902,4668,64,229188
26416,4.3e-05,172.31.40.0-255,66,4734,64,229188
26417,5.1e-05,74.125.24.0-255,7156,11890,64,229188
26418,5.6e-05,172.31.40.0-255,66,11956,64,229188
26419,6e-05,74.125.24.0-255,2152,14108,64,229188
26420,6.2e-05,172.31.40.0-255,66,14174,64,229188
26421,8.8e-05,74.125.24.0-255,2902,17076,64,229188
26422,9.1e-05,172.31.40.0-255,66,17142,64,229188
26423,9.8e-05,74.125.24.0-255,7156,24298,64,229188
26424,0.000101,172.31.40.0-255,66,24364,64,229188
26425,0.000144,74.125.24.0-255,6797,31161,64,229188
26426,0.000147,172.31.40.0-255,66,31227,64,229188
26427,0.000301,74.125.24.0-255,1484,32711,64,229188
26428,0.000306,172.31.40.0-255,66,32777,64,229188
26429,0.000312,74.125.24.0-255,2902,35679,64,229188
26430,0.000314,172.31.40.0-255,66,35745,64,229188
26431,0.000321,74.125.24.0-255,4320,40065,64,229188
26432,0.000323,172.31.40.0-255,66,40131,64,229188
26433,0.000373,172.31.40.0-255,66,40197,64,229188
26434,0.000404,74.125.24.0-255,4320,44517,64,229188
26435,0.000407,172.31.40.0-255,66,44583,64,229188
26436,0.00043,74.125.24.0-255,5738,50321,64,229188
26437,0.000433,172.31.40.0-255,66,50387,64,229188
26438,0.000439,74.125.24.0-255,5653,56040,64,229188
26439,0.000441,172.31.40.0-255,66,56106,64,229188
26440,0.000443,74.125.24.0-255,132,56238,64,229188
26441,0.000446,172.31.40.0-255,66,56304,64,229188
26442,0.000592,74.125.24.0-255,1484,57788,64,229188
26443,0.000599,74.125.24.0-255,2902,60690,64,229188
26444,0.000603,172.31.40.0-255,66,60756,64,229188
26445,0.000626,74.125.24.0-255,5738,66494,64,229188
26446,0.000629,172.31.40.0-255,66,66560,64,229188
26447,0.000633,74.125.24.0-255,2902,69462,64,229188
26448,0.000634,172.31.40.0-255,66,69528,64,229188
26449,0.000664,74.125.24.0-255,2902,72430,64,229188
26450,0.000667,172.31.40.0-255,66,72496,64,229188
26451,0.000695,172.31.40.0-255,66,72562,64,229188
26452,0.000703,74.125.24.0-255,7156,79718,64,229188
26453,0.000705,172.31.40.0-255,66,79784,64,229188
26454,0.000727,74.125.24.0-255,2543,82327,64,229188
26455,0.00073,172.31.40.0-255,66,82393,64,229188
26456,0.000752,74.125.24.0-255,345,82738,64,229188
26457,0.000915,74.125.24.0-255,1484,84222,64,229188
26458,0.000919,172.31.40.0-255,66,84288,64,229188
26459,0.000924,74.125.24.0-255,2902,87190,64,229188
26460,0.000926,172.31.40.0-255,66,87256,64,229188
26461,0.000929,74.125.24.0-255,1484,88740,64,229188
26462,0.000947,74.125.24.0-255,4320,93060,64,229188
26463,0.00095,172.31.40.0-255,66,93126,64,229188
26464,0.000953,74.125.24.0-255,1484,94610,64,229188
26465,0.000971,74.125.24.0-255,7156,101766,64,229188
26466,0.000975,172.31.40.0-255,66,101832,64,229188
26467,0.000985,74.125.24.0-255,4320,106152,64,229188
26468,0.000987,172.31.40.0-255,66,106218,64,229188
26469,0.000992,74.125.24.0-255,4320,110538,64,229188
26470,0.000994,172.31.40.0-255,66,110604,64,229188
26471,0.001027,74.125.24.0-255,6438,117042,64,229188
26472,0.00103,172.31.40.0-255,66,117108,64,229188
26473,0.001195,74.125.24.0-255,1484,118592,64,229188
26474,0.001212,74.125.24.0-255,2902,121494,64,229188
26475,0.001216,172.31.40.0-255,66,121560,64,229188
26476,0.001223,74.125.24.0-255,5738,127298,64,229188
26477,0.001225,172.31.40.0-255,66,127364,64,229188
26478,0.00123,74.125.24.0-255,2902,130266,64,229188
26479,0.001232,172.31.40.0-255,66,130332,64,229188
26480,0.001256,74.125.24.0-255,1484,131816,64,229188
26481,0.001263,74.125.24.0-255,5738,137554,64,229188
26482,0.001265,172.31.40.0-255,66,137620,64,229188
26483,0.001279,172.31.40.0-255,66,137686,64,229188
26484,0.001282,74.125.24.0-255,1484,139170,64,229188
26485,0.00132,172.31.40.0-255,66,139236,64,229188
26486,0.001331,172.31.40.0-255,66,139302,64,229188
26487,0.001335,74.125.24.0-255,1484,140786,64,229188
26488,0.001379,172.31.40.0-255,66,140852,64,229188
26489,0.001417,74.125.24.0-255,2902,143754,64,229188
26490,0.00142,172.31.40.0-255,66,143820,64,229188
26491,0.001445,74.125.24.0-255,4320,148140,64,229188
26492,0.001448,172.31.40.0-255,66,148206,64,229188
26493,0.001454,74.125.24.0-255,4320,152526,64,229188
26494,0.001457,172.31.40.0-255,66,152592,64,229188
26495,0.001463,74.125.24.0-255,5738,158330,64,229188
26496,0.001465,172.31.40.0-255,66,158396,64,229188
26497,0.001477,172.31.40.0-255,66,158462,64,229188
26498,0.001507,74.125.24.0-255,1484,159946,64,229188
26499,0.001515,74.125.24.0-255,5020,164966,64,229188
26500,0.001517,172.31.40.0-255,66,165032,64,229188
26501,0.001524,74.125.24.0-255,5738,170770,64,229188
26502,0.001527,172.31.40.0-255,66,170836,64,229188
26503,0.001565,172.31.40.0-255,66,170902,64,229188
26504,0.001582,172.31.40.0-255,66,170968,64,229188
26505,0.001604,74.125.24.0-255,7156,178124,64,229188
26506,0.001607,172.31.40.0-255,66,178190,64,229188
26507,0.00161,74.125.24.0-255,766,178956,64,229188
26508,0.001716,74.125.24.0-255,1484,180440,64,229188
26509,0.00172,172.31.40.0-255,66,180506,64,229188
26510,0.001725,74.125.24.0-255,2902,183408,64,229188
26511,0.001727,172.31.40.0-255,66,183474,64,229188
26512,0.00173,74.125.24.0-255,1484,184958,64,229188
26513,0.00175,74.125.24.0-255,4320,189278,64,229188
26514,0.001756,74.125.24.0-255,5738,195016,64,229188
26515,0.001761,172.31.40.0-255,66,195082,64,229188
26516,0.001768,172.31.40.0-255,66,195148,64,229188
26517,0.001774,74.125.24.0-255,4320,199468,64,229188
26518,0.001776,172.31.40.0-255,66,199534,64,229188
26519,0.001802,172.31.40.0-255,66,199600,64,229188
26520,0.001808,74.125.24.0-255,5020,204620,64,229188
26521,0.00181,172.31.40.0-255,66,204686,64,229188
26522,0.001853,74.125.24.0-255,1484,206170,64,229188
26523,0.001864,74.125.24.0-255,2902,209072,64,229188
26524,0.001867,172.31.40.0-255,66,209138,64,229188
26525,0.001892,74.125.24.0-255,5738,214876,64,229188
26526,0.001895,172.31.40.0-255,66,214942,64,229188
26527,0.001898,74.125.24.0-255,1484,216426,64,229188
26528,0.001919,172.31.40.0-255,66,216492,64,229188
26529,0.001922,74.125.24.0-255,1484,217976,64,229188
26530,0.001948,172.31.40.0-255,66,218042,64,229188
26531,0.001958,172.31.40.0-255,66,218108,64,229188
26532,0.002019,74.125.24.0-255,6438,224546,64,229188
26533,0.002033,172.31.40.0-255,66,224612,64,229188
26534,0.002079,172.31.40.0-255,66,224678,64,229188
26535,0.00214,172.31.40.0-255,66,224744,64,229188
26536,0.002173,172.31.40.0-255,66,224810,64,229188
26537,0.002337,74.125.24.0-255,1484,226294,64,229188
26538,0.004483,74.125.24.0-255,2657,228951,64,229188
26539,0.004496,172.31.40.0-255,66,229017,64,229188
26540,0.013306,172.31.40.0-255,105,229122,64,229188
26541,0.015574,74.125.24.0-255,66,229188,64,229188
26542,0.0,74.125.24.0-255,153,153,64,140424
26543,1.8e-05,172.31.40.0-255,66,219,64,140424
26544,2.6e-05,74.125.24.0-255,1484,1703,64,140424
26545,3e-05,172.31.40.0-255,66,1769,64,140424
26546,3.5e-05,74.125.24.0-255,2902,4671,64,140424
26547,4.5e-05,172.31.40.0-255,66,4737,64,140424
26548,0.000104,74.125.24.0-255,5738,10475,64,140424
26549,0.000107,172.31.40.0-255,66,10541,64,140424
26550,0.000132,74.125.24.0-255,1484,12025,64,140424
26551,0.000135,172.31.40.0-255,66,12091,64,140424
26552,0.00028,74.125.24.0-255,2030,14121,64,140424
26553,0.000284,172.31.40.0-255,66,14187,64,140424
26554,0.000334,74.125.24.0-255,1484,15671,64,140424
26555,0.000338,172.31.40.0-255,66,15737,64,140424
26556,0.000365,74.125.24.0-255,1484,17221,64,140424
26557,0.000367,172.31.40.0-255,66,17287,64,140424
26558,0.000407,74.125.24.0-255,1484,18771,64,140424
26559,0.00041,172.31.40.0-255,66,18837,64,140424
26560,0.000441,74.125.24.0-255,5738,24575,64,140424
26561,0.000444,172.31.40.0-255,66,24641,64,140424
26562,0.00059,74.125.24.0-255,6797,31438,64,140424
26563,0.000595,172.31.40.0-255,66,31504,64,140424
26564,0.000764,74.125.24.0-255,2902,34406,64,140424
26565,0.000769,172.31.40.0-255,66,34472,64,140424
26566,0.000795,74.125.24.0-255,7156,41628,64,140424
26567,0.000797,172.31.40.0-255,66,41694,64,140424
26568,0.001034,74.125.24.0-255,7156,48850,64,140424
26569,0.00104,172.31.40.0-255,66,48916,64,140424
26570,0.001081,172.31.40.0-255,66,48982,64,140424
26571,0.001499,74.125.24.0-255,4320,53302,64,140424
26572,0.001506,172.31.40.0-255,66,53368,64,140424
26573,0.001534,74.125.24.0-255,1735,55103,64,140424
26574,0.001656,74.125.24.0-255,5738,60841,64,140424
26575,0.002341,74.125.24.0-255,4320,65161,64,140424
26576,0.002362,74.125.24.0-255,2543,67704,64,140424
26577,0.00251,74.125.24.0-255,5738,73442,64,140424
26578,0.003252,172.31.40.0-255,66,73508,64,140424
26579,0.003371,74.125.24.0-255,5738,79246,64,140424
26580,0.003384,172.31.40.0-255,66,79312,64,140424
26581,0.003448,172.31.40.0-255,66,79378,64,140424
26582,0.00348,172.31.40.0-255,66,79444,64,140424
26583,0.005841,74.125.24.0-255,4320,83764,64,140424
26584,0.005846,172.31.40.0-255,66,83830,64,140424
26585,0.005865,74.125.24.0-255,1484,85314,64,140424
26586,0.008212,74.125.24.0-255,4320,89634,64,140424
26587,0.008335,172.31.40.0-255,66,89700,64,140424
26588,0.010719,74.125.24.0-255,5738,95438,64,140424
26589,0.010727,172.31.40.0-255,66,95504,64,140424
26590,0.013154,74.125.24.0-255,5738,101242,64,140424
26591,0.013163,172.31.40.0-255,66,101308,64,140424
26592,0.01555,74.125.24.0-255,5738,107046,64,140424
26593,0.016814,172.31.40.0-255,66,107112,64,140424
26594,0.019188,74.125.24.0-255,5738,112850,64,140424
26595,0.019198,172.31.40.0-255,66,112916,64,140424
26596,0.021598,74.125.24.0-255,5738,118654,64,140424
26597,0.021605,172.31.40.0-255,66,118720,64,140424
26598,0.023996,74.125.24.0-255,5738,124458,64,140424
26599,0.024004,172.31.40.0-255,66,124524,64,140424
26600,0.026368,74.125.24.0-255,5738,130262,64,140424
26601,0.026374,172.31.40.0-255,66,130328,64,140424
26602,0.027223,172.31.40.0-255,172,130500,64,140424
26603,0.027271,172.31.40.0-255,1112,131612,64,140424
26604,0.02733,172.31.40.0-255,1514,133126,64,140424
26605,0.027332,172.31.40.0-255,1296,134422,64,140424
26606,0.028751,74.125.24.0-255,5738,140160,64,140424
26607,0.028759,172.31.40.0-255,66,140226,64,140424
26608,0.028777,104.244.42.0-255,66,140292,64,140424
26609,0.028944,104.244.42.0-255,66,140358,64,140424
26610,0.028991,104.244.42.0-255,66,140424,64,140424
26611,0.0,74.125.24.0-255,153,153,64,160728
26612,2.1e-05,172.31.40.0-255,66,219,64,160728
26613,2.7e-05,74.125.24.0-255,1484,1703,64,160728
26614,3.2e-05,172.31.40.0-255,66,1769,64,160728
26615,3.8e-05,74.125.24.0-255,2902,4671,64,160728
26616,4.1e-05,172.31.40.0-255,66,4737,64,160728
26617,4.9e-05,74.125.24.0-255,7156,11893,64,160728
26618,5.2e-05,172.31.40.0-255,66,11959,64,160728
26619,7.8e-05,74.125.24.0-255,1929,13888,64,160728
26620,8.1e-05,172.31.40.0-255,66,13954,64,160728
26621,0.000185,74.125.24.0-255,1484,15438,64,160728
26622,0.000189,172.31.40.0-255,66,15504,64,160728
26623,0.000194,74.125.24.0-255,2902,18406,64,160728
26624,0.000197,172.31.40.0-255,66,18472,64,160728
26625,0.000212,74.125.24.0-255,5738,24210,64,160728
26626,0.000215,172.31.40.0-255,66,24276,64,160728
26627,0.000243,74.125.24.0-255,6797,31073,64,160728
26628,0.000246,172.31.40.0-255,66,31139,64,160728
26629,0.00042,74.125.24.0-255,1484,32623,64,160728
26630,0.000425,172.31.40.0-255,66,32689,64,160728
26631,0.00043,74.125.24.0-255,2902,35591,64,160728
26632,0.000433,172.31.40.0-255,66,35657,64,160728
26633,0.00044,74.125.24.0-255,5738,41395,64,160728
26634,0.000442,172.31.40.0-255,66,41461,64,160728
26635,0.000483,74.125.24.0-255,6797,48258,64,160728
26636,0.000486,172.31.40.0-255,66,48324,64,160728
26637,0.000512,74.125.24.0-255,7156,55480,64,160728
26638,0.000515,172.31.40.0-255,66,55546,64,160728
26639,0.000547,172.31.40.0-255,66,55612,64,160728
26640,0.000723,74.125.24.0-255,347,55959,64,160728
26641,0.000727,172.31.40.0-255,66,56025,64,160728
26642,0.000893,74.125.24.0-255,1484,57509,64,160728
26643,0.000916,74.125.24.0-255,2902,60411,64,160728
26644,0.000919,172.31.40.0-255,66,60477,64,160728
26645,0.000926,74.125.24.0-255,5738,66215,64,160728
26646,0.000942,74.125.24.0-255,6797,73012,64,160728
26647,0.000958,172.31.40.0-255,66,73078,64,160728
26648,0.000987,74.125.24.0-255,1484,74562,64,160728
26649,0.001007,74.125.24.0-255,2902,77464,64,160728
26650,0.001013,74.125.24.0-255,5738,83202,64,160728
26651,0.001042,74.125.24.0-255,6797,89999,64,160728
26652,0.001055,172.31.40.0-255,66,90065,64,160728
26653,0.002115,74.125.24.0-255,1484,91549,64,160728
26654,0.002127,74.125.24.0-255,2902,94451,64,160728
26655,0.002131,172.31.40.0-255,66,94517,64,160728
26656,0.00214,74.125.24.0-255,5738,100255,64,160728
26657,0.002144,74.125.24.0-255,2902,103157,64,160728
26658,0.007131,172.31.40.0-255,66,103223,64,160728
26659,0.009373,74.125.24.0-255,5738,108961,64,160728
26660,0.009381,172.31.40.0-255,66,109027,64,160728
26661,0.01163,74.125.24.0-255,5738,114765,64,160728
26662,0.011637,172.31.40.0-255,66,114831,64,160728
26663,0.013907,74.125.24.0-255,5738,120569,64,160728
26664,0.014341,172.31.40.0-255,66,120635,64,160728
26665,0.016587,74.125.24.0-255,5738,126373,64,160728
26666,0.016594,172.31.40.0-255,66,126439,64,160728
26667,0.018824,74.125.24.0-255,5738,132177,64,160728
26668,0.018831,172.31.40.0-255,66,132243,64,160728
26669,0.021086,74.125.24.0-255,5738,137981,64,160728
26670,0.021092,172.31.40.0-255,66,138047,64,160728
26671,0.023339,74.125.24.0-255,5738,143785,64,160728
26672,0.023347,172.31.40.0-255,66,143851,64,160728
26673,0.025597,74.125.24.0-255,5738,149589,64,160728
26674,0.025603,172.31.40.0-255,66,149655,64,160728
26675,0.027443,172.31.40.0-255,167,149822,64,160728
26676,0.027474,172.31.40.0-255,1111,150933,64,160728
26677,0.027534,172.31.40.0-255,1514,152447,64,160728
26678,0.027536,172.31.40.0-255,1514,153961,64,160728
26679,0.027559,172.31.40.0-255,699,154660,64,160728
26680,0.027862,74.125.24.0-255,5738,160398,64,160728
26681,0.027869,172.31.40.0-255,66,160464,64,160728
26682,0.028971,104.244.42.0-255,66,160530,64,160728
26683,0.029009,104.244.42.0-255,66,160596,64,160728
26684,0.029045,104.244.42.0-255,66,160662,64,160728
26685,0.029059,104.244.42.0-255,66,160728,64,160728
26686,0.0,74.125.68.0-255,151,151,64,201380
26687,2.2e-05,172.31.40.0-255,66,217,64,201380
26688,2.9e-05,74.125.68.0-255,1484,1701,64,201380
26689,3.4e-05,172.31.40.0-255,66,1767,64,201380
26690,4e-05,74.125.68.0-255,2902,4669,64,201380
26691,5.1e-05,172.31.40.0-255,66,4735,64,201380
26692,5.8e-05,74.125.68.0-255,5738,10473,64,201380
26693,6.1e-05,172.31.40.0-255,66,10539,64,201380
26694,9.9e-05,74.125.68.0-255,3447,13986,64,201380
26695,0.000101,172.31.40.0-255,66,14052,64,201380
26696,0.000246,74.125.68.0-255,1484,15536,64,201380
26697,0.000251,172.31.40.0-255,66,15602,64,201380
26698,0.000256,74.125.68.0-255,2902,18504,64,201380
26699,0.000258,172.31.40.0-255,66,18570,64,201380
26700,0.00028,74.125.68.0-255,5738,24308,64,201380
26701,0.000283,172.31.40.0-255,66,24374,64,201380
26702,0.000327,74.125.68.0-255,6797,31171,64,201380
26703,0.00033,172.31.40.0-255,66,31237,64,201380
26704,0.000454,74.125.68.0-255,1484,32721,64,201380
26705,0.000458,172.31.40.0-255,66,32787,64,201380
26706,0.000462,74.125.68.0-255,1484,34271,64,201380
26707,0.000463,172.31.40.0-255,66,34337,64,201380
26708,0.000484,74.125.68.0-255,1484,35821,64,201380
26709,0.00049,172.31.40.0-255,66,35887,64,201380
26710,0.000493,74.125.68.0-255,1484,37371,64,201380
26711,0.000495,172.31.40.0-255,66,37437,64,201380
26712,0.000529,74.125.68.0-255,2902,40339,64,201380
26713,0.000535,74.125.68.0-255,5738,46077,64,201380
26714,0.000538,74.125.68.0-255,2543,48620,64,201380
26715,0.000542,74.125.68.0-255,2902,51522,64,201380
26716,0.000547,172.31.40.0-255,66,51588,64,201380
26717,0.00055,172.31.40.0-255,66,51654,64,201380
26718,0.000552,172.31.40.0-255,66,51720,64,201380
26719,0.000555,172.31.40.0-255,66,51786,64,201380
26720,0.000579,74.125.68.0-255,7156,58942,64,201380
26721,0.000582,172.31.40.0-255,66,59008,64,201380
26722,0.000589,74.125.68.0-255,7104,66112,64,201380
26723,0.000591,172.31.40.0-255,66,66178,64,201380
26724,0.000998,74.125.68.0-255,113,66291,64,201380
26725,0.001125,172.31.40.0-255,66,66357,64,201380
26726,0.001143,74.125.68.0-255,1484,67841,64,201380
26727,0.001148,74.125.68.0-255,2902,70743,64,201380
26728,0.001151,172.31.40.0-255,66,70809,64,201380
26729,0.001158,74.125.68.0-255,5738,76547,64,201380
26730,0.001161,172.31.40.0-255,66,76613,64,201380
26731,0.001167,74.125.68.0-255,5738,82351,64,201380
26732,0.001169,172.31.40.0-255,66,82417,64,201380
26733,0.001193,74.125.68.0-255,1484,83901,64,201380
26734,0.001201,74.125.68.0-255,7156,91057,64,201380
26735,0.001203,172.31.40.0-255,66,91123,64,201380
26736,0.00125,172.31.40.0-255,66,91189,64,201380
26737,0.001275,74.125.68.0-255,766,91955,64,201380
26738,0.001313,74.125.68.0-255,331,92286,64,201380
26739,0.001526,172.31.40.0-255,66,92352,64,201380
26740,0.001724,74.125.68.0-255,1484,93836,64,201380
26741,0.001772,74.125.68.0-255,2902,96738,64,201380
26742,0.001776,172.31.40.0-255,66,96804,64,201380
26743,0.001783,74.125.68.0-255,4320,101124,64,201380
26744,0.001785,172.31.40.0-255,66,101190,64,201380
26745,0.001797,74.125.68.0-255,7156,108346,64,201380
26746,0.001799,172.31.40.0-255,66,108412,64,201380
26747,0.001829,74.125.68.0-255,1484,109896,64,201380
26748,0.001835,74.125.68.0-255,4320,114216,64,201380
26749,0.001838,172.31.40.0-255,66,114282,64,201380
26750,0.001862,74.125.68.0-255,2902,117184,64,201380
26751,0.001864,172.31.40.0-255,66,117250,64,201380
26752,0.0019,172.31.40.0-255,66,117316,64,201380
26753,0.003891,74.125.68.0-255,5738,123054,64,201380
26754,0.003898,172.31.40.0-255,66,123120,64,201380
26755,0.005897,74.125.68.0-255,4320,127440,64,201380
26756,0.005903,172.31.40.0-255,66,127506,64,201380
26757,0.00593,74.125.68.0-255,1484,128990,64,201380
26758,0.007886,74.125.68.0-255,4320,133310,64,201380
26759,0.00789,172.31.40.0-255,66,133376,64,201380
26760,0.009883,74.125.68.0-255,5738,139114,64,201380
26761,0.009889,172.31.40.0-255,66,139180,64,201380
26762,0.011884,74.125.68.0-255,5738,144918,64,201380
26763,0.011891,172.31.40.0-255,66,144984,64,201380
26764,0.013892,74.125.68.0-255,5738,150722,64,201380
26765,0.013899,172.31.40.0-255,66,150788,64,201380
26766,0.015889,74.125.68.0-255,5738,156526,64,201380
26767,0.015897,172.31.40.0-255,66,156592,64,201380
26768,0.01789,74.125.68.0-255,5738,162330,64,201380
26769,0.017898,172.31.40.0-255,66,162396,64,201380
26770,0.019896,74.125.68.0-255,5738,168134,64,201380
26771,0.019903,172.31.40.0-255,66,168200,64,201380
26772,0.021898,74.125.68.0-255,5738,173938,64,201380
26773,0.021906,172.31.40.0-255,66,174004,64,201380
26774,0.023906,74.125.68.0-255,5738,179742,64,201380
26775,0.023914,172.31.40.0-255,66,179808,64,201380
26776,0.02591,74.125.68.0-255,1484,181292,64,201380
26777,0.025933,74.125.68.0-255,4320,185612,64,201380
26778,0.025938,172.31.40.0-255,66,185678,64,201380
26779,0.027981,74.125.68.0-255,5738,191416,64,201380
26780,0.027989,172.31.40.0-255,66,191482,64,201380
26781,0.029664,172.31.40.0-255,172,191654,64,201380
26782,0.029698,172.31.40.0-255,1112,192766,64,201380
26783,0.029755,172.31.40.0-255,1514,194280,64,201380
26784,0.029757,172.31.40.0-255,1296,195576,64,201380
26785,0.029984,74.125.68.0-255,5738,201314,64,201380
26786,0.029991,172.31.40.0-255,66,201380,64,201380
26787,0.0,74.125.200.0-255,146,146,64,312665
26788,2.7e-05,172.31.40.0-255,66,212,64,312665
26789,3.5e-05,74.125.200.0-255,1484,1696,64,312665
26790,4.1e-05,172.31.40.0-255,66,1762,64,312665
26791,4.4e-05,74.125.200.0-255,1484,3246,64,312665
26792,5.6e-05,172.31.40.0-255,66,3312,64,312665
26793,6.2e-05,74.125.200.0-255,2902,6214,64,312665
26794,6.5e-05,172.31.40.0-255,66,6280,64,312665
26795,9.6e-05,74.125.200.0-255,1484,7764,64,312665
26796,9.9e-05,172.31.40.0-255,66,7830,64,312665
26797,0.000105,74.125.200.0-255,2902,10732,64,312665
26798,0.000107,172.31.40.0-255,66,10798,64,312665
26799,0.000159,74.125.200.0-255,3517,14315,64,312665
26800,0.000162,172.31.40.0-255,66,14381,64,312665
26801,0.000167,74.125.200.0-255,4320,18701,64,312665
26802,0.00017,172.31.40.0-255,66,18767,64,312665
26803,0.000181,172.31.40.0-255,66,18833,64,312665
26804,0.000185,74.125.200.0-255,2543,21376,64,312665
26805,0.000188,172.31.40.0-255,66,21442,64,312665
26806,0.000336,74.125.200.0-255,1484,22926,64,312665
26807,0.00034,172.31.40.0-255,66,22992,64,312665
26808,0.00036,74.125.200.0-255,2902,25894,64,312665
26809,0.000363,172.31.40.0-255,66,25960,64,312665
26810,0.000366,74.125.200.0-255,1484,27444,64,312665
26811,0.000368,172.31.40.0-255,66,27510,64,312665
26812,0.000398,74.125.200.0-255,4320,31830,64,312665
26813,0.000401,172.31.40.0-255,66,31896,64,312665
26814,0.000409,74.125.200.0-255,6797,38693,64,312665
26815,0.000411,172.31.40.0-255,66,38759,64,312665
26816,0.00045,74.125.200.0-255,4320,43079,64,312665
26817,0.000452,172.31.40.0-255,66,43145,64,312665
26818,0.000483,74.125.200.0-255,7156,50301,64,312665
26819,0.000486,172.31.40.0-255,66,50367,64,312665
26820,0.000492,74.125.200.0-255,5691,56058,64,312665
26821,0.000495,172.31.40.0-255,66,56124,64,312665
26822,0.000497,74.125.200.0-255,111,56235,64,312665
26823,0.0005,172.31.40.0-255,66,56301,64,312665
26824,0.000612,74.125.200.0-255,1484,57785,64,312665
26825,0.000616,172.31.40.0-255,66,57851,64,312665
26826,0.00062,74.125.200.0-255,1484,59335,64,312665
26827,0.000622,172.31.40.0-255,66,59401,64,312665
26828,0.000626,74.125.200.0-255,1484,60885,64,312665
26829,0.000633,172.31.40.0-255,66,60951,64,312665
26830,0.000667,74.125.200.0-255,1484,62435,64,312665
26831,0.00067,172.31.40.0-255,66,62501,64,312665
26832,0.000676,74.125.200.0-255,5738,68239,64,312665
26833,0.000679,172.31.40.0-255,66,68305,64,312665
26834,0.000684,74.125.200.0-255,4320,72625,64,312665
26835,0.000686,172.31.40.0-255,66,72691,64,312665
26836,0.000716,74.125.200.0-255,3961,76652,64,312665
26837,0.000718,172.31.40.0-255,66,76718,64,312665
26838,0.000752,172.31.40.0-255,66,76784,64,312665
26839,0.000785,74.125.200.0-255,2902,79686,64,312665
26840,0.000789,172.31.40.0-255,66,79752,64,312665
26841,0.000801,74.125.200.0-255,2543,82295,64,312665
26842,0.000807,172.31.40.0-255,66,82361,64,312665
26843,0.00087,74.125.200.0-255,1484,83845,64,312665
26844,0.000874,172.31.40.0-255,66,83911,64,312665
26845,0.000878,74.125.200.0-255,1484,85395,64,312665
26846,0.00088,172.31.40.0-255,66,85461,64,312665
26847,0.000914,74.125.200.0-255,1484,86945,64,312665
26848,0.000917,172.31.40.0-255,66,87011,64,312665
26849,0.000923,74.125.200.0-255,5738,92749,64,312665
26850,0.000925,172.31.40.0-255,66,92815,64,312665
26851,0.000955,74.125.200.0-255,1484,94299,64,312665
26852,0.000957,172.31.40.0-255,66,94365,64,312665
26853,0.000983,74.125.200.0-255,2902,97267,64,312665
26854,0.000986,172.31.40.0-255,66,97333,64,312665
26855,0.001012,74.125.200.0-255,4320,101653,64,312665
26856,0.001015,172.31.40.0-255,66,101719,64,312665
26857,0.001021,74.125.200.0-255,4320,106039,64,312665
26858,0.001028,172.31.40.0-255,66,106105,64,312665
26859,0.001043,74.125.200.0-255,4320,110425,64,312665
26860,0.001053,74.125.200.0-255,5738,116163,64,312665
26861,0.001058,172.31.40.0-255,66,116229,64,312665
26862,0.001088,74.125.200.0-255,766,116995,64,312665
26863,0.001249,74.125.200.0-255,1484,118479,64,312665
26864,0.001254,74.125.200.0-255,1484,119963,64,312665
26865,0.001264,172.31.40.0-255,66,120029,64,312665
26866,0.001271,74.125.200.0-255,1484,121513,64,312665
26867,0.001273,74.125.200.0-255,1484,122997,64,312665
26868,0.001291,74.125.200.0-255,4320,127317,64,312665
26869,0.001295,74.125.200.0-255,2902,130219,64,312665
26870,0.0013,74.125.200.0-255,4320,134539,64,312665
26871,0.001309,172.31.40.0-255,66,134605,64,312665
26872,0.001354,172.31.40.0-255,66,134671,64,312665
26873,0.001608,74.125.200.0-255,1484,136155,64,312665
26874,0.001613,74.125.200.0-255,1484,137639,64,312665
26875,0.001616,172.31.40.0-255,66,137705,64,312665
26876,0.001639,74.125.200.0-255,1484,139189,64,312665
26877,0.001645,74.125.200.0-255,5738,144927,64,312665
26878,0.001648,172.31.40.0-255,66,144993,64,312665
26879,0.001652,74.125.200.0-255,2902,147895,64,312665
26880,0.001759,172.31.40.0-255,66,147961,64,312665
26881,0.001788,74.125.200.0-255,5738,153699,64,312665
26882,0.001813,74.125.200.0-255,5738,159437,64,312665
26883,0.00182,74.125.200.0-255,7156,166593,64,312665
26884,0.001831,172.31.40.0-255,66,166659,64,312665
26885,0.001855,74.125.200.0-255,5020,171679,64,312665
26886,0.001868,172.31.40.0-255,66,171745,64,312665
26887,0.00187,74.125.200.0-255,1484,173229,64,312665
26888,0.001884,74.125.200.0-255,1484,174713,64,312665
26889,0.001904,74.125.200.0-255,2902,177615,64,312665
26890,0.00191,74.125.200.0-255,5738,183353,64,312665
26891,0.001912,172.31.40.0-255,66,183419,64,312665
26892,0.001917,172.31.40.0-255,66,183485,64,312665
26893,0.001946,74.125.200.0-255,5738,189223,64,312665
26894,0.00197,74.125.200.0-255,5738,194961,64,312665
26895,0.001983,74.125.200.0-255,1484,196445,64,312665
26896,0.001998,74.125.200.0-255,1484,197929,64,312665
26897,0.002003,172.31.40.0-255,66,197995,64,312665
26898,0.00202,74.125.200.0-255,7156,205151,64,312665
26899,0.002033,74.125.200.0-255,766,205917,64,312665
26900,0.002044,172.31.40.0-255,66,205983,64,312665
26901,0.002067,74.125.200.0-255,1484,207467,64,312665
26902,0.002082,74.125.200.0-255,2902,210369,64,312665
26903,0.002087,172.31.40.0-255,66,210435,64,312665
26904,0.002094,74.125.200.0-255,1484,211919,64,312665
26905,0.002097,74.125.200.0-255,1484,213403,64,312665
26906,0.002124,74.125.200.0-255,5738,219141,64,312665
26907,0.002131,74.125.200.0-255,5738,224879,64,312665
26908,0.002143,74.125.200.0-255,2902,227781,64,312665
26909,0.002155,74.125.200.0-255,2902,230683,64,312665
26910,0.002161,172.31.40.0-255,66,230749,64,312665
26911,0.002199,172.31.40.0-255,66,230815,64,312665
26912,0.002217,74.125.200.0-255,4320,235135,64,312665
26913,0.002247,74.125.200.0-255,5738,240873,64,312665
26914,0.002251,74.125.200.0-255,2902,243775,64,312665
26915,0.002259,172.31.40.0-255,66,243841,64,312665
26916,0.002277,74.125.200.0-255,4320,248161,64,312665
26917,0.00229,172.31.40.0-255,66,248227,64,312665
26918,0.004459,74.125.200.0-255,1484,249711,64,312665
26919,0.004478,74.125.200.0-255,4320,254031,64,312665
26920,0.004483,172.31.40.0-255,66,254097,64,312665
26921,0.006674,74.125.200.0-255,2902,256999,64,312665
26922,0.006688,74.125.200.0-255,2902,259901,64,312665
26923,0.008356,172.31.40.0-255,66,259967,64,312665
26924,0.010553,74.125.200.0-255,1484,261451,64,312665
26925,0.010559,172.31.40.0-255,66,261517,64,312665
26926,0.010589,74.125.200.0-255,4320,265837,64,312665
26927,0.010592,172.31.40.0-255,66,265903,64,312665
26928,0.012763,74.125.200.0-255,1484,267387,64,312665
26929,0.012772,172.31.40.0-255,66,267453,64,312665
26930,0.012807,74.125.200.0-255,4320,271773,64,312665
26931,0.012811,172.31.40.0-255,66,271839,64,312665
26932,0.014965,74.125.200.0-255,1484,273323,64,312665
26933,0.014992,74.125.200.0-255,1484,274807,64,312665
26934,0.014997,172.31.40.0-255,66,274873,64,312665
26935,0.015018,74.125.200.0-255,2902,277775,64,312665
26936,0.015022,172.31.40.0-255,66,277841,64,312665
26937,0.017218,74.125.200.0-255,5738,283579,64,312665
26938,0.017232,172.31.40.0-255,66,283645,64,312665
26939,0.019437,74.125.200.0-255,5738,289383,64,312665
26940,0.019445,172.31.40.0-255,66,289449,64,312665
26941,0.021658,74.125.200.0-255,5738,295187,64,312665
26942,0.021673,172.31.40.0-255,66,295253,64,312665
26943,0.023887,74.125.200.0-255,5738,300991,64,312665
26944,0.023895,172.31.40.0-255,66,301057,64,312665
26945,0.026138,74.125.200.0-255,5738,306795,64,312665
26946,0.026146,172.31.40.0-255,66,306861,64,312665
26947,0.028353,74.125.200.0-255,5738,312599,64,312665
26948,0.028362,172.31.40.0-255,66,312665,64,312665
26949,0.0,172.253.118.0-255,146,146,64,188119
26950,2.3e-05,172.31.40.0-255,66,212,64,188119
26951,3.1e-05,172.253.118.0-255,1484,1696,64,188119
26952,3.5e-05,172.31.40.0-255,66,1762,64,188119
26953,4e-05,172.253.118.0-255,2902,4664,64,188119
26954,4.3e-05,172.31.40.0-255,66,4730,64,188119
26955,5.1e-05,172.253.118.0-255,7156,11886,64,188119
26956,5.5e-05,172.31.40.0-255,66,11952,64,188119
26957,5.9e-05,172.253.118.0-255,2018,13970,64,188119
26958,6.2e-05,172.31.40.0-255,66,14036,64,188119
26959,9.3e-05,172.31.40.0-255,66,14102,64,188119
26960,0.0001,172.253.118.0-255,5738,19840,64,188119
26961,0.000102,172.31.40.0-255,66,19906,64,188119
26962,0.000117,172.253.118.0-255,5738,25644,64,188119
26963,0.00012,172.31.40.0-255,66,25710,64,188119
26964,0.000162,172.253.118.0-255,5738,31448,64,188119
26965,0.000165,172.31.40.0-255,66,31514,64,188119
26966,0.000203,172.31.40.0-255,66,31580,64,188119
26967,0.000208,172.253.118.0-255,2823,34403,64,188119
26968,0.00021,172.31.40.0-255,66,34469,64,188119
26969,0.000229,172.253.118.0-255,127,34596,64,188119
26970,0.000231,172.31.40.0-255,66,34662,64,188119
26971,0.000336,172.253.118.0-255,1484,36146,64,188119
26972,0.000339,172.31.40.0-255,66,36212,64,188119
26973,0.000353,172.253.118.0-255,2902,39114,64,188119
26974,0.000356,172.31.40.0-255,66,39180,64,188119
26975,0.000385,172.253.118.0-255,5738,44918,64,188119
26976,0.000388,172.31.40.0-255,66,44984,64,188119
26977,0.000445,172.31.40.0-255,66,45050,64,188119
26978,0.000453,172.253.118.0-255,7156,52206,64,188119
26979,0.000455,172.31.40.0-255,66,52272,64,188119
26980,0.00046,172.253.118.0-255,3602,55874,64,188119
26981,0.000462,172.31.40.0-255,66,55940,64,188119
26982,0.000738,172.253.118.0-255,1484,57424,64,188119
26983,0.000745,172.253.118.0-255,2902,60326,64,188119
26984,0.00075,172.31.40.0-255,66,60392,64,188119
26985,0.000756,172.253.118.0-255,4320,64712,64,188119
26986,0.000758,172.31.40.0-255,66,64778,64,188119
26987,0.000775,172.253.118.0-255,1484,66262,64,188119
26988,0.000782,172.253.118.0-255,7156,73418,64,188119
26989,0.000785,172.31.40.0-255,66,73484,64,188119
26990,0.000834,172.31.40.0-255,66,73550,64,188119
26991,0.000837,172.253.118.0-255,2184,75734,64,188119
26992,0.000839,172.31.40.0-255,66,75800,64,188119
26993,0.000896,172.253.118.0-255,1484,77284,64,188119
26994,0.000901,172.253.118.0-255,2902,80186,64,188119
26995,0.000904,172.31.40.0-255,66,80252,64,188119
26996,0.000924,172.253.118.0-255,5738,85990,64,188119
26997,0.000945,172.253.118.0-255,5738,91728,64,188119
26998,0.000972,172.253.118.0-255,7156,98884,64,188119
26999,0.001038,172.31.40.0-255,66,98950,64,188119
27000,0.001277,172.253.118.0-255,1484,100434,64,188119
27001,0.001283,172.253.118.0-255,2902,103336,64,188119
27002,0.00129,172.31.40.0-255,66,103402,64,188119
27003,0.001303,172.253.118.0-255,5738,109140,64,188119
27004,0.001323,172.31.40.0-255,66,109206,64,188119
27005,0.001362,172.31.40.0-255,66,109272,64,188119
27006,0.001383,172.253.118.0-255,5738,115010,64,188119
27007,0.001403,172.253.118.0-255,5020,120030,64,188119
27008,0.001414,172.31.40.0-255,66,120096,64,188119
27009,0.001589,172.253.118.0-255,1484,121580,64,188119
27010,0.001594,172.253.118.0-255,2902,124482,64,188119
27011,0.001597,172.31.40.0-255,66,124548,64,188119
27012,0.001624,172.253.118.0-255,5738,130286,64,188119
27013,0.001632,172.253.118.0-255,7156,137442,64,188119
27014,0.001646,172.31.40.0-255,66,137508,64,188119
27015,0.001665,172.253.118.0-255,5738,143246,64,188119
27016,0.001673,172.31.40.0-255,66,143312,64,188119
27017,0.001702,172.253.118.0-255,2184,145496,64,188119
27018,0.001712,172.31.40.0-255,66,145562,64,188119
27019,0.001752,172.253.118.0-255,4320,149882,64,188119
27020,0.001768,172.31.40.0-255,66,149948,64,188119
27021,0.001783,172.253.118.0-255,5738,155686,64,188119
27022,0.00179,172.253.118.0-255,6438,162124,64,188119
27023,0.001826,172.31.40.0-255,66,162190,64,188119
27024,0.001884,172.31.40.0-255,66,162256,64,188119
27025,0.001924,172.253.118.0-255,7156,169412,64,188119
27026,0.001928,172.31.40.0-255,66,169478,64,188119
27027,0.001933,172.31.40.0-255,66,169544,64,188119
27028,0.001941,172.253.118.0-255,2902,172446,64,188119
27029,0.00197,172.253.118.0-255,4320,176766,64,188119
27030,0.001985,172.31.40.0-255,66,176832,64,188119
27031,0.002041,172.31.40.0-255,66,176898,64,188119
27032,0.00205,172.253.118.0-255,4320,181218,64,188119
27033,0.002055,172.31.40.0-255,66,181284,64,188119
27034,0.002116,172.253.118.0-255,2184,183468,64,188119
27035,0.002118,172.31.40.0-255,66,183534,64,188119
27036,0.002123,172.31.40.0-255,66,183600,64,188119
27037,0.002137,172.253.118.0-255,1484,185084,64,188119
27038,0.002149,172.253.118.0-255,2693,187777,64,188119
27039,0.002164,172.253.118.0-255,105,187882,64,188119
27040,0.002173,172.31.40.0-255,66,187948,64,188119
27041,0.004779,172.31.40.0-255,105,188053,64,188119
27042,0.007299,172.253.118.0-255,66,188119,64,188119
27043,0.0,172.31.40.0-255,105,105,64,459
27044,0.000209,172.31.40.0-255,90,195,64,459
27045,0.000219,172.31.40.0-255,66,261,64,459
27046,0.002762,74.125.130.0-255,66,327,64,459
27047,0.002793,74.125.130.0-255,66,393,64,459
27048,0.002816,172.31.40.0-255,66,459,64,459
27049,0.0,74.125.200.0-255,297,297,64,176886
27050,2.3e-05,172.31.40.0-255,66,363,64,176886
27051,3e-05,74.125.200.0-255,1484,1847,64,176886
27052,3.5e-05,172.31.40.0-255,66,1913,64,176886
27053,4.2e-05,74.125.200.0-255,4320,6233,64,176886
27054,4.5e-05,172.31.40.0-255,66,6299,64,176886
27055,7.2e-05,74.125.200.0-255,5738,12037,64,176886
27056,7.5e-05,172.31.40.0-255,66,12103,64,176886
27057,9.2e-05,74.125.200.0-255,3220,15323,64,176886
27058,9.4e-05,172.31.40.0-255,66,15389,64,176886
27059,0.00012,74.125.200.0-255,4320,19709,64,176886
27060,0.000122,172.31.40.0-255,66,19775,64,176886
27061,0.000139,74.125.200.0-255,4320,24095,64,176886
27062,0.000142,172.31.40.0-255,66,24161,64,176886
27063,0.000163,74.125.200.0-255,2902,27063,64,176886
27064,0.000165,172.31.40.0-255,66,27129,64,176886
27065,0.000194,74.125.200.0-255,3961,31090,64,176886
27066,0.000197,172.31.40.0-255,66,31156,64,176886
27067,0.001346,74.125.200.0-255,1484,32640,64,176886
27068,0.001353,172.31.40.0-255,66,32706,64,176886
27069,0.001363,74.125.200.0-255,2902,35608,64,176886
27070,0.001365,172.31.40.0-255,66,35674,64,176886
27071,0.00137,74.125.200.0-255,2902,38576,64,176886
27072,0.001373,172.31.40.0-255,66,38642,64,176886
27073,0.001392,74.125.200.0-255,2902,41544,64,176886
27074,0.001394,172.31.40.0-255,66,41610,64,176886
27075,0.001431,74.125.200.0-255,4320,45930,64,176886
27076,0.001433,172.31.40.0-255,66,45996,64,176886
27077,0.001451,74.125.200.0-255,2543,48539,64,176886
27078,0.001453,172.31.40.0-255,66,48605,64,176886
27079,0.001476,74.125.200.0-255,2902,51507,64,176886
27080,0.001479,172.31.40.0-255,66,51573,64,176886
27081,0.001498,74.125.200.0-255,4320,55893,64,176886
27082,0.0015,172.31.40.0-255,66,55959,64,176886
27083,0.001536,74.125.200.0-255,5738,61697,64,176886
27084,0.001538,172.31.40.0-255,66,61763,64,176886
27085,0.001554,74.125.200.0-255,4272,66035,64,176886
27086,0.001556,172.31.40.0-255,66,66101,64,176886
27087,0.001645,74.125.200.0-255,111,66212,64,176886
27088,0.001765,74.125.200.0-255,1484,67696,64,176886
27089,0.001771,172.31.40.0-255,66,67762,64,176886
27090,0.001787,74.125.200.0-255,2902,70664,64,176886
27091,0.001789,172.31.40.0-255,66,70730,64,176886
27092,0.001808,74.125.200.0-255,2902,73632,64,176886
27093,0.00181,172.31.40.0-255,66,73698,64,176886
27094,0.001825,74.125.200.0-255,2902,76600,64,176886
27095,0.001828,172.31.40.0-255,66,76666,64,176886
27096,0.001851,74.125.200.0-255,1484,78150,64,176886
27097,0.001862,172.31.40.0-255,66,78216,64,176886
27098,0.001866,74.125.200.0-255,2902,81118,64,176886
27099,0.001868,172.31.40.0-255,66,81184,64,176886
27100,0.00192,74.125.200.0-255,7156,88340,64,176886
27101,0.001922,172.31.40.0-255,66,88406,64,176886
27102,0.00194,74.125.200.0-255,3602,92008,64,176886
27103,0.001942,172.31.40.0-255,66,92074,64,176886
27104,0.003077,172.31.40.0-255,101,92175,64,176886
27105,0.003852,74.125.200.0-255,1484,93659,64,176886
27106,0.003872,74.125.200.0-255,4320,97979,64,176886
27107,0.003877,172.31.40.0-255,66,98045,64,176886
27108,0.004978,74.125.200.0-255,66,98111,64,176886
27109,0.005841,74.125.200.0-255,5738,103849,64,176886
27110,0.005844,172.31.40.0-255,66,103915,64,176886
27111,0.007794,74.125.200.0-255,5738,109653,64,176886
27112,0.007801,172.31.40.0-255,66,109719,64,176886
27113,0.009761,74.125.200.0-255,5738,115457,64,176886
27114,0.00977,172.31.40.0-255,66,115523,64,176886
27115,0.011721,74.125.200.0-255,5738,121261,64,176886
27116,0.01173,172.31.40.0-255,66,121327,64,176886
27117,0.013688,74.125.200.0-255,5738,127065,64,176886
27118,0.013698,172.31.40.0-255,66,127131,64,176886
27119,0.015647,74.125.200.0-255,5738,132869,64,176886
27120,0.015657,172.31.40.0-255,66,132935,64,176886
27121,0.017611,74.125.200.0-255,5738,138673,64,176886
27122,0.017625,172.31.40.0-255,66,138739,64,176886
27123,0.019564,74.125.200.0-255,5738,144477,64,176886
27124,0.019574,172.31.40.0-255,66,144543,64,176886
27125,0.021524,74.125.200.0-255,5738,150281,64,176886
27126,0.021533,172.31.40.0-255,66,150347,64,176886
27127,0.023476,74.125.200.0-255,5738,156085,64,176886
27128,0.023483,172.31.40.0-255,66,156151,64,176886
27129,0.024435,172.31.40.0-255,166,156317,64,176886
27130,0.024474,172.31.40.0-255,1146,157463,64,176886
27131,0.024535,172.31.40.0-255,1514,158977,64,176886
27132,0.024537,172.31.40.0-255,299,159276,64,176886
27133,0.025433,74.125.200.0-255,5738,165014,64,176886
27134,0.025441,172.31.40.0-255,66,165080,64,176886
27135,0.026009,104.244.42.0-255,66,165146,64,176886
27136,0.026018,104.244.42.0-255,66,165212,64,176886
27137,0.026058,104.244.42.0-255,66,165278,64,176886
27138,0.027404,74.125.200.0-255,5738,171016,64,176886
27139,0.027415,172.31.40.0-255,66,171082,64,176886
27140,0.029368,74.125.200.0-255,5738,176820,64,176886
27141,0.029377,172.31.40.0-255,66,176886,64,176886
27142,0.0,216.58.221.0-255,298,298,64,219970
27143,1.9e-05,172.31.40.0-255,66,364,64,219970
27144,2.4e-05,216.58.221.0-255,1484,1848,64,219970
27145,2.8e-05,172.31.40.0-255,66,1914,64,219970
27146,3.6e-05,216.58.221.0-255,2902,4816,64,219970
27147,3.9e-05,172.31.40.0-255,66,4882,64,219970
27148,7.5e-05,216.58.221.0-255,1484,6366,64,219970
27149,7.8e-05,172.31.40.0-255,66,6432,64,219970
27150,9e-05,172.31.40.0-255,66,6498,64,219970
27151,0.000106,172.31.40.0-255,66,6564,64,219970
27152,0.000109,216.58.221.0-255,1484,8048,64,219970
27153,0.000111,172.31.40.0-255,66,8114,64,219970
27154,0.000144,216.58.221.0-255,5738,13852,64,219970
27155,0.000148,172.31.40.0-255,66,13918,64,219970
27156,0.000172,216.58.221.0-255,1125,15043,64,219970
27157,0.000175,172.31.40.0-255,66,15109,64,219970
27158,0.000284,216.58.221.0-255,1484,16593,64,219970
27159,0.000288,172.31.40.0-255,66,16659,64,219970
27160,0.000293,216.58.221.0-255,2902,19561,64,219970
27161,0.000296,172.31.40.0-255,66,19627,64,219970
27162,0.000299,216.58.221.0-255,1484,21111,64,219970
27163,0.000301,172.31.40.0-255,66,21177,64,219970
27164,0.000341,216.58.221.0-255,4320,25497,64,219970
27165,0.000345,172.31.40.0-255,66,25563,64,219970
27166,0.000351,216.58.221.0-255,5738,31301,64,219970
27167,0.000353,172.31.40.0-255,66,31367,64,219970
27168,0.000364,216.58.221.0-255,6797,38164,64,219970
27169,0.000367,172.31.40.0-255,66,38230,64,219970
27170,0.000419,172.31.40.0-255,66,38296,64,219970
27171,0.000999,216.58.221.0-255,136,38432,64,219970
27172,0.001104,216.58.221.0-255,1484,39916,64,219970
27173,0.001109,216.58.221.0-255,2902,42818,64,219970
27174,0.001114,172.31.40.0-255,66,42884,64,219970
27175,0.001119,172.31.40.0-255,66,42950,64,219970
27176,0.001145,216.58.221.0-255,2902,45852,64,219970
27177,0.001152,172.31.40.0-255,66,45918,64,219970
27178,0.001158,216.58.221.0-255,4320,50238,64,219970
27179,0.001159,172.31.40.0-255,66,50304,64,219970
27180,0.001193,216.58.221.0-255,5379,55683,64,219970
27181,0.001196,172.31.40.0-255,66,55749,64,219970
27182,0.001203,216.58.221.0-255,5738,61487,64,219970
27183,0.001205,172.31.40.0-255,66,61553,64,219970
27184,0.001231,216.58.221.0-255,4320,65873,64,219970
27185,0.001233,172.31.40.0-255,66,65939,64,219970
27186,0.001267,216.58.221.0-255,6797,72736,64,219970
27187,0.001269,172.31.40.0-255,66,72802,64,219970
27188,0.001409,216.58.221.0-255,1484,74286,64,219970
27189,0.001425,216.58.221.0-255,2902,77188,64,219970
27190,0.001428,172.31.40.0-255,66,77254,64,219970
27191,0.001434,216.58.221.0-255,5738,82992,64,219970
27192,0.001436,172.31.40.0-255,66,83058,64,219970
27193,0.001439,216.58.221.0-255,1484,84542,64,219970
27194,0.001469,216.58.221.0-255,5738,90280,64,219970
27195,0.001472,172.31.40.0-255,66,90346,64,219970
27196,0.001486,172.31.40.0-255,66,90412,64,219970
27197,0.001494,216.58.221.0-255,2184,92596,64,219970
27198,0.001497,172.31.40.0-255,66,92662,64,219970
27199,0.001529,216.58.221.0-255,2902,95564,64,219970
27200,0.001532,216.58.221.0-255,1484,97048,64,219970
27201,0.001535,172.31.40.0-255,66,97114,64,219970
27202,0.001566,216.58.221.0-255,2902,100016,64,219970
27203,0.00157,172.31.40.0-255,66,100082,64,219970
27204,0.001581,172.31.40.0-255,66,100148,64,219970
27205,0.001587,216.58.221.0-255,1484,101632,64,219970
27206,0.001649,172.31.40.0-255,66,101698,64,219970
27207,0.001676,216.58.221.0-255,2184,103882,64,219970
27208,0.001678,216.58.221.0-255,1484,105366,64,219970
27209,0.001682,172.31.40.0-255,66,105432,64,219970
27210,0.001716,216.58.221.0-255,2902,108334,64,219970
27211,0.001719,172.31.40.0-255,66,108400,64,219970
27212,0.001725,216.58.221.0-255,5738,114138,64,219970
27213,0.001727,172.31.40.0-255,66,114204,64,219970
27214,0.001744,172.31.40.0-255,66,114270,64,219970
27215,0.001778,216.58.221.0-255,1484,115754,64,219970
27216,0.001791,172.31.40.0-255,66,115820,64,219970
27217,0.00186,216.58.221.0-255,1484,117304,64,219970
27218,0.001866,216.58.221.0-255,2902,120206,64,219970
27219,0.001869,172.31.40.0-255,66,120272,64,219970
27220,0.001873,216.58.221.0-255,2902,123174,64,219970
27221,0.001875,172.31.40.0-255,66,123240,64,219970
27222,0.001911,216.58.221.0-255,2902,126142,64,219970
27223,0.001914,172.31.40.0-255,66,126208,64,219970
27224,0.00192,216.58.221.0-255,4320,130528,64,219970
27225,0.001923,172.31.40.0-255,66,130594,64,219970
27226,0.001928,216.58.221.0-255,5738,136332,64,219970
27227,0.001935,172.31.40.0-255,66,136398,64,219970
27228,0.001948,172.31.40.0-255,66,136464,64,219970
27229,0.001952,216.58.221.0-255,2184,138648,64,219970
27230,0.001955,172.31.40.0-255,66,138714,64,219970
27231,0.003885,216.58.221.0-255,5738,144452,64,219970
27232,0.003891,172.31.40.0-255,66,144518,64,219970
27233,0.005831,216.58.221.0-255,5738,150256,64,219970
27234,0.005838,172.31.40.0-255,66,150322,64,219970
27235,0.007781,216.58.221.0-255,5738,156060,64,219970
27236,0.007788,172.31.40.0-255,66,156126,64,219970
27237,0.009744,216.58.221.0-255,5738,161864,64,219970
27238,0.00976,172.31.40.0-255,66,161930,64,219970
27239,0.01171,216.58.221.0-255,5738,167668,64,219970
27240,0.011724,172.31.40.0-255,66,167734,64,219970
27241,0.013663,216.58.221.0-255,5738,173472,64,219970
27242,0.01367,172.31.40.0-255,66,173538,64,219970
27243,0.015613,216.58.221.0-255,5738,179276,64,219970
27244,0.015621,172.31.40.0-255,66,179342,64,219970
27245,0.017567,216.58.221.0-255,5738,185080,64,219970
27246,0.017581,172.31.40.0-255,66,185146,64,219970
27247,0.019524,216.58.221.0-255,5738,190884,64,219970
27248,0.019531,172.31.40.0-255,66,190950,64,219970
27249,0.021471,216.58.221.0-255,5738,196688,64,219970
27250,0.021479,172.31.40.0-255,66,196754,64,219970
27251,0.023422,216.58.221.0-255,5738,202492,64,219970
27252,0.02343,172.31.40.0-255,66,202558,64,219970
27253,0.025398,216.58.221.0-255,5738,208296,64,219970
27254,0.025405,172.31.40.0-255,66,208362,64,219970
27255,0.027362,216.58.221.0-255,5738,214100,64,219970
27256,0.027376,172.31.40.0-255,66,214166,64,219970
27257,0.029314,216.58.221.0-255,5738,219904,64,219970
27258,0.029321,172.31.40.0-255,66,219970,64,219970
27259,0.0,74.125.200.0-255,154,154,64,290688
27260,2.3e-05,172.31.40.0-255,66,220,64,290688
27261,3e-05,74.125.200.0-255,1484,1704,64,290688
27262,3.4e-05,172.31.40.0-255,66,1770,64,290688
27263,4e-05,74.125.200.0-255,2902,4672,64,290688
27264,4.3e-05,172.31.40.0-255,66,4738,64,290688
27265,7.3e-05,74.125.200.0-255,4320,9058,64,290688
27266,7.7e-05,172.31.40.0-255,66,9124,64,290688
27267,8.3e-05,74.125.200.0-255,4986,14110,64,290688
27268,8.5e-05,172.31.40.0-255,66,14176,64,290688
27269,0.000128,74.125.200.0-255,7156,21332,64,290688
27270,0.00013,172.31.40.0-255,66,21398,64,290688
27271,0.000153,74.125.200.0-255,7156,28554,64,290688
27272,0.000156,172.31.40.0-255,66,28620,64,290688
27273,0.000176,74.125.200.0-255,1484,30104,64,290688
27274,0.000179,172.31.40.0-255,66,30170,64,290688
27275,0.000181,74.125.200.0-255,1125,31295,64,290688
27276,0.000184,172.31.40.0-255,66,31361,64,290688
27277,0.000251,74.125.200.0-255,1484,32845,64,290688
27278,0.000255,172.31.40.0-255,66,32911,64,290688
27279,0.000259,74.125.200.0-255,1484,34395,64,290688
27280,0.000261,172.31.40.0-255,66,34461,64,290688
27281,0.000264,74.125.200.0-255,1484,35945,64,290688
27282,0.000266,172.31.40.0-255,66,36011,64,290688
27283,0.000286,74.125.200.0-255,1484,37495,64,290688
27284,0.000289,172.31.40.0-255,66,37561,64,290688
27285,0.000295,74.125.200.0-255,5738,43299,64,290688
27286,0.000298,172.31.40.0-255,66,43365,64,290688
27287,0.000311,74.125.200.0-255,1484,44849,64,290688
27288,0.000313,172.31.40.0-255,66,44915,64,290688
27289,0.000332,74.125.200.0-255,6797,51712,64,290688
27290,0.000335,172.31.40.0-255,66,51778,64,290688
27291,0.000346,172.31.40.0-255,66,51844,64,290688
27292,0.000372,74.125.200.0-255,5659,57503,64,290688
27293,0.000375,172.31.40.0-255,66,57569,64,290688
27294,0.00039,74.125.200.0-255,129,57698,64,290688
27295,0.000576,74.125.200.0-255,1484,59182,64,290688
27296,0.00058,172.31.40.0-255,66,59248,64,290688
27297,0.000586,74.125.200.0-255,2902,62150,64,290688
27298,0.000589,172.31.40.0-255,66,62216,64,290688
27299,0.000614,74.125.200.0-255,5738,67954,64,290688
27300,0.000617,172.31.40.0-255,66,68020,64,290688
27301,0.000621,74.125.200.0-255,1484,69504,64,290688
27302,0.000655,74.125.200.0-255,5738,75242,64,290688
27303,0.000659,172.31.40.0-255,66,75308,64,290688
27304,0.000677,74.125.200.0-255,3961,79269,64,290688
27305,0.00068,172.31.40.0-255,66,79335,64,290688
27306,0.000685,74.125.200.0-255,4320,83655,64,290688
27307,0.000687,172.31.40.0-255,66,83721,64,290688
27308,0.00069,74.125.200.0-255,1484,85205,64,290688
27309,0.000715,74.125.200.0-255,4320,89525,64,290688
27310,0.000719,172.31.40.0-255,66,89591,64,290688
27311,0.00077,74.125.200.0-255,2543,92134,64,290688
27312,0.000773,172.31.40.0-255,66,92200,64,290688
27313,0.000965,74.125.200.0-255,1484,93684,64,290688
27314,0.000971,74.125.200.0-255,2902,96586,64,290688
27315,0.000974,172.31.40.0-255,66,96652,64,290688
27316,0.001002,74.125.200.0-255,5738,102390,64,290688
27317,0.001004,172.31.40.0-255,66,102456,64,290688
27318,0.001031,172.31.40.0-255,66,102522,64,290688
27319,0.001048,74.125.200.0-255,4320,106842,64,290688
27320,0.001051,172.31.40.0-255,66,106908,64,290688
27321,0.001056,74.125.200.0-255,4320,111228,64,290688
27322,0.001059,172.31.40.0-255,66,111294,64,290688
27323,0.001086,74.125.200.0-255,2902,114196,64,290688
27324,0.001091,172.31.40.0-255,66,114262,64,290688
27325,0.001115,74.125.200.0-255,3602,117864,64,290688
27326,0.001118,74.125.200.0-255,1484,119348,64,290688
27327,0.001135,74.125.200.0-255,5738,125086,64,290688
27328,0.001139,74.125.200.0-255,2902,127988,64,290688
27329,0.001141,172.31.40.0-255,66,128054,64,290688
27330,0.001147,172.31.40.0-255,66,128120,64,290688
27331,0.001166,74.125.200.0-255,1484,129604,64,290688
27332,0.001174,74.125.200.0-255,5738,135342,64,290688
27333,0.001179,74.125.200.0-255,4320,139662,64,290688
27334,0.001184,172.31.40.0-255,66,139728,64,290688
27335,0.001197,74.125.200.0-255,7156,146884,64,290688
27336,0.001202,74.125.200.0-255,4320,151204,64,290688
27337,0.001223,74.125.200.0-255,766,151970,64,290688
27338,0.001234,172.31.40.0-255,66,152036,64,290688
27339,0.001553,74.125.200.0-255,1484,153520,64,290688
27340,0.001591,74.125.200.0-255,1484,155004,64,290688
27341,0.001596,172.31.40.0-255,66,155070,64,290688
27342,0.001601,74.125.200.0-255,2902,157972,64,290688
27343,0.001603,172.31.40.0-255,66,158038,64,290688
27344,0.001636,74.125.200.0-255,5738,163776,64,290688
27345,0.001643,172.31.40.0-255,66,163842,64,290688
27346,0.001651,74.125.200.0-255,1484,165326,64,290688
27347,0.001676,74.125.200.0-255,2902,168228,64,290688
27348,0.001679,172.31.40.0-255,66,168294,64,290688
27349,0.001695,74.125.200.0-255,1484,169778,64,290688
27350,0.001711,74.125.200.0-255,2902,172680,64,290688
27351,0.001713,172.31.40.0-255,66,172746,64,290688
27352,0.001746,74.125.200.0-255,1484,174230,64,290688
27353,0.001765,74.125.200.0-255,2902,177132,64,290688
27354,0.001768,172.31.40.0-255,66,177198,64,290688
27355,0.001785,74.125.200.0-255,1484,178682,64,290688
27356,0.001805,74.125.200.0-255,4320,183002,64,290688
27357,0.001808,172.31.40.0-255,66,183068,64,290688
27358,0.001848,74.125.200.0-255,3602,186670,64,290688
27359,0.001854,172.31.40.0-255,66,186736,64,290688
27360,0.002113,74.125.200.0-255,1484,188220,64,290688
27361,0.002118,74.125.200.0-255,2902,191122,64,290688
27362,0.002123,74.125.200.0-255,4320,195442,64,290688
27363,0.002128,172.31.40.0-255,66,195508,64,290688
27364,0.002136,172.31.40.0-255,66,195574,64,290688
27365,0.002139,74.125.200.0-255,1484,197058,64,290688
27366,0.002155,74.125.200.0-255,5738,202796,64,290688
27367,0.002174,74.125.200.0-255,4320,207116,64,290688
27368,0.00218,74.125.200.0-255,4320,211436,64,290688
27369,0.002198,74.125.200.0-255,5738,217174,64,290688
27370,0.002201,172.31.40.0-255,66,217240,64,290688
27371,0.002207,172.31.40.0-255,66,217306,64,290688
27372,0.002218,74.125.200.0-255,1484,218790,64,290688
27373,0.002222,74.125.200.0-255,2184,220974,64,290688
27374,0.002224,172.31.40.0-255,66,221040,64,290688
27375,0.002229,74.125.200.0-255,2902,223942,64,290688
27376,0.00223,172.31.40.0-255,66,224008,64,290688
27377,0.002238,74.125.200.0-255,7156,231164,64,290688
27378,0.002261,74.125.200.0-255,7156,238320,64,290688
27379,0.00228,74.125.200.0-255,2902,241222,64,290688
27380,0.002283,74.125.200.0-255,1484,242706,64,290688
27381,0.011079,74.125.200.0-255,1484,244190,64,290688
27382,0.011348,172.31.40.0-255,66,244256,64,290688
27383,0.01359,74.125.200.0-255,5738,249994,64,290688
27384,0.013597,172.31.40.0-255,66,250060,64,290688
27385,0.015836,74.125.200.0-255,5738,255798,64,290688
27386,0.015843,172.31.40.0-255,66,255864,64,290688
27387,0.018084,74.125.200.0-255,5738,261602,64,290688
27388,0.018092,172.31.40.0-255,66,261668,64,290688
27389,0.020363,74.125.200.0-255,5738,267406,64,290688
27390,0.02037,172.31.40.0-255,66,267472,64,290688
27391,0.022623,74.125.200.0-255,5738,273210,64,290688
27392,0.022632,172.31.40.0-255,66,273276,64,290688
27393,0.024872,74.125.200.0-255,5738,279014,64,290688
27394,0.024878,172.31.40.0-255,66,279080,64,290688
27395,0.027113,74.125.200.0-255,5738,284818,64,290688
27396,0.027121,172.31.40.0-255,66,284884,64,290688
27397,0.02936,74.125.200.0-255,5738,290622,64,290688
27398,0.029367,172.31.40.0-255,66,290688,64,290688
27399,0.0,216.58.203.0-255,295,295,64,175733
27400,2.2e-05,172.31.40.0-255,66,361,64,175733
27401,2.9e-05,216.58.203.0-255,1484,1845,64,175733
27402,3.5e-05,172.31.40.0-255,66,1911,64,175733
27403,4.2e-05,216.58.203.0-255,4320,6231,64,175733
27404,4.6e-05,172.31.40.0-255,66,6297,64,175733
27405,5.7e-05,172.31.40.0-255,66,6363,64,175733
27406,0.000449,216.58.203.0-255,1484,7847,64,175733
27407,0.000455,172.31.40.0-255,66,7913,64,175733
27408,0.000461,216.58.203.0-255,2902,10815,64,175733
27409,0.000464,172.31.40.0-255,66,10881,64,175733
27410,0.000481,216.58.203.0-255,4320,15201,64,175733
27411,0.000485,172.31.40.0-255,66,15267,64,175733
27412,0.000504,216.58.203.0-255,1484,16751,64,175733
27413,0.000506,172.31.40.0-255,66,16817,64,175733
27414,0.000528,216.58.203.0-255,4320,21137,64,175733
27415,0.000531,172.31.40.0-255,66,21203,64,175733
27416,0.000535,216.58.203.0-255,2543,23746,64,175733
27417,0.000537,172.31.40.0-255,66,23812,64,175733
27418,0.000697,216.58.203.0-255,1484,25296,64,175733
27419,0.000701,172.31.40.0-255,66,25362,64,175733
27420,0.000707,216.58.203.0-255,2902,28264,64,175733
27421,0.000709,172.31.40.0-255,66,28330,64,175733
27422,0.000716,216.58.203.0-255,5738,34068,64,175733
27423,0.000719,172.31.40.0-255,66,34134,64,175733
27424,0.000739,216.58.203.0-255,4320,38454,64,175733
27425,0.000741,172.31.40.0-255,66,38520,64,175733
27426,0.000775,216.58.203.0-255,5379,43899,64,175733
27427,0.000777,172.31.40.0-255,66,43965,64,175733
27428,0.000789,172.31.40.0-255,66,44031,64,175733
27429,0.000795,216.58.203.0-255,3961,47992,64,175733
27430,0.000797,172.31.40.0-255,66,48058,64,175733
27431,0.001276,216.58.203.0-255,646,48704,64,175733
27432,0.001463,216.58.203.0-255,1484,50188,64,175733
27433,0.001469,172.31.40.0-255,66,50254,64,175733
27434,0.001475,216.58.203.0-255,2902,53156,64,175733
27435,0.001477,172.31.40.0-255,66,53222,64,175733
27436,0.001481,216.58.203.0-255,2902,56124,64,175733
27437,0.001483,172.31.40.0-255,66,56190,64,175733
27438,0.001505,216.58.203.0-255,2902,59092,64,175733
27439,0.001507,172.31.40.0-255,66,59158,64,175733
27440,0.001512,216.58.203.0-255,4320,63478,64,175733
27441,0.001514,172.31.40.0-255,66,63544,64,175733
27442,0.00152,216.58.203.0-255,5379,68923,64,175733
27443,0.001522,172.31.40.0-255,66,68989,64,175733
27444,0.00156,172.31.40.0-255,66,69055,64,175733
27445,0.001601,216.58.203.0-255,5379,74434,64,175733
27446,0.001604,172.31.40.0-255,66,74500,64,175733
27447,0.003256,216.58.203.0-255,5738,80238,64,175733
27448,0.003263,172.31.40.0-255,66,80304,64,175733
27449,0.004912,216.58.203.0-255,5738,86042,64,175733
27450,0.004919,172.31.40.0-255,66,86108,64,175733
27451,0.006571,216.58.203.0-255,4320,90428,64,175733
27452,0.006575,172.31.40.0-255,66,90494,64,175733
27453,0.006593,216.58.203.0-255,1484,91978,64,175733
27454,0.00822,216.58.203.0-255,4320,96298,64,175733
27455,0.008228,172.31.40.0-255,66,96364,64,175733
27456,0.009874,216.58.203.0-255,5738,102102,64,175733
27457,0.009881,172.31.40.0-255,66,102168,64,175733
27458,0.011532,216.58.203.0-255,5738,107906,64,175733
27459,0.01154,172.31.40.0-255,66,107972,64,175733
27460,0.01319,216.58.203.0-255,5738,113710,64,175733
27461,0.013198,172.31.40.0-255,66,113776,64,175733
27462,0.014855,216.58.203.0-255,5738,119514,64,175733
27463,0.014864,172.31.40.0-255,66,119580,64,175733
27464,0.016522,216.58.203.0-255,5738,125318,64,175733
27465,0.01653,172.31.40.0-255,66,125384,64,175733
27466,0.018182,216.58.203.0-255,5738,131122,64,175733
27467,0.018189,172.31.40.0-255,66,131188,64,175733
27468,0.019842,216.58.203.0-255,5738,136926,64,175733
27469,0.019848,172.31.40.0-255,66,136992,64,175733
27470,0.021497,216.58.203.0-255,5738,142730,64,175733
27471,0.021504,172.31.40.0-255,66,142796,64,175733
27472,0.023161,216.58.203.0-255,5738,148534,64,175733
27473,0.023169,172.31.40.0-255,66,148600,64,175733
27474,0.024816,216.58.203.0-255,5738,154338,64,175733
27475,0.024823,172.31.40.0-255,66,154404,64,175733
27476,0.025948,172.31.40.0-255,172,154576,64,175733
27477,0.025983,172.31.40.0-255,1112,155688,64,175733
27478,0.02604,172.31.40.0-255,1514,157202,64,175733
27479,0.026042,172.31.40.0-255,1514,158716,64,175733
27480,0.026065,172.31.40.0-255,693,159409,64,175733
27481,0.026479,216.58.203.0-255,5738,165147,64,175733
27482,0.026486,172.31.40.0-255,66,165213,64,175733
27483,0.027486,104.244.42.0-255,66,165279,64,175733
27484,0.027527,104.244.42.0-255,66,165345,64,175733
27485,0.027641,104.244.42.0-255,66,165411,64,175733
27486,0.027647,104.244.42.0-255,66,165477,64,175733
27487,0.028133,216.58.203.0-255,4320,169797,64,175733
27488,0.028139,172.31.40.0-255,66,169863,64,175733
27489,0.028157,216.58.203.0-255,1484,171347,64,175733
27490,0.029803,216.58.203.0-255,4320,175667,64,175733
27491,0.029809,172.31.40.0-255,66,175733,64,175733
27492,0.0,172.31.40.0-255,105,105,64,459
27493,0.000159,172.31.40.0-255,90,195,64,459
27494,0.00017,172.31.40.0-255,66,261,64,459
27495,0.002432,74.125.68.0-255,66,327,64,459
27496,0.002464,74.125.68.0-255,66,393,64,459
27497,0.00249,172.31.40.0-255,66,459,64,459
27498,0.0,74.125.24.0-255,150,150,64,159897
27499,2.4e-05,172.31.40.0-255,66,216,64,159897
27500,3.2e-05,74.125.24.0-255,1484,1700,64,159897
27501,3.7e-05,172.31.40.0-255,66,1766,64,159897
27502,4.3e-05,74.125.24.0-255,2902,4668,64,159897
27503,5.4e-05,172.31.40.0-255,66,4734,64,159897
27504,7.7e-05,74.125.24.0-255,7156,11890,64,159897
27505,8.1e-05,172.31.40.0-255,66,11956,64,159897
27506,9.6e-05,172.31.40.0-255,66,12022,64,159897
27507,0.000133,74.125.24.0-255,5379,17401,64,159897
27508,0.000136,172.31.40.0-255,66,17467,64,159897
27509,0.000175,74.125.24.0-255,1484,18951,64,159897
27510,0.000177,172.31.40.0-255,66,19017,64,159897
27511,0.000181,74.125.24.0-255,1484,20501,64,159897
27512,0.000183,172.31.40.0-255,66,20567,64,159897
27513,0.000209,74.125.24.0-255,1484,22051,64,159897
27514,0.000212,172.31.40.0-255,66,22117,64,159897
27515,0.000219,74.125.24.0-255,5738,27855,64,159897
27516,0.000225,172.31.40.0-255,66,27921,64,159897
27517,0.000238,172.31.40.0-255,66,27987,64,159897
27518,0.000294,172.31.40.0-255,66,28053,64,159897
27519,0.000445,74.125.24.0-255,137,28190,64,159897
27520,0.00045,172.31.40.0-255,66,28256,64,159897
27521,0.000563,74.125.24.0-255,1484,29740,64,159897
27522,0.000567,172.31.40.0-255,66,29806,64,159897
27523,0.000572,74.125.24.0-255,2902,32708,64,159897
27524,0.000574,172.31.40.0-255,66,32774,64,159897
27525,0.000602,74.125.24.0-255,5738,38512,64,159897
27526,0.000605,172.31.40.0-255,66,38578,64,159897
27527,0.000643,172.31.40.0-255,66,38644,64,159897
27528,0.000655,172.31.40.0-255,66,38710,64,159897
27529,0.000684,74.125.24.0-255,1125,39835,64,159897
27530,0.000806,74.125.24.0-255,1484,41319,64,159897
27531,0.00081,172.31.40.0-255,66,41385,64,159897
27532,0.000815,74.125.24.0-255,2902,44287,64,159897
27533,0.000817,172.31.40.0-255,66,44353,64,159897
27534,0.000872,74.125.24.0-255,5738,50091,64,159897
27535,0.000875,172.31.40.0-255,66,50157,64,159897
27536,0.000894,172.31.40.0-255,66,50223,64,159897
27537,0.000905,172.31.40.0-255,66,50289,64,159897
27538,0.000908,74.125.24.0-255,766,51055,64,159897
27539,0.001242,74.125.24.0-255,1484,52539,64,159897
27540,0.001246,172.31.40.0-255,66,52605,64,159897
27541,0.001252,74.125.24.0-255,2902,55507,64,159897
27542,0.001254,172.31.40.0-255,66,55573,64,159897
27543,0.001266,74.125.24.0-255,5738,61311,64,159897
27544,0.001268,172.31.40.0-255,66,61377,64,159897
27545,0.00131,172.31.40.0-255,66,61443,64,159897
27546,0.001315,74.125.24.0-255,4320,65763,64,159897
27547,0.001317,172.31.40.0-255,66,65829,64,159897
27548,0.001358,74.125.24.0-255,6438,72267,64,159897
27549,0.00136,172.31.40.0-255,66,72333,64,159897
27550,0.001453,74.125.24.0-255,1484,73817,64,159897
27551,0.001458,74.125.24.0-255,2902,76719,64,159897
27552,0.001461,172.31.40.0-255,66,76785,64,159897
27553,0.001465,74.125.24.0-255,1484,78269,64,159897
27554,0.001494,74.125.24.0-255,4320,82589,64,159897
27555,0.001497,172.31.40.0-255,66,82655,64,159897
27556,0.001512,172.31.40.0-255,66,82721,64,159897
27557,0.001547,74.125.24.0-255,2902,85623,64,159897
27558,0.00155,172.31.40.0-255,66,85689,64,159897
27559,0.001588,172.31.40.0-255,66,85755,64,159897
27560,0.001712,74.125.24.0-255,1484,87239,64,159897
27561,0.001718,74.125.24.0-255,2902,90141,64,159897
27562,0.00172,172.31.40.0-255,66,90207,64,159897
27563,0.001724,74.125.24.0-255,1484,91691,64,159897
27564,0.00175,74.125.24.0-255,4320,96011,64,159897
27565,0.001753,172.31.40.0-255,66,96077,64,159897
27566,0.001759,74.125.24.0-255,5738,101815,64,159897
27567,0.001761,172.31.40.0-255,66,101881,64,159897
27568,0.001766,74.125.24.0-255,2902,104783,64,159897
27569,0.001773,172.31.40.0-255,66,104849,64,159897
27570,0.001813,172.31.40.0-255,66,104915,64,159897
27571,0.001819,74.125.24.0-255,5020,109935,64,159897
27572,0.001821,172.31.40.0-255,66,110001,64,159897
27573,0.00202,74.125.24.0-255,1484,111485,64,159897
27574,0.002025,74.125.24.0-255,2902,114387,64,159897
27575,0.002028,172.31.40.0-255,66,114453,64,159897
27576,0.002036,74.125.24.0-255,5738,120191,64,159897
27577,0.002039,172.31.40.0-255,66,120257,64,159897
27578,0.002049,74.125.24.0-255,4320,124577,64,159897
27579,0.002051,172.31.40.0-255,66,124643,64,159897
27580,0.00215,172.31.40.0-255,66,124709,64,159897
27581,0.002255,74.125.24.0-255,7156,131865,64,159897
27582,0.00226,74.125.24.0-255,3602,135467,64,159897
27583,0.002264,74.125.24.0-255,2902,138369,64,159897
27584,0.002279,74.125.24.0-255,1484,139853,64,159897
27585,0.002281,74.125.24.0-255,1484,141337,64,159897
27586,0.002321,74.125.24.0-255,5738,147075,64,159897
27587,0.002361,74.125.24.0-255,5738,152813,64,159897
27588,0.002401,74.125.24.0-255,1484,154297,64,159897
27589,0.002454,74.125.24.0-255,3407,157704,64,159897
27590,0.00248,74.125.24.0-255,105,157809,64,159897
27591,0.002509,74.125.24.0-255,129,157938,64,159897
27592,0.010814,172.31.40.0-255,66,158004,64,159897
27593,0.010822,172.31.40.0-255,66,158070,64,159897
27594,0.010826,172.31.40.0-255,66,158136,64,159897
27595,0.010849,172.31.40.0-255,66,158202,64,159897
27596,0.010853,172.31.40.0-255,66,158268,64,159897
27597,0.010856,172.31.40.0-255,66,158334,64,159897
27598,0.01086,172.31.40.0-255,66,158400,64,159897
27599,0.010863,172.31.40.0-255,66,158466,64,159897
27600,0.010869,172.31.40.0-255,66,158532,64,159897
27601,0.010872,172.31.40.0-255,66,158598,64,159897
27602,0.010875,172.31.40.0-255,66,158664,64,159897
27603,0.010878,172.31.40.0-255,66,158730,64,159897
27604,0.010881,172.31.40.0-255,66,158796,64,159897
27605,0.010885,172.31.40.0-255,66,158862,64,159897
27606,0.010888,172.31.40.0-255,66,158928,64,159897
27607,0.010891,172.31.40.0-255,66,158994,64,159897
27608,0.012979,74.125.24.0-255,129,159123,64,159897
27609,0.012988,172.31.40.0-255,78,159201,64,159897
27610,0.013413,172.31.40.0-255,105,159306,64,159897
27611,0.01345,172.31.40.0-255,105,159411,64,159897
27612,0.013698,172.31.40.0-255,90,159501,64,159897
27613,0.013708,172.31.40.0-255,66,159567,64,159897
27614,0.015989,74.125.24.0-255,66,159633,64,159897
27615,0.016022,74.125.24.0-255,66,159699,64,159897
27616,0.01627,74.125.24.0-255,66,159765,64,159897
27617,0.016293,74.125.24.0-255,66,159831,64,159897
27618,0.016301,172.31.40.0-255,66,159897,64,159897
27619,0.0,74.125.24.0-255,153,153,64,211171
27620,1.8e-05,172.31.40.0-255,66,219,64,211171
27621,2.5e-05,74.125.24.0-255,1484,1703,64,211171
27622,3e-05,172.31.40.0-255,66,1769,64,211171
27623,3.5e-05,74.125.24.0-255,2902,4671,64,211171
27624,3.9e-05,172.31.40.0-255,66,4737,64,211171
27625,4.6e-05,74.125.24.0-255,7156,11893,64,211171
27626,5e-05,172.31.40.0-255,66,11959,64,211171
27627,5.4e-05,74.125.24.0-255,2038,13997,64,211171
27628,5.7e-05,172.31.40.0-255,66,14063,64,211171
27629,0.000284,74.125.24.0-255,1484,15547,64,211171
27630,0.00029,172.31.40.0-255,66,15613,64,211171
27631,0.000296,74.125.24.0-255,2902,18515,64,211171
27632,0.000299,172.31.40.0-255,66,18581,64,211171
27633,0.000301,74.125.24.0-255,1484,20065,64,211171
27634,0.000304,172.31.40.0-255,66,20131,64,211171
27635,0.000333,74.125.24.0-255,4320,24451,64,211171
27636,0.000337,172.31.40.0-255,66,24517,64,211171
27637,0.000351,74.125.24.0-255,5738,30255,64,211171
27638,0.000354,172.31.40.0-255,66,30321,64,211171
27639,0.000374,172.31.40.0-255,66,30387,64,211171
27640,0.000385,172.31.40.0-255,66,30453,64,211171
27641,0.000407,74.125.24.0-255,1125,31578,64,211171
27642,0.000409,172.31.40.0-255,66,31644,64,211171
27643,0.000413,74.125.24.0-255,1484,33128,64,211171
27644,0.000414,172.31.40.0-255,66,33194,64,211171
27645,0.000418,74.125.24.0-255,1484,34678,64,211171
27646,0.00042,172.31.40.0-255,66,34744,64,211171
27647,0.000447,74.125.24.0-255,1484,36228,64,211171
27648,0.000449,172.31.40.0-255,66,36294,64,211171
27649,0.000456,74.125.24.0-255,5738,42032,64,211171
27650,0.000459,172.31.40.0-255,66,42098,64,211171
27651,0.000464,74.125.24.0-255,4320,46418,64,211171
27652,0.000466,172.31.40.0-255,66,46484,64,211171
27653,0.00049,74.125.24.0-255,2854,49338,64,211171
27654,0.000492,172.31.40.0-255,66,49404,64,211171
27655,0.000522,74.125.24.0-255,375,49779,64,211171
27656,0.000754,74.125.24.0-255,1484,51263,64,211171
27657,0.000758,172.31.40.0-255,66,51329,64,211171
27658,0.000772,74.125.24.0-255,2902,54231,64,211171
27659,0.000774,74.125.24.0-255,1484,55715,64,211171
27660,0.000777,172.31.40.0-255,66,55781,64,211171
27661,0.000787,74.125.24.0-255,4320,60101,64,211171
27662,0.000789,172.31.40.0-255,66,60167,64,211171
27663,0.000822,172.31.40.0-255,66,60233,64,211171
27664,0.000828,74.125.24.0-255,5738,65971,64,211171
27665,0.00083,172.31.40.0-255,66,66037,64,211171
27666,0.000842,74.125.24.0-255,2902,68939,64,211171
27667,0.000844,172.31.40.0-255,66,69005,64,211171
27668,0.000884,74.125.24.0-255,2184,71189,64,211171
27669,0.000887,172.31.40.0-255,66,71255,64,211171
27670,0.00115,74.125.24.0-255,1484,72739,64,211171
27671,0.001154,74.125.24.0-255,2902,75641,64,211171
27672,0.001159,172.31.40.0-255,66,75707,64,211171
27673,0.001173,74.125.24.0-255,5738,81445,64,211171
27674,0.001176,172.31.40.0-255,66,81511,64,211171
27675,0.001227,172.31.40.0-255,66,81577,64,211171
27676,0.001238,172.31.40.0-255,66,81643,64,211171
27677,0.001258,74.125.24.0-255,766,82409,64,211171
27678,0.001546,172.31.40.0-255,66,82475,64,211171
27679,0.002013,74.125.24.0-255,1484,83959,64,211171
27680,0.002023,74.125.24.0-255,2902,86861,64,211171
27681,0.002026,172.31.40.0-255,66,86927,64,211171
27682,0.002033,74.125.24.0-255,5738,92665,64,211171
27683,0.002035,172.31.40.0-255,66,92731,64,211171
27684,0.002072,172.31.40.0-255,66,92797,64,211171
27685,0.002101,172.31.40.0-255,66,92863,64,211171
27686,0.002127,74.125.24.0-255,1484,94347,64,211171
27687,0.002149,74.125.24.0-255,2902,97249,64,211171
27688,0.002151,172.31.40.0-255,66,97315,64,211171
27689,0.002156,74.125.24.0-255,4320,101635,64,211171
27690,0.002158,172.31.40.0-255,66,101701,64,211171
27691,0.002173,74.125.24.0-255,1484,103185,64,211171
27692,0.002178,74.125.24.0-255,4320,107505,64,211171
27693,0.00218,172.31.40.0-255,66,107571,64,211171
27694,0.002206,172.31.40.0-255,66,107637,64,211171
27695,0.002216,172.31.40.0-255,66,107703,64,211171
27696,0.002227,74.125.24.0-255,766,108469,64,211171
27697,0.002273,74.125.24.0-255,1484,109953,64,211171
27698,0.002276,172.31.40.0-255,66,110019,64,211171
27699,0.002279,74.125.24.0-255,1484,111503,64,211171
27700,0.002295,74.125.24.0-255,1484,112987,64,211171
27701,0.002297,172.31.40.0-255,66,113053,64,211171
27702,0.002303,74.125.24.0-255,5738,118791,64,211171
27703,0.002304,172.31.40.0-255,66,118857,64,211171
27704,0.002333,172.31.40.0-255,66,118923,64,211171
27705,0.002345,74.125.24.0-255,1484,120407,64,211171
27706,0.002354,172.31.40.0-255,66,120473,64,211171
27707,0.002387,74.125.24.0-255,2184,122657,64,211171
27708,0.00239,172.31.40.0-255,66,122723,64,211171
27709,0.002417,74.125.24.0-255,2902,125625,64,211171
27710,0.002419,172.31.40.0-255,66,125691,64,211171
27711,0.002449,74.125.24.0-255,7156,132847,64,211171
27712,0.002451,172.31.40.0-255,66,132913,64,211171
27713,0.002461,74.125.24.0-255,5738,138651,64,211171
27714,0.002463,172.31.40.0-255,66,138717,64,211171
27715,0.002468,74.125.24.0-255,5738,144455,64,211171
27716,0.00247,172.31.40.0-255,66,144521,64,211171
27717,0.002499,172.31.40.0-255,66,144587,64,211171
27718,0.002509,172.31.40.0-255,66,144653,64,211171
27719,0.00253,74.125.24.0-255,766,145419,64,211171
27720,0.00254,172.31.40.0-255,66,145485,64,211171
27721,0.002571,74.125.24.0-255,1484,146969,64,211171
27722,0.002592,172.31.40.0-255,66,147035,64,211171
27723,0.005167,74.125.24.0-255,5738,152773,64,211171
27724,0.005172,172.31.40.0-255,66,152839,64,211171
27725,0.006912,172.31.40.0-255,101,152940,64,211171
27726,0.007746,74.125.24.0-255,2902,155842,64,211171
27727,0.007752,172.31.40.0-255,66,155908,64,211171
27728,0.007773,74.125.24.0-255,2902,158810,64,211171
27729,0.007775,172.31.40.0-255,66,158876,64,211171
27730,0.009436,74.125.24.0-255,66,158942,64,211171
27731,0.01033,74.125.24.0-255,2902,161844,64,211171
27732,0.010336,172.31.40.0-255,66,161910,64,211171
27733,0.010379,74.125.24.0-255,2902,164812,64,211171
27734,0.010382,172.31.40.0-255,66,164878,64,211171
27735,0.012913,74.125.24.0-255,2902,167780,64,211171
27736,0.012919,172.31.40.0-255,66,167846,64,211171
27737,0.012942,74.125.24.0-255,2902,170748,64,211171
27738,0.012945,172.31.40.0-255,66,170814,64,211171
27739,0.0155,74.125.24.0-255,2902,173716,64,211171
27740,0.01551,172.31.40.0-255,66,173782,64,211171
27741,0.015537,74.125.24.0-255,2902,176684,64,211171
27742,0.01554,172.31.40.0-255,66,176750,64,211171
27743,0.018088,74.125.24.0-255,2902,179652,64,211171
27744,0.018096,172.31.40.0-255,66,179718,64,211171
27745,0.018118,74.125.24.0-255,2902,182620,64,211171
27746,0.018122,172.31.40.0-255,66,182686,64,211171
27747,0.020709,74.125.24.0-255,5738,188424,64,211171
27748,0.020717,172.31.40.0-255,66,188490,64,211171
27749,0.023303,74.125.24.0-255,5738,194228,64,211171
27750,0.023309,172.31.40.0-255,66,194294,64,211171
27751,0.025894,74.125.24.0-255,5738,200032,64,211171
27752,0.025903,172.31.40.0-255,66,200098,64,211171
27753,0.027833,172.31.40.0-255,172,200270,64,211171
27754,0.027862,172.31.40.0-255,1112,201382,64,211171
27755,0.02791,172.31.40.0-255,1514,202896,64,211171
27756,0.027912,172.31.40.0-255,1514,204410,64,211171
27757,0.027935,172.31.40.0-255,693,205103,64,211171
27758,0.028498,74.125.24.0-255,5738,210841,64,211171
27759,0.028505,172.31.40.0-255,66,210907,64,211171
27760,0.029363,104.244.42.0-255,66,210973,64,211171
27761,0.029406,104.244.42.0-255,66,211039,64,211171
27762,0.029493,104.244.42.0-255,66,211105,64,211171
27763,0.029507,104.244.42.0-255,66,211171,64,211171
27764,0.0,74.125.24.0-255,153,153,64,185586
27765,2.3e-05,172.31.40.0-255,66,219,64,185586
27766,3e-05,74.125.24.0-255,1484,1703,64,185586
27767,3.5e-05,172.31.40.0-255,66,1769,64,185586
27768,4.1e-05,74.125.24.0-255,2902,4671,64,185586
27769,4.3e-05,172.31.40.0-255,66,4737,64,185586
27770,5.9e-05,74.125.24.0-255,7156,11893,64,185586
27771,6.3e-05,172.31.40.0-255,66,11959,64,185586
27772,8.1e-05,172.31.40.0-255,66,12025,64,185586
27773,0.000109,74.125.24.0-255,2543,14568,64,185586
27774,0.000112,172.31.40.0-255,66,14634,64,185586
27775,0.000139,74.125.24.0-255,2902,17536,64,185586
27776,0.000141,172.31.40.0-255,66,17602,64,185586
27777,0.000144,74.125.24.0-255,1484,19086,64,185586
27778,0.000147,172.31.40.0-255,66,19152,64,185586
27779,0.000168,74.125.24.0-255,4320,23472,64,185586
27780,0.000171,172.31.40.0-255,66,23538,64,185586
27781,0.000187,172.31.40.0-255,66,23604,64,185586
27782,0.000216,74.125.24.0-255,1484,25088,64,185586
27783,0.000218,172.31.40.0-255,66,25154,64,185586
27784,0.000253,172.31.40.0-255,66,25220,64,185586
27785,0.000278,74.125.24.0-255,342,25562,64,185586
27786,0.00028,172.31.40.0-255,66,25628,64,185586
27787,0.000382,74.125.24.0-255,1484,27112,64,185586
27788,0.000386,172.31.40.0-255,66,27178,64,185586
27789,0.00039,74.125.24.0-255,1484,28662,64,185586
27790,0.000392,172.31.40.0-255,66,28728,64,185586
27791,0.000416,74.125.24.0-255,1484,30212,64,185586
27792,0.000418,172.31.40.0-255,66,30278,64,185586
27793,0.000425,74.125.24.0-255,5738,36016,64,185586
27794,0.000428,172.31.40.0-255,66,36082,64,185586
27795,0.000436,74.125.24.0-255,7156,43238,64,185586
27796,0.000443,172.31.40.0-255,66,43304,64,185586
27797,0.000476,74.125.24.0-255,5738,49042,64,185586
27798,0.00048,172.31.40.0-255,66,49108,64,185586
27799,0.000484,74.125.24.0-255,2902,52010,64,185586
27800,0.000486,172.31.40.0-255,66,52076,64,185586
27801,0.000517,172.31.40.0-255,66,52142,64,185586
27802,0.000595,74.125.24.0-255,1484,53626,64,185586
27803,0.0006,74.125.24.0-255,1484,55110,64,185586
27804,0.000603,172.31.40.0-255,66,55176,64,185586
27805,0.000625,74.125.24.0-255,1484,56660,64,185586
27806,0.000659,74.125.24.0-255,1484,58144,64,185586
27807,0.000661,172.31.40.0-255,66,58210,64,185586
27808,0.000692,74.125.24.0-255,4320,62530,64,185586
27809,0.000695,172.31.40.0-255,66,62596,64,185586
27810,0.000708,172.31.40.0-255,66,62662,64,185586
27811,0.000714,74.125.24.0-255,4320,66982,64,185586
27812,0.000716,172.31.40.0-255,66,67048,64,185586
27813,0.000747,74.125.24.0-255,4320,71368,64,185586
27814,0.00075,172.31.40.0-255,66,71434,64,185586
27815,0.000754,74.125.24.0-255,2184,73618,64,185586
27816,0.000756,172.31.40.0-255,66,73684,64,185586
27817,0.000761,74.125.24.0-255,2902,76586,64,185586
27818,0.000763,172.31.40.0-255,66,76652,64,185586
27819,0.00077,74.125.24.0-255,7156,83808,64,185586
27820,0.000778,172.31.40.0-255,66,83874,64,185586
27821,0.000781,74.125.24.0-255,1484,85358,64,185586
27822,0.000795,172.31.40.0-255,66,85424,64,185586
27823,0.000806,172.31.40.0-255,66,85490,64,185586
27824,0.001347,74.125.24.0-255,1484,86974,64,185586
27825,0.001354,74.125.24.0-255,2902,89876,64,185586
27826,0.001357,172.31.40.0-255,66,89942,64,185586
27827,0.001361,74.125.24.0-255,1484,91426,64,185586
27828,0.001392,74.125.24.0-255,4320,95746,64,185586
27829,0.001395,172.31.40.0-255,66,95812,64,185586
27830,0.001429,172.31.40.0-255,66,95878,64,185586
27831,0.001432,74.125.24.0-255,1484,97362,64,185586
27832,0.001455,74.125.24.0-255,4320,101682,64,185586
27833,0.001458,172.31.40.0-255,66,101748,64,185586
27834,0.001485,74.125.24.0-255,5020,106768,64,185586
27835,0.001487,172.31.40.0-255,66,106834,64,185586
27836,0.001587,74.125.24.0-255,1484,108318,64,185586
27837,0.001602,74.125.24.0-255,2902,111220,64,185586
27838,0.001605,172.31.40.0-255,66,111286,64,185586
27839,0.001609,74.125.24.0-255,1484,112770,64,185586
27840,0.001634,74.125.24.0-255,4320,117090,64,185586
27841,0.001637,172.31.40.0-255,66,117156,64,185586
27842,0.001643,74.125.24.0-255,5738,122894,64,185586
27843,0.001645,172.31.40.0-255,66,122960,64,185586
27844,0.001684,172.31.40.0-255,66,123026,64,185586
27845,0.001689,74.125.24.0-255,2902,125928,64,185586
27846,0.001691,172.31.40.0-255,66,125994,64,185586
27847,0.00171,74.125.24.0-255,2184,128178,64,185586
27848,0.001713,172.31.40.0-255,66,128244,64,185586
27849,0.001781,74.125.24.0-255,1484,129728,64,185586
27850,0.001787,74.125.24.0-255,2902,132630,64,185586
27851,0.00179,172.31.40.0-255,66,132696,64,185586
27852,0.001796,74.125.24.0-255,4320,137016,64,185586
27853,0.001799,172.31.40.0-255,66,137082,64,185586
27854,0.00183,74.125.24.0-255,1484,138566,64,185586
27855,0.001836,74.125.24.0-255,5738,144304,64,185586
27856,0.001839,172.31.40.0-255,66,144370,64,185586
27857,0.001864,74.125.24.0-255,5738,150108,64,185586
27858,0.001867,172.31.40.0-255,66,150174,64,185586
27859,0.001893,74.125.24.0-255,7156,157330,64,185586
27860,0.001896,172.31.40.0-255,66,157396,64,185586
27861,0.001903,74.125.24.0-255,5020,162416,64,185586
27862,0.001905,172.31.40.0-255,66,162482,64,185586
27863,0.001926,74.125.24.0-255,5738,168220,64,185586
27864,0.001929,172.31.40.0-255,66,168286,64,185586
27865,0.001962,74.125.24.0-255,7156,175442,64,185586
27866,0.001965,172.31.40.0-255,66,175508,64,185586
27867,0.001985,172.31.40.0-255,66,175574,64,185586
27868,0.002026,74.125.24.0-255,4320,179894,64,185586
27869,0.002028,172.31.40.0-255,66,179960,64,185586
27870,0.002059,74.125.24.0-255,3602,183562,64,185586
27871,0.002062,172.31.40.0-255,66,183628,64,185586
27872,0.002083,172.31.40.0-255,66,183694,64,185586
27873,0.002103,74.125.24.0-255,1484,185178,64,185586
27874,0.002118,172.31.40.0-255,66,185244,64,185586
27875,0.00224,74.125.24.0-255,105,185349,64,185586
27876,0.006136,172.31.40.0-255,66,185415,64,185586
27877,0.009634,172.31.40.0-255,105,185520,64,185586
27878,0.011901,74.125.24.0-255,66,185586,64,185586
27879,0.0,172.217.194.0-255,150,150,64,252102
27880,2.7e-05,172.31.40.0-255,66,216,64,252102
27881,3.5e-05,172.217.194.0-255,1484,1700,64,252102
27882,4e-05,172.31.40.0-255,66,1766,64,252102
27883,4.6e-05,172.217.194.0-255,2902,4668,64,252102
27884,4.8e-05,172.31.40.0-255,66,4734,64,252102
27885,5.6e-05,172.217.194.0-255,7156,11890,64,252102
27886,5.8e-05,172.31.40.0-255,66,11956,64,252102
27887,6.3e-05,172.217.194.0-255,2148,14104,64,252102
27888,6.6e-05,172.31.40.0-255,66,14170,64,252102
27889,0.000243,172.217.194.0-255,1484,15654,64,252102
27890,0.000248,172.31.40.0-255,66,15720,64,252102
27891,0.000255,172.217.194.0-255,2902,18622,64,252102
27892,0.000258,172.31.40.0-255,66,18688,64,252102
27893,0.000262,172.217.194.0-255,2902,21590,64,252102
27894,0.000264,172.31.40.0-255,66,21656,64,252102
27895,0.000285,172.217.194.0-255,2902,24558,64,252102
27896,0.000287,172.31.40.0-255,66,24624,64,252102
27897,0.000318,172.217.194.0-255,6797,31421,64,252102
27898,0.000321,172.31.40.0-255,66,31487,64,252102
27899,0.000661,172.217.194.0-255,1484,32971,64,252102
27900,0.000667,172.31.40.0-255,66,33037,64,252102
27901,0.000673,172.217.194.0-255,2902,35939,64,252102
27902,0.000675,172.31.40.0-255,66,36005,64,252102
27903,0.00069,172.217.194.0-255,4320,40325,64,252102
27904,0.000692,172.31.40.0-255,66,40391,64,252102
27905,0.00074,172.217.194.0-255,4320,44711,64,252102
27906,0.000743,172.31.40.0-255,66,44777,64,252102
27907,0.000762,172.217.194.0-255,3961,48738,64,252102
27908,0.000764,172.31.40.0-255,66,48804,64,252102
27909,0.000939,172.217.194.0-255,1484,50288,64,252102
27910,0.000946,172.31.40.0-255,66,50354,64,252102
27911,0.000968,172.217.194.0-255,2902,53256,64,252102
27912,0.000971,172.31.40.0-255,66,53322,64,252102
27913,0.000977,172.217.194.0-255,5738,59060,64,252102
27914,0.000979,172.31.40.0-255,66,59126,64,252102
27915,0.000999,172.217.194.0-255,5738,64864,64,252102
27916,0.001002,172.31.40.0-255,66,64930,64,252102
27917,0.001025,172.217.194.0-255,1418,66348,64,252102
27918,0.00103,172.217.194.0-255,385,66733,64,252102
27919,0.001032,172.31.40.0-255,66,66799,64,252102
27920,0.001196,172.217.194.0-255,1484,68283,64,252102
27921,0.001203,172.217.194.0-255,2902,71185,64,252102
27922,0.001206,172.31.40.0-255,66,71251,64,252102
27923,0.00121,172.217.194.0-255,1484,72735,64,252102
27924,0.001228,172.217.194.0-255,4320,77055,64,252102
27925,0.00123,172.31.40.0-255,66,77121,64,252102
27926,0.001233,172.217.194.0-255,1484,78605,64,252102
27927,0.001253,172.217.194.0-255,2902,81507,64,252102
27928,0.001255,172.31.40.0-255,66,81573,64,252102
27929,0.001288,172.217.194.0-255,5379,86952,64,252102
27930,0.001291,172.31.40.0-255,66,87018,64,252102
27931,0.001342,172.217.194.0-255,5738,92756,64,252102
27932,0.001356,172.31.40.0-255,66,92822,64,252102
27933,0.001493,172.217.194.0-255,1484,94306,64,252102
27934,0.00151,172.217.194.0-255,2902,97208,64,252102
27935,0.001521,172.31.40.0-255,66,97274,64,252102
27936,0.001538,172.217.194.0-255,5738,103012,64,252102
27937,0.001541,172.31.40.0-255,66,103078,64,252102
27938,0.001545,172.217.194.0-255,2902,105980,64,252102
27939,0.001562,172.31.40.0-255,66,106046,64,252102
27940,0.001617,172.217.194.0-255,5738,111784,64,252102
27941,0.001623,172.217.194.0-255,5020,116804,64,252102
27942,0.001636,172.31.40.0-255,66,116870,64,252102
27943,0.001649,172.217.194.0-255,5738,122608,64,252102
27944,0.001684,172.217.194.0-255,7156,129764,64,252102
27945,0.001689,172.31.40.0-255,66,129830,64,252102
27946,0.001708,172.217.194.0-255,5738,135568,64,252102
27947,0.001716,172.31.40.0-255,66,135634,64,252102
27948,0.00177,172.31.40.0-255,66,135700,64,252102
27949,0.001976,172.217.194.0-255,1484,137184,64,252102
27950,0.001982,172.217.194.0-255,2902,140086,64,252102
27951,0.001985,172.31.40.0-255,66,140152,64,252102
27952,0.001989,172.217.194.0-255,1484,141636,64,252102
27953,0.002009,172.217.194.0-255,4320,145956,64,252102
27954,0.002012,172.217.194.0-255,1484,147440,64,252102
27955,0.002025,172.31.40.0-255,66,147506,64,252102
27956,0.002038,172.217.194.0-255,4320,151826,64,252102
27957,0.002052,172.217.194.0-255,4320,156146,64,252102
27958,0.002066,172.31.40.0-255,66,156212,64,252102
27959,0.002078,172.217.194.0-255,5738,161950,64,252102
27960,0.002116,172.31.40.0-255,66,162016,64,252102
27961,0.003321,172.217.194.0-255,1484,163500,64,252102
27962,0.003335,172.217.194.0-255,2902,166402,64,252102
27963,0.003341,172.31.40.0-255,66,166468,64,252102
27964,0.00335,172.217.194.0-255,5738,172206,64,252102
27965,0.003352,172.31.40.0-255,66,172272,64,252102
27966,0.003356,172.217.194.0-255,1484,173756,64,252102
27967,0.003375,172.217.194.0-255,5738,179494,64,252102
27968,0.003377,172.31.40.0-255,66,179560,64,252102
27969,0.003383,172.217.194.0-255,4320,183880,64,252102
27970,0.003385,172.31.40.0-255,66,183946,64,252102
27971,0.003414,172.217.194.0-255,4320,188266,64,252102
27972,0.003872,172.217.194.0-255,1484,189750,64,252102
27973,0.003877,172.217.194.0-255,2902,192652,64,252102
27974,0.003899,172.217.194.0-255,5738,198390,64,252102
27975,0.003916,172.217.194.0-255,2902,201292,64,252102
27976,0.00405,172.217.194.0-255,2902,204194,64,252102
27977,0.004227,172.217.194.0-255,1484,205678,64,252102
27978,0.004231,172.217.194.0-255,2902,208580,64,252102
27979,0.004256,172.217.194.0-255,5738,214318,64,252102
27980,0.004276,172.217.194.0-255,2902,217220,64,252102
27981,0.004307,172.217.194.0-255,7156,224376,64,252102
27982,0.004347,172.217.194.0-255,4320,228696,64,252102
27983,0.00443,172.217.194.0-255,2902,231598,64,252102
27984,0.004458,172.217.194.0-255,5738,237336,64,252102
27985,0.004511,172.217.194.0-255,7156,244492,64,252102
27986,0.004523,172.217.194.0-255,2184,246676,64,252102
27987,0.004561,172.217.194.0-255,4320,250996,64,252102
27988,0.004579,172.217.194.0-255,647,251643,64,252102
27989,0.004582,172.217.194.0-255,105,251748,64,252102
27990,0.012449,172.217.194.0-255,105,251853,64,252102
27991,0.012461,172.31.40.0-255,78,251931,64,252102
27992,0.015411,172.31.40.0-255,105,252036,64,252102
27993,0.017492,172.217.194.0-255,66,252102,64,252102
27994,0.0,74.125.24.0-255,152,152,64,173769
27995,1.8e-05,172.31.40.0-255,66,218,64,173769
27996,2.6e-05,74.125.24.0-255,1484,1702,64,173769
27997,3.2e-05,172.31.40.0-255,66,1768,64,173769
27998,3.8e-05,74.125.24.0-255,2902,4670,64,173769
27999,4.1e-05,172.31.40.0-255,66,4736,64,173769
28000,8.4e-05,74.125.24.0-255,4320,9056,64,173769
28001,8.8e-05,172.31.40.0-255,66,9122,64,173769
28002,0.000132,74.125.24.0-255,4947,14069,64,173769
28003,0.000135,172.31.40.0-255,66,14135,64,173769
28004,0.00021,74.125.24.0-255,1484,15619,64,173769
28005,0.000214,172.31.40.0-255,66,15685,64,173769
28006,0.000219,74.125.24.0-255,2902,18587,64,173769
28007,0.000221,172.31.40.0-255,66,18653,64,173769
28008,0.000261,74.125.24.0-255,2902,21555,64,173769
28009,0.000264,172.31.40.0-255,66,21621,64,173769
28010,0.000282,74.125.24.0-255,2902,24523,64,173769
28011,0.000285,172.31.40.0-255,66,24589,64,173769
28012,0.000345,74.125.24.0-255,2902,27491,64,173769
28013,0.000349,172.31.40.0-255,66,27557,64,173769
28014,0.000367,74.125.24.0-255,3961,31518,64,173769
28015,0.00037,172.31.40.0-255,66,31584,64,173769
28016,0.000597,74.125.24.0-255,1484,33068,64,173769
28017,0.000602,172.31.40.0-255,66,33134,64,173769
28018,0.000608,74.125.24.0-255,2902,36036,64,173769
28019,0.00061,172.31.40.0-255,66,36102,64,173769
28020,0.000638,74.125.24.0-255,4320,40422,64,173769
28021,0.000641,172.31.40.0-255,66,40488,64,173769
28022,0.00066,74.125.24.0-255,1484,41972,64,173769
28023,0.000662,172.31.40.0-255,66,42038,64,173769
28024,0.000743,74.125.24.0-255,5738,47776,64,173769
28025,0.000746,172.31.40.0-255,66,47842,64,173769
28026,0.000788,172.31.40.0-255,66,47908,64,173769
28027,0.000928,74.125.24.0-255,5738,53646,64,173769
28028,0.000933,172.31.40.0-255,66,53712,64,173769
28029,0.000962,172.31.40.0-255,101,53813,64,173769
28030,0.001024,74.125.24.0-255,3961,57774,64,173769
28031,0.001031,172.31.40.0-255,66,57840,64,173769
28032,0.001577,74.125.24.0-255,394,58234,64,173769
28033,0.001606,74.125.24.0-255,350,58584,64,173769
28034,0.002194,74.125.24.0-255,1484,60068,64,173769
28035,0.002201,172.31.40.0-255,66,60134,64,173769
28036,0.002208,74.125.24.0-255,2902,63036,64,173769
28037,0.002234,74.125.24.0-255,2902,65938,64,173769
28038,0.002253,74.125.24.0-255,2902,68840,64,173769
28039,0.002322,74.125.24.0-255,5738,74578,64,173769
28040,0.002339,74.125.24.0-255,7156,81734,64,173769
28041,0.002501,74.125.24.0-255,1484,83218,64,173769
28042,0.002521,74.125.24.0-255,1484,84702,64,173769
28043,0.002538,74.125.24.0-255,4320,89022,64,173769
28044,0.002558,74.125.24.0-255,3602,92624,64,173769
28045,0.002659,74.125.24.0-255,1484,94108,64,173769
28046,0.002682,74.125.24.0-255,2902,97010,64,173769
28047,0.00272,74.125.24.0-255,5738,102748,64,173769
28048,0.002803,74.125.24.0-255,5738,108486,64,173769
28049,0.00283,74.125.24.0-255,7156,115642,64,173769
28050,0.002988,74.125.24.0-255,1484,117126,64,173769
28051,0.003009,74.125.24.0-255,7156,124282,64,173769
28052,0.003115,74.125.24.0-255,2184,126466,64,173769
28053,0.003155,74.125.24.0-255,1484,127950,64,173769
28054,0.003547,74.125.24.0-255,2902,130852,64,173769
28055,0.003561,74.125.24.0-255,3602,134454,64,173769
28056,0.003644,74.125.24.0-255,2902,137356,64,173769
28057,0.003655,74.125.24.0-255,2902,140258,64,173769
28058,0.003728,74.125.24.0-255,1484,141742,64,173769
28059,0.003877,74.125.24.0-255,7156,148898,64,173769
28060,0.004133,74.125.24.0-255,5738,154636,64,173769
28061,0.004195,74.125.24.0-255,4320,158956,64,173769
28062,0.004208,74.125.24.0-255,5738,164694,64,173769
28063,0.004951,74.125.24.0-255,66,164760,64,173769
28064,0.00572,74.125.24.0-255,5738,170498,64,173769
28065,0.00584,74.125.24.0-255,2902,173400,64,173769
28066,0.010346,172.31.40.0-255,66,173466,64,173769
28067,0.012722,172.31.40.0-255,66,173532,64,173769
28068,0.012761,172.31.40.0-255,66,173598,64,173769
28069,0.014124,172.31.40.0-255,105,173703,64,173769
28070,0.020147,74.125.24.0-255,66,173769,64,173769
28071,0.0,74.125.24.0-255,150,150,64,258064
28072,2.2e-05,172.31.40.0-255,66,216,64,258064
28073,3e-05,74.125.24.0-255,1484,1700,64,258064
28074,3.4e-05,172.31.40.0-255,66,1766,64,258064
28075,3.9e-05,74.125.24.0-255,2902,4668,64,258064
28076,4.3e-05,172.31.40.0-255,66,4734,64,258064
28077,5.1e-05,74.125.24.0-255,7156,11890,64,258064
28078,5.4e-05,172.31.40.0-255,66,11956,64,258064
28079,8.7e-05,172.31.40.0-255,66,12022,64,258064
28080,0.000122,74.125.24.0-255,5379,17401,64,258064
28081,0.000125,172.31.40.0-255,66,17467,64,258064
28082,0.000178,74.125.24.0-255,1484,18951,64,258064
28083,0.000181,172.31.40.0-255,66,19017,64,258064
28084,0.000186,74.125.24.0-255,2902,21919,64,258064
28085,0.000188,172.31.40.0-255,66,21985,64,258064
28086,0.000193,74.125.24.0-255,2902,24887,64,258064
28087,0.000195,172.31.40.0-255,66,24953,64,258064
28088,0.000223,74.125.24.0-255,2902,27855,64,258064
28089,0.000225,172.31.40.0-255,66,27921,64,258064
28090,0.000232,74.125.24.0-255,7156,35077,64,258064
28091,0.000234,172.31.40.0-255,66,35143,64,258064
28092,0.00027,172.31.40.0-255,66,35209,64,258064
28093,0.000274,74.125.24.0-255,2483,37692,64,258064
28094,0.000277,172.31.40.0-255,66,37758,64,258064
28095,0.000294,74.125.24.0-255,130,37888,64,258064
28096,0.000296,172.31.40.0-255,66,37954,64,258064
28097,0.000369,74.125.24.0-255,1484,39438,64,258064
28098,0.000373,172.31.40.0-255,66,39504,64,258064
28099,0.000391,74.125.24.0-255,2902,42406,64,258064
28100,0.000394,172.31.40.0-255,66,42472,64,258064
28101,0.000399,74.125.24.0-255,5738,48210,64,258064
28102,0.000402,172.31.40.0-255,66,48276,64,258064
28103,0.000421,74.125.24.0-255,5738,54014,64,258064
28104,0.000423,172.31.40.0-255,66,54080,64,258064
28105,0.000442,74.125.24.0-255,824,54904,64,258064
28106,0.000567,74.125.24.0-255,1484,56388,64,258064
28107,0.000572,172.31.40.0-255,66,56454,64,258064
28108,0.000577,74.125.24.0-255,2902,59356,64,258064
28109,0.000579,172.31.40.0-255,66,59422,64,258064
28110,0.000585,74.125.24.0-255,5738,65160,64,258064
28111,0.000588,172.31.40.0-255,66,65226,64,258064
28112,0.000605,74.125.24.0-255,2902,68128,64,258064
28113,0.000608,172.31.40.0-255,66,68194,64,258064
28114,0.00065,172.31.40.0-255,66,68260,64,258064
28115,0.00066,172.31.40.0-255,66,68326,64,258064
28116,0.000662,74.125.24.0-255,766,69092,64,258064
28117,0.000804,74.125.24.0-255,1484,70576,64,258064
28118,0.000808,172.31.40.0-255,66,70642,64,258064
28119,0.000813,74.125.24.0-255,2902,73544,64,258064
28120,0.000816,172.31.40.0-255,66,73610,64,258064
28121,0.000837,74.125.24.0-255,5738,79348,64,258064
28122,0.00084,172.31.40.0-255,66,79414,64,258064
28123,0.000879,74.125.24.0-255,7156,86570,64,258064
28124,0.000882,172.31.40.0-255,66,86636,64,258064
28125,0.000899,74.125.24.0-255,5738,92374,64,258064
28126,0.000902,172.31.40.0-255,66,92440,64,258064
28127,0.000914,172.31.40.0-255,66,92506,64,258064
28128,0.000949,74.125.24.0-255,1484,93990,64,258064
28129,0.000961,74.125.24.0-255,1484,95474,64,258064
28130,0.000964,172.31.40.0-255,66,95540,64,258064
28131,0.000983,74.125.24.0-255,1484,97024,64,258064
28132,0.000987,74.125.24.0-255,2902,99926,64,258064
28133,0.00099,172.31.40.0-255,66,99992,64,258064
28134,0.000997,74.125.24.0-255,7156,107148,64,258064
28135,0.000999,172.31.40.0-255,66,107214,64,258064
28136,0.001027,172.31.40.0-255,66,107280,64,258064
28137,0.001055,74.125.24.0-255,5738,113018,64,258064
28138,0.001058,172.31.40.0-255,66,113084,64,258064
28139,0.001063,74.125.24.0-255,3602,116686,64,258064
28140,0.001065,172.31.40.0-255,66,116752,64,258064
28141,0.001208,74.125.24.0-255,1484,118236,64,258064
28142,0.001222,74.125.24.0-255,2902,121138,64,258064
28143,0.001226,172.31.40.0-255,66,121204,64,258064
28144,0.001232,74.125.24.0-255,5738,126942,64,258064
28145,0.001234,172.31.40.0-255,66,127008,64,258064
28146,0.001238,74.125.24.0-255,2902,129910,64,258064
28147,0.001241,172.31.40.0-255,66,129976,64,258064
28148,0.001268,172.31.40.0-255,66,130042,64,258064
28149,0.001285,74.125.24.0-255,7156,137198,64,258064
28150,0.001288,172.31.40.0-255,66,137264,64,258064
28151,0.001308,74.125.24.0-255,3602,140866,64,258064
28152,0.001313,172.31.40.0-255,66,140932,64,258064
28153,0.001357,74.125.24.0-255,1484,142416,64,258064
28154,0.001361,74.125.24.0-255,1484,143900,64,258064
28155,0.001364,172.31.40.0-255,66,143966,64,258064
28156,0.001381,74.125.24.0-255,1484,145450,64,258064
28157,0.001388,74.125.24.0-255,5738,151188,64,258064
28158,0.00139,172.31.40.0-255,66,151254,64,258064
28159,0.001392,74.125.24.0-255,1484,152738,64,258064
28160,0.001409,74.125.24.0-255,5738,158476,64,258064
28161,0.001411,172.31.40.0-255,66,158542,64,258064
28162,0.001437,74.125.24.0-255,5738,164280,64,258064
28163,0.00144,172.31.40.0-255,66,164346,64,258064
28164,0.001457,172.31.40.0-255,66,164412,64,258064
28165,0.001645,74.125.24.0-255,1484,165896,64,258064
28166,0.001651,74.125.24.0-255,2902,168798,64,258064
28167,0.001654,172.31.40.0-255,66,168864,64,258064
28168,0.001676,74.125.24.0-255,5738,174602,64,258064
28169,0.001678,172.31.40.0-255,66,174668,64,258064
28170,0.001681,74.125.24.0-255,1484,176152,64,258064
28171,0.001709,172.31.40.0-255,66,176218,64,258064
28172,0.001751,172.31.40.0-255,66,176284,64,258064
28173,0.001769,74.125.24.0-255,2184,178468,64,258064
28174,0.001772,172.31.40.0-255,66,178534,64,258064
28175,0.001792,74.125.24.0-255,7156,185690,64,258064
28176,0.001795,172.31.40.0-255,66,185756,64,258064
28177,0.001801,74.125.24.0-255,5738,191494,64,258064
28178,0.001803,172.31.40.0-255,66,191560,64,258064
28179,0.00182,74.125.24.0-255,2902,194462,64,258064
28180,0.001823,172.31.40.0-255,66,194528,64,258064
28181,0.001825,74.125.24.0-255,1484,196012,64,258064
28182,0.001865,172.31.40.0-255,66,196078,64,258064
28183,0.001868,74.125.24.0-255,766,196844,64,258064
28184,0.001915,74.125.24.0-255,1484,198328,64,258064
28185,0.001919,74.125.24.0-255,2902,201230,64,258064
28186,0.001923,172.31.40.0-255,66,201296,64,258064
28187,0.001927,172.31.40.0-255,66,201362,64,258064
28188,0.001947,74.125.24.0-255,5738,207100,64,258064
28189,0.001951,172.31.40.0-255,66,207166,64,258064
28190,0.001955,74.125.24.0-255,2902,210068,64,258064
28191,0.001957,172.31.40.0-255,66,210134,64,258064
28192,0.001968,172.31.40.0-255,66,210200,64,258064
28193,0.001987,74.125.24.0-255,1484,211684,64,258064
28194,0.001992,74.125.24.0-255,2902,214586,64,258064
28195,0.001995,172.31.40.0-255,66,214652,64,258064
28196,0.002021,172.31.40.0-255,66,214718,64,258064
28197,0.002208,74.125.24.0-255,1484,216202,64,258064
28198,0.002214,74.125.24.0-255,2902,219104,64,258064
28199,0.002217,172.31.40.0-255,66,219170,64,258064
28200,0.002222,74.125.24.0-255,2902,222072,64,258064
28201,0.002224,172.31.40.0-255,66,222138,64,258064
28202,0.002238,74.125.24.0-255,2902,225040,64,258064
28203,0.00224,172.31.40.0-255,66,225106,64,258064
28204,0.002247,74.125.24.0-255,5738,230844,64,258064
28205,0.002249,172.31.40.0-255,66,230910,64,258064
28206,0.00228,74.125.24.0-255,7156,238066,64,258064
28207,0.002283,172.31.40.0-255,66,238132,64,258064
28208,0.002297,172.31.40.0-255,66,238198,64,258064
28209,0.002303,74.125.24.0-255,7156,245354,64,258064
28210,0.002306,172.31.40.0-255,66,245420,64,258064
28211,0.002333,74.125.24.0-255,7156,252576,64,258064
28212,0.002336,172.31.40.0-255,66,252642,64,258064
28213,0.00235,74.125.24.0-255,5014,257656,64,258064
28214,0.002353,172.31.40.0-255,66,257722,64,258064
28215,0.002374,74.125.24.0-255,105,257827,64,258064
28216,0.004656,172.31.40.0-255,66,257893,64,258064
28217,0.004694,172.31.40.0-255,105,257998,64,258064
28218,0.007178,74.125.24.0-255,66,258064,64,258064
28219,0.0,172.217.194.0-255,146,146,64,183199
28220,2.1e-05,172.31.40.0-255,66,212,64,183199
28221,2.8e-05,172.217.194.0-255,1484,1696,64,183199
28222,3.3e-05,172.31.40.0-255,66,1762,64,183199
28223,3.9e-05,172.217.194.0-255,2902,4664,64,183199
28224,4.2e-05,172.31.40.0-255,66,4730,64,183199
28225,5e-05,172.217.194.0-255,7156,11886,64,183199
28226,5.2e-05,172.31.40.0-255,66,11952,64,183199
28227,7.8e-05,172.217.194.0-255,1910,13862,64,183199
28228,8e-05,172.31.40.0-255,66,13928,64,183199
28229,0.000215,172.217.194.0-255,1484,15412,64,183199
28230,0.00022,172.31.40.0-255,66,15478,64,183199
28231,0.000226,172.217.194.0-255,2902,18380,64,183199
28232,0.000228,172.31.40.0-255,66,18446,64,183199
28233,0.000232,172.217.194.0-255,2902,21348,64,183199
28234,0.000235,172.31.40.0-255,66,21414,64,183199
28235,0.000251,172.217.194.0-255,1484,22898,64,183199
28236,0.000253,172.31.40.0-255,66,22964,64,183199
28237,0.00027,172.217.194.0-255,7156,30120,64,183199
28238,0.000272,172.31.40.0-255,66,30186,64,183199
28239,0.0003,172.217.194.0-255,2543,32729,64,183199
28240,0.000303,172.31.40.0-255,66,32795,64,183199
28241,0.000316,172.31.40.0-255,66,32861,64,183199
28242,0.000339,172.217.194.0-255,5738,38599,64,183199
28243,0.000342,172.31.40.0-255,66,38665,64,183199
28244,0.000362,172.217.194.0-255,5379,44044,64,183199
28245,0.000364,172.31.40.0-255,66,44110,64,183199
28246,0.000389,172.217.194.0-255,7156,51266,64,183199
28247,0.000392,172.31.40.0-255,66,51332,64,183199
28248,0.000409,172.217.194.0-255,1441,52773,64,183199
28249,0.000411,172.31.40.0-255,66,52839,64,183199
28250,0.000532,172.217.194.0-255,362,53201,64,183199
28251,0.000536,172.31.40.0-255,66,53267,64,183199
28252,0.000749,172.217.194.0-255,1484,54751,64,183199
28253,0.000765,172.217.194.0-255,2902,57653,64,183199
28254,0.000771,172.217.194.0-255,5738,63391,64,183199
28255,0.000778,172.31.40.0-255,66,63457,64,183199
28256,0.000796,172.217.194.0-255,7156,70613,64,183199
28257,0.000815,172.31.40.0-255,66,70679,64,183199
28258,0.000833,172.217.194.0-255,1484,72163,64,183199
28259,0.00089,172.31.40.0-255,66,72229,64,183199
28260,0.001074,172.217.194.0-255,1484,73713,64,183199
28261,0.001082,172.217.194.0-255,2902,76615,64,183199
28262,0.001086,172.31.40.0-255,66,76681,64,183199
28263,0.001092,172.217.194.0-255,5738,82419,64,183199
28264,0.001163,172.217.194.0-255,1484,83903,64,183199
28265,0.001168,172.217.194.0-255,2902,86805,64,183199
28266,0.001193,172.217.194.0-255,5738,92543,64,183199
28267,0.001207,172.217.194.0-255,1484,94027,64,183199
28268,0.001264,172.217.194.0-255,2902,96929,64,183199
28269,0.001354,172.217.194.0-255,1484,98413,64,183199
28270,0.001372,172.217.194.0-255,2902,101315,64,183199
28271,0.001395,172.217.194.0-255,5738,107053,64,183199
28272,0.001429,172.217.194.0-255,1484,108537,64,183199
28273,0.001464,172.217.194.0-255,5738,114275,64,183199
28274,0.001485,172.217.194.0-255,5020,119295,64,183199
28275,0.001579,172.217.194.0-255,1484,120779,64,183199
28276,0.001584,172.217.194.0-255,2902,123681,64,183199
28277,0.001588,172.217.194.0-255,1484,125165,64,183199
28278,0.001612,172.217.194.0-255,4320,129485,64,183199
28279,0.001617,172.217.194.0-255,5738,135223,64,183199
28280,0.001626,172.217.194.0-255,1484,136707,64,183199
28281,0.001672,172.217.194.0-255,5738,142445,64,183199
28282,0.001736,172.217.194.0-255,2902,145347,64,183199
28283,0.001757,172.217.194.0-255,5738,151085,64,183199
28284,0.001782,172.217.194.0-255,5738,156823,64,183199
28285,0.001795,172.217.194.0-255,2902,159725,64,183199
28286,0.001837,172.217.194.0-255,1484,161209,64,183199
28287,0.001849,172.217.194.0-255,2902,164111,64,183199
28288,0.001861,172.217.194.0-255,1484,165595,64,183199
28289,0.001877,172.217.194.0-255,5738,171333,64,183199
28290,0.001896,172.217.194.0-255,2184,173517,64,183199
28291,0.002026,172.217.194.0-255,3602,177119,64,183199
28292,0.002074,172.217.194.0-255,5738,182857,64,183199
28293,0.0023,172.217.194.0-255,105,182962,64,183199
28294,0.008779,172.31.40.0-255,66,183028,64,183199
28295,0.011673,172.31.40.0-255,105,183133,64,183199
28296,0.014018,172.217.194.0-255,66,183199,64,183199
28297,0.0,74.125.68.0-255,156,156,64,161325
28298,1.8e-05,172.31.40.0-255,66,222,64,161325
28299,2.4e-05,74.125.68.0-255,1484,1706,64,161325
28300,2.8e-05,172.31.40.0-255,66,1772,64,161325
28301,3.4e-05,74.125.68.0-255,2902,4674,64,161325
28302,3.8e-05,172.31.40.0-255,66,4740,64,161325
28303,7.2e-05,74.125.68.0-255,7156,11896,64,161325
28304,7.6e-05,172.31.40.0-255,66,11962,64,161325
28305,9.1e-05,74.125.68.0-255,2138,14100,64,161325
28306,9.4e-05,172.31.40.0-255,66,14166,64,161325
28307,0.000141,74.125.68.0-255,1484,15650,64,161325
28308,0.000143,172.31.40.0-255,66,15716,64,161325
28309,0.000149,74.125.68.0-255,2902,18618,64,161325
28310,0.000151,172.31.40.0-255,66,18684,64,161325
28311,0.000178,74.125.68.0-255,2902,21586,64,161325
28312,0.000181,172.31.40.0-255,66,21652,64,161325
28313,0.000186,74.125.68.0-255,4320,25972,64,161325
28314,0.000189,172.31.40.0-255,66,26038,64,161325
28315,0.000225,74.125.68.0-255,5379,31417,64,161325
28316,0.000228,172.31.40.0-255,66,31483,64,161325
28317,0.000427,74.125.68.0-255,1484,32967,64,161325
28318,0.000443,172.31.40.0-255,66,33033,64,161325
28319,0.000449,74.125.68.0-255,2902,35935,64,161325
28320,0.000451,172.31.40.0-255,66,36001,64,161325
28321,0.000477,74.125.68.0-255,5738,41739,64,161325
28322,0.000481,172.31.40.0-255,66,41805,64,161325
28323,0.000485,74.125.68.0-255,2902,44707,64,161325
28324,0.000487,172.31.40.0-255,66,44773,64,161325
28325,0.000493,74.125.68.0-255,3961,48734,64,161325
28326,0.000495,172.31.40.0-255,66,48800,64,161325
28327,0.000566,74.125.68.0-255,1484,50284,64,161325
28328,0.000569,172.31.40.0-255,66,50350,64,161325
28329,0.000574,74.125.68.0-255,2902,53252,64,161325
28330,0.000577,172.31.40.0-255,66,53318,64,161325
28331,0.000601,74.125.68.0-255,4320,57638,64,161325
28332,0.000605,172.31.40.0-255,66,57704,64,161325
28333,0.000615,74.125.68.0-255,2902,60606,64,161325
28334,0.000617,172.31.40.0-255,66,60672,64,161325
28335,0.000638,74.125.68.0-255,5709,66381,64,161325
28336,0.000641,172.31.40.0-255,66,66447,64,161325
28337,0.000679,74.125.68.0-255,348,66795,64,161325
28338,0.001136,172.31.40.0-255,66,66861,64,161325
28339,0.001288,74.125.68.0-255,1484,68345,64,161325
28340,0.001298,74.125.68.0-255,2902,71247,64,161325
28341,0.001302,172.31.40.0-255,66,71313,64,161325
28342,0.001306,74.125.68.0-255,1484,72797,64,161325
28343,0.001322,74.125.68.0-255,2902,75699,64,161325
28344,0.001325,172.31.40.0-255,66,75765,64,161325
28345,0.00134,74.125.68.0-255,2902,78667,64,161325
28346,0.001343,172.31.40.0-255,66,78733,64,161325
28347,0.00136,74.125.68.0-255,2902,81635,64,161325
28348,0.001362,172.31.40.0-255,66,81701,64,161325
28349,0.001401,172.31.40.0-255,66,81767,64,161325
28350,0.001409,74.125.68.0-255,5738,87505,64,161325
28351,0.001411,172.31.40.0-255,66,87571,64,161325
28352,0.001428,74.125.68.0-255,3602,91173,64,161325
28353,0.00143,172.31.40.0-255,66,91239,64,161325
28354,0.003651,74.125.68.0-255,1484,92723,64,161325
28355,0.003675,74.125.68.0-255,1484,94207,64,161325
28356,0.00368,172.31.40.0-255,66,94273,64,161325
28357,0.0037,74.125.68.0-255,2902,97175,64,161325
28358,0.003703,172.31.40.0-255,66,97241,64,161325
28359,0.005936,74.125.68.0-255,4320,101561,64,161325
28360,0.005941,172.31.40.0-255,66,101627,64,161325
28361,0.005957,74.125.68.0-255,1484,103111,64,161325
28362,0.0082,74.125.68.0-255,2902,106013,64,161325
28363,0.008207,172.31.40.0-255,66,106079,64,161325
28364,0.008227,74.125.68.0-255,1484,107563,64,161325
28365,0.010495,74.125.68.0-255,4320,111883,64,161325
28366,0.010504,172.31.40.0-255,66,111949,64,161325
28367,0.012768,74.125.68.0-255,5738,117687,64,161325
28368,0.012776,172.31.40.0-255,66,117753,64,161325
28369,0.015036,74.125.68.0-255,5738,123491,64,161325
28370,0.015044,172.31.40.0-255,66,123557,64,161325
28371,0.017326,74.125.68.0-255,5738,129295,64,161325
28372,0.017335,172.31.40.0-255,66,129361,64,161325
28373,0.019598,74.125.68.0-255,5738,135099,64,161325
28374,0.019607,172.31.40.0-255,66,135165,64,161325
28375,0.021881,74.125.68.0-255,4320,139485,64,161325
28376,0.021888,172.31.40.0-255,66,139551,64,161325
28377,0.021906,74.125.68.0-255,1484,141035,64,161325
28378,0.024155,74.125.68.0-255,4320,145355,64,161325
28379,0.024163,172.31.40.0-255,66,145421,64,161325
28380,0.025818,172.31.40.0-255,176,145597,64,161325
28381,0.025846,172.31.40.0-255,1113,146710,64,161325
28382,0.025894,172.31.40.0-255,1514,148224,64,161325
28383,0.025895,172.31.40.0-255,1295,149519,64,161325
28384,0.026432,74.125.68.0-255,5738,155257,64,161325
28385,0.026439,172.31.40.0-255,66,155323,64,161325
28386,0.027363,104.244.42.0-255,66,155389,64,161325
28387,0.027552,104.244.42.0-255,66,155455,64,161325
28388,0.027557,104.244.42.0-255,66,155521,64,161325
28389,0.028695,74.125.68.0-255,5738,161259,64,161325
28390,0.028701,172.31.40.0-255,66,161325,64,161325
28391,0.0,74.125.24.0-255,153,153,64,219803
28392,1.6e-05,172.31.40.0-255,66,219,64,219803
28393,2.3e-05,74.125.24.0-255,1484,1703,64,219803
28394,2.7e-05,172.31.40.0-255,66,1769,64,219803
28395,3.3e-05,74.125.24.0-255,2902,4671,64,219803
28396,3.6e-05,172.31.40.0-255,66,4737,64,219803
28397,4.2e-05,74.125.24.0-255,4320,9057,64,219803
28398,4.6e-05,172.31.40.0-255,66,9123,64,219803
28399,4.9e-05,74.125.24.0-255,1484,10607,64,219803
28400,5.2e-05,172.31.40.0-255,66,10673,64,219803
28401,8.5e-05,172.31.40.0-255,66,10739,64,219803
28402,9.7e-05,172.31.40.0-255,66,10805,64,219803
28403,0.000117,74.125.24.0-255,3961,14766,64,219803
28404,0.000119,172.31.40.0-255,66,14832,64,219803
28405,0.000168,74.125.24.0-255,1484,16316,64,219803
28406,0.00017,172.31.40.0-255,66,16382,64,219803
28407,0.000175,74.125.24.0-255,2902,19284,64,219803
28408,0.000177,172.31.40.0-255,66,19350,64,219803
28409,0.00018,74.125.24.0-255,1484,20834,64,219803
28410,0.000182,172.31.40.0-255,66,20900,64,219803
28411,0.000204,74.125.24.0-255,4320,25220,64,219803
28412,0.000207,172.31.40.0-255,66,25286,64,219803
28413,0.000218,172.31.40.0-255,66,25352,64,219803
28414,0.00023,172.31.40.0-255,66,25418,64,219803
28415,0.000253,74.125.24.0-255,1484,26902,64,219803
28416,0.000256,172.31.40.0-255,66,26968,64,219803
28417,0.000278,74.125.24.0-255,5651,32619,64,219803
28418,0.000281,172.31.40.0-255,66,32685,64,219803
28419,0.000343,74.125.24.0-255,129,32814,64,219803
28420,0.000524,74.125.24.0-255,1484,34298,64,219803
28421,0.00053,172.31.40.0-255,66,34364,64,219803
28422,0.000536,74.125.24.0-255,2902,37266,64,219803
28423,0.000539,172.31.40.0-255,66,37332,64,219803
28424,0.000546,74.125.24.0-255,5738,43070,64,219803
28425,0.000548,172.31.40.0-255,66,43136,64,219803
28426,0.000572,74.125.24.0-255,6797,49933,64,219803
28427,0.000575,172.31.40.0-255,66,49999,64,219803
28428,0.000615,172.31.40.0-255,66,50065,64,219803
28429,0.000619,74.125.24.0-255,2248,52313,64,219803
28430,0.000621,172.31.40.0-255,66,52379,64,219803
28431,0.00072,74.125.24.0-255,1484,53863,64,219803
28432,0.000727,74.125.24.0-255,2902,56765,64,219803
28433,0.000729,172.31.40.0-255,66,56831,64,219803
28434,0.000755,74.125.24.0-255,5738,62569,64,219803
28435,0.000758,172.31.40.0-255,66,62635,64,219803
28436,0.000772,172.31.40.0-255,66,62701,64,219803
28437,0.000818,74.125.24.0-255,5738,68439,64,219803
28438,0.000821,172.31.40.0-255,66,68505,64,219803
28439,0.000843,74.125.24.0-255,5020,73525,64,219803
28440,0.000845,172.31.40.0-255,66,73591,64,219803
28441,0.001288,74.125.24.0-255,1484,75075,64,219803
28442,0.001295,74.125.24.0-255,2902,77977,64,219803
28443,0.0013,74.125.24.0-255,4320,82297,64,219803
28444,0.001307,172.31.40.0-255,66,82363,64,219803
28445,0.001311,172.31.40.0-255,66,82429,64,219803
28446,0.001319,74.125.24.0-255,1484,83913,64,219803
28447,0.001326,74.125.24.0-255,5738,89651,64,219803
28448,0.001328,172.31.40.0-255,66,89717,64,219803
28449,0.001372,172.31.40.0-255,66,89783,64,219803
28450,0.001378,74.125.24.0-255,5020,94803,64,219803
28451,0.00138,172.31.40.0-255,66,94869,64,219803
28452,0.001449,74.125.24.0-255,1484,96353,64,219803
28453,0.001493,74.125.24.0-255,2902,99255,64,219803
28454,0.001497,172.31.40.0-255,66,99321,64,219803
28455,0.001504,74.125.24.0-255,5738,105059,64,219803
28456,0.001506,172.31.40.0-255,66,105125,64,219803
28457,0.001511,74.125.24.0-255,2902,108027,64,219803
28458,0.001513,172.31.40.0-255,66,108093,64,219803
28459,0.001545,74.125.24.0-255,1484,109577,64,219803
28460,0.001562,172.31.40.0-255,66,109643,64,219803
28461,0.001568,74.125.24.0-255,3602,113245,64,219803
28462,0.00157,172.31.40.0-255,66,113311,64,219803
28463,0.002074,74.125.24.0-255,1484,114795,64,219803
28464,0.002081,74.125.24.0-255,2902,117697,64,219803
28465,0.002085,172.31.40.0-255,66,117763,64,219803
28466,0.002109,74.125.24.0-255,4320,122083,64,219803
28467,0.002111,172.31.40.0-255,66,122149,64,219803
28468,0.002114,74.125.24.0-255,1484,123633,64,219803
28469,0.002135,74.125.24.0-255,4320,127953,64,219803
28470,0.002137,172.31.40.0-255,66,128019,64,219803
28471,0.002175,74.125.24.0-255,7156,135175,64,219803
28472,0.002177,172.31.40.0-255,66,135241,64,219803
28473,0.002196,74.125.24.0-255,4320,139561,64,219803
28474,0.002199,172.31.40.0-255,66,139627,64,219803
28475,0.002209,172.31.40.0-255,66,139693,64,219803
28476,0.002415,74.125.24.0-255,1484,141177,64,219803
28477,0.00242,74.125.24.0-255,2902,144079,64,219803
28478,0.002425,172.31.40.0-255,66,144145,64,219803
28479,0.002437,74.125.24.0-255,5738,149883,64,219803
28480,0.002439,172.31.40.0-255,66,149949,64,219803
28481,0.002445,74.125.24.0-255,4320,154269,64,219803
28482,0.002447,172.31.40.0-255,66,154335,64,219803
28483,0.002479,74.125.24.0-255,1484,155819,64,219803
28484,0.002499,172.31.40.0-255,66,155885,64,219803
28485,0.002505,74.125.24.0-255,5020,160905,64,219803
28486,0.002507,172.31.40.0-255,66,160971,64,219803
28487,0.005054,74.125.24.0-255,2902,163873,64,219803
28488,0.005059,172.31.40.0-255,66,163939,64,219803
28489,0.005081,74.125.24.0-255,2902,166841,64,219803
28490,0.005083,172.31.40.0-255,66,166907,64,219803
28491,0.007597,74.125.24.0-255,2902,169809,64,219803
28492,0.007601,172.31.40.0-255,66,169875,64,219803
28493,0.007627,74.125.24.0-255,2902,172777,64,219803
28494,0.007629,172.31.40.0-255,66,172843,64,219803
28495,0.010138,74.125.24.0-255,2902,175745,64,219803
28496,0.010145,172.31.40.0-255,66,175811,64,219803
28497,0.010215,74.125.24.0-255,2902,178713,64,219803
28498,0.010219,172.31.40.0-255,66,178779,64,219803
28499,0.012681,74.125.24.0-255,2902,181681,64,219803
28500,0.012703,172.31.40.0-255,66,181747,64,219803
28501,0.012771,74.125.24.0-255,2902,184649,64,219803
28502,0.012775,172.31.40.0-255,66,184715,64,219803
28503,0.015252,74.125.24.0-255,2902,187617,64,219803
28504,0.01526,172.31.40.0-255,66,187683,64,219803
28505,0.015312,74.125.24.0-255,2902,190585,64,219803
28506,0.015315,172.31.40.0-255,66,190651,64,219803
28507,0.017823,74.125.24.0-255,2902,193553,64,219803
28508,0.017831,172.31.40.0-255,66,193619,64,219803
28509,0.017852,74.125.24.0-255,2902,196521,64,219803
28510,0.017854,172.31.40.0-255,66,196587,64,219803
28511,0.020378,74.125.24.0-255,5738,202325,64,219803
28512,0.020387,172.31.40.0-255,66,202391,64,219803
28513,0.022928,74.125.24.0-255,5738,208129,64,219803
28514,0.022934,172.31.40.0-255,66,208195,64,219803
28515,0.025479,74.125.24.0-255,5738,213933,64,219803
28516,0.025485,172.31.40.0-255,66,213999,64,219803
28517,0.028031,74.125.24.0-255,5738,219737,64,219803
28518,0.028038,172.31.40.0-255,66,219803,64,219803
28519,0.0,172.217.194.0-255,153,153,64,236642
28520,2.4e-05,172.31.40.0-255,66,219,64,236642
28521,3.1e-05,172.217.194.0-255,1484,1703,64,236642
28522,3.6e-05,172.31.40.0-255,66,1769,64,236642
28523,5e-05,172.217.194.0-255,2902,4671,64,236642
28524,5.3e-05,172.31.40.0-255,66,4737,64,236642
28525,6.1e-05,172.217.194.0-255,7156,11893,64,236642
28526,6.4e-05,172.31.40.0-255,66,11959,64,236642
28527,6.8e-05,172.217.194.0-255,1984,13943,64,236642
28528,7.1e-05,172.31.40.0-255,66,14009,64,236642
28529,0.000105,172.217.194.0-255,5738,19747,64,236642
28530,0.000108,172.31.40.0-255,66,19813,64,236642
28531,0.000141,172.217.194.0-255,5738,25551,64,236642
28532,0.000144,172.31.40.0-255,66,25617,64,236642
28533,0.00015,172.217.194.0-255,5379,30996,64,236642
28534,0.000152,172.31.40.0-255,66,31062,64,236642
28535,0.000257,172.217.194.0-255,1484,32546,64,236642
28536,0.000261,172.31.40.0-255,66,32612,64,236642
28537,0.000267,172.217.194.0-255,2902,35514,64,236642
28538,0.000269,172.31.40.0-255,66,35580,64,236642
28539,0.000284,172.217.194.0-255,1484,37064,64,236642
28540,0.000286,172.31.40.0-255,66,37130,64,236642
28541,0.00031,172.217.194.0-255,4320,41450,64,236642
28542,0.000314,172.31.40.0-255,66,41516,64,236642
28543,0.000322,172.217.194.0-255,6797,48313,64,236642
28544,0.000324,172.31.40.0-255,66,48379,64,236642
28545,0.00096,172.217.194.0-255,1484,49863,64,236642
28546,0.000966,172.31.40.0-255,66,49929,64,236642
28547,0.000976,172.217.194.0-255,2902,52831,64,236642
28548,0.000978,172.31.40.0-255,66,52897,64,236642
28549,0.00099,172.217.194.0-255,5738,58635,64,236642
28550,0.000992,172.31.40.0-255,66,58701,64,236642
28551,0.001024,172.217.194.0-255,5738,64439,64,236642
28552,0.001027,172.31.40.0-255,66,64505,64,236642
28553,0.001049,172.217.194.0-255,1125,65630,64,236642
28554,0.001076,172.217.194.0-255,4320,69950,64,236642
28555,0.001079,172.31.40.0-255,66,70016,64,236642
28556,0.001085,172.217.194.0-255,4320,74336,64,236642
28557,0.001087,172.31.40.0-255,66,74402,64,236642
28558,0.001112,172.217.194.0-255,1484,75886,64,236642
28559,0.001118,172.217.194.0-255,5738,81624,64,236642
28560,0.001121,172.31.40.0-255,66,81690,64,236642
28561,0.001144,172.217.194.0-255,1125,82815,64,236642
28562,0.001157,172.217.194.0-255,1484,84299,64,236642
28563,0.001159,172.31.40.0-255,66,84365,64,236642
28564,0.001191,172.217.194.0-255,6318,90683,64,236642
28565,0.001193,172.31.40.0-255,66,90749,64,236642
28566,0.001201,172.217.194.0-255,7156,97905,64,236642
28567,0.001203,172.31.40.0-255,66,97971,64,236642
28568,0.001234,172.217.194.0-255,2543,100514,64,236642
28569,0.001238,172.31.40.0-255,66,100580,64,236642
28570,0.001871,172.217.194.0-255,1484,102064,64,236642
28571,0.001879,172.217.194.0-255,2902,104966,64,236642
28572,0.001885,172.31.40.0-255,66,105032,64,236642
28573,0.001892,172.217.194.0-255,5738,110770,64,236642
28574,0.001895,172.31.40.0-255,66,110836,64,236642
28575,0.001907,172.217.194.0-255,5738,116574,64,236642
28576,0.001909,172.31.40.0-255,66,116640,64,236642
28577,0.001916,172.217.194.0-255,5738,122378,64,236642
28578,0.001918,172.31.40.0-255,66,122444,64,236642
28579,0.001969,172.31.40.0-255,66,122510,64,236642
28580,0.001972,172.217.194.0-255,766,123276,64,236642
28581,0.001975,172.217.194.0-255,1484,124760,64,236642
28582,0.001977,172.31.40.0-255,66,124826,64,236642
28583,0.001982,172.217.194.0-255,4320,129146,64,236642
28584,0.001985,172.31.40.0-255,66,129212,64,236642
28585,0.001996,172.31.40.0-255,66,129278,64,236642
28586,0.002037,172.217.194.0-255,7156,136434,64,236642
28587,0.00204,172.31.40.0-255,66,136500,64,236642
28588,0.002077,172.217.194.0-255,5738,142238,64,236642
28589,0.00208,172.31.40.0-255,66,142304,64,236642
28590,0.002086,172.217.194.0-255,5020,147324,64,236642
28591,0.002088,172.31.40.0-255,66,147390,64,236642
28592,0.002094,172.217.194.0-255,5738,153128,64,236642
28593,0.002096,172.31.40.0-255,66,153194,64,236642
28594,0.002107,172.31.40.0-255,66,153260,64,236642
28595,0.002158,172.31.40.0-255,66,153326,64,236642
28596,0.00216,172.217.194.0-255,766,154092,64,236642
28597,0.002261,172.217.194.0-255,1484,155576,64,236642
28598,0.002264,172.31.40.0-255,66,155642,64,236642
28599,0.002293,172.217.194.0-255,2902,158544,64,236642
28600,0.002296,172.31.40.0-255,66,158610,64,236642
28601,0.0023,172.217.194.0-255,2902,161512,64,236642
28602,0.002302,172.31.40.0-255,66,161578,64,236642
28603,0.002307,172.217.194.0-255,4320,165898,64,236642
28604,0.002315,172.31.40.0-255,66,165964,64,236642
28605,0.002345,172.217.194.0-255,2902,168866,64,236642
28606,0.002347,172.31.40.0-255,66,168932,64,236642
28607,0.002362,172.31.40.0-255,66,168998,64,236642
28608,0.002366,172.217.194.0-255,3602,172600,64,236642
28609,0.002368,172.31.40.0-255,66,172666,64,236642
28610,0.004708,172.217.194.0-255,1484,174150,64,236642
28611,0.004733,172.217.194.0-255,4320,178470,64,236642
28612,0.004738,172.31.40.0-255,66,178536,64,236642
28613,0.007128,172.217.194.0-255,5738,184274,64,236642
28614,0.007134,172.31.40.0-255,66,184340,64,236642
28615,0.00951,172.217.194.0-255,5738,190078,64,236642
28616,0.009517,172.31.40.0-255,66,190144,64,236642
28617,0.011936,172.217.194.0-255,5738,195882,64,236642
28618,0.011948,172.31.40.0-255,66,195948,64,236642
28619,0.014343,172.217.194.0-255,5738,201686,64,236642
28620,0.014352,172.31.40.0-255,66,201752,64,236642
28621,0.016706,172.217.194.0-255,5738,207490,64,236642
28622,0.016715,172.31.40.0-255,66,207556,64,236642
28623,0.019103,172.217.194.0-255,5738,213294,64,236642
28624,0.019112,172.31.40.0-255,66,213360,64,236642
28625,0.021446,172.217.194.0-255,1484,214844,64,236642
28626,0.021473,172.217.194.0-255,4320,219164,64,236642
28627,0.021479,172.31.40.0-255,66,219230,64,236642
28628,0.023806,172.217.194.0-255,5738,224968,64,236642
28629,0.023813,172.31.40.0-255,66,225034,64,236642
28630,0.026197,172.217.194.0-255,5738,230772,64,236642
28631,0.026206,172.31.40.0-255,66,230838,64,236642
28632,0.028558,172.217.194.0-255,5738,236576,64,236642
28633,0.028565,172.31.40.0-255,66,236642,64,236642
28634,0.0,172.217.194.0-255,150,150,64,213354
28635,2.2e-05,172.31.40.0-255,66,216,64,213354
28636,3e-05,172.217.194.0-255,1484,1700,64,213354
28637,3.4e-05,172.31.40.0-255,66,1766,64,213354
28638,4.8e-05,172.217.194.0-255,2902,4668,64,213354
28639,5.2e-05,172.31.40.0-255,66,4734,64,213354
28640,5.9e-05,172.217.194.0-255,7156,11890,64,213354
28641,6.2e-05,172.31.40.0-255,66,11956,64,213354
28642,6.6e-05,172.217.194.0-255,2130,14086,64,213354
28643,7e-05,172.31.40.0-255,66,14152,64,213354
28644,7.6e-05,172.217.194.0-255,2902,17054,64,213354
28645,7.8e-05,172.31.40.0-255,66,17120,64,213354
28646,8.4e-05,172.217.194.0-255,4320,21440,64,213354
28647,8.7e-05,172.31.40.0-255,66,21506,64,213354
28648,0.000121,172.217.194.0-255,2902,24408,64,213354
28649,0.000125,172.31.40.0-255,66,24474,64,213354
28650,0.000148,172.217.194.0-255,6797,31271,64,213354
28651,0.000152,172.31.40.0-255,66,31337,64,213354
28652,0.000329,172.217.194.0-255,1484,32821,64,213354
28653,0.000333,172.31.40.0-255,66,32887,64,213354
28654,0.000339,172.217.194.0-255,2902,35789,64,213354
28655,0.000342,172.31.40.0-255,66,35855,64,213354
28656,0.000345,172.217.194.0-255,1484,37339,64,213354
28657,0.000352,172.31.40.0-255,66,37405,64,213354
28658,0.000389,172.217.194.0-255,4320,41725,64,213354
28659,0.000391,172.31.40.0-255,66,41791,64,213354
28660,0.000399,172.217.194.0-255,6797,48588,64,213354
28661,0.000401,172.31.40.0-255,66,48654,64,213354
28662,0.000427,172.217.194.0-255,7156,55810,64,213354
28663,0.00043,172.31.40.0-255,66,55876,64,213354
28664,0.000462,172.217.194.0-255,7156,63032,64,213354
28665,0.000465,172.31.40.0-255,66,63098,64,213354
28666,0.000468,172.217.194.0-255,2543,65641,64,213354
28667,0.00047,172.31.40.0-255,66,65707,64,213354
28668,0.000473,172.217.194.0-255,677,66384,64,213354
28669,0.001007,172.217.194.0-255,1484,67868,64,213354
28670,0.001013,172.31.40.0-255,66,67934,64,213354
28671,0.00102,172.217.194.0-255,2902,70836,64,213354
28672,0.001022,172.31.40.0-255,66,70902,64,213354
28673,0.001033,172.217.194.0-255,5738,76640,64,213354
28674,0.001035,172.31.40.0-255,66,76706,64,213354
28675,0.001038,172.217.194.0-255,1484,78190,64,213354
28676,0.001062,172.217.194.0-255,4320,82510,64,213354
28677,0.001065,172.31.40.0-255,66,82576,64,213354
28678,0.001082,172.31.40.0-255,66,82642,64,213354
28679,0.001089,172.217.194.0-255,5020,87662,64,213354
28680,0.001091,172.31.40.0-255,66,87728,64,213354
28681,0.001314,172.217.194.0-255,1484,89212,64,213354
28682,0.001321,172.217.194.0-255,2902,92114,64,213354
28683,0.001324,172.31.40.0-255,66,92180,64,213354
28684,0.001329,172.217.194.0-255,2902,95082,64,213354
28685,0.001331,172.31.40.0-255,66,95148,64,213354
28686,0.001357,172.217.194.0-255,2902,98050,64,213354
28687,0.001364,172.217.194.0-255,5738,103788,64,213354
28688,0.0014,172.217.194.0-255,5738,109526,64,213354
28689,0.001405,172.31.40.0-255,66,109592,64,213354
28690,0.001407,172.31.40.0-255,66,109658,64,213354
28691,0.001414,172.31.40.0-255,66,109724,64,213354
28692,0.001427,172.217.194.0-255,7156,116880,64,213354
28693,0.001429,172.31.40.0-255,66,116946,64,213354
28694,0.001435,172.217.194.0-255,5020,121966,64,213354
28695,0.001437,172.31.40.0-255,66,122032,64,213354
28696,0.001693,172.217.194.0-255,1484,123516,64,213354
28697,0.0017,172.217.194.0-255,2902,126418,64,213354
28698,0.001703,172.31.40.0-255,66,126484,64,213354
28699,0.00171,172.217.194.0-255,5738,132222,64,213354
28700,0.001712,172.31.40.0-255,66,132288,64,213354
28701,0.001748,172.31.40.0-255,66,132354,64,213354
28702,0.001777,172.217.194.0-255,4320,136674,64,213354
28703,0.001788,172.217.194.0-255,766,137440,64,213354
28704,0.001793,172.31.40.0-255,66,137506,64,213354
28705,0.001796,172.31.40.0-255,66,137572,64,213354
28706,0.002202,172.31.40.0-255,66,137638,64,213354
28707,0.002246,172.217.194.0-255,1484,139122,64,213354
28708,0.002252,172.217.194.0-255,2902,142024,64,213354
28709,0.002255,172.31.40.0-255,66,142090,64,213354
28710,0.002262,172.217.194.0-255,5738,147828,64,213354
28711,0.002264,172.31.40.0-255,66,147894,64,213354
28712,0.002279,172.217.194.0-255,1484,149378,64,213354
28713,0.002315,172.31.40.0-255,66,149444,64,213354
28714,0.002355,172.31.40.0-255,66,149510,64,213354
28715,0.004652,172.217.194.0-255,5738,155248,64,213354
28716,0.004658,172.31.40.0-255,66,155314,64,213354
28717,0.006965,172.217.194.0-255,5738,161052,64,213354
28718,0.006968,172.31.40.0-255,66,161118,64,213354
28719,0.009301,172.217.194.0-255,5738,166856,64,213354
28720,0.009308,172.31.40.0-255,66,166922,64,213354
28721,0.01162,172.217.194.0-255,5738,172660,64,213354
28722,0.011629,172.31.40.0-255,66,172726,64,213354
28723,0.01393,172.217.194.0-255,5738,178464,64,213354
28724,0.013939,172.31.40.0-255,66,178530,64,213354
28725,0.016261,172.217.194.0-255,5738,184268,64,213354
28726,0.016273,172.31.40.0-255,66,184334,64,213354
28727,0.018583,172.217.194.0-255,5738,190072,64,213354
28728,0.018592,172.31.40.0-255,66,190138,64,213354
28729,0.020905,172.217.194.0-255,5738,195876,64,213354
28730,0.020914,172.31.40.0-255,66,195942,64,213354
28731,0.023229,172.217.194.0-255,5738,201680,64,213354
28732,0.023238,172.31.40.0-255,66,201746,64,213354
28733,0.025566,172.217.194.0-255,5738,207484,64,213354
28734,0.025584,172.31.40.0-255,66,207550,64,213354
28735,0.027909,172.217.194.0-255,5738,213288,64,213354
28736,0.027923,172.31.40.0-255,66,213354,64,213354
28737,0.0,74.125.130.0-255,153,153,64,224089
28738,2.2e-05,172.31.40.0-255,66,219,64,224089
28739,2.9e-05,74.125.130.0-255,1484,1703,64,224089
28740,3.4e-05,172.31.40.0-255,66,1769,64,224089
28741,3.9e-05,74.125.130.0-255,2902,4671,64,224089
28742,4.2e-05,172.31.40.0-255,66,4737,64,224089
28743,6.7e-05,74.125.130.0-255,7156,11893,64,224089
28744,7e-05,172.31.40.0-255,66,11959,64,224089
28745,7.4e-05,74.125.130.0-255,1911,13870,64,224089
28746,7.6e-05,172.31.40.0-255,66,13936,64,224089
28747,0.000193,74.125.130.0-255,1484,15420,64,224089
28748,0.000198,172.31.40.0-255,66,15486,64,224089
28749,0.000203,74.125.130.0-255,2902,18388,64,224089
28750,0.000206,172.31.40.0-255,66,18454,64,224089
28751,0.000209,74.125.130.0-255,1484,19938,64,224089
28752,0.000211,172.31.40.0-255,66,20004,64,224089
28753,0.000233,74.125.130.0-255,2902,22906,64,224089
28754,0.000237,172.31.40.0-255,66,22972,64,224089
28755,0.000242,74.125.130.0-255,4320,27292,64,224089
28756,0.000244,172.31.40.0-255,66,27358,64,224089
28757,0.000264,74.125.130.0-255,1484,28842,64,224089
28758,0.000266,172.31.40.0-255,66,28908,64,224089
28759,0.000282,74.125.130.0-255,2543,31451,64,224089
28760,0.000285,172.31.40.0-255,66,31517,64,224089
28761,0.00043,74.125.130.0-255,1484,33001,64,224089
28762,0.000435,172.31.40.0-255,66,33067,64,224089
28763,0.000439,74.125.130.0-255,2902,35969,64,224089
28764,0.000442,172.31.40.0-255,66,36035,64,224089
28765,0.000465,74.125.130.0-255,5738,41773,64,224089
28766,0.000468,172.31.40.0-255,66,41839,64,224089
28767,0.000473,74.125.130.0-255,4320,46159,64,224089
28768,0.000475,172.31.40.0-255,66,46225,64,224089
28769,0.000506,74.125.130.0-255,5379,51604,64,224089
28770,0.00051,172.31.40.0-255,66,51670,64,224089
28771,0.000513,74.125.130.0-255,1484,53154,64,224089
28772,0.000531,74.125.130.0-255,2902,56056,64,224089
28773,0.000534,172.31.40.0-255,66,56122,64,224089
28774,0.00054,74.125.130.0-255,5738,61860,64,224089
28775,0.000543,172.31.40.0-255,66,61926,64,224089
28776,0.000577,74.125.130.0-255,3961,65887,64,224089
28777,0.000581,172.31.40.0-255,66,65953,64,224089
28778,0.000869,74.125.130.0-255,646,66599,64,224089
28779,0.001061,74.125.130.0-255,1484,68083,64,224089
28780,0.001066,172.31.40.0-255,66,68149,64,224089
28781,0.001071,74.125.130.0-255,2902,71051,64,224089
28782,0.001073,172.31.40.0-255,66,71117,64,224089
28783,0.001097,74.125.130.0-255,4320,75437,64,224089
28784,0.0011,172.31.40.0-255,66,75503,64,224089
28785,0.001118,74.125.130.0-255,1484,76987,64,224089
28786,0.001122,74.125.130.0-255,1484,78471,64,224089
28787,0.001124,172.31.40.0-255,66,78537,64,224089
28788,0.001145,74.125.130.0-255,2902,81439,64,224089
28789,0.001148,172.31.40.0-255,66,81505,64,224089
28790,0.001168,74.125.130.0-255,1484,82989,64,224089
28791,0.001181,74.125.130.0-255,2543,85532,64,224089
28792,0.001183,172.31.40.0-255,66,85598,64,224089
28793,0.001187,74.125.130.0-255,2902,88500,64,224089
28794,0.001189,172.31.40.0-255,66,88566,64,224089
28795,0.001202,74.125.130.0-255,1484,90050,64,224089
28796,0.001234,74.125.130.0-255,1125,91175,64,224089
28797,0.001238,172.31.40.0-255,66,91241,64,224089
28798,0.001479,172.31.40.0-255,66,91307,64,224089
28799,0.001863,74.125.130.0-255,1484,92791,64,224089
28800,0.001873,74.125.130.0-255,2902,95693,64,224089
28801,0.001878,172.31.40.0-255,66,95759,64,224089
28802,0.001898,74.125.130.0-255,1484,97243,64,224089
28803,0.001922,74.125.130.0-255,2902,100145,64,224089
28804,0.001924,172.31.40.0-255,66,100211,64,224089
28805,0.001928,74.125.130.0-255,1484,101695,64,224089
28806,0.001942,74.125.130.0-255,2902,104597,64,224089
28807,0.001944,172.31.40.0-255,66,104663,64,224089
28808,0.001967,74.125.130.0-255,1484,106147,64,224089
28809,0.001975,74.125.130.0-255,7156,113303,64,224089
28810,0.001976,172.31.40.0-255,66,113369,64,224089
28811,0.001997,74.125.130.0-255,2902,116271,64,224089
28812,0.001999,172.31.40.0-255,66,116337,64,224089
28813,0.002021,74.125.130.0-255,7156,123493,64,224089
28814,0.002024,172.31.40.0-255,66,123559,64,224089
28815,0.002038,74.125.130.0-255,2184,125743,64,224089
28816,0.00204,172.31.40.0-255,66,125809,64,224089
28817,0.002117,74.125.130.0-255,1484,127293,64,224089
28818,0.002121,74.125.130.0-255,1484,128777,64,224089
28819,0.002124,172.31.40.0-255,66,128843,64,224089
28820,0.002137,74.125.130.0-255,1484,130327,64,224089
28821,0.002143,74.125.130.0-255,2902,133229,64,224089
28822,0.002144,172.31.40.0-255,66,133295,64,224089
28823,0.002148,74.125.130.0-255,1484,134779,64,224089
28824,0.002163,74.125.130.0-255,2902,137681,64,224089
28825,0.002165,172.31.40.0-255,66,137747,64,224089
28826,0.002185,74.125.130.0-255,2902,140649,64,224089
28827,0.002187,172.31.40.0-255,66,140715,64,224089
28828,0.002209,74.125.130.0-255,5738,146453,64,224089
28829,0.002211,172.31.40.0-255,66,146519,64,224089
28830,0.002222,172.31.40.0-255,66,146585,64,224089
28831,0.002237,74.125.130.0-255,1484,148069,64,224089
28832,0.002252,74.125.130.0-255,2184,150253,64,224089
28833,0.002254,172.31.40.0-255,66,150319,64,224089
28834,0.002496,74.125.130.0-255,1484,151803,64,224089
28835,0.002504,74.125.130.0-255,2902,154705,64,224089
28836,0.002508,172.31.40.0-255,66,154771,64,224089
28837,0.002525,74.125.130.0-255,2902,157673,64,224089
28838,0.002528,172.31.40.0-255,66,157739,64,224089
28839,0.002552,74.125.130.0-255,2902,160641,64,224089
28840,0.002555,172.31.40.0-255,66,160707,64,224089
28841,0.005024,74.125.130.0-255,1484,162191,64,224089
28842,0.005041,74.125.130.0-255,1484,163675,64,224089
28843,0.005044,172.31.40.0-255,66,163741,64,224089
28844,0.005064,74.125.130.0-255,2902,166643,64,224089
28845,0.005067,172.31.40.0-255,66,166709,64,224089
28846,0.007557,74.125.130.0-255,2902,169611,64,224089
28847,0.007566,172.31.40.0-255,66,169677,64,224089
28848,0.007581,74.125.130.0-255,2902,172579,64,224089
28849,0.007585,172.31.40.0-255,66,172645,64,224089
28850,0.010081,74.125.130.0-255,5738,178383,64,224089
28851,0.010089,172.31.40.0-255,66,178449,64,224089
28852,0.012626,74.125.130.0-255,5738,184187,64,224089
28853,0.012635,172.31.40.0-255,66,184253,64,224089
28854,0.015158,74.125.130.0-255,5738,189991,64,224089
28855,0.015189,172.31.40.0-255,66,190057,64,224089
28856,0.017709,74.125.130.0-255,5738,195795,64,224089
28857,0.017718,172.31.40.0-255,66,195861,64,224089
28858,0.020244,74.125.130.0-255,5738,201599,64,224089
28859,0.020255,172.31.40.0-255,66,201665,64,224089
28860,0.022767,74.125.130.0-255,5738,207403,64,224089
28861,0.022777,172.31.40.0-255,66,207469,64,224089
28862,0.025306,74.125.130.0-255,5738,213207,64,224089
28863,0.025317,172.31.40.0-255,66,213273,64,224089
28864,0.027828,74.125.130.0-255,5738,219011,64,224089
28865,0.027837,172.31.40.0-255,66,219077,64,224089
28866,0.029246,172.31.40.0-255,176,219253,64,224089
28867,0.02928,172.31.40.0-255,1111,220364,64,224089
28868,0.029359,172.31.40.0-255,1514,221878,64,224089
28869,0.029362,172.31.40.0-255,1514,223392,64,224089
28870,0.029363,172.31.40.0-255,697,224089,64,224089
28871,0.0,172.217.194.0-255,152,152,64,191296
28872,2.7e-05,172.31.40.0-255,66,218,64,191296
28873,3.5e-05,172.217.194.0-255,1484,1702,64,191296
28874,4e-05,172.31.40.0-255,66,1768,64,191296
28875,4.5e-05,172.217.194.0-255,2902,4670,64,191296
28876,4.7e-05,172.31.40.0-255,66,4736,64,191296
28877,6.1e-05,172.217.194.0-255,7156,11892,64,191296
28878,6.4e-05,172.31.40.0-255,66,11958,64,191296
28879,9.8e-05,172.217.194.0-255,2029,13987,64,191296
28880,0.000101,172.31.40.0-255,66,14053,64,191296
28881,0.00024,172.217.194.0-255,1484,15537,64,191296
28882,0.000244,172.31.40.0-255,66,15603,64,191296
28883,0.00025,172.217.194.0-255,2902,18505,64,191296
28884,0.000252,172.31.40.0-255,66,18571,64,191296
28885,0.000255,172.217.194.0-255,1484,20055,64,191296
28886,0.000257,172.31.40.0-255,66,20121,64,191296
28887,0.000298,172.217.194.0-255,4320,24441,64,191296
28888,0.0003,172.31.40.0-255,66,24507,64,191296
28889,0.000311,172.31.40.0-255,66,24573,64,191296
28890,0.00034,172.217.194.0-255,5379,29952,64,191296
28891,0.000343,172.31.40.0-255,66,30018,64,191296
28892,0.000398,172.217.194.0-255,4320,34338,64,191296
28893,0.0004,172.31.40.0-255,66,34404,64,191296
28894,0.000438,172.31.40.0-255,66,34470,64,191296
28895,0.000545,172.217.194.0-255,4320,38790,64,191296
28896,0.000549,172.31.40.0-255,66,38856,64,191296
28897,0.000578,172.217.194.0-255,3912,42768,64,191296
28898,0.000582,172.31.40.0-255,66,42834,64,191296
28899,0.000584,172.217.194.0-255,98,42932,64,191296
28900,0.000586,172.31.40.0-255,66,42998,64,191296
28901,0.000619,172.217.194.0-255,4320,47318,64,191296
28902,0.000623,172.31.40.0-255,66,47384,64,191296
28903,0.000635,172.217.194.0-255,5738,53122,64,191296
28904,0.000638,172.31.40.0-255,66,53188,64,191296
28905,0.000701,172.217.194.0-255,7156,60344,64,191296
28906,0.000705,172.31.40.0-255,66,60410,64,191296
28907,0.000745,172.31.40.0-255,66,60476,64,191296
28908,0.000863,172.217.194.0-255,3602,64078,64,191296
28909,0.000867,172.31.40.0-255,66,64144,64,191296
28910,0.001649,172.217.194.0-255,1484,65628,64,191296
28911,0.001658,172.217.194.0-255,1484,67112,64,191296
28912,0.001662,172.31.40.0-255,66,67178,64,191296
28913,0.001682,172.217.194.0-255,1484,68662,64,191296
28914,0.001688,172.217.194.0-255,5738,74400,64,191296
28915,0.00169,172.31.40.0-255,66,74466,64,191296
28916,0.00172,172.217.194.0-255,4320,78786,64,191296
28917,0.001723,172.31.40.0-255,66,78852,64,191296
28918,0.001753,172.217.194.0-255,7156,86008,64,191296
28919,0.001755,172.31.40.0-255,66,86074,64,191296
28920,0.001816,172.217.194.0-255,5738,91812,64,191296
28921,0.00182,172.31.40.0-255,66,91878,64,191296
28922,0.001847,172.217.194.0-255,6158,98036,64,191296
28923,0.00185,172.31.40.0-255,66,98102,64,191296
28924,0.001919,172.31.40.0-255,66,98168,64,191296
28925,0.001962,172.31.40.0-255,66,98234,64,191296
28926,0.00212,172.31.40.0-255,66,98300,64,191296
28927,0.002173,172.217.194.0-255,4320,102620,64,191296
28928,0.002176,172.31.40.0-255,66,102686,64,191296
28929,0.002195,172.217.194.0-255,4320,107006,64,191296
28930,0.002197,172.31.40.0-255,66,107072,64,191296
28931,0.00227,172.217.194.0-255,5738,112810,64,191296
28932,0.002274,172.31.40.0-255,66,112876,64,191296
28933,0.002312,172.31.40.0-255,66,112942,64,191296
28934,0.002395,172.217.194.0-255,5738,118680,64,191296
28935,0.002399,172.31.40.0-255,66,118746,64,191296
28936,0.002448,172.31.40.0-255,66,118812,64,191296
28937,0.002568,172.217.194.0-255,5738,124550,64,191296
28938,0.00272,172.217.194.0-255,4320,128870,64,191296
28939,0.002732,172.217.194.0-255,4320,133190,64,191296
28940,0.005514,172.31.40.0-255,66,133256,64,191296
28941,0.007902,172.217.194.0-255,5738,138994,64,191296
28942,0.007913,172.31.40.0-255,66,139060,64,191296
28943,0.010269,172.217.194.0-255,5738,144798,64,191296
28944,0.010278,172.31.40.0-255,66,144864,64,191296
28945,0.012655,172.217.194.0-255,5738,150602,64,191296
28946,0.012664,172.31.40.0-255,66,150668,64,191296
28947,0.015026,172.217.194.0-255,5738,156406,64,191296
28948,0.015035,172.31.40.0-255,66,156472,64,191296
28949,0.01746,172.217.194.0-255,5738,162210,64,191296
28950,0.017469,172.31.40.0-255,66,162276,64,191296
28951,0.019832,172.217.194.0-255,5738,168014,64,191296
28952,0.019849,172.31.40.0-255,66,168080,64,191296
28953,0.022219,172.217.194.0-255,5738,173818,64,191296
28954,0.022228,172.31.40.0-255,66,173884,64,191296
28955,0.024569,172.217.194.0-255,5738,179622,64,191296
28956,0.024577,172.31.40.0-255,66,179688,64,191296
28957,0.026915,172.217.194.0-255,5738,185426,64,191296
28958,0.026924,172.31.40.0-255,66,185492,64,191296
28959,0.029253,172.217.194.0-255,5738,191230,64,191296
28960,0.029267,172.31.40.0-255,66,191296,64,191296
28961,0.0,172.217.194.0-255,146,146,64,249187
28962,1.9e-05,172.31.40.0-255,66,212,64,249187
28963,2.5e-05,172.217.194.0-255,1484,1696,64,249187
28964,3e-05,172.31.40.0-255,66,1762,64,249187
28965,3.6e-05,172.217.194.0-255,2902,4664,64,249187
28966,4e-05,172.31.40.0-255,66,4730,64,249187
28967,4.8e-05,172.217.194.0-255,7156,11886,64,249187
28968,5.1e-05,172.31.40.0-255,66,11952,64,249187
28969,5.5e-05,172.217.194.0-255,1988,13940,64,249187
28970,5.8e-05,172.31.40.0-255,66,14006,64,249187
28971,8.6e-05,172.31.40.0-255,66,14072,64,249187
28972,9.8e-05,172.217.194.0-255,1484,15556,64,249187
28973,0.0001,172.31.40.0-255,66,15622,64,249187
28974,0.00012,172.217.194.0-255,3961,19583,64,249187
28975,0.000123,172.31.40.0-255,66,19649,64,249187
28976,0.00021,172.217.194.0-255,1484,21133,64,249187
28977,0.000213,172.31.40.0-255,66,21199,64,249187
28978,0.000234,172.217.194.0-255,2902,24101,64,249187
28979,0.000237,172.31.40.0-255,66,24167,64,249187
28980,0.000243,172.217.194.0-255,5738,29905,64,249187
28981,0.000245,172.31.40.0-255,66,29971,64,249187
28982,0.000248,172.217.194.0-255,1484,31455,64,249187
28983,0.000251,172.31.40.0-255,66,31521,64,249187
28984,0.000269,172.217.194.0-255,5379,36900,64,249187
28985,0.000272,172.31.40.0-255,66,36966,64,249187
28986,0.000288,172.217.194.0-255,4320,41286,64,249187
28987,0.00029,172.31.40.0-255,66,41352,64,249187
28988,0.000319,172.31.40.0-255,66,41418,64,249187
28989,0.000323,172.217.194.0-255,2833,44251,64,249187
28990,0.000326,172.31.40.0-255,66,44317,64,249187
28991,0.000459,172.217.194.0-255,100,44417,64,249187
28992,0.000463,172.31.40.0-255,66,44483,64,249187
28993,0.000467,172.217.194.0-255,364,44847,64,249187
28994,0.000469,172.31.40.0-255,66,44913,64,249187
28995,0.000631,172.217.194.0-255,1484,46397,64,249187
28996,0.000636,172.31.40.0-255,66,46463,64,249187
28997,0.000642,172.217.194.0-255,2902,49365,64,249187
28998,0.000644,172.31.40.0-255,66,49431,64,249187
28999,0.000667,172.217.194.0-255,5738,55169,64,249187
29000,0.00067,172.31.40.0-255,66,55235,64,249187
29001,0.000674,172.217.194.0-255,2902,58137,64,249187
29002,0.000676,172.31.40.0-255,66,58203,64,249187
29003,0.00069,172.217.194.0-255,1484,59687,64,249187
29004,0.000693,172.31.40.0-255,66,59753,64,249187
29005,0.000725,172.31.40.0-255,66,59819,64,249187
29006,0.000752,172.217.194.0-255,2902,62721,64,249187
29007,0.000755,172.31.40.0-255,66,62787,64,249187
29008,0.000766,172.31.40.0-255,66,62853,64,249187
29009,0.001027,172.217.194.0-255,1484,64337,64,249187
29010,0.001043,172.217.194.0-255,2902,67239,64,249187
29011,0.001046,172.31.40.0-255,66,67305,64,249187
29012,0.001052,172.217.194.0-255,2902,70207,64,249187
29013,0.001053,172.31.40.0-255,66,70273,64,249187
29014,0.001071,172.217.194.0-255,2902,73175,64,249187
29015,0.001073,172.31.40.0-255,66,73241,64,249187
29016,0.001081,172.217.194.0-255,7156,80397,64,249187
29017,0.001083,172.31.40.0-255,66,80463,64,249187
29018,0.001113,172.217.194.0-255,5738,86201,64,249187
29019,0.001116,172.31.40.0-255,66,86267,64,249187
29020,0.00113,172.31.40.0-255,66,86333,64,249187
29021,0.001653,172.217.194.0-255,1484,87817,64,249187
29022,0.001659,172.217.194.0-255,2902,90719,64,249187
29023,0.001663,172.31.40.0-255,66,90785,64,249187
29024,0.001669,172.217.194.0-255,4320,95105,64,249187
29025,0.001671,172.31.40.0-255,66,95171,64,249187
29026,0.001683,172.217.194.0-255,1484,96655,64,249187
29027,0.001703,172.31.40.0-255,66,96721,64,249187
29028,0.001717,172.217.194.0-255,1484,98205,64,249187
29029,0.001753,172.217.194.0-255,7156,105361,64,249187
29030,0.001756,172.31.40.0-255,66,105427,64,249187
29031,0.001776,172.217.194.0-255,6438,111865,64,249187
29032,0.001778,172.31.40.0-255,66,111931,64,249187
29033,0.001832,172.31.40.0-255,66,111997,64,249187
29034,0.001865,172.31.40.0-255,66,112063,64,249187
29035,0.001873,172.217.194.0-255,6438,118501,64,249187
29036,0.001875,172.31.40.0-255,66,118567,64,249187
29037,0.001903,172.217.194.0-255,2902,121469,64,249187
29038,0.001906,172.31.40.0-255,66,121535,64,249187
29039,0.00193,172.31.40.0-255,66,121601,64,249187
29040,0.001939,172.217.194.0-255,1484,123085,64,249187
29041,0.001951,172.31.40.0-255,66,123151,64,249187
29042,0.001981,172.31.40.0-255,66,123217,64,249187
29043,0.001984,172.217.194.0-255,766,123983,64,249187
29044,0.002004,172.217.194.0-255,7156,131139,64,249187
29045,0.002008,172.31.40.0-255,66,131205,64,249187
29046,0.002015,172.217.194.0-255,1484,132689,64,249187
29047,0.002023,172.217.194.0-255,7156,139845,64,249187
29048,0.002026,172.31.40.0-255,66,139911,64,249187
29049,0.002052,172.217.194.0-255,2902,142813,64,249187
29050,0.002082,172.217.194.0-255,5020,147833,64,249187
29051,0.002175,172.217.194.0-255,1484,149317,64,249187
29052,0.00221,172.217.194.0-255,1484,150801,64,249187
29053,0.002228,172.217.194.0-255,1484,152285,64,249187
29054,0.002235,172.217.194.0-255,5738,158023,64,249187
29055,0.002242,172.217.194.0-255,7156,165179,64,249187
29056,0.002272,172.217.194.0-255,4320,169499,64,249187
29057,0.002277,172.217.194.0-255,2184,171683,64,249187
29058,0.002302,172.217.194.0-255,4320,176003,64,249187
29059,0.002322,172.217.194.0-255,2902,178905,64,249187
29060,0.002334,172.217.194.0-255,2902,181807,64,249187
29061,0.00235,172.217.194.0-255,7156,188963,64,249187
29062,0.002376,172.217.194.0-255,7156,196119,64,249187
29063,0.002379,172.217.194.0-255,766,196885,64,249187
29064,0.006547,172.31.40.0-255,66,196951,64,249187
29065,0.00889,172.217.194.0-255,5738,202689,64,249187
29066,0.008896,172.31.40.0-255,66,202755,64,249187
29067,0.011235,172.217.194.0-255,5738,208493,64,249187
29068,0.011243,172.31.40.0-255,66,208559,64,249187
29069,0.013592,172.217.194.0-255,5738,214297,64,249187
29070,0.0136,172.31.40.0-255,66,214363,64,249187
29071,0.015942,172.217.194.0-255,5738,220101,64,249187
29072,0.015952,172.31.40.0-255,66,220167,64,249187
29073,0.018281,172.217.194.0-255,5738,225905,64,249187
29074,0.01829,172.31.40.0-255,66,225971,64,249187
29075,0.020661,172.217.194.0-255,5738,231709,64,249187
29076,0.020668,172.31.40.0-255,66,231775,64,249187
29077,0.023015,172.217.194.0-255,5738,237513,64,249187
29078,0.023022,172.31.40.0-255,66,237579,64,249187
29079,0.025375,172.217.194.0-255,5738,243317,64,249187
29080,0.025381,172.31.40.0-255,66,243383,64,249187
29081,0.027726,172.217.194.0-255,5738,249121,64,249187
29082,0.027742,172.31.40.0-255,66,249187,64,249187
29083,0.0,172.217.194.0-255,155,155,64,193058
29084,2.4e-05,172.31.40.0-255,66,221,64,193058
29085,3.1e-05,172.217.194.0-255,1484,1705,64,193058
29086,3.7e-05,172.31.40.0-255,66,1771,64,193058
29087,5e-05,172.217.194.0-255,2902,4673,64,193058
29088,5.3e-05,172.31.40.0-255,66,4739,64,193058
29089,6.1e-05,172.217.194.0-255,7156,11895,64,193058
29090,6.4e-05,172.31.40.0-255,66,11961,64,193058
29091,6.8e-05,172.217.194.0-255,2023,13984,64,193058
29092,7.1e-05,172.31.40.0-255,66,14050,64,193058
29093,0.000441,172.217.194.0-255,1484,15534,64,193058
29094,0.000448,172.31.40.0-255,66,15600,64,193058
29095,0.000454,172.217.194.0-255,2902,18502,64,193058
29096,0.000456,172.31.40.0-255,66,18568,64,193058
29097,0.000462,172.217.194.0-255,4320,22888,64,193058
29098,0.000464,172.31.40.0-255,66,22954,64,193058
29099,0.000491,172.217.194.0-255,1484,24438,64,193058
29100,0.000499,172.217.194.0-255,6797,31235,64,193058
29101,0.000504,172.31.40.0-255,66,31301,64,193058
29102,0.000513,172.31.40.0-255,66,31367,64,193058
29103,0.000578,172.217.194.0-255,1484,32851,64,193058
29104,0.000582,172.31.40.0-255,66,32917,64,193058
29105,0.000587,172.217.194.0-255,2902,35819,64,193058
29106,0.000589,172.31.40.0-255,66,35885,64,193058
29107,0.000595,172.217.194.0-255,5738,41623,64,193058
29108,0.000598,172.31.40.0-255,66,41689,64,193058
29109,0.000642,172.217.194.0-255,7156,48845,64,193058
29110,0.000646,172.31.40.0-255,66,48911,64,193058
29111,0.000679,172.217.194.0-255,1125,50036,64,193058
29112,0.000682,172.31.40.0-255,66,50102,64,193058
29113,0.000693,172.31.40.0-255,66,50168,64,193058
29114,0.000701,172.217.194.0-255,7069,57237,64,193058
29115,0.000703,172.31.40.0-255,66,57303,64,193058
29116,0.000706,172.217.194.0-255,120,57423,64,193058
29117,0.001032,172.217.194.0-255,382,57805,64,193058
29118,0.001087,172.31.40.0-255,66,57871,64,193058
29119,0.001409,172.217.194.0-255,1484,59355,64,193058
29120,0.00142,172.217.194.0-255,2902,62257,64,193058
29121,0.001424,172.31.40.0-255,66,62323,64,193058
29122,0.001432,172.217.194.0-255,5738,68061,64,193058
29123,0.001435,172.31.40.0-255,66,68127,64,193058
29124,0.00144,172.217.194.0-255,4320,72447,64,193058
29125,0.001442,172.31.40.0-255,66,72513,64,193058
29126,0.001475,172.31.40.0-255,66,72579,64,193058
29127,0.001492,172.31.40.0-255,66,72645,64,193058
29128,0.001772,172.217.194.0-255,1484,74129,64,193058
29129,0.001778,172.217.194.0-255,1484,75613,64,193058
29130,0.001783,172.31.40.0-255,66,75679,64,193058
29131,0.001816,172.217.194.0-255,1484,77163,64,193058
29132,0.001823,172.217.194.0-255,5738,82901,64,193058
29133,0.001826,172.31.40.0-255,66,82967,64,193058
29134,0.00184,172.31.40.0-255,66,83033,64,193058
29135,0.001873,172.217.194.0-255,5738,88771,64,193058
29136,0.001876,172.31.40.0-255,66,88837,64,193058
29137,0.001902,172.217.194.0-255,5020,93857,64,193058
29138,0.001905,172.31.40.0-255,66,93923,64,193058
29139,0.002156,172.217.194.0-255,1484,95407,64,193058
29140,0.002161,172.217.194.0-255,1484,96891,64,193058
29141,0.002164,172.31.40.0-255,66,96957,64,193058
29142,0.002213,172.217.194.0-255,1484,98441,64,193058
29143,0.002219,172.217.194.0-255,4320,102761,64,193058
29144,0.002222,172.31.40.0-255,66,102827,64,193058
29145,0.002233,172.31.40.0-255,66,102893,64,193058
29146,0.002239,172.217.194.0-255,5738,108631,64,193058
29147,0.002241,172.31.40.0-255,66,108697,64,193058
29148,0.002271,172.31.40.0-255,66,108763,64,193058
29149,0.002366,172.217.194.0-255,1484,110247,64,193058
29150,0.002371,172.217.194.0-255,2902,113149,64,193058
29151,0.002373,172.31.40.0-255,66,113215,64,193058
29152,0.002402,172.217.194.0-255,5738,118953,64,193058
29153,0.002405,172.31.40.0-255,66,119019,64,193058
29154,0.002442,172.217.194.0-255,2902,121921,64,193058
29155,0.002444,172.31.40.0-255,66,121987,64,193058
29156,0.002485,172.31.40.0-255,66,122053,64,193058
29157,0.002492,172.217.194.0-255,7156,129209,64,193058
29158,0.002494,172.31.40.0-255,66,129275,64,193058
29159,0.002499,172.217.194.0-255,3602,132877,64,193058
29160,0.002501,172.31.40.0-255,66,132943,64,193058
29161,0.005045,172.217.194.0-255,2902,135845,64,193058
29162,0.00505,172.31.40.0-255,66,135911,64,193058
29163,0.005085,172.217.194.0-255,2902,138813,64,193058
29164,0.005088,172.31.40.0-255,66,138879,64,193058
29165,0.007636,172.217.194.0-255,2902,141781,64,193058
29166,0.007644,172.31.40.0-255,66,141847,64,193058
29167,0.007686,172.217.194.0-255,2902,144749,64,193058
29168,0.007689,172.31.40.0-255,66,144815,64,193058
29169,0.010201,172.217.194.0-255,2902,147717,64,193058
29170,0.010206,172.31.40.0-255,66,147783,64,193058
29171,0.010277,172.217.194.0-255,2902,150685,64,193058
29172,0.010281,172.31.40.0-255,66,150751,64,193058
29173,0.012742,172.217.194.0-255,2902,153653,64,193058
29174,0.012749,172.31.40.0-255,66,153719,64,193058
29175,0.012835,172.217.194.0-255,2902,156621,64,193058
29176,0.012839,172.31.40.0-255,66,156687,64,193058
29177,0.015337,172.217.194.0-255,2902,159589,64,193058
29178,0.015345,172.31.40.0-255,66,159655,64,193058
29179,0.015389,172.217.194.0-255,2902,162557,64,193058
29180,0.015393,172.31.40.0-255,66,162623,64,193058
29181,0.017921,172.217.194.0-255,2902,165525,64,193058
29182,0.017931,172.31.40.0-255,66,165591,64,193058
29183,0.01798,172.217.194.0-255,2902,168493,64,193058
29184,0.017984,172.31.40.0-255,66,168559,64,193058
29185,0.020535,172.217.194.0-255,5738,174297,64,193058
29186,0.020544,172.31.40.0-255,66,174363,64,193058
29187,0.023121,172.217.194.0-255,5738,180101,64,193058
29188,0.023129,172.31.40.0-255,66,180167,64,193058
29189,0.025703,172.217.194.0-255,5738,185905,64,193058
29190,0.025711,172.31.40.0-255,66,185971,64,193058
29191,0.028303,172.217.194.0-255,5738,191709,64,193058
29192,0.02831,172.31.40.0-255,66,191775,64,193058
29193,0.029911,172.31.40.0-255,172,191947,64,193058
29194,0.029944,172.31.40.0-255,1111,193058,64,193058
29195,0.0,172.217.194.0-255,146,146,64,213265
29196,2.3e-05,172.31.40.0-255,66,212,64,213265
29197,3.1e-05,172.217.194.0-255,1484,1696,64,213265
29198,3.5e-05,172.31.40.0-255,66,1762,64,213265
29199,4e-05,172.217.194.0-255,2902,4664,64,213265
29200,4.3e-05,172.31.40.0-255,66,4730,64,213265
29201,5.1e-05,172.217.194.0-255,7156,11886,64,213265
29202,6.2e-05,172.31.40.0-255,66,11952,64,213265
29203,6.7e-05,172.217.194.0-255,3392,15344,64,213265
29204,7e-05,172.31.40.0-255,66,15410,64,213265
29205,9.8e-05,172.217.194.0-255,1484,16894,64,213265
29206,0.000101,172.31.40.0-255,66,16960,64,213265
29207,0.000145,172.31.40.0-255,66,17026,64,213265
29208,0.000149,172.217.194.0-255,2543,19569,64,213265
29209,0.000152,172.31.40.0-255,66,19635,64,213265
29210,0.000186,172.217.194.0-255,1484,21119,64,213265
29211,0.000189,172.31.40.0-255,66,21185,64,213265
29212,0.000214,172.217.194.0-255,2902,24087,64,213265
29213,0.000217,172.31.40.0-255,66,24153,64,213265
29214,0.000221,172.217.194.0-255,2902,27055,64,213265
29215,0.000223,172.31.40.0-255,66,27121,64,213265
29216,0.000229,172.217.194.0-255,4320,31441,64,213265
29217,0.000232,172.31.40.0-255,66,31507,64,213265
29218,0.000273,172.31.40.0-255,66,31573,64,213265
29219,0.000279,172.217.194.0-255,5738,37311,64,213265
29220,0.000282,172.31.40.0-255,66,37377,64,213265
29221,0.000303,172.217.194.0-255,2902,40279,64,213265
29222,0.000306,172.31.40.0-255,66,40345,64,213265
29223,0.00033,172.217.194.0-255,4217,44562,64,213265
29224,0.000333,172.31.40.0-255,66,44628,64,213265
29225,0.000336,172.217.194.0-255,118,44746,64,213265
29226,0.000339,172.31.40.0-255,66,44812,64,213265
29227,0.000435,172.217.194.0-255,1484,46296,64,213265
29228,0.000439,172.31.40.0-255,66,46362,64,213265
29229,0.000472,172.217.194.0-255,2902,49264,64,213265
29230,0.000475,172.31.40.0-255,66,49330,64,213265
29231,0.000482,172.217.194.0-255,5738,55068,64,213265
29232,0.000485,172.31.40.0-255,66,55134,64,213265
29233,0.000552,172.217.194.0-255,378,55512,64,213265
29234,0.000688,172.217.194.0-255,1484,56996,64,213265
29235,0.000693,172.217.194.0-255,1484,58480,64,213265
29236,0.000715,172.217.194.0-255,1484,59964,64,213265
29237,0.000721,172.217.194.0-255,5738,65702,64,213265
29238,0.000726,172.217.194.0-255,2902,68604,64,213265
29239,0.000756,172.217.194.0-255,1484,70088,64,213265
29240,0.000795,172.31.40.0-255,66,70154,64,213265
29241,0.000805,172.217.194.0-255,4320,74474,64,213265
29242,0.000811,172.31.40.0-255,66,74540,64,213265
29243,0.000834,172.217.194.0-255,7156,81696,64,213265
29244,0.000879,172.217.194.0-255,5738,87434,64,213265
29245,0.000894,172.217.194.0-255,6438,93872,64,213265
29246,0.000913,172.31.40.0-255,66,93938,64,213265
29247,0.001466,172.217.194.0-255,1484,95422,64,213265
29248,0.001473,172.217.194.0-255,2902,98324,64,213265
29249,0.001476,172.31.40.0-255,66,98390,64,213265
29250,0.00148,172.217.194.0-255,1484,99874,64,213265
29251,0.00152,172.217.194.0-255,4320,104194,64,213265
29252,0.001535,172.217.194.0-255,2902,107096,64,213265
29253,0.001606,172.31.40.0-255,66,107162,64,213265
29254,0.001634,172.31.40.0-255,66,107228,64,213265
29255,0.001678,172.217.194.0-255,3602,110830,64,213265
29256,0.001685,172.31.40.0-255,66,110896,64,213265
29257,0.001885,172.217.194.0-255,1484,112380,64,213265
29258,0.001889,172.217.194.0-255,1484,113864,64,213265
29259,0.001892,172.31.40.0-255,66,113930,64,213265
29260,0.001905,172.217.194.0-255,1484,115414,64,213265
29261,0.001915,172.217.194.0-255,5738,121152,64,213265
29262,0.001918,172.217.194.0-255,1484,122636,64,213265
29263,0.001924,172.31.40.0-255,66,122702,64,213265
29264,0.001954,172.31.40.0-255,66,122768,64,213265
29265,0.001969,172.217.194.0-255,1484,124252,64,213265
29266,0.001996,172.31.40.0-255,66,124318,64,213265
29267,0.002027,172.217.194.0-255,1484,125802,64,213265
29268,0.002031,172.217.194.0-255,1484,127286,64,213265
29269,0.002041,172.31.40.0-255,66,127352,64,213265
29270,0.00206,172.217.194.0-255,1484,128836,64,213265
29271,0.002067,172.217.194.0-255,5738,134574,64,213265
29272,0.002074,172.217.194.0-255,5738,140312,64,213265
29273,0.002093,172.217.194.0-255,4320,144632,64,213265
29274,0.002105,172.217.194.0-255,1484,146116,64,213265
29275,0.00211,172.31.40.0-255,66,146182,64,213265
29276,0.00214,172.31.40.0-255,66,146248,64,213265
29277,0.00216,172.217.194.0-255,2184,148432,64,213265
29278,0.002183,172.217.194.0-255,5738,154170,64,213265
29279,0.002189,172.31.40.0-255,66,154236,64,213265
29280,0.002222,172.217.194.0-255,3602,157838,64,213265
29281,0.002237,172.31.40.0-255,66,157904,64,213265
29282,0.002244,172.217.194.0-255,1484,159388,64,213265
29283,0.00227,172.217.194.0-255,2902,162290,64,213265
29284,0.002277,172.217.194.0-255,5738,168028,64,213265
29285,0.002279,172.217.194.0-255,1484,169512,64,213265
29286,0.002295,172.31.40.0-255,66,169578,64,213265
29287,0.002309,172.31.40.0-255,66,169644,64,213265
29288,0.002328,172.217.194.0-255,1484,171128,64,213265
29289,0.002368,172.31.40.0-255,66,171194,64,213265
29290,0.004683,172.217.194.0-255,5738,176932,64,213265
29291,0.00469,172.31.40.0-255,66,176998,64,213265
29292,0.00699,172.217.194.0-255,5738,182736,64,213265
29293,0.006997,172.31.40.0-255,66,182802,64,213265
29294,0.009332,172.217.194.0-255,4320,187122,64,213265
29295,0.009349,172.217.194.0-255,1484,188606,64,213265
29296,0.015115,172.31.40.0-255,66,188672,64,213265
29297,0.017052,172.217.194.0-255,1484,190156,64,213265
29298,0.017409,172.217.194.0-255,4320,194476,64,213265
29299,0.017415,172.31.40.0-255,66,194542,64,213265
29300,0.019746,172.217.194.0-255,5738,200280,64,213265
29301,0.019764,172.31.40.0-255,66,200346,64,213265
29302,0.022078,172.217.194.0-255,5738,206084,64,213265
29303,0.022085,172.31.40.0-255,66,206150,64,213265
29304,0.024405,172.217.194.0-255,5738,211888,64,213265
29305,0.024412,172.31.40.0-255,66,211954,64,213265
29306,0.026713,172.217.194.0-255,1074,213028,64,213265
29307,0.026903,172.31.40.0-255,66,213094,64,213265
29308,0.026944,172.31.40.0-255,105,213199,64,213265
29309,0.029239,172.217.194.0-255,66,213265,64,213265
29310,0.0,172.217.194.0-255,152,152,64,255925
29311,2.4e-05,172.31.40.0-255,66,218,64,255925
29312,3.1e-05,172.217.194.0-255,1484,1702,64,255925
29313,3.6e-05,172.31.40.0-255,66,1768,64,255925
29314,4.2e-05,172.217.194.0-255,2902,4670,64,255925
29315,4.6e-05,172.31.40.0-255,66,4736,64,255925
29316,5.3e-05,172.217.194.0-255,7156,11892,64,255925
29317,5.7e-05,172.31.40.0-255,66,11958,64,255925
29318,6.1e-05,172.217.194.0-255,2902,14860,64,255925
29319,6.5e-05,172.31.40.0-255,66,14926,64,255925
29320,0.000104,172.31.40.0-255,66,14992,64,255925
29321,0.00011,172.217.194.0-255,5379,20371,64,255925
29322,0.000113,172.31.40.0-255,66,20437,64,255925
29323,0.00025,172.217.194.0-255,1484,21921,64,255925
29324,0.000254,172.31.40.0-255,66,21987,64,255925
29325,0.000283,172.217.194.0-255,2902,24889,64,255925
29326,0.000286,172.31.40.0-255,66,24955,64,255925
29327,0.000292,172.217.194.0-255,4320,29275,64,255925
29328,0.000294,172.31.40.0-255,66,29341,64,255925
29329,0.000325,172.217.194.0-255,7156,36497,64,255925
29330,0.000329,172.31.40.0-255,66,36563,64,255925
29331,0.000347,172.217.194.0-255,1125,37688,64,255925
29332,0.000349,172.31.40.0-255,66,37754,64,255925
29333,0.00036,172.31.40.0-255,66,37820,64,255925
29334,0.000365,172.217.194.0-255,2902,40722,64,255925
29335,0.000367,172.31.40.0-255,66,40788,64,255925
29336,0.000389,172.217.194.0-255,5379,46167,64,255925
29337,0.000391,172.31.40.0-255,66,46233,64,255925
29338,0.000394,172.217.194.0-255,380,46613,64,255925
29339,0.000396,172.31.40.0-255,66,46679,64,255925
29340,0.00044,172.217.194.0-255,362,47041,64,255925
29341,0.00068,172.217.194.0-255,1484,48525,64,255925
29342,0.000684,172.31.40.0-255,66,48591,64,255925
29343,0.00069,172.217.194.0-255,2902,51493,64,255925
29344,0.000692,172.31.40.0-255,66,51559,64,255925
29345,0.000736,172.217.194.0-255,5738,57297,64,255925
29346,0.000739,172.31.40.0-255,66,57363,64,255925
29347,0.000747,172.217.194.0-255,7156,64519,64,255925
29348,0.000749,172.31.40.0-255,66,64585,64,255925
29349,0.000752,172.217.194.0-255,1484,66069,64,255925
29350,0.000789,172.31.40.0-255,66,66135,64,255925
29351,0.000793,172.217.194.0-255,2184,68319,64,255925
29352,0.000795,172.31.40.0-255,66,68385,64,255925
29353,0.001211,172.217.194.0-255,1484,69869,64,255925
29354,0.001216,172.217.194.0-255,1484,71353,64,255925
29355,0.001219,172.31.40.0-255,66,71419,64,255925
29356,0.001241,172.217.194.0-255,1484,72903,64,255925
29357,0.001246,172.217.194.0-255,4320,77223,64,255925
29358,0.001248,172.31.40.0-255,66,77289,64,255925
29359,0.001258,172.31.40.0-255,66,77355,64,255925
29360,0.001272,172.217.194.0-255,1484,78839,64,255925
29361,0.001319,172.31.40.0-255,66,78905,64,255925
29362,0.001328,172.217.194.0-255,2902,81807,64,255925
29363,0.00133,172.31.40.0-255,66,81873,64,255925
29364,0.001359,172.217.194.0-255,3602,85475,64,255925
29365,0.001362,172.31.40.0-255,66,85541,64,255925
29366,0.001399,172.217.194.0-255,5738,91279,64,255925
29367,0.001402,172.31.40.0-255,66,91345,64,255925
29368,0.001409,172.217.194.0-255,7156,98501,64,255925
29369,0.00141,172.31.40.0-255,66,98567,64,255925
29370,0.001421,172.31.40.0-255,66,98633,64,255925
29371,0.001454,172.217.194.0-255,5738,104371,64,255925
29372,0.001456,172.31.40.0-255,66,104437,64,255925
29373,0.001463,172.217.194.0-255,5738,110175,64,255925
29374,0.001465,172.31.40.0-255,66,110241,64,255925
29375,0.001468,172.217.194.0-255,766,111007,64,255925
29376,0.001491,172.217.194.0-255,1484,112491,64,255925
29377,0.001495,172.31.40.0-255,66,112557,64,255925
29378,0.001519,172.217.194.0-255,4320,116877,64,255925
29379,0.001523,172.217.194.0-255,2902,119779,64,255925
29380,0.001527,172.31.40.0-255,66,119845,64,255925
29381,0.00153,172.31.40.0-255,66,119911,64,255925
29382,0.001552,172.217.194.0-255,5738,125649,64,255925
29383,0.001555,172.31.40.0-255,66,125715,64,255925
29384,0.001566,172.31.40.0-255,66,125781,64,255925
29385,0.001584,172.217.194.0-255,4320,130101,64,255925
29386,0.001589,172.217.194.0-255,5020,135121,64,255925
29387,0.001592,172.31.40.0-255,66,135187,64,255925
29388,0.001599,172.31.40.0-255,66,135253,64,255925
29389,0.001606,172.217.194.0-255,5738,140991,64,255925
29390,0.001608,172.31.40.0-255,66,141057,64,255925
29391,0.001624,172.217.194.0-255,1484,142541,64,255925
29392,0.001665,172.31.40.0-255,66,142607,64,255925
29393,0.001677,172.217.194.0-255,1484,144091,64,255925
29394,0.001708,172.31.40.0-255,66,144157,64,255925
29395,0.001895,172.217.194.0-255,1484,145641,64,255925
29396,0.0019,172.217.194.0-255,1484,147125,64,255925
29397,0.001903,172.31.40.0-255,66,147191,64,255925
29398,0.001924,172.217.194.0-255,1484,148675,64,255925
29399,0.001931,172.217.194.0-255,5738,154413,64,255925
29400,0.001933,172.31.40.0-255,66,154479,64,255925
29401,0.001938,172.217.194.0-255,4320,158799,64,255925
29402,0.00194,172.31.40.0-255,66,158865,64,255925
29403,0.001985,172.31.40.0-255,66,158931,64,255925
29404,0.001995,172.31.40.0-255,66,158997,64,255925
29405,0.002046,172.217.194.0-255,5738,164735,64,255925
29406,0.002049,172.31.40.0-255,66,164801,64,255925
29407,0.002055,172.217.194.0-255,7156,171957,64,255925
29408,0.002058,172.31.40.0-255,66,172023,64,255925
29409,0.002082,172.31.40.0-255,66,172089,64,255925
29410,0.0021,172.217.194.0-255,2902,174991,64,255925
29411,0.002102,172.31.40.0-255,66,175057,64,255925
29412,0.002109,172.217.194.0-255,6438,181495,64,255925
29413,0.002112,172.31.40.0-255,66,181561,64,255925
29414,0.002146,172.217.194.0-255,1484,183045,64,255925
29415,0.002151,172.217.194.0-255,2902,185947,64,255925
29416,0.002153,172.31.40.0-255,66,186013,64,255925
29417,0.002159,172.217.194.0-255,4320,190333,64,255925
29418,0.002162,172.31.40.0-255,66,190399,64,255925
29419,0.002197,172.217.194.0-255,1484,191883,64,255925
29420,0.002211,172.31.40.0-255,66,191949,64,255925
29421,0.002228,172.217.194.0-255,1484,193433,64,255925
29422,0.002234,172.217.194.0-255,4320,197753,64,255925
29423,0.002237,172.31.40.0-255,66,197819,64,255925
29424,0.002272,172.31.40.0-255,66,197885,64,255925
29425,0.004852,172.217.194.0-255,5738,203623,64,255925
29426,0.00486,172.31.40.0-255,66,203689,64,255925
29427,0.007432,172.217.194.0-255,5738,209427,64,255925
29428,0.007436,172.31.40.0-255,66,209493,64,255925
29429,0.009969,172.217.194.0-255,5738,215231,64,255925
29430,0.009979,172.31.40.0-255,66,215297,64,255925
29431,0.012542,172.217.194.0-255,5738,221035,64,255925
29432,0.012555,172.31.40.0-255,66,221101,64,255925
29433,0.015114,172.217.194.0-255,5738,226839,64,255925
29434,0.015127,172.31.40.0-255,66,226905,64,255925
29435,0.017667,172.217.194.0-255,5738,232643,64,255925
29436,0.017683,172.31.40.0-255,66,232709,64,255925
29437,0.020271,172.217.194.0-255,5738,238447,64,255925
29438,0.020284,172.31.40.0-255,66,238513,64,255925
29439,0.022819,172.217.194.0-255,5738,244251,64,255925
29440,0.022827,172.31.40.0-255,66,244317,64,255925
29441,0.025379,172.217.194.0-255,5738,250055,64,255925
29442,0.025387,172.31.40.0-255,66,250121,64,255925
29443,0.027924,172.217.194.0-255,5738,255859,64,255925
29444,0.027934,172.31.40.0-255,66,255925,64,255925
29445,0.0,74.125.68.0-255,150,150,64,137854
29446,2.3e-05,172.31.40.0-255,66,216,64,137854
29447,3.1e-05,74.125.68.0-255,1484,1700,64,137854
29448,3.6e-05,172.31.40.0-255,66,1766,64,137854
29449,6.1e-05,74.125.68.0-255,2902,4668,64,137854
29450,6.4e-05,172.31.40.0-255,66,4734,64,137854
29451,7.1e-05,74.125.68.0-255,5738,10472,64,137854
29452,7.4e-05,172.31.40.0-255,66,10538,64,137854
29453,0.000102,74.125.68.0-255,3555,14093,64,137854
29454,0.000106,172.31.40.0-255,66,14159,64,137854
29455,0.000228,74.125.68.0-255,1484,15643,64,137854
29456,0.000232,172.31.40.0-255,66,15709,64,137854
29457,0.000238,74.125.68.0-255,2902,18611,64,137854
29458,0.000241,172.31.40.0-255,66,18677,64,137854
29459,0.000257,74.125.68.0-255,4320,22997,64,137854
29460,0.00026,172.31.40.0-255,66,23063,64,137854
29461,0.000279,74.125.68.0-255,1484,24547,64,137854
29462,0.000282,172.31.40.0-255,66,24613,64,137854
29463,0.000314,74.125.68.0-255,2902,27515,64,137854
29464,0.000317,172.31.40.0-255,66,27581,64,137854
29465,0.000342,74.125.68.0-255,3961,31542,64,137854
29466,0.000345,172.31.40.0-255,66,31608,64,137854
29467,0.000352,74.125.68.0-255,7156,38764,64,137854
29468,0.000356,172.31.40.0-255,66,38830,64,137854
29469,0.000362,74.125.68.0-255,5738,44568,64,137854
29470,0.000364,172.31.40.0-255,66,44634,64,137854
29471,0.000381,74.125.68.0-255,1484,46118,64,137854
29472,0.000384,172.31.40.0-255,66,46184,64,137854
29473,0.000405,74.125.68.0-255,2543,48727,64,137854
29474,0.000407,172.31.40.0-255,66,48793,64,137854
29475,0.000412,74.125.68.0-255,2902,51695,64,137854
29476,0.000414,172.31.40.0-255,66,51761,64,137854
29477,0.000431,74.125.68.0-255,1484,53245,64,137854
29478,0.000449,74.125.68.0-255,7156,60401,64,137854
29479,0.000452,172.31.40.0-255,66,60467,64,137854
29480,0.000464,74.125.68.0-255,2902,63369,64,137854
29481,0.000467,172.31.40.0-255,66,63435,64,137854
29482,0.000485,74.125.68.0-255,2543,65978,64,137854
29483,0.000487,172.31.40.0-255,66,66044,64,137854
29484,0.002326,74.125.68.0-255,645,66689,64,137854
29485,0.002804,74.125.68.0-255,4320,71009,64,137854
29486,0.00281,172.31.40.0-255,66,71075,64,137854
29487,0.005123,74.125.68.0-255,4320,75395,64,137854
29488,0.005127,172.31.40.0-255,66,75461,64,137854
29489,0.005148,74.125.68.0-255,1484,76945,64,137854
29490,0.007462,74.125.68.0-255,4320,81265,64,137854
29491,0.007469,172.31.40.0-255,66,81331,64,137854
29492,0.009803,74.125.68.0-255,5738,87069,64,137854
29493,0.009819,172.31.40.0-255,66,87135,64,137854
29494,0.012177,74.125.68.0-255,5738,92873,64,137854
29495,0.01219,172.31.40.0-255,66,92939,64,137854
29496,0.014539,74.125.68.0-255,5738,98677,64,137854
29497,0.014552,172.31.40.0-255,66,98743,64,137854
29498,0.01689,74.125.68.0-255,5738,104481,64,137854
29499,0.0169,172.31.40.0-255,66,104547,64,137854
29500,0.019241,74.125.68.0-255,5738,110285,64,137854
29501,0.019249,172.31.40.0-255,66,110351,64,137854
29502,0.021584,74.125.68.0-255,5738,116089,64,137854
29503,0.021594,172.31.40.0-255,66,116155,64,137854
29504,0.02392,74.125.68.0-255,5738,121893,64,137854
29505,0.023928,172.31.40.0-255,66,121959,64,137854
29506,0.026386,172.31.40.0-255,167,122126,64,137854
29507,0.026417,172.31.40.0-255,1113,123239,64,137854
29508,0.026478,172.31.40.0-255,1514,124753,64,137854
29509,0.02648,172.31.40.0-255,1295,126048,64,137854
29510,0.026532,74.125.68.0-255,5738,131786,64,137854
29511,0.026538,172.31.40.0-255,66,131852,64,137854
29512,0.027935,104.244.42.0-255,66,131918,64,137854
29513,0.027998,104.244.42.0-255,66,131984,64,137854
29514,0.02806,104.244.42.0-255,66,132050,64,137854
29515,0.028862,74.125.68.0-255,5738,137788,64,137854
29516,0.02887,172.31.40.0-255,66,137854,64,137854
29517,0.0,74.125.24.0-255,291,291,64,267674
29518,2.1e-05,172.31.40.0-255,66,357,64,267674
29519,2.7e-05,74.125.24.0-255,1484,1841,64,267674
29520,3.1e-05,172.31.40.0-255,66,1907,64,267674
29521,3.6e-05,74.125.24.0-255,2902,4809,64,267674
29522,3.9e-05,172.31.40.0-255,66,4875,64,267674
29523,4.6e-05,74.125.24.0-255,5738,10613,64,267674
29524,4.9e-05,172.31.40.0-255,66,10679,64,267674
29525,8.5e-05,172.31.40.0-255,66,10745,64,267674
29526,8.9e-05,74.125.24.0-255,2902,13647,64,267674
29527,9.1e-05,172.31.40.0-255,66,13713,64,267674
29528,0.000111,74.125.24.0-255,7156,20869,64,267674
29529,0.000114,172.31.40.0-255,66,20935,64,267674
29530,0.000125,74.125.24.0-255,1125,22060,64,267674
29531,0.000127,172.31.40.0-255,66,22126,64,267674
29532,0.000214,74.125.24.0-255,1484,23610,64,267674
29533,0.000217,172.31.40.0-255,66,23676,64,267674
29534,0.00023,74.125.24.0-255,1484,25160,64,267674
29535,0.000232,172.31.40.0-255,66,25226,64,267674
29536,0.000251,74.125.24.0-255,1484,26710,64,267674
29537,0.000254,172.31.40.0-255,66,26776,64,267674
29538,0.00026,74.125.24.0-255,5738,32514,64,267674
29539,0.000261,172.31.40.0-255,66,32580,64,267674
29540,0.000264,74.125.24.0-255,1484,34064,64,267674
29541,0.000266,172.31.40.0-255,66,34130,64,267674
29542,0.000287,74.125.24.0-255,2902,37032,64,267674
29543,0.00029,172.31.40.0-255,66,37098,64,267674
29544,0.000292,74.125.24.0-255,1484,38582,64,267674
29545,0.000294,172.31.40.0-255,66,38648,64,267674
29546,0.000338,172.31.40.0-255,66,38714,64,267674
29547,0.000345,74.125.24.0-255,7109,45823,64,267674
29548,0.000347,172.31.40.0-255,66,45889,64,267674
29549,0.00035,74.125.24.0-255,110,45999,64,267674
29550,0.000353,172.31.40.0-255,66,46065,64,267674
29551,0.000584,74.125.24.0-255,331,46396,64,267674
29552,0.000588,172.31.40.0-255,66,46462,64,267674
29553,0.001043,74.125.24.0-255,1484,47946,64,267674
29554,0.001049,172.31.40.0-255,66,48012,64,267674
29555,0.001059,74.125.24.0-255,2902,50914,64,267674
29556,0.001061,172.31.40.0-255,66,50980,64,267674
29557,0.001067,74.125.24.0-255,5738,56718,64,267674
29558,0.001069,172.31.40.0-255,66,56784,64,267674
29559,0.001074,74.125.24.0-255,2902,59686,64,267674
29560,0.001076,172.31.40.0-255,66,59752,64,267674
29561,0.001117,74.125.24.0-255,1484,61236,64,267674
29562,0.001134,74.125.24.0-255,4320,65556,64,267674
29563,0.001163,74.125.24.0-255,5020,70576,64,267674
29564,0.001274,74.125.24.0-255,1484,72060,64,267674
29565,0.001292,74.125.24.0-255,2902,74962,64,267674
29566,0.001317,74.125.24.0-255,4320,79282,64,267674
29567,0.001356,74.125.24.0-255,2902,82184,64,267674
29568,0.001371,74.125.24.0-255,2902,85086,64,267674
29569,0.001416,74.125.24.0-255,5738,90824,64,267674
29570,0.001436,74.125.24.0-255,2184,93008,64,267674
29571,0.001452,74.125.24.0-255,4320,97328,64,267674
29572,0.001468,74.125.24.0-255,4320,101648,64,267674
29573,0.001475,74.125.24.0-255,7156,108804,64,267674
29574,0.001492,74.125.24.0-255,2902,111706,64,267674
29575,0.001518,74.125.24.0-255,4320,116026,64,267674
29576,0.001802,74.125.24.0-255,1484,117510,64,267674
29577,0.001824,74.125.24.0-255,2902,120412,64,267674
29578,0.001851,74.125.24.0-255,2902,123314,64,267674
29579,0.001868,74.125.24.0-255,2902,126216,64,267674
29580,0.001872,74.125.24.0-255,2902,129118,64,267674
29581,0.001886,74.125.24.0-255,4320,133438,64,267674
29582,0.001903,74.125.24.0-255,5738,139176,64,267674
29583,0.00192,74.125.24.0-255,2902,142078,64,267674
29584,0.002585,74.125.24.0-255,1484,143562,64,267674
29585,0.002593,74.125.24.0-255,2902,146464,64,267674
29586,0.002622,74.125.24.0-255,5738,152202,64,267674
29587,0.002628,74.125.24.0-255,4320,156522,64,267674
29588,0.002642,74.125.24.0-255,1484,158006,64,267674
29589,0.002647,74.125.24.0-255,4320,162326,64,267674
29590,0.002664,74.125.24.0-255,2902,165228,64,267674
29591,0.002682,74.125.24.0-255,4320,169548,64,267674
29592,0.002696,74.125.24.0-255,6438,175986,64,267674
29593,0.002833,74.125.24.0-255,1484,177470,64,267674
29594,0.002851,74.125.24.0-255,2902,180372,64,267674
29595,0.002856,74.125.24.0-255,4320,184692,64,267674
29596,0.002873,74.125.24.0-255,1484,186176,64,267674
29597,0.002877,74.125.24.0-255,2902,189078,64,267674
29598,0.00296,74.125.24.0-255,2184,191262,64,267674
29599,0.003071,74.125.24.0-255,1484,192746,64,267674
29600,0.003084,74.125.24.0-255,1484,194230,64,267674
29601,0.003107,74.125.24.0-255,1484,195714,64,267674
29602,0.003115,74.125.24.0-255,5738,201452,64,267674
29603,0.003131,74.125.24.0-255,2902,204354,64,267674
29604,0.003212,74.125.24.0-255,4320,208674,64,267674
29605,0.003256,74.125.24.0-255,1484,210158,64,267674
29606,0.003269,74.125.24.0-255,2902,213060,64,267674
29607,0.003285,74.125.24.0-255,5738,218798,64,267674
29608,0.003288,74.125.24.0-255,1484,220282,64,267674
29609,0.003305,74.125.24.0-255,2902,223184,64,267674
29610,0.003328,74.125.24.0-255,1484,224668,64,267674
29611,0.003367,74.125.24.0-255,7156,231824,64,267674
29612,0.003429,74.125.24.0-255,4320,236144,64,267674
29613,0.003435,74.125.24.0-255,4320,240464,64,267674
29614,0.003458,74.125.24.0-255,6438,246902,64,267674
29615,0.003465,74.125.24.0-255,5738,252640,64,267674
29616,0.003506,74.125.24.0-255,4320,256960,64,267674
29617,0.003553,74.125.24.0-255,3602,260562,64,267674
29618,0.003587,74.125.24.0-255,6770,267332,64,267674
29619,0.003591,74.125.24.0-255,105,267437,64,267674
29620,0.009089,172.31.40.0-255,66,267503,64,267674
29621,0.014697,172.31.40.0-255,105,267608,64,267674
29622,0.016694,74.125.24.0-255,66,267674,64,267674
29623,0.0,172.217.194.0-255,150,150,64,156314
29624,2.2e-05,172.31.40.0-255,66,216,64,156314
29625,2.9e-05,172.217.194.0-255,1484,1700,64,156314
29626,3.2e-05,172.31.40.0-255,66,1766,64,156314
29627,3.7e-05,172.217.194.0-255,2902,4668,64,156314
29628,4.1e-05,172.31.40.0-255,66,4734,64,156314
29629,5.3e-05,172.217.194.0-255,7156,11890,64,156314
29630,5.7e-05,172.31.40.0-255,66,11956,64,156314
29631,6.3e-05,172.217.194.0-255,6321,18277,64,156314
29632,6.6e-05,172.31.40.0-255,66,18343,64,156314
29633,0.000104,172.217.194.0-255,7156,25499,64,156314
29634,0.000107,172.31.40.0-255,66,25565,64,156314
29635,0.000137,172.217.194.0-255,5379,30944,64,156314
29636,0.00014,172.31.40.0-255,66,31010,64,156314
29637,0.000145,172.217.194.0-255,2902,33912,64,156314
29638,0.000147,172.31.40.0-255,66,33978,64,156314
29639,0.00015,172.217.194.0-255,1484,35462,64,156314
29640,0.000152,172.31.40.0-255,66,35528,64,156314
29641,0.000193,172.217.194.0-255,2902,38430,64,156314
29642,0.000196,172.31.40.0-255,66,38496,64,156314
29643,0.000206,172.31.40.0-255,66,38562,64,156314
29644,0.000229,172.31.40.0-255,66,38628,64,156314
29645,0.000232,172.217.194.0-255,121,38749,64,156314
29646,0.000235,172.31.40.0-255,66,38815,64,156314
29647,0.000679,172.217.194.0-255,381,39196,64,156314
29648,0.000686,172.31.40.0-255,66,39262,64,156314
29649,0.00097,172.217.194.0-255,1484,40746,64,156314
29650,0.000974,172.31.40.0-255,66,40812,64,156314
29651,0.000993,172.217.194.0-255,2902,43714,64,156314
29652,0.000996,172.31.40.0-255,66,43780,64,156314
29653,0.001002,172.217.194.0-255,5738,49518,64,156314
29654,0.001004,172.31.40.0-255,66,49584,64,156314
29655,0.00105,172.31.40.0-255,66,49650,64,156314
29656,0.001086,172.31.40.0-255,66,49716,64,156314
29657,0.001221,172.217.194.0-255,1484,51200,64,156314
29658,0.001227,172.217.194.0-255,2902,54102,64,156314
29659,0.00123,172.31.40.0-255,66,54168,64,156314
29660,0.001234,172.217.194.0-255,1484,55652,64,156314
29661,0.001263,172.217.194.0-255,4320,59972,64,156314
29662,0.001265,172.31.40.0-255,66,60038,64,156314
29663,0.001278,172.31.40.0-255,66,60104,64,156314
29664,0.001294,172.31.40.0-255,66,60170,64,156314
29665,0.001322,172.217.194.0-255,766,60936,64,156314
29666,0.001779,172.31.40.0-255,66,61002,64,156314
29667,0.001953,172.217.194.0-255,1484,62486,64,156314
29668,0.001961,172.217.194.0-255,2902,65388,64,156314
29669,0.001964,172.31.40.0-255,66,65454,64,156314
29670,0.001968,172.217.194.0-255,1484,66938,64,156314
29671,0.001993,172.217.194.0-255,4320,71258,64,156314
29672,0.001995,172.31.40.0-255,66,71324,64,156314
29673,0.002001,172.217.194.0-255,7156,78480,64,156314
29674,0.002003,172.31.40.0-255,66,78546,64,156314
29675,0.002008,172.217.194.0-255,5738,84284,64,156314
29676,0.002014,172.31.40.0-255,66,84350,64,156314
29677,0.002049,172.31.40.0-255,66,84416,64,156314
29678,0.002053,172.217.194.0-255,2184,86600,64,156314
29679,0.002054,172.31.40.0-255,66,86666,64,156314
29680,0.004254,172.217.194.0-255,5738,92404,64,156314
29681,0.004261,172.31.40.0-255,66,92470,64,156314
29682,0.006469,172.217.194.0-255,5738,98208,64,156314
29683,0.006474,172.31.40.0-255,66,98274,64,156314
29684,0.008658,172.217.194.0-255,5738,104012,64,156314
29685,0.008664,172.31.40.0-255,66,104078,64,156314
29686,0.010869,172.217.194.0-255,5738,109816,64,156314
29687,0.010877,172.31.40.0-255,66,109882,64,156314
29688,0.013109,172.217.194.0-255,5738,115620,64,156314
29689,0.013116,172.31.40.0-255,66,115686,64,156314
29690,0.01533,172.217.194.0-255,5738,121424,64,156314
29691,0.015341,172.31.40.0-255,66,121490,64,156314
29692,0.017538,172.217.194.0-255,5738,127228,64,156314
29693,0.017547,172.31.40.0-255,66,127294,64,156314
29694,0.01975,172.217.194.0-255,5738,133032,64,156314
29695,0.019757,172.31.40.0-255,66,133098,64,156314
29696,0.021966,172.217.194.0-255,5738,138836,64,156314
29697,0.021972,172.31.40.0-255,66,138902,64,156314
29698,0.024192,172.217.194.0-255,5738,144640,64,156314
29699,0.024201,172.31.40.0-255,66,144706,64,156314
29700,0.026408,172.217.194.0-255,5738,150444,64,156314
29701,0.026421,172.31.40.0-255,66,150510,64,156314
29702,0.028621,172.217.194.0-255,5738,156248,64,156314
29703,0.028629,172.31.40.0-255,66,156314,64,156314
29704,0.0,74.125.68.0-255,152,152,64,245594
29705,2.4e-05,172.31.40.0-255,66,218,64,245594
29706,4e-05,74.125.68.0-255,1484,1702,64,245594
29707,5.1e-05,172.31.40.0-255,66,1768,64,245594
29708,5.7e-05,74.125.68.0-255,2902,4670,64,245594
29709,6.1e-05,172.31.40.0-255,66,4736,64,245594
29710,6.6e-05,74.125.68.0-255,2902,7638,64,245594
29711,6.9e-05,172.31.40.0-255,66,7704,64,245594
29712,9.8e-05,74.125.68.0-255,1484,9188,64,245594
29713,0.000101,172.31.40.0-255,66,9254,64,245594
29714,0.000108,74.125.68.0-255,4904,14158,64,245594
29715,0.00011,172.31.40.0-255,66,14224,64,245594
29716,0.000249,74.125.68.0-255,1484,15708,64,245594
29717,0.000254,172.31.40.0-255,66,15774,64,245594
29718,0.000259,74.125.68.0-255,2902,18676,64,245594
29719,0.000262,172.31.40.0-255,66,18742,64,245594
29720,0.000318,74.125.68.0-255,1484,20226,64,245594
29721,0.000321,172.31.40.0-255,66,20292,64,245594
29722,0.000352,74.125.68.0-255,2902,23194,64,245594
29723,0.000355,172.31.40.0-255,66,23260,64,245594
29724,0.000359,74.125.68.0-255,2902,26162,64,245594
29725,0.000361,172.31.40.0-255,66,26228,64,245594
29726,0.000367,74.125.68.0-255,4320,30548,64,245594
29727,0.000374,172.31.40.0-255,66,30614,64,245594
29728,0.000414,74.125.68.0-255,1125,31739,64,245594
29729,0.000417,172.31.40.0-255,66,31805,64,245594
29730,0.000481,74.125.68.0-255,1484,33289,64,245594
29731,0.000485,172.31.40.0-255,66,33355,64,245594
29732,0.000488,74.125.68.0-255,1484,34839,64,245594
29733,0.00049,172.31.40.0-255,66,34905,64,245594
29734,0.000522,74.125.68.0-255,1484,36389,64,245594
29735,0.000525,172.31.40.0-255,66,36455,64,245594
29736,0.00053,74.125.68.0-255,2902,39357,64,245594
29737,0.000566,74.125.68.0-255,4320,43677,64,245594
29738,0.000572,74.125.68.0-255,4320,47997,64,245594
29739,0.000589,74.125.68.0-255,2902,50899,64,245594
29740,0.000601,74.125.68.0-255,2543,53442,64,245594
29741,0.000613,74.125.68.0-255,1484,54926,64,245594
29742,0.000629,74.125.68.0-255,4320,59246,64,245594
29743,0.000644,74.125.68.0-255,1484,60730,64,245594
29744,0.000649,172.31.40.0-255,66,60796,64,245594
29745,0.000677,74.125.68.0-255,5651,66447,64,245594
29746,0.000681,74.125.68.0-255,132,66579,64,245594
29747,0.000704,172.31.40.0-255,66,66645,64,245594
29748,0.000825,74.125.68.0-255,347,66992,64,245594
29749,0.000871,74.125.68.0-255,1484,68476,64,245594
29750,0.000875,74.125.68.0-255,1484,69960,64,245594
29751,0.000886,172.31.40.0-255,66,70026,64,245594
29752,0.00089,74.125.68.0-255,1484,71510,64,245594
29753,0.000921,74.125.68.0-255,4320,75830,64,245594
29754,0.000928,74.125.68.0-255,5738,81568,64,245594
29755,0.000936,172.31.40.0-255,66,81634,64,245594
29756,0.000989,74.125.68.0-255,1484,83118,64,245594
29757,0.000996,74.125.68.0-255,5738,88856,64,245594
29758,0.001002,172.31.40.0-255,66,88922,64,245594
29759,0.001031,74.125.68.0-255,2184,91106,64,245594
29760,0.001051,172.31.40.0-255,66,91172,64,245594
29761,0.001759,74.125.68.0-255,1484,92656,64,245594
29762,0.001764,74.125.68.0-255,1484,94140,64,245594
29763,0.001768,172.31.40.0-255,66,94206,64,245594
29764,0.001781,74.125.68.0-255,1484,95690,64,245594
29765,0.00179,74.125.68.0-255,2902,98592,64,245594
29766,0.001795,74.125.68.0-255,4320,102912,64,245594
29767,0.001829,74.125.68.0-255,2902,105814,64,245594
29768,0.001851,74.125.68.0-255,5738,111552,64,245594
29769,0.001867,74.125.68.0-255,4320,115872,64,245594
29770,0.001893,74.125.68.0-255,5738,121610,64,245594
29771,0.001897,74.125.68.0-255,3602,125212,64,245594
29772,0.001925,74.125.68.0-255,1484,126696,64,245594
29773,0.001943,74.125.68.0-255,2902,129598,64,245594
29774,0.001971,74.125.68.0-255,5738,135336,64,245594
29775,0.001973,74.125.68.0-255,1484,136820,64,245594
29776,0.001991,74.125.68.0-255,1484,138304,64,245594
29777,0.002011,74.125.68.0-255,5738,144042,64,245594
29778,0.002024,74.125.68.0-255,4320,148362,64,245594
29779,0.002083,74.125.68.0-255,4320,152682,64,245594
29780,0.002101,74.125.68.0-255,6438,159120,64,245594
29781,0.002106,74.125.68.0-255,2902,162022,64,245594
29782,0.00213,74.125.68.0-255,1484,163506,64,245594
29783,0.002133,74.125.68.0-255,1484,164990,64,245594
29784,0.002143,74.125.68.0-255,1484,166474,64,245594
29785,0.002163,74.125.68.0-255,5738,172212,64,245594
29786,0.00219,74.125.68.0-255,2184,174396,64,245594
29787,0.002378,74.125.68.0-255,1484,175880,64,245594
29788,0.002434,74.125.68.0-255,2902,178782,64,245594
29789,0.002471,74.125.68.0-255,4320,183102,64,245594
29790,0.002485,74.125.68.0-255,2902,186004,64,245594
29791,0.002546,74.125.68.0-255,2902,188906,64,245594
29792,0.00259,74.125.68.0-255,2902,191808,64,245594
29793,0.002606,74.125.68.0-255,1484,193292,64,245594
29794,0.006404,172.31.40.0-255,66,193358,64,245594
29795,0.009007,74.125.68.0-255,5738,199096,64,245594
29796,0.009014,172.31.40.0-255,66,199162,64,245594
29797,0.011604,74.125.68.0-255,5738,204900,64,245594
29798,0.011612,172.31.40.0-255,66,204966,64,245594
29799,0.014206,74.125.68.0-255,5738,210704,64,245594
29800,0.014215,172.31.40.0-255,66,210770,64,245594
29801,0.016811,74.125.68.0-255,5738,216508,64,245594
29802,0.016821,172.31.40.0-255,66,216574,64,245594
29803,0.019411,74.125.68.0-255,5738,222312,64,245594
29804,0.01942,172.31.40.0-255,66,222378,64,245594
29805,0.022026,74.125.68.0-255,5738,228116,64,245594
29806,0.022035,172.31.40.0-255,66,228182,64,245594
29807,0.024637,74.125.68.0-255,5738,233920,64,245594
29808,0.024646,172.31.40.0-255,66,233986,64,245594
29809,0.027239,74.125.68.0-255,5738,239724,64,245594
29810,0.027249,172.31.40.0-255,66,239790,64,245594
29811,0.029847,74.125.68.0-255,5738,245528,64,245594
29812,0.029854,172.31.40.0-255,66,245594,64,245594
29813,0.0,172.217.194.0-255,153,153,64,241093
29814,3.3e-05,172.31.40.0-255,66,219,64,241093
29815,4.1e-05,172.217.194.0-255,1484,1703,64,241093
29816,4.5e-05,172.31.40.0-255,66,1769,64,241093
29817,5e-05,172.217.194.0-255,2902,4671,64,241093
29818,6e-05,172.31.40.0-255,66,4737,64,241093
29819,6.3e-05,172.217.194.0-255,1484,6221,64,241093
29820,6.6e-05,172.31.40.0-255,66,6287,64,241093
29821,0.000104,172.217.194.0-255,2902,9189,64,241093
29822,0.000107,172.31.40.0-255,66,9255,64,241093
29823,0.000122,172.217.194.0-255,4902,14157,64,241093
29824,0.000129,172.31.40.0-255,66,14223,64,241093
29825,0.000195,172.217.194.0-255,1484,15707,64,241093
29826,0.000198,172.31.40.0-255,66,15773,64,241093
29827,0.000204,172.217.194.0-255,2902,18675,64,241093
29828,0.000206,172.31.40.0-255,66,18741,64,241093
29829,0.000252,172.217.194.0-255,5738,24479,64,241093
29830,0.000255,172.31.40.0-255,66,24545,64,241093
29831,0.000262,172.217.194.0-255,6797,31342,64,241093
29832,0.000264,172.31.40.0-255,66,31408,64,241093
29833,0.000342,172.217.194.0-255,1484,32892,64,241093
29834,0.000345,172.31.40.0-255,66,32958,64,241093
29835,0.00035,172.217.194.0-255,2902,35860,64,241093
29836,0.000354,172.31.40.0-255,66,35926,64,241093
29837,0.000388,172.217.194.0-255,5738,41664,64,241093
29838,0.000393,172.31.40.0-255,66,41730,64,241093
29839,0.0004,172.217.194.0-255,4320,46050,64,241093
29840,0.000403,172.31.40.0-255,66,46116,64,241093
29841,0.000428,172.31.40.0-255,66,46182,64,241093
29842,0.000471,172.31.40.0-255,66,46248,64,241093
29843,0.000474,172.217.194.0-255,395,46643,64,241093
29844,0.000514,172.217.194.0-255,380,47023,64,241093
29845,0.000766,172.217.194.0-255,1484,48507,64,241093
29846,0.000771,172.31.40.0-255,66,48573,64,241093
29847,0.000776,172.217.194.0-255,2902,51475,64,241093
29848,0.000778,172.31.40.0-255,66,51541,64,241093
29849,0.000805,172.217.194.0-255,5738,57279,64,241093
29850,0.000814,172.31.40.0-255,66,57345,64,241093
29851,0.000828,172.31.40.0-255,66,57411,64,241093
29852,0.000863,172.31.40.0-255,66,57477,64,241093
29853,0.001105,172.217.194.0-255,1484,58961,64,241093
29854,0.001123,172.217.194.0-255,2902,61863,64,241093
29855,0.001126,172.31.40.0-255,66,61929,64,241093
29856,0.00113,172.217.194.0-255,1484,63413,64,241093
29857,0.001157,172.217.194.0-255,4320,67733,64,241093
29858,0.001161,172.31.40.0-255,66,67799,64,241093
29859,0.001167,172.217.194.0-255,5738,73537,64,241093
29860,0.001169,172.31.40.0-255,66,73603,64,241093
29861,0.001182,172.31.40.0-255,66,73669,64,241093
29862,0.001207,172.217.194.0-255,1484,75153,64,241093
29863,0.001214,172.217.194.0-255,5020,80173,64,241093
29864,0.001217,172.31.40.0-255,66,80239,64,241093
29865,0.001293,172.217.194.0-255,1484,81723,64,241093
29866,0.001316,172.217.194.0-255,2902,84625,64,241093
29867,0.00132,172.31.40.0-255,66,84691,64,241093
29868,0.001326,172.217.194.0-255,5738,90429,64,241093
29869,0.001328,172.31.40.0-255,66,90495,64,241093
29870,0.001348,172.217.194.0-255,4320,94815,64,241093
29871,0.001352,172.31.40.0-255,66,94881,64,241093
29872,0.001392,172.31.40.0-255,66,94947,64,241093
29873,0.001401,172.31.40.0-255,66,95013,64,241093
29874,0.001406,172.217.194.0-255,2184,97197,64,241093
29875,0.001408,172.31.40.0-255,66,97263,64,241093
29876,0.001453,172.217.194.0-255,1484,98747,64,241093
29877,0.001472,172.217.194.0-255,2902,101649,64,241093
29878,0.001475,172.31.40.0-255,66,101715,64,241093
29879,0.001481,172.217.194.0-255,4320,106035,64,241093
29880,0.001483,172.31.40.0-255,66,106101,64,241093
29881,0.00151,172.217.194.0-255,1484,107585,64,241093
29882,0.001524,172.31.40.0-255,66,107651,64,241093
29883,0.001529,172.217.194.0-255,4320,111971,64,241093
29884,0.001531,172.31.40.0-255,66,112037,64,241093
29885,0.001556,172.217.194.0-255,4320,116357,64,241093
29886,0.001564,172.31.40.0-255,66,116423,64,241093
29887,0.001568,172.217.194.0-255,2184,118607,64,241093
29888,0.00157,172.31.40.0-255,66,118673,64,241093
29889,0.001859,172.217.194.0-255,1484,120157,64,241093
29890,0.001865,172.217.194.0-255,2902,123059,64,241093
29891,0.001868,172.31.40.0-255,66,123125,64,241093
29892,0.001874,172.217.194.0-255,4320,127445,64,241093
29893,0.001876,172.31.40.0-255,66,127511,64,241093
29894,0.0019,172.217.194.0-255,1484,128995,64,241093
29895,0.001918,172.31.40.0-255,66,129061,64,241093
29896,0.001928,172.31.40.0-255,66,129127,64,241093
29897,0.001958,172.217.194.0-255,2184,131311,64,241093
29898,0.001963,172.31.40.0-255,66,131377,64,241093
29899,0.001988,172.217.194.0-255,1484,132861,64,241093
29900,0.002002,172.217.194.0-255,2902,135763,64,241093
29901,0.002005,172.31.40.0-255,66,135829,64,241093
29902,0.002039,172.217.194.0-255,5738,141567,64,241093
29903,0.002043,172.31.40.0-255,66,141633,64,241093
29904,0.002046,172.217.194.0-255,1484,143117,64,241093
29905,0.002072,172.31.40.0-255,66,143183,64,241093
29906,0.002077,172.217.194.0-255,2902,146085,64,241093
29907,0.002079,172.31.40.0-255,66,146151,64,241093
29908,0.002122,172.31.40.0-255,66,146217,64,241093
29909,0.002127,172.217.194.0-255,4320,150537,64,241093
29910,0.00213,172.31.40.0-255,66,150603,64,241093
29911,0.002134,172.217.194.0-255,2902,153505,64,241093
29912,0.002137,172.31.40.0-255,66,153571,64,241093
29913,0.002166,172.217.194.0-255,2902,156473,64,241093
29914,0.00217,172.31.40.0-255,66,156539,64,241093
29915,0.002183,172.31.40.0-255,66,156605,64,241093
29916,0.002193,172.31.40.0-255,66,156671,64,241093
29917,0.002216,172.217.194.0-255,3602,160273,64,241093
29918,0.002219,172.31.40.0-255,66,160339,64,241093
29919,0.002234,172.217.194.0-255,1484,161823,64,241093
29920,0.002242,172.217.194.0-255,1484,163307,64,241093
29921,0.002245,172.31.40.0-255,66,163373,64,241093
29922,0.002278,172.217.194.0-255,1484,164857,64,241093
29923,0.002285,172.217.194.0-255,5738,170595,64,241093
29924,0.002288,172.31.40.0-255,66,170661,64,241093
29925,0.002293,172.217.194.0-255,4320,174981,64,241093
29926,0.002296,172.31.40.0-255,66,175047,64,241093
29927,0.002315,172.31.40.0-255,66,175113,64,241093
29928,0.002319,172.217.194.0-255,2902,178015,64,241093
29929,0.002322,172.31.40.0-255,66,178081,64,241093
29930,0.002351,172.217.194.0-255,5020,183101,64,241093
29931,0.002354,172.31.40.0-255,66,183167,64,241093
29932,0.002379,172.31.40.0-255,66,183233,64,241093
29933,0.002385,172.217.194.0-255,4320,187553,64,241093
29934,0.002387,172.31.40.0-255,66,187619,64,241093
29935,0.002417,172.217.194.0-255,5738,193357,64,241093
29936,0.002421,172.31.40.0-255,66,193423,64,241093
29937,0.002432,172.31.40.0-255,66,193489,64,241093
29938,0.004796,172.217.194.0-255,5738,199227,64,241093
29939,0.004804,172.31.40.0-255,66,199293,64,241093
29940,0.007188,172.217.194.0-255,5738,205031,64,241093
29941,0.007196,172.31.40.0-255,66,205097,64,241093
29942,0.009593,172.217.194.0-255,5738,210835,64,241093
29943,0.009613,172.31.40.0-255,66,210901,64,241093
29944,0.012018,172.217.194.0-255,5738,216639,64,241093
29945,0.012028,172.31.40.0-255,66,216705,64,241093
29946,0.014419,172.217.194.0-255,5738,222443,64,241093
29947,0.01443,172.31.40.0-255,66,222509,64,241093
29948,0.015124,172.31.40.0-255,101,222610,64,241093
29949,0.016825,172.217.194.0-255,5738,228348,64,241093
29950,0.016839,172.31.40.0-255,66,228414,64,241093
29951,0.01747,172.217.194.0-255,66,228480,64,241093
29952,0.019228,172.217.194.0-255,5738,234218,64,241093
29953,0.019243,172.31.40.0-255,66,234284,64,241093
29954,0.021642,172.217.194.0-255,5738,240022,64,241093
29955,0.021661,172.31.40.0-255,66,240088,64,241093
29956,0.024025,172.217.194.0-255,900,240988,64,241093
29957,0.024212,172.31.40.0-255,105,241093,64,241093
29958,0.0,74.125.68.0-255,167,167,64,165456
29959,1.8e-05,172.31.40.0-255,66,233,64,165456
29960,2.4e-05,74.125.68.0-255,1484,1717,64,165456
29961,2.9e-05,172.31.40.0-255,66,1783,64,165456
29962,3.4e-05,74.125.68.0-255,2902,4685,64,165456
29963,3.7e-05,172.31.40.0-255,66,4751,64,165456
29964,4.5e-05,74.125.68.0-255,7156,11907,64,165456
29965,4.9e-05,172.31.40.0-255,66,11973,64,165456
29966,5.2e-05,74.125.68.0-255,2039,14012,64,165456
29967,5.5e-05,172.31.40.0-255,66,14078,64,165456
29968,9.5e-05,74.125.68.0-255,1484,15562,64,165456
29969,9.7e-05,172.31.40.0-255,66,15628,64,165456
29970,0.00013,74.125.68.0-255,2902,18530,64,165456
29971,0.000133,172.31.40.0-255,66,18596,64,165456
29972,0.000152,74.125.68.0-255,5738,24334,64,165456
29973,0.000155,172.31.40.0-255,66,24400,64,165456
29974,0.000159,74.125.68.0-255,2902,27302,64,165456
29975,0.000161,172.31.40.0-255,66,27368,64,165456
29976,0.000187,74.125.68.0-255,3961,31329,64,165456
29977,0.00019,172.31.40.0-255,66,31395,64,165456
29978,0.000347,74.125.68.0-255,1484,32879,64,165456
29979,0.000353,172.31.40.0-255,66,32945,64,165456
29980,0.000364,74.125.68.0-255,1484,34429,64,165456
29981,0.000366,172.31.40.0-255,66,34495,64,165456
29982,0.000386,74.125.68.0-255,1484,35979,64,165456
29983,0.000388,172.31.40.0-255,66,36045,64,165456
29984,0.000404,74.125.68.0-255,5738,41783,64,165456
29985,0.000407,172.31.40.0-255,66,41849,64,165456
29986,0.000437,74.125.68.0-255,6797,48646,64,165456
29987,0.00044,172.31.40.0-255,66,48712,64,165456
29988,0.001025,74.125.68.0-255,1484,50196,64,165456
29989,0.001031,172.31.40.0-255,66,50262,64,165456
29990,0.001039,74.125.68.0-255,2902,53164,64,165456
29991,0.001041,172.31.40.0-255,66,53230,64,165456
29992,0.001061,74.125.68.0-255,2902,56132,64,165456
29993,0.001063,172.31.40.0-255,66,56198,64,165456
29994,0.001068,74.125.68.0-255,4320,60518,64,165456
29995,0.00107,172.31.40.0-255,66,60584,64,165456
29996,0.001119,74.125.68.0-255,2902,63486,64,165456
29997,0.001121,172.31.40.0-255,66,63552,64,165456
29998,0.001139,74.125.68.0-255,2543,66095,64,165456
29999,0.001141,172.31.40.0-255,66,66161,64,165456
30000,0.001677,74.125.68.0-255,1484,67645,64,165456
30001,0.001695,74.125.68.0-255,2902,70547,64,165456
30002,0.001699,172.31.40.0-255,66,70613,64,165456
30003,0.001703,74.125.68.0-255,1484,72097,64,165456
30004,0.001718,74.125.68.0-255,2902,74999,64,165456
30005,0.00172,172.31.40.0-255,66,75065,64,165456
30006,0.001742,74.125.68.0-255,5738,80803,64,165456
30007,0.001744,172.31.40.0-255,66,80869,64,165456
30008,0.001763,74.125.68.0-255,5738,86607,64,165456
30009,0.001765,172.31.40.0-255,66,86673,64,165456
30010,0.001779,74.125.68.0-255,2902,89575,64,165456
30011,0.00178,172.31.40.0-255,66,89641,64,165456
30012,0.001791,74.125.68.0-255,1484,91125,64,165456
30013,0.00181,172.31.40.0-255,66,91191,64,165456
30014,0.001812,74.125.68.0-255,766,91957,64,165456
30015,0.004085,74.125.68.0-255,4320,96277,64,165456
30016,0.00409,172.31.40.0-255,66,96343,64,165456
30017,0.006375,74.125.68.0-255,5738,102081,64,165456
30018,0.006384,172.31.40.0-255,66,102147,64,165456
30019,0.008658,74.125.68.0-255,5738,107885,64,165456
30020,0.008666,172.31.40.0-255,66,107951,64,165456
30021,0.010961,74.125.68.0-255,5738,113689,64,165456
30022,0.010973,172.31.40.0-255,66,113755,64,165456
30023,0.013266,74.125.68.0-255,5738,119493,64,165456
30024,0.013276,172.31.40.0-255,66,119559,64,165456
30025,0.015548,74.125.68.0-255,5738,125297,64,165456
30026,0.015557,172.31.40.0-255,66,125363,64,165456
30027,0.017843,74.125.68.0-255,5738,131101,64,165456
30028,0.01785,172.31.40.0-255,66,131167,64,165456
30029,0.020132,74.125.68.0-255,5738,136905,64,165456
30030,0.020139,172.31.40.0-255,66,136971,64,165456
30031,0.022417,74.125.68.0-255,5738,142709,64,165456
30032,0.022425,172.31.40.0-255,66,142775,64,165456
30033,0.024703,74.125.68.0-255,5738,148513,64,165456
30034,0.024711,172.31.40.0-255,66,148579,64,165456
30035,0.026984,74.125.68.0-255,5738,154317,64,165456
30036,0.02699,172.31.40.0-255,66,154383,64,165456
30037,0.027873,172.31.40.0-255,172,154555,64,165456
30038,0.027908,172.31.40.0-255,1111,155666,64,165456
30039,0.027965,172.31.40.0-255,1514,157180,64,165456
30040,0.027966,172.31.40.0-255,1514,158694,64,165456
30041,0.027991,172.31.40.0-255,694,159388,64,165456
30042,0.029259,74.125.68.0-255,5738,165126,64,165456
30043,0.029266,172.31.40.0-255,66,165192,64,165456
30044,0.029419,104.244.42.0-255,66,165258,64,165456
30045,0.029466,104.244.42.0-255,66,165324,64,165456
30046,0.029517,104.244.42.0-255,66,165390,64,165456
30047,0.029522,104.244.42.0-255,66,165456,64,165456
30048,0.0,172.217.194.0-255,152,152,64,166614
30049,2.4e-05,172.31.40.0-255,66,218,64,166614
30050,3.1e-05,172.217.194.0-255,1484,1702,64,166614
30051,3.6e-05,172.31.40.0-255,66,1768,64,166614
30052,5.1e-05,172.217.194.0-255,2902,4670,64,166614
30053,5.5e-05,172.31.40.0-255,66,4736,64,166614
30054,6.2e-05,172.217.194.0-255,5738,10474,64,166614
30055,6.5e-05,172.31.40.0-255,66,10540,64,166614
30056,7.2e-05,172.217.194.0-255,5738,16278,64,166614
30057,7.4e-05,172.31.40.0-255,66,16344,64,166614
30058,0.000114,172.31.40.0-255,66,16410,64,166614
30059,0.000122,172.217.194.0-255,6797,23207,64,166614
30060,0.000124,172.31.40.0-255,66,23273,64,166614
30061,0.000129,172.217.194.0-255,2902,26175,64,166614
30062,0.000132,172.31.40.0-255,66,26241,64,166614
30063,0.000171,172.217.194.0-255,5738,31979,64,166614
30064,0.000175,172.31.40.0-255,66,32045,64,166614
30065,0.000179,172.217.194.0-255,4320,36365,64,166614
30066,0.000182,172.31.40.0-255,66,36431,64,166614
30067,0.000212,172.217.194.0-255,3961,40392,64,166614
30068,0.000214,172.31.40.0-255,66,40458,64,166614
30069,0.000251,172.31.40.0-255,66,40524,64,166614
30070,0.000277,172.217.194.0-255,2902,43426,64,166614
30071,0.00028,172.31.40.0-255,66,43492,64,166614
30072,0.000308,172.217.194.0-255,5379,48871,64,166614
30073,0.00031,172.31.40.0-255,66,48937,64,166614
30074,0.000353,172.217.194.0-255,646,49583,64,166614
30075,0.000356,172.31.40.0-255,66,49649,64,166614
30076,0.000797,172.217.194.0-255,1484,51133,64,166614
30077,0.000803,172.31.40.0-255,66,51199,64,166614
30078,0.000809,172.217.194.0-255,2902,54101,64,166614
30079,0.000811,172.31.40.0-255,66,54167,64,166614
30080,0.000817,172.217.194.0-255,4320,58487,64,166614
30081,0.000824,172.31.40.0-255,66,58553,64,166614
30082,0.000836,172.217.194.0-255,1484,60037,64,166614
30083,0.000843,172.217.194.0-255,4320,64357,64,166614
30084,0.000845,172.31.40.0-255,66,64423,64,166614
30085,0.000874,172.217.194.0-255,2543,66966,64,166614
30086,0.000877,172.31.40.0-255,66,67032,64,166614
30087,0.000882,172.217.194.0-255,4320,71352,64,166614
30088,0.000884,172.31.40.0-255,66,71418,64,166614
30089,0.000925,172.31.40.0-255,66,71484,64,166614
30090,0.000929,172.217.194.0-255,1994,73478,64,166614
30091,0.00093,172.31.40.0-255,66,73544,64,166614
30092,0.001184,172.217.194.0-255,1484,75028,64,166614
30093,0.001191,172.217.194.0-255,2902,77930,64,166614
30094,0.001194,172.31.40.0-255,66,77996,64,166614
30095,0.001255,172.217.194.0-255,5738,83734,64,166614
30096,0.001258,172.31.40.0-255,66,83800,64,166614
30097,0.001272,172.31.40.0-255,66,83866,64,166614
30098,0.001289,172.31.40.0-255,66,83932,64,166614
30099,0.001292,172.217.194.0-255,766,84698,64,166614
30100,0.001668,172.217.194.0-255,1484,86182,64,166614
30101,0.001672,172.31.40.0-255,66,86248,64,166614
30102,0.001676,172.217.194.0-255,1484,87732,64,166614
30103,0.001727,172.217.194.0-255,1484,89216,64,166614
30104,0.00173,172.31.40.0-255,66,89282,64,166614
30105,0.001737,172.217.194.0-255,5738,95020,64,166614
30106,0.00174,172.31.40.0-255,66,95086,64,166614
30107,0.001754,172.31.40.0-255,66,95152,64,166614
30108,0.001757,172.217.194.0-255,1484,96636,64,166614
30109,0.001806,172.31.40.0-255,66,96702,64,166614
30110,0.002263,172.217.194.0-255,1484,98186,64,166614
30111,0.00227,172.217.194.0-255,2902,101088,64,166614
30112,0.002274,172.31.40.0-255,66,101154,64,166614
30113,0.002281,172.217.194.0-255,5738,106892,64,166614
30114,0.002283,172.31.40.0-255,66,106958,64,166614
30115,0.00232,172.31.40.0-255,66,107024,64,166614
30116,0.002331,172.217.194.0-255,1484,108508,64,166614
30117,0.002348,172.31.40.0-255,66,108574,64,166614
30118,0.004932,172.217.194.0-255,5738,114312,64,166614
30119,0.004944,172.31.40.0-255,66,114378,64,166614
30120,0.007531,172.217.194.0-255,5738,120116,64,166614
30121,0.007538,172.31.40.0-255,66,120182,64,166614
30122,0.010151,172.217.194.0-255,5738,125920,64,166614
30123,0.010163,172.31.40.0-255,66,125986,64,166614
30124,0.012746,172.217.194.0-255,5738,131724,64,166614
30125,0.012761,172.31.40.0-255,66,131790,64,166614
30126,0.015357,172.217.194.0-255,5738,137528,64,166614
30127,0.015374,172.31.40.0-255,66,137594,64,166614
30128,0.017985,172.217.194.0-255,5738,143332,64,166614
30129,0.018032,172.31.40.0-255,66,143398,64,166614
30130,0.020641,172.217.194.0-255,5738,149136,64,166614
30131,0.020657,172.31.40.0-255,66,149202,64,166614
30132,0.023261,172.217.194.0-255,5738,154940,64,166614
30133,0.023273,172.31.40.0-255,66,155006,64,166614
30134,0.025897,172.217.194.0-255,5738,160744,64,166614
30135,0.025909,172.31.40.0-255,66,160810,64,166614
30136,0.028514,172.217.194.0-255,5738,166548,64,166614
30137,0.028534,172.31.40.0-255,66,166614,64,166614
30138,0.0,74.125.200.0-255,152,152,64,214597
30139,2e-05,172.31.40.0-255,66,218,64,214597
30140,2.6e-05,74.125.200.0-255,1484,1702,64,214597
30141,3e-05,172.31.40.0-255,66,1768,64,214597
30142,4.5e-05,74.125.200.0-255,2902,4670,64,214597
30143,4.9e-05,172.31.40.0-255,66,4736,64,214597
30144,5.6e-05,74.125.200.0-255,7156,11892,64,214597
30145,6e-05,172.31.40.0-255,66,11958,64,214597
30146,6.5e-05,74.125.200.0-255,3429,15387,64,214597
30147,6.9e-05,172.31.40.0-255,66,15453,64,214597
30148,7.5e-05,74.125.200.0-255,4320,19773,64,214597
30149,7.8e-05,172.31.40.0-255,66,19839,64,214597
30150,0.000131,172.31.40.0-255,66,19905,64,214597
30151,0.000134,74.125.200.0-255,1125,21030,64,214597
30152,0.000136,172.31.40.0-255,66,21096,64,214597
30153,0.000248,74.125.200.0-255,1484,22580,64,214597
30154,0.000251,172.31.40.0-255,66,22646,64,214597
30155,0.000256,74.125.200.0-255,1484,24130,64,214597
30156,0.000258,172.31.40.0-255,66,24196,64,214597
30157,0.000287,74.125.200.0-255,2902,27098,64,214597
30158,0.000291,172.31.40.0-255,66,27164,64,214597
30159,0.000297,74.125.200.0-255,5738,32902,64,214597
30160,0.000299,172.31.40.0-255,66,32968,64,214597
30161,0.000327,74.125.200.0-255,6797,39765,64,214597
30162,0.00033,172.31.40.0-255,66,39831,64,214597
30163,0.000369,74.125.200.0-255,7156,46987,64,214597
30164,0.000372,172.31.40.0-255,66,47053,64,214597
30165,0.000379,74.125.200.0-255,5738,52791,64,214597
30166,0.000381,172.31.40.0-255,66,52857,64,214597
30167,0.000405,74.125.200.0-255,1484,54341,64,214597
30168,0.000407,172.31.40.0-255,66,54407,64,214597
30169,0.000438,74.125.200.0-255,1434,55841,64,214597
30170,0.000442,74.125.200.0-255,110,55951,64,214597
30171,0.000445,74.125.200.0-255,333,56284,64,214597
30172,0.000447,172.31.40.0-255,66,56350,64,214597
30173,0.000669,74.125.200.0-255,1484,57834,64,214597
30174,0.000673,74.125.200.0-255,1484,59318,64,214597
30175,0.000678,172.31.40.0-255,66,59384,64,214597
30176,0.000706,74.125.200.0-255,1484,60868,64,214597
30177,0.000714,74.125.200.0-255,5738,66606,64,214597
30178,0.000717,172.31.40.0-255,66,66672,64,214597
30179,0.00072,74.125.200.0-255,1484,68156,64,214597
30180,0.000751,172.31.40.0-255,66,68222,64,214597
30181,0.000783,74.125.200.0-255,4320,72542,64,214597
30182,0.000787,172.31.40.0-255,66,72608,64,214597
30183,0.000809,74.125.200.0-255,7156,79764,64,214597
30184,0.000812,172.31.40.0-255,66,79830,64,214597
30185,0.000816,74.125.200.0-255,2184,82014,64,214597
30186,0.000818,172.31.40.0-255,66,82080,64,214597
30187,0.000853,172.31.40.0-255,101,82181,64,214597
30188,0.001667,74.125.200.0-255,1484,83665,64,214597
30189,0.001677,74.125.200.0-255,2902,86567,64,214597
30190,0.001681,172.31.40.0-255,66,86633,64,214597
30191,0.001709,74.125.200.0-255,5738,92371,64,214597
30192,0.001712,172.31.40.0-255,66,92437,64,214597
30193,0.001717,74.125.200.0-255,2902,95339,64,214597
30194,0.001718,172.31.40.0-255,66,95405,64,214597
30195,0.001747,74.125.200.0-255,5738,101143,64,214597
30196,0.00175,172.31.40.0-255,66,101209,64,214597
30197,0.001765,172.31.40.0-255,66,101275,64,214597
30198,0.001771,74.125.200.0-255,5020,106295,64,214597
30199,0.001774,172.31.40.0-255,66,106361,64,214597
30200,0.001892,74.125.200.0-255,1484,107845,64,214597
30201,0.0019,74.125.200.0-255,2902,110747,64,214597
30202,0.001903,172.31.40.0-255,66,110813,64,214597
30203,0.001932,74.125.200.0-255,5738,116551,64,214597
30204,0.001935,172.31.40.0-255,66,116617,64,214597
30205,0.001942,74.125.200.0-255,7156,123773,64,214597
30206,0.001944,172.31.40.0-255,66,123839,64,214597
30207,0.001967,74.125.200.0-255,1484,125323,64,214597
30208,0.002,172.31.40.0-255,66,125389,64,214597
30209,0.002004,74.125.200.0-255,2184,127573,64,214597
30210,0.002006,172.31.40.0-255,66,127639,64,214597
30211,0.0028,74.125.200.0-255,66,127705,64,214597
30212,0.003972,74.125.200.0-255,2902,130607,64,214597
30213,0.003977,172.31.40.0-255,66,130673,64,214597
30214,0.004024,74.125.200.0-255,2902,133575,64,214597
30215,0.004026,172.31.40.0-255,66,133641,64,214597
30216,0.005958,74.125.200.0-255,2902,136543,64,214597
30217,0.005964,172.31.40.0-255,66,136609,64,214597
30218,0.006004,74.125.200.0-255,2902,139511,64,214597
30219,0.006007,172.31.40.0-255,66,139577,64,214597
30220,0.007947,74.125.200.0-255,2902,142479,64,214597
30221,0.007951,172.31.40.0-255,66,142545,64,214597
30222,0.007976,74.125.200.0-255,2902,145447,64,214597
30223,0.007979,172.31.40.0-255,66,145513,64,214597
30224,0.009928,74.125.200.0-255,2902,148415,64,214597
30225,0.009935,172.31.40.0-255,66,148481,64,214597
30226,0.009967,74.125.200.0-255,2902,151383,64,214597
30227,0.009969,172.31.40.0-255,66,151449,64,214597
30228,0.011911,74.125.200.0-255,2902,154351,64,214597
30229,0.011918,172.31.40.0-255,66,154417,64,214597
30230,0.011948,74.125.200.0-255,2902,157319,64,214597
30231,0.011951,172.31.40.0-255,66,157385,64,214597
30232,0.013902,74.125.200.0-255,2902,160287,64,214597
30233,0.013909,172.31.40.0-255,66,160353,64,214597
30234,0.01394,74.125.200.0-255,2902,163255,64,214597
30235,0.013944,172.31.40.0-255,66,163321,64,214597
30236,0.015803,172.31.40.0-255,105,163426,64,214597
30237,0.015896,74.125.200.0-255,2902,166328,64,214597
30238,0.015901,172.31.40.0-255,66,166394,64,214597
30239,0.015931,74.125.200.0-255,2902,169296,64,214597
30240,0.015934,172.31.40.0-255,66,169362,64,214597
30241,0.015987,172.31.40.0-255,90,169452,64,214597
30242,0.015996,172.31.40.0-255,66,169518,64,214597
30243,0.017888,74.125.200.0-255,2902,172420,64,214597
30244,0.017896,172.31.40.0-255,66,172486,64,214597
30245,0.017927,74.125.200.0-255,2902,175388,64,214597
30246,0.017929,172.31.40.0-255,66,175454,64,214597
30247,0.018312,74.125.68.0-255,66,175520,64,214597
30248,0.018332,74.125.68.0-255,66,175586,64,214597
30249,0.018337,172.31.40.0-255,66,175652,64,214597
30250,0.01989,74.125.200.0-255,2902,178554,64,214597
30251,0.019897,172.31.40.0-255,66,178620,64,214597
30252,0.019925,74.125.200.0-255,2902,181522,64,214597
30253,0.019928,172.31.40.0-255,66,181588,64,214597
30254,0.021897,74.125.200.0-255,2902,184490,64,214597
30255,0.021904,172.31.40.0-255,66,184556,64,214597
30256,0.021934,74.125.200.0-255,2902,187458,64,214597
30257,0.021937,172.31.40.0-255,66,187524,64,214597
30258,0.023889,74.125.200.0-255,2902,190426,64,214597
30259,0.023895,172.31.40.0-255,66,190492,64,214597
30260,0.023923,74.125.200.0-255,2902,193394,64,214597
30261,0.023927,172.31.40.0-255,66,193460,64,214597
30262,0.025351,172.31.40.0-255,172,193632,64,214597
30263,0.025383,172.31.40.0-255,1108,194740,64,214597
30264,0.025443,172.31.40.0-255,1514,196254,64,214597
30265,0.025445,172.31.40.0-255,337,196591,64,214597
30266,0.025876,74.125.200.0-255,2902,199493,64,214597
30267,0.025883,172.31.40.0-255,66,199559,64,214597
30268,0.025916,74.125.200.0-255,2902,202461,64,214597
30269,0.02592,172.31.40.0-255,66,202527,64,214597
30270,0.026952,104.244.42.0-255,66,202593,64,214597
30271,0.026981,104.244.42.0-255,66,202659,64,214597
30272,0.027024,104.244.42.0-255,66,202725,64,214597
30273,0.027879,74.125.200.0-255,2902,205627,64,214597
30274,0.027885,172.31.40.0-255,66,205693,64,214597
30275,0.027915,74.125.200.0-255,2902,208595,64,214597
30276,0.027918,172.31.40.0-255,66,208661,64,214597
30277,0.029863,74.125.200.0-255,2902,211563,64,214597
30278,0.029878,172.31.40.0-255,66,211629,64,214597
30279,0.029913,74.125.200.0-255,2902,214531,64,214597
30280,0.029918,172.31.40.0-255,66,214597,64,214597
30281,0.0,74.125.24.0-255,146,146,64,261724
30282,1.4e-05,172.31.40.0-255,66,212,64,261724
30283,2e-05,74.125.24.0-255,1484,1696,64,261724
30284,2.4e-05,172.31.40.0-255,66,1762,64,261724
30285,3e-05,74.125.24.0-255,2902,4664,64,261724
30286,3.3e-05,172.31.40.0-255,66,4730,64,261724
30287,3.9e-05,74.125.24.0-255,4320,9050,64,261724
30288,4.2e-05,172.31.40.0-255,66,9116,64,261724
30289,6.7e-05,74.125.24.0-255,2902,12018,64,261724
30290,6.9e-05,172.31.40.0-255,66,12084,64,261724
30291,8.1e-05,172.31.40.0-255,66,12150,64,261724
30292,0.000114,74.125.24.0-255,2902,15052,64,261724
30293,0.000116,172.31.40.0-255,66,15118,64,261724
30294,0.000129,74.125.24.0-255,5379,20497,64,261724
30295,0.000131,172.31.40.0-255,66,20563,64,261724
30296,0.000165,74.125.24.0-255,4320,24883,64,261724
30297,0.000168,172.31.40.0-255,66,24949,64,261724
30298,0.000189,74.125.24.0-255,5738,30687,64,261724
30299,0.000191,172.31.40.0-255,66,30753,64,261724
30300,0.0002,172.31.40.0-255,66,30819,64,261724
30301,0.000214,74.125.24.0-255,2902,33721,64,261724
30302,0.000216,172.31.40.0-255,66,33787,64,261724
30303,0.000239,74.125.24.0-255,4320,38107,64,261724
30304,0.000241,172.31.40.0-255,66,38173,64,261724
30305,0.000263,172.31.40.0-255,66,38239,64,261724
30306,0.000265,74.125.24.0-255,401,38640,64,261724
30307,0.000267,172.31.40.0-255,66,38706,64,261724
30308,0.000285,74.125.24.0-255,374,39080,64,261724
30309,0.000287,172.31.40.0-255,66,39146,64,261724
30310,0.000645,74.125.24.0-255,1484,40630,64,261724
30311,0.000661,74.125.24.0-255,2902,43532,64,261724
30312,0.000664,172.31.40.0-255,66,43598,64,261724
30313,0.000669,74.125.24.0-255,2902,46500,64,261724
30314,0.000671,172.31.40.0-255,66,46566,64,261724
30315,0.000682,74.125.24.0-255,1484,48050,64,261724
30316,0.000708,74.125.24.0-255,5738,53788,64,261724
30317,0.000711,172.31.40.0-255,66,53854,64,261724
30318,0.000715,74.125.24.0-255,2902,56756,64,261724
30319,0.000717,172.31.40.0-255,66,56822,64,261724
30320,0.000737,172.31.40.0-255,66,56888,64,261724
30321,0.000761,74.125.24.0-255,2902,59790,64,261724
30322,0.000764,172.31.40.0-255,66,59856,64,261724
30323,0.000768,74.125.24.0-255,3602,63458,64,261724
30324,0.000771,172.31.40.0-255,66,63524,64,261724
30325,0.000951,74.125.24.0-255,1484,65008,64,261724
30326,0.000964,74.125.24.0-255,2902,67910,64,261724
30327,0.000968,172.31.40.0-255,66,67976,64,261724
30328,0.00099,74.125.24.0-255,5738,73714,64,261724
30329,0.000992,172.31.40.0-255,66,73780,64,261724
30330,0.000996,74.125.24.0-255,2902,76682,64,261724
30331,0.000998,172.31.40.0-255,66,76748,64,261724
30332,0.001024,172.31.40.0-255,66,76814,64,261724
30333,0.001028,74.125.24.0-255,4320,81134,64,261724
30334,0.00103,172.31.40.0-255,66,81200,64,261724
30335,0.001052,74.125.24.0-255,6438,87638,64,261724
30336,0.001055,172.31.40.0-255,66,87704,64,261724
30337,0.00113,74.125.24.0-255,1484,89188,64,261724
30338,0.001134,74.125.24.0-255,1484,90672,64,261724
30339,0.001136,172.31.40.0-255,66,90738,64,261724
30340,0.001154,74.125.24.0-255,1484,92222,64,261724
30341,0.00116,74.125.24.0-255,5738,97960,64,261724
30342,0.001162,172.31.40.0-255,66,98026,64,261724
30343,0.001199,172.31.40.0-255,66,98092,64,261724
30344,0.001201,74.125.24.0-255,1484,99576,64,261724
30345,0.001232,74.125.24.0-255,2902,102478,64,261724
30346,0.001235,172.31.40.0-255,66,102544,64,261724
30347,0.001252,74.125.24.0-255,6438,108982,64,261724
30348,0.001256,172.31.40.0-255,66,109048,64,261724
30349,0.001294,74.125.24.0-255,1484,110532,64,261724
30350,0.001315,74.125.24.0-255,2902,113434,64,261724
30351,0.001319,172.31.40.0-255,66,113500,64,261724
30352,0.001326,74.125.24.0-255,5738,119238,64,261724
30353,0.001329,172.31.40.0-255,66,119304,64,261724
30354,0.001331,74.125.24.0-255,1484,120788,64,261724
30355,0.001357,74.125.24.0-255,4320,125108,64,261724
30356,0.00136,172.31.40.0-255,66,125174,64,261724
30357,0.001367,74.125.24.0-255,7156,132330,64,261724
30358,0.00137,172.31.40.0-255,66,132396,64,261724
30359,0.001384,74.125.24.0-255,1484,133880,64,261724
30360,0.001422,172.31.40.0-255,66,133946,64,261724
30361,0.001469,74.125.24.0-255,1484,135430,64,261724
30362,0.001473,74.125.24.0-255,1484,136914,64,261724
30363,0.001475,172.31.40.0-255,66,136980,64,261724
30364,0.001495,74.125.24.0-255,1484,138464,64,261724
30365,0.0015,74.125.24.0-255,5738,144202,64,261724
30366,0.001504,172.31.40.0-255,66,144268,64,261724
30367,0.001518,74.125.24.0-255,7156,151424,64,261724
30368,0.001522,172.31.40.0-255,66,151490,64,261724
30369,0.001542,74.125.24.0-255,5738,157228,64,261724
30370,0.001562,172.31.40.0-255,66,157294,64,261724
30371,0.001573,74.125.24.0-255,766,158060,64,261724
30372,0.001617,74.125.24.0-255,1484,159544,64,261724
30373,0.001656,172.31.40.0-255,66,159610,64,261724
30374,0.001679,74.125.24.0-255,4320,163930,64,261724
30375,0.00169,74.125.24.0-255,1484,165414,64,261724
30376,0.001719,172.31.40.0-255,66,165480,64,261724
30377,0.001737,74.125.24.0-255,1484,166964,64,261724
30378,0.001761,74.125.24.0-255,6438,173402,64,261724
30379,0.001767,172.31.40.0-255,66,173468,64,261724
30380,0.001876,74.125.24.0-255,1484,174952,64,261724
30381,0.001883,74.125.24.0-255,2902,177854,64,261724
30382,0.0019,74.125.24.0-255,2902,180756,64,261724
30383,0.001918,74.125.24.0-255,2902,183658,64,261724
30384,0.001924,74.125.24.0-255,5738,189396,64,261724
30385,0.001947,74.125.24.0-255,7156,196552,64,261724
30386,0.002053,74.125.24.0-255,1484,198036,64,261724
30387,0.002068,74.125.24.0-255,1484,199520,64,261724
30388,0.002094,74.125.24.0-255,1484,201004,64,261724
30389,0.002101,74.125.24.0-255,5738,206742,64,261724
30390,0.002104,74.125.24.0-255,1484,208226,64,261724
30391,0.002108,74.125.24.0-255,2902,211128,64,261724
30392,0.002133,74.125.24.0-255,5738,216866,64,261724
30393,0.002175,74.125.24.0-255,3602,220468,64,261724
30394,0.002177,74.125.24.0-255,1484,221952,64,261724
30395,0.002191,74.125.24.0-255,1484,223436,64,261724
30396,0.002194,74.125.24.0-255,1484,224920,64,261724
30397,0.002227,74.125.24.0-255,2902,227822,64,261724
30398,0.002229,74.125.24.0-255,1484,229306,64,261724
30399,0.002249,74.125.24.0-255,3602,232908,64,261724
30400,0.002267,74.125.24.0-255,2902,235810,64,261724
30401,0.002289,74.125.24.0-255,1484,237294,64,261724
30402,0.002302,74.125.24.0-255,1484,238778,64,261724
30403,0.002305,74.125.24.0-255,1484,240262,64,261724
30404,0.002326,74.125.24.0-255,7156,247418,64,261724
30405,0.002348,74.125.24.0-255,5738,253156,64,261724
30406,0.002355,74.125.24.0-255,5020,258176,64,261724
30407,0.002399,74.125.24.0-255,3206,261382,64,261724
30408,0.002451,74.125.24.0-255,105,261487,64,261724
30409,0.005435,172.31.40.0-255,66,261553,64,261724
30410,0.007947,172.31.40.0-255,105,261658,64,261724
30411,0.009984,74.125.24.0-255,66,261724,64,261724
30412,0.0,74.125.200.0-255,153,153,64,193604
30413,2.2e-05,172.31.40.0-255,66,219,64,193604
30414,2.8e-05,74.125.200.0-255,1484,1703,64,193604
30415,3.3e-05,172.31.40.0-255,66,1769,64,193604
30416,3.9e-05,74.125.200.0-255,2902,4671,64,193604
30417,4.2e-05,172.31.40.0-255,66,4737,64,193604
30418,5e-05,74.125.200.0-255,7156,11893,64,193604
30419,5.4e-05,172.31.40.0-255,66,11959,64,193604
30420,8.1e-05,74.125.200.0-255,1938,13897,64,193604
30421,8.4e-05,172.31.40.0-255,66,13963,64,193604
30422,9.7e-05,74.125.200.0-255,1484,15447,64,193604
30423,0.0001,172.31.40.0-255,66,15513,64,193604
30424,0.000126,74.125.200.0-255,2902,18415,64,193604
30425,0.000129,172.31.40.0-255,66,18481,64,193604
30426,0.000135,74.125.200.0-255,5738,24219,64,193604
30427,0.000137,172.31.40.0-255,66,24285,64,193604
30428,0.000142,74.125.200.0-255,2902,27187,64,193604
30429,0.000144,172.31.40.0-255,66,27253,64,193604
30430,0.000168,74.125.200.0-255,3961,31214,64,193604
30431,0.00017,172.31.40.0-255,66,31280,64,193604
30432,0.000413,74.125.200.0-255,1484,32764,64,193604
30433,0.000419,172.31.40.0-255,66,32830,64,193604
30434,0.00044,74.125.200.0-255,1484,34314,64,193604
30435,0.000443,172.31.40.0-255,66,34380,64,193604
30436,0.00046,74.125.200.0-255,1484,35864,64,193604
30437,0.000462,172.31.40.0-255,66,35930,64,193604
30438,0.000465,74.125.200.0-255,1484,37414,64,193604
30439,0.000468,172.31.40.0-255,66,37480,64,193604
30440,0.000472,74.125.200.0-255,2902,40382,64,193604
30441,0.000474,172.31.40.0-255,66,40448,64,193604
30442,0.000479,74.125.200.0-255,2902,43350,64,193604
30443,0.000482,172.31.40.0-255,66,43416,64,193604
30444,0.000516,74.125.200.0-255,2902,46318,64,193604
30445,0.00052,172.31.40.0-255,66,46384,64,193604
30446,0.000525,74.125.200.0-255,3961,50345,64,193604
30447,0.000527,172.31.40.0-255,66,50411,64,193604
30448,0.000532,74.125.200.0-255,4320,54731,64,193604
30449,0.000535,172.31.40.0-255,66,54797,64,193604
30450,0.000564,172.31.40.0-255,66,54863,64,193604
30451,0.000567,74.125.200.0-255,1125,55988,64,193604
30452,0.000603,74.125.200.0-255,414,56402,64,193604
30453,0.000639,74.125.200.0-255,329,56731,64,193604
30454,0.000642,172.31.40.0-255,66,56797,64,193604
30455,0.000995,74.125.200.0-255,1484,58281,64,193604
30456,0.001001,74.125.200.0-255,2902,61183,64,193604
30457,0.001004,172.31.40.0-255,66,61249,64,193604
30458,0.00103,74.125.200.0-255,4320,65569,64,193604
30459,0.001032,172.31.40.0-255,66,65635,64,193604
30460,0.001061,172.31.40.0-255,66,65701,64,193604
30461,0.001067,74.125.200.0-255,4320,70021,64,193604
30462,0.001069,172.31.40.0-255,66,70087,64,193604
30463,0.001096,74.125.200.0-255,4320,74407,64,193604
30464,0.001099,172.31.40.0-255,66,74473,64,193604
30465,0.001126,74.125.200.0-255,4320,78793,64,193604
30466,0.001129,172.31.40.0-255,66,78859,64,193604
30467,0.001155,74.125.200.0-255,3602,82461,64,193604
30468,0.001159,172.31.40.0-255,66,82527,64,193604
30469,0.00133,74.125.200.0-255,1484,84011,64,193604
30470,0.001345,74.125.200.0-255,2902,86913,64,193604
30471,0.001348,172.31.40.0-255,66,86979,64,193604
30472,0.001367,74.125.200.0-255,4320,91299,64,193604
30473,0.00137,172.31.40.0-255,66,91365,64,193604
30474,0.001393,74.125.200.0-255,1484,92849,64,193604
30475,0.001416,74.125.200.0-255,4320,97169,64,193604
30476,0.001419,172.31.40.0-255,66,97235,64,193604
30477,0.001423,74.125.200.0-255,1484,98719,64,193604
30478,0.001449,74.125.200.0-255,4320,103039,64,193604
30479,0.001452,172.31.40.0-255,66,103105,64,193604
30480,0.001459,74.125.200.0-255,7156,110261,64,193604
30481,0.001462,172.31.40.0-255,66,110327,64,193604
30482,0.001491,74.125.200.0-255,2902,113229,64,193604
30483,0.001494,172.31.40.0-255,66,113295,64,193604
30484,0.001507,74.125.200.0-255,3602,116897,64,193604
30485,0.00151,172.31.40.0-255,66,116963,64,193604
30486,0.003755,74.125.200.0-255,1484,118447,64,193604
30487,0.003781,74.125.200.0-255,4320,122767,64,193604
30488,0.003785,172.31.40.0-255,66,122833,64,193604
30489,0.006053,74.125.200.0-255,5738,128571,64,193604
30490,0.006057,172.31.40.0-255,66,128637,64,193604
30491,0.008334,74.125.200.0-255,5738,134375,64,193604
30492,0.008341,172.31.40.0-255,66,134441,64,193604
30493,0.010624,74.125.200.0-255,4320,138761,64,193604
30494,0.010632,172.31.40.0-255,66,138827,64,193604
30495,0.010654,74.125.200.0-255,1484,140311,64,193604
30496,0.012922,74.125.200.0-255,4320,144631,64,193604
30497,0.012934,172.31.40.0-255,66,144697,64,193604
30498,0.01521,74.125.200.0-255,5738,150435,64,193604
30499,0.015216,172.31.40.0-255,66,150501,64,193604
30500,0.017495,74.125.200.0-255,5738,156239,64,193604
30501,0.017504,172.31.40.0-255,66,156305,64,193604
30502,0.019785,74.125.200.0-255,5738,162043,64,193604
30503,0.019792,172.31.40.0-255,66,162109,64,193604
30504,0.022071,74.125.200.0-255,5738,167847,64,193604
30505,0.022081,172.31.40.0-255,66,167913,64,193604
30506,0.024364,74.125.200.0-255,5738,173651,64,193604
30507,0.02437,172.31.40.0-255,66,173717,64,193604
30508,0.025853,172.31.40.0-255,172,173889,64,193604
30509,0.025885,172.31.40.0-255,1111,175000,64,193604
30510,0.02595,172.31.40.0-255,1514,176514,64,193604
30511,0.025952,172.31.40.0-255,1514,178028,64,193604
30512,0.025959,172.31.40.0-255,1514,179542,64,193604
30513,0.02596,172.31.40.0-255,1514,181056,64,193604
30514,0.026082,172.31.40.0-255,478,181534,64,193604
30515,0.026641,74.125.200.0-255,2902,184436,64,193604
30516,0.026648,172.31.40.0-255,66,184502,64,193604
30517,0.026667,74.125.200.0-255,2902,187404,64,193604
30518,0.02667,172.31.40.0-255,66,187470,64,193604
30519,0.027451,104.244.42.0-255,66,187536,64,193604
30520,0.027475,104.244.42.0-255,66,187602,64,193604
30521,0.027611,104.244.42.0-255,66,187668,64,193604
30522,0.027623,104.244.42.0-255,66,187734,64,193604
30523,0.02892,74.125.200.0-255,1484,189218,64,193604
30524,0.028946,74.125.200.0-255,4320,193538,64,193604
30525,0.028951,172.31.40.0-255,66,193604,64,193604
30526,0.0,74.125.200.0-255,153,153,64,133705
30527,2.3e-05,172.31.40.0-255,66,219,64,133705
30528,3.1e-05,74.125.200.0-255,1484,1703,64,133705
30529,3.5e-05,172.31.40.0-255,66,1769,64,133705
30530,4.1e-05,74.125.200.0-255,2902,4671,64,133705
30531,4.3e-05,172.31.40.0-255,66,4737,64,133705
30532,4.9e-05,74.125.200.0-255,4320,9057,64,133705
30533,5.3e-05,172.31.40.0-255,66,9123,64,133705
30534,0.000127,74.125.200.0-255,1484,10607,64,133705
30535,0.00013,172.31.40.0-255,66,10673,64,133705
30536,0.000154,74.125.200.0-255,3485,14158,64,133705
30537,0.000157,172.31.40.0-255,66,14224,64,133705
30538,0.000163,74.125.200.0-255,5738,19962,64,133705
30539,0.000166,172.31.40.0-255,66,20028,64,133705
30540,0.000173,74.125.200.0-255,7156,27184,64,133705
30541,0.000175,172.31.40.0-255,66,27250,64,133705
30542,0.000193,74.125.200.0-255,3961,31211,64,133705
30543,0.000195,172.31.40.0-255,66,31277,64,133705
30544,0.000211,74.125.200.0-255,1484,32761,64,133705
30545,0.000213,172.31.40.0-255,66,32827,64,133705
30546,0.00023,74.125.200.0-255,2902,35729,64,133705
30547,0.000233,172.31.40.0-255,66,35795,64,133705
30548,0.000239,74.125.200.0-255,5738,41533,64,133705
30549,0.000241,172.31.40.0-255,66,41599,64,133705
30550,0.000246,74.125.200.0-255,4320,45919,64,133705
30551,0.000249,172.31.40.0-255,66,45985,64,133705
30552,0.000267,74.125.200.0-255,2543,48528,64,133705
30553,0.000269,172.31.40.0-255,66,48594,64,133705
30554,0.000327,74.125.200.0-255,1484,50078,64,133705
30555,0.00033,172.31.40.0-255,66,50144,64,133705
30556,0.000333,74.125.200.0-255,1484,51628,64,133705
30557,0.000335,172.31.40.0-255,66,51694,64,133705
30558,0.000349,74.125.200.0-255,1484,53178,64,133705
30559,0.000354,74.125.200.0-255,2902,56080,64,133705
30560,0.000357,172.31.40.0-255,66,56146,64,133705
30561,0.000371,74.125.200.0-255,1484,57630,64,133705
30562,0.000378,74.125.200.0-255,4320,61950,64,133705
30563,0.000381,172.31.40.0-255,66,62016,64,133705
30564,0.000402,74.125.200.0-255,4256,66272,64,133705
30565,0.000405,172.31.40.0-255,66,66338,64,133705
30566,0.001181,74.125.200.0-255,128,66466,64,133705
30567,0.001189,74.125.200.0-255,350,66816,64,133705
30568,0.002959,74.125.200.0-255,2902,69718,64,133705
30569,0.002966,172.31.40.0-255,66,69784,64,133705
30570,0.005532,74.125.200.0-255,4320,74104,64,133705
30571,0.005535,172.31.40.0-255,66,74170,64,133705
30572,0.00555,74.125.200.0-255,1484,75654,64,133705
30573,0.008103,74.125.200.0-255,4320,79974,64,133705
30574,0.008111,172.31.40.0-255,66,80040,64,133705
30575,0.010698,74.125.200.0-255,5738,85778,64,133705
30576,0.010706,172.31.40.0-255,66,85844,64,133705
30577,0.013281,74.125.200.0-255,5738,91582,64,133705
30578,0.013292,172.31.40.0-255,66,91648,64,133705
30579,0.015858,74.125.200.0-255,5738,97386,64,133705
30580,0.015866,172.31.40.0-255,66,97452,64,133705
30581,0.018447,74.125.200.0-255,5738,103190,64,133705
30582,0.018456,172.31.40.0-255,66,103256,64,133705
30583,0.021033,74.125.200.0-255,5738,108994,64,133705
30584,0.021042,172.31.40.0-255,66,109060,64,133705
30585,0.023615,74.125.200.0-255,5738,114798,64,133705
30586,0.023624,172.31.40.0-255,66,114864,64,133705
30587,0.024543,172.31.40.0-255,172,115036,64,133705
30588,0.024575,172.31.40.0-255,1112,116148,64,133705
30589,0.024638,172.31.40.0-255,1514,117662,64,133705
30590,0.02464,172.31.40.0-255,1514,119176,64,133705
30591,0.024641,172.31.40.0-255,1514,120690,64,133705
30592,0.024668,172.31.40.0-255,1077,121767,64,133705
30593,0.026107,104.244.42.0-255,66,121833,64,133705
30594,0.026149,104.244.42.0-255,66,121899,64,133705
30595,0.026171,74.125.200.0-255,1484,123383,64,133705
30596,0.026189,104.244.42.0-255,66,123449,64,133705
30597,0.026193,104.244.42.0-255,66,123515,64,133705
30598,0.026199,74.125.200.0-255,4320,127835,64,133705
30599,0.026205,172.31.40.0-255,66,127901,64,133705
30600,0.028771,74.125.200.0-255,5738,133639,64,133705
30601,0.028778,172.31.40.0-255,66,133705,64,133705
30602,0.0,18.236.49.0-255,66,66,64,5144
30603,0.001893,18.236.49.0-255,3551,3617,64,5144
30604,0.001909,172.31.40.0-255,66,3683,64,5144
30605,0.005631,172.31.40.0-255,192,3875,64,5144
30606,0.011546,172.31.40.0-255,1269,5144,64,5144
30607,0.0,74.125.24.0-255,146,146,64,225769
30608,1.6e-05,172.31.40.0-255,66,212,64,225769
30609,2.2e-05,74.125.24.0-255,1484,1696,64,225769
30610,2.6e-05,172.31.40.0-255,66,1762,64,225769
30611,3.2e-05,74.125.24.0-255,2902,4664,64,225769
30612,3.4e-05,172.31.40.0-255,66,4730,64,225769
30613,3.8e-05,74.125.24.0-255,2902,7632,64,225769
30614,4.7e-05,172.31.40.0-255,66,7698,64,225769
30615,5.2e-05,74.125.24.0-255,4320,12018,64,225769
30616,5.5e-05,172.31.40.0-255,66,12084,64,225769
30617,0.000106,172.31.40.0-255,66,12150,64,225769
30618,0.00011,74.125.24.0-255,4320,16470,64,225769
30619,0.000113,172.31.40.0-255,66,16536,64,225769
30620,0.00014,74.125.24.0-255,5379,21915,64,225769
30621,0.000143,172.31.40.0-255,66,21981,64,225769
30622,0.0002,74.125.24.0-255,1484,23465,64,225769
30623,0.000202,172.31.40.0-255,66,23531,64,225769
30624,0.000206,74.125.24.0-255,1484,25015,64,225769
30625,0.000208,172.31.40.0-255,66,25081,64,225769
30626,0.000233,74.125.24.0-255,1484,26565,64,225769
30627,0.000236,172.31.40.0-255,66,26631,64,225769
30628,0.000242,74.125.24.0-255,5738,32369,64,225769
30629,0.000244,172.31.40.0-255,66,32435,64,225769
30630,0.000253,74.125.24.0-255,5738,38173,64,225769
30631,0.000255,172.31.40.0-255,66,38239,64,225769
30632,0.000299,172.31.40.0-255,66,38305,64,225769
30633,0.000305,74.125.24.0-255,4237,42542,64,225769
30634,0.000307,172.31.40.0-255,66,42608,64,225769
30635,0.000993,74.125.24.0-255,131,42739,64,225769
30636,0.000999,172.31.40.0-255,66,42805,64,225769
30637,0.001004,74.125.24.0-255,346,43151,64,225769
30638,0.001309,172.31.40.0-255,66,43217,64,225769
30639,0.001337,74.125.24.0-255,1484,44701,64,225769
30640,0.001341,74.125.24.0-255,1484,46185,64,225769
30641,0.001352,74.125.24.0-255,1484,47669,64,225769
30642,0.001357,172.31.40.0-255,66,47735,64,225769
30643,0.00139,74.125.24.0-255,5738,53473,64,225769
30644,0.001413,74.125.24.0-255,5738,59211,64,225769
30645,0.001419,172.31.40.0-255,66,59277,64,225769
30646,0.00143,74.125.24.0-255,4320,63597,64,225769
30647,0.001435,172.31.40.0-255,66,63663,64,225769
30648,0.00148,74.125.24.0-255,5020,68683,64,225769
30649,0.001494,172.31.40.0-255,66,68749,64,225769
30650,0.001512,74.125.24.0-255,5738,74487,64,225769
30651,0.001521,74.125.24.0-255,2902,77389,64,225769
30652,0.001543,172.31.40.0-255,66,77455,64,225769
30653,0.001606,74.125.24.0-255,2902,80357,64,225769
30654,0.001615,172.31.40.0-255,66,80423,64,225769
30655,0.001639,74.125.24.0-255,1484,81907,64,225769
30656,0.001683,172.31.40.0-255,66,81973,64,225769
30657,0.001719,74.125.24.0-255,7156,89129,64,225769
30658,0.001726,74.125.24.0-255,4320,93449,64,225769
30659,0.001746,74.125.24.0-255,4320,97769,64,225769
30660,0.001755,74.125.24.0-255,7156,104925,64,225769
30661,0.001767,172.31.40.0-255,66,104991,64,225769
30662,0.001774,74.125.24.0-255,7156,112147,64,225769
30663,0.00178,172.31.40.0-255,66,112213,64,225769
30664,0.001811,74.125.24.0-255,3602,115815,64,225769
30665,0.001817,74.125.24.0-255,4320,120135,64,225769
30666,0.001825,172.31.40.0-255,66,120201,64,225769
30667,0.001839,74.125.24.0-255,5738,125939,64,225769
30668,0.001863,74.125.24.0-255,4320,130259,64,225769
30669,0.001866,74.125.24.0-255,1484,131743,64,225769
30670,0.001869,172.31.40.0-255,66,131809,64,225769
30671,0.001875,172.31.40.0-255,66,131875,64,225769
30672,0.001884,74.125.24.0-255,1484,133359,64,225769
30673,0.001912,74.125.24.0-255,5020,138379,64,225769
30674,0.001939,172.31.40.0-255,66,138445,64,225769
30675,0.002282,74.125.24.0-255,1484,139929,64,225769
30676,0.002288,74.125.24.0-255,2902,142831,64,225769
30677,0.002313,74.125.24.0-255,5738,148569,64,225769
30678,0.002316,172.31.40.0-255,66,148635,64,225769
30679,0.002321,172.31.40.0-255,66,148701,64,225769
30680,0.002328,74.125.24.0-255,1484,150185,64,225769
30681,0.002405,172.31.40.0-255,66,150251,64,225769
30682,0.002476,74.125.24.0-255,1484,151735,64,225769
30683,0.002482,74.125.24.0-255,2902,154637,64,225769
30684,0.002501,74.125.24.0-255,5738,160375,64,225769
30685,0.002504,74.125.24.0-255,1484,161859,64,225769
30686,0.002507,172.31.40.0-255,66,161925,64,225769
30687,0.002512,172.31.40.0-255,66,161991,64,225769
30688,0.002537,74.125.24.0-255,4320,166311,64,225769
30689,0.002544,74.125.24.0-255,7156,173467,64,225769
30690,0.002554,172.31.40.0-255,66,173533,64,225769
30691,0.005065,74.125.24.0-255,5738,179271,64,225769
30692,0.005075,172.31.40.0-255,66,179337,64,225769
30693,0.007609,74.125.24.0-255,5738,185075,64,225769
30694,0.012043,172.31.40.0-255,66,185141,64,225769
30695,0.014587,74.125.24.0-255,5738,190879,64,225769
30696,0.014605,172.31.40.0-255,66,190945,64,225769
30697,0.017165,74.125.24.0-255,5738,196683,64,225769
30698,0.017172,172.31.40.0-255,66,196749,64,225769
30699,0.019684,74.125.24.0-255,5738,202487,64,225769
30700,0.019691,172.31.40.0-255,66,202553,64,225769
30701,0.02218,74.125.24.0-255,5738,208291,64,225769
30702,0.022189,172.31.40.0-255,66,208357,64,225769
30703,0.024682,74.125.24.0-255,5738,214095,64,225769
30704,0.024694,172.31.40.0-255,66,214161,64,225769
30705,0.027203,74.125.24.0-255,5738,219899,64,225769
30706,0.027211,172.31.40.0-255,66,219965,64,225769
30707,0.029743,74.125.24.0-255,5738,225703,64,225769
30708,0.029762,172.31.40.0-255,66,225769,64,225769
30709,0.0,172.217.27.0-255,146,146,64,162709
30710,2e-05,172.31.40.0-255,66,212,64,162709
30711,2.6e-05,172.217.27.0-255,1484,1696,64,162709
30712,3.2e-05,172.31.40.0-255,66,1762,64,162709
30713,4e-05,172.217.27.0-255,2902,4664,64,162709
30714,4.4e-05,172.31.40.0-255,66,4730,64,162709
30715,9.7e-05,172.217.27.0-255,5738,10468,64,162709
30716,0.000101,172.31.40.0-255,66,10534,64,162709
30717,0.000114,172.217.27.0-255,1484,12018,64,162709
30718,0.000117,172.31.40.0-255,66,12084,64,162709
30719,0.000279,172.217.27.0-255,1484,13568,64,162709
30720,0.000284,172.31.40.0-255,66,13634,64,162709
30721,0.000302,172.217.27.0-255,719,14353,64,162709
30722,0.000304,172.31.40.0-255,66,14419,64,162709
30723,0.000332,172.217.27.0-255,2902,17321,64,162709
30724,0.000336,172.31.40.0-255,66,17387,64,162709
30725,0.000365,172.31.40.0-255,66,17453,64,162709
30726,0.000659,172.217.27.0-255,3961,21414,64,162709
30727,0.000664,172.31.40.0-255,66,21480,64,162709
30728,0.000765,172.217.27.0-255,4320,25800,64,162709
30729,0.00077,172.31.40.0-255,66,25866,64,162709
30730,0.00089,172.31.40.0-255,66,25932,64,162709
30731,0.000908,172.217.27.0-255,1484,27416,64,162709
30732,0.000911,172.31.40.0-255,66,27482,64,162709
30733,0.00114,172.217.27.0-255,7156,34638,64,162709
30734,0.001147,172.31.40.0-255,66,34704,64,162709
30735,0.001175,172.31.40.0-255,66,34770,64,162709
30736,0.00165,172.217.27.0-255,7156,41926,64,162709
30737,0.001657,172.31.40.0-255,66,41992,64,162709
30738,0.001681,172.217.27.0-255,4396,46388,64,162709
30739,0.001685,172.31.40.0-255,66,46454,64,162709
30740,0.001948,172.217.27.0-255,5738,52192,64,162709
30741,0.001956,172.31.40.0-255,66,52258,64,162709
30742,0.001969,172.217.27.0-255,6797,59055,64,162709
30743,0.001972,172.31.40.0-255,66,59121,64,162709
30744,0.002266,172.217.27.0-255,4320,63441,64,162709
30745,0.002271,172.31.40.0-255,66,63507,64,162709
30746,0.002313,172.31.40.0-255,66,63573,64,162709
30747,0.003942,172.217.27.0-255,5738,69311,64,162709
30748,0.003947,172.31.40.0-255,66,69377,64,162709
30749,0.005579,172.217.27.0-255,4320,73697,64,162709
30750,0.005584,172.31.40.0-255,66,73763,64,162709
30751,0.005605,172.217.27.0-255,1484,75247,64,162709
30752,0.005608,172.31.40.0-255,66,75313,64,162709
30753,0.007218,172.217.27.0-255,4320,79633,64,162709
30754,0.007224,172.31.40.0-255,66,79699,64,162709
30755,0.007263,172.217.27.0-255,1484,81183,64,162709
30756,0.007266,172.31.40.0-255,66,81249,64,162709
30757,0.008859,172.217.27.0-255,4320,85569,64,162709
30758,0.008864,172.31.40.0-255,66,85635,64,162709
30759,0.008893,172.217.27.0-255,1484,87119,64,162709
30760,0.008896,172.31.40.0-255,66,87185,64,162709
30761,0.010502,172.217.27.0-255,4320,91505,64,162709
30762,0.01051,172.31.40.0-255,66,91571,64,162709
30763,0.010539,172.217.27.0-255,1484,93055,64,162709
30764,0.010542,172.31.40.0-255,66,93121,64,162709
30765,0.012148,172.217.27.0-255,4320,97441,64,162709
30766,0.012156,172.31.40.0-255,66,97507,64,162709
30767,0.012187,172.217.27.0-255,1484,98991,64,162709
30768,0.01219,172.31.40.0-255,66,99057,64,162709
30769,0.013802,172.217.27.0-255,4320,103377,64,162709
30770,0.013809,172.31.40.0-255,66,103443,64,162709
30771,0.013829,172.217.27.0-255,1484,104927,64,162709
30772,0.013832,172.31.40.0-255,66,104993,64,162709
30773,0.015453,172.217.27.0-255,4320,109313,64,162709
30774,0.015461,172.31.40.0-255,66,109379,64,162709
30775,0.015483,172.217.27.0-255,1484,110863,64,162709
30776,0.015486,172.31.40.0-255,66,110929,64,162709
30777,0.017153,172.217.27.0-255,4320,115249,64,162709
30778,0.017163,172.31.40.0-255,66,115315,64,162709
30779,0.01719,172.217.27.0-255,1484,116799,64,162709
30780,0.017193,172.31.40.0-255,66,116865,64,162709
30781,0.018827,172.217.27.0-255,4320,121185,64,162709
30782,0.018836,172.31.40.0-255,66,121251,64,162709
30783,0.01886,172.217.27.0-255,1484,122735,64,162709
30784,0.018863,172.31.40.0-255,66,122801,64,162709
30785,0.020478,172.217.27.0-255,4320,127121,64,162709
30786,0.020487,172.31.40.0-255,66,127187,64,162709
30787,0.020508,172.217.27.0-255,1484,128671,64,162709
30788,0.02051,172.31.40.0-255,66,128737,64,162709
30789,0.022124,172.217.27.0-255,4320,133057,64,162709
30790,0.022132,172.31.40.0-255,66,133123,64,162709
30791,0.022165,172.217.27.0-255,1484,134607,64,162709
30792,0.022168,172.31.40.0-255,66,134673,64,162709
30793,0.023776,172.217.27.0-255,4320,138993,64,162709
30794,0.023785,172.31.40.0-255,66,139059,64,162709
30795,0.023805,172.217.27.0-255,1484,140543,64,162709
30796,0.023808,172.31.40.0-255,66,140609,64,162709
30797,0.025415,172.217.27.0-255,4320,144929,64,162709
30798,0.025423,172.31.40.0-255,66,144995,64,162709
30799,0.025457,172.217.27.0-255,1484,146479,64,162709
30800,0.02546,172.31.40.0-255,66,146545,64,162709
30801,0.026528,172.31.40.0-255,172,146717,64,162709
30802,0.026561,172.31.40.0-255,1113,147830,64,162709
30803,0.026614,172.31.40.0-255,1514,149344,64,162709
30804,0.026616,172.31.40.0-255,1295,150639,64,162709
30805,0.027059,172.217.27.0-255,4320,154959,64,162709
30806,0.027066,172.31.40.0-255,66,155025,64,162709
30807,0.027084,172.217.27.0-255,1484,156509,64,162709
30808,0.027087,172.31.40.0-255,66,156575,64,162709
30809,0.0281,104.244.42.0-255,66,156641,64,162709
30810,0.028139,104.244.42.0-255,66,156707,64,162709
30811,0.0282,104.244.42.0-255,66,156773,64,162709
30812,0.028738,172.217.27.0-255,4320,161093,64,162709
30813,0.028746,172.31.40.0-255,66,161159,64,162709
30814,0.028771,172.217.27.0-255,1484,162643,64,162709
30815,0.028774,172.31.40.0-255,66,162709,64,162709
30816,0.0,172.31.40.0-255,105,105,64,459
30817,0.00016,172.31.40.0-255,90,195,64,459
30818,0.000171,172.31.40.0-255,66,261,64,459
30819,0.0022,172.217.194.0-255,66,327,64,459
30820,0.002232,172.217.194.0-255,66,393,64,459
30821,0.002255,172.31.40.0-255,66,459,64,459
30822,0.0,172.217.194.0-255,153,153,64,257770
30823,2.4e-05,172.31.40.0-255,66,219,64,257770
30824,3.1e-05,172.217.194.0-255,1484,1703,64,257770
30825,3.6e-05,172.31.40.0-255,66,1769,64,257770
30826,4.9e-05,172.217.194.0-255,2902,4671,64,257770
30827,5.2e-05,172.31.40.0-255,66,4737,64,257770
30828,6e-05,172.217.194.0-255,7156,11893,64,257770
30829,6.3e-05,172.31.40.0-255,66,11959,64,257770
30830,6.7e-05,172.217.194.0-255,2108,14067,64,257770
30831,6.9e-05,172.31.40.0-255,66,14133,64,257770
30832,0.000112,172.217.194.0-255,1484,15617,64,257770
30833,0.000114,172.31.40.0-255,66,15683,64,257770
30834,0.00012,172.217.194.0-255,2902,18585,64,257770
30835,0.000122,172.31.40.0-255,66,18651,64,257770
30836,0.000129,172.217.194.0-255,5738,24389,64,257770
30837,0.000131,172.31.40.0-255,66,24455,64,257770
30838,0.000165,172.217.194.0-255,6797,31252,64,257770
30839,0.000167,172.31.40.0-255,66,31318,64,257770
30840,0.000268,172.217.194.0-255,1484,32802,64,257770
30841,0.000272,172.31.40.0-255,66,32868,64,257770
30842,0.000292,172.217.194.0-255,2902,35770,64,257770
30843,0.000294,172.31.40.0-255,66,35836,64,257770
30844,0.0003,172.217.194.0-255,4320,40156,64,257770
30845,0.000302,172.31.40.0-255,66,40222,64,257770
30846,0.000324,172.217.194.0-255,1484,41706,64,257770
30847,0.000326,172.31.40.0-255,66,41772,64,257770
30848,0.000329,172.217.194.0-255,1484,43256,64,257770
30849,0.000331,172.31.40.0-255,66,43322,64,257770
30850,0.000371,172.31.40.0-255,66,43388,64,257770
30851,0.000415,172.217.194.0-255,7156,50544,64,257770
30852,0.000418,172.31.40.0-255,66,50610,64,257770
30853,0.000443,172.217.194.0-255,1125,51735,64,257770
30854,0.000739,172.217.194.0-255,647,52382,64,257770
30855,0.000744,172.31.40.0-255,66,52448,64,257770
30856,0.00098,172.217.194.0-255,1484,53932,64,257770
30857,0.000986,172.217.194.0-255,2902,56834,64,257770
30858,0.000989,172.31.40.0-255,66,56900,64,257770
30859,0.001019,172.217.194.0-255,5738,62638,64,257770
30860,0.001021,172.31.40.0-255,66,62704,64,257770
30861,0.001052,172.217.194.0-255,7156,69860,64,257770
30862,0.001055,172.31.40.0-255,66,69926,64,257770
30863,0.00106,172.217.194.0-255,2902,72828,64,257770
30864,0.001062,172.31.40.0-255,66,72894,64,257770
30865,0.001096,172.31.40.0-255,66,72960,64,257770
30866,0.0011,172.217.194.0-255,2184,75144,64,257770
30867,0.001102,172.31.40.0-255,66,75210,64,257770
30868,0.001501,172.217.194.0-255,1484,76694,64,257770
30869,0.001509,172.217.194.0-255,2902,79596,64,257770
30870,0.001513,172.31.40.0-255,66,79662,64,257770
30871,0.001518,172.217.194.0-255,2902,82564,64,257770
30872,0.00152,172.31.40.0-255,66,82630,64,257770
30873,0.001538,172.217.194.0-255,2902,85532,64,257770
30874,0.00154,172.31.40.0-255,66,85598,64,257770
30875,0.001552,172.217.194.0-255,7156,92754,64,257770
30876,0.001554,172.31.40.0-255,66,92820,64,257770
30877,0.001565,172.217.194.0-255,1484,94304,64,257770
30878,0.001601,172.31.40.0-255,66,94370,64,257770
30879,0.001605,172.217.194.0-255,2184,96554,64,257770
30880,0.001607,172.31.40.0-255,66,96620,64,257770
30881,0.001921,172.217.194.0-255,1484,98104,64,257770
30882,0.001929,172.217.194.0-255,2902,101006,64,257770
30883,0.001932,172.31.40.0-255,66,101072,64,257770
30884,0.001938,172.217.194.0-255,4320,105392,64,257770
30885,0.00194,172.31.40.0-255,66,105458,64,257770
30886,0.00196,172.217.194.0-255,1484,106942,64,257770
30887,0.001963,172.217.194.0-255,1484,108426,64,257770
30888,0.001969,172.31.40.0-255,66,108492,64,257770
30889,0.002007,172.31.40.0-255,66,108558,64,257770
30890,0.002012,172.217.194.0-255,2902,111460,64,257770
30891,0.002014,172.31.40.0-255,66,111526,64,257770
30892,0.002047,172.31.40.0-255,66,111592,64,257770
30893,0.002246,172.217.194.0-255,1484,113076,64,257770
30894,0.002255,172.217.194.0-255,2902,115978,64,257770
30895,0.002259,172.31.40.0-255,66,116044,64,257770
30896,0.002264,172.217.194.0-255,2902,118946,64,257770
30897,0.002266,172.31.40.0-255,66,119012,64,257770
30898,0.002306,172.31.40.0-255,66,119078,64,257770
30899,0.002318,172.31.40.0-255,66,119144,64,257770
30900,0.002322,172.217.194.0-255,2902,122046,64,257770
30901,0.002324,172.31.40.0-255,66,122112,64,257770
30902,0.002346,172.217.194.0-255,3602,125714,64,257770
30903,0.002349,172.31.40.0-255,66,125780,64,257770
30904,0.002354,172.217.194.0-255,5738,131518,64,257770
30905,0.002357,172.31.40.0-255,66,131584,64,257770
30906,0.002404,172.31.40.0-255,66,131650,64,257770
30907,0.002408,172.217.194.0-255,2902,134552,64,257770
30908,0.00241,172.31.40.0-255,66,134618,64,257770
30909,0.002417,172.217.194.0-255,5738,140356,64,257770
30910,0.00242,172.31.40.0-255,66,140422,64,257770
30911,0.002426,172.217.194.0-255,5020,145442,64,257770
30912,0.002428,172.31.40.0-255,66,145508,64,257770
30913,0.00259,172.217.194.0-255,1484,146992,64,257770
30914,0.002598,172.217.194.0-255,2902,149894,64,257770
30915,0.002601,172.31.40.0-255,66,149960,64,257770
30916,0.002608,172.217.194.0-255,4320,154280,64,257770
30917,0.002632,172.217.194.0-255,1484,155764,64,257770
30918,0.002636,172.217.194.0-255,2902,158666,64,257770
30919,0.002689,172.217.194.0-255,766,159432,64,257770
30920,0.00276,172.217.194.0-255,1484,160916,64,257770
30921,0.002778,172.217.194.0-255,2902,163818,64,257770
30922,0.002785,172.217.194.0-255,5738,169556,64,257770
30923,0.00281,172.217.194.0-255,5738,175294,64,257770
30924,0.002855,172.217.194.0-255,2902,178196,64,257770
30925,0.002861,172.217.194.0-255,5020,183216,64,257770
30926,0.002959,172.217.194.0-255,1484,184700,64,257770
30927,0.002963,172.217.194.0-255,1484,186184,64,257770
30928,0.002979,172.217.194.0-255,1484,187668,64,257770
30929,0.002985,172.217.194.0-255,5738,193406,64,257770
30930,0.002996,172.217.194.0-255,1484,194890,64,257770
30931,0.003018,172.217.194.0-255,1484,196374,64,257770
30932,0.003293,172.217.194.0-255,1484,197858,64,257770
30933,0.003298,172.217.194.0-255,1484,199342,64,257770
30934,0.003315,172.217.194.0-255,1484,200826,64,257770
30935,0.003322,172.217.194.0-255,5738,206564,64,257770
30936,0.003348,172.217.194.0-255,4320,210884,64,257770
30937,0.003364,172.217.194.0-255,2902,213786,64,257770
30938,0.003371,172.217.194.0-255,6438,220224,64,257770
30939,0.003412,172.217.194.0-255,2902,223126,64,257770
30940,0.003428,172.217.194.0-255,5738,228864,64,257770
30941,0.003452,172.217.194.0-255,7156,236020,64,257770
30942,0.003457,172.217.194.0-255,4320,240340,64,257770
30943,0.003473,172.217.194.0-255,5738,246078,64,257770
30944,0.00349,172.217.194.0-255,5738,251816,64,257770
30945,0.003506,172.217.194.0-255,5612,257428,64,257770
30946,0.003509,172.217.194.0-255,105,257533,64,257770
30947,0.00692,172.31.40.0-255,66,257599,64,257770
30948,0.01903,172.31.40.0-255,105,257704,64,257770
30949,0.021298,172.217.194.0-255,66,257770,64,257770
30950,0.0,74.125.24.0-255,150,150,64,150376
30951,1.8e-05,172.31.40.0-255,66,216,64,150376
30952,2.5e-05,74.125.24.0-255,1484,1700,64,150376
30953,3e-05,172.31.40.0-255,66,1766,64,150376
30954,3.6e-05,74.125.24.0-255,2902,4668,64,150376
30955,3.9e-05,172.31.40.0-255,66,4734,64,150376
30956,4.6e-05,74.125.24.0-255,7156,11890,64,150376
30957,4.9e-05,172.31.40.0-255,66,11956,64,150376
30958,5.2e-05,74.125.24.0-255,1484,13440,64,150376
30959,5.4e-05,172.31.40.0-255,66,13506,64,150376
30960,5.7e-05,74.125.24.0-255,602,14108,64,150376
30961,6e-05,172.31.40.0-255,66,14174,64,150376
30962,0.000699,74.125.24.0-255,1484,15658,64,150376
30963,0.000706,172.31.40.0-255,66,15724,64,150376
30964,0.000716,74.125.24.0-255,2902,18626,64,150376
30965,0.000718,172.31.40.0-255,66,18692,64,150376
30966,0.000726,74.125.24.0-255,5738,24430,64,150376
30967,0.000728,172.31.40.0-255,66,24496,64,150376
30968,0.000746,74.125.24.0-255,6797,31293,64,150376
30969,0.000749,172.31.40.0-255,66,31359,64,150376
30970,0.000861,74.125.24.0-255,1484,32843,64,150376
30971,0.000865,172.31.40.0-255,66,32909,64,150376
30972,0.000886,74.125.24.0-255,2902,35811,64,150376
30973,0.000889,172.31.40.0-255,66,35877,64,150376
30974,0.000894,74.125.24.0-255,4320,40197,64,150376
30975,0.000897,172.31.40.0-255,66,40263,64,150376
30976,0.000912,74.125.24.0-255,1484,41747,64,150376
30977,0.000914,172.31.40.0-255,66,41813,64,150376
30978,0.000917,74.125.24.0-255,1484,43297,64,150376
30979,0.000919,172.31.40.0-255,66,43363,64,150376
30980,0.000946,74.125.24.0-255,4320,47683,64,150376
30981,0.000948,172.31.40.0-255,66,47749,64,150376
30982,0.000965,74.125.24.0-255,1125,48874,64,150376
30983,0.001119,74.125.24.0-255,1484,50358,64,150376
30984,0.001124,172.31.40.0-255,66,50424,64,150376
30985,0.001129,74.125.24.0-255,2902,53326,64,150376
30986,0.001133,172.31.40.0-255,66,53392,64,150376
30987,0.001138,74.125.24.0-255,4320,57712,64,150376
30988,0.001141,172.31.40.0-255,66,57778,64,150376
30989,0.001164,74.125.24.0-255,1484,59262,64,150376
30990,0.001171,74.125.24.0-255,5738,65000,64,150376
30991,0.001174,172.31.40.0-255,66,65066,64,150376
30992,0.001199,74.125.24.0-255,1704,66770,64,150376
30993,0.001202,172.31.40.0-255,66,66836,64,150376
30994,0.001915,74.125.24.0-255,1484,68320,64,150376
30995,0.001936,74.125.24.0-255,2902,71222,64,150376
30996,0.001939,172.31.40.0-255,66,71288,64,150376
30997,0.001945,74.125.24.0-255,5738,77026,64,150376
30998,0.001947,172.31.40.0-255,66,77092,64,150376
30999,0.00196,74.125.24.0-255,1484,78576,64,150376
31000,0.001985,172.31.40.0-255,66,78642,64,150376
31001,0.001996,172.31.40.0-255,66,78708,64,150376
31002,0.002042,74.125.24.0-255,2184,80892,64,150376
31003,0.002045,172.31.40.0-255,66,80958,64,150376
31004,0.004349,74.125.24.0-255,2902,83860,64,150376
31005,0.004355,172.31.40.0-255,66,83926,64,150376
31006,0.004419,74.125.24.0-255,2902,86828,64,150376
31007,0.004423,172.31.40.0-255,66,86894,64,150376
31008,0.006751,74.125.24.0-255,5738,92632,64,150376
31009,0.006759,172.31.40.0-255,66,92698,64,150376
31010,0.009088,74.125.24.0-255,5738,98436,64,150376
31011,0.009096,172.31.40.0-255,66,98502,64,150376
31012,0.011435,74.125.24.0-255,5738,104240,64,150376
31013,0.011442,172.31.40.0-255,66,104306,64,150376
31014,0.013815,74.125.24.0-255,5738,110044,64,150376
31015,0.013822,172.31.40.0-255,66,110110,64,150376
31016,0.016156,74.125.24.0-255,5738,115848,64,150376
31017,0.016164,172.31.40.0-255,66,115914,64,150376
31018,0.018565,74.125.24.0-255,5738,121652,64,150376
31019,0.018573,172.31.40.0-255,66,121718,64,150376
31020,0.020905,74.125.24.0-255,5738,127456,64,150376
31021,0.020916,172.31.40.0-255,66,127522,64,150376
31022,0.023283,74.125.24.0-255,5738,133260,64,150376
31023,0.023292,172.31.40.0-255,66,133326,64,150376
31024,0.025388,172.31.40.0-255,171,133497,64,150376
31025,0.025421,172.31.40.0-255,1135,134632,64,150376
31026,0.025477,172.31.40.0-255,1514,136146,64,150376
31027,0.025479,172.31.40.0-255,1514,137660,64,150376
31028,0.02548,172.31.40.0-255,670,138330,64,150376
31029,0.025654,74.125.24.0-255,5738,144068,64,150376
31030,0.025661,172.31.40.0-255,66,144134,64,150376
31031,0.026907,104.244.42.0-255,66,144200,64,150376
31032,0.026992,104.244.42.0-255,66,144266,64,150376
31033,0.027029,104.244.42.0-255,66,144332,64,150376
31034,0.027034,104.244.42.0-255,66,144398,64,150376
31035,0.027642,104.244.42.0-255,108,144506,64,150376
31036,0.027651,172.31.40.0-255,66,144572,64,150376
31037,0.028007,74.125.24.0-255,5738,150310,64,150376
31038,0.028012,172.31.40.0-255,66,150376,64,150376
31039,0.0,74.125.24.0-255,146,146,64,190050
31040,2.3e-05,172.31.40.0-255,66,212,64,190050
31041,3e-05,74.125.24.0-255,1484,1696,64,190050
31042,3.6e-05,172.31.40.0-255,66,1762,64,190050
31043,4.2e-05,74.125.24.0-255,2902,4664,64,190050
31044,4.5e-05,172.31.40.0-255,66,4730,64,190050
31045,5.4e-05,74.125.24.0-255,7156,11886,64,190050
31046,5.6e-05,172.31.40.0-255,66,11952,64,190050
31047,6.1e-05,74.125.24.0-255,2902,14854,64,190050
31048,6.4e-05,172.31.40.0-255,66,14920,64,190050
31049,0.000104,172.31.40.0-255,66,14986,64,190050
31050,0.000109,74.125.24.0-255,2543,17529,64,190050
31051,0.000111,172.31.40.0-255,66,17595,64,190050
31052,0.000157,74.125.24.0-255,1484,19079,64,190050
31053,0.00016,172.31.40.0-255,66,19145,64,190050
31054,0.000165,74.125.24.0-255,2902,22047,64,190050
31055,0.000167,172.31.40.0-255,66,22113,64,190050
31056,0.000174,74.125.24.0-255,5738,27851,64,190050
31057,0.000176,172.31.40.0-255,66,27917,64,190050
31058,0.000228,172.31.40.0-255,66,27983,64,190050
31059,0.00024,172.31.40.0-255,66,28049,64,190050
31060,0.000255,74.125.24.0-255,112,28161,64,190050
31061,0.000258,172.31.40.0-255,66,28227,64,190050
31062,0.000282,74.125.24.0-255,329,28556,64,190050
31063,0.000285,172.31.40.0-255,66,28622,64,190050
31064,0.000489,74.125.24.0-255,1484,30106,64,190050
31065,0.000495,172.31.40.0-255,66,30172,64,190050
31066,0.000501,74.125.24.0-255,2902,33074,64,190050
31067,0.000503,172.31.40.0-255,66,33140,64,190050
31068,0.00051,74.125.24.0-255,5738,38878,64,190050
31069,0.000513,172.31.40.0-255,66,38944,64,190050
31070,0.000552,172.31.40.0-255,66,39010,64,190050
31071,0.000565,172.31.40.0-255,66,39076,64,190050
31072,0.000997,74.125.24.0-255,1484,40560,64,190050
31073,0.001004,74.125.24.0-255,2902,43462,64,190050
31074,0.001008,172.31.40.0-255,66,43528,64,190050
31075,0.001014,74.125.24.0-255,4320,47848,64,190050
31076,0.001016,172.31.40.0-255,66,47914,64,190050
31077,0.001043,74.125.24.0-255,1484,49398,64,190050
31078,0.001051,74.125.24.0-255,7156,56554,64,190050
31079,0.001054,172.31.40.0-255,66,56620,64,190050
31080,0.001061,74.125.24.0-255,7156,63776,64,190050
31081,0.001063,172.31.40.0-255,66,63842,64,190050
31082,0.001085,74.125.24.0-255,7156,70998,64,190050
31083,0.001088,172.31.40.0-255,66,71064,64,190050
31084,0.001092,74.125.24.0-255,2184,73248,64,190050
31085,0.001094,172.31.40.0-255,66,73314,64,190050
31086,0.001098,74.125.24.0-255,2902,76216,64,190050
31087,0.001101,172.31.40.0-255,66,76282,64,190050
31088,0.001128,74.125.24.0-255,7156,83438,64,190050
31089,0.001132,172.31.40.0-255,66,83504,64,190050
31090,0.001143,172.31.40.0-255,66,83570,64,190050
31091,0.001188,172.31.40.0-255,66,83636,64,190050
31092,0.001236,172.31.40.0-255,66,83702,64,190050
31093,0.001264,74.125.24.0-255,7156,90858,64,190050
31094,0.001281,74.125.24.0-255,4320,95178,64,190050
31095,0.00129,172.31.40.0-255,66,95244,64,190050
31096,0.001293,172.31.40.0-255,66,95310,64,190050
31097,0.001296,172.31.40.0-255,66,95376,64,190050
31098,0.0013,74.125.24.0-255,2902,98278,64,190050
31099,0.001303,172.31.40.0-255,66,98344,64,190050
31100,0.001313,172.31.40.0-255,66,98410,64,190050
31101,0.001353,172.31.40.0-255,66,98476,64,190050
31102,0.001355,74.125.24.0-255,766,99242,64,190050
31103,0.001387,74.125.24.0-255,5738,104980,64,190050
31104,0.00139,172.31.40.0-255,66,105046,64,190050
31105,0.001423,172.31.40.0-255,66,105112,64,190050
31106,0.001444,172.31.40.0-255,66,105178,64,190050
31107,0.001447,74.125.24.0-255,766,105944,64,190050
31108,0.00145,74.125.24.0-255,1484,107428,64,190050
31109,0.001451,172.31.40.0-255,66,107494,64,190050
31110,0.001473,74.125.24.0-255,4320,111814,64,190050
31111,0.001476,172.31.40.0-255,66,111880,64,190050
31112,0.001487,172.31.40.0-255,66,111946,64,190050
31113,0.001493,74.125.24.0-255,5738,117684,64,190050
31114,0.001496,172.31.40.0-255,66,117750,64,190050
31115,0.001544,74.125.24.0-255,7156,124906,64,190050
31116,0.001547,172.31.40.0-255,66,124972,64,190050
31117,0.001572,74.125.24.0-255,5020,129992,64,190050
31118,0.001574,172.31.40.0-255,66,130058,64,190050
31119,0.001588,172.31.40.0-255,66,130124,64,190050
31120,0.001592,74.125.24.0-255,2902,133026,64,190050
31121,0.001594,172.31.40.0-255,66,133092,64,190050
31122,0.001638,172.31.40.0-255,66,133158,64,190050
31123,0.001704,74.125.24.0-255,1484,134642,64,190050
31124,0.001708,74.125.24.0-255,2902,137544,64,190050
31125,0.001713,172.31.40.0-255,66,137610,64,190050
31126,0.001737,74.125.24.0-255,5738,143348,64,190050
31127,0.001739,172.31.40.0-255,66,143414,64,190050
31128,0.001746,74.125.24.0-255,5738,149152,64,190050
31129,0.001748,172.31.40.0-255,66,149218,64,190050
31130,0.001767,74.125.24.0-255,7156,156374,64,190050
31131,0.00177,172.31.40.0-255,66,156440,64,190050
31132,0.001824,74.125.24.0-255,4320,160760,64,190050
31133,0.001828,172.31.40.0-255,66,160826,64,190050
31134,0.00185,74.125.24.0-255,6438,167264,64,190050
31135,0.001857,74.125.24.0-255,7156,174420,64,190050
31136,0.001863,74.125.24.0-255,5738,180158,64,190050
31137,0.001867,172.31.40.0-255,66,180224,64,190050
31138,0.001875,172.31.40.0-255,66,180290,64,190050
31139,0.001878,172.31.40.0-255,66,180356,64,190050
31140,0.001882,74.125.24.0-255,2902,183258,64,190050
31141,0.001884,172.31.40.0-255,66,183324,64,190050
31142,0.001894,172.31.40.0-255,66,183390,64,190050
31143,0.001937,172.31.40.0-255,66,183456,64,190050
31144,0.00194,74.125.24.0-255,766,184222,64,190050
31145,0.001945,74.125.24.0-255,4320,188542,64,190050
31146,0.001948,172.31.40.0-255,66,188608,64,190050
31147,0.001968,74.125.24.0-255,1100,189708,64,190050
31148,0.001983,74.125.24.0-255,105,189813,64,190050
31149,0.004414,172.31.40.0-255,66,189879,64,190050
31150,0.004451,172.31.40.0-255,105,189984,64,190050
31151,0.006666,74.125.24.0-255,66,190050,64,190050
31152,0.0,172.217.27.0-255,150,150,64,222397
31153,1.9e-05,172.31.40.0-255,66,216,64,222397
31154,2.6e-05,172.217.27.0-255,1484,1700,64,222397
31155,3e-05,172.31.40.0-255,66,1766,64,222397
31156,3.4e-05,172.217.27.0-255,1484,3250,64,222397
31157,4.5e-05,172.31.40.0-255,66,3316,64,222397
31158,8.4e-05,172.217.27.0-255,1484,4800,64,222397
31159,8.7e-05,172.31.40.0-255,66,4866,64,222397
31160,9.4e-05,172.217.27.0-255,4320,9186,64,222397
31161,9.7e-05,172.31.40.0-255,66,9252,64,222397
31162,0.000107,172.217.27.0-255,4886,14138,64,222397
31163,0.00011,172.31.40.0-255,66,14204,64,222397
31164,0.000137,172.217.27.0-255,1484,15688,64,222397
31165,0.00014,172.31.40.0-255,66,15754,64,222397
31166,0.000144,172.217.27.0-255,2902,18656,64,222397
31167,0.000146,172.31.40.0-255,66,18722,64,222397
31168,0.00015,172.217.27.0-255,2902,21624,64,222397
31169,0.000156,172.31.40.0-255,66,21690,64,222397
31170,0.000162,172.217.27.0-255,4320,26010,64,222397
31171,0.000165,172.31.40.0-255,66,26076,64,222397
31172,0.000169,172.217.27.0-255,2902,28978,64,222397
31173,0.000172,172.31.40.0-255,66,29044,64,222397
31174,0.000184,172.31.40.0-255,66,29110,64,222397
31175,0.000191,172.217.27.0-255,5738,34848,64,222397
31176,0.000194,172.31.40.0-255,66,34914,64,222397
31177,0.000226,172.217.27.0-255,1484,36398,64,222397
31178,0.000228,172.31.40.0-255,66,36464,64,222397
31179,0.000231,172.217.27.0-255,1484,37948,64,222397
31180,0.000233,172.31.40.0-255,66,38014,64,222397
31181,0.000255,172.217.27.0-255,2184,40198,64,222397
31182,0.000258,172.31.40.0-255,66,40264,64,222397
31183,0.000267,172.217.27.0-255,4320,44584,64,222397
31184,0.00027,172.31.40.0-255,66,44650,64,222397
31185,0.000273,172.217.27.0-255,1484,46134,64,222397
31186,0.000315,172.31.40.0-255,66,46200,64,222397
31187,0.000317,172.217.27.0-255,1484,47684,64,222397
31188,0.00034,172.217.27.0-255,1415,49099,64,222397
31189,0.000342,172.31.40.0-255,66,49165,64,222397
31190,0.000734,172.217.27.0-255,136,49301,64,222397
31191,0.000962,172.217.27.0-255,1484,50785,64,222397
31192,0.000967,172.31.40.0-255,66,50851,64,222397
31193,0.000973,172.217.27.0-255,2902,53753,64,222397
31194,0.000975,172.31.40.0-255,66,53819,64,222397
31195,0.00101,172.217.27.0-255,4320,58139,64,222397
31196,0.001016,172.217.27.0-255,5738,63877,64,222397
31197,0.001018,172.217.27.0-255,1484,65361,64,222397
31198,0.001022,172.31.40.0-255,66,65427,64,222397
31199,0.001025,172.31.40.0-255,66,65493,64,222397
31200,0.001072,172.217.27.0-255,6797,72290,64,222397
31201,0.001073,172.217.27.0-255,349,72639,64,222397
31202,0.001078,172.31.40.0-255,66,72705,64,222397
31203,0.001081,172.31.40.0-255,66,72771,64,222397
31204,0.001205,172.217.27.0-255,1484,74255,64,222397
31205,0.00121,172.31.40.0-255,66,74321,64,222397
31206,0.001216,172.217.27.0-255,2902,77223,64,222397
31207,0.001218,172.31.40.0-255,66,77289,64,222397
31208,0.001222,172.217.27.0-255,2902,80191,64,222397
31209,0.001224,172.31.40.0-255,66,80257,64,222397
31210,0.001253,172.217.27.0-255,2902,83159,64,222397
31211,0.001256,172.31.40.0-255,66,83225,64,222397
31212,0.001267,172.217.27.0-255,7156,90381,64,222397
31213,0.001269,172.31.40.0-255,66,90447,64,222397
31214,0.00128,172.31.40.0-255,66,90513,64,222397
31215,0.001316,172.31.40.0-255,66,90579,64,222397
31216,0.00157,172.217.27.0-255,1484,92063,64,222397
31217,0.001576,172.217.27.0-255,1484,93547,64,222397
31218,0.00158,172.31.40.0-255,66,93613,64,222397
31219,0.001609,172.217.27.0-255,1484,95097,64,222397
31220,0.001616,172.217.27.0-255,5738,100835,64,222397
31221,0.001618,172.31.40.0-255,66,100901,64,222397
31222,0.001626,172.217.27.0-255,7156,108057,64,222397
31223,0.001628,172.31.40.0-255,66,108123,64,222397
31224,0.001691,172.217.27.0-255,7156,115279,64,222397
31225,0.001696,172.31.40.0-255,66,115345,64,222397
31226,0.001722,172.217.27.0-255,7156,122501,64,222397
31227,0.001726,172.31.40.0-255,66,122567,64,222397
31228,0.00173,172.217.27.0-255,2184,124751,64,222397
31229,0.001731,172.31.40.0-255,66,124817,64,222397
31230,0.003351,172.217.27.0-255,5738,130555,64,222397
31231,0.003359,172.31.40.0-255,66,130621,64,222397
31232,0.005014,172.217.27.0-255,5738,136359,64,222397
31233,0.005018,172.31.40.0-255,66,136425,64,222397
31234,0.006639,172.217.27.0-255,2902,139327,64,222397
31235,0.006643,172.31.40.0-255,66,139393,64,222397
31236,0.006668,172.217.27.0-255,2902,142295,64,222397
31237,0.00667,172.31.40.0-255,66,142361,64,222397
31238,0.008267,172.217.27.0-255,2902,145263,64,222397
31239,0.008274,172.31.40.0-255,66,145329,64,222397
31240,0.008294,172.217.27.0-255,2902,148231,64,222397
31241,0.008297,172.31.40.0-255,66,148297,64,222397
31242,0.009912,172.217.27.0-255,4320,152617,64,222397
31243,0.009919,172.31.40.0-255,66,152683,64,222397
31244,0.009964,172.217.27.0-255,1484,154167,64,222397
31245,0.011554,172.217.27.0-255,4320,158487,64,222397
31246,0.011562,172.31.40.0-255,66,158553,64,222397
31247,0.013199,172.217.27.0-255,5738,164291,64,222397
31248,0.013206,172.31.40.0-255,66,164357,64,222397
31249,0.014853,172.217.27.0-255,5738,170095,64,222397
31250,0.014861,172.31.40.0-255,66,170161,64,222397
31251,0.016493,172.217.27.0-255,5738,175899,64,222397
31252,0.0165,172.31.40.0-255,66,175965,64,222397
31253,0.018128,172.217.27.0-255,5738,181703,64,222397
31254,0.018134,172.31.40.0-255,66,181769,64,222397
31255,0.019774,172.217.27.0-255,5738,187507,64,222397
31256,0.01978,172.31.40.0-255,66,187573,64,222397
31257,0.021407,172.217.27.0-255,5738,193311,64,222397
31258,0.021413,172.31.40.0-255,66,193377,64,222397
31259,0.023048,172.217.27.0-255,5738,199115,64,222397
31260,0.023056,172.31.40.0-255,66,199181,64,222397
31261,0.02469,172.217.27.0-255,5738,204919,64,222397
31262,0.024697,172.31.40.0-255,66,204985,64,222397
31263,0.026346,172.217.27.0-255,5738,210723,64,222397
31264,0.026354,172.31.40.0-255,66,210789,64,222397
31265,0.028007,172.217.27.0-255,5738,216527,64,222397
31266,0.028022,172.31.40.0-255,66,216593,64,222397
31267,0.029666,172.217.27.0-255,5738,222331,64,222397
31268,0.029679,172.31.40.0-255,66,222397,64,222397
31269,0.0,172.217.194.0-255,152,152,64,224497
31270,2.6e-05,172.31.40.0-255,66,218,64,224497
31271,3.3e-05,172.217.194.0-255,1484,1702,64,224497
31272,3.8e-05,172.31.40.0-255,66,1768,64,224497
31273,4.5e-05,172.217.194.0-255,2902,4670,64,224497
31274,4.8e-05,172.31.40.0-255,66,4736,64,224497
31275,5.7e-05,172.217.194.0-255,7156,11892,64,224497
31276,6e-05,172.31.40.0-255,66,11958,64,224497
31277,8.7e-05,172.217.194.0-255,2129,14087,64,224497
31278,8.9e-05,172.31.40.0-255,66,14153,64,224497
31279,9.4e-05,172.217.194.0-255,2902,17055,64,224497
31280,9.7e-05,172.31.40.0-255,66,17121,64,224497
31281,0.000103,172.217.194.0-255,7156,24277,64,224497
31282,0.000106,172.31.40.0-255,66,24343,64,224497
31283,0.00012,172.31.40.0-255,66,24409,64,224497
31284,0.000163,172.217.194.0-255,4320,28729,64,224497
31285,0.000165,172.31.40.0-255,66,28795,64,224497
31286,0.000189,172.217.194.0-255,6438,35233,64,224497
31287,0.000191,172.31.40.0-255,66,35299,64,224497
31288,0.000204,172.31.40.0-255,66,35365,64,224497
31289,0.000231,172.217.194.0-255,5738,41103,64,224497
31290,0.000234,172.31.40.0-255,66,41169,64,224497
31291,0.000248,172.217.194.0-255,296,41465,64,224497
31292,0.00025,172.31.40.0-255,66,41531,64,224497
31293,0.000378,172.217.194.0-255,1484,43015,64,224497
31294,0.000382,172.31.40.0-255,66,43081,64,224497
31295,0.000399,172.217.194.0-255,2902,45983,64,224497
31296,0.000401,172.31.40.0-255,66,46049,64,224497
31297,0.000407,172.217.194.0-255,5738,51787,64,224497
31298,0.00041,172.31.40.0-255,66,51853,64,224497
31299,0.000441,172.31.40.0-255,66,51919,64,224497
31300,0.000453,172.31.40.0-255,66,51985,64,224497
31301,0.000477,172.217.194.0-255,1484,53469,64,224497
31302,0.000484,172.217.194.0-255,5020,58489,64,224497
31303,0.000487,172.31.40.0-255,66,58555,64,224497
31304,0.000501,172.217.194.0-255,5738,64293,64,224497
31305,0.000504,172.31.40.0-255,66,64359,64,224497
31306,0.000529,172.217.194.0-255,2902,67261,64,224497
31307,0.000531,172.31.40.0-255,66,67327,64,224497
31308,0.000553,172.217.194.0-255,5738,73065,64,224497
31309,0.000556,172.31.40.0-255,66,73131,64,224497
31310,0.000571,172.31.40.0-255,66,73197,64,224497
31311,0.000577,172.217.194.0-255,3602,76799,64,224497
31312,0.000579,172.31.40.0-255,66,76865,64,224497
31313,0.000696,172.217.194.0-255,1484,78349,64,224497
31314,0.000704,172.217.194.0-255,2902,81251,64,224497
31315,0.000708,172.31.40.0-255,66,81317,64,224497
31316,0.000715,172.217.194.0-255,5738,87055,64,224497
31317,0.000718,172.31.40.0-255,66,87121,64,224497
31318,0.00072,172.217.194.0-255,1484,88605,64,224497
31319,0.000745,172.217.194.0-255,7156,95761,64,224497
31320,0.000748,172.31.40.0-255,66,95827,64,224497
31321,0.000771,172.217.194.0-255,5738,101565,64,224497
31322,0.000774,172.31.40.0-255,66,101631,64,224497
31323,0.00078,172.217.194.0-255,5738,107369,64,224497
31324,0.000782,172.31.40.0-255,66,107435,64,224497
31325,0.0008,172.217.194.0-255,3602,111037,64,224497
31326,0.000803,172.31.40.0-255,66,111103,64,224497
31327,0.001337,172.217.194.0-255,1484,112587,64,224497
31328,0.001342,172.217.194.0-255,2902,115489,64,224497
31329,0.001345,172.217.194.0-255,1484,116973,64,224497
31330,0.001351,172.31.40.0-255,66,117039,64,224497
31331,0.001368,172.217.194.0-255,4320,121359,64,224497
31332,0.001371,172.31.40.0-255,66,121425,64,224497
31333,0.001374,172.217.194.0-255,1484,122909,64,224497
31334,0.001399,172.31.40.0-255,66,122975,64,224497
31335,0.001402,172.217.194.0-255,1484,124459,64,224497
31336,0.001447,172.217.194.0-255,5738,130197,64,224497
31337,0.001451,172.31.40.0-255,66,130263,64,224497
31338,0.001467,172.217.194.0-255,3602,133865,64,224497
31339,0.001469,172.31.40.0-255,66,133931,64,224497
31340,0.001635,172.217.194.0-255,1484,135415,64,224497
31341,0.001653,172.217.194.0-255,2902,138317,64,224497
31342,0.001658,172.31.40.0-255,66,138383,64,224497
31343,0.001694,172.217.194.0-255,5738,144121,64,224497
31344,0.001697,172.31.40.0-255,66,144187,64,224497
31345,0.001701,172.217.194.0-255,1484,145671,64,224497
31346,0.001704,172.217.194.0-255,1484,147155,64,224497
31347,0.001705,172.31.40.0-255,66,147221,64,224497
31348,0.001723,172.217.194.0-255,7156,154377,64,224497
31349,0.001725,172.31.40.0-255,66,154443,64,224497
31350,0.001728,172.217.194.0-255,1484,155927,64,224497
31351,0.001754,172.31.40.0-255,66,155993,64,224497
31352,0.001783,172.217.194.0-255,2184,158177,64,224497
31353,0.001785,172.31.40.0-255,66,158243,64,224497
31354,0.001913,172.217.194.0-255,1484,159727,64,224497
31355,0.001918,172.217.194.0-255,2902,162629,64,224497
31356,0.001921,172.31.40.0-255,66,162695,64,224497
31357,0.001934,172.217.194.0-255,2902,165597,64,224497
31358,0.001936,172.31.40.0-255,66,165663,64,224497
31359,0.001962,172.217.194.0-255,2902,168565,64,224497
31360,0.001964,172.31.40.0-255,66,168631,64,224497
31361,0.001977,172.217.194.0-255,7156,175787,64,224497
31362,0.001979,172.31.40.0-255,66,175853,64,224497
31363,0.001994,172.31.40.0-255,66,175919,64,224497
31364,0.001998,172.217.194.0-255,2184,178103,64,224497
31365,0.002,172.31.40.0-255,66,178169,64,224497
31366,0.002049,172.217.194.0-255,1484,179653,64,224497
31367,0.002053,172.217.194.0-255,2902,182555,64,224497
31368,0.002055,172.31.40.0-255,66,182621,64,224497
31369,0.002073,172.217.194.0-255,5738,188359,64,224497
31370,0.002079,172.31.40.0-255,66,188425,64,224497
31371,0.002101,172.217.194.0-255,5738,194163,64,224497
31372,0.002104,172.31.40.0-255,66,194229,64,224497
31373,0.00211,172.217.194.0-255,4320,198549,64,224497
31374,0.002112,172.31.40.0-255,66,198615,64,224497
31375,0.002133,172.31.40.0-255,66,198681,64,224497
31376,0.002139,172.217.194.0-255,4320,203001,64,224497
31377,0.002142,172.31.40.0-255,66,203067,64,224497
31378,0.002169,172.217.194.0-255,3602,206669,64,224497
31379,0.002173,172.31.40.0-255,66,206735,64,224497
31380,0.002183,172.31.40.0-255,66,206801,64,224497
31381,0.002186,172.217.194.0-255,1484,208285,64,224497
31382,0.002207,172.31.40.0-255,66,208351,64,224497
31383,0.002227,172.31.40.0-255,66,208417,64,224497
31384,0.002237,172.31.40.0-255,66,208483,64,224497
31385,0.002253,172.217.194.0-255,4320,212803,64,224497
31386,0.002255,172.31.40.0-255,66,212869,64,224497
31387,0.002296,172.31.40.0-255,66,212935,64,224497
31388,0.002302,172.217.194.0-255,6438,219373,64,224497
31389,0.002305,172.31.40.0-255,66,219439,64,224497
31390,0.002342,172.217.194.0-255,4320,223759,64,224497
31391,0.002345,172.31.40.0-255,66,223825,64,224497
31392,0.002376,172.31.40.0-255,66,223891,64,224497
31393,0.002405,172.31.40.0-255,66,223957,64,224497
31394,0.002408,172.217.194.0-255,97,224054,64,224497
31395,0.002411,172.217.194.0-255,105,224159,64,224497
31396,0.003404,172.31.40.0-255,101,224260,64,224497
31397,0.005998,172.217.194.0-255,66,224326,64,224497
31398,0.013594,172.31.40.0-255,105,224431,64,224497
31399,0.016212,172.217.194.0-255,66,224497,64,224497
31400,0.0,74.125.24.0-255,152,152,64,219093
31401,2.2e-05,172.31.40.0-255,66,218,64,219093
31402,2.9e-05,74.125.24.0-255,1484,1702,64,219093
31403,3.3e-05,172.31.40.0-255,66,1768,64,219093
31404,4.9e-05,74.125.24.0-255,2902,4670,64,219093
31405,5.3e-05,172.31.40.0-255,66,4736,64,219093
31406,6.2e-05,74.125.24.0-255,7156,11892,64,219093
31407,6.6e-05,172.31.40.0-255,66,11958,64,219093
31408,8e-05,172.31.40.0-255,66,12024,64,219093
31409,8.7e-05,74.125.24.0-255,6797,18821,64,219093
31410,9.1e-05,172.31.40.0-255,66,18887,64,219093
31411,0.000158,74.125.24.0-255,1484,20371,64,219093
31412,0.000161,172.31.40.0-255,66,20437,64,219093
31413,0.000166,74.125.24.0-255,2902,23339,64,219093
31414,0.000168,172.31.40.0-255,66,23405,64,219093
31415,0.000205,74.125.24.0-255,5738,29143,64,219093
31416,0.000208,172.31.40.0-255,66,29209,64,219093
31417,0.000233,74.125.24.0-255,4320,33529,64,219093
31418,0.000235,172.31.40.0-255,66,33595,64,219093
31419,0.000273,172.31.40.0-255,66,33661,64,219093
31420,0.000286,172.31.40.0-255,66,33727,64,219093
31421,0.000289,74.125.24.0-255,646,34373,64,219093
31422,0.000291,172.31.40.0-255,66,34439,64,219093
31423,0.00036,74.125.24.0-255,1484,35923,64,219093
31424,0.000363,172.31.40.0-255,66,35989,64,219093
31425,0.000368,74.125.24.0-255,2902,38891,64,219093
31426,0.00037,172.31.40.0-255,66,38957,64,219093
31427,0.000373,74.125.24.0-255,1484,40441,64,219093
31428,0.00038,172.31.40.0-255,66,40507,64,219093
31429,0.000403,74.125.24.0-255,4320,44827,64,219093
31430,0.000406,172.31.40.0-255,66,44893,64,219093
31431,0.000444,74.125.24.0-255,6248,51141,64,219093
31432,0.000447,172.31.40.0-255,66,51207,64,219093
31433,0.00055,74.125.24.0-255,1484,52691,64,219093
31434,0.000557,74.125.24.0-255,2902,55593,64,219093
31435,0.00056,172.31.40.0-255,66,55659,64,219093
31436,0.000564,74.125.24.0-255,1484,57143,64,219093
31437,0.000587,74.125.24.0-255,4320,61463,64,219093
31438,0.000589,172.31.40.0-255,66,61529,64,219093
31439,0.000597,74.125.24.0-255,6797,68326,64,219093
31440,0.000599,172.31.40.0-255,66,68392,64,219093
31441,0.000635,172.31.40.0-255,66,68458,64,219093
31442,0.000639,74.125.24.0-255,2543,71001,64,219093
31443,0.000642,172.31.40.0-255,66,71067,64,219093
31444,0.000792,74.125.24.0-255,1484,72551,64,219093
31445,0.000798,74.125.24.0-255,1484,74035,64,219093
31446,0.000801,172.31.40.0-255,66,74101,64,219093
31447,0.000827,74.125.24.0-255,1484,75585,64,219093
31448,0.000834,74.125.24.0-255,5738,81323,64,219093
31449,0.000837,172.31.40.0-255,66,81389,64,219093
31450,0.000841,74.125.24.0-255,2902,84291,64,219093
31451,0.000843,172.31.40.0-255,66,84357,64,219093
31452,0.000887,172.31.40.0-255,66,84423,64,219093
31453,0.000925,172.31.40.0-255,66,84489,64,219093
31454,0.001197,74.125.24.0-255,1484,85973,64,219093
31455,0.001201,74.125.24.0-255,2902,88875,64,219093
31456,0.001212,172.31.40.0-255,66,88941,64,219093
31457,0.00122,74.125.24.0-255,5738,94679,64,219093
31458,0.001222,172.31.40.0-255,66,94745,64,219093
31459,0.00126,172.31.40.0-255,66,94811,64,219093
31460,0.001272,172.31.40.0-255,66,94877,64,219093
31461,0.001301,74.125.24.0-255,2184,97061,64,219093
31462,0.001303,172.31.40.0-255,66,97127,64,219093
31463,0.001376,74.125.24.0-255,1484,98611,64,219093
31464,0.001398,74.125.24.0-255,2902,101513,64,219093
31465,0.001402,172.31.40.0-255,66,101579,64,219093
31466,0.001408,74.125.24.0-255,4320,105899,64,219093
31467,0.001411,172.31.40.0-255,66,105965,64,219093
31468,0.001426,172.31.40.0-255,66,106031,64,219093
31469,0.001486,172.31.40.0-255,66,106097,64,219093
31470,0.001639,74.125.24.0-255,1484,107581,64,219093
31471,0.001644,74.125.24.0-255,1484,109065,64,219093
31472,0.001649,172.31.40.0-255,66,109131,64,219093
31473,0.001673,74.125.24.0-255,1484,110615,64,219093
31474,0.00168,74.125.24.0-255,5738,116353,64,219093
31475,0.001682,172.31.40.0-255,66,116419,64,219093
31476,0.001728,74.125.24.0-255,7156,123575,64,219093
31477,0.00173,172.31.40.0-255,66,123641,64,219093
31478,0.001754,74.125.24.0-255,5738,129379,64,219093
31479,0.001756,172.31.40.0-255,66,129445,64,219093
31480,0.00177,172.31.40.0-255,66,129511,64,219093
31481,0.001778,74.125.24.0-255,1484,130995,64,219093
31482,0.001783,74.125.24.0-255,2902,133897,64,219093
31483,0.001786,172.31.40.0-255,66,133963,64,219093
31484,0.001793,74.125.24.0-255,5738,139701,64,219093
31485,0.001796,172.31.40.0-255,66,139767,64,219093
31486,0.001835,172.31.40.0-255,66,139833,64,219093
31487,0.001846,172.31.40.0-255,66,139899,64,219093
31488,0.001871,74.125.24.0-255,3602,143501,64,219093
31489,0.001873,172.31.40.0-255,66,143567,64,219093
31490,0.001917,74.125.24.0-255,1484,145051,64,219093
31491,0.00193,74.125.24.0-255,2902,147953,64,219093
31492,0.001933,172.31.40.0-255,66,148019,64,219093
31493,0.001964,74.125.24.0-255,5738,153757,64,219093
31494,0.001967,172.31.40.0-255,66,153823,64,219093
31495,0.002003,172.31.40.0-255,66,153889,64,219093
31496,0.002006,74.125.24.0-255,1484,155373,64,219093
31497,0.002045,172.31.40.0-255,66,155439,64,219093
31498,0.002089,74.125.24.0-255,1484,156923,64,219093
31499,0.002106,74.125.24.0-255,2902,159825,64,219093
31500,0.002109,172.31.40.0-255,66,159891,64,219093
31501,0.002116,74.125.24.0-255,5738,165629,64,219093
31502,0.002119,172.31.40.0-255,66,165695,64,219093
31503,0.002131,74.125.24.0-255,7156,172851,64,219093
31504,0.002134,172.31.40.0-255,66,172917,64,219093
31505,0.002166,74.125.24.0-255,1484,174401,64,219093
31506,0.002181,172.31.40.0-255,66,174467,64,219093
31507,0.002187,74.125.24.0-255,5020,179487,64,219093
31508,0.002189,172.31.40.0-255,66,179553,64,219093
31509,0.002211,74.125.24.0-255,2902,182455,64,219093
31510,0.002213,172.31.40.0-255,66,182521,64,219093
31511,0.002244,74.125.24.0-255,7156,189677,64,219093
31512,0.002248,172.31.40.0-255,66,189743,64,219093
31513,0.002261,172.31.40.0-255,66,189809,64,219093
31514,0.002266,74.125.24.0-255,4320,194129,64,219093
31515,0.002268,172.31.40.0-255,66,194195,64,219093
31516,0.002295,172.31.40.0-255,66,194261,64,219093
31517,0.004547,74.125.24.0-255,5738,199999,64,219093
31518,0.004567,172.31.40.0-255,66,200065,64,219093
31519,0.006851,74.125.24.0-255,5738,205803,64,219093
31520,0.006869,172.31.40.0-255,66,205869,64,219093
31521,0.009112,74.125.24.0-255,5738,211607,64,219093
31522,0.009121,172.31.40.0-255,66,211673,64,219093
31523,0.011383,74.125.24.0-255,5738,217411,64,219093
31524,0.011389,172.31.40.0-255,66,217477,64,219093
31525,0.013637,74.125.24.0-255,1379,218856,64,219093
31526,0.017617,172.31.40.0-255,66,218922,64,219093
31527,0.017667,172.31.40.0-255,105,219027,64,219093
31528,0.019882,74.125.24.0-255,66,219093,64,219093
31529,0.0,172.217.194.0-255,297,297,64,199513
31530,1.8e-05,172.31.40.0-255,66,363,64,199513
31531,2.4e-05,172.217.194.0-255,1484,1847,64,199513
31532,2.9e-05,172.31.40.0-255,66,1913,64,199513
31533,3.5e-05,172.217.194.0-255,4320,6233,64,199513
31534,3.8e-05,172.31.40.0-255,66,6299,64,199513
31535,6.1e-05,172.31.40.0-255,66,6365,64,199513
31536,0.000111,172.217.194.0-255,1484,7849,64,199513
31537,0.000113,172.31.40.0-255,66,7915,64,199513
31538,0.000117,172.217.194.0-255,2902,10817,64,199513
31539,0.000119,172.31.40.0-255,66,10883,64,199513
31540,0.000131,172.217.194.0-255,2902,13785,64,199513
31541,0.000133,172.31.40.0-255,66,13851,64,199513
31542,0.000151,172.217.194.0-255,2902,16753,64,199513
31543,0.000153,172.31.40.0-255,66,16819,64,199513
31544,0.00018,172.217.194.0-255,6797,23616,64,199513
31545,0.000182,172.31.40.0-255,66,23682,64,199513
31546,0.00022,172.217.194.0-255,1484,25166,64,199513
31547,0.000223,172.31.40.0-255,66,25232,64,199513
31548,0.000226,172.217.194.0-255,1484,26716,64,199513
31549,0.000228,172.31.40.0-255,66,26782,64,199513
31550,0.000243,172.217.194.0-255,1484,28266,64,199513
31551,0.000245,172.31.40.0-255,66,28332,64,199513
31552,0.000251,172.217.194.0-255,5738,34070,64,199513
31553,0.000253,172.31.40.0-255,66,34136,64,199513
31554,0.000293,172.217.194.0-255,1484,35620,64,199513
31555,0.000295,172.31.40.0-255,66,35686,64,199513
31556,0.000308,172.217.194.0-255,1484,37170,64,199513
31557,0.00031,172.31.40.0-255,66,37236,64,199513
31558,0.000325,172.217.194.0-255,3961,41197,64,199513
31559,0.000327,172.31.40.0-255,66,41263,64,199513
31560,0.000342,172.217.194.0-255,1484,42747,64,199513
31561,0.000356,172.217.194.0-255,2902,45649,64,199513
31562,0.000378,172.217.194.0-255,2902,48551,64,199513
31563,0.000396,172.217.194.0-255,7156,55707,64,199513
31564,0.000421,172.217.194.0-255,2835,58542,64,199513
31565,0.000455,172.217.194.0-255,385,58927,64,199513
31566,0.000484,172.31.40.0-255,66,58993,64,199513
31567,0.000523,172.31.40.0-255,101,59094,64,199513
31568,0.000813,172.217.194.0-255,1484,60578,64,199513
31569,0.000849,172.217.194.0-255,2902,63480,64,199513
31570,0.000852,172.31.40.0-255,66,63546,64,199513
31571,0.000856,172.217.194.0-255,2902,66448,64,199513
31572,0.000864,172.31.40.0-255,66,66514,64,199513
31573,0.000876,172.217.194.0-255,2902,69416,64,199513
31574,0.000881,172.217.194.0-255,4320,73736,64,199513
31575,0.000888,172.217.194.0-255,7156,80892,64,199513
31576,0.000903,172.217.194.0-255,4320,85212,64,199513
31577,0.000908,172.31.40.0-255,66,85278,64,199513
31578,0.000982,172.217.194.0-255,4320,89598,64,199513
31579,0.000991,172.31.40.0-255,66,89664,64,199513
31580,0.001,172.217.194.0-255,3602,93266,64,199513
31581,0.001053,172.31.40.0-255,66,93332,64,199513
31582,0.001068,172.217.194.0-255,1484,94816,64,199513
31583,0.001075,172.217.194.0-255,5738,100554,64,199513
31584,0.00108,172.31.40.0-255,66,100620,64,199513
31585,0.0011,172.217.194.0-255,5738,106358,64,199513
31586,0.001108,172.31.40.0-255,66,106424,64,199513
31587,0.001152,172.217.194.0-255,4320,110744,64,199513
31588,0.001157,172.31.40.0-255,66,110810,64,199513
31589,0.001192,172.217.194.0-255,4471,115281,64,199513
31590,0.001196,172.31.40.0-255,66,115347,64,199513
31591,0.001281,172.217.194.0-255,2902,118249,64,199513
31592,0.001288,172.31.40.0-255,66,118315,64,199513
31593,0.001307,172.31.40.0-255,66,118381,64,199513
31594,0.001336,172.31.40.0-255,66,118447,64,199513
31595,0.001442,172.217.194.0-255,1484,119931,64,199513
31596,0.001456,172.217.194.0-255,2902,122833,64,199513
31597,0.001458,172.31.40.0-255,66,122899,64,199513
31598,0.001489,172.217.194.0-255,1484,124383,64,199513
31599,0.001503,172.217.194.0-255,4320,128703,64,199513
31600,0.001516,172.217.194.0-255,5738,134441,64,199513
31601,0.001521,172.31.40.0-255,66,134507,64,199513
31602,0.001539,172.217.194.0-255,7156,141663,64,199513
31603,0.001544,172.31.40.0-255,66,141729,64,199513
31604,0.001598,172.217.194.0-255,2902,144631,64,199513
31605,0.001613,172.31.40.0-255,66,144697,64,199513
31606,0.001674,172.217.194.0-255,3602,148299,64,199513
31607,0.0018,172.217.194.0-255,4320,152619,64,199513
31608,0.00194,172.217.194.0-255,4320,156939,64,199513
31609,0.002112,172.217.194.0-255,5738,162677,64,199513
31610,0.002245,172.217.194.0-255,7156,169833,64,199513
31611,0.002302,172.217.194.0-255,4320,174153,64,199513
31612,0.002566,172.217.194.0-255,7156,181309,64,199513
31613,0.00266,172.217.194.0-255,2902,184211,64,199513
31614,0.002904,172.217.194.0-255,66,184277,64,199513
31615,0.006771,172.31.40.0-255,66,184343,64,199513
31616,0.008731,172.217.194.0-255,5738,190081,64,199513
31617,0.008739,172.31.40.0-255,66,190147,64,199513
31618,0.010676,172.217.194.0-255,5738,195885,64,199513
31619,0.010683,172.31.40.0-255,66,195951,64,199513
31620,0.012632,172.217.194.0-255,3325,199276,64,199513
31621,0.012639,172.31.40.0-255,66,199342,64,199513
31622,0.012799,172.31.40.0-255,105,199447,64,199513
31623,0.018438,172.217.194.0-255,66,199513,64,199513
31624,0.0,74.125.68.0-255,146,146,64,245397
31625,1.4e-05,172.31.40.0-255,66,212,64,245397
31626,3.5e-05,74.125.68.0-255,1484,1696,64,245397
31627,3.9e-05,172.31.40.0-255,66,1762,64,245397
31628,4.5e-05,74.125.68.0-255,2902,4664,64,245397
31629,4.7e-05,172.31.40.0-255,66,4730,64,245397
31630,7.2e-05,74.125.68.0-255,1484,6214,64,245397
31631,7.4e-05,172.31.40.0-255,66,6280,64,245397
31632,9.3e-05,74.125.68.0-255,5738,12018,64,245397
31633,9.6e-05,172.31.40.0-255,66,12084,64,245397
31634,0.0001,74.125.68.0-255,1983,14067,64,245397
31635,0.000101,172.31.40.0-255,66,14133,64,245397
31636,0.000117,74.125.68.0-255,1484,15617,64,245397
31637,0.00012,172.31.40.0-255,66,15683,64,245397
31638,0.000143,74.125.68.0-255,2902,18585,64,245397
31639,0.000145,172.31.40.0-255,66,18651,64,245397
31640,0.000151,74.125.68.0-255,5738,24389,64,245397
31641,0.000153,172.31.40.0-255,66,24455,64,245397
31642,0.000158,74.125.68.0-255,2902,27357,64,245397
31643,0.000159,172.31.40.0-255,66,27423,64,245397
31644,0.000173,74.125.68.0-255,1484,28907,64,245397
31645,0.000175,172.31.40.0-255,66,28973,64,245397
31646,0.000218,74.125.68.0-255,2543,31516,64,245397
31647,0.000221,172.31.40.0-255,66,31582,64,245397
31648,0.000265,74.125.68.0-255,1484,33066,64,245397
31649,0.000268,172.31.40.0-255,66,33132,64,245397
31650,0.000273,74.125.68.0-255,2902,36034,64,245397
31651,0.000275,172.31.40.0-255,66,36100,64,245397
31652,0.000288,74.125.68.0-255,1484,37584,64,245397
31653,0.00029,172.31.40.0-255,66,37650,64,245397
31654,0.000317,74.125.68.0-255,4320,41970,64,245397
31655,0.00032,172.31.40.0-255,66,42036,64,245397
31656,0.000327,74.125.68.0-255,6797,48833,64,245397
31657,0.000329,172.31.40.0-255,66,48899,64,245397
31658,0.000348,74.125.68.0-255,7156,56055,64,245397
31659,0.00035,172.31.40.0-255,66,56121,64,245397
31660,0.000363,74.125.68.0-255,2902,59023,64,245397
31661,0.000365,172.31.40.0-255,66,59089,64,245397
31662,0.000387,74.125.68.0-255,6797,65886,64,245397
31663,0.000389,172.31.40.0-255,66,65952,64,245397
31664,0.000433,74.125.68.0-255,413,66365,64,245397
31665,0.000477,74.125.68.0-255,330,66695,64,245397
31666,0.000706,74.125.68.0-255,1484,68179,64,245397
31667,0.000712,172.31.40.0-255,66,68245,64,245397
31668,0.000725,74.125.68.0-255,2902,71147,64,245397
31669,0.000727,172.31.40.0-255,66,71213,64,245397
31670,0.000758,74.125.68.0-255,5738,76951,64,245397
31671,0.000761,172.31.40.0-255,66,77017,64,245397
31672,0.000765,74.125.68.0-255,2902,79919,64,245397
31673,0.000767,172.31.40.0-255,66,79985,64,245397
31674,0.000817,74.125.68.0-255,5738,85723,64,245397
31675,0.00082,172.31.40.0-255,66,85789,64,245397
31676,0.000843,74.125.68.0-255,2902,88691,64,245397
31677,0.000845,172.31.40.0-255,66,88757,64,245397
31678,0.000857,172.31.40.0-255,66,88823,64,245397
31679,0.000861,74.125.68.0-255,2184,91007,64,245397
31680,0.000863,172.31.40.0-255,66,91073,64,245397
31681,0.001045,74.125.68.0-255,1484,92557,64,245397
31682,0.001074,74.125.68.0-255,2902,95459,64,245397
31683,0.001078,172.31.40.0-255,66,95525,64,245397
31684,0.001081,74.125.68.0-255,1484,97009,64,245397
31685,0.001101,74.125.68.0-255,4320,101329,64,245397
31686,0.001103,172.31.40.0-255,66,101395,64,245397
31687,0.001107,74.125.68.0-255,2902,104297,64,245397
31688,0.001109,172.31.40.0-255,66,104363,64,245397
31689,0.001125,74.125.68.0-255,2902,107265,64,245397
31690,0.001128,172.31.40.0-255,66,107331,64,245397
31691,0.001135,74.125.68.0-255,7156,114487,64,245397
31692,0.001137,172.31.40.0-255,66,114553,64,245397
31693,0.001179,74.125.68.0-255,4320,118873,64,245397
31694,0.001182,172.31.40.0-255,66,118939,64,245397
31695,0.001206,74.125.68.0-255,5738,124677,64,245397
31696,0.001208,74.125.68.0-255,766,125443,64,245397
31697,0.001213,172.31.40.0-255,66,125509,64,245397
31698,0.001638,74.125.68.0-255,1484,126993,64,245397
31699,0.001642,172.31.40.0-255,66,127059,64,245397
31700,0.001648,74.125.68.0-255,2902,129961,64,245397
31701,0.00165,172.31.40.0-255,66,130027,64,245397
31702,0.001673,74.125.68.0-255,4320,134347,64,245397
31703,0.001676,172.31.40.0-255,66,134413,64,245397
31704,0.001704,74.125.68.0-255,5738,140151,64,245397
31705,0.001707,172.31.40.0-255,66,140217,64,245397
31706,0.00174,172.31.40.0-255,66,140283,64,245397
31707,0.001766,74.125.68.0-255,1484,141767,64,245397
31708,0.001781,74.125.68.0-255,7156,148923,64,245397
31709,0.001784,172.31.40.0-255,66,148989,64,245397
31710,0.0018,74.125.68.0-255,766,149755,64,245397
31711,0.002006,74.125.68.0-255,1484,151239,64,245397
31712,0.002009,74.125.68.0-255,1484,152723,64,245397
31713,0.002014,172.31.40.0-255,66,152789,64,245397
31714,0.002025,74.125.68.0-255,1484,154273,64,245397
31715,0.002027,172.31.40.0-255,66,154339,64,245397
31716,0.002032,74.125.68.0-255,2902,157241,64,245397
31717,0.002034,172.31.40.0-255,66,157307,64,245397
31718,0.002057,74.125.68.0-255,2902,160209,64,245397
31719,0.002059,172.31.40.0-255,66,160275,64,245397
31720,0.002098,172.31.40.0-255,66,160341,64,245397
31721,0.002121,74.125.68.0-255,4320,164661,64,245397
31722,0.002127,74.125.68.0-255,4320,168981,64,245397
31723,0.002132,74.125.68.0-255,4320,173301,64,245397
31724,0.002135,172.31.40.0-255,66,173367,64,245397
31725,0.002138,172.31.40.0-255,66,173433,64,245397
31726,0.00214,172.31.40.0-255,66,173499,64,245397
31727,0.00215,74.125.68.0-255,2184,175683,64,245397
31728,0.002152,172.31.40.0-255,66,175749,64,245397
31729,0.004419,74.125.68.0-255,5738,181487,64,245397
31730,0.004427,172.31.40.0-255,66,181553,64,245397
31731,0.006696,74.125.68.0-255,5738,187291,64,245397
31732,0.0067,172.31.40.0-255,66,187357,64,245397
31733,0.008971,74.125.68.0-255,5738,193095,64,245397
31734,0.008977,172.31.40.0-255,66,193161,64,245397
31735,0.011258,74.125.68.0-255,5738,198899,64,245397
31736,0.011266,172.31.40.0-255,66,198965,64,245397
31737,0.013555,74.125.68.0-255,5738,204703,64,245397
31738,0.013563,172.31.40.0-255,66,204769,64,245397
31739,0.015831,74.125.68.0-255,5738,210507,64,245397
31740,0.015841,172.31.40.0-255,66,210573,64,245397
31741,0.018137,74.125.68.0-255,5738,216311,64,245397
31742,0.018146,172.31.40.0-255,66,216377,64,245397
31743,0.020425,74.125.68.0-255,5738,222115,64,245397
31744,0.020434,172.31.40.0-255,66,222181,64,245397
31745,0.022719,74.125.68.0-255,5738,227919,64,245397
31746,0.022727,172.31.40.0-255,66,227985,64,245397
31747,0.02502,74.125.68.0-255,5738,233723,64,245397
31748,0.025028,172.31.40.0-255,66,233789,64,245397
31749,0.02731,74.125.68.0-255,5738,239527,64,245397
31750,0.027319,172.31.40.0-255,66,239593,64,245397
31751,0.02961,74.125.68.0-255,5738,245331,64,245397
31752,0.029618,172.31.40.0-255,66,245397,64,245397
31753,0.0,172.217.24.0-255,153,153,64,172521
31754,2.2e-05,172.31.40.0-255,66,219,64,172521
31755,2.9e-05,172.217.24.0-255,1484,1703,64,172521
31756,3.4e-05,172.31.40.0-255,66,1769,64,172521
31757,4e-05,172.217.24.0-255,2902,4671,64,172521
31758,4.4e-05,172.31.40.0-255,66,4737,64,172521
31759,5.1e-05,172.217.24.0-255,7156,11893,64,172521
31760,5.5e-05,172.31.40.0-255,66,11959,64,172521
31761,5.8e-05,172.217.24.0-255,2073,14032,64,172521
31762,6.2e-05,172.31.40.0-255,66,14098,64,172521
31763,0.000176,172.217.24.0-255,1484,15582,64,172521
31764,0.00018,172.31.40.0-255,66,15648,64,172521
31765,0.000186,172.217.24.0-255,2902,18550,64,172521
31766,0.000188,172.31.40.0-255,66,18616,64,172521
31767,0.000195,172.217.24.0-255,5738,24354,64,172521
31768,0.000197,172.31.40.0-255,66,24420,64,172521
31769,0.000246,172.217.24.0-255,2902,27322,64,172521
31770,0.000248,172.31.40.0-255,66,27388,64,172521
31771,0.000267,172.217.24.0-255,3961,31349,64,172521
31772,0.000269,172.31.40.0-255,66,31415,64,172521
31773,0.000284,172.217.24.0-255,4320,35735,64,172521
31774,0.000287,172.31.40.0-255,66,35801,64,172521
31775,0.000322,172.217.24.0-255,2902,38703,64,172521
31776,0.000324,172.31.40.0-255,66,38769,64,172521
31777,0.000336,172.31.40.0-255,66,38835,64,172521
31778,0.000338,172.217.24.0-255,1125,39960,64,172521
31779,0.000341,172.31.40.0-255,66,40026,64,172521
31780,0.00077,172.217.24.0-255,1484,41510,64,172521
31781,0.000777,172.217.24.0-255,2902,44412,64,172521
31782,0.000782,172.31.40.0-255,66,44478,64,172521
31783,0.000785,172.31.40.0-255,66,44544,64,172521
31784,0.000799,172.217.24.0-255,5738,50282,64,172521
31785,0.000802,172.31.40.0-255,66,50348,64,172521
31786,0.000808,172.217.24.0-255,2902,53250,64,172521
31787,0.000811,172.31.40.0-255,66,53316,64,172521
31788,0.000829,172.217.24.0-255,3961,57277,64,172521
31789,0.000833,172.31.40.0-255,66,57343,64,172521
31790,0.000835,172.217.24.0-255,395,57738,64,172521
31791,0.000989,172.31.40.0-255,66,57804,64,172521
31792,0.001183,172.217.24.0-255,113,57917,64,172521
31793,0.001317,172.217.24.0-255,1484,59401,64,172521
31794,0.001321,172.31.40.0-255,66,59467,64,172521
31795,0.001328,172.217.24.0-255,2902,62369,64,172521
31796,0.00133,172.31.40.0-255,66,62435,64,172521
31797,0.001336,172.217.24.0-255,4320,66755,64,172521
31798,0.001339,172.31.40.0-255,66,66821,64,172521
31799,0.001357,172.217.24.0-255,1484,68305,64,172521
31800,0.001365,172.217.24.0-255,6797,75102,64,172521
31801,0.001368,172.31.40.0-255,66,75168,64,172521
31802,0.001402,172.217.24.0-255,2902,78070,64,172521
31803,0.001404,172.31.40.0-255,66,78136,64,172521
31804,0.001408,172.217.24.0-255,1484,79620,64,172521
31805,0.001426,172.217.24.0-255,2902,82522,64,172521
31806,0.001428,172.31.40.0-255,66,82588,64,172521
31807,0.001436,172.217.24.0-255,7156,89744,64,172521
31808,0.001438,172.31.40.0-255,66,89810,64,172521
31809,0.001453,172.217.24.0-255,1484,91294,64,172521
31810,0.001457,172.217.24.0-255,1125,92419,64,172521
31811,0.001459,172.31.40.0-255,66,92485,64,172521
31812,0.003462,172.217.24.0-255,1484,93969,64,172521
31813,0.003479,172.217.24.0-255,2902,96871,64,172521
31814,0.003483,172.31.40.0-255,66,96937,64,172521
31815,0.003488,172.217.24.0-255,1484,98421,64,172521
31816,0.00538,172.217.24.0-255,4320,102741,64,172521
31817,0.005385,172.31.40.0-255,66,102807,64,172521
31818,0.007278,172.217.24.0-255,5738,108545,64,172521
31819,0.007284,172.31.40.0-255,66,108611,64,172521
31820,0.009188,172.217.24.0-255,5738,114349,64,172521
31821,0.009196,172.31.40.0-255,66,114415,64,172521
31822,0.0111,172.217.24.0-255,5738,120153,64,172521
31823,0.011109,172.31.40.0-255,66,120219,64,172521
31824,0.013002,172.217.24.0-255,5738,125957,64,172521
31825,0.013009,172.31.40.0-255,66,126023,64,172521
31826,0.014893,172.217.24.0-255,1484,127507,64,172521
31827,0.014917,172.217.24.0-255,4320,131827,64,172521
31828,0.014922,172.31.40.0-255,66,131893,64,172521
31829,0.016816,172.217.24.0-255,5738,137631,64,172521
31830,0.016824,172.31.40.0-255,66,137697,64,172521
31831,0.018731,172.217.24.0-255,5738,143435,64,172521
31832,0.018744,172.31.40.0-255,66,143501,64,172521
31833,0.020674,172.217.24.0-255,5738,149239,64,172521
31834,0.020682,172.31.40.0-255,66,149305,64,172521
31835,0.022575,172.217.24.0-255,5738,155043,64,172521
31836,0.022582,172.31.40.0-255,66,155109,64,172521
31837,0.024476,172.217.24.0-255,5738,160847,64,172521
31838,0.024483,172.31.40.0-255,66,160913,64,172521
31839,0.026367,172.217.24.0-255,5738,166651,64,172521
31840,0.026376,172.31.40.0-255,66,166717,64,172521
31841,0.028274,172.217.24.0-255,5738,172455,64,172521
31842,0.028282,172.31.40.0-255,66,172521,64,172521
31843,0.0,74.125.24.0-255,146,146,64,273763
31844,2.3e-05,172.31.40.0-255,66,212,64,273763
31845,3.1e-05,74.125.24.0-255,1484,1696,64,273763
31846,3.5e-05,172.31.40.0-255,66,1762,64,273763
31847,4.1e-05,74.125.24.0-255,2902,4664,64,273763
31848,4.5e-05,172.31.40.0-255,66,4730,64,273763
31849,5.2e-05,74.125.24.0-255,7156,11886,64,273763
31850,5.5e-05,172.31.40.0-255,66,11952,64,273763
31851,7.8e-05,74.125.24.0-255,2075,14027,64,273763
31852,8.1e-05,172.31.40.0-255,66,14093,64,273763
31853,8.6e-05,74.125.24.0-255,2902,16995,64,273763
31854,8.9e-05,172.31.40.0-255,66,17061,64,273763
31855,0.00012,74.125.24.0-255,7156,24217,64,273763
31856,0.000123,172.31.40.0-255,66,24283,64,273763
31857,0.000147,74.125.24.0-255,6797,31080,64,273763
31858,0.00015,172.31.40.0-255,66,31146,64,273763
31859,0.000213,74.125.24.0-255,1484,32630,64,273763
31860,0.000216,172.31.40.0-255,66,32696,64,273763
31861,0.000231,74.125.24.0-255,2902,35598,64,273763
31862,0.000233,172.31.40.0-255,66,35664,64,273763
31863,0.000238,74.125.24.0-255,2902,38566,64,273763
31864,0.000241,172.31.40.0-255,66,38632,64,273763
31865,0.000265,74.125.24.0-255,2902,41534,64,273763
31866,0.000268,172.31.40.0-255,66,41600,64,273763
31867,0.000271,74.125.24.0-255,1484,43084,64,273763
31868,0.000273,172.31.40.0-255,66,43150,64,273763
31869,0.000307,172.31.40.0-255,66,43216,64,273763
31870,0.000327,74.125.24.0-255,2902,46118,64,273763
31871,0.000329,172.31.40.0-255,66,46184,64,273763
31872,0.000354,74.125.24.0-255,7072,53256,64,273763
31873,0.000357,172.31.40.0-255,66,53322,64,273763
31874,0.000359,74.125.24.0-255,127,53449,64,273763
31875,0.000362,172.31.40.0-255,66,53515,64,273763
31876,0.000374,74.125.24.0-255,350,53865,64,273763
31877,0.000376,172.31.40.0-255,66,53931,64,273763
31878,0.000729,74.125.24.0-255,1484,55415,64,273763
31879,0.000734,172.31.40.0-255,66,55481,64,273763
31880,0.000757,74.125.24.0-255,2902,58383,64,273763
31881,0.00076,172.31.40.0-255,66,58449,64,273763
31882,0.000766,74.125.24.0-255,5738,64187,64,273763
31883,0.000769,172.31.40.0-255,66,64253,64,273763
31884,0.000804,172.31.40.0-255,66,64319,64,273763
31885,0.000808,74.125.24.0-255,2902,67221,64,273763
31886,0.00081,172.31.40.0-255,66,67287,64,273763
31887,0.000828,74.125.24.0-255,5738,73025,64,273763
31888,0.00083,172.31.40.0-255,66,73091,64,273763
31889,0.000846,74.125.24.0-255,2184,75275,64,273763
31890,0.000849,172.31.40.0-255,66,75341,64,273763
31891,0.001006,74.125.24.0-255,1484,76825,64,273763
31892,0.001011,172.31.40.0-255,66,76891,64,273763
31893,0.001016,74.125.24.0-255,2902,79793,64,273763
31894,0.001019,172.31.40.0-255,66,79859,64,273763
31895,0.001025,74.125.24.0-255,5738,85597,64,273763
31896,0.001028,172.31.40.0-255,66,85663,64,273763
31897,0.001065,172.31.40.0-255,66,85729,64,273763
31898,0.001136,172.31.40.0-255,66,85795,64,273763
31899,0.001551,74.125.24.0-255,1484,87279,64,273763
31900,0.001557,172.31.40.0-255,66,87345,64,273763
31901,0.001562,74.125.24.0-255,2902,90247,64,273763
31902,0.001564,172.31.40.0-255,66,90313,64,273763
31903,0.001571,74.125.24.0-255,5738,96051,64,273763
31904,0.001573,172.31.40.0-255,66,96117,64,273763
31905,0.001598,74.125.24.0-255,4320,100437,64,273763
31906,0.001603,172.31.40.0-255,66,100503,64,273763
31907,0.001612,74.125.24.0-255,4320,104823,64,273763
31908,0.001614,172.31.40.0-255,66,104889,64,273763
31909,0.00164,74.125.24.0-255,4320,109209,64,273763
31910,0.001643,172.31.40.0-255,66,109275,64,273763
31911,0.001653,172.31.40.0-255,66,109341,64,273763
31912,0.001657,74.125.24.0-255,2184,111525,64,273763
31913,0.001674,172.31.40.0-255,66,111591,64,273763
31914,0.001687,74.125.24.0-255,2902,114493,64,273763
31915,0.001704,172.31.40.0-255,66,114559,64,273763
31916,0.001721,74.125.24.0-255,7156,121715,64,273763
31917,0.001728,74.125.24.0-255,5738,127453,64,273763
31918,0.001735,74.125.24.0-255,7156,134609,64,273763
31919,0.001763,74.125.24.0-255,7156,141765,64,273763
31920,0.001768,74.125.24.0-255,3602,145367,64,273763
31921,0.00177,172.31.40.0-255,66,145433,64,273763
31922,0.001782,172.31.40.0-255,66,145499,64,273763
31923,0.001829,74.125.24.0-255,1484,146983,64,273763
31924,0.001834,74.125.24.0-255,2902,149885,64,273763
31925,0.001852,74.125.24.0-255,2902,152787,64,273763
31926,0.001855,172.31.40.0-255,66,152853,64,273763
31927,0.001865,172.31.40.0-255,66,152919,64,273763
31928,0.001875,74.125.24.0-255,1484,154403,64,273763
31929,0.001895,74.125.24.0-255,2902,157305,64,273763
31930,0.001908,74.125.24.0-255,2902,160207,64,273763
31931,0.001927,74.125.24.0-255,7156,167363,64,273763
31932,0.001943,172.31.40.0-255,66,167429,64,273763
31933,0.001959,74.125.24.0-255,1484,168913,64,273763
31934,0.001981,74.125.24.0-255,2184,171097,64,273763
31935,0.001987,172.31.40.0-255,66,171163,64,273763
31936,0.002059,74.125.24.0-255,1484,172647,64,273763
31937,0.002064,74.125.24.0-255,2902,175549,64,273763
31938,0.002067,74.125.24.0-255,1484,177033,64,273763
31939,0.002077,172.31.40.0-255,66,177099,64,273763
31940,0.002088,74.125.24.0-255,4320,181419,64,273763
31941,0.002106,172.31.40.0-255,66,181485,64,273763
31942,0.00216,74.125.24.0-255,1484,182969,64,273763
31943,0.002169,172.31.40.0-255,66,183035,64,273763
31944,0.002179,74.125.24.0-255,2902,185937,64,273763
31945,0.002195,74.125.24.0-255,5738,191675,64,273763
31946,0.002212,74.125.24.0-255,4320,195995,64,273763
31947,0.002242,172.31.40.0-255,66,196061,64,273763
31948,0.002302,74.125.24.0-255,2184,198245,64,273763
31949,0.002324,172.31.40.0-255,66,198311,64,273763
31950,0.002345,74.125.24.0-255,5738,204049,64,273763
31951,0.002354,172.31.40.0-255,66,204115,64,273763
31952,0.004611,74.125.24.0-255,5738,209853,64,273763
31953,0.004618,172.31.40.0-255,66,209919,64,273763
31954,0.006879,74.125.24.0-255,5738,215657,64,273763
31955,0.006886,172.31.40.0-255,66,215723,64,273763
31956,0.009146,74.125.24.0-255,5738,221461,64,273763
31957,0.009154,172.31.40.0-255,66,221527,64,273763
31958,0.011428,74.125.24.0-255,5738,227265,64,273763
31959,0.011435,172.31.40.0-255,66,227331,64,273763
31960,0.013702,74.125.24.0-255,5738,233069,64,273763
31961,0.013711,172.31.40.0-255,66,233135,64,273763
31962,0.015988,74.125.24.0-255,5738,238873,64,273763
31963,0.015998,172.31.40.0-255,66,238939,64,273763
31964,0.018277,74.125.24.0-255,5738,244677,64,273763
31965,0.018285,172.31.40.0-255,66,244743,64,273763
31966,0.020536,74.125.24.0-255,5738,250481,64,273763
31967,0.020544,172.31.40.0-255,66,250547,64,273763
31968,0.022827,74.125.24.0-255,5738,256285,64,273763
31969,0.022838,172.31.40.0-255,66,256351,64,273763
31970,0.025103,74.125.24.0-255,5738,262089,64,273763
31971,0.025114,172.31.40.0-255,66,262155,64,273763
31972,0.02739,74.125.24.0-255,5738,267893,64,273763
31973,0.027398,172.31.40.0-255,66,267959,64,273763
31974,0.029642,74.125.24.0-255,5738,273697,64,273763
31975,0.029649,172.31.40.0-255,66,273763,64,273763
31976,0.0,172.217.194.0-255,146,146,64,164071
31977,2.5e-05,172.31.40.0-255,66,212,64,164071
31978,3.2e-05,172.217.194.0-255,1484,1696,64,164071
31979,3.7e-05,172.31.40.0-255,66,1762,64,164071
31980,5.9e-05,172.217.194.0-255,2902,4664,64,164071
31981,6.3e-05,172.31.40.0-255,66,4730,64,164071
31982,7.1e-05,172.217.194.0-255,7156,11886,64,164071
31983,7.5e-05,172.31.40.0-255,66,11952,64,164071
31984,7.9e-05,172.217.194.0-255,2100,14052,64,164071
31985,8.2e-05,172.31.40.0-255,66,14118,64,164071
31986,0.000164,172.217.194.0-255,1484,15602,64,164071
31987,0.000167,172.31.40.0-255,66,15668,64,164071
31988,0.000173,172.217.194.0-255,2902,18570,64,164071
31989,0.000175,172.31.40.0-255,66,18636,64,164071
31990,0.000198,172.217.194.0-255,5738,24374,64,164071
31991,0.000205,172.31.40.0-255,66,24440,64,164071
31992,0.000212,172.217.194.0-255,6797,31237,64,164071
31993,0.000214,172.31.40.0-255,66,31303,64,164071
31994,0.000596,172.217.194.0-255,1484,32787,64,164071
31995,0.000602,172.31.40.0-255,66,32853,64,164071
31996,0.000609,172.217.194.0-255,2902,35755,64,164071
31997,0.000611,172.31.40.0-255,66,35821,64,164071
31998,0.000622,172.217.194.0-255,5738,41559,64,164071
31999,0.000625,172.31.40.0-255,66,41625,64,164071
32000,0.000674,172.31.40.0-255,66,41691,64,164071
32001,0.000693,172.31.40.0-255,66,41757,64,164071
32002,0.000948,172.217.194.0-255,379,42136,64,164071
32003,0.000952,172.31.40.0-255,66,42202,64,164071
32004,0.000998,172.217.194.0-255,365,42567,64,164071
32005,0.001002,172.31.40.0-255,66,42633,64,164071
32006,0.001273,172.217.194.0-255,1484,44117,64,164071
32007,0.001278,172.31.40.0-255,66,44183,64,164071
32008,0.001286,172.217.194.0-255,2902,47085,64,164071
32009,0.001288,172.31.40.0-255,66,47151,64,164071
32010,0.0013,172.217.194.0-255,5738,52889,64,164071
32011,0.001302,172.31.40.0-255,66,52955,64,164071
32012,0.001341,172.31.40.0-255,66,53021,64,164071
32013,0.001357,172.31.40.0-255,66,53087,64,164071
32014,0.00136,172.217.194.0-255,766,53853,64,164071
32015,0.001362,172.31.40.0-255,66,53919,64,164071
32016,0.001844,172.217.194.0-255,1484,55403,64,164071
32017,0.00185,172.31.40.0-255,66,55469,64,164071
32018,0.001857,172.217.194.0-255,2902,58371,64,164071
32019,0.001859,172.31.40.0-255,66,58437,64,164071
32020,0.001863,172.217.194.0-255,1484,59921,64,164071
32021,0.00187,172.31.40.0-255,66,59987,64,164071
32022,0.001913,172.217.194.0-255,4320,64307,64,164071
32023,0.001916,172.31.40.0-255,66,64373,64,164071
32024,0.001927,172.31.40.0-255,66,64439,64,164071
32025,0.001935,172.217.194.0-255,1484,65923,64,164071
32026,0.001937,172.31.40.0-255,66,65989,64,164071
32027,0.002028,172.217.194.0-255,1484,67473,64,164071
32028,0.002034,172.217.194.0-255,2902,70375,64,164071
32029,0.002052,172.217.194.0-255,5738,76113,64,164071
32030,0.00207,172.217.194.0-255,2902,79015,64,164071
32031,0.002101,172.217.194.0-255,7156,86171,64,164071
32032,0.002122,172.217.194.0-255,3602,89773,64,164071
32033,0.002226,172.217.194.0-255,1484,91257,64,164071
32034,0.002244,172.217.194.0-255,2902,94159,64,164071
32035,0.002248,172.217.194.0-255,2902,97061,64,164071
32036,0.00226,172.217.194.0-255,2902,99963,64,164071
32037,0.002293,172.217.194.0-255,2902,102865,64,164071
32038,0.002312,172.217.194.0-255,4320,107185,64,164071
32039,0.005304,172.31.40.0-255,66,107251,64,164071
32040,0.007604,172.217.194.0-255,5738,112989,64,164071
32041,0.007611,172.31.40.0-255,66,113055,64,164071
32042,0.009834,172.217.194.0-255,4320,117375,64,164071
32043,0.009845,172.31.40.0-255,66,117441,64,164071
32044,0.009876,172.217.194.0-255,1484,118925,64,164071
32045,0.009879,172.31.40.0-255,66,118991,64,164071
32046,0.012111,172.217.194.0-255,4320,123311,64,164071
32047,0.01212,172.31.40.0-255,66,123377,64,164071
32048,0.012184,172.217.194.0-255,1484,124861,64,164071
32049,0.014375,172.217.194.0-255,4320,129181,64,164071
32050,0.014383,172.31.40.0-255,66,129247,64,164071
32051,0.016617,172.217.194.0-255,5738,134985,64,164071
32052,0.016674,172.31.40.0-255,66,135051,64,164071
32053,0.018924,172.217.194.0-255,5738,140789,64,164071
32054,0.01893,172.31.40.0-255,66,140855,64,164071
32055,0.021171,172.217.194.0-255,5738,146593,64,164071
32056,0.02118,172.31.40.0-255,66,146659,64,164071
32057,0.023412,172.217.194.0-255,5738,152397,64,164071
32058,0.023419,172.31.40.0-255,66,152463,64,164071
32059,0.025688,172.217.194.0-255,5738,158201,64,164071
32060,0.025698,172.31.40.0-255,66,158267,64,164071
32061,0.027945,172.217.194.0-255,5738,164005,64,164071
32062,0.027954,172.31.40.0-255,66,164071,64,164071
32063,0.0,74.125.24.0-255,146,146,64,201634
32064,2.3e-05,172.31.40.0-255,66,212,64,201634
32065,3.2e-05,74.125.24.0-255,1484,1696,64,201634
32066,3.7e-05,172.31.40.0-255,66,1762,64,201634
32067,5e-05,74.125.24.0-255,2902,4664,64,201634
32068,5.4e-05,172.31.40.0-255,66,4730,64,201634
32069,6.1e-05,74.125.24.0-255,5738,10468,64,201634
32070,6.4e-05,172.31.40.0-255,66,10534,64,201634
32071,7.1e-05,74.125.24.0-255,6295,16829,64,201634
32072,7.5e-05,172.31.40.0-255,66,16895,64,201634
32073,8.8e-05,172.31.40.0-255,66,16961,64,201634
32074,0.00012,74.125.24.0-255,5379,22340,64,201634
32075,0.000123,172.31.40.0-255,66,22406,64,201634
32076,0.000393,74.125.24.0-255,1484,23890,64,201634
32077,0.000396,172.31.40.0-255,66,23956,64,201634
32078,0.00042,74.125.24.0-255,2902,26858,64,201634
32079,0.000423,172.31.40.0-255,66,26924,64,201634
32080,0.00043,74.125.24.0-255,5738,32662,64,201634
32081,0.000432,172.31.40.0-255,66,32728,64,201634
32082,0.000469,172.31.40.0-255,66,32794,64,201634
32083,0.000523,172.31.40.0-255,66,32860,64,201634
32084,0.000546,74.125.24.0-255,2816,35676,64,201634
32085,0.000549,172.31.40.0-255,66,35742,64,201634
32086,0.000552,74.125.24.0-255,382,36124,64,201634
32087,0.000553,172.31.40.0-255,66,36190,64,201634
32088,0.000735,74.125.24.0-255,1484,37674,64,201634
32089,0.000738,172.31.40.0-255,66,37740,64,201634
32090,0.000743,74.125.24.0-255,2902,40642,64,201634
32091,0.000745,172.31.40.0-255,66,40708,64,201634
32092,0.000753,74.125.24.0-255,2902,43610,64,201634
32093,0.000783,74.125.24.0-255,2902,46512,64,201634
32094,0.000791,74.125.24.0-255,6797,53309,64,201634
32095,0.000794,74.125.24.0-255,1484,54793,64,201634
32096,0.000826,74.125.24.0-255,2543,57336,64,201634
32097,0.001032,74.125.24.0-255,1484,58820,64,201634
32098,0.001047,74.125.24.0-255,2902,61722,64,201634
32099,0.001065,74.125.24.0-255,5738,67460,64,201634
32100,0.001093,74.125.24.0-255,4320,71780,64,201634
32101,0.001118,74.125.24.0-255,2902,74682,64,201634
32102,0.001131,74.125.24.0-255,1484,76166,64,201634
32103,0.001153,74.125.24.0-255,4320,80486,64,201634
32104,0.001167,74.125.24.0-255,2184,82670,64,201634
32105,0.001215,74.125.24.0-255,1484,84154,64,201634
32106,0.001234,74.125.24.0-255,2902,87056,64,201634
32107,0.001256,74.125.24.0-255,2902,89958,64,201634
32108,0.001267,74.125.24.0-255,1484,91442,64,201634
32109,0.001274,74.125.24.0-255,5738,97180,64,201634
32110,0.001307,74.125.24.0-255,4320,101500,64,201634
32111,0.001352,74.125.24.0-255,5738,107238,64,201634
32112,0.001391,74.125.24.0-255,1484,108722,64,201634
32113,0.001411,74.125.24.0-255,5738,114460,64,201634
32114,0.001415,74.125.24.0-255,2184,116644,64,201634
32115,0.001632,74.125.24.0-255,1484,118128,64,201634
32116,0.001655,74.125.24.0-255,2902,121030,64,201634
32117,0.001658,74.125.24.0-255,1484,122514,64,201634
32118,0.001683,74.125.24.0-255,1484,123998,64,201634
32119,0.001712,74.125.24.0-255,4320,128318,64,201634
32120,0.001729,74.125.24.0-255,4320,132638,64,201634
32121,0.001789,74.125.24.0-255,5020,137658,64,201634
32122,0.00186,172.31.40.0-255,66,137724,64,201634
32123,0.003934,74.125.24.0-255,5738,143462,64,201634
32124,0.003942,172.31.40.0-255,66,143528,64,201634
32125,0.005993,74.125.24.0-255,4320,147848,64,201634
32126,0.006015,74.125.24.0-255,1484,149332,64,201634
32127,0.009354,172.31.40.0-255,66,149398,64,201634
32128,0.01141,74.125.24.0-255,5738,155136,64,201634
32129,0.011418,172.31.40.0-255,66,155202,64,201634
32130,0.013467,74.125.24.0-255,5738,160940,64,201634
32131,0.013902,172.31.40.0-255,66,161006,64,201634
32132,0.015972,74.125.24.0-255,5738,166744,64,201634
32133,0.015983,172.31.40.0-255,66,166810,64,201634
32134,0.018051,74.125.24.0-255,5738,172548,64,201634
32135,0.018059,172.31.40.0-255,66,172614,64,201634
32136,0.020109,74.125.24.0-255,5738,178352,64,201634
32137,0.020116,172.31.40.0-255,66,178418,64,201634
32138,0.022183,74.125.24.0-255,5738,184156,64,201634
32139,0.02219,172.31.40.0-255,66,184222,64,201634
32140,0.024244,74.125.24.0-255,5738,189960,64,201634
32141,0.024252,172.31.40.0-255,66,190026,64,201634
32142,0.026294,74.125.24.0-255,5738,195764,64,201634
32143,0.026301,172.31.40.0-255,66,195830,64,201634
32144,0.028361,74.125.24.0-255,5738,201568,64,201634
32145,0.029886,172.31.40.0-255,66,201634,64,201634
32146,0.0,172.217.194.0-255,153,153,64,215677
32147,2.1e-05,172.31.40.0-255,66,219,64,215677
32148,2.8e-05,172.217.194.0-255,1484,1703,64,215677
32149,3.2e-05,172.31.40.0-255,66,1769,64,215677
32150,3.7e-05,172.217.194.0-255,2902,4671,64,215677
32151,3.9e-05,172.31.40.0-255,66,4737,64,215677
32152,4.6e-05,172.217.194.0-255,7156,11893,64,215677
32153,4.8e-05,172.31.40.0-255,66,11959,64,215677
32154,5.2e-05,172.217.194.0-255,2028,13987,64,215677
32155,5.4e-05,172.31.40.0-255,66,14053,64,215677
32156,8e-05,172.217.194.0-255,2902,16955,64,215677
32157,8.3e-05,172.31.40.0-255,66,17021,64,215677
32158,8.5e-05,172.217.194.0-255,1484,18505,64,215677
32159,8.7e-05,172.31.40.0-255,66,18571,64,215677
32160,0.000107,172.217.194.0-255,5738,24309,64,215677
32161,0.00011,172.31.40.0-255,66,24375,64,215677
32162,0.000116,172.217.194.0-255,5738,30113,64,215677
32163,0.000118,172.31.40.0-255,66,30179,64,215677
32164,0.000164,172.217.194.0-255,1484,31663,64,215677
32165,0.000166,172.31.40.0-255,66,31729,64,215677
32166,0.000197,172.31.40.0-255,66,31795,64,215677
32167,0.000201,172.217.194.0-255,2543,34338,64,215677
32168,0.000203,172.31.40.0-255,66,34404,64,215677
32169,0.000493,172.217.194.0-255,1484,35888,64,215677
32170,0.000498,172.31.40.0-255,66,35954,64,215677
32171,0.000518,172.217.194.0-255,2902,38856,64,215677
32172,0.000521,172.31.40.0-255,66,38922,64,215677
32173,0.000527,172.217.194.0-255,5738,44660,64,215677
32174,0.000528,172.31.40.0-255,66,44726,64,215677
32175,0.000569,172.217.194.0-255,7156,51882,64,215677
32176,0.000573,172.31.40.0-255,66,51948,64,215677
32177,0.00059,172.217.194.0-255,286,52234,64,215677
32178,0.000632,172.217.194.0-255,5738,57972,64,215677
32179,0.000635,172.31.40.0-255,66,58038,64,215677
32180,0.000641,172.217.194.0-255,5738,63776,64,215677
32181,0.000643,172.31.40.0-255,66,63842,64,215677
32182,0.000654,172.217.194.0-255,1484,65326,64,215677
32183,0.000668,172.217.194.0-255,7156,72482,64,215677
32184,0.00067,172.31.40.0-255,66,72548,64,215677
32185,0.000705,172.31.40.0-255,66,72614,64,215677
32186,0.000711,172.217.194.0-255,5379,77993,64,215677
32187,0.000713,172.31.40.0-255,66,78059,64,215677
32188,0.000743,172.217.194.0-255,2902,80961,64,215677
32189,0.000745,172.31.40.0-255,66,81027,64,215677
32190,0.000766,172.31.40.0-255,66,81093,64,215677
32191,0.000793,172.217.194.0-255,4716,85809,64,215677
32192,0.000795,172.31.40.0-255,66,85875,64,215677
32193,0.000798,172.217.194.0-255,212,86087,64,215677
32194,0.001036,172.217.194.0-255,1484,87571,64,215677
32195,0.00104,172.31.40.0-255,66,87637,64,215677
32196,0.001045,172.217.194.0-255,2902,90539,64,215677
32197,0.001046,172.31.40.0-255,66,90605,64,215677
32198,0.001049,172.217.194.0-255,1484,92089,64,215677
32199,0.001066,172.217.194.0-255,4320,96409,64,215677
32200,0.001068,172.31.40.0-255,66,96475,64,215677
32201,0.00107,172.217.194.0-255,1484,97959,64,215677
32202,0.001092,172.31.40.0-255,66,98025,64,215677
32203,0.00111,172.217.194.0-255,2902,100927,64,215677
32204,0.001112,172.31.40.0-255,66,100993,64,215677
32205,0.001124,172.31.40.0-255,66,101059,64,215677
32206,0.001408,172.217.194.0-255,1484,102543,64,215677
32207,0.001413,172.217.194.0-255,2902,105445,64,215677
32208,0.001416,172.31.40.0-255,66,105511,64,215677
32209,0.001421,172.217.194.0-255,4320,109831,64,215677
32210,0.001423,172.31.40.0-255,66,109897,64,215677
32211,0.00145,172.217.194.0-255,1484,111381,64,215677
32212,0.001461,172.31.40.0-255,66,111447,64,215677
32213,0.001477,172.217.194.0-255,2902,114349,64,215677
32214,0.001479,172.31.40.0-255,66,114415,64,215677
32215,0.001481,172.217.194.0-255,1484,115899,64,215677
32216,0.001534,172.217.194.0-255,7156,123055,64,215677
32217,0.001537,172.31.40.0-255,66,123121,64,215677
32218,0.001556,172.217.194.0-255,2184,125305,64,215677
32219,0.001558,172.31.40.0-255,66,125371,64,215677
32220,0.00158,172.217.194.0-255,7156,132527,64,215677
32221,0.001582,172.31.40.0-255,66,132593,64,215677
32222,0.001594,172.217.194.0-255,2902,135495,64,215677
32223,0.001596,172.31.40.0-255,66,135561,64,215677
32224,0.001628,172.31.40.0-255,66,135627,64,215677
32225,0.001647,172.217.194.0-255,4320,139947,64,215677
32226,0.001649,172.31.40.0-255,66,140013,64,215677
32227,0.001699,172.217.194.0-255,4320,144333,64,215677
32228,0.001702,172.31.40.0-255,66,144399,64,215677
32229,0.001729,172.217.194.0-255,6438,150837,64,215677
32230,0.001732,172.31.40.0-255,66,150903,64,215677
32231,0.001776,172.217.194.0-255,1484,152387,64,215677
32232,0.001781,172.217.194.0-255,2902,155289,64,215677
32233,0.001784,172.31.40.0-255,66,155355,64,215677
32234,0.001791,172.217.194.0-255,5738,161093,64,215677
32235,0.001793,172.31.40.0-255,66,161159,64,215677
32236,0.00185,172.31.40.0-255,66,161225,64,215677
32237,0.001868,172.217.194.0-255,2902,164127,64,215677
32238,0.00187,172.31.40.0-255,66,164193,64,215677
32239,0.001887,172.31.40.0-255,66,164259,64,215677
32240,0.0019,172.31.40.0-255,66,164325,64,215677
32241,0.001919,172.31.40.0-255,66,164391,64,215677
32242,0.001923,172.217.194.0-255,2184,166575,64,215677
32243,0.001925,172.31.40.0-255,66,166641,64,215677
32244,0.001945,172.217.194.0-255,2902,169543,64,215677
32245,0.001948,172.31.40.0-255,66,169609,64,215677
32246,0.001951,172.217.194.0-255,1484,171093,64,215677
32247,0.001969,172.217.194.0-255,5738,176831,64,215677
32248,0.001972,172.31.40.0-255,66,176897,64,215677
32249,0.002001,172.31.40.0-255,66,176963,64,215677
32250,0.002026,172.217.194.0-255,4320,181283,64,215677
32251,0.002029,172.31.40.0-255,66,181349,64,215677
32252,0.002043,172.31.40.0-255,66,181415,64,215677
32253,0.002079,172.31.40.0-255,66,181481,64,215677
32254,0.002085,172.217.194.0-255,4320,185801,64,215677
32255,0.002087,172.31.40.0-255,66,185867,64,215677
32256,0.002105,172.217.194.0-255,5738,191605,64,215677
32257,0.002107,172.31.40.0-255,66,191671,64,215677
32258,0.002115,172.217.194.0-255,7156,198827,64,215677
32259,0.002117,172.31.40.0-255,66,198893,64,215677
32260,0.002151,172.31.40.0-255,66,198959,64,215677
32261,0.002171,172.217.194.0-255,4320,203279,64,215677
32262,0.00218,172.31.40.0-255,66,203345,64,215677
32263,0.002193,172.31.40.0-255,66,203411,64,215677
32264,0.0022,172.217.194.0-255,5738,209149,64,215677
32265,0.002202,172.31.40.0-255,66,209215,64,215677
32266,0.002236,172.31.40.0-255,66,209281,64,215677
32267,0.002246,172.31.40.0-255,66,209347,64,215677
32268,0.002258,172.31.40.0-255,66,209413,64,215677
32269,0.002263,172.217.194.0-255,4320,213733,64,215677
32270,0.002266,172.31.40.0-255,66,213799,64,215677
32271,0.002283,172.217.194.0-255,1419,215218,64,215677
32272,0.002298,172.217.194.0-255,105,215323,64,215677
32273,0.01297,172.217.194.0-255,105,215428,64,215677
32274,0.01299,172.31.40.0-255,78,215506,64,215677
32275,0.020451,172.31.40.0-255,105,215611,64,215677
32276,0.022993,172.217.194.0-255,66,215677,64,215677
32277,0.0,172.31.40.0-255,105,105,64,459
32278,0.00015,172.31.40.0-255,90,195,64,459
32279,0.000159,172.31.40.0-255,66,261,64,459
32280,0.002303,74.125.68.0-255,66,327,64,459
32281,0.002313,74.125.68.0-255,66,393,64,459
32282,0.00232,172.31.40.0-255,66,459,64,459
32283,0.0,74.125.24.0-255,152,152,64,222183
32284,1.6e-05,172.31.40.0-255,66,218,64,222183
32285,2.3e-05,74.125.24.0-255,1484,1702,64,222183
32286,2.6e-05,172.31.40.0-255,66,1768,64,222183
32287,3.1e-05,74.125.24.0-255,2902,4670,64,222183
32288,4.2e-05,172.31.40.0-255,66,4736,64,222183
32289,4.9e-05,74.125.24.0-255,5738,10474,64,222183
32290,5.2e-05,172.31.40.0-255,66,10540,64,222183
32291,7.1e-05,74.125.24.0-255,1484,12024,64,222183
32292,7.4e-05,172.31.40.0-255,66,12090,64,222183
32293,8.8e-05,172.31.40.0-255,66,12156,64,222183
32294,0.000117,74.125.24.0-255,3400,15556,64,222183
32295,0.000119,172.31.40.0-255,66,15622,64,222183
32296,0.000127,74.125.24.0-255,6797,22419,64,222183
32297,0.00013,172.31.40.0-255,66,22485,64,222183
32298,0.000204,74.125.24.0-255,1484,23969,64,222183
32299,0.000207,172.31.40.0-255,66,24035,64,222183
32300,0.000211,74.125.24.0-255,1484,25519,64,222183
32301,0.000213,172.31.40.0-255,66,25585,64,222183
32302,0.000237,74.125.24.0-255,1484,27069,64,222183
32303,0.000239,172.31.40.0-255,66,27135,64,222183
32304,0.000247,74.125.24.0-255,5738,32873,64,222183
32305,0.000249,172.31.40.0-255,66,32939,64,222183
32306,0.000255,74.125.24.0-255,5738,38677,64,222183
32307,0.000258,172.31.40.0-255,66,38743,64,222183
32308,0.000304,172.31.40.0-255,66,38809,64,222183
32309,0.000337,74.125.24.0-255,5355,44164,64,222183
32310,0.00034,172.31.40.0-255,66,44230,64,222183
32311,0.000343,74.125.24.0-255,109,44339,64,222183
32312,0.000346,172.31.40.0-255,66,44405,64,222183
32313,0.00062,74.125.24.0-255,1484,45889,64,222183
32314,0.000628,74.125.24.0-255,2902,48791,64,222183
32315,0.000632,172.31.40.0-255,66,48857,64,222183
32316,0.000639,74.125.24.0-255,5738,54595,64,222183
32317,0.000642,172.31.40.0-255,66,54661,64,222183
32318,0.000674,172.31.40.0-255,66,54727,64,222183
32319,0.000703,74.125.24.0-255,1484,56211,64,222183
32320,0.000716,172.31.40.0-255,66,56277,64,222183
32321,0.000719,74.125.24.0-255,766,57043,64,222183
32322,0.001316,172.31.40.0-255,66,57109,64,222183
32323,0.001656,74.125.24.0-255,329,57438,64,222183
32324,0.001692,74.125.24.0-255,1484,58922,64,222183
32325,0.001696,172.31.40.0-255,66,58988,64,222183
32326,0.001702,74.125.24.0-255,4320,63308,64,222183
32327,0.001704,172.31.40.0-255,66,63374,64,222183
32328,0.001741,74.125.24.0-255,5738,69112,64,222183
32329,0.001744,172.31.40.0-255,66,69178,64,222183
32330,0.001747,74.125.24.0-255,1484,70662,64,222183
32331,0.001773,74.125.24.0-255,5738,76400,64,222183
32332,0.001775,172.31.40.0-255,66,76466,64,222183
32333,0.001787,74.125.24.0-255,4320,80786,64,222183
32334,0.001789,172.31.40.0-255,66,80852,64,222183
32335,0.001823,172.31.40.0-255,66,80918,64,222183
32336,0.001826,74.125.24.0-255,766,81684,64,222183
32337,0.002047,74.125.24.0-255,1484,83168,64,222183
32338,0.002052,172.31.40.0-255,66,83234,64,222183
32339,0.002058,74.125.24.0-255,2902,86136,64,222183
32340,0.002059,172.31.40.0-255,66,86202,64,222183
32341,0.002104,74.125.24.0-255,5738,91940,64,222183
32342,0.002107,172.31.40.0-255,66,92006,64,222183
32343,0.002133,74.125.24.0-255,7156,99162,64,222183
32344,0.002135,172.31.40.0-255,66,99228,64,222183
32345,0.00216,74.125.24.0-255,4320,103548,64,222183
32346,0.002162,172.31.40.0-255,66,103614,64,222183
32347,0.002199,172.31.40.0-255,66,103680,64,222183
32348,0.002219,74.125.24.0-255,2184,105864,64,222183
32349,0.002221,172.31.40.0-255,66,105930,64,222183
32350,0.002353,74.125.24.0-255,1484,107414,64,222183
32351,0.002358,74.125.24.0-255,2902,110316,64,222183
32352,0.00236,172.31.40.0-255,66,110382,64,222183
32353,0.002388,74.125.24.0-255,2902,113284,64,222183
32354,0.00239,172.31.40.0-255,66,113350,64,222183
32355,0.002413,74.125.24.0-255,4320,117670,64,222183
32356,0.002415,172.31.40.0-255,66,117736,64,222183
32357,0.00244,74.125.24.0-255,1484,119220,64,222183
32358,0.002445,74.125.24.0-255,2902,122122,64,222183
32359,0.002447,172.31.40.0-255,66,122188,64,222183
32360,0.002477,74.125.24.0-255,5738,127926,64,222183
32361,0.002479,172.31.40.0-255,66,127992,64,222183
32362,0.002502,74.125.24.0-255,4320,132312,64,222183
32363,0.002504,172.31.40.0-255,66,132378,64,222183
32364,0.002533,74.125.24.0-255,7156,139534,64,222183
32365,0.002536,172.31.40.0-255,66,139600,64,222183
32366,0.002543,74.125.24.0-255,6438,146038,64,222183
32367,0.002546,172.31.40.0-255,66,146104,64,222183
32368,0.002554,74.125.24.0-255,7156,153260,64,222183
32369,0.002556,172.31.40.0-255,66,153326,64,222183
32370,0.0026,172.31.40.0-255,66,153392,64,222183
32371,0.002604,74.125.24.0-255,2902,156294,64,222183
32372,0.002607,172.31.40.0-255,66,156360,64,222183
32373,0.002636,74.125.24.0-255,2184,158544,64,222183
32374,0.002639,172.31.40.0-255,66,158610,64,222183
32375,0.005202,74.125.24.0-255,2902,161512,64,222183
32376,0.005205,172.31.40.0-255,66,161578,64,222183
32377,0.005232,74.125.24.0-255,2902,164480,64,222183
32378,0.005234,172.31.40.0-255,66,164546,64,222183
32379,0.007809,74.125.24.0-255,2902,167448,64,222183
32380,0.007816,172.31.40.0-255,66,167514,64,222183
32381,0.007836,74.125.24.0-255,2902,170416,64,222183
32382,0.007841,172.31.40.0-255,66,170482,64,222183
32383,0.01041,74.125.24.0-255,2902,173384,64,222183
32384,0.010417,172.31.40.0-255,66,173450,64,222183
32385,0.010451,74.125.24.0-255,2902,176352,64,222183
32386,0.010454,172.31.40.0-255,66,176418,64,222183
32387,0.013001,74.125.24.0-255,2902,179320,64,222183
32388,0.013011,172.31.40.0-255,66,179386,64,222183
32389,0.013033,74.125.24.0-255,2902,182288,64,222183
32390,0.013036,172.31.40.0-255,66,182354,64,222183
32391,0.015636,74.125.24.0-255,5738,188092,64,222183
32392,0.015645,172.31.40.0-255,66,188158,64,222183
32393,0.018245,74.125.24.0-255,5738,193896,64,222183
32394,0.018252,172.31.40.0-255,66,193962,64,222183
32395,0.020848,74.125.24.0-255,5738,199700,64,222183
32396,0.020857,172.31.40.0-255,66,199766,64,222183
32397,0.023474,74.125.24.0-255,5738,205504,64,222183
32398,0.023483,172.31.40.0-255,66,205570,64,222183
32399,0.026093,74.125.24.0-255,5738,211308,64,222183
32400,0.026101,172.31.40.0-255,66,211374,64,222183
32401,0.02847,172.31.40.0-255,172,211546,64,222183
32402,0.0285,172.31.40.0-255,1111,212657,64,222183
32403,0.028555,172.31.40.0-255,1514,214171,64,222183
32404,0.028557,172.31.40.0-255,1514,215685,64,222183
32405,0.028558,172.31.40.0-255,694,216379,64,222183
32406,0.028685,74.125.24.0-255,5738,222117,64,222183
32407,0.028691,172.31.40.0-255,66,222183,64,222183
32408,0.0,172.217.194.0-255,154,154,64,168612
32409,1.9e-05,172.31.40.0-255,66,220,64,168612
32410,2.6e-05,172.217.194.0-255,1484,1704,64,168612
32411,3e-05,172.31.40.0-255,66,1770,64,168612
32412,3.6e-05,172.217.194.0-255,2902,4672,64,168612
32413,4e-05,172.31.40.0-255,66,4738,64,168612
32414,4.8e-05,172.217.194.0-255,7156,11894,64,168612
32415,5.1e-05,172.31.40.0-255,66,11960,64,168612
32416,7.6e-05,172.217.194.0-255,7156,19116,64,168612
32417,7.9e-05,172.31.40.0-255,66,19182,64,168612
32418,0.000106,172.31.40.0-255,66,19248,64,168612
32419,0.000109,172.217.194.0-255,2543,21791,64,168612
32420,0.000112,172.31.40.0-255,66,21857,64,168612
32421,0.000115,172.217.194.0-255,1484,23341,64,168612
32422,0.000117,172.31.40.0-255,66,23407,64,168612
32423,0.000161,172.31.40.0-255,66,23473,64,168612
32424,0.001041,172.217.194.0-255,1484,24957,64,168612
32425,0.001047,172.31.40.0-255,66,25023,64,168612
32426,0.001058,172.217.194.0-255,2902,27925,64,168612
32427,0.001061,172.31.40.0-255,66,27991,64,168612
32428,0.001068,172.217.194.0-255,5738,33729,64,168612
32429,0.00107,172.31.40.0-255,66,33795,64,168612
32430,0.001134,172.31.40.0-255,66,33861,64,168612
32431,0.001146,172.31.40.0-255,66,33927,64,168612
32432,0.001159,172.31.40.0-255,66,33993,64,168612
32433,0.001204,172.217.194.0-255,6797,40790,64,168612
32434,0.001209,172.31.40.0-255,66,40856,64,168612
32435,0.001405,172.217.194.0-255,1484,42340,64,168612
32436,0.001424,172.217.194.0-255,2902,45242,64,168612
32437,0.001428,172.31.40.0-255,66,45308,64,168612
32438,0.001434,172.217.194.0-255,5738,51046,64,168612
32439,0.001436,172.31.40.0-255,66,51112,64,168612
32440,0.001493,172.217.194.0-255,6234,57346,64,168612
32441,0.001496,172.31.40.0-255,66,57412,64,168612
32442,0.002,172.217.194.0-255,1484,58896,64,168612
32443,0.00201,172.217.194.0-255,2902,61798,64,168612
32444,0.002027,172.31.40.0-255,66,61864,64,168612
32445,0.002035,172.217.194.0-255,5738,67602,64,168612
32446,0.002037,172.31.40.0-255,66,67668,64,168612
32447,0.002044,172.217.194.0-255,5738,73406,64,168612
32448,0.002046,172.31.40.0-255,66,73472,64,168612
32449,0.002077,172.217.194.0-255,7156,80628,64,168612
32450,0.00208,172.31.40.0-255,66,80694,64,168612
32451,0.002092,172.31.40.0-255,66,80760,64,168612
32452,0.002182,172.217.194.0-255,1484,82244,64,168612
32453,0.002188,172.217.194.0-255,2902,85146,64,168612
32454,0.002191,172.31.40.0-255,66,85212,64,168612
32455,0.002215,172.217.194.0-255,5738,90950,64,168612
32456,0.002217,172.31.40.0-255,66,91016,64,168612
32457,0.002221,172.217.194.0-255,1484,92500,64,168612
32458,0.002245,172.31.40.0-255,66,92566,64,168612
32459,0.002266,172.217.194.0-255,2902,95468,64,168612
32460,0.002268,172.31.40.0-255,66,95534,64,168612
32461,0.002281,172.31.40.0-255,66,95600,64,168612
32462,0.002485,172.217.194.0-255,1484,97084,64,168612
32463,0.002491,172.217.194.0-255,2902,99986,64,168612
32464,0.002494,172.31.40.0-255,66,100052,64,168612
32465,0.002514,172.217.194.0-255,2902,102954,64,168612
32466,0.002517,172.31.40.0-255,66,103020,64,168612
32467,0.002527,172.217.194.0-255,2902,105922,64,168612
32468,0.002529,172.31.40.0-255,66,105988,64,168612
32469,0.002534,172.217.194.0-255,2902,108890,64,168612
32470,0.002536,172.31.40.0-255,66,108956,64,168612
32471,0.00256,172.31.40.0-255,66,109022,64,168612
32472,0.002596,172.217.194.0-255,1484,110506,64,168612
32473,0.002622,172.31.40.0-255,66,110572,64,168612
32474,0.005227,172.217.194.0-255,5738,116310,64,168612
32475,0.005234,172.31.40.0-255,66,116376,64,168612
32476,0.007842,172.217.194.0-255,5738,122114,64,168612
32477,0.007848,172.31.40.0-255,66,122180,64,168612
32478,0.010457,172.217.194.0-255,5738,127918,64,168612
32479,0.010464,172.31.40.0-255,66,127984,64,168612
32480,0.013104,172.217.194.0-255,5738,133722,64,168612
32481,0.013112,172.31.40.0-255,66,133788,64,168612
32482,0.015717,172.217.194.0-255,5738,139526,64,168612
32483,0.015725,172.31.40.0-255,66,139592,64,168612
32484,0.018328,172.217.194.0-255,5738,145330,64,168612
32485,0.018335,172.31.40.0-255,66,145396,64,168612
32486,0.020961,172.217.194.0-255,5738,151134,64,168612
32487,0.02097,172.31.40.0-255,66,151200,64,168612
32488,0.023592,172.217.194.0-255,5738,156938,64,168612
32489,0.023609,172.31.40.0-255,66,157004,64,168612
32490,0.026216,172.217.194.0-255,5738,162742,64,168612
32491,0.02623,172.31.40.0-255,66,162808,64,168612
32492,0.028863,172.217.194.0-255,5738,168546,64,168612
32493,0.02888,172.31.40.0-255,66,168612,64,168612
32494,0.0,74.125.68.0-255,152,152,64,272550
32495,1.6e-05,172.31.40.0-255,66,218,64,272550
32496,2.3e-05,74.125.68.0-255,1484,1702,64,272550
32497,2.8e-05,172.31.40.0-255,66,1768,64,272550
32498,6.8e-05,74.125.68.0-255,2902,4670,64,272550
32499,7.6e-05,172.31.40.0-255,66,4736,64,272550
32500,8.4e-05,74.125.68.0-255,5738,10474,64,272550
32501,8.7e-05,172.31.40.0-255,66,10540,64,272550
32502,0.000123,74.125.68.0-255,3429,13969,64,272550
32503,0.000126,172.31.40.0-255,66,14035,64,272550
32504,0.000259,74.125.68.0-255,1484,15519,64,272550
32505,0.000264,172.31.40.0-255,66,15585,64,272550
32506,0.00027,74.125.68.0-255,2902,18487,64,272550
32507,0.000272,172.31.40.0-255,66,18553,64,272550
32508,0.000277,74.125.68.0-255,2902,21455,64,272550
32509,0.000285,172.31.40.0-255,66,21521,64,272550
32510,0.000291,74.125.68.0-255,4320,25841,64,272550
32511,0.000293,172.31.40.0-255,66,25907,64,272550
32512,0.000316,74.125.68.0-255,1484,27391,64,272550
32513,0.000318,172.31.40.0-255,66,27457,64,272550
32514,0.000352,172.31.40.0-255,66,27523,64,272550
32515,0.000358,74.125.68.0-255,4320,31843,64,272550
32516,0.00036,172.31.40.0-255,66,31909,64,272550
32517,0.000395,74.125.68.0-255,5738,37647,64,272550
32518,0.000397,172.31.40.0-255,66,37713,64,272550
32519,0.000402,74.125.68.0-255,2902,40615,64,272550
32520,0.000403,172.31.40.0-255,66,40681,64,272550
32521,0.000408,74.125.68.0-255,2902,43583,64,272550
32522,0.00041,172.31.40.0-255,66,43649,64,272550
32523,0.000454,172.31.40.0-255,66,43715,64,272550
32524,0.000458,74.125.68.0-255,2184,45899,64,272550
32525,0.000478,74.125.68.0-255,402,46301,64,272550
32526,0.00053,74.125.68.0-255,111,46412,64,272550
32527,0.000583,172.31.40.0-255,66,46478,64,272550
32528,0.000738,74.125.68.0-255,1484,47962,64,272550
32529,0.000755,74.125.68.0-255,2902,50864,64,272550
32530,0.000779,74.125.68.0-255,1484,52348,64,272550
32531,0.000783,172.31.40.0-255,66,52414,64,272550
32532,0.000794,74.125.68.0-255,2902,55316,64,272550
32533,0.000804,172.31.40.0-255,66,55382,64,272550
32534,0.000843,74.125.68.0-255,5738,61120,64,272550
32535,0.000847,74.125.68.0-255,1484,62604,64,272550
32536,0.00085,74.125.68.0-255,2902,65506,64,272550
32537,0.000863,172.31.40.0-255,66,65572,64,272550
32538,0.000873,74.125.68.0-255,5738,71310,64,272550
32539,0.000882,74.125.68.0-255,2902,74212,64,272550
32540,0.000887,172.31.40.0-255,66,74278,64,272550
32541,0.000915,74.125.68.0-255,4320,78598,64,272550
32542,0.000923,172.31.40.0-255,66,78664,64,272550
32543,0.000942,74.125.68.0-255,2184,80848,64,272550
32544,0.00096,172.31.40.0-255,66,80914,64,272550
32545,0.001006,74.125.68.0-255,1484,82398,64,272550
32546,0.00102,74.125.68.0-255,2902,85300,64,272550
32547,0.001023,74.125.68.0-255,1484,86784,64,272550
32548,0.001032,172.31.40.0-255,66,86850,64,272550
32549,0.001049,74.125.68.0-255,2902,89752,64,272550
32550,0.001056,74.125.68.0-255,5738,95490,64,272550
32551,0.001076,172.31.40.0-255,66,95556,64,272550
32552,0.001086,74.125.68.0-255,2902,98458,64,272550
32553,0.001171,172.31.40.0-255,66,98524,64,272550
32554,0.001199,74.125.68.0-255,2902,101426,64,272550
32555,0.001212,74.125.68.0-255,4320,105746,64,272550
32556,0.001216,172.31.40.0-255,66,105812,64,272550
32557,0.001256,74.125.68.0-255,2902,108714,64,272550
32558,0.001267,74.125.68.0-255,1484,110198,64,272550
32559,0.001291,172.31.40.0-255,66,110264,64,272550
32560,0.001296,172.31.40.0-255,66,110330,64,272550
32561,0.001303,74.125.68.0-255,1484,111814,64,272550
32562,0.001311,74.125.68.0-255,2184,113998,64,272550
32563,0.001341,172.31.40.0-255,66,114064,64,272550
32564,0.001498,74.125.68.0-255,1484,115548,64,272550
32565,0.001512,74.125.68.0-255,1484,117032,64,272550
32566,0.001523,172.31.40.0-255,66,117098,64,272550
32567,0.001527,74.125.68.0-255,1484,118582,64,272550
32568,0.001555,74.125.68.0-255,5738,124320,64,272550
32569,0.001566,172.31.40.0-255,66,124386,64,272550
32570,0.001601,74.125.68.0-255,7156,131542,64,272550
32571,0.001609,172.31.40.0-255,66,131608,64,272550
32572,0.001631,74.125.68.0-255,5738,137346,64,272550
32573,0.001643,74.125.68.0-255,2902,140248,64,272550
32574,0.001648,74.125.68.0-255,4320,144568,64,272550
32575,0.001662,74.125.68.0-255,1484,146052,64,272550
32576,0.001665,172.31.40.0-255,66,146118,64,272550
32577,0.001697,74.125.68.0-255,2184,148302,64,272550
32578,0.001707,172.31.40.0-255,66,148368,64,272550
32579,0.001783,74.125.68.0-255,1484,149852,64,272550
32580,0.001799,74.125.68.0-255,1484,151336,64,272550
32581,0.001816,172.31.40.0-255,66,151402,64,272550
32582,0.001821,74.125.68.0-255,2902,154304,64,272550
32583,0.001827,172.31.40.0-255,66,154370,64,272550
32584,0.001849,74.125.68.0-255,5738,160108,64,272550
32585,0.001868,172.31.40.0-255,66,160174,64,272550
32586,0.001897,74.125.68.0-255,7156,167330,64,272550
32587,0.001903,74.125.68.0-255,5738,173068,64,272550
32588,0.001915,74.125.68.0-255,1484,174552,64,272550
32589,0.001918,172.31.40.0-255,66,174618,64,272550
32590,0.001951,74.125.68.0-255,5738,180356,64,272550
32591,0.001954,74.125.68.0-255,2184,182540,64,272550
32592,0.001976,172.31.40.0-255,66,182606,64,272550
32593,0.002072,74.125.68.0-255,1484,184090,64,272550
32594,0.002078,74.125.68.0-255,2902,186992,64,272550
32595,0.002084,172.31.40.0-255,66,187058,64,272550
32596,0.002095,74.125.68.0-255,2902,189960,64,272550
32597,0.002111,74.125.68.0-255,2902,192862,64,272550
32598,0.002138,74.125.68.0-255,7156,200018,64,272550
32599,0.002141,172.31.40.0-255,66,200084,64,272550
32600,0.00221,74.125.68.0-255,6438,206522,64,272550
32601,0.002342,74.125.68.0-255,1484,208006,64,272550
32602,0.002358,74.125.68.0-255,1484,209490,64,272550
32603,0.002361,74.125.68.0-255,1484,210974,64,272550
32604,0.002377,74.125.68.0-255,1484,212458,64,272550
32605,0.002401,74.125.68.0-255,5738,218196,64,272550
32606,0.002404,74.125.68.0-255,1484,219680,64,272550
32607,0.002416,74.125.68.0-255,2902,222582,64,272550
32608,0.002435,74.125.68.0-255,2902,225484,64,272550
32609,0.002445,74.125.68.0-255,1484,226968,64,272550
32610,0.002461,74.125.68.0-255,7156,234124,64,272550
32611,0.002479,74.125.68.0-255,6438,240562,64,272550
32612,0.002496,74.125.68.0-255,2902,243464,64,272550
32613,0.011201,172.31.40.0-255,66,243530,64,272550
32614,0.01375,74.125.68.0-255,5738,249268,64,272550
32615,0.013762,172.31.40.0-255,66,249334,64,272550
32616,0.016255,74.125.68.0-255,5738,255072,64,272550
32617,0.019587,172.31.40.0-255,66,255138,64,272550
32618,0.022072,74.125.68.0-255,5738,260876,64,272550
32619,0.022086,172.31.40.0-255,66,260942,64,272550
32620,0.024574,74.125.68.0-255,5738,266680,64,272550
32621,0.026936,172.31.40.0-255,66,266746,64,272550
32622,0.029425,74.125.68.0-255,5738,272484,64,272550
32623,0.029437,172.31.40.0-255,66,272550,64,272550
32624,0.0,172.253.118.0-255,152,152,64,215002
32625,2.8e-05,172.31.40.0-255,66,218,64,215002
32626,3.5e-05,172.253.118.0-255,1484,1702,64,215002
32627,4e-05,172.31.40.0-255,66,1768,64,215002
32628,5.4e-05,172.253.118.0-255,2902,4670,64,215002
32629,5.8e-05,172.31.40.0-255,66,4736,64,215002
32630,6.7e-05,172.253.118.0-255,7156,11892,64,215002
32631,6.9e-05,172.31.40.0-255,66,11958,64,215002
32632,9.6e-05,172.253.118.0-255,1484,13442,64,215002
32633,9.9e-05,172.31.40.0-255,66,13508,64,215002
32634,0.000135,172.253.118.0-255,6361,19869,64,215002
32635,0.000139,172.31.40.0-255,66,19935,64,215002
32636,0.000145,172.253.118.0-255,5738,25673,64,215002
32637,0.000148,172.31.40.0-255,66,25739,64,215002
32638,0.000154,172.253.118.0-255,5379,31118,64,215002
32639,0.000156,172.31.40.0-255,66,31184,64,215002
32640,0.000305,172.253.118.0-255,1484,32668,64,215002
32641,0.00031,172.31.40.0-255,66,32734,64,215002
32642,0.000329,172.253.118.0-255,2902,35636,64,215002
32643,0.000332,172.31.40.0-255,66,35702,64,215002
32644,0.000366,172.253.118.0-255,5738,41440,64,215002
32645,0.000369,172.31.40.0-255,66,41506,64,215002
32646,0.000385,172.253.118.0-255,1484,42990,64,215002
32647,0.000387,172.31.40.0-255,66,43056,64,215002
32648,0.00041,172.253.118.0-255,1484,44540,64,215002
32649,0.000412,172.31.40.0-255,66,44606,64,215002
32650,0.000453,172.31.40.0-255,66,44672,64,215002
32651,0.000461,172.253.118.0-255,7156,51828,64,215002
32652,0.000463,172.31.40.0-255,66,51894,64,215002
32653,0.000471,172.253.118.0-255,2883,54777,64,215002
32654,0.000473,172.31.40.0-255,66,54843,64,215002
32655,0.000584,172.253.118.0-255,1484,56327,64,215002
32656,0.000591,172.253.118.0-255,2902,59229,64,215002
32657,0.000595,172.31.40.0-255,66,59295,64,215002
32658,0.000599,172.253.118.0-255,1484,60779,64,215002
32659,0.000617,172.253.118.0-255,4320,65099,64,215002
32660,0.000619,172.31.40.0-255,66,65165,64,215002
32661,0.000677,172.31.40.0-255,66,65231,64,215002
32662,0.000708,172.253.118.0-255,4320,69551,64,215002
32663,0.000711,172.31.40.0-255,66,69617,64,215002
32664,0.000736,172.253.118.0-255,5637,75254,64,215002
32665,0.000745,172.31.40.0-255,66,75320,64,215002
32666,0.000873,172.253.118.0-255,1484,76804,64,215002
32667,0.000888,172.253.118.0-255,2902,79706,64,215002
32668,0.000892,172.31.40.0-255,66,79772,64,215002
32669,0.000922,172.253.118.0-255,5738,85510,64,215002
32670,0.000925,172.31.40.0-255,66,85576,64,215002
32671,0.000931,172.253.118.0-255,4320,89896,64,215002
32672,0.000933,172.31.40.0-255,66,89962,64,215002
32673,0.000961,172.253.118.0-255,2902,92864,64,215002
32674,0.000964,172.31.40.0-255,66,92930,64,215002
32675,0.000977,172.31.40.0-255,66,92996,64,215002
32676,0.001004,172.253.118.0-255,1484,94480,64,215002
32677,0.001026,172.253.118.0-255,5020,99500,64,215002
32678,0.001029,172.31.40.0-255,66,99566,64,215002
32679,0.001305,172.253.118.0-255,1484,101050,64,215002
32680,0.00132,172.253.118.0-255,2902,103952,64,215002
32681,0.001324,172.31.40.0-255,66,104018,64,215002
32682,0.001353,172.253.118.0-255,5738,109756,64,215002
32683,0.001355,172.31.40.0-255,66,109822,64,215002
32684,0.001374,172.253.118.0-255,4320,114142,64,215002
32685,0.001376,172.31.40.0-255,66,114208,64,215002
32686,0.001415,172.253.118.0-255,5738,119946,64,215002
32687,0.001418,172.31.40.0-255,66,120012,64,215002
32688,0.001431,172.31.40.0-255,66,120078,64,215002
32689,0.001435,172.253.118.0-255,2184,122262,64,215002
32690,0.001438,172.31.40.0-255,66,122328,64,215002
32691,0.001496,172.253.118.0-255,1484,123812,64,215002
32692,0.001512,172.253.118.0-255,2902,126714,64,215002
32693,0.001515,172.31.40.0-255,66,126780,64,215002
32694,0.001547,172.253.118.0-255,5738,132518,64,215002
32695,0.00155,172.31.40.0-255,66,132584,64,215002
32696,0.001553,172.253.118.0-255,1484,134068,64,215002
32697,0.001591,172.31.40.0-255,66,134134,64,215002
32698,0.001593,172.253.118.0-255,1484,135618,64,215002
32699,0.001664,172.253.118.0-255,5738,141356,64,215002
32700,0.001667,172.31.40.0-255,66,141422,64,215002
32701,0.001691,172.253.118.0-255,3602,145024,64,215002
32702,0.001694,172.31.40.0-255,66,145090,64,215002
32703,0.002508,172.253.118.0-255,1484,146574,64,215002
32704,0.002517,172.253.118.0-255,2902,149476,64,215002
32705,0.002523,172.31.40.0-255,66,149542,64,215002
32706,0.002527,172.253.118.0-255,1484,151026,64,215002
32707,0.002556,172.253.118.0-255,2902,153928,64,215002
32708,0.002559,172.31.40.0-255,66,153994,64,215002
32709,0.002563,172.253.118.0-255,2902,156896,64,215002
32710,0.002565,172.31.40.0-255,66,156962,64,215002
32711,0.005073,172.253.118.0-255,5738,162700,64,215002
32712,0.005079,172.31.40.0-255,66,162766,64,215002
32713,0.007597,172.253.118.0-255,5738,168504,64,215002
32714,0.007604,172.31.40.0-255,66,168570,64,215002
32715,0.010147,172.253.118.0-255,5738,174308,64,215002
32716,0.010156,172.31.40.0-255,66,174374,64,215002
32717,0.012681,172.253.118.0-255,5738,180112,64,215002
32718,0.012694,172.31.40.0-255,66,180178,64,215002
32719,0.015226,172.253.118.0-255,5738,185916,64,215002
32720,0.015257,172.31.40.0-255,66,185982,64,215002
32721,0.017808,172.253.118.0-255,5738,191720,64,215002
32722,0.017826,172.31.40.0-255,66,191786,64,215002
32723,0.020371,172.253.118.0-255,5738,197524,64,215002
32724,0.020389,172.31.40.0-255,66,197590,64,215002
32725,0.022935,172.253.118.0-255,5738,203328,64,215002
32726,0.022956,172.31.40.0-255,66,203394,64,215002
32727,0.025489,172.253.118.0-255,5738,209132,64,215002
32728,0.025509,172.31.40.0-255,66,209198,64,215002
32729,0.028056,172.253.118.0-255,5738,214936,64,215002
32730,0.028074,172.31.40.0-255,66,215002,64,215002
32731,0.0,172.31.40.0-255,66,66,64,66
32732,0.0,74.125.200.0-255,146,146,64,297481
32733,2.6e-05,172.31.40.0-255,66,212,64,297481
32734,3.4e-05,74.125.200.0-255,1484,1696,64,297481
32735,3.9e-05,172.31.40.0-255,66,1762,64,297481
32736,4.4e-05,74.125.200.0-255,2902,4664,64,297481
32737,4.7e-05,172.31.40.0-255,66,4730,64,297481
32738,5.3e-05,74.125.200.0-255,4320,9050,64,297481
32739,5.5e-05,172.31.40.0-255,66,9116,64,297481
32740,8e-05,74.125.200.0-255,2902,12018,64,297481
32741,8.2e-05,172.31.40.0-255,66,12084,64,297481
32742,0.0001,74.125.200.0-255,2117,14201,64,297481
32743,0.000103,172.31.40.0-255,66,14267,64,297481
32744,0.000135,74.125.200.0-255,1484,15751,64,297481
32745,0.000137,172.31.40.0-255,66,15817,64,297481
32746,0.000141,74.125.200.0-255,1484,17301,64,297481
32747,0.000143,172.31.40.0-255,66,17367,64,297481
32748,0.000157,74.125.200.0-255,1484,18851,64,297481
32749,0.000159,172.31.40.0-255,66,18917,64,297481
32750,0.000164,74.125.200.0-255,2902,21819,64,297481
32751,0.000166,172.31.40.0-255,66,21885,64,297481
32752,0.000192,74.125.200.0-255,2902,24787,64,297481
32753,0.000194,172.31.40.0-255,66,24853,64,297481
32754,0.000201,74.125.200.0-255,5738,30591,64,297481
32755,0.000204,172.31.40.0-255,66,30657,64,297481
32756,0.000222,74.125.200.0-255,6797,37454,64,297481
32757,0.000224,172.31.40.0-255,66,37520,64,297481
32758,0.000229,74.125.200.0-255,2902,40422,64,297481
32759,0.000231,172.31.40.0-255,66,40488,64,297481
32760,0.000236,74.125.200.0-255,1484,41972,64,297481
32761,0.000238,172.31.40.0-255,66,42038,64,297481
32762,0.000251,74.125.200.0-255,2902,44940,64,297481
32763,0.000253,172.31.40.0-255,66,45006,64,297481
32764,0.000285,74.125.200.0-255,3961,48967,64,297481
32765,0.000289,172.31.40.0-255,66,49033,64,297481
32766,0.00038,74.125.200.0-255,1484,50517,64,297481
32767,0.000404,74.125.200.0-255,2902,53419,64,297481
32768,0.000407,172.31.40.0-255,66,53485,64,297481
32769,0.00044,74.125.200.0-255,5738,59223,64,297481
32770,0.000443,172.31.40.0-255,66,59289,64,297481
32771,0.000447,74.125.200.0-255,2902,62191,64,297481
32772,0.00045,172.31.40.0-255,66,62257,64,297481
32773,0.000455,74.125.200.0-255,3961,66218,64,297481
32774,0.000457,172.31.40.0-255,66,66284,64,297481
32775,0.000488,74.125.200.0-255,647,66931,64,297481
32776,0.000627,74.125.200.0-255,1484,68415,64,297481
32777,0.000631,172.31.40.0-255,66,68481,64,297481
32778,0.000639,74.125.200.0-255,2902,71383,64,297481
32779,0.000642,172.31.40.0-255,66,71449,64,297481
32780,0.000672,74.125.200.0-255,5738,77187,64,297481
32781,0.000675,172.31.40.0-255,66,77253,64,297481
32782,0.000688,74.125.200.0-255,4320,81573,64,297481
32783,0.000691,172.31.40.0-255,66,81639,64,297481
32784,0.000722,172.31.40.0-255,66,81705,64,297481
32785,0.000741,74.125.200.0-255,4320,86025,64,297481
32786,0.000743,172.31.40.0-255,66,86091,64,297481
32787,0.000771,74.125.200.0-255,6438,92529,64,297481
32788,0.000774,172.31.40.0-255,66,92595,64,297481
32789,0.001257,74.125.200.0-255,1484,94079,64,297481
32790,0.001262,74.125.200.0-255,1484,95563,64,297481
32791,0.001266,172.31.40.0-255,66,95629,64,297481
32792,0.001284,74.125.200.0-255,1484,97113,64,297481
32793,0.001291,74.125.200.0-255,5738,102851,64,297481
32794,0.001293,172.31.40.0-255,66,102917,64,297481
32795,0.001297,74.125.200.0-255,2902,105819,64,297481
32796,0.0013,172.31.40.0-255,66,105885,64,297481
32797,0.001329,74.125.200.0-255,2902,108787,64,297481
32798,0.001332,172.31.40.0-255,66,108853,64,297481
32799,0.001357,74.125.200.0-255,7156,116009,64,297481
32800,0.001359,172.31.40.0-255,66,116075,64,297481
32801,0.001382,74.125.200.0-255,7156,123231,64,297481
32802,0.001385,172.31.40.0-255,66,123297,64,297481
32803,0.001406,74.125.200.0-255,3602,126899,64,297481
32804,0.001408,172.31.40.0-255,66,126965,64,297481
32805,0.001477,74.125.200.0-255,1484,128449,64,297481
32806,0.001482,74.125.200.0-255,2902,131351,64,297481
32807,0.001485,172.31.40.0-255,66,131417,64,297481
32808,0.001502,74.125.200.0-255,1484,132901,64,297481
32809,0.001513,74.125.200.0-255,1484,134385,64,297481
32810,0.001515,172.31.40.0-255,66,134451,64,297481
32811,0.001532,74.125.200.0-255,2902,137353,64,297481
32812,0.001535,172.31.40.0-255,66,137419,64,297481
32813,0.00154,74.125.200.0-255,4320,141739,64,297481
32814,0.001542,172.31.40.0-255,66,141805,64,297481
32815,0.001573,172.31.40.0-255,66,141871,64,297481
32816,0.001593,74.125.200.0-255,1484,143355,64,297481
32817,0.001611,74.125.200.0-255,4320,147675,64,297481
32818,0.001615,172.31.40.0-255,66,147741,64,297481
32819,0.001635,74.125.200.0-255,5020,152761,64,297481
32820,0.001638,172.31.40.0-255,66,152827,64,297481
32821,0.001641,74.125.200.0-255,1484,154311,64,297481
32822,0.001664,74.125.200.0-255,2902,157213,64,297481
32823,0.001669,172.31.40.0-255,66,157279,64,297481
32824,0.001693,74.125.200.0-255,5738,163017,64,297481
32825,0.001696,172.31.40.0-255,66,163083,64,297481
32826,0.001702,74.125.200.0-255,4320,167403,64,297481
32827,0.001704,172.31.40.0-255,66,167469,64,297481
32828,0.00171,74.125.200.0-255,5738,173207,64,297481
32829,0.001713,172.31.40.0-255,66,173273,64,297481
32830,0.001749,74.125.200.0-255,4320,177593,64,297481
32831,0.001759,172.31.40.0-255,66,177659,64,297481
32832,0.001765,74.125.200.0-255,4320,181979,64,297481
32833,0.001767,172.31.40.0-255,66,182045,64,297481
32834,0.001793,74.125.200.0-255,2902,184947,64,297481
32835,0.001795,172.31.40.0-255,66,185013,64,297481
32836,0.0018,74.125.200.0-255,2184,187197,64,297481
32837,0.001802,172.31.40.0-255,66,187263,64,297481
32838,0.001804,74.125.200.0-255,1484,188747,64,297481
32839,0.001808,74.125.200.0-255,1484,190231,64,297481
32840,0.00181,172.31.40.0-255,66,190297,64,297481
32841,0.001824,74.125.200.0-255,1484,191781,64,297481
32842,0.001831,74.125.200.0-255,5738,197519,64,297481
32843,0.001833,172.31.40.0-255,66,197585,64,297481
32844,0.001839,74.125.200.0-255,4320,201905,64,297481
32845,0.001841,172.31.40.0-255,66,201971,64,297481
32846,0.001847,74.125.200.0-255,5738,207709,64,297481
32847,0.001849,172.31.40.0-255,66,207775,64,297481
32848,0.001861,172.31.40.0-255,66,207841,64,297481
32849,0.001865,74.125.200.0-255,2184,210025,64,297481
32850,0.001869,172.31.40.0-255,66,210091,64,297481
32851,0.001994,74.125.200.0-255,1484,211575,64,297481
32852,0.002001,74.125.200.0-255,2902,214477,64,297481
32853,0.002005,172.31.40.0-255,66,214543,64,297481
32854,0.00201,74.125.200.0-255,2902,217445,64,297481
32855,0.002013,172.31.40.0-255,66,217511,64,297481
32856,0.002027,74.125.200.0-255,1484,218995,64,297481
32857,0.002032,74.125.200.0-255,2902,221897,64,297481
32858,0.002034,172.31.40.0-255,66,221963,64,297481
32859,0.004006,74.125.200.0-255,1484,223447,64,297481
32860,0.004028,74.125.200.0-255,4320,227767,64,297481
32861,0.004033,172.31.40.0-255,66,227833,64,297481
32862,0.006035,74.125.200.0-255,5738,233571,64,297481
32863,0.006042,172.31.40.0-255,66,233637,64,297481
32864,0.008048,74.125.200.0-255,5738,239375,64,297481
32865,0.008055,172.31.40.0-255,66,239441,64,297481
32866,0.010072,74.125.200.0-255,5738,245179,64,297481
32867,0.01009,172.31.40.0-255,66,245245,64,297481
32868,0.012101,74.125.200.0-255,5738,250983,64,297481
32869,0.012117,172.31.40.0-255,66,251049,64,297481
32870,0.014129,74.125.200.0-255,5738,256787,64,297481
32871,0.014142,172.31.40.0-255,66,256853,64,297481
32872,0.016194,74.125.200.0-255,5738,262591,64,297481
32873,0.016211,172.31.40.0-255,66,262657,64,297481
32874,0.01821,74.125.200.0-255,5738,268395,64,297481
32875,0.01822,172.31.40.0-255,66,268461,64,297481
32876,0.020232,74.125.200.0-255,5738,274199,64,297481
32877,0.02024,172.31.40.0-255,66,274265,64,297481
32878,0.022242,74.125.200.0-255,5738,280003,64,297481
32879,0.022253,172.31.40.0-255,66,280069,64,297481
32880,0.024254,74.125.200.0-255,5738,285807,64,297481
32881,0.024266,172.31.40.0-255,66,285873,64,297481
32882,0.026272,74.125.200.0-255,5738,291611,64,297481
32883,0.026282,172.31.40.0-255,66,291677,64,297481
32884,0.028286,74.125.200.0-255,5738,297415,64,297481
32885,0.028301,172.31.40.0-255,66,297481,64,297481
32886,0.0,172.217.194.0-255,153,153,64,161544
32887,2.2e-05,172.31.40.0-255,66,219,64,161544
32888,2.9e-05,172.217.194.0-255,1484,1703,64,161544
32889,3.4e-05,172.31.40.0-255,66,1769,64,161544
32890,4.1e-05,172.217.194.0-255,2902,4671,64,161544
32891,4.5e-05,172.31.40.0-255,66,4737,64,161544
32892,5.3e-05,172.217.194.0-255,7156,11893,64,161544
32893,5.7e-05,172.31.40.0-255,66,11959,64,161544
32894,6.1e-05,172.217.194.0-255,2020,13979,64,161544
32895,6.4e-05,172.31.40.0-255,66,14045,64,161544
32896,8.7e-05,172.217.194.0-255,1484,15529,64,161544
32897,9e-05,172.31.40.0-255,66,15595,64,161544
32898,0.000114,172.217.194.0-255,2902,18497,64,161544
32899,0.000117,172.31.40.0-255,66,18563,64,161544
32900,0.000121,172.217.194.0-255,2902,21465,64,161544
32901,0.000123,172.31.40.0-255,66,21531,64,161544
32902,0.000138,172.217.194.0-255,2902,24433,64,161544
32903,0.00014,172.31.40.0-255,66,24499,64,161544
32904,0.000143,172.217.194.0-255,1484,25983,64,161544
32905,0.000145,172.31.40.0-255,66,26049,64,161544
32906,0.000175,172.217.194.0-255,5379,31428,64,161544
32907,0.000178,172.31.40.0-255,66,31494,64,161544
32908,0.000195,172.217.194.0-255,1484,32978,64,161544
32909,0.000197,172.31.40.0-255,66,33044,64,161544
32910,0.000202,172.217.194.0-255,2902,35946,64,161544
32911,0.000204,172.31.40.0-255,66,36012,64,161544
32912,0.000225,172.217.194.0-255,5738,41750,64,161544
32913,0.000228,172.31.40.0-255,66,41816,64,161544
32914,0.000242,172.217.194.0-255,1484,43300,64,161544
32915,0.000244,172.31.40.0-255,66,43366,64,161544
32916,0.000262,172.217.194.0-255,5379,48745,64,161544
32917,0.000265,172.31.40.0-255,66,48811,64,161544
32918,0.001578,172.217.194.0-255,1484,50295,64,161544
32919,0.00159,172.217.194.0-255,2902,53197,64,161544
32920,0.001595,172.31.40.0-255,66,53263,64,161544
32921,0.001604,172.217.194.0-255,5738,59001,64,161544
32922,0.001606,172.31.40.0-255,66,59067,64,161544
32923,0.001644,172.217.194.0-255,6797,65864,64,161544
32924,0.001646,172.31.40.0-255,66,65930,64,161544
32925,0.001661,172.217.194.0-255,2902,68832,64,161544
32926,0.001663,172.31.40.0-255,66,68898,64,161544
32927,0.001698,172.31.40.0-255,66,68964,64,161544
32928,0.001704,172.217.194.0-255,4320,73284,64,161544
32929,0.001706,172.31.40.0-255,66,73350,64,161544
32930,0.00172,172.217.194.0-255,4320,77670,64,161544
32931,0.001722,172.31.40.0-255,66,77736,64,161544
32932,0.001759,172.217.194.0-255,7156,84892,64,161544
32933,0.001762,172.31.40.0-255,66,84958,64,161544
32934,0.001782,172.217.194.0-255,3602,88560,64,161544
32935,0.001785,172.31.40.0-255,66,88626,64,161544
32936,0.002344,172.217.194.0-255,1484,90110,64,161544
32937,0.002358,172.217.194.0-255,2902,93012,64,161544
32938,0.002361,172.31.40.0-255,66,93078,64,161544
32939,0.002406,172.217.194.0-255,4320,97398,64,161544
32940,0.002409,172.31.40.0-255,66,97464,64,161544
32941,0.002423,172.217.194.0-255,1484,98948,64,161544
32942,0.002437,172.31.40.0-255,66,99014,64,161544
32943,0.00244,172.217.194.0-255,1484,100498,64,161544
32944,0.002474,172.31.40.0-255,66,100564,64,161544
32945,0.005062,172.217.194.0-255,4320,104884,64,161544
32946,0.005066,172.31.40.0-255,66,104950,64,161544
32947,0.005083,172.217.194.0-255,1484,106434,64,161544
32948,0.007682,172.217.194.0-255,4320,110754,64,161544
32949,0.007689,172.31.40.0-255,66,110820,64,161544
32950,0.010297,172.217.194.0-255,5738,116558,64,161544
32951,0.010305,172.31.40.0-255,66,116624,64,161544
32952,0.012907,172.217.194.0-255,5738,122362,64,161544
32953,0.012916,172.31.40.0-255,66,122428,64,161544
32954,0.015514,172.217.194.0-255,5738,128166,64,161544
32955,0.015526,172.31.40.0-255,66,128232,64,161544
32956,0.018125,172.217.194.0-255,5738,133970,64,161544
32957,0.018134,172.31.40.0-255,66,134036,64,161544
32958,0.020732,172.217.194.0-255,5738,139774,64,161544
32959,0.02074,172.31.40.0-255,66,139840,64,161544
32960,0.023335,172.217.194.0-255,5738,145578,64,161544
32961,0.023345,172.31.40.0-255,66,145644,64,161544
32962,0.025939,172.217.194.0-255,5738,151382,64,161544
32963,0.025946,172.31.40.0-255,66,151448,64,161544
32964,0.026958,172.31.40.0-255,172,151620,64,161544
32965,0.026997,172.31.40.0-255,1111,152731,64,161544
32966,0.027054,172.31.40.0-255,1514,154245,64,161544
32967,0.027056,172.31.40.0-255,1297,155542,64,161544
32968,0.028504,104.244.42.0-255,66,155608,64,161544
32969,0.02854,104.244.42.0-255,66,155674,64,161544
32970,0.028564,172.217.194.0-255,5738,161412,64,161544
32971,0.028568,172.31.40.0-255,66,161478,64,161544
32972,0.02859,104.244.42.0-255,66,161544,64,161544
32973,0.0,74.125.24.0-255,146,146,64,240649
32974,2.1e-05,172.31.40.0-255,66,212,64,240649
32975,2.8e-05,74.125.24.0-255,1484,1696,64,240649
32976,3.2e-05,172.31.40.0-255,66,1762,64,240649
32977,3.7e-05,74.125.24.0-255,2902,4664,64,240649
32978,3.9e-05,172.31.40.0-255,66,4730,64,240649
32979,5.3e-05,74.125.24.0-255,7156,11886,64,240649
32980,5.6e-05,172.31.40.0-255,66,11952,64,240649
32981,6e-05,74.125.24.0-255,1984,13936,64,240649
32982,6.3e-05,172.31.40.0-255,66,14002,64,240649
32983,9.6e-05,172.31.40.0-255,66,14068,64,240649
32984,0.000114,74.125.24.0-255,1484,15552,64,240649
32985,0.000117,172.31.40.0-255,66,15618,64,240649
32986,0.000122,74.125.24.0-255,5379,20997,64,240649
32987,0.000124,172.31.40.0-255,66,21063,64,240649
32988,0.000158,74.125.24.0-255,1484,22547,64,240649
32989,0.00016,172.31.40.0-255,66,22613,64,240649
32990,0.000165,74.125.24.0-255,2902,25515,64,240649
32991,0.000167,172.31.40.0-255,66,25581,64,240649
32992,0.000202,74.125.24.0-255,5738,31319,64,240649
32993,0.000205,172.31.40.0-255,66,31385,64,240649
32994,0.000209,74.125.24.0-255,4320,35705,64,240649
32995,0.00021,172.31.40.0-255,66,35771,64,240649
32996,0.000213,74.125.24.0-255,1484,37255,64,240649
32997,0.000215,172.31.40.0-255,66,37321,64,240649
32998,0.000253,172.31.40.0-255,66,37387,64,240649
32999,0.00026,74.125.24.0-255,6797,44184,64,240649
33000,0.000262,172.31.40.0-255,66,44250,64,240649
33001,0.000264,74.125.24.0-255,435,44685,64,240649
33002,0.000266,172.31.40.0-255,66,44751,64,240649
33003,0.000368,74.125.24.0-255,1484,46235,64,240649
33004,0.000373,74.125.24.0-255,1484,47719,64,240649
33005,0.000375,172.31.40.0-255,66,47785,64,240649
33006,0.000401,74.125.24.0-255,1484,49269,64,240649
33007,0.000407,74.125.24.0-255,5738,55007,64,240649
33008,0.000409,172.31.40.0-255,66,55073,64,240649
33009,0.000411,74.125.24.0-255,1484,56557,64,240649
33010,0.000438,74.125.24.0-255,5072,61629,64,240649
33011,0.00044,172.31.40.0-255,66,61695,64,240649
33012,0.000559,74.125.24.0-255,1484,63179,64,240649
33013,0.000563,74.125.24.0-255,1484,64663,64,240649
33014,0.000566,172.31.40.0-255,66,64729,64,240649
33015,0.000592,74.125.24.0-255,1484,66213,64,240649
33016,0.000598,74.125.24.0-255,5738,71951,64,240649
33017,0.000601,172.31.40.0-255,66,72017,64,240649
33018,0.000603,74.125.24.0-255,1484,73501,64,240649
33019,0.000635,172.31.40.0-255,66,73567,64,240649
33020,0.000642,74.125.24.0-255,7156,80723,64,240649
33021,0.000644,172.31.40.0-255,66,80789,64,240649
33022,0.000665,74.125.24.0-255,2543,83332,64,240649
33023,0.000667,172.31.40.0-255,66,83398,64,240649
33024,0.000834,74.125.24.0-255,1484,84882,64,240649
33025,0.000856,74.125.24.0-255,2902,87784,64,240649
33026,0.00086,172.31.40.0-255,66,87850,64,240649
33027,0.000862,74.125.24.0-255,1484,89334,64,240649
33028,0.000886,74.125.24.0-255,1484,90818,64,240649
33029,0.000889,172.31.40.0-255,66,90884,64,240649
33030,0.000896,74.125.24.0-255,7156,98040,64,240649
33031,0.000898,172.31.40.0-255,66,98106,64,240649
33032,0.000936,74.125.24.0-255,2902,101008,64,240649
33033,0.000939,172.31.40.0-255,66,101074,64,240649
33034,0.000974,172.31.40.0-255,66,101140,64,240649
33035,0.000978,74.125.24.0-255,3602,104742,64,240649
33036,0.00098,172.31.40.0-255,66,104808,64,240649
33037,0.00104,74.125.24.0-255,1484,106292,64,240649
33038,0.001053,74.125.24.0-255,2902,109194,64,240649
33039,0.001056,172.31.40.0-255,66,109260,64,240649
33040,0.001088,74.125.24.0-255,5738,114998,64,240649
33041,0.001091,172.31.40.0-255,66,115064,64,240649
33042,0.001097,74.125.24.0-255,5738,120802,64,240649
33043,0.001098,172.31.40.0-255,66,120868,64,240649
33044,0.001133,74.125.24.0-255,7156,128024,64,240649
33045,0.001136,172.31.40.0-255,66,128090,64,240649
33046,0.00115,172.31.40.0-255,66,128156,64,240649
33047,0.001214,74.125.24.0-255,1484,129640,64,240649
33048,0.001218,74.125.24.0-255,1484,131124,64,240649
33049,0.00122,172.31.40.0-255,66,131190,64,240649
33050,0.00125,74.125.24.0-255,1484,132674,64,240649
33051,0.001256,74.125.24.0-255,5738,138412,64,240649
33052,0.001258,172.31.40.0-255,66,138478,64,240649
33053,0.001265,74.125.24.0-255,7156,145634,64,240649
33054,0.001267,172.31.40.0-255,66,145700,64,240649
33055,0.001284,74.125.24.0-255,5738,151438,64,240649
33056,0.001292,74.125.24.0-255,5738,157176,64,240649
33057,0.001329,172.31.40.0-255,66,157242,64,240649
33058,0.001333,172.31.40.0-255,66,157308,64,240649
33059,0.001366,74.125.24.0-255,5020,162328,64,240649
33060,0.001368,172.31.40.0-255,66,162394,64,240649
33061,0.001371,74.125.24.0-255,1484,163878,64,240649
33062,0.0014,74.125.24.0-255,2902,166780,64,240649
33063,0.001404,172.31.40.0-255,66,166846,64,240649
33064,0.00141,74.125.24.0-255,5738,172584,64,240649
33065,0.001412,172.31.40.0-255,66,172650,64,240649
33066,0.00145,172.31.40.0-255,66,172716,64,240649
33067,0.001457,74.125.24.0-255,5738,178454,64,240649
33068,0.001459,172.31.40.0-255,66,178520,64,240649
33069,0.001478,74.125.24.0-255,1484,180004,64,240649
33070,0.001519,74.125.24.0-255,6438,186442,64,240649
33071,0.001543,74.125.24.0-255,5020,191462,64,240649
33072,0.001546,172.31.40.0-255,66,191528,64,240649
33073,0.001551,172.31.40.0-255,66,191594,64,240649
33074,0.001558,74.125.24.0-255,1484,193078,64,240649
33075,0.001588,74.125.24.0-255,4320,197398,64,240649
33076,0.001606,74.125.24.0-255,5738,203136,64,240649
33077,0.001629,172.31.40.0-255,66,203202,64,240649
33078,0.001652,74.125.24.0-255,7156,210358,64,240649
33079,0.001663,172.31.40.0-255,66,210424,64,240649
33080,0.001673,74.125.24.0-255,2184,212608,64,240649
33081,0.001687,74.125.24.0-255,2902,215510,64,240649
33082,0.001702,172.31.40.0-255,66,215576,64,240649
33083,0.001714,74.125.24.0-255,7156,222732,64,240649
33084,0.001725,74.125.24.0-255,5738,228470,64,240649
33085,0.001741,172.31.40.0-255,66,228536,64,240649
33086,0.001772,74.125.24.0-255,7156,235692,64,240649
33087,0.001795,172.31.40.0-255,66,235758,64,240649
33088,0.001808,74.125.24.0-255,4320,240078,64,240649
33089,0.001826,172.31.40.0-255,66,240144,64,240649
33090,0.001889,74.125.24.0-255,97,240241,64,240649
33091,0.001933,172.31.40.0-255,66,240307,64,240649
33092,0.001944,74.125.24.0-255,105,240412,64,240649
33093,0.016257,172.31.40.0-255,66,240478,64,240649
33094,0.016305,172.31.40.0-255,105,240583,64,240649
33095,0.018537,74.125.24.0-255,66,240649,64,240649
33096,0.0,172.217.194.0-255,291,291,64,92991
33097,1e-05,172.31.40.0-255,66,357,64,92991
33098,6.8e-05,172.217.194.0-255,1484,1841,64,92991
33099,7.4e-05,172.31.40.0-255,66,1907,64,92991
33100,0.000106,172.217.194.0-255,2902,4809,64,92991
33101,0.000109,172.31.40.0-255,66,4875,64,92991
33102,0.000116,172.217.194.0-255,5738,10613,64,92991
33103,0.000119,172.31.40.0-255,66,10679,64,92991
33104,0.000123,172.217.194.0-255,1484,12163,64,92991
33105,0.000125,172.31.40.0-255,66,12229,64,92991
33106,0.000154,172.217.194.0-255,1871,14100,64,92991
33107,0.000156,172.31.40.0-255,66,14166,64,92991
33108,0.000181,172.217.194.0-255,4320,18486,64,92991
33109,0.000184,172.31.40.0-255,66,18552,64,92991
33110,0.000199,172.217.194.0-255,7156,25708,64,92991
33111,0.000201,172.31.40.0-255,66,25774,64,92991
33112,0.000239,172.217.194.0-255,2902,28676,64,92991
33113,0.000242,172.31.40.0-255,66,28742,64,92991
33114,0.00027,172.217.194.0-255,2543,31285,64,92991
33115,0.000274,172.31.40.0-255,66,31351,64,92991
33116,0.004125,172.217.194.0-255,1484,32835,64,92991
33117,0.004134,172.31.40.0-255,66,32901,64,92991
33118,0.004142,172.217.194.0-255,2902,35803,64,92991
33119,0.004145,172.31.40.0-255,66,35869,64,92991
33120,0.004155,172.217.194.0-255,1484,37353,64,92991
33121,0.004158,172.31.40.0-255,66,37419,64,92991
33122,0.00667,172.217.194.0-255,2902,40321,64,92991
33123,0.006677,172.31.40.0-255,66,40387,64,92991
33124,0.006708,172.217.194.0-255,2902,43289,64,92991
33125,0.00671,172.31.40.0-255,66,43355,64,92991
33126,0.009219,172.217.194.0-255,2902,46257,64,92991
33127,0.009225,172.31.40.0-255,66,46323,64,92991
33128,0.009256,172.217.194.0-255,2902,49225,64,92991
33129,0.009259,172.31.40.0-255,66,49291,64,92991
33130,0.011795,172.217.194.0-255,2902,52193,64,92991
33131,0.011803,172.31.40.0-255,66,52259,64,92991
33132,0.011835,172.217.194.0-255,2902,55161,64,92991
33133,0.011854,172.31.40.0-255,66,55227,64,92991
33134,0.015412,172.217.194.0-255,4320,59547,64,92991
33135,0.015424,172.31.40.0-255,66,59613,64,92991
33136,0.015455,172.217.194.0-255,1484,61097,64,92991
33137,0.017975,172.217.194.0-255,4320,65417,64,92991
33138,0.017984,172.31.40.0-255,66,65483,64,92991
33139,0.020537,172.217.194.0-255,5738,71221,64,92991
33140,0.020577,172.31.40.0-255,66,71287,64,92991
33141,0.023027,172.31.40.0-255,172,71459,64,92991
33142,0.023055,172.31.40.0-255,1112,72571,64,92991
33143,0.023104,172.31.40.0-255,1514,74085,64,92991
33144,0.023105,172.31.40.0-255,1296,75381,64,92991
33145,0.023144,172.217.194.0-255,5738,81119,64,92991
33146,0.023148,172.31.40.0-255,66,81185,64,92991
33147,0.024606,104.244.42.0-255,66,81251,64,92991
33148,0.024614,104.244.42.0-255,66,81317,64,92991
33149,0.024674,104.244.42.0-255,66,81383,64,92991
33150,0.025697,172.217.194.0-255,5738,87121,64,92991
33151,0.025704,172.31.40.0-255,66,87187,64,92991
33152,0.028262,172.217.194.0-255,5738,92925,64,92991
33153,0.02827,172.31.40.0-255,66,92991,64,92991
33154,0.0,172.217.27.0-255,146,146,64,203580
33155,2e-05,172.31.40.0-255,66,212,64,203580
33156,2.7e-05,172.217.27.0-255,1484,1696,64,203580
33157,3.1e-05,172.31.40.0-255,66,1762,64,203580
33158,3.7e-05,172.217.27.0-255,2902,4664,64,203580
33159,4e-05,172.31.40.0-255,66,4730,64,203580
33160,4.7e-05,172.217.27.0-255,7156,11886,64,203580
33161,4.9e-05,172.31.40.0-255,66,11952,64,203580
33162,5.3e-05,172.217.27.0-255,1998,13950,64,203580
33163,5.6e-05,172.31.40.0-255,66,14016,64,203580
33164,9.2e-05,172.217.27.0-255,2902,16918,64,203580
33165,9.5e-05,172.31.40.0-255,66,16984,64,203580
33166,9.9e-05,172.217.27.0-255,2902,19886,64,203580
33167,0.000101,172.31.40.0-255,66,19952,64,203580
33168,0.000105,172.217.27.0-255,2902,22854,64,203580
33169,0.000108,172.31.40.0-255,66,22920,64,203580
33170,0.000124,172.217.27.0-255,1484,24404,64,203580
33171,0.000126,172.31.40.0-255,66,24470,64,203580
33172,0.000146,172.217.27.0-255,2902,27372,64,203580
33173,0.000148,172.31.40.0-255,66,27438,64,203580
33174,0.000161,172.217.27.0-255,3961,31399,64,203580
33175,0.000163,172.31.40.0-255,66,31465,64,203580
33176,0.000214,172.217.27.0-255,1484,32949,64,203580
33177,0.000217,172.31.40.0-255,66,33015,64,203580
33178,0.00022,172.217.27.0-255,1484,34499,64,203580
33179,0.000222,172.31.40.0-255,66,34565,64,203580
33180,0.000233,172.217.27.0-255,1484,36049,64,203580
33181,0.000235,172.31.40.0-255,66,36115,64,203580
33182,0.000241,172.217.27.0-255,5738,41853,64,203580
33183,0.000243,172.31.40.0-255,66,41919,64,203580
33184,0.000247,172.217.27.0-255,2902,44821,64,203580
33185,0.000249,172.31.40.0-255,66,44887,64,203580
33186,0.000274,172.217.27.0-255,2902,47789,64,203580
33187,0.000281,172.217.27.0-255,6797,54586,64,203580
33188,0.000331,172.217.27.0-255,395,54981,64,203580
33189,0.000434,172.31.40.0-255,66,55047,64,203580
33190,0.00062,172.217.27.0-255,116,55163,64,203580
33191,0.000625,172.217.27.0-255,329,55492,64,203580
33192,0.000856,172.217.27.0-255,1484,56976,64,203580
33193,0.00086,172.31.40.0-255,66,57042,64,203580
33194,0.000866,172.217.27.0-255,2902,59944,64,203580
33195,0.000878,172.31.40.0-255,66,60010,64,203580
33196,0.000885,172.217.27.0-255,5738,65748,64,203580
33197,0.000889,172.31.40.0-255,66,65814,64,203580
33198,0.000899,172.217.27.0-255,5738,71552,64,203580
33199,0.000913,172.217.27.0-255,7156,78708,64,203580
33200,0.00092,172.217.27.0-255,7156,85864,64,203580
33201,0.000936,172.31.40.0-255,66,85930,64,203580
33202,0.000957,172.217.27.0-255,3602,89532,64,203580
33203,0.000972,172.31.40.0-255,66,89598,64,203580
33204,0.001081,172.217.27.0-255,1484,91082,64,203580
33205,0.001098,172.217.27.0-255,2902,93984,64,203580
33206,0.001101,172.31.40.0-255,66,94050,64,203580
33207,0.001104,172.217.27.0-255,1484,95534,64,203580
33208,0.001125,172.217.27.0-255,4320,99854,64,203580
33209,0.00113,172.217.27.0-255,4320,104174,64,203580
33210,0.001134,172.217.27.0-255,5738,109912,64,203580
33211,0.001149,172.31.40.0-255,66,109978,64,203580
33212,0.001169,172.217.27.0-255,2184,112162,64,203580
33213,0.001184,172.31.40.0-255,66,112228,64,203580
33214,0.002801,172.217.27.0-255,5738,117966,64,203580
33215,0.002808,172.31.40.0-255,66,118032,64,203580
33216,0.004443,172.217.27.0-255,5738,123770,64,203580
33217,0.006809,172.31.40.0-255,66,123836,64,203580
33218,0.008429,172.217.27.0-255,5738,129574,64,203580
33219,0.008436,172.31.40.0-255,66,129640,64,203580
33220,0.010059,172.217.27.0-255,5738,135378,64,203580
33221,0.010067,172.31.40.0-255,66,135444,64,203580
33222,0.011711,172.217.27.0-255,5738,141182,64,203580
33223,0.012853,172.31.40.0-255,66,141248,64,203580
33224,0.014478,172.217.27.0-255,5738,146986,64,203580
33225,0.014486,172.31.40.0-255,66,147052,64,203580
33226,0.016112,172.217.27.0-255,5738,152790,64,203580
33227,0.016119,172.31.40.0-255,66,152856,64,203580
33228,0.017733,172.217.27.0-255,5738,158594,64,203580
33229,0.01774,172.31.40.0-255,66,158660,64,203580
33230,0.019364,172.217.27.0-255,5738,164398,64,203580
33231,0.019371,172.31.40.0-255,66,164464,64,203580
33232,0.020989,172.217.27.0-255,5738,170202,64,203580
33233,0.020996,172.31.40.0-255,66,170268,64,203580
33234,0.022617,172.217.27.0-255,5738,176006,64,203580
33235,0.022625,172.31.40.0-255,66,176072,64,203580
33236,0.024247,172.217.27.0-255,5738,181810,64,203580
33237,0.024253,172.31.40.0-255,66,181876,64,203580
33238,0.025872,172.217.27.0-255,5738,187614,64,203580
33239,0.025879,172.31.40.0-255,66,187680,64,203580
33240,0.027438,172.31.40.0-255,172,187852,64,203580
33241,0.02747,172.31.40.0-255,1111,188963,64,203580
33242,0.02749,172.217.27.0-255,5738,194701,64,203580
33243,0.027495,172.31.40.0-255,66,194767,64,203580
33244,0.027604,172.31.40.0-255,1514,196281,64,203580
33245,0.027606,172.31.40.0-255,1297,197578,64,203580
33246,0.028991,104.244.42.0-255,66,197644,64,203580
33247,0.029027,104.244.42.0-255,66,197710,64,203580
33248,0.029111,172.217.27.0-255,5738,203448,64,203580
33249,0.029116,172.31.40.0-255,66,203514,64,203580
33250,0.029163,104.244.42.0-255,66,203580,64,203580
33251,0.0,74.125.24.0-255,153,153,64,119287
33252,2.3e-05,172.31.40.0-255,66,219,64,119287
33253,3e-05,74.125.24.0-255,1484,1703,64,119287
33254,3.4e-05,172.31.40.0-255,66,1769,64,119287
33255,4e-05,74.125.24.0-255,2902,4671,64,119287
33256,5.1e-05,172.31.40.0-255,66,4737,64,119287
33257,5.7e-05,74.125.24.0-255,4320,9057,64,119287
33258,6e-05,172.31.40.0-255,66,9123,64,119287
33259,0.000104,74.125.24.0-255,4320,13443,64,119287
33260,0.000107,172.31.40.0-255,66,13509,64,119287
33261,0.000132,74.125.24.0-255,710,14219,64,119287
33262,0.000135,172.31.40.0-255,66,14285,64,119287
33263,0.000162,74.125.24.0-255,2902,17187,64,119287
33264,0.000164,172.31.40.0-255,66,17253,64,119287
33265,0.000188,74.125.24.0-255,2902,20155,64,119287
33266,0.00019,172.31.40.0-255,66,20221,64,119287
33267,0.000245,74.125.24.0-255,4320,24541,64,119287
33268,0.000248,172.31.40.0-255,66,24607,64,119287
33269,0.000278,74.125.24.0-255,6797,31404,64,119287
33270,0.00028,172.31.40.0-255,66,31470,64,119287
33271,0.00046,74.125.24.0-255,1484,32954,64,119287
33272,0.000466,172.31.40.0-255,66,33020,64,119287
33273,0.000472,74.125.24.0-255,2902,35922,64,119287
33274,0.000474,172.31.40.0-255,66,35988,64,119287
33275,0.000505,74.125.24.0-255,5738,41726,64,119287
33276,0.000508,172.31.40.0-255,66,41792,64,119287
33277,0.000578,74.125.24.0-255,4320,46112,64,119287
33278,0.000582,172.31.40.0-255,66,46178,64,119287
33279,0.00062,172.31.40.0-255,66,46244,64,119287
33280,0.000775,172.31.40.0-255,66,46310,64,119287
33281,0.000863,74.125.24.0-255,115,46425,64,119287
33282,0.0009,74.125.24.0-255,4320,50745,64,119287
33283,0.000915,172.31.40.0-255,66,50811,64,119287
33284,0.000927,74.125.24.0-255,7156,57967,64,119287
33285,0.000938,172.31.40.0-255,66,58033,64,119287
33286,0.001047,74.125.24.0-255,5379,63412,64,119287
33287,0.001051,172.31.40.0-255,66,63478,64,119287
33288,0.001121,74.125.24.0-255,5738,69216,64,119287
33289,0.001152,172.31.40.0-255,66,69282,64,119287
33290,0.001344,74.125.24.0-255,4320,73602,64,119287
33291,0.001349,172.31.40.0-255,66,73668,64,119287
33292,0.001393,172.31.40.0-255,66,73734,64,119287
33293,0.001594,74.125.24.0-255,7156,80890,64,119287
33294,0.001598,172.31.40.0-255,66,80956,64,119287
33295,0.001628,172.31.40.0-255,66,81022,64,119287
33296,0.001794,74.125.24.0-255,2902,83924,64,119287
33297,0.001797,172.31.40.0-255,66,83990,64,119287
33298,0.001905,172.31.40.0-255,66,84056,64,119287
33299,0.002241,172.31.40.0-255,66,84122,64,119287
33300,0.002308,172.31.40.0-255,66,84188,64,119287
33301,0.0027,172.31.40.0-255,66,84254,64,119287
33302,0.004043,74.125.24.0-255,4320,88574,64,119287
33303,0.004147,74.125.24.0-255,1484,90058,64,119287
33304,0.004722,74.125.24.0-255,1484,91542,64,119287
33305,0.004735,74.125.24.0-255,2902,94444,64,119287
33306,0.00477,74.125.24.0-255,4320,98764,64,119287
33307,0.004842,74.125.24.0-255,2902,101666,64,119287
33308,0.00505,74.125.24.0-255,2902,104568,64,119287
33309,0.005063,74.125.24.0-255,4320,108888,64,119287
33310,0.005088,74.125.24.0-255,6438,115326,64,119287
33311,0.005287,74.125.24.0-255,3619,118945,64,119287
33312,0.005316,74.125.24.0-255,105,119050,64,119287
33313,0.008695,172.31.40.0-255,66,119116,64,119287
33314,0.010374,172.31.40.0-255,105,119221,64,119287
33315,0.012677,74.125.24.0-255,66,119287,64,119287
33316,0.0,172.217.194.0-255,290,290,64,233634
33317,1.4e-05,172.31.40.0-255,66,356,64,233634
33318,2e-05,172.217.194.0-255,1484,1840,64,233634
33319,2.5e-05,172.31.40.0-255,66,1906,64,233634
33320,3.9e-05,172.217.194.0-255,4320,6226,64,233634
33321,4.2e-05,172.31.40.0-255,66,6292,64,233634
33322,4.9e-05,172.217.194.0-255,5738,12030,64,233634
33323,5.1e-05,172.31.40.0-255,66,12096,64,233634
33324,6.7e-05,172.217.194.0-255,2902,14998,64,233634
33325,7e-05,172.31.40.0-255,66,15064,64,233634
33326,0.000106,172.31.40.0-255,66,15130,64,233634
33327,0.000109,172.217.194.0-255,1484,16614,64,233634
33328,0.000111,172.31.40.0-255,66,16680,64,233634
33329,0.000115,172.217.194.0-255,1484,18164,64,233634
33330,0.000117,172.31.40.0-255,66,18230,64,233634
33331,0.000152,172.217.194.0-255,3961,22191,64,233634
33332,0.000155,172.31.40.0-255,66,22257,64,233634
33333,0.000412,172.217.194.0-255,1484,23741,64,233634
33334,0.000416,172.31.40.0-255,66,23807,64,233634
33335,0.000436,172.217.194.0-255,2902,26709,64,233634
33336,0.000439,172.31.40.0-255,66,26775,64,233634
33337,0.000446,172.217.194.0-255,5738,32513,64,233634
33338,0.000448,172.31.40.0-255,66,32579,64,233634
33339,0.000474,172.217.194.0-255,7156,39735,64,233634
33340,0.000477,172.31.40.0-255,66,39801,64,233634
33341,0.000506,172.217.194.0-255,6797,46598,64,233634
33342,0.000509,172.31.40.0-255,66,46664,64,233634
33343,0.00052,172.31.40.0-255,66,46730,64,233634
33344,0.000522,172.217.194.0-255,1379,48109,64,233634
33345,0.000524,172.31.40.0-255,66,48175,64,233634
33346,0.000596,172.217.194.0-255,118,48293,64,233634
33347,0.000684,172.217.194.0-255,1484,49777,64,233634
33348,0.000688,172.31.40.0-255,66,49843,64,233634
33349,0.000692,172.217.194.0-255,1484,51327,64,233634
33350,0.000713,172.217.194.0-255,1484,52811,64,233634
33351,0.000719,172.217.194.0-255,5738,58549,64,233634
33352,0.000723,172.31.40.0-255,66,58615,64,233634
33353,0.000727,172.31.40.0-255,66,58681,64,233634
33354,0.000757,172.31.40.0-255,66,58747,64,233634
33355,0.000767,172.31.40.0-255,66,58813,64,233634
33356,0.00081,172.217.194.0-255,1918,60731,64,233634
33357,0.000813,172.31.40.0-255,66,60797,64,233634
33358,0.000855,172.217.194.0-255,1484,62281,64,233634
33359,0.000873,172.217.194.0-255,2902,65183,64,233634
33360,0.000877,172.31.40.0-255,66,65249,64,233634
33361,0.000907,172.217.194.0-255,5738,70987,64,233634
33362,0.00091,172.31.40.0-255,66,71053,64,233634
33363,0.000915,172.217.194.0-255,4320,75373,64,233634
33364,0.000917,172.31.40.0-255,66,75439,64,233634
33365,0.000954,172.217.194.0-255,2543,77982,64,233634
33366,0.000957,172.31.40.0-255,66,78048,64,233634
33367,0.000961,172.217.194.0-255,2902,80950,64,233634
33368,0.000963,172.31.40.0-255,66,81016,64,233634
33369,0.000966,172.217.194.0-255,1484,82500,64,233634
33370,0.001002,172.217.194.0-255,5738,88238,64,233634
33371,0.001005,172.31.40.0-255,66,88304,64,233634
33372,0.001029,172.217.194.0-255,6797,95101,64,233634
33373,0.001032,172.31.40.0-255,66,95167,64,233634
33374,0.001167,172.217.194.0-255,1484,96651,64,233634
33375,0.001186,172.217.194.0-255,2902,99553,64,233634
33376,0.001189,172.31.40.0-255,66,99619,64,233634
33377,0.001193,172.217.194.0-255,2902,102521,64,233634
33378,0.001195,172.31.40.0-255,66,102587,64,233634
33379,0.001216,172.217.194.0-255,2902,105489,64,233634
33380,0.00122,172.217.194.0-255,4320,109809,64,233634
33381,0.001222,172.217.194.0-255,1484,111293,64,233634
33382,0.001226,172.31.40.0-255,66,111359,64,233634
33383,0.001228,172.31.40.0-255,66,111425,64,233634
33384,0.001258,172.31.40.0-255,66,111491,64,233634
33385,0.001267,172.31.40.0-255,66,111557,64,233634
33386,0.001299,172.217.194.0-255,1484,113041,64,233634
33387,0.001316,172.217.194.0-255,7156,120197,64,233634
33388,0.001319,172.31.40.0-255,66,120263,64,233634
33389,0.001325,172.217.194.0-255,5738,126001,64,233634
33390,0.001327,172.31.40.0-255,66,126067,64,233634
33391,0.001353,172.217.194.0-255,4320,130387,64,233634
33392,0.001355,172.31.40.0-255,66,130453,64,233634
33393,0.001359,172.217.194.0-255,2902,133355,64,233634
33394,0.001361,172.31.40.0-255,66,133421,64,233634
33395,0.001403,172.31.40.0-255,66,133487,64,233634
33396,0.00141,172.217.194.0-255,7156,140643,64,233634
33397,0.001411,172.31.40.0-255,66,140709,64,233634
33398,0.001446,172.31.40.0-255,66,140775,64,233634
33399,0.001449,172.217.194.0-255,1125,141900,64,233634
33400,0.001483,172.217.194.0-255,1484,143384,64,233634
33401,0.001485,172.31.40.0-255,66,143450,64,233634
33402,0.001489,172.217.194.0-255,1484,144934,64,233634
33403,0.001502,172.217.194.0-255,1484,146418,64,233634
33404,0.001504,172.217.194.0-255,1484,147902,64,233634
33405,0.001508,172.31.40.0-255,66,147968,64,233634
33406,0.001537,172.217.194.0-255,2902,150870,64,233634
33407,0.00154,172.31.40.0-255,66,150936,64,233634
33408,0.001546,172.217.194.0-255,5738,156674,64,233634
33409,0.001548,172.31.40.0-255,66,156740,64,233634
33410,0.001591,172.31.40.0-255,66,156806,64,233634
33411,0.001601,172.217.194.0-255,6438,163244,64,233634
33412,0.001603,172.31.40.0-255,66,163310,64,233634
33413,0.001633,172.217.194.0-255,5738,169048,64,233634
33414,0.001641,172.31.40.0-255,66,169114,64,233634
33415,0.001664,172.217.194.0-255,5738,174852,64,233634
33416,0.001667,172.31.40.0-255,66,174918,64,233634
33417,0.001679,172.31.40.0-255,66,174984,64,233634
33418,0.001689,172.31.40.0-255,66,175050,64,233634
33419,0.001757,172.31.40.0-255,66,175116,64,233634
33420,0.002022,172.217.194.0-255,1484,176600,64,233634
33421,0.002029,172.217.194.0-255,2902,179502,64,233634
33422,0.002033,172.31.40.0-255,66,179568,64,233634
33423,0.00204,172.217.194.0-255,5738,185306,64,233634
33424,0.002043,172.31.40.0-255,66,185372,64,233634
33425,0.002078,172.31.40.0-255,66,185438,64,233634
33426,0.002083,172.217.194.0-255,4320,189758,64,233634
33427,0.002085,172.31.40.0-255,66,189824,64,233634
33428,0.002107,172.217.194.0-255,4320,194144,64,233634
33429,0.00211,172.31.40.0-255,66,194210,64,233634
33430,0.002126,172.217.194.0-255,2184,196394,64,233634
33431,0.002133,172.31.40.0-255,66,196460,64,233634
33432,0.002138,172.217.194.0-255,2902,199362,64,233634
33433,0.00214,172.31.40.0-255,66,199428,64,233634
33434,0.002147,172.217.194.0-255,7156,206584,64,233634
33435,0.002149,172.31.40.0-255,66,206650,64,233634
33436,0.002198,172.31.40.0-255,66,206716,64,233634
33437,0.002204,172.217.194.0-255,7156,213872,64,233634
33438,0.002207,172.31.40.0-255,66,213938,64,233634
33439,0.00223,172.217.194.0-255,5020,218958,64,233634
33440,0.002233,172.31.40.0-255,66,219024,64,233634
33441,0.002239,172.217.194.0-255,5738,224762,64,233634
33442,0.002241,172.31.40.0-255,66,224828,64,233634
33443,0.002277,172.31.40.0-255,66,224894,64,233634
33444,0.002292,172.31.40.0-255,66,224960,64,233634
33445,0.002296,172.217.194.0-255,3602,228562,64,233634
33446,0.002298,172.31.40.0-255,66,228628,64,233634
33447,0.002342,172.217.194.0-255,4497,233125,64,233634
33448,0.002346,172.31.40.0-255,66,233191,64,233634
33449,0.004619,172.217.194.0-255,105,233296,64,233634
33450,0.011075,172.31.40.0-255,101,233397,64,233634
33451,0.013319,172.217.194.0-255,66,233463,64,233634
33452,0.013529,172.31.40.0-255,105,233568,64,233634
33453,0.015797,172.217.194.0-255,66,233634,64,233634
33454,0.0,172.217.194.0-255,153,153,64,178050
33455,2.5e-05,172.31.40.0-255,66,219,64,178050
33456,3.4e-05,172.217.194.0-255,1484,1703,64,178050
33457,3.8e-05,172.31.40.0-255,66,1769,64,178050
33458,4.3e-05,172.217.194.0-255,2902,4671,64,178050
33459,4.7e-05,172.31.40.0-255,66,4737,64,178050
33460,5.4e-05,172.217.194.0-255,5738,10475,64,178050
33461,5.8e-05,172.31.40.0-255,66,10541,64,178050
33462,9e-05,172.217.194.0-255,3464,14005,64,178050
33463,9.3e-05,172.31.40.0-255,66,14071,64,178050
33464,0.000139,172.217.194.0-255,1484,15555,64,178050
33465,0.000143,172.31.40.0-255,66,15621,64,178050
33466,0.000148,172.217.194.0-255,2902,18523,64,178050
33467,0.00015,172.31.40.0-255,66,18589,64,178050
33468,0.000173,172.217.194.0-255,5738,24327,64,178050
33469,0.000176,172.31.40.0-255,66,24393,64,178050
33470,0.000182,172.217.194.0-255,5738,30131,64,178050
33471,0.000185,172.31.40.0-255,66,30197,64,178050
33472,0.000239,172.217.194.0-255,5738,35935,64,178050
33473,0.000242,172.31.40.0-255,66,36001,64,178050
33474,0.000266,172.217.194.0-255,6797,42798,64,178050
33475,0.000269,172.31.40.0-255,66,42864,64,178050
33476,0.000276,172.217.194.0-255,5379,48243,64,178050
33477,0.000278,172.31.40.0-255,66,48309,64,178050
33478,0.001155,172.217.194.0-255,1484,49793,64,178050
33479,0.001162,172.31.40.0-255,66,49859,64,178050
33480,0.001171,172.217.194.0-255,2902,52761,64,178050
33481,0.001174,172.31.40.0-255,66,52827,64,178050
33482,0.001182,172.217.194.0-255,5738,58565,64,178050
33483,0.001184,172.31.40.0-255,66,58631,64,178050
33484,0.001188,172.217.194.0-255,1484,60115,64,178050
33485,0.00119,172.31.40.0-255,66,60181,64,178050
33486,0.00122,172.217.194.0-255,5379,65560,64,178050
33487,0.001223,172.31.40.0-255,66,65626,64,178050
33488,0.001226,172.217.194.0-255,647,66273,64,178050
33489,0.001577,172.217.194.0-255,1484,67757,64,178050
33490,0.001583,172.31.40.0-255,66,67823,64,178050
33491,0.001589,172.217.194.0-255,2902,70725,64,178050
33492,0.001591,172.31.40.0-255,66,70791,64,178050
33493,0.001598,172.217.194.0-255,5738,76529,64,178050
33494,0.001601,172.31.40.0-255,66,76595,64,178050
33495,0.001645,172.31.40.0-255,66,76661,64,178050
33496,0.001685,172.217.194.0-255,7156,83817,64,178050
33497,0.001687,172.31.40.0-255,66,83883,64,178050
33498,0.001705,172.217.194.0-255,1484,85367,64,178050
33499,0.001724,172.217.194.0-255,2184,87551,64,178050
33500,0.001727,172.31.40.0-255,66,87617,64,178050
33501,0.002242,172.217.194.0-255,1484,89101,64,178050
33502,0.00225,172.217.194.0-255,2902,92003,64,178050
33503,0.002255,172.31.40.0-255,66,92069,64,178050
33504,0.002263,172.217.194.0-255,5738,97807,64,178050
33505,0.002265,172.31.40.0-255,66,97873,64,178050
33506,0.002268,172.217.194.0-255,1484,99357,64,178050
33507,0.002303,172.31.40.0-255,66,99423,64,178050
33508,0.00231,172.217.194.0-255,5738,105161,64,178050
33509,0.002313,172.31.40.0-255,66,105227,64,178050
33510,0.002329,172.217.194.0-255,5020,110247,64,178050
33511,0.002332,172.31.40.0-255,66,110313,64,178050
33512,0.004652,172.217.194.0-255,5738,116051,64,178050
33513,0.004661,172.31.40.0-255,66,116117,64,178050
33514,0.007025,172.217.194.0-255,2902,119019,64,178050
33515,0.00703,172.31.40.0-255,66,119085,64,178050
33516,0.007051,172.217.194.0-255,2902,121987,64,178050
33517,0.007053,172.31.40.0-255,66,122053,64,178050
33518,0.009339,172.217.194.0-255,2902,124955,64,178050
33519,0.009351,172.31.40.0-255,66,125021,64,178050
33520,0.009382,172.217.194.0-255,2902,127923,64,178050
33521,0.009385,172.31.40.0-255,66,127989,64,178050
33522,0.011669,172.217.194.0-255,2902,130891,64,178050
33523,0.011682,172.31.40.0-255,66,130957,64,178050
33524,0.011704,172.217.194.0-255,2902,133859,64,178050
33525,0.011706,172.31.40.0-255,66,133925,64,178050
33526,0.014022,172.217.194.0-255,5738,139663,64,178050
33527,0.014033,172.31.40.0-255,66,139729,64,178050
33528,0.016381,172.217.194.0-255,5738,145467,64,178050
33529,0.016395,172.31.40.0-255,66,145533,64,178050
33530,0.018744,172.217.194.0-255,5738,151271,64,178050
33531,0.018761,172.31.40.0-255,66,151337,64,178050
33532,0.02112,172.217.194.0-255,5738,157075,64,178050
33533,0.021133,172.31.40.0-255,66,157141,64,178050
33534,0.023487,172.217.194.0-255,5738,162879,64,178050
33535,0.023497,172.31.40.0-255,66,162945,64,178050
33536,0.025869,172.217.194.0-255,5738,168683,64,178050
33537,0.02588,172.31.40.0-255,66,168749,64,178050
33538,0.026215,172.31.40.0-255,166,168915,64,178050
33539,0.026244,172.31.40.0-255,1132,170047,64,178050
33540,0.026304,172.31.40.0-255,1514,171561,64,178050
33541,0.026306,172.31.40.0-255,313,171874,64,178050
33542,0.027774,104.244.42.0-255,66,171940,64,178050
33543,0.027819,104.244.42.0-255,66,172006,64,178050
33544,0.027866,104.244.42.0-255,66,172072,64,178050
33545,0.0282,172.217.194.0-255,5738,177810,64,178050
33546,0.028206,172.31.40.0-255,66,177876,64,178050
33547,0.028597,104.244.42.0-255,108,177984,64,178050
33548,0.028606,172.31.40.0-255,66,178050,64,178050
33549,0.0,74.125.24.0-255,153,153,64,182745
33550,1.2e-05,172.31.40.0-255,66,219,64,182745
33551,4.1e-05,74.125.24.0-255,1484,1703,64,182745
33552,4.6e-05,172.31.40.0-255,66,1769,64,182745
33553,5.1e-05,74.125.24.0-255,2902,4671,64,182745
33554,5.3e-05,172.31.40.0-255,66,4737,64,182745
33555,6e-05,74.125.24.0-255,7156,11893,64,182745
33556,6.1e-05,172.31.40.0-255,66,11959,64,182745
33557,9.5e-05,74.125.24.0-255,2068,14027,64,182745
33558,9.7e-05,172.31.40.0-255,66,14093,64,182745
33559,0.000148,172.31.40.0-255,66,14159,64,182745
33560,0.000191,74.125.24.0-255,5379,19538,64,182745
33561,0.000194,172.31.40.0-255,66,19604,64,182745
33562,0.000341,74.125.24.0-255,1484,21088,64,182745
33563,0.000344,172.31.40.0-255,66,21154,64,182745
33564,0.000349,74.125.24.0-255,2902,24056,64,182745
33565,0.000351,172.31.40.0-255,66,24122,64,182745
33566,0.000383,74.125.24.0-255,5738,29860,64,182745
33567,0.000386,172.31.40.0-255,66,29926,64,182745
33568,0.000413,172.31.40.0-255,66,29992,64,182745
33569,0.000439,74.125.24.0-255,5379,35371,64,182745
33570,0.000441,172.31.40.0-255,66,35437,64,182745
33571,0.000515,74.125.24.0-255,7156,42593,64,182745
33572,0.000518,172.31.40.0-255,66,42659,64,182745
33573,0.000543,74.125.24.0-255,2818,45477,64,182745
33574,0.000546,172.31.40.0-255,66,45543,64,182745
33575,0.000689,74.125.24.0-255,131,45674,64,182745
33576,0.000692,172.31.40.0-255,66,45740,64,182745
33577,0.000839,74.125.24.0-255,1484,47224,64,182745
33578,0.000843,172.31.40.0-255,66,47290,64,182745
33579,0.000848,74.125.24.0-255,2902,50192,64,182745
33580,0.000849,172.31.40.0-255,66,50258,64,182745
33581,0.000881,74.125.24.0-255,5738,55996,64,182745
33582,0.000883,172.31.40.0-255,66,56062,64,182745
33583,0.000911,74.125.24.0-255,4320,60382,64,182745
33584,0.000913,172.31.40.0-255,66,60448,64,182745
33585,0.000937,74.125.24.0-255,5738,66186,64,182745
33586,0.000939,172.31.40.0-255,66,66252,64,182745
33587,0.000969,74.125.24.0-255,6797,73049,64,182745
33588,0.000971,172.31.40.0-255,66,73115,64,182745
33589,0.00103,74.125.24.0-255,6797,79912,64,182745
33590,0.001033,172.31.40.0-255,66,79978,64,182745
33591,0.001851,74.125.24.0-255,1484,81462,64,182745
33592,0.001863,74.125.24.0-255,2902,84364,64,182745
33593,0.001868,172.31.40.0-255,66,84430,64,182745
33594,0.001875,74.125.24.0-255,4320,88750,64,182745
33595,0.001878,172.31.40.0-255,66,88816,64,182745
33596,0.001896,74.125.24.0-255,1484,90300,64,182745
33597,0.001916,74.125.24.0-255,4320,94620,64,182745
33598,0.001919,172.31.40.0-255,66,94686,64,182745
33599,0.001956,172.31.40.0-255,66,94752,64,182745
33600,0.002021,74.125.24.0-255,4320,99072,64,182745
33601,0.002025,172.31.40.0-255,66,99138,64,182745
33602,0.00205,74.125.24.0-255,3602,102740,64,182745
33603,0.002053,172.31.40.0-255,66,102806,64,182745
33604,0.004058,74.125.24.0-255,1484,104290,64,182745
33605,0.004109,74.125.24.0-255,4320,108610,64,182745
33606,0.004113,172.31.40.0-255,66,108676,64,182745
33607,0.006146,74.125.24.0-255,5738,114414,64,182745
33608,0.006151,172.31.40.0-255,66,114480,64,182745
33609,0.008207,74.125.24.0-255,5738,120218,64,182745
33610,0.008213,172.31.40.0-255,66,120284,64,182745
33611,0.01028,74.125.24.0-255,5738,126022,64,182745
33612,0.010287,172.31.40.0-255,66,126088,64,182745
33613,0.012381,74.125.24.0-255,5738,131826,64,182745
33614,0.012389,172.31.40.0-255,66,131892,64,182745
33615,0.014457,74.125.24.0-255,5738,137630,64,182745
33616,0.014465,172.31.40.0-255,66,137696,64,182745
33617,0.01653,74.125.24.0-255,5738,143434,64,182745
33618,0.016536,172.31.40.0-255,66,143500,64,182745
33619,0.018599,74.125.24.0-255,5738,149238,64,182745
33620,0.018607,172.31.40.0-255,66,149304,64,182745
33621,0.020675,74.125.24.0-255,5738,155042,64,182745
33622,0.020682,172.31.40.0-255,66,155108,64,182745
33623,0.022756,74.125.24.0-255,5738,160846,64,182745
33624,0.022763,172.31.40.0-255,66,160912,64,182745
33625,0.024844,74.125.24.0-255,5738,166650,64,182745
33626,0.02485,172.31.40.0-255,66,166716,64,182745
33627,0.026909,74.125.24.0-255,2902,169618,64,182745
33628,0.026915,172.31.40.0-255,66,169684,64,182745
33629,0.02694,74.125.24.0-255,2902,172586,64,182745
33630,0.026943,172.31.40.0-255,66,172652,64,182745
33631,0.028097,172.31.40.0-255,167,172819,64,182745
33632,0.028129,172.31.40.0-255,1112,173931,64,182745
33633,0.02822,172.31.40.0-255,1514,175445,64,182745
33634,0.028222,172.31.40.0-255,1298,176743,64,182745
33635,0.028972,74.125.24.0-255,5738,182481,64,182745
33636,0.028978,172.31.40.0-255,66,182547,64,182745
33637,0.029653,104.244.42.0-255,66,182613,64,182745
33638,0.029689,104.244.42.0-255,66,182679,64,182745
33639,0.029782,104.244.42.0-255,66,182745,64,182745
33640,0.0,172.217.194.0-255,153,153,64,188826
33641,2.3e-05,172.31.40.0-255,66,219,64,188826
33642,3.1e-05,172.217.194.0-255,1484,1703,64,188826
33643,3.5e-05,172.31.40.0-255,66,1769,64,188826
33644,4e-05,172.217.194.0-255,2902,4671,64,188826
33645,4.4e-05,172.31.40.0-255,66,4737,64,188826
33646,5.2e-05,172.217.194.0-255,7156,11893,64,188826
33647,5.5e-05,172.31.40.0-255,66,11959,64,188826
33648,8.3e-05,172.217.194.0-255,2138,14097,64,188826
33649,8.6e-05,172.31.40.0-255,66,14163,64,188826
33650,0.000126,172.217.194.0-255,2902,17065,64,188826
33651,0.000128,172.31.40.0-255,66,17131,64,188826
33652,0.000134,172.217.194.0-255,4320,21451,64,188826
33653,0.000136,172.31.40.0-255,66,21517,64,188826
33654,0.000164,172.31.40.0-255,66,21583,64,188826
33655,0.000203,172.31.40.0-255,66,21649,64,188826
33656,0.000217,172.31.40.0-255,66,21715,64,188826
33657,0.000245,172.31.40.0-255,66,21781,64,188826
33658,0.000321,172.217.194.0-255,648,22429,64,188826
33659,0.000325,172.31.40.0-255,66,22495,64,188826
33660,0.000558,172.217.194.0-255,1484,23979,64,188826
33661,0.000563,172.31.40.0-255,66,24045,64,188826
33662,0.000569,172.217.194.0-255,2902,26947,64,188826
33663,0.000571,172.31.40.0-255,66,27013,64,188826
33664,0.000601,172.217.194.0-255,5738,32751,64,188826
33665,0.000607,172.31.40.0-255,66,32817,64,188826
33666,0.000622,172.217.194.0-255,5738,38555,64,188826
33667,0.000625,172.31.40.0-255,66,38621,64,188826
33668,0.000645,172.217.194.0-255,5379,44000,64,188826
33669,0.000653,172.217.194.0-255,5738,49738,64,188826
33670,0.000692,172.31.40.0-255,66,49804,64,188826
33671,0.000707,172.217.194.0-255,6797,56601,64,188826
33672,0.00073,172.31.40.0-255,66,56667,64,188826
33673,0.000748,172.217.194.0-255,1484,58151,64,188826
33674,0.000764,172.217.194.0-255,2902,61053,64,188826
33675,0.000806,172.217.194.0-255,4320,65373,64,188826
33676,0.00081,172.217.194.0-255,1484,66857,64,188826
33677,0.000816,172.31.40.0-255,66,66923,64,188826
33678,0.000827,172.217.194.0-255,4320,71243,64,188826
33679,0.000831,172.31.40.0-255,66,71309,64,188826
33680,0.000848,172.217.194.0-255,1992,73301,64,188826
33681,0.000865,172.31.40.0-255,66,73367,64,188826
33682,0.000936,172.217.194.0-255,1484,74851,64,188826
33683,0.000949,172.217.194.0-255,2902,77753,64,188826
33684,0.000965,172.31.40.0-255,66,77819,64,188826
33685,0.000972,172.217.194.0-255,5738,83557,64,188826
33686,0.000981,172.31.40.0-255,66,83623,64,188826
33687,0.000996,172.217.194.0-255,4320,87943,64,188826
33688,0.001008,172.31.40.0-255,66,88009,64,188826
33689,0.001026,172.31.40.0-255,66,88075,64,188826
33690,0.001045,172.217.194.0-255,4320,92395,64,188826
33691,0.001068,172.217.194.0-255,6438,98833,64,188826
33692,0.001073,172.31.40.0-255,66,98899,64,188826
33693,0.001167,172.217.194.0-255,1484,100383,64,188826
33694,0.001171,172.217.194.0-255,2902,103285,64,188826
33695,0.001188,172.217.194.0-255,5738,109023,64,188826
33696,0.001194,172.217.194.0-255,5738,114761,64,188826
33697,0.001217,172.217.194.0-255,1484,116245,64,188826
33698,0.00122,172.31.40.0-255,66,116311,64,188826
33699,0.001257,172.217.194.0-255,5020,121331,64,188826
33700,0.001263,172.31.40.0-255,66,121397,64,188826
33701,0.001457,172.217.194.0-255,1484,122881,64,188826
33702,0.001462,172.217.194.0-255,2902,125783,64,188826
33703,0.001464,172.217.194.0-255,1484,127267,64,188826
33704,0.00147,172.31.40.0-255,66,127333,64,188826
33705,0.001482,172.217.194.0-255,4320,131653,64,188826
33706,0.001497,172.217.194.0-255,4320,135973,64,188826
33707,0.00151,172.31.40.0-255,66,136039,64,188826
33708,0.001528,172.31.40.0-255,66,136105,64,188826
33709,0.00157,172.31.40.0-255,66,136171,64,188826
33710,0.001623,172.217.194.0-255,1484,137655,64,188826
33711,0.001629,172.31.40.0-255,66,137721,64,188826
33712,0.001663,172.31.40.0-255,66,137787,64,188826
33713,0.001694,172.31.40.0-255,66,137853,64,188826
33714,0.001786,172.217.194.0-255,1484,139337,64,188826
33715,0.00182,172.217.194.0-255,2902,142239,64,188826
33716,0.001826,172.217.194.0-255,4320,146559,64,188826
33717,0.001836,172.31.40.0-255,66,146625,64,188826
33718,0.001855,172.31.40.0-255,66,146691,64,188826
33719,0.001928,172.31.40.0-255,66,146757,64,188826
33720,0.001939,172.217.194.0-255,5738,152495,64,188826
33721,0.001941,172.217.194.0-255,766,153261,64,188826
33722,0.001953,172.31.40.0-255,66,153327,64,188826
33723,0.001956,172.217.194.0-255,1484,154811,64,188826
33724,0.001961,172.217.194.0-255,4320,159131,64,188826
33725,0.001978,172.217.194.0-255,5738,164869,64,188826
33726,0.00199,172.217.194.0-255,1484,166353,64,188826
33727,0.002018,172.31.40.0-255,66,166419,64,188826
33728,0.002041,172.217.194.0-255,5738,172157,64,188826
33729,0.002047,172.217.194.0-255,5020,177177,64,188826
33730,0.002079,172.31.40.0-255,66,177243,64,188826
33731,0.002084,172.31.40.0-255,66,177309,64,188826
33732,0.002126,172.31.40.0-255,66,177375,64,188826
33733,0.00216,172.217.194.0-255,4320,181695,64,188826
33734,0.002193,172.31.40.0-255,66,181761,64,188826
33735,0.002199,172.31.40.0-255,66,181827,64,188826
33736,0.002249,172.31.40.0-255,66,181893,64,188826
33737,0.002267,172.217.194.0-255,6591,188484,64,188826
33738,0.00227,172.217.194.0-255,105,188589,64,188826
33739,0.002284,172.31.40.0-255,66,188655,64,188826
33740,0.004646,172.31.40.0-255,105,188760,64,188826
33741,0.006849,172.217.194.0-255,66,188826,64,188826
33742,0.0,74.125.24.0-255,152,152,64,186655
33743,2.3e-05,172.31.40.0-255,66,218,64,186655
33744,2.9e-05,74.125.24.0-255,1484,1702,64,186655
33745,3.3e-05,172.31.40.0-255,66,1768,64,186655
33746,3.9e-05,74.125.24.0-255,2902,4670,64,186655
33747,4.3e-05,172.31.40.0-255,66,4736,64,186655
33748,5.1e-05,74.125.24.0-255,7156,11892,64,186655
33749,5.5e-05,172.31.40.0-255,66,11958,64,186655
33750,5.8e-05,74.125.24.0-255,1484,13442,64,186655
33751,6e-05,172.31.40.0-255,66,13508,64,186655
33752,7.3e-05,172.31.40.0-255,66,13574,64,186655
33753,9.8e-05,74.125.24.0-255,6797,20371,64,186655
33754,0.0001,172.31.40.0-255,66,20437,64,186655
33755,0.000155,74.125.24.0-255,1484,21921,64,186655
33756,0.000158,172.31.40.0-255,66,21987,64,186655
33757,0.000163,74.125.24.0-255,2902,24889,64,186655
33758,0.000164,172.31.40.0-255,66,24955,64,186655
33759,0.000167,74.125.24.0-255,1484,26439,64,186655
33760,0.000169,172.31.40.0-255,66,26505,64,186655
33761,0.000191,74.125.24.0-255,4320,30825,64,186655
33762,0.000193,172.31.40.0-255,66,30891,64,186655
33763,0.0002,74.125.24.0-255,6797,37688,64,186655
33764,0.000203,172.31.40.0-255,66,37754,64,186655
33765,0.000227,74.125.24.0-255,1484,39238,64,186655
33766,0.000229,172.31.40.0-255,66,39304,64,186655
33767,0.000243,74.125.24.0-255,5738,45042,64,186655
33768,0.000246,172.31.40.0-255,66,45108,64,186655
33769,0.000263,74.125.24.0-255,7156,52264,64,186655
33770,0.000266,172.31.40.0-255,66,52330,64,186655
33771,0.00027,74.125.24.0-255,2817,55147,64,186655
33772,0.000273,172.31.40.0-255,66,55213,64,186655
33773,0.000275,74.125.24.0-255,127,55340,64,186655
33774,0.00041,74.125.24.0-255,1484,56824,64,186655
33775,0.000416,172.31.40.0-255,66,56890,64,186655
33776,0.000421,74.125.24.0-255,2902,59792,64,186655
33777,0.000423,172.31.40.0-255,66,59858,64,186655
33778,0.000429,74.125.24.0-255,4320,64178,64,186655
33779,0.000431,172.31.40.0-255,66,64244,64,186655
33780,0.000453,74.125.24.0-255,1484,65728,64,186655
33781,0.000457,74.125.24.0-255,1484,67212,64,186655
33782,0.000458,172.31.40.0-255,66,67278,64,186655
33783,0.000463,74.125.24.0-255,2902,70180,64,186655
33784,0.000465,172.31.40.0-255,66,70246,64,186655
33785,0.000485,74.125.24.0-255,6797,77043,64,186655
33786,0.000487,172.31.40.0-255,66,77109,64,186655
33787,0.000515,74.125.24.0-255,2902,80011,64,186655
33788,0.000517,172.31.40.0-255,66,80077,64,186655
33789,0.000544,172.31.40.0-255,66,80143,64,186655
33790,0.000547,74.125.24.0-255,1125,81268,64,186655
33791,0.000551,74.125.24.0-255,1484,82752,64,186655
33792,0.000553,172.31.40.0-255,66,82818,64,186655
33793,0.000558,74.125.24.0-255,2902,85720,64,186655
33794,0.00056,172.31.40.0-255,66,85786,64,186655
33795,0.000582,74.125.24.0-255,1484,87270,64,186655
33796,0.000598,74.125.24.0-255,4320,91590,64,186655
33797,0.000602,172.31.40.0-255,66,91656,64,186655
33798,0.000625,74.125.24.0-255,2902,94558,64,186655
33799,0.000628,172.31.40.0-255,66,94624,64,186655
33800,0.000638,172.31.40.0-255,66,94690,64,186655
33801,0.000651,74.125.24.0-255,2902,97592,64,186655
33802,0.000654,172.31.40.0-255,66,97658,64,186655
33803,0.000688,172.31.40.0-255,66,97724,64,186655
33804,0.000702,74.125.24.0-255,3187,100911,64,186655
33805,0.000707,74.125.24.0-255,4320,105231,64,186655
33806,0.000711,172.31.40.0-255,66,105297,64,186655
33807,0.000714,172.31.40.0-255,66,105363,64,186655
33808,0.000744,172.31.40.0-255,66,105429,64,186655
33809,0.000747,74.125.24.0-255,1484,106913,64,186655
33810,0.000796,172.31.40.0-255,66,106979,64,186655
33811,0.000804,74.125.24.0-255,7156,114135,64,186655
33812,0.000807,172.31.40.0-255,66,114201,64,186655
33813,0.000839,172.31.40.0-255,66,114267,64,186655
33814,0.000844,74.125.24.0-255,2902,117169,64,186655
33815,0.000847,172.31.40.0-255,66,117235,64,186655
33816,0.000874,172.31.40.0-255,66,117301,64,186655
33817,0.000932,172.31.40.0-255,66,117367,64,186655
33818,0.000946,172.31.40.0-255,66,117433,64,186655
33819,0.000971,74.125.24.0-255,7156,124589,64,186655
33820,0.000974,172.31.40.0-255,66,124655,64,186655
33821,0.000991,74.125.24.0-255,5020,129675,64,186655
33822,0.000996,172.31.40.0-255,66,129741,64,186655
33823,0.001053,74.125.24.0-255,1484,131225,64,186655
33824,0.001058,74.125.24.0-255,1484,132709,64,186655
33825,0.001061,172.31.40.0-255,66,132775,64,186655
33826,0.001074,74.125.24.0-255,1484,134259,64,186655
33827,0.001081,74.125.24.0-255,5738,139997,64,186655
33828,0.001084,172.31.40.0-255,66,140063,64,186655
33829,0.001098,74.125.24.0-255,1484,141547,64,186655
33830,0.001127,172.31.40.0-255,66,141613,64,186655
33831,0.001131,74.125.24.0-255,2902,144515,64,186655
33832,0.001134,172.31.40.0-255,66,144581,64,186655
33833,0.001168,74.125.24.0-255,5738,150319,64,186655
33834,0.001171,172.31.40.0-255,66,150385,64,186655
33835,0.00119,74.125.24.0-255,2184,152569,64,186655
33836,0.001193,172.31.40.0-255,66,152635,64,186655
33837,0.001229,172.31.40.0-255,66,152701,64,186655
33838,0.001301,172.31.40.0-255,66,152767,64,186655
33839,0.001316,172.31.40.0-255,66,152833,64,186655
33840,0.00134,74.125.24.0-255,1484,154317,64,186655
33841,0.001361,74.125.24.0-255,2902,157219,64,186655
33842,0.001364,172.31.40.0-255,66,157285,64,186655
33843,0.001369,74.125.24.0-255,2902,160187,64,186655
33844,0.001371,172.31.40.0-255,66,160253,64,186655
33845,0.001382,74.125.24.0-255,1484,161737,64,186655
33846,0.001411,172.31.40.0-255,66,161803,64,186655
33847,0.001437,172.31.40.0-255,66,161869,64,186655
33848,0.001475,74.125.24.0-255,3602,165471,64,186655
33849,0.001484,172.31.40.0-255,66,165537,64,186655
33850,0.001518,74.125.24.0-255,4320,169857,64,186655
33851,0.001521,172.31.40.0-255,66,169923,64,186655
33852,0.001529,74.125.24.0-255,5738,175661,64,186655
33853,0.001531,172.31.40.0-255,66,175727,64,186655
33854,0.001534,74.125.24.0-255,1484,177211,64,186655
33855,0.001569,172.31.40.0-255,66,177277,64,186655
33856,0.001574,74.125.24.0-255,4320,181597,64,186655
33857,0.001577,172.31.40.0-255,66,181663,64,186655
33858,0.00162,172.31.40.0-255,66,181729,64,186655
33859,0.001633,172.31.40.0-255,66,181795,64,186655
33860,0.001645,172.31.40.0-255,66,181861,64,186655
33861,0.001683,74.125.24.0-255,4320,186181,64,186655
33862,0.001686,172.31.40.0-255,66,186247,64,186655
33863,0.001717,172.31.40.0-255,66,186313,64,186655
33864,0.00172,74.125.24.0-255,105,186418,64,186655
33865,0.004477,172.31.40.0-255,66,186484,64,186655
33866,0.004514,172.31.40.0-255,105,186589,64,186655
33867,0.006496,74.125.24.0-255,66,186655,64,186655
33868,0.0,172.217.194.0-255,291,291,64,197912
33869,2.2e-05,172.31.40.0-255,66,357,64,197912
33870,2.8e-05,172.217.194.0-255,1484,1841,64,197912
33871,3.2e-05,172.31.40.0-255,66,1907,64,197912
33872,3.9e-05,172.217.194.0-255,2902,4809,64,197912
33873,4.3e-05,172.31.40.0-255,66,4875,64,197912
33874,6.4e-05,172.217.194.0-255,5738,10613,64,197912
33875,6.8e-05,172.31.40.0-255,66,10679,64,197912
33876,8.2e-05,172.31.40.0-255,66,10745,64,197912
33877,0.000106,172.217.194.0-255,3355,14100,64,197912
33878,0.000109,172.31.40.0-255,66,14166,64,197912
33879,0.000117,172.217.194.0-255,6797,20963,64,197912
33880,0.00012,172.31.40.0-255,66,21029,64,197912
33881,0.000184,172.217.194.0-255,1484,22513,64,197912
33882,0.000186,172.31.40.0-255,66,22579,64,197912
33883,0.000192,172.217.194.0-255,2902,25481,64,197912
33884,0.000194,172.31.40.0-255,66,25547,64,197912
33885,0.0002,172.217.194.0-255,4320,29867,64,197912
33886,0.000202,172.31.40.0-255,66,29933,64,197912
33887,0.000219,172.217.194.0-255,1484,31417,64,197912
33888,0.000222,172.31.40.0-255,66,31483,64,197912
33889,0.000241,172.217.194.0-255,5738,37221,64,197912
33890,0.000244,172.31.40.0-255,66,37287,64,197912
33891,0.000265,172.31.40.0-255,66,37353,64,197912
33892,0.000303,172.31.40.0-255,66,37419,64,197912
33893,0.000306,172.217.194.0-255,431,37850,64,197912
33894,0.000308,172.31.40.0-255,66,37916,64,197912
33895,0.00056,172.217.194.0-255,1484,39400,64,197912
33896,0.000566,172.31.40.0-255,66,39466,64,197912
33897,0.000572,172.217.194.0-255,2902,42368,64,197912
33898,0.000586,172.31.40.0-255,66,42434,64,197912
33899,0.000591,172.217.194.0-255,2902,45336,64,197912
33900,0.000597,172.31.40.0-255,66,45402,64,197912
33901,0.000607,172.217.194.0-255,2902,48304,64,197912
33902,0.000619,172.217.194.0-255,1484,49788,64,197912
33903,0.000637,172.217.194.0-255,5738,55526,64,197912
33904,0.000652,172.31.40.0-255,66,55592,64,197912
33905,0.000659,172.217.194.0-255,5738,61330,64,197912
33906,0.000669,172.31.40.0-255,66,61396,64,197912
33907,0.000697,172.217.194.0-255,4320,65716,64,197912
33908,0.000702,172.31.40.0-255,66,65782,64,197912
33909,0.000736,172.217.194.0-255,2902,68684,64,197912
33910,0.000741,172.31.40.0-255,66,68750,64,197912
33911,0.000751,172.217.194.0-255,3602,72352,64,197912
33912,0.000773,172.31.40.0-255,66,72418,64,197912
33913,0.000909,172.217.194.0-255,1484,73902,64,197912
33914,0.000916,172.217.194.0-255,2902,76804,64,197912
33915,0.000919,172.217.194.0-255,1484,78288,64,197912
33916,0.00094,172.217.194.0-255,4320,82608,64,197912
33917,0.000947,172.217.194.0-255,5738,88346,64,197912
33918,0.000954,172.31.40.0-255,66,88412,64,197912
33919,0.000965,172.217.194.0-255,5738,94150,64,197912
33920,0.000969,172.217.194.0-255,4320,98470,64,197912
33921,0.000976,172.31.40.0-255,66,98536,64,197912
33922,0.001004,172.217.194.0-255,1484,100020,64,197912
33923,0.001008,172.217.194.0-255,2902,102922,64,197912
33924,0.001013,172.31.40.0-255,66,102988,64,197912
33925,0.001027,172.217.194.0-255,5738,108726,64,197912
33926,0.001043,172.31.40.0-255,66,108792,64,197912
33927,0.001067,172.217.194.0-255,7156,115948,64,197912
33928,0.001072,172.31.40.0-255,66,116014,64,197912
33929,0.001083,172.217.194.0-255,3602,119616,64,197912
33930,0.001112,172.31.40.0-255,66,119682,64,197912
33931,0.001729,172.217.194.0-255,1484,121166,64,197912
33932,0.001738,172.217.194.0-255,2902,124068,64,197912
33933,0.001741,172.31.40.0-255,66,124134,64,197912
33934,0.001747,172.217.194.0-255,2902,127036,64,197912
33935,0.001765,172.217.194.0-255,2902,129938,64,197912
33936,0.001769,172.217.194.0-255,4320,134258,64,197912
33937,0.001786,172.217.194.0-255,2902,137160,64,197912
33938,0.001791,172.31.40.0-255,66,137226,64,197912
33939,0.001824,172.31.40.0-255,66,137292,64,197912
33940,0.00184,172.31.40.0-255,66,137358,64,197912
33941,0.002054,172.217.194.0-255,1484,138842,64,197912
33942,0.002059,172.217.194.0-255,1484,140326,64,197912
33943,0.002062,172.31.40.0-255,66,140392,64,197912
33944,0.002082,172.217.194.0-255,1484,141876,64,197912
33945,0.002089,172.217.194.0-255,5738,147614,64,197912
33946,0.002092,172.217.194.0-255,1484,149098,64,197912
33947,0.002123,172.217.194.0-255,2902,152000,64,197912
33948,0.002151,172.31.40.0-255,66,152066,64,197912
33949,0.002166,172.217.194.0-255,1484,153550,64,197912
33950,0.00219,172.217.194.0-255,5738,159288,64,197912
33951,0.002206,172.217.194.0-255,1484,160772,64,197912
33952,0.002237,172.217.194.0-255,766,161538,64,197912
33953,0.012091,172.217.194.0-255,1484,163022,64,197912
33954,0.012648,172.31.40.0-255,66,163088,64,197912
33955,0.014925,172.217.194.0-255,5738,168826,64,197912
33956,0.014937,172.31.40.0-255,66,168892,64,197912
33957,0.017262,172.217.194.0-255,5738,174630,64,197912
33958,0.017272,172.31.40.0-255,66,174696,64,197912
33959,0.019602,172.217.194.0-255,5738,180434,64,197912
33960,0.01961,172.31.40.0-255,66,180500,64,197912
33961,0.021885,172.217.194.0-255,5738,186238,64,197912
33962,0.024152,172.31.40.0-255,66,186304,64,197912
33963,0.026424,172.217.194.0-255,5738,192042,64,197912
33964,0.02644,172.31.40.0-255,66,192108,64,197912
33965,0.028702,172.217.194.0-255,5738,197846,64,197912
33966,0.028709,172.31.40.0-255,66,197912,64,197912
33967,0.0,74.125.68.0-255,146,146,64,188539
33968,1.1e-05,172.31.40.0-255,66,212,64,188539
33969,1.7e-05,74.125.68.0-255,1484,1696,64,188539
33970,2.2e-05,172.31.40.0-255,66,1762,64,188539
33971,2.5e-05,74.125.68.0-255,1484,3246,64,188539
33972,2.7e-05,172.31.40.0-255,66,3312,64,188539
33973,3e-05,74.125.68.0-255,1484,4796,64,188539
33974,3.3e-05,172.31.40.0-255,66,4862,64,188539
33975,5.6e-05,74.125.68.0-255,1484,6346,64,188539
33976,5.8e-05,172.31.40.0-255,66,6412,64,188539
33977,6.6e-05,74.125.68.0-255,5738,12150,64,188539
33978,6.8e-05,172.31.40.0-255,66,12216,64,188539
33979,7.1e-05,74.125.68.0-255,1484,13700,64,188539
33980,7.3e-05,172.31.40.0-255,66,13766,64,188539
33981,8.8e-05,74.125.68.0-255,3384,17150,64,188539
33982,9.1e-05,172.31.40.0-255,66,17216,64,188539
33983,0.000102,74.125.68.0-255,1484,18700,64,188539
33984,0.000104,172.31.40.0-255,66,18766,64,188539
33985,0.000123,74.125.68.0-255,4320,23086,64,188539
33986,0.000126,172.31.40.0-255,66,23152,64,188539
33987,0.000136,172.31.40.0-255,66,23218,64,188539
33988,0.000257,74.125.68.0-255,1484,24702,64,188539
33989,0.000261,172.31.40.0-255,66,24768,64,188539
33990,0.000266,74.125.68.0-255,2902,27670,64,188539
33991,0.000269,172.31.40.0-255,66,27736,64,188539
33992,0.000275,74.125.68.0-255,5738,33474,64,188539
33993,0.000277,172.31.40.0-255,66,33540,64,188539
33994,0.000281,74.125.68.0-255,2902,36442,64,188539
33995,0.000284,172.31.40.0-255,66,36508,64,188539
33996,0.000314,74.125.68.0-255,4320,40828,64,188539
33997,0.000317,172.31.40.0-255,66,40894,64,188539
33998,0.000322,74.125.68.0-255,4320,45214,64,188539
33999,0.000324,172.31.40.0-255,66,45280,64,188539
34000,0.000338,74.125.68.0-255,4320,49600,64,188539
34001,0.00034,172.31.40.0-255,66,49666,64,188539
34002,0.000345,74.125.68.0-255,4320,53986,64,188539
34003,0.000347,172.31.40.0-255,66,54052,64,188539
34004,0.000399,74.125.68.0-255,3900,57952,64,188539
34005,0.000402,172.31.40.0-255,66,58018,64,188539
34006,0.000761,74.125.68.0-255,130,58148,64,188539
34007,0.000944,74.125.68.0-255,1484,59632,64,188539
34008,0.00095,172.31.40.0-255,66,59698,64,188539
34009,0.000954,74.125.68.0-255,1484,61182,64,188539
34010,0.00097,74.125.68.0-255,1484,62666,64,188539
34011,0.000972,172.31.40.0-255,66,62732,64,188539
34012,0.000979,74.125.68.0-255,5738,68470,64,188539
34013,0.000981,172.31.40.0-255,66,68536,64,188539
34014,0.000986,74.125.68.0-255,2902,71438,64,188539
34015,0.000988,172.31.40.0-255,66,71504,64,188539
34016,0.001004,74.125.68.0-255,1484,72988,64,188539
34017,0.001007,74.125.68.0-255,1484,74472,64,188539
34018,0.001009,172.31.40.0-255,66,74538,64,188539
34019,0.001033,74.125.68.0-255,4320,78858,64,188539
34020,0.001036,172.31.40.0-255,66,78924,64,188539
34021,0.001039,74.125.68.0-255,1484,80408,64,188539
34022,0.001068,172.31.40.0-255,66,80474,64,188539
34023,0.001094,74.125.68.0-255,2184,82658,64,188539
34024,0.001097,172.31.40.0-255,66,82724,64,188539
34025,0.001934,74.125.68.0-255,1484,84208,64,188539
34026,0.001941,74.125.68.0-255,1484,85692,64,188539
34027,0.001945,172.31.40.0-255,66,85758,64,188539
34028,0.001963,74.125.68.0-255,1484,87242,64,188539
34029,0.001967,74.125.68.0-255,2902,90144,64,188539
34030,0.001969,172.31.40.0-255,66,90210,64,188539
34031,0.001973,74.125.68.0-255,4320,94530,64,188539
34032,0.001975,172.31.40.0-255,66,94596,64,188539
34033,0.001989,74.125.68.0-255,1484,96080,64,188539
34034,0.002009,74.125.68.0-255,7156,103236,64,188539
34035,0.002011,172.31.40.0-255,66,103302,64,188539
34036,0.002017,74.125.68.0-255,5738,109040,64,188539
34037,0.002019,172.31.40.0-255,66,109106,64,188539
34038,0.002022,74.125.68.0-255,1484,110590,64,188539
34039,0.004025,74.125.68.0-255,4320,114910,64,188539
34040,0.004028,172.31.40.0-255,66,114976,64,188539
34041,0.006046,74.125.68.0-255,5738,120714,64,188539
34042,0.006053,172.31.40.0-255,66,120780,64,188539
34043,0.008068,74.125.68.0-255,5738,126518,64,188539
34044,0.008076,172.31.40.0-255,66,126584,64,188539
34045,0.010092,74.125.68.0-255,5738,132322,64,188539
34046,0.0101,172.31.40.0-255,66,132388,64,188539
34047,0.012116,74.125.68.0-255,5738,138126,64,188539
34048,0.012123,172.31.40.0-255,66,138192,64,188539
34049,0.014149,74.125.68.0-255,5738,143930,64,188539
34050,0.014158,172.31.40.0-255,66,143996,64,188539
34051,0.016177,74.125.68.0-255,5738,149734,64,188539
34052,0.016185,172.31.40.0-255,66,149800,64,188539
34053,0.0182,74.125.68.0-255,5738,155538,64,188539
34054,0.018208,172.31.40.0-255,66,155604,64,188539
34055,0.020231,74.125.68.0-255,5738,161342,64,188539
34056,0.020238,172.31.40.0-255,66,161408,64,188539
34057,0.022256,74.125.68.0-255,5738,167146,64,188539
34058,0.022263,172.31.40.0-255,66,167212,64,188539
34059,0.02429,74.125.68.0-255,5738,172950,64,188539
34060,0.024297,172.31.40.0-255,66,173016,64,188539
34061,0.02573,172.31.40.0-255,167,173183,64,188539
34062,0.025763,172.31.40.0-255,1111,174294,64,188539
34063,0.02582,172.31.40.0-255,1514,175808,64,188539
34064,0.025821,172.31.40.0-255,1514,177322,64,188539
34065,0.025846,172.31.40.0-255,697,178019,64,188539
34066,0.026289,74.125.68.0-255,4320,182339,64,188539
34067,0.026295,172.31.40.0-255,66,182405,64,188539
34068,0.026318,74.125.68.0-255,1484,183889,64,188539
34069,0.027251,104.244.42.0-255,66,183955,64,188539
34070,0.027306,104.244.42.0-255,66,184021,64,188539
34071,0.027358,104.244.42.0-255,66,184087,64,188539
34072,0.02743,104.244.42.0-255,66,184153,64,188539
34073,0.028312,74.125.68.0-255,4320,188473,64,188539
34074,0.028318,172.31.40.0-255,66,188539,64,188539
34075,0.0,74.125.68.0-255,155,155,64,312922
34076,1.6e-05,172.31.40.0-255,66,221,64,312922
34077,2.3e-05,74.125.68.0-255,1484,1705,64,312922
34078,2.8e-05,172.31.40.0-255,66,1771,64,312922
34079,5.9e-05,74.125.68.0-255,2902,4673,64,312922
34080,6.2e-05,172.31.40.0-255,66,4739,64,312922
34081,6.8e-05,74.125.68.0-255,5738,10477,64,312922
34082,7.5e-05,172.31.40.0-255,66,10543,64,312922
34083,8e-05,74.125.68.0-255,2902,13445,64,312922
34084,8.3e-05,172.31.40.0-255,66,13511,64,312922
34085,0.000115,74.125.68.0-255,682,14193,64,312922
34086,0.000118,172.31.40.0-255,66,14259,64,312922
34087,0.000218,74.125.68.0-255,1484,15743,64,312922
34088,0.000222,172.31.40.0-255,66,15809,64,312922
34089,0.000227,74.125.68.0-255,2902,18711,64,312922
34090,0.00023,172.31.40.0-255,66,18777,64,312922
34091,0.000267,74.125.68.0-255,5738,24515,64,312922
34092,0.00027,172.31.40.0-255,66,24581,64,312922
34093,0.000278,74.125.68.0-255,6797,31378,64,312922
34094,0.00028,172.31.40.0-255,66,31444,64,312922
34095,0.000309,74.125.68.0-255,7156,38600,64,312922
34096,0.000312,172.31.40.0-255,66,38666,64,312922
34097,0.000346,74.125.68.0-255,5738,44404,64,312922
34098,0.000349,172.31.40.0-255,66,44470,64,312922
34099,0.000375,74.125.68.0-255,3961,48431,64,312922
34100,0.000378,172.31.40.0-255,66,48497,64,312922
34101,0.000416,74.125.68.0-255,4320,52817,64,312922
34102,0.000419,172.31.40.0-255,66,52883,64,312922
34103,0.000422,74.125.68.0-255,1484,54367,64,312922
34104,0.000424,172.31.40.0-255,66,54433,64,312922
34105,0.000446,74.125.68.0-255,2902,57335,64,312922
34106,0.000449,172.31.40.0-255,66,57401,64,312922
34107,0.000483,74.125.68.0-255,5738,63139,64,312922
34108,0.000486,172.31.40.0-255,66,63205,64,312922
34109,0.00049,74.125.68.0-255,2869,66074,64,312922
34110,0.000492,172.31.40.0-255,66,66140,64,312922
34111,0.000519,74.125.68.0-255,330,66470,64,312922
34112,0.00076,74.125.68.0-255,1484,67954,64,312922
34113,0.000765,172.31.40.0-255,66,68020,64,312922
34114,0.00077,74.125.68.0-255,2902,70922,64,312922
34115,0.000773,172.31.40.0-255,66,70988,64,312922
34116,0.000785,74.125.68.0-255,5738,76726,64,312922
34117,0.000788,172.31.40.0-255,66,76792,64,312922
34118,0.000817,74.125.68.0-255,2902,79694,64,312922
34119,0.000824,172.31.40.0-255,66,79760,64,312922
34120,0.00083,74.125.68.0-255,4320,84080,64,312922
34121,0.000832,74.125.68.0-255,1484,85564,64,312922
34122,0.000851,172.31.40.0-255,66,85630,64,312922
34123,0.000857,74.125.68.0-255,2902,88532,64,312922
34124,0.000877,74.125.68.0-255,5738,94270,64,312922
34125,0.000882,74.125.68.0-255,4320,98590,64,312922
34126,0.000885,172.31.40.0-255,66,98656,64,312922
34127,0.000918,172.31.40.0-255,66,98722,64,312922
34128,0.000937,74.125.68.0-255,2184,100906,64,312922
34129,0.000954,172.31.40.0-255,66,100972,64,312922
34130,0.001001,74.125.68.0-255,1484,102456,64,312922
34131,0.001021,74.125.68.0-255,2902,105358,64,312922
34132,0.001024,172.31.40.0-255,66,105424,64,312922
34133,0.00105,74.125.68.0-255,1484,106908,64,312922
34134,0.001078,74.125.68.0-255,2902,109810,64,312922
34135,0.001096,172.31.40.0-255,66,109876,64,312922
34136,0.0011,74.125.68.0-255,1484,111360,64,312922
34137,0.001104,74.125.68.0-255,2902,114262,64,312922
34138,0.001108,74.125.68.0-255,4320,118582,64,312922
34139,0.001122,74.125.68.0-255,1484,120066,64,312922
34140,0.001127,172.31.40.0-255,66,120132,64,312922
34141,0.001167,172.31.40.0-255,66,120198,64,312922
34142,0.001192,74.125.68.0-255,2902,123100,64,312922
34143,0.001201,172.31.40.0-255,66,123166,64,312922
34144,0.00121,74.125.68.0-255,2184,125350,64,312922
34145,0.001214,172.31.40.0-255,66,125416,64,312922
34146,0.00128,74.125.68.0-255,1484,126900,64,312922
34147,0.001305,74.125.68.0-255,1484,128384,64,312922
34148,0.001324,74.125.68.0-255,2902,131286,64,312922
34149,0.001329,74.125.68.0-255,2902,134188,64,312922
34150,0.001351,74.125.68.0-255,2902,137090,64,312922
34151,0.001356,74.125.68.0-255,2902,139992,64,312922
34152,0.001361,172.31.40.0-255,66,140058,64,312922
34153,0.001379,74.125.68.0-255,4320,144378,64,312922
34154,0.001397,74.125.68.0-255,5738,150116,64,312922
34155,0.0014,74.125.68.0-255,1484,151600,64,312922
34156,0.001409,172.31.40.0-255,66,151666,64,312922
34157,0.001425,74.125.68.0-255,7156,158822,64,312922
34158,0.001427,74.125.68.0-255,766,159588,64,312922
34159,0.001434,172.31.40.0-255,66,159654,64,312922
34160,0.001615,74.125.68.0-255,1484,161138,64,312922
34161,0.001622,74.125.68.0-255,2902,164040,64,312922
34162,0.001673,74.125.68.0-255,2902,166942,64,312922
34163,0.001678,74.125.68.0-255,4320,171262,64,312922
34164,0.001682,172.31.40.0-255,66,171328,64,312922
34165,0.001697,172.31.40.0-255,66,171394,64,312922
34166,0.001706,74.125.68.0-255,2902,174296,64,312922
34167,0.001721,74.125.68.0-255,2902,177198,64,312922
34168,0.001726,74.125.68.0-255,4320,181518,64,312922
34169,0.00174,74.125.68.0-255,2902,184420,64,312922
34170,0.001758,74.125.68.0-255,2902,187322,64,312922
34171,0.001769,172.31.40.0-255,66,187388,64,312922
34172,0.001801,74.125.68.0-255,4320,191708,64,312922
34173,0.001805,74.125.68.0-255,1484,193192,64,312922
34174,0.001827,74.125.68.0-255,2184,195376,64,312922
34175,0.00183,172.31.40.0-255,66,195442,64,312922
34176,0.001835,172.31.40.0-255,66,195508,64,312922
34177,0.001873,74.125.68.0-255,5738,201246,64,312922
34178,0.001878,74.125.68.0-255,4320,205566,64,312922
34179,0.00189,74.125.68.0-255,2902,208468,64,312922
34180,0.001897,172.31.40.0-255,66,208534,64,312922
34181,0.001905,74.125.68.0-255,1484,210018,64,312922
34182,0.001956,74.125.68.0-255,6438,216456,64,312922
34183,0.001973,172.31.40.0-255,66,216522,64,312922
34184,0.002039,74.125.68.0-255,1484,218006,64,312922
34185,0.002046,74.125.68.0-255,2902,220908,64,312922
34186,0.002052,172.31.40.0-255,66,220974,64,312922
34187,0.00208,74.125.68.0-255,5738,226712,64,312922
34188,0.002088,172.31.40.0-255,66,226778,64,312922
34189,0.002131,74.125.68.0-255,4320,231098,64,312922
34190,0.002159,74.125.68.0-255,5738,236836,64,312922
34191,0.002175,74.125.68.0-255,5020,241856,64,312922
34192,0.002208,74.125.68.0-255,1484,243340,64,312922
34193,0.002224,74.125.68.0-255,2902,246242,64,312922
34194,0.002247,74.125.68.0-255,5738,251980,64,312922
34195,0.002251,74.125.68.0-255,2902,254882,64,312922
34196,0.00227,74.125.68.0-255,2902,257784,64,312922
34197,0.002279,74.125.68.0-255,1484,259268,64,312922
34198,0.002301,74.125.68.0-255,4320,263588,64,312922
34199,0.00232,74.125.68.0-255,4320,267908,64,312922
34200,0.002325,74.125.68.0-255,2902,270810,64,312922
34201,0.002366,74.125.68.0-255,5738,276548,64,312922
34202,0.0128,74.125.68.0-255,1484,278032,64,312922
34203,0.014081,172.31.40.0-255,66,278098,64,312922
34204,0.016441,74.125.68.0-255,5738,283836,64,312922
34205,0.016451,172.31.40.0-255,66,283902,64,312922
34206,0.018818,74.125.68.0-255,5738,289640,64,312922
34207,0.018836,172.31.40.0-255,66,289706,64,312922
34208,0.021197,74.125.68.0-255,5738,295444,64,312922
34209,0.021204,172.31.40.0-255,66,295510,64,312922
34210,0.023559,74.125.68.0-255,5738,301248,64,312922
34211,0.023567,172.31.40.0-255,66,301314,64,312922
34212,0.025945,74.125.68.0-255,5738,307052,64,312922
34213,0.025961,172.31.40.0-255,66,307118,64,312922
34214,0.028325,74.125.68.0-255,5738,312856,64,312922
34215,0.028332,172.31.40.0-255,66,312922,64,312922
34216,0.0,74.125.68.0-255,153,153,64,249814
34217,1.3e-05,172.31.40.0-255,66,219,64,249814
34218,2e-05,74.125.68.0-255,1484,1703,64,249814
34219,2.4e-05,172.31.40.0-255,66,1769,64,249814
34220,2.9e-05,74.125.68.0-255,2902,4671,64,249814
34221,3.1e-05,172.31.40.0-255,66,4737,64,249814
34222,3.6e-05,74.125.68.0-255,4320,9057,64,249814
34223,3.8e-05,172.31.40.0-255,66,9123,64,249814
34224,6.8e-05,74.125.68.0-255,1484,10607,64,249814
34225,7e-05,172.31.40.0-255,66,10673,64,249814
34226,7.8e-05,74.125.68.0-255,6284,16957,64,249814
34227,8.1e-05,172.31.40.0-255,66,17023,64,249814
34228,8.7e-05,74.125.68.0-255,7156,24179,64,249814
34229,8.9e-05,172.31.40.0-255,66,24245,64,249814
34230,0.000122,74.125.68.0-255,1484,25729,64,249814
34231,0.000124,172.31.40.0-255,66,25795,64,249814
34232,0.000143,74.125.68.0-255,5379,31174,64,249814
34233,0.000146,172.31.40.0-255,66,31240,64,249814
34234,0.000318,74.125.68.0-255,1484,32724,64,249814
34235,0.000322,172.31.40.0-255,66,32790,64,249814
34236,0.000327,74.125.68.0-255,2902,35692,64,249814
34237,0.000329,172.31.40.0-255,66,35758,64,249814
34238,0.000343,74.125.68.0-255,5738,41496,64,249814
34239,0.000345,172.31.40.0-255,66,41562,64,249814
34240,0.000377,74.125.68.0-255,7156,48718,64,249814
34241,0.00038,172.31.40.0-255,66,48784,64,249814
34242,0.000387,74.125.68.0-255,5738,54522,64,249814
34243,0.000389,172.31.40.0-255,66,54588,64,249814
34244,0.000405,74.125.68.0-255,2902,57490,64,249814
34245,0.000407,172.31.40.0-255,66,57556,64,249814
34246,0.000423,74.125.68.0-255,5738,63294,64,249814
34247,0.000426,172.31.40.0-255,66,63360,64,249814
34248,0.000445,74.125.68.0-255,2184,65544,64,249814
34249,0.000449,172.31.40.0-255,66,65610,64,249814
34250,0.000461,74.125.68.0-255,392,66002,64,249814
34251,0.000481,74.125.68.0-255,117,66119,64,249814
34252,0.000631,74.125.68.0-255,1484,67603,64,249814
34253,0.000636,172.31.40.0-255,66,67669,64,249814
34254,0.000641,74.125.68.0-255,2902,70571,64,249814
34255,0.000644,172.31.40.0-255,66,70637,64,249814
34256,0.000664,74.125.68.0-255,5738,76375,64,249814
34257,0.000667,172.31.40.0-255,66,76441,64,249814
34258,0.000672,74.125.68.0-255,2902,79343,64,249814
34259,0.000674,172.31.40.0-255,66,79409,64,249814
34260,0.000679,74.125.68.0-255,2902,82311,64,249814
34261,0.000682,172.31.40.0-255,66,82377,64,249814
34262,0.000694,74.125.68.0-255,1367,83744,64,249814
34263,0.000725,74.125.68.0-255,2902,86646,64,249814
34264,0.000735,172.31.40.0-255,66,86712,64,249814
34265,0.000738,172.31.40.0-255,66,86778,64,249814
34266,0.00078,74.125.68.0-255,1484,88262,64,249814
34267,0.000794,74.125.68.0-255,3961,92223,64,249814
34268,0.000797,172.31.40.0-255,66,92289,64,249814
34269,0.001158,74.125.68.0-255,1484,93773,64,249814
34270,0.001176,74.125.68.0-255,2902,96675,64,249814
34271,0.00118,172.31.40.0-255,66,96741,64,249814
34272,0.001186,74.125.68.0-255,4320,101061,64,249814
34273,0.001188,172.31.40.0-255,66,101127,64,249814
34274,0.00123,172.31.40.0-255,66,101193,64,249814
34275,0.001236,74.125.68.0-255,4320,105513,64,249814
34276,0.001238,172.31.40.0-255,66,105579,64,249814
34277,0.001251,74.125.68.0-255,1484,107063,64,249814
34278,0.001274,74.125.68.0-255,4320,111383,64,249814
34279,0.001277,172.31.40.0-255,66,111449,64,249814
34280,0.001282,74.125.68.0-255,4320,115769,64,249814
34281,0.001284,172.31.40.0-255,66,115835,64,249814
34282,0.001298,74.125.68.0-255,2184,118019,64,249814
34283,0.001301,172.31.40.0-255,66,118085,64,249814
34284,0.0014,74.125.68.0-255,1484,119569,64,249814
34285,0.001417,74.125.68.0-255,2902,122471,64,249814
34286,0.001421,172.31.40.0-255,66,122537,64,249814
34287,0.001428,74.125.68.0-255,5738,128275,64,249814
34288,0.00143,172.31.40.0-255,66,128341,64,249814
34289,0.00148,74.125.68.0-255,7156,135497,64,249814
34290,0.001483,172.31.40.0-255,66,135563,64,249814
34291,0.001497,172.31.40.0-255,66,135629,64,249814
34292,0.001522,74.125.68.0-255,2902,138531,64,249814
34293,0.001525,172.31.40.0-255,66,138597,64,249814
34294,0.001528,74.125.68.0-255,1484,140081,64,249814
34295,0.001545,74.125.68.0-255,766,140847,64,249814
34296,0.001548,172.31.40.0-255,66,140913,64,249814
34297,0.001644,74.125.68.0-255,1484,142397,64,249814
34298,0.001649,74.125.68.0-255,2902,145299,64,249814
34299,0.001652,172.31.40.0-255,66,145365,64,249814
34300,0.001672,74.125.68.0-255,2902,148267,64,249814
34301,0.001675,172.31.40.0-255,66,148333,64,249814
34302,0.001686,74.125.68.0-255,2902,151235,64,249814
34303,0.001689,172.31.40.0-255,66,151301,64,249814
34304,0.001696,74.125.68.0-255,7156,158457,64,249814
34305,0.001698,172.31.40.0-255,66,158523,64,249814
34306,0.001729,74.125.68.0-255,1484,160007,64,249814
34307,0.001767,172.31.40.0-255,66,160073,64,249814
34308,0.001772,74.125.68.0-255,3602,163675,64,249814
34309,0.001774,172.31.40.0-255,66,163741,64,249814
34310,0.002309,74.125.68.0-255,1484,165225,64,249814
34311,0.002326,74.125.68.0-255,2902,168127,64,249814
34312,0.00233,172.31.40.0-255,66,168193,64,249814
34313,0.002336,74.125.68.0-255,4320,172513,64,249814
34314,0.002338,172.31.40.0-255,66,172579,64,249814
34315,0.00236,74.125.68.0-255,1484,174063,64,249814
34316,0.002384,74.125.68.0-255,7156,181219,64,249814
34317,0.002386,172.31.40.0-255,66,181285,64,249814
34318,0.002392,74.125.68.0-255,5738,187023,64,249814
34319,0.002394,172.31.40.0-255,66,187089,64,249814
34320,0.004736,74.125.68.0-255,2902,189991,64,249814
34321,0.004742,172.31.40.0-255,66,190057,64,249814
34322,0.00476,74.125.68.0-255,2902,192959,64,249814
34323,0.004763,172.31.40.0-255,66,193025,64,249814
34324,0.007105,74.125.68.0-255,5738,198763,64,249814
34325,0.007112,172.31.40.0-255,66,198829,64,249814
34326,0.009464,74.125.68.0-255,5738,204567,64,249814
34327,0.00947,172.31.40.0-255,66,204633,64,249814
34328,0.011842,74.125.68.0-255,5738,210371,64,249814
34329,0.011849,172.31.40.0-255,66,210437,64,249814
34330,0.014234,74.125.68.0-255,5738,216175,64,249814
34331,0.014245,172.31.40.0-255,66,216241,64,249814
34332,0.016627,74.125.68.0-255,5738,221979,64,249814
34333,0.016646,172.31.40.0-255,66,222045,64,249814
34334,0.019024,74.125.68.0-255,5738,227783,64,249814
34335,0.019042,172.31.40.0-255,66,227849,64,249814
34336,0.021434,74.125.68.0-255,5738,233587,64,249814
34337,0.021452,172.31.40.0-255,66,233653,64,249814
34338,0.023817,74.125.68.0-255,4320,237973,64,249814
34339,0.023825,172.31.40.0-255,66,238039,64,249814
34340,0.023841,74.125.68.0-255,1484,239523,64,249814
34341,0.026176,74.125.68.0-255,4320,243843,64,249814
34342,0.026183,172.31.40.0-255,66,243909,64,249814
34343,0.02857,74.125.68.0-255,5738,249647,64,249814
34344,0.028588,172.31.40.0-255,66,249713,64,249814
34345,0.028788,172.31.40.0-255,101,249814,64,249814
34346,0.0,172.217.194.0-255,153,153,64,188965
34347,3.4e-05,172.31.40.0-255,66,219,64,188965
34348,4.2e-05,172.217.194.0-255,1484,1703,64,188965
34349,4.6e-05,172.31.40.0-255,66,1769,64,188965
34350,5.1e-05,172.217.194.0-255,2902,4671,64,188965
34351,5.4e-05,172.31.40.0-255,66,4737,64,188965
34352,7.4e-05,172.217.194.0-255,7156,11893,64,188965
34353,7.8e-05,172.31.40.0-255,66,11959,64,188965
34354,8.1e-05,172.217.194.0-255,2011,13970,64,188965
34355,8.4e-05,172.31.40.0-255,66,14036,64,188965
34356,0.000121,172.217.194.0-255,5738,19774,64,188965
34357,0.000127,172.31.40.0-255,66,19840,64,188965
34358,0.000148,172.217.194.0-255,1484,21324,64,188965
34359,0.00015,172.31.40.0-255,66,21390,64,188965
34360,0.000161,172.31.40.0-255,66,21456,64,188965
34361,0.000163,172.217.194.0-255,1125,22581,64,188965
34362,0.000165,172.31.40.0-255,66,22647,64,188965
34363,0.000252,172.217.194.0-255,1484,24131,64,188965
34364,0.000257,172.31.40.0-255,66,24197,64,188965
34365,0.000261,172.217.194.0-255,2902,27099,64,188965
34366,0.000264,172.31.40.0-255,66,27165,64,188965
34367,0.000281,172.217.194.0-255,5738,32903,64,188965
34368,0.000284,172.31.40.0-255,66,32969,64,188965
34369,0.000321,172.31.40.0-255,66,33035,64,188965
34370,0.000342,172.217.194.0-255,1125,34160,64,188965
34371,0.000344,172.31.40.0-255,66,34226,64,188965
34372,0.000355,172.31.40.0-255,66,34292,64,188965
34373,0.000358,172.217.194.0-255,1125,35417,64,188965
34374,0.00036,172.31.40.0-255,66,35483,64,188965
34375,0.000726,172.217.194.0-255,377,35860,64,188965
34376,0.000774,172.217.194.0-255,1484,37344,64,188965
34377,0.000778,172.31.40.0-255,66,37410,64,188965
34378,0.000796,172.217.194.0-255,1484,38894,64,188965
34379,0.000816,172.217.194.0-255,1484,40378,64,188965
34380,0.000819,172.31.40.0-255,66,40444,64,188965
34381,0.000826,172.217.194.0-255,5738,46182,64,188965
34382,0.000829,172.217.194.0-255,1484,47666,64,188965
34383,0.000841,172.31.40.0-255,66,47732,64,188965
34384,0.000854,172.217.194.0-255,5379,53111,64,188965
34385,0.000858,172.31.40.0-255,66,53177,64,188965
34386,0.000885,172.217.194.0-255,5738,58915,64,188965
34387,0.000889,172.31.40.0-255,66,58981,64,188965
34388,0.000915,172.217.194.0-255,2844,61825,64,188965
34389,0.000916,172.31.40.0-255,66,61891,64,188965
34390,0.00092,172.31.40.0-255,66,61957,64,188965
34391,0.001055,172.217.194.0-255,1484,63441,64,188965
34392,0.001061,172.217.194.0-255,2902,66343,64,188965
34393,0.001064,172.31.40.0-255,66,66409,64,188965
34394,0.001085,172.217.194.0-255,5738,72147,64,188965
34395,0.00109,172.31.40.0-255,66,72213,64,188965
34396,0.001112,172.217.194.0-255,5738,77951,64,188965
34397,0.001115,172.217.194.0-255,1484,79435,64,188965
34398,0.001116,172.31.40.0-255,66,79501,64,188965
34399,0.001139,172.217.194.0-255,5738,85239,64,188965
34400,0.001145,172.31.40.0-255,66,85305,64,188965
34401,0.001146,172.217.194.0-255,5738,91043,64,188965
34402,0.001148,172.31.40.0-255,66,91109,64,188965
34403,0.00116,172.217.194.0-255,5020,96129,64,188965
34404,0.001166,172.31.40.0-255,66,96195,64,188965
34405,0.00137,172.217.194.0-255,1484,97679,64,188965
34406,0.001376,172.217.194.0-255,2902,100581,64,188965
34407,0.001379,172.31.40.0-255,66,100647,64,188965
34408,0.001385,172.217.194.0-255,2902,103549,64,188965
34409,0.001402,172.217.194.0-255,2902,106451,64,188965
34410,0.001408,172.217.194.0-255,5738,112189,64,188965
34411,0.001421,172.217.194.0-255,1484,113673,64,188965
34412,0.001422,172.31.40.0-255,66,113739,64,188965
34413,0.001436,172.217.194.0-255,4320,118059,64,188965
34414,0.001443,172.31.40.0-255,66,118125,64,188965
34415,0.001464,172.217.194.0-255,766,118891,64,188965
34416,0.001466,172.31.40.0-255,66,118957,64,188965
34417,0.001685,172.31.40.0-255,66,119023,64,188965
34418,0.001908,172.217.194.0-255,1484,120507,64,188965
34419,0.001919,172.217.194.0-255,2902,123409,64,188965
34420,0.001929,172.217.194.0-255,5738,129147,64,188965
34421,0.001957,172.217.194.0-255,4320,133467,64,188965
34422,0.006114,172.31.40.0-255,66,133533,64,188965
34423,0.008475,172.217.194.0-255,5738,139271,64,188965
34424,0.008486,172.31.40.0-255,66,139337,64,188965
34425,0.010859,172.217.194.0-255,5738,145075,64,188965
34426,0.010872,172.31.40.0-255,66,145141,64,188965
34427,0.013222,172.217.194.0-255,5738,150879,64,188965
34428,0.015742,172.31.40.0-255,66,150945,64,188965
34429,0.018089,172.217.194.0-255,5738,156683,64,188965
34430,0.018101,172.31.40.0-255,66,156749,64,188965
34431,0.020476,172.217.194.0-255,5738,162487,64,188965
34432,0.020488,172.31.40.0-255,66,162553,64,188965
34433,0.02286,172.217.194.0-255,5738,168291,64,188965
34434,0.022871,172.31.40.0-255,66,168357,64,188965
34435,0.024983,172.31.40.0-255,172,168529,64,188965
34436,0.025013,172.31.40.0-255,1108,169637,64,188965
34437,0.025054,172.31.40.0-255,1514,171151,64,188965
34438,0.025056,172.31.40.0-255,336,171487,64,188965
34439,0.025216,172.217.194.0-255,5738,177225,64,188965
34440,0.025224,172.31.40.0-255,66,177291,64,188965
34441,0.027192,104.244.42.0-255,66,177357,64,188965
34442,0.027606,172.217.194.0-255,5738,183095,64,188965
34443,0.027611,172.31.40.0-255,66,183161,64,188965
34444,0.029988,172.217.194.0-255,5738,188899,64,188965
34445,0.029996,172.31.40.0-255,66,188965,64,188965
34446,0.0,74.125.200.0-255,299,299,64,224839
34447,2.1e-05,172.31.40.0-255,66,365,64,224839
34448,2.8e-05,74.125.200.0-255,1484,1849,64,224839
34449,3.2e-05,172.31.40.0-255,66,1915,64,224839
34450,3.8e-05,74.125.200.0-255,4320,6235,64,224839
34451,4.2e-05,172.31.40.0-255,66,6301,64,224839
34452,5.5e-05,74.125.200.0-255,2902,9203,64,224839
34453,5.8e-05,172.31.40.0-255,66,9269,64,224839
34454,6.4e-05,74.125.200.0-255,4320,13589,64,224839
34455,6.7e-05,172.31.40.0-255,66,13655,64,224839
34456,0.00011,172.31.40.0-255,66,13721,64,224839
34457,0.000135,74.125.200.0-255,360,14081,64,224839
34458,0.000137,172.31.40.0-255,66,14147,64,224839
34459,0.000143,74.125.200.0-255,4320,18467,64,224839
34460,0.000145,172.31.40.0-255,66,18533,64,224839
34461,0.000192,74.125.200.0-255,3961,22494,64,224839
34462,0.000195,172.31.40.0-255,66,22560,64,224839
34463,0.000233,74.125.200.0-255,1484,24044,64,224839
34464,0.000236,172.31.40.0-255,66,24110,64,224839
34465,0.000252,74.125.200.0-255,2902,27012,64,224839
34466,0.000254,172.31.40.0-255,66,27078,64,224839
34467,0.000258,74.125.200.0-255,1484,28562,64,224839
34468,0.00026,172.31.40.0-255,66,28628,64,224839
34469,0.000263,74.125.200.0-255,1484,30112,64,224839
34470,0.000265,172.31.40.0-255,66,30178,64,224839
34471,0.000295,74.125.200.0-255,1484,31662,64,224839
34472,0.000298,172.31.40.0-255,66,31728,64,224839
34473,0.000305,74.125.200.0-255,5738,37466,64,224839
34474,0.000307,172.31.40.0-255,66,37532,64,224839
34475,0.000311,74.125.200.0-255,2543,40075,64,224839
34476,0.000313,172.31.40.0-255,66,40141,64,224839
34477,0.000337,74.125.200.0-255,2902,43043,64,224839
34478,0.00034,172.31.40.0-255,66,43109,64,224839
34479,0.000377,74.125.200.0-255,7156,50265,64,224839
34480,0.00038,172.31.40.0-255,66,50331,64,224839
34481,0.000384,74.125.200.0-255,2902,53233,64,224839
34482,0.000386,172.31.40.0-255,66,53299,64,224839
34483,0.000421,74.125.200.0-255,4236,57535,64,224839
34484,0.000424,172.31.40.0-255,66,57601,64,224839
34485,0.000458,74.125.200.0-255,132,57733,64,224839
34486,0.000813,74.125.200.0-255,1484,59217,64,224839
34487,0.000818,74.125.200.0-255,2902,62119,64,224839
34488,0.000829,172.31.40.0-255,66,62185,64,224839
34489,0.000832,172.31.40.0-255,66,62251,64,224839
34490,0.000858,74.125.200.0-255,4320,66571,64,224839
34491,0.000861,172.31.40.0-255,66,66637,64,224839
34492,0.0009,172.31.40.0-255,66,66703,64,224839
34493,0.000905,74.125.200.0-255,4320,71023,64,224839
34494,0.000908,172.31.40.0-255,66,71089,64,224839
34495,0.000946,74.125.200.0-255,4320,75409,64,224839
34496,0.000949,172.31.40.0-255,66,75475,64,224839
34497,0.000969,74.125.200.0-255,6797,82272,64,224839
34498,0.000972,172.31.40.0-255,66,82338,64,224839
34499,0.001578,74.125.200.0-255,1484,83822,64,224839
34500,0.001586,74.125.200.0-255,2902,86724,64,224839
34501,0.001591,172.31.40.0-255,66,86790,64,224839
34502,0.001596,74.125.200.0-255,2902,89692,64,224839
34503,0.001599,172.31.40.0-255,66,89758,64,224839
34504,0.001603,74.125.200.0-255,2902,92660,64,224839
34505,0.001605,172.31.40.0-255,66,92726,64,224839
34506,0.001639,74.125.200.0-255,1484,94210,64,224839
34507,0.001651,172.31.40.0-255,66,94276,64,224839
34508,0.001658,74.125.200.0-255,7156,101432,64,224839
34509,0.00166,172.31.40.0-255,66,101498,64,224839
34510,0.001697,74.125.200.0-255,2902,104400,64,224839
34511,0.0017,172.31.40.0-255,66,104466,64,224839
34512,0.001717,74.125.200.0-255,3602,108068,64,224839
34513,0.001719,172.31.40.0-255,66,108134,64,224839
34514,0.001878,74.125.200.0-255,1484,109618,64,224839
34515,0.001884,74.125.200.0-255,2902,112520,64,224839
34516,0.001888,172.31.40.0-255,66,112586,64,224839
34517,0.001895,74.125.200.0-255,5738,118324,64,224839
34518,0.001898,172.31.40.0-255,66,118390,64,224839
34519,0.001931,74.125.200.0-255,7156,125546,64,224839
34520,0.001934,172.31.40.0-255,66,125612,64,224839
34521,0.001977,172.31.40.0-255,66,125678,64,224839
34522,0.002001,74.125.200.0-255,2184,127862,64,224839
34523,0.002005,172.31.40.0-255,66,127928,64,224839
34524,0.002196,74.125.200.0-255,1484,129412,64,224839
34525,0.002201,74.125.200.0-255,1484,130896,64,224839
34526,0.002205,172.31.40.0-255,66,130962,64,224839
34527,0.002219,74.125.200.0-255,1484,132446,64,224839
34528,0.00223,74.125.200.0-255,5738,138184,64,224839
34529,0.002232,172.31.40.0-255,66,138250,64,224839
34530,0.002272,74.125.200.0-255,4320,142570,64,224839
34531,0.002275,172.31.40.0-255,66,142636,64,224839
34532,0.002297,74.125.200.0-255,7156,149792,64,224839
34533,0.0023,172.31.40.0-255,66,149858,64,224839
34534,0.002303,74.125.200.0-255,1484,151342,64,224839
34535,0.004543,74.125.200.0-255,4320,155662,64,224839
34536,0.004551,172.31.40.0-255,66,155728,64,224839
34537,0.006801,74.125.200.0-255,5738,161466,64,224839
34538,0.006809,172.31.40.0-255,66,161532,64,224839
34539,0.009084,74.125.200.0-255,5738,167270,64,224839
34540,0.009093,172.31.40.0-255,66,167336,64,224839
34541,0.011374,74.125.200.0-255,5738,173074,64,224839
34542,0.011382,172.31.40.0-255,66,173140,64,224839
34543,0.013641,74.125.200.0-255,5738,178878,64,224839
34544,0.013653,172.31.40.0-255,66,178944,64,224839
34545,0.015905,74.125.200.0-255,5738,184682,64,224839
34546,0.015913,172.31.40.0-255,66,184748,64,224839
34547,0.018166,74.125.200.0-255,5738,190486,64,224839
34548,0.018174,172.31.40.0-255,66,190552,64,224839
34549,0.020436,74.125.200.0-255,5738,196290,64,224839
34550,0.020444,172.31.40.0-255,66,196356,64,224839
34551,0.022692,74.125.200.0-255,5738,202094,64,224839
34552,0.022699,172.31.40.0-255,66,202160,64,224839
34553,0.024946,74.125.200.0-255,5738,207898,64,224839
34554,0.024952,172.31.40.0-255,66,207964,64,224839
34555,0.025752,172.31.40.0-255,167,208131,64,224839
34556,0.025801,172.31.40.0-255,1111,209242,64,224839
34557,0.025864,172.31.40.0-255,1514,210756,64,224839
34558,0.025869,172.31.40.0-255,1514,212270,64,224839
34559,0.025894,172.31.40.0-255,697,212967,64,224839
34560,0.027216,74.125.200.0-255,5738,218705,64,224839
34561,0.027228,172.31.40.0-255,66,218771,64,224839
34562,0.027275,104.244.42.0-255,66,218837,64,224839
34563,0.027364,104.244.42.0-255,66,218903,64,224839
34564,0.027412,104.244.42.0-255,66,218969,64,224839
34565,0.027417,104.244.42.0-255,66,219035,64,224839
34566,0.029484,74.125.200.0-255,5738,224773,64,224839
34567,0.029498,172.31.40.0-255,66,224839,64,224839
34568,0.0,172.217.27.0-255,153,153,64,159223
34569,2.3e-05,172.31.40.0-255,66,219,64,159223
34570,3e-05,172.217.27.0-255,1484,1703,64,159223
34571,3.5e-05,172.31.40.0-255,66,1769,64,159223
34572,3.8e-05,172.217.27.0-255,1484,3253,64,159223
34573,4.8e-05,172.31.40.0-255,66,3319,64,159223
34574,5.5e-05,172.217.27.0-255,2902,6221,64,159223
34575,5.8e-05,172.31.40.0-255,66,6287,64,159223
34576,6.4e-05,172.217.27.0-255,5738,12025,64,159223
34577,6.7e-05,172.31.40.0-255,66,12091,64,159223
34578,7.2e-05,172.217.27.0-255,2119,14210,64,159223
34579,7.5e-05,172.31.40.0-255,66,14276,64,159223
34580,0.000286,172.217.27.0-255,1484,15760,64,159223
34581,0.000293,172.31.40.0-255,66,15826,64,159223
34582,0.000299,172.217.27.0-255,2902,18728,64,159223
34583,0.000301,172.31.40.0-255,66,18794,64,159223
34584,0.000329,172.217.27.0-255,1484,20278,64,159223
34585,0.000331,172.31.40.0-255,66,20344,64,159223
34586,0.000336,172.217.27.0-255,2902,23246,64,159223
34587,0.000339,172.31.40.0-255,66,23312,64,159223
34588,0.000348,172.217.27.0-255,4320,27632,64,159223
34589,0.00035,172.31.40.0-255,66,27698,64,159223
34590,0.000382,172.217.27.0-255,3961,31659,64,159223
34591,0.000385,172.31.40.0-255,66,31725,64,159223
34592,0.000721,172.217.27.0-255,1484,33209,64,159223
34593,0.000726,172.31.40.0-255,66,33275,64,159223
34594,0.00073,172.217.27.0-255,1484,34759,64,159223
34595,0.000732,172.31.40.0-255,66,34825,64,159223
34596,0.000754,172.217.27.0-255,2902,37727,64,159223
34597,0.000756,172.31.40.0-255,66,37793,64,159223
34598,0.000767,172.217.27.0-255,5738,43531,64,159223
34599,0.000769,172.31.40.0-255,66,43597,64,159223
34600,0.000788,172.217.27.0-255,1484,45081,64,159223
34601,0.000819,172.217.27.0-255,3961,49042,64,159223
34602,0.000822,172.31.40.0-255,66,49108,64,159223
34603,0.000828,172.217.27.0-255,5738,54846,64,159223
34604,0.00083,172.31.40.0-255,66,54912,64,159223
34605,0.00084,172.217.27.0-255,2902,57814,64,159223
34606,0.000842,172.31.40.0-255,66,57880,64,159223
34607,0.000882,172.31.40.0-255,66,57946,64,159223
34608,0.000884,172.217.27.0-255,394,58340,64,159223
34609,0.001185,172.31.40.0-255,66,58406,64,159223
34610,0.002522,172.217.27.0-255,4320,62726,64,159223
34611,0.00253,172.31.40.0-255,66,62792,64,159223
34612,0.002816,172.217.27.0-255,1484,64276,64,159223
34613,0.004163,172.217.27.0-255,2902,67178,64,159223
34614,0.004166,172.31.40.0-255,66,67244,64,159223
34615,0.004192,172.217.27.0-255,1484,68728,64,159223
34616,0.00579,172.217.27.0-255,2902,71630,64,159223
34617,0.005793,172.31.40.0-255,66,71696,64,159223
34618,0.005817,172.217.27.0-255,1484,73180,64,159223
34619,0.00744,172.217.27.0-255,4320,77500,64,159223
34620,0.007447,172.31.40.0-255,66,77566,64,159223
34621,0.009096,172.217.27.0-255,5738,83304,64,159223
34622,0.009103,172.31.40.0-255,66,83370,64,159223
34623,0.010743,172.217.27.0-255,5738,89108,64,159223
34624,0.01075,172.31.40.0-255,66,89174,64,159223
34625,0.012413,172.217.27.0-255,5738,94912,64,159223
34626,0.01242,172.31.40.0-255,66,94978,64,159223
34627,0.014056,172.217.27.0-255,5738,100716,64,159223
34628,0.014064,172.31.40.0-255,66,100782,64,159223
34629,0.015714,172.217.27.0-255,5738,106520,64,159223
34630,0.01572,172.31.40.0-255,66,106586,64,159223
34631,0.017364,172.217.27.0-255,5738,112324,64,159223
34632,0.017371,172.31.40.0-255,66,112390,64,159223
34633,0.019015,172.217.27.0-255,5738,118128,64,159223
34634,0.019023,172.31.40.0-255,66,118194,64,159223
34635,0.020663,172.217.27.0-255,5738,123932,64,159223
34636,0.02067,172.31.40.0-255,66,123998,64,159223
34637,0.02231,172.217.27.0-255,5738,129736,64,159223
34638,0.022316,172.31.40.0-255,66,129802,64,159223
34639,0.023289,172.31.40.0-255,172,129974,64,159223
34640,0.023321,172.31.40.0-255,1107,131081,64,159223
34641,0.02338,172.31.40.0-255,1514,132595,64,159223
34642,0.023381,172.31.40.0-255,1514,134109,64,159223
34643,0.023383,172.31.40.0-255,1514,135623,64,159223
34644,0.023384,172.31.40.0-255,120,135743,64,159223
34645,0.023973,172.217.27.0-255,5738,141481,64,159223
34646,0.023979,172.31.40.0-255,66,141547,64,159223
34647,0.024838,104.244.42.0-255,66,141613,64,159223
34648,0.024879,104.244.42.0-255,66,141679,64,159223
34649,0.024992,104.244.42.0-255,66,141745,64,159223
34650,0.024996,104.244.42.0-255,66,141811,64,159223
34651,0.025625,172.217.27.0-255,5738,147549,64,159223
34652,0.02563,172.31.40.0-255,66,147615,64,159223
34653,0.027283,172.217.27.0-255,5738,153353,64,159223
34654,0.027289,172.31.40.0-255,66,153419,64,159223
34655,0.028956,172.217.27.0-255,5738,159157,64,159223
34656,0.028966,172.31.40.0-255,66,159223,64,159223
34657,0.0,172.217.194.0-255,152,152,64,218547
34658,2.4e-05,172.31.40.0-255,66,218,64,218547
34659,3.1e-05,172.217.194.0-255,1484,1702,64,218547
34660,3.6e-05,172.31.40.0-255,66,1768,64,218547
34661,4.2e-05,172.217.194.0-255,2902,4670,64,218547
34662,4.6e-05,172.31.40.0-255,66,4736,64,218547
34663,6.1e-05,172.217.194.0-255,7156,11892,64,218547
34664,6.4e-05,172.31.40.0-255,66,11958,64,218547
34665,7.7e-05,172.31.40.0-255,66,12024,64,218547
34666,0.000125,172.31.40.0-255,66,12090,64,218547
34667,0.000161,172.217.194.0-255,2902,14992,64,218547
34668,0.000164,172.31.40.0-255,66,15058,64,218547
34669,0.000169,172.217.194.0-255,4320,19378,64,218547
34670,0.000171,172.31.40.0-255,66,19444,64,218547
34671,0.000177,172.217.194.0-255,4320,23764,64,218547
34672,0.000186,172.31.40.0-255,66,23830,64,218547
34673,0.000218,172.217.194.0-255,4320,28150,64,218547
34674,0.000221,172.31.40.0-255,66,28216,64,218547
34675,0.000235,172.31.40.0-255,66,28282,64,218547
34676,0.00026,172.217.194.0-255,5379,33661,64,218547
34677,0.000263,172.31.40.0-255,66,33727,64,218547
34678,0.000267,172.217.194.0-255,1713,35440,64,218547
34679,0.000269,172.31.40.0-255,66,35506,64,218547
34680,0.00045,172.217.194.0-255,1484,36990,64,218547
34681,0.000454,172.31.40.0-255,66,37056,64,218547
34682,0.00046,172.217.194.0-255,2902,39958,64,218547
34683,0.000464,172.31.40.0-255,66,40024,64,218547
34684,0.000468,172.217.194.0-255,2902,42926,64,218547
34685,0.000475,172.31.40.0-255,66,42992,64,218547
34686,0.000506,172.217.194.0-255,2902,45894,64,218547
34687,0.000509,172.31.40.0-255,66,45960,64,218547
34688,0.00052,172.31.40.0-255,66,46026,64,218547
34689,0.000567,172.31.40.0-255,66,46092,64,218547
34690,0.000587,172.217.194.0-255,3602,49694,64,218547
34691,0.000591,172.31.40.0-255,66,49760,64,218547
34692,0.000647,172.217.194.0-255,1484,51244,64,218547
34693,0.000654,172.217.194.0-255,2902,54146,64,218547
34694,0.000657,172.31.40.0-255,66,54212,64,218547
34695,0.000661,172.217.194.0-255,1484,55696,64,218547
34696,0.000693,172.217.194.0-255,4320,60016,64,218547
34697,0.000696,172.31.40.0-255,66,60082,64,218547
34698,0.000708,172.31.40.0-255,66,60148,64,218547
34699,0.000717,172.217.194.0-255,2902,63050,64,218547
34700,0.000721,172.31.40.0-255,66,63116,64,218547
34701,0.000777,172.31.40.0-255,66,63182,64,218547
34702,0.000781,172.217.194.0-255,1636,64818,64,218547
34703,0.000784,172.31.40.0-255,66,64884,64,218547
34704,0.000789,172.217.194.0-255,2902,67786,64,218547
34705,0.000791,172.31.40.0-255,66,67852,64,218547
34706,0.000795,172.217.194.0-255,2902,70754,64,218547
34707,0.000798,172.31.40.0-255,66,70820,64,218547
34708,0.000816,172.31.40.0-255,101,70921,64,218547
34709,0.000836,172.217.194.0-255,7156,78077,64,218547
34710,0.000838,172.217.194.0-255,1484,79561,64,218547
34711,0.000845,172.31.40.0-255,66,79627,64,218547
34712,0.000888,172.31.40.0-255,66,79693,64,218547
34713,0.000895,172.217.194.0-255,5020,84713,64,218547
34714,0.000897,172.31.40.0-255,66,84779,64,218547
34715,0.000934,172.217.194.0-255,1484,86263,64,218547
34716,0.000939,172.217.194.0-255,2902,89165,64,218547
34717,0.000941,172.31.40.0-255,66,89231,64,218547
34718,0.000976,172.217.194.0-255,5738,94969,64,218547
34719,0.000981,172.31.40.0-255,66,95035,64,218547
34720,0.001024,172.217.194.0-255,2902,97937,64,218547
34721,0.001027,172.31.40.0-255,66,98003,64,218547
34722,0.001055,172.217.194.0-255,2902,100905,64,218547
34723,0.001057,172.31.40.0-255,66,100971,64,218547
34724,0.001071,172.31.40.0-255,66,101037,64,218547
34725,0.001077,172.217.194.0-255,5020,106057,64,218547
34726,0.00108,172.31.40.0-255,66,106123,64,218547
34727,0.001083,172.217.194.0-255,1484,107607,64,218547
34728,0.001087,172.217.194.0-255,2902,110509,64,218547
34729,0.00109,172.31.40.0-255,66,110575,64,218547
34730,0.001092,172.217.194.0-255,1484,112059,64,218547
34731,0.001107,172.217.194.0-255,4320,116379,64,218547
34732,0.00111,172.31.40.0-255,66,116445,64,218547
34733,0.001117,172.217.194.0-255,5738,122183,64,218547
34734,0.00112,172.31.40.0-255,66,122249,64,218547
34735,0.001126,172.217.194.0-255,1484,123733,64,218547
34736,0.001173,172.31.40.0-255,66,123799,64,218547
34737,0.001179,172.217.194.0-255,5020,128819,64,218547
34738,0.001182,172.31.40.0-255,66,128885,64,218547
34739,0.001217,172.217.194.0-255,1484,130369,64,218547
34740,0.001247,172.217.194.0-255,2902,133271,64,218547
34741,0.00125,172.31.40.0-255,66,133337,64,218547
34742,0.001257,172.217.194.0-255,5738,139075,64,218547
34743,0.00126,172.31.40.0-255,66,139141,64,218547
34744,0.001265,172.217.194.0-255,4320,143461,64,218547
34745,0.001296,172.217.194.0-255,2902,146363,64,218547
34746,0.0013,172.217.194.0-255,1484,147847,64,218547
34747,0.00131,172.31.40.0-255,66,147913,64,218547
34748,0.00134,172.217.194.0-255,2184,150097,64,218547
34749,0.001361,172.31.40.0-255,66,150163,64,218547
34750,0.001457,172.217.194.0-255,1484,151647,64,218547
34751,0.001463,172.217.194.0-255,2902,154549,64,218547
34752,0.001469,172.217.194.0-255,2902,157451,64,218547
34753,0.001478,172.31.40.0-255,66,157517,64,218547
34754,0.001488,172.217.194.0-255,2902,160419,64,218547
34755,0.001526,172.31.40.0-255,66,160485,64,218547
34756,0.001552,172.31.40.0-255,66,160551,64,218547
34757,0.001582,172.31.40.0-255,66,160617,64,218547
34758,0.001593,172.217.194.0-255,2902,163519,64,218547
34759,0.001668,172.217.194.0-255,6438,169957,64,218547
34760,0.001701,172.217.194.0-255,5738,175695,64,218547
34761,0.001756,172.217.194.0-255,7156,182851,64,218547
34762,0.001782,172.217.194.0-255,766,183617,64,218547
34763,0.00183,172.217.194.0-255,1484,185101,64,218547
34764,0.001834,172.217.194.0-255,2902,188003,64,218547
34765,0.00184,172.217.194.0-255,4320,192323,64,218547
34766,0.001852,172.217.194.0-255,1484,193807,64,218547
34767,0.001867,172.217.194.0-255,2902,196709,64,218547
34768,0.001883,172.217.194.0-255,4320,201029,64,218547
34769,0.001975,172.217.194.0-255,5738,206767,64,218547
34770,0.001979,172.217.194.0-255,2184,208951,64,218547
34771,0.001992,172.217.194.0-255,2902,211853,64,218547
34772,0.002016,172.217.194.0-255,6286,218139,64,218547
34773,0.002019,172.217.194.0-255,105,218244,64,218547
34774,0.002446,172.31.40.0-255,66,218310,64,218547
34775,0.00303,172.217.194.0-255,66,218376,64,218547
34776,0.004931,172.31.40.0-255,105,218481,64,218547
34777,0.007158,172.217.194.0-255,66,218547,64,218547
34778,0.0,74.125.200.0-255,143,143,64,195562
34779,2.3e-05,172.31.40.0-255,66,209,64,195562
34780,3.1e-05,74.125.200.0-255,1484,1693,64,195562
34781,3.6e-05,172.31.40.0-255,66,1759,64,195562
34782,4.2e-05,74.125.200.0-255,2902,4661,64,195562
34783,4.6e-05,172.31.40.0-255,66,4727,64,195562
34784,5.3e-05,74.125.200.0-255,7156,11883,64,195562
34785,6.3e-05,172.31.40.0-255,66,11949,64,195562
34786,6.8e-05,74.125.200.0-255,1992,13941,64,195562
34787,7.1e-05,172.31.40.0-255,66,14007,64,195562
34788,0.000128,74.125.200.0-255,1484,15491,64,195562
34789,0.000131,172.31.40.0-255,66,15557,64,195562
34790,0.000136,74.125.200.0-255,2902,18459,64,195562
34791,0.000139,172.31.40.0-255,66,18525,64,195562
34792,0.000142,74.125.200.0-255,1484,20009,64,195562
34793,0.000144,172.31.40.0-255,66,20075,64,195562
34794,0.000179,74.125.200.0-255,4320,24395,64,195562
34795,0.000182,172.31.40.0-255,66,24461,64,195562
34796,0.000195,74.125.200.0-255,5738,30199,64,195562
34797,0.000197,172.31.40.0-255,66,30265,64,195562
34798,0.0002,74.125.200.0-255,1125,31390,64,195562
34799,0.000202,172.31.40.0-255,66,31456,64,195562
34800,0.000283,74.125.200.0-255,1484,32940,64,195562
34801,0.000286,172.31.40.0-255,66,33006,64,195562
34802,0.000308,74.125.200.0-255,2902,35908,64,195562
34803,0.000311,172.31.40.0-255,66,35974,64,195562
34804,0.000317,74.125.200.0-255,4320,40294,64,195562
34805,0.000319,172.31.40.0-255,66,40360,64,195562
34806,0.000322,74.125.200.0-255,1484,41844,64,195562
34807,0.000324,172.31.40.0-255,66,41910,64,195562
34808,0.00035,74.125.200.0-255,4320,46230,64,195562
34809,0.000353,172.31.40.0-255,66,46296,64,195562
34810,0.000356,74.125.200.0-255,1484,47780,64,195562
34811,0.000398,172.31.40.0-255,66,47846,64,195562
34812,0.000425,74.125.200.0-255,5738,53584,64,195562
34813,0.000429,172.31.40.0-255,66,53650,64,195562
34814,0.000457,74.125.200.0-255,1125,54775,64,195562
34815,0.00046,74.125.200.0-255,411,55186,64,195562
34816,0.000692,74.125.200.0-255,332,55518,64,195562
34817,0.000697,172.31.40.0-255,66,55584,64,195562
34818,0.001125,74.125.200.0-255,1484,57068,64,195562
34819,0.001132,74.125.200.0-255,2902,59970,64,195562
34820,0.001136,172.31.40.0-255,66,60036,64,195562
34821,0.001171,74.125.200.0-255,5738,65774,64,195562
34822,0.001174,172.31.40.0-255,66,65840,64,195562
34823,0.001177,74.125.200.0-255,1484,67324,64,195562
34824,0.001202,74.125.200.0-255,5738,73062,64,195562
34825,0.001205,172.31.40.0-255,66,73128,64,195562
34826,0.001208,74.125.200.0-255,1484,74612,64,195562
34827,0.00124,74.125.200.0-255,7156,81768,64,195562
34828,0.001243,172.31.40.0-255,66,81834,64,195562
34829,0.001249,74.125.200.0-255,7156,88990,64,195562
34830,0.001252,172.31.40.0-255,66,89056,64,195562
34831,0.001254,74.125.200.0-255,766,89822,64,195562
34832,0.001524,172.31.40.0-255,66,89888,64,195562
34833,0.001825,74.125.200.0-255,1484,91372,64,195562
34834,0.001834,74.125.200.0-255,1484,92856,64,195562
34835,0.001838,172.31.40.0-255,66,92922,64,195562
34836,0.001875,74.125.200.0-255,1484,94406,64,195562
34837,0.001881,74.125.200.0-255,4320,98726,64,195562
34838,0.001884,172.31.40.0-255,66,98792,64,195562
34839,0.001891,74.125.200.0-255,5738,104530,64,195562
34840,0.001893,172.31.40.0-255,66,104596,64,195562
34841,0.001912,74.125.200.0-255,2902,107498,64,195562
34842,0.001915,172.31.40.0-255,66,107564,64,195562
34843,0.001918,74.125.200.0-255,1484,109048,64,195562
34844,0.001932,74.125.200.0-255,2902,111950,64,195562
34845,0.001938,172.31.40.0-255,66,112016,64,195562
34846,0.001975,172.31.40.0-255,66,112082,64,195562
34847,0.001982,74.125.200.0-255,3602,115684,64,195562
34848,0.001984,172.31.40.0-255,66,115750,64,195562
34849,0.004038,74.125.200.0-255,1484,117234,64,195562
34850,0.004056,74.125.200.0-255,4320,121554,64,195562
34851,0.00406,172.31.40.0-255,66,121620,64,195562
34852,0.006142,74.125.200.0-255,5738,127358,64,195562
34853,0.006146,172.31.40.0-255,66,127424,64,195562
34854,0.008235,74.125.200.0-255,5738,133162,64,195562
34855,0.008244,172.31.40.0-255,66,133228,64,195562
34856,0.01033,74.125.200.0-255,5738,138966,64,195562
34857,0.010344,172.31.40.0-255,66,139032,64,195562
34858,0.012438,74.125.200.0-255,5738,144770,64,195562
34859,0.01245,172.31.40.0-255,66,144836,64,195562
34860,0.014533,74.125.200.0-255,5738,150574,64,195562
34861,0.014543,172.31.40.0-255,66,150640,64,195562
34862,0.016641,74.125.200.0-255,5738,156378,64,195562
34863,0.016653,172.31.40.0-255,66,156444,64,195562
34864,0.018731,74.125.200.0-255,5738,162182,64,195562
34865,0.01874,172.31.40.0-255,66,162248,64,195562
34866,0.020859,74.125.200.0-255,5738,167986,64,195562
34867,0.02087,172.31.40.0-255,66,168052,64,195562
34868,0.022944,74.125.200.0-255,5738,173790,64,195562
34869,0.022953,172.31.40.0-255,66,173856,64,195562
34870,0.02507,74.125.200.0-255,5738,179594,64,195562
34871,0.025078,172.31.40.0-255,66,179660,64,195562
34872,0.027163,74.125.200.0-255,5738,185398,64,195562
34873,0.02717,172.31.40.0-255,66,185464,64,195562
34874,0.027251,172.31.40.0-255,172,185636,64,195562
34875,0.027277,172.31.40.0-255,1112,186748,64,195562
34876,0.027326,172.31.40.0-255,1514,188262,64,195562
34877,0.027327,172.31.40.0-255,1298,189560,64,195562
34878,0.028785,104.244.42.0-255,66,189626,64,195562
34879,0.028836,104.244.42.0-255,66,189692,64,195562
34880,0.028885,104.244.42.0-255,66,189758,64,195562
34881,0.02925,74.125.200.0-255,5738,195496,64,195562
34882,0.029257,172.31.40.0-255,66,195562,64,195562
34883,0.0,172.217.24.0-255,153,153,64,204252
34884,2.2e-05,172.31.40.0-255,66,219,64,204252
34885,2.9e-05,172.217.24.0-255,1484,1703,64,204252
34886,3.4e-05,172.31.40.0-255,66,1769,64,204252
34887,3.9e-05,172.217.24.0-255,2902,4671,64,204252
34888,4.1e-05,172.31.40.0-255,66,4737,64,204252
34889,4.5e-05,172.217.24.0-255,2902,7639,64,204252
34890,4.7e-05,172.31.40.0-255,66,7705,64,204252
34891,8.1e-05,172.217.24.0-255,4320,12025,64,204252
34892,8.3e-05,172.31.40.0-255,66,12091,64,204252
34893,0.000105,172.217.24.0-255,2001,14092,64,204252
34894,0.000107,172.31.40.0-255,66,14158,64,204252
34895,0.000324,172.217.24.0-255,1484,15642,64,204252
34896,0.000329,172.31.40.0-255,66,15708,64,204252
34897,0.000335,172.217.24.0-255,2902,18610,64,204252
34898,0.000337,172.31.40.0-255,66,18676,64,204252
34899,0.000355,172.217.24.0-255,4320,22996,64,204252
34900,0.000358,172.31.40.0-255,66,23062,64,204252
34901,0.000387,172.217.24.0-255,4320,27382,64,204252
34902,0.00039,172.31.40.0-255,66,27448,64,204252
34903,0.000417,172.217.24.0-255,3961,31409,64,204252
34904,0.00042,172.31.40.0-255,66,31475,64,204252
34905,0.000502,172.217.24.0-255,1484,32959,64,204252
34906,0.000505,172.31.40.0-255,66,33025,64,204252
34907,0.00051,172.217.24.0-255,2902,35927,64,204252
34908,0.000512,172.31.40.0-255,66,35993,64,204252
34909,0.000543,172.217.24.0-255,5738,41731,64,204252
34910,0.000546,172.31.40.0-255,66,41797,64,204252
34911,0.000552,172.217.24.0-255,6797,48594,64,204252
34912,0.000554,172.31.40.0-255,66,48660,64,204252
34913,0.000902,172.217.24.0-255,1484,50144,64,204252
34914,0.000909,172.31.40.0-255,66,50210,64,204252
34915,0.000918,172.217.24.0-255,2902,53112,64,204252
34916,0.00093,172.217.24.0-255,5738,58850,64,204252
34917,0.000963,172.217.24.0-255,4320,63170,64,204252
34918,0.000976,172.217.24.0-255,2543,65713,64,204252
34919,0.000991,172.217.24.0-255,393,66106,64,204252
34920,0.001323,172.217.24.0-255,1484,67590,64,204252
34921,0.001331,172.217.24.0-255,2902,70492,64,204252
34922,0.001337,172.217.24.0-255,4320,74812,64,204252
34923,0.001352,172.217.24.0-255,1484,76296,64,204252
34924,0.001376,172.217.24.0-255,4320,80616,64,204252
34925,0.001392,172.217.24.0-255,3961,84577,64,204252
34926,0.00141,172.217.24.0-255,1484,86061,64,204252
34927,0.001425,172.217.24.0-255,5083,91144,64,204252
34928,0.00144,172.217.24.0-255,645,91789,64,204252
34929,0.001469,172.217.24.0-255,1484,93273,64,204252
34930,0.001487,172.217.24.0-255,4320,97593,64,204252
34931,0.001503,172.217.24.0-255,2902,100495,64,204252
34932,0.001519,172.217.24.0-255,7156,107651,64,204252
34933,0.001522,172.217.24.0-255,460,108111,64,204252
34934,0.001878,172.217.24.0-255,1484,109595,64,204252
34935,0.001887,172.217.24.0-255,2902,112497,64,204252
34936,0.001893,172.217.24.0-255,4320,116817,64,204252
34937,0.001909,172.217.24.0-255,1484,118301,64,204252
34938,0.001916,172.217.24.0-255,2902,121203,64,204252
34939,0.001928,172.217.24.0-255,4657,125860,64,204252
34940,0.003776,172.31.40.0-255,66,125926,64,204252
34941,0.005734,172.217.24.0-255,4320,130246,64,204252
34942,0.00574,172.31.40.0-255,66,130312,64,204252
34943,0.00577,172.217.24.0-255,1484,131796,64,204252
34944,0.007679,172.217.24.0-255,4320,136116,64,204252
34945,0.007686,172.31.40.0-255,66,136182,64,204252
34946,0.009629,172.217.24.0-255,5738,141920,64,204252
34947,0.010248,172.31.40.0-255,66,141986,64,204252
34948,0.012189,172.217.24.0-255,5738,147724,64,204252
34949,0.012197,172.31.40.0-255,66,147790,64,204252
34950,0.014143,172.217.24.0-255,5738,153528,64,204252
34951,0.014152,172.31.40.0-255,66,153594,64,204252
34952,0.016138,172.217.24.0-255,5738,159332,64,204252
34953,0.016146,172.31.40.0-255,66,159398,64,204252
34954,0.018086,172.217.24.0-255,5738,165136,64,204252
34955,0.018092,172.31.40.0-255,66,165202,64,204252
34956,0.020034,172.217.24.0-255,5738,170940,64,204252
34957,0.020041,172.31.40.0-255,66,171006,64,204252
34958,0.021987,172.217.24.0-255,5738,176744,64,204252
34959,0.021995,172.31.40.0-255,66,176810,64,204252
34960,0.023941,172.217.24.0-255,5738,182548,64,204252
34961,0.023949,172.31.40.0-255,66,182614,64,204252
34962,0.025897,172.217.24.0-255,5738,188352,64,204252
34963,0.025904,172.31.40.0-255,66,188418,64,204252
34964,0.027846,172.217.24.0-255,5738,194156,64,204252
34965,0.027853,172.31.40.0-255,66,194222,64,204252
34966,0.028419,172.31.40.0-255,172,194394,64,204252
34967,0.028451,172.31.40.0-255,1111,195505,64,204252
34968,0.02851,172.31.40.0-255,1514,197019,64,204252
34969,0.028512,172.31.40.0-255,1297,198316,64,204252
34970,0.029801,172.217.24.0-255,5738,204054,64,204252
34971,0.029807,172.31.40.0-255,66,204120,64,204252
34972,0.029942,104.244.42.0-255,66,204186,64,204252
34973,0.029994,104.244.42.0-255,66,204252,64,204252
34974,0.0,74.125.68.0-255,153,153,64,192577
34975,2.3e-05,172.31.40.0-255,66,219,64,192577
34976,9.3e-05,74.125.68.0-255,1484,1703,64,192577
34977,9.8e-05,172.31.40.0-255,66,1769,64,192577
34978,0.000104,74.125.68.0-255,2902,4671,64,192577
34979,0.000108,172.31.40.0-255,66,4737,64,192577
34980,0.00012,74.125.68.0-255,5738,10475,64,192577
34981,0.000123,172.31.40.0-255,66,10541,64,192577
34982,0.000159,74.125.68.0-255,4880,15421,64,192577
34983,0.000162,172.31.40.0-255,66,15487,64,192577
34984,0.000168,74.125.68.0-255,4320,19807,64,192577
34985,0.00017,172.31.40.0-255,66,19873,64,192577
34986,0.000195,74.125.68.0-255,1484,21357,64,192577
34987,0.000197,172.31.40.0-255,66,21423,64,192577
34988,0.000213,172.31.40.0-255,66,21489,64,192577
34989,0.000232,74.125.68.0-255,1125,22614,64,192577
34990,0.000234,172.31.40.0-255,66,22680,64,192577
34991,0.000385,74.125.68.0-255,1484,24164,64,192577
34992,0.000391,172.31.40.0-255,66,24230,64,192577
34993,0.000396,74.125.68.0-255,2902,27132,64,192577
34994,0.000399,172.31.40.0-255,66,27198,64,192577
34995,0.000401,74.125.68.0-255,1484,28682,64,192577
34996,0.000403,172.31.40.0-255,66,28748,64,192577
34997,0.000437,74.125.68.0-255,2902,31650,64,192577
34998,0.00044,172.31.40.0-255,66,31716,64,192577
34999,0.000447,74.125.68.0-255,5738,37454,64,192577
35000,0.000449,172.31.40.0-255,66,37520,64,192577
35001,0.000473,74.125.68.0-255,3961,41481,64,192577
35002,0.000476,172.31.40.0-255,66,41547,64,192577
35003,0.000487,172.31.40.0-255,66,41613,64,192577
35004,0.00049,74.125.68.0-255,1484,43097,64,192577
35005,0.000514,74.125.68.0-255,3961,47058,64,192577
35006,0.000517,172.31.40.0-255,66,47124,64,192577
35007,0.00052,74.125.68.0-255,647,47771,64,192577
35008,0.001051,172.31.40.0-255,66,47837,64,192577
35009,0.001098,74.125.68.0-255,1484,49321,64,192577
35010,0.001113,74.125.68.0-255,2902,52223,64,192577
35011,0.001115,172.31.40.0-255,66,52289,64,192577
35012,0.001119,74.125.68.0-255,1484,53773,64,192577
35013,0.001142,74.125.68.0-255,4320,58093,64,192577
35014,0.001144,172.31.40.0-255,66,58159,64,192577
35015,0.001149,74.125.68.0-255,2902,61061,64,192577
35016,0.00115,172.31.40.0-255,66,61127,64,192577
35017,0.001171,74.125.68.0-255,4320,65447,64,192577
35018,0.001173,172.31.40.0-255,66,65513,64,192577
35019,0.001184,74.125.68.0-255,5738,71251,64,192577
35020,0.001186,172.31.40.0-255,66,71317,64,192577
35021,0.001212,74.125.68.0-255,2902,74219,64,192577
35022,0.001214,172.31.40.0-255,66,74285,64,192577
35023,0.001225,172.31.40.0-255,66,74351,64,192577
35024,0.001907,74.125.68.0-255,1484,75835,64,192577
35025,0.001918,74.125.68.0-255,2902,78737,64,192577
35026,0.001922,172.31.40.0-255,66,78803,64,192577
35027,0.001927,74.125.68.0-255,1484,80287,64,192577
35028,0.00193,74.125.68.0-255,1484,81771,64,192577
35029,0.001932,172.31.40.0-255,66,81837,64,192577
35030,0.001948,74.125.68.0-255,1484,83321,64,192577
35031,0.001951,74.125.68.0-255,1484,84805,64,192577
35032,0.001953,172.31.40.0-255,66,84871,64,192577
35033,0.001983,74.125.68.0-255,4320,89191,64,192577
35034,0.001985,172.31.40.0-255,66,89257,64,192577
35035,0.00199,74.125.68.0-255,2902,92159,64,192577
35036,0.001991,172.31.40.0-255,66,92225,64,192577
35037,0.001997,74.125.68.0-255,4320,96545,64,192577
35038,0.002005,172.31.40.0-255,66,96611,64,192577
35039,0.00204,172.31.40.0-255,66,96677,64,192577
35040,0.002085,74.125.68.0-255,3602,100279,64,192577
35041,0.002088,172.31.40.0-255,66,100345,64,192577
35042,0.002313,74.125.68.0-255,1484,101829,64,192577
35043,0.002327,74.125.68.0-255,2902,104731,64,192577
35044,0.00233,172.31.40.0-255,66,104797,64,192577
35045,0.002335,74.125.68.0-255,2902,107699,64,192577
35046,0.002337,172.31.40.0-255,66,107765,64,192577
35047,0.002355,74.125.68.0-255,1484,109249,64,192577
35048,0.002391,74.125.68.0-255,5738,114987,64,192577
35049,0.002393,172.31.40.0-255,66,115053,64,192577
35050,0.002412,74.125.68.0-255,2902,117955,64,192577
35051,0.002415,172.31.40.0-255,66,118021,64,192577
35052,0.004669,74.125.68.0-255,2902,120923,64,192577
35053,0.004673,172.31.40.0-255,66,120989,64,192577
35054,0.004698,74.125.68.0-255,2902,123891,64,192577
35055,0.004701,172.31.40.0-255,66,123957,64,192577
35056,0.006956,74.125.68.0-255,2902,126859,64,192577
35057,0.006963,172.31.40.0-255,66,126925,64,192577
35058,0.006989,74.125.68.0-255,2902,129827,64,192577
35059,0.006992,172.31.40.0-255,66,129893,64,192577
35060,0.009246,74.125.68.0-255,2902,132795,64,192577
35061,0.009253,172.31.40.0-255,66,132861,64,192577
35062,0.009281,74.125.68.0-255,2902,135763,64,192577
35063,0.009284,172.31.40.0-255,66,135829,64,192577
35064,0.011536,74.125.68.0-255,2902,138731,64,192577
35065,0.011544,172.31.40.0-255,66,138797,64,192577
35066,0.01158,74.125.68.0-255,2902,141699,64,192577
35067,0.011582,172.31.40.0-255,66,141765,64,192577
35068,0.01382,74.125.68.0-255,2902,144667,64,192577
35069,0.013827,172.31.40.0-255,66,144733,64,192577
35070,0.013855,74.125.68.0-255,2902,147635,64,192577
35071,0.013858,172.31.40.0-255,66,147701,64,192577
35072,0.016107,74.125.68.0-255,2902,150603,64,192577
35073,0.016115,172.31.40.0-255,66,150669,64,192577
35074,0.016143,74.125.68.0-255,2902,153571,64,192577
35075,0.016146,172.31.40.0-255,66,153637,64,192577
35076,0.01839,74.125.68.0-255,2902,156539,64,192577
35077,0.018397,172.31.40.0-255,66,156605,64,192577
35078,0.018427,74.125.68.0-255,2902,159507,64,192577
35079,0.01843,172.31.40.0-255,66,159573,64,192577
35080,0.020682,74.125.68.0-255,2902,162475,64,192577
35081,0.020689,172.31.40.0-255,66,162541,64,192577
35082,0.020726,74.125.68.0-255,2902,165443,64,192577
35083,0.020729,172.31.40.0-255,66,165509,64,192577
35084,0.022979,74.125.68.0-255,2902,168411,64,192577
35085,0.022986,172.31.40.0-255,66,168477,64,192577
35086,0.023017,74.125.68.0-255,2902,171379,64,192577
35087,0.023019,172.31.40.0-255,66,171445,64,192577
35088,0.025265,74.125.68.0-255,2902,174347,64,192577
35089,0.025272,172.31.40.0-255,66,174413,64,192577
35090,0.0253,74.125.68.0-255,2902,177315,64,192577
35091,0.025303,172.31.40.0-255,66,177381,64,192577
35092,0.026477,172.31.40.0-255,167,177548,64,192577
35093,0.026507,172.31.40.0-255,1108,178656,64,192577
35094,0.026564,172.31.40.0-255,1514,180170,64,192577
35095,0.026565,172.31.40.0-255,337,180507,64,192577
35096,0.027555,74.125.68.0-255,2902,183409,64,192577
35097,0.027562,172.31.40.0-255,66,183475,64,192577
35098,0.027593,74.125.68.0-255,2902,186377,64,192577
35099,0.027596,172.31.40.0-255,66,186443,64,192577
35100,0.028042,104.244.42.0-255,66,186509,64,192577
35101,0.02805,104.244.42.0-255,66,186575,64,192577
35102,0.028152,104.244.42.0-255,66,186641,64,192577
35103,0.029835,74.125.68.0-255,2902,189543,64,192577
35104,0.029841,172.31.40.0-255,66,189609,64,192577
35105,0.029866,74.125.68.0-255,2902,192511,64,192577
35106,0.029869,172.31.40.0-255,66,192577,64,192577
35107,0.0,74.125.200.0-255,306,306,64,222132
35108,2.2e-05,172.31.40.0-255,66,372,64,222132
35109,2.8e-05,74.125.200.0-255,1484,1856,64,222132
35110,3.2e-05,172.31.40.0-255,66,1922,64,222132
35111,5.8e-05,74.125.200.0-255,4320,6242,64,222132
35112,6.6e-05,172.31.40.0-255,66,6308,64,222132
35113,7e-05,74.125.200.0-255,2902,9210,64,222132
35114,7.3e-05,172.31.40.0-255,66,9276,64,222132
35115,7.9e-05,74.125.200.0-255,4320,13596,64,222132
35116,8.1e-05,172.31.40.0-255,66,13662,64,222132
35117,8.4e-05,74.125.200.0-255,462,14124,64,222132
35118,8.6e-05,172.31.40.0-255,66,14190,64,222132
35119,0.000621,74.125.200.0-255,1484,15674,64,222132
35120,0.000629,172.31.40.0-255,66,15740,64,222132
35121,0.000635,74.125.200.0-255,2902,18642,64,222132
35122,0.000637,172.31.40.0-255,66,18708,64,222132
35123,0.000664,74.125.200.0-255,5738,24446,64,222132
35124,0.000667,172.31.40.0-255,66,24512,64,222132
35125,0.000675,74.125.200.0-255,1484,25996,64,222132
35126,0.000677,172.31.40.0-255,66,26062,64,222132
35127,0.000716,74.125.200.0-255,5379,31441,64,222132
35128,0.00072,172.31.40.0-255,66,31507,64,222132
35129,0.000839,74.125.200.0-255,1484,32991,64,222132
35130,0.000844,172.31.40.0-255,66,33057,64,222132
35131,0.00085,74.125.200.0-255,2902,35959,64,222132
35132,0.000852,172.31.40.0-255,66,36025,64,222132
35133,0.000876,74.125.200.0-255,4320,40345,64,222132
35134,0.000879,172.31.40.0-255,66,40411,64,222132
35135,0.000903,74.125.200.0-255,5738,46149,64,222132
35136,0.000906,172.31.40.0-255,66,46215,64,222132
35137,0.000914,74.125.200.0-255,1484,47699,64,222132
35138,0.000916,172.31.40.0-255,66,47765,64,222132
35139,0.000948,74.125.200.0-255,3961,51726,64,222132
35140,0.000951,172.31.40.0-255,66,51792,64,222132
35141,0.000958,74.125.200.0-255,5738,57530,64,222132
35142,0.00096,172.31.40.0-255,66,57596,64,222132
35143,0.000963,74.125.200.0-255,1484,59080,64,222132
35144,0.001001,74.125.200.0-255,5738,64818,64,222132
35145,0.001004,172.31.40.0-255,66,64884,64,222132
35146,0.001007,74.125.200.0-255,1125,66009,64,222132
35147,0.001739,74.125.200.0-255,645,66654,64,222132
35148,0.001746,172.31.40.0-255,66,66720,64,222132
35149,0.001834,74.125.200.0-255,1484,68204,64,222132
35150,0.001843,74.125.200.0-255,2902,71106,64,222132
35151,0.001846,172.31.40.0-255,66,71172,64,222132
35152,0.001881,74.125.200.0-255,1484,72656,64,222132
35153,0.001912,74.125.200.0-255,2902,75558,64,222132
35154,0.001916,172.31.40.0-255,66,75624,64,222132
35155,0.001946,74.125.200.0-255,5738,81362,64,222132
35156,0.001949,172.31.40.0-255,66,81428,64,222132
35157,0.001955,74.125.200.0-255,5738,87166,64,222132
35158,0.001957,172.31.40.0-255,66,87232,64,222132
35159,0.001961,74.125.200.0-255,1484,88716,64,222132
35160,0.001991,74.125.200.0-255,5738,94454,64,222132
35161,0.001994,172.31.40.0-255,66,94520,64,222132
35162,0.002002,74.125.200.0-255,6438,100958,64,222132
35163,0.002004,172.31.40.0-255,66,101024,64,222132
35164,0.002052,74.125.200.0-255,1484,102508,64,222132
35165,0.0021,74.125.200.0-255,2902,105410,64,222132
35166,0.002104,172.31.40.0-255,66,105476,64,222132
35167,0.002111,74.125.200.0-255,4320,109796,64,222132
35168,0.002114,172.31.40.0-255,66,109862,64,222132
35169,0.002117,74.125.200.0-255,1484,111346,64,222132
35170,0.002146,74.125.200.0-255,7156,118502,64,222132
35171,0.002149,172.31.40.0-255,66,118568,64,222132
35172,0.002156,74.125.200.0-255,7156,125724,64,222132
35173,0.002159,172.31.40.0-255,66,125790,64,222132
35174,0.002162,74.125.200.0-255,1484,127274,64,222132
35175,0.002196,74.125.200.0-255,7156,134430,64,222132
35176,0.0022,172.31.40.0-255,66,134496,64,222132
35177,0.002202,74.125.200.0-255,766,135262,64,222132
35178,0.002224,74.125.200.0-255,1484,136746,64,222132
35179,0.002226,172.31.40.0-255,66,136812,64,222132
35180,0.002247,74.125.200.0-255,4320,141132,64,222132
35181,0.00225,172.31.40.0-255,66,141198,64,222132
35182,0.002256,74.125.200.0-255,4320,145518,64,222132
35183,0.002258,172.31.40.0-255,66,145584,64,222132
35184,0.002281,74.125.200.0-255,1484,147068,64,222132
35185,0.002314,172.31.40.0-255,66,147134,64,222132
35186,0.00234,74.125.200.0-255,1484,148618,64,222132
35187,0.002346,74.125.200.0-255,5738,154356,64,222132
35188,0.002348,172.31.40.0-255,66,154422,64,222132
35189,0.002383,74.125.200.0-255,4320,158742,64,222132
35190,0.002385,172.31.40.0-255,66,158808,64,222132
35191,0.002413,74.125.200.0-255,766,159574,64,222132
35192,0.003821,172.31.40.0-255,66,159640,64,222132
35193,0.00471,74.125.200.0-255,4320,163960,64,222132
35194,0.004717,172.31.40.0-255,66,164026,64,222132
35195,0.006142,74.125.200.0-255,1484,165510,64,222132
35196,0.007045,74.125.200.0-255,4320,169830,64,222132
35197,0.007051,172.31.40.0-255,66,169896,64,222132
35198,0.009377,74.125.200.0-255,5738,175634,64,222132
35199,0.009381,172.31.40.0-255,66,175700,64,222132
35200,0.011708,74.125.200.0-255,5738,181438,64,222132
35201,0.011713,172.31.40.0-255,66,181504,64,222132
35202,0.01404,74.125.200.0-255,5738,187242,64,222132
35203,0.014046,172.31.40.0-255,66,187308,64,222132
35204,0.016373,74.125.200.0-255,5738,193046,64,222132
35205,0.01638,172.31.40.0-255,66,193112,64,222132
35206,0.018708,74.125.200.0-255,5738,198850,64,222132
35207,0.018715,172.31.40.0-255,66,198916,64,222132
35208,0.021049,74.125.200.0-255,5738,204654,64,222132
35209,0.021059,172.31.40.0-255,66,204720,64,222132
35210,0.023384,74.125.200.0-255,5738,210458,64,222132
35211,0.023393,172.31.40.0-255,66,210524,64,222132
35212,0.025737,74.125.200.0-255,5738,216262,64,222132
35213,0.025745,172.31.40.0-255,66,216328,64,222132
35214,0.028062,74.125.200.0-255,5738,222066,64,222132
35215,0.028068,172.31.40.0-255,66,222132,64,222132
35216,0.0,172.217.194.0-255,152,152,64,139446
35217,3e-05,172.31.40.0-255,66,218,64,139446
35218,3.7e-05,172.217.194.0-255,1484,1702,64,139446
35219,4.1e-05,172.31.40.0-255,66,1768,64,139446
35220,6.5e-05,172.217.194.0-255,2902,4670,64,139446
35221,6.9e-05,172.31.40.0-255,66,4736,64,139446
35222,7.7e-05,172.217.194.0-255,7156,11892,64,139446
35223,8e-05,172.31.40.0-255,66,11958,64,139446
35224,9e-05,172.31.40.0-255,66,12024,64,139446
35225,0.000139,172.31.40.0-255,66,12090,64,139446
35226,0.000241,172.217.194.0-255,1484,13574,64,139446
35227,0.000244,172.31.40.0-255,66,13640,64,139446
35228,0.000251,172.217.194.0-255,2902,16542,64,139446
35229,0.000253,172.31.40.0-255,66,16608,64,139446
35230,0.000257,172.217.194.0-255,2902,19510,64,139446
35231,0.000265,172.31.40.0-255,66,19576,64,139446
35232,0.00029,172.217.194.0-255,2902,22478,64,139446
35233,0.000293,172.31.40.0-255,66,22544,64,139446
35234,0.000304,172.31.40.0-255,66,22610,64,139446
35235,0.000334,172.217.194.0-255,5379,27989,64,139446
35236,0.000338,172.31.40.0-255,66,28055,64,139446
35237,0.00035,172.31.40.0-255,66,28121,64,139446
35238,0.000352,172.217.194.0-255,367,28488,64,139446
35239,0.000354,172.31.40.0-255,66,28554,64,139446
35240,0.000562,172.217.194.0-255,376,28930,64,139446
35241,0.000566,172.31.40.0-255,66,28996,64,139446
35242,0.000774,172.217.194.0-255,1484,30480,64,139446
35243,0.000779,172.31.40.0-255,66,30546,64,139446
35244,0.000784,172.217.194.0-255,2902,33448,64,139446
35245,0.00079,172.217.194.0-255,5738,39186,64,139446
35246,0.000793,172.31.40.0-255,66,39252,64,139446
35247,0.0008,172.31.40.0-255,66,39318,64,139446
35248,0.00085,172.31.40.0-255,66,39384,64,139446
35249,0.00087,172.31.40.0-255,66,39450,64,139446
35250,0.001836,172.217.194.0-255,1484,40934,64,139446
35251,0.001847,172.217.194.0-255,2902,43836,64,139446
35252,0.001852,172.31.40.0-255,66,43902,64,139446
35253,0.001859,172.217.194.0-255,5738,49640,64,139446
35254,0.001886,172.217.194.0-255,2902,52542,64,139446
35255,0.001904,172.217.194.0-255,7156,59698,64,139446
35256,0.001921,172.217.194.0-255,2902,62600,64,139446
35257,0.001939,172.217.194.0-255,2902,65502,64,139446
35258,0.00201,172.217.194.0-255,4320,69822,64,139446
35259,0.002016,172.217.194.0-255,4320,74142,64,139446
35260,0.002028,172.217.194.0-255,1484,75626,64,139446
35261,0.002053,172.217.194.0-255,1484,77110,64,139446
35262,0.007353,172.31.40.0-255,66,77176,64,139446
35263,0.009363,172.217.194.0-255,5738,82914,64,139446
35264,0.009374,172.31.40.0-255,66,82980,64,139446
35265,0.011362,172.217.194.0-255,5738,88718,64,139446
35266,0.012208,172.31.40.0-255,66,88784,64,139446
35267,0.014214,172.217.194.0-255,5738,94522,64,139446
35268,0.014221,172.31.40.0-255,66,94588,64,139446
35269,0.01621,172.217.194.0-255,5738,100326,64,139446
35270,0.016218,172.31.40.0-255,66,100392,64,139446
35271,0.018226,172.217.194.0-255,5738,106130,64,139446
35272,0.018232,172.31.40.0-255,66,106196,64,139446
35273,0.020239,172.217.194.0-255,5738,111934,64,139446
35274,0.020246,172.31.40.0-255,66,112000,64,139446
35275,0.02223,172.217.194.0-255,5738,117738,64,139446
35276,0.022237,172.31.40.0-255,66,117804,64,139446
35277,0.024258,172.217.194.0-255,5738,123542,64,139446
35278,0.024267,172.31.40.0-255,66,123608,64,139446
35279,0.026268,172.217.194.0-255,5738,129346,64,139446
35280,0.026275,172.31.40.0-255,66,129412,64,139446
35281,0.028257,172.217.194.0-255,5738,135150,64,139446
35282,0.028264,172.31.40.0-255,66,135216,64,139446
35283,0.028418,172.31.40.0-255,176,135392,64,139446
35284,0.028445,172.31.40.0-255,1112,136504,64,139446
35285,0.028549,172.31.40.0-255,1514,138018,64,139446
35286,0.028552,172.31.40.0-255,1296,139314,64,139446
35287,0.029944,104.244.42.0-255,66,139380,64,139446
35288,0.029995,104.244.42.0-255,66,139446,64,139446
35289,0.0,172.217.194.0-255,146,146,64,254035
35290,1.5e-05,172.31.40.0-255,66,212,64,254035
35291,2.2e-05,172.217.194.0-255,1484,1696,64,254035
35292,2.6e-05,172.31.40.0-255,66,1762,64,254035
35293,3.2e-05,172.217.194.0-255,2902,4664,64,254035
35294,4.3e-05,172.31.40.0-255,66,4730,64,254035
35295,4.8e-05,172.217.194.0-255,4320,9050,64,254035
35296,5.1e-05,172.31.40.0-255,66,9116,64,254035
35297,9.7e-05,172.31.40.0-255,66,9182,64,254035
35298,0.000102,172.217.194.0-255,4320,13502,64,254035
35299,0.000104,172.31.40.0-255,66,13568,64,254035
35300,0.000138,172.217.194.0-255,5738,19306,64,254035
35301,0.000145,172.31.40.0-255,66,19372,64,254035
35302,0.00015,172.217.194.0-255,2543,21915,64,254035
35303,0.000152,172.31.40.0-255,66,21981,64,254035
35304,0.000194,172.217.194.0-255,1484,23465,64,254035
35305,0.000197,172.31.40.0-255,66,23531,64,254035
35306,0.000201,172.217.194.0-255,2902,26433,64,254035
35307,0.000203,172.31.40.0-255,66,26499,64,254035
35308,0.000206,172.217.194.0-255,1484,27983,64,254035
35309,0.000213,172.31.40.0-255,66,28049,64,254035
35310,0.000235,172.217.194.0-255,4320,32369,64,254035
35311,0.000237,172.31.40.0-255,66,32435,64,254035
35312,0.00025,172.217.194.0-255,6797,39232,64,254035
35313,0.000252,172.31.40.0-255,66,39298,64,254035
35314,0.00038,172.217.194.0-255,1484,40782,64,254035
35315,0.000386,172.31.40.0-255,66,40848,64,254035
35316,0.000416,172.217.194.0-255,2902,43750,64,254035
35317,0.000418,172.31.40.0-255,66,43816,64,254035
35318,0.000425,172.217.194.0-255,5738,49554,64,254035
35319,0.000428,172.31.40.0-255,66,49620,64,254035
35320,0.000451,172.217.194.0-255,7073,56693,64,254035
35321,0.000457,172.31.40.0-255,66,56759,64,254035
35322,0.000553,172.217.194.0-255,1484,58243,64,254035
35323,0.000558,172.217.194.0-255,1484,59727,64,254035
35324,0.000561,172.31.40.0-255,66,59793,64,254035
35325,0.000589,172.217.194.0-255,1484,61277,64,254035
35326,0.000596,172.217.194.0-255,5738,67015,64,254035
35327,0.000598,172.31.40.0-255,66,67081,64,254035
35328,0.000606,172.217.194.0-255,6552,73633,64,254035
35329,0.000608,172.31.40.0-255,66,73699,64,254035
35330,0.000663,172.217.194.0-255,1484,75183,64,254035
35331,0.000698,172.31.40.0-255,66,75249,64,254035
35332,0.000705,172.217.194.0-255,5379,80628,64,254035
35333,0.000708,172.31.40.0-255,66,80694,64,254035
35334,0.000892,172.217.194.0-255,1484,82178,64,254035
35335,0.000907,172.217.194.0-255,2902,85080,64,254035
35336,0.00091,172.31.40.0-255,66,85146,64,254035
35337,0.000944,172.217.194.0-255,5738,90884,64,254035
35338,0.000947,172.31.40.0-255,66,90950,64,254035
35339,0.000953,172.217.194.0-255,5738,96688,64,254035
35340,0.000956,172.31.40.0-255,66,96754,64,254035
35341,0.000986,172.217.194.0-255,1125,97879,64,254035
35342,0.001322,172.217.194.0-255,1484,99363,64,254035
35343,0.001326,172.31.40.0-255,66,99429,64,254035
35344,0.001332,172.217.194.0-255,2902,102331,64,254035
35345,0.001334,172.31.40.0-255,66,102397,64,254035
35346,0.001365,172.217.194.0-255,5738,108135,64,254035
35347,0.001367,172.31.40.0-255,66,108201,64,254035
35348,0.001373,172.217.194.0-255,4320,112521,64,254035
35349,0.001375,172.31.40.0-255,66,112587,64,254035
35350,0.001378,172.217.194.0-255,1484,114071,64,254035
35351,0.001421,172.31.40.0-255,66,114137,64,254035
35352,0.001431,172.31.40.0-255,66,114203,64,254035
35353,0.001735,172.217.194.0-255,1484,115687,64,254035
35354,0.001739,172.217.194.0-255,1484,117171,64,254035
35355,0.001742,172.31.40.0-255,66,117237,64,254035
35356,0.001754,172.217.194.0-255,1484,118721,64,254035
35357,0.001764,172.217.194.0-255,5738,124459,64,254035
35358,0.001767,172.31.40.0-255,66,124525,64,254035
35359,0.001795,172.217.194.0-255,1484,126009,64,254035
35360,0.00181,172.217.194.0-255,5738,131747,64,254035
35361,0.001812,172.31.40.0-255,66,131813,64,254035
35362,0.001844,172.217.194.0-255,5738,137551,64,254035
35363,0.001847,172.31.40.0-255,66,137617,64,254035
35364,0.001863,172.31.40.0-255,66,137683,64,254035
35365,0.001977,172.217.194.0-255,1484,139167,64,254035
35366,0.001981,172.217.194.0-255,2902,142069,64,254035
35367,0.00199,172.31.40.0-255,66,142135,64,254035
35368,0.001996,172.217.194.0-255,2902,145037,64,254035
35369,0.001998,172.31.40.0-255,66,145103,64,254035
35370,0.002024,172.217.194.0-255,2902,148005,64,254035
35371,0.002026,172.31.40.0-255,66,148071,64,254035
35372,0.002033,172.217.194.0-255,7156,155227,64,254035
35373,0.002035,172.31.40.0-255,66,155293,64,254035
35374,0.002066,172.217.194.0-255,5738,161031,64,254035
35375,0.002068,172.31.40.0-255,66,161097,64,254035
35376,0.002081,172.31.40.0-255,66,161163,64,254035
35377,0.002135,172.217.194.0-255,1484,162647,64,254035
35378,0.002149,172.217.194.0-255,2902,165549,64,254035
35379,0.002153,172.31.40.0-255,66,165615,64,254035
35380,0.002156,172.217.194.0-255,1484,167099,64,254035
35381,0.002176,172.217.194.0-255,4320,171419,64,254035
35382,0.002178,172.31.40.0-255,66,171485,64,254035
35383,0.0022,172.217.194.0-255,5738,177223,64,254035
35384,0.002203,172.31.40.0-255,66,177289,64,254035
35385,0.00223,172.217.194.0-255,2902,180191,64,254035
35386,0.002233,172.31.40.0-255,66,180257,64,254035
35387,0.002257,172.217.194.0-255,5738,185995,64,254035
35388,0.00226,172.31.40.0-255,66,186061,64,254035
35389,0.002297,172.31.40.0-255,66,186127,64,254035
35390,0.002458,172.217.194.0-255,1484,187611,64,254035
35391,0.002464,172.217.194.0-255,2902,190513,64,254035
35392,0.002468,172.31.40.0-255,66,190579,64,254035
35393,0.002473,172.217.194.0-255,2902,193481,64,254035
35394,0.002476,172.31.40.0-255,66,193547,64,254035
35395,0.002507,172.217.194.0-255,2902,196449,64,254035
35396,0.00251,172.31.40.0-255,66,196515,64,254035
35397,0.002525,172.31.40.0-255,66,196581,64,254035
35398,0.002595,172.31.40.0-255,66,196647,64,254035
35399,0.002606,172.217.194.0-255,766,197413,64,254035
35400,0.00514,172.217.194.0-255,4320,201733,64,254035
35401,0.00516,172.31.40.0-255,66,201799,64,254035
35402,0.007756,172.217.194.0-255,5738,207537,64,254035
35403,0.007771,172.31.40.0-255,66,207603,64,254035
35404,0.010324,172.217.194.0-255,5738,213341,64,254035
35405,0.010332,172.31.40.0-255,66,213407,64,254035
35406,0.012897,172.217.194.0-255,5738,219145,64,254035
35407,0.012907,172.31.40.0-255,66,219211,64,254035
35408,0.015554,172.217.194.0-255,5738,224949,64,254035
35409,0.015569,172.31.40.0-255,66,225015,64,254035
35410,0.018144,172.217.194.0-255,5738,230753,64,254035
35411,0.018153,172.31.40.0-255,66,230819,64,254035
35412,0.020739,172.217.194.0-255,5738,236557,64,254035
35413,0.020756,172.31.40.0-255,66,236623,64,254035
35414,0.023311,172.217.194.0-255,5738,242361,64,254035
35415,0.02332,172.31.40.0-255,66,242427,64,254035
35416,0.025908,172.217.194.0-255,5738,248165,64,254035
35417,0.025916,172.31.40.0-255,66,248231,64,254035
35418,0.028509,172.217.194.0-255,5738,253969,64,254035
35419,0.028518,172.31.40.0-255,66,254035,64,254035
35420,0.0,74.125.130.0-255,152,152,64,181489
35421,1.6e-05,172.31.40.0-255,66,218,64,181489
35422,2.2e-05,74.125.130.0-255,1484,1702,64,181489
35423,2.7e-05,172.31.40.0-255,66,1768,64,181489
35424,5.7e-05,74.125.130.0-255,2902,4670,64,181489
35425,6e-05,172.31.40.0-255,66,4736,64,181489
35426,7.1e-05,74.125.130.0-255,4320,9056,64,181489
35427,7.4e-05,172.31.40.0-255,66,9122,64,181489
35428,0.000108,74.125.130.0-255,4865,13987,64,181489
35429,0.000111,172.31.40.0-255,66,14053,64,181489
35430,0.000275,74.125.130.0-255,1484,15537,64,181489
35431,0.00028,172.31.40.0-255,66,15603,64,181489
35432,0.000298,74.125.130.0-255,1484,17087,64,181489
35433,0.000301,172.31.40.0-255,66,17153,64,181489
35434,0.000306,74.125.130.0-255,2902,20055,64,181489
35435,0.000308,172.31.40.0-255,66,20121,64,181489
35436,0.000343,74.125.130.0-255,5738,25859,64,181489
35437,0.000346,172.31.40.0-255,66,25925,64,181489
35438,0.000372,74.125.130.0-255,1484,27409,64,181489
35439,0.000374,172.31.40.0-255,66,27475,64,181489
35440,0.000379,74.125.130.0-255,2902,30377,64,181489
35441,0.000382,172.31.40.0-255,66,30443,64,181489
35442,0.000403,74.125.130.0-255,1125,31568,64,181489
35443,0.000409,172.31.40.0-255,66,31634,64,181489
35444,0.000434,74.125.130.0-255,1484,33118,64,181489
35445,0.000437,172.31.40.0-255,66,33184,64,181489
35446,0.000456,74.125.130.0-255,4320,37504,64,181489
35447,0.000459,172.31.40.0-255,66,37570,64,181489
35448,0.000488,74.125.130.0-255,5738,43308,64,181489
35449,0.00049,172.31.40.0-255,66,43374,64,181489
35450,0.000504,74.125.130.0-255,4320,47694,64,181489
35451,0.00051,172.31.40.0-255,66,47760,64,181489
35452,0.000535,74.125.130.0-255,1125,48885,64,181489
35453,0.000848,74.125.130.0-255,1484,50369,64,181489
35454,0.000852,172.31.40.0-255,66,50435,64,181489
35455,0.000857,74.125.130.0-255,1484,51919,64,181489
35456,0.000861,74.125.130.0-255,2902,54821,64,181489
35457,0.000863,172.31.40.0-255,66,54887,64,181489
35458,0.000894,74.125.130.0-255,5738,60625,64,181489
35459,0.000898,172.31.40.0-255,66,60691,64,181489
35460,0.000918,74.125.130.0-255,5379,66070,64,181489
35461,0.000921,172.31.40.0-255,66,66136,64,181489
35462,0.000946,74.125.130.0-255,645,66781,64,181489
35463,0.001067,74.125.130.0-255,1484,68265,64,181489
35464,0.001071,172.31.40.0-255,66,68331,64,181489
35465,0.001089,74.125.130.0-255,2902,71233,64,181489
35466,0.001094,172.31.40.0-255,66,71299,64,181489
35467,0.001109,74.125.130.0-255,5738,77037,64,181489
35468,0.001115,172.31.40.0-255,66,77103,64,181489
35469,0.001119,74.125.130.0-255,2902,80005,64,181489
35470,0.00112,172.31.40.0-255,66,80071,64,181489
35471,0.001126,74.125.130.0-255,3961,84032,64,181489
35472,0.001128,172.31.40.0-255,66,84098,64,181489
35473,0.001151,74.125.130.0-255,5738,89836,64,181489
35474,0.001158,172.31.40.0-255,66,89902,64,181489
35475,0.001183,74.125.130.0-255,2902,92804,64,181489
35476,0.001185,172.31.40.0-255,66,92870,64,181489
35477,0.00119,74.125.130.0-255,2902,95772,64,181489
35478,0.001193,172.31.40.0-255,66,95838,64,181489
35479,0.001228,74.125.130.0-255,2902,98740,64,181489
35480,0.001233,172.31.40.0-255,66,98806,64,181489
35481,0.001252,74.125.130.0-255,2543,101349,64,181489
35482,0.001255,172.31.40.0-255,66,101415,64,181489
35483,0.003296,74.125.130.0-255,2902,104317,64,181489
35484,0.003303,172.31.40.0-255,66,104383,64,181489
35485,0.003333,74.125.130.0-255,2902,107285,64,181489
35486,0.003336,172.31.40.0-255,66,107351,64,181489
35487,0.005367,74.125.130.0-255,2902,110253,64,181489
35488,0.005373,172.31.40.0-255,66,110319,64,181489
35489,0.0054,74.125.130.0-255,2902,113221,64,181489
35490,0.005403,172.31.40.0-255,66,113287,64,181489
35491,0.007443,74.125.130.0-255,2902,116189,64,181489
35492,0.007448,172.31.40.0-255,66,116255,64,181489
35493,0.007479,74.125.130.0-255,2902,119157,64,181489
35494,0.007482,172.31.40.0-255,66,119223,64,181489
35495,0.009522,74.125.130.0-255,2902,122125,64,181489
35496,0.009529,172.31.40.0-255,66,122191,64,181489
35497,0.009565,74.125.130.0-255,2902,125093,64,181489
35498,0.009567,172.31.40.0-255,66,125159,64,181489
35499,0.011607,74.125.130.0-255,5738,130897,64,181489
35500,0.011617,172.31.40.0-255,66,130963,64,181489
35501,0.013688,74.125.130.0-255,5738,136701,64,181489
35502,0.013696,172.31.40.0-255,66,136767,64,181489
35503,0.01577,74.125.130.0-255,5738,142505,64,181489
35504,0.01578,172.31.40.0-255,66,142571,64,181489
35505,0.01789,74.125.130.0-255,5738,148309,64,181489
35506,0.017898,172.31.40.0-255,66,148375,64,181489
35507,0.019977,74.125.130.0-255,5738,154113,64,181489
35508,0.019984,172.31.40.0-255,66,154179,64,181489
35509,0.02206,74.125.130.0-255,5738,159917,64,181489
35510,0.022067,172.31.40.0-255,66,159983,64,181489
35511,0.024148,74.125.130.0-255,5738,165721,64,181489
35512,0.024157,172.31.40.0-255,66,165787,64,181489
35513,0.026219,74.125.130.0-255,5738,171525,64,181489
35514,0.026226,172.31.40.0-255,66,171591,64,181489
35515,0.0283,74.125.130.0-255,5738,177329,64,181489
35516,0.028308,172.31.40.0-255,66,177395,64,181489
35517,0.028519,172.31.40.0-255,172,177567,64,181489
35518,0.028548,172.31.40.0-255,1112,178679,64,181489
35519,0.028606,172.31.40.0-255,1514,180193,64,181489
35520,0.028608,172.31.40.0-255,1296,181489,64,181489
35521,0.0,172.217.194.0-255,297,297,64,160477
35522,2.9e-05,172.31.40.0-255,66,363,64,160477
35523,3.6e-05,172.217.194.0-255,1484,1847,64,160477
35524,4e-05,172.31.40.0-255,66,1913,64,160477
35525,4.7e-05,172.217.194.0-255,4320,6233,64,160477
35526,4.9e-05,172.31.40.0-255,66,6299,64,160477
35527,6.1e-05,172.31.40.0-255,66,6365,64,160477
35528,0.000813,172.217.194.0-255,1484,7849,64,160477
35529,0.000819,172.31.40.0-255,66,7915,64,160477
35530,0.000828,172.217.194.0-255,2902,10817,64,160477
35531,0.00083,172.31.40.0-255,66,10883,64,160477
35532,0.000838,172.217.194.0-255,5738,16621,64,160477
35533,0.000841,172.31.40.0-255,66,16687,64,160477
35534,0.000882,172.31.40.0-255,66,16753,64,160477
35535,0.000893,172.31.40.0-255,66,16819,64,160477
35536,0.000932,172.217.194.0-255,2902,19721,64,160477
35537,0.000935,172.31.40.0-255,66,19787,64,160477
35538,0.000964,172.31.40.0-255,66,19853,64,160477
35539,0.000988,172.217.194.0-255,377,20230,64,160477
35540,0.000992,172.31.40.0-255,66,20296,64,160477
35541,0.001064,172.217.194.0-255,367,20663,64,160477
35542,0.001069,172.31.40.0-255,66,20729,64,160477
35543,0.001133,172.217.194.0-255,1484,22213,64,160477
35544,0.001136,172.31.40.0-255,66,22279,64,160477
35545,0.001142,172.217.194.0-255,2902,25181,64,160477
35546,0.001144,172.31.40.0-255,66,25247,64,160477
35547,0.001188,172.217.194.0-255,5738,30985,64,160477
35548,0.001191,172.31.40.0-255,66,31051,64,160477
35549,0.001205,172.31.40.0-255,66,31117,64,160477
35550,0.001218,172.31.40.0-255,66,31183,64,160477
35551,0.001305,172.217.194.0-255,1484,32667,64,160477
35552,0.001312,172.217.194.0-255,2902,35569,64,160477
35553,0.001315,172.31.40.0-255,66,35635,64,160477
35554,0.001321,172.217.194.0-255,4320,39955,64,160477
35555,0.001324,172.31.40.0-255,66,40021,64,160477
35556,0.001336,172.217.194.0-255,1484,41505,64,160477
35557,0.001353,172.217.194.0-255,5738,47243,64,160477
35558,0.001356,172.31.40.0-255,66,47309,64,160477
35559,0.001378,172.217.194.0-255,4320,51629,64,160477
35560,0.001381,172.31.40.0-255,66,51695,64,160477
35561,0.001394,172.31.40.0-255,66,51761,64,160477
35562,0.001398,172.217.194.0-255,2184,53945,64,160477
35563,0.0014,172.31.40.0-255,66,54011,64,160477
35564,0.001652,172.217.194.0-255,1484,55495,64,160477
35565,0.001659,172.217.194.0-255,2902,58397,64,160477
35566,0.001662,172.31.40.0-255,66,58463,64,160477
35567,0.001684,172.217.194.0-255,5738,64201,64,160477
35568,0.001686,172.31.40.0-255,66,64267,64,160477
35569,0.001717,172.31.40.0-255,66,64333,64,160477
35570,0.001738,172.217.194.0-255,1484,65817,64,160477
35571,0.001749,172.31.40.0-255,66,65883,64,160477
35572,0.001771,172.217.194.0-255,5020,70903,64,160477
35573,0.001774,172.31.40.0-255,66,70969,64,160477
35574,0.001897,172.217.194.0-255,1484,72453,64,160477
35575,0.001903,172.217.194.0-255,2902,75355,64,160477
35576,0.001906,172.31.40.0-255,66,75421,64,160477
35577,0.001913,172.217.194.0-255,4320,79741,64,160477
35578,0.001915,172.31.40.0-255,66,79807,64,160477
35579,0.001939,172.217.194.0-255,1484,81291,64,160477
35580,0.001944,172.217.194.0-255,4320,85611,64,160477
35581,0.001947,172.31.40.0-255,66,85677,64,160477
35582,0.001974,172.31.40.0-255,66,85743,64,160477
35583,0.001999,172.217.194.0-255,5738,91481,64,160477
35584,0.002002,172.31.40.0-255,66,91547,64,160477
35585,0.002025,172.217.194.0-255,5020,96567,64,160477
35586,0.002028,172.31.40.0-255,66,96633,64,160477
35587,0.00432,172.217.194.0-255,5738,102371,64,160477
35588,0.004327,172.31.40.0-255,66,102437,64,160477
35589,0.006614,172.217.194.0-255,5738,108175,64,160477
35590,0.006617,172.31.40.0-255,66,108241,64,160477
35591,0.008909,172.217.194.0-255,5738,113979,64,160477
35592,0.008915,172.31.40.0-255,66,114045,64,160477
35593,0.011251,172.217.194.0-255,5738,119783,64,160477
35594,0.011262,172.31.40.0-255,66,119849,64,160477
35595,0.013587,172.217.194.0-255,5738,125587,64,160477
35596,0.013597,172.31.40.0-255,66,125653,64,160477
35597,0.015907,172.217.194.0-255,5738,131391,64,160477
35598,0.015918,172.31.40.0-255,66,131457,64,160477
35599,0.018254,172.217.194.0-255,5738,137195,64,160477
35600,0.018265,172.31.40.0-255,66,137261,64,160477
35601,0.020549,172.217.194.0-255,5738,142999,64,160477
35602,0.020558,172.31.40.0-255,66,143065,64,160477
35603,0.022976,172.217.194.0-255,5738,148803,64,160477
35604,0.022983,172.31.40.0-255,66,148869,64,160477
35605,0.025322,172.217.194.0-255,5738,154607,64,160477
35606,0.02534,172.31.40.0-255,66,154673,64,160477
35607,0.027666,172.217.194.0-255,5738,160411,64,160477
35608,0.027677,172.31.40.0-255,66,160477,64,160477
35609,0.0,172.217.194.0-255,146,146,64,246661
35610,2.7e-05,172.31.40.0-255,66,212,64,246661
35611,3.2e-05,172.217.194.0-255,1484,1696,64,246661
35612,3.7e-05,172.31.40.0-255,66,1762,64,246661
35613,4.1e-05,172.217.194.0-255,1484,3246,64,246661
35614,4.3e-05,172.31.40.0-255,66,3312,64,246661
35615,5.4e-05,172.217.194.0-255,2902,6214,64,246661
35616,5.7e-05,172.31.40.0-255,66,6280,64,246661
35617,6.3e-05,172.217.194.0-255,5738,12018,64,246661
35618,6.6e-05,172.31.40.0-255,66,12084,64,246661
35619,0.000109,172.31.40.0-255,66,12150,64,246661
35620,0.000115,172.217.194.0-255,5379,17529,64,246661
35621,0.000117,172.31.40.0-255,66,17595,64,246661
35622,0.000156,172.217.194.0-255,1484,19079,64,246661
35623,0.000159,172.31.40.0-255,66,19145,64,246661
35624,0.000165,172.217.194.0-255,2902,22047,64,246661
35625,0.000169,172.31.40.0-255,66,22113,64,246661
35626,0.000172,172.217.194.0-255,1484,23597,64,246661
35627,0.000173,172.31.40.0-255,66,23663,64,246661
35628,0.000211,172.217.194.0-255,4320,27983,64,246661
35629,0.000215,172.31.40.0-255,66,28049,64,246661
35630,0.000233,172.31.40.0-255,66,28115,64,246661
35631,0.000261,172.217.194.0-255,4320,32435,64,246661
35632,0.000265,172.31.40.0-255,66,32501,64,246661
35633,0.000306,172.31.40.0-255,66,32567,64,246661
35634,0.000309,172.217.194.0-255,123,32690,64,246661
35635,0.000311,172.31.40.0-255,66,32756,64,246661
35636,0.000364,172.217.194.0-255,1484,34240,64,246661
35637,0.000368,172.31.40.0-255,66,34306,64,246661
35638,0.000373,172.217.194.0-255,2902,37208,64,246661
35639,0.000375,172.31.40.0-255,66,37274,64,246661
35640,0.000379,172.217.194.0-255,1484,38758,64,246661
35641,0.000412,172.217.194.0-255,4320,43078,64,246661
35642,0.000416,172.31.40.0-255,66,43144,64,246661
35643,0.000423,172.217.194.0-255,5738,48882,64,246661
35644,0.000425,172.31.40.0-255,66,48948,64,246661
35645,0.000453,172.217.194.0-255,1434,50382,64,246661
35646,0.000581,172.217.194.0-255,1484,51866,64,246661
35647,0.000586,172.31.40.0-255,66,51932,64,246661
35648,0.00059,172.217.194.0-255,1484,53416,64,246661
35649,0.000613,172.217.194.0-255,1484,54900,64,246661
35650,0.000616,172.31.40.0-255,66,54966,64,246661
35651,0.000623,172.217.194.0-255,5738,60704,64,246661
35652,0.000626,172.31.40.0-255,66,60770,64,246661
35653,0.000661,172.217.194.0-255,4320,65090,64,246661
35654,0.000664,172.31.40.0-255,66,65156,64,246661
35655,0.000697,172.217.194.0-255,2902,68058,64,246661
35656,0.0007,172.31.40.0-255,66,68124,64,246661
35657,0.000719,172.31.40.0-255,66,68190,64,246661
35658,0.000723,172.217.194.0-255,1634,69824,64,246661
35659,0.000725,172.31.40.0-255,66,69890,64,246661
35660,0.00073,172.217.194.0-255,2902,72792,64,246661
35661,0.000732,172.31.40.0-255,66,72858,64,246661
35662,0.000737,172.217.194.0-255,4320,77178,64,246661
35663,0.000739,172.31.40.0-255,66,77244,64,246661
35664,0.000744,172.217.194.0-255,4320,81564,64,246661
35665,0.000749,172.31.40.0-255,66,81630,64,246661
35666,0.000768,172.217.194.0-255,4320,85950,64,246661
35667,0.000775,172.31.40.0-255,66,86016,64,246661
35668,0.000788,172.31.40.0-255,66,86082,64,246661
35669,0.000824,172.217.194.0-255,6438,92520,64,246661
35670,0.000828,172.31.40.0-255,66,92586,64,246661
35671,0.000832,172.217.194.0-255,4320,96906,64,246661
35672,0.000835,172.31.40.0-255,66,96972,64,246661
35673,0.000847,172.217.194.0-255,5738,102710,64,246661
35674,0.00085,172.31.40.0-255,66,102776,64,246661
35675,0.000885,172.217.194.0-255,6797,109573,64,246661
35676,0.000889,172.31.40.0-255,66,109639,64,246661
35677,0.000893,172.217.194.0-255,2902,112541,64,246661
35678,0.000896,172.31.40.0-255,66,112607,64,246661
35679,0.000917,172.217.194.0-255,4320,116927,64,246661
35680,0.00092,172.31.40.0-255,66,116993,64,246661
35681,0.000933,172.217.194.0-255,7156,124149,64,246661
35682,0.000936,172.31.40.0-255,66,124215,64,246661
35683,0.000964,172.217.194.0-255,2902,127117,64,246661
35684,0.000968,172.31.40.0-255,66,127183,64,246661
35685,0.000986,172.217.194.0-255,2902,130085,64,246661
35686,0.000989,172.31.40.0-255,66,130151,64,246661
35687,0.001029,172.31.40.0-255,66,130217,64,246661
35688,0.001194,172.217.194.0-255,1484,131701,64,246661
35689,0.001219,172.217.194.0-255,2902,134603,64,246661
35690,0.001223,172.31.40.0-255,66,134669,64,246661
35691,0.001226,172.217.194.0-255,1484,136153,64,246661
35692,0.001258,172.217.194.0-255,4320,140473,64,246661
35693,0.001261,172.31.40.0-255,66,140539,64,246661
35694,0.001265,172.217.194.0-255,2902,143441,64,246661
35695,0.001267,172.31.40.0-255,66,143507,64,246661
35696,0.00131,172.31.40.0-255,66,143573,64,246661
35697,0.001324,172.217.194.0-255,4320,147893,64,246661
35698,0.001331,172.31.40.0-255,66,147959,64,246661
35699,0.001353,172.217.194.0-255,6438,154397,64,246661
35700,0.001356,172.31.40.0-255,66,154463,64,246661
35701,0.002005,172.217.194.0-255,1484,155947,64,246661
35702,0.002011,172.217.194.0-255,2902,158849,64,246661
35703,0.002016,172.217.194.0-255,5738,164587,64,246661
35704,0.002016,172.31.40.0-255,66,164653,64,246661
35705,0.00202,172.31.40.0-255,66,164719,64,246661
35706,0.002041,172.31.40.0-255,66,164785,64,246661
35707,0.002054,172.31.40.0-255,66,164851,64,246661
35708,0.002059,172.217.194.0-255,2902,167753,64,246661
35709,0.002061,172.31.40.0-255,66,167819,64,246661
35710,0.002107,172.31.40.0-255,66,167885,64,246661
35711,0.00413,172.217.194.0-255,5738,173623,64,246661
35712,0.00414,172.31.40.0-255,66,173689,64,246661
35713,0.006161,172.217.194.0-255,5738,179427,64,246661
35714,0.006165,172.31.40.0-255,66,179493,64,246661
35715,0.008193,172.217.194.0-255,5738,185231,64,246661
35716,0.0082,172.31.40.0-255,66,185297,64,246661
35717,0.010215,172.217.194.0-255,5738,191035,64,246661
35718,0.010222,172.31.40.0-255,66,191101,64,246661
35719,0.012243,172.217.194.0-255,5738,196839,64,246661
35720,0.012251,172.31.40.0-255,66,196905,64,246661
35721,0.014274,172.217.194.0-255,5738,202643,64,246661
35722,0.014281,172.31.40.0-255,66,202709,64,246661
35723,0.016288,172.217.194.0-255,5738,208447,64,246661
35724,0.016294,172.31.40.0-255,66,208513,64,246661
35725,0.018304,172.217.194.0-255,5738,214251,64,246661
35726,0.018312,172.31.40.0-255,66,214317,64,246661
35727,0.02031,172.217.194.0-255,5738,220055,64,246661
35728,0.020317,172.31.40.0-255,66,220121,64,246661
35729,0.022345,172.217.194.0-255,5738,225859,64,246661
35730,0.022357,172.31.40.0-255,66,225925,64,246661
35731,0.024367,172.217.194.0-255,5738,231663,64,246661
35732,0.024373,172.31.40.0-255,66,231729,64,246661
35733,0.025312,172.31.40.0-255,167,231896,64,246661
35734,0.025342,172.31.40.0-255,1107,233003,64,246661
35735,0.02538,172.31.40.0-255,1514,234517,64,246661
35736,0.025381,172.31.40.0-255,338,234855,64,246661
35737,0.026371,172.217.194.0-255,5738,240593,64,246661
35738,0.026376,172.31.40.0-255,66,240659,64,246661
35739,0.026869,104.244.42.0-255,66,240725,64,246661
35740,0.026914,104.244.42.0-255,66,240791,64,246661
35741,0.026956,104.244.42.0-255,66,240857,64,246661
35742,0.028384,172.217.194.0-255,5738,246595,64,246661
35743,0.028388,172.31.40.0-255,66,246661,64,246661
35744,0.0,74.125.68.0-255,153,153,64,274204
35745,2.1e-05,172.31.40.0-255,66,219,64,274204
35746,2.8e-05,74.125.68.0-255,1484,1703,64,274204
35747,3.2e-05,172.31.40.0-255,66,1769,64,274204
35748,3.9e-05,74.125.68.0-255,2902,4671,64,274204
35749,5e-05,172.31.40.0-255,66,4737,64,274204
35750,5.7e-05,74.125.68.0-255,5738,10475,64,274204
35751,6e-05,172.31.40.0-255,66,10541,64,274204
35752,6.5e-05,74.125.68.0-255,3420,13961,64,274204
35753,6.8e-05,172.31.40.0-255,66,14027,64,274204
35754,7.3e-05,74.125.68.0-255,2902,16929,64,274204
35755,7.6e-05,172.31.40.0-255,66,16995,64,274204
35756,9.4e-05,74.125.68.0-255,1484,18479,64,274204
35757,9.6e-05,172.31.40.0-255,66,18545,64,274204
35758,9.9e-05,74.125.68.0-255,1484,20029,64,274204
35759,0.000102,172.31.40.0-255,66,20095,64,274204
35760,0.000138,172.31.40.0-255,66,20161,64,274204
35761,0.000142,74.125.68.0-255,2543,22704,64,274204
35762,0.000144,172.31.40.0-255,66,22770,64,274204
35763,0.000211,74.125.68.0-255,1484,24254,64,274204
35764,0.000215,172.31.40.0-255,66,24320,64,274204
35765,0.000225,74.125.68.0-255,2902,27222,64,274204
35766,0.000228,172.31.40.0-255,66,27288,64,274204
35767,0.000237,74.125.68.0-255,4320,31608,64,274204
35768,0.000252,172.31.40.0-255,66,31674,64,274204
35769,0.000277,74.125.68.0-255,1484,33158,64,274204
35770,0.00028,172.31.40.0-255,66,33224,64,274204
35771,0.000291,172.31.40.0-255,66,33290,64,274204
35772,0.000297,74.125.68.0-255,5738,39028,64,274204
35773,0.0003,172.31.40.0-255,66,39094,64,274204
35774,0.000325,74.125.68.0-255,2902,41996,64,274204
35775,0.000327,172.31.40.0-255,66,42062,64,274204
35776,0.000334,74.125.68.0-255,6797,48859,64,274204
35777,0.000337,172.31.40.0-255,66,48925,64,274204
35778,0.000375,74.125.68.0-255,647,49572,64,274204
35779,0.000502,74.125.68.0-255,1484,51056,64,274204
35780,0.000506,172.31.40.0-255,66,51122,64,274204
35781,0.000531,74.125.68.0-255,2902,54024,64,274204
35782,0.000533,172.31.40.0-255,66,54090,64,274204
35783,0.000538,74.125.68.0-255,4320,58410,64,274204
35784,0.00054,172.31.40.0-255,66,58476,64,274204
35785,0.000572,74.125.68.0-255,2902,61378,64,274204
35786,0.000575,172.31.40.0-255,66,61444,64,274204
35787,0.000595,74.125.68.0-255,5379,66823,64,274204
35788,0.000597,172.31.40.0-255,66,66889,64,274204
35789,0.000638,74.125.68.0-255,1484,68373,64,274204
35790,0.000652,74.125.68.0-255,2902,71275,64,274204
35791,0.000655,172.31.40.0-255,66,71341,64,274204
35792,0.000701,74.125.68.0-255,5738,77079,64,274204
35793,0.000704,172.31.40.0-255,66,77145,64,274204
35794,0.00071,74.125.68.0-255,6247,83392,64,274204
35795,0.000712,172.31.40.0-255,66,83458,64,274204
35796,0.000896,74.125.68.0-255,1484,84942,64,274204
35797,0.000914,74.125.68.0-255,2902,87844,64,274204
35798,0.000917,172.31.40.0-255,66,87910,64,274204
35799,0.000923,74.125.68.0-255,4320,92230,64,274204
35800,0.000925,172.31.40.0-255,66,92296,64,274204
35801,0.000953,74.125.68.0-255,1484,93780,64,274204
35802,0.000959,74.125.68.0-255,7156,100936,64,274204
35803,0.000964,172.31.40.0-255,66,101002,64,274204
35804,0.000999,172.31.40.0-255,66,101068,64,274204
35805,0.001029,74.125.68.0-255,4320,105388,64,274204
35806,0.001033,172.31.40.0-255,66,105454,64,274204
35807,0.001058,74.125.68.0-255,2184,107638,64,274204
35808,0.001061,172.31.40.0-255,66,107704,64,274204
35809,0.001161,74.125.68.0-255,1484,109188,64,274204
35810,0.001165,74.125.68.0-255,1484,110672,64,274204
35811,0.001168,172.31.40.0-255,66,110738,64,274204
35812,0.001194,74.125.68.0-255,1484,112222,64,274204
35813,0.0012,74.125.68.0-255,4320,116542,64,274204
35814,0.001202,172.31.40.0-255,66,116608,64,274204
35815,0.001205,74.125.68.0-255,1484,118092,64,274204
35816,0.001231,74.125.68.0-255,7156,125248,64,274204
35817,0.001235,172.31.40.0-255,66,125314,64,274204
35818,0.001242,74.125.68.0-255,7156,132470,64,274204
35819,0.001245,172.31.40.0-255,66,132536,64,274204
35820,0.001269,74.125.68.0-255,1484,134020,64,274204
35821,0.001289,74.125.68.0-255,2902,136922,64,274204
35822,0.001292,172.31.40.0-255,66,136988,64,274204
35823,0.001312,74.125.68.0-255,5020,142008,64,274204
35824,0.001315,172.31.40.0-255,66,142074,64,274204
35825,0.001428,74.125.68.0-255,1484,143558,64,274204
35826,0.001435,74.125.68.0-255,2902,146460,64,274204
35827,0.001437,172.31.40.0-255,66,146526,64,274204
35828,0.001441,74.125.68.0-255,1484,148010,64,274204
35829,0.001469,74.125.68.0-255,4320,152330,64,274204
35830,0.001472,172.31.40.0-255,66,152396,64,274204
35831,0.001477,74.125.68.0-255,2902,155298,64,274204
35832,0.00148,172.31.40.0-255,66,155364,64,274204
35833,0.001541,172.31.40.0-255,66,155430,64,274204
35834,0.001547,74.125.68.0-255,5738,161168,64,274204
35835,0.00155,172.31.40.0-255,66,161234,64,274204
35836,0.001556,74.125.68.0-255,5020,166254,64,274204
35837,0.001566,172.31.40.0-255,66,166320,64,274204
35838,0.001668,74.125.68.0-255,1484,167804,64,274204
35839,0.001677,74.125.68.0-255,2902,170706,64,274204
35840,0.00168,172.31.40.0-255,66,170772,64,274204
35841,0.00171,74.125.68.0-255,5738,176510,64,274204
35842,0.001713,172.31.40.0-255,66,176576,64,274204
35843,0.001721,74.125.68.0-255,7156,183732,64,274204
35844,0.001723,172.31.40.0-255,66,183798,64,274204
35845,0.00178,172.31.40.0-255,66,183864,64,274204
35846,0.001799,74.125.68.0-255,2184,186048,64,274204
35847,0.001801,172.31.40.0-255,66,186114,64,274204
35848,0.00182,74.125.68.0-255,2902,189016,64,274204
35849,0.001823,172.31.40.0-255,66,189082,64,274204
35850,0.001851,74.125.68.0-255,7156,196238,64,274204
35851,0.001854,172.31.40.0-255,66,196304,64,274204
35852,0.001858,74.125.68.0-255,2902,199206,64,274204
35853,0.001861,172.31.40.0-255,66,199272,64,274204
35854,0.001906,172.31.40.0-255,66,199338,64,274204
35855,0.001917,172.31.40.0-255,66,199404,64,274204
35856,0.001945,74.125.68.0-255,766,200170,64,274204
35857,0.003986,74.125.68.0-255,4320,204490,64,274204
35858,0.003995,172.31.40.0-255,66,204556,64,274204
35859,0.006069,74.125.68.0-255,5738,210294,64,274204
35860,0.006081,172.31.40.0-255,66,210360,64,274204
35861,0.008153,74.125.68.0-255,5738,216098,64,274204
35862,0.008158,172.31.40.0-255,66,216164,64,274204
35863,0.010221,74.125.68.0-255,5738,221902,64,274204
35864,0.010228,172.31.40.0-255,66,221968,64,274204
35865,0.012294,74.125.68.0-255,5738,227706,64,274204
35866,0.012301,172.31.40.0-255,66,227772,64,274204
35867,0.01437,74.125.68.0-255,5738,233510,64,274204
35868,0.014378,172.31.40.0-255,66,233576,64,274204
35869,0.016464,74.125.68.0-255,5738,239314,64,274204
35870,0.016473,172.31.40.0-255,66,239380,64,274204
35871,0.018549,74.125.68.0-255,5738,245118,64,274204
35872,0.018558,172.31.40.0-255,66,245184,64,274204
35873,0.020642,74.125.68.0-255,5738,250922,64,274204
35874,0.020651,172.31.40.0-255,66,250988,64,274204
35875,0.022715,74.125.68.0-255,5738,256726,64,274204
35876,0.022721,172.31.40.0-255,66,256792,64,274204
35877,0.024789,74.125.68.0-255,5738,262530,64,274204
35878,0.024796,172.31.40.0-255,66,262596,64,274204
35879,0.026869,74.125.68.0-255,5738,268334,64,274204
35880,0.026877,172.31.40.0-255,66,268400,64,274204
35881,0.028953,74.125.68.0-255,5738,274138,64,274204
35882,0.02896,172.31.40.0-255,66,274204,64,274204
35883,0.0,172.217.27.0-255,147,147,64,183693
35884,2.3e-05,172.31.40.0-255,66,213,64,183693
35885,3.1e-05,172.217.27.0-255,1484,1697,64,183693
35886,3.5e-05,172.31.40.0-255,66,1763,64,183693
35887,4e-05,172.217.27.0-255,2902,4665,64,183693
35888,5.3e-05,172.31.40.0-255,66,4731,64,183693
35889,6.1e-05,172.217.27.0-255,5738,10469,64,183693
35890,6.4e-05,172.31.40.0-255,66,10535,64,183693
35891,7.8e-05,172.31.40.0-255,66,10601,64,183693
35892,0.000102,172.217.27.0-255,2151,12752,64,183693
35893,0.000106,172.31.40.0-255,66,12818,64,183693
35894,0.000118,172.217.27.0-255,5738,18556,64,183693
35895,0.00012,172.31.40.0-255,66,18622,64,183693
35896,0.000141,172.217.27.0-255,1125,19747,64,183693
35897,0.000143,172.31.40.0-255,66,19813,64,183693
35898,0.000165,172.217.27.0-255,4320,24133,64,183693
35899,0.000168,172.31.40.0-255,66,24199,64,183693
35900,0.00018,172.217.27.0-255,2902,27101,64,183693
35901,0.000182,172.31.40.0-255,66,27167,64,183693
35902,0.000197,172.31.40.0-255,66,27233,64,183693
35903,0.0002,172.217.27.0-255,1125,28358,64,183693
35904,0.000202,172.31.40.0-255,66,28424,64,183693
35905,0.000486,172.217.27.0-255,1484,29908,64,183693
35906,0.000491,172.217.27.0-255,2902,32810,64,183693
35907,0.000497,172.31.40.0-255,66,32876,64,183693
35908,0.000501,172.31.40.0-255,66,32942,64,183693
35909,0.000533,172.217.27.0-255,5738,38680,64,183693
35910,0.000536,172.31.40.0-255,66,38746,64,183693
35911,0.000548,172.217.27.0-255,6797,45543,64,183693
35912,0.000551,172.31.40.0-255,66,45609,64,183693
35913,0.000553,172.217.27.0-255,360,45969,64,183693
35914,0.000804,172.217.27.0-255,1484,47453,64,183693
35915,0.000808,172.31.40.0-255,66,47519,64,183693
35916,0.000814,172.217.27.0-255,2902,50421,64,183693
35917,0.000816,172.31.40.0-255,66,50487,64,183693
35918,0.000821,172.217.27.0-255,4320,54807,64,183693
35919,0.000827,172.31.40.0-255,66,54873,64,183693
35920,0.000878,172.31.40.0-255,66,54939,64,183693
35921,0.001219,172.217.27.0-255,1484,56423,64,183693
35922,0.001225,172.217.27.0-255,2902,59325,64,183693
35923,0.001229,172.31.40.0-255,66,59391,64,183693
35924,0.001232,172.217.27.0-255,1484,60875,64,183693
35925,0.001257,172.217.27.0-255,1484,62359,64,183693
35926,0.001259,172.31.40.0-255,66,62425,64,183693
35927,0.001265,172.217.27.0-255,4320,66745,64,183693
35928,0.001267,172.31.40.0-255,66,66811,64,183693
35929,0.001282,172.31.40.0-255,66,66877,64,183693
35930,0.001323,172.31.40.0-255,66,66943,64,183693
35931,0.001517,172.217.27.0-255,1484,68427,64,183693
35932,0.001521,172.217.27.0-255,1484,69911,64,183693
35933,0.001524,172.31.40.0-255,66,69977,64,183693
35934,0.001552,172.217.27.0-255,1484,71461,64,183693
35935,0.001559,172.217.27.0-255,5738,77199,64,183693
35936,0.001561,172.31.40.0-255,66,77265,64,183693
35937,0.001566,172.217.27.0-255,4320,81585,64,183693
35938,0.001568,172.31.40.0-255,66,81651,64,183693
35939,0.001579,172.217.27.0-255,5738,87389,64,183693
35940,0.001581,172.31.40.0-255,66,87455,64,183693
35941,0.001593,172.31.40.0-255,66,87521,64,183693
35942,0.001596,172.217.27.0-255,1138,88659,64,183693
35943,0.001936,172.31.40.0-255,66,88725,64,183693
35944,0.003258,172.217.27.0-255,4320,93045,64,183693
35945,0.003263,172.31.40.0-255,66,93111,64,183693
35946,0.003596,172.217.27.0-255,1484,94595,64,183693
35947,0.004919,172.217.27.0-255,1484,96079,64,183693
35948,0.004922,172.31.40.0-255,66,96145,64,183693
35949,0.004938,172.217.27.0-255,2902,99047,64,183693
35950,0.00494,172.31.40.0-255,66,99113,64,183693
35951,0.006586,172.217.27.0-255,5738,104851,64,183693
35952,0.006592,172.31.40.0-255,66,104917,64,183693
35953,0.008249,172.217.27.0-255,5738,110655,64,183693
35954,0.008257,172.31.40.0-255,66,110721,64,183693
35955,0.009916,172.217.27.0-255,5738,116459,64,183693
35956,0.009923,172.31.40.0-255,66,116525,64,183693
35957,0.011577,172.217.27.0-255,5738,122263,64,183693
35958,0.011584,172.31.40.0-255,66,122329,64,183693
35959,0.013271,172.217.27.0-255,5738,128067,64,183693
35960,0.013279,172.31.40.0-255,66,128133,64,183693
35961,0.014931,172.217.27.0-255,5738,133871,64,183693
35962,0.014939,172.31.40.0-255,66,133937,64,183693
35963,0.0166,172.217.27.0-255,5738,139675,64,183693
35964,0.016608,172.31.40.0-255,66,139741,64,183693
35965,0.018301,172.217.27.0-255,5738,145479,64,183693
35966,0.018308,172.31.40.0-255,66,145545,64,183693
35967,0.019962,172.217.27.0-255,5738,151283,64,183693
35968,0.019969,172.31.40.0-255,66,151349,64,183693
35969,0.021635,172.217.27.0-255,5738,157087,64,183693
35970,0.021645,172.31.40.0-255,66,157153,64,183693
35971,0.023298,172.217.27.0-255,5738,162891,64,183693
35972,0.023304,172.31.40.0-255,66,162957,64,183693
35973,0.024316,172.31.40.0-255,167,163124,64,183693
35974,0.024352,172.31.40.0-255,1107,164231,64,183693
35975,0.024409,172.31.40.0-255,1514,165745,64,183693
35976,0.02441,172.31.40.0-255,338,166083,64,183693
35977,0.024998,172.217.27.0-255,5738,171821,64,183693
35978,0.025005,172.31.40.0-255,66,171887,64,183693
35979,0.025866,104.244.42.0-255,66,171953,64,183693
35980,0.025874,104.244.42.0-255,66,172019,64,183693
35981,0.02598,104.244.42.0-255,66,172085,64,183693
35982,0.026657,172.217.27.0-255,5738,177823,64,183693
35983,0.026662,172.31.40.0-255,66,177889,64,183693
35984,0.02833,172.217.27.0-255,5738,183627,64,183693
35985,0.028336,172.31.40.0-255,66,183693,64,183693
35986,0.0,74.125.130.0-255,150,150,64,248630
35987,1.5e-05,172.31.40.0-255,66,216,64,248630
35988,2.2e-05,74.125.130.0-255,1484,1700,64,248630
35989,2.7e-05,172.31.40.0-255,66,1766,64,248630
35990,3e-05,74.125.130.0-255,1484,3250,64,248630
35991,3.4e-05,172.31.40.0-255,66,3316,64,248630
35992,4.7e-05,74.125.130.0-255,2902,6218,64,248630
35993,5.1e-05,172.31.40.0-255,66,6284,64,248630
35994,5.8e-05,74.125.130.0-255,5738,12022,64,248630
35995,6e-05,172.31.40.0-255,66,12088,64,248630
35996,0.000111,74.125.130.0-255,2041,14129,64,248630
35997,0.000118,172.31.40.0-255,66,14195,64,248630
35998,0.000185,74.125.130.0-255,1484,15679,64,248630
35999,0.000189,172.31.40.0-255,66,15745,64,248630
36000,0.000207,74.125.130.0-255,2902,18647,64,248630
36001,0.00021,172.31.40.0-255,66,18713,64,248630
36002,0.000236,74.125.130.0-255,2902,21615,64,248630
36003,0.000238,172.31.40.0-255,66,21681,64,248630
36004,0.000262,74.125.130.0-255,1484,23165,64,248630
36005,0.000264,172.31.40.0-255,66,23231,64,248630
36006,0.000271,74.125.130.0-255,5738,28969,64,248630
36007,0.000273,172.31.40.0-255,66,29035,64,248630
36008,0.000304,74.125.130.0-255,2543,31578,64,248630
36009,0.000306,172.31.40.0-255,66,31644,64,248630
36010,0.000333,74.125.130.0-255,1484,33128,64,248630
36011,0.000336,172.31.40.0-255,66,33194,64,248630
36012,0.000339,74.125.130.0-255,1484,34678,64,248630
36013,0.000341,172.31.40.0-255,66,34744,64,248630
36014,0.000361,74.125.130.0-255,1484,36228,64,248630
36015,0.000364,172.31.40.0-255,66,36294,64,248630
36016,0.000371,74.125.130.0-255,5738,42032,64,248630
36017,0.000373,172.31.40.0-255,66,42098,64,248630
36018,0.000376,74.125.130.0-255,1484,43582,64,248630
36019,0.000406,74.125.130.0-255,2902,46484,64,248630
36020,0.000409,172.31.40.0-255,66,46550,64,248630
36021,0.000435,74.125.130.0-255,2543,49093,64,248630
36022,0.000438,172.31.40.0-255,66,49159,64,248630
36023,0.000587,74.125.130.0-255,1484,50643,64,248630
36024,0.000593,74.125.130.0-255,1484,52127,64,248630
36025,0.000596,172.31.40.0-255,66,52193,64,248630
36026,0.0006,74.125.130.0-255,1484,53677,64,248630
36027,0.000617,74.125.130.0-255,1484,55161,64,248630
36028,0.000619,172.31.40.0-255,66,55227,64,248630
36029,0.00065,74.125.130.0-255,5738,60965,64,248630
36030,0.000652,172.31.40.0-255,66,61031,64,248630
36031,0.000688,74.125.130.0-255,5379,66410,64,248630
36032,0.000691,172.31.40.0-255,66,66476,64,248630
36033,0.000837,74.125.130.0-255,648,67124,64,248630
36034,0.000881,74.125.130.0-255,1484,68608,64,248630
36035,0.000884,172.31.40.0-255,66,68674,64,248630
36036,0.000913,74.125.130.0-255,2902,71576,64,248630
36037,0.000916,172.31.40.0-255,66,71642,64,248630
36038,0.000935,74.125.130.0-255,5738,77380,64,248630
36039,0.000938,172.31.40.0-255,66,77446,64,248630
36040,0.000967,74.125.130.0-255,7156,84602,64,248630
36041,0.00097,172.31.40.0-255,66,84668,64,248630
36042,0.001001,172.31.40.0-255,66,84734,64,248630
36043,0.001024,74.125.130.0-255,1484,86218,64,248630
36044,0.001036,74.125.130.0-255,1484,87702,64,248630
36045,0.001039,172.31.40.0-255,66,87768,64,248630
36046,0.001068,74.125.130.0-255,3602,91370,64,248630
36047,0.00107,172.31.40.0-255,66,91436,64,248630
36048,0.001111,74.125.130.0-255,1484,92920,64,248630
36049,0.001127,74.125.130.0-255,2902,95822,64,248630
36050,0.001129,172.31.40.0-255,66,95888,64,248630
36051,0.001133,74.125.130.0-255,1484,97372,64,248630
36052,0.001138,74.125.130.0-255,2902,100274,64,248630
36053,0.00114,172.31.40.0-255,66,100340,64,248630
36054,0.001167,74.125.130.0-255,5738,106078,64,248630
36055,0.00117,172.31.40.0-255,66,106144,64,248630
36056,0.001198,74.125.130.0-255,7156,113300,64,248630
36057,0.001201,172.31.40.0-255,66,113366,64,248630
36058,0.001236,172.31.40.0-255,66,113432,64,248630
36059,0.001242,74.125.130.0-255,3602,117034,64,248630
36060,0.001244,172.31.40.0-255,66,117100,64,248630
36061,0.00144,74.125.130.0-255,1484,118584,64,248630
36062,0.001445,74.125.130.0-255,1484,120068,64,248630
36063,0.001448,172.31.40.0-255,66,120134,64,248630
36064,0.001478,74.125.130.0-255,1484,121618,64,248630
36065,0.001485,74.125.130.0-255,5738,127356,64,248630
36066,0.001487,172.31.40.0-255,66,127422,64,248630
36067,0.001492,74.125.130.0-255,2902,130324,64,248630
36068,0.001493,172.31.40.0-255,66,130390,64,248630
36069,0.001498,74.125.130.0-255,2902,133292,64,248630
36070,0.0015,172.31.40.0-255,66,133358,64,248630
36071,0.001525,74.125.130.0-255,1484,134842,64,248630
36072,0.001541,172.31.40.0-255,66,134908,64,248630
36073,0.001546,74.125.130.0-255,2902,137810,64,248630
36074,0.001548,172.31.40.0-255,66,137876,64,248630
36075,0.001577,74.125.130.0-255,4320,142196,64,248630
36076,0.00158,172.31.40.0-255,66,142262,64,248630
36077,0.001583,74.125.130.0-255,766,143028,64,248630
36078,0.00176,74.125.130.0-255,1484,144512,64,248630
36079,0.001764,172.31.40.0-255,66,144578,64,248630
36080,0.001784,74.125.130.0-255,2902,147480,64,248630
36081,0.001787,172.31.40.0-255,66,147546,64,248630
36082,0.001811,74.125.130.0-255,2902,150448,64,248630
36083,0.001813,172.31.40.0-255,66,150514,64,248630
36084,0.001838,74.125.130.0-255,4320,154834,64,248630
36085,0.00184,172.31.40.0-255,66,154900,64,248630
36086,0.001882,74.125.130.0-255,5738,160638,64,248630
36087,0.001886,172.31.40.0-255,66,160704,64,248630
36088,0.001914,74.125.130.0-255,2902,163606,64,248630
36089,0.001916,172.31.40.0-255,66,163672,64,248630
36090,0.001946,74.125.130.0-255,4320,167992,64,248630
36091,0.001949,172.31.40.0-255,66,168058,64,248630
36092,0.001954,74.125.130.0-255,2902,170960,64,248630
36093,0.001956,172.31.40.0-255,66,171026,64,248630
36094,0.001961,74.125.130.0-255,4320,175346,64,248630
36095,0.001968,172.31.40.0-255,66,175412,64,248630
36096,0.002022,74.125.130.0-255,2184,177596,64,248630
36097,0.002026,172.31.40.0-255,66,177662,64,248630
36098,0.004194,74.125.130.0-255,2902,180564,64,248630
36099,0.004201,172.31.40.0-255,66,180630,64,248630
36100,0.004247,74.125.130.0-255,2902,183532,64,248630
36101,0.004249,172.31.40.0-255,66,183598,64,248630
36102,0.006436,74.125.130.0-255,2902,186500,64,248630
36103,0.006443,172.31.40.0-255,66,186566,64,248630
36104,0.00647,74.125.130.0-255,2902,189468,64,248630
36105,0.006472,172.31.40.0-255,66,189534,64,248630
36106,0.008672,74.125.130.0-255,2902,192436,64,248630
36107,0.008679,172.31.40.0-255,66,192502,64,248630
36108,0.008708,74.125.130.0-255,2902,195404,64,248630
36109,0.008711,172.31.40.0-255,66,195470,64,248630
36110,0.010908,74.125.130.0-255,2902,198372,64,248630
36111,0.010914,172.31.40.0-255,66,198438,64,248630
36112,0.010944,74.125.130.0-255,2902,201340,64,248630
36113,0.010946,172.31.40.0-255,66,201406,64,248630
36114,0.013143,74.125.130.0-255,2902,204308,64,248630
36115,0.01315,172.31.40.0-255,66,204374,64,248630
36116,0.013176,74.125.130.0-255,2902,207276,64,248630
36117,0.01318,172.31.40.0-255,66,207342,64,248630
36118,0.015386,74.125.130.0-255,2902,210244,64,248630
36119,0.015392,172.31.40.0-255,66,210310,64,248630
36120,0.015419,74.125.130.0-255,2902,213212,64,248630
36121,0.015421,172.31.40.0-255,66,213278,64,248630
36122,0.017629,74.125.130.0-255,2902,216180,64,248630
36123,0.017636,172.31.40.0-255,66,216246,64,248630
36124,0.017667,74.125.130.0-255,2902,219148,64,248630
36125,0.017669,172.31.40.0-255,66,219214,64,248630
36126,0.019868,74.125.130.0-255,2902,222116,64,248630
36127,0.01988,172.31.40.0-255,66,222182,64,248630
36128,0.019918,74.125.130.0-255,2902,225084,64,248630
36129,0.019922,172.31.40.0-255,66,225150,64,248630
36130,0.022131,74.125.130.0-255,2902,228052,64,248630
36131,0.022147,172.31.40.0-255,66,228118,64,248630
36132,0.022187,74.125.130.0-255,2902,231020,64,248630
36133,0.022189,172.31.40.0-255,66,231086,64,248630
36134,0.024392,74.125.130.0-255,2902,233988,64,248630
36135,0.024408,172.31.40.0-255,66,234054,64,248630
36136,0.024439,74.125.130.0-255,2902,236956,64,248630
36137,0.024441,172.31.40.0-255,66,237022,64,248630
36138,0.02666,74.125.130.0-255,5738,242760,64,248630
36139,0.026676,172.31.40.0-255,66,242826,64,248630
36140,0.028927,74.125.130.0-255,5738,248564,64,248630
36141,0.02894,172.31.40.0-255,66,248630,64,248630
36142,0.0,74.125.68.0-255,290,290,64,185415
36143,2.3e-05,172.31.40.0-255,66,356,64,185415
36144,2.9e-05,74.125.68.0-255,1484,1840,64,185415
36145,3.3e-05,172.31.40.0-255,66,1906,64,185415
36146,3.9e-05,74.125.68.0-255,2902,4808,64,185415
36147,4.2e-05,172.31.40.0-255,66,4874,64,185415
36148,4.6e-05,74.125.68.0-255,1484,6358,64,185415
36149,4.8e-05,172.31.40.0-255,66,6424,64,185415
36150,7.4e-05,74.125.68.0-255,4320,10744,64,185415
36151,7.7e-05,172.31.40.0-255,66,10810,64,185415
36152,8e-05,74.125.68.0-255,1484,12294,64,185415
36153,8.2e-05,172.31.40.0-255,66,12360,64,185415
36154,0.000118,74.125.68.0-255,4320,16680,64,185415
36155,0.000121,172.31.40.0-255,66,16746,64,185415
36156,0.00014,74.125.68.0-255,3269,20015,64,185415
36157,0.000143,172.31.40.0-255,66,20081,64,185415
36158,0.000175,172.31.40.0-255,66,20147,64,185415
36159,0.00018,74.125.68.0-255,2543,22690,64,185415
36160,0.000182,172.31.40.0-255,66,22756,64,185415
36161,0.000313,74.125.68.0-255,1484,24240,64,185415
36162,0.000318,172.31.40.0-255,66,24306,64,185415
36163,0.000323,74.125.68.0-255,2902,27208,64,185415
36164,0.000326,172.31.40.0-255,66,27274,64,185415
36165,0.00036,74.125.68.0-255,5738,33012,64,185415
36166,0.000362,172.31.40.0-255,66,33078,64,185415
36167,0.000394,74.125.68.0-255,1484,34562,64,185415
36168,0.000396,172.31.40.0-255,66,34628,64,185415
36169,0.00042,74.125.68.0-255,6797,41425,64,185415
36170,0.000423,172.31.40.0-255,66,41491,64,185415
36171,0.000433,172.31.40.0-255,66,41557,64,185415
36172,0.00044,74.125.68.0-255,6797,48354,64,185415
36173,0.000443,172.31.40.0-255,66,48420,64,185415
36174,0.001208,74.125.68.0-255,648,49068,64,185415
36175,0.001215,172.31.40.0-255,66,49134,64,185415
36176,0.001436,74.125.68.0-255,1484,50618,64,185415
36177,0.001442,172.31.40.0-255,66,50684,64,185415
36178,0.001452,74.125.68.0-255,2902,53586,64,185415
36179,0.001454,172.31.40.0-255,66,53652,64,185415
36180,0.001457,74.125.68.0-255,1484,55136,64,185415
36181,0.001459,172.31.40.0-255,66,55202,64,185415
36182,0.001486,74.125.68.0-255,4320,59522,64,185415
36183,0.001489,172.31.40.0-255,66,59588,64,185415
36184,0.001492,74.125.68.0-255,1484,61072,64,185415
36185,0.001493,172.31.40.0-255,66,61138,64,185415
36186,0.001517,74.125.68.0-255,1484,62622,64,185415
36187,0.001519,172.31.40.0-255,66,62688,64,185415
36188,0.00154,74.125.68.0-255,3410,66098,64,185415
36189,0.001542,172.31.40.0-255,66,66164,64,185415
36190,0.001985,74.125.68.0-255,1484,67648,64,185415
36191,0.001991,172.31.40.0-255,66,67714,64,185415
36192,0.002001,74.125.68.0-255,2902,70616,64,185415
36193,0.002003,172.31.40.0-255,66,70682,64,185415
36194,0.002006,74.125.68.0-255,1484,72166,64,185415
36195,0.002008,172.31.40.0-255,66,72232,64,185415
36196,0.002037,74.125.68.0-255,4320,76552,64,185415
36197,0.002039,172.31.40.0-255,66,76618,64,185415
36198,0.002043,74.125.68.0-255,2902,79520,64,185415
36199,0.002045,172.31.40.0-255,66,79586,64,185415
36200,0.002051,74.125.68.0-255,3961,83547,64,185415
36201,0.002053,172.31.40.0-255,66,83613,64,185415
36202,0.002082,74.125.68.0-255,5738,89351,64,185415
36203,0.002085,172.31.40.0-255,66,89417,64,185415
36204,0.002103,74.125.68.0-255,2902,92319,64,185415
36205,0.002106,172.31.40.0-255,66,92385,64,185415
36206,0.002112,74.125.68.0-255,4320,96705,64,185415
36207,0.002114,172.31.40.0-255,66,96771,64,185415
36208,0.002134,74.125.68.0-255,5738,102509,64,185415
36209,0.002136,172.31.40.0-255,66,102575,64,185415
36210,0.002143,74.125.68.0-255,5738,108313,64,185415
36211,0.002145,172.31.40.0-255,66,108379,64,185415
36212,0.002153,74.125.68.0-255,7156,115535,64,185415
36213,0.002155,172.31.40.0-255,66,115601,64,185415
36214,0.002181,74.125.68.0-255,2184,117785,64,185415
36215,0.002183,172.31.40.0-255,66,117851,64,185415
36216,0.004465,74.125.68.0-255,2902,120753,64,185415
36217,0.004472,172.31.40.0-255,66,120819,64,185415
36218,0.004493,74.125.68.0-255,2902,123721,64,185415
36219,0.004496,172.31.40.0-255,66,123787,64,185415
36220,0.006773,74.125.68.0-255,2902,126689,64,185415
36221,0.006779,172.31.40.0-255,66,126755,64,185415
36222,0.006803,74.125.68.0-255,2902,129657,64,185415
36223,0.006806,172.31.40.0-255,66,129723,64,185415
36224,0.009089,74.125.68.0-255,2902,132625,64,185415
36225,0.009095,172.31.40.0-255,66,132691,64,185415
36226,0.009117,74.125.68.0-255,2902,135593,64,185415
36227,0.00912,172.31.40.0-255,66,135659,64,185415
36228,0.011409,74.125.68.0-255,4320,139979,64,185415
36229,0.011418,172.31.40.0-255,66,140045,64,185415
36230,0.011437,74.125.68.0-255,1484,141529,64,185415
36231,0.01144,172.31.40.0-255,66,141595,64,185415
36232,0.01374,74.125.68.0-255,5738,147333,64,185415
36233,0.013748,172.31.40.0-255,66,147399,64,185415
36234,0.016064,74.125.68.0-255,5738,153137,64,185415
36235,0.016072,172.31.40.0-255,66,153203,64,185415
36236,0.0184,74.125.68.0-255,5738,158941,64,185415
36237,0.01841,172.31.40.0-255,66,159007,64,185415
36238,0.020726,74.125.68.0-255,5738,164745,64,185415
36239,0.020733,172.31.40.0-255,66,164811,64,185415
36240,0.023051,74.125.68.0-255,5738,170549,64,185415
36241,0.023059,172.31.40.0-255,66,170615,64,185415
36242,0.02471,172.31.40.0-255,167,170782,64,185415
36243,0.024742,172.31.40.0-255,1108,171890,64,185415
36244,0.0248,172.31.40.0-255,1514,173404,64,185415
36245,0.024802,172.31.40.0-255,337,173741,64,185415
36246,0.025406,74.125.68.0-255,5738,179479,64,185415
36247,0.025413,172.31.40.0-255,66,179545,64,185415
36248,0.027289,104.244.42.0-255,66,179611,64,185415
36249,0.027716,74.125.68.0-255,5738,185349,64,185415
36250,0.027721,172.31.40.0-255,66,185415,64,185415
36251,0.0,74.125.24.0-255,146,146,64,155557
36252,1.8e-05,172.31.40.0-255,66,212,64,155557
36253,2.5e-05,74.125.24.0-255,1484,1696,64,155557
36254,3e-05,172.31.40.0-255,66,1762,64,155557
36255,3.6e-05,74.125.24.0-255,2902,4664,64,155557
36256,4e-05,172.31.40.0-255,66,4730,64,155557
36257,4.5e-05,74.125.24.0-255,2902,7632,64,155557
36258,4.8e-05,172.31.40.0-255,66,7698,64,155557
36259,8e-05,74.125.24.0-255,2902,10600,64,155557
36260,8.3e-05,172.31.40.0-255,66,10666,64,155557
36261,0.000103,74.125.24.0-255,3401,14067,64,155557
36262,0.000105,172.31.40.0-255,66,14133,64,155557
36263,0.000149,74.125.24.0-255,1484,15617,64,155557
36264,0.000153,172.31.40.0-255,66,15683,64,155557
36265,0.000157,74.125.24.0-255,2902,18585,64,155557
36266,0.00016,172.31.40.0-255,66,18651,64,155557
36267,0.000163,74.125.24.0-255,2902,21553,64,155557
36268,0.000165,172.31.40.0-255,66,21619,64,155557
36269,0.000192,74.125.24.0-255,2902,24521,64,155557
36270,0.000195,172.31.40.0-255,66,24587,64,155557
36271,0.0002,74.125.24.0-255,4320,28907,64,155557
36272,0.000202,172.31.40.0-255,66,28973,64,155557
36273,0.000217,74.125.24.0-255,2902,31875,64,155557
36274,0.000219,172.31.40.0-255,66,31941,64,155557
36275,0.000252,172.31.40.0-255,66,32007,64,155557
36276,0.000259,74.125.24.0-255,7156,39163,64,155557
36277,0.000262,172.31.40.0-255,66,39229,64,155557
36278,0.000285,74.125.24.0-255,2902,42131,64,155557
36279,0.000287,172.31.40.0-255,66,42197,64,155557
36280,0.000321,172.31.40.0-255,66,42263,64,155557
36281,0.000324,74.125.24.0-255,398,42661,64,155557
36282,0.000326,172.31.40.0-255,66,42727,64,155557
36283,0.000377,74.125.24.0-255,108,42835,64,155557
36284,0.00038,172.31.40.0-255,66,42901,64,155557
36285,0.000396,74.125.24.0-255,334,43235,64,155557
36286,0.000399,172.31.40.0-255,66,43301,64,155557
36287,0.000884,74.125.24.0-255,1484,44785,64,155557
36288,0.000889,172.31.40.0-255,66,44851,64,155557
36289,0.000895,74.125.24.0-255,2902,47753,64,155557
36290,0.000897,172.31.40.0-255,66,47819,64,155557
36291,0.000903,74.125.24.0-255,5738,53557,64,155557
36292,0.000905,172.31.40.0-255,66,53623,64,155557
36293,0.000941,172.31.40.0-255,66,53689,64,155557
36294,0.000946,74.125.24.0-255,4320,58009,64,155557
36295,0.000948,172.31.40.0-255,66,58075,64,155557
36296,0.000967,74.125.24.0-255,6438,64513,64,155557
36297,0.00097,172.31.40.0-255,66,64579,64,155557
36298,0.002049,74.125.24.0-255,1484,66063,64,155557
36299,0.002056,172.31.40.0-255,66,66129,64,155557
36300,0.002064,74.125.24.0-255,1484,67613,64,155557
36301,0.002067,172.31.40.0-255,66,67679,64,155557
36302,0.00209,74.125.24.0-255,1484,69163,64,155557
36303,0.002093,172.31.40.0-255,66,69229,64,155557
36304,0.0021,74.125.24.0-255,5738,74967,64,155557
36305,0.002102,172.31.40.0-255,66,75033,64,155557
36306,0.002113,172.31.40.0-255,66,75099,64,155557
36307,0.002135,74.125.24.0-255,4320,79419,64,155557
36308,0.002137,172.31.40.0-255,66,79485,64,155557
36309,0.002156,74.125.24.0-255,2902,82387,64,155557
36310,0.002158,172.31.40.0-255,66,82453,64,155557
36311,0.002186,172.31.40.0-255,66,82519,64,155557
36312,0.004474,74.125.24.0-255,5738,88257,64,155557
36313,0.004477,172.31.40.0-255,66,88323,64,155557
36314,0.006783,74.125.24.0-255,5738,94061,64,155557
36315,0.00679,172.31.40.0-255,66,94127,64,155557
36316,0.009093,74.125.24.0-255,5738,99865,64,155557
36317,0.009101,172.31.40.0-255,66,99931,64,155557
36318,0.011394,74.125.24.0-255,5738,105669,64,155557
36319,0.011404,172.31.40.0-255,66,105735,64,155557
36320,0.013703,74.125.24.0-255,5738,111473,64,155557
36321,0.013712,172.31.40.0-255,66,111539,64,155557
36322,0.016043,74.125.24.0-255,5738,117277,64,155557
36323,0.016055,172.31.40.0-255,66,117343,64,155557
36324,0.01836,74.125.24.0-255,5738,123081,64,155557
36325,0.018368,172.31.40.0-255,66,123147,64,155557
36326,0.020675,74.125.24.0-255,5738,128885,64,155557
36327,0.020682,172.31.40.0-255,66,128951,64,155557
36328,0.023001,74.125.24.0-255,5738,134689,64,155557
36329,0.023009,172.31.40.0-255,66,134755,64,155557
36330,0.024049,172.31.40.0-255,167,134922,64,155557
36331,0.02408,172.31.40.0-255,1108,136030,64,155557
36332,0.024141,172.31.40.0-255,1514,137544,64,155557
36333,0.024143,172.31.40.0-255,337,137881,64,155557
36334,0.025305,74.125.24.0-255,5738,143619,64,155557
36335,0.025313,172.31.40.0-255,66,143685,64,155557
36336,0.025564,104.244.42.0-255,66,143751,64,155557
36337,0.025613,104.244.42.0-255,66,143817,64,155557
36338,0.025715,104.244.42.0-255,66,143883,64,155557
36339,0.027615,74.125.24.0-255,5738,149621,64,155557
36340,0.02762,172.31.40.0-255,66,149687,64,155557
36341,0.029934,74.125.24.0-255,4320,154007,64,155557
36342,0.029941,172.31.40.0-255,66,154073,64,155557
36343,0.029961,74.125.24.0-255,1484,155557,64,155557
36344,0.0,74.125.130.0-255,146,146,64,237775
36345,2e-05,172.31.40.0-255,66,212,64,237775
36346,2.7e-05,74.125.130.0-255,1484,1696,64,237775
36347,3.2e-05,172.31.40.0-255,66,1762,64,237775
36348,3.8e-05,74.125.130.0-255,2902,4664,64,237775
36349,4e-05,172.31.40.0-255,66,4730,64,237775
36350,6.1e-05,74.125.130.0-255,4320,9050,64,237775
36351,6.4e-05,172.31.40.0-255,66,9116,64,237775
36352,8.5e-05,74.125.130.0-255,2902,12018,64,237775
36353,8.8e-05,172.31.40.0-255,66,12084,64,237775
36354,0.000138,74.125.130.0-255,2038,14122,64,237775
36355,0.000141,172.31.40.0-255,66,14188,64,237775
36356,0.000344,74.125.130.0-255,1484,15672,64,237775
36357,0.000349,172.31.40.0-255,66,15738,64,237775
36358,0.000356,74.125.130.0-255,2902,18640,64,237775
36359,0.000359,172.31.40.0-255,66,18706,64,237775
36360,0.000396,74.125.130.0-255,5738,24444,64,237775
36361,0.000399,172.31.40.0-255,66,24510,64,237775
36362,0.000417,74.125.130.0-255,2902,27412,64,237775
36363,0.00042,172.31.40.0-255,66,27478,64,237775
36364,0.000438,74.125.130.0-255,3961,31439,64,237775
36365,0.000441,172.31.40.0-255,66,31505,64,237775
36366,0.000454,74.125.130.0-255,1484,32989,64,237775
36367,0.000456,172.31.40.0-255,66,33055,64,237775
36368,0.000459,74.125.130.0-255,1484,34539,64,237775
36369,0.000461,172.31.40.0-255,66,34605,64,237775
36370,0.000492,74.125.130.0-255,1484,36089,64,237775
36371,0.000495,172.31.40.0-255,66,36155,64,237775
36372,0.000501,74.125.130.0-255,5738,41893,64,237775
36373,0.000504,172.31.40.0-255,66,41959,64,237775
36374,0.000507,74.125.130.0-255,2902,44861,64,237775
36375,0.000509,172.31.40.0-255,66,44927,64,237775
36376,0.000514,74.125.130.0-255,4320,49247,64,237775
36377,0.000516,172.31.40.0-255,66,49313,64,237775
36378,0.000544,172.31.40.0-255,66,49379,64,237775
36379,0.000549,74.125.130.0-255,2902,52281,64,237775
36380,0.000551,172.31.40.0-255,66,52347,64,237775
36381,0.000614,74.125.130.0-255,5020,57367,64,237775
36382,0.000618,172.31.40.0-255,66,57433,64,237775
36383,0.000621,74.125.130.0-255,341,57774,64,237775
36384,0.000865,74.125.130.0-255,119,57893,64,237775
36385,0.000915,74.125.130.0-255,1484,59377,64,237775
36386,0.000918,172.31.40.0-255,66,59443,64,237775
36387,0.000936,74.125.130.0-255,2902,62345,64,237775
36388,0.000939,172.31.40.0-255,66,62411,64,237775
36389,0.000942,74.125.130.0-255,1484,63895,64,237775
36390,0.000966,74.125.130.0-255,2902,66797,64,237775
36391,0.000969,172.31.40.0-255,66,66863,64,237775
36392,0.000998,74.125.130.0-255,1484,68347,64,237775
36393,0.001023,74.125.130.0-255,2902,71249,64,237775
36394,0.001026,172.31.40.0-255,66,71315,64,237775
36395,0.001069,74.125.130.0-255,5738,77053,64,237775
36396,0.001071,172.31.40.0-255,66,77119,64,237775
36397,0.001079,74.125.130.0-255,7156,84275,64,237775
36398,0.001081,172.31.40.0-255,66,84341,64,237775
36399,0.001107,172.31.40.0-255,66,84407,64,237775
36400,0.001234,74.125.130.0-255,1484,85891,64,237775
36401,0.001253,74.125.130.0-255,1484,87375,64,237775
36402,0.001257,172.31.40.0-255,66,87441,64,237775
36403,0.001262,74.125.130.0-255,2902,90343,64,237775
36404,0.001264,172.31.40.0-255,66,90409,64,237775
36405,0.001267,74.125.130.0-255,1484,91893,64,237775
36406,0.001285,74.125.130.0-255,4320,96213,64,237775
36407,0.001288,172.31.40.0-255,66,96279,64,237775
36408,0.001291,74.125.130.0-255,1484,97763,64,237775
36409,0.001309,74.125.130.0-255,7156,104919,64,237775
36410,0.001312,172.31.40.0-255,66,104985,64,237775
36411,0.001342,172.31.40.0-255,66,105051,64,237775
36412,0.001348,74.125.130.0-255,3602,108653,64,237775
36413,0.00135,172.31.40.0-255,66,108719,64,237775
36414,0.001414,74.125.130.0-255,1484,110203,64,237775
36415,0.001432,74.125.130.0-255,2902,113105,64,237775
36416,0.001435,172.31.40.0-255,66,113171,64,237775
36417,0.001454,74.125.130.0-255,4320,117491,64,237775
36418,0.001457,172.31.40.0-255,66,117557,64,237775
36419,0.00148,74.125.130.0-255,2902,120459,64,237775
36420,0.001484,172.31.40.0-255,66,120525,64,237775
36421,0.001492,74.125.130.0-255,2902,123427,64,237775
36422,0.001495,172.31.40.0-255,66,123493,64,237775
36423,0.001498,74.125.130.0-255,1484,124977,64,237775
36424,0.001522,74.125.130.0-255,2902,127879,64,237775
36425,0.001525,172.31.40.0-255,66,127945,64,237775
36426,0.001566,74.125.130.0-255,5738,133683,64,237775
36427,0.001571,172.31.40.0-255,66,133749,64,237775
36428,0.001598,74.125.130.0-255,1484,135233,64,237775
36429,0.001645,74.125.130.0-255,2902,138135,64,237775
36430,0.001649,172.31.40.0-255,66,138201,64,237775
36431,0.001652,74.125.130.0-255,1484,139685,64,237775
36432,0.00167,74.125.130.0-255,2902,142587,64,237775
36433,0.001673,172.31.40.0-255,66,142653,64,237775
36434,0.001688,74.125.130.0-255,766,143419,64,237775
36435,0.001868,74.125.130.0-255,1484,144903,64,237775
36436,0.001874,172.31.40.0-255,66,144969,64,237775
36437,0.001904,74.125.130.0-255,2902,147871,64,237775
36438,0.001908,172.31.40.0-255,66,147937,64,237775
36439,0.001927,74.125.130.0-255,1484,149421,64,237775
36440,0.00194,74.125.130.0-255,2902,152323,64,237775
36441,0.001942,172.31.40.0-255,66,152389,64,237775
36442,0.001945,74.125.130.0-255,1484,153873,64,237775
36443,0.001965,74.125.130.0-255,4320,158193,64,237775
36444,0.001968,172.31.40.0-255,66,158259,64,237775
36445,0.002007,74.125.130.0-255,4320,162579,64,237775
36446,0.00201,172.31.40.0-255,66,162645,64,237775
36447,0.002028,74.125.130.0-255,2902,165547,64,237775
36448,0.002031,172.31.40.0-255,66,165613,64,237775
36449,0.002062,172.31.40.0-255,66,165679,64,237775
36450,0.00208,74.125.130.0-255,1484,167163,64,237775
36451,0.002096,74.125.130.0-255,2184,169347,64,237775
36452,0.002099,172.31.40.0-255,66,169413,64,237775
36453,0.004344,74.125.130.0-255,1484,170897,64,237775
36454,0.004379,74.125.130.0-255,4320,175217,64,237775
36455,0.004383,172.31.40.0-255,66,175283,64,237775
36456,0.006656,74.125.130.0-255,4320,179603,64,237775
36457,0.006659,172.31.40.0-255,66,179669,64,237775
36458,0.006676,74.125.130.0-255,1484,181153,64,237775
36459,0.00897,74.125.130.0-255,4320,185473,64,237775
36460,0.008978,172.31.40.0-255,66,185539,64,237775
36461,0.01128,74.125.130.0-255,5738,191277,64,237775
36462,0.011289,172.31.40.0-255,66,191343,64,237775
36463,0.013578,74.125.130.0-255,5738,197081,64,237775
36464,0.0136,172.31.40.0-255,66,197147,64,237775
36465,0.015896,74.125.130.0-255,5738,202885,64,237775
36466,0.015905,172.31.40.0-255,66,202951,64,237775
36467,0.018197,74.125.130.0-255,5738,208689,64,237775
36468,0.018208,172.31.40.0-255,66,208755,64,237775
36469,0.020499,74.125.130.0-255,5738,214493,64,237775
36470,0.020509,172.31.40.0-255,66,214559,64,237775
36471,0.022818,74.125.130.0-255,5738,220297,64,237775
36472,0.022826,172.31.40.0-255,66,220363,64,237775
36473,0.025125,74.125.130.0-255,5738,226101,64,237775
36474,0.025131,172.31.40.0-255,66,226167,64,237775
36475,0.027466,74.125.130.0-255,5738,231905,64,237775
36476,0.027474,172.31.40.0-255,66,231971,64,237775
36477,0.029764,74.125.130.0-255,5738,237709,64,237775
36478,0.029771,172.31.40.0-255,66,237775,64,237775
36479,0.0,74.125.130.0-255,153,153,64,257634
36480,1.3e-05,172.31.40.0-255,66,219,64,257634
36481,1.9e-05,74.125.130.0-255,1484,1703,64,257634
36482,2.2e-05,172.31.40.0-255,66,1769,64,257634
36483,2.9e-05,74.125.130.0-255,2902,4671,64,257634
36484,4.3e-05,172.31.40.0-255,66,4737,64,257634
36485,5.1e-05,74.125.130.0-255,7156,11893,64,257634
36486,5.4e-05,172.31.40.0-255,66,11959,64,257634
36487,5.8e-05,74.125.130.0-255,2001,13960,64,257634
36488,6e-05,172.31.40.0-255,66,14026,64,257634
36489,0.000131,74.125.130.0-255,1484,15510,64,257634
36490,0.000134,172.31.40.0-255,66,15576,64,257634
36491,0.000139,74.125.130.0-255,2902,18478,64,257634
36492,0.000142,172.31.40.0-255,66,18544,64,257634
36493,0.000145,74.125.130.0-255,1484,20028,64,257634
36494,0.000151,172.31.40.0-255,66,20094,64,257634
36495,0.000177,74.125.130.0-255,1484,21578,64,257634
36496,0.00018,172.31.40.0-255,66,21644,64,257634
36497,0.000186,74.125.130.0-255,4320,25964,64,257634
36498,0.000188,172.31.40.0-255,66,26030,64,257634
36499,0.000217,74.125.130.0-255,5379,31409,64,257634
36500,0.000219,172.31.40.0-255,66,31475,64,257634
36501,0.000258,74.125.130.0-255,1484,32959,64,257634
36502,0.000261,172.31.40.0-255,66,33025,64,257634
36503,0.000266,74.125.130.0-255,2902,35927,64,257634
36504,0.000268,172.31.40.0-255,66,35993,64,257634
36505,0.000299,74.125.130.0-255,5738,41731,64,257634
36506,0.000302,172.31.40.0-255,66,41797,64,257634
36507,0.000309,74.125.130.0-255,6797,48594,64,257634
36508,0.000312,172.31.40.0-255,66,48660,64,257634
36509,0.000369,74.125.130.0-255,1484,50144,64,257634
36510,0.000372,172.31.40.0-255,66,50210,64,257634
36511,0.000377,74.125.130.0-255,2902,53112,64,257634
36512,0.00038,172.31.40.0-255,66,53178,64,257634
36513,0.000383,74.125.130.0-255,1484,54662,64,257634
36514,0.000415,74.125.130.0-255,4320,58982,64,257634
36515,0.000418,172.31.40.0-255,66,59048,64,257634
36516,0.000424,74.125.130.0-255,4320,63368,64,257634
36517,0.000426,172.31.40.0-255,66,63434,64,257634
36518,0.000456,74.125.130.0-255,2543,65977,64,257634
36519,0.000459,172.31.40.0-255,66,66043,64,257634
36520,0.000514,74.125.130.0-255,645,66688,64,257634
36521,0.000777,74.125.130.0-255,1484,68172,64,257634
36522,0.000782,172.31.40.0-255,66,68238,64,257634
36523,0.000788,74.125.130.0-255,2902,71140,64,257634
36524,0.000791,172.31.40.0-255,66,71206,64,257634
36525,0.000798,74.125.130.0-255,5738,76944,64,257634
36526,0.000806,172.31.40.0-255,66,77010,64,257634
36527,0.000812,74.125.130.0-255,5738,82748,64,257634
36528,0.000814,172.31.40.0-255,66,82814,64,257634
36529,0.000817,74.125.130.0-255,1484,84298,64,257634
36530,0.000848,74.125.130.0-255,5738,90036,64,257634
36531,0.000852,172.31.40.0-255,66,90102,64,257634
36532,0.000878,172.31.40.0-255,66,90168,64,257634
36533,0.000906,74.125.130.0-255,2184,92352,64,257634
36534,0.000909,172.31.40.0-255,66,92418,64,257634
36535,0.000912,74.125.130.0-255,1484,93902,64,257634
36536,0.000937,74.125.130.0-255,2902,96804,64,257634
36537,0.00094,172.31.40.0-255,66,96870,64,257634
36538,0.000946,74.125.130.0-255,5738,102608,64,257634
36539,0.000948,172.31.40.0-255,66,102674,64,257634
36540,0.000988,172.31.40.0-255,66,102740,64,257634
36541,0.000991,74.125.130.0-255,1484,104224,64,257634
36542,0.001036,172.31.40.0-255,66,104290,64,257634
36543,0.001072,172.31.40.0-255,66,104356,64,257634
36544,0.001085,172.31.40.0-255,66,104422,64,257634
36545,0.001097,172.31.40.0-255,66,104488,64,257634
36546,0.001121,74.125.130.0-255,6438,110926,64,257634
36547,0.001125,172.31.40.0-255,66,110992,64,257634
36548,0.001145,74.125.130.0-255,1484,112476,64,257634
36549,0.00115,74.125.130.0-255,2902,115378,64,257634
36550,0.001152,172.31.40.0-255,66,115444,64,257634
36551,0.001155,74.125.130.0-255,1484,116928,64,257634
36552,0.001186,74.125.130.0-255,4320,121248,64,257634
36553,0.001189,172.31.40.0-255,66,121314,64,257634
36554,0.001196,74.125.130.0-255,5738,127052,64,257634
36555,0.001198,172.31.40.0-255,66,127118,64,257634
36556,0.001205,74.125.130.0-255,7156,134274,64,257634
36557,0.001208,172.31.40.0-255,66,134340,64,257634
36558,0.001245,172.31.40.0-255,66,134406,64,257634
36559,0.001271,74.125.130.0-255,2184,136590,64,257634
36560,0.001274,172.31.40.0-255,66,136656,64,257634
36561,0.001277,74.125.130.0-255,1484,138140,64,257634
36562,0.001299,74.125.130.0-255,2902,141042,64,257634
36563,0.001302,172.31.40.0-255,66,141108,64,257634
36564,0.001308,74.125.130.0-255,5738,146846,64,257634
36565,0.00131,172.31.40.0-255,66,146912,64,257634
36566,0.001344,172.31.40.0-255,66,146978,64,257634
36567,0.001393,74.125.130.0-255,4320,151298,64,257634
36568,0.001396,172.31.40.0-255,66,151364,64,257634
36569,0.001427,74.125.130.0-255,6438,157802,64,257634
36570,0.00143,172.31.40.0-255,66,157868,64,257634
36571,0.001433,74.125.130.0-255,1484,159352,64,257634
36572,0.001463,74.125.130.0-255,2902,162254,64,257634
36573,0.001466,172.31.40.0-255,66,162320,64,257634
36574,0.001472,74.125.130.0-255,5738,168058,64,257634
36575,0.001475,172.31.40.0-255,66,168124,64,257634
36576,0.001522,74.125.130.0-255,5738,173862,64,257634
36577,0.001525,172.31.40.0-255,66,173928,64,257634
36578,0.00155,74.125.130.0-255,5738,179666,64,257634
36579,0.001553,172.31.40.0-255,66,179732,64,257634
36580,0.001564,172.31.40.0-255,66,179798,64,257634
36581,0.001569,74.125.130.0-255,3602,183400,64,257634
36582,0.001572,172.31.40.0-255,66,183466,64,257634
36583,0.001598,74.125.130.0-255,1484,184950,64,257634
36584,0.001601,74.125.130.0-255,1484,186434,64,257634
36585,0.001604,172.31.40.0-255,66,186500,64,257634
36586,0.001629,74.125.130.0-255,1484,187984,64,257634
36587,0.001635,74.125.130.0-255,5738,193722,64,257634
36588,0.001638,172.31.40.0-255,66,193788,64,257634
36589,0.001644,74.125.130.0-255,5738,199526,64,257634
36590,0.001647,172.31.40.0-255,66,199592,64,257634
36591,0.001649,74.125.130.0-255,1484,201076,64,257634
36592,0.001676,74.125.130.0-255,5738,206814,64,257634
36593,0.001679,172.31.40.0-255,66,206880,64,257634
36594,0.001726,172.31.40.0-255,66,206946,64,257634
36595,0.001871,74.125.130.0-255,1484,208430,64,257634
36596,0.001893,74.125.130.0-255,2902,211332,64,257634
36597,0.001896,172.31.40.0-255,66,211398,64,257634
36598,0.001903,74.125.130.0-255,5738,217136,64,257634
36599,0.001905,172.31.40.0-255,66,217202,64,257634
36600,0.001932,74.125.130.0-255,4320,221522,64,257634
36601,0.001935,172.31.40.0-255,66,221588,64,257634
36602,0.00197,172.31.40.0-255,66,221654,64,257634
36603,0.001977,74.125.130.0-255,7156,228810,64,257634
36604,0.00198,172.31.40.0-255,66,228876,64,257634
36605,0.002015,74.125.130.0-255,3602,232478,64,257634
36606,0.002018,172.31.40.0-255,66,232544,64,257634
36607,0.002021,74.125.130.0-255,1484,234028,64,257634
36608,0.002039,74.125.130.0-255,2902,236930,64,257634
36609,0.002042,172.31.40.0-255,66,236996,64,257634
36610,0.002048,74.125.130.0-255,5738,242734,64,257634
36611,0.00205,172.31.40.0-255,66,242800,64,257634
36612,0.002064,172.31.40.0-255,66,242866,64,257634
36613,0.002115,172.31.40.0-255,66,242932,64,257634
36614,0.002152,74.125.130.0-255,4320,247252,64,257634
36615,0.002171,74.125.130.0-255,7156,254408,64,257634
36616,0.00218,172.31.40.0-255,66,254474,64,257634
36617,0.002221,74.125.130.0-255,2818,257292,64,257634
36618,0.002223,74.125.130.0-255,105,257397,64,257634
36619,0.002229,172.31.40.0-255,66,257463,64,257634
36620,0.009865,172.31.40.0-255,105,257568,64,257634
36621,0.012195,74.125.130.0-255,66,257634,64,257634
36622,0.0,74.125.68.0-255,146,146,64,95660
36623,1.4e-05,172.31.40.0-255,66,212,64,95660
36624,3.4e-05,74.125.68.0-255,1484,1696,64,95660
36625,3.8e-05,172.31.40.0-255,66,1762,64,95660
36626,5.9e-05,74.125.68.0-255,2902,4664,64,95660
36627,6.2e-05,172.31.40.0-255,66,4730,64,95660
36628,0.000108,74.125.68.0-255,2902,7632,64,95660
36629,0.000112,172.31.40.0-255,66,7698,64,95660
36630,0.000131,74.125.68.0-255,2902,10600,64,95660
36631,0.000133,172.31.40.0-255,66,10666,64,95660
36632,0.000248,74.125.68.0-255,2902,13568,64,95660
36633,0.000253,172.31.40.0-255,66,13634,64,95660
36634,0.000324,74.125.68.0-255,4320,17954,64,95660
36635,0.00033,172.31.40.0-255,66,18020,64,95660
36636,0.000346,74.125.68.0-255,6282,24302,64,95660
36637,0.000349,172.31.40.0-255,66,24368,64,95660
36638,0.000581,74.125.68.0-255,4320,28688,64,95660
36639,0.000585,172.31.40.0-255,66,28754,64,95660
36640,0.000682,172.31.40.0-255,66,28820,64,95660
36641,0.000707,172.31.40.0-255,66,28886,64,95660
36642,0.001105,172.31.40.0-255,66,28952,64,95660
36643,0.00113,172.31.40.0-255,66,29018,64,95660
36644,0.001553,74.125.68.0-255,376,29394,64,95660
36645,0.001558,172.31.40.0-255,66,29460,64,95660
36646,0.001566,74.125.68.0-255,5738,35198,64,95660
36647,0.001569,172.31.40.0-255,66,35264,64,95660
36648,0.001595,172.31.40.0-255,66,35330,64,95660
36649,0.002377,74.125.68.0-255,2902,38232,64,95660
36650,0.002439,74.125.68.0-255,766,38998,64,95660
36651,0.003187,74.125.68.0-255,4320,43318,64,95660
36652,0.004027,74.125.68.0-255,1484,44802,64,95660
36653,0.004071,74.125.68.0-255,7156,51958,64,95660
36654,0.00463,172.31.40.0-255,66,52024,64,95660
36655,0.007183,74.125.68.0-255,4320,56344,64,95660
36656,0.00719,172.31.40.0-255,66,56410,64,95660
36657,0.007213,74.125.68.0-255,1484,57894,64,95660
36658,0.009736,74.125.68.0-255,4320,62214,64,95660
36659,0.009742,172.31.40.0-255,66,62280,64,95660
36660,0.012297,74.125.68.0-255,5738,68018,64,95660
36661,0.018649,172.31.40.0-255,66,68084,64,95660
36662,0.021199,74.125.68.0-255,5738,73822,64,95660
36663,0.021211,172.31.40.0-255,66,73888,64,95660
36664,0.023778,74.125.68.0-255,5738,79626,64,95660
36665,0.02379,172.31.40.0-255,66,79692,64,95660
36666,0.026162,172.31.40.0-255,172,79864,64,95660
36667,0.026191,172.31.40.0-255,1112,80976,64,95660
36668,0.026222,172.31.40.0-255,1514,82490,64,95660
36669,0.026224,172.31.40.0-255,1298,83788,64,95660
36670,0.026333,74.125.68.0-255,5738,89526,64,95660
36671,0.026338,172.31.40.0-255,66,89592,64,95660
36672,0.027744,104.244.42.0-255,66,89658,64,95660
36673,0.02775,104.244.42.0-255,66,89724,64,95660
36674,0.027778,104.244.42.0-255,66,89790,64,95660
36675,0.028881,74.125.68.0-255,4320,94110,64,95660
36676,0.028886,172.31.40.0-255,66,94176,64,95660
36677,0.028913,74.125.68.0-255,1484,95660,64,95660
36678,0.0,74.125.200.0-255,146,146,64,214123
36679,1.6e-05,172.31.40.0-255,66,212,64,214123
36680,2.3e-05,74.125.200.0-255,1484,1696,64,214123
36681,2.8e-05,172.31.40.0-255,66,1762,64,214123
36682,3.1e-05,74.125.200.0-255,1484,3246,64,214123
36683,3.4e-05,172.31.40.0-255,66,3312,64,214123
36684,6.2e-05,74.125.200.0-255,2902,6214,64,214123
36685,6.5e-05,172.31.40.0-255,66,6280,64,214123
36686,8.4e-05,74.125.200.0-255,5738,12018,64,214123
36687,8.6e-05,172.31.40.0-255,66,12084,64,214123
36688,0.000116,74.125.200.0-255,2902,14986,64,214123
36689,0.000118,172.31.40.0-255,66,15052,64,214123
36690,0.000141,74.125.200.0-255,3447,18499,64,214123
36691,0.000144,172.31.40.0-255,66,18565,64,214123
36692,0.000146,74.125.200.0-255,1484,20049,64,214123
36693,0.000148,172.31.40.0-255,66,20115,64,214123
36694,0.000198,74.125.200.0-255,1484,21599,64,214123
36695,0.000202,172.31.40.0-255,66,21665,64,214123
36696,0.000225,74.125.200.0-255,7156,28821,64,214123
36697,0.000227,172.31.40.0-255,66,28887,64,214123
36698,0.000243,74.125.200.0-255,1484,30371,64,214123
36699,0.000246,172.31.40.0-255,66,30437,64,214123
36700,0.000249,74.125.200.0-255,1125,31562,64,214123
36701,0.000251,172.31.40.0-255,66,31628,64,214123
36702,0.000395,74.125.200.0-255,1484,33112,64,214123
36703,0.000399,172.31.40.0-255,66,33178,64,214123
36704,0.000413,74.125.200.0-255,2902,36080,64,214123
36705,0.000416,172.31.40.0-255,66,36146,64,214123
36706,0.000422,74.125.200.0-255,4320,40466,64,214123
36707,0.000424,172.31.40.0-255,66,40532,64,214123
36708,0.000456,74.125.200.0-255,1484,42016,64,214123
36709,0.000459,172.31.40.0-255,66,42082,64,214123
36710,0.000466,74.125.200.0-255,5738,47820,64,214123
36711,0.000468,172.31.40.0-255,66,47886,64,214123
36712,0.000475,74.125.200.0-255,7156,55042,64,214123
36713,0.000478,172.31.40.0-255,66,55108,64,214123
36714,0.000498,74.125.200.0-255,5738,60846,64,214123
36715,0.000502,172.31.40.0-255,66,60912,64,214123
36716,0.000528,74.125.200.0-255,5020,65932,64,214123
36717,0.000531,172.31.40.0-255,66,65998,64,214123
36718,0.000534,74.125.200.0-255,401,66399,64,214123
36719,0.000536,172.31.40.0-255,66,66465,64,214123
36720,0.00055,74.125.200.0-255,343,66808,64,214123
36721,0.000552,172.31.40.0-255,66,66874,64,214123
36722,0.000712,74.125.200.0-255,1484,68358,64,214123
36723,0.000715,74.125.200.0-255,1484,69842,64,214123
36724,0.000722,172.31.40.0-255,66,69908,64,214123
36725,0.00073,172.31.40.0-255,66,69974,64,214123
36726,0.000735,74.125.200.0-255,2902,72876,64,214123
36727,0.000738,172.31.40.0-255,66,72942,64,214123
36728,0.000761,74.125.200.0-255,5738,78680,64,214123
36729,0.000764,172.31.40.0-255,66,78746,64,214123
36730,0.000799,172.31.40.0-255,66,78812,64,214123
36731,0.000834,74.125.200.0-255,4320,83132,64,214123
36732,0.000837,172.31.40.0-255,66,83198,64,214123
36733,0.000875,172.31.40.0-255,66,83264,64,214123
36734,0.000889,172.31.40.0-255,66,83330,64,214123
36735,0.0009,172.31.40.0-255,66,83396,64,214123
36736,0.000905,74.125.200.0-255,4320,87716,64,214123
36737,0.000907,172.31.40.0-255,66,87782,64,214123
36738,0.000939,74.125.200.0-255,5738,93520,64,214123
36739,0.000942,172.31.40.0-255,66,93586,64,214123
36740,0.000949,74.125.200.0-255,5020,98606,64,214123
36741,0.000951,172.31.40.0-255,66,98672,64,214123
36742,0.000957,74.125.200.0-255,5738,104410,64,214123
36743,0.000959,172.31.40.0-255,66,104476,64,214123
36744,0.001013,74.125.200.0-255,6247,110723,64,214123
36745,0.001016,172.31.40.0-255,66,110789,64,214123
36746,0.001874,74.125.200.0-255,1484,112273,64,214123
36747,0.00188,172.31.40.0-255,66,112339,64,214123
36748,0.001886,74.125.200.0-255,2902,115241,64,214123
36749,0.001888,172.31.40.0-255,66,115307,64,214123
36750,0.001891,74.125.200.0-255,1484,116791,64,214123
36751,0.001893,172.31.40.0-255,66,116857,64,214123
36752,0.001898,74.125.200.0-255,2902,119759,64,214123
36753,0.0019,172.31.40.0-255,66,119825,64,214123
36754,0.00193,74.125.200.0-255,5738,125563,64,214123
36755,0.001933,172.31.40.0-255,66,125629,64,214123
36756,0.001938,74.125.200.0-255,2902,128531,64,214123
36757,0.00194,172.31.40.0-255,66,128597,64,214123
36758,0.001956,74.125.200.0-255,1484,130081,64,214123
36759,0.001959,172.31.40.0-255,66,130147,64,214123
36760,0.001965,74.125.200.0-255,4320,134467,64,214123
36761,0.001966,172.31.40.0-255,66,134533,64,214123
36762,0.001991,74.125.200.0-255,1484,136017,64,214123
36763,0.001995,74.125.200.0-255,1484,137501,64,214123
36764,0.001999,172.31.40.0-255,66,137567,64,214123
36765,0.002031,172.31.40.0-255,66,137633,64,214123
36766,0.002082,74.125.200.0-255,1484,139117,64,214123
36767,0.002099,74.125.200.0-255,2902,142019,64,214123
36768,0.002105,172.31.40.0-255,66,142085,64,214123
36769,0.002127,74.125.200.0-255,5738,147823,64,214123
36770,0.002141,74.125.200.0-255,4320,152143,64,214123
36771,0.002146,172.31.40.0-255,66,152209,64,214123
36772,0.002181,172.31.40.0-255,66,152275,64,214123
36773,0.002213,74.125.200.0-255,4320,156595,64,214123
36774,0.002235,74.125.200.0-255,5738,162333,64,214123
36775,0.00224,172.31.40.0-255,66,162399,64,214123
36776,0.002256,74.125.200.0-255,766,163165,64,214123
36777,0.002327,74.125.200.0-255,1484,164649,64,214123
36778,0.002331,74.125.200.0-255,1484,166133,64,214123
36779,0.002343,74.125.200.0-255,1484,167617,64,214123
36780,0.00235,172.31.40.0-255,66,167683,64,214123
36781,0.002368,74.125.200.0-255,4320,172003,64,214123
36782,0.002371,172.31.40.0-255,66,172069,64,214123
36783,0.0024,74.125.200.0-255,2902,174971,64,214123
36784,0.002416,172.31.40.0-255,66,175037,64,214123
36785,0.002425,74.125.200.0-255,2902,177939,64,214123
36786,0.002429,172.31.40.0-255,66,178005,64,214123
36787,0.002456,74.125.200.0-255,766,178771,64,214123
36788,0.012235,172.31.40.0-255,66,178837,64,214123
36789,0.013989,74.125.200.0-255,1484,180321,64,214123
36790,0.014001,172.31.40.0-255,66,180387,64,214123
36791,0.014849,74.125.200.0-255,4320,184707,64,214123
36792,0.014855,172.31.40.0-255,66,184773,64,214123
36793,0.016597,74.125.200.0-255,1484,186257,64,214123
36794,0.016609,172.31.40.0-255,66,186323,64,214123
36795,0.017459,74.125.200.0-255,4320,190643,64,214123
36796,0.017464,172.31.40.0-255,66,190709,64,214123
36797,0.019211,74.125.200.0-255,1484,192193,64,214123
36798,0.019219,172.31.40.0-255,66,192259,64,214123
36799,0.020073,74.125.200.0-255,4320,196579,64,214123
36800,0.020081,172.31.40.0-255,66,196645,64,214123
36801,0.021821,74.125.200.0-255,1484,198129,64,214123
36802,0.02271,74.125.200.0-255,4320,202449,64,214123
36803,0.023589,172.31.40.0-255,66,202515,64,214123
36804,0.026209,74.125.200.0-255,5738,208253,64,214123
36805,0.026222,172.31.40.0-255,66,208319,64,214123
36806,0.028837,74.125.200.0-255,5738,214057,64,214123
36807,0.028847,172.31.40.0-255,66,214123,64,214123
36808,0.0,74.125.24.0-255,153,153,64,243971
36809,2.5e-05,172.31.40.0-255,66,219,64,243971
36810,3.2e-05,74.125.24.0-255,1484,1703,64,243971
36811,3.6e-05,172.31.40.0-255,66,1769,64,243971
36812,4.9e-05,74.125.24.0-255,2902,4671,64,243971
36813,5.5e-05,172.31.40.0-255,66,4737,64,243971
36814,6e-05,74.125.24.0-255,2902,7639,64,243971
36815,6.3e-05,172.31.40.0-255,66,7705,64,243971
36816,7e-05,74.125.24.0-255,5738,13443,64,243971
36817,7.3e-05,172.31.40.0-255,66,13509,64,243971
36818,0.000113,74.125.24.0-255,4936,18445,64,243971
36819,0.000116,172.31.40.0-255,66,18511,64,243971
36820,0.000124,74.125.24.0-255,7156,25667,64,243971
36821,0.000126,172.31.40.0-255,66,25733,64,243971
36822,0.000157,74.125.24.0-255,5379,31112,64,243971
36823,0.00016,172.31.40.0-255,66,31178,64,243971
36824,0.000231,74.125.24.0-255,1484,32662,64,243971
36825,0.000234,172.31.40.0-255,66,32728,64,243971
36826,0.000241,74.125.24.0-255,2902,35630,64,243971
36827,0.000243,172.31.40.0-255,66,35696,64,243971
36828,0.000254,74.125.24.0-255,5738,41434,64,243971
36829,0.000257,172.31.40.0-255,66,41500,64,243971
36830,0.000263,74.125.24.0-255,6797,48297,64,243971
36831,0.000266,172.31.40.0-255,66,48363,64,243971
36832,0.0003,172.31.40.0-255,66,48429,64,243971
36833,0.000332,74.125.24.0-255,4320,52749,64,243971
36834,0.000334,172.31.40.0-255,66,52815,64,243971
36835,0.000339,74.125.24.0-255,2543,55358,64,243971
36836,0.000341,172.31.40.0-255,66,55424,64,243971
36837,0.000344,74.125.24.0-255,395,55819,64,243971
36838,0.00035,172.31.40.0-255,66,55885,64,243971
36839,0.00037,74.125.24.0-255,348,56233,64,243971
36840,0.000621,74.125.24.0-255,1484,57717,64,243971
36841,0.000627,172.31.40.0-255,66,57783,64,243971
36842,0.000633,74.125.24.0-255,2902,60685,64,243971
36843,0.000635,172.31.40.0-255,66,60751,64,243971
36844,0.00064,74.125.24.0-255,2902,63653,64,243971
36845,0.000647,172.31.40.0-255,66,63719,64,243971
36846,0.000678,74.125.24.0-255,2902,66621,64,243971
36847,0.000681,172.31.40.0-255,66,66687,64,243971
36848,0.000684,74.125.24.0-255,1484,68171,64,243971
36849,0.000698,172.31.40.0-255,66,68237,64,243971
36850,0.000705,74.125.24.0-255,5738,73975,64,243971
36851,0.000707,172.31.40.0-255,66,74041,64,243971
36852,0.00074,74.125.24.0-255,3602,77643,64,243971
36853,0.000743,172.31.40.0-255,66,77709,64,243971
36854,0.001263,74.125.24.0-255,1484,79193,64,243971
36855,0.001279,74.125.24.0-255,2902,82095,64,243971
36856,0.001283,172.31.40.0-255,66,82161,64,243971
36857,0.001303,74.125.24.0-255,2902,85063,64,243971
36858,0.001305,172.31.40.0-255,66,85129,64,243971
36859,0.001313,74.125.24.0-255,7156,92285,64,243971
36860,0.001315,172.31.40.0-255,66,92351,64,243971
36861,0.001344,74.125.24.0-255,2902,95253,64,243971
36862,0.001347,172.31.40.0-255,66,95319,64,243971
36863,0.00136,74.125.24.0-255,4320,99639,64,243971
36864,0.001366,172.31.40.0-255,66,99705,64,243971
36865,0.001396,172.31.40.0-255,66,99771,64,243971
36866,0.001421,74.125.24.0-255,3602,103373,64,243971
36867,0.001423,172.31.40.0-255,66,103439,64,243971
36868,0.001831,74.125.24.0-255,1484,104923,64,243971
36869,0.001836,74.125.24.0-255,1484,106407,64,243971
36870,0.001839,172.31.40.0-255,66,106473,64,243971
36871,0.001866,74.125.24.0-255,1484,107957,64,243971
36872,0.001873,74.125.24.0-255,5738,113695,64,243971
36873,0.001875,172.31.40.0-255,66,113761,64,243971
36874,0.00188,74.125.24.0-255,4320,118081,64,243971
36875,0.001882,172.31.40.0-255,66,118147,64,243971
36876,0.001918,172.31.40.0-255,66,118213,64,243971
36877,0.001926,74.125.24.0-255,7156,125369,64,243971
36878,0.001928,172.31.40.0-255,66,125435,64,243971
36879,0.00195,74.125.24.0-255,2902,128337,64,243971
36880,0.001953,172.31.40.0-255,66,128403,64,243971
36881,0.001978,74.125.24.0-255,766,129169,64,243971
36882,0.001994,74.125.24.0-255,1484,130653,64,243971
36883,0.001997,172.31.40.0-255,66,130719,64,243971
36884,0.002,74.125.24.0-255,1484,132203,64,243971
36885,0.002038,74.125.24.0-255,2902,135105,64,243971
36886,0.002041,172.31.40.0-255,66,135171,64,243971
36887,0.002048,74.125.24.0-255,7156,142327,64,243971
36888,0.00205,172.31.40.0-255,66,142393,64,243971
36889,0.002071,172.31.40.0-255,66,142459,64,243971
36890,0.002077,74.125.24.0-255,5020,147479,64,243971
36891,0.002116,172.31.40.0-255,66,147545,64,243971
36892,0.002142,74.125.24.0-255,1484,149029,64,243971
36893,0.002147,74.125.24.0-255,2902,151931,64,243971
36894,0.00215,172.31.40.0-255,66,151997,64,243971
36895,0.002157,74.125.24.0-255,5738,157735,64,243971
36896,0.002159,172.31.40.0-255,66,157801,64,243971
36897,0.002162,74.125.24.0-255,1484,159285,64,243971
36898,0.002169,74.125.24.0-255,7156,166441,64,243971
36899,0.002171,172.31.40.0-255,66,166507,64,243971
36900,0.002196,74.125.24.0-255,1484,167991,64,243971
36901,0.0022,74.125.24.0-255,1484,169475,64,243971
36902,0.002202,172.31.40.0-255,66,169541,64,243971
36903,0.002241,172.31.40.0-255,66,169607,64,243971
36904,0.002275,74.125.24.0-255,5738,175345,64,243971
36905,0.002278,172.31.40.0-255,66,175411,64,243971
36906,0.002285,74.125.24.0-255,7156,182567,64,243971
36907,0.002288,172.31.40.0-255,66,182633,64,243971
36908,0.002311,172.31.40.0-255,66,182699,64,243971
36909,0.002343,74.125.24.0-255,2902,185601,64,243971
36910,0.002346,172.31.40.0-255,66,185667,64,243971
36911,0.002357,172.31.40.0-255,66,185733,64,243971
36912,0.00237,172.31.40.0-255,66,185799,64,243971
36913,0.002409,172.31.40.0-255,66,185865,64,243971
36914,0.002419,172.31.40.0-255,66,185931,64,243971
36915,0.004816,74.125.24.0-255,5738,191669,64,243971
36916,0.004838,172.31.40.0-255,66,191735,64,243971
36917,0.007243,74.125.24.0-255,5738,197473,64,243971
36918,0.007261,172.31.40.0-255,66,197539,64,243971
36919,0.009646,74.125.24.0-255,5738,203277,64,243971
36920,0.009661,172.31.40.0-255,66,203343,64,243971
36921,0.012002,74.125.24.0-255,5738,209081,64,243971
36922,0.013501,172.31.40.0-255,66,209147,64,243971
36923,0.015881,74.125.24.0-255,5738,214885,64,243971
36924,0.015891,172.31.40.0-255,66,214951,64,243971
36925,0.018254,74.125.24.0-255,5738,220689,64,243971
36926,0.018267,172.31.40.0-255,66,220755,64,243971
36927,0.02061,74.125.24.0-255,5738,226493,64,243971
36928,0.02062,172.31.40.0-255,66,226559,64,243971
36929,0.023013,74.125.24.0-255,5738,232297,64,243971
36930,0.023022,172.31.40.0-255,66,232363,64,243971
36931,0.02538,74.125.24.0-255,5738,238101,64,243971
36932,0.025393,172.31.40.0-255,66,238167,64,243971
36933,0.027923,74.125.24.0-255,5738,243905,64,243971
36934,0.027933,172.31.40.0-255,66,243971,64,243971
36935,0.0,172.217.194.0-255,153,153,64,189356
36936,1.7e-05,172.31.40.0-255,66,219,64,189356
36937,2.3e-05,172.217.194.0-255,1484,1703,64,189356
36938,2.7e-05,172.31.40.0-255,66,1769,64,189356
36939,3.3e-05,172.217.194.0-255,2902,4671,64,189356
36940,3.6e-05,172.31.40.0-255,66,4737,64,189356
36941,4.2e-05,172.217.194.0-255,4320,9057,64,189356
36942,4.5e-05,172.31.40.0-255,66,9123,64,189356
36943,6.7e-05,172.217.194.0-255,2902,12025,64,189356
36944,7e-05,172.31.40.0-255,66,12091,64,189356
36945,7.4e-05,172.217.194.0-255,2039,14130,64,189356
36946,7.7e-05,172.31.40.0-255,66,14196,64,189356
36947,0.000154,172.217.194.0-255,1484,15680,64,189356
36948,0.000157,172.31.40.0-255,66,15746,64,189356
36949,0.000162,172.217.194.0-255,2902,18648,64,189356
36950,0.000165,172.31.40.0-255,66,18714,64,189356
36951,0.000207,172.217.194.0-255,5738,24452,64,189356
36952,0.000211,172.31.40.0-255,66,24518,64,189356
36953,0.000237,172.217.194.0-255,6797,31315,64,189356
36954,0.00024,172.31.40.0-255,66,31381,64,189356
36955,0.000403,172.217.194.0-255,1484,32865,64,189356
36956,0.000408,172.31.40.0-255,66,32931,64,189356
36957,0.000414,172.217.194.0-255,2902,35833,64,189356
36958,0.000416,172.31.40.0-255,66,35899,64,189356
36959,0.000421,172.217.194.0-255,2902,38801,64,189356
36960,0.000423,172.31.40.0-255,66,38867,64,189356
36961,0.000437,172.217.194.0-255,2902,41769,64,189356
36962,0.000439,172.31.40.0-255,66,41835,64,189356
36963,0.00046,172.217.194.0-255,4320,46155,64,189356
36964,0.000464,172.31.40.0-255,66,46221,64,189356
36965,0.000485,172.217.194.0-255,6797,53018,64,189356
36966,0.000489,172.31.40.0-255,66,53084,64,189356
36967,0.0005,172.31.40.0-255,66,53150,64,189356
36968,0.000517,172.217.194.0-255,2543,55693,64,189356
36969,0.000521,172.31.40.0-255,66,55759,64,189356
36970,0.00066,172.217.194.0-255,645,56404,64,189356
36971,0.000914,172.217.194.0-255,1484,57888,64,189356
36972,0.000919,172.31.40.0-255,66,57954,64,189356
36973,0.000923,172.217.194.0-255,1484,59438,64,189356
36974,0.00094,172.217.194.0-255,1484,60922,64,189356
36975,0.000942,172.31.40.0-255,66,60988,64,189356
36976,0.00095,172.217.194.0-255,5738,66726,64,189356
36977,0.000952,172.31.40.0-255,66,66792,64,189356
36978,0.000975,172.217.194.0-255,1484,68276,64,189356
36979,0.001008,172.31.40.0-255,66,68342,64,189356
36980,0.001015,172.217.194.0-255,5738,74080,64,189356
36981,0.001017,172.31.40.0-255,66,74146,64,189356
36982,0.001029,172.217.194.0-255,1484,75630,64,189356
36983,0.001042,172.217.194.0-255,3602,79232,64,189356
36984,0.001044,172.31.40.0-255,66,79298,64,189356
36985,0.001321,172.217.194.0-255,1484,80782,64,189356
36986,0.001327,172.217.194.0-255,2902,83684,64,189356
36987,0.00133,172.31.40.0-255,66,83750,64,189356
36988,0.001334,172.217.194.0-255,1484,85234,64,189356
36989,0.001348,172.217.194.0-255,4320,89554,64,189356
36990,0.00135,172.31.40.0-255,66,89620,64,189356
36991,0.001382,172.31.40.0-255,66,89686,64,189356
36992,0.001399,172.217.194.0-255,2902,92588,64,189356
36993,0.001401,172.31.40.0-255,66,92654,64,189356
36994,0.001406,172.217.194.0-255,4320,96974,64,189356
36995,0.001409,172.31.40.0-255,66,97040,64,189356
36996,0.001433,172.217.194.0-255,6438,103478,64,189356
36997,0.001436,172.31.40.0-255,66,103544,64,189356
36998,0.002281,172.217.194.0-255,1484,105028,64,189356
36999,0.002293,172.217.194.0-255,2902,107930,64,189356
37000,0.002298,172.31.40.0-255,66,107996,64,189356
37001,0.002306,172.217.194.0-255,5738,113734,64,189356
37002,0.002308,172.31.40.0-255,66,113800,64,189356
37003,0.002324,172.217.194.0-255,4320,118120,64,189356
37004,0.002327,172.31.40.0-255,66,118186,64,189356
37005,0.002353,172.217.194.0-255,4320,122506,64,189356
37006,0.002356,172.31.40.0-255,66,122572,64,189356
37007,0.002362,172.217.194.0-255,4320,126892,64,189356
37008,0.002364,172.31.40.0-255,66,126958,64,189356
37009,0.002387,172.31.40.0-255,66,127024,64,189356
37010,0.004973,172.217.194.0-255,5738,132762,64,189356
37011,0.004981,172.31.40.0-255,66,132828,64,189356
37012,0.007572,172.217.194.0-255,5738,138566,64,189356
37013,0.007578,172.31.40.0-255,66,138632,64,189356
37014,0.010156,172.217.194.0-255,5738,144370,64,189356
37015,0.010164,172.31.40.0-255,66,144436,64,189356
37016,0.012782,172.217.194.0-255,5738,150174,64,189356
37017,0.012789,172.31.40.0-255,66,150240,64,189356
37018,0.015404,172.217.194.0-255,5738,155978,64,189356
37019,0.015415,172.31.40.0-255,66,156044,64,189356
37020,0.018049,172.217.194.0-255,5738,161782,64,189356
37021,0.018058,172.31.40.0-255,66,161848,64,189356
37022,0.020671,172.217.194.0-255,5738,167586,64,189356
37023,0.02068,172.31.40.0-255,66,167652,64,189356
37024,0.023268,172.217.194.0-255,5738,173390,64,189356
37025,0.023277,172.31.40.0-255,66,173456,64,189356
37026,0.025878,172.217.194.0-255,5738,179194,64,189356
37027,0.025885,172.31.40.0-255,66,179260,64,189356
37028,0.026886,172.31.40.0-255,172,179432,64,189356
37029,0.026925,172.31.40.0-255,1111,180543,64,189356
37030,0.026984,172.31.40.0-255,1514,182057,64,189356
37031,0.026986,172.31.40.0-255,1297,183354,64,189356
37032,0.028451,104.244.42.0-255,66,183420,64,189356
37033,0.02849,172.217.194.0-255,5738,189158,64,189356
37034,0.028495,172.31.40.0-255,66,189224,64,189356
37035,0.02864,104.244.42.0-255,66,189290,64,189356
37036,0.028646,104.244.42.0-255,66,189356,64,189356
37037,0.0,74.125.200.0-255,153,153,64,284352
37038,2.4e-05,172.31.40.0-255,66,219,64,284352
37039,3.1e-05,74.125.200.0-255,1484,1703,64,284352
37040,3.5e-05,172.31.40.0-255,66,1769,64,284352
37041,3.9e-05,74.125.200.0-255,1484,3253,64,284352
37042,5e-05,172.31.40.0-255,66,3319,64,284352
37043,5.8e-05,74.125.200.0-255,2902,6221,64,284352
37044,6e-05,172.31.40.0-255,66,6287,64,284352
37045,6.7e-05,74.125.200.0-255,5738,12025,64,284352
37046,6.9e-05,172.31.40.0-255,66,12091,64,284352
37047,0.000103,74.125.200.0-255,2102,14193,64,284352
37048,0.000107,172.31.40.0-255,66,14259,64,284352
37049,0.000245,74.125.200.0-255,1484,15743,64,284352
37050,0.00025,172.31.40.0-255,66,15809,64,284352
37051,0.000255,74.125.200.0-255,2902,18711,64,284352
37052,0.000257,172.31.40.0-255,66,18777,64,284352
37053,0.00029,74.125.200.0-255,5738,24515,64,284352
37054,0.000293,172.31.40.0-255,66,24581,64,284352
37055,0.000323,74.125.200.0-255,6797,31378,64,284352
37056,0.000326,172.31.40.0-255,66,31444,64,284352
37057,0.000369,74.125.200.0-255,7156,38600,64,284352
37058,0.000372,172.31.40.0-255,66,38666,64,284352
37059,0.000379,74.125.200.0-255,7156,45822,64,284352
37060,0.000381,172.31.40.0-255,66,45888,64,284352
37061,0.000397,172.31.40.0-255,66,45954,64,284352
37062,0.00041,172.31.40.0-255,66,46020,64,284352
37063,0.000481,74.125.200.0-255,395,46415,64,284352
37064,0.000484,172.31.40.0-255,66,46481,64,284352
37065,0.000505,74.125.200.0-255,111,46592,64,284352
37066,0.000508,172.31.40.0-255,66,46658,64,284352
37067,0.000631,74.125.200.0-255,1484,48142,64,284352
37068,0.000635,74.125.200.0-255,1484,49626,64,284352
37069,0.000646,172.31.40.0-255,66,49692,64,284352
37070,0.00065,74.125.200.0-255,1484,51176,64,284352
37071,0.000657,74.125.200.0-255,5738,56914,64,284352
37072,0.000663,172.31.40.0-255,66,56980,64,284352
37073,0.000692,74.125.200.0-255,7156,64136,64,284352
37074,0.000695,172.31.40.0-255,66,64202,64,284352
37075,0.000724,74.125.200.0-255,5738,69940,64,284352
37076,0.00073,74.125.200.0-255,5738,75678,64,284352
37077,0.000735,172.31.40.0-255,66,75744,64,284352
37078,0.000738,172.31.40.0-255,66,75810,64,284352
37079,0.000749,74.125.200.0-255,5020,80830,64,284352
37080,0.000756,172.31.40.0-255,66,80896,64,284352
37081,0.000783,74.125.200.0-255,334,81230,64,284352
37082,0.000917,74.125.200.0-255,1484,82714,64,284352
37083,0.000922,172.31.40.0-255,66,82780,64,284352
37084,0.000948,74.125.200.0-255,1484,84264,64,284352
37085,0.000959,74.125.200.0-255,1484,85748,64,284352
37086,0.000962,172.31.40.0-255,66,85814,64,284352
37087,0.000989,74.125.200.0-255,4320,90134,64,284352
37088,0.000991,172.31.40.0-255,66,90200,64,284352
37089,0.000995,74.125.200.0-255,1484,91684,64,284352
37090,0.001019,74.125.200.0-255,4320,96004,64,284352
37091,0.001022,172.31.40.0-255,66,96070,64,284352
37092,0.001026,74.125.200.0-255,2902,98972,64,284352
37093,0.001028,172.31.40.0-255,66,99038,64,284352
37094,0.001064,172.31.40.0-255,66,99104,64,284352
37095,0.001069,74.125.200.0-255,4320,103424,64,284352
37096,0.001071,172.31.40.0-255,66,103490,64,284352
37097,0.001133,74.125.200.0-255,3602,107092,64,284352
37098,0.001137,172.31.40.0-255,66,107158,64,284352
37099,0.001143,74.125.200.0-255,4320,111478,64,284352
37100,0.001145,172.31.40.0-255,66,111544,64,284352
37101,0.001198,74.125.200.0-255,2902,114446,64,284352
37102,0.001202,172.31.40.0-255,66,114512,64,284352
37103,0.001232,74.125.200.0-255,7156,121668,64,284352
37104,0.001235,172.31.40.0-255,66,121734,64,284352
37105,0.001238,74.125.200.0-255,1484,123218,64,284352
37106,0.001251,172.31.40.0-255,66,123284,64,284352
37107,0.00131,172.31.40.0-255,66,123350,64,284352
37108,0.001348,172.31.40.0-255,66,123416,64,284352
37109,0.001361,172.31.40.0-255,66,123482,64,284352
37110,0.001364,74.125.200.0-255,1484,124966,64,284352
37111,0.001369,74.125.200.0-255,2902,127868,64,284352
37112,0.001371,172.31.40.0-255,66,127934,64,284352
37113,0.001377,74.125.200.0-255,4320,132254,64,284352
37114,0.001379,172.31.40.0-255,66,132320,64,284352
37115,0.00139,172.31.40.0-255,66,132386,64,284352
37116,0.001427,74.125.200.0-255,5738,138124,64,284352
37117,0.001431,172.31.40.0-255,66,138190,64,284352
37118,0.001438,74.125.200.0-255,7156,145346,64,284352
37119,0.001441,172.31.40.0-255,66,145412,64,284352
37120,0.001446,74.125.200.0-255,2902,148314,64,284352
37121,0.001448,172.31.40.0-255,66,148380,64,284352
37122,0.001469,74.125.200.0-255,766,149146,64,284352
37123,0.001475,74.125.200.0-255,4320,153466,64,284352
37124,0.001478,172.31.40.0-255,66,153532,64,284352
37125,0.001506,74.125.200.0-255,7156,160688,64,284352
37126,0.001509,172.31.40.0-255,66,160754,64,284352
37127,0.001546,74.125.200.0-255,1484,162238,64,284352
37128,0.001564,172.31.40.0-255,66,162304,64,284352
37129,0.001576,172.31.40.0-255,66,162370,64,284352
37130,0.001707,74.125.200.0-255,1484,163854,64,284352
37131,0.001711,74.125.200.0-255,1484,165338,64,284352
37132,0.001714,172.31.40.0-255,66,165404,64,284352
37133,0.001741,74.125.200.0-255,1484,166888,64,284352
37134,0.001747,74.125.200.0-255,5738,172626,64,284352
37135,0.00175,172.31.40.0-255,66,172692,64,284352
37136,0.001775,74.125.200.0-255,7156,179848,64,284352
37137,0.001777,172.31.40.0-255,66,179914,64,284352
37138,0.001783,74.125.200.0-255,4320,184234,64,284352
37139,0.001785,172.31.40.0-255,66,184300,64,284352
37140,0.001819,74.125.200.0-255,4320,188620,64,284352
37141,0.001822,172.31.40.0-255,66,188686,64,284352
37142,0.00183,74.125.200.0-255,7156,195842,64,284352
37143,0.001832,172.31.40.0-255,66,195908,64,284352
37144,0.001858,74.125.200.0-255,766,196674,64,284352
37145,0.001949,74.125.200.0-255,1484,198158,64,284352
37146,0.001954,172.31.40.0-255,66,198224,64,284352
37147,0.00196,74.125.200.0-255,2902,201126,64,284352
37148,0.001963,172.31.40.0-255,66,201192,64,284352
37149,0.001997,74.125.200.0-255,5738,206930,64,284352
37150,0.002,172.31.40.0-255,66,206996,64,284352
37151,0.002012,74.125.200.0-255,2902,209898,64,284352
37152,0.002019,172.31.40.0-255,66,209964,64,284352
37153,0.002047,74.125.200.0-255,7156,217120,64,284352
37154,0.002053,74.125.200.0-255,5738,222858,64,284352
37155,0.002057,172.31.40.0-255,66,222924,64,284352
37156,0.00206,172.31.40.0-255,66,222990,64,284352
37157,0.002071,74.125.200.0-255,5738,228728,64,284352
37158,0.002074,172.31.40.0-255,66,228794,64,284352
37159,0.002078,74.125.200.0-255,2184,230978,64,284352
37160,0.00208,172.31.40.0-255,66,231044,64,284352
37161,0.002089,74.125.200.0-255,2902,233946,64,284352
37162,0.002092,172.31.40.0-255,66,234012,64,284352
37163,0.002099,74.125.200.0-255,7156,241168,64,284352
37164,0.002102,172.31.40.0-255,66,241234,64,284352
37165,0.002105,74.125.200.0-255,1484,242718,64,284352
37166,0.002148,172.31.40.0-255,66,242784,64,284352
37167,0.002161,172.31.40.0-255,66,242850,64,284352
37168,0.002165,74.125.200.0-255,2184,245034,64,284352
37169,0.002167,172.31.40.0-255,66,245100,64,284352
37170,0.002171,74.125.200.0-255,2902,248002,64,284352
37171,0.002173,172.31.40.0-255,66,248068,64,284352
37172,0.002235,74.125.200.0-255,7156,255224,64,284352
37173,0.002238,172.31.40.0-255,66,255290,64,284352
37174,0.002243,74.125.200.0-255,4320,259610,64,284352
37175,0.002246,172.31.40.0-255,66,259676,64,284352
37176,0.002252,74.125.200.0-255,5738,265414,64,284352
37177,0.002254,172.31.40.0-255,66,265480,64,284352
37178,0.002258,74.125.200.0-255,2902,268382,64,284352
37179,0.00226,172.31.40.0-255,66,268448,64,284352
37180,0.002294,74.125.200.0-255,4320,272768,64,284352
37181,0.002298,172.31.40.0-255,66,272834,64,284352
37182,0.004493,74.125.200.0-255,1484,274318,64,284352
37183,0.004536,74.125.200.0-255,4320,278638,64,284352
37184,0.004546,172.31.40.0-255,66,278704,64,284352
37185,0.006812,74.125.200.0-255,5411,284115,64,284352
37186,0.006819,172.31.40.0-255,66,284181,64,284352
37187,0.017847,172.31.40.0-255,105,284286,64,284352
37188,0.020065,74.125.200.0-255,66,284352,64,284352
37189,0.0,172.217.194.0-255,153,153,64,196167
37190,1.9e-05,172.31.40.0-255,66,219,64,196167
37191,2.6e-05,172.217.194.0-255,1484,1703,64,196167
37192,3e-05,172.31.40.0-255,66,1769,64,196167
37193,3.5e-05,172.217.194.0-255,2902,4671,64,196167
37194,3.7e-05,172.31.40.0-255,66,4737,64,196167
37195,4.4e-05,172.217.194.0-255,7156,11893,64,196167
37196,4.8e-05,172.31.40.0-255,66,11959,64,196167
37197,5.4e-05,172.217.194.0-255,3400,15359,64,196167
37198,5.6e-05,172.31.40.0-255,66,15425,64,196167
37199,0.0001,172.31.40.0-255,66,15491,64,196167
37200,0.00011,172.31.40.0-255,66,15557,64,196167
37201,0.000139,172.31.40.0-255,66,15623,64,196167
37202,0.000142,172.217.194.0-255,1484,17107,64,196167
37203,0.000144,172.31.40.0-255,66,17173,64,196167
37204,0.000183,172.31.40.0-255,66,17239,64,196167
37205,0.000252,172.217.194.0-255,1484,18723,64,196167
37206,0.000255,172.31.40.0-255,66,18789,64,196167
37207,0.000258,172.217.194.0-255,1484,20273,64,196167
37208,0.00026,172.31.40.0-255,66,20339,64,196167
37209,0.000283,172.217.194.0-255,1484,21823,64,196167
37210,0.000287,172.31.40.0-255,66,21889,64,196167
37211,0.000293,172.217.194.0-255,5738,27627,64,196167
37212,0.000295,172.31.40.0-255,66,27693,64,196167
37213,0.00032,172.31.40.0-255,66,27759,64,196167
37214,0.000343,172.217.194.0-255,4320,32079,64,196167
37215,0.000345,172.31.40.0-255,66,32145,64,196167
37216,0.000351,172.217.194.0-255,5738,37883,64,196167
37217,0.000354,172.31.40.0-255,66,37949,64,196167
37218,0.000368,172.217.194.0-255,5020,42969,64,196167
37219,0.000371,172.31.40.0-255,66,43035,64,196167
37220,0.000395,172.217.194.0-255,1484,44519,64,196167
37221,0.0004,172.217.194.0-255,2902,47421,64,196167
37222,0.000403,172.31.40.0-255,66,47487,64,196167
37223,0.000417,172.217.194.0-255,2902,50389,64,196167
37224,0.00042,172.31.40.0-255,66,50455,64,196167
37225,0.000432,172.217.194.0-255,2902,53357,64,196167
37226,0.000435,172.31.40.0-255,66,53423,64,196167
37227,0.000438,172.217.194.0-255,1484,54907,64,196167
37228,0.000475,172.31.40.0-255,66,54973,64,196167
37229,0.000486,172.31.40.0-255,66,55039,64,196167
37230,0.000503,172.217.194.0-255,1484,56523,64,196167
37231,0.000506,172.217.194.0-255,1484,58007,64,196167
37232,0.000508,172.31.40.0-255,66,58073,64,196167
37233,0.000531,172.217.194.0-255,1484,59557,64,196167
37234,0.000536,172.217.194.0-255,5738,65295,64,196167
37235,0.000539,172.31.40.0-255,66,65361,64,196167
37236,0.000566,172.31.40.0-255,66,65427,64,196167
37237,0.000596,172.217.194.0-255,1994,67421,64,196167
37238,0.000598,172.31.40.0-255,66,67487,64,196167
37239,0.00061,172.31.40.0-255,66,67553,64,196167
37240,0.000655,172.217.194.0-255,5738,73291,64,196167
37241,0.000657,172.31.40.0-255,66,73357,64,196167
37242,0.000685,172.31.40.0-255,66,73423,64,196167
37243,0.000688,172.217.194.0-255,1484,74907,64,196167
37244,0.000692,172.217.194.0-255,2902,77809,64,196167
37245,0.000694,172.31.40.0-255,66,77875,64,196167
37246,0.0007,172.217.194.0-255,5738,83613,64,196167
37247,0.000702,172.31.40.0-255,66,83679,64,196167
37248,0.000706,172.217.194.0-255,2902,86581,64,196167
37249,0.000709,172.31.40.0-255,66,86647,64,196167
37250,0.000742,172.31.40.0-255,66,86713,64,196167
37251,0.000791,172.31.40.0-255,66,86779,64,196167
37252,0.001008,172.217.194.0-255,1484,88263,64,196167
37253,0.001014,172.217.194.0-255,2902,91165,64,196167
37254,0.001017,172.31.40.0-255,66,91231,64,196167
37255,0.001042,172.217.194.0-255,5738,96969,64,196167
37256,0.001046,172.31.40.0-255,66,97035,64,196167
37257,0.001065,172.217.194.0-255,2902,99937,64,196167
37258,0.001067,172.31.40.0-255,66,100003,64,196167
37259,0.001087,172.217.194.0-255,7156,107159,64,196167
37260,0.001089,172.31.40.0-255,66,107225,64,196167
37261,0.001117,172.217.194.0-255,2902,110127,64,196167
37262,0.00112,172.31.40.0-255,66,110193,64,196167
37263,0.00113,172.31.40.0-255,66,110259,64,196167
37264,0.001134,172.217.194.0-255,2184,112443,64,196167
37265,0.001136,172.31.40.0-255,66,112509,64,196167
37266,0.001145,172.217.194.0-255,2902,115411,64,196167
37267,0.001148,172.31.40.0-255,66,115477,64,196167
37268,0.001153,172.217.194.0-255,5738,121215,64,196167
37269,0.001156,172.31.40.0-255,66,121281,64,196167
37270,0.00117,172.217.194.0-255,1484,122765,64,196167
37271,0.001176,172.217.194.0-255,7156,129921,64,196167
37272,0.001181,172.31.40.0-255,66,129987,64,196167
37273,0.001192,172.217.194.0-255,5738,135725,64,196167
37274,0.001194,172.31.40.0-255,66,135791,64,196167
37275,0.001233,172.31.40.0-255,66,135857,64,196167
37276,0.001244,172.31.40.0-255,66,135923,64,196167
37277,0.001292,172.217.194.0-255,4320,140243,64,196167
37278,0.001295,172.31.40.0-255,66,140309,64,196167
37279,0.001319,172.31.40.0-255,66,140375,64,196167
37280,0.001331,172.217.194.0-255,5020,145395,64,196167
37281,0.001334,172.31.40.0-255,66,145461,64,196167
37282,0.001338,172.217.194.0-255,2902,148363,64,196167
37283,0.001341,172.31.40.0-255,66,148429,64,196167
37284,0.001346,172.217.194.0-255,4320,152749,64,196167
37285,0.001349,172.31.40.0-255,66,152815,64,196167
37286,0.001353,172.217.194.0-255,4320,157135,64,196167
37287,0.001356,172.31.40.0-255,66,157201,64,196167
37288,0.00138,172.217.194.0-255,4320,161521,64,196167
37289,0.001399,172.31.40.0-255,66,161587,64,196167
37290,0.001453,172.217.194.0-255,5020,166607,64,196167
37291,0.001456,172.31.40.0-255,66,166673,64,196167
37292,0.001568,172.217.194.0-255,1484,168157,64,196167
37293,0.001573,172.217.194.0-255,2902,171059,64,196167
37294,0.001582,172.31.40.0-255,66,171125,64,196167
37295,0.001586,172.217.194.0-255,2902,174027,64,196167
37296,0.001591,172.31.40.0-255,66,174093,64,196167
37297,0.001599,172.217.194.0-255,2902,176995,64,196167
37298,0.001601,172.217.194.0-255,1484,178479,64,196167
37299,0.001622,172.217.194.0-255,7156,185635,64,196167
37300,0.00163,172.31.40.0-255,66,185701,64,196167
37301,0.001647,172.217.194.0-255,4320,190021,64,196167
37302,0.001673,172.31.40.0-255,66,190087,64,196167
37303,0.001709,172.217.194.0-255,5738,195825,64,196167
37304,0.001737,172.217.194.0-255,105,195930,64,196167
37305,0.001743,172.31.40.0-255,66,195996,64,196167
37306,0.013234,172.31.40.0-255,105,196101,64,196167
37307,0.015529,172.217.194.0-255,66,196167,64,196167
37308,0.0,172.31.40.0-255,105,105,64,459
37309,0.000276,172.31.40.0-255,90,195,64,459
37310,0.000285,172.31.40.0-255,66,261,64,459
37311,0.002591,172.217.194.0-255,66,327,64,459
37312,0.002628,172.217.194.0-255,66,393,64,459
37313,0.002642,172.31.40.0-255,66,459,64,459
37314,0.0,172.217.160.0-255,155,155,64,244935
37315,2.3e-05,172.31.40.0-255,66,221,64,244935
37316,3e-05,172.217.160.0-255,1484,1705,64,244935
37317,3.6e-05,172.31.40.0-255,66,1771,64,244935
37318,4.1e-05,172.217.160.0-255,2902,4673,64,244935
37319,4.4e-05,172.31.40.0-255,66,4739,64,244935
37320,5.1e-05,172.217.160.0-255,7156,11895,64,244935
37321,5.4e-05,172.31.40.0-255,66,11961,64,244935
37322,5.9e-05,172.217.160.0-255,2902,14863,64,244935
37323,6.2e-05,172.31.40.0-255,66,14929,64,244935
37324,9.3e-05,172.31.40.0-255,66,14995,64,244935
37325,9.7e-05,172.217.160.0-255,2543,17538,64,244935
37326,9.9e-05,172.31.40.0-255,66,17604,64,244935
37327,0.000126,172.217.160.0-255,5738,23342,64,244935
37328,0.000128,172.31.40.0-255,66,23408,64,244935
37329,0.000157,172.31.40.0-255,66,23474,64,244935
37330,0.00039,172.217.160.0-255,1484,24958,64,244935
37331,0.000396,172.31.40.0-255,66,25024,64,244935
37332,0.000402,172.217.160.0-255,2902,27926,64,244935
37333,0.000405,172.31.40.0-255,66,27992,64,244935
37334,0.000411,172.217.160.0-255,5738,33730,64,244935
37335,0.000414,172.31.40.0-255,66,33796,64,244935
37336,0.00044,172.217.160.0-255,7104,40900,64,244935
37337,0.000443,172.31.40.0-255,66,40966,64,244935
37338,0.000479,172.217.160.0-255,369,41335,64,244935
37339,0.000482,172.31.40.0-255,66,41401,64,244935
37340,0.000553,172.217.160.0-255,1484,42885,64,244935
37341,0.000557,172.31.40.0-255,66,42951,64,244935
37342,0.000591,172.217.160.0-255,2902,45853,64,244935
37343,0.000594,172.31.40.0-255,66,45919,64,244935
37344,0.000599,172.217.160.0-255,4320,50239,64,244935
37345,0.000602,172.31.40.0-255,66,50305,64,244935
37346,0.000618,172.217.160.0-255,1484,51789,64,244935
37347,0.000641,172.31.40.0-255,66,51855,64,244935
37348,0.000646,172.217.160.0-255,5738,57593,64,244935
37349,0.000649,172.31.40.0-255,66,57659,64,244935
37350,0.000682,172.217.160.0-255,4320,61979,64,244935
37351,0.000684,172.31.40.0-255,66,62045,64,244935
37352,0.000706,172.217.160.0-255,5379,67424,64,244935
37353,0.000709,172.31.40.0-255,66,67490,64,244935
37354,0.000728,172.31.40.0-255,66,67556,64,244935
37355,0.000744,172.217.160.0-255,1484,69040,64,244935
37356,0.000751,172.217.160.0-255,6131,75171,64,244935
37357,0.000784,172.217.160.0-255,201,75372,64,244935
37358,0.000892,172.217.160.0-255,1484,76856,64,244935
37359,0.000899,172.217.160.0-255,2902,79758,64,244935
37360,0.000922,172.217.160.0-255,5738,85496,64,244935
37361,0.000938,172.217.160.0-255,2902,88398,64,244935
37362,0.000957,172.217.160.0-255,7156,95554,64,244935
37363,0.000981,172.217.160.0-255,2902,98456,64,244935
37364,0.000989,172.217.160.0-255,7156,105612,64,244935
37365,0.001041,172.217.160.0-255,2570,108182,64,244935
37366,0.001055,172.217.160.0-255,1484,109666,64,244935
37367,0.001058,172.217.160.0-255,1484,111150,64,244935
37368,0.001082,172.217.160.0-255,1484,112634,64,244935
37369,0.001089,172.217.160.0-255,5738,118372,64,244935
37370,0.001145,172.217.160.0-255,5738,124110,64,244935
37371,0.001188,172.31.40.0-255,66,124176,64,244935
37372,0.001242,172.217.160.0-255,1484,125660,64,244935
37373,0.001247,172.217.160.0-255,2902,128562,64,244935
37374,0.001268,172.217.160.0-255,5738,134300,64,244935
37375,0.001271,172.217.160.0-255,1484,135784,64,244935
37376,0.001349,172.217.160.0-255,5738,141522,64,244935
37377,0.001399,172.217.160.0-255,1484,143006,64,244935
37378,0.001402,172.217.160.0-255,766,143772,64,244935
37379,0.001472,172.217.160.0-255,1484,145256,64,244935
37380,0.001477,172.217.160.0-255,2902,148158,64,244935
37381,0.001487,172.217.160.0-255,5738,153896,64,244935
37382,0.001492,172.217.160.0-255,4320,158216,64,244935
37383,0.001513,172.217.160.0-255,2902,161118,64,244935
37384,0.001535,172.31.40.0-255,66,161184,64,244935
37385,0.001551,172.217.160.0-255,3602,164786,64,244935
37386,0.001562,172.31.40.0-255,66,164852,64,244935
37387,0.001652,172.217.160.0-255,1484,166336,64,244935
37388,0.001656,172.217.160.0-255,1484,167820,64,244935
37389,0.001669,172.217.160.0-255,1484,169304,64,244935
37390,0.001674,172.217.160.0-255,4320,173624,64,244935
37391,0.001676,172.31.40.0-255,66,173690,64,244935
37392,0.001682,172.31.40.0-255,66,173756,64,244935
37393,0.001689,172.217.160.0-255,1484,175240,64,244935
37394,0.001725,172.217.160.0-255,5738,180978,64,244935
37395,0.001727,172.217.160.0-255,1484,182462,64,244935
37396,0.00173,172.217.160.0-255,1484,183946,64,244935
37397,0.001751,172.217.160.0-255,2184,186130,64,244935
37398,0.001761,172.31.40.0-255,66,186196,64,244935
37399,0.001878,172.217.160.0-255,1484,187680,64,244935
37400,0.001903,172.217.160.0-255,2902,190582,64,244935
37401,0.001907,172.217.160.0-255,1484,192066,64,244935
37402,0.001959,172.217.160.0-255,4320,196386,64,244935
37403,0.001968,172.31.40.0-255,66,196452,64,244935
37404,0.001984,172.217.160.0-255,1484,197936,64,244935
37405,0.002001,172.217.160.0-255,5738,203674,64,244935
37406,0.002016,172.217.160.0-255,3602,207276,64,244935
37407,0.002023,172.31.40.0-255,66,207342,64,244935
37408,0.002062,172.217.160.0-255,4320,211662,64,244935
37409,0.002073,172.217.160.0-255,1484,213146,64,244935
37410,0.002078,172.31.40.0-255,66,213212,64,244935
37411,0.002089,172.217.160.0-255,4320,217532,64,244935
37412,0.002117,172.217.160.0-255,2902,220434,64,244935
37413,0.002121,172.31.40.0-255,66,220500,64,244935
37414,0.002126,172.31.40.0-255,66,220566,64,244935
37415,0.00214,172.217.160.0-255,2902,223468,64,244935
37416,0.002148,172.217.160.0-255,7156,230624,64,244935
37417,0.002157,172.31.40.0-255,66,230690,64,244935
37418,0.002165,172.217.160.0-255,1484,232174,64,244935
37419,0.002186,172.217.160.0-255,1484,233658,64,244935
37420,0.00222,172.217.160.0-255,4320,237978,64,244935
37421,0.002245,172.217.160.0-255,6483,244461,64,244935
37422,0.00225,172.31.40.0-255,66,244527,64,244935
37423,0.002263,172.217.160.0-255,105,244632,64,244935
37424,0.002265,172.31.40.0-255,66,244698,64,244935
37425,0.016293,172.31.40.0-255,66,244764,64,244935
37426,0.016342,172.31.40.0-255,105,244869,64,244935
37427,0.017954,172.217.160.0-255,66,244935,64,244935
37428,0.0,74.125.24.0-255,153,153,64,197831
37429,2.6e-05,172.31.40.0-255,66,219,64,197831
37430,3.4e-05,74.125.24.0-255,1484,1703,64,197831
37431,3.8e-05,172.31.40.0-255,66,1769,64,197831
37432,4.5e-05,74.125.24.0-255,2902,4671,64,197831
37433,4.9e-05,172.31.40.0-255,66,4737,64,197831
37434,5.6e-05,74.125.24.0-255,7156,11893,64,197831
37435,5.9e-05,172.31.40.0-255,66,11959,64,197831
37436,6.5e-05,74.125.24.0-255,3444,15403,64,197831
37437,6.8e-05,172.31.40.0-255,66,15469,64,197831
37438,9.1e-05,74.125.24.0-255,2902,18371,64,197831
37439,9.4e-05,172.31.40.0-255,66,18437,64,197831
37440,0.000116,172.31.40.0-255,66,18503,64,197831
37441,0.00012,74.125.24.0-255,2543,21046,64,197831
37442,0.000122,172.31.40.0-255,66,21112,64,197831
37443,0.000295,74.125.24.0-255,1484,22596,64,197831
37444,0.000301,172.31.40.0-255,66,22662,64,197831
37445,0.000314,74.125.24.0-255,2902,25564,64,197831
37446,0.000317,172.31.40.0-255,66,25630,64,197831
37447,0.000346,74.125.24.0-255,4320,29950,64,197831
37448,0.000348,172.31.40.0-255,66,30016,64,197831
37449,0.000367,74.125.24.0-255,5738,35754,64,197831
37450,0.00037,172.31.40.0-255,66,35820,64,197831
37451,0.000399,74.125.24.0-255,2543,38363,64,197831
37452,0.000402,172.31.40.0-255,66,38429,64,197831
37453,0.000414,172.31.40.0-255,66,38495,64,197831
37454,0.000424,172.31.40.0-255,66,38561,64,197831
37455,0.000452,74.125.24.0-255,132,38693,64,197831
37456,0.000455,172.31.40.0-255,66,38759,64,197831
37457,0.000548,74.125.24.0-255,1484,40243,64,197831
37458,0.000554,74.125.24.0-255,2902,43145,64,197831
37459,0.000557,172.31.40.0-255,66,43211,64,197831
37460,0.000563,74.125.24.0-255,4320,47531,64,197831
37461,0.000566,172.31.40.0-255,66,47597,64,197831
37462,0.000581,74.125.24.0-255,1484,49081,64,197831
37463,0.000593,74.125.24.0-255,1484,50565,64,197831
37464,0.000596,172.31.40.0-255,66,50631,64,197831
37465,0.000641,172.31.40.0-255,66,50697,64,197831
37466,0.000654,172.31.40.0-255,66,50763,64,197831
37467,0.00097,74.125.24.0-255,1484,52247,64,197831
37468,0.000977,74.125.24.0-255,2902,55149,64,197831
37469,0.00098,172.31.40.0-255,66,55215,64,197831
37470,0.000985,74.125.24.0-255,2902,58117,64,197831
37471,0.000987,172.31.40.0-255,66,58183,64,197831
37472,0.001003,74.125.24.0-255,2902,61085,64,197831
37473,0.001008,74.125.24.0-255,4320,65405,64,197831
37474,0.001011,172.31.40.0-255,66,65471,64,197831
37475,0.001014,172.31.40.0-255,66,65537,64,197831
37476,0.001044,172.31.40.0-255,66,65603,64,197831
37477,0.001058,172.31.40.0-255,66,65669,64,197831
37478,0.001532,74.125.24.0-255,1484,67153,64,197831
37479,0.001551,74.125.24.0-255,2902,70055,64,197831
37480,0.001555,172.31.40.0-255,66,70121,64,197831
37481,0.001559,74.125.24.0-255,1484,71605,64,197831
37482,0.001581,74.125.24.0-255,4320,75925,64,197831
37483,0.001584,172.31.40.0-255,66,75991,64,197831
37484,0.001587,74.125.24.0-255,1484,77475,64,197831
37485,0.00159,74.125.24.0-255,1484,78959,64,197831
37486,0.001591,172.31.40.0-255,66,79025,64,197831
37487,0.001615,74.125.24.0-255,1484,80509,64,197831
37488,0.001621,74.125.24.0-255,4320,84829,64,197831
37489,0.001623,172.31.40.0-255,66,84895,64,197831
37490,0.001642,74.125.24.0-255,1484,86379,64,197831
37491,0.001655,172.31.40.0-255,66,86445,64,197831
37492,0.001674,74.125.24.0-255,2902,89347,64,197831
37493,0.001676,172.31.40.0-255,66,89413,64,197831
37494,0.001679,74.125.24.0-255,766,90179,64,197831
37495,0.001871,74.125.24.0-255,1484,91663,64,197831
37496,0.001875,172.31.40.0-255,66,91729,64,197831
37497,0.001881,74.125.24.0-255,2902,94631,64,197831
37498,0.001884,172.31.40.0-255,66,94697,64,197831
37499,0.001887,74.125.24.0-255,1484,96181,64,197831
37500,0.001905,74.125.24.0-255,4320,100501,64,197831
37501,0.00191,172.31.40.0-255,66,100567,64,197831
37502,0.001946,172.31.40.0-255,66,100633,64,197831
37503,0.001953,74.125.24.0-255,7156,107789,64,197831
37504,0.001955,172.31.40.0-255,66,107855,64,197831
37505,0.001985,74.125.24.0-255,1484,109339,64,197831
37506,0.002002,74.125.24.0-255,2184,111523,64,197831
37507,0.002005,172.31.40.0-255,66,111589,64,197831
37508,0.00208,74.125.24.0-255,1484,113073,64,197831
37509,0.002084,74.125.24.0-255,1484,114557,64,197831
37510,0.002087,172.31.40.0-255,66,114623,64,197831
37511,0.002099,74.125.24.0-255,1484,116107,64,197831
37512,0.002105,74.125.24.0-255,5738,121845,64,197831
37513,0.002108,172.31.40.0-255,66,121911,64,197831
37514,0.002126,74.125.24.0-255,2902,124813,64,197831
37515,0.002128,172.31.40.0-255,66,124879,64,197831
37516,0.002154,172.31.40.0-255,66,124945,64,197831
37517,0.002158,74.125.24.0-255,2902,127847,64,197831
37518,0.00216,172.31.40.0-255,66,127913,64,197831
37519,0.002199,172.31.40.0-255,66,127979,64,197831
37520,0.002233,74.125.24.0-255,1484,129463,64,197831
37521,0.002238,74.125.24.0-255,2902,132365,64,197831
37522,0.002242,172.31.40.0-255,66,132431,64,197831
37523,0.002264,74.125.24.0-255,5738,138169,64,197831
37524,0.002267,172.31.40.0-255,66,138235,64,197831
37525,0.002301,172.31.40.0-255,66,138301,64,197831
37526,0.002321,74.125.24.0-255,2902,141203,64,197831
37527,0.002324,172.31.40.0-255,66,141269,64,197831
37528,0.002335,172.31.40.0-255,66,141335,64,197831
37529,0.002361,74.125.24.0-255,5020,146355,64,197831
37530,0.002364,172.31.40.0-255,66,146421,64,197831
37531,0.002367,74.125.24.0-255,1484,147905,64,197831
37532,0.002388,74.125.24.0-255,5738,153643,64,197831
37533,0.002391,172.31.40.0-255,66,153709,64,197831
37534,0.002398,74.125.24.0-255,7156,160865,64,197831
37535,0.0024,172.31.40.0-255,66,160931,64,197831
37536,0.002481,74.125.24.0-255,1484,162415,64,197831
37537,0.002487,74.125.24.0-255,4320,166735,64,197831
37538,0.002501,74.125.24.0-255,2902,169637,64,197831
37539,0.002515,74.125.24.0-255,4320,173957,64,197831
37540,0.002589,74.125.24.0-255,5738,179695,64,197831
37541,0.00262,74.125.24.0-255,4320,184015,64,197831
37542,0.002668,74.125.24.0-255,6438,190453,64,197831
37543,0.002944,74.125.24.0-255,1484,191937,64,197831
37544,0.002949,74.125.24.0-255,1484,193421,64,197831
37545,0.00297,74.125.24.0-255,1484,194905,64,197831
37546,0.002974,74.125.24.0-255,2584,197489,64,197831
37547,0.003013,74.125.24.0-255,105,197594,64,197831
37548,0.008663,172.31.40.0-255,66,197660,64,197831
37549,0.010828,172.31.40.0-255,105,197765,64,197831
37550,0.013074,74.125.24.0-255,66,197831,64,197831
37551,0.0,172.217.194.0-255,153,153,64,192484
37552,2.2e-05,172.31.40.0-255,66,219,64,192484
37553,3e-05,172.217.194.0-255,1484,1703,64,192484
37554,3.4e-05,172.31.40.0-255,66,1769,64,192484
37555,3.9e-05,172.217.194.0-255,2902,4671,64,192484
37556,5e-05,172.31.40.0-255,66,4737,64,192484
37557,5.8e-05,172.217.194.0-255,7156,11893,64,192484
37558,6e-05,172.31.40.0-255,66,11959,64,192484
37559,7.9e-05,172.31.40.0-255,66,12025,64,192484
37560,8.3e-05,172.217.194.0-255,2543,14568,64,192484
37561,8.7e-05,172.31.40.0-255,66,14634,64,192484
37562,0.000122,172.217.194.0-255,1484,16118,64,192484
37563,0.000124,172.31.40.0-255,66,16184,64,192484
37564,0.000129,172.217.194.0-255,2902,19086,64,192484
37565,0.000132,172.31.40.0-255,66,19152,64,192484
37566,0.00014,172.217.194.0-255,5738,24890,64,192484
37567,0.000148,172.31.40.0-255,66,24956,64,192484
37568,0.000213,172.31.40.0-255,66,25022,64,192484
37569,0.00023,172.31.40.0-255,66,25088,64,192484
37570,0.000234,172.217.194.0-255,1715,26803,64,192484
37571,0.000236,172.31.40.0-255,66,26869,64,192484
37572,0.000347,172.217.194.0-255,1484,28353,64,192484
37573,0.000351,172.31.40.0-255,66,28419,64,192484
37574,0.000356,172.217.194.0-255,2902,31321,64,192484
37575,0.000359,172.31.40.0-255,66,31387,64,192484
37576,0.000371,172.217.194.0-255,5738,37125,64,192484
37577,0.000373,172.31.40.0-255,66,37191,64,192484
37578,0.000437,172.31.40.0-255,66,37257,64,192484
37579,0.000449,172.31.40.0-255,66,37323,64,192484
37580,0.000456,172.217.194.0-255,766,38089,64,192484
37581,0.000839,172.217.194.0-255,1484,39573,64,192484
37582,0.000845,172.31.40.0-255,66,39639,64,192484
37583,0.000851,172.217.194.0-255,2902,42541,64,192484
37584,0.000853,172.31.40.0-255,66,42607,64,192484
37585,0.00086,172.217.194.0-255,5738,48345,64,192484
37586,0.000867,172.31.40.0-255,66,48411,64,192484
37587,0.000871,172.217.194.0-255,1484,49895,64,192484
37588,0.000913,172.31.40.0-255,66,49961,64,192484
37589,0.00092,172.217.194.0-255,7156,57117,64,192484
37590,0.000922,172.31.40.0-255,66,57183,64,192484
37591,0.000948,172.217.194.0-255,3602,60785,64,192484
37592,0.000951,172.31.40.0-255,66,60851,64,192484
37593,0.000958,172.217.194.0-255,1484,62335,64,192484
37594,0.000986,172.217.194.0-255,2902,65237,64,192484
37595,0.000991,172.217.194.0-255,5738,70975,64,192484
37596,0.000998,172.217.194.0-255,7156,78131,64,192484
37597,0.001003,172.31.40.0-255,66,78197,64,192484
37598,0.001011,172.31.40.0-255,66,78263,64,192484
37599,0.001013,172.31.40.0-255,66,78329,64,192484
37600,0.001023,172.217.194.0-255,4320,82649,64,192484
37601,0.001026,172.31.40.0-255,66,82715,64,192484
37602,0.001039,172.31.40.0-255,66,82781,64,192484
37603,0.001089,172.217.194.0-255,1484,84265,64,192484
37604,0.001095,172.217.194.0-255,2902,87167,64,192484
37605,0.001098,172.31.40.0-255,66,87233,64,192484
37606,0.001125,172.217.194.0-255,4320,91553,64,192484
37607,0.001128,172.31.40.0-255,66,91619,64,192484
37608,0.001135,172.217.194.0-255,5738,97357,64,192484
37609,0.001137,172.31.40.0-255,66,97423,64,192484
37610,0.001147,172.217.194.0-255,5738,103161,64,192484
37611,0.001149,172.31.40.0-255,66,103227,64,192484
37612,0.001184,172.217.194.0-255,5738,108965,64,192484
37613,0.001188,172.31.40.0-255,66,109031,64,192484
37614,0.001199,172.31.40.0-255,66,109097,64,192484
37615,0.001228,172.217.194.0-255,1484,110581,64,192484
37616,0.001244,172.217.194.0-255,2902,113483,64,192484
37617,0.001247,172.31.40.0-255,66,113549,64,192484
37618,0.001253,172.217.194.0-255,4320,117869,64,192484
37619,0.001255,172.31.40.0-255,66,117935,64,192484
37620,0.001286,172.217.194.0-255,1484,119419,64,192484
37621,0.001294,172.217.194.0-255,7156,126575,64,192484
37622,0.001296,172.31.40.0-255,66,126641,64,192484
37623,0.00135,172.31.40.0-255,66,126707,64,192484
37624,0.00137,172.217.194.0-255,2902,129609,64,192484
37625,0.001372,172.31.40.0-255,66,129675,64,192484
37626,0.001376,172.217.194.0-255,2184,131859,64,192484
37627,0.001378,172.31.40.0-255,66,131925,64,192484
37628,0.001382,172.217.194.0-255,2902,134827,64,192484
37629,0.001385,172.31.40.0-255,66,134893,64,192484
37630,0.001392,172.217.194.0-255,7156,142049,64,192484
37631,0.001394,172.31.40.0-255,66,142115,64,192484
37632,0.001401,172.217.194.0-255,7156,149271,64,192484
37633,0.001403,172.31.40.0-255,66,149337,64,192484
37634,0.001423,172.31.40.0-255,66,149403,64,192484
37635,0.001426,172.217.194.0-255,766,150169,64,192484
37636,0.001466,172.217.194.0-255,1484,151653,64,192484
37637,0.001468,172.31.40.0-255,66,151719,64,192484
37638,0.001473,172.217.194.0-255,2902,154621,64,192484
37639,0.001476,172.31.40.0-255,66,154687,64,192484
37640,0.001486,172.217.194.0-255,5738,160425,64,192484
37641,0.001489,172.31.40.0-255,66,160491,64,192484
37642,0.001531,172.31.40.0-255,66,160557,64,192484
37643,0.001542,172.31.40.0-255,66,160623,64,192484
37644,0.001573,172.217.194.0-255,2184,162807,64,192484
37645,0.001575,172.31.40.0-255,66,162873,64,192484
37646,0.00158,172.217.194.0-255,2902,165775,64,192484
37647,0.001582,172.31.40.0-255,66,165841,64,192484
37648,0.001621,172.217.194.0-255,7156,172997,64,192484
37649,0.001624,172.31.40.0-255,66,173063,64,192484
37650,0.001631,172.217.194.0-255,5738,178801,64,192484
37651,0.001633,172.31.40.0-255,66,178867,64,192484
37652,0.001647,172.217.194.0-255,7156,186023,64,192484
37653,0.00165,172.31.40.0-255,66,186089,64,192484
37654,0.001695,172.31.40.0-255,66,186155,64,192484
37655,0.001711,172.31.40.0-255,66,186221,64,192484
37656,0.001822,172.31.40.0-255,66,186287,64,192484
37657,0.001846,172.217.194.0-255,5855,192142,64,192484
37658,0.001892,172.217.194.0-255,105,192247,64,192484
37659,0.001904,172.31.40.0-255,66,192313,64,192484
37660,0.004471,172.31.40.0-255,105,192418,64,192484
37661,0.006777,172.217.194.0-255,66,192484,64,192484
37662,0.0,74.125.24.0-255,146,146,64,130293
37663,2.4e-05,172.31.40.0-255,66,212,64,130293
37664,3.1e-05,74.125.24.0-255,1484,1696,64,130293
37665,3.5e-05,172.31.40.0-255,66,1762,64,130293
37666,3.8e-05,74.125.24.0-255,1484,3246,64,130293
37667,5.5e-05,172.31.40.0-255,66,3312,64,130293
37668,6.2e-05,74.125.24.0-255,4320,7632,64,130293
37669,6.5e-05,172.31.40.0-255,66,7698,64,130293
37670,7.8e-05,172.31.40.0-255,66,7764,64,130293
37671,0.000116,172.31.40.0-255,66,7830,64,130293
37672,0.000137,74.125.24.0-255,5738,13568,64,130293
37673,0.000144,172.31.40.0-255,66,13634,64,130293
37674,0.000182,172.31.40.0-255,66,13700,64,130293
37675,0.000224,172.31.40.0-255,66,13766,64,130293
37676,0.000236,74.125.24.0-255,110,13876,64,130293
37677,0.000245,172.31.40.0-255,66,13942,64,130293
37678,0.000248,74.125.24.0-255,329,14271,64,130293
37679,0.00025,172.31.40.0-255,66,14337,64,130293
37680,0.000545,74.125.24.0-255,1484,15821,64,130293
37681,0.00055,172.31.40.0-255,66,15887,64,130293
37682,0.000557,74.125.24.0-255,2902,18789,64,130293
37683,0.00056,172.31.40.0-255,66,18855,64,130293
37684,0.000587,74.125.24.0-255,5738,24593,64,130293
37685,0.00059,172.31.40.0-255,66,24659,64,130293
37686,0.000597,74.125.24.0-255,5738,30397,64,130293
37687,0.000602,172.31.40.0-255,66,30463,64,130293
37688,0.000628,74.125.24.0-255,5738,36201,64,130293
37689,0.000631,172.31.40.0-255,66,36267,64,130293
37690,0.000636,74.125.24.0-255,2902,39169,64,130293
37691,0.000641,172.31.40.0-255,66,39235,64,130293
37692,0.000669,172.31.40.0-255,66,39301,64,130293
37693,0.001622,74.125.24.0-255,1484,40785,64,130293
37694,0.001633,74.125.24.0-255,2902,43687,64,130293
37695,0.001637,172.31.40.0-255,66,43753,64,130293
37696,0.001645,74.125.24.0-255,5738,49491,64,130293
37697,0.001647,172.31.40.0-255,66,49557,64,130293
37698,0.001652,74.125.24.0-255,4320,53877,64,130293
37699,0.00166,172.31.40.0-255,66,53943,64,130293
37700,0.001684,74.125.24.0-255,1484,55427,64,130293
37701,0.001698,172.31.40.0-255,66,55493,64,130293
37702,0.001705,74.125.24.0-255,5020,60513,64,130293
37703,0.001707,172.31.40.0-255,66,60579,64,130293
37704,0.002328,74.125.24.0-255,1484,62063,64,130293
37705,0.004036,74.125.24.0-255,4320,66383,64,130293
37706,0.004042,172.31.40.0-255,66,66449,64,130293
37707,0.00633,74.125.24.0-255,5738,72187,64,130293
37708,0.006334,172.31.40.0-255,66,72253,64,130293
37709,0.008634,74.125.24.0-255,5738,77991,64,130293
37710,0.008641,172.31.40.0-255,66,78057,64,130293
37711,0.010939,74.125.24.0-255,5738,83795,64,130293
37712,0.010947,172.31.40.0-255,66,83861,64,130293
37713,0.013242,74.125.24.0-255,5738,89599,64,130293
37714,0.013249,172.31.40.0-255,66,89665,64,130293
37715,0.015541,74.125.24.0-255,5738,95403,64,130293
37716,0.015549,172.31.40.0-255,66,95469,64,130293
37717,0.017846,74.125.24.0-255,5738,101207,64,130293
37718,0.017853,172.31.40.0-255,66,101273,64,130293
37719,0.020147,74.125.24.0-255,5738,107011,64,130293
37720,0.020157,172.31.40.0-255,66,107077,64,130293
37721,0.022468,74.125.24.0-255,5738,112815,64,130293
37722,0.022477,172.31.40.0-255,66,112881,64,130293
37723,0.024793,74.125.24.0-255,5738,118619,64,130293
37724,0.024801,172.31.40.0-255,66,118685,64,130293
37725,0.027101,74.125.24.0-255,5738,124423,64,130293
37726,0.027108,172.31.40.0-255,66,124489,64,130293
37727,0.029391,74.125.24.0-255,5738,130227,64,130293
37728,0.029397,172.31.40.0-255,66,130293,64,130293
37729,0.0,172.31.40.0-255,105,105,64,459
37730,0.000235,172.31.40.0-255,90,195,64,459
37731,0.000246,172.31.40.0-255,66,261,64,459
37732,0.002276,172.217.194.0-255,66,327,64,459
37733,0.002306,172.217.194.0-255,66,393,64,459
37734,0.002332,172.31.40.0-255,66,459,64,459
37735,0.0,172.217.194.0-255,152,152,64,185228
37736,3.4e-05,172.31.40.0-255,66,218,64,185228
37737,4.2e-05,172.217.194.0-255,1484,1702,64,185228
37738,4.6e-05,172.31.40.0-255,66,1768,64,185228
37739,5.2e-05,172.217.194.0-255,2902,4670,64,185228
37740,5.4e-05,172.31.40.0-255,66,4736,64,185228
37741,6.1e-05,172.217.194.0-255,5738,10474,64,185228
37742,6.4e-05,172.31.40.0-255,66,10540,64,185228
37743,6.9e-05,172.217.194.0-255,3392,13932,64,185228
37744,7.1e-05,172.31.40.0-255,66,13998,64,185228
37745,0.000402,172.217.194.0-255,1484,15482,64,185228
37746,0.000409,172.31.40.0-255,66,15548,64,185228
37747,0.000414,172.217.194.0-255,2902,18450,64,185228
37748,0.000417,172.31.40.0-255,66,18516,64,185228
37749,0.000419,172.217.194.0-255,1484,20000,64,185228
37750,0.000421,172.31.40.0-255,66,20066,64,185228
37751,0.00044,172.217.194.0-255,4320,24386,64,185228
37752,0.000443,172.31.40.0-255,66,24452,64,185228
37753,0.000455,172.217.194.0-255,1484,25936,64,185228
37754,0.000458,172.31.40.0-255,66,26002,64,185228
37755,0.00048,172.217.194.0-255,5379,31381,64,185228
37756,0.000483,172.31.40.0-255,66,31447,64,185228
37757,0.000814,172.217.194.0-255,1484,32931,64,185228
37758,0.000819,172.31.40.0-255,66,32997,64,185228
37759,0.000827,172.217.194.0-255,2902,35899,64,185228
37760,0.000829,172.31.40.0-255,66,35965,64,185228
37761,0.000835,172.217.194.0-255,5738,41703,64,185228
37762,0.000837,172.31.40.0-255,66,41769,64,185228
37763,0.000889,172.31.40.0-255,66,41835,64,185228
37764,0.000899,172.31.40.0-255,66,41901,64,185228
37765,0.00092,172.217.194.0-255,1381,43282,64,185228
37766,0.001075,172.217.194.0-255,120,43402,64,185228
37767,0.00125,172.217.194.0-255,1484,44886,64,185228
37768,0.001257,172.31.40.0-255,66,44952,64,185228
37769,0.001262,172.217.194.0-255,2902,47854,64,185228
37770,0.001265,172.31.40.0-255,66,47920,64,185228
37771,0.001271,172.217.194.0-255,5738,53658,64,185228
37772,0.001274,172.31.40.0-255,66,53724,64,185228
37773,0.001317,172.31.40.0-255,66,53790,64,185228
37774,0.001375,172.31.40.0-255,66,53856,64,185228
37775,0.001829,172.217.194.0-255,1484,55340,64,185228
37776,0.001836,172.217.194.0-255,2902,58242,64,185228
37777,0.00184,172.31.40.0-255,66,58308,64,185228
37778,0.001847,172.217.194.0-255,5738,64046,64,185228
37779,0.00185,172.31.40.0-255,66,64112,64,185228
37780,0.001888,172.31.40.0-255,66,64178,64,185228
37781,0.00191,172.31.40.0-255,66,64244,64,185228
37782,0.00193,172.217.194.0-255,2184,66428,64,185228
37783,0.001932,172.31.40.0-255,66,66494,64,185228
37784,0.001993,172.217.194.0-255,1484,67978,64,185228
37785,0.001997,172.217.194.0-255,2902,70880,64,185228
37786,0.002,172.31.40.0-255,66,70946,64,185228
37787,0.002004,172.217.194.0-255,2902,73848,64,185228
37788,0.002006,172.31.40.0-255,66,73914,64,185228
37789,0.002022,172.217.194.0-255,2902,76816,64,185228
37790,0.002024,172.31.40.0-255,66,76882,64,185228
37791,0.002029,172.217.194.0-255,4320,81202,64,185228
37792,0.002031,172.31.40.0-255,66,81268,64,185228
37793,0.00206,172.31.40.0-255,66,81334,64,185228
37794,0.00207,172.31.40.0-255,66,81400,64,185228
37795,0.002097,172.217.194.0-255,2184,83584,64,185228
37796,0.0021,172.31.40.0-255,66,83650,64,185228
37797,0.00212,172.217.194.0-255,2902,86552,64,185228
37798,0.002122,172.31.40.0-255,66,86618,64,185228
37799,0.002127,172.217.194.0-255,2902,89520,64,185228
37800,0.002129,172.31.40.0-255,66,89586,64,185228
37801,0.002145,172.217.194.0-255,4320,93906,64,185228
37802,0.002147,172.31.40.0-255,66,93972,64,185228
37803,0.002163,172.31.40.0-255,66,94038,64,185228
37804,0.0022,172.217.194.0-255,1484,95522,64,185228
37805,0.002228,172.31.40.0-255,66,95588,64,185228
37806,0.002239,172.31.40.0-255,66,95654,64,185228
37807,0.002272,172.31.40.0-255,66,95720,64,185228
37808,0.002307,172.217.194.0-255,7156,102876,64,185228
37809,0.00231,172.31.40.0-255,66,102942,64,185228
37810,0.002329,172.217.194.0-255,3602,106544,64,185228
37811,0.002331,172.31.40.0-255,66,106610,64,185228
37812,0.00235,172.217.194.0-255,7156,113766,64,185228
37813,0.002352,172.31.40.0-255,66,113832,64,185228
37814,0.002372,172.217.194.0-255,4320,118152,64,185228
37815,0.002375,172.31.40.0-255,66,118218,64,185228
37816,0.002395,172.31.40.0-255,66,118284,64,185228
37817,0.002469,172.31.40.0-255,66,118350,64,185228
37818,0.002498,172.31.40.0-255,66,118416,64,185228
37819,0.002501,172.217.194.0-255,2902,121318,64,185228
37820,0.002503,172.31.40.0-255,66,121384,64,185228
37821,0.004839,172.217.194.0-255,5738,127122,64,185228
37822,0.004844,172.31.40.0-255,66,127188,64,185228
37823,0.007202,172.217.194.0-255,5738,132926,64,185228
37824,0.00721,172.31.40.0-255,66,132992,64,185228
37825,0.009576,172.217.194.0-255,5738,138730,64,185228
37826,0.009595,172.31.40.0-255,66,138796,64,185228
37827,0.011942,172.217.194.0-255,5738,144534,64,185228
37828,0.01195,172.31.40.0-255,66,144600,64,185228
37829,0.014293,172.217.194.0-255,5738,150338,64,185228
37830,0.014305,172.31.40.0-255,66,150404,64,185228
37831,0.016648,172.217.194.0-255,5738,156142,64,185228
37832,0.016664,172.31.40.0-255,66,156208,64,185228
37833,0.019017,172.217.194.0-255,5738,161946,64,185228
37834,0.019027,172.31.40.0-255,66,162012,64,185228
37835,0.021348,172.217.194.0-255,5738,167750,64,185228
37836,0.021357,172.31.40.0-255,66,167816,64,185228
37837,0.023705,172.217.194.0-255,5738,173554,64,185228
37838,0.023714,172.31.40.0-255,66,173620,64,185228
37839,0.026061,172.217.194.0-255,5738,179358,64,185228
37840,0.026069,172.31.40.0-255,66,179424,64,185228
37841,0.028419,172.217.194.0-255,5738,185162,64,185228
37842,0.028429,172.31.40.0-255,66,185228,64,185228
37843,0.0,74.125.24.0-255,152,152,64,232445
37844,2.4e-05,172.31.40.0-255,66,218,64,232445
37845,3.1e-05,74.125.24.0-255,1484,1702,64,232445
37846,3.5e-05,172.31.40.0-255,66,1768,64,232445
37847,4.1e-05,74.125.24.0-255,2902,4670,64,232445
37848,4.4e-05,172.31.40.0-255,66,4736,64,232445
37849,5.3e-05,74.125.24.0-255,7156,11892,64,232445
37850,5.6e-05,172.31.40.0-255,66,11958,64,232445
37851,6.2e-05,74.125.24.0-255,4320,16278,64,232445
37852,6.5e-05,172.31.40.0-255,66,16344,64,232445
37853,0.000111,172.31.40.0-255,66,16410,64,232445
37854,0.000117,74.125.24.0-255,5379,21789,64,232445
37855,0.000119,172.31.40.0-255,66,21855,64,232445
37856,0.000241,74.125.24.0-255,1484,23339,64,232445
37857,0.000245,172.31.40.0-255,66,23405,64,232445
37858,0.000252,74.125.24.0-255,2902,26307,64,232445
37859,0.000254,172.31.40.0-255,66,26373,64,232445
37860,0.00026,74.125.24.0-255,5738,32111,64,232445
37861,0.000263,172.31.40.0-255,66,32177,64,232445
37862,0.000311,74.125.24.0-255,4320,36497,64,232445
37863,0.000314,172.31.40.0-255,66,36563,64,232445
37864,0.000347,172.31.40.0-255,66,36629,64,232445
37865,0.000351,74.125.24.0-255,2902,39531,64,232445
37866,0.000354,172.31.40.0-255,66,39597,64,232445
37867,0.000379,74.125.24.0-255,4320,43917,64,232445
37868,0.000382,172.31.40.0-255,66,43983,64,232445
37869,0.000394,74.125.24.0-255,2543,46526,64,232445
37870,0.000396,172.31.40.0-255,66,46592,64,232445
37871,0.000399,74.125.24.0-255,413,47005,64,232445
37872,0.000401,172.31.40.0-255,66,47071,64,232445
37873,0.000422,74.125.24.0-255,1484,48555,64,232445
37874,0.000427,74.125.24.0-255,1484,50039,64,232445
37875,0.000429,172.31.40.0-255,66,50105,64,232445
37876,0.000453,74.125.24.0-255,2902,53007,64,232445
37877,0.000456,172.31.40.0-255,66,53073,64,232445
37878,0.00046,74.125.24.0-255,2902,55975,64,232445
37879,0.000462,172.31.40.0-255,66,56041,64,232445
37880,0.000485,74.125.24.0-255,7156,63197,64,232445
37881,0.000489,172.31.40.0-255,66,63263,64,232445
37882,0.0005,172.31.40.0-255,66,63329,64,232445
37883,0.000512,172.31.40.0-255,66,63395,64,232445
37884,0.000514,74.125.24.0-255,1484,64879,64,232445
37885,0.000518,74.125.24.0-255,1484,66363,64,232445
37886,0.00052,172.31.40.0-255,66,66429,64,232445
37887,0.000545,74.125.24.0-255,1484,67913,64,232445
37888,0.000553,74.125.24.0-255,5738,73651,64,232445
37889,0.000555,172.31.40.0-255,66,73717,64,232445
37890,0.000584,74.125.24.0-255,6783,80500,64,232445
37891,0.000587,172.31.40.0-255,66,80566,64,232445
37892,0.000898,74.125.24.0-255,1484,82050,64,232445
37893,0.000904,74.125.24.0-255,2902,84952,64,232445
37894,0.000908,172.31.40.0-255,66,85018,64,232445
37895,0.000938,74.125.24.0-255,5738,90756,64,232445
37896,0.000941,172.31.40.0-255,66,90822,64,232445
37897,0.000982,172.31.40.0-255,66,90888,64,232445
37898,0.001013,74.125.24.0-255,4320,95208,64,232445
37899,0.001016,172.31.40.0-255,66,95274,64,232445
37900,0.001028,172.31.40.0-255,66,95340,64,232445
37901,0.001299,74.125.24.0-255,1484,96824,64,232445
37902,0.001306,74.125.24.0-255,2902,99726,64,232445
37903,0.00131,172.31.40.0-255,66,99792,64,232445
37904,0.001316,74.125.24.0-255,4320,104112,64,232445
37905,0.001318,172.31.40.0-255,66,104178,64,232445
37906,0.001331,74.125.24.0-255,1484,105662,64,232445
37907,0.001352,172.31.40.0-255,66,105728,64,232445
37908,0.001376,74.125.24.0-255,4320,110048,64,232445
37909,0.001379,172.31.40.0-255,66,110114,64,232445
37910,0.0014,74.125.24.0-255,5738,115852,64,232445
37911,0.001403,172.31.40.0-255,66,115918,64,232445
37912,0.001432,74.125.24.0-255,5020,120938,64,232445
37913,0.001435,172.31.40.0-255,66,121004,64,232445
37914,0.001623,74.125.24.0-255,1484,122488,64,232445
37915,0.001678,74.125.24.0-255,2902,125390,64,232445
37916,0.001682,172.31.40.0-255,66,125456,64,232445
37917,0.001689,74.125.24.0-255,4320,129776,64,232445
37918,0.001691,172.31.40.0-255,66,129842,64,232445
37919,0.001703,74.125.24.0-255,1484,131326,64,232445
37920,0.001716,74.125.24.0-255,2902,134228,64,232445
37921,0.001718,172.31.40.0-255,66,134294,64,232445
37922,0.001744,74.125.24.0-255,7156,141450,64,232445
37923,0.001747,172.31.40.0-255,66,141516,64,232445
37924,0.001754,74.125.24.0-255,7156,148672,64,232445
37925,0.001756,172.31.40.0-255,66,148738,64,232445
37926,0.001774,74.125.24.0-255,5738,154476,64,232445
37927,0.001776,172.31.40.0-255,66,154542,64,232445
37928,0.001781,74.125.24.0-255,2902,157444,64,232445
37929,0.001783,172.31.40.0-255,66,157510,64,232445
37930,0.001824,172.31.40.0-255,66,157576,64,232445
37931,0.001836,172.31.40.0-255,66,157642,64,232445
37932,0.001861,74.125.24.0-255,2902,160544,64,232445
37933,0.001864,172.31.40.0-255,66,160610,64,232445
37934,0.001915,172.31.40.0-255,66,160676,64,232445
37935,0.001934,172.31.40.0-255,66,160742,64,232445
37936,0.001937,74.125.24.0-255,1484,162226,64,232445
37937,0.001955,74.125.24.0-255,1484,163710,64,232445
37938,0.001957,172.31.40.0-255,66,163776,64,232445
37939,0.001963,74.125.24.0-255,4320,168096,64,232445
37940,0.001965,172.31.40.0-255,66,168162,64,232445
37941,0.001969,74.125.24.0-255,2902,171064,64,232445
37942,0.001971,172.31.40.0-255,66,171130,64,232445
37943,0.001988,74.125.24.0-255,5738,176868,64,232445
37944,0.00199,172.31.40.0-255,66,176934,64,232445
37945,0.00202,172.31.40.0-255,66,177000,64,232445
37946,0.002052,172.31.40.0-255,66,177066,64,232445
37947,0.002055,74.125.24.0-255,766,177832,64,232445
37948,0.0021,74.125.24.0-255,1484,179316,64,232445
37949,0.002102,172.31.40.0-255,66,179382,64,232445
37950,0.002108,74.125.24.0-255,4320,183702,64,232445
37951,0.00211,172.31.40.0-255,66,183768,64,232445
37952,0.00212,172.31.40.0-255,66,183834,64,232445
37953,0.00213,172.31.40.0-255,66,183900,64,232445
37954,0.002145,74.125.24.0-255,1484,185384,64,232445
37955,0.00215,74.125.24.0-255,2902,188286,64,232445
37956,0.002152,172.31.40.0-255,66,188352,64,232445
37957,0.002172,74.125.24.0-255,6438,194790,64,232445
37958,0.002175,172.31.40.0-255,66,194856,64,232445
37959,0.002206,74.125.24.0-255,2902,197758,64,232445
37960,0.002209,172.31.40.0-255,66,197824,64,232445
37961,0.002215,74.125.24.0-255,4320,202144,64,232445
37962,0.002218,172.31.40.0-255,66,202210,64,232445
37963,0.002222,74.125.24.0-255,4320,206530,64,232445
37964,0.002225,172.31.40.0-255,66,206596,64,232445
37965,0.002251,74.125.24.0-255,4320,210916,64,232445
37966,0.002255,74.125.24.0-255,2902,213818,64,232445
37967,0.002259,172.31.40.0-255,66,213884,64,232445
37968,0.002266,172.31.40.0-255,66,213950,64,232445
37969,0.002271,74.125.24.0-255,4320,218270,64,232445
37970,0.002274,172.31.40.0-255,66,218336,64,232445
37971,0.002332,172.31.40.0-255,66,218402,64,232445
37972,0.002345,172.31.40.0-255,66,218468,64,232445
37973,0.002351,74.125.24.0-255,7156,225624,64,232445
37974,0.002353,172.31.40.0-255,66,225690,64,232445
37975,0.004683,74.125.24.0-255,5738,231428,64,232445
37976,0.00469,172.31.40.0-255,66,231494,64,232445
37977,0.006979,74.125.24.0-255,714,232208,64,232445
37978,0.014218,172.31.40.0-255,66,232274,64,232445
37979,0.014266,172.31.40.0-255,105,232379,64,232445
37980,0.016533,74.125.24.0-255,66,232445,64,232445
37981,0.0,74.125.24.0-255,152,152,64,137240
37982,2.4e-05,172.31.40.0-255,66,218,64,137240
37983,3.1e-05,74.125.24.0-255,1484,1702,64,137240
37984,3.6e-05,172.31.40.0-255,66,1768,64,137240
37985,4.9e-05,74.125.24.0-255,2902,4670,64,137240
37986,5.3e-05,172.31.40.0-255,66,4736,64,137240
37987,5.6e-05,74.125.24.0-255,1484,6220,64,137240
37988,5.8e-05,172.31.40.0-255,66,6286,64,137240
37989,0.000101,172.31.40.0-255,66,6352,64,137240
37990,0.00013,172.31.40.0-255,66,6418,64,137240
37991,0.000136,74.125.24.0-255,5738,12156,64,137240
37992,0.000139,172.31.40.0-255,66,12222,64,137240
37993,0.000164,74.125.24.0-255,2543,14765,64,137240
37994,0.00017,172.31.40.0-255,66,14831,64,137240
37995,0.000221,74.125.24.0-255,1484,16315,64,137240
37996,0.000223,172.31.40.0-255,66,16381,64,137240
37997,0.000228,74.125.24.0-255,2902,19283,64,137240
37998,0.00023,172.31.40.0-255,66,19349,64,137240
37999,0.000234,74.125.24.0-255,2902,22251,64,137240
38000,0.000237,172.31.40.0-255,66,22317,64,137240
38001,0.000272,74.125.24.0-255,2902,25219,64,137240
38002,0.000275,172.31.40.0-255,66,25285,64,137240
38003,0.00029,172.31.40.0-255,66,25351,64,137240
38004,0.000306,172.31.40.0-255,66,25417,64,137240
38005,0.000346,74.125.24.0-255,1454,26871,64,137240
38006,0.000349,172.31.40.0-255,66,26937,64,137240
38007,0.000366,74.125.24.0-255,114,27051,64,137240
38008,0.000368,172.31.40.0-255,66,27117,64,137240
38009,0.000475,74.125.24.0-255,331,27448,64,137240
38010,0.000798,74.125.24.0-255,1484,28932,64,137240
38011,0.000803,172.31.40.0-255,66,28998,64,137240
38012,0.000809,74.125.24.0-255,2902,31900,64,137240
38013,0.000811,172.31.40.0-255,66,31966,64,137240
38014,0.000814,74.125.24.0-255,1484,33450,64,137240
38015,0.00084,74.125.24.0-255,4320,37770,64,137240
38016,0.000843,172.31.40.0-255,66,37836,64,137240
38017,0.000862,172.31.40.0-255,66,37902,64,137240
38018,0.000865,74.125.24.0-255,1484,39386,64,137240
38019,0.000896,74.125.24.0-255,4320,43706,64,137240
38020,0.000899,172.31.40.0-255,66,43772,64,137240
38021,0.000927,74.125.24.0-255,5020,48792,64,137240
38022,0.000929,172.31.40.0-255,66,48858,64,137240
38023,0.001285,74.125.24.0-255,1484,50342,64,137240
38024,0.00129,74.125.24.0-255,2902,53244,64,137240
38025,0.001293,172.31.40.0-255,66,53310,64,137240
38026,0.001324,74.125.24.0-255,5738,59048,64,137240
38027,0.001327,172.31.40.0-255,66,59114,64,137240
38028,0.001337,172.31.40.0-255,66,59180,64,137240
38029,0.001362,74.125.24.0-255,2902,62082,64,137240
38030,0.001364,172.31.40.0-255,66,62148,64,137240
38031,0.001378,172.31.40.0-255,66,62214,64,137240
38032,0.001514,74.125.24.0-255,1484,63698,64,137240
38033,0.001519,74.125.24.0-255,2902,66600,64,137240
38034,0.001522,172.31.40.0-255,66,66666,64,137240
38035,0.001525,74.125.24.0-255,1484,68150,64,137240
38036,0.001555,74.125.24.0-255,4320,72470,64,137240
38037,0.001558,172.31.40.0-255,66,72536,64,137240
38038,0.001567,172.31.40.0-255,66,72602,64,137240
38039,0.001601,74.125.24.0-255,2902,75504,64,137240
38040,0.001604,172.31.40.0-255,66,75570,64,137240
38041,0.00164,172.31.40.0-255,66,75636,64,137240
38042,0.001673,172.31.40.0-255,66,75702,64,137240
38043,0.00171,74.125.24.0-255,2902,78604,64,137240
38044,0.001713,172.31.40.0-255,66,78670,64,137240
38045,0.001732,172.31.40.0-255,66,78736,64,137240
38046,0.001735,74.125.24.0-255,766,79502,64,137240
38047,0.001765,172.31.40.0-255,66,79568,64,137240
38048,0.001769,74.125.24.0-255,2902,82470,64,137240
38049,0.001771,172.31.40.0-255,66,82536,64,137240
38050,0.001804,172.31.40.0-255,66,82602,64,137240
38051,0.001807,74.125.24.0-255,1484,84086,64,137240
38052,0.001841,172.31.40.0-255,66,84152,64,137240
38053,0.001843,74.125.24.0-255,1484,85636,64,137240
38054,0.001874,172.31.40.0-255,66,85702,64,137240
38055,0.001895,172.31.40.0-255,66,85768,64,137240
38056,0.001962,172.31.40.0-255,66,85834,64,137240
38057,0.001969,74.125.24.0-255,1484,87318,64,137240
38058,0.001973,74.125.24.0-255,2902,90220,64,137240
38059,0.001978,172.31.40.0-255,66,90286,64,137240
38060,0.001984,74.125.24.0-255,5738,96024,64,137240
38061,0.001987,172.31.40.0-255,66,96090,64,137240
38062,0.002024,172.31.40.0-255,66,96156,64,137240
38063,0.002052,172.31.40.0-255,66,96222,64,137240
38064,0.002056,74.125.24.0-255,2184,98406,64,137240
38065,0.002058,172.31.40.0-255,66,98472,64,137240
38066,0.002113,74.125.24.0-255,1484,99956,64,137240
38067,0.002119,74.125.24.0-255,2902,102858,64,137240
38068,0.002121,172.31.40.0-255,66,102924,64,137240
38069,0.002153,74.125.24.0-255,5738,108662,64,137240
38070,0.002156,172.31.40.0-255,66,108728,64,137240
38071,0.002165,172.31.40.0-255,66,108794,64,137240
38072,0.00219,74.125.24.0-255,2902,111696,64,137240
38073,0.002192,172.31.40.0-255,66,111762,64,137240
38074,0.002252,74.125.24.0-255,5738,117500,64,137240
38075,0.002284,74.125.24.0-255,7156,124656,64,137240
38076,0.002291,74.125.24.0-255,7156,131812,64,137240
38077,0.002301,74.125.24.0-255,1484,133296,64,137240
38078,0.002347,74.125.24.0-255,3602,136898,64,137240
38079,0.002406,74.125.24.0-255,105,137003,64,137240
38080,0.009652,172.31.40.0-255,66,137069,64,137240
38081,0.012137,172.31.40.0-255,105,137174,64,137240
38082,0.014706,74.125.24.0-255,66,137240,64,137240
38083,0.0,172.217.194.0-255,146,146,64,178413
38084,2.2e-05,172.31.40.0-255,66,212,64,178413
38085,3e-05,172.217.194.0-255,1484,1696,64,178413
38086,3.4e-05,172.31.40.0-255,66,1762,64,178413
38087,4.1e-05,172.217.194.0-255,2902,4664,64,178413
38088,4.5e-05,172.31.40.0-255,66,4730,64,178413
38089,6e-05,172.217.194.0-255,7156,11886,64,178413
38090,6.2e-05,172.31.40.0-255,66,11952,64,178413
38091,6.6e-05,172.217.194.0-255,1984,13936,64,178413
38092,6.8e-05,172.31.40.0-255,66,14002,64,178413
38093,0.000111,172.217.194.0-255,7156,21158,64,178413
38094,0.000114,172.31.40.0-255,66,21224,64,178413
38095,0.000116,172.217.194.0-255,1484,22708,64,178413
38096,0.000118,172.31.40.0-255,66,22774,64,178413
38097,0.000147,172.217.194.0-255,7156,29930,64,178413
38098,0.000149,172.31.40.0-255,66,29996,64,178413
38099,0.000163,172.217.194.0-255,4320,34316,64,178413
38100,0.000168,172.31.40.0-255,66,34382,64,178413
38101,0.000197,172.217.194.0-255,6797,41179,64,178413
38102,0.0002,172.31.40.0-255,66,41245,64,178413
38103,0.000202,172.217.194.0-255,1484,42729,64,178413
38104,0.000204,172.31.40.0-255,66,42795,64,178413
38105,0.000247,172.31.40.0-255,66,42861,64,178413
38106,0.000269,172.217.194.0-255,2902,45763,64,178413
38107,0.000271,172.31.40.0-255,66,45829,64,178413
38108,0.000308,172.31.40.0-255,66,45895,64,178413
38109,0.000311,172.217.194.0-255,362,46257,64,178413
38110,0.000313,172.31.40.0-255,66,46323,64,178413
38111,0.000403,172.217.194.0-255,1484,47807,64,178413
38112,0.000407,172.31.40.0-255,66,47873,64,178413
38113,0.000413,172.217.194.0-255,2902,50775,64,178413
38114,0.000415,172.31.40.0-255,66,50841,64,178413
38115,0.000421,172.217.194.0-255,5738,56579,64,178413
38116,0.000428,172.31.40.0-255,66,56645,64,178413
38117,0.000451,172.217.194.0-255,1484,58129,64,178413
38118,0.000493,172.31.40.0-255,66,58195,64,178413
38119,0.000505,172.31.40.0-255,66,58261,64,178413
38120,0.000622,172.217.194.0-255,1484,59745,64,178413
38121,0.000628,172.217.194.0-255,2902,62647,64,178413
38122,0.00063,172.31.40.0-255,66,62713,64,178413
38123,0.000637,172.217.194.0-255,5738,68451,64,178413
38124,0.000639,172.31.40.0-255,66,68517,64,178413
38125,0.000679,172.31.40.0-255,66,68583,64,178413
38126,0.000691,172.31.40.0-255,66,68649,64,178413
38127,0.001181,172.217.194.0-255,1484,70133,64,178413
38128,0.001188,172.217.194.0-255,2902,73035,64,178413
38129,0.001192,172.31.40.0-255,66,73101,64,178413
38130,0.0012,172.217.194.0-255,5738,78839,64,178413
38131,0.001202,172.31.40.0-255,66,78905,64,178413
38132,0.001241,172.31.40.0-255,66,78971,64,178413
38133,0.001253,172.31.40.0-255,66,79037,64,178413
38134,0.0021,172.217.194.0-255,1484,80521,64,178413
38135,0.002113,172.217.194.0-255,2902,83423,64,178413
38136,0.002116,172.31.40.0-255,66,83489,64,178413
38137,0.00212,172.217.194.0-255,1484,84973,64,178413
38138,0.002143,172.217.194.0-255,4320,89293,64,178413
38139,0.002145,172.31.40.0-255,66,89359,64,178413
38140,0.002156,172.31.40.0-255,66,89425,64,178413
38141,0.002175,172.217.194.0-255,1484,90909,64,178413
38142,0.002184,172.31.40.0-255,66,90975,64,178413
38143,0.002202,172.217.194.0-255,1484,92459,64,178413
38144,0.002206,172.217.194.0-255,766,93225,64,178413
38145,0.002208,172.31.40.0-255,66,93291,64,178413
38146,0.00226,172.217.194.0-255,1484,94775,64,178413
38147,0.002281,172.217.194.0-255,2902,97677,64,178413
38148,0.002283,172.31.40.0-255,66,97743,64,178413
38149,0.002289,172.217.194.0-255,5738,103481,64,178413
38150,0.002291,172.31.40.0-255,66,103547,64,178413
38151,0.002316,172.217.194.0-255,5738,109285,64,178413
38152,0.002319,172.31.40.0-255,66,109351,64,178413
38153,0.002358,172.31.40.0-255,66,109417,64,178413
38154,0.002361,172.217.194.0-255,1484,110901,64,178413
38155,0.002384,172.217.194.0-255,3602,114503,64,178413
38156,0.002386,172.31.40.0-255,66,114569,64,178413
38157,0.004767,172.217.194.0-255,5738,120307,64,178413
38158,0.004774,172.31.40.0-255,66,120373,64,178413
38159,0.007112,172.217.194.0-255,5738,126111,64,178413
38160,0.007116,172.31.40.0-255,66,126177,64,178413
38161,0.009478,172.217.194.0-255,5738,131915,64,178413
38162,0.009485,172.31.40.0-255,66,131981,64,178413
38163,0.011855,172.217.194.0-255,5738,137719,64,178413
38164,0.011864,172.31.40.0-255,66,137785,64,178413
38165,0.014233,172.217.194.0-255,5738,143523,64,178413
38166,0.014241,172.31.40.0-255,66,143589,64,178413
38167,0.016616,172.217.194.0-255,5738,149327,64,178413
38168,0.016627,172.31.40.0-255,66,149393,64,178413
38169,0.019033,172.217.194.0-255,5738,155131,64,178413
38170,0.01904,172.31.40.0-255,66,155197,64,178413
38171,0.021413,172.217.194.0-255,5738,160935,64,178413
38172,0.02142,172.31.40.0-255,66,161001,64,178413
38173,0.023796,172.217.194.0-255,5738,166739,64,178413
38174,0.023803,172.31.40.0-255,66,166805,64,178413
38175,0.02617,172.217.194.0-255,5738,172543,64,178413
38176,0.026184,172.31.40.0-255,66,172609,64,178413
38177,0.028596,172.217.194.0-255,5738,178347,64,178413
38178,0.028603,172.31.40.0-255,66,178413,64,178413
38179,0.0,172.31.40.0-255,105,105,64,459
38180,0.000206,172.31.40.0-255,90,195,64,459
38181,0.000217,172.31.40.0-255,66,261,64,459
38182,0.002784,74.125.68.0-255,66,327,64,459
38183,0.002817,74.125.68.0-255,66,393,64,459
38184,0.002839,172.31.40.0-255,66,459,64,459
38185,0.0,74.125.24.0-255,153,153,64,227500
38186,2.4e-05,172.31.40.0-255,66,219,64,227500
38187,3.1e-05,74.125.24.0-255,1484,1703,64,227500
38188,3.5e-05,172.31.40.0-255,66,1769,64,227500
38189,4.1e-05,74.125.24.0-255,2902,4671,64,227500
38190,4.3e-05,172.31.40.0-255,66,4737,64,227500
38191,5.9e-05,74.125.24.0-255,5738,10475,64,227500
38192,6.1e-05,172.31.40.0-255,66,10541,64,227500
38193,6.7e-05,74.125.24.0-255,3419,13960,64,227500
38194,7.1e-05,172.31.40.0-255,66,14026,64,227500
38195,0.000112,74.125.24.0-255,4320,18346,64,227500
38196,0.000116,172.31.40.0-255,66,18412,64,227500
38197,0.000147,74.125.24.0-255,7156,25568,64,227500
38198,0.00015,172.31.40.0-255,66,25634,64,227500
38199,0.000164,172.31.40.0-255,66,25700,64,227500
38200,0.00017,74.125.24.0-255,4320,30020,64,227500
38201,0.000172,172.31.40.0-255,66,30086,64,227500
38202,0.0002,74.125.24.0-255,5020,35106,64,227500
38203,0.000202,172.31.40.0-255,66,35172,64,227500
38204,0.000631,74.125.24.0-255,1484,36656,64,227500
38205,0.000637,172.31.40.0-255,66,36722,64,227500
38206,0.000643,74.125.24.0-255,2902,39624,64,227500
38207,0.000645,172.31.40.0-255,66,39690,64,227500
38208,0.000653,74.125.24.0-255,5738,45428,64,227500
38209,0.000659,172.31.40.0-255,66,45494,64,227500
38210,0.000693,74.125.24.0-255,6797,52291,64,227500
38211,0.000696,172.31.40.0-255,66,52357,64,227500
38212,0.001072,74.125.24.0-255,1484,53841,64,227500
38213,0.001077,172.31.40.0-255,66,53907,64,227500
38214,0.001081,74.125.24.0-255,1484,55391,64,227500
38215,0.001083,172.31.40.0-255,66,55457,64,227500
38216,0.001115,74.125.24.0-255,1484,56941,64,227500
38217,0.001123,74.125.24.0-255,5738,62679,64,227500
38218,0.001125,172.31.40.0-255,66,62745,64,227500
38219,0.001131,74.125.24.0-255,4320,67065,64,227500
38220,0.001133,172.31.40.0-255,66,67131,64,227500
38221,0.001168,172.31.40.0-255,66,67197,64,227500
38222,0.001179,172.31.40.0-255,66,67263,64,227500
38223,0.001205,74.125.24.0-255,2184,69447,64,227500
38224,0.001207,172.31.40.0-255,66,69513,64,227500
38225,0.001241,172.31.40.0-255,66,69579,64,227500
38226,0.00129,172.31.40.0-255,66,69645,64,227500
38227,0.001303,172.31.40.0-255,66,69711,64,227500
38228,0.001318,172.31.40.0-255,66,69777,64,227500
38229,0.001419,74.125.24.0-255,1484,71261,64,227500
38230,0.001434,74.125.24.0-255,2902,74163,64,227500
38231,0.001437,172.31.40.0-255,66,74229,64,227500
38232,0.001443,74.125.24.0-255,4320,78549,64,227500
38233,0.001446,172.31.40.0-255,66,78615,64,227500
38234,0.001464,74.125.24.0-255,1484,80099,64,227500
38235,0.001467,74.125.24.0-255,1484,81583,64,227500
38236,0.001469,172.31.40.0-255,66,81649,64,227500
38237,0.001502,172.31.40.0-255,66,81715,64,227500
38238,0.001529,74.125.24.0-255,5738,87453,64,227500
38239,0.001532,172.31.40.0-255,66,87519,64,227500
38240,0.001555,74.125.24.0-255,5020,92539,64,227500
38241,0.001558,172.31.40.0-255,66,92605,64,227500
38242,0.001588,74.125.24.0-255,1484,94089,64,227500
38243,0.001601,74.125.24.0-255,2902,96991,64,227500
38244,0.001604,172.31.40.0-255,66,97057,64,227500
38245,0.001632,74.125.24.0-255,5738,102795,64,227500
38246,0.001635,172.31.40.0-255,66,102861,64,227500
38247,0.00164,74.125.24.0-255,2902,105763,64,227500
38248,0.001642,172.31.40.0-255,66,105829,64,227500
38249,0.001681,74.125.24.0-255,7156,112985,64,227500
38250,0.001689,172.31.40.0-255,66,113051,64,227500
38251,0.001703,172.31.40.0-255,66,113117,64,227500
38252,0.001705,74.125.24.0-255,766,113883,64,227500
38253,0.001782,74.125.24.0-255,1484,115367,64,227500
38254,0.001786,172.31.40.0-255,66,115433,64,227500
38255,0.001815,74.125.24.0-255,2902,118335,64,227500
38256,0.001819,172.31.40.0-255,66,118401,64,227500
38257,0.001823,74.125.24.0-255,2902,121303,64,227500
38258,0.001825,172.31.40.0-255,66,121369,64,227500
38259,0.001858,74.125.24.0-255,7156,128525,64,227500
38260,0.001864,172.31.40.0-255,66,128591,64,227500
38261,0.001878,74.125.24.0-255,1484,130075,64,227500
38262,0.001919,172.31.40.0-255,66,130141,64,227500
38263,0.001923,74.125.24.0-255,2902,133043,64,227500
38264,0.001925,172.31.40.0-255,66,133109,64,227500
38265,0.001951,74.125.24.0-255,2184,135293,64,227500
38266,0.001957,172.31.40.0-255,66,135359,64,227500
38267,0.002138,74.125.24.0-255,1484,136843,64,227500
38268,0.002142,74.125.24.0-255,1484,138327,64,227500
38269,0.002145,172.31.40.0-255,66,138393,64,227500
38270,0.002176,74.125.24.0-255,1484,139877,64,227500
38271,0.002183,74.125.24.0-255,5738,145615,64,227500
38272,0.002186,172.31.40.0-255,66,145681,64,227500
38273,0.00219,74.125.24.0-255,2902,148583,64,227500
38274,0.002192,172.31.40.0-255,66,148649,64,227500
38275,0.002198,74.125.24.0-255,4320,152969,64,227500
38276,0.0022,172.31.40.0-255,66,153035,64,227500
38277,0.002236,172.31.40.0-255,66,153101,64,227500
38278,0.002242,74.125.24.0-255,5738,158839,64,227500
38279,0.002244,172.31.40.0-255,66,158905,64,227500
38280,0.002266,74.125.24.0-255,4320,163225,64,227500
38281,0.002269,172.31.40.0-255,66,163291,64,227500
38282,0.00231,172.31.40.0-255,66,163357,64,227500
38283,0.002323,172.31.40.0-255,66,163423,64,227500
38284,0.002334,172.31.40.0-255,66,163489,64,227500
38285,0.004629,74.125.24.0-255,5738,169227,64,227500
38286,0.004637,172.31.40.0-255,66,169293,64,227500
38287,0.006935,74.125.24.0-255,5738,175031,64,227500
38288,0.006942,172.31.40.0-255,66,175097,64,227500
38289,0.008084,172.31.40.0-255,101,175198,64,227500
38290,0.009277,74.125.24.0-255,5738,180936,64,227500
38291,0.009282,172.31.40.0-255,66,181002,64,227500
38292,0.010352,74.125.24.0-255,66,181068,64,227500
38293,0.011578,74.125.24.0-255,5738,186806,64,227500
38294,0.011584,172.31.40.0-255,66,186872,64,227500
38295,0.013903,74.125.24.0-255,5738,192610,64,227500
38296,0.013912,172.31.40.0-255,66,192676,64,227500
38297,0.016234,74.125.24.0-255,5738,198414,64,227500
38298,0.016244,172.31.40.0-255,66,198480,64,227500
38299,0.018544,74.125.24.0-255,5738,204218,64,227500
38300,0.018553,172.31.40.0-255,66,204284,64,227500
38301,0.020854,74.125.24.0-255,5738,210022,64,227500
38302,0.020863,172.31.40.0-255,66,210088,64,227500
38303,0.023179,74.125.24.0-255,5738,215826,64,227500
38304,0.023186,172.31.40.0-255,66,215892,64,227500
38305,0.025471,74.125.24.0-255,5738,221630,64,227500
38306,0.025481,172.31.40.0-255,66,221696,64,227500
38307,0.027764,74.125.24.0-255,5738,227434,64,227500
38308,0.027771,172.31.40.0-255,66,227500,64,227500
38309,0.0,172.31.40.0-255,105,105,64,459
38310,0.000175,172.31.40.0-255,90,195,64,459
38311,0.000187,172.31.40.0-255,66,261,64,459
38312,0.00276,172.217.194.0-255,66,327,64,459
38313,0.002781,172.217.194.0-255,66,393,64,459
38314,0.002797,172.31.40.0-255,66,459,64,459
38315,0.0,74.125.130.0-255,146,146,64,203249
38316,1.9e-05,172.31.40.0-255,66,212,64,203249
38317,2.6e-05,74.125.130.0-255,1484,1696,64,203249
38318,3.1e-05,172.31.40.0-255,66,1762,64,203249
38319,3.6e-05,74.125.130.0-255,2902,4664,64,203249
38320,4.6e-05,172.31.40.0-255,66,4730,64,203249
38321,5e-05,74.125.130.0-255,1484,6214,64,203249
38322,5.2e-05,172.31.40.0-255,66,6280,64,203249
38323,9e-05,74.125.130.0-255,4320,10600,64,203249
38324,9.4e-05,172.31.40.0-255,66,10666,64,203249
38325,0.0001,74.125.130.0-255,2902,13568,64,203249
38326,0.000102,172.31.40.0-255,66,13634,64,203249
38327,0.000123,74.125.130.0-255,3401,17035,64,203249
38328,0.000127,172.31.40.0-255,66,17101,64,203249
38329,0.000135,74.125.130.0-255,2902,20003,64,203249
38330,0.000138,172.31.40.0-255,66,20069,64,203249
38331,0.000151,172.31.40.0-255,66,20135,64,203249
38332,0.000261,74.125.130.0-255,1484,21619,64,203249
38333,0.000265,172.31.40.0-255,66,21685,64,203249
38334,0.000285,74.125.130.0-255,2902,24587,64,203249
38335,0.000287,172.31.40.0-255,66,24653,64,203249
38336,0.00029,74.125.130.0-255,1484,26137,64,203249
38337,0.000293,172.31.40.0-255,66,26203,64,203249
38338,0.000328,74.125.130.0-255,2902,29105,64,203249
38339,0.000331,172.31.40.0-255,66,29171,64,203249
38340,0.000337,74.125.130.0-255,5738,34909,64,203249
38341,0.000339,172.31.40.0-255,66,34975,64,203249
38342,0.000347,74.125.130.0-255,1484,36459,64,203249
38343,0.000349,172.31.40.0-255,66,36525,64,203249
38344,0.000393,74.125.130.0-255,4320,40845,64,203249
38345,0.000396,172.31.40.0-255,66,40911,64,203249
38346,0.000404,74.125.130.0-255,7156,48067,64,203249
38347,0.000418,74.125.130.0-255,6438,54505,64,203249
38348,0.000421,74.125.130.0-255,377,54882,64,203249
38349,0.000537,172.31.40.0-255,66,54948,64,203249
38350,0.000931,74.125.130.0-255,365,55313,64,203249
38351,0.000986,74.125.130.0-255,1484,56797,64,203249
38352,0.00099,172.31.40.0-255,66,56863,64,203249
38353,0.000996,74.125.130.0-255,2902,59765,64,203249
38354,0.00102,74.125.130.0-255,4320,64085,64,203249
38355,0.001028,172.31.40.0-255,66,64151,64,203249
38356,0.001048,74.125.130.0-255,1484,65635,64,203249
38357,0.001054,74.125.130.0-255,4320,69955,64,203249
38358,0.001068,172.31.40.0-255,66,70021,64,203249
38359,0.00109,74.125.130.0-255,2543,72564,64,203249
38360,0.001098,172.31.40.0-255,66,72630,64,203249
38361,0.001235,74.125.130.0-255,1484,74114,64,203249
38362,0.001251,74.125.130.0-255,2902,77016,64,203249
38363,0.001254,172.31.40.0-255,66,77082,64,203249
38364,0.001282,74.125.130.0-255,4320,81402,64,203249
38365,0.001285,74.125.130.0-255,1484,82886,64,203249
38366,0.001293,172.31.40.0-255,66,82952,64,203249
38367,0.001319,74.125.130.0-255,4320,87272,64,203249
38368,0.001323,74.125.130.0-255,1995,89267,64,203249
38369,0.001326,172.31.40.0-255,66,89333,64,203249
38370,0.001405,74.125.130.0-255,1484,90817,64,203249
38371,0.001417,74.125.130.0-255,1484,92301,64,203249
38372,0.001419,172.31.40.0-255,66,92367,64,203249
38373,0.001446,74.125.130.0-255,1484,93851,64,203249
38374,0.001451,74.125.130.0-255,4320,98171,64,203249
38375,0.001454,74.125.130.0-255,2902,101073,64,203249
38376,0.001461,172.31.40.0-255,66,101139,64,203249
38377,0.001492,74.125.130.0-255,5738,106877,64,203249
38378,0.0015,74.125.130.0-255,7156,114033,64,203249
38379,0.001506,74.125.130.0-255,7156,121189,64,203249
38380,0.001523,74.125.130.0-255,1484,122673,64,203249
38381,0.001526,74.125.130.0-255,766,123439,64,203249
38382,0.001561,172.31.40.0-255,66,123505,64,203249
38383,0.003597,74.125.130.0-255,5738,129243,64,203249
38384,0.003603,172.31.40.0-255,66,129309,64,203249
38385,0.005626,74.125.130.0-255,5738,135047,64,203249
38386,0.006971,172.31.40.0-255,66,135113,64,203249
38387,0.008999,74.125.130.0-255,5738,140851,64,203249
38388,0.009007,172.31.40.0-255,66,140917,64,203249
38389,0.011029,74.125.130.0-255,5738,146655,64,203249
38390,0.011036,172.31.40.0-255,66,146721,64,203249
38391,0.01306,74.125.130.0-255,5738,152459,64,203249
38392,0.013066,172.31.40.0-255,66,152525,64,203249
38393,0.015091,74.125.130.0-255,5738,158263,64,203249
38394,0.015098,172.31.40.0-255,66,158329,64,203249
38395,0.017124,74.125.130.0-255,5738,164067,64,203249
38396,0.017134,172.31.40.0-255,66,164133,64,203249
38397,0.019174,74.125.130.0-255,5738,169871,64,203249
38398,0.019186,172.31.40.0-255,66,169937,64,203249
38399,0.021237,74.125.130.0-255,5738,175675,64,203249
38400,0.021247,172.31.40.0-255,66,175741,64,203249
38401,0.023273,74.125.130.0-255,5738,181479,64,203249
38402,0.023281,172.31.40.0-255,66,181545,64,203249
38403,0.024762,172.31.40.0-255,172,181717,64,203249
38404,0.024793,172.31.40.0-255,1112,182829,64,203249
38405,0.02485,172.31.40.0-255,1514,184343,64,203249
38406,0.024852,172.31.40.0-255,1296,185639,64,203249
38407,0.025306,74.125.130.0-255,5738,191377,64,203249
38408,0.025313,172.31.40.0-255,66,191443,64,203249
38409,0.0263,104.244.42.0-255,66,191509,64,203249
38410,0.026371,104.244.42.0-255,66,191575,64,203249
38411,0.026418,104.244.42.0-255,66,191641,64,203249
38412,0.027342,74.125.130.0-255,5738,197379,64,203249
38413,0.02735,172.31.40.0-255,66,197445,64,203249
38414,0.029382,74.125.130.0-255,5738,203183,64,203249
38415,0.029389,172.31.40.0-255,66,203249,64,203249
38416,0.0,172.217.194.0-255,153,153,64,168659
38417,2e-05,172.31.40.0-255,66,219,64,168659
38418,2.7e-05,172.217.194.0-255,1484,1703,64,168659
38419,3.3e-05,172.31.40.0-255,66,1769,64,168659
38420,3.8e-05,172.217.194.0-255,2902,4671,64,168659
38421,5e-05,172.31.40.0-255,66,4737,64,168659
38422,5.6e-05,172.217.194.0-255,4320,9057,64,168659
38423,5.9e-05,172.31.40.0-255,66,9123,64,168659
38424,6.5e-05,172.217.194.0-255,4974,14097,64,168659
38425,6.7e-05,172.31.40.0-255,66,14163,64,168659
38426,0.000124,172.31.40.0-255,66,14229,64,168659
38427,0.000158,172.217.194.0-255,5379,19608,64,168659
38428,0.000161,172.31.40.0-255,66,19674,64,168659
38429,0.00019,172.217.194.0-255,1484,21158,64,168659
38430,0.000193,172.31.40.0-255,66,21224,64,168659
38431,0.000197,172.217.194.0-255,1484,22708,64,168659
38432,0.000199,172.31.40.0-255,66,22774,64,168659
38433,0.000232,172.217.194.0-255,1484,24258,64,168659
38434,0.000235,172.31.40.0-255,66,24324,64,168659
38435,0.000241,172.217.194.0-255,5738,30062,64,168659
38436,0.000243,172.31.40.0-255,66,30128,64,168659
38437,0.000247,172.217.194.0-255,2902,33030,64,168659
38438,0.00025,172.31.40.0-255,66,33096,64,168659
38439,0.000295,172.31.40.0-255,66,33162,64,168659
38440,0.0003,172.217.194.0-255,2902,36064,64,168659
38441,0.000301,172.31.40.0-255,66,36130,64,168659
38442,0.000338,172.31.40.0-255,66,36196,64,168659
38443,0.000341,172.217.194.0-255,677,36873,64,168659
38444,0.000343,172.31.40.0-255,66,36939,64,168659
38445,0.000726,172.217.194.0-255,1484,38423,64,168659
38446,0.000734,172.217.194.0-255,2902,41325,64,168659
38447,0.000738,172.31.40.0-255,66,41391,64,168659
38448,0.000772,172.217.194.0-255,5738,47129,64,168659
38449,0.000775,172.31.40.0-255,66,47195,64,168659
38450,0.000778,172.217.194.0-255,1484,48679,64,168659
38451,0.000793,172.31.40.0-255,66,48745,64,168659
38452,0.000836,172.31.40.0-255,66,48811,64,168659
38453,0.001727,172.217.194.0-255,1484,50295,64,168659
38454,0.001737,172.217.194.0-255,2902,53197,64,168659
38455,0.001742,172.31.40.0-255,66,53263,64,168659
38456,0.001749,172.217.194.0-255,5738,59001,64,168659
38457,0.001752,172.31.40.0-255,66,59067,64,168659
38458,0.001795,172.31.40.0-255,66,59133,64,168659
38459,0.001801,172.217.194.0-255,4320,63453,64,168659
38460,0.001803,172.31.40.0-255,66,63519,64,168659
38461,0.001833,172.217.194.0-255,6438,69957,64,168659
38462,0.00184,172.31.40.0-255,66,70023,64,168659
38463,0.001871,172.217.194.0-255,1484,71507,64,168659
38464,0.001876,172.217.194.0-255,2902,74409,64,168659
38465,0.001878,172.31.40.0-255,66,74475,64,168659
38466,0.001884,172.217.194.0-255,5738,80213,64,168659
38467,0.001886,172.31.40.0-255,66,80279,64,168659
38468,0.001922,172.31.40.0-255,66,80345,64,168659
38469,0.001928,172.217.194.0-255,5738,86083,64,168659
38470,0.00193,172.31.40.0-255,66,86149,64,168659
38471,0.001949,172.217.194.0-255,2902,89051,64,168659
38472,0.001956,172.31.40.0-255,66,89117,64,168659
38473,0.00196,172.217.194.0-255,2184,91301,64,168659
38474,0.001962,172.31.40.0-255,66,91367,64,168659
38475,0.003983,172.217.194.0-255,5738,97105,64,168659
38476,0.00399,172.31.40.0-255,66,97171,64,168659
38477,0.006015,172.217.194.0-255,5738,102909,64,168659
38478,0.00602,172.31.40.0-255,66,102975,64,168659
38479,0.008017,172.217.194.0-255,4320,107295,64,168659
38480,0.008023,172.31.40.0-255,66,107361,64,168659
38481,0.008051,172.217.194.0-255,1484,108845,64,168659
38482,0.010045,172.217.194.0-255,4320,113165,64,168659
38483,0.010053,172.31.40.0-255,66,113231,64,168659
38484,0.012073,172.217.194.0-255,5738,118969,64,168659
38485,0.012081,172.31.40.0-255,66,119035,64,168659
38486,0.014105,172.217.194.0-255,5738,124773,64,168659
38487,0.014113,172.31.40.0-255,66,124839,64,168659
38488,0.01613,172.217.194.0-255,5738,130577,64,168659
38489,0.016139,172.31.40.0-255,66,130643,64,168659
38490,0.018147,172.217.194.0-255,5738,136381,64,168659
38491,0.018155,172.31.40.0-255,66,136447,64,168659
38492,0.020166,172.217.194.0-255,5738,142185,64,168659
38493,0.020173,172.31.40.0-255,66,142251,64,168659
38494,0.02225,172.217.194.0-255,5738,147989,64,168659
38495,0.022257,172.31.40.0-255,66,148055,64,168659
38496,0.024035,172.31.40.0-255,167,148222,64,168659
38497,0.024065,172.31.40.0-255,1107,149329,64,168659
38498,0.024127,172.31.40.0-255,1514,150843,64,168659
38499,0.024128,172.31.40.0-255,338,151181,64,168659
38500,0.024292,172.217.194.0-255,5738,156919,64,168659
38501,0.024298,172.31.40.0-255,66,156985,64,168659
38502,0.0263,104.244.42.0-255,66,157051,64,168659
38503,0.026323,172.217.194.0-255,5738,162789,64,168659
38504,0.026328,172.31.40.0-255,66,162855,64,168659
38505,0.028357,172.217.194.0-255,5738,168593,64,168659
38506,0.028364,172.31.40.0-255,66,168659,64,168659
