,TIME,SRC,PACKET_SIZE,CUMULATIVE_PACKET_SIZE,PAGE_NUMBER,TOTAL_PACKET_SIZE
0,0.0,74.125.130.0-255,146,146,34,192153
1,2.9e-05,172.31.33.0-255,66,212,34,192153
2,3.6e-05,74.125.130.0-255,1484,1696,34,192153
3,4.1e-05,172.31.33.0-255,66,1762,34,192153
4,4.4e-05,74.125.130.0-255,1484,3246,34,192153
5,4.6e-05,172.31.33.0-255,66,3312,34,192153
6,5.1e-05,74.125.130.0-255,2902,6214,34,192153
7,5.3e-05,172.31.33.0-255,66,6280,34,192153
8,8.4e-05,74.125.130.0-255,5738,12018,34,192153
9,8.9e-05,172.31.33.0-255,66,12084,34,192153
10,0.000107,74.125.130.0-255,4947,17031,34,192153
11,0.00011,172.31.33.0-255,66,17097,34,192153
12,0.000113,74.125.130.0-255,1484,18581,34,192153
13,0.000115,172.31.33.0-255,66,18647,34,192153
14,0.00014,74.125.130.0-255,4320,22967,34,192153
15,0.000143,172.31.33.0-255,66,23033,34,192153
16,0.000153,172.31.33.0-255,66,23099,34,192153
17,0.000301,74.125.130.0-255,1484,24583,34,192153
18,0.000305,172.31.33.0-255,66,24649,34,192153
19,0.000311,74.125.130.0-255,2902,27551,34,192153
20,0.000314,172.31.33.0-255,66,27617,34,192153
21,0.000332,74.125.130.0-255,5738,33355,34,192153
22,0.000336,172.31.33.0-255,66,33421,34,192153
23,0.00034,74.125.130.0-255,2902,36323,34,192153
24,0.000342,172.31.33.0-255,66,36389,34,192153
25,0.000364,74.125.130.0-255,4320,40709,34,192153
26,0.000367,172.31.33.0-255,66,40775,34,192153
27,0.000408,74.125.130.0-255,7156,47931,34,192153
28,0.000412,172.31.33.0-255,66,47997,34,192153
29,0.000428,74.125.130.0-255,1484,49481,34,192153
30,0.000432,172.31.33.0-255,66,49547,34,192153
31,0.000443,172.31.33.0-255,66,49613,34,192153
32,0.000445,74.125.130.0-255,377,49990,34,192153
33,0.00059,74.125.130.0-255,99,50089,34,192153
34,0.000792,172.31.33.0-255,66,50155,34,192153
35,0.00082,74.125.130.0-255,1484,51639,34,192153
36,0.000836,74.125.130.0-255,2902,54541,34,192153
37,0.000839,172.31.33.0-255,66,54607,34,192153
38,0.000842,74.125.130.0-255,1484,56091,34,192153
39,0.000859,74.125.130.0-255,4320,60411,34,192153
40,0.000862,172.31.33.0-255,66,60477,34,192153
41,0.000869,74.125.130.0-255,5738,66215,34,192153
42,0.000871,172.31.33.0-255,66,66281,34,192153
43,0.000889,74.125.130.0-255,1484,67765,34,192153
44,0.000906,74.125.130.0-255,4320,72085,34,192153
45,0.000909,172.31.33.0-255,66,72151,34,192153
46,0.000939,172.31.33.0-255,66,72217,34,192153
47,0.000953,74.125.130.0-255,2184,74401,34,192153
48,0.000957,172.31.33.0-255,66,74467,34,192153
49,0.001012,74.125.130.0-255,1484,75951,34,192153
50,0.001029,74.125.130.0-255,2902,78853,34,192153
51,0.001032,172.31.33.0-255,66,78919,34,192153
52,0.001036,74.125.130.0-255,1484,80403,34,192153
53,0.001053,74.125.130.0-255,4320,84723,34,192153
54,0.001056,172.31.33.0-255,66,84789,34,192153
55,0.001061,74.125.130.0-255,2902,87691,34,192153
56,0.001063,172.31.33.0-255,66,87757,34,192153
57,0.001068,74.125.130.0-255,4320,92077,34,192153
58,0.00107,172.31.33.0-255,66,92143,34,192153
59,0.001103,172.31.33.0-255,66,92209,34,192153
60,0.001126,74.125.130.0-255,7156,99365,34,192153
61,0.001129,172.31.33.0-255,66,99431,34,192153
62,0.001147,74.125.130.0-255,766,100197,34,192153
63,0.001332,172.31.33.0-255,66,100263,34,192153
64,0.001364,74.125.130.0-255,1484,101747,34,192153
65,0.001379,74.125.130.0-255,2902,104649,34,192153
66,0.001383,172.31.33.0-255,66,104715,34,192153
67,0.00139,74.125.130.0-255,5738,110453,34,192153
68,0.001392,172.31.33.0-255,66,110519,34,192153
69,0.001417,74.125.130.0-255,4320,114839,34,192153
70,0.001422,172.31.33.0-255,66,114905,34,192153
71,0.001437,74.125.130.0-255,4320,119225,34,192153
72,0.001439,172.31.33.0-255,66,119291,34,192153
73,0.00146,74.125.130.0-255,1484,120775,34,192153
74,0.001466,74.125.130.0-255,4320,125095,34,192153
75,0.001469,172.31.33.0-255,66,125161,34,192153
76,0.001489,74.125.130.0-255,5738,130899,34,192153
77,0.001492,172.31.33.0-255,66,130965,34,192153
78,0.001513,74.125.130.0-255,3602,134567,34,192153
79,0.001516,172.31.33.0-255,66,134633,34,192153
80,0.00167,74.125.130.0-255,1484,136117,34,192153
81,0.001682,74.125.130.0-255,2902,139019,34,192153
82,0.001685,172.31.33.0-255,66,139085,34,192153
83,0.001712,74.125.130.0-255,5738,144823,34,192153
84,0.001715,172.31.33.0-255,66,144889,34,192153
85,0.001721,74.125.130.0-255,5738,150627,34,192153
86,0.001724,172.31.33.0-255,66,150693,34,192153
87,0.001727,74.125.130.0-255,1484,152177,34,192153
88,0.001744,74.125.130.0-255,5738,157915,34,192153
89,0.001747,172.31.33.0-255,66,157981,34,192153
90,0.001763,74.125.130.0-255,1484,159465,34,192153
91,0.001776,74.125.130.0-255,4320,163785,34,192153
92,0.00178,172.31.33.0-255,66,163851,34,192153
93,0.001802,74.125.130.0-255,5020,168871,34,192153
94,0.001805,172.31.33.0-255,66,168937,34,192153
95,0.003797,74.125.130.0-255,5738,174675,34,192153
96,0.003802,172.31.33.0-255,66,174741,34,192153
97,0.005782,74.125.130.0-255,5738,180479,34,192153
98,0.005786,172.31.33.0-255,66,180545,34,192153
99,0.007805,74.125.130.0-255,5738,186283,34,192153
100,0.00781,172.31.33.0-255,66,186349,34,192153
101,0.009801,74.125.130.0-255,5738,192087,34,192153
102,0.009806,172.31.33.0-255,66,192153,34,192153
103,0.0,172.217.194.0-255,152,152,34,299574
104,2.3e-05,172.31.33.0-255,66,218,34,299574
105,3e-05,172.217.194.0-255,1484,1702,34,299574
106,3.4e-05,172.31.33.0-255,66,1768,34,299574
107,4.4e-05,172.217.194.0-255,2902,4670,34,299574
108,4.7e-05,172.31.33.0-255,66,4736,34,299574
109,0.000103,172.217.194.0-255,4320,9056,34,299574
110,0.000107,172.31.33.0-255,66,9122,34,299574
111,0.000113,172.217.194.0-255,4882,14004,34,299574
112,0.000115,172.31.33.0-255,66,14070,34,299574
113,0.000188,172.217.194.0-255,1484,15554,34,299574
114,0.000191,172.31.33.0-255,66,15620,34,299574
115,0.000197,172.217.194.0-255,2902,18522,34,299574
116,0.000198,172.31.33.0-255,66,18588,34,299574
117,0.000201,172.217.194.0-255,1484,20072,34,299574
118,0.000202,172.31.33.0-255,66,20138,34,299574
119,0.00022,172.217.194.0-255,4320,24458,34,299574
120,0.000223,172.31.33.0-255,66,24524,34,299574
121,0.000268,172.217.194.0-255,2902,27426,34,299574
122,0.000271,172.31.33.0-255,66,27492,34,299574
123,0.000285,172.217.194.0-255,3961,31453,34,299574
124,0.000292,172.31.33.0-255,66,31519,34,299574
125,0.000295,172.217.194.0-255,1484,33003,34,299574
126,0.000298,172.31.33.0-255,66,33069,34,299574
127,0.000334,172.217.194.0-255,5738,38807,34,299574
128,0.000337,172.31.33.0-255,66,38873,34,299574
129,0.000348,172.31.33.0-255,66,38939,34,299574
130,0.000414,172.217.194.0-255,1484,40423,34,299574
131,0.000418,172.31.33.0-255,66,40489,34,299574
132,0.000422,172.217.194.0-255,2902,43391,34,299574
133,0.000424,172.31.33.0-255,66,43457,34,299574
134,0.000454,172.217.194.0-255,5738,49195,34,299574
135,0.000457,172.31.33.0-255,66,49261,34,299574
136,0.000479,172.217.194.0-255,7098,56359,34,299574
137,0.000481,172.31.33.0-255,66,56425,34,299574
138,0.000496,172.217.194.0-255,376,56801,34,299574
139,0.000589,172.217.194.0-255,1484,58285,34,299574
140,0.000592,172.31.33.0-255,66,58351,34,299574
141,0.000597,172.217.194.0-255,2902,61253,34,299574
142,0.000599,172.31.33.0-255,66,61319,34,299574
143,0.000624,172.217.194.0-255,5738,67057,34,299574
144,0.000626,172.31.33.0-255,66,67123,34,299574
145,0.000632,172.217.194.0-255,5738,72861,34,299574
146,0.000634,172.31.33.0-255,66,72927,34,299574
147,0.000668,172.217.194.0-255,1125,74052,34,299574
148,0.000742,172.217.194.0-255,1484,75536,34,299574
149,0.000745,172.31.33.0-255,66,75602,34,299574
150,0.000749,172.217.194.0-255,1484,77086,34,299574
151,0.00077,172.217.194.0-255,1484,78570,34,299574
152,0.000773,172.31.33.0-255,66,78636,34,299574
153,0.000779,172.217.194.0-255,5738,84374,34,299574
154,0.00078,172.31.33.0-255,66,84440,34,299574
155,0.000783,172.217.194.0-255,1484,85924,34,299574
156,0.000808,172.217.194.0-255,4320,90244,34,299574
157,0.000811,172.31.33.0-255,66,90310,34,299574
158,0.00082,172.31.33.0-255,66,90376,34,299574
159,0.000847,172.217.194.0-255,4320,94696,34,299574
160,0.000849,172.31.33.0-255,66,94762,34,299574
161,0.000855,172.217.194.0-255,4471,99233,34,299574
162,0.000857,172.31.33.0-255,66,99299,34,299574
163,0.001005,172.217.194.0-255,1484,100783,34,299574
164,0.00101,172.217.194.0-255,2902,103685,34,299574
165,0.001013,172.31.33.0-255,66,103751,34,299574
166,0.001038,172.217.194.0-255,5738,109489,34,299574
167,0.001042,172.31.33.0-255,66,109555,34,299574
168,0.001042,172.217.194.0-255,4320,113875,34,299574
169,0.001045,172.31.33.0-255,66,113941,34,299574
170,0.001059,172.217.194.0-255,1484,115425,34,299574
171,0.001063,172.217.194.0-255,2902,118327,34,299574
172,0.001065,172.31.33.0-255,66,118393,34,299574
173,0.001104,172.31.33.0-255,66,118459,34,299574
174,0.001109,172.217.194.0-255,5020,123479,34,299574
175,0.001111,172.31.33.0-255,66,123545,34,299574
176,0.001368,172.217.194.0-255,1484,125029,34,299574
177,0.001376,172.217.194.0-255,2902,127931,34,299574
178,0.001379,172.31.33.0-255,66,127997,34,299574
179,0.001386,172.217.194.0-255,5738,133735,34,299574
180,0.001388,172.31.33.0-255,66,133801,34,299574
181,0.00142,172.217.194.0-255,6797,140598,34,299574
182,0.001423,172.31.33.0-255,66,140664,34,299574
183,0.001434,172.217.194.0-255,1484,142148,34,299574
184,0.001454,172.217.194.0-255,5738,147886,34,299574
185,0.001457,172.31.33.0-255,66,147952,34,299574
186,0.001462,172.217.194.0-255,5738,153690,34,299574
187,0.001464,172.31.33.0-255,66,153756,34,299574
188,0.00148,172.217.194.0-255,2902,156658,34,299574
189,0.001483,172.31.33.0-255,66,156724,34,299574
190,0.001514,172.31.33.0-255,66,156790,34,299574
191,0.001525,172.217.194.0-255,6438,163228,34,299574
192,0.001594,172.217.194.0-255,1484,164712,34,299574
193,0.0016,172.217.194.0-255,2902,167614,34,299574
194,0.001605,172.217.194.0-255,5738,173352,34,299574
195,0.001615,172.217.194.0-255,1484,174836,34,299574
196,0.001629,172.217.194.0-255,4320,179156,34,299574
197,0.001643,172.217.194.0-255,1484,180640,34,299574
198,0.001671,172.217.194.0-255,2902,183542,34,299574
199,0.001706,172.217.194.0-255,5020,188562,34,299574
200,0.002109,172.217.194.0-255,1484,190046,34,299574
201,0.002125,172.217.194.0-255,2902,192948,34,299574
202,0.002129,172.217.194.0-255,2902,195850,34,299574
203,0.002144,172.217.194.0-255,2902,198752,34,299574
204,0.002155,172.217.194.0-255,1484,200236,34,299574
205,0.002173,172.217.194.0-255,5738,205974,34,299574
206,0.002183,172.217.194.0-255,4320,210294,34,299574
207,0.002191,172.217.194.0-255,1484,211778,34,299574
208,0.002194,172.217.194.0-255,1484,213262,34,299574
209,0.002202,172.217.194.0-255,2902,216164,34,299574
210,0.002216,172.217.194.0-255,4320,220484,34,299574
211,0.002228,172.217.194.0-255,2184,222668,34,299574
212,0.002395,172.217.194.0-255,1484,224152,34,299574
213,0.002407,172.217.194.0-255,2902,227054,34,299574
214,0.002432,172.217.194.0-255,5738,232792,34,299574
215,0.002471,172.217.194.0-255,4320,237112,34,299574
216,0.002484,172.217.194.0-255,2543,239655,34,299574
217,0.002632,172.217.194.0-255,1484,241139,34,299574
218,0.002648,172.217.194.0-255,1484,242623,34,299574
219,0.002656,172.217.194.0-255,1484,244107,34,299574
220,0.002675,172.217.194.0-255,1484,245591,34,299574
221,0.002693,172.217.194.0-255,4320,249911,34,299574
222,0.002695,172.217.194.0-255,1484,251395,34,299574
223,0.002714,172.217.194.0-255,4320,255715,34,299574
224,0.002732,172.217.194.0-255,5738,261453,34,299574
225,0.00296,172.217.194.0-255,1484,262937,34,299574
226,0.002986,172.217.194.0-255,1484,264421,34,299574
227,0.002996,172.217.194.0-255,1484,265905,34,299574
228,0.003,172.217.194.0-255,4320,270225,34,299574
229,0.003015,172.217.194.0-255,1484,271709,34,299574
230,0.003017,172.217.194.0-255,1484,273193,34,299574
231,0.003027,172.217.194.0-255,2902,276095,34,299574
232,0.003041,172.217.194.0-255,5738,281833,34,299574
233,0.00306,172.217.194.0-255,2902,284735,34,299574
234,0.003063,172.217.194.0-255,2902,287637,34,299574
235,0.003076,172.217.194.0-255,1484,289121,34,299574
236,0.003098,172.217.194.0-255,6438,295559,34,299574
237,0.003149,172.217.194.0-255,3844,299403,34,299574
238,0.003165,172.217.194.0-255,105,299508,34,299574
239,0.004256,172.31.33.0-255,66,299574,34,299574
240,0.0,172.217.194.0-255,153,153,34,148527
241,2.6e-05,172.31.33.0-255,66,219,34,148527
242,3.3e-05,172.217.194.0-255,1484,1703,34,148527
243,3.7e-05,172.31.33.0-255,66,1769,34,148527
244,4.1e-05,172.217.194.0-255,2902,4671,34,148527
245,4.4e-05,172.31.33.0-255,66,4737,34,148527
246,7.4e-05,172.217.194.0-255,7156,11893,34,148527
247,7.6e-05,172.31.33.0-255,66,11959,34,148527
248,8e-05,172.217.194.0-255,2028,13987,34,148527
249,8.4e-05,172.31.33.0-255,66,14053,34,148527
250,0.000341,172.217.194.0-255,1484,15537,34,148527
251,0.000345,172.217.194.0-255,1484,17021,34,148527
252,0.000347,172.31.33.0-255,66,17087,34,148527
253,0.000351,172.31.33.0-255,66,17153,34,148527
254,0.000363,172.217.194.0-255,1484,18637,34,148527
255,0.000366,172.31.33.0-255,66,18703,34,148527
256,0.000372,172.217.194.0-255,4320,23023,34,148527
257,0.000374,172.31.33.0-255,66,23089,34,148527
258,0.000409,172.217.194.0-255,2902,25991,34,148527
259,0.000412,172.31.33.0-255,66,26057,34,148527
260,0.000442,172.217.194.0-255,6797,32854,34,148527
261,0.000446,172.31.33.0-255,66,32920,34,148527
262,0.000452,172.217.194.0-255,5738,38658,34,148527
263,0.000453,172.31.33.0-255,66,38724,34,148527
264,0.000491,172.31.33.0-255,66,38790,34,148527
265,0.000512,172.31.33.0-255,66,38856,34,148527
266,0.000549,172.31.33.0-255,66,38922,34,148527
267,0.000966,172.217.194.0-255,361,39283,34,148527
268,0.000971,172.31.33.0-255,66,39349,34,148527
269,0.001212,172.217.194.0-255,1484,40833,34,148527
270,0.001228,172.217.194.0-255,2902,43735,34,148527
271,0.001232,172.31.33.0-255,66,43801,34,148527
272,0.00127,172.217.194.0-255,5738,49539,34,148527
273,0.001274,172.31.33.0-255,66,49605,34,148527
274,0.001278,172.217.194.0-255,1484,51089,34,148527
275,0.0013,172.217.194.0-255,7156,58245,34,148527
276,0.001303,172.31.33.0-255,66,58311,34,148527
277,0.001309,172.217.194.0-255,2902,61213,34,148527
278,0.001311,172.31.33.0-255,66,61279,34,148527
279,0.001333,172.217.194.0-255,7156,68435,34,148527
280,0.001335,172.31.33.0-255,66,68501,34,148527
281,0.001341,172.217.194.0-255,5020,73521,34,148527
282,0.001343,172.31.33.0-255,66,73587,34,148527
283,0.001397,172.217.194.0-255,1484,75071,34,148527
284,0.001411,172.217.194.0-255,2902,77973,34,148527
285,0.001413,172.31.33.0-255,66,78039,34,148527
286,0.001417,172.217.194.0-255,2902,80941,34,148527
287,0.001419,172.31.33.0-255,66,81007,34,148527
288,0.001441,172.217.194.0-255,2902,83909,34,148527
289,0.001443,172.31.33.0-255,66,83975,34,148527
290,0.001447,172.217.194.0-255,2902,86877,34,148527
291,0.001449,172.31.33.0-255,66,86943,34,148527
292,0.001472,172.217.194.0-255,4320,91263,34,148527
293,0.001474,172.31.33.0-255,66,91329,34,148527
294,0.001496,172.217.194.0-255,5738,97067,34,148527
295,0.001498,172.31.33.0-255,66,97133,34,148527
296,0.001504,172.217.194.0-255,5738,102871,34,148527
297,0.001507,172.31.33.0-255,66,102937,34,148527
298,0.001549,172.217.194.0-255,5738,108675,34,148527
299,0.001551,172.31.33.0-255,66,108741,34,148527
300,0.001577,172.31.33.0-255,66,108807,34,148527
301,0.00159,172.31.33.0-255,66,108873,34,148527
302,0.001613,172.217.194.0-255,2902,111775,34,148527
303,0.001616,172.31.33.0-255,66,111841,34,148527
304,0.001625,172.31.33.0-255,66,111907,34,148527
305,0.001669,172.31.33.0-255,66,111973,34,148527
306,0.001698,172.31.33.0-255,66,112039,34,148527
307,0.001743,172.31.33.0-255,66,112105,34,148527
308,0.001759,172.217.194.0-255,2184,114289,34,148527
309,0.001761,172.31.33.0-255,66,114355,34,148527
310,0.002,172.217.194.0-255,1484,115839,34,148527
311,0.002013,172.217.194.0-255,2902,118741,34,148527
312,0.002015,172.31.33.0-255,66,118807,34,148527
313,0.002035,172.217.194.0-255,5738,124545,34,148527
314,0.002037,172.31.33.0-255,66,124611,34,148527
315,0.002049,172.217.194.0-255,4320,128931,34,148527
316,0.002051,172.31.33.0-255,66,128997,34,148527
317,0.002081,172.31.33.0-255,66,129063,34,148527
318,0.002117,172.31.33.0-255,66,129129,34,148527
319,0.002134,172.217.194.0-255,1920,131049,34,148527
320,0.002136,172.31.33.0-255,66,131115,34,148527
321,0.004669,172.217.194.0-255,5738,136853,34,148527
322,0.004675,172.31.33.0-255,66,136919,34,148527
323,0.00724,172.217.194.0-255,5738,142657,34,148527
324,0.007245,172.31.33.0-255,66,142723,34,148527
325,0.009802,172.217.194.0-255,5738,148461,34,148527
326,0.009808,172.31.33.0-255,66,148527,34,148527
327,0.0,74.125.24.0-255,153,153,34,62885
328,2.1e-05,172.31.33.0-255,66,219,34,62885
329,2.8e-05,74.125.24.0-255,1484,1703,34,62885
330,3.2e-05,172.31.33.0-255,66,1769,34,62885
331,4.4e-05,74.125.24.0-255,2902,4671,34,62885
332,4.7e-05,172.31.33.0-255,66,4737,34,62885
333,9.9e-05,74.125.24.0-255,7156,11893,34,62885
334,0.000105,172.31.33.0-255,66,11959,34,62885
335,0.000269,74.125.24.0-255,2020,13979,34,62885
336,0.000273,172.31.33.0-255,66,14045,34,62885
337,0.00034,74.125.24.0-255,7156,21201,34,62885
338,0.000344,172.31.33.0-255,66,21267,34,62885
339,0.000367,74.125.24.0-255,4320,25587,34,62885
340,0.00037,172.31.33.0-255,66,25653,34,62885
341,0.000619,172.31.33.0-255,66,25719,34,62885
342,0.00066,172.31.33.0-255,66,25785,34,62885
343,0.001166,172.31.33.0-255,66,25851,34,62885
344,0.001199,172.31.33.0-255,66,25917,34,62885
345,0.001902,74.125.24.0-255,2902,28819,34,62885
346,0.001909,172.31.33.0-255,66,28885,34,62885
347,0.001942,172.31.33.0-255,66,28951,34,62885
348,0.001977,172.31.33.0-255,66,29017,34,62885
349,0.002005,74.125.24.0-255,5738,34755,34,62885
350,0.002007,172.31.33.0-255,66,34821,34,62885
351,0.002887,74.125.24.0-255,1484,36305,34,62885
352,0.00289,172.31.33.0-255,66,36371,34,62885
353,0.002919,172.31.33.0-255,66,36437,34,62885
354,0.002944,172.31.33.0-255,66,36503,34,62885
355,0.002977,172.31.33.0-255,66,36569,34,62885
356,0.002998,74.125.24.0-255,2902,39471,34,62885
357,0.003,172.31.33.0-255,66,39537,34,62885
358,0.003869,74.125.24.0-255,2902,42439,34,62885
359,0.003871,172.31.33.0-255,66,42505,34,62885
360,0.003884,74.125.24.0-255,5738,48243,34,62885
361,0.003889,172.31.33.0-255,66,48309,34,62885
362,0.0039,74.125.24.0-255,4320,52629,34,62885
363,0.003905,172.31.33.0-255,66,52695,34,62885
364,0.004179,74.125.24.0-255,1484,54179,34,62885
365,0.00422,74.125.24.0-255,4320,58499,34,62885
366,0.004222,172.31.33.0-255,66,58565,34,62885
367,0.006834,74.125.24.0-255,4320,62885,34,62885
368,0.0,74.125.130.0-255,153,153,34,289037
369,1.5e-05,172.31.33.0-255,66,219,34,289037
370,2.2e-05,74.125.130.0-255,1484,1703,34,289037
371,2.6e-05,172.31.33.0-255,66,1769,34,289037
372,2.9e-05,74.125.130.0-255,1484,3253,34,289037
373,3.2e-05,172.31.33.0-255,66,3319,34,289037
374,5e-05,74.125.130.0-255,1484,4803,34,289037
375,5.3e-05,172.31.33.0-255,66,4869,34,289037
376,6.2e-05,74.125.130.0-255,7156,12025,34,289037
377,6.4e-05,172.31.33.0-255,66,12091,34,289037
378,6.9e-05,74.125.130.0-255,2019,14110,34,289037
379,7.1e-05,172.31.33.0-255,66,14176,34,289037
380,0.000305,74.125.130.0-255,1484,15660,34,289037
381,0.000311,172.31.33.0-255,66,15726,34,289037
382,0.000317,74.125.130.0-255,2902,18628,34,289037
383,0.000319,172.31.33.0-255,66,18694,34,289037
384,0.000347,74.125.130.0-255,4320,23014,34,289037
385,0.00035,172.31.33.0-255,66,23080,34,289037
386,0.00038,74.125.130.0-255,7156,30236,34,289037
387,0.000383,172.31.33.0-255,66,30302,34,289037
388,0.000402,74.125.130.0-255,2543,32845,34,289037
389,0.000405,172.31.33.0-255,66,32911,34,289037
390,0.000417,172.31.33.0-255,66,32977,34,289037
391,0.000455,172.31.33.0-255,66,33043,34,289037
392,0.000467,74.125.130.0-255,1484,34527,34,289037
393,0.000469,172.31.33.0-255,66,34593,34,289037
394,0.000483,172.31.33.0-255,66,34659,34,289037
395,0.000486,74.125.130.0-255,766,35425,34,289037
396,0.000488,172.31.33.0-255,66,35491,34,289037
397,0.000511,74.125.130.0-255,677,36168,34,289037
398,0.000776,74.125.130.0-255,1484,37652,34,289037
399,0.00078,172.31.33.0-255,66,37718,34,289037
400,0.000794,74.125.130.0-255,2902,40620,34,289037
401,0.000796,172.31.33.0-255,66,40686,34,289037
402,0.000819,74.125.130.0-255,5738,46424,34,289037
403,0.000821,172.31.33.0-255,66,46490,34,289037
404,0.000834,74.125.130.0-255,1484,47974,34,289037
405,0.000837,74.125.130.0-255,1484,49458,34,289037
406,0.00084,172.31.33.0-255,66,49524,34,289037
407,0.00086,74.125.130.0-255,1484,51008,34,289037
408,0.000867,74.125.130.0-255,5738,56746,34,289037
409,0.00087,172.31.33.0-255,66,56812,34,289037
410,0.000877,74.125.130.0-255,5738,62550,34,289037
411,0.000878,172.31.33.0-255,66,62616,34,289037
412,0.000907,74.125.130.0-255,7156,69772,34,289037
413,0.000912,172.31.33.0-255,66,69838,34,289037
414,0.000914,74.125.130.0-255,766,70604,34,289037
415,0.001044,74.125.130.0-255,1484,72088,34,289037
416,0.001048,172.31.33.0-255,66,72154,34,289037
417,0.001052,74.125.130.0-255,1484,73638,34,289037
418,0.001066,74.125.130.0-255,1484,75122,34,289037
419,0.001069,172.31.33.0-255,66,75188,34,289037
420,0.001076,74.125.130.0-255,5738,80926,34,289037
421,0.001078,172.31.33.0-255,66,80992,34,289037
422,0.001082,74.125.130.0-255,2902,83894,34,289037
423,0.001084,172.31.33.0-255,66,83960,34,289037
424,0.001101,74.125.130.0-255,4320,88280,34,289037
425,0.001103,172.31.33.0-255,66,88346,34,289037
426,0.001133,74.125.130.0-255,5738,94084,34,289037
427,0.001137,172.31.33.0-255,66,94150,34,289037
428,0.00115,172.31.33.0-255,66,94216,34,289037
429,0.001244,74.125.130.0-255,1484,95700,34,289037
430,0.00125,74.125.130.0-255,2902,98602,34,289037
431,0.001253,172.31.33.0-255,66,98668,34,289037
432,0.001277,74.125.130.0-255,1484,100152,34,289037
433,0.001288,74.125.130.0-255,2902,103054,34,289037
434,0.001291,172.31.33.0-255,66,103120,34,289037
435,0.001296,74.125.130.0-255,2902,106022,34,289037
436,0.001298,172.31.33.0-255,66,106088,34,289037
437,0.001311,74.125.130.0-255,2902,108990,34,289037
438,0.001313,172.31.33.0-255,66,109056,34,289037
439,0.001325,74.125.130.0-255,1484,110540,34,289037
440,0.00135,172.31.33.0-255,66,110606,34,289037
441,0.001355,74.125.130.0-255,4320,114926,34,289037
442,0.001357,172.31.33.0-255,66,114992,34,289037
443,0.001395,74.125.130.0-255,3602,118594,34,289037
444,0.001399,172.31.33.0-255,66,118660,34,289037
445,0.00143,74.125.130.0-255,2902,121562,34,289037
446,0.001433,172.31.33.0-255,66,121628,34,289037
447,0.001439,74.125.130.0-255,4320,125948,34,289037
448,0.001441,172.31.33.0-255,66,126014,34,289037
449,0.001478,172.31.33.0-255,66,126080,34,289037
450,0.0015,74.125.130.0-255,4320,130400,34,289037
451,0.001503,172.31.33.0-255,66,130466,34,289037
452,0.001509,74.125.130.0-255,5738,136204,34,289037
453,0.001511,172.31.33.0-255,66,136270,34,289037
454,0.001575,172.31.33.0-255,66,136336,34,289037
455,0.001863,74.125.130.0-255,1484,137820,34,289037
456,0.001877,74.125.130.0-255,2902,140722,34,289037
457,0.00188,172.31.33.0-255,66,140788,34,289037
458,0.001884,74.125.130.0-255,1484,142272,34,289037
459,0.001888,74.125.130.0-255,2902,145174,34,289037
460,0.00189,172.31.33.0-255,66,145240,34,289037
461,0.001915,74.125.130.0-255,5738,150978,34,289037
462,0.001918,172.31.33.0-255,66,151044,34,289037
463,0.001938,74.125.130.0-255,2902,153946,34,289037
464,0.00194,172.31.33.0-255,66,154012,34,289037
465,0.001965,172.31.33.0-255,66,154078,34,289037
466,0.002021,74.125.130.0-255,4320,158398,34,289037
467,0.002024,172.31.33.0-255,66,158464,34,289037
468,0.002041,74.125.130.0-255,2184,160648,34,289037
469,0.002044,172.31.33.0-255,66,160714,34,289037
470,0.00206,74.125.130.0-255,1484,162198,34,289037
471,0.002071,74.125.130.0-255,2902,165100,34,289037
472,0.002073,172.31.33.0-255,66,165166,34,289037
473,0.002093,74.125.130.0-255,5738,170904,34,289037
474,0.002095,172.31.33.0-255,66,170970,34,289037
475,0.002098,74.125.130.0-255,1484,172454,34,289037
476,0.002128,74.125.130.0-255,5738,178192,34,289037
477,0.002131,172.31.33.0-255,66,178258,34,289037
478,0.002147,74.125.130.0-255,1484,179742,34,289037
479,0.002172,172.31.33.0-255,66,179808,34,289037
480,0.002188,74.125.130.0-255,1484,181292,34,289037
481,0.002206,74.125.130.0-255,3602,184894,34,289037
482,0.002209,172.31.33.0-255,66,184960,34,289037
483,0.002389,74.125.130.0-255,1484,186444,34,289037
484,0.002406,74.125.130.0-255,2902,189346,34,289037
485,0.002409,172.31.33.0-255,66,189412,34,289037
486,0.002415,74.125.130.0-255,5738,195150,34,289037
487,0.002417,172.31.33.0-255,66,195216,34,289037
488,0.002454,172.31.33.0-255,66,195282,34,289037
489,0.002471,74.125.130.0-255,2902,198184,34,289037
490,0.002474,172.31.33.0-255,66,198250,34,289037
491,0.002479,74.125.130.0-255,4320,202570,34,289037
492,0.002481,172.31.33.0-255,66,202636,34,289037
493,0.002515,74.125.130.0-255,6438,209074,34,289037
494,0.002518,172.31.33.0-255,66,209140,34,289037
495,0.002584,74.125.130.0-255,1484,210624,34,289037
496,0.0026,74.125.130.0-255,2902,213526,34,289037
497,0.002602,172.31.33.0-255,66,213592,34,289037
498,0.002605,74.125.130.0-255,1484,215076,34,289037
499,0.002634,74.125.130.0-255,5738,220814,34,289037
500,0.002637,172.31.33.0-255,66,220880,34,289037
501,0.002659,74.125.130.0-255,4320,225200,34,289037
502,0.002661,172.31.33.0-255,66,225266,34,289037
503,0.002664,74.125.130.0-255,1484,226750,34,289037
504,0.00268,74.125.130.0-255,4320,231070,34,289037
505,0.002682,172.31.33.0-255,66,231136,34,289037
506,0.002695,74.125.130.0-255,5738,236874,34,289037
507,0.002697,172.31.33.0-255,66,236940,34,289037
508,0.002714,74.125.130.0-255,1484,238424,34,289037
509,0.002717,74.125.130.0-255,1484,239908,34,289037
510,0.002719,172.31.33.0-255,66,239974,34,289037
511,0.002721,74.125.130.0-255,1484,241458,34,289037
512,0.002736,74.125.130.0-255,1484,242942,34,289037
513,0.002738,172.31.33.0-255,66,243008,34,289037
514,0.00274,74.125.130.0-255,766,243774,34,289037
515,0.00277,74.125.130.0-255,1484,245258,34,289037
516,0.002772,172.31.33.0-255,66,245324,34,289037
517,0.002775,74.125.130.0-255,1484,246808,34,289037
518,0.002791,74.125.130.0-255,1484,248292,34,289037
519,0.002793,172.31.33.0-255,66,248358,34,289037
520,0.002795,74.125.130.0-255,1484,249842,34,289037
521,0.002812,74.125.130.0-255,4320,254162,34,289037
522,0.002814,172.31.33.0-255,66,254228,34,289037
523,0.002819,74.125.130.0-255,4320,258548,34,289037
524,0.00282,172.31.33.0-255,66,258614,34,289037
525,0.002824,74.125.130.0-255,2902,261516,34,289037
526,0.002826,172.31.33.0-255,66,261582,34,289037
527,0.002848,74.125.130.0-255,2902,264484,34,289037
528,0.00285,172.31.33.0-255,66,264550,34,289037
529,0.002853,74.125.130.0-255,1484,266034,34,289037
530,0.002875,172.31.33.0-255,66,266100,34,289037
531,0.002908,74.125.130.0-255,4320,270420,34,289037
532,0.00291,172.31.33.0-255,66,270486,34,289037
533,0.00293,74.125.130.0-255,6438,276924,34,289037
534,0.002932,172.31.33.0-255,66,276990,34,289037
535,0.002939,74.125.130.0-255,7156,284146,34,289037
536,0.002941,172.31.33.0-255,66,284212,34,289037
537,0.002964,74.125.130.0-255,4320,288532,34,289037
538,0.002967,172.31.33.0-255,66,288598,34,289037
539,0.002977,172.31.33.0-255,66,288664,34,289037
540,0.002979,74.125.130.0-255,97,288761,34,289037
541,0.00302,74.125.130.0-255,105,288866,34,289037
542,0.009444,172.31.33.0-255,66,288932,34,289037
543,0.009477,172.31.33.0-255,105,289037,34,289037
544,0.0,74.125.200.0-255,152,152,34,300835
545,1.4e-05,172.31.33.0-255,66,218,34,300835
546,2.1e-05,74.125.200.0-255,1484,1702,34,300835
547,2.6e-05,172.31.33.0-255,66,1768,34,300835
548,3.1e-05,74.125.200.0-255,1484,3252,34,300835
549,4.1e-05,172.31.33.0-255,66,3318,34,300835
550,4.8e-05,74.125.200.0-255,2902,6220,34,300835
551,5.1e-05,172.31.33.0-255,66,6286,34,300835
552,5.8e-05,74.125.200.0-255,5738,12024,34,300835
553,6.1e-05,172.31.33.0-255,66,12090,34,300835
554,9.4e-05,74.125.200.0-255,2019,14109,34,300835
555,9.6e-05,172.31.33.0-255,66,14175,34,300835
556,0.000141,74.125.200.0-255,1484,15659,34,300835
557,0.000144,172.31.33.0-255,66,15725,34,300835
558,0.000148,74.125.200.0-255,1484,17209,34,300835
559,0.000149,172.31.33.0-255,66,17275,34,300835
560,0.00017,74.125.200.0-255,1484,18759,34,300835
561,0.000172,172.31.33.0-255,66,18825,34,300835
562,0.000185,74.125.200.0-255,5738,24563,34,300835
563,0.000188,172.31.33.0-255,66,24629,34,300835
564,0.000192,74.125.200.0-255,2902,27531,34,300835
565,0.000194,172.31.33.0-255,66,27597,34,300835
566,0.0002,74.125.200.0-255,3961,31558,34,300835
567,0.000202,172.31.33.0-255,66,31624,34,300835
568,0.00052,74.125.200.0-255,1484,33108,34,300835
569,0.000526,172.31.33.0-255,66,33174,34,300835
570,0.000531,74.125.200.0-255,1484,34658,34,300835
571,0.000534,172.31.33.0-255,66,34724,34,300835
572,0.000539,74.125.200.0-255,2902,37626,34,300835
573,0.000546,172.31.33.0-255,66,37692,34,300835
574,0.000551,74.125.200.0-255,2902,40594,34,300835
575,0.000553,172.31.33.0-255,66,40660,34,300835
576,0.000582,74.125.200.0-255,2902,43562,34,300835
577,0.00059,172.31.33.0-255,66,43628,34,300835
578,0.000596,74.125.200.0-255,5379,49007,34,300835
579,0.000599,172.31.33.0-255,66,49073,34,300835
580,0.000605,74.125.200.0-255,5738,54811,34,300835
581,0.000608,172.31.33.0-255,66,54877,34,300835
582,0.000639,74.125.200.0-255,2902,57779,34,300835
583,0.000641,172.31.33.0-255,66,57845,34,300835
584,0.000682,74.125.200.0-255,347,58192,34,300835
585,0.000687,172.31.33.0-255,66,58258,34,300835
586,0.000862,74.125.200.0-255,1484,59742,34,300835
587,0.000867,172.31.33.0-255,66,59808,34,300835
588,0.000873,74.125.200.0-255,2902,62710,34,300835
589,0.000875,172.31.33.0-255,66,62776,34,300835
590,0.000878,74.125.200.0-255,1484,64260,34,300835
591,0.000912,74.125.200.0-255,1484,65744,34,300835
592,0.000915,172.31.33.0-255,66,65810,34,300835
593,0.000921,74.125.200.0-255,4320,70130,34,300835
594,0.000923,172.31.33.0-255,66,70196,34,300835
595,0.000937,172.31.33.0-255,66,70262,34,300835
596,0.000949,172.31.33.0-255,66,70328,34,300835
597,0.00099,74.125.200.0-255,5020,75348,34,300835
598,0.000993,172.31.33.0-255,66,75414,34,300835
599,0.001005,172.31.33.0-255,101,75515,34,300835
600,0.001257,74.125.200.0-255,1484,76999,34,300835
601,0.001267,74.125.200.0-255,2902,79901,34,300835
602,0.001271,172.31.33.0-255,66,79967,34,300835
603,0.001303,74.125.200.0-255,5738,85705,34,300835
604,0.001307,172.31.33.0-255,66,85771,34,300835
605,0.001345,74.125.200.0-255,2902,88673,34,300835
606,0.001348,172.31.33.0-255,66,88739,34,300835
607,0.001369,74.125.200.0-255,4320,93059,34,300835
608,0.001373,172.31.33.0-255,66,93125,34,300835
609,0.001406,74.125.200.0-255,7156,100281,34,300835
610,0.001409,172.31.33.0-255,66,100347,34,300835
611,0.001437,172.31.33.0-255,66,100413,34,300835
612,0.00144,74.125.200.0-255,766,101179,34,300835
613,0.002132,74.125.200.0-255,1484,102663,34,300835
614,0.00214,172.31.33.0-255,66,102729,34,300835
615,0.002146,74.125.200.0-255,2902,105631,34,300835
616,0.002149,172.31.33.0-255,66,105697,34,300835
617,0.002161,74.125.200.0-255,5738,111435,34,300835
618,0.002165,172.31.33.0-255,66,111501,34,300835
619,0.00217,74.125.200.0-255,4320,115821,34,300835
620,0.002202,74.125.200.0-255,7156,122977,34,300835
621,0.002216,74.125.200.0-255,4320,127297,34,300835
622,0.002454,74.125.200.0-255,1484,128781,34,300835
623,0.002468,74.125.200.0-255,2902,131683,34,300835
624,0.002496,74.125.200.0-255,5738,137421,34,300835
625,0.002541,74.125.200.0-255,1484,138905,34,300835
626,0.002559,74.125.200.0-255,2902,141807,34,300835
627,0.002678,74.125.200.0-255,2902,144709,34,300835
628,0.002724,74.125.200.0-255,2902,147611,34,300835
629,0.002744,74.125.200.0-255,3602,151213,34,300835
630,0.002777,74.125.200.0-255,4320,155533,34,300835
631,0.002799,74.125.200.0-255,4320,159853,34,300835
632,0.002817,74.125.200.0-255,1484,161337,34,300835
633,0.00282,74.125.200.0-255,1484,162821,34,300835
634,0.002824,74.125.200.0-255,2902,165723,34,300835
635,0.002834,74.125.200.0-255,2902,168625,34,300835
636,0.002856,74.125.200.0-255,7156,175781,34,300835
637,0.002862,74.125.200.0-255,4320,180101,34,300835
638,0.002865,74.125.200.0-255,1484,181585,34,300835
639,0.002867,74.125.200.0-255,1484,183069,34,300835
640,0.002904,74.125.200.0-255,2184,185253,34,300835
641,0.002931,74.125.200.0-255,1484,186737,34,300835
642,0.002949,74.125.200.0-255,1484,188221,34,300835
643,0.002961,74.125.200.0-255,1484,189705,34,300835
644,0.002967,74.125.200.0-255,5738,195443,34,300835
645,0.002972,74.125.200.0-255,2902,198345,34,300835
646,0.002985,74.125.200.0-255,4320,202665,34,300835
647,0.003013,74.125.200.0-255,7156,209821,34,300835
648,0.003034,74.125.200.0-255,1484,211305,34,300835
649,0.003041,74.125.200.0-255,7156,218461,34,300835
650,0.003064,74.125.200.0-255,5738,224199,34,300835
651,0.003079,74.125.200.0-255,2184,226383,34,300835
652,0.003086,74.125.200.0-255,7156,233539,34,300835
653,0.003099,74.125.200.0-255,2902,236441,34,300835
654,0.003111,74.125.200.0-255,4320,240761,34,300835
655,0.003127,74.125.200.0-255,1484,242245,34,300835
656,0.003133,74.125.200.0-255,5738,247983,34,300835
657,0.003155,74.125.200.0-255,5020,253003,34,300835
658,0.003174,74.125.200.0-255,2902,255905,34,300835
659,0.003194,74.125.200.0-255,4320,260225,34,300835
660,0.003214,74.125.200.0-255,4320,264545,34,300835
661,0.003218,74.125.200.0-255,2902,267447,34,300835
662,0.003256,74.125.200.0-255,1484,268931,34,300835
663,0.003273,74.125.200.0-255,2902,271833,34,300835
664,0.003288,74.125.200.0-255,1484,273317,34,300835
665,0.003291,74.125.200.0-255,766,274083,34,300835
666,0.003293,74.125.200.0-255,66,274149,34,300835
667,0.003314,74.125.200.0-255,5738,279887,34,300835
668,0.003333,74.125.200.0-255,2902,282789,34,300835
669,0.00335,74.125.200.0-255,2902,285691,34,300835
670,0.003373,74.125.200.0-255,7156,292847,34,300835
671,0.00338,74.125.200.0-255,7156,300003,34,300835
672,0.003382,74.125.200.0-255,459,300462,34,300835
673,0.003385,74.125.200.0-255,97,300559,34,300835
674,0.003445,74.125.200.0-255,105,300664,34,300835
675,0.005387,172.31.33.0-255,66,300730,34,300835
676,0.007677,172.31.33.0-255,105,300835,34,300835
677,0.0,74.125.24.0-255,153,153,34,244354
678,1.7e-05,172.31.33.0-255,66,219,34,244354
679,2.4e-05,74.125.24.0-255,1484,1703,34,244354
680,2.8e-05,172.31.33.0-255,66,1769,34,244354
681,3.2e-05,74.125.24.0-255,2902,4671,34,244354
682,3.5e-05,172.31.33.0-255,66,4737,34,244354
683,4.2e-05,74.125.24.0-255,7156,11893,34,244354
684,4.5e-05,172.31.33.0-255,66,11959,34,244354
685,4.8e-05,74.125.24.0-255,1981,13940,34,244354
686,5.2e-05,172.31.33.0-255,66,14006,34,244354
687,0.000106,74.125.24.0-255,1484,15490,34,244354
688,0.00011,172.31.33.0-255,66,15556,34,244354
689,0.000116,74.125.24.0-255,2902,18458,34,244354
690,0.000118,172.31.33.0-255,66,18524,34,244354
691,0.000142,74.125.24.0-255,5738,24262,34,244354
692,0.000144,172.31.33.0-255,66,24328,34,244354
693,0.000148,74.125.24.0-255,1484,25812,34,244354
694,0.000151,172.31.33.0-255,66,25878,34,244354
695,0.000167,74.125.24.0-255,4320,30198,34,244354
696,0.00017,172.31.33.0-255,66,30264,34,244354
697,0.000202,74.125.24.0-255,4320,34584,34,244354
698,0.000204,172.31.33.0-255,66,34650,34,244354
699,0.000218,74.125.24.0-255,2543,37193,34,244354
700,0.000219,172.31.33.0-255,66,37259,34,244354
701,0.000225,74.125.24.0-255,7156,44415,34,244354
702,0.00023,172.31.33.0-255,66,44481,34,244354
703,0.00026,74.125.24.0-255,3961,48442,34,244354
704,0.000263,172.31.33.0-255,66,48508,34,244354
705,0.000451,74.125.24.0-255,1484,49992,34,244354
706,0.000454,172.31.33.0-255,66,50058,34,244354
707,0.000468,74.125.24.0-255,2902,52960,34,244354
708,0.000472,172.31.33.0-255,66,53026,34,244354
709,0.000477,74.125.24.0-255,5738,58764,34,244354
710,0.000478,172.31.33.0-255,66,58830,34,244354
711,0.000514,74.125.24.0-255,2902,61732,34,244354
712,0.000517,172.31.33.0-255,66,61798,34,244354
713,0.00053,74.125.24.0-255,4573,66371,34,244354
714,0.000532,172.31.33.0-255,66,66437,34,244354
715,0.000614,74.125.24.0-255,1484,67921,34,244354
716,0.000626,74.125.24.0-255,2902,70823,34,244354
717,0.000629,172.31.33.0-255,66,70889,34,244354
718,0.000632,74.125.24.0-255,1484,72373,34,244354
719,0.000652,74.125.24.0-255,4320,76693,34,244354
720,0.000654,172.31.33.0-255,66,76759,34,244354
721,0.000677,74.125.24.0-255,4320,81079,34,244354
722,0.00068,172.31.33.0-255,66,81145,34,244354
723,0.000698,74.125.24.0-255,2543,83688,34,244354
724,0.0007,172.31.33.0-255,66,83754,34,244354
725,0.000706,74.125.24.0-255,7156,90910,34,244354
726,0.000708,172.31.33.0-255,66,90976,34,244354
727,0.000743,172.31.33.0-255,66,91042,34,244354
728,0.001099,74.125.24.0-255,1484,92526,34,244354
729,0.001107,74.125.24.0-255,2902,95428,34,244354
730,0.001111,172.31.33.0-255,66,95494,34,244354
731,0.001133,74.125.24.0-255,5738,101232,34,244354
732,0.001136,172.31.33.0-255,66,101298,34,244354
733,0.001153,74.125.24.0-255,4320,105618,34,244354
734,0.001156,172.31.33.0-255,66,105684,34,244354
735,0.001192,172.31.33.0-255,66,105750,34,244354
736,0.0012,172.31.33.0-255,66,105816,34,244354
737,0.001212,74.125.24.0-255,1484,107300,34,244354
738,0.001228,74.125.24.0-255,3602,110902,34,244354
739,0.00123,172.31.33.0-255,66,110968,34,244354
740,0.001235,74.125.24.0-255,5738,116706,34,244354
741,0.001236,172.31.33.0-255,66,116772,34,244354
742,0.001262,74.125.24.0-255,4320,121092,34,244354
743,0.001264,172.31.33.0-255,66,121158,34,244354
744,0.001291,172.31.33.0-255,66,121224,34,244354
745,0.001301,172.31.33.0-255,66,121290,34,244354
746,0.001331,74.125.24.0-255,6438,127728,34,244354
747,0.001333,172.31.33.0-255,66,127794,34,244354
748,0.00134,74.125.24.0-255,7156,134950,34,244354
749,0.001343,172.31.33.0-255,66,135016,34,244354
750,0.00138,74.125.24.0-255,2902,137918,34,244354
751,0.001383,172.31.33.0-255,66,137984,34,244354
752,0.00141,172.31.33.0-255,66,138050,34,244354
753,0.001443,172.31.33.0-255,66,138116,34,244354
754,0.001447,74.125.24.0-255,2902,141018,34,244354
755,0.001449,172.31.33.0-255,66,141084,34,244354
756,0.001464,74.125.24.0-255,5738,146822,34,244354
757,0.001467,172.31.33.0-255,66,146888,34,244354
758,0.001484,74.125.24.0-255,7156,154044,34,244354
759,0.001486,172.31.33.0-255,66,154110,34,244354
760,0.001512,172.31.33.0-255,66,154176,34,244354
761,0.001525,74.125.24.0-255,4320,158496,34,244354
762,0.001527,172.31.33.0-255,66,158562,34,244354
763,0.00154,74.125.24.0-255,3602,162164,34,244354
764,0.001542,172.31.33.0-255,66,162230,34,244354
765,0.001689,74.125.24.0-255,1484,163714,34,244354
766,0.001693,74.125.24.0-255,2902,166616,34,244354
767,0.001695,172.31.33.0-255,66,166682,34,244354
768,0.001715,74.125.24.0-255,5738,172420,34,244354
769,0.001717,172.31.33.0-255,66,172486,34,244354
770,0.001735,74.125.24.0-255,5738,178224,34,244354
771,0.001737,172.31.33.0-255,66,178290,34,244354
772,0.001759,74.125.24.0-255,5738,184028,34,244354
773,0.001761,172.31.33.0-255,66,184094,34,244354
774,0.001826,172.31.33.0-255,66,184160,34,244354
775,0.001858,74.125.24.0-255,3602,187762,34,244354
776,0.001861,172.31.33.0-255,66,187828,34,244354
777,0.001872,172.31.33.0-255,66,187894,34,244354
778,0.001882,172.31.33.0-255,66,187960,34,244354
779,0.001886,74.125.24.0-255,4320,192280,34,244354
780,0.001888,172.31.33.0-255,66,192346,34,244354
781,0.001915,74.125.24.0-255,5020,197366,34,244354
782,0.001918,172.31.33.0-255,66,197432,34,244354
783,0.001927,172.31.33.0-255,66,197498,34,244354
784,0.001964,172.31.33.0-255,66,197564,34,244354
785,0.001968,74.125.24.0-255,2184,199748,34,244354
786,0.00197,172.31.33.0-255,66,199814,34,244354
787,0.002003,74.125.24.0-255,1484,201298,34,244354
788,0.002006,74.125.24.0-255,1484,202782,34,244354
789,0.002008,172.31.33.0-255,66,202848,34,244354
790,0.002025,74.125.24.0-255,1484,204332,34,244354
791,0.00203,74.125.24.0-255,5738,210070,34,244354
792,0.002033,172.31.33.0-255,66,210136,34,244354
793,0.002048,74.125.24.0-255,4320,214456,34,244354
794,0.002051,172.31.33.0-255,66,214522,34,244354
795,0.00208,172.31.33.0-255,66,214588,34,244354
796,0.002085,74.125.24.0-255,5738,220326,34,244354
797,0.002086,172.31.33.0-255,66,220392,34,244354
798,0.002108,74.125.24.0-255,2902,223294,34,244354
799,0.00211,172.31.33.0-255,66,223360,34,244354
800,0.002123,74.125.24.0-255,2184,225544,34,244354
801,0.002124,172.31.33.0-255,66,225610,34,244354
802,0.002128,74.125.24.0-255,2902,228512,34,244354
803,0.00213,172.31.33.0-255,66,228578,34,244354
804,0.002155,74.125.24.0-255,2902,231480,34,244354
805,0.002158,172.31.33.0-255,66,231546,34,244354
806,0.002162,74.125.24.0-255,4320,235866,34,244354
807,0.002164,172.31.33.0-255,66,235932,34,244354
808,0.002222,74.125.24.0-255,5738,241670,34,244354
809,0.002235,74.125.24.0-255,2579,244249,34,244354
810,0.002265,74.125.24.0-255,105,244354,34,244354
811,0.0,172.217.24.0-255,153,153,34,285172
812,2.3e-05,172.31.33.0-255,66,219,34,285172
813,3e-05,172.217.24.0-255,1484,1703,34,285172
814,3.4e-05,172.31.33.0-255,66,1769,34,285172
815,4e-05,172.217.24.0-255,2902,4671,34,285172
816,5.2e-05,172.31.33.0-255,66,4737,34,285172
817,5.8e-05,172.217.24.0-255,4320,9057,34,285172
818,6.2e-05,172.31.33.0-255,66,9123,34,285172
819,6.8e-05,172.217.24.0-255,4320,13443,34,285172
820,7.1e-05,172.31.33.0-255,66,13509,34,285172
821,9.7e-05,172.217.24.0-255,5002,18511,34,285172
822,0.000105,172.31.33.0-255,66,18577,34,285172
823,0.000117,172.31.33.0-255,66,18643,34,285172
824,0.000122,172.217.24.0-255,2543,21186,34,285172
825,0.000124,172.31.33.0-255,66,21252,34,285172
826,0.000154,172.217.24.0-255,2902,24154,34,285172
827,0.000162,172.31.33.0-255,66,24220,34,285172
828,0.00017,172.217.24.0-255,7156,31376,34,285172
829,0.000172,172.31.33.0-255,66,31442,34,285172
830,0.000208,172.217.24.0-255,5738,37180,34,285172
831,0.00021,172.31.33.0-255,66,37246,34,285172
832,0.000234,172.217.24.0-255,1125,38371,34,285172
833,0.000236,172.31.33.0-255,66,38437,34,285172
834,0.0003,172.217.24.0-255,1484,39921,34,285172
835,0.000303,172.31.33.0-255,66,39987,34,285172
836,0.000308,172.217.24.0-255,2902,42889,34,285172
837,0.00031,172.31.33.0-255,66,42955,34,285172
838,0.000342,172.217.24.0-255,5738,48693,34,285172
839,0.000344,172.31.33.0-255,66,48759,34,285172
840,0.000352,172.217.24.0-255,6797,55556,34,285172
841,0.000354,172.31.33.0-255,66,55622,34,285172
842,0.000392,172.217.24.0-255,359,55981,34,285172
843,0.000936,172.217.24.0-255,386,56367,34,285172
844,0.001027,172.217.24.0-255,1484,57851,34,285172
845,0.001032,172.31.33.0-255,66,57917,34,285172
846,0.001038,172.217.24.0-255,2902,60819,34,285172
847,0.00104,172.31.33.0-255,66,60885,34,285172
848,0.001052,172.217.24.0-255,5738,66623,34,285172
849,0.001055,172.31.33.0-255,66,66689,34,285172
850,0.001103,172.31.33.0-255,66,66755,34,285172
851,0.001131,172.217.24.0-255,5379,72134,34,285172
852,0.001133,172.31.33.0-255,66,72200,34,285172
853,0.001141,172.217.24.0-255,7156,79356,34,285172
854,0.001148,172.31.33.0-255,66,79422,34,285172
855,0.001152,172.217.24.0-255,2543,81965,34,285172
856,0.001154,172.31.33.0-255,66,82031,34,285172
857,0.001548,172.217.24.0-255,1484,83515,34,285172
858,0.00157,172.217.24.0-255,2902,86417,34,285172
859,0.001574,172.31.33.0-255,66,86483,34,285172
860,0.001602,172.217.24.0-255,5738,92221,34,285172
861,0.001605,172.31.33.0-255,66,92287,34,285172
862,0.00161,172.217.24.0-255,4320,96607,34,285172
863,0.001611,172.31.33.0-255,66,96673,34,285172
864,0.001617,172.217.24.0-255,4320,100993,34,285172
865,0.001622,172.31.33.0-255,66,101059,34,285172
866,0.001646,172.217.24.0-255,7156,108215,34,285172
867,0.001652,172.31.33.0-255,66,108281,34,285172
868,0.001661,172.31.33.0-255,66,108347,34,285172
869,0.001708,172.217.24.0-255,1484,109831,34,285172
870,0.001712,172.217.24.0-255,2902,112733,34,285172
871,0.001714,172.31.33.0-255,66,112799,34,285172
872,0.001718,172.217.24.0-255,2902,115701,34,285172
873,0.001719,172.31.33.0-255,66,115767,34,285172
874,0.001741,172.217.24.0-255,2902,118669,34,285172
875,0.001743,172.31.33.0-255,66,118735,34,285172
876,0.001758,172.31.33.0-255,66,118801,34,285172
877,0.001784,172.217.24.0-255,2902,121703,34,285172
878,0.00179,172.31.33.0-255,66,121769,34,285172
879,0.001798,172.217.24.0-255,7156,128925,34,285172
880,0.0018,172.31.33.0-255,66,128991,34,285172
881,0.001803,172.217.24.0-255,1484,130475,34,285172
882,0.001825,172.217.24.0-255,2184,132659,34,285172
883,0.001827,172.31.33.0-255,66,132725,34,285172
884,0.002063,172.217.24.0-255,1484,134209,34,285172
885,0.002079,172.217.24.0-255,2902,137111,34,285172
886,0.002084,172.217.24.0-255,5738,142849,34,285172
887,0.002089,172.31.33.0-255,66,142915,34,285172
888,0.002095,172.31.33.0-255,66,142981,34,285172
889,0.002122,172.217.24.0-255,5738,148719,34,285172
890,0.002124,172.31.33.0-255,66,148785,34,285172
891,0.002155,172.217.24.0-255,7156,155941,34,285172
892,0.002157,172.31.33.0-255,66,156007,34,285172
893,0.002163,172.217.24.0-255,5738,161745,34,285172
894,0.002165,172.31.33.0-255,66,161811,34,285172
895,0.002197,172.217.24.0-255,5020,166831,34,285172
896,0.002203,172.31.33.0-255,66,166897,34,285172
897,0.00222,172.217.24.0-255,2902,169799,34,285172
898,0.002224,172.31.33.0-255,66,169865,34,285172
899,0.002245,172.217.24.0-255,2902,172767,34,285172
900,0.002247,172.31.33.0-255,66,172833,34,285172
901,0.002251,172.217.24.0-255,2902,175735,34,285172
902,0.002253,172.31.33.0-255,66,175801,34,285172
903,0.002258,172.217.24.0-255,4320,180121,34,285172
904,0.002264,172.31.33.0-255,66,180187,34,285172
905,0.002274,172.31.33.0-255,66,180253,34,285172
906,0.002293,172.217.24.0-255,2902,183155,34,285172
907,0.002298,172.31.33.0-255,66,183221,34,285172
908,0.00233,172.31.33.0-255,66,183287,34,285172
909,0.00235,172.217.24.0-255,1484,184771,34,285172
910,0.00236,172.217.24.0-255,1484,186255,34,285172
911,0.002362,172.31.33.0-255,66,186321,34,285172
912,0.002387,172.217.24.0-255,1484,187805,34,285172
913,0.002393,172.217.24.0-255,5738,193543,34,285172
914,0.002395,172.31.33.0-255,66,193609,34,285172
915,0.002433,172.31.33.0-255,66,193675,34,285172
916,0.002457,172.217.24.0-255,1484,195159,34,285172
917,0.002491,172.217.24.0-255,4320,199479,34,285172
918,0.002494,172.31.33.0-255,66,199545,34,285172
919,0.002522,172.217.24.0-255,6438,205983,34,285172
920,0.002525,172.31.33.0-255,66,206049,34,285172
921,0.002637,172.217.24.0-255,1484,207533,34,285172
922,0.002653,172.217.24.0-255,2902,210435,34,285172
923,0.002656,172.31.33.0-255,66,210501,34,285172
924,0.002662,172.217.24.0-255,4320,214821,34,285172
925,0.002664,172.31.33.0-255,66,214887,34,285172
926,0.002682,172.217.24.0-255,1484,216371,34,285172
927,0.002688,172.217.24.0-255,5738,222109,34,285172
928,0.00269,172.31.33.0-255,66,222175,34,285172
929,0.002693,172.217.24.0-255,1484,223659,34,285172
930,0.002714,172.217.24.0-255,5738,229397,34,285172
931,0.002717,172.31.33.0-255,66,229463,34,285172
932,0.002744,172.217.24.0-255,4320,233783,34,285172
933,0.002746,172.31.33.0-255,66,233849,34,285172
934,0.00277,172.217.24.0-255,6438,240287,34,285172
935,0.002773,172.31.33.0-255,66,240353,34,285172
936,0.002812,172.217.24.0-255,1484,241837,34,285172
937,0.00283,172.217.24.0-255,2902,244739,34,285172
938,0.002833,172.31.33.0-255,66,244805,34,285172
939,0.002837,172.217.24.0-255,4320,249125,34,285172
940,0.002839,172.31.33.0-255,66,249191,34,285172
941,0.002854,172.217.24.0-255,1484,250675,34,285172
942,0.0029,172.217.24.0-255,2902,253577,34,285172
943,0.002902,172.31.33.0-255,66,253643,34,285172
944,0.002934,172.31.33.0-255,66,253709,34,285172
945,0.002937,172.217.24.0-255,2902,256611,34,285172
946,0.00294,172.31.33.0-255,66,256677,34,285172
947,0.002946,172.217.24.0-255,7156,263833,34,285172
948,0.002952,172.31.33.0-255,66,263899,34,285172
949,0.002971,172.217.24.0-255,766,264665,34,285172
950,0.003356,172.217.24.0-255,1484,266149,34,285172
951,0.00336,172.31.33.0-255,66,266215,34,285172
952,0.003366,172.217.24.0-255,2902,269117,34,285172
953,0.003368,172.31.33.0-255,66,269183,34,285172
954,0.003372,172.217.24.0-255,2902,272085,34,285172
955,0.003378,172.31.33.0-255,66,272151,34,285172
956,0.003407,172.217.24.0-255,1484,273635,34,285172
957,0.003418,172.31.33.0-255,66,273701,34,285172
958,0.003449,172.31.33.0-255,66,273767,34,285172
959,0.003476,172.217.24.0-255,5020,278787,34,285172
960,0.003478,172.31.33.0-255,66,278853,34,285172
961,0.003481,172.217.24.0-255,1484,280337,34,285172
962,0.003509,172.31.33.0-255,66,280403,34,285172
963,0.003535,172.31.33.0-255,66,280469,34,285172
964,0.003538,172.217.24.0-255,2902,283371,34,285172
965,0.00354,172.31.33.0-255,66,283437,34,285172
966,0.003542,172.217.24.0-255,1467,284904,34,285172
967,0.003545,172.217.24.0-255,97,285001,34,285172
968,0.003546,172.31.33.0-255,66,285067,34,285172
969,0.003584,172.217.24.0-255,105,285172,34,285172
970,0.0,172.31.33.0-255,105,105,34,342
971,0.002556,74.125.24.0-255,66,171,34,342
972,0.002869,74.125.24.0-255,105,276,34,342
973,0.002873,172.31.33.0-255,66,342,34,342
974,0.0,74.125.200.0-255,148,148,34,316156
975,2.2e-05,172.31.33.0-255,66,214,34,316156
976,2.7e-05,74.125.200.0-255,1484,1698,34,316156
977,3.1e-05,172.31.33.0-255,66,1764,34,316156
978,4.3e-05,74.125.200.0-255,1484,3248,34,316156
979,4.5e-05,172.31.33.0-255,66,3314,34,316156
980,6.3e-05,74.125.200.0-255,1484,4798,34,316156
981,6.5e-05,172.31.33.0-255,66,4864,34,316156
982,8.7e-05,74.125.200.0-255,1484,6348,34,316156
983,8.9e-05,172.31.33.0-255,66,6414,34,316156
984,9.6e-05,74.125.200.0-255,5738,12152,34,316156
985,9.8e-05,172.31.33.0-255,66,12218,34,316156
986,0.000101,74.125.200.0-255,2164,14382,34,316156
987,0.000103,172.31.33.0-255,66,14448,34,316156
988,0.000131,74.125.200.0-255,1484,15932,34,316156
989,0.000134,172.31.33.0-255,66,15998,34,316156
990,0.000143,74.125.200.0-255,1484,17482,34,316156
991,0.000145,172.31.33.0-255,66,17548,34,316156
992,0.000152,74.125.200.0-255,2902,20450,34,316156
993,0.000153,172.31.33.0-255,66,20516,34,316156
994,0.000157,74.125.200.0-255,2902,23418,34,316156
995,0.000159,172.31.33.0-255,66,23484,34,316156
996,0.000178,74.125.200.0-255,1484,24968,34,316156
997,0.00018,172.31.33.0-255,66,25034,34,316156
998,0.000198,74.125.200.0-255,2902,27936,34,316156
999,0.000201,172.31.33.0-255,66,28002,34,316156
1000,0.000222,74.125.200.0-255,3961,31963,34,316156
1001,0.000224,172.31.33.0-255,66,32029,34,316156
1002,0.000251,74.125.200.0-255,2902,34931,34,316156
1003,0.000253,172.31.33.0-255,66,34997,34,316156
1004,0.000272,74.125.200.0-255,4320,39317,34,316156
1005,0.000275,172.31.33.0-255,66,39383,34,316156
1006,0.000281,74.125.200.0-255,5738,45121,34,316156
1007,0.000283,172.31.33.0-255,66,45187,34,316156
1008,0.000305,74.125.200.0-255,2902,48089,34,316156
1009,0.000307,74.125.200.0-255,1125,49214,34,316156
1010,0.000309,172.31.33.0-255,66,49280,34,316156
1011,0.000579,172.31.33.0-255,66,49346,34,316156
1012,0.000625,74.125.200.0-255,1484,50830,34,316156
1013,0.000646,74.125.200.0-255,2902,53732,34,316156
1014,0.000649,172.31.33.0-255,66,53798,34,316156
1015,0.000654,74.125.200.0-255,2902,56700,34,316156
1016,0.000657,172.31.33.0-255,66,56766,34,316156
1017,0.000687,74.125.200.0-255,2902,59668,34,316156
1018,0.00069,172.31.33.0-255,66,59734,34,316156
1019,0.00071,74.125.200.0-255,1484,61218,34,316156
1020,0.000717,74.125.200.0-255,5379,66597,34,316156
1021,0.000721,172.31.33.0-255,66,66663,34,316156
1022,0.000756,74.125.200.0-255,4320,70983,34,316156
1023,0.00076,172.31.33.0-255,66,71049,34,316156
1024,0.000782,74.125.200.0-255,5738,76787,34,316156
1025,0.000786,172.31.33.0-255,66,76853,34,316156
1026,0.000812,74.125.200.0-255,1484,78337,34,316156
1027,0.000829,74.125.200.0-255,5379,83716,34,316156
1028,0.000832,74.125.200.0-255,1484,85200,34,316156
1029,0.000833,172.31.33.0-255,66,85266,34,316156
1030,0.000851,74.125.200.0-255,5738,91004,34,316156
1031,0.000854,172.31.33.0-255,66,91070,34,316156
1032,0.00089,74.125.200.0-255,5738,96808,34,316156
1033,0.000894,172.31.33.0-255,66,96874,34,316156
1034,0.000915,74.125.200.0-255,4543,101417,34,316156
1035,0.000918,172.31.33.0-255,66,101483,34,316156
1036,0.000987,74.125.200.0-255,1484,102967,34,316156
1037,0.000999,74.125.200.0-255,2902,105869,34,316156
1038,0.001002,172.31.33.0-255,66,105935,34,316156
1039,0.001005,74.125.200.0-255,1484,107419,34,316156
1040,0.001023,74.125.200.0-255,2902,110321,34,316156
1041,0.001026,172.31.33.0-255,66,110387,34,316156
1042,0.001062,74.125.200.0-255,4320,114707,34,316156
1043,0.001065,172.31.33.0-255,66,114773,34,316156
1044,0.001082,74.125.200.0-255,3396,118169,34,316156
1045,0.001085,172.31.33.0-255,66,118235,34,316156
1046,0.001177,74.125.200.0-255,1484,119719,34,316156
1047,0.001183,74.125.200.0-255,1484,121203,34,316156
1048,0.001185,172.31.33.0-255,66,121269,34,316156
1049,0.001204,74.125.200.0-255,1484,122753,34,316156
1050,0.001209,74.125.200.0-255,5738,128491,34,316156
1051,0.001211,172.31.33.0-255,66,128557,34,316156
1052,0.001215,74.125.200.0-255,2902,131459,34,316156
1053,0.001216,172.31.33.0-255,66,131525,34,316156
1054,0.001239,74.125.200.0-255,2902,134427,34,316156
1055,0.001241,172.31.33.0-255,66,134493,34,316156
1056,0.001264,74.125.200.0-255,7156,141649,34,316156
1057,0.001267,172.31.33.0-255,66,141715,34,316156
1058,0.00127,74.125.200.0-255,1484,143199,34,316156
1059,0.00129,172.31.33.0-255,66,143265,34,316156
1060,0.001483,74.125.200.0-255,1484,144749,34,316156
1061,0.001488,74.125.200.0-255,1484,146233,34,316156
1062,0.001491,172.31.33.0-255,66,146299,34,316156
1063,0.001508,74.125.200.0-255,1484,147783,34,316156
1064,0.001513,74.125.200.0-255,5738,153521,34,316156
1065,0.001515,172.31.33.0-255,66,153587,34,316156
1066,0.001519,74.125.200.0-255,2902,156489,34,316156
1067,0.001521,172.31.33.0-255,66,156555,34,316156
1068,0.00154,74.125.200.0-255,2902,159457,34,316156
1069,0.001542,172.31.33.0-255,66,159523,34,316156
1070,0.001565,74.125.200.0-255,7156,166679,34,316156
1071,0.001567,172.31.33.0-255,66,166745,34,316156
1072,0.001588,74.125.200.0-255,7156,173901,34,316156
1073,0.001592,172.31.33.0-255,66,173967,34,316156
1074,0.001613,74.125.200.0-255,2902,176869,34,316156
1075,0.001616,172.31.33.0-255,66,176935,34,316156
1076,0.001619,74.125.200.0-255,766,177701,34,316156
1077,0.001706,74.125.200.0-255,1484,179185,34,316156
1078,0.00171,172.31.33.0-255,66,179251,34,316156
1079,0.001727,74.125.200.0-255,2902,182153,34,316156
1080,0.00173,172.31.33.0-255,66,182219,34,316156
1081,0.001751,74.125.200.0-255,4320,186539,34,316156
1082,0.001753,172.31.33.0-255,66,186605,34,316156
1083,0.001768,74.125.200.0-255,4320,190925,34,316156
1084,0.00177,172.31.33.0-255,66,190991,34,316156
1085,0.001787,74.125.200.0-255,4320,195311,34,316156
1086,0.001789,172.31.33.0-255,66,195377,34,316156
1087,0.001793,74.125.200.0-255,4320,199697,34,316156
1088,0.001794,172.31.33.0-255,66,199763,34,316156
1089,0.00183,74.125.200.0-255,2902,202665,34,316156
1090,0.001832,172.31.33.0-255,66,202731,34,316156
1091,0.001857,172.31.33.0-255,66,202797,34,316156
1092,0.001878,74.125.200.0-255,1484,204281,34,316156
1093,0.001881,74.125.200.0-255,1484,205765,34,316156
1094,0.001882,172.31.33.0-255,66,205831,34,316156
1095,0.001899,74.125.200.0-255,1484,207315,34,316156
1096,0.001903,74.125.200.0-255,2902,210217,34,316156
1097,0.001905,172.31.33.0-255,66,210283,34,316156
1098,0.001917,74.125.200.0-255,2902,213185,34,316156
1099,0.001918,172.31.33.0-255,66,213251,34,316156
1100,0.001921,74.125.200.0-255,1484,214735,34,316156
1101,0.001947,74.125.200.0-255,7156,221891,34,316156
1102,0.001949,172.31.33.0-255,66,221957,34,316156
1103,0.001987,74.125.200.0-255,7156,229113,34,316156
1104,0.001989,172.31.33.0-255,66,229179,34,316156
1105,0.001999,74.125.200.0-255,2902,232081,34,316156
1106,0.002001,172.31.33.0-255,66,232147,34,316156
1107,0.002019,74.125.200.0-255,5020,237167,34,316156
1108,0.002021,172.31.33.0-255,66,237233,34,316156
1109,0.002034,74.125.200.0-255,1484,238717,34,316156
1110,0.002046,74.125.200.0-255,2902,241619,34,316156
1111,0.002048,172.31.33.0-255,66,241685,34,316156
1112,0.002063,74.125.200.0-255,1484,243169,34,316156
1113,0.002095,74.125.200.0-255,4320,247489,34,316156
1114,0.002099,172.31.33.0-255,66,247555,34,316156
1115,0.002105,74.125.200.0-255,7156,254711,34,316156
1116,0.002106,172.31.33.0-255,66,254777,34,316156
1117,0.002109,74.125.200.0-255,1484,256261,34,316156
1118,0.002125,74.125.200.0-255,7156,263417,34,316156
1119,0.002127,172.31.33.0-255,66,263483,34,316156
1120,0.002154,172.31.33.0-255,66,263549,34,316156
1121,0.002186,74.125.200.0-255,1484,265033,34,316156
1122,0.002212,74.125.200.0-255,2902,267935,34,316156
1123,0.002217,172.31.33.0-255,66,268001,34,316156
1124,0.002225,74.125.200.0-255,5738,273739,34,316156
1125,0.002228,172.31.33.0-255,66,273805,34,316156
1126,0.002232,74.125.200.0-255,2902,276707,34,316156
1127,0.002236,172.31.33.0-255,66,276773,34,316156
1128,0.002263,74.125.200.0-255,4320,281093,34,316156
1129,0.002267,172.31.33.0-255,66,281159,34,316156
1130,0.002281,172.31.33.0-255,66,281225,34,316156
1131,0.002292,172.31.33.0-255,66,281291,34,316156
1132,0.002423,74.125.200.0-255,1484,282775,34,316156
1133,0.00244,74.125.200.0-255,2902,285677,34,316156
1134,0.002442,172.31.33.0-255,66,285743,34,316156
1135,0.002448,74.125.200.0-255,4320,290063,34,316156
1136,0.002451,172.31.33.0-255,66,290129,34,316156
1137,0.002466,74.125.200.0-255,1484,291613,34,316156
1138,0.002506,172.31.33.0-255,66,291679,34,316156
1139,0.002571,172.31.33.0-255,66,291745,34,316156
1140,0.002581,74.125.200.0-255,5738,297483,34,316156
1141,0.002586,172.31.33.0-255,66,297549,34,316156
1142,0.002606,74.125.200.0-255,1484,299033,34,316156
1143,0.002669,172.31.33.0-255,66,299099,34,316156
1144,0.002677,74.125.200.0-255,3602,302701,34,316156
1145,0.002682,172.31.33.0-255,66,302767,34,316156
1146,0.00269,74.125.200.0-255,4320,307087,34,316156
1147,0.002696,172.31.33.0-255,66,307153,34,316156
1148,0.002705,74.125.200.0-255,5738,312891,34,316156
1149,0.00271,172.31.33.0-255,66,312957,34,316156
1150,0.002712,74.125.200.0-255,1484,314441,34,316156
1151,0.002715,74.125.200.0-255,1276,315717,34,316156
1152,0.002718,172.31.33.0-255,66,315783,34,316156
1153,0.002721,74.125.200.0-255,97,315880,34,316156
1154,0.002724,74.125.200.0-255,105,315985,34,316156
1155,0.008761,172.31.33.0-255,66,316051,34,316156
1156,0.008794,172.31.33.0-255,105,316156,34,316156
1157,0.0,74.125.68.0-255,153,153,34,327033
1158,2.3e-05,172.31.33.0-255,66,219,34,327033
1159,3e-05,74.125.68.0-255,1484,1703,34,327033
1160,3.4e-05,172.31.33.0-255,66,1769,34,327033
1161,6.5e-05,74.125.68.0-255,2902,4671,34,327033
1162,6.8e-05,172.31.33.0-255,66,4737,34,327033
1163,7.3e-05,74.125.68.0-255,5738,10475,34,327033
1164,7.5e-05,172.31.33.0-255,66,10541,34,327033
1165,0.000105,74.125.68.0-255,3410,13951,34,327033
1166,0.000108,172.31.33.0-255,66,14017,34,327033
1167,0.000133,74.125.68.0-255,1484,15501,34,327033
1168,0.000136,172.31.33.0-255,66,15567,34,327033
1169,0.000159,74.125.68.0-255,2902,18469,34,327033
1170,0.000162,172.31.33.0-255,66,18535,34,327033
1171,0.000198,74.125.68.0-255,2902,21437,34,327033
1172,0.0002,172.31.33.0-255,66,21503,34,327033
1173,0.00023,74.125.68.0-255,2902,24405,34,327033
1174,0.000235,172.31.33.0-255,66,24471,34,327033
1175,0.000242,74.125.68.0-255,6797,31268,34,327033
1176,0.000246,172.31.33.0-255,66,31334,34,327033
1177,0.000329,74.125.68.0-255,1484,32818,34,327033
1178,0.000333,172.31.33.0-255,66,32884,34,327033
1179,0.000338,74.125.68.0-255,1484,34368,34,327033
1180,0.00034,172.31.33.0-255,66,34434,34,327033
1181,0.000343,74.125.68.0-255,1484,35918,34,327033
1182,0.000346,172.31.33.0-255,66,35984,34,327033
1183,0.000375,74.125.68.0-255,1484,37468,34,327033
1184,0.000378,172.31.33.0-255,66,37534,34,327033
1185,0.000386,74.125.68.0-255,5738,43272,34,327033
1186,0.000389,172.31.33.0-255,66,43338,34,327033
1187,0.000393,74.125.68.0-255,2902,46240,34,327033
1188,0.000396,172.31.33.0-255,66,46306,34,327033
1189,0.000429,74.125.68.0-255,2543,48849,34,327033
1190,0.000432,172.31.33.0-255,66,48915,34,327033
1191,0.00044,74.125.68.0-255,5738,54653,34,327033
1192,0.000442,172.31.33.0-255,66,54719,34,327033
1193,0.000447,74.125.68.0-255,4320,59039,34,327033
1194,0.000451,172.31.33.0-255,66,59105,34,327033
1195,0.000479,74.125.68.0-255,4320,63425,34,327033
1196,0.000483,172.31.33.0-255,66,63491,34,327033
1197,0.000505,74.125.68.0-255,3125,66616,34,327033
1198,0.000508,172.31.33.0-255,66,66682,34,327033
1199,0.000923,74.125.68.0-255,1484,68166,34,327033
1200,0.000934,74.125.68.0-255,2902,71068,34,327033
1201,0.000938,172.31.33.0-255,66,71134,34,327033
1202,0.000971,74.125.68.0-255,5738,76872,34,327033
1203,0.000975,172.31.33.0-255,66,76938,34,327033
1204,0.000983,74.125.68.0-255,7156,84094,34,327033
1205,0.000986,172.31.33.0-255,66,84160,34,327033
1206,0.001024,172.31.33.0-255,66,84226,34,327033
1207,0.001052,74.125.68.0-255,2184,86410,34,327033
1208,0.001055,172.31.33.0-255,66,86476,34,327033
1209,0.002147,74.125.68.0-255,1484,87960,34,327033
1210,0.002154,74.125.68.0-255,1484,89444,34,327033
1211,0.002157,172.31.33.0-255,66,89510,34,327033
1212,0.002182,74.125.68.0-255,1484,90994,34,327033
1213,0.002184,74.125.68.0-255,1484,92478,34,327033
1214,0.002186,172.31.33.0-255,66,92544,34,327033
1215,0.00221,74.125.68.0-255,2902,95446,34,327033
1216,0.002227,172.31.33.0-255,66,95512,34,327033
1217,0.002232,74.125.68.0-255,2902,98414,34,327033
1218,0.002234,172.31.33.0-255,66,98480,34,327033
1219,0.002284,74.125.68.0-255,4320,102800,34,327033
1220,0.002287,172.31.33.0-255,66,102866,34,327033
1221,0.002296,74.125.68.0-255,4320,107186,34,327033
1222,0.002298,172.31.33.0-255,66,107252,34,327033
1223,0.0023,74.125.68.0-255,1484,108736,34,327033
1224,0.002324,74.125.68.0-255,1484,110220,34,327033
1225,0.002327,172.31.33.0-255,66,110286,34,327033
1226,0.00235,74.125.68.0-255,1484,111770,34,327033
1227,0.002362,74.125.68.0-255,1484,113254,34,327033
1228,0.002363,172.31.33.0-255,66,113320,34,327033
1229,0.002366,74.125.68.0-255,1484,114804,34,327033
1230,0.002385,74.125.68.0-255,2902,117706,34,327033
1231,0.002387,172.31.33.0-255,66,117772,34,327033
1232,0.002408,74.125.68.0-255,3602,121374,34,327033
1233,0.00241,172.31.33.0-255,66,121440,34,327033
1234,0.002681,74.125.68.0-255,1484,122924,34,327033
1235,0.002703,74.125.68.0-255,2902,125826,34,327033
1236,0.002705,172.31.33.0-255,66,125892,34,327033
1237,0.002708,74.125.68.0-255,1484,127376,34,327033
1238,0.002724,74.125.68.0-255,1484,128860,34,327033
1239,0.002726,172.31.33.0-255,66,128926,34,327033
1240,0.002737,74.125.68.0-255,2902,131828,34,327033
1241,0.002742,172.31.33.0-255,66,131894,34,327033
1242,0.002764,74.125.68.0-255,4320,136214,34,327033
1243,0.002766,172.31.33.0-255,66,136280,34,327033
1244,0.002791,74.125.68.0-255,1484,137764,34,327033
1245,0.002794,74.125.68.0-255,2902,140666,34,327033
1246,0.002796,172.31.33.0-255,66,140732,34,327033
1247,0.002799,74.125.68.0-255,1484,142216,34,327033
1248,0.002803,74.125.68.0-255,5738,147954,34,327033
1249,0.002805,172.31.33.0-255,66,148020,34,327033
1250,0.002835,74.125.68.0-255,7156,155176,34,327033
1251,0.002837,172.31.33.0-255,66,155242,34,327033
1252,0.002859,74.125.68.0-255,766,156008,34,327033
1253,0.002864,74.125.68.0-255,5738,161746,34,327033
1254,0.002866,172.31.33.0-255,66,161812,34,327033
1255,0.00289,74.125.68.0-255,2902,164714,34,327033
1256,0.002892,172.31.33.0-255,66,164780,34,327033
1257,0.002897,74.125.68.0-255,4320,169100,34,327033
1258,0.002898,172.31.33.0-255,66,169166,34,327033
1259,0.002904,74.125.68.0-255,5738,174904,34,327033
1260,0.002906,172.31.33.0-255,66,174970,34,327033
1261,0.002942,172.31.33.0-255,66,175036,34,327033
1262,0.002947,74.125.68.0-255,3602,178638,34,327033
1263,0.002948,172.31.33.0-255,66,178704,34,327033
1264,0.002981,74.125.68.0-255,1484,180188,34,327033
1265,0.002995,74.125.68.0-255,2902,183090,34,327033
1266,0.002997,172.31.33.0-255,66,183156,34,327033
1267,0.003024,74.125.68.0-255,5738,188894,34,327033
1268,0.003026,172.31.33.0-255,66,188960,34,327033
1269,0.003031,74.125.68.0-255,5738,194698,34,327033
1270,0.003033,172.31.33.0-255,66,194764,34,327033
1271,0.00307,74.125.68.0-255,5738,200502,34,327033
1272,0.003072,172.31.33.0-255,66,200568,34,327033
1273,0.003093,74.125.68.0-255,1484,202052,34,327033
1274,0.003097,74.125.68.0-255,4320,206372,34,327033
1275,0.003099,172.31.33.0-255,66,206438,34,327033
1276,0.003104,74.125.68.0-255,5738,212176,34,327033
1277,0.003106,172.31.33.0-255,66,212242,34,327033
1278,0.003129,74.125.68.0-255,2184,214426,34,327033
1279,0.003131,172.31.33.0-255,66,214492,34,327033
1280,0.003149,74.125.68.0-255,2902,217394,34,327033
1281,0.003151,172.31.33.0-255,66,217460,34,327033
1282,0.003156,74.125.68.0-255,4320,221780,34,327033
1283,0.003157,172.31.33.0-255,66,221846,34,327033
1284,0.003185,74.125.68.0-255,2902,224748,34,327033
1285,0.003187,172.31.33.0-255,66,224814,34,327033
1286,0.003205,74.125.68.0-255,7156,231970,34,327033
1287,0.003207,172.31.33.0-255,66,232036,34,327033
1288,0.003217,172.31.33.0-255,66,232102,34,327033
1289,0.00324,74.125.68.0-255,6438,238540,34,327033
1290,0.003242,172.31.33.0-255,66,238606,34,327033
1291,0.003282,74.125.68.0-255,5738,244344,34,327033
1292,0.003284,172.31.33.0-255,66,244410,34,327033
1293,0.003288,74.125.68.0-255,1484,245894,34,327033
1294,0.0033,74.125.68.0-255,2902,248796,34,327033
1295,0.003309,172.31.33.0-255,66,248862,34,327033
1296,0.003315,74.125.68.0-255,5738,254600,34,327033
1297,0.003317,172.31.33.0-255,66,254666,34,327033
1298,0.003348,74.125.68.0-255,2902,257568,34,327033
1299,0.003351,172.31.33.0-255,66,257634,34,327033
1300,0.003354,74.125.68.0-255,1484,259118,34,327033
1301,0.00336,74.125.68.0-255,5738,264856,34,327033
1302,0.003362,172.31.33.0-255,66,264922,34,327033
1303,0.003418,172.31.33.0-255,66,264988,34,327033
1304,0.003422,74.125.68.0-255,2902,267890,34,327033
1305,0.003424,172.31.33.0-255,66,267956,34,327033
1306,0.003442,74.125.68.0-255,5738,273694,34,327033
1307,0.003445,172.31.33.0-255,66,273760,34,327033
1308,0.003448,74.125.68.0-255,2902,276662,34,327033
1309,0.003451,172.31.33.0-255,66,276728,34,327033
1310,0.003526,74.125.68.0-255,1484,278212,34,327033
1311,0.003545,74.125.68.0-255,2902,281114,34,327033
1312,0.003571,74.125.68.0-255,5738,286852,34,327033
1313,0.003585,74.125.68.0-255,1484,288336,34,327033
1314,0.003609,74.125.68.0-255,7156,295492,34,327033
1315,0.003643,74.125.68.0-255,5020,300512,34,327033
1316,0.003667,74.125.68.0-255,5738,306250,34,327033
1317,0.003689,74.125.68.0-255,4320,310570,34,327033
1318,0.003711,74.125.68.0-255,7156,317726,34,327033
1319,0.003742,74.125.68.0-255,5738,323464,34,327033
1320,0.003762,74.125.68.0-255,3398,326862,34,327033
1321,0.00379,74.125.68.0-255,105,326967,34,327033
1322,0.00911,172.31.33.0-255,66,327033,34,327033
1323,0.0,172.217.194.0-255,219,219,34,265256
1324,2.7e-05,172.31.33.0-255,66,285,34,265256
1325,3.4e-05,172.217.194.0-255,1484,1769,34,265256
1326,3.9e-05,172.31.33.0-255,66,1835,34,265256
1327,4.5e-05,172.217.194.0-255,4320,6155,34,265256
1328,4.7e-05,172.31.33.0-255,66,6221,34,265256
1329,8.5e-05,172.217.194.0-255,7156,13377,34,265256
1330,8.8e-05,172.31.33.0-255,66,13443,34,265256
1331,0.00011,172.31.33.0-255,66,13509,34,265256
1332,0.000141,172.217.194.0-255,2902,16411,34,265256
1333,0.000144,172.31.33.0-255,66,16477,34,265256
1334,0.000179,172.217.194.0-255,5738,22215,34,265256
1335,0.000182,172.31.33.0-255,66,22281,34,265256
1336,0.000186,172.217.194.0-255,1125,23406,34,265256
1337,0.000189,172.31.33.0-255,66,23472,34,265256
1338,0.002649,172.217.194.0-255,1484,24956,34,265256
1339,0.002655,172.31.33.0-255,66,25022,34,265256
1340,0.002666,172.217.194.0-255,2902,27924,34,265256
1341,0.002668,172.31.33.0-255,66,27990,34,265256
1342,0.002675,172.217.194.0-255,5738,33728,34,265256
1343,0.002677,172.31.33.0-255,66,33794,34,265256
1344,0.002705,172.31.33.0-255,66,33860,34,265256
1345,0.002723,172.217.194.0-255,1484,35344,34,265256
1346,0.002725,172.31.33.0-255,66,35410,34,265256
1347,0.002735,172.31.33.0-255,66,35476,34,265256
1348,0.002737,172.217.194.0-255,766,36242,34,265256
1349,0.002739,172.31.33.0-255,66,36308,34,265256
1350,0.003201,172.217.194.0-255,364,36672,34,265256
1351,0.003205,172.31.33.0-255,66,36738,34,265256
1352,0.003237,172.217.194.0-255,1484,38222,34,265256
1353,0.003259,172.217.194.0-255,4320,42542,34,265256
1354,0.003262,172.217.194.0-255,1484,44026,34,265256
1355,0.003278,172.217.194.0-255,5738,49764,34,265256
1356,0.003298,172.217.194.0-255,5738,55502,34,265256
1357,0.003314,172.217.194.0-255,2902,58404,34,265256
1358,0.003328,172.217.194.0-255,4320,62724,34,265256
1359,0.004743,172.31.33.0-255,66,62790,34,265256
1360,0.004826,172.217.194.0-255,1484,64274,34,265256
1361,0.004842,172.217.194.0-255,2902,67176,34,265256
1362,0.004846,172.217.194.0-255,2902,70078,34,265256
1363,0.004849,172.31.33.0-255,66,70144,34,265256
1364,0.004854,172.31.33.0-255,66,70210,34,265256
1365,0.004869,172.217.194.0-255,7156,77366,34,265256
1366,0.00488,172.31.33.0-255,66,77432,34,265256
1367,0.004911,172.217.194.0-255,4320,81752,34,265256
1368,0.004916,172.31.33.0-255,66,81818,34,265256
1369,0.00494,172.217.194.0-255,6438,88256,34,265256
1370,0.004941,172.31.33.0-255,66,88322,34,265256
1371,0.004947,172.31.33.0-255,66,88388,34,265256
1372,0.004968,172.217.194.0-255,4320,92708,34,265256
1373,0.004979,172.31.33.0-255,66,92774,34,265256
1374,0.004995,172.217.194.0-255,5738,98512,34,265256
1375,0.005001,172.217.194.0-255,5738,104250,34,265256
1376,0.005001,172.31.33.0-255,66,104316,34,265256
1377,0.005002,172.217.194.0-255,1484,105800,34,265256
1378,0.005004,172.31.33.0-255,66,105866,34,265256
1379,0.005045,172.217.194.0-255,2902,108768,34,265256
1380,0.005056,172.31.33.0-255,66,108834,34,265256
1381,0.005073,172.217.194.0-255,766,109600,34,265256
1382,0.005078,172.31.33.0-255,66,109666,34,265256
1383,0.005187,172.217.194.0-255,1484,111150,34,265256
1384,0.005191,172.217.194.0-255,1484,112634,34,265256
1385,0.005198,172.31.33.0-255,66,112700,34,265256
1386,0.005204,172.217.194.0-255,1484,114184,34,265256
1387,0.005217,172.217.194.0-255,4320,118504,34,265256
1388,0.00522,172.31.33.0-255,66,118570,34,265256
1389,0.005234,172.217.194.0-255,4320,122890,34,265256
1390,0.005237,172.31.33.0-255,66,122956,34,265256
1391,0.005256,172.217.194.0-255,4320,127276,34,265256
1392,0.005259,172.31.33.0-255,66,127342,34,265256
1393,0.00527,172.217.194.0-255,2902,130244,34,265256
1394,0.005279,172.31.33.0-255,66,130310,34,265256
1395,0.0053,172.31.33.0-255,66,130376,34,265256
1396,0.005355,172.217.194.0-255,2902,133278,34,265256
1397,0.005361,172.31.33.0-255,66,133344,34,265256
1398,0.005372,172.217.194.0-255,766,134110,34,265256
1399,0.005442,172.217.194.0-255,1484,135594,34,265256
1400,0.005445,172.31.33.0-255,66,135660,34,265256
1401,0.00545,172.217.194.0-255,2902,138562,34,265256
1402,0.005458,172.31.33.0-255,66,138628,34,265256
1403,0.005498,172.217.194.0-255,5738,144366,34,265256
1404,0.005501,172.217.194.0-255,1484,145850,34,265256
1405,0.005507,172.31.33.0-255,66,145916,34,265256
1406,0.005519,172.217.194.0-255,5738,151654,34,265256
1407,0.005523,172.217.194.0-255,4320,155974,34,265256
1408,0.005529,172.31.33.0-255,66,156040,34,265256
1409,0.005582,172.217.194.0-255,4320,160360,34,265256
1410,0.005585,172.31.33.0-255,66,160426,34,265256
1411,0.005614,172.31.33.0-255,66,160492,34,265256
1412,0.005625,172.31.33.0-255,66,160558,34,265256
1413,0.005639,172.217.194.0-255,1484,162042,34,265256
1414,0.005648,172.217.194.0-255,4320,166362,34,265256
1415,0.005651,172.31.33.0-255,66,166428,34,265256
1416,0.005686,172.217.194.0-255,5738,172166,34,265256
1417,0.005689,172.31.33.0-255,66,172232,34,265256
1418,0.005725,172.31.33.0-255,66,172298,34,265256
1419,0.005779,172.217.194.0-255,1484,173782,34,265256
1420,0.00582,172.217.194.0-255,2902,176684,34,265256
1421,0.005823,172.31.33.0-255,66,176750,34,265256
1422,0.005841,172.217.194.0-255,4320,181070,34,265256
1423,0.00585,172.31.33.0-255,66,181136,34,265256
1424,0.005883,172.217.194.0-255,7156,188292,34,265256
1425,0.005888,172.31.33.0-255,66,188358,34,265256
1426,0.005897,172.217.194.0-255,1484,189842,34,265256
1427,0.005913,172.217.194.0-255,5738,195580,34,265256
1428,0.005918,172.31.33.0-255,66,195646,34,265256
1429,0.005925,172.217.194.0-255,4320,199966,34,265256
1430,0.005931,172.31.33.0-255,66,200032,34,265256
1431,0.005935,172.217.194.0-255,1484,201516,34,265256
1432,0.005951,172.217.194.0-255,4320,205836,34,265256
1433,0.005954,172.31.33.0-255,66,205902,34,265256
1434,0.005962,172.217.194.0-255,766,206668,34,265256
1435,0.006187,172.217.194.0-255,1484,208152,34,265256
1436,0.006191,172.31.33.0-255,66,208218,34,265256
1437,0.006196,172.217.194.0-255,2902,211120,34,265256
1438,0.006204,172.31.33.0-255,66,211186,34,265256
1439,0.006208,172.217.194.0-255,4320,215506,34,265256
1440,0.006216,172.31.33.0-255,66,215572,34,265256
1441,0.006223,172.217.194.0-255,1484,217056,34,265256
1442,0.006235,172.217.194.0-255,2902,219958,34,265256
1443,0.006241,172.31.33.0-255,66,220024,34,265256
1444,0.006257,172.217.194.0-255,2902,222926,34,265256
1445,0.006261,172.31.33.0-255,66,222992,34,265256
1446,0.006269,172.217.194.0-255,1484,224476,34,265256
1447,0.006274,172.217.194.0-255,5738,230214,34,265256
1448,0.006276,172.31.33.0-255,66,230280,34,265256
1449,0.006301,172.217.194.0-255,2902,233182,34,265256
1450,0.006307,172.217.194.0-255,7156,240338,34,265256
1451,0.006307,172.31.33.0-255,66,240404,34,265256
1452,0.006311,172.31.33.0-255,66,240470,34,265256
1453,0.006356,172.217.194.0-255,1484,241954,34,265256
1454,0.006385,172.31.33.0-255,66,242020,34,265256
1455,0.006393,172.217.194.0-255,2184,244204,34,265256
1456,0.006396,172.217.194.0-255,1484,245688,34,265256
1457,0.006397,172.31.33.0-255,66,245754,34,265256
1458,0.00643,172.31.33.0-255,66,245820,34,265256
1459,0.006519,172.217.194.0-255,1484,247304,34,265256
1460,0.006535,172.217.194.0-255,2902,250206,34,265256
1461,0.006538,172.31.33.0-255,66,250272,34,265256
1462,0.006553,172.217.194.0-255,5738,256010,34,265256
1463,0.006562,172.31.33.0-255,66,256076,34,265256
1464,0.006604,172.217.194.0-255,5738,261814,34,265256
1465,0.006606,172.31.33.0-255,66,261880,34,265256
1466,0.006621,172.217.194.0-255,2902,264782,34,265256
1467,0.006627,172.31.33.0-255,66,264848,34,265256
1468,0.00667,172.31.33.0-255,66,264914,34,265256
1469,0.00675,172.217.194.0-255,105,265019,34,265256
1470,0.007401,172.31.33.0-255,66,265085,34,265256
1471,0.007428,172.31.33.0-255,105,265190,34,265256
1472,0.009705,172.217.194.0-255,66,265256,34,265256
1473,0.0,172.217.194.0-255,153,153,34,184200
1474,2e-05,172.31.33.0-255,66,219,34,184200
1475,5.1e-05,172.217.194.0-255,1484,1703,34,184200
1476,5.5e-05,172.31.33.0-255,66,1769,34,184200
1477,6.1e-05,172.217.194.0-255,2902,4671,34,184200
1478,6.3e-05,172.31.33.0-255,66,4737,34,184200
1479,7e-05,172.217.194.0-255,7156,11893,34,184200
1480,7.3e-05,172.31.33.0-255,66,11959,34,184200
1481,7.9e-05,172.217.194.0-255,4943,16902,34,184200
1482,8.2e-05,172.31.33.0-255,66,16968,34,184200
1483,0.000101,172.217.194.0-255,5738,22706,34,184200
1484,0.000103,172.31.33.0-255,66,22772,34,184200
1485,0.000125,172.31.33.0-255,66,22838,34,184200
1486,0.000202,172.217.194.0-255,1484,24322,34,184200
1487,0.000205,172.31.33.0-255,66,24388,34,184200
1488,0.00021,172.217.194.0-255,2902,27290,34,184200
1489,0.000213,172.31.33.0-255,66,27356,34,184200
1490,0.000218,172.217.194.0-255,4320,31676,34,184200
1491,0.00022,172.31.33.0-255,66,31742,34,184200
1492,0.000234,172.217.194.0-255,1484,33226,34,184200
1493,0.000236,172.31.33.0-255,66,33292,34,184200
1494,0.000242,172.217.194.0-255,5738,39030,34,184200
1495,0.000244,172.31.33.0-255,66,39096,34,184200
1496,0.000248,172.217.194.0-255,2902,41998,34,184200
1497,0.000249,172.31.33.0-255,66,42064,34,184200
1498,0.000285,172.31.33.0-255,66,42130,34,184200
1499,0.000291,172.217.194.0-255,5332,47462,34,184200
1500,0.000294,172.31.33.0-255,66,47528,34,184200
1501,0.000445,172.217.194.0-255,365,47893,34,184200
1502,0.000449,172.31.33.0-255,66,47959,34,184200
1503,0.000591,172.217.194.0-255,1484,49443,34,184200
1504,0.000597,172.217.194.0-255,2902,52345,34,184200
1505,0.0006,172.31.33.0-255,66,52411,34,184200
1506,0.000613,172.217.194.0-255,1484,53895,34,184200
1507,0.000632,172.217.194.0-255,4320,58215,34,184200
1508,0.000634,172.31.33.0-255,66,58281,34,184200
1509,0.000653,172.217.194.0-255,7156,65437,34,184200
1510,0.000655,172.31.33.0-255,66,65503,34,184200
1511,0.000679,172.217.194.0-255,4320,69823,34,184200
1512,0.000681,172.31.33.0-255,66,69889,34,184200
1513,0.000693,172.31.33.0-255,66,69955,34,184200
1514,0.000879,172.217.194.0-255,1484,71439,34,184200
1515,0.000884,172.217.194.0-255,2902,74341,34,184200
1516,0.000887,172.31.33.0-255,66,74407,34,184200
1517,0.000911,172.217.194.0-255,5738,80145,34,184200
1518,0.000914,172.31.33.0-255,66,80211,34,184200
1519,0.00094,172.31.33.0-255,66,80277,34,184200
1520,0.000951,172.217.194.0-255,4320,84597,34,184200
1521,0.000953,172.31.33.0-255,66,84663,34,184200
1522,0.000964,172.31.33.0-255,66,84729,34,184200
1523,0.001041,172.217.194.0-255,1484,86213,34,184200
1524,0.001044,172.217.194.0-255,1484,87697,34,184200
1525,0.001046,172.31.33.0-255,66,87763,34,184200
1526,0.001062,172.217.194.0-255,1484,89247,34,184200
1527,0.001067,172.217.194.0-255,5738,94985,34,184200
1528,0.001069,172.31.33.0-255,66,95051,34,184200
1529,0.001097,172.31.33.0-255,66,95117,34,184200
1530,0.0011,172.217.194.0-255,1484,96601,34,184200
1531,0.00112,172.217.194.0-255,5738,102339,34,184200
1532,0.001122,172.31.33.0-255,66,102405,34,184200
1533,0.001143,172.217.194.0-255,3602,106007,34,184200
1534,0.001146,172.31.33.0-255,66,106073,34,184200
1535,0.001209,172.217.194.0-255,1484,107557,34,184200
1536,0.001215,172.217.194.0-255,2902,110459,34,184200
1537,0.001218,172.31.33.0-255,66,110525,34,184200
1538,0.001223,172.217.194.0-255,4320,114845,34,184200
1539,0.001225,172.31.33.0-255,66,114911,34,184200
1540,0.001249,172.217.194.0-255,1484,116395,34,184200
1541,0.001262,172.31.33.0-255,66,116461,34,184200
1542,0.001266,172.217.194.0-255,2902,119363,34,184200
1543,0.001268,172.31.33.0-255,66,119429,34,184200
1544,0.001285,172.217.194.0-255,7156,126585,34,184200
1545,0.001288,172.31.33.0-255,66,126651,34,184200
1546,0.001291,172.217.194.0-255,766,127417,34,184200
1547,0.00154,172.217.194.0-255,1484,128901,34,184200
1548,0.001543,172.31.33.0-255,66,128967,34,184200
1549,0.001561,172.217.194.0-255,2902,131869,34,184200
1550,0.001563,172.31.33.0-255,66,131935,34,184200
1551,0.001567,172.217.194.0-255,2902,134837,34,184200
1552,0.001569,172.31.33.0-255,66,134903,34,184200
1553,0.001593,172.217.194.0-255,2902,137805,34,184200
1554,0.001595,172.31.33.0-255,66,137871,34,184200
1555,0.001607,172.31.33.0-255,66,137937,34,184200
1556,0.001635,172.31.33.0-255,66,138003,34,184200
1557,0.001808,172.217.194.0-255,1484,139487,34,184200
1558,0.001813,172.217.194.0-255,1484,140971,34,184200
1559,0.001815,172.31.33.0-255,66,141037,34,184200
1560,0.001827,172.217.194.0-255,1484,142521,34,184200
1561,0.001831,172.217.194.0-255,2902,145423,34,184200
1562,0.001833,172.31.33.0-255,66,145489,34,184200
1563,0.001855,172.217.194.0-255,2902,148391,34,184200
1564,0.001858,172.31.33.0-255,66,148457,34,184200
1565,0.001862,172.217.194.0-255,4320,152777,34,184200
1566,0.001864,172.31.33.0-255,66,152843,34,184200
1567,0.001892,172.31.33.0-255,66,152909,34,184200
1568,0.001902,172.31.33.0-255,66,152975,34,184200
1569,0.00193,172.217.194.0-255,7156,160131,34,184200
1570,0.001932,172.31.33.0-255,66,160197,34,184200
1571,0.001966,172.31.33.0-255,66,160263,34,184200
1572,0.001971,172.217.194.0-255,4320,164583,34,184200
1573,0.001973,172.31.33.0-255,66,164649,34,184200
1574,0.00199,172.217.194.0-255,7156,171805,34,184200
1575,0.001993,172.31.33.0-255,66,171871,34,184200
1576,0.002002,172.217.194.0-255,766,172637,34,184200
1577,0.002005,172.217.194.0-255,1484,174121,34,184200
1578,0.002007,172.31.33.0-255,66,174187,34,184200
1579,0.002073,172.31.33.0-255,66,174253,34,184200
1580,0.0021,172.31.33.0-255,66,174319,34,184200
1581,0.002105,172.217.194.0-255,4320,178639,34,184200
1582,0.002107,172.31.33.0-255,66,178705,34,184200
1583,0.002135,172.31.33.0-255,66,178771,34,184200
1584,0.002147,172.217.194.0-255,2902,181673,34,184200
1585,0.00215,172.31.33.0-255,66,181739,34,184200
1586,0.002183,172.31.33.0-255,66,181805,34,184200
1587,0.002193,172.31.33.0-255,66,181871,34,184200
1588,0.002221,172.31.33.0-255,66,181937,34,184200
1589,0.002235,172.217.194.0-255,1855,183792,34,184200
1590,0.002237,172.31.33.0-255,66,183858,34,184200
1591,0.002239,172.217.194.0-255,105,183963,34,184200
1592,0.003871,172.31.33.0-255,66,184029,34,184200
1593,0.003906,172.31.33.0-255,105,184134,34,184200
1594,0.006005,172.217.194.0-255,66,184200,34,184200
1595,0.0,74.125.200.0-255,152,152,34,271042
1596,2.9e-05,172.31.33.0-255,66,218,34,271042
1597,3.6e-05,74.125.200.0-255,1484,1702,34,271042
1598,4e-05,172.31.33.0-255,66,1768,34,271042
1599,4.5e-05,74.125.200.0-255,2902,4670,34,271042
1600,4.7e-05,172.31.33.0-255,66,4736,34,271042
1601,4.9e-05,74.125.200.0-255,1484,6220,34,271042
1602,5.2e-05,172.31.33.0-255,66,6286,34,271042
1603,5.7e-05,74.125.200.0-255,2902,9188,34,271042
1604,6e-05,172.31.33.0-255,66,9254,34,271042
1605,9.1e-05,74.125.200.0-255,1484,10738,34,271042
1606,9.3e-05,172.31.33.0-255,66,10804,34,271042
1607,0.000115,74.125.200.0-255,3505,14309,34,271042
1608,0.000117,172.31.33.0-255,66,14375,34,271042
1609,0.000382,74.125.200.0-255,1484,15859,34,271042
1610,0.000386,172.31.33.0-255,66,15925,34,271042
1611,0.000391,74.125.200.0-255,2902,18827,34,271042
1612,0.000395,172.31.33.0-255,66,18893,34,271042
1613,0.000419,74.125.200.0-255,5738,24631,34,271042
1614,0.000421,172.31.33.0-255,66,24697,34,271042
1615,0.000441,74.125.200.0-255,6797,31494,34,271042
1616,0.000444,172.31.33.0-255,66,31560,34,271042
1617,0.000485,74.125.200.0-255,5738,37298,34,271042
1618,0.000488,172.31.33.0-255,66,37364,34,271042
1619,0.000501,74.125.200.0-255,1484,38848,34,271042
1620,0.000505,172.31.33.0-255,66,38914,34,271042
1621,0.000509,74.125.200.0-255,4320,43234,34,271042
1622,0.000512,172.31.33.0-255,66,43300,34,271042
1623,0.000516,74.125.200.0-255,5379,48679,34,271042
1624,0.000519,172.31.33.0-255,66,48745,34,271042
1625,0.002353,74.125.200.0-255,1484,50229,34,271042
1626,0.00236,172.31.33.0-255,66,50295,34,271042
1627,0.002367,74.125.200.0-255,2902,53197,34,271042
1628,0.002369,172.31.33.0-255,66,53263,34,271042
1629,0.002372,74.125.200.0-255,1484,54747,34,271042
1630,0.002384,74.125.200.0-255,1484,56231,34,271042
1631,0.002387,172.31.33.0-255,66,56297,34,271042
1632,0.002416,74.125.200.0-255,4320,60617,34,271042
1633,0.002418,172.31.33.0-255,66,60683,34,271042
1634,0.002422,74.125.200.0-255,2902,63585,34,271042
1635,0.00244,172.31.33.0-255,66,63651,34,271042
1636,0.002444,74.125.200.0-255,1484,65135,34,271042
1637,0.002447,74.125.200.0-255,1125,66260,34,271042
1638,0.002448,172.31.33.0-255,66,66326,34,271042
1639,0.002479,74.125.200.0-255,7156,73482,34,271042
1640,0.002482,172.31.33.0-255,66,73548,34,271042
1641,0.002486,74.125.200.0-255,2902,76450,34,271042
1642,0.002487,172.31.33.0-255,66,76516,34,271042
1643,0.002501,74.125.200.0-255,4320,80836,34,271042
1644,0.002504,172.31.33.0-255,66,80902,34,271042
1645,0.002538,172.31.33.0-255,66,80968,34,271042
1646,0.00254,74.125.200.0-255,1484,82452,34,271042
1647,0.002564,172.31.33.0-255,66,82518,34,271042
1648,0.002566,74.125.200.0-255,766,83284,34,271042
1649,0.002695,74.125.200.0-255,1484,84768,34,271042
1650,0.002698,172.31.33.0-255,66,84834,34,271042
1651,0.002701,74.125.200.0-255,1484,86318,34,271042
1652,0.002722,74.125.200.0-255,1484,87802,34,271042
1653,0.002724,172.31.33.0-255,66,87868,34,271042
1654,0.002738,74.125.200.0-255,4320,92188,34,271042
1655,0.00274,172.31.33.0-255,66,92254,34,271042
1656,0.002743,74.125.200.0-255,1484,93738,34,271042
1657,0.00276,74.125.200.0-255,2902,96640,34,271042
1658,0.002762,172.31.33.0-255,66,96706,34,271042
1659,0.002774,74.125.200.0-255,3846,100552,34,271042
1660,0.002776,172.31.33.0-255,66,100618,34,271042
1661,0.002822,172.31.33.0-255,66,100684,34,271042
1662,0.002825,74.125.200.0-255,1484,102168,34,271042
1663,0.002827,74.125.200.0-255,1484,103652,34,271042
1664,0.002829,172.31.33.0-255,66,103718,34,271042
1665,0.002876,74.125.200.0-255,2902,106620,34,271042
1666,0.002878,172.31.33.0-255,66,106686,34,271042
1667,0.002883,74.125.200.0-255,3238,109924,34,271042
1668,0.002885,172.31.33.0-255,66,109990,34,271042
1669,0.003051,74.125.200.0-255,1484,111474,34,271042
1670,0.003072,74.125.200.0-255,2902,114376,34,271042
1671,0.003074,172.31.33.0-255,66,114442,34,271042
1672,0.003093,74.125.200.0-255,4320,118762,34,271042
1673,0.003096,172.31.33.0-255,66,118828,34,271042
1674,0.00311,74.125.200.0-255,4320,123148,34,271042
1675,0.003112,172.31.33.0-255,66,123214,34,271042
1676,0.003136,74.125.200.0-255,4320,127534,34,271042
1677,0.003138,172.31.33.0-255,66,127600,34,271042
1678,0.003147,172.31.33.0-255,66,127666,34,271042
1679,0.003175,74.125.200.0-255,1484,129150,34,271042
1680,0.003189,74.125.200.0-255,6438,135588,34,271042
1681,0.003191,172.31.33.0-255,66,135654,34,271042
1682,0.003282,74.125.200.0-255,1484,137138,34,271042
1683,0.003294,74.125.200.0-255,2902,140040,34,271042
1684,0.003296,172.31.33.0-255,66,140106,34,271042
1685,0.003314,74.125.200.0-255,4320,144426,34,271042
1686,0.003316,172.31.33.0-255,66,144492,34,271042
1687,0.003329,74.125.200.0-255,1484,145976,34,271042
1688,0.003334,74.125.200.0-255,4320,150296,34,271042
1689,0.003336,172.31.33.0-255,66,150362,34,271042
1690,0.003354,74.125.200.0-255,1484,151846,34,271042
1691,0.003369,74.125.200.0-255,7156,159002,34,271042
1692,0.003371,172.31.33.0-255,66,159068,34,271042
1693,0.003389,74.125.200.0-255,2902,161970,34,271042
1694,0.003392,172.31.33.0-255,66,162036,34,271042
1695,0.003401,172.31.33.0-255,66,162102,34,271042
1696,0.003418,74.125.200.0-255,2902,165004,34,271042
1697,0.00342,172.31.33.0-255,66,165070,34,271042
1698,0.003438,74.125.200.0-255,5738,170808,34,271042
1699,0.00344,172.31.33.0-255,66,170874,34,271042
1700,0.003446,74.125.200.0-255,5738,176612,34,271042
1701,0.003448,172.31.33.0-255,66,176678,34,271042
1702,0.003455,74.125.200.0-255,7156,183834,34,271042
1703,0.003456,172.31.33.0-255,66,183900,34,271042
1704,0.003493,74.125.200.0-255,7156,191056,34,271042
1705,0.003495,172.31.33.0-255,66,191122,34,271042
1706,0.003515,74.125.200.0-255,5020,196142,34,271042
1707,0.003517,172.31.33.0-255,66,196208,34,271042
1708,0.003533,74.125.200.0-255,2902,199110,34,271042
1709,0.003535,172.31.33.0-255,66,199176,34,271042
1710,0.00355,74.125.200.0-255,5738,204914,34,271042
1711,0.003552,172.31.33.0-255,66,204980,34,271042
1712,0.003556,74.125.200.0-255,1484,206464,34,271042
1713,0.003601,172.31.33.0-255,66,206530,34,271042
1714,0.00361,172.31.33.0-255,66,206596,34,271042
1715,0.003631,74.125.200.0-255,2902,209498,34,271042
1716,0.003634,172.31.33.0-255,66,209564,34,271042
1717,0.003659,74.125.200.0-255,6438,216002,34,271042
1718,0.003662,172.31.33.0-255,66,216068,34,271042
1719,0.003666,74.125.200.0-255,2902,218970,34,271042
1720,0.003668,172.31.33.0-255,66,219036,34,271042
1721,0.00367,74.125.200.0-255,1484,220520,34,271042
1722,0.003709,172.31.33.0-255,66,220586,34,271042
1723,0.003715,74.125.200.0-255,5738,226324,34,271042
1724,0.003717,172.31.33.0-255,66,226390,34,271042
1725,0.003752,74.125.200.0-255,7156,233546,34,271042
1726,0.003755,172.31.33.0-255,66,233612,34,271042
1727,0.003783,172.31.33.0-255,66,233678,34,271042
1728,0.003849,172.31.33.0-255,66,233744,34,271042
1729,0.003859,172.31.33.0-255,66,233810,34,271042
1730,0.003886,74.125.200.0-255,1484,235294,34,271042
1731,0.003903,74.125.200.0-255,7156,242450,34,271042
1732,0.003906,172.31.33.0-255,66,242516,34,271042
1733,0.003935,172.31.33.0-255,66,242582,34,271042
1734,0.003952,74.125.200.0-255,4320,246902,34,271042
1735,0.003955,172.31.33.0-255,66,246968,34,271042
1736,0.003969,74.125.200.0-255,5738,252706,34,271042
1737,0.003972,172.31.33.0-255,66,252772,34,271042
1738,0.004009,74.125.200.0-255,4320,257092,34,271042
1739,0.004012,172.31.33.0-255,66,257158,34,271042
1740,0.004033,74.125.200.0-255,6438,263596,34,271042
1741,0.004036,172.31.33.0-255,66,263662,34,271042
1742,0.004047,172.31.33.0-255,66,263728,34,271042
1743,0.004052,74.125.200.0-255,4320,268048,34,271042
1744,0.004055,172.31.33.0-255,66,268114,34,271042
1745,0.004085,74.125.200.0-255,2660,270774,34,271042
1746,0.00409,172.31.33.0-255,66,270840,34,271042
1747,0.004094,74.125.200.0-255,97,270937,34,271042
1748,0.004129,74.125.200.0-255,105,271042,34,271042
1749,0.0,74.125.200.0-255,152,152,34,349125
1750,3.5e-05,172.31.33.0-255,66,218,34,349125
1751,4.2e-05,74.125.200.0-255,1484,1702,34,349125
1752,4.6e-05,172.31.33.0-255,66,1768,34,349125
1753,5.2e-05,74.125.200.0-255,2902,4670,34,349125
1754,6.2e-05,172.31.33.0-255,66,4736,34,349125
1755,6.9e-05,74.125.200.0-255,4320,9056,34,349125
1756,7.2e-05,172.31.33.0-255,66,9122,34,349125
1757,0.00011,74.125.200.0-255,4892,14014,34,349125
1758,0.000114,172.31.33.0-255,66,14080,34,349125
1759,0.000151,74.125.200.0-255,4320,18400,34,349125
1760,0.000154,172.31.33.0-255,66,18466,34,349125
1761,0.000157,74.125.200.0-255,1484,19950,34,349125
1762,0.000159,172.31.33.0-255,66,20016,34,349125
1763,0.000187,74.125.200.0-255,4320,24336,34,349125
1764,0.00019,172.31.33.0-255,66,24402,34,349125
1765,0.000219,74.125.200.0-255,6797,31199,34,349125
1766,0.000222,172.31.33.0-255,66,31265,34,349125
1767,0.000251,74.125.200.0-255,7156,38421,34,349125
1768,0.000253,172.31.33.0-255,66,38487,34,349125
1769,0.000264,172.31.33.0-255,66,38553,34,349125
1770,0.000292,74.125.200.0-255,1125,39678,34,349125
1771,0.000294,172.31.33.0-255,66,39744,34,349125
1772,0.000317,74.125.200.0-255,1484,41228,34,349125
1773,0.00032,74.125.200.0-255,1484,42712,34,349125
1774,0.000324,172.31.33.0-255,66,42778,34,349125
1775,0.000331,172.31.33.0-255,66,42844,34,349125
1776,0.000341,74.125.200.0-255,2902,45746,34,349125
1777,0.000344,172.31.33.0-255,66,45812,34,349125
1778,0.000349,74.125.200.0-255,2902,48714,34,349125
1779,0.000351,172.31.33.0-255,66,48780,34,349125
1780,0.000378,74.125.200.0-255,5738,54518,34,349125
1781,0.000381,172.31.33.0-255,66,54584,34,349125
1782,0.000405,74.125.200.0-255,2842,57426,34,349125
1783,0.000407,172.31.33.0-255,66,57492,34,349125
1784,0.00053,74.125.200.0-255,129,57621,34,349125
1785,0.000574,74.125.200.0-255,346,57967,34,349125
1786,0.001072,172.31.33.0-255,66,58033,34,349125
1787,0.001723,74.125.200.0-255,1484,59517,34,349125
1788,0.001733,74.125.200.0-255,2902,62419,34,349125
1789,0.001737,172.31.33.0-255,66,62485,34,349125
1790,0.001764,74.125.200.0-255,2902,65387,34,349125
1791,0.001766,172.31.33.0-255,66,65453,34,349125
1792,0.001794,74.125.200.0-255,2902,68355,34,349125
1793,0.001797,172.31.33.0-255,66,68421,34,349125
1794,0.001804,74.125.200.0-255,7156,75577,34,349125
1795,0.001806,172.31.33.0-255,66,75643,34,349125
1796,0.001815,74.125.200.0-255,2902,78545,34,349125
1797,0.001817,172.31.33.0-255,66,78611,34,349125
1798,0.001844,74.125.200.0-255,2902,81513,34,349125
1799,0.001846,172.31.33.0-255,66,81579,34,349125
1800,0.001854,74.125.200.0-255,5738,87317,34,349125
1801,0.001856,172.31.33.0-255,66,87383,34,349125
1802,0.00188,74.125.200.0-255,1484,88867,34,349125
1803,0.001886,74.125.200.0-255,3602,92469,34,349125
1804,0.001888,172.31.33.0-255,66,92535,34,349125
1805,0.002506,74.125.200.0-255,1484,94019,34,349125
1806,0.002517,74.125.200.0-255,1484,95503,34,349125
1807,0.00252,172.31.33.0-255,66,95569,34,349125
1808,0.002543,74.125.200.0-255,2902,98471,34,349125
1809,0.002545,172.31.33.0-255,66,98537,34,349125
1810,0.002568,74.125.200.0-255,2902,101439,34,349125
1811,0.00257,172.31.33.0-255,66,101505,34,349125
1812,0.002573,74.125.200.0-255,1484,102989,34,349125
1813,0.002591,74.125.200.0-255,1484,104473,34,349125
1814,0.002594,172.31.33.0-255,66,104539,34,349125
1815,0.002618,74.125.200.0-255,4320,108859,34,349125
1816,0.002621,172.31.33.0-255,66,108925,34,349125
1817,0.002624,74.125.200.0-255,1484,110409,34,349125
1818,0.002627,74.125.200.0-255,1484,111893,34,349125
1819,0.002628,172.31.33.0-255,66,111959,34,349125
1820,0.002655,74.125.200.0-255,1484,113443,34,349125
1821,0.002657,74.125.200.0-255,1484,114927,34,349125
1822,0.002659,172.31.33.0-255,66,114993,34,349125
1823,0.002682,74.125.200.0-255,1484,116477,34,349125
1824,0.002686,74.125.200.0-255,1484,117961,34,349125
1825,0.002687,172.31.33.0-255,66,118027,34,349125
1826,0.00273,74.125.200.0-255,4320,122347,34,349125
1827,0.002732,172.31.33.0-255,66,122413,34,349125
1828,0.002769,74.125.200.0-255,5020,127433,34,349125
1829,0.002771,172.31.33.0-255,66,127499,34,349125
1830,0.002821,74.125.200.0-255,1484,128983,34,349125
1831,0.002837,74.125.200.0-255,2902,131885,34,349125
1832,0.002839,172.31.33.0-255,66,131951,34,349125
1833,0.002864,74.125.200.0-255,4320,136271,34,349125
1834,0.002867,172.31.33.0-255,66,136337,34,349125
1835,0.002885,74.125.200.0-255,1484,137821,34,349125
1836,0.002888,74.125.200.0-255,1484,139305,34,349125
1837,0.00289,172.31.33.0-255,66,139371,34,349125
1838,0.002894,74.125.200.0-255,2902,142273,34,349125
1839,0.002896,172.31.33.0-255,66,142339,34,349125
1840,0.002913,74.125.200.0-255,4320,146659,34,349125
1841,0.002915,172.31.33.0-255,66,146725,34,349125
1842,0.002936,74.125.200.0-255,1484,148209,34,349125
1843,0.002938,74.125.200.0-255,1484,149693,34,349125
1844,0.00294,172.31.33.0-255,66,149759,34,349125
1845,0.002944,74.125.200.0-255,2902,152661,34,349125
1846,0.002946,172.31.33.0-255,66,152727,34,349125
1847,0.002998,74.125.200.0-255,5738,158465,34,349125
1848,0.003001,172.31.33.0-255,66,158531,34,349125
1849,0.003005,74.125.200.0-255,2902,161433,34,349125
1850,0.003006,172.31.33.0-255,66,161499,34,349125
1851,0.003009,74.125.200.0-255,766,162265,34,349125
1852,0.00325,74.125.200.0-255,1484,163749,34,349125
1853,0.003252,172.31.33.0-255,66,163815,34,349125
1854,0.003256,74.125.200.0-255,1484,165299,34,349125
1855,0.003273,74.125.200.0-255,1484,166783,34,349125
1856,0.003275,172.31.33.0-255,66,166849,34,349125
1857,0.003278,74.125.200.0-255,1484,168333,34,349125
1858,0.003297,74.125.200.0-255,1484,169817,34,349125
1859,0.003299,172.31.33.0-255,66,169883,34,349125
1860,0.003304,74.125.200.0-255,4320,174203,34,349125
1861,0.003306,172.31.33.0-255,66,174269,34,349125
1862,0.003344,74.125.200.0-255,1484,175753,34,349125
1863,0.003356,74.125.200.0-255,5738,181491,34,349125
1864,0.003359,172.31.33.0-255,66,181557,34,349125
1865,0.003382,74.125.200.0-255,5738,187295,34,349125
1866,0.003384,172.31.33.0-255,66,187361,34,349125
1867,0.003403,74.125.200.0-255,1484,188845,34,349125
1868,0.003423,74.125.200.0-255,5738,194583,34,349125
1869,0.003425,172.31.33.0-255,66,194649,34,349125
1870,0.003429,74.125.200.0-255,2184,196833,34,349125
1871,0.003431,172.31.33.0-255,66,196899,34,349125
1872,0.00367,74.125.200.0-255,1484,198383,34,349125
1873,0.003681,74.125.200.0-255,1484,199867,34,349125
1874,0.003683,172.31.33.0-255,66,199933,34,349125
1875,0.003705,74.125.200.0-255,2902,202835,34,349125
1876,0.003707,172.31.33.0-255,66,202901,34,349125
1877,0.00373,74.125.200.0-255,4320,207221,34,349125
1878,0.003745,74.125.200.0-255,1484,208705,34,349125
1879,0.003747,74.125.200.0-255,1484,210189,34,349125
1880,0.00375,74.125.200.0-255,1484,211673,34,349125
1881,0.003765,74.125.200.0-255,1484,213157,34,349125
1882,0.003778,74.125.200.0-255,1484,214641,34,349125
1883,0.003791,74.125.200.0-255,4320,218961,34,349125
1884,0.003794,74.125.200.0-255,1484,220445,34,349125
1885,0.003811,74.125.200.0-255,2902,223347,34,349125
1886,0.003826,74.125.200.0-255,1484,224831,34,349125
1887,0.003837,74.125.200.0-255,4320,229151,34,349125
1888,0.003841,74.125.200.0-255,2184,231335,34,349125
1889,0.003869,74.125.200.0-255,2902,234237,34,349125
1890,0.003903,74.125.200.0-255,1484,235721,34,349125
1891,0.003925,74.125.200.0-255,1484,237205,34,349125
1892,0.003934,74.125.200.0-255,1484,238689,34,349125
1893,0.003956,74.125.200.0-255,2902,241591,34,349125
1894,0.003961,74.125.200.0-255,4320,245911,34,349125
1895,0.003984,74.125.200.0-255,2902,248813,34,349125
1896,0.003996,74.125.200.0-255,1484,250297,34,349125
1897,0.004024,74.125.200.0-255,5738,256035,34,349125
1898,0.00404,74.125.200.0-255,2902,258937,34,349125
1899,0.00405,74.125.200.0-255,1484,260421,34,349125
1900,0.004066,74.125.200.0-255,1484,261905,34,349125
1901,0.004095,74.125.200.0-255,3602,265507,34,349125
1902,0.004148,74.125.200.0-255,1484,266991,34,349125
1903,0.004165,74.125.200.0-255,2902,269893,34,349125
1904,0.004191,74.125.200.0-255,2902,272795,34,349125
1905,0.004204,74.125.200.0-255,1484,274279,34,349125
1906,0.004243,74.125.200.0-255,4320,278599,34,349125
1907,0.004259,74.125.200.0-255,1484,280083,34,349125
1908,0.004262,74.125.200.0-255,1484,281567,34,349125
1909,0.004279,74.125.200.0-255,2902,284469,34,349125
1910,0.004284,74.125.200.0-255,4320,288789,34,349125
1911,0.004304,74.125.200.0-255,7156,295945,34,349125
1912,0.004308,74.125.200.0-255,3602,299547,34,349125
1913,0.004334,74.125.200.0-255,1484,301031,34,349125
1914,0.004349,74.125.200.0-255,1484,302515,34,349125
1915,0.004363,74.125.200.0-255,4320,306835,34,349125
1916,0.004401,74.125.200.0-255,5738,312573,34,349125
1917,0.004426,74.125.200.0-255,7156,319729,34,349125
1918,0.004443,74.125.200.0-255,4320,324049,34,349125
1919,0.00446,74.125.200.0-255,2184,326233,34,349125
1920,0.004467,74.125.200.0-255,7156,333389,34,349125
1921,0.004552,74.125.200.0-255,5738,339127,34,349125
1922,0.004624,74.125.200.0-255,2902,342029,34,349125
1923,0.004629,74.125.200.0-255,5738,347767,34,349125
1924,0.004646,74.125.200.0-255,1187,348954,34,349125
1925,0.004678,74.125.200.0-255,105,349059,34,349125
1926,0.006624,172.31.33.0-255,66,349125,34,349125
1927,0.0,172.31.33.0-255,105,105,34,342
1928,0.002245,74.125.200.0-255,66,171,34,342
1929,0.002338,74.125.200.0-255,105,276,34,342
1930,0.002342,172.31.33.0-255,66,342,34,342
1931,0.0,172.217.194.0-255,153,153,34,227353
1932,2.6e-05,172.31.33.0-255,66,219,34,227353
1933,3.3e-05,172.217.194.0-255,1484,1703,34,227353
1934,3.8e-05,172.31.33.0-255,66,1769,34,227353
1935,4.3e-05,172.217.194.0-255,2902,4671,34,227353
1936,4.6e-05,172.31.33.0-255,66,4737,34,227353
1937,5.4e-05,172.217.194.0-255,7156,11893,34,227353
1938,5.8e-05,172.31.33.0-255,66,11959,34,227353
1939,6.2e-05,172.217.194.0-255,2048,14007,34,227353
1940,6.5e-05,172.31.33.0-255,66,14073,34,227353
1941,0.000112,172.217.194.0-255,1484,15557,34,227353
1942,0.000115,172.31.33.0-255,66,15623,34,227353
1943,0.00012,172.217.194.0-255,2902,18525,34,227353
1944,0.000123,172.31.33.0-255,66,18591,34,227353
1945,0.000127,172.217.194.0-255,1484,20075,34,227353
1946,0.000129,172.31.33.0-255,66,20141,34,227353
1947,0.000144,172.217.194.0-255,4320,24461,34,227353
1948,0.000147,172.31.33.0-255,66,24527,34,227353
1949,0.000174,172.217.194.0-255,6797,31324,34,227353
1950,0.000177,172.31.33.0-255,66,31390,34,227353
1951,0.000372,172.217.194.0-255,1484,32874,34,227353
1952,0.000378,172.31.33.0-255,66,32940,34,227353
1953,0.000385,172.217.194.0-255,2902,35842,34,227353
1954,0.000388,172.31.33.0-255,66,35908,34,227353
1955,0.000408,172.217.194.0-255,5738,41646,34,227353
1956,0.000411,172.31.33.0-255,66,41712,34,227353
1957,0.000415,172.217.194.0-255,2902,44614,34,227353
1958,0.000417,172.31.33.0-255,66,44680,34,227353
1959,0.000432,172.217.194.0-255,2902,47582,34,227353
1960,0.000435,172.31.33.0-255,66,47648,34,227353
1961,0.000438,172.217.194.0-255,1484,49132,34,227353
1962,0.00044,172.31.33.0-255,66,49198,34,227353
1963,0.000478,172.217.194.0-255,2902,52100,34,227353
1964,0.000492,172.217.194.0-255,1411,53511,34,227353
1965,0.000554,172.31.33.0-255,66,53577,34,227353
1966,0.000783,172.217.194.0-255,100,53677,34,227353
1967,0.00083,172.217.194.0-255,1484,55161,34,227353
1968,0.000834,172.31.33.0-255,66,55227,34,227353
1969,0.000839,172.217.194.0-255,2902,58129,34,227353
1970,0.000877,172.217.194.0-255,7156,65285,34,227353
1971,0.000881,172.217.194.0-255,2902,68187,34,227353
1972,0.000891,172.217.194.0-255,1484,69671,34,227353
1973,0.000896,172.217.194.0-255,2902,72573,34,227353
1974,0.0009,172.31.33.0-255,66,72639,34,227353
1975,0.000936,172.217.194.0-255,1484,74123,34,227353
1976,0.000948,172.31.33.0-255,66,74189,34,227353
1977,0.000954,172.217.194.0-255,3902,78091,34,227353
1978,0.000963,172.31.33.0-255,66,78157,34,227353
1979,0.001213,172.217.194.0-255,1484,79641,34,227353
1980,0.001219,172.217.194.0-255,2902,82543,34,227353
1981,0.001225,172.31.33.0-255,66,82609,34,227353
1982,0.001246,172.217.194.0-255,2902,85511,34,227353
1983,0.001254,172.31.33.0-255,66,85577,34,227353
1984,0.001267,172.217.194.0-255,2902,88479,34,227353
1985,0.001288,172.31.33.0-255,66,88545,34,227353
1986,0.001303,172.217.194.0-255,2902,91447,34,227353
1987,0.001342,172.31.33.0-255,66,91513,34,227353
1988,0.001409,172.217.194.0-255,1484,92997,34,227353
1989,0.001413,172.217.194.0-255,1484,94481,34,227353
1990,0.001416,172.31.33.0-255,66,94547,34,227353
1991,0.001429,172.217.194.0-255,1484,96031,34,227353
1992,0.001435,172.217.194.0-255,5738,101769,34,227353
1993,0.001445,172.31.33.0-255,66,101835,34,227353
1994,0.001448,172.217.194.0-255,1484,103319,34,227353
1995,0.00149,172.217.194.0-255,1484,104803,34,227353
1996,0.001507,172.217.194.0-255,5738,110541,34,227353
1997,0.001524,172.217.194.0-255,3602,114143,34,227353
1998,0.001528,172.31.33.0-255,66,114209,34,227353
1999,0.001533,172.31.33.0-255,66,114275,34,227353
2000,0.001567,172.217.194.0-255,1484,115759,34,227353
2001,0.001572,172.217.194.0-255,2902,118661,34,227353
2002,0.001597,172.217.194.0-255,5738,124399,34,227353
2003,0.001601,172.31.33.0-255,66,124465,34,227353
2004,0.001607,172.31.33.0-255,66,124531,34,227353
2005,0.001625,172.217.194.0-255,2902,127433,34,227353
2006,0.001643,172.217.194.0-255,5738,133171,34,227353
2007,0.001648,172.31.33.0-255,66,133237,34,227353
2008,0.00167,172.217.194.0-255,4320,137557,34,227353
2009,0.001685,172.31.33.0-255,66,137623,34,227353
2010,0.001938,172.217.194.0-255,1484,139107,34,227353
2011,0.001953,172.217.194.0-255,2902,142009,34,227353
2012,0.00196,172.217.194.0-255,5738,147747,34,227353
2013,0.001984,172.31.33.0-255,66,147813,34,227353
2014,0.00199,172.217.194.0-255,4320,152133,34,227353
2015,0.002,172.31.33.0-255,66,152199,34,227353
2016,0.002013,172.217.194.0-255,2902,155101,34,227353
2017,0.002033,172.217.194.0-255,4320,159421,34,227353
2018,0.002039,172.217.194.0-255,3602,163023,34,227353
2019,0.002048,172.31.33.0-255,66,163089,34,227353
2020,0.002085,172.217.194.0-255,1484,164573,34,227353
2021,0.002112,172.217.194.0-255,2902,167475,34,227353
2022,0.002115,172.31.33.0-255,66,167541,34,227353
2023,0.002139,172.217.194.0-255,5738,173279,34,227353
2024,0.002145,172.217.194.0-255,4320,177599,34,227353
2025,0.002157,172.217.194.0-255,7156,184755,34,227353
2026,0.002196,172.217.194.0-255,1484,186239,34,227353
2027,0.002256,172.217.194.0-255,1484,187723,34,227353
2028,0.002274,172.217.194.0-255,7156,194879,34,227353
2029,0.00232,172.217.194.0-255,6438,201317,34,227353
2030,0.002334,172.217.194.0-255,4320,205637,34,227353
2031,0.002437,172.217.194.0-255,4320,209957,34,227353
2032,0.00245,172.217.194.0-255,5738,215695,34,227353
2033,0.002465,172.217.194.0-255,1484,217179,34,227353
2034,0.002469,172.217.194.0-255,2902,220081,34,227353
2035,0.002472,172.217.194.0-255,1484,221565,34,227353
2036,0.002478,172.217.194.0-255,5617,227182,34,227353
2037,0.002481,172.217.194.0-255,105,227287,34,227353
2038,0.009736,172.31.33.0-255,66,227353,34,227353
2039,0.0,74.125.200.0-255,153,153,34,334547
2040,1.9e-05,172.31.33.0-255,66,219,34,334547
2041,2.6e-05,74.125.200.0-255,1484,1703,34,334547
2042,3e-05,172.31.33.0-255,66,1769,34,334547
2043,4.6e-05,74.125.200.0-255,2902,4671,34,334547
2044,5e-05,172.31.33.0-255,66,4737,34,334547
2045,7.9e-05,74.125.200.0-255,5738,10475,34,334547
2046,8.1e-05,172.31.33.0-255,66,10541,34,334547
2047,0.000104,74.125.200.0-255,6340,16881,34,334547
2048,0.000107,172.31.33.0-255,66,16947,34,334547
2049,0.000112,74.125.200.0-255,4320,21267,34,334547
2050,0.000114,172.31.33.0-255,66,21333,34,334547
2051,0.000135,74.125.200.0-255,7156,28489,34,334547
2052,0.000138,172.31.33.0-255,66,28555,34,334547
2053,0.00016,74.125.200.0-255,2543,31098,34,334547
2054,0.000163,172.31.33.0-255,66,31164,34,334547
2055,0.000188,74.125.200.0-255,1484,32648,34,334547
2056,0.00019,172.31.33.0-255,66,32714,34,334547
2057,0.000206,74.125.200.0-255,2902,35616,34,334547
2058,0.000208,172.31.33.0-255,66,35682,34,334547
2059,0.000233,74.125.200.0-255,5738,41420,34,334547
2060,0.000235,172.31.33.0-255,66,41486,34,334547
2061,0.000239,74.125.200.0-255,2902,44388,34,334547
2062,0.000241,172.31.33.0-255,66,44454,34,334547
2063,0.000245,74.125.200.0-255,1484,45938,34,334547
2064,0.000247,172.31.33.0-255,66,46004,34,334547
2065,0.00027,74.125.200.0-255,2543,48547,34,334547
2066,0.000273,172.31.33.0-255,66,48613,34,334547
2067,0.000312,74.125.200.0-255,7156,55769,34,334547
2068,0.000315,172.31.33.0-255,66,55835,34,334547
2069,0.000329,74.125.200.0-255,1484,57319,34,334547
2070,0.000331,172.31.33.0-255,66,57385,34,334547
2071,0.000336,74.125.200.0-255,4320,61705,34,334547
2072,0.000339,172.31.33.0-255,66,61771,34,334547
2073,0.000341,74.125.200.0-255,1484,63255,34,334547
2074,0.000367,74.125.200.0-255,2815,66070,34,334547
2075,0.00037,172.31.33.0-255,66,66136,34,334547
2076,0.000373,74.125.200.0-255,130,66266,34,334547
2077,0.000497,74.125.200.0-255,1484,67750,34,334547
2078,0.000516,172.31.33.0-255,66,67816,34,334547
2079,0.000525,74.125.200.0-255,2902,70718,34,334547
2080,0.000528,172.31.33.0-255,66,70784,34,334547
2081,0.000535,74.125.200.0-255,5738,76522,34,334547
2082,0.000538,172.31.33.0-255,66,76588,34,334547
2083,0.000581,172.31.33.0-255,66,76654,34,334547
2084,0.000585,74.125.200.0-255,1484,78138,34,334547
2085,0.000609,74.125.200.0-255,7156,85294,34,334547
2086,0.000612,172.31.33.0-255,66,85360,34,334547
2087,0.000615,74.125.200.0-255,1484,86844,34,334547
2088,0.000635,74.125.200.0-255,5379,92223,34,334547
2089,0.000638,172.31.33.0-255,66,92289,34,334547
2090,0.001321,74.125.200.0-255,1484,93773,34,334547
2091,0.001329,74.125.200.0-255,2902,96675,34,334547
2092,0.001334,172.31.33.0-255,66,96741,34,334547
2093,0.001339,74.125.200.0-255,2902,99643,34,334547
2094,0.001341,172.31.33.0-255,66,99709,34,334547
2095,0.001356,74.125.200.0-255,2902,102611,34,334547
2096,0.001359,172.31.33.0-255,66,102677,34,334547
2097,0.001385,74.125.200.0-255,5738,108415,34,334547
2098,0.001388,172.31.33.0-255,66,108481,34,334547
2099,0.001395,74.125.200.0-255,7156,115637,34,334547
2100,0.001397,172.31.33.0-255,66,115703,34,334547
2101,0.001446,172.31.33.0-255,66,115769,34,334547
2102,0.001561,74.125.200.0-255,1484,117253,34,334547
2103,0.001583,74.125.200.0-255,2902,120155,34,334547
2104,0.001587,172.31.33.0-255,66,120221,34,334547
2105,0.00159,74.125.200.0-255,1484,121705,34,334547
2106,0.00161,74.125.200.0-255,4320,126025,34,334547
2107,0.001613,172.31.33.0-255,66,126091,34,334547
2108,0.001634,74.125.200.0-255,5738,131829,34,334547
2109,0.001636,172.31.33.0-255,66,131895,34,334547
2110,0.001644,74.125.200.0-255,7156,139051,34,334547
2111,0.001646,172.31.33.0-255,66,139117,34,334547
2112,0.001668,74.125.200.0-255,1484,140601,34,334547
2113,0.001682,74.125.200.0-255,4320,144921,34,334547
2114,0.001685,172.31.33.0-255,66,144987,34,334547
2115,0.001709,74.125.200.0-255,5020,150007,34,334547
2116,0.001712,172.31.33.0-255,66,150073,34,334547
2117,0.001724,172.31.33.0-255,66,150139,34,334547
2118,0.001729,74.125.200.0-255,2902,153041,34,334547
2119,0.001731,172.31.33.0-255,66,153107,34,334547
2120,0.001756,74.125.200.0-255,1484,154591,34,334547
2121,0.001763,74.125.200.0-255,5738,160329,34,334547
2122,0.001765,172.31.33.0-255,66,160395,34,334547
2123,0.00179,74.125.200.0-255,5738,166133,34,334547
2124,0.001794,172.31.33.0-255,66,166199,34,334547
2125,0.001801,74.125.200.0-255,6438,172637,34,334547
2126,0.001803,172.31.33.0-255,66,172703,34,334547
2127,0.001825,74.125.200.0-255,1484,174187,34,334547
2128,0.001844,74.125.200.0-255,2902,177089,34,334547
2129,0.001847,172.31.33.0-255,66,177155,34,334547
2130,0.00187,74.125.200.0-255,5738,182893,34,334547
2131,0.001873,172.31.33.0-255,66,182959,34,334547
2132,0.001877,74.125.200.0-255,2902,185861,34,334547
2133,0.001879,172.31.33.0-255,66,185927,34,334547
2134,0.001894,74.125.200.0-255,1484,187411,34,334547
2135,0.001901,74.125.200.0-255,5738,193149,34,334547
2136,0.001903,172.31.33.0-255,66,193215,34,334547
2137,0.001921,74.125.200.0-255,7156,200371,34,334547
2138,0.001924,172.31.33.0-255,66,200437,34,334547
2139,0.001949,74.125.200.0-255,4320,204757,34,334547
2140,0.001952,172.31.33.0-255,66,204823,34,334547
2141,0.001956,74.125.200.0-255,2184,207007,34,334547
2142,0.001958,172.31.33.0-255,66,207073,34,334547
2143,0.001992,74.125.200.0-255,1484,208557,34,334547
2144,0.002014,74.125.200.0-255,1484,210041,34,334547
2145,0.002018,172.31.33.0-255,66,210107,34,334547
2146,0.002023,74.125.200.0-255,2902,213009,34,334547
2147,0.002025,172.31.33.0-255,66,213075,34,334547
2148,0.00203,74.125.200.0-255,4320,217395,34,334547
2149,0.002032,172.31.33.0-255,66,217461,34,334547
2150,0.002059,172.31.33.0-255,66,217527,34,334547
2151,0.002068,172.31.33.0-255,66,217593,34,334547
2152,0.002079,172.31.33.0-255,66,217659,34,334547
2153,0.002084,74.125.200.0-255,4320,221979,34,334547
2154,0.002086,172.31.33.0-255,66,222045,34,334547
2155,0.002089,74.125.200.0-255,1484,223529,34,334547
2156,0.00211,74.125.200.0-255,4320,227849,34,334547
2157,0.002114,172.31.33.0-255,66,227915,34,334547
2158,0.00214,74.125.200.0-255,7156,235071,34,334547
2159,0.002143,172.31.33.0-255,66,235137,34,334547
2160,0.002159,74.125.200.0-255,1484,236621,34,334547
2161,0.002165,74.125.200.0-255,4320,240941,34,334547
2162,0.002168,172.31.33.0-255,66,241007,34,334547
2163,0.002191,74.125.200.0-255,5738,246745,34,334547
2164,0.002194,172.31.33.0-255,66,246811,34,334547
2165,0.002199,74.125.200.0-255,2184,248995,34,334547
2166,0.002201,172.31.33.0-255,66,249061,34,334547
2167,0.002206,74.125.200.0-255,2902,251963,34,334547
2168,0.002208,172.31.33.0-255,66,252029,34,334547
2169,0.002215,74.125.200.0-255,7156,259185,34,334547
2170,0.002218,172.31.33.0-255,66,259251,34,334547
2171,0.002221,74.125.200.0-255,1484,260735,34,334547
2172,0.00225,74.125.200.0-255,4320,265055,34,334547
2173,0.002254,172.31.33.0-255,66,265121,34,334547
2174,0.002262,74.125.200.0-255,7156,272277,34,334547
2175,0.002264,172.31.33.0-255,66,272343,34,334547
2176,0.002296,74.125.200.0-255,5738,278081,34,334547
2177,0.0023,172.31.33.0-255,66,278147,34,334547
2178,0.002337,74.125.200.0-255,5306,283453,34,334547
2179,0.002342,172.31.33.0-255,66,283519,34,334547
2180,0.002409,74.125.200.0-255,1484,285003,34,334547
2181,0.002427,74.125.200.0-255,2902,287905,34,334547
2182,0.002431,172.31.33.0-255,66,287971,34,334547
2183,0.002438,74.125.200.0-255,4320,292291,34,334547
2184,0.00244,172.31.33.0-255,66,292357,34,334547
2185,0.002469,74.125.200.0-255,5738,298095,34,334547
2186,0.002473,172.31.33.0-255,66,298161,34,334547
2187,0.002493,74.125.200.0-255,2902,301063,34,334547
2188,0.002497,172.31.33.0-255,66,301129,34,334547
2189,0.002503,74.125.200.0-255,4320,305449,34,334547
2190,0.002505,172.31.33.0-255,66,305515,34,334547
2191,0.002515,74.125.200.0-255,5738,311253,34,334547
2192,0.002517,172.31.33.0-255,66,311319,34,334547
2193,0.002545,74.125.200.0-255,5738,317057,34,334547
2194,0.002548,172.31.33.0-255,66,317123,34,334547
2195,0.002568,74.125.200.0-255,766,317889,34,334547
2196,0.002924,74.125.200.0-255,1484,319373,34,334547
2197,0.002927,172.31.33.0-255,66,319439,34,334547
2198,0.002932,74.125.200.0-255,1484,320923,34,334547
2199,0.002947,74.125.200.0-255,1484,322407,34,334547
2200,0.002949,172.31.33.0-255,66,322473,34,334547
2201,0.002953,74.125.200.0-255,1484,323957,34,334547
2202,0.002971,74.125.200.0-255,2902,326859,34,334547
2203,0.002973,172.31.33.0-255,66,326925,34,334547
2204,0.002979,74.125.200.0-255,4320,331245,34,334547
2205,0.002982,172.31.33.0-255,66,331311,34,334547
2206,0.002986,74.125.200.0-255,2902,334213,34,334547
2207,0.002988,172.31.33.0-255,66,334279,34,334547
2208,0.003043,172.31.33.0-255,66,334345,34,334547
2209,0.003046,74.125.200.0-255,97,334442,34,334547
2210,0.003093,74.125.200.0-255,105,334547,34,334547
2211,0.0,74.125.130.0-255,146,146,34,262840
2212,1.3e-05,172.31.33.0-255,66,212,34,262840
2213,3.1e-05,74.125.130.0-255,1484,1696,34,262840
2214,3.4e-05,172.31.33.0-255,66,1762,34,262840
2215,5.7e-05,74.125.130.0-255,1484,3246,34,262840
2216,5.9e-05,172.31.33.0-255,66,3312,34,262840
2217,6.3e-05,74.125.130.0-255,2902,6214,34,262840
2218,6.6e-05,172.31.33.0-255,66,6280,34,262840
2219,7.1e-05,74.125.130.0-255,5738,12018,34,262840
2220,7.3e-05,172.31.33.0-255,66,12084,34,262840
2221,0.000109,74.125.130.0-255,2048,14132,34,262840
2222,0.000111,172.31.33.0-255,66,14198,34,262840
2223,0.000114,74.125.130.0-255,2902,17100,34,262840
2224,0.000116,172.31.33.0-255,66,17166,34,262840
2225,0.000119,74.125.130.0-255,2902,20068,34,262840
2226,0.000121,172.31.33.0-255,66,20134,34,262840
2227,0.000136,74.125.130.0-255,4320,24454,34,262840
2228,0.000138,172.31.33.0-255,66,24520,34,262840
2229,0.000156,74.125.130.0-255,5738,30258,34,262840
2230,0.00016,172.31.33.0-255,66,30324,34,262840
2231,0.000179,74.125.130.0-255,7156,37480,34,262840
2232,0.000181,172.31.33.0-255,66,37546,34,262840
2233,0.000243,74.125.130.0-255,7156,44702,34,262840
2234,0.000248,172.31.33.0-255,66,44768,34,262840
2235,0.000268,74.125.130.0-255,3602,48370,34,262840
2236,0.000271,172.31.33.0-255,66,48436,34,262840
2237,0.00031,172.31.33.0-255,66,48502,34,262840
2238,0.000327,74.125.130.0-255,2902,51404,34,262840
2239,0.000329,172.31.33.0-255,66,51470,34,262840
2240,0.000365,74.125.130.0-255,1484,52954,34,262840
2241,0.000369,172.31.33.0-255,66,53020,34,262840
2242,0.000384,74.125.130.0-255,4211,57231,34,262840
2243,0.000387,74.125.130.0-255,120,57351,34,262840
2244,0.000464,172.31.33.0-255,66,57417,34,262840
2245,0.000507,74.125.130.0-255,1484,58901,34,262840
2246,0.000534,74.125.130.0-255,2902,61803,34,262840
2247,0.00054,74.125.130.0-255,5738,67541,34,262840
2248,0.000558,74.125.130.0-255,5738,73279,34,262840
2249,0.000582,74.125.130.0-255,1125,74404,34,262840
2250,0.00059,172.31.33.0-255,66,74470,34,262840
2251,0.000599,74.125.130.0-255,1484,75954,34,262840
2252,0.000616,74.125.130.0-255,2902,78856,34,262840
2253,0.000619,74.125.130.0-255,1484,80340,34,262840
2254,0.000648,74.125.130.0-255,4320,84660,34,262840
2255,0.000663,172.31.33.0-255,66,84726,34,262840
2256,0.000675,74.125.130.0-255,1484,86210,34,262840
2257,0.000695,74.125.130.0-255,5694,91904,34,262840
2258,0.000715,172.31.33.0-255,66,91970,34,262840
2259,0.000745,74.125.130.0-255,1484,93454,34,262840
2260,0.000764,74.125.130.0-255,2902,96356,34,262840
2261,0.000771,74.125.130.0-255,5738,102094,34,262840
2262,0.000816,172.31.33.0-255,66,102160,34,262840
2263,0.000825,74.125.130.0-255,2902,105062,34,262840
2264,0.000831,172.31.33.0-255,66,105128,34,262840
2265,0.000892,172.31.33.0-255,66,105194,34,262840
2266,0.000912,74.125.130.0-255,2184,107378,34,262840
2267,0.000931,74.125.130.0-255,1484,108862,34,262840
2268,0.000971,172.31.33.0-255,66,108928,34,262840
2269,0.001008,74.125.130.0-255,4320,113248,34,262840
2270,0.001016,172.31.33.0-255,66,113314,34,262840
2271,0.001032,74.125.130.0-255,2902,116216,34,262840
2272,0.001047,74.125.130.0-255,2902,119118,34,262840
2273,0.001089,172.31.33.0-255,66,119184,34,262840
2274,0.001145,172.31.33.0-255,66,119250,34,262840
2275,0.001183,172.31.33.0-255,66,119316,34,262840
2276,0.001298,74.125.130.0-255,7156,126472,34,262840
2277,0.001315,74.125.130.0-255,5020,131492,34,262840
2278,0.001328,74.125.130.0-255,1484,132976,34,262840
2279,0.001339,74.125.130.0-255,2902,135878,34,262840
2280,0.00135,172.31.33.0-255,66,135944,34,262840
2281,0.001354,74.125.130.0-255,2902,138846,34,262840
2282,0.001358,172.31.33.0-255,66,138912,34,262840
2283,0.001367,74.125.130.0-255,2902,141814,34,262840
2284,0.001383,172.31.33.0-255,66,141880,34,262840
2285,0.001393,74.125.130.0-255,4320,146200,34,262840
2286,0.001409,74.125.130.0-255,7156,153356,34,262840
2287,0.00143,172.31.33.0-255,66,153422,34,262840
2288,0.001455,74.125.130.0-255,4320,157742,34,262840
2289,0.001476,172.31.33.0-255,66,157808,34,262840
2290,0.002603,74.125.130.0-255,1484,159292,34,262840
2291,0.002607,74.125.130.0-255,1484,160776,34,262840
2292,0.00261,172.31.33.0-255,66,160842,34,262840
2293,0.002628,74.125.130.0-255,1484,162326,34,262840
2294,0.002633,74.125.130.0-255,5738,168064,34,262840
2295,0.002637,172.31.33.0-255,66,168130,34,262840
2296,0.002654,74.125.130.0-255,7156,175286,34,262840
2297,0.002668,74.125.130.0-255,1484,176770,34,262840
2298,0.00267,172.31.33.0-255,66,176836,34,262840
2299,0.002706,74.125.130.0-255,7156,183992,34,262840
2300,0.00272,74.125.130.0-255,2902,186894,34,262840
2301,0.002763,74.125.130.0-255,1484,188378,34,262840
2302,0.002775,74.125.130.0-255,3602,191980,34,262840
2303,0.002795,74.125.130.0-255,7156,199136,34,262840
2304,0.002903,74.125.130.0-255,4320,203456,34,262840
2305,0.002912,74.125.130.0-255,1484,204940,34,262840
2306,0.002929,74.125.130.0-255,2902,207842,34,262840
2307,0.002939,74.125.130.0-255,2902,210744,34,262840
2308,0.002956,74.125.130.0-255,5020,215764,34,262840
2309,0.002993,74.125.130.0-255,5738,221502,34,262840
2310,0.003023,74.125.130.0-255,4320,225822,34,262840
2311,0.003199,74.125.130.0-255,6438,232260,34,262840
2312,0.003216,74.125.130.0-255,1484,233744,34,262840
2313,0.003251,172.31.33.0-255,66,233810,34,262840
2314,0.003304,172.31.33.0-255,66,233876,34,262840
2315,0.003377,74.125.130.0-255,3602,237478,34,262840
2316,0.003396,74.125.130.0-255,1484,238962,34,262840
2317,0.003399,74.125.130.0-255,1484,240446,34,262840
2318,0.003412,74.125.130.0-255,2902,243348,34,262840
2319,0.003435,172.31.33.0-255,66,243414,34,262840
2320,0.003447,74.125.130.0-255,5738,249152,34,262840
2321,0.003452,172.31.33.0-255,66,249218,34,262840
2322,0.003467,74.125.130.0-255,2902,252120,34,262840
2323,0.003483,74.125.130.0-255,7156,259276,34,262840
2324,0.003504,74.125.130.0-255,3090,262366,34,262840
2325,0.003508,172.31.33.0-255,66,262432,34,262840
2326,0.003518,172.31.33.0-255,66,262498,34,262840
2327,0.003522,74.125.130.0-255,105,262603,34,262840
2328,0.004712,172.31.33.0-255,66,262669,34,262840
2329,0.004767,172.31.33.0-255,105,262774,34,262840
2330,0.00693,74.125.130.0-255,66,262840,34,262840
2331,0.0,172.217.194.0-255,153,153,34,219457
2332,2.7e-05,172.31.33.0-255,66,219,34,219457
2333,3.4e-05,172.217.194.0-255,1484,1703,34,219457
2334,3.9e-05,172.31.33.0-255,66,1769,34,219457
2335,4.6e-05,172.217.194.0-255,2902,4671,34,219457
2336,4.9e-05,172.31.33.0-255,66,4737,34,219457
2337,5.7e-05,172.217.194.0-255,7156,11893,34,219457
2338,6e-05,172.31.33.0-255,66,11959,34,219457
2339,6.8e-05,172.217.194.0-255,5738,17697,34,219457
2340,7.1e-05,172.31.33.0-255,66,17763,34,219457
2341,0.0001,172.217.194.0-255,6401,24164,34,219457
2342,0.000104,172.31.33.0-255,66,24230,34,219457
2343,0.000112,172.217.194.0-255,6797,31027,34,219457
2344,0.000115,172.31.33.0-255,66,31093,34,219457
2345,0.000214,172.217.194.0-255,1484,32577,34,219457
2346,0.000218,172.31.33.0-255,66,32643,34,219457
2347,0.000225,172.217.194.0-255,2902,35545,34,219457
2348,0.000227,172.31.33.0-255,66,35611,34,219457
2349,0.000233,172.217.194.0-255,5738,41349,34,219457
2350,0.000236,172.31.33.0-255,66,41415,34,219457
2351,0.000257,172.217.194.0-255,2902,44317,34,219457
2352,0.000259,172.31.33.0-255,66,44383,34,219457
2353,0.000279,172.217.194.0-255,3961,48344,34,219457
2354,0.000282,172.31.33.0-255,66,48410,34,219457
2355,0.000462,172.217.194.0-255,1484,49894,34,219457
2356,0.000467,172.31.33.0-255,66,49960,34,219457
2357,0.000473,172.217.194.0-255,2902,52862,34,219457
2358,0.000476,172.31.33.0-255,66,52928,34,219457
2359,0.000479,172.217.194.0-255,1484,54412,34,219457
2360,0.000481,172.31.33.0-255,66,54478,34,219457
2361,0.000508,172.217.194.0-255,4320,58798,34,219457
2362,0.000511,172.31.33.0-255,66,58864,34,219457
2363,0.000539,172.217.194.0-255,7093,65957,34,219457
2364,0.000542,172.31.33.0-255,66,66023,34,219457
2365,0.000559,172.217.194.0-255,382,66405,34,219457
2366,0.000719,172.217.194.0-255,1484,67889,34,219457
2367,0.00073,172.31.33.0-255,66,67955,34,219457
2368,0.000736,172.217.194.0-255,2902,70857,34,219457
2369,0.000738,172.31.33.0-255,66,70923,34,219457
2370,0.000744,172.217.194.0-255,4320,75243,34,219457
2371,0.000746,172.31.33.0-255,66,75309,34,219457
2372,0.000758,172.217.194.0-255,1484,76793,34,219457
2373,0.000788,172.217.194.0-255,5738,82531,34,219457
2374,0.000791,172.31.33.0-255,66,82597,34,219457
2375,0.000833,172.217.194.0-255,2543,85140,34,219457
2376,0.000837,172.31.33.0-255,66,85206,34,219457
2377,0.000849,172.31.33.0-255,66,85272,34,219457
2378,0.000856,172.217.194.0-255,6797,92069,34,219457
2379,0.000859,172.31.33.0-255,66,92135,34,219457
2380,0.001273,172.217.194.0-255,1484,93619,34,219457
2381,0.00128,172.217.194.0-255,2902,96521,34,219457
2382,0.001284,172.31.33.0-255,66,96587,34,219457
2383,0.001289,172.217.194.0-255,2902,99489,34,219457
2384,0.001291,172.31.33.0-255,66,99555,34,219457
2385,0.001309,172.217.194.0-255,2902,102457,34,219457
2386,0.001312,172.31.33.0-255,66,102523,34,219457
2387,0.001315,172.217.194.0-255,1484,104007,34,219457
2388,0.001341,172.31.33.0-255,66,104073,34,219457
2389,0.001363,172.217.194.0-255,1484,105557,34,219457
2390,0.001375,172.31.33.0-255,66,105623,34,219457
2391,0.00139,172.217.194.0-255,4320,109943,34,219457
2392,0.001392,172.31.33.0-255,66,110009,34,219457
2393,0.001399,172.217.194.0-255,5738,115747,34,219457
2394,0.001401,172.31.33.0-255,66,115813,34,219457
2395,0.001442,172.31.33.0-255,66,115879,34,219457
2396,0.001456,172.31.33.0-255,66,115945,34,219457
2397,0.001469,172.217.194.0-255,2184,118129,34,219457
2398,0.001472,172.31.33.0-255,66,118195,34,219457
2399,0.001493,172.217.194.0-255,7156,125351,34,219457
2400,0.001496,172.31.33.0-255,66,125417,34,219457
2401,0.001522,172.217.194.0-255,5738,131155,34,219457
2402,0.001525,172.31.33.0-255,66,131221,34,219457
2403,0.001538,172.31.33.0-255,66,131287,34,219457
2404,0.001557,172.217.194.0-255,1484,132771,34,219457
2405,0.00159,172.31.33.0-255,66,132837,34,219457
2406,0.001638,172.217.194.0-255,1484,134321,34,219457
2407,0.001663,172.217.194.0-255,2902,137223,34,219457
2408,0.001666,172.31.33.0-255,66,137289,34,219457
2409,0.001673,172.217.194.0-255,5738,143027,34,219457
2410,0.001675,172.31.33.0-255,66,143093,34,219457
2411,0.001686,172.31.33.0-255,66,143159,34,219457
2412,0.001712,172.217.194.0-255,4320,147479,34,219457
2413,0.001715,172.31.33.0-255,66,147545,34,219457
2414,0.00175,172.31.33.0-255,66,147611,34,219457
2415,0.001861,172.217.194.0-255,1484,149095,34,219457
2416,0.001867,172.217.194.0-255,2902,151997,34,219457
2417,0.00187,172.31.33.0-255,66,152063,34,219457
2418,0.001892,172.217.194.0-255,5738,157801,34,219457
2419,0.001896,172.31.33.0-255,66,157867,34,219457
2420,0.001928,172.31.33.0-255,66,157933,34,219457
2421,0.001948,172.217.194.0-255,2902,160835,34,219457
2422,0.00195,172.31.33.0-255,66,160901,34,219457
2423,0.001961,172.31.33.0-255,66,160967,34,219457
2424,0.001966,172.217.194.0-255,2184,163151,34,219457
2425,0.001967,172.31.33.0-255,66,163217,34,219457
2426,0.001989,172.217.194.0-255,2902,166119,34,219457
2427,0.001992,172.31.33.0-255,66,166185,34,219457
2428,0.002016,172.217.194.0-255,7156,173341,34,219457
2429,0.002019,172.31.33.0-255,66,173407,34,219457
2430,0.00206,172.217.194.0-255,5738,179145,34,219457
2431,0.002063,172.31.33.0-255,66,179211,34,219457
2432,0.002081,172.217.194.0-255,2902,182113,34,219457
2433,0.002083,172.31.33.0-255,66,182179,34,219457
2434,0.00209,172.217.194.0-255,5738,187917,34,219457
2435,0.002092,172.31.33.0-255,66,187983,34,219457
2436,0.00212,172.31.33.0-255,66,188049,34,219457
2437,0.002123,172.217.194.0-255,1484,189533,34,219457
2438,0.002155,172.31.33.0-255,66,189599,34,219457
2439,0.002158,172.217.194.0-255,1484,191083,34,219457
2440,0.002161,172.217.194.0-255,1484,192567,34,219457
2441,0.002162,172.31.33.0-255,66,192633,34,219457
2442,0.002193,172.31.33.0-255,66,192699,34,219457
2443,0.0022,172.217.194.0-255,7156,199855,34,219457
2444,0.002203,172.31.33.0-255,66,199921,34,219457
2445,0.002205,172.217.194.0-255,1484,201405,34,219457
2446,0.002238,172.217.194.0-255,7156,208561,34,219457
2447,0.002242,172.31.33.0-255,66,208627,34,219457
2448,0.002268,172.31.33.0-255,66,208693,34,219457
2449,0.002296,172.217.194.0-255,3602,212295,34,219457
2450,0.002299,172.31.33.0-255,66,212361,34,219457
2451,0.002311,172.31.33.0-255,66,212427,34,219457
2452,0.002322,172.31.33.0-255,66,212493,34,219457
2453,0.002351,172.217.194.0-255,1484,213977,34,219457
2454,0.002363,172.31.33.0-255,66,214043,34,219457
2455,0.002368,172.217.194.0-255,4320,218363,34,219457
2456,0.00237,172.31.33.0-255,66,218429,34,219457
2457,0.002373,172.217.194.0-255,589,219018,34,219457
2458,0.002376,172.217.194.0-255,97,219115,34,219457
2459,0.002411,172.217.194.0-255,105,219220,34,219457
2460,0.00418,172.31.33.0-255,66,219286,34,219457
2461,0.004217,172.31.33.0-255,105,219391,34,219457
2462,0.00623,172.217.194.0-255,66,219457,34,219457
2463,0.0,172.217.194.0-255,153,153,34,182170
2464,3.3e-05,172.31.33.0-255,66,219,34,182170
2465,3.9e-05,172.217.194.0-255,1484,1703,34,182170
2466,4.3e-05,172.31.33.0-255,66,1769,34,182170
2467,4.8e-05,172.217.194.0-255,2902,4671,34,182170
2468,5.8e-05,172.31.33.0-255,66,4737,34,182170
2469,6.6e-05,172.217.194.0-255,7156,11893,34,182170
2470,6.9e-05,172.31.33.0-255,66,11959,34,182170
2471,9.5e-05,172.217.194.0-255,1484,13443,34,182170
2472,9.7e-05,172.31.33.0-255,66,13509,34,182170
2473,0.000139,172.31.33.0-255,66,13575,34,182170
2474,0.000147,172.217.194.0-255,5379,18954,34,182170
2475,0.000149,172.31.33.0-255,66,19020,34,182170
2476,0.000246,172.217.194.0-255,1484,20504,34,182170
2477,0.00025,172.31.33.0-255,66,20570,34,182170
2478,0.000254,172.217.194.0-255,1484,22054,34,182170
2479,0.000256,172.31.33.0-255,66,22120,34,182170
2480,0.000293,172.217.194.0-255,1484,23604,34,182170
2481,0.000297,172.31.33.0-255,66,23670,34,182170
2482,0.000304,172.217.194.0-255,5738,29408,34,182170
2483,0.000307,172.31.33.0-255,66,29474,34,182170
2484,0.000319,172.217.194.0-255,5738,35212,34,182170
2485,0.000322,172.31.33.0-255,66,35278,34,182170
2486,0.000329,172.217.194.0-255,6797,42075,34,182170
2487,0.000332,172.31.33.0-255,66,42141,34,182170
2488,0.000336,172.217.194.0-255,2902,45043,34,182170
2489,0.000338,172.31.33.0-255,66,45109,34,182170
2490,0.000373,172.217.194.0-255,5738,50847,34,182170
2491,0.000377,172.31.33.0-255,66,50913,34,182170
2492,0.000403,172.217.194.0-255,2832,53745,34,182170
2493,0.000406,172.217.194.0-255,98,53843,34,182170
2494,0.00041,172.31.33.0-255,66,53909,34,182170
2495,0.000484,172.217.194.0-255,1484,55393,34,182170
2496,0.000488,172.31.33.0-255,66,55459,34,182170
2497,0.000492,172.217.194.0-255,1484,56943,34,182170
2498,0.000515,172.217.194.0-255,1484,58427,34,182170
2499,0.000518,172.31.33.0-255,66,58493,34,182170
2500,0.000526,172.217.194.0-255,5738,64231,34,182170
2501,0.000529,172.31.33.0-255,66,64297,34,182170
2502,0.000538,172.217.194.0-255,2902,67199,34,182170
2503,0.000541,172.31.33.0-255,66,67265,34,182170
2504,0.000577,172.31.33.0-255,66,67331,34,182170
2505,0.000581,172.217.194.0-255,1484,68815,34,182170
2506,0.000615,172.31.33.0-255,66,68881,34,182170
2507,0.001145,172.217.194.0-255,1484,70365,34,182170
2508,0.001152,172.217.194.0-255,2902,73267,34,182170
2509,0.001155,172.31.33.0-255,66,73333,34,182170
2510,0.001159,172.217.194.0-255,1484,74817,34,182170
2511,0.001189,172.217.194.0-255,4320,79137,34,182170
2512,0.001192,172.31.33.0-255,66,79203,34,182170
2513,0.001214,172.31.33.0-255,66,79269,34,182170
2514,0.001226,172.31.33.0-255,66,79335,34,182170
2515,0.001228,172.217.194.0-255,766,80101,34,182170
2516,0.001415,172.217.194.0-255,1484,81585,34,182170
2517,0.00142,172.31.33.0-255,66,81651,34,182170
2518,0.001425,172.217.194.0-255,2902,84553,34,182170
2519,0.001427,172.31.33.0-255,66,84619,34,182170
2520,0.001449,172.217.194.0-255,5738,90357,34,182170
2521,0.001452,172.31.33.0-255,66,90423,34,182170
2522,0.001464,172.217.194.0-255,5738,96161,34,182170
2523,0.001467,172.31.33.0-255,66,96227,34,182170
2524,0.001473,172.217.194.0-255,4320,100547,34,182170
2525,0.001476,172.31.33.0-255,66,100613,34,182170
2526,0.001521,172.31.33.0-255,66,100679,34,182170
2527,0.001527,172.217.194.0-255,5020,105699,34,182170
2528,0.001529,172.31.33.0-255,66,105765,34,182170
2529,0.001565,172.217.194.0-255,1484,107249,34,182170
2530,0.001586,172.217.194.0-255,2902,110151,34,182170
2531,0.001589,172.31.33.0-255,66,110217,34,182170
2532,0.001595,172.217.194.0-255,5738,115955,34,182170
2533,0.001597,172.31.33.0-255,66,116021,34,182170
2534,0.001603,172.217.194.0-255,5738,121759,34,182170
2535,0.001612,172.31.33.0-255,66,121825,34,182170
2536,0.001652,172.31.33.0-255,66,121891,34,182170
2537,0.001656,172.217.194.0-255,2902,124793,34,182170
2538,0.001659,172.31.33.0-255,66,124859,34,182170
2539,0.00169,172.217.194.0-255,2184,127043,34,182170
2540,0.001693,172.31.33.0-255,66,127109,34,182170
2541,0.001769,172.217.194.0-255,1484,128593,34,182170
2542,0.001773,172.217.194.0-255,1484,130077,34,182170
2543,0.001776,172.31.33.0-255,66,130143,34,182170
2544,0.001787,172.217.194.0-255,1484,131627,34,182170
2545,0.001797,172.217.194.0-255,4320,135947,34,182170
2546,0.0018,172.31.33.0-255,66,136013,34,182170
2547,0.001819,172.217.194.0-255,1484,137497,34,182170
2548,0.001826,172.217.194.0-255,7156,144653,34,182170
2549,0.001829,172.31.33.0-255,66,144719,34,182170
2550,0.001869,172.31.33.0-255,66,144785,34,182170
2551,0.001873,172.217.194.0-255,2184,146969,34,182170
2552,0.001875,172.31.33.0-255,66,147035,34,182170
2553,0.001929,172.217.194.0-255,1484,148519,34,182170
2554,0.001934,172.217.194.0-255,2902,151421,34,182170
2555,0.001937,172.31.33.0-255,66,151487,34,182170
2556,0.00194,172.217.194.0-255,1484,152971,34,182170
2557,0.001964,172.217.194.0-255,4320,157291,34,182170
2558,0.001967,172.31.33.0-255,66,157357,34,182170
2559,0.001979,172.217.194.0-255,7156,164513,34,182170
2560,0.001988,172.31.33.0-255,66,164579,34,182170
2561,0.002004,172.31.33.0-255,66,164645,34,182170
2562,0.002009,172.217.194.0-255,4320,168965,34,182170
2563,0.002011,172.31.33.0-255,66,169031,34,182170
2564,0.002058,172.31.33.0-255,66,169097,34,182170
2565,0.00207,172.31.33.0-255,66,169163,34,182170
2566,0.002089,172.31.33.0-255,66,169229,34,182170
2567,0.002094,172.217.194.0-255,4320,173549,34,182170
2568,0.002096,172.31.33.0-255,66,173615,34,182170
2569,0.002126,172.217.194.0-255,7156,180771,34,182170
2570,0.00213,172.31.33.0-255,66,180837,34,182170
2571,0.00214,172.31.33.0-255,66,180903,34,182170
2572,0.002191,172.31.33.0-255,66,180969,34,182170
2573,0.002223,172.217.194.0-255,766,181735,34,182170
2574,0.002233,172.31.33.0-255,66,181801,34,182170
2575,0.002243,172.31.33.0-255,66,181867,34,182170
2576,0.002261,172.31.33.0-255,66,181933,34,182170
2577,0.002275,172.31.33.0-255,66,181999,34,182170
2578,0.002285,172.31.33.0-255,66,182065,34,182170
2579,0.002309,172.217.194.0-255,105,182170,34,182170
2580,0.0,172.217.194.0-255,150,150,34,139447
2581,1.5e-05,172.31.33.0-255,66,216,34,139447
2582,2.2e-05,172.217.194.0-255,1484,1700,34,139447
2583,2.6e-05,172.31.33.0-255,66,1766,34,139447
2584,3.9e-05,172.217.194.0-255,2902,4668,34,139447
2585,4.3e-05,172.31.33.0-255,66,4734,34,139447
2586,5e-05,172.217.194.0-255,7156,11890,34,139447
2587,5.4e-05,172.31.33.0-255,66,11956,34,139447
2588,0.000109,172.31.33.0-255,66,12022,34,139447
2589,0.000114,172.217.194.0-255,2543,14565,34,139447
2590,0.000116,172.31.33.0-255,66,14631,34,139447
2591,0.000233,172.217.194.0-255,1484,16115,34,139447
2592,0.000237,172.31.33.0-255,66,16181,34,139447
2593,0.000243,172.217.194.0-255,2902,19083,34,139447
2594,0.000246,172.31.33.0-255,66,19149,34,139447
2595,0.000256,172.217.194.0-255,5738,24887,34,139447
2596,0.000258,172.31.33.0-255,66,24953,34,139447
2597,0.000289,172.31.33.0-255,66,25019,34,139447
2598,0.000314,172.217.194.0-255,1125,26144,34,139447
2599,0.000316,172.31.33.0-255,66,26210,34,139447
2600,0.000326,172.31.33.0-255,66,26276,34,139447
2601,0.000329,172.217.194.0-255,1419,27695,34,139447
2602,0.000331,172.31.33.0-255,66,27761,34,139447
2603,0.000368,172.217.194.0-255,383,28144,34,139447
2604,0.00037,172.31.33.0-255,66,28210,34,139447
2605,0.000487,172.217.194.0-255,1484,29694,34,139447
2606,0.000491,172.31.33.0-255,66,29760,34,139447
2607,0.000495,172.217.194.0-255,2902,32662,34,139447
2608,0.000497,172.31.33.0-255,66,32728,34,139447
2609,0.000504,172.217.194.0-255,5738,38466,34,139447
2610,0.00051,172.31.33.0-255,66,38532,34,139447
2611,0.000548,172.217.194.0-255,5738,44270,34,139447
2612,0.000551,172.31.33.0-255,66,44336,34,139447
2613,0.000576,172.217.194.0-255,2543,46879,34,139447
2614,0.000579,172.31.33.0-255,66,46945,34,139447
2615,0.000589,172.31.33.0-255,66,47011,34,139447
2616,0.000595,172.217.194.0-255,1484,48495,34,139447
2617,0.000619,172.217.194.0-255,5379,53874,34,139447
2618,0.000621,172.31.33.0-255,66,53940,34,139447
2619,0.001096,172.217.194.0-255,1484,55424,34,139447
2620,0.001103,172.217.194.0-255,2902,58326,34,139447
2621,0.001106,172.31.33.0-255,66,58392,34,139447
2622,0.001114,172.217.194.0-255,5738,64130,34,139447
2623,0.001115,172.31.33.0-255,66,64196,34,139447
2624,0.001171,172.31.33.0-255,66,64262,34,139447
2625,0.001177,172.217.194.0-255,5738,70000,34,139447
2626,0.001179,172.31.33.0-255,66,70066,34,139447
2627,0.001208,172.217.194.0-255,1484,71550,34,139447
2628,0.001222,172.217.194.0-255,3602,75152,34,139447
2629,0.001225,172.31.33.0-255,66,75218,34,139447
2630,0.001298,172.217.194.0-255,1484,76702,34,139447
2631,0.001304,172.217.194.0-255,2902,79604,34,139447
2632,0.001306,172.31.33.0-255,66,79670,34,139447
2633,0.001325,172.217.194.0-255,2902,82572,34,139447
2634,0.001327,172.31.33.0-255,66,82638,34,139447
2635,0.001352,172.217.194.0-255,2902,85540,34,139447
2636,0.001354,172.31.33.0-255,66,85606,34,139447
2637,0.001367,172.31.33.0-255,66,85672,34,139447
2638,0.001379,172.31.33.0-255,66,85738,34,139447
2639,0.001529,172.217.194.0-255,1484,87222,34,139447
2640,0.001535,172.217.194.0-255,2902,90124,34,139447
2641,0.001538,172.31.33.0-255,66,90190,34,139447
2642,0.001567,172.217.194.0-255,5738,95928,34,139447
2643,0.00157,172.31.33.0-255,66,95994,34,139447
2644,0.00158,172.31.33.0-255,66,96060,34,139447
2645,0.001619,172.217.194.0-255,1484,97544,34,139447
2646,0.001637,172.31.33.0-255,66,97610,34,139447
2647,0.001667,172.217.194.0-255,5020,102630,34,139447
2648,0.001669,172.31.33.0-255,66,102696,34,139447
2649,0.001911,172.217.194.0-255,1484,104180,34,139447
2650,0.001931,172.217.194.0-255,2902,107082,34,139447
2651,0.001934,172.31.33.0-255,66,107148,34,139447
2652,0.001941,172.217.194.0-255,5738,112886,34,139447
2653,0.001943,172.31.33.0-255,66,112952,34,139447
2654,0.001972,172.217.194.0-255,4320,117272,34,139447
2655,0.001975,172.31.33.0-255,66,117338,34,139447
2656,0.002009,172.31.33.0-255,66,117404,34,139447
2657,0.002015,172.217.194.0-255,5738,123142,34,139447
2658,0.002018,172.31.33.0-255,66,123208,34,139447
2659,0.002038,172.217.194.0-255,5020,128228,34,139447
2660,0.002041,172.31.33.0-255,66,128294,34,139447
2661,0.00213,172.217.194.0-255,1484,129778,34,139447
2662,0.002135,172.217.194.0-255,1484,131262,34,139447
2663,0.002137,172.31.33.0-255,66,131328,34,139447
2664,0.002168,172.217.194.0-255,1484,132812,34,139447
2665,0.002175,172.217.194.0-255,5738,138550,34,139447
2666,0.002177,172.31.33.0-255,66,138616,34,139447
2667,0.002215,172.31.33.0-255,66,138682,34,139447
2668,0.002255,172.31.33.0-255,66,138748,34,139447
2669,0.002271,172.31.33.0-255,66,138814,34,139447
2670,0.002284,172.31.33.0-255,66,138880,34,139447
2671,0.002299,172.31.33.0-255,66,138946,34,139447
2672,0.002311,172.31.33.0-255,66,139012,34,139447
2673,0.002397,172.31.33.0-255,66,139078,34,139447
2674,0.002408,172.31.33.0-255,66,139144,34,139447
2675,0.002421,172.31.33.0-255,66,139210,34,139447
2676,0.002434,172.31.33.0-255,66,139276,34,139447
2677,0.002447,172.31.33.0-255,66,139342,34,139447
2678,0.002477,172.217.194.0-255,105,139447,34,139447
2679,0.0,172.217.194.0-255,153,153,34,78024
2680,2.9e-05,172.31.33.0-255,66,219,34,78024
2681,3.6e-05,172.217.194.0-255,1484,1703,34,78024
2682,4.3e-05,172.31.33.0-255,66,1769,34,78024
2683,5.5e-05,172.217.194.0-255,2902,4671,34,78024
2684,5.8e-05,172.31.33.0-255,66,4737,34,78024
2685,0.000154,172.217.194.0-255,4320,9057,34,78024
2686,0.000159,172.31.33.0-255,66,9123,34,78024
2687,0.000187,172.217.194.0-255,2902,12025,34,78024
2688,0.00019,172.31.33.0-255,66,12091,34,78024
2689,0.000434,172.217.194.0-255,2020,14111,34,78024
2690,0.000439,172.31.33.0-255,66,14177,34,78024
2691,0.000521,172.217.194.0-255,4320,18497,34,78024
2692,0.000526,172.31.33.0-255,66,18563,34,78024
2693,0.000566,172.31.33.0-255,66,18629,34,78024
2694,0.001135,172.31.33.0-255,66,18695,34,78024
2695,0.001161,172.31.33.0-255,66,18761,34,78024
2696,0.001803,172.217.194.0-255,2902,21663,34,78024
2697,0.001805,172.31.33.0-255,66,21729,34,78024
2698,0.001834,172.31.33.0-255,66,21795,34,78024
2699,0.001861,172.31.33.0-255,66,21861,34,78024
2700,0.001872,172.217.194.0-255,1484,23345,34,78024
2701,0.001877,172.31.33.0-255,66,23411,34,78024
2702,0.002796,172.31.33.0-255,66,23477,34,78024
2703,0.002834,172.31.33.0-255,66,23543,34,78024
2704,0.003779,172.217.194.0-255,4320,27863,34,78024
2705,0.003784,172.31.33.0-255,66,27929,34,78024
2706,0.003827,172.31.33.0-255,66,27995,34,78024
2707,0.00477,172.217.194.0-255,4320,32315,34,78024
2708,0.004776,172.31.33.0-255,66,32381,34,78024
2709,0.004812,172.31.33.0-255,66,32447,34,78024
2710,0.005431,172.217.194.0-255,5738,38185,34,78024
2711,0.005436,172.31.33.0-255,66,38251,34,78024
2712,0.005463,172.217.194.0-255,7156,45407,34,78024
2713,0.005466,172.31.33.0-255,66,45473,34,78024
2714,0.00593,172.217.194.0-255,7156,52629,34,78024
2715,0.005938,172.31.33.0-255,66,52695,34,78024
2716,0.005985,172.31.33.0-255,66,52761,34,78024
2717,0.006996,172.31.33.0-255,66,52827,34,78024
2718,0.007034,172.31.33.0-255,66,52893,34,78024
2719,0.007907,172.217.194.0-255,1484,54377,34,78024
2720,0.00795,172.217.194.0-255,4320,58697,34,78024
2721,0.007954,172.31.33.0-255,66,58763,34,78024
2722,0.007995,172.31.33.0-255,66,58829,34,78024
2723,0.008012,172.217.194.0-255,4320,63149,34,78024
2724,0.008015,172.31.33.0-255,66,63215,34,78024
2725,0.008951,172.217.194.0-255,2902,66117,34,78024
2726,0.008955,172.31.33.0-255,66,66183,34,78024
2727,0.008989,172.31.33.0-255,66,66249,34,78024
2728,0.009036,172.217.194.0-255,7156,73405,34,78024
2729,0.00904,172.31.33.0-255,66,73471,34,78024
2730,0.009287,172.31.33.0-255,101,73572,34,78024
2731,0.009953,172.31.33.0-255,66,73638,34,78024
2732,0.009985,172.217.194.0-255,4320,77958,34,78024
2733,0.009988,172.31.33.0-255,66,78024,34,78024
2734,0.0,74.125.68.0-255,152,152,34,354210
2735,3e-05,172.31.33.0-255,66,218,34,354210
2736,3.7e-05,74.125.68.0-255,1484,1702,34,354210
2737,4e-05,172.31.33.0-255,66,1768,34,354210
2738,4.4e-05,74.125.68.0-255,2902,4670,34,354210
2739,5.5e-05,172.31.33.0-255,66,4736,34,354210
2740,7.3e-05,74.125.68.0-255,2902,7638,34,354210
2741,7.9e-05,172.31.33.0-255,66,7704,34,354210
2742,8.4e-05,74.125.68.0-255,4320,12024,34,354210
2743,8.6e-05,172.31.33.0-255,66,12090,34,354210
2744,0.000113,74.125.68.0-255,4320,16410,34,354210
2745,0.000115,172.31.33.0-255,66,16476,34,354210
2746,0.000141,74.125.68.0-255,4881,21357,34,354210
2747,0.000144,172.31.33.0-255,66,21423,34,354210
2748,0.000147,74.125.68.0-255,1484,22907,34,354210
2749,0.000149,172.31.33.0-255,66,22973,34,354210
2750,0.00018,172.31.33.0-255,66,23039,34,354210
2751,0.000243,74.125.68.0-255,1484,24523,34,354210
2752,0.000245,172.31.33.0-255,66,24589,34,354210
2753,0.000267,74.125.68.0-255,2902,27491,34,354210
2754,0.00027,172.31.33.0-255,66,27557,34,354210
2755,0.000273,74.125.68.0-255,1484,29041,34,354210
2756,0.000275,172.31.33.0-255,66,29107,34,354210
2757,0.000294,74.125.68.0-255,2902,32009,34,354210
2758,0.000296,172.31.33.0-255,66,32075,34,354210
2759,0.000343,172.31.33.0-255,66,32141,34,354210
2760,0.000349,74.125.68.0-255,5738,37879,34,354210
2761,0.000351,172.31.33.0-255,66,37945,34,354210
2762,0.000374,74.125.68.0-255,2902,40847,34,354210
2763,0.000381,172.31.33.0-255,66,40913,34,354210
2764,0.000388,74.125.68.0-255,7156,48069,34,354210
2765,0.000391,172.31.33.0-255,66,48135,34,354210
2766,0.000411,74.125.68.0-255,1402,49537,34,354210
2767,0.00061,74.125.68.0-255,377,49914,34,354210
2768,0.000614,172.31.33.0-255,66,49980,34,354210
2769,0.000945,74.125.68.0-255,1484,51464,34,354210
2770,0.000953,74.125.68.0-255,1484,52948,34,354210
2771,0.000956,172.31.33.0-255,66,53014,34,354210
2772,0.000979,74.125.68.0-255,1484,54498,34,354210
2773,0.000985,74.125.68.0-255,4320,58818,34,354210
2774,0.000987,172.31.33.0-255,66,58884,34,354210
2775,0.001017,74.125.68.0-255,1484,60368,34,354210
2776,0.001021,74.125.68.0-255,1484,61852,34,354210
2777,0.001023,172.31.33.0-255,66,61918,34,354210
2778,0.001046,74.125.68.0-255,1484,63402,34,354210
2779,0.001066,74.125.68.0-255,2902,66304,34,354210
2780,0.001068,172.31.33.0-255,66,66370,34,354210
2781,0.001093,74.125.68.0-255,1125,67495,34,354210
2782,0.001098,74.125.68.0-255,4320,71815,34,354210
2783,0.0011,172.31.33.0-255,66,71881,34,354210
2784,0.001126,74.125.68.0-255,2902,74783,34,354210
2785,0.001128,172.31.33.0-255,66,74849,34,354210
2786,0.001144,74.125.68.0-255,2902,77751,34,354210
2787,0.001146,172.31.33.0-255,66,77817,34,354210
2788,0.001169,74.125.68.0-255,1484,79301,34,354210
2789,0.001183,74.125.68.0-255,4320,83621,34,354210
2790,0.001185,172.31.33.0-255,66,83687,34,354210
2791,0.001205,74.125.68.0-255,5738,89425,34,354210
2792,0.001207,172.31.33.0-255,66,89491,34,354210
2793,0.001235,74.125.68.0-255,1484,90975,34,354210
2794,0.001242,74.125.68.0-255,5738,96713,34,354210
2795,0.001244,172.31.33.0-255,66,96779,34,354210
2796,0.001275,74.125.68.0-255,4472,101251,34,354210
2797,0.001277,172.31.33.0-255,66,101317,34,354210
2798,0.001394,74.125.68.0-255,1484,102801,34,354210
2799,0.001422,74.125.68.0-255,1484,104285,34,354210
2800,0.001424,172.31.33.0-255,66,104351,34,354210
2801,0.001484,74.125.68.0-255,2902,107253,34,354210
2802,0.001486,172.31.33.0-255,66,107319,34,354210
2803,0.001522,74.125.68.0-255,1484,108803,34,354210
2804,0.001534,74.125.68.0-255,1484,110287,34,354210
2805,0.001536,172.31.33.0-255,66,110353,34,354210
2806,0.001556,74.125.68.0-255,1484,111837,34,354210
2807,0.001577,74.125.68.0-255,2902,114739,34,354210
2808,0.001578,172.31.33.0-255,66,114805,34,354210
2809,0.001602,74.125.68.0-255,1484,116289,34,354210
2810,0.001608,74.125.68.0-255,5738,122027,34,354210
2811,0.001611,172.31.33.0-255,66,122093,34,354210
2812,0.00164,172.31.33.0-255,66,122159,34,354210
2813,0.00166,74.125.68.0-255,1484,123643,34,354210
2814,0.001674,74.125.68.0-255,3602,127245,34,354210
2815,0.001676,172.31.33.0-255,66,127311,34,354210
2816,0.001865,74.125.68.0-255,1484,128795,34,354210
2817,0.001881,74.125.68.0-255,1484,130279,34,354210
2818,0.001882,172.31.33.0-255,66,130345,34,354210
2819,0.001906,74.125.68.0-255,2902,133247,34,354210
2820,0.001907,172.31.33.0-255,66,133313,34,354210
2821,0.001911,74.125.68.0-255,2902,136215,34,354210
2822,0.001913,172.31.33.0-255,66,136281,34,354210
2823,0.001932,74.125.68.0-255,2902,139183,34,354210
2824,0.001934,172.31.33.0-255,66,139249,34,354210
2825,0.001938,74.125.68.0-255,2902,142151,34,354210
2826,0.00194,172.31.33.0-255,66,142217,34,354210
2827,0.001942,74.125.68.0-255,1484,143701,34,354210
2828,0.001965,74.125.68.0-255,2902,146603,34,354210
2829,0.001967,172.31.33.0-255,66,146669,34,354210
2830,0.001969,74.125.68.0-255,1484,148153,34,354210
2831,0.001995,74.125.68.0-255,7156,155309,34,354210
2832,0.001997,172.31.33.0-255,66,155375,34,354210
2833,0.002055,172.31.33.0-255,66,155441,34,354210
2834,0.002059,74.125.68.0-255,4320,159761,34,354210
2835,0.00206,172.31.33.0-255,66,159827,34,354210
2836,0.002065,74.125.68.0-255,5738,165565,34,354210
2837,0.00207,172.31.33.0-255,66,165631,34,354210
2838,0.002073,74.125.68.0-255,2902,168533,34,354210
2839,0.002075,172.31.33.0-255,66,168599,34,354210
2840,0.002109,172.31.33.0-255,66,168665,34,354210
2841,0.002117,74.125.68.0-255,4320,172985,34,354210
2842,0.002119,172.31.33.0-255,66,173051,34,354210
2843,0.002136,74.125.68.0-255,5020,178071,34,354210
2844,0.002138,172.31.33.0-255,66,178137,34,354210
2845,0.002187,74.125.68.0-255,4320,182457,34,354210
2846,0.002189,172.31.33.0-255,66,182523,34,354210
2847,0.002209,74.125.68.0-255,1484,184007,34,354210
2848,0.002215,74.125.68.0-255,7156,191163,34,354210
2849,0.002217,172.31.33.0-255,66,191229,34,354210
2850,0.002244,74.125.68.0-255,4320,195549,34,354210
2851,0.002246,172.31.33.0-255,66,195615,34,354210
2852,0.002269,74.125.68.0-255,5738,201353,34,354210
2853,0.002271,172.31.33.0-255,66,201419,34,354210
2854,0.002275,74.125.68.0-255,2902,204321,34,354210
2855,0.002276,172.31.33.0-255,66,204387,34,354210
2856,0.002313,172.31.33.0-255,66,204453,34,354210
2857,0.002336,74.125.68.0-255,1484,205937,34,354210
2858,0.002358,74.125.68.0-255,2902,208839,34,354210
2859,0.00236,172.31.33.0-255,66,208905,34,354210
2860,0.002372,74.125.68.0-255,1484,210389,34,354210
2861,0.002384,74.125.68.0-255,1484,211873,34,354210
2862,0.002386,172.31.33.0-255,66,211939,34,354210
2863,0.002404,74.125.68.0-255,1484,213423,34,354210
2864,0.002409,74.125.68.0-255,5738,219161,34,354210
2865,0.002411,172.31.33.0-255,66,219227,34,354210
2866,0.002435,74.125.68.0-255,2902,222129,34,354210
2867,0.002437,172.31.33.0-255,66,222195,34,354210
2868,0.00244,74.125.68.0-255,1484,223679,34,354210
2869,0.002442,74.125.68.0-255,1484,225163,34,354210
2870,0.002444,172.31.33.0-255,66,225229,34,354210
2871,0.002488,74.125.68.0-255,1484,226713,34,354210
2872,0.002501,74.125.68.0-255,1484,228197,34,354210
2873,0.002503,172.31.33.0-255,66,228263,34,354210
2874,0.002505,74.125.68.0-255,1484,229747,34,354210
2875,0.002541,74.125.68.0-255,2902,232649,34,354210
2876,0.002543,172.31.33.0-255,66,232715,34,354210
2877,0.002569,74.125.68.0-255,2902,235617,34,354210
2878,0.002571,172.31.33.0-255,66,235683,34,354210
2879,0.002583,74.125.68.0-255,3602,239285,34,354210
2880,0.002585,172.31.33.0-255,66,239351,34,354210
2881,0.002613,74.125.68.0-255,1484,240835,34,354210
2882,0.002615,74.125.68.0-255,1484,242319,34,354210
2883,0.002617,172.31.33.0-255,66,242385,34,354210
2884,0.002638,74.125.68.0-255,1484,243869,34,354210
2885,0.002652,74.125.68.0-255,1484,245353,34,354210
2886,0.002654,172.31.33.0-255,66,245419,34,354210
2887,0.00266,74.125.68.0-255,4320,249739,34,354210
2888,0.002662,172.31.33.0-255,66,249805,34,354210
2889,0.002688,74.125.68.0-255,4320,254125,34,354210
2890,0.002691,172.31.33.0-255,66,254191,34,354210
2891,0.002693,74.125.68.0-255,1484,255675,34,354210
2892,0.002695,74.125.68.0-255,1484,257159,34,354210
2893,0.002697,172.31.33.0-255,66,257225,34,354210
2894,0.002721,74.125.68.0-255,2902,260127,34,354210
2895,0.002723,172.31.33.0-255,66,260193,34,354210
2896,0.002747,74.125.68.0-255,2902,263095,34,354210
2897,0.002748,172.31.33.0-255,66,263161,34,354210
2898,0.002763,74.125.68.0-255,2902,266063,34,354210
2899,0.002765,172.31.33.0-255,66,266129,34,354210
2900,0.002777,74.125.68.0-255,2902,269031,34,354210
2901,0.002782,172.31.33.0-255,66,269097,34,354210
2902,0.002806,74.125.68.0-255,4320,273417,34,354210
2903,0.002808,172.31.33.0-255,66,273483,34,354210
2904,0.00281,74.125.68.0-255,766,274249,34,354210
2905,0.002833,74.125.68.0-255,1484,275733,34,354210
2906,0.002834,172.31.33.0-255,66,275799,34,354210
2907,0.002858,74.125.68.0-255,4320,280119,34,354210
2908,0.00286,172.31.33.0-255,66,280185,34,354210
2909,0.002865,74.125.68.0-255,5738,285923,34,354210
2910,0.002866,172.31.33.0-255,66,285989,34,354210
2911,0.002902,74.125.68.0-255,4320,290309,34,354210
2912,0.002904,172.31.33.0-255,66,290375,34,354210
2913,0.002915,74.125.68.0-255,4320,294695,34,354210
2914,0.002917,172.31.33.0-255,66,294761,34,354210
2915,0.002934,74.125.68.0-255,2902,297663,34,354210
2916,0.002936,172.31.33.0-255,66,297729,34,354210
2917,0.002959,74.125.68.0-255,7156,304885,34,354210
2918,0.002961,172.31.33.0-255,66,304951,34,354210
2919,0.002985,74.125.68.0-255,3602,308553,34,354210
2920,0.002987,172.31.33.0-255,66,308619,34,354210
2921,0.003013,74.125.68.0-255,4320,312939,34,354210
2922,0.003014,172.31.33.0-255,66,313005,34,354210
2923,0.003052,74.125.68.0-255,2902,315907,34,354210
2924,0.003054,172.31.33.0-255,66,315973,34,354210
2925,0.00307,74.125.68.0-255,2902,318875,34,354210
2926,0.003071,172.31.33.0-255,66,318941,34,354210
2927,0.003077,74.125.68.0-255,5738,324679,34,354210
2928,0.003079,172.31.33.0-255,66,324745,34,354210
2929,0.003084,74.125.68.0-255,7156,331901,34,354210
2930,0.003086,172.31.33.0-255,66,331967,34,354210
2931,0.003108,74.125.68.0-255,7156,339123,34,354210
2932,0.00311,172.31.33.0-255,66,339189,34,354210
2933,0.00313,74.125.68.0-255,2902,342091,34,354210
2934,0.003132,172.31.33.0-255,66,342157,34,354210
2935,0.003149,74.125.68.0-255,2902,345059,34,354210
2936,0.003151,172.31.33.0-255,66,345125,34,354210
2937,0.003169,74.125.68.0-255,6438,351563,34,354210
2938,0.003171,172.31.33.0-255,66,351629,34,354210
2939,0.003193,74.125.68.0-255,2239,353868,34,354210
2940,0.003195,172.31.33.0-255,66,353934,34,354210
2941,0.003236,74.125.68.0-255,105,354039,34,354210
2942,0.007159,172.31.33.0-255,66,354105,34,354210
2943,0.007869,172.31.33.0-255,105,354210,34,354210
2944,0.0,172.31.33.0-255,105,105,34,276
2945,0.002067,157.240.7.0-255,105,210,34,276
2946,0.002082,172.31.33.0-255,66,276,34,276
2947,0.0,172.31.33.0-255,105,105,34,342
2948,0.002258,74.125.130.0-255,66,171,34,342
2949,0.002292,74.125.130.0-255,105,276,34,342
2950,0.002296,172.31.33.0-255,66,342,34,342
2951,0.0,74.125.24.0-255,153,153,34,224089
2952,2e-05,172.31.33.0-255,66,219,34,224089
2953,2.7e-05,74.125.24.0-255,1484,1703,34,224089
2954,3.2e-05,172.31.33.0-255,66,1769,34,224089
2955,3.8e-05,74.125.24.0-255,2902,4671,34,224089
2956,4e-05,172.31.33.0-255,66,4737,34,224089
2957,4.8e-05,74.125.24.0-255,7156,11893,34,224089
2958,5e-05,172.31.33.0-255,66,11959,34,224089
2959,5.5e-05,74.125.24.0-255,2103,14062,34,224089
2960,5.8e-05,172.31.33.0-255,66,14128,34,224089
2961,0.000141,74.125.24.0-255,1484,15612,34,224089
2962,0.000144,172.31.33.0-255,66,15678,34,224089
2963,0.000149,74.125.24.0-255,2902,18580,34,224089
2964,0.000151,172.31.33.0-255,66,18646,34,224089
2965,0.000158,74.125.24.0-255,5738,24384,34,224089
2966,0.000161,172.31.33.0-255,66,24450,34,224089
2967,0.000184,74.125.24.0-255,6797,31247,34,224089
2968,0.000187,172.31.33.0-255,66,31313,34,224089
2969,0.000219,74.125.24.0-255,4320,35633,34,224089
2970,0.000221,172.31.33.0-255,66,35699,34,224089
2971,0.000243,74.125.24.0-255,5738,41437,34,224089
2972,0.000246,172.31.33.0-255,66,41503,34,224089
2973,0.000284,74.125.24.0-255,6797,48300,34,224089
2974,0.000287,172.31.33.0-255,66,48366,34,224089
2975,0.000302,74.125.24.0-255,5738,54104,34,224089
2976,0.000305,172.31.33.0-255,66,54170,34,224089
2977,0.000329,74.125.24.0-255,1484,55654,34,224089
2978,0.000331,172.31.33.0-255,66,55720,34,224089
2979,0.000342,172.31.33.0-255,66,55786,34,224089
2980,0.000373,74.125.24.0-255,1746,57532,34,224089
2981,0.000377,172.31.33.0-255,66,57598,34,224089
2982,0.00056,74.125.24.0-255,1484,59082,34,224089
2983,0.000579,74.125.24.0-255,2902,61984,34,224089
2984,0.000583,172.31.33.0-255,66,62050,34,224089
2985,0.00059,74.125.24.0-255,5738,67788,34,224089
2986,0.000592,172.31.33.0-255,66,67854,34,224089
2987,0.000626,172.31.33.0-255,66,67920,34,224089
2988,0.000647,74.125.24.0-255,2543,70463,34,224089
2989,0.000649,172.31.33.0-255,66,70529,34,224089
2990,0.000656,74.125.24.0-255,5738,76267,34,224089
2991,0.000658,172.31.33.0-255,66,76333,34,224089
2992,0.000682,74.125.24.0-255,3961,80294,34,224089
2993,0.000685,172.31.33.0-255,66,80360,34,224089
2994,0.001293,74.125.24.0-255,1484,81844,34,224089
2995,0.001298,74.125.24.0-255,1484,83328,34,224089
2996,0.001301,172.31.33.0-255,66,83394,34,224089
2997,0.001318,74.125.24.0-255,1484,84878,34,224089
2998,0.001325,74.125.24.0-255,5738,90616,34,224089
2999,0.001328,172.31.33.0-255,66,90682,34,224089
3000,0.001333,74.125.24.0-255,4320,95002,34,224089
3001,0.001336,172.31.33.0-255,66,95068,34,224089
3002,0.001378,172.31.33.0-255,66,95134,34,224089
3003,0.001388,172.31.33.0-255,66,95200,34,224089
3004,0.00146,74.125.24.0-255,1484,96684,34,224089
3005,0.001464,74.125.24.0-255,2902,99586,34,224089
3006,0.001469,172.31.33.0-255,66,99652,34,224089
3007,0.001477,74.125.24.0-255,1484,101136,34,224089
3008,0.001505,74.125.24.0-255,5738,106874,34,224089
3009,0.001507,172.31.33.0-255,66,106940,34,224089
3010,0.00154,172.31.33.0-255,66,107006,34,224089
3011,0.00155,172.31.33.0-255,66,107072,34,224089
3012,0.001566,74.125.24.0-255,766,107838,34,224089
3013,0.001584,74.125.24.0-255,7156,114994,34,224089
3014,0.001586,172.31.33.0-255,66,115060,34,224089
3015,0.001624,172.31.33.0-255,66,115126,34,224089
3016,0.001637,172.31.33.0-255,66,115192,34,224089
3017,0.001652,74.125.24.0-255,1484,116676,34,224089
3018,0.001654,74.125.24.0-255,1484,118160,34,224089
3019,0.001656,172.31.33.0-255,66,118226,34,224089
3020,0.001679,74.125.24.0-255,1484,119710,34,224089
3021,0.001685,74.125.24.0-255,5738,125448,34,224089
3022,0.001687,172.31.33.0-255,66,125514,34,224089
3023,0.001694,74.125.24.0-255,7156,132670,34,224089
3024,0.001696,172.31.33.0-255,66,132736,34,224089
3025,0.001714,74.125.24.0-255,5738,138474,34,224089
3026,0.001717,172.31.33.0-255,66,138540,34,224089
3027,0.001723,74.125.24.0-255,7156,145696,34,224089
3028,0.001725,172.31.33.0-255,66,145762,34,224089
3029,0.001761,74.125.24.0-255,3602,149364,34,224089
3030,0.001764,172.31.33.0-255,66,149430,34,224089
3031,0.001786,74.125.24.0-255,4320,153750,34,224089
3032,0.001788,172.31.33.0-255,66,153816,34,224089
3033,0.001805,74.125.24.0-255,4320,158136,34,224089
3034,0.001807,172.31.33.0-255,66,158202,34,224089
3035,0.00183,74.125.24.0-255,5738,163940,34,224089
3036,0.001833,172.31.33.0-255,66,164006,34,224089
3037,0.00185,172.31.33.0-255,66,164072,34,224089
3038,0.001856,74.125.24.0-255,7156,171228,34,224089
3039,0.001858,172.31.33.0-255,66,171294,34,224089
3040,0.001905,74.125.24.0-255,1484,172778,34,224089
3041,0.001929,172.31.33.0-255,66,172844,34,224089
3042,0.001947,74.125.24.0-255,7156,180000,34,224089
3043,0.001951,172.31.33.0-255,66,180066,34,224089
3044,0.001972,172.31.33.0-255,66,180132,34,224089
3045,0.001975,74.125.24.0-255,3602,183734,34,224089
3046,0.001977,172.31.33.0-255,66,183800,34,224089
3047,0.002067,74.125.24.0-255,1484,185284,34,224089
3048,0.002072,74.125.24.0-255,2902,188186,34,224089
3049,0.002074,172.31.33.0-255,66,188252,34,224089
3050,0.002078,74.125.24.0-255,2902,191154,34,224089
3051,0.00208,172.31.33.0-255,66,191220,34,224089
3052,0.002094,74.125.24.0-255,2902,194122,34,224089
3053,0.002096,172.31.33.0-255,66,194188,34,224089
3054,0.002122,172.31.33.0-255,66,194254,34,224089
3055,0.002141,74.125.24.0-255,2902,197156,34,224089
3056,0.002144,172.31.33.0-255,66,197222,34,224089
3057,0.002162,74.125.24.0-255,4320,201542,34,224089
3058,0.002164,172.31.33.0-255,66,201608,34,224089
3059,0.002187,74.125.24.0-255,6438,208046,34,224089
3060,0.00219,172.31.33.0-255,66,208112,34,224089
3061,0.002207,74.125.24.0-255,2902,211014,34,224089
3062,0.002209,172.31.33.0-255,66,211080,34,224089
3063,0.002245,172.31.33.0-255,66,211146,34,224089
3064,0.002257,172.31.33.0-255,66,211212,34,224089
3065,0.002261,74.125.24.0-255,4320,215532,34,224089
3066,0.002263,172.31.33.0-255,66,215598,34,224089
3067,0.002293,172.31.33.0-255,66,215664,34,224089
3068,0.002305,172.31.33.0-255,66,215730,34,224089
3069,0.002309,74.125.24.0-255,4320,220050,34,224089
3070,0.002311,172.31.33.0-255,66,220116,34,224089
3071,0.002331,74.125.24.0-255,3802,223918,34,224089
3072,0.002334,172.31.33.0-255,66,223984,34,224089
3073,0.002346,74.125.24.0-255,105,224089,34,224089
3074,0.0,172.217.194.0-255,219,219,34,156956
3075,2.8e-05,172.31.33.0-255,66,285,34,156956
3076,3.5e-05,172.217.194.0-255,1484,1769,34,156956
3077,3.9e-05,172.31.33.0-255,66,1835,34,156956
3078,4.4e-05,172.217.194.0-255,4320,6155,34,156956
3079,4.7e-05,172.31.33.0-255,66,6221,34,156956
3080,5.1e-05,172.217.194.0-255,4320,10541,34,156956
3081,5.4e-05,172.31.33.0-255,66,10607,34,156956
3082,8.4e-05,172.31.33.0-255,66,10673,34,156956
3083,0.000101,172.217.194.0-255,5738,16411,34,156956
3084,0.000103,172.31.33.0-255,66,16477,34,156956
3085,0.000117,172.217.194.0-255,3961,20438,34,156956
3086,0.000119,172.31.33.0-255,66,20504,34,156956
3087,0.000392,172.217.194.0-255,1484,21988,34,156956
3088,0.000396,172.31.33.0-255,66,22054,34,156956
3089,0.000401,172.217.194.0-255,2902,24956,34,156956
3090,0.000402,172.31.33.0-255,66,25022,34,156956
3091,0.000405,172.217.194.0-255,1484,26506,34,156956
3092,0.000407,172.31.33.0-255,66,26572,34,156956
3093,0.000426,172.217.194.0-255,4320,30892,34,156956
3094,0.000428,172.31.33.0-255,66,30958,34,156956
3095,0.00044,172.217.194.0-255,4320,35278,34,156956
3096,0.000443,172.31.33.0-255,66,35344,34,156956
3097,0.000484,172.31.33.0-255,66,35410,34,156956
3098,0.000488,172.31.33.0-255,66,35476,34,156956
3099,0.000491,172.217.194.0-255,98,35574,34,156956
3100,0.000492,172.31.33.0-255,66,35640,34,156956
3101,0.000616,172.217.194.0-255,1484,37124,34,156956
3102,0.00062,172.31.33.0-255,66,37190,34,156956
3103,0.000633,172.217.194.0-255,2902,40092,34,156956
3104,0.000636,172.31.33.0-255,66,40158,34,156956
3105,0.000645,172.217.194.0-255,4320,44478,34,156956
3106,0.000647,172.31.33.0-255,66,44544,34,156956
3107,0.000663,172.217.194.0-255,1484,46028,34,156956
3108,0.000666,172.217.194.0-255,1484,47512,34,156956
3109,0.000668,172.31.33.0-255,66,47578,34,156956
3110,0.000684,172.217.194.0-255,2902,50480,34,156956
3111,0.000686,172.31.33.0-255,66,50546,34,156956
3112,0.000705,172.217.194.0-255,6797,57343,34,156956
3113,0.000708,172.31.33.0-255,66,57409,34,156956
3114,0.000712,172.217.194.0-255,4320,61729,34,156956
3115,0.000715,172.31.33.0-255,66,61795,34,156956
3116,0.000744,172.31.33.0-255,66,61861,34,156956
3117,0.000775,172.217.194.0-255,4320,66181,34,156956
3118,0.000778,172.31.33.0-255,66,66247,34,156956
3119,0.000783,172.217.194.0-255,5738,71985,34,156956
3120,0.000785,172.31.33.0-255,66,72051,34,156956
3121,0.000789,172.217.194.0-255,2902,74953,34,156956
3122,0.000792,172.31.33.0-255,66,75019,34,156956
3123,0.000811,172.31.33.0-255,66,75085,34,156956
3124,0.000814,172.217.194.0-255,1484,76569,34,156956
3125,0.000849,172.31.33.0-255,66,76635,34,156956
3126,0.000881,172.217.194.0-255,5738,82373,34,156956
3127,0.000883,172.31.33.0-255,66,82439,34,156956
3128,0.000901,172.217.194.0-255,7156,89595,34,156956
3129,0.000903,172.31.33.0-255,66,89661,34,156956
3130,0.000908,172.217.194.0-255,3679,93340,34,156956
3131,0.000909,172.31.33.0-255,66,93406,34,156956
3132,0.000925,172.217.194.0-255,7156,100562,34,156956
3133,0.000927,172.31.33.0-255,66,100628,34,156956
3134,0.000963,172.31.33.0-255,66,100694,34,156956
3135,0.000976,172.217.194.0-255,766,101460,34,156956
3136,0.000978,172.31.33.0-255,66,101526,34,156956
3137,0.001025,172.217.194.0-255,1484,103010,34,156956
3138,0.001028,172.31.33.0-255,66,103076,34,156956
3139,0.001033,172.217.194.0-255,2902,105978,34,156956
3140,0.001035,172.31.33.0-255,66,106044,34,156956
3141,0.001046,172.217.194.0-255,2902,108946,34,156956
3142,0.001049,172.31.33.0-255,66,109012,34,156956
3143,0.00106,172.217.194.0-255,2902,111914,34,156956
3144,0.001062,172.217.194.0-255,1484,113398,34,156956
3145,0.001063,172.31.33.0-255,66,113464,34,156956
3146,0.001089,172.31.33.0-255,66,113530,34,156956
3147,0.001128,172.31.33.0-255,66,113596,34,156956
3148,0.001144,172.217.194.0-255,766,114362,34,156956
3149,0.001449,172.217.194.0-255,1484,115846,34,156956
3150,0.001452,172.31.33.0-255,66,115912,34,156956
3151,0.001457,172.217.194.0-255,2902,118814,34,156956
3152,0.001459,172.31.33.0-255,66,118880,34,156956
3153,0.001475,172.217.194.0-255,5738,124618,34,156956
3154,0.001478,172.31.33.0-255,66,124684,34,156956
3155,0.001481,172.217.194.0-255,1484,126168,34,156956
3156,0.00151,172.31.33.0-255,66,126234,34,156956
3157,0.001535,172.217.194.0-255,7156,133390,34,156956
3158,0.001539,172.31.33.0-255,66,133456,34,156956
3159,0.001555,172.217.194.0-255,6438,139894,34,156956
3160,0.001558,172.31.33.0-255,66,139960,34,156956
3161,0.001718,172.217.194.0-255,1484,141444,34,156956
3162,0.001733,172.217.194.0-255,2902,144346,34,156956
3163,0.001736,172.31.33.0-255,66,144412,34,156956
3164,0.001758,172.217.194.0-255,5738,150150,34,156956
3165,0.001761,172.31.33.0-255,66,150216,34,156956
3166,0.001794,172.31.33.0-255,66,150282,34,156956
3167,0.001799,172.31.33.0-255,66,150348,34,156956
3168,0.001845,172.31.33.0-255,66,150414,34,156956
3169,0.001873,172.31.33.0-255,66,150480,34,156956
3170,0.001884,172.31.33.0-255,66,150546,34,156956
3171,0.001949,172.217.194.0-255,5738,156284,34,156956
3172,0.001953,172.31.33.0-255,66,156350,34,156956
3173,0.001996,172.31.33.0-255,66,156416,34,156956
3174,0.002007,172.31.33.0-255,66,156482,34,156956
3175,0.002019,172.31.33.0-255,66,156548,34,156956
3176,0.002032,172.31.33.0-255,66,156614,34,156956
3177,0.002047,172.217.194.0-255,105,156719,34,156956
3178,0.002969,172.31.33.0-255,66,156785,34,156956
3179,0.002994,172.31.33.0-255,105,156890,34,156956
3180,0.005237,172.217.194.0-255,66,156956,34,156956
3181,0.0,172.217.27.0-255,143,143,34,272503
3182,1.4e-05,172.31.33.0-255,66,209,34,272503
3183,2e-05,172.217.27.0-255,1484,1693,34,272503
3184,2.3e-05,172.31.33.0-255,66,1759,34,272503
3185,2.9e-05,172.217.27.0-255,2902,4661,34,272503
3186,3.4e-05,172.31.33.0-255,66,4727,34,272503
3187,4.7e-05,172.217.27.0-255,7156,11883,34,272503
3188,5e-05,172.31.33.0-255,66,11949,34,272503
3189,7.3e-05,172.217.27.0-255,4320,16269,34,272503
3190,7.5e-05,172.31.33.0-255,66,16335,34,272503
3191,0.00011,172.31.33.0-255,66,16401,34,272503
3192,0.000115,172.217.27.0-255,5379,21780,34,272503
3193,0.000118,172.31.33.0-255,66,21846,34,272503
3194,0.000185,172.217.27.0-255,1484,23330,34,272503
3195,0.000187,172.31.33.0-255,66,23396,34,272503
3196,0.000209,172.217.27.0-255,2902,26298,34,272503
3197,0.000212,172.31.33.0-255,66,26364,34,272503
3198,0.000219,172.217.27.0-255,5738,32102,34,272503
3199,0.000221,172.31.33.0-255,66,32168,34,272503
3200,0.000228,172.217.27.0-255,6797,38965,34,272503
3201,0.000231,172.31.33.0-255,66,39031,34,272503
3202,0.000249,172.217.27.0-255,7156,46187,34,272503
3203,0.000252,172.31.33.0-255,66,46253,34,272503
3204,0.000292,172.217.27.0-255,7156,53409,34,272503
3205,0.000294,172.31.33.0-255,66,53475,34,272503
3206,0.00031,172.217.27.0-255,2543,56018,34,272503
3207,0.000313,172.31.33.0-255,66,56084,34,272503
3208,0.000386,172.217.27.0-255,356,56440,34,272503
3209,0.000389,172.31.33.0-255,66,56506,34,272503
3210,0.000668,172.217.27.0-255,386,56892,34,272503
3211,0.000672,172.31.33.0-255,66,56958,34,272503
3212,0.000802,172.217.27.0-255,1484,58442,34,272503
3213,0.000809,172.217.27.0-255,2902,61344,34,272503
3214,0.000813,172.31.33.0-255,66,61410,34,272503
3215,0.000818,172.217.27.0-255,4320,65730,34,272503
3216,0.000821,172.31.33.0-255,66,65796,34,272503
3217,0.000845,172.217.27.0-255,1484,67280,34,272503
3218,0.000851,172.217.27.0-255,5738,73018,34,272503
3219,0.000854,172.31.33.0-255,66,73084,34,272503
3220,0.000859,172.217.27.0-255,4320,77404,34,272503
3221,0.000861,172.31.33.0-255,66,77470,34,272503
3222,0.000874,172.217.27.0-255,2543,80013,34,272503
3223,0.000877,172.31.33.0-255,66,80079,34,272503
3224,0.000891,172.217.27.0-255,5738,85817,34,272503
3225,0.000894,172.31.33.0-255,66,85883,34,272503
3226,0.000912,172.217.27.0-255,5379,91262,34,272503
3227,0.000915,172.31.33.0-255,66,91328,34,272503
3228,0.001091,172.217.27.0-255,1484,92812,34,272503
3229,0.001112,172.217.27.0-255,2902,95714,34,272503
3230,0.001115,172.31.33.0-255,66,95780,34,272503
3231,0.001122,172.217.27.0-255,5738,101518,34,272503
3232,0.001125,172.31.33.0-255,66,101584,34,272503
3233,0.001161,172.31.33.0-255,66,101650,34,272503
3234,0.001174,172.31.33.0-255,66,101716,34,272503
3235,0.001192,172.217.27.0-255,5020,106736,34,272503
3236,0.001195,172.31.33.0-255,66,106802,34,272503
3237,0.001242,172.217.27.0-255,1484,108286,34,272503
3238,0.001247,172.217.27.0-255,2902,111188,34,272503
3239,0.001249,172.31.33.0-255,66,111254,34,272503
3240,0.00131,172.217.27.0-255,5738,116992,34,272503
3241,0.001313,172.31.33.0-255,66,117058,34,272503
3242,0.001327,172.31.33.0-255,66,117124,34,272503
3243,0.001356,172.31.33.0-255,66,117190,34,272503
3244,0.001432,172.217.27.0-255,1484,118674,34,272503
3245,0.001439,172.217.27.0-255,2902,121576,34,272503
3246,0.001442,172.31.33.0-255,66,121642,34,272503
3247,0.001459,172.217.27.0-255,5738,127380,34,272503
3248,0.001462,172.31.33.0-255,66,127446,34,272503
3249,0.001493,172.31.33.0-255,66,127512,34,272503
3250,0.001511,172.217.27.0-255,1484,128996,34,272503
3251,0.001523,172.31.33.0-255,66,129062,34,272503
3252,0.001525,172.217.27.0-255,766,129828,34,272503
3253,0.001591,172.217.27.0-255,1484,131312,34,272503
3254,0.001594,172.31.33.0-255,66,131378,34,272503
3255,0.0016,172.217.27.0-255,2902,134280,34,272503
3256,0.001602,172.31.33.0-255,66,134346,34,272503
3257,0.001605,172.217.27.0-255,1484,135830,34,272503
3258,0.00163,172.217.27.0-255,4320,140150,34,272503
3259,0.001633,172.31.33.0-255,66,140216,34,272503
3260,0.001644,172.31.33.0-255,66,140282,34,272503
3261,0.00166,172.217.27.0-255,2902,143184,34,272503
3262,0.001662,172.31.33.0-255,66,143250,34,272503
3263,0.001665,172.217.27.0-255,1484,144734,34,272503
3264,0.001669,172.217.27.0-255,2902,147636,34,272503
3265,0.001671,172.31.33.0-255,66,147702,34,272503
3266,0.001688,172.217.27.0-255,4320,152022,34,272503
3267,0.001691,172.31.33.0-255,66,152088,34,272503
3268,0.001694,172.217.27.0-255,2184,154272,34,272503
3269,0.001696,172.31.33.0-255,66,154338,34,272503
3270,0.001745,172.217.27.0-255,1484,155822,34,272503
3271,0.00175,172.217.27.0-255,2902,158724,34,272503
3272,0.001773,172.217.27.0-255,5738,164462,34,272503
3273,0.001793,172.217.27.0-255,5738,170200,34,272503
3274,0.001825,172.217.27.0-255,7156,177356,34,272503
3275,0.001838,172.217.27.0-255,2184,179540,34,272503
3276,0.001882,172.217.27.0-255,1484,181024,34,272503
3277,0.001895,172.217.27.0-255,2902,183926,34,272503
3278,0.001898,172.217.27.0-255,1484,185410,34,272503
3279,0.001916,172.217.27.0-255,2902,188312,34,272503
3280,0.001932,172.217.27.0-255,5738,194050,34,272503
3281,0.001952,172.217.27.0-255,5738,199788,34,272503
3282,0.001964,172.217.27.0-255,4320,204108,34,272503
3283,0.001973,172.217.27.0-255,1484,205592,34,272503
3284,0.001979,172.31.33.0-255,66,205658,34,272503
3285,0.001997,172.217.27.0-255,1484,207142,34,272503
3286,0.002016,172.217.27.0-255,6438,213580,34,272503
3287,0.002034,172.31.33.0-255,66,213646,34,272503
3288,0.002063,172.217.27.0-255,1484,215130,34,272503
3289,0.002068,172.217.27.0-255,2902,218032,34,272503
3290,0.002074,172.217.27.0-255,5738,223770,34,272503
3291,0.002087,172.217.27.0-255,4320,228090,34,272503
3292,0.002167,172.217.27.0-255,766,228856,34,272503
3293,0.002181,172.217.27.0-255,1484,230340,34,272503
3294,0.002186,172.31.33.0-255,66,230406,34,272503
3295,0.002197,172.217.27.0-255,4320,234726,34,272503
3296,0.002201,172.217.27.0-255,2902,237628,34,272503
3297,0.002207,172.31.33.0-255,66,237694,34,272503
3298,0.002224,172.217.27.0-255,4320,242014,34,272503
3299,0.002236,172.31.33.0-255,66,242080,34,272503
3300,0.00225,172.217.27.0-255,1484,243564,34,272503
3301,0.002254,172.31.33.0-255,66,243630,34,272503
3302,0.002277,172.217.27.0-255,5738,249368,34,272503
3303,0.002288,172.217.27.0-255,1484,250852,34,272503
3304,0.002302,172.217.27.0-255,3602,254454,34,272503
3305,0.002307,172.31.33.0-255,66,254520,34,272503
3306,0.002339,172.217.27.0-255,1484,256004,34,272503
3307,0.002353,172.217.27.0-255,2902,258906,34,272503
3308,0.002359,172.217.27.0-255,4320,263226,34,272503
3309,0.002369,172.217.27.0-255,1484,264710,34,272503
3310,0.002375,172.31.33.0-255,66,264776,34,272503
3311,0.002386,172.217.27.0-255,7156,271932,34,272503
3312,0.002391,172.31.33.0-255,66,271998,34,272503
3313,0.002418,172.217.27.0-255,97,272095,34,272503
3314,0.002431,172.31.33.0-255,66,272161,34,272503
3315,0.002473,172.217.27.0-255,105,272266,34,272503
3316,0.004786,172.31.33.0-255,66,272332,34,272503
3317,0.004819,172.31.33.0-255,105,272437,34,272503
3318,0.006411,172.217.27.0-255,66,272503,34,272503
3319,0.0,74.125.130.0-255,153,153,34,250395
3320,2.3e-05,172.31.33.0-255,66,219,34,250395
3321,2.9e-05,74.125.130.0-255,1484,1703,34,250395
3322,3.3e-05,172.31.33.0-255,66,1769,34,250395
3323,3.7e-05,74.125.130.0-255,2902,4671,34,250395
3324,3.9e-05,172.31.33.0-255,66,4737,34,250395
3325,5.1e-05,74.125.130.0-255,5738,10475,34,250395
3326,5.4e-05,172.31.33.0-255,66,10541,34,250395
3327,5.9e-05,74.125.130.0-255,4320,14861,34,250395
3328,6.1e-05,172.31.33.0-255,66,14927,34,250395
3329,8.5e-05,74.125.130.0-255,2047,16974,34,250395
3330,8.8e-05,172.31.33.0-255,66,17040,34,250395
3331,0.000102,172.31.33.0-255,66,17106,34,250395
3332,0.000132,74.125.130.0-255,5379,22485,34,250395
3333,0.000135,172.31.33.0-255,66,22551,34,250395
3334,0.000163,74.125.130.0-255,1484,24035,34,250395
3335,0.000165,172.31.33.0-255,66,24101,34,250395
3336,0.000183,74.125.130.0-255,2902,27003,34,250395
3337,0.000185,172.31.33.0-255,66,27069,34,250395
3338,0.000192,74.125.130.0-255,5738,32807,34,250395
3339,0.000194,172.31.33.0-255,66,32873,34,250395
3340,0.0002,74.125.130.0-255,6797,39670,34,250395
3341,0.000201,172.31.33.0-255,66,39736,34,250395
3342,0.000524,74.125.130.0-255,1484,41220,34,250395
3343,0.000528,172.31.33.0-255,66,41286,34,250395
3344,0.00055,74.125.130.0-255,1484,42770,34,250395
3345,0.000554,172.31.33.0-255,66,42836,34,250395
3346,0.000563,74.125.130.0-255,1484,44320,34,250395
3347,0.000565,172.31.33.0-255,66,44386,34,250395
3348,0.000575,74.125.130.0-255,5738,50124,34,250395
3349,0.000577,172.31.33.0-255,66,50190,34,250395
3350,0.000582,74.125.130.0-255,5738,55928,34,250395
3351,0.000584,172.31.33.0-255,66,55994,34,250395
3352,0.000587,74.125.130.0-255,1125,57119,34,250395
3353,0.000589,172.31.33.0-255,66,57185,34,250395
3354,0.001631,74.125.130.0-255,1484,58669,34,250395
3355,0.001637,172.31.33.0-255,66,58735,34,250395
3356,0.001646,74.125.130.0-255,2902,61637,34,250395
3357,0.001648,172.31.33.0-255,66,61703,34,250395
3358,0.001658,74.125.130.0-255,4320,66023,34,250395
3359,0.00166,172.31.33.0-255,66,66089,34,250395
3360,0.001682,74.125.130.0-255,1484,67573,34,250395
3361,0.001685,172.31.33.0-255,66,67639,34,250395
3362,0.001692,74.125.130.0-255,1484,69123,34,250395
3363,0.001694,172.31.33.0-255,66,69189,34,250395
3364,0.001698,74.125.130.0-255,2902,72091,34,250395
3365,0.0017,172.31.33.0-255,66,72157,34,250395
3366,0.001706,74.125.130.0-255,5738,77895,34,250395
3367,0.001708,172.31.33.0-255,66,77961,34,250395
3368,0.001733,74.125.130.0-255,4320,82281,34,250395
3369,0.001735,172.31.33.0-255,66,82347,34,250395
3370,0.001758,74.125.130.0-255,1484,83831,34,250395
3371,0.00176,172.31.33.0-255,66,83897,34,250395
3372,0.001778,74.125.130.0-255,1484,85381,34,250395
3373,0.00178,172.31.33.0-255,66,85447,34,250395
3374,0.001785,74.125.130.0-255,4320,89767,34,250395
3375,0.001787,172.31.33.0-255,66,89833,34,250395
3376,0.001832,74.125.130.0-255,2184,92017,34,250395
3377,0.001834,172.31.33.0-255,66,92083,34,250395
3378,0.002243,74.125.130.0-255,1484,93567,34,250395
3379,0.002257,74.125.130.0-255,2902,96469,34,250395
3380,0.002275,74.125.130.0-255,5738,102207,34,250395
3381,0.002278,74.125.130.0-255,1484,103691,34,250395
3382,0.002301,74.125.130.0-255,5738,109429,34,250395
3383,0.002303,74.125.130.0-255,1484,110913,34,250395
3384,0.002315,74.125.130.0-255,2902,113815,34,250395
3385,0.002335,74.125.130.0-255,5738,119553,34,250395
3386,0.002347,74.125.130.0-255,4320,123873,34,250395
3387,0.002381,74.125.130.0-255,2184,126057,34,250395
3388,0.002525,74.125.130.0-255,1484,127541,34,250395
3389,0.002527,74.125.130.0-255,1484,129025,34,250395
3390,0.002537,74.125.130.0-255,1484,130509,34,250395
3391,0.002542,74.125.130.0-255,4320,134829,34,250395
3392,0.002556,74.125.130.0-255,1484,136313,34,250395
3393,0.002568,74.125.130.0-255,1484,137797,34,250395
3394,0.002598,74.125.130.0-255,2902,140699,34,250395
3395,0.002621,74.125.130.0-255,4320,145019,34,250395
3396,0.002632,74.125.130.0-255,2902,147921,34,250395
3397,0.002634,74.125.130.0-255,1484,149405,34,250395
3398,0.002637,74.125.130.0-255,2184,151589,34,250395
3399,0.002715,74.125.130.0-255,1484,153073,34,250395
3400,0.002719,74.125.130.0-255,2902,155975,34,250395
3401,0.002728,74.125.130.0-255,1484,157459,34,250395
3402,0.00274,74.125.130.0-255,2902,160361,34,250395
3403,0.002742,74.125.130.0-255,1484,161845,34,250395
3404,0.002756,74.125.130.0-255,1484,163329,34,250395
3405,0.002779,74.125.130.0-255,4320,167649,34,250395
3406,0.002797,74.125.130.0-255,7156,174805,34,250395
3407,0.0028,74.125.130.0-255,1484,176289,34,250395
3408,0.002817,74.125.130.0-255,4320,180609,34,250395
3409,0.00283,74.125.130.0-255,1484,182093,34,250395
3410,0.002845,74.125.130.0-255,1484,183577,34,250395
3411,0.00285,74.125.130.0-255,5020,188597,34,250395
3412,0.002854,74.125.130.0-255,4320,192917,34,250395
3413,0.00287,74.125.130.0-255,7156,200073,34,250395
3414,0.002904,74.125.130.0-255,2902,202975,34,250395
3415,0.002943,74.125.130.0-255,2902,205877,34,250395
3416,0.002984,74.125.130.0-255,2902,208779,34,250395
3417,0.003077,74.125.130.0-255,1484,210263,34,250395
3418,0.003088,74.125.130.0-255,2902,213165,34,250395
3419,0.003102,74.125.130.0-255,5020,218185,34,250395
3420,0.003158,74.125.130.0-255,2902,221087,34,250395
3421,0.003224,74.125.130.0-255,4320,225407,34,250395
3422,0.003345,74.125.130.0-255,1484,226891,34,250395
3423,0.003365,74.125.130.0-255,1484,228375,34,250395
3424,0.003385,74.125.130.0-255,2902,231277,34,250395
3425,0.00339,172.31.33.0-255,78,231355,34,250395
3426,0.003393,74.125.130.0-255,1484,232839,34,250395
3427,0.003414,74.125.130.0-255,1484,234323,34,250395
3428,0.003421,74.125.130.0-255,7156,241479,34,250395
3429,0.003435,74.125.130.0-255,4320,245799,34,250395
3430,0.003454,74.125.130.0-255,4320,250119,34,250395
3431,0.003528,74.125.130.0-255,105,250224,34,250395
3432,0.005704,172.31.33.0-255,66,250290,34,250395
3433,0.008034,172.31.33.0-255,105,250395,34,250395
3434,0.0,216.58.221.0-255,152,152,34,311889
3435,3.1e-05,172.31.33.0-255,66,218,34,311889
3436,3.9e-05,216.58.221.0-255,1484,1702,34,311889
3437,4.3e-05,172.31.33.0-255,66,1768,34,311889
3438,5e-05,216.58.221.0-255,2902,4670,34,311889
3439,5.3e-05,172.31.33.0-255,66,4736,34,311889
3440,5.7e-05,216.58.221.0-255,2902,7638,34,311889
3441,6e-05,172.31.33.0-255,66,7704,34,311889
3442,8.7e-05,216.58.221.0-255,4320,12024,34,311889
3443,9.2e-05,216.58.221.0-255,4320,16344,34,311889
3444,9.3e-05,172.31.33.0-255,66,16410,34,311889
3445,9.6e-05,172.31.33.0-255,66,16476,34,311889
3446,0.000118,216.58.221.0-255,4895,21371,34,311889
3447,0.000121,172.31.33.0-255,66,21437,34,311889
3448,0.00013,172.31.33.0-255,66,21503,34,311889
3449,0.000132,216.58.221.0-255,1125,22628,34,311889
3450,0.000134,172.31.33.0-255,66,22694,34,311889
3451,0.000297,216.58.221.0-255,1484,24178,34,311889
3452,0.000302,172.31.33.0-255,66,24244,34,311889
3453,0.000316,216.58.221.0-255,2902,27146,34,311889
3454,0.000319,172.31.33.0-255,66,27212,34,311889
3455,0.000325,216.58.221.0-255,4320,31532,34,311889
3456,0.000328,172.31.33.0-255,66,31598,34,311889
3457,0.000348,216.58.221.0-255,5738,37336,34,311889
3458,0.000353,172.31.33.0-255,66,37402,34,311889
3459,0.000373,216.58.221.0-255,1484,38886,34,311889
3460,0.000376,172.31.33.0-255,66,38952,34,311889
3461,0.00042,216.58.221.0-255,1125,40077,34,311889
3462,0.000423,172.31.33.0-255,66,40143,34,311889
3463,0.000639,216.58.221.0-255,1484,41627,34,311889
3464,0.000644,172.31.33.0-255,66,41693,34,311889
3465,0.000664,216.58.221.0-255,2902,44595,34,311889
3466,0.000667,172.31.33.0-255,66,44661,34,311889
3467,0.000673,216.58.221.0-255,4320,48981,34,311889
3468,0.000675,172.31.33.0-255,66,49047,34,311889
3469,0.00069,216.58.221.0-255,1484,50531,34,311889
3470,0.000696,216.58.221.0-255,2902,53433,34,311889
3471,0.0007,216.58.221.0-255,3961,57394,34,311889
3472,0.0007,172.31.33.0-255,66,57460,34,311889
3473,0.000702,216.58.221.0-255,356,57816,34,311889
3474,0.000703,172.31.33.0-255,66,57882,34,311889
3475,0.000868,172.31.33.0-255,66,57948,34,311889
3476,0.001329,216.58.221.0-255,137,58085,34,311889
3477,0.001373,216.58.221.0-255,1484,59569,34,311889
3478,0.001379,172.31.33.0-255,66,59635,34,311889
3479,0.001438,216.58.221.0-255,1484,61119,34,311889
3480,0.001471,216.58.221.0-255,1484,62603,34,311889
3481,0.001475,172.31.33.0-255,66,62669,34,311889
3482,0.001504,216.58.221.0-255,2902,65571,34,311889
3483,0.001508,172.31.33.0-255,66,65637,34,311889
3484,0.001514,216.58.221.0-255,5738,71375,34,311889
3485,0.001517,172.31.33.0-255,66,71441,34,311889
3486,0.001553,216.58.221.0-255,3961,75402,34,311889
3487,0.001558,172.31.33.0-255,66,75468,34,311889
3488,0.001857,216.58.221.0-255,1484,76952,34,311889
3489,0.001872,216.58.221.0-255,2902,79854,34,311889
3490,0.001876,172.31.33.0-255,66,79920,34,311889
3491,0.001895,216.58.221.0-255,4320,84240,34,311889
3492,0.001897,172.31.33.0-255,66,84306,34,311889
3493,0.001912,216.58.221.0-255,1484,85790,34,311889
3494,0.001918,216.58.221.0-255,6797,92587,34,311889
3495,0.00192,172.31.33.0-255,66,92653,34,311889
3496,0.001957,216.58.221.0-255,4320,96973,34,311889
3497,0.001959,172.31.33.0-255,66,97039,34,311889
3498,0.001964,216.58.221.0-255,4320,101359,34,311889
3499,0.001965,172.31.33.0-255,66,101425,34,311889
3500,0.001971,216.58.221.0-255,5738,107163,34,311889
3501,0.001973,172.31.33.0-255,66,107229,34,311889
3502,0.001977,216.58.221.0-255,2902,110131,34,311889
3503,0.00198,172.31.33.0-255,66,110197,34,311889
3504,0.001982,216.58.221.0-255,1484,111681,34,311889
3505,0.001986,216.58.221.0-255,2902,114583,34,311889
3506,0.001988,172.31.33.0-255,66,114649,34,311889
3507,0.002007,216.58.221.0-255,1484,116133,34,311889
3508,0.002014,216.58.221.0-255,7156,123289,34,311889
3509,0.002017,172.31.33.0-255,66,123355,34,311889
3510,0.002034,216.58.221.0-255,2902,126257,34,311889
3511,0.002037,172.31.33.0-255,66,126323,34,311889
3512,0.002039,216.58.221.0-255,766,127089,34,311889
3513,0.002072,216.58.221.0-255,1484,128573,34,311889
3514,0.002075,172.31.33.0-255,66,128639,34,311889
3515,0.002128,216.58.221.0-255,1484,130123,34,311889
3516,0.002196,216.58.221.0-255,1484,131607,34,311889
3517,0.002199,172.31.33.0-255,66,131673,34,311889
3518,0.002202,216.58.221.0-255,1484,133157,34,311889
3519,0.002216,216.58.221.0-255,2902,136059,34,311889
3520,0.002218,172.31.33.0-255,66,136125,34,311889
3521,0.00224,216.58.221.0-255,1484,137609,34,311889
3522,0.002251,216.58.221.0-255,1484,139093,34,311889
3523,0.002254,172.31.33.0-255,66,139159,34,311889
3524,0.002268,216.58.221.0-255,1484,140643,34,311889
3525,0.002272,216.58.221.0-255,1484,142127,34,311889
3526,0.002274,172.31.33.0-255,66,142193,34,311889
3527,0.002278,216.58.221.0-255,2902,145095,34,311889
3528,0.002281,172.31.33.0-255,66,145161,34,311889
3529,0.002299,216.58.221.0-255,5738,150899,34,311889
3530,0.002301,172.31.33.0-255,66,150965,34,311889
3531,0.002303,216.58.221.0-255,1484,152449,34,311889
3532,0.002324,216.58.221.0-255,4320,156769,34,311889
3533,0.002327,172.31.33.0-255,66,156835,34,311889
3534,0.002343,216.58.221.0-255,1484,158319,34,311889
3535,0.00236,216.58.221.0-255,3602,161921,34,311889
3536,0.002363,172.31.33.0-255,66,161987,34,311889
3537,0.002747,216.58.221.0-255,1484,163471,34,311889
3538,0.002764,216.58.221.0-255,1484,164955,34,311889
3539,0.002765,172.31.33.0-255,66,165021,34,311889
3540,0.002781,216.58.221.0-255,2902,167923,34,311889
3541,0.002783,172.31.33.0-255,66,167989,34,311889
3542,0.002799,216.58.221.0-255,1484,169473,34,311889
3543,0.002815,216.58.221.0-255,4320,173793,34,311889
3544,0.002817,172.31.33.0-255,66,173859,34,311889
3545,0.002819,216.58.221.0-255,1484,175343,34,311889
3546,0.002823,216.58.221.0-255,2902,178245,34,311889
3547,0.002825,172.31.33.0-255,66,178311,34,311889
3548,0.002842,216.58.221.0-255,4320,182631,34,311889
3549,0.002844,172.31.33.0-255,66,182697,34,311889
3550,0.002852,216.58.221.0-255,1484,184181,34,311889
3551,0.002878,216.58.221.0-255,2902,187083,34,311889
3552,0.00288,172.31.33.0-255,66,187149,34,311889
3553,0.002902,172.31.33.0-255,66,187215,34,311889
3554,0.002905,216.58.221.0-255,766,187981,34,311889
3555,0.0038,216.58.221.0-255,1484,189465,34,311889
3556,0.003802,172.31.33.0-255,66,189531,34,311889
3557,0.003819,216.58.221.0-255,2902,192433,34,311889
3558,0.003821,172.31.33.0-255,66,192499,34,311889
3559,0.00384,216.58.221.0-255,1484,193983,34,311889
3560,0.003859,216.58.221.0-255,1484,195467,34,311889
3561,0.003861,172.31.33.0-255,66,195533,34,311889
3562,0.003883,216.58.221.0-255,7156,202689,34,311889
3563,0.003885,172.31.33.0-255,66,202755,34,311889
3564,0.003889,216.58.221.0-255,4320,207075,34,311889
3565,0.003891,172.31.33.0-255,66,207141,34,311889
3566,0.003904,216.58.221.0-255,2902,210043,34,311889
3567,0.003906,172.31.33.0-255,66,210109,34,311889
3568,0.003911,216.58.221.0-255,4320,214429,34,311889
3569,0.003912,172.31.33.0-255,66,214495,34,311889
3570,0.003934,216.58.221.0-255,4320,218815,34,311889
3571,0.003936,172.31.33.0-255,66,218881,34,311889
3572,0.00394,216.58.221.0-255,3602,222483,34,311889
3573,0.003942,172.31.33.0-255,66,222549,34,311889
3574,0.003945,216.58.221.0-255,1484,224033,34,311889
3575,0.003949,216.58.221.0-255,4320,228353,34,311889
3576,0.003951,172.31.33.0-255,66,228419,34,311889
3577,0.00399,216.58.221.0-255,5738,234157,34,311889
3578,0.003993,172.31.33.0-255,66,234223,34,311889
3579,0.003997,216.58.221.0-255,2902,237125,34,311889
3580,0.004001,216.58.221.0-255,4320,241445,34,311889
3581,0.004042,216.58.221.0-255,5738,247183,34,311889
3582,0.004044,216.58.221.0-255,766,247949,34,311889
3583,0.004054,216.58.221.0-255,1484,249433,34,311889
3584,0.004076,216.58.221.0-255,4320,253753,34,311889
3585,0.004095,216.58.221.0-255,5738,259491,34,311889
3586,0.004115,216.58.221.0-255,4320,263811,34,311889
3587,0.004191,216.58.221.0-255,4320,268131,34,311889
3588,0.004214,216.58.221.0-255,1484,269615,34,311889
3589,0.004227,216.58.221.0-255,4320,273935,34,311889
3590,0.004254,216.58.221.0-255,2902,276837,34,311889
3591,0.004259,216.58.221.0-255,2902,279739,34,311889
3592,0.004263,216.58.221.0-255,4320,284059,34,311889
3593,0.004274,216.58.221.0-255,5738,289797,34,311889
3594,0.004278,216.58.221.0-255,3602,293399,34,311889
3595,0.004296,216.58.221.0-255,4320,297719,34,311889
3596,0.0043,216.58.221.0-255,2902,300621,34,311889
3597,0.004318,216.58.221.0-255,4320,304941,34,311889
3598,0.004349,216.58.221.0-255,1484,306425,34,311889
3599,0.004366,216.58.221.0-255,1484,307909,34,311889
3600,0.004378,216.58.221.0-255,3708,311617,34,311889
3601,0.00439,216.58.221.0-255,105,311722,34,311889
3602,0.008622,172.31.33.0-255,66,311788,34,311889
3603,0.009165,172.31.33.0-255,101,311889,34,311889
3604,0.0,172.31.33.0-255,105,105,34,276
3605,0.002069,157.240.7.0-255,105,210,34,276
3606,0.002083,172.31.33.0-255,66,276,34,276
3607,0.0,172.31.33.0-255,105,105,34,276
3608,0.001775,157.240.7.0-255,105,210,34,276
3609,0.001783,172.31.33.0-255,66,276,34,276
3610,0.0,172.31.33.0-255,105,105,34,342
3611,0.002203,74.125.24.0-255,66,171,34,342
3612,0.002215,74.125.24.0-255,105,276,34,342
3613,0.00222,172.31.33.0-255,66,342,34,342
3614,0.0,172.31.33.0-255,105,105,34,276
3615,0.001615,157.240.7.0-255,105,210,34,276
3616,0.001629,172.31.33.0-255,66,276,34,276
3617,0.0,172.217.194.0-255,153,153,34,145256
3618,1.2e-05,172.31.33.0-255,66,219,34,145256
3619,3e-05,172.217.194.0-255,1484,1703,34,145256
3620,3.4e-05,172.31.33.0-255,66,1769,34,145256
3621,4e-05,172.217.194.0-255,2902,4671,34,145256
3622,4.3e-05,172.31.33.0-255,66,4737,34,145256
3623,5e-05,172.217.194.0-255,7156,11893,34,145256
3624,5.3e-05,172.31.33.0-255,66,11959,34,145256
3625,5.6e-05,172.217.194.0-255,1484,13443,34,145256
3626,5.8e-05,172.31.33.0-255,66,13509,34,145256
3627,6.2e-05,172.217.194.0-255,591,14100,34,145256
3628,6.4e-05,172.31.33.0-255,66,14166,34,145256
3629,0.00014,172.217.194.0-255,1484,15650,34,145256
3630,0.000143,172.31.33.0-255,66,15716,34,145256
3631,0.000146,172.217.194.0-255,1484,17200,34,145256
3632,0.000148,172.31.33.0-255,66,17266,34,145256
3633,0.000163,172.217.194.0-255,1484,18750,34,145256
3634,0.000164,172.31.33.0-255,66,18816,34,145256
3635,0.000185,172.217.194.0-255,5738,24554,34,145256
3636,0.000187,172.31.33.0-255,66,24620,34,145256
3637,0.000192,172.217.194.0-255,2902,27522,34,145256
3638,0.000193,172.31.33.0-255,66,27588,34,145256
3639,0.00021,172.217.194.0-255,3961,31549,34,145256
3640,0.000212,172.31.33.0-255,66,31615,34,145256
3641,0.000238,172.217.194.0-255,7156,38771,34,145256
3642,0.000241,172.31.33.0-255,66,38837,34,145256
3643,0.000244,172.217.194.0-255,1484,40321,34,145256
3644,0.000246,172.31.33.0-255,66,40387,34,145256
3645,0.000268,172.31.33.0-255,66,40453,34,145256
3646,0.000767,172.217.194.0-255,1484,41937,34,145256
3647,0.000772,172.31.33.0-255,66,42003,34,145256
3648,0.000778,172.217.194.0-255,2902,44905,34,145256
3649,0.00078,172.31.33.0-255,66,44971,34,145256
3650,0.000785,172.217.194.0-255,2902,47873,34,145256
3651,0.000787,172.31.33.0-255,66,47939,34,145256
3652,0.000804,172.217.194.0-255,2902,50841,34,145256
3653,0.000806,172.31.33.0-255,66,50907,34,145256
3654,0.000836,172.31.33.0-255,66,50973,34,145256
3655,0.000841,172.217.194.0-255,4320,55293,34,145256
3656,0.000843,172.31.33.0-255,66,55359,34,145256
3657,0.000863,172.217.194.0-255,5738,61097,34,145256
3658,0.000864,172.31.33.0-255,66,61163,34,145256
3659,0.000892,172.217.194.0-255,7156,68319,34,145256
3660,0.000894,172.31.33.0-255,66,68385,34,145256
3661,0.000912,172.217.194.0-255,5958,74343,34,145256
3662,0.000914,172.31.33.0-255,66,74409,34,145256
3663,0.000919,172.217.194.0-255,3961,78370,34,145256
3664,0.000921,172.31.33.0-255,66,78436,34,145256
3665,0.001886,172.217.194.0-255,1484,79920,34,145256
3666,0.001893,172.217.194.0-255,1484,81404,34,145256
3667,0.001899,172.31.33.0-255,66,81470,34,145256
3668,0.00192,172.217.194.0-255,1484,82954,34,145256
3669,0.001927,172.217.194.0-255,5738,88692,34,145256
3670,0.00193,172.31.33.0-255,66,88758,34,145256
3671,0.001934,172.217.194.0-255,2902,91660,34,145256
3672,0.001936,172.31.33.0-255,66,91726,34,145256
3673,0.001964,172.31.33.0-255,66,91792,34,145256
3674,0.001971,172.217.194.0-255,7156,98948,34,145256
3675,0.001974,172.31.33.0-255,66,99014,34,145256
3676,0.001999,172.217.194.0-255,3602,102616,34,145256
3677,0.002001,172.31.33.0-255,66,102682,34,145256
3678,0.0022,172.217.194.0-255,1484,104166,34,145256
3679,0.002206,172.217.194.0-255,2902,107068,34,145256
3680,0.002208,172.31.33.0-255,66,107134,34,145256
3681,0.002229,172.217.194.0-255,5738,112872,34,145256
3682,0.002232,172.31.33.0-255,66,112938,34,145256
3683,0.002258,172.31.33.0-255,66,113004,34,145256
3684,0.002281,172.217.194.0-255,2902,115906,34,145256
3685,0.002284,172.31.33.0-255,66,115972,34,145256
3686,0.002296,172.31.33.0-255,66,116038,34,145256
3687,0.002302,172.217.194.0-255,4320,120358,34,145256
3688,0.002304,172.31.33.0-255,66,120424,34,145256
3689,0.002332,172.217.194.0-255,5738,126162,34,145256
3690,0.002335,172.31.33.0-255,66,126228,34,145256
3691,0.002347,172.31.33.0-255,66,126294,34,145256
3692,0.002351,172.217.194.0-255,1484,127778,34,145256
3693,0.002385,172.31.33.0-255,66,127844,34,145256
3694,0.004721,172.217.194.0-255,5738,133582,34,145256
3695,0.004724,172.31.33.0-255,66,133648,34,145256
3696,0.007041,172.217.194.0-255,5738,139386,34,145256
3697,0.007046,172.31.33.0-255,66,139452,34,145256
3698,0.009394,172.217.194.0-255,5738,145190,34,145256
3699,0.009401,172.31.33.0-255,66,145256,34,145256
3700,0.0,172.217.194.0-255,152,152,34,149142
3701,2.5e-05,172.31.33.0-255,66,218,34,149142
3702,3.1e-05,172.217.194.0-255,1484,1702,34,149142
3703,3.5e-05,172.31.33.0-255,66,1768,34,149142
3704,3.8e-05,172.217.194.0-255,1484,3252,34,149142
3705,4e-05,172.31.33.0-255,66,3318,34,149142
3706,7e-05,172.217.194.0-255,1484,4802,34,149142
3707,7.2e-05,172.31.33.0-255,66,4868,34,149142
3708,8e-05,172.217.194.0-255,7156,12024,34,149142
3709,8.2e-05,172.31.33.0-255,66,12090,34,149142
3710,8.5e-05,172.217.194.0-255,1981,14071,34,149142
3711,8.7e-05,172.31.33.0-255,66,14137,34,149142
3712,0.000248,172.217.194.0-255,1484,15621,34,149142
3713,0.000253,172.31.33.0-255,66,15687,34,149142
3714,0.000258,172.217.194.0-255,2902,18589,34,149142
3715,0.00026,172.31.33.0-255,66,18655,34,149142
3716,0.000263,172.217.194.0-255,2902,21557,34,149142
3717,0.000265,172.31.33.0-255,66,21623,34,149142
3718,0.000295,172.217.194.0-255,2902,24525,34,149142
3719,0.000298,172.31.33.0-255,66,24591,34,149142
3720,0.000331,172.217.194.0-255,2902,27493,34,149142
3721,0.000334,172.31.33.0-255,66,27559,34,149142
3722,0.000359,172.217.194.0-255,3961,31520,34,149142
3723,0.000362,172.31.33.0-255,66,31586,34,149142
3724,0.000885,172.217.194.0-255,1484,33070,34,149142
3725,0.000891,172.31.33.0-255,66,33136,34,149142
3726,0.000901,172.217.194.0-255,2902,36038,34,149142
3727,0.000903,172.31.33.0-255,66,36104,34,149142
3728,0.000916,172.217.194.0-255,5738,41842,34,149142
3729,0.000918,172.31.33.0-255,66,41908,34,149142
3730,0.000941,172.217.194.0-255,4320,46228,34,149142
3731,0.000947,172.31.33.0-255,66,46294,34,149142
3732,0.000982,172.31.33.0-255,66,46360,34,149142
3733,0.000986,172.217.194.0-255,1484,47844,34,149142
3734,0.001017,172.31.33.0-255,66,47910,34,149142
3735,0.00102,172.217.194.0-255,100,48010,34,149142
3736,0.001071,172.217.194.0-255,1484,49494,34,149142
3737,0.001076,172.31.33.0-255,66,49560,34,149142
3738,0.00108,172.217.194.0-255,2902,52462,34,149142
3739,0.001083,172.31.33.0-255,66,52528,34,149142
3740,0.001085,172.217.194.0-255,1484,54012,34,149142
3741,0.001105,172.217.194.0-255,2902,56914,34,149142
3742,0.001113,172.31.33.0-255,66,56980,34,149142
3743,0.00112,172.217.194.0-255,5738,62718,34,149142
3744,0.001124,172.31.33.0-255,66,62784,34,149142
3745,0.001128,172.217.194.0-255,2902,65686,34,149142
3746,0.00113,172.31.33.0-255,66,65752,34,149142
3747,0.001172,172.31.33.0-255,66,65818,34,149142
3748,0.001179,172.217.194.0-255,6438,72256,34,149142
3749,0.001181,172.31.33.0-255,66,72322,34,149142
3750,0.00138,172.217.194.0-255,1484,73806,34,149142
3751,0.001384,172.217.194.0-255,2902,76708,34,149142
3752,0.001387,172.31.33.0-255,66,76774,34,149142
3753,0.001412,172.217.194.0-255,5738,82512,34,149142
3754,0.001414,172.31.33.0-255,66,82578,34,149142
3755,0.001436,172.31.33.0-255,66,82644,34,149142
3756,0.001449,172.217.194.0-255,2902,85546,34,149142
3757,0.001454,172.31.33.0-255,66,85612,34,149142
3758,0.001489,172.31.33.0-255,66,85678,34,149142
3759,0.001526,172.217.194.0-255,2184,87862,34,149142
3760,0.001529,172.31.33.0-255,66,87928,34,149142
3761,0.001547,172.31.33.0-255,66,87994,34,149142
3762,0.001556,172.31.33.0-255,66,88060,34,149142
3763,0.001561,172.217.194.0-255,5738,93798,34,149142
3764,0.001563,172.31.33.0-255,66,93864,34,149142
3765,0.001587,172.217.194.0-255,2902,96766,34,149142
3766,0.001589,172.31.33.0-255,66,96832,34,149142
3767,0.001613,172.217.194.0-255,1484,98316,34,149142
3768,0.001625,172.31.33.0-255,66,98382,34,149142
3769,0.00166,172.31.33.0-255,66,98448,34,149142
3770,0.001745,172.217.194.0-255,1484,99932,34,149142
3771,0.001757,172.217.194.0-255,2902,102834,34,149142
3772,0.00176,172.31.33.0-255,66,102900,34,149142
3773,0.001764,172.217.194.0-255,2902,105802,34,149142
3774,0.001783,172.217.194.0-255,2902,108704,34,149142
3775,0.001788,172.31.33.0-255,66,108770,34,149142
3776,0.001825,172.217.194.0-255,1484,110254,34,149142
3777,0.001833,172.31.33.0-255,66,110320,34,149142
3778,0.001856,172.31.33.0-255,66,110386,34,149142
3779,0.001882,172.217.194.0-255,766,111152,34,149142
3780,0.00191,172.31.33.0-255,66,111218,34,149142
3781,0.001976,172.217.194.0-255,5020,116238,34,149142
3782,0.001979,172.31.33.0-255,66,116304,34,149142
3783,0.001986,172.31.33.0-255,66,116370,34,149142
3784,0.002004,172.217.194.0-255,7156,123526,34,149142
3785,0.002046,172.217.194.0-255,5738,129264,34,149142
3786,0.002094,172.31.33.0-255,66,129330,34,149142
3787,0.002125,172.31.33.0-255,66,129396,34,149142
3788,0.002359,172.217.194.0-255,1484,130880,34,149142
3789,0.002374,172.217.194.0-255,1484,132364,34,149142
3790,0.002377,172.31.33.0-255,66,132430,34,149142
3791,0.002398,172.217.194.0-255,1484,133914,34,149142
3792,0.002403,172.217.194.0-255,4320,138234,34,149142
3793,0.002413,172.217.194.0-255,1484,139718,34,149142
3794,0.002422,172.217.194.0-255,1484,141202,34,149142
3795,0.002426,172.31.33.0-255,66,141268,34,149142
3796,0.002443,172.217.194.0-255,5738,147006,34,149142
3797,0.002472,172.217.194.0-255,1728,148734,34,149142
3798,0.002478,172.31.33.0-255,66,148800,34,149142
3799,0.002488,172.217.194.0-255,105,148905,34,149142
3800,0.004127,172.31.33.0-255,66,148971,34,149142
3801,0.004163,172.31.33.0-255,105,149076,34,149142
3802,0.006763,172.217.194.0-255,66,149142,34,149142
3803,0.0,172.217.194.0-255,143,143,34,176809
3804,2.7e-05,172.31.33.0-255,66,209,34,176809
3805,3.3e-05,172.217.194.0-255,1484,1693,34,176809
3806,3.7e-05,172.31.33.0-255,66,1759,34,176809
3807,4.1e-05,172.217.194.0-255,2902,4661,34,176809
3808,4.3e-05,172.31.33.0-255,66,4727,34,176809
3809,4.6e-05,172.217.194.0-255,1484,6211,34,176809
3810,4.8e-05,172.31.33.0-255,66,6277,34,176809
3811,9.1e-05,172.217.194.0-255,2902,9179,34,176809
3812,9.4e-05,172.31.33.0-255,66,9245,34,176809
3813,0.000104,172.31.33.0-255,66,9311,34,176809
3814,0.000113,172.31.33.0-255,66,9377,34,176809
3815,0.000158,172.217.194.0-255,3961,13338,34,176809
3816,0.000162,172.31.33.0-255,66,13404,34,176809
3817,0.000167,172.217.194.0-255,2902,16306,34,176809
3818,0.000169,172.31.33.0-255,66,16372,34,176809
3819,0.000203,172.217.194.0-255,1484,17856,34,176809
3820,0.000205,172.31.33.0-255,66,17922,34,176809
3821,0.000215,172.31.33.0-255,66,17988,34,176809
3822,0.000224,172.217.194.0-255,3961,21949,34,176809
3823,0.000226,172.31.33.0-255,66,22015,34,176809
3824,0.000242,172.31.33.0-255,66,22081,34,176809
3825,0.000245,172.217.194.0-255,98,22179,34,176809
3826,0.000247,172.31.33.0-255,66,22245,34,176809
3827,0.000533,172.217.194.0-255,365,22610,34,176809
3828,0.000537,172.31.33.0-255,66,22676,34,176809
3829,0.000791,172.217.194.0-255,1484,24160,34,176809
3830,0.000795,172.31.33.0-255,66,24226,34,176809
3831,0.000802,172.217.194.0-255,2902,27128,34,176809
3832,0.000805,172.31.33.0-255,66,27194,34,176809
3833,0.000815,172.217.194.0-255,5738,32932,34,176809
3834,0.000818,172.31.33.0-255,66,32998,34,176809
3835,0.000853,172.31.33.0-255,66,33064,34,176809
3836,0.000885,172.31.33.0-255,66,33130,34,176809
3837,0.001077,172.217.194.0-255,1484,34614,34,176809
3838,0.001083,172.217.194.0-255,1484,36098,34,176809
3839,0.001086,172.31.33.0-255,66,36164,34,176809
3840,0.001115,172.217.194.0-255,1484,37648,34,176809
3841,0.001121,172.217.194.0-255,5738,43386,34,176809
3842,0.001123,172.31.33.0-255,66,43452,34,176809
3843,0.001129,172.217.194.0-255,5738,49190,34,176809
3844,0.001131,172.31.33.0-255,66,49256,34,176809
3845,0.001136,172.217.194.0-255,4320,53576,34,176809
3846,0.001138,172.31.33.0-255,66,53642,34,176809
3847,0.001178,172.31.33.0-255,66,53708,34,176809
3848,0.001184,172.217.194.0-255,5020,58728,34,176809
3849,0.001186,172.31.33.0-255,66,58794,34,176809
3850,0.001191,172.217.194.0-255,5738,64532,34,176809
3851,0.001193,172.31.33.0-255,66,64598,34,176809
3852,0.001226,172.217.194.0-255,1484,66082,34,176809
3853,0.001264,172.31.33.0-255,66,66148,34,176809
3854,0.001279,172.31.33.0-255,66,66214,34,176809
3855,0.001282,172.217.194.0-255,2184,68398,34,176809
3856,0.001285,172.31.33.0-255,66,68464,34,176809
3857,0.001482,172.217.194.0-255,1484,69948,34,176809
3858,0.001489,172.217.194.0-255,2902,72850,34,176809
3859,0.001492,172.31.33.0-255,66,72916,34,176809
3860,0.001496,172.217.194.0-255,2902,75818,34,176809
3861,0.001498,172.31.33.0-255,66,75884,34,176809
3862,0.001515,172.217.194.0-255,2902,78786,34,176809
3863,0.001517,172.31.33.0-255,66,78852,34,176809
3864,0.001522,172.217.194.0-255,4320,83172,34,176809
3865,0.001524,172.31.33.0-255,66,83238,34,176809
3866,0.001545,172.31.33.0-255,66,83304,34,176809
3867,0.001572,172.217.194.0-255,1484,84788,34,176809
3868,0.001599,172.31.33.0-255,66,84854,34,176809
3869,0.001761,172.217.194.0-255,1484,86338,34,176809
3870,0.001778,172.217.194.0-255,1484,87822,34,176809
3871,0.001779,172.31.33.0-255,66,87888,34,176809
3872,0.001802,172.217.194.0-255,1484,89372,34,176809
3873,0.001807,172.217.194.0-255,5738,95110,34,176809
3874,0.001809,172.31.33.0-255,66,95176,34,176809
3875,0.001821,172.217.194.0-255,5738,100914,34,176809
3876,0.001823,172.31.33.0-255,66,100980,34,176809
3877,0.001847,172.217.194.0-255,7156,108136,34,176809
3878,0.001849,172.31.33.0-255,66,108202,34,176809
3879,0.001858,172.31.33.0-255,66,108268,34,176809
3880,0.001901,172.217.194.0-255,1484,109752,34,176809
3881,0.001917,172.217.194.0-255,2902,112654,34,176809
3882,0.001919,172.31.33.0-255,66,112720,34,176809
3883,0.001937,172.217.194.0-255,5738,118458,34,176809
3884,0.001939,172.31.33.0-255,66,118524,34,176809
3885,0.001961,172.217.194.0-255,5738,124262,34,176809
3886,0.001963,172.31.33.0-255,66,124328,34,176809
3887,0.001995,172.217.194.0-255,4320,128648,34,176809
3888,0.001997,172.31.33.0-255,66,128714,34,176809
3889,0.002014,172.31.33.0-255,66,128780,34,176809
3890,0.002053,172.217.194.0-255,1484,130264,34,176809
3891,0.002055,172.217.194.0-255,1484,131748,34,176809
3892,0.002058,172.31.33.0-255,66,131814,34,176809
3893,0.002077,172.217.194.0-255,1484,133298,34,176809
3894,0.002082,172.217.194.0-255,4320,137618,34,176809
3895,0.002084,172.31.33.0-255,66,137684,34,176809
3896,0.002096,172.217.194.0-255,1484,139168,34,176809
3897,0.002104,172.217.194.0-255,7156,146324,34,176809
3898,0.002106,172.31.33.0-255,66,146390,34,176809
3899,0.002112,172.217.194.0-255,5738,152128,34,176809
3900,0.002114,172.31.33.0-255,66,152194,34,176809
3901,0.002142,172.31.33.0-255,66,152260,34,176809
3902,0.002145,172.217.194.0-255,2184,154444,34,176809
3903,0.002146,172.31.33.0-255,66,154510,34,176809
3904,0.00215,172.217.194.0-255,2902,157412,34,176809
3905,0.002151,172.31.33.0-255,66,157478,34,176809
3906,0.002177,172.217.194.0-255,7156,164634,34,176809
3907,0.002179,172.31.33.0-255,66,164700,34,176809
3908,0.002183,172.217.194.0-255,1484,166184,34,176809
3909,0.00221,172.217.194.0-255,7156,173340,34,176809
3910,0.002213,172.31.33.0-255,66,173406,34,176809
3911,0.002268,172.217.194.0-255,2902,176308,34,176809
3912,0.002271,172.31.33.0-255,66,176374,34,176809
3913,0.002298,172.31.33.0-255,66,176440,34,176809
3914,0.002309,172.31.33.0-255,66,176506,34,176809
3915,0.00232,172.31.33.0-255,66,176572,34,176809
3916,0.00236,172.31.33.0-255,66,176638,34,176809
3917,0.002371,172.31.33.0-255,66,176704,34,176809
3918,0.002373,172.217.194.0-255,105,176809,34,176809
3919,0.0,172.217.194.0-255,153,153,34,199000
3920,1.3e-05,172.31.33.0-255,66,219,34,199000
3921,1.7e-05,172.217.194.0-255,1484,1703,34,199000
3922,2.1e-05,172.31.33.0-255,66,1769,34,199000
3923,4.6e-05,172.217.194.0-255,2902,4671,34,199000
3924,5.3e-05,172.31.33.0-255,66,4737,34,199000
3925,5.7e-05,172.217.194.0-255,2902,7639,34,199000
3926,6e-05,172.31.33.0-255,66,7705,34,199000
3927,9.8e-05,172.217.194.0-255,1484,9189,34,199000
3928,0.0001,172.31.33.0-255,66,9255,34,199000
3929,0.000129,172.31.33.0-255,66,9321,34,199000
3930,0.00014,172.31.33.0-255,66,9387,34,199000
3931,0.000167,172.217.194.0-255,2902,12289,34,199000
3932,0.000169,172.31.33.0-255,66,12355,34,199000
3933,0.000184,172.217.194.0-255,2902,15257,34,199000
3934,0.000187,172.31.33.0-255,66,15323,34,199000
3935,0.000222,172.217.194.0-255,1484,16807,34,199000
3936,0.000227,172.31.33.0-255,66,16873,34,199000
3937,0.000229,172.31.33.0-255,66,16939,34,199000
3938,0.000252,172.31.33.0-255,66,17005,34,199000
3939,0.00028,172.217.194.0-255,4320,21325,34,199000
3940,0.000282,172.31.33.0-255,66,21391,34,199000
3941,0.000285,172.217.194.0-255,1417,22808,34,199000
3942,0.000287,172.31.33.0-255,66,22874,34,199000
3943,0.000289,172.217.194.0-255,100,22974,34,199000
3944,0.000291,172.31.33.0-255,66,23040,34,199000
3945,0.000412,172.217.194.0-255,1484,24524,34,199000
3946,0.000416,172.31.33.0-255,66,24590,34,199000
3947,0.000434,172.217.194.0-255,2902,27492,34,199000
3948,0.000437,172.31.33.0-255,66,27558,34,199000
3949,0.000443,172.217.194.0-255,5738,33296,34,199000
3950,0.000445,172.31.33.0-255,66,33362,34,199000
3951,0.000473,172.217.194.0-255,1484,34846,34,199000
3952,0.000499,172.31.33.0-255,66,34912,34,199000
3953,0.000522,172.217.194.0-255,4320,39232,34,199000
3954,0.000524,172.31.33.0-255,66,39298,34,199000
3955,0.000551,172.217.194.0-255,7156,46454,34,199000
3956,0.000554,172.31.33.0-255,66,46520,34,199000
3957,0.000558,172.217.194.0-255,2184,48704,34,199000
3958,0.00056,172.31.33.0-255,66,48770,34,199000
3959,0.000671,172.217.194.0-255,1484,50254,34,199000
3960,0.000698,172.217.194.0-255,1484,51738,34,199000
3961,0.000701,172.31.33.0-255,66,51804,34,199000
3962,0.00072,172.217.194.0-255,2902,54706,34,199000
3963,0.000723,172.31.33.0-255,66,54772,34,199000
3964,0.000725,172.217.194.0-255,1484,56256,34,199000
3965,0.000758,172.217.194.0-255,2902,59158,34,199000
3966,0.000761,172.31.33.0-255,66,59224,34,199000
3967,0.000786,172.217.194.0-255,2902,62126,34,199000
3968,0.000788,172.31.33.0-255,66,62192,34,199000
3969,0.000793,172.217.194.0-255,4320,66512,34,199000
3970,0.000795,172.31.33.0-255,66,66578,34,199000
3971,0.000813,172.217.194.0-255,2902,69480,34,199000
3972,0.000815,172.31.33.0-255,66,69546,34,199000
3973,0.000845,172.217.194.0-255,5738,75284,34,199000
3974,0.000848,172.31.33.0-255,66,75350,34,199000
3975,0.000869,172.217.194.0-255,1484,76834,34,199000
3976,0.000879,172.217.194.0-255,1484,78318,34,199000
3977,0.000881,172.31.33.0-255,66,78384,34,199000
3978,0.000893,172.217.194.0-255,5020,83404,34,199000
3979,0.000899,172.31.33.0-255,66,83470,34,199000
3980,0.001012,172.217.194.0-255,1484,84954,34,199000
3981,0.001057,172.217.194.0-255,2902,87856,34,199000
3982,0.00106,172.31.33.0-255,66,87922,34,199000
3983,0.001066,172.217.194.0-255,5738,93660,34,199000
3984,0.001067,172.31.33.0-255,66,93726,34,199000
3985,0.001082,172.31.33.0-255,66,93792,34,199000
3986,0.001115,172.217.194.0-255,1484,95276,34,199000
3987,0.001123,172.217.194.0-255,7156,102432,34,199000
3988,0.001125,172.31.33.0-255,66,102498,34,199000
3989,0.00113,172.217.194.0-255,3602,106100,34,199000
3990,0.001132,172.31.33.0-255,66,106166,34,199000
3991,0.001321,172.217.194.0-255,1484,107650,34,199000
3992,0.001327,172.217.194.0-255,2902,110552,34,199000
3993,0.00133,172.31.33.0-255,66,110618,34,199000
3994,0.001358,172.217.194.0-255,4320,114938,34,199000
3995,0.001361,172.31.33.0-255,66,115004,34,199000
3996,0.001366,172.217.194.0-255,5738,120742,34,199000
3997,0.001368,172.31.33.0-255,66,120808,34,199000
3998,0.001405,172.31.33.0-255,66,120874,34,199000
3999,0.001454,172.31.33.0-255,66,120940,34,199000
4000,0.00147,172.217.194.0-255,766,121706,34,199000
4001,0.001474,172.217.194.0-255,2902,124608,34,199000
4002,0.001477,172.31.33.0-255,66,124674,34,199000
4003,0.001502,172.217.194.0-255,7156,131830,34,199000
4004,0.001505,172.31.33.0-255,66,131896,34,199000
4005,0.001527,172.217.194.0-255,1484,133380,34,199000
4006,0.001543,172.217.194.0-255,7156,140536,34,199000
4007,0.001545,172.31.33.0-255,66,140602,34,199000
4008,0.001577,172.31.33.0-255,66,140668,34,199000
4009,0.001592,172.217.194.0-255,766,141434,34,199000
4010,0.001603,172.217.194.0-255,1484,142918,34,199000
4011,0.001605,172.31.33.0-255,66,142984,34,199000
4012,0.001609,172.217.194.0-255,2902,145886,34,199000
4013,0.001611,172.31.33.0-255,66,145952,34,199000
4014,0.001632,172.217.194.0-255,5738,151690,34,199000
4015,0.001634,172.31.33.0-255,66,151756,34,199000
4016,0.001649,172.217.194.0-255,7156,158912,34,199000
4017,0.001651,172.31.33.0-255,66,158978,34,199000
4018,0.001674,172.217.194.0-255,1484,160462,34,199000
4019,0.001679,172.217.194.0-255,4320,164782,34,199000
4020,0.001683,172.31.33.0-255,66,164848,34,199000
4021,0.001704,172.31.33.0-255,66,164914,34,199000
4022,0.001741,172.217.194.0-255,1484,166398,34,199000
4023,0.001752,172.217.194.0-255,2902,169300,34,199000
4024,0.001755,172.31.33.0-255,66,169366,34,199000
4025,0.001774,172.217.194.0-255,2902,172268,34,199000
4026,0.001776,172.31.33.0-255,66,172334,34,199000
4027,0.001801,172.217.194.0-255,2902,175236,34,199000
4028,0.001803,172.31.33.0-255,66,175302,34,199000
4029,0.001813,172.31.33.0-255,66,175368,34,199000
4030,0.001842,172.217.194.0-255,4320,179688,34,199000
4031,0.001856,172.31.33.0-255,66,179754,34,199000
4032,0.00186,172.31.33.0-255,66,179820,34,199000
4033,0.001879,172.217.194.0-255,1484,181304,34,199000
4034,0.001892,172.31.33.0-255,66,181370,34,199000
4035,0.001919,172.31.33.0-255,66,181436,34,199000
4036,0.00197,172.31.33.0-255,66,181502,34,199000
4037,0.001983,172.217.194.0-255,2184,183686,34,199000
4038,0.001988,172.31.33.0-255,66,183752,34,199000
4039,0.001994,172.217.194.0-255,5738,189490,34,199000
4040,0.001996,172.31.33.0-255,66,189556,34,199000
4041,0.002026,172.31.33.0-255,66,189622,34,199000
4042,0.002037,172.31.33.0-255,66,189688,34,199000
4043,0.002056,172.217.194.0-255,1484,191172,34,199000
4044,0.002075,172.217.194.0-255,4320,195492,34,199000
4045,0.002078,172.31.33.0-255,66,195558,34,199000
4046,0.002114,172.31.33.0-255,66,195624,34,199000
4047,0.002141,172.217.194.0-255,2902,198526,34,199000
4048,0.002145,172.31.33.0-255,66,198592,34,199000
4049,0.002185,172.31.33.0-255,66,198658,34,199000
4050,0.002211,172.217.194.0-255,105,198763,34,199000
4051,0.004487,172.31.33.0-255,66,198829,34,199000
4052,0.004524,172.31.33.0-255,105,198934,34,199000
4053,0.006854,172.217.194.0-255,66,199000,34,199000
4054,0.0,172.31.33.0-255,105,105,34,342
4055,0.002221,172.217.194.0-255,66,171,34,342
4056,0.002269,172.217.194.0-255,105,276,34,342
4057,0.002272,172.31.33.0-255,66,342,34,342
4058,0.0,74.125.24.0-255,150,150,34,142965
4059,1.9e-05,172.31.33.0-255,66,216,34,142965
4060,2.6e-05,74.125.24.0-255,1484,1700,34,142965
4061,3.1e-05,172.31.33.0-255,66,1766,34,142965
4062,4.4e-05,74.125.24.0-255,2902,4668,34,142965
4063,4.7e-05,172.31.33.0-255,66,4734,34,142965
4064,5.4e-05,74.125.24.0-255,5738,10472,34,142965
4065,5.7e-05,172.31.33.0-255,66,10538,34,142965
4066,7.6e-05,74.125.24.0-255,3472,14010,34,142965
4067,8.3e-05,172.31.33.0-255,66,14076,34,142965
4068,0.000217,74.125.24.0-255,1484,15560,34,142965
4069,0.000222,172.31.33.0-255,66,15626,34,142965
4070,0.000228,74.125.24.0-255,2902,18528,34,142965
4071,0.00023,172.31.33.0-255,66,18594,34,142965
4072,0.00027,74.125.24.0-255,5738,24332,34,142965
4073,0.000273,172.31.33.0-255,66,24398,34,142965
4074,0.00028,74.125.24.0-255,6797,31195,34,142965
4075,0.000282,172.31.33.0-255,66,31261,34,142965
4076,0.000323,74.125.24.0-255,4320,35581,34,142965
4077,0.000326,172.31.33.0-255,66,35647,34,142965
4078,0.000356,74.125.24.0-255,4320,39967,34,142965
4079,0.00036,172.31.33.0-255,66,40033,34,142965
4080,0.000386,172.31.33.0-255,66,40099,34,142965
4081,0.000417,172.31.33.0-255,66,40165,34,142965
4082,0.000428,172.31.33.0-255,66,40231,34,142965
4083,0.000463,74.125.24.0-255,110,40341,34,142965
4084,0.000466,172.31.33.0-255,66,40407,34,142965
4085,0.000625,74.125.24.0-255,1484,41891,34,142965
4086,0.00063,172.31.33.0-255,66,41957,34,142965
4087,0.000636,74.125.24.0-255,2902,44859,34,142965
4088,0.000639,172.31.33.0-255,66,44925,34,142965
4089,0.000651,74.125.24.0-255,5738,50663,34,142965
4090,0.000654,172.31.33.0-255,66,50729,34,142965
4091,0.000695,172.31.33.0-255,66,50795,34,142965
4092,0.000709,172.31.33.0-255,66,50861,34,142965
4093,0.000712,74.125.24.0-255,1484,52345,34,142965
4094,0.00074,74.125.24.0-255,2786,55131,34,142965
4095,0.000743,172.31.33.0-255,66,55197,34,142965
4096,0.001167,74.125.24.0-255,1484,56681,34,142965
4097,0.001174,74.125.24.0-255,2902,59583,34,142965
4098,0.001178,172.31.33.0-255,66,59649,34,142965
4099,0.001186,74.125.24.0-255,5738,65387,34,142965
4100,0.001187,172.31.33.0-255,66,65453,34,142965
4101,0.001225,172.31.33.0-255,66,65519,34,142965
4102,0.001255,74.125.24.0-255,4320,69839,34,142965
4103,0.001258,172.31.33.0-255,66,69905,34,142965
4104,0.001265,74.125.24.0-255,7156,77061,34,142965
4105,0.001269,172.31.33.0-255,66,77127,34,142965
4106,0.001279,74.125.24.0-255,3602,80729,34,142965
4107,0.001281,172.31.33.0-255,66,80795,34,142965
4108,0.002048,74.125.24.0-255,1484,82279,34,142965
4109,0.002054,74.125.24.0-255,2902,85181,34,142965
4110,0.002057,172.31.33.0-255,66,85247,34,142965
4111,0.002061,74.125.24.0-255,2902,88149,34,142965
4112,0.002062,172.31.33.0-255,66,88215,34,142965
4113,0.002091,74.125.24.0-255,2902,91117,34,142965
4114,0.002093,172.31.33.0-255,66,91183,34,142965
4115,0.002099,74.125.24.0-255,4320,95503,34,142965
4116,0.002101,172.31.33.0-255,66,95569,34,142965
4117,0.002135,74.125.24.0-255,7156,102725,34,142965
4118,0.002137,172.31.33.0-255,66,102791,34,142965
4119,0.002153,172.31.33.0-255,66,102857,34,142965
4120,0.002156,74.125.24.0-255,1484,104341,34,142965
4121,0.002213,74.125.24.0-255,2902,107243,34,142965
4122,0.002216,172.31.33.0-255,66,107309,34,142965
4123,0.002222,74.125.24.0-255,5738,113047,34,142965
4124,0.002224,172.31.33.0-255,66,113113,34,142965
4125,0.002228,74.125.24.0-255,4320,117433,34,142965
4126,0.00223,172.31.33.0-255,66,117499,34,142965
4127,0.002241,172.31.33.0-255,66,117565,34,142965
4128,0.002244,74.125.24.0-255,1484,119049,34,142965
4129,0.002273,74.125.24.0-255,6438,125487,34,142965
4130,0.002275,172.31.33.0-255,66,125553,34,142965
4131,0.004809,74.125.24.0-255,5738,131291,34,142965
4132,0.004814,172.31.33.0-255,66,131357,34,142965
4133,0.007345,74.125.24.0-255,5738,137095,34,142965
4134,0.007352,172.31.33.0-255,66,137161,34,142965
4135,0.00991,74.125.24.0-255,5738,142899,34,142965
4136,0.00992,172.31.33.0-255,66,142965,34,142965
4137,0.0,74.125.68.0-255,143,143,34,373683
4138,2.4e-05,172.31.33.0-255,66,209,34,373683
4139,3e-05,74.125.68.0-255,1484,1693,34,373683
4140,3.5e-05,172.31.33.0-255,66,1759,34,373683
4141,3.8e-05,74.125.68.0-255,1484,3243,34,373683
4142,4e-05,172.31.33.0-255,66,3309,34,373683
4143,6.4e-05,74.125.68.0-255,1484,4793,34,373683
4144,6.7e-05,172.31.33.0-255,66,4859,34,373683
4145,7.3e-05,74.125.68.0-255,5738,10597,34,373683
4146,7.6e-05,172.31.33.0-255,66,10663,34,373683
4147,8.2e-05,74.125.68.0-255,3438,14101,34,373683
4148,8.5e-05,172.31.33.0-255,66,14167,34,373683
4149,0.000126,74.125.68.0-255,4320,18487,34,373683
4150,0.000129,172.31.33.0-255,66,18553,34,373683
4151,0.000132,74.125.68.0-255,1484,20037,34,373683
4152,0.000134,172.31.33.0-255,66,20103,34,373683
4153,0.000165,74.125.68.0-255,2902,23005,34,373683
4154,0.000168,172.31.33.0-255,66,23071,34,373683
4155,0.000172,74.125.68.0-255,2902,25973,34,373683
4156,0.000174,172.31.33.0-255,66,26039,34,373683
4157,0.000187,74.125.68.0-255,2902,28941,34,373683
4158,0.000191,172.31.33.0-255,66,29007,34,373683
4159,0.00023,74.125.68.0-255,2543,31550,34,373683
4160,0.000234,172.31.33.0-255,66,31616,34,373683
4161,0.000368,74.125.68.0-255,1484,33100,34,373683
4162,0.000377,172.31.33.0-255,66,33166,34,373683
4163,0.000387,74.125.68.0-255,1484,34650,34,373683
4164,0.000389,172.31.33.0-255,66,34716,34,373683
4165,0.000393,74.125.68.0-255,2902,37618,34,373683
4166,0.000395,172.31.33.0-255,66,37684,34,373683
4167,0.000412,74.125.68.0-255,1484,39168,34,373683
4168,0.000414,172.31.33.0-255,66,39234,34,373683
4169,0.000441,74.125.68.0-255,4320,43554,34,373683
4170,0.000444,172.31.33.0-255,66,43620,34,373683
4171,0.000446,74.125.68.0-255,1484,45104,34,373683
4172,0.00045,74.125.68.0-255,2902,48006,34,373683
4173,0.000453,172.31.33.0-255,66,48072,34,373683
4174,0.000475,74.125.68.0-255,6797,54869,34,373683
4175,0.000477,172.31.33.0-255,66,54935,34,373683
4176,0.000482,74.125.68.0-255,2902,57837,34,373683
4177,0.000483,172.31.33.0-255,66,57903,34,373683
4178,0.0005,74.125.68.0-255,1484,59387,34,373683
4179,0.000514,74.125.68.0-255,4320,63707,34,373683
4180,0.000518,172.31.33.0-255,66,63773,34,373683
4181,0.000531,74.125.68.0-255,1484,65257,34,373683
4182,0.000534,74.125.68.0-255,1125,66382,34,373683
4183,0.000538,172.31.33.0-255,66,66448,34,373683
4184,0.000673,74.125.68.0-255,393,66841,34,373683
4185,0.000725,74.125.68.0-255,350,67191,34,373683
4186,0.000816,74.125.68.0-255,1484,68675,34,373683
4187,0.000821,172.31.33.0-255,66,68741,34,373683
4188,0.000825,74.125.68.0-255,1484,70225,34,373683
4189,0.000844,74.125.68.0-255,1484,71709,34,373683
4190,0.000848,172.31.33.0-255,66,71775,34,373683
4191,0.000854,74.125.68.0-255,4320,76095,34,373683
4192,0.000856,172.31.33.0-255,66,76161,34,373683
4193,0.000894,74.125.68.0-255,2902,79063,34,373683
4194,0.000899,172.31.33.0-255,66,79129,34,373683
4195,0.000903,74.125.68.0-255,2902,82031,34,373683
4196,0.000905,172.31.33.0-255,66,82097,34,373683
4197,0.000918,74.125.68.0-255,1484,83581,34,373683
4198,0.000935,74.125.68.0-255,576,84157,34,373683
4199,0.000937,172.31.33.0-255,66,84223,34,373683
4200,0.001283,74.125.68.0-255,1484,85707,34,373683
4201,0.001288,74.125.68.0-255,1484,87191,34,373683
4202,0.001291,172.31.33.0-255,66,87257,34,373683
4203,0.001306,74.125.68.0-255,2902,90159,34,373683
4204,0.001308,172.31.33.0-255,66,90225,34,373683
4205,0.001335,74.125.68.0-255,5738,95963,34,373683
4206,0.001337,172.31.33.0-255,66,96029,34,373683
4207,0.001341,74.125.68.0-255,2902,98931,34,373683
4208,0.001343,172.31.33.0-255,66,98997,34,373683
4209,0.001347,74.125.68.0-255,2902,101899,34,373683
4210,0.001349,172.31.33.0-255,66,101965,34,373683
4211,0.001373,74.125.68.0-255,1484,103449,34,373683
4212,0.001384,172.31.33.0-255,66,103515,34,373683
4213,0.001388,74.125.68.0-255,2902,106417,34,373683
4214,0.00139,172.31.33.0-255,66,106483,34,373683
4215,0.001406,74.125.68.0-255,2902,109385,34,373683
4216,0.001408,172.31.33.0-255,66,109451,34,373683
4217,0.001431,74.125.68.0-255,766,110217,34,373683
4218,0.001691,172.31.33.0-255,66,110283,34,373683
4219,0.001955,74.125.68.0-255,1484,111767,34,373683
4220,0.001963,74.125.68.0-255,2902,114669,34,373683
4221,0.001967,172.31.33.0-255,66,114735,34,373683
4222,0.001989,74.125.68.0-255,5738,120473,34,373683
4223,0.001992,172.31.33.0-255,66,120539,34,373683
4224,0.001995,74.125.68.0-255,1484,122023,34,373683
4225,0.002012,74.125.68.0-255,4320,126343,34,373683
4226,0.002014,172.31.33.0-255,66,126409,34,373683
4227,0.002022,74.125.68.0-255,2902,129311,34,373683
4228,0.002023,172.31.33.0-255,66,129377,34,373683
4229,0.002039,74.125.68.0-255,4320,133697,34,373683
4230,0.002042,172.31.33.0-255,66,133763,34,373683
4231,0.002049,74.125.68.0-255,5738,139501,34,373683
4232,0.002073,172.31.33.0-255,66,139567,34,373683
4233,0.002096,74.125.68.0-255,5020,144587,34,373683
4234,0.0021,172.31.33.0-255,66,144653,34,373683
4235,0.002247,74.125.68.0-255,1484,146137,34,373683
4236,0.002262,74.125.68.0-255,2902,149039,34,373683
4237,0.002266,172.31.33.0-255,66,149105,34,373683
4238,0.002281,74.125.68.0-255,1484,150589,34,373683
4239,0.002307,74.125.68.0-255,2902,153491,34,373683
4240,0.00231,172.31.33.0-255,66,153557,34,373683
4241,0.002322,74.125.68.0-255,2902,156459,34,373683
4242,0.002325,172.31.33.0-255,66,156525,34,373683
4243,0.002328,74.125.68.0-255,1484,158009,34,373683
4244,0.002331,74.125.68.0-255,1484,159493,34,373683
4245,0.002332,172.31.33.0-255,66,159559,34,373683
4246,0.002351,74.125.68.0-255,4320,163879,34,373683
4247,0.002354,172.31.33.0-255,66,163945,34,373683
4248,0.002373,74.125.68.0-255,1484,165429,34,373683
4249,0.002376,74.125.68.0-255,1484,166913,34,373683
4250,0.002378,172.31.33.0-255,66,166979,34,373683
4251,0.002382,74.125.68.0-255,1484,168463,34,373683
4252,0.002384,74.125.68.0-255,1484,169947,34,373683
4253,0.002386,172.31.33.0-255,66,170013,34,373683
4254,0.002409,74.125.68.0-255,2902,172915,34,373683
4255,0.002412,172.31.33.0-255,66,172981,34,373683
4256,0.002415,74.125.68.0-255,1484,174465,34,373683
4257,0.00243,74.125.68.0-255,2902,177367,34,373683
4258,0.002432,172.31.33.0-255,66,177433,34,373683
4259,0.002436,74.125.68.0-255,2184,179617,34,373683
4260,0.002438,172.31.33.0-255,66,179683,34,373683
4261,0.00252,74.125.68.0-255,1484,181167,34,373683
4262,0.002551,74.125.68.0-255,2902,184069,34,373683
4263,0.002556,172.31.33.0-255,66,184135,34,373683
4264,0.002565,74.125.68.0-255,2902,187037,34,373683
4265,0.002568,172.31.33.0-255,66,187103,34,373683
4266,0.00258,74.125.68.0-255,1484,188587,34,373683
4267,0.002618,74.125.68.0-255,4320,192907,34,373683
4268,0.00262,172.31.33.0-255,66,192973,34,373683
4269,0.002638,74.125.68.0-255,1484,194457,34,373683
4270,0.002641,74.125.68.0-255,1484,195941,34,373683
4271,0.002643,172.31.33.0-255,66,196007,34,373683
4272,0.002654,172.31.33.0-255,66,196073,34,373683
4273,0.002656,74.125.68.0-255,1484,197557,34,373683
4274,0.002659,74.125.68.0-255,1484,199041,34,373683
4275,0.002661,172.31.33.0-255,66,199107,34,373683
4276,0.002665,74.125.68.0-255,2902,202009,34,373683
4277,0.002668,172.31.33.0-255,66,202075,34,373683
4278,0.00267,74.125.68.0-255,1484,203559,34,373683
4279,0.002689,74.125.68.0-255,1484,205043,34,373683
4280,0.002692,172.31.33.0-255,66,205109,34,373683
4281,0.002694,74.125.68.0-255,766,205875,34,373683
4282,0.00273,74.125.68.0-255,1484,207359,34,373683
4283,0.002733,172.31.33.0-255,66,207425,34,373683
4284,0.002738,74.125.68.0-255,4320,211745,34,373683
4285,0.00274,172.31.33.0-255,66,211811,34,373683
4286,0.002758,74.125.68.0-255,1484,213295,34,373683
4287,0.002779,74.125.68.0-255,2902,216197,34,373683
4288,0.002783,172.31.33.0-255,66,216263,34,373683
4289,0.002787,74.125.68.0-255,2902,219165,34,373683
4290,0.002789,172.31.33.0-255,66,219231,34,373683
4291,0.002801,74.125.68.0-255,2902,222133,34,373683
4292,0.002804,172.31.33.0-255,66,222199,34,373683
4293,0.002808,74.125.68.0-255,2902,225101,34,373683
4294,0.00281,172.31.33.0-255,66,225167,34,373683
4295,0.002814,74.125.68.0-255,2902,228069,34,373683
4296,0.002816,172.31.33.0-255,66,228135,34,373683
4297,0.002837,74.125.68.0-255,1484,229619,34,373683
4298,0.002849,74.125.68.0-255,7156,236775,34,373683
4299,0.002852,172.31.33.0-255,66,236841,34,373683
4300,0.00287,74.125.68.0-255,1484,238325,34,373683
4301,0.002875,74.125.68.0-255,2184,240509,34,373683
4302,0.002877,172.31.33.0-255,66,240575,34,373683
4303,0.003057,74.125.68.0-255,1484,242059,34,373683
4304,0.003072,74.125.68.0-255,2902,244961,34,373683
4305,0.003075,172.31.33.0-255,66,245027,34,373683
4306,0.003096,74.125.68.0-255,5738,250765,34,373683
4307,0.003098,74.125.68.0-255,1484,252249,34,373683
4308,0.003108,172.31.33.0-255,66,252315,34,373683
4309,0.003112,74.125.68.0-255,1484,253799,34,373683
4310,0.003114,172.31.33.0-255,66,253865,34,373683
4311,0.003127,74.125.68.0-255,1484,255349,34,373683
4312,0.00313,74.125.68.0-255,1484,256833,34,373683
4313,0.003132,172.31.33.0-255,66,256899,34,373683
4314,0.003167,74.125.68.0-255,7156,264055,34,373683
4315,0.00317,172.31.33.0-255,66,264121,34,373683
4316,0.003188,74.125.68.0-255,1484,265605,34,373683
4317,0.003195,74.125.68.0-255,5738,271343,34,373683
4318,0.003197,172.31.33.0-255,66,271409,34,373683
4319,0.003214,74.125.68.0-255,3602,275011,34,373683
4320,0.003219,172.31.33.0-255,66,275077,34,373683
4321,0.003334,74.125.68.0-255,1484,276561,34,373683
4322,0.003352,74.125.68.0-255,2902,279463,34,373683
4323,0.003355,172.31.33.0-255,66,279529,34,373683
4324,0.003373,74.125.68.0-255,4320,283849,34,373683
4325,0.003375,172.31.33.0-255,66,283915,34,373683
4326,0.00338,74.125.68.0-255,4320,288235,34,373683
4327,0.003382,172.31.33.0-255,66,288301,34,373683
4328,0.003399,74.125.68.0-255,1484,289785,34,373683
4329,0.003403,74.125.68.0-255,2902,292687,34,373683
4330,0.003405,172.31.33.0-255,66,292753,34,373683
4331,0.003436,172.31.33.0-255,66,292819,34,373683
4332,0.003441,74.125.68.0-255,4320,297139,34,373683
4333,0.003443,172.31.33.0-255,66,297205,34,373683
4334,0.003469,74.125.68.0-255,3602,300807,34,373683
4335,0.003472,172.31.33.0-255,66,300873,34,373683
4336,0.004202,74.125.68.0-255,1484,302357,34,373683
4337,0.004221,74.125.68.0-255,1484,303841,34,373683
4338,0.004224,172.31.33.0-255,66,303907,34,373683
4339,0.004227,74.125.68.0-255,1484,305391,34,373683
4340,0.004252,74.125.68.0-255,4320,309711,34,373683
4341,0.004255,172.31.33.0-255,66,309777,34,373683
4342,0.004258,74.125.68.0-255,1484,311261,34,373683
4343,0.004276,74.125.68.0-255,2902,314163,34,373683
4344,0.004278,172.31.33.0-255,66,314229,34,373683
4345,0.004281,74.125.68.0-255,1484,315713,34,373683
4346,0.004285,74.125.68.0-255,2902,318615,34,373683
4347,0.004287,172.31.33.0-255,66,318681,34,373683
4348,0.004302,74.125.68.0-255,1484,320165,34,373683
4349,0.004312,74.125.68.0-255,1484,321649,34,373683
4350,0.004314,172.31.33.0-255,66,321715,34,373683
4351,0.004327,74.125.68.0-255,2902,324617,34,373683
4352,0.004329,172.31.33.0-255,66,324683,34,373683
4353,0.004343,74.125.68.0-255,1484,326167,34,373683
4354,0.004357,74.125.68.0-255,2902,329069,34,373683
4355,0.004359,172.31.33.0-255,66,329135,34,373683
4356,0.004378,74.125.68.0-255,2902,332037,34,373683
4357,0.00438,172.31.33.0-255,66,332103,34,373683
4358,0.004401,74.125.68.0-255,3602,335705,34,373683
4359,0.004404,172.31.33.0-255,66,335771,34,373683
4360,0.00441,74.125.68.0-255,7156,342927,34,373683
4361,0.004412,172.31.33.0-255,66,342993,34,373683
4362,0.004429,74.125.68.0-255,2902,345895,34,373683
4363,0.004431,172.31.33.0-255,66,345961,34,373683
4364,0.004449,74.125.68.0-255,7156,353117,34,373683
4365,0.004452,172.31.33.0-255,66,353183,34,373683
4366,0.004457,74.125.68.0-255,2902,356085,34,373683
4367,0.004458,172.31.33.0-255,66,356151,34,373683
4368,0.004484,172.31.33.0-255,66,356217,34,373683
4369,0.00449,74.125.68.0-255,5020,361237,34,373683
4370,0.004492,172.31.33.0-255,66,361303,34,373683
4371,0.004533,74.125.68.0-255,1484,362787,34,373683
4372,0.004535,74.125.68.0-255,1484,364271,34,373683
4373,0.004539,172.31.33.0-255,66,364337,34,373683
4374,0.004554,74.125.68.0-255,1484,365821,34,373683
4375,0.004568,74.125.68.0-255,1484,367305,34,373683
4376,0.00457,172.31.33.0-255,66,367371,34,373683
4377,0.004575,74.125.68.0-255,2902,370273,34,373683
4378,0.004577,172.31.33.0-255,66,370339,34,373683
4379,0.004591,74.125.68.0-255,2839,373178,34,373683
4380,0.004593,172.31.33.0-255,66,373244,34,373683
4381,0.004596,74.125.68.0-255,97,373341,34,373683
4382,0.004683,74.125.68.0-255,105,373446,34,373683
4383,0.005191,172.31.33.0-255,66,373512,34,373683
4384,0.005227,172.31.33.0-255,105,373617,34,373683
4385,0.007413,74.125.68.0-255,66,373683,34,373683
4386,0.0,74.125.24.0-255,153,153,34,260123
4387,3e-05,172.31.33.0-255,66,219,34,260123
4388,3.6e-05,74.125.24.0-255,1484,1703,34,260123
4389,4e-05,172.31.33.0-255,66,1769,34,260123
4390,4.4e-05,74.125.24.0-255,2902,4671,34,260123
4391,4.7e-05,172.31.33.0-255,66,4737,34,260123
4392,4.9e-05,74.125.24.0-255,1484,6221,34,260123
4393,5.1e-05,172.31.33.0-255,66,6287,34,260123
4394,6e-05,74.125.24.0-255,5738,12025,34,260123
4395,6.4e-05,172.31.33.0-255,66,12091,34,260123
4396,9.9e-05,74.125.24.0-255,2017,14108,34,260123
4397,0.000101,172.31.33.0-255,66,14174,34,260123
4398,0.000118,74.125.24.0-255,2902,17076,34,260123
4399,0.00012,172.31.33.0-255,66,17142,34,260123
4400,0.000123,74.125.24.0-255,1484,18626,34,260123
4401,0.000125,172.31.33.0-255,66,18692,34,260123
4402,0.000148,74.125.24.0-255,5738,24430,34,260123
4403,0.000151,172.31.33.0-255,66,24496,34,260123
4404,0.000181,74.125.24.0-255,6797,31293,34,260123
4405,0.000183,172.31.33.0-255,66,31359,34,260123
4406,0.000434,74.125.24.0-255,1484,32843,34,260123
4407,0.000439,74.125.24.0-255,2902,35745,34,260123
4408,0.000447,172.31.33.0-255,66,35811,34,260123
4409,0.000451,172.31.33.0-255,66,35877,34,260123
4410,0.000465,74.125.24.0-255,2902,38779,34,260123
4411,0.000468,172.31.33.0-255,66,38845,34,260123
4412,0.000489,74.125.24.0-255,2902,41747,34,260123
4413,0.000492,172.31.33.0-255,66,41813,34,260123
4414,0.000498,74.125.24.0-255,4320,46133,34,260123
4415,0.000499,172.31.33.0-255,66,46199,34,260123
4416,0.000512,74.125.24.0-255,2543,48742,34,260123
4417,0.000515,172.31.33.0-255,66,48808,34,260123
4418,0.000533,74.125.24.0-255,4320,53128,34,260123
4419,0.000536,172.31.33.0-255,66,53194,34,260123
4420,0.000564,172.31.33.0-255,66,53260,34,260123
4421,0.000568,74.125.24.0-255,2543,55803,34,260123
4422,0.00057,172.31.33.0-255,66,55869,34,260123
4423,0.000573,74.125.24.0-255,366,56235,34,260123
4424,0.000654,74.125.24.0-255,127,56362,34,260123
4425,0.000777,172.31.33.0-255,66,56428,34,260123
4426,0.000929,74.125.24.0-255,1484,57912,34,260123
4427,0.000937,74.125.24.0-255,2902,60814,34,260123
4428,0.00094,172.31.33.0-255,66,60880,34,260123
4429,0.000946,74.125.24.0-255,4320,65200,34,260123
4430,0.000948,172.31.33.0-255,66,65266,34,260123
4431,0.00096,74.125.24.0-255,1484,66750,34,260123
4432,0.000966,74.125.24.0-255,5738,72488,34,260123
4433,0.000968,172.31.33.0-255,66,72554,34,260123
4434,0.000988,74.125.24.0-255,2902,75456,34,260123
4435,0.00099,172.31.33.0-255,66,75522,34,260123
4436,0.001016,172.31.33.0-255,66,75588,34,260123
4437,0.001021,74.125.24.0-255,3961,79549,34,260123
4438,0.001023,172.31.33.0-255,66,79615,34,260123
4439,0.001695,74.125.24.0-255,347,79962,34,260123
4440,0.001732,74.125.24.0-255,1484,81446,34,260123
4441,0.001736,172.31.33.0-255,66,81512,34,260123
4442,0.001766,74.125.24.0-255,1484,82996,34,260123
4443,0.001779,74.125.24.0-255,2902,85898,34,260123
4444,0.001781,172.31.33.0-255,66,85964,34,260123
4445,0.001785,74.125.24.0-255,4320,90284,34,260123
4446,0.001787,172.31.33.0-255,66,90350,34,260123
4447,0.001792,74.125.24.0-255,5738,96088,34,260123
4448,0.001794,172.31.33.0-255,66,96154,34,260123
4449,0.001821,172.31.33.0-255,66,96220,34,260123
4450,0.001824,74.125.24.0-255,2902,99122,34,260123
4451,0.001826,172.31.33.0-255,66,99188,34,260123
4452,0.001841,74.125.24.0-255,3602,102790,34,260123
4453,0.001842,172.31.33.0-255,66,102856,34,260123
4454,0.001862,74.125.24.0-255,2902,105758,34,260123
4455,0.001864,172.31.33.0-255,66,105824,34,260123
4456,0.001882,74.125.24.0-255,4320,110144,34,260123
4457,0.001884,172.31.33.0-255,66,110210,34,260123
4458,0.001889,74.125.24.0-255,5738,115948,34,260123
4459,0.00189,172.31.33.0-255,66,116014,34,260123
4460,0.001901,74.125.24.0-255,2902,118916,34,260123
4461,0.001903,172.31.33.0-255,66,118982,34,260123
4462,0.001906,74.125.24.0-255,1484,120466,34,260123
4463,0.001921,74.125.24.0-255,7156,127622,34,260123
4464,0.001923,172.31.33.0-255,66,127688,34,260123
4465,0.001945,172.31.33.0-255,66,127754,34,260123
4466,0.001948,74.125.24.0-255,766,128520,34,260123
4467,0.00211,74.125.24.0-255,1484,130004,34,260123
4468,0.002112,172.31.33.0-255,66,130070,34,260123
4469,0.002131,74.125.24.0-255,2902,132972,34,260123
4470,0.002133,172.31.33.0-255,66,133038,34,260123
4471,0.002136,74.125.24.0-255,2902,135940,34,260123
4472,0.002138,172.31.33.0-255,66,136006,34,260123
4473,0.00215,74.125.24.0-255,2902,138908,34,260123
4474,0.002152,172.31.33.0-255,66,138974,34,260123
4475,0.002188,172.31.33.0-255,66,139040,34,260123
4476,0.002204,74.125.24.0-255,4320,143360,34,260123
4477,0.002206,172.31.33.0-255,66,143426,34,260123
4478,0.00221,74.125.24.0-255,2902,146328,34,260123
4479,0.002211,172.31.33.0-255,66,146394,34,260123
4480,0.002234,74.125.24.0-255,2902,149296,34,260123
4481,0.002236,172.31.33.0-255,66,149362,34,260123
4482,0.002253,74.125.24.0-255,5020,154382,34,260123
4483,0.002255,172.31.33.0-255,66,154448,34,260123
4484,0.00309,74.125.24.0-255,1484,155932,34,260123
4485,0.003095,74.125.24.0-255,2902,158834,34,260123
4486,0.003098,172.31.33.0-255,66,158900,34,260123
4487,0.003111,74.125.24.0-255,4320,163220,34,260123
4488,0.003113,172.31.33.0-255,66,163286,34,260123
4489,0.003124,74.125.24.0-255,1484,164770,34,260123
4490,0.003144,74.125.24.0-255,5738,170508,34,260123
4491,0.003147,172.31.33.0-255,66,170574,34,260123
4492,0.003162,74.125.24.0-255,4320,174894,34,260123
4493,0.003164,172.31.33.0-255,66,174960,34,260123
4494,0.003169,74.125.24.0-255,4320,179280,34,260123
4495,0.003172,172.31.33.0-255,66,179346,34,260123
4496,0.003198,74.125.24.0-255,7156,186502,34,260123
4497,0.003201,172.31.33.0-255,66,186568,34,260123
4498,0.00321,172.31.33.0-255,66,186634,34,260123
4499,0.003228,74.125.24.0-255,3602,190236,34,260123
4500,0.00323,172.31.33.0-255,66,190302,34,260123
4501,0.00324,74.125.24.0-255,5738,196040,34,260123
4502,0.003243,172.31.33.0-255,66,196106,34,260123
4503,0.003246,74.125.24.0-255,1484,197590,34,260123
4504,0.003248,74.125.24.0-255,1484,199074,34,260123
4505,0.00325,172.31.33.0-255,66,199140,34,260123
4506,0.003286,172.31.33.0-255,66,199206,34,260123
4507,0.003288,74.125.24.0-255,766,199972,34,260123
4508,0.003783,74.125.24.0-255,1484,201456,34,260123
4509,0.003788,172.31.33.0-255,66,201522,34,260123
4510,0.003793,74.125.24.0-255,2902,204424,34,260123
4511,0.003796,172.31.33.0-255,66,204490,34,260123
4512,0.003802,74.125.24.0-255,5738,210228,34,260123
4513,0.003804,172.31.33.0-255,66,210294,34,260123
4514,0.003809,74.125.24.0-255,4320,214614,34,260123
4515,0.003811,172.31.33.0-255,66,214680,34,260123
4516,0.003828,74.125.24.0-255,2902,217582,34,260123
4517,0.003831,172.31.33.0-255,66,217648,34,260123
4518,0.003867,74.125.24.0-255,5738,223386,34,260123
4519,0.00387,172.31.33.0-255,66,223452,34,260123
4520,0.003892,172.31.33.0-255,66,223518,34,260123
4521,0.003896,74.125.24.0-255,2184,225702,34,260123
4522,0.003898,172.31.33.0-255,66,225768,34,260123
4523,0.00392,74.125.24.0-255,7156,232924,34,260123
4524,0.003922,172.31.33.0-255,66,232990,34,260123
4525,0.003958,74.125.24.0-255,2902,235892,34,260123
4526,0.003963,172.31.33.0-255,66,235958,34,260123
4527,0.003976,172.31.33.0-255,66,236024,34,260123
4528,0.00399,172.31.33.0-255,66,236090,34,260123
4529,0.003995,74.125.24.0-255,1484,237574,34,260123
4530,0.004046,172.31.33.0-255,66,237640,34,260123
4531,0.004059,172.31.33.0-255,66,237706,34,260123
4532,0.004064,74.125.24.0-255,2184,239890,34,260123
4533,0.004067,172.31.33.0-255,66,239956,34,260123
4534,0.00407,74.125.24.0-255,1484,241440,34,260123
4535,0.004074,74.125.24.0-255,1484,242924,34,260123
4536,0.004076,172.31.33.0-255,66,242990,34,260123
4537,0.004099,74.125.24.0-255,1484,244474,34,260123
4538,0.004106,74.125.24.0-255,5738,250212,34,260123
4539,0.004109,172.31.33.0-255,66,250278,34,260123
4540,0.004144,172.31.33.0-255,66,250344,34,260123
4541,0.004147,74.125.24.0-255,1484,251828,34,260123
4542,0.004156,74.125.24.0-255,7156,258984,34,260123
4543,0.004159,172.31.33.0-255,66,259050,34,260123
4544,0.004161,74.125.24.0-255,968,260018,34,260123
4545,0.004197,74.125.24.0-255,105,260123,34,260123
4546,0.0,172.217.194.0-255,219,219,34,75365
4547,2.6e-05,172.31.33.0-255,66,285,34,75365
4548,3.3e-05,172.217.194.0-255,1484,1769,34,75365
4549,3.7e-05,172.31.33.0-255,66,1835,34,75365
4550,4.2e-05,172.217.194.0-255,4320,6155,34,75365
4551,4.5e-05,172.31.33.0-255,66,6221,34,75365
4552,8.4e-05,172.217.194.0-255,2902,9123,34,75365
4553,8.7e-05,172.31.33.0-255,66,9189,34,75365
4554,0.000108,172.217.194.0-255,6031,15220,34,75365
4555,0.000111,172.31.33.0-255,66,15286,34,75365
4556,0.000251,172.31.33.0-255,66,15352,34,75365
4557,0.00027,172.217.194.0-255,5379,20731,34,75365
4558,0.000273,172.31.33.0-255,66,20797,34,75365
4559,0.000491,172.217.194.0-255,7156,27953,34,75365
4560,0.000496,172.31.33.0-255,66,28019,34,75365
4561,0.00052,172.31.33.0-255,66,28085,34,75365
4562,0.000745,172.217.194.0-255,4320,32405,34,75365
4563,0.00075,172.31.33.0-255,66,32471,34,75365
4564,0.000783,172.31.33.0-255,66,32537,34,75365
4565,0.00104,172.217.194.0-255,4320,36857,34,75365
4566,0.001045,172.31.33.0-255,66,36923,34,75365
4567,0.001091,172.31.33.0-255,66,36989,34,75365
4568,0.001604,172.31.33.0-255,66,37055,34,75365
4569,0.001639,172.31.33.0-255,66,37121,34,75365
4570,0.002058,172.217.194.0-255,2902,40023,34,75365
4571,0.00206,172.31.33.0-255,66,40089,34,75365
4572,0.002084,172.31.33.0-255,66,40155,34,75365
4573,0.002156,172.31.33.0-255,66,40221,34,75365
4574,0.00217,172.217.194.0-255,917,41138,34,75365
4575,0.002657,172.217.194.0-255,4320,45458,34,75365
4576,0.002661,172.31.33.0-255,66,45524,34,75365
4577,0.002703,172.31.33.0-255,66,45590,34,75365
4578,0.003696,172.217.194.0-255,4320,49910,34,75365
4579,0.004029,172.217.194.0-255,1484,51394,34,75365
4580,0.005053,172.217.194.0-255,4320,55714,34,75365
4581,0.005104,172.217.194.0-255,2902,58616,34,75365
4582,0.006108,172.217.194.0-255,4320,62936,34,75365
4583,0.006172,172.217.194.0-255,7156,70092,34,75365
4584,0.006193,172.217.194.0-255,5207,75299,34,75365
4585,0.008877,172.31.33.0-255,66,75365,34,75365
4586,0.0,74.125.24.0-255,220,220,34,162508
4587,2.1e-05,172.31.33.0-255,66,286,34,162508
4588,2.8e-05,74.125.24.0-255,1484,1770,34,162508
4589,3.2e-05,172.31.33.0-255,66,1836,34,162508
4590,3.7e-05,74.125.24.0-255,4320,6156,34,162508
4591,4e-05,172.31.33.0-255,66,6222,34,162508
4592,4.3e-05,74.125.24.0-255,2902,9124,34,162508
4593,4.5e-05,172.31.33.0-255,66,9190,34,162508
4594,5e-05,74.125.24.0-255,4320,13510,34,162508
4595,5.3e-05,172.31.33.0-255,66,13576,34,162508
4596,0.000108,172.31.33.0-255,66,13642,34,162508
4597,0.000117,172.31.33.0-255,66,13708,34,162508
4598,0.000139,74.125.24.0-255,5738,19446,34,162508
4599,0.000141,172.31.33.0-255,66,19512,34,162508
4600,0.000166,172.31.33.0-255,66,19578,34,162508
4601,0.000185,74.125.24.0-255,2902,22480,34,162508
4602,0.000187,172.31.33.0-255,66,22546,34,162508
4603,0.000215,172.31.33.0-255,66,22612,34,162508
4604,0.000245,172.31.33.0-255,66,22678,34,162508
4605,0.00025,74.125.24.0-255,4320,26998,34,162508
4606,0.000252,172.31.33.0-255,66,27064,34,162508
4607,0.000266,74.125.24.0-255,4320,31384,34,162508
4608,0.000268,172.31.33.0-255,66,31450,34,162508
4609,0.00027,74.125.24.0-255,1484,32934,34,162508
4610,0.000272,172.31.33.0-255,66,33000,34,162508
4611,0.000312,172.31.33.0-255,66,33066,34,162508
4612,0.000314,74.125.24.0-255,344,33410,34,162508
4613,0.000364,74.125.24.0-255,1484,34894,34,162508
4614,0.000366,172.31.33.0-255,66,34960,34,162508
4615,0.00038,74.125.24.0-255,4320,39280,34,162508
4616,0.000383,172.31.33.0-255,66,39346,34,162508
4617,0.000387,74.125.24.0-255,2902,42248,34,162508
4618,0.000389,172.31.33.0-255,66,42314,34,162508
4619,0.000417,74.125.24.0-255,2902,45216,34,162508
4620,0.000419,172.31.33.0-255,66,45282,34,162508
4621,0.00043,172.31.33.0-255,66,45348,34,162508
4622,0.000462,172.31.33.0-255,66,45414,34,162508
4623,0.00049,74.125.24.0-255,4320,49734,34,162508
4624,0.000492,172.31.33.0-255,66,49800,34,162508
4625,0.000506,74.125.24.0-255,4320,54120,34,162508
4626,0.000508,172.31.33.0-255,66,54186,34,162508
4627,0.00051,74.125.24.0-255,1484,55670,34,162508
4628,0.00054,172.31.33.0-255,66,55736,34,162508
4629,0.000568,172.31.33.0-255,66,55802,34,162508
4630,0.000584,74.125.24.0-255,3602,59404,34,162508
4631,0.000586,172.31.33.0-255,66,59470,34,162508
4632,0.000702,74.125.24.0-255,1484,60954,34,162508
4633,0.000707,74.125.24.0-255,2902,63856,34,162508
4634,0.00071,172.31.33.0-255,66,63922,34,162508
4635,0.000734,74.125.24.0-255,5738,69660,34,162508
4636,0.000737,172.31.33.0-255,66,69726,34,162508
4637,0.000743,74.125.24.0-255,5738,75464,34,162508
4638,0.000744,172.31.33.0-255,66,75530,34,162508
4639,0.00076,74.125.24.0-255,7156,82686,34,162508
4640,0.000762,172.31.33.0-255,66,82752,34,162508
4641,0.000772,172.31.33.0-255,66,82818,34,162508
4642,0.000823,74.125.24.0-255,2184,85002,34,162508
4643,0.000825,172.31.33.0-255,66,85068,34,162508
4644,0.000843,74.125.24.0-255,2902,87970,34,162508
4645,0.000847,172.31.33.0-255,66,88036,34,162508
4646,0.000865,74.125.24.0-255,2902,90938,34,162508
4647,0.000868,172.31.33.0-255,66,91004,34,162508
4648,0.000874,74.125.24.0-255,7156,98160,34,162508
4649,0.000876,172.31.33.0-255,66,98226,34,162508
4650,0.000906,172.31.33.0-255,66,98292,34,162508
4651,0.000926,74.125.24.0-255,1484,99776,34,162508
4652,0.000933,74.125.24.0-255,6438,106214,34,162508
4653,0.000935,172.31.33.0-255,66,106280,34,162508
4654,0.000939,74.125.24.0-255,2902,109182,34,162508
4655,0.000941,172.31.33.0-255,66,109248,34,162508
4656,0.00098,74.125.24.0-255,7156,116404,34,162508
4657,0.000984,172.31.33.0-255,66,116470,34,162508
4658,0.00099,172.31.33.0-255,66,116536,34,162508
4659,0.000993,74.125.24.0-255,766,117302,34,162508
4660,0.001022,74.125.24.0-255,2902,120204,34,162508
4661,0.001024,172.31.33.0-255,66,120270,34,162508
4662,0.001052,172.31.33.0-255,66,120336,34,162508
4663,0.001086,74.125.24.0-255,2902,123238,34,162508
4664,0.001095,172.31.33.0-255,66,123304,34,162508
4665,0.001101,172.31.33.0-255,66,123370,34,162508
4666,0.001107,74.125.24.0-255,5738,129108,34,162508
4667,0.001109,172.31.33.0-255,66,129174,34,162508
4668,0.00112,172.31.33.0-255,66,129240,34,162508
4669,0.001126,74.125.24.0-255,7156,136396,34,162508
4670,0.001128,172.31.33.0-255,66,136462,34,162508
4671,0.001154,172.31.33.0-255,66,136528,34,162508
4672,0.001196,74.125.24.0-255,4320,140848,34,162508
4673,0.001204,172.31.33.0-255,66,140914,34,162508
4674,0.001209,74.125.24.0-255,4320,145234,34,162508
4675,0.001213,172.31.33.0-255,66,145300,34,162508
4676,0.001231,74.125.24.0-255,766,146066,34,162508
4677,0.001246,172.31.33.0-255,66,146132,34,162508
4678,0.001283,74.125.24.0-255,1484,147616,34,162508
4679,0.001297,74.125.24.0-255,2902,150518,34,162508
4680,0.001302,172.31.33.0-255,66,150584,34,162508
4681,0.001324,74.125.24.0-255,5738,156322,34,162508
4682,0.001362,172.31.33.0-255,66,156388,34,162508
4683,0.001369,74.125.24.0-255,1484,157872,34,162508
4684,0.001374,74.125.24.0-255,4465,162337,34,162508
4685,0.001377,74.125.24.0-255,105,162442,34,162508
4686,0.00138,172.31.33.0-255,66,162508,34,162508
4687,0.0,74.125.68.0-255,153,153,34,288053
4688,2.4e-05,172.31.33.0-255,66,219,34,288053
4689,3.1e-05,74.125.68.0-255,1484,1703,34,288053
4690,3.5e-05,172.31.33.0-255,66,1769,34,288053
4691,4.1e-05,74.125.68.0-255,2902,4671,34,288053
4692,5.1e-05,172.31.33.0-255,66,4737,34,288053
4693,5.6e-05,74.125.68.0-255,2902,7639,34,288053
4694,5.9e-05,172.31.33.0-255,66,7705,34,288053
4695,6.5e-05,74.125.68.0-255,4320,12025,34,288053
4696,6.8e-05,172.31.33.0-255,66,12091,34,288053
4697,9.4e-05,74.125.68.0-255,2083,14174,34,288053
4698,9.7e-05,172.31.33.0-255,66,14240,34,288053
4699,0.000126,74.125.68.0-255,2902,17142,34,288053
4700,0.000128,172.31.33.0-255,66,17208,34,288053
4701,0.000134,74.125.68.0-255,4320,21528,34,288053
4702,0.000136,172.31.33.0-255,66,21594,34,288053
4703,0.000143,74.125.68.0-255,4320,25914,34,288053
4704,0.000145,172.31.33.0-255,66,25980,34,288053
4705,0.000167,74.125.68.0-255,1484,27464,34,288053
4706,0.00017,172.31.33.0-255,66,27530,34,288053
4707,0.000192,74.125.68.0-255,3961,31491,34,288053
4708,0.000195,172.31.33.0-255,66,31557,34,288053
4709,0.000318,74.125.68.0-255,1484,33041,34,288053
4710,0.000322,172.31.33.0-255,66,33107,34,288053
4711,0.000326,74.125.68.0-255,1484,34591,34,288053
4712,0.000328,172.31.33.0-255,66,34657,34,288053
4713,0.000351,74.125.68.0-255,1484,36141,34,288053
4714,0.000354,172.31.33.0-255,66,36207,34,288053
4715,0.000364,74.125.68.0-255,4320,40527,34,288053
4716,0.000367,172.31.33.0-255,66,40593,34,288053
4717,0.000404,172.31.33.0-255,66,40659,34,288053
4718,0.00041,74.125.68.0-255,5738,46397,34,288053
4719,0.000413,172.31.33.0-255,66,46463,34,288053
4720,0.000444,74.125.68.0-255,4320,50783,34,288053
4721,0.000447,172.31.33.0-255,66,50849,34,288053
4722,0.000454,74.125.68.0-255,5686,56535,34,288053
4723,0.000457,172.31.33.0-255,66,56601,34,288053
4724,0.000485,74.125.68.0-255,118,56719,34,288053
4725,0.00049,74.125.68.0-255,330,57049,34,288053
4726,0.000686,74.125.68.0-255,1484,58533,34,288053
4727,0.000693,172.31.33.0-255,66,58599,34,288053
4728,0.000698,74.125.68.0-255,2902,61501,34,288053
4729,0.0007,172.31.33.0-255,66,61567,34,288053
4730,0.000705,74.125.68.0-255,4320,65887,34,288053
4731,0.000713,172.31.33.0-255,66,65953,34,288053
4732,0.000745,172.31.33.0-255,66,66019,34,288053
4733,0.00075,74.125.68.0-255,4320,70339,34,288053
4734,0.000752,172.31.33.0-255,66,70405,34,288053
4735,0.000815,172.31.33.0-255,66,70471,34,288053
4736,0.000826,74.125.68.0-255,3602,74073,34,288053
4737,0.000834,172.31.33.0-255,66,74139,34,288053
4738,0.001028,74.125.68.0-255,1484,75623,34,288053
4739,0.001046,74.125.68.0-255,1484,77107,34,288053
4740,0.001049,74.125.68.0-255,2902,80009,34,288053
4741,0.001054,172.31.33.0-255,66,80075,34,288053
4742,0.001061,172.31.33.0-255,66,80141,34,288053
4743,0.001107,74.125.68.0-255,4320,84461,34,288053
4744,0.00111,172.31.33.0-255,66,84527,34,288053
4745,0.001137,74.125.68.0-255,1484,86011,34,288053
4746,0.001144,74.125.68.0-255,7156,93167,34,288053
4747,0.00115,172.31.33.0-255,66,93233,34,288053
4748,0.001161,74.125.68.0-255,4320,97553,34,288053
4749,0.001163,172.31.33.0-255,66,97619,34,288053
4750,0.001188,74.125.68.0-255,4320,101939,34,288053
4751,0.001191,172.31.33.0-255,66,102005,34,288053
4752,0.001226,74.125.68.0-255,6438,108443,34,288053
4753,0.001229,172.31.33.0-255,66,108509,34,288053
4754,0.001262,74.125.68.0-255,1484,109993,34,288053
4755,0.001281,74.125.68.0-255,2902,112895,34,288053
4756,0.001283,172.31.33.0-255,66,112961,34,288053
4757,0.00129,74.125.68.0-255,5738,118699,34,288053
4758,0.001292,172.31.33.0-255,66,118765,34,288053
4759,0.001296,74.125.68.0-255,2902,121667,34,288053
4760,0.001303,172.31.33.0-255,66,121733,34,288053
4761,0.001306,74.125.68.0-255,1484,123217,34,288053
4762,0.001333,74.125.68.0-255,2902,126119,34,288053
4763,0.001335,172.31.33.0-255,66,126185,34,288053
4764,0.001341,74.125.68.0-255,4320,130505,34,288053
4765,0.001343,172.31.33.0-255,66,130571,34,288053
4766,0.001372,74.125.68.0-255,4320,134891,34,288053
4767,0.001375,172.31.33.0-255,66,134957,34,288053
4768,0.001381,74.125.68.0-255,5738,140695,34,288053
4769,0.001384,172.31.33.0-255,66,140761,34,288053
4770,0.001391,74.125.68.0-255,6438,147199,34,288053
4771,0.001394,172.31.33.0-255,66,147265,34,288053
4772,0.001408,74.125.68.0-255,5738,153003,34,288053
4773,0.00141,172.31.33.0-255,66,153069,34,288053
4774,0.001444,74.125.68.0-255,1484,154553,34,288053
4775,0.00147,74.125.68.0-255,5738,160291,34,288053
4776,0.001474,172.31.33.0-255,66,160357,34,288053
4777,0.00148,74.125.68.0-255,4320,164677,34,288053
4778,0.001481,172.31.33.0-255,66,164743,34,288053
4779,0.001491,74.125.68.0-255,5738,170481,34,288053
4780,0.001494,172.31.33.0-255,66,170547,34,288053
4781,0.001497,74.125.68.0-255,1484,172031,34,288053
4782,0.001526,74.125.68.0-255,5020,177051,34,288053
4783,0.001529,172.31.33.0-255,66,177117,34,288053
4784,0.002175,74.125.68.0-255,1484,178601,34,288053
4785,0.002184,74.125.68.0-255,2902,181503,34,288053
4786,0.00219,172.31.33.0-255,66,181569,34,288053
4787,0.002197,74.125.68.0-255,4320,185889,34,288053
4788,0.0022,172.31.33.0-255,66,185955,34,288053
4789,0.002216,74.125.68.0-255,1484,187439,34,288053
4790,0.002224,74.125.68.0-255,2902,190341,34,288053
4791,0.002227,172.31.33.0-255,66,190407,34,288053
4792,0.002231,74.125.68.0-255,2902,193309,34,288053
4793,0.002234,172.31.33.0-255,66,193375,34,288053
4794,0.002266,74.125.68.0-255,7156,200531,34,288053
4795,0.002269,172.31.33.0-255,66,200597,34,288053
4796,0.002281,172.31.33.0-255,66,200663,34,288053
4797,0.002674,74.125.68.0-255,1484,202147,34,288053
4798,0.002688,74.125.68.0-255,2902,205049,34,288053
4799,0.002691,172.31.33.0-255,66,205115,34,288053
4800,0.002722,74.125.68.0-255,5738,210853,34,288053
4801,0.002725,172.31.33.0-255,66,210919,34,288053
4802,0.002728,74.125.68.0-255,1484,212403,34,288053
4803,0.002731,74.125.68.0-255,1484,213887,34,288053
4804,0.002744,172.31.33.0-255,66,213953,34,288053
4805,0.002776,74.125.68.0-255,5738,219691,34,288053
4806,0.002779,172.31.33.0-255,66,219757,34,288053
4807,0.002793,172.31.33.0-255,66,219823,34,288053
4808,0.002797,74.125.68.0-255,2184,222007,34,288053
4809,0.002799,172.31.33.0-255,66,222073,34,288053
4810,0.002912,74.125.68.0-255,1484,223557,34,288053
4811,0.002917,74.125.68.0-255,2902,226459,34,288053
4812,0.002919,172.31.33.0-255,66,226525,34,288053
4813,0.002943,74.125.68.0-255,5738,232263,34,288053
4814,0.002946,172.31.33.0-255,66,232329,34,288053
4815,0.002967,74.125.68.0-255,1484,233813,34,288053
4816,0.002997,172.31.33.0-255,66,233879,34,288053
4817,0.003032,172.31.33.0-255,66,233945,34,288053
4818,0.003065,74.125.68.0-255,5020,238965,34,288053
4819,0.003067,172.31.33.0-255,66,239031,34,288053
4820,0.003072,74.125.68.0-255,4320,243351,34,288053
4821,0.003075,172.31.33.0-255,66,243417,34,288053
4822,0.003079,74.125.68.0-255,2902,246319,34,288053
4823,0.003086,172.31.33.0-255,66,246385,34,288053
4824,0.003123,172.31.33.0-255,66,246451,34,288053
4825,0.003138,172.31.33.0-255,66,246517,34,288053
4826,0.003158,74.125.68.0-255,2902,249419,34,288053
4827,0.003161,172.31.33.0-255,66,249485,34,288053
4828,0.003196,172.31.33.0-255,66,249551,34,288053
4829,0.003201,74.125.68.0-255,4320,253871,34,288053
4830,0.003204,172.31.33.0-255,66,253937,34,288053
4831,0.003214,172.31.33.0-255,66,254003,34,288053
4832,0.00325,74.125.68.0-255,6438,260441,34,288053
4833,0.003252,172.31.33.0-255,66,260507,34,288053
4834,0.003255,74.125.68.0-255,1484,261991,34,288053
4835,0.003275,74.125.68.0-255,1484,263475,34,288053
4836,0.003277,172.31.33.0-255,66,263541,34,288053
4837,0.003305,74.125.68.0-255,1484,265025,34,288053
4838,0.00331,74.125.68.0-255,4320,269345,34,288053
4839,0.003313,172.31.33.0-255,66,269411,34,288053
4840,0.003316,74.125.68.0-255,1484,270895,34,288053
4841,0.003319,74.125.68.0-255,1484,272379,34,288053
4842,0.003321,172.31.33.0-255,66,272445,34,288053
4843,0.00333,74.125.68.0-255,4320,276765,34,288053
4844,0.003333,172.31.33.0-255,66,276831,34,288053
4845,0.003339,74.125.68.0-255,5738,282569,34,288053
4846,0.003342,172.31.33.0-255,66,282635,34,288053
4847,0.003346,74.125.68.0-255,2902,285537,34,288053
4848,0.003348,172.31.33.0-255,66,285603,34,288053
4849,0.003351,74.125.68.0-255,1484,287087,34,288053
4850,0.003353,74.125.68.0-255,698,287785,34,288053
4851,0.003356,172.31.33.0-255,66,287851,34,288053
4852,0.003358,74.125.68.0-255,97,287948,34,288053
4853,0.003416,74.125.68.0-255,105,288053,34,288053
4854,0.0,172.217.194.0-255,153,153,34,195272
4855,2.2e-05,172.31.33.0-255,66,219,34,195272
4856,2.9e-05,172.217.194.0-255,1484,1703,34,195272
4857,3.4e-05,172.31.33.0-255,66,1769,34,195272
4858,3.9e-05,172.217.194.0-255,2902,4671,34,195272
4859,4.1e-05,172.31.33.0-255,66,4737,34,195272
4860,4.8e-05,172.217.194.0-255,5738,10475,34,195272
4861,5.1e-05,172.31.33.0-255,66,10541,34,195272
4862,7.3e-05,172.217.194.0-255,1484,12025,34,195272
4863,7.6e-05,172.31.33.0-255,66,12091,34,195272
4864,9.3e-05,172.217.194.0-255,2011,14102,34,195272
4865,9.5e-05,172.31.33.0-255,66,14168,34,195272
4866,0.000101,172.217.194.0-255,4320,18488,34,195272
4867,0.000103,172.31.33.0-255,66,18554,34,195272
4868,0.000136,172.31.33.0-255,66,18620,34,195272
4869,0.00014,172.217.194.0-255,2543,21163,34,195272
4870,0.000141,172.31.33.0-255,66,21229,34,195272
4871,0.000235,172.217.194.0-255,1484,22713,34,195272
4872,0.000239,172.31.33.0-255,66,22779,34,195272
4873,0.000244,172.217.194.0-255,2902,25681,34,195272
4874,0.000246,172.31.33.0-255,66,25747,34,195272
4875,0.00025,172.217.194.0-255,2902,28649,34,195272
4876,0.000252,172.31.33.0-255,66,28715,34,195272
4877,0.00027,172.217.194.0-255,2902,31617,34,195272
4878,0.000273,172.31.33.0-255,66,31683,34,195272
4879,0.000317,172.217.194.0-255,2902,34585,34,195272
4880,0.000319,172.31.33.0-255,66,34651,34,195272
4881,0.000336,172.217.194.0-255,5738,40389,34,195272
4882,0.000338,172.31.33.0-255,66,40455,34,195272
4883,0.000368,172.217.194.0-255,5379,45834,34,195272
4884,0.000371,172.31.33.0-255,66,45900,34,195272
4885,0.000383,172.31.33.0-255,66,45966,34,195272
4886,0.000385,172.217.194.0-255,647,46613,34,195272
4887,0.001,172.31.33.0-255,66,46679,34,195272
4888,0.001153,172.217.194.0-255,1484,48163,34,195272
4889,0.001162,172.217.194.0-255,2902,51065,34,195272
4890,0.001166,172.31.33.0-255,66,51131,34,195272
4891,0.001174,172.217.194.0-255,5738,56869,34,195272
4892,0.001176,172.31.33.0-255,66,56935,34,195272
4893,0.001203,172.31.33.0-255,66,57001,34,195272
4894,0.001221,172.217.194.0-255,1484,58485,34,195272
4895,0.001234,172.31.33.0-255,66,58551,34,195272
4896,0.001238,172.217.194.0-255,2184,60735,34,195272
4897,0.001241,172.31.33.0-255,66,60801,34,195272
4898,0.001326,172.217.194.0-255,1484,62285,34,195272
4899,0.001332,172.217.194.0-255,2902,65187,34,195272
4900,0.001335,172.31.33.0-255,66,65253,34,195272
4901,0.001357,172.217.194.0-255,5738,70991,34,195272
4902,0.001359,172.31.33.0-255,66,71057,34,195272
4903,0.001365,172.217.194.0-255,2902,73959,34,195272
4904,0.001367,172.31.33.0-255,66,74025,34,195272
4905,0.001394,172.31.33.0-255,66,74091,34,195272
4906,0.0014,172.217.194.0-255,7156,81247,34,195272
4907,0.001402,172.31.33.0-255,66,81313,34,195272
4908,0.001422,172.217.194.0-255,1484,82797,34,195272
4909,0.001436,172.217.194.0-255,5738,88535,34,195272
4910,0.001438,172.31.33.0-255,66,88601,34,195272
4911,0.001461,172.217.194.0-255,5888,94489,34,195272
4912,0.001464,172.31.33.0-255,66,94555,34,195272
4913,0.001474,172.31.33.0-255,66,94621,34,195272
4914,0.001501,172.217.194.0-255,5738,100359,34,195272
4915,0.001504,172.31.33.0-255,66,100425,34,195272
4916,0.001515,172.31.33.0-255,66,100491,34,195272
4917,0.001536,172.217.194.0-255,2902,103393,34,195272
4918,0.001539,172.31.33.0-255,66,103459,34,195272
4919,0.001561,172.217.194.0-255,7156,110615,34,195272
4920,0.001564,172.31.33.0-255,66,110681,34,195272
4921,0.001586,172.217.194.0-255,7156,117837,34,195272
4922,0.001589,172.31.33.0-255,66,117903,34,195272
4923,0.001614,172.217.194.0-255,7156,125059,34,195272
4924,0.001617,172.31.33.0-255,66,125125,34,195272
4925,0.001622,172.217.194.0-255,4320,129445,34,195272
4926,0.001624,172.31.33.0-255,66,129511,34,195272
4927,0.001644,172.31.33.0-255,66,129577,34,195272
4928,0.001677,172.31.33.0-255,66,129643,34,195272
4929,0.001697,172.217.194.0-255,2184,131827,34,195272
4930,0.001699,172.31.33.0-255,66,131893,34,195272
4931,0.001711,172.31.33.0-255,66,131959,34,195272
4932,0.001731,172.217.194.0-255,5020,136979,34,195272
4933,0.001733,172.31.33.0-255,66,137045,34,195272
4934,0.001736,172.217.194.0-255,1484,138529,34,195272
4935,0.00179,172.31.33.0-255,66,138595,34,195272
4936,0.001803,172.217.194.0-255,4320,142915,34,195272
4937,0.001806,172.31.33.0-255,66,142981,34,195272
4938,0.001815,172.217.194.0-255,4320,147301,34,195272
4939,0.001818,172.31.33.0-255,66,147367,34,195272
4940,0.001849,172.31.33.0-255,66,147433,34,195272
4941,0.001872,172.217.194.0-255,1484,148917,34,195272
4942,0.001875,172.217.194.0-255,1484,150401,34,195272
4943,0.001877,172.31.33.0-255,66,150467,34,195272
4944,0.001895,172.217.194.0-255,1484,151951,34,195272
4945,0.001901,172.217.194.0-255,5738,157689,34,195272
4946,0.001903,172.31.33.0-255,66,157755,34,195272
4947,0.001919,172.217.194.0-255,2902,160657,34,195272
4948,0.001921,172.31.33.0-255,66,160723,34,195272
4949,0.00194,172.31.33.0-255,66,160789,34,195272
4950,0.001953,172.217.194.0-255,1484,162273,34,195272
4951,0.001958,172.217.194.0-255,4320,166593,34,195272
4952,0.00196,172.31.33.0-255,66,166659,34,195272
4953,0.001979,172.217.194.0-255,2902,169561,34,195272
4954,0.001982,172.31.33.0-255,66,169627,34,195272
4955,0.002028,172.217.194.0-255,3602,173229,34,195272
4956,0.002032,172.31.33.0-255,66,173295,34,195272
4957,0.002065,172.217.194.0-255,1484,174779,34,195272
4958,0.002082,172.217.194.0-255,2902,177681,34,195272
4959,0.002085,172.31.33.0-255,66,177747,34,195272
4960,0.002113,172.217.194.0-255,2902,180649,34,195272
4961,0.002116,172.31.33.0-255,66,180715,34,195272
4962,0.00213,172.217.194.0-255,4320,185035,34,195272
4963,0.002133,172.31.33.0-255,66,185101,34,195272
4964,0.002157,172.217.194.0-255,2902,188003,34,195272
4965,0.00216,172.31.33.0-255,66,188069,34,195272
4966,0.002169,172.31.33.0-255,66,188135,34,195272
4967,0.002195,172.31.33.0-255,66,188201,34,195272
4968,0.002216,172.217.194.0-255,2184,190385,34,195272
4969,0.002218,172.31.33.0-255,66,190451,34,195272
4970,0.002229,172.31.33.0-255,66,190517,34,195272
4971,0.002242,172.31.33.0-255,66,190583,34,195272
4972,0.002257,172.217.194.0-255,4320,194903,34,195272
4973,0.002258,172.31.33.0-255,66,194969,34,195272
4974,0.002288,172.31.33.0-255,66,195035,34,195272
4975,0.00232,172.31.33.0-255,66,195101,34,195272
4976,0.00233,172.31.33.0-255,66,195167,34,195272
4977,0.002358,172.217.194.0-255,105,195272,34,195272
4978,0.0,172.217.194.0-255,156,156,34,187707
4979,2e-05,172.31.33.0-255,66,222,34,187707
4980,3.7e-05,172.217.194.0-255,1484,1706,34,187707
4981,4.1e-05,172.31.33.0-255,66,1772,34,187707
4982,4.5e-05,172.217.194.0-255,2902,4674,34,187707
4983,4.7e-05,172.31.33.0-255,66,4740,34,187707
4984,4.9e-05,172.217.194.0-255,1484,6224,34,187707
4985,5.1e-05,172.31.33.0-255,66,6290,34,187707
4986,9.9e-05,172.217.194.0-255,2902,9192,34,187707
4987,0.000101,172.31.33.0-255,66,9258,34,187707
4988,0.000123,172.217.194.0-255,4889,14147,34,187707
4989,0.000126,172.31.33.0-255,66,14213,34,187707
4990,0.000235,172.217.194.0-255,1484,15697,34,187707
4991,0.000238,172.31.33.0-255,66,15763,34,187707
4992,0.000242,172.217.194.0-255,1484,17247,34,187707
4993,0.000243,172.31.33.0-255,66,17313,34,187707
4994,0.000261,172.217.194.0-255,1484,18797,34,187707
4995,0.000263,172.31.33.0-255,66,18863,34,187707
4996,0.000269,172.217.194.0-255,5738,24601,34,187707
4997,0.000271,172.31.33.0-255,66,24667,34,187707
4998,0.000305,172.217.194.0-255,4320,28987,34,187707
4999,0.000308,172.31.33.0-255,66,29053,34,187707
5000,0.000318,172.217.194.0-255,2543,31596,34,187707
5001,0.00032,172.31.33.0-255,66,31662,34,187707
5002,0.000367,172.217.194.0-255,1484,33146,34,187707
5003,0.00037,172.31.33.0-255,66,33212,34,187707
5004,0.000374,172.217.194.0-255,2902,36114,34,187707
5005,0.000376,172.31.33.0-255,66,36180,34,187707
5006,0.000388,172.217.194.0-255,1484,37664,34,187707
5007,0.00039,172.31.33.0-255,66,37730,34,187707
5008,0.000413,172.217.194.0-255,4320,42050,34,187707
5009,0.000415,172.31.33.0-255,66,42116,34,187707
5010,0.000421,172.217.194.0-255,6797,48913,34,187707
5011,0.000423,172.31.33.0-255,66,48979,34,187707
5012,0.000459,172.217.194.0-255,4320,53299,34,187707
5013,0.000463,172.31.33.0-255,66,53365,34,187707
5014,0.000485,172.217.194.0-255,2902,56267,34,187707
5015,0.000487,172.31.33.0-255,66,56333,34,187707
5016,0.000497,172.31.33.0-255,66,56399,34,187707
5017,0.000511,172.217.194.0-255,1455,57854,34,187707
5018,0.000551,172.217.194.0-255,377,58231,34,187707
5019,0.000554,172.31.33.0-255,66,58297,34,187707
5020,0.000797,172.217.194.0-255,1484,59781,34,187707
5021,0.000806,172.217.194.0-255,2902,62683,34,187707
5022,0.000809,172.31.33.0-255,66,62749,34,187707
5023,0.000827,172.217.194.0-255,1484,64233,34,187707
5024,0.000843,172.217.194.0-255,4320,68553,34,187707
5025,0.000846,172.31.33.0-255,66,68619,34,187707
5026,0.000879,172.31.33.0-255,66,68685,34,187707
5027,0.000889,172.31.33.0-255,66,68751,34,187707
5028,0.000901,172.217.194.0-255,1484,70235,34,187707
5029,0.000904,172.217.194.0-255,766,71001,34,187707
5030,0.000906,172.31.33.0-255,66,71067,34,187707
5031,0.000994,172.217.194.0-255,1484,72551,34,187707
5032,0.000998,172.217.194.0-255,1484,74035,34,187707
5033,0.001001,172.31.33.0-255,66,74101,34,187707
5034,0.001018,172.217.194.0-255,1484,75585,34,187707
5035,0.001023,172.217.194.0-255,5738,81323,34,187707
5036,0.001026,172.31.33.0-255,66,81389,34,187707
5037,0.001045,172.217.194.0-255,5738,87127,34,187707
5038,0.001047,172.31.33.0-255,66,87193,34,187707
5039,0.00106,172.217.194.0-255,5738,92931,34,187707
5040,0.001063,172.31.33.0-255,66,92997,34,187707
5041,0.001081,172.217.194.0-255,1484,94481,34,187707
5042,0.001094,172.31.33.0-255,66,94547,34,187707
5043,0.001376,172.217.194.0-255,1484,96031,34,187707
5044,0.001381,172.217.194.0-255,2902,98933,34,187707
5045,0.001384,172.31.33.0-255,66,98999,34,187707
5046,0.00139,172.217.194.0-255,5738,104737,34,187707
5047,0.001392,172.31.33.0-255,66,104803,34,187707
5048,0.001402,172.217.194.0-255,1484,106287,34,187707
5049,0.001419,172.31.33.0-255,66,106353,34,187707
5050,0.001434,172.217.194.0-255,1484,107837,34,187707
5051,0.001437,172.217.194.0-255,2902,110739,34,187707
5052,0.001439,172.31.33.0-255,66,110805,34,187707
5053,0.001462,172.31.33.0-255,66,110871,34,187707
5054,0.001536,172.217.194.0-255,1484,112355,34,187707
5055,0.001549,172.217.194.0-255,2902,115257,34,187707
5056,0.001551,172.31.33.0-255,66,115323,34,187707
5057,0.001568,172.217.194.0-255,2902,118225,34,187707
5058,0.001571,172.31.33.0-255,66,118291,34,187707
5059,0.001586,172.217.194.0-255,2902,121193,34,187707
5060,0.001588,172.31.33.0-255,66,121259,34,187707
5061,0.001593,172.217.194.0-255,5738,126997,34,187707
5062,0.001594,172.31.33.0-255,66,127063,34,187707
5063,0.001607,172.217.194.0-255,5738,132801,34,187707
5064,0.001609,172.31.33.0-255,66,132867,34,187707
5065,0.001626,172.217.194.0-255,1484,134351,34,187707
5066,0.001644,172.31.33.0-255,66,134417,34,187707
5067,0.001659,172.217.194.0-255,2184,136601,34,187707
5068,0.001661,172.31.33.0-255,66,136667,34,187707
5069,0.001954,172.217.194.0-255,1484,138151,34,187707
5070,0.001957,172.217.194.0-255,1484,139635,34,187707
5071,0.001958,172.31.33.0-255,66,139701,34,187707
5072,0.001969,172.217.194.0-255,1484,141185,34,187707
5073,0.001972,172.217.194.0-255,2902,144087,34,187707
5074,0.001974,172.31.33.0-255,66,144153,34,187707
5075,0.001985,172.217.194.0-255,2902,147055,34,187707
5076,0.001987,172.31.33.0-255,66,147121,34,187707
5077,0.002006,172.217.194.0-255,4320,151441,34,187707
5078,0.002008,172.31.33.0-255,66,151507,34,187707
5079,0.002033,172.31.33.0-255,66,151573,34,187707
5080,0.002049,172.217.194.0-255,4320,155893,34,187707
5081,0.002051,172.31.33.0-255,66,155959,34,187707
5082,0.00208,172.31.33.0-255,66,156025,34,187707
5083,0.002096,172.31.33.0-255,66,156091,34,187707
5084,0.002125,172.31.33.0-255,66,156157,34,187707
5085,0.002143,172.217.194.0-255,5020,161177,34,187707
5086,0.002144,172.31.33.0-255,66,161243,34,187707
5087,0.002158,172.31.33.0-255,66,161309,34,187707
5088,0.002194,172.217.194.0-255,7156,168465,34,187707
5089,0.002196,172.31.33.0-255,66,168531,34,187707
5090,0.002224,172.31.33.0-255,66,168597,34,187707
5091,0.00223,172.217.194.0-255,7156,175753,34,187707
5092,0.002232,172.31.33.0-255,66,175819,34,187707
5093,0.002251,172.31.33.0-255,66,175885,34,187707
5094,0.002279,172.31.33.0-255,66,175951,34,187707
5095,0.002296,172.217.194.0-255,766,176717,34,187707
5096,0.002315,172.31.33.0-255,66,176783,34,187707
5097,0.002347,172.217.194.0-255,4320,181103,34,187707
5098,0.002349,172.31.33.0-255,66,181169,34,187707
5099,0.002368,172.31.33.0-255,66,181235,34,187707
5100,0.002373,172.217.194.0-255,6064,187299,34,187707
5101,0.002375,172.31.33.0-255,66,187365,34,187707
5102,0.002377,172.217.194.0-255,105,187470,34,187707
5103,0.007282,172.31.33.0-255,66,187536,34,187707
5104,0.007305,172.31.33.0-255,105,187641,34,187707
5105,0.009883,172.217.194.0-255,66,187707,34,187707
5106,0.0,172.217.194.0-255,150,150,34,198569
5107,2.3e-05,172.31.33.0-255,66,216,34,198569
5108,3e-05,172.217.194.0-255,1484,1700,34,198569
5109,3.5e-05,172.31.33.0-255,66,1766,34,198569
5110,4e-05,172.217.194.0-255,2902,4668,34,198569
5111,4.3e-05,172.31.33.0-255,66,4734,34,198569
5112,4.9e-05,172.217.194.0-255,4320,9054,34,198569
5113,6.1e-05,172.31.33.0-255,66,9120,34,198569
5114,8.1e-05,172.217.194.0-255,1484,10604,34,198569
5115,8.4e-05,172.31.33.0-255,66,10670,34,198569
5116,0.000101,172.31.33.0-255,66,10736,34,198569
5117,0.000134,172.217.194.0-255,2048,12784,34,198569
5118,0.000137,172.31.33.0-255,66,12850,34,198569
5119,0.000144,172.217.194.0-255,6797,19647,34,198569
5120,0.000146,172.31.33.0-255,66,19713,34,198569
5121,0.000202,172.217.194.0-255,1484,21197,34,198569
5122,0.000206,172.217.194.0-255,2902,24099,34,198569
5123,0.00021,172.31.33.0-255,66,24165,34,198569
5124,0.000214,172.31.33.0-255,66,24231,34,198569
5125,0.00024,172.217.194.0-255,5738,29969,34,198569
5126,0.000243,172.31.33.0-255,66,30035,34,198569
5127,0.000282,172.31.33.0-255,66,30101,34,198569
5128,0.000311,172.217.194.0-255,2902,33003,34,198569
5129,0.000314,172.31.33.0-255,66,33069,34,198569
5130,0.000343,172.217.194.0-255,7087,40156,34,198569
5131,0.000346,172.31.33.0-255,66,40222,34,198569
5132,0.000348,172.217.194.0-255,365,40587,34,198569
5133,0.00035,172.31.33.0-255,66,40653,34,198569
5134,0.00039,172.217.194.0-255,1484,42137,34,198569
5135,0.000393,172.31.33.0-255,66,42203,34,198569
5136,0.000424,172.217.194.0-255,4320,46523,34,198569
5137,0.000427,172.31.33.0-255,66,46589,34,198569
5138,0.00043,172.217.194.0-255,1484,48073,34,198569
5139,0.000436,172.217.194.0-255,2902,50975,34,198569
5140,0.000439,172.31.33.0-255,66,51041,34,198569
5141,0.000478,172.31.33.0-255,66,51107,34,198569
5142,0.000498,172.31.33.0-255,66,51173,34,198569
5143,0.001153,172.217.194.0-255,1484,52657,34,198569
5144,0.00116,172.217.194.0-255,2902,55559,34,198569
5145,0.001164,172.31.33.0-255,66,55625,34,198569
5146,0.001171,172.217.194.0-255,5738,61363,34,198569
5147,0.001173,172.31.33.0-255,66,61429,34,198569
5148,0.001184,172.217.194.0-255,4320,65749,34,198569
5149,0.001186,172.31.33.0-255,66,65815,34,198569
5150,0.001192,172.217.194.0-255,4320,70135,34,198569
5151,0.001194,172.31.33.0-255,66,70201,34,198569
5152,0.001233,172.217.194.0-255,7156,77357,34,198569
5153,0.001245,172.31.33.0-255,66,77423,34,198569
5154,0.001248,172.31.33.0-255,66,77489,34,198569
5155,0.001994,172.217.194.0-255,1484,78973,34,198569
5156,0.002013,172.217.194.0-255,2902,81875,34,198569
5157,0.002017,172.31.33.0-255,66,81941,34,198569
5158,0.002052,172.217.194.0-255,5738,87679,34,198569
5159,0.002055,172.31.33.0-255,66,87745,34,198569
5160,0.002059,172.217.194.0-255,1484,89229,34,198569
5161,0.002097,172.31.33.0-255,66,89295,34,198569
5162,0.002101,172.217.194.0-255,1484,90779,34,198569
5163,0.002107,172.217.194.0-255,5738,96517,34,198569
5164,0.002113,172.31.33.0-255,66,96583,34,198569
5165,0.00212,172.217.194.0-255,6438,103021,34,198569
5166,0.002122,172.31.33.0-255,66,103087,34,198569
5167,0.002731,172.217.194.0-255,1484,104571,34,198569
5168,0.002738,172.217.194.0-255,2902,107473,34,198569
5169,0.002742,172.31.33.0-255,66,107539,34,198569
5170,0.002786,172.217.194.0-255,5738,113277,34,198569
5171,0.002789,172.31.33.0-255,66,113343,34,198569
5172,0.002799,172.31.33.0-255,66,113409,34,198569
5173,0.002833,172.217.194.0-255,4320,117729,34,198569
5174,0.002835,172.31.33.0-255,66,117795,34,198569
5175,0.002846,172.31.33.0-255,66,117861,34,198569
5176,0.00285,172.217.194.0-255,2184,120045,34,198569
5177,0.002856,172.31.33.0-255,66,120111,34,198569
5178,0.003074,172.217.194.0-255,1484,121595,34,198569
5179,0.00309,172.217.194.0-255,2902,124497,34,198569
5180,0.003092,172.31.33.0-255,66,124563,34,198569
5181,0.003097,172.217.194.0-255,4320,128883,34,198569
5182,0.003099,172.31.33.0-255,66,128949,34,198569
5183,0.003117,172.217.194.0-255,1484,130433,34,198569
5184,0.003124,172.217.194.0-255,2902,133335,34,198569
5185,0.003126,172.31.33.0-255,66,133401,34,198569
5186,0.003149,172.217.194.0-255,7156,140557,34,198569
5187,0.003151,172.31.33.0-255,66,140623,34,198569
5188,0.003193,172.31.33.0-255,66,140689,34,198569
5189,0.003422,172.217.194.0-255,1484,142173,34,198569
5190,0.003441,172.217.194.0-255,2902,145075,34,198569
5191,0.003444,172.31.33.0-255,66,145141,34,198569
5192,0.003447,172.217.194.0-255,1484,146625,34,198569
5193,0.003471,172.217.194.0-255,4320,150945,34,198569
5194,0.003473,172.31.33.0-255,66,151011,34,198569
5195,0.003487,172.31.33.0-255,66,151077,34,198569
5196,0.003514,172.217.194.0-255,1484,152561,34,198569
5197,0.00353,172.217.194.0-255,5738,158299,34,198569
5198,0.003532,172.31.33.0-255,66,158365,34,198569
5199,0.003565,172.31.33.0-255,66,158431,34,198569
5200,0.003618,172.217.194.0-255,1484,159915,34,198569
5201,0.003635,172.217.194.0-255,2902,162817,34,198569
5202,0.003637,172.31.33.0-255,66,162883,34,198569
5203,0.00364,172.217.194.0-255,1484,164367,34,198569
5204,0.003665,172.217.194.0-255,4320,168687,34,198569
5205,0.003667,172.31.33.0-255,66,168753,34,198569
5206,0.003699,172.217.194.0-255,4320,173073,34,198569
5207,0.003702,172.31.33.0-255,66,173139,34,198569
5208,0.003726,172.217.194.0-255,4320,177459,34,198569
5209,0.003728,172.31.33.0-255,66,177525,34,198569
5210,0.003734,172.217.194.0-255,7156,184681,34,198569
5211,0.003737,172.31.33.0-255,66,184747,34,198569
5212,0.003769,172.31.33.0-255,66,184813,34,198569
5213,0.003776,172.217.194.0-255,7156,191969,34,198569
5214,0.003778,172.31.33.0-255,66,192035,34,198569
5215,0.003812,172.31.33.0-255,66,192101,34,198569
5216,0.003821,172.31.33.0-255,66,192167,34,198569
5217,0.003857,172.31.33.0-255,66,192233,34,198569
5218,0.003894,172.31.33.0-255,66,192299,34,198569
5219,0.003904,172.31.33.0-255,66,192365,34,198569
5220,0.003945,172.217.194.0-255,5738,198103,34,198569
5221,0.003948,172.31.33.0-255,66,198169,34,198569
5222,0.003978,172.31.33.0-255,66,198235,34,198569
5223,0.003991,172.31.33.0-255,66,198301,34,198569
5224,0.004013,172.31.33.0-255,66,198367,34,198569
5225,0.004016,172.217.194.0-255,97,198464,34,198569
5226,0.004084,172.217.194.0-255,105,198569,34,198569
5227,0.0,172.217.24.0-255,150,150,34,312051
5228,2.5e-05,172.31.33.0-255,66,216,34,312051
5229,3.1e-05,172.217.24.0-255,1484,1700,34,312051
5230,3.5e-05,172.31.33.0-255,66,1766,34,312051
5231,4e-05,172.217.24.0-255,2902,4668,34,312051
5232,4.2e-05,172.31.33.0-255,66,4734,34,312051
5233,7e-05,172.217.24.0-255,7156,11890,34,312051
5234,7.3e-05,172.31.33.0-255,66,11956,34,312051
5235,7.7e-05,172.217.24.0-255,1985,13941,34,312051
5236,8e-05,172.31.33.0-255,66,14007,34,312051
5237,0.000676,172.217.24.0-255,1484,15491,34,312051
5238,0.000682,172.31.33.0-255,66,15557,34,312051
5239,0.000708,172.217.24.0-255,2902,18459,34,312051
5240,0.000711,172.31.33.0-255,66,18525,34,312051
5241,0.000717,172.217.24.0-255,5738,24263,34,312051
5242,0.000719,172.31.33.0-255,66,24329,34,312051
5243,0.000726,172.217.24.0-255,5738,30067,34,312051
5244,0.000727,172.31.33.0-255,66,30133,34,312051
5245,0.000732,172.217.24.0-255,2902,33035,34,312051
5246,0.000734,172.31.33.0-255,66,33101,34,312051
5247,0.000765,172.217.24.0-255,3961,37062,34,312051
5248,0.000769,172.31.33.0-255,66,37128,34,312051
5249,0.000782,172.31.33.0-255,66,37194,34,312051
5250,0.00079,172.31.33.0-255,66,37260,34,312051
5251,0.000817,172.217.24.0-255,5020,42280,34,312051
5252,0.00082,172.31.33.0-255,66,42346,34,312051
5253,0.000823,172.217.24.0-255,392,42738,34,312051
5254,0.000825,172.31.33.0-255,66,42804,34,312051
5255,0.00178,172.217.24.0-255,115,42919,34,312051
5256,0.001786,172.31.33.0-255,66,42985,34,312051
5257,0.002001,172.217.24.0-255,1484,44469,34,312051
5258,0.002005,172.217.24.0-255,1484,45953,34,312051
5259,0.002007,172.31.33.0-255,66,46019,34,312051
5260,0.002027,172.217.24.0-255,1484,47503,34,312051
5261,0.002033,172.217.24.0-255,5738,53241,34,312051
5262,0.002035,172.31.33.0-255,66,53307,34,312051
5263,0.002038,172.217.24.0-255,1484,54791,34,312051
5264,0.002061,172.217.24.0-255,2902,57693,34,312051
5265,0.002063,172.31.33.0-255,66,57759,34,312051
5266,0.002069,172.217.24.0-255,5738,63497,34,312051
5267,0.00207,172.31.33.0-255,66,63563,34,312051
5268,0.002077,172.217.24.0-255,7156,70719,34,312051
5269,0.002082,172.31.33.0-255,66,70785,34,312051
5270,0.002109,172.217.24.0-255,4320,75105,34,312051
5271,0.002111,172.31.33.0-255,66,75171,34,312051
5272,0.002114,172.217.24.0-255,2184,77355,34,312051
5273,0.002116,172.31.33.0-255,66,77421,34,312051
5274,0.002742,172.217.24.0-255,1484,78905,34,312051
5275,0.00276,172.217.24.0-255,2902,81807,34,312051
5276,0.002763,172.31.33.0-255,66,81873,34,312051
5277,0.002767,172.217.24.0-255,4320,86193,34,312051
5278,0.002769,172.31.33.0-255,66,86259,34,312051
5279,0.002785,172.217.24.0-255,1484,87743,34,312051
5280,0.002814,172.31.33.0-255,66,87809,34,312051
5281,0.002821,172.217.24.0-255,7156,94965,34,312051
5282,0.002822,172.31.33.0-255,66,95031,34,312051
5283,0.002853,172.217.24.0-255,5020,100051,34,312051
5284,0.002856,172.31.33.0-255,66,100117,34,312051
5285,0.002877,172.217.24.0-255,1484,101601,34,312051
5286,0.002881,172.217.24.0-255,2902,104503,34,312051
5287,0.002883,172.31.33.0-255,66,104569,34,312051
5288,0.002886,172.217.24.0-255,1484,106053,34,312051
5289,0.002907,172.217.24.0-255,1484,107537,34,312051
5290,0.002909,172.31.33.0-255,66,107603,34,312051
5291,0.002914,172.217.24.0-255,4320,111923,34,312051
5292,0.002916,172.31.33.0-255,66,111989,34,312051
5293,0.002923,172.217.24.0-255,7156,119145,34,312051
5294,0.002928,172.31.33.0-255,66,119211,34,312051
5295,0.002945,172.217.24.0-255,1484,120695,34,312051
5296,0.002949,172.217.24.0-255,2902,123597,34,312051
5297,0.002951,172.31.33.0-255,66,123663,34,312051
5298,0.002982,172.31.33.0-255,66,123729,34,312051
5299,0.00308,172.217.24.0-255,1484,125213,34,312051
5300,0.003093,172.217.24.0-255,2902,128115,34,312051
5301,0.003094,172.31.33.0-255,66,128181,34,312051
5302,0.003117,172.217.24.0-255,4320,132501,34,312051
5303,0.003119,172.31.33.0-255,66,132567,34,312051
5304,0.003122,172.217.24.0-255,1484,134051,34,312051
5305,0.003143,172.217.24.0-255,7156,141207,34,312051
5306,0.003145,172.31.33.0-255,66,141273,34,312051
5307,0.003152,172.217.24.0-255,5738,147011,34,312051
5308,0.003154,172.31.33.0-255,66,147077,34,312051
5309,0.003177,172.217.24.0-255,1484,148561,34,312051
5310,0.00318,172.217.24.0-255,2902,151463,34,312051
5311,0.003183,172.31.33.0-255,66,151529,34,312051
5312,0.003187,172.217.24.0-255,4320,155849,34,312051
5313,0.003189,172.31.33.0-255,66,155915,34,312051
5314,0.003213,172.217.24.0-255,2184,158099,34,312051
5315,0.003215,172.31.33.0-255,66,158165,34,312051
5316,0.003339,172.217.24.0-255,1484,159649,34,312051
5317,0.003342,172.217.24.0-255,1484,161133,34,312051
5318,0.003344,172.31.33.0-255,66,161199,34,312051
5319,0.003355,172.217.24.0-255,1484,162683,34,312051
5320,0.00336,172.217.24.0-255,1484,164167,34,312051
5321,0.003362,172.31.33.0-255,66,164233,34,312051
5322,0.003387,172.217.24.0-255,2902,167135,34,312051
5323,0.003405,172.217.24.0-255,2902,170037,34,312051
5324,0.003419,172.217.24.0-255,5738,175775,34,312051
5325,0.003434,172.217.24.0-255,1484,177259,34,312051
5326,0.003459,172.217.24.0-255,4320,181579,34,312051
5327,0.003469,172.217.24.0-255,2184,183763,34,312051
5328,0.003773,172.217.24.0-255,1484,185247,34,312051
5329,0.003785,172.217.24.0-255,2902,188149,34,312051
5330,0.003805,172.217.24.0-255,4320,192469,34,312051
5331,0.003814,172.217.24.0-255,1484,193953,34,312051
5332,0.003817,172.217.24.0-255,2902,196855,34,312051
5333,0.003846,172.217.24.0-255,2902,199757,34,312051
5334,0.003852,172.217.24.0-255,7156,206913,34,312051
5335,0.003864,172.217.24.0-255,2902,209815,34,312051
5336,0.00404,172.217.24.0-255,1484,211299,34,312051
5337,0.004065,172.217.24.0-255,2902,214201,34,312051
5338,0.004068,172.217.24.0-255,1484,215685,34,312051
5339,0.004071,172.217.24.0-255,2902,218587,34,312051
5340,0.004086,172.31.33.0-255,66,218653,34,312051
5341,0.004094,172.217.24.0-255,1484,220137,34,312051
5342,0.004116,172.217.24.0-255,4320,224457,34,312051
5343,0.004125,172.31.33.0-255,66,224523,34,312051
5344,0.004185,172.31.33.0-255,66,224589,34,312051
5345,0.004186,172.217.24.0-255,5738,230327,34,312051
5346,0.00419,172.31.33.0-255,66,230393,34,312051
5347,0.004191,172.217.24.0-255,3602,233995,34,312051
5348,0.004201,172.31.33.0-255,66,234061,34,312051
5349,0.004328,172.217.24.0-255,1484,235545,34,312051
5350,0.004343,172.217.24.0-255,2902,238447,34,312051
5351,0.004346,172.217.24.0-255,1484,239931,34,312051
5352,0.004353,172.31.33.0-255,66,239997,34,312051
5353,0.004366,172.217.24.0-255,4320,244317,34,312051
5354,0.004371,172.31.33.0-255,66,244383,34,312051
5355,0.004375,172.217.24.0-255,5738,250121,34,312051
5356,0.004382,172.31.33.0-255,66,250187,34,312051
5357,0.004401,172.217.24.0-255,7156,257343,34,312051
5358,0.004411,172.31.33.0-255,66,257409,34,312051
5359,0.00444,172.217.24.0-255,7156,264565,34,312051
5360,0.004445,172.31.33.0-255,66,264631,34,312051
5361,0.004473,172.217.24.0-255,3602,268233,34,312051
5362,0.004486,172.31.33.0-255,66,268299,34,312051
5363,0.004486,172.217.24.0-255,4320,272619,34,312051
5364,0.004489,172.217.24.0-255,2902,275521,34,312051
5365,0.004491,172.31.33.0-255,66,275587,34,312051
5366,0.004508,172.31.33.0-255,66,275653,34,312051
5367,0.004514,172.217.24.0-255,2902,278555,34,312051
5368,0.00452,172.217.24.0-255,2902,281457,34,312051
5369,0.004522,172.31.33.0-255,66,281523,34,312051
5370,0.004554,172.31.33.0-255,66,281589,34,312051
5371,0.00459,172.217.24.0-255,2184,283773,34,312051
5372,0.0046,172.31.33.0-255,66,283839,34,312051
5373,0.004617,172.217.24.0-255,2902,286741,34,312051
5374,0.004621,172.31.33.0-255,66,286807,34,312051
5375,0.004648,172.217.24.0-255,2902,289709,34,312051
5376,0.004651,172.31.33.0-255,66,289775,34,312051
5377,0.004655,172.217.24.0-255,1484,291259,34,312051
5378,0.004681,172.217.24.0-255,2902,294161,34,312051
5379,0.004686,172.217.24.0-255,4320,298481,34,312051
5380,0.004691,172.31.33.0-255,66,298547,34,312051
5381,0.004696,172.31.33.0-255,66,298613,34,312051
5382,0.004701,172.217.24.0-255,1484,300097,34,312051
5383,0.004704,172.217.24.0-255,1484,301581,34,312051
5384,0.004709,172.31.33.0-255,66,301647,34,312051
5385,0.004717,172.217.24.0-255,1484,303131,34,312051
5386,0.004735,172.217.24.0-255,2902,306033,34,312051
5387,0.004738,172.31.33.0-255,66,306099,34,312051
5388,0.004748,172.217.24.0-255,1484,307583,34,312051
5389,0.004772,172.217.24.0-255,3963,311546,34,312051
5390,0.004775,172.217.24.0-255,97,311643,34,312051
5391,0.004777,172.31.33.0-255,66,311709,34,312051
5392,0.004834,172.217.24.0-255,105,311814,34,312051
5393,0.006897,172.31.33.0-255,66,311880,34,312051
5394,0.006931,172.31.33.0-255,105,311985,34,312051
5395,0.008839,172.217.24.0-255,66,312051,34,312051
5396,0.0,172.217.194.0-255,146,146,34,233076
5397,2.5e-05,172.31.33.0-255,66,212,34,233076
5398,3.2e-05,172.217.194.0-255,1484,1696,34,233076
5399,3.5e-05,172.31.33.0-255,66,1762,34,233076
5400,4e-05,172.217.194.0-255,2902,4664,34,233076
5401,4.2e-05,172.31.33.0-255,66,4730,34,233076
5402,4.9e-05,172.217.194.0-255,7156,11886,34,233076
5403,5.1e-05,172.31.33.0-255,66,11952,34,233076
5404,7.6e-05,172.217.194.0-255,2902,14854,34,233076
5405,7.8e-05,172.31.33.0-255,66,14920,34,233076
5406,0.000109,172.31.33.0-255,66,14986,34,233076
5407,0.000113,172.217.194.0-255,2543,17529,34,233076
5408,0.000114,172.31.33.0-255,66,17595,34,233076
5409,0.000375,172.217.194.0-255,1484,19079,34,233076
5410,0.000379,172.31.33.0-255,66,19145,34,233076
5411,0.000394,172.217.194.0-255,2902,22047,34,233076
5412,0.000396,172.31.33.0-255,66,22113,34,233076
5413,0.00041,172.217.194.0-255,1484,23597,34,233076
5414,0.000413,172.31.33.0-255,66,23663,34,233076
5415,0.000437,172.217.194.0-255,4320,27983,34,233076
5416,0.000439,172.31.33.0-255,66,28049,34,233076
5417,0.000442,172.217.194.0-255,1484,29533,34,233076
5418,0.000443,172.31.33.0-255,66,29599,34,233076
5419,0.000459,172.217.194.0-255,7156,36755,34,233076
5420,0.000462,172.31.33.0-255,66,36821,34,233076
5421,0.00048,172.217.194.0-255,5379,42200,34,233076
5422,0.000482,172.31.33.0-255,66,42266,34,233076
5423,0.000495,172.217.194.0-255,1484,43750,34,233076
5424,0.000498,172.31.33.0-255,66,43816,34,233076
5425,0.000515,172.217.194.0-255,7156,50972,34,233076
5426,0.000517,172.31.33.0-255,66,51038,34,233076
5427,0.000535,172.217.194.0-255,1402,52440,34,233076
5428,0.000589,172.217.194.0-255,1484,53924,34,233076
5429,0.000593,172.31.33.0-255,66,53990,34,233076
5430,0.000602,172.217.194.0-255,2902,56892,34,233076
5431,0.000604,172.31.33.0-255,66,56958,34,233076
5432,0.000607,172.217.194.0-255,1484,58442,34,233076
5433,0.00062,172.217.194.0-255,4320,62762,34,233076
5434,0.000622,172.31.33.0-255,66,62828,34,233076
5435,0.000653,172.217.194.0-255,7087,69915,34,233076
5436,0.000655,172.31.33.0-255,66,69981,34,233076
5437,0.000658,172.217.194.0-255,1484,71465,34,233076
5438,0.000676,172.217.194.0-255,5738,77203,34,233076
5439,0.000679,172.31.33.0-255,66,77269,34,233076
5440,0.000751,172.217.194.0-255,1484,78753,34,233076
5441,0.00077,172.31.33.0-255,66,78819,34,233076
5442,0.000809,172.217.194.0-255,1484,80303,34,233076
5443,0.000827,172.217.194.0-255,2902,83205,34,233076
5444,0.00083,172.31.33.0-255,66,83271,34,233076
5445,0.000836,172.217.194.0-255,5738,89009,34,233076
5446,0.000837,172.31.33.0-255,66,89075,34,233076
5447,0.000876,172.31.33.0-255,66,89141,34,233076
5448,0.000885,172.31.33.0-255,66,89207,34,233076
5449,0.000913,172.217.194.0-255,2184,91391,34,233076
5450,0.000916,172.31.33.0-255,66,91457,34,233076
5451,0.002025,172.217.194.0-255,1484,92941,34,233076
5452,0.002036,172.217.194.0-255,2902,95843,34,233076
5453,0.002041,172.31.33.0-255,66,95909,34,233076
5454,0.002048,172.217.194.0-255,5738,101647,34,233076
5455,0.00205,172.31.33.0-255,66,101713,34,233076
5456,0.002069,172.217.194.0-255,4320,106033,34,233076
5457,0.002072,172.31.33.0-255,66,106099,34,233076
5458,0.002095,172.31.33.0-255,66,106165,34,233076
5459,0.002102,172.217.194.0-255,5738,111903,34,233076
5460,0.002103,172.31.33.0-255,66,111969,34,233076
5461,0.002117,172.217.194.0-255,5020,116989,34,233076
5462,0.00212,172.31.33.0-255,66,117055,34,233076
5463,0.002337,172.217.194.0-255,1484,118539,34,233076
5464,0.002355,172.217.194.0-255,2902,121441,34,233076
5465,0.002357,172.31.33.0-255,66,121507,34,233076
5466,0.002364,172.217.194.0-255,5738,127245,34,233076
5467,0.002365,172.31.33.0-255,66,127311,34,233076
5468,0.002387,172.217.194.0-255,5738,133049,34,233076
5469,0.002388,172.31.33.0-255,66,133115,34,233076
5470,0.002411,172.217.194.0-255,7156,140271,34,233076
5471,0.002413,172.31.33.0-255,66,140337,34,233076
5472,0.002427,172.217.194.0-255,5738,146075,34,233076
5473,0.002429,172.31.33.0-255,66,146141,34,233076
5474,0.002467,172.31.33.0-255,66,146207,34,233076
5475,0.00248,172.31.33.0-255,66,146273,34,233076
5476,0.002501,172.217.194.0-255,7156,153429,34,233076
5477,0.002502,172.31.33.0-255,66,153495,34,233076
5478,0.00252,172.217.194.0-255,6438,159933,34,233076
5479,0.002522,172.31.33.0-255,66,159999,34,233076
5480,0.002526,172.217.194.0-255,2902,162901,34,233076
5481,0.002528,172.31.33.0-255,66,162967,34,233076
5482,0.00256,172.31.33.0-255,66,163033,34,233076
5483,0.00257,172.217.194.0-255,1484,164517,34,233076
5484,0.002576,172.217.194.0-255,5738,170255,34,233076
5485,0.002578,172.31.33.0-255,66,170321,34,233076
5486,0.002597,172.31.33.0-255,66,170387,34,233076
5487,0.002599,172.217.194.0-255,766,171153,34,233076
5488,0.00267,172.217.194.0-255,1484,172637,34,233076
5489,0.002673,172.31.33.0-255,66,172703,34,233076
5490,0.00269,172.217.194.0-255,2902,175605,34,233076
5491,0.002692,172.31.33.0-255,66,175671,34,233076
5492,0.002695,172.217.194.0-255,1484,177155,34,233076
5493,0.002719,172.217.194.0-255,4320,181475,34,233076
5494,0.002721,172.31.33.0-255,66,181541,34,233076
5495,0.002731,172.31.33.0-255,66,181607,34,233076
5496,0.002759,172.31.33.0-255,66,181673,34,233076
5497,0.002771,172.217.194.0-255,6438,188111,34,233076
5498,0.002774,172.31.33.0-255,66,188177,34,233076
5499,0.002814,172.217.194.0-255,4320,192497,34,233076
5500,0.002861,172.217.194.0-255,5738,198235,34,233076
5501,0.002871,172.217.194.0-255,2184,200419,34,233076
5502,0.002874,172.217.194.0-255,1484,201903,34,233076
5503,0.002876,172.217.194.0-255,1484,203387,34,233076
5504,0.002889,172.217.194.0-255,2902,206289,34,233076
5505,0.002976,172.217.194.0-255,2184,208473,34,233076
5506,0.003046,172.217.194.0-255,1484,209957,34,233076
5507,0.003076,172.217.194.0-255,1484,211441,34,233076
5508,0.003088,172.217.194.0-255,2902,214343,34,233076
5509,0.003104,172.217.194.0-255,1484,215827,34,233076
5510,0.003109,172.217.194.0-255,4320,220147,34,233076
5511,0.003164,172.217.194.0-255,7156,227303,34,233076
5512,0.003182,172.217.194.0-255,2902,230205,34,233076
5513,0.003186,172.217.194.0-255,2766,232971,34,233076
5514,0.003188,172.217.194.0-255,105,233076,34,233076
5515,0.0,172.217.160.0-255,152,152,34,214200
5516,1.4e-05,172.31.33.0-255,66,218,34,214200
5517,1.9e-05,172.217.160.0-255,1484,1702,34,214200
5518,2.3e-05,172.31.33.0-255,66,1768,34,214200
5519,2.8e-05,172.217.160.0-255,2902,4670,34,214200
5520,3.8e-05,172.31.33.0-255,66,4736,34,214200
5521,4.4e-05,172.217.160.0-255,7156,11892,34,214200
5522,4.7e-05,172.31.33.0-255,66,11958,34,214200
5523,6.7e-05,172.217.160.0-255,4320,16278,34,214200
5524,7e-05,172.31.33.0-255,66,16344,34,214200
5525,0.000104,172.31.33.0-255,66,16410,34,214200
5526,0.00013,172.217.160.0-255,6797,23207,34,214200
5527,0.000132,172.31.33.0-255,66,23273,34,214200
5528,0.000158,172.217.160.0-255,1484,24757,34,214200
5529,0.00016,172.31.33.0-255,66,24823,34,214200
5530,0.000163,172.217.160.0-255,2902,27725,34,214200
5531,0.000165,172.31.33.0-255,66,27791,34,214200
5532,0.000167,172.217.160.0-255,1484,29275,34,214200
5533,0.000168,172.31.33.0-255,66,29341,34,214200
5534,0.000195,172.217.160.0-255,4320,33661,34,214200
5535,0.000197,172.31.33.0-255,66,33727,34,214200
5536,0.000226,172.217.160.0-255,5738,39465,34,214200
5537,0.000228,172.31.33.0-255,66,39531,34,214200
5538,0.000253,172.31.33.0-255,66,39597,34,214200
5539,0.000258,172.217.160.0-255,7156,46753,34,214200
5540,0.000259,172.31.33.0-255,66,46819,34,214200
5541,0.000262,172.217.160.0-255,2849,49668,34,214200
5542,0.000263,172.31.33.0-255,66,49734,34,214200
5543,0.000549,172.217.160.0-255,105,49839,34,214200
5544,0.000554,172.31.33.0-255,66,49905,34,214200
5545,0.000642,172.217.160.0-255,1484,51389,34,214200
5546,0.000648,172.217.160.0-255,2902,54291,34,214200
5547,0.000652,172.31.33.0-255,66,54357,34,214200
5548,0.000658,172.217.160.0-255,5738,60095,34,214200
5549,0.000661,172.31.33.0-255,66,60161,34,214200
5550,0.000665,172.217.160.0-255,2902,63063,34,214200
5551,0.000672,172.31.33.0-255,66,63129,34,214200
5552,0.000716,172.31.33.0-255,66,63195,34,214200
5553,0.00072,172.217.160.0-255,1484,64679,34,214200
5554,0.000759,172.31.33.0-255,66,64745,34,214200
5555,0.001712,172.217.160.0-255,1484,66229,34,214200
5556,0.00172,172.217.160.0-255,2902,69131,34,214200
5557,0.001724,172.31.33.0-255,66,69197,34,214200
5558,0.001731,172.217.160.0-255,5738,74935,34,214200
5559,0.001733,172.31.33.0-255,66,75001,34,214200
5560,0.001737,172.217.160.0-255,2902,77903,34,214200
5561,0.001744,172.31.33.0-255,66,77969,34,214200
5562,0.001748,172.217.160.0-255,2902,80871,34,214200
5563,0.00175,172.31.33.0-255,66,80937,34,214200
5564,0.001791,172.31.33.0-255,66,81003,34,214200
5565,0.001816,172.217.160.0-255,3602,84605,34,214200
5566,0.001818,172.31.33.0-255,66,84671,34,214200
5567,0.001892,172.217.160.0-255,1484,86155,34,214200
5568,0.001896,172.217.160.0-255,2902,89057,34,214200
5569,0.001899,172.31.33.0-255,66,89123,34,214200
5570,0.00192,172.217.160.0-255,1484,90607,34,214200
5571,0.001925,172.217.160.0-255,4320,94927,34,214200
5572,0.001927,172.31.33.0-255,66,94993,34,214200
5573,0.001955,172.217.160.0-255,4320,99313,34,214200
5574,0.001957,172.31.33.0-255,66,99379,34,214200
5575,0.001963,172.217.160.0-255,5738,105117,34,214200
5576,0.001965,172.31.33.0-255,66,105183,34,214200
5577,0.001988,172.217.160.0-255,4320,109503,34,214200
5578,0.00199,172.31.33.0-255,66,109569,34,214200
5579,0.00202,172.31.33.0-255,66,109635,34,214200
5580,0.002037,172.31.33.0-255,66,109701,34,214200
5581,0.002078,172.31.33.0-255,66,109767,34,214200
5582,0.00208,172.217.160.0-255,1484,111251,34,214200
5583,0.002103,172.217.160.0-255,2902,114153,34,214200
5584,0.002105,172.31.33.0-255,66,114219,34,214200
5585,0.002111,172.217.160.0-255,5738,119957,34,214200
5586,0.002112,172.31.33.0-255,66,120023,34,214200
5587,0.002149,172.31.33.0-255,66,120089,34,214200
5588,0.002158,172.31.33.0-255,66,120155,34,214200
5589,0.00223,172.31.33.0-255,66,120221,34,214200
5590,0.00224,172.31.33.0-255,66,120287,34,214200
5591,0.002254,172.217.160.0-255,4320,124607,34,214200
5592,0.002257,172.31.33.0-255,66,124673,34,214200
5593,0.002287,172.31.33.0-255,66,124739,34,214200
5594,0.002309,172.217.160.0-255,1484,126223,34,214200
5595,0.002327,172.217.160.0-255,2902,129125,34,214200
5596,0.00233,172.31.33.0-255,66,129191,34,214200
5597,0.002336,172.217.160.0-255,5738,134929,34,214200
5598,0.002338,172.31.33.0-255,66,134995,34,214200
5599,0.002341,172.217.160.0-255,1484,136479,34,214200
5600,0.002368,172.217.160.0-255,4320,140799,34,214200
5601,0.00237,172.31.33.0-255,66,140865,34,214200
5602,0.002376,172.217.160.0-255,5738,146603,34,214200
5603,0.002378,172.31.33.0-255,66,146669,34,214200
5604,0.002409,172.217.160.0-255,7156,153825,34,214200
5605,0.002412,172.31.33.0-255,66,153891,34,214200
5606,0.002417,172.217.160.0-255,5020,158911,34,214200
5607,0.002419,172.31.33.0-255,66,158977,34,214200
5608,0.002513,172.217.160.0-255,1484,160461,34,214200
5609,0.002517,172.217.160.0-255,1484,161945,34,214200
5610,0.002521,172.31.33.0-255,66,162011,34,214200
5611,0.002575,172.217.160.0-255,1484,163495,34,214200
5612,0.002584,172.217.160.0-255,5738,169233,34,214200
5613,0.002588,172.31.33.0-255,66,169299,34,214200
5614,0.002596,172.217.160.0-255,4320,173619,34,214200
5615,0.002609,172.31.33.0-255,66,173685,34,214200
5616,0.002622,172.217.160.0-255,5738,179423,34,214200
5617,0.002627,172.31.33.0-255,66,179489,34,214200
5618,0.002643,172.31.33.0-255,66,179555,34,214200
5619,0.002648,172.217.160.0-255,2184,181739,34,214200
5620,0.002651,172.31.33.0-255,66,181805,34,214200
5621,0.002657,172.217.160.0-255,2902,184707,34,214200
5622,0.00266,172.31.33.0-255,66,184773,34,214200
5623,0.002669,172.217.160.0-255,7156,191929,34,214200
5624,0.002673,172.31.33.0-255,66,191995,34,214200
5625,0.002694,172.31.33.0-255,66,192061,34,214200
5626,0.002704,172.217.160.0-255,7156,199217,34,214200
5627,0.002707,172.31.33.0-255,66,199283,34,214200
5628,0.002714,172.217.160.0-255,5020,204303,34,214200
5629,0.002718,172.31.33.0-255,66,204369,34,214200
5630,0.002726,172.217.160.0-255,5738,210107,34,214200
5631,0.002729,172.31.33.0-255,66,210173,34,214200
5632,0.002751,172.217.160.0-255,2902,213075,34,214200
5633,0.00276,172.217.160.0-255,849,213924,34,214200
5634,0.002789,172.217.160.0-255,105,214029,34,214200
5635,0.007216,172.31.33.0-255,66,214095,34,214200
5636,0.009671,172.31.33.0-255,105,214200,34,214200
5637,0.0,172.217.194.0-255,153,153,34,145078
5638,2.5e-05,172.31.33.0-255,66,219,34,145078
5639,3.2e-05,172.217.194.0-255,1484,1703,34,145078
5640,3.6e-05,172.31.33.0-255,66,1769,34,145078
5641,4.2e-05,172.217.194.0-255,2902,4671,34,145078
5642,5.2e-05,172.31.33.0-255,66,4737,34,145078
5643,6e-05,172.217.194.0-255,7156,11893,34,145078
5644,6.2e-05,172.31.33.0-255,66,11959,34,145078
5645,6.7e-05,172.217.194.0-255,2128,14087,34,145078
5646,7e-05,172.31.33.0-255,66,14153,34,145078
5647,0.000122,172.31.33.0-255,66,14219,34,145078
5648,0.000153,172.217.194.0-255,1484,15703,34,145078
5649,0.000156,172.31.33.0-255,66,15769,34,145078
5650,0.000175,172.31.33.0-255,66,15835,34,145078
5651,0.00018,172.217.194.0-255,4320,20155,34,145078
5652,0.000183,172.31.33.0-255,66,20221,34,145078
5653,0.000226,172.31.33.0-255,66,20287,34,145078
5654,0.000385,172.217.194.0-255,1484,21771,34,145078
5655,0.000391,172.31.33.0-255,66,21837,34,145078
5656,0.000399,172.217.194.0-255,2902,24739,34,145078
5657,0.000402,172.31.33.0-255,66,24805,34,145078
5658,0.000413,172.217.194.0-255,4320,29125,34,145078
5659,0.000417,172.31.33.0-255,66,29191,34,145078
5660,0.000442,172.217.194.0-255,1484,30675,34,145078
5661,0.000449,172.31.33.0-255,66,30741,34,145078
5662,0.000457,172.217.194.0-255,5738,36479,34,145078
5663,0.000459,172.31.33.0-255,66,36545,34,145078
5664,0.000462,172.217.194.0-255,1125,37670,34,145078
5665,0.000465,172.31.33.0-255,66,37736,34,145078
5666,0.000514,172.217.194.0-255,378,38114,34,145078
5667,0.000549,172.217.194.0-255,1484,39598,34,145078
5668,0.000553,172.31.33.0-255,66,39664,34,145078
5669,0.000559,172.217.194.0-255,4320,43984,34,145078
5670,0.000561,172.31.33.0-255,66,44050,34,145078
5671,0.000573,172.217.194.0-255,4320,48370,34,145078
5672,0.000576,172.31.33.0-255,66,48436,34,145078
5673,0.000616,172.31.33.0-255,66,48502,34,145078
5674,0.000646,172.217.194.0-255,7156,55658,34,145078
5675,0.000651,172.31.33.0-255,66,55724,34,145078
5676,0.00067,172.217.194.0-255,6737,62461,34,145078
5677,0.000673,172.31.33.0-255,66,62527,34,145078
5678,0.00106,172.217.194.0-255,1484,64011,34,145078
5679,0.001067,172.217.194.0-255,2902,66913,34,145078
5680,0.001071,172.31.33.0-255,66,66979,34,145078
5681,0.001076,172.217.194.0-255,4320,71299,34,145078
5682,0.001078,172.31.33.0-255,66,71365,34,145078
5683,0.00111,172.217.194.0-255,1484,72849,34,145078
5684,0.001126,172.31.33.0-255,66,72915,34,145078
5685,0.001131,172.217.194.0-255,2902,75817,34,145078
5686,0.001134,172.31.33.0-255,66,75883,34,145078
5687,0.001165,172.31.33.0-255,66,75949,34,145078
5688,0.001188,172.217.194.0-255,1484,77433,34,145078
5689,0.001192,172.217.194.0-255,2902,80335,34,145078
5690,0.001195,172.31.33.0-255,66,80401,34,145078
5691,0.001216,172.217.194.0-255,5738,86139,34,145078
5692,0.001219,172.31.33.0-255,66,86205,34,145078
5693,0.001257,172.31.33.0-255,66,86271,34,145078
5694,0.001278,172.217.194.0-255,1484,87755,34,145078
5695,0.001282,172.217.194.0-255,1484,89239,34,145078
5696,0.001285,172.31.33.0-255,66,89305,34,145078
5697,0.001296,172.31.33.0-255,66,89371,34,145078
5698,0.001325,172.217.194.0-255,1484,90855,34,145078
5699,0.001337,172.217.194.0-255,2902,93757,34,145078
5700,0.00134,172.31.33.0-255,66,93823,34,145078
5701,0.001371,172.217.194.0-255,5738,99561,34,145078
5702,0.001375,172.31.33.0-255,66,99627,34,145078
5703,0.001388,172.31.33.0-255,66,99693,34,145078
5704,0.001405,172.31.33.0-255,66,99759,34,145078
5705,0.001435,172.217.194.0-255,2184,101943,34,145078
5706,0.001438,172.31.33.0-255,66,102009,34,145078
5707,0.001538,172.217.194.0-255,1484,103493,34,145078
5708,0.001543,172.217.194.0-255,2902,106395,34,145078
5709,0.001547,172.31.33.0-255,66,106461,34,145078
5710,0.00155,172.217.194.0-255,1484,107945,34,145078
5711,0.001573,172.217.194.0-255,4320,112265,34,145078
5712,0.001577,172.31.33.0-255,66,112331,34,145078
5713,0.001583,172.217.194.0-255,5738,118069,34,145078
5714,0.001586,172.31.33.0-255,66,118135,34,145078
5715,0.001623,172.217.194.0-255,7156,125291,34,145078
5716,0.001626,172.31.33.0-255,66,125357,34,145078
5717,0.001642,172.31.33.0-255,66,125423,34,145078
5718,0.001649,172.217.194.0-255,5738,131161,34,145078
5719,0.001653,172.31.33.0-255,66,131227,34,145078
5720,0.001708,172.31.33.0-255,66,131293,34,145078
5721,0.001729,172.31.33.0-255,66,131359,34,145078
5722,0.001779,172.31.33.0-255,66,131425,34,145078
5723,0.001824,172.31.33.0-255,66,131491,34,145078
5724,0.001855,172.31.33.0-255,66,131557,34,145078
5725,0.001877,172.31.33.0-255,66,131623,34,145078
5726,0.001907,172.217.194.0-255,6438,138061,34,145078
5727,0.00191,172.31.33.0-255,66,138127,34,145078
5728,0.001936,172.31.33.0-255,66,138193,34,145078
5729,0.001951,172.31.33.0-255,66,138259,34,145078
5730,0.001982,172.217.194.0-255,6411,144670,34,145078
5731,0.001985,172.31.33.0-255,66,144736,34,145078
5732,0.001988,172.217.194.0-255,105,144841,34,145078
5733,0.007241,172.31.33.0-255,66,144907,34,145078
5734,0.007265,172.31.33.0-255,105,145012,34,145078
5735,0.009522,172.217.194.0-255,66,145078,34,145078
5736,0.0,172.217.24.0-255,220,220,34,294581
5737,1.3e-05,172.31.33.0-255,66,286,34,294581
5738,2e-05,172.217.24.0-255,1484,1770,34,294581
5739,2.3e-05,172.31.33.0-255,66,1836,34,294581
5740,2.7e-05,172.217.24.0-255,1484,3320,34,294581
5741,2.9e-05,172.31.33.0-255,66,3386,34,294581
5742,5.1e-05,172.217.24.0-255,2902,6288,34,294581
5743,5.4e-05,172.31.33.0-255,66,6354,34,294581
5744,5.8e-05,172.217.24.0-255,2902,9256,34,294581
5745,6e-05,172.31.33.0-255,66,9322,34,294581
5746,6.5e-05,172.217.24.0-255,4320,13642,34,294581
5747,6.7e-05,172.31.33.0-255,66,13708,34,294581
5748,9.7e-05,172.217.24.0-255,4320,18028,34,294581
5749,9.8e-05,172.31.33.0-255,66,18094,34,294581
5750,0.000117,172.217.24.0-255,4800,22894,34,294581
5751,0.000119,172.31.33.0-255,66,22960,34,294581
5752,0.000125,172.217.24.0-255,7156,30116,34,294581
5753,0.000127,172.31.33.0-255,66,30182,34,294581
5754,0.000129,172.217.24.0-255,1125,31307,34,294581
5755,0.000132,172.31.33.0-255,66,31373,34,294581
5756,0.000252,172.217.24.0-255,1484,32857,34,294581
5757,0.000256,172.31.33.0-255,66,32923,34,294581
5758,0.000277,172.217.24.0-255,2902,35825,34,294581
5759,0.00028,172.31.33.0-255,66,35891,34,294581
5760,0.000285,172.217.24.0-255,5738,41629,34,294581
5761,0.000287,172.31.33.0-255,66,41695,34,294581
5762,0.000337,172.31.33.0-255,66,41761,34,294581
5763,0.000347,172.31.33.0-255,66,41827,34,294581
5764,0.00035,172.217.24.0-255,1062,42889,34,294581
5765,0.000352,172.31.33.0-255,66,42955,34,294581
5766,0.000999,172.217.24.0-255,134,43089,34,294581
5767,0.001244,172.217.24.0-255,1484,44573,34,294581
5768,0.00125,172.31.33.0-255,66,44639,34,294581
5769,0.001256,172.217.24.0-255,2902,47541,34,294581
5770,0.001257,172.31.33.0-255,66,47607,34,294581
5771,0.001285,172.217.24.0-255,5738,53345,34,294581
5772,0.001287,172.31.33.0-255,66,53411,34,294581
5773,0.001299,172.217.24.0-255,2902,56313,34,294581
5774,0.001301,172.31.33.0-255,66,56379,34,294581
5775,0.001315,172.217.24.0-255,2902,59281,34,294581
5776,0.001317,172.31.33.0-255,66,59347,34,294581
5777,0.001337,172.217.24.0-255,1484,60831,34,294581
5778,0.001364,172.31.33.0-255,66,60897,34,294581
5779,0.001384,172.217.24.0-255,4320,65217,34,294581
5780,0.001386,172.31.33.0-255,66,65283,34,294581
5781,0.00139,172.217.24.0-255,2184,67467,34,294581
5782,0.001392,172.31.33.0-255,66,67533,34,294581
5783,0.001668,172.217.24.0-255,1484,69017,34,294581
5784,0.001674,172.217.24.0-255,2902,71919,34,294581
5785,0.001678,172.31.33.0-255,66,71985,34,294581
5786,0.001685,172.217.24.0-255,5738,77723,34,294581
5787,0.001686,172.31.33.0-255,66,77789,34,294581
5788,0.001697,172.217.24.0-255,1484,79273,34,294581
5789,0.001712,172.217.24.0-255,7156,86429,34,294581
5790,0.001714,172.31.33.0-255,66,86495,34,294581
5791,0.001736,172.217.24.0-255,4320,90815,34,294581
5792,0.001738,172.31.33.0-255,66,90881,34,294581
5793,0.001743,172.217.24.0-255,4320,95201,34,294581
5794,0.001744,172.31.33.0-255,66,95267,34,294581
5795,0.001762,172.217.24.0-255,6438,101705,34,294581
5796,0.001764,172.31.33.0-255,66,101771,34,294581
5797,0.001792,172.217.24.0-255,1484,103255,34,294581
5798,0.001813,172.217.24.0-255,1484,104739,34,294581
5799,0.001815,172.31.33.0-255,66,104805,34,294581
5800,0.001826,172.217.24.0-255,1484,106289,34,294581
5801,0.001837,172.217.24.0-255,2902,109191,34,294581
5802,0.001839,172.31.33.0-255,66,109257,34,294581
5803,0.001857,172.217.24.0-255,2902,112159,34,294581
5804,0.001859,172.31.33.0-255,66,112225,34,294581
5805,0.001892,172.217.24.0-255,2902,115127,34,294581
5806,0.001895,172.31.33.0-255,66,115193,34,294581
5807,0.001908,172.217.24.0-255,7156,122349,34,294581
5808,0.001911,172.31.33.0-255,66,122415,34,294581
5809,0.001925,172.217.24.0-255,2902,125317,34,294581
5810,0.001927,172.31.33.0-255,66,125383,34,294581
5811,0.001943,172.217.24.0-255,1484,126867,34,294581
5812,0.001965,172.31.33.0-255,66,126933,34,294581
5813,0.001999,172.217.24.0-255,1484,128417,34,294581
5814,0.002014,172.217.24.0-255,2902,131319,34,294581
5815,0.002017,172.31.33.0-255,66,131385,34,294581
5816,0.002019,172.217.24.0-255,1484,132869,34,294581
5817,0.002041,172.217.24.0-255,4320,137189,34,294581
5818,0.002043,172.31.33.0-255,66,137255,34,294581
5819,0.002046,172.217.24.0-255,1484,138739,34,294581
5820,0.002048,172.217.24.0-255,1484,140223,34,294581
5821,0.002049,172.31.33.0-255,66,140289,34,294581
5822,0.002052,172.217.24.0-255,1484,141773,34,294581
5823,0.002057,172.217.24.0-255,4320,146093,34,294581
5824,0.002058,172.31.33.0-255,66,146159,34,294581
5825,0.002069,172.31.33.0-255,66,146225,34,294581
5826,0.002072,172.217.24.0-255,2902,149127,34,294581
5827,0.002075,172.31.33.0-255,66,149193,34,294581
5828,0.002078,172.217.24.0-255,2184,151377,34,294581
5829,0.00208,172.31.33.0-255,66,151443,34,294581
5830,0.002104,172.217.24.0-255,1484,152927,34,294581
5831,0.002108,172.217.24.0-255,2902,155829,34,294581
5832,0.00211,172.31.33.0-255,66,155895,34,294581
5833,0.002115,172.217.24.0-255,4320,160215,34,294581
5834,0.002117,172.31.33.0-255,66,160281,34,294581
5835,0.002129,172.217.24.0-255,1484,161765,34,294581
5836,0.002141,172.217.24.0-255,5738,167503,34,294581
5837,0.002144,172.31.33.0-255,66,167569,34,294581
5838,0.002162,172.217.24.0-255,7156,174725,34,294581
5839,0.002164,172.31.33.0-255,66,174791,34,294581
5840,0.002218,172.31.33.0-255,66,174857,34,294581
5841,0.002492,172.217.24.0-255,1484,176341,34,294581
5842,0.002496,172.217.24.0-255,2902,179243,34,294581
5843,0.002498,172.31.33.0-255,66,179309,34,294581
5844,0.002501,172.217.24.0-255,1484,180793,34,294581
5845,0.00252,172.217.24.0-255,4320,185113,34,294581
5846,0.002522,172.31.33.0-255,66,185179,34,294581
5847,0.002535,172.217.24.0-255,1484,186663,34,294581
5848,0.002561,172.31.33.0-255,66,186729,34,294581
5849,0.002587,172.217.24.0-255,2902,189631,34,294581
5850,0.002589,172.31.33.0-255,66,189697,34,294581
5851,0.0026,172.31.33.0-255,66,189763,34,294581
5852,0.002632,172.217.24.0-255,1484,191247,34,294581
5853,0.002635,172.217.24.0-255,1484,192731,34,294581
5854,0.002637,172.31.33.0-255,66,192797,34,294581
5855,0.002657,172.217.24.0-255,1484,194281,34,294581
5856,0.002662,172.217.24.0-255,2902,197183,34,294581
5857,0.002664,172.31.33.0-255,66,197249,34,294581
5858,0.002668,172.217.24.0-255,4320,201569,34,294581
5859,0.00267,172.31.33.0-255,66,201635,34,294581
5860,0.002695,172.217.24.0-255,7156,208791,34,294581
5861,0.002698,172.31.33.0-255,66,208857,34,294581
5862,0.002714,172.217.24.0-255,1484,210341,34,294581
5863,0.00272,172.217.24.0-255,5738,216079,34,294581
5864,0.002722,172.31.33.0-255,66,216145,34,294581
5865,0.00275,172.31.33.0-255,66,216211,34,294581
5866,0.002753,172.217.24.0-255,1484,217695,34,294581
5867,0.002772,172.217.24.0-255,4320,222015,34,294581
5868,0.002775,172.31.33.0-255,66,222081,34,294581
5869,0.002779,172.217.24.0-255,4320,226401,34,294581
5870,0.002782,172.31.33.0-255,66,226467,34,294581
5871,0.002796,172.217.24.0-255,2902,229369,34,294581
5872,0.002799,172.31.33.0-255,66,229435,34,294581
5873,0.002816,172.217.24.0-255,5738,235173,34,294581
5874,0.002819,172.31.33.0-255,66,235239,34,294581
5875,0.002855,172.31.33.0-255,66,235305,34,294581
5876,0.002861,172.217.24.0-255,6438,241743,34,294581
5877,0.002863,172.31.33.0-255,66,241809,34,294581
5878,0.002943,172.217.24.0-255,1484,243293,34,294581
5879,0.002959,172.217.24.0-255,1484,244777,34,294581
5880,0.002962,172.31.33.0-255,66,244843,34,294581
5881,0.002965,172.217.24.0-255,1484,246327,34,294581
5882,0.00298,172.217.24.0-255,1484,247811,34,294581
5883,0.002982,172.31.33.0-255,66,247877,34,294581
5884,0.002994,172.217.24.0-255,1484,249361,34,294581
5885,0.003016,172.217.24.0-255,4320,253681,34,294581
5886,0.003019,172.31.33.0-255,66,253747,34,294581
5887,0.003029,172.31.33.0-255,66,253813,34,294581
5888,0.003032,172.217.24.0-255,1484,255297,34,294581
5889,0.003049,172.217.24.0-255,7156,262453,34,294581
5890,0.003052,172.31.33.0-255,66,262519,34,294581
5891,0.003069,172.217.24.0-255,1484,264003,34,294581
5892,0.003074,172.217.24.0-255,3602,267605,34,294581
5893,0.003077,172.31.33.0-255,66,267671,34,294581
5894,0.003115,172.217.24.0-255,1484,269155,34,294581
5895,0.00312,172.217.24.0-255,2902,272057,34,294581
5896,0.003123,172.31.33.0-255,66,272123,34,294581
5897,0.003146,172.217.24.0-255,5738,277861,34,294581
5898,0.003149,172.31.33.0-255,66,277927,34,294581
5899,0.00317,172.217.24.0-255,5738,283665,34,294581
5900,0.003173,172.31.33.0-255,66,283731,34,294581
5901,0.003194,172.217.24.0-255,2902,286633,34,294581
5902,0.003197,172.31.33.0-255,66,286699,34,294581
5903,0.003202,172.217.24.0-255,2902,289601,34,294581
5904,0.003205,172.31.33.0-255,66,289667,34,294581
5905,0.00321,172.217.24.0-255,4320,293987,34,294581
5906,0.003212,172.31.33.0-255,66,294053,34,294581
5907,0.003226,172.217.24.0-255,423,294476,34,294581
5908,0.003238,172.217.24.0-255,105,294581,34,294581
5909,0.0,172.217.194.0-255,143,143,34,201391
5910,2.4e-05,172.217.194.0-255,1484,1627,34,201391
5911,3e-05,172.31.33.0-255,66,1693,34,201391
5912,3.7e-05,172.217.194.0-255,2902,4595,34,201391
5913,4e-05,172.31.33.0-255,66,4661,34,201391
5914,4.4e-05,172.217.194.0-255,2902,7563,34,201391
5915,4.7e-05,172.31.33.0-255,66,7629,34,201391
5916,7.2e-05,172.217.194.0-255,4320,11949,34,201391
5917,7.9e-05,172.31.33.0-255,66,12015,34,201391
5918,8.7e-05,172.217.194.0-255,7156,19171,34,201391
5919,8.9e-05,172.31.33.0-255,66,19237,34,201391
5920,0.000119,172.217.194.0-255,654,19891,34,201391
5921,0.00013,172.31.33.0-255,66,19957,34,201391
5922,0.000134,172.217.194.0-255,2543,22500,34,201391
5923,0.000136,172.31.33.0-255,66,22566,34,201391
5924,0.000379,172.217.194.0-255,1484,24050,34,201391
5925,0.000387,172.217.194.0-255,2902,26952,34,201391
5926,0.000391,172.31.33.0-255,66,27018,34,201391
5927,0.000395,172.217.194.0-255,1484,28502,34,201391
5928,0.000422,172.217.194.0-255,4320,32822,34,201391
5929,0.000425,172.31.33.0-255,66,32888,34,201391
5930,0.000466,172.31.33.0-255,66,32954,34,201391
5931,0.000478,172.31.33.0-255,66,33020,34,201391
5932,0.000846,172.217.194.0-255,119,33139,34,201391
5933,0.00086,172.217.194.0-255,376,33515,34,201391
5934,0.001013,172.217.194.0-255,1484,34999,34,201391
5935,0.001018,172.31.33.0-255,66,35065,34,201391
5936,0.001022,172.217.194.0-255,1484,36549,34,201391
5937,0.001047,172.217.194.0-255,1484,38033,34,201391
5938,0.00105,172.31.33.0-255,66,38099,34,201391
5939,0.001057,172.217.194.0-255,5738,43837,34,201391
5940,0.001059,172.31.33.0-255,66,43903,34,201391
5941,0.001063,172.217.194.0-255,2902,46805,34,201391
5942,0.001069,172.31.33.0-255,66,46871,34,201391
5943,0.001095,172.217.194.0-255,2902,49773,34,201391
5944,0.001097,172.31.33.0-255,66,49839,34,201391
5945,0.00112,172.217.194.0-255,7156,56995,34,201391
5946,0.001122,172.31.33.0-255,66,57061,34,201391
5947,0.001127,172.217.194.0-255,4320,61381,34,201391
5948,0.00113,172.31.33.0-255,66,61447,34,201391
5949,0.001171,172.217.194.0-255,6438,67885,34,201391
5950,0.001174,172.31.33.0-255,66,67951,34,201391
5951,0.002746,172.217.194.0-255,1484,69435,34,201391
5952,0.002753,172.217.194.0-255,2902,72337,34,201391
5953,0.002757,172.31.33.0-255,66,72403,34,201391
5954,0.002761,172.217.194.0-255,1484,73887,34,201391
5955,0.002775,172.217.194.0-255,1484,75371,34,201391
5956,0.002777,172.31.33.0-255,66,75437,34,201391
5957,0.002814,172.31.33.0-255,66,75503,34,201391
5958,0.00282,172.217.194.0-255,4320,79823,34,201391
5959,0.002823,172.31.33.0-255,66,79889,34,201391
5960,0.00285,172.217.194.0-255,5738,85627,34,201391
5961,0.002853,172.31.33.0-255,66,85693,34,201391
5962,0.002863,172.217.194.0-255,5020,90713,34,201391
5963,0.002865,172.31.33.0-255,66,90779,34,201391
5964,0.002956,172.217.194.0-255,1484,92263,34,201391
5965,0.002972,172.217.194.0-255,2902,95165,34,201391
5966,0.002974,172.31.33.0-255,66,95231,34,201391
5967,0.002996,172.217.194.0-255,5738,100969,34,201391
5968,0.002999,172.31.33.0-255,66,101035,34,201391
5969,0.003025,172.217.194.0-255,4320,105355,34,201391
5970,0.003028,172.31.33.0-255,66,105421,34,201391
5971,0.003055,172.217.194.0-255,7156,112577,34,201391
5972,0.003058,172.31.33.0-255,66,112643,34,201391
5973,0.003068,172.31.33.0-255,66,112709,34,201391
5974,0.003089,172.217.194.0-255,3602,116311,34,201391
5975,0.003092,172.31.33.0-255,66,116377,34,201391
5976,0.003183,172.217.194.0-255,1484,117861,34,201391
5977,0.003201,172.217.194.0-255,2902,120763,34,201391
5978,0.003203,172.31.33.0-255,66,120829,34,201391
5979,0.003235,172.217.194.0-255,4320,125149,34,201391
5980,0.003238,172.31.33.0-255,66,125215,34,201391
5981,0.003244,172.217.194.0-255,5738,130953,34,201391
5982,0.003246,172.31.33.0-255,66,131019,34,201391
5983,0.003251,172.217.194.0-255,4320,135339,34,201391
5984,0.003265,172.31.33.0-255,66,135405,34,201391
5985,0.003299,172.217.194.0-255,7156,142561,34,201391
5986,0.003301,172.31.33.0-255,66,142627,34,201391
5987,0.003311,172.31.33.0-255,66,142693,34,201391
5988,0.003356,172.217.194.0-255,1484,144177,34,201391
5989,0.003368,172.217.194.0-255,2902,147079,34,201391
5990,0.00337,172.31.33.0-255,66,147145,34,201391
5991,0.003377,172.217.194.0-255,5738,152883,34,201391
5992,0.003379,172.31.33.0-255,66,152949,34,201391
5993,0.003409,172.217.194.0-255,7156,160105,34,201391
5994,0.003412,172.31.33.0-255,66,160171,34,201391
5995,0.003415,172.217.194.0-255,1484,161655,34,201391
5996,0.003419,172.217.194.0-255,2902,164557,34,201391
5997,0.003422,172.31.33.0-255,66,164623,34,201391
5998,0.003448,172.217.194.0-255,5738,170361,34,201391
5999,0.003451,172.31.33.0-255,66,170427,34,201391
6000,0.003484,172.217.194.0-255,6438,176865,34,201391
6001,0.003487,172.31.33.0-255,66,176931,34,201391
6002,0.00349,172.217.194.0-255,1484,178415,34,201391
6003,0.003492,172.31.33.0-255,78,178493,34,201391
6004,0.003527,172.31.33.0-255,66,178559,34,201391
6005,0.003543,172.31.33.0-255,66,178625,34,201391
6006,0.003556,172.31.33.0-255,66,178691,34,201391
6007,0.003569,172.31.33.0-255,66,178757,34,201391
6008,0.003613,172.217.194.0-255,1484,180241,34,201391
6009,0.003649,172.31.33.0-255,66,180307,34,201391
6010,0.003695,172.217.194.0-255,2902,183209,34,201391
6011,0.003702,172.217.194.0-255,6438,189647,34,201391
6012,0.003744,172.217.194.0-255,7156,196803,34,201391
6013,0.003785,172.217.194.0-255,4320,201123,34,201391
6014,0.003859,172.217.194.0-255,97,201220,34,201391
6015,0.003862,172.217.194.0-255,105,201325,34,201391
6016,0.009464,172.31.33.0-255,66,201391,34,201391
6017,0.0,74.125.24.0-255,152,152,34,170351
6018,2e-05,172.31.33.0-255,66,218,34,170351
6019,5e-05,74.125.24.0-255,1484,1702,34,170351
6020,5.4e-05,172.31.33.0-255,66,1768,34,170351
6021,5.9e-05,74.125.24.0-255,2902,4670,34,170351
6022,6.1e-05,172.31.33.0-255,66,4736,34,170351
6023,6.5e-05,74.125.24.0-255,2902,7638,34,170351
6024,6.7e-05,172.31.33.0-255,66,7704,34,170351
6025,8.9e-05,74.125.24.0-255,2902,10606,34,170351
6026,9e-05,172.31.33.0-255,66,10672,34,170351
6027,9.4e-05,74.125.24.0-255,3529,14201,34,170351
6028,9.6e-05,172.31.33.0-255,66,14267,34,170351
6029,0.000125,74.125.24.0-255,4320,18587,34,170351
6030,0.000131,172.31.33.0-255,66,18653,34,170351
6031,0.000156,74.125.24.0-255,7156,25809,34,170351
6032,0.000158,172.31.33.0-255,66,25875,34,170351
6033,0.000162,74.125.24.0-255,5379,31254,34,170351
6034,0.000164,172.31.33.0-255,66,31320,34,170351
6035,0.000226,74.125.24.0-255,1484,32804,34,170351
6036,0.000229,172.31.33.0-255,66,32870,34,170351
6037,0.000233,74.125.24.0-255,2902,35772,34,170351
6038,0.000234,172.31.33.0-255,66,35838,34,170351
6039,0.000255,74.125.24.0-255,5738,41576,34,170351
6040,0.000257,172.31.33.0-255,66,41642,34,170351
6041,0.00029,172.31.33.0-255,66,41708,34,170351
6042,0.000321,74.125.24.0-255,5379,47087,34,170351
6043,0.000324,172.31.33.0-255,66,47153,34,170351
6044,0.000334,172.31.33.0-255,66,47219,34,170351
6045,0.000369,74.125.24.0-255,113,47332,34,170351
6046,0.000372,172.31.33.0-255,66,47398,34,170351
6047,0.000376,74.125.24.0-255,329,47727,34,170351
6048,0.000744,74.125.24.0-255,1484,49211,34,170351
6049,0.000749,172.31.33.0-255,66,49277,34,170351
6050,0.000778,74.125.24.0-255,2902,52179,34,170351
6051,0.000782,172.31.33.0-255,66,52245,34,170351
6052,0.000789,74.125.24.0-255,5738,57983,34,170351
6053,0.00079,172.31.33.0-255,66,58049,34,170351
6054,0.00082,74.125.24.0-255,5738,63787,34,170351
6055,0.000823,172.31.33.0-255,66,63853,34,170351
6056,0.000854,74.125.24.0-255,7156,71009,34,170351
6057,0.000858,172.31.33.0-255,66,71075,34,170351
6058,0.000869,74.125.24.0-255,2184,73259,34,170351
6059,0.000875,172.31.33.0-255,66,73325,34,170351
6060,0.001141,74.125.24.0-255,1484,74809,34,170351
6061,0.001146,74.125.24.0-255,2902,77711,34,170351
6062,0.00115,172.31.33.0-255,66,77777,34,170351
6063,0.001178,74.125.24.0-255,5738,83515,34,170351
6064,0.00118,172.31.33.0-255,66,83581,34,170351
6065,0.001216,172.31.33.0-255,66,83647,34,170351
6066,0.001241,74.125.24.0-255,2902,86549,34,170351
6067,0.001244,172.31.33.0-255,66,86615,34,170351
6068,0.001254,172.31.33.0-255,66,86681,34,170351
6069,0.001414,74.125.24.0-255,1484,88165,34,170351
6070,0.001419,74.125.24.0-255,2902,91067,34,170351
6071,0.001421,172.31.33.0-255,66,91133,34,170351
6072,0.001449,74.125.24.0-255,5738,96871,34,170351
6073,0.001452,172.31.33.0-255,66,96937,34,170351
6074,0.001455,74.125.24.0-255,2902,99839,34,170351
6075,0.001457,172.31.33.0-255,66,99905,34,170351
6076,0.001489,172.31.33.0-255,66,99971,34,170351
6077,0.001511,74.125.24.0-255,766,100737,34,170351
6078,0.001522,172.31.33.0-255,66,100803,34,170351
6079,0.001577,74.125.24.0-255,1484,102287,34,170351
6080,0.001582,74.125.24.0-255,2902,105189,34,170351
6081,0.001586,172.31.33.0-255,66,105255,34,170351
6082,0.001597,74.125.24.0-255,5738,110993,34,170351
6083,0.001615,74.125.24.0-255,2902,113895,34,170351
6084,0.001618,172.31.33.0-255,66,113961,34,170351
6085,0.001655,172.31.33.0-255,66,114027,34,170351
6086,0.001699,74.125.24.0-255,2184,116211,34,170351
6087,0.001703,172.31.33.0-255,66,116277,34,170351
6088,0.001707,172.31.33.0-255,66,116343,34,170351
6089,0.001811,74.125.24.0-255,1484,117827,34,170351
6090,0.001835,74.125.24.0-255,2902,120729,34,170351
6091,0.001838,172.31.33.0-255,66,120795,34,170351
6092,0.001845,74.125.24.0-255,5738,126533,34,170351
6093,0.001849,74.125.24.0-255,2902,129435,34,170351
6094,0.001865,172.31.33.0-255,66,129501,34,170351
6095,0.001933,172.31.33.0-255,66,129567,34,170351
6096,0.001957,74.125.24.0-255,1484,131051,34,170351
6097,0.002017,172.31.33.0-255,66,131117,34,170351
6098,0.002033,74.125.24.0-255,3602,134719,34,170351
6099,0.002051,172.31.33.0-255,66,134785,34,170351
6100,0.002667,74.125.24.0-255,1484,136269,34,170351
6101,0.002672,74.125.24.0-255,2902,139171,34,170351
6102,0.002676,172.31.33.0-255,66,139237,34,170351
6103,0.002681,74.125.24.0-255,2902,142139,34,170351
6104,0.002683,172.31.33.0-255,66,142205,34,170351
6105,0.002701,74.125.24.0-255,2902,145107,34,170351
6106,0.002703,172.31.33.0-255,66,145173,34,170351
6107,0.002723,172.31.33.0-255,66,145239,34,170351
6108,0.002737,74.125.24.0-255,1484,146723,34,170351
6109,0.002751,172.31.33.0-255,66,146789,34,170351
6110,0.003209,74.125.24.0-255,1484,148273,34,170351
6111,0.003225,74.125.24.0-255,2902,151175,34,170351
6112,0.003228,172.31.33.0-255,66,151241,34,170351
6113,0.003233,74.125.24.0-255,5738,156979,34,170351
6114,0.003235,172.31.33.0-255,66,157045,34,170351
6115,0.003268,172.31.33.0-255,66,157111,34,170351
6116,0.003291,74.125.24.0-255,5738,162849,34,170351
6117,0.003293,172.31.33.0-255,66,162915,34,170351
6118,0.003329,172.31.33.0-255,66,162981,34,170351
6119,0.003338,172.31.33.0-255,66,163047,34,170351
6120,0.003369,172.31.33.0-255,66,163113,34,170351
6121,0.003404,172.31.33.0-255,66,163179,34,170351
6122,0.003427,172.31.33.0-255,66,163245,34,170351
6123,0.003456,74.125.24.0-255,6698,169943,34,170351
6124,0.003466,172.31.33.0-255,66,170009,34,170351
6125,0.003474,74.125.24.0-255,105,170114,34,170351
6126,0.004073,172.31.33.0-255,66,170180,34,170351
6127,0.004104,172.31.33.0-255,105,170285,34,170351
6128,0.006338,74.125.24.0-255,66,170351,34,170351
6129,0.0,74.125.24.0-255,143,143,34,219117
6130,2.1e-05,172.31.33.0-255,66,209,34,219117
6131,2.8e-05,74.125.24.0-255,1484,1693,34,219117
6132,3.2e-05,172.31.33.0-255,66,1759,34,219117
6133,3.6e-05,74.125.24.0-255,2902,4661,34,219117
6134,4.7e-05,172.31.33.0-255,66,4727,34,219117
6135,5.4e-05,74.125.24.0-255,7156,11883,34,219117
6136,5.7e-05,172.31.33.0-255,66,11949,34,219117
6137,8.7e-05,74.125.24.0-255,2039,13988,34,219117
6138,9e-05,172.31.33.0-255,66,14054,34,219117
6139,0.00013,74.125.24.0-255,1484,15538,34,219117
6140,0.000132,172.31.33.0-255,66,15604,34,219117
6141,0.000149,74.125.24.0-255,2902,18506,34,219117
6142,0.000152,172.31.33.0-255,66,18572,34,219117
6143,0.000154,74.125.24.0-255,1484,20056,34,219117
6144,0.000156,172.31.33.0-255,66,20122,34,219117
6145,0.000193,74.125.24.0-255,4320,24442,34,219117
6146,0.000199,74.125.24.0-255,5738,30180,34,219117
6147,0.000203,172.31.33.0-255,66,30246,34,219117
6148,0.000205,172.31.33.0-255,66,30312,34,219117
6149,0.000236,172.31.33.0-255,66,30378,34,219117
6150,0.000246,74.125.24.0-255,1125,31503,34,219117
6151,0.000252,172.31.33.0-255,66,31569,34,219117
6152,0.000275,74.125.24.0-255,3961,35530,34,219117
6153,0.000277,172.31.33.0-255,66,35596,34,219117
6154,0.000296,74.125.24.0-255,4320,39916,34,219117
6155,0.000298,172.31.33.0-255,66,39982,34,219117
6156,0.0003,74.125.24.0-255,1484,41466,34,219117
6157,0.000302,172.31.33.0-255,66,41532,34,219117
6158,0.000332,172.31.33.0-255,66,41598,34,219117
6159,0.000336,74.125.24.0-255,2543,44141,34,219117
6160,0.000338,172.31.33.0-255,66,44207,34,219117
6161,0.000409,74.125.24.0-255,647,44854,34,219117
6162,0.000432,74.125.24.0-255,1484,46338,34,219117
6163,0.000434,172.31.33.0-255,66,46404,34,219117
6164,0.000454,74.125.24.0-255,4320,50724,34,219117
6165,0.000456,172.31.33.0-255,66,50790,34,219117
6166,0.000459,74.125.24.0-255,1484,52274,34,219117
6167,0.000486,74.125.24.0-255,5738,58012,34,219117
6168,0.000488,172.31.33.0-255,66,58078,34,219117
6169,0.000512,74.125.24.0-255,2902,60980,34,219117
6170,0.000514,172.31.33.0-255,66,61046,34,219117
6171,0.000517,74.125.24.0-255,1125,62171,34,219117
6172,0.000538,74.125.24.0-255,1484,63655,34,219117
6173,0.00054,172.31.33.0-255,66,63721,34,219117
6174,0.000544,74.125.24.0-255,2902,66623,34,219117
6175,0.000546,172.31.33.0-255,66,66689,34,219117
6176,0.000549,74.125.24.0-255,1484,68173,34,219117
6177,0.000577,74.125.24.0-255,4320,72493,34,219117
6178,0.00058,172.31.33.0-255,66,72559,34,219117
6179,0.000591,172.31.33.0-255,66,72625,34,219117
6180,0.000622,74.125.24.0-255,1484,74109,34,219117
6181,0.000634,172.31.33.0-255,66,74175,34,219117
6182,0.000654,74.125.24.0-255,1484,75659,34,219117
6183,0.000658,74.125.24.0-255,2902,78561,34,219117
6184,0.00066,172.31.33.0-255,66,78627,34,219117
6185,0.000667,74.125.24.0-255,4320,82947,34,219117
6186,0.000669,172.31.33.0-255,66,83013,34,219117
6187,0.000701,74.125.24.0-255,1484,84497,34,219117
6188,0.000725,172.31.33.0-255,66,84563,34,219117
6189,0.000737,172.31.33.0-255,66,84629,34,219117
6190,0.000808,172.31.33.0-255,66,84695,34,219117
6191,0.000839,74.125.24.0-255,5379,90074,34,219117
6192,0.000843,172.31.33.0-255,66,90140,34,219117
6193,0.000904,74.125.24.0-255,1484,91624,34,219117
6194,0.000919,74.125.24.0-255,2902,94526,34,219117
6195,0.000922,172.31.33.0-255,66,94592,34,219117
6196,0.000926,74.125.24.0-255,1484,96076,34,219117
6197,0.000954,74.125.24.0-255,4320,100396,34,219117
6198,0.000957,172.31.33.0-255,66,100462,34,219117
6199,0.000961,74.125.24.0-255,1484,101946,34,219117
6200,0.000978,172.31.33.0-255,66,102012,34,219117
6201,0.001003,74.125.24.0-255,7156,109168,34,219117
6202,0.001006,172.31.33.0-255,66,109234,34,219117
6203,0.001029,74.125.24.0-255,6438,115672,34,219117
6204,0.001032,172.31.33.0-255,66,115738,34,219117
6205,0.001059,74.125.24.0-255,1484,117222,34,219117
6206,0.001065,172.31.33.0-255,66,117288,34,219117
6207,0.001078,74.125.24.0-255,5738,123026,34,219117
6208,0.00108,172.31.33.0-255,66,123092,34,219117
6209,0.001142,172.31.33.0-255,66,123158,34,219117
6210,0.001157,172.31.33.0-255,66,123224,34,219117
6211,0.001162,74.125.24.0-255,3602,126826,34,219117
6212,0.001165,172.31.33.0-255,66,126892,34,219117
6213,0.001334,74.125.24.0-255,1484,128376,34,219117
6214,0.001358,74.125.24.0-255,2902,131278,34,219117
6215,0.001361,172.31.33.0-255,66,131344,34,219117
6216,0.001369,74.125.24.0-255,5738,137082,34,219117
6217,0.001371,172.31.33.0-255,66,137148,34,219117
6218,0.00141,172.31.33.0-255,66,137214,34,219117
6219,0.00144,74.125.24.0-255,2902,140116,34,219117
6220,0.001442,172.31.33.0-255,66,140182,34,219117
6221,0.001446,74.125.24.0-255,1484,141666,34,219117
6222,0.001449,74.125.24.0-255,1484,143150,34,219117
6223,0.001451,172.31.33.0-255,66,143216,34,219117
6224,0.001488,172.31.33.0-255,66,143282,34,219117
6225,0.00173,74.125.24.0-255,1484,144766,34,219117
6226,0.001748,74.125.24.0-255,1484,146250,34,219117
6227,0.001752,172.31.33.0-255,66,146316,34,219117
6228,0.001784,74.125.24.0-255,2902,149218,34,219117
6229,0.00179,74.125.24.0-255,5738,154956,34,219117
6230,0.001795,172.31.33.0-255,66,155022,34,219117
6231,0.001798,172.31.33.0-255,66,155088,34,219117
6232,0.001828,74.125.24.0-255,7156,162244,34,219117
6233,0.00183,172.31.33.0-255,66,162310,34,219117
6234,0.001837,74.125.24.0-255,5738,168048,34,219117
6235,0.001839,172.31.33.0-255,66,168114,34,219117
6236,0.001881,172.31.33.0-255,66,168180,34,219117
6237,0.001884,74.125.24.0-255,766,168946,34,219117
6238,0.00191,74.125.24.0-255,1484,170430,34,219117
6239,0.001913,172.31.33.0-255,66,170496,34,219117
6240,0.001943,74.125.24.0-255,2902,173398,34,219117
6241,0.001946,172.31.33.0-255,66,173464,34,219117
6242,0.001952,74.125.24.0-255,5738,179202,34,219117
6243,0.001955,172.31.33.0-255,66,179268,34,219117
6244,0.001965,74.125.24.0-255,5738,185006,34,219117
6245,0.001968,172.31.33.0-255,66,185072,34,219117
6246,0.00197,74.125.24.0-255,1484,186556,34,219117
6247,0.002007,172.31.33.0-255,66,186622,34,219117
6248,0.002013,74.125.24.0-255,5020,191642,34,219117
6249,0.002014,172.31.33.0-255,66,191708,34,219117
6250,0.002116,74.125.24.0-255,1484,193192,34,219117
6251,0.002121,74.125.24.0-255,2902,196094,34,219117
6252,0.002124,172.31.33.0-255,66,196160,34,219117
6253,0.002152,74.125.24.0-255,5738,201898,34,219117
6254,0.002155,172.31.33.0-255,66,201964,34,219117
6255,0.002185,172.31.33.0-255,66,202030,34,219117
6256,0.002209,74.125.24.0-255,4320,206350,34,219117
6257,0.002211,172.31.33.0-255,66,206416,34,219117
6258,0.002214,74.125.24.0-255,1484,207900,34,219117
6259,0.002245,172.31.33.0-255,66,207966,34,219117
6260,0.002252,74.125.24.0-255,7156,215122,34,219117
6261,0.002254,172.31.33.0-255,66,215188,34,219117
6262,0.002275,74.125.24.0-255,3661,218849,34,219117
6263,0.002277,172.31.33.0-255,66,218915,34,219117
6264,0.00228,74.125.24.0-255,97,219012,34,219117
6265,0.002301,74.125.24.0-255,105,219117,34,219117
6266,0.0,74.125.130.0-255,152,152,34,307491
6267,2.4e-05,172.31.33.0-255,66,218,34,307491
6268,3e-05,74.125.130.0-255,1484,1702,34,307491
6269,3.3e-05,172.31.33.0-255,66,1768,34,307491
6270,3.8e-05,74.125.130.0-255,2902,4670,34,307491
6271,4.8e-05,172.31.33.0-255,66,4736,34,307491
6272,5.3e-05,74.125.130.0-255,5738,10474,34,307491
6273,5.6e-05,172.31.33.0-255,66,10540,34,307491
6274,6e-05,74.125.130.0-255,3419,13959,34,307491
6275,6.3e-05,172.31.33.0-255,66,14025,34,307491
6276,6.7e-05,74.125.130.0-255,4320,18345,34,307491
6277,7e-05,172.31.33.0-255,66,18411,34,307491
6278,8e-05,172.31.33.0-255,66,18477,34,307491
6279,8.4e-05,74.125.130.0-255,2543,21020,34,307491
6280,8.9e-05,172.31.33.0-255,66,21086,34,307491
6281,0.000179,74.125.130.0-255,1484,22570,34,307491
6282,0.000185,172.31.33.0-255,66,22636,34,307491
6283,0.00019,74.125.130.0-255,2902,25538,34,307491
6284,0.000192,172.31.33.0-255,66,25604,34,307491
6285,0.000221,74.125.130.0-255,5738,31342,34,307491
6286,0.000224,172.31.33.0-255,66,31408,34,307491
6287,0.000234,74.125.130.0-255,5738,37146,34,307491
6288,0.000237,172.31.33.0-255,66,37212,34,307491
6289,0.000269,74.125.130.0-255,6797,44009,34,307491
6290,0.000273,172.31.33.0-255,66,44075,34,307491
6291,0.000285,74.125.130.0-255,7156,51231,34,307491
6292,0.000288,172.31.33.0-255,66,51297,34,307491
6293,0.000332,74.125.130.0-255,4249,55546,34,307491
6294,0.000336,172.31.33.0-255,66,55612,34,307491
6295,0.000339,74.125.130.0-255,397,56009,34,307491
6296,0.000341,172.31.33.0-255,66,56075,34,307491
6297,0.000472,74.125.130.0-255,1484,57559,34,307491
6298,0.000477,74.125.130.0-255,1484,59043,34,307491
6299,0.00048,172.31.33.0-255,66,59109,34,307491
6300,0.000512,74.125.130.0-255,1484,60593,34,307491
6301,0.000519,74.125.130.0-255,5738,66331,34,307491
6302,0.000523,172.31.33.0-255,66,66397,34,307491
6303,0.000529,74.125.130.0-255,5738,72135,34,307491
6304,0.000531,172.31.33.0-255,66,72201,34,307491
6305,0.000557,74.125.130.0-255,7156,79357,34,307491
6306,0.000566,172.31.33.0-255,66,79423,34,307491
6307,0.000569,74.125.130.0-255,1484,80907,34,307491
6308,0.000601,74.125.130.0-255,5738,86645,34,307491
6309,0.000606,172.31.33.0-255,66,86711,34,307491
6310,0.000624,74.125.130.0-255,3602,90313,34,307491
6311,0.000627,172.31.33.0-255,66,90379,34,307491
6312,0.001278,74.125.130.0-255,1484,91863,34,307491
6313,0.001287,74.125.130.0-255,2902,94765,34,307491
6314,0.001291,172.31.33.0-255,66,94831,34,307491
6315,0.001318,74.125.130.0-255,5738,100569,34,307491
6316,0.00132,172.31.33.0-255,66,100635,34,307491
6317,0.001331,74.125.130.0-255,1484,102119,34,307491
6318,0.00135,74.125.130.0-255,5738,107857,34,307491
6319,0.001352,172.31.33.0-255,66,107923,34,307491
6320,0.001355,74.125.130.0-255,1484,109407,34,307491
6321,0.001376,74.125.130.0-255,7156,116563,34,307491
6322,0.001378,172.31.33.0-255,66,116629,34,307491
6323,0.001408,172.31.33.0-255,66,116695,34,307491
6324,0.002667,74.125.130.0-255,1484,118179,34,307491
6325,0.002672,74.125.130.0-255,1484,119663,34,307491
6326,0.002675,172.31.33.0-255,66,119729,34,307491
6327,0.002698,74.125.130.0-255,1484,121213,34,307491
6328,0.002702,74.125.130.0-255,4320,125533,34,307491
6329,0.002704,172.31.33.0-255,66,125599,34,307491
6330,0.002723,74.125.130.0-255,1484,127083,34,307491
6331,0.002726,74.125.130.0-255,1484,128567,34,307491
6332,0.002727,172.31.33.0-255,66,128633,34,307491
6333,0.00275,74.125.130.0-255,5738,134371,34,307491
6334,0.002752,172.31.33.0-255,66,134437,34,307491
6335,0.002778,74.125.130.0-255,2902,137339,34,307491
6336,0.00278,172.31.33.0-255,66,137405,34,307491
6337,0.002785,74.125.130.0-255,4320,141725,34,307491
6338,0.002786,172.31.33.0-255,66,141791,34,307491
6339,0.002789,74.125.130.0-255,1484,143275,34,307491
6340,0.002795,74.125.130.0-255,1484,144759,34,307491
6341,0.002796,172.31.33.0-255,66,144825,34,307491
6342,0.002801,74.125.130.0-255,4320,149145,34,307491
6343,0.002802,172.31.33.0-255,66,149211,34,307491
6344,0.002806,74.125.130.0-255,2184,151395,34,307491
6345,0.002807,172.31.33.0-255,66,151461,34,307491
6346,0.003164,74.125.130.0-255,1484,152945,34,307491
6347,0.003179,74.125.130.0-255,2902,155847,34,307491
6348,0.003181,172.31.33.0-255,66,155913,34,307491
6349,0.003204,74.125.130.0-255,5738,161651,34,307491
6350,0.003206,172.31.33.0-255,66,161717,34,307491
6351,0.00321,74.125.130.0-255,2902,164619,34,307491
6352,0.003211,172.31.33.0-255,66,164685,34,307491
6353,0.003232,74.125.130.0-255,4320,169005,34,307491
6354,0.003233,172.31.33.0-255,66,169071,34,307491
6355,0.003239,74.125.130.0-255,1484,170555,34,307491
6356,0.003262,74.125.130.0-255,7156,177711,34,307491
6357,0.003264,172.31.33.0-255,66,177777,34,307491
6358,0.003269,74.125.130.0-255,4320,182097,34,307491
6359,0.003271,172.31.33.0-255,66,182163,34,307491
6360,0.003292,74.125.130.0-255,2902,185065,34,307491
6361,0.003294,172.31.33.0-255,66,185131,34,307491
6362,0.003306,172.31.33.0-255,66,185197,34,307491
6363,0.003308,74.125.130.0-255,1484,186681,34,307491
6364,0.003335,74.125.130.0-255,2902,189583,34,307491
6365,0.003337,172.31.33.0-255,66,189649,34,307491
6366,0.003341,74.125.130.0-255,5738,195387,34,307491
6367,0.003343,172.31.33.0-255,66,195453,34,307491
6368,0.003365,74.125.130.0-255,5738,201191,34,307491
6369,0.003367,172.31.33.0-255,66,201257,34,307491
6370,0.003391,74.125.130.0-255,4320,205577,34,307491
6371,0.003393,172.31.33.0-255,66,205643,34,307491
6372,0.003411,74.125.130.0-255,1484,207127,34,307491
6373,0.003424,74.125.130.0-255,5020,212147,34,307491
6374,0.003426,172.31.33.0-255,66,212213,34,307491
6375,0.003535,74.125.130.0-255,1484,213697,34,307491
6376,0.003549,74.125.130.0-255,2902,216599,34,307491
6377,0.003552,172.31.33.0-255,66,216665,34,307491
6378,0.003555,74.125.130.0-255,2902,219567,34,307491
6379,0.003556,172.31.33.0-255,66,219633,34,307491
6380,0.003582,74.125.130.0-255,4320,223953,34,307491
6381,0.003584,172.31.33.0-255,66,224019,34,307491
6382,0.003595,74.125.130.0-255,1484,225503,34,307491
6383,0.003623,74.125.130.0-255,4320,229823,34,307491
6384,0.003626,172.31.33.0-255,66,229889,34,307491
6385,0.003649,74.125.130.0-255,2902,232791,34,307491
6386,0.003651,172.31.33.0-255,66,232857,34,307491
6387,0.003655,74.125.130.0-255,2902,235759,34,307491
6388,0.003657,172.31.33.0-255,66,235825,34,307491
6389,0.003674,74.125.130.0-255,4320,240145,34,307491
6390,0.003676,172.31.33.0-255,66,240211,34,307491
6391,0.0037,74.125.130.0-255,6438,246649,34,307491
6392,0.003707,172.31.33.0-255,66,246715,34,307491
6393,0.003841,74.125.130.0-255,1484,248199,34,307491
6394,0.003854,74.125.130.0-255,2902,251101,34,307491
6395,0.003857,172.31.33.0-255,66,251167,34,307491
6396,0.003879,74.125.130.0-255,1484,252651,34,307491
6397,0.003884,74.125.130.0-255,2902,255553,34,307491
6398,0.003886,172.31.33.0-255,66,255619,34,307491
6399,0.003909,74.125.130.0-255,5738,261357,34,307491
6400,0.003912,172.31.33.0-255,66,261423,34,307491
6401,0.003966,172.31.33.0-255,66,261489,34,307491
6402,0.003969,74.125.130.0-255,1484,262973,34,307491
6403,0.003994,74.125.130.0-255,1484,264457,34,307491
6404,0.003997,172.31.33.0-255,66,264523,34,307491
6405,0.004054,172.31.33.0-255,66,264589,34,307491
6406,0.004079,172.31.33.0-255,66,264655,34,307491
6407,0.004098,172.31.33.0-255,66,264721,34,307491
6408,0.004112,172.31.33.0-255,66,264787,34,307491
6409,0.004117,74.125.130.0-255,2184,266971,34,307491
6410,0.004119,172.31.33.0-255,66,267037,34,307491
6411,0.004164,74.125.130.0-255,1484,268521,34,307491
6412,0.004168,74.125.130.0-255,1484,270005,34,307491
6413,0.00417,172.31.33.0-255,66,270071,34,307491
6414,0.004201,74.125.130.0-255,1484,271555,34,307491
6415,0.004208,74.125.130.0-255,5738,277293,34,307491
6416,0.004212,172.31.33.0-255,66,277359,34,307491
6417,0.00422,74.125.130.0-255,5738,283097,34,307491
6418,0.004223,172.31.33.0-255,66,283163,34,307491
6419,0.004245,74.125.130.0-255,4320,287483,34,307491
6420,0.004248,172.31.33.0-255,66,287549,34,307491
6421,0.00427,74.125.130.0-255,2184,289733,34,307491
6422,0.004304,74.125.130.0-255,2902,292635,34,307491
6423,0.00431,74.125.130.0-255,4320,296955,34,307491
6424,0.004317,74.125.130.0-255,5738,302693,34,307491
6425,0.00433,74.125.130.0-255,1484,304177,34,307491
6426,0.004399,74.125.130.0-255,3038,307215,34,307491
6427,0.004443,74.125.130.0-255,105,307320,34,307491
6428,0.007195,172.31.33.0-255,66,307386,34,307491
6429,0.009892,172.31.33.0-255,105,307491,34,307491
6430,0.0,74.125.130.0-255,153,153,34,339389
6431,2.9e-05,172.31.33.0-255,66,219,34,339389
6432,3.8e-05,74.125.130.0-255,1484,1703,34,339389
6433,4.4e-05,172.31.33.0-255,66,1769,34,339389
6434,6e-05,74.125.130.0-255,2902,4671,34,339389
6435,6.5e-05,172.31.33.0-255,66,4737,34,339389
6436,7.3e-05,74.125.130.0-255,5738,10475,34,339389
6437,7.7e-05,172.31.33.0-255,66,10541,34,339389
6438,8.2e-05,74.125.130.0-255,2902,13443,34,339389
6439,8.5e-05,172.31.33.0-255,66,13509,34,339389
6440,0.00016,172.31.33.0-255,66,13575,34,339389
6441,0.000166,74.125.130.0-255,4320,17895,34,339389
6442,0.00017,172.31.33.0-255,66,17961,34,339389
6443,0.000182,74.125.130.0-255,2543,20504,34,339389
6444,0.000185,172.31.33.0-255,66,20570,34,339389
6445,0.000303,74.125.130.0-255,1484,22054,34,339389
6446,0.000307,172.31.33.0-255,66,22120,34,339389
6447,0.000313,74.125.130.0-255,2902,25022,34,339389
6448,0.000317,172.31.33.0-255,66,25088,34,339389
6449,0.000345,74.125.130.0-255,5738,30826,34,339389
6450,0.000354,172.31.33.0-255,66,30892,34,339389
6451,0.000362,74.125.130.0-255,4320,35212,34,339389
6452,0.000365,172.31.33.0-255,66,35278,34,339389
6453,0.000399,74.125.130.0-255,2543,37821,34,339389
6454,0.000402,172.31.33.0-255,66,37887,34,339389
6455,0.000406,74.125.130.0-255,1484,39371,34,339389
6456,0.000408,172.31.33.0-255,66,39437,34,339389
6457,0.000413,74.125.130.0-255,2902,42339,34,339389
6458,0.000417,172.31.33.0-255,66,42405,34,339389
6459,0.000424,74.125.130.0-255,5738,48143,34,339389
6460,0.000426,172.31.33.0-255,66,48209,34,339389
6461,0.000469,74.125.130.0-255,5738,53947,34,339389
6462,0.000473,172.31.33.0-255,66,54013,34,339389
6463,0.000504,74.125.130.0-255,1378,55391,34,339389
6464,0.000526,74.125.130.0-255,119,55510,34,339389
6465,0.000765,74.125.130.0-255,1484,56994,34,339389
6466,0.000772,172.31.33.0-255,66,57060,34,339389
6467,0.00078,74.125.130.0-255,2902,59962,34,339389
6468,0.000796,172.31.33.0-255,66,60028,34,339389
6469,0.000807,74.125.130.0-255,5738,65766,34,339389
6470,0.000812,172.31.33.0-255,66,65832,34,339389
6471,0.000817,74.125.130.0-255,2902,68734,34,339389
6472,0.000823,172.31.33.0-255,66,68800,34,339389
6473,0.000831,74.125.130.0-255,4320,73120,34,339389
6474,0.000834,172.31.33.0-255,66,73186,34,339389
6475,0.000851,172.31.33.0-255,66,73252,34,339389
6476,0.00086,74.125.130.0-255,5738,78990,34,339389
6477,0.000865,172.31.33.0-255,66,79056,34,339389
6478,0.000941,74.125.130.0-255,2184,81240,34,339389
6479,0.000945,172.31.33.0-255,66,81306,34,339389
6480,0.001039,74.125.130.0-255,1484,82790,34,339389
6481,0.001058,74.125.130.0-255,2902,85692,34,339389
6482,0.001063,172.31.33.0-255,66,85758,34,339389
6483,0.001098,74.125.130.0-255,5738,91496,34,339389
6484,0.001103,172.31.33.0-255,66,91562,34,339389
6485,0.001109,74.125.130.0-255,2902,94464,34,339389
6486,0.001111,172.31.33.0-255,66,94530,34,339389
6487,0.001118,74.125.130.0-255,4320,98850,34,339389
6488,0.001122,172.31.33.0-255,66,98916,34,339389
6489,0.001162,74.125.130.0-255,5738,104654,34,339389
6490,0.001166,172.31.33.0-255,66,104720,34,339389
6491,0.001169,74.125.130.0-255,1484,106204,34,339389
6492,0.001208,74.125.130.0-255,5738,111942,34,339389
6493,0.001212,172.31.33.0-255,66,112008,34,339389
6494,0.001219,74.125.130.0-255,3336,115344,34,339389
6495,0.001223,172.31.33.0-255,66,115410,34,339389
6496,0.001237,74.125.130.0-255,4320,119730,34,339389
6497,0.001241,172.31.33.0-255,66,119796,34,339389
6498,0.001245,74.125.130.0-255,1484,121280,34,339389
6499,0.001281,74.125.130.0-255,2902,124182,34,339389
6500,0.001285,172.31.33.0-255,66,124248,34,339389
6501,0.001294,74.125.130.0-255,5738,129986,34,339389
6502,0.001297,172.31.33.0-255,66,130052,34,339389
6503,0.001307,74.125.130.0-255,1484,131536,34,339389
6504,0.001314,74.125.130.0-255,2902,134438,34,339389
6505,0.001317,172.31.33.0-255,66,134504,34,339389
6506,0.001355,74.125.130.0-255,5738,140242,34,339389
6507,0.001359,172.31.33.0-255,66,140308,34,339389
6508,0.001363,74.125.130.0-255,1484,141792,34,339389
6509,0.001369,74.125.130.0-255,2902,144694,34,339389
6510,0.001378,172.31.33.0-255,66,144760,34,339389
6511,0.001412,74.125.130.0-255,5020,149780,34,339389
6512,0.001417,172.31.33.0-255,66,149846,34,339389
6513,0.001711,74.125.130.0-255,1484,151330,34,339389
6514,0.001745,74.125.130.0-255,2902,154232,34,339389
6515,0.001752,172.31.33.0-255,66,154298,34,339389
6516,0.001795,74.125.130.0-255,5738,160036,34,339389
6517,0.001801,172.31.33.0-255,66,160102,34,339389
6518,0.001821,74.125.130.0-255,7156,167258,34,339389
6519,0.001826,172.31.33.0-255,66,167324,34,339389
6520,0.001838,74.125.130.0-255,5738,173062,34,339389
6521,0.001842,172.31.33.0-255,66,173128,34,339389
6522,0.001852,74.125.130.0-255,7156,180284,34,339389
6523,0.001857,172.31.33.0-255,66,180350,34,339389
6524,0.001865,74.125.130.0-255,3602,183952,34,339389
6525,0.001868,172.31.33.0-255,66,184018,34,339389
6526,0.002046,74.125.130.0-255,1484,185502,34,339389
6527,0.002051,74.125.130.0-255,1484,186986,34,339389
6528,0.002063,172.31.33.0-255,66,187052,34,339389
6529,0.002068,74.125.130.0-255,1484,188536,34,339389
6530,0.002076,74.125.130.0-255,4320,192856,34,339389
6531,0.002086,172.31.33.0-255,66,192922,34,339389
6532,0.002127,172.31.33.0-255,66,192988,34,339389
6533,0.002133,74.125.130.0-255,2902,195890,34,339389
6534,0.002136,172.31.33.0-255,66,195956,34,339389
6535,0.002166,172.31.33.0-255,66,196022,34,339389
6536,0.002169,74.125.130.0-255,766,196788,34,339389
6537,0.002503,74.125.130.0-255,1484,198272,34,339389
6538,0.002509,172.31.33.0-255,66,198338,34,339389
6539,0.002515,74.125.130.0-255,2902,201240,34,339389
6540,0.002518,172.31.33.0-255,66,201306,34,339389
6541,0.002526,74.125.130.0-255,1484,202790,34,339389
6542,0.002531,74.125.130.0-255,1484,204274,34,339389
6543,0.002533,172.31.33.0-255,66,204340,34,339389
6544,0.002561,74.125.130.0-255,1484,205824,34,339389
6545,0.002566,74.125.130.0-255,2902,208726,34,339389
6546,0.002577,172.31.33.0-255,66,208792,34,339389
6547,0.002603,74.125.130.0-255,1484,210276,34,339389
6548,0.002638,74.125.130.0-255,1484,211760,34,339389
6549,0.002641,172.31.33.0-255,66,211826,34,339389
6550,0.002646,74.125.130.0-255,2902,214728,34,339389
6551,0.002649,172.31.33.0-255,66,214794,34,339389
6552,0.002663,74.125.130.0-255,5738,220532,34,339389
6553,0.002665,172.31.33.0-255,66,220598,34,339389
6554,0.002672,74.125.130.0-255,4320,224918,34,339389
6555,0.002675,172.31.33.0-255,66,224984,34,339389
6556,0.002678,74.125.130.0-255,1484,226468,34,339389
6557,0.002681,74.125.130.0-255,1484,227952,34,339389
6558,0.002684,172.31.33.0-255,66,228018,34,339389
6559,0.002714,74.125.130.0-255,1484,229502,34,339389
6560,0.002724,74.125.130.0-255,2184,231686,34,339389
6561,0.002727,172.31.33.0-255,66,231752,34,339389
6562,0.002731,74.125.130.0-255,1484,233236,34,339389
6563,0.002758,74.125.130.0-255,1484,234720,34,339389
6564,0.002761,172.31.33.0-255,66,234786,34,339389
6565,0.002769,74.125.130.0-255,7156,241942,34,339389
6566,0.002773,172.31.33.0-255,66,242008,34,339389
6567,0.002781,74.125.130.0-255,1484,243492,34,339389
6568,0.002784,74.125.130.0-255,1484,244976,34,339389
6569,0.002787,172.31.33.0-255,66,245042,34,339389
6570,0.002885,74.125.130.0-255,7156,252198,34,339389
6571,0.002888,74.125.130.0-255,766,252964,34,339389
6572,0.002894,74.125.130.0-255,4320,257284,34,339389
6573,0.002899,74.125.130.0-255,4320,261604,34,339389
6574,0.002915,74.125.130.0-255,1484,263088,34,339389
6575,0.002934,74.125.130.0-255,5738,268826,34,339389
6576,0.002952,74.125.130.0-255,1484,270310,34,339389
6577,0.002955,74.125.130.0-255,1484,271794,34,339389
6578,0.002968,74.125.130.0-255,1484,273278,34,339389
6579,0.002985,74.125.130.0-255,4320,277598,34,339389
6580,0.003011,74.125.130.0-255,4320,281918,34,339389
6581,0.003017,74.125.130.0-255,4320,286238,34,339389
6582,0.00302,74.125.130.0-255,766,287004,34,339389
6583,0.003025,74.125.130.0-255,2902,289906,34,339389
6584,0.003028,74.125.130.0-255,1484,291390,34,339389
6585,0.003063,74.125.130.0-255,5738,297128,34,339389
6586,0.003094,74.125.130.0-255,5738,302866,34,339389
6587,0.00311,74.125.130.0-255,1484,304350,34,339389
6588,0.003118,74.125.130.0-255,7156,311506,34,339389
6589,0.003138,74.125.130.0-255,1484,312990,34,339389
6590,0.003145,74.125.130.0-255,7156,320146,34,339389
6591,0.003148,74.125.130.0-255,766,320912,34,339389
6592,0.003151,74.125.130.0-255,1484,322396,34,339389
6593,0.003177,74.125.130.0-255,4320,326716,34,339389
6594,0.003181,74.125.130.0-255,1484,328200,34,339389
6595,0.003204,74.125.130.0-255,5738,333938,34,339389
6596,0.003235,74.125.130.0-255,2902,336840,34,339389
6597,0.003258,74.125.130.0-255,2347,339187,34,339389
6598,0.003265,74.125.130.0-255,97,339284,34,339389
6599,0.003379,74.125.130.0-255,105,339389,34,339389
6600,0.0,172.217.194.0-255,153,153,34,107704
6601,3.2e-05,172.31.33.0-255,66,219,34,107704
6602,3.9e-05,172.217.194.0-255,1484,1703,34,107704
6603,4.2e-05,172.31.33.0-255,66,1769,34,107704
6604,4.7e-05,172.217.194.0-255,2902,4671,34,107704
6605,4.9e-05,172.31.33.0-255,66,4737,34,107704
6606,9e-05,172.217.194.0-255,5738,10475,34,107704
6607,9.3e-05,172.31.33.0-255,66,10541,34,107704
6608,0.00011,172.217.194.0-255,1484,12025,34,107704
6609,0.000113,172.31.33.0-255,66,12091,34,107704
6610,0.000142,172.217.194.0-255,4320,16411,34,107704
6611,0.000145,172.31.33.0-255,66,16477,34,107704
6612,0.000156,172.217.194.0-255,2128,18605,34,107704
6613,0.000157,172.31.33.0-255,66,18671,34,107704
6614,0.000167,172.217.194.0-255,7156,25827,34,107704
6615,0.000168,172.31.33.0-255,66,25893,34,107704
6616,0.000194,172.217.194.0-255,1484,27377,34,107704
6617,0.000196,172.31.33.0-255,66,27443,34,107704
6618,0.000228,172.31.33.0-255,66,27509,34,107704
6619,0.000258,172.31.33.0-255,66,27575,34,107704
6620,0.000423,172.217.194.0-255,1484,29059,34,107704
6621,0.000426,172.31.33.0-255,66,29125,34,107704
6622,0.000433,172.217.194.0-255,2902,32027,34,107704
6623,0.000434,172.31.33.0-255,66,32093,34,107704
6624,0.000458,172.217.194.0-255,2902,34995,34,107704
6625,0.000462,172.31.33.0-255,66,35061,34,107704
6626,0.000473,172.217.194.0-255,2902,37963,34,107704
6627,0.000475,172.31.33.0-255,66,38029,34,107704
6628,0.00048,172.217.194.0-255,2902,40931,34,107704
6629,0.000481,172.31.33.0-255,66,40997,34,107704
6630,0.000516,172.217.194.0-255,4273,45270,34,107704
6631,0.000521,172.31.33.0-255,66,45336,34,107704
6632,0.001395,172.217.194.0-255,1484,46820,34,107704
6633,0.001405,172.217.194.0-255,2902,49722,34,107704
6634,0.001409,172.31.33.0-255,66,49788,34,107704
6635,0.001414,172.217.194.0-255,1484,51272,34,107704
6636,0.001431,172.217.194.0-255,4320,55592,34,107704
6637,0.001433,172.31.33.0-255,66,55658,34,107704
6638,0.001445,172.217.194.0-255,1484,57142,34,107704
6639,0.001471,172.31.33.0-255,66,57208,34,107704
6640,0.001474,172.217.194.0-255,1484,58692,34,107704
6641,0.00151,172.217.194.0-255,2902,61594,34,107704
6642,0.001512,172.31.33.0-255,66,61660,34,107704
6643,0.001533,172.217.194.0-255,6438,68098,34,107704
6644,0.001535,172.31.33.0-255,66,68164,34,107704
6645,0.002301,172.217.194.0-255,1484,69648,34,107704
6646,0.002315,172.217.194.0-255,2902,72550,34,107704
6647,0.002317,172.31.33.0-255,66,72616,34,107704
6648,0.002333,172.217.194.0-255,2902,75518,34,107704
6649,0.002335,172.31.33.0-255,66,75584,34,107704
6650,0.00235,172.217.194.0-255,2902,78486,34,107704
6651,0.002353,172.31.33.0-255,66,78552,34,107704
6652,0.00236,172.217.194.0-255,7156,85708,34,107704
6653,0.002361,172.31.33.0-255,66,85774,34,107704
6654,0.002364,172.217.194.0-255,1484,87258,34,107704
6655,0.002383,172.217.194.0-255,2902,90160,34,107704
6656,0.002386,172.31.33.0-255,66,90226,34,107704
6657,0.0047,172.217.194.0-255,1484,91710,34,107704
6658,0.004716,172.217.194.0-255,4320,96030,34,107704
6659,0.004719,172.31.33.0-255,66,96096,34,107704
6660,0.00706,172.217.194.0-255,5738,101834,34,107704
6661,0.007068,172.31.33.0-255,66,101900,34,107704
6662,0.009414,172.217.194.0-255,5738,107638,34,107704
6663,0.009424,172.31.33.0-255,66,107704,34,107704
6664,0.0,172.217.194.0-255,150,150,34,175674
6665,1.3e-05,172.31.33.0-255,66,216,34,175674
6666,1.8e-05,172.217.194.0-255,1484,1700,34,175674
6667,2.1e-05,172.31.33.0-255,66,1766,34,175674
6668,4.5e-05,172.217.194.0-255,2902,4668,34,175674
6669,5.2e-05,172.31.33.0-255,66,4734,34,175674
6670,5.6e-05,172.217.194.0-255,2902,7636,34,175674
6671,5.9e-05,172.31.33.0-255,66,7702,34,175674
6672,8.9e-05,172.217.194.0-255,4320,12022,34,175674
6673,9.2e-05,172.31.33.0-255,66,12088,34,175674
6674,9.5e-05,172.217.194.0-255,2049,14137,34,175674
6675,9.8e-05,172.31.33.0-255,66,14203,34,175674
6676,0.000123,172.217.194.0-255,2902,17105,34,175674
6677,0.000125,172.31.33.0-255,66,17171,34,175674
6678,0.00013,172.217.194.0-255,4320,21491,34,175674
6679,0.000132,172.31.33.0-255,66,21557,34,175674
6680,0.000162,172.31.33.0-255,66,21623,34,175674
6681,0.000182,172.217.194.0-255,1125,22748,34,175674
6682,0.000184,172.31.33.0-255,66,22814,34,175674
6683,0.000298,172.217.194.0-255,1484,24298,34,175674
6684,0.000301,172.31.33.0-255,66,24364,34,175674
6685,0.000307,172.217.194.0-255,2902,27266,34,175674
6686,0.00031,172.31.33.0-255,66,27332,34,175674
6687,0.000312,172.217.194.0-255,1484,28816,34,175674
6688,0.000314,172.31.33.0-255,66,28882,34,175674
6689,0.000353,172.217.194.0-255,4320,33202,34,175674
6690,0.000356,172.31.33.0-255,66,33268,34,175674
6691,0.000362,172.217.194.0-255,5738,39006,34,175674
6692,0.000364,172.31.33.0-255,66,39072,34,175674
6693,0.000373,172.217.194.0-255,6797,45869,34,175674
6694,0.000376,172.31.33.0-255,66,45935,34,175674
6695,0.000412,172.31.33.0-255,66,46001,34,175674
6696,0.000441,172.217.194.0-255,119,46120,34,175674
6697,0.000464,172.217.194.0-255,381,46501,34,175674
6698,0.000711,172.217.194.0-255,1484,47985,34,175674
6699,0.000715,172.31.33.0-255,66,48051,34,175674
6700,0.00072,172.217.194.0-255,2902,50953,34,175674
6701,0.000722,172.31.33.0-255,66,51019,34,175674
6702,0.000724,172.217.194.0-255,1484,52503,34,175674
6703,0.000751,172.217.194.0-255,4320,56823,34,175674
6704,0.000753,172.31.33.0-255,66,56889,34,175674
6705,0.000759,172.217.194.0-255,5738,62627,34,175674
6706,0.00076,172.31.33.0-255,66,62693,34,175674
6707,0.000792,172.31.33.0-255,66,62759,34,175674
6708,0.000809,172.217.194.0-255,2902,65661,34,175674
6709,0.000811,172.31.33.0-255,66,65727,34,175674
6710,0.000834,172.217.194.0-255,2184,67911,34,175674
6711,0.000836,172.31.33.0-255,66,67977,34,175674
6712,0.000932,172.217.194.0-255,1484,69461,34,175674
6713,0.000937,172.217.194.0-255,2902,72363,34,175674
6714,0.000939,172.31.33.0-255,66,72429,34,175674
6715,0.000964,172.217.194.0-255,5738,78167,34,175674
6716,0.000966,172.31.33.0-255,66,78233,34,175674
6717,0.000971,172.217.194.0-255,4320,82553,34,175674
6718,0.000973,172.31.33.0-255,66,82619,34,175674
6719,0.001008,172.31.33.0-255,66,82685,34,175674
6720,0.001024,172.31.33.0-255,66,82751,34,175674
6721,0.001793,172.217.194.0-255,1484,84235,34,175674
6722,0.001812,172.217.194.0-255,2902,87137,34,175674
6723,0.001816,172.31.33.0-255,66,87203,34,175674
6724,0.001851,172.217.194.0-255,2902,90105,34,175674
6725,0.001853,172.31.33.0-255,66,90171,34,175674
6726,0.001866,172.217.194.0-255,2902,93073,34,175674
6727,0.001872,172.31.33.0-255,66,93139,34,175674
6728,0.001884,172.31.33.0-255,66,93205,34,175674
6729,0.001895,172.31.33.0-255,66,93271,34,175674
6730,0.001897,172.217.194.0-255,766,94037,34,175674
6731,0.00228,172.217.194.0-255,1484,95521,34,175674
6732,0.002285,172.31.33.0-255,66,95587,34,175674
6733,0.002291,172.217.194.0-255,2902,98489,34,175674
6734,0.002292,172.31.33.0-255,66,98555,34,175674
6735,0.002304,172.217.194.0-255,5738,104293,34,175674
6736,0.002305,172.31.33.0-255,66,104359,34,175674
6737,0.002309,172.217.194.0-255,1484,105843,34,175674
6738,0.002346,172.31.33.0-255,66,105909,34,175674
6739,0.002355,172.31.33.0-255,66,105975,34,175674
6740,0.002363,172.217.194.0-255,2184,108159,34,175674
6741,0.002365,172.31.33.0-255,66,108225,34,175674
6742,0.002395,172.217.194.0-255,2902,111127,34,175674
6743,0.002396,172.31.33.0-255,66,111193,34,175674
6744,0.002399,172.217.194.0-255,1484,112677,34,175674
6745,0.002421,172.217.194.0-255,5738,118415,34,175674
6746,0.002423,172.31.33.0-255,66,118481,34,175674
6747,0.002427,172.217.194.0-255,2902,121383,34,175674
6748,0.002428,172.31.33.0-255,66,121449,34,175674
6749,0.002434,172.217.194.0-255,5738,127187,34,175674
6750,0.002439,172.31.33.0-255,66,127253,34,175674
6751,0.002442,172.217.194.0-255,1484,128737,34,175674
6752,0.002496,172.217.194.0-255,1484,130221,34,175674
6753,0.002498,172.31.33.0-255,66,130287,34,175674
6754,0.002528,172.31.33.0-255,66,130353,34,175674
6755,0.002551,172.217.194.0-255,3602,133955,34,175674
6756,0.002553,172.31.33.0-255,66,134021,34,175674
6757,0.002641,172.217.194.0-255,1484,135505,34,175674
6758,0.002647,172.217.194.0-255,2902,138407,34,175674
6759,0.002649,172.31.33.0-255,66,138473,34,175674
6760,0.002654,172.217.194.0-255,4320,142793,34,175674
6761,0.002657,172.31.33.0-255,66,142859,34,175674
6762,0.002683,172.217.194.0-255,1484,144343,34,175674
6763,0.002696,172.31.33.0-255,66,144409,34,175674
6764,0.002699,172.217.194.0-255,1484,145893,34,175674
6765,0.002715,172.31.33.0-255,66,145959,34,175674
6766,0.002717,172.217.194.0-255,766,146725,34,175674
6767,0.002802,172.217.194.0-255,1484,148209,34,175674
6768,0.002805,172.31.33.0-255,66,148275,34,175674
6769,0.002809,172.217.194.0-255,2902,151177,34,175674
6770,0.002811,172.31.33.0-255,66,151243,34,175674
6771,0.002813,172.217.194.0-255,1484,152727,34,175674
6772,0.002839,172.217.194.0-255,4320,157047,34,175674
6773,0.002841,172.31.33.0-255,66,157113,34,175674
6774,0.002854,172.31.33.0-255,66,157179,34,175674
6775,0.002886,172.31.33.0-255,66,157245,34,175674
6776,0.002897,172.31.33.0-255,66,157311,34,175674
6777,0.002913,172.217.194.0-255,1484,158795,34,175674
6778,0.002917,172.217.194.0-255,2902,161697,34,175674
6779,0.002922,172.31.33.0-255,66,161763,34,175674
6780,0.00296,172.31.33.0-255,66,161829,34,175674
6781,0.003,172.217.194.0-255,5738,167567,34,175674
6782,0.003003,172.31.33.0-255,66,167633,34,175674
6783,0.003038,172.31.33.0-255,66,167699,34,175674
6784,0.003049,172.31.33.0-255,66,167765,34,175674
6785,0.003068,172.31.33.0-255,66,167831,34,175674
6786,0.003097,172.217.194.0-255,1484,169315,34,175674
6787,0.003103,172.217.194.0-255,6017,175332,34,175674
6788,0.003105,172.31.33.0-255,66,175398,34,175674
6789,0.003108,172.217.194.0-255,105,175503,34,175674
6790,0.009033,172.31.33.0-255,66,175569,34,175674
6791,0.009071,172.31.33.0-255,105,175674,34,175674
6792,0.0,172.253.118.0-255,143,143,34,167141
6793,2.7e-05,172.31.33.0-255,66,209,34,167141
6794,3.4e-05,172.253.118.0-255,1484,1693,34,167141
6795,3.8e-05,172.31.33.0-255,66,1759,34,167141
6796,4.1e-05,172.253.118.0-255,1484,3243,34,167141
6797,5e-05,172.31.33.0-255,66,3309,34,167141
6798,8.5e-05,172.253.118.0-255,4320,7629,34,167141
6799,8.8e-05,172.253.118.0-255,1484,9113,34,167141
6800,9e-05,172.31.33.0-255,66,9179,34,167141
6801,9.4e-05,172.31.33.0-255,66,9245,34,167141
6802,0.000121,172.31.33.0-255,66,9311,34,167141
6803,0.000126,172.253.118.0-255,5738,15049,34,167141
6804,0.000128,172.31.33.0-255,66,15115,34,167141
6805,0.000189,172.253.118.0-255,6797,21912,34,167141
6806,0.000193,172.31.33.0-255,66,21978,34,167141
6807,0.000235,172.253.118.0-255,1484,23462,34,167141
6808,0.000238,172.31.33.0-255,66,23528,34,167141
6809,0.000242,172.253.118.0-255,1484,25012,34,167141
6810,0.000245,172.31.33.0-255,66,25078,34,167141
6811,0.000258,172.253.118.0-255,1484,26562,34,167141
6812,0.00026,172.31.33.0-255,66,26628,34,167141
6813,0.00027,172.253.118.0-255,2902,29530,34,167141
6814,0.000274,172.31.33.0-255,66,29596,34,167141
6815,0.00031,172.253.118.0-255,2902,32498,34,167141
6816,0.000314,172.31.33.0-255,66,32564,34,167141
6817,0.000329,172.31.33.0-255,66,32630,34,167141
6818,0.00034,172.31.33.0-255,66,32696,34,167141
6819,0.0004,172.253.118.0-255,130,32826,34,167141
6820,0.000405,172.31.33.0-255,66,32892,34,167141
6821,0.000561,172.253.118.0-255,1484,34376,34,167141
6822,0.000566,172.253.118.0-255,1484,35860,34,167141
6823,0.00057,172.31.33.0-255,66,35926,34,167141
6824,0.0006,172.253.118.0-255,1484,37410,34,167141
6825,0.000608,172.253.118.0-255,5738,43148,34,167141
6826,0.000611,172.31.33.0-255,66,43214,34,167141
6827,0.000625,172.31.33.0-255,66,43280,34,167141
6828,0.000674,172.253.118.0-255,5738,49018,34,167141
6829,0.000677,172.31.33.0-255,66,49084,34,167141
6830,0.000703,172.253.118.0-255,3961,53045,34,167141
6831,0.000706,172.31.33.0-255,66,53111,34,167141
6832,0.00084,172.253.118.0-255,1484,54595,34,167141
6833,0.000856,172.253.118.0-255,2902,57497,34,167141
6834,0.00086,172.31.33.0-255,66,57563,34,167141
6835,0.000867,172.253.118.0-255,5738,63301,34,167141
6836,0.000869,172.31.33.0-255,66,63367,34,167141
6837,0.000896,172.253.118.0-255,1484,64851,34,167141
6838,0.000926,172.31.33.0-255,66,64917,34,167141
6839,0.000933,172.253.118.0-255,5738,70655,34,167141
6840,0.000935,172.31.33.0-255,66,70721,34,167141
6841,0.000961,172.253.118.0-255,5020,75741,34,167141
6842,0.000964,172.31.33.0-255,66,75807,34,167141
6843,0.001141,172.253.118.0-255,1484,77291,34,167141
6844,0.001147,172.253.118.0-255,1484,78775,34,167141
6845,0.001149,172.31.33.0-255,66,78841,34,167141
6846,0.001176,172.253.118.0-255,1484,80325,34,167141
6847,0.00118,172.253.118.0-255,2902,83227,34,167141
6848,0.001183,172.31.33.0-255,66,83293,34,167141
6849,0.001187,172.253.118.0-255,4320,87613,34,167141
6850,0.001189,172.31.33.0-255,66,87679,34,167141
6851,0.001231,172.31.33.0-255,66,87745,34,167141
6852,0.001236,172.253.118.0-255,4320,92065,34,167141
6853,0.001238,172.31.33.0-255,66,92131,34,167141
6854,0.001272,172.253.118.0-255,5738,97869,34,167141
6855,0.001276,172.31.33.0-255,66,97935,34,167141
6856,0.001307,172.31.33.0-255,66,98001,34,167141
6857,0.001308,172.253.118.0-255,5738,103739,34,167141
6858,0.00131,172.253.118.0-255,1484,105223,34,167141
6859,0.00131,172.31.33.0-255,66,105289,34,167141
6860,0.001364,172.31.33.0-255,66,105355,34,167141
6861,0.001368,172.253.118.0-255,1484,106839,34,167141
6862,0.001434,172.31.33.0-255,66,106905,34,167141
6863,0.001458,172.253.118.0-255,1484,108389,34,167141
6864,0.00147,172.31.33.0-255,66,108455,34,167141
6865,0.001498,172.31.33.0-255,66,108521,34,167141
6866,0.001511,172.31.33.0-255,66,108587,34,167141
6867,0.001543,172.31.33.0-255,66,108653,34,167141
6868,0.001549,172.253.118.0-255,5738,114391,34,167141
6869,0.001551,172.31.33.0-255,66,114457,34,167141
6870,0.001585,172.31.33.0-255,66,114523,34,167141
6871,0.001631,172.253.118.0-255,1484,116007,34,167141
6872,0.001637,172.253.118.0-255,2902,118909,34,167141
6873,0.001639,172.31.33.0-255,66,118975,34,167141
6874,0.001644,172.253.118.0-255,2902,121877,34,167141
6875,0.001645,172.31.33.0-255,66,121943,34,167141
6876,0.001665,172.253.118.0-255,2902,124845,34,167141
6877,0.001668,172.31.33.0-255,66,124911,34,167141
6878,0.001679,172.31.33.0-255,66,124977,34,167141
6879,0.001711,172.253.118.0-255,1484,126461,34,167141
6880,0.001723,172.31.33.0-255,66,126527,34,167141
6881,0.001793,172.253.118.0-255,1484,128011,34,167141
6882,0.001806,172.253.118.0-255,1484,129495,34,167141
6883,0.001809,172.31.33.0-255,66,129561,34,167141
6884,0.00182,172.253.118.0-255,1484,131045,34,167141
6885,0.00183,172.253.118.0-255,5738,136783,34,167141
6886,0.001832,172.31.33.0-255,66,136849,34,167141
6887,0.001838,172.253.118.0-255,5738,142587,34,167141
6888,0.001839,172.31.33.0-255,66,142653,34,167141
6889,0.001866,172.31.33.0-255,66,142719,34,167141
6890,0.001894,172.253.118.0-255,4320,147039,34,167141
6891,0.001897,172.31.33.0-255,66,147105,34,167141
6892,0.001902,172.253.118.0-255,5020,152125,34,167141
6893,0.001905,172.31.33.0-255,66,152191,34,167141
6894,0.001943,172.253.118.0-255,4320,156511,34,167141
6895,0.001946,172.31.33.0-255,66,156577,34,167141
6896,0.001951,172.253.118.0-255,5738,162315,34,167141
6897,0.001953,172.31.33.0-255,66,162381,34,167141
6898,0.001986,172.31.33.0-255,66,162447,34,167141
6899,0.001992,172.253.118.0-255,4426,166873,34,167141
6900,0.001994,172.31.33.0-255,66,166939,34,167141
6901,0.002012,172.253.118.0-255,97,167036,34,167141
6902,0.002057,172.253.118.0-255,105,167141,34,167141
6903,0.0,74.125.130.0-255,143,143,34,287021
6904,1.4e-05,172.31.33.0-255,66,209,34,287021
6905,6.5e-05,74.125.130.0-255,1484,1693,34,287021
6906,6.9e-05,172.31.33.0-255,66,1759,34,287021
6907,7.4e-05,74.125.130.0-255,2902,4661,34,287021
6908,7.7e-05,172.31.33.0-255,66,4727,34,287021
6909,7.9e-05,74.125.130.0-255,1484,6211,34,287021
6910,8.2e-05,172.31.33.0-255,66,6277,34,287021
6911,0.000111,74.125.130.0-255,4320,10597,34,287021
6912,0.000117,172.31.33.0-255,66,10663,34,287021
6913,0.000122,74.125.130.0-255,3580,14243,34,287021
6914,0.000124,172.31.33.0-255,66,14309,34,287021
6915,0.000172,74.125.130.0-255,1484,15793,34,287021
6916,0.000174,172.31.33.0-255,66,15859,34,287021
6917,0.000179,74.125.130.0-255,2902,18761,34,287021
6918,0.00018,172.31.33.0-255,66,18827,34,287021
6919,0.000184,74.125.130.0-255,2902,21729,34,287021
6920,0.000186,172.31.33.0-255,66,21795,34,287021
6921,0.000219,74.125.130.0-255,4320,26115,34,287021
6922,0.000221,172.31.33.0-255,66,26181,34,287021
6923,0.000249,172.31.33.0-255,66,26247,34,287021
6924,0.000253,74.125.130.0-255,2902,29149,34,287021
6925,0.000254,172.31.33.0-255,66,29215,34,287021
6926,0.000278,74.125.130.0-255,4320,33535,34,287021
6927,0.00028,172.31.33.0-255,66,33601,34,287021
6928,0.000302,74.125.130.0-255,2902,36503,34,287021
6929,0.000304,172.31.33.0-255,66,36569,34,287021
6930,0.000329,74.125.130.0-255,2543,39112,34,287021
6931,0.000331,172.31.33.0-255,66,39178,34,287021
6932,0.000434,74.125.130.0-255,1484,40662,34,287021
6933,0.000437,172.31.33.0-255,66,40728,34,287021
6934,0.000442,74.125.130.0-255,2902,43630,34,287021
6935,0.000444,172.31.33.0-255,66,43696,34,287021
6936,0.000448,74.125.130.0-255,2902,46598,34,287021
6937,0.00045,172.31.33.0-255,66,46664,34,287021
6938,0.000472,74.125.130.0-255,4320,50984,34,287021
6939,0.000478,172.31.33.0-255,66,51050,34,287021
6940,0.000512,74.125.130.0-255,5657,56707,34,287021
6941,0.000515,172.31.33.0-255,66,56773,34,287021
6942,0.000682,74.125.130.0-255,399,57172,34,287021
6943,0.000785,74.125.130.0-255,1484,58656,34,287021
6944,0.000789,172.31.33.0-255,66,58722,34,287021
6945,0.000793,74.125.130.0-255,2902,61624,34,287021
6946,0.000795,172.31.33.0-255,66,61690,34,287021
6947,0.000798,74.125.130.0-255,1484,63174,34,287021
6948,0.000821,74.125.130.0-255,2902,66076,34,287021
6949,0.000826,74.125.130.0-255,5738,71814,34,287021
6950,0.000853,172.31.33.0-255,66,71880,34,287021
6951,0.000856,172.31.33.0-255,66,71946,34,287021
6952,0.000878,74.125.130.0-255,2543,74489,34,287021
6953,0.00088,172.31.33.0-255,66,74555,34,287021
6954,0.000902,74.125.130.0-255,2902,77457,34,287021
6955,0.000905,74.125.130.0-255,2902,80359,34,287021
6956,0.000908,172.31.33.0-255,66,80425,34,287021
6957,0.000914,172.31.33.0-255,66,80491,34,287021
6958,0.000919,74.125.130.0-255,2902,83393,34,287021
6959,0.000924,172.31.33.0-255,66,83459,34,287021
6960,0.000928,74.125.130.0-255,2902,86361,34,287021
6961,0.000931,172.31.33.0-255,66,86427,34,287021
6962,0.00096,74.125.130.0-255,4320,90747,34,287021
6963,0.000963,74.125.130.0-255,1125,91872,34,287021
6964,0.00097,172.31.33.0-255,66,91938,34,287021
6965,0.002959,74.125.130.0-255,1484,93422,34,287021
6966,0.002967,74.125.130.0-255,2902,96324,34,287021
6967,0.002971,172.31.33.0-255,66,96390,34,287021
6968,0.002976,74.125.130.0-255,2902,99292,34,287021
6969,0.002978,172.31.33.0-255,66,99358,34,287021
6970,0.002981,74.125.130.0-255,1484,100842,34,287021
6971,0.003005,74.125.130.0-255,2902,103744,34,287021
6972,0.003007,172.31.33.0-255,66,103810,34,287021
6973,0.003017,172.31.33.0-255,66,103876,34,287021
6974,0.003047,172.31.33.0-255,66,103942,34,287021
6975,0.003076,74.125.130.0-255,5020,108962,34,287021
6976,0.003078,172.31.33.0-255,66,109028,34,287021
6977,0.003541,74.125.130.0-255,1484,110512,34,287021
6978,0.003544,74.125.130.0-255,1484,111996,34,287021
6979,0.003546,172.31.33.0-255,66,112062,34,287021
6980,0.003571,74.125.130.0-255,1484,113546,34,287021
6981,0.003577,74.125.130.0-255,5738,119284,34,287021
6982,0.003579,172.31.33.0-255,66,119350,34,287021
6983,0.003581,74.125.130.0-255,1484,120834,34,287021
6984,0.003614,172.31.33.0-255,66,120900,34,287021
6985,0.003621,74.125.130.0-255,7156,128056,34,287021
6986,0.003623,172.31.33.0-255,66,128122,34,287021
6987,0.003645,74.125.130.0-255,3602,131724,34,287021
6988,0.003647,172.31.33.0-255,66,131790,34,287021
6989,0.003685,74.125.130.0-255,1484,133274,34,287021
6990,0.003706,74.125.130.0-255,2902,136176,34,287021
6991,0.003709,172.31.33.0-255,66,136242,34,287021
6992,0.003713,74.125.130.0-255,2902,139144,34,287021
6993,0.003717,74.125.130.0-255,4320,143464,34,287021
6994,0.003722,74.125.130.0-255,4320,147784,34,287021
6995,0.003742,74.125.130.0-255,4320,152104,34,287021
6996,0.003756,74.125.130.0-255,2902,155006,34,287021
6997,0.003769,74.125.130.0-255,5738,160744,34,287021
6998,0.003783,74.125.130.0-255,5020,165764,34,287021
6999,0.004372,74.125.130.0-255,1484,167248,34,287021
7000,0.004391,74.125.130.0-255,2902,170150,34,287021
7001,0.004394,74.125.130.0-255,1484,171634,34,287021
7002,0.004415,74.125.130.0-255,4320,175954,34,287021
7003,0.00442,74.125.130.0-255,2902,178856,34,287021
7004,0.004438,74.125.130.0-255,5738,184594,34,287021
7005,0.00445,74.125.130.0-255,2902,187496,34,287021
7006,0.004462,74.125.130.0-255,2902,190398,34,287021
7007,0.004471,74.125.130.0-255,1484,191882,34,287021
7008,0.004493,74.125.130.0-255,2902,194784,34,287021
7009,0.004499,74.125.130.0-255,5020,199804,34,287021
7010,0.005042,74.125.130.0-255,1484,201288,34,287021
7011,0.005055,74.125.130.0-255,2902,204190,34,287021
7012,0.005059,74.125.130.0-255,2902,207092,34,287021
7013,0.005062,74.125.130.0-255,1484,208576,34,287021
7014,0.005076,74.125.130.0-255,2902,211478,34,287021
7015,0.005079,74.125.130.0-255,1484,212962,34,287021
7016,0.005106,74.125.130.0-255,7156,220118,34,287021
7017,0.005176,74.125.130.0-255,3602,223720,34,287021
7018,0.005313,74.125.130.0-255,1484,225204,34,287021
7019,0.005319,74.125.130.0-255,2902,228106,34,287021
7020,0.005334,74.125.130.0-255,1484,229590,34,287021
7021,0.005381,74.125.130.0-255,4320,233910,34,287021
7022,0.005403,74.125.130.0-255,2902,236812,34,287021
7023,0.005416,74.125.130.0-255,2184,238996,34,287021
7024,0.005421,74.125.130.0-255,2902,241898,34,287021
7025,0.005436,74.125.130.0-255,5738,247636,34,287021
7026,0.005452,74.125.130.0-255,1484,249120,34,287021
7027,0.005472,74.125.130.0-255,4320,253440,34,287021
7028,0.00559,74.125.130.0-255,1484,254924,34,287021
7029,0.005611,74.125.130.0-255,1484,256408,34,287021
7030,0.005624,74.125.130.0-255,3602,260010,34,287021
7031,0.005678,74.125.130.0-255,1484,261494,34,287021
7032,0.005694,74.125.130.0-255,2902,264396,34,287021
7033,0.005697,74.125.130.0-255,1484,265880,34,287021
7034,0.005714,74.125.130.0-255,4320,270200,34,287021
7035,0.005716,74.125.130.0-255,1484,271684,34,287021
7036,0.005733,74.125.130.0-255,5738,277422,34,287021
7037,0.005747,74.125.130.0-255,5738,283160,34,287021
7038,0.005769,74.125.130.0-255,3690,286850,34,287021
7039,0.005782,74.125.130.0-255,105,286955,34,287021
7040,0.009507,172.31.33.0-255,66,287021,34,287021
7041,0.0,172.31.33.0-255,105,105,34,342
7042,0.002249,74.125.24.0-255,66,171,34,342
7043,0.00228,74.125.24.0-255,105,276,34,342
7044,0.002284,172.31.33.0-255,66,342,34,342
7045,0.0,74.125.24.0-255,153,153,34,213458
7046,1.8e-05,172.31.33.0-255,66,219,34,213458
7047,2.5e-05,74.125.24.0-255,1484,1703,34,213458
7048,2.9e-05,172.31.33.0-255,66,1769,34,213458
7049,3.5e-05,74.125.24.0-255,2902,4671,34,213458
7050,3.8e-05,172.31.33.0-255,66,4737,34,213458
7051,5.4e-05,74.125.24.0-255,7156,11893,34,213458
7052,5.8e-05,172.31.33.0-255,66,11959,34,213458
7053,6.2e-05,74.125.24.0-255,1995,13954,34,213458
7054,6.5e-05,172.31.33.0-255,66,14020,34,213458
7055,0.000104,74.125.24.0-255,1484,15504,34,213458
7056,0.000108,172.31.33.0-255,66,15570,34,213458
7057,0.000113,74.125.24.0-255,2902,18472,34,213458
7058,0.000115,172.31.33.0-255,66,18538,34,213458
7059,0.000151,74.125.24.0-255,5738,24276,34,213458
7060,0.000154,172.31.33.0-255,66,24342,34,213458
7061,0.000177,74.125.24.0-255,6797,31139,34,213458
7062,0.000181,172.31.33.0-255,66,31205,34,213458
7063,0.000244,74.125.24.0-255,1484,32689,34,213458
7064,0.000247,172.31.33.0-255,66,32755,34,213458
7065,0.000268,74.125.24.0-255,2902,35657,34,213458
7066,0.00027,172.31.33.0-255,66,35723,34,213458
7067,0.000278,74.125.24.0-255,5738,41461,34,213458
7068,0.00028,172.31.33.0-255,66,41527,34,213458
7069,0.000319,172.31.33.0-255,66,41593,34,213458
7070,0.000352,74.125.24.0-255,5379,46972,34,213458
7071,0.000355,172.31.33.0-255,66,47038,34,213458
7072,0.000373,172.31.33.0-255,66,47104,34,213458
7073,0.000376,74.125.24.0-255,1480,48584,34,213458
7074,0.000378,172.31.33.0-255,66,48650,34,213458
7075,0.000399,74.125.24.0-255,332,48982,34,213458
7076,0.000602,74.125.24.0-255,1484,50466,34,213458
7077,0.000606,172.31.33.0-255,66,50532,34,213458
7078,0.000611,74.125.24.0-255,2902,53434,34,213458
7079,0.000613,74.125.24.0-255,1484,54918,34,213458
7080,0.000621,172.31.33.0-255,66,54984,34,213458
7081,0.000654,74.125.24.0-255,4320,59304,34,213458
7082,0.000656,172.31.33.0-255,66,59370,34,213458
7083,0.000661,74.125.24.0-255,4320,63690,34,213458
7084,0.000663,172.31.33.0-255,66,63756,34,213458
7085,0.00068,172.31.33.0-255,66,63822,34,213458
7086,0.00072,172.31.33.0-255,66,63888,34,213458
7087,0.00073,74.125.24.0-255,1484,65372,34,213458
7088,0.000738,74.125.24.0-255,2902,68274,34,213458
7089,0.000743,172.31.33.0-255,66,68340,34,213458
7090,0.000774,74.125.24.0-255,5738,74078,34,213458
7091,0.000779,74.125.24.0-255,4320,78398,34,213458
7092,0.00078,172.31.33.0-255,66,78464,34,213458
7093,0.000797,172.31.33.0-255,66,78530,34,213458
7094,0.000828,172.31.33.0-255,66,78596,34,213458
7095,0.000834,74.125.24.0-255,1484,80080,34,213458
7096,0.00084,74.125.24.0-255,5738,85818,34,213458
7097,0.000842,172.31.33.0-255,66,85884,34,213458
7098,0.000858,74.125.24.0-255,3602,89486,34,213458
7099,0.000864,172.31.33.0-255,66,89552,34,213458
7100,0.001151,74.125.24.0-255,1484,91036,34,213458
7101,0.001176,74.125.24.0-255,2902,93938,34,213458
7102,0.001179,172.31.33.0-255,66,94004,34,213458
7103,0.0012,74.125.24.0-255,4320,98324,34,213458
7104,0.001202,172.31.33.0-255,66,98390,34,213458
7105,0.00122,74.125.24.0-255,7156,105546,34,213458
7106,0.001228,172.31.33.0-255,66,105612,34,213458
7107,0.001256,74.125.24.0-255,1484,107096,34,213458
7108,0.001269,172.31.33.0-255,66,107162,34,213458
7109,0.001295,74.125.24.0-255,2184,109346,34,213458
7110,0.001304,172.31.33.0-255,66,109412,34,213458
7111,0.001339,74.125.24.0-255,1484,110896,34,213458
7112,0.001342,74.125.24.0-255,1484,112380,34,213458
7113,0.001345,172.31.33.0-255,66,112446,34,213458
7114,0.001358,74.125.24.0-255,1484,113930,34,213458
7115,0.001372,74.125.24.0-255,5738,119668,34,213458
7116,0.001375,172.31.33.0-255,66,119734,34,213458
7117,0.001379,74.125.24.0-255,2902,122636,34,213458
7118,0.001381,172.31.33.0-255,66,122702,34,213458
7119,0.001412,74.125.24.0-255,5738,128440,34,213458
7120,0.001421,172.31.33.0-255,66,128506,34,213458
7121,0.001432,172.31.33.0-255,66,128572,34,213458
7122,0.001487,74.125.24.0-255,5020,133592,34,213458
7123,0.00149,172.31.33.0-255,66,133658,34,213458
7124,0.00151,74.125.24.0-255,1484,135142,34,213458
7125,0.001514,74.125.24.0-255,2902,138044,34,213458
7126,0.001516,172.31.33.0-255,66,138110,34,213458
7127,0.001519,74.125.24.0-255,1484,139594,34,213458
7128,0.001546,74.125.24.0-255,4320,143914,34,213458
7129,0.00155,74.125.24.0-255,4320,148234,34,213458
7130,0.001553,74.125.24.0-255,1484,149718,34,213458
7131,0.001555,172.31.33.0-255,66,149784,34,213458
7132,0.001593,172.31.33.0-255,66,149850,34,213458
7133,0.001621,74.125.24.0-255,4320,154170,34,213458
7134,0.001629,172.31.33.0-255,66,154236,34,213458
7135,0.001649,74.125.24.0-255,3602,157838,34,213458
7136,0.001651,172.31.33.0-255,66,157904,34,213458
7137,0.001742,74.125.24.0-255,1484,159388,34,213458
7138,0.001758,74.125.24.0-255,2902,162290,34,213458
7139,0.001763,74.125.24.0-255,4320,166610,34,213458
7140,0.001765,172.31.33.0-255,66,166676,34,213458
7141,0.001771,172.31.33.0-255,66,166742,34,213458
7142,0.001772,74.125.24.0-255,1484,168226,34,213458
7143,0.001806,74.125.24.0-255,7156,175382,34,213458
7144,0.001821,172.31.33.0-255,66,175448,34,213458
7145,0.001823,74.125.24.0-255,5738,181186,34,213458
7146,0.001832,172.31.33.0-255,66,181252,34,213458
7147,0.001855,74.125.24.0-255,4320,185572,34,213458
7148,0.001867,74.125.24.0-255,4320,189892,34,213458
7149,0.001867,172.31.33.0-255,66,189958,34,213458
7150,0.001868,74.125.24.0-255,1484,191442,34,213458
7151,0.001871,172.31.33.0-255,66,191508,34,213458
7152,0.001923,172.31.33.0-255,66,191574,34,213458
7153,0.001977,74.125.24.0-255,5738,197312,34,213458
7154,0.00198,172.31.33.0-255,66,197378,34,213458
7155,0.002008,74.125.24.0-255,6438,203816,34,213458
7156,0.002015,172.31.33.0-255,66,203882,34,213458
7157,0.002052,172.31.33.0-255,66,203948,34,213458
7158,0.002089,172.31.33.0-255,66,204014,34,213458
7159,0.002127,74.125.24.0-255,4320,208334,34,213458
7160,0.002136,172.31.33.0-255,66,208400,34,213458
7161,0.002164,172.31.33.0-255,66,208466,34,213458
7162,0.002198,172.31.33.0-255,66,208532,34,213458
7163,0.002272,74.125.24.0-255,4320,212852,34,213458
7164,0.002277,172.31.33.0-255,66,212918,34,213458
7165,0.002312,172.31.33.0-255,66,212984,34,213458
7166,0.002366,172.31.33.0-255,66,213050,34,213458
7167,0.002394,172.31.33.0-255,66,213116,34,213458
7168,0.002403,74.125.24.0-255,105,213221,34,213458
7169,0.003103,172.31.33.0-255,66,213287,34,213458
7170,0.003126,172.31.33.0-255,105,213392,34,213458
7171,0.005455,74.125.24.0-255,66,213458,34,213458
7172,0.0,74.125.24.0-255,146,146,34,211478
7173,2.6e-05,172.31.33.0-255,66,212,34,211478
7174,3.2e-05,74.125.24.0-255,1484,1696,34,211478
7175,3.6e-05,172.31.33.0-255,66,1762,34,211478
7176,4.2e-05,74.125.24.0-255,2902,4664,34,211478
7177,4.5e-05,172.31.33.0-255,66,4730,34,211478
7178,5.1e-05,74.125.24.0-255,5738,10468,34,211478
7179,5.4e-05,172.31.33.0-255,66,10534,34,211478
7180,0.000103,74.125.24.0-255,3482,14016,34,211478
7181,0.000107,172.31.33.0-255,66,14082,34,211478
7182,0.000131,74.125.24.0-255,4320,18402,34,211478
7183,0.000134,172.31.33.0-255,66,18468,34,211478
7184,0.000169,172.31.33.0-255,66,18534,34,211478
7185,0.000192,74.125.24.0-255,2543,21077,34,211478
7186,0.000196,172.31.33.0-255,66,21143,34,211478
7187,0.000259,74.125.24.0-255,1484,22627,34,211478
7188,0.000263,172.31.33.0-255,66,22693,34,211478
7189,0.000268,74.125.24.0-255,2902,25595,34,211478
7190,0.000273,172.31.33.0-255,66,25661,34,211478
7191,0.000286,74.125.24.0-255,5738,31399,34,211478
7192,0.000289,172.31.33.0-255,66,31465,34,211478
7193,0.000295,74.125.24.0-255,4320,35785,34,211478
7194,0.000298,172.31.33.0-255,66,35851,34,211478
7195,0.000321,74.125.24.0-255,2543,38394,34,211478
7196,0.000326,172.31.33.0-255,66,38460,34,211478
7197,0.000343,172.31.33.0-255,66,38526,34,211478
7198,0.000363,74.125.24.0-255,2856,41382,34,211478
7199,0.000366,172.31.33.0-255,66,41448,34,211478
7200,0.0004,74.125.24.0-255,110,41558,34,211478
7201,0.000404,172.31.33.0-255,66,41624,34,211478
7202,0.000522,74.125.24.0-255,1484,43108,34,211478
7203,0.000529,74.125.24.0-255,2902,46010,34,211478
7204,0.000532,172.31.33.0-255,66,46076,34,211478
7205,0.000539,74.125.24.0-255,5738,51814,34,211478
7206,0.000542,172.31.33.0-255,66,51880,34,211478
7207,0.000547,74.125.24.0-255,4320,56200,34,211478
7208,0.000549,172.31.33.0-255,66,56266,34,211478
7209,0.000573,74.125.24.0-255,5738,62004,34,211478
7210,0.000577,172.31.33.0-255,66,62070,34,211478
7211,0.000604,74.125.24.0-255,6797,68867,34,211478
7212,0.000611,172.31.33.0-255,66,68933,34,211478
7213,0.000619,74.125.24.0-255,7061,75994,34,211478
7214,0.000622,172.31.33.0-255,66,76060,34,211478
7215,0.000816,74.125.24.0-255,1484,77544,34,211478
7216,0.000823,74.125.24.0-255,2902,80446,34,211478
7217,0.000828,172.31.33.0-255,66,80512,34,211478
7218,0.000837,74.125.24.0-255,4320,84832,34,211478
7219,0.00084,172.31.33.0-255,66,84898,34,211478
7220,0.000863,74.125.24.0-255,1484,86382,34,211478
7221,0.000886,172.31.33.0-255,66,86448,34,211478
7222,0.000919,172.31.33.0-255,66,86514,34,211478
7223,0.001077,74.125.24.0-255,1484,87998,34,211478
7224,0.001084,74.125.24.0-255,2902,90900,34,211478
7225,0.001088,172.31.33.0-255,66,90966,34,211478
7226,0.001093,74.125.24.0-255,2902,93868,34,211478
7227,0.001096,172.31.33.0-255,66,93934,34,211478
7228,0.001112,74.125.24.0-255,2902,96836,34,211478
7229,0.001115,74.125.24.0-255,1484,98320,34,211478
7230,0.001117,172.31.33.0-255,66,98386,34,211478
7231,0.001125,172.31.33.0-255,66,98452,34,211478
7232,0.001176,172.31.33.0-255,66,98518,34,211478
7233,0.001199,74.125.24.0-255,3602,102120,34,211478
7234,0.001203,172.31.33.0-255,66,102186,34,211478
7235,0.00124,74.125.24.0-255,1484,103670,34,211478
7236,0.001255,74.125.24.0-255,2902,106572,34,211478
7237,0.00126,172.31.33.0-255,66,106638,34,211478
7238,0.001261,74.125.24.0-255,5738,112376,34,211478
7239,0.001264,172.31.33.0-255,66,112442,34,211478
7240,0.001297,74.125.24.0-255,2902,115344,34,211478
7241,0.001301,172.31.33.0-255,66,115410,34,211478
7242,0.001325,74.125.24.0-255,5738,121148,34,211478
7243,0.001329,172.31.33.0-255,66,121214,34,211478
7244,0.001336,172.31.33.0-255,66,121280,34,211478
7245,0.001366,74.125.24.0-255,5020,126300,34,211478
7246,0.001371,172.31.33.0-255,66,126366,34,211478
7247,0.001391,74.125.24.0-255,5738,132104,34,211478
7248,0.001396,172.31.33.0-255,66,132170,34,211478
7249,0.001419,74.125.24.0-255,4320,136490,34,211478
7250,0.001422,172.31.33.0-255,66,136556,34,211478
7251,0.001443,74.125.24.0-255,2902,139458,34,211478
7252,0.001446,172.31.33.0-255,66,139524,34,211478
7253,0.001456,172.31.33.0-255,66,139590,34,211478
7254,0.001467,172.31.33.0-255,66,139656,34,211478
7255,0.00147,74.125.24.0-255,1484,141140,34,211478
7256,0.001505,172.31.33.0-255,66,141206,34,211478
7257,0.001513,74.125.24.0-255,5738,146944,34,211478
7258,0.001515,172.31.33.0-255,66,147010,34,211478
7259,0.00156,172.31.33.0-255,66,147076,34,211478
7260,0.001566,74.125.24.0-255,4320,151396,34,211478
7261,0.001569,172.31.33.0-255,66,151462,34,211478
7262,0.001588,74.125.24.0-255,5020,156482,34,211478
7263,0.001591,172.31.33.0-255,66,156548,34,211478
7264,0.00164,74.125.24.0-255,1484,158032,34,211478
7265,0.001646,74.125.24.0-255,2902,160934,34,211478
7266,0.001652,172.31.33.0-255,66,161000,34,211478
7267,0.001658,74.125.24.0-255,2902,163902,34,211478
7268,0.001661,172.31.33.0-255,66,163968,34,211478
7269,0.001677,74.125.24.0-255,2902,166870,34,211478
7270,0.00168,172.31.33.0-255,66,166936,34,211478
7271,0.001691,172.31.33.0-255,66,167002,34,211478
7272,0.001721,74.125.24.0-255,4320,171322,34,211478
7273,0.001724,172.31.33.0-255,66,171388,34,211478
7274,0.001736,172.31.33.0-255,66,171454,34,211478
7275,0.001778,74.125.24.0-255,1484,172938,34,211478
7276,0.001784,74.125.24.0-255,2902,175840,34,211478
7277,0.001787,172.31.33.0-255,66,175906,34,211478
7278,0.001809,74.125.24.0-255,5738,181644,34,211478
7279,0.001812,172.31.33.0-255,66,181710,34,211478
7280,0.001815,74.125.24.0-255,1484,183194,34,211478
7281,0.00186,74.125.24.0-255,4320,187514,34,211478
7282,0.001863,172.31.33.0-255,66,187580,34,211478
7283,0.001888,172.31.33.0-255,66,187646,34,211478
7284,0.001898,172.31.33.0-255,66,187712,34,211478
7285,0.001902,74.125.24.0-255,2902,190614,34,211478
7286,0.001905,172.31.33.0-255,66,190680,34,211478
7287,0.001956,74.125.24.0-255,7156,197836,34,211478
7288,0.00196,172.31.33.0-255,66,197902,34,211478
7289,0.001971,172.31.33.0-255,66,197968,34,211478
7290,0.001984,172.31.33.0-255,66,198034,34,211478
7291,0.002006,74.125.24.0-255,2184,200218,34,211478
7292,0.002009,172.31.33.0-255,66,200284,34,211478
7293,0.002015,74.125.24.0-255,5738,206022,34,211478
7294,0.002017,172.31.33.0-255,66,206088,34,211478
7295,0.002047,172.31.33.0-255,66,206154,34,211478
7296,0.002065,74.125.24.0-255,2902,209056,34,211478
7297,0.002068,172.31.33.0-255,66,209122,34,211478
7298,0.002093,74.125.24.0-255,1851,210973,34,211478
7299,0.002096,172.31.33.0-255,66,211039,34,211478
7300,0.002099,74.125.24.0-255,97,211136,34,211478
7301,0.002101,74.125.24.0-255,105,211241,34,211478
7302,0.003721,172.31.33.0-255,66,211307,34,211478
7303,0.003755,172.31.33.0-255,105,211412,34,211478
7304,0.006314,74.125.24.0-255,66,211478,34,211478
7305,0.0,172.217.194.0-255,153,153,34,188243
7306,2.5e-05,172.31.33.0-255,66,219,34,188243
7307,3.2e-05,172.217.194.0-255,1484,1703,34,188243
7308,3.5e-05,172.31.33.0-255,66,1769,34,188243
7309,4e-05,172.217.194.0-255,2902,4671,34,188243
7310,5e-05,172.31.33.0-255,66,4737,34,188243
7311,5.8e-05,172.217.194.0-255,7156,11893,34,188243
7312,6.1e-05,172.31.33.0-255,66,11959,34,188243
7313,6.5e-05,172.217.194.0-255,2022,13981,34,188243
7314,6.7e-05,172.31.33.0-255,66,14047,34,188243
7315,0.000112,172.217.194.0-255,2902,16949,34,188243
7316,0.000116,172.31.33.0-255,66,17015,34,188243
7317,0.000149,172.217.194.0-255,4320,21335,34,188243
7318,0.000153,172.31.33.0-255,66,21401,34,188243
7319,0.00017,172.31.33.0-255,66,21467,34,188243
7320,0.000174,172.217.194.0-255,1125,22592,34,188243
7321,0.000176,172.31.33.0-255,66,22658,34,188243
7322,0.000313,172.217.194.0-255,1484,24142,34,188243
7323,0.000318,172.31.33.0-255,66,24208,34,188243
7324,0.000323,172.217.194.0-255,2902,27110,34,188243
7325,0.000326,172.31.33.0-255,66,27176,34,188243
7326,0.000363,172.217.194.0-255,5738,32914,34,188243
7327,0.000367,172.31.33.0-255,66,32980,34,188243
7328,0.000377,172.31.33.0-255,66,33046,34,188243
7329,0.000411,172.217.194.0-255,5379,38425,34,188243
7330,0.000422,172.31.33.0-255,66,38491,34,188243
7331,0.000426,172.31.33.0-255,66,38557,34,188243
7332,0.00045,172.217.194.0-255,1453,40010,34,188243
7333,0.000458,172.31.33.0-255,66,40076,34,188243
7334,0.000574,172.217.194.0-255,380,40456,34,188243
7335,0.000784,172.31.33.0-255,66,40522,34,188243
7336,0.000939,172.217.194.0-255,1484,42006,34,188243
7337,0.00095,172.217.194.0-255,2902,44908,34,188243
7338,0.000954,172.31.33.0-255,66,44974,34,188243
7339,0.00096,172.217.194.0-255,2902,47876,34,188243
7340,0.000963,172.31.33.0-255,66,47942,34,188243
7341,0.000988,172.217.194.0-255,2902,50844,34,188243
7342,0.000992,172.31.33.0-255,66,50910,34,188243
7343,0.001011,172.31.33.0-255,66,50976,34,188243
7344,0.001053,172.31.33.0-255,66,51042,34,188243
7345,0.002034,172.217.194.0-255,1484,52526,34,188243
7346,0.002041,172.217.194.0-255,2902,55428,34,188243
7347,0.002045,172.31.33.0-255,66,55494,34,188243
7348,0.002049,172.217.194.0-255,1484,56978,34,188243
7349,0.002075,172.217.194.0-255,4320,61298,34,188243
7350,0.002077,172.31.33.0-255,66,61364,34,188243
7351,0.00211,172.31.33.0-255,66,61430,34,188243
7352,0.002138,172.217.194.0-255,4320,65750,34,188243
7353,0.002141,172.31.33.0-255,66,65816,34,188243
7354,0.002151,172.31.33.0-255,66,65882,34,188243
7355,0.002184,172.217.194.0-255,1484,67366,34,188243
7356,0.002199,172.217.194.0-255,2902,70268,34,188243
7357,0.002201,172.31.33.0-255,66,70334,34,188243
7358,0.002205,172.217.194.0-255,2902,73236,34,188243
7359,0.002206,172.31.33.0-255,66,73302,34,188243
7360,0.002235,172.217.194.0-255,2902,76204,34,188243
7361,0.002246,172.31.33.0-255,66,76270,34,188243
7362,0.002249,172.31.33.0-255,66,76336,34,188243
7363,0.002271,172.217.194.0-255,1484,77820,34,188243
7364,0.002281,172.217.194.0-255,7156,84976,34,188243
7365,0.002283,172.31.33.0-255,66,85042,34,188243
7366,0.002308,172.217.194.0-255,3602,88644,34,188243
7367,0.002311,172.31.33.0-255,66,88710,34,188243
7368,0.002397,172.217.194.0-255,1484,90194,34,188243
7369,0.002409,172.217.194.0-255,2902,93096,34,188243
7370,0.002412,172.31.33.0-255,66,93162,34,188243
7371,0.002418,172.217.194.0-255,5738,98900,34,188243
7372,0.00242,172.31.33.0-255,66,98966,34,188243
7373,0.002424,172.217.194.0-255,4320,103286,34,188243
7374,0.002426,172.31.33.0-255,66,103352,34,188243
7375,0.002449,172.217.194.0-255,4320,107672,34,188243
7376,0.002454,172.31.33.0-255,66,107738,34,188243
7377,0.002486,172.31.33.0-255,66,107804,34,188243
7378,0.00249,172.217.194.0-255,2902,110706,34,188243
7379,0.002491,172.31.33.0-255,66,110772,34,188243
7380,0.002513,172.217.194.0-255,3602,114374,34,188243
7381,0.002516,172.31.33.0-255,66,114440,34,188243
7382,0.002696,172.217.194.0-255,1484,115924,34,188243
7383,0.002719,172.217.194.0-255,2902,118826,34,188243
7384,0.002723,172.31.33.0-255,66,118892,34,188243
7385,0.002729,172.217.194.0-255,4320,123212,34,188243
7386,0.002731,172.31.33.0-255,66,123278,34,188243
7387,0.002759,172.217.194.0-255,1484,124762,34,188243
7388,0.002772,172.31.33.0-255,66,124828,34,188243
7389,0.002775,172.217.194.0-255,1484,126312,34,188243
7390,0.002778,172.217.194.0-255,1484,127796,34,188243
7391,0.00278,172.31.33.0-255,66,127862,34,188243
7392,0.002783,172.217.194.0-255,1484,129346,34,188243
7393,0.002813,172.31.33.0-255,66,129412,34,188243
7394,0.00282,172.217.194.0-255,7156,136568,34,188243
7395,0.002822,172.31.33.0-255,66,136634,34,188243
7396,0.002841,172.217.194.0-255,5738,142372,34,188243
7397,0.002863,172.31.33.0-255,66,142438,34,188243
7398,0.002868,172.217.194.0-255,2902,145340,34,188243
7399,0.002871,172.31.33.0-255,66,145406,34,188243
7400,0.002921,172.31.33.0-255,66,145472,34,188243
7401,0.002966,172.217.194.0-255,1484,146956,34,188243
7402,0.002972,172.217.194.0-255,2902,149858,34,188243
7403,0.002975,172.31.33.0-255,66,149924,34,188243
7404,0.002982,172.217.194.0-255,5738,155662,34,188243
7405,0.002984,172.31.33.0-255,66,155728,34,188243
7406,0.002993,172.217.194.0-255,1484,157212,34,188243
7407,0.003046,172.31.33.0-255,66,157278,34,188243
7408,0.003054,172.217.194.0-255,7156,164434,34,188243
7409,0.003057,172.31.33.0-255,66,164500,34,188243
7410,0.003099,172.217.194.0-255,4320,168820,34,188243
7411,0.003103,172.31.33.0-255,66,168886,34,188243
7412,0.003162,172.217.194.0-255,3602,172488,34,188243
7413,0.003205,172.217.194.0-255,6438,178926,34,188243
7414,0.00324,172.217.194.0-255,2902,181828,34,188243
7415,0.003247,172.31.33.0-255,66,181894,34,188243
7416,0.003258,172.31.33.0-255,66,181960,34,188243
7417,0.003262,172.31.33.0-255,66,182026,34,188243
7418,0.003265,172.31.33.0-255,66,182092,34,188243
7419,0.003308,172.217.194.0-255,5479,187571,34,188243
7420,0.003312,172.217.194.0-255,105,187676,34,188243
7421,0.003318,172.31.33.0-255,66,187742,34,188243
7422,0.003334,172.31.33.0-255,66,187808,34,188243
7423,0.003335,172.31.33.0-255,66,187874,34,188243
7424,0.003336,172.31.33.0-255,66,187940,34,188243
7425,0.003337,172.31.33.0-255,66,188006,34,188243
7426,0.005475,172.31.33.0-255,66,188072,34,188243
7427,0.005546,172.31.33.0-255,105,188177,34,188243
7428,0.007837,172.217.194.0-255,66,188243,34,188243
7429,0.0,74.125.200.0-255,156,156,34,326873
7430,2.8e-05,172.31.33.0-255,66,222,34,326873
7431,3.5e-05,74.125.200.0-255,1484,1706,34,326873
7432,3.9e-05,172.31.33.0-255,66,1772,34,326873
7433,5e-05,74.125.200.0-255,2902,4674,34,326873
7434,5.4e-05,172.31.33.0-255,66,4740,34,326873
7435,5.8e-05,74.125.200.0-255,2902,7642,34,326873
7436,6.1e-05,172.31.33.0-255,66,7708,34,326873
7437,9.6e-05,74.125.200.0-255,4320,12028,34,326873
7438,0.0001,172.31.33.0-255,66,12094,34,326873
7439,0.000104,74.125.200.0-255,2011,14105,34,326873
7440,0.000107,172.31.33.0-255,66,14171,34,326873
7441,0.000405,74.125.200.0-255,1484,15655,34,326873
7442,0.00041,172.31.33.0-255,66,15721,34,326873
7443,0.000419,74.125.200.0-255,2902,18623,34,326873
7444,0.000421,172.31.33.0-255,66,18689,34,326873
7445,0.000433,74.125.200.0-255,4320,23009,34,326873
7446,0.000436,172.31.33.0-255,66,23075,34,326873
7447,0.000442,74.125.200.0-255,5738,28813,34,326873
7448,0.000444,172.31.33.0-255,66,28879,34,326873
7449,0.000487,74.125.200.0-255,2543,31422,34,326873
7450,0.000491,172.31.33.0-255,66,31488,34,326873
7451,0.000572,74.125.200.0-255,1484,32972,34,326873
7452,0.000577,172.31.33.0-255,66,33038,34,326873
7453,0.000582,74.125.200.0-255,2902,35940,34,326873
7454,0.000585,172.31.33.0-255,66,36006,34,326873
7455,0.000587,74.125.200.0-255,1484,37490,34,326873
7456,0.000589,172.31.33.0-255,66,37556,34,326873
7457,0.000625,74.125.200.0-255,2902,40458,34,326873
7458,0.00063,172.31.33.0-255,66,40524,34,326873
7459,0.000635,74.125.200.0-255,4320,44844,34,326873
7460,0.000638,172.31.33.0-255,66,44910,34,326873
7461,0.00067,74.125.200.0-255,3961,48871,34,326873
7462,0.000674,172.31.33.0-255,66,48937,34,326873
7463,0.000681,74.125.200.0-255,5738,54675,34,326873
7464,0.000683,172.31.33.0-255,66,54741,34,326873
7465,0.000714,74.125.200.0-255,2902,57643,34,326873
7466,0.000717,172.31.33.0-255,66,57709,34,326873
7467,0.000722,74.125.200.0-255,4320,62029,34,326873
7468,0.000724,172.31.33.0-255,66,62095,34,326873
7469,0.000742,74.125.200.0-255,4273,66368,34,326873
7470,0.000744,172.31.33.0-255,66,66434,34,326873
7471,0.000834,74.125.200.0-255,108,66542,34,326873
7472,0.000849,74.125.200.0-255,332,66874,34,326873
7473,0.001239,74.125.200.0-255,1484,68358,34,326873
7474,0.001245,172.31.33.0-255,66,68424,34,326873
7475,0.00127,74.125.200.0-255,2902,71326,34,326873
7476,0.001272,172.31.33.0-255,66,71392,34,326873
7477,0.001277,74.125.200.0-255,5738,77130,34,326873
7478,0.001279,172.31.33.0-255,66,77196,34,326873
7479,0.001303,74.125.200.0-255,5738,82934,34,326873
7480,0.001305,172.31.33.0-255,66,83000,34,326873
7481,0.001326,74.125.200.0-255,7156,90156,34,326873
7482,0.001328,172.31.33.0-255,66,90222,34,326873
7483,0.00136,172.31.33.0-255,66,90288,34,326873
7484,0.002291,74.125.200.0-255,1484,91772,34,326873
7485,0.002294,74.125.200.0-255,1484,93256,34,326873
7486,0.002296,172.31.33.0-255,66,93322,34,326873
7487,0.002317,74.125.200.0-255,2902,96224,34,326873
7488,0.002319,172.31.33.0-255,66,96290,34,326873
7489,0.002321,74.125.200.0-255,1484,97774,34,326873
7490,0.002323,74.125.200.0-255,1484,99258,34,326873
7491,0.002325,172.31.33.0-255,66,99324,34,326873
7492,0.002353,74.125.200.0-255,2902,102226,34,326873
7493,0.002355,172.31.33.0-255,66,102292,34,326873
7494,0.002385,172.31.33.0-255,66,102358,34,326873
7495,0.002388,74.125.200.0-255,2902,105260,34,326873
7496,0.00239,172.31.33.0-255,66,105326,34,326873
7497,0.002392,74.125.200.0-255,1484,106810,34,326873
7498,0.002395,74.125.200.0-255,1484,108294,34,326873
7499,0.0024,172.31.33.0-255,66,108360,34,326873
7500,0.002404,74.125.200.0-255,4320,112680,34,326873
7501,0.002406,172.31.33.0-255,66,112746,34,326873
7502,0.00241,74.125.200.0-255,2902,115648,34,326873
7503,0.002412,172.31.33.0-255,66,115714,34,326873
7504,0.002438,74.125.200.0-255,766,116480,34,326873
7505,0.00346,74.125.200.0-255,1484,117964,34,326873
7506,0.003464,74.125.200.0-255,1484,119448,34,326873
7507,0.003467,172.31.33.0-255,66,119514,34,326873
7508,0.003494,74.125.200.0-255,1484,120998,34,326873
7509,0.003497,172.31.33.0-255,66,121064,34,326873
7510,0.003503,74.125.200.0-255,4320,125384,34,326873
7511,0.003505,172.31.33.0-255,66,125450,34,326873
7512,0.003513,172.31.33.0-255,66,125516,34,326873
7513,0.003517,74.125.200.0-255,2902,128418,34,326873
7514,0.003519,172.31.33.0-255,66,128484,34,326873
7515,0.003521,74.125.200.0-255,1484,129968,34,326873
7516,0.003525,74.125.200.0-255,2902,132870,34,326873
7517,0.003526,172.31.33.0-255,66,132936,34,326873
7518,0.003529,74.125.200.0-255,1484,134420,34,326873
7519,0.003531,74.125.200.0-255,1484,135904,34,326873
7520,0.003533,172.31.33.0-255,66,135970,34,326873
7521,0.003558,74.125.200.0-255,1484,137454,34,326873
7522,0.003586,74.125.200.0-255,5020,142474,34,326873
7523,0.003589,172.31.33.0-255,66,142540,34,326873
7524,0.004253,74.125.200.0-255,1484,144024,34,326873
7525,0.00426,74.125.200.0-255,2902,146926,34,326873
7526,0.004263,172.31.33.0-255,66,146992,34,326873
7527,0.004268,74.125.200.0-255,2902,149894,34,326873
7528,0.004269,172.31.33.0-255,66,149960,34,326873
7529,0.004304,74.125.200.0-255,4320,154280,34,326873
7530,0.004307,172.31.33.0-255,66,154346,34,326873
7531,0.004315,74.125.200.0-255,7156,161502,34,326873
7532,0.004316,172.31.33.0-255,66,161568,34,326873
7533,0.004335,74.125.200.0-255,1484,163052,34,326873
7534,0.004345,74.125.200.0-255,5738,168790,34,326873
7535,0.004348,172.31.33.0-255,66,168856,34,326873
7536,0.004354,74.125.200.0-255,7156,176012,34,326873
7537,0.004356,172.31.33.0-255,66,176078,34,326873
7538,0.004359,74.125.200.0-255,766,176844,34,326873
7539,0.004496,172.31.33.0-255,66,176910,34,326873
7540,0.004592,74.125.200.0-255,1484,178394,34,326873
7541,0.004611,74.125.200.0-255,2902,181296,34,326873
7542,0.004615,172.31.33.0-255,66,181362,34,326873
7543,0.004621,74.125.200.0-255,5738,187100,34,326873
7544,0.004623,172.31.33.0-255,66,187166,34,326873
7545,0.004626,74.125.200.0-255,1484,188650,34,326873
7546,0.00469,74.125.200.0-255,1484,190134,34,326873
7547,0.004694,172.31.33.0-255,66,190200,34,326873
7548,0.004698,74.125.200.0-255,2902,193102,34,326873
7549,0.0047,172.31.33.0-255,66,193168,34,326873
7550,0.004709,74.125.200.0-255,4320,197488,34,326873
7551,0.004712,172.31.33.0-255,66,197554,34,326873
7552,0.004714,74.125.200.0-255,1484,199038,34,326873
7553,0.004717,74.125.200.0-255,1484,200522,34,326873
7554,0.004719,172.31.33.0-255,66,200588,34,326873
7555,0.004722,74.125.200.0-255,2902,203490,34,326873
7556,0.004724,172.31.33.0-255,66,203556,34,326873
7557,0.004726,74.125.200.0-255,1484,205040,34,326873
7558,0.004728,74.125.200.0-255,1484,206524,34,326873
7559,0.00473,74.125.200.0-255,1484,208008,34,326873
7560,0.004731,172.31.33.0-255,66,208074,34,326873
7561,0.004735,74.125.200.0-255,5020,213094,34,326873
7562,0.004736,172.31.33.0-255,66,213160,34,326873
7563,0.004741,74.125.200.0-255,5738,218898,34,326873
7564,0.004744,172.31.33.0-255,66,218964,34,326873
7565,0.004752,74.125.200.0-255,4320,223284,34,326873
7566,0.004754,172.31.33.0-255,66,223350,34,326873
7567,0.004775,74.125.200.0-255,4320,227670,34,326873
7568,0.004779,172.31.33.0-255,66,227736,34,326873
7569,0.004804,74.125.200.0-255,7156,234892,34,326873
7570,0.004807,172.31.33.0-255,66,234958,34,326873
7571,0.004812,74.125.200.0-255,5738,240696,34,326873
7572,0.004814,172.31.33.0-255,66,240762,34,326873
7573,0.004817,74.125.200.0-255,2902,243664,34,326873
7574,0.004819,172.31.33.0-255,66,243730,34,326873
7575,0.004832,74.125.200.0-255,2184,245914,34,326873
7576,0.004835,172.31.33.0-255,66,245980,34,326873
7577,0.004857,74.125.200.0-255,2902,248882,34,326873
7578,0.00486,172.31.33.0-255,66,248948,34,326873
7579,0.004863,74.125.200.0-255,1484,250432,34,326873
7580,0.00489,74.125.200.0-255,5738,256170,34,326873
7581,0.004894,172.31.33.0-255,66,256236,34,326873
7582,0.004898,74.125.200.0-255,2902,259138,34,326873
7583,0.0049,172.31.33.0-255,66,259204,34,326873
7584,0.004903,74.125.200.0-255,2902,262106,34,326873
7585,0.004905,172.31.33.0-255,66,262172,34,326873
7586,0.004939,172.31.33.0-255,66,262238,34,326873
7587,0.004953,172.31.33.0-255,66,262304,34,326873
7588,0.005074,74.125.200.0-255,1484,263788,34,326873
7589,0.005079,74.125.200.0-255,2902,266690,34,326873
7590,0.005082,172.31.33.0-255,66,266756,34,326873
7591,0.005106,74.125.200.0-255,2902,269658,34,326873
7592,0.005109,172.31.33.0-255,66,269724,34,326873
7593,0.005135,74.125.200.0-255,2902,272626,34,326873
7594,0.005139,74.125.200.0-255,4320,276946,34,326873
7595,0.005139,172.31.33.0-255,66,277012,34,326873
7596,0.005143,172.31.33.0-255,66,277078,34,326873
7597,0.005169,74.125.200.0-255,7156,284234,34,326873
7598,0.005173,172.31.33.0-255,66,284300,34,326873
7599,0.005184,74.125.200.0-255,1484,285784,34,326873
7600,0.005185,172.31.33.0-255,66,285850,34,326873
7601,0.005186,74.125.200.0-255,1484,287334,34,326873
7602,0.005188,172.31.33.0-255,66,287400,34,326873
7603,0.005215,74.125.200.0-255,1484,288884,34,326873
7604,0.005225,74.125.200.0-255,5738,294622,34,326873
7605,0.005227,172.31.33.0-255,66,294688,34,326873
7606,0.00523,74.125.200.0-255,1484,296172,34,326873
7607,0.005261,172.31.33.0-255,66,296238,34,326873
7608,0.005266,74.125.200.0-255,4320,300558,34,326873
7609,0.005268,172.31.33.0-255,66,300624,34,326873
7610,0.005303,74.125.200.0-255,7156,307780,34,326873
7611,0.005307,74.125.200.0-255,3602,311382,34,326873
7612,0.005308,172.31.33.0-255,66,311448,34,326873
7613,0.005311,74.125.200.0-255,4320,315768,34,326873
7614,0.005311,172.31.33.0-255,66,315834,34,326873
7615,0.005313,172.31.33.0-255,66,315900,34,326873
7616,0.005341,172.31.33.0-255,66,315966,34,326873
7617,0.005349,74.125.200.0-255,4320,320286,34,326873
7618,0.005351,172.31.33.0-255,66,320352,34,326873
7619,0.005392,74.125.200.0-255,6012,326364,34,326873
7620,0.005396,172.31.33.0-255,66,326430,34,326873
7621,0.005449,74.125.200.0-255,105,326535,34,326873
7622,0.005719,172.31.33.0-255,101,326636,34,326873
7623,0.006054,172.31.33.0-255,105,326741,34,326873
7624,0.007963,74.125.200.0-255,66,326807,34,326873
7625,0.008288,74.125.200.0-255,66,326873,34,326873
7626,0.0,172.217.194.0-255,152,152,34,165846
7627,3.1e-05,172.31.33.0-255,66,218,34,165846
7628,3.8e-05,172.217.194.0-255,1484,1702,34,165846
7629,4.1e-05,172.31.33.0-255,66,1768,34,165846
7630,4.5e-05,172.217.194.0-255,2902,4670,34,165846
7631,4.7e-05,172.31.33.0-255,66,4736,34,165846
7632,6e-05,172.217.194.0-255,7156,11892,34,165846
7633,6.3e-05,172.31.33.0-255,66,11958,34,165846
7634,0.000108,172.31.33.0-255,66,12024,34,165846
7635,0.000133,172.31.33.0-255,66,12090,34,165846
7636,0.00016,172.217.194.0-255,2543,14633,34,165846
7637,0.000163,172.31.33.0-255,66,14699,34,165846
7638,0.000219,172.217.194.0-255,1484,16183,34,165846
7639,0.000222,172.31.33.0-255,66,16249,34,165846
7640,0.000233,172.217.194.0-255,2902,19151,34,165846
7641,0.00024,172.31.33.0-255,66,19217,34,165846
7642,0.000246,172.217.194.0-255,5738,24955,34,165846
7643,0.000249,172.31.33.0-255,66,25021,34,165846
7644,0.000271,172.217.194.0-255,1484,26505,34,165846
7645,0.000273,172.31.33.0-255,66,26571,34,165846
7646,0.000306,172.31.33.0-255,66,26637,34,165846
7647,0.000317,172.31.33.0-255,66,26703,34,165846
7648,0.000319,172.217.194.0-255,114,26817,34,165846
7649,0.000321,172.31.33.0-255,66,26883,34,165846
7650,0.000358,172.217.194.0-255,385,27268,34,165846
7651,0.000363,172.31.33.0-255,66,27334,34,165846
7652,0.000504,172.217.194.0-255,1484,28818,34,165846
7653,0.000509,172.31.33.0-255,66,28884,34,165846
7654,0.000514,172.217.194.0-255,2902,31786,34,165846
7655,0.000516,172.31.33.0-255,66,31852,34,165846
7656,0.000545,172.217.194.0-255,5738,37590,34,165846
7657,0.000548,172.31.33.0-255,66,37656,34,165846
7658,0.00056,172.31.33.0-255,66,37722,34,165846
7659,0.000575,172.31.33.0-255,66,37788,34,165846
7660,0.000601,172.217.194.0-255,766,38554,34,165846
7661,0.000777,172.217.194.0-255,1484,40038,34,165846
7662,0.00078,172.31.33.0-255,66,40104,34,165846
7663,0.000785,172.217.194.0-255,2902,43006,34,165846
7664,0.000787,172.31.33.0-255,66,43072,34,165846
7665,0.00079,172.217.194.0-255,1484,44556,34,165846
7666,0.000817,172.217.194.0-255,4320,48876,34,165846
7667,0.00082,172.31.33.0-255,66,48942,34,165846
7668,0.000831,172.31.33.0-255,66,49008,34,165846
7669,0.00089,172.31.33.0-255,66,49074,34,165846
7670,0.000906,172.217.194.0-255,2184,51258,34,165846
7671,0.000908,172.31.33.0-255,66,51324,34,165846
7672,0.00092,172.31.33.0-255,66,51390,34,165846
7673,0.000955,172.217.194.0-255,2902,54292,34,165846
7674,0.000958,172.31.33.0-255,66,54358,34,165846
7675,0.000979,172.31.33.0-255,66,54424,34,165846
7676,0.000982,172.217.194.0-255,2184,56608,34,165846
7677,0.000984,172.31.33.0-255,66,56674,34,165846
7678,0.000988,172.217.194.0-255,2902,59576,34,165846
7679,0.00099,172.31.33.0-255,66,59642,34,165846
7680,0.001018,172.217.194.0-255,7156,66798,34,165846
7681,0.001025,172.31.33.0-255,66,66864,34,165846
7682,0.001035,172.31.33.0-255,66,66930,34,165846
7683,0.001081,172.31.33.0-255,66,66996,34,165846
7684,0.001106,172.217.194.0-255,6438,73434,34,165846
7685,0.001109,172.31.33.0-255,66,73500,34,165846
7686,0.001112,172.217.194.0-255,1484,74984,34,165846
7687,0.001115,172.217.194.0-255,2902,77886,34,165846
7688,0.001118,172.31.33.0-255,66,77952,34,165846
7689,0.001137,172.217.194.0-255,5738,83690,34,165846
7690,0.001144,172.31.33.0-255,66,83756,34,165846
7691,0.00118,172.31.33.0-255,66,83822,34,165846
7692,0.001186,172.217.194.0-255,7156,90978,34,165846
7693,0.001188,172.31.33.0-255,66,91044,34,165846
7694,0.001206,172.217.194.0-255,1484,92528,34,165846
7695,0.001227,172.217.194.0-255,2184,94712,34,165846
7696,0.00123,172.31.33.0-255,66,94778,34,165846
7697,0.001364,172.217.194.0-255,1484,96262,34,165846
7698,0.001379,172.217.194.0-255,1484,97746,34,165846
7699,0.001383,172.31.33.0-255,66,97812,34,165846
7700,0.00141,172.217.194.0-255,1484,99296,34,165846
7701,0.001416,172.217.194.0-255,5738,105034,34,165846
7702,0.001419,172.31.33.0-255,66,105100,34,165846
7703,0.001422,172.217.194.0-255,2902,108002,34,165846
7704,0.001424,172.31.33.0-255,66,108068,34,165846
7705,0.001471,172.31.33.0-255,66,108134,34,165846
7706,0.001479,172.31.33.0-255,66,108200,34,165846
7707,0.001488,172.217.194.0-255,2184,110384,34,165846
7708,0.00149,172.31.33.0-255,66,110450,34,165846
7709,0.001507,172.217.194.0-255,2902,113352,34,165846
7710,0.001514,172.31.33.0-255,66,113418,34,165846
7711,0.001519,172.217.194.0-255,4320,117738,34,165846
7712,0.001521,172.31.33.0-255,66,117804,34,165846
7713,0.001546,172.217.194.0-255,2902,120706,34,165846
7714,0.001549,172.31.33.0-255,66,120772,34,165846
7715,0.001555,172.217.194.0-255,7156,127928,34,165846
7716,0.001557,172.31.33.0-255,66,127994,34,165846
7717,0.001563,172.217.194.0-255,7156,135150,34,165846
7718,0.001565,172.31.33.0-255,66,135216,34,165846
7719,0.001604,172.31.33.0-255,66,135282,34,165846
7720,0.001607,172.217.194.0-255,766,136048,34,165846
7721,0.00161,172.217.194.0-255,1484,137532,34,165846
7722,0.001611,172.31.33.0-255,66,137598,34,165846
7723,0.001616,172.217.194.0-255,4320,141918,34,165846
7724,0.001619,172.31.33.0-255,66,141984,34,165846
7725,0.001678,172.31.33.0-255,66,142050,34,165846
7726,0.001685,172.217.194.0-255,7156,149206,34,165846
7727,0.001686,172.31.33.0-255,66,149272,34,165846
7728,0.001691,172.217.194.0-255,4320,153592,34,165846
7729,0.001699,172.31.33.0-255,66,153658,34,165846
7730,0.001731,172.217.194.0-255,6438,160096,34,165846
7731,0.001735,172.31.33.0-255,66,160162,34,165846
7732,0.001745,172.31.33.0-255,66,160228,34,165846
7733,0.001754,172.31.33.0-255,66,160294,34,165846
7734,0.001785,172.217.194.0-255,1484,161778,34,165846
7735,0.001811,172.31.33.0-255,66,161844,34,165846
7736,0.001844,172.217.194.0-255,3602,165446,34,165846
7737,0.001848,172.31.33.0-255,66,165512,34,165846
7738,0.001866,172.31.33.0-255,66,165578,34,165846
7739,0.001876,172.31.33.0-255,66,165644,34,165846
7740,0.001879,172.217.194.0-255,97,165741,34,165846
7741,0.001904,172.217.194.0-255,105,165846,34,165846
7742,0.0,74.125.24.0-255,146,146,34,274683
7743,1.7e-05,172.31.33.0-255,66,212,34,274683
7744,2.4e-05,74.125.24.0-255,1484,1696,34,274683
7745,2.8e-05,172.31.33.0-255,66,1762,34,274683
7746,3.3e-05,74.125.24.0-255,2902,4664,34,274683
7747,3.5e-05,172.31.33.0-255,66,4730,34,274683
7748,4.9e-05,74.125.24.0-255,7156,11886,34,274683
7749,5.2e-05,172.31.33.0-255,66,11952,34,274683
7750,5.6e-05,74.125.24.0-255,1992,13944,34,274683
7751,5.9e-05,172.31.33.0-255,66,14010,34,274683
7752,0.000179,74.125.24.0-255,1484,15494,34,274683
7753,0.000183,172.31.33.0-255,66,15560,34,274683
7754,0.000186,74.125.24.0-255,1484,17044,34,274683
7755,0.000188,172.31.33.0-255,66,17110,34,274683
7756,0.000213,74.125.24.0-255,1484,18594,34,274683
7757,0.000216,172.31.33.0-255,66,18660,34,274683
7758,0.000221,74.125.24.0-255,4320,22980,34,274683
7759,0.000223,172.31.33.0-255,66,23046,34,274683
7760,0.00026,74.125.24.0-255,7156,30202,34,274683
7761,0.000262,172.31.33.0-255,66,30268,34,274683
7762,0.000292,74.125.24.0-255,2543,32811,34,274683
7763,0.000294,172.31.33.0-255,66,32877,34,274683
7764,0.0003,74.125.24.0-255,5738,38615,34,274683
7765,0.000302,172.31.33.0-255,66,38681,34,274683
7766,0.000328,74.125.24.0-255,5738,44419,34,274683
7767,0.000331,172.31.33.0-255,66,44485,34,274683
7768,0.000355,74.125.24.0-255,3961,48446,34,274683
7769,0.000357,172.31.33.0-255,66,48512,34,274683
7770,0.000363,74.125.24.0-255,5738,54250,34,274683
7771,0.000365,172.31.33.0-255,66,54316,34,274683
7772,0.000381,74.125.24.0-255,4320,58636,34,274683
7773,0.000386,172.31.33.0-255,66,58702,34,274683
7774,0.000393,74.125.24.0-255,6797,65499,34,274683
7775,0.000395,172.31.33.0-255,66,65565,34,274683
7776,0.000397,74.125.24.0-255,445,66010,34,274683
7777,0.000526,74.125.24.0-255,1484,67494,34,274683
7778,0.00053,172.31.33.0-255,66,67560,34,274683
7779,0.000535,74.125.24.0-255,2902,70462,34,274683
7780,0.000538,172.31.33.0-255,66,70528,34,274683
7781,0.000563,74.125.24.0-255,5738,76266,34,274683
7782,0.000569,172.31.33.0-255,66,76332,34,274683
7783,0.000574,74.125.24.0-255,2902,79234,34,274683
7784,0.000576,172.31.33.0-255,66,79300,34,274683
7785,0.000608,74.125.24.0-255,3961,83261,34,274683
7786,0.000612,172.31.33.0-255,66,83327,34,274683
7787,0.000614,74.125.24.0-255,328,83655,34,274683
7788,0.000719,74.125.24.0-255,1484,85139,34,274683
7789,0.000723,172.31.33.0-255,66,85205,34,274683
7790,0.000728,74.125.24.0-255,2902,88107,34,274683
7791,0.000731,172.31.33.0-255,66,88173,34,274683
7792,0.000753,74.125.24.0-255,1484,89657,34,274683
7793,0.000773,74.125.24.0-255,4320,93977,34,274683
7794,0.000776,172.31.33.0-255,66,94043,34,274683
7795,0.000788,74.125.24.0-255,6797,100840,34,274683
7796,0.00079,172.31.33.0-255,66,100906,34,274683
7797,0.001056,74.125.24.0-255,1484,102390,34,274683
7798,0.001062,74.125.24.0-255,1484,103874,34,274683
7799,0.001065,172.31.33.0-255,66,103940,34,274683
7800,0.001092,74.125.24.0-255,1484,105424,34,274683
7801,0.001097,74.125.24.0-255,2902,108326,34,274683
7802,0.0011,172.31.33.0-255,66,108392,34,274683
7803,0.001108,74.125.24.0-255,7156,115548,34,274683
7804,0.001111,172.31.33.0-255,66,115614,34,274683
7805,0.001142,74.125.24.0-255,5738,121352,34,274683
7806,0.001145,172.31.33.0-255,66,121418,34,274683
7807,0.001175,74.125.24.0-255,7156,128574,34,274683
7808,0.001178,172.31.33.0-255,66,128640,34,274683
7809,0.001201,74.125.24.0-255,6438,135078,34,274683
7810,0.001204,172.31.33.0-255,66,135144,34,274683
7811,0.001414,74.125.24.0-255,1484,136628,34,274683
7812,0.001433,74.125.24.0-255,2902,139530,34,274683
7813,0.001436,172.31.33.0-255,66,139596,34,274683
7814,0.001443,74.125.24.0-255,5738,145334,34,274683
7815,0.001445,172.31.33.0-255,66,145400,34,274683
7816,0.001448,74.125.24.0-255,1484,146884,34,274683
7817,0.001483,172.31.33.0-255,66,146950,34,274683
7818,0.001514,172.31.33.0-255,66,147016,34,274683
7819,0.002852,74.125.24.0-255,1484,148500,34,274683
7820,0.002862,74.125.24.0-255,2902,151402,34,274683
7821,0.002868,172.31.33.0-255,66,151468,34,274683
7822,0.002877,74.125.24.0-255,5738,157206,34,274683
7823,0.002879,172.31.33.0-255,66,157272,34,274683
7824,0.002886,74.125.24.0-255,1484,158756,34,274683
7825,0.002897,172.31.33.0-255,66,158822,34,274683
7826,0.002933,74.125.24.0-255,4320,163142,34,274683
7827,0.002936,172.31.33.0-255,66,163208,34,274683
7828,0.002945,172.31.33.0-255,66,163274,34,274683
7829,0.003068,74.125.24.0-255,1484,164758,34,274683
7830,0.003083,74.125.24.0-255,2902,167660,34,274683
7831,0.003086,172.31.33.0-255,66,167726,34,274683
7832,0.003118,74.125.24.0-255,5738,173464,34,274683
7833,0.00312,172.31.33.0-255,66,173530,34,274683
7834,0.003124,74.125.24.0-255,4320,177850,34,274683
7835,0.003126,172.31.33.0-255,66,177916,34,274683
7836,0.003165,172.31.33.0-255,66,177982,34,274683
7837,0.00319,172.31.33.0-255,66,178048,34,274683
7838,0.003212,74.125.24.0-255,766,178814,34,274683
7839,0.003318,74.125.24.0-255,1484,180298,34,274683
7840,0.003322,172.31.33.0-255,66,180364,34,274683
7841,0.003325,74.125.24.0-255,1484,181848,34,274683
7842,0.003346,74.125.24.0-255,1484,183332,34,274683
7843,0.003348,172.31.33.0-255,66,183398,34,274683
7844,0.003351,74.125.24.0-255,1484,184882,34,274683
7845,0.003356,74.125.24.0-255,5738,190620,34,274683
7846,0.003362,172.31.33.0-255,66,190686,34,274683
7847,0.003387,74.125.24.0-255,7156,197842,34,274683
7848,0.003389,172.31.33.0-255,66,197908,34,274683
7849,0.003395,74.125.24.0-255,5738,203646,34,274683
7850,0.003397,172.31.33.0-255,66,203712,34,274683
7851,0.003427,74.125.24.0-255,2902,206614,34,274683
7852,0.003429,172.31.33.0-255,66,206680,34,274683
7853,0.003433,74.125.24.0-255,2902,209582,34,274683
7854,0.003435,172.31.33.0-255,66,209648,34,274683
7855,0.003437,74.125.24.0-255,1484,211132,34,274683
7856,0.003458,74.125.24.0-255,2184,213316,34,274683
7857,0.003463,172.31.33.0-255,66,213382,34,274683
7858,0.003468,74.125.24.0-255,4320,217702,34,274683
7859,0.003469,172.31.33.0-255,66,217768,34,274683
7860,0.003498,74.125.24.0-255,4320,222088,34,274683
7861,0.0035,172.31.33.0-255,66,222154,34,274683
7862,0.003527,74.125.24.0-255,5738,227892,34,274683
7863,0.003529,172.31.33.0-255,66,227958,34,274683
7864,0.003533,74.125.24.0-255,2902,230860,34,274683
7865,0.003534,172.31.33.0-255,66,230926,34,274683
7866,0.00355,172.31.33.0-255,66,230992,34,274683
7867,0.003554,74.125.24.0-255,2184,233176,34,274683
7868,0.003556,172.31.33.0-255,66,233242,34,274683
7869,0.003601,74.125.24.0-255,7156,240398,34,274683
7870,0.003603,172.31.33.0-255,66,240464,34,274683
7871,0.003638,172.31.33.0-255,66,240530,34,274683
7872,0.003657,172.31.33.0-255,66,240596,34,274683
7873,0.003659,74.125.24.0-255,766,241362,34,274683
7874,0.003663,74.125.24.0-255,1484,242846,34,274683
7875,0.003665,172.31.33.0-255,66,242912,34,274683
7876,0.003669,74.125.24.0-255,2902,245814,34,274683
7877,0.003671,172.31.33.0-255,66,245880,34,274683
7878,0.003703,74.125.24.0-255,1484,247364,34,274683
7879,0.003715,172.31.33.0-255,66,247430,34,274683
7880,0.003722,74.125.24.0-255,7156,254586,34,274683
7881,0.003724,172.31.33.0-255,66,254652,34,274683
7882,0.003732,74.125.24.0-255,2902,257554,34,274683
7883,0.003734,172.31.33.0-255,66,257620,34,274683
7884,0.003736,74.125.24.0-255,1484,259104,34,274683
7885,0.003742,74.125.24.0-255,4320,263424,34,274683
7886,0.003744,172.31.33.0-255,66,263490,34,274683
7887,0.003747,74.125.24.0-255,2184,265674,34,274683
7888,0.00375,172.31.33.0-255,66,265740,34,274683
7889,0.003806,74.125.24.0-255,7156,272896,34,274683
7890,0.003809,172.31.33.0-255,66,272962,34,274683
7891,0.003828,74.125.24.0-255,1484,274446,34,274683
7892,0.00384,172.31.33.0-255,66,274512,34,274683
7893,0.003882,172.31.33.0-255,66,274578,34,274683
7894,0.003905,74.125.24.0-255,105,274683,34,274683
7895,0.0,172.217.194.0-255,153,153,34,161693
7896,3.3e-05,172.31.33.0-255,66,219,34,161693
7897,4.1e-05,172.217.194.0-255,1484,1703,34,161693
7898,4.6e-05,172.31.33.0-255,66,1769,34,161693
7899,5e-05,172.217.194.0-255,2902,4671,34,161693
7900,5.3e-05,172.31.33.0-255,66,4737,34,161693
7901,5.8e-05,172.217.194.0-255,4320,9057,34,161693
7902,6e-05,172.31.33.0-255,66,9123,34,161693
7903,0.000111,172.31.33.0-255,66,9189,34,161693
7904,0.000123,172.31.33.0-255,66,9255,34,161693
7905,0.000143,172.217.194.0-255,4320,13575,34,161693
7906,0.000146,172.31.33.0-255,66,13641,34,161693
7907,0.000183,172.31.33.0-255,66,13707,34,161693
7908,0.000187,172.217.194.0-255,3602,17309,34,161693
7909,0.000191,172.31.33.0-255,66,17375,34,161693
7910,0.000224,172.217.194.0-255,4320,21695,34,161693
7911,0.000228,172.31.33.0-255,66,21761,34,161693
7912,0.000249,172.217.194.0-255,7156,28917,34,161693
7913,0.000252,172.31.33.0-255,66,28983,34,161693
7914,0.000291,172.217.194.0-255,2902,31885,34,161693
7915,0.000295,172.31.33.0-255,66,31951,34,161693
7916,0.000313,172.217.194.0-255,2543,34494,34,161693
7917,0.000318,172.31.33.0-255,66,34560,34,161693
7918,0.000384,172.217.194.0-255,645,35205,34,161693
7919,0.00039,172.31.33.0-255,66,35271,34,161693
7920,0.000408,172.217.194.0-255,1484,36755,34,161693
7921,0.000411,172.31.33.0-255,66,36821,34,161693
7922,0.000432,172.217.194.0-255,4320,41141,34,161693
7923,0.000436,172.31.33.0-255,66,41207,34,161693
7924,0.000439,172.217.194.0-255,1484,42691,34,161693
7925,0.00047,172.31.33.0-255,66,42757,34,161693
7926,0.000476,172.217.194.0-255,2902,45659,34,161693
7927,0.000478,172.31.33.0-255,66,45725,34,161693
7928,0.000504,172.217.194.0-255,4320,50045,34,161693
7929,0.000507,172.31.33.0-255,66,50111,34,161693
7930,0.000518,172.31.33.0-255,66,50177,34,161693
7931,0.00054,172.217.194.0-255,2184,52361,34,161693
7932,0.000543,172.31.33.0-255,66,52427,34,161693
7933,0.001469,172.217.194.0-255,1484,53911,34,161693
7934,0.00148,172.217.194.0-255,2902,56813,34,161693
7935,0.001485,172.31.33.0-255,66,56879,34,161693
7936,0.001493,172.217.194.0-255,5738,62617,34,161693
7937,0.001495,172.31.33.0-255,66,62683,34,161693
7938,0.001517,172.217.194.0-255,5738,68421,34,161693
7939,0.00152,172.31.33.0-255,66,68487,34,161693
7940,0.001543,172.217.194.0-255,7156,75643,34,161693
7941,0.001546,172.31.33.0-255,66,75709,34,161693
7942,0.001559,172.31.33.0-255,66,75775,34,161693
7943,0.001611,172.217.194.0-255,1484,77259,34,161693
7944,0.001616,172.217.194.0-255,2902,80161,34,161693
7945,0.001619,172.31.33.0-255,66,80227,34,161693
7946,0.001642,172.217.194.0-255,5738,85965,34,161693
7947,0.001645,172.31.33.0-255,66,86031,34,161693
7948,0.001688,172.31.33.0-255,66,86097,34,161693
7949,0.001708,172.217.194.0-255,2902,88999,34,161693
7950,0.001712,172.31.33.0-255,66,89065,34,161693
7951,0.001725,172.31.33.0-255,66,89131,34,161693
7952,0.001762,172.217.194.0-255,4320,93451,34,161693
7953,0.001764,172.31.33.0-255,66,93517,34,161693
7954,0.001795,172.31.33.0-255,66,93583,34,161693
7955,0.001817,172.217.194.0-255,1484,95067,34,161693
7956,0.001832,172.217.194.0-255,5738,100805,34,161693
7957,0.001834,172.31.33.0-255,66,100871,34,161693
7958,0.001861,172.31.33.0-255,66,100937,34,161693
7959,0.001864,172.217.194.0-255,1484,102421,34,161693
7960,0.001881,172.217.194.0-255,7156,109577,34,161693
7961,0.001882,172.31.33.0-255,66,109643,34,161693
7962,0.001899,172.217.194.0-255,4320,113963,34,161693
7963,0.001902,172.31.33.0-255,66,114029,34,161693
7964,0.001913,172.31.33.0-255,66,114095,34,161693
7965,0.001924,172.217.194.0-255,1484,115579,34,161693
7966,0.001936,172.217.194.0-255,1484,117063,34,161693
7967,0.001938,172.31.33.0-255,66,117129,34,161693
7968,0.001954,172.217.194.0-255,1484,118613,34,161693
7969,0.001969,172.217.194.0-255,5020,123633,34,161693
7970,0.001971,172.31.33.0-255,66,123699,34,161693
7971,0.002024,172.217.194.0-255,1484,125183,34,161693
7972,0.002037,172.217.194.0-255,2902,128085,34,161693
7973,0.002039,172.31.33.0-255,66,128151,34,161693
7974,0.002052,172.217.194.0-255,2902,131053,34,161693
7975,0.002054,172.31.33.0-255,66,131119,34,161693
7976,0.002068,172.217.194.0-255,2902,134021,34,161693
7977,0.00207,172.31.33.0-255,66,134087,34,161693
7978,0.002072,172.217.194.0-255,1484,135571,34,161693
7979,0.002111,172.217.194.0-255,4320,139891,34,161693
7980,0.00214,172.217.194.0-255,4320,144211,34,161693
7981,0.002206,172.217.194.0-255,4320,148531,34,161693
7982,0.002293,172.217.194.0-255,7156,155687,34,161693
7983,0.002321,172.217.194.0-255,5738,161425,34,161693
7984,0.002372,172.217.194.0-255,97,161522,34,161693
7985,0.002374,172.217.194.0-255,105,161627,34,161693
7986,0.009026,172.31.33.0-255,66,161693,34,161693
7987,0.0,74.125.24.0-255,340,340,34,160280
7988,2.6e-05,172.31.33.0-255,66,406,34,160280
7989,3.3e-05,74.125.24.0-255,1484,1890,34,160280
7990,3.8e-05,172.31.33.0-255,66,1956,34,160280
7991,4.5e-05,74.125.24.0-255,4320,6276,34,160280
7992,5.6e-05,172.31.33.0-255,66,6342,34,160280
7993,6.8e-05,172.31.33.0-255,66,6408,34,160280
7994,0.000129,74.125.24.0-255,1484,7892,34,160280
7995,0.000133,172.31.33.0-255,66,7958,34,160280
7996,0.000139,74.125.24.0-255,2902,10860,34,160280
7997,0.000141,172.31.33.0-255,66,10926,34,160280
7998,0.000177,74.125.24.0-255,5738,16664,34,160280
7999,0.00018,172.31.33.0-255,66,16730,34,160280
8000,0.000219,172.31.33.0-255,66,16796,34,160280
8001,0.000235,172.31.33.0-255,66,16862,34,160280
8002,0.00026,74.125.24.0-255,3961,20823,34,160280
8003,0.000262,172.31.33.0-255,66,20889,34,160280
8004,0.001532,74.125.24.0-255,1484,22373,34,160280
8005,0.001541,172.31.33.0-255,66,22439,34,160280
8006,0.001552,74.125.24.0-255,2902,25341,34,160280
8007,0.001559,172.31.33.0-255,66,25407,34,160280
8008,0.001566,74.125.24.0-255,5738,31145,34,160280
8009,0.001569,172.31.33.0-255,66,31211,34,160280
8010,0.001577,74.125.24.0-255,6797,38008,34,160280
8011,0.00158,172.31.33.0-255,66,38074,34,160280
8012,0.001623,172.31.33.0-255,66,38140,34,160280
8013,0.001636,172.31.33.0-255,66,38206,34,160280
8014,0.001664,74.125.24.0-255,1484,39690,34,160280
8015,0.001673,74.125.24.0-255,6438,46128,34,160280
8016,0.001676,172.31.33.0-255,66,46194,34,160280
8017,0.001722,74.125.24.0-255,1484,47678,34,160280
8018,0.001726,74.125.24.0-255,2902,50580,34,160280
8019,0.001729,172.31.33.0-255,66,50646,34,160280
8020,0.001753,74.125.24.0-255,2902,53548,34,160280
8021,0.001755,172.31.33.0-255,66,53614,34,160280
8022,0.001777,74.125.24.0-255,2902,56516,34,160280
8023,0.00178,172.31.33.0-255,66,56582,34,160280
8024,0.001784,74.125.24.0-255,2902,59484,34,160280
8025,0.001787,172.31.33.0-255,66,59550,34,160280
8026,0.001812,74.125.24.0-255,3849,63399,34,160280
8027,0.00182,172.31.33.0-255,66,63465,34,160280
8028,0.001882,74.125.24.0-255,1484,64949,34,160280
8029,0.001887,74.125.24.0-255,2902,67851,34,160280
8030,0.00189,172.31.33.0-255,66,67917,34,160280
8031,0.001897,74.125.24.0-255,5738,73655,34,160280
8032,0.001899,172.31.33.0-255,66,73721,34,160280
8033,0.001907,74.125.24.0-255,2902,76623,34,160280
8034,0.00191,172.31.33.0-255,66,76689,34,160280
8035,0.001915,74.125.24.0-255,4082,80771,34,160280
8036,0.001918,172.31.33.0-255,66,80837,34,160280
8037,0.002079,74.125.24.0-255,1484,82321,34,160280
8038,0.0021,74.125.24.0-255,2902,85223,34,160280
8039,0.002104,172.31.33.0-255,66,85289,34,160280
8040,0.002128,74.125.24.0-255,5738,91027,34,160280
8041,0.002131,172.31.33.0-255,66,91093,34,160280
8042,0.00217,74.125.24.0-255,4320,95413,34,160280
8043,0.002172,172.31.33.0-255,66,95479,34,160280
8044,0.002198,74.125.24.0-255,2902,98381,34,160280
8045,0.002205,172.31.33.0-255,66,98447,34,160280
8046,0.002234,172.31.33.0-255,66,98513,34,160280
8047,0.002238,74.125.24.0-255,2184,100697,34,160280
8048,0.002241,172.31.33.0-255,66,100763,34,160280
8049,0.002806,74.125.24.0-255,1484,102247,34,160280
8050,0.002813,74.125.24.0-255,2902,105149,34,160280
8051,0.002817,172.31.33.0-255,66,105215,34,160280
8052,0.002824,74.125.24.0-255,5738,110953,34,160280
8053,0.002827,172.31.33.0-255,66,111019,34,160280
8054,0.002839,74.125.24.0-255,7156,118175,34,160280
8055,0.002841,172.31.33.0-255,66,118241,34,160280
8056,0.002886,172.31.33.0-255,66,118307,34,160280
8057,0.002896,172.31.33.0-255,66,118373,34,160280
8058,0.002907,172.31.33.0-255,66,118439,34,160280
8059,0.002947,172.31.33.0-255,66,118505,34,160280
8060,0.002949,74.125.24.0-255,766,119271,34,160280
8061,0.00298,74.125.24.0-255,1484,120755,34,160280
8062,0.002983,172.31.33.0-255,66,120821,34,160280
8063,0.002988,74.125.24.0-255,2902,123723,34,160280
8064,0.00299,172.31.33.0-255,66,123789,34,160280
8065,0.002993,74.125.24.0-255,1484,125273,34,160280
8066,0.003016,74.125.24.0-255,4320,129593,34,160280
8067,0.003019,172.31.33.0-255,66,129659,34,160280
8068,0.00304,172.31.33.0-255,66,129725,34,160280
8069,0.003069,74.125.24.0-255,2902,132627,34,160280
8070,0.003071,172.31.33.0-255,66,132693,34,160280
8071,0.003085,172.31.33.0-255,66,132759,34,160280
8072,0.00309,74.125.24.0-255,2902,135661,34,160280
8073,0.003092,172.31.33.0-255,66,135727,34,160280
8074,0.003114,172.31.33.0-255,66,135793,34,160280
8075,0.003126,172.31.33.0-255,66,135859,34,160280
8076,0.003128,74.125.24.0-255,1484,137343,34,160280
8077,0.00316,74.125.24.0-255,5738,143081,34,160280
8078,0.003162,172.31.33.0-255,66,143147,34,160280
8079,0.003172,172.31.33.0-255,66,143213,34,160280
8080,0.003213,172.31.33.0-255,66,143279,34,160280
8081,0.003217,74.125.24.0-255,2902,146181,34,160280
8082,0.003219,172.31.33.0-255,66,146247,34,160280
8083,0.003256,74.125.24.0-255,2902,149149,34,160280
8084,0.003331,74.125.24.0-255,6438,155587,34,160280
8085,0.003349,74.125.24.0-255,4320,159907,34,160280
8086,0.003401,74.125.24.0-255,97,160004,34,160280
8087,0.003403,74.125.24.0-255,105,160109,34,160280
8088,0.006328,172.31.33.0-255,66,160175,34,160280
8089,0.008275,172.31.33.0-255,105,160280,34,160280
8090,0.0,74.125.130.0-255,147,147,34,234069
8091,2e-05,172.31.33.0-255,66,213,34,234069
8092,2.7e-05,74.125.130.0-255,1484,1697,34,234069
8093,3.1e-05,172.31.33.0-255,66,1763,34,234069
8094,4.9e-05,74.125.130.0-255,2902,4665,34,234069
8095,5.2e-05,172.31.33.0-255,66,4731,34,234069
8096,5.7e-05,74.125.130.0-255,5738,10469,34,234069
8097,6e-05,172.31.33.0-255,66,10535,34,234069
8098,8.7e-05,74.125.130.0-255,6307,16842,34,234069
8099,9e-05,172.31.33.0-255,66,16908,34,234069
8100,0.000106,74.125.130.0-255,4320,21228,34,234069
8101,0.000108,172.31.33.0-255,66,21294,34,234069
8102,0.000131,74.125.130.0-255,4320,25614,34,234069
8103,0.000134,172.31.33.0-255,66,25680,34,234069
8104,0.000146,74.125.130.0-255,2902,28582,34,234069
8105,0.000148,172.31.33.0-255,66,28648,34,234069
8106,0.000163,74.125.130.0-255,2543,31191,34,234069
8107,0.000166,172.31.33.0-255,66,31257,34,234069
8108,0.000249,74.125.130.0-255,1484,32741,34,234069
8109,0.000253,172.31.33.0-255,66,32807,34,234069
8110,0.000257,74.125.130.0-255,2902,35709,34,234069
8111,0.00026,172.31.33.0-255,66,35775,34,234069
8112,0.000279,74.125.130.0-255,2902,38677,34,234069
8113,0.000282,172.31.33.0-255,66,38743,34,234069
8114,0.000303,74.125.130.0-255,2902,41645,34,234069
8115,0.000306,172.31.33.0-255,66,41711,34,234069
8116,0.00031,74.125.130.0-255,2902,44613,34,234069
8117,0.000313,172.31.33.0-255,66,44679,34,234069
8118,0.000328,74.125.130.0-255,4320,48999,34,234069
8119,0.000331,172.31.33.0-255,66,49065,34,234069
8120,0.00034,172.31.33.0-255,66,49131,34,234069
8121,0.000361,74.125.130.0-255,4320,53451,34,234069
8122,0.000364,172.31.33.0-255,66,53517,34,234069
8123,0.000383,74.125.130.0-255,3602,57119,34,234069
8124,0.000387,172.31.33.0-255,66,57185,34,234069
8125,0.000391,74.125.130.0-255,379,57564,34,234069
8126,0.000422,74.125.130.0-255,365,57929,34,234069
8127,0.000546,74.125.130.0-255,1484,59413,34,234069
8128,0.000551,172.31.33.0-255,66,59479,34,234069
8129,0.000555,74.125.130.0-255,2902,62381,34,234069
8130,0.000558,172.31.33.0-255,66,62447,34,234069
8131,0.000576,74.125.130.0-255,5738,68185,34,234069
8132,0.000578,172.31.33.0-255,66,68251,34,234069
8133,0.000598,74.125.130.0-255,1484,69735,34,234069
8134,0.000624,172.31.33.0-255,66,69801,34,234069
8135,0.000631,74.125.130.0-255,1484,71285,34,234069
8136,0.000653,74.125.130.0-255,2902,74187,34,234069
8137,0.000656,172.31.33.0-255,66,74253,34,234069
8138,0.000685,172.31.33.0-255,66,74319,34,234069
8139,0.000745,74.125.130.0-255,1484,75803,34,234069
8140,0.000759,74.125.130.0-255,2902,78705,34,234069
8141,0.000764,172.31.33.0-255,66,78771,34,234069
8142,0.000784,74.125.130.0-255,5738,84509,34,234069
8143,0.000788,172.31.33.0-255,66,84575,34,234069
8144,0.000824,74.125.130.0-255,2902,87477,34,234069
8145,0.000824,172.31.33.0-255,66,87543,34,234069
8146,0.000828,172.31.33.0-255,66,87609,34,234069
8147,0.000845,74.125.130.0-255,2902,90511,34,234069
8148,0.000849,172.31.33.0-255,66,90577,34,234069
8149,0.000865,74.125.130.0-255,5020,95597,34,234069
8150,0.00087,172.31.33.0-255,66,95663,34,234069
8151,0.001086,74.125.130.0-255,1484,97147,34,234069
8152,0.00109,74.125.130.0-255,1484,98631,34,234069
8153,0.001093,172.31.33.0-255,66,98697,34,234069
8154,0.001113,74.125.130.0-255,1484,100181,34,234069
8155,0.001119,74.125.130.0-255,5738,105919,34,234069
8156,0.001122,172.31.33.0-255,66,105985,34,234069
8157,0.00118,74.125.130.0-255,7156,113141,34,234069
8158,0.001184,172.31.33.0-255,66,113207,34,234069
8159,0.001199,172.31.33.0-255,66,113273,34,234069
8160,0.001224,74.125.130.0-255,2184,115457,34,234069
8161,0.001227,172.31.33.0-255,66,115523,34,234069
8162,0.001456,74.125.130.0-255,1484,117007,34,234069
8163,0.001477,74.125.130.0-255,2902,119909,34,234069
8164,0.001481,172.31.33.0-255,66,119975,34,234069
8165,0.001503,74.125.130.0-255,5738,125713,34,234069
8166,0.001507,172.31.33.0-255,66,125779,34,234069
8167,0.001526,74.125.130.0-255,1484,127263,34,234069
8168,0.001558,172.31.33.0-255,66,127329,34,234069
8169,0.001563,74.125.130.0-255,2902,130231,34,234069
8170,0.001565,172.31.33.0-255,66,130297,34,234069
8171,0.00159,172.31.33.0-255,66,130363,34,234069
8172,0.001592,74.125.130.0-255,1484,131847,34,234069
8173,0.001621,74.125.130.0-255,2902,134749,34,234069
8174,0.001624,172.31.33.0-255,66,134815,34,234069
8175,0.001631,74.125.130.0-255,5738,140553,34,234069
8176,0.001633,172.31.33.0-255,66,140619,34,234069
8177,0.001644,172.31.33.0-255,66,140685,34,234069
8178,0.001655,172.31.33.0-255,66,140751,34,234069
8179,0.001677,74.125.130.0-255,2902,143653,34,234069
8180,0.00168,172.31.33.0-255,66,143719,34,234069
8181,0.001684,74.125.130.0-255,2184,145903,34,234069
8182,0.001686,172.31.33.0-255,66,145969,34,234069
8183,0.00169,74.125.130.0-255,2902,148871,34,234069
8184,0.001692,172.31.33.0-255,66,148937,34,234069
8185,0.001721,74.125.130.0-255,7156,156093,34,234069
8186,0.001724,172.31.33.0-255,66,156159,34,234069
8187,0.001734,74.125.130.0-255,5738,161897,34,234069
8188,0.001737,172.31.33.0-255,66,161963,34,234069
8189,0.001744,74.125.130.0-255,7156,169119,34,234069
8190,0.001747,172.31.33.0-255,66,169185,34,234069
8191,0.001771,74.125.130.0-255,4320,173505,34,234069
8192,0.001774,172.31.33.0-255,66,173571,34,234069
8193,0.001797,74.125.130.0-255,6438,180009,34,234069
8194,0.001801,172.31.33.0-255,66,180075,34,234069
8195,0.00183,172.31.33.0-255,66,180141,34,234069
8196,0.001836,74.125.130.0-255,4320,184461,34,234069
8197,0.001838,172.31.33.0-255,66,184527,34,234069
8198,0.001871,74.125.130.0-255,4320,188847,34,234069
8199,0.001875,172.31.33.0-255,66,188913,34,234069
8200,0.001907,172.31.33.0-255,66,188979,34,234069
8201,0.00191,74.125.130.0-255,766,189745,34,234069
8202,0.001938,74.125.130.0-255,4320,194065,34,234069
8203,0.001941,172.31.33.0-255,66,194131,34,234069
8204,0.001972,172.31.33.0-255,66,194197,34,234069
8205,0.001987,74.125.130.0-255,1484,195681,34,234069
8206,0.002046,172.31.33.0-255,66,195747,34,234069
8207,0.002065,74.125.130.0-255,2184,197931,34,234069
8208,0.002068,172.31.33.0-255,66,197997,34,234069
8209,0.002081,74.125.130.0-255,1484,199481,34,234069
8210,0.002084,74.125.130.0-255,1484,200965,34,234069
8211,0.002084,172.31.33.0-255,66,201031,34,234069
8212,0.002087,74.125.130.0-255,2902,203933,34,234069
8213,0.002089,172.31.33.0-255,66,203999,34,234069
8214,0.002092,74.125.130.0-255,4320,208319,34,234069
8215,0.002093,172.31.33.0-255,66,208385,34,234069
8216,0.002095,172.31.33.0-255,66,208451,34,234069
8217,0.00212,74.125.130.0-255,2902,211353,34,234069
8218,0.002123,172.31.33.0-255,66,211419,34,234069
8219,0.002126,74.125.130.0-255,1484,212903,34,234069
8220,0.002132,74.125.130.0-255,5020,217923,34,234069
8221,0.002136,172.31.33.0-255,66,217989,34,234069
8222,0.002139,74.125.130.0-255,1484,219473,34,234069
8223,0.002154,74.125.130.0-255,1484,220957,34,234069
8224,0.002158,172.31.33.0-255,66,221023,34,234069
8225,0.002164,74.125.130.0-255,4320,225343,34,234069
8226,0.002166,172.31.33.0-255,66,225409,34,234069
8227,0.00221,172.31.33.0-255,66,225475,34,234069
8228,0.002225,74.125.130.0-255,2902,228377,34,234069
8229,0.002228,172.31.33.0-255,66,228443,34,234069
8230,0.002243,74.125.130.0-255,2902,231345,34,234069
8231,0.002246,172.31.33.0-255,66,231411,34,234069
8232,0.00226,74.125.130.0-255,2250,233661,34,234069
8233,0.002263,172.31.33.0-255,66,233727,34,234069
8234,0.002279,74.125.130.0-255,105,233832,34,234069
8235,0.003822,172.31.33.0-255,66,233898,34,234069
8236,0.00385,172.31.33.0-255,105,234003,34,234069
8237,0.005815,74.125.130.0-255,66,234069,34,234069
8238,0.0,74.125.200.0-255,143,143,34,149005
8239,1.7e-05,172.31.33.0-255,66,209,34,149005
8240,2.3e-05,74.125.200.0-255,1484,1693,34,149005
8241,2.7e-05,172.31.33.0-255,66,1759,34,149005
8242,3.3e-05,74.125.200.0-255,2902,4661,34,149005
8243,4.2e-05,172.31.33.0-255,66,4727,34,149005
8244,4.5e-05,74.125.200.0-255,1484,6211,34,149005
8245,4.7e-05,172.31.33.0-255,66,6277,34,149005
8246,8.6e-05,74.125.200.0-255,5738,12015,34,149005
8247,8.9e-05,172.31.33.0-255,66,12081,34,149005
8248,9.2e-05,74.125.200.0-255,1484,13565,34,149005
8249,9.4e-05,172.31.33.0-255,66,13631,34,149005
8250,9.7e-05,74.125.200.0-255,576,14207,34,149005
8251,9.9e-05,172.31.33.0-255,66,14273,34,149005
8252,0.000287,74.125.200.0-255,1484,15757,34,149005
8253,0.000292,172.31.33.0-255,66,15823,34,149005
8254,0.000295,74.125.200.0-255,1484,17307,34,149005
8255,0.000297,172.31.33.0-255,66,17373,34,149005
8256,0.000325,74.125.200.0-255,2902,20275,34,149005
8257,0.000328,172.31.33.0-255,66,20341,34,149005
8258,0.000361,74.125.200.0-255,1484,21825,34,149005
8259,0.000363,172.31.33.0-255,66,21891,34,149005
8260,0.00039,74.125.200.0-255,4320,26211,34,149005
8261,0.000395,74.125.200.0-255,4320,30531,34,149005
8262,0.000399,172.31.33.0-255,66,30597,34,149005
8263,0.000401,172.31.33.0-255,66,30663,34,149005
8264,0.000423,74.125.200.0-255,2543,33206,34,149005
8265,0.000425,172.31.33.0-255,66,33272,34,149005
8266,0.000429,74.125.200.0-255,2902,36174,34,149005
8267,0.000431,172.31.33.0-255,66,36240,34,149005
8268,0.000436,74.125.200.0-255,4320,40560,34,149005
8269,0.000438,172.31.33.0-255,66,40626,34,149005
8270,0.000444,74.125.200.0-255,7156,47782,34,149005
8271,0.000446,172.31.33.0-255,66,47848,34,149005
8272,0.000468,74.125.200.0-255,1484,49332,34,149005
8273,0.000479,172.31.33.0-255,66,49398,34,149005
8274,0.000515,74.125.200.0-255,2902,52300,34,149005
8275,0.000517,172.31.33.0-255,66,52366,34,149005
8276,0.000543,74.125.200.0-255,5020,57386,34,149005
8277,0.000546,172.31.33.0-255,66,57452,34,149005
8278,0.000567,74.125.200.0-255,395,57847,34,149005
8279,0.000581,74.125.200.0-255,348,58195,34,149005
8280,0.000791,74.125.200.0-255,1484,59679,34,149005
8281,0.000793,74.125.200.0-255,1484,61163,34,149005
8282,0.000797,172.31.33.0-255,66,61229,34,149005
8283,0.000806,74.125.200.0-255,1484,62713,34,149005
8284,0.000808,74.125.200.0-255,1484,64197,34,149005
8285,0.000815,172.31.33.0-255,66,64263,34,149005
8286,0.000823,74.125.200.0-255,2902,67165,34,149005
8287,0.000825,172.31.33.0-255,66,67231,34,149005
8288,0.000831,74.125.200.0-255,1484,68715,34,149005
8289,0.000851,74.125.200.0-255,4320,73035,34,149005
8290,0.000853,172.31.33.0-255,66,73101,34,149005
8291,0.000869,74.125.200.0-255,2902,76003,34,149005
8292,0.000871,172.31.33.0-255,66,76069,34,149005
8293,0.000906,172.31.33.0-255,66,76135,34,149005
8294,0.000932,74.125.200.0-255,2902,79037,34,149005
8295,0.000934,172.31.33.0-255,66,79103,34,149005
8296,0.000958,74.125.200.0-255,3602,82705,34,149005
8297,0.00096,172.31.33.0-255,66,82771,34,149005
8298,0.00141,74.125.200.0-255,1484,84255,34,149005
8299,0.001418,74.125.200.0-255,2902,87157,34,149005
8300,0.001422,172.31.33.0-255,66,87223,34,149005
8301,0.001448,74.125.200.0-255,5738,92961,34,149005
8302,0.00145,172.31.33.0-255,66,93027,34,149005
8303,0.001483,172.31.33.0-255,66,93093,34,149005
8304,0.001486,74.125.200.0-255,1484,94577,34,149005
8305,0.001506,172.31.33.0-255,66,94643,34,149005
8306,0.001551,74.125.200.0-255,5020,99663,34,149005
8307,0.001553,172.31.33.0-255,66,99729,34,149005
8308,0.001686,74.125.200.0-255,1484,101213,34,149005
8309,0.00169,74.125.200.0-255,1484,102697,34,149005
8310,0.001693,172.31.33.0-255,66,102763,34,149005
8311,0.001716,74.125.200.0-255,1484,104247,34,149005
8312,0.001722,74.125.200.0-255,5738,109985,34,149005
8313,0.001724,172.31.33.0-255,66,110051,34,149005
8314,0.001753,74.125.200.0-255,7156,117207,34,149005
8315,0.001756,172.31.33.0-255,66,117273,34,149005
8316,0.001792,172.31.33.0-255,66,117339,34,149005
8317,0.001831,74.125.200.0-255,2184,119523,34,149005
8318,0.001833,172.31.33.0-255,66,119589,34,149005
8319,0.001843,74.125.200.0-255,1484,121073,34,149005
8320,0.001857,74.125.200.0-255,1484,122557,34,149005
8321,0.001859,172.31.33.0-255,66,122623,34,149005
8322,0.001875,74.125.200.0-255,2902,125525,34,149005
8323,0.001877,172.31.33.0-255,66,125591,34,149005
8324,0.001904,74.125.200.0-255,4320,129911,34,149005
8325,0.001907,172.31.33.0-255,66,129977,34,149005
8326,0.001917,172.31.33.0-255,66,130043,34,149005
8327,0.001919,74.125.200.0-255,1484,131527,34,149005
8328,0.001953,172.31.33.0-255,66,131593,34,149005
8329,0.004182,74.125.200.0-255,5738,137331,34,149005
8330,0.004187,172.31.33.0-255,66,137397,34,149005
8331,0.006416,74.125.200.0-255,5738,143135,34,149005
8332,0.006424,172.31.33.0-255,66,143201,34,149005
8333,0.008649,74.125.200.0-255,5738,148939,34,149005
8334,0.008656,172.31.33.0-255,66,149005,34,149005
8335,0.0,172.31.33.0-255,105,105,34,276
8336,0.001769,157.240.7.0-255,105,210,34,276
8337,0.00178,172.31.33.0-255,66,276,34,276
8338,0.0,74.125.24.0-255,146,146,34,166429
8339,1.5e-05,172.31.33.0-255,66,212,34,166429
8340,3.7e-05,74.125.24.0-255,1484,1696,34,166429
8341,4.2e-05,172.31.33.0-255,66,1762,34,166429
8342,4.8e-05,74.125.24.0-255,2902,4664,34,166429
8343,5.2e-05,172.31.33.0-255,66,4730,34,166429
8344,6.1e-05,74.125.24.0-255,7156,11886,34,166429
8345,6.3e-05,172.31.33.0-255,66,11952,34,166429
8346,6.8e-05,74.125.24.0-255,2043,13995,34,166429
8347,7e-05,172.31.33.0-255,66,14061,34,166429
8348,0.000311,74.125.24.0-255,1484,15545,34,166429
8349,0.000317,172.31.33.0-255,66,15611,34,166429
8350,0.000323,74.125.24.0-255,2902,18513,34,166429
8351,0.000326,172.31.33.0-255,66,18579,34,166429
8352,0.000354,74.125.24.0-255,5738,24317,34,166429
8353,0.000356,172.31.33.0-255,66,24383,34,166429
8354,0.000385,172.31.33.0-255,66,24449,34,166429
8355,0.000415,74.125.24.0-255,2543,26992,34,166429
8356,0.000418,172.31.33.0-255,66,27058,34,166429
8357,0.000431,172.31.33.0-255,66,27124,34,166429
8358,0.000488,172.31.33.0-255,66,27190,34,166429
8359,0.000582,74.125.24.0-255,1484,28674,34,166429
8360,0.000585,172.31.33.0-255,66,28740,34,166429
8361,0.00059,74.125.24.0-255,2902,31642,34,166429
8362,0.000592,172.31.33.0-255,66,31708,34,166429
8363,0.000614,74.125.24.0-255,5738,37446,34,166429
8364,0.000617,172.31.33.0-255,66,37512,34,166429
8365,0.00062,74.125.24.0-255,1484,38996,34,166429
8366,0.000622,172.31.33.0-255,66,39062,34,166429
8367,0.000654,172.31.33.0-255,66,39128,34,166429
8368,0.000664,172.31.33.0-255,66,39194,34,166429
8369,0.000667,74.125.24.0-255,766,39960,34,166429
8370,0.000843,74.125.24.0-255,1484,41444,34,166429
8371,0.000847,172.31.33.0-255,66,41510,34,166429
8372,0.000852,74.125.24.0-255,2902,44412,34,166429
8373,0.000854,172.31.33.0-255,66,44478,34,166429
8374,0.000882,74.125.24.0-255,5738,50216,34,166429
8375,0.000884,172.31.33.0-255,66,50282,34,166429
8376,0.000893,172.31.33.0-255,66,50348,34,166429
8377,0.000921,74.125.24.0-255,4320,54668,34,166429
8378,0.000923,172.31.33.0-255,66,54734,34,166429
8379,0.000934,172.31.33.0-255,66,54800,34,166429
8380,0.000971,74.125.24.0-255,1484,56284,34,166429
8381,0.000989,74.125.24.0-255,2902,59186,34,166429
8382,0.000991,172.31.33.0-255,66,59252,34,166429
8383,0.000997,74.125.24.0-255,4320,63572,34,166429
8384,0.000998,172.31.33.0-255,66,63638,34,166429
8385,0.001014,74.125.24.0-255,1484,65122,34,166429
8386,0.001017,74.125.24.0-255,1484,66606,34,166429
8387,0.001019,172.31.33.0-255,66,66672,34,166429
8388,0.00103,74.125.24.0-255,7156,73828,34,166429
8389,0.001032,172.31.33.0-255,66,73894,34,166429
8390,0.001057,74.125.24.0-255,5738,79632,34,166429
8391,0.00106,172.31.33.0-255,66,79698,34,166429
8392,0.001093,74.125.24.0-255,5738,85436,34,166429
8393,0.001095,172.31.33.0-255,66,85502,34,166429
8394,0.001113,74.125.24.0-255,3602,89104,34,166429
8395,0.001115,172.31.33.0-255,66,89170,34,166429
8396,0.001381,74.125.24.0-255,1484,90654,34,166429
8397,0.001402,74.125.24.0-255,2902,93556,34,166429
8398,0.001405,172.31.33.0-255,66,93622,34,166429
8399,0.001411,74.125.24.0-255,5738,99360,34,166429
8400,0.001413,172.31.33.0-255,66,99426,34,166429
8401,0.001448,74.125.24.0-255,7156,106582,34,166429
8402,0.001451,172.31.33.0-255,66,106648,34,166429
8403,0.00148,172.31.33.0-255,66,106714,34,166429
8404,0.001506,74.125.24.0-255,4320,111034,34,166429
8405,0.001508,172.31.33.0-255,66,111100,34,166429
8406,0.001512,74.125.24.0-255,2184,113284,34,166429
8407,0.001515,172.31.33.0-255,66,113350,34,166429
8408,0.001671,74.125.24.0-255,1484,114834,34,166429
8409,0.001676,74.125.24.0-255,2902,117736,34,166429
8410,0.001681,172.31.33.0-255,66,117802,34,166429
8411,0.00171,74.125.24.0-255,5738,123540,34,166429
8412,0.001712,172.31.33.0-255,66,123606,34,166429
8413,0.001743,74.125.24.0-255,7156,130762,34,166429
8414,0.001745,172.31.33.0-255,66,130828,34,166429
8415,0.00177,74.125.24.0-255,5738,136566,34,166429
8416,0.001772,172.31.33.0-255,66,136632,34,166429
8417,0.001805,172.31.33.0-255,66,136698,34,166429
8418,0.001834,172.31.33.0-255,66,136764,34,166429
8419,0.001866,74.125.24.0-255,5738,142502,34,166429
8420,0.001869,172.31.33.0-255,66,142568,34,166429
8421,0.001891,172.31.33.0-255,66,142634,34,166429
8422,0.001893,74.125.24.0-255,1484,144118,34,166429
8423,0.001916,74.125.24.0-255,2184,146302,34,166429
8424,0.00192,172.31.33.0-255,66,146368,34,166429
8425,0.001948,74.125.24.0-255,1484,147852,34,166429
8426,0.001964,74.125.24.0-255,2902,150754,34,166429
8427,0.001967,172.31.33.0-255,66,150820,34,166429
8428,0.001971,74.125.24.0-255,2902,153722,34,166429
8429,0.001973,172.31.33.0-255,66,153788,34,166429
8430,0.001991,74.125.24.0-255,2902,156690,34,166429
8431,0.001993,172.31.33.0-255,66,156756,34,166429
8432,0.002006,172.31.33.0-255,66,156822,34,166429
8433,0.002029,74.125.24.0-255,2902,159724,34,166429
8434,0.002032,172.31.33.0-255,66,159790,34,166429
8435,0.002046,74.125.24.0-255,4320,164110,34,166429
8436,0.002048,172.31.33.0-255,66,164176,34,166429
8437,0.002096,172.31.33.0-255,66,164242,34,166429
8438,0.002109,172.31.33.0-255,66,164308,34,166429
8439,0.002124,172.31.33.0-255,66,164374,34,166429
8440,0.002126,74.125.24.0-255,1484,165858,34,166429
8441,0.002171,172.31.33.0-255,66,165924,34,166429
8442,0.002185,172.31.33.0-255,66,165990,34,166429
8443,0.00227,172.31.33.0-255,66,166056,34,166429
8444,0.002273,74.125.24.0-255,97,166153,34,166429
8445,0.002275,74.125.24.0-255,105,166258,34,166429
8446,0.008025,172.31.33.0-255,66,166324,34,166429
8447,0.008058,172.31.33.0-255,105,166429,34,166429
8448,0.0,172.217.194.0-255,153,153,34,194983
8449,2.3e-05,172.31.33.0-255,66,219,34,194983
8450,2.9e-05,172.217.194.0-255,1484,1703,34,194983
8451,3.3e-05,172.31.33.0-255,66,1769,34,194983
8452,3.7e-05,172.217.194.0-255,2902,4671,34,194983
8453,4e-05,172.31.33.0-255,66,4737,34,194983
8454,7.3e-05,172.217.194.0-255,7156,11893,34,194983
8455,7.6e-05,172.31.33.0-255,66,11959,34,194983
8456,8.4e-05,172.31.33.0-255,66,12025,34,194983
8457,8.6e-05,172.217.194.0-255,1484,13509,34,194983
8458,8.8e-05,172.31.33.0-255,66,13575,34,194983
8459,0.000114,172.31.33.0-255,66,13641,34,194983
8460,0.000157,172.217.194.0-255,1484,15125,34,194983
8461,0.000161,172.31.33.0-255,66,15191,34,194983
8462,0.000166,172.217.194.0-255,2902,18093,34,194983
8463,0.000168,172.31.33.0-255,66,18159,34,194983
8464,0.00019,172.217.194.0-255,5738,23897,34,194983
8465,0.000192,172.31.33.0-255,66,23963,34,194983
8466,0.000195,172.217.194.0-255,1484,25447,34,194983
8467,0.000197,172.31.33.0-255,66,25513,34,194983
8468,0.000212,172.217.194.0-255,4320,29833,34,194983
8469,0.000215,172.31.33.0-255,66,29899,34,194983
8470,0.000217,172.217.194.0-255,1484,31383,34,194983
8471,0.000219,172.31.33.0-255,66,31449,34,194983
8472,0.00026,172.31.33.0-255,66,31515,34,194983
8473,0.000265,172.217.194.0-255,5364,36879,34,194983
8474,0.000267,172.31.33.0-255,66,36945,34,194983
8475,0.000321,172.217.194.0-255,1484,38429,34,194983
8476,0.000324,172.31.33.0-255,66,38495,34,194983
8477,0.000328,172.217.194.0-255,2902,41397,34,194983
8478,0.00033,172.31.33.0-255,66,41463,34,194983
8479,0.000372,172.217.194.0-255,2902,44365,34,194983
8480,0.000377,172.31.33.0-255,66,44431,34,194983
8481,0.000386,172.217.194.0-255,2902,47333,34,194983
8482,0.000389,172.31.33.0-255,66,47399,34,194983
8483,0.000402,172.31.33.0-255,66,47465,34,194983
8484,0.000409,172.217.194.0-255,5738,53203,34,194983
8485,0.000411,172.31.33.0-255,66,53269,34,194983
8486,0.000437,172.217.194.0-255,4738,58007,34,194983
8487,0.00044,172.31.33.0-255,66,58073,34,194983
8488,0.000451,172.31.33.0-255,66,58139,34,194983
8489,0.000457,172.217.194.0-255,5379,63518,34,194983
8490,0.000458,172.31.33.0-255,66,63584,34,194983
8491,0.000924,172.217.194.0-255,1484,65068,34,194983
8492,0.000944,172.217.194.0-255,2902,67970,34,194983
8493,0.000947,172.31.33.0-255,66,68036,34,194983
8494,0.000954,172.217.194.0-255,5738,73774,34,194983
8495,0.000955,172.31.33.0-255,66,73840,34,194983
8496,0.000976,172.217.194.0-255,7156,80996,34,194983
8497,0.000978,172.31.33.0-255,66,81062,34,194983
8498,0.000999,172.217.194.0-255,2902,83964,34,194983
8499,0.001001,172.31.33.0-255,66,84030,34,194983
8500,0.001012,172.217.194.0-255,2902,86932,34,194983
8501,0.001014,172.31.33.0-255,66,86998,34,194983
8502,0.001045,172.31.33.0-255,66,87064,34,194983
8503,0.001103,172.217.194.0-255,1484,88548,34,194983
8504,0.001123,172.217.194.0-255,2902,91450,34,194983
8505,0.001125,172.31.33.0-255,66,91516,34,194983
8506,0.001131,172.217.194.0-255,5738,97254,34,194983
8507,0.001133,172.31.33.0-255,66,97320,34,194983
8508,0.00115,172.217.194.0-255,1484,98804,34,194983
8509,0.001175,172.31.33.0-255,66,98870,34,194983
8510,0.00119,172.217.194.0-255,1484,100354,34,194983
8511,0.001199,172.31.33.0-255,66,100420,34,194983
8512,0.001202,172.217.194.0-255,766,101186,34,194983
8513,0.00133,172.217.194.0-255,1484,102670,34,194983
8514,0.001334,172.31.33.0-255,66,102736,34,194983
8515,0.001338,172.217.194.0-255,2902,105638,34,194983
8516,0.00134,172.31.33.0-255,66,105704,34,194983
8517,0.001358,172.217.194.0-255,5738,111442,34,194983
8518,0.001361,172.31.33.0-255,66,111508,34,194983
8519,0.001364,172.217.194.0-255,2902,114410,34,194983
8520,0.001366,172.31.33.0-255,66,114476,34,194983
8521,0.001378,172.217.194.0-255,2902,117378,34,194983
8522,0.001381,172.31.33.0-255,66,117444,34,194983
8523,0.001396,172.217.194.0-255,2902,120346,34,194983
8524,0.001398,172.31.33.0-255,66,120412,34,194983
8525,0.001428,172.217.194.0-255,4320,124732,34,194983
8526,0.00143,172.31.33.0-255,66,124798,34,194983
8527,0.001456,172.31.33.0-255,66,124864,34,194983
8528,0.001461,172.217.194.0-255,4320,129184,34,194983
8529,0.001463,172.31.33.0-255,66,129250,34,194983
8530,0.001497,172.31.33.0-255,66,129316,34,194983
8531,0.001507,172.31.33.0-255,66,129382,34,194983
8532,0.001536,172.217.194.0-255,2902,132284,34,194983
8533,0.00154,172.31.33.0-255,66,132350,34,194983
8534,0.001549,172.217.194.0-255,3602,135952,34,194983
8535,0.001551,172.31.33.0-255,66,136018,34,194983
8536,0.001606,172.217.194.0-255,2902,138920,34,194983
8537,0.001609,172.31.33.0-255,66,138986,34,194983
8538,0.00163,172.217.194.0-255,4320,143306,34,194983
8539,0.001633,172.31.33.0-255,66,143372,34,194983
8540,0.001636,172.217.194.0-255,1484,144856,34,194983
8541,0.001645,172.31.33.0-255,66,144922,34,194983
8542,0.001657,172.31.33.0-255,66,144988,34,194983
8543,0.001678,172.217.194.0-255,766,145754,34,194983
8544,0.001681,172.217.194.0-255,1484,147238,34,194983
8545,0.001683,172.31.33.0-255,66,147304,34,194983
8546,0.001687,172.217.194.0-255,2902,150206,34,194983
8547,0.00169,172.217.194.0-255,2902,153108,34,194983
8548,0.001693,172.31.33.0-255,66,153174,34,194983
8549,0.001696,172.31.33.0-255,66,153240,34,194983
8550,0.001706,172.217.194.0-255,2902,156142,34,194983
8551,0.001709,172.31.33.0-255,66,156208,34,194983
8552,0.001734,172.31.33.0-255,66,156274,34,194983
8553,0.00175,172.217.194.0-255,1484,157758,34,194983
8554,0.001762,172.31.33.0-255,66,157824,34,194983
8555,0.001783,172.217.194.0-255,1484,159308,34,194983
8556,0.001787,172.217.194.0-255,2902,162210,34,194983
8557,0.001789,172.31.33.0-255,66,162276,34,194983
8558,0.001809,172.217.194.0-255,5738,168014,34,194983
8559,0.001812,172.31.33.0-255,66,168080,34,194983
8560,0.001834,172.217.194.0-255,7156,175236,34,194983
8561,0.001838,172.31.33.0-255,66,175302,34,194983
8562,0.001856,172.217.194.0-255,4320,179622,34,194983
8563,0.00186,172.31.33.0-255,66,179688,34,194983
8564,0.001875,172.217.194.0-255,1484,181172,34,194983
8565,0.001909,172.31.33.0-255,66,181238,34,194983
8566,0.001922,172.31.33.0-255,66,181304,34,194983
8567,0.001942,172.217.194.0-255,4320,185624,34,194983
8568,0.001946,172.31.33.0-255,66,185690,34,194983
8569,0.00196,172.31.33.0-255,66,185756,34,194983
8570,0.001967,172.217.194.0-255,7156,192912,34,194983
8571,0.001969,172.31.33.0-255,66,192978,34,194983
8572,0.001985,172.217.194.0-255,1597,194575,34,194983
8573,0.001988,172.31.33.0-255,66,194641,34,194983
8574,0.00199,172.217.194.0-255,105,194746,34,194983
8575,0.002897,172.31.33.0-255,66,194812,34,194983
8576,0.002921,172.31.33.0-255,105,194917,34,194983
8577,0.004939,172.217.194.0-255,66,194983,34,194983
8578,0.0,74.125.24.0-255,153,153,34,240007
8579,2.1e-05,172.31.33.0-255,66,219,34,240007
8580,2.8e-05,74.125.24.0-255,1484,1703,34,240007
8581,3.3e-05,172.31.33.0-255,66,1769,34,240007
8582,3.6e-05,74.125.24.0-255,1484,3253,34,240007
8583,3.9e-05,172.31.33.0-255,66,3319,34,240007
8584,4.2e-05,74.125.24.0-255,1484,4803,34,240007
8585,4.5e-05,172.31.33.0-255,66,4869,34,240007
8586,6.9e-05,74.125.24.0-255,2902,7771,34,240007
8587,7.2e-05,172.31.33.0-255,66,7837,34,240007
8588,0.000102,74.125.24.0-255,4320,12157,34,240007
8589,0.000105,172.31.33.0-255,66,12223,34,240007
8590,0.000123,74.125.24.0-255,1983,14206,34,240007
8591,0.000125,172.31.33.0-255,66,14272,34,240007
8592,0.000133,74.125.24.0-255,7156,21428,34,240007
8593,0.000135,172.31.33.0-255,66,21494,34,240007
8594,0.000142,74.125.24.0-255,7156,28650,34,240007
8595,0.000144,172.31.33.0-255,66,28716,34,240007
8596,0.000161,74.125.24.0-255,2543,31259,34,240007
8597,0.000163,172.31.33.0-255,66,31325,34,240007
8598,0.000266,74.125.24.0-255,1484,32809,34,240007
8599,0.00027,172.31.33.0-255,66,32875,34,240007
8600,0.000274,74.125.24.0-255,1484,34359,34,240007
8601,0.000276,172.31.33.0-255,66,34425,34,240007
8602,0.00029,74.125.24.0-255,1484,35909,34,240007
8603,0.000292,172.31.33.0-255,66,35975,34,240007
8604,0.000299,74.125.24.0-255,5738,41713,34,240007
8605,0.000301,172.31.33.0-255,66,41779,34,240007
8606,0.000336,172.31.33.0-255,66,41845,34,240007
8607,0.000357,74.125.24.0-255,2543,44388,34,240007
8608,0.000359,172.31.33.0-255,66,44454,34,240007
8609,0.000369,172.31.33.0-255,66,44520,34,240007
8610,0.000439,74.125.24.0-255,646,45166,34,240007
8611,0.000628,74.125.24.0-255,1484,46650,34,240007
8612,0.000631,172.31.33.0-255,66,46716,34,240007
8613,0.000637,74.125.24.0-255,2902,49618,34,240007
8614,0.000639,172.31.33.0-255,66,49684,34,240007
8615,0.000653,74.125.24.0-255,4320,54004,34,240007
8616,0.000654,172.31.33.0-255,66,54070,34,240007
8617,0.00067,74.125.24.0-255,1484,55554,34,240007
8618,0.000675,74.125.24.0-255,2902,58456,34,240007
8619,0.000676,172.31.33.0-255,66,58522,34,240007
8620,0.000709,172.31.33.0-255,66,58588,34,240007
8621,0.00072,172.31.33.0-255,66,58654,34,240007
8622,0.000988,74.125.24.0-255,1484,60138,34,240007
8623,0.000992,74.125.24.0-255,1484,61622,34,240007
8624,0.000994,172.31.33.0-255,66,61688,34,240007
8625,0.001012,74.125.24.0-255,1484,63172,34,240007
8626,0.001016,74.125.24.0-255,2902,66074,34,240007
8627,0.001018,172.31.33.0-255,66,66140,34,240007
8628,0.001038,74.125.24.0-255,2902,69042,34,240007
8629,0.00104,172.31.33.0-255,66,69108,34,240007
8630,0.001052,172.31.33.0-255,66,69174,34,240007
8631,0.001061,172.31.33.0-255,66,69240,34,240007
8632,0.001094,74.125.24.0-255,2184,71424,34,240007
8633,0.001096,172.31.33.0-255,66,71490,34,240007
8634,0.001349,74.125.24.0-255,1484,72974,34,240007
8635,0.001361,74.125.24.0-255,2902,75876,34,240007
8636,0.001364,172.31.33.0-255,66,75942,34,240007
8637,0.001374,74.125.24.0-255,1484,77426,34,240007
8638,0.001392,74.125.24.0-255,4320,81746,34,240007
8639,0.001394,172.31.33.0-255,66,81812,34,240007
8640,0.001402,74.125.24.0-255,7156,88968,34,240007
8641,0.001403,172.31.33.0-255,66,89034,34,240007
8642,0.001417,74.125.24.0-255,5738,94772,34,240007
8643,0.001419,172.31.33.0-255,66,94838,34,240007
8644,0.001425,74.125.24.0-255,7156,101994,34,240007
8645,0.001427,172.31.33.0-255,66,102060,34,240007
8646,0.001445,74.125.24.0-255,2902,104962,34,240007
8647,0.001447,172.31.33.0-255,66,105028,34,240007
8648,0.001449,74.125.24.0-255,766,105794,34,240007
8649,0.00178,172.31.33.0-255,66,105860,34,240007
8650,0.001799,74.125.24.0-255,1484,107344,34,240007
8651,0.001804,74.125.24.0-255,2902,110246,34,240007
8652,0.001806,172.31.33.0-255,66,110312,34,240007
8653,0.001828,74.125.24.0-255,5738,116050,34,240007
8654,0.00183,172.31.33.0-255,66,116116,34,240007
8655,0.00185,74.125.24.0-255,5738,121854,34,240007
8656,0.001851,172.31.33.0-255,66,121920,34,240007
8657,0.001868,74.125.24.0-255,7156,129076,34,240007
8658,0.00187,172.31.33.0-255,66,129142,34,240007
8659,0.001895,74.125.24.0-255,4320,133462,34,240007
8660,0.001897,172.31.33.0-255,66,133528,34,240007
8661,0.001918,74.125.24.0-255,6438,139966,34,240007
8662,0.001919,172.31.33.0-255,66,140032,34,240007
8663,0.002264,74.125.24.0-255,1484,141516,34,240007
8664,0.002272,74.125.24.0-255,2902,144418,34,240007
8665,0.002276,172.31.33.0-255,66,144484,34,240007
8666,0.002281,74.125.24.0-255,1484,145968,34,240007
8667,0.002301,74.125.24.0-255,4320,150288,34,240007
8668,0.002303,172.31.33.0-255,66,150354,34,240007
8669,0.002329,74.125.24.0-255,2902,153256,34,240007
8670,0.002331,172.31.33.0-255,66,153322,34,240007
8671,0.002355,74.125.24.0-255,7156,160478,34,240007
8672,0.002357,172.31.33.0-255,66,160544,34,240007
8673,0.002366,172.31.33.0-255,66,160610,34,240007
8674,0.002388,74.125.24.0-255,2902,163512,34,240007
8675,0.00239,172.31.33.0-255,66,163578,34,240007
8676,0.002395,74.125.24.0-255,2184,165762,34,240007
8677,0.002397,172.31.33.0-255,66,165828,34,240007
8678,0.002547,74.125.24.0-255,1484,167312,34,240007
8679,0.002552,74.125.24.0-255,1484,168796,34,240007
8680,0.002555,172.31.33.0-255,66,168862,34,240007
8681,0.002571,74.125.24.0-255,1484,170346,34,240007
8682,0.002575,74.125.24.0-255,2902,173248,34,240007
8683,0.002577,172.31.33.0-255,66,173314,34,240007
8684,0.0026,74.125.24.0-255,2902,176216,34,240007
8685,0.002602,172.31.33.0-255,66,176282,34,240007
8686,0.00261,74.125.24.0-255,4320,180602,34,240007
8687,0.002612,172.31.33.0-255,66,180668,34,240007
8688,0.002615,74.125.24.0-255,1484,182152,34,240007
8689,0.002617,74.125.24.0-255,1484,183636,34,240007
8690,0.002619,172.31.33.0-255,66,183702,34,240007
8691,0.002642,74.125.24.0-255,2902,186604,34,240007
8692,0.002644,172.31.33.0-255,66,186670,34,240007
8693,0.002651,74.125.24.0-255,5738,192408,34,240007
8694,0.002652,172.31.33.0-255,66,192474,34,240007
8695,0.002678,172.31.33.0-255,66,192540,34,240007
8696,0.002765,74.125.24.0-255,1484,194024,34,240007
8697,0.002771,74.125.24.0-255,2902,196926,34,240007
8698,0.002773,172.31.33.0-255,66,196992,34,240007
8699,0.002798,74.125.24.0-255,5738,202730,34,240007
8700,0.002801,172.31.33.0-255,66,202796,34,240007
8701,0.002805,74.125.24.0-255,2902,205698,34,240007
8702,0.002806,172.31.33.0-255,66,205764,34,240007
8703,0.002832,172.31.33.0-255,66,205830,34,240007
8704,0.002837,74.125.24.0-255,4320,210150,34,240007
8705,0.002839,172.31.33.0-255,66,210216,34,240007
8706,0.002861,74.125.24.0-255,6438,216654,34,240007
8707,0.002863,172.31.33.0-255,66,216720,34,240007
8708,0.002875,172.31.33.0-255,66,216786,34,240007
8709,0.002891,74.125.24.0-255,5738,222524,34,240007
8710,0.002893,172.31.33.0-255,66,222590,34,240007
8711,0.002914,172.31.33.0-255,66,222656,34,240007
8712,0.002937,74.125.24.0-255,1484,224140,34,240007
8713,0.00294,172.31.33.0-255,78,224218,34,240007
8714,0.002968,172.31.33.0-255,78,224296,34,240007
8715,0.002996,172.31.33.0-255,66,224362,34,240007
8716,0.002999,74.125.24.0-255,1484,225846,34,240007
8717,0.003005,74.125.24.0-255,5020,230866,34,240007
8718,0.003007,172.31.33.0-255,66,230932,34,240007
8719,0.003063,74.125.24.0-255,5738,236670,34,240007
8720,0.003066,172.31.33.0-255,66,236736,34,240007
8721,0.003092,172.31.33.0-255,66,236802,34,240007
8722,0.003094,74.125.24.0-255,1484,238286,34,240007
8723,0.003097,74.125.24.0-255,1484,239770,34,240007
8724,0.003099,172.31.33.0-255,66,239836,34,240007
8725,0.003109,172.31.33.0-255,66,239902,34,240007
8726,0.003112,74.125.24.0-255,105,240007,34,240007
8727,0.0,172.217.194.0-255,158,158,34,185843
8728,2.4e-05,172.31.33.0-255,66,224,34,185843
8729,3e-05,172.217.194.0-255,1484,1708,34,185843
8730,3.3e-05,172.31.33.0-255,66,1774,34,185843
8731,3.9e-05,172.217.194.0-255,2902,4676,34,185843
8732,4e-05,172.31.33.0-255,66,4742,34,185843
8733,6.7e-05,172.217.194.0-255,7156,11898,34,185843
8734,6.9e-05,172.31.33.0-255,66,11964,34,185843
8735,0.00011,172.31.33.0-255,66,12030,34,185843
8736,0.000113,172.217.194.0-255,2543,14573,34,185843
8737,0.000115,172.31.33.0-255,66,14639,34,185843
8738,0.000163,172.217.194.0-255,1484,16123,34,185843
8739,0.000166,172.31.33.0-255,66,16189,34,185843
8740,0.000181,172.217.194.0-255,2902,19091,34,185843
8741,0.000184,172.31.33.0-255,66,19157,34,185843
8742,0.000204,172.217.194.0-255,4320,23477,34,185843
8743,0.000206,172.31.33.0-255,66,23543,34,185843
8744,0.000222,172.217.194.0-255,1484,25027,34,185843
8745,0.000224,172.31.33.0-255,66,25093,34,185843
8746,0.000231,172.217.194.0-255,6797,31890,34,185843
8747,0.000233,172.31.33.0-255,66,31956,34,185843
8748,0.000246,172.217.194.0-255,2833,34789,34,185843
8749,0.000247,172.31.33.0-255,66,34855,34,185843
8750,0.00025,172.31.33.0-255,66,34921,34,185843
8751,0.000321,172.217.194.0-255,366,35287,34,185843
8752,0.000324,172.31.33.0-255,66,35353,34,185843
8753,0.000526,172.217.194.0-255,1484,36837,34,185843
8754,0.00053,172.31.33.0-255,66,36903,34,185843
8755,0.000537,172.217.194.0-255,2902,39805,34,185843
8756,0.00054,172.31.33.0-255,66,39871,34,185843
8757,0.000546,172.217.194.0-255,5738,45609,34,185843
8758,0.000549,172.31.33.0-255,66,45675,34,185843
8759,0.000575,172.217.194.0-255,5738,51413,34,185843
8760,0.000578,172.31.33.0-255,66,51479,34,185843
8761,0.000583,172.217.194.0-255,4320,55799,34,185843
8762,0.000585,172.31.33.0-255,66,55865,34,185843
8763,0.000615,172.31.33.0-255,66,55931,34,185843
8764,0.000623,172.217.194.0-255,5020,60951,34,185843
8765,0.000625,172.31.33.0-255,66,61017,34,185843
8766,0.001214,172.217.194.0-255,1484,62501,34,185843
8767,0.001224,172.217.194.0-255,2902,65403,34,185843
8768,0.001228,172.31.33.0-255,66,65469,34,185843
8769,0.001235,172.217.194.0-255,5738,71207,34,185843
8770,0.001238,172.31.33.0-255,66,71273,34,185843
8771,0.001241,172.217.194.0-255,1484,72757,34,185843
8772,0.001267,172.31.33.0-255,66,72823,34,185843
8773,0.001273,172.217.194.0-255,5738,78561,34,185843
8774,0.001275,172.31.33.0-255,66,78627,34,185843
8775,0.001296,172.217.194.0-255,5020,83647,34,185843
8776,0.001299,172.31.33.0-255,66,83713,34,185843
8777,0.001317,172.217.194.0-255,4320,88033,34,185843
8778,0.001319,172.31.33.0-255,66,88099,34,185843
8779,0.001349,172.217.194.0-255,7156,95255,34,185843
8780,0.001351,172.31.33.0-255,66,95321,34,185843
8781,0.001361,172.31.33.0-255,66,95387,34,185843
8782,0.001381,172.217.194.0-255,4320,99707,34,185843
8783,0.001383,172.31.33.0-255,66,99773,34,185843
8784,0.001409,172.31.33.0-255,66,99839,34,185843
8785,0.001431,172.217.194.0-255,2902,102741,34,185843
8786,0.001435,172.31.33.0-255,66,102807,34,185843
8787,0.001459,172.217.194.0-255,7156,109963,34,185843
8788,0.001462,172.31.33.0-255,66,110029,34,185843
8789,0.001475,172.31.33.0-255,66,110095,34,185843
8790,0.001479,172.217.194.0-255,2902,112997,34,185843
8791,0.001482,172.31.33.0-255,66,113063,34,185843
8792,0.00152,172.31.33.0-255,66,113129,34,185843
8793,0.001579,172.217.194.0-255,1484,114613,34,185843
8794,0.001585,172.217.194.0-255,2902,117515,34,185843
8795,0.001588,172.31.33.0-255,66,117581,34,185843
8796,0.001602,172.217.194.0-255,1484,119065,34,185843
8797,0.001617,172.217.194.0-255,4320,123385,34,185843
8798,0.001619,172.31.33.0-255,66,123451,34,185843
8799,0.001632,172.31.33.0-255,66,123517,34,185843
8800,0.001674,172.217.194.0-255,4320,127837,34,185843
8801,0.001676,172.31.33.0-255,66,127903,34,185843
8802,0.001696,172.217.194.0-255,5738,133641,34,185843
8803,0.001698,172.31.33.0-255,66,133707,34,185843
8804,0.0017,172.217.194.0-255,766,134473,34,185843
8805,0.001751,172.217.194.0-255,1484,135957,34,185843
8806,0.001753,172.31.33.0-255,66,136023,34,185843
8807,0.001772,172.217.194.0-255,2902,138925,34,185843
8808,0.001774,172.31.33.0-255,66,138991,34,185843
8809,0.00178,172.217.194.0-255,5738,144729,34,185843
8810,0.001782,172.31.33.0-255,66,144795,34,185843
8811,0.001785,172.217.194.0-255,1484,146279,34,185843
8812,0.001815,172.217.194.0-255,5738,152017,34,185843
8813,0.001819,172.31.33.0-255,66,152083,34,185843
8814,0.001824,172.217.194.0-255,5738,157821,34,185843
8815,0.001826,172.31.33.0-255,66,157887,34,185843
8816,0.001849,172.31.33.0-255,66,157953,34,185843
8817,0.001856,172.217.194.0-255,7156,165109,34,185843
8818,0.001858,172.31.33.0-255,66,165175,34,185843
8819,0.001881,172.31.33.0-255,66,165241,34,185843
8820,0.001886,172.217.194.0-255,4320,169561,34,185843
8821,0.001888,172.31.33.0-255,66,169627,34,185843
8822,0.001926,172.31.33.0-255,66,169693,34,185843
8823,0.00193,172.217.194.0-255,2902,172595,34,185843
8824,0.001932,172.31.33.0-255,66,172661,34,185843
8825,0.001948,172.217.194.0-255,4320,176981,34,185843
8826,0.001951,172.31.33.0-255,66,177047,34,185843
8827,0.001971,172.217.194.0-255,5738,182785,34,185843
8828,0.001973,172.31.33.0-255,66,182851,34,185843
8829,0.002032,172.31.33.0-255,66,182917,34,185843
8830,0.002115,172.217.194.0-255,2821,185738,34,185843
8831,0.002118,172.217.194.0-255,105,185843,34,185843
8832,0.0,74.125.24.0-255,153,153,34,197862
8833,2.4e-05,172.31.33.0-255,66,219,34,197862
8834,3.2e-05,74.125.24.0-255,1484,1703,34,197862
8835,3.6e-05,172.31.33.0-255,66,1769,34,197862
8836,4.3e-05,74.125.24.0-255,2902,4671,34,197862
8837,4.7e-05,172.31.33.0-255,66,4737,34,197862
8838,5.5e-05,74.125.24.0-255,5738,10475,34,197862
8839,5.8e-05,172.31.33.0-255,66,10541,34,197862
8840,6.3e-05,74.125.24.0-255,3473,14014,34,197862
8841,6.7e-05,172.31.33.0-255,66,14080,34,197862
8842,0.000161,74.125.24.0-255,1484,15564,34,197862
8843,0.000165,172.31.33.0-255,66,15630,34,197862
8844,0.00017,74.125.24.0-255,2902,18532,34,197862
8845,0.000172,172.31.33.0-255,66,18598,34,197862
8846,0.000178,74.125.24.0-255,2902,21500,34,197862
8847,0.00018,172.31.33.0-255,66,21566,34,197862
8848,0.000201,74.125.24.0-255,2902,24468,34,197862
8849,0.000203,172.31.33.0-255,66,24534,34,197862
8850,0.000252,74.125.24.0-255,6797,31331,34,197862
8851,0.000256,172.31.33.0-255,66,31397,34,197862
8852,0.000308,74.125.24.0-255,2902,34299,34,197862
8853,0.00031,172.31.33.0-255,66,34365,34,197862
8854,0.000317,74.125.24.0-255,4320,38685,34,197862
8855,0.000319,172.31.33.0-255,66,38751,34,197862
8856,0.00033,172.31.33.0-255,66,38817,34,197862
8857,0.00034,172.31.33.0-255,66,38883,34,197862
8858,0.000357,74.125.24.0-255,3961,42844,34,197862
8859,0.00036,172.31.33.0-255,66,42910,34,197862
8860,0.000374,74.125.24.0-255,2902,45812,34,197862
8861,0.000377,172.31.33.0-255,66,45878,34,197862
8862,0.000389,74.125.24.0-255,2853,48731,34,197862
8863,0.000391,172.31.33.0-255,66,48797,34,197862
8864,0.000395,74.125.24.0-255,108,48905,34,197862
8865,0.000696,74.125.24.0-255,333,49238,34,197862
8866,0.001098,172.31.33.0-255,66,49304,34,197862
8867,0.001172,74.125.24.0-255,1484,50788,34,197862
8868,0.001187,74.125.24.0-255,2902,53690,34,197862
8869,0.001191,172.31.33.0-255,66,53756,34,197862
8870,0.001213,74.125.24.0-255,5738,59494,34,197862
8871,0.001216,172.31.33.0-255,66,59560,34,197862
8872,0.001221,74.125.24.0-255,4320,63880,34,197862
8873,0.001223,172.31.33.0-255,66,63946,34,197862
8874,0.001268,172.31.33.0-255,66,64012,34,197862
8875,0.001288,74.125.24.0-255,7156,71168,34,197862
8876,0.00129,172.31.33.0-255,66,71234,34,197862
8877,0.001296,74.125.24.0-255,3602,74836,34,197862
8878,0.001298,172.31.33.0-255,66,74902,34,197862
8879,0.00175,74.125.24.0-255,1484,76386,34,197862
8880,0.001758,74.125.24.0-255,2902,79288,34,197862
8881,0.001762,172.31.33.0-255,66,79354,34,197862
8882,0.001784,74.125.24.0-255,5738,85092,34,197862
8883,0.001786,172.31.33.0-255,66,85158,34,197862
8884,0.001789,74.125.24.0-255,1484,86642,34,197862
8885,0.001808,74.125.24.0-255,5738,92380,34,197862
8886,0.00181,172.31.33.0-255,66,92446,34,197862
8887,0.001838,74.125.24.0-255,5738,98184,34,197862
8888,0.001841,172.31.33.0-255,66,98250,34,197862
8889,0.001868,172.31.33.0-255,66,98316,34,197862
8890,0.001872,74.125.24.0-255,2184,100500,34,197862
8891,0.001874,172.31.33.0-255,66,100566,34,197862
8892,0.002182,74.125.24.0-255,1484,102050,34,197862
8893,0.002191,74.125.24.0-255,2902,104952,34,197862
8894,0.002196,172.31.33.0-255,66,105018,34,197862
8895,0.002205,74.125.24.0-255,5738,110756,34,197862
8896,0.002207,172.31.33.0-255,66,110822,34,197862
8897,0.00221,74.125.24.0-255,1484,112306,34,197862
8898,0.002246,172.31.33.0-255,66,112372,34,197862
8899,0.002259,172.31.33.0-255,66,112438,34,197862
8900,0.003095,74.125.24.0-255,1484,113922,34,197862
8901,0.0031,74.125.24.0-255,1484,115406,34,197862
8902,0.003103,172.31.33.0-255,66,115472,34,197862
8903,0.003118,74.125.24.0-255,1484,116956,34,197862
8904,0.003125,74.125.24.0-255,5738,122694,34,197862
8905,0.003127,172.31.33.0-255,66,122760,34,197862
8906,0.003153,172.31.33.0-255,66,122826,34,197862
8907,0.003157,74.125.24.0-255,2902,125728,34,197862
8908,0.003158,172.31.33.0-255,66,125794,34,197862
8909,0.00318,74.125.24.0-255,7156,132950,34,197862
8910,0.003183,172.31.33.0-255,66,133016,34,197862
8911,0.003195,74.125.24.0-255,766,133782,34,197862
8912,0.003849,74.125.24.0-255,1484,135266,34,197862
8913,0.003852,172.31.33.0-255,66,135332,34,197862
8914,0.003866,74.125.24.0-255,2902,138234,34,197862
8915,0.003868,172.31.33.0-255,66,138300,34,197862
8916,0.003874,74.125.24.0-255,4320,142620,34,197862
8917,0.003876,172.31.33.0-255,66,142686,34,197862
8918,0.003893,74.125.24.0-255,1484,144170,34,197862
8919,0.003944,172.31.33.0-255,66,144236,34,197862
8920,0.003946,74.125.24.0-255,1484,145720,34,197862
8921,0.003961,74.125.24.0-255,4320,150040,34,197862
8922,0.003963,172.31.33.0-255,66,150106,34,197862
8923,0.003986,74.125.24.0-255,5020,155126,34,197862
8924,0.003988,172.31.33.0-255,66,155192,34,197862
8925,0.004522,74.125.24.0-255,1484,156676,34,197862
8926,0.004534,74.125.24.0-255,2902,159578,34,197862
8927,0.004536,172.31.33.0-255,66,159644,34,197862
8928,0.004539,74.125.24.0-255,1484,161128,34,197862
8929,0.004555,74.125.24.0-255,4320,165448,34,197862
8930,0.004558,172.31.33.0-255,66,165514,34,197862
8931,0.0046,74.125.24.0-255,1484,166998,34,197862
8932,0.004616,74.125.24.0-255,7156,174154,34,197862
8933,0.004635,74.125.24.0-255,6438,180592,34,197862
8934,0.004686,74.125.24.0-255,5738,186330,34,197862
8935,0.004752,74.125.24.0-255,4320,190650,34,197862
8936,0.004786,74.125.24.0-255,5738,196388,34,197862
8937,0.004928,74.125.24.0-255,1132,197520,34,197862
8938,0.004931,74.125.24.0-255,105,197625,34,197862
8939,0.005295,172.31.33.0-255,66,197691,34,197862
8940,0.007568,172.31.33.0-255,105,197796,34,197862
8941,0.009743,74.125.24.0-255,66,197862,34,197862
8942,0.0,172.217.194.0-255,153,153,34,177279
8943,2.6e-05,172.31.33.0-255,66,219,34,177279
8944,3.3e-05,172.217.194.0-255,1484,1703,34,177279
8945,3.8e-05,172.31.33.0-255,66,1769,34,177279
8946,4.4e-05,172.217.194.0-255,2902,4671,34,177279
8947,5.4e-05,172.31.33.0-255,66,4737,34,177279
8948,6.2e-05,172.217.194.0-255,7156,11893,34,177279
8949,6.5e-05,172.31.33.0-255,66,11959,34,177279
8950,7e-05,172.217.194.0-255,2090,14049,34,177279
8951,7.2e-05,172.31.33.0-255,66,14115,34,177279
8952,0.000111,172.217.194.0-255,1484,15599,34,177279
8953,0.000113,172.31.33.0-255,66,15665,34,177279
8954,0.000119,172.217.194.0-255,2902,18567,34,177279
8955,0.000121,172.31.33.0-255,66,18633,34,177279
8956,0.000127,172.217.194.0-255,4320,22953,34,177279
8957,0.000134,172.31.33.0-255,66,23019,34,177279
8958,0.000158,172.217.194.0-255,1484,24503,34,177279
8959,0.000165,172.31.33.0-255,66,24569,34,177279
8960,0.000173,172.217.194.0-255,6797,31366,34,177279
8961,0.000175,172.31.33.0-255,66,31432,34,177279
8962,0.000213,172.31.33.0-255,66,31498,34,177279
8963,0.00024,172.217.194.0-255,4320,35818,34,177279
8964,0.000243,172.31.33.0-255,66,35884,34,177279
8965,0.000247,172.217.194.0-255,2543,38427,34,177279
8966,0.00025,172.31.33.0-255,66,38493,34,177279
8967,0.000687,172.217.194.0-255,1484,39977,34,177279
8968,0.000693,172.31.33.0-255,66,40043,34,177279
8969,0.000699,172.217.194.0-255,2902,42945,34,177279
8970,0.000702,172.31.33.0-255,66,43011,34,177279
8971,0.000707,172.217.194.0-255,4320,47331,34,177279
8972,0.000715,172.31.33.0-255,66,47397,34,177279
8973,0.000749,172.217.194.0-255,1484,48881,34,177279
8974,0.000762,172.217.194.0-255,6797,55678,34,177279
8975,0.000765,172.31.33.0-255,66,55744,34,177279
8976,0.000819,172.217.194.0-255,1484,57228,34,177279
8977,0.000832,172.217.194.0-255,2902,60130,34,177279
8978,0.000835,172.31.33.0-255,66,60196,34,177279
8979,0.000866,172.217.194.0-255,4320,64516,34,177279
8980,0.000869,172.31.33.0-255,66,64582,34,177279
8981,0.000896,172.217.194.0-255,1484,66066,34,177279
8982,0.000912,172.31.33.0-255,66,66132,34,177279
8983,0.000923,172.31.33.0-255,66,66198,34,177279
8984,0.000931,172.217.194.0-255,1125,67323,34,177279
8985,0.001043,172.217.194.0-255,646,67969,34,177279
8986,0.001048,172.31.33.0-255,66,68035,34,177279
8987,0.001166,172.217.194.0-255,1484,69519,34,177279
8988,0.00118,172.217.194.0-255,2902,72421,34,177279
8989,0.001184,172.31.33.0-255,66,72487,34,177279
8990,0.001189,172.217.194.0-255,2902,75389,34,177279
8991,0.001192,172.31.33.0-255,66,75455,34,177279
8992,0.001219,172.217.194.0-255,5738,81193,34,177279
8993,0.001222,172.31.33.0-255,66,81259,34,177279
8994,0.001239,172.217.194.0-255,1484,82743,34,177279
8995,0.001255,172.31.33.0-255,66,82809,34,177279
8996,0.001285,172.217.194.0-255,7156,89965,34,177279
8997,0.001288,172.31.33.0-255,66,90031,34,177279
8998,0.001291,172.217.194.0-255,1484,91515,34,177279
8999,0.001296,172.217.194.0-255,2184,93699,34,177279
9000,0.001298,172.31.33.0-255,66,93765,34,177279
9001,0.001476,172.217.194.0-255,1484,95249,34,177279
9002,0.00148,172.217.194.0-255,1484,96733,34,177279
9003,0.001483,172.31.33.0-255,66,96799,34,177279
9004,0.001511,172.217.194.0-255,1484,98283,34,177279
9005,0.001519,172.217.194.0-255,5738,104021,34,177279
9006,0.001522,172.31.33.0-255,66,104087,34,177279
9007,0.001525,172.217.194.0-255,1484,105571,34,177279
9008,0.001562,172.31.33.0-255,66,105637,34,177279
9009,0.001568,172.217.194.0-255,4320,109957,34,177279
9010,0.001571,172.31.33.0-255,66,110023,34,177279
9011,0.001596,172.217.194.0-255,5020,115043,34,177279
9012,0.001599,172.31.33.0-255,66,115109,34,177279
9013,0.001873,172.217.194.0-255,1484,116593,34,177279
9014,0.001878,172.217.194.0-255,2902,119495,34,177279
9015,0.001881,172.31.33.0-255,66,119561,34,177279
9016,0.001919,172.217.194.0-255,2902,122463,34,177279
9017,0.001921,172.31.33.0-255,66,122529,34,177279
9018,0.001942,172.217.194.0-255,2902,125431,34,177279
9019,0.001944,172.31.33.0-255,66,125497,34,177279
9020,0.001956,172.31.33.0-255,66,125563,34,177279
9021,0.001962,172.217.194.0-255,7156,132719,34,177279
9022,0.001965,172.31.33.0-255,66,132785,34,177279
9023,0.001992,172.217.194.0-255,3602,136387,34,177279
9024,0.001995,172.31.33.0-255,66,136453,34,177279
9025,0.002113,172.217.194.0-255,1484,137937,34,177279
9026,0.002118,172.217.194.0-255,2902,140839,34,177279
9027,0.002121,172.31.33.0-255,66,140905,34,177279
9028,0.002153,172.217.194.0-255,5738,146643,34,177279
9029,0.002155,172.31.33.0-255,66,146709,34,177279
9030,0.002163,172.217.194.0-255,7156,153865,34,177279
9031,0.002165,172.31.33.0-255,66,153931,34,177279
9032,0.002193,172.217.194.0-255,5738,159669,34,177279
9033,0.002195,172.31.33.0-255,66,159735,34,177279
9034,0.002206,172.31.33.0-255,66,159801,34,177279
9035,0.004377,172.217.194.0-255,5738,165539,34,177279
9036,0.004391,172.31.33.0-255,66,165605,34,177279
9037,0.006493,172.217.194.0-255,1484,167089,34,177279
9038,0.006513,172.217.194.0-255,4320,171409,34,177279
9039,0.006516,172.31.33.0-255,66,171475,34,177279
9040,0.008666,172.217.194.0-255,5738,177213,34,177279
9041,0.008674,172.31.33.0-255,66,177279,34,177279
9042,0.0,74.125.130.0-255,218,218,34,324233
9043,1.7e-05,172.31.33.0-255,66,284,34,324233
9044,2.3e-05,74.125.130.0-255,1484,1768,34,324233
9045,2.7e-05,172.31.33.0-255,66,1834,34,324233
9046,6.9e-05,74.125.130.0-255,2902,4736,34,324233
9047,7.2e-05,172.31.33.0-255,66,4802,34,324233
9048,0.000112,74.125.130.0-255,4320,9122,34,324233
9049,0.000114,172.31.33.0-255,66,9188,34,324233
9050,0.000119,74.125.130.0-255,2902,12090,34,324233
9051,0.000121,172.31.33.0-255,66,12156,34,324233
9052,0.000149,74.125.130.0-255,3370,15526,34,324233
9053,0.000151,172.31.33.0-255,66,15592,34,324233
9054,0.00018,172.31.33.0-255,66,15658,34,324233
9055,0.000185,74.125.130.0-255,4320,19978,34,324233
9056,0.000187,172.31.33.0-255,66,20044,34,324233
9057,0.000226,74.125.130.0-255,2543,22587,34,324233
9058,0.000229,172.31.33.0-255,66,22653,34,324233
9059,0.000304,74.125.130.0-255,1484,24137,34,324233
9060,0.000307,172.31.33.0-255,66,24203,34,324233
9061,0.000326,74.125.130.0-255,2902,27105,34,324233
9062,0.000329,172.31.33.0-255,66,27171,34,324233
9063,0.000332,74.125.130.0-255,1484,28655,34,324233
9064,0.000333,172.31.33.0-255,66,28721,34,324233
9065,0.000349,74.125.130.0-255,2902,31623,34,324233
9066,0.000351,172.31.33.0-255,66,31689,34,324233
9067,0.000367,74.125.130.0-255,4320,36009,34,324233
9068,0.000369,172.31.33.0-255,66,36075,34,324233
9069,0.000391,74.125.130.0-255,5379,41454,34,324233
9070,0.000393,172.31.33.0-255,66,41520,34,324233
9071,0.000414,74.125.130.0-255,7156,48676,34,324233
9072,0.000416,172.31.33.0-255,66,48742,34,324233
9073,0.000437,74.125.130.0-255,2902,51644,34,324233
9074,0.000439,172.31.33.0-255,66,51710,34,324233
9075,0.000445,74.125.130.0-255,5379,57089,34,324233
9076,0.000447,172.31.33.0-255,66,57155,34,324233
9077,0.00046,74.125.130.0-255,343,57498,34,324233
9078,0.000474,74.125.130.0-255,404,57902,34,324233
9079,0.000895,74.125.130.0-255,1484,59386,34,324233
9080,0.000899,172.31.33.0-255,66,59452,34,324233
9081,0.000917,74.125.130.0-255,1484,60936,34,324233
9082,0.00093,74.125.130.0-255,1484,62420,34,324233
9083,0.000932,172.31.33.0-255,66,62486,34,324233
9084,0.000937,74.125.130.0-255,4320,66806,34,324233
9085,0.000939,172.31.33.0-255,66,66872,34,324233
9086,0.000965,74.125.130.0-255,1484,68356,34,324233
9087,0.000977,74.125.130.0-255,4320,72676,34,324233
9088,0.00098,172.31.33.0-255,66,72742,34,324233
9089,0.000986,74.125.130.0-255,5738,78480,34,324233
9090,0.000988,172.31.33.0-255,66,78546,34,324233
9091,0.001004,74.125.130.0-255,5738,84284,34,324233
9092,0.001005,172.31.33.0-255,66,84350,34,324233
9093,0.00101,74.125.130.0-255,4320,88670,34,324233
9094,0.001012,172.31.33.0-255,66,88736,34,324233
9095,0.001049,74.125.130.0-255,3602,92338,34,324233
9096,0.001052,172.31.33.0-255,66,92404,34,324233
9097,0.001145,74.125.130.0-255,1484,93888,34,324233
9098,0.001183,74.125.130.0-255,2902,96790,34,324233
9099,0.001186,172.31.33.0-255,66,96856,34,324233
9100,0.001193,74.125.130.0-255,5738,102594,34,324233
9101,0.001194,172.31.33.0-255,66,102660,34,324233
9102,0.0012,74.125.130.0-255,5738,108398,34,324233
9103,0.001202,172.31.33.0-255,66,108464,34,324233
9104,0.001223,74.125.130.0-255,2902,111366,34,324233
9105,0.001225,172.31.33.0-255,66,111432,34,324233
9106,0.001252,172.31.33.0-255,66,111498,34,324233
9107,0.001256,74.125.130.0-255,4320,115818,34,324233
9108,0.001258,172.31.33.0-255,66,115884,34,324233
9109,0.001278,74.125.130.0-255,766,116650,34,324233
9110,0.001637,172.31.33.0-255,66,116716,34,324233
9111,0.003782,74.125.130.0-255,1484,118200,34,324233
9112,0.003813,74.125.130.0-255,1484,119684,34,324233
9113,0.003819,172.31.33.0-255,66,119750,34,324233
9114,0.003904,74.125.130.0-255,1484,121234,34,324233
9115,0.00392,74.125.130.0-255,2902,124136,34,324233
9116,0.003923,172.31.33.0-255,66,124202,34,324233
9117,0.003943,74.125.130.0-255,5738,129940,34,324233
9118,0.003946,172.31.33.0-255,66,130006,34,324233
9119,0.003952,74.125.130.0-255,4320,134326,34,324233
9120,0.003954,172.31.33.0-255,66,134392,34,324233
9121,0.003957,74.125.130.0-255,1484,135876,34,324233
9122,0.003978,74.125.130.0-255,4320,140196,34,324233
9123,0.00398,172.31.33.0-255,66,140262,34,324233
9124,0.004041,172.31.33.0-255,66,140328,34,324233
9125,0.004125,74.125.130.0-255,1484,141812,34,324233
9126,0.004145,74.125.130.0-255,2902,144714,34,324233
9127,0.004148,172.31.33.0-255,66,144780,34,324233
9128,0.004154,74.125.130.0-255,4320,149100,34,324233
9129,0.004155,172.31.33.0-255,66,149166,34,324233
9130,0.004171,74.125.130.0-255,5738,154904,34,324233
9131,0.004173,172.31.33.0-255,66,154970,34,324233
9132,0.004191,74.125.130.0-255,2902,157872,34,324233
9133,0.004193,172.31.33.0-255,66,157938,34,324233
9134,0.004209,74.125.130.0-255,2902,160840,34,324233
9135,0.004211,172.31.33.0-255,66,160906,34,324233
9136,0.004214,74.125.130.0-255,2902,163808,34,324233
9137,0.004216,172.31.33.0-255,66,163874,34,324233
9138,0.004258,172.31.33.0-255,66,163940,34,324233
9139,0.004261,74.125.130.0-255,766,164706,34,324233
9140,0.004323,172.31.33.0-255,66,164772,34,324233
9141,0.004364,172.31.33.0-255,66,164838,34,324233
9142,0.004368,74.125.130.0-255,2902,167740,34,324233
9143,0.004369,172.31.33.0-255,66,167806,34,324233
9144,0.004427,74.125.130.0-255,1484,169290,34,324233
9145,0.004445,74.125.130.0-255,2902,172192,34,324233
9146,0.004448,172.31.33.0-255,66,172258,34,324233
9147,0.004465,74.125.130.0-255,1484,173742,34,324233
9148,0.004474,74.125.130.0-255,1484,175226,34,324233
9149,0.004476,172.31.33.0-255,66,175292,34,324233
9150,0.004493,74.125.130.0-255,1484,176776,34,324233
9151,0.004509,74.125.130.0-255,3602,180378,34,324233
9152,0.004512,172.31.33.0-255,66,180444,34,324233
9153,0.004543,74.125.130.0-255,4320,184764,34,324233
9154,0.004546,172.31.33.0-255,66,184830,34,324233
9155,0.004564,74.125.130.0-255,2902,187732,34,324233
9156,0.004566,172.31.33.0-255,66,187798,34,324233
9157,0.004569,74.125.130.0-255,1484,189282,34,324233
9158,0.004588,74.125.130.0-255,2902,192184,34,324233
9159,0.00459,172.31.33.0-255,66,192250,34,324233
9160,0.004626,172.31.33.0-255,66,192316,34,324233
9161,0.004668,172.31.33.0-255,66,192382,34,324233
9162,0.00467,74.125.130.0-255,1484,193866,34,324233
9163,0.004729,74.125.130.0-255,3602,197468,34,324233
9164,0.004733,172.31.33.0-255,66,197534,34,324233
9165,0.004753,74.125.130.0-255,4320,201854,34,324233
9166,0.004755,172.31.33.0-255,66,201920,34,324233
9167,0.004761,74.125.130.0-255,5738,207658,34,324233
9168,0.004764,172.31.33.0-255,66,207724,34,324233
9169,0.004777,74.125.130.0-255,4320,212044,34,324233
9170,0.004779,172.31.33.0-255,66,212110,34,324233
9171,0.004782,74.125.130.0-255,1484,213594,34,324233
9172,0.004786,74.125.130.0-255,2902,216496,34,324233
9173,0.004788,172.31.33.0-255,66,216562,34,324233
9174,0.004837,74.125.130.0-255,5738,222300,34,324233
9175,0.004844,74.125.130.0-255,7156,229456,34,324233
9176,0.004867,74.125.130.0-255,5738,235194,34,324233
9177,0.00488,74.125.130.0-255,2184,237378,34,324233
9178,0.004883,74.125.130.0-255,2902,240280,34,324233
9179,0.004888,74.125.130.0-255,4320,244600,34,324233
9180,0.004912,74.125.130.0-255,5738,250338,34,324233
9181,0.004933,74.125.130.0-255,2902,253240,34,324233
9182,0.004939,74.125.130.0-255,5738,258978,34,324233
9183,0.004966,74.125.130.0-255,6438,265416,34,324233
9184,0.004969,74.125.130.0-255,1484,266900,34,324233
9185,0.004981,74.125.130.0-255,2902,269802,34,324233
9186,0.005002,74.125.130.0-255,1484,271286,34,324233
9187,0.005016,74.125.130.0-255,4320,275606,34,324233
9188,0.005028,74.125.130.0-255,2902,278508,34,324233
9189,0.005046,74.125.130.0-255,5738,284246,34,324233
9190,0.005052,74.125.130.0-255,4320,288566,34,324233
9191,0.00507,74.125.130.0-255,5738,294304,34,324233
9192,0.005088,74.125.130.0-255,3602,297906,34,324233
9193,0.005094,74.125.130.0-255,4320,302226,34,324233
9194,0.005122,74.125.130.0-255,4320,306546,34,324233
9195,0.005136,74.125.130.0-255,5738,312284,34,324233
9196,0.00514,74.125.130.0-255,2902,315186,34,324233
9197,0.00519,74.125.130.0-255,2902,318088,34,324233
9198,0.005211,74.125.130.0-255,5974,324062,34,324233
9199,0.005214,74.125.130.0-255,105,324167,34,324233
9200,0.009621,172.31.33.0-255,66,324233,34,324233
9201,0.0,172.217.194.0-255,146,146,34,223087
9202,3.1e-05,172.31.33.0-255,66,212,34,223087
9203,3.7e-05,172.217.194.0-255,1484,1696,34,223087
9204,4.1e-05,172.31.33.0-255,66,1762,34,223087
9205,4.6e-05,172.217.194.0-255,2902,4664,34,223087
9206,4.9e-05,172.31.33.0-255,66,4730,34,223087
9207,5.6e-05,172.217.194.0-255,5738,10468,34,223087
9208,5.9e-05,172.31.33.0-255,66,10534,34,223087
9209,0.000101,172.217.194.0-255,3496,14030,34,223087
9210,0.000105,172.31.33.0-255,66,14096,34,223087
9211,0.00011,172.217.194.0-255,2902,16998,34,223087
9212,0.000112,172.31.33.0-255,66,17064,34,223087
9213,0.000141,172.217.194.0-255,1484,18548,34,223087
9214,0.000144,172.31.33.0-255,66,18614,34,223087
9215,0.000156,172.31.33.0-255,66,18680,34,223087
9216,0.00016,172.217.194.0-255,2543,21223,34,223087
9217,0.000164,172.31.33.0-255,66,21289,34,223087
9218,0.000195,172.217.194.0-255,1484,22773,34,223087
9219,0.000198,172.31.33.0-255,66,22839,34,223087
9220,0.000203,172.217.194.0-255,1484,24323,34,223087
9221,0.000206,172.31.33.0-255,66,24389,34,223087
9222,0.000221,172.217.194.0-255,1484,25873,34,223087
9223,0.000224,172.31.33.0-255,66,25939,34,223087
9224,0.000231,172.217.194.0-255,5738,31677,34,223087
9225,0.000234,172.31.33.0-255,66,31743,34,223087
9226,0.000269,172.31.33.0-255,66,31809,34,223087
9227,0.000273,172.217.194.0-255,1484,33293,34,223087
9228,0.000275,172.31.33.0-255,66,33359,34,223087
9229,0.000316,172.31.33.0-255,66,33425,34,223087
9230,0.000665,172.217.194.0-255,1484,34909,34,223087
9231,0.000673,172.217.194.0-255,2902,37811,34,223087
9232,0.000678,172.31.33.0-255,66,37877,34,223087
9233,0.000698,172.217.194.0-255,1484,39361,34,223087
9234,0.00071,172.217.194.0-255,2902,42263,34,223087
9235,0.000713,172.31.33.0-255,66,42329,34,223087
9236,0.000733,172.217.194.0-255,1484,43813,34,223087
9237,0.00074,172.217.194.0-255,7156,50969,34,223087
9238,0.000743,172.31.33.0-255,66,51035,34,223087
9239,0.000756,172.217.194.0-255,2902,53937,34,223087
9240,0.000759,172.31.33.0-255,66,54003,34,223087
9241,0.000772,172.31.33.0-255,66,54069,34,223087
9242,0.000791,172.217.194.0-255,2184,56253,34,223087
9243,0.000793,172.31.33.0-255,66,56319,34,223087
9244,0.00093,172.217.194.0-255,1484,57803,34,223087
9245,0.000936,172.217.194.0-255,2902,60705,34,223087
9246,0.000941,172.31.33.0-255,66,60771,34,223087
9247,0.000959,172.217.194.0-255,5738,66509,34,223087
9248,0.000962,172.31.33.0-255,66,66575,34,223087
9249,0.000985,172.31.33.0-255,66,66641,34,223087
9250,0.00101,172.217.194.0-255,4320,70961,34,223087
9251,0.001013,172.31.33.0-255,66,71027,34,223087
9252,0.001016,172.217.194.0-255,1484,72511,34,223087
9253,0.001042,172.31.33.0-255,66,72577,34,223087
9254,0.001644,172.217.194.0-255,1484,74061,34,223087
9255,0.001662,172.217.194.0-255,2902,76963,34,223087
9256,0.001666,172.31.33.0-255,66,77029,34,223087
9257,0.001677,172.217.194.0-255,1484,78513,34,223087
9258,0.001693,172.217.194.0-255,4320,82833,34,223087
9259,0.001696,172.31.33.0-255,66,82899,34,223087
9260,0.001719,172.217.194.0-255,7156,90055,34,223087
9261,0.001722,172.31.33.0-255,66,90121,34,223087
9262,0.001775,172.31.33.0-255,66,90187,34,223087
9263,0.001779,172.217.194.0-255,2184,92371,34,223087
9264,0.00178,172.31.33.0-255,66,92437,34,223087
9265,0.002132,172.217.194.0-255,1484,93921,34,223087
9266,0.002149,172.217.194.0-255,2902,96823,34,223087
9267,0.002152,172.31.33.0-255,66,96889,34,223087
9268,0.002156,172.217.194.0-255,2902,99791,34,223087
9269,0.002157,172.31.33.0-255,66,99857,34,223087
9270,0.002169,172.217.194.0-255,1484,101341,34,223087
9271,0.002179,172.217.194.0-255,1484,102825,34,223087
9272,0.002182,172.31.33.0-255,66,102891,34,223087
9273,0.002206,172.217.194.0-255,7156,110047,34,223087
9274,0.002209,172.31.33.0-255,66,110113,34,223087
9275,0.002214,172.217.194.0-255,5738,115851,34,223087
9276,0.002216,172.31.33.0-255,66,115917,34,223087
9277,0.002231,172.217.194.0-255,4320,120237,34,223087
9278,0.002234,172.31.33.0-255,66,120303,34,223087
9279,0.002269,172.217.194.0-255,7156,127459,34,223087
9280,0.002272,172.31.33.0-255,66,127525,34,223087
9281,0.002298,172.31.33.0-255,66,127591,34,223087
9282,0.002307,172.31.33.0-255,66,127657,34,223087
9283,0.002337,172.31.33.0-255,66,127723,34,223087
9284,0.002343,172.217.194.0-255,6438,134161,34,223087
9285,0.002345,172.31.33.0-255,66,134227,34,223087
9286,0.002376,172.31.33.0-255,66,134293,34,223087
9287,0.002379,172.217.194.0-255,1484,135777,34,223087
9288,0.002395,172.217.194.0-255,2902,138679,34,223087
9289,0.002397,172.31.33.0-255,66,138745,34,223087
9290,0.002429,172.31.33.0-255,66,138811,34,223087
9291,0.002435,172.217.194.0-255,5738,144549,34,223087
9292,0.002437,172.31.33.0-255,66,144615,34,223087
9293,0.00244,172.217.194.0-255,1484,146099,34,223087
9294,0.002445,172.217.194.0-255,5020,151119,34,223087
9295,0.002447,172.31.33.0-255,66,151185,34,223087
9296,0.002503,172.217.194.0-255,1484,152669,34,223087
9297,0.002522,172.217.194.0-255,2902,155571,34,223087
9298,0.002525,172.31.33.0-255,66,155637,34,223087
9299,0.002529,172.217.194.0-255,1484,157121,34,223087
9300,0.002552,172.217.194.0-255,2902,160023,34,223087
9301,0.002554,172.31.33.0-255,66,160089,34,223087
9302,0.002576,172.217.194.0-255,4320,164409,34,223087
9303,0.002578,172.31.33.0-255,66,164475,34,223087
9304,0.002581,172.217.194.0-255,1484,165959,34,223087
9305,0.002601,172.217.194.0-255,7156,173115,34,223087
9306,0.002604,172.31.33.0-255,66,173181,34,223087
9307,0.002609,172.217.194.0-255,4320,177501,34,223087
9308,0.002611,172.31.33.0-255,66,177567,34,223087
9309,0.002613,172.217.194.0-255,1484,179051,34,223087
9310,0.00263,172.217.194.0-255,1484,180535,34,223087
9311,0.002633,172.31.33.0-255,66,180601,34,223087
9312,0.002646,172.217.194.0-255,5738,186339,34,223087
9313,0.002649,172.31.33.0-255,66,186405,34,223087
9314,0.00267,172.217.194.0-255,3602,190007,34,223087
9315,0.002672,172.31.33.0-255,66,190073,34,223087
9316,0.002677,172.217.194.0-255,5738,195811,34,223087
9317,0.002679,172.31.33.0-255,66,195877,34,223087
9318,0.002709,172.217.194.0-255,7156,203033,34,223087
9319,0.002712,172.31.33.0-255,66,203099,34,223087
9320,0.00274,172.31.33.0-255,66,203165,34,223087
9321,0.002745,172.217.194.0-255,6438,209603,34,223087
9322,0.002747,172.31.33.0-255,66,209669,34,223087
9323,0.002816,172.31.33.0-255,66,209735,34,223087
9324,0.002841,172.217.194.0-255,4320,214055,34,223087
9325,0.002844,172.31.33.0-255,66,214121,34,223087
9326,0.002874,172.217.194.0-255,1484,215605,34,223087
9327,0.002876,172.31.33.0-255,66,215671,34,223087
9328,0.002904,172.31.33.0-255,66,215737,34,223087
9329,0.002921,172.217.194.0-255,5738,221475,34,223087
9330,0.002924,172.31.33.0-255,66,221541,34,223087
9331,0.002945,172.217.194.0-255,1204,222745,34,223087
9332,0.002948,172.217.194.0-255,105,222850,34,223087
9333,0.003693,172.31.33.0-255,66,222916,34,223087
9334,0.003716,172.31.33.0-255,105,223021,34,223087
9335,0.005944,172.217.194.0-255,66,223087,34,223087
9336,0.0,172.31.33.0-255,66,66,34,66
9337,0.0,172.31.33.0-255,66,66,34,66
9338,0.0,172.217.194.0-255,153,153,34,193335
9339,2.9e-05,172.31.33.0-255,66,219,34,193335
9340,0.000324,172.217.194.0-255,1484,1703,34,193335
9341,0.000332,172.31.33.0-255,66,1769,34,193335
9342,0.000384,172.217.194.0-255,2902,4671,34,193335
9343,0.000388,172.31.33.0-255,66,4737,34,193335
9344,0.000395,172.217.194.0-255,7156,11893,34,193335
9345,0.000399,172.31.33.0-255,66,11959,34,193335
9346,0.000417,172.31.33.0-255,66,12025,34,193335
9347,0.000432,172.31.33.0-255,66,12091,34,193335
9348,0.000477,172.31.33.0-255,66,12157,34,193335
9349,0.000481,172.217.194.0-255,2543,14700,34,193335
9350,0.000483,172.31.33.0-255,66,14766,34,193335
9351,0.000485,172.217.194.0-255,380,15146,34,193335
9352,0.000487,172.31.33.0-255,66,15212,34,193335
9353,0.00049,172.217.194.0-255,363,15575,34,193335
9354,0.000492,172.31.33.0-255,66,15641,34,193335
9355,0.000562,172.217.194.0-255,1484,17125,34,193335
9356,0.000565,172.31.33.0-255,66,17191,34,193335
9357,0.00057,172.217.194.0-255,2902,20093,34,193335
9358,0.000572,172.31.33.0-255,66,20159,34,193335
9359,0.000623,172.217.194.0-255,5738,25897,34,193335
9360,0.000626,172.31.33.0-255,66,25963,34,193335
9361,0.000632,172.217.194.0-255,6797,32760,34,193335
9362,0.000634,172.31.33.0-255,66,32826,34,193335
9363,0.000666,172.31.33.0-255,66,32892,34,193335
9364,0.000684,172.217.194.0-255,2902,35794,34,193335
9365,0.000686,172.31.33.0-255,66,35860,34,193335
9366,0.000689,172.217.194.0-255,1484,37344,34,193335
9367,0.000709,172.217.194.0-255,1125,38469,34,193335
9368,0.000711,172.31.33.0-255,66,38535,34,193335
9369,0.000767,172.217.194.0-255,1484,40019,34,193335
9370,0.00078,172.217.194.0-255,2902,42921,34,193335
9371,0.000783,172.31.33.0-255,66,42987,34,193335
9372,0.000814,172.217.194.0-255,5738,48725,34,193335
9373,0.000816,172.31.33.0-255,66,48791,34,193335
9374,0.000841,172.31.33.0-255,66,48857,34,193335
9375,0.000875,172.31.33.0-255,66,48923,34,193335
9376,0.0009,172.217.194.0-255,2184,51107,34,193335
9377,0.000902,172.31.33.0-255,66,51173,34,193335
9378,0.000907,172.217.194.0-255,4320,55493,34,193335
9379,0.000909,172.31.33.0-255,66,55559,34,193335
9380,0.00094,172.217.194.0-255,7156,62715,34,193335
9381,0.000951,172.31.33.0-255,66,62781,34,193335
9382,0.000957,172.31.33.0-255,66,62847,34,193335
9383,0.000962,172.217.194.0-255,4320,67167,34,193335
9384,0.000964,172.31.33.0-255,66,67233,34,193335
9385,0.000978,172.31.33.0-255,66,67299,34,193335
9386,0.001021,172.217.194.0-255,5738,73037,34,193335
9387,0.001023,172.31.33.0-255,66,73103,34,193335
9388,0.001029,172.217.194.0-255,7156,80259,34,193335
9389,0.001031,172.31.33.0-255,66,80325,34,193335
9390,0.001062,172.31.33.0-255,66,80391,34,193335
9391,0.001073,172.217.194.0-255,1484,81875,34,193335
9392,0.001082,172.217.194.0-255,6438,88313,34,193335
9393,0.001088,172.31.33.0-255,66,88379,34,193335
9394,0.001112,172.217.194.0-255,4320,92699,34,193335
9395,0.001114,172.31.33.0-255,66,92765,34,193335
9396,0.00114,172.31.33.0-255,66,92831,34,193335
9397,0.001174,172.217.194.0-255,5738,98569,34,193335
9398,0.001176,172.31.33.0-255,66,98635,34,193335
9399,0.001187,172.31.33.0-255,66,98701,34,193335
9400,0.001189,172.217.194.0-255,1484,100185,34,193335
9401,0.001213,172.217.194.0-255,2902,103087,34,193335
9402,0.001215,172.31.33.0-255,66,103153,34,193335
9403,0.001221,172.217.194.0-255,5738,108891,34,193335
9404,0.001222,172.31.33.0-255,66,108957,34,193335
9405,0.001247,172.217.194.0-255,7156,116113,34,193335
9406,0.001249,172.31.33.0-255,66,116179,34,193335
9407,0.001324,172.31.33.0-255,66,116245,34,193335
9408,0.001327,172.217.194.0-255,2184,118429,34,193335
9409,0.001329,172.31.33.0-255,66,118495,34,193335
9410,0.001347,172.217.194.0-255,1484,119979,34,193335
9411,0.001354,172.217.194.0-255,2902,122881,34,193335
9412,0.001356,172.31.33.0-255,66,122947,34,193335
9413,0.001382,172.217.194.0-255,5738,128685,34,193335
9414,0.001385,172.31.33.0-255,66,128751,34,193335
9415,0.001391,172.217.194.0-255,5738,134489,34,193335
9416,0.001393,172.31.33.0-255,66,134555,34,193335
9417,0.001416,172.217.194.0-255,1484,136039,34,193335
9418,0.001421,172.217.194.0-255,4320,140359,34,193335
9419,0.001424,172.31.33.0-255,66,140425,34,193335
9420,0.001455,172.31.33.0-255,66,140491,34,193335
9421,0.001458,172.217.194.0-255,2184,142675,34,193335
9422,0.00146,172.31.33.0-255,66,142741,34,193335
9423,0.001498,172.217.194.0-255,1484,144225,34,193335
9424,0.001515,172.217.194.0-255,2902,147127,34,193335
9425,0.001518,172.31.33.0-255,66,147193,34,193335
9426,0.001524,172.217.194.0-255,5738,152931,34,193335
9427,0.001526,172.31.33.0-255,66,152997,34,193335
9428,0.00155,172.217.194.0-255,4320,157317,34,193335
9429,0.001553,172.31.33.0-255,66,157383,34,193335
9430,0.001556,172.217.194.0-255,2902,160285,34,193335
9431,0.001559,172.31.33.0-255,66,160351,34,193335
9432,0.001597,172.31.33.0-255,66,160417,34,193335
9433,0.001606,172.31.33.0-255,66,160483,34,193335
9434,0.001631,172.217.194.0-255,1484,161967,34,193335
9435,0.001651,172.217.194.0-255,7156,169123,34,193335
9436,0.001654,172.31.33.0-255,66,169189,34,193335
9437,0.001659,172.217.194.0-255,5738,174927,34,193335
9438,0.00166,172.31.33.0-255,66,174993,34,193335
9439,0.00168,172.217.194.0-255,4320,179313,34,193335
9440,0.001683,172.31.33.0-255,66,179379,34,193335
9441,0.001702,172.217.194.0-255,7156,186535,34,193335
9442,0.001705,172.31.33.0-255,66,186601,34,193335
9443,0.001728,172.31.33.0-255,66,186667,34,193335
9444,0.001734,172.217.194.0-255,5738,192405,34,193335
9445,0.001736,172.31.33.0-255,66,192471,34,193335
9446,0.001778,172.31.33.0-255,66,192537,34,193335
9447,0.001786,172.31.33.0-255,66,192603,34,193335
9448,0.001788,172.217.194.0-255,390,192993,34,193335
9449,0.001824,172.217.194.0-255,105,193098,34,193335
9450,0.004113,172.31.33.0-255,66,193164,34,193335
9451,0.004148,172.31.33.0-255,105,193269,34,193335
9452,0.006124,172.217.194.0-255,66,193335,34,193335
9453,0.0,172.217.194.0-255,146,146,34,179669
9454,1.6e-05,172.31.33.0-255,66,212,34,179669
9455,5e-05,172.217.194.0-255,1484,1696,34,179669
9456,5.4e-05,172.31.33.0-255,66,1762,34,179669
9457,6.1e-05,172.217.194.0-255,2902,4664,34,179669
9458,6.5e-05,172.31.33.0-255,66,4730,34,179669
9459,6.8e-05,172.217.194.0-255,1484,6214,34,179669
9460,7e-05,172.31.33.0-255,66,6280,34,179669
9461,0.000103,172.217.194.0-255,2902,9182,34,179669
9462,0.000105,172.31.33.0-255,66,9248,34,179669
9463,0.000127,172.217.194.0-255,4930,14178,34,179669
9464,0.00013,172.31.33.0-255,66,14244,34,179669
9465,0.000139,172.31.33.0-255,66,14310,34,179669
9466,0.000153,172.217.194.0-255,2902,17212,34,179669
9467,0.000155,172.31.33.0-255,66,17278,34,179669
9468,0.000173,172.217.194.0-255,5379,22657,34,179669
9469,0.000176,172.31.33.0-255,66,22723,34,179669
9470,0.000532,172.217.194.0-255,1484,24207,34,179669
9471,0.000537,172.31.33.0-255,66,24273,34,179669
9472,0.000543,172.217.194.0-255,2902,27175,34,179669
9473,0.000545,172.31.33.0-255,66,27241,34,179669
9474,0.000551,172.217.194.0-255,5738,32979,34,179669
9475,0.000553,172.31.33.0-255,66,33045,34,179669
9476,0.000585,172.217.194.0-255,2902,35947,34,179669
9477,0.000588,172.31.33.0-255,66,36013,34,179669
9478,0.000619,172.31.33.0-255,66,36079,34,179669
9479,0.000628,172.31.33.0-255,66,36145,34,179669
9480,0.000631,172.217.194.0-255,365,36510,34,179669
9481,0.000633,172.31.33.0-255,66,36576,34,179669
9482,0.000712,172.217.194.0-255,1484,38060,34,179669
9483,0.000718,172.217.194.0-255,2902,40962,34,179669
9484,0.00072,172.31.33.0-255,66,41028,34,179669
9485,0.000741,172.217.194.0-255,5738,46766,34,179669
9486,0.000743,172.31.33.0-255,66,46832,34,179669
9487,0.000747,172.217.194.0-255,1484,48316,34,179669
9488,0.000771,172.217.194.0-255,5379,53695,34,179669
9489,0.000773,172.31.33.0-255,66,53761,34,179669
9490,0.000777,172.217.194.0-255,1484,55245,34,179669
9491,0.000813,172.31.33.0-255,66,55311,34,179669
9492,0.000816,172.217.194.0-255,2543,57854,34,179669
9493,0.000818,172.31.33.0-255,66,57920,34,179669
9494,0.001082,172.217.194.0-255,1484,59404,34,179669
9495,0.001087,172.217.194.0-255,2902,62306,34,179669
9496,0.00109,172.31.33.0-255,66,62372,34,179669
9497,0.001102,172.217.194.0-255,1484,63856,34,179669
9498,0.001119,172.217.194.0-255,4320,68176,34,179669
9499,0.001121,172.31.33.0-255,66,68242,34,179669
9500,0.001124,172.217.194.0-255,1484,69726,34,179669
9501,0.001147,172.31.33.0-255,66,69792,34,179669
9502,0.001183,172.31.33.0-255,66,69858,34,179669
9503,0.001206,172.217.194.0-255,1484,71342,34,179669
9504,0.001242,172.217.194.0-255,2902,74244,34,179669
9505,0.001245,172.31.33.0-255,66,74310,34,179669
9506,0.001251,172.217.194.0-255,5738,80048,34,179669
9507,0.001253,172.31.33.0-255,66,80114,34,179669
9508,0.001269,172.217.194.0-255,7156,87270,34,179669
9509,0.001271,172.31.33.0-255,66,87336,34,179669
9510,0.001297,172.217.194.0-255,5738,93074,34,179669
9511,0.0013,172.31.33.0-255,66,93140,34,179669
9512,0.001316,172.217.194.0-255,4320,97460,34,179669
9513,0.001319,172.31.33.0-255,66,97526,34,179669
9514,0.001343,172.217.194.0-255,6438,103964,34,179669
9515,0.001346,172.31.33.0-255,66,104030,34,179669
9516,0.001487,172.217.194.0-255,1484,105514,34,179669
9517,0.001504,172.217.194.0-255,2902,108416,34,179669
9518,0.001507,172.31.33.0-255,66,108482,34,179669
9519,0.001538,172.217.194.0-255,1484,109966,34,179669
9520,0.001551,172.217.194.0-255,4320,114286,34,179669
9521,0.001553,172.31.33.0-255,66,114352,34,179669
9522,0.00156,172.217.194.0-255,7156,121508,34,179669
9523,0.001562,172.31.33.0-255,66,121574,34,179669
9524,0.001566,172.217.194.0-255,4320,125894,34,179669
9525,0.001568,172.31.33.0-255,66,125960,34,179669
9526,0.001605,172.31.33.0-255,66,126026,34,179669
9527,0.001609,172.217.194.0-255,2184,128210,34,179669
9528,0.001611,172.31.33.0-255,66,128276,34,179669
9529,0.001699,172.217.194.0-255,1484,129760,34,179669
9530,0.001723,172.217.194.0-255,2902,132662,34,179669
9531,0.001726,172.31.33.0-255,66,132728,34,179669
9532,0.001729,172.217.194.0-255,1484,134212,34,179669
9533,0.001746,172.217.194.0-255,4320,138532,34,179669
9534,0.001749,172.31.33.0-255,66,138598,34,179669
9535,0.001752,172.217.194.0-255,2902,141500,34,179669
9536,0.001754,172.31.33.0-255,66,141566,34,179669
9537,0.001785,172.31.33.0-255,66,141632,34,179669
9538,0.001792,172.217.194.0-255,2902,144534,34,179669
9539,0.001794,172.31.33.0-255,66,144600,34,179669
9540,0.001817,172.31.33.0-255,66,144666,34,179669
9541,0.001852,172.217.194.0-255,1484,146150,34,179669
9542,0.001864,172.217.194.0-255,2902,149052,34,179669
9543,0.001866,172.31.33.0-255,66,149118,34,179669
9544,0.001873,172.217.194.0-255,5738,154856,34,179669
9545,0.001875,172.31.33.0-255,66,154922,34,179669
9546,0.001877,172.217.194.0-255,1484,156406,34,179669
9547,0.001902,172.217.194.0-255,7156,163562,34,179669
9548,0.001904,172.31.33.0-255,66,163628,34,179669
9549,0.001917,172.217.194.0-255,1484,165112,34,179669
9550,0.001934,172.217.194.0-255,5738,170850,34,179669
9551,0.001937,172.31.33.0-255,66,170916,34,179669
9552,0.001967,172.31.33.0-255,66,170982,34,179669
9553,0.001978,172.31.33.0-255,66,171048,34,179669
9554,0.002003,172.31.33.0-255,66,171114,34,179669
9555,0.002013,172.31.33.0-255,66,171180,34,179669
9556,0.002035,172.217.194.0-255,1484,172664,34,179669
9557,0.002068,172.31.33.0-255,66,172730,34,179669
9558,0.002115,172.217.194.0-255,766,173496,34,179669
9559,0.002118,172.31.33.0-255,66,173562,34,179669
9560,0.002136,172.217.194.0-255,4320,177882,34,179669
9561,0.002146,172.31.33.0-255,66,177948,34,179669
9562,0.002226,172.31.33.0-255,66,178014,34,179669
9563,0.002235,172.217.194.0-255,1484,179498,34,179669
9564,0.002257,172.217.194.0-255,105,179603,34,179669
9565,0.002274,172.31.33.0-255,66,179669,34,179669
9566,0.0,74.125.24.0-255,153,153,34,182722
9567,1.9e-05,172.31.33.0-255,66,219,34,182722
9568,2.6e-05,74.125.24.0-255,1484,1703,34,182722
9569,3e-05,172.31.33.0-255,66,1769,34,182722
9570,3.6e-05,74.125.24.0-255,2902,4671,34,182722
9571,4.7e-05,172.31.33.0-255,66,4737,34,182722
9572,5.3e-05,74.125.24.0-255,7156,11893,34,182722
9573,5.6e-05,172.31.33.0-255,66,11959,34,182722
9574,7.8e-05,74.125.24.0-255,2031,13990,34,182722
9575,8.1e-05,172.31.33.0-255,66,14056,34,182722
9576,0.000432,74.125.24.0-255,1484,15540,34,182722
9577,0.000438,172.31.33.0-255,66,15606,34,182722
9578,0.000442,74.125.24.0-255,1484,17090,34,182722
9579,0.000443,172.31.33.0-255,66,17156,34,182722
9580,0.000476,74.125.24.0-255,1484,18640,34,182722
9581,0.000479,172.31.33.0-255,66,18706,34,182722
9582,0.000485,74.125.24.0-255,5738,24444,34,182722
9583,0.000487,172.31.33.0-255,66,24510,34,182722
9584,0.000498,74.125.24.0-255,5738,30248,34,182722
9585,0.0005,172.31.33.0-255,66,30314,34,182722
9586,0.000541,172.31.33.0-255,66,30380,34,182722
9587,0.000551,172.31.33.0-255,66,30446,34,182722
9588,0.000582,74.125.24.0-255,4320,34766,34,182722
9589,0.000585,172.31.33.0-255,66,34832,34,182722
9590,0.000589,74.125.24.0-255,2184,37016,34,182722
9591,0.000591,172.31.33.0-255,66,37082,34,182722
9592,0.001063,74.125.24.0-255,645,37727,34,182722
9593,0.001068,172.31.33.0-255,66,37793,34,182722
9594,0.001273,74.125.24.0-255,1484,39277,34,182722
9595,0.001276,172.31.33.0-255,66,39343,34,182722
9596,0.001282,74.125.24.0-255,2902,42245,34,182722
9597,0.001284,172.31.33.0-255,66,42311,34,182722
9598,0.001289,74.125.24.0-255,4320,46631,34,182722
9599,0.001294,172.31.33.0-255,66,46697,34,182722
9600,0.001311,74.125.24.0-255,1484,48181,34,182722
9601,0.001319,74.125.24.0-255,4320,52501,34,182722
9602,0.001321,172.31.33.0-255,66,52567,34,182722
9603,0.001351,172.31.33.0-255,66,52633,34,182722
9604,0.001355,74.125.24.0-255,2902,55535,34,182722
9605,0.001356,172.31.33.0-255,66,55601,34,182722
9606,0.001384,74.125.24.0-255,4320,59921,34,182722
9607,0.001386,172.31.33.0-255,66,59987,34,182722
9608,0.001408,74.125.24.0-255,3602,63589,34,182722
9609,0.001411,172.31.33.0-255,66,63655,34,182722
9610,0.001982,74.125.24.0-255,1484,65139,34,182722
9611,0.001992,74.125.24.0-255,2902,68041,34,182722
9612,0.001995,172.31.33.0-255,66,68107,34,182722
9613,0.002021,74.125.24.0-255,5738,73845,34,182722
9614,0.002024,172.31.33.0-255,66,73911,34,182722
9615,0.002059,74.125.24.0-255,7156,81067,34,182722
9616,0.002061,172.31.33.0-255,66,81133,34,182722
9617,0.002081,74.125.24.0-255,5738,86871,34,182722
9618,0.002083,172.31.33.0-255,66,86937,34,182722
9619,0.002091,172.31.33.0-255,66,87003,34,182722
9620,0.002115,74.125.24.0-255,2184,89187,34,182722
9621,0.002117,172.31.33.0-255,66,89253,34,182722
9622,0.002195,74.125.24.0-255,1484,90737,34,182722
9623,0.002226,74.125.24.0-255,2902,93639,34,182722
9624,0.002229,172.31.33.0-255,66,93705,34,182722
9625,0.002235,74.125.24.0-255,5738,99443,34,182722
9626,0.002237,172.31.33.0-255,66,99509,34,182722
9627,0.002274,172.31.33.0-255,66,99575,34,182722
9628,0.002279,74.125.24.0-255,4320,103895,34,182722
9629,0.002281,172.31.33.0-255,66,103961,34,182722
9630,0.002308,74.125.24.0-255,1484,105445,34,182722
9631,0.002311,74.125.24.0-255,1484,106929,34,182722
9632,0.002313,172.31.33.0-255,66,106995,34,182722
9633,0.00232,74.125.24.0-255,6438,113433,34,182722
9634,0.002322,172.31.33.0-255,66,113499,34,182722
9635,0.002329,74.125.24.0-255,1484,114983,34,182722
9636,0.002358,74.125.24.0-255,5738,120721,34,182722
9637,0.002361,172.31.33.0-255,66,120787,34,182722
9638,0.002388,172.31.33.0-255,66,120853,34,182722
9639,0.0024,172.31.33.0-255,66,120919,34,182722
9640,0.002428,74.125.24.0-255,3602,124521,34,182722
9641,0.00243,172.31.33.0-255,66,124587,34,182722
9642,0.002536,74.125.24.0-255,1484,126071,34,182722
9643,0.002541,74.125.24.0-255,2902,128973,34,182722
9644,0.002544,172.31.33.0-255,66,129039,34,182722
9645,0.00255,74.125.24.0-255,5738,134777,34,182722
9646,0.002552,172.31.33.0-255,66,134843,34,182722
9647,0.002582,74.125.24.0-255,7156,141999,34,182722
9648,0.002584,172.31.33.0-255,66,142065,34,182722
9649,0.002594,74.125.24.0-255,1484,143549,34,182722
9650,0.002627,172.31.33.0-255,66,143615,34,182722
9651,0.002631,74.125.24.0-255,2184,145799,34,182722
9652,0.002633,172.31.33.0-255,66,145865,34,182722
9653,0.00286,74.125.24.0-255,1484,147349,34,182722
9654,0.002864,74.125.24.0-255,1484,148833,34,182722
9655,0.002866,172.31.33.0-255,66,148899,34,182722
9656,0.00289,74.125.24.0-255,1484,150383,34,182722
9657,0.002896,74.125.24.0-255,5738,156121,34,182722
9658,0.002898,172.31.33.0-255,66,156187,34,182722
9659,0.002924,172.31.33.0-255,66,156253,34,182722
9660,0.002946,74.125.24.0-255,2902,159155,34,182722
9661,0.002949,172.31.33.0-255,66,159221,34,182722
9662,0.002963,172.31.33.0-255,66,159287,34,182722
9663,0.002976,74.125.24.0-255,4320,163607,34,182722
9664,0.002982,172.31.33.0-255,66,163673,34,182722
9665,0.003006,172.31.33.0-255,66,163739,34,182722
9666,0.003044,172.31.33.0-255,66,163805,34,182722
9667,0.003052,172.31.33.0-255,66,163871,34,182722
9668,0.003075,172.31.33.0-255,66,163937,34,182722
9669,0.003114,74.125.24.0-255,7156,171093,34,182722
9670,0.003116,172.31.33.0-255,66,171159,34,182722
9671,0.003144,74.125.24.0-255,3602,174761,34,182722
9672,0.003147,172.31.33.0-255,66,174827,34,182722
9673,0.003164,172.31.33.0-255,66,174893,34,182722
9674,0.003181,172.31.33.0-255,66,174959,34,182722
9675,0.003184,74.125.24.0-255,2902,177861,34,182722
9676,0.003186,172.31.33.0-255,66,177927,34,182722
9677,0.003239,172.31.33.0-255,66,177993,34,182722
9678,0.003243,74.125.24.0-255,1484,179477,34,182722
9679,0.003246,74.125.24.0-255,2837,182314,34,182722
9680,0.003248,172.31.33.0-255,66,182380,34,182722
9681,0.00325,74.125.24.0-255,105,182485,34,182722
9682,0.005488,172.31.33.0-255,66,182551,34,182722
9683,0.005555,172.31.33.0-255,105,182656,34,182722
9684,0.007777,74.125.24.0-255,66,182722,34,182722
9685,0.0,172.31.33.0-255,105,105,34,342
9686,0.002037,74.125.24.0-255,66,171,34,342
9687,0.00207,74.125.24.0-255,105,276,34,342
9688,0.002074,172.31.33.0-255,66,342,34,342
9689,0.0,172.217.194.0-255,153,153,34,136916
9690,2.1e-05,172.31.33.0-255,66,219,34,136916
9691,2.8e-05,172.217.194.0-255,1484,1703,34,136916
9692,3.2e-05,172.31.33.0-255,66,1769,34,136916
9693,3.7e-05,172.217.194.0-255,2902,4671,34,136916
9694,4.8e-05,172.31.33.0-255,66,4737,34,136916
9695,5.6e-05,172.217.194.0-255,7156,11893,34,136916
9696,5.9e-05,172.31.33.0-255,66,11959,34,136916
9697,6.4e-05,172.217.194.0-255,2902,14861,34,136916
9698,6.7e-05,172.31.33.0-255,66,14927,34,136916
9699,9.8e-05,172.217.194.0-255,4863,19790,34,136916
9700,0.000101,172.31.33.0-255,66,19856,34,136916
9701,0.000138,172.31.33.0-255,66,19922,34,136916
9702,0.000162,172.217.194.0-255,2543,22465,34,136916
9703,0.000164,172.31.33.0-255,66,22531,34,136916
9704,0.000168,172.217.194.0-255,1484,24015,34,136916
9705,0.000169,172.31.33.0-255,66,24081,34,136916
9706,0.000174,172.217.194.0-255,2902,26983,34,136916
9707,0.000176,172.31.33.0-255,66,27049,34,136916
9708,0.000182,172.217.194.0-255,5738,32787,34,136916
9709,0.000184,172.31.33.0-255,66,32853,34,136916
9710,0.00021,172.217.194.0-255,6797,39650,34,136916
9711,0.000213,172.31.33.0-255,66,39716,34,136916
9712,0.000251,172.31.33.0-255,66,39782,34,136916
9713,0.000265,172.217.194.0-255,4320,44102,34,136916
9714,0.00027,172.31.33.0-255,66,44168,34,136916
9715,0.000275,172.217.194.0-255,2800,46968,34,136916
9716,0.000276,172.31.33.0-255,66,47034,34,136916
9717,0.000279,172.217.194.0-255,430,47464,34,136916
9718,0.000281,172.31.33.0-255,66,47530,34,136916
9719,0.001323,172.217.194.0-255,1484,49014,34,136916
9720,0.001335,172.217.194.0-255,2902,51916,34,136916
9721,0.001341,172.31.33.0-255,66,51982,34,136916
9722,0.00135,172.217.194.0-255,5738,57720,34,136916
9723,0.001351,172.31.33.0-255,66,57786,34,136916
9724,0.001379,172.31.33.0-255,66,57852,34,136916
9725,0.001389,172.217.194.0-255,4320,62172,34,136916
9726,0.001391,172.31.33.0-255,66,62238,34,136916
9727,0.001429,172.217.194.0-255,5738,67976,34,136916
9728,0.001432,172.31.33.0-255,66,68042,34,136916
9729,0.001455,172.217.194.0-255,766,68808,34,136916
9730,0.00164,172.217.194.0-255,1484,70292,34,136916
9731,0.001645,172.31.33.0-255,66,70358,34,136916
9732,0.001651,172.217.194.0-255,2902,73260,34,136916
9733,0.001653,172.31.33.0-255,66,73326,34,136916
9734,0.001663,172.217.194.0-255,5738,79064,34,136916
9735,0.001665,172.31.33.0-255,66,79130,34,136916
9736,0.001669,172.217.194.0-255,2902,82032,34,136916
9737,0.001671,172.31.33.0-255,66,82098,34,136916
9738,0.001717,172.31.33.0-255,66,82164,34,136916
9739,0.001727,172.31.33.0-255,66,82230,34,136916
9740,0.001729,172.217.194.0-255,766,82996,34,136916
9741,0.001842,172.217.194.0-255,1484,84480,34,136916
9742,0.001848,172.31.33.0-255,66,84546,34,136916
9743,0.001852,172.217.194.0-255,2902,87448,34,136916
9744,0.001854,172.31.33.0-255,66,87514,34,136916
9745,0.001882,172.217.194.0-255,5738,93252,34,136916
9746,0.001885,172.31.33.0-255,66,93318,34,136916
9747,0.001895,172.31.33.0-255,66,93384,34,136916
9748,0.001929,172.217.194.0-255,2902,96286,34,136916
9749,0.001931,172.31.33.0-255,66,96352,34,136916
9750,0.001942,172.31.33.0-255,66,96418,34,136916
9751,0.001944,172.217.194.0-255,766,97184,34,136916
9752,0.001977,172.217.194.0-255,1484,98668,34,136916
9753,0.001979,172.31.33.0-255,66,98734,34,136916
9754,0.001984,172.217.194.0-255,4320,103054,34,136916
9755,0.001986,172.31.33.0-255,66,103120,34,136916
9756,0.002014,172.217.194.0-255,7156,110276,34,136916
9757,0.002016,172.31.33.0-255,66,110342,34,136916
9758,0.002022,172.217.194.0-255,4320,114662,34,136916
9759,0.002024,172.31.33.0-255,66,114728,34,136916
9760,0.002059,172.31.33.0-255,66,114794,34,136916
9761,0.002067,172.31.33.0-255,66,114860,34,136916
9762,0.002143,172.31.33.0-255,66,114926,34,136916
9763,0.002154,172.217.194.0-255,1484,116410,34,136916
9764,0.002163,172.217.194.0-255,5020,121430,34,136916
9765,0.002165,172.31.33.0-255,66,121496,34,136916
9766,0.002176,172.31.33.0-255,66,121562,34,136916
9767,0.002217,172.31.33.0-255,66,121628,34,136916
9768,0.002231,172.31.33.0-255,66,121694,34,136916
9769,0.002288,172.31.33.0-255,66,121760,34,136916
9770,0.002291,172.217.194.0-255,2902,124662,34,136916
9771,0.002293,172.31.33.0-255,66,124728,34,136916
9772,0.00234,172.31.33.0-255,66,124794,34,136916
9773,0.002344,172.217.194.0-255,1484,126278,34,136916
9774,0.002345,172.217.194.0-255,1484,127762,34,136916
9775,0.002348,172.31.33.0-255,78,127840,34,136916
9776,0.002355,172.217.194.0-255,7156,134996,34,136916
9777,0.002359,172.31.33.0-255,78,135074,34,136916
9778,0.002411,172.217.194.0-255,1484,136558,34,136916
9779,0.002435,172.217.194.0-255,97,136655,34,136916
9780,0.002438,172.31.33.0-255,78,136733,34,136916
9781,0.002458,172.217.194.0-255,105,136838,34,136916
9782,0.008576,172.31.33.0-255,78,136916,34,136916
9783,0.0,74.125.24.0-255,156,156,34,186476
9784,2.3e-05,172.31.33.0-255,66,222,34,186476
9785,2.9e-05,74.125.24.0-255,1484,1706,34,186476
9786,3.3e-05,172.31.33.0-255,66,1772,34,186476
9787,6e-05,74.125.24.0-255,2902,4674,34,186476
9788,6.3e-05,172.31.33.0-255,66,4740,34,186476
9789,9.2e-05,74.125.24.0-255,4320,9060,34,186476
9790,9.5e-05,172.31.33.0-255,66,9126,34,186476
9791,0.000119,74.125.24.0-255,4903,14029,34,186476
9792,0.000122,172.31.33.0-255,66,14095,34,186476
9793,0.000155,74.125.24.0-255,2902,16997,34,186476
9794,0.000158,172.31.33.0-255,66,17063,34,186476
9795,0.000197,74.125.24.0-255,4320,21383,34,186476
9796,0.0002,172.31.33.0-255,66,21449,34,186476
9797,0.000217,74.125.24.0-255,4320,25769,34,186476
9798,0.000219,172.31.33.0-255,66,25835,34,186476
9799,0.000247,74.125.24.0-255,5379,31214,34,186476
9800,0.00025,172.31.33.0-255,66,31280,34,186476
9801,0.00029,74.125.24.0-255,1484,32764,34,186476
9802,0.000292,172.31.33.0-255,66,32830,34,186476
9803,0.000297,74.125.24.0-255,2902,35732,34,186476
9804,0.000299,172.31.33.0-255,66,35798,34,186476
9805,0.000328,74.125.24.0-255,5738,41536,34,186476
9806,0.00033,172.31.33.0-255,66,41602,34,186476
9807,0.000362,74.125.24.0-255,2902,44504,34,186476
9808,0.000364,172.31.33.0-255,66,44570,34,186476
9809,0.00039,74.125.24.0-255,3961,48531,34,186476
9810,0.000392,172.31.33.0-255,66,48597,34,186476
9811,0.000774,74.125.24.0-255,1484,50081,34,186476
9812,0.000778,172.31.33.0-255,66,50147,34,186476
9813,0.000782,74.125.24.0-255,1484,51631,34,186476
9814,0.000784,172.31.33.0-255,66,51697,34,186476
9815,0.000803,74.125.24.0-255,1484,53181,34,186476
9816,0.000812,74.125.24.0-255,5738,58919,34,186476
9817,0.000813,74.125.24.0-255,1484,60403,34,186476
9818,0.000819,172.31.33.0-255,66,60469,34,186476
9819,0.00085,74.125.24.0-255,6797,67266,34,186476
9820,0.000853,172.31.33.0-255,66,67332,34,186476
9821,0.000863,172.31.33.0-255,66,67398,34,186476
9822,0.000871,74.125.24.0-255,2902,70300,34,186476
9823,0.000873,172.31.33.0-255,66,70366,34,186476
9824,0.000896,74.125.24.0-255,3961,74327,34,186476
9825,0.000905,74.125.24.0-255,7156,81483,34,186476
9826,0.00091,172.31.33.0-255,66,81549,34,186476
9827,0.000913,172.31.33.0-255,66,81615,34,186476
9828,0.000949,172.31.33.0-255,66,81681,34,186476
9829,0.000969,74.125.24.0-255,648,82329,34,186476
9830,0.001168,74.125.24.0-255,1484,83813,34,186476
9831,0.001172,172.31.33.0-255,66,83879,34,186476
9832,0.001177,74.125.24.0-255,2902,86781,34,186476
9833,0.001179,172.31.33.0-255,66,86847,34,186476
9834,0.001181,74.125.24.0-255,1484,88331,34,186476
9835,0.001205,74.125.24.0-255,4320,92651,34,186476
9836,0.001207,172.31.33.0-255,66,92717,34,186476
9837,0.001238,172.31.33.0-255,66,92783,34,186476
9838,0.001258,74.125.24.0-255,2902,95685,34,186476
9839,0.001261,172.31.33.0-255,66,95751,34,186476
9840,0.001291,172.31.33.0-255,66,95817,34,186476
9841,0.001753,74.125.24.0-255,1484,97301,34,186476
9842,0.001762,74.125.24.0-255,2902,100203,34,186476
9843,0.001765,172.31.33.0-255,66,100269,34,186476
9844,0.001794,74.125.24.0-255,5738,106007,34,186476
9845,0.001796,172.31.33.0-255,66,106073,34,186476
9846,0.001801,74.125.24.0-255,4320,110393,34,186476
9847,0.001803,172.31.33.0-255,66,110459,34,186476
9848,0.001834,172.31.33.0-255,66,110525,34,186476
9849,0.001851,74.125.24.0-255,5738,116263,34,186476
9850,0.001853,172.31.33.0-255,66,116329,34,186476
9851,0.001878,74.125.24.0-255,5020,121349,34,186476
9852,0.00188,172.31.33.0-255,66,121415,34,186476
9853,0.002496,74.125.24.0-255,1484,122899,34,186476
9854,0.002505,74.125.24.0-255,2902,125801,34,186476
9855,0.002509,172.31.33.0-255,66,125867,34,186476
9856,0.002517,74.125.24.0-255,5738,131605,34,186476
9857,0.002519,172.31.33.0-255,66,131671,34,186476
9858,0.002556,74.125.24.0-255,1484,133155,34,186476
9859,0.002592,172.31.33.0-255,66,133221,34,186476
9860,0.00261,172.31.33.0-255,66,133287,34,186476
9861,0.002635,74.125.24.0-255,1484,134771,34,186476
9862,0.00265,74.125.24.0-255,2902,137673,34,186476
9863,0.002653,172.31.33.0-255,66,137739,34,186476
9864,0.002657,74.125.24.0-255,2902,140641,34,186476
9865,0.00266,172.31.33.0-255,66,140707,34,186476
9866,0.002676,74.125.24.0-255,2902,143609,34,186476
9867,0.002679,172.31.33.0-255,66,143675,34,186476
9868,0.002697,172.31.33.0-255,66,143741,34,186476
9869,0.002722,74.125.24.0-255,1484,145225,34,186476
9870,0.002739,172.31.33.0-255,66,145291,34,186476
9871,0.002741,74.125.24.0-255,766,146057,34,186476
9872,0.002828,74.125.24.0-255,1484,147541,34,186476
9873,0.00283,172.31.33.0-255,66,147607,34,186476
9874,0.002848,74.125.24.0-255,2902,150509,34,186476
9875,0.00285,172.31.33.0-255,66,150575,34,186476
9876,0.002853,74.125.24.0-255,1484,152059,34,186476
9877,0.002884,172.31.33.0-255,66,152125,34,186476
9878,0.002916,74.125.24.0-255,5738,157863,34,186476
9879,0.002919,172.31.33.0-255,66,157929,34,186476
9880,0.002922,74.125.24.0-255,1484,159413,34,186476
9881,0.002925,74.125.24.0-255,1484,160897,34,186476
9882,0.002927,172.31.33.0-255,66,160963,34,186476
9883,0.002939,74.125.24.0-255,4320,165283,34,186476
9884,0.002941,172.31.33.0-255,66,165349,34,186476
9885,0.002966,74.125.24.0-255,6438,171787,34,186476
9886,0.002973,172.31.33.0-255,66,171853,34,186476
9887,0.00301,74.125.24.0-255,1484,173337,34,186476
9888,0.003026,74.125.24.0-255,2902,176239,34,186476
9889,0.003029,172.31.33.0-255,66,176305,34,186476
9890,0.003034,74.125.24.0-255,4320,180625,34,186476
9891,0.003037,172.31.33.0-255,66,180691,34,186476
9892,0.003057,74.125.24.0-255,1484,182175,34,186476
9893,0.003076,172.31.33.0-255,66,182241,34,186476
9894,0.003103,172.31.33.0-255,66,182307,34,186476
9895,0.00313,74.125.24.0-255,3602,185909,34,186476
9896,0.003132,172.31.33.0-255,66,185975,34,186476
9897,0.00315,172.31.33.0-255,66,186041,34,186476
9898,0.003203,172.31.33.0-255,66,186107,34,186476
9899,0.003227,172.31.33.0-255,66,186173,34,186476
9900,0.003239,172.31.33.0-255,66,186239,34,186476
9901,0.003347,172.31.33.0-255,66,186305,34,186476
9902,0.00335,74.125.24.0-255,105,186410,34,186476
9903,0.009968,172.31.33.0-255,66,186476,34,186476
9904,0.0,216.58.203.0-255,153,153,34,314721
9905,2.6e-05,172.31.33.0-255,66,219,34,314721
9906,3.2e-05,216.58.203.0-255,1484,1703,34,314721
9907,3.6e-05,172.31.33.0-255,66,1769,34,314721
9908,4.1e-05,216.58.203.0-255,2902,4671,34,314721
9909,4.3e-05,172.31.33.0-255,66,4737,34,314721
9910,4.9e-05,216.58.203.0-255,7156,11893,34,314721
9911,5.1e-05,172.31.33.0-255,66,11959,34,314721
9912,5.4e-05,216.58.203.0-255,2166,14125,34,314721
9913,5.6e-05,172.31.33.0-255,66,14191,34,314721
9914,9.2e-05,216.58.203.0-255,1484,15675,34,314721
9915,9.5e-05,172.31.33.0-255,66,15741,34,314721
9916,9.8e-05,216.58.203.0-255,1484,17225,34,314721
9917,9.9e-05,172.31.33.0-255,66,17291,34,314721
9918,0.000119,216.58.203.0-255,1484,18775,34,314721
9919,0.000122,172.31.33.0-255,66,18841,34,314721
9920,0.000128,216.58.203.0-255,5738,24579,34,314721
9921,0.00013,172.31.33.0-255,66,24645,34,314721
9922,0.000164,216.58.203.0-255,6797,31442,34,314721
9923,0.000167,172.31.33.0-255,66,31508,34,314721
9924,0.000209,216.58.203.0-255,1484,32992,34,314721
9925,0.000212,172.31.33.0-255,66,33058,34,314721
9926,0.000216,216.58.203.0-255,2902,35960,34,314721
9927,0.000218,172.31.33.0-255,66,36026,34,314721
9928,0.000228,216.58.203.0-255,1484,37510,34,314721
9929,0.000229,172.31.33.0-255,66,37576,34,314721
9930,0.000252,216.58.203.0-255,4320,41896,34,314721
9931,0.000255,172.31.33.0-255,66,41962,34,314721
9932,0.000261,216.58.203.0-255,6797,48759,34,314721
9933,0.000263,172.31.33.0-255,66,48825,34,314721
9934,0.000578,216.58.203.0-255,1484,50309,34,314721
9935,0.000582,172.31.33.0-255,66,50375,34,314721
9936,0.000587,216.58.203.0-255,2902,53277,34,314721
9937,0.000589,172.31.33.0-255,66,53343,34,314721
9938,0.000605,216.58.203.0-255,5738,59081,34,314721
9939,0.000608,172.31.33.0-255,66,59147,34,314721
9940,0.000611,216.58.203.0-255,2902,62049,34,314721
9941,0.000613,172.31.33.0-255,66,62115,34,314721
9942,0.000635,216.58.203.0-255,3961,66076,34,314721
9943,0.000637,172.31.33.0-255,66,66142,34,314721
9944,0.00064,216.58.203.0-255,360,66502,34,314721
9945,0.000691,172.31.33.0-255,66,66568,34,314721
9946,0.001181,216.58.203.0-255,1484,68052,34,314721
9947,0.00119,216.58.203.0-255,2902,70954,34,314721
9948,0.001194,172.31.33.0-255,66,71020,34,314721
9949,0.001201,216.58.203.0-255,5738,76758,34,314721
9950,0.001203,172.31.33.0-255,66,76824,34,314721
9951,0.001222,216.58.203.0-255,5738,82562,34,314721
9952,0.001224,172.31.33.0-255,66,82628,34,314721
9953,0.001244,216.58.203.0-255,862,83490,34,314721
9954,0.00129,216.58.203.0-255,1484,84974,34,314721
9955,0.001292,172.31.33.0-255,66,85040,34,314721
9956,0.00131,216.58.203.0-255,4320,89360,34,314721
9957,0.001312,172.31.33.0-255,66,89426,34,314721
9958,0.001315,216.58.203.0-255,2902,92328,34,314721
9959,0.001317,172.31.33.0-255,66,92394,34,314721
9960,0.001344,216.58.203.0-255,2902,95296,34,314721
9961,0.001346,172.31.33.0-255,66,95362,34,314721
9962,0.001355,172.31.33.0-255,66,95428,34,314721
9963,0.001367,216.58.203.0-255,3961,99389,34,314721
9964,0.001369,172.31.33.0-255,66,99455,34,314721
9965,0.001397,216.58.203.0-255,5738,105193,34,314721
9966,0.001399,172.31.33.0-255,66,105259,34,314721
9967,0.001411,216.58.203.0-255,3847,109106,34,314721
9968,0.001412,172.31.33.0-255,66,109172,34,314721
9969,0.001813,216.58.203.0-255,211,109383,34,314721
9970,0.002043,216.58.203.0-255,1484,110867,34,314721
9971,0.002046,172.31.33.0-255,66,110933,34,314721
9972,0.00205,216.58.203.0-255,2902,113835,34,314721
9973,0.002052,172.31.33.0-255,66,113901,34,314721
9974,0.002068,216.58.203.0-255,5738,119639,34,314721
9975,0.002071,172.31.33.0-255,66,119705,34,314721
9976,0.002093,216.58.203.0-255,7156,126861,34,314721
9977,0.002095,172.31.33.0-255,66,126927,34,314721
9978,0.002104,172.31.33.0-255,66,126993,34,314721
9979,0.00214,172.31.33.0-255,66,127059,34,314721
9980,0.003199,216.58.203.0-255,1484,128543,34,314721
9981,0.003218,216.58.203.0-255,2902,131445,34,314721
9982,0.00322,172.31.33.0-255,66,131511,34,314721
9983,0.003225,216.58.203.0-255,5738,137249,34,314721
9984,0.003227,172.31.33.0-255,66,137315,34,314721
9985,0.003256,172.31.33.0-255,66,137381,34,314721
9986,0.003262,216.58.203.0-255,7156,144537,34,314721
9987,0.003263,172.31.33.0-255,66,144603,34,314721
9988,0.003306,216.58.203.0-255,3602,148205,34,314721
9989,0.003308,172.31.33.0-255,66,148271,34,314721
9990,0.003342,216.58.203.0-255,4320,152591,34,314721
9991,0.003344,172.31.33.0-255,66,152657,34,314721
9992,0.003364,216.58.203.0-255,2902,155559,34,314721
9993,0.003365,172.31.33.0-255,66,155625,34,314721
9994,0.003369,216.58.203.0-255,4320,159945,34,314721
9995,0.003371,172.31.33.0-255,66,160011,34,314721
9996,0.003389,216.58.203.0-255,5738,165749,34,314721
9997,0.003391,172.31.33.0-255,66,165815,34,314721
9998,0.003418,172.31.33.0-255,66,165881,34,314721
9999,0.003427,216.58.203.0-255,2902,168783,34,314721
10000,0.003429,172.31.33.0-255,66,168849,34,314721
10001,0.003432,216.58.203.0-255,1484,170333,34,314721
10002,0.003452,172.31.33.0-255,66,170399,34,314721
10003,0.003455,216.58.203.0-255,1484,171883,34,314721
10004,0.003482,172.31.33.0-255,66,171949,34,314721
10005,0.003487,216.58.203.0-255,5738,177687,34,314721
10006,0.003489,172.31.33.0-255,66,177753,34,314721
10007,0.003501,216.58.203.0-255,5738,183491,34,314721
10008,0.003503,172.31.33.0-255,66,183557,34,314721
10009,0.003507,216.58.203.0-255,2902,186459,34,314721
10010,0.003522,172.31.33.0-255,66,186525,34,314721
10011,0.003541,216.58.203.0-255,2184,188709,34,314721
10012,0.003543,172.31.33.0-255,66,188775,34,314721
10013,0.003605,216.58.203.0-255,1484,190259,34,314721
10014,0.003621,216.58.203.0-255,2902,193161,34,314721
10015,0.003624,172.31.33.0-255,66,193227,34,314721
10016,0.003646,216.58.203.0-255,5738,198965,34,314721
10017,0.003649,172.31.33.0-255,66,199031,34,314721
10018,0.003661,216.58.203.0-255,2902,201933,34,314721
10019,0.003663,172.31.33.0-255,66,201999,34,314721
10020,0.003689,216.58.203.0-255,5738,207737,34,314721
10021,0.003692,172.31.33.0-255,66,207803,34,314721
10022,0.003694,216.58.203.0-255,1484,209287,34,314721
10023,0.003697,216.58.203.0-255,1484,210771,34,314721
10024,0.003699,172.31.33.0-255,66,210837,34,314721
10025,0.00372,216.58.203.0-255,2902,213739,34,314721
10026,0.003722,172.31.33.0-255,66,213805,34,314721
10027,0.003726,216.58.203.0-255,2902,216707,34,314721
10028,0.003728,172.31.33.0-255,66,216773,34,314721
10029,0.003732,216.58.203.0-255,2902,219675,34,314721
10030,0.003733,172.31.33.0-255,66,219741,34,314721
10031,0.003754,216.58.203.0-255,3602,223343,34,314721
10032,0.003756,172.31.33.0-255,66,223409,34,314721
10033,0.003825,216.58.203.0-255,1484,224893,34,314721
10034,0.00383,216.58.203.0-255,1484,226377,34,314721
10035,0.003832,172.31.33.0-255,66,226443,34,314721
10036,0.003852,216.58.203.0-255,1484,227927,34,314721
10037,0.003858,216.58.203.0-255,5738,233665,34,314721
10038,0.003861,172.31.33.0-255,66,233731,34,314721
10039,0.00391,216.58.203.0-255,5738,239469,34,314721
10040,0.003914,172.31.33.0-255,66,239535,34,314721
10041,0.00392,216.58.203.0-255,7156,246691,34,314721
10042,0.003922,172.31.33.0-255,66,246757,34,314721
10043,0.003927,216.58.203.0-255,7156,253913,34,314721
10044,0.003929,172.31.33.0-255,66,253979,34,314721
10045,0.00396,216.58.203.0-255,3602,257581,34,314721
10046,0.003965,172.31.33.0-255,66,257647,34,314721
10047,0.003981,216.58.203.0-255,1484,259131,34,314721
10048,0.003987,216.58.203.0-255,2902,262033,34,314721
10049,0.003989,172.31.33.0-255,66,262099,34,314721
10050,0.003997,216.58.203.0-255,5738,267837,34,314721
10051,0.004,172.31.33.0-255,66,267903,34,314721
10052,0.00403,216.58.203.0-255,4320,272223,34,314721
10053,0.004033,172.31.33.0-255,66,272289,34,314721
10054,0.00404,216.58.203.0-255,5738,278027,34,314721
10055,0.004042,172.31.33.0-255,66,278093,34,314721
10056,0.004056,172.31.33.0-255,66,278159,34,314721
10057,0.004069,216.58.203.0-255,1484,279643,34,314721
10058,0.004074,216.58.203.0-255,2184,281827,34,314721
10059,0.004076,172.31.33.0-255,66,281893,34,314721
10060,0.004354,216.58.203.0-255,1484,283377,34,314721
10061,0.004359,216.58.203.0-255,1484,284861,34,314721
10062,0.004362,172.31.33.0-255,66,284927,34,314721
10063,0.004379,216.58.203.0-255,1484,286411,34,314721
10064,0.004386,216.58.203.0-255,4320,290731,34,314721
10065,0.004389,172.31.33.0-255,66,290797,34,314721
10066,0.004394,216.58.203.0-255,2902,293699,34,314721
10067,0.004398,172.31.33.0-255,66,293765,34,314721
10068,0.004429,216.58.203.0-255,2902,296667,34,314721
10069,0.004434,172.31.33.0-255,66,296733,34,314721
10070,0.004461,172.31.33.0-255,66,296799,34,314721
10071,0.004473,216.58.203.0-255,5738,302537,34,314721
10072,0.004477,172.31.33.0-255,66,302603,34,314721
10073,0.004484,216.58.203.0-255,5020,307623,34,314721
10074,0.004487,172.31.33.0-255,66,307689,34,314721
10075,0.004493,216.58.203.0-255,5738,313427,34,314721
10076,0.004497,172.31.33.0-255,66,313493,34,314721
10077,0.004514,216.58.203.0-255,1123,314616,34,314721
10078,0.004565,216.58.203.0-255,105,314721,34,314721
10079,0.0,172.31.33.0-255,105,105,34,276
10080,0.002094,157.240.7.0-255,105,210,34,276
10081,0.002106,172.31.33.0-255,66,276,34,276
10082,0.0,172.217.194.0-255,153,153,34,232160
10083,2.6e-05,172.31.33.0-255,66,219,34,232160
10084,3.3e-05,172.217.194.0-255,1484,1703,34,232160
10085,3.7e-05,172.31.33.0-255,66,1769,34,232160
10086,4.1e-05,172.217.194.0-255,2902,4671,34,232160
10087,4.4e-05,172.31.33.0-255,66,4737,34,232160
10088,5e-05,172.217.194.0-255,5738,10475,34,232160
10089,5.3e-05,172.31.33.0-255,66,10541,34,232160
10090,7.7e-05,172.217.194.0-255,1484,12025,34,232160
10091,7.9e-05,172.31.33.0-255,66,12091,34,232160
10092,8.3e-05,172.217.194.0-255,1985,14076,34,232160
10093,8.4e-05,172.31.33.0-255,66,14142,34,232160
10094,0.000109,172.217.194.0-255,4320,18462,34,232160
10095,0.000112,172.31.33.0-255,66,18528,34,232160
10096,0.000138,172.217.194.0-255,7156,25684,34,232160
10097,0.00014,172.31.33.0-255,66,25750,34,232160
10098,0.00015,172.31.33.0-255,66,25816,34,232160
10099,0.000207,172.31.33.0-255,66,25882,34,232160
10100,0.000222,172.217.194.0-255,4320,30202,34,232160
10101,0.000225,172.31.33.0-255,66,30268,34,232160
10102,0.000249,172.217.194.0-255,7156,37424,34,232160
10103,0.000252,172.31.33.0-255,66,37490,34,232160
10104,0.000273,172.217.194.0-255,5379,42869,34,232160
10105,0.000277,172.31.33.0-255,66,42935,34,232160
10106,0.000312,172.217.194.0-255,5738,48673,34,232160
10107,0.000316,172.31.33.0-255,66,48739,34,232160
10108,0.000322,172.217.194.0-255,5738,54477,34,232160
10109,0.000324,172.31.33.0-255,66,54543,34,232160
10110,0.000338,172.217.194.0-255,2902,57445,34,232160
10111,0.000341,172.31.33.0-255,66,57511,34,232160
10112,0.000376,172.217.194.0-255,2543,60054,34,232160
10113,0.00038,172.31.33.0-255,66,60120,34,232160
10114,0.000841,172.217.194.0-255,1484,61604,34,232160
10115,0.000849,172.217.194.0-255,1484,63088,34,232160
10116,0.000852,172.31.33.0-255,66,63154,34,232160
10117,0.000865,172.217.194.0-255,1484,64638,34,232160
10118,0.000872,172.217.194.0-255,5738,70376,34,232160
10119,0.000874,172.31.33.0-255,66,70442,34,232160
10120,0.000897,172.217.194.0-255,2902,73344,34,232160
10121,0.000901,172.31.33.0-255,66,73410,34,232160
10122,0.000924,172.31.33.0-255,66,73476,34,232160
10123,0.000936,172.31.33.0-255,66,73542,34,232160
10124,0.001212,172.217.194.0-255,1484,75026,34,232160
10125,0.001219,172.217.194.0-255,2902,77928,34,232160
10126,0.001222,172.31.33.0-255,66,77994,34,232160
10127,0.001242,172.217.194.0-255,5738,83732,34,232160
10128,0.001245,172.31.33.0-255,66,83798,34,232160
10129,0.001249,172.217.194.0-255,2902,86700,34,232160
10130,0.001252,172.31.33.0-255,66,86766,34,232160
10131,0.001274,172.217.194.0-255,4320,91086,34,232160
10132,0.001276,172.31.33.0-255,66,91152,34,232160
10133,0.001293,172.217.194.0-255,5738,96890,34,232160
10134,0.001295,172.31.33.0-255,66,96956,34,232160
10135,0.001299,172.217.194.0-255,1484,98440,34,232160
10136,0.001323,172.31.33.0-255,66,98506,34,232160
10137,0.001387,172.217.194.0-255,1484,99990,34,232160
10138,0.001397,172.217.194.0-255,1484,101474,34,232160
10139,0.001399,172.31.33.0-255,66,101540,34,232160
10140,0.001415,172.217.194.0-255,1484,103024,34,232160
10141,0.00142,172.217.194.0-255,5738,108762,34,232160
10142,0.001422,172.31.33.0-255,66,108828,34,232160
10143,0.001475,172.31.33.0-255,66,108894,34,232160
10144,0.001484,172.31.33.0-255,66,108960,34,232160
10145,0.001505,172.217.194.0-255,2184,111144,34,232160
10146,0.001506,172.31.33.0-255,66,111210,34,232160
10147,0.002672,172.217.194.0-255,1484,112694,34,232160
10148,0.002687,172.217.194.0-255,2902,115596,34,232160
10149,0.002689,172.31.33.0-255,66,115662,34,232160
10150,0.002704,172.217.194.0-255,2902,118564,34,232160
10151,0.002706,172.31.33.0-255,66,118630,34,232160
10152,0.002722,172.217.194.0-255,2902,121532,34,232160
10153,0.002724,172.31.33.0-255,66,121598,34,232160
10154,0.00273,172.217.194.0-255,7156,128754,34,232160
10155,0.002732,172.31.33.0-255,66,128820,34,232160
10156,0.002741,172.217.194.0-255,1484,130304,34,232160
10157,0.002743,172.217.194.0-255,1484,131788,34,232160
10158,0.002744,172.31.33.0-255,66,131854,34,232160
10159,0.00278,172.217.194.0-255,2902,134756,34,232160
10160,0.002782,172.31.33.0-255,66,134822,34,232160
10161,0.0028,172.31.33.0-255,66,134888,34,232160
10162,0.002822,172.217.194.0-255,2184,137072,34,232160
10163,0.002823,172.31.33.0-255,66,137138,34,232160
10164,0.002914,172.217.194.0-255,1484,138622,34,232160
10165,0.002932,172.217.194.0-255,2902,141524,34,232160
10166,0.002934,172.31.33.0-255,66,141590,34,232160
10167,0.002949,172.217.194.0-255,2902,144492,34,232160
10168,0.002951,172.31.33.0-255,66,144558,34,232160
10169,0.002966,172.217.194.0-255,2902,147460,34,232160
10170,0.002968,172.31.33.0-255,66,147526,34,232160
10171,0.002981,172.217.194.0-255,2902,150428,34,232160
10172,0.002983,172.31.33.0-255,66,150494,34,232160
10173,0.00302,172.31.33.0-255,66,150560,34,232160
10174,0.003028,172.31.33.0-255,66,150626,34,232160
10175,0.00305,172.217.194.0-255,1484,152110,34,232160
10176,0.003091,172.31.33.0-255,66,152176,34,232160
10177,0.003102,172.31.33.0-255,66,152242,34,232160
10178,0.003106,172.217.194.0-255,5738,157980,34,232160
10179,0.003109,172.31.33.0-255,66,158046,34,232160
10180,0.003129,172.217.194.0-255,2902,160948,34,232160
10181,0.003131,172.31.33.0-255,66,161014,34,232160
10182,0.003153,172.217.194.0-255,2902,163916,34,232160
10183,0.003155,172.31.33.0-255,66,163982,34,232160
10184,0.003178,172.31.33.0-255,66,164048,34,232160
10185,0.003206,172.217.194.0-255,2902,166950,34,232160
10186,0.003255,172.217.194.0-255,2184,169134,34,232160
10187,0.003258,172.217.194.0-255,2902,172036,34,232160
10188,0.003258,172.31.33.0-255,66,172102,34,232160
10189,0.003265,172.31.33.0-255,66,172168,34,232160
10190,0.003284,172.217.194.0-255,4320,176488,34,232160
10191,0.003291,172.31.33.0-255,66,176554,34,232160
10192,0.003307,172.217.194.0-255,2902,179456,34,232160
10193,0.003313,172.217.194.0-255,5738,185194,34,232160
10194,0.003319,172.31.33.0-255,66,185260,34,232160
10195,0.003349,172.217.194.0-255,5738,190998,34,232160
10196,0.003357,172.31.33.0-255,66,191064,34,232160
10197,0.003379,172.217.194.0-255,3602,194666,34,232160
10198,0.003379,172.31.33.0-255,66,194732,34,232160
10199,0.003383,172.31.33.0-255,66,194798,34,232160
10200,0.00343,172.217.194.0-255,1484,196282,34,232160
10201,0.003431,172.31.33.0-255,66,196348,34,232160
10202,0.003432,172.217.194.0-255,1484,197832,34,232160
10203,0.003438,172.31.33.0-255,66,197898,34,232160
10204,0.003453,172.217.194.0-255,5738,203636,34,232160
10205,0.003456,172.217.194.0-255,1484,205120,34,232160
10206,0.00346,172.31.33.0-255,66,205186,34,232160
10207,0.003492,172.217.194.0-255,7156,212342,34,232160
10208,0.003499,172.31.33.0-255,66,212408,34,232160
10209,0.003507,172.217.194.0-255,1484,213892,34,232160
10210,0.00353,172.217.194.0-255,5738,219630,34,232160
10211,0.003539,172.31.33.0-255,66,219696,34,232160
10212,0.003544,172.217.194.0-255,3602,223298,34,232160
10213,0.003551,172.31.33.0-255,66,223364,34,232160
10214,0.003568,172.217.194.0-255,1484,224848,34,232160
10215,0.003591,172.217.194.0-255,7141,231989,34,232160
10216,0.0036,172.31.33.0-255,66,232055,34,232160
10217,0.003628,172.217.194.0-255,105,232160,34,232160
10218,0.0,74.125.24.0-255,156,156,34,268577
10219,2.9e-05,172.31.33.0-255,66,222,34,268577
10220,3.5e-05,74.125.24.0-255,1484,1706,34,268577
10221,3.9e-05,172.31.33.0-255,66,1772,34,268577
10222,4.3e-05,74.125.24.0-255,2902,4674,34,268577
10223,4.5e-05,172.31.33.0-255,66,4740,34,268577
10224,5.1e-05,74.125.24.0-255,7156,11896,34,268577
10225,5.3e-05,172.31.33.0-255,66,11962,34,268577
10226,7.7e-05,74.125.24.0-255,2023,13985,34,268577
10227,7.9e-05,172.31.33.0-255,66,14051,34,268577
10228,0.000105,74.125.24.0-255,2902,16953,34,268577
10229,0.000107,172.31.33.0-255,66,17019,34,268577
10230,0.000122,74.125.24.0-255,4320,21339,34,268577
10231,0.000124,172.31.33.0-255,66,21405,34,268577
10232,0.000138,74.125.24.0-255,2902,24307,34,268577
10233,0.000139,172.31.33.0-255,66,24373,34,268577
10234,0.000177,74.125.24.0-255,1484,25857,34,268577
10235,0.000179,172.31.33.0-255,66,25923,34,268577
10236,0.000198,74.125.24.0-255,5379,31302,34,268577
10237,0.000201,172.31.33.0-255,66,31368,34,268577
10238,0.000291,74.125.24.0-255,1484,32852,34,268577
10239,0.000295,172.31.33.0-255,66,32918,34,268577
10240,0.000299,74.125.24.0-255,2902,35820,34,268577
10241,0.000302,172.31.33.0-255,66,35886,34,268577
10242,0.000323,74.125.24.0-255,4320,40206,34,268577
10243,0.000326,172.31.33.0-255,66,40272,34,268577
10244,0.000348,74.125.24.0-255,5738,46010,34,268577
10245,0.00035,172.31.33.0-255,66,46076,34,268577
10246,0.000378,74.125.24.0-255,7156,53232,34,268577
10247,0.000381,172.31.33.0-255,66,53298,34,268577
10248,0.000406,74.125.24.0-255,5379,58677,34,268577
10249,0.000409,172.31.33.0-255,66,58743,34,268577
10250,0.000411,74.125.24.0-255,1484,60227,34,268577
10251,0.000438,74.125.24.0-255,1484,61711,34,268577
10252,0.00044,172.31.33.0-255,66,61777,34,268577
10253,0.000459,74.125.24.0-255,4288,66065,34,268577
10254,0.000461,172.31.33.0-255,66,66131,34,268577
10255,0.000471,74.125.24.0-255,114,66245,34,268577
10256,0.000633,74.125.24.0-255,333,66578,34,268577
10257,0.000728,172.31.33.0-255,66,66644,34,268577
10258,0.000813,74.125.24.0-255,1484,68128,34,268577
10259,0.000831,74.125.24.0-255,2902,71030,34,268577
10260,0.000834,172.31.33.0-255,66,71096,34,268577
10261,0.00084,74.125.24.0-255,5738,76834,34,268577
10262,0.000842,172.31.33.0-255,66,76900,34,268577
10263,0.000907,74.125.24.0-255,5738,82638,34,268577
10264,0.000911,172.31.33.0-255,66,82704,34,268577
10265,0.000932,74.125.24.0-255,6797,89501,34,268577
10266,0.000935,172.31.33.0-255,66,89567,34,268577
10267,0.000939,74.125.24.0-255,4320,93887,34,268577
10268,0.000941,172.31.33.0-255,66,93953,34,268577
10269,0.00096,74.125.24.0-255,6797,100750,34,268577
10270,0.000962,172.31.33.0-255,66,100816,34,268577
10271,0.001808,74.125.24.0-255,1484,102300,34,268577
10272,0.001831,74.125.24.0-255,2902,105202,34,268577
10273,0.001835,172.31.33.0-255,66,105268,34,268577
10274,0.001842,74.125.24.0-255,5738,111006,34,268577
10275,0.001844,172.31.33.0-255,66,111072,34,268577
10276,0.001854,172.31.33.0-255,66,111138,34,268577
10277,0.001876,74.125.24.0-255,2902,114040,34,268577
10278,0.001879,172.31.33.0-255,66,114106,34,268577
10279,0.001907,172.31.33.0-255,66,114172,34,268577
10280,0.00192,74.125.24.0-255,2184,116356,34,268577
10281,0.001924,172.31.33.0-255,66,116422,34,268577
10282,0.002685,74.125.24.0-255,1484,117906,34,268577
10283,0.002705,74.125.24.0-255,2902,120808,34,268577
10284,0.002708,172.31.33.0-255,66,120874,34,268577
10285,0.002715,74.125.24.0-255,5738,126612,34,268577
10286,0.002717,172.31.33.0-255,66,126678,34,268577
10287,0.002745,172.31.33.0-255,66,126744,34,268577
10288,0.00275,74.125.24.0-255,4320,131064,34,268577
10289,0.002753,172.31.33.0-255,66,131130,34,268577
10290,0.002758,74.125.24.0-255,6438,137568,34,268577
10291,0.002761,172.31.33.0-255,66,137634,34,268577
10292,0.002895,74.125.24.0-255,1484,139118,34,268577
10293,0.0029,74.125.24.0-255,2902,142020,34,268577
10294,0.002903,172.31.33.0-255,66,142086,34,268577
10295,0.002908,74.125.24.0-255,2902,144988,34,268577
10296,0.00291,172.31.33.0-255,66,145054,34,268577
10297,0.002925,74.125.24.0-255,2902,147956,34,268577
10298,0.002927,172.31.33.0-255,66,148022,34,268577
10299,0.00293,74.125.24.0-255,1484,149506,34,268577
10300,0.002946,74.125.24.0-255,4320,153826,34,268577
10301,0.002949,172.31.33.0-255,66,153892,34,268577
10302,0.002976,74.125.24.0-255,7156,161048,34,268577
10303,0.002978,172.31.33.0-255,66,161114,34,268577
10304,0.002981,74.125.24.0-255,1484,162598,34,268577
10305,0.002984,74.125.24.0-255,1484,164082,34,268577
10306,0.002987,172.31.33.0-255,66,164148,34,268577
10307,0.002997,74.125.24.0-255,2902,167050,34,268577
10308,0.002999,172.31.33.0-255,66,167116,34,268577
10309,0.00304,172.31.33.0-255,66,167182,34,268577
10310,0.003043,74.125.24.0-255,1484,168666,34,268577
10311,0.003047,74.125.24.0-255,2902,171568,34,268577
10312,0.003049,172.31.33.0-255,66,171634,34,268577
10313,0.00307,74.125.24.0-255,5738,177372,34,268577
10314,0.003073,172.31.33.0-255,66,177438,34,268577
10315,0.003101,172.31.33.0-255,66,177504,34,268577
10316,0.003143,74.125.24.0-255,1484,178988,34,268577
10317,0.003162,74.125.24.0-255,2902,181890,34,268577
10318,0.003164,172.31.33.0-255,66,181956,34,268577
10319,0.003168,74.125.24.0-255,4320,186276,34,268577
10320,0.00317,172.31.33.0-255,66,186342,34,268577
10321,0.003186,74.125.24.0-255,5738,192080,34,268577
10322,0.003188,172.31.33.0-255,66,192146,34,268577
10323,0.003206,74.125.24.0-255,2902,195048,34,268577
10324,0.003209,172.31.33.0-255,66,195114,34,268577
10325,0.003248,172.31.33.0-255,66,195180,34,268577
10326,0.003295,74.125.24.0-255,4320,199500,34,268577
10327,0.003299,172.31.33.0-255,66,199566,34,268577
10328,0.003304,74.125.24.0-255,5738,205304,34,268577
10329,0.003305,172.31.33.0-255,66,205370,34,268577
10330,0.003308,74.125.24.0-255,1484,206854,34,268577
10331,0.003312,74.125.24.0-255,4320,211174,34,268577
10332,0.003314,172.31.33.0-255,66,211240,34,268577
10333,0.003338,172.31.33.0-255,66,211306,34,268577
10334,0.003352,74.125.24.0-255,4320,215626,34,268577
10335,0.003354,172.31.33.0-255,66,215692,34,268577
10336,0.003383,172.31.33.0-255,66,215758,34,268577
10337,0.003386,74.125.24.0-255,1484,217242,34,268577
10338,0.003388,74.125.24.0-255,1484,218726,34,268577
10339,0.003391,172.31.33.0-255,66,218792,34,268577
10340,0.003393,74.125.24.0-255,5738,224530,34,268577
10341,0.003395,172.31.33.0-255,66,224596,34,268577
10342,0.003397,74.125.24.0-255,1484,226080,34,268577
10343,0.0034,74.125.24.0-255,1484,227564,34,268577
10344,0.003401,172.31.33.0-255,66,227630,34,268577
10345,0.003419,74.125.24.0-255,1484,229114,34,268577
10346,0.00343,74.125.24.0-255,4320,233434,34,268577
10347,0.003433,172.31.33.0-255,66,233500,34,268577
10348,0.003454,74.125.24.0-255,2902,236402,34,268577
10349,0.003457,172.31.33.0-255,66,236468,34,268577
10350,0.003466,172.31.33.0-255,66,236534,34,268577
10351,0.003471,74.125.24.0-255,5738,242272,34,268577
10352,0.003474,172.31.33.0-255,66,242338,34,268577
10353,0.003492,74.125.24.0-255,2902,245240,34,268577
10354,0.003495,172.31.33.0-255,66,245306,34,268577
10355,0.003532,172.31.33.0-255,66,245372,34,268577
10356,0.003538,74.125.24.0-255,7156,252528,34,268577
10357,0.00354,172.31.33.0-255,66,252594,34,268577
10358,0.003542,74.125.24.0-255,1484,254078,34,268577
10359,0.003544,74.125.24.0-255,766,254844,34,268577
10360,0.003546,172.31.33.0-255,66,254910,34,268577
10361,0.003593,74.125.24.0-255,1484,256394,34,268577
10362,0.00361,74.125.24.0-255,2902,259296,34,268577
10363,0.003613,172.31.33.0-255,66,259362,34,268577
10364,0.003618,74.125.24.0-255,4320,263682,34,268577
10365,0.003621,172.31.33.0-255,66,263748,34,268577
10366,0.003632,74.125.24.0-255,1484,265232,34,268577
10367,0.003667,172.31.33.0-255,66,265298,34,268577
10368,0.003673,74.125.24.0-255,1484,266782,34,268577
10369,0.003676,74.125.24.0-255,1453,268235,34,268577
10370,0.003678,172.31.33.0-255,66,268301,34,268577
10371,0.003762,74.125.24.0-255,105,268406,34,268577
10372,0.008923,172.31.33.0-255,66,268472,34,268577
10373,0.008952,172.31.33.0-255,105,268577,34,268577
10374,0.0,74.125.24.0-255,146,146,34,190831
10375,2.2e-05,172.31.33.0-255,66,212,34,190831
10376,3.7e-05,74.125.24.0-255,1484,1696,34,190831
10377,4.6e-05,172.31.33.0-255,66,1762,34,190831
10378,5.1e-05,74.125.24.0-255,2902,4664,34,190831
10379,5.3e-05,172.31.33.0-255,66,4730,34,190831
10380,8.1e-05,74.125.24.0-255,7156,11886,34,190831
10381,8.3e-05,172.31.33.0-255,66,11952,34,190831
10382,8.7e-05,74.125.24.0-255,1484,13436,34,190831
10383,8.9e-05,172.31.33.0-255,66,13502,34,190831
10384,0.000112,74.125.24.0-255,573,14075,34,190831
10385,0.000115,172.31.33.0-255,66,14141,34,190831
10386,0.000332,74.125.24.0-255,1484,15625,34,190831
10387,0.000336,172.31.33.0-255,66,15691,34,190831
10388,0.000339,74.125.24.0-255,1484,17175,34,190831
10389,0.000341,172.31.33.0-255,66,17241,34,190831
10390,0.000361,74.125.24.0-255,1484,18725,34,190831
10391,0.000368,172.31.33.0-255,66,18791,34,190831
10392,0.000376,74.125.24.0-255,5738,24529,34,190831
10393,0.000379,172.31.33.0-255,66,24595,34,190831
10394,0.000416,74.125.24.0-255,6797,31392,34,190831
10395,0.000418,172.31.33.0-255,66,31458,34,190831
10396,0.000432,74.125.24.0-255,4320,35778,34,190831
10397,0.000439,172.31.33.0-255,66,35844,34,190831
10398,0.000465,74.125.24.0-255,2902,38746,34,190831
10399,0.000468,172.31.33.0-255,66,38812,34,190831
10400,0.000477,172.31.33.0-255,66,38878,34,190831
10401,0.000484,74.125.24.0-255,1125,40003,34,190831
10402,0.000487,172.31.33.0-255,66,40069,34,190831
10403,0.001121,74.125.24.0-255,1484,41553,34,190831
10404,0.001126,172.31.33.0-255,66,41619,34,190831
10405,0.001135,74.125.24.0-255,2902,44521,34,190831
10406,0.001137,172.31.33.0-255,66,44587,34,190831
10407,0.001147,74.125.24.0-255,2902,47489,34,190831
10408,0.001149,172.31.33.0-255,66,47555,34,190831
10409,0.001182,74.125.24.0-255,2902,50457,34,190831
10410,0.001185,172.31.33.0-255,66,50523,34,190831
10411,0.001191,74.125.24.0-255,7156,57679,34,190831
10412,0.001193,172.31.33.0-255,66,57745,34,190831
10413,0.001217,74.125.24.0-255,3961,61706,34,190831
10414,0.00122,172.31.33.0-255,66,61772,34,190831
10415,0.001224,74.125.24.0-255,2902,64674,34,190831
10416,0.001225,172.31.33.0-255,66,64740,34,190831
10417,0.001268,172.31.33.0-255,66,64806,34,190831
10418,0.001277,172.31.33.0-255,66,64872,34,190831
10419,0.001291,172.31.33.0-255,66,64938,34,190831
10420,0.001295,74.125.24.0-255,4320,69258,34,190831
10421,0.001297,172.31.33.0-255,66,69324,34,190831
10422,0.001345,172.31.33.0-255,66,69390,34,190831
10423,0.001351,74.125.24.0-255,7156,76546,34,190831
10424,0.001352,172.31.33.0-255,66,76612,34,190831
10425,0.001373,74.125.24.0-255,5738,82350,34,190831
10426,0.001379,172.31.33.0-255,66,82416,34,190831
10427,0.001383,74.125.24.0-255,4661,87077,34,190831
10428,0.001385,172.31.33.0-255,66,87143,34,190831
10429,0.001802,74.125.24.0-255,1484,88627,34,190831
10430,0.001819,74.125.24.0-255,1484,90111,34,190831
10431,0.001821,172.31.33.0-255,66,90177,34,190831
10432,0.001841,74.125.24.0-255,1484,91661,34,190831
10433,0.001846,74.125.24.0-255,4320,95981,34,190831
10434,0.001848,172.31.33.0-255,66,96047,34,190831
10435,0.001859,74.125.24.0-255,1484,97531,34,190831
10436,0.001884,74.125.24.0-255,5738,103269,34,190831
10437,0.001886,172.31.33.0-255,66,103335,34,190831
10438,0.00189,74.125.24.0-255,4320,107655,34,190831
10439,0.001892,172.31.33.0-255,66,107721,34,190831
10440,0.001917,74.125.24.0-255,2902,110623,34,190831
10441,0.001918,172.31.33.0-255,66,110689,34,190831
10442,0.001922,74.125.24.0-255,2902,113591,34,190831
10443,0.001924,172.31.33.0-255,66,113657,34,190831
10444,0.001945,172.31.33.0-255,66,113723,34,190831
10445,0.002314,74.125.24.0-255,1484,115207,34,190831
10446,0.002327,74.125.24.0-255,2902,118109,34,190831
10447,0.002329,172.31.33.0-255,66,118175,34,190831
10448,0.002354,74.125.24.0-255,5738,123913,34,190831
10449,0.002357,172.31.33.0-255,66,123979,34,190831
10450,0.002421,172.31.33.0-255,66,124045,34,190831
10451,0.002432,172.31.33.0-255,66,124111,34,190831
10452,0.002457,74.125.24.0-255,1484,125595,34,190831
10453,0.002462,74.125.24.0-255,2184,127779,34,190831
10454,0.002464,172.31.33.0-255,66,127845,34,190831
10455,0.00285,74.125.24.0-255,1484,129329,34,190831
10456,0.002853,74.125.24.0-255,1484,130813,34,190831
10457,0.002855,172.31.33.0-255,66,130879,34,190831
10458,0.002878,74.125.24.0-255,1484,132363,34,190831
10459,0.002883,74.125.24.0-255,5738,138101,34,190831
10460,0.002885,172.31.33.0-255,66,138167,34,190831
10461,0.00289,74.125.24.0-255,5738,143905,34,190831
10462,0.002892,172.31.33.0-255,66,143971,34,190831
10463,0.002907,74.125.24.0-255,2902,146873,34,190831
10464,0.002909,172.31.33.0-255,66,146939,34,190831
10465,0.002927,74.125.24.0-255,4320,151259,34,190831
10466,0.002933,172.31.33.0-255,66,151325,34,190831
10467,0.002936,74.125.24.0-255,2902,154227,34,190831
10468,0.002938,172.31.33.0-255,66,154293,34,190831
10469,0.00298,172.31.33.0-255,66,154359,34,190831
10470,0.002991,172.31.33.0-255,66,154425,34,190831
10471,0.003011,74.125.24.0-255,5738,160163,34,190831
10472,0.003014,172.31.33.0-255,66,160229,34,190831
10473,0.003052,172.31.33.0-255,66,160295,34,190831
10474,0.003056,74.125.24.0-255,2184,162479,34,190831
10475,0.003058,172.31.33.0-255,66,162545,34,190831
10476,0.003483,74.125.24.0-255,1484,164029,34,190831
10477,0.00349,74.125.24.0-255,2902,166931,34,190831
10478,0.003494,172.31.33.0-255,66,166997,34,190831
10479,0.003526,74.125.24.0-255,5738,172735,34,190831
10480,0.003529,172.31.33.0-255,66,172801,34,190831
10481,0.003551,74.125.24.0-255,7156,179957,34,190831
10482,0.003554,172.31.33.0-255,66,180023,34,190831
10483,0.003583,74.125.24.0-255,4320,184343,34,190831
10484,0.003585,172.31.33.0-255,66,184409,34,190831
10485,0.00359,74.125.24.0-255,2902,187311,34,190831
10486,0.003593,172.31.33.0-255,66,187377,34,190831
10487,0.00361,172.31.33.0-255,66,187443,34,190831
10488,0.00366,172.31.33.0-255,66,187509,34,190831
10489,0.003666,74.125.24.0-255,1484,188993,34,190831
10490,0.003704,172.31.33.0-255,66,189059,34,190831
10491,0.003723,172.31.33.0-255,66,189125,34,190831
10492,0.003747,172.31.33.0-255,66,189191,34,190831
10493,0.003834,74.125.24.0-255,1469,190660,34,190831
10494,0.003838,74.125.24.0-255,105,190765,34,190831
10495,0.009819,172.31.33.0-255,66,190831,34,190831
10496,0.0,74.125.130.0-255,143,143,34,213572
10497,2.1e-05,172.31.33.0-255,66,209,34,213572
10498,2.8e-05,74.125.130.0-255,1484,1693,34,213572
10499,3.3e-05,172.31.33.0-255,66,1759,34,213572
10500,3.6e-05,74.125.130.0-255,1484,3243,34,213572
10501,3.9e-05,172.31.33.0-255,66,3309,34,213572
10502,4.6e-05,74.125.130.0-255,2902,6211,34,213572
10503,4.9e-05,172.31.33.0-255,66,6277,34,213572
10504,0.000126,74.125.130.0-255,5738,12015,34,213572
10505,0.00013,172.31.33.0-255,66,12081,34,213572
10506,0.000137,74.125.130.0-255,4965,17046,34,213572
10507,0.00014,172.31.33.0-255,66,17112,34,213572
10508,0.000146,74.125.130.0-255,5738,22850,34,213572
10509,0.000148,172.31.33.0-255,66,22916,34,213572
10510,0.00016,172.31.33.0-255,66,22982,34,213572
10511,0.00028,74.125.130.0-255,1484,24466,34,213572
10512,0.000284,172.31.33.0-255,66,24532,34,213572
10513,0.000302,74.125.130.0-255,2902,27434,34,213572
10514,0.000304,172.31.33.0-255,66,27500,34,213572
10515,0.000311,74.125.130.0-255,5738,33238,34,213572
10516,0.000314,172.31.33.0-255,66,33304,34,213572
10517,0.000337,74.125.130.0-255,1484,34788,34,213572
10518,0.00034,172.31.33.0-255,66,34854,34,213572
10519,0.000367,74.125.130.0-255,5379,40233,34,213572
10520,0.000369,172.31.33.0-255,66,40299,34,213572
10521,0.000377,74.125.130.0-255,7156,47455,34,213572
10522,0.00038,172.31.33.0-255,66,47521,34,213572
10523,0.000383,74.125.130.0-255,1484,49005,34,213572
10524,0.000385,172.31.33.0-255,66,49071,34,213572
10525,0.000419,172.31.33.0-255,66,49137,34,213572
10526,0.000423,74.125.130.0-255,119,49256,34,213572
10527,0.000444,74.125.130.0-255,380,49636,34,213572
10528,0.000576,74.125.130.0-255,1484,51120,34,213572
10529,0.000581,172.31.33.0-255,66,51186,34,213572
10530,0.000585,74.125.130.0-255,1484,52670,34,213572
10531,0.0006,74.125.130.0-255,1484,54154,34,213572
10532,0.000603,172.31.33.0-255,66,54220,34,213572
10533,0.000621,74.125.130.0-255,1484,55704,34,213572
10534,0.000627,74.125.130.0-255,5738,61442,34,213572
10535,0.00063,172.31.33.0-255,66,61508,34,213572
10536,0.000651,74.125.130.0-255,5379,66887,34,213572
10537,0.000654,172.31.33.0-255,66,66953,34,213572
10538,0.000711,74.125.130.0-255,1484,68437,34,213572
10539,0.000728,74.125.130.0-255,2902,71339,34,213572
10540,0.000732,172.31.33.0-255,66,71405,34,213572
10541,0.000735,74.125.130.0-255,1484,72889,34,213572
10542,0.000738,74.125.130.0-255,1484,74373,34,213572
10543,0.00074,172.31.33.0-255,66,74439,34,213572
10544,0.000752,74.125.130.0-255,1484,75923,34,213572
10545,0.000766,74.125.130.0-255,5738,81661,34,213572
10546,0.000769,172.31.33.0-255,66,81727,34,213572
10547,0.000793,74.125.130.0-255,2543,84270,34,213572
10548,0.000796,172.31.33.0-255,66,84336,34,213572
10549,0.001143,74.125.130.0-255,1484,85820,34,213572
10550,0.001167,74.125.130.0-255,2902,88722,34,213572
10551,0.001171,172.31.33.0-255,66,88788,34,213572
10552,0.001199,74.125.130.0-255,5738,94526,34,213572
10553,0.001202,172.31.33.0-255,66,94592,34,213572
10554,0.001207,74.125.130.0-255,2902,97494,34,213572
10555,0.001208,172.31.33.0-255,66,97560,34,213572
10556,0.001213,74.125.130.0-255,4320,101880,34,213572
10557,0.001215,172.31.33.0-255,66,101946,34,213572
10558,0.001249,172.31.33.0-255,66,102012,34,213572
10559,0.001254,74.125.130.0-255,4320,106332,34,213572
10560,0.001256,172.31.33.0-255,66,106398,34,213572
10561,0.001298,74.125.130.0-255,3602,110000,34,213572
10562,0.001301,172.31.33.0-255,66,110066,34,213572
10563,0.001645,74.125.130.0-255,1484,111550,34,213572
10564,0.00165,74.125.130.0-255,1484,113034,34,213572
10565,0.001653,172.31.33.0-255,66,113100,34,213572
10566,0.001659,74.125.130.0-255,2902,116002,34,213572
10567,0.001661,172.31.33.0-255,66,116068,34,213572
10568,0.001695,74.125.130.0-255,5738,121806,34,213572
10569,0.001698,172.31.33.0-255,66,121872,34,213572
10570,0.001702,74.125.130.0-255,2902,124774,34,213572
10571,0.001704,172.31.33.0-255,66,124840,34,213572
10572,0.001722,74.125.130.0-255,5738,130578,34,213572
10573,0.001724,172.31.33.0-255,66,130644,34,213572
10574,0.001727,74.125.130.0-255,1484,132128,34,213572
10575,0.001757,74.125.130.0-255,3602,135730,34,213572
10576,0.001761,172.31.33.0-255,66,135796,34,213572
10577,0.001764,172.31.33.0-255,66,135862,34,213572
10578,0.001918,74.125.130.0-255,1484,137346,34,213572
10579,0.001933,74.125.130.0-255,2902,140248,34,213572
10580,0.001937,172.31.33.0-255,66,140314,34,213572
10581,0.00195,74.125.130.0-255,1484,141798,34,213572
10582,0.001965,74.125.130.0-255,4320,146118,34,213572
10583,0.001969,74.125.130.0-255,2902,149020,34,213572
10584,0.001974,74.125.130.0-255,4320,153340,34,213572
10585,0.001977,172.31.33.0-255,66,153406,34,213572
10586,0.00198,172.31.33.0-255,66,153472,34,213572
10587,0.001983,172.31.33.0-255,66,153538,34,213572
10588,0.002008,172.31.33.0-255,66,153604,34,213572
10589,0.002014,74.125.130.0-255,4320,157924,34,213572
10590,0.002016,172.31.33.0-255,66,157990,34,213572
10591,0.002064,74.125.130.0-255,3602,161592,34,213572
10592,0.002068,172.31.33.0-255,66,161658,34,213572
10593,0.002109,74.125.130.0-255,1484,163142,34,213572
10594,0.002112,74.125.130.0-255,1484,164626,34,213572
10595,0.002115,172.31.33.0-255,66,164692,34,213572
10596,0.002133,74.125.130.0-255,1484,166176,34,213572
10597,0.00214,74.125.130.0-255,5738,171914,34,213572
10598,0.002143,172.31.33.0-255,66,171980,34,213572
10599,0.002166,74.125.130.0-255,5738,177718,34,213572
10600,0.002169,172.31.33.0-255,66,177784,34,213572
10601,0.002181,74.125.130.0-255,2902,180686,34,213572
10602,0.002184,172.31.33.0-255,66,180752,34,213572
10603,0.002188,74.125.130.0-255,2902,183654,34,213572
10604,0.00219,172.31.33.0-255,66,183720,34,213572
10605,0.002219,74.125.130.0-255,7156,190876,34,213572
10606,0.002222,172.31.33.0-255,66,190942,34,213572
10607,0.002229,74.125.130.0-255,5020,195962,34,213572
10608,0.002232,172.31.33.0-255,66,196028,34,213572
10609,0.004519,74.125.130.0-255,5738,201766,34,213572
10610,0.004527,172.31.33.0-255,66,201832,34,213572
10611,0.006796,74.125.130.0-255,2902,204734,34,213572
10612,0.0068,172.31.33.0-255,66,204800,34,213572
10613,0.006818,74.125.130.0-255,2902,207702,34,213572
10614,0.00682,172.31.33.0-255,66,207768,34,213572
10615,0.0091,74.125.130.0-255,5738,213506,34,213572
10616,0.009107,172.31.33.0-255,66,213572,34,213572
10617,0.0,74.125.68.0-255,150,150,34,272987
10618,3.6e-05,172.31.33.0-255,66,216,34,272987
10619,4.4e-05,74.125.68.0-255,1484,1700,34,272987
10620,4.8e-05,172.31.33.0-255,66,1766,34,272987
10621,6e-05,74.125.68.0-255,2902,4668,34,272987
10622,6.3e-05,172.31.33.0-255,66,4734,34,272987
10623,9.1e-05,74.125.68.0-255,2902,7636,34,272987
10624,9.4e-05,172.31.33.0-255,66,7702,34,272987
10625,0.000125,74.125.68.0-255,4320,12022,34,272987
10626,0.000129,172.31.33.0-255,66,12088,34,272987
10627,0.000133,74.125.68.0-255,2082,14170,34,272987
10628,0.000135,172.31.33.0-255,66,14236,34,272987
10629,0.000164,74.125.68.0-255,2902,17138,34,272987
10630,0.000168,172.31.33.0-255,66,17204,34,272987
10631,0.000173,74.125.68.0-255,4320,21524,34,272987
10632,0.000176,172.31.33.0-255,66,21590,34,272987
10633,0.000217,74.125.68.0-255,1484,23074,34,272987
10634,0.00022,172.31.33.0-255,66,23140,34,272987
10635,0.000244,74.125.68.0-255,4320,27460,34,272987
10636,0.000247,172.31.33.0-255,66,27526,34,272987
10637,0.000281,74.125.68.0-255,3961,31487,34,272987
10638,0.000284,172.31.33.0-255,66,31553,34,272987
10639,0.000411,74.125.68.0-255,1484,33037,34,272987
10640,0.000415,172.31.33.0-255,66,33103,34,272987
10641,0.000443,74.125.68.0-255,2902,36005,34,272987
10642,0.000447,172.31.33.0-255,66,36071,34,272987
10643,0.000482,74.125.68.0-255,4320,40391,34,272987
10644,0.000485,172.31.33.0-255,66,40457,34,272987
10645,0.000512,74.125.68.0-255,4320,44777,34,272987
10646,0.000517,172.31.33.0-255,66,44843,34,272987
10647,0.000544,74.125.68.0-255,5379,50222,34,272987
10648,0.000548,172.31.33.0-255,66,50288,34,272987
10649,0.000561,172.31.33.0-255,66,50354,34,272987
10650,0.000592,74.125.68.0-255,5690,56044,34,272987
10651,0.000596,172.31.33.0-255,66,56110,34,272987
10652,0.0006,74.125.68.0-255,112,56222,34,272987
10653,0.000738,74.125.68.0-255,1484,57706,34,272987
10654,0.000743,172.31.33.0-255,66,57772,34,272987
10655,0.000748,74.125.68.0-255,2902,60674,34,272987
10656,0.000751,172.31.33.0-255,66,60740,34,272987
10657,0.000762,74.125.68.0-255,5738,66478,34,272987
10658,0.000765,172.31.33.0-255,66,66544,34,272987
10659,0.000803,74.125.68.0-255,6797,73341,34,272987
10660,0.000806,172.31.33.0-255,66,73407,34,272987
10661,0.000813,74.125.68.0-255,7156,80563,34,272987
10662,0.000816,172.31.33.0-255,66,80629,34,272987
10663,0.000856,172.31.33.0-255,66,80695,34,272987
10664,0.000904,74.125.68.0-255,1367,82062,34,272987
10665,0.00111,172.31.33.0-255,66,82128,34,272987
10666,0.001186,74.125.68.0-255,1484,83612,34,272987
10667,0.001196,74.125.68.0-255,2902,86514,34,272987
10668,0.001199,172.31.33.0-255,66,86580,34,272987
10669,0.001207,74.125.68.0-255,5738,92318,34,272987
10670,0.001209,172.31.33.0-255,66,92384,34,272987
10671,0.001232,74.125.68.0-255,1484,93868,34,272987
10672,0.001245,74.125.68.0-255,2902,96770,34,272987
10673,0.001248,172.31.33.0-255,66,96836,34,272987
10674,0.00126,74.125.68.0-255,4320,101156,34,272987
10675,0.001264,172.31.33.0-255,66,101222,34,272987
10676,0.001293,74.125.68.0-255,1484,102706,34,272987
10677,0.001308,172.31.33.0-255,66,102772,34,272987
10678,0.001312,74.125.68.0-255,2184,104956,34,272987
10679,0.001314,172.31.33.0-255,66,105022,34,272987
10680,0.001496,74.125.68.0-255,1484,106506,34,272987
10681,0.001502,74.125.68.0-255,2902,109408,34,272987
10682,0.001506,172.31.33.0-255,66,109474,34,272987
10683,0.001534,74.125.68.0-255,5738,115212,34,272987
10684,0.001537,172.31.33.0-255,66,115278,34,272987
10685,0.001561,74.125.68.0-255,4320,119598,34,272987
10686,0.001563,172.31.33.0-255,66,119664,34,272987
10687,0.00158,74.125.68.0-255,4320,123984,34,272987
10688,0.001585,172.31.33.0-255,66,124050,34,272987
10689,0.001609,172.31.33.0-255,66,124116,34,272987
10690,0.001613,74.125.68.0-255,1484,125600,34,272987
10691,0.001642,74.125.68.0-255,3602,129202,34,272987
10692,0.001645,172.31.33.0-255,66,129268,34,272987
10693,0.001651,74.125.68.0-255,5738,135006,34,272987
10694,0.001653,172.31.33.0-255,66,135072,34,272987
10695,0.001658,74.125.68.0-255,4320,139392,34,272987
10696,0.001661,172.31.33.0-255,66,139458,34,272987
10697,0.001685,74.125.68.0-255,2902,142360,34,272987
10698,0.001688,172.31.33.0-255,66,142426,34,272987
10699,0.001699,172.31.33.0-255,66,142492,34,272987
10700,0.001706,74.125.68.0-255,7156,149648,34,272987
10701,0.001709,172.31.33.0-255,66,149714,34,272987
10702,0.001744,74.125.68.0-255,5020,154734,34,272987
10703,0.001748,172.31.33.0-255,66,154800,34,272987
10704,0.003225,74.125.68.0-255,1484,156284,34,272987
10705,0.003234,74.125.68.0-255,2902,159186,34,272987
10706,0.003237,172.31.33.0-255,66,159252,34,272987
10707,0.003274,74.125.68.0-255,1484,160736,34,272987
10708,0.003286,74.125.68.0-255,2902,163638,34,272987
10709,0.003288,172.31.33.0-255,66,163704,34,272987
10710,0.003314,74.125.68.0-255,4320,168024,34,272987
10711,0.003316,172.31.33.0-255,66,168090,34,272987
10712,0.003339,74.125.68.0-255,1484,169574,34,272987
10713,0.003349,172.31.33.0-255,66,169640,34,272987
10714,0.003374,74.125.68.0-255,1484,171124,34,272987
10715,0.003378,74.125.68.0-255,4320,175444,34,272987
10716,0.003381,172.31.33.0-255,66,175510,34,272987
10717,0.003394,74.125.68.0-255,3602,179112,34,272987
10718,0.0034,172.31.33.0-255,66,179178,34,272987
10719,0.003425,74.125.68.0-255,4320,183498,34,272987
10720,0.003427,172.31.33.0-255,66,183564,34,272987
10721,0.003432,74.125.68.0-255,4320,187884,34,272987
10722,0.003434,172.31.33.0-255,66,187950,34,272987
10723,0.003461,74.125.68.0-255,1484,189434,34,272987
10724,0.003481,74.125.68.0-255,5738,195172,34,272987
10725,0.003484,172.31.33.0-255,66,195238,34,272987
10726,0.00351,74.125.68.0-255,1484,196722,34,272987
10727,0.003524,172.31.33.0-255,66,196788,34,272987
10728,0.003564,172.31.33.0-255,66,196854,34,272987
10729,0.003609,172.31.33.0-255,66,196920,34,272987
10730,0.003636,74.125.68.0-255,2902,199822,34,272987
10731,0.00364,172.31.33.0-255,66,199888,34,272987
10732,0.003643,74.125.68.0-255,766,200654,34,272987
10733,0.003646,172.31.33.0-255,78,200732,34,272987
10734,0.003651,74.125.68.0-255,4320,205052,34,272987
10735,0.003654,172.31.33.0-255,66,205118,34,272987
10736,0.003656,74.125.68.0-255,1484,206602,34,272987
10737,0.003661,74.125.68.0-255,2902,209504,34,272987
10738,0.003663,172.31.33.0-255,66,209570,34,272987
10739,0.003668,74.125.68.0-255,5738,215308,34,272987
10740,0.003671,172.31.33.0-255,66,215374,34,272987
10741,0.003676,74.125.68.0-255,2902,218276,34,272987
10742,0.003679,172.31.33.0-255,66,218342,34,272987
10743,0.003683,74.125.68.0-255,2902,221244,34,272987
10744,0.003685,172.31.33.0-255,66,221310,34,272987
10745,0.003688,74.125.68.0-255,1484,222794,34,272987
10746,0.003725,74.125.68.0-255,2902,225696,34,272987
10747,0.003729,172.31.33.0-255,66,225762,34,272987
10748,0.003757,74.125.68.0-255,2902,228664,34,272987
10749,0.003761,172.31.33.0-255,66,228730,34,272987
10750,0.003764,74.125.68.0-255,1484,230214,34,272987
10751,0.003787,74.125.68.0-255,7156,237370,34,272987
10752,0.003791,172.31.33.0-255,66,237436,34,272987
10753,0.003818,74.125.68.0-255,1484,238920,34,272987
10754,0.003822,74.125.68.0-255,766,239686,34,272987
10755,0.003825,172.31.33.0-255,66,239752,34,272987
10756,0.003832,74.125.68.0-255,5738,245490,34,272987
10757,0.003835,172.31.33.0-255,66,245556,34,272987
10758,0.003838,74.125.68.0-255,1484,247040,34,272987
10759,0.003848,172.31.33.0-255,66,247106,34,272987
10760,0.003858,172.31.33.0-255,66,247172,34,272987
10761,0.003887,74.125.68.0-255,1484,248656,34,272987
10762,0.003893,74.125.68.0-255,4320,252976,34,272987
10763,0.003896,172.31.33.0-255,66,253042,34,272987
10764,0.003918,74.125.68.0-255,6438,259480,34,272987
10765,0.003921,172.31.33.0-255,66,259546,34,272987
10766,0.003946,172.31.33.0-255,66,259612,34,272987
10767,0.003973,74.125.68.0-255,7156,266768,34,272987
10768,0.003977,172.31.33.0-255,66,266834,34,272987
10769,0.004057,74.125.68.0-255,5745,272579,34,272987
10770,0.004062,172.31.33.0-255,66,272645,34,272987
10771,0.004066,74.125.68.0-255,105,272750,34,272987
10772,0.005942,172.31.33.0-255,66,272816,34,272987
10773,0.006011,172.31.33.0-255,105,272921,34,272987
10774,0.008019,74.125.68.0-255,66,272987,34,272987
10775,0.0,172.217.194.0-255,146,146,34,219311
10776,2.1e-05,172.31.33.0-255,66,212,34,219311
10777,2.7e-05,172.217.194.0-255,1484,1696,34,219311
10778,3.1e-05,172.31.33.0-255,66,1762,34,219311
10779,3.7e-05,172.217.194.0-255,2902,4664,34,219311
10780,3.9e-05,172.31.33.0-255,66,4730,34,219311
10781,4.6e-05,172.217.194.0-255,5738,10468,34,219311
10782,4.8e-05,172.31.33.0-255,66,10534,34,219311
10783,7e-05,172.217.194.0-255,1484,12018,34,219311
10784,7.3e-05,172.31.33.0-255,66,12084,34,219311
10785,7.8e-05,172.217.194.0-255,3459,15543,34,219311
10786,8e-05,172.31.33.0-255,66,15609,34,219311
10787,8.6e-05,172.217.194.0-255,5738,21347,34,219311
10788,8.8e-05,172.31.33.0-255,66,21413,34,219311
10789,0.000116,172.217.194.0-255,7156,28569,34,219311
10790,0.000118,172.31.33.0-255,66,28635,34,219311
10791,0.000129,172.217.194.0-255,2543,31178,34,219311
10792,0.000131,172.31.33.0-255,66,31244,34,219311
10793,0.000164,172.217.194.0-255,1484,32728,34,219311
10794,0.000166,172.31.33.0-255,66,32794,34,219311
10795,0.000171,172.217.194.0-255,2902,35696,34,219311
10796,0.000172,172.31.33.0-255,66,35762,34,219311
10797,0.000177,172.217.194.0-255,4320,40082,34,219311
10798,0.000179,172.31.33.0-255,66,40148,34,219311
10799,0.000194,172.217.194.0-255,1484,41632,34,219311
10800,0.000196,172.31.33.0-255,66,41698,34,219311
10801,0.000225,172.31.33.0-255,66,41764,34,219311
10802,0.00025,172.217.194.0-255,3961,45725,34,219311
10803,0.000252,172.31.33.0-255,66,45791,34,219311
10804,0.000263,172.31.33.0-255,66,45857,34,219311
10805,0.000298,172.217.194.0-255,367,46224,34,219311
10806,0.000328,172.217.194.0-255,1484,47708,34,219311
10807,0.000331,172.31.33.0-255,66,47774,34,219311
10808,0.000334,172.217.194.0-255,1484,49258,34,219311
10809,0.000347,172.217.194.0-255,2902,52160,34,219311
10810,0.00035,172.31.33.0-255,66,52226,34,219311
10811,0.000377,172.31.33.0-255,66,52292,34,219311
10812,0.000383,172.217.194.0-255,5738,58030,34,219311
10813,0.000385,172.31.33.0-255,66,58096,34,219311
10814,0.000399,172.217.194.0-255,4320,62416,34,219311
10815,0.000401,172.31.33.0-255,66,62482,34,219311
10816,0.000419,172.217.194.0-255,2902,65384,34,219311
10817,0.000422,172.31.33.0-255,66,65450,34,219311
10818,0.000442,172.217.194.0-255,5020,70470,34,219311
10819,0.000445,172.31.33.0-255,66,70536,34,219311
10820,0.000608,172.217.194.0-255,1484,72020,34,219311
10821,0.000614,172.217.194.0-255,2902,74922,34,219311
10822,0.000617,172.31.33.0-255,66,74988,34,219311
10823,0.000623,172.217.194.0-255,5738,80726,34,219311
10824,0.000626,172.31.33.0-255,66,80792,34,219311
10825,0.000631,172.217.194.0-255,4320,85112,34,219311
10826,0.000634,172.31.33.0-255,66,85178,34,219311
10827,0.00066,172.31.33.0-255,66,85244,34,219311
10828,0.000671,172.31.33.0-255,66,85310,34,219311
10829,0.00069,172.217.194.0-255,4320,89630,34,219311
10830,0.000692,172.31.33.0-255,66,89696,34,219311
10831,0.000751,172.31.33.0-255,66,89762,34,219311
10832,0.000774,172.217.194.0-255,2902,92664,34,219311
10833,0.000776,172.31.33.0-255,66,92730,34,219311
10834,0.000779,172.217.194.0-255,1484,94214,34,219311
10835,0.000785,172.217.194.0-255,6438,100652,34,219311
10836,0.000787,172.31.33.0-255,66,100718,34,219311
10837,0.000793,172.217.194.0-255,7156,107874,34,219311
10838,0.000795,172.31.33.0-255,66,107940,34,219311
10839,0.000809,172.31.33.0-255,66,108006,34,219311
10840,0.00082,172.31.33.0-255,66,108072,34,219311
10841,0.000884,172.217.194.0-255,1484,109556,34,219311
10842,0.000897,172.217.194.0-255,2902,112458,34,219311
10843,0.0009,172.31.33.0-255,66,112524,34,219311
10844,0.000904,172.217.194.0-255,2902,115426,34,219311
10845,0.000906,172.31.33.0-255,66,115492,34,219311
10846,0.000919,172.217.194.0-255,2902,118394,34,219311
10847,0.000921,172.31.33.0-255,66,118460,34,219311
10848,0.000926,172.217.194.0-255,4320,122780,34,219311
10849,0.000928,172.31.33.0-255,66,122846,34,219311
10850,0.000955,172.31.33.0-255,66,122912,34,219311
10851,0.000966,172.31.33.0-255,66,122978,34,219311
10852,0.000994,172.217.194.0-255,4320,127298,34,219311
10853,0.000997,172.31.33.0-255,66,127364,34,219311
10854,0.001011,172.217.194.0-255,5738,133102,34,219311
10855,0.001014,172.31.33.0-255,66,133168,34,219311
10856,0.00102,172.217.194.0-255,5738,138906,34,219311
10857,0.001022,172.31.33.0-255,66,138972,34,219311
10858,0.00105,172.217.194.0-255,5738,144710,34,219311
10859,0.001056,172.217.194.0-255,7156,151866,34,219311
10860,0.00106,172.31.33.0-255,66,151932,34,219311
10861,0.001063,172.31.33.0-255,66,151998,34,219311
10862,0.001082,172.217.194.0-255,5020,157018,34,219311
10863,0.001084,172.31.33.0-255,66,157084,34,219311
10864,0.001098,172.217.194.0-255,1484,158568,34,219311
10865,0.001108,172.217.194.0-255,1484,160052,34,219311
10866,0.001111,172.31.33.0-255,66,160118,34,219311
10867,0.001133,172.217.194.0-255,1484,161602,34,219311
10868,0.001139,172.217.194.0-255,5738,167340,34,219311
10869,0.001141,172.31.33.0-255,66,167406,34,219311
10870,0.001145,172.217.194.0-255,2902,170308,34,219311
10871,0.001147,172.31.33.0-255,66,170374,34,219311
10872,0.001177,172.217.194.0-255,2902,173276,34,219311
10873,0.00118,172.31.33.0-255,66,173342,34,219311
10874,0.001215,172.217.194.0-255,7156,180498,34,219311
10875,0.001218,172.31.33.0-255,66,180564,34,219311
10876,0.001229,172.31.33.0-255,66,180630,34,219311
10877,0.001286,172.217.194.0-255,1484,182114,34,219311
10878,0.001289,172.217.194.0-255,1484,183598,34,219311
10879,0.001291,172.31.33.0-255,66,183664,34,219311
10880,0.001308,172.217.194.0-255,1484,185148,34,219311
10881,0.001313,172.217.194.0-255,4320,189468,34,219311
10882,0.001315,172.31.33.0-255,66,189534,34,219311
10883,0.001332,172.217.194.0-255,1484,191018,34,219311
10884,0.001334,172.217.194.0-255,1484,192502,34,219311
10885,0.001336,172.31.33.0-255,66,192568,34,219311
10886,0.001372,172.31.33.0-255,66,192634,34,219311
10887,0.001378,172.217.194.0-255,7156,199790,34,219311
10888,0.00138,172.31.33.0-255,66,199856,34,219311
10889,0.00142,172.217.194.0-255,4320,204176,34,219311
10890,0.001424,172.31.33.0-255,66,204242,34,219311
10891,0.001459,172.217.194.0-255,2902,207144,34,219311
10892,0.001462,172.31.33.0-255,66,207210,34,219311
10893,0.001479,172.31.33.0-255,66,207276,34,219311
10894,0.001483,172.217.194.0-255,2902,210178,34,219311
10895,0.001485,172.31.33.0-255,66,210244,34,219311
10896,0.001514,172.31.33.0-255,66,210310,34,219311
10897,0.001529,172.217.194.0-255,2184,212494,34,219311
10898,0.001531,172.31.33.0-255,66,212560,34,219311
10899,0.001541,172.31.33.0-255,66,212626,34,219311
10900,0.001571,172.31.33.0-255,66,212692,34,219311
10901,0.001576,172.217.194.0-255,6211,218903,34,219311
10902,0.001578,172.31.33.0-255,66,218969,34,219311
10903,0.0016,172.217.194.0-255,105,219074,34,219311
10904,0.003893,172.31.33.0-255,66,219140,34,219311
10905,0.003925,172.31.33.0-255,105,219245,34,219311
10906,0.006426,172.217.194.0-255,66,219311,34,219311
10907,0.0,172.217.194.0-255,153,153,34,182656
10908,1.5e-05,172.31.33.0-255,66,219,34,182656
10909,2.1e-05,172.217.194.0-255,1484,1703,34,182656
10910,2.5e-05,172.31.33.0-255,66,1769,34,182656
10911,3e-05,172.217.194.0-255,2902,4671,34,182656
10912,4e-05,172.31.33.0-255,66,4737,34,182656
10913,4.3e-05,172.217.194.0-255,1484,6221,34,182656
10914,4.5e-05,172.31.33.0-255,66,6287,34,182656
10915,7.1e-05,172.217.194.0-255,5738,12025,34,182656
10916,7.4e-05,172.31.33.0-255,66,12091,34,182656
10917,7.8e-05,172.217.194.0-255,2902,14993,34,182656
10918,7.9e-05,172.31.33.0-255,66,15059,34,182656
10919,0.000113,172.31.33.0-255,66,15125,34,182656
10920,0.000141,172.217.194.0-255,6797,21922,34,182656
10921,0.000144,172.31.33.0-255,66,21988,34,182656
10922,0.00015,172.217.194.0-255,5738,27726,34,182656
10923,0.000152,172.31.33.0-255,66,27792,34,182656
10924,0.000177,172.217.194.0-255,1484,29276,34,182656
10925,0.000179,172.31.33.0-255,66,29342,34,182656
10926,0.000193,172.31.33.0-255,66,29408,34,182656
10927,0.000196,172.217.194.0-255,1125,30533,34,182656
10928,0.000198,172.31.33.0-255,66,30599,34,182656
10929,0.000665,172.217.194.0-255,1484,32083,34,182656
10930,0.000672,172.31.33.0-255,66,32149,34,182656
10931,0.000678,172.217.194.0-255,2902,35051,34,182656
10932,0.00068,172.31.33.0-255,66,35117,34,182656
10933,0.000692,172.217.194.0-255,4320,39437,34,182656
10934,0.000694,172.31.33.0-255,66,39503,34,182656
10935,0.000732,172.217.194.0-255,1484,40987,34,182656
10936,0.000736,172.31.33.0-255,66,41053,34,182656
10937,0.000744,172.217.194.0-255,6797,47850,34,182656
10938,0.000746,172.31.33.0-255,66,47916,34,182656
10939,0.000791,172.31.33.0-255,66,47982,34,182656
10940,0.000818,172.217.194.0-255,3124,51106,34,182656
10941,0.000821,172.31.33.0-255,66,51172,34,182656
10942,0.000848,172.217.194.0-255,1484,52656,34,182656
10943,0.000864,172.217.194.0-255,2902,55558,34,182656
10944,0.000867,172.31.33.0-255,66,55624,34,182656
10945,0.000873,172.217.194.0-255,5738,61362,34,182656
10946,0.000876,172.31.33.0-255,66,61428,34,182656
10947,0.000912,172.31.33.0-255,66,61494,34,182656
10948,0.000916,172.217.194.0-255,2902,64396,34,182656
10949,0.000919,172.31.33.0-255,66,64462,34,182656
10950,0.000961,172.31.33.0-255,66,64528,34,182656
10951,0.001031,172.217.194.0-255,1484,66012,34,182656
10952,0.001038,172.217.194.0-255,2902,68914,34,182656
10953,0.001041,172.31.33.0-255,66,68980,34,182656
10954,0.001045,172.217.194.0-255,1484,70464,34,182656
10955,0.001069,172.217.194.0-255,4320,74784,34,182656
10956,0.001072,172.31.33.0-255,66,74850,34,182656
10957,0.001105,172.31.33.0-255,66,74916,34,182656
10958,0.001144,172.31.33.0-255,66,74982,34,182656
10959,0.001171,172.217.194.0-255,4320,79302,34,182656
10960,0.001174,172.31.33.0-255,66,79368,34,182656
10961,0.001186,172.31.33.0-255,66,79434,34,182656
10962,0.001535,172.217.194.0-255,1484,80918,34,182656
10963,0.001541,172.217.194.0-255,2902,83820,34,182656
10964,0.001544,172.31.33.0-255,66,83886,34,182656
10965,0.001575,172.217.194.0-255,5738,89624,34,182656
10966,0.001578,172.31.33.0-255,66,89690,34,182656
10967,0.001582,172.217.194.0-255,2902,92592,34,182656
10968,0.001584,172.31.33.0-255,66,92658,34,182656
10969,0.001621,172.31.33.0-255,66,92724,34,182656
10970,0.001634,172.31.33.0-255,66,92790,34,182656
10971,0.002002,172.217.194.0-255,1484,94274,34,182656
10972,0.002008,172.217.194.0-255,2902,97176,34,182656
10973,0.002011,172.31.33.0-255,66,97242,34,182656
10974,0.002014,172.217.194.0-255,1484,98726,34,182656
10975,0.002057,172.217.194.0-255,4320,103046,34,182656
10976,0.002061,172.31.33.0-255,66,103112,34,182656
10977,0.002068,172.217.194.0-255,7156,110268,34,182656
10978,0.00207,172.31.33.0-255,66,110334,34,182656
10979,0.002087,172.217.194.0-255,7156,117490,34,182656
10980,0.002089,172.31.33.0-255,66,117556,34,182656
10981,0.002127,172.217.194.0-255,7156,124712,34,182656
10982,0.002131,172.217.194.0-255,2184,126896,34,182656
10983,0.002145,172.31.33.0-255,66,126962,34,182656
10984,0.002147,172.31.33.0-255,66,127028,34,182656
10985,0.002155,172.31.33.0-255,66,127094,34,182656
10986,0.002168,172.217.194.0-255,4320,131414,34,182656
10987,0.00217,172.31.33.0-255,66,131480,34,182656
10988,0.002181,172.31.33.0-255,66,131546,34,182656
10989,0.002184,172.217.194.0-255,1484,133030,34,182656
10990,0.002211,172.217.194.0-255,2184,135214,34,182656
10991,0.002213,172.31.33.0-255,66,135280,34,182656
10992,0.002313,172.217.194.0-255,1484,136764,34,182656
10993,0.002327,172.217.194.0-255,2902,139666,34,182656
10994,0.002331,172.31.33.0-255,66,139732,34,182656
10995,0.002334,172.217.194.0-255,1484,141216,34,182656
10996,0.00236,172.217.194.0-255,4320,145536,34,182656
10997,0.002363,172.31.33.0-255,66,145602,34,182656
10998,0.002368,172.217.194.0-255,4320,149922,34,182656
10999,0.00237,172.31.33.0-255,66,149988,34,182656
11000,0.002398,172.31.33.0-255,66,150054,34,182656
11001,0.002401,172.217.194.0-255,2902,152956,34,182656
11002,0.002403,172.31.33.0-255,66,153022,34,182656
11003,0.002406,172.217.194.0-255,1484,154506,34,182656
11004,0.002412,172.217.194.0-255,5738,160244,34,182656
11005,0.002414,172.31.33.0-255,66,160310,34,182656
11006,0.002416,172.217.194.0-255,766,161076,34,182656
11007,0.002468,172.217.194.0-255,1484,162560,34,182656
11008,0.002471,172.31.33.0-255,66,162626,34,182656
11009,0.002475,172.217.194.0-255,1484,164110,34,182656
11010,0.002497,172.217.194.0-255,1484,165594,34,182656
11011,0.0025,172.31.33.0-255,66,165660,34,182656
11012,0.002506,172.217.194.0-255,5738,171398,34,182656
11013,0.002508,172.31.33.0-255,66,171464,34,182656
11014,0.002545,172.31.33.0-255,66,171530,34,182656
11015,0.002547,172.217.194.0-255,1484,173014,34,182656
11016,0.002556,172.31.33.0-255,66,173080,34,182656
11017,0.002594,172.31.33.0-255,66,173146,34,182656
11018,0.002598,172.217.194.0-255,2902,176048,34,182656
11019,0.0026,172.31.33.0-255,66,176114,34,182656
11020,0.002602,172.217.194.0-255,1484,177598,34,182656
11021,0.002611,172.217.194.0-255,2902,180500,34,182656
11022,0.002613,172.31.33.0-255,66,180566,34,182656
11023,0.002644,172.217.194.0-255,1484,182050,34,182656
11024,0.002671,172.31.33.0-255,66,182116,34,182656
11025,0.002681,172.31.33.0-255,66,182182,34,182656
11026,0.002695,172.31.33.0-255,66,182248,34,182656
11027,0.002709,172.31.33.0-255,66,182314,34,182656
11028,0.002711,172.217.194.0-255,105,182419,34,182656
11029,0.004906,172.31.33.0-255,66,182485,34,182656
11030,0.004979,172.31.33.0-255,105,182590,34,182656
11031,0.007335,172.217.194.0-255,66,182656,34,182656
11032,0.0,74.125.24.0-255,153,153,34,174988
11033,1.3e-05,172.31.33.0-255,66,219,34,174988
11034,1.9e-05,74.125.24.0-255,1484,1703,34,174988
11035,2.3e-05,172.31.33.0-255,66,1769,34,174988
11036,2.8e-05,74.125.24.0-255,2902,4671,34,174988
11037,3.1e-05,172.31.33.0-255,66,4737,34,174988
11038,4.5e-05,74.125.24.0-255,7156,11893,34,174988
11039,4.8e-05,172.31.33.0-255,66,11959,34,174988
11040,9e-05,74.125.24.0-255,1994,13953,34,174988
11041,9.2e-05,172.31.33.0-255,66,14019,34,174988
11042,0.000215,74.125.24.0-255,1484,15503,34,174988
11043,0.000219,172.31.33.0-255,66,15569,34,174988
11044,0.000225,74.125.24.0-255,2902,18471,34,174988
11045,0.000227,172.31.33.0-255,66,18537,34,174988
11046,0.000231,74.125.24.0-255,2902,21439,34,174988
11047,0.000233,172.31.33.0-255,66,21505,34,174988
11048,0.000258,74.125.24.0-255,2902,24407,34,174988
11049,0.000259,172.31.33.0-255,66,24473,34,174988
11050,0.000286,172.31.33.0-255,66,24539,34,174988
11051,0.000308,74.125.24.0-255,5379,29918,34,174988
11052,0.00031,172.31.33.0-255,66,29984,34,174988
11053,0.000322,172.31.33.0-255,66,30050,34,174988
11054,0.000345,74.125.24.0-255,4320,34370,34,174988
11055,0.000347,172.31.33.0-255,66,34436,34,174988
11056,0.000382,172.31.33.0-255,66,34502,34,174988
11057,0.000487,74.125.24.0-255,113,34615,34,174988
11058,0.000491,172.31.33.0-255,66,34681,34,174988
11059,0.000541,74.125.24.0-255,332,35013,34,174988
11060,0.000545,172.31.33.0-255,66,35079,34,174988
11061,0.000826,74.125.24.0-255,1484,36563,34,174988
11062,0.000832,74.125.24.0-255,2902,39465,34,174988
11063,0.000835,172.31.33.0-255,66,39531,34,174988
11064,0.000841,74.125.24.0-255,4320,43851,34,174988
11065,0.000864,74.125.24.0-255,1484,45335,34,174988
11066,0.00088,172.31.33.0-255,66,45401,34,174988
11067,0.000893,74.125.24.0-255,1484,46885,34,174988
11068,0.000936,172.31.33.0-255,66,46951,34,174988
11069,0.001032,74.125.24.0-255,1484,48435,34,174988
11070,0.001047,74.125.24.0-255,2902,51337,34,174988
11071,0.001073,74.125.24.0-255,1484,52821,34,174988
11072,0.001083,172.31.33.0-255,66,52887,34,174988
11073,0.001095,74.125.24.0-255,4320,57207,34,174988
11074,0.001133,172.31.33.0-255,66,57273,34,174988
11075,0.001141,74.125.24.0-255,2184,59457,34,174988
11076,0.001146,172.31.33.0-255,66,59523,34,174988
11077,0.001209,74.125.24.0-255,1484,61007,34,174988
11078,0.00122,74.125.24.0-255,2902,63909,34,174988
11079,0.001223,172.31.33.0-255,66,63975,34,174988
11080,0.001229,74.125.24.0-255,5738,69713,34,174988
11081,0.00125,172.31.33.0-255,66,69779,34,174988
11082,0.001255,74.125.24.0-255,4320,74099,34,174988
11083,0.001259,172.31.33.0-255,66,74165,34,174988
11084,0.001279,74.125.24.0-255,4320,78485,34,174988
11085,0.001293,172.31.33.0-255,66,78551,34,174988
11086,0.00131,74.125.24.0-255,5738,84289,34,174988
11087,0.001337,172.31.33.0-255,66,84355,34,174988
11088,0.001344,74.125.24.0-255,1484,85839,34,174988
11089,0.001362,74.125.24.0-255,2902,88741,34,174988
11090,0.001364,74.125.24.0-255,1484,90225,34,174988
11091,0.001372,172.31.33.0-255,66,90291,34,174988
11092,0.001381,74.125.24.0-255,4320,94611,34,174988
11093,0.001385,172.31.33.0-255,66,94677,34,174988
11094,0.001451,172.31.33.0-255,66,94743,34,174988
11095,0.001464,74.125.24.0-255,1484,96227,34,174988
11096,0.001494,74.125.24.0-255,2902,99129,34,174988
11097,0.001501,172.31.33.0-255,66,99195,34,174988
11098,0.001544,74.125.24.0-255,2184,101379,34,174988
11099,0.001559,172.31.33.0-255,66,101445,34,174988
11100,0.00161,74.125.24.0-255,1484,102929,34,174988
11101,0.001631,74.125.24.0-255,2902,105831,34,174988
11102,0.001638,172.31.33.0-255,66,105897,34,174988
11103,0.001659,74.125.24.0-255,5738,111635,34,174988
11104,0.001663,74.125.24.0-255,2902,114537,34,174988
11105,0.00167,172.31.33.0-255,66,114603,34,174988
11106,0.001702,74.125.24.0-255,5738,120341,34,174988
11107,0.001707,172.31.33.0-255,66,120407,34,174988
11108,0.001735,74.125.24.0-255,7156,127563,34,174988
11109,0.001741,172.31.33.0-255,66,127629,34,174988
11110,0.001773,172.31.33.0-255,66,127695,34,174988
11111,0.001857,74.125.24.0-255,1484,129179,34,174988
11112,0.001869,74.125.24.0-255,2902,132081,34,174988
11113,0.001873,74.125.24.0-255,2902,134983,34,174988
11114,0.001883,172.31.33.0-255,66,135049,34,174988
11115,0.001894,74.125.24.0-255,2902,137951,34,174988
11116,0.001898,74.125.24.0-255,2902,140853,34,174988
11117,0.001984,74.125.24.0-255,766,141619,34,174988
11118,0.001994,172.31.33.0-255,66,141685,34,174988
11119,0.002024,74.125.24.0-255,1484,143169,34,174988
11120,0.002029,74.125.24.0-255,2902,146071,34,174988
11121,0.002035,74.125.24.0-255,4320,150391,34,174988
11122,0.002047,74.125.24.0-255,1484,151875,34,174988
11123,0.002052,172.31.33.0-255,66,151941,34,174988
11124,0.002064,74.125.24.0-255,7156,159097,34,174988
11125,0.00207,172.31.33.0-255,66,159163,34,174988
11126,0.002103,74.125.24.0-255,5738,164901,34,174988
11127,0.002119,172.31.33.0-255,66,164967,34,174988
11128,0.002131,74.125.24.0-255,4320,169287,34,174988
11129,0.002184,172.31.33.0-255,66,169353,34,174988
11130,0.00223,172.31.33.0-255,66,169419,34,174988
11131,0.002258,74.125.24.0-255,4903,174322,34,174988
11132,0.002261,74.125.24.0-255,105,174427,34,174988
11133,0.002269,172.31.33.0-255,66,174493,34,174988
11134,0.002294,74.125.24.0-255,129,174622,34,174988
11135,0.009372,172.31.33.0-255,105,174727,34,174988
11136,0.00941,172.31.33.0-255,105,174832,34,174988
11137,0.009661,172.31.33.0-255,90,174922,34,174988
11138,0.009668,172.31.33.0-255,66,174988,34,174988
11139,0.0,172.31.33.0-255,105,105,34,342
11140,0.002232,172.217.194.0-255,66,171,34,342
11141,0.002272,172.217.194.0-255,105,276,34,342
11142,0.002276,172.31.33.0-255,66,342,34,342
11143,0.0,74.125.24.0-255,152,152,34,232575
11144,1.5e-05,172.31.33.0-255,66,218,34,232575
11145,2.1e-05,74.125.24.0-255,1484,1702,34,232575
11146,2.5e-05,172.31.33.0-255,66,1768,34,232575
11147,3e-05,74.125.24.0-255,2902,4670,34,232575
11148,3.2e-05,172.31.33.0-255,66,4736,34,232575
11149,3.9e-05,74.125.24.0-255,7156,11892,34,232575
11150,4.2e-05,172.31.33.0-255,66,11958,34,232575
11151,9.1e-05,172.31.33.0-255,66,12024,34,232575
11152,0.000122,172.31.33.0-255,66,12090,34,232575
11153,0.000243,74.125.24.0-255,1484,13574,34,232575
11154,0.000247,172.31.33.0-255,66,13640,34,232575
11155,0.000262,74.125.24.0-255,2902,16542,34,232575
11156,0.000264,172.31.33.0-255,66,16608,34,232575
11157,0.000269,74.125.24.0-255,4320,20928,34,232575
11158,0.000272,172.31.33.0-255,66,20994,34,232575
11159,0.00029,74.125.24.0-255,1484,22478,34,232575
11160,0.000292,172.31.33.0-255,66,22544,34,232575
11161,0.000312,74.125.24.0-255,7156,29700,34,232575
11162,0.000314,172.31.33.0-255,66,29766,34,232575
11163,0.000332,74.125.24.0-255,6797,36563,34,232575
11164,0.000335,172.31.33.0-255,66,36629,34,232575
11165,0.000375,172.31.33.0-255,66,36695,34,232575
11166,0.000378,74.125.24.0-255,131,36826,34,232575
11167,0.00038,172.31.33.0-255,66,36892,34,232575
11168,0.000513,74.125.24.0-255,1484,38376,34,232575
11169,0.000518,172.31.33.0-255,66,38442,34,232575
11170,0.000523,74.125.24.0-255,2902,41344,34,232575
11171,0.000525,172.31.33.0-255,66,41410,34,232575
11172,0.000554,74.125.24.0-255,5738,47148,34,232575
11173,0.000558,172.31.33.0-255,66,47214,34,232575
11174,0.000574,74.125.24.0-255,5738,52952,34,232575
11175,0.000578,172.31.33.0-255,66,53018,34,232575
11176,0.000597,74.125.24.0-255,5379,58397,34,232575
11177,0.0006,172.31.33.0-255,66,58463,34,232575
11178,0.000612,172.31.33.0-255,66,58529,34,232575
11179,0.000625,74.125.24.0-255,1484,60013,34,232575
11180,0.000629,74.125.24.0-255,1125,61138,34,232575
11181,0.000631,172.31.33.0-255,66,61204,34,232575
11182,0.000645,74.125.24.0-255,351,61555,34,232575
11183,0.000843,74.125.24.0-255,1484,63039,34,232575
11184,0.000849,172.31.33.0-255,66,63105,34,232575
11185,0.000855,74.125.24.0-255,2902,66007,34,232575
11186,0.000857,172.31.33.0-255,66,66073,34,232575
11187,0.000865,74.125.24.0-255,5738,71811,34,232575
11188,0.000866,172.31.33.0-255,66,71877,34,232575
11189,0.000869,74.125.24.0-255,1484,73361,34,232575
11190,0.000904,172.31.33.0-255,66,73427,34,232575
11191,0.00093,172.31.33.0-255,66,73493,34,232575
11192,0.000951,74.125.24.0-255,2902,76395,34,232575
11193,0.000953,172.31.33.0-255,66,76461,34,232575
11194,0.000969,74.125.24.0-255,2184,78645,34,232575
11195,0.000972,172.31.33.0-255,66,78711,34,232575
11196,0.001061,74.125.24.0-255,1484,80195,34,232575
11197,0.001072,74.125.24.0-255,2902,83097,34,232575
11198,0.001075,172.31.33.0-255,66,83163,34,232575
11199,0.001078,74.125.24.0-255,1484,84647,34,232575
11200,0.001097,74.125.24.0-255,4320,88967,34,232575
11201,0.001099,172.31.33.0-255,66,89033,34,232575
11202,0.001139,172.31.33.0-255,66,89099,34,232575
11203,0.001142,74.125.24.0-255,1484,90583,34,232575
11204,0.001173,172.31.33.0-255,66,90649,34,232575
11205,0.00139,74.125.24.0-255,1484,92133,34,232575
11206,0.00141,74.125.24.0-255,2902,95035,34,232575
11207,0.001414,172.31.33.0-255,66,95101,34,232575
11208,0.00142,74.125.24.0-255,5738,100839,34,232575
11209,0.001422,172.31.33.0-255,66,100905,34,232575
11210,0.001427,74.125.24.0-255,5738,106643,34,232575
11211,0.001429,172.31.33.0-255,66,106709,34,232575
11212,0.001443,74.125.24.0-255,5738,112447,34,232575
11213,0.001459,172.31.33.0-255,66,112513,34,232575
11214,0.001466,74.125.24.0-255,7156,119669,34,232575
11215,0.0015,74.125.24.0-255,1484,121153,34,232575
11216,0.001504,172.31.33.0-255,66,121219,34,232575
11217,0.001516,74.125.24.0-255,3602,124821,34,232575
11218,0.00152,74.125.24.0-255,4320,129141,34,232575
11219,0.001532,172.31.33.0-255,66,129207,34,232575
11220,0.001544,74.125.24.0-255,1484,130691,34,232575
11221,0.00155,74.125.24.0-255,7156,137847,34,232575
11222,0.001557,74.125.24.0-255,7156,145003,34,232575
11223,0.001574,74.125.24.0-255,7156,152159,34,232575
11224,0.001581,74.125.24.0-255,6438,158597,34,232575
11225,0.00159,172.31.33.0-255,66,158663,34,232575
11226,0.001674,74.125.24.0-255,1484,160147,34,232575
11227,0.001677,74.125.24.0-255,1484,161631,34,232575
11228,0.001682,172.31.33.0-255,66,161697,34,232575
11229,0.001695,74.125.24.0-255,1484,163181,34,232575
11230,0.0017,74.125.24.0-255,5738,168919,34,232575
11231,0.001714,172.31.33.0-255,66,168985,34,232575
11232,0.001728,74.125.24.0-255,5738,174723,34,232575
11233,0.001747,74.125.24.0-255,7156,181879,34,232575
11234,0.001757,172.31.33.0-255,66,181945,34,232575
11235,0.001778,74.125.24.0-255,4320,186265,34,232575
11236,0.001782,172.31.33.0-255,66,186331,34,232575
11237,0.0018,74.125.24.0-255,6438,192769,34,232575
11238,0.001804,74.125.24.0-255,2902,195671,34,232575
11239,0.001825,74.125.24.0-255,1484,197155,34,232575
11240,0.001829,172.31.33.0-255,66,197221,34,232575
11241,0.001857,74.125.24.0-255,2902,200123,34,232575
11242,0.001862,172.31.33.0-255,66,200189,34,232575
11243,0.001898,172.31.33.0-255,66,200255,34,232575
11244,0.001915,172.31.33.0-255,66,200321,34,232575
11245,0.001922,74.125.24.0-255,1484,201805,34,232575
11246,0.001953,74.125.24.0-255,1484,203289,34,232575
11247,0.001955,172.31.33.0-255,66,203355,34,232575
11248,0.001976,74.125.24.0-255,2902,206257,34,232575
11249,0.002015,172.31.33.0-255,66,206323,34,232575
11250,0.002037,74.125.24.0-255,7156,213479,34,232575
11251,0.002041,172.31.33.0-255,66,213545,34,232575
11252,0.002048,74.125.24.0-255,2184,215729,34,232575
11253,0.002065,172.31.33.0-255,66,215795,34,232575
11254,0.002102,74.125.24.0-255,1484,217279,34,232575
11255,0.002117,74.125.24.0-255,2902,220181,34,232575
11256,0.002119,74.125.24.0-255,1484,221665,34,232575
11257,0.002132,74.125.24.0-255,4320,225985,34,232575
11258,0.002166,172.31.33.0-255,66,226051,34,232575
11259,0.002186,74.125.24.0-255,6116,232167,34,232575
11260,0.002204,172.31.33.0-255,66,232233,34,232575
11261,0.00222,74.125.24.0-255,105,232338,34,232575
11262,0.004016,172.31.33.0-255,66,232404,34,232575
11263,0.004051,172.31.33.0-255,105,232509,34,232575
11264,0.006081,74.125.24.0-255,66,232575,34,232575
11265,0.0,74.125.24.0-255,146,146,34,233551
11266,2.7e-05,172.31.33.0-255,66,212,34,233551
11267,3.3e-05,74.125.24.0-255,1484,1696,34,233551
11268,3.8e-05,172.31.33.0-255,66,1762,34,233551
11269,4.1e-05,74.125.24.0-255,1484,3246,34,233551
11270,5e-05,172.31.33.0-255,66,3312,34,233551
11271,7.3e-05,74.125.24.0-255,1484,4796,34,233551
11272,7.6e-05,172.31.33.0-255,66,4862,34,233551
11273,8.2e-05,74.125.24.0-255,4320,9182,34,233551
11274,8.4e-05,172.31.33.0-255,66,9248,34,233551
11275,0.000115,74.125.24.0-255,1484,10732,34,233551
11276,0.000118,172.31.33.0-255,66,10798,34,233551
11277,0.000129,172.31.33.0-255,66,10864,34,233551
11278,0.00014,172.31.33.0-255,66,10930,34,233551
11279,0.000143,74.125.24.0-255,1484,12414,34,233551
11280,0.000145,172.31.33.0-255,66,12480,34,233551
11281,0.000175,74.125.24.0-255,2543,15023,34,233551
11282,0.00018,172.31.33.0-255,66,15089,34,233551
11283,0.000206,74.125.24.0-255,7156,22245,34,233551
11284,0.00021,172.31.33.0-255,66,22311,34,233551
11285,0.000225,74.125.24.0-255,2902,25213,34,233551
11286,0.000228,172.31.33.0-255,66,25279,34,233551
11287,0.000254,74.125.24.0-255,1484,26763,34,233551
11288,0.000257,172.31.33.0-255,66,26829,34,233551
11289,0.000284,74.125.24.0-255,5379,32208,34,233551
11290,0.000288,172.31.33.0-255,66,32274,34,233551
11291,0.000605,74.125.24.0-255,1484,33758,34,233551
11292,0.000611,172.31.33.0-255,66,33824,34,233551
11293,0.000618,74.125.24.0-255,2902,36726,34,233551
11294,0.000621,172.31.33.0-255,66,36792,34,233551
11295,0.000647,74.125.24.0-255,2902,39694,34,233551
11296,0.000651,172.31.33.0-255,66,39760,34,233551
11297,0.000675,74.125.24.0-255,2902,42662,34,233551
11298,0.000679,172.31.33.0-255,66,42728,34,233551
11299,0.000681,74.125.24.0-255,6797,49525,34,233551
11300,0.000684,172.31.33.0-255,66,49591,34,233551
11301,0.000761,74.125.24.0-255,1484,51075,34,233551
11302,0.000782,74.125.24.0-255,2902,53977,34,233551
11303,0.000785,172.31.33.0-255,66,54043,34,233551
11304,0.000815,74.125.24.0-255,5738,59781,34,233551
11305,0.000819,172.31.33.0-255,66,59847,34,233551
11306,0.000827,74.125.24.0-255,6797,66644,34,233551
11307,0.00083,172.31.33.0-255,66,66710,34,233551
11308,0.000853,74.125.24.0-255,4320,71030,34,233551
11309,0.000857,172.31.33.0-255,66,71096,34,233551
11310,0.000895,172.31.33.0-255,66,71162,34,233551
11311,0.0009,74.125.24.0-255,3122,74284,34,233551
11312,0.000902,172.31.33.0-255,66,74350,34,233551
11313,0.001801,74.125.24.0-255,1484,75834,34,233551
11314,0.001813,74.125.24.0-255,2902,78736,34,233551
11315,0.001817,172.31.33.0-255,66,78802,34,233551
11316,0.001825,74.125.24.0-255,5738,84540,34,233551
11317,0.001827,172.31.33.0-255,66,84606,34,233551
11318,0.001839,74.125.24.0-255,7156,91762,34,233551
11319,0.001841,172.31.33.0-255,66,91828,34,233551
11320,0.001854,172.31.33.0-255,66,91894,34,233551
11321,0.001883,74.125.24.0-255,2184,94078,34,233551
11322,0.001885,172.31.33.0-255,66,94144,34,233551
11323,0.002398,74.125.24.0-255,1484,95628,34,233551
11324,0.002417,74.125.24.0-255,2902,98530,34,233551
11325,0.002419,172.31.33.0-255,66,98596,34,233551
11326,0.002473,74.125.24.0-255,5738,104334,34,233551
11327,0.002475,172.31.33.0-255,66,104400,34,233551
11328,0.002491,172.31.33.0-255,66,104466,34,233551
11329,0.002494,74.125.24.0-255,1484,105950,34,233551
11330,0.002496,74.125.24.0-255,1484,107434,34,233551
11331,0.002498,172.31.33.0-255,66,107500,34,233551
11332,0.002525,74.125.24.0-255,7156,114656,34,233551
11333,0.002528,172.31.33.0-255,66,114722,34,233551
11334,0.002532,74.125.24.0-255,3602,118324,34,233551
11335,0.002534,172.31.33.0-255,66,118390,34,233551
11336,0.003007,74.125.24.0-255,1484,119874,34,233551
11337,0.003171,74.125.24.0-255,2902,122776,34,233551
11338,0.003174,172.31.33.0-255,66,122842,34,233551
11339,0.003177,74.125.24.0-255,1484,124326,34,233551
11340,0.003183,74.125.24.0-255,5738,130064,34,233551
11341,0.003185,172.31.33.0-255,66,130130,34,233551
11342,0.003196,74.125.24.0-255,7156,137286,34,233551
11343,0.003198,172.31.33.0-255,66,137352,34,233551
11344,0.003205,74.125.24.0-255,7156,144508,34,233551
11345,0.003207,172.31.33.0-255,66,144574,34,233551
11346,0.00321,74.125.24.0-255,1484,146058,34,233551
11347,0.003212,74.125.24.0-255,1484,147542,34,233551
11348,0.003214,172.31.33.0-255,66,147608,34,233551
11349,0.003218,74.125.24.0-255,2902,150510,34,233551
11350,0.00322,172.31.33.0-255,66,150576,34,233551
11351,0.003262,74.125.24.0-255,2184,152760,34,233551
11352,0.003264,172.31.33.0-255,66,152826,34,233551
11353,0.003634,74.125.24.0-255,1484,154310,34,233551
11354,0.003645,74.125.24.0-255,1484,155794,34,233551
11355,0.003647,172.31.33.0-255,66,155860,34,233551
11356,0.003657,74.125.24.0-255,1484,157344,34,233551
11357,0.003666,74.125.24.0-255,2902,160246,34,233551
11358,0.003668,172.31.33.0-255,66,160312,34,233551
11359,0.003691,74.125.24.0-255,2902,163214,34,233551
11360,0.003693,172.31.33.0-255,66,163280,34,233551
11361,0.003698,74.125.24.0-255,2902,166182,34,233551
11362,0.0037,172.31.33.0-255,66,166248,34,233551
11363,0.003741,172.31.33.0-255,66,166314,34,233551
11364,0.003747,74.125.24.0-255,7156,173470,34,233551
11365,0.003749,172.31.33.0-255,66,173536,34,233551
11366,0.003771,74.125.24.0-255,4320,177856,34,233551
11367,0.003773,172.31.33.0-255,66,177922,34,233551
11368,0.003834,172.31.33.0-255,66,177988,34,233551
11369,0.003845,172.31.33.0-255,66,178054,34,233551
11370,0.003873,74.125.24.0-255,6438,184492,34,233551
11371,0.003876,172.31.33.0-255,66,184558,34,233551
11372,0.003896,74.125.24.0-255,1484,186042,34,233551
11373,0.0039,74.125.24.0-255,1484,187526,34,233551
11374,0.003902,172.31.33.0-255,66,187592,34,233551
11375,0.003933,74.125.24.0-255,1484,189076,34,233551
11376,0.00394,74.125.24.0-255,4320,193396,34,233551
11377,0.003944,172.31.33.0-255,66,193462,34,233551
11378,0.003949,74.125.24.0-255,5738,199200,34,233551
11379,0.003952,172.31.33.0-255,66,199266,34,233551
11380,0.003965,172.31.33.0-255,66,199332,34,233551
11381,0.003971,74.125.24.0-255,4320,203652,34,233551
11382,0.003973,172.31.33.0-255,66,203718,34,233551
11383,0.004004,74.125.24.0-255,3602,207320,34,233551
11384,0.004008,172.31.33.0-255,66,207386,34,233551
11385,0.004013,74.125.24.0-255,4320,211706,34,233551
11386,0.004016,172.31.33.0-255,66,211772,34,233551
11387,0.004052,74.125.24.0-255,5738,217510,34,233551
11388,0.004055,172.31.33.0-255,66,217576,34,233551
11389,0.004067,172.31.33.0-255,66,217642,34,233551
11390,0.004107,74.125.24.0-255,5738,223380,34,233551
11391,0.00411,172.31.33.0-255,66,223446,34,233551
11392,0.004149,74.125.24.0-255,6438,229884,34,233551
11393,0.004153,172.31.33.0-255,66,229950,34,233551
11394,0.004174,172.31.33.0-255,66,230016,34,233551
11395,0.004184,172.31.33.0-255,66,230082,34,233551
11396,0.004227,172.31.33.0-255,66,230148,34,233551
11397,0.004242,172.31.33.0-255,66,230214,34,233551
11398,0.004247,74.125.24.0-255,2929,233143,34,233551
11399,0.00425,172.31.33.0-255,66,233209,34,233551
11400,0.004298,74.125.24.0-255,105,233314,34,233551
11401,0.006237,172.31.33.0-255,66,233380,34,233551
11402,0.006261,172.31.33.0-255,105,233485,34,233551
11403,0.008558,74.125.24.0-255,66,233551,34,233551
11404,0.0,172.217.194.0-255,431,431,34,111585
11405,2.5e-05,172.217.194.0-255,1484,1915,34,111585
11406,3.3e-05,172.31.33.0-255,66,1981,34,111585
11407,4.2e-05,172.217.194.0-255,4320,6301,34,111585
11408,4.4e-05,172.31.33.0-255,66,6367,34,111585
11409,7.1e-05,172.217.194.0-255,4320,10687,34,111585
11410,7.3e-05,172.31.33.0-255,66,10753,34,111585
11411,0.000189,172.217.194.0-255,3472,14225,34,111585
11412,0.000193,172.31.33.0-255,66,14291,34,111585
11413,0.000339,172.217.194.0-255,4320,18611,34,111585
11414,0.000345,172.31.33.0-255,66,18677,34,111585
11415,0.000514,172.217.194.0-255,5738,24415,34,111585
11416,0.000519,172.31.33.0-255,66,24481,34,111585
11417,0.000539,172.217.194.0-255,4320,28801,34,111585
11418,0.000542,172.31.33.0-255,66,28867,34,111585
11419,0.002308,172.217.194.0-255,7124,35991,34,111585
11420,0.002315,172.31.33.0-255,66,36057,34,111585
11421,0.002436,172.31.33.0-255,66,36123,34,111585
11422,0.002703,172.217.194.0-255,1484,37607,34,111585
11423,0.002747,172.31.33.0-255,66,37673,34,111585
11424,0.003277,172.217.194.0-255,2902,40575,34,111585
11425,0.003282,172.31.33.0-255,66,40641,34,111585
11426,0.003435,172.31.33.0-255,66,40707,34,111585
11427,0.003457,172.31.33.0-255,66,40773,34,111585
11428,0.004156,172.217.194.0-255,5738,46511,34,111585
11429,0.00416,172.31.33.0-255,66,46577,34,111585
11430,0.00419,172.217.194.0-255,2902,49479,34,111585
11431,0.004196,172.31.33.0-255,66,49545,34,111585
11432,0.004798,172.31.33.0-255,66,49611,34,111585
11433,0.007603,172.217.194.0-255,1484,51095,34,111585
11434,0.007626,172.217.194.0-255,2902,53997,34,111585
11435,0.007631,172.31.33.0-255,66,54063,34,111585
11436,0.007654,172.217.194.0-255,4320,58383,34,111585
11437,0.007687,172.31.33.0-255,66,58449,34,111585
11438,0.00771,172.217.194.0-255,5738,64187,34,111585
11439,0.007714,172.31.33.0-255,66,64253,34,111585
11440,0.007783,172.217.194.0-255,1484,65737,34,111585
11441,0.007808,172.31.33.0-255,66,65803,34,111585
11442,0.007957,172.217.194.0-255,4320,70123,34,111585
11443,0.007961,172.31.33.0-255,66,70189,34,111585
11444,0.007989,172.217.194.0-255,3602,73791,34,111585
11445,0.007991,172.31.33.0-255,66,73857,34,111585
11446,0.008069,172.217.194.0-255,1484,75341,34,111585
11447,0.008157,172.31.33.0-255,66,75407,34,111585
11448,0.008172,172.217.194.0-255,1484,76891,34,111585
11449,0.008492,172.217.194.0-255,5020,81911,34,111585
11450,0.008497,172.31.33.0-255,66,81977,34,111585
11451,0.008563,172.217.194.0-255,4320,86297,34,111585
11452,0.008568,172.31.33.0-255,66,86363,34,111585
11453,0.00858,172.217.194.0-255,1484,87847,34,111585
11454,0.008651,172.217.194.0-255,5738,93585,34,111585
11455,0.008655,172.31.33.0-255,66,93651,34,111585
11456,0.008676,172.217.194.0-255,7156,100807,34,111585
11457,0.008679,172.31.33.0-255,66,100873,34,111585
11458,0.008836,172.217.194.0-255,7156,108029,34,111585
11459,0.008841,172.31.33.0-255,66,108095,34,111585
11460,0.00888,172.31.33.0-255,66,108161,34,111585
11461,0.009052,172.217.194.0-255,1484,109645,34,111585
11462,0.009193,172.217.194.0-255,1874,111519,34,111585
11463,0.009198,172.31.33.0-255,66,111585,34,111585
11464,0.0,74.125.24.0-255,150,150,34,209179
11465,3.2e-05,172.31.33.0-255,66,216,34,209179
11466,4e-05,74.125.24.0-255,1484,1700,34,209179
11467,4.5e-05,172.31.33.0-255,66,1766,34,209179
11468,5e-05,74.125.24.0-255,2902,4668,34,209179
11469,5.3e-05,172.31.33.0-255,66,4734,34,209179
11470,6e-05,74.125.24.0-255,7156,11890,34,209179
11471,6.3e-05,172.31.33.0-255,66,11956,34,209179
11472,8.6e-05,74.125.24.0-255,2066,14022,34,209179
11473,8.8e-05,172.31.33.0-255,66,14088,34,209179
11474,0.000154,74.125.24.0-255,1484,15572,34,209179
11475,0.000157,172.31.33.0-255,66,15638,34,209179
11476,0.000162,74.125.24.0-255,2902,18540,34,209179
11477,0.000164,172.31.33.0-255,66,18606,34,209179
11478,0.000212,74.125.24.0-255,5738,24344,34,209179
11479,0.000215,172.31.33.0-255,66,24410,34,209179
11480,0.000223,74.125.24.0-255,5738,30148,34,209179
11481,0.000225,172.31.33.0-255,66,30214,34,209179
11482,0.000228,74.125.24.0-255,1125,31339,34,209179
11483,0.00023,172.31.33.0-255,66,31405,34,209179
11484,0.00038,74.125.24.0-255,1484,32889,34,209179
11485,0.000386,172.31.33.0-255,66,32955,34,209179
11486,0.000391,74.125.24.0-255,2902,35857,34,209179
11487,0.000394,172.31.33.0-255,66,35923,34,209179
11488,0.000397,74.125.24.0-255,1484,37407,34,209179
11489,0.000398,172.31.33.0-255,66,37473,34,209179
11490,0.000424,74.125.24.0-255,4320,41793,34,209179
11491,0.000429,172.31.33.0-255,66,41859,34,209179
11492,0.000438,172.31.33.0-255,66,41925,34,209179
11493,0.000469,74.125.24.0-255,5379,47304,34,209179
11494,0.000475,74.125.24.0-255,7156,54460,34,209179
11495,0.000476,172.31.33.0-255,66,54526,34,209179
11496,0.00048,172.31.33.0-255,66,54592,34,209179
11497,0.000493,74.125.24.0-255,2895,57487,34,209179
11498,0.000496,172.31.33.0-255,66,57553,34,209179
11499,0.000515,74.125.24.0-255,327,57880,34,209179
11500,0.000786,172.31.33.0-255,66,57946,34,209179
11501,0.000977,74.125.24.0-255,1484,59430,34,209179
11502,0.000986,74.125.24.0-255,2902,62332,34,209179
11503,0.000989,172.31.33.0-255,66,62398,34,209179
11504,0.000993,74.125.24.0-255,1484,63882,34,209179
11505,0.001012,74.125.24.0-255,4320,68202,34,209179
11506,0.001015,172.31.33.0-255,66,68268,34,209179
11507,0.00102,74.125.24.0-255,4320,72588,34,209179
11508,0.001021,172.31.33.0-255,66,72654,34,209179
11509,0.001055,172.31.33.0-255,66,72720,34,209179
11510,0.001064,172.31.33.0-255,66,72786,34,209179
11511,0.001238,74.125.24.0-255,1484,74270,34,209179
11512,0.001244,74.125.24.0-255,2902,77172,34,209179
11513,0.001247,172.31.33.0-255,66,77238,34,209179
11514,0.001262,74.125.24.0-255,4320,81558,34,209179
11515,0.001264,172.31.33.0-255,66,81624,34,209179
11516,0.001284,74.125.24.0-255,1484,83108,34,209179
11517,0.001289,74.125.24.0-255,4320,87428,34,209179
11518,0.001291,172.31.33.0-255,66,87494,34,209179
11519,0.001318,172.31.33.0-255,66,87560,34,209179
11520,0.001322,74.125.24.0-255,4320,91880,34,209179
11521,0.001324,172.31.33.0-255,66,91946,34,209179
11522,0.001366,74.125.24.0-255,6438,98384,34,209179
11523,0.001369,172.31.33.0-255,66,98450,34,209179
11524,0.001408,74.125.24.0-255,1484,99934,34,209179
11525,0.001424,74.125.24.0-255,2902,102836,34,209179
11526,0.001426,172.31.33.0-255,66,102902,34,209179
11527,0.001445,74.125.24.0-255,5738,108640,34,209179
11528,0.001447,172.31.33.0-255,66,108706,34,209179
11529,0.001464,74.125.24.0-255,4320,113026,34,209179
11530,0.001466,172.31.33.0-255,66,113092,34,209179
11531,0.001481,74.125.24.0-255,1484,114576,34,209179
11532,0.001499,172.31.33.0-255,66,114642,34,209179
11533,0.001522,172.31.33.0-255,66,114708,34,209179
11534,0.001694,74.125.24.0-255,1484,116192,34,209179
11535,0.001703,74.125.24.0-255,1484,117676,34,209179
11536,0.001704,172.31.33.0-255,66,117742,34,209179
11537,0.001716,74.125.24.0-255,1484,119226,34,209179
11538,0.001734,74.125.24.0-255,5738,124964,34,209179
11539,0.001736,172.31.33.0-255,66,125030,34,209179
11540,0.001771,172.31.33.0-255,66,125096,34,209179
11541,0.001814,74.125.24.0-255,2902,127998,34,209179
11542,0.001815,172.31.33.0-255,66,128064,34,209179
11543,0.001837,172.31.33.0-255,66,128130,34,209179
11544,0.001885,74.125.24.0-255,7156,135286,34,209179
11545,0.001887,172.31.33.0-255,66,135352,34,209179
11546,0.001895,172.31.33.0-255,66,135418,34,209179
11547,0.001914,74.125.24.0-255,5738,141156,34,209179
11548,0.001916,172.31.33.0-255,66,141222,34,209179
11549,0.001941,172.31.33.0-255,66,141288,34,209179
11550,0.001943,74.125.24.0-255,766,142054,34,209179
11551,0.002022,74.125.24.0-255,1484,143538,34,209179
11552,0.002023,172.31.33.0-255,66,143604,34,209179
11553,0.002027,74.125.24.0-255,2902,146506,34,209179
11554,0.002028,172.31.33.0-255,66,146572,34,209179
11555,0.00204,74.125.24.0-255,4320,150892,34,209179
11556,0.002042,172.31.33.0-255,66,150958,34,209179
11557,0.002064,74.125.24.0-255,1484,152442,34,209179
11558,0.002077,172.31.33.0-255,66,152508,34,209179
11559,0.00211,74.125.24.0-255,2902,155410,34,209179
11560,0.002112,172.31.33.0-255,66,155476,34,209179
11561,0.00213,172.31.33.0-255,66,155542,34,209179
11562,0.002167,74.125.24.0-255,1484,157026,34,209179
11563,0.002189,74.125.24.0-255,7156,164182,34,209179
11564,0.002191,172.31.33.0-255,66,164248,34,209179
11565,0.0022,172.31.33.0-255,66,164314,34,209179
11566,0.002237,74.125.24.0-255,6438,170752,34,209179
11567,0.002301,74.125.24.0-255,1484,172236,34,209179
11568,0.002316,74.125.24.0-255,2902,175138,34,209179
11569,0.002321,74.125.24.0-255,5738,180876,34,209179
11570,0.002417,74.125.24.0-255,5738,186614,34,209179
11571,0.002427,74.125.24.0-255,2902,189516,34,209179
11572,0.002452,74.125.24.0-255,1484,191000,34,209179
11573,0.002468,74.125.24.0-255,2902,193902,34,209179
11574,0.00254,74.125.24.0-255,5020,198922,34,209179
11575,0.002546,74.125.24.0-255,7156,206078,34,209179
11576,0.002594,74.125.24.0-255,2996,209074,34,209179
11577,0.002596,74.125.24.0-255,105,209179,34,209179
11578,0.0,172.217.194.0-255,150,150,34,219488
11579,2.1e-05,172.31.33.0-255,66,216,34,219488
11580,2.7e-05,172.217.194.0-255,1484,1700,34,219488
11581,3.1e-05,172.31.33.0-255,66,1766,34,219488
11582,3.4e-05,172.217.194.0-255,1484,3250,34,219488
11583,3.6e-05,172.31.33.0-255,66,3316,34,219488
11584,5.3e-05,172.217.194.0-255,1484,4800,34,219488
11585,5.5e-05,172.31.33.0-255,66,4866,34,219488
11586,6.3e-05,172.217.194.0-255,7156,12022,34,219488
11587,6.4e-05,172.31.33.0-255,66,12088,34,219488
11588,8.5e-05,172.217.194.0-255,2018,14106,34,219488
11589,8.7e-05,172.31.33.0-255,66,14172,34,219488
11590,0.000388,172.217.194.0-255,1484,15656,34,219488
11591,0.000393,172.31.33.0-255,66,15722,34,219488
11592,0.0004,172.217.194.0-255,2902,18624,34,219488
11593,0.000402,172.31.33.0-255,66,18690,34,219488
11594,0.000418,172.217.194.0-255,5738,24428,34,219488
11595,0.00042,172.31.33.0-255,66,24494,34,219488
11596,0.000448,172.217.194.0-255,6797,31291,34,219488
11597,0.000452,172.31.33.0-255,66,31357,34,219488
11598,0.000458,172.217.194.0-255,7156,38513,34,219488
11599,0.000461,172.31.33.0-255,66,38579,34,219488
11600,0.000486,172.217.194.0-255,2902,41481,34,219488
11601,0.000489,172.31.33.0-255,66,41547,34,219488
11602,0.00051,172.217.194.0-255,6797,48344,34,219488
11603,0.000513,172.31.33.0-255,66,48410,34,219488
11604,0.00089,172.217.194.0-255,1484,49894,34,219488
11605,0.000895,172.31.33.0-255,66,49960,34,219488
11606,0.0009,172.217.194.0-255,2902,52862,34,219488
11607,0.000902,172.31.33.0-255,66,52928,34,219488
11608,0.000908,172.217.194.0-255,5738,58666,34,219488
11609,0.00091,172.31.33.0-255,66,58732,34,219488
11610,0.000943,172.217.194.0-255,2902,61634,34,219488
11611,0.000945,172.31.33.0-255,66,61700,34,219488
11612,0.00096,172.217.194.0-255,3961,65661,34,219488
11613,0.000962,172.31.33.0-255,66,65727,34,219488
11614,0.001001,172.217.194.0-255,342,66069,34,219488
11615,0.001145,172.217.194.0-255,119,66188,34,219488
11616,0.001295,172.217.194.0-255,1484,67672,34,219488
11617,0.0013,172.31.33.0-255,66,67738,34,219488
11618,0.001305,172.217.194.0-255,2902,70640,34,219488
11619,0.001308,172.31.33.0-255,66,70706,34,219488
11620,0.001321,172.217.194.0-255,2902,73608,34,219488
11621,0.001324,172.31.33.0-255,66,73674,34,219488
11622,0.001339,172.217.194.0-255,2902,76576,34,219488
11623,0.001341,172.31.33.0-255,66,76642,34,219488
11624,0.001348,172.217.194.0-255,6797,83439,34,219488
11625,0.001351,172.31.33.0-255,66,83505,34,219488
11626,0.001376,172.217.194.0-255,4320,87825,34,219488
11627,0.001379,172.31.33.0-255,66,87891,34,219488
11628,0.001402,172.31.33.0-255,66,87957,34,219488
11629,0.001406,172.217.194.0-255,2543,90500,34,219488
11630,0.001409,172.31.33.0-255,66,90566,34,219488
11631,0.003004,172.217.194.0-255,1484,92050,34,219488
11632,0.003011,172.217.194.0-255,1484,93534,34,219488
11633,0.003015,172.31.33.0-255,66,93600,34,219488
11634,0.003029,172.217.194.0-255,1484,95084,34,219488
11635,0.003036,172.217.194.0-255,5738,100822,34,219488
11636,0.003038,172.31.33.0-255,66,100888,34,219488
11637,0.003088,172.31.33.0-255,66,100954,34,219488
11638,0.003093,172.217.194.0-255,4320,105274,34,219488
11639,0.003095,172.31.33.0-255,66,105340,34,219488
11640,0.003113,172.217.194.0-255,6438,111778,34,219488
11641,0.003115,172.31.33.0-255,66,111844,34,219488
11642,0.003226,172.217.194.0-255,1484,113328,34,219488
11643,0.003233,172.217.194.0-255,2902,116230,34,219488
11644,0.003236,172.31.33.0-255,66,116296,34,219488
11645,0.00324,172.217.194.0-255,1484,117780,34,219488
11646,0.003258,172.217.194.0-255,4320,122100,34,219488
11647,0.003261,172.31.33.0-255,66,122166,34,219488
11648,0.00328,172.217.194.0-255,4320,126486,34,219488
11649,0.003283,172.31.33.0-255,66,126552,34,219488
11650,0.003294,172.31.33.0-255,66,126618,34,219488
11651,0.003314,172.217.194.0-255,1484,128102,34,219488
11652,0.003352,172.31.33.0-255,66,128168,34,219488
11653,0.003359,172.217.194.0-255,7156,135324,34,219488
11654,0.003361,172.31.33.0-255,66,135390,34,219488
11655,0.003377,172.217.194.0-255,7156,142546,34,219488
11656,0.003381,172.31.33.0-255,66,142612,34,219488
11657,0.003387,172.217.194.0-255,7156,149768,34,219488
11658,0.00339,172.31.33.0-255,66,149834,34,219488
11659,0.00341,172.217.194.0-255,3602,153436,34,219488
11660,0.003412,172.31.33.0-255,66,153502,34,219488
11661,0.003759,172.217.194.0-255,1484,154986,34,219488
11662,0.003766,172.217.194.0-255,2902,157888,34,219488
11663,0.00377,172.31.33.0-255,66,157954,34,219488
11664,0.003775,172.217.194.0-255,2902,160856,34,219488
11665,0.003778,172.31.33.0-255,66,160922,34,219488
11666,0.003794,172.217.194.0-255,2902,163824,34,219488
11667,0.003797,172.31.33.0-255,66,163890,34,219488
11668,0.003803,172.217.194.0-255,5738,169628,34,219488
11669,0.003805,172.31.33.0-255,66,169694,34,219488
11670,0.003811,172.217.194.0-255,5738,175432,34,219488
11671,0.003813,172.31.33.0-255,66,175498,34,219488
11672,0.003842,172.217.194.0-255,7156,182654,34,219488
11673,0.003845,172.31.33.0-255,66,182720,34,219488
11674,0.003867,172.217.194.0-255,5020,187740,34,219488
11675,0.00387,172.31.33.0-255,66,187806,34,219488
11676,0.003877,172.217.194.0-255,5738,193544,34,219488
11677,0.003879,172.31.33.0-255,66,193610,34,219488
11678,0.003911,172.31.33.0-255,66,193676,34,219488
11679,0.003924,172.31.33.0-255,66,193742,34,219488
11680,0.003955,172.217.194.0-255,3602,197344,34,219488
11681,0.003958,172.31.33.0-255,66,197410,34,219488
11682,0.003973,172.31.33.0-255,66,197476,34,219488
11683,0.004022,172.31.33.0-255,66,197542,34,219488
11684,0.004055,172.217.194.0-255,6438,203980,34,219488
11685,0.004061,172.31.33.0-255,66,204046,34,219488
11686,0.004081,172.31.33.0-255,66,204112,34,219488
11687,0.004096,172.31.33.0-255,66,204178,34,219488
11688,0.004118,172.217.194.0-255,6438,210616,34,219488
11689,0.00412,172.217.194.0-255,1484,212100,34,219488
11690,0.004121,172.31.33.0-255,66,212166,34,219488
11691,0.004151,172.31.33.0-255,66,212232,34,219488
11692,0.004181,172.31.33.0-255,66,212298,34,219488
11693,0.004187,172.31.33.0-255,66,212364,34,219488
11694,0.004206,172.217.194.0-255,6716,219080,34,219488
11695,0.004209,172.31.33.0-255,66,219146,34,219488
11696,0.004212,172.217.194.0-255,105,219251,34,219488
11697,0.005491,172.31.33.0-255,66,219317,34,219488
11698,0.005516,172.31.33.0-255,105,219422,34,219488
11699,0.007775,172.217.194.0-255,66,219488,34,219488
11700,0.0,172.217.194.0-255,152,152,34,143834
11701,2.3e-05,172.31.33.0-255,66,218,34,143834
11702,3e-05,172.217.194.0-255,1484,1702,34,143834
11703,3.5e-05,172.31.33.0-255,66,1768,34,143834
11704,3.8e-05,172.217.194.0-255,1484,3252,34,143834
11705,4.8e-05,172.31.33.0-255,66,3318,34,143834
11706,7.5e-05,172.217.194.0-255,1484,4802,34,143834
11707,7.9e-05,172.31.33.0-255,66,4868,34,143834
11708,8.7e-05,172.217.194.0-255,5738,10606,34,143834
11709,8.9e-05,172.31.33.0-255,66,10672,34,143834
11710,9.4e-05,172.217.194.0-255,3546,14218,34,143834
11711,9.7e-05,172.31.33.0-255,66,14284,34,143834
11712,0.000133,172.217.194.0-255,1484,15768,34,143834
11713,0.000135,172.31.33.0-255,66,15834,34,143834
11714,0.00014,172.217.194.0-255,2902,18736,34,143834
11715,0.000142,172.31.33.0-255,66,18802,34,143834
11716,0.00017,172.217.194.0-255,5738,24540,34,143834
11717,0.000173,172.31.33.0-255,66,24606,34,143834
11718,0.000208,172.31.33.0-255,66,24672,34,143834
11719,0.000221,172.31.33.0-255,66,24738,34,143834
11720,0.000223,172.217.194.0-255,1125,25863,34,143834
11721,0.000225,172.31.33.0-255,66,25929,34,143834
11722,0.000823,172.217.194.0-255,1484,27413,34,143834
11723,0.000827,172.31.33.0-255,66,27479,34,143834
11724,0.000856,172.217.194.0-255,2902,30381,34,143834
11725,0.00086,172.31.33.0-255,66,30447,34,143834
11726,0.000867,172.217.194.0-255,5738,36185,34,143834
11727,0.000869,172.31.33.0-255,66,36251,34,143834
11728,0.000888,172.217.194.0-255,1484,37735,34,143834
11729,0.00089,172.31.33.0-255,66,37801,34,143834
11730,0.00092,172.217.194.0-255,5379,43180,34,143834
11731,0.000932,172.217.194.0-255,7156,50336,34,143834
11732,0.000949,172.217.194.0-255,2902,53238,34,143834
11733,0.000995,172.217.194.0-255,1484,54722,34,143834
11734,0.001046,172.217.194.0-255,5379,60101,34,143834
11735,0.001051,172.217.194.0-255,2902,63003,34,143834
11736,0.001066,172.217.194.0-255,2902,65905,34,143834
11737,0.001101,172.217.194.0-255,5738,71643,34,143834
11738,0.001113,172.217.194.0-255,562,72205,34,143834
11739,0.001151,172.31.33.0-255,66,72271,34,143834
11740,0.001314,172.217.194.0-255,1484,73755,34,143834
11741,0.001321,172.217.194.0-255,2902,76657,34,143834
11742,0.001333,172.217.194.0-255,1484,78141,34,143834
11743,0.001347,172.217.194.0-255,4320,82461,34,143834
11744,0.00146,172.31.33.0-255,66,82527,34,143834
11745,0.0016,172.217.194.0-255,1484,84011,34,143834
11746,0.001606,172.217.194.0-255,2902,86913,34,143834
11747,0.001609,172.217.194.0-255,1484,88397,34,143834
11748,0.001617,172.31.33.0-255,66,88463,34,143834
11749,0.001636,172.217.194.0-255,4320,92783,34,143834
11750,0.001643,172.217.194.0-255,5738,98521,34,143834
11751,0.001648,172.31.33.0-255,66,98587,34,143834
11752,0.001678,172.217.194.0-255,7156,105743,34,143834
11753,0.00171,172.31.33.0-255,66,105809,34,143834
11754,0.002189,172.217.194.0-255,1484,107293,34,143834
11755,0.002195,172.217.194.0-255,1484,108777,34,143834
11756,0.002198,172.31.33.0-255,66,108843,34,143834
11757,0.002222,172.217.194.0-255,1484,110327,34,143834
11758,0.002228,172.217.194.0-255,5738,116065,34,143834
11759,0.002233,172.217.194.0-255,4320,120385,34,143834
11760,0.002252,172.217.194.0-255,7156,127541,34,143834
11761,0.002261,172.31.33.0-255,66,127607,34,143834
11762,0.002286,172.217.194.0-255,4320,131927,34,143834
11763,0.002293,172.31.33.0-255,66,131993,34,143834
11764,0.002334,172.31.33.0-255,66,132059,34,143834
11765,0.003144,172.31.33.0-255,101,132160,34,143834
11766,0.00463,172.217.194.0-255,5738,137898,34,143834
11767,0.004638,172.31.33.0-255,66,137964,34,143834
11768,0.005424,172.217.194.0-255,66,138030,34,143834
11769,0.006935,172.217.194.0-255,5738,143768,34,143834
11770,0.009657,172.31.33.0-255,66,143834,34,143834
11771,0.0,172.217.160.0-255,431,431,34,111373
11772,1.9e-05,172.217.160.0-255,1484,1915,34,111373
11773,3e-05,172.31.33.0-255,66,1981,34,111373
11774,4.2e-05,172.217.160.0-255,4320,6301,34,111373
11775,4.4e-05,172.31.33.0-255,66,6367,34,111373
11776,0.000115,172.217.160.0-255,2902,9269,34,111373
11777,0.000118,172.31.33.0-255,66,9335,34,111373
11778,0.000212,172.217.160.0-255,4894,14229,34,111373
11779,0.000216,172.31.33.0-255,66,14295,34,111373
11780,0.000356,172.217.160.0-255,1484,15779,34,111373
11781,0.000407,172.217.160.0-255,2902,18681,34,111373
11782,0.000411,172.31.33.0-255,66,18747,34,111373
11783,0.000452,172.217.160.0-255,1484,20231,34,111373
11784,0.000468,172.217.160.0-255,4320,24551,34,111373
11785,0.00047,172.31.33.0-255,66,24617,34,111373
11786,0.000627,172.217.160.0-255,5738,30355,34,111373
11787,0.000648,172.31.33.0-255,66,30421,34,111373
11788,0.001695,172.31.33.0-255,66,30487,34,111373
11789,0.001722,172.217.160.0-255,5738,36225,34,111373
11790,0.001872,172.217.160.0-255,1484,37709,34,111373
11791,0.001888,172.217.160.0-255,2902,40611,34,111373
11792,0.002043,172.217.160.0-255,4320,44931,34,111373
11793,0.002526,172.217.160.0-255,2902,47833,34,111373
11794,0.002555,172.217.160.0-255,5738,53571,34,111373
11795,0.003005,172.217.160.0-255,4320,57891,34,111373
11796,0.003024,172.217.160.0-255,2902,60793,34,111373
11797,0.003328,172.217.160.0-255,4320,65113,34,111373
11798,0.003341,172.217.160.0-255,7156,72269,34,111373
11799,0.004005,172.31.33.0-255,66,72335,34,111373
11800,0.004309,172.31.33.0-255,66,72401,34,111373
11801,0.005658,172.31.33.0-255,66,72467,34,111373
11802,0.005702,172.31.33.0-255,66,72533,34,111373
11803,0.005748,172.217.160.0-255,4320,76853,34,111373
11804,0.005751,172.31.33.0-255,66,76919,34,111373
11805,0.005777,172.31.33.0-255,66,76985,34,111373
11806,0.005939,172.217.160.0-255,4934,81919,34,111373
11807,0.005943,172.31.33.0-255,66,81985,34,111373
11808,0.005977,172.217.160.0-255,5738,87723,34,111373
11809,0.005979,172.31.33.0-255,66,87789,34,111373
11810,0.005998,172.217.160.0-255,7156,94945,34,111373
11811,0.006,172.31.33.0-255,66,95011,34,111373
11812,0.006051,172.31.33.0-255,66,95077,34,111373
11813,0.007306,172.217.160.0-255,1708,96785,34,111373
11814,0.007312,172.31.33.0-255,66,96851,34,111373
11815,0.007383,172.31.33.0-255,66,96917,34,111373
11816,0.007414,172.31.33.0-255,66,96983,34,111373
11817,0.007819,172.31.33.0-255,66,97049,34,111373
11818,0.007863,172.31.33.0-255,66,97115,34,111373
11819,0.008315,172.31.33.0-255,66,97181,34,111373
11820,0.00835,172.31.33.0-255,66,97247,34,111373
11821,0.008387,172.31.33.0-255,66,97313,34,111373
11822,0.008917,172.31.33.0-255,66,97379,34,111373
11823,0.00939,172.217.160.0-255,7156,104535,34,111373
11824,0.009443,172.217.160.0-255,1100,105635,34,111373
11825,0.009667,172.217.160.0-255,5738,111373,34,111373
11826,0.0,172.217.194.0-255,153,153,34,238455
11827,2.3e-05,172.31.33.0-255,66,219,34,238455
11828,2.9e-05,172.217.194.0-255,1484,1703,34,238455
11829,3.4e-05,172.31.33.0-255,66,1769,34,238455
11830,4e-05,172.217.194.0-255,2902,4671,34,238455
11831,4.3e-05,172.31.33.0-255,66,4737,34,238455
11832,5e-05,172.217.194.0-255,5738,10475,34,238455
11833,5.2e-05,172.31.33.0-255,66,10541,34,238455
11834,7.6e-05,172.217.194.0-255,1484,12025,34,238455
11835,7.9e-05,172.31.33.0-255,66,12091,34,238455
11836,9.3e-05,172.31.33.0-255,66,12157,34,238455
11837,9.7e-05,172.217.194.0-255,2902,15059,34,238455
11838,9.9e-05,172.31.33.0-255,66,15125,34,238455
11839,0.000131,172.217.194.0-255,6797,21922,34,238455
11840,0.000133,172.31.33.0-255,66,21988,34,238455
11841,0.00018,172.217.194.0-255,1484,23472,34,238455
11842,0.000182,172.31.33.0-255,66,23538,34,238455
11843,0.000186,172.217.194.0-255,2902,26440,34,238455
11844,0.000189,172.31.33.0-255,66,26506,34,238455
11845,0.000203,172.217.194.0-255,4320,30826,34,238455
11846,0.000206,172.31.33.0-255,66,30892,34,238455
11847,0.000226,172.217.194.0-255,1484,32376,34,238455
11848,0.000228,172.31.33.0-255,66,32442,34,238455
11849,0.000233,172.217.194.0-255,2902,35344,34,238455
11850,0.000234,172.31.33.0-255,66,35410,34,238455
11851,0.000263,172.31.33.0-255,66,35476,34,238455
11852,0.000286,172.217.194.0-255,5738,41214,34,238455
11853,0.000289,172.31.33.0-255,66,41280,34,238455
11854,0.000308,172.217.194.0-255,4266,45546,34,238455
11855,0.000311,172.31.33.0-255,66,45612,34,238455
11856,0.000313,172.217.194.0-255,382,45994,34,238455
11857,0.000448,172.217.194.0-255,1484,47478,34,238455
11858,0.000454,172.217.194.0-255,2902,50380,34,238455
11859,0.000476,172.217.194.0-255,5738,56118,34,238455
11860,0.000499,172.217.194.0-255,5738,61856,34,238455
11861,0.000541,172.217.194.0-255,4320,66176,34,238455
11862,0.000546,172.217.194.0-255,5020,71196,34,238455
11863,0.000587,172.31.33.0-255,66,71262,34,238455
11864,0.00073,172.217.194.0-255,1484,72746,34,238455
11865,0.000737,172.217.194.0-255,2902,75648,34,238455
11866,0.00074,172.217.194.0-255,1484,77132,34,238455
11867,0.000749,172.31.33.0-255,66,77198,34,238455
11868,0.000762,172.217.194.0-255,4320,81518,34,238455
11869,0.000791,172.217.194.0-255,5738,87256,34,238455
11870,0.000807,172.217.194.0-255,5020,92276,34,238455
11871,0.000817,172.31.33.0-255,66,92342,34,238455
11872,0.000827,172.217.194.0-255,1484,93826,34,238455
11873,0.00084,172.217.194.0-255,2902,96728,34,238455
11874,0.000843,172.217.194.0-255,1484,98212,34,238455
11875,0.000858,172.217.194.0-255,4320,102532,34,238455
11876,0.000874,172.217.194.0-255,5738,108270,34,238455
11877,0.000888,172.31.33.0-255,66,108336,34,238455
11878,0.000895,172.217.194.0-255,7156,115492,34,238455
11879,0.000914,172.31.33.0-255,66,115558,34,238455
11880,0.000944,172.217.194.0-255,2184,117742,34,238455
11881,0.000961,172.31.33.0-255,66,117808,34,238455
11882,0.000994,172.217.194.0-255,2902,120710,34,238455
11883,0.000999,172.217.194.0-255,2902,123612,34,238455
11884,0.001011,172.217.194.0-255,1484,125096,34,238455
11885,0.001019,172.31.33.0-255,66,125162,34,238455
11886,0.001031,172.217.194.0-255,7156,132318,34,238455
11887,0.001036,172.31.33.0-255,66,132384,34,238455
11888,0.001054,172.217.194.0-255,1484,133868,34,238455
11889,0.00106,172.217.194.0-255,5738,139606,34,238455
11890,0.001068,172.31.33.0-255,66,139672,34,238455
11891,0.001086,172.217.194.0-255,1484,141156,34,238455
11892,0.001119,172.31.33.0-255,66,141222,34,238455
11893,0.001142,172.217.194.0-255,2902,144124,34,238455
11894,0.00115,172.31.33.0-255,66,144190,34,238455
11895,0.001162,172.217.194.0-255,7156,151346,34,238455
11896,0.001204,172.217.194.0-255,2902,154248,34,238455
11897,0.00121,172.31.33.0-255,66,154314,34,238455
11898,0.001261,172.217.194.0-255,7156,161470,34,238455
11899,0.001274,172.31.33.0-255,66,161536,34,238455
11900,0.001319,172.31.33.0-255,66,161602,34,238455
11901,0.001334,172.217.194.0-255,1484,163086,34,238455
11902,0.001337,172.217.194.0-255,766,163852,34,238455
11903,0.001349,172.31.33.0-255,66,163918,34,238455
11904,0.001377,172.217.194.0-255,1484,165402,34,238455
11905,0.001382,172.217.194.0-255,2902,168304,34,238455
11906,0.001387,172.31.33.0-255,66,168370,34,238455
11907,0.001405,172.217.194.0-255,5738,174108,34,238455
11908,0.001416,172.217.194.0-255,1484,175592,34,238455
11909,0.001432,172.217.194.0-255,5738,181330,34,238455
11910,0.001442,172.31.33.0-255,66,181396,34,238455
11911,0.001473,172.31.33.0-255,66,181462,34,238455
11912,0.001483,172.217.194.0-255,4320,185782,34,238455
11913,0.001488,172.31.33.0-255,66,185848,34,238455
11914,0.001507,172.217.194.0-255,2184,188032,34,238455
11915,0.001532,172.31.33.0-255,66,188098,34,238455
11916,0.001544,172.217.194.0-255,2902,191000,34,238455
11917,0.001549,172.217.194.0-255,2902,193902,34,238455
11918,0.001567,172.31.33.0-255,66,193968,34,238455
11919,0.001578,172.217.194.0-255,5738,199706,34,238455
11920,0.001582,172.31.33.0-255,66,199772,34,238455
11921,0.001597,172.217.194.0-255,1484,201256,34,238455
11922,0.001603,172.217.194.0-255,5738,206994,34,238455
11923,0.00161,172.31.33.0-255,66,207060,34,238455
11924,0.001645,172.217.194.0-255,5020,212080,34,238455
11925,0.00165,172.31.33.0-255,66,212146,34,238455
11926,0.001672,172.217.194.0-255,1484,213630,34,238455
11927,0.001692,172.217.194.0-255,2902,216532,34,238455
11928,0.001698,172.217.194.0-255,5738,222270,34,238455
11929,0.001709,172.217.194.0-255,1484,223754,34,238455
11930,0.001715,172.31.33.0-255,66,223820,34,238455
11931,0.001758,172.217.194.0-255,7156,230976,34,238455
11932,0.001796,172.31.33.0-255,66,231042,34,238455
11933,0.001833,172.217.194.0-255,7071,238113,34,238455
11934,0.001845,172.217.194.0-255,105,238218,34,238455
11935,0.001885,172.31.33.0-255,66,238284,34,238455
11936,0.00465,172.31.33.0-255,105,238389,34,238455
11937,0.007023,172.217.194.0-255,66,238455,34,238455
11938,0.0,74.125.130.0-255,143,143,34,343521
11939,2.8e-05,172.31.33.0-255,66,209,34,343521
11940,3.4e-05,74.125.130.0-255,1484,1693,34,343521
11941,4e-05,172.31.33.0-255,66,1759,34,343521
11942,4.5e-05,74.125.130.0-255,2902,4661,34,343521
11943,4.8e-05,172.31.33.0-255,66,4727,34,343521
11944,6.7e-05,74.125.130.0-255,4320,9047,34,343521
11945,6.9e-05,172.31.33.0-255,66,9113,34,343521
11946,8.6e-05,74.125.130.0-255,4808,13921,34,343521
11947,8.9e-05,172.31.33.0-255,66,13987,34,343521
11948,0.000108,74.125.130.0-255,1484,15471,34,343521
11949,0.000111,172.31.33.0-255,66,15537,34,343521
11950,0.000131,74.125.130.0-255,2902,18439,34,343521
11951,0.000134,172.31.33.0-255,66,18505,34,343521
11952,0.00014,74.125.130.0-255,4320,22825,34,343521
11953,0.000142,172.31.33.0-255,66,22891,34,343521
11954,0.000157,74.125.130.0-255,1484,24375,34,343521
11955,0.000159,172.31.33.0-255,66,24441,34,343521
11956,0.000166,74.125.130.0-255,6797,31238,34,343521
11957,0.000169,172.31.33.0-255,66,31304,34,343521
11958,0.000308,74.125.130.0-255,1484,32788,34,343521
11959,0.000313,172.31.33.0-255,66,32854,34,343521
11960,0.00032,74.125.130.0-255,2902,35756,34,343521
11961,0.000322,172.31.33.0-255,66,35822,34,343521
11962,0.000351,74.125.130.0-255,5738,41560,34,343521
11963,0.000355,172.31.33.0-255,66,41626,34,343521
11964,0.000362,74.125.130.0-255,5738,47364,34,343521
11965,0.000364,172.31.33.0-255,66,47430,34,343521
11966,0.000383,74.125.130.0-255,1125,48555,34,343521
11967,0.000387,172.31.33.0-255,66,48621,34,343521
11968,0.000395,74.125.130.0-255,7156,55777,34,343521
11969,0.000397,172.31.33.0-255,66,55843,34,343521
11970,0.000415,74.125.130.0-255,5738,61581,34,343521
11971,0.000418,172.31.33.0-255,66,61647,34,343521
11972,0.00043,74.125.130.0-255,4255,65902,34,343521
11973,0.000433,172.31.33.0-255,66,65968,34,343521
11974,0.000436,74.125.130.0-255,362,66330,34,343521
11975,0.000664,74.125.130.0-255,1484,67814,34,343521
11976,0.000668,172.31.33.0-255,66,67880,34,343521
11977,0.000674,74.125.130.0-255,2902,70782,34,343521
11978,0.000677,172.31.33.0-255,66,70848,34,343521
11979,0.000692,74.125.130.0-255,5738,76586,34,343521
11980,0.000695,172.31.33.0-255,66,76652,34,343521
11981,0.000714,74.125.130.0-255,1484,78136,34,343521
11982,0.000733,74.125.130.0-255,7156,85292,34,343521
11983,0.000736,172.31.33.0-255,66,85358,34,343521
11984,0.000743,74.125.130.0-255,5738,91096,34,343521
11985,0.000746,172.31.33.0-255,66,91162,34,343521
11986,0.00077,74.125.130.0-255,4320,95482,34,343521
11987,0.000773,172.31.33.0-255,66,95548,34,343521
11988,0.000778,74.125.130.0-255,5020,100568,34,343521
11989,0.00078,172.31.33.0-255,66,100634,34,343521
11990,0.000823,74.125.130.0-255,5738,106372,34,343521
11991,0.000828,172.31.33.0-255,66,106438,34,343521
11992,0.000828,74.125.130.0-255,5738,112176,34,343521
11993,0.000832,74.125.130.0-255,2902,115078,34,343521
11994,0.000831,172.31.33.0-255,66,115144,34,343521
11995,0.000834,172.31.33.0-255,66,115210,34,343521
11996,0.000851,74.125.130.0-255,4320,119530,34,343521
11997,0.000853,172.31.33.0-255,66,119596,34,343521
11998,0.000868,74.125.130.0-255,5738,125334,34,343521
11999,0.000871,172.31.33.0-255,66,125400,34,343521
12000,0.000886,74.125.130.0-255,4320,129720,34,343521
12001,0.000889,172.31.33.0-255,66,129786,34,343521
12002,0.000913,74.125.130.0-255,2902,132688,34,343521
12003,0.000916,172.31.33.0-255,66,132754,34,343521
12004,0.000927,74.125.130.0-255,1634,134388,34,343521
12005,0.00093,172.31.33.0-255,66,134454,34,343521
12006,0.000974,74.125.130.0-255,1484,135938,34,343521
12007,0.000987,74.125.130.0-255,2902,138840,34,343521
12008,0.000989,172.31.33.0-255,66,138906,34,343521
12009,0.001007,74.125.130.0-255,4320,143226,34,343521
12010,0.00101,172.31.33.0-255,66,143292,34,343521
12011,0.001021,74.125.130.0-255,1484,144776,34,343521
12012,0.001025,74.125.130.0-255,2902,147678,34,343521
12013,0.001027,172.31.33.0-255,66,147744,34,343521
12014,0.001032,74.125.130.0-255,4320,152064,34,343521
12015,0.001034,172.31.33.0-255,66,152130,34,343521
12016,0.001049,74.125.130.0-255,1484,153614,34,343521
12017,0.001067,74.125.130.0-255,7156,160770,34,343521
12018,0.00107,172.31.33.0-255,66,160836,34,343521
12019,0.001074,74.125.130.0-255,2902,163738,34,343521
12020,0.001076,172.31.33.0-255,66,163804,34,343521
12021,0.001088,74.125.130.0-255,1484,165288,34,343521
12022,0.001114,74.125.130.0-255,1484,166772,34,343521
12023,0.001117,172.31.33.0-255,66,166838,34,343521
12024,0.001135,74.125.130.0-255,2184,169022,34,343521
12025,0.001139,172.31.33.0-255,66,169088,34,343521
12026,0.001252,74.125.130.0-255,1484,170572,34,343521
12027,0.001268,74.125.130.0-255,2902,173474,34,343521
12028,0.001271,172.31.33.0-255,66,173540,34,343521
12029,0.001288,74.125.130.0-255,4320,177860,34,343521
12030,0.001291,172.31.33.0-255,66,177926,34,343521
12031,0.001309,74.125.130.0-255,2902,180828,34,343521
12032,0.001311,172.31.33.0-255,66,180894,34,343521
12033,0.001329,74.125.130.0-255,5738,186632,34,343521
12034,0.001331,172.31.33.0-255,66,186698,34,343521
12035,0.001335,74.125.130.0-255,2902,189600,34,343521
12036,0.001337,172.31.33.0-255,66,189666,34,343521
12037,0.001348,74.125.130.0-255,2902,192568,34,343521
12038,0.001351,172.31.33.0-255,66,192634,34,343521
12039,0.00138,172.31.33.0-255,66,192700,34,343521
12040,0.001382,74.125.130.0-255,766,193466,34,343521
12041,0.001473,74.125.130.0-255,1484,194950,34,343521
12042,0.001476,172.31.33.0-255,66,195016,34,343521
12043,0.001493,74.125.130.0-255,2902,197918,34,343521
12044,0.001496,172.31.33.0-255,66,197984,34,343521
12045,0.001499,74.125.130.0-255,1484,199468,34,343521
12046,0.00152,74.125.130.0-255,4320,203788,34,343521
12047,0.001523,172.31.33.0-255,66,203854,34,343521
12048,0.001524,74.125.130.0-255,4320,208174,34,343521
12049,0.001526,172.31.33.0-255,66,208240,34,343521
12050,0.001546,74.125.130.0-255,5738,213978,34,343521
12051,0.001548,172.31.33.0-255,66,214044,34,343521
12052,0.001576,172.31.33.0-255,66,214110,34,343521
12053,0.00158,74.125.130.0-255,2184,216294,34,343521
12054,0.001582,172.31.33.0-255,66,216360,34,343521
12055,0.00168,74.125.130.0-255,1484,217844,34,343521
12056,0.001693,74.125.130.0-255,2902,220746,34,343521
12057,0.001696,172.31.33.0-255,66,220812,34,343521
12058,0.00171,74.125.130.0-255,5738,226550,34,343521
12059,0.001712,172.31.33.0-255,66,226616,34,343521
12060,0.001744,74.125.130.0-255,5738,232354,34,343521
12061,0.001747,172.31.33.0-255,66,232420,34,343521
12062,0.001753,74.125.130.0-255,7156,239576,34,343521
12063,0.001754,172.31.33.0-255,66,239642,34,343521
12064,0.001797,172.31.33.0-255,66,239708,34,343521
12065,0.001826,74.125.130.0-255,2184,241892,34,343521
12066,0.001829,172.31.33.0-255,66,241958,34,343521
12067,0.00198,74.125.130.0-255,1484,243442,34,343521
12068,0.002,74.125.130.0-255,2902,246344,34,343521
12069,0.002003,172.31.33.0-255,66,246410,34,343521
12070,0.002007,74.125.130.0-255,2902,249312,34,343521
12071,0.002009,172.31.33.0-255,66,249378,34,343521
12072,0.002022,74.125.130.0-255,2902,252280,34,343521
12073,0.002025,172.31.33.0-255,66,252346,34,343521
12074,0.00203,74.125.130.0-255,5738,258084,34,343521
12075,0.002032,172.31.33.0-255,66,258150,34,343521
12076,0.002076,74.125.130.0-255,7156,265306,34,343521
12077,0.002079,172.31.33.0-255,66,265372,34,343521
12078,0.00208,74.125.130.0-255,4320,269692,34,343521
12079,0.002082,172.31.33.0-255,66,269758,34,343521
12080,0.002104,74.125.130.0-255,6438,276196,34,343521
12081,0.002107,172.31.33.0-255,66,276262,34,343521
12082,0.002196,74.125.130.0-255,1484,277746,34,343521
12083,0.002215,74.125.130.0-255,2902,280648,34,343521
12084,0.002218,172.31.33.0-255,66,280714,34,343521
12085,0.002234,74.125.130.0-255,5738,286452,34,343521
12086,0.002237,172.31.33.0-255,66,286518,34,343521
12087,0.002258,74.125.130.0-255,1484,288002,34,343521
12088,0.002261,74.125.130.0-255,1484,289486,34,343521
12089,0.002263,172.31.33.0-255,66,289552,34,343521
12090,0.002284,74.125.130.0-255,7156,296708,34,343521
12091,0.002287,172.31.33.0-255,66,296774,34,343521
12092,0.002299,74.125.130.0-255,1484,298258,34,343521
12093,0.002304,74.125.130.0-255,4320,302578,34,343521
12094,0.002306,172.31.33.0-255,66,302644,34,343521
12095,0.002317,74.125.130.0-255,2902,305546,34,343521
12096,0.002319,172.31.33.0-255,66,305612,34,343521
12097,0.002334,74.125.130.0-255,5020,310632,34,343521
12098,0.002337,172.31.33.0-255,66,310698,34,343521
12099,0.002361,74.125.130.0-255,4320,315018,34,343521
12100,0.002364,172.31.33.0-255,66,315084,34,343521
12101,0.002368,74.125.130.0-255,2902,317986,34,343521
12102,0.00237,172.31.33.0-255,66,318052,34,343521
12103,0.002375,74.125.130.0-255,5738,323790,34,343521
12104,0.002376,172.31.33.0-255,66,323856,34,343521
12105,0.002379,74.125.130.0-255,1484,325340,34,343521
12106,0.002404,74.125.130.0-255,2902,328242,34,343521
12107,0.002406,172.31.33.0-255,66,328308,34,343521
12108,0.002412,74.125.130.0-255,5738,334046,34,343521
12109,0.002413,172.31.33.0-255,66,334112,34,343521
12110,0.002449,172.31.33.0-255,66,334178,34,343521
12111,0.002494,172.31.33.0-255,66,334244,34,343521
12112,0.002498,74.125.130.0-255,2902,337146,34,343521
12113,0.0025,172.31.33.0-255,66,337212,34,343521
12114,0.002537,74.125.130.0-255,5738,342950,34,343521
12115,0.00254,172.31.33.0-255,66,343016,34,343521
12116,0.002564,172.31.33.0-255,66,343082,34,343521
12117,0.002567,74.125.130.0-255,97,343179,34,343521
12118,0.002594,74.125.130.0-255,105,343284,34,343521
12119,0.00305,172.31.33.0-255,66,343350,34,343521
12120,0.003073,172.31.33.0-255,105,343455,34,343521
12121,0.005273,74.125.130.0-255,66,343521,34,343521
12122,0.0,172.31.33.0-255,176,176,34,242
12123,0.006256,172.217.194.0-255,66,242,34,242
12124,0.0,172.217.194.0-255,153,153,34,211304
12125,2.3e-05,172.31.33.0-255,66,219,34,211304
12126,2.9e-05,172.217.194.0-255,1484,1703,34,211304
12127,3.4e-05,172.31.33.0-255,66,1769,34,211304
12128,3.9e-05,172.217.194.0-255,2902,4671,34,211304
12129,4.2e-05,172.31.33.0-255,66,4737,34,211304
12130,4.9e-05,172.217.194.0-255,7156,11893,34,211304
12131,5.2e-05,172.31.33.0-255,66,11959,34,211304
12132,8.1e-05,172.217.194.0-255,6401,18360,34,211304
12133,8.6e-05,172.31.33.0-255,66,18426,34,211304
12134,9.1e-05,172.217.194.0-255,2902,21328,34,211304
12135,9.3e-05,172.31.33.0-255,66,21394,34,211304
12136,0.000111,172.217.194.0-255,4320,25714,34,211304
12137,0.000115,172.31.33.0-255,66,25780,34,211304
12138,0.00013,172.31.33.0-255,66,25846,34,211304
12139,0.000137,172.217.194.0-255,6438,32284,34,211304
12140,0.00014,172.31.33.0-255,66,32350,34,211304
12141,0.000202,172.217.194.0-255,1484,33834,34,211304
12142,0.000205,172.31.33.0-255,66,33900,34,211304
12143,0.000208,172.217.194.0-255,1484,35384,34,211304
12144,0.00021,172.31.33.0-255,66,35450,34,211304
12145,0.000222,172.217.194.0-255,1484,36934,34,211304
12146,0.000224,172.31.33.0-255,66,37000,34,211304
12147,0.000227,172.217.194.0-255,1484,38484,34,211304
12148,0.000229,172.31.33.0-255,66,38550,34,211304
12149,0.000245,172.217.194.0-255,4320,42870,34,211304
12150,0.000247,172.31.33.0-255,66,42936,34,211304
12151,0.000271,172.217.194.0-255,2902,45838,34,211304
12152,0.000273,172.31.33.0-255,66,45904,34,211304
12153,0.000289,172.217.194.0-255,3961,49865,34,211304
12154,0.000291,172.31.33.0-255,66,49931,34,211304
12155,0.000361,172.217.194.0-255,647,50578,34,211304
12156,0.000594,172.217.194.0-255,1484,52062,34,211304
12157,0.000598,172.31.33.0-255,66,52128,34,211304
12158,0.000603,172.217.194.0-255,2902,55030,34,211304
12159,0.000604,172.31.33.0-255,66,55096,34,211304
12160,0.000607,172.217.194.0-255,1484,56580,34,211304
12161,0.00062,172.217.194.0-255,4320,60900,34,211304
12162,0.000622,172.31.33.0-255,66,60966,34,211304
12163,0.000627,172.217.194.0-255,4320,65286,34,211304
12164,0.000628,172.31.33.0-255,66,65352,34,211304
12165,0.000647,172.217.194.0-255,1484,66836,34,211304
12166,0.000667,172.217.194.0-255,5738,72574,34,211304
12167,0.000669,172.31.33.0-255,66,72640,34,211304
12168,0.000691,172.217.194.0-255,7156,79796,34,211304
12169,0.000694,172.31.33.0-255,66,79862,34,211304
12170,0.000714,172.217.194.0-255,4320,84182,34,211304
12171,0.000717,172.31.33.0-255,66,84248,34,211304
12172,0.000719,172.217.194.0-255,766,85014,34,211304
12173,0.001053,172.31.33.0-255,66,85080,34,211304
12174,0.001141,172.217.194.0-255,1484,86564,34,211304
12175,0.001147,172.217.194.0-255,2902,89466,34,211304
12176,0.00115,172.31.33.0-255,66,89532,34,211304
12177,0.001153,172.217.194.0-255,1484,91016,34,211304
12178,0.001169,172.217.194.0-255,4320,95336,34,211304
12179,0.001171,172.31.33.0-255,66,95402,34,211304
12180,0.001182,172.217.194.0-255,1484,96886,34,211304
12181,0.001199,172.31.33.0-255,66,96952,34,211304
12182,0.001217,172.217.194.0-255,1484,98436,34,211304
12183,0.001226,172.31.33.0-255,66,98502,34,211304
12184,0.001454,172.217.194.0-255,1484,99986,34,211304
12185,0.001459,172.217.194.0-255,2902,102888,34,211304
12186,0.001463,172.31.33.0-255,66,102954,34,211304
12187,0.001485,172.217.194.0-255,5738,108692,34,211304
12188,0.001487,172.31.33.0-255,66,108758,34,211304
12189,0.00149,172.217.194.0-255,1484,110242,34,211304
12190,0.001509,172.217.194.0-255,7156,117398,34,211304
12191,0.00151,172.31.33.0-255,66,117464,34,211304
12192,0.001529,172.217.194.0-255,4320,121784,34,211304
12193,0.001531,172.31.33.0-255,66,121850,34,211304
12194,0.001541,172.31.33.0-255,66,121916,34,211304
12195,0.002158,172.217.194.0-255,1484,123400,34,211304
12196,0.002166,172.217.194.0-255,2902,126302,34,211304
12197,0.002169,172.31.33.0-255,66,126368,34,211304
12198,0.002176,172.217.194.0-255,5738,132106,34,211304
12199,0.002178,172.31.33.0-255,66,132172,34,211304
12200,0.00219,172.31.33.0-255,66,132238,34,211304
12201,0.002195,172.217.194.0-255,2902,135140,34,211304
12202,0.002196,172.31.33.0-255,66,135206,34,211304
12203,0.002232,172.31.33.0-255,66,135272,34,211304
12204,0.002587,172.217.194.0-255,1484,136756,34,211304
12205,0.002604,172.217.194.0-255,2902,139658,34,211304
12206,0.002608,172.31.33.0-255,66,139724,34,211304
12207,0.002626,172.217.194.0-255,1484,141208,34,211304
12208,0.002647,172.217.194.0-255,4320,145528,34,211304
12209,0.00265,172.31.33.0-255,66,145594,34,211304
12210,0.002663,172.31.33.0-255,66,145660,34,211304
12211,0.002682,172.217.194.0-255,5738,151398,34,211304
12212,0.002685,172.31.33.0-255,66,151464,34,211304
12213,0.00273,172.31.33.0-255,66,151530,34,211304
12214,0.002734,172.217.194.0-255,4320,155850,34,211304
12215,0.002736,172.31.33.0-255,66,155916,34,211304
12216,0.002744,172.217.194.0-255,1484,157400,34,211304
12217,0.00275,172.217.194.0-255,7156,164556,34,211304
12218,0.002753,172.31.33.0-255,66,164622,34,211304
12219,0.002841,172.217.194.0-255,1484,166106,34,211304
12220,0.002844,172.217.194.0-255,1484,167590,34,211304
12221,0.002856,172.217.194.0-255,1484,169074,34,211304
12222,0.002859,172.217.194.0-255,1484,170558,34,211304
12223,0.00288,172.217.194.0-255,4320,174878,34,211304
12224,0.002892,172.217.194.0-255,2902,177780,34,211304
12225,0.002947,172.217.194.0-255,2184,179964,34,211304
12226,0.00295,172.217.194.0-255,1484,181448,34,211304
12227,0.002954,172.217.194.0-255,2902,184350,34,211304
12228,0.002959,172.217.194.0-255,2902,187252,34,211304
12229,0.002974,172.217.194.0-255,2902,190154,34,211304
12230,0.002992,172.217.194.0-255,2902,193056,34,211304
12231,0.003046,172.217.194.0-255,4320,197376,34,211304
12232,0.003089,172.217.194.0-255,5738,203114,34,211304
12233,0.003177,172.217.194.0-255,766,203880,34,211304
12234,0.003201,172.217.194.0-255,2902,206782,34,211304
12235,0.003234,172.217.194.0-255,4320,211102,34,211304
12236,0.003256,172.217.194.0-255,97,211199,34,211304
12237,0.003265,172.217.194.0-255,105,211304,34,211304
12238,0.0,74.125.24.0-255,153,153,34,71438
12239,1.9e-05,172.31.33.0-255,66,219,34,71438
12240,2.6e-05,74.125.24.0-255,1484,1703,34,71438
12241,3.1e-05,172.31.33.0-255,66,1769,34,71438
12242,3.6e-05,74.125.24.0-255,2902,4671,34,71438
12243,5.1e-05,172.31.33.0-255,66,4737,34,71438
12244,0.000129,74.125.24.0-255,2902,7639,34,71438
12245,0.000134,172.31.33.0-255,66,7705,34,71438
12246,0.000233,74.125.24.0-255,5738,13443,34,71438
12247,0.000239,172.31.33.0-255,66,13509,34,71438
12248,0.000269,74.125.24.0-255,4864,18373,34,71438
12249,0.000273,172.31.33.0-255,66,18439,34,71438
12250,0.000588,172.31.33.0-255,66,18505,34,71438
12251,0.00062,74.125.24.0-255,2543,21048,34,71438
12252,0.000625,172.31.33.0-255,66,21114,34,71438
12253,0.000993,172.31.33.0-255,66,21180,34,71438
12254,0.001393,74.125.24.0-255,7156,28336,34,71438
12255,0.0014,172.31.33.0-255,66,28402,34,71438
12256,0.001439,172.31.33.0-255,66,28468,34,71438
12257,0.002082,74.125.24.0-255,5738,34206,34,71438
12258,0.002086,172.31.33.0-255,66,34272,34,71438
12259,0.00212,172.31.33.0-255,66,34338,34,71438
12260,0.002636,172.31.33.0-255,66,34404,34,71438
12261,0.00268,172.31.33.0-255,66,34470,34,71438
12262,0.003505,172.31.33.0-255,66,34536,34,71438
12263,0.003581,172.31.33.0-255,66,34602,34,71438
12264,0.004275,172.31.33.0-255,66,34668,34,71438
12265,0.004329,172.31.33.0-255,66,34734,34,71438
12266,0.005238,74.125.24.0-255,1484,36218,34,71438
12267,0.005286,74.125.24.0-255,7156,43374,34,71438
12268,0.005291,172.31.33.0-255,66,43440,34,71438
12269,0.005353,172.31.33.0-255,66,43506,34,71438
12270,0.006278,74.125.24.0-255,7156,50662,34,71438
12271,0.006283,172.31.33.0-255,66,50728,34,71438
12272,0.006345,172.31.33.0-255,66,50794,34,71438
12273,0.007241,74.125.24.0-255,5738,56532,34,71438
12274,0.007246,172.31.33.0-255,66,56598,34,71438
12275,0.007507,172.31.33.0-255,66,56664,34,71438
12276,0.008421,172.31.33.0-255,66,56730,34,71438
12277,0.008481,172.31.33.0-255,66,56796,34,71438
12278,0.009379,74.125.24.0-255,5738,62534,34,71438
12279,0.009384,172.31.33.0-255,66,62600,34,71438
12280,0.009541,74.125.24.0-255,4320,66920,34,71438
12281,0.009544,172.31.33.0-255,66,66986,34,71438
12282,0.009617,172.31.33.0-255,66,67052,34,71438
12283,0.009622,74.125.24.0-255,4320,71372,34,71438
12284,0.009647,172.31.33.0-255,66,71438,34,71438
12285,0.0,172.217.194.0-255,152,152,34,160801
12286,1.9e-05,172.31.33.0-255,66,218,34,160801
12287,2.5e-05,172.217.194.0-255,1484,1702,34,160801
12288,2.9e-05,172.31.33.0-255,66,1768,34,160801
12289,3.4e-05,172.217.194.0-255,2902,4670,34,160801
12290,3.8e-05,172.31.33.0-255,66,4736,34,160801
12291,4.4e-05,172.217.194.0-255,5738,10474,34,160801
12292,4.6e-05,172.31.33.0-255,66,10540,34,160801
12293,6.7e-05,172.217.194.0-255,6276,16816,34,160801
12294,7e-05,172.31.33.0-255,66,16882,34,160801
12295,8.5e-05,172.217.194.0-255,2902,19784,34,160801
12296,8.7e-05,172.31.33.0-255,66,19850,34,160801
12297,0.000113,172.31.33.0-255,66,19916,34,160801
12298,0.000123,172.217.194.0-255,1125,21041,34,160801
12299,0.000125,172.31.33.0-255,66,21107,34,160801
12300,0.000171,172.217.194.0-255,1484,22591,34,160801
12301,0.000173,172.31.33.0-255,66,22657,34,160801
12302,0.000184,172.217.194.0-255,1484,24141,34,160801
12303,0.000186,172.31.33.0-255,66,24207,34,160801
12304,0.000189,172.217.194.0-255,2902,27109,34,160801
12305,0.000192,172.31.33.0-255,66,27175,34,160801
12306,0.000203,172.217.194.0-255,2902,30077,34,160801
12307,0.000206,172.31.33.0-255,66,30143,34,160801
12308,0.000221,172.217.194.0-255,2902,33045,34,160801
12309,0.000222,172.31.33.0-255,66,33111,34,160801
12310,0.000241,172.217.194.0-255,4320,37431,34,160801
12311,0.000245,172.31.33.0-255,66,37497,34,160801
12312,0.000265,172.31.33.0-255,66,37563,34,160801
12313,0.000298,172.217.194.0-255,4320,41883,34,160801
12314,0.0003,172.31.33.0-255,66,41949,34,160801
12315,0.000315,172.217.194.0-255,5684,47633,34,160801
12316,0.000317,172.31.33.0-255,66,47699,34,160801
12317,0.000357,172.217.194.0-255,381,48080,34,160801
12318,0.00064,172.217.194.0-255,1484,49564,34,160801
12319,0.000644,172.31.33.0-255,66,49630,34,160801
12320,0.000661,172.217.194.0-255,2902,52532,34,160801
12321,0.000664,172.31.33.0-255,66,52598,34,160801
12322,0.000668,172.217.194.0-255,2902,55500,34,160801
12323,0.00067,172.31.33.0-255,66,55566,34,160801
12324,0.000683,172.217.194.0-255,2902,58468,34,160801
12325,0.000686,172.31.33.0-255,66,58534,34,160801
12326,0.000688,172.217.194.0-255,1484,60018,34,160801
12327,0.000707,172.217.194.0-255,4320,64338,34,160801
12328,0.000709,172.31.33.0-255,66,64404,34,160801
12329,0.000733,172.31.33.0-255,66,64470,34,160801
12330,0.000744,172.31.33.0-255,66,64536,34,160801
12331,0.001149,172.217.194.0-255,1484,66020,34,160801
12332,0.001155,172.217.194.0-255,2902,68922,34,160801
12333,0.001157,172.31.33.0-255,66,68988,34,160801
12334,0.001181,172.217.194.0-255,5738,74726,34,160801
12335,0.001183,172.31.33.0-255,66,74792,34,160801
12336,0.001199,172.217.194.0-255,1484,76276,34,160801
12337,0.001221,172.217.194.0-255,5738,82014,34,160801
12338,0.001223,172.31.33.0-255,66,82080,34,160801
12339,0.001253,172.31.33.0-255,66,82146,34,160801
12340,0.001271,172.217.194.0-255,4320,86466,34,160801
12341,0.001273,172.31.33.0-255,66,86532,34,160801
12342,0.001277,172.217.194.0-255,2184,88716,34,160801
12343,0.001279,172.31.33.0-255,66,88782,34,160801
12344,0.001324,172.217.194.0-255,4320,93102,34,160801
12345,0.001327,172.31.33.0-255,66,93168,34,160801
12346,0.001366,172.31.33.0-255,66,93234,34,160801
12347,0.001381,172.31.33.0-255,66,93300,34,160801
12348,0.001383,172.217.194.0-255,766,94066,34,160801
12349,0.00143,172.217.194.0-255,5738,99804,34,160801
12350,0.001433,172.31.33.0-255,66,99870,34,160801
12351,0.001464,172.31.33.0-255,66,99936,34,160801
12352,0.001467,172.217.194.0-255,1484,101420,34,160801
12353,0.001493,172.31.33.0-255,66,101486,34,160801
12354,0.001528,172.217.194.0-255,7156,108642,34,160801
12355,0.001531,172.31.33.0-255,66,108708,34,160801
12356,0.001549,172.217.194.0-255,7156,115864,34,160801
12357,0.001551,172.31.33.0-255,66,115930,34,160801
12358,0.001574,172.217.194.0-255,4320,120250,34,160801
12359,0.001577,172.31.33.0-255,66,120316,34,160801
12360,0.001598,172.217.194.0-255,1484,121800,34,160801
12361,0.001608,172.31.33.0-255,66,121866,34,160801
12362,0.001613,172.217.194.0-255,2184,124050,34,160801
12363,0.001615,172.31.33.0-255,66,124116,34,160801
12364,0.001627,172.217.194.0-255,1484,125600,34,160801
12365,0.001631,172.217.194.0-255,2902,128502,34,160801
12366,0.001633,172.31.33.0-255,66,128568,34,160801
12367,0.00166,172.217.194.0-255,5738,134306,34,160801
12368,0.001663,172.31.33.0-255,66,134372,34,160801
12369,0.001704,172.31.33.0-255,66,134438,34,160801
12370,0.00176,172.31.33.0-255,66,134504,34,160801
12371,0.001791,172.31.33.0-255,66,134570,34,160801
12372,0.001808,172.217.194.0-255,4320,138890,34,160801
12373,0.001811,172.31.33.0-255,66,138956,34,160801
12374,0.001825,172.217.194.0-255,1484,140440,34,160801
12375,0.001841,172.217.194.0-255,1484,141924,34,160801
12376,0.001844,172.31.33.0-255,66,141990,34,160801
12377,0.001882,172.31.33.0-255,66,142056,34,160801
12378,0.001916,172.217.194.0-255,5738,147794,34,160801
12379,0.001918,172.31.33.0-255,66,147860,34,160801
12380,0.001947,172.31.33.0-255,66,147926,34,160801
12381,0.00195,172.217.194.0-255,1484,149410,34,160801
12382,0.001963,172.31.33.0-255,66,149476,34,160801
12383,0.00199,172.31.33.0-255,66,149542,34,160801
12384,0.002022,172.217.194.0-255,7156,156698,34,160801
12385,0.002025,172.31.33.0-255,66,156764,34,160801
12386,0.002037,172.31.33.0-255,66,156830,34,160801
12387,0.002068,172.31.33.0-255,66,156896,34,160801
12388,0.002088,172.217.194.0-255,3602,160498,34,160801
12389,0.002091,172.31.33.0-255,66,160564,34,160801
12390,0.002104,172.31.33.0-255,66,160630,34,160801
12391,0.002114,172.31.33.0-255,66,160696,34,160801
12392,0.00213,172.217.194.0-255,105,160801,34,160801
12393,0.0,74.125.24.0-255,143,143,34,259155
12394,2.3e-05,172.31.33.0-255,66,209,34,259155
12395,3.1e-05,74.125.24.0-255,1484,1693,34,259155
12396,3.5e-05,172.31.33.0-255,66,1759,34,259155
12397,4.1e-05,74.125.24.0-255,2902,4661,34,259155
12398,4.4e-05,172.31.33.0-255,66,4727,34,259155
12399,5.2e-05,74.125.24.0-255,7156,11883,34,259155
12400,5.5e-05,172.31.33.0-255,66,11949,34,259155
12401,7.8e-05,74.125.24.0-255,2127,14076,34,259155
12402,8.1e-05,172.31.33.0-255,66,14142,34,259155
12403,0.000128,74.125.24.0-255,1484,15626,34,259155
12404,0.000131,172.31.33.0-255,66,15692,34,259155
12405,0.00015,74.125.24.0-255,2902,18594,34,259155
12406,0.000153,172.31.33.0-255,66,18660,34,259155
12407,0.00016,74.125.24.0-255,5738,24398,34,259155
12408,0.000162,172.31.33.0-255,66,24464,34,259155
12409,0.000166,74.125.24.0-255,2902,27366,34,259155
12410,0.000168,172.31.33.0-255,66,27432,34,259155
12411,0.000189,74.125.24.0-255,1484,28916,34,259155
12412,0.000192,172.31.33.0-255,66,28982,34,259155
12413,0.000225,74.125.24.0-255,2543,31525,34,259155
12414,0.000227,172.31.33.0-255,66,31591,34,259155
12415,0.000335,74.125.24.0-255,1484,33075,34,259155
12416,0.000339,172.31.33.0-255,66,33141,34,259155
12417,0.000345,74.125.24.0-255,2902,36043,34,259155
12418,0.000348,172.31.33.0-255,66,36109,34,259155
12419,0.000351,74.125.24.0-255,1484,37593,34,259155
12420,0.000353,172.31.33.0-255,66,37659,34,259155
12421,0.000384,74.125.24.0-255,4320,41979,34,259155
12422,0.000386,172.31.33.0-255,66,42045,34,259155
12423,0.00039,74.125.24.0-255,2902,44947,34,259155
12424,0.000392,172.31.33.0-255,66,45013,34,259155
12425,0.000406,74.125.24.0-255,4320,49333,34,259155
12426,0.000432,74.125.24.0-255,6797,56130,34,259155
12427,0.000436,74.125.24.0-255,4320,60450,34,259155
12428,0.000456,172.31.33.0-255,66,60516,34,259155
12429,0.000474,74.125.24.0-255,5685,66201,34,259155
12430,0.000502,74.125.24.0-255,380,66581,34,259155
12431,0.000507,172.31.33.0-255,66,66647,34,259155
12432,0.000796,74.125.24.0-255,1484,68131,34,259155
12433,0.000802,74.125.24.0-255,2902,71033,34,259155
12434,0.000846,74.125.24.0-255,5738,76771,34,259155
12435,0.000866,74.125.24.0-255,7156,83927,34,259155
12436,0.000872,172.31.33.0-255,66,83993,34,259155
12437,0.000896,74.125.24.0-255,2902,86895,34,259155
12438,0.000901,172.31.33.0-255,66,86961,34,259155
12439,0.000908,74.125.24.0-255,766,87727,34,259155
12440,0.000917,74.125.24.0-255,1484,89211,34,259155
12441,0.000933,74.125.24.0-255,2902,92113,34,259155
12442,0.000939,74.125.24.0-255,5738,97851,34,259155
12443,0.000945,172.31.33.0-255,66,97917,34,259155
12444,0.000965,74.125.24.0-255,4320,102237,34,259155
12445,0.00097,74.125.24.0-255,5738,107975,34,259155
12446,0.000988,172.31.33.0-255,66,108041,34,259155
12447,0.001007,74.125.24.0-255,5738,113779,34,259155
12448,0.001026,172.31.33.0-255,66,113845,34,259155
12449,0.00103,172.31.33.0-255,66,113911,34,259155
12450,0.001275,74.125.24.0-255,1484,115395,34,259155
12451,0.00128,74.125.24.0-255,2902,118297,34,259155
12452,0.001283,172.31.33.0-255,66,118363,34,259155
12453,0.001305,74.125.24.0-255,5738,124101,34,259155
12454,0.001311,172.31.33.0-255,66,124167,34,259155
12455,0.001333,74.125.24.0-255,7156,131323,34,259155
12456,0.001338,74.125.24.0-255,4320,135643,34,259155
12457,0.001344,172.31.33.0-255,66,135709,34,259155
12458,0.001362,74.125.24.0-255,2184,137893,34,259155
12459,0.001383,172.31.33.0-255,66,137959,34,259155
12460,0.001477,74.125.24.0-255,1484,139443,34,259155
12461,0.001493,74.125.24.0-255,2902,142345,34,259155
12462,0.001495,172.31.33.0-255,66,142411,34,259155
12463,0.001516,74.125.24.0-255,4320,146731,34,259155
12464,0.001531,74.125.24.0-255,5738,152469,34,259155
12465,0.001539,172.31.33.0-255,66,152535,34,259155
12466,0.001554,74.125.24.0-255,2902,155437,34,259155
12467,0.001559,74.125.24.0-255,4320,159757,34,259155
12468,0.001567,172.31.33.0-255,66,159823,34,259155
12469,0.00161,74.125.24.0-255,3602,163425,34,259155
12470,0.001615,172.31.33.0-255,66,163491,34,259155
12471,0.001791,74.125.24.0-255,1484,164975,34,259155
12472,0.001807,74.125.24.0-255,2902,167877,34,259155
12473,0.00181,172.31.33.0-255,66,167943,34,259155
12474,0.001813,74.125.24.0-255,1484,169427,34,259155
12475,0.001832,74.125.24.0-255,4320,173747,34,259155
12476,0.001841,172.31.33.0-255,66,173813,34,259155
12477,0.001868,172.31.33.0-255,66,173879,34,259155
12478,0.001874,74.125.24.0-255,7156,181035,34,259155
12479,0.001886,74.125.24.0-255,3602,184637,34,259155
12480,0.00189,172.31.33.0-255,66,184703,34,259155
12481,0.001978,74.125.24.0-255,1484,186187,34,259155
12482,0.001983,74.125.24.0-255,2902,189089,34,259155
12483,0.001995,74.125.24.0-255,4320,193409,34,259155
12484,0.002005,74.125.24.0-255,1484,194893,34,259155
12485,0.002007,74.125.24.0-255,1484,196377,34,259155
12486,0.00201,172.31.33.0-255,66,196443,34,259155
12487,0.002025,74.125.24.0-255,5738,202181,34,259155
12488,0.002078,74.125.24.0-255,2184,204365,34,259155
12489,0.00211,74.125.24.0-255,2902,207267,34,259155
12490,0.002117,74.125.24.0-255,1484,208751,34,259155
12491,0.002131,74.125.24.0-255,5738,214489,34,259155
12492,0.002158,74.125.24.0-255,7156,221645,34,259155
12493,0.002175,74.125.24.0-255,4320,225965,34,259155
12494,0.002179,74.125.24.0-255,4320,230285,34,259155
12495,0.002238,74.125.24.0-255,5020,235305,34,259155
12496,0.002283,74.125.24.0-255,5738,241043,34,259155
12497,0.00232,74.125.24.0-255,5738,246781,34,259155
12498,0.002342,74.125.24.0-255,5020,251801,34,259155
12499,0.002344,74.125.24.0-255,1484,253285,34,259155
12500,0.006502,172.31.33.0-255,66,253351,34,259155
12501,0.008857,74.125.24.0-255,5738,259089,34,259155
12502,0.008864,172.31.33.0-255,66,259155,34,259155
12503,0.0,74.125.24.0-255,153,153,34,280879
12504,1.9e-05,172.31.33.0-255,66,219,34,280879
12505,2.6e-05,74.125.24.0-255,1484,1703,34,280879
12506,3.1e-05,172.31.33.0-255,66,1769,34,280879
12507,4.3e-05,74.125.24.0-255,2902,4671,34,280879
12508,4.6e-05,172.31.33.0-255,66,4737,34,280879
12509,5.4e-05,74.125.24.0-255,7156,11893,34,280879
12510,5.8e-05,172.31.33.0-255,66,11959,34,280879
12511,8.9e-05,74.125.24.0-255,2010,13969,34,280879
12512,9.2e-05,172.31.33.0-255,66,14035,34,280879
12513,0.000211,74.125.24.0-255,1484,15519,34,280879
12514,0.000215,172.31.33.0-255,66,15585,34,280879
12515,0.000221,74.125.24.0-255,2902,18487,34,280879
12516,0.000223,172.31.33.0-255,66,18553,34,280879
12517,0.000253,74.125.24.0-255,5738,24291,34,280879
12518,0.000256,172.31.33.0-255,66,24357,34,280879
12519,0.000284,74.125.24.0-255,6797,31154,34,280879
12520,0.000287,172.31.33.0-255,66,31220,34,280879
12521,0.000684,74.125.24.0-255,1484,32704,34,280879
12522,0.00069,172.31.33.0-255,66,32770,34,280879
12523,0.000696,74.125.24.0-255,2902,35672,34,280879
12524,0.000698,172.31.33.0-255,66,35738,34,280879
12525,0.00071,74.125.24.0-255,5738,41476,34,280879
12526,0.000712,172.31.33.0-255,66,41542,34,280879
12527,0.000754,74.125.24.0-255,7156,48698,34,280879
12528,0.000757,172.31.33.0-255,66,48764,34,280879
12529,0.000785,74.125.24.0-255,6797,55561,34,280879
12530,0.000787,172.31.33.0-255,66,55627,34,280879
12531,0.000799,172.31.33.0-255,66,55693,34,280879
12532,0.000925,74.125.24.0-255,412,56105,34,280879
12533,0.000931,172.31.33.0-255,66,56171,34,280879
12534,0.000959,74.125.24.0-255,330,56501,34,280879
12535,0.001147,172.31.33.0-255,66,56567,34,280879
12536,0.001404,74.125.24.0-255,1484,58051,34,280879
12537,0.001412,74.125.24.0-255,2902,60953,34,280879
12538,0.001418,74.125.24.0-255,4320,65273,34,280879
12539,0.00143,74.125.24.0-255,1484,66757,34,280879
12540,0.001445,74.125.24.0-255,1484,68241,34,280879
12541,0.001488,74.125.24.0-255,7156,75397,34,280879
12542,0.001502,74.125.24.0-255,2902,78299,34,280879
12543,0.001505,74.125.24.0-255,766,79065,34,280879
12544,0.00317,74.125.24.0-255,1484,80549,34,280879
12545,0.003175,74.125.24.0-255,1484,82033,34,280879
12546,0.003185,74.125.24.0-255,1484,83517,34,280879
12547,0.003198,74.125.24.0-255,2902,86419,34,280879
12548,0.003214,74.125.24.0-255,2902,89321,34,280879
12549,0.003227,74.125.24.0-255,4320,93641,34,280879
12550,0.003246,74.125.24.0-255,5738,99379,34,280879
12551,0.003257,74.125.24.0-255,2902,102281,34,280879
12552,0.003274,74.125.24.0-255,5738,108019,34,280879
12553,0.003286,74.125.24.0-255,2902,110921,34,280879
12554,0.003289,74.125.24.0-255,2184,113105,34,280879
12555,0.00374,74.125.24.0-255,1484,114589,34,280879
12556,0.003775,74.125.24.0-255,2902,117491,34,280879
12557,0.003777,74.125.24.0-255,1484,118975,34,280879
12558,0.003789,74.125.24.0-255,2902,121877,34,280879
12559,0.003798,74.125.24.0-255,1484,123361,34,280879
12560,0.00382,74.125.24.0-255,7156,130517,34,280879
12561,0.003832,74.125.24.0-255,1484,132001,34,280879
12562,0.003843,74.125.24.0-255,2902,134903,34,280879
12563,0.003885,74.125.24.0-255,3602,138505,34,280879
12564,0.00446,74.125.24.0-255,1484,139989,34,280879
12565,0.00448,74.125.24.0-255,2902,142891,34,280879
12566,0.004494,74.125.24.0-255,2902,145793,34,280879
12567,0.004509,74.125.24.0-255,2902,148695,34,280879
12568,0.004515,74.125.24.0-255,5738,154433,34,280879
12569,0.004526,74.125.24.0-255,4320,158753,34,280879
12570,0.004579,74.125.24.0-255,1484,160237,34,280879
12571,0.004607,74.125.24.0-255,2184,162421,34,280879
12572,0.006528,172.31.33.0-255,66,162487,34,280879
12573,0.006582,74.125.24.0-255,1484,163971,34,280879
12574,0.006589,74.125.24.0-255,2902,166873,34,280879
12575,0.006605,74.125.24.0-255,2902,169775,34,280879
12576,0.006615,172.31.33.0-255,66,169841,34,280879
12577,0.006642,74.125.24.0-255,2902,172743,34,280879
12578,0.006649,74.125.24.0-255,7156,179899,34,280879
12579,0.006651,74.125.24.0-255,1484,181383,34,280879
12580,0.006659,172.31.33.0-255,66,181449,34,280879
12581,0.006692,172.31.33.0-255,66,181515,34,280879
12582,0.006702,74.125.24.0-255,5738,187253,34,280879
12583,0.006706,172.31.33.0-255,66,187319,34,280879
12584,0.006734,74.125.24.0-255,4320,191639,34,280879
12585,0.006767,74.125.24.0-255,7156,198795,34,280879
12586,0.006784,172.31.33.0-255,66,198861,34,280879
12587,0.00679,74.125.24.0-255,766,199627,34,280879
12588,0.007266,74.125.24.0-255,1484,201111,34,280879
12589,0.007272,74.125.24.0-255,2902,204013,34,280879
12590,0.007277,172.31.33.0-255,66,204079,34,280879
12591,0.007293,74.125.24.0-255,5738,209817,34,280879
12592,0.007362,74.125.24.0-255,2902,212719,34,280879
12593,0.007377,74.125.24.0-255,2184,214903,34,280879
12594,0.00738,172.31.33.0-255,66,214969,34,280879
12595,0.007385,172.31.33.0-255,66,215035,34,280879
12596,0.007421,74.125.24.0-255,1484,216519,34,280879
12597,0.007433,74.125.24.0-255,2902,219421,34,280879
12598,0.007443,172.31.33.0-255,66,219487,34,280879
12599,0.007473,74.125.24.0-255,5738,225225,34,280879
12600,0.007481,74.125.24.0-255,7156,232381,34,280879
12601,0.007506,172.31.33.0-255,66,232447,34,280879
12602,0.007518,74.125.24.0-255,4320,236767,34,280879
12603,0.007529,74.125.24.0-255,2184,238951,34,280879
12604,0.007532,74.125.24.0-255,2902,241853,34,280879
12605,0.007534,74.125.24.0-255,1484,243337,34,280879
12606,0.007551,74.125.24.0-255,2902,246239,34,280879
12607,0.007567,74.125.24.0-255,2902,249141,34,280879
12608,0.007572,74.125.24.0-255,2902,252043,34,280879
12609,0.007578,172.31.33.0-255,66,252109,34,280879
12610,0.007601,74.125.24.0-255,7156,259265,34,280879
12611,0.007617,74.125.24.0-255,2184,261449,34,280879
12612,0.007628,172.31.33.0-255,66,261515,34,280879
12613,0.007637,74.125.24.0-255,2902,264417,34,280879
12614,0.007657,74.125.24.0-255,7156,271573,34,280879
12615,0.007662,172.31.33.0-255,66,271639,34,280879
12616,0.007678,74.125.24.0-255,7156,278795,34,280879
12617,0.007699,74.125.24.0-255,1484,280279,34,280879
12618,0.007711,74.125.24.0-255,258,280537,34,280879
12619,0.007722,172.31.33.0-255,66,280603,34,280879
12620,0.007774,74.125.24.0-255,105,280708,34,280879
12621,0.009529,172.31.33.0-255,66,280774,34,280879
12622,0.009565,172.31.33.0-255,105,280879,34,280879
12623,0.0,74.125.68.0-255,153,153,34,351996
12624,2.4e-05,172.31.33.0-255,66,219,34,351996
12625,3e-05,74.125.68.0-255,1484,1703,34,351996
12626,3.4e-05,172.31.33.0-255,66,1769,34,351996
12627,3.8e-05,74.125.68.0-255,2902,4671,34,351996
12628,4.1e-05,172.31.33.0-255,66,4737,34,351996
12629,4.3e-05,74.125.68.0-255,1484,6221,34,351996
12630,4.5e-05,172.31.33.0-255,66,6287,34,351996
12631,6.2e-05,74.125.68.0-255,2902,9189,34,351996
12632,6.4e-05,172.31.33.0-255,66,9255,34,351996
12633,9.1e-05,74.125.68.0-255,4320,13575,34,351996
12634,9.4e-05,172.31.33.0-255,66,13641,34,351996
12635,0.000115,74.125.68.0-255,4809,18450,34,351996
12636,0.000119,172.31.33.0-255,66,18516,34,351996
12637,0.000129,172.31.33.0-255,66,18582,34,351996
12638,0.000152,74.125.68.0-255,2543,21125,34,351996
12639,0.000156,172.31.33.0-255,66,21191,34,351996
12640,0.000291,74.125.68.0-255,1484,22675,34,351996
12641,0.000295,172.31.33.0-255,66,22741,34,351996
12642,0.0003,74.125.68.0-255,2902,25643,34,351996
12643,0.000302,172.31.33.0-255,66,25709,34,351996
12644,0.000314,74.125.68.0-255,1484,27193,34,351996
12645,0.000316,172.31.33.0-255,66,27259,34,351996
12646,0.000332,74.125.68.0-255,4320,31579,34,351996
12647,0.000335,172.31.33.0-255,66,31645,34,351996
12648,0.00034,74.125.68.0-255,4320,35965,34,351996
12649,0.000344,172.31.33.0-255,66,36031,34,351996
12650,0.000361,74.125.68.0-255,2543,38574,34,351996
12651,0.000363,172.31.33.0-255,66,38640,34,351996
12652,0.000391,74.125.68.0-255,4320,42960,34,351996
12653,0.000394,172.31.33.0-255,66,43026,34,351996
12654,0.00041,74.125.68.0-255,2902,45928,34,351996
12655,0.000413,172.31.33.0-255,66,45994,34,351996
12656,0.000422,172.31.33.0-255,66,46060,34,351996
12657,0.000439,74.125.68.0-255,1481,47541,34,351996
12658,0.00046,74.125.68.0-255,330,47871,34,351996
12659,0.000463,172.31.33.0-255,66,47937,34,351996
12660,0.000568,74.125.68.0-255,1484,49421,34,351996
12661,0.00058,74.125.68.0-255,2902,52323,34,351996
12662,0.000583,172.31.33.0-255,66,52389,34,351996
12663,0.000586,74.125.68.0-255,1484,53873,34,351996
12664,0.000602,74.125.68.0-255,2902,56775,34,351996
12665,0.000604,172.31.33.0-255,66,56841,34,351996
12666,0.000625,74.125.68.0-255,4320,61161,34,351996
12667,0.000628,172.31.33.0-255,66,61227,34,351996
12668,0.000645,74.125.68.0-255,1484,62711,34,351996
12669,0.00065,74.125.68.0-255,2543,65254,34,351996
12670,0.000652,172.31.33.0-255,66,65320,34,351996
12671,0.000675,74.125.68.0-255,1484,66804,34,351996
12672,0.000685,74.125.68.0-255,1484,68288,34,351996
12673,0.000688,172.31.33.0-255,66,68354,34,351996
12674,0.000701,74.125.68.0-255,1484,69838,34,351996
12675,0.00072,74.125.68.0-255,2902,72740,34,351996
12676,0.000723,172.31.33.0-255,66,72806,34,351996
12677,0.00073,74.125.68.0-255,5738,78544,34,351996
12678,0.000732,172.31.33.0-255,66,78610,34,351996
12679,0.000735,74.125.68.0-255,1484,80094,34,351996
12680,0.000755,74.125.68.0-255,2543,82637,34,351996
12681,0.000761,172.31.33.0-255,66,82703,34,351996
12682,0.001005,74.125.68.0-255,1484,84187,34,351996
12683,0.001009,74.125.68.0-255,1484,85671,34,351996
12684,0.001012,172.31.33.0-255,66,85737,34,351996
12685,0.00103,74.125.68.0-255,1484,87221,34,351996
12686,0.001045,74.125.68.0-255,5738,92959,34,351996
12687,0.001048,172.31.33.0-255,66,93025,34,351996
12688,0.001052,74.125.68.0-255,2902,95927,34,351996
12689,0.001054,172.31.33.0-255,66,95993,34,351996
12690,0.001057,74.125.68.0-255,1484,97477,34,351996
12691,0.00107,74.125.68.0-255,2902,100379,34,351996
12692,0.001073,172.31.33.0-255,66,100445,34,351996
12693,0.001076,74.125.68.0-255,1484,101929,34,351996
12694,0.001101,74.125.68.0-255,7156,109085,34,351996
12695,0.001104,172.31.33.0-255,66,109151,34,351996
12696,0.001109,74.125.68.0-255,4320,113471,34,351996
12697,0.001111,172.31.33.0-255,66,113537,34,351996
12698,0.001123,74.125.68.0-255,1484,115021,34,351996
12699,0.00116,74.125.68.0-255,2184,117205,34,351996
12700,0.001164,172.31.33.0-255,66,117271,34,351996
12701,0.001343,74.125.68.0-255,1484,118755,34,351996
12702,0.001357,74.125.68.0-255,2902,121657,34,351996
12703,0.00136,172.31.33.0-255,66,121723,34,351996
12704,0.001383,74.125.68.0-255,4320,126043,34,351996
12705,0.001386,172.31.33.0-255,66,126109,34,351996
12706,0.00139,74.125.68.0-255,1484,127593,34,351996
12707,0.001408,74.125.68.0-255,7156,134749,34,351996
12708,0.001411,172.31.33.0-255,66,134815,34,351996
12709,0.001417,74.125.68.0-255,4320,139135,34,351996
12710,0.001419,172.31.33.0-255,66,139201,34,351996
12711,0.001435,74.125.68.0-255,1484,140685,34,351996
12712,0.001442,74.125.68.0-255,7156,147841,34,351996
12713,0.001444,172.31.33.0-255,66,147907,34,351996
12714,0.001462,74.125.68.0-255,3602,151509,34,351996
12715,0.001464,172.31.33.0-255,66,151575,34,351996
12716,0.001508,74.125.68.0-255,2902,154477,34,351996
12717,0.001511,172.31.33.0-255,66,154543,34,351996
12718,0.001523,74.125.68.0-255,1484,156027,34,351996
12719,0.001525,74.125.68.0-255,1484,157511,34,351996
12720,0.001529,172.31.33.0-255,66,157577,34,351996
12721,0.001536,74.125.68.0-255,1484,159061,34,351996
12722,0.001548,74.125.68.0-255,2902,161963,34,351996
12723,0.001551,172.31.33.0-255,66,162029,34,351996
12724,0.001556,74.125.68.0-255,2902,164931,34,351996
12725,0.001558,172.31.33.0-255,66,164997,34,351996
12726,0.001586,172.31.33.0-255,66,165063,34,351996
12727,0.001591,74.125.68.0-255,4320,169383,34,351996
12728,0.001594,172.31.33.0-255,66,169449,34,351996
12729,0.001624,74.125.68.0-255,4320,173769,34,351996
12730,0.001627,172.31.33.0-255,66,173835,34,351996
12731,0.001645,74.125.68.0-255,3602,177437,34,351996
12732,0.001647,172.31.33.0-255,66,177503,34,351996
12733,0.001807,74.125.68.0-255,1484,178987,34,351996
12734,0.001818,74.125.68.0-255,1484,180471,34,351996
12735,0.001822,172.31.33.0-255,66,180537,34,351996
12736,0.001827,74.125.68.0-255,2902,183439,34,351996
12737,0.00183,172.31.33.0-255,66,183505,34,351996
12738,0.001853,74.125.68.0-255,1484,184989,34,351996
12739,0.001867,74.125.68.0-255,4320,189309,34,351996
12740,0.001869,74.125.68.0-255,1484,190793,34,351996
12741,0.001871,172.31.33.0-255,66,190859,34,351996
12742,0.001891,74.125.68.0-255,2902,193761,34,351996
12743,0.001894,172.31.33.0-255,66,193827,34,351996
12744,0.001898,74.125.68.0-255,2902,196729,34,351996
12745,0.0019,172.31.33.0-255,66,196795,34,351996
12746,0.001918,74.125.68.0-255,2902,199697,34,351996
12747,0.00192,172.31.33.0-255,66,199763,34,351996
12748,0.001924,74.125.68.0-255,4320,204083,34,351996
12749,0.001926,172.31.33.0-255,66,204149,34,351996
12750,0.001947,74.125.68.0-255,2902,207051,34,351996
12751,0.00195,172.31.33.0-255,66,207117,34,351996
12752,0.001973,74.125.68.0-255,1484,208601,34,351996
12753,0.001995,74.125.68.0-255,3602,212203,34,351996
12754,0.001998,172.31.33.0-255,66,212269,34,351996
12755,0.002056,74.125.68.0-255,1484,213753,34,351996
12756,0.002072,74.125.68.0-255,2902,216655,34,351996
12757,0.002074,172.31.33.0-255,66,216721,34,351996
12758,0.002077,74.125.68.0-255,1484,218205,34,351996
12759,0.002091,74.125.68.0-255,2902,221107,34,351996
12760,0.002094,172.31.33.0-255,66,221173,34,351996
12761,0.002111,74.125.68.0-255,2902,224075,34,351996
12762,0.002114,172.31.33.0-255,66,224141,34,351996
12763,0.002128,74.125.68.0-255,2902,227043,34,351996
12764,0.002131,172.31.33.0-255,66,227109,34,351996
12765,0.002136,74.125.68.0-255,7156,234265,34,351996
12766,0.002138,172.31.33.0-255,66,234331,34,351996
12767,0.002158,74.125.68.0-255,2902,237233,34,351996
12768,0.00216,172.31.33.0-255,66,237299,34,351996
12769,0.002185,74.125.68.0-255,2902,240201,34,351996
12770,0.002187,172.31.33.0-255,66,240267,34,351996
12771,0.002209,74.125.68.0-255,6438,246705,34,351996
12772,0.002211,172.31.33.0-255,66,246771,34,351996
12773,0.002226,74.125.68.0-255,1484,248255,34,351996
12774,0.002252,172.31.33.0-255,66,248321,34,351996
12775,0.002283,172.31.33.0-255,66,248387,34,351996
12776,0.002287,74.125.68.0-255,2902,251289,34,351996
12777,0.002289,172.31.33.0-255,66,251355,34,351996
12778,0.002304,74.125.68.0-255,2902,254257,34,351996
12779,0.002307,172.31.33.0-255,66,254323,34,351996
12780,0.002309,74.125.68.0-255,1484,255807,34,351996
12781,0.00233,74.125.68.0-255,4320,260127,34,351996
12782,0.002333,172.31.33.0-255,66,260193,34,351996
12783,0.002335,74.125.68.0-255,766,260959,34,351996
12784,0.002366,74.125.68.0-255,1484,262443,34,351996
12785,0.002369,172.31.33.0-255,66,262509,34,351996
12786,0.002372,74.125.68.0-255,1484,263993,34,351996
12787,0.00239,74.125.68.0-255,2902,266895,34,351996
12788,0.002392,172.31.33.0-255,66,266961,34,351996
12789,0.002395,74.125.68.0-255,1484,268445,34,351996
12790,0.0024,74.125.68.0-255,4320,272765,34,351996
12791,0.002402,172.31.33.0-255,66,272831,34,351996
12792,0.002406,74.125.68.0-255,2902,275733,34,351996
12793,0.002409,172.31.33.0-255,66,275799,34,351996
12794,0.002423,74.125.68.0-255,4320,280119,34,351996
12795,0.002425,172.31.33.0-255,66,280185,34,351996
12796,0.002428,74.125.68.0-255,1484,281669,34,351996
12797,0.002451,74.125.68.0-255,2902,284571,34,351996
12798,0.002454,172.31.33.0-255,66,284637,34,351996
12799,0.00246,74.125.68.0-255,5738,290375,34,351996
12800,0.002462,172.31.33.0-255,66,290441,34,351996
12801,0.002494,74.125.68.0-255,2902,293343,34,351996
12802,0.002497,172.31.33.0-255,66,293409,34,351996
12803,0.002514,74.125.68.0-255,2184,295593,34,351996
12804,0.002516,172.31.33.0-255,66,295659,34,351996
12805,0.002532,74.125.68.0-255,2902,298561,34,351996
12806,0.002534,172.31.33.0-255,66,298627,34,351996
12807,0.002548,74.125.68.0-255,2902,301529,34,351996
12808,0.002551,172.31.33.0-255,66,301595,34,351996
12809,0.002554,74.125.68.0-255,1484,303079,34,351996
12810,0.002556,74.125.68.0-255,1484,304563,34,351996
12811,0.002559,172.31.33.0-255,66,304629,34,351996
12812,0.002576,74.125.68.0-255,1484,306113,34,351996
12813,0.002579,74.125.68.0-255,1484,307597,34,351996
12814,0.002581,172.31.33.0-255,66,307663,34,351996
12815,0.002584,74.125.68.0-255,1484,309147,34,351996
12816,0.002605,74.125.68.0-255,1484,310631,34,351996
12817,0.002608,172.31.33.0-255,66,310697,34,351996
12818,0.002611,74.125.68.0-255,1484,312181,34,351996
12819,0.002618,172.31.33.0-255,78,312259,34,351996
12820,0.002626,74.125.68.0-255,2902,315161,34,351996
12821,0.002633,172.31.33.0-255,78,315239,34,351996
12822,0.002655,74.125.68.0-255,1484,316723,34,351996
12823,0.002659,172.31.33.0-255,66,316789,34,351996
12824,0.002665,74.125.68.0-255,4320,321109,34,351996
12825,0.002671,172.31.33.0-255,66,321175,34,351996
12826,0.002676,74.125.68.0-255,2902,324077,34,351996
12827,0.002679,172.31.33.0-255,66,324143,34,351996
12828,0.00271,74.125.68.0-255,6438,330581,34,351996
12829,0.002713,172.31.33.0-255,66,330647,34,351996
12830,0.002717,74.125.68.0-255,1484,332131,34,351996
12831,0.00272,74.125.68.0-255,1484,333615,34,351996
12832,0.002723,172.31.33.0-255,66,333681,34,351996
12833,0.002734,172.31.33.0-255,66,333747,34,351996
12834,0.002742,74.125.68.0-255,7156,340903,34,351996
12835,0.002745,172.31.33.0-255,66,340969,34,351996
12836,0.002753,74.125.68.0-255,7156,348125,34,351996
12837,0.002757,172.31.33.0-255,66,348191,34,351996
12838,0.002778,74.125.68.0-255,3537,351728,34,351996
12839,0.002781,172.31.33.0-255,66,351794,34,351996
12840,0.002784,74.125.68.0-255,97,351891,34,351996
12841,0.002816,74.125.68.0-255,105,351996,34,351996
12842,0.0,74.125.200.0-255,146,146,34,258929
12843,1.6e-05,172.31.33.0-255,66,212,34,258929
12844,2.3e-05,74.125.200.0-255,1484,1696,34,258929
12845,2.7e-05,172.31.33.0-255,66,1762,34,258929
12846,4e-05,74.125.200.0-255,2902,4664,34,258929
12847,4.4e-05,172.31.33.0-255,66,4730,34,258929
12848,5.2e-05,74.125.200.0-255,7156,11886,34,258929
12849,5.5e-05,172.31.33.0-255,66,11952,34,258929
12850,6e-05,74.125.200.0-255,1990,13942,34,258929
12851,6.3e-05,172.31.33.0-255,66,14008,34,258929
12852,0.00021,74.125.200.0-255,1484,15492,34,258929
12853,0.000215,172.31.33.0-255,66,15558,34,258929
12854,0.000221,74.125.200.0-255,2902,18460,34,258929
12855,0.000223,172.31.33.0-255,66,18526,34,258929
12856,0.000241,74.125.200.0-255,4320,22846,34,258929
12857,0.000246,172.31.33.0-255,66,22912,34,258929
12858,0.000264,74.125.200.0-255,1484,24396,34,258929
12859,0.000266,172.31.33.0-255,66,24462,34,258929
12860,0.000277,74.125.200.0-255,5738,30200,34,258929
12861,0.00028,172.31.33.0-255,66,30266,34,258929
12862,0.000309,74.125.200.0-255,1125,31391,34,258929
12863,0.000311,172.31.33.0-255,66,31457,34,258929
12864,0.000425,74.125.200.0-255,1484,32941,34,258929
12865,0.000428,172.31.33.0-255,66,33007,34,258929
12866,0.000446,74.125.200.0-255,2902,35909,34,258929
12867,0.000449,172.31.33.0-255,66,35975,34,258929
12868,0.000474,74.125.200.0-255,4320,40295,34,258929
12869,0.000477,172.31.33.0-255,66,40361,34,258929
12870,0.000506,74.125.200.0-255,1484,41845,34,258929
12871,0.000508,172.31.33.0-255,66,41911,34,258929
12872,0.000537,74.125.200.0-255,2902,44813,34,258929
12873,0.00054,172.31.33.0-255,66,44879,34,258929
12874,0.000558,74.125.200.0-255,3961,48840,34,258929
12875,0.00056,172.31.33.0-255,66,48906,34,258929
12876,0.000607,172.31.33.0-255,66,48972,34,258929
12877,0.000669,172.31.33.0-255,66,49038,34,258929
12878,0.000691,74.125.200.0-255,676,49714,34,258929
12879,0.001086,172.31.33.0-255,66,49780,34,258929
12880,0.001603,74.125.200.0-255,1484,51264,34,258929
12881,0.001621,74.125.200.0-255,2902,54166,34,258929
12882,0.001625,172.31.33.0-255,66,54232,34,258929
12883,0.001632,74.125.200.0-255,4320,58552,34,258929
12884,0.001634,172.31.33.0-255,66,58618,34,258929
12885,0.001637,74.125.200.0-255,1484,60102,34,258929
12886,0.001666,74.125.200.0-255,7156,67258,34,258929
12887,0.001668,172.31.33.0-255,66,67324,34,258929
12888,0.001675,74.125.200.0-255,7156,74480,34,258929
12889,0.001677,172.31.33.0-255,66,74546,34,258929
12890,0.001708,172.31.33.0-255,66,74612,34,258929
12891,0.00171,74.125.200.0-255,766,75378,34,258929
12892,0.003293,74.125.200.0-255,1484,76862,34,258929
12893,0.003298,172.31.33.0-255,66,76928,34,258929
12894,0.003304,74.125.200.0-255,2902,79830,34,258929
12895,0.003306,172.31.33.0-255,66,79896,34,258929
12896,0.003318,74.125.200.0-255,5738,85634,34,258929
12897,0.00332,172.31.33.0-255,66,85700,34,258929
12898,0.003357,74.125.200.0-255,4320,90020,34,258929
12899,0.003359,172.31.33.0-255,66,90086,34,258929
12900,0.003366,74.125.200.0-255,5738,95824,34,258929
12901,0.003368,172.31.33.0-255,66,95890,34,258929
12902,0.003386,172.31.33.0-255,66,95956,34,258929
12903,0.00339,74.125.200.0-255,2184,98140,34,258929
12904,0.003392,172.31.33.0-255,66,98206,34,258929
12905,0.003474,74.125.200.0-255,1484,99690,34,258929
12906,0.003498,74.125.200.0-255,2902,102592,34,258929
12907,0.003501,172.31.33.0-255,66,102658,34,258929
12908,0.003504,74.125.200.0-255,1484,104142,34,258929
12909,0.003531,74.125.200.0-255,4320,108462,34,258929
12910,0.003534,172.31.33.0-255,66,108528,34,258929
12911,0.003539,74.125.200.0-255,2902,111430,34,258929
12912,0.003541,172.31.33.0-255,66,111496,34,258929
12913,0.003572,172.31.33.0-255,66,111562,34,258929
12914,0.003579,74.125.200.0-255,5738,117300,34,258929
12915,0.003582,172.31.33.0-255,66,117366,34,258929
12916,0.003614,74.125.200.0-255,6438,123804,34,258929
12917,0.003617,172.31.33.0-255,66,123870,34,258929
12918,0.003649,172.31.33.0-255,66,123936,34,258929
12919,0.003678,74.125.200.0-255,2902,126838,34,258929
12920,0.00368,172.31.33.0-255,66,126904,34,258929
12921,0.003685,74.125.200.0-255,4320,131224,34,258929
12922,0.003687,172.31.33.0-255,66,131290,34,258929
12923,0.003755,172.31.33.0-255,66,131356,34,258929
12924,0.003779,74.125.200.0-255,3602,134958,34,258929
12925,0.003782,172.31.33.0-255,66,135024,34,258929
12926,0.003785,74.125.200.0-255,1484,136508,34,258929
12927,0.003788,74.125.200.0-255,1484,137992,34,258929
12928,0.00379,172.31.33.0-255,66,138058,34,258929
12929,0.003807,74.125.200.0-255,1484,139542,34,258929
12930,0.003817,74.125.200.0-255,5738,145280,34,258929
12931,0.00382,172.31.33.0-255,66,145346,34,258929
12932,0.003855,172.31.33.0-255,66,145412,34,258929
12933,0.00386,74.125.200.0-255,4320,149732,34,258929
12934,0.003863,172.31.33.0-255,66,149798,34,258929
12935,0.003901,74.125.200.0-255,4320,154118,34,258929
12936,0.003903,172.31.33.0-255,66,154184,34,258929
12937,0.003927,74.125.200.0-255,2184,156368,34,258929
12938,0.003929,172.31.33.0-255,66,156434,34,258929
12939,0.003951,74.125.200.0-255,1484,157918,34,258929
12940,0.003955,74.125.200.0-255,2902,160820,34,258929
12941,0.003958,172.31.33.0-255,66,160886,34,258929
12942,0.003963,74.125.200.0-255,2902,163788,34,258929
12943,0.003965,172.31.33.0-255,66,163854,34,258929
12944,0.003982,74.125.200.0-255,1484,165338,34,258929
12945,0.003986,74.125.200.0-255,1484,166822,34,258929
12946,0.003988,172.31.33.0-255,66,166888,34,258929
12947,0.003994,74.125.200.0-255,1484,168372,34,258929
12948,0.003997,172.31.33.0-255,78,168450,34,258929
12949,0.004009,74.125.200.0-255,7156,175606,34,258929
12950,0.004017,74.125.200.0-255,4320,179926,34,258929
12951,0.004027,172.31.33.0-255,66,179992,34,258929
12952,0.004033,172.31.33.0-255,66,180058,34,258929
12953,0.004037,74.125.200.0-255,2902,182960,34,258929
12954,0.004044,172.31.33.0-255,66,183026,34,258929
12955,0.004047,74.125.200.0-255,1484,184510,34,258929
12956,0.00408,74.125.200.0-255,6438,190948,34,258929
12957,0.004083,172.31.33.0-255,66,191014,34,258929
12958,0.004093,172.31.33.0-255,66,191080,34,258929
12959,0.004128,172.31.33.0-255,66,191146,34,258929
12960,0.004139,172.31.33.0-255,66,191212,34,258929
12961,0.004171,74.125.200.0-255,2902,194114,34,258929
12962,0.004173,172.31.33.0-255,66,194180,34,258929
12963,0.004178,74.125.200.0-255,3602,197782,34,258929
12964,0.004181,172.31.33.0-255,66,197848,34,258929
12965,0.004191,74.125.200.0-255,4320,202168,34,258929
12966,0.004193,172.31.33.0-255,66,202234,34,258929
12967,0.004224,74.125.200.0-255,5738,207972,34,258929
12968,0.004227,172.31.33.0-255,66,208038,34,258929
12969,0.004242,74.125.200.0-255,1484,209522,34,258929
12970,0.004253,172.31.33.0-255,66,209588,34,258929
12971,0.004257,74.125.200.0-255,2902,212490,34,258929
12972,0.00426,172.31.33.0-255,66,212556,34,258929
12973,0.004297,74.125.200.0-255,2902,215458,34,258929
12974,0.0043,172.31.33.0-255,66,215524,34,258929
12975,0.004306,74.125.200.0-255,7156,222680,34,258929
12976,0.004309,172.31.33.0-255,66,222746,34,258929
12977,0.004319,74.125.200.0-255,5020,227766,34,258929
12978,0.004322,172.31.33.0-255,66,227832,34,258929
12979,0.004327,74.125.200.0-255,4320,232152,34,258929
12980,0.00433,172.31.33.0-255,66,232218,34,258929
12981,0.004355,74.125.200.0-255,1484,233702,34,258929
12982,0.004368,172.31.33.0-255,66,233768,34,258929
12983,0.004371,74.125.200.0-255,1484,235252,34,258929
12984,0.0044,74.125.200.0-255,5738,240990,34,258929
12985,0.004403,172.31.33.0-255,66,241056,34,258929
12986,0.004406,74.125.200.0-255,2902,243958,34,258929
12987,0.004408,172.31.33.0-255,66,244024,34,258929
12988,0.00443,74.125.200.0-255,5020,249044,34,258929
12989,0.004433,172.31.33.0-255,66,249110,34,258929
12990,0.004441,74.125.200.0-255,4320,253430,34,258929
12991,0.004443,172.31.33.0-255,66,253496,34,258929
12992,0.004513,172.31.33.0-255,66,253562,34,258929
12993,0.004518,74.125.200.0-255,4959,258521,34,258929
12994,0.00452,172.31.33.0-255,66,258587,34,258929
12995,0.004523,74.125.200.0-255,105,258692,34,258929
12996,0.007042,172.31.33.0-255,66,258758,34,258929
12997,0.00708,172.31.33.0-255,105,258863,34,258929
12998,0.009371,74.125.200.0-255,66,258929,34,258929
12999,0.0,172.31.33.0-255,66,66,34,66
13000,0.0,74.125.24.0-255,298,298,34,250766
13001,2.8e-05,172.31.33.0-255,66,364,34,250766
13002,3.3e-05,74.125.24.0-255,1484,1848,34,250766
13003,3.7e-05,172.31.33.0-255,66,1914,34,250766
13004,4.2e-05,74.125.24.0-255,4320,6234,34,250766
13005,4.4e-05,172.31.33.0-255,66,6300,34,250766
13006,4.6e-05,74.125.24.0-255,1484,7784,34,250766
13007,4.8e-05,172.31.33.0-255,66,7850,34,250766
13008,7.6e-05,74.125.24.0-255,1484,9334,34,250766
13009,7.8e-05,172.31.33.0-255,66,9400,34,250766
13010,8.2e-05,74.125.24.0-255,2902,12302,34,250766
13011,8.4e-05,172.31.33.0-255,66,12368,34,250766
13012,0.000114,74.125.24.0-255,6087,18455,34,250766
13013,0.000116,172.31.33.0-255,66,18521,34,250766
13014,0.000123,74.125.24.0-255,7156,25677,34,250766
13015,0.000125,172.31.33.0-255,66,25743,34,250766
13016,0.00015,74.125.24.0-255,2902,28645,34,250766
13017,0.000153,172.31.33.0-255,66,28711,34,250766
13018,0.000176,74.125.24.0-255,2543,31254,34,250766
13019,0.00018,172.31.33.0-255,66,31320,34,250766
13020,0.000228,74.125.24.0-255,1484,32804,34,250766
13021,0.00023,172.31.33.0-255,66,32870,34,250766
13022,0.000247,74.125.24.0-255,2902,35772,34,250766
13023,0.00025,172.31.33.0-255,66,35838,34,250766
13024,0.000253,74.125.24.0-255,1484,37322,34,250766
13025,0.000255,172.31.33.0-255,66,37388,34,250766
13026,0.000286,74.125.24.0-255,5738,43126,34,250766
13027,0.000291,172.31.33.0-255,66,43192,34,250766
13028,0.000305,172.31.33.0-255,66,43258,34,250766
13029,0.00031,74.125.24.0-255,4320,47578,34,250766
13030,0.000315,172.31.33.0-255,66,47644,34,250766
13031,0.000337,74.125.24.0-255,5020,52664,34,250766
13032,0.000341,172.31.33.0-255,66,52730,34,250766
13033,0.000343,74.125.24.0-255,362,53092,34,250766
13034,0.000639,74.125.24.0-255,131,53223,34,250766
13035,0.000675,74.125.24.0-255,1484,54707,34,250766
13036,0.000679,172.31.33.0-255,66,54773,34,250766
13037,0.000684,74.125.24.0-255,2902,57675,34,250766
13038,0.000694,172.31.33.0-255,66,57741,34,250766
13039,0.000709,74.125.24.0-255,7156,64897,34,250766
13040,0.000716,74.125.24.0-255,5738,70635,34,250766
13041,0.000721,172.31.33.0-255,66,70701,34,250766
13042,0.000757,74.125.24.0-255,1484,72185,34,250766
13043,0.000758,172.31.33.0-255,66,72251,34,250766
13044,0.000776,74.125.24.0-255,1047,73298,34,250766
13045,0.000785,172.31.33.0-255,66,73364,34,250766
13046,0.001794,74.125.24.0-255,1484,74848,34,250766
13047,0.001801,172.31.33.0-255,66,74914,34,250766
13048,0.00181,74.125.24.0-255,2902,77816,34,250766
13049,0.00182,172.31.33.0-255,66,77882,34,250766
13050,0.001828,74.125.24.0-255,5738,83620,34,250766
13051,0.001833,74.125.24.0-255,4320,87940,34,250766
13052,0.002126,74.125.24.0-255,1484,89424,34,250766
13053,0.002134,74.125.24.0-255,2902,92326,34,250766
13054,0.002137,74.125.24.0-255,2902,95228,34,250766
13055,0.002155,74.125.24.0-255,2902,98130,34,250766
13056,0.002233,172.31.33.0-255,66,98196,34,250766
13057,0.002312,74.125.24.0-255,1484,99680,34,250766
13058,0.002318,74.125.24.0-255,2902,102582,34,250766
13059,0.00232,74.125.24.0-255,1484,104066,34,250766
13060,0.002324,172.31.33.0-255,66,104132,34,250766
13061,0.002355,74.125.24.0-255,4320,108452,34,250766
13062,0.002361,74.125.24.0-255,4320,112772,34,250766
13063,0.002365,74.125.24.0-255,4320,117092,34,250766
13064,0.00237,172.31.33.0-255,66,117158,34,250766
13065,0.002398,74.125.24.0-255,7156,124314,34,250766
13066,0.002404,74.125.24.0-255,4320,128634,34,250766
13067,0.002414,172.31.33.0-255,66,128700,34,250766
13068,0.002431,74.125.24.0-255,3602,132302,34,250766
13069,0.002445,172.31.33.0-255,66,132368,34,250766
13070,0.002501,74.125.24.0-255,1484,133852,34,250766
13071,0.002504,74.125.24.0-255,1484,135336,34,250766
13072,0.002508,172.31.33.0-255,66,135402,34,250766
13073,0.002518,74.125.24.0-255,1484,136886,34,250766
13074,0.002522,74.125.24.0-255,2902,139788,34,250766
13075,0.002541,74.125.24.0-255,2902,142690,34,250766
13076,0.002557,74.125.24.0-255,5738,148428,34,250766
13077,0.002578,74.125.24.0-255,2902,151330,34,250766
13078,0.002581,74.125.24.0-255,2184,153514,34,250766
13079,0.002589,172.31.33.0-255,66,153580,34,250766
13080,0.00303,74.125.24.0-255,1484,155064,34,250766
13081,0.003036,74.125.24.0-255,2902,157966,34,250766
13082,0.003039,172.31.33.0-255,66,158032,34,250766
13083,0.003044,74.125.24.0-255,2902,160934,34,250766
13084,0.003071,74.125.24.0-255,2902,163836,34,250766
13085,0.003076,74.125.24.0-255,4320,168156,34,250766
13086,0.00308,74.125.24.0-255,2902,171058,34,250766
13087,0.003094,172.31.33.0-255,66,171124,34,250766
13088,0.003115,172.31.33.0-255,66,171190,34,250766
13089,0.003127,74.125.24.0-255,4320,175510,34,250766
13090,0.003149,74.125.24.0-255,5738,181248,34,250766
13091,0.003166,172.31.33.0-255,66,181314,34,250766
13092,0.003219,172.31.33.0-255,66,181380,34,250766
13093,0.003228,74.125.24.0-255,4320,185700,34,250766
13094,0.003235,74.125.24.0-255,766,186466,34,250766
13095,0.003251,172.31.33.0-255,66,186532,34,250766
13096,0.00326,74.125.24.0-255,1484,188016,34,250766
13097,0.003285,74.125.24.0-255,2902,190918,34,250766
13098,0.003291,74.125.24.0-255,5738,196656,34,250766
13099,0.0033,172.31.33.0-255,66,196722,34,250766
13100,0.003329,74.125.24.0-255,5738,202460,34,250766
13101,0.003346,74.125.24.0-255,5738,208198,34,250766
13102,0.003353,172.31.33.0-255,66,208264,34,250766
13103,0.003366,74.125.24.0-255,2902,211166,34,250766
13104,0.003386,74.125.24.0-255,5738,216904,34,250766
13105,0.003394,172.31.33.0-255,66,216970,34,250766
13106,0.003421,74.125.24.0-255,3602,220572,34,250766
13107,0.003433,172.31.33.0-255,66,220638,34,250766
13108,0.004038,74.125.24.0-255,1484,222122,34,250766
13109,0.004045,74.125.24.0-255,2902,225024,34,250766
13110,0.004049,172.31.33.0-255,66,225090,34,250766
13111,0.004082,74.125.24.0-255,5738,230828,34,250766
13112,0.004089,74.125.24.0-255,5738,236566,34,250766
13113,0.004102,74.125.24.0-255,1484,238050,34,250766
13114,0.004106,172.31.33.0-255,66,238116,34,250766
13115,0.004153,74.125.24.0-255,5738,243854,34,250766
13116,0.004157,74.125.24.0-255,2184,246038,34,250766
13117,0.004168,172.31.33.0-255,66,246104,34,250766
13118,0.00422,74.125.24.0-255,4320,250424,34,250766
13119,0.004287,74.125.24.0-255,105,250529,34,250766
13120,0.004331,172.31.33.0-255,66,250595,34,250766
13121,0.005765,172.31.33.0-255,105,250700,34,250766
13122,0.008295,74.125.24.0-255,66,250766,34,250766
13123,0.0,172.217.194.0-255,153,153,34,258763
13124,2.2e-05,172.31.33.0-255,66,219,34,258763
13125,2.8e-05,172.217.194.0-255,1484,1703,34,258763
13126,3.1e-05,172.31.33.0-255,66,1769,34,258763
13127,3.6e-05,172.217.194.0-255,2902,4671,34,258763
13128,3.9e-05,172.31.33.0-255,66,4737,34,258763
13129,5.7e-05,172.217.194.0-255,5738,10475,34,258763
13130,5.9e-05,172.31.33.0-255,66,10541,34,258763
13131,7.8e-05,172.217.194.0-255,1484,12025,34,258763
13132,7.9e-05,172.31.33.0-255,66,12091,34,258763
13133,9.7e-05,172.217.194.0-255,2088,14179,34,258763
13134,9.9e-05,172.31.33.0-255,66,14245,34,258763
13135,0.000249,172.217.194.0-255,1484,15729,34,258763
13136,0.000254,172.31.33.0-255,66,15795,34,258763
13137,0.000259,172.217.194.0-255,2902,18697,34,258763
13138,0.000261,172.31.33.0-255,66,18763,34,258763
13139,0.000264,172.217.194.0-255,1484,20247,34,258763
13140,0.000265,172.31.33.0-255,66,20313,34,258763
13141,0.000286,172.217.194.0-255,4320,24633,34,258763
13142,0.000288,172.31.33.0-255,66,24699,34,258763
13143,0.000293,172.217.194.0-255,4320,29019,34,258763
13144,0.000295,172.31.33.0-255,66,29085,34,258763
13145,0.00031,172.217.194.0-255,2543,31628,34,258763
13146,0.000312,172.31.33.0-255,66,31694,34,258763
13147,0.00033,172.217.194.0-255,1484,33178,34,258763
13148,0.000332,172.31.33.0-255,66,33244,34,258763
13149,0.000351,172.217.194.0-255,2902,36146,34,258763
13150,0.000353,172.31.33.0-255,66,36212,34,258763
13151,0.000358,172.217.194.0-255,4320,40532,34,258763
13152,0.00036,172.31.33.0-255,66,40598,34,258763
13153,0.000372,172.217.194.0-255,1484,42082,34,258763
13154,0.000374,172.31.33.0-255,66,42148,34,258763
13155,0.000433,172.217.194.0-255,2902,45050,34,258763
13156,0.000437,172.31.33.0-255,66,45116,34,258763
13157,0.000449,172.217.194.0-255,3961,49077,34,258763
13158,0.000451,172.31.33.0-255,66,49143,34,258763
13159,0.001044,172.217.194.0-255,1484,50627,34,258763
13160,0.001055,172.217.194.0-255,2902,53529,34,258763
13161,0.00106,172.31.33.0-255,66,53595,34,258763
13162,0.001066,172.217.194.0-255,1484,55079,34,258763
13163,0.001085,172.217.194.0-255,4320,59399,34,258763
13164,0.001088,172.31.33.0-255,66,59465,34,258763
13165,0.001126,172.217.194.0-255,6797,66262,34,258763
13166,0.001129,172.31.33.0-255,66,66328,34,258763
13167,0.001234,172.217.194.0-255,1484,67812,34,258763
13168,0.00125,172.217.194.0-255,2902,70714,34,258763
13169,0.001253,172.31.33.0-255,66,70780,34,258763
13170,0.001259,172.217.194.0-255,2902,73682,34,258763
13171,0.001261,172.31.33.0-255,66,73748,34,258763
13172,0.001273,172.217.194.0-255,2902,76650,34,258763
13173,0.001276,172.31.33.0-255,66,76716,34,258763
13174,0.001321,172.217.194.0-255,4320,81036,34,258763
13175,0.001323,172.31.33.0-255,66,81102,34,258763
13176,0.001342,172.217.194.0-255,3124,84226,34,258763
13177,0.001344,172.31.33.0-255,66,84292,34,258763
13178,0.001602,172.217.194.0-255,1484,85776,34,258763
13179,0.001619,172.217.194.0-255,2902,88678,34,258763
13180,0.001621,172.31.33.0-255,66,88744,34,258763
13181,0.00164,172.217.194.0-255,4320,93064,34,258763
13182,0.001643,172.31.33.0-255,66,93130,34,258763
13183,0.001658,172.217.194.0-255,1484,94614,34,258763
13184,0.001673,172.217.194.0-255,4320,98934,34,258763
13185,0.001675,172.31.33.0-255,66,99000,34,258763
13186,0.001693,172.217.194.0-255,2543,101543,34,258763
13187,0.001695,172.31.33.0-255,66,101609,34,258763
13188,0.001941,172.217.194.0-255,1484,103093,34,258763
13189,0.001952,172.217.194.0-255,2902,105995,34,258763
13190,0.001955,172.31.33.0-255,66,106061,34,258763
13191,0.001972,172.217.194.0-255,4320,110381,34,258763
13192,0.001974,172.31.33.0-255,66,110447,34,258763
13193,0.001984,172.217.194.0-255,1484,111931,34,258763
13194,0.002005,172.217.194.0-255,7156,119087,34,258763
13195,0.002007,172.31.33.0-255,66,119153,34,258763
13196,0.002022,172.217.194.0-255,1484,120637,34,258763
13197,0.00205,172.31.33.0-255,66,120703,34,258763
13198,0.00219,172.217.194.0-255,1484,122187,34,258763
13199,0.002194,172.217.194.0-255,2902,125089,34,258763
13200,0.002197,172.31.33.0-255,66,125155,34,258763
13201,0.0022,172.217.194.0-255,1484,126639,34,258763
13202,0.002211,172.217.194.0-255,4320,130959,34,258763
13203,0.002214,172.31.33.0-255,66,131025,34,258763
13204,0.002241,172.31.33.0-255,66,131091,34,258763
13205,0.002257,172.217.194.0-255,2902,133993,34,258763
13206,0.002259,172.31.33.0-255,66,134059,34,258763
13207,0.002283,172.217.194.0-255,2902,136961,34,258763
13208,0.002285,172.31.33.0-255,66,137027,34,258763
13209,0.002312,172.31.33.0-255,66,137093,34,258763
13210,0.002922,172.217.194.0-255,1484,138577,34,258763
13211,0.002938,172.217.194.0-255,2902,141479,34,258763
13212,0.002942,172.31.33.0-255,66,141545,34,258763
13213,0.002961,172.217.194.0-255,5738,147283,34,258763
13214,0.002964,172.31.33.0-255,66,147349,34,258763
13215,0.002966,172.217.194.0-255,1484,148833,34,258763
13216,0.003033,172.31.33.0-255,66,148899,34,258763
13217,0.003039,172.217.194.0-255,6438,155337,34,258763
13218,0.003041,172.31.33.0-255,66,155403,34,258763
13219,0.003043,172.217.194.0-255,1484,156887,34,258763
13220,0.003048,172.217.194.0-255,4320,161207,34,258763
13221,0.00305,172.31.33.0-255,66,161273,34,258763
13222,0.003053,172.217.194.0-255,1484,162757,34,258763
13223,0.003076,172.217.194.0-255,5738,168495,34,258763
13224,0.003078,172.31.33.0-255,66,168561,34,258763
13225,0.003081,172.217.194.0-255,1484,170045,34,258763
13226,0.003095,172.217.194.0-255,5738,175783,34,258763
13227,0.003098,172.31.33.0-255,66,175849,34,258763
13228,0.003122,172.217.194.0-255,5020,180869,34,258763
13229,0.003322,172.217.194.0-255,1484,182353,34,258763
13230,0.003338,172.217.194.0-255,2902,185255,34,258763
13231,0.003342,172.217.194.0-255,4320,189575,34,258763
13232,0.003359,172.217.194.0-255,1484,191059,34,258763
13233,0.00337,172.217.194.0-255,4320,195379,34,258763
13234,0.003664,172.217.194.0-255,1484,196863,34,258763
13235,0.003682,172.217.194.0-255,2902,199765,34,258763
13236,0.003685,172.217.194.0-255,1484,201249,34,258763
13237,0.003704,172.217.194.0-255,4320,205569,34,258763
13238,0.003718,172.217.194.0-255,1484,207053,34,258763
13239,0.003754,172.217.194.0-255,4320,211373,34,258763
13240,0.003756,172.217.194.0-255,1484,212857,34,258763
13241,0.003769,172.217.194.0-255,1484,214341,34,258763
13242,0.003782,172.217.194.0-255,3602,217943,34,258763
13243,0.003808,172.217.194.0-255,2902,220845,34,258763
13244,0.003826,172.217.194.0-255,4320,225165,34,258763
13245,0.003839,172.217.194.0-255,5738,230903,34,258763
13246,0.003855,172.217.194.0-255,2902,233805,34,258763
13247,0.003901,172.217.194.0-255,6438,240243,34,258763
13248,0.003904,172.217.194.0-255,1484,241727,34,258763
13249,0.003915,172.217.194.0-255,2902,244629,34,258763
13250,0.003926,172.217.194.0-255,2902,247531,34,258763
13251,0.003985,172.217.194.0-255,7156,254687,34,258763
13252,0.003988,172.217.194.0-255,1484,256171,34,258763
13253,0.003991,172.217.194.0-255,2184,258355,34,258763
13254,0.004062,172.217.194.0-255,105,258460,34,258763
13255,0.004065,172.31.33.0-255,66,258526,34,258763
13256,0.004074,172.31.33.0-255,66,258592,34,258763
13257,0.006799,172.31.33.0-255,105,258697,34,258763
13258,0.009346,172.217.194.0-255,66,258763,34,258763
13259,0.0,74.125.24.0-255,220,220,34,153133
13260,2.2e-05,172.31.33.0-255,66,286,34,153133
13261,2.7e-05,74.125.24.0-255,1484,1770,34,153133
13262,3.1e-05,172.31.33.0-255,66,1836,34,153133
13263,3.6e-05,74.125.24.0-255,4320,6156,34,153133
13264,3.8e-05,172.31.33.0-255,66,6222,34,153133
13265,7.8e-05,172.31.33.0-255,66,6288,34,153133
13266,9.5e-05,172.31.33.0-255,66,6354,34,153133
13267,0.000122,74.125.24.0-255,6797,13151,34,153133
13268,0.000125,172.31.33.0-255,66,13217,34,153133
13269,0.000162,74.125.24.0-255,4320,17537,34,153133
13270,0.000165,172.31.33.0-255,66,17603,34,153133
13271,0.000194,74.125.24.0-255,2902,20505,34,153133
13272,0.000196,172.31.33.0-255,66,20571,34,153133
13273,0.000205,172.31.33.0-255,66,20637,34,153133
13274,0.000207,74.125.24.0-255,1484,22121,34,153133
13275,0.000209,172.31.33.0-255,66,22187,34,153133
13276,0.000252,172.31.33.0-255,66,22253,34,153133
13277,0.000276,74.125.24.0-255,133,22386,34,153133
13278,0.000279,172.31.33.0-255,66,22452,34,153133
13279,0.000396,74.125.24.0-255,1484,23936,34,153133
13280,0.0004,172.31.33.0-255,66,24002,34,153133
13281,0.000404,74.125.24.0-255,2902,26904,34,153133
13282,0.000408,172.31.33.0-255,66,26970,34,153133
13283,0.000425,74.125.24.0-255,5738,32708,34,153133
13284,0.000428,172.31.33.0-255,66,32774,34,153133
13285,0.000432,74.125.24.0-255,2902,35676,34,153133
13286,0.000434,172.31.33.0-255,66,35742,34,153133
13287,0.000459,74.125.24.0-255,3961,39703,34,153133
13288,0.000462,172.31.33.0-255,66,39769,34,153133
13289,0.000481,172.31.33.0-255,66,39835,34,153133
13290,0.000486,74.125.24.0-255,2823,42658,34,153133
13291,0.000488,172.31.33.0-255,66,42724,34,153133
13292,0.000741,74.125.24.0-255,1484,44208,34,153133
13293,0.000747,74.125.24.0-255,2902,47110,34,153133
13294,0.00075,172.31.33.0-255,66,47176,34,153133
13295,0.000778,74.125.24.0-255,5738,52914,34,153133
13296,0.000781,172.31.33.0-255,66,52980,34,153133
13297,0.000791,172.31.33.0-255,66,53046,34,153133
13298,0.000818,74.125.24.0-255,2902,55948,34,153133
13299,0.000821,172.31.33.0-255,66,56014,34,153133
13300,0.000853,172.31.33.0-255,66,56080,34,153133
13301,0.001078,74.125.24.0-255,1484,57564,34,153133
13302,0.001082,74.125.24.0-255,1484,59048,34,153133
13303,0.001085,172.31.33.0-255,66,59114,34,153133
13304,0.001112,74.125.24.0-255,1484,60598,34,153133
13305,0.001118,74.125.24.0-255,5738,66336,34,153133
13306,0.001121,172.31.33.0-255,66,66402,34,153133
13307,0.001131,172.31.33.0-255,66,66468,34,153133
13308,0.001147,74.125.24.0-255,2902,69370,34,153133
13309,0.001149,172.31.33.0-255,66,69436,34,153133
13310,0.001158,74.125.24.0-255,4320,73756,34,153133
13311,0.00116,172.31.33.0-255,66,73822,34,153133
13312,0.001193,74.125.24.0-255,6438,80260,34,153133
13313,0.001198,172.31.33.0-255,66,80326,34,153133
13314,0.001518,74.125.24.0-255,1484,81810,34,153133
13315,0.001526,74.125.24.0-255,2902,84712,34,153133
13316,0.00153,172.31.33.0-255,66,84778,34,153133
13317,0.001536,74.125.24.0-255,5738,90516,34,153133
13318,0.001538,172.31.33.0-255,66,90582,34,153133
13319,0.001568,172.31.33.0-255,66,90648,34,153133
13320,0.001605,74.125.24.0-255,4320,94968,34,153133
13321,0.001607,172.31.33.0-255,66,95034,34,153133
13322,0.001642,74.125.24.0-255,5738,100772,34,153133
13323,0.001645,172.31.33.0-255,66,100838,34,153133
13324,0.001651,74.125.24.0-255,5020,105858,34,153133
13325,0.001652,172.31.33.0-255,66,105924,34,153133
13326,0.001657,74.125.24.0-255,5738,111662,34,153133
13327,0.001665,172.31.33.0-255,66,111728,34,153133
13328,0.001667,74.125.24.0-255,1484,113212,34,153133
13329,0.001673,74.125.24.0-255,5738,118950,34,153133
13330,0.001675,172.31.33.0-255,66,119016,34,153133
13331,0.0017,74.125.24.0-255,2902,121918,34,153133
13332,0.001702,172.31.33.0-255,66,121984,34,153133
13333,0.001745,172.31.33.0-255,66,122050,34,153133
13334,0.001824,74.125.24.0-255,1484,123534,34,153133
13335,0.001829,74.125.24.0-255,2902,126436,34,153133
13336,0.001831,172.31.33.0-255,66,126502,34,153133
13337,0.001836,74.125.24.0-255,4320,130822,34,153133
13338,0.001838,172.31.33.0-255,66,130888,34,153133
13339,0.001855,74.125.24.0-255,1484,132372,34,153133
13340,0.001859,74.125.24.0-255,2902,135274,34,153133
13341,0.001861,172.31.33.0-255,66,135340,34,153133
13342,0.001904,172.31.33.0-255,66,135406,34,153133
13343,0.001917,172.31.33.0-255,66,135472,34,153133
13344,0.001933,74.125.24.0-255,766,136238,34,153133
13345,0.001959,74.125.24.0-255,4320,140558,34,153133
13346,0.001962,172.31.33.0-255,66,140624,34,153133
13347,0.001965,74.125.24.0-255,1484,142108,34,153133
13348,0.001995,74.125.24.0-255,4320,146428,34,153133
13349,0.001998,172.31.33.0-255,66,146494,34,153133
13350,0.002009,172.31.33.0-255,66,146560,34,153133
13351,0.002012,74.125.24.0-255,2902,149462,34,153133
13352,0.002018,172.31.33.0-255,66,149528,34,153133
13353,0.002052,172.31.33.0-255,66,149594,34,153133
13354,0.002056,74.125.24.0-255,2902,152496,34,153133
13355,0.002058,172.31.33.0-255,66,152562,34,153133
13356,0.002102,172.31.33.0-255,66,152628,34,153133
13357,0.002115,172.31.33.0-255,66,152694,34,153133
13358,0.002157,172.31.33.0-255,66,152760,34,153133
13359,0.002249,74.125.24.0-255,97,152857,34,153133
13360,0.002251,74.125.24.0-255,105,152962,34,153133
13361,0.007043,172.31.33.0-255,66,153028,34,153133
13362,0.008857,172.31.33.0-255,105,153133,34,153133
13363,0.0,172.217.194.0-255,153,153,34,195779
13364,3.6e-05,172.31.33.0-255,66,219,34,195779
13365,4.2e-05,172.217.194.0-255,1484,1703,34,195779
13366,4.6e-05,172.31.33.0-255,66,1769,34,195779
13367,5.1e-05,172.217.194.0-255,2902,4671,34,195779
13368,6.3e-05,172.31.33.0-255,66,4737,34,195779
13369,7.1e-05,172.217.194.0-255,7156,11893,34,195779
13370,7.4e-05,172.31.33.0-255,66,11959,34,195779
13371,0.000107,172.217.194.0-255,1963,13922,34,195779
13372,0.00011,172.31.33.0-255,66,13988,34,195779
13373,0.000185,172.217.194.0-255,1484,15472,34,195779
13374,0.000189,172.31.33.0-255,66,15538,34,195779
13375,0.000195,172.217.194.0-255,2902,18440,34,195779
13376,0.000199,172.31.33.0-255,66,18506,34,195779
13377,0.00021,172.217.194.0-255,5738,24244,34,195779
13378,0.000213,172.31.33.0-255,66,24310,34,195779
13379,0.000243,172.217.194.0-255,4320,28630,34,195779
13380,0.000246,172.31.33.0-255,66,28696,34,195779
13381,0.000275,172.217.194.0-255,2543,31239,34,195779
13382,0.000278,172.31.33.0-255,66,31305,34,195779
13383,0.000364,172.217.194.0-255,1484,32789,34,195779
13384,0.000369,172.217.194.0-255,2902,35691,34,195779
13385,0.00037,172.31.33.0-255,66,35757,34,195779
13386,0.000375,172.31.33.0-255,66,35823,34,195779
13387,0.000409,172.217.194.0-255,5738,41561,34,195779
13388,0.000418,172.31.33.0-255,66,41627,34,195779
13389,0.000427,172.217.194.0-255,6797,48424,34,195779
13390,0.000429,172.31.33.0-255,66,48490,34,195779
13391,0.000474,172.31.33.0-255,66,48556,34,195779
13392,0.000504,172.217.194.0-255,2543,51099,34,195779
13393,0.000508,172.31.33.0-255,66,51165,34,195779
13394,0.000537,172.217.194.0-255,647,51812,34,195779
13395,0.000662,172.217.194.0-255,1484,53296,34,195779
13396,0.000666,172.217.194.0-255,2902,56198,34,195779
13397,0.000671,172.31.33.0-255,66,56264,34,195779
13398,0.000687,172.31.33.0-255,66,56330,34,195779
13399,0.000697,172.217.194.0-255,5738,62068,34,195779
13400,0.000702,172.31.33.0-255,66,62134,34,195779
13401,0.000704,172.217.194.0-255,5738,67872,34,195779
13402,0.000707,172.31.33.0-255,66,67938,34,195779
13403,0.000734,172.217.194.0-255,5738,73676,34,195779
13404,0.000744,172.31.33.0-255,66,73742,34,195779
13405,0.000759,172.217.194.0-255,7156,80898,34,195779
13406,0.000767,172.31.33.0-255,66,80964,34,195779
13407,0.000785,172.217.194.0-255,5020,85984,34,195779
13408,0.000794,172.31.33.0-255,66,86050,34,195779
13409,0.001128,172.217.194.0-255,1484,87534,34,195779
13410,0.001136,172.217.194.0-255,2902,90436,34,195779
13411,0.00114,172.31.33.0-255,66,90502,34,195779
13412,0.001147,172.217.194.0-255,5738,96240,34,195779
13413,0.0012,172.31.33.0-255,66,96306,34,195779
13414,0.001234,172.217.194.0-255,5020,101326,34,195779
13415,0.001281,172.31.33.0-255,66,101392,34,195779
13416,0.001711,172.217.194.0-255,1484,102876,34,195779
13417,0.001719,172.217.194.0-255,2902,105778,34,195779
13418,0.001723,172.31.33.0-255,66,105844,34,195779
13419,0.001729,172.217.194.0-255,5738,111582,34,195779
13420,0.00175,172.217.194.0-255,5738,117320,34,195779
13421,0.00177,172.217.194.0-255,7156,124476,34,195779
13422,0.001791,172.31.33.0-255,66,124542,34,195779
13423,0.00183,172.217.194.0-255,1484,126026,34,195779
13424,0.001834,172.217.194.0-255,2902,128928,34,195779
13425,0.001838,172.31.33.0-255,66,128994,34,195779
13426,0.001864,172.217.194.0-255,5738,134732,34,195779
13427,0.001888,172.31.33.0-255,66,134798,34,195779
13428,0.001917,172.217.194.0-255,2902,137700,34,195779
13429,0.001923,172.31.33.0-255,66,137766,34,195779
13430,0.001975,172.217.194.0-255,4320,142086,34,195779
13431,0.001978,172.217.194.0-255,2902,144988,34,195779
13432,0.001984,172.31.33.0-255,66,145054,34,195779
13433,0.002019,172.217.194.0-255,4320,149374,34,195779
13434,0.002023,172.31.33.0-255,66,149440,34,195779
13435,0.002065,172.31.33.0-255,66,149506,34,195779
13436,0.002096,172.217.194.0-255,4320,153826,34,195779
13437,0.002101,172.217.194.0-255,3602,157428,34,195779
13438,0.002105,172.217.194.0-255,4320,161748,34,195779
13439,0.002125,172.31.33.0-255,66,161814,34,195779
13440,0.002164,172.31.33.0-255,66,161880,34,195779
13441,0.002178,172.217.194.0-255,4320,166200,34,195779
13442,0.002244,172.31.33.0-255,66,166266,34,195779
13443,0.002253,172.217.194.0-255,5738,172004,34,195779
13444,0.002256,172.217.194.0-255,2184,174188,34,195779
13445,0.002265,172.31.33.0-255,66,174254,34,195779
13446,0.002271,172.217.194.0-255,2902,177156,34,195779
13447,0.002294,172.217.194.0-255,7156,184312,34,195779
13448,0.002308,172.31.33.0-255,66,184378,34,195779
13449,0.002316,172.217.194.0-255,1484,185862,34,195779
13450,0.002348,172.31.33.0-255,66,185928,34,195779
13451,0.002376,172.31.33.0-255,66,185994,34,195779
13452,0.002395,172.217.194.0-255,4320,190314,34,195779
13453,0.00241,172.31.33.0-255,66,190380,34,195779
13454,0.002425,172.217.194.0-255,2902,193282,34,195779
13455,0.002437,172.217.194.0-255,2155,195437,34,195779
13456,0.002439,172.217.194.0-255,105,195542,34,195779
13457,0.002446,172.31.33.0-255,66,195608,34,195779
13458,0.003854,172.31.33.0-255,105,195713,34,195779
13459,0.006379,172.217.194.0-255,66,195779,34,195779
13460,0.0,74.125.24.0-255,153,153,34,224982
13461,2.3e-05,172.31.33.0-255,66,219,34,224982
13462,2.9e-05,74.125.24.0-255,1484,1703,34,224982
13463,3.4e-05,172.31.33.0-255,66,1769,34,224982
13464,3.6e-05,74.125.24.0-255,1484,3253,34,224982
13465,3.9e-05,172.31.33.0-255,66,3319,34,224982
13466,6e-05,74.125.24.0-255,1484,4803,34,224982
13467,6.2e-05,172.31.33.0-255,66,4869,34,224982
13468,6.9e-05,74.125.24.0-255,5738,10607,34,224982
13469,7e-05,172.31.33.0-255,66,10673,34,224982
13470,8.2e-05,74.125.24.0-255,1484,12157,34,224982
13471,8.4e-05,172.31.33.0-255,66,12223,34,224982
13472,8.8e-05,74.125.24.0-255,2129,14352,34,224982
13473,9.1e-05,172.31.33.0-255,66,14418,34,224982
13474,0.000113,74.125.24.0-255,5738,20156,34,224982
13475,0.000115,172.31.33.0-255,66,20222,34,224982
13476,0.000136,74.125.24.0-255,5738,25960,34,224982
13477,0.000138,172.31.33.0-255,66,26026,34,224982
13478,0.000145,74.125.24.0-255,7156,33182,34,224982
13479,0.000147,172.31.33.0-255,66,33248,34,224982
13480,0.000179,74.125.24.0-255,5738,38986,34,224982
13481,0.000182,172.31.33.0-255,66,39052,34,224982
13482,0.000207,172.31.33.0-255,66,39118,34,224982
13483,0.000233,74.125.24.0-255,1484,40602,34,224982
13484,0.000235,172.31.33.0-255,66,40668,34,224982
13485,0.00024,74.125.24.0-255,2902,43570,34,224982
13486,0.000244,172.31.33.0-255,66,43636,34,224982
13487,0.000245,74.125.24.0-255,5738,49374,34,224982
13488,0.000247,172.31.33.0-255,66,49440,34,224982
13489,0.000273,74.125.24.0-255,2902,52342,34,224982
13490,0.000276,172.31.33.0-255,66,52408,34,224982
13491,0.000289,74.125.24.0-255,4236,56644,34,224982
13492,0.000292,172.31.33.0-255,66,56710,34,224982
13493,0.000357,74.125.24.0-255,129,56839,34,224982
13494,0.000394,74.125.24.0-255,1484,58323,34,224982
13495,0.000398,172.31.33.0-255,66,58389,34,224982
13496,0.000403,74.125.24.0-255,2902,61291,34,224982
13497,0.000405,172.31.33.0-255,66,61357,34,224982
13498,0.000409,74.125.24.0-255,2902,64259,34,224982
13499,0.000411,172.31.33.0-255,66,64325,34,224982
13500,0.000433,74.125.24.0-255,4320,68645,34,224982
13501,0.000435,172.31.33.0-255,66,68711,34,224982
13502,0.00044,74.125.24.0-255,4320,73031,34,224982
13503,0.000442,172.31.33.0-255,66,73097,34,224982
13504,0.000453,172.31.33.0-255,66,73163,34,224982
13505,0.000462,74.125.24.0-255,4320,77483,34,224982
13506,0.000465,172.31.33.0-255,66,77549,34,224982
13507,0.000468,74.125.24.0-255,1484,79033,34,224982
13508,0.000483,74.125.24.0-255,3602,82635,34,224982
13509,0.000486,172.31.33.0-255,66,82701,34,224982
13510,0.000515,74.125.24.0-255,5738,88439,34,224982
13511,0.000518,172.31.33.0-255,66,88505,34,224982
13512,0.000523,74.125.24.0-255,2902,91407,34,224982
13513,0.000524,172.31.33.0-255,66,91473,34,224982
13514,0.000538,74.125.24.0-255,1484,92957,34,224982
13515,0.000544,74.125.24.0-255,4320,97277,34,224982
13516,0.000546,172.31.33.0-255,66,97343,34,224982
13517,0.000573,74.125.24.0-255,7156,104499,34,224982
13518,0.000575,172.31.33.0-255,66,104565,34,224982
13519,0.000586,172.31.33.0-255,66,104631,34,224982
13520,0.000608,74.125.24.0-255,3304,107935,34,224982
13521,0.000611,172.31.33.0-255,66,108001,34,224982
13522,0.00072,74.125.24.0-255,1484,109485,34,224982
13523,0.000723,74.125.24.0-255,1484,110969,34,224982
13524,0.000726,172.31.33.0-255,66,111035,34,224982
13525,0.000745,74.125.24.0-255,1484,112519,34,224982
13526,0.000751,74.125.24.0-255,5738,118257,34,224982
13527,0.000754,172.31.33.0-255,66,118323,34,224982
13528,0.000758,74.125.24.0-255,1484,119807,34,224982
13529,0.000783,172.31.33.0-255,66,119873,34,224982
13530,0.000818,74.125.24.0-255,2902,122775,34,224982
13531,0.000821,172.31.33.0-255,66,122841,34,224982
13532,0.000844,172.31.33.0-255,66,122907,34,224982
13533,0.000951,74.125.24.0-255,1484,124391,34,224982
13534,0.000956,74.125.24.0-255,2902,127293,34,224982
13535,0.000959,172.31.33.0-255,66,127359,34,224982
13536,0.000961,74.125.24.0-255,1484,128843,34,224982
13537,0.000979,74.125.24.0-255,4320,133163,34,224982
13538,0.000982,172.31.33.0-255,66,133229,34,224982
13539,0.000986,74.125.24.0-255,4320,137549,34,224982
13540,0.000988,172.31.33.0-255,66,137615,34,224982
13541,0.000991,74.125.24.0-255,1484,139099,34,224982
13542,0.001016,172.31.33.0-255,66,139165,34,224982
13543,0.001027,74.125.24.0-255,1484,140649,34,224982
13544,0.001045,74.125.24.0-255,6438,147087,34,224982
13545,0.001048,172.31.33.0-255,66,147153,34,224982
13546,0.001101,74.125.24.0-255,1484,148637,34,224982
13547,0.00112,74.125.24.0-255,7156,155793,34,224982
13548,0.001123,172.31.33.0-255,66,155859,34,224982
13549,0.001133,172.31.33.0-255,66,155925,34,224982
13550,0.001135,74.125.24.0-255,1484,157409,34,224982
13551,0.001171,172.31.33.0-255,66,157475,34,224982
13552,0.001191,74.125.24.0-255,5738,163213,34,224982
13553,0.001194,172.31.33.0-255,66,163279,34,224982
13554,0.001216,74.125.24.0-255,1484,164763,34,224982
13555,0.001225,172.31.33.0-255,66,164829,34,224982
13556,0.001239,172.31.33.0-255,66,164895,34,224982
13557,0.001267,172.31.33.0-255,66,164961,34,224982
13558,0.001269,74.125.24.0-255,766,165727,34,224982
13559,0.001293,74.125.24.0-255,2902,168629,34,224982
13560,0.001296,172.31.33.0-255,66,168695,34,224982
13561,0.00132,172.31.33.0-255,66,168761,34,224982
13562,0.001332,172.31.33.0-255,66,168827,34,224982
13563,0.001341,74.125.24.0-255,2902,171729,34,224982
13564,0.001343,172.31.33.0-255,66,171795,34,224982
13565,0.001362,74.125.24.0-255,6438,178233,34,224982
13566,0.001366,172.31.33.0-255,66,178299,34,224982
13567,0.001976,74.125.24.0-255,1484,179783,34,224982
13568,0.001981,74.125.24.0-255,2902,182685,34,224982
13569,0.001984,172.31.33.0-255,66,182751,34,224982
13570,0.001987,74.125.24.0-255,1484,184235,34,224982
13571,0.001995,172.31.33.0-255,101,184336,34,224982
13572,0.002017,74.125.24.0-255,4320,188656,34,224982
13573,0.00202,172.31.33.0-255,66,188722,34,224982
13574,0.002027,74.125.24.0-255,7156,195878,34,224982
13575,0.002028,172.31.33.0-255,66,195944,34,224982
13576,0.002053,74.125.24.0-255,5738,201682,34,224982
13577,0.002057,172.31.33.0-255,66,201748,34,224982
13578,0.002077,172.31.33.0-255,66,201814,34,224982
13579,0.002101,74.125.24.0-255,2184,203998,34,224982
13580,0.002103,172.31.33.0-255,66,204064,34,224982
13581,0.002106,74.125.24.0-255,1484,205548,34,224982
13582,0.00212,74.125.24.0-255,1484,207032,34,224982
13583,0.002122,172.31.33.0-255,66,207098,34,224982
13584,0.002153,74.125.24.0-255,4320,211418,34,224982
13585,0.002155,172.31.33.0-255,66,211484,34,224982
13586,0.002174,74.125.24.0-255,2902,214386,34,224982
13587,0.002176,172.31.33.0-255,66,214452,34,224982
13588,0.002189,172.31.33.0-255,66,214518,34,224982
13589,0.002207,172.31.33.0-255,66,214584,34,224982
13590,0.002227,74.125.24.0-255,5738,220322,34,224982
13591,0.00223,172.31.33.0-255,66,220388,34,224982
13592,0.002256,74.125.24.0-255,2902,223290,34,224982
13593,0.002258,172.31.33.0-255,66,223356,34,224982
13594,0.002274,172.31.33.0-255,66,223422,34,224982
13595,0.002296,74.125.24.0-255,1055,224477,34,224982
13596,0.002298,74.125.24.0-255,97,224574,34,224982
13597,0.002328,74.125.24.0-255,105,224679,34,224982
13598,0.00291,172.31.33.0-255,66,224745,34,224982
13599,0.002931,172.31.33.0-255,105,224850,34,224982
13600,0.004508,74.125.24.0-255,66,224916,34,224982
13601,0.005406,74.125.24.0-255,66,224982,34,224982
13602,0.0,74.125.200.0-255,146,146,34,282122
13603,3.3e-05,172.31.33.0-255,66,212,34,282122
13604,4.1e-05,74.125.200.0-255,1484,1696,34,282122
13605,4.5e-05,172.31.33.0-255,66,1762,34,282122
13606,5.7e-05,74.125.200.0-255,2902,4664,34,282122
13607,6.1e-05,172.31.33.0-255,66,4730,34,282122
13608,6.9e-05,74.125.200.0-255,7156,11886,34,282122
13609,7.2e-05,172.31.33.0-255,66,11952,34,282122
13610,7.5e-05,74.125.200.0-255,2051,14003,34,282122
13611,7.8e-05,172.31.33.0-255,66,14069,34,282122
13612,0.000289,74.125.200.0-255,1484,15553,34,282122
13613,0.000294,172.31.33.0-255,66,15619,34,282122
13614,0.000301,74.125.200.0-255,2902,18521,34,282122
13615,0.000306,172.31.33.0-255,66,18587,34,282122
13616,0.000332,74.125.200.0-255,5738,24325,34,282122
13617,0.00034,172.31.33.0-255,66,24391,34,282122
13618,0.000348,74.125.200.0-255,6797,31188,34,282122
13619,0.000351,172.31.33.0-255,66,31254,34,282122
13620,0.000937,74.125.200.0-255,1484,32738,34,282122
13621,0.000942,172.31.33.0-255,66,32804,34,282122
13622,0.000965,74.125.200.0-255,2902,35706,34,282122
13623,0.000968,172.31.33.0-255,66,35772,34,282122
13624,0.000972,74.125.200.0-255,2902,38674,34,282122
13625,0.000974,172.31.33.0-255,66,38740,34,282122
13626,0.000999,74.125.200.0-255,2902,41642,34,282122
13627,0.001005,172.31.33.0-255,66,41708,34,282122
13628,0.001012,74.125.200.0-255,6797,48505,34,282122
13629,0.001014,172.31.33.0-255,66,48571,34,282122
13630,0.001017,74.125.200.0-255,1484,50055,34,282122
13631,0.001019,172.31.33.0-255,66,50121,34,282122
13632,0.001047,74.125.200.0-255,5738,55859,34,282122
13633,0.00105,172.31.33.0-255,66,55925,34,282122
13634,0.00106,172.31.33.0-255,66,55991,34,282122
13635,0.002425,74.125.200.0-255,649,56640,34,282122
13636,0.002466,172.31.33.0-255,66,56706,34,282122
13637,0.002572,74.125.200.0-255,1484,58190,34,282122
13638,0.002591,74.125.200.0-255,1484,59674,34,282122
13639,0.002594,172.31.33.0-255,66,59740,34,282122
13640,0.002623,74.125.200.0-255,1484,61224,34,282122
13641,0.002627,74.125.200.0-255,1484,62708,34,282122
13642,0.00263,172.31.33.0-255,66,62774,34,282122
13643,0.002635,74.125.200.0-255,4320,67094,34,282122
13644,0.002636,172.31.33.0-255,66,67160,34,282122
13645,0.002668,74.125.200.0-255,7156,74316,34,282122
13646,0.002671,172.31.33.0-255,66,74382,34,282122
13647,0.002675,74.125.200.0-255,2902,77284,34,282122
13648,0.002677,172.31.33.0-255,66,77350,34,282122
13649,0.002681,74.125.200.0-255,2902,80252,34,282122
13650,0.002683,172.31.33.0-255,66,80318,34,282122
13651,0.002722,172.31.33.0-255,66,80384,34,282122
13652,0.002726,74.125.200.0-255,2184,82568,34,282122
13653,0.002727,172.31.33.0-255,66,82634,34,282122
13654,0.002952,74.125.200.0-255,1484,84118,34,282122
13655,0.002967,74.125.200.0-255,2902,87020,34,282122
13656,0.00297,172.31.33.0-255,66,87086,34,282122
13657,0.002973,74.125.200.0-255,1484,88570,34,282122
13658,0.002997,74.125.200.0-255,4320,92890,34,282122
13659,0.003,172.31.33.0-255,66,92956,34,282122
13660,0.00302,74.125.200.0-255,1484,94440,34,282122
13661,0.003047,172.31.33.0-255,66,94506,34,282122
13662,0.003058,172.31.33.0-255,66,94572,34,282122
13663,0.003089,74.125.200.0-255,1484,96056,34,282122
13664,0.003092,74.125.200.0-255,1484,97540,34,282122
13665,0.003095,172.31.33.0-255,66,97606,34,282122
13666,0.003121,74.125.200.0-255,1484,99090,34,282122
13667,0.003125,74.125.200.0-255,4320,103410,34,282122
13668,0.003128,172.31.33.0-255,66,103476,34,282122
13669,0.003133,74.125.200.0-255,5738,109214,34,282122
13670,0.003136,172.31.33.0-255,66,109280,34,282122
13671,0.003173,172.31.33.0-255,66,109346,34,282122
13672,0.0032,74.125.200.0-255,2902,112248,34,282122
13673,0.003202,172.31.33.0-255,66,112314,34,282122
13674,0.003207,74.125.200.0-255,4320,116634,34,282122
13675,0.003209,172.31.33.0-255,66,116700,34,282122
13676,0.00323,74.125.200.0-255,3602,120302,34,282122
13677,0.003233,172.31.33.0-255,66,120368,34,282122
13678,0.003442,74.125.200.0-255,1484,121852,34,282122
13679,0.003465,74.125.200.0-255,2902,124754,34,282122
13680,0.003469,172.31.33.0-255,66,124820,34,282122
13681,0.003479,74.125.200.0-255,1484,126304,34,282122
13682,0.003497,74.125.200.0-255,2902,129206,34,282122
13683,0.003499,172.31.33.0-255,66,129272,34,282122
13684,0.003502,74.125.200.0-255,1484,130756,34,282122
13685,0.003522,74.125.200.0-255,5738,136494,34,282122
13686,0.003525,172.31.33.0-255,66,136560,34,282122
13687,0.003528,74.125.200.0-255,1484,138044,34,282122
13688,0.003558,74.125.200.0-255,2902,140946,34,282122
13689,0.003561,172.31.33.0-255,66,141012,34,282122
13690,0.003587,74.125.200.0-255,4320,145332,34,282122
13691,0.003589,172.31.33.0-255,66,145398,34,282122
13692,0.003592,74.125.200.0-255,1484,146882,34,282122
13693,0.003596,74.125.200.0-255,4320,151202,34,282122
13694,0.003598,172.31.33.0-255,66,151268,34,282122
13695,0.003607,74.125.200.0-255,3602,154870,34,282122
13696,0.003609,172.31.33.0-255,66,154936,34,282122
13697,0.00365,74.125.200.0-255,1484,156420,34,282122
13698,0.003684,74.125.200.0-255,1484,157904,34,282122
13699,0.003687,172.31.33.0-255,66,157970,34,282122
13700,0.003692,74.125.200.0-255,2902,160872,34,282122
13701,0.003693,172.31.33.0-255,66,160938,34,282122
13702,0.003704,74.125.200.0-255,5738,166676,34,282122
13703,0.003706,172.31.33.0-255,66,166742,34,282122
13704,0.003729,74.125.200.0-255,5738,172480,34,282122
13705,0.003732,172.31.33.0-255,66,172546,34,282122
13706,0.003756,74.125.200.0-255,4320,176866,34,282122
13707,0.003759,172.31.33.0-255,66,176932,34,282122
13708,0.003768,172.31.33.0-255,66,176998,34,282122
13709,0.003787,74.125.200.0-255,2902,179900,34,282122
13710,0.003789,172.31.33.0-255,66,179966,34,282122
13711,0.003792,74.125.200.0-255,766,180732,34,282122
13712,0.003856,74.125.200.0-255,1484,182216,34,282122
13713,0.00386,172.31.33.0-255,66,182282,34,282122
13714,0.003864,74.125.200.0-255,2902,185184,34,282122
13715,0.003866,172.31.33.0-255,66,185250,34,282122
13716,0.003869,74.125.200.0-255,2902,188152,34,282122
13717,0.003871,172.31.33.0-255,66,188218,34,282122
13718,0.003903,74.125.200.0-255,2902,191120,34,282122
13719,0.003908,172.31.33.0-255,66,191186,34,282122
13720,0.003915,74.125.200.0-255,7156,198342,34,282122
13721,0.003917,172.31.33.0-255,66,198408,34,282122
13722,0.00392,74.125.200.0-255,1484,199892,34,282122
13723,0.003967,172.31.33.0-255,66,199958,34,282122
13724,0.003971,74.125.200.0-255,2184,202142,34,282122
13725,0.003974,172.31.33.0-255,66,202208,34,282122
13726,0.003998,74.125.200.0-255,5738,207946,34,282122
13727,0.004001,172.31.33.0-255,66,208012,34,282122
13728,0.004031,172.31.33.0-255,66,208078,34,282122
13729,0.004068,74.125.200.0-255,1484,209562,34,282122
13730,0.004101,172.31.33.0-255,66,209628,34,282122
13731,0.004126,74.125.200.0-255,1484,211112,34,282122
13732,0.004157,74.125.200.0-255,1484,212596,34,282122
13733,0.00416,172.31.33.0-255,66,212662,34,282122
13734,0.004164,74.125.200.0-255,2902,215564,34,282122
13735,0.004166,172.31.33.0-255,66,215630,34,282122
13736,0.004171,74.125.200.0-255,5738,221368,34,282122
13737,0.004177,172.31.33.0-255,66,221434,34,282122
13738,0.004181,74.125.200.0-255,2902,224336,34,282122
13739,0.004183,172.31.33.0-255,66,224402,34,282122
13740,0.004209,74.125.200.0-255,5738,230140,34,282122
13741,0.004217,172.31.33.0-255,66,230206,34,282122
13742,0.004227,172.31.33.0-255,66,230272,34,282122
13743,0.004231,74.125.200.0-255,3602,233874,34,282122
13744,0.004233,172.31.33.0-255,66,233940,34,282122
13745,0.004277,74.125.200.0-255,1484,235424,34,282122
13746,0.004294,74.125.200.0-255,2902,238326,34,282122
13747,0.004296,172.31.33.0-255,66,238392,34,282122
13748,0.004326,74.125.200.0-255,5738,244130,34,282122
13749,0.004329,172.31.33.0-255,66,244196,34,282122
13750,0.004334,74.125.200.0-255,4320,248516,34,282122
13751,0.004336,172.31.33.0-255,66,248582,34,282122
13752,0.004363,74.125.200.0-255,5738,254320,34,282122
13753,0.004365,172.31.33.0-255,66,254386,34,282122
13754,0.004404,74.125.200.0-255,2184,256570,34,282122
13755,0.004407,172.31.33.0-255,66,256636,34,282122
13756,0.00441,172.31.33.0-255,66,256702,34,282122
13757,0.004429,74.125.200.0-255,2902,259604,34,282122
13758,0.004432,172.31.33.0-255,66,259670,34,282122
13759,0.004451,74.125.200.0-255,4320,263990,34,282122
13760,0.00446,172.31.33.0-255,66,264056,34,282122
13761,0.004493,74.125.200.0-255,4320,268376,34,282122
13762,0.004497,172.31.33.0-255,66,268442,34,282122
13763,0.004504,74.125.200.0-255,2902,271344,34,282122
13764,0.004507,172.31.33.0-255,66,271410,34,282122
13765,0.004521,74.125.200.0-255,1484,272894,34,282122
13766,0.004529,74.125.200.0-255,4320,277214,34,282122
13767,0.004532,172.31.33.0-255,66,277280,34,282122
13768,0.004554,74.125.200.0-255,2902,280182,34,282122
13769,0.004557,172.31.33.0-255,66,280248,34,282122
13770,0.00456,74.125.200.0-255,1606,281854,34,282122
13771,0.004562,172.31.33.0-255,66,281920,34,282122
13772,0.004565,74.125.200.0-255,97,282017,34,282122
13773,0.004631,74.125.200.0-255,105,282122,34,282122
13774,0.0,34.213.214.0-255,97,97,34,260
13775,0.00017,172.31.33.0-255,97,194,34,260
13776,0.000181,172.31.33.0-255,66,260,34,260
13777,0.0,172.217.194.0-255,153,153,34,88021
13778,4e-05,172.31.33.0-255,66,219,34,88021
13779,4.7e-05,172.217.194.0-255,1484,1703,34,88021
13780,5.2e-05,172.31.33.0-255,66,1769,34,88021
13781,6.5e-05,172.217.194.0-255,2902,4671,34,88021
13782,6.8e-05,172.31.33.0-255,66,4737,34,88021
13783,7.7e-05,172.217.194.0-255,7156,11893,34,88021
13784,7.9e-05,172.31.33.0-255,66,11959,34,88021
13785,0.000111,172.217.194.0-255,2027,13986,34,88021
13786,0.000114,172.31.33.0-255,66,14052,34,88021
13787,0.000306,172.217.194.0-255,1484,15536,34,88021
13788,0.000311,172.31.33.0-255,66,15602,34,88021
13789,0.000316,172.217.194.0-255,2902,18504,34,88021
13790,0.000319,172.31.33.0-255,66,18570,34,88021
13791,0.000332,172.217.194.0-255,5738,24308,34,88021
13792,0.000334,172.31.33.0-255,66,24374,34,88021
13793,0.000402,172.31.33.0-255,66,24440,34,88021
13794,0.000418,172.31.33.0-255,66,24506,34,88021
13795,0.000425,172.217.194.0-255,3961,28467,34,88021
13796,0.000427,172.31.33.0-255,66,28533,34,88021
13797,0.001952,172.217.194.0-255,1484,30017,34,88021
13798,0.001959,172.31.33.0-255,66,30083,34,88021
13799,0.001968,172.217.194.0-255,2902,32985,34,88021
13800,0.00197,172.31.33.0-255,66,33051,34,88021
13801,0.00198,172.217.194.0-255,5738,38789,34,88021
13802,0.001981,172.31.33.0-255,66,38855,34,88021
13803,0.002011,172.217.194.0-255,6797,45652,34,88021
13804,0.002013,172.31.33.0-255,66,45718,34,88021
13805,0.002041,172.217.194.0-255,645,46363,34,88021
13806,0.002043,172.31.33.0-255,66,46429,34,88021
13807,0.002047,172.217.194.0-255,1484,47913,34,88021
13808,0.00205,172.217.194.0-255,1484,49397,34,88021
13809,0.002052,172.31.33.0-255,66,49463,34,88021
13810,0.002071,172.217.194.0-255,2902,52365,34,88021
13811,0.002072,172.31.33.0-255,66,52431,34,88021
13812,0.002083,172.31.33.0-255,66,52497,34,88021
13813,0.002089,172.217.194.0-255,5379,57876,34,88021
13814,0.00209,172.31.33.0-255,66,57942,34,88021
13815,0.002138,172.217.194.0-255,5738,63680,34,88021
13816,0.00214,172.31.33.0-255,66,63746,34,88021
13817,0.002166,172.217.194.0-255,6797,70543,34,88021
13818,0.002169,172.31.33.0-255,66,70609,34,88021
13819,0.00446,172.217.194.0-255,5738,76347,34,88021
13820,0.004466,172.31.33.0-255,66,76413,34,88021
13821,0.006743,172.217.194.0-255,5738,82151,34,88021
13822,0.00675,172.31.33.0-255,66,82217,34,88021
13823,0.009024,172.217.194.0-255,5738,87955,34,88021
13824,0.009032,172.31.33.0-255,66,88021,34,88021
13825,0.0,172.217.194.0-255,153,153,34,135414
13826,2.6e-05,172.31.33.0-255,66,219,34,135414
13827,3.2e-05,172.217.194.0-255,1484,1703,34,135414
13828,3.6e-05,172.31.33.0-255,66,1769,34,135414
13829,4e-05,172.217.194.0-255,2902,4671,34,135414
13830,4.3e-05,172.31.33.0-255,66,4737,34,135414
13831,5.8e-05,172.217.194.0-255,7156,11893,34,135414
13832,6.1e-05,172.31.33.0-255,66,11959,34,135414
13833,6.4e-05,172.217.194.0-255,1484,13443,34,135414
13834,6.6e-05,172.31.33.0-255,66,13509,34,135414
13835,0.000118,172.31.33.0-255,66,13575,34,135414
13836,0.000122,172.217.194.0-255,2543,16118,34,135414
13837,0.000125,172.31.33.0-255,66,16184,34,135414
13838,0.000146,172.217.194.0-255,1484,17668,34,135414
13839,0.000148,172.31.33.0-255,66,17734,34,135414
13840,0.000152,172.217.194.0-255,2902,20636,34,135414
13841,0.000155,172.31.33.0-255,66,20702,34,135414
13842,0.000193,172.217.194.0-255,5738,26440,34,135414
13843,0.000197,172.31.33.0-255,66,26506,34,135414
13844,0.000217,172.31.33.0-255,66,26572,34,135414
13845,0.000249,172.31.33.0-255,66,26638,34,135414
13846,0.000273,172.217.194.0-255,2832,29470,34,135414
13847,0.000276,172.31.33.0-255,66,29536,34,135414
13848,0.00028,172.217.194.0-255,102,29638,34,135414
13849,0.000282,172.31.33.0-255,66,29704,34,135414
13850,0.00033,172.217.194.0-255,1484,31188,34,135414
13851,0.000334,172.31.33.0-255,66,31254,34,135414
13852,0.000339,172.217.194.0-255,2902,34156,34,135414
13853,0.000342,172.31.33.0-255,66,34222,34,135414
13854,0.000354,172.217.194.0-255,5738,39960,34,135414
13855,0.000358,172.31.33.0-255,66,40026,34,135414
13856,0.000396,172.217.194.0-255,5738,45764,34,135414
13857,0.0004,172.31.33.0-255,66,45830,34,135414
13858,0.000431,172.217.194.0-255,5675,51505,34,135414
13859,0.000435,172.31.33.0-255,66,51571,34,135414
13860,0.000453,172.31.33.0-255,66,51637,34,135414
13861,0.000456,172.217.194.0-255,1125,52762,34,135414
13862,0.000783,172.217.194.0-255,1484,54246,34,135414
13863,0.000787,172.31.33.0-255,66,54312,34,135414
13864,0.000792,172.217.194.0-255,2902,57214,34,135414
13865,0.000794,172.31.33.0-255,66,57280,34,135414
13866,0.000797,172.217.194.0-255,1484,58764,34,135414
13867,0.000832,172.217.194.0-255,4320,63084,34,135414
13868,0.000835,172.31.33.0-255,66,63150,34,135414
13869,0.000842,172.217.194.0-255,5738,68888,34,135414
13870,0.000844,172.31.33.0-255,66,68954,34,135414
13871,0.000868,172.31.33.0-255,66,69020,34,135414
13872,0.000868,172.217.194.0-255,5020,74040,34,135414
13873,0.000871,172.31.33.0-255,66,74106,34,135414
13874,0.000909,172.217.194.0-255,5738,79844,34,135414
13875,0.000914,172.31.33.0-255,66,79910,34,135414
13876,0.00092,172.217.194.0-255,5738,85648,34,135414
13877,0.000922,172.31.33.0-255,66,85714,34,135414
13878,0.000944,172.217.194.0-255,1484,87198,34,135414
13879,0.000959,172.31.33.0-255,66,87264,34,135414
13880,0.000987,172.217.194.0-255,6438,93702,34,135414
13881,0.000991,172.31.33.0-255,66,93768,34,135414
13882,0.001054,172.217.194.0-255,7156,100924,34,135414
13883,0.001059,172.31.33.0-255,66,100990,34,135414
13884,0.00107,172.31.33.0-255,66,101056,34,135414
13885,0.001092,172.31.33.0-255,66,101122,34,135414
13886,0.001094,172.217.194.0-255,766,101888,34,135414
13887,0.001444,172.217.194.0-255,1484,103372,34,135414
13888,0.001449,172.31.33.0-255,66,103438,34,135414
13889,0.001455,172.217.194.0-255,2902,106340,34,135414
13890,0.001458,172.31.33.0-255,66,106406,34,135414
13891,0.001471,172.217.194.0-255,5738,112144,34,135414
13892,0.001474,172.31.33.0-255,66,112210,34,135414
13893,0.001513,172.31.33.0-255,66,112276,34,135414
13894,0.001547,172.31.33.0-255,66,112342,34,135414
13895,0.001572,172.217.194.0-255,766,113108,34,135414
13896,0.001577,172.217.194.0-255,2902,116010,34,135414
13897,0.00158,172.31.33.0-255,66,116076,34,135414
13898,0.001608,172.217.194.0-255,4320,120396,34,135414
13899,0.001612,172.31.33.0-255,66,120462,34,135414
13900,0.001627,172.31.33.0-255,66,120528,34,135414
13901,0.001674,172.31.33.0-255,66,120594,34,135414
13902,0.001677,172.217.194.0-255,766,121360,34,135414
13903,0.001719,172.217.194.0-255,1484,122844,34,135414
13904,0.001722,172.31.33.0-255,66,122910,34,135414
13905,0.00175,172.217.194.0-255,4320,127230,34,135414
13906,0.001753,172.31.33.0-255,66,127296,34,135414
13907,0.001777,172.217.194.0-255,1484,128780,34,135414
13908,0.001791,172.31.33.0-255,66,128846,34,135414
13909,0.001827,172.31.33.0-255,66,128912,34,135414
13910,0.001853,172.31.33.0-255,66,128978,34,135414
13911,0.001869,172.31.33.0-255,66,129044,34,135414
13912,0.001908,172.217.194.0-255,1484,130528,34,135414
13913,0.001927,172.31.33.0-255,66,130594,34,135414
13914,0.001949,172.31.33.0-255,66,130660,34,135414
13915,0.001985,172.217.194.0-255,1484,132144,34,135414
13916,0.002023,172.31.33.0-255,66,132210,34,135414
13917,0.002049,172.31.33.0-255,66,132276,34,135414
13918,0.002054,172.217.194.0-255,2967,135243,34,135414
13919,0.002056,172.31.33.0-255,66,135309,34,135414
13920,0.002059,172.217.194.0-255,105,135414,34,135414
13921,0.0,74.125.68.0-255,152,152,34,80555
13922,1.5e-05,172.31.33.0-255,66,218,34,80555
13923,3.6e-05,74.125.68.0-255,1484,1702,34,80555
13924,4e-05,172.31.33.0-255,66,1768,34,80555
13925,4.5e-05,74.125.68.0-255,2902,4670,34,80555
13926,4.9e-05,172.31.33.0-255,66,4736,34,80555
13927,6.8e-05,74.125.68.0-255,1484,6220,34,80555
13928,7e-05,172.31.33.0-255,66,6286,34,80555
13929,8.6e-05,74.125.68.0-255,2902,9188,34,80555
13930,8.8e-05,172.31.33.0-255,66,9254,34,80555
13931,0.000134,74.125.68.0-255,6335,15589,34,80555
13932,0.000136,172.31.33.0-255,66,15655,34,80555
13933,0.000211,74.125.68.0-255,2902,18557,34,80555
13934,0.000215,172.31.33.0-255,66,18623,34,80555
13935,0.000275,74.125.68.0-255,2902,21525,34,80555
13936,0.000278,172.31.33.0-255,66,21591,34,80555
13937,0.000301,172.31.33.0-255,66,21657,34,80555
13938,0.000389,74.125.68.0-255,1125,22782,34,80555
13939,0.000392,172.31.33.0-255,66,22848,34,80555
13940,0.000414,74.125.68.0-255,5738,28586,34,80555
13941,0.000418,172.31.33.0-255,66,28652,34,80555
13942,0.000435,74.125.68.0-255,5738,34390,34,80555
13943,0.000438,172.31.33.0-255,66,34456,34,80555
13944,0.000573,74.125.68.0-255,4320,38776,34,80555
13945,0.000577,172.31.33.0-255,66,38842,34,80555
13946,0.000598,74.125.68.0-255,6797,45639,34,80555
13947,0.000601,172.31.33.0-255,66,45705,34,80555
13948,0.000719,172.31.33.0-255,66,45771,34,80555
13949,0.000752,172.31.33.0-255,66,45837,34,80555
13950,0.001082,172.31.33.0-255,66,45903,34,80555
13951,0.001107,172.31.33.0-255,66,45969,34,80555
13952,0.00132,74.125.68.0-255,5738,51707,34,80555
13953,0.001324,172.31.33.0-255,66,51773,34,80555
13954,0.001363,172.31.33.0-255,66,51839,34,80555
13955,0.001377,74.125.68.0-255,3602,55441,34,80555
13956,0.001379,172.31.33.0-255,66,55507,34,80555
13957,0.00177,74.125.68.0-255,7156,62663,34,80555
13958,0.001777,172.31.33.0-255,66,62729,34,80555
13959,0.001838,172.31.33.0-255,66,62795,34,80555
13960,0.002481,172.31.33.0-255,66,62861,34,80555
13961,0.002504,74.125.68.0-255,5020,67881,34,80555
13962,0.002507,172.31.33.0-255,66,67947,34,80555
13963,0.002691,74.125.68.0-255,4320,72267,34,80555
13964,0.002694,172.31.33.0-255,66,72333,34,80555
13965,0.002759,172.31.33.0-255,66,72399,34,80555
13966,0.003494,74.125.68.0-255,1484,73883,34,80555
13967,0.003521,172.31.33.0-255,66,73949,34,80555
13968,0.003583,172.31.33.0-255,66,74015,34,80555
13969,0.004324,74.125.68.0-255,2902,76917,34,80555
13970,0.004326,172.31.33.0-255,66,76983,34,80555
13971,0.004385,172.31.33.0-255,66,77049,34,80555
13972,0.004447,172.31.33.0-255,66,77115,34,80555
13973,0.005147,74.125.68.0-255,1484,78599,34,80555
13974,0.005164,74.125.68.0-255,1890,80489,34,80555
13975,0.005167,172.31.33.0-255,66,80555,34,80555
13976,0.0,172.31.33.0-255,105,105,34,342
13977,0.002274,172.217.194.0-255,66,171,34,342
13978,0.002407,172.217.194.0-255,105,276,34,342
13979,0.002411,172.31.33.0-255,66,342,34,342
13980,0.0,172.31.33.0-255,105,105,34,276
13981,0.001478,157.240.7.0-255,105,210,34,276
13982,0.001489,172.31.33.0-255,66,276,34,276
13983,0.0,172.217.194.0-255,156,156,34,176989
13984,2.1e-05,172.31.33.0-255,66,222,34,176989
13985,3.8e-05,172.217.194.0-255,1484,1706,34,176989
13986,4.8e-05,172.31.33.0-255,66,1772,34,176989
13987,5.3e-05,172.217.194.0-255,2902,4674,34,176989
13988,5.7e-05,172.31.33.0-255,66,4740,34,176989
13989,8.8e-05,172.217.194.0-255,4320,9060,34,176989
13990,9e-05,172.31.33.0-255,66,9126,34,176989
13991,0.000101,172.217.194.0-255,2902,12028,34,176989
13992,0.000107,172.31.33.0-255,66,12094,34,176989
13993,0.000132,172.217.194.0-255,1984,14078,34,176989
13994,0.000135,172.31.33.0-255,66,14144,34,176989
13995,0.000159,172.217.194.0-255,2902,17046,34,176989
13996,0.000161,172.31.33.0-255,66,17112,34,176989
13997,0.00019,172.217.194.0-255,5738,22850,34,176989
13998,0.000193,172.31.33.0-255,66,22916,34,176989
13999,0.000248,172.217.194.0-255,2902,25818,34,176989
14000,0.000252,172.31.33.0-255,66,25884,34,176989
14001,0.000279,172.217.194.0-255,5379,31263,34,176989
14002,0.000282,172.31.33.0-255,66,31329,34,176989
14003,0.000539,172.217.194.0-255,1484,32813,34,176989
14004,0.000544,172.31.33.0-255,66,32879,34,176989
14005,0.000554,172.217.194.0-255,2902,35781,34,176989
14006,0.000557,172.31.33.0-255,66,35847,34,176989
14007,0.000571,172.217.194.0-255,5738,41585,34,176989
14008,0.000574,172.31.33.0-255,66,41651,34,176989
14009,0.000625,172.31.33.0-255,66,41717,34,176989
14010,0.000636,172.31.33.0-255,66,41783,34,176989
14011,0.000667,172.217.194.0-255,2902,44685,34,176989
14012,0.000672,172.31.33.0-255,66,44751,34,176989
14013,0.000675,172.217.194.0-255,1125,45876,34,176989
14014,0.000898,172.217.194.0-255,646,46522,34,176989
14015,0.000905,172.31.33.0-255,66,46588,34,176989
14016,0.001019,172.217.194.0-255,1484,48072,34,176989
14017,0.001026,172.217.194.0-255,2902,50974,34,176989
14018,0.001029,172.31.33.0-255,66,51040,34,176989
14019,0.001037,172.217.194.0-255,5738,56778,34,176989
14020,0.00104,172.31.33.0-255,66,56844,34,176989
14021,0.001058,172.31.33.0-255,66,56910,34,176989
14022,0.001085,172.217.194.0-255,1484,58394,34,176989
14023,0.001105,172.217.194.0-255,2902,61296,34,176989
14024,0.00111,172.31.33.0-255,66,61362,34,176989
14025,0.001123,172.217.194.0-255,7156,68518,34,176989
14026,0.001136,172.217.194.0-255,3602,72120,34,176989
14027,0.00114,172.31.33.0-255,66,72186,34,176989
14028,0.001143,172.31.33.0-255,66,72252,34,176989
14029,0.001847,172.217.194.0-255,1484,73736,34,176989
14030,0.001855,172.217.194.0-255,2902,76638,34,176989
14031,0.001859,172.31.33.0-255,66,76704,34,176989
14032,0.001888,172.217.194.0-255,5738,82442,34,176989
14033,0.00189,172.31.33.0-255,66,82508,34,176989
14034,0.001893,172.217.194.0-255,1484,83992,34,176989
14035,0.001923,172.31.33.0-255,66,84058,34,176989
14036,0.001926,172.217.194.0-255,1484,85542,34,176989
14037,0.001958,172.31.33.0-255,66,85608,34,176989
14038,0.002275,172.217.194.0-255,1484,87092,34,176989
14039,0.002282,172.217.194.0-255,2902,89994,34,176989
14040,0.002285,172.31.33.0-255,66,90060,34,176989
14041,0.002292,172.217.194.0-255,5738,95798,34,176989
14042,0.002294,172.31.33.0-255,66,95864,34,176989
14043,0.002319,172.217.194.0-255,5738,101602,34,176989
14044,0.002322,172.31.33.0-255,66,101668,34,176989
14045,0.002348,172.217.194.0-255,7156,108824,34,176989
14046,0.002354,172.31.33.0-255,66,108890,34,176989
14047,0.002414,172.31.33.0-255,66,108956,34,176989
14048,0.002799,172.217.194.0-255,1484,110440,34,176989
14049,0.002818,172.217.194.0-255,2902,113342,34,176989
14050,0.002822,172.31.33.0-255,66,113408,34,176989
14051,0.002826,172.217.194.0-255,1484,114892,34,176989
14052,0.002832,172.217.194.0-255,5738,120630,34,176989
14053,0.002834,172.31.33.0-255,66,120696,34,176989
14054,0.002883,172.217.194.0-255,4320,125016,34,176989
14055,0.002886,172.31.33.0-255,66,125082,34,176989
14056,0.002919,172.217.194.0-255,2902,127984,34,176989
14057,0.002921,172.31.33.0-255,66,128050,34,176989
14058,0.00293,172.31.33.0-255,66,128116,34,176989
14059,0.002934,172.217.194.0-255,2902,131018,34,176989
14060,0.002937,172.31.33.0-255,66,131084,34,176989
14061,0.002969,172.217.194.0-255,3602,134686,34,176989
14062,0.002972,172.31.33.0-255,66,134752,34,176989
14063,0.003068,172.217.194.0-255,1484,136236,34,176989
14064,0.003073,172.217.194.0-255,2902,139138,34,176989
14065,0.003076,172.31.33.0-255,66,139204,34,176989
14066,0.003081,172.217.194.0-255,2902,142106,34,176989
14067,0.003082,172.31.33.0-255,66,142172,34,176989
14068,0.003105,172.217.194.0-255,2902,145074,34,176989
14069,0.003107,172.31.33.0-255,66,145140,34,176989
14070,0.003117,172.31.33.0-255,66,145206,34,176989
14071,0.003142,172.217.194.0-255,4320,149526,34,176989
14072,0.003145,172.31.33.0-255,66,149592,34,176989
14073,0.003157,172.31.33.0-255,66,149658,34,176989
14074,0.003185,172.217.194.0-255,3602,153260,34,176989
14075,0.003187,172.31.33.0-255,66,153326,34,176989
14076,0.003209,172.31.33.0-255,66,153392,34,176989
14077,0.003213,172.217.194.0-255,4320,157712,34,176989
14078,0.003215,172.31.33.0-255,66,157778,34,176989
14079,0.003248,172.31.33.0-255,66,157844,34,176989
14080,0.003282,172.31.33.0-255,66,157910,34,176989
14081,0.003314,172.31.33.0-255,66,157976,34,176989
14082,0.00332,172.217.194.0-255,6438,164414,34,176989
14083,0.003321,172.31.33.0-255,66,164480,34,176989
14084,0.00333,172.31.33.0-255,66,164546,34,176989
14085,0.003344,172.31.33.0-255,66,164612,34,176989
14086,0.003376,172.217.194.0-255,7156,171768,34,176989
14087,0.003388,172.31.33.0-255,66,171834,34,176989
14088,0.003413,172.31.33.0-255,66,171900,34,176989
14089,0.003472,172.31.33.0-255,66,171966,34,176989
14090,0.0035,172.217.194.0-255,4320,176286,34,176989
14091,0.003512,172.31.33.0-255,66,176352,34,176989
14092,0.003537,172.31.33.0-255,66,176418,34,176989
14093,0.003554,172.31.33.0-255,66,176484,34,176989
14094,0.003568,172.31.33.0-255,66,176550,34,176989
14095,0.003571,172.217.194.0-255,97,176647,34,176989
14096,0.003574,172.217.194.0-255,105,176752,34,176989
14097,0.00604,172.31.33.0-255,66,176818,34,176989
14098,0.006107,172.31.33.0-255,105,176923,34,176989
14099,0.008451,172.217.194.0-255,66,176989,34,176989
14100,0.0,172.217.194.0-255,146,146,34,260298
14101,2.3e-05,172.31.33.0-255,66,212,34,260298
14102,2.9e-05,172.217.194.0-255,1484,1696,34,260298
14103,3.3e-05,172.31.33.0-255,66,1762,34,260298
14104,3.8e-05,172.217.194.0-255,2902,4664,34,260298
14105,4e-05,172.31.33.0-255,66,4730,34,260298
14106,4.3e-05,172.217.194.0-255,1484,6214,34,260298
14107,4.6e-05,172.31.33.0-255,66,6280,34,260298
14108,7e-05,172.217.194.0-255,5738,12018,34,260298
14109,7.2e-05,172.31.33.0-255,66,12084,34,260298
14110,7.6e-05,172.217.194.0-255,2128,14212,34,260298
14111,7.8e-05,172.31.33.0-255,66,14278,34,260298
14112,0.000109,172.217.194.0-255,2902,17180,34,260298
14113,0.000112,172.31.33.0-255,66,17246,34,260298
14114,0.000119,172.217.194.0-255,7156,24402,34,260298
14115,0.000121,172.31.33.0-255,66,24468,34,260298
14116,0.000144,172.217.194.0-255,6797,31265,34,260298
14117,0.000146,172.31.33.0-255,66,31331,34,260298
14118,0.00028,172.217.194.0-255,1484,32815,34,260298
14119,0.000284,172.31.33.0-255,66,32881,34,260298
14120,0.000289,172.217.194.0-255,2902,35783,34,260298
14121,0.000291,172.31.33.0-255,66,35849,34,260298
14122,0.000311,172.217.194.0-255,2902,38751,34,260298
14123,0.000314,172.31.33.0-255,66,38817,34,260298
14124,0.000332,172.217.194.0-255,2902,41719,34,260298
14125,0.000334,172.31.33.0-255,66,41785,34,260298
14126,0.000378,172.31.33.0-255,66,41851,34,260298
14127,0.000392,172.217.194.0-255,2902,44753,34,260298
14128,0.000395,172.31.33.0-255,66,44819,34,260298
14129,0.00043,172.31.33.0-255,66,44885,34,260298
14130,0.000447,172.217.194.0-255,366,45251,34,260298
14131,0.000621,172.217.194.0-255,1484,46735,34,260298
14132,0.000625,172.31.33.0-255,66,46801,34,260298
14133,0.000629,172.217.194.0-255,2902,49703,34,260298
14134,0.000631,172.31.33.0-255,66,49769,34,260298
14135,0.000643,172.217.194.0-255,2902,52671,34,260298
14136,0.000646,172.31.33.0-255,66,52737,34,260298
14137,0.000679,172.217.194.0-255,2902,55639,34,260298
14138,0.000681,172.31.33.0-255,66,55705,34,260298
14139,0.000692,172.31.33.0-255,66,55771,34,260298
14140,0.000718,172.217.194.0-255,2902,58673,34,260298
14141,0.000721,172.31.33.0-255,66,58739,34,260298
14142,0.000731,172.31.33.0-255,66,58805,34,260298
14143,0.000867,172.217.194.0-255,1484,60289,34,260298
14144,0.000882,172.217.194.0-255,2902,63191,34,260298
14145,0.000885,172.31.33.0-255,66,63257,34,260298
14146,0.00089,172.217.194.0-255,4320,67577,34,260298
14147,0.000892,172.31.33.0-255,66,67643,34,260298
14148,0.000905,172.217.194.0-255,1484,69127,34,260298
14149,0.00091,172.217.194.0-255,4320,73447,34,260298
14150,0.000912,172.31.33.0-255,66,73513,34,260298
14151,0.000933,172.217.194.0-255,7156,80669,34,260298
14152,0.000936,172.31.33.0-255,66,80735,34,260298
14153,0.000953,172.217.194.0-255,4320,85055,34,260298
14154,0.000955,172.31.33.0-255,66,85121,34,260298
14155,0.000961,172.217.194.0-255,5738,90859,34,260298
14156,0.000963,172.31.33.0-255,66,90925,34,260298
14157,0.000974,172.217.194.0-255,2184,93109,34,260298
14158,0.000976,172.31.33.0-255,66,93175,34,260298
14159,0.001335,172.217.194.0-255,1484,94659,34,260298
14160,0.001341,172.217.194.0-255,2902,97561,34,260298
14161,0.001345,172.31.33.0-255,66,97627,34,260298
14162,0.001349,172.217.194.0-255,2902,100529,34,260298
14163,0.001351,172.31.33.0-255,66,100595,34,260298
14164,0.001364,172.217.194.0-255,2902,103497,34,260298
14165,0.001366,172.31.33.0-255,66,103563,34,260298
14166,0.001368,172.217.194.0-255,1484,105047,34,260298
14167,0.001389,172.217.194.0-255,5738,110785,34,260298
14168,0.00139,172.31.33.0-255,66,110851,34,260298
14169,0.00141,172.217.194.0-255,5738,116589,34,260298
14170,0.001412,172.31.33.0-255,66,116655,34,260298
14171,0.001429,172.31.33.0-255,66,116721,34,260298
14172,0.001433,172.217.194.0-255,2184,118905,34,260298
14173,0.001434,172.31.33.0-255,66,118971,34,260298
14174,0.001705,172.217.194.0-255,1484,120455,34,260298
14175,0.001739,172.217.194.0-255,1484,121939,34,260298
14176,0.001741,172.31.33.0-255,66,122005,34,260298
14177,0.001757,172.217.194.0-255,1484,123489,34,260298
14178,0.001763,172.217.194.0-255,5738,129227,34,260298
14179,0.001764,172.31.33.0-255,66,129293,34,260298
14180,0.001773,172.31.33.0-255,66,129359,34,260298
14181,0.001785,172.217.194.0-255,2902,132261,34,260298
14182,0.001787,172.31.33.0-255,66,132327,34,260298
14183,0.001792,172.217.194.0-255,7156,139483,34,260298
14184,0.001794,172.31.33.0-255,66,139549,34,260298
14185,0.001814,172.217.194.0-255,2902,142451,34,260298
14186,0.001815,172.31.33.0-255,66,142517,34,260298
14187,0.001817,172.217.194.0-255,766,143283,34,260298
14188,0.002184,172.217.194.0-255,1484,144767,34,260298
14189,0.002187,172.31.33.0-255,66,144833,34,260298
14190,0.00219,172.217.194.0-255,1484,146317,34,260298
14191,0.002204,172.217.194.0-255,1484,147801,34,260298
14192,0.002206,172.31.33.0-255,66,147867,34,260298
14193,0.00221,172.217.194.0-255,2902,150769,34,260298
14194,0.002212,172.31.33.0-255,66,150835,34,260298
14195,0.002225,172.217.194.0-255,2902,153737,34,260298
14196,0.002227,172.31.33.0-255,66,153803,34,260298
14197,0.002232,172.217.194.0-255,4320,158123,34,260298
14198,0.002234,172.31.33.0-255,66,158189,34,260298
14199,0.002255,172.217.194.0-255,2902,161091,34,260298
14200,0.002257,172.31.33.0-255,66,161157,34,260298
14201,0.002268,172.31.33.0-255,66,161223,34,260298
14202,0.002289,172.217.194.0-255,5738,166961,34,260298
14203,0.002292,172.31.33.0-255,66,167027,34,260298
14204,0.002295,172.217.194.0-255,2184,169211,34,260298
14205,0.002297,172.31.33.0-255,66,169277,34,260298
14206,0.002468,172.217.194.0-255,1484,170761,34,260298
14207,0.002479,172.217.194.0-255,1484,172245,34,260298
14208,0.002481,172.31.33.0-255,66,172311,34,260298
14209,0.002499,172.217.194.0-255,1484,173795,34,260298
14210,0.002505,172.217.194.0-255,5738,179533,34,260298
14211,0.002507,172.31.33.0-255,66,179599,34,260298
14212,0.002541,172.217.194.0-255,4320,183919,34,260298
14213,0.002544,172.31.33.0-255,66,183985,34,260298
14214,0.002568,172.31.33.0-255,66,184051,34,260298
14215,0.002584,172.217.194.0-255,1484,185535,34,260298
14216,0.00261,172.31.33.0-255,66,185601,34,260298
14217,0.002635,172.217.194.0-255,4320,189921,34,260298
14218,0.002637,172.31.33.0-255,66,189987,34,260298
14219,0.002648,172.217.194.0-255,1484,191471,34,260298
14220,0.002651,172.217.194.0-255,1484,192955,34,260298
14221,0.002653,172.31.33.0-255,66,193021,34,260298
14222,0.002656,172.217.194.0-255,1484,194505,34,260298
14223,0.002681,172.217.194.0-255,7156,201661,34,260298
14224,0.002683,172.31.33.0-255,66,201727,34,260298
14225,0.002687,172.217.194.0-255,2902,204629,34,260298
14226,0.002689,172.31.33.0-255,66,204695,34,260298
14227,0.002708,172.217.194.0-255,2902,207597,34,260298
14228,0.002711,172.31.33.0-255,66,207663,34,260298
14229,0.002713,172.217.194.0-255,1484,209147,34,260298
14230,0.002749,172.217.194.0-255,5738,214885,34,260298
14231,0.002751,172.31.33.0-255,66,214951,34,260298
14232,0.002765,172.217.194.0-255,5020,219971,34,260298
14233,0.002768,172.31.33.0-255,66,220037,34,260298
14234,0.00289,172.217.194.0-255,1484,221521,34,260298
14235,0.002909,172.217.194.0-255,2902,224423,34,260298
14236,0.002911,172.31.33.0-255,66,224489,34,260298
14237,0.002934,172.217.194.0-255,5738,230227,34,260298
14238,0.002936,172.31.33.0-255,66,230293,34,260298
14239,0.002962,172.31.33.0-255,66,230359,34,260298
14240,0.002997,172.31.33.0-255,66,230425,34,260298
14241,0.002999,172.217.194.0-255,766,231191,34,260298
14242,0.00308,172.217.194.0-255,1484,232675,34,260298
14243,0.003082,172.31.33.0-255,66,232741,34,260298
14244,0.00309,172.217.194.0-255,1484,234225,34,260298
14245,0.003099,172.217.194.0-255,1484,235709,34,260298
14246,0.003101,172.31.33.0-255,66,235775,34,260298
14247,0.003106,172.217.194.0-255,5738,241513,34,260298
14248,0.003107,172.31.33.0-255,66,241579,34,260298
14249,0.003123,172.217.194.0-255,1484,243063,34,260298
14250,0.003174,172.31.33.0-255,66,243129,34,260298
14251,0.003191,172.217.194.0-255,1484,244613,34,260298
14252,0.003201,172.31.33.0-255,66,244679,34,260298
14253,0.003206,172.217.194.0-255,5738,250417,34,260298
14254,0.003207,172.31.33.0-255,66,250483,34,260298
14255,0.003211,172.217.194.0-255,4320,254803,34,260298
14256,0.003213,172.31.33.0-255,66,254869,34,260298
14257,0.003215,172.217.194.0-255,1484,256353,34,260298
14258,0.003251,172.31.33.0-255,66,256419,34,260298
14259,0.003268,172.217.194.0-255,2902,259321,34,260298
14260,0.00327,172.31.33.0-255,66,259387,34,260298
14261,0.003272,172.217.194.0-255,806,260193,34,260298
14262,0.003311,172.217.194.0-255,105,260298,34,260298
14263,0.0,74.125.200.0-255,145,145,34,322538
14264,2.1e-05,172.31.33.0-255,66,211,34,322538
14265,2.8e-05,74.125.200.0-255,1484,1695,34,322538
14266,3.3e-05,172.31.33.0-255,66,1761,34,322538
14267,4.6e-05,74.125.200.0-255,2902,4663,34,322538
14268,4.9e-05,172.31.33.0-255,66,4729,34,322538
14269,5.5e-05,74.125.200.0-255,5738,10467,34,322538
14270,5.7e-05,172.31.33.0-255,66,10533,34,322538
14271,6e-05,74.125.200.0-255,1484,12017,34,322538
14272,6.3e-05,172.31.33.0-255,66,12083,34,322538
14273,6.7e-05,74.125.200.0-255,2126,14209,34,322538
14274,6.9e-05,172.31.33.0-255,66,14275,34,322538
14275,7.2e-05,74.125.200.0-255,1484,15759,34,322538
14276,7.4e-05,172.31.33.0-255,66,15825,34,322538
14277,7.8e-05,74.125.200.0-255,2902,18727,34,322538
14278,8e-05,74.125.200.0-255,1484,20211,34,322538
14279,8.2e-05,172.31.33.0-255,66,20277,34,322538
14280,8.3e-05,74.125.200.0-255,2902,23179,34,322538
14281,8.5e-05,172.31.33.0-255,66,23245,34,322538
14282,8.9e-05,172.31.33.0-255,66,23311,34,322538
14283,0.00015,74.125.200.0-255,5738,29049,34,322538
14284,0.000154,172.31.33.0-255,66,29115,34,322538
14285,0.000159,74.125.200.0-255,2543,31658,34,322538
14286,0.000161,172.31.33.0-255,66,31724,34,322538
14287,0.000165,74.125.200.0-255,2902,34626,34,322538
14288,0.000168,172.31.33.0-255,66,34692,34,322538
14289,0.000176,74.125.200.0-255,7156,41848,34,322538
14290,0.000178,172.31.33.0-255,66,41914,34,322538
14291,0.000182,74.125.200.0-255,2902,44816,34,322538
14292,0.000185,172.31.33.0-255,66,44882,34,322538
14293,0.000209,74.125.200.0-255,2902,47784,34,322538
14294,0.000212,172.31.33.0-255,66,47850,34,322538
14295,0.000218,74.125.200.0-255,7156,55006,34,322538
14296,0.00022,172.31.33.0-255,66,55072,34,322538
14297,0.000259,172.31.33.0-255,66,55138,34,322538
14298,0.000262,74.125.200.0-255,442,55580,34,322538
14299,0.00038,74.125.200.0-255,1484,57064,34,322538
14300,0.000385,172.31.33.0-255,66,57130,34,322538
14301,0.000389,74.125.200.0-255,1484,58614,34,322538
14302,0.000413,74.125.200.0-255,1484,60098,34,322538
14303,0.000416,172.31.33.0-255,66,60164,34,322538
14304,0.000423,74.125.200.0-255,5738,65902,34,322538
14305,0.000427,172.31.33.0-255,66,65968,34,322538
14306,0.000455,74.125.200.0-255,5738,71706,34,322538
14307,0.00046,172.31.33.0-255,66,71772,34,322538
14308,0.000461,74.125.200.0-255,7156,78928,34,322538
14309,0.000464,172.31.33.0-255,66,78994,34,322538
14310,0.000492,74.125.200.0-255,5738,84732,34,322538
14311,0.000496,172.31.33.0-255,66,84798,34,322538
14312,0.000529,74.125.200.0-255,5020,89818,34,322538
14313,0.000532,172.31.33.0-255,66,89884,34,322538
14314,0.000535,74.125.200.0-255,332,90216,34,322538
14315,0.00066,74.125.200.0-255,1484,91700,34,322538
14316,0.000664,172.31.33.0-255,66,91766,34,322538
14317,0.000689,74.125.200.0-255,2902,94668,34,322538
14318,0.000693,172.31.33.0-255,66,94734,34,322538
14319,0.000697,74.125.200.0-255,2902,97636,34,322538
14320,0.000699,172.31.33.0-255,66,97702,34,322538
14321,0.000714,74.125.200.0-255,1484,99186,34,322538
14322,0.000732,74.125.200.0-255,2902,102088,34,322538
14323,0.000734,172.31.33.0-255,66,102154,34,322538
14324,0.000757,74.125.200.0-255,4320,106474,34,322538
14325,0.000759,172.31.33.0-255,66,106540,34,322538
14326,0.000785,74.125.200.0-255,5738,112278,34,322538
14327,0.000787,172.31.33.0-255,66,112344,34,322538
14328,0.000814,74.125.200.0-255,2902,115246,34,322538
14329,0.000817,172.31.33.0-255,66,115312,34,322538
14330,0.000821,74.125.200.0-255,2902,118214,34,322538
14331,0.000822,172.31.33.0-255,66,118280,34,322538
14332,0.000827,74.125.200.0-255,4320,122600,34,322538
14333,0.000831,172.31.33.0-255,66,122666,34,322538
14334,0.000858,74.125.200.0-255,2184,124850,34,322538
14335,0.000861,172.31.33.0-255,66,124916,34,322538
14336,0.000885,74.125.200.0-255,1484,126400,34,322538
14337,0.000899,74.125.200.0-255,2902,129302,34,322538
14338,0.000901,172.31.33.0-255,66,129368,34,322538
14339,0.000926,74.125.200.0-255,5738,135106,34,322538
14340,0.000928,172.31.33.0-255,66,135172,34,322538
14341,0.000951,74.125.200.0-255,4320,139492,34,322538
14342,0.000954,172.31.33.0-255,66,139558,34,322538
14343,0.00096,74.125.200.0-255,5738,145296,34,322538
14344,0.000961,172.31.33.0-255,66,145362,34,322538
14345,0.00097,74.125.200.0-255,4320,149682,34,322538
14346,0.000973,172.31.33.0-255,66,149748,34,322538
14347,0.001005,74.125.200.0-255,7156,156904,34,322538
14348,0.001008,172.31.33.0-255,66,156970,34,322538
14349,0.001012,74.125.200.0-255,2184,159154,34,322538
14350,0.001014,172.31.33.0-255,66,159220,34,322538
14351,0.001267,74.125.200.0-255,1484,160704,34,322538
14352,0.001281,74.125.200.0-255,2902,163606,34,322538
14353,0.001285,172.31.33.0-255,66,163672,34,322538
14354,0.00131,74.125.200.0-255,2902,166574,34,322538
14355,0.001313,172.31.33.0-255,66,166640,34,322538
14356,0.001317,74.125.200.0-255,4320,170960,34,322538
14357,0.001319,74.125.200.0-255,1484,172444,34,322538
14358,0.00132,172.31.33.0-255,66,172510,34,322538
14359,0.001348,74.125.200.0-255,7156,179666,34,322538
14360,0.001351,172.31.33.0-255,66,179732,34,322538
14361,0.001356,74.125.200.0-255,5738,185470,34,322538
14362,0.001358,172.31.33.0-255,66,185536,34,322538
14363,0.001367,74.125.200.0-255,4320,189856,34,322538
14364,0.001369,172.31.33.0-255,66,189922,34,322538
14365,0.001394,74.125.200.0-255,2902,192824,34,322538
14366,0.001397,172.31.33.0-255,66,192890,34,322538
14367,0.001399,74.125.200.0-255,766,193656,34,322538
14368,0.001438,74.125.200.0-255,1484,195140,34,322538
14369,0.001441,172.31.33.0-255,66,195206,34,322538
14370,0.001444,74.125.200.0-255,1484,196690,34,322538
14371,0.001483,74.125.200.0-255,1484,198174,34,322538
14372,0.001486,172.31.33.0-255,66,198240,34,322538
14373,0.00151,74.125.200.0-255,1484,199724,34,322538
14374,0.001515,74.125.200.0-255,5738,205462,34,322538
14375,0.001518,172.31.33.0-255,66,205528,34,322538
14376,0.001528,172.31.33.0-255,66,205594,34,322538
14377,0.001541,172.31.33.0-255,66,205660,34,322538
14378,0.001543,74.125.200.0-255,766,206426,34,322538
14379,0.00178,74.125.200.0-255,1484,207910,34,322538
14380,0.001784,172.31.33.0-255,66,207976,34,322538
14381,0.001789,74.125.200.0-255,2902,210878,34,322538
14382,0.001791,172.31.33.0-255,66,210944,34,322538
14383,0.001793,74.125.200.0-255,1484,212428,34,322538
14384,0.001809,74.125.200.0-255,2902,215330,34,322538
14385,0.001814,172.31.33.0-255,66,215396,34,322538
14386,0.001832,74.125.200.0-255,2902,218298,34,322538
14387,0.001834,172.31.33.0-255,66,218364,34,322538
14388,0.001863,74.125.200.0-255,2902,221266,34,322538
14389,0.001866,172.31.33.0-255,66,221332,34,322538
14390,0.001874,74.125.200.0-255,7156,228488,34,322538
14391,0.001875,172.31.33.0-255,66,228554,34,322538
14392,0.001897,74.125.200.0-255,4320,232874,34,322538
14393,0.001901,172.31.33.0-255,66,232940,34,322538
14394,0.001907,74.125.200.0-255,7156,240096,34,322538
14395,0.001909,172.31.33.0-255,66,240162,34,322538
14396,0.001934,74.125.200.0-255,766,240928,34,322538
14397,0.002015,74.125.200.0-255,1484,242412,34,322538
14398,0.002018,172.31.33.0-255,66,242478,34,322538
14399,0.002021,74.125.200.0-255,1484,243962,34,322538
14400,0.00204,74.125.200.0-255,1484,245446,34,322538
14401,0.002042,172.31.33.0-255,66,245512,34,322538
14402,0.002048,74.125.200.0-255,5738,251250,34,322538
14403,0.00205,172.31.33.0-255,66,251316,34,322538
14404,0.002053,74.125.200.0-255,2902,254218,34,322538
14405,0.002054,172.31.33.0-255,66,254284,34,322538
14406,0.002085,74.125.200.0-255,7156,261440,34,322538
14407,0.002087,172.31.33.0-255,66,261506,34,322538
14408,0.00211,74.125.200.0-255,2902,264408,34,322538
14409,0.002113,172.31.33.0-255,66,264474,34,322538
14410,0.002121,172.31.33.0-255,66,264540,34,322538
14411,0.002158,172.31.33.0-255,66,264606,34,322538
14412,0.00216,74.125.200.0-255,1484,266090,34,322538
14413,0.002182,74.125.200.0-255,2902,268992,34,322538
14414,0.002184,172.31.33.0-255,66,269058,34,322538
14415,0.002189,74.125.200.0-255,5738,274796,34,322538
14416,0.002191,172.31.33.0-255,66,274862,34,322538
14417,0.002225,172.31.33.0-255,66,274928,34,322538
14418,0.002229,74.125.200.0-255,4320,279248,34,322538
14419,0.002232,172.31.33.0-255,66,279314,34,322538
14420,0.002279,172.31.33.0-255,66,279380,34,322538
14421,0.002286,74.125.200.0-255,5738,285118,34,322538
14422,0.002288,172.31.33.0-255,66,285184,34,322538
14423,0.002308,74.125.200.0-255,2902,288086,34,322538
14424,0.002311,172.31.33.0-255,66,288152,34,322538
14425,0.002316,74.125.200.0-255,2902,291054,34,322538
14426,0.002318,172.31.33.0-255,66,291120,34,322538
14427,0.002357,172.31.33.0-255,66,291186,34,322538
14428,0.002359,74.125.200.0-255,1484,292670,34,322538
14429,0.002363,74.125.200.0-255,2902,295572,34,322538
14430,0.002365,172.31.33.0-255,66,295638,34,322538
14431,0.002367,74.125.200.0-255,766,296404,34,322538
14432,0.002393,74.125.200.0-255,1484,297888,34,322538
14433,0.002395,172.31.33.0-255,66,297954,34,322538
14434,0.002418,74.125.200.0-255,2902,300856,34,322538
14435,0.002419,172.31.33.0-255,66,300922,34,322538
14436,0.002424,74.125.200.0-255,4320,305242,34,322538
14437,0.002425,172.31.33.0-255,66,305308,34,322538
14438,0.00245,74.125.200.0-255,4320,309628,34,322538
14439,0.002452,172.31.33.0-255,66,309694,34,322538
14440,0.002473,74.125.200.0-255,2902,312596,34,322538
14441,0.002475,172.31.33.0-255,66,312662,34,322538
14442,0.002477,74.125.200.0-255,1484,314146,34,322538
14443,0.00248,74.125.200.0-255,1484,315630,34,322538
14444,0.002481,172.31.33.0-255,66,315696,34,322538
14445,0.002483,74.125.200.0-255,1484,317180,34,322538
14446,0.002538,74.125.200.0-255,5016,322196,34,322538
14447,0.00254,172.31.33.0-255,66,322262,34,322538
14448,0.002578,74.125.200.0-255,105,322367,34,322538
14449,0.008977,172.31.33.0-255,66,322433,34,322538
14450,0.009002,172.31.33.0-255,105,322538,34,322538
14451,0.0,74.125.24.0-255,153,153,34,219305
14452,2.4e-05,172.31.33.0-255,66,219,34,219305
14453,3e-05,74.125.24.0-255,1484,1703,34,219305
14454,3.4e-05,172.31.33.0-255,66,1769,34,219305
14455,3.9e-05,74.125.24.0-255,2902,4671,34,219305
14456,4.7e-05,172.31.33.0-255,66,4737,34,219305
14457,5.3e-05,74.125.24.0-255,4320,9057,34,219305
14458,5.5e-05,172.31.33.0-255,66,9123,34,219305
14459,8.2e-05,74.125.24.0-255,2902,12025,34,219305
14460,8.5e-05,172.31.33.0-255,66,12091,34,219305
14461,9.6e-05,172.31.33.0-255,66,12157,34,219305
14462,0.0001,74.125.24.0-255,2902,15059,34,219305
14463,0.000102,172.31.33.0-255,66,15125,34,219305
14464,0.000142,172.31.33.0-255,66,15191,34,219305
14465,0.000191,74.125.24.0-255,1484,16675,34,219305
14466,0.000194,172.31.33.0-255,66,16741,34,219305
14467,0.00021,74.125.24.0-255,2902,19643,34,219305
14468,0.000213,172.31.33.0-255,66,19709,34,219305
14469,0.000218,74.125.24.0-255,5738,25447,34,219305
14470,0.00022,172.31.33.0-255,66,25513,34,219305
14471,0.000244,74.125.24.0-255,4320,29833,34,219305
14472,0.000248,172.31.33.0-255,66,29899,34,219305
14473,0.000284,172.31.33.0-255,66,29965,34,219305
14474,0.000294,172.31.33.0-255,66,30031,34,219305
14475,0.000296,74.125.24.0-255,1399,31430,34,219305
14476,0.0003,172.31.33.0-255,66,31496,34,219305
14477,0.00035,74.125.24.0-255,131,31627,34,219305
14478,0.000353,172.31.33.0-255,66,31693,34,219305
14479,0.000373,74.125.24.0-255,349,32042,34,219305
14480,0.000523,74.125.24.0-255,1484,33526,34,219305
14481,0.00053,172.31.33.0-255,66,33592,34,219305
14482,0.000535,74.125.24.0-255,1484,35076,34,219305
14483,0.000552,74.125.24.0-255,1484,36560,34,219305
14484,0.000558,74.125.24.0-255,5738,42298,34,219305
14485,0.000561,172.31.33.0-255,66,42364,34,219305
14486,0.000562,74.125.24.0-255,2902,45266,34,219305
14487,0.000566,172.31.33.0-255,66,45332,34,219305
14488,0.000578,74.125.24.0-255,1484,46816,34,219305
14489,0.00058,74.125.24.0-255,1484,48300,34,219305
14490,0.000589,172.31.33.0-255,66,48366,34,219305
14491,0.000611,172.31.33.0-255,66,48432,34,219305
14492,0.000649,172.31.33.0-255,66,48498,34,219305
14493,0.000749,74.125.24.0-255,1484,49982,34,219305
14494,0.000761,74.125.24.0-255,2902,52884,34,219305
14495,0.000764,172.31.33.0-255,66,52950,34,219305
14496,0.000769,74.125.24.0-255,4320,57270,34,219305
14497,0.000775,172.31.33.0-255,66,57336,34,219305
14498,0.000787,74.125.24.0-255,1484,58820,34,219305
14499,0.000797,74.125.24.0-255,7156,65976,34,219305
14500,0.0008,74.125.24.0-255,1484,67460,34,219305
14501,0.000803,172.31.33.0-255,66,67526,34,219305
14502,0.000825,74.125.24.0-255,2184,69710,34,219305
14503,0.000828,172.31.33.0-255,66,69776,34,219305
14504,0.000904,74.125.24.0-255,1484,71260,34,219305
14505,0.000921,74.125.24.0-255,2902,74162,34,219305
14506,0.000924,74.125.24.0-255,1484,75646,34,219305
14507,0.000925,172.31.33.0-255,66,75712,34,219305
14508,0.000947,74.125.24.0-255,4320,80032,34,219305
14509,0.000964,172.31.33.0-255,66,80098,34,219305
14510,0.000994,172.31.33.0-255,66,80164,34,219305
14511,0.001005,74.125.24.0-255,4320,84484,34,219305
14512,0.001011,172.31.33.0-255,66,84550,34,219305
14513,0.001049,172.31.33.0-255,66,84616,34,219305
14514,0.001076,74.125.24.0-255,2902,87518,34,219305
14515,0.001086,172.31.33.0-255,66,87584,34,219305
14516,0.001112,74.125.24.0-255,4320,91904,34,219305
14517,0.001116,172.31.33.0-255,66,91970,34,219305
14518,0.001147,74.125.24.0-255,7156,99126,34,219305
14519,0.001151,172.31.33.0-255,66,99192,34,219305
14520,0.001172,74.125.24.0-255,1484,100676,34,219305
14521,0.001182,172.31.33.0-255,66,100742,34,219305
14522,0.001223,172.31.33.0-255,66,100808,34,219305
14523,0.001256,74.125.24.0-255,1484,102292,34,219305
14524,0.001259,74.125.24.0-255,1484,103776,34,219305
14525,0.001262,172.31.33.0-255,66,103842,34,219305
14526,0.001284,74.125.24.0-255,1484,105326,34,219305
14527,0.00129,74.125.24.0-255,5738,111064,34,219305
14528,0.001294,74.125.24.0-255,2902,113966,34,219305
14529,0.001301,172.31.33.0-255,66,114032,34,219305
14530,0.001318,172.31.33.0-255,66,114098,34,219305
14531,0.001354,74.125.24.0-255,5738,119836,34,219305
14532,0.001358,172.31.33.0-255,66,119902,34,219305
14533,0.001384,74.125.24.0-255,5020,124922,34,219305
14534,0.001388,172.31.33.0-255,66,124988,34,219305
14535,0.001415,74.125.24.0-255,1484,126472,34,219305
14536,0.001435,74.125.24.0-255,2902,129374,34,219305
14537,0.001438,74.125.24.0-255,1484,130858,34,219305
14538,0.001451,172.31.33.0-255,66,130924,34,219305
14539,0.001452,74.125.24.0-255,4320,135244,34,219305
14540,0.001456,172.31.33.0-255,66,135310,34,219305
14541,0.001492,172.31.33.0-255,66,135376,34,219305
14542,0.001518,74.125.24.0-255,2902,138278,34,219305
14543,0.001522,172.31.33.0-255,66,138344,34,219305
14544,0.001533,172.31.33.0-255,66,138410,34,219305
14545,0.001634,74.125.24.0-255,1484,139894,34,219305
14546,0.001647,74.125.24.0-255,2902,142796,34,219305
14547,0.00165,172.31.33.0-255,66,142862,34,219305
14548,0.001678,74.125.24.0-255,5738,148600,34,219305
14549,0.001682,74.125.24.0-255,2902,151502,34,219305
14550,0.001682,172.31.33.0-255,66,151568,34,219305
14551,0.001686,172.31.33.0-255,66,151634,34,219305
14552,0.0017,74.125.24.0-255,2902,154536,34,219305
14553,0.001707,172.31.33.0-255,66,154602,34,219305
14554,0.001722,74.125.24.0-255,7156,161758,34,219305
14555,0.001726,74.125.24.0-255,2902,164660,34,219305
14556,0.001726,172.31.33.0-255,66,164726,34,219305
14557,0.00173,172.31.33.0-255,66,164792,34,219305
14558,0.001768,172.31.33.0-255,66,164858,34,219305
14559,0.002143,74.125.24.0-255,1484,166342,34,219305
14560,0.002158,74.125.24.0-255,2902,169244,34,219305
14561,0.002161,172.31.33.0-255,66,169310,34,219305
14562,0.002166,74.125.24.0-255,4320,173630,34,219305
14563,0.002175,172.31.33.0-255,66,173696,34,219305
14564,0.002185,74.125.24.0-255,1484,175180,34,219305
14565,0.002191,74.125.24.0-255,5738,180918,34,219305
14566,0.002194,172.31.33.0-255,66,180984,34,219305
14567,0.002227,172.31.33.0-255,66,181050,34,219305
14568,0.002241,74.125.24.0-255,2902,183952,34,219305
14569,0.002247,74.125.24.0-255,5020,188972,34,219305
14570,0.002248,172.31.33.0-255,66,189038,34,219305
14571,0.002252,172.31.33.0-255,66,189104,34,219305
14572,0.002788,74.125.24.0-255,1484,190588,34,219305
14573,0.002796,74.125.24.0-255,2902,193490,34,219305
14574,0.0028,172.31.33.0-255,66,193556,34,219305
14575,0.002805,74.125.24.0-255,4320,197876,34,219305
14576,0.002826,74.125.24.0-255,1484,199360,34,219305
14577,0.002851,74.125.24.0-255,4320,203680,34,219305
14578,0.002857,74.125.24.0-255,7156,210836,34,219305
14579,0.002861,74.125.24.0-255,3602,214438,34,219305
14580,0.002928,74.125.24.0-255,4762,219200,34,219305
14581,0.002949,74.125.24.0-255,105,219305,34,219305
14582,0.0,74.125.24.0-255,153,153,34,150060
14583,2.3e-05,172.31.33.0-255,66,219,34,150060
14584,4.5e-05,74.125.24.0-255,1484,1703,34,150060
14585,4.9e-05,172.31.33.0-255,66,1769,34,150060
14586,5.2e-05,74.125.24.0-255,1484,3253,34,150060
14587,5.5e-05,172.31.33.0-255,66,3319,34,150060
14588,6.9e-05,74.125.24.0-255,1484,4803,34,150060
14589,7.1e-05,172.31.33.0-255,66,4869,34,150060
14590,7.7e-05,74.125.24.0-255,4320,9189,34,150060
14591,7.9e-05,172.31.33.0-255,66,9255,34,150060
14592,0.000133,74.125.24.0-255,4828,14083,34,150060
14593,0.000136,172.31.33.0-255,66,14149,34,150060
14594,0.001032,74.125.24.0-255,1484,15633,34,150060
14595,0.001037,172.31.33.0-255,66,15699,34,150060
14596,0.001046,74.125.24.0-255,2902,18601,34,150060
14597,0.001048,172.31.33.0-255,66,18667,34,150060
14598,0.001054,74.125.24.0-255,5738,24405,34,150060
14599,0.001057,172.31.33.0-255,66,24471,34,150060
14600,0.001097,74.125.24.0-255,4320,28791,34,150060
14601,0.0011,172.31.33.0-255,66,28857,34,150060
14602,0.001112,74.125.24.0-255,2543,31400,34,150060
14603,0.001114,172.31.33.0-255,66,31466,34,150060
14604,0.001117,74.125.24.0-255,1484,32950,34,150060
14605,0.001118,172.31.33.0-255,66,33016,34,150060
14606,0.001146,74.125.24.0-255,5738,38754,34,150060
14607,0.001148,172.31.33.0-255,66,38820,34,150060
14608,0.001158,172.31.33.0-255,66,38886,34,150060
14609,0.002585,74.125.24.0-255,1484,40370,34,150060
14610,0.002591,172.31.33.0-255,66,40436,34,150060
14611,0.002599,74.125.24.0-255,2902,43338,34,150060
14612,0.002601,172.31.33.0-255,66,43404,34,150060
14613,0.002605,74.125.24.0-255,2902,46306,34,150060
14614,0.002607,172.31.33.0-255,66,46372,34,150060
14615,0.002628,74.125.24.0-255,2902,49274,34,150060
14616,0.002631,172.31.33.0-255,66,49340,34,150060
14617,0.002658,172.31.33.0-255,66,49406,34,150060
14618,0.002681,74.125.24.0-255,1125,50531,34,150060
14619,0.002692,172.31.33.0-255,66,50597,34,150060
14620,0.002711,74.125.24.0-255,4320,54917,34,150060
14621,0.002713,172.31.33.0-255,66,54983,34,150060
14622,0.002751,172.31.33.0-255,66,55049,34,150060
14623,0.002753,74.125.24.0-255,645,55694,34,150060
14624,0.003434,74.125.24.0-255,1484,57178,34,150060
14625,0.003439,172.31.33.0-255,66,57244,34,150060
14626,0.003467,74.125.24.0-255,1484,58728,34,150060
14627,0.003479,74.125.24.0-255,1484,60212,34,150060
14628,0.003482,172.31.33.0-255,66,60278,34,150060
14629,0.003495,74.125.24.0-255,1484,61762,34,150060
14630,0.003507,74.125.24.0-255,4320,66082,34,150060
14631,0.00351,172.31.33.0-255,66,66148,34,150060
14632,0.003523,74.125.24.0-255,1484,67632,34,150060
14633,0.003528,74.125.24.0-255,4320,71952,34,150060
14634,0.00353,172.31.33.0-255,66,72018,34,150060
14635,0.003543,74.125.24.0-255,1484,73502,34,150060
14636,0.003568,172.31.33.0-255,66,73568,34,150060
14637,0.003572,74.125.24.0-255,2902,76470,34,150060
14638,0.003574,172.31.33.0-255,66,76536,34,150060
14639,0.003632,74.125.24.0-255,3602,80138,34,150060
14640,0.003636,172.31.33.0-255,66,80204,34,150060
14641,0.003725,74.125.24.0-255,1484,81688,34,150060
14642,0.003731,74.125.24.0-255,2902,84590,34,150060
14643,0.003734,172.31.33.0-255,66,84656,34,150060
14644,0.003737,74.125.24.0-255,1484,86140,34,150060
14645,0.003756,74.125.24.0-255,4320,90460,34,150060
14646,0.003759,172.31.33.0-255,66,90526,34,150060
14647,0.003763,74.125.24.0-255,2902,93428,34,150060
14648,0.003765,172.31.33.0-255,66,93494,34,150060
14649,0.003784,74.125.24.0-255,7156,100650,34,150060
14650,0.003787,172.31.33.0-255,66,100716,34,150060
14651,0.003823,172.31.33.0-255,66,100782,34,150060
14652,0.003828,74.125.24.0-255,2184,102966,34,150060
14653,0.003829,172.31.33.0-255,66,103032,34,150060
14654,0.003978,74.125.24.0-255,1484,104516,34,150060
14655,0.003993,74.125.24.0-255,2902,107418,34,150060
14656,0.003998,172.31.33.0-255,66,107484,34,150060
14657,0.004001,74.125.24.0-255,1484,108968,34,150060
14658,0.004019,74.125.24.0-255,4320,113288,34,150060
14659,0.004022,172.31.33.0-255,66,113354,34,150060
14660,0.004025,74.125.24.0-255,1484,114838,34,150060
14661,0.004048,172.31.33.0-255,66,114904,34,150060
14662,0.004089,74.125.24.0-255,2902,117806,34,150060
14663,0.004093,172.31.33.0-255,66,117872,34,150060
14664,0.00412,172.31.33.0-255,66,117938,34,150060
14665,0.004176,74.125.24.0-255,1484,119422,34,150060
14666,0.004181,74.125.24.0-255,2902,122324,34,150060
14667,0.004183,172.31.33.0-255,66,122390,34,150060
14668,0.004202,74.125.24.0-255,5738,128128,34,150060
14669,0.004204,172.31.33.0-255,66,128194,34,150060
14670,0.004229,74.125.24.0-255,1484,129678,34,150060
14671,0.004261,172.31.33.0-255,66,129744,34,150060
14672,0.004267,74.125.24.0-255,5738,135482,34,150060
14673,0.004269,172.31.33.0-255,66,135548,34,150060
14674,0.004299,172.31.33.0-255,66,135614,34,150060
14675,0.004316,172.31.33.0-255,66,135680,34,150060
14676,0.004332,74.125.24.0-255,1484,137164,34,150060
14677,0.00436,172.31.33.0-255,66,137230,34,150060
14678,0.004385,74.125.24.0-255,5020,142250,34,150060
14679,0.004388,172.31.33.0-255,66,142316,34,150060
14680,0.004408,172.31.33.0-255,66,142382,34,150060
14681,0.004412,74.125.24.0-255,3602,145984,34,150060
14682,0.004414,172.31.33.0-255,66,146050,34,150060
14683,0.004438,74.125.24.0-255,1484,147534,34,150060
14684,0.004491,172.31.33.0-255,66,147600,34,150060
14685,0.004525,172.31.33.0-255,66,147666,34,150060
14686,0.004546,172.31.33.0-255,66,147732,34,150060
14687,0.004556,172.31.33.0-255,66,147798,34,150060
14688,0.004595,172.31.33.0-255,66,147864,34,150060
14689,0.004607,172.31.33.0-255,66,147930,34,150060
14690,0.004627,74.125.24.0-255,1722,149652,34,150060
14691,0.004629,172.31.33.0-255,66,149718,34,150060
14692,0.004632,74.125.24.0-255,105,149823,34,150060
14693,0.007119,172.31.33.0-255,66,149889,34,150060
14694,0.007171,172.31.33.0-255,105,149994,34,150060
14695,0.009494,74.125.24.0-255,66,150060,34,150060
14696,0.0,74.125.200.0-255,153,153,34,309968
14697,2.5e-05,172.31.33.0-255,66,219,34,309968
14698,3.1e-05,74.125.200.0-255,1484,1703,34,309968
14699,3.5e-05,172.31.33.0-255,66,1769,34,309968
14700,6e-05,74.125.200.0-255,2902,4671,34,309968
14701,6.6e-05,172.31.33.0-255,66,4737,34,309968
14702,7.2e-05,74.125.200.0-255,5738,10475,34,309968
14703,7.6e-05,172.31.33.0-255,66,10541,34,309968
14704,9.7e-05,74.125.200.0-255,3474,14015,34,309968
14705,9.9e-05,172.31.33.0-255,66,14081,34,309968
14706,0.000125,74.125.200.0-255,1484,15565,34,309968
14707,0.000128,172.31.33.0-255,66,15631,34,309968
14708,0.000132,74.125.200.0-255,2902,18533,34,309968
14709,0.000134,172.31.33.0-255,66,18599,34,309968
14710,0.000158,74.125.200.0-255,5738,24337,34,309968
14711,0.000161,172.31.33.0-255,66,24403,34,309968
14712,0.000184,74.125.200.0-255,6797,31200,34,309968
14713,0.000187,172.31.33.0-255,66,31266,34,309968
14714,0.000264,74.125.200.0-255,1484,32750,34,309968
14715,0.000267,74.125.200.0-255,1484,34234,34,309968
14716,0.000268,172.31.33.0-255,66,34300,34,309968
14717,0.000272,172.31.33.0-255,66,34366,34,309968
14718,0.00029,74.125.200.0-255,1484,35850,34,309968
14719,0.000292,172.31.33.0-255,66,35916,34,309968
14720,0.000302,74.125.200.0-255,4320,40236,34,309968
14721,0.000304,172.31.33.0-255,66,40302,34,309968
14722,0.000341,172.31.33.0-255,66,40368,34,309968
14723,0.000345,74.125.200.0-255,4320,44688,34,309968
14724,0.000347,172.31.33.0-255,66,44754,34,309968
14725,0.00039,74.125.200.0-255,5738,50492,34,309968
14726,0.000393,172.31.33.0-255,66,50558,34,309968
14727,0.000412,74.125.200.0-255,5735,56293,34,309968
14728,0.000415,172.31.33.0-255,66,56359,34,309968
14729,0.000417,74.125.200.0-255,331,56690,34,309968
14730,0.000674,74.125.200.0-255,1484,58174,34,309968
14731,0.000678,172.31.33.0-255,66,58240,34,309968
14732,0.000683,74.125.200.0-255,2902,61142,34,309968
14733,0.000685,172.31.33.0-255,66,61208,34,309968
14734,0.000713,74.125.200.0-255,4320,65528,34,309968
14735,0.000716,172.31.33.0-255,66,65594,34,309968
14736,0.000723,74.125.200.0-255,7156,72750,34,309968
14737,0.000725,172.31.33.0-255,66,72816,34,309968
14738,0.000741,74.125.200.0-255,1484,74300,34,309968
14739,0.000744,74.125.200.0-255,1484,75784,34,309968
14740,0.000747,172.31.33.0-255,66,75850,34,309968
14741,0.000766,74.125.200.0-255,7156,83006,34,309968
14742,0.000769,172.31.33.0-255,66,83072,34,309968
14743,0.000814,172.31.33.0-255,66,83138,34,309968
14744,0.000991,74.125.200.0-255,1484,84622,34,309968
14745,0.000997,74.125.200.0-255,2902,87524,34,309968
14746,0.001,172.31.33.0-255,66,87590,34,309968
14747,0.001026,74.125.200.0-255,5738,93328,34,309968
14748,0.001028,172.31.33.0-255,66,93394,34,309968
14749,0.001053,74.125.200.0-255,5738,99132,34,309968
14750,0.001056,172.31.33.0-255,66,99198,34,309968
14751,0.001079,74.125.200.0-255,5738,104936,34,309968
14752,0.001083,172.31.33.0-255,66,105002,34,309968
14753,0.001088,74.125.200.0-255,5738,110740,34,309968
14754,0.001089,172.31.33.0-255,66,110806,34,309968
14755,0.001111,74.125.200.0-255,6438,117244,34,309968
14756,0.001118,172.31.33.0-255,66,117310,34,309968
14757,0.001384,74.125.200.0-255,1484,118794,34,309968
14758,0.001389,74.125.200.0-255,1484,120278,34,309968
14759,0.001392,172.31.33.0-255,66,120344,34,309968
14760,0.001401,74.125.200.0-255,1484,121828,34,309968
14761,0.00141,74.125.200.0-255,5738,127566,34,309968
14762,0.001412,172.31.33.0-255,66,127632,34,309968
14763,0.001433,74.125.200.0-255,1484,129116,34,309968
14764,0.001463,172.31.33.0-255,66,129182,34,309968
14765,0.001468,74.125.200.0-255,5738,134920,34,309968
14766,0.00147,172.31.33.0-255,66,134986,34,309968
14767,0.001527,74.125.200.0-255,5020,140006,34,309968
14768,0.001529,172.31.33.0-255,66,140072,34,309968
14769,0.001534,74.125.200.0-255,5738,145810,34,309968
14770,0.001535,172.31.33.0-255,66,145876,34,309968
14771,0.001578,172.31.33.0-255,66,145942,34,309968
14772,0.001592,172.31.33.0-255,66,146008,34,309968
14773,0.001599,74.125.200.0-255,1484,147492,34,309968
14774,0.001626,74.125.200.0-255,7156,154648,34,309968
14775,0.001629,172.31.33.0-255,66,154714,34,309968
14776,0.001632,74.125.200.0-255,766,155480,34,309968
14777,0.001714,74.125.200.0-255,1484,156964,34,309968
14778,0.001716,172.31.33.0-255,66,157030,34,309968
14779,0.001741,74.125.200.0-255,2902,159932,34,309968
14780,0.001743,172.31.33.0-255,66,159998,34,309968
14781,0.001746,74.125.200.0-255,1484,161482,34,309968
14782,0.001766,74.125.200.0-255,2902,164384,34,309968
14783,0.001768,172.31.33.0-255,66,164450,34,309968
14784,0.001773,74.125.200.0-255,5738,170188,34,309968
14785,0.001775,172.31.33.0-255,66,170254,34,309968
14786,0.00179,74.125.200.0-255,1484,171738,34,309968
14787,0.001822,172.31.33.0-255,66,171804,34,309968
14788,0.001827,74.125.200.0-255,4320,176124,34,309968
14789,0.001829,172.31.33.0-255,66,176190,34,309968
14790,0.001855,74.125.200.0-255,3602,179792,34,309968
14791,0.001857,172.31.33.0-255,66,179858,34,309968
14792,0.001884,74.125.200.0-255,4320,184178,34,309968
14793,0.001886,172.31.33.0-255,66,184244,34,309968
14794,0.001909,74.125.200.0-255,5738,189982,34,309968
14795,0.001912,172.31.33.0-255,66,190048,34,309968
14796,0.001932,74.125.200.0-255,1484,191532,34,309968
14797,0.001942,74.125.200.0-255,4320,195852,34,309968
14798,0.001944,172.31.33.0-255,66,195918,34,309968
14799,0.001967,74.125.200.0-255,4320,200238,34,309968
14800,0.001969,172.31.33.0-255,66,200304,34,309968
14801,0.00198,172.31.33.0-255,66,200370,34,309968
14802,0.001984,74.125.200.0-255,2184,202554,34,309968
14803,0.001986,172.31.33.0-255,66,202620,34,309968
14804,0.002024,74.125.200.0-255,1484,204104,34,309968
14805,0.002045,74.125.200.0-255,2902,207006,34,309968
14806,0.002047,172.31.33.0-255,66,207072,34,309968
14807,0.002072,74.125.200.0-255,2902,209974,34,309968
14808,0.002075,172.31.33.0-255,66,210040,34,309968
14809,0.002077,74.125.200.0-255,1484,211524,34,309968
14810,0.002095,74.125.200.0-255,1484,213008,34,309968
14811,0.002097,172.31.33.0-255,66,213074,34,309968
14812,0.002107,172.31.33.0-255,66,213140,34,309968
14813,0.002109,74.125.200.0-255,1484,214624,34,309968
14814,0.002116,74.125.200.0-255,1484,216108,34,309968
14815,0.002118,172.31.33.0-255,66,216174,34,309968
14816,0.002121,74.125.200.0-255,1484,217658,34,309968
14817,0.002123,74.125.200.0-255,1484,219142,34,309968
14818,0.002125,172.31.33.0-255,66,219208,34,309968
14819,0.00215,74.125.200.0-255,7156,226364,34,309968
14820,0.002152,172.31.33.0-255,66,226430,34,309968
14821,0.002171,74.125.200.0-255,1484,227914,34,309968
14822,0.002189,74.125.200.0-255,766,228680,34,309968
14823,0.002191,172.31.33.0-255,66,228746,34,309968
14824,0.002266,74.125.200.0-255,1484,230230,34,309968
14825,0.002282,74.125.200.0-255,2902,233132,34,309968
14826,0.002284,172.31.33.0-255,66,233198,34,309968
14827,0.002312,74.125.200.0-255,5738,238936,34,309968
14828,0.002314,172.31.33.0-255,66,239002,34,309968
14829,0.002316,74.125.200.0-255,1484,240486,34,309968
14830,0.002339,74.125.200.0-255,5738,246224,34,309968
14831,0.002341,172.31.33.0-255,66,246290,34,309968
14832,0.002346,74.125.200.0-255,4320,250610,34,309968
14833,0.002348,172.31.33.0-255,66,250676,34,309968
14834,0.002353,74.125.200.0-255,4320,254996,34,309968
14835,0.002355,172.31.33.0-255,66,255062,34,309968
14836,0.00238,74.125.200.0-255,2902,257964,34,309968
14837,0.002382,172.31.33.0-255,66,258030,34,309968
14838,0.002407,74.125.200.0-255,4320,262350,34,309968
14839,0.00241,172.31.33.0-255,66,262416,34,309968
14840,0.002412,74.125.200.0-255,766,263182,34,309968
14841,0.002439,74.125.200.0-255,1484,264666,34,309968
14842,0.002452,74.125.200.0-255,1484,266150,34,309968
14843,0.002466,74.125.200.0-255,2902,269052,34,309968
14844,0.002501,74.125.200.0-255,2902,271954,34,309968
14845,0.002521,74.125.200.0-255,2902,274856,34,309968
14846,0.002535,74.125.200.0-255,4320,279176,34,309968
14847,0.002566,74.125.200.0-255,4320,283496,34,309968
14848,0.002587,74.125.200.0-255,6438,289934,34,309968
14849,0.002593,74.125.200.0-255,5738,295672,34,309968
14850,0.002612,74.125.200.0-255,5738,301410,34,309968
14851,0.002616,74.125.200.0-255,2902,304312,34,309968
14852,0.002633,74.125.200.0-255,5388,309700,34,309968
14853,0.002636,74.125.200.0-255,97,309797,34,309968
14854,0.002675,74.125.200.0-255,105,309902,34,309968
14855,0.007949,172.31.33.0-255,66,309968,34,309968
14856,0.0,74.125.24.0-255,153,153,34,203619
14857,2.5e-05,172.31.33.0-255,66,219,34,203619
14858,3.1e-05,74.125.24.0-255,1484,1703,34,203619
14859,3.5e-05,172.31.33.0-255,66,1769,34,203619
14860,4e-05,74.125.24.0-255,2902,4671,34,203619
14861,4.3e-05,172.31.33.0-255,66,4737,34,203619
14862,5e-05,74.125.24.0-255,7156,11893,34,203619
14863,5.3e-05,172.31.33.0-255,66,11959,34,203619
14864,8.8e-05,172.31.33.0-255,66,12025,34,203619
14865,0.000139,74.125.24.0-255,5738,17763,34,203619
14866,0.000143,172.31.33.0-255,66,17829,34,203619
14867,0.000158,74.125.24.0-255,1125,18954,34,203619
14868,0.000161,172.31.33.0-255,66,19020,34,203619
14869,0.000251,74.125.24.0-255,1484,20504,34,203619
14870,0.000254,172.31.33.0-255,66,20570,34,203619
14871,0.000267,74.125.24.0-255,2902,23472,34,203619
14872,0.000271,172.31.33.0-255,66,23538,34,203619
14873,0.000294,74.125.24.0-255,5738,29276,34,203619
14874,0.000298,172.31.33.0-255,66,29342,34,203619
14875,0.00034,172.31.33.0-255,66,29408,34,203619
14876,0.0004,74.125.24.0-255,5738,35146,34,203619
14877,0.000404,172.31.33.0-255,66,35212,34,203619
14878,0.000422,74.125.24.0-255,5692,40904,34,203619
14879,0.000425,172.31.33.0-255,66,40970,34,203619
14880,0.000428,74.125.24.0-255,373,41343,34,203619
14881,0.00043,172.31.33.0-255,66,41409,34,203619
14882,0.000655,74.125.24.0-255,1484,42893,34,203619
14883,0.000659,172.31.33.0-255,66,42959,34,203619
14884,0.000666,74.125.24.0-255,2902,45861,34,203619
14885,0.000668,172.31.33.0-255,66,45927,34,203619
14886,0.000672,74.125.24.0-255,2902,48829,34,203619
14887,0.000674,172.31.33.0-255,66,48895,34,203619
14888,0.000697,74.125.24.0-255,2902,51797,34,203619
14889,0.0007,172.31.33.0-255,66,51863,34,203619
14890,0.000733,74.125.24.0-255,5738,57601,34,203619
14891,0.000738,172.31.33.0-255,66,57667,34,203619
14892,0.000748,74.125.24.0-255,1125,58792,34,203619
14893,0.000846,74.125.24.0-255,1484,60276,34,203619
14894,0.000849,172.31.33.0-255,66,60342,34,203619
14895,0.000854,74.125.24.0-255,2902,63244,34,203619
14896,0.000856,172.31.33.0-255,66,63310,34,203619
14897,0.000874,74.125.24.0-255,1484,64794,34,203619
14898,0.000898,74.125.24.0-255,4320,69114,34,203619
14899,0.000901,172.31.33.0-255,66,69180,34,203619
14900,0.000908,74.125.24.0-255,6797,75977,34,203619
14901,0.000911,172.31.33.0-255,66,76043,34,203619
14902,0.001272,74.125.24.0-255,1484,77527,34,203619
14903,0.001282,74.125.24.0-255,2902,80429,34,203619
14904,0.001286,172.31.33.0-255,66,80495,34,203619
14905,0.001291,74.125.24.0-255,1484,81979,34,203619
14906,0.001309,74.125.24.0-255,4320,86299,34,203619
14907,0.001312,172.31.33.0-255,66,86365,34,203619
14908,0.00132,74.125.24.0-255,7156,93521,34,203619
14909,0.001322,172.31.33.0-255,66,93587,34,203619
14910,0.001346,74.125.24.0-255,5738,99325,34,203619
14911,0.001349,172.31.33.0-255,66,99391,34,203619
14912,0.001355,74.125.24.0-255,5738,105129,34,203619
14913,0.001357,172.31.33.0-255,66,105195,34,203619
14914,0.001376,74.125.24.0-255,5020,110215,34,203619
14915,0.001379,172.31.33.0-255,66,110281,34,203619
14916,0.002217,74.125.24.0-255,1484,111765,34,203619
14917,0.002224,74.125.24.0-255,2902,114667,34,203619
14918,0.002228,172.31.33.0-255,66,114733,34,203619
14919,0.002249,74.125.24.0-255,5738,120471,34,203619
14920,0.002251,172.31.33.0-255,66,120537,34,203619
14921,0.002262,74.125.24.0-255,1484,122021,34,203619
14922,0.002289,74.125.24.0-255,1484,123505,34,203619
14923,0.002291,172.31.33.0-255,66,123571,34,203619
14924,0.002318,74.125.24.0-255,5738,129309,34,203619
14925,0.00232,172.31.33.0-255,66,129375,34,203619
14926,0.002338,74.125.24.0-255,2902,132277,34,203619
14927,0.00234,172.31.33.0-255,66,132343,34,203619
14928,0.002353,172.31.33.0-255,66,132409,34,203619
14929,0.002356,74.125.24.0-255,766,133175,34,203619
14930,0.002742,74.125.24.0-255,1484,134659,34,203619
14931,0.002745,172.31.33.0-255,66,134725,34,203619
14932,0.002748,74.125.24.0-255,1484,136209,34,203619
14933,0.002758,74.125.24.0-255,1484,137693,34,203619
14934,0.002761,172.31.33.0-255,66,137759,34,203619
14935,0.002767,74.125.24.0-255,5738,143497,34,203619
14936,0.00277,172.31.33.0-255,66,143563,34,203619
14937,0.002793,74.125.24.0-255,5738,149301,34,203619
14938,0.002795,172.31.33.0-255,66,149367,34,203619
14939,0.002811,74.125.24.0-255,1484,150851,34,203619
14940,0.002824,74.125.24.0-255,4320,155171,34,203619
14941,0.002826,172.31.33.0-255,66,155237,34,203619
14942,0.002847,172.31.33.0-255,66,155303,34,203619
14943,0.002862,74.125.24.0-255,2902,158205,34,203619
14944,0.002865,172.31.33.0-255,66,158271,34,203619
14945,0.002884,172.31.33.0-255,66,158337,34,203619
14946,0.0029,74.125.24.0-255,7156,165493,34,203619
14947,0.002903,172.31.33.0-255,66,165559,34,203619
14948,0.002944,172.31.33.0-255,66,165625,34,203619
14949,0.002949,74.125.24.0-255,2902,168527,34,203619
14950,0.00295,172.31.33.0-255,66,168593,34,203619
14951,0.002979,172.31.33.0-255,66,168659,34,203619
14952,0.002995,172.31.33.0-255,66,168725,34,203619
14953,0.003006,172.31.33.0-255,66,168791,34,203619
14954,0.003059,74.125.24.0-255,1484,170275,34,203619
14955,0.003064,74.125.24.0-255,2902,173177,34,203619
14956,0.003067,172.31.33.0-255,66,173243,34,203619
14957,0.003074,74.125.24.0-255,5738,178981,34,203619
14958,0.003077,172.31.33.0-255,66,179047,34,203619
14959,0.003109,172.31.33.0-255,66,179113,34,203619
14960,0.003149,172.31.33.0-255,66,179179,34,203619
14961,0.003172,74.125.24.0-255,6438,185617,34,203619
14962,0.003175,172.31.33.0-255,66,185683,34,203619
14963,0.003191,172.31.33.0-255,66,185749,34,203619
14964,0.003203,172.31.33.0-255,66,185815,34,203619
14965,0.003239,74.125.24.0-255,5738,191553,34,203619
14966,0.003243,172.31.33.0-255,66,191619,34,203619
14967,0.003279,172.31.33.0-255,66,191685,34,203619
14968,0.003286,74.125.24.0-255,7156,198841,34,203619
14969,0.003288,172.31.33.0-255,66,198907,34,203619
14970,0.003319,172.31.33.0-255,66,198973,34,203619
14971,0.003332,172.31.33.0-255,66,199039,34,203619
14972,0.003337,74.125.24.0-255,4071,203110,34,203619
14973,0.00334,172.31.33.0-255,66,203176,34,203619
14974,0.003372,74.125.24.0-255,105,203281,34,203619
14975,0.004626,172.31.33.0-255,101,203382,34,203619
14976,0.004976,172.31.33.0-255,105,203487,34,203619
14977,0.006659,74.125.24.0-255,66,203553,34,203619
14978,0.007041,74.125.24.0-255,66,203619,34,203619
14979,0.0,172.31.33.0-255,66,66,34,66
14980,0.0,172.217.160.0-255,146,146,34,202183
14981,3.1e-05,172.31.33.0-255,66,212,34,202183
14982,3.8e-05,172.217.160.0-255,1484,1696,34,202183
14983,4.2e-05,172.31.33.0-255,66,1762,34,202183
14984,4.7e-05,172.217.160.0-255,2902,4664,34,202183
14985,5.6e-05,172.31.33.0-255,66,4730,34,202183
14986,6.4e-05,172.217.160.0-255,7156,11886,34,202183
14987,6.7e-05,172.31.33.0-255,66,11952,34,202183
14988,7.8e-05,172.31.33.0-255,66,12018,34,202183
14989,0.00011,172.217.160.0-255,4863,16881,34,202183
14990,0.000117,172.31.33.0-255,66,16947,34,202183
14991,0.000122,172.217.160.0-255,2543,19490,34,202183
14992,0.000124,172.31.33.0-255,66,19556,34,202183
14993,0.000127,172.217.160.0-255,1484,21040,34,202183
14994,0.000129,172.31.33.0-255,66,21106,34,202183
14995,0.000163,172.217.160.0-255,7156,28262,34,202183
14996,0.000166,172.31.33.0-255,66,28328,34,202183
14997,0.000198,172.31.33.0-255,66,28394,34,202183
14998,0.000458,172.217.160.0-255,1484,29878,34,202183
14999,0.000462,172.31.33.0-255,66,29944,34,202183
15000,0.000468,172.217.160.0-255,2902,32846,34,202183
15001,0.00047,172.31.33.0-255,66,32912,34,202183
15002,0.000473,172.217.160.0-255,1484,34396,34,202183
15003,0.000474,172.31.33.0-255,66,34462,34,202183
15004,0.000509,172.217.160.0-255,2902,37364,34,202183
15005,0.000511,172.31.33.0-255,66,37430,34,202183
15006,0.000521,172.31.33.0-255,66,37496,34,202183
15007,0.000606,172.217.160.0-255,406,37902,34,202183
15008,0.000609,172.31.33.0-255,66,37968,34,202183
15009,0.00093,172.217.160.0-255,1484,39452,34,202183
15010,0.00094,172.217.160.0-255,2902,42354,34,202183
15011,0.000943,172.31.33.0-255,66,42420,34,202183
15012,0.000947,172.217.160.0-255,1484,43904,34,202183
15013,0.000974,172.217.160.0-255,4320,48224,34,202183
15014,0.000977,172.31.33.0-255,66,48290,34,202183
15015,0.000983,172.217.160.0-255,5738,54028,34,202183
15016,0.000985,172.31.33.0-255,66,54094,34,202183
15017,0.001026,172.31.33.0-255,66,54160,34,202183
15018,0.001032,172.217.160.0-255,5738,59898,34,202183
15019,0.001034,172.31.33.0-255,66,59964,34,202183
15020,0.001053,172.217.160.0-255,1484,61448,34,202183
15021,0.001055,172.217.160.0-255,1484,62932,34,202183
15022,0.001057,172.31.33.0-255,66,62998,34,202183
15023,0.00106,172.217.160.0-255,1125,64123,34,202183
15024,0.001326,172.31.33.0-255,66,64189,34,202183
15025,0.002388,172.217.160.0-255,1484,65673,34,202183
15026,0.002397,172.217.160.0-255,2902,68575,34,202183
15027,0.0024,172.31.33.0-255,66,68641,34,202183
15028,0.002405,172.217.160.0-255,2902,71543,34,202183
15029,0.002407,172.31.33.0-255,66,71609,34,202183
15030,0.002431,172.217.160.0-255,2902,74511,34,202183
15031,0.002433,172.31.33.0-255,66,74577,34,202183
15032,0.002444,172.31.33.0-255,66,74643,34,202183
15033,0.002471,172.217.160.0-255,5738,80381,34,202183
15034,0.002473,172.31.33.0-255,66,80447,34,202183
15035,0.002502,172.217.160.0-255,7156,87603,34,202183
15036,0.002504,172.31.33.0-255,66,87669,34,202183
15037,0.002507,172.217.160.0-255,766,88435,34,202183
15038,0.002752,172.31.33.0-255,66,88501,34,202183
15039,0.002792,172.217.160.0-255,1484,89985,34,202183
15040,0.002813,172.217.160.0-255,2902,92887,34,202183
15041,0.002819,172.217.160.0-255,5738,98625,34,202183
15042,0.002823,172.31.33.0-255,66,98691,34,202183
15043,0.00283,172.31.33.0-255,66,98757,34,202183
15044,0.002836,172.217.160.0-255,5738,104495,34,202183
15045,0.002838,172.31.33.0-255,66,104561,34,202183
15046,0.002872,172.217.160.0-255,7156,111717,34,202183
15047,0.002874,172.31.33.0-255,66,111783,34,202183
15048,0.002885,172.31.33.0-255,66,111849,34,202183
15049,0.002946,172.217.160.0-255,1484,113333,34,202183
15050,0.002961,172.217.160.0-255,2902,116235,34,202183
15051,0.002964,172.31.33.0-255,66,116301,34,202183
15052,0.002968,172.217.160.0-255,1484,117785,34,202183
15053,0.002996,172.217.160.0-255,4320,122105,34,202183
15054,0.002999,172.31.33.0-255,66,122171,34,202183
15055,0.003017,172.31.33.0-255,66,122237,34,202183
15056,0.003022,172.217.160.0-255,5738,127975,34,202183
15057,0.003025,172.31.33.0-255,66,128041,34,202183
15058,0.003049,172.217.160.0-255,5020,133061,34,202183
15059,0.003053,172.217.160.0-255,2902,135963,34,202183
15060,0.003061,172.31.33.0-255,66,136029,34,202183
15061,0.003063,172.31.33.0-255,66,136095,34,202183
15062,0.003112,172.31.33.0-255,66,136161,34,202183
15063,0.003122,172.31.33.0-255,66,136227,34,202183
15064,0.003125,172.217.160.0-255,1484,137711,34,202183
15065,0.003193,172.217.160.0-255,2902,140613,34,202183
15066,0.003196,172.31.33.0-255,66,140679,34,202183
15067,0.003202,172.217.160.0-255,5738,146417,34,202183
15068,0.003204,172.31.33.0-255,66,146483,34,202183
15069,0.003224,172.31.33.0-255,66,146549,34,202183
15070,0.003236,172.31.33.0-255,66,146615,34,202183
15071,0.003331,172.217.160.0-255,1484,148099,34,202183
15072,0.003336,172.217.160.0-255,2902,151001,34,202183
15073,0.003339,172.31.33.0-255,66,151067,34,202183
15074,0.003344,172.217.160.0-255,2902,153969,34,202183
15075,0.003346,172.31.33.0-255,66,154035,34,202183
15076,0.003378,172.217.160.0-255,2902,156937,34,202183
15077,0.003381,172.31.33.0-255,66,157003,34,202183
15078,0.003421,172.31.33.0-255,66,157069,34,202183
15079,0.003437,172.31.33.0-255,66,157135,34,202183
15080,0.003444,172.217.160.0-255,4320,161455,34,202183
15081,0.003448,172.31.33.0-255,66,161521,34,202183
15082,0.003458,172.217.160.0-255,5738,167259,34,202183
15083,0.003462,172.31.33.0-255,66,167325,34,202183
15084,0.003475,172.217.160.0-255,5738,173063,34,202183
15085,0.003479,172.31.33.0-255,66,173129,34,202183
15086,0.003526,172.217.160.0-255,5738,178867,34,202183
15087,0.003532,172.31.33.0-255,66,178933,34,202183
15088,0.003556,172.31.33.0-255,66,178999,34,202183
15089,0.003591,172.217.160.0-255,4320,183319,34,202183
15090,0.003629,172.217.160.0-255,5020,188339,34,202183
15091,0.003728,172.217.160.0-255,1484,189823,34,202183
15092,0.003736,172.217.160.0-255,2902,192725,34,202183
15093,0.003742,172.217.160.0-255,2902,195627,34,202183
15094,0.003761,172.217.160.0-255,2902,198529,34,202183
15095,0.003798,172.217.160.0-255,3312,201841,34,202183
15096,0.00382,172.217.160.0-255,105,201946,34,202183
15097,0.004203,172.31.33.0-255,66,202012,34,202183
15098,0.006722,172.31.33.0-255,105,202117,34,202183
15099,0.008337,172.217.160.0-255,66,202183,34,202183
15100,0.0,172.217.194.0-255,150,150,34,245608
15101,1.8e-05,172.31.33.0-255,66,216,34,245608
15102,2.5e-05,172.217.194.0-255,1484,1700,34,245608
15103,2.9e-05,172.31.33.0-255,66,1766,34,245608
15104,3.4e-05,172.217.194.0-255,2902,4668,34,245608
15105,4.2e-05,172.31.33.0-255,66,4734,34,245608
15106,4.9e-05,172.217.194.0-255,7156,11890,34,245608
15107,5.1e-05,172.31.33.0-255,66,11956,34,245608
15108,5.5e-05,172.217.194.0-255,2014,13970,34,245608
15109,5.7e-05,172.31.33.0-255,66,14036,34,245608
15110,8.4e-05,172.217.194.0-255,2902,16938,34,245608
15111,8.7e-05,172.31.33.0-255,66,17004,34,245608
15112,0.000114,172.217.194.0-255,7156,24160,34,245608
15113,0.000117,172.31.33.0-255,66,24226,34,245608
15114,0.000122,172.217.194.0-255,5738,29964,34,245608
15115,0.000124,172.31.33.0-255,66,30030,34,245608
15116,0.000158,172.31.33.0-255,66,30096,34,245608
15117,0.00018,172.217.194.0-255,3602,33698,34,245608
15118,0.000182,172.31.33.0-255,66,33764,34,245608
15119,0.000281,172.217.194.0-255,1484,35248,34,245608
15120,0.000283,172.31.33.0-255,66,35314,34,245608
15121,0.000286,172.217.194.0-255,1484,36798,34,245608
15122,0.000288,172.31.33.0-255,66,36864,34,245608
15123,0.000319,172.217.194.0-255,1484,38348,34,245608
15124,0.000321,172.31.33.0-255,66,38414,34,245608
15125,0.000329,172.217.194.0-255,5738,44152,34,245608
15126,0.000331,172.31.33.0-255,66,44218,34,245608
15127,0.000341,172.217.194.0-255,7071,51289,34,245608
15128,0.000343,172.31.33.0-255,66,51355,34,245608
15129,0.000566,172.217.194.0-255,1484,52839,34,245608
15130,0.000569,172.31.33.0-255,66,52905,34,245608
15131,0.000587,172.217.194.0-255,2902,55807,34,245608
15132,0.000589,172.31.33.0-255,66,55873,34,245608
15133,0.000618,172.217.194.0-255,5738,61611,34,245608
15134,0.00062,172.31.33.0-255,66,61677,34,245608
15135,0.000644,172.217.194.0-255,7156,68833,34,245608
15136,0.000647,172.31.33.0-255,66,68899,34,245608
15137,0.00065,172.217.194.0-255,1484,70383,34,245608
15138,0.000691,172.31.33.0-255,66,70449,34,245608
15139,0.000695,172.217.194.0-255,2184,72633,34,245608
15140,0.000698,172.31.33.0-255,66,72699,34,245608
15141,0.00074,172.217.194.0-255,381,73080,34,245608
15142,0.001028,172.217.194.0-255,1484,74564,34,245608
15143,0.001033,172.31.33.0-255,66,74630,34,245608
15144,0.001039,172.217.194.0-255,2902,77532,34,245608
15145,0.001041,172.31.33.0-255,66,77598,34,245608
15146,0.001068,172.217.194.0-255,5738,83336,34,245608
15147,0.00107,172.31.33.0-255,66,83402,34,245608
15148,0.001101,172.31.33.0-255,66,83468,34,245608
15149,0.001137,172.217.194.0-255,5738,89206,34,245608
15150,0.001143,172.31.33.0-255,66,89272,34,245608
15151,0.001181,172.31.33.0-255,66,89338,34,245608
15152,0.001625,172.217.194.0-255,1484,90822,34,245608
15153,0.001629,172.217.194.0-255,1484,92306,34,245608
15154,0.001632,172.31.33.0-255,66,92372,34,245608
15155,0.001655,172.217.194.0-255,1484,93856,34,245608
15156,0.001662,172.217.194.0-255,5738,99594,34,245608
15157,0.001664,172.31.33.0-255,66,99660,34,245608
15158,0.001689,172.31.33.0-255,66,99726,34,245608
15159,0.001716,172.217.194.0-255,1484,101210,34,245608
15160,0.001727,172.31.33.0-255,66,101276,34,245608
15161,0.001786,172.31.33.0-255,66,101342,34,245608
15162,0.001822,172.31.33.0-255,66,101408,34,245608
15163,0.001832,172.31.33.0-255,66,101474,34,245608
15164,0.001962,172.217.194.0-255,1484,102958,34,245608
15165,0.001968,172.217.194.0-255,2902,105860,34,245608
15166,0.001971,172.31.33.0-255,66,105926,34,245608
15167,0.001974,172.217.194.0-255,1484,107410,34,245608
15168,0.001992,172.217.194.0-255,4320,111730,34,245608
15169,0.001994,172.217.194.0-255,1484,113214,34,245608
15170,0.002011,172.217.194.0-255,4320,117534,34,245608
15171,0.00202,172.31.33.0-255,66,117600,34,245608
15172,0.002052,172.31.33.0-255,66,117666,34,245608
15173,0.002057,172.217.194.0-255,5020,122686,34,245608
15174,0.002078,172.31.33.0-255,66,122752,34,245608
15175,0.002396,172.217.194.0-255,1484,124236,34,245608
15176,0.002402,172.217.194.0-255,1484,125720,34,245608
15177,0.002422,172.217.194.0-255,4320,130040,34,245608
15178,0.002425,172.217.194.0-255,1484,131524,34,245608
15179,0.002427,172.217.194.0-255,1484,133008,34,245608
15180,0.002455,172.217.194.0-255,5738,138746,34,245608
15181,0.002471,172.217.194.0-255,4320,143066,34,245608
15182,0.002474,172.217.194.0-255,1484,144550,34,245608
15183,0.002509,172.217.194.0-255,7156,151706,34,245608
15184,0.002526,172.217.194.0-255,5020,156726,34,245608
15185,0.002819,172.217.194.0-255,1484,158210,34,245608
15186,0.002827,172.217.194.0-255,2902,161112,34,245608
15187,0.002848,172.217.194.0-255,5738,166850,34,245608
15188,0.002869,172.217.194.0-255,5738,172588,34,245608
15189,0.002873,172.217.194.0-255,2902,175490,34,245608
15190,0.002892,172.217.194.0-255,5738,181228,34,245608
15191,0.002894,172.217.194.0-255,1484,182712,34,245608
15192,0.002913,172.217.194.0-255,5738,188450,34,245608
15193,0.002926,172.217.194.0-255,2184,190634,34,245608
15194,0.00293,172.217.194.0-255,2902,193536,34,245608
15195,0.002944,172.217.194.0-255,1484,195020,34,245608
15196,0.002946,172.217.194.0-255,1484,196504,34,245608
15197,0.002961,172.217.194.0-255,1484,197988,34,245608
15198,0.002973,172.217.194.0-255,4320,202308,34,245608
15199,0.002994,172.217.194.0-255,1484,203792,34,245608
15200,0.003007,172.217.194.0-255,1484,205276,34,245608
15201,0.003037,172.217.194.0-255,5738,211014,34,245608
15202,0.003049,172.217.194.0-255,4320,215334,34,245608
15203,0.003051,172.217.194.0-255,1484,216818,34,245608
15204,0.003063,172.217.194.0-255,1484,218302,34,245608
15205,0.003081,172.217.194.0-255,6438,224740,34,245608
15206,0.003526,172.217.194.0-255,1484,226224,34,245608
15207,0.003542,172.217.194.0-255,2902,229126,34,245608
15208,0.003557,172.217.194.0-255,5738,234864,34,245608
15209,0.003567,172.217.194.0-255,1484,236348,34,245608
15210,0.003585,172.217.194.0-255,7156,243504,34,245608
15211,0.003622,172.217.194.0-255,1484,244988,34,245608
15212,0.003717,172.217.194.0-255,515,245503,34,245608
15213,0.003745,172.217.194.0-255,105,245608,34,245608
15214,0.0,74.125.200.0-255,153,153,34,320778
15215,1.4e-05,172.31.33.0-255,66,219,34,320778
15216,2.1e-05,74.125.200.0-255,1484,1703,34,320778
15217,2.7e-05,172.31.33.0-255,66,1769,34,320778
15218,3e-05,74.125.200.0-255,1484,3253,34,320778
15219,3.5e-05,172.31.33.0-255,66,3319,34,320778
15220,6e-05,74.125.200.0-255,1484,4803,34,320778
15221,6.3e-05,172.31.33.0-255,66,4869,34,320778
15222,7.1e-05,74.125.200.0-255,5738,10607,34,320778
15223,7.4e-05,172.31.33.0-255,66,10673,34,320778
15224,7.7e-05,74.125.200.0-255,1484,12157,34,320778
15225,7.9e-05,172.31.33.0-255,66,12223,34,320778
15226,0.000104,74.125.200.0-255,3413,15636,34,320778
15227,0.000106,172.31.33.0-255,66,15702,34,320778
15228,0.000109,74.125.200.0-255,1484,17186,34,320778
15229,0.000111,172.31.33.0-255,66,17252,34,320778
15230,0.000131,74.125.200.0-255,4320,21572,34,320778
15231,0.000134,172.31.33.0-255,66,21638,34,320778
15232,0.000139,74.125.200.0-255,4320,25958,34,320778
15233,0.000142,172.31.33.0-255,66,26024,34,320778
15234,0.000159,74.125.200.0-255,1484,27508,34,320778
15235,0.000161,172.31.33.0-255,66,27574,34,320778
15236,0.000179,74.125.200.0-255,3961,31535,34,320778
15237,0.000182,172.31.33.0-255,66,31601,34,320778
15238,0.000268,74.125.200.0-255,1484,33085,34,320778
15239,0.000272,172.31.33.0-255,66,33151,34,320778
15240,0.000276,74.125.200.0-255,1484,34635,34,320778
15241,0.000278,172.31.33.0-255,66,34701,34,320778
15242,0.000281,74.125.200.0-255,1484,36185,34,320778
15243,0.000283,172.31.33.0-255,66,36251,34,320778
15244,0.000305,74.125.200.0-255,1484,37735,34,320778
15245,0.000308,172.31.33.0-255,66,37801,34,320778
15246,0.000329,74.125.200.0-255,5738,43539,34,320778
15247,0.000331,172.31.33.0-255,66,43605,34,320778
15248,0.000366,74.125.200.0-255,6797,50402,34,320778
15249,0.000369,172.31.33.0-255,66,50468,34,320778
15250,0.000375,74.125.200.0-255,4320,54788,34,320778
15251,0.000377,172.31.33.0-255,66,54854,34,320778
15252,0.000388,74.125.200.0-255,1484,56338,34,320778
15253,0.000395,74.125.200.0-255,4320,60658,34,320778
15254,0.000398,172.31.33.0-255,66,60724,34,320778
15255,0.000419,74.125.200.0-255,2902,63626,34,320778
15256,0.000422,172.31.33.0-255,66,63692,34,320778
15257,0.000426,74.125.200.0-255,2853,66545,34,320778
15258,0.000429,172.31.33.0-255,66,66611,34,320778
15259,0.000577,74.125.200.0-255,111,66722,34,320778
15260,0.00062,74.125.200.0-255,1484,68206,34,320778
15261,0.000624,172.31.33.0-255,66,68272,34,320778
15262,0.000646,74.125.200.0-255,2902,71174,34,320778
15263,0.000649,172.31.33.0-255,66,71240,34,320778
15264,0.000669,74.125.200.0-255,5738,76978,34,320778
15265,0.000693,172.31.33.0-255,66,77044,34,320778
15266,0.000704,74.125.200.0-255,4320,81364,34,320778
15267,0.000706,172.31.33.0-255,66,81430,34,320778
15268,0.000747,74.125.200.0-255,3961,85391,34,320778
15269,0.000751,172.31.33.0-255,66,85457,34,320778
15270,0.000757,74.125.200.0-255,4320,89777,34,320778
15271,0.00076,172.31.33.0-255,66,89843,34,320778
15272,0.000792,172.31.33.0-255,66,89909,34,320778
15273,0.000795,74.125.200.0-255,1125,91034,34,320778
15274,0.00136,172.31.33.0-255,66,91100,34,320778
15275,0.001544,74.125.200.0-255,1484,92584,34,320778
15276,0.001551,74.125.200.0-255,1484,94068,34,320778
15277,0.001554,172.31.33.0-255,66,94134,34,320778
15278,0.00157,74.125.200.0-255,1484,95618,34,320778
15279,0.001576,74.125.200.0-255,5738,101356,34,320778
15280,0.001578,172.31.33.0-255,66,101422,34,320778
15281,0.001597,74.125.200.0-255,5738,107160,34,320778
15282,0.0016,172.31.33.0-255,66,107226,34,320778
15283,0.001614,74.125.200.0-255,2902,110128,34,320778
15284,0.001616,172.31.33.0-255,66,110194,34,320778
15285,0.001629,74.125.200.0-255,4320,114514,34,320778
15286,0.001631,172.31.33.0-255,66,114580,34,320778
15287,0.001668,74.125.200.0-255,5738,120318,34,320778
15288,0.001671,172.31.33.0-255,66,120384,34,320778
15289,0.001718,74.125.200.0-255,1484,121868,34,320778
15290,0.001739,74.125.200.0-255,3602,125470,34,320778
15291,0.001742,172.31.33.0-255,66,125536,34,320778
15292,0.001837,74.125.200.0-255,1484,127020,34,320778
15293,0.001842,74.125.200.0-255,1484,128504,34,320778
15294,0.001845,172.31.33.0-255,66,128570,34,320778
15295,0.001862,74.125.200.0-255,1484,130054,34,320778
15296,0.001892,74.125.200.0-255,1484,131538,34,320778
15297,0.001895,172.31.33.0-255,66,131604,34,320778
15298,0.00192,74.125.200.0-255,2902,134506,34,320778
15299,0.001923,172.31.33.0-255,66,134572,34,320778
15300,0.00195,74.125.200.0-255,2902,137474,34,320778
15301,0.001953,172.31.33.0-255,66,137540,34,320778
15302,0.001989,74.125.200.0-255,4320,141860,34,320778
15303,0.001992,172.31.33.0-255,66,141926,34,320778
15304,0.002007,74.125.200.0-255,2902,144828,34,320778
15305,0.002009,172.31.33.0-255,66,144894,34,320778
15306,0.002033,74.125.200.0-255,4320,149214,34,320778
15307,0.002035,172.31.33.0-255,66,149280,34,320778
15308,0.002039,74.125.200.0-255,2902,152182,34,320778
15309,0.002041,172.31.33.0-255,66,152248,34,320778
15310,0.002059,74.125.200.0-255,5738,157986,34,320778
15311,0.002061,172.31.33.0-255,66,158052,34,320778
15312,0.002065,74.125.200.0-255,2184,160236,34,320778
15313,0.002066,172.31.33.0-255,66,160302,34,320778
15314,0.002225,74.125.200.0-255,1484,161786,34,320778
15315,0.002253,74.125.200.0-255,2902,164688,34,320778
15316,0.002257,172.31.33.0-255,66,164754,34,320778
15317,0.00226,74.125.200.0-255,1484,166238,34,320778
15318,0.002275,74.125.200.0-255,2902,169140,34,320778
15319,0.002277,172.31.33.0-255,66,169206,34,320778
15320,0.002298,74.125.200.0-255,5738,174944,34,320778
15321,0.0023,172.31.33.0-255,66,175010,34,320778
15322,0.002304,74.125.200.0-255,2902,177912,34,320778
15323,0.002306,172.31.33.0-255,66,177978,34,320778
15324,0.00232,74.125.200.0-255,2902,180880,34,320778
15325,0.002322,172.31.33.0-255,66,180946,34,320778
15326,0.002327,74.125.200.0-255,5738,186684,34,320778
15327,0.002329,172.31.33.0-255,66,186750,34,320778
15328,0.002344,74.125.200.0-255,1484,188234,34,320778
15329,0.00236,74.125.200.0-255,2902,191136,34,320778
15330,0.002362,172.31.33.0-255,66,191202,34,320778
15331,0.002383,74.125.200.0-255,3602,194804,34,320778
15332,0.002384,172.31.33.0-255,66,194870,34,320778
15333,0.002569,74.125.200.0-255,1484,196354,34,320778
15334,0.002589,74.125.200.0-255,2902,199256,34,320778
15335,0.002591,172.31.33.0-255,66,199322,34,320778
15336,0.002607,74.125.200.0-255,1484,200806,34,320778
15337,0.00261,74.125.200.0-255,1484,202290,34,320778
15338,0.002611,172.31.33.0-255,66,202356,34,320778
15339,0.002614,74.125.200.0-255,1484,203840,34,320778
15340,0.002628,74.125.200.0-255,2902,206742,34,320778
15341,0.00263,172.31.33.0-255,66,206808,34,320778
15342,0.00265,74.125.200.0-255,4320,211128,34,320778
15343,0.002652,172.31.33.0-255,66,211194,34,320778
15344,0.002655,74.125.200.0-255,1484,212678,34,320778
15345,0.002657,74.125.200.0-255,1484,214162,34,320778
15346,0.002659,172.31.33.0-255,66,214228,34,320778
15347,0.002662,74.125.200.0-255,1484,215712,34,320778
15348,0.002682,74.125.200.0-255,4320,220032,34,320778
15349,0.002684,172.31.33.0-255,66,220098,34,320778
15350,0.002686,74.125.200.0-255,1484,221582,34,320778
15351,0.002713,74.125.200.0-255,5738,227320,34,320778
15352,0.002715,172.31.33.0-255,66,227386,34,320778
15353,0.002731,74.125.200.0-255,1484,228870,34,320778
15354,0.002733,74.125.200.0-255,766,229636,34,320778
15355,0.002735,172.31.33.0-255,66,229702,34,320778
15356,0.00302,74.125.200.0-255,1484,231186,34,320778
15357,0.003038,74.125.200.0-255,2902,234088,34,320778
15358,0.00304,172.31.33.0-255,66,234154,34,320778
15359,0.003052,74.125.200.0-255,2902,237056,34,320778
15360,0.003054,172.31.33.0-255,66,237122,34,320778
15361,0.003075,74.125.200.0-255,2902,240024,34,320778
15362,0.003078,172.31.33.0-255,66,240090,34,320778
15363,0.003082,74.125.200.0-255,2902,242992,34,320778
15364,0.003084,172.31.33.0-255,66,243058,34,320778
15365,0.003089,74.125.200.0-255,5738,248796,34,320778
15366,0.003092,172.31.33.0-255,66,248862,34,320778
15367,0.003113,74.125.200.0-255,4320,253182,34,320778
15368,0.003116,172.31.33.0-255,66,253248,34,320778
15369,0.003155,172.31.33.0-255,66,253314,34,320778
15370,0.003175,74.125.200.0-255,2184,255498,34,320778
15371,0.003177,172.31.33.0-255,66,255564,34,320778
15372,0.003188,172.31.33.0-255,66,255630,34,320778
15373,0.003191,74.125.200.0-255,2902,258532,34,320778
15374,0.003193,172.31.33.0-255,66,258598,34,320778
15375,0.003199,74.125.200.0-255,5738,264336,34,320778
15376,0.003201,172.31.33.0-255,66,264402,34,320778
15377,0.003227,74.125.200.0-255,5738,270140,34,320778
15378,0.003229,172.31.33.0-255,66,270206,34,320778
15379,0.003251,172.31.33.0-255,66,270272,34,320778
15380,0.003269,74.125.200.0-255,1484,271756,34,320778
15381,0.003272,74.125.200.0-255,1484,273240,34,320778
15382,0.003274,172.31.33.0-255,66,273306,34,320778
15383,0.003293,74.125.200.0-255,4320,277626,34,320778
15384,0.003295,172.31.33.0-255,66,277692,34,320778
15385,0.003323,74.125.200.0-255,5738,283430,34,320778
15386,0.003325,172.31.33.0-255,66,283496,34,320778
15387,0.003343,74.125.200.0-255,4320,287816,34,320778
15388,0.003345,172.31.33.0-255,66,287882,34,320778
15389,0.003358,74.125.200.0-255,2902,290784,34,320778
15390,0.00336,172.31.33.0-255,66,290850,34,320778
15391,0.003362,74.125.200.0-255,1484,292334,34,320778
15392,0.003394,172.31.33.0-255,66,292400,34,320778
15393,0.003434,172.31.33.0-255,66,292466,34,320778
15394,0.003469,172.31.33.0-255,66,292532,34,320778
15395,0.003486,74.125.200.0-255,1484,294016,34,320778
15396,0.003491,74.125.200.0-255,5738,299754,34,320778
15397,0.003493,172.31.33.0-255,66,299820,34,320778
15398,0.003516,74.125.200.0-255,4320,304140,34,320778
15399,0.003519,172.31.33.0-255,66,304206,34,320778
15400,0.003533,74.125.200.0-255,2184,306390,34,320778
15401,0.003535,172.31.33.0-255,66,306456,34,320778
15402,0.003539,74.125.200.0-255,2902,309358,34,320778
15403,0.003542,172.31.33.0-255,66,309424,34,320778
15404,0.003563,74.125.200.0-255,4320,313744,34,320778
15405,0.003565,172.31.33.0-255,66,313810,34,320778
15406,0.003568,74.125.200.0-255,1484,315294,34,320778
15407,0.003591,172.31.33.0-255,66,315360,34,320778
15408,0.003609,74.125.200.0-255,2902,318262,34,320778
15409,0.00361,172.31.33.0-255,66,318328,34,320778
15410,0.003629,74.125.200.0-255,2279,320607,34,320778
15411,0.003632,172.31.33.0-255,66,320673,34,320778
15412,0.003643,74.125.200.0-255,105,320778,34,320778
15413,0.0,172.217.194.0-255,143,143,34,158498
15414,2.4e-05,172.31.33.0-255,66,209,34,158498
15415,3.2e-05,172.217.194.0-255,1484,1693,34,158498
15416,3.7e-05,172.31.33.0-255,66,1759,34,158498
15417,4.3e-05,172.217.194.0-255,2902,4661,34,158498
15418,5.3e-05,172.31.33.0-255,66,4727,34,158498
15419,6.1e-05,172.217.194.0-255,7156,11883,34,158498
15420,6.5e-05,172.31.33.0-255,66,11949,34,158498
15421,6.8e-05,172.217.194.0-255,1484,13433,34,158498
15422,7.1e-05,172.31.33.0-255,66,13499,34,158498
15423,0.000103,172.217.194.0-255,4320,17819,34,158498
15424,0.000106,172.31.33.0-255,66,17885,34,158498
15425,0.000144,172.31.33.0-255,66,17951,34,158498
15426,0.000149,172.217.194.0-255,2543,20494,34,158498
15427,0.000151,172.31.33.0-255,66,20560,34,158498
15428,0.000205,172.217.194.0-255,1484,22044,34,158498
15429,0.000208,172.31.33.0-255,66,22110,34,158498
15430,0.000213,172.217.194.0-255,2902,25012,34,158498
15431,0.000215,172.31.33.0-255,66,25078,34,158498
15432,0.000242,172.217.194.0-255,5738,30816,34,158498
15433,0.000245,172.31.33.0-255,66,30882,34,158498
15434,0.000249,172.217.194.0-255,1484,32366,34,158498
15435,0.000251,172.31.33.0-255,66,32432,34,158498
15436,0.000288,172.217.194.0-255,5379,37811,34,158498
15437,0.000291,172.31.33.0-255,66,37877,34,158498
15438,0.000299,172.217.194.0-255,7156,45033,34,158498
15439,0.000301,172.31.33.0-255,66,45099,34,158498
15440,0.000341,172.31.33.0-255,66,45165,34,158498
15441,0.000344,172.217.194.0-255,98,45263,34,158498
15442,0.000346,172.31.33.0-255,66,45329,34,158498
15443,0.00035,172.217.194.0-255,1484,46813,34,158498
15444,0.000361,172.217.194.0-255,2902,49715,34,158498
15445,0.000364,172.31.33.0-255,66,49781,34,158498
15446,0.000373,172.217.194.0-255,7156,56937,34,158498
15447,0.000379,172.31.33.0-255,66,57003,34,158498
15448,0.000407,172.217.194.0-255,5092,62095,34,158498
15449,0.00041,172.31.33.0-255,66,62161,34,158498
15450,0.000478,172.217.194.0-255,1484,63645,34,158498
15451,0.000492,172.217.194.0-255,2902,66547,34,158498
15452,0.000495,172.31.33.0-255,66,66613,34,158498
15453,0.00053,172.217.194.0-255,5738,72351,34,158498
15454,0.000533,172.31.33.0-255,66,72417,34,158498
15455,0.000548,172.31.33.0-255,66,72483,34,158498
15456,0.000565,172.31.33.0-255,66,72549,34,158498
15457,0.000652,172.217.194.0-255,1484,74033,34,158498
15458,0.000667,172.217.194.0-255,2902,76935,34,158498
15459,0.000671,172.31.33.0-255,66,77001,34,158498
15460,0.000675,172.217.194.0-255,1484,78485,34,158498
15461,0.000705,172.217.194.0-255,4320,82805,34,158498
15462,0.000708,172.31.33.0-255,66,82871,34,158498
15463,0.000726,172.31.33.0-255,66,82937,34,158498
15464,0.000751,172.217.194.0-255,2902,85839,34,158498
15465,0.000754,172.31.33.0-255,66,85905,34,158498
15466,0.000779,172.31.33.0-255,66,85971,34,158498
15467,0.000808,172.217.194.0-255,7156,93127,34,158498
15468,0.000811,172.31.33.0-255,66,93193,34,158498
15469,0.000816,172.217.194.0-255,2902,96095,34,158498
15470,0.000818,172.31.33.0-255,66,96161,34,158498
15471,0.00085,172.217.194.0-255,5738,101899,34,158498
15472,0.000853,172.31.33.0-255,66,101965,34,158498
15473,0.000874,172.31.33.0-255,66,102031,34,158498
15474,0.000876,172.217.194.0-255,766,102797,34,158498
15475,0.000919,172.217.194.0-255,5738,108535,34,158498
15476,0.000922,172.31.33.0-255,66,108601,34,158498
15477,0.000951,172.31.33.0-255,66,108667,34,158498
15478,0.001024,172.31.33.0-255,66,108733,34,158498
15479,0.001346,172.217.194.0-255,1484,110217,34,158498
15480,0.001352,172.217.194.0-255,2902,113119,34,158498
15481,0.001356,172.31.33.0-255,66,113185,34,158498
15482,0.001362,172.217.194.0-255,4320,117505,34,158498
15483,0.001364,172.31.33.0-255,66,117571,34,158498
15484,0.001387,172.217.194.0-255,1484,119055,34,158498
15485,0.001403,172.31.33.0-255,66,119121,34,158498
15486,0.00143,172.217.194.0-255,5738,124859,34,158498
15487,0.001433,172.31.33.0-255,66,124925,34,158498
15488,0.00147,172.31.33.0-255,66,124991,34,158498
15489,0.001508,172.217.194.0-255,1484,126475,34,158498
15490,0.001535,172.217.194.0-255,2902,129377,34,158498
15491,0.001538,172.31.33.0-255,66,129443,34,158498
15492,0.001543,172.217.194.0-255,2902,132345,34,158498
15493,0.001546,172.31.33.0-255,66,132411,34,158498
15494,0.001563,172.217.194.0-255,2902,135313,34,158498
15495,0.00157,172.31.33.0-255,66,135379,34,158498
15496,0.001577,172.217.194.0-255,5738,141117,34,158498
15497,0.001579,172.31.33.0-255,66,141183,34,158498
15498,0.001613,172.217.194.0-255,1484,142667,34,158498
15499,0.001625,172.31.33.0-255,66,142733,34,158498
15500,0.001631,172.217.194.0-255,5738,148471,34,158498
15501,0.001633,172.31.33.0-255,66,148537,34,158498
15502,0.001666,172.217.194.0-255,5020,153557,34,158498
15503,0.001669,172.31.33.0-255,66,153623,34,158498
15504,0.001686,172.31.33.0-255,66,153689,34,158498
15505,0.001701,172.31.33.0-255,66,153755,34,158498
15506,0.001736,172.217.194.0-255,2902,156657,34,158498
15507,0.001739,172.31.33.0-255,66,156723,34,158498
15508,0.001761,172.31.33.0-255,66,156789,34,158498
15509,0.001775,172.31.33.0-255,66,156855,34,158498
15510,0.001839,172.31.33.0-255,66,156921,34,158498
15511,0.001842,172.31.33.0-255,66,156987,34,158498
15512,0.001892,172.217.194.0-255,1037,158024,34,158498
15513,0.001931,172.31.33.0-255,66,158090,34,158498
15514,0.001938,172.31.33.0-255,66,158156,34,158498
15515,0.001947,172.217.194.0-255,105,158261,34,158498
15516,0.004674,172.31.33.0-255,66,158327,34,158498
15517,0.004711,172.31.33.0-255,105,158432,34,158498
15518,0.007315,172.217.194.0-255,66,158498,34,158498
15519,0.0,74.125.68.0-255,153,153,34,375116
15520,3.4e-05,172.31.33.0-255,66,219,34,375116
15521,4.2e-05,74.125.68.0-255,1484,1703,34,375116
15522,4.7e-05,172.31.33.0-255,66,1769,34,375116
15523,5.1e-05,74.125.68.0-255,2902,4671,34,375116
15524,5.3e-05,172.31.33.0-255,66,4737,34,375116
15525,5.6e-05,74.125.68.0-255,1484,6221,34,375116
15526,5.8e-05,172.31.33.0-255,66,6287,34,375116
15527,6.4e-05,74.125.68.0-255,2902,9189,34,375116
15528,6.6e-05,172.31.33.0-255,66,9255,34,375116
15529,0.000113,74.125.68.0-255,2902,12157,34,375116
15530,0.000117,172.31.33.0-255,66,12223,34,375116
15531,0.000136,74.125.68.0-255,2084,14307,34,375116
15532,0.00014,172.31.33.0-255,66,14373,34,375116
15533,0.000278,74.125.68.0-255,1484,15857,34,375116
15534,0.000282,172.31.33.0-255,66,15923,34,375116
15535,0.000287,74.125.68.0-255,2902,18825,34,375116
15536,0.00029,172.31.33.0-255,66,18891,34,375116
15537,0.000293,74.125.68.0-255,1484,20375,34,375116
15538,0.000295,172.31.33.0-255,66,20441,34,375116
15539,0.000311,74.125.68.0-255,2902,23343,34,375116
15540,0.000314,172.31.33.0-255,66,23409,34,375116
15541,0.000334,74.125.68.0-255,2902,26311,34,375116
15542,0.000336,172.31.33.0-255,66,26377,34,375116
15543,0.000356,74.125.68.0-255,2902,29279,34,375116
15544,0.000359,172.31.33.0-255,66,29345,34,375116
15545,0.000363,74.125.68.0-255,1484,30829,34,375116
15546,0.000365,172.31.33.0-255,66,30895,34,375116
15547,0.000388,74.125.68.0-255,1125,32020,34,375116
15548,0.000391,172.31.33.0-255,66,32086,34,375116
15549,0.000593,74.125.68.0-255,1484,33570,34,375116
15550,0.000597,172.31.33.0-255,66,33636,34,375116
15551,0.000617,74.125.68.0-255,2902,36538,34,375116
15552,0.00064,74.125.68.0-255,5738,42276,34,375116
15553,0.000652,74.125.68.0-255,1484,43760,34,375116
15554,0.000663,74.125.68.0-255,2902,46662,34,375116
15555,0.00067,172.31.33.0-255,66,46728,34,375116
15556,0.000702,74.125.68.0-255,2902,49630,34,375116
15557,0.000712,172.31.33.0-255,66,49696,34,375116
15558,0.000713,74.125.68.0-255,1125,50821,34,375116
15559,0.000754,74.125.68.0-255,4320,55141,34,375116
15560,0.000762,172.31.33.0-255,66,55207,34,375116
15561,0.000788,74.125.68.0-255,2902,58109,34,375116
15562,0.000793,172.31.33.0-255,66,58175,34,375116
15563,0.000809,74.125.68.0-255,2902,61077,34,375116
15564,0.000813,74.125.68.0-255,2902,63979,34,375116
15565,0.000814,172.31.33.0-255,66,64045,34,375116
15566,0.000819,172.31.33.0-255,66,64111,34,375116
15567,0.000865,74.125.68.0-255,2817,66928,34,375116
15568,0.00087,172.31.33.0-255,66,66994,34,375116
15569,0.0011,74.125.68.0-255,133,67127,34,375116
15570,0.001149,172.31.33.0-255,66,67193,34,375116
15571,0.001271,74.125.68.0-255,1484,68677,34,375116
15572,0.001293,74.125.68.0-255,2902,71579,34,375116
15573,0.001313,74.125.68.0-255,4320,75899,34,375116
15574,0.001314,172.31.33.0-255,66,75965,34,375116
15575,0.00132,172.31.33.0-255,66,76031,34,375116
15576,0.001341,74.125.68.0-255,2902,78933,34,375116
15577,0.001347,172.31.33.0-255,66,78999,34,375116
15578,0.001356,74.125.68.0-255,2902,81901,34,375116
15579,0.00136,74.125.68.0-255,2543,84444,34,375116
15580,0.001364,172.31.33.0-255,66,84510,34,375116
15581,0.001378,74.125.68.0-255,2902,87412,34,375116
15582,0.001388,172.31.33.0-255,66,87478,34,375116
15583,0.001418,74.125.68.0-255,4320,91798,34,375116
15584,0.001425,172.31.33.0-255,66,91864,34,375116
15585,0.001437,74.125.68.0-255,1484,93348,34,375116
15586,0.001445,74.125.68.0-255,7156,100504,34,375116
15587,0.001456,172.31.33.0-255,66,100570,34,375116
15588,0.001461,74.125.68.0-255,1382,101952,34,375116
15589,0.001617,172.31.33.0-255,66,102018,34,375116
15590,0.001851,74.125.68.0-255,1484,103502,34,375116
15591,0.001875,74.125.68.0-255,2902,106404,34,375116
15592,0.001897,74.125.68.0-255,4320,110724,34,375116
15593,0.001903,172.31.33.0-255,66,110790,34,375116
15594,0.001909,74.125.68.0-255,2902,113692,34,375116
15595,0.00191,172.31.33.0-255,66,113758,34,375116
15596,0.001927,74.125.68.0-255,4320,118078,34,375116
15597,0.00194,172.31.33.0-255,66,118144,34,375116
15598,0.00197,74.125.68.0-255,1484,119628,34,375116
15599,0.001983,74.125.68.0-255,2902,122530,34,375116
15600,0.00199,172.31.33.0-255,66,122596,34,375116
15601,0.001997,74.125.68.0-255,1484,124080,34,375116
15602,0.002016,74.125.68.0-255,4320,128400,34,375116
15603,0.002019,74.125.68.0-255,1484,129884,34,375116
15604,0.00202,172.31.33.0-255,66,129950,34,375116
15605,0.002034,74.125.68.0-255,2902,132852,34,375116
15606,0.002048,172.31.33.0-255,66,132918,34,375116
15607,0.002066,74.125.68.0-255,2902,135820,34,375116
15608,0.00207,172.31.33.0-255,66,135886,34,375116
15609,0.002098,74.125.68.0-255,766,136652,34,375116
15610,0.002213,172.31.33.0-255,66,136718,34,375116
15611,0.002232,74.125.68.0-255,1484,138202,34,375116
15612,0.002267,74.125.68.0-255,1484,139686,34,375116
15613,0.00227,172.31.33.0-255,66,139752,34,375116
15614,0.002291,74.125.68.0-255,2902,142654,34,375116
15615,0.002299,172.31.33.0-255,66,142720,34,375116
15616,0.002311,74.125.68.0-255,1484,144204,34,375116
15617,0.00233,74.125.68.0-255,2902,147106,34,375116
15618,0.002333,172.31.33.0-255,66,147172,34,375116
15619,0.002336,74.125.68.0-255,1484,148656,34,375116
15620,0.00235,74.125.68.0-255,2902,151558,34,375116
15621,0.002355,172.31.33.0-255,66,151624,34,375116
15622,0.002381,74.125.68.0-255,5738,157362,34,375116
15623,0.002384,172.31.33.0-255,66,157428,34,375116
15624,0.002391,74.125.68.0-255,7156,164584,34,375116
15625,0.002402,172.31.33.0-255,66,164650,34,375116
15626,0.002423,74.125.68.0-255,4320,168970,34,375116
15627,0.002426,74.125.68.0-255,1484,170454,34,375116
15628,0.002435,172.31.33.0-255,66,170520,34,375116
15629,0.00246,74.125.68.0-255,766,171286,34,375116
15630,0.002543,172.31.33.0-255,66,171352,34,375116
15631,0.002998,74.125.68.0-255,1484,172836,34,375116
15632,0.003006,74.125.68.0-255,1484,174320,34,375116
15633,0.00302,74.125.68.0-255,1484,175804,34,375116
15634,0.003023,74.125.68.0-255,1484,177288,34,375116
15635,0.00304,172.31.33.0-255,66,177354,34,375116
15636,0.003041,74.125.68.0-255,2902,180256,34,375116
15637,0.003044,74.125.68.0-255,2902,183158,34,375116
15638,0.003046,172.31.33.0-255,66,183224,34,375116
15639,0.003076,74.125.68.0-255,1484,184708,34,375116
15640,0.003085,172.31.33.0-255,66,184774,34,375116
15641,0.003092,74.125.68.0-255,4320,189094,34,375116
15642,0.003095,74.125.68.0-255,1484,190578,34,375116
15643,0.003116,172.31.33.0-255,66,190644,34,375116
15644,0.003118,74.125.68.0-255,2902,193546,34,375116
15645,0.003122,74.125.68.0-255,1484,195030,34,375116
15646,0.003131,172.31.33.0-255,66,195096,34,375116
15647,0.003134,74.125.68.0-255,1484,196580,34,375116
15648,0.00316,74.125.68.0-255,7156,203736,34,375116
15649,0.003166,172.31.33.0-255,66,203802,34,375116
15650,0.003185,74.125.68.0-255,2184,205986,34,375116
15651,0.003192,172.31.33.0-255,66,206052,34,375116
15652,0.003651,74.125.68.0-255,1484,207536,34,375116
15653,0.003674,74.125.68.0-255,2902,210438,34,375116
15654,0.00368,172.31.33.0-255,66,210504,34,375116
15655,0.003684,74.125.68.0-255,1484,211988,34,375116
15656,0.0037,74.125.68.0-255,1484,213472,34,375116
15657,0.003704,74.125.68.0-255,2902,216374,34,375116
15658,0.003704,172.31.33.0-255,66,216440,34,375116
15659,0.003722,74.125.68.0-255,2902,219342,34,375116
15660,0.003733,172.31.33.0-255,66,219408,34,375116
15661,0.003737,74.125.68.0-255,2902,222310,34,375116
15662,0.003741,74.125.68.0-255,1484,223794,34,375116
15663,0.003744,74.125.68.0-255,1484,225278,34,375116
15664,0.003748,74.125.68.0-255,4320,229598,34,375116
15665,0.003763,172.31.33.0-255,66,229664,34,375116
15666,0.003781,74.125.68.0-255,4320,233984,34,375116
15667,0.003788,172.31.33.0-255,66,234050,34,375116
15668,0.003808,74.125.68.0-255,2902,236952,34,375116
15669,0.003813,74.125.68.0-255,3602,240554,34,375116
15670,0.003816,172.31.33.0-255,66,240620,34,375116
15671,0.003966,74.125.68.0-255,1484,242104,34,375116
15672,0.003986,74.125.68.0-255,2902,245006,34,375116
15673,0.00399,172.31.33.0-255,66,245072,34,375116
15674,0.003994,74.125.68.0-255,1484,246556,34,375116
15675,0.004018,74.125.68.0-255,2902,249458,34,375116
15676,0.004025,74.125.68.0-255,5738,255196,34,375116
15677,0.004029,172.31.33.0-255,66,255262,34,375116
15678,0.004088,74.125.68.0-255,7156,262418,34,375116
15679,0.004093,172.31.33.0-255,66,262484,34,375116
15680,0.004134,74.125.68.0-255,4320,266804,34,375116
15681,0.004142,172.31.33.0-255,66,266870,34,375116
15682,0.004145,74.125.68.0-255,1484,268354,34,375116
15683,0.004148,172.31.33.0-255,66,268420,34,375116
15684,0.004163,74.125.68.0-255,1484,269904,34,375116
15685,0.004168,74.125.68.0-255,4320,274224,34,375116
15686,0.004173,172.31.33.0-255,66,274290,34,375116
15687,0.004195,74.125.68.0-255,1484,275774,34,375116
15688,0.004213,74.125.68.0-255,1484,277258,34,375116
15689,0.004224,172.31.33.0-255,66,277324,34,375116
15690,0.004283,74.125.68.0-255,4320,281644,34,375116
15691,0.004288,172.31.33.0-255,66,281710,34,375116
15692,0.004295,74.125.68.0-255,5738,287448,34,375116
15693,0.004299,74.125.68.0-255,2902,290350,34,375116
15694,0.004303,172.31.33.0-255,66,290416,34,375116
15695,0.004325,74.125.68.0-255,1484,291900,34,375116
15696,0.004329,74.125.68.0-255,1484,293384,34,375116
15697,0.004333,74.125.68.0-255,2902,296286,34,375116
15698,0.004337,74.125.68.0-255,1484,297770,34,375116
15699,0.004343,172.31.33.0-255,66,297836,34,375116
15700,0.004361,74.125.68.0-255,3602,301438,34,375116
15701,0.004369,172.31.33.0-255,66,301504,34,375116
15702,0.004517,74.125.68.0-255,1484,302988,34,375116
15703,0.004552,74.125.68.0-255,2902,305890,34,375116
15704,0.004556,172.31.33.0-255,66,305956,34,375116
15705,0.004607,74.125.68.0-255,2902,308858,34,375116
15706,0.004612,172.31.33.0-255,66,308924,34,375116
15707,0.004635,74.125.68.0-255,1484,310408,34,375116
15708,0.004641,74.125.68.0-255,4320,314728,34,375116
15709,0.004646,74.125.68.0-255,4320,319048,34,375116
15710,0.004647,172.31.33.0-255,66,319114,34,375116
15711,0.004648,74.125.68.0-255,1484,320598,34,375116
15712,0.004654,74.125.68.0-255,7156,327754,34,375116
15713,0.004657,74.125.68.0-255,1484,329238,34,375116
15714,0.004663,74.125.68.0-255,6438,335676,34,375116
15715,0.004664,172.31.33.0-255,66,335742,34,375116
15716,0.004668,172.31.33.0-255,66,335808,34,375116
15717,0.005087,74.125.68.0-255,1484,337292,34,375116
15718,0.005104,74.125.68.0-255,2902,340194,34,375116
15719,0.005109,172.31.33.0-255,66,340260,34,375116
15720,0.005115,74.125.68.0-255,2902,343162,34,375116
15721,0.005136,74.125.68.0-255,1484,344646,34,375116
15722,0.005154,74.125.68.0-255,1484,346130,34,375116
15723,0.00518,74.125.68.0-255,7156,353286,34,375116
15724,0.005219,74.125.68.0-255,4320,357606,34,375116
15725,0.005269,74.125.68.0-255,3602,361208,34,375116
15726,0.005276,74.125.68.0-255,4320,365528,34,375116
15727,0.005335,74.125.68.0-255,7156,372684,34,375116
15728,0.005341,74.125.68.0-255,1484,374168,34,375116
15729,0.005378,74.125.68.0-255,843,375011,34,375116
15730,0.005465,74.125.68.0-255,105,375116,34,375116
15731,0.0,172.217.194.0-255,151,151,34,137913
15732,2.9e-05,172.31.33.0-255,66,217,34,137913
15733,3.5e-05,172.217.194.0-255,1484,1701,34,137913
15734,3.9e-05,172.31.33.0-255,66,1767,34,137913
15735,4.3e-05,172.217.194.0-255,2902,4669,34,137913
15736,4.5e-05,172.31.33.0-255,66,4735,34,137913
15737,5e-05,172.217.194.0-255,5738,10473,34,137913
15738,5.1e-05,172.31.33.0-255,66,10539,34,137913
15739,7.4e-05,172.217.194.0-255,1484,12023,34,137913
15740,7.6e-05,172.31.33.0-255,66,12089,34,137913
15741,7.9e-05,172.217.194.0-255,1484,13573,34,137913
15742,8.1e-05,172.31.33.0-255,66,13639,34,137913
15743,0.000114,172.31.33.0-255,66,13705,34,137913
15744,0.000118,172.217.194.0-255,2543,16248,34,137913
15745,0.000121,172.31.33.0-255,66,16314,34,137913
15746,0.000154,172.217.194.0-255,1484,17798,34,137913
15747,0.000158,172.31.33.0-255,66,17864,34,137913
15748,0.000163,172.217.194.0-255,2902,20766,34,137913
15749,0.000165,172.31.33.0-255,66,20832,34,137913
15750,0.000168,172.217.194.0-255,1484,22316,34,137913
15751,0.000169,172.31.33.0-255,66,22382,34,137913
15752,0.000186,172.217.194.0-255,4320,26702,34,137913
15753,0.00019,172.31.33.0-255,66,26768,34,137913
15754,0.000228,172.31.33.0-255,66,26834,34,137913
15755,0.000285,172.31.33.0-255,66,26900,34,137913
15756,0.000287,172.217.194.0-255,379,27279,34,137913
15757,0.000289,172.31.33.0-255,66,27345,34,137913
15758,0.000456,172.217.194.0-255,1484,28829,34,137913
15759,0.00046,172.31.33.0-255,66,28895,34,137913
15760,0.000465,172.217.194.0-255,2902,31797,34,137913
15761,0.000469,172.217.194.0-255,1484,33281,34,137913
15762,0.000479,172.31.33.0-255,66,33347,34,137913
15763,0.000483,172.217.194.0-255,4320,37667,34,137913
15764,0.000497,172.31.33.0-255,66,37733,34,137913
15765,0.000516,172.31.33.0-255,66,37799,34,137913
15766,0.000547,172.217.194.0-255,766,38565,34,137913
15767,0.000557,172.31.33.0-255,66,38631,34,137913
15768,0.00066,172.217.194.0-255,1484,40115,34,137913
15769,0.000663,172.217.194.0-255,1484,41599,34,137913
15770,0.000667,172.31.33.0-255,66,41665,34,137913
15771,0.000687,172.217.194.0-255,1484,43149,34,137913
15772,0.000693,172.217.194.0-255,5738,48887,34,137913
15773,0.000696,172.217.194.0-255,1484,50371,34,137913
15774,0.000705,172.31.33.0-255,66,50437,34,137913
15775,0.000733,172.31.33.0-255,66,50503,34,137913
15776,0.000734,172.217.194.0-255,2902,53405,34,137913
15777,0.00074,172.31.33.0-255,66,53471,34,137913
15778,0.000784,172.31.33.0-255,66,53537,34,137913
15779,0.0008,172.31.33.0-255,66,53603,34,137913
15780,0.000825,172.217.194.0-255,2902,56505,34,137913
15781,0.000838,172.31.33.0-255,66,56571,34,137913
15782,0.000863,172.31.33.0-255,66,56637,34,137913
15783,0.000864,172.217.194.0-255,7156,63793,34,137913
15784,0.000885,172.31.33.0-255,66,63859,34,137913
15785,0.000891,172.217.194.0-255,5738,69597,34,137913
15786,0.0009,172.31.33.0-255,66,69663,34,137913
15787,0.000905,172.31.33.0-255,66,69729,34,137913
15788,0.000925,172.217.194.0-255,2902,72631,34,137913
15789,0.000929,172.31.33.0-255,66,72697,34,137913
15790,0.000952,172.31.33.0-255,66,72763,34,137913
15791,0.000962,172.217.194.0-255,4320,77083,34,137913
15792,0.000966,172.31.33.0-255,66,77149,34,137913
15793,0.000981,172.217.194.0-255,7156,84305,34,137913
15794,0.000986,172.217.194.0-255,4320,88625,34,137913
15795,0.000995,172.31.33.0-255,66,88691,34,137913
15796,0.001011,172.31.33.0-255,66,88757,34,137913
15797,0.00107,172.217.194.0-255,5738,94495,34,137913
15798,0.001075,172.31.33.0-255,66,94561,34,137913
15799,0.001087,172.217.194.0-255,2184,96745,34,137913
15800,0.001101,172.31.33.0-255,66,96811,34,137913
15801,0.001114,172.31.33.0-255,66,96877,34,137913
15802,0.001161,172.31.33.0-255,66,96943,34,137913
15803,0.001196,172.31.33.0-255,66,97009,34,137913
15804,0.001211,172.31.33.0-255,66,97075,34,137913
15805,0.001214,172.217.194.0-255,1484,98559,34,137913
15806,0.001256,172.31.33.0-255,66,98625,34,137913
15807,0.001302,172.217.194.0-255,4320,102945,34,137913
15808,0.001302,172.31.33.0-255,66,103011,34,137913
15809,0.001307,172.31.33.0-255,66,103077,34,137913
15810,0.001315,172.217.194.0-255,4320,107397,34,137913
15811,0.001321,172.31.33.0-255,66,107463,34,137913
15812,0.001344,172.217.194.0-255,2902,110365,34,137913
15813,0.001352,172.31.33.0-255,66,110431,34,137913
15814,0.001377,172.31.33.0-255,66,110497,34,137913
15815,0.001385,172.217.194.0-255,1484,111981,34,137913
15816,0.001408,172.31.33.0-255,66,112047,34,137913
15817,0.001419,172.217.194.0-255,4320,116367,34,137913
15818,0.001421,172.217.194.0-255,1484,117851,34,137913
15819,0.001422,172.31.33.0-255,66,117917,34,137913
15820,0.001454,172.217.194.0-255,5738,123655,34,137913
15821,0.001462,172.31.33.0-255,66,123721,34,137913
15822,0.00147,172.217.194.0-255,4320,128041,34,137913
15823,0.001473,172.31.33.0-255,66,128107,34,137913
15824,0.001489,172.217.194.0-255,6438,134545,34,137913
15825,0.001494,172.31.33.0-255,66,134611,34,137913
15826,0.001505,172.217.194.0-255,2902,137513,34,137913
15827,0.001509,172.31.33.0-255,66,137579,34,137913
15828,0.001539,172.31.33.0-255,66,137645,34,137913
15829,0.001546,172.217.194.0-255,97,137742,34,137913
15830,0.00155,172.31.33.0-255,66,137808,34,137913
15831,0.001609,172.217.194.0-255,105,137913,34,137913
15832,0.0,74.125.68.0-255,146,146,34,319652
15833,2.4e-05,172.31.33.0-255,66,212,34,319652
15834,2.9e-05,74.125.68.0-255,1484,1696,34,319652
15835,3.3e-05,172.31.33.0-255,66,1762,34,319652
15836,3.5e-05,74.125.68.0-255,1484,3246,34,319652
15837,3.7e-05,172.31.33.0-255,66,3312,34,319652
15838,8.7e-05,74.125.68.0-255,1484,4796,34,319652
15839,9.1e-05,172.31.33.0-255,66,4862,34,319652
15840,0.000104,74.125.68.0-255,2902,7764,34,319652
15841,0.000109,172.31.33.0-255,66,7830,34,319652
15842,0.000138,74.125.68.0-255,5738,13568,34,319652
15843,0.000141,172.31.33.0-255,66,13634,34,319652
15844,0.000143,74.125.68.0-255,731,14365,34,319652
15845,0.000145,172.31.33.0-255,66,14431,34,319652
15846,0.000148,74.125.68.0-255,1484,15915,34,319652
15847,0.000149,172.31.33.0-255,66,15981,34,319652
15848,0.000182,74.125.68.0-255,4320,20301,34,319652
15849,0.000185,172.31.33.0-255,66,20367,34,319652
15850,0.000198,74.125.68.0-255,5738,26105,34,319652
15851,0.000204,172.31.33.0-255,66,26171,34,319652
15852,0.000226,74.125.68.0-255,4320,30491,34,319652
15853,0.00024,172.31.33.0-255,66,30557,34,319652
15854,0.000244,74.125.68.0-255,1125,31682,34,319652
15855,0.000246,172.31.33.0-255,66,31748,34,319652
15856,0.000343,74.125.68.0-255,1484,33232,34,319652
15857,0.000346,172.31.33.0-255,66,33298,34,319652
15858,0.000351,74.125.68.0-255,2902,36200,34,319652
15859,0.000354,172.31.33.0-255,66,36266,34,319652
15860,0.000373,74.125.68.0-255,1484,37750,34,319652
15861,0.000375,172.31.33.0-255,66,37816,34,319652
15862,0.000402,74.125.68.0-255,4320,42136,34,319652
15863,0.000405,172.31.33.0-255,66,42202,34,319652
15864,0.000411,74.125.68.0-255,4320,46522,34,319652
15865,0.000413,172.31.33.0-255,66,46588,34,319652
15866,0.000442,74.125.68.0-255,5379,51967,34,319652
15867,0.000446,172.31.33.0-255,66,52033,34,319652
15868,0.000464,74.125.68.0-255,1484,53517,34,319652
15869,0.000478,74.125.68.0-255,2902,56419,34,319652
15870,0.000481,172.31.33.0-255,66,56485,34,319652
15871,0.000511,74.125.68.0-255,5738,62223,34,319652
15872,0.000514,172.31.33.0-255,66,62289,34,319652
15873,0.000519,74.125.68.0-255,2902,65191,34,319652
15874,0.00052,172.31.33.0-255,66,65257,34,319652
15875,0.000549,74.125.68.0-255,1399,66656,34,319652
15876,0.000584,74.125.68.0-255,384,67040,34,319652
15877,0.000586,172.31.33.0-255,66,67106,34,319652
15878,0.000694,74.125.68.0-255,1484,68590,34,319652
15879,0.000707,74.125.68.0-255,1484,70074,34,319652
15880,0.00071,172.31.33.0-255,66,70140,34,319652
15881,0.000714,74.125.68.0-255,1484,71624,34,319652
15882,0.000734,74.125.68.0-255,1484,73108,34,319652
15883,0.000736,172.31.33.0-255,66,73174,34,319652
15884,0.000741,74.125.68.0-255,2902,76076,34,319652
15885,0.000744,172.31.33.0-255,66,76142,34,319652
15886,0.000771,74.125.68.0-255,2902,79044,34,319652
15887,0.000774,74.125.68.0-255,4320,83364,34,319652
15888,0.000774,172.31.33.0-255,66,83430,34,319652
15889,0.000778,172.31.33.0-255,66,83496,34,319652
15890,0.00078,74.125.68.0-255,5738,89234,34,319652
15891,0.000782,172.31.33.0-255,66,89300,34,319652
15892,0.000813,172.31.33.0-255,66,89366,34,319652
15893,0.000831,74.125.68.0-255,2902,92268,34,319652
15894,0.000834,172.31.33.0-255,66,92334,34,319652
15895,0.000836,74.125.68.0-255,766,93100,34,319652
15896,0.000913,74.125.68.0-255,1484,94584,34,319652
15897,0.000917,172.31.33.0-255,66,94650,34,319652
15898,0.00093,74.125.68.0-255,2902,97552,34,319652
15899,0.000936,172.31.33.0-255,66,97618,34,319652
15900,0.000964,74.125.68.0-255,5738,103356,34,319652
15901,0.000967,172.31.33.0-255,66,103422,34,319652
15902,0.000974,74.125.68.0-255,6245,109667,34,319652
15903,0.000976,172.31.33.0-255,66,109733,34,319652
15904,0.00101,74.125.68.0-255,7156,116889,34,319652
15905,0.001014,172.31.33.0-255,66,116955,34,319652
15906,0.001036,74.125.68.0-255,1484,118439,34,319652
15907,0.001056,74.125.68.0-255,2902,121341,34,319652
15908,0.001058,172.31.33.0-255,66,121407,34,319652
15909,0.001061,74.125.68.0-255,1484,122891,34,319652
15910,0.001082,74.125.68.0-255,2902,125793,34,319652
15911,0.001084,172.31.33.0-255,66,125859,34,319652
15912,0.001107,74.125.68.0-255,4320,130179,34,319652
15913,0.001109,172.31.33.0-255,66,130245,34,319652
15914,0.001132,74.125.68.0-255,1484,131729,34,319652
15915,0.001136,74.125.68.0-255,2902,134631,34,319652
15916,0.001139,74.125.68.0-255,4320,138951,34,319652
15917,0.001139,172.31.33.0-255,66,139017,34,319652
15918,0.001142,172.31.33.0-255,66,139083,34,319652
15919,0.001178,74.125.68.0-255,1484,140567,34,319652
15920,0.001192,74.125.68.0-255,3602,144169,34,319652
15921,0.001194,172.31.33.0-255,66,144235,34,319652
15922,0.001247,74.125.68.0-255,1484,145719,34,319652
15923,0.001258,74.125.68.0-255,2902,148621,34,319652
15924,0.001261,172.31.33.0-255,66,148687,34,319652
15925,0.001264,74.125.68.0-255,1484,150171,34,319652
15926,0.001317,74.125.68.0-255,2902,153073,34,319652
15927,0.001321,172.31.33.0-255,66,153139,34,319652
15928,0.001326,74.125.68.0-255,5738,158877,34,319652
15929,0.001328,172.31.33.0-255,66,158943,34,319652
15930,0.001337,74.125.68.0-255,4320,163263,34,319652
15931,0.00134,172.31.33.0-255,66,163329,34,319652
15932,0.001372,172.31.33.0-255,66,163395,34,319652
15933,0.001377,74.125.68.0-255,3602,166997,34,319652
15934,0.001378,172.31.33.0-255,66,167063,34,319652
15935,0.001405,74.125.68.0-255,4320,171383,34,319652
15936,0.001407,172.31.33.0-255,66,171449,34,319652
15937,0.00143,74.125.68.0-255,4320,175769,34,319652
15938,0.001433,172.31.33.0-255,66,175835,34,319652
15939,0.001459,74.125.68.0-255,2902,178737,34,319652
15940,0.001462,172.31.33.0-255,66,178803,34,319652
15941,0.00147,172.31.33.0-255,66,178869,34,319652
15942,0.001474,74.125.68.0-255,2902,181771,34,319652
15943,0.001479,172.31.33.0-255,66,181837,34,319652
15944,0.001509,172.31.33.0-255,66,181903,34,319652
15945,0.001527,74.125.68.0-255,2184,184087,34,319652
15946,0.001532,172.31.33.0-255,66,184153,34,319652
15947,0.00169,74.125.68.0-255,1484,185637,34,319652
15948,0.001722,74.125.68.0-255,1484,187121,34,319652
15949,0.001725,172.31.33.0-255,66,187187,34,319652
15950,0.001741,74.125.68.0-255,2902,190089,34,319652
15951,0.001743,172.31.33.0-255,66,190155,34,319652
15952,0.001762,74.125.68.0-255,5738,195893,34,319652
15953,0.001765,172.31.33.0-255,66,195959,34,319652
15954,0.00179,74.125.68.0-255,5738,201697,34,319652
15955,0.001793,172.31.33.0-255,66,201763,34,319652
15956,0.001816,74.125.68.0-255,2902,204665,34,319652
15957,0.001819,172.31.33.0-255,66,204731,34,319652
15958,0.00184,172.31.33.0-255,66,204797,34,319652
15959,0.001844,74.125.68.0-255,3602,208399,34,319652
15960,0.001846,172.31.33.0-255,66,208465,34,319652
15961,0.002073,74.125.68.0-255,1484,209949,34,319652
15962,0.002077,74.125.68.0-255,1484,211433,34,319652
15963,0.00208,172.31.33.0-255,66,211499,34,319652
15964,0.002114,74.125.68.0-255,2902,214401,34,319652
15965,0.002117,172.31.33.0-255,66,214467,34,319652
15966,0.002122,74.125.68.0-255,5738,220205,34,319652
15967,0.002123,172.31.33.0-255,66,220271,34,319652
15968,0.002125,74.125.68.0-255,1484,221755,34,319652
15969,0.002148,74.125.68.0-255,2902,224657,34,319652
15970,0.002151,172.31.33.0-255,66,224723,34,319652
15971,0.002154,74.125.68.0-255,1484,226207,34,319652
15972,0.002179,74.125.68.0-255,1484,227691,34,319652
15973,0.002183,172.31.33.0-255,66,227757,34,319652
15974,0.002186,74.125.68.0-255,1484,229241,34,319652
15975,0.00219,74.125.68.0-255,2902,232143,34,319652
15976,0.002193,172.31.33.0-255,66,232209,34,319652
15977,0.002214,74.125.68.0-255,1484,233693,34,319652
15978,0.00223,74.125.68.0-255,4320,238013,34,319652
15979,0.002233,172.31.33.0-255,66,238079,34,319652
15980,0.002257,74.125.68.0-255,2902,240981,34,319652
15981,0.002266,172.31.33.0-255,66,241047,34,319652
15982,0.00227,74.125.68.0-255,1484,242531,34,319652
15983,0.002272,74.125.68.0-255,766,243297,34,319652
15984,0.002274,172.31.33.0-255,66,243363,34,319652
15985,0.002382,74.125.68.0-255,1484,244847,34,319652
15986,0.002386,74.125.68.0-255,1484,246331,34,319652
15987,0.00239,172.31.33.0-255,66,246397,34,319652
15988,0.00242,74.125.68.0-255,1484,247881,34,319652
15989,0.002427,74.125.68.0-255,5738,253619,34,319652
15990,0.002431,172.31.33.0-255,66,253685,34,319652
15991,0.002434,74.125.68.0-255,1484,255169,34,319652
15992,0.002438,74.125.68.0-255,2902,258071,34,319652
15993,0.00244,172.31.33.0-255,66,258137,34,319652
15994,0.002445,74.125.68.0-255,2902,261039,34,319652
15995,0.002447,172.31.33.0-255,66,261105,34,319652
15996,0.002452,74.125.68.0-255,4320,265425,34,319652
15997,0.002455,172.31.33.0-255,66,265491,34,319652
15998,0.002458,74.125.68.0-255,1484,266975,34,319652
15999,0.002488,74.125.68.0-255,1484,268459,34,319652
16000,0.002493,172.31.33.0-255,66,268525,34,319652
16001,0.002499,172.31.33.0-255,66,268591,34,319652
16002,0.002538,74.125.68.0-255,1484,270075,34,319652
16003,0.002557,74.125.68.0-255,2902,272977,34,319652
16004,0.002561,172.31.33.0-255,66,273043,34,319652
16005,0.002567,74.125.68.0-255,5738,278781,34,319652
16006,0.002569,172.31.33.0-255,66,278847,34,319652
16007,0.002599,74.125.68.0-255,7156,286003,34,319652
16008,0.002603,172.31.33.0-255,66,286069,34,319652
16009,0.002607,74.125.68.0-255,2902,288971,34,319652
16010,0.002616,172.31.33.0-255,66,289037,34,319652
16011,0.002677,172.31.33.0-255,66,289103,34,319652
16012,0.002681,74.125.68.0-255,2184,291287,34,319652
16013,0.002683,172.31.33.0-255,66,291353,34,319652
16014,0.002726,172.31.33.0-255,66,291419,34,319652
16015,0.002732,74.125.68.0-255,5738,297157,34,319652
16016,0.002735,172.31.33.0-255,66,297223,34,319652
16017,0.002774,74.125.68.0-255,5738,302961,34,319652
16018,0.002779,172.31.33.0-255,66,303027,34,319652
16019,0.002785,74.125.68.0-255,6438,309465,34,319652
16020,0.002788,172.31.33.0-255,66,309531,34,319652
16021,0.002794,74.125.68.0-255,7156,316687,34,319652
16022,0.002797,172.31.33.0-255,66,316753,34,319652
16023,0.0028,74.125.68.0-255,1484,318237,34,319652
16024,0.002803,74.125.68.0-255,1147,319384,34,319652
16025,0.002806,172.31.33.0-255,66,319450,34,319652
16026,0.002809,74.125.68.0-255,97,319547,34,319652
16027,0.002868,74.125.68.0-255,105,319652,34,319652
16028,0.0,172.217.27.0-255,153,153,34,160579
16029,2.4e-05,172.31.33.0-255,66,219,34,160579
16030,3.2e-05,172.217.27.0-255,1484,1703,34,160579
16031,3.7e-05,172.31.33.0-255,66,1769,34,160579
16032,4.8e-05,172.217.27.0-255,1484,3253,34,160579
16033,5.1e-05,172.31.33.0-255,66,3319,34,160579
16034,5.7e-05,172.217.27.0-255,2902,6221,34,160579
16035,6e-05,172.31.33.0-255,66,6287,34,160579
16036,9.1e-05,172.217.27.0-255,5738,12025,34,160579
16037,9.4e-05,172.31.33.0-255,66,12091,34,160579
16038,0.000145,172.217.27.0-255,2062,14153,34,160579
16039,0.000147,172.31.33.0-255,66,14219,34,160579
16040,0.000321,172.217.27.0-255,1484,15703,34,160579
16041,0.000327,172.31.33.0-255,66,15769,34,160579
16042,0.000333,172.217.27.0-255,2902,18671,34,160579
16043,0.000335,172.31.33.0-255,66,18737,34,160579
16044,0.00037,172.217.27.0-255,5738,24475,34,160579
16045,0.000373,172.31.33.0-255,66,24541,34,160579
16046,0.000429,172.217.27.0-255,4320,28861,34,160579
16047,0.000432,172.31.33.0-255,66,28927,34,160579
16048,0.000479,172.217.27.0-255,4320,33247,34,160579
16049,0.000482,172.31.33.0-255,66,33313,34,160579
16050,0.000516,172.31.33.0-255,66,33379,34,160579
16051,0.00065,172.217.27.0-255,5738,39117,34,160579
16052,0.000655,172.31.33.0-255,66,39183,34,160579
16053,0.000716,172.217.27.0-255,4320,43503,34,160579
16054,0.00072,172.31.33.0-255,66,43569,34,160579
16055,0.000764,172.31.33.0-255,66,43635,34,160579
16056,0.000938,172.217.27.0-255,395,44030,34,160579
16057,0.000943,172.31.33.0-255,66,44096,34,160579
16058,0.001262,172.217.27.0-255,117,44213,34,160579
16059,0.001519,172.217.27.0-255,1484,45697,34,160579
16060,0.001527,172.217.27.0-255,2902,48599,34,160579
16061,0.00155,172.217.27.0-255,2902,51501,34,160579
16062,0.001566,172.217.27.0-255,2902,54403,34,160579
16063,0.001632,172.217.27.0-255,5738,60141,34,160579
16064,0.001651,172.217.27.0-255,4320,64461,34,160579
16065,0.001668,172.217.27.0-255,2902,67363,34,160579
16066,0.001785,172.217.27.0-255,1484,68847,34,160579
16067,0.001819,172.217.27.0-255,4320,73167,34,160579
16068,0.001835,172.217.27.0-255,5020,78187,34,160579
16069,0.002804,172.217.27.0-255,1484,79671,34,160579
16070,0.002841,172.217.27.0-255,1484,81155,34,160579
16071,0.002861,172.217.27.0-255,1484,82639,34,160579
16072,0.002874,172.217.27.0-255,1484,84123,34,160579
16073,0.002879,172.217.27.0-255,2902,87025,34,160579
16074,0.002922,172.217.27.0-255,5738,92763,34,160579
16075,0.002993,172.217.27.0-255,4320,97083,34,160579
16076,0.003003,172.217.27.0-255,1484,98567,34,160579
16077,0.00302,172.217.27.0-255,7156,105723,34,160579
16078,0.003153,172.217.27.0-255,6438,112161,34,160579
16079,0.003229,172.217.27.0-255,4320,116481,34,160579
16080,0.003244,172.217.27.0-255,2902,119383,34,160579
16081,0.003322,172.217.27.0-255,1484,120867,34,160579
16082,0.003359,172.217.27.0-255,2902,123769,34,160579
16083,0.003368,172.217.27.0-255,1484,125253,34,160579
16084,0.00353,172.217.27.0-255,2902,128155,34,160579
16085,0.003928,172.217.27.0-255,4320,132475,34,160579
16086,0.003951,172.217.27.0-255,5738,138213,34,160579
16087,0.004057,172.217.27.0-255,2184,140397,34,160579
16088,0.004081,172.217.27.0-255,2902,143299,34,160579
16089,0.004124,172.217.27.0-255,4320,147619,34,160579
16090,0.004514,172.217.27.0-255,5738,153357,34,160579
16091,0.005161,172.217.27.0-255,7156,160513,34,160579
16092,0.009085,172.31.33.0-255,66,160579,34,160579
16093,0.0,74.125.24.0-255,153,153,34,66269
16094,1.6e-05,172.31.33.0-255,66,219,34,66269
16095,2.3e-05,74.125.24.0-255,1484,1703,34,66269
16096,2.7e-05,172.31.33.0-255,66,1769,34,66269
16097,4e-05,74.125.24.0-255,2902,4671,34,66269
16098,4.3e-05,172.31.33.0-255,66,4737,34,66269
16099,9.5e-05,74.125.24.0-255,4320,9057,34,66269
16100,9.8e-05,172.31.33.0-255,66,9123,34,66269
16101,0.000124,74.125.24.0-255,2902,12025,34,66269
16102,0.000127,172.31.33.0-255,66,12091,34,66269
16103,0.00023,74.125.24.0-255,2164,14255,34,66269
16104,0.000234,172.31.33.0-255,66,14321,34,66269
16105,0.00027,74.125.24.0-255,2902,17223,34,66269
16106,0.000272,172.31.33.0-255,66,17289,34,66269
16107,0.000304,172.31.33.0-255,66,17355,34,66269
16108,0.000522,74.125.24.0-255,5379,22734,34,66269
16109,0.000529,172.31.33.0-255,66,22800,34,66269
16110,0.000625,172.31.33.0-255,66,22866,34,66269
16111,0.000657,172.31.33.0-255,66,22932,34,66269
16112,0.000959,74.125.24.0-255,4320,27252,34,66269
16113,0.000964,172.31.33.0-255,66,27318,34,66269
16114,0.001001,172.31.33.0-255,66,27384,34,66269
16115,0.001326,74.125.24.0-255,7156,34540,34,66269
16116,0.001332,172.31.33.0-255,66,34606,34,66269
16117,0.001385,172.31.33.0-255,66,34672,34,66269
16118,0.002015,172.31.33.0-255,66,34738,34,66269
16119,0.002716,74.125.24.0-255,2902,37640,34,66269
16120,0.002772,74.125.24.0-255,1484,39124,34,66269
16121,0.003006,74.125.24.0-255,2902,42026,34,66269
16122,0.004008,74.125.24.0-255,5738,47764,34,66269
16123,0.004087,74.125.24.0-255,4320,52084,34,66269
16124,0.004997,74.125.24.0-255,4320,56404,34,66269
16125,0.005091,74.125.24.0-255,4320,60724,34,66269
16126,0.005476,172.31.33.0-255,66,60790,34,66269
16127,0.006113,172.31.33.0-255,66,60856,34,66269
16128,0.006439,74.125.24.0-255,2902,63758,34,66269
16129,0.006445,172.31.33.0-255,66,63824,34,66269
16130,0.008023,74.125.24.0-255,2379,66203,34,66269
16131,0.009376,172.31.33.0-255,66,66269,34,66269
16132,0.0,172.217.194.0-255,219,219,34,213667
16133,1.9e-05,172.31.33.0-255,66,285,34,213667
16134,2.4e-05,172.217.194.0-255,1484,1769,34,213667
16135,2.7e-05,172.31.33.0-255,66,1835,34,213667
16136,3.2e-05,172.217.194.0-255,4320,6155,34,213667
16137,3.4e-05,172.31.33.0-255,66,6221,34,213667
16138,6.8e-05,172.31.33.0-255,66,6287,34,213667
16139,0.0001,172.31.33.0-255,66,6353,34,213667
16140,0.000124,172.217.194.0-255,5738,12091,34,213667
16141,0.000127,172.31.33.0-255,66,12157,34,213667
16142,0.000149,172.217.194.0-255,2543,14700,34,213667
16143,0.000151,172.31.33.0-255,66,14766,34,213667
16144,0.000173,172.217.194.0-255,1484,16250,34,213667
16145,0.000175,172.31.33.0-255,66,16316,34,213667
16146,0.000179,172.217.194.0-255,2902,19218,34,213667
16147,0.000181,172.31.33.0-255,66,19284,34,213667
16148,0.000213,172.217.194.0-255,5738,25022,34,213667
16149,0.000216,172.31.33.0-255,66,25088,34,213667
16150,0.000221,172.217.194.0-255,6797,31885,34,213667
16151,0.000223,172.31.33.0-255,66,31951,34,213667
16152,0.000267,172.217.194.0-255,5738,37689,34,213667
16153,0.00027,172.31.33.0-255,66,37755,34,213667
16154,0.0003,172.31.33.0-255,66,37821,34,213667
16155,0.000304,172.217.194.0-255,2543,40364,34,213667
16156,0.000306,172.31.33.0-255,66,40430,34,213667
16157,0.00046,172.217.194.0-255,361,40791,34,213667
16158,0.000464,172.31.33.0-255,66,40857,34,213667
16159,0.000467,172.217.194.0-255,381,41238,34,213667
16160,0.000469,172.31.33.0-255,66,41304,34,213667
16161,0.000852,172.217.194.0-255,1484,42788,34,213667
16162,0.000871,172.217.194.0-255,1484,44272,34,213667
16163,0.000874,172.31.33.0-255,66,44338,34,213667
16164,0.000902,172.217.194.0-255,1484,45822,34,213667
16165,0.000908,172.217.194.0-255,5738,51560,34,213667
16166,0.000911,172.31.33.0-255,66,51626,34,213667
16167,0.000922,172.31.33.0-255,66,51692,34,213667
16168,0.000934,172.217.194.0-255,7156,58848,34,213667
16169,0.000936,172.31.33.0-255,66,58914,34,213667
16170,0.000967,172.217.194.0-255,3602,62516,34,213667
16171,0.000969,172.31.33.0-255,66,62582,34,213667
16172,0.002366,172.217.194.0-255,1484,64066,34,213667
16173,0.002372,172.217.194.0-255,1484,65550,34,213667
16174,0.002376,172.31.33.0-255,66,65616,34,213667
16175,0.002383,172.217.194.0-255,4320,69936,34,213667
16176,0.002384,172.31.33.0-255,66,70002,34,213667
16177,0.002407,172.217.194.0-255,4320,74322,34,213667
16178,0.002409,172.31.33.0-255,66,74388,34,213667
16179,0.002423,172.217.194.0-255,2902,77290,34,213667
16180,0.002425,172.31.33.0-255,66,77356,34,213667
16181,0.002448,172.217.194.0-255,7156,84512,34,213667
16182,0.00245,172.31.33.0-255,66,84578,34,213667
16183,0.002461,172.217.194.0-255,7156,91734,34,213667
16184,0.002463,172.31.33.0-255,66,91800,34,213667
16185,0.002466,172.217.194.0-255,1484,93284,34,213667
16186,0.002472,172.217.194.0-255,3602,96886,34,213667
16187,0.002474,172.31.33.0-255,66,96952,34,213667
16188,0.003302,172.217.194.0-255,1484,98436,34,213667
16189,0.003313,172.217.194.0-255,2902,101338,34,213667
16190,0.003317,172.31.33.0-255,66,101404,34,213667
16191,0.00332,172.217.194.0-255,1484,102888,34,213667
16192,0.003338,172.217.194.0-255,4320,107208,34,213667
16193,0.00334,172.31.33.0-255,66,107274,34,213667
16194,0.003377,172.217.194.0-255,1484,108758,34,213667
16195,0.003413,172.31.33.0-255,66,108824,34,213667
16196,0.003429,172.31.33.0-255,66,108890,34,213667
16197,0.003472,172.217.194.0-255,1484,110374,34,213667
16198,0.003477,172.217.194.0-255,2902,113276,34,213667
16199,0.003479,172.31.33.0-255,66,113342,34,213667
16200,0.003509,172.217.194.0-255,5738,119080,34,213667
16201,0.003511,172.31.33.0-255,66,119146,34,213667
16202,0.003515,172.217.194.0-255,2902,122048,34,213667
16203,0.003517,172.31.33.0-255,66,122114,34,213667
16204,0.003555,172.31.33.0-255,66,122180,34,213667
16205,0.003589,172.31.33.0-255,66,122246,34,213667
16206,0.003632,172.217.194.0-255,1484,123730,34,213667
16207,0.003636,172.217.194.0-255,2902,126632,34,213667
16208,0.003639,172.31.33.0-255,66,126698,34,213667
16209,0.003668,172.217.194.0-255,5738,132436,34,213667
16210,0.003671,172.31.33.0-255,66,132502,34,213667
16211,0.00368,172.31.33.0-255,66,132568,34,213667
16212,0.003691,172.217.194.0-255,7156,139724,34,213667
16213,0.003693,172.31.33.0-255,66,139790,34,213667
16214,0.003715,172.217.194.0-255,2902,142692,34,213667
16215,0.003717,172.31.33.0-255,66,142758,34,213667
16216,0.003723,172.217.194.0-255,5020,147778,34,213667
16217,0.003726,172.31.33.0-255,66,147844,34,213667
16218,0.003777,172.217.194.0-255,1484,149328,34,213667
16219,0.00378,172.217.194.0-255,1484,150812,34,213667
16220,0.003782,172.31.33.0-255,66,150878,34,213667
16221,0.003803,172.217.194.0-255,1484,152362,34,213667
16222,0.003808,172.217.194.0-255,4320,156682,34,213667
16223,0.003811,172.31.33.0-255,66,156748,34,213667
16224,0.003837,172.217.194.0-255,1484,158232,34,213667
16225,0.003863,172.31.33.0-255,66,158298,34,213667
16226,0.003882,172.31.33.0-255,66,158364,34,213667
16227,0.003886,172.217.194.0-255,2184,160548,34,213667
16228,0.003888,172.31.33.0-255,66,160614,34,213667
16229,0.003926,172.217.194.0-255,1484,162098,34,213667
16230,0.003931,172.217.194.0-255,2902,165000,34,213667
16231,0.003935,172.31.33.0-255,66,165066,34,213667
16232,0.003941,172.217.194.0-255,5738,170804,34,213667
16233,0.003944,172.31.33.0-255,66,170870,34,213667
16234,0.003994,172.31.33.0-255,66,170936,34,213667
16235,0.004,172.217.194.0-255,7156,178092,34,213667
16236,0.004003,172.31.33.0-255,66,178158,34,213667
16237,0.004027,172.217.194.0-255,4320,182478,34,213667
16238,0.00403,172.31.33.0-255,66,182544,34,213667
16239,0.004034,172.217.194.0-255,2184,184728,34,213667
16240,0.004037,172.31.33.0-255,66,184794,34,213667
16241,0.004063,172.217.194.0-255,2902,187696,34,213667
16242,0.004066,172.31.33.0-255,66,187762,34,213667
16243,0.004072,172.217.194.0-255,4320,192082,34,213667
16244,0.004075,172.31.33.0-255,66,192148,34,213667
16245,0.004088,172.217.194.0-255,1484,193632,34,213667
16246,0.004115,172.217.194.0-255,7156,200788,34,213667
16247,0.004118,172.31.33.0-255,66,200854,34,213667
16248,0.004178,172.31.33.0-255,66,200920,34,213667
16249,0.004206,172.217.194.0-255,6438,207358,34,213667
16250,0.00421,172.31.33.0-255,66,207424,34,213667
16251,0.004224,172.31.33.0-255,66,207490,34,213667
16252,0.004245,172.217.194.0-255,5738,213228,34,213667
16253,0.004289,172.217.194.0-255,97,213325,34,213667
16254,0.004303,172.217.194.0-255,105,213430,34,213667
16255,0.004979,172.31.33.0-255,66,213496,34,213667
16256,0.007135,172.31.33.0-255,105,213601,34,213667
16257,0.009337,172.217.194.0-255,66,213667,34,213667
16258,0.0,172.217.194.0-255,149,149,34,101458
16259,2.5e-05,172.31.33.0-255,66,215,34,101458
16260,3.1e-05,172.217.194.0-255,1484,1699,34,101458
16261,3.5e-05,172.31.33.0-255,66,1765,34,101458
16262,4e-05,172.217.194.0-255,2902,4667,34,101458
16263,4.9e-05,172.31.33.0-255,66,4733,34,101458
16264,9e-05,172.217.194.0-255,5738,10471,34,101458
16265,9.3e-05,172.31.33.0-255,66,10537,34,101458
16266,0.000117,172.217.194.0-255,1484,12021,34,101458
16267,0.00012,172.31.33.0-255,66,12087,34,101458
16268,0.000223,172.217.194.0-255,1484,13571,34,101458
16269,0.000226,172.31.33.0-255,66,13637,34,101458
16270,0.000265,172.31.33.0-255,66,13703,34,101458
16271,0.000458,172.217.194.0-255,6797,20500,34,101458
16272,0.000463,172.31.33.0-255,66,20566,34,101458
16273,0.00059,172.217.194.0-255,4320,24886,34,101458
16274,0.000594,172.31.33.0-255,66,24952,34,101458
16275,0.00064,172.31.33.0-255,66,25018,34,101458
16276,0.00099,172.217.194.0-255,4320,29338,34,101458
16277,0.000997,172.31.33.0-255,66,29404,34,101458
16278,0.001035,172.31.33.0-255,66,29470,34,101458
16279,0.001208,172.217.194.0-255,676,30146,34,101458
16280,0.001212,172.31.33.0-255,66,30212,34,101458
16281,0.001236,172.217.194.0-255,4320,34532,34,101458
16282,0.001239,172.31.33.0-255,66,34598,34,101458
16283,0.001277,172.31.33.0-255,66,34664,34,101458
16284,0.001541,172.217.194.0-255,1484,36148,34,101458
16285,0.001544,172.31.33.0-255,66,36214,34,101458
16286,0.001573,172.31.33.0-255,66,36280,34,101458
16287,0.001823,172.217.194.0-255,4320,40600,34,101458
16288,0.001826,172.31.33.0-255,66,40666,34,101458
16289,0.001861,172.31.33.0-255,66,40732,34,101458
16290,0.002187,172.217.194.0-255,1484,42216,34,101458
16291,0.002219,172.31.33.0-255,66,42282,34,101458
16292,0.002252,172.31.33.0-255,66,42348,34,101458
16293,0.00284,172.217.194.0-255,4320,46668,34,101458
16294,0.002842,172.31.33.0-255,66,46734,34,101458
16295,0.002856,172.217.194.0-255,7156,53890,34,101458
16296,0.002899,172.217.194.0-255,5020,58910,34,101458
16297,0.003477,172.217.194.0-255,1484,60394,34,101458
16298,0.003506,172.217.194.0-255,2902,63296,34,101458
16299,0.003563,172.217.194.0-255,1484,64780,34,101458
16300,0.003573,172.217.194.0-255,4320,69100,34,101458
16301,0.003668,172.217.194.0-255,4320,73420,34,101458
16302,0.003919,172.217.194.0-255,7156,80576,34,101458
16303,0.003931,172.217.194.0-255,3602,84178,34,101458
16304,0.004127,172.217.194.0-255,1484,85662,34,101458
16305,0.004156,172.217.194.0-255,2902,88564,34,101458
16306,0.005895,172.217.194.0-255,5738,94302,34,101458
16307,0.006443,172.217.194.0-255,7156,101458,34,101458
16308,0.0,74.125.200.0-255,153,153,34,304277
16309,2.4e-05,172.31.33.0-255,66,219,34,304277
16310,3.3e-05,74.125.200.0-255,1484,1703,34,304277
16311,3.8e-05,172.31.33.0-255,66,1769,34,304277
16312,4.4e-05,74.125.200.0-255,2902,4671,34,304277
16313,4.7e-05,172.31.33.0-255,66,4737,34,304277
16314,6.9e-05,74.125.200.0-255,4320,9057,34,304277
16315,7.1e-05,172.31.33.0-255,66,9123,34,304277
16316,9e-05,74.125.200.0-255,2902,12025,34,304277
16317,9.3e-05,172.31.33.0-255,66,12091,34,304277
16318,0.000106,172.31.33.0-255,66,12157,34,304277
16319,0.000146,172.31.33.0-255,66,12223,34,304277
16320,0.000218,74.125.200.0-255,1484,13707,34,304277
16321,0.000221,172.31.33.0-255,66,13773,34,304277
16322,0.000242,74.125.200.0-255,2902,16675,34,304277
16323,0.000244,172.31.33.0-255,66,16741,34,304277
16324,0.000249,74.125.200.0-255,4320,21061,34,304277
16325,0.000251,172.31.33.0-255,66,21127,34,304277
16326,0.000269,74.125.200.0-255,1484,22611,34,304277
16327,0.00027,172.31.33.0-255,66,22677,34,304277
16328,0.000277,74.125.200.0-255,6797,29474,34,304277
16329,0.000278,172.31.33.0-255,66,29540,34,304277
16330,0.000307,74.125.200.0-255,7156,36696,34,304277
16331,0.00031,172.31.33.0-255,66,36762,34,304277
16332,0.000313,74.125.200.0-255,2902,39664,34,304277
16333,0.000315,172.31.33.0-255,66,39730,34,304277
16334,0.000331,74.125.200.0-255,7077,46807,34,304277
16335,0.000333,172.31.33.0-255,66,46873,34,304277
16336,0.000335,74.125.200.0-255,129,47002,34,304277
16337,0.000337,172.31.33.0-255,66,47068,34,304277
16338,0.000391,74.125.200.0-255,1484,48552,34,304277
16339,0.000408,74.125.200.0-255,2902,51454,34,304277
16340,0.000411,172.31.33.0-255,66,51520,34,304277
16341,0.000414,74.125.200.0-255,1484,53004,34,304277
16342,0.000433,74.125.200.0-255,4320,57324,34,304277
16343,0.000434,172.31.33.0-255,66,57390,34,304277
16344,0.000445,74.125.200.0-255,1484,58874,34,304277
16345,0.000459,74.125.200.0-255,5379,64253,34,304277
16346,0.000461,172.31.33.0-255,66,64319,34,304277
16347,0.000549,74.125.200.0-255,1484,65803,34,304277
16348,0.000565,74.125.200.0-255,2902,68705,34,304277
16349,0.000568,172.31.33.0-255,66,68771,34,304277
16350,0.000572,74.125.200.0-255,2902,71673,34,304277
16351,0.000574,172.31.33.0-255,66,71739,34,304277
16352,0.00059,74.125.200.0-255,1484,73223,34,304277
16353,0.000595,74.125.200.0-255,5738,78961,34,304277
16354,0.000597,172.31.33.0-255,66,79027,34,304277
16355,0.000616,74.125.200.0-255,2543,81570,34,304277
16356,0.000618,172.31.33.0-255,66,81636,34,304277
16357,0.000835,74.125.200.0-255,1484,83120,34,304277
16358,0.000879,74.125.200.0-255,2902,86022,34,304277
16359,0.000882,172.31.33.0-255,66,86088,34,304277
16360,0.000887,74.125.200.0-255,5738,91826,34,304277
16361,0.000889,172.31.33.0-255,66,91892,34,304277
16362,0.000893,74.125.200.0-255,4320,96212,34,304277
16363,0.000894,172.31.33.0-255,66,96278,34,304277
16364,0.000899,74.125.200.0-255,5738,102016,34,304277
16365,0.000901,172.31.33.0-255,66,102082,34,304277
16366,0.000927,74.125.200.0-255,5738,107820,34,304277
16367,0.000929,172.31.33.0-255,66,107886,34,304277
16368,0.000933,74.125.200.0-255,2902,110788,34,304277
16369,0.000934,172.31.33.0-255,66,110854,34,304277
16370,0.000949,74.125.200.0-255,4320,115174,34,304277
16371,0.000951,172.31.33.0-255,66,115240,34,304277
16372,0.000954,74.125.200.0-255,766,116006,34,304277
16373,0.001225,74.125.200.0-255,1484,117490,34,304277
16374,0.001229,172.31.33.0-255,66,117556,34,304277
16375,0.001248,74.125.200.0-255,2902,120458,34,304277
16376,0.00125,172.31.33.0-255,66,120524,34,304277
16377,0.001264,74.125.200.0-255,1484,122008,34,304277
16378,0.001278,74.125.200.0-255,2902,124910,34,304277
16379,0.00128,172.31.33.0-255,66,124976,34,304277
16380,0.001298,74.125.200.0-255,1484,126460,34,304277
16381,0.001303,74.125.200.0-255,5738,132198,34,304277
16382,0.001305,172.31.33.0-255,66,132264,34,304277
16383,0.00131,74.125.200.0-255,5738,138002,34,304277
16384,0.001312,172.31.33.0-255,66,138068,34,304277
16385,0.001324,74.125.200.0-255,1484,139552,34,304277
16386,0.001353,74.125.200.0-255,2902,142454,34,304277
16387,0.001355,172.31.33.0-255,66,142520,34,304277
16388,0.001381,172.31.33.0-255,66,142586,34,304277
16389,0.001486,74.125.200.0-255,1484,144070,34,304277
16390,0.001489,74.125.200.0-255,1484,145554,34,304277
16391,0.001492,172.31.33.0-255,66,145620,34,304277
16392,0.001506,74.125.200.0-255,1484,147104,34,304277
16393,0.001522,74.125.200.0-255,4320,151424,34,304277
16394,0.001524,172.31.33.0-255,66,151490,34,304277
16395,0.001537,74.125.200.0-255,1484,152974,34,304277
16396,0.00154,74.125.200.0-255,1484,154458,34,304277
16397,0.001541,172.31.33.0-255,66,154524,34,304277
16398,0.001571,172.31.33.0-255,66,154590,34,304277
16399,0.001584,74.125.200.0-255,2902,157492,34,304277
16400,0.001586,172.31.33.0-255,66,157558,34,304277
16401,0.001617,172.31.33.0-255,66,157624,34,304277
16402,0.001778,74.125.200.0-255,1484,159108,34,304277
16403,0.001794,74.125.200.0-255,1484,160592,34,304277
16404,0.001796,172.31.33.0-255,66,160658,34,304277
16405,0.001813,74.125.200.0-255,1484,162142,34,304277
16406,0.001818,74.125.200.0-255,4320,166462,34,304277
16407,0.001819,172.31.33.0-255,66,166528,34,304277
16408,0.001837,74.125.200.0-255,1484,168012,34,304277
16409,0.00184,74.125.200.0-255,2902,170914,34,304277
16410,0.001842,172.31.33.0-255,66,170980,34,304277
16411,0.001855,74.125.200.0-255,4320,175300,34,304277
16412,0.001858,172.31.33.0-255,66,175366,34,304277
16413,0.001884,74.125.200.0-255,2902,178268,34,304277
16414,0.001886,172.31.33.0-255,66,178334,34,304277
16415,0.001904,74.125.200.0-255,4320,182654,34,304277
16416,0.001906,172.31.33.0-255,66,182720,34,304277
16417,0.001922,74.125.200.0-255,1484,184204,34,304277
16418,0.001941,74.125.200.0-255,7156,191360,34,304277
16419,0.001943,74.125.200.0-255,766,192126,34,304277
16420,0.001945,172.31.33.0-255,66,192192,34,304277
16421,0.002015,74.125.200.0-255,1484,193676,34,304277
16422,0.00202,172.31.33.0-255,66,193742,34,304277
16423,0.002033,74.125.200.0-255,2902,196644,34,304277
16424,0.002035,172.31.33.0-255,66,196710,34,304277
16425,0.002051,74.125.200.0-255,1484,198194,34,304277
16426,0.002062,74.125.200.0-255,2902,201096,34,304277
16427,0.002064,172.31.33.0-255,66,201162,34,304277
16428,0.002093,74.125.200.0-255,2902,204064,34,304277
16429,0.002095,172.31.33.0-255,66,204130,34,304277
16430,0.002134,74.125.200.0-255,5738,209868,34,304277
16431,0.002137,172.31.33.0-255,66,209934,34,304277
16432,0.002142,74.125.200.0-255,4320,214254,34,304277
16433,0.002144,172.31.33.0-255,66,214320,34,304277
16434,0.002148,74.125.200.0-255,5738,220058,34,304277
16435,0.00215,172.31.33.0-255,66,220124,34,304277
16436,0.002158,172.31.33.0-255,66,220190,34,304277
16437,0.002196,74.125.200.0-255,2902,223092,34,304277
16438,0.002201,172.31.33.0-255,66,223158,34,304277
16439,0.002203,172.31.33.0-255,66,223224,34,304277
16440,0.002231,172.31.33.0-255,66,223290,34,304277
16441,0.00228,172.31.33.0-255,66,223356,34,304277
16442,0.00229,172.31.33.0-255,66,223422,34,304277
16443,0.00232,74.125.200.0-255,4320,227742,34,304277
16444,0.002324,172.31.33.0-255,66,227808,34,304277
16445,0.002327,74.125.200.0-255,1484,229292,34,304277
16446,0.002329,74.125.200.0-255,1484,230776,34,304277
16447,0.002331,172.31.33.0-255,66,230842,34,304277
16448,0.002347,74.125.200.0-255,4320,235162,34,304277
16449,0.00235,172.31.33.0-255,66,235228,34,304277
16450,0.002353,74.125.200.0-255,1484,236712,34,304277
16451,0.002403,74.125.200.0-255,2902,239614,34,304277
16452,0.002407,172.31.33.0-255,66,239680,34,304277
16453,0.002428,74.125.200.0-255,3602,243282,34,304277
16454,0.00243,74.125.200.0-255,1484,244766,34,304277
16455,0.002432,74.125.200.0-255,1484,246250,34,304277
16456,0.002436,172.31.33.0-255,66,246316,34,304277
16457,0.002439,172.31.33.0-255,66,246382,34,304277
16458,0.002446,74.125.200.0-255,1484,247866,34,304277
16459,0.002473,74.125.200.0-255,2902,250768,34,304277
16460,0.002477,172.31.33.0-255,66,250834,34,304277
16461,0.00248,74.125.200.0-255,2902,253736,34,304277
16462,0.002483,172.31.33.0-255,66,253802,34,304277
16463,0.002496,74.125.200.0-255,1484,255286,34,304277
16464,0.002499,74.125.200.0-255,1484,256770,34,304277
16465,0.002501,172.31.33.0-255,66,256836,34,304277
16466,0.002548,74.125.200.0-255,5738,262574,34,304277
16467,0.002553,172.31.33.0-255,66,262640,34,304277
16468,0.002557,74.125.200.0-255,1484,264124,34,304277
16469,0.002561,74.125.200.0-255,1484,265608,34,304277
16470,0.002563,172.31.33.0-255,66,265674,34,304277
16471,0.002567,74.125.200.0-255,1484,267158,34,304277
16472,0.002569,74.125.200.0-255,1484,268642,34,304277
16473,0.002572,172.31.33.0-255,66,268708,34,304277
16474,0.002576,74.125.200.0-255,1484,270192,34,304277
16475,0.00258,74.125.200.0-255,1484,271676,34,304277
16476,0.002585,172.31.33.0-255,66,271742,34,304277
16477,0.002588,74.125.200.0-255,1484,273226,34,304277
16478,0.002616,74.125.200.0-255,5020,278246,34,304277
16479,0.00262,172.31.33.0-255,66,278312,34,304277
16480,0.002625,74.125.200.0-255,4320,282632,34,304277
16481,0.002629,172.31.33.0-255,66,282698,34,304277
16482,0.002658,74.125.200.0-255,7156,289854,34,304277
16483,0.002663,172.31.33.0-255,66,289920,34,304277
16484,0.002685,74.125.200.0-255,4320,294240,34,304277
16485,0.002687,172.31.33.0-255,66,294306,34,304277
16486,0.002696,74.125.200.0-255,7156,301462,34,304277
16487,0.002698,172.31.33.0-255,66,301528,34,304277
16488,0.00272,74.125.200.0-255,2341,303869,34,304277
16489,0.002723,172.31.33.0-255,66,303935,34,304277
16490,0.002742,74.125.200.0-255,105,304040,34,304277
16491,0.004532,172.31.33.0-255,66,304106,34,304277
16492,0.004595,172.31.33.0-255,105,304211,34,304277
16493,0.00683,74.125.200.0-255,66,304277,34,304277
16494,0.0,74.125.24.0-255,143,143,34,194291
16495,3.2e-05,172.31.33.0-255,66,209,34,194291
16496,3.9e-05,74.125.24.0-255,1484,1693,34,194291
16497,4.2e-05,172.31.33.0-255,66,1759,34,194291
16498,4.7e-05,74.125.24.0-255,2902,4661,34,194291
16499,5.6e-05,172.31.33.0-255,66,4727,34,194291
16500,6.1e-05,74.125.24.0-255,2902,7629,34,194291
16501,6.3e-05,172.31.33.0-255,66,7695,34,194291
16502,6.8e-05,74.125.24.0-255,4320,12015,34,194291
16503,7.1e-05,172.31.33.0-255,66,12081,34,194291
16504,0.000111,172.31.33.0-255,66,12147,34,194291
16505,0.000115,74.125.24.0-255,2902,15049,34,194291
16506,0.000117,172.31.33.0-255,66,15115,34,194291
16507,0.000161,74.125.24.0-255,6797,21912,34,194291
16508,0.000165,172.31.33.0-255,66,21978,34,194291
16509,0.000253,74.125.24.0-255,1484,23462,34,194291
16510,0.000258,172.31.33.0-255,66,23528,34,194291
16511,0.000262,74.125.24.0-255,1484,25012,34,194291
16512,0.000264,172.31.33.0-255,66,25078,34,194291
16513,0.000284,74.125.24.0-255,1484,26562,34,194291
16514,0.000288,172.31.33.0-255,66,26628,34,194291
16515,0.000299,74.125.24.0-255,5738,32366,34,194291
16516,0.000303,172.31.33.0-255,66,32432,34,194291
16517,0.000307,74.125.24.0-255,2902,35334,34,194291
16518,0.00031,172.31.33.0-255,66,35400,34,194291
16519,0.000337,74.125.24.0-255,5379,40779,34,194291
16520,0.000342,74.125.24.0-255,4320,45099,34,194291
16521,0.000342,172.31.33.0-255,66,45165,34,194291
16522,0.000345,172.31.33.0-255,66,45231,34,194291
16523,0.00038,74.125.24.0-255,4320,49551,34,194291
16524,0.000385,172.31.33.0-255,66,49617,34,194291
16525,0.000392,74.125.24.0-255,7075,56692,34,194291
16526,0.000395,172.31.33.0-255,66,56758,34,194291
16527,0.00101,74.125.24.0-255,126,56884,34,194291
16528,0.00104,74.125.24.0-255,1484,58368,34,194291
16529,0.001044,172.31.33.0-255,66,58434,34,194291
16530,0.001049,74.125.24.0-255,2902,61336,34,194291
16531,0.001051,172.31.33.0-255,66,61402,34,194291
16532,0.001083,74.125.24.0-255,5738,67140,34,194291
16533,0.001086,172.31.33.0-255,66,67206,34,194291
16534,0.001092,74.125.24.0-255,5738,72944,34,194291
16535,0.001094,172.31.33.0-255,66,73010,34,194291
16536,0.001121,74.125.24.0-255,1484,74494,34,194291
16537,0.001133,172.31.33.0-255,66,74560,34,194291
16538,0.001162,74.125.24.0-255,2902,77462,34,194291
16539,0.001166,172.31.33.0-255,66,77528,34,194291
16540,0.00117,74.125.24.0-255,2184,79712,34,194291
16541,0.001172,172.31.33.0-255,66,79778,34,194291
16542,0.001175,74.125.24.0-255,347,80125,34,194291
16543,0.001177,74.125.24.0-255,1484,81609,34,194291
16544,0.001179,172.31.33.0-255,66,81675,34,194291
16545,0.001191,74.125.24.0-255,4320,85995,34,194291
16546,0.001193,172.31.33.0-255,66,86061,34,194291
16547,0.001251,172.31.33.0-255,66,86127,34,194291
16548,0.00126,172.31.33.0-255,66,86193,34,194291
16549,0.001292,172.31.33.0-255,66,86259,34,194291
16550,0.0018,74.125.24.0-255,1484,87743,34,194291
16551,0.001807,74.125.24.0-255,1484,89227,34,194291
16552,0.00181,172.31.33.0-255,66,89293,34,194291
16553,0.001831,74.125.24.0-255,1484,90777,34,194291
16554,0.001836,74.125.24.0-255,5738,96515,34,194291
16555,0.001838,172.31.33.0-255,66,96581,34,194291
16556,0.001863,74.125.24.0-255,7156,103737,34,194291
16557,0.001865,172.31.33.0-255,66,103803,34,194291
16558,0.001867,74.125.24.0-255,1484,105287,34,194291
16559,0.001899,172.31.33.0-255,66,105353,34,194291
16560,0.001903,74.125.24.0-255,2184,107537,34,194291
16561,0.001904,172.31.33.0-255,66,107603,34,194291
16562,0.002199,74.125.24.0-255,1484,109087,34,194291
16563,0.002216,74.125.24.0-255,2902,111989,34,194291
16564,0.002219,172.31.33.0-255,66,112055,34,194291
16565,0.002237,74.125.24.0-255,5738,117793,34,194291
16566,0.002239,172.31.33.0-255,66,117859,34,194291
16567,0.002263,74.125.24.0-255,4320,122179,34,194291
16568,0.002265,172.31.33.0-255,66,122245,34,194291
16569,0.002268,74.125.24.0-255,1484,123729,34,194291
16570,0.002297,172.31.33.0-255,66,123795,34,194291
16571,0.0023,74.125.24.0-255,1484,125279,34,194291
16572,0.002317,74.125.24.0-255,6438,131717,34,194291
16573,0.002319,172.31.33.0-255,66,131783,34,194291
16574,0.002504,74.125.24.0-255,1484,133267,34,194291
16575,0.002509,74.125.24.0-255,2902,136169,34,194291
16576,0.002511,172.31.33.0-255,66,136235,34,194291
16577,0.002532,74.125.24.0-255,1484,137719,34,194291
16578,0.002534,74.125.24.0-255,1484,139203,34,194291
16579,0.002536,172.31.33.0-255,66,139269,34,194291
16580,0.002557,74.125.24.0-255,7156,146425,34,194291
16581,0.002559,172.31.33.0-255,66,146491,34,194291
16582,0.002567,172.31.33.0-255,66,146557,34,194291
16583,0.00257,74.125.24.0-255,1484,148041,34,194291
16584,0.002601,172.31.33.0-255,66,148107,34,194291
16585,0.002669,74.125.24.0-255,1484,149591,34,194291
16586,0.002673,74.125.24.0-255,1484,151075,34,194291
16587,0.002675,172.31.33.0-255,66,151141,34,194291
16588,0.002701,74.125.24.0-255,1484,152625,34,194291
16589,0.002706,74.125.24.0-255,5738,158363,34,194291
16590,0.002708,172.31.33.0-255,66,158429,34,194291
16591,0.002712,74.125.24.0-255,4320,162749,34,194291
16592,0.002714,172.31.33.0-255,66,162815,34,194291
16593,0.002754,172.31.33.0-255,66,162881,34,194291
16594,0.002801,74.125.24.0-255,1484,164365,34,194291
16595,0.002814,74.125.24.0-255,5738,170103,34,194291
16596,0.002849,74.125.24.0-255,766,170869,34,194291
16597,0.002876,74.125.24.0-255,1484,172353,34,194291
16598,0.002917,74.125.24.0-255,1484,173837,34,194291
16599,0.002956,74.125.24.0-255,1484,175321,34,194291
16600,0.00296,74.125.24.0-255,2902,178223,34,194291
16601,0.002962,74.125.24.0-255,2902,181125,34,194291
16602,0.002978,74.125.24.0-255,2902,184027,34,194291
16603,0.002988,74.125.24.0-255,1484,185511,34,194291
16604,0.003066,74.125.24.0-255,2902,188413,34,194291
16605,0.003118,74.125.24.0-255,2184,190597,34,194291
16606,0.003121,74.125.24.0-255,2230,192827,34,194291
16607,0.003123,74.125.24.0-255,105,192932,34,194291
16608,0.003258,172.31.33.0-255,66,192998,34,194291
16609,0.003261,172.31.33.0-255,66,193064,34,194291
16610,0.003265,172.31.33.0-255,66,193130,34,194291
16611,0.003267,172.31.33.0-255,66,193196,34,194291
16612,0.003269,172.31.33.0-255,66,193262,34,194291
16613,0.003277,172.31.33.0-255,66,193328,34,194291
16614,0.003279,172.31.33.0-255,66,193394,34,194291
16615,0.003281,172.31.33.0-255,66,193460,34,194291
16616,0.003284,172.31.33.0-255,66,193526,34,194291
16617,0.003286,172.31.33.0-255,66,193592,34,194291
16618,0.003288,172.31.33.0-255,66,193658,34,194291
16619,0.003291,172.31.33.0-255,66,193724,34,194291
16620,0.003293,172.31.33.0-255,66,193790,34,194291
16621,0.003296,172.31.33.0-255,66,193856,34,194291
16622,0.003298,172.31.33.0-255,66,193922,34,194291
16623,0.003301,172.31.33.0-255,66,193988,34,194291
16624,0.003303,172.31.33.0-255,66,194054,34,194291
16625,0.004384,172.31.33.0-255,66,194120,34,194291
16626,0.004415,172.31.33.0-255,105,194225,34,194291
16627,0.0064,74.125.24.0-255,66,194291,34,194291
16628,0.0,74.125.24.0-255,153,153,34,294121
16629,1.3e-05,172.31.33.0-255,66,219,34,294121
16630,1.8e-05,74.125.24.0-255,1484,1703,34,294121
16631,2.3e-05,172.31.33.0-255,66,1769,34,294121
16632,2.8e-05,74.125.24.0-255,2902,4671,34,294121
16633,3.6e-05,172.31.33.0-255,66,4737,34,294121
16634,4.2e-05,74.125.24.0-255,5738,10475,34,294121
16635,4.5e-05,172.31.33.0-255,66,10541,34,294121
16636,8.1e-05,74.125.24.0-255,1484,12025,34,294121
16637,8.4e-05,172.31.33.0-255,66,12091,34,294121
16638,0.000109,74.125.24.0-255,2023,14114,34,294121
16639,0.000111,172.31.33.0-255,66,14180,34,294121
16640,0.000209,74.125.24.0-255,1484,15664,34,294121
16641,0.000214,172.31.33.0-255,66,15730,34,294121
16642,0.000219,74.125.24.0-255,2902,18632,34,294121
16643,0.000221,172.31.33.0-255,66,18698,34,294121
16644,0.000256,74.125.24.0-255,5738,24436,34,294121
16645,0.000258,172.31.33.0-255,66,24502,34,294121
16646,0.000297,74.125.24.0-255,4320,28822,34,294121
16647,0.0003,172.31.33.0-255,66,28888,34,294121
16648,0.000324,74.125.24.0-255,2543,31431,34,294121
16649,0.000327,172.31.33.0-255,66,31497,34,294121
16650,0.000353,74.125.24.0-255,1484,32981,34,294121
16651,0.000355,172.31.33.0-255,66,33047,34,294121
16652,0.00036,74.125.24.0-255,2902,35949,34,294121
16653,0.000362,172.31.33.0-255,66,36015,34,294121
16654,0.000368,74.125.24.0-255,5738,41753,34,294121
16655,0.000374,172.31.33.0-255,66,41819,34,294121
16656,0.000417,74.125.24.0-255,6797,48616,34,294121
16657,0.00042,172.31.33.0-255,66,48682,34,294121
16658,0.000538,74.125.24.0-255,1484,50166,34,294121
16659,0.000542,172.31.33.0-255,66,50232,34,294121
16660,0.000548,74.125.24.0-255,2902,53134,34,294121
16661,0.000551,74.125.24.0-255,1484,54618,34,294121
16662,0.00057,74.125.24.0-255,4320,58938,34,294121
16663,0.00058,172.31.33.0-255,66,59004,34,294121
16664,0.00059,74.125.24.0-255,4320,63324,34,294121
16665,0.000598,172.31.33.0-255,66,63390,34,294121
16666,0.000606,74.125.24.0-255,2543,65933,34,294121
16667,0.000626,172.31.33.0-255,66,65999,34,294121
16668,0.000825,74.125.24.0-255,646,66645,34,294121
16669,0.000989,172.31.33.0-255,66,66711,34,294121
16670,0.001054,74.125.24.0-255,1484,68195,34,294121
16671,0.001058,74.125.24.0-255,1484,69679,34,294121
16672,0.001075,74.125.24.0-255,1484,71163,34,294121
16673,0.00108,74.125.24.0-255,5738,76901,34,294121
16674,0.001083,172.31.33.0-255,66,76967,34,294121
16675,0.001093,172.31.33.0-255,66,77033,34,294121
16676,0.001099,74.125.24.0-255,4320,81353,34,294121
16677,0.00115,172.31.33.0-255,66,81419,34,294121
16678,0.001172,74.125.24.0-255,7156,88575,34,294121
16679,0.001204,172.31.33.0-255,66,88641,34,294121
16680,0.001532,74.125.24.0-255,1484,90125,34,294121
16681,0.001539,74.125.24.0-255,2902,93027,34,294121
16682,0.001543,172.31.33.0-255,66,93093,34,294121
16683,0.001548,74.125.24.0-255,2902,95995,34,294121
16684,0.00157,74.125.24.0-255,2902,98897,34,294121
16685,0.00162,74.125.24.0-255,4320,103217,34,294121
16686,0.001674,74.125.24.0-255,1484,104701,34,294121
16687,0.001691,74.125.24.0-255,2902,107603,34,294121
16688,0.001694,74.125.24.0-255,1484,109087,34,294121
16689,0.001717,74.125.24.0-255,4320,113407,34,294121
16690,0.001721,74.125.24.0-255,2902,116309,34,294121
16691,0.001763,74.125.24.0-255,5738,122047,34,294121
16692,0.001769,74.125.24.0-255,6438,128485,34,294121
16693,0.00181,74.125.24.0-255,1484,129969,34,294121
16694,0.001813,74.125.24.0-255,1484,131453,34,294121
16695,0.001828,74.125.24.0-255,1484,132937,34,294121
16696,0.001834,74.125.24.0-255,5738,138675,34,294121
16697,0.001861,74.125.24.0-255,4320,142995,34,294121
16698,0.001881,74.125.24.0-255,2543,145538,34,294121
16699,0.002101,74.125.24.0-255,1484,147022,34,294121
16700,0.002122,74.125.24.0-255,2902,149924,34,294121
16701,0.002129,74.125.24.0-255,5738,155662,34,294121
16702,0.002163,74.125.24.0-255,2902,158564,34,294121
16703,0.002182,74.125.24.0-255,3961,162525,34,294121
16704,0.002228,74.125.24.0-255,1484,164009,34,294121
16705,0.002232,74.125.24.0-255,2902,166911,34,294121
16706,0.002262,74.125.24.0-255,5738,172649,34,294121
16707,0.002304,74.125.24.0-255,5738,178387,34,294121
16708,0.002311,74.125.24.0-255,7156,185543,34,294121
16709,0.002331,74.125.24.0-255,5738,191281,34,294121
16710,0.002335,74.125.24.0-255,2902,194183,34,294121
16711,0.002337,74.125.24.0-255,1484,195667,34,294121
16712,0.00234,74.125.24.0-255,766,196433,34,294121
16713,0.002402,74.125.24.0-255,1484,197917,34,294121
16714,0.002417,74.125.24.0-255,2902,200819,34,294121
16715,0.002437,74.125.24.0-255,5738,206557,34,294121
16716,0.002471,74.125.24.0-255,5738,212295,34,294121
16717,0.002485,74.125.24.0-255,1125,213420,34,294121
16718,0.002488,74.125.24.0-255,1484,214904,34,294121
16719,0.00251,74.125.24.0-255,5738,220642,34,294121
16720,0.002546,74.125.24.0-255,1484,222126,34,294121
16721,0.002569,74.125.24.0-255,1484,223610,34,294121
16722,0.002848,74.125.24.0-255,1484,225094,34,294121
16723,0.00287,74.125.24.0-255,2902,227996,34,294121
16724,0.002891,74.125.24.0-255,5738,233734,34,294121
16725,0.002924,74.125.24.0-255,2902,236636,34,294121
16726,0.00294,74.125.24.0-255,3961,240597,34,294121
16727,0.002974,74.125.24.0-255,2902,243499,34,294121
16728,0.002988,74.125.24.0-255,4320,247819,34,294121
16729,0.002992,74.125.24.0-255,2902,250721,34,294121
16730,0.003011,74.125.24.0-255,5738,256459,34,294121
16731,0.003029,74.125.24.0-255,2902,259361,34,294121
16732,0.003088,74.125.24.0-255,2902,262263,34,294121
16733,0.003112,74.125.24.0-255,1484,263747,34,294121
16734,0.003114,74.125.24.0-255,1484,265231,34,294121
16735,0.003236,74.125.24.0-255,1484,266715,34,294121
16736,0.003251,74.125.24.0-255,2902,269617,34,294121
16737,0.003256,74.125.24.0-255,5738,275355,34,294121
16738,0.003283,74.125.24.0-255,1484,276839,34,294121
16739,0.003298,74.125.24.0-255,5379,282218,34,294121
16740,0.003757,74.125.24.0-255,1484,283702,34,294121
16741,0.003797,74.125.24.0-255,2902,286604,34,294121
16742,0.003804,74.125.24.0-255,5738,292342,34,294121
16743,0.003807,74.125.24.0-255,1511,293853,34,294121
16744,0.004223,74.125.24.0-255,97,293950,34,294121
16745,0.004289,74.125.24.0-255,105,294055,34,294121
16746,0.00806,172.31.33.0-255,66,294121,34,294121
16747,0.0,74.125.24.0-255,145,145,34,279124
16748,2.2e-05,172.31.33.0-255,66,211,34,279124
16749,2.7e-05,74.125.24.0-255,1484,1695,34,279124
16750,3.1e-05,172.31.33.0-255,66,1761,34,279124
16751,3.5e-05,74.125.24.0-255,2902,4663,34,279124
16752,3.7e-05,172.31.33.0-255,66,4729,34,279124
16753,4.2e-05,74.125.24.0-255,5738,10467,34,279124
16754,4.5e-05,172.31.33.0-255,66,10533,34,279124
16755,5.8e-05,74.125.24.0-255,1484,12017,34,279124
16756,6e-05,172.31.33.0-255,66,12083,34,279124
16757,7.9e-05,74.125.24.0-255,2053,14136,34,279124
16758,8.1e-05,172.31.33.0-255,66,14202,34,279124
16759,0.000126,74.125.24.0-255,1484,15686,34,279124
16760,0.000129,172.31.33.0-255,66,15752,34,279124
16761,0.000133,74.125.24.0-255,2902,18654,34,279124
16762,0.000135,172.31.33.0-255,66,18720,34,279124
16763,0.000141,74.125.24.0-255,4320,23040,34,279124
16764,0.000143,172.31.33.0-255,66,23106,34,279124
16765,0.000159,74.125.24.0-255,1484,24590,34,279124
16766,0.000161,172.31.33.0-255,66,24656,34,279124
16767,0.000172,74.125.24.0-255,2902,27558,34,279124
16768,0.000174,172.31.33.0-255,66,27624,34,279124
16769,0.000195,74.125.24.0-255,3961,31585,34,279124
16770,0.000198,172.31.33.0-255,66,31651,34,279124
16771,0.000277,74.125.24.0-255,1484,33135,34,279124
16772,0.000281,172.31.33.0-255,66,33201,34,279124
16773,0.000284,74.125.24.0-255,1484,34685,34,279124
16774,0.000286,172.31.33.0-255,66,34751,34,279124
16775,0.000298,74.125.24.0-255,1484,36235,34,279124
16776,0.0003,172.31.33.0-255,66,36301,34,279124
16777,0.000306,74.125.24.0-255,4320,40621,34,279124
16778,0.000309,172.31.33.0-255,66,40687,34,279124
16779,0.000332,74.125.24.0-255,1484,42171,34,279124
16780,0.000339,74.125.24.0-255,6797,48968,34,279124
16781,0.000342,172.31.33.0-255,66,49034,34,279124
16782,0.000706,74.125.24.0-255,1484,50518,34,279124
16783,0.000713,74.125.24.0-255,2902,53420,34,279124
16784,0.000717,172.31.33.0-255,66,53486,34,279124
16785,0.000724,74.125.24.0-255,4320,57806,34,279124
16786,0.000726,172.31.33.0-255,66,57872,34,279124
16787,0.000738,74.125.24.0-255,1484,59356,34,279124
16788,0.000783,74.125.24.0-255,2902,62258,34,279124
16789,0.000786,172.31.33.0-255,66,62324,34,279124
16790,0.000805,74.125.24.0-255,3961,66285,34,279124
16791,0.000807,172.31.33.0-255,66,66351,34,279124
16792,0.000872,74.125.24.0-255,1484,67835,34,279124
16793,0.000883,74.125.24.0-255,2902,70737,34,279124
16794,0.000885,172.31.33.0-255,66,70803,34,279124
16795,0.000901,74.125.24.0-255,4320,75123,34,279124
16796,0.000903,172.31.33.0-255,66,75189,34,279124
16797,0.000923,74.125.24.0-255,1484,76673,34,279124
16798,0.000927,74.125.24.0-255,2902,79575,34,279124
16799,0.000929,172.31.33.0-255,66,79641,34,279124
16800,0.000958,172.31.33.0-255,66,79707,34,279124
16801,0.000961,74.125.24.0-255,1484,81191,34,279124
16802,0.000976,74.125.24.0-255,4320,85511,34,279124
16803,0.000978,172.31.33.0-255,66,85577,34,279124
16804,0.001008,172.31.33.0-255,66,85643,34,279124
16805,0.001035,74.125.24.0-255,5738,91381,34,279124
16806,0.001038,172.31.33.0-255,66,91447,34,279124
16807,0.00105,74.125.24.0-255,2070,93517,34,279124
16808,0.001052,172.31.33.0-255,66,93583,34,279124
16809,0.001055,74.125.24.0-255,1484,95067,34,279124
16810,0.001059,74.125.24.0-255,2902,97969,34,279124
16811,0.001061,172.31.33.0-255,66,98035,34,279124
16812,0.001065,74.125.24.0-255,4320,102355,34,279124
16813,0.001067,172.31.33.0-255,66,102421,34,279124
16814,0.001077,74.125.24.0-255,1484,103905,34,279124
16815,0.001101,74.125.24.0-255,6920,110825,34,279124
16816,0.001104,172.31.33.0-255,66,110891,34,279124
16817,0.001192,74.125.24.0-255,1484,112375,34,279124
16818,0.001196,74.125.24.0-255,1484,113859,34,279124
16819,0.001198,172.31.33.0-255,66,113925,34,279124
16820,0.001215,74.125.24.0-255,1484,115409,34,279124
16821,0.001219,74.125.24.0-255,2902,118311,34,279124
16822,0.001222,172.31.33.0-255,66,118377,34,279124
16823,0.001232,74.125.24.0-255,2902,121279,34,279124
16824,0.001234,172.31.33.0-255,66,121345,34,279124
16825,0.001248,74.125.24.0-255,4320,125665,34,279124
16826,0.001251,172.31.33.0-255,66,125731,34,279124
16827,0.001282,172.31.33.0-255,66,125797,34,279124
16828,0.001291,172.31.33.0-255,66,125863,34,279124
16829,0.001309,74.125.24.0-255,766,126629,34,279124
16830,0.001574,74.125.24.0-255,1484,128113,34,279124
16831,0.001579,172.31.33.0-255,66,128179,34,279124
16832,0.001584,74.125.24.0-255,2902,131081,34,279124
16833,0.001586,172.31.33.0-255,66,131147,34,279124
16834,0.00159,74.125.24.0-255,4320,135467,34,279124
16835,0.001593,172.31.33.0-255,66,135533,34,279124
16836,0.001602,74.125.24.0-255,1484,137017,34,279124
16837,0.001605,74.125.24.0-255,1484,138501,34,279124
16838,0.001606,172.31.33.0-255,66,138567,34,279124
16839,0.001626,74.125.24.0-255,7156,145723,34,279124
16840,0.001628,172.31.33.0-255,66,145789,34,279124
16841,0.001637,172.31.33.0-255,66,145855,34,279124
16842,0.001661,74.125.24.0-255,5020,150875,34,279124
16843,0.001663,172.31.33.0-255,66,150941,34,279124
16844,0.001777,74.125.24.0-255,1484,152425,34,279124
16845,0.00178,74.125.24.0-255,1484,153909,34,279124
16846,0.001781,172.31.33.0-255,66,153975,34,279124
16847,0.00179,74.125.24.0-255,1484,155459,34,279124
16848,0.001795,74.125.24.0-255,5738,161197,34,279124
16849,0.001797,172.31.33.0-255,66,161263,34,279124
16850,0.001807,74.125.24.0-255,2902,164165,34,279124
16851,0.001809,172.31.33.0-255,66,164231,34,279124
16852,0.001823,74.125.24.0-255,2902,167133,34,279124
16853,0.001825,172.31.33.0-255,66,167199,34,279124
16854,0.001831,74.125.24.0-255,7156,174355,34,279124
16855,0.001832,172.31.33.0-255,66,174421,34,279124
16856,0.001863,74.125.24.0-255,2902,177323,34,279124
16857,0.001864,172.31.33.0-255,66,177389,34,279124
16858,0.00189,172.31.33.0-255,66,177455,34,279124
16859,0.001935,74.125.24.0-255,1484,178939,34,279124
16860,0.001953,74.125.24.0-255,2902,181841,34,279124
16861,0.001955,172.31.33.0-255,66,181907,34,279124
16862,0.00196,74.125.24.0-255,5738,187645,34,279124
16863,0.001961,172.31.33.0-255,66,187711,34,279124
16864,0.002005,172.31.33.0-255,66,187777,34,279124
16865,0.00203,74.125.24.0-255,1484,189261,34,279124
16866,0.00204,172.31.33.0-255,66,189327,34,279124
16867,0.002066,74.125.24.0-255,1484,190811,34,279124
16868,0.002087,74.125.24.0-255,2902,193713,34,279124
16869,0.002089,172.31.33.0-255,66,193779,34,279124
16870,0.002092,74.125.24.0-255,1484,195263,34,279124
16871,0.002096,74.125.24.0-255,2902,198165,34,279124
16872,0.002098,172.31.33.0-255,66,198231,34,279124
16873,0.002112,74.125.24.0-255,5738,203969,34,279124
16874,0.002114,172.31.33.0-255,66,204035,34,279124
16875,0.002118,74.125.24.0-255,4320,208355,34,279124
16876,0.002121,172.31.33.0-255,66,208421,34,279124
16877,0.002156,172.31.33.0-255,66,208487,34,279124
16878,0.002158,74.125.24.0-255,766,209253,34,279124
16879,0.002198,74.125.24.0-255,1484,210737,34,279124
16880,0.0022,172.31.33.0-255,66,210803,34,279124
16881,0.002225,74.125.24.0-255,1484,212287,34,279124
16882,0.002238,74.125.24.0-255,4320,216607,34,279124
16883,0.002241,172.31.33.0-255,66,216673,34,279124
16884,0.002257,74.125.24.0-255,2902,219575,34,279124
16885,0.002259,172.31.33.0-255,66,219641,34,279124
16886,0.002276,74.125.24.0-255,7156,226797,34,279124
16887,0.002278,172.31.33.0-255,66,226863,34,279124
16888,0.002283,74.125.24.0-255,4320,231183,34,279124
16889,0.002284,172.31.33.0-255,66,231249,34,279124
16890,0.002336,172.31.33.0-255,66,231315,34,279124
16891,0.002353,74.125.24.0-255,3602,234917,34,279124
16892,0.002355,172.31.33.0-255,66,234983,34,279124
16893,0.002485,74.125.24.0-255,1484,236467,34,279124
16894,0.00249,74.125.24.0-255,2902,239369,34,279124
16895,0.002492,172.31.33.0-255,66,239435,34,279124
16896,0.002514,74.125.24.0-255,5738,245173,34,279124
16897,0.002517,172.31.33.0-255,66,245239,34,279124
16898,0.002519,74.125.24.0-255,1484,246723,34,279124
16899,0.002543,172.31.33.0-255,66,246789,34,279124
16900,0.002588,74.125.24.0-255,1484,248273,34,279124
16901,0.002602,74.125.24.0-255,7156,255429,34,279124
16902,0.002604,172.31.33.0-255,66,255495,34,279124
16903,0.002623,74.125.24.0-255,3602,259097,34,279124
16904,0.002625,172.31.33.0-255,66,259163,34,279124
16905,0.002629,74.125.24.0-255,4320,263483,34,279124
16906,0.002631,172.31.33.0-255,66,263549,34,279124
16907,0.002653,172.31.33.0-255,66,263615,34,279124
16908,0.002659,74.125.24.0-255,7156,270771,34,279124
16909,0.00266,172.31.33.0-255,66,270837,34,279124
16910,0.002695,74.125.24.0-255,5738,276575,34,279124
16911,0.002697,172.31.33.0-255,66,276641,34,279124
16912,0.002714,74.125.24.0-255,2075,278716,34,279124
16913,0.002716,172.31.33.0-255,66,278782,34,279124
16914,0.002726,74.125.24.0-255,105,278887,34,279124
16915,0.00556,172.31.33.0-255,66,278953,34,279124
16916,0.005588,172.31.33.0-255,105,279058,34,279124
16917,0.007577,74.125.24.0-255,66,279124,34,279124
16918,0.0,74.125.24.0-255,337,337,34,206209
16919,3.2e-05,172.31.33.0-255,66,403,34,206209
16920,3.9e-05,74.125.24.0-255,1484,1887,34,206209
16921,4.4e-05,172.31.33.0-255,66,1953,34,206209
16922,5e-05,74.125.24.0-255,2902,4855,34,206209
16923,5.9e-05,172.31.33.0-255,66,4921,34,206209
16924,6.7e-05,74.125.24.0-255,5738,10659,34,206209
16925,6.9e-05,172.31.33.0-255,66,10725,34,206209
16926,7.5e-05,74.125.24.0-255,5738,16463,34,206209
16927,7.9e-05,172.31.33.0-255,66,16529,34,206209
16928,0.00012,74.125.24.0-255,4858,21387,34,206209
16929,0.000123,172.31.33.0-255,66,21453,34,206209
16930,0.000128,74.125.24.0-255,4320,25773,34,206209
16931,0.000131,172.31.33.0-255,66,25839,34,206209
16932,0.000168,74.125.24.0-255,5379,31218,34,206209
16933,0.000171,172.31.33.0-255,66,31284,34,206209
16934,0.00024,74.125.24.0-255,1484,32768,34,206209
16935,0.000245,172.31.33.0-255,66,32834,34,206209
16936,0.000255,74.125.24.0-255,2902,35736,34,206209
16937,0.000257,172.31.33.0-255,66,35802,34,206209
16938,0.000263,74.125.24.0-255,4320,40122,34,206209
16939,0.000266,172.31.33.0-255,66,40188,34,206209
16940,0.000301,74.125.24.0-255,1484,41672,34,206209
16941,0.000305,172.31.33.0-255,66,41738,34,206209
16942,0.000313,74.125.24.0-255,5738,47476,34,206209
16943,0.000316,172.31.33.0-255,66,47542,34,206209
16944,0.000338,172.31.33.0-255,66,47608,34,206209
16945,0.000344,74.125.24.0-255,5317,52925,34,206209
16946,0.000347,172.31.33.0-255,66,52991,34,206209
16947,0.000617,74.125.24.0-255,130,53121,34,206209
16948,0.000623,172.31.33.0-255,66,53187,34,206209
16949,0.000802,74.125.24.0-255,1484,54671,34,206209
16950,0.000822,74.125.24.0-255,2902,57573,34,206209
16951,0.000827,172.31.33.0-255,66,57639,34,206209
16952,0.000855,74.125.24.0-255,2902,60541,34,206209
16953,0.000859,172.31.33.0-255,66,60607,34,206209
16954,0.000887,74.125.24.0-255,2902,63509,34,206209
16955,0.000891,172.31.33.0-255,66,63575,34,206209
16956,0.000898,74.125.24.0-255,7156,70731,34,206209
16957,0.0009,172.31.33.0-255,66,70797,34,206209
16958,0.000912,74.125.24.0-255,5738,76535,34,206209
16959,0.000915,172.31.33.0-255,66,76601,34,206209
16960,0.000955,172.31.33.0-255,66,76667,34,206209
16961,0.00099,74.125.24.0-255,1484,78151,34,206209
16962,0.000996,74.125.24.0-255,2902,81053,34,206209
16963,0.000998,172.31.33.0-255,66,81119,34,206209
16964,0.001003,74.125.24.0-255,2902,84021,34,206209
16965,0.001005,172.31.33.0-255,66,84087,34,206209
16966,0.001028,74.125.24.0-255,2902,86989,34,206209
16967,0.001031,172.31.33.0-255,66,87055,34,206209
16968,0.001042,172.31.33.0-255,66,87121,34,206209
16969,0.001079,74.125.24.0-255,4320,91441,34,206209
16970,0.001083,172.31.33.0-255,66,91507,34,206209
16971,0.001089,74.125.24.0-255,5738,97245,34,206209
16972,0.001091,172.31.33.0-255,66,97311,34,206209
16973,0.001112,74.125.24.0-255,5020,102331,34,206209
16974,0.001116,172.31.33.0-255,66,102397,34,206209
16975,0.001248,74.125.24.0-255,1484,103881,34,206209
16976,0.001254,74.125.24.0-255,2902,106783,34,206209
16977,0.00126,172.31.33.0-255,66,106849,34,206209
16978,0.001283,74.125.24.0-255,5738,112587,34,206209
16979,0.001286,172.31.33.0-255,66,112653,34,206209
16980,0.001293,74.125.24.0-255,4320,116973,34,206209
16981,0.001295,172.31.33.0-255,66,117039,34,206209
16982,0.001327,74.125.24.0-255,2902,119941,34,206209
16983,0.001331,172.31.33.0-255,66,120007,34,206209
16984,0.001342,172.31.33.0-255,66,120073,34,206209
16985,0.001373,74.125.24.0-255,4320,124393,34,206209
16986,0.001377,74.125.24.0-255,2184,126577,34,206209
16987,0.001378,172.31.33.0-255,66,126643,34,206209
16988,0.001381,172.31.33.0-255,66,126709,34,206209
16989,0.001414,74.125.24.0-255,1484,128193,34,206209
16990,0.001429,74.125.24.0-255,2902,131095,34,206209
16991,0.001433,172.31.33.0-255,66,131161,34,206209
16992,0.001437,74.125.24.0-255,1484,132645,34,206209
16993,0.001477,74.125.24.0-255,4320,136965,34,206209
16994,0.001481,172.31.33.0-255,66,137031,34,206209
16995,0.001487,74.125.24.0-255,4320,141351,34,206209
16996,0.001493,172.31.33.0-255,66,141417,34,206209
16997,0.001505,172.31.33.0-255,66,141483,34,206209
16998,0.001515,172.31.33.0-255,66,141549,34,206209
16999,0.001557,172.31.33.0-255,66,141615,34,206209
17000,0.001563,74.125.24.0-255,4320,145935,34,206209
17001,0.001565,172.31.33.0-255,66,146001,34,206209
17002,0.001568,74.125.24.0-255,1484,147485,34,206209
17003,0.001612,172.31.33.0-255,66,147551,34,206209
17004,0.001618,74.125.24.0-255,4320,151871,34,206209
17005,0.00162,172.31.33.0-255,66,151937,34,206209
17006,0.00164,74.125.24.0-255,2184,154121,34,206209
17007,0.001647,172.31.33.0-255,66,154187,34,206209
17008,0.001898,74.125.24.0-255,1484,155671,34,206209
17009,0.001905,74.125.24.0-255,2902,158573,34,206209
17010,0.001909,172.31.33.0-255,66,158639,34,206209
17011,0.001915,74.125.24.0-255,2902,161541,34,206209
17012,0.001918,172.31.33.0-255,66,161607,34,206209
17013,0.001951,74.125.24.0-255,2902,164509,34,206209
17014,0.001956,172.31.33.0-255,66,164575,34,206209
17015,0.002016,172.31.33.0-255,66,164641,34,206209
17016,0.002048,74.125.24.0-255,1484,166125,34,206209
17017,0.002061,172.31.33.0-255,66,166191,34,206209
17018,0.002086,74.125.24.0-255,1484,167675,34,206209
17019,0.002091,74.125.24.0-255,2902,170577,34,206209
17020,0.002094,172.31.33.0-255,66,170643,34,206209
17021,0.002125,74.125.24.0-255,5738,176381,34,206209
17022,0.002129,172.31.33.0-255,66,176447,34,206209
17023,0.002134,74.125.24.0-255,4320,180767,34,206209
17024,0.002137,172.31.33.0-255,66,180833,34,206209
17025,0.002185,172.31.33.0-255,66,180899,34,206209
17026,0.002201,172.31.33.0-255,66,180965,34,206209
17027,0.002206,74.125.24.0-255,2902,183867,34,206209
17028,0.002208,172.31.33.0-255,66,183933,34,206209
17029,0.002265,172.31.33.0-255,66,183999,34,206209
17030,0.002286,172.31.33.0-255,66,184065,34,206209
17031,0.002299,172.31.33.0-255,66,184131,34,206209
17032,0.002306,74.125.24.0-255,7156,191287,34,206209
17033,0.002309,172.31.33.0-255,66,191353,34,206209
17034,0.002348,172.31.33.0-255,66,191419,34,206209
17035,0.002355,74.125.24.0-255,7156,198575,34,206209
17036,0.002362,172.31.33.0-255,66,198641,34,206209
17037,0.002399,172.31.33.0-255,66,198707,34,206209
17038,0.002411,172.31.33.0-255,66,198773,34,206209
17039,0.002415,74.125.24.0-255,2902,201675,34,206209
17040,0.002418,172.31.33.0-255,66,201741,34,206209
17041,0.002445,74.125.24.0-255,4060,205801,34,206209
17042,0.002454,172.31.33.0-255,66,205867,34,206209
17043,0.002489,74.125.24.0-255,105,205972,34,206209
17044,0.003858,172.31.33.0-255,66,206038,34,206209
17045,0.003887,172.31.33.0-255,105,206143,34,206209
17046,0.006459,74.125.24.0-255,66,206209,34,206209
17047,0.0,172.217.194.0-255,217,217,34,61014
17048,2.1e-05,172.31.33.0-255,66,283,34,61014
17049,2.8e-05,172.217.194.0-255,1484,1767,34,61014
17050,3.3e-05,172.31.33.0-255,66,1833,34,61014
17051,4e-05,172.217.194.0-255,4320,6153,34,61014
17052,4.5e-05,172.31.33.0-255,66,6219,34,61014
17053,0.000106,172.31.33.0-255,66,6285,34,61014
17054,0.000174,172.217.194.0-255,7156,13441,34,61014
17055,0.000177,172.31.33.0-255,66,13507,34,61014
17056,0.000201,172.217.194.0-255,7156,20663,34,61014
17057,0.000204,172.31.33.0-255,66,20729,34,61014
17058,0.000329,172.217.194.0-255,2543,23272,34,61014
17059,0.000334,172.31.33.0-255,66,23338,34,61014
17060,0.000361,172.217.194.0-255,2902,26240,34,61014
17061,0.000363,172.31.33.0-255,66,26306,34,61014
17062,0.000391,172.31.33.0-255,66,26372,34,61014
17063,0.000582,172.217.194.0-255,2902,29274,34,61014
17064,0.000586,172.31.33.0-255,66,29340,34,61014
17065,0.000615,172.31.33.0-255,66,29406,34,61014
17066,0.000778,172.217.194.0-255,2902,32308,34,61014
17067,0.000782,172.31.33.0-255,66,32374,34,61014
17068,0.000811,172.31.33.0-255,66,32440,34,61014
17069,0.00096,172.31.33.0-255,66,32506,34,61014
17070,0.000988,172.31.33.0-255,66,32572,34,61014
17071,0.001194,172.217.194.0-255,1484,34056,34,61014
17072,0.001199,172.31.33.0-255,66,34122,34,61014
17073,0.001203,172.217.194.0-255,2902,37024,34,61014
17074,0.001215,172.31.33.0-255,66,37090,34,61014
17075,0.001245,172.217.194.0-255,4320,41410,34,61014
17076,0.001265,172.217.194.0-255,1484,42894,34,61014
17077,0.001274,172.31.33.0-255,66,42960,34,61014
17078,0.001315,172.217.194.0-255,2902,45862,34,61014
17079,0.001347,172.31.33.0-255,66,45928,34,61014
17080,0.001478,172.31.33.0-255,66,45994,34,61014
17081,0.001513,172.31.33.0-255,66,46060,34,61014
17082,0.001836,172.31.33.0-255,66,46126,34,61014
17083,0.001851,172.217.194.0-255,2902,49028,34,61014
17084,0.001914,172.31.33.0-255,66,49094,34,61014
17085,0.001959,172.217.194.0-255,3602,52696,34,61014
17086,0.001965,172.31.33.0-255,66,52762,34,61014
17087,0.00201,172.217.194.0-255,4320,57082,34,61014
17088,0.00202,172.31.33.0-255,66,57148,34,61014
17089,0.002087,172.31.33.0-255,66,57214,34,61014
17090,0.002433,172.31.33.0-255,66,57280,34,61014
17091,0.002501,172.217.194.0-255,3602,60882,34,61014
17092,0.002983,172.31.33.0-255,66,60948,34,61014
17093,0.008525,172.31.33.0-255,66,61014,34,61014
17094,0.0,172.31.33.0-255,66,66,34,66
17095,0.0,74.125.24.0-255,153,153,34,90884
17096,2.3e-05,172.31.33.0-255,66,219,34,90884
17097,2.9e-05,74.125.24.0-255,1484,1703,34,90884
17098,3.4e-05,172.31.33.0-255,66,1769,34,90884
17099,3.8e-05,74.125.24.0-255,2902,4671,34,90884
17100,4.1e-05,172.31.33.0-255,66,4737,34,90884
17101,4.6e-05,74.125.24.0-255,2902,7639,34,90884
17102,4.8e-05,172.31.33.0-255,66,7705,34,90884
17103,7.6e-05,74.125.24.0-255,4320,12025,34,90884
17104,7.9e-05,172.31.33.0-255,66,12091,34,90884
17105,8.3e-05,74.125.24.0-255,2060,14151,34,90884
17106,8.6e-05,172.31.33.0-255,66,14217,34,90884
17107,0.000392,74.125.24.0-255,1484,15701,34,90884
17108,0.000398,172.31.33.0-255,66,15767,34,90884
17109,0.000405,74.125.24.0-255,2902,18669,34,90884
17110,0.000408,172.31.33.0-255,66,18735,34,90884
17111,0.000414,74.125.24.0-255,5738,24473,34,90884
17112,0.000416,172.31.33.0-255,66,24539,34,90884
17113,0.000421,74.125.24.0-255,4320,28859,34,90884
17114,0.000423,172.31.33.0-255,66,28925,34,90884
17115,0.000465,74.125.24.0-255,2543,31468,34,90884
17116,0.00047,172.31.33.0-255,66,31534,34,90884
17117,0.000615,74.125.24.0-255,1484,33018,34,90884
17118,0.00062,172.31.33.0-255,66,33084,34,90884
17119,0.000626,74.125.24.0-255,2902,35986,34,90884
17120,0.000628,172.31.33.0-255,66,36052,34,90884
17121,0.000633,74.125.24.0-255,4320,40372,34,90884
17122,0.000635,172.31.33.0-255,66,40438,34,90884
17123,0.000638,74.125.24.0-255,1484,41922,34,90884
17124,0.00064,172.31.33.0-255,66,41988,34,90884
17125,0.000678,172.31.33.0-255,66,42054,34,90884
17126,0.000693,172.31.33.0-255,66,42120,34,90884
17127,0.000696,74.125.24.0-255,393,42513,34,90884
17128,0.000743,74.125.24.0-255,381,42894,34,90884
17129,0.001058,74.125.24.0-255,1484,44378,34,90884
17130,0.001063,172.31.33.0-255,66,44444,34,90884
17131,0.001069,74.125.24.0-255,2902,47346,34,90884
17132,0.001071,172.31.33.0-255,66,47412,34,90884
17133,0.001098,74.125.24.0-255,5738,53150,34,90884
17134,0.001102,172.31.33.0-255,66,53216,34,90884
17135,0.00116,172.31.33.0-255,66,53282,34,90884
17136,0.001171,172.31.33.0-255,66,53348,34,90884
17137,0.001177,74.125.24.0-255,4320,57668,34,90884
17138,0.001179,172.31.33.0-255,66,57734,34,90884
17139,0.001204,74.125.24.0-255,766,58500,34,90884
17140,0.001503,172.31.33.0-255,66,58566,34,90884
17141,0.001516,74.125.24.0-255,1484,60050,34,90884
17142,0.001521,74.125.24.0-255,2902,62952,34,90884
17143,0.001525,172.31.33.0-255,66,63018,34,90884
17144,0.001539,74.125.24.0-255,2902,65920,34,90884
17145,0.001541,172.31.33.0-255,66,65986,34,90884
17146,0.001568,74.125.24.0-255,2902,68888,34,90884
17147,0.001571,172.31.33.0-255,66,68954,34,90884
17148,0.001582,172.31.33.0-255,66,69020,34,90884
17149,0.001614,74.125.24.0-255,4320,73340,34,90884
17150,0.001619,172.31.33.0-255,66,73406,34,90884
17151,0.001649,172.31.33.0-255,66,73472,34,90884
17152,0.00424,74.125.24.0-255,5738,79210,34,90884
17153,0.004248,172.31.33.0-255,66,79276,34,90884
17154,0.006834,74.125.24.0-255,5738,85014,34,90884
17155,0.006841,172.31.33.0-255,66,85080,34,90884
17156,0.009436,74.125.24.0-255,5738,90818,34,90884
17157,0.009446,172.31.33.0-255,66,90884,34,90884
17158,0.0,216.58.221.0-255,153,153,34,193444
17159,3.2e-05,172.31.33.0-255,66,219,34,193444
17160,3.9e-05,216.58.221.0-255,1484,1703,34,193444
17161,4.3e-05,172.31.33.0-255,66,1769,34,193444
17162,4.8e-05,216.58.221.0-255,2902,4671,34,193444
17163,5.8e-05,172.31.33.0-255,66,4737,34,193444
17164,6.5e-05,216.58.221.0-255,5738,10475,34,193444
17165,6.9e-05,172.31.33.0-255,66,10541,34,193444
17166,7.3e-05,216.58.221.0-255,2902,13443,34,193444
17167,7.5e-05,172.31.33.0-255,66,13509,34,193444
17168,0.000109,172.31.33.0-255,66,13575,34,193444
17169,0.000125,216.58.221.0-255,1484,15059,34,193444
17170,0.000128,172.31.33.0-255,66,15125,34,193444
17171,0.000164,172.31.33.0-255,66,15191,34,193444
17172,0.000285,216.58.221.0-255,1484,16675,34,193444
17173,0.00029,172.31.33.0-255,66,16741,34,193444
17174,0.000325,216.58.221.0-255,2902,19643,34,193444
17175,0.000329,172.31.33.0-255,66,19709,34,193444
17176,0.000335,216.58.221.0-255,5738,25447,34,193444
17177,0.000338,172.31.33.0-255,66,25513,34,193444
17178,0.000343,216.58.221.0-255,4320,29833,34,193444
17179,0.000345,172.31.33.0-255,66,29899,34,193444
17180,0.000352,216.58.221.0-255,5379,35278,34,193444
17181,0.000355,172.31.33.0-255,66,35344,34,193444
17182,0.000368,172.31.33.0-255,66,35410,34,193444
17183,0.000396,216.58.221.0-255,1484,36894,34,193444
17184,0.0004,172.31.33.0-255,66,36960,34,193444
17185,0.000405,216.58.221.0-255,2543,39503,34,193444
17186,0.000407,172.31.33.0-255,66,39569,34,193444
17187,0.000432,216.58.221.0-255,390,39959,34,193444
17188,0.00085,172.31.33.0-255,66,40025,34,193444
17189,0.001424,216.58.221.0-255,120,40145,34,193444
17190,0.001465,172.31.33.0-255,66,40211,34,193444
17191,0.001625,216.58.221.0-255,1484,41695,34,193444
17192,0.001634,216.58.221.0-255,2902,44597,34,193444
17193,0.001638,172.31.33.0-255,66,44663,34,193444
17194,0.001676,216.58.221.0-255,5738,50401,34,193444
17195,0.00168,172.31.33.0-255,66,50467,34,193444
17196,0.001687,216.58.221.0-255,5738,56205,34,193444
17197,0.001689,172.31.33.0-255,66,56271,34,193444
17198,0.001693,216.58.221.0-255,1484,57755,34,193444
17199,0.001734,216.58.221.0-255,5379,63134,34,193444
17200,0.001738,172.31.33.0-255,66,63200,34,193444
17201,0.001749,172.31.33.0-255,66,63266,34,193444
17202,0.001777,216.58.221.0-255,2543,65809,34,193444
17203,0.001781,172.31.33.0-255,66,65875,34,193444
17204,0.002163,216.58.221.0-255,1484,67359,34,193444
17205,0.00221,216.58.221.0-255,2902,70261,34,193444
17206,0.002214,172.31.33.0-255,66,70327,34,193444
17207,0.002242,216.58.221.0-255,1484,71811,34,193444
17208,0.002246,216.58.221.0-255,2902,74713,34,193444
17209,0.002249,172.31.33.0-255,66,74779,34,193444
17210,0.002253,216.58.221.0-255,2902,77681,34,193444
17211,0.002255,172.31.33.0-255,66,77747,34,193444
17212,0.002258,216.58.221.0-255,1484,79231,34,193444
17213,0.002289,216.58.221.0-255,1484,80715,34,193444
17214,0.002292,172.31.33.0-255,66,80781,34,193444
17215,0.002296,216.58.221.0-255,1484,82265,34,193444
17216,0.002315,216.58.221.0-255,1484,83749,34,193444
17217,0.002317,172.31.33.0-255,66,83815,34,193444
17218,0.002346,216.58.221.0-255,4320,88135,34,193444
17219,0.002349,172.31.33.0-255,66,88201,34,193444
17220,0.002379,216.58.221.0-255,1484,89685,34,193444
17221,0.002383,216.58.221.0-255,2902,92587,34,193444
17222,0.002385,172.31.33.0-255,66,92653,34,193444
17223,0.002391,216.58.221.0-255,4320,96973,34,193444
17224,0.002393,172.31.33.0-255,66,97039,34,193444
17225,0.002397,216.58.221.0-255,3602,100641,34,193444
17226,0.002399,172.31.33.0-255,66,100707,34,193444
17227,0.002811,216.58.221.0-255,1484,102191,34,193444
17228,0.00282,216.58.221.0-255,2902,105093,34,193444
17229,0.002824,172.31.33.0-255,66,105159,34,193444
17230,0.002831,216.58.221.0-255,5738,110897,34,193444
17231,0.002833,172.31.33.0-255,66,110963,34,193444
17232,0.002868,216.58.221.0-255,7156,118119,34,193444
17233,0.00287,172.31.33.0-255,66,118185,34,193444
17234,0.00288,172.31.33.0-255,66,118251,34,193444
17235,0.002902,216.58.221.0-255,4320,122571,34,193444
17236,0.002905,172.31.33.0-255,66,122637,34,193444
17237,0.00293,216.58.221.0-255,3602,126239,34,193444
17238,0.002933,172.31.33.0-255,66,126305,34,193444
17239,0.002943,172.31.33.0-255,66,126371,34,193444
17240,0.002972,172.31.33.0-255,66,126437,34,193444
17241,0.003,216.58.221.0-255,7156,133593,34,193444
17242,0.003003,172.31.33.0-255,66,133659,34,193444
17243,0.003014,172.31.33.0-255,66,133725,34,193444
17244,0.003034,216.58.221.0-255,1484,135209,34,193444
17245,0.003058,216.58.221.0-255,2902,138111,34,193444
17246,0.00306,172.31.33.0-255,66,138177,34,193444
17247,0.003067,216.58.221.0-255,5738,143915,34,193444
17248,0.003069,172.31.33.0-255,66,143981,34,193444
17249,0.003076,216.58.221.0-255,7156,151137,34,193444
17250,0.003078,172.31.33.0-255,66,151203,34,193444
17251,0.003102,216.58.221.0-255,4320,155523,34,193444
17252,0.003107,216.58.221.0-255,7156,162679,34,193444
17253,0.003112,172.31.33.0-255,66,162745,34,193444
17254,0.00313,172.31.33.0-255,66,162811,34,193444
17255,0.003136,216.58.221.0-255,5020,167831,34,193444
17256,0.003138,172.31.33.0-255,66,167897,34,193444
17257,0.00315,172.31.33.0-255,66,167963,34,193444
17258,0.00317,216.58.221.0-255,5738,173701,34,193444
17259,0.003173,172.31.33.0-255,66,173767,34,193444
17260,0.003227,172.31.33.0-255,66,173833,34,193444
17261,0.003245,172.31.33.0-255,66,173899,34,193444
17262,0.003256,172.31.33.0-255,66,173965,34,193444
17263,0.00326,216.58.221.0-255,2902,176867,34,193444
17264,0.003262,172.31.33.0-255,66,176933,34,193444
17265,0.003303,172.31.33.0-255,66,176999,34,193444
17266,0.003319,172.31.33.0-255,66,177065,34,193444
17267,0.003328,172.31.33.0-255,66,177131,34,193444
17268,0.003376,216.58.221.0-255,5738,182869,34,193444
17269,0.00338,172.31.33.0-255,66,182935,34,193444
17270,0.003412,216.58.221.0-255,2902,185837,34,193444
17271,0.003417,172.31.33.0-255,66,185903,34,193444
17272,0.003431,172.31.33.0-255,66,185969,34,193444
17273,0.003444,172.31.33.0-255,66,186035,34,193444
17274,0.003454,172.31.33.0-255,66,186101,34,193444
17275,0.003457,216.58.221.0-255,1484,187585,34,193444
17276,0.00347,172.31.33.0-255,66,187651,34,193444
17277,0.003475,216.58.221.0-255,5385,193036,34,193444
17278,0.003478,172.31.33.0-255,66,193102,34,193444
17279,0.003505,216.58.221.0-255,105,193207,34,193444
17280,0.005814,172.31.33.0-255,66,193273,34,193444
17281,0.005882,172.31.33.0-255,105,193378,34,193444
17282,0.00777,216.58.221.0-255,66,193444,34,193444
17283,0.0,74.125.24.0-255,153,153,34,281086
17284,2.2e-05,172.31.33.0-255,66,219,34,281086
17285,2.9e-05,74.125.24.0-255,1484,1703,34,281086
17286,3.4e-05,172.31.33.0-255,66,1769,34,281086
17287,4e-05,74.125.24.0-255,2902,4671,34,281086
17288,5.2e-05,172.31.33.0-255,66,4737,34,281086
17289,6e-05,74.125.24.0-255,7156,11893,34,281086
17290,6.3e-05,172.31.33.0-255,66,11959,34,281086
17291,0.000105,74.125.24.0-255,1985,13944,34,281086
17292,0.000108,172.31.33.0-255,66,14010,34,281086
17293,0.00015,74.125.24.0-255,2902,16912,34,281086
17294,0.000153,172.31.33.0-255,66,16978,34,281086
17295,0.000183,74.125.24.0-255,4320,21298,34,281086
17296,0.000186,172.31.33.0-255,66,21364,34,281086
17297,0.000197,172.31.33.0-255,66,21430,34,281086
17298,0.0002,74.125.24.0-255,1125,22555,34,281086
17299,0.000202,172.31.33.0-255,66,22621,34,281086
17300,0.000294,74.125.24.0-255,1484,24105,34,281086
17301,0.000298,172.31.33.0-255,66,24171,34,281086
17302,0.000304,74.125.24.0-255,2902,27073,34,281086
17303,0.000306,172.31.33.0-255,66,27139,34,281086
17304,0.00031,74.125.24.0-255,2902,30041,34,281086
17305,0.000317,172.31.33.0-255,66,30107,34,281086
17306,0.000342,74.125.24.0-255,2902,33009,34,281086
17307,0.000346,172.31.33.0-255,66,33075,34,281086
17308,0.000351,74.125.24.0-255,2902,35977,34,281086
17309,0.000353,172.31.33.0-255,66,36043,34,281086
17310,0.000379,74.125.24.0-255,5379,41422,34,281086
17311,0.000381,172.31.33.0-255,66,41488,34,281086
17312,0.000392,172.31.33.0-255,66,41554,34,281086
17313,0.0004,74.125.24.0-255,5738,47292,34,281086
17314,0.000403,172.31.33.0-255,66,47358,34,281086
17315,0.000415,74.125.24.0-255,1436,48794,34,281086
17316,0.000547,74.125.24.0-255,111,48905,34,281086
17317,0.000563,74.125.24.0-255,330,49235,34,281086
17318,0.000566,172.31.33.0-255,66,49301,34,281086
17319,0.000783,74.125.24.0-255,1484,50785,34,281086
17320,0.000788,74.125.24.0-255,2902,53687,34,281086
17321,0.000791,172.31.33.0-255,66,53753,34,281086
17322,0.000795,74.125.24.0-255,1484,55237,34,281086
17323,0.000818,74.125.24.0-255,4320,59557,34,281086
17324,0.000823,172.31.33.0-255,66,59623,34,281086
17325,0.000863,172.31.33.0-255,66,59689,34,281086
17326,0.000868,74.125.24.0-255,4320,64009,34,281086
17327,0.000869,172.31.33.0-255,66,64075,34,281086
17328,0.000897,74.125.24.0-255,6438,70513,34,281086
17329,0.0009,172.31.33.0-255,66,70579,34,281086
17330,0.001067,74.125.24.0-255,1484,72063,34,281086
17331,0.001072,74.125.24.0-255,2902,74965,34,281086
17332,0.001075,172.31.33.0-255,66,75031,34,281086
17333,0.001104,74.125.24.0-255,5738,80769,34,281086
17334,0.001106,172.31.33.0-255,66,80835,34,281086
17335,0.001109,74.125.24.0-255,1484,82319,34,281086
17336,0.001144,172.31.33.0-255,66,82385,34,281086
17337,0.001183,74.125.24.0-255,5738,88123,34,281086
17338,0.001187,172.31.33.0-255,66,88189,34,281086
17339,0.00121,74.125.24.0-255,5020,93209,34,281086
17340,0.001213,172.31.33.0-255,66,93275,34,281086
17341,0.001351,74.125.24.0-255,1484,94759,34,281086
17342,0.001377,74.125.24.0-255,2902,97661,34,281086
17343,0.001381,172.31.33.0-255,66,97727,34,281086
17344,0.001392,74.125.24.0-255,2902,100629,34,281086
17345,0.001398,172.31.33.0-255,66,100695,34,281086
17346,0.001427,74.125.24.0-255,1484,102179,34,281086
17347,0.001433,74.125.24.0-255,5738,107917,34,281086
17348,0.001436,172.31.33.0-255,66,107983,34,281086
17349,0.001439,74.125.24.0-255,1484,109467,34,281086
17350,0.001471,172.31.33.0-255,66,109533,34,281086
17351,0.001478,74.125.24.0-255,7156,116689,34,281086
17352,0.00148,172.31.33.0-255,66,116755,34,281086
17353,0.00153,74.125.24.0-255,766,117521,34,281086
17354,0.001874,74.125.24.0-255,1484,119005,34,281086
17355,0.001877,172.31.33.0-255,66,119071,34,281086
17356,0.001882,74.125.24.0-255,2902,121973,34,281086
17357,0.001884,172.31.33.0-255,66,122039,34,281086
17358,0.001922,74.125.24.0-255,5738,127777,34,281086
17359,0.001924,172.31.33.0-255,66,127843,34,281086
17360,0.001931,74.125.24.0-255,5738,133581,34,281086
17361,0.001933,172.31.33.0-255,66,133647,34,281086
17362,0.001954,74.125.24.0-255,1484,135131,34,281086
17363,0.001999,172.31.33.0-255,66,135197,34,281086
17364,0.002005,74.125.24.0-255,5020,140217,34,281086
17365,0.002008,172.31.33.0-255,66,140283,34,281086
17366,0.00203,74.125.24.0-255,1484,141767,34,281086
17367,0.002063,172.31.33.0-255,66,141833,34,281086
17368,0.002066,74.125.24.0-255,1484,143317,34,281086
17369,0.002097,172.31.33.0-255,66,143383,34,281086
17370,0.0021,74.125.24.0-255,766,144149,34,281086
17371,0.002145,74.125.24.0-255,1484,145633,34,281086
17372,0.002147,172.31.33.0-255,66,145699,34,281086
17373,0.002173,74.125.24.0-255,2902,148601,34,281086
17374,0.002176,172.31.33.0-255,66,148667,34,281086
17375,0.002182,74.125.24.0-255,5738,154405,34,281086
17376,0.002184,172.31.33.0-255,66,154471,34,281086
17377,0.002205,74.125.24.0-255,2902,157373,34,281086
17378,0.002207,172.31.33.0-255,66,157439,34,281086
17379,0.002237,74.125.24.0-255,7156,164595,34,281086
17380,0.00225,74.125.24.0-255,2902,167497,34,281086
17381,0.002261,74.125.24.0-255,2902,170399,34,281086
17382,0.00228,74.125.24.0-255,4320,174719,34,281086
17383,0.0023,74.125.24.0-255,3602,178321,34,281086
17384,0.002465,74.125.24.0-255,1484,179805,34,281086
17385,0.002483,74.125.24.0-255,2902,182707,34,281086
17386,0.002494,74.125.24.0-255,2902,185609,34,281086
17387,0.00251,74.125.24.0-255,2902,188511,34,281086
17388,0.002525,74.125.24.0-255,4320,192831,34,281086
17389,0.002544,74.125.24.0-255,5738,198569,34,281086
17390,0.00259,74.125.24.0-255,4320,202889,34,281086
17391,0.002612,74.125.24.0-255,5020,207909,34,281086
17392,0.002618,74.125.24.0-255,4320,212229,34,281086
17393,0.002648,74.125.24.0-255,5738,217967,34,281086
17394,0.002681,74.125.24.0-255,2902,220869,34,281086
17395,0.002683,74.125.24.0-255,1484,222353,34,281086
17396,0.002706,74.125.24.0-255,2902,225255,34,281086
17397,0.002722,74.125.24.0-255,2184,227439,34,281086
17398,0.002857,74.125.24.0-255,1484,228923,34,281086
17399,0.002862,74.125.24.0-255,1484,230407,34,281086
17400,0.002878,74.125.24.0-255,1484,231891,34,281086
17401,0.002881,74.125.24.0-255,1484,233375,34,281086
17402,0.0029,74.125.24.0-255,4320,237695,34,281086
17403,0.002927,74.125.24.0-255,1484,239179,34,281086
17404,0.002941,74.125.24.0-255,1484,240663,34,281086
17405,0.002944,74.125.24.0-255,1484,242147,34,281086
17406,0.002946,74.125.24.0-255,1484,243631,34,281086
17407,0.002967,74.125.24.0-255,1484,245115,34,281086
17408,0.002985,74.125.24.0-255,2902,248017,34,281086
17409,0.002988,74.125.24.0-255,1484,249501,34,281086
17410,0.003017,74.125.24.0-255,3602,253103,34,281086
17411,0.003043,74.125.24.0-255,4320,257423,34,281086
17412,0.003068,74.125.24.0-255,4320,261743,34,281086
17413,0.003083,74.125.24.0-255,5738,267481,34,281086
17414,0.0031,74.125.24.0-255,5738,273219,34,281086
17415,0.003114,74.125.24.0-255,5738,278957,34,281086
17416,0.003117,74.125.24.0-255,2024,280981,34,281086
17417,0.003182,74.125.24.0-255,105,281086,34,281086
17418,0.0,74.125.24.0-255,153,153,34,240218
17419,2.6e-05,172.31.33.0-255,66,219,34,240218
17420,3.3e-05,74.125.24.0-255,1484,1703,34,240218
17421,3.6e-05,172.31.33.0-255,66,1769,34,240218
17422,4.1e-05,74.125.24.0-255,2902,4671,34,240218
17423,4.4e-05,172.31.33.0-255,66,4737,34,240218
17424,4.8e-05,74.125.24.0-255,2902,7639,34,240218
17425,5.1e-05,172.31.33.0-255,66,7705,34,240218
17426,7.2e-05,74.125.24.0-255,4320,12025,34,240218
17427,7.5e-05,172.31.33.0-255,66,12091,34,240218
17428,7.8e-05,74.125.24.0-255,1484,13575,34,240218
17429,8e-05,172.31.33.0-255,66,13641,34,240218
17430,0.000116,172.31.33.0-255,66,13707,34,240218
17431,0.000127,172.31.33.0-255,66,13773,34,240218
17432,0.000187,74.125.24.0-255,1484,15257,34,240218
17433,0.00019,172.31.33.0-255,66,15323,34,240218
17434,0.000195,74.125.24.0-255,2902,18225,34,240218
17435,0.000197,172.31.33.0-255,66,18291,34,240218
17436,0.000212,74.125.24.0-255,5738,24029,34,240218
17437,0.000215,172.31.33.0-255,66,24095,34,240218
17438,0.000237,74.125.24.0-255,2902,26997,34,240218
17439,0.00024,172.31.33.0-255,66,27063,34,240218
17440,0.000282,74.125.24.0-255,3961,31024,34,240218
17441,0.000286,172.31.33.0-255,66,31090,34,240218
17442,0.000336,74.125.24.0-255,1484,32574,34,240218
17443,0.000339,172.31.33.0-255,66,32640,34,240218
17444,0.000344,74.125.24.0-255,2902,35542,34,240218
17445,0.000347,172.31.33.0-255,66,35608,34,240218
17446,0.000369,74.125.24.0-255,5738,41346,34,240218
17447,0.000372,172.31.33.0-255,66,41412,34,240218
17448,0.000377,74.125.24.0-255,2902,44314,34,240218
17449,0.000379,172.31.33.0-255,66,44380,34,240218
17450,0.000397,74.125.24.0-255,2902,47282,34,240218
17451,0.000403,172.31.33.0-255,66,47348,34,240218
17452,0.000439,74.125.24.0-255,1420,48768,34,240218
17453,0.000499,74.125.24.0-255,129,48897,34,240218
17454,0.000611,74.125.24.0-255,1484,50381,34,240218
17455,0.000615,172.31.33.0-255,66,50447,34,240218
17456,0.000629,74.125.24.0-255,2902,53349,34,240218
17457,0.000632,172.31.33.0-255,66,53415,34,240218
17458,0.000636,74.125.24.0-255,2902,56317,34,240218
17459,0.000638,172.31.33.0-255,66,56383,34,240218
17460,0.000665,74.125.24.0-255,7156,63539,34,240218
17461,0.000668,172.31.33.0-255,66,63605,34,240218
17462,0.000699,74.125.24.0-255,4320,67925,34,240218
17463,0.000702,172.31.33.0-255,66,67991,34,240218
17464,0.000717,74.125.24.0-255,1484,69475,34,240218
17465,0.000729,74.125.24.0-255,2902,72377,34,240218
17466,0.000731,172.31.33.0-255,66,72443,34,240218
17467,0.000747,74.125.24.0-255,1125,73568,34,240218
17468,0.000757,172.31.33.0-255,66,73634,34,240218
17469,0.000775,74.125.24.0-255,1125,74759,34,240218
17470,0.00093,172.31.33.0-255,66,74825,34,240218
17471,0.000997,74.125.24.0-255,1484,76309,34,240218
17472,0.001014,74.125.24.0-255,2902,79211,34,240218
17473,0.001017,172.31.33.0-255,66,79277,34,240218
17474,0.001032,74.125.24.0-255,1484,80761,34,240218
17475,0.001047,74.125.24.0-255,4320,85081,34,240218
17476,0.001049,172.31.33.0-255,66,85147,34,240218
17477,0.001054,74.125.24.0-255,4320,89467,34,240218
17478,0.001056,172.31.33.0-255,66,89533,34,240218
17479,0.001066,74.125.24.0-255,1484,91017,34,240218
17480,0.001087,74.125.24.0-255,7156,98173,34,240218
17481,0.00109,172.31.33.0-255,66,98239,34,240218
17482,0.001104,74.125.24.0-255,1484,99723,34,240218
17483,0.001122,74.125.24.0-255,7156,106879,34,240218
17484,0.001125,172.31.33.0-255,66,106945,34,240218
17485,0.001151,74.125.24.0-255,2184,109129,34,240218
17486,0.001154,172.31.33.0-255,66,109195,34,240218
17487,0.00117,74.125.24.0-255,1484,110679,34,240218
17488,0.001183,74.125.24.0-255,1484,112163,34,240218
17489,0.001186,172.31.33.0-255,66,112229,34,240218
17490,0.001211,74.125.24.0-255,7156,119385,34,240218
17491,0.001214,172.31.33.0-255,66,119451,34,240218
17492,0.001219,74.125.24.0-255,5738,125189,34,240218
17493,0.001221,172.31.33.0-255,66,125255,34,240218
17494,0.001259,172.31.33.0-255,66,125321,34,240218
17495,0.001279,74.125.24.0-255,3602,128923,34,240218
17496,0.001281,172.31.33.0-255,66,128989,34,240218
17497,0.002596,74.125.24.0-255,1484,130473,34,240218
17498,0.002603,74.125.24.0-255,2902,133375,34,240218
17499,0.002607,172.31.33.0-255,66,133441,34,240218
17500,0.002636,74.125.24.0-255,5738,139179,34,240218
17501,0.002638,172.31.33.0-255,66,139245,34,240218
17502,0.002701,74.125.24.0-255,4320,143565,34,240218
17503,0.002703,172.31.33.0-255,66,143631,34,240218
17504,0.002715,74.125.24.0-255,4320,147951,34,240218
17505,0.002717,172.31.33.0-255,66,148017,34,240218
17506,0.002739,172.31.33.0-255,66,148083,34,240218
17507,0.002746,74.125.24.0-255,6438,154521,34,240218
17508,0.002748,172.31.33.0-255,66,154587,34,240218
17509,0.002785,74.125.24.0-255,1484,156071,34,240218
17510,0.002811,74.125.24.0-255,1484,157555,34,240218
17511,0.002813,172.31.33.0-255,66,157621,34,240218
17512,0.00283,74.125.24.0-255,1484,159105,34,240218
17513,0.002835,74.125.24.0-255,5738,164843,34,240218
17514,0.002837,172.31.33.0-255,66,164909,34,240218
17515,0.002839,74.125.24.0-255,1484,166393,34,240218
17516,0.002877,172.31.33.0-255,66,166459,34,240218
17517,0.002896,74.125.24.0-255,7156,173615,34,240218
17518,0.002898,172.31.33.0-255,66,173681,34,240218
17519,0.0029,74.125.24.0-255,1484,175165,34,240218
17520,0.00292,74.125.24.0-255,4320,179485,34,240218
17521,0.002922,172.31.33.0-255,66,179551,34,240218
17522,0.002938,74.125.24.0-255,766,180317,34,240218
17523,0.002942,74.125.24.0-255,4320,184637,34,240218
17524,0.002944,172.31.33.0-255,66,184703,34,240218
17525,0.002957,74.125.24.0-255,1484,186187,34,240218
17526,0.002962,74.125.24.0-255,5738,191925,34,240218
17527,0.002964,172.31.33.0-255,66,191991,34,240218
17528,0.002966,74.125.24.0-255,1484,193475,34,240218
17529,0.003001,74.125.24.0-255,4320,197795,34,240218
17530,0.003003,172.31.33.0-255,66,197861,34,240218
17531,0.003021,172.31.33.0-255,66,197927,34,240218
17532,0.003051,172.31.33.0-255,66,197993,34,240218
17533,0.003053,74.125.24.0-255,1484,199477,34,240218
17534,0.003094,172.31.33.0-255,66,199543,34,240218
17535,0.0031,74.125.24.0-255,7156,206699,34,240218
17536,0.003102,172.31.33.0-255,66,206765,34,240218
17537,0.003124,74.125.24.0-255,2902,209667,34,240218
17538,0.003126,172.31.33.0-255,66,209733,34,240218
17539,0.003148,74.125.24.0-255,6438,216171,34,240218
17540,0.00315,172.31.33.0-255,66,216237,34,240218
17541,0.003155,74.125.24.0-255,7156,223393,34,240218
17542,0.003157,172.31.33.0-255,66,223459,34,240218
17543,0.003177,74.125.24.0-255,1484,224943,34,240218
17544,0.003208,172.31.33.0-255,66,225009,34,240218
17545,0.003218,172.31.33.0-255,66,225075,34,240218
17546,0.003243,74.125.24.0-255,4320,229395,34,240218
17547,0.003246,172.31.33.0-255,66,229461,34,240218
17548,0.003273,172.31.33.0-255,66,229527,34,240218
17549,0.003276,74.125.24.0-255,2902,232429,34,240218
17550,0.003279,172.31.33.0-255,66,232495,34,240218
17551,0.003284,74.125.24.0-255,4320,236815,34,240218
17552,0.003287,172.31.33.0-255,66,236881,34,240218
17553,0.003317,172.31.33.0-255,66,236947,34,240218
17554,0.003328,172.31.33.0-255,66,237013,34,240218
17555,0.003331,74.125.24.0-255,1484,238497,34,240218
17556,0.003333,74.125.24.0-255,1484,239981,34,240218
17557,0.003335,172.31.33.0-255,66,240047,34,240218
17558,0.003404,172.31.33.0-255,66,240113,34,240218
17559,0.003423,74.125.24.0-255,105,240218,34,240218
17560,0.0,172.217.194.0-255,153,153,34,195749
17561,1.5e-05,172.31.33.0-255,66,219,34,195749
17562,2.1e-05,172.217.194.0-255,1484,1703,34,195749
17563,2.5e-05,172.31.33.0-255,66,1769,34,195749
17564,3e-05,172.217.194.0-255,2902,4671,34,195749
17565,3.9e-05,172.31.33.0-255,66,4737,34,195749
17566,4.3e-05,172.217.194.0-255,2902,7639,34,195749
17567,4.5e-05,172.31.33.0-255,66,7705,34,195749
17568,6.5e-05,172.217.194.0-255,4320,12025,34,195749
17569,7.1e-05,172.31.33.0-255,66,12091,34,195749
17570,7.5e-05,172.217.194.0-255,2164,14255,34,195749
17571,7.7e-05,172.31.33.0-255,66,14321,34,195749
17572,8.1e-05,172.217.194.0-255,2902,17223,34,195749
17573,8.2e-05,172.31.33.0-255,66,17289,34,195749
17574,0.000113,172.217.194.0-255,7156,24445,34,195749
17575,0.000115,172.31.33.0-255,66,24511,34,195749
17576,0.000126,172.217.194.0-255,6797,31308,34,195749
17577,0.000128,172.31.33.0-255,66,31374,34,195749
17578,0.000531,172.217.194.0-255,1484,32858,34,195749
17579,0.000536,172.31.33.0-255,66,32924,34,195749
17580,0.000541,172.217.194.0-255,2902,35826,34,195749
17581,0.000543,172.31.33.0-255,66,35892,34,195749
17582,0.000564,172.217.194.0-255,5738,41630,34,195749
17583,0.000569,172.31.33.0-255,66,41696,34,195749
17584,0.000573,172.217.194.0-255,2902,44598,34,195749
17585,0.000575,172.31.33.0-255,66,44664,34,195749
17586,0.000596,172.217.194.0-255,3961,48625,34,195749
17587,0.000598,172.31.33.0-255,66,48691,34,195749
17588,0.000624,172.217.194.0-255,5738,54429,34,195749
17589,0.000626,172.31.33.0-255,66,54495,34,195749
17590,0.000657,172.31.33.0-255,66,54561,34,195749
17591,0.000674,172.217.194.0-255,2798,57359,34,195749
17592,0.000676,172.31.33.0-255,66,57425,34,195749
17593,0.000699,172.217.194.0-255,112,57537,34,195749
17594,0.00076,172.217.194.0-255,1484,59021,34,195749
17595,0.000763,172.31.33.0-255,66,59087,34,195749
17596,0.000767,172.217.194.0-255,1484,60571,34,195749
17597,0.000787,172.217.194.0-255,1484,62055,34,195749
17598,0.00079,172.31.33.0-255,66,62121,34,195749
17599,0.000796,172.217.194.0-255,5738,67859,34,195749
17600,0.000798,172.31.33.0-255,66,67925,34,195749
17601,0.000816,172.217.194.0-255,1484,69409,34,195749
17602,0.000847,172.31.33.0-255,66,69475,34,195749
17603,0.000857,172.31.33.0-255,66,69541,34,195749
17604,0.000913,172.217.194.0-255,3961,73502,34,195749
17605,0.000915,172.31.33.0-255,66,73568,34,195749
17606,0.00099,172.217.194.0-255,1484,75052,34,195749
17607,0.001004,172.217.194.0-255,2902,77954,34,195749
17608,0.001006,172.31.33.0-255,66,78020,34,195749
17609,0.00101,172.217.194.0-255,1484,79504,34,195749
17610,0.001035,172.217.194.0-255,4320,83824,34,195749
17611,0.001037,172.31.33.0-255,66,83890,34,195749
17612,0.001044,172.217.194.0-255,7156,91046,34,195749
17613,0.001046,172.31.33.0-255,66,91112,34,195749
17614,0.00105,172.217.194.0-255,2902,94014,34,195749
17615,0.001052,172.31.33.0-255,66,94080,34,195749
17616,0.001091,172.31.33.0-255,66,94146,34,195749
17617,0.001094,172.217.194.0-255,2184,96330,34,195749
17618,0.001096,172.31.33.0-255,66,96396,34,195749
17619,0.001147,172.217.194.0-255,1484,97880,34,195749
17620,0.001161,172.217.194.0-255,2902,100782,34,195749
17621,0.001164,172.31.33.0-255,66,100848,34,195749
17622,0.00117,172.217.194.0-255,5738,106586,34,195749
17623,0.001172,172.31.33.0-255,66,106652,34,195749
17624,0.001177,172.217.194.0-255,4320,110972,34,195749
17625,0.001179,172.31.33.0-255,66,111038,34,195749
17626,0.001209,172.217.194.0-255,2902,113940,34,195749
17627,0.001212,172.31.33.0-255,66,114006,34,195749
17628,0.001225,172.31.33.0-255,66,114072,34,195749
17629,0.001232,172.217.194.0-255,2184,116256,34,195749
17630,0.001234,172.31.33.0-255,66,116322,34,195749
17631,0.001617,172.217.194.0-255,1484,117806,34,195749
17632,0.001623,172.217.194.0-255,2902,120708,34,195749
17633,0.001625,172.31.33.0-255,66,120774,34,195749
17634,0.001645,172.217.194.0-255,5738,126512,34,195749
17635,0.001647,172.31.33.0-255,66,126578,34,195749
17636,0.001684,172.31.33.0-255,66,126644,34,195749
17637,0.001689,172.217.194.0-255,2902,129546,34,195749
17638,0.00169,172.31.33.0-255,66,129612,34,195749
17639,0.001735,172.31.33.0-255,66,129678,34,195749
17640,0.001793,172.217.194.0-255,1484,131162,34,195749
17641,0.001813,172.217.194.0-255,2902,134064,34,195749
17642,0.001815,172.31.33.0-255,66,134130,34,195749
17643,0.001821,172.217.194.0-255,5738,139868,34,195749
17644,0.001823,172.31.33.0-255,66,139934,34,195749
17645,0.001858,172.31.33.0-255,66,140000,34,195749
17646,0.001869,172.31.33.0-255,66,140066,34,195749
17647,0.00237,172.217.194.0-255,1484,141550,34,195749
17648,0.002375,172.217.194.0-255,2902,144452,34,195749
17649,0.002378,172.31.33.0-255,66,144518,34,195749
17650,0.002386,172.217.194.0-255,5738,150256,34,195749
17651,0.002387,172.31.33.0-255,66,150322,34,195749
17652,0.002439,172.31.33.0-255,66,150388,34,195749
17653,0.00245,172.31.33.0-255,66,150454,34,195749
17654,0.002457,172.217.194.0-255,766,151220,34,195749
17655,0.002512,172.217.194.0-255,1484,152704,34,195749
17656,0.002515,172.31.33.0-255,66,152770,34,195749
17657,0.00252,172.217.194.0-255,2902,155672,34,195749
17658,0.002521,172.31.33.0-255,66,155738,34,195749
17659,0.002528,172.217.194.0-255,5738,161476,34,195749
17660,0.002529,172.31.33.0-255,66,161542,34,195749
17661,0.002601,172.31.33.0-255,66,161608,34,195749
17662,0.002614,172.31.33.0-255,66,161674,34,195749
17663,0.00262,172.217.194.0-255,1484,163158,34,195749
17664,0.002623,172.31.33.0-255,78,163236,34,195749
17665,0.002639,172.217.194.0-255,4320,167556,34,195749
17666,0.002643,172.217.194.0-255,1484,169040,34,195749
17667,0.002649,172.217.194.0-255,7156,176196,34,195749
17668,0.002655,172.31.33.0-255,66,176262,34,195749
17669,0.002661,172.31.33.0-255,66,176328,34,195749
17670,0.002661,172.31.33.0-255,66,176394,34,195749
17671,0.002704,172.31.33.0-255,66,176460,34,195749
17672,0.00271,172.217.194.0-255,4320,180780,34,195749
17673,0.002711,172.31.33.0-255,66,180846,34,195749
17674,0.002747,172.217.194.0-255,7156,188002,34,195749
17675,0.00275,172.31.33.0-255,66,188068,34,195749
17676,0.00276,172.31.33.0-255,66,188134,34,195749
17677,0.002772,172.217.194.0-255,1484,189618,34,195749
17678,0.002774,172.31.33.0-255,78,189696,34,195749
17679,0.00278,172.217.194.0-255,5738,195434,34,195749
17680,0.002786,172.31.33.0-255,78,195512,34,195749
17681,0.00283,172.31.33.0-255,66,195578,34,195749
17682,0.002844,172.31.33.0-255,66,195644,34,195749
17683,0.002851,172.217.194.0-255,105,195749,34,195749
17684,0.0,74.125.24.0-255,143,143,34,270367
17685,2.3e-05,172.31.33.0-255,66,209,34,270367
17686,3e-05,74.125.24.0-255,1484,1693,34,270367
17687,3.5e-05,172.31.33.0-255,66,1759,34,270367
17688,4e-05,74.125.24.0-255,2902,4661,34,270367
17689,4.3e-05,172.31.33.0-255,66,4727,34,270367
17690,4.9e-05,74.125.24.0-255,4320,9047,34,270367
17691,5.2e-05,172.31.33.0-255,66,9113,34,270367
17692,8.4e-05,74.125.24.0-255,1484,10597,34,270367
17693,8.6e-05,172.31.33.0-255,66,10663,34,270367
17694,0.000109,74.125.24.0-255,3464,14127,34,270367
17695,0.000111,172.31.33.0-255,66,14193,34,270367
17696,0.000118,74.125.24.0-255,5738,19931,34,270367
17697,0.00012,172.31.33.0-255,66,19997,34,270367
17698,0.000142,74.125.24.0-255,5738,25735,34,270367
17699,0.000144,172.31.33.0-255,66,25801,34,270367
17700,0.000161,74.125.24.0-255,5379,31180,34,270367
17701,0.000164,172.31.33.0-255,66,31246,34,270367
17702,0.00026,74.125.24.0-255,1484,32730,34,270367
17703,0.000264,172.31.33.0-255,66,32796,34,270367
17704,0.00027,74.125.24.0-255,2902,35698,34,270367
17705,0.000273,172.31.33.0-255,66,35764,34,270367
17706,0.000299,74.125.24.0-255,4320,40084,34,270367
17707,0.000302,172.31.33.0-255,66,40150,34,270367
17708,0.000323,74.125.24.0-255,1484,41634,34,270367
17709,0.000325,172.31.33.0-255,66,41700,34,270367
17710,0.000333,74.125.24.0-255,7156,48856,34,270367
17711,0.000335,172.31.33.0-255,66,48922,34,270367
17712,0.000338,74.125.24.0-255,1484,50406,34,270367
17713,0.00034,172.31.33.0-255,66,50472,34,270367
17714,0.000382,172.31.33.0-255,66,50538,34,270367
17715,0.000385,74.125.24.0-255,1484,52022,34,270367
17716,0.000389,74.125.24.0-255,1100,53122,34,270367
17717,0.000391,172.31.33.0-255,66,53188,34,270367
17718,0.000417,74.125.24.0-255,110,53298,34,270367
17719,0.000646,74.125.24.0-255,1484,54782,34,270367
17720,0.000652,172.31.33.0-255,66,54848,34,270367
17721,0.000657,74.125.24.0-255,2902,57750,34,270367
17722,0.00066,172.31.33.0-255,66,57816,34,270367
17723,0.000686,74.125.24.0-255,5738,63554,34,270367
17724,0.00069,172.31.33.0-255,66,63620,34,270367
17725,0.000693,74.125.24.0-255,1484,65104,34,270367
17726,0.000708,74.125.24.0-255,1484,66588,34,270367
17727,0.00071,172.31.33.0-255,66,66654,34,270367
17728,0.000734,74.125.24.0-255,7156,73810,34,270367
17729,0.000737,172.31.33.0-255,66,73876,34,270367
17730,0.00077,172.31.33.0-255,66,73942,34,270367
17731,0.001392,74.125.24.0-255,1484,75426,34,270367
17732,0.001408,74.125.24.0-255,2902,78328,34,270367
17733,0.001411,172.31.33.0-255,66,78394,34,270367
17734,0.001415,74.125.24.0-255,1484,79878,34,270367
17735,0.001433,74.125.24.0-255,4320,84198,34,270367
17736,0.001436,172.31.33.0-255,66,84264,34,270367
17737,0.001486,172.31.33.0-255,66,84330,34,270367
17738,0.001501,74.125.24.0-255,2902,87232,34,270367
17739,0.001503,172.31.33.0-255,66,87298,34,270367
17740,0.00151,74.125.24.0-255,5738,93036,34,270367
17741,0.001512,172.31.33.0-255,66,93102,34,270367
17742,0.001518,74.125.24.0-255,5020,98122,34,270367
17743,0.001521,172.31.33.0-255,66,98188,34,270367
17744,0.001895,74.125.24.0-255,1484,99672,34,270367
17745,0.001904,74.125.24.0-255,2902,102574,34,270367
17746,0.001908,172.31.33.0-255,66,102640,34,270367
17747,0.001933,74.125.24.0-255,5738,108378,34,270367
17748,0.001935,172.31.33.0-255,66,108444,34,270367
17749,0.00194,74.125.24.0-255,2902,111346,34,270367
17750,0.001942,172.31.33.0-255,66,111412,34,270367
17751,0.001966,172.31.33.0-255,66,111478,34,270367
17752,0.00198,172.31.33.0-255,66,111544,34,270367
17753,0.002582,74.125.24.0-255,1484,113028,34,270367
17754,0.002591,74.125.24.0-255,2902,115930,34,270367
17755,0.002596,172.31.33.0-255,66,115996,34,270367
17756,0.002618,74.125.24.0-255,5738,121734,34,270367
17757,0.002621,172.31.33.0-255,66,121800,34,270367
17758,0.002625,74.125.24.0-255,1484,123284,34,270367
17759,0.002646,74.125.24.0-255,5738,129022,34,270367
17760,0.002648,172.31.33.0-255,66,129088,34,270367
17761,0.002662,172.31.33.0-255,66,129154,34,270367
17762,0.002682,74.125.24.0-255,2902,132056,34,270367
17763,0.002684,172.31.33.0-255,66,132122,34,270367
17764,0.002689,74.125.24.0-255,2184,134306,34,270367
17765,0.002691,172.31.33.0-255,66,134372,34,270367
17766,0.002957,74.125.24.0-255,1484,135856,34,270367
17767,0.002964,74.125.24.0-255,1484,137340,34,270367
17768,0.002968,172.31.33.0-255,66,137406,34,270367
17769,0.002987,74.125.24.0-255,1484,138890,34,270367
17770,0.002994,74.125.24.0-255,5738,144628,34,270367
17771,0.002996,172.31.33.0-255,66,144694,34,270367
17772,0.003014,74.125.24.0-255,7156,151850,34,270367
17773,0.003016,172.31.33.0-255,66,151916,34,270367
17774,0.003032,74.125.24.0-255,5738,157654,34,270367
17775,0.003035,172.31.33.0-255,66,157720,34,270367
17776,0.00304,74.125.24.0-255,4320,162040,34,270367
17777,0.003043,172.31.33.0-255,66,162106,34,270367
17778,0.003057,74.125.24.0-255,4320,166426,34,270367
17779,0.003059,172.31.33.0-255,66,166492,34,270367
17780,0.00307,74.125.24.0-255,1484,167976,34,270367
17781,0.003073,74.125.24.0-255,766,168742,34,270367
17782,0.003075,172.31.33.0-255,66,168808,34,270367
17783,0.003236,74.125.24.0-255,1484,170292,34,270367
17784,0.003244,74.125.24.0-255,2902,173194,34,270367
17785,0.003247,172.31.33.0-255,66,173260,34,270367
17786,0.003254,74.125.24.0-255,5738,178998,34,270367
17787,0.003257,172.31.33.0-255,66,179064,34,270367
17788,0.003273,74.125.24.0-255,1484,180548,34,270367
17789,0.003297,74.125.24.0-255,7156,187704,34,270367
17790,0.0033,172.31.33.0-255,66,187770,34,270367
17791,0.003303,74.125.24.0-255,1484,189254,34,270367
17792,0.003306,74.125.24.0-255,1484,190738,34,270367
17793,0.003309,172.31.33.0-255,66,190804,34,270367
17794,0.003332,172.31.33.0-255,66,190870,34,270367
17795,0.003336,74.125.24.0-255,2184,193054,34,270367
17796,0.003338,172.31.33.0-255,66,193120,34,270367
17797,0.003342,74.125.24.0-255,2902,196022,34,270367
17798,0.003345,172.31.33.0-255,66,196088,34,270367
17799,0.003348,74.125.24.0-255,2902,198990,34,270367
17800,0.003351,172.31.33.0-255,66,199056,34,270367
17801,0.003354,74.125.24.0-255,1484,200540,34,270367
17802,0.003377,74.125.24.0-255,5738,206278,34,270367
17803,0.003381,172.31.33.0-255,66,206344,34,270367
17804,0.003387,74.125.24.0-255,7156,213500,34,270367
17805,0.00339,172.31.33.0-255,66,213566,34,270367
17806,0.003394,74.125.24.0-255,2902,216468,34,270367
17807,0.003396,172.31.33.0-255,66,216534,34,270367
17808,0.003413,74.125.24.0-255,1484,218018,34,270367
17809,0.003439,74.125.24.0-255,4320,222338,34,270367
17810,0.003442,172.31.33.0-255,66,222404,34,270367
17811,0.003463,74.125.24.0-255,5020,227424,34,270367
17812,0.003466,172.31.33.0-255,66,227490,34,270367
17813,0.003739,74.125.24.0-255,1484,228974,34,270367
17814,0.003759,74.125.24.0-255,2902,231876,34,270367
17815,0.003763,172.31.33.0-255,66,231942,34,270367
17816,0.003783,74.125.24.0-255,5738,237680,34,270367
17817,0.003785,172.31.33.0-255,66,237746,34,270367
17818,0.003789,74.125.24.0-255,2902,240648,34,270367
17819,0.00379,172.31.33.0-255,66,240714,34,270367
17820,0.003814,74.125.24.0-255,1484,242198,34,270367
17821,0.003844,172.31.33.0-255,66,242264,34,270367
17822,0.003848,74.125.24.0-255,2902,245166,34,270367
17823,0.003849,172.31.33.0-255,66,245232,34,270367
17824,0.00387,172.31.33.0-255,66,245298,34,270367
17825,0.003889,74.125.24.0-255,1484,246782,34,270367
17826,0.003899,74.125.24.0-255,2902,249684,34,270367
17827,0.003902,172.31.33.0-255,66,249750,34,270367
17828,0.003916,74.125.24.0-255,7156,256906,34,270367
17829,0.003918,172.31.33.0-255,66,256972,34,270367
17830,0.003924,74.125.24.0-255,7156,264128,34,270367
17831,0.003926,172.31.33.0-255,66,264194,34,270367
17832,0.003947,74.125.24.0-255,1484,265678,34,270367
17833,0.003975,172.31.33.0-255,66,265744,34,270367
17834,0.004001,172.31.33.0-255,66,265810,34,270367
17835,0.004005,74.125.24.0-255,4320,270130,34,270367
17836,0.004007,172.31.33.0-255,66,270196,34,270367
17837,0.004038,172.31.33.0-255,66,270262,34,270367
17838,0.004061,74.125.24.0-255,105,270367,34,270367
17839,0.0,172.217.24.0-255,153,153,34,286863
17840,3.1e-05,172.31.33.0-255,66,219,34,286863
17841,3.9e-05,172.217.24.0-255,1484,1703,34,286863
17842,4.3e-05,172.31.33.0-255,66,1769,34,286863
17843,5.5e-05,172.217.24.0-255,2902,4671,34,286863
17844,5.8e-05,172.31.33.0-255,66,4737,34,286863
17845,6.6e-05,172.217.24.0-255,7156,11893,34,286863
17846,6.9e-05,172.31.33.0-255,66,11959,34,286863
17847,0.000106,172.217.24.0-255,2093,14052,34,286863
17848,0.000109,172.31.33.0-255,66,14118,34,286863
17849,0.000255,172.217.24.0-255,1484,15602,34,286863
17850,0.000262,172.31.33.0-255,66,15668,34,286863
17851,0.000282,172.217.24.0-255,2902,18570,34,286863
17852,0.000285,172.31.33.0-255,66,18636,34,286863
17853,0.000292,172.217.24.0-255,5738,24374,34,286863
17854,0.000294,172.31.33.0-255,66,24440,34,286863
17855,0.000334,172.217.24.0-255,6797,31237,34,286863
17856,0.000338,172.31.33.0-255,66,31303,34,286863
17857,0.000368,172.217.24.0-255,5738,37041,34,286863
17858,0.000372,172.31.33.0-255,66,37107,34,286863
17859,0.000386,172.217.24.0-255,1484,38591,34,286863
17860,0.000393,172.31.33.0-255,66,38657,34,286863
17861,0.000401,172.217.24.0-255,5738,44395,34,286863
17862,0.000404,172.31.33.0-255,66,44461,34,286863
17863,0.000436,172.217.24.0-255,3961,48422,34,286863
17864,0.00044,172.31.33.0-255,66,48488,34,286863
17865,0.000524,172.217.24.0-255,1484,49972,34,286863
17866,0.000528,172.31.33.0-255,66,50038,34,286863
17867,0.000532,172.217.24.0-255,1484,51522,34,286863
17868,0.000535,172.31.33.0-255,66,51588,34,286863
17869,0.000551,172.217.24.0-255,1484,53072,34,286863
17870,0.000558,172.31.33.0-255,66,53138,34,286863
17871,0.000561,172.217.24.0-255,1484,54622,34,286863
17872,0.00059,172.217.24.0-255,4320,58942,34,286863
17873,0.000594,172.31.33.0-255,66,59008,34,286863
17874,0.000598,172.217.24.0-255,2902,61910,34,286863
17875,0.000601,172.31.33.0-255,66,61976,34,286863
17876,0.000612,172.217.24.0-255,3961,65937,34,286863
17877,0.000614,172.31.33.0-255,66,66003,34,286863
17878,0.000617,172.217.24.0-255,358,66361,34,286863
17879,0.000845,172.31.33.0-255,66,66427,34,286863
17880,0.001204,172.217.24.0-255,131,66558,34,286863
17881,0.001244,172.31.33.0-255,66,66624,34,286863
17882,0.00139,172.217.24.0-255,1484,68108,34,286863
17883,0.001399,172.217.24.0-255,2902,71010,34,286863
17884,0.001403,172.31.33.0-255,66,71076,34,286863
17885,0.001437,172.217.24.0-255,5738,76814,34,286863
17886,0.001441,172.31.33.0-255,66,76880,34,286863
17887,0.001445,172.217.24.0-255,2902,79782,34,286863
17888,0.001447,172.31.33.0-255,66,79848,34,286863
17889,0.001452,172.217.24.0-255,3961,83809,34,286863
17890,0.001459,172.31.33.0-255,66,83875,34,286863
17891,0.00147,172.31.33.0-255,66,83941,34,286863
17892,0.001473,172.217.24.0-255,1484,85425,34,286863
17893,0.001511,172.217.24.0-255,6797,92222,34,286863
17894,0.001516,172.31.33.0-255,66,92288,34,286863
17895,0.001948,172.217.24.0-255,1484,93772,34,286863
17896,0.001954,172.217.24.0-255,1484,95256,34,286863
17897,0.001958,172.31.33.0-255,66,95322,34,286863
17898,0.001976,172.217.24.0-255,1484,96806,34,286863
17899,0.001982,172.217.24.0-255,5738,102544,34,286863
17900,0.001984,172.31.33.0-255,66,102610,34,286863
17901,0.001987,172.217.24.0-255,1484,104094,34,286863
17902,0.001989,172.217.24.0-255,1484,105578,34,286863
17903,0.001991,172.31.33.0-255,66,105644,34,286863
17904,0.001996,172.217.24.0-255,2902,108546,34,286863
17905,0.001997,172.31.33.0-255,66,108612,34,286863
17906,0.002002,172.217.24.0-255,4320,112932,34,286863
17907,0.002005,172.31.33.0-255,66,112998,34,286863
17908,0.00204,172.31.33.0-255,66,113064,34,286863
17909,0.002044,172.217.24.0-255,2184,115248,34,286863
17910,0.002046,172.31.33.0-255,66,115314,34,286863
17911,0.002107,172.217.24.0-255,1484,116798,34,286863
17912,0.00212,172.217.24.0-255,1484,118282,34,286863
17913,0.002123,172.31.33.0-255,66,118348,34,286863
17914,0.002151,172.217.24.0-255,1484,119832,34,286863
17915,0.002157,172.217.24.0-255,4320,124152,34,286863
17916,0.002159,172.31.33.0-255,66,124218,34,286863
17917,0.002178,172.217.24.0-255,4320,128538,34,286863
17918,0.00218,172.31.33.0-255,66,128604,34,286863
17919,0.002203,172.217.24.0-255,1484,130088,34,286863
17920,0.002206,172.217.24.0-255,1484,131572,34,286863
17921,0.002209,172.31.33.0-255,66,131638,34,286863
17922,0.00224,172.31.33.0-255,66,131704,34,286863
17923,0.002245,172.217.24.0-255,4320,136024,34,286863
17924,0.002247,172.31.33.0-255,66,136090,34,286863
17925,0.002277,172.217.24.0-255,3602,139692,34,286863
17926,0.00228,172.31.33.0-255,66,139758,34,286863
17927,0.002327,172.217.24.0-255,1484,141242,34,286863
17928,0.002332,172.217.24.0-255,2902,144144,34,286863
17929,0.002334,172.31.33.0-255,66,144210,34,286863
17930,0.002337,172.217.24.0-255,1484,145694,34,286863
17931,0.002361,172.217.24.0-255,4320,150014,34,286863
17932,0.002364,172.31.33.0-255,66,150080,34,286863
17933,0.002394,172.31.33.0-255,66,150146,34,286863
17934,0.002398,172.217.24.0-255,2902,153048,34,286863
17935,0.0024,172.31.33.0-255,66,153114,34,286863
17936,0.002403,172.217.24.0-255,1484,154598,34,286863
17937,0.002413,172.31.33.0-255,66,154664,34,286863
17938,0.00246,172.217.24.0-255,1484,156148,34,286863
17939,0.00247,172.217.24.0-255,1484,157632,34,286863
17940,0.002473,172.31.33.0-255,66,157698,34,286863
17941,0.002492,172.217.24.0-255,4320,162018,34,286863
17942,0.002495,172.31.33.0-255,66,162084,34,286863
17943,0.002498,172.217.24.0-255,2902,164986,34,286863
17944,0.0025,172.31.33.0-255,66,165052,34,286863
17945,0.002503,172.217.24.0-255,1484,166536,34,286863
17946,0.002526,172.217.24.0-255,2902,169438,34,286863
17947,0.002529,172.217.24.0-255,2902,172340,34,286863
17948,0.002534,172.31.33.0-255,66,172406,34,286863
17949,0.002537,172.31.33.0-255,66,172472,34,286863
17950,0.002558,172.217.24.0-255,7156,179628,34,286863
17951,0.002561,172.31.33.0-255,66,179694,34,286863
17952,0.002588,172.31.33.0-255,66,179760,34,286863
17953,0.00259,172.217.24.0-255,766,180526,34,286863
17954,0.002708,172.217.24.0-255,1484,182010,34,286863
17955,0.002712,172.31.33.0-255,66,182076,34,286863
17956,0.002717,172.217.24.0-255,2902,184978,34,286863
17957,0.002719,172.31.33.0-255,66,185044,34,286863
17958,0.002742,172.217.24.0-255,5738,190782,34,286863
17959,0.002744,172.31.33.0-255,66,190848,34,286863
17960,0.002783,172.31.33.0-255,66,190914,34,286863
17961,0.002794,172.31.33.0-255,66,190980,34,286863
17962,0.002802,172.217.24.0-255,2902,193882,34,286863
17963,0.002805,172.31.33.0-255,66,193948,34,286863
17964,0.002832,172.217.24.0-255,2184,196132,34,286863
17965,0.002835,172.31.33.0-255,66,196198,34,286863
17966,0.003067,172.217.24.0-255,1484,197682,34,286863
17967,0.003071,172.217.24.0-255,1484,199166,34,286863
17968,0.003074,172.31.33.0-255,66,199232,34,286863
17969,0.003098,172.217.24.0-255,1484,200716,34,286863
17970,0.003103,172.217.24.0-255,5738,206454,34,286863
17971,0.003106,172.217.24.0-255,2902,209356,34,286863
17972,0.003139,172.31.33.0-255,66,209422,34,286863
17973,0.003147,172.31.33.0-255,66,209488,34,286863
17974,0.003151,172.217.24.0-255,4320,213808,34,286863
17975,0.003153,172.31.33.0-255,66,213874,34,286863
17976,0.003167,172.31.33.0-255,66,213940,34,286863
17977,0.003172,172.217.24.0-255,4320,218260,34,286863
17978,0.003174,172.31.33.0-255,66,218326,34,286863
17979,0.003205,172.217.24.0-255,3602,221928,34,286863
17980,0.00321,172.217.24.0-255,4320,226248,34,286863
17981,0.003214,172.31.33.0-255,66,226314,34,286863
17982,0.003222,172.31.33.0-255,66,226380,34,286863
17983,0.003226,172.217.24.0-255,2902,229282,34,286863
17984,0.003232,172.31.33.0-255,66,229348,34,286863
17985,0.003257,172.217.24.0-255,7156,236504,34,286863
17986,0.00326,172.31.33.0-255,66,236570,34,286863
17987,0.003266,172.217.24.0-255,5738,242308,34,286863
17988,0.003268,172.31.33.0-255,66,242374,34,286863
17989,0.003295,172.217.24.0-255,5738,248112,34,286863
17990,0.0033,172.31.33.0-255,66,248178,34,286863
17991,0.00333,172.31.33.0-255,66,248244,34,286863
17992,0.003385,172.217.24.0-255,1484,249728,34,286863
17993,0.003402,172.217.24.0-255,2902,252630,34,286863
17994,0.003404,172.217.24.0-255,1484,254114,34,286863
17995,0.003408,172.31.33.0-255,66,254180,34,286863
17996,0.003419,172.217.24.0-255,2902,257082,34,286863
17997,0.003425,172.31.33.0-255,66,257148,34,286863
17998,0.003431,172.217.24.0-255,5738,262886,34,286863
17999,0.003434,172.31.33.0-255,66,262952,34,286863
18000,0.003474,172.31.33.0-255,66,263018,34,286863
18001,0.003501,172.217.24.0-255,7156,270174,34,286863
18002,0.003506,172.31.33.0-255,66,270240,34,286863
18003,0.003537,172.217.24.0-255,6438,276678,34,286863
18004,0.003539,172.31.33.0-255,66,276744,34,286863
18005,0.003551,172.217.24.0-255,1484,278228,34,286863
18006,0.003576,172.217.24.0-255,7156,285384,34,286863
18007,0.003585,172.31.33.0-255,66,285450,34,286863
18008,0.003591,172.217.24.0-255,970,286420,34,286863
18009,0.003606,172.217.24.0-255,105,286525,34,286863
18010,0.004382,172.31.33.0-255,101,286626,34,286863
18011,0.005279,172.31.33.0-255,105,286731,34,286863
18012,0.006303,172.217.24.0-255,66,286797,34,286863
18013,0.007192,172.217.24.0-255,66,286863,34,286863
18014,0.0,172.217.194.0-255,153,153,34,235444
18015,2.5e-05,172.31.33.0-255,66,219,34,235444
18016,3e-05,172.217.194.0-255,1484,1703,34,235444
18017,3.4e-05,172.31.33.0-255,66,1769,34,235444
18018,6.6e-05,172.217.194.0-255,2902,4671,34,235444
18019,6.9e-05,172.31.33.0-255,66,4737,34,235444
18020,7.6e-05,172.217.194.0-255,5738,10475,34,235444
18021,7.9e-05,172.31.33.0-255,66,10541,34,235444
18022,0.000104,172.217.194.0-255,4320,14861,34,235444
18023,0.000106,172.31.33.0-255,66,14927,34,235444
18024,0.000143,172.31.33.0-255,66,14993,34,235444
18025,0.000147,172.217.194.0-255,1484,16477,34,235444
18026,0.000149,172.31.33.0-255,66,16543,34,235444
18027,0.000173,172.217.194.0-255,5379,21922,34,235444
18028,0.000177,172.31.33.0-255,66,21988,34,235444
18029,0.00033,172.217.194.0-255,1484,23472,34,235444
18030,0.000335,172.31.33.0-255,66,23538,34,235444
18031,0.00034,172.217.194.0-255,2902,26440,34,235444
18032,0.000343,172.31.33.0-255,66,26506,34,235444
18033,0.000375,172.217.194.0-255,1484,27990,34,235444
18034,0.000379,172.31.33.0-255,66,28056,34,235444
18035,0.000409,172.217.194.0-255,2902,30958,34,235444
18036,0.000413,172.31.33.0-255,66,31024,34,235444
18037,0.000419,172.217.194.0-255,5738,36762,34,235444
18038,0.000421,172.31.33.0-255,66,36828,34,235444
18039,0.000435,172.31.33.0-255,66,36894,34,235444
18040,0.000441,172.217.194.0-255,5738,42632,34,235444
18041,0.000445,172.31.33.0-255,66,42698,34,235444
18042,0.000473,172.217.194.0-255,2184,44882,34,235444
18043,0.000478,172.31.33.0-255,66,44948,34,235444
18044,0.000508,172.217.194.0-255,375,45323,34,235444
18045,0.000522,172.217.194.0-255,98,45421,34,235444
18046,0.000717,172.217.194.0-255,1484,46905,34,235444
18047,0.000721,172.31.33.0-255,66,46971,34,235444
18048,0.000727,172.217.194.0-255,2902,49873,34,235444
18049,0.00073,172.217.194.0-255,1484,51357,34,235444
18050,0.000736,172.31.33.0-255,66,51423,34,235444
18051,0.000764,172.217.194.0-255,4320,55743,34,235444
18052,0.000768,172.217.194.0-255,1484,57227,34,235444
18053,0.000771,172.31.33.0-255,66,57293,34,235444
18054,0.00081,172.31.33.0-255,66,57359,34,235444
18055,0.000813,172.217.194.0-255,1484,58843,34,235444
18056,0.000849,172.31.33.0-255,66,58909,34,235444
18057,0.001046,172.217.194.0-255,1484,60393,34,235444
18058,0.001051,172.217.194.0-255,1484,61877,34,235444
18059,0.001054,172.31.33.0-255,66,61943,34,235444
18060,0.001083,172.217.194.0-255,1484,63427,34,235444
18061,0.00109,172.217.194.0-255,5738,69165,34,235444
18062,0.001093,172.31.33.0-255,66,69231,34,235444
18063,0.001109,172.31.33.0-255,66,69297,34,235444
18064,0.001119,172.217.194.0-255,2902,72199,34,235444
18065,0.001124,172.31.33.0-255,66,72265,34,235444
18066,0.001138,172.31.33.0-255,66,72331,34,235444
18067,0.001726,172.217.194.0-255,1484,73815,34,235444
18068,0.001736,172.217.194.0-255,2902,76717,34,235444
18069,0.00174,172.31.33.0-255,66,76783,34,235444
18070,0.001746,172.217.194.0-255,5738,82521,34,235444
18071,0.001775,172.217.194.0-255,4320,86841,34,235444
18072,0.001824,172.217.194.0-255,1484,88325,34,235444
18073,0.002108,172.217.194.0-255,1484,89809,34,235444
18074,0.002116,172.217.194.0-255,2902,92711,34,235444
18075,0.002131,172.217.194.0-255,2902,95613,34,235444
18076,0.002142,172.217.194.0-255,2902,98515,34,235444
18077,0.002146,172.217.194.0-255,4320,102835,34,235444
18078,0.00217,172.217.194.0-255,2902,105737,34,235444
18079,0.002209,172.217.194.0-255,766,106503,34,235444
18080,0.002585,172.217.194.0-255,1484,107987,34,235444
18081,0.002603,172.217.194.0-255,2902,110889,34,235444
18082,0.002614,172.217.194.0-255,2902,113791,34,235444
18083,0.002625,172.217.194.0-255,2902,116693,34,235444
18084,0.002639,172.217.194.0-255,1484,118177,34,235444
18085,0.002694,172.217.194.0-255,7156,125333,34,235444
18086,0.002708,172.217.194.0-255,4320,129653,34,235444
18087,0.002713,172.217.194.0-255,5738,135391,34,235444
18088,0.002718,172.217.194.0-255,5020,140411,34,235444
18089,0.002724,172.217.194.0-255,5738,146149,34,235444
18090,0.002729,172.217.194.0-255,2902,149051,34,235444
18091,0.002754,172.217.194.0-255,7156,156207,34,235444
18092,0.002758,172.217.194.0-255,2902,159109,34,235444
18093,0.002783,172.217.194.0-255,4320,163429,34,235444
18094,0.002807,172.217.194.0-255,2184,165613,34,235444
18095,0.003027,172.217.194.0-255,1484,167097,34,235444
18096,0.003057,172.217.194.0-255,1484,168581,34,235444
18097,0.00306,172.217.194.0-255,1484,170065,34,235444
18098,0.003073,172.217.194.0-255,2902,172967,34,235444
18099,0.003116,172.217.194.0-255,1484,174451,34,235444
18100,0.003136,172.217.194.0-255,5738,180189,34,235444
18101,0.003147,172.217.194.0-255,2902,183091,34,235444
18102,0.003162,172.217.194.0-255,2902,185993,34,235444
18103,0.003176,172.217.194.0-255,5020,191013,34,235444
18104,0.003336,172.217.194.0-255,1484,192497,34,235444
18105,0.003361,172.217.194.0-255,2902,195399,34,235444
18106,0.003383,172.217.194.0-255,5738,201137,34,235444
18107,0.003429,172.217.194.0-255,4320,205457,34,235444
18108,0.003435,172.217.194.0-255,5738,211195,34,235444
18109,0.003489,172.217.194.0-255,5738,216933,34,235444
18110,0.003528,172.217.194.0-255,2902,219835,34,235444
18111,0.003556,172.217.194.0-255,4320,224155,34,235444
18112,0.00357,172.217.194.0-255,5738,229893,34,235444
18113,0.003594,172.217.194.0-255,5020,234913,34,235444
18114,0.003597,172.217.194.0-255,426,235339,34,235444
18115,0.003599,172.217.194.0-255,105,235444,34,235444
18116,0.0,172.217.194.0-255,153,153,34,205710
18117,1.7e-05,172.31.33.0-255,66,219,34,205710
18118,2.3e-05,172.217.194.0-255,1484,1703,34,205710
18119,2.7e-05,172.31.33.0-255,66,1769,34,205710
18120,3.2e-05,172.217.194.0-255,2902,4671,34,205710
18121,4.2e-05,172.31.33.0-255,66,4737,34,205710
18122,4.9e-05,172.217.194.0-255,5738,10475,34,205710
18123,5.1e-05,172.31.33.0-255,66,10541,34,205710
18124,6.8e-05,172.217.194.0-255,1484,12025,34,205710
18125,7.4e-05,172.31.33.0-255,66,12091,34,205710
18126,7.9e-05,172.217.194.0-255,2095,14186,34,205710
18127,8.1e-05,172.31.33.0-255,66,14252,34,205710
18128,8.5e-05,172.217.194.0-255,2902,17154,34,205710
18129,8.7e-05,172.31.33.0-255,66,17220,34,205710
18130,0.00012,172.217.194.0-255,7156,24376,34,205710
18131,0.000123,172.31.33.0-255,66,24442,34,205710
18132,0.000129,172.217.194.0-255,6797,31239,34,205710
18133,0.000133,172.31.33.0-255,66,31305,34,205710
18134,0.000401,172.217.194.0-255,1484,32789,34,205710
18135,0.000408,172.31.33.0-255,66,32855,34,205710
18136,0.000414,172.217.194.0-255,2902,35757,34,205710
18137,0.000416,172.31.33.0-255,66,35823,34,205710
18138,0.000419,172.217.194.0-255,1484,37307,34,205710
18139,0.000428,172.31.33.0-255,66,37373,34,205710
18140,0.000463,172.217.194.0-255,4320,41693,34,205710
18141,0.000467,172.31.33.0-255,66,41759,34,205710
18142,0.000474,172.217.194.0-255,6797,48556,34,205710
18143,0.000477,172.31.33.0-255,66,48622,34,205710
18144,0.000492,172.217.194.0-255,2794,51416,34,205710
18145,0.000526,172.31.33.0-255,66,51482,34,205710
18146,0.000528,172.31.33.0-255,66,51548,34,205710
18147,0.000548,172.217.194.0-255,122,51670,34,205710
18148,0.000702,172.217.194.0-255,1484,53154,34,205710
18149,0.000708,172.31.33.0-255,66,53220,34,205710
18150,0.000714,172.217.194.0-255,2902,56122,34,205710
18151,0.000717,172.31.33.0-255,66,56188,34,205710
18152,0.000741,172.217.194.0-255,5738,61926,34,205710
18153,0.00075,172.31.33.0-255,66,61992,34,205710
18154,0.000756,172.217.194.0-255,5738,67730,34,205710
18155,0.000759,172.31.33.0-255,66,67796,34,205710
18156,0.000763,172.217.194.0-255,2902,70698,34,205710
18157,0.000766,172.31.33.0-255,66,70764,34,205710
18158,0.000822,172.31.33.0-255,66,70830,34,205710
18159,0.000859,172.31.33.0-255,66,70896,34,205710
18160,0.000888,172.217.194.0-255,7156,78052,34,205710
18161,0.000893,172.31.33.0-255,66,78118,34,205710
18162,0.000914,172.217.194.0-255,7156,85274,34,205710
18163,0.000917,172.31.33.0-255,66,85340,34,205710
18164,0.00096,172.31.33.0-255,66,85406,34,205710
18165,0.000962,172.217.194.0-255,1484,86890,34,205710
18166,0.000965,172.217.194.0-255,1484,88374,34,205710
18167,0.000967,172.31.33.0-255,66,88440,34,205710
18168,0.001001,172.217.194.0-255,1484,89924,34,205710
18169,0.001009,172.217.194.0-255,5738,95662,34,205710
18170,0.001012,172.31.33.0-255,66,95728,34,205710
18171,0.001024,172.31.33.0-255,66,95794,34,205710
18172,0.001052,172.217.194.0-255,5738,101532,34,205710
18173,0.001056,172.31.33.0-255,66,101598,34,205710
18174,0.001087,172.217.194.0-255,5020,106618,34,205710
18175,0.001091,172.31.33.0-255,66,106684,34,205710
18176,0.001543,172.217.194.0-255,1484,108168,34,205710
18177,0.001549,172.217.194.0-255,2902,111070,34,205710
18178,0.001559,172.31.33.0-255,66,111136,34,205710
18179,0.001565,172.217.194.0-255,4320,115456,34,205710
18180,0.001567,172.31.33.0-255,66,115522,34,205710
18181,0.001594,172.217.194.0-255,1484,117006,34,205710
18182,0.001611,172.217.194.0-255,7156,124162,34,205710
18183,0.001614,172.31.33.0-255,66,124228,34,205710
18184,0.001646,172.217.194.0-255,1484,125712,34,205710
18185,0.001661,172.217.194.0-255,2902,128614,34,205710
18186,0.001663,172.217.194.0-255,1484,130098,34,205710
18187,0.001667,172.31.33.0-255,66,130164,34,205710
18188,0.001692,172.217.194.0-255,4320,134484,34,205710
18189,0.001695,172.31.33.0-255,66,134550,34,205710
18190,0.001699,172.217.194.0-255,4320,138870,34,205710
18191,0.001701,172.31.33.0-255,66,138936,34,205710
18192,0.001738,172.217.194.0-255,2184,141120,34,205710
18193,0.001741,172.31.33.0-255,66,141186,34,205710
18194,0.001844,172.217.194.0-255,1484,142670,34,205710
18195,0.001848,172.217.194.0-255,1484,144154,34,205710
18196,0.00185,172.31.33.0-255,66,144220,34,205710
18197,0.001873,172.217.194.0-255,1484,145704,34,205710
18198,0.001879,172.217.194.0-255,5738,151442,34,205710
18199,0.001881,172.31.33.0-255,66,151508,34,205710
18200,0.001883,172.217.194.0-255,1484,152992,34,205710
18201,0.001908,172.31.33.0-255,66,153058,34,205710
18202,0.001934,172.217.194.0-255,7156,160214,34,205710
18203,0.001936,172.31.33.0-255,66,160280,34,205710
18204,0.001967,172.31.33.0-255,66,160346,34,205710
18205,0.001983,172.31.33.0-255,66,160412,34,205710
18206,0.002042,172.31.33.0-255,66,160478,34,205710
18207,0.002044,172.217.194.0-255,1484,161962,34,205710
18208,0.002064,172.217.194.0-255,2902,164864,34,205710
18209,0.002069,172.217.194.0-255,5738,170602,34,205710
18210,0.002073,172.31.33.0-255,66,170668,34,205710
18211,0.002079,172.31.33.0-255,66,170734,34,205710
18212,0.002081,172.217.194.0-255,1484,172218,34,205710
18213,0.002114,172.31.33.0-255,66,172284,34,205710
18214,0.002117,172.217.194.0-255,2902,175186,34,205710
18215,0.002119,172.31.33.0-255,66,175252,34,205710
18216,0.00214,172.31.33.0-255,66,175318,34,205710
18217,0.002179,172.217.194.0-255,7156,182474,34,205710
18218,0.002184,172.31.33.0-255,66,182540,34,205710
18219,0.00219,172.31.33.0-255,66,182606,34,205710
18220,0.002195,172.217.194.0-255,5738,188344,34,205710
18221,0.002196,172.31.33.0-255,66,188410,34,205710
18222,0.002212,172.217.194.0-255,4320,192730,34,205710
18223,0.002214,172.31.33.0-255,66,192796,34,205710
18224,0.002248,172.31.33.0-255,66,192862,34,205710
18225,0.002254,172.217.194.0-255,5738,198600,34,205710
18226,0.002255,172.31.33.0-255,66,198666,34,205710
18227,0.002303,172.31.33.0-255,66,198732,34,205710
18228,0.002309,172.217.194.0-255,6438,205170,34,205710
18229,0.002311,172.31.33.0-255,66,205236,34,205710
18230,0.002319,172.31.33.0-255,66,205302,34,205710
18231,0.002338,172.31.33.0-255,66,205368,34,205710
18232,0.002358,172.217.194.0-255,105,205473,34,205710
18233,0.004468,172.31.33.0-255,66,205539,34,205710
18234,0.004533,172.31.33.0-255,105,205644,34,205710
18235,0.007116,172.217.194.0-255,66,205710,34,205710
18236,0.0,74.125.68.0-255,153,153,34,352244
18237,3.4e-05,172.31.33.0-255,66,219,34,352244
18238,8.7e-05,74.125.68.0-255,1484,1703,34,352244
18239,9.1e-05,172.31.33.0-255,66,1769,34,352244
18240,9.4e-05,74.125.68.0-255,1484,3253,34,352244
18241,9.9e-05,172.31.33.0-255,66,3319,34,352244
18242,0.000105,74.125.68.0-255,1484,4803,34,352244
18243,0.000108,172.31.33.0-255,66,4869,34,352244
18244,0.00011,74.125.68.0-255,1484,6353,34,352244
18245,0.000115,172.31.33.0-255,66,6419,34,352244
18246,0.00012,74.125.68.0-255,2902,9321,34,352244
18247,0.000123,172.31.33.0-255,66,9387,34,352244
18248,0.000147,74.125.68.0-255,6307,15694,34,352244
18249,0.00015,172.31.33.0-255,66,15760,34,352244
18250,0.000168,74.125.68.0-255,1484,17244,34,352244
18251,0.00017,172.31.33.0-255,66,17310,34,352244
18252,0.000194,74.125.68.0-255,2902,20212,34,352244
18253,0.000198,172.31.33.0-255,66,20278,34,352244
18254,0.000205,74.125.68.0-255,5738,26016,34,352244
18255,0.000207,172.31.33.0-255,66,26082,34,352244
18256,0.000212,74.125.68.0-255,4320,30402,34,352244
18257,0.000214,172.31.33.0-255,66,30468,34,352244
18258,0.000246,74.125.68.0-255,1125,31593,34,352244
18259,0.00025,172.31.33.0-255,66,31659,34,352244
18260,0.000738,74.125.68.0-255,1484,33143,34,352244
18261,0.000743,172.31.33.0-255,66,33209,34,352244
18262,0.000764,74.125.68.0-255,2902,36111,34,352244
18263,0.000768,172.31.33.0-255,66,36177,34,352244
18264,0.000772,74.125.68.0-255,2902,39079,34,352244
18265,0.000773,172.31.33.0-255,66,39145,34,352244
18266,0.000786,74.125.68.0-255,1484,40629,34,352244
18267,0.000788,172.31.33.0-255,66,40695,34,352244
18268,0.000816,74.125.68.0-255,2902,43597,34,352244
18269,0.000819,172.31.33.0-255,66,43663,34,352244
18270,0.000835,74.125.68.0-255,1484,45147,34,352244
18271,0.000856,74.125.68.0-255,2902,48049,34,352244
18272,0.000859,172.31.33.0-255,66,48115,34,352244
18273,0.000862,74.125.68.0-255,1125,49240,34,352244
18274,0.000873,74.125.68.0-255,1484,50724,34,352244
18275,0.000875,172.31.33.0-255,66,50790,34,352244
18276,0.000888,74.125.68.0-255,4320,55110,34,352244
18277,0.00089,172.31.33.0-255,66,55176,34,352244
18278,0.000913,74.125.68.0-255,2902,58078,34,352244
18279,0.000915,172.31.33.0-255,66,58144,34,352244
18280,0.000936,74.125.68.0-255,5738,63882,34,352244
18281,0.000938,172.31.33.0-255,66,63948,34,352244
18282,0.00096,74.125.68.0-255,1484,65432,34,352244
18283,0.000976,74.125.68.0-255,1435,66867,34,352244
18284,0.000979,172.31.33.0-255,66,66933,34,352244
18285,0.000982,74.125.68.0-255,114,67047,34,352244
18286,0.001142,74.125.68.0-255,1484,68531,34,352244
18287,0.001146,172.31.33.0-255,66,68597,34,352244
18288,0.001151,74.125.68.0-255,2902,71499,34,352244
18289,0.001152,172.31.33.0-255,66,71565,34,352244
18290,0.001165,74.125.68.0-255,2902,74467,34,352244
18291,0.001167,172.31.33.0-255,66,74533,34,352244
18292,0.001191,74.125.68.0-255,4320,78853,34,352244
18293,0.001194,172.31.33.0-255,66,78919,34,352244
18294,0.001207,74.125.68.0-255,1484,80403,34,352244
18295,0.001217,74.125.68.0-255,2902,83305,34,352244
18296,0.00122,172.31.33.0-255,66,83371,34,352244
18297,0.001232,74.125.68.0-255,4320,87691,34,352244
18298,0.001234,172.31.33.0-255,66,87757,34,352244
18299,0.001237,74.125.68.0-255,2902,90659,34,352244
18300,0.001239,172.31.33.0-255,66,90725,34,352244
18301,0.001254,74.125.68.0-255,7156,97881,34,352244
18302,0.001256,172.31.33.0-255,66,97947,34,352244
18303,0.00128,74.125.68.0-255,3602,101549,34,352244
18304,0.001282,172.31.33.0-255,66,101615,34,352244
18305,0.001286,74.125.68.0-255,2902,104517,34,352244
18306,0.001288,172.31.33.0-255,66,104583,34,352244
18307,0.0013,74.125.68.0-255,1484,106067,34,352244
18308,0.001313,74.125.68.0-255,4320,110387,34,352244
18309,0.001316,172.31.33.0-255,66,110453,34,352244
18310,0.001332,74.125.68.0-255,5738,116191,34,352244
18311,0.001334,172.31.33.0-255,66,116257,34,352244
18312,0.001337,74.125.68.0-255,1484,117741,34,352244
18313,0.001366,172.31.33.0-255,66,117807,34,352244
18314,0.00137,74.125.68.0-255,2902,120709,34,352244
18315,0.001372,172.31.33.0-255,66,120775,34,352244
18316,0.001389,74.125.68.0-255,5020,125795,34,352244
18317,0.001392,172.31.33.0-255,66,125861,34,352244
18318,0.001394,74.125.68.0-255,328,126189,34,352244
18319,0.001802,172.31.33.0-255,66,126255,34,352244
18320,0.002013,74.125.68.0-255,1484,127739,34,352244
18321,0.002019,74.125.68.0-255,1484,129223,34,352244
18322,0.002022,172.31.33.0-255,66,129289,34,352244
18323,0.002037,74.125.68.0-255,1484,130773,34,352244
18324,0.002079,74.125.68.0-255,5738,136511,34,352244
18325,0.002083,172.31.33.0-255,66,136577,34,352244
18326,0.002094,74.125.68.0-255,1484,138061,34,352244
18327,0.002113,74.125.68.0-255,5738,143799,34,352244
18328,0.002115,172.31.33.0-255,66,143865,34,352244
18329,0.002118,74.125.68.0-255,1484,145349,34,352244
18330,0.00213,74.125.68.0-255,1484,146833,34,352244
18331,0.002132,172.31.33.0-255,66,146899,34,352244
18332,0.00215,74.125.68.0-255,1484,148383,34,352244
18333,0.002163,74.125.68.0-255,2902,151285,34,352244
18334,0.002165,172.31.33.0-255,66,151351,34,352244
18335,0.002168,74.125.68.0-255,1484,152835,34,352244
18336,0.002201,74.125.68.0-255,2902,155737,34,352244
18337,0.002203,172.31.33.0-255,66,155803,34,352244
18338,0.002221,74.125.68.0-255,5020,160823,34,352244
18339,0.002223,172.31.33.0-255,66,160889,34,352244
18340,0.002424,74.125.68.0-255,1484,162373,34,352244
18341,0.002442,74.125.68.0-255,2902,165275,34,352244
18342,0.002445,172.31.33.0-255,66,165341,34,352244
18343,0.002458,74.125.68.0-255,1484,166825,34,352244
18344,0.002471,74.125.68.0-255,4320,171145,34,352244
18345,0.002473,172.31.33.0-255,66,171211,34,352244
18346,0.002476,74.125.68.0-255,1484,172695,34,352244
18347,0.002494,74.125.68.0-255,5738,178433,34,352244
18348,0.002496,172.31.33.0-255,66,178499,34,352244
18349,0.002534,74.125.68.0-255,2902,181401,34,352244
18350,0.002537,172.31.33.0-255,66,181467,34,352244
18351,0.002554,74.125.68.0-255,2902,184369,34,352244
18352,0.002555,172.31.33.0-255,66,184435,34,352244
18353,0.002559,74.125.68.0-255,2902,187337,34,352244
18354,0.00256,172.31.33.0-255,66,187403,34,352244
18355,0.002578,74.125.68.0-255,2902,190305,34,352244
18356,0.00258,172.31.33.0-255,66,190371,34,352244
18357,0.002605,74.125.68.0-255,5020,195391,34,352244
18358,0.002607,172.31.33.0-255,66,195457,34,352244
18359,0.00273,74.125.68.0-255,1484,196941,34,352244
18360,0.002765,74.125.68.0-255,1484,198425,34,352244
18361,0.002768,172.31.33.0-255,66,198491,34,352244
18362,0.002788,74.125.68.0-255,4320,202811,34,352244
18363,0.002791,172.31.33.0-255,66,202877,34,352244
18364,0.002813,74.125.68.0-255,7156,210033,34,352244
18365,0.002815,172.31.33.0-255,66,210099,34,352244
18366,0.002839,172.31.33.0-255,66,210165,34,352244
18367,0.002841,74.125.68.0-255,1484,211649,34,352244
18368,0.002878,74.125.68.0-255,4320,215969,34,352244
18369,0.002881,172.31.33.0-255,66,216035,34,352244
18370,0.0029,74.125.68.0-255,5020,221055,34,352244
18371,0.002902,172.31.33.0-255,66,221121,34,352244
18372,0.002923,74.125.68.0-255,2902,224023,34,352244
18373,0.002926,172.31.33.0-255,66,224089,34,352244
18374,0.002945,74.125.68.0-255,4320,228409,34,352244
18375,0.002947,172.31.33.0-255,66,228475,34,352244
18376,0.00298,74.125.68.0-255,2902,231377,34,352244
18377,0.002983,172.31.33.0-255,66,231443,34,352244
18378,0.003002,74.125.68.0-255,2902,234345,34,352244
18379,0.003004,172.31.33.0-255,66,234411,34,352244
18380,0.003008,74.125.68.0-255,4320,238731,34,352244
18381,0.003009,172.31.33.0-255,66,238797,34,352244
18382,0.003021,74.125.68.0-255,4320,243117,34,352244
18383,0.003023,172.31.33.0-255,66,243183,34,352244
18384,0.00305,74.125.68.0-255,7156,250339,34,352244
18385,0.003052,172.31.33.0-255,66,250405,34,352244
18386,0.003055,74.125.68.0-255,4320,254725,34,352244
18387,0.003057,172.31.33.0-255,66,254791,34,352244
18388,0.003096,74.125.68.0-255,4320,259111,34,352244
18389,0.003098,172.31.33.0-255,66,259177,34,352244
18390,0.003124,172.31.33.0-255,66,259243,34,352244
18391,0.003155,74.125.68.0-255,2902,262145,34,352244
18392,0.003158,172.31.33.0-255,66,262211,34,352244
18393,0.003185,172.31.33.0-255,66,262277,34,352244
18394,0.003189,74.125.68.0-255,4320,266597,34,352244
18395,0.003191,172.31.33.0-255,66,266663,34,352244
18396,0.003226,74.125.68.0-255,6438,273101,34,352244
18397,0.003232,172.31.33.0-255,66,273167,34,352244
18398,0.003243,74.125.68.0-255,7156,280323,34,352244
18399,0.003246,172.31.33.0-255,66,280389,34,352244
18400,0.003253,74.125.68.0-255,5738,286127,34,352244
18401,0.003256,172.31.33.0-255,66,286193,34,352244
18402,0.003286,74.125.68.0-255,2902,289095,34,352244
18403,0.003292,172.31.33.0-255,66,289161,34,352244
18404,0.003299,74.125.68.0-255,4320,293481,34,352244
18405,0.003302,172.31.33.0-255,66,293547,34,352244
18406,0.003308,74.125.68.0-255,5738,299285,34,352244
18407,0.003311,172.31.33.0-255,66,299351,34,352244
18408,0.003313,74.125.68.0-255,1484,300835,34,352244
18409,0.003317,74.125.68.0-255,1484,302319,34,352244
18410,0.003319,172.31.33.0-255,66,302385,34,352244
18411,0.003322,74.125.68.0-255,766,303151,34,352244
18412,0.003353,74.125.68.0-255,5738,308889,34,352244
18413,0.003357,172.31.33.0-255,66,308955,34,352244
18414,0.003363,74.125.68.0-255,4320,313275,34,352244
18415,0.003365,172.31.33.0-255,66,313341,34,352244
18416,0.003373,74.125.68.0-255,7156,320497,34,352244
18417,0.003376,172.31.33.0-255,66,320563,34,352244
18418,0.003378,74.125.68.0-255,1484,322047,34,352244
18419,0.003383,74.125.68.0-255,2902,324949,34,352244
18420,0.003386,172.31.33.0-255,66,325015,34,352244
18421,0.003416,74.125.68.0-255,2902,327917,34,352244
18422,0.00342,172.31.33.0-255,66,327983,34,352244
18423,0.003428,74.125.68.0-255,5738,333721,34,352244
18424,0.00343,172.31.33.0-255,66,333787,34,352244
18425,0.003433,74.125.68.0-255,1484,335271,34,352244
18426,0.003457,74.125.68.0-255,2184,337455,34,352244
18427,0.00346,172.31.33.0-255,66,337521,34,352244
18428,0.003485,74.125.68.0-255,5738,343259,34,352244
18429,0.003489,172.31.33.0-255,66,343325,34,352244
18430,0.003503,74.125.68.0-255,1484,344809,34,352244
18431,0.003506,172.31.33.0-255,78,344887,34,352244
18432,0.003521,172.31.33.0-255,66,344953,34,352244
18433,0.003626,74.125.68.0-255,6883,351836,34,352244
18434,0.00363,172.31.33.0-255,66,351902,34,352244
18435,0.003633,74.125.68.0-255,105,352007,34,352244
18436,0.005672,172.31.33.0-255,66,352073,34,352244
18437,0.005727,172.31.33.0-255,105,352178,34,352244
18438,0.008231,74.125.68.0-255,66,352244,34,352244
18439,0.0,74.125.130.0-255,153,153,34,294003
18440,2.6e-05,172.31.33.0-255,66,219,34,294003
18441,3.2e-05,74.125.130.0-255,1484,1703,34,294003
18442,3.5e-05,172.31.33.0-255,66,1769,34,294003
18443,4e-05,74.125.130.0-255,2902,4671,34,294003
18444,4.2e-05,172.31.33.0-255,66,4737,34,294003
18445,7.1e-05,74.125.130.0-255,7156,11893,34,294003
18446,7.3e-05,172.31.33.0-255,66,11959,34,294003
18447,7.7e-05,74.125.130.0-255,2125,14084,34,294003
18448,7.9e-05,172.31.33.0-255,66,14150,34,294003
18449,0.00014,74.125.130.0-255,1484,15634,34,294003
18450,0.000143,172.31.33.0-255,66,15700,34,294003
18451,0.000148,74.125.130.0-255,2902,18602,34,294003
18452,0.000149,172.31.33.0-255,66,18668,34,294003
18453,0.000152,74.125.130.0-255,1484,20152,34,294003
18454,0.000153,172.31.33.0-255,66,20218,34,294003
18455,0.000178,74.125.130.0-255,1484,21702,34,294003
18456,0.00018,172.31.33.0-255,66,21768,34,294003
18457,0.000185,74.125.130.0-255,4320,26088,34,294003
18458,0.000187,172.31.33.0-255,66,26154,34,294003
18459,0.000206,74.125.130.0-255,1484,27638,34,294003
18460,0.000208,172.31.33.0-255,66,27704,34,294003
18461,0.000227,172.31.33.0-255,66,27770,34,294003
18462,0.000233,74.125.130.0-255,7156,34926,34,294003
18463,0.000235,172.31.33.0-255,66,34992,34,294003
18464,0.000277,74.125.130.0-255,5379,40371,34,294003
18465,0.000281,172.31.33.0-255,66,40437,34,294003
18466,0.000315,74.125.130.0-255,5738,46175,34,294003
18467,0.000317,172.31.33.0-255,66,46241,34,294003
18468,0.000323,74.125.130.0-255,2902,49143,34,294003
18469,0.000325,172.31.33.0-255,66,49209,34,294003
18470,0.000342,74.125.130.0-255,1484,50693,34,294003
18471,0.000348,74.125.130.0-255,5738,56431,34,294003
18472,0.00035,172.31.33.0-255,66,56497,34,294003
18473,0.000371,74.125.130.0-255,1438,57935,34,294003
18474,0.000504,74.125.130.0-255,98,58033,34,294003
18475,0.000602,74.125.130.0-255,364,58397,34,294003
18476,0.000606,172.31.33.0-255,66,58463,34,294003
18477,0.000794,74.125.130.0-255,1484,59947,34,294003
18478,0.000803,74.125.130.0-255,2902,62849,34,294003
18479,0.000806,172.31.33.0-255,66,62915,34,294003
18480,0.000809,74.125.130.0-255,1484,64399,34,294003
18481,0.000833,74.125.130.0-255,4320,68719,34,294003
18482,0.000836,172.31.33.0-255,66,68785,34,294003
18483,0.000841,74.125.130.0-255,4320,73105,34,294003
18484,0.000843,172.31.33.0-255,66,73171,34,294003
18485,0.000848,74.125.130.0-255,4320,77491,34,294003
18486,0.00085,172.31.33.0-255,66,77557,34,294003
18487,0.000874,74.125.130.0-255,1484,79041,34,294003
18488,0.000888,172.31.33.0-255,66,79107,34,294003
18489,0.000892,74.125.130.0-255,2184,81291,34,294003
18490,0.000894,172.31.33.0-255,66,81357,34,294003
18491,0.001594,74.125.130.0-255,1484,82841,34,294003
18492,0.001605,74.125.130.0-255,2902,85743,34,294003
18493,0.00161,172.31.33.0-255,66,85809,34,294003
18494,0.00162,74.125.130.0-255,5738,91547,34,294003
18495,0.001623,172.31.33.0-255,66,91613,34,294003
18496,0.001651,74.125.130.0-255,7156,98769,34,294003
18497,0.001654,172.31.33.0-255,66,98835,34,294003
18498,0.001657,74.125.130.0-255,1484,100319,34,294003
18499,0.001679,74.125.130.0-255,7156,107475,34,294003
18500,0.001681,172.31.33.0-255,66,107541,34,294003
18501,0.001695,74.125.130.0-255,5738,113279,34,294003
18502,0.001697,172.31.33.0-255,66,113345,34,294003
18503,0.001718,74.125.130.0-255,2184,115529,34,294003
18504,0.001721,172.31.33.0-255,66,115595,34,294003
18505,0.001948,74.125.130.0-255,1484,117079,34,294003
18506,0.001953,74.125.130.0-255,2902,119981,34,294003
18507,0.001956,172.31.33.0-255,66,120047,34,294003
18508,0.001973,74.125.130.0-255,5738,125785,34,294003
18509,0.001976,172.31.33.0-255,66,125851,34,294003
18510,0.00201,172.31.33.0-255,66,125917,34,294003
18511,0.002017,74.125.130.0-255,7156,133073,34,294003
18512,0.002019,172.31.33.0-255,66,133139,34,294003
18513,0.002052,74.125.130.0-255,3602,136741,34,294003
18514,0.002055,172.31.33.0-255,66,136807,34,294003
18515,0.002088,74.125.130.0-255,4320,141127,34,294003
18516,0.002092,172.31.33.0-255,66,141193,34,294003
18517,0.002101,74.125.130.0-255,2902,144095,34,294003
18518,0.002103,172.31.33.0-255,66,144161,34,294003
18519,0.00212,74.125.130.0-255,7156,151317,34,294003
18520,0.002122,172.31.33.0-255,66,151383,34,294003
18521,0.002128,74.125.130.0-255,7156,158539,34,294003
18522,0.002131,172.31.33.0-255,66,158605,34,294003
18523,0.002149,74.125.130.0-255,4320,162925,34,294003
18524,0.002151,172.31.33.0-255,66,162991,34,294003
18525,0.002161,172.31.33.0-255,66,163057,34,294003
18526,0.002216,74.125.130.0-255,1484,164541,34,294003
18527,0.002232,74.125.130.0-255,2902,167443,34,294003
18528,0.002235,172.31.33.0-255,66,167509,34,294003
18529,0.00224,74.125.130.0-255,4320,171829,34,294003
18530,0.002241,172.31.33.0-255,66,171895,34,294003
18531,0.002255,74.125.130.0-255,1484,173379,34,294003
18532,0.002261,74.125.130.0-255,7156,180535,34,294003
18533,0.002265,74.125.130.0-255,4320,184855,34,294003
18534,0.002268,172.31.33.0-255,66,184921,34,294003
18535,0.002271,172.31.33.0-255,66,184987,34,294003
18536,0.002284,74.125.130.0-255,4320,189307,34,294003
18537,0.002286,172.31.33.0-255,66,189373,34,294003
18538,0.002289,74.125.130.0-255,1484,190857,34,294003
18539,0.002291,74.125.130.0-255,1484,192341,34,294003
18540,0.002293,172.31.33.0-255,66,192407,34,294003
18541,0.002315,74.125.130.0-255,2902,195309,34,294003
18542,0.002317,172.31.33.0-255,66,195375,34,294003
18543,0.002322,74.125.130.0-255,2184,197559,34,294003
18544,0.002323,172.31.33.0-255,66,197625,34,294003
18545,0.002368,74.125.130.0-255,1484,199109,34,294003
18546,0.00239,74.125.130.0-255,2902,202011,34,294003
18547,0.002393,172.31.33.0-255,66,202077,34,294003
18548,0.002397,74.125.130.0-255,2902,204979,34,294003
18549,0.002399,172.31.33.0-255,66,205045,34,294003
18550,0.002402,74.125.130.0-255,1484,206529,34,294003
18551,0.002415,74.125.130.0-255,2902,209431,34,294003
18552,0.002418,172.31.33.0-255,66,209497,34,294003
18553,0.002454,74.125.130.0-255,4320,213817,34,294003
18554,0.002457,172.31.33.0-255,66,213883,34,294003
18555,0.00247,172.31.33.0-255,66,213949,34,294003
18556,0.002473,74.125.130.0-255,1484,215433,34,294003
18557,0.002477,74.125.130.0-255,2902,218335,34,294003
18558,0.002479,172.31.33.0-255,66,218401,34,294003
18559,0.002482,74.125.130.0-255,1484,219885,34,294003
18560,0.002484,74.125.130.0-255,766,220651,34,294003
18561,0.002486,172.31.33.0-255,66,220717,34,294003
18562,0.002687,74.125.130.0-255,1484,222201,34,294003
18563,0.002693,74.125.130.0-255,2902,225103,34,294003
18564,0.002697,172.31.33.0-255,66,225169,34,294003
18565,0.002703,74.125.130.0-255,4320,229489,34,294003
18566,0.002705,172.31.33.0-255,66,229555,34,294003
18567,0.00272,74.125.130.0-255,1484,231039,34,294003
18568,0.002724,74.125.130.0-255,2902,233941,34,294003
18569,0.002726,172.31.33.0-255,66,234007,34,294003
18570,0.002732,74.125.130.0-255,4320,238327,34,294003
18571,0.002734,172.31.33.0-255,66,238393,34,294003
18572,0.002737,74.125.130.0-255,1484,239877,34,294003
18573,0.00276,74.125.130.0-255,7156,247033,34,294003
18574,0.002764,172.31.33.0-255,66,247099,34,294003
18575,0.002769,74.125.130.0-255,2902,250001,34,294003
18576,0.002771,172.31.33.0-255,66,250067,34,294003
18577,0.002816,74.125.130.0-255,5020,255087,34,294003
18578,0.002821,172.31.33.0-255,66,255153,34,294003
18579,0.002874,74.125.130.0-255,1484,256637,34,294003
18580,0.002904,74.125.130.0-255,2902,259539,34,294003
18581,0.002907,172.31.33.0-255,66,259605,34,294003
18582,0.002913,74.125.130.0-255,4320,263925,34,294003
18583,0.002915,172.31.33.0-255,66,263991,34,294003
18584,0.002936,74.125.130.0-255,1484,265475,34,294003
18585,0.002941,74.125.130.0-255,4320,269795,34,294003
18586,0.002943,172.31.33.0-255,66,269861,34,294003
18587,0.002957,172.31.33.0-255,66,269927,34,294003
18588,0.002986,74.125.130.0-255,7156,277083,34,294003
18589,0.002997,172.31.33.0-255,66,277149,34,294003
18590,0.003039,172.31.33.0-255,66,277215,34,294003
18591,0.003052,74.125.130.0-255,4320,281535,34,294003
18592,0.003075,74.125.130.0-255,2902,284437,34,294003
18593,0.003081,172.31.33.0-255,66,284503,34,294003
18594,0.003101,74.125.130.0-255,2902,287405,34,294003
18595,0.003152,74.125.130.0-255,6256,293661,34,294003
18596,0.003155,74.125.130.0-255,105,293766,34,294003
18597,0.003161,172.31.33.0-255,66,293832,34,294003
18598,0.004516,172.31.33.0-255,105,293937,34,294003
18599,0.006745,74.125.130.0-255,66,294003,34,294003
18600,0.0,172.217.194.0-255,146,146,34,237402
18601,2.2e-05,172.31.33.0-255,66,212,34,237402
18602,2.8e-05,172.217.194.0-255,1484,1696,34,237402
18603,3.2e-05,172.31.33.0-255,66,1762,34,237402
18604,3.7e-05,172.217.194.0-255,2902,4664,34,237402
18605,3.9e-05,172.31.33.0-255,66,4730,34,237402
18606,4.5e-05,172.217.194.0-255,7156,11886,34,237402
18607,4.7e-05,172.31.33.0-255,66,11952,34,237402
18608,8.5e-05,172.217.194.0-255,4320,16272,34,237402
18609,8.8e-05,172.31.33.0-255,66,16338,34,237402
18610,0.00012,172.31.33.0-255,66,16404,34,237402
18611,0.000125,172.217.194.0-255,4320,20724,34,237402
18612,0.000127,172.31.33.0-255,66,20790,34,237402
18613,0.000153,172.31.33.0-255,66,20856,34,237402
18614,0.000256,172.217.194.0-255,1484,22340,34,237402
18615,0.00026,172.31.33.0-255,66,22406,34,237402
18616,0.000263,172.217.194.0-255,1484,23890,34,237402
18617,0.000264,172.31.33.0-255,66,23956,34,237402
18618,0.000278,172.217.194.0-255,1484,25440,34,237402
18619,0.000281,172.31.33.0-255,66,25506,34,237402
18620,0.000287,172.217.194.0-255,5738,31244,34,237402
18621,0.000289,172.31.33.0-255,66,31310,34,237402
18622,0.000293,172.217.194.0-255,2902,34212,34,237402
18623,0.000295,172.31.33.0-255,66,34278,34,237402
18624,0.000318,172.217.194.0-255,4251,38529,34,237402
18625,0.000321,172.31.33.0-255,66,38595,34,237402
18626,0.000324,172.217.194.0-255,100,38695,34,237402
18627,0.000326,172.31.33.0-255,66,38761,34,237402
18628,0.000362,172.217.194.0-255,1484,40245,34,237402
18629,0.000365,172.31.33.0-255,66,40311,34,237402
18630,0.000369,172.217.194.0-255,2902,43213,34,237402
18631,0.000371,172.31.33.0-255,66,43279,34,237402
18632,0.000381,172.217.194.0-255,1484,44763,34,237402
18633,0.000404,172.217.194.0-255,5738,50501,34,237402
18634,0.000407,172.31.33.0-255,66,50567,34,237402
18635,0.000413,172.217.194.0-255,7156,57723,34,237402
18636,0.000415,172.31.33.0-255,66,57789,34,237402
18637,0.000452,172.217.194.0-255,1484,59273,34,237402
18638,0.000482,172.31.33.0-255,66,59339,34,237402
18639,0.000493,172.217.194.0-255,1062,60401,34,237402
18640,0.000708,172.217.194.0-255,1484,61885,34,237402
18641,0.000712,172.31.33.0-255,66,61951,34,237402
18642,0.000718,172.217.194.0-255,2902,64853,34,237402
18643,0.000721,172.31.33.0-255,66,64919,34,237402
18644,0.000748,172.217.194.0-255,5738,70657,34,237402
18645,0.000751,172.31.33.0-255,66,70723,34,237402
18646,0.000755,172.217.194.0-255,2902,73625,34,237402
18647,0.000757,172.31.33.0-255,66,73691,34,237402
18648,0.000771,172.217.194.0-255,5738,79429,34,237402
18649,0.000773,172.31.33.0-255,66,79495,34,237402
18650,0.000789,172.217.194.0-255,4320,83815,34,237402
18651,0.000791,172.31.33.0-255,66,83881,34,237402
18652,0.000811,172.217.194.0-255,4320,88201,34,237402
18653,0.000813,172.31.33.0-255,66,88267,34,237402
18654,0.000835,172.217.194.0-255,6438,94705,34,237402
18655,0.000837,172.31.33.0-255,66,94771,34,237402
18656,0.000854,172.217.194.0-255,1484,96255,34,237402
18657,0.000872,172.217.194.0-255,2902,99157,34,237402
18658,0.000875,172.31.33.0-255,66,99223,34,237402
18659,0.000878,172.217.194.0-255,1484,100707,34,237402
18660,0.000889,172.217.194.0-255,4320,105027,34,237402
18661,0.000891,172.31.33.0-255,66,105093,34,237402
18662,0.000914,172.217.194.0-255,5738,110831,34,237402
18663,0.000916,172.31.33.0-255,66,110897,34,237402
18664,0.000932,172.217.194.0-255,4320,115217,34,237402
18665,0.000934,172.31.33.0-255,66,115283,34,237402
18666,0.00094,172.217.194.0-255,5738,121021,34,237402
18667,0.000943,172.31.33.0-255,66,121087,34,237402
18668,0.000969,172.217.194.0-255,5738,126825,34,237402
18669,0.000972,172.31.33.0-255,66,126891,34,237402
18670,0.000976,172.217.194.0-255,2184,129075,34,237402
18671,0.00098,172.31.33.0-255,66,129141,34,237402
18672,0.001258,172.217.194.0-255,1484,130625,34,237402
18673,0.001263,172.217.194.0-255,2902,133527,34,237402
18674,0.001266,172.31.33.0-255,66,133593,34,237402
18675,0.001303,172.217.194.0-255,4320,137913,34,237402
18676,0.001305,172.31.33.0-255,66,137979,34,237402
18677,0.001333,172.217.194.0-255,1484,139463,34,237402
18678,0.001345,172.31.33.0-255,66,139529,34,237402
18679,0.001352,172.217.194.0-255,7156,146685,34,237402
18680,0.001354,172.31.33.0-255,66,146751,34,237402
18681,0.001371,172.217.194.0-255,3602,150353,34,237402
18682,0.001374,172.31.33.0-255,66,150419,34,237402
18683,0.001656,172.217.194.0-255,1484,151903,34,237402
18684,0.001664,172.217.194.0-255,2902,154805,34,237402
18685,0.001668,172.31.33.0-255,66,154871,34,237402
18686,0.001675,172.217.194.0-255,5738,160609,34,237402
18687,0.001676,172.31.33.0-255,66,160675,34,237402
18688,0.001718,172.31.33.0-255,66,160741,34,237402
18689,0.001747,172.31.33.0-255,66,160807,34,237402
18690,0.001891,172.217.194.0-255,1484,162291,34,237402
18691,0.001896,172.217.194.0-255,1484,163775,34,237402
18692,0.001899,172.31.33.0-255,66,163841,34,237402
18693,0.001915,172.217.194.0-255,1484,165325,34,237402
18694,0.001921,172.217.194.0-255,5738,171063,34,237402
18695,0.001923,172.31.33.0-255,66,171129,34,237402
18696,0.001927,172.217.194.0-255,4320,175449,34,237402
18697,0.001929,172.31.33.0-255,66,175515,34,237402
18698,0.001945,172.217.194.0-255,1484,176999,34,237402
18699,0.001974,172.31.33.0-255,66,177065,34,237402
18700,0.001978,172.217.194.0-255,2902,179967,34,237402
18701,0.00198,172.31.33.0-255,66,180033,34,237402
18702,0.001996,172.217.194.0-255,6438,186471,34,237402
18703,0.001998,172.31.33.0-255,66,186537,34,237402
18704,0.002004,172.217.194.0-255,5738,192275,34,237402
18705,0.002006,172.31.33.0-255,66,192341,34,237402
18706,0.002027,172.217.194.0-255,4320,196661,34,237402
18707,0.002029,172.31.33.0-255,66,196727,34,237402
18708,0.002033,172.217.194.0-255,1484,198211,34,237402
18709,0.002062,172.31.33.0-255,66,198277,34,237402
18710,0.002065,172.217.194.0-255,766,199043,34,237402
18711,0.002097,172.217.194.0-255,4320,203363,34,237402
18712,0.002099,172.31.33.0-255,66,203429,34,237402
18713,0.002132,172.31.33.0-255,66,203495,34,237402
18714,0.00216,172.31.33.0-255,66,203561,34,237402
18715,0.002187,172.217.194.0-255,2902,206463,34,237402
18716,0.002189,172.31.33.0-255,66,206529,34,237402
18717,0.002206,172.217.194.0-255,5738,212267,34,237402
18718,0.002209,172.31.33.0-255,66,212333,34,237402
18719,0.002214,172.217.194.0-255,5738,218071,34,237402
18720,0.002216,172.31.33.0-255,66,218137,34,237402
18721,0.002229,172.217.194.0-255,4320,222457,34,237402
18722,0.002231,172.31.33.0-255,66,222523,34,237402
18723,0.002275,172.217.194.0-255,4320,226843,34,237402
18724,0.002277,172.31.33.0-255,66,226909,34,237402
18725,0.002293,172.31.33.0-255,66,226975,34,237402
18726,0.002299,172.217.194.0-255,7156,234131,34,237402
18727,0.002301,172.31.33.0-255,66,234197,34,237402
18728,0.002331,172.31.33.0-255,66,234263,34,237402
18729,0.002342,172.217.194.0-255,2902,237165,34,237402
18730,0.002344,172.31.33.0-255,66,237231,34,237402
18731,0.002369,172.31.33.0-255,66,237297,34,237402
18732,0.002434,172.217.194.0-255,105,237402,34,237402
18733,0.0,74.125.68.0-255,153,153,34,319844
18734,2.4e-05,172.31.33.0-255,66,219,34,319844
18735,3.9e-05,74.125.68.0-255,1484,1703,34,319844
18736,4.4e-05,172.31.33.0-255,66,1769,34,319844
18737,4.9e-05,74.125.68.0-255,2902,4671,34,319844
18738,5.2e-05,172.31.33.0-255,66,4737,34,319844
18739,7.7e-05,74.125.68.0-255,7156,11893,34,319844
18740,8e-05,172.31.33.0-255,66,11959,34,319844
18741,0.000114,74.125.68.0-255,1992,13951,34,319844
18742,0.000117,172.31.33.0-255,66,14017,34,319844
18743,0.000284,74.125.68.0-255,1484,15501,34,319844
18744,0.00029,172.31.33.0-255,66,15567,34,319844
18745,0.000301,74.125.68.0-255,2902,18469,34,319844
18746,0.000304,172.31.33.0-255,66,18535,34,319844
18747,0.000327,74.125.68.0-255,2902,21437,34,319844
18748,0.000331,172.31.33.0-255,66,21503,34,319844
18749,0.000337,74.125.68.0-255,4320,25823,34,319844
18750,0.000339,172.31.33.0-255,66,25889,34,319844
18751,0.000377,74.125.68.0-255,1484,27373,34,319844
18752,0.00038,172.31.33.0-255,66,27439,34,319844
18753,0.000402,74.125.68.0-255,3961,31400,34,319844
18754,0.000405,172.31.33.0-255,66,31466,34,319844
18755,0.000411,74.125.68.0-255,5738,37204,34,319844
18756,0.000413,172.31.33.0-255,66,37270,34,319844
18757,0.000417,74.125.68.0-255,2902,40172,34,319844
18758,0.00042,172.31.33.0-255,66,40238,34,319844
18759,0.000448,172.31.33.0-255,66,40304,34,319844
18760,0.000461,74.125.68.0-255,2902,43206,34,319844
18761,0.000464,172.31.33.0-255,66,43272,34,319844
18762,0.000499,172.31.33.0-255,66,43338,34,319844
18763,0.000502,74.125.68.0-255,766,44104,34,319844
18764,0.000505,74.125.68.0-255,446,44550,34,319844
18765,0.000604,74.125.68.0-255,1484,46034,34,319844
18766,0.000608,172.31.33.0-255,66,46100,34,319844
18767,0.000613,74.125.68.0-255,2902,49002,34,319844
18768,0.000615,172.31.33.0-255,66,49068,34,319844
18769,0.000632,74.125.68.0-255,4320,53388,34,319844
18770,0.000635,172.31.33.0-255,66,53454,34,319844
18771,0.000641,74.125.68.0-255,5738,59192,34,319844
18772,0.000643,172.31.33.0-255,66,59258,34,319844
18773,0.000679,74.125.68.0-255,4320,63578,34,319844
18774,0.000682,172.31.33.0-255,66,63644,34,319844
18775,0.000699,74.125.68.0-255,2902,66546,34,319844
18776,0.000701,172.31.33.0-255,66,66612,34,319844
18777,0.000711,172.31.33.0-255,66,66678,34,319844
18778,0.000734,74.125.68.0-255,3602,70280,34,319844
18779,0.000737,172.31.33.0-255,66,70346,34,319844
18780,0.000774,74.125.68.0-255,328,70674,34,319844
18781,0.000881,74.125.68.0-255,1484,72158,34,319844
18782,0.000884,172.31.33.0-255,66,72224,34,319844
18783,0.000887,74.125.68.0-255,1484,73708,34,319844
18784,0.000902,74.125.68.0-255,1484,75192,34,319844
18785,0.000904,172.31.33.0-255,66,75258,34,319844
18786,0.000909,74.125.68.0-255,2902,78160,34,319844
18787,0.000921,172.31.33.0-255,66,78226,34,319844
18788,0.000922,74.125.68.0-255,2902,81128,34,319844
18789,0.000924,172.31.33.0-255,66,81194,34,319844
18790,0.000927,74.125.68.0-255,2902,84096,34,319844
18791,0.000929,172.31.33.0-255,66,84162,34,319844
18792,0.000932,74.125.68.0-255,2902,87064,34,319844
18793,0.000934,172.31.33.0-255,66,87130,34,319844
18794,0.000958,74.125.68.0-255,1484,88614,34,319844
18795,0.000964,74.125.68.0-255,5738,94352,34,319844
18796,0.000966,172.31.33.0-255,66,94418,34,319844
18797,0.000985,74.125.68.0-255,2902,97320,34,319844
18798,0.000987,172.31.33.0-255,66,97386,34,319844
18799,0.000992,74.125.68.0-255,5738,103124,34,319844
18800,0.000994,172.31.33.0-255,66,103190,34,319844
18801,0.001027,74.125.68.0-255,2184,105374,34,319844
18802,0.00103,172.31.33.0-255,66,105440,34,319844
18803,0.001345,74.125.68.0-255,1484,106924,34,319844
18804,0.001353,74.125.68.0-255,2902,109826,34,319844
18805,0.001356,172.31.33.0-255,66,109892,34,319844
18806,0.001379,74.125.68.0-255,5738,115630,34,319844
18807,0.001381,172.31.33.0-255,66,115696,34,319844
18808,0.001385,74.125.68.0-255,2902,118598,34,319844
18809,0.001387,172.31.33.0-255,66,118664,34,319844
18810,0.001393,74.125.68.0-255,4320,122984,34,319844
18811,0.001395,172.31.33.0-255,66,123050,34,319844
18812,0.00142,74.125.68.0-255,5738,128788,34,319844
18813,0.001422,172.31.33.0-255,66,128854,34,319844
18814,0.001441,74.125.68.0-255,2902,131756,34,319844
18815,0.001444,172.31.33.0-255,66,131822,34,319844
18816,0.001448,74.125.68.0-255,4320,136142,34,319844
18817,0.00145,172.31.33.0-255,66,136208,34,319844
18818,0.001477,74.125.68.0-255,1484,137692,34,319844
18819,0.001491,74.125.68.0-255,2184,139876,34,319844
18820,0.001493,172.31.33.0-255,66,139942,34,319844
18821,0.001533,74.125.68.0-255,2902,142844,34,319844
18822,0.001535,172.31.33.0-255,66,142910,34,319844
18823,0.001539,74.125.68.0-255,1484,144394,34,319844
18824,0.001553,74.125.68.0-255,2902,147296,34,319844
18825,0.001555,172.31.33.0-255,66,147362,34,319844
18826,0.001571,74.125.68.0-255,5738,153100,34,319844
18827,0.001573,172.31.33.0-255,66,153166,34,319844
18828,0.001595,74.125.68.0-255,2902,156068,34,319844
18829,0.001597,172.31.33.0-255,66,156134,34,319844
18830,0.0016,74.125.68.0-255,1484,157618,34,319844
18831,0.001603,74.125.68.0-255,2902,160520,34,319844
18832,0.001605,172.31.33.0-255,66,160586,34,319844
18833,0.001612,74.125.68.0-255,5738,166324,34,319844
18834,0.001614,172.31.33.0-255,66,166390,34,319844
18835,0.001642,74.125.68.0-255,7156,173546,34,319844
18836,0.001645,172.31.33.0-255,66,173612,34,319844
18837,0.001672,74.125.68.0-255,766,174378,34,319844
18838,0.001833,74.125.68.0-255,1484,175862,34,319844
18839,0.001837,172.31.33.0-255,66,175928,34,319844
18840,0.001842,74.125.68.0-255,2902,178830,34,319844
18841,0.001844,172.31.33.0-255,66,178896,34,319844
18842,0.001853,74.125.68.0-255,1484,180380,34,319844
18843,0.001866,74.125.68.0-255,4320,184700,34,319844
18844,0.001868,172.31.33.0-255,66,184766,34,319844
18845,0.001885,74.125.68.0-255,4320,189086,34,319844
18846,0.001886,172.31.33.0-255,66,189152,34,319844
18847,0.001903,74.125.68.0-255,4320,193472,34,319844
18848,0.001905,172.31.33.0-255,66,193538,34,319844
18849,0.001908,74.125.68.0-255,2902,196440,34,319844
18850,0.001909,172.31.33.0-255,66,196506,34,319844
18851,0.001932,74.125.68.0-255,7156,203662,34,319844
18852,0.001934,172.31.33.0-255,66,203728,34,319844
18853,0.001939,74.125.68.0-255,5020,208748,34,319844
18854,0.001941,172.31.33.0-255,66,208814,34,319844
18855,0.002068,74.125.68.0-255,1484,210298,34,319844
18856,0.002078,74.125.68.0-255,2902,213200,34,319844
18857,0.00208,172.31.33.0-255,66,213266,34,319844
18858,0.002082,74.125.68.0-255,1484,214750,34,319844
18859,0.002122,74.125.68.0-255,2902,217652,34,319844
18860,0.002124,172.31.33.0-255,66,217718,34,319844
18861,0.002145,74.125.68.0-255,4320,222038,34,319844
18862,0.002147,172.31.33.0-255,66,222104,34,319844
18863,0.002167,74.125.68.0-255,5738,227842,34,319844
18864,0.002169,172.31.33.0-255,66,227908,34,319844
18865,0.00219,74.125.68.0-255,2902,230810,34,319844
18866,0.002192,172.31.33.0-255,66,230876,34,319844
18867,0.002217,172.31.33.0-255,66,230942,34,319844
18868,0.002221,74.125.68.0-255,3602,234544,34,319844
18869,0.002222,172.31.33.0-255,66,234610,34,319844
18870,0.002258,74.125.68.0-255,5738,240348,34,319844
18871,0.002261,172.31.33.0-255,66,240414,34,319844
18872,0.002286,172.31.33.0-255,66,240480,34,319844
18873,0.002339,172.31.33.0-255,66,240546,34,319844
18874,0.002348,74.125.68.0-255,1484,242030,34,319844
18875,0.002368,74.125.68.0-255,6438,248468,34,319844
18876,0.002371,172.31.33.0-255,66,248534,34,319844
18877,0.002385,74.125.68.0-255,1484,250018,34,319844
18878,0.002399,74.125.68.0-255,7156,257174,34,319844
18879,0.002401,172.31.33.0-255,66,257240,34,319844
18880,0.002403,74.125.68.0-255,1484,258724,34,319844
18881,0.002417,74.125.68.0-255,1484,260208,34,319844
18882,0.002418,172.31.33.0-255,66,260274,34,319844
18883,0.002434,74.125.68.0-255,2902,263176,34,319844
18884,0.002436,172.31.33.0-255,66,263242,34,319844
18885,0.002469,172.31.33.0-255,66,263308,34,319844
18886,0.002475,74.125.68.0-255,7156,270464,34,319844
18887,0.002477,172.31.33.0-255,66,270530,34,319844
18888,0.00251,172.31.33.0-255,66,270596,34,319844
18889,0.002514,74.125.68.0-255,4320,274916,34,319844
18890,0.002516,172.31.33.0-255,66,274982,34,319844
18891,0.002544,74.125.68.0-255,4320,279302,34,319844
18892,0.002546,172.31.33.0-255,66,279368,34,319844
18893,0.002562,172.31.33.0-255,66,279434,34,319844
18894,0.002577,74.125.68.0-255,1484,280918,34,319844
18895,0.002582,74.125.68.0-255,4320,285238,34,319844
18896,0.002584,172.31.33.0-255,66,285304,34,319844
18897,0.002586,74.125.68.0-255,1484,286788,34,319844
18898,0.002588,74.125.68.0-255,1484,288272,34,319844
18899,0.002589,172.31.33.0-255,66,288338,34,319844
18900,0.002593,74.125.68.0-255,2184,290522,34,319844
18901,0.002594,172.31.33.0-255,66,290588,34,319844
18902,0.002613,74.125.68.0-255,2902,293490,34,319844
18903,0.002615,172.31.33.0-255,66,293556,34,319844
18904,0.002636,74.125.68.0-255,5738,299294,34,319844
18905,0.002638,172.31.33.0-255,66,299360,34,319844
18906,0.00264,74.125.68.0-255,1484,300844,34,319844
18907,0.002654,74.125.68.0-255,1484,302328,34,319844
18908,0.002655,172.31.33.0-255,66,302394,34,319844
18909,0.002658,74.125.68.0-255,1484,303878,34,319844
18910,0.002673,74.125.68.0-255,4320,308198,34,319844
18911,0.002675,172.31.33.0-255,66,308264,34,319844
18912,0.002693,74.125.68.0-255,5738,314002,34,319844
18913,0.002695,172.31.33.0-255,66,314068,34,319844
18914,0.002713,74.125.68.0-255,5271,319339,34,319844
18915,0.002715,172.31.33.0-255,66,319405,34,319844
18916,0.002717,74.125.68.0-255,97,319502,34,319844
18917,0.00276,74.125.68.0-255,105,319607,34,319844
18918,0.006568,172.31.33.0-255,66,319673,34,319844
18919,0.006591,172.31.33.0-255,105,319778,34,319844
18920,0.009095,74.125.68.0-255,66,319844,34,319844
18921,0.0,172.217.194.0-255,153,153,34,194187
18922,2.5e-05,172.31.33.0-255,66,219,34,194187
18923,3.1e-05,172.217.194.0-255,1484,1703,34,194187
18924,3.5e-05,172.31.33.0-255,66,1769,34,194187
18925,4e-05,172.217.194.0-255,2902,4671,34,194187
18926,4.3e-05,172.31.33.0-255,66,4737,34,194187
18927,4.9e-05,172.217.194.0-255,5738,10475,34,194187
18928,5.1e-05,172.31.33.0-255,66,10541,34,194187
18929,7e-05,172.217.194.0-255,1484,12025,34,194187
18930,7.2e-05,172.31.33.0-255,66,12091,34,194187
18931,0.000111,172.31.33.0-255,66,12157,34,194187
18932,0.00015,172.217.194.0-255,2543,14700,34,194187
18933,0.000153,172.31.33.0-255,66,14766,34,194187
18934,0.000157,172.217.194.0-255,2902,17668,34,194187
18935,0.00016,172.31.33.0-255,66,17734,34,194187
18936,0.000176,172.217.194.0-255,7156,24890,34,194187
18937,0.000179,172.31.33.0-255,66,24956,34,194187
18938,0.000184,172.217.194.0-255,4320,29276,34,194187
18939,0.000187,172.31.33.0-255,66,29342,34,194187
18940,0.000204,172.217.194.0-255,2543,31885,34,194187
18941,0.000208,172.31.33.0-255,66,31951,34,194187
18942,0.00021,172.217.194.0-255,1484,33435,34,194187
18943,0.000213,172.31.33.0-255,66,33501,34,194187
18944,0.000247,172.31.33.0-255,66,33567,34,194187
18945,0.00025,172.217.194.0-255,1415,34982,34,194187
18946,0.000252,172.31.33.0-255,66,35048,34,194187
18947,0.000254,172.217.194.0-255,365,35413,34,194187
18948,0.000256,172.31.33.0-255,66,35479,34,194187
18949,0.000288,172.217.194.0-255,1484,36963,34,194187
18950,0.000292,172.31.33.0-255,66,37029,34,194187
18951,0.000299,172.217.194.0-255,4320,41349,34,194187
18952,0.000303,172.31.33.0-255,66,41415,34,194187
18953,0.000315,172.217.194.0-255,5738,47153,34,194187
18954,0.000318,172.31.33.0-255,66,47219,34,194187
18955,0.000341,172.217.194.0-255,4320,51539,34,194187
18956,0.000343,172.217.194.0-255,576,52115,34,194187
18957,0.000345,172.31.33.0-255,66,52181,34,194187
18958,0.000349,172.31.33.0-255,66,52247,34,194187
18959,0.000359,172.217.194.0-255,1484,53731,34,194187
18960,0.000361,172.31.33.0-255,66,53797,34,194187
18961,0.000402,172.31.33.0-255,66,53863,34,194187
18962,0.000404,172.217.194.0-255,3961,57824,34,194187
18963,0.000407,172.31.33.0-255,66,57890,34,194187
18964,0.000457,172.31.33.0-255,66,57956,34,194187
18965,0.000476,172.217.194.0-255,5379,63335,34,194187
18966,0.00048,172.31.33.0-255,66,63401,34,194187
18967,0.0005,172.217.194.0-255,1484,64885,34,194187
18968,0.000502,172.31.33.0-255,66,64951,34,194187
18969,0.000507,172.217.194.0-255,2902,67853,34,194187
18970,0.000509,172.31.33.0-255,66,67919,34,194187
18971,0.000515,172.217.194.0-255,5738,73657,34,194187
18972,0.000518,172.31.33.0-255,66,73723,34,194187
18973,0.000545,172.217.194.0-255,6797,80520,34,194187
18974,0.000548,172.31.33.0-255,66,80586,34,194187
18975,0.000593,172.217.194.0-255,1484,82070,34,194187
18976,0.000597,172.31.33.0-255,66,82136,34,194187
18977,0.000603,172.217.194.0-255,2902,85038,34,194187
18978,0.000605,172.31.33.0-255,66,85104,34,194187
18979,0.000611,172.217.194.0-255,5738,90842,34,194187
18980,0.000614,172.31.33.0-255,66,90908,34,194187
18981,0.000636,172.217.194.0-255,2902,93810,34,194187
18982,0.000639,172.31.33.0-255,66,93876,34,194187
18983,0.000651,172.217.194.0-255,3961,97837,34,194187
18984,0.000654,172.31.33.0-255,66,97903,34,194187
18985,0.000823,172.217.194.0-255,1484,99387,34,194187
18986,0.000826,172.31.33.0-255,66,99453,34,194187
18987,0.000831,172.217.194.0-255,2902,102355,34,194187
18988,0.000833,172.31.33.0-255,66,102421,34,194187
18989,0.000848,172.217.194.0-255,5738,108159,34,194187
18990,0.00085,172.31.33.0-255,66,108225,34,194187
18991,0.00088,172.31.33.0-255,66,108291,34,194187
18992,0.000898,172.217.194.0-255,1484,109775,34,194187
18993,0.000902,172.31.33.0-255,66,109841,34,194187
18994,0.000909,172.31.33.0-255,66,109907,34,194187
18995,0.001377,172.217.194.0-255,1484,111391,34,194187
18996,0.001381,172.31.33.0-255,66,111457,34,194187
18997,0.001387,172.217.194.0-255,2902,114359,34,194187
18998,0.00139,172.31.33.0-255,66,114425,34,194187
18999,0.001396,172.217.194.0-255,5738,120163,34,194187
19000,0.001398,172.31.33.0-255,66,120229,34,194187
19001,0.001403,172.217.194.0-255,2902,123131,34,194187
19002,0.001405,172.31.33.0-255,66,123197,34,194187
19003,0.001427,172.217.194.0-255,3961,127158,34,194187
19004,0.001431,172.31.33.0-255,66,127224,34,194187
19005,0.001509,172.217.194.0-255,1484,128708,34,194187
19006,0.001513,172.31.33.0-255,66,128774,34,194187
19007,0.001525,172.217.194.0-255,2902,131676,34,194187
19008,0.001528,172.31.33.0-255,66,131742,34,194187
19009,0.001568,172.217.194.0-255,4320,136062,34,194187
19010,0.001572,172.31.33.0-255,66,136128,34,194187
19011,0.001595,172.217.194.0-255,1484,137612,34,194187
19012,0.001598,172.31.33.0-255,66,137678,34,194187
19013,0.001612,172.31.33.0-255,66,137744,34,194187
19014,0.001623,172.31.33.0-255,66,137810,34,194187
19015,0.001697,172.217.194.0-255,1484,139294,34,194187
19016,0.001702,172.217.194.0-255,2902,142196,34,194187
19017,0.001703,172.31.33.0-255,66,142262,34,194187
19018,0.001706,172.31.33.0-255,66,142328,34,194187
19019,0.001737,172.217.194.0-255,5738,148066,34,194187
19020,0.00174,172.31.33.0-255,66,148132,34,194187
19021,0.001757,172.31.33.0-255,66,148198,34,194187
19022,0.001774,172.217.194.0-255,1484,149682,34,194187
19023,0.001777,172.31.33.0-255,66,149748,34,194187
19024,0.001789,172.31.33.0-255,66,149814,34,194187
19025,0.001808,172.217.194.0-255,3602,153416,34,194187
19026,0.001811,172.31.33.0-255,66,153482,34,194187
19027,0.001821,172.217.194.0-255,2902,156384,34,194187
19028,0.001823,172.31.33.0-255,66,156450,34,194187
19029,0.001829,172.217.194.0-255,4320,160770,34,194187
19030,0.001831,172.31.33.0-255,66,160836,34,194187
19031,0.001834,172.217.194.0-255,1484,162320,34,194187
19032,0.001836,172.31.33.0-255,66,162386,34,194187
19033,0.001866,172.217.194.0-255,7156,169542,34,194187
19034,0.00187,172.31.33.0-255,66,169608,34,194187
19035,0.001875,172.217.194.0-255,2902,172510,34,194187
19036,0.001877,172.31.33.0-255,66,172576,34,194187
19037,0.001905,172.31.33.0-255,66,172642,34,194187
19038,0.001936,172.217.194.0-255,1484,174126,34,194187
19039,0.00194,172.31.33.0-255,66,174192,34,194187
19040,0.001944,172.217.194.0-255,2902,177094,34,194187
19041,0.001946,172.31.33.0-255,66,177160,34,194187
19042,0.001949,172.217.194.0-255,1484,178644,34,194187
19043,0.001951,172.31.33.0-255,66,178710,34,194187
19044,0.001976,172.217.194.0-255,4320,183030,34,194187
19045,0.001981,172.31.33.0-255,66,183096,34,194187
19046,0.001995,172.31.33.0-255,66,183162,34,194187
19047,0.001998,172.217.194.0-255,1484,184646,34,194187
19048,0.002,172.31.33.0-255,66,184712,34,194187
19049,0.002034,172.217.194.0-255,4320,189032,34,194187
19050,0.002039,172.31.33.0-255,66,189098,34,194187
19051,0.002073,172.31.33.0-255,66,189164,34,194187
19052,0.002089,172.31.33.0-255,66,189230,34,194187
19053,0.002103,172.31.33.0-255,66,189296,34,194187
19054,0.002147,172.217.194.0-255,4320,193616,34,194187
19055,0.002151,172.31.33.0-255,66,193682,34,194187
19056,0.002186,172.31.33.0-255,66,193748,34,194187
19057,0.002189,172.217.194.0-255,97,193845,34,194187
19058,0.002192,172.217.194.0-255,105,193950,34,194187
19059,0.00332,172.31.33.0-255,66,194016,34,194187
19060,0.003344,172.31.33.0-255,105,194121,34,194187
19061,0.005849,172.217.194.0-255,66,194187,34,194187
19062,0.0,172.217.194.0-255,152,152,34,173418
19063,2.9e-05,172.31.33.0-255,66,218,34,173418
19064,3.6e-05,172.217.194.0-255,1484,1702,34,173418
19065,4e-05,172.31.33.0-255,66,1768,34,173418
19066,4.5e-05,172.217.194.0-255,2902,4670,34,173418
19067,4.7e-05,172.31.33.0-255,66,4736,34,173418
19068,5.3e-05,172.217.194.0-255,7156,11892,34,173418
19069,5.5e-05,172.31.33.0-255,66,11958,34,173418
19070,5.9e-05,172.217.194.0-255,2120,14078,34,173418
19071,6.1e-05,172.31.33.0-255,66,14144,34,173418
19072,0.000199,172.217.194.0-255,1484,15628,34,173418
19073,0.000203,172.31.33.0-255,66,15694,34,173418
19074,0.000209,172.217.194.0-255,2902,18596,34,173418
19075,0.000212,172.31.33.0-255,66,18662,34,173418
19076,0.000216,172.217.194.0-255,2902,21564,34,173418
19077,0.000218,172.31.33.0-255,66,21630,34,173418
19078,0.000233,172.217.194.0-255,2902,24532,34,173418
19079,0.000236,172.31.33.0-255,66,24598,34,173418
19080,0.000248,172.217.194.0-255,2902,27500,34,173418
19081,0.00025,172.31.33.0-255,66,27566,34,173418
19082,0.000271,172.217.194.0-255,3961,31527,34,173418
19083,0.000273,172.31.33.0-255,66,31593,34,173418
19084,0.00028,172.217.194.0-255,7156,38749,34,173418
19085,0.000282,172.31.33.0-255,66,38815,34,173418
19086,0.000313,172.217.194.0-255,2902,41717,34,173418
19087,0.000317,172.31.33.0-255,66,41783,34,173418
19088,0.000336,172.217.194.0-255,6797,48580,34,173418
19089,0.000339,172.31.33.0-255,66,48646,34,173418
19090,0.000471,172.217.194.0-255,1484,50130,34,173418
19091,0.000474,172.31.33.0-255,66,50196,34,173418
19092,0.000479,172.217.194.0-255,2902,53098,34,173418
19093,0.000481,172.31.33.0-255,66,53164,34,173418
19094,0.000487,172.217.194.0-255,5738,58902,34,173418
19095,0.000489,172.31.33.0-255,66,58968,34,173418
19096,0.000513,172.217.194.0-255,7072,66040,34,173418
19097,0.000515,172.31.33.0-255,66,66106,34,173418
19098,0.00053,172.217.194.0-255,404,66510,34,173418
19099,0.000564,172.217.194.0-255,1484,67994,34,173418
19100,0.000566,172.31.33.0-255,66,68060,34,173418
19101,0.000572,172.217.194.0-255,4320,72380,34,173418
19102,0.000573,172.31.33.0-255,66,72446,34,173418
19103,0.000584,172.217.194.0-255,1484,73930,34,173418
19104,0.000606,172.31.33.0-255,66,73996,34,173418
19105,0.000609,172.217.194.0-255,1125,75121,34,173418
19106,0.000655,172.31.33.0-255,66,75187,34,173418
19107,0.00066,172.217.194.0-255,3961,79148,34,173418
19108,0.000663,172.31.33.0-255,66,79214,34,173418
19109,0.00082,172.217.194.0-255,1484,80698,34,173418
19110,0.000826,172.217.194.0-255,2902,83600,34,173418
19111,0.000829,172.31.33.0-255,66,83666,34,173418
19112,0.000835,172.217.194.0-255,5738,89404,34,173418
19113,0.000837,172.31.33.0-255,66,89470,34,173418
19114,0.000874,172.31.33.0-255,66,89536,34,173418
19115,0.000885,172.31.33.0-255,66,89602,34,173418
19116,0.000991,172.217.194.0-255,1484,91086,34,173418
19117,0.001004,172.217.194.0-255,2902,93988,34,173418
19118,0.001009,172.31.33.0-255,66,94054,34,173418
19119,0.001015,172.217.194.0-255,2902,96956,34,173418
19120,0.001017,172.31.33.0-255,66,97022,34,173418
19121,0.001032,172.217.194.0-255,2902,99924,34,173418
19122,0.001034,172.31.33.0-255,66,99990,34,173418
19123,0.001069,172.217.194.0-255,7156,107146,34,173418
19124,0.001071,172.31.33.0-255,66,107212,34,173418
19125,0.001088,172.217.194.0-255,5738,112950,34,173418
19126,0.00109,172.31.33.0-255,66,113016,34,173418
19127,0.001102,172.31.33.0-255,66,113082,34,173418
19128,0.001452,172.217.194.0-255,1484,114566,34,173418
19129,0.001461,172.217.194.0-255,2902,117468,34,173418
19130,0.001464,172.31.33.0-255,66,117534,34,173418
19131,0.00147,172.217.194.0-255,5738,123272,34,173418
19132,0.001472,172.31.33.0-255,66,123338,34,173418
19133,0.001488,172.217.194.0-255,1484,124822,34,173418
19134,0.001507,172.31.33.0-255,66,124888,34,173418
19135,0.00153,172.217.194.0-255,1484,126372,34,173418
19136,0.001536,172.217.194.0-255,5738,132110,34,173418
19137,0.001539,172.31.33.0-255,66,132176,34,173418
19138,0.001568,172.217.194.0-255,5020,137196,34,173418
19139,0.001571,172.31.33.0-255,66,137262,34,173418
19140,0.001852,172.217.194.0-255,1484,138746,34,173418
19141,0.001859,172.217.194.0-255,2902,141648,34,173418
19142,0.001862,172.31.33.0-255,66,141714,34,173418
19143,0.001869,172.217.194.0-255,5738,147452,34,173418
19144,0.00187,172.31.33.0-255,66,147518,34,173418
19145,0.001873,172.217.194.0-255,1484,149002,34,173418
19146,0.001908,172.31.33.0-255,66,149068,34,173418
19147,0.001944,172.31.33.0-255,66,149134,34,173418
19148,0.002044,172.217.194.0-255,1484,150618,34,173418
19149,0.002051,172.217.194.0-255,2902,153520,34,173418
19150,0.002055,172.31.33.0-255,66,153586,34,173418
19151,0.002061,172.217.194.0-255,5738,159324,34,173418
19152,0.002063,172.31.33.0-255,66,159390,34,173418
19153,0.00208,172.31.33.0-255,66,159456,34,173418
19154,0.002097,172.217.194.0-255,1484,160940,34,173418
19155,0.002108,172.31.33.0-255,66,161006,34,173418
19156,0.002114,172.217.194.0-255,4320,165326,34,173418
19157,0.002116,172.31.33.0-255,66,165392,34,173418
19158,0.002156,172.31.33.0-255,66,165458,34,173418
19159,0.002166,172.31.33.0-255,66,165524,34,173418
19160,0.002183,172.217.194.0-255,1484,167008,34,173418
19161,0.002224,172.31.33.0-255,66,167074,34,173418
19162,0.002247,172.31.33.0-255,66,167140,34,173418
19163,0.002286,172.217.194.0-255,5738,172878,34,173418
19164,0.002289,172.31.33.0-255,66,172944,34,173418
19165,0.002335,172.31.33.0-255,66,173010,34,173418
19166,0.002353,172.31.33.0-255,66,173076,34,173418
19167,0.002355,172.217.194.0-255,105,173181,34,173418
19168,0.003813,172.31.33.0-255,66,173247,34,173418
19169,0.003845,172.31.33.0-255,105,173352,34,173418
19170,0.006455,172.217.194.0-255,66,173418,34,173418
19171,0.0,74.125.24.0-255,226,226,34,133356
19172,2.4e-05,172.31.33.0-255,66,292,34,133356
19173,3e-05,74.125.24.0-255,1484,1776,34,133356
19174,3.4e-05,172.31.33.0-255,66,1842,34,133356
19175,6.7e-05,74.125.24.0-255,4320,6162,34,133356
19176,7e-05,172.31.33.0-255,66,6228,34,133356
19177,0.000222,172.31.33.0-255,66,6294,34,133356
19178,0.000472,74.125.24.0-255,4320,10614,34,133356
19179,0.000478,172.31.33.0-255,66,10680,34,133356
19180,0.000508,74.125.24.0-255,4320,15000,34,133356
19181,0.000511,172.31.33.0-255,66,15066,34,133356
19182,0.00079,172.31.33.0-255,66,15132,34,133356
19183,0.00198,74.125.24.0-255,1498,16630,34,133356
19184,0.001985,172.31.33.0-255,66,16696,34,133356
19185,0.00199,74.125.24.0-255,2902,19598,34,133356
19186,0.001992,172.31.33.0-255,66,19664,34,133356
19187,0.002013,74.125.24.0-255,1464,21128,34,133356
19188,0.002015,172.31.33.0-255,66,21194,34,133356
19189,0.00214,74.125.24.0-255,4320,25514,34,133356
19190,0.002142,172.31.33.0-255,66,25580,34,133356
19191,0.00216,74.125.24.0-255,4326,29906,34,133356
19192,0.002162,172.31.33.0-255,66,29972,34,133356
19193,0.002433,74.125.24.0-255,2902,32874,34,133356
19194,0.002436,172.31.33.0-255,66,32940,34,133356
19195,0.002537,74.125.24.0-255,1484,34424,34,133356
19196,0.002539,172.31.33.0-255,66,34490,34,133356
19197,0.002789,172.31.33.0-255,66,34556,34,133356
19198,0.002945,74.125.24.0-255,2902,37458,34,133356
19199,0.002951,172.31.33.0-255,66,37524,34,133356
19200,0.002968,74.125.24.0-255,2902,40426,34,133356
19201,0.002982,172.31.33.0-255,66,40492,34,133356
19202,0.003142,74.125.24.0-255,7156,47648,34,133356
19203,0.003146,172.31.33.0-255,66,47714,34,133356
19204,0.00317,74.125.24.0-255,1484,49198,34,133356
19205,0.003448,74.125.24.0-255,7156,56354,34,133356
19206,0.003453,172.31.33.0-255,66,56420,34,133356
19207,0.003477,74.125.24.0-255,1484,57904,34,133356
19208,0.003754,74.125.24.0-255,5738,63642,34,133356
19209,0.003758,172.31.33.0-255,66,63708,34,133356
19210,0.003928,74.125.24.0-255,7156,70864,34,133356
19211,0.003942,172.31.33.0-255,66,70930,34,133356
19212,0.003947,74.125.24.0-255,4320,75250,34,133356
19213,0.003956,172.31.33.0-255,66,75316,34,133356
19214,0.004252,74.125.24.0-255,2902,78218,34,133356
19215,0.004257,172.31.33.0-255,66,78284,34,133356
19216,0.004303,74.125.24.0-255,2902,81186,34,133356
19217,0.004306,172.31.33.0-255,66,81252,34,133356
19218,0.005142,74.125.24.0-255,7156,88408,34,133356
19219,0.005161,74.125.24.0-255,7156,95564,34,133356
19220,0.005227,74.125.24.0-255,4320,99884,34,133356
19221,0.005462,74.125.24.0-255,7156,107040,34,133356
19222,0.005485,74.125.24.0-255,7156,114196,34,133356
19223,0.005716,74.125.24.0-255,5738,119934,34,133356
19224,0.006282,74.125.24.0-255,5738,125672,34,133356
19225,0.006919,172.31.33.0-255,66,125738,34,133356
19226,0.008907,74.125.24.0-255,7156,132894,34,133356
19227,0.008913,172.31.33.0-255,66,132960,34,133356
19228,0.008953,172.31.33.0-255,66,133026,34,133356
19229,0.009028,172.31.33.0-255,66,133092,34,133356
19230,0.009074,172.31.33.0-255,66,133158,34,133356
19231,0.009305,172.31.33.0-255,66,133224,34,133356
19232,0.00937,172.31.33.0-255,66,133290,34,133356
19233,0.009653,172.31.33.0-255,66,133356,34,133356
19234,0.0,74.125.130.0-255,220,220,34,273724
19235,3.5e-05,172.31.33.0-255,66,286,34,273724
19236,4.3e-05,74.125.130.0-255,1484,1770,34,273724
19237,4.7e-05,172.31.33.0-255,66,1836,34,273724
19238,5.2e-05,74.125.130.0-255,2902,4738,34,273724
19239,5.5e-05,172.31.33.0-255,66,4804,34,273724
19240,6e-05,74.125.130.0-255,5738,10542,34,273724
19241,6.3e-05,172.31.33.0-255,66,10608,34,273724
19242,8.2e-05,74.125.130.0-255,3232,13840,34,273724
19243,8.5e-05,172.31.33.0-255,66,13906,34,273724
19244,0.000102,74.125.130.0-255,1484,15390,34,273724
19245,0.000104,172.31.33.0-255,66,15456,34,273724
19246,0.000131,74.125.130.0-255,2902,18358,34,273724
19247,0.000133,172.31.33.0-255,66,18424,34,273724
19248,0.00014,74.125.130.0-255,5738,24162,34,273724
19249,0.000142,172.31.33.0-255,66,24228,34,273724
19250,0.000149,74.125.130.0-255,7156,31384,34,273724
19251,0.000152,172.31.33.0-255,66,31450,34,273724
19252,0.00018,74.125.130.0-255,2902,34352,34,273724
19253,0.000183,172.31.33.0-255,66,34418,34,273724
19254,0.000222,172.31.33.0-255,66,34484,34,273724
19255,0.000228,74.125.130.0-255,3602,38086,34,273724
19256,0.00023,172.31.33.0-255,66,38152,34,273724
19257,0.000276,74.125.130.0-255,1484,39636,34,273724
19258,0.000279,172.31.33.0-255,66,39702,34,273724
19259,0.000284,74.125.130.0-255,2902,42604,34,273724
19260,0.000287,172.31.33.0-255,66,42670,34,273724
19261,0.000304,74.125.130.0-255,1484,44154,34,273724
19262,0.000306,172.31.33.0-255,66,44220,34,273724
19263,0.000334,74.125.130.0-255,4320,48540,34,273724
19264,0.000338,172.31.33.0-255,66,48606,34,273724
19265,0.000355,74.125.130.0-255,7087,55693,34,273724
19266,0.000367,172.31.33.0-255,66,55759,34,273724
19267,0.000404,74.125.130.0-255,365,56124,34,273724
19268,0.000824,74.125.130.0-255,1484,57608,34,273724
19269,0.00083,172.31.33.0-255,66,57674,34,273724
19270,0.000837,74.125.130.0-255,2902,60576,34,273724
19271,0.00084,74.125.130.0-255,1484,62060,34,273724
19272,0.000849,172.31.33.0-255,66,62126,34,273724
19273,0.000858,74.125.130.0-255,4320,66446,34,273724
19274,0.000864,172.31.33.0-255,66,66512,34,273724
19275,0.000898,74.125.130.0-255,4320,70832,34,273724
19276,0.000903,74.125.130.0-255,4320,75152,34,273724
19277,0.000913,172.31.33.0-255,66,75218,34,273724
19278,0.000947,74.125.130.0-255,6438,81656,34,273724
19279,0.000956,172.31.33.0-255,66,81722,34,273724
19280,0.00144,74.125.130.0-255,1484,83206,34,273724
19281,0.001445,74.125.130.0-255,1484,84690,34,273724
19282,0.001449,172.31.33.0-255,66,84756,34,273724
19283,0.001457,74.125.130.0-255,2902,87658,34,273724
19284,0.001462,74.125.130.0-255,4320,91978,34,273724
19285,0.001477,74.125.130.0-255,1484,93462,34,273724
19286,0.001498,74.125.130.0-255,5738,99200,34,273724
19287,0.001517,74.125.130.0-255,7156,106356,34,273724
19288,0.001545,74.125.130.0-255,4320,110676,34,273724
19289,0.00157,74.125.130.0-255,5020,115696,34,273724
19290,0.001597,172.31.33.0-255,66,115762,34,273724
19291,0.001611,74.125.130.0-255,1484,117246,34,273724
19292,0.001615,172.31.33.0-255,66,117312,34,273724
19293,0.001643,172.31.33.0-255,66,117378,34,273724
19294,0.001654,74.125.130.0-255,4320,121698,34,273724
19295,0.001662,172.31.33.0-255,66,121764,34,273724
19296,0.001666,74.125.130.0-255,766,122530,34,273724
19297,0.002076,74.125.130.0-255,1484,124014,34,273724
19298,0.002081,172.31.33.0-255,66,124080,34,273724
19299,0.002087,74.125.130.0-255,2902,126982,34,273724
19300,0.00209,74.125.130.0-255,1484,128466,34,273724
19301,0.002094,172.31.33.0-255,66,128532,34,273724
19302,0.002103,74.125.130.0-255,1484,130016,34,273724
19303,0.002108,74.125.130.0-255,4320,134336,34,273724
19304,0.002116,172.31.33.0-255,66,134402,34,273724
19305,0.002131,74.125.130.0-255,7156,141558,34,273724
19306,0.002134,172.31.33.0-255,66,141624,34,273724
19307,0.002148,74.125.130.0-255,1484,143108,34,273724
19308,0.002153,74.125.130.0-255,7156,150264,34,273724
19309,0.002156,172.31.33.0-255,66,150330,34,273724
19310,0.002194,74.125.130.0-255,1484,151814,34,273724
19311,0.002217,74.125.130.0-255,5020,156834,34,273724
19312,0.00222,172.31.33.0-255,66,156900,34,273724
19313,0.002784,74.125.130.0-255,1484,158384,34,273724
19314,0.002793,74.125.130.0-255,2902,161286,34,273724
19315,0.002797,172.31.33.0-255,66,161352,34,273724
19316,0.002801,74.125.130.0-255,1484,162836,34,273724
19317,0.002817,74.125.130.0-255,2902,165738,34,273724
19318,0.002837,74.125.130.0-255,5738,171476,34,273724
19319,0.002864,74.125.130.0-255,5738,177214,34,273724
19320,0.002883,74.125.130.0-255,4320,181534,34,273724
19321,0.002885,74.125.130.0-255,1484,183018,34,273724
19322,0.002914,74.125.130.0-255,4320,187338,34,273724
19323,0.002916,74.125.130.0-255,1484,188822,34,273724
19324,0.002931,74.125.130.0-255,4320,193142,34,273724
19325,0.002995,74.125.130.0-255,4320,197462,34,273724
19326,0.003012,74.125.130.0-255,2902,200364,34,273724
19327,0.003045,74.125.130.0-255,2902,203266,34,273724
19328,0.003079,74.125.130.0-255,2902,206168,34,273724
19329,0.003081,74.125.130.0-255,1484,207652,34,273724
19330,0.003085,74.125.130.0-255,2902,210554,34,273724
19331,0.003103,74.125.130.0-255,5738,216292,34,273724
19332,0.003106,74.125.130.0-255,2184,218476,34,273724
19333,0.003175,74.125.130.0-255,1484,219960,34,273724
19334,0.003194,74.125.130.0-255,2902,222862,34,273724
19335,0.003212,74.125.130.0-255,5738,228600,34,273724
19336,0.003232,74.125.130.0-255,7156,235756,34,273724
19337,0.003258,74.125.130.0-255,2902,238658,34,273724
19338,0.003298,74.125.130.0-255,1484,240142,34,273724
19339,0.003333,74.125.130.0-255,5738,245880,34,273724
19340,0.00337,74.125.130.0-255,2902,248782,34,273724
19341,0.003424,74.125.130.0-255,4320,253102,34,273724
19342,0.003441,74.125.130.0-255,5738,258840,34,273724
19343,0.003446,74.125.130.0-255,4320,263160,34,273724
19344,0.003467,74.125.130.0-255,7156,270316,34,273724
19345,0.003473,74.125.130.0-255,3031,273347,34,273724
19346,0.003505,74.125.130.0-255,105,273452,34,273724
19347,0.007555,172.31.33.0-255,66,273518,34,273724
19348,0.009168,172.31.33.0-255,101,273619,34,273724
19349,0.009517,172.31.33.0-255,105,273724,34,273724
19350,0.0,74.125.200.0-255,153,153,34,345928
19351,1.9e-05,172.31.33.0-255,66,219,34,345928
19352,2.6e-05,74.125.200.0-255,1484,1703,34,345928
19353,3e-05,172.31.33.0-255,66,1769,34,345928
19354,3.5e-05,74.125.200.0-255,2902,4671,34,345928
19355,3.7e-05,172.31.33.0-255,66,4737,34,345928
19356,4.1e-05,74.125.200.0-255,2902,7639,34,345928
19357,4.4e-05,172.31.33.0-255,66,7705,34,345928
19358,7e-05,74.125.200.0-255,4320,12025,34,345928
19359,7.2e-05,172.31.33.0-255,66,12091,34,345928
19360,7.6e-05,74.125.200.0-255,1993,14084,34,345928
19361,7.8e-05,172.31.33.0-255,66,14150,34,345928
19362,0.000121,74.125.200.0-255,1484,15634,34,345928
19363,0.000123,172.31.33.0-255,66,15700,34,345928
19364,0.000135,74.125.200.0-255,2902,18602,34,345928
19365,0.000138,172.31.33.0-255,66,18668,34,345928
19366,0.000151,74.125.200.0-255,4320,22988,34,345928
19367,0.000153,172.31.33.0-255,66,23054,34,345928
19368,0.000164,74.125.200.0-255,1484,24538,34,345928
19369,0.000166,172.31.33.0-255,66,24604,34,345928
19370,0.00017,74.125.200.0-255,2902,27506,34,345928
19371,0.000172,172.31.33.0-255,66,27572,34,345928
19372,0.000198,74.125.200.0-255,3961,31533,34,345928
19373,0.0002,172.31.33.0-255,66,31599,34,345928
19374,0.000231,74.125.200.0-255,1484,33083,34,345928
19375,0.000233,172.31.33.0-255,66,33149,34,345928
19376,0.000245,74.125.200.0-255,1484,34633,34,345928
19377,0.000247,172.31.33.0-255,66,34699,34,345928
19378,0.000252,74.125.200.0-255,4320,39019,34,345928
19379,0.000254,172.31.33.0-255,66,39085,34,345928
19380,0.000263,172.31.33.0-255,66,39151,34,345928
19381,0.000265,74.125.200.0-255,1125,40276,34,345928
19382,0.000621,74.125.200.0-255,1484,41760,34,345928
19383,0.000627,172.31.33.0-255,66,41826,34,345928
19384,0.000632,74.125.200.0-255,2902,44728,34,345928
19385,0.000634,172.31.33.0-255,66,44794,34,345928
19386,0.000656,74.125.200.0-255,5738,50532,34,345928
19387,0.000658,172.31.33.0-255,66,50598,34,345928
19388,0.000664,74.125.200.0-255,5738,56336,34,345928
19389,0.000666,172.31.33.0-255,66,56402,34,345928
19390,0.000704,74.125.200.0-255,1125,57527,34,345928
19391,0.000784,74.125.200.0-255,1484,59011,34,345928
19392,0.000787,172.31.33.0-255,66,59077,34,345928
19393,0.000793,74.125.200.0-255,2902,61979,34,345928
19394,0.000795,172.31.33.0-255,66,62045,34,345928
19395,0.000799,74.125.200.0-255,2902,64947,34,345928
19396,0.000801,172.31.33.0-255,66,65013,34,345928
19397,0.000823,74.125.200.0-255,2902,67915,34,345928
19398,0.000825,172.31.33.0-255,66,67981,34,345928
19399,0.000832,74.125.200.0-255,5738,73719,34,345928
19400,0.000834,172.31.33.0-255,66,73785,34,345928
19401,0.000847,74.125.200.0-255,1125,74910,34,345928
19402,0.000852,74.125.200.0-255,4320,79230,34,345928
19403,0.000856,172.31.33.0-255,66,79296,34,345928
19404,0.000864,74.125.200.0-255,2902,82198,34,345928
19405,0.000866,172.31.33.0-255,66,82264,34,345928
19406,0.000889,74.125.200.0-255,4320,86584,34,345928
19407,0.000892,172.31.33.0-255,66,86650,34,345928
19408,0.000912,74.125.200.0-255,5379,92029,34,345928
19409,0.000915,172.31.33.0-255,66,92095,34,345928
19410,0.000918,74.125.200.0-255,645,92740,34,345928
19411,0.001146,74.125.200.0-255,1484,94224,34,345928
19412,0.00115,172.31.33.0-255,66,94290,34,345928
19413,0.001155,74.125.200.0-255,2902,97192,34,345928
19414,0.001157,172.31.33.0-255,66,97258,34,345928
19415,0.00116,74.125.200.0-255,1484,98742,34,345928
19416,0.001181,74.125.200.0-255,2902,101644,34,345928
19417,0.001183,172.31.33.0-255,66,101710,34,345928
19418,0.001189,74.125.200.0-255,5738,107448,34,345928
19419,0.001191,172.31.33.0-255,66,107514,34,345928
19420,0.001218,74.125.200.0-255,1981,109495,34,345928
19421,0.001221,172.31.33.0-255,66,109561,34,345928
19422,0.001277,74.125.200.0-255,1484,111045,34,345928
19423,0.00128,74.125.200.0-255,1484,112529,34,345928
19424,0.001282,172.31.33.0-255,66,112595,34,345928
19425,0.0013,74.125.200.0-255,1484,114079,34,345928
19426,0.001305,74.125.200.0-255,5738,119817,34,345928
19427,0.001308,74.125.200.0-255,2902,122719,34,345928
19428,0.001312,172.31.33.0-255,66,122785,34,345928
19429,0.001319,172.31.33.0-255,66,122851,34,345928
19430,0.001349,74.125.200.0-255,5738,128589,34,345928
19431,0.001352,172.31.33.0-255,66,128655,34,345928
19432,0.001373,74.125.200.0-255,4320,132975,34,345928
19433,0.001379,74.125.200.0-255,7156,140131,34,345928
19434,0.001382,172.31.33.0-255,66,140197,34,345928
19435,0.001385,172.31.33.0-255,66,140263,34,345928
19436,0.001402,74.125.200.0-255,3602,143865,34,345928
19437,0.001404,172.31.33.0-255,66,143931,34,345928
19438,0.001973,74.125.200.0-255,1484,145415,34,345928
19439,0.00199,74.125.200.0-255,2902,148317,34,345928
19440,0.001993,172.31.33.0-255,66,148383,34,345928
19441,0.002008,74.125.200.0-255,2902,151285,34,345928
19442,0.00201,172.31.33.0-255,66,151351,34,345928
19443,0.002023,74.125.200.0-255,2902,154253,34,345928
19444,0.002025,172.31.33.0-255,66,154319,34,345928
19445,0.002046,74.125.200.0-255,7156,161475,34,345928
19446,0.002048,172.31.33.0-255,66,161541,34,345928
19447,0.002073,74.125.200.0-255,2902,164443,34,345928
19448,0.002075,172.31.33.0-255,66,164509,34,345928
19449,0.002085,172.31.33.0-255,66,164575,34,345928
19450,0.002101,74.125.200.0-255,1484,166059,34,345928
19451,0.002104,74.125.200.0-255,2184,168243,34,345928
19452,0.002106,172.31.33.0-255,66,168309,34,345928
19453,0.003119,74.125.200.0-255,1484,169793,34,345928
19454,0.003141,74.125.200.0-255,2902,172695,34,345928
19455,0.003145,172.31.33.0-255,66,172761,34,345928
19456,0.00315,74.125.200.0-255,2902,175663,34,345928
19457,0.003152,172.31.33.0-255,66,175729,34,345928
19458,0.003154,74.125.200.0-255,1484,177213,34,345928
19459,0.003178,74.125.200.0-255,5738,182951,34,345928
19460,0.00318,172.31.33.0-255,66,183017,34,345928
19461,0.003184,74.125.200.0-255,2902,185919,34,345928
19462,0.003185,172.31.33.0-255,66,185985,34,345928
19463,0.003188,74.125.200.0-255,1484,187469,34,345928
19464,0.00319,74.125.200.0-255,1484,188953,34,345928
19465,0.003192,172.31.33.0-255,66,189019,34,345928
19466,0.003195,74.125.200.0-255,1484,190503,34,345928
19467,0.003218,74.125.200.0-255,2902,193405,34,345928
19468,0.00322,172.31.33.0-255,66,193471,34,345928
19469,0.003236,74.125.200.0-255,4320,197791,34,345928
19470,0.003238,172.31.33.0-255,66,197857,34,345928
19471,0.003263,74.125.200.0-255,5020,202877,34,345928
19472,0.003265,172.31.33.0-255,66,202943,34,345928
19473,0.003469,74.125.200.0-255,1484,204427,34,345928
19474,0.003481,74.125.200.0-255,2902,207329,34,345928
19475,0.003483,172.31.33.0-255,66,207395,34,345928
19476,0.003499,74.125.200.0-255,1484,208879,34,345928
19477,0.003515,74.125.200.0-255,4320,213199,34,345928
19478,0.003517,172.31.33.0-255,66,213265,34,345928
19479,0.00352,74.125.200.0-255,1484,214749,34,345928
19480,0.003522,74.125.200.0-255,1484,216233,34,345928
19481,0.003524,172.31.33.0-255,66,216299,34,345928
19482,0.003575,172.31.33.0-255,66,216365,34,345928
19483,0.003577,74.125.200.0-255,1484,217849,34,345928
19484,0.00358,74.125.200.0-255,1484,219333,34,345928
19485,0.003581,172.31.33.0-255,66,219399,34,345928
19486,0.003584,74.125.200.0-255,1484,220883,34,345928
19487,0.003591,74.125.200.0-255,1484,222367,34,345928
19488,0.003593,172.31.33.0-255,66,222433,34,345928
19489,0.00362,74.125.200.0-255,5020,227453,34,345928
19490,0.003622,172.31.33.0-255,66,227519,34,345928
19491,0.003628,74.125.200.0-255,5738,233257,34,345928
19492,0.00363,172.31.33.0-255,66,233323,34,345928
19493,0.003633,74.125.200.0-255,2902,236225,34,345928
19494,0.003635,172.31.33.0-255,66,236291,34,345928
19495,0.003646,172.31.33.0-255,66,236357,34,345928
19496,0.003651,74.125.200.0-255,5738,242095,34,345928
19497,0.003654,172.31.33.0-255,66,242161,34,345928
19498,0.003658,74.125.200.0-255,4320,246481,34,345928
19499,0.003661,172.31.33.0-255,66,246547,34,345928
19500,0.003663,74.125.200.0-255,1484,248031,34,345928
19501,0.003681,74.125.200.0-255,3602,251633,34,345928
19502,0.003683,172.31.33.0-255,66,251699,34,345928
19503,0.003708,74.125.200.0-255,2902,254601,34,345928
19504,0.00371,172.31.33.0-255,66,254667,34,345928
19505,0.003712,74.125.200.0-255,1484,256151,34,345928
19506,0.003715,74.125.200.0-255,1484,257635,34,345928
19507,0.003717,172.31.33.0-255,66,257701,34,345928
19508,0.003737,74.125.200.0-255,4320,262021,34,345928
19509,0.003739,172.31.33.0-255,66,262087,34,345928
19510,0.003744,74.125.200.0-255,4320,266407,34,345928
19511,0.003745,172.31.33.0-255,66,266473,34,345928
19512,0.003748,74.125.200.0-255,1484,267957,34,345928
19513,0.00375,74.125.200.0-255,1484,269441,34,345928
19514,0.003752,172.31.33.0-255,66,269507,34,345928
19515,0.003755,74.125.200.0-255,1484,270991,34,345928
19516,0.003769,74.125.200.0-255,2902,273893,34,345928
19517,0.003771,172.31.33.0-255,66,273959,34,345928
19518,0.003799,74.125.200.0-255,4320,278279,34,345928
19519,0.003801,172.31.33.0-255,66,278345,34,345928
19520,0.003826,172.31.33.0-255,66,278411,34,345928
19521,0.003831,74.125.200.0-255,5738,284149,34,345928
19522,0.003833,172.31.33.0-255,66,284215,34,345928
19523,0.003852,74.125.200.0-255,7156,291371,34,345928
19524,0.003854,172.31.33.0-255,66,291437,34,345928
19525,0.003859,74.125.200.0-255,5738,297175,34,345928
19526,0.003861,172.31.33.0-255,66,297241,34,345928
19527,0.003866,74.125.200.0-255,4320,301561,34,345928
19528,0.003868,172.31.33.0-255,66,301627,34,345928
19529,0.003897,74.125.200.0-255,2902,304529,34,345928
19530,0.003899,172.31.33.0-255,66,304595,34,345928
19531,0.003914,74.125.200.0-255,5738,310333,34,345928
19532,0.003916,172.31.33.0-255,66,310399,34,345928
19533,0.003931,74.125.200.0-255,3602,314001,34,345928
19534,0.003933,172.31.33.0-255,66,314067,34,345928
19535,0.003936,74.125.200.0-255,2902,316969,34,345928
19536,0.003938,172.31.33.0-255,66,317035,34,345928
19537,0.003941,74.125.200.0-255,1484,318519,34,345928
19538,0.003964,172.31.33.0-255,66,318585,34,345928
19539,0.003986,74.125.200.0-255,2902,321487,34,345928
19540,0.003988,172.31.33.0-255,66,321553,34,345928
19541,0.003991,74.125.200.0-255,2902,324455,34,345928
19542,0.003993,172.31.33.0-255,66,324521,34,345928
19543,0.003995,74.125.200.0-255,1484,326005,34,345928
19544,0.004,74.125.200.0-255,4320,330325,34,345928
19545,0.004002,172.31.33.0-255,66,330391,34,345928
19546,0.004032,74.125.200.0-255,5020,335411,34,345928
19547,0.004035,172.31.33.0-255,66,335477,34,345928
19548,0.00404,74.125.200.0-255,7156,342633,34,345928
19549,0.004043,172.31.33.0-255,66,342699,34,345928
19550,0.004046,74.125.200.0-255,2887,345586,34,345928
19551,0.004048,172.31.33.0-255,66,345652,34,345928
19552,0.004085,74.125.200.0-255,105,345757,34,345928
19553,0.009266,172.31.33.0-255,66,345823,34,345928
19554,0.009298,172.31.33.0-255,105,345928,34,345928
19555,0.0,74.125.68.0-255,156,156,34,321583
19556,1.5e-05,172.31.33.0-255,66,222,34,321583
19557,2.2e-05,74.125.68.0-255,1484,1706,34,321583
19558,2.6e-05,172.31.33.0-255,66,1772,34,321583
19559,3.3e-05,74.125.68.0-255,2902,4674,34,321583
19560,4.4e-05,172.31.33.0-255,66,4740,34,321583
19561,4.7e-05,74.125.68.0-255,1484,6224,34,321583
19562,5e-05,172.31.33.0-255,66,6290,34,321583
19563,5.4e-05,74.125.68.0-255,1484,7774,34,321583
19564,5.7e-05,172.31.33.0-255,66,7840,34,321583
19565,7.4e-05,74.125.68.0-255,1484,9324,34,321583
19566,7.6e-05,172.31.33.0-255,66,9390,34,321583
19567,8.5e-05,74.125.68.0-255,1484,10874,34,321583
19568,8.7e-05,172.31.33.0-255,66,10940,34,321583
19569,0.000125,74.125.68.0-255,4966,15906,34,321583
19570,0.000129,172.31.33.0-255,66,15972,34,321583
19571,0.000136,74.125.68.0-255,7156,23128,34,321583
19572,0.000138,172.31.33.0-255,66,23194,34,321583
19573,0.000176,172.31.33.0-255,66,23260,34,321583
19574,0.0004,74.125.68.0-255,1484,24744,34,321583
19575,0.000405,172.31.33.0-255,66,24810,34,321583
19576,0.000412,74.125.68.0-255,2902,27712,34,321583
19577,0.000414,172.31.33.0-255,66,27778,34,321583
19578,0.000456,74.125.68.0-255,5738,33516,34,321583
19579,0.000459,172.31.33.0-255,66,33582,34,321583
19580,0.000465,74.125.68.0-255,4320,37902,34,321583
19581,0.000467,172.31.33.0-255,66,37968,34,321583
19582,0.000478,74.125.68.0-255,2902,40870,34,321583
19583,0.00048,172.31.33.0-255,66,40936,34,321583
19584,0.000494,74.125.68.0-255,2543,43479,34,321583
19585,0.000496,172.31.33.0-255,66,43545,34,321583
19586,0.000503,74.125.68.0-255,4320,47865,34,321583
19587,0.000531,74.125.68.0-255,4320,52185,34,321583
19588,0.000545,74.125.68.0-255,1484,53669,34,321583
19589,0.000564,74.125.68.0-255,4235,57904,34,321583
19590,0.000567,74.125.68.0-255,382,58286,34,321583
19591,0.000613,172.31.33.0-255,66,58352,34,321583
19592,0.00066,74.125.68.0-255,1484,59836,34,321583
19593,0.000664,74.125.68.0-255,1484,61320,34,321583
19594,0.000676,172.31.33.0-255,66,61386,34,321583
19595,0.00068,74.125.68.0-255,1484,62870,34,321583
19596,0.000705,74.125.68.0-255,5738,68608,34,321583
19597,0.000709,74.125.68.0-255,1484,70092,34,321583
19598,0.000727,74.125.68.0-255,4320,74412,34,321583
19599,0.000748,74.125.68.0-255,4320,78732,34,321583
19600,0.000753,172.31.33.0-255,66,78798,34,321583
19601,0.000795,74.125.68.0-255,1484,80282,34,321583
19602,0.000809,74.125.68.0-255,2184,82466,34,321583
19603,0.000815,172.31.33.0-255,66,82532,34,321583
19604,0.0009,74.125.68.0-255,1484,84016,34,321583
19605,0.000912,74.125.68.0-255,2902,86918,34,321583
19606,0.000925,74.125.68.0-255,1484,88402,34,321583
19607,0.000941,74.125.68.0-255,4320,92722,34,321583
19608,0.000948,172.31.33.0-255,66,92788,34,321583
19609,0.00096,74.125.68.0-255,7156,99944,34,321583
19610,0.000971,172.31.33.0-255,66,100010,34,321583
19611,0.00104,172.31.33.0-255,66,100076,34,321583
19612,0.001123,74.125.68.0-255,1484,101560,34,321583
19613,0.001128,74.125.68.0-255,2902,104462,34,321583
19614,0.001164,172.31.33.0-255,66,104528,34,321583
19615,0.001179,74.125.68.0-255,5738,110266,34,321583
19616,0.001184,74.125.68.0-255,2902,113168,34,321583
19617,0.001189,74.125.68.0-255,5738,118906,34,321583
19618,0.001211,74.125.68.0-255,4320,123226,34,321583
19619,0.001223,172.31.33.0-255,66,123292,34,321583
19620,0.001264,74.125.68.0-255,2184,125476,34,321583
19621,0.001285,172.31.33.0-255,66,125542,34,321583
19622,0.001292,74.125.68.0-255,2902,128444,34,321583
19623,0.0013,172.31.33.0-255,66,128510,34,321583
19624,0.001326,74.125.68.0-255,4320,132830,34,321583
19625,0.001339,74.125.68.0-255,1484,134314,34,321583
19626,0.001352,74.125.68.0-255,4320,138634,34,321583
19627,0.001356,74.125.68.0-255,1484,140118,34,321583
19628,0.001359,172.31.33.0-255,66,140184,34,321583
19629,0.001386,74.125.68.0-255,5738,145922,34,321583
19630,0.0014,172.31.33.0-255,66,145988,34,321583
19631,0.001429,74.125.68.0-255,6438,152426,34,321583
19632,0.001432,74.125.68.0-255,1484,153910,34,321583
19633,0.001454,74.125.68.0-255,5738,159648,34,321583
19634,0.001456,172.31.33.0-255,66,159714,34,321583
19635,0.001461,172.31.33.0-255,66,159780,34,321583
19636,0.001481,74.125.68.0-255,4320,164100,34,321583
19637,0.001485,74.125.68.0-255,2902,167002,34,321583
19638,0.001503,74.125.68.0-255,2902,169904,34,321583
19639,0.001505,74.125.68.0-255,1484,171388,34,321583
19640,0.001519,74.125.68.0-255,5738,177126,34,321583
19641,0.001524,172.31.33.0-255,66,177192,34,321583
19642,0.001553,74.125.68.0-255,2902,180094,34,321583
19643,0.001569,74.125.68.0-255,5020,185114,34,321583
19644,0.001575,172.31.33.0-255,66,185180,34,321583
19645,0.001676,74.125.68.0-255,1484,186664,34,321583
19646,0.00169,74.125.68.0-255,1484,188148,34,321583
19647,0.001698,172.31.33.0-255,66,188214,34,321583
19648,0.001704,74.125.68.0-255,1484,189698,34,321583
19649,0.001725,74.125.68.0-255,4320,194018,34,321583
19650,0.001735,172.31.33.0-255,66,194084,34,321583
19651,0.001741,74.125.68.0-255,1484,195568,34,321583
19652,0.001763,74.125.68.0-255,4320,199888,34,321583
19653,0.001777,172.31.33.0-255,66,199954,34,321583
19654,0.001799,74.125.68.0-255,1484,201438,34,321583
19655,0.001813,74.125.68.0-255,1484,202922,34,321583
19656,0.001821,172.31.33.0-255,66,202988,34,321583
19657,0.001828,74.125.68.0-255,1484,204472,34,321583
19658,0.00185,74.125.68.0-255,5738,210210,34,321583
19659,0.001865,74.125.68.0-255,1484,211694,34,321583
19660,0.001868,172.31.33.0-255,66,211760,34,321583
19661,0.001884,74.125.68.0-255,4320,216080,34,321583
19662,0.001889,74.125.68.0-255,3602,219682,34,321583
19663,0.001913,172.31.33.0-255,66,219748,34,321583
19664,0.002894,74.125.68.0-255,1484,221232,34,321583
19665,0.002924,74.125.68.0-255,2902,224134,34,321583
19666,0.002928,172.31.33.0-255,66,224200,34,321583
19667,0.002941,74.125.68.0-255,5738,229938,34,321583
19668,0.002951,74.125.68.0-255,2902,232840,34,321583
19669,0.002956,74.125.68.0-255,4320,237160,34,321583
19670,0.002959,74.125.68.0-255,1484,238644,34,321583
19671,0.00299,74.125.68.0-255,5738,244382,34,321583
19672,0.003003,74.125.68.0-255,1484,245866,34,321583
19673,0.003018,74.125.68.0-255,5738,251604,34,321583
19674,0.003033,74.125.68.0-255,2184,253788,34,321583
19675,0.003098,74.125.68.0-255,1484,255272,34,321583
19676,0.003111,74.125.68.0-255,2902,258174,34,321583
19677,0.00314,74.125.68.0-255,5738,263912,34,321583
19678,0.003145,74.125.68.0-255,2902,266814,34,321583
19679,0.003155,74.125.68.0-255,1484,268298,34,321583
19680,0.003214,74.125.68.0-255,1484,269782,34,321583
19681,0.003237,74.125.68.0-255,5738,275520,34,321583
19682,0.003252,74.125.68.0-255,5738,281258,34,321583
19683,0.003255,74.125.68.0-255,1484,282742,34,321583
19684,0.003272,74.125.68.0-255,1484,284226,34,321583
19685,0.003309,74.125.68.0-255,2902,287128,34,321583
19686,0.003324,74.125.68.0-255,3602,290730,34,321583
19687,0.003369,74.125.68.0-255,1484,292214,34,321583
19688,0.003387,74.125.68.0-255,2902,295116,34,321583
19689,0.00341,74.125.68.0-255,4320,299436,34,321583
19690,0.003437,74.125.68.0-255,2902,302338,34,321583
19691,0.00344,74.125.68.0-255,1484,303822,34,321583
19692,0.003453,74.125.68.0-255,2902,306724,34,321583
19693,0.003472,74.125.68.0-255,2902,309626,34,321583
19694,0.003504,74.125.68.0-255,2902,312528,34,321583
19695,0.003518,74.125.68.0-255,4320,316848,34,321583
19696,0.003529,74.125.68.0-255,2902,319750,34,321583
19697,0.003549,74.125.68.0-255,1631,321381,34,321583
19698,0.003551,74.125.68.0-255,97,321478,34,321583
19699,0.003564,74.125.68.0-255,105,321583,34,321583
19700,0.0,172.31.33.0-255,66,66,34,66
19701,0.0,74.125.24.0-255,146,146,34,205876
19702,1.2e-05,172.31.33.0-255,66,212,34,205876
19703,1.8e-05,74.125.24.0-255,1484,1696,34,205876
19704,2.1e-05,172.31.33.0-255,66,1762,34,205876
19705,2.6e-05,74.125.24.0-255,2902,4664,34,205876
19706,2.9e-05,172.31.33.0-255,66,4730,34,205876
19707,3.6e-05,74.125.24.0-255,7156,11886,34,205876
19708,3.8e-05,172.31.33.0-255,66,11952,34,205876
19709,6.8e-05,74.125.24.0-255,4803,16755,34,205876
19710,7.1e-05,172.31.33.0-255,66,16821,34,205876
19711,7.7e-05,74.125.24.0-255,5738,22559,34,205876
19712,7.9e-05,172.31.33.0-255,66,22625,34,205876
19713,0.000103,172.31.33.0-255,66,22691,34,205876
19714,0.000222,74.125.24.0-255,1484,24175,34,205876
19715,0.000225,172.31.33.0-255,66,24241,34,205876
19716,0.00023,74.125.24.0-255,2902,27143,34,205876
19717,0.000233,172.31.33.0-255,66,27209,34,205876
19718,0.000255,74.125.24.0-255,5738,32947,34,205876
19719,0.000257,172.31.33.0-255,66,33013,34,205876
19720,0.000263,74.125.24.0-255,5738,38751,34,205876
19721,0.000265,172.31.33.0-255,66,38817,34,205876
19722,0.000308,172.31.33.0-255,66,38883,34,205876
19723,0.000313,74.125.24.0-255,4292,43175,34,205876
19724,0.000314,172.31.33.0-255,66,43241,34,205876
19725,0.000484,74.125.24.0-255,112,43353,34,205876
19726,0.000489,172.31.33.0-255,66,43419,34,205876
19727,0.000548,74.125.24.0-255,332,43751,34,205876
19728,0.000551,172.31.33.0-255,66,43817,34,205876
19729,0.00127,74.125.24.0-255,1484,45301,34,205876
19730,0.001276,172.31.33.0-255,66,45367,34,205876
19731,0.001285,74.125.24.0-255,2902,48269,34,205876
19732,0.001286,172.31.33.0-255,66,48335,34,205876
19733,0.001292,74.125.24.0-255,5738,54073,34,205876
19734,0.001294,172.31.33.0-255,66,54139,34,205876
19735,0.001325,172.31.33.0-255,66,54205,34,205876
19736,0.001353,172.31.33.0-255,66,54271,34,205876
19737,0.002378,74.125.24.0-255,1484,55755,34,205876
19738,0.002386,74.125.24.0-255,2902,58657,34,205876
19739,0.002389,172.31.33.0-255,66,58723,34,205876
19740,0.002393,74.125.24.0-255,1484,60207,34,205876
19741,0.002411,74.125.24.0-255,4320,64527,34,205876
19742,0.002413,172.31.33.0-255,66,64593,34,205876
19743,0.002417,74.125.24.0-255,1484,66077,34,205876
19744,0.002443,172.31.33.0-255,66,66143,34,205876
19745,0.002473,74.125.24.0-255,4320,70463,34,205876
19746,0.002475,172.31.33.0-255,66,70529,34,205876
19747,0.002493,74.125.24.0-255,6438,76967,34,205876
19748,0.002495,172.31.33.0-255,66,77033,34,205876
19749,0.002526,74.125.24.0-255,1484,78517,34,205876
19750,0.002529,74.125.24.0-255,1484,80001,34,205876
19751,0.002531,172.31.33.0-255,66,80067,34,205876
19752,0.002548,74.125.24.0-255,1484,81551,34,205876
19753,0.002553,74.125.24.0-255,5738,87289,34,205876
19754,0.002555,172.31.33.0-255,66,87355,34,205876
19755,0.00258,74.125.24.0-255,4320,91675,34,205876
19756,0.002582,172.31.33.0-255,66,91741,34,205876
19757,0.0026,74.125.24.0-255,5738,97479,34,205876
19758,0.002602,172.31.33.0-255,66,97545,34,205876
19759,0.002604,74.125.24.0-255,1484,99029,34,205876
19760,0.002633,172.31.33.0-255,66,99095,34,205876
19761,0.002636,74.125.24.0-255,2184,101279,34,205876
19762,0.002638,172.31.33.0-255,66,101345,34,205876
19763,0.002803,74.125.24.0-255,1484,102829,34,205876
19764,0.002817,74.125.24.0-255,2902,105731,34,205876
19765,0.00282,172.31.33.0-255,66,105797,34,205876
19766,0.002823,74.125.24.0-255,1484,107281,34,205876
19767,0.002842,74.125.24.0-255,4320,111601,34,205876
19768,0.002844,172.31.33.0-255,66,111667,34,205876
19769,0.002847,74.125.24.0-255,1484,113151,34,205876
19770,0.002854,74.125.24.0-255,7156,120307,34,205876
19771,0.002856,172.31.33.0-255,66,120373,34,205876
19772,0.002869,74.125.24.0-255,1484,121857,34,205876
19773,0.002887,74.125.24.0-255,7156,129013,34,205876
19774,0.002889,172.31.33.0-255,66,129079,34,205876
19775,0.002911,74.125.24.0-255,6438,135517,34,205876
19776,0.002913,172.31.33.0-255,66,135583,34,205876
19777,0.003014,74.125.24.0-255,1484,137067,34,205876
19778,0.003018,74.125.24.0-255,2902,139969,34,205876
19779,0.003019,172.31.33.0-255,66,140035,34,205876
19780,0.003039,74.125.24.0-255,5738,145773,34,205876
19781,0.003042,172.31.33.0-255,66,145839,34,205876
19782,0.003059,74.125.24.0-255,2902,148741,34,205876
19783,0.003061,172.31.33.0-255,66,148807,34,205876
19784,0.003082,74.125.24.0-255,7156,155963,34,205876
19785,0.003084,172.31.33.0-255,66,156029,34,205876
19786,0.003123,74.125.24.0-255,5738,161767,34,205876
19787,0.003126,172.31.33.0-255,66,161833,34,205876
19788,0.003143,74.125.24.0-255,4320,166153,34,205876
19789,0.003145,172.31.33.0-255,66,166219,34,205876
19790,0.003148,74.125.24.0-255,1484,167703,34,205876
19791,0.003162,74.125.24.0-255,2184,169887,34,205876
19792,0.003165,172.31.33.0-255,66,169953,34,205876
19793,0.003326,74.125.24.0-255,1484,171437,34,205876
19794,0.003333,74.125.24.0-255,2902,174339,34,205876
19795,0.003337,172.31.33.0-255,66,174405,34,205876
19796,0.003344,74.125.24.0-255,5738,180143,34,205876
19797,0.003346,172.31.33.0-255,66,180209,34,205876
19798,0.003388,172.31.33.0-255,66,180275,34,205876
19799,0.003393,74.125.24.0-255,2902,183177,34,205876
19800,0.003395,172.31.33.0-255,66,183243,34,205876
19801,0.003419,172.31.33.0-255,66,183309,34,205876
19802,0.003429,172.31.33.0-255,66,183375,34,205876
19803,0.003457,74.125.24.0-255,5738,189113,34,205876
19804,0.003459,172.31.33.0-255,66,189179,34,205876
19805,0.003474,172.31.33.0-255,66,189245,34,205876
19806,0.003487,172.31.33.0-255,66,189311,34,205876
19807,0.003507,74.125.24.0-255,2902,192213,34,205876
19808,0.003509,172.31.33.0-255,66,192279,34,205876
19809,0.003524,172.31.33.0-255,66,192345,34,205876
19810,0.003562,74.125.24.0-255,7156,199501,34,205876
19811,0.003565,172.31.33.0-255,66,199567,34,205876
19812,0.003601,172.31.33.0-255,66,199633,34,205876
19813,0.003608,74.125.24.0-255,5738,205371,34,205876
19814,0.00361,172.31.33.0-255,66,205437,34,205876
19815,0.003658,172.31.33.0-255,66,205503,34,205876
19816,0.003661,74.125.24.0-255,97,205600,34,205876
19817,0.003664,74.125.24.0-255,105,205705,34,205876
19818,0.009732,172.31.33.0-255,66,205771,34,205876
19819,0.009778,172.31.33.0-255,105,205876,34,205876
19820,0.0,172.217.27.0-255,153,153,34,241954
19821,1.4e-05,172.31.33.0-255,66,219,34,241954
19822,2.1e-05,172.217.27.0-255,1484,1703,34,241954
19823,2.5e-05,172.31.33.0-255,66,1769,34,241954
19824,4.2e-05,172.217.27.0-255,2902,4671,34,241954
19825,4.5e-05,172.31.33.0-255,66,4737,34,241954
19826,5.3e-05,172.217.27.0-255,5738,10475,34,241954
19827,5.6e-05,172.31.33.0-255,66,10541,34,241954
19828,8.2e-05,172.217.27.0-255,1484,12025,34,241954
19829,8.4e-05,172.31.33.0-255,66,12091,34,241954
19830,9.4e-05,172.31.33.0-255,66,12157,34,241954
19831,0.000128,172.31.33.0-255,66,12223,34,241954
19832,0.000167,172.217.27.0-255,1484,13707,34,241954
19833,0.000169,172.31.33.0-255,66,13773,34,241954
19834,0.000172,172.217.27.0-255,1484,15257,34,241954
19835,0.000174,172.31.33.0-255,66,15323,34,241954
19836,0.000186,172.217.27.0-255,1484,16807,34,241954
19837,0.000188,172.31.33.0-255,66,16873,34,241954
19838,0.000194,172.217.27.0-255,5738,22611,34,241954
19839,0.000196,172.31.33.0-255,66,22677,34,241954
19840,0.000201,172.217.27.0-255,4320,26997,34,241954
19841,0.000203,172.31.33.0-255,66,27063,34,241954
19842,0.000258,172.217.27.0-255,2543,29606,34,241954
19843,0.00026,172.31.33.0-255,66,29672,34,241954
19844,0.000936,172.217.27.0-255,1484,31156,34,241954
19845,0.000943,172.31.33.0-255,66,31222,34,241954
19846,0.000952,172.217.27.0-255,2902,34124,34,241954
19847,0.000955,172.31.33.0-255,66,34190,34,241954
19848,0.000958,172.217.27.0-255,1484,35674,34,241954
19849,0.00096,172.31.33.0-255,66,35740,34,241954
19850,0.000987,172.217.27.0-255,4320,40060,34,241954
19851,0.00099,172.31.33.0-255,66,40126,34,241954
19852,0.000999,172.217.27.0-255,6797,46923,34,241954
19853,0.001001,172.31.33.0-255,66,46989,34,241954
19854,0.001253,172.217.27.0-255,1484,48473,34,241954
19855,0.001261,172.217.27.0-255,2902,51375,34,241954
19856,0.001264,172.31.33.0-255,66,51441,34,241954
19857,0.00127,172.217.27.0-255,2902,54343,34,241954
19858,0.001272,172.31.33.0-255,66,54409,34,241954
19859,0.001285,172.217.27.0-255,2902,57311,34,241954
19860,0.001287,172.31.33.0-255,66,57377,34,241954
19861,0.001293,172.217.27.0-255,4320,61697,34,241954
19862,0.001296,172.31.33.0-255,66,61763,34,241954
19863,0.001351,172.217.27.0-255,2543,64306,34,241954
19864,0.001354,172.31.33.0-255,66,64372,34,241954
19865,0.001359,172.217.27.0-255,2902,67274,34,241954
19866,0.00136,172.31.33.0-255,66,67340,34,241954
19867,0.001366,172.217.27.0-255,4320,71660,34,241954
19868,0.001368,172.31.33.0-255,66,71726,34,241954
19869,0.001385,172.217.27.0-255,2902,74628,34,241954
19870,0.001387,172.31.33.0-255,66,74694,34,241954
19871,0.001395,172.217.27.0-255,6797,81491,34,241954
19872,0.001398,172.31.33.0-255,66,81557,34,241954
19873,0.001916,172.217.27.0-255,1484,83041,34,241954
19874,0.001931,172.217.27.0-255,2902,85943,34,241954
19875,0.001935,172.31.33.0-255,66,86009,34,241954
19876,0.001938,172.217.27.0-255,1484,87493,34,241954
19877,0.001953,172.217.27.0-255,4320,91813,34,241954
19878,0.001956,172.31.33.0-255,66,91879,34,241954
19879,0.001986,172.31.33.0-255,66,91945,34,241954
19880,0.00199,172.217.27.0-255,2902,94847,34,241954
19881,0.001992,172.31.33.0-255,66,94913,34,241954
19882,0.002012,172.31.33.0-255,66,94979,34,241954
19883,0.002428,172.217.27.0-255,1484,96463,34,241954
19884,0.002441,172.217.27.0-255,2902,99365,34,241954
19885,0.002443,172.31.33.0-255,66,99431,34,241954
19886,0.002462,172.217.27.0-255,5738,105169,34,241954
19887,0.002464,172.31.33.0-255,66,105235,34,241954
19888,0.002488,172.217.27.0-255,2902,108137,34,241954
19889,0.00249,172.31.33.0-255,66,108203,34,241954
19890,0.002514,172.31.33.0-255,66,108269,34,241954
19891,0.002524,172.31.33.0-255,66,108335,34,241954
19892,0.002536,172.217.27.0-255,2184,110519,34,241954
19893,0.002538,172.31.33.0-255,66,110585,34,241954
19894,0.004143,172.217.27.0-255,1484,112069,34,241954
19895,0.004159,172.217.27.0-255,2902,114971,34,241954
19896,0.004162,172.31.33.0-255,66,115037,34,241954
19897,0.004178,172.217.27.0-255,2902,117939,34,241954
19898,0.004179,172.31.33.0-255,66,118005,34,241954
19899,0.004183,172.217.27.0-255,1484,119489,34,241954
19900,0.004185,172.217.27.0-255,1484,120973,34,241954
19901,0.004187,172.31.33.0-255,66,121039,34,241954
19902,0.004208,172.217.27.0-255,4320,125359,34,241954
19903,0.00421,172.31.33.0-255,66,125425,34,241954
19904,0.004213,172.217.27.0-255,1484,126909,34,241954
19905,0.004218,172.217.27.0-255,4320,131229,34,241954
19906,0.00422,172.31.33.0-255,66,131295,34,241954
19907,0.004244,172.217.27.0-255,7156,138451,34,241954
19908,0.004246,172.31.33.0-255,66,138517,34,241954
19909,0.004253,172.217.27.0-255,6438,144955,34,241954
19910,0.004255,172.31.33.0-255,66,145021,34,241954
19911,0.004288,172.31.33.0-255,66,145087,34,241954
19912,0.004324,172.31.33.0-255,66,145153,34,241954
19913,0.004336,172.31.33.0-255,66,145219,34,241954
19914,0.004387,172.217.27.0-255,2184,147403,34,241954
19915,0.004389,172.31.33.0-255,66,147469,34,241954
19916,0.004447,172.217.27.0-255,1484,148953,34,241954
19917,0.004452,172.217.27.0-255,2902,151855,34,241954
19918,0.004454,172.31.33.0-255,66,151921,34,241954
19919,0.004476,172.217.27.0-255,5738,157659,34,241954
19920,0.004479,172.31.33.0-255,66,157725,34,241954
19921,0.00451,172.31.33.0-255,66,157791,34,241954
19922,0.004529,172.217.27.0-255,2902,160693,34,241954
19923,0.004532,172.31.33.0-255,66,160759,34,241954
19924,0.004542,172.31.33.0-255,66,160825,34,241954
19925,0.004562,172.217.27.0-255,3602,164427,34,241954
19926,0.004564,172.31.33.0-255,66,164493,34,241954
19927,0.004576,172.217.27.0-255,1484,165977,34,241954
19928,0.004588,172.217.27.0-255,1484,167461,34,241954
19929,0.004592,172.31.33.0-255,66,167527,34,241954
19930,0.004598,172.217.27.0-255,1484,169011,34,241954
19931,0.004609,172.217.27.0-255,1484,170495,34,241954
19932,0.004611,172.31.33.0-255,66,170561,34,241954
19933,0.004629,172.217.27.0-255,4320,174881,34,241954
19934,0.004631,172.31.33.0-255,66,174947,34,241954
19935,0.004636,172.217.27.0-255,4320,179267,34,241954
19936,0.004638,172.31.33.0-255,66,179333,34,241954
19937,0.004682,172.31.33.0-255,66,179399,34,241954
19938,0.004689,172.31.33.0-255,66,179465,34,241954
19939,0.004702,172.217.27.0-255,1484,180949,34,241954
19940,0.004717,172.217.27.0-255,2902,183851,34,241954
19941,0.004719,172.31.33.0-255,66,183917,34,241954
19942,0.004724,172.217.27.0-255,2902,186819,34,241954
19943,0.004726,172.31.33.0-255,66,186885,34,241954
19944,0.00474,172.217.27.0-255,2902,189787,34,241954
19945,0.004743,172.31.33.0-255,66,189853,34,241954
19946,0.004746,172.217.27.0-255,1484,191337,34,241954
19947,0.004781,172.31.33.0-255,66,191403,34,241954
19948,0.004802,172.217.27.0-255,4320,195723,34,241954
19949,0.004805,172.31.33.0-255,66,195789,34,241954
19950,0.004832,172.217.27.0-255,6438,202227,34,241954
19951,0.004835,172.31.33.0-255,66,202293,34,241954
19952,0.004857,172.217.27.0-255,1484,203777,34,241954
19953,0.004862,172.217.27.0-255,2902,206679,34,241954
19954,0.004864,172.31.33.0-255,66,206745,34,241954
19955,0.004896,172.217.27.0-255,5738,212483,34,241954
19956,0.004899,172.31.33.0-255,66,212549,34,241954
19957,0.004905,172.217.27.0-255,5738,218287,34,241954
19958,0.004907,172.31.33.0-255,66,218353,34,241954
19959,0.004938,172.217.27.0-255,7156,225509,34,241954
19960,0.004941,172.31.33.0-255,66,225575,34,241954
19961,0.004967,172.31.33.0-255,66,225641,34,241954
19962,0.004985,172.217.27.0-255,2184,227825,34,241954
19963,0.004988,172.31.33.0-255,66,227891,34,241954
19964,0.005041,172.217.27.0-255,1484,229375,34,241954
19965,0.005045,172.217.27.0-255,1484,230859,34,241954
19966,0.005047,172.31.33.0-255,66,230925,34,241954
19967,0.005068,172.217.27.0-255,2902,233827,34,241954
19968,0.00507,172.31.33.0-255,66,233893,34,241954
19969,0.005076,172.217.27.0-255,5738,239631,34,241954
19970,0.005079,172.31.33.0-255,66,239697,34,241954
19971,0.005116,172.31.33.0-255,66,239763,34,241954
19972,0.00512,172.217.27.0-255,1783,241546,34,241954
19973,0.005122,172.31.33.0-255,66,241612,34,241954
19974,0.005199,172.217.27.0-255,105,241717,34,241954
19975,0.00736,172.31.33.0-255,66,241783,34,241954
19976,0.007392,172.31.33.0-255,105,241888,34,241954
19977,0.009027,172.217.27.0-255,66,241954,34,241954
19978,0.0,172.31.33.0-255,105,105,34,342
19979,0.002284,172.217.194.0-255,66,171,34,342
19980,0.002308,172.217.194.0-255,105,276,34,342
19981,0.002311,172.31.33.0-255,66,342,34,342
19982,0.0,74.125.24.0-255,161,161,34,239888
19983,3.2e-05,172.31.33.0-255,66,227,34,239888
19984,3.9e-05,74.125.24.0-255,1484,1711,34,239888
19985,4.4e-05,172.31.33.0-255,66,1777,34,239888
19986,4.9e-05,74.125.24.0-255,2902,4679,34,239888
19987,5.2e-05,172.31.33.0-255,66,4745,34,239888
19988,5.7e-05,74.125.24.0-255,7156,11901,34,239888
19989,6e-05,172.31.33.0-255,66,11967,34,239888
19990,6.3e-05,74.125.24.0-255,2095,14062,34,239888
19991,6.6e-05,172.31.33.0-255,66,14128,34,239888
19992,0.000149,74.125.24.0-255,1484,15612,34,239888
19993,0.000154,172.31.33.0-255,66,15678,34,239888
19994,0.000158,74.125.24.0-255,2902,18580,34,239888
19995,0.000161,172.31.33.0-255,66,18646,34,239888
19996,0.000163,74.125.24.0-255,1484,20130,34,239888
19997,0.000165,172.31.33.0-255,66,20196,34,239888
19998,0.000188,74.125.24.0-255,4320,24516,34,239888
19999,0.000191,172.31.33.0-255,66,24582,34,239888
20000,0.000198,74.125.24.0-255,6797,31379,34,239888
20001,0.0002,172.31.33.0-255,66,31445,34,239888
20002,0.000203,74.125.24.0-255,1484,32929,34,239888
20003,0.000205,172.31.33.0-255,66,32995,34,239888
20004,0.00023,74.125.24.0-255,5738,38733,34,239888
20005,0.000233,172.31.33.0-255,66,38799,34,239888
20006,0.000257,74.125.24.0-255,2902,41701,34,239888
20007,0.00026,172.31.33.0-255,66,41767,34,239888
20008,0.000282,74.125.24.0-255,6797,48564,34,239888
20009,0.000288,172.31.33.0-255,66,48630,34,239888
20010,0.000721,74.125.24.0-255,1484,50114,34,239888
20011,0.000726,172.31.33.0-255,66,50180,34,239888
20012,0.000736,74.125.24.0-255,2902,53082,34,239888
20013,0.000738,172.31.33.0-255,66,53148,34,239888
20014,0.000742,74.125.24.0-255,2902,56050,34,239888
20015,0.000744,172.31.33.0-255,66,56116,34,239888
20016,0.000772,74.125.24.0-255,2902,59018,34,239888
20017,0.000777,172.31.33.0-255,66,59084,34,239888
20018,0.000782,74.125.24.0-255,4320,63404,34,239888
20019,0.000784,172.31.33.0-255,66,63470,34,239888
20020,0.00079,74.125.24.0-255,5738,69208,34,239888
20021,0.000792,172.31.33.0-255,66,69274,34,239888
20022,0.000826,74.125.24.0-255,6797,76071,34,239888
20023,0.00083,172.31.33.0-255,66,76137,34,239888
20024,0.000836,74.125.24.0-255,5738,81875,34,239888
20025,0.000839,172.31.33.0-255,66,81941,34,239888
20026,0.000873,74.125.24.0-255,7156,89097,34,239888
20027,0.000877,172.31.33.0-255,66,89163,34,239888
20028,0.000911,172.31.33.0-255,66,89229,34,239888
20029,0.000915,74.125.24.0-255,647,89876,34,239888
20030,0.001095,74.125.24.0-255,1484,91360,34,239888
20031,0.0011,74.125.24.0-255,2902,94262,34,239888
20032,0.00111,172.31.33.0-255,66,94328,34,239888
20033,0.001114,172.31.33.0-255,66,94394,34,239888
20034,0.00112,74.125.24.0-255,5738,100132,34,239888
20035,0.001122,172.31.33.0-255,66,100198,34,239888
20036,0.001161,172.31.33.0-255,66,100264,34,239888
20037,0.001174,172.31.33.0-255,66,100330,34,239888
20038,0.001218,74.125.24.0-255,1484,101814,34,239888
20039,0.001223,74.125.24.0-255,2902,104716,34,239888
20040,0.001227,172.31.33.0-255,66,104782,34,239888
20041,0.001234,74.125.24.0-255,5738,110520,34,239888
20042,0.001236,172.31.33.0-255,66,110586,34,239888
20043,0.001274,172.31.33.0-255,66,110652,34,239888
20044,0.001281,74.125.24.0-255,7156,117808,34,239888
20045,0.001283,172.31.33.0-255,66,117874,34,239888
20046,0.001335,74.125.24.0-255,3602,121476,34,239888
20047,0.001337,172.31.33.0-255,66,121542,34,239888
20048,0.001495,74.125.24.0-255,1484,123026,34,239888
20049,0.0015,74.125.24.0-255,1484,124510,34,239888
20050,0.001503,172.31.33.0-255,66,124576,34,239888
20051,0.001524,74.125.24.0-255,1484,126060,34,239888
20052,0.00153,74.125.24.0-255,5738,131798,34,239888
20053,0.001532,172.31.33.0-255,66,131864,34,239888
20054,0.001536,74.125.24.0-255,2902,134766,34,239888
20055,0.001538,172.31.33.0-255,66,134832,34,239888
20056,0.00156,172.31.33.0-255,66,134898,34,239888
20057,0.001563,74.125.24.0-255,1484,136382,34,239888
20058,0.001592,172.31.33.0-255,66,136448,34,239888
20059,0.001688,74.125.24.0-255,1484,137932,34,239888
20060,0.001693,74.125.24.0-255,2902,140834,34,239888
20061,0.001696,172.31.33.0-255,66,140900,34,239888
20062,0.0017,74.125.24.0-255,2902,143802,34,239888
20063,0.001703,172.31.33.0-255,66,143868,34,239888
20064,0.001717,74.125.24.0-255,2902,146770,34,239888
20065,0.00172,172.31.33.0-255,66,146836,34,239888
20066,0.001723,74.125.24.0-255,2902,149738,34,239888
20067,0.001725,172.31.33.0-255,66,149804,34,239888
20068,0.001748,74.125.24.0-255,7156,156960,34,239888
20069,0.00175,172.31.33.0-255,66,157026,34,239888
20070,0.001773,74.125.24.0-255,7156,164182,34,239888
20071,0.001778,172.31.33.0-255,66,164248,34,239888
20072,0.001795,74.125.24.0-255,6438,170686,34,239888
20073,0.001797,172.31.33.0-255,66,170752,34,239888
20074,0.001812,74.125.24.0-255,4320,175072,34,239888
20075,0.001816,172.31.33.0-255,66,175138,34,239888
20076,0.001838,172.31.33.0-255,66,175204,34,239888
20077,0.001852,172.31.33.0-255,66,175270,34,239888
20078,0.00187,74.125.24.0-255,1484,176754,34,239888
20079,0.001891,172.31.33.0-255,66,176820,34,239888
20080,0.002047,74.125.24.0-255,1484,178304,34,239888
20081,0.002052,74.125.24.0-255,2902,181206,34,239888
20082,0.002055,172.31.33.0-255,66,181272,34,239888
20083,0.002059,74.125.24.0-255,2902,184174,34,239888
20084,0.002061,172.31.33.0-255,66,184240,34,239888
20085,0.002073,74.125.24.0-255,2902,187142,34,239888
20086,0.002075,172.31.33.0-255,66,187208,34,239888
20087,0.002081,74.125.24.0-255,5738,192946,34,239888
20088,0.002083,172.31.33.0-255,66,193012,34,239888
20089,0.002119,172.31.33.0-255,66,193078,34,239888
20090,0.002124,74.125.24.0-255,2902,195980,34,239888
20091,0.002126,172.31.33.0-255,66,196046,34,239888
20092,0.00214,74.125.24.0-255,2184,198230,34,239888
20093,0.002142,172.31.33.0-255,66,198296,34,239888
20094,0.002215,74.125.24.0-255,1484,199780,34,239888
20095,0.00222,74.125.24.0-255,2902,202682,34,239888
20096,0.002223,172.31.33.0-255,66,202748,34,239888
20097,0.002244,74.125.24.0-255,5738,208486,34,239888
20098,0.002247,172.31.33.0-255,66,208552,34,239888
20099,0.002251,74.125.24.0-255,2902,211454,34,239888
20100,0.002253,172.31.33.0-255,66,211520,34,239888
20101,0.002277,172.31.33.0-255,66,211586,34,239888
20102,0.002283,74.125.24.0-255,5738,217324,34,239888
20103,0.002285,172.31.33.0-255,66,217390,34,239888
20104,0.002309,74.125.24.0-255,5020,222410,34,239888
20105,0.002312,172.31.33.0-255,66,222476,34,239888
20106,0.004575,74.125.24.0-255,5738,228214,34,239888
20107,0.004579,172.31.33.0-255,66,228280,34,239888
20108,0.006863,74.125.24.0-255,5738,234018,34,239888
20109,0.006871,172.31.33.0-255,66,234084,34,239888
20110,0.009152,74.125.24.0-255,5738,239822,34,239888
20111,0.009171,172.31.33.0-255,66,239888,34,239888
20112,0.0,74.125.24.0-255,153,153,34,207147
20113,2.2e-05,172.31.33.0-255,66,219,34,207147
20114,2.9e-05,74.125.24.0-255,1484,1703,34,207147
20115,3.3e-05,172.31.33.0-255,66,1769,34,207147
20116,3.7e-05,74.125.24.0-255,2902,4671,34,207147
20117,4e-05,172.31.33.0-255,66,4737,34,207147
20118,4.7e-05,74.125.24.0-255,7156,11893,34,207147
20119,5e-05,172.31.33.0-255,66,11959,34,207147
20120,0.000107,74.125.24.0-255,7156,19115,34,207147
20121,0.00011,172.31.33.0-255,66,19181,34,207147
20122,0.00013,74.125.24.0-255,3472,22653,34,207147
20123,0.000132,172.31.33.0-255,66,22719,34,207147
20124,0.000203,172.31.33.0-255,66,22785,34,207147
20125,0.000293,74.125.24.0-255,5738,28523,34,207147
20126,0.000297,172.31.33.0-255,66,28589,34,207147
20127,0.000314,74.125.24.0-255,5738,34327,34,207147
20128,0.000316,172.31.33.0-255,66,34393,34,207147
20129,0.000386,74.125.24.0-255,2543,36936,34,207147
20130,0.000389,172.31.33.0-255,66,37002,34,207147
20131,0.000426,74.125.24.0-255,1484,38486,34,207147
20132,0.000429,172.31.33.0-255,66,38552,34,207147
20133,0.000432,74.125.24.0-255,1484,40036,34,207147
20134,0.000434,172.31.33.0-255,66,40102,34,207147
20135,0.000447,74.125.24.0-255,1484,41586,34,207147
20136,0.000449,172.31.33.0-255,66,41652,34,207147
20137,0.000454,74.125.24.0-255,4320,45972,34,207147
20138,0.000456,172.31.33.0-255,66,46038,34,207147
20139,0.000467,74.125.24.0-255,1484,47522,34,207147
20140,0.000468,172.31.33.0-255,66,47588,34,207147
20141,0.000501,74.125.24.0-255,2902,50490,34,207147
20142,0.000505,172.31.33.0-255,66,50556,34,207147
20143,0.000524,74.125.24.0-255,3961,54517,34,207147
20144,0.000545,172.31.33.0-255,66,54583,34,207147
20145,0.000916,74.125.24.0-255,412,54995,34,207147
20146,0.000944,74.125.24.0-255,1484,56479,34,207147
20147,0.000948,172.31.33.0-255,66,56545,34,207147
20148,0.000952,74.125.24.0-255,1484,58029,34,207147
20149,0.000965,74.125.24.0-255,2902,60931,34,207147
20150,0.00098,172.31.33.0-255,66,60997,34,207147
20151,0.000986,74.125.24.0-255,7156,68153,34,207147
20152,0.000991,172.31.33.0-255,66,68219,34,207147
20153,0.000999,74.125.24.0-255,2902,71121,34,207147
20154,0.001017,172.31.33.0-255,66,71187,34,207147
20155,0.001068,74.125.24.0-255,5738,76925,34,207147
20156,0.001073,172.31.33.0-255,66,76991,34,207147
20157,0.001104,172.31.33.0-255,66,77057,34,207147
20158,0.001218,74.125.24.0-255,2184,79241,34,207147
20159,0.001222,172.31.33.0-255,66,79307,34,207147
20160,0.00124,172.31.33.0-255,66,79373,34,207147
20161,0.001257,172.31.33.0-255,66,79439,34,207147
20162,0.001403,74.125.24.0-255,5738,85177,34,207147
20163,0.001407,172.31.33.0-255,66,85243,34,207147
20164,0.001429,172.31.33.0-255,66,85309,34,207147
20165,0.00156,74.125.24.0-255,1484,86793,34,207147
20166,0.001574,74.125.24.0-255,2902,89695,34,207147
20167,0.001577,172.31.33.0-255,66,89761,34,207147
20168,0.001598,74.125.24.0-255,5738,95499,34,207147
20169,0.001615,172.31.33.0-255,66,95565,34,207147
20170,0.001645,74.125.24.0-255,2902,98467,34,207147
20171,0.001659,74.125.24.0-255,4320,102787,34,207147
20172,0.001664,172.31.33.0-255,66,102853,34,207147
20173,0.001702,74.125.24.0-255,5738,108591,34,207147
20174,0.001729,172.31.33.0-255,66,108657,34,207147
20175,0.001749,74.125.24.0-255,1484,110141,34,207147
20176,0.001778,172.31.33.0-255,66,110207,34,207147
20177,0.001845,74.125.24.0-255,1484,111691,34,207147
20178,0.001852,74.125.24.0-255,2902,114593,34,207147
20179,0.001873,172.31.33.0-255,66,114659,34,207147
20180,0.001895,74.125.24.0-255,5738,120397,34,207147
20181,0.001921,172.31.33.0-255,66,120463,34,207147
20182,0.001931,74.125.24.0-255,2902,123365,34,207147
20183,0.001938,172.31.33.0-255,66,123431,34,207147
20184,0.001989,172.31.33.0-255,66,123497,34,207147
20185,0.002044,74.125.24.0-255,5738,129235,34,207147
20186,0.00205,172.31.33.0-255,66,129301,34,207147
20187,0.002068,74.125.24.0-255,1484,130785,34,207147
20188,0.002107,74.125.24.0-255,3602,134387,34,207147
20189,0.002119,172.31.33.0-255,66,134453,34,207147
20190,0.002123,74.125.24.0-255,1484,135937,34,207147
20191,0.002156,74.125.24.0-255,7156,143093,34,207147
20192,0.002186,172.31.33.0-255,66,143159,34,207147
20193,0.002272,74.125.24.0-255,4320,147479,34,207147
20194,0.002278,172.31.33.0-255,66,147545,34,207147
20195,0.002284,172.31.33.0-255,66,147611,34,207147
20196,0.002383,172.31.33.0-255,66,147677,34,207147
20197,0.002424,74.125.24.0-255,7156,154833,34,207147
20198,0.002435,172.31.33.0-255,66,154899,34,207147
20199,0.002482,172.31.33.0-255,66,154965,34,207147
20200,0.002668,74.125.24.0-255,4320,159285,34,207147
20201,0.002682,172.31.33.0-255,66,159351,34,207147
20202,0.002686,74.125.24.0-255,2184,161535,34,207147
20203,0.002691,172.31.33.0-255,66,161601,34,207147
20204,0.002718,74.125.24.0-255,1484,163085,34,207147
20205,0.002746,172.31.33.0-255,66,163151,34,207147
20206,0.002792,74.125.24.0-255,5738,168889,34,207147
20207,0.002825,74.125.24.0-255,3602,172491,34,207147
20208,0.002836,172.31.33.0-255,66,172557,34,207147
20209,0.002953,74.125.24.0-255,5738,178295,34,207147
20210,0.002957,172.31.33.0-255,66,178361,34,207147
20211,0.00302,172.31.33.0-255,66,178427,34,207147
20212,0.00319,172.31.33.0-255,66,178493,34,207147
20213,0.003245,74.125.24.0-255,4320,182813,34,207147
20214,0.00325,172.31.33.0-255,66,182879,34,207147
20215,0.003261,74.125.24.0-255,4320,187199,34,207147
20216,0.003281,172.31.33.0-255,66,187265,34,207147
20217,0.003308,74.125.24.0-255,4320,191585,34,207147
20218,0.003334,172.31.33.0-255,66,191651,34,207147
20219,0.003454,74.125.24.0-255,2902,194553,34,207147
20220,0.003457,172.31.33.0-255,66,194619,34,207147
20221,0.003462,172.31.33.0-255,66,194685,34,207147
20222,0.003516,74.125.24.0-255,5738,200423,34,207147
20223,0.003526,172.31.33.0-255,66,200489,34,207147
20224,0.003536,74.125.24.0-255,6250,206739,34,207147
20225,0.003545,172.31.33.0-255,66,206805,34,207147
20226,0.003562,74.125.24.0-255,105,206910,34,207147
20227,0.004645,172.31.33.0-255,66,206976,34,207147
20228,0.00468,172.31.33.0-255,105,207081,34,207147
20229,0.00699,74.125.24.0-255,66,207147,34,207147
20230,0.0,74.125.130.0-255,213,213,34,287492
20231,2.5e-05,172.31.33.0-255,66,279,34,287492
20232,3.1e-05,74.125.130.0-255,1484,1763,34,287492
20233,3.6e-05,172.31.33.0-255,66,1829,34,287492
20234,4.1e-05,74.125.130.0-255,4320,6149,34,287492
20235,5e-05,172.31.33.0-255,66,6215,34,287492
20236,5.7e-05,74.125.130.0-255,7156,13371,34,287492
20237,6e-05,172.31.33.0-255,66,13437,34,287492
20238,0.0001,172.31.33.0-255,66,13503,34,287492
20239,0.000106,74.125.130.0-255,7156,20659,34,287492
20240,0.000108,172.31.33.0-255,66,20725,34,287492
20241,0.000181,172.31.33.0-255,66,20791,34,287492
20242,0.000199,172.31.33.0-255,66,20857,34,287492
20243,0.000244,74.125.130.0-255,1484,22341,34,287492
20244,0.000246,172.31.33.0-255,66,22407,34,287492
20245,0.00025,74.125.130.0-255,2902,25309,34,287492
20246,0.000252,172.31.33.0-255,66,25375,34,287492
20247,0.000274,74.125.130.0-255,1484,26859,34,287492
20248,0.000277,172.31.33.0-255,66,26925,34,287492
20249,0.000281,74.125.130.0-255,2902,29827,34,287492
20250,0.000283,172.31.33.0-255,66,29893,34,287492
20251,0.000296,74.125.130.0-255,5738,35631,34,287492
20252,0.000299,172.31.33.0-255,66,35697,34,287492
20253,0.000327,74.125.130.0-255,1484,37181,34,287492
20254,0.00033,172.31.33.0-255,66,37247,34,287492
20255,0.000361,74.125.130.0-255,7156,44403,34,287492
20256,0.000365,172.31.33.0-255,66,44469,34,287492
20257,0.000395,74.125.130.0-255,5379,49848,34,287492
20258,0.000398,172.31.33.0-255,66,49914,34,287492
20259,0.000405,74.125.130.0-255,5959,55873,34,287492
20260,0.000409,172.31.33.0-255,66,55939,34,287492
20261,0.000544,74.125.130.0-255,1484,57423,34,287492
20262,0.00055,74.125.130.0-255,2902,60325,34,287492
20263,0.000553,172.31.33.0-255,66,60391,34,287492
20264,0.000557,74.125.130.0-255,1484,61875,34,287492
20265,0.000584,74.125.130.0-255,4320,66195,34,287492
20266,0.000587,172.31.33.0-255,66,66261,34,287492
20267,0.000615,74.125.130.0-255,6248,72509,34,287492
20268,0.000618,172.31.33.0-255,66,72575,34,287492
20269,0.000677,74.125.130.0-255,1484,74059,34,287492
20270,0.000694,74.125.130.0-255,1484,75543,34,287492
20271,0.000697,172.31.33.0-255,66,75609,34,287492
20272,0.000725,74.125.130.0-255,1484,77093,34,287492
20273,0.000729,74.125.130.0-255,1484,78577,34,287492
20274,0.000731,172.31.33.0-255,66,78643,34,287492
20275,0.000735,74.125.130.0-255,2902,81545,34,287492
20276,0.000737,172.31.33.0-255,66,81611,34,287492
20277,0.000742,74.125.130.0-255,5738,87349,34,287492
20278,0.00075,172.31.33.0-255,66,87415,34,287492
20279,0.000763,172.31.33.0-255,66,87481,34,287492
20280,0.000767,74.125.130.0-255,4320,91801,34,287492
20281,0.00077,172.31.33.0-255,66,91867,34,287492
20282,0.000792,74.125.130.0-255,2184,94051,34,287492
20283,0.0008,172.31.33.0-255,66,94117,34,287492
20284,0.00082,74.125.130.0-255,1484,95601,34,287492
20285,0.000826,74.125.130.0-255,2902,98503,34,287492
20286,0.000828,172.31.33.0-255,66,98569,34,287492
20287,0.000835,74.125.130.0-255,5738,104307,34,287492
20288,0.000837,172.31.33.0-255,66,104373,34,287492
20289,0.000877,172.31.33.0-255,66,104439,34,287492
20290,0.000909,74.125.130.0-255,2902,107341,34,287492
20291,0.000914,172.31.33.0-255,66,107407,34,287492
20292,0.000921,172.31.33.0-255,66,107473,34,287492
20293,0.001039,74.125.130.0-255,1484,108957,34,287492
20294,0.001044,74.125.130.0-255,2902,111859,34,287492
20295,0.001048,172.31.33.0-255,66,111925,34,287492
20296,0.001052,74.125.130.0-255,1484,113409,34,287492
20297,0.001073,74.125.130.0-255,1484,114893,34,287492
20298,0.001076,172.31.33.0-255,66,114959,34,287492
20299,0.001081,74.125.130.0-255,4320,119279,34,287492
20300,0.001083,172.31.33.0-255,66,119345,34,287492
20301,0.0011,172.31.33.0-255,66,119411,34,287492
20302,0.001103,74.125.130.0-255,1484,120895,34,287492
20303,0.001141,74.125.130.0-255,7156,128051,34,287492
20304,0.001146,172.31.33.0-255,66,128117,34,287492
20305,0.001168,74.125.130.0-255,5020,133137,34,287492
20306,0.001172,172.31.33.0-255,66,133203,34,287492
20307,0.0015,74.125.130.0-255,1484,134687,34,287492
20308,0.001516,74.125.130.0-255,2902,137589,34,287492
20309,0.00152,172.31.33.0-255,66,137655,34,287492
20310,0.001526,74.125.130.0-255,5738,143393,34,287492
20311,0.001529,172.31.33.0-255,66,143459,34,287492
20312,0.001603,172.31.33.0-255,66,143525,34,287492
20313,0.001618,172.31.33.0-255,66,143591,34,287492
20314,0.001666,74.125.130.0-255,1484,145075,34,287492
20315,0.001683,74.125.130.0-255,2902,147977,34,287492
20316,0.001686,172.31.33.0-255,66,148043,34,287492
20317,0.001691,74.125.130.0-255,4320,152363,34,287492
20318,0.001693,172.31.33.0-255,66,152429,34,287492
20319,0.001708,74.125.130.0-255,1484,153913,34,287492
20320,0.001714,74.125.130.0-255,5738,159651,34,287492
20321,0.001716,172.31.33.0-255,66,159717,34,287492
20322,0.001745,74.125.130.0-255,7156,166873,34,287492
20323,0.001748,172.31.33.0-255,66,166939,34,287492
20324,0.001782,172.31.33.0-255,66,167005,34,287492
20325,0.001893,74.125.130.0-255,1484,168489,34,287492
20326,0.001897,74.125.130.0-255,1484,169973,34,287492
20327,0.001899,172.31.33.0-255,66,170039,34,287492
20328,0.001924,74.125.130.0-255,1484,171523,34,287492
20329,0.001928,74.125.130.0-255,2902,174425,34,287492
20330,0.00193,172.31.33.0-255,66,174491,34,287492
20331,0.001935,74.125.130.0-255,4320,178811,34,287492
20332,0.001936,172.31.33.0-255,66,178877,34,287492
20333,0.001941,74.125.130.0-255,4320,183197,34,287492
20334,0.001942,172.31.33.0-255,66,183263,34,287492
20335,0.00197,74.125.130.0-255,4320,187583,34,287492
20336,0.001973,172.31.33.0-255,66,187649,34,287492
20337,0.001981,172.31.33.0-255,66,187715,34,287492
20338,0.002002,74.125.130.0-255,5020,192735,34,287492
20339,0.00201,172.31.33.0-255,66,192801,34,287492
20340,0.002012,74.125.130.0-255,1484,194285,34,287492
20341,0.002034,74.125.130.0-255,1484,195769,34,287492
20342,0.002036,172.31.33.0-255,66,195835,34,287492
20343,0.002039,74.125.130.0-255,1484,197319,34,287492
20344,0.002065,74.125.130.0-255,2902,200221,34,287492
20345,0.002068,172.31.33.0-255,66,200287,34,287492
20346,0.002071,74.125.130.0-255,1484,201771,34,287492
20347,0.002076,74.125.130.0-255,4320,206091,34,287492
20348,0.002078,172.31.33.0-255,66,206157,34,287492
20349,0.002088,74.125.130.0-255,5738,211895,34,287492
20350,0.002091,172.31.33.0-255,66,211961,34,287492
20351,0.002096,74.125.130.0-255,4320,216281,34,287492
20352,0.002099,172.31.33.0-255,66,216347,34,287492
20353,0.002123,74.125.130.0-255,1484,217831,34,287492
20354,0.002147,74.125.130.0-255,7156,224987,34,287492
20355,0.002151,172.31.33.0-255,66,225053,34,287492
20356,0.002154,74.125.130.0-255,2184,227237,34,287492
20357,0.002156,172.31.33.0-255,66,227303,34,287492
20358,0.002215,74.125.130.0-255,1484,228787,34,287492
20359,0.00223,74.125.130.0-255,2902,231689,34,287492
20360,0.002233,172.31.33.0-255,66,231755,34,287492
20361,0.002236,74.125.130.0-255,1484,233239,34,287492
20362,0.00226,74.125.130.0-255,4320,237559,34,287492
20363,0.002263,172.31.33.0-255,66,237625,34,287492
20364,0.002265,74.125.130.0-255,1484,239109,34,287492
20365,0.00227,74.125.130.0-255,4320,243429,34,287492
20366,0.002272,172.31.33.0-255,66,243495,34,287492
20367,0.002292,74.125.130.0-255,2902,246397,34,287492
20368,0.002295,172.31.33.0-255,66,246463,34,287492
20369,0.002298,74.125.130.0-255,1484,247947,34,287492
20370,0.002324,74.125.130.0-255,2902,250849,34,287492
20371,0.002327,172.31.33.0-255,66,250915,34,287492
20372,0.002333,74.125.130.0-255,7156,258071,34,287492
20373,0.002335,172.31.33.0-255,66,258137,34,287492
20374,0.002344,74.125.130.0-255,3602,261739,34,287492
20375,0.002346,172.31.33.0-255,66,261805,34,287492
20376,0.002802,74.125.130.0-255,1484,263289,34,287492
20377,0.002806,74.125.130.0-255,1484,264773,34,287492
20378,0.002809,172.31.33.0-255,66,264839,34,287492
20379,0.00282,74.125.130.0-255,1484,266323,34,287492
20380,0.002835,74.125.130.0-255,2902,269225,34,287492
20381,0.002877,172.31.33.0-255,66,269291,34,287492
20382,0.00288,74.125.130.0-255,1484,270775,34,287492
20383,0.002885,74.125.130.0-255,5738,276513,34,287492
20384,0.002887,172.31.33.0-255,66,276579,34,287492
20385,0.002896,74.125.130.0-255,5738,282317,34,287492
20386,0.002898,172.31.33.0-255,66,282383,34,287492
20387,0.002928,74.125.130.0-255,4809,287192,34,287492
20388,0.002937,172.31.33.0-255,66,287258,34,287492
20389,0.002999,74.125.130.0-255,105,287363,34,287492
20390,0.003083,74.125.130.0-255,129,287492,34,287492
20391,0.0,172.31.33.0-255,105,105,34,342
20392,0.002085,74.125.130.0-255,66,171,34,342
20393,0.002126,74.125.130.0-255,105,276,34,342
20394,0.002131,172.31.33.0-255,66,342,34,342
20395,0.0,172.217.194.0-255,146,146,34,94491
20396,2.1e-05,172.31.33.0-255,66,212,34,94491
20397,2.7e-05,172.217.194.0-255,1484,1696,34,94491
20398,3e-05,172.31.33.0-255,66,1762,34,94491
20399,3.5e-05,172.217.194.0-255,2902,4664,34,94491
20400,3.7e-05,172.31.33.0-255,66,4730,34,94491
20401,7.1e-05,172.217.194.0-255,5738,10468,34,94491
20402,7.4e-05,172.31.33.0-255,66,10534,34,94491
20403,0.0002,172.217.194.0-255,7156,17690,34,94491
20404,0.000205,172.31.33.0-255,66,17756,34,94491
20405,0.000229,172.217.194.0-255,6258,24014,34,94491
20406,0.000233,172.31.33.0-255,66,24080,34,94491
20407,0.000363,172.217.194.0-255,2902,26982,34,94491
20408,0.000366,172.31.33.0-255,66,27048,34,94491
20409,0.000393,172.217.194.0-255,3961,31009,34,94491
20410,0.000397,172.31.33.0-255,66,31075,34,94491
20411,0.000468,172.217.194.0-255,7156,38231,34,94491
20412,0.000472,172.31.33.0-255,66,38297,34,94491
20413,0.000499,172.31.33.0-255,66,38363,34,94491
20414,0.000812,172.217.194.0-255,4320,42683,34,94491
20415,0.000817,172.31.33.0-255,66,42749,34,94491
20416,0.000848,172.217.194.0-255,7117,49866,34,94491
20417,0.000851,172.31.33.0-255,66,49932,34,94491
20418,0.000983,172.217.194.0-255,5738,55670,34,94491
20419,0.000987,172.31.33.0-255,66,55736,34,94491
20420,0.001042,172.31.33.0-255,66,55802,34,94491
20421,0.001548,172.31.33.0-255,66,55868,34,94491
20422,0.001588,172.31.33.0-255,66,55934,34,94491
20423,0.001892,172.217.194.0-255,5738,61672,34,94491
20424,0.001894,172.31.33.0-255,66,61738,34,94491
20425,0.001928,172.31.33.0-255,66,61804,34,94491
20426,0.002515,172.217.194.0-255,7156,68960,34,94491
20427,0.002536,172.31.33.0-255,66,69026,34,94491
20428,0.002572,172.31.33.0-255,66,69092,34,94491
20429,0.003033,172.217.194.0-255,7156,76248,34,94491
20430,0.003037,172.31.33.0-255,66,76314,34,94491
20431,0.00309,172.31.33.0-255,66,76380,34,94491
20432,0.003131,172.31.33.0-255,66,76446,34,94491
20433,0.004008,172.217.194.0-255,2902,79348,34,94491
20434,0.004013,172.31.33.0-255,66,79414,34,94491
20435,0.004054,172.31.33.0-255,66,79480,34,94491
20436,0.004201,172.217.194.0-255,4320,83800,34,94491
20437,0.004205,172.31.33.0-255,66,83866,34,94491
20438,0.004265,172.217.194.0-255,2902,86768,34,94491
20439,0.004269,172.31.33.0-255,66,86834,34,94491
20440,0.004315,172.31.33.0-255,66,86900,34,94491
20441,0.004363,172.31.33.0-255,66,86966,34,94491
20442,0.005236,172.217.194.0-255,1484,88450,34,94491
20443,0.005266,172.217.194.0-255,5738,94188,34,94491
20444,0.005269,172.31.33.0-255,66,94254,34,94491
20445,0.006535,172.31.33.0-255,66,94320,34,94491
20446,0.007417,172.31.33.0-255,105,94425,34,94491
20447,0.009502,172.217.194.0-255,66,94491,34,94491
20448,0.0,172.31.33.0-255,105,105,34,342
20449,0.002312,172.217.194.0-255,66,171,34,342
20450,0.002337,172.217.194.0-255,105,276,34,342
20451,0.002339,172.31.33.0-255,66,342,34,342
20452,0.0,172.31.33.0-255,105,105,34,276
20453,0.002035,157.240.7.0-255,105,210,34,276
20454,0.002047,172.31.33.0-255,66,276,34,276
20455,0.0,172.217.194.0-255,150,150,34,152344
20456,2.6e-05,172.31.33.0-255,66,216,34,152344
20457,3.2e-05,172.217.194.0-255,1484,1700,34,152344
20458,3.6e-05,172.31.33.0-255,66,1766,34,152344
20459,5e-05,172.217.194.0-255,2902,4668,34,152344
20460,5.4e-05,172.31.33.0-255,66,4734,34,152344
20461,6.1e-05,172.217.194.0-255,7156,11890,34,152344
20462,6.4e-05,172.31.33.0-255,66,11956,34,152344
20463,9.4e-05,172.217.194.0-255,2088,14044,34,152344
20464,9.8e-05,172.31.33.0-255,66,14110,34,152344
20465,0.000134,172.217.194.0-255,2902,17012,34,152344
20466,0.000137,172.31.33.0-255,66,17078,34,152344
20467,0.000142,172.217.194.0-255,2902,19980,34,152344
20468,0.000144,172.31.33.0-255,66,20046,34,152344
20469,0.000173,172.217.194.0-255,1484,21530,34,152344
20470,0.000176,172.31.33.0-255,66,21596,34,152344
20471,0.000192,172.31.33.0-255,66,21662,34,152344
20472,0.000198,172.217.194.0-255,4320,25982,34,152344
20473,0.0002,172.31.33.0-255,66,26048,34,152344
20474,0.000244,172.31.33.0-255,66,26114,34,152344
20475,0.000261,172.31.33.0-255,66,26180,34,152344
20476,0.000264,172.217.194.0-255,1061,27241,34,152344
20477,0.000268,172.217.194.0-255,383,27624,34,152344
20478,0.000272,172.31.33.0-255,66,27690,34,152344
20479,0.000274,172.31.33.0-255,66,27756,34,152344
20480,0.000431,172.217.194.0-255,1484,29240,34,152344
20481,0.000435,172.31.33.0-255,66,29306,34,152344
20482,0.000439,172.217.194.0-255,2902,32208,34,152344
20483,0.000441,172.31.33.0-255,66,32274,34,152344
20484,0.000476,172.217.194.0-255,5738,38012,34,152344
20485,0.000479,172.31.33.0-255,66,38078,34,152344
20486,0.000499,172.31.33.0-255,66,38144,34,152344
20487,0.000511,172.31.33.0-255,66,38210,34,152344
20488,0.000735,172.217.194.0-255,1484,39694,34,152344
20489,0.000741,172.217.194.0-255,2902,42596,34,152344
20490,0.000743,172.217.194.0-255,1484,44080,34,152344
20491,0.000746,172.31.33.0-255,66,44146,34,152344
20492,0.000765,172.217.194.0-255,4320,48466,34,152344
20493,0.000768,172.31.33.0-255,66,48532,34,152344
20494,0.000807,172.31.33.0-255,66,48598,34,152344
20495,0.000814,172.217.194.0-255,7156,55754,34,152344
20496,0.000816,172.31.33.0-255,66,55820,34,152344
20497,0.000835,172.217.194.0-255,3602,59422,34,152344
20498,0.000842,172.31.33.0-255,66,59488,34,152344
20499,0.002459,172.217.194.0-255,1484,60972,34,152344
20500,0.002468,172.217.194.0-255,2902,63874,34,152344
20501,0.002471,172.31.33.0-255,66,63940,34,152344
20502,0.002477,172.217.194.0-255,4320,68260,34,152344
20503,0.002479,172.31.33.0-255,66,68326,34,152344
20504,0.002498,172.217.194.0-255,1484,69810,34,152344
20505,0.0025,172.217.194.0-255,1484,71294,34,152344
20506,0.002502,172.31.33.0-255,66,71360,34,152344
20507,0.00252,172.217.194.0-255,5738,77098,34,152344
20508,0.002521,172.31.33.0-255,66,77164,34,152344
20509,0.002556,172.31.33.0-255,66,77230,34,152344
20510,0.002562,172.217.194.0-255,6438,83668,34,152344
20511,0.002563,172.31.33.0-255,66,83734,34,152344
20512,0.003034,172.217.194.0-255,1484,85218,34,152344
20513,0.003044,172.217.194.0-255,1484,86702,34,152344
20514,0.003046,172.31.33.0-255,66,86768,34,152344
20515,0.003058,172.217.194.0-255,1484,88252,34,152344
20516,0.003066,172.217.194.0-255,5738,93990,34,152344
20517,0.003068,172.31.33.0-255,66,94056,34,152344
20518,0.003095,172.31.33.0-255,66,94122,34,152344
20519,0.003122,172.217.194.0-255,1484,95606,34,152344
20520,0.003131,172.31.33.0-255,66,95672,34,152344
20521,0.003158,172.31.33.0-255,66,95738,34,152344
20522,0.003188,172.31.33.0-255,66,95804,34,152344
20523,0.003196,172.31.33.0-255,66,95870,34,152344
20524,0.003202,172.217.194.0-255,5738,101608,34,152344
20525,0.003207,172.31.33.0-255,66,101674,34,152344
20526,0.003242,172.31.33.0-255,66,101740,34,152344
20527,0.003258,172.31.33.0-255,66,101806,34,152344
20528,0.003268,172.31.33.0-255,66,101872,34,152344
20529,0.00327,172.217.194.0-255,1484,103356,34,152344
20530,0.003275,172.217.194.0-255,4320,107676,34,152344
20531,0.003278,172.31.33.0-255,66,107742,34,152344
20532,0.003282,172.217.194.0-255,4320,112062,34,152344
20533,0.003296,172.31.33.0-255,66,112128,34,152344
20534,0.003297,172.31.33.0-255,66,112194,34,152344
20535,0.00332,172.217.194.0-255,4320,116514,34,152344
20536,0.003321,172.31.33.0-255,66,116580,34,152344
20537,0.003357,172.31.33.0-255,66,116646,34,152344
20538,0.003415,172.31.33.0-255,66,116712,34,152344
20539,0.003442,172.217.194.0-255,4320,121032,34,152344
20540,0.003444,172.31.33.0-255,66,121098,34,152344
20541,0.003452,172.31.33.0-255,66,121164,34,152344
20542,0.003458,172.217.194.0-255,1484,122648,34,152344
20543,0.003488,172.31.33.0-255,66,122714,34,152344
20544,0.003503,172.31.33.0-255,66,122780,34,152344
20545,0.003533,172.31.33.0-255,66,122846,34,152344
20546,0.003558,172.217.194.0-255,2184,125030,34,152344
20547,0.00356,172.31.33.0-255,66,125096,34,152344
20548,0.003888,172.217.194.0-255,1484,126580,34,152344
20549,0.003891,172.217.194.0-255,1484,128064,34,152344
20550,0.003893,172.31.33.0-255,66,128130,34,152344
20551,0.003915,172.217.194.0-255,1484,129614,34,152344
20552,0.003921,172.217.194.0-255,5738,135352,34,152344
20553,0.003923,172.31.33.0-255,66,135418,34,152344
20554,0.003929,172.217.194.0-255,5738,141156,34,152344
20555,0.003931,172.31.33.0-255,66,141222,34,152344
20556,0.003977,172.217.194.0-255,4320,145542,34,152344
20557,0.00398,172.31.33.0-255,66,145608,34,152344
20558,0.004007,172.217.194.0-255,6565,152173,34,152344
20559,0.00401,172.31.33.0-255,66,152239,34,152344
20560,0.004012,172.217.194.0-255,105,152344,34,152344
20561,0.0,172.217.194.0-255,153,153,34,179754
20562,2.9e-05,172.31.33.0-255,66,219,34,179754
20563,3.6e-05,172.217.194.0-255,1484,1703,34,179754
20564,4e-05,172.31.33.0-255,66,1769,34,179754
20565,4.4e-05,172.217.194.0-255,2902,4671,34,179754
20566,4.6e-05,172.31.33.0-255,66,4737,34,179754
20567,5.7e-05,172.217.194.0-255,4320,9057,34,179754
20568,5.9e-05,172.31.33.0-255,66,9123,34,179754
20569,6.2e-05,172.217.194.0-255,2902,12025,34,179754
20570,6.5e-05,172.31.33.0-255,66,12091,34,179754
20571,9.1e-05,172.217.194.0-255,6361,18452,34,179754
20572,9.5e-05,172.31.33.0-255,66,18518,34,179754
20573,0.0001,172.217.194.0-255,5738,24256,34,179754
20574,0.000102,172.31.33.0-255,66,24322,34,179754
20575,0.000136,172.217.194.0-255,6797,31119,34,179754
20576,0.00014,172.31.33.0-255,66,31185,34,179754
20577,0.000149,172.31.33.0-255,66,31251,34,179754
20578,0.000175,172.217.194.0-255,2902,34153,34,179754
20579,0.000177,172.31.33.0-255,66,34219,34,179754
20580,0.000182,172.217.194.0-255,3961,38180,34,179754
20581,0.000183,172.31.33.0-255,66,38246,34,179754
20582,0.000233,172.217.194.0-255,1484,39730,34,179754
20583,0.000236,172.31.33.0-255,66,39796,34,179754
20584,0.000258,172.217.194.0-255,2902,42698,34,179754
20585,0.000261,172.31.33.0-255,66,42764,34,179754
20586,0.000266,172.217.194.0-255,5738,48502,34,179754
20587,0.000268,172.31.33.0-255,66,48568,34,179754
20588,0.000302,172.217.194.0-255,4320,52888,34,179754
20589,0.000305,172.31.33.0-255,66,52954,34,179754
20590,0.000331,172.217.194.0-255,3124,56078,34,179754
20591,0.000334,172.31.33.0-255,66,56144,34,179754
20592,0.000455,172.217.194.0-255,1484,57628,34,179754
20593,0.00046,172.217.194.0-255,1484,59112,34,179754
20594,0.000462,172.31.33.0-255,66,59178,34,179754
20595,0.00049,172.217.194.0-255,1484,60662,34,179754
20596,0.000498,172.217.194.0-255,5738,66400,34,179754
20597,0.0005,172.31.33.0-255,66,66466,34,179754
20598,0.000512,172.31.33.0-255,66,66532,34,179754
20599,0.000543,172.217.194.0-255,2902,69434,34,179754
20600,0.000545,172.31.33.0-255,66,69500,34,179754
20601,0.000577,172.217.194.0-255,7156,76656,34,179754
20602,0.00058,172.31.33.0-255,66,76722,34,179754
20603,0.000583,172.217.194.0-255,766,77488,34,179754
20604,0.000765,172.217.194.0-255,1484,78972,34,179754
20605,0.000771,172.31.33.0-255,66,79038,34,179754
20606,0.00078,172.217.194.0-255,2902,81940,34,179754
20607,0.000782,172.31.33.0-255,66,82006,34,179754
20608,0.000788,172.217.194.0-255,4320,86326,34,179754
20609,0.000794,172.31.33.0-255,66,86392,34,179754
20610,0.000826,172.217.194.0-255,1484,87876,34,179754
20611,0.000839,172.31.33.0-255,66,87942,34,179754
20612,0.000849,172.31.33.0-255,66,88008,34,179754
20613,0.000851,172.217.194.0-255,766,88774,34,179754
20614,0.000885,172.217.194.0-255,1484,90258,34,179754
20615,0.000888,172.31.33.0-255,66,90324,34,179754
20616,0.000909,172.217.194.0-255,4320,94644,34,179754
20617,0.000912,172.31.33.0-255,66,94710,34,179754
20618,0.000918,172.217.194.0-255,5738,100448,34,179754
20619,0.00092,172.31.33.0-255,66,100514,34,179754
20620,0.000942,172.217.194.0-255,4320,104834,34,179754
20621,0.000944,172.31.33.0-255,66,104900,34,179754
20622,0.000947,172.217.194.0-255,1484,106384,34,179754
20623,0.000963,172.31.33.0-255,66,106450,34,179754
20624,0.000994,172.217.194.0-255,3602,110052,34,179754
20625,0.001,172.31.33.0-255,66,110118,34,179754
20626,0.001111,172.217.194.0-255,1484,111602,34,179754
20627,0.001115,172.217.194.0-255,1484,113086,34,179754
20628,0.001118,172.31.33.0-255,66,113152,34,179754
20629,0.001149,172.217.194.0-255,1484,114636,34,179754
20630,0.001155,172.217.194.0-255,5738,120374,34,179754
20631,0.001158,172.31.33.0-255,66,120440,34,179754
20632,0.001172,172.31.33.0-255,66,120506,34,179754
20633,0.001217,172.31.33.0-255,66,120572,34,179754
20634,0.001475,172.217.194.0-255,1484,122056,34,179754
20635,0.00148,172.217.194.0-255,1484,123540,34,179754
20636,0.001484,172.31.33.0-255,66,123606,34,179754
20637,0.00149,172.217.194.0-255,1484,125090,34,179754
20638,0.001496,172.217.194.0-255,5738,130828,34,179754
20639,0.001504,172.31.33.0-255,66,130894,34,179754
20640,0.001549,172.31.33.0-255,66,130960,34,179754
20641,0.001565,172.31.33.0-255,66,131026,34,179754
20642,0.001583,172.217.194.0-255,766,131792,34,179754
20643,0.001794,172.217.194.0-255,1484,133276,34,179754
20644,0.001799,172.31.33.0-255,66,133342,34,179754
20645,0.001804,172.217.194.0-255,2902,136244,34,179754
20646,0.001807,172.31.33.0-255,66,136310,34,179754
20647,0.00181,172.217.194.0-255,1484,137794,34,179754
20648,0.00184,172.217.194.0-255,4320,142114,34,179754
20649,0.001843,172.31.33.0-255,66,142180,34,179754
20650,0.001868,172.31.33.0-255,66,142246,34,179754
20651,0.001906,172.31.33.0-255,66,142312,34,179754
20652,0.001924,172.217.194.0-255,766,143078,34,179754
20653,0.002114,172.217.194.0-255,1484,144562,34,179754
20654,0.002119,172.31.33.0-255,66,144628,34,179754
20655,0.002124,172.217.194.0-255,2902,147530,34,179754
20656,0.002126,172.31.33.0-255,66,147596,34,179754
20657,0.002169,172.217.194.0-255,1484,149080,34,179754
20658,0.002193,172.217.194.0-255,4320,153400,34,179754
20659,0.002197,172.31.33.0-255,66,153466,34,179754
20660,0.002206,172.217.194.0-255,7156,160622,34,179754
20661,0.002209,172.31.33.0-255,66,160688,34,179754
20662,0.00222,172.31.33.0-255,66,160754,34,179754
20663,0.002233,172.31.33.0-255,66,160820,34,179754
20664,0.002249,172.31.33.0-255,66,160886,34,179754
20665,0.002283,172.217.194.0-255,4320,165206,34,179754
20666,0.002288,172.31.33.0-255,66,165272,34,179754
20667,0.002292,172.31.33.0-255,66,165338,34,179754
20668,0.002299,172.217.194.0-255,7156,172494,34,179754
20669,0.002303,172.31.33.0-255,66,172560,34,179754
20670,0.002355,172.31.33.0-255,66,172626,34,179754
20671,0.002367,172.31.33.0-255,66,172692,34,179754
20672,0.00238,172.31.33.0-255,66,172758,34,179754
20673,0.002406,172.217.194.0-255,6588,179346,34,179754
20674,0.00241,172.31.33.0-255,66,179412,34,179754
20675,0.002435,172.217.194.0-255,105,179517,34,179754
20676,0.003178,172.31.33.0-255,66,179583,34,179754
20677,0.003205,172.31.33.0-255,105,179688,34,179754
20678,0.00573,172.217.194.0-255,66,179754,34,179754
20679,0.0,172.217.194.0-255,154,154,34,219220
20680,2.1e-05,172.31.33.0-255,66,220,34,219220
20681,2.8e-05,172.217.194.0-255,1484,1704,34,219220
20682,3.2e-05,172.31.33.0-255,66,1770,34,219220
20683,4e-05,172.217.194.0-255,2902,4672,34,219220
20684,4.3e-05,172.31.33.0-255,66,4738,34,219220
20685,5e-05,172.217.194.0-255,7156,11894,34,219220
20686,5.3e-05,172.31.33.0-255,66,11960,34,219220
20687,5.7e-05,172.217.194.0-255,2165,14125,34,219220
20688,5.9e-05,172.31.33.0-255,66,14191,34,219220
20689,0.000523,172.217.194.0-255,1484,15675,34,219220
20690,0.000531,172.31.33.0-255,66,15741,34,219220
20691,0.000539,172.217.194.0-255,2902,18643,34,219220
20692,0.000542,172.31.33.0-255,66,18709,34,219220
20693,0.00055,172.217.194.0-255,5738,24447,34,219220
20694,0.000552,172.31.33.0-255,66,24513,34,219220
20695,0.000589,172.31.33.0-255,66,24579,34,219220
20696,0.000625,172.217.194.0-255,4320,28899,34,219220
20697,0.000628,172.31.33.0-255,66,28965,34,219220
20698,0.000656,172.217.194.0-255,7156,36121,34,219220
20699,0.00066,172.31.33.0-255,66,36187,34,219220
20700,0.000675,172.31.33.0-255,66,36253,34,219220
20701,0.001063,172.217.194.0-255,115,36368,34,219220
20702,0.00107,172.31.33.0-255,66,36434,34,219220
20703,0.001436,172.217.194.0-255,1484,37918,34,219220
20704,0.001443,172.31.33.0-255,66,37984,34,219220
20705,0.00145,172.217.194.0-255,2902,40886,34,219220
20706,0.001452,172.31.33.0-255,66,40952,34,219220
20707,0.001459,172.217.194.0-255,5738,46690,34,219220
20708,0.001462,172.31.33.0-255,66,46756,34,219220
20709,0.001465,172.217.194.0-255,1484,48240,34,219220
20710,0.001498,172.31.33.0-255,66,48306,34,219220
20711,0.00151,172.31.33.0-255,66,48372,34,219220
20712,0.001512,172.217.194.0-255,766,49138,34,219220
20713,0.002251,172.217.194.0-255,1484,50622,34,219220
20714,0.002253,172.31.33.0-255,66,50688,34,219220
20715,0.002268,172.217.194.0-255,2902,53590,34,219220
20716,0.002271,172.31.33.0-255,66,53656,34,219220
20717,0.002274,172.217.194.0-255,1484,55140,34,219220
20718,0.002289,172.217.194.0-255,4320,59460,34,219220
20719,0.002292,172.31.33.0-255,66,59526,34,219220
20720,0.002311,172.217.194.0-255,7156,66682,34,219220
20721,0.002313,172.31.33.0-255,66,66748,34,219220
20722,0.002326,172.217.194.0-255,5738,72486,34,219220
20723,0.002329,172.31.33.0-255,66,72552,34,219220
20724,0.002361,172.217.194.0-255,4320,76872,34,219220
20725,0.002362,172.31.33.0-255,66,76938,34,219220
20726,0.002381,172.217.194.0-255,6438,83376,34,219220
20727,0.002383,172.31.33.0-255,66,83442,34,219220
20728,0.002491,172.217.194.0-255,1484,84926,34,219220
20729,0.002507,172.217.194.0-255,2902,87828,34,219220
20730,0.00251,172.31.33.0-255,66,87894,34,219220
20731,0.002514,172.217.194.0-255,4320,92214,34,219220
20732,0.002517,172.31.33.0-255,66,92280,34,219220
20733,0.002528,172.217.194.0-255,1484,93764,34,219220
20734,0.002533,172.217.194.0-255,4320,98084,34,219220
20735,0.002535,172.31.33.0-255,66,98150,34,219220
20736,0.002559,172.217.194.0-255,4320,102470,34,219220
20737,0.002562,172.31.33.0-255,66,102536,34,219220
20738,0.002564,172.217.194.0-255,1484,104020,34,219220
20739,0.002577,172.31.33.0-255,66,104086,34,219220
20740,0.002579,172.217.194.0-255,766,104852,34,219220
20741,0.002788,172.217.194.0-255,1484,106336,34,219220
20742,0.00279,172.31.33.0-255,66,106402,34,219220
20743,0.002808,172.217.194.0-255,2902,109304,34,219220
20744,0.002811,172.31.33.0-255,66,109370,34,219220
20745,0.002834,172.217.194.0-255,5738,115108,34,219220
20746,0.002836,172.31.33.0-255,66,115174,34,219220
20747,0.002849,172.217.194.0-255,4320,119494,34,219220
20748,0.002851,172.31.33.0-255,66,119560,34,219220
20749,0.00288,172.31.33.0-255,66,119626,34,219220
20750,0.00289,172.31.33.0-255,66,119692,34,219220
20751,0.003143,172.217.194.0-255,1484,121176,34,219220
20752,0.003157,172.217.194.0-255,2902,124078,34,219220
20753,0.00316,172.31.33.0-255,66,124144,34,219220
20754,0.003167,172.217.194.0-255,5738,129882,34,219220
20755,0.00317,172.31.33.0-255,66,129948,34,219220
20756,0.00321,172.31.33.0-255,66,130014,34,219220
20757,0.003264,172.31.33.0-255,66,130080,34,219220
20758,0.003506,172.217.194.0-255,1484,131564,34,219220
20759,0.003534,172.217.194.0-255,2902,134466,34,219220
20760,0.003536,172.31.33.0-255,66,134532,34,219220
20761,0.00354,172.217.194.0-255,1484,136016,34,219220
20762,0.003543,172.217.194.0-255,1484,137500,34,219220
20763,0.003545,172.31.33.0-255,66,137566,34,219220
20764,0.003573,172.217.194.0-255,4320,141886,34,219220
20765,0.003576,172.31.33.0-255,66,141952,34,219220
20766,0.003603,172.31.33.0-255,66,142018,34,219220
20767,0.003646,172.217.194.0-255,2184,144202,34,219220
20768,0.003811,172.217.194.0-255,1484,145686,34,219220
20769,0.003819,172.217.194.0-255,2902,148588,34,219220
20770,0.003824,172.217.194.0-255,5738,154326,34,219220
20771,0.003838,172.217.194.0-255,1484,155810,34,219220
20772,0.003898,172.217.194.0-255,7156,162966,34,219220
20773,0.003917,172.217.194.0-255,3602,166568,34,219220
20774,0.004136,172.31.33.0-255,66,166634,34,219220
20775,0.004186,172.217.194.0-255,1484,168118,34,219220
20776,0.004192,172.217.194.0-255,1484,169602,34,219220
20777,0.004199,172.31.33.0-255,66,169668,34,219220
20778,0.004207,172.217.194.0-255,1484,171152,34,219220
20779,0.004213,172.217.194.0-255,5738,176890,34,219220
20780,0.004219,172.31.33.0-255,66,176956,34,219220
20781,0.004254,172.31.33.0-255,66,177022,34,219220
20782,0.004319,172.31.33.0-255,66,177088,34,219220
20783,0.004535,172.217.194.0-255,1484,178572,34,219220
20784,0.00454,172.217.194.0-255,2902,181474,34,219220
20785,0.004556,172.217.194.0-255,5738,187212,34,219220
20786,0.004559,172.217.194.0-255,1484,188696,34,219220
20787,0.004565,172.31.33.0-255,66,188762,34,219220
20788,0.004586,172.217.194.0-255,4320,193082,34,219220
20789,0.004589,172.217.194.0-255,1484,194566,34,219220
20790,0.004593,172.217.194.0-255,2902,197468,34,219220
20791,0.004598,172.217.194.0-255,2902,200370,34,219220
20792,0.004612,172.31.33.0-255,66,200436,34,219220
20793,0.004623,172.217.194.0-255,766,201202,34,219220
20794,0.004629,172.31.33.0-255,66,201268,34,219220
20795,0.004807,172.217.194.0-255,1484,202752,34,219220
20796,0.004813,172.217.194.0-255,2902,205654,34,219220
20797,0.004821,172.31.33.0-255,66,205720,34,219220
20798,0.004832,172.217.194.0-255,5738,211458,34,219220
20799,0.004838,172.217.194.0-255,4320,215778,34,219220
20800,0.004842,172.31.33.0-255,66,215844,34,219220
20801,0.00486,172.217.194.0-255,2902,218746,34,219220
20802,0.004881,172.31.33.0-255,66,218812,34,219220
20803,0.0049,172.31.33.0-255,66,218878,34,219220
20804,0.004917,172.217.194.0-255,105,218983,34,219220
20805,0.007235,172.31.33.0-255,66,219049,34,219220
20806,0.007273,172.31.33.0-255,105,219154,34,219220
20807,0.009288,172.217.194.0-255,66,219220,34,219220
20808,0.0,74.125.200.0-255,143,143,34,370138
20809,2.8e-05,172.31.33.0-255,66,209,34,370138
20810,3.5e-05,74.125.200.0-255,1484,1693,34,370138
20811,3.9e-05,172.31.33.0-255,66,1759,34,370138
20812,4.4e-05,74.125.200.0-255,2902,4661,34,370138
20813,4.6e-05,172.31.33.0-255,66,4727,34,370138
20814,5.6e-05,74.125.200.0-255,1484,6211,34,370138
20815,5.9e-05,172.31.33.0-255,66,6277,34,370138
20816,9.5e-05,74.125.200.0-255,2902,9179,34,370138
20817,9.8e-05,172.31.33.0-255,66,9245,34,370138
20818,0.000104,74.125.200.0-255,4898,14143,34,370138
20819,0.000106,172.31.33.0-255,66,14209,34,370138
20820,0.000126,74.125.200.0-255,1484,15693,34,370138
20821,0.000128,172.31.33.0-255,66,15759,34,370138
20822,0.000134,74.125.200.0-255,2902,18661,34,370138
20823,0.000135,172.31.33.0-255,66,18727,34,370138
20824,0.000175,74.125.200.0-255,5738,24465,34,370138
20825,0.000178,172.31.33.0-255,66,24531,34,370138
20826,0.000182,74.125.200.0-255,2902,27433,34,370138
20827,0.000183,172.31.33.0-255,66,27499,34,370138
20828,0.000215,172.31.33.0-255,66,27565,34,370138
20829,0.00022,74.125.200.0-255,4320,31885,34,370138
20830,0.000222,172.31.33.0-255,66,31951,34,370138
20831,0.000225,74.125.200.0-255,1484,33435,34,370138
20832,0.000231,172.31.33.0-255,66,33501,34,370138
20833,0.000256,74.125.200.0-255,4320,37821,34,370138
20834,0.000263,172.31.33.0-255,66,37887,34,370138
20835,0.000266,74.125.200.0-255,766,38653,34,370138
20836,0.000269,172.31.33.0-255,66,38719,34,370138
20837,0.000476,74.125.200.0-255,1484,40203,34,370138
20838,0.00048,172.31.33.0-255,66,40269,34,370138
20839,0.000485,74.125.200.0-255,2902,43171,34,370138
20840,0.000487,172.31.33.0-255,66,43237,34,370138
20841,0.000517,74.125.200.0-255,4320,47557,34,370138
20842,0.000519,172.31.33.0-255,66,47623,34,370138
20843,0.000544,74.125.200.0-255,1484,49107,34,370138
20844,0.000574,74.125.200.0-255,2902,52009,34,370138
20845,0.000576,172.31.33.0-255,66,52075,34,370138
20846,0.000599,74.125.200.0-255,4266,56341,34,370138
20847,0.000602,172.31.33.0-255,66,56407,34,370138
20848,0.000861,74.125.200.0-255,1484,57891,34,370138
20849,0.000879,74.125.200.0-255,1484,59375,34,370138
20850,0.000882,172.31.33.0-255,66,59441,34,370138
20851,0.000911,74.125.200.0-255,2902,62343,34,370138
20852,0.000914,172.31.33.0-255,66,62409,34,370138
20853,0.000918,74.125.200.0-255,1484,63893,34,370138
20854,0.000943,74.125.200.0-255,4320,68213,34,370138
20855,0.000946,172.31.33.0-255,66,68279,34,370138
20856,0.000951,74.125.200.0-255,2902,71181,34,370138
20857,0.000953,172.31.33.0-255,66,71247,34,370138
20858,0.000982,74.125.200.0-255,4320,75567,34,370138
20859,0.000985,172.31.33.0-255,66,75633,34,370138
20860,0.00099,74.125.200.0-255,4320,79953,34,370138
20861,0.000992,172.31.33.0-255,66,80019,34,370138
20862,0.000995,74.125.200.0-255,1484,81503,34,370138
20863,0.001018,74.125.200.0-255,4320,85823,34,370138
20864,0.001021,172.31.33.0-255,66,85889,34,370138
20865,0.001031,74.125.200.0-255,5020,90909,34,370138
20866,0.001033,172.31.33.0-255,66,90975,34,370138
20867,0.001133,74.125.200.0-255,1484,92459,34,370138
20868,0.00115,74.125.200.0-255,2902,95361,34,370138
20869,0.001153,172.31.33.0-255,66,95427,34,370138
20870,0.001178,74.125.200.0-255,2902,98329,34,370138
20871,0.00118,172.31.33.0-255,66,98395,34,370138
20872,0.001183,74.125.200.0-255,1484,99879,34,370138
20873,0.001208,74.125.200.0-255,2902,102781,34,370138
20874,0.001211,172.31.33.0-255,66,102847,34,370138
20875,0.001243,74.125.200.0-255,2902,105749,34,370138
20876,0.001245,172.31.33.0-255,66,105815,34,370138
20877,0.001271,74.125.200.0-255,5738,111553,34,370138
20878,0.001275,172.31.33.0-255,66,111619,34,370138
20879,0.001278,74.125.200.0-255,2902,114521,34,370138
20880,0.00128,172.31.33.0-255,66,114587,34,370138
20881,0.001287,74.125.200.0-255,4320,118907,34,370138
20882,0.001289,172.31.33.0-255,66,118973,34,370138
20883,0.00132,74.125.200.0-255,6142,125115,34,370138
20884,0.001323,172.31.33.0-255,66,125181,34,370138
20885,0.001339,74.125.200.0-255,4320,129501,34,370138
20886,0.001345,172.31.33.0-255,66,129567,34,370138
20887,0.001373,74.125.200.0-255,7156,136723,34,370138
20888,0.001376,172.31.33.0-255,66,136789,34,370138
20889,0.001398,74.125.200.0-255,4320,141109,34,370138
20890,0.001401,172.31.33.0-255,66,141175,34,370138
20891,0.001431,74.125.200.0-255,5738,146913,34,370138
20892,0.001435,172.31.33.0-255,66,146979,34,370138
20893,0.001476,74.125.200.0-255,1484,148463,34,370138
20894,0.001497,74.125.200.0-255,7156,155619,34,370138
20895,0.0015,172.31.33.0-255,66,155685,34,370138
20896,0.001525,74.125.200.0-255,1484,157169,34,370138
20897,0.00153,74.125.200.0-255,2184,159353,34,370138
20898,0.001533,172.31.33.0-255,66,159419,34,370138
20899,0.001729,74.125.200.0-255,1484,160903,34,370138
20900,0.001734,74.125.200.0-255,1484,162387,34,370138
20901,0.001738,172.31.33.0-255,66,162453,34,370138
20902,0.001763,74.125.200.0-255,1484,163937,34,370138
20903,0.00177,74.125.200.0-255,5738,169675,34,370138
20904,0.001773,172.31.33.0-255,66,169741,34,370138
20905,0.001811,172.31.33.0-255,66,169807,34,370138
20906,0.001837,74.125.200.0-255,1484,171291,34,370138
20907,0.001843,74.125.200.0-255,4320,175611,34,370138
20908,0.001845,172.31.33.0-255,66,175677,34,370138
20909,0.001871,74.125.200.0-255,4320,179997,34,370138
20910,0.001874,172.31.33.0-255,66,180063,34,370138
20911,0.001896,74.125.200.0-255,2184,182247,34,370138
20912,0.001898,172.31.33.0-255,66,182313,34,370138
20913,0.002114,74.125.200.0-255,1484,183797,34,370138
20914,0.00212,74.125.200.0-255,2902,186699,34,370138
20915,0.002123,172.31.33.0-255,66,186765,34,370138
20916,0.002127,74.125.200.0-255,1484,188249,34,370138
20917,0.002152,74.125.200.0-255,4320,192569,34,370138
20918,0.002154,172.31.33.0-255,66,192635,34,370138
20919,0.002158,74.125.200.0-255,4320,196955,34,370138
20920,0.00216,172.31.33.0-255,66,197021,34,370138
20921,0.002165,74.125.200.0-255,5738,202759,34,370138
20922,0.002167,172.31.33.0-255,66,202825,34,370138
20923,0.002173,74.125.200.0-255,1484,204309,34,370138
20924,0.002193,74.125.200.0-255,4320,208629,34,370138
20925,0.002195,172.31.33.0-255,66,208695,34,370138
20926,0.00222,74.125.200.0-255,4320,213015,34,370138
20927,0.002222,172.31.33.0-255,66,213081,34,370138
20928,0.002224,74.125.200.0-255,1484,214565,34,370138
20929,0.002227,74.125.200.0-255,1484,216049,34,370138
20930,0.002229,172.31.33.0-255,66,216115,34,370138
20931,0.002231,74.125.200.0-255,766,216881,34,370138
20932,0.002721,74.125.200.0-255,1484,218365,34,370138
20933,0.002724,172.31.33.0-255,66,218431,34,370138
20934,0.002726,74.125.200.0-255,1484,219915,34,370138
20935,0.002743,74.125.200.0-255,1484,221399,34,370138
20936,0.002745,172.31.33.0-255,66,221465,34,370138
20937,0.002769,74.125.200.0-255,5738,227203,34,370138
20938,0.002771,172.31.33.0-255,66,227269,34,370138
20939,0.002779,74.125.200.0-255,2902,230171,34,370138
20940,0.002781,172.31.33.0-255,66,230237,34,370138
20941,0.002805,74.125.200.0-255,4320,234557,34,370138
20942,0.002807,172.31.33.0-255,66,234623,34,370138
20943,0.002812,74.125.200.0-255,4320,238943,34,370138
20944,0.002813,172.31.33.0-255,66,239009,34,370138
20945,0.002839,172.31.33.0-255,66,239075,34,370138
20946,0.002862,74.125.200.0-255,2184,241259,34,370138
20947,0.002864,172.31.33.0-255,66,241325,34,370138
20948,0.002887,74.125.200.0-255,2902,244227,34,370138
20949,0.002889,172.31.33.0-255,66,244293,34,370138
20950,0.002892,74.125.200.0-255,1484,245777,34,370138
20951,0.00291,74.125.200.0-255,1484,247261,34,370138
20952,0.002912,172.31.33.0-255,66,247327,34,370138
20953,0.002916,74.125.200.0-255,2902,250229,34,370138
20954,0.002918,172.31.33.0-255,66,250295,34,370138
20955,0.002939,74.125.200.0-255,1484,251779,34,370138
20956,0.002942,74.125.200.0-255,1484,253263,34,370138
20957,0.002944,172.31.33.0-255,66,253329,34,370138
20958,0.002948,74.125.200.0-255,4320,257649,34,370138
20959,0.00295,172.31.33.0-255,66,257715,34,370138
20960,0.00298,74.125.200.0-255,1484,259199,34,370138
20961,0.002984,74.125.200.0-255,4320,263519,34,370138
20962,0.002986,172.31.33.0-255,66,263585,34,370138
20963,0.002988,74.125.200.0-255,1484,265069,34,370138
20964,0.002991,74.125.200.0-255,1484,266553,34,370138
20965,0.002992,172.31.33.0-255,66,266619,34,370138
20966,0.003019,74.125.200.0-255,7156,273775,34,370138
20967,0.00302,172.31.33.0-255,66,273841,34,370138
20968,0.003023,74.125.200.0-255,1484,275325,34,370138
20969,0.003075,74.125.200.0-255,766,276091,34,370138
20970,0.003119,74.125.200.0-255,1484,277575,34,370138
20971,0.003142,74.125.200.0-255,1484,279059,34,370138
20972,0.003159,74.125.200.0-255,1484,280543,34,370138
20973,0.003163,74.125.200.0-255,4320,284863,34,370138
20974,0.003165,74.125.200.0-255,1484,286347,34,370138
20975,0.00318,74.125.200.0-255,4320,290667,34,370138
20976,0.003182,74.125.200.0-255,1484,292151,34,370138
20977,0.0032,74.125.200.0-255,2902,295053,34,370138
20978,0.003225,74.125.200.0-255,5738,300791,34,370138
20979,0.003228,74.125.200.0-255,2902,303693,34,370138
20980,0.003239,74.125.200.0-255,2902,306595,34,370138
20981,0.003254,74.125.200.0-255,1484,308079,34,370138
20982,0.003272,74.125.200.0-255,2184,310263,34,370138
20983,0.003301,74.125.200.0-255,2902,313165,34,370138
20984,0.003316,74.125.200.0-255,1484,314649,34,370138
20985,0.003329,74.125.200.0-255,4320,318969,34,370138
20986,0.003355,74.125.200.0-255,7156,326125,34,370138
20987,0.00336,74.125.200.0-255,5738,331863,34,370138
20988,0.003376,74.125.200.0-255,2902,334765,34,370138
20989,0.003378,74.125.200.0-255,1484,336249,34,370138
20990,0.003382,74.125.200.0-255,2902,339151,34,370138
20991,0.003403,74.125.200.0-255,2902,342053,34,370138
20992,0.003417,74.125.200.0-255,2184,344237,34,370138
20993,0.003864,74.125.200.0-255,1484,345721,34,370138
20994,0.00389,74.125.200.0-255,2902,348623,34,370138
20995,0.003928,74.125.200.0-255,1484,350107,34,370138
20996,0.003943,74.125.200.0-255,2902,353009,34,370138
20997,0.003946,74.125.200.0-255,2902,355911,34,370138
20998,0.003963,74.125.200.0-255,2902,358813,34,370138
20999,0.003977,74.125.200.0-255,4320,363133,34,370138
21000,0.003989,74.125.200.0-255,1484,364617,34,370138
21001,0.00403,74.125.200.0-255,5350,369967,34,370138
21002,0.004081,74.125.200.0-255,105,370072,34,370138
21003,0.006393,172.31.33.0-255,66,370138,34,370138
21004,0.0,74.125.200.0-255,146,146,34,76589
21005,1.9e-05,172.31.33.0-255,66,212,34,76589
21006,4.2e-05,74.125.200.0-255,1484,1696,34,76589
21007,4.7e-05,172.31.33.0-255,66,1762,34,76589
21008,5.2e-05,74.125.200.0-255,2902,4664,34,76589
21009,5.5e-05,172.31.33.0-255,66,4730,34,76589
21010,5.8e-05,74.125.200.0-255,1484,6214,34,76589
21011,6.1e-05,172.31.33.0-255,66,6280,34,76589
21012,8.7e-05,74.125.200.0-255,2902,9182,34,76589
21013,8.9e-05,172.31.33.0-255,66,9248,34,76589
21014,0.000109,74.125.200.0-255,2902,12150,34,76589
21015,0.000111,172.31.33.0-255,66,12216,34,76589
21016,0.000214,172.31.33.0-255,66,12282,34,76589
21017,0.000363,74.125.200.0-255,4320,16602,34,76589
21018,0.000369,172.31.33.0-255,66,16668,34,76589
21019,0.000387,74.125.200.0-255,3961,20629,34,76589
21020,0.000391,172.31.33.0-255,66,20695,34,76589
21021,0.000502,74.125.200.0-255,7156,27851,34,76589
21022,0.000507,172.31.33.0-255,66,27917,34,76589
21023,0.000537,172.31.33.0-255,66,27983,34,76589
21024,0.000788,172.31.33.0-255,66,28049,34,76589
21025,0.000818,172.31.33.0-255,66,28115,34,76589
21026,0.001073,74.125.200.0-255,4320,32435,34,76589
21027,0.001077,172.31.33.0-255,66,32501,34,76589
21028,0.001153,74.125.200.0-255,7156,39657,34,76589
21029,0.001156,172.31.33.0-255,66,39723,34,76589
21030,0.001191,172.31.33.0-255,66,39789,34,76589
21031,0.001558,74.125.200.0-255,3412,43201,34,76589
21032,0.001564,172.31.33.0-255,66,43267,34,76589
21033,0.001605,74.125.200.0-255,1484,44751,34,76589
21034,0.001609,172.31.33.0-255,66,44817,34,76589
21035,0.001635,172.31.33.0-255,66,44883,34,76589
21036,0.001675,172.31.33.0-255,66,44949,34,76589
21037,0.002171,74.125.200.0-255,5738,50687,34,76589
21038,0.002177,172.31.33.0-255,66,50753,34,76589
21039,0.002221,172.31.33.0-255,66,50819,34,76589
21040,0.002722,74.125.200.0-255,2902,53721,34,76589
21041,0.002724,172.31.33.0-255,66,53787,34,76589
21042,0.002756,172.31.33.0-255,66,53853,34,76589
21043,0.002784,172.31.33.0-255,66,53919,34,76589
21044,0.003279,74.125.200.0-255,1484,55403,34,76589
21045,0.003282,172.31.33.0-255,66,55469,34,76589
21046,0.003305,172.31.33.0-255,66,55535,34,76589
21047,0.00334,172.31.33.0-255,66,55601,34,76589
21048,0.003367,172.31.33.0-255,66,55667,34,76589
21049,0.004029,74.125.200.0-255,1484,57151,34,76589
21050,0.004032,172.31.33.0-255,66,57217,34,76589
21051,0.004051,74.125.200.0-255,2902,60119,34,76589
21052,0.004053,172.31.33.0-255,66,60185,34,76589
21053,0.004093,172.31.33.0-255,66,60251,34,76589
21054,0.004141,172.31.33.0-255,66,60317,34,76589
21055,0.005052,74.125.200.0-255,2902,63219,34,76589
21056,0.005058,172.31.33.0-255,66,63285,34,76589
21057,0.005095,74.125.200.0-255,5738,69023,34,76589
21058,0.005097,172.31.33.0-255,66,69089,34,76589
21059,0.005129,172.31.33.0-255,66,69155,34,76589
21060,0.006082,74.125.200.0-255,2902,72057,34,76589
21061,0.006128,74.125.200.0-255,2902,74959,34,76589
21062,0.006176,74.125.200.0-255,1564,76523,34,76589
21063,0.008559,172.31.33.0-255,66,76589,34,76589
21064,0.0,172.31.33.0-255,105,105,34,276
21065,0.001487,157.240.7.0-255,105,210,34,276
21066,0.001496,172.31.33.0-255,66,276,34,276
21067,0.0,74.125.24.0-255,146,146,34,230393
21068,2.3e-05,172.31.33.0-255,66,212,34,230393
21069,2.8e-05,74.125.24.0-255,1484,1696,34,230393
21070,3.1e-05,172.31.33.0-255,66,1762,34,230393
21071,3.4e-05,74.125.24.0-255,1484,3246,34,230393
21072,3.6e-05,172.31.33.0-255,66,3312,34,230393
21073,6.1e-05,74.125.24.0-255,1484,4796,34,230393
21074,6.4e-05,172.31.33.0-255,66,4862,34,230393
21075,7.1e-05,74.125.24.0-255,7156,12018,34,230393
21076,7.4e-05,74.125.24.0-255,2902,14920,34,230393
21077,7.5e-05,172.31.33.0-255,66,14986,34,230393
21078,7.8e-05,172.31.33.0-255,66,15052,34,230393
21079,0.000114,172.31.33.0-255,66,15118,34,230393
21080,0.00012,74.125.24.0-255,6797,21915,34,230393
21081,0.000123,172.31.33.0-255,66,21981,34,230393
21082,0.000165,74.125.24.0-255,1484,23465,34,230393
21083,0.000168,172.31.33.0-255,66,23531,34,230393
21084,0.000171,74.125.24.0-255,1484,25015,34,230393
21085,0.000172,172.31.33.0-255,66,25081,34,230393
21086,0.000184,74.125.24.0-255,1484,26565,34,230393
21087,0.000186,172.31.33.0-255,66,26631,34,230393
21088,0.000193,74.125.24.0-255,5738,32369,34,230393
21089,0.000195,172.31.33.0-255,66,32435,34,230393
21090,0.000228,172.31.33.0-255,66,32501,34,230393
21091,0.000256,74.125.24.0-255,1484,33985,34,230393
21092,0.000258,172.31.33.0-255,66,34051,34,230393
21093,0.00029,172.31.33.0-255,66,34117,34,230393
21094,0.000293,74.125.24.0-255,132,34249,34,230393
21095,0.000295,172.31.33.0-255,66,34315,34,230393
21096,0.000483,74.125.24.0-255,1484,35799,34,230393
21097,0.000489,74.125.24.0-255,2902,38701,34,230393
21098,0.000492,172.31.33.0-255,66,38767,34,230393
21099,0.000498,74.125.24.0-255,5738,44505,34,230393
21100,0.0005,172.31.33.0-255,66,44571,34,230393
21101,0.000506,74.125.24.0-255,5738,50309,34,230393
21102,0.000508,172.31.33.0-255,66,50375,34,230393
21103,0.000533,74.125.24.0-255,7156,57531,34,230393
21104,0.000536,172.31.33.0-255,66,57597,34,230393
21105,0.000546,172.31.33.0-255,66,57663,34,230393
21106,0.000571,74.125.24.0-255,1046,58709,34,230393
21107,0.000937,172.31.33.0-255,66,58775,34,230393
21108,0.001046,74.125.24.0-255,1484,60259,34,230393
21109,0.001054,74.125.24.0-255,2902,63161,34,230393
21110,0.001059,172.31.33.0-255,66,63227,34,230393
21111,0.001063,74.125.24.0-255,1484,64711,34,230393
21112,0.001083,74.125.24.0-255,4320,69031,34,230393
21113,0.001087,172.31.33.0-255,66,69097,34,230393
21114,0.001091,74.125.24.0-255,2902,71999,34,230393
21115,0.001093,172.31.33.0-255,66,72065,34,230393
21116,0.00111,74.125.24.0-255,5738,77803,34,230393
21117,0.001113,172.31.33.0-255,66,77869,34,230393
21118,0.001134,74.125.24.0-255,4320,82189,34,230393
21119,0.001138,172.31.33.0-255,66,82255,34,230393
21120,0.001149,172.31.33.0-255,66,82321,34,230393
21121,0.001151,74.125.24.0-255,766,83087,34,230393
21122,0.001814,74.125.24.0-255,1484,84571,34,230393
21123,0.00182,172.31.33.0-255,66,84637,34,230393
21124,0.001826,74.125.24.0-255,2902,87539,34,230393
21125,0.001828,172.31.33.0-255,66,87605,34,230393
21126,0.001847,74.125.24.0-255,5738,93343,34,230393
21127,0.001848,172.31.33.0-255,66,93409,34,230393
21128,0.001902,172.31.33.0-255,66,93475,34,230393
21129,0.001913,74.125.24.0-255,1484,94959,34,230393
21130,0.001925,74.125.24.0-255,2902,97861,34,230393
21131,0.001927,172.31.33.0-255,66,97927,34,230393
21132,0.001958,172.31.33.0-255,66,97993,34,230393
21133,0.002006,74.125.24.0-255,1484,99477,34,230393
21134,0.00201,74.125.24.0-255,2902,102379,34,230393
21135,0.002013,172.31.33.0-255,66,102445,34,230393
21136,0.002018,74.125.24.0-255,5738,108183,34,230393
21137,0.00202,172.31.33.0-255,66,108249,34,230393
21138,0.002039,74.125.24.0-255,4320,112569,34,230393
21139,0.002042,172.31.33.0-255,66,112635,34,230393
21140,0.002075,172.31.33.0-255,66,112701,34,230393
21141,0.002097,74.125.24.0-255,1484,114185,34,230393
21142,0.002121,172.31.33.0-255,66,114251,34,230393
21143,0.002146,74.125.24.0-255,2902,117153,34,230393
21144,0.002148,172.31.33.0-255,66,117219,34,230393
21145,0.002163,74.125.24.0-255,4320,121539,34,230393
21146,0.002165,172.31.33.0-255,66,121605,34,230393
21147,0.002176,172.31.33.0-255,66,121671,34,230393
21148,0.00222,172.31.33.0-255,66,121737,34,230393
21149,0.002222,74.125.24.0-255,766,122503,34,230393
21150,0.002263,74.125.24.0-255,1484,123987,34,230393
21151,0.002265,172.31.33.0-255,66,124053,34,230393
21152,0.002278,74.125.24.0-255,2902,126955,34,230393
21153,0.00228,172.31.33.0-255,66,127021,34,230393
21154,0.002285,74.125.24.0-255,2902,129923,34,230393
21155,0.002287,172.31.33.0-255,66,129989,34,230393
21156,0.002315,74.125.24.0-255,2902,132891,34,230393
21157,0.002318,172.31.33.0-255,66,132957,34,230393
21158,0.002331,74.125.24.0-255,7156,140113,34,230393
21159,0.002333,172.31.33.0-255,66,140179,34,230393
21160,0.002339,74.125.24.0-255,5738,145917,34,230393
21161,0.002341,172.31.33.0-255,66,145983,34,230393
21162,0.002365,172.31.33.0-255,66,146049,34,230393
21163,0.00237,74.125.24.0-255,4320,150369,34,230393
21164,0.002372,172.31.33.0-255,66,150435,34,230393
21165,0.002397,172.31.33.0-255,66,150501,34,230393
21166,0.002404,74.125.24.0-255,7156,157657,34,230393
21167,0.002407,172.31.33.0-255,66,157723,34,230393
21168,0.002436,74.125.24.0-255,5738,163461,34,230393
21169,0.002439,172.31.33.0-255,66,163527,34,230393
21170,0.002442,74.125.24.0-255,1484,165011,34,230393
21171,0.002447,74.125.24.0-255,4320,169331,34,230393
21172,0.002449,172.31.33.0-255,66,169397,34,230393
21173,0.002453,74.125.24.0-255,3602,172999,34,230393
21174,0.002455,172.31.33.0-255,66,173065,34,230393
21175,0.002477,74.125.24.0-255,4320,177385,34,230393
21176,0.00248,172.31.33.0-255,66,177451,34,230393
21177,0.00251,172.31.33.0-255,66,177517,34,230393
21178,0.002513,74.125.24.0-255,1484,179001,34,230393
21179,0.002566,74.125.24.0-255,7156,186157,34,230393
21180,0.00257,172.31.33.0-255,66,186223,34,230393
21181,0.002587,74.125.24.0-255,5738,191961,34,230393
21182,0.00259,172.31.33.0-255,66,192027,34,230393
21183,0.002595,74.125.24.0-255,5020,197047,34,230393
21184,0.002598,172.31.33.0-255,66,197113,34,230393
21185,0.002609,74.125.24.0-255,1484,198597,34,230393
21186,0.002624,74.125.24.0-255,1484,200081,34,230393
21187,0.002626,172.31.33.0-255,66,200147,34,230393
21188,0.002644,74.125.24.0-255,1484,201631,34,230393
21189,0.00265,74.125.24.0-255,5738,207369,34,230393
21190,0.002653,172.31.33.0-255,66,207435,34,230393
21191,0.002656,74.125.24.0-255,1484,208919,34,230393
21192,0.002677,74.125.24.0-255,5738,214657,34,230393
21193,0.00268,172.31.33.0-255,66,214723,34,230393
21194,0.002694,74.125.24.0-255,1484,216207,34,230393
21195,0.00273,172.31.33.0-255,66,216273,34,230393
21196,0.002737,74.125.24.0-255,7156,223429,34,230393
21197,0.00274,172.31.33.0-255,66,223495,34,230393
21198,0.002761,74.125.24.0-255,2184,225679,34,230393
21199,0.002763,172.31.33.0-255,66,225745,34,230393
21200,0.00278,74.125.24.0-255,1484,227229,34,230393
21201,0.002808,172.31.33.0-255,66,227295,34,230393
21202,0.002825,74.125.24.0-255,1484,228779,34,230393
21203,0.002828,74.125.24.0-255,1206,229985,34,230393
21204,0.002831,172.31.33.0-255,66,230051,34,230393
21205,0.002842,74.125.24.0-255,105,230156,34,230393
21206,0.005381,172.31.33.0-255,66,230222,34,230393
21207,0.00541,172.31.33.0-255,105,230327,34,230393
21208,0.007694,74.125.24.0-255,66,230393,34,230393
21209,0.0,74.125.24.0-255,152,152,34,200832
21210,2.5e-05,172.31.33.0-255,66,218,34,200832
21211,3.1e-05,74.125.24.0-255,1484,1702,34,200832
21212,3.4e-05,172.31.33.0-255,66,1768,34,200832
21213,3.9e-05,74.125.24.0-255,2902,4670,34,200832
21214,4.1e-05,172.31.33.0-255,66,4736,34,200832
21215,5.3e-05,74.125.24.0-255,5738,10474,34,200832
21216,5.5e-05,172.31.33.0-255,66,10540,34,200832
21217,8.6e-05,172.31.33.0-255,66,10606,34,200832
21218,0.000115,74.125.24.0-255,3409,14015,34,200832
21219,0.000118,172.31.33.0-255,66,14081,34,200832
21220,0.000124,74.125.24.0-255,6797,20878,34,200832
21221,0.000127,172.31.33.0-255,66,20944,34,200832
21222,0.000303,74.125.24.0-255,1484,22428,34,200832
21223,0.000308,172.31.33.0-255,66,22494,34,200832
21224,0.000312,74.125.24.0-255,2902,25396,34,200832
21225,0.000315,172.31.33.0-255,66,25462,34,200832
21226,0.000345,74.125.24.0-255,4320,29782,34,200832
21227,0.000349,172.31.33.0-255,66,29848,34,200832
21228,0.000368,74.125.24.0-255,1484,31332,34,200832
21229,0.000371,172.31.33.0-255,66,31398,34,200832
21230,0.00038,172.31.33.0-255,66,31464,34,200832
21231,0.000399,172.31.33.0-255,66,31530,34,200832
21232,0.000422,74.125.24.0-255,677,32207,34,200832
21233,0.000428,172.31.33.0-255,66,32273,34,200832
21234,0.00056,74.125.24.0-255,1484,33757,34,200832
21235,0.000564,172.31.33.0-255,66,33823,34,200832
21236,0.000568,74.125.24.0-255,1484,35307,34,200832
21237,0.00057,172.31.33.0-255,66,35373,34,200832
21238,0.000603,74.125.24.0-255,1484,36857,34,200832
21239,0.00061,74.125.24.0-255,5738,42595,34,200832
21240,0.000613,172.31.33.0-255,66,42661,34,200832
21241,0.000619,74.125.24.0-255,6797,49458,34,200832
21242,0.000621,172.31.33.0-255,66,49524,34,200832
21243,0.000656,172.31.33.0-255,66,49590,34,200832
21244,0.00066,74.125.24.0-255,2543,52133,34,200832
21245,0.000662,172.31.33.0-255,66,52199,34,200832
21246,0.001103,74.125.24.0-255,1484,53683,34,200832
21247,0.001133,74.125.24.0-255,2902,56585,34,200832
21248,0.001137,172.31.33.0-255,66,56651,34,200832
21249,0.001141,74.125.24.0-255,1484,58135,34,200832
21250,0.001165,74.125.24.0-255,4320,62455,34,200832
21251,0.001168,172.31.33.0-255,66,62521,34,200832
21252,0.001173,74.125.24.0-255,4320,66841,34,200832
21253,0.001175,172.31.33.0-255,66,66907,34,200832
21254,0.001181,74.125.24.0-255,5738,72645,34,200832
21255,0.001182,172.31.33.0-255,66,72711,34,200832
21256,0.00121,74.125.24.0-255,5738,78449,34,200832
21257,0.001213,172.31.33.0-255,66,78515,34,200832
21258,0.001228,172.31.33.0-255,66,78581,34,200832
21259,0.001269,74.125.24.0-255,1484,80065,34,200832
21260,0.001274,74.125.24.0-255,2902,82967,34,200832
21261,0.001276,172.31.33.0-255,66,83033,34,200832
21262,0.001282,74.125.24.0-255,5738,88771,34,200832
21263,0.001284,172.31.33.0-255,66,88837,34,200832
21264,0.001328,172.31.33.0-255,66,88903,34,200832
21265,0.001331,74.125.24.0-255,1484,90387,34,200832
21266,0.001365,74.125.24.0-255,4320,94707,34,200832
21267,0.001368,172.31.33.0-255,66,94773,34,200832
21268,0.001398,74.125.24.0-255,5020,99793,34,200832
21269,0.001401,172.31.33.0-255,66,99859,34,200832
21270,0.001404,74.125.24.0-255,1484,101343,34,200832
21271,0.001426,74.125.24.0-255,2902,104245,34,200832
21272,0.00143,172.31.33.0-255,66,104311,34,200832
21273,0.001435,74.125.24.0-255,4320,108631,34,200832
21274,0.001437,172.31.33.0-255,66,108697,34,200832
21275,0.001457,74.125.24.0-255,1484,110181,34,200832
21276,0.001475,74.125.24.0-255,5738,115919,34,200832
21277,0.001478,172.31.33.0-255,66,115985,34,200832
21278,0.001512,74.125.24.0-255,7156,123141,34,200832
21279,0.001516,172.31.33.0-255,66,123207,34,200832
21280,0.001524,172.31.33.0-255,66,123273,34,200832
21281,0.00154,172.31.33.0-255,66,123339,34,200832
21282,0.001544,74.125.24.0-255,4320,127659,34,200832
21283,0.001546,172.31.33.0-255,66,127725,34,200832
21284,0.001583,172.31.33.0-255,66,127791,34,200832
21285,0.001593,172.31.33.0-255,66,127857,34,200832
21286,0.00173,74.125.24.0-255,1484,129341,34,200832
21287,0.001744,74.125.24.0-255,2902,132243,34,200832
21288,0.001746,172.31.33.0-255,66,132309,34,200832
21289,0.001749,74.125.24.0-255,1484,133793,34,200832
21290,0.00177,74.125.24.0-255,4320,138113,34,200832
21291,0.001772,172.31.33.0-255,66,138179,34,200832
21292,0.001774,74.125.24.0-255,1484,139663,34,200832
21293,0.0018,74.125.24.0-255,7156,146819,34,200832
21294,0.001802,172.31.33.0-255,66,146885,34,200832
21295,0.001828,74.125.24.0-255,2902,149787,34,200832
21296,0.00183,172.31.33.0-255,66,149853,34,200832
21297,0.001855,172.31.33.0-255,66,149919,34,200832
21298,0.001985,74.125.24.0-255,1484,151403,34,200832
21299,0.001999,74.125.24.0-255,1484,152887,34,200832
21300,0.002001,172.31.33.0-255,66,152953,34,200832
21301,0.002022,74.125.24.0-255,1484,154437,34,200832
21302,0.002028,74.125.24.0-255,5738,160175,34,200832
21303,0.00203,172.31.33.0-255,66,160241,34,200832
21304,0.002035,74.125.24.0-255,5738,165979,34,200832
21305,0.002037,172.31.33.0-255,66,166045,34,200832
21306,0.002055,74.125.24.0-255,1484,167529,34,200832
21307,0.002063,172.31.33.0-255,66,167595,34,200832
21308,0.002086,74.125.24.0-255,5738,173333,34,200832
21309,0.002088,172.31.33.0-255,66,173399,34,200832
21310,0.002098,172.31.33.0-255,66,173465,34,200832
21311,0.002122,74.125.24.0-255,3602,177067,34,200832
21312,0.002124,172.31.33.0-255,66,177133,34,200832
21313,0.002135,172.31.33.0-255,66,177199,34,200832
21314,0.002153,74.125.24.0-255,2902,180101,34,200832
21315,0.002155,172.31.33.0-255,66,180167,34,200832
21316,0.002178,74.125.24.0-255,5738,185905,34,200832
21317,0.00218,172.31.33.0-255,66,185971,34,200832
21318,0.0022,74.125.24.0-255,3602,189573,34,200832
21319,0.002202,172.31.33.0-255,66,189639,34,200832
21320,0.002222,172.31.33.0-255,66,189705,34,200832
21321,0.002246,74.125.24.0-255,4320,194025,34,200832
21322,0.002247,172.31.33.0-255,66,194091,34,200832
21323,0.002253,74.125.24.0-255,6438,200529,34,200832
21324,0.002255,172.31.33.0-255,66,200595,34,200832
21325,0.002269,172.31.33.0-255,66,200661,34,200832
21326,0.002296,172.31.33.0-255,66,200727,34,200832
21327,0.002298,74.125.24.0-255,105,200832,34,200832
21328,0.0,172.217.194.0-255,213,213,34,258722
21329,2.8e-05,172.31.33.0-255,66,279,34,258722
21330,3.5e-05,172.217.194.0-255,1484,1763,34,258722
21331,3.8e-05,172.31.33.0-255,66,1829,34,258722
21332,4.3e-05,172.217.194.0-255,4320,6149,34,258722
21333,4.6e-05,172.31.33.0-255,66,6215,34,258722
21334,4.8e-05,172.217.194.0-255,1484,7699,34,258722
21335,5.1e-05,172.31.33.0-255,66,7765,34,258722
21336,7.5e-05,172.217.194.0-255,2902,10667,34,258722
21337,7.7e-05,172.31.33.0-255,66,10733,34,258722
21338,9.4e-05,172.217.194.0-255,1484,12217,34,258722
21339,9.6e-05,172.31.33.0-255,66,12283,34,258722
21340,0.000116,172.217.194.0-255,3277,15560,34,258722
21341,0.000119,172.31.33.0-255,66,15626,34,258722
21342,0.000124,172.217.194.0-255,5738,21364,34,258722
21343,0.000126,172.31.33.0-255,66,21430,34,258722
21344,0.000161,172.217.194.0-255,5738,27168,34,258722
21345,0.000163,172.31.33.0-255,66,27234,34,258722
21346,0.000183,172.217.194.0-255,3961,31195,34,258722
21347,0.000185,172.31.33.0-255,66,31261,34,258722
21348,0.000201,172.217.194.0-255,1484,32745,34,258722
21349,0.000203,172.31.33.0-255,66,32811,34,258722
21350,0.000219,172.217.194.0-255,7156,39967,34,258722
21351,0.000221,172.31.33.0-255,66,40033,34,258722
21352,0.000251,172.217.194.0-255,2902,42935,34,258722
21353,0.000253,172.31.33.0-255,66,43001,34,258722
21354,0.000272,172.217.194.0-255,5379,48380,34,258722
21355,0.000275,172.31.33.0-255,66,48446,34,258722
21356,0.000369,172.217.194.0-255,1484,49930,34,258722
21357,0.000372,172.31.33.0-255,66,49996,34,258722
21358,0.000377,172.217.194.0-255,2902,52898,34,258722
21359,0.000379,172.31.33.0-255,66,52964,34,258722
21360,0.000383,172.217.194.0-255,2902,55866,34,258722
21361,0.000385,172.31.33.0-255,66,55932,34,258722
21362,0.000407,172.217.194.0-255,2902,58834,34,258722
21363,0.000409,172.31.33.0-255,66,58900,34,258722
21364,0.000416,172.217.194.0-255,6797,65697,34,258722
21365,0.000418,172.31.33.0-255,66,65763,34,258722
21366,0.000939,172.217.194.0-255,645,66408,34,258722
21367,0.00122,172.217.194.0-255,1484,67892,34,258722
21368,0.001227,172.31.33.0-255,66,67958,34,258722
21369,0.001233,172.217.194.0-255,2902,70860,34,258722
21370,0.001235,172.31.33.0-255,66,70926,34,258722
21371,0.001241,172.217.194.0-255,5738,76664,34,258722
21372,0.001242,172.31.33.0-255,66,76730,34,258722
21373,0.00125,172.217.194.0-255,7156,83886,34,258722
21374,0.001252,172.31.33.0-255,66,83952,34,258722
21375,0.001269,172.217.194.0-255,5738,89690,34,258722
21376,0.001271,172.31.33.0-255,66,89756,34,258722
21377,0.001301,172.31.33.0-255,66,89822,34,258722
21378,0.001829,172.217.194.0-255,1484,91306,34,258722
21379,0.001849,172.217.194.0-255,1484,92790,34,258722
21380,0.001852,172.31.33.0-255,66,92856,34,258722
21381,0.00187,172.217.194.0-255,1484,94340,34,258722
21382,0.001875,172.217.194.0-255,5738,100078,34,258722
21383,0.001876,172.31.33.0-255,66,100144,34,258722
21384,0.001881,172.217.194.0-255,4320,104464,34,258722
21385,0.001883,172.31.33.0-255,66,104530,34,258722
21386,0.0019,172.217.194.0-255,5738,110268,34,258722
21387,0.001902,172.31.33.0-255,66,110334,34,258722
21388,0.001923,172.217.194.0-255,2902,113236,34,258722
21389,0.001925,172.31.33.0-255,66,113302,34,258722
21390,0.001945,172.31.33.0-255,66,113368,34,258722
21391,0.00197,172.217.194.0-255,2184,115552,34,258722
21392,0.001972,172.31.33.0-255,66,115618,34,258722
21393,0.002022,172.217.194.0-255,1484,117102,34,258722
21394,0.002036,172.217.194.0-255,2902,120004,34,258722
21395,0.002038,172.31.33.0-255,66,120070,34,258722
21396,0.00204,172.217.194.0-255,1484,121554,34,258722
21397,0.002058,172.217.194.0-255,4320,125874,34,258722
21398,0.00206,172.31.33.0-255,66,125940,34,258722
21399,0.002089,172.31.33.0-255,66,126006,34,258722
21400,0.002097,172.217.194.0-255,1484,127490,34,258722
21401,0.002103,172.217.194.0-255,5738,133228,34,258722
21402,0.002105,172.31.33.0-255,66,133294,34,258722
21403,0.002119,172.217.194.0-255,4320,137614,34,258722
21404,0.002129,172.217.194.0-255,1636,139250,34,258722
21405,0.002152,172.217.194.0-255,1484,140734,34,258722
21406,0.002162,172.217.194.0-255,1484,142218,34,258722
21407,0.002166,172.217.194.0-255,4320,146538,34,258722
21408,0.002178,172.217.194.0-255,2902,149440,34,258722
21409,0.002241,172.217.194.0-255,4320,153760,34,258722
21410,0.002255,172.217.194.0-255,3602,157362,34,258722
21411,0.002358,172.217.194.0-255,1484,158846,34,258722
21412,0.002367,172.217.194.0-255,2902,161748,34,258722
21413,0.002388,172.217.194.0-255,5738,167486,34,258722
21414,0.0024,172.217.194.0-255,2902,170388,34,258722
21415,0.002416,172.217.194.0-255,4320,174708,34,258722
21416,0.002418,172.217.194.0-255,1484,176192,34,258722
21417,0.002442,172.217.194.0-255,2902,179094,34,258722
21418,0.002445,172.217.194.0-255,2184,181278,34,258722
21419,0.002564,172.217.194.0-255,1484,182762,34,258722
21420,0.002575,172.217.194.0-255,2902,185664,34,258722
21421,0.002587,172.217.194.0-255,2902,188566,34,258722
21422,0.0026,172.217.194.0-255,2902,191468,34,258722
21423,0.002635,172.217.194.0-255,5738,197206,34,258722
21424,0.002704,172.217.194.0-255,4320,201526,34,258722
21425,0.002729,172.217.194.0-255,1484,203010,34,258722
21426,0.002761,172.217.194.0-255,1484,204494,34,258722
21427,0.002799,172.217.194.0-255,1484,205978,34,258722
21428,0.002805,172.217.194.0-255,7156,213134,34,258722
21429,0.002844,172.217.194.0-255,5020,218154,34,258722
21430,0.002892,172.217.194.0-255,4320,222474,34,258722
21431,0.002936,172.217.194.0-255,5738,228212,34,258722
21432,0.00295,172.217.194.0-255,2902,231114,34,258722
21433,0.002964,172.217.194.0-255,7156,238270,34,258722
21434,0.002991,172.217.194.0-255,5020,243290,34,258722
21435,0.002996,172.217.194.0-255,5738,249028,34,258722
21436,0.003013,172.217.194.0-255,2902,251930,34,258722
21437,0.003023,172.217.194.0-255,4320,256250,34,258722
21438,0.003034,172.217.194.0-255,2130,258380,34,258722
21439,0.003037,172.217.194.0-255,105,258485,34,258722
21440,0.005274,172.31.33.0-255,66,258551,34,258722
21441,0.007658,172.31.33.0-255,105,258656,34,258722
21442,0.009996,172.217.194.0-255,66,258722,34,258722
21443,0.0,74.125.68.0-255,146,146,34,357674
21444,2.1e-05,172.31.33.0-255,66,212,34,357674
21445,2.8e-05,74.125.68.0-255,1484,1696,34,357674
21446,3.2e-05,172.31.33.0-255,66,1762,34,357674
21447,3.8e-05,74.125.68.0-255,2902,4664,34,357674
21448,4.6e-05,172.31.33.0-255,66,4730,34,357674
21449,9.1e-05,74.125.68.0-255,1484,6214,34,357674
21450,9.3e-05,172.31.33.0-255,66,6280,34,357674
21451,9.9e-05,74.125.68.0-255,2902,9182,34,357674
21452,0.000101,172.31.33.0-255,66,9248,34,357674
21453,0.000117,74.125.68.0-255,1484,10732,34,357674
21454,0.000119,172.31.33.0-255,66,10798,34,357674
21455,0.000122,74.125.68.0-255,1484,12282,34,357674
21456,0.000124,172.31.33.0-255,66,12348,34,357674
21457,0.000148,74.125.68.0-255,1484,13832,34,357674
21458,0.00015,172.31.33.0-255,66,13898,34,357674
21459,0.000184,74.125.68.0-255,2902,16800,34,357674
21460,0.000186,172.31.33.0-255,66,16866,34,357674
21461,0.000209,74.125.68.0-255,3402,20268,34,357674
21462,0.000211,172.31.33.0-255,66,20334,34,357674
21463,0.000216,74.125.68.0-255,2902,23236,34,357674
21464,0.000218,172.31.33.0-255,66,23302,34,357674
21465,0.000222,74.125.68.0-255,2902,26204,34,357674
21466,0.000225,172.31.33.0-255,66,26270,34,357674
21467,0.000236,74.125.68.0-255,1484,27754,34,357674
21468,0.000238,172.31.33.0-255,66,27820,34,357674
21469,0.00027,74.125.68.0-255,3961,31781,34,357674
21470,0.000273,172.31.33.0-255,66,31847,34,357674
21471,0.000341,74.125.68.0-255,1484,33331,34,357674
21472,0.000343,172.31.33.0-255,66,33397,34,357674
21473,0.000349,74.125.68.0-255,2902,36299,34,357674
21474,0.000351,172.31.33.0-255,66,36365,34,357674
21475,0.000381,74.125.68.0-255,5738,42103,34,357674
21476,0.000383,172.31.33.0-255,66,42169,34,357674
21477,0.000386,74.125.68.0-255,1484,43653,34,357674
21478,0.000414,74.125.68.0-255,5379,49032,34,357674
21479,0.000417,172.31.33.0-255,66,49098,34,357674
21480,0.00042,74.125.68.0-255,1484,50582,34,357674
21481,0.000446,74.125.68.0-255,7156,57738,34,357674
21482,0.000449,172.31.33.0-255,66,57804,34,357674
21483,0.000475,74.125.68.0-255,4320,62124,34,357674
21484,0.000477,172.31.33.0-255,66,62190,34,357674
21485,0.000496,74.125.68.0-255,4269,66459,34,357674
21486,0.000499,172.31.33.0-255,66,66525,34,357674
21487,0.000555,74.125.68.0-255,110,66635,34,357674
21488,0.000775,74.125.68.0-255,1484,68119,34,357674
21489,0.000779,172.31.33.0-255,66,68185,34,357674
21490,0.000796,74.125.68.0-255,2902,71087,34,357674
21491,0.000798,172.31.33.0-255,66,71153,34,357674
21492,0.000824,74.125.68.0-255,5738,76891,34,357674
21493,0.000826,74.125.68.0-255,1484,78375,34,357674
21494,0.000831,172.31.33.0-255,66,78441,34,357674
21495,0.000842,74.125.68.0-255,5379,83820,34,357674
21496,0.000847,172.31.33.0-255,66,83886,34,357674
21497,0.000876,74.125.68.0-255,1484,85370,34,357674
21498,0.00089,74.125.68.0-255,2902,88272,34,357674
21499,0.000893,172.31.33.0-255,66,88338,34,357674
21500,0.000898,74.125.68.0-255,4320,92658,34,357674
21501,0.0009,172.31.33.0-255,66,92724,34,357674
21502,0.000915,74.125.68.0-255,1484,94208,34,357674
21503,0.000938,74.125.68.0-255,7043,101251,34,357674
21504,0.00094,172.31.33.0-255,66,101317,34,357674
21505,0.001445,74.125.68.0-255,1484,102801,34,357674
21506,0.001499,74.125.68.0-255,1484,104285,34,357674
21507,0.001503,172.31.33.0-255,66,104351,34,357674
21508,0.001508,74.125.68.0-255,2902,107253,34,357674
21509,0.00151,172.31.33.0-255,66,107319,34,357674
21510,0.001523,74.125.68.0-255,1484,108803,34,357674
21511,0.001547,74.125.68.0-255,4320,113123,34,357674
21512,0.001549,172.31.33.0-255,66,113189,34,357674
21513,0.001552,74.125.68.0-255,1484,114673,34,357674
21514,0.001573,74.125.68.0-255,5738,120411,34,357674
21515,0.001575,172.31.33.0-255,66,120477,34,357674
21516,0.001607,74.125.68.0-255,1484,121961,34,357674
21517,0.001638,172.31.33.0-255,66,122027,34,357674
21518,0.001643,74.125.68.0-255,2184,124211,34,357674
21519,0.001644,172.31.33.0-255,66,124277,34,357674
21520,0.001675,74.125.68.0-255,2902,127179,34,357674
21521,0.001677,172.31.33.0-255,66,127245,34,357674
21522,0.001683,74.125.68.0-255,4320,131565,34,357674
21523,0.001684,172.31.33.0-255,66,131631,34,357674
21524,0.001687,74.125.68.0-255,1484,133115,34,357674
21525,0.001708,74.125.68.0-255,4320,137435,34,357674
21526,0.00171,172.31.33.0-255,66,137501,34,357674
21527,0.001713,74.125.68.0-255,1484,138985,34,357674
21528,0.00175,172.31.33.0-255,66,139051,34,357674
21529,0.001754,74.125.68.0-255,4320,143371,34,357674
21530,0.001756,172.31.33.0-255,66,143437,34,357674
21531,0.001811,74.125.68.0-255,5020,148457,34,357674
21532,0.001815,172.31.33.0-255,66,148523,34,357674
21533,0.002631,74.125.68.0-255,1484,150007,34,357674
21534,0.002638,74.125.68.0-255,1484,151491,34,357674
21535,0.002642,172.31.33.0-255,66,151557,34,357674
21536,0.002664,74.125.68.0-255,1484,153041,34,357674
21537,0.00268,74.125.68.0-255,1484,154525,34,357674
21538,0.002682,172.31.33.0-255,66,154591,34,357674
21539,0.002702,74.125.68.0-255,1484,156075,34,357674
21540,0.002706,74.125.68.0-255,2902,158977,34,357674
21541,0.002708,172.31.33.0-255,66,159043,34,357674
21542,0.00271,74.125.68.0-255,1484,160527,34,357674
21543,0.002732,74.125.68.0-255,2902,163429,34,357674
21544,0.002734,172.31.33.0-255,66,163495,34,357674
21545,0.002737,74.125.68.0-255,1484,164979,34,357674
21546,0.00274,74.125.68.0-255,1484,166463,34,357674
21547,0.002741,172.31.33.0-255,66,166529,34,357674
21548,0.002759,74.125.68.0-255,2902,169431,34,357674
21549,0.00276,172.31.33.0-255,66,169497,34,357674
21550,0.002763,74.125.68.0-255,1484,170981,34,357674
21551,0.002798,74.125.68.0-255,2902,173883,34,357674
21552,0.0028,172.31.33.0-255,66,173949,34,357674
21553,0.002822,74.125.68.0-255,4320,178269,34,357674
21554,0.002824,172.31.33.0-255,66,178335,34,357674
21555,0.002827,74.125.68.0-255,1484,179819,34,357674
21556,0.002867,74.125.68.0-255,1484,181303,34,357674
21557,0.002869,172.31.33.0-255,66,181369,34,357674
21558,0.002873,74.125.68.0-255,2184,183553,34,357674
21559,0.002875,172.31.33.0-255,66,183619,34,357674
21560,0.00293,74.125.68.0-255,2902,186521,34,357674
21561,0.002932,172.31.33.0-255,66,186587,34,357674
21562,0.002955,74.125.68.0-255,4320,190907,34,357674
21563,0.002957,172.31.33.0-255,66,190973,34,357674
21564,0.00296,74.125.68.0-255,1484,192457,34,357674
21565,0.002984,74.125.68.0-255,4320,196777,34,357674
21566,0.002986,172.31.33.0-255,66,196843,34,357674
21567,0.002996,74.125.68.0-255,1484,198327,34,357674
21568,0.003017,74.125.68.0-255,5738,204065,34,357674
21569,0.003019,172.31.33.0-255,66,204131,34,357674
21570,0.003022,74.125.68.0-255,1484,205615,34,357674
21571,0.00304,74.125.68.0-255,7156,212771,34,357674
21572,0.003042,172.31.33.0-255,66,212837,34,357674
21573,0.003046,74.125.68.0-255,1484,214321,34,357674
21574,0.003048,74.125.68.0-255,1484,215805,34,357674
21575,0.00305,172.31.33.0-255,66,215871,34,357674
21576,0.003052,74.125.68.0-255,1484,217355,34,357674
21577,0.003092,74.125.68.0-255,2902,220257,34,357674
21578,0.003094,172.31.33.0-255,66,220323,34,357674
21579,0.003123,74.125.68.0-255,3602,223925,34,357674
21580,0.003125,172.31.33.0-255,66,223991,34,357674
21581,0.003127,74.125.68.0-255,1484,225475,34,357674
21582,0.00313,74.125.68.0-255,1484,226959,34,357674
21583,0.003132,172.31.33.0-255,66,227025,34,357674
21584,0.003147,74.125.68.0-255,4320,231345,34,357674
21585,0.003149,172.31.33.0-255,66,231411,34,357674
21586,0.003152,74.125.68.0-255,1484,232895,34,357674
21587,0.003156,74.125.68.0-255,2902,235797,34,357674
21588,0.003157,172.31.33.0-255,66,235863,34,357674
21589,0.003211,74.125.68.0-255,1484,237347,34,357674
21590,0.003227,74.125.68.0-255,1484,238831,34,357674
21591,0.00323,172.31.33.0-255,66,238897,34,357674
21592,0.003235,74.125.68.0-255,2902,241799,34,357674
21593,0.003237,172.31.33.0-255,66,241865,34,357674
21594,0.003251,74.125.68.0-255,1484,243349,34,357674
21595,0.00327,74.125.68.0-255,5738,249087,34,357674
21596,0.003272,172.31.33.0-255,66,249153,34,357674
21597,0.003292,74.125.68.0-255,1484,250637,34,357674
21598,0.003307,74.125.68.0-255,2184,252821,34,357674
21599,0.003309,172.31.33.0-255,66,252887,34,357674
21600,0.003433,74.125.68.0-255,1484,254371,34,357674
21601,0.003451,74.125.68.0-255,2902,257273,34,357674
21602,0.003455,172.31.33.0-255,66,257339,34,357674
21603,0.003487,74.125.68.0-255,4320,261659,34,357674
21604,0.00349,172.31.33.0-255,66,261725,34,357674
21605,0.003499,172.31.33.0-255,66,261791,34,357674
21606,0.003501,74.125.68.0-255,1484,263275,34,357674
21607,0.003507,74.125.68.0-255,1484,264759,34,357674
21608,0.003509,172.31.33.0-255,66,264825,34,357674
21609,0.003513,74.125.68.0-255,2902,267727,34,357674
21610,0.003515,172.31.33.0-255,66,267793,34,357674
21611,0.003549,74.125.68.0-255,5738,273531,34,357674
21612,0.003552,172.31.33.0-255,66,273597,34,357674
21613,0.003554,74.125.68.0-255,1484,275081,34,357674
21614,0.003558,74.125.68.0-255,3602,278683,34,357674
21615,0.00356,172.31.33.0-255,66,278749,34,357674
21616,0.003634,74.125.68.0-255,1484,280233,34,357674
21617,0.003653,74.125.68.0-255,2902,283135,34,357674
21618,0.003656,172.31.33.0-255,66,283201,34,357674
21619,0.003678,74.125.68.0-255,1484,284685,34,357674
21620,0.003694,74.125.68.0-255,2902,287587,34,357674
21621,0.003697,172.31.33.0-255,66,287653,34,357674
21622,0.003708,74.125.68.0-255,4320,291973,34,357674
21623,0.003716,172.31.33.0-255,66,292039,34,357674
21624,0.003718,74.125.68.0-255,1484,293523,34,357674
21625,0.003746,74.125.68.0-255,4320,297843,34,357674
21626,0.003748,172.31.33.0-255,66,297909,34,357674
21627,0.003753,74.125.68.0-255,4320,302229,34,357674
21628,0.003755,172.31.33.0-255,66,302295,34,357674
21629,0.003788,74.125.68.0-255,7156,309451,34,357674
21630,0.003791,172.31.33.0-255,66,309517,34,357674
21631,0.003795,74.125.68.0-255,3602,313119,34,357674
21632,0.003797,172.31.33.0-255,66,313185,34,357674
21633,0.003826,74.125.68.0-255,7156,320341,34,357674
21634,0.003829,172.31.33.0-255,66,320407,34,357674
21635,0.003852,74.125.68.0-255,1484,321891,34,357674
21636,0.003863,172.31.33.0-255,66,321957,34,357674
21637,0.003867,74.125.68.0-255,4320,326277,34,357674
21638,0.003869,172.31.33.0-255,66,326343,34,357674
21639,0.003889,74.125.68.0-255,4320,330663,34,357674
21640,0.003895,172.31.33.0-255,66,330729,34,357674
21641,0.0039,74.125.68.0-255,4320,335049,34,357674
21642,0.003902,172.31.33.0-255,66,335115,34,357674
21643,0.003921,74.125.68.0-255,5020,340135,34,357674
21644,0.003927,172.31.33.0-255,66,340201,34,357674
21645,0.003932,74.125.68.0-255,4320,344521,34,357674
21646,0.003934,172.31.33.0-255,66,344587,34,357674
21647,0.003997,74.125.68.0-255,7156,351743,34,357674
21648,0.004,172.31.33.0-255,66,351809,34,357674
21649,0.004021,172.31.33.0-255,66,351875,34,357674
21650,0.004026,74.125.68.0-255,5531,357406,34,357674
21651,0.004028,172.31.33.0-255,66,357472,34,357674
21652,0.004031,74.125.68.0-255,97,357569,34,357674
21653,0.004033,74.125.68.0-255,105,357674,34,357674
21654,0.0,172.217.194.0-255,150,150,34,211687
21655,1.7e-05,172.31.33.0-255,66,216,34,211687
21656,2.4e-05,172.217.194.0-255,1484,1700,34,211687
21657,2.8e-05,172.31.33.0-255,66,1766,34,211687
21658,3.3e-05,172.217.194.0-255,2902,4668,34,211687
21659,3.6e-05,172.31.33.0-255,66,4734,34,211687
21660,5.2e-05,172.217.194.0-255,7156,11890,34,211687
21661,5.5e-05,172.31.33.0-255,66,11956,34,211687
21662,8.7e-05,172.217.194.0-255,2001,13957,34,211687
21663,9e-05,172.31.33.0-255,66,14023,34,211687
21664,0.000117,172.217.194.0-255,2902,16925,34,211687
21665,0.00012,172.31.33.0-255,66,16991,34,211687
21666,0.000123,172.217.194.0-255,1484,18475,34,211687
21667,0.000125,172.31.33.0-255,66,18541,34,211687
21668,0.000163,172.217.194.0-255,5738,24279,34,211687
21669,0.000166,172.31.33.0-255,66,24345,34,211687
21670,0.000201,172.217.194.0-255,6797,31142,34,211687
21671,0.000204,172.31.33.0-255,66,31208,34,211687
21672,0.000211,172.217.194.0-255,7156,38364,34,211687
21673,0.000213,172.31.33.0-255,66,38430,34,211687
21674,0.00025,172.31.33.0-255,66,38496,34,211687
21675,0.00037,172.217.194.0-255,1484,39980,34,211687
21676,0.000375,172.31.33.0-255,66,40046,34,211687
21677,0.00038,172.217.194.0-255,2902,42948,34,211687
21678,0.000382,172.31.33.0-255,66,43014,34,211687
21679,0.000418,172.217.194.0-255,5738,48752,34,211687
21680,0.000421,172.31.33.0-255,66,48818,34,211687
21681,0.000426,172.217.194.0-255,4320,53138,34,211687
21682,0.000428,172.31.33.0-255,66,53204,34,211687
21683,0.000458,172.217.194.0-255,2543,55747,34,211687
21684,0.000461,172.31.33.0-255,66,55813,34,211687
21685,0.000463,172.217.194.0-255,646,56459,34,211687
21686,0.000532,172.217.194.0-255,1484,57943,34,211687
21687,0.000535,172.31.33.0-255,66,58009,34,211687
21688,0.00056,172.217.194.0-255,2902,60911,34,211687
21689,0.000562,172.31.33.0-255,66,60977,34,211687
21690,0.000591,172.217.194.0-255,5738,66715,34,211687
21691,0.000593,172.31.33.0-255,66,66781,34,211687
21692,0.000626,172.217.194.0-255,6248,73029,34,211687
21693,0.000629,172.31.33.0-255,66,73095,34,211687
21694,0.000807,172.217.194.0-255,1484,74579,34,211687
21695,0.000812,172.217.194.0-255,2902,77481,34,211687
21696,0.000814,172.31.33.0-255,66,77547,34,211687
21697,0.000846,172.217.194.0-255,5738,83285,34,211687
21698,0.000849,172.31.33.0-255,66,83351,34,211687
21699,0.000856,172.217.194.0-255,6797,90148,34,211687
21700,0.000858,172.31.33.0-255,66,90214,34,211687
21701,0.001124,172.217.194.0-255,1484,91698,34,211687
21702,0.001144,172.217.194.0-255,2902,94600,34,211687
21703,0.001147,172.31.33.0-255,66,94666,34,211687
21704,0.001151,172.217.194.0-255,2902,97568,34,211687
21705,0.001153,172.31.33.0-255,66,97634,34,211687
21706,0.001175,172.217.194.0-255,2902,100536,34,211687
21707,0.001177,172.31.33.0-255,66,100602,34,211687
21708,0.00119,172.31.33.0-255,66,100668,34,211687
21709,0.001209,172.217.194.0-255,2902,103570,34,211687
21710,0.001211,172.31.33.0-255,66,103636,34,211687
21711,0.001226,172.31.33.0-255,66,103702,34,211687
21712,0.001345,172.217.194.0-255,1484,105186,34,211687
21713,0.001348,172.217.194.0-255,1484,106670,34,211687
21714,0.001351,172.31.33.0-255,66,106736,34,211687
21715,0.00138,172.217.194.0-255,1484,108220,34,211687
21716,0.001386,172.217.194.0-255,5738,113958,34,211687
21717,0.001388,172.31.33.0-255,66,114024,34,211687
21718,0.001407,172.31.33.0-255,66,114090,34,211687
21719,0.001434,172.217.194.0-255,4320,118410,34,211687
21720,0.001436,172.31.33.0-255,66,118476,34,211687
21721,0.001451,172.31.33.0-255,66,118542,34,211687
21722,0.001678,172.217.194.0-255,1484,120026,34,211687
21723,0.001682,172.217.194.0-255,1484,121510,34,211687
21724,0.001684,172.31.33.0-255,66,121576,34,211687
21725,0.001709,172.217.194.0-255,1484,123060,34,211687
21726,0.001714,172.217.194.0-255,5738,128798,34,211687
21727,0.001716,172.31.33.0-255,66,128864,34,211687
21728,0.001719,172.217.194.0-255,1484,130348,34,211687
21729,0.001724,172.217.194.0-255,4320,134668,34,211687
21730,0.001726,172.31.33.0-255,66,134734,34,211687
21731,0.001745,172.217.194.0-255,4320,139054,34,211687
21732,0.001748,172.31.33.0-255,66,139120,34,211687
21733,0.001763,172.217.194.0-255,4320,143440,34,211687
21734,0.001769,172.31.33.0-255,66,143506,34,211687
21735,0.001804,172.31.33.0-255,66,143572,34,211687
21736,0.001821,172.31.33.0-255,66,143638,34,211687
21737,0.001827,172.217.194.0-255,7156,150794,34,211687
21738,0.001829,172.31.33.0-255,66,150860,34,211687
21739,0.00185,172.217.194.0-255,2902,153762,34,211687
21740,0.001853,172.31.33.0-255,66,153828,34,211687
21741,0.001863,172.217.194.0-255,1484,155312,34,211687
21742,0.001892,172.31.33.0-255,66,155378,34,211687
21743,0.001918,172.217.194.0-255,7156,162534,34,211687
21744,0.001921,172.31.33.0-255,66,162600,34,211687
21745,0.001939,172.217.194.0-255,4320,166920,34,211687
21746,0.001941,172.31.33.0-255,66,166986,34,211687
21747,0.001952,172.217.194.0-255,7156,174142,34,211687
21748,0.001955,172.31.33.0-255,66,174208,34,211687
21749,0.001986,172.31.33.0-255,66,174274,34,211687
21750,0.002011,172.217.194.0-255,1125,175399,34,211687
21751,0.002026,172.31.33.0-255,66,175465,34,211687
21752,0.002153,172.217.194.0-255,1484,176949,34,211687
21753,0.002167,172.217.194.0-255,2902,179851,34,211687
21754,0.00217,172.31.33.0-255,66,179917,34,211687
21755,0.002173,172.217.194.0-255,1484,181401,34,211687
21756,0.002195,172.217.194.0-255,4320,185721,34,211687
21757,0.002197,172.31.33.0-255,66,185787,34,211687
21758,0.002209,172.31.33.0-255,66,185853,34,211687
21759,0.00222,172.217.194.0-255,1484,187337,34,211687
21760,0.002223,172.217.194.0-255,1484,188821,34,211687
21761,0.002225,172.31.33.0-255,66,188887,34,211687
21762,0.00226,172.31.33.0-255,66,188953,34,211687
21763,0.002304,172.217.194.0-255,1484,190437,34,211687
21764,0.002317,172.217.194.0-255,2902,193339,34,211687
21765,0.00232,172.31.33.0-255,66,193405,34,211687
21766,0.002325,172.217.194.0-255,4320,197725,34,211687
21767,0.002327,172.31.33.0-255,66,197791,34,211687
21768,0.002329,172.217.194.0-255,1484,199275,34,211687
21769,0.002368,172.31.33.0-255,66,199341,34,211687
21770,0.002397,172.217.194.0-255,4320,203661,34,211687
21771,0.002408,172.31.33.0-255,66,203727,34,211687
21772,0.002411,172.31.33.0-255,66,203793,34,211687
21773,0.002421,172.217.194.0-255,1484,205277,34,211687
21774,0.002444,172.217.194.0-255,5738,211015,34,211687
21775,0.002447,172.31.33.0-255,66,211081,34,211687
21776,0.00248,172.31.33.0-255,66,211147,34,211687
21777,0.002516,172.31.33.0-255,66,211213,34,211687
21778,0.002526,172.31.33.0-255,66,211279,34,211687
21779,0.002536,172.31.33.0-255,66,211345,34,211687
21780,0.002562,172.217.194.0-255,105,211450,34,211687
21781,0.004382,172.31.33.0-255,66,211516,34,211687
21782,0.004419,172.31.33.0-255,105,211621,34,211687
21783,0.006723,172.217.194.0-255,66,211687,34,211687
21784,0.0,74.125.24.0-255,146,146,34,221568
21785,2.2e-05,172.31.33.0-255,66,212,34,221568
21786,2.9e-05,74.125.24.0-255,1484,1696,34,221568
21787,3.2e-05,172.31.33.0-255,66,1762,34,221568
21788,3.7e-05,74.125.24.0-255,2902,4664,34,221568
21789,3.9e-05,172.31.33.0-255,66,4730,34,221568
21790,4.4e-05,74.125.24.0-255,4320,9050,34,221568
21791,4.7e-05,172.31.33.0-255,66,9116,34,221568
21792,7e-05,74.125.24.0-255,2902,12018,34,221568
21793,7.3e-05,172.31.33.0-255,66,12084,34,221568
21794,7.7e-05,74.125.24.0-255,2902,14986,34,221568
21795,7.9e-05,172.31.33.0-255,66,15052,34,221568
21796,0.000105,172.31.33.0-255,66,15118,34,221568
21797,0.00013,74.125.24.0-255,5379,20497,34,221568
21798,0.000133,172.31.33.0-255,66,20563,34,221568
21799,0.000184,74.125.24.0-255,1484,22047,34,221568
21800,0.000187,172.31.33.0-255,66,22113,34,221568
21801,0.000191,74.125.24.0-255,2902,25015,34,221568
21802,0.000193,172.31.33.0-255,66,25081,34,221568
21803,0.000198,74.125.24.0-255,5738,30819,34,221568
21804,0.0002,172.31.33.0-255,66,30885,34,221568
21805,0.000226,74.125.24.0-255,5738,36623,34,221568
21806,0.000228,172.31.33.0-255,66,36689,34,221568
21807,0.000248,74.125.24.0-255,6797,43486,34,221568
21808,0.00025,172.31.33.0-255,66,43552,34,221568
21809,0.000276,74.125.24.0-255,2902,46454,34,221568
21810,0.000279,172.31.33.0-255,66,46520,34,221568
21811,0.000306,172.31.33.0-255,66,46586,34,221568
21812,0.000308,74.125.24.0-255,125,46711,34,221568
21813,0.00031,172.31.33.0-255,66,46777,34,221568
21814,0.000355,74.125.24.0-255,352,47129,34,221568
21815,0.000614,74.125.24.0-255,1484,48613,34,221568
21816,0.000618,172.31.33.0-255,66,48679,34,221568
21817,0.000623,74.125.24.0-255,2902,51581,34,221568
21818,0.000625,172.31.33.0-255,66,51647,34,221568
21819,0.000647,74.125.24.0-255,4320,55967,34,221568
21820,0.000651,172.31.33.0-255,66,56033,34,221568
21821,0.000658,74.125.24.0-255,1484,57517,34,221568
21822,0.000664,74.125.24.0-255,5738,63255,34,221568
21823,0.000668,172.31.33.0-255,66,63321,34,221568
21824,0.000718,74.125.24.0-255,4469,67790,34,221568
21825,0.000719,172.31.33.0-255,66,67856,34,221568
21826,0.000724,172.31.33.0-255,66,67922,34,221568
21827,0.000772,74.125.24.0-255,1484,69406,34,221568
21828,0.000786,74.125.24.0-255,2902,72308,34,221568
21829,0.000789,172.31.33.0-255,66,72374,34,221568
21830,0.000803,74.125.24.0-255,5738,78112,34,221568
21831,0.000808,74.125.24.0-255,2902,81014,34,221568
21832,0.000812,172.31.33.0-255,66,81080,34,221568
21833,0.000853,172.31.33.0-255,66,81146,34,221568
21834,0.000869,74.125.24.0-255,5738,86884,34,221568
21835,0.000875,172.31.33.0-255,66,86950,34,221568
21836,0.000891,74.125.24.0-255,5020,91970,34,221568
21837,0.000895,172.31.33.0-255,66,92036,34,221568
21838,0.001042,74.125.24.0-255,1484,93520,34,221568
21839,0.001062,74.125.24.0-255,2902,96422,34,221568
21840,0.001066,172.31.33.0-255,66,96488,34,221568
21841,0.001096,74.125.24.0-255,4320,100808,34,221568
21842,0.001098,172.31.33.0-255,66,100874,34,221568
21843,0.001109,74.125.24.0-255,1484,102358,34,221568
21844,0.001126,172.31.33.0-255,66,102424,34,221568
21845,0.00114,74.125.24.0-255,7156,109580,34,221568
21846,0.00115,172.31.33.0-255,66,109646,34,221568
21847,0.001156,74.125.24.0-255,3602,113248,34,221568
21848,0.001161,172.31.33.0-255,66,113314,34,221568
21849,0.001176,74.125.24.0-255,1484,114798,34,221568
21850,0.00119,74.125.24.0-255,2902,117700,34,221568
21851,0.001192,74.125.24.0-255,1484,119184,34,221568
21852,0.001193,172.31.33.0-255,66,119250,34,221568
21853,0.001213,74.125.24.0-255,4320,123570,34,221568
21854,0.001223,172.31.33.0-255,66,123636,34,221568
21855,0.001227,172.31.33.0-255,66,123702,34,221568
21856,0.001238,74.125.24.0-255,1484,125186,34,221568
21857,0.001256,172.31.33.0-255,66,125252,34,221568
21858,0.001271,74.125.24.0-255,1484,126736,34,221568
21859,0.001284,74.125.24.0-255,766,127502,34,221568
21860,0.001289,172.31.33.0-255,66,127568,34,221568
21861,0.001341,74.125.24.0-255,1484,129052,34,221568
21862,0.001354,74.125.24.0-255,2902,131954,34,221568
21863,0.00136,172.31.33.0-255,66,132020,34,221568
21864,0.001378,74.125.24.0-255,5738,137758,34,221568
21865,0.001382,172.31.33.0-255,66,137824,34,221568
21866,0.001394,74.125.24.0-255,2902,140726,34,221568
21867,0.001404,172.31.33.0-255,66,140792,34,221568
21868,0.001425,172.31.33.0-255,66,140858,34,221568
21869,0.001455,74.125.24.0-255,5738,146596,34,221568
21870,0.001458,172.31.33.0-255,66,146662,34,221568
21871,0.001477,74.125.24.0-255,5020,151682,34,221568
21872,0.001485,172.31.33.0-255,66,151748,34,221568
21873,0.001523,74.125.24.0-255,1484,153232,34,221568
21874,0.00153,74.125.24.0-255,2902,156134,34,221568
21875,0.001534,172.31.33.0-255,66,156200,34,221568
21876,0.00155,74.125.24.0-255,5738,161938,34,221568
21877,0.001563,172.31.33.0-255,66,162004,34,221568
21878,0.001564,74.125.24.0-255,1484,163488,34,221568
21879,0.001587,74.125.24.0-255,5738,169226,34,221568
21880,0.00159,172.31.33.0-255,66,169292,34,221568
21881,0.001619,172.31.33.0-255,66,169358,34,221568
21882,0.001654,74.125.24.0-255,3602,172960,34,221568
21883,0.001663,172.31.33.0-255,66,173026,34,221568
21884,0.001741,74.125.24.0-255,1484,174510,34,221568
21885,0.001758,74.125.24.0-255,2902,177412,34,221568
21886,0.001762,172.31.33.0-255,66,177478,34,221568
21887,0.001767,74.125.24.0-255,4320,181798,34,221568
21888,0.001776,172.31.33.0-255,66,181864,34,221568
21889,0.001779,74.125.24.0-255,1484,183348,34,221568
21890,0.001812,172.31.33.0-255,66,183414,34,221568
21891,0.001826,74.125.24.0-255,7156,190570,34,221568
21892,0.001836,172.31.33.0-255,66,190636,34,221568
21893,0.001856,74.125.24.0-255,3602,194238,34,221568
21894,0.001865,172.31.33.0-255,66,194304,34,221568
21895,0.001882,74.125.24.0-255,4320,198624,34,221568
21896,0.001887,172.31.33.0-255,66,198690,34,221568
21897,0.00191,74.125.24.0-255,5738,204428,34,221568
21898,0.001917,74.125.24.0-255,7156,211584,34,221568
21899,0.001917,172.31.33.0-255,66,211650,34,221568
21900,0.001922,172.31.33.0-255,66,211716,34,221568
21901,0.001973,172.31.33.0-255,66,211782,34,221568
21902,0.002014,74.125.24.0-255,5020,216802,34,221568
21903,0.002027,172.31.33.0-255,66,216868,34,221568
21904,0.002039,172.31.33.0-255,66,216934,34,221568
21905,0.002095,172.31.33.0-255,66,217000,34,221568
21906,0.002126,172.31.33.0-255,66,217066,34,221568
21907,0.002147,74.125.24.0-255,4331,221397,34,221568
21908,0.00215,74.125.24.0-255,105,221502,34,221568
21909,0.002153,172.31.33.0-255,66,221568,34,221568
21910,0.0,74.125.24.0-255,152,152,34,238416
21911,2.1e-05,172.31.33.0-255,66,218,34,238416
21912,3.6e-05,74.125.24.0-255,1484,1702,34,238416
21913,4e-05,172.31.33.0-255,66,1768,34,238416
21914,4.3e-05,74.125.24.0-255,1484,3252,34,238416
21915,4.5e-05,172.31.33.0-255,66,3318,34,238416
21916,6.5e-05,74.125.24.0-255,1484,4802,34,238416
21917,6.7e-05,172.31.33.0-255,66,4868,34,238416
21918,7e-05,74.125.24.0-255,1484,6352,34,238416
21919,7.1e-05,172.31.33.0-255,66,6418,34,238416
21920,7.5e-05,74.125.24.0-255,2902,9320,34,238416
21921,7.7e-05,172.31.33.0-255,66,9386,34,238416
21922,9.9e-05,74.125.24.0-255,6321,15707,34,238416
21923,0.000101,172.31.33.0-255,66,15773,34,238416
21924,0.00012,74.125.24.0-255,2902,18675,34,238416
21925,0.000122,172.31.33.0-255,66,18741,34,238416
21926,0.000152,172.31.33.0-255,66,18807,34,238416
21927,0.000155,74.125.24.0-255,1125,19932,34,238416
21928,0.000156,172.31.33.0-255,66,19998,34,238416
21929,0.000168,74.125.24.0-255,1484,21482,34,238416
21930,0.00017,172.31.33.0-255,66,21548,34,238416
21931,0.000174,74.125.24.0-255,2902,24450,34,238416
21932,0.000176,172.31.33.0-255,66,24516,34,238416
21933,0.000179,74.125.24.0-255,1484,26000,34,238416
21934,0.000181,172.31.33.0-255,66,26066,34,238416
21935,0.000207,74.125.24.0-255,4320,30386,34,238416
21936,0.000209,172.31.33.0-255,66,30452,34,238416
21937,0.000213,74.125.24.0-255,4320,34772,34,238416
21938,0.000215,172.31.33.0-255,66,34838,34,238416
21939,0.000252,74.125.24.0-255,2543,37381,34,238416
21940,0.000255,172.31.33.0-255,66,37447,34,238416
21941,0.000855,74.125.24.0-255,1484,38931,34,238416
21942,0.000868,74.125.24.0-255,2902,41833,34,238416
21943,0.000873,172.31.33.0-255,66,41899,34,238416
21944,0.000878,74.125.24.0-255,1484,43383,34,238416
21945,0.000899,74.125.24.0-255,4320,47703,34,238416
21946,0.000902,172.31.33.0-255,66,47769,34,238416
21947,0.000906,74.125.24.0-255,1484,49253,34,238416
21948,0.000931,74.125.24.0-255,6797,56050,34,238416
21949,0.000934,172.31.33.0-255,66,56116,34,238416
21950,0.000939,74.125.24.0-255,4320,60436,34,238416
21951,0.000941,172.31.33.0-255,66,60502,34,238416
21952,0.000956,74.125.24.0-255,4320,64822,34,238416
21953,0.000958,172.31.33.0-255,66,64888,34,238416
21954,0.000974,74.125.24.0-255,2902,67790,34,238416
21955,0.000977,172.31.33.0-255,66,67856,34,238416
21956,0.001003,74.125.24.0-255,3961,71817,34,238416
21957,0.001006,172.31.33.0-255,66,71883,34,238416
21958,0.00101,74.125.24.0-255,2902,74785,34,238416
21959,0.001012,172.31.33.0-255,66,74851,34,238416
21960,0.001016,74.125.24.0-255,4320,79171,34,238416
21961,0.001018,172.31.33.0-255,66,79237,34,238416
21962,0.001053,172.31.33.0-255,66,79303,34,238416
21963,0.001073,74.125.24.0-255,1705,81008,34,238416
21964,0.001076,172.31.33.0-255,66,81074,34,238416
21965,0.001528,74.125.24.0-255,1484,82558,34,238416
21966,0.001537,74.125.24.0-255,2902,85460,34,238416
21967,0.001541,172.31.33.0-255,66,85526,34,238416
21968,0.001576,74.125.24.0-255,2902,88428,34,238416
21969,0.001579,172.31.33.0-255,66,88494,34,238416
21970,0.001586,74.125.24.0-255,4320,92814,34,238416
21971,0.001588,172.31.33.0-255,66,92880,34,238416
21972,0.00161,172.31.33.0-255,66,92946,34,238416
21973,0.001634,74.125.24.0-255,7156,100102,34,238416
21974,0.001637,172.31.33.0-255,66,100168,34,238416
21975,0.001654,74.125.24.0-255,2902,103070,34,238416
21976,0.001656,172.31.33.0-255,66,103136,34,238416
21977,0.001675,74.125.24.0-255,3602,106738,34,238416
21978,0.001677,172.31.33.0-255,66,106804,34,238416
21979,0.001733,74.125.24.0-255,1484,108288,34,238416
21980,0.001749,74.125.24.0-255,2902,111190,34,238416
21981,0.001751,172.31.33.0-255,66,111256,34,238416
21982,0.001757,74.125.24.0-255,4320,115576,34,238416
21983,0.001758,172.31.33.0-255,66,115642,34,238416
21984,0.00177,74.125.24.0-255,1484,117126,34,238416
21985,0.001783,74.125.24.0-255,4320,121446,34,238416
21986,0.001785,172.31.33.0-255,66,121512,34,238416
21987,0.001813,172.31.33.0-255,66,121578,34,238416
21988,0.001823,172.31.33.0-255,66,121644,34,238416
21989,0.001826,74.125.24.0-255,766,122410,34,238416
21990,0.001839,74.125.24.0-255,1484,123894,34,238416
21991,0.001842,172.31.33.0-255,66,123960,34,238416
21992,0.001865,74.125.24.0-255,4320,128280,34,238416
21993,0.001869,172.31.33.0-255,66,128346,34,238416
21994,0.001877,74.125.24.0-255,2902,131248,34,238416
21995,0.00188,172.31.33.0-255,66,131314,34,238416
21996,0.001908,74.125.24.0-255,7156,138470,34,238416
21997,0.001912,172.31.33.0-255,66,138536,34,238416
21998,0.001921,172.31.33.0-255,66,138602,34,238416
21999,0.001976,74.125.24.0-255,2902,141504,34,238416
22000,0.001979,172.31.33.0-255,66,141570,34,238416
22001,0.001999,74.125.24.0-255,6438,148008,34,238416
22002,0.002036,172.31.33.0-255,66,148074,34,238416
22003,0.002047,74.125.24.0-255,1484,149558,34,238416
22004,0.002057,74.125.24.0-255,1484,151042,34,238416
22005,0.002059,172.31.33.0-255,66,151108,34,238416
22006,0.002077,74.125.24.0-255,1484,152592,34,238416
22007,0.002083,74.125.24.0-255,5738,158330,34,238416
22008,0.002085,172.31.33.0-255,66,158396,34,238416
22009,0.002103,74.125.24.0-255,2902,161298,34,238416
22010,0.002105,172.31.33.0-255,66,161364,34,238416
22011,0.00213,74.125.24.0-255,7156,168520,34,238416
22012,0.002134,172.31.33.0-255,66,168586,34,238416
22013,0.002172,172.31.33.0-255,66,168652,34,238416
22014,0.002192,74.125.24.0-255,5020,173672,34,238416
22015,0.002194,172.31.33.0-255,66,173738,34,238416
22016,0.002792,74.125.24.0-255,1484,175222,34,238416
22017,0.0028,74.125.24.0-255,2902,178124,34,238416
22018,0.002803,172.31.33.0-255,66,178190,34,238416
22019,0.002811,74.125.24.0-255,5738,183928,34,238416
22020,0.002813,172.31.33.0-255,66,183994,34,238416
22021,0.002825,74.125.24.0-255,1484,185478,34,238416
22022,0.002855,172.31.33.0-255,66,185544,34,238416
22023,0.002865,172.31.33.0-255,66,185610,34,238416
22024,0.002883,74.125.24.0-255,1484,187094,34,238416
22025,0.002885,74.125.24.0-255,766,187860,34,238416
22026,0.002888,172.31.33.0-255,66,187926,34,238416
22027,0.002908,74.125.24.0-255,1484,189410,34,238416
22028,0.002929,74.125.24.0-255,4320,193730,34,238416
22029,0.002932,172.31.33.0-255,66,193796,34,238416
22030,0.002938,74.125.24.0-255,4320,198116,34,238416
22031,0.002939,172.31.33.0-255,66,198182,34,238416
22032,0.002957,74.125.24.0-255,5738,203920,34,238416
22033,0.002959,172.31.33.0-255,66,203986,34,238416
22034,0.002964,74.125.24.0-255,4320,208306,34,238416
22035,0.002966,172.31.33.0-255,66,208372,34,238416
22036,0.002998,172.31.33.0-255,66,208438,34,238416
22037,0.003004,74.125.24.0-255,4320,212758,34,238416
22038,0.003005,172.31.33.0-255,66,212824,34,238416
22039,0.003042,172.31.33.0-255,66,212890,34,238416
22040,0.003092,172.31.33.0-255,66,212956,34,238416
22041,0.003122,172.31.33.0-255,66,213022,34,238416
22042,0.003126,74.125.24.0-255,2902,215924,34,238416
22043,0.003128,172.31.33.0-255,66,215990,34,238416
22044,0.003133,74.125.24.0-255,4320,220310,34,238416
22045,0.003135,172.31.33.0-255,66,220376,34,238416
22046,0.003145,172.31.33.0-255,66,220442,34,238416
22047,0.003148,74.125.24.0-255,1484,221926,34,238416
22048,0.003187,172.31.33.0-255,66,221992,34,238416
22049,0.003202,74.125.24.0-255,1484,223476,34,238416
22050,0.00322,74.125.24.0-255,1484,224960,34,238416
22051,0.003223,172.31.33.0-255,66,225026,34,238416
22052,0.003228,74.125.24.0-255,4320,229346,34,238416
22053,0.00323,172.31.33.0-255,66,229412,34,238416
22054,0.003254,74.125.24.0-255,1484,230896,34,238416
22055,0.003283,172.31.33.0-255,66,230962,34,238416
22056,0.003286,74.125.24.0-255,1484,232446,34,238416
22057,0.003335,74.125.24.0-255,5562,238008,34,238416
22058,0.003339,172.31.33.0-255,66,238074,34,238416
22059,0.003357,74.125.24.0-255,105,238179,34,238416
22060,0.004674,172.31.33.0-255,66,238245,34,238416
22061,0.004708,172.31.33.0-255,105,238350,34,238416
22062,0.006961,74.125.24.0-255,66,238416,34,238416
22063,0.0,74.125.200.0-255,146,146,34,358719
22064,1.3e-05,172.31.33.0-255,66,212,34,358719
22065,1.9e-05,74.125.200.0-255,1484,1696,34,358719
22066,2.3e-05,172.31.33.0-255,66,1762,34,358719
22067,2.8e-05,74.125.200.0-255,2902,4664,34,358719
22068,3.2e-05,172.31.33.0-255,66,4730,34,358719
22069,3.6e-05,74.125.200.0-255,2902,7632,34,358719
22070,3.8e-05,172.31.33.0-255,66,7698,34,358719
22071,4.3e-05,74.125.200.0-255,4320,12018,34,358719
22072,4.5e-05,172.31.33.0-255,66,12084,34,358719
22073,8.8e-05,74.125.200.0-255,2018,14102,34,358719
22074,9.1e-05,172.31.33.0-255,66,14168,34,358719
22075,0.000144,74.125.200.0-255,1484,15652,34,358719
22076,0.000146,172.31.33.0-255,66,15718,34,358719
22077,0.00015,74.125.200.0-255,2902,18620,34,358719
22078,0.000152,172.31.33.0-255,66,18686,34,358719
22079,0.000171,74.125.200.0-255,2902,21588,34,358719
22080,0.000173,172.31.33.0-255,66,21654,34,358719
22081,0.00019,74.125.200.0-255,2902,24556,34,358719
22082,0.000193,172.31.33.0-255,66,24622,34,358719
22083,0.000197,74.125.200.0-255,4320,28942,34,358719
22084,0.000199,172.31.33.0-255,66,29008,34,358719
22085,0.000236,74.125.200.0-255,2543,31551,34,358719
22086,0.000238,172.31.33.0-255,66,31617,34,358719
22087,0.000353,74.125.200.0-255,1484,33101,34,358719
22088,0.000357,172.31.33.0-255,66,33167,34,358719
22089,0.00037,74.125.200.0-255,2902,36069,34,358719
22090,0.000373,172.31.33.0-255,66,36135,34,358719
22091,0.00039,74.125.200.0-255,1484,37619,34,358719
22092,0.000392,172.31.33.0-255,66,37685,34,358719
22093,0.000397,74.125.200.0-255,2902,40587,34,358719
22094,0.000399,172.31.33.0-255,66,40653,34,358719
22095,0.000417,74.125.200.0-255,2902,43555,34,358719
22096,0.00042,172.31.33.0-255,66,43621,34,358719
22097,0.000444,74.125.200.0-255,2902,46523,34,358719
22098,0.000447,172.31.33.0-255,66,46589,34,358719
22099,0.000451,74.125.200.0-255,2543,49132,34,358719
22100,0.000453,172.31.33.0-255,66,49198,34,358719
22101,0.000522,74.125.200.0-255,1484,50682,34,358719
22102,0.000525,172.31.33.0-255,66,50748,34,358719
22103,0.000529,74.125.200.0-255,1484,52232,34,358719
22104,0.000531,172.31.33.0-255,66,52298,34,358719
22105,0.000549,74.125.200.0-255,2902,55200,34,358719
22106,0.000552,172.31.33.0-255,66,55266,34,358719
22107,0.000578,74.125.200.0-255,5738,61004,34,358719
22108,0.00058,172.31.33.0-255,66,61070,34,358719
22109,0.000595,74.125.200.0-255,5725,66795,34,358719
22110,0.000597,172.31.33.0-255,66,66861,34,358719
22111,0.000632,74.125.200.0-255,330,67191,34,358719
22112,0.000957,172.31.33.0-255,66,67257,34,358719
22113,0.001015,74.125.200.0-255,1484,68741,34,358719
22114,0.001027,74.125.200.0-255,1484,70225,34,358719
22115,0.00103,172.31.33.0-255,66,70291,34,358719
22116,0.001046,74.125.200.0-255,1484,71775,34,358719
22117,0.001051,74.125.200.0-255,4320,76095,34,358719
22118,0.001053,172.31.33.0-255,66,76161,34,358719
22119,0.001075,74.125.200.0-255,5738,81899,34,358719
22120,0.001077,172.31.33.0-255,66,81965,34,358719
22121,0.001096,74.125.200.0-255,5738,87703,34,358719
22122,0.001098,172.31.33.0-255,66,87769,34,358719
22123,0.001124,74.125.200.0-255,5738,93507,34,358719
22124,0.001126,172.31.33.0-255,66,93573,34,358719
22125,0.001131,74.125.200.0-255,4320,97893,34,358719
22126,0.001133,172.31.33.0-255,66,97959,34,358719
22127,0.001156,74.125.200.0-255,3602,101561,34,358719
22128,0.001159,172.31.33.0-255,66,101627,34,358719
22129,0.001666,74.125.200.0-255,1484,103111,34,358719
22130,0.001683,74.125.200.0-255,2902,106013,34,358719
22131,0.001697,172.31.33.0-255,66,106079,34,358719
22132,0.001704,74.125.200.0-255,5738,111817,34,358719
22133,0.001705,172.31.33.0-255,66,111883,34,358719
22134,0.001711,74.125.200.0-255,4320,116203,34,358719
22135,0.001713,172.31.33.0-255,66,116269,34,358719
22136,0.001736,74.125.200.0-255,5738,122007,34,358719
22137,0.001738,172.31.33.0-255,66,122073,34,358719
22138,0.001752,74.125.200.0-255,5738,127811,34,358719
22139,0.001754,172.31.33.0-255,66,127877,34,358719
22140,0.001772,74.125.200.0-255,5738,133615,34,358719
22141,0.001774,172.31.33.0-255,66,133681,34,358719
22142,0.001778,74.125.200.0-255,2184,135865,34,358719
22143,0.001779,172.31.33.0-255,66,135931,34,358719
22144,0.001971,74.125.200.0-255,1484,137415,34,358719
22145,0.001987,74.125.200.0-255,2902,140317,34,358719
22146,0.00199,172.31.33.0-255,66,140383,34,358719
22147,0.002022,74.125.200.0-255,1484,141867,34,358719
22148,0.002049,74.125.200.0-255,2902,144769,34,358719
22149,0.002051,172.31.33.0-255,66,144835,34,358719
22150,0.002067,74.125.200.0-255,1484,146319,34,358719
22151,0.002076,74.125.200.0-255,1484,147803,34,358719
22152,0.002078,172.31.33.0-255,66,147869,34,358719
22153,0.002081,74.125.200.0-255,1484,149353,34,358719
22154,0.002095,74.125.200.0-255,1484,150837,34,358719
22155,0.002097,172.31.33.0-255,66,150903,34,358719
22156,0.002111,74.125.200.0-255,2902,153805,34,358719
22157,0.002113,172.31.33.0-255,66,153871,34,358719
22158,0.002136,74.125.200.0-255,4320,158191,34,358719
22159,0.002139,172.31.33.0-255,66,158257,34,358719
22160,0.002171,74.125.200.0-255,2902,161159,34,358719
22161,0.002173,172.31.33.0-255,66,161225,34,358719
22162,0.002227,74.125.200.0-255,1484,162709,34,358719
22163,0.002248,74.125.200.0-255,1484,164193,34,358719
22164,0.00225,172.31.33.0-255,66,164259,34,358719
22165,0.002268,74.125.200.0-255,1484,165743,34,358719
22166,0.002291,74.125.200.0-255,1484,167227,34,358719
22167,0.002292,172.31.33.0-255,66,167293,34,358719
22168,0.002309,74.125.200.0-255,2902,170195,34,358719
22169,0.002311,172.31.33.0-255,66,170261,34,358719
22170,0.002357,74.125.200.0-255,766,171027,34,358719
22171,0.002551,74.125.200.0-255,1484,172511,34,358719
22172,0.002553,172.31.33.0-255,66,172577,34,358719
22173,0.002573,74.125.200.0-255,2902,175479,34,358719
22174,0.002575,172.31.33.0-255,66,175545,34,358719
22175,0.002596,74.125.200.0-255,4320,179865,34,358719
22176,0.002598,172.31.33.0-255,66,179931,34,358719
22177,0.002601,74.125.200.0-255,1484,181415,34,358719
22178,0.002618,74.125.200.0-255,4320,185735,34,358719
22179,0.002621,172.31.33.0-255,66,185801,34,358719
22180,0.002623,74.125.200.0-255,1484,187285,34,358719
22181,0.002651,74.125.200.0-255,4320,191605,34,358719
22182,0.002654,172.31.33.0-255,66,191671,34,358719
22183,0.002665,74.125.200.0-255,1484,193155,34,358719
22184,0.002684,74.125.200.0-255,5738,198893,34,358719
22185,0.002686,172.31.33.0-255,66,198959,34,358719
22186,0.002689,74.125.200.0-255,1484,200443,34,358719
22187,0.002713,74.125.200.0-255,2902,203345,34,358719
22188,0.002716,172.31.33.0-255,66,203411,34,358719
22189,0.002748,74.125.200.0-255,2184,205595,34,358719
22190,0.00275,172.31.33.0-255,66,205661,34,358719
22191,0.002842,74.125.200.0-255,1484,207145,34,358719
22192,0.002857,74.125.200.0-255,2902,210047,34,358719
22193,0.002859,172.31.33.0-255,66,210113,34,358719
22194,0.002877,74.125.200.0-255,4320,214433,34,358719
22195,0.00288,172.31.33.0-255,66,214499,34,358719
22196,0.0029,74.125.200.0-255,2902,217401,34,358719
22197,0.002902,172.31.33.0-255,66,217467,34,358719
22198,0.00292,74.125.200.0-255,2902,220369,34,358719
22199,0.002922,172.31.33.0-255,66,220435,34,358719
22200,0.002948,74.125.200.0-255,7156,227591,34,358719
22201,0.00295,172.31.33.0-255,66,227657,34,358719
22202,0.002968,74.125.200.0-255,7156,234813,34,358719
22203,0.00297,172.31.33.0-255,66,234879,34,358719
22204,0.002988,74.125.200.0-255,1484,236363,34,358719
22205,0.003005,74.125.200.0-255,1484,237847,34,358719
22206,0.003007,172.31.33.0-255,66,237913,34,358719
22207,0.003024,74.125.200.0-255,2184,240097,34,358719
22208,0.003025,172.31.33.0-255,66,240163,34,358719
22209,0.003117,74.125.200.0-255,1484,241647,34,358719
22210,0.003132,74.125.200.0-255,1484,243131,34,358719
22211,0.003134,172.31.33.0-255,66,243197,34,358719
22212,0.003156,74.125.200.0-255,2902,246099,34,358719
22213,0.003158,172.31.33.0-255,66,246165,34,358719
22214,0.003186,74.125.200.0-255,7156,253321,34,358719
22215,0.003189,172.31.33.0-255,66,253387,34,358719
22216,0.003192,74.125.200.0-255,1484,254871,34,358719
22217,0.003194,74.125.200.0-255,1484,256355,34,358719
22218,0.003196,172.31.33.0-255,66,256421,34,358719
22219,0.003201,74.125.200.0-255,2902,259323,34,358719
22220,0.003203,172.31.33.0-255,66,259389,34,358719
22221,0.003218,74.125.200.0-255,2902,262291,34,358719
22222,0.00322,172.31.33.0-255,66,262357,34,358719
22223,0.003225,74.125.200.0-255,4320,266677,34,358719
22224,0.003227,172.31.33.0-255,66,266743,34,358719
22225,0.003252,74.125.200.0-255,5738,272481,34,358719
22226,0.003254,172.31.33.0-255,66,272547,34,358719
22227,0.003272,74.125.200.0-255,4320,276867,34,358719
22228,0.003274,172.31.33.0-255,66,276933,34,358719
22229,0.003298,74.125.200.0-255,3602,280535,34,358719
22230,0.0033,172.31.33.0-255,66,280601,34,358719
22231,0.003304,74.125.200.0-255,4320,284921,34,358719
22232,0.003306,172.31.33.0-255,66,284987,34,358719
22233,0.003312,74.125.200.0-255,5738,290725,34,358719
22234,0.003314,172.31.33.0-255,66,290791,34,358719
22235,0.003348,172.31.33.0-255,66,290857,34,358719
22236,0.003353,74.125.200.0-255,4320,295177,34,358719
22237,0.003354,172.31.33.0-255,66,295243,34,358719
22238,0.003392,74.125.200.0-255,5738,300981,34,358719
22239,0.003394,172.31.33.0-255,66,301047,34,358719
22240,0.003411,74.125.200.0-255,2184,303231,34,358719
22241,0.003413,172.31.33.0-255,66,303297,34,358719
22242,0.003419,74.125.200.0-255,5738,309035,34,358719
22243,0.003421,172.31.33.0-255,66,309101,34,358719
22244,0.003432,74.125.200.0-255,2902,312003,34,358719
22245,0.003434,172.31.33.0-255,66,312069,34,358719
22246,0.003438,74.125.200.0-255,4320,316389,34,358719
22247,0.00344,172.31.33.0-255,66,316455,34,358719
22248,0.003443,74.125.200.0-255,1484,317939,34,358719
22249,0.003457,74.125.200.0-255,4320,322259,34,358719
22250,0.003459,172.31.33.0-255,66,322325,34,358719
22251,0.003487,74.125.200.0-255,2902,325227,34,358719
22252,0.003488,172.31.33.0-255,66,325293,34,358719
22253,0.00351,74.125.200.0-255,6438,331731,34,358719
22254,0.003512,172.31.33.0-255,66,331797,34,358719
22255,0.003542,74.125.200.0-255,1484,333281,34,358719
22256,0.00356,74.125.200.0-255,2902,336183,34,358719
22257,0.003562,172.31.33.0-255,66,336249,34,358719
22258,0.003565,74.125.200.0-255,1484,337733,34,358719
22259,0.003584,74.125.200.0-255,4320,342053,34,358719
22260,0.003586,172.31.33.0-255,66,342119,34,358719
22261,0.003591,74.125.200.0-255,4320,346439,34,358719
22262,0.003593,172.31.33.0-255,66,346505,34,358719
22263,0.003642,74.125.200.0-255,5738,352243,34,358719
22264,0.003644,172.31.33.0-255,66,352309,34,358719
22265,0.003655,172.31.33.0-255,66,352375,34,358719
22266,0.003657,74.125.200.0-255,1484,353859,34,358719
22267,0.003695,74.125.200.0-255,2902,356761,34,358719
22268,0.003697,172.31.33.0-255,66,356827,34,358719
22269,0.003725,172.31.33.0-255,66,356893,34,358719
22270,0.003746,74.125.200.0-255,1484,358377,34,358719
22271,0.003774,172.31.33.0-255,66,358443,34,358719
22272,0.003776,74.125.200.0-255,105,358548,34,358719
22273,0.008307,172.31.33.0-255,66,358614,34,358719
22274,0.008343,172.31.33.0-255,105,358719,34,358719
22275,0.0,172.217.194.0-255,153,153,34,218670
22276,2.3e-05,172.31.33.0-255,66,219,34,218670
22277,3.1e-05,172.217.194.0-255,1484,1703,34,218670
22278,3.5e-05,172.31.33.0-255,66,1769,34,218670
22279,4.8e-05,172.217.194.0-255,2902,4671,34,218670
22280,5.1e-05,172.31.33.0-255,66,4737,34,218670
22281,5.8e-05,172.217.194.0-255,7156,11893,34,218670
22282,6.1e-05,172.31.33.0-255,66,11959,34,218670
22283,0.000109,172.31.33.0-255,66,12025,34,218670
22284,0.000114,172.217.194.0-255,2543,14568,34,218670
22285,0.000116,172.31.33.0-255,66,14634,34,218670
22286,0.00015,172.217.194.0-255,1484,16118,34,218670
22287,0.000152,172.31.33.0-255,66,16184,34,218670
22288,0.000177,172.217.194.0-255,1484,17668,34,218670
22289,0.000179,172.31.33.0-255,66,17734,34,218670
22290,0.000186,172.217.194.0-255,7156,24890,34,218670
22291,0.000189,172.31.33.0-255,66,24956,34,218670
22292,0.000196,172.217.194.0-255,6797,31753,34,218670
22293,0.000199,172.31.33.0-255,66,31819,34,218670
22294,0.000274,172.217.194.0-255,7156,38975,34,218670
22295,0.000279,172.31.33.0-255,66,39041,34,218670
22296,0.000295,172.217.194.0-255,2902,41943,34,218670
22297,0.000298,172.31.33.0-255,66,42009,34,218670
22298,0.00034,172.217.194.0-255,4320,46329,34,218670
22299,0.000343,172.31.33.0-255,66,46395,34,218670
22300,0.000358,172.217.194.0-255,2855,49250,34,218670
22301,0.000361,172.31.33.0-255,66,49316,34,218670
22302,0.000364,172.217.194.0-255,365,49681,34,218670
22303,0.000365,172.31.33.0-255,66,49747,34,218670
22304,0.000523,172.217.194.0-255,1484,51231,34,218670
22305,0.000528,172.31.33.0-255,66,51297,34,218670
22306,0.000534,172.217.194.0-255,2902,54199,34,218670
22307,0.000536,172.31.33.0-255,66,54265,34,218670
22308,0.000542,172.217.194.0-255,5738,60003,34,218670
22309,0.000549,172.31.33.0-255,66,60069,34,218670
22310,0.000557,172.217.194.0-255,6797,66866,34,218670
22311,0.00056,172.31.33.0-255,66,66932,34,218670
22312,0.000592,172.31.33.0-255,66,66998,34,218670
22313,0.000616,172.217.194.0-255,5738,72736,34,218670
22314,0.000618,172.31.33.0-255,66,72802,34,218670
22315,0.000623,172.217.194.0-255,2543,75345,34,218670
22316,0.000625,172.31.33.0-255,66,75411,34,218670
22317,0.001118,172.217.194.0-255,1484,76895,34,218670
22318,0.001125,172.217.194.0-255,2902,79797,34,218670
22319,0.001129,172.31.33.0-255,66,79863,34,218670
22320,0.001136,172.217.194.0-255,5738,85601,34,218670
22321,0.001138,172.31.33.0-255,66,85667,34,218670
22322,0.001186,172.31.33.0-255,66,85733,34,218670
22323,0.001189,172.31.33.0-255,66,85799,34,218670
22324,0.001212,172.217.194.0-255,1484,87283,34,218670
22325,0.001216,172.217.194.0-255,766,88049,34,218670
22326,0.001218,172.31.33.0-255,66,88115,34,218670
22327,0.00131,172.217.194.0-255,1484,89599,34,218670
22328,0.001324,172.217.194.0-255,2902,92501,34,218670
22329,0.001327,172.31.33.0-255,66,92567,34,218670
22330,0.001334,172.217.194.0-255,5738,98305,34,218670
22331,0.001336,172.31.33.0-255,66,98371,34,218670
22332,0.001362,172.217.194.0-255,5738,104109,34,218670
22333,0.001365,172.31.33.0-255,66,104175,34,218670
22334,0.001395,172.217.194.0-255,7156,111331,34,218670
22335,0.001398,172.31.33.0-255,66,111397,34,218670
22336,0.001412,172.31.33.0-255,66,111463,34,218670
22337,0.00183,172.217.194.0-255,1484,112947,34,218670
22338,0.001836,172.217.194.0-255,2902,115849,34,218670
22339,0.001839,172.31.33.0-255,66,115915,34,218670
22340,0.001845,172.217.194.0-255,2902,118817,34,218670
22341,0.001847,172.31.33.0-255,66,118883,34,218670
22342,0.001874,172.217.194.0-255,2902,121785,34,218670
22343,0.001877,172.31.33.0-255,66,121851,34,218670
22344,0.001886,172.31.33.0-255,66,121917,34,218670
22345,0.001931,172.31.33.0-255,66,121983,34,218670
22346,0.00195,172.217.194.0-255,5020,127003,34,218670
22347,0.001952,172.31.33.0-255,66,127069,34,218670
22348,0.001998,172.31.33.0-255,66,127135,34,218670
22349,0.002012,172.31.33.0-255,66,127201,34,218670
22350,0.002045,172.217.194.0-255,1484,128685,34,218670
22351,0.002074,172.31.33.0-255,66,128751,34,218670
22352,0.00224,172.217.194.0-255,1484,130235,34,218670
22353,0.002245,172.217.194.0-255,2902,133137,34,218670
22354,0.002248,172.31.33.0-255,66,133203,34,218670
22355,0.002285,172.217.194.0-255,5738,138941,34,218670
22356,0.002288,172.31.33.0-255,66,139007,34,218670
22357,0.002291,172.217.194.0-255,1484,140491,34,218670
22358,0.002318,172.31.33.0-255,66,140557,34,218670
22359,0.002325,172.217.194.0-255,7156,147713,34,218670
22360,0.002328,172.31.33.0-255,66,147779,34,218670
22361,0.002335,172.217.194.0-255,6438,154217,34,218670
22362,0.002338,172.31.33.0-255,66,154283,34,218670
22363,0.00256,172.217.194.0-255,1484,155767,34,218670
22364,0.002567,172.217.194.0-255,2902,158669,34,218670
22365,0.00257,172.31.33.0-255,66,158735,34,218670
22366,0.002574,172.217.194.0-255,1484,160219,34,218670
22367,0.002593,172.217.194.0-255,4320,164539,34,218670
22368,0.002596,172.31.33.0-255,66,164605,34,218670
22369,0.002599,172.217.194.0-255,1484,166089,34,218670
22370,0.002633,172.31.33.0-255,66,166155,34,218670
22371,0.002639,172.217.194.0-255,4320,170475,34,218670
22372,0.002641,172.31.33.0-255,66,170541,34,218670
22373,0.002677,172.217.194.0-255,6438,176979,34,218670
22374,0.00268,172.31.33.0-255,66,177045,34,218670
22375,0.002683,172.217.194.0-255,1484,178529,34,218670
22376,0.002686,172.217.194.0-255,1484,180013,34,218670
22377,0.002688,172.31.33.0-255,66,180079,34,218670
22378,0.002704,172.217.194.0-255,1484,181563,34,218670
22379,0.00271,172.217.194.0-255,5738,187301,34,218670
22380,0.002717,172.31.33.0-255,66,187367,34,218670
22381,0.002722,172.217.194.0-255,4320,191687,34,218670
22382,0.002725,172.31.33.0-255,66,191753,34,218670
22383,0.00276,172.217.194.0-255,5738,197491,34,218670
22384,0.002763,172.31.33.0-255,66,197557,34,218670
22385,0.002776,172.31.33.0-255,66,197623,34,218670
22386,0.00278,172.217.194.0-255,2184,199807,34,218670
22387,0.002782,172.31.33.0-255,66,199873,34,218670
22388,0.00281,172.217.194.0-255,2902,202775,34,218670
22389,0.002813,172.31.33.0-255,66,202841,34,218670
22390,0.00282,172.217.194.0-255,7156,209997,34,218670
22391,0.002823,172.31.33.0-255,66,210063,34,218670
22392,0.002861,172.31.33.0-255,66,210129,34,218670
22393,0.002874,172.31.33.0-255,66,210195,34,218670
22394,0.002877,172.217.194.0-255,1484,211679,34,218670
22395,0.002888,172.31.33.0-255,66,211745,34,218670
22396,0.002921,172.31.33.0-255,66,211811,34,218670
22397,0.002924,172.217.194.0-255,1484,213295,34,218670
22398,0.002954,172.217.194.0-255,5075,218370,34,218670
22399,0.002957,172.31.33.0-255,66,218436,34,218670
22400,0.00298,172.217.194.0-255,105,218541,34,218670
22401,0.002992,172.217.194.0-255,129,218670,34,218670
22402,0.0,74.125.24.0-255,153,153,34,178969
22403,2e-05,172.31.33.0-255,66,219,34,178969
22404,2.7e-05,74.125.24.0-255,1484,1703,34,178969
22405,3.1e-05,172.31.33.0-255,66,1769,34,178969
22406,3.4e-05,74.125.24.0-255,1484,3253,34,178969
22407,3.6e-05,172.31.33.0-255,66,3319,34,178969
22408,5.7e-05,74.125.24.0-255,1484,4803,34,178969
22409,5.9e-05,172.31.33.0-255,66,4869,34,178969
22410,6.2e-05,74.125.24.0-255,1484,6353,34,178969
22411,6.7e-05,172.31.33.0-255,66,6419,34,178969
22412,0.000105,172.31.33.0-255,66,6485,34,178969
22413,0.000124,172.31.33.0-255,66,6551,34,178969
22414,0.000151,74.125.24.0-255,2543,9094,34,178969
22415,0.000153,172.31.33.0-255,66,9160,34,178969
22416,0.000198,74.125.24.0-255,2902,12062,34,178969
22417,0.000201,172.31.33.0-255,66,12128,34,178969
22418,0.000206,74.125.24.0-255,4320,16448,34,178969
22419,0.000208,172.31.33.0-255,66,16514,34,178969
22420,0.000213,74.125.24.0-255,5738,22252,34,178969
22421,0.000215,172.31.33.0-255,66,22318,34,178969
22422,0.000246,74.125.24.0-255,2902,25220,34,178969
22423,0.000249,172.31.33.0-255,66,25286,34,178969
22424,0.000252,74.125.24.0-255,1125,26411,34,178969
22425,0.000254,172.31.33.0-255,66,26477,34,178969
22426,0.000325,74.125.24.0-255,1484,27961,34,178969
22427,0.00033,172.31.33.0-255,66,28027,34,178969
22428,0.000338,74.125.24.0-255,2902,30929,34,178969
22429,0.000341,172.31.33.0-255,66,30995,34,178969
22430,0.000372,74.125.24.0-255,5738,36733,34,178969
22431,0.000375,172.31.33.0-255,66,36799,34,178969
22432,0.000418,172.31.33.0-255,66,36865,34,178969
22433,0.000882,74.125.24.0-255,1484,38349,34,178969
22434,0.000891,74.125.24.0-255,2902,41251,34,178969
22435,0.000894,172.31.33.0-255,66,41317,34,178969
22436,0.0009,74.125.24.0-255,4320,45637,34,178969
22437,0.000902,172.31.33.0-255,66,45703,34,178969
22438,0.000919,74.125.24.0-255,1484,47187,34,178969
22439,0.000924,74.125.24.0-255,4320,51507,34,178969
22440,0.000926,172.31.33.0-255,66,51573,34,178969
22441,0.000956,172.31.33.0-255,66,51639,34,178969
22442,0.000961,74.125.24.0-255,2902,54541,34,178969
22443,0.000962,172.31.33.0-255,66,54607,34,178969
22444,0.000992,172.31.33.0-255,66,54673,34,178969
22445,0.001389,74.125.24.0-255,1484,56157,34,178969
22446,0.001395,74.125.24.0-255,1484,57641,34,178969
22447,0.001398,172.31.33.0-255,66,57707,34,178969
22448,0.001409,74.125.24.0-255,1484,59191,34,178969
22449,0.001418,74.125.24.0-255,5738,64929,34,178969
22450,0.00142,172.31.33.0-255,66,64995,34,178969
22451,0.001448,172.31.33.0-255,66,65061,34,178969
22452,0.001475,74.125.24.0-255,2902,67963,34,178969
22453,0.001478,172.31.33.0-255,66,68029,34,178969
22454,0.001497,172.31.33.0-255,66,68095,34,178969
22455,0.00152,74.125.24.0-255,1484,69579,34,178969
22456,0.001524,74.125.24.0-255,2902,72481,34,178969
22457,0.001526,172.31.33.0-255,66,72547,34,178969
22458,0.001552,74.125.24.0-255,5738,78285,34,178969
22459,0.001554,172.31.33.0-255,66,78351,34,178969
22460,0.001557,74.125.24.0-255,1484,79835,34,178969
22461,0.001579,74.125.24.0-255,5738,85573,34,178969
22462,0.001581,172.31.33.0-255,66,85639,34,178969
22463,0.001584,74.125.24.0-255,1484,87123,34,178969
22464,0.001621,172.31.33.0-255,66,87189,34,178969
22465,0.001624,74.125.24.0-255,2184,89373,34,178969
22466,0.001626,172.31.33.0-255,66,89439,34,178969
22467,0.002178,74.125.24.0-255,1484,90923,34,178969
22468,0.002195,74.125.24.0-255,2902,93825,34,178969
22469,0.002199,172.31.33.0-255,66,93891,34,178969
22470,0.002203,74.125.24.0-255,2902,96793,34,178969
22471,0.002205,172.31.33.0-255,66,96859,34,178969
22472,0.002229,74.125.24.0-255,2902,99761,34,178969
22473,0.002232,172.31.33.0-255,66,99827,34,178969
22474,0.002247,172.31.33.0-255,66,99893,34,178969
22475,0.002281,172.31.33.0-255,66,99959,34,178969
22476,0.002298,74.125.24.0-255,6438,106397,34,178969
22477,0.002301,172.31.33.0-255,66,106463,34,178969
22478,0.002391,74.125.24.0-255,1484,107947,34,178969
22479,0.002412,74.125.24.0-255,1484,109431,34,178969
22480,0.002415,172.31.33.0-255,66,109497,34,178969
22481,0.00242,74.125.24.0-255,4320,113817,34,178969
22482,0.002422,172.31.33.0-255,66,113883,34,178969
22483,0.002425,74.125.24.0-255,1484,115367,34,178969
22484,0.002455,172.31.33.0-255,66,115433,34,178969
22485,0.00246,74.125.24.0-255,5738,121171,34,178969
22486,0.002463,172.31.33.0-255,66,121237,34,178969
22487,0.002518,172.31.33.0-255,66,121303,34,178969
22488,0.002529,74.125.24.0-255,1484,122787,34,178969
22489,0.002537,74.125.24.0-255,2902,125689,34,178969
22490,0.002539,172.31.33.0-255,66,125755,34,178969
22491,0.002545,74.125.24.0-255,5738,131493,34,178969
22492,0.002546,172.31.33.0-255,66,131559,34,178969
22493,0.002596,172.31.33.0-255,66,131625,34,178969
22494,0.002599,74.125.24.0-255,1484,133109,34,178969
22495,0.002601,74.125.24.0-255,1484,134593,34,178969
22496,0.002603,172.31.33.0-255,66,134659,34,178969
22497,0.002632,172.31.33.0-255,66,134725,34,178969
22498,0.002661,74.125.24.0-255,3602,138327,34,178969
22499,0.002664,172.31.33.0-255,66,138393,34,178969
22500,0.002669,74.125.24.0-255,5738,144131,34,178969
22501,0.002671,172.31.33.0-255,66,144197,34,178969
22502,0.002681,74.125.24.0-255,7156,151353,34,178969
22503,0.002684,172.31.33.0-255,66,151419,34,178969
22504,0.00269,74.125.24.0-255,7156,158575,34,178969
22505,0.002699,172.31.33.0-255,66,158641,34,178969
22506,0.002737,172.31.33.0-255,66,158707,34,178969
22507,0.002753,74.125.24.0-255,2902,161609,34,178969
22508,0.002759,172.31.33.0-255,66,161675,34,178969
22509,0.002778,74.125.24.0-255,7156,168831,34,178969
22510,0.002788,172.31.33.0-255,66,168897,34,178969
22511,0.002808,74.125.24.0-255,7156,176053,34,178969
22512,0.002826,172.31.33.0-255,66,176119,34,178969
22513,0.002858,172.31.33.0-255,66,176185,34,178969
22514,0.002863,172.31.33.0-255,66,176251,34,178969
22515,0.002909,172.31.33.0-255,66,176317,34,178969
22516,0.002923,172.31.33.0-255,66,176383,34,178969
22517,0.00294,74.125.24.0-255,2244,178627,34,178969
22518,0.002942,74.125.24.0-255,105,178732,34,178969
22519,0.002952,172.31.33.0-255,66,178798,34,178969
22520,0.007469,172.31.33.0-255,105,178903,34,178969
22521,0.009711,74.125.24.0-255,66,178969,34,178969
22522,0.0,172.217.194.0-255,153,153,34,227088
22523,1.7e-05,172.31.33.0-255,66,219,34,227088
22524,2.4e-05,172.217.194.0-255,1484,1703,34,227088
22525,2.8e-05,172.31.33.0-255,66,1769,34,227088
22526,3.4e-05,172.217.194.0-255,2902,4671,34,227088
22527,4.4e-05,172.31.33.0-255,66,4737,34,227088
22528,5.5e-05,172.217.194.0-255,7156,11893,34,227088
22529,6e-05,172.31.33.0-255,66,11959,34,227088
22530,6.3e-05,172.217.194.0-255,2134,14093,34,227088
22531,6.6e-05,172.31.33.0-255,66,14159,34,227088
22532,7.1e-05,172.217.194.0-255,2902,17061,34,227088
22533,7.4e-05,172.31.33.0-255,66,17127,34,227088
22534,0.000117,172.31.33.0-255,66,17193,34,227088
22535,0.000123,172.217.194.0-255,5379,22572,34,227088
22536,0.000126,172.31.33.0-255,66,22638,34,227088
22537,0.000129,172.217.194.0-255,1484,24122,34,227088
22538,0.000131,172.31.33.0-255,66,24188,34,227088
22539,0.000157,172.217.194.0-255,4320,28508,34,227088
22540,0.000159,172.31.33.0-255,66,28574,34,227088
22541,0.000166,172.217.194.0-255,7156,35730,34,227088
22542,0.000169,172.31.33.0-255,66,35796,34,227088
22543,0.000192,172.217.194.0-255,1484,37280,34,227088
22544,0.000194,172.31.33.0-255,66,37346,34,227088
22545,0.000218,172.217.194.0-255,2543,39889,34,227088
22546,0.00022,172.31.33.0-255,66,39955,34,227088
22547,0.000226,172.217.194.0-255,4320,44275,34,227088
22548,0.000228,172.31.33.0-255,66,44341,34,227088
22549,0.000239,172.31.33.0-255,66,44407,34,227088
22550,0.000262,172.217.194.0-255,2823,47230,34,227088
22551,0.000264,172.31.33.0-255,66,47296,34,227088
22552,0.000288,172.217.194.0-255,118,47414,34,227088
22553,0.000292,172.217.194.0-255,377,47791,34,227088
22554,0.000481,172.217.194.0-255,1484,49275,34,227088
22555,0.000485,172.31.33.0-255,66,49341,34,227088
22556,0.000491,172.217.194.0-255,2902,52243,34,227088
22557,0.000493,172.31.33.0-255,66,52309,34,227088
22558,0.00052,172.217.194.0-255,4320,56629,34,227088
22559,0.000522,172.31.33.0-255,66,56695,34,227088
22560,0.000527,172.217.194.0-255,5738,62433,34,227088
22561,0.000529,172.31.33.0-255,66,62499,34,227088
22562,0.000553,172.217.194.0-255,2543,65042,34,227088
22563,0.000555,172.31.33.0-255,66,65108,34,227088
22564,0.000579,172.217.194.0-255,2902,68010,34,227088
22565,0.000581,172.31.33.0-255,66,68076,34,227088
22566,0.000587,172.217.194.0-255,5738,73814,34,227088
22567,0.000589,172.31.33.0-255,66,73880,34,227088
22568,0.000614,172.217.194.0-255,1484,75364,34,227088
22569,0.000621,172.217.194.0-255,6797,82161,34,227088
22570,0.000624,172.31.33.0-255,66,82227,34,227088
22571,0.001203,172.217.194.0-255,1484,83711,34,227088
22572,0.00121,172.217.194.0-255,2902,86613,34,227088
22573,0.001213,172.31.33.0-255,66,86679,34,227088
22574,0.001239,172.217.194.0-255,5738,92417,34,227088
22575,0.001242,172.31.33.0-255,66,92483,34,227088
22576,0.001246,172.217.194.0-255,2902,95385,34,227088
22577,0.001247,172.31.33.0-255,66,95451,34,227088
22578,0.001278,172.31.33.0-255,66,95517,34,227088
22579,0.00129,172.31.33.0-255,66,95583,34,227088
22580,0.001307,172.217.194.0-255,766,96349,34,227088
22581,0.001338,172.217.194.0-255,1484,97833,34,227088
22582,0.001341,172.31.33.0-255,66,97899,34,227088
22583,0.001345,172.217.194.0-255,2902,100801,34,227088
22584,0.001347,172.31.33.0-255,66,100867,34,227088
22585,0.001376,172.217.194.0-255,5738,106605,34,227088
22586,0.001379,172.31.33.0-255,66,106671,34,227088
22587,0.001384,172.217.194.0-255,5738,112409,34,227088
22588,0.001386,172.31.33.0-255,66,112475,34,227088
22589,0.001397,172.31.33.0-255,66,112541,34,227088
22590,0.001424,172.217.194.0-255,2902,115443,34,227088
22591,0.001426,172.31.33.0-255,66,115509,34,227088
22592,0.001432,172.217.194.0-255,5020,120529,34,227088
22593,0.001434,172.31.33.0-255,66,120595,34,227088
22594,0.001505,172.217.194.0-255,1484,122079,34,227088
22595,0.001509,172.217.194.0-255,1484,123563,34,227088
22596,0.001511,172.31.33.0-255,66,123629,34,227088
22597,0.001537,172.217.194.0-255,1484,125113,34,227088
22598,0.001543,172.217.194.0-255,5738,130851,34,227088
22599,0.001545,172.31.33.0-255,66,130917,34,227088
22600,0.001551,172.217.194.0-255,4320,135237,34,227088
22601,0.001553,172.31.33.0-255,66,135303,34,227088
22602,0.001593,172.31.33.0-255,66,135369,34,227088
22603,0.001604,172.31.33.0-255,66,135435,34,227088
22604,0.001635,172.217.194.0-255,1484,136919,34,227088
22605,0.001639,172.217.194.0-255,1484,138403,34,227088
22606,0.001641,172.31.33.0-255,66,138469,34,227088
22607,0.00165,172.217.194.0-255,1484,139953,34,227088
22608,0.001661,172.217.194.0-255,5738,145691,34,227088
22609,0.001664,172.31.33.0-255,66,145757,34,227088
22610,0.001693,172.31.33.0-255,66,145823,34,227088
22611,0.001726,172.217.194.0-255,4320,150143,34,227088
22612,0.001728,172.31.33.0-255,66,150209,34,227088
22613,0.001768,172.31.33.0-255,66,150275,34,227088
22614,0.002139,172.217.194.0-255,1484,151759,34,227088
22615,0.002146,172.217.194.0-255,2902,154661,34,227088
22616,0.00215,172.31.33.0-255,66,154727,34,227088
22617,0.002157,172.217.194.0-255,5738,160465,34,227088
22618,0.002159,172.31.33.0-255,66,160531,34,227088
22619,0.002189,172.217.194.0-255,7156,167687,34,227088
22620,0.002192,172.31.33.0-255,66,167753,34,227088
22621,0.00222,172.217.194.0-255,4320,172073,34,227088
22622,0.002222,172.31.33.0-255,66,172139,34,227088
22623,0.002237,172.31.33.0-255,66,172205,34,227088
22624,0.002264,172.217.194.0-255,1484,173689,34,227088
22625,0.002278,172.217.194.0-255,2902,176591,34,227088
22626,0.00228,172.31.33.0-255,66,176657,34,227088
22627,0.002283,172.217.194.0-255,1484,178141,34,227088
22628,0.002327,172.31.33.0-255,66,178207,34,227088
22629,0.002331,172.217.194.0-255,2902,181109,34,227088
22630,0.002333,172.31.33.0-255,66,181175,34,227088
22631,0.002335,172.217.194.0-255,1484,182659,34,227088
22632,0.002404,172.31.33.0-255,66,182725,34,227088
22633,0.002409,172.217.194.0-255,5020,187745,34,227088
22634,0.002411,172.31.33.0-255,66,187811,34,227088
22635,0.002417,172.217.194.0-255,5738,193549,34,227088
22636,0.002419,172.31.33.0-255,66,193615,34,227088
22637,0.002421,172.217.194.0-255,1484,195099,34,227088
22638,0.002453,172.31.33.0-255,66,195165,34,227088
22639,0.002477,172.217.194.0-255,4320,199485,34,227088
22640,0.002479,172.31.33.0-255,66,199551,34,227088
22641,0.002509,172.31.33.0-255,66,199617,34,227088
22642,0.002514,172.217.194.0-255,5738,205355,34,227088
22643,0.002518,172.31.33.0-255,66,205421,34,227088
22644,0.002544,172.217.194.0-255,1484,206905,34,227088
22645,0.002547,172.31.33.0-255,78,206983,34,227088
22646,0.002559,172.31.33.0-255,66,207049,34,227088
22647,0.002565,172.217.194.0-255,5738,212787,34,227088
22648,0.002567,172.31.33.0-255,66,212853,34,227088
22649,0.00259,172.217.194.0-255,4320,217173,34,227088
22650,0.002592,172.31.33.0-255,66,217239,34,227088
22651,0.002624,172.217.194.0-255,6438,223677,34,227088
22652,0.002626,172.31.33.0-255,66,223743,34,227088
22653,0.002637,172.217.194.0-255,2902,226645,34,227088
22654,0.002668,172.217.194.0-255,105,226750,34,227088
22655,0.005681,172.31.33.0-255,66,226816,34,227088
22656,0.006963,172.31.33.0-255,101,226917,34,227088
22657,0.007851,172.31.33.0-255,105,227022,34,227088
22658,0.009197,172.217.194.0-255,66,227088,34,227088
22659,0.0,74.125.24.0-255,153,153,34,246479
22660,3e-05,172.31.33.0-255,66,219,34,246479
22661,3.8e-05,74.125.24.0-255,1484,1703,34,246479
22662,4.2e-05,172.31.33.0-255,66,1769,34,246479
22663,5.3e-05,74.125.24.0-255,2902,4671,34,246479
22664,5.5e-05,172.31.33.0-255,66,4737,34,246479
22665,6.3e-05,74.125.24.0-255,7156,11893,34,246479
22666,6.6e-05,172.31.33.0-255,66,11959,34,246479
22667,6.9e-05,74.125.24.0-255,2012,13971,34,246479
22668,7.2e-05,172.31.33.0-255,66,14037,34,246479
22669,0.00028,74.125.24.0-255,1484,15521,34,246479
22670,0.000285,172.31.33.0-255,66,15587,34,246479
22671,0.000292,74.125.24.0-255,2902,18489,34,246479
22672,0.000295,172.31.33.0-255,66,18555,34,246479
22673,0.000308,74.125.24.0-255,5738,24293,34,246479
22674,0.000311,172.31.33.0-255,66,24359,34,246479
22675,0.000314,74.125.24.0-255,1484,25843,34,246479
22676,0.000319,172.31.33.0-255,66,25909,34,246479
22677,0.000373,74.125.24.0-255,5379,31288,34,246479
22678,0.000377,172.31.33.0-255,66,31354,34,246479
22679,0.00044,74.125.24.0-255,1484,32838,34,246479
22680,0.000444,172.31.33.0-255,66,32904,34,246479
22681,0.00045,74.125.24.0-255,2902,35806,34,246479
22682,0.000453,172.31.33.0-255,66,35872,34,246479
22683,0.000504,74.125.24.0-255,5738,41610,34,246479
22684,0.000508,172.31.33.0-255,66,41676,34,246479
22685,0.000527,74.125.24.0-255,6797,48473,34,246479
22686,0.00053,172.31.33.0-255,66,48539,34,246479
22687,0.000534,74.125.24.0-255,1484,50023,34,246479
22688,0.000536,172.31.33.0-255,66,50089,34,246479
22689,0.000568,74.125.24.0-255,5738,55827,34,246479
22690,0.000572,172.31.33.0-255,66,55893,34,246479
22691,0.000592,172.31.33.0-255,66,55959,34,246479
22692,0.001376,74.125.24.0-255,645,56604,34,246479
22693,0.001404,74.125.24.0-255,1484,58088,34,246479
22694,0.001409,172.31.33.0-255,66,58154,34,246479
22695,0.001417,74.125.24.0-255,4320,62474,34,246479
22696,0.00142,172.31.33.0-255,66,62540,34,246479
22697,0.001433,74.125.24.0-255,4320,66860,34,246479
22698,0.001435,172.31.33.0-255,66,66926,34,246479
22699,0.001477,172.31.33.0-255,66,66992,34,246479
22700,0.001482,74.125.24.0-255,2902,69894,34,246479
22701,0.001484,172.31.33.0-255,66,69960,34,246479
22702,0.001524,172.31.33.0-255,66,70026,34,246479
22703,0.00201,74.125.24.0-255,1484,71510,34,246479
22704,0.002028,74.125.24.0-255,1484,72994,34,246479
22705,0.002029,172.31.33.0-255,66,73060,34,246479
22706,0.00205,74.125.24.0-255,1484,74544,34,246479
22707,0.002055,74.125.24.0-255,5738,80282,34,246479
22708,0.002057,172.31.33.0-255,66,80348,34,246479
22709,0.002072,74.125.24.0-255,1484,81832,34,246479
22710,0.002093,172.31.33.0-255,66,81898,34,246479
22711,0.002102,172.31.33.0-255,66,81964,34,246479
22712,0.002123,74.125.24.0-255,766,82730,34,246479
22713,0.002172,74.125.24.0-255,1484,84214,34,246479
22714,0.002174,172.31.33.0-255,66,84280,34,246479
22715,0.002185,74.125.24.0-255,2902,87182,34,246479
22716,0.002186,172.31.33.0-255,66,87248,34,246479
22717,0.002195,74.125.24.0-255,5738,92986,34,246479
22718,0.002197,172.31.33.0-255,66,93052,34,246479
22719,0.002223,74.125.24.0-255,4320,97372,34,246479
22720,0.002225,172.31.33.0-255,66,97438,34,246479
22721,0.002253,172.31.33.0-255,66,97504,34,246479
22722,0.002261,172.31.33.0-255,66,97570,34,246479
22723,0.002278,74.125.24.0-255,2184,99754,34,246479
22724,0.00228,172.31.33.0-255,66,99820,34,246479
22725,0.002293,172.31.33.0-255,66,99886,34,246479
22726,0.002315,74.125.24.0-255,2902,102788,34,246479
22727,0.002317,172.31.33.0-255,66,102854,34,246479
22728,0.002323,74.125.24.0-255,7156,110010,34,246479
22729,0.002325,172.31.33.0-255,66,110076,34,246479
22730,0.002348,74.125.24.0-255,2902,112978,34,246479
22731,0.002355,172.31.33.0-255,66,113044,34,246479
22732,0.002388,172.31.33.0-255,66,113110,34,246479
22733,0.002391,74.125.24.0-255,1484,114594,34,246479
22734,0.002395,74.125.24.0-255,2902,117496,34,246479
22735,0.002396,172.31.33.0-255,66,117562,34,246479
22736,0.002418,74.125.24.0-255,7156,124718,34,246479
22737,0.00242,172.31.33.0-255,66,124784,34,246479
22738,0.002423,74.125.24.0-255,1484,126268,34,246479
22739,0.002473,74.125.24.0-255,4320,130588,34,246479
22740,0.002475,172.31.33.0-255,66,130654,34,246479
22741,0.002497,172.31.33.0-255,66,130720,34,246479
22742,0.0025,74.125.24.0-255,2902,133622,34,246479
22743,0.002502,172.31.33.0-255,66,133688,34,246479
22744,0.002507,74.125.24.0-255,5020,138708,34,246479
22745,0.002509,172.31.33.0-255,66,138774,34,246479
22746,0.002554,74.125.24.0-255,1484,140258,34,246479
22747,0.002563,74.125.24.0-255,1484,141742,34,246479
22748,0.002564,172.31.33.0-255,66,141808,34,246479
22749,0.002587,74.125.24.0-255,1484,143292,34,246479
22750,0.002592,74.125.24.0-255,5738,149030,34,246479
22751,0.002594,172.31.33.0-255,66,149096,34,246479
22752,0.002598,74.125.24.0-255,2902,151998,34,246479
22753,0.002599,172.31.33.0-255,66,152064,34,246479
22754,0.002629,74.125.24.0-255,5738,157802,34,246479
22755,0.002634,172.31.33.0-255,66,157868,34,246479
22756,0.002636,74.125.24.0-255,1484,159352,34,246479
22757,0.002637,172.31.33.0-255,78,159430,34,246479
22758,0.002641,74.125.24.0-255,2902,162332,34,246479
22759,0.002643,172.31.33.0-255,66,162398,34,246479
22760,0.002645,74.125.24.0-255,1484,163882,34,246479
22761,0.002676,172.31.33.0-255,66,163948,34,246479
22762,0.002724,74.125.24.0-255,1484,165432,34,246479
22763,0.002733,74.125.24.0-255,2902,168334,34,246479
22764,0.002735,172.31.33.0-255,66,168400,34,246479
22765,0.002762,74.125.24.0-255,5738,174138,34,246479
22766,0.002763,172.31.33.0-255,66,174204,34,246479
22767,0.002768,74.125.24.0-255,4320,178524,34,246479
22768,0.00277,172.31.33.0-255,66,178590,34,246479
22769,0.002795,74.125.24.0-255,2902,181492,34,246479
22770,0.002797,172.31.33.0-255,66,181558,34,246479
22771,0.002801,74.125.24.0-255,4320,185878,34,246479
22772,0.002803,172.31.33.0-255,66,185944,34,246479
22773,0.002812,74.125.24.0-255,5738,191682,34,246479
22774,0.002813,172.31.33.0-255,66,191748,34,246479
22775,0.002844,74.125.24.0-255,6438,198186,34,246479
22776,0.002846,172.31.33.0-255,66,198252,34,246479
22777,0.00285,74.125.24.0-255,4320,202572,34,246479
22778,0.002852,172.31.33.0-255,66,202638,34,246479
22779,0.002874,74.125.24.0-255,1484,204122,34,246479
22780,0.002897,172.31.33.0-255,66,204188,34,246479
22781,0.002909,74.125.24.0-255,4320,208508,34,246479
22782,0.00291,172.31.33.0-255,66,208574,34,246479
22783,0.002916,74.125.24.0-255,1484,210058,34,246479
22784,0.002922,74.125.24.0-255,7156,217214,34,246479
22785,0.002924,172.31.33.0-255,66,217280,34,246479
22786,0.002926,74.125.24.0-255,1484,218764,34,246479
22787,0.002957,74.125.24.0-255,1484,220248,34,246479
22788,0.002959,172.31.33.0-255,66,220314,34,246479
22789,0.00299,172.31.33.0-255,66,220380,34,246479
22790,0.002996,74.125.24.0-255,7156,227536,34,246479
22791,0.002998,172.31.33.0-255,66,227602,34,246479
22792,0.003007,74.125.24.0-255,5738,233340,34,246479
22793,0.003009,172.31.33.0-255,66,233406,34,246479
22794,0.003041,172.31.33.0-255,66,233472,34,246479
22795,0.003044,74.125.24.0-255,3602,237074,34,246479
22796,0.003046,172.31.33.0-255,66,237140,34,246479
22797,0.003071,74.125.24.0-255,7156,244296,34,246479
22798,0.003073,172.31.33.0-255,66,244362,34,246479
22799,0.003101,172.31.33.0-255,66,244428,34,246479
22800,0.003104,74.125.24.0-255,1709,246137,34,246479
22801,0.003106,172.31.33.0-255,66,246203,34,246479
22802,0.00312,74.125.24.0-255,105,246308,34,246479
22803,0.008518,172.31.33.0-255,66,246374,34,246479
22804,0.008541,172.31.33.0-255,105,246479,34,246479
22805,0.0,74.125.68.0-255,143,143,34,341110
22806,1.6e-05,172.31.33.0-255,66,209,34,341110
22807,2.2e-05,74.125.68.0-255,1484,1693,34,341110
22808,2.6e-05,172.31.33.0-255,66,1759,34,341110
22809,3.2e-05,74.125.68.0-255,2902,4661,34,341110
22810,4.2e-05,172.31.33.0-255,66,4727,34,341110
22811,5e-05,74.125.68.0-255,7156,11883,34,341110
22812,5.2e-05,172.31.33.0-255,66,11949,34,341110
22813,8.6e-05,172.31.33.0-255,66,12015,34,341110
22814,0.000156,172.31.33.0-255,66,12081,34,341110
22815,0.00016,74.125.68.0-255,2543,14624,34,341110
22816,0.000162,172.31.33.0-255,66,14690,34,341110
22817,0.000199,74.125.68.0-255,1484,16174,34,341110
22818,0.000201,172.31.33.0-255,66,16240,34,341110
22819,0.000222,74.125.68.0-255,2902,19142,34,341110
22820,0.000224,172.31.33.0-255,66,19208,34,341110
22821,0.000228,74.125.68.0-255,2902,22110,34,341110
22822,0.000231,172.31.33.0-255,66,22176,34,341110
22823,0.000261,74.125.68.0-255,2902,25078,34,341110
22824,0.000264,172.31.33.0-255,66,25144,34,341110
22825,0.00027,74.125.68.0-255,5738,30882,34,341110
22826,0.000272,172.31.33.0-255,66,30948,34,341110
22827,0.00028,74.125.68.0-255,7156,38104,34,341110
22828,0.000284,172.31.33.0-255,66,38170,34,341110
22829,0.000323,172.31.33.0-255,66,38236,34,341110
22830,0.000326,74.125.68.0-255,361,38597,34,341110
22831,0.00033,172.31.33.0-255,66,38663,34,341110
22832,0.00058,74.125.68.0-255,381,39044,34,341110
22833,0.000586,172.31.33.0-255,66,39110,34,341110
22834,0.000646,74.125.68.0-255,1484,40594,34,341110
22835,0.000663,74.125.68.0-255,2902,43496,34,341110
22836,0.000666,172.31.33.0-255,66,43562,34,341110
22837,0.000671,74.125.68.0-255,2902,46464,34,341110
22838,0.000673,172.31.33.0-255,66,46530,34,341110
22839,0.000693,74.125.68.0-255,2902,49432,34,341110
22840,0.000696,172.31.33.0-255,66,49498,34,341110
22841,0.000706,74.125.68.0-255,5738,55236,34,341110
22842,0.000709,172.31.33.0-255,66,55302,34,341110
22843,0.000738,74.125.68.0-255,1125,56427,34,341110
22844,0.001275,74.125.68.0-255,1484,57911,34,341110
22845,0.001281,172.31.33.0-255,66,57977,34,341110
22846,0.001307,74.125.68.0-255,1484,59461,34,341110
22847,0.001313,74.125.68.0-255,2902,62363,34,341110
22848,0.001316,172.31.33.0-255,66,62429,34,341110
22849,0.00136,74.125.68.0-255,4320,66749,34,341110
22850,0.001364,172.31.33.0-255,66,66815,34,341110
22851,0.001387,74.125.68.0-255,5738,72553,34,341110
22852,0.001389,172.31.33.0-255,66,72619,34,341110
22853,0.001421,74.125.68.0-255,2902,75521,34,341110
22854,0.001424,172.31.33.0-255,66,75587,34,341110
22855,0.001447,74.125.68.0-255,2902,78489,34,341110
22856,0.00145,172.31.33.0-255,66,78555,34,341110
22857,0.001473,74.125.68.0-255,1484,80039,34,341110
22858,0.001498,74.125.68.0-255,5738,85777,34,341110
22859,0.001501,172.31.33.0-255,66,85843,34,341110
22860,0.001505,74.125.68.0-255,1484,87327,34,341110
22861,0.001534,74.125.68.0-255,3054,90381,34,341110
22862,0.001537,172.31.33.0-255,66,90447,34,341110
22863,0.001542,74.125.68.0-255,4320,94767,34,341110
22864,0.001545,172.31.33.0-255,66,94833,34,341110
22865,0.001572,74.125.68.0-255,1484,96317,34,341110
22866,0.001578,74.125.68.0-255,4320,100637,34,341110
22867,0.00158,172.31.33.0-255,66,100703,34,341110
22868,0.001586,74.125.68.0-255,5738,106441,34,341110
22869,0.001588,172.31.33.0-255,66,106507,34,341110
22870,0.001607,74.125.68.0-255,2902,109409,34,341110
22871,0.001609,172.31.33.0-255,66,109475,34,341110
22872,0.001641,172.31.33.0-255,66,109541,34,341110
22873,0.001672,74.125.68.0-255,6438,115979,34,341110
22874,0.001674,172.31.33.0-255,66,116045,34,341110
22875,0.001912,74.125.68.0-255,1484,117529,34,341110
22876,0.001933,74.125.68.0-255,2902,120431,34,341110
22877,0.001936,172.31.33.0-255,66,120497,34,341110
22878,0.001941,74.125.68.0-255,1484,121981,34,341110
22879,0.001965,74.125.68.0-255,4320,126301,34,341110
22880,0.001967,172.31.33.0-255,66,126367,34,341110
22881,0.00197,74.125.68.0-255,1484,127851,34,341110
22882,0.002,74.125.68.0-255,2902,130753,34,341110
22883,0.002002,172.31.33.0-255,66,130819,34,341110
22884,0.002025,74.125.68.0-255,1484,132303,34,341110
22885,0.002029,74.125.68.0-255,1484,133787,34,341110
22886,0.002031,172.31.33.0-255,66,133853,34,341110
22887,0.002054,74.125.68.0-255,1484,135337,34,341110
22888,0.002061,74.125.68.0-255,5738,141075,34,341110
22889,0.002063,172.31.33.0-255,66,141141,34,341110
22890,0.002069,74.125.68.0-255,4320,145461,34,341110
22891,0.002071,172.31.33.0-255,66,145527,34,341110
22892,0.002076,74.125.68.0-255,2902,148429,34,341110
22893,0.002078,172.31.33.0-255,66,148495,34,341110
22894,0.002099,74.125.68.0-255,2184,150679,34,341110
22895,0.002102,172.31.33.0-255,66,150745,34,341110
22896,0.002522,74.125.68.0-255,1484,152229,34,341110
22897,0.002527,74.125.68.0-255,1484,153713,34,341110
22898,0.00253,172.31.33.0-255,66,153779,34,341110
22899,0.002555,74.125.68.0-255,1484,155263,34,341110
22900,0.002562,74.125.68.0-255,5738,161001,34,341110
22901,0.002564,172.31.33.0-255,66,161067,34,341110
22902,0.002567,74.125.68.0-255,1484,162551,34,341110
22903,0.00257,74.125.68.0-255,1484,164035,34,341110
22904,0.002572,172.31.33.0-255,66,164101,34,341110
22905,0.002575,74.125.68.0-255,1484,165585,34,341110
22906,0.002605,74.125.68.0-255,2902,168487,34,341110
22907,0.002608,172.31.33.0-255,66,168553,34,341110
22908,0.002637,74.125.68.0-255,2902,171455,34,341110
22909,0.00264,172.31.33.0-255,66,171521,34,341110
22910,0.002674,74.125.68.0-255,5738,177259,34,341110
22911,0.002677,172.31.33.0-255,66,177325,34,341110
22912,0.002682,74.125.68.0-255,4320,181645,34,341110
22913,0.002684,172.31.33.0-255,66,181711,34,341110
22914,0.002686,74.125.68.0-255,1484,183195,34,341110
22915,0.00269,74.125.68.0-255,2184,185379,34,341110
22916,0.002692,172.31.33.0-255,66,185445,34,341110
22917,0.002746,74.125.68.0-255,1484,186929,34,341110
22918,0.002751,74.125.68.0-255,2902,189831,34,341110
22919,0.002754,172.31.33.0-255,66,189897,34,341110
22920,0.002765,74.125.68.0-255,1484,191381,34,341110
22921,0.002789,74.125.68.0-255,4320,195701,34,341110
22922,0.002791,172.31.33.0-255,66,195767,34,341110
22923,0.002798,74.125.68.0-255,5738,201505,34,341110
22924,0.0028,172.31.33.0-255,66,201571,34,341110
22925,0.00282,74.125.68.0-255,1484,203055,34,341110
22926,0.002823,74.125.68.0-255,1484,204539,34,341110
22927,0.002825,172.31.33.0-255,66,204605,34,341110
22928,0.002831,74.125.68.0-255,4320,208925,34,341110
22929,0.002833,172.31.33.0-255,66,208991,34,341110
22930,0.002863,74.125.68.0-255,4320,213311,34,341110
22931,0.002866,74.125.68.0-255,1484,214795,34,341110
22932,0.00287,172.31.33.0-255,66,214861,34,341110
22933,0.002893,74.125.68.0-255,5020,219881,34,341110
22934,0.002896,172.31.33.0-255,66,219947,34,341110
22935,0.002903,74.125.68.0-255,7156,227103,34,341110
22936,0.002905,172.31.33.0-255,66,227169,34,341110
22937,0.00294,172.31.33.0-255,66,227235,34,341110
22938,0.002944,74.125.68.0-255,2902,230137,34,341110
22939,0.002946,172.31.33.0-255,66,230203,34,341110
22940,0.002981,74.125.68.0-255,2902,233105,34,341110
22941,0.002983,172.31.33.0-255,66,233171,34,341110
22942,0.003017,172.31.33.0-255,66,233237,34,341110
22943,0.003043,74.125.68.0-255,5020,238257,34,341110
22944,0.003046,172.31.33.0-255,66,238323,34,341110
22945,0.003049,74.125.68.0-255,1484,239807,34,341110
22946,0.003075,74.125.68.0-255,4320,244127,34,341110
22947,0.003077,172.31.33.0-255,66,244193,34,341110
22948,0.00308,74.125.68.0-255,1484,245677,34,341110
22949,0.003085,74.125.68.0-255,2902,248579,34,341110
22950,0.003087,172.31.33.0-255,66,248645,34,341110
22951,0.003119,74.125.68.0-255,5738,254383,34,341110
22952,0.003122,172.31.33.0-255,66,254449,34,341110
22953,0.003127,74.125.68.0-255,4320,258769,34,341110
22954,0.00313,172.31.33.0-255,66,258835,34,341110
22955,0.003134,74.125.68.0-255,2902,261737,34,341110
22956,0.003136,172.31.33.0-255,66,261803,34,341110
22957,0.003139,74.125.68.0-255,1484,263287,34,341110
22958,0.003167,74.125.68.0-255,4320,267607,34,341110
22959,0.00317,172.31.33.0-255,66,267673,34,341110
22960,0.00319,74.125.68.0-255,3602,271275,34,341110
22961,0.003192,172.31.33.0-255,66,271341,34,341110
22962,0.003195,74.125.68.0-255,1484,272825,34,341110
22963,0.0032,74.125.68.0-255,2902,275727,34,341110
22964,0.003202,172.31.33.0-255,66,275793,34,341110
22965,0.003226,74.125.68.0-255,5738,281531,34,341110
22966,0.003228,172.31.33.0-255,66,281597,34,341110
22967,0.00323,74.125.68.0-255,1484,283081,34,341110
22968,0.003253,74.125.68.0-255,4320,287401,34,341110
22969,0.003256,172.31.33.0-255,66,287467,34,341110
22970,0.003262,74.125.68.0-255,7156,294623,34,341110
22971,0.003264,172.31.33.0-255,66,294689,34,341110
22972,0.003313,172.31.33.0-255,66,294755,34,341110
22973,0.003317,74.125.68.0-255,4320,299075,34,341110
22974,0.003319,172.31.33.0-255,66,299141,34,341110
22975,0.003341,74.125.68.0-255,7156,306297,34,341110
22976,0.003347,172.31.33.0-255,66,306363,34,341110
22977,0.003352,74.125.68.0-255,5738,312101,34,341110
22978,0.003354,172.31.33.0-255,66,312167,34,341110
22979,0.003379,74.125.68.0-255,7156,319323,34,341110
22980,0.003382,172.31.33.0-255,66,319389,34,341110
22981,0.003386,74.125.68.0-255,4320,323709,34,341110
22982,0.003388,172.31.33.0-255,66,323775,34,341110
22983,0.003412,74.125.68.0-255,5020,328795,34,341110
22984,0.003414,172.31.33.0-255,66,328861,34,341110
22985,0.003482,74.125.68.0-255,5738,334599,34,341110
22986,0.003485,172.31.33.0-255,66,334665,34,341110
22987,0.003491,74.125.68.0-255,6006,340671,34,341110
22988,0.003493,172.31.33.0-255,66,340737,34,341110
22989,0.003496,74.125.68.0-255,97,340834,34,341110
22990,0.003516,74.125.68.0-255,105,340939,34,341110
22991,0.009836,172.31.33.0-255,66,341005,34,341110
22992,0.009879,172.31.33.0-255,105,341110,34,341110
22993,0.0,172.217.194.0-255,166,166,34,209275
22994,2.3e-05,172.31.33.0-255,66,232,34,209275
22995,3.1e-05,172.217.194.0-255,1484,1716,34,209275
22996,3.5e-05,172.31.33.0-255,66,1782,34,209275
22997,4.8e-05,172.217.194.0-255,2902,4684,34,209275
22998,5.2e-05,172.31.33.0-255,66,4750,34,209275
22999,5.9e-05,172.217.194.0-255,5738,10488,34,209275
23000,6.2e-05,172.31.33.0-255,66,10554,34,209275
23001,6.8e-05,172.217.194.0-255,4320,14874,34,209275
23002,7.1e-05,172.31.33.0-255,66,14940,34,209275
23003,0.000118,172.31.33.0-255,66,15006,34,209275
23004,0.000134,172.31.33.0-255,66,15072,34,209275
23005,0.000146,172.31.33.0-255,66,15138,34,209275
23006,0.000284,172.217.194.0-255,1484,16622,34,209275
23007,0.000288,172.31.33.0-255,66,16688,34,209275
23008,0.000292,172.217.194.0-255,1484,18172,34,209275
23009,0.000294,172.31.33.0-255,66,18238,34,209275
23010,0.000325,172.217.194.0-255,1484,19722,34,209275
23011,0.000327,172.31.33.0-255,66,19788,34,209275
23012,0.000333,172.217.194.0-255,5738,25526,34,209275
23013,0.000335,172.31.33.0-255,66,25592,34,209275
23014,0.000342,172.217.194.0-255,6797,32389,34,209275
23015,0.000344,172.31.33.0-255,66,32455,34,209275
23016,0.000347,172.217.194.0-255,646,33101,34,209275
23017,0.000348,172.31.33.0-255,66,33167,34,209275
23018,0.000387,172.217.194.0-255,1484,34651,34,209275
23019,0.000389,172.31.33.0-255,66,34717,34,209275
23020,0.000393,172.217.194.0-255,2902,37619,34,209275
23021,0.000395,172.31.33.0-255,66,37685,34,209275
23022,0.000422,172.217.194.0-255,1484,39169,34,209275
23023,0.000434,172.31.33.0-255,66,39235,34,209275
23024,0.000441,172.217.194.0-255,6797,46032,34,209275
23025,0.000443,172.31.33.0-255,66,46098,34,209275
23026,0.000504,172.31.33.0-255,66,46164,34,209275
23027,0.000816,172.217.194.0-255,1484,47648,34,209275
23028,0.000821,172.217.194.0-255,1484,49132,34,209275
23029,0.000825,172.31.33.0-255,66,49198,34,209275
23030,0.000843,172.217.194.0-255,1484,50682,34,209275
23031,0.000849,172.217.194.0-255,5738,56420,34,209275
23032,0.000851,172.31.33.0-255,66,56486,34,209275
23033,0.00088,172.217.194.0-255,5738,62224,34,209275
23034,0.000883,172.31.33.0-255,66,62290,34,209275
23035,0.000906,172.217.194.0-255,7156,69446,34,209275
23036,0.000908,172.31.33.0-255,66,69512,34,209275
23037,0.000916,172.217.194.0-255,7156,76668,34,209275
23038,0.000918,172.31.33.0-255,66,76734,34,209275
23039,0.00095,172.217.194.0-255,3602,80336,34,209275
23040,0.000953,172.31.33.0-255,66,80402,34,209275
23041,0.001016,172.217.194.0-255,1484,81886,34,209275
23042,0.001021,172.217.194.0-255,2902,84788,34,209275
23043,0.001023,172.217.194.0-255,1484,86272,34,209275
23044,0.001029,172.31.33.0-255,66,86338,34,209275
23045,0.001047,172.217.194.0-255,4320,90658,34,209275
23046,0.00105,172.31.33.0-255,66,90724,34,209275
23047,0.001053,172.217.194.0-255,1484,92208,34,209275
23048,0.001078,172.31.33.0-255,66,92274,34,209275
23049,0.001092,172.217.194.0-255,4320,96594,34,209275
23050,0.001094,172.31.33.0-255,66,96660,34,209275
23051,0.001121,172.217.194.0-255,6438,103098,34,209275
23052,0.001124,172.31.33.0-255,66,103164,34,209275
23053,0.001278,172.217.194.0-255,1484,104648,34,209275
23054,0.001286,172.217.194.0-255,2902,107550,34,209275
23055,0.001289,172.31.33.0-255,66,107616,34,209275
23056,0.001319,172.217.194.0-255,5738,113354,34,209275
23057,0.001322,172.31.33.0-255,66,113420,34,209275
23058,0.001356,172.31.33.0-255,66,113486,34,209275
23059,0.001383,172.217.194.0-255,5738,119224,34,209275
23060,0.001386,172.31.33.0-255,66,119290,34,209275
23061,0.001419,172.31.33.0-255,66,119356,34,209275
23062,0.001444,172.217.194.0-255,1484,120840,34,209275
23063,0.001449,172.217.194.0-255,2902,123742,34,209275
23064,0.001451,172.31.33.0-255,66,123808,34,209275
23065,0.001455,172.217.194.0-255,1484,125292,34,209275
23066,0.001482,172.217.194.0-255,4320,129612,34,209275
23067,0.001484,172.31.33.0-255,66,129678,34,209275
23068,0.001498,172.31.33.0-255,66,129744,34,209275
23069,0.001501,172.217.194.0-255,1484,131228,34,209275
23070,0.001535,172.31.33.0-255,66,131294,34,209275
23071,0.001616,172.217.194.0-255,1484,132778,34,209275
23072,0.00163,172.217.194.0-255,2902,135680,34,209275
23073,0.001633,172.31.33.0-255,66,135746,34,209275
23074,0.001639,172.217.194.0-255,4320,140066,34,209275
23075,0.001642,172.31.33.0-255,66,140132,34,209275
23076,0.001657,172.217.194.0-255,1484,141616,34,209275
23077,0.00166,172.217.194.0-255,1484,143100,34,209275
23078,0.001666,172.31.33.0-255,66,143166,34,209275
23079,0.001714,172.31.33.0-255,66,143232,34,209275
23080,0.001722,172.217.194.0-255,7156,150388,34,209275
23081,0.001727,172.217.194.0-255,3602,153990,34,209275
23082,0.001779,172.217.194.0-255,1484,155474,34,209275
23083,0.001837,172.217.194.0-255,2902,158376,34,209275
23084,0.001843,172.217.194.0-255,5738,164114,34,209275
23085,0.001889,172.217.194.0-255,7156,171270,34,209275
23086,0.001902,172.217.194.0-255,3602,174872,34,209275
23087,0.001919,172.217.194.0-255,4320,179192,34,209275
23088,0.001941,172.217.194.0-255,7156,186348,34,209275
23089,0.002,172.217.194.0-255,2902,189250,34,209275
23090,0.00205,172.217.194.0-255,2184,191434,34,209275
23091,0.00207,172.217.194.0-255,2184,193618,34,209275
23092,0.002101,172.217.194.0-255,1484,195102,34,209275
23093,0.002107,172.31.33.0-255,78,195180,34,209275
23094,0.002126,172.31.33.0-255,78,195258,34,209275
23095,0.002156,172.217.194.0-255,5738,200996,34,209275
23096,0.002161,172.217.194.0-255,2292,203288,34,209275
23097,0.002164,172.217.194.0-255,105,203393,34,209275
23098,0.009331,172.31.33.0-255,66,203459,34,209275
23099,0.00981,172.217.194.0-255,5738,209197,34,209275
23100,0.009819,172.31.33.0-255,78,209275,34,209275
23101,0.0,172.217.194.0-255,431,431,34,54610
23102,2.6e-05,172.217.194.0-255,1484,1915,34,54610
23103,3.7e-05,172.31.33.0-255,66,1981,34,54610
23104,4.5e-05,172.217.194.0-255,4320,6301,34,54610
23105,4.8e-05,172.31.33.0-255,66,6367,34,54610
23106,6.2e-05,172.217.194.0-255,5738,12105,34,54610
23107,6.5e-05,172.31.33.0-255,66,12171,34,54610
23108,0.000262,172.217.194.0-255,2084,14255,34,54610
23109,0.000268,172.31.33.0-255,66,14321,34,54610
23110,0.000352,172.217.194.0-255,2902,17223,34,54610
23111,0.000358,172.31.33.0-255,66,17289,34,54610
23112,0.000477,172.217.194.0-255,7156,24445,34,54610
23113,0.000484,172.31.33.0-255,66,24511,34,54610
23114,0.000787,172.217.194.0-255,5597,30108,34,54610
23115,0.000811,172.31.33.0-255,66,30174,34,54610
23116,0.002341,172.217.194.0-255,5738,35912,34,54610
23117,0.002809,172.217.194.0-255,1484,37396,34,54610
23118,0.003468,172.217.194.0-255,5738,43134,34,54610
23119,0.003986,172.217.194.0-255,5738,48872,34,54610
23120,0.004485,172.217.194.0-255,5738,54610,34,54610
23121,0.0,74.125.68.0-255,153,153,34,281804
23122,1.8e-05,172.31.33.0-255,66,219,34,281804
23123,2.6e-05,74.125.68.0-255,1484,1703,34,281804
23124,3e-05,172.31.33.0-255,66,1769,34,281804
23125,3.7e-05,74.125.68.0-255,2902,4671,34,281804
23126,4e-05,172.31.33.0-255,66,4737,34,281804
23127,6.6e-05,74.125.68.0-255,2902,7639,34,281804
23128,6.9e-05,172.31.33.0-255,66,7705,34,281804
23129,7.6e-05,74.125.68.0-255,4320,12025,34,281804
23130,7.8e-05,172.31.33.0-255,66,12091,34,281804
23131,9.6e-05,74.125.68.0-255,1484,13575,34,281804
23132,9.8e-05,172.31.33.0-255,66,13641,34,281804
23133,0.000127,172.31.33.0-255,66,13707,34,281804
23134,0.000139,172.31.33.0-255,66,13773,34,281804
23135,0.000236,74.125.68.0-255,1484,15257,34,281804
23136,0.00024,172.31.33.0-255,66,15323,34,281804
23137,0.000244,74.125.68.0-255,1484,16807,34,281804
23138,0.000246,172.31.33.0-255,66,16873,34,281804
23139,0.000273,74.125.68.0-255,2902,19775,34,281804
23140,0.000276,172.31.33.0-255,66,19841,34,281804
23141,0.000282,74.125.68.0-255,5738,25579,34,281804
23142,0.000285,172.31.33.0-255,66,25645,34,281804
23143,0.000324,74.125.68.0-255,5379,31024,34,281804
23144,0.000327,172.31.33.0-255,66,31090,34,281804
23145,0.000331,74.125.68.0-255,2902,33992,34,281804
23146,0.000333,172.31.33.0-255,66,34058,34,281804
23147,0.000349,74.125.68.0-255,2902,36960,34,281804
23148,0.000352,172.31.33.0-255,66,37026,34,281804
23149,0.000359,74.125.68.0-255,7156,44182,34,281804
23150,0.000362,172.31.33.0-255,66,44248,34,281804
23151,0.000409,74.125.68.0-255,4237,48485,34,281804
23152,0.000438,74.125.68.0-255,411,48896,34,281804
23153,0.000507,172.31.33.0-255,66,48962,34,281804
23154,0.000651,74.125.68.0-255,1484,50446,34,281804
23155,0.00067,74.125.68.0-255,2902,53348,34,281804
23156,0.000678,74.125.68.0-255,5738,59086,34,281804
23157,0.000698,172.31.33.0-255,66,59152,34,281804
23158,0.000713,74.125.68.0-255,4320,63472,34,281804
23159,0.000736,74.125.68.0-255,7156,70628,34,281804
23160,0.000738,74.125.68.0-255,1484,72112,34,281804
23161,0.000741,172.31.33.0-255,66,72178,34,281804
23162,0.000763,172.31.33.0-255,66,72244,34,281804
23163,0.000779,74.125.68.0-255,766,73010,34,281804
23164,0.000836,74.125.68.0-255,1484,74494,34,281804
23165,0.000844,172.31.33.0-255,66,74560,34,281804
23166,0.000856,74.125.68.0-255,2902,77462,34,281804
23167,0.00086,74.125.68.0-255,2902,80364,34,281804
23168,0.000874,172.31.33.0-255,66,80430,34,281804
23169,0.000882,74.125.68.0-255,1484,81914,34,281804
23170,0.000888,74.125.68.0-255,5738,87652,34,281804
23171,0.000893,172.31.33.0-255,66,87718,34,281804
23172,0.000902,74.125.68.0-255,1484,89202,34,281804
23173,0.000935,172.31.33.0-255,66,89268,34,281804
23174,0.000965,74.125.68.0-255,2902,92170,34,281804
23175,0.000976,172.31.33.0-255,66,92236,34,281804
23176,0.000983,74.125.68.0-255,6438,98674,34,281804
23177,0.000993,172.31.33.0-255,66,98740,34,281804
23178,0.001384,74.125.68.0-255,1484,100224,34,281804
23179,0.001406,74.125.68.0-255,2902,103126,34,281804
23180,0.00141,172.31.33.0-255,66,103192,34,281804
23181,0.001417,74.125.68.0-255,5738,108930,34,281804
23182,0.001429,74.125.68.0-255,2902,111832,34,281804
23183,0.001432,172.31.33.0-255,66,111898,34,281804
23184,0.001436,172.31.33.0-255,66,111964,34,281804
23185,0.001452,74.125.68.0-255,4320,116284,34,281804
23186,0.001457,74.125.68.0-255,2902,119186,34,281804
23187,0.001467,172.31.33.0-255,66,119252,34,281804
23188,0.001487,172.31.33.0-255,66,119318,34,281804
23189,0.001519,74.125.68.0-255,2184,121502,34,281804
23190,0.00154,172.31.33.0-255,66,121568,34,281804
23191,0.001607,74.125.68.0-255,1484,123052,34,281804
23192,0.001613,74.125.68.0-255,2902,125954,34,281804
23193,0.00162,172.31.33.0-255,66,126020,34,281804
23194,0.001631,74.125.68.0-255,5738,131758,34,281804
23195,0.001636,172.31.33.0-255,66,131824,34,281804
23196,0.001678,172.31.33.0-255,66,131890,34,281804
23197,0.001698,74.125.68.0-255,4320,136210,34,281804
23198,0.001703,74.125.68.0-255,4320,140530,34,281804
23199,0.00171,172.31.33.0-255,66,140596,34,281804
23200,0.001731,74.125.68.0-255,6438,147034,34,281804
23201,0.001767,172.31.33.0-255,66,147100,34,281804
23202,0.001888,74.125.68.0-255,1484,148584,34,281804
23203,0.001903,74.125.68.0-255,2902,151486,34,281804
23204,0.001915,172.31.33.0-255,66,151552,34,281804
23205,0.001934,74.125.68.0-255,5738,157290,34,281804
23206,0.001938,74.125.68.0-255,1484,158774,34,281804
23207,0.001952,74.125.68.0-255,5738,164512,34,281804
23208,0.001957,172.31.33.0-255,66,164578,34,281804
23209,0.001991,74.125.68.0-255,2902,167480,34,281804
23210,0.002017,172.31.33.0-255,66,167546,34,281804
23211,0.00202,74.125.68.0-255,766,168312,34,281804
23212,0.002082,74.125.68.0-255,1484,169796,34,281804
23213,0.002086,74.125.68.0-255,1484,171280,34,281804
23214,0.002089,172.31.33.0-255,66,171346,34,281804
23215,0.002109,74.125.68.0-255,1484,172830,34,281804
23216,0.002116,74.125.68.0-255,5738,178568,34,281804
23217,0.002151,172.31.33.0-255,66,178634,34,281804
23218,0.002167,74.125.68.0-255,7156,185790,34,281804
23219,0.002188,74.125.68.0-255,5738,191528,34,281804
23220,0.002204,74.125.68.0-255,2184,193712,34,281804
23221,0.002208,74.125.68.0-255,4320,198032,34,281804
23222,0.002226,74.125.68.0-255,4320,202352,34,281804
23223,0.002256,74.125.68.0-255,2902,205254,34,281804
23224,0.002281,74.125.68.0-255,3602,208856,34,281804
23225,0.002316,74.125.68.0-255,4320,213176,34,281804
23226,0.002331,74.125.68.0-255,4320,217496,34,281804
23227,0.002343,74.125.68.0-255,4320,221816,34,281804
23228,0.002352,74.125.68.0-255,1484,223300,34,281804
23229,0.002377,74.125.68.0-255,7156,230456,34,281804
23230,0.002397,74.125.68.0-255,4320,234776,34,281804
23231,0.002401,74.125.68.0-255,4320,239096,34,281804
23232,0.002441,74.125.68.0-255,3602,242698,34,281804
23233,0.002463,74.125.68.0-255,2902,245600,34,281804
23234,0.002473,74.125.68.0-255,1484,247084,34,281804
23235,0.002488,74.125.68.0-255,4320,251404,34,281804
23236,0.002508,74.125.68.0-255,4320,255724,34,281804
23237,0.002514,74.125.68.0-255,5738,261462,34,281804
23238,0.002532,74.125.68.0-255,4320,265782,34,281804
23239,0.002611,74.125.68.0-255,2902,268684,34,281804
23240,0.002616,74.125.68.0-255,4320,273004,34,281804
23241,0.002618,74.125.68.0-255,1484,274488,34,281804
23242,0.002621,74.125.68.0-255,1484,275972,34,281804
23243,0.002646,74.125.68.0-255,1484,277456,34,281804
23244,0.00266,74.125.68.0-255,4243,281699,34,281804
23245,0.002691,74.125.68.0-255,105,281804,34,281804
23246,0.0,172.217.194.0-255,153,153,34,206758
23247,1.5e-05,172.31.33.0-255,66,219,34,206758
23248,2.2e-05,172.217.194.0-255,1484,1703,34,206758
23249,2.5e-05,172.31.33.0-255,66,1769,34,206758
23250,3.1e-05,172.217.194.0-255,2902,4671,34,206758
23251,3.9e-05,172.31.33.0-255,66,4737,34,206758
23252,4.6e-05,172.217.194.0-255,7156,11893,34,206758
23253,4.8e-05,172.31.33.0-255,66,11959,34,206758
23254,8.2e-05,172.217.194.0-255,5738,17697,34,206758
23255,8.5e-05,172.31.33.0-255,66,17763,34,206758
23256,0.000121,172.31.33.0-255,66,17829,34,206758
23257,0.000124,172.217.194.0-255,2543,20372,34,206758
23258,0.000126,172.31.33.0-255,66,20438,34,206758
23259,0.000169,172.217.194.0-255,2902,23340,34,206758
23260,0.000171,172.31.33.0-255,66,23406,34,206758
23261,0.000178,172.217.194.0-255,7156,30562,34,206758
23262,0.00018,172.31.33.0-255,66,30628,34,206758
23263,0.000211,172.31.33.0-255,66,30694,34,206758
23264,0.000235,172.217.194.0-255,3961,34655,34,206758
23265,0.000237,172.31.33.0-255,66,34721,34,206758
23266,0.000242,172.217.194.0-255,4320,39041,34,206758
23267,0.000244,172.31.33.0-255,66,39107,34,206758
23268,0.000272,172.217.194.0-255,7088,46195,34,206758
23269,0.000275,172.31.33.0-255,66,46261,34,206758
23270,0.000435,172.217.194.0-255,98,46359,34,206758
23271,0.000439,172.31.33.0-255,66,46425,34,206758
23272,0.000505,172.217.194.0-255,1484,47909,34,206758
23273,0.000508,172.31.33.0-255,66,47975,34,206758
23274,0.000512,172.217.194.0-255,1484,49459,34,206758
23275,0.000514,172.31.33.0-255,66,49525,34,206758
23276,0.000534,172.217.194.0-255,1484,51009,34,206758
23277,0.000551,172.217.194.0-255,2902,53911,34,206758
23278,0.000566,172.217.194.0-255,2902,56813,34,206758
23279,0.000569,172.31.33.0-255,66,56879,34,206758
23280,0.000573,172.31.33.0-255,66,56945,34,206758
23281,0.000607,172.217.194.0-255,1125,58070,34,206758
23282,0.000612,172.31.33.0-255,66,58136,34,206758
23283,0.000648,172.217.194.0-255,3678,61814,34,206758
23284,0.000676,172.31.33.0-255,66,61880,34,206758
23285,0.000695,172.217.194.0-255,7156,69036,34,206758
23286,0.000731,172.217.194.0-255,7156,76192,34,206758
23287,0.000734,172.31.33.0-255,66,76258,34,206758
23288,0.000752,172.217.194.0-255,766,77024,34,206758
23289,0.000757,172.31.33.0-255,66,77090,34,206758
23290,0.000839,172.217.194.0-255,1484,78574,34,206758
23291,0.000845,172.217.194.0-255,2902,81476,34,206758
23292,0.00085,172.31.33.0-255,66,81542,34,206758
23293,0.000874,172.217.194.0-255,5738,87280,34,206758
23294,0.000898,172.217.194.0-255,1484,88764,34,206758
23295,0.000902,172.217.194.0-255,2902,91666,34,206758
23296,0.000906,172.31.33.0-255,66,91732,34,206758
23297,0.000923,172.31.33.0-255,66,91798,34,206758
23298,0.000934,172.217.194.0-255,5738,97536,34,206758
23299,0.000936,172.217.194.0-255,1484,99020,34,206758
23300,0.000961,172.217.194.0-255,2902,101922,34,206758
23301,0.000978,172.31.33.0-255,66,101988,34,206758
23302,0.001025,172.31.33.0-255,66,102054,34,206758
23303,0.001104,172.217.194.0-255,1484,103538,34,206758
23304,0.001125,172.217.194.0-255,2902,106440,34,206758
23305,0.00113,172.217.194.0-255,2902,109342,34,206758
23306,0.001143,172.31.33.0-255,66,109408,34,206758
23307,0.001148,172.217.194.0-255,2902,112310,34,206758
23308,0.001152,172.217.194.0-255,4320,116630,34,206758
23309,0.001188,172.31.33.0-255,66,116696,34,206758
23310,0.001253,172.31.33.0-255,66,116762,34,206758
23311,0.001375,172.217.194.0-255,1484,118246,34,206758
23312,0.001381,172.217.194.0-255,2902,121148,34,206758
23313,0.001399,172.217.194.0-255,5738,126886,34,206758
23314,0.001408,172.31.33.0-255,66,126952,34,206758
23315,0.00142,172.217.194.0-255,5738,132690,34,206758
23316,0.001439,172.217.194.0-255,7156,139846,34,206758
23317,0.001442,172.31.33.0-255,66,139912,34,206758
23318,0.001454,172.217.194.0-255,4320,144232,34,206758
23319,0.001483,172.217.194.0-255,6438,150670,34,206758
23320,0.001493,172.31.33.0-255,66,150736,34,206758
23321,0.00219,172.217.194.0-255,1484,152220,34,206758
23322,0.002197,172.217.194.0-255,2902,155122,34,206758
23323,0.0022,172.31.33.0-255,66,155188,34,206758
23324,0.002205,172.217.194.0-255,2902,158090,34,206758
23325,0.002209,172.31.33.0-255,66,158156,34,206758
23326,0.002229,172.217.194.0-255,2902,161058,34,206758
23327,0.002239,172.217.194.0-255,4320,165378,34,206758
23328,0.002273,172.217.194.0-255,2902,168280,34,206758
23329,0.002292,172.217.194.0-255,2184,170464,34,206758
23330,0.002295,172.217.194.0-255,1484,171948,34,206758
23331,0.002297,172.217.194.0-255,1484,173432,34,206758
23332,0.002317,172.217.194.0-255,1484,174916,34,206758
23333,0.002331,172.217.194.0-255,5738,180654,34,206758
23334,0.002401,172.217.194.0-255,7156,187810,34,206758
23335,0.002408,172.217.194.0-255,6438,194248,34,206758
23336,0.002411,172.217.194.0-255,1484,195732,34,206758
23337,0.002514,172.217.194.0-255,7156,202888,34,206758
23338,0.002517,172.217.194.0-255,766,203654,34,206758
23339,0.002546,172.217.194.0-255,2902,206556,34,206758
23340,0.002561,172.217.194.0-255,97,206653,34,206758
23341,0.002563,172.217.194.0-255,105,206758,34,206758
23342,0.0,74.125.130.0-255,153,153,34,214721
23343,2.3e-05,172.31.33.0-255,66,219,34,214721
23344,3e-05,74.125.130.0-255,1484,1703,34,214721
23345,3.4e-05,172.31.33.0-255,66,1769,34,214721
23346,4e-05,74.125.130.0-255,2902,4671,34,214721
23347,4.4e-05,172.31.33.0-255,66,4737,34,214721
23348,4.7e-05,74.125.130.0-255,1484,6221,34,214721
23349,4.9e-05,172.31.33.0-255,66,6287,34,214721
23350,7.8e-05,74.125.130.0-255,2902,9189,34,214721
23351,8.1e-05,172.31.33.0-255,66,9255,34,214721
23352,0.0001,74.125.130.0-255,1484,10739,34,214721
23353,0.000102,172.31.33.0-255,66,10805,34,214721
23354,0.000123,74.125.130.0-255,3547,14352,34,214721
23355,0.000126,172.31.33.0-255,66,14418,34,214721
23356,0.000583,74.125.130.0-255,1484,15902,34,214721
23357,0.00059,172.31.33.0-255,66,15968,34,214721
23358,0.000599,74.125.130.0-255,2902,18870,34,214721
23359,0.000601,172.31.33.0-255,66,18936,34,214721
23360,0.000626,74.125.130.0-255,2902,21838,34,214721
23361,0.000628,172.31.33.0-255,66,21904,34,214721
23362,0.00066,74.125.130.0-255,4320,26224,34,214721
23363,0.000663,172.31.33.0-255,66,26290,34,214721
23364,0.000666,74.125.130.0-255,1484,27774,34,214721
23365,0.000668,172.31.33.0-255,66,27840,34,214721
23366,0.000683,74.125.130.0-255,2902,30742,34,214721
23367,0.000686,172.31.33.0-255,66,30808,34,214721
23368,0.000712,74.125.130.0-255,3961,34769,34,214721
23369,0.000716,172.31.33.0-255,66,34835,34,214721
23370,0.000719,74.125.130.0-255,1484,36319,34,214721
23371,0.000721,172.31.33.0-255,66,36385,34,214721
23372,0.000736,74.125.130.0-255,2902,39287,34,214721
23373,0.000738,172.31.33.0-255,66,39353,34,214721
23374,0.000741,74.125.130.0-255,1484,40837,34,214721
23375,0.000763,172.31.33.0-255,66,40903,34,214721
23376,0.000767,74.125.130.0-255,2902,43805,34,214721
23377,0.00077,172.31.33.0-255,66,43871,34,214721
23378,0.000829,74.125.130.0-255,5738,49609,34,214721
23379,0.000834,172.31.33.0-255,66,49675,34,214721
23380,0.000848,74.125.130.0-255,4320,53995,34,214721
23381,0.00085,172.31.33.0-255,66,54061,34,214721
23382,0.000867,74.125.130.0-255,3602,57663,34,214721
23383,0.00087,172.31.33.0-255,66,57729,34,214721
23384,0.000899,74.125.130.0-255,392,58121,34,214721
23385,0.001083,74.125.130.0-255,1484,59605,34,214721
23386,0.001088,172.31.33.0-255,66,59671,34,214721
23387,0.001094,74.125.130.0-255,2902,62573,34,214721
23388,0.001097,172.31.33.0-255,66,62639,34,214721
23389,0.001102,74.125.130.0-255,2902,65541,34,214721
23390,0.001104,172.31.33.0-255,66,65607,34,214721
23391,0.001124,74.125.130.0-255,2902,68509,34,214721
23392,0.001127,172.31.33.0-255,66,68575,34,214721
23393,0.001133,74.125.130.0-255,5738,74313,34,214721
23394,0.001135,172.31.33.0-255,66,74379,34,214721
23395,0.001142,74.125.130.0-255,5738,80117,34,214721
23396,0.001145,172.31.33.0-255,66,80183,34,214721
23397,0.00117,74.125.130.0-255,1484,81667,34,214721
23398,0.001184,172.31.33.0-255,66,81733,34,214721
23399,0.001321,74.125.130.0-255,1484,83217,34,214721
23400,0.001347,74.125.130.0-255,1484,84701,34,214721
23401,0.00135,172.31.33.0-255,66,84767,34,214721
23402,0.00137,74.125.130.0-255,1484,86251,34,214721
23403,0.001375,74.125.130.0-255,2902,89153,34,214721
23404,0.001377,172.31.33.0-255,66,89219,34,214721
23405,0.001382,74.125.130.0-255,4320,93539,34,214721
23406,0.001384,172.31.33.0-255,66,93605,34,214721
23407,0.001411,74.125.130.0-255,7156,100761,34,214721
23408,0.001413,172.31.33.0-255,66,100827,34,214721
23409,0.001433,74.125.130.0-255,1484,102311,34,214721
23410,0.001444,172.31.33.0-255,66,102377,34,214721
23411,0.001493,74.125.130.0-255,5020,107397,34,214721
23412,0.001495,172.31.33.0-255,66,107463,34,214721
23413,0.001514,74.125.130.0-255,1484,108947,34,214721
23414,0.001523,74.125.130.0-255,1484,110431,34,214721
23415,0.001525,172.31.33.0-255,66,110497,34,214721
23416,0.001545,74.125.130.0-255,1484,111981,34,214721
23417,0.001553,74.125.130.0-255,5738,117719,34,214721
23418,0.001555,172.31.33.0-255,66,117785,34,214721
23419,0.001588,74.125.130.0-255,2902,120687,34,214721
23420,0.00159,172.31.33.0-255,66,120753,34,214721
23421,0.001607,74.125.130.0-255,4320,125073,34,214721
23422,0.001609,172.31.33.0-255,66,125139,34,214721
23423,0.001621,74.125.130.0-255,2902,128041,34,214721
23424,0.001624,172.31.33.0-255,66,128107,34,214721
23425,0.001656,74.125.130.0-255,4320,132427,34,214721
23426,0.001658,172.31.33.0-255,66,132493,34,214721
23427,0.001687,74.125.130.0-255,4320,136813,34,214721
23428,0.001689,172.31.33.0-255,66,136879,34,214721
23429,0.0017,74.125.130.0-255,2902,139781,34,214721
23430,0.001702,172.31.33.0-255,66,139847,34,214721
23431,0.001717,74.125.130.0-255,2184,142031,34,214721
23432,0.001719,172.31.33.0-255,66,142097,34,214721
23433,0.001778,74.125.130.0-255,1484,143581,34,214721
23434,0.001789,74.125.130.0-255,1484,145065,34,214721
23435,0.001791,172.31.33.0-255,66,145131,34,214721
23436,0.001806,74.125.130.0-255,1484,146615,34,214721
23437,0.001817,74.125.130.0-255,2902,149517,34,214721
23438,0.001819,172.31.33.0-255,66,149583,34,214721
23439,0.001851,74.125.130.0-255,4320,153903,34,214721
23440,0.001853,172.31.33.0-255,66,153969,34,214721
23441,0.001866,74.125.130.0-255,2902,156871,34,214721
23442,0.001867,172.31.33.0-255,66,156937,34,214721
23443,0.001884,74.125.130.0-255,4320,161257,34,214721
23444,0.001887,172.31.33.0-255,66,161323,34,214721
23445,0.001891,74.125.130.0-255,4320,165643,34,214721
23446,0.001893,172.31.33.0-255,66,165709,34,214721
23447,0.001915,74.125.130.0-255,4320,170029,34,214721
23448,0.001917,172.31.33.0-255,66,170095,34,214721
23449,0.00192,74.125.130.0-255,1484,171579,34,214721
23450,0.001939,74.125.130.0-255,5020,176599,34,214721
23451,0.001941,172.31.33.0-255,66,176665,34,214721
23452,0.001999,74.125.130.0-255,1484,178149,34,214721
23453,0.002018,74.125.130.0-255,1484,179633,34,214721
23454,0.00202,172.31.33.0-255,66,179699,34,214721
23455,0.002032,74.125.130.0-255,1484,181183,34,214721
23456,0.002034,74.125.130.0-255,1484,182667,34,214721
23457,0.002046,74.125.130.0-255,2902,185569,34,214721
23458,0.002063,74.125.130.0-255,4320,189889,34,214721
23459,0.002075,74.125.130.0-255,1484,191373,34,214721
23460,0.002078,74.125.130.0-255,2902,194275,34,214721
23461,0.00209,74.125.130.0-255,1484,195759,34,214721
23462,0.002102,74.125.130.0-255,2902,198661,34,214721
23463,0.002119,74.125.130.0-255,2902,201563,34,214721
23464,0.002132,74.125.130.0-255,1484,203047,34,214721
23465,0.003882,172.31.33.0-255,66,203113,34,214721
23466,0.006211,74.125.130.0-255,5738,208851,34,214721
23467,0.006218,172.31.33.0-255,66,208917,34,214721
23468,0.008559,74.125.130.0-255,5738,214655,34,214721
23469,0.008568,172.31.33.0-255,66,214721,34,214721
23470,0.0,74.125.24.0-255,143,143,34,190411
23471,1.1e-05,172.31.33.0-255,66,209,34,190411
23472,1.6e-05,74.125.24.0-255,1484,1693,34,190411
23473,2e-05,172.31.33.0-255,66,1759,34,190411
23474,3.7e-05,74.125.24.0-255,2902,4661,34,190411
23475,3.9e-05,172.31.33.0-255,66,4727,34,190411
23476,4.5e-05,74.125.24.0-255,4320,9047,34,190411
23477,4.8e-05,172.31.33.0-255,66,9113,34,190411
23478,7.2e-05,74.125.24.0-255,2902,12015,34,190411
23479,7.4e-05,172.31.33.0-255,66,12081,34,190411
23480,7.8e-05,74.125.24.0-255,2040,14121,34,190411
23481,8e-05,172.31.33.0-255,66,14187,34,190411
23482,8.3e-05,74.125.24.0-255,1484,15671,34,190411
23483,8.5e-05,172.31.33.0-255,66,15737,34,190411
23484,0.000107,172.31.33.0-255,66,15803,34,190411
23485,0.000128,74.125.24.0-255,5379,21182,34,190411
23486,0.000131,172.31.33.0-255,66,21248,34,190411
23487,0.000209,74.125.24.0-255,1484,22732,34,190411
23488,0.000212,172.31.33.0-255,66,22798,34,190411
23489,0.000217,74.125.24.0-255,2902,25700,34,190411
23490,0.000219,172.31.33.0-255,66,25766,34,190411
23491,0.000221,74.125.24.0-255,1484,27250,34,190411
23492,0.000224,172.31.33.0-255,66,27316,34,190411
23493,0.000239,74.125.24.0-255,4320,31636,34,190411
23494,0.000241,172.31.33.0-255,66,31702,34,190411
23495,0.000264,74.125.24.0-255,5738,37440,34,190411
23496,0.000267,172.31.33.0-255,66,37506,34,190411
23497,0.000294,74.125.24.0-255,5738,43244,34,190411
23498,0.000296,172.31.33.0-255,66,43310,34,190411
23499,0.000307,172.31.33.0-255,66,43376,34,190411
23500,0.00031,74.125.24.0-255,395,43771,34,190411
23501,0.000352,74.125.24.0-255,115,43886,34,190411
23502,0.000445,74.125.24.0-255,1484,45370,34,190411
23503,0.000449,172.31.33.0-255,66,45436,34,190411
23504,0.000453,74.125.24.0-255,2902,48338,34,190411
23505,0.000455,172.31.33.0-255,66,48404,34,190411
23506,0.000458,74.125.24.0-255,1484,49888,34,190411
23507,0.000473,74.125.24.0-255,4320,54208,34,190411
23508,0.000475,172.31.33.0-255,66,54274,34,190411
23509,0.000478,74.125.24.0-255,1484,55758,34,190411
23510,0.000502,172.31.33.0-255,66,55824,34,190411
23511,0.000528,172.31.33.0-255,66,55890,34,190411
23512,0.000674,74.125.24.0-255,1484,57374,34,190411
23513,0.000679,74.125.24.0-255,2902,60276,34,190411
23514,0.000682,172.31.33.0-255,66,60342,34,190411
23515,0.000685,74.125.24.0-255,1484,61826,34,190411
23516,0.000705,74.125.24.0-255,4320,66146,34,190411
23517,0.000707,172.31.33.0-255,66,66212,34,190411
23518,0.000723,74.125.24.0-255,4320,70532,34,190411
23519,0.000725,172.31.33.0-255,66,70598,34,190411
23520,0.000749,74.125.24.0-255,5738,76336,34,190411
23521,0.000753,172.31.33.0-255,66,76402,34,190411
23522,0.000766,74.125.24.0-255,2902,79304,34,190411
23523,0.000768,172.31.33.0-255,66,79370,34,190411
23524,0.000803,172.31.33.0-255,66,79436,34,190411
23525,0.001168,74.125.24.0-255,1484,80920,34,190411
23526,0.001186,74.125.24.0-255,2902,83822,34,190411
23527,0.001189,172.31.33.0-255,66,83888,34,190411
23528,0.001208,74.125.24.0-255,5738,89626,34,190411
23529,0.00121,172.31.33.0-255,66,89692,34,190411
23530,0.001215,74.125.24.0-255,2902,92594,34,190411
23531,0.001217,172.31.33.0-255,66,92660,34,190411
23532,0.001242,172.31.33.0-255,66,92726,34,190411
23533,0.001268,74.125.24.0-255,1484,94210,34,190411
23534,0.001281,172.31.33.0-255,66,94276,34,190411
23535,0.001472,74.125.24.0-255,1484,95760,34,190411
23536,0.001477,74.125.24.0-255,1484,97244,34,190411
23537,0.001479,172.31.33.0-255,66,97310,34,190411
23538,0.001502,74.125.24.0-255,1484,98794,34,190411
23539,0.001508,74.125.24.0-255,5738,104532,34,190411
23540,0.00151,172.31.33.0-255,66,104598,34,190411
23541,0.001516,74.125.24.0-255,5738,110336,34,190411
23542,0.001518,172.31.33.0-255,66,110402,34,190411
23543,0.001532,74.125.24.0-255,4320,114722,34,190411
23544,0.001534,172.31.33.0-255,66,114788,34,190411
23545,0.001553,172.31.33.0-255,66,114854,34,190411
23546,0.001557,74.125.24.0-255,2902,117756,34,190411
23547,0.001559,172.31.33.0-255,66,117822,34,190411
23548,0.001593,172.31.33.0-255,66,117888,34,190411
23549,0.001603,172.31.33.0-255,66,117954,34,190411
23550,0.001607,74.125.24.0-255,2902,120856,34,190411
23551,0.001609,172.31.33.0-255,66,120922,34,190411
23552,0.001646,172.31.33.0-255,66,120988,34,190411
23553,0.001953,74.125.24.0-255,1484,122472,34,190411
23554,0.001958,74.125.24.0-255,1484,123956,34,190411
23555,0.001961,172.31.33.0-255,66,124022,34,190411
23556,0.001982,74.125.24.0-255,1484,125506,34,190411
23557,0.001988,74.125.24.0-255,5738,131244,34,190411
23558,0.00199,172.31.33.0-255,66,131310,34,190411
23559,0.002027,172.31.33.0-255,66,131376,34,190411
23560,0.002038,172.31.33.0-255,66,131442,34,190411
23561,0.002101,172.31.33.0-255,66,131508,34,190411
23562,0.002117,172.31.33.0-255,66,131574,34,190411
23563,0.002124,74.125.24.0-255,7156,138730,34,190411
23564,0.002125,172.31.33.0-255,66,138796,34,190411
23565,0.002142,74.125.24.0-255,2902,141698,34,190411
23566,0.002144,172.31.33.0-255,66,141764,34,190411
23567,0.002181,172.31.33.0-255,66,141830,34,190411
23568,0.002211,172.31.33.0-255,66,141896,34,190411
23569,0.002218,74.125.24.0-255,7156,149052,34,190411
23570,0.00222,172.31.33.0-255,66,149118,34,190411
23571,0.002244,74.125.24.0-255,4320,153438,34,190411
23572,0.002246,172.31.33.0-255,66,153504,34,190411
23573,0.002258,172.31.33.0-255,66,153570,34,190411
23574,0.00226,74.125.24.0-255,1484,155054,34,190411
23575,0.002264,74.125.24.0-255,2902,157956,34,190411
23576,0.002266,172.31.33.0-255,66,158022,34,190411
23577,0.002289,74.125.24.0-255,5020,163042,34,190411
23578,0.002291,172.31.33.0-255,66,163108,34,190411
23579,0.002316,74.125.24.0-255,1484,164592,34,190411
23580,0.002331,74.125.24.0-255,2902,167494,34,190411
23581,0.002333,172.31.33.0-255,66,167560,34,190411
23582,0.002337,74.125.24.0-255,2902,170462,34,190411
23583,0.002339,172.31.33.0-255,66,170528,34,190411
23584,0.002356,74.125.24.0-255,2902,173430,34,190411
23585,0.002359,172.31.33.0-255,66,173496,34,190411
23586,0.002361,74.125.24.0-255,1484,174980,34,190411
23587,0.002365,74.125.24.0-255,2902,177882,34,190411
23588,0.002367,172.31.33.0-255,66,177948,34,190411
23589,0.002372,74.125.24.0-255,5738,183686,34,190411
23590,0.002374,172.31.33.0-255,66,183752,34,190411
23591,0.002419,74.125.24.0-255,6488,190240,34,190411
23592,0.002423,172.31.33.0-255,66,190306,34,190411
23593,0.002443,74.125.24.0-255,105,190411,34,190411
23594,0.0,172.217.194.0-255,153,153,34,145871
23595,3.1e-05,172.31.33.0-255,66,219,34,145871
23596,3.8e-05,172.217.194.0-255,1484,1703,34,145871
23597,4.1e-05,172.31.33.0-255,66,1769,34,145871
23598,4.6e-05,172.217.194.0-255,2902,4671,34,145871
23599,4.8e-05,172.31.33.0-255,66,4737,34,145871
23600,5.4e-05,172.217.194.0-255,7156,11893,34,145871
23601,5.6e-05,172.31.33.0-255,66,11959,34,145871
23602,7e-05,172.217.194.0-255,2125,14084,34,145871
23603,7.2e-05,172.31.33.0-255,66,14150,34,145871
23604,9.1e-05,172.217.194.0-255,2902,17052,34,145871
23605,9.3e-05,172.31.33.0-255,66,17118,34,145871
23606,0.00011,172.217.194.0-255,1484,18602,34,145871
23607,0.000112,172.31.33.0-255,66,18668,34,145871
23608,0.00013,172.217.194.0-255,5738,24406,34,145871
23609,0.000132,172.31.33.0-255,66,24472,34,145871
23610,0.000134,172.217.194.0-255,1484,25956,34,145871
23611,0.000136,172.31.33.0-255,66,26022,34,145871
23612,0.000172,172.217.194.0-255,5379,31401,34,145871
23613,0.000175,172.31.33.0-255,66,31467,34,145871
23614,0.000228,172.217.194.0-255,2902,34369,34,145871
23615,0.000231,172.31.33.0-255,66,34435,34,145871
23616,0.000235,172.217.194.0-255,2902,37337,34,145871
23617,0.000237,172.31.33.0-255,66,37403,34,145871
23618,0.000248,172.217.194.0-255,1484,38887,34,145871
23619,0.00025,172.31.33.0-255,66,38953,34,145871
23620,0.000283,172.217.194.0-255,7156,46109,34,145871
23621,0.000287,172.31.33.0-255,66,46175,34,145871
23622,0.0003,172.217.194.0-255,1484,47659,34,145871
23623,0.000302,172.31.33.0-255,66,47725,34,145871
23624,0.000314,172.31.33.0-255,66,47791,34,145871
23625,0.000337,172.31.33.0-255,66,47857,34,145871
23626,0.000358,172.217.194.0-255,378,48235,34,145871
23627,0.000479,172.217.194.0-255,1484,49719,34,145871
23628,0.000483,172.31.33.0-255,66,49785,34,145871
23629,0.000486,172.217.194.0-255,1484,51269,34,145871
23630,0.000502,172.217.194.0-255,1484,52753,34,145871
23631,0.000505,172.31.33.0-255,66,52819,34,145871
23632,0.000511,172.217.194.0-255,5738,58557,34,145871
23633,0.000513,172.31.33.0-255,66,58623,34,145871
23634,0.00053,172.217.194.0-255,4320,62943,34,145871
23635,0.000532,172.31.33.0-255,66,63009,34,145871
23636,0.000565,172.31.33.0-255,66,63075,34,145871
23637,0.000585,172.217.194.0-255,5738,68813,34,145871
23638,0.000588,172.31.33.0-255,66,68879,34,145871
23639,0.000602,172.217.194.0-255,5020,73899,34,145871
23640,0.000605,172.31.33.0-255,66,73965,34,145871
23641,0.000959,172.217.194.0-255,1484,75449,34,145871
23642,0.000978,172.217.194.0-255,2902,78351,34,145871
23643,0.000982,172.31.33.0-255,66,78417,34,145871
23644,0.000988,172.217.194.0-255,2902,81319,34,145871
23645,0.00099,172.31.33.0-255,66,81385,34,145871
23646,0.00101,172.217.194.0-255,7156,88541,34,145871
23647,0.001012,172.31.33.0-255,66,88607,34,145871
23648,0.001043,172.217.194.0-255,4320,92927,34,145871
23649,0.001046,172.31.33.0-255,66,92993,34,145871
23650,0.001071,172.31.33.0-255,66,93059,34,145871
23651,0.001089,172.217.194.0-255,2902,95961,34,145871
23652,0.001093,172.31.33.0-255,66,96027,34,145871
23653,0.001112,172.217.194.0-255,3602,99629,34,145871
23654,0.001114,172.31.33.0-255,66,99695,34,145871
23655,0.001367,172.217.194.0-255,1484,101179,34,145871
23656,0.001376,172.217.194.0-255,2902,104081,34,145871
23657,0.00138,172.31.33.0-255,66,104147,34,145871
23658,0.001396,172.217.194.0-255,4320,108467,34,145871
23659,0.001399,172.31.33.0-255,66,108533,34,145871
23660,0.001418,172.217.194.0-255,1484,110017,34,145871
23661,0.001421,172.217.194.0-255,1484,111501,34,145871
23662,0.001423,172.31.33.0-255,66,111567,34,145871
23663,0.001451,172.31.33.0-255,66,111633,34,145871
23664,0.001457,172.217.194.0-255,5738,117371,34,145871
23665,0.001459,172.31.33.0-255,66,117437,34,145871
23666,0.001492,172.217.194.0-255,2902,120339,34,145871
23667,0.001495,172.31.33.0-255,66,120405,34,145871
23668,0.001511,172.217.194.0-255,2184,122589,34,145871
23669,0.001513,172.31.33.0-255,66,122655,34,145871
23670,0.003558,172.217.194.0-255,5738,128393,34,145871
23671,0.003564,172.31.33.0-255,66,128459,34,145871
23672,0.005603,172.217.194.0-255,5738,134197,34,145871
23673,0.005605,172.31.33.0-255,66,134263,34,145871
23674,0.007669,172.217.194.0-255,5738,140001,34,145871
23675,0.007676,172.31.33.0-255,66,140067,34,145871
23676,0.009759,172.217.194.0-255,5738,145805,34,145871
23677,0.009766,172.31.33.0-255,66,145871,34,145871
23678,0.0,74.125.24.0-255,153,153,34,247799
23679,2.5e-05,172.31.33.0-255,66,219,34,247799
23680,3.3e-05,74.125.24.0-255,1484,1703,34,247799
23681,3.8e-05,172.31.33.0-255,66,1769,34,247799
23682,4.4e-05,74.125.24.0-255,2902,4671,34,247799
23683,4.8e-05,172.31.33.0-255,66,4737,34,247799
23684,7e-05,74.125.24.0-255,1484,6221,34,247799
23685,7.3e-05,172.31.33.0-255,66,6287,34,247799
23686,8.7e-05,74.125.24.0-255,5738,12025,34,247799
23687,8.9e-05,172.31.33.0-255,66,12091,34,247799
23688,9.2e-05,74.125.24.0-255,1484,13575,34,247799
23689,9.4e-05,172.31.33.0-255,66,13641,34,247799
23690,0.000135,74.125.24.0-255,7156,20797,34,247799
23691,0.00014,172.31.33.0-255,66,20863,34,247799
23692,0.000162,74.125.24.0-255,3565,24428,34,247799
23693,0.000165,172.31.33.0-255,66,24494,34,247799
23694,0.000172,74.125.24.0-255,7156,31650,34,247799
23695,0.000174,172.31.33.0-255,66,31716,34,247799
23696,0.000241,172.31.33.0-255,66,31782,34,247799
23697,0.000889,74.125.24.0-255,1484,33266,34,247799
23698,0.000896,172.31.33.0-255,66,33332,34,247799
23699,0.000915,74.125.24.0-255,2902,36234,34,247799
23700,0.000919,172.31.33.0-255,66,36300,34,247799
23701,0.000941,74.125.24.0-255,4320,40620,34,247799
23702,0.000944,172.31.33.0-255,66,40686,34,247799
23703,0.000962,74.125.24.0-255,1484,42170,34,247799
23704,0.000965,172.31.33.0-255,66,42236,34,247799
23705,0.000987,74.125.24.0-255,6797,49033,34,247799
23706,0.000989,172.31.33.0-255,66,49099,34,247799
23707,0.000992,74.125.24.0-255,394,49493,34,247799
23708,0.000994,172.31.33.0-255,66,49559,34,247799
23709,0.001675,74.125.24.0-255,1484,51043,34,247799
23710,0.001683,74.125.24.0-255,2902,53945,34,247799
23711,0.001688,172.31.33.0-255,66,54011,34,247799
23712,0.001714,74.125.24.0-255,2902,56913,34,247799
23713,0.001717,172.31.33.0-255,66,56979,34,247799
23714,0.001733,74.125.24.0-255,2902,59881,34,247799
23715,0.001735,172.31.33.0-255,66,59947,34,247799
23716,0.001739,74.125.24.0-255,2902,62849,34,247799
23717,0.001741,172.31.33.0-255,66,62915,34,247799
23718,0.001747,74.125.24.0-255,5738,68653,34,247799
23719,0.001749,172.31.33.0-255,66,68719,34,247799
23720,0.001772,74.125.24.0-255,4320,73039,34,247799
23721,0.001774,172.31.33.0-255,66,73105,34,247799
23722,0.001778,74.125.24.0-255,2902,76007,34,247799
23723,0.001779,172.31.33.0-255,66,76073,34,247799
23724,0.001804,172.31.33.0-255,66,76139,34,247799
23725,0.001974,74.125.24.0-255,1484,77623,34,247799
23726,0.001978,74.125.24.0-255,1484,79107,34,247799
23727,0.00198,172.31.33.0-255,66,79173,34,247799
23728,0.001995,74.125.24.0-255,1484,80657,34,247799
23729,0.002,74.125.24.0-255,2902,83559,34,247799
23730,0.002002,172.31.33.0-255,66,83625,34,247799
23731,0.002024,74.125.24.0-255,2902,86527,34,247799
23732,0.002026,172.31.33.0-255,66,86593,34,247799
23733,0.002033,74.125.24.0-255,7156,93749,34,247799
23734,0.002035,172.31.33.0-255,66,93815,34,247799
23735,0.002057,74.125.24.0-255,5738,99553,34,247799
23736,0.002059,172.31.33.0-255,66,99619,34,247799
23737,0.002065,74.125.24.0-255,5738,105357,34,247799
23738,0.002097,74.125.24.0-255,5738,111095,34,247799
23739,0.002136,74.125.24.0-255,5020,116115,34,247799
23740,0.002177,74.125.24.0-255,1484,117599,34,247799
23741,0.002193,74.125.24.0-255,4320,121919,34,247799
23742,0.002234,74.125.24.0-255,7156,129075,34,247799
23743,0.002275,74.125.24.0-255,2902,131977,34,247799
23744,0.002286,74.125.24.0-255,2902,134879,34,247799
23745,0.002298,74.125.24.0-255,4320,139199,34,247799
23746,0.002311,74.125.24.0-255,3602,142801,34,247799
23747,0.002357,74.125.24.0-255,2902,145703,34,247799
23748,0.002389,74.125.24.0-255,6438,152141,34,247799
23749,0.002452,74.125.24.0-255,2902,155043,34,247799
23750,0.002454,74.125.24.0-255,1484,156527,34,247799
23751,0.002457,74.125.24.0-255,1484,158011,34,247799
23752,0.002474,74.125.24.0-255,1484,159495,34,247799
23753,0.002486,74.125.24.0-255,2902,162397,34,247799
23754,0.002489,74.125.24.0-255,1484,163881,34,247799
23755,0.002508,74.125.24.0-255,2902,166783,34,247799
23756,0.002541,74.125.24.0-255,7156,173939,34,247799
23757,0.002557,74.125.24.0-255,2902,176841,34,247799
23758,0.00256,74.125.24.0-255,1484,178325,34,247799
23759,0.002576,74.125.24.0-255,2902,181227,34,247799
23760,0.002598,74.125.24.0-255,2902,184129,34,247799
23761,0.00261,74.125.24.0-255,2184,186313,34,247799
23762,0.002708,74.125.24.0-255,349,186662,34,247799
23763,0.002759,74.125.24.0-255,1484,188146,34,247799
23764,0.002764,74.125.24.0-255,2902,191048,34,247799
23765,0.002779,74.125.24.0-255,1484,192532,34,247799
23766,0.002815,74.125.24.0-255,1484,194016,34,247799
23767,0.002855,74.125.24.0-255,4320,198336,34,247799
23768,0.002901,74.125.24.0-255,2184,200520,34,247799
23769,0.003094,74.125.24.0-255,1484,202004,34,247799
23770,0.003102,74.125.24.0-255,2902,204906,34,247799
23771,0.003106,74.125.24.0-255,1484,206390,34,247799
23772,0.003136,74.125.24.0-255,4320,210710,34,247799
23773,0.003147,74.125.24.0-255,5738,216448,34,247799
23774,0.00317,74.125.24.0-255,7156,223604,34,247799
23775,0.003209,74.125.24.0-255,1484,225088,34,247799
23776,0.003227,74.125.24.0-255,2902,227990,34,247799
23777,0.003249,74.125.24.0-255,5738,233728,34,247799
23778,0.003265,74.125.24.0-255,2902,236630,34,247799
23779,0.003289,74.125.24.0-255,5738,242368,34,247799
23780,0.003299,74.125.24.0-255,5260,247628,34,247799
23781,0.003343,74.125.24.0-255,105,247733,34,247799
23782,0.005172,172.31.33.0-255,66,247799,34,247799
23783,0.0,74.125.24.0-255,153,153,34,187707
23784,1.5e-05,172.31.33.0-255,66,219,34,187707
23785,2.1e-05,74.125.24.0-255,1484,1703,34,187707
23786,2.6e-05,172.31.33.0-255,66,1769,34,187707
23787,3.9e-05,74.125.24.0-255,2902,4671,34,187707
23788,4.2e-05,172.31.33.0-255,66,4737,34,187707
23789,4.8e-05,74.125.24.0-255,7156,11893,34,187707
23790,5.1e-05,172.31.33.0-255,66,11959,34,187707
23791,8.1e-05,74.125.24.0-255,2021,13980,34,187707
23792,8.3e-05,172.31.33.0-255,66,14046,34,187707
23793,0.00013,74.125.24.0-255,1484,15530,34,187707
23794,0.000133,172.31.33.0-255,66,15596,34,187707
23795,0.000135,74.125.24.0-255,1484,17080,34,187707
23796,0.000138,172.31.33.0-255,66,17146,34,187707
23797,0.000156,74.125.24.0-255,1484,18630,34,187707
23798,0.000158,172.31.33.0-255,66,18696,34,187707
23799,0.000163,74.125.24.0-255,5738,24434,34,187707
23800,0.000166,172.31.33.0-255,66,24500,34,187707
23801,0.000201,74.125.24.0-255,6797,31297,34,187707
23802,0.000204,172.31.33.0-255,66,31363,34,187707
23803,0.00021,74.125.24.0-255,5738,37101,34,187707
23804,0.000212,172.31.33.0-255,66,37167,34,187707
23805,0.000244,172.31.33.0-255,66,37233,34,187707
23806,0.000248,74.125.24.0-255,2543,39776,34,187707
23807,0.00025,172.31.33.0-255,66,39842,34,187707
23808,0.000298,74.125.24.0-255,5738,45580,34,187707
23809,0.000301,172.31.33.0-255,66,45646,34,187707
23810,0.000336,172.31.33.0-255,66,45712,34,187707
23811,0.000339,74.125.24.0-255,131,45843,34,187707
23812,0.000341,172.31.33.0-255,66,45909,34,187707
23813,0.000427,74.125.24.0-255,1484,47393,34,187707
23814,0.000433,74.125.24.0-255,2902,50295,34,187707
23815,0.000435,172.31.33.0-255,66,50361,34,187707
23816,0.000456,74.125.24.0-255,5738,56099,34,187707
23817,0.000459,172.31.33.0-255,66,56165,34,187707
23818,0.000497,172.31.33.0-255,66,56231,34,187707
23819,0.000507,172.31.33.0-255,66,56297,34,187707
23820,0.000513,74.125.24.0-255,348,56645,34,187707
23821,0.000864,74.125.24.0-255,1484,58129,34,187707
23822,0.000868,172.31.33.0-255,66,58195,34,187707
23823,0.000873,74.125.24.0-255,1484,59679,34,187707
23824,0.000893,74.125.24.0-255,1484,61163,34,187707
23825,0.000899,74.125.24.0-255,5738,66901,34,187707
23826,0.000902,172.31.33.0-255,66,66967,34,187707
23827,0.000905,172.31.33.0-255,66,67033,34,187707
23828,0.000947,172.31.33.0-255,66,67099,34,187707
23829,0.000963,172.31.33.0-255,66,67165,34,187707
23830,0.001069,74.125.24.0-255,1484,68649,34,187707
23831,0.001086,74.125.24.0-255,2902,71551,34,187707
23832,0.001089,172.31.33.0-255,66,71617,34,187707
23833,0.001093,74.125.24.0-255,2902,74519,34,187707
23834,0.001095,172.31.33.0-255,66,74585,34,187707
23835,0.001125,74.125.24.0-255,7156,81741,34,187707
23836,0.001128,172.31.33.0-255,66,81807,34,187707
23837,0.001154,172.31.33.0-255,66,81873,34,187707
23838,0.001178,74.125.24.0-255,2902,84775,34,187707
23839,0.00118,172.31.33.0-255,66,84841,34,187707
23840,0.001207,74.125.24.0-255,3602,88443,34,187707
23841,0.00121,172.31.33.0-255,66,88509,34,187707
23842,0.0015,74.125.24.0-255,1484,89993,34,187707
23843,0.001505,74.125.24.0-255,1484,91477,34,187707
23844,0.001508,172.31.33.0-255,66,91543,34,187707
23845,0.001531,74.125.24.0-255,1484,93027,34,187707
23846,0.001537,74.125.24.0-255,5738,98765,34,187707
23847,0.001539,172.31.33.0-255,66,98831,34,187707
23848,0.00155,172.31.33.0-255,66,98897,34,187707
23849,0.001578,74.125.24.0-255,1484,100381,34,187707
23850,0.001587,74.125.24.0-255,766,101147,34,187707
23851,0.001591,172.31.33.0-255,66,101213,34,187707
23852,0.001794,74.125.24.0-255,1484,102697,34,187707
23853,0.001797,172.31.33.0-255,66,102763,34,187707
23854,0.001802,74.125.24.0-255,2902,105665,34,187707
23855,0.001804,172.31.33.0-255,66,105731,34,187707
23856,0.001829,74.125.24.0-255,5738,111469,34,187707
23857,0.001831,172.31.33.0-255,66,111535,34,187707
23858,0.001841,74.125.24.0-255,7156,118691,34,187707
23859,0.001843,172.31.33.0-255,66,118757,34,187707
23860,0.001871,74.125.24.0-255,5738,124495,34,187707
23861,0.001873,172.31.33.0-255,66,124561,34,187707
23862,0.001887,172.31.33.0-255,66,124627,34,187707
23863,0.00189,74.125.24.0-255,766,125393,34,187707
23864,0.00192,74.125.24.0-255,1484,126877,34,187707
23865,0.001922,172.31.33.0-255,66,126943,34,187707
23866,0.001947,74.125.24.0-255,4320,131263,34,187707
23867,0.001949,74.125.24.0-255,1484,132747,34,187707
23868,0.001953,172.31.33.0-255,66,132813,34,187707
23869,0.001965,74.125.24.0-255,4320,137133,34,187707
23870,0.001971,172.31.33.0-255,66,137199,34,187707
23871,0.001981,74.125.24.0-255,5738,142937,34,187707
23872,0.001983,172.31.33.0-255,66,143003,34,187707
23873,0.002007,74.125.24.0-255,5738,148741,34,187707
23874,0.002009,172.31.33.0-255,66,148807,34,187707
23875,0.002023,172.31.33.0-255,66,148873,34,187707
23876,0.00204,74.125.24.0-255,766,149639,34,187707
23877,0.002093,74.125.24.0-255,1484,151123,34,187707
23878,0.002095,172.31.33.0-255,66,151189,34,187707
23879,0.0021,74.125.24.0-255,2902,154091,34,187707
23880,0.002102,172.31.33.0-255,66,154157,34,187707
23881,0.002132,74.125.24.0-255,5738,159895,34,187707
23882,0.002134,172.31.33.0-255,66,159961,34,187707
23883,0.002173,172.31.33.0-255,66,160027,34,187707
23884,0.002195,74.125.24.0-255,4320,164347,34,187707
23885,0.002198,172.31.33.0-255,66,164413,34,187707
23886,0.002208,172.31.33.0-255,66,164479,34,187707
23887,0.002246,74.125.24.0-255,1484,165963,34,187707
23888,0.002262,74.125.24.0-255,2902,168865,34,187707
23889,0.002264,172.31.33.0-255,66,168931,34,187707
23890,0.002267,74.125.24.0-255,1484,170415,34,187707
23891,0.002294,74.125.24.0-255,4320,174735,34,187707
23892,0.002296,172.31.33.0-255,66,174801,34,187707
23893,0.002333,172.31.33.0-255,66,174867,34,187707
23894,0.002342,172.31.33.0-255,66,174933,34,187707
23895,0.002363,74.125.24.0-255,1484,176417,34,187707
23896,0.002393,172.31.33.0-255,66,176483,34,187707
23897,0.00242,74.125.24.0-255,3602,180085,34,187707
23898,0.002422,172.31.33.0-255,66,180151,34,187707
23899,0.002438,172.31.33.0-255,66,180217,34,187707
23900,0.002444,74.125.24.0-255,7156,187373,34,187707
23901,0.002446,172.31.33.0-255,66,187439,34,187707
23902,0.002494,172.31.33.0-255,66,187505,34,187707
23903,0.002497,74.125.24.0-255,97,187602,34,187707
23904,0.002499,74.125.24.0-255,105,187707,34,187707
23905,0.0,172.217.194.0-255,234,234,34,225694
23906,2.9e-05,172.31.33.0-255,66,300,34,225694
23907,3.6e-05,172.217.194.0-255,1484,1784,34,225694
23908,4e-05,172.31.33.0-255,66,1850,34,225694
23909,4.5e-05,172.217.194.0-255,4320,6170,34,225694
23910,4.7e-05,172.31.33.0-255,66,6236,34,225694
23911,5e-05,172.217.194.0-255,1484,7720,34,225694
23912,5.2e-05,172.31.33.0-255,66,7786,34,225694
23913,7.9e-05,172.217.194.0-255,4320,12106,34,225694
23914,8.3e-05,172.31.33.0-255,66,12172,34,225694
23915,0.000107,172.217.194.0-255,6049,18221,34,225694
23916,0.000109,172.31.33.0-255,66,18287,34,225694
23917,0.000122,172.31.33.0-255,66,18353,34,225694
23918,0.000151,172.217.194.0-255,1484,19837,34,225694
23919,0.000153,172.31.33.0-255,66,19903,34,225694
23920,0.00017,172.217.194.0-255,2902,22805,34,225694
23921,0.000172,172.31.33.0-255,66,22871,34,225694
23922,0.000179,172.217.194.0-255,4320,27191,34,225694
23923,0.000181,172.31.33.0-255,66,27257,34,225694
23924,0.000199,172.217.194.0-255,1484,28741,34,225694
23925,0.000202,172.31.33.0-255,66,28807,34,225694
23926,0.000205,172.217.194.0-255,1484,30291,34,225694
23927,0.000206,172.31.33.0-255,66,30357,34,225694
23928,0.000212,172.217.194.0-255,5738,36095,34,225694
23929,0.000215,172.31.33.0-255,66,36161,34,225694
23930,0.000236,172.31.33.0-255,66,36227,34,225694
23931,0.000245,172.31.33.0-255,66,36293,34,225694
23932,0.000247,172.217.194.0-255,98,36391,34,225694
23933,0.000249,172.31.33.0-255,66,36457,34,225694
23934,0.00034,172.217.194.0-255,1484,37941,34,225694
23935,0.000345,172.217.194.0-255,1484,39425,34,225694
23936,0.000347,172.31.33.0-255,66,39491,34,225694
23937,0.000365,172.217.194.0-255,1484,40975,34,225694
23938,0.000372,172.217.194.0-255,5738,46713,34,225694
23939,0.000375,172.31.33.0-255,66,46779,34,225694
23940,0.000402,172.31.33.0-255,66,46845,34,225694
23941,0.000419,172.217.194.0-255,2543,49388,34,225694
23942,0.000421,172.31.33.0-255,66,49454,34,225694
23943,0.000441,172.217.194.0-255,5738,55192,34,225694
23944,0.000443,172.31.33.0-255,66,55258,34,225694
23945,0.00046,172.217.194.0-255,5655,60913,34,225694
23946,0.000462,172.31.33.0-255,66,60979,34,225694
23947,0.000585,172.217.194.0-255,1484,62463,34,225694
23948,0.000599,172.217.194.0-255,2902,65365,34,225694
23949,0.000601,172.31.33.0-255,66,65431,34,225694
23950,0.000608,172.217.194.0-255,5738,71169,34,225694
23951,0.00061,172.31.33.0-255,66,71235,34,225694
23952,0.000622,172.217.194.0-255,2902,74137,34,225694
23953,0.000624,172.31.33.0-255,66,74203,34,225694
23954,0.000653,172.31.33.0-255,66,74269,34,225694
23955,0.000664,172.31.33.0-255,66,74335,34,225694
23956,0.000886,172.217.194.0-255,1484,75819,34,225694
23957,0.000889,172.217.194.0-255,1484,77303,34,225694
23958,0.000892,172.31.33.0-255,66,77369,34,225694
23959,0.000911,172.217.194.0-255,1484,78853,34,225694
23960,0.000917,172.217.194.0-255,5738,84591,34,225694
23961,0.000919,172.31.33.0-255,66,84657,34,225694
23962,0.000926,172.217.194.0-255,5738,90395,34,225694
23963,0.000928,172.31.33.0-255,66,90461,34,225694
23964,0.000944,172.217.194.0-255,7156,97617,34,225694
23965,0.000947,172.31.33.0-255,66,97683,34,225694
23966,0.000953,172.217.194.0-255,5738,103421,34,225694
23967,0.000955,172.31.33.0-255,66,103487,34,225694
23968,0.000976,172.217.194.0-255,5020,108507,34,225694
23969,0.000979,172.31.33.0-255,66,108573,34,225694
23970,0.001447,172.217.194.0-255,1484,110057,34,225694
23971,0.001456,172.217.194.0-255,2902,112959,34,225694
23972,0.00146,172.31.33.0-255,66,113025,34,225694
23973,0.001466,172.217.194.0-255,4320,117345,34,225694
23974,0.001467,172.31.33.0-255,66,117411,34,225694
23975,0.001483,172.217.194.0-255,1484,118895,34,225694
23976,0.001487,172.217.194.0-255,1484,120379,34,225694
23977,0.001489,172.31.33.0-255,66,120445,34,225694
23978,0.001515,172.31.33.0-255,66,120511,34,225694
23979,0.00155,172.217.194.0-255,2902,123413,34,225694
23980,0.001553,172.31.33.0-255,66,123479,34,225694
23981,0.001573,172.217.194.0-255,5738,129217,34,225694
23982,0.001575,172.31.33.0-255,66,129283,34,225694
23983,0.001579,172.217.194.0-255,2184,131467,34,225694
23984,0.001581,172.31.33.0-255,66,131533,34,225694
23985,0.001703,172.217.194.0-255,1484,133017,34,225694
23986,0.001709,172.217.194.0-255,2902,135919,34,225694
23987,0.001712,172.31.33.0-255,66,135985,34,225694
23988,0.001717,172.217.194.0-255,2902,138887,34,225694
23989,0.001718,172.31.33.0-255,66,138953,34,225694
23990,0.001736,172.217.194.0-255,2902,141855,34,225694
23991,0.001739,172.31.33.0-255,66,141921,34,225694
23992,0.001773,172.31.33.0-255,66,141987,34,225694
23993,0.00178,172.217.194.0-255,5738,147725,34,225694
23994,0.001782,172.31.33.0-255,66,147791,34,225694
23995,0.001799,172.217.194.0-255,5020,152811,34,225694
23996,0.001801,172.31.33.0-255,66,152877,34,225694
23997,0.001842,172.31.33.0-255,66,152943,34,225694
23998,0.00187,172.217.194.0-255,4320,157263,34,225694
23999,0.001873,172.31.33.0-255,66,157329,34,225694
24000,0.001876,172.217.194.0-255,1484,158813,34,225694
24001,0.001919,172.31.33.0-255,66,158879,34,225694
24002,0.001973,172.217.194.0-255,1484,160363,34,225694
24003,0.001978,172.217.194.0-255,2902,163265,34,225694
24004,0.001981,172.31.33.0-255,66,163331,34,225694
24005,0.002007,172.217.194.0-255,5738,169069,34,225694
24006,0.00201,172.31.33.0-255,66,169135,34,225694
24007,0.002017,172.217.194.0-255,7156,176291,34,225694
24008,0.00202,172.31.33.0-255,66,176357,34,225694
24009,0.002036,172.217.194.0-255,5738,182095,34,225694
24010,0.002039,172.31.33.0-255,66,182161,34,225694
24011,0.002043,172.217.194.0-255,4320,186481,34,225694
24012,0.002045,172.31.33.0-255,66,186547,34,225694
24013,0.002069,172.217.194.0-255,1484,188031,34,225694
24014,0.002087,172.217.194.0-255,5020,193051,34,225694
24015,0.00209,172.31.33.0-255,66,193117,34,225694
24016,0.002094,172.217.194.0-255,2902,196019,34,225694
24017,0.002096,172.31.33.0-255,66,196085,34,225694
24018,0.002114,172.217.194.0-255,4320,200405,34,225694
24019,0.002117,172.31.33.0-255,66,200471,34,225694
24020,0.002123,172.217.194.0-255,7156,207627,34,225694
24021,0.002125,172.31.33.0-255,66,207693,34,225694
24022,0.002151,172.31.33.0-255,66,207759,34,225694
24023,0.002163,172.31.33.0-255,66,207825,34,225694
24024,0.002198,172.217.194.0-255,1484,209309,34,225694
24025,0.002202,172.217.194.0-255,2902,212211,34,225694
24026,0.002204,172.31.33.0-255,66,212277,34,225694
24027,0.002207,172.217.194.0-255,1484,213761,34,225694
24028,0.002224,172.217.194.0-255,4320,218081,34,225694
24029,0.002226,172.31.33.0-255,66,218147,34,225694
24030,0.002229,172.217.194.0-255,1484,219631,34,225694
24031,0.002257,172.31.33.0-255,66,219697,34,225694
24032,0.002281,172.217.194.0-255,1484,221181,34,225694
24033,0.00231,172.31.33.0-255,66,221247,34,225694
24034,0.002367,172.31.33.0-255,66,221313,34,225694
24035,0.002386,172.217.194.0-255,2902,224215,34,225694
24036,0.002389,172.31.33.0-255,66,224281,34,225694
24037,0.002399,172.31.33.0-255,66,224347,34,225694
24038,0.002401,172.217.194.0-255,1005,225352,34,225694
24039,0.002403,172.217.194.0-255,105,225457,34,225694
24040,0.003505,172.31.33.0-255,66,225523,34,225694
24041,0.003535,172.31.33.0-255,105,225628,34,225694
24042,0.006127,172.217.194.0-255,66,225694,34,225694
24043,0.0,172.217.194.0-255,153,153,34,163204
24044,1.4e-05,172.31.33.0-255,66,219,34,163204
24045,2.1e-05,172.217.194.0-255,1484,1703,34,163204
24046,2.6e-05,172.31.33.0-255,66,1769,34,163204
24047,3.9e-05,172.217.194.0-255,2902,4671,34,163204
24048,4.1e-05,172.31.33.0-255,66,4737,34,163204
24049,7.5e-05,172.217.194.0-255,2902,7639,34,163204
24050,7.8e-05,172.31.33.0-255,66,7705,34,163204
24051,8.3e-05,172.217.194.0-255,2902,10607,34,163204
24052,8.6e-05,172.31.33.0-255,66,10673,34,163204
24053,0.000115,172.217.194.0-255,4849,15522,34,163204
24054,0.000122,172.31.33.0-255,66,15588,34,163204
24055,0.000132,172.31.33.0-255,66,15654,34,163204
24056,0.000156,172.217.194.0-255,6797,22451,34,163204
24057,0.000159,172.31.33.0-255,66,22517,34,163204
24058,0.000239,172.217.194.0-255,1484,24001,34,163204
24059,0.000242,172.31.33.0-255,66,24067,34,163204
24060,0.000248,172.217.194.0-255,2902,26969,34,163204
24061,0.00025,172.31.33.0-255,66,27035,34,163204
24062,0.00027,172.217.194.0-255,5738,32773,34,163204
24063,0.000277,172.31.33.0-255,66,32839,34,163204
24064,0.000308,172.217.194.0-255,5738,38577,34,163204
24065,0.000311,172.31.33.0-255,66,38643,34,163204
24066,0.000343,172.31.33.0-255,66,38709,34,163204
24067,0.000384,172.31.33.0-255,66,38775,34,163204
24068,0.001511,172.217.194.0-255,365,39140,34,163204
24069,0.001517,172.31.33.0-255,66,39206,34,163204
24070,0.001524,172.217.194.0-255,1484,40690,34,163204
24071,0.001526,172.31.33.0-255,66,40756,34,163204
24072,0.001533,172.217.194.0-255,1484,42240,34,163204
24073,0.00155,172.217.194.0-255,2902,45142,34,163204
24074,0.001552,172.31.33.0-255,66,45208,34,163204
24075,0.001558,172.217.194.0-255,5738,50946,34,163204
24076,0.00156,172.31.33.0-255,66,51012,34,163204
24077,0.001596,172.31.33.0-255,66,51078,34,163204
24078,0.001602,172.217.194.0-255,7156,58234,34,163204
24079,0.001604,172.31.33.0-255,66,58300,34,163204
24080,0.001624,172.217.194.0-255,766,59066,34,163204
24081,0.001692,172.217.194.0-255,1484,60550,34,163204
24082,0.001694,172.31.33.0-255,66,60616,34,163204
24083,0.001698,172.217.194.0-255,1484,62100,34,163204
24084,0.00172,172.217.194.0-255,1484,63584,34,163204
24085,0.001722,172.31.33.0-255,66,63650,34,163204
24086,0.001728,172.217.194.0-255,5738,69388,34,163204
24087,0.00173,172.31.33.0-255,66,69454,34,163204
24088,0.001733,172.217.194.0-255,1484,70938,34,163204
24089,0.001769,172.31.33.0-255,66,71004,34,163204
24090,0.00178,172.31.33.0-255,66,71070,34,163204
24091,0.001822,172.31.33.0-255,66,71136,34,163204
24092,0.00185,172.31.33.0-255,66,71202,34,163204
24093,0.001859,172.31.33.0-255,66,71268,34,163204
24094,0.001885,172.217.194.0-255,1484,72752,34,163204
24095,0.001889,172.217.194.0-255,2902,75654,34,163204
24096,0.001901,172.31.33.0-255,66,75720,34,163204
24097,0.001907,172.217.194.0-255,5738,81458,34,163204
24098,0.00191,172.31.33.0-255,66,81524,34,163204
24099,0.001951,172.217.194.0-255,4320,85844,34,163204
24100,0.001953,172.31.33.0-255,66,85910,34,163204
24101,0.001985,172.31.33.0-255,66,85976,34,163204
24102,0.001989,172.217.194.0-255,2902,88878,34,163204
24103,0.00199,172.31.33.0-255,66,88944,34,163204
24104,0.001999,172.31.33.0-255,66,89010,34,163204
24105,0.002051,172.217.194.0-255,1484,90494,34,163204
24106,0.002065,172.217.194.0-255,2902,93396,34,163204
24107,0.002068,172.31.33.0-255,66,93462,34,163204
24108,0.002071,172.217.194.0-255,1484,94946,34,163204
24109,0.002087,172.217.194.0-255,4320,99266,34,163204
24110,0.002089,172.31.33.0-255,66,99332,34,163204
24111,0.002094,172.217.194.0-255,4320,103652,34,163204
24112,0.002096,172.31.33.0-255,66,103718,34,163204
24113,0.002115,172.217.194.0-255,1484,105202,34,163204
24114,0.002133,172.31.33.0-255,66,105268,34,163204
24115,0.002181,172.31.33.0-255,66,105334,34,163204
24116,0.002224,172.31.33.0-255,66,105400,34,163204
24117,0.002287,172.217.194.0-255,1484,106884,34,163204
24118,0.00229,172.217.194.0-255,1484,108368,34,163204
24119,0.002292,172.31.33.0-255,66,108434,34,163204
24120,0.002319,172.217.194.0-255,1484,109918,34,163204
24121,0.002324,172.217.194.0-255,5738,115656,34,163204
24122,0.002326,172.31.33.0-255,66,115722,34,163204
24123,0.002329,172.217.194.0-255,1484,117206,34,163204
24124,0.002362,172.31.33.0-255,66,117272,34,163204
24125,0.002372,172.31.33.0-255,66,117338,34,163204
24126,0.002376,172.217.194.0-255,2184,119522,34,163204
24127,0.002382,172.31.33.0-255,66,119588,34,163204
24128,0.002438,172.217.194.0-255,1484,121072,34,163204
24129,0.002453,172.217.194.0-255,2902,123974,34,163204
24130,0.002455,172.31.33.0-255,66,124040,34,163204
24131,0.002476,172.217.194.0-255,5738,129778,34,163204
24132,0.002478,172.31.33.0-255,66,129844,34,163204
24133,0.00252,172.31.33.0-255,66,129910,34,163204
24134,0.002523,172.217.194.0-255,1484,131394,34,163204
24135,0.002554,172.217.194.0-255,5738,137132,34,163204
24136,0.002556,172.31.33.0-255,66,137198,34,163204
24137,0.002602,172.31.33.0-255,66,137264,34,163204
24138,0.002605,172.217.194.0-255,1484,138748,34,163204
24139,0.00261,172.217.194.0-255,5738,144486,34,163204
24140,0.002612,172.31.33.0-255,66,144552,34,163204
24141,0.002615,172.217.194.0-255,1484,146036,34,163204
24142,0.002625,172.31.33.0-255,66,146102,34,163204
24143,0.002668,172.31.33.0-255,66,146168,34,163204
24144,0.0027,172.217.194.0-255,6438,152606,34,163204
24145,0.002707,172.31.33.0-255,66,152672,34,163204
24146,0.002714,172.217.194.0-255,7156,159828,34,163204
24147,0.002715,172.31.33.0-255,66,159894,34,163204
24148,0.00272,172.217.194.0-255,2902,162796,34,163204
24149,0.002722,172.31.33.0-255,66,162862,34,163204
24150,0.002766,172.31.33.0-255,66,162928,34,163204
24151,0.002769,172.217.194.0-255,105,163033,34,163204
24152,0.008406,172.31.33.0-255,66,163099,34,163204
24153,0.00844,172.31.33.0-255,105,163204,34,163204
24154,0.0,172.31.33.0-255,105,105,34,276
24155,0.001766,157.240.7.0-255,105,210,34,276
24156,0.001776,172.31.33.0-255,66,276,34,276
24157,0.0,74.125.24.0-255,153,153,34,245380
24158,2.3e-05,172.31.33.0-255,66,219,34,245380
24159,3e-05,74.125.24.0-255,1484,1703,34,245380
24160,3.5e-05,172.31.33.0-255,66,1769,34,245380
24161,4e-05,74.125.24.0-255,2902,4671,34,245380
24162,4.2e-05,172.31.33.0-255,66,4737,34,245380
24163,5.7e-05,74.125.24.0-255,7156,11893,34,245380
24164,6e-05,172.31.33.0-255,66,11959,34,245380
24165,6.6e-05,74.125.24.0-255,4820,16779,34,245380
24166,7e-05,172.31.33.0-255,66,16845,34,245380
24167,0.00012,172.31.33.0-255,66,16911,34,245380
24168,0.000297,74.125.24.0-255,1484,18395,34,245380
24169,0.000303,172.31.33.0-255,66,18461,34,245380
24170,0.00031,74.125.24.0-255,2902,21363,34,245380
24171,0.000311,172.31.33.0-255,66,21429,34,245380
24172,0.000314,74.125.24.0-255,1484,22913,34,245380
24173,0.000316,172.31.33.0-255,66,22979,34,245380
24174,0.000336,74.125.24.0-255,4320,27299,34,245380
24175,0.000343,172.31.33.0-255,66,27365,34,245380
24176,0.000375,74.125.24.0-255,6797,34162,34,245380
24177,0.00038,172.31.33.0-255,66,34228,34,245380
24178,0.001545,74.125.24.0-255,1484,35712,34,245380
24179,0.001552,172.31.33.0-255,66,35778,34,245380
24180,0.00156,74.125.24.0-255,2902,38680,34,245380
24181,0.001562,172.31.33.0-255,66,38746,34,245380
24182,0.001574,74.125.24.0-255,5738,44484,34,245380
24183,0.001576,172.31.33.0-255,66,44550,34,245380
24184,0.001604,74.125.24.0-255,2902,47452,34,245380
24185,0.001606,172.31.33.0-255,66,47518,34,245380
24186,0.00163,74.125.24.0-255,2902,50420,34,245380
24187,0.001633,172.31.33.0-255,66,50486,34,245380
24188,0.001636,74.125.24.0-255,1125,51611,34,245380
24189,0.001641,74.125.24.0-255,1484,53095,34,245380
24190,0.001643,172.31.33.0-255,66,53161,34,245380
24191,0.001647,74.125.24.0-255,2902,56063,34,245380
24192,0.001648,172.31.33.0-255,66,56129,34,245380
24193,0.00167,74.125.24.0-255,1484,57613,34,245380
24194,0.001681,172.31.33.0-255,66,57679,34,245380
24195,0.001687,74.125.24.0-255,5379,63058,34,245380
24196,0.001689,172.31.33.0-255,66,63124,34,245380
24197,0.001744,172.31.33.0-255,66,63190,34,245380
24198,0.001761,74.125.24.0-255,4540,67730,34,245380
24199,0.001763,172.31.33.0-255,66,67796,34,245380
24200,0.002177,74.125.24.0-255,1484,69280,34,245380
24201,0.002198,74.125.24.0-255,2902,72182,34,245380
24202,0.002202,172.31.33.0-255,66,72248,34,245380
24203,0.002207,74.125.24.0-255,4320,76568,34,245380
24204,0.002209,172.31.33.0-255,66,76634,34,245380
24205,0.002227,74.125.24.0-255,1484,78118,34,245380
24206,0.002245,74.125.24.0-255,2902,81020,34,245380
24207,0.002247,172.31.33.0-255,66,81086,34,245380
24208,0.002281,172.31.33.0-255,66,81152,34,245380
24209,0.002312,172.31.33.0-255,66,81218,34,245380
24210,0.002568,74.125.24.0-255,1484,82702,34,245380
24211,0.002581,74.125.24.0-255,1484,84186,34,245380
24212,0.002584,172.31.33.0-255,66,84252,34,245380
24213,0.00261,74.125.24.0-255,4320,88572,34,245380
24214,0.002612,172.31.33.0-255,66,88638,34,245380
24215,0.002616,74.125.24.0-255,2902,91540,34,245380
24216,0.002618,172.31.33.0-255,66,91606,34,245380
24217,0.002621,74.125.24.0-255,1484,93090,34,245380
24218,0.002643,74.125.24.0-255,2902,95992,34,245380
24219,0.002645,172.31.33.0-255,66,96058,34,245380
24220,0.002683,172.31.33.0-255,66,96124,34,245380
24221,0.002686,74.125.24.0-255,1484,97608,34,245380
24222,0.00269,74.125.24.0-255,4320,101928,34,245380
24223,0.002692,172.31.33.0-255,66,101994,34,245380
24224,0.002697,74.125.24.0-255,2184,104178,34,245380
24225,0.002698,172.31.33.0-255,66,104244,34,245380
24226,0.002723,74.125.24.0-255,2902,107146,34,245380
24227,0.002725,172.31.33.0-255,66,107212,34,245380
24228,0.002736,74.125.24.0-255,1484,108696,34,245380
24229,0.002765,74.125.24.0-255,5738,114434,34,245380
24230,0.002767,172.31.33.0-255,66,114500,34,245380
24231,0.00277,74.125.24.0-255,1484,115984,34,245380
24232,0.002795,74.125.24.0-255,5738,121722,34,245380
24233,0.002798,172.31.33.0-255,66,121788,34,245380
24234,0.002803,74.125.24.0-255,4320,126108,34,245380
24235,0.002805,172.31.33.0-255,66,126174,34,245380
24236,0.002815,74.125.24.0-255,5738,131912,34,245380
24237,0.002818,172.31.33.0-255,66,131978,34,245380
24238,0.002847,74.125.24.0-255,6438,138416,34,245380
24239,0.00285,172.31.33.0-255,66,138482,34,245380
24240,0.002943,74.125.24.0-255,1484,139966,34,245380
24241,0.002956,74.125.24.0-255,2902,142868,34,245380
24242,0.002959,172.31.33.0-255,66,142934,34,245380
24243,0.002995,74.125.24.0-255,5738,148672,34,245380
24244,0.002997,172.31.33.0-255,66,148738,34,245380
24245,0.003025,74.125.24.0-255,4320,153058,34,245380
24246,0.003028,172.31.33.0-255,66,153124,34,245380
24247,0.003053,74.125.24.0-255,4320,157444,34,245380
24248,0.003055,172.31.33.0-255,66,157510,34,245380
24249,0.003073,172.31.33.0-255,66,157576,34,245380
24250,0.003078,74.125.24.0-255,5020,162596,34,245380
24251,0.00308,172.31.33.0-255,66,162662,34,245380
24252,0.00334,74.125.24.0-255,1484,164146,34,245380
24253,0.003353,74.125.24.0-255,2902,167048,34,245380
24254,0.003356,172.31.33.0-255,66,167114,34,245380
24255,0.003392,74.125.24.0-255,5738,172852,34,245380
24256,0.003395,172.31.33.0-255,66,172918,34,245380
24257,0.003399,74.125.24.0-255,2902,175820,34,245380
24258,0.003401,172.31.33.0-255,66,175886,34,245380
24259,0.003475,172.31.33.0-255,66,175952,34,245380
24260,0.003488,74.125.24.0-255,1484,177436,34,245380
24261,0.003506,172.31.33.0-255,66,177502,34,245380
24262,0.004545,74.125.24.0-255,1484,178986,34,245380
24263,0.004556,74.125.24.0-255,2902,181888,34,245380
24264,0.004562,172.31.33.0-255,66,181954,34,245380
24265,0.00457,74.125.24.0-255,5738,187692,34,245380
24266,0.004573,172.31.33.0-255,66,187758,34,245380
24267,0.004601,172.31.33.0-255,66,187824,34,245380
24268,0.004674,172.31.33.0-255,66,187890,34,245380
24269,0.006021,74.125.24.0-255,1484,189374,34,245380
24270,0.006031,74.125.24.0-255,2902,192276,34,245380
24271,0.006036,172.31.33.0-255,66,192342,34,245380
24272,0.006044,74.125.24.0-255,2902,195244,34,245380
24273,0.006046,172.31.33.0-255,66,195310,34,245380
24274,0.00606,74.125.24.0-255,1484,196794,34,245380
24275,0.00609,74.125.24.0-255,1484,198278,34,245380
24276,0.006093,172.31.33.0-255,66,198344,34,245380
24277,0.0061,74.125.24.0-255,4320,202664,34,245380
24278,0.006103,172.31.33.0-255,66,202730,34,245380
24279,0.006112,74.125.24.0-255,5738,208468,34,245380
24280,0.006115,172.31.33.0-255,66,208534,34,245380
24281,0.006147,74.125.24.0-255,1484,210018,34,245380
24282,0.006165,172.31.33.0-255,66,210084,34,245380
24283,0.006214,172.31.33.0-255,66,210150,34,245380
24284,0.006224,74.125.24.0-255,7156,217306,34,245380
24285,0.006227,172.31.33.0-255,66,217372,34,245380
24286,0.006261,74.125.24.0-255,7156,224528,34,245380
24287,0.006265,172.31.33.0-255,66,224594,34,245380
24288,0.006274,74.125.24.0-255,6438,231032,34,245380
24289,0.006276,172.31.33.0-255,66,231098,34,245380
24290,0.00665,74.125.24.0-255,1484,232582,34,245380
24291,0.006671,74.125.24.0-255,2902,235484,34,245380
24292,0.006676,172.31.33.0-255,66,235550,34,245380
24293,0.006685,74.125.24.0-255,5738,241288,34,245380
24294,0.006688,172.31.33.0-255,66,241354,34,245380
24295,0.006738,172.31.33.0-255,66,241420,34,245380
24296,0.00677,74.125.24.0-255,3789,245209,34,245380
24297,0.006774,172.31.33.0-255,66,245275,34,245380
24298,0.006802,74.125.24.0-255,105,245380,34,245380
24299,0.0,74.125.24.0-255,153,153,34,275701
24300,2.2e-05,172.31.33.0-255,66,219,34,275701
24301,2.7e-05,74.125.24.0-255,1484,1703,34,275701
24302,3.2e-05,172.31.33.0-255,66,1769,34,275701
24303,3.7e-05,74.125.24.0-255,2902,4671,34,275701
24304,4e-05,172.31.33.0-255,66,4737,34,275701
24305,4.6e-05,74.125.24.0-255,7156,11893,34,275701
24306,4.8e-05,172.31.33.0-255,66,11959,34,275701
24307,5.2e-05,74.125.24.0-255,2044,14003,34,275701
24308,5.4e-05,172.31.33.0-255,66,14069,34,275701
24309,0.000185,74.125.24.0-255,1484,15553,34,275701
24310,0.000189,172.31.33.0-255,66,15619,34,275701
24311,0.000193,74.125.24.0-255,1484,17103,34,275701
24312,0.000195,172.31.33.0-255,66,17169,34,275701
24313,0.000214,74.125.24.0-255,1484,18653,34,275701
24314,0.000216,172.31.33.0-255,66,18719,34,275701
24315,0.000221,74.125.24.0-255,5738,24457,34,275701
24316,0.000224,172.31.33.0-255,66,24523,34,275701
24317,0.000248,74.125.24.0-255,1484,26007,34,275701
24318,0.00025,172.31.33.0-255,66,26073,34,275701
24319,0.000288,172.31.33.0-255,66,26139,34,275701
24320,0.000301,172.31.33.0-255,66,26205,34,275701
24321,0.000322,74.125.24.0-255,2902,29107,34,275701
24322,0.000324,172.31.33.0-255,66,29173,34,275701
24323,0.000334,172.31.33.0-255,66,29239,34,275701
24324,0.000337,74.125.24.0-255,400,29639,34,275701
24325,0.000339,172.31.33.0-255,66,29705,34,275701
24326,0.000451,74.125.24.0-255,1484,31189,34,275701
24327,0.000455,172.31.33.0-255,66,31255,34,275701
24328,0.000459,74.125.24.0-255,2902,34157,34,275701
24329,0.00047,172.31.33.0-255,66,34223,34,275701
24330,0.000478,74.125.24.0-255,5738,39961,34,275701
24331,0.000484,172.31.33.0-255,66,40027,34,275701
24332,0.000503,74.125.24.0-255,5738,45765,34,275701
24333,0.000507,172.31.33.0-255,66,45831,34,275701
24334,0.000522,74.125.24.0-255,7156,52987,34,275701
24335,0.000525,172.31.33.0-255,66,53053,34,275701
24336,0.000531,74.125.24.0-255,5738,58791,34,275701
24337,0.000541,172.31.33.0-255,66,58857,34,275701
24338,0.000551,74.125.24.0-255,2902,61759,34,275701
24339,0.000555,172.31.33.0-255,66,61825,34,275701
24340,0.000565,74.125.24.0-255,2460,64285,34,275701
24341,0.000578,172.31.33.0-255,66,64351,34,275701
24342,0.000913,74.125.24.0-255,1484,65835,34,275701
24343,0.000928,74.125.24.0-255,1484,67319,34,275701
24344,0.000932,172.31.33.0-255,66,67385,34,275701
24345,0.000951,74.125.24.0-255,1484,68869,34,275701
24346,0.000955,74.125.24.0-255,2902,71771,34,275701
24347,0.000957,172.31.33.0-255,66,71837,34,275701
24348,0.000977,74.125.24.0-255,2902,74739,34,275701
24349,0.000986,172.31.33.0-255,66,74805,34,275701
24350,0.00099,172.31.33.0-255,66,74871,34,275701
24351,0.001006,74.125.24.0-255,4320,79191,34,275701
24352,0.001009,172.31.33.0-255,66,79257,34,275701
24353,0.001018,74.125.24.0-255,2902,82159,34,275701
24354,0.001027,172.31.33.0-255,66,82225,34,275701
24355,0.001033,74.125.24.0-255,5738,87963,34,275701
24356,0.001039,172.31.33.0-255,66,88029,34,275701
24357,0.001047,74.125.24.0-255,2184,90213,34,275701
24358,0.00105,172.31.33.0-255,66,90279,34,275701
24359,0.001117,74.125.24.0-255,1484,91763,34,275701
24360,0.00113,74.125.24.0-255,2902,94665,34,275701
24361,0.001132,74.125.24.0-255,1484,96149,34,275701
24362,0.001133,172.31.33.0-255,66,96215,34,275701
24363,0.001153,74.125.24.0-255,4320,100535,34,275701
24364,0.001157,74.125.24.0-255,4320,104855,34,275701
24365,0.001162,172.31.33.0-255,66,104921,34,275701
24366,0.001188,74.125.24.0-255,1484,106405,34,275701
24367,0.001191,172.31.33.0-255,66,106471,34,275701
24368,0.001209,74.125.24.0-255,7156,113627,34,275701
24369,0.001213,74.125.24.0-255,2184,115811,34,275701
24370,0.001221,172.31.33.0-255,66,115877,34,275701
24371,0.001806,74.125.24.0-255,1484,117361,34,275701
24372,0.001826,74.125.24.0-255,2902,120263,34,275701
24373,0.00183,172.31.33.0-255,66,120329,34,275701
24374,0.001838,74.125.24.0-255,5738,126067,34,275701
24375,0.001869,74.125.24.0-255,4320,130387,34,275701
24376,0.001881,74.125.24.0-255,4320,134707,34,275701
24377,0.001892,74.125.24.0-255,4320,139027,34,275701
24378,0.001898,74.125.24.0-255,5738,144765,34,275701
24379,0.001914,74.125.24.0-255,1484,146249,34,275701
24380,0.001924,74.125.24.0-255,1484,147733,34,275701
24381,0.001938,74.125.24.0-255,2184,149917,34,275701
24382,0.002163,74.125.24.0-255,1484,151401,34,275701
24383,0.002177,74.125.24.0-255,2902,154303,34,275701
24384,0.002203,74.125.24.0-255,5738,160041,34,275701
24385,0.002232,74.125.24.0-255,1484,161525,34,275701
24386,0.002251,74.125.24.0-255,7156,168681,34,275701
24387,0.002267,74.125.24.0-255,2184,170865,34,275701
24388,0.002285,74.125.24.0-255,2902,173767,34,275701
24389,0.002363,74.125.24.0-255,4320,178087,34,275701
24390,0.002376,74.125.24.0-255,3602,181689,34,275701
24391,0.002413,74.125.24.0-255,1484,183173,34,275701
24392,0.002417,74.125.24.0-255,2902,186075,34,275701
24393,0.002444,74.125.24.0-255,5738,191813,34,275701
24394,0.002484,74.125.24.0-255,2902,194715,34,275701
24395,0.002489,74.125.24.0-255,4320,199035,34,275701
24396,0.002511,74.125.24.0-255,6438,205473,34,275701
24397,0.002529,74.125.24.0-255,7156,212629,34,275701
24398,0.002545,74.125.24.0-255,4320,216949,34,275701
24399,0.00255,74.125.24.0-255,5738,222687,34,275701
24400,0.002578,74.125.24.0-255,2902,225589,34,275701
24401,0.002596,74.125.24.0-255,5738,231327,34,275701
24402,0.002607,74.125.24.0-255,5738,237065,34,275701
24403,0.002619,74.125.24.0-255,5020,242085,34,275701
24404,0.002647,74.125.24.0-255,1484,243569,34,275701
24405,0.002652,74.125.24.0-255,4320,247889,34,275701
24406,0.002654,74.125.24.0-255,1484,249373,34,275701
24407,0.002657,74.125.24.0-255,1484,250857,34,275701
24408,0.002658,74.125.24.0-255,1484,252341,34,275701
24409,0.00266,74.125.24.0-255,1484,253825,34,275701
24410,0.002665,74.125.24.0-255,5738,259563,34,275701
24411,0.002681,74.125.24.0-255,4320,263883,34,275701
24412,0.002701,74.125.24.0-255,5738,269621,34,275701
24413,0.00271,74.125.24.0-255,2902,272523,34,275701
24414,0.002728,74.125.24.0-255,2902,275425,34,275701
24415,0.002765,74.125.24.0-255,105,275530,34,275701
24416,0.006681,172.31.33.0-255,66,275596,34,275701
24417,0.008333,172.31.33.0-255,105,275701,34,275701
24418,0.0,172.217.194.0-255,149,149,34,167158
24419,2.5e-05,172.31.33.0-255,66,215,34,167158
24420,3.3e-05,172.217.194.0-255,1484,1699,34,167158
24421,3.8e-05,172.31.33.0-255,66,1765,34,167158
24422,5.1e-05,172.217.194.0-255,2902,4667,34,167158
24423,5.4e-05,172.31.33.0-255,66,4733,34,167158
24424,5.8e-05,172.217.194.0-255,1484,6217,34,167158
24425,6e-05,172.31.33.0-255,66,6283,34,167158
24426,6.8e-05,172.217.194.0-255,5738,12021,34,167158
24427,7.1e-05,172.31.33.0-255,66,12087,34,167158
24428,0.000103,172.217.194.0-255,2902,14989,34,167158
24429,0.000106,172.31.33.0-255,66,15055,34,167158
24430,0.000153,172.31.33.0-255,66,15121,34,167158
24431,0.000166,172.31.33.0-255,66,15187,34,167158
24432,0.000178,172.31.33.0-255,66,15253,34,167158
24433,0.000238,172.217.194.0-255,1484,16737,34,167158
24434,0.000241,172.31.33.0-255,66,16803,34,167158
24435,0.000259,172.217.194.0-255,2902,19705,34,167158
24436,0.000261,172.31.33.0-255,66,19771,34,167158
24437,0.000266,172.217.194.0-255,4320,24091,34,167158
24438,0.000269,172.31.33.0-255,66,24157,34,167158
24439,0.000298,172.217.194.0-255,1484,25641,34,167158
24440,0.000301,172.31.33.0-255,66,25707,34,167158
24441,0.000311,172.31.33.0-255,66,25773,34,167158
24442,0.000515,172.217.194.0-255,1484,27257,34,167158
24443,0.000521,172.31.33.0-255,66,27323,34,167158
24444,0.000527,172.217.194.0-255,2902,30225,34,167158
24445,0.000529,172.31.33.0-255,66,30291,34,167158
24446,0.000532,172.217.194.0-255,1484,31775,34,167158
24447,0.000569,172.217.194.0-255,4320,36095,34,167158
24448,0.000577,172.217.194.0-255,7156,43251,34,167158
24449,0.000581,172.217.194.0-255,2902,46153,34,167158
24450,0.000607,172.217.194.0-255,2184,48337,34,167158
24451,0.000659,172.31.33.0-255,66,48403,34,167158
24452,0.001023,172.217.194.0-255,1484,49887,34,167158
24453,0.00104,172.217.194.0-255,2902,52789,34,167158
24454,0.001044,172.31.33.0-255,66,52855,34,167158
24455,0.001048,172.217.194.0-255,1484,54339,34,167158
24456,0.001074,172.217.194.0-255,2902,57241,34,167158
24457,0.00108,172.217.194.0-255,4320,61561,34,167158
24458,0.001087,172.31.33.0-255,66,61627,34,167158
24459,0.001098,172.217.194.0-255,4320,65947,34,167158
24460,0.001111,172.31.33.0-255,66,66013,34,167158
24461,0.001117,172.217.194.0-255,4320,70333,34,167158
24462,0.001156,172.31.33.0-255,66,70399,34,167158
24463,0.001166,172.217.194.0-255,2184,72583,34,167158
24464,0.001172,172.31.33.0-255,66,72649,34,167158
24465,0.001184,172.217.194.0-255,2902,75551,34,167158
24466,0.001206,172.217.194.0-255,7156,82707,34,167158
24467,0.001209,172.217.194.0-255,1484,84191,34,167158
24468,0.001223,172.217.194.0-255,4320,88511,34,167158
24469,0.001226,172.217.194.0-255,1484,89995,34,167158
24470,0.001238,172.31.33.0-255,66,90061,34,167158
24471,0.001264,172.217.194.0-255,3602,93663,34,167158
24472,0.00127,172.31.33.0-255,66,93729,34,167158
24473,0.001361,172.217.194.0-255,1484,95213,34,167158
24474,0.001364,172.217.194.0-255,1484,96697,34,167158
24475,0.001374,172.31.33.0-255,66,96763,34,167158
24476,0.001378,172.217.194.0-255,1484,98247,34,167158
24477,0.001384,172.217.194.0-255,5738,103985,34,167158
24478,0.001401,172.217.194.0-255,1484,105469,34,167158
24479,0.001418,172.31.33.0-255,66,105535,34,167158
24480,0.001509,172.31.33.0-255,66,105601,34,167158
24481,0.001619,172.217.194.0-255,1484,107085,34,167158
24482,0.001624,172.217.194.0-255,1484,108569,34,167158
24483,0.001637,172.217.194.0-255,1484,110053,34,167158
24484,0.001645,172.31.33.0-255,66,110119,34,167158
24485,0.001673,172.217.194.0-255,5738,115857,34,167158
24486,0.001693,172.217.194.0-255,1484,117341,34,167158
24487,0.001712,172.31.33.0-255,66,117407,34,167158
24488,0.001722,172.217.194.0-255,2902,120309,34,167158
24489,0.00173,172.217.194.0-255,2184,122493,34,167158
24490,0.001748,172.31.33.0-255,66,122559,34,167158
24491,0.001815,172.217.194.0-255,1484,124043,34,167158
24492,0.001821,172.217.194.0-255,2902,126945,34,167158
24493,0.001823,172.217.194.0-255,1484,128429,34,167158
24494,0.001835,172.31.33.0-255,66,128495,34,167158
24495,0.001841,172.217.194.0-255,4320,132815,34,167158
24496,0.001862,172.31.33.0-255,66,132881,34,167158
24497,0.001866,172.217.194.0-255,2902,135783,34,167158
24498,0.00192,172.217.194.0-255,4320,140103,34,167158
24499,0.001972,172.31.33.0-255,66,140169,34,167158
24500,0.001983,172.217.194.0-255,2902,143071,34,167158
24501,0.002011,172.217.194.0-255,2902,145973,34,167158
24502,0.002042,172.217.194.0-255,6438,152411,34,167158
24503,0.00205,172.217.194.0-255,7156,159567,34,167158
24504,0.002055,172.31.33.0-255,66,159633,34,167158
24505,0.002104,172.31.33.0-255,66,159699,34,167158
24506,0.002124,172.217.194.0-255,2902,162601,34,167158
24507,0.002137,172.217.194.0-255,1484,164085,34,167158
24508,0.002153,172.217.194.0-255,2902,166987,34,167158
24509,0.002219,172.31.33.0-255,66,167053,34,167158
24510,0.002227,172.217.194.0-255,105,167158,34,167158
24511,0.0,172.253.118.0-255,66,66,34,237
24512,2.5e-05,172.253.118.0-255,105,171,34,237
24513,3.1e-05,172.31.33.0-255,66,237,34,237
24514,0.0,74.125.24.0-255,218,218,34,213836
24515,2.5e-05,172.31.33.0-255,66,284,34,213836
24516,5.6e-05,74.125.24.0-255,1484,1768,34,213836
24517,6.1e-05,172.31.33.0-255,66,1834,34,213836
24518,9e-05,74.125.24.0-255,2902,4736,34,213836
24519,9.5e-05,172.31.33.0-255,66,4802,34,213836
24520,0.000102,74.125.24.0-255,5738,10540,34,213836
24521,0.000105,172.31.33.0-255,66,10606,34,213836
24522,0.000138,74.125.24.0-255,6112,16718,34,213836
24523,0.000141,172.31.33.0-255,66,16784,34,213836
24524,0.000146,74.125.24.0-255,4320,21104,34,213836
24525,0.000149,172.31.33.0-255,66,21170,34,213836
24526,0.000156,74.125.24.0-255,5738,26908,34,213836
24527,0.000163,172.31.33.0-255,66,26974,34,213836
24528,0.000193,74.125.24.0-255,3961,30935,34,213836
24529,0.000197,172.31.33.0-255,66,31001,34,213836
24530,0.000303,74.125.24.0-255,1484,32485,34,213836
24531,0.000307,172.31.33.0-255,66,32551,34,213836
24532,0.000312,74.125.24.0-255,1484,34035,34,213836
24533,0.000314,172.31.33.0-255,66,34101,34,213836
24534,0.000342,74.125.24.0-255,1484,35585,34,213836
24535,0.000345,172.31.33.0-255,66,35651,34,213836
24536,0.000351,74.125.24.0-255,5738,41389,34,213836
24537,0.000354,172.31.33.0-255,66,41455,34,213836
24538,0.000359,74.125.24.0-255,2902,44357,34,213836
24539,0.000364,172.31.33.0-255,66,44423,34,213836
24540,0.00043,74.125.24.0-255,3961,48384,34,213836
24541,0.000434,172.31.33.0-255,66,48450,34,213836
24542,0.000466,74.125.24.0-255,4320,52770,34,213836
24543,0.000469,172.31.33.0-255,66,52836,34,213836
24544,0.000498,74.125.24.0-255,4320,57156,34,213836
24545,0.000502,172.31.33.0-255,66,57222,34,213836
24546,0.00053,74.125.24.0-255,5738,62960,34,213836
24547,0.000533,172.31.33.0-255,66,63026,34,213836
24548,0.000553,74.125.24.0-255,2854,65880,34,213836
24549,0.000556,172.31.33.0-255,66,65946,34,213836
24550,0.000579,74.125.24.0-255,344,66290,34,213836
24551,0.000683,74.125.24.0-255,1484,67774,34,213836
24552,0.000686,172.31.33.0-255,66,67840,34,213836
24553,0.00069,74.125.24.0-255,1484,69324,34,213836
24554,0.000714,74.125.24.0-255,1484,70808,34,213836
24555,0.000717,172.31.33.0-255,66,70874,34,213836
24556,0.000724,74.125.24.0-255,5738,76612,34,213836
24557,0.000726,172.31.33.0-255,66,76678,34,213836
24558,0.000731,74.125.24.0-255,2902,79580,34,213836
24559,0.000733,172.31.33.0-255,66,79646,34,213836
24560,0.000767,172.31.33.0-255,66,79712,34,213836
24561,0.00077,74.125.24.0-255,1484,81196,34,213836
24562,0.00082,172.31.33.0-255,66,81262,34,213836
24563,0.003099,74.125.24.0-255,1484,82746,34,213836
24564,0.00311,74.125.24.0-255,2902,85648,34,213836
24565,0.003115,172.31.33.0-255,66,85714,34,213836
24566,0.003121,74.125.24.0-255,5738,91452,34,213836
24567,0.003123,172.31.33.0-255,66,91518,34,213836
24568,0.003165,172.31.33.0-255,66,91584,34,213836
24569,0.003168,74.125.24.0-255,1484,93068,34,213836
24570,0.0032,74.125.24.0-255,7156,100224,34,213836
24571,0.003202,172.31.33.0-255,66,100290,34,213836
24572,0.003226,74.125.24.0-255,2184,102474,34,213836
24573,0.003228,172.31.33.0-255,66,102540,34,213836
24574,0.003654,74.125.24.0-255,1484,104024,34,213836
24575,0.003666,74.125.24.0-255,2902,106926,34,213836
24576,0.003668,172.31.33.0-255,66,106992,34,213836
24577,0.003671,74.125.24.0-255,1484,108476,34,213836
24578,0.003694,74.125.24.0-255,4320,112796,34,213836
24579,0.003696,172.31.33.0-255,66,112862,34,213836
24580,0.0037,74.125.24.0-255,2902,115764,34,213836
24581,0.003702,172.31.33.0-255,66,115830,34,213836
24582,0.00373,74.125.24.0-255,5738,121568,34,213836
24583,0.003733,172.31.33.0-255,66,121634,34,213836
24584,0.003743,172.31.33.0-255,66,121700,34,213836
24585,0.003752,74.125.24.0-255,2902,124602,34,213836
24586,0.003754,172.31.33.0-255,66,124668,34,213836
24587,0.003787,74.125.24.0-255,3602,128270,34,213836
24588,0.003789,172.31.33.0-255,66,128336,34,213836
24589,0.003796,74.125.24.0-255,7156,135492,34,213836
24590,0.003799,172.31.33.0-255,66,135558,34,213836
24591,0.003849,172.31.33.0-255,66,135624,34,213836
24592,0.003859,172.31.33.0-255,66,135690,34,213836
24593,0.003863,74.125.24.0-255,3602,139292,34,213836
24594,0.003865,172.31.33.0-255,66,139358,34,213836
24595,0.00387,74.125.24.0-255,4320,143678,34,213836
24596,0.003872,172.31.33.0-255,66,143744,34,213836
24597,0.003902,172.31.33.0-255,66,143810,34,213836
24598,0.003912,172.31.33.0-255,66,143876,34,213836
24599,0.003977,172.31.33.0-255,66,143942,34,213836
24600,0.004133,74.125.24.0-255,1484,145426,34,213836
24601,0.004167,74.125.24.0-255,1484,146910,34,213836
24602,0.004169,172.31.33.0-255,66,146976,34,213836
24603,0.004192,74.125.24.0-255,1484,148460,34,213836
24604,0.004196,74.125.24.0-255,4320,152780,34,213836
24605,0.004198,172.31.33.0-255,66,152846,34,213836
24606,0.00422,74.125.24.0-255,7156,160002,34,213836
24607,0.004222,172.31.33.0-255,66,160068,34,213836
24608,0.004249,74.125.24.0-255,1484,161552,34,213836
24609,0.004261,172.31.33.0-255,66,161618,34,213836
24610,0.004266,74.125.24.0-255,4320,165938,34,213836
24611,0.004268,172.31.33.0-255,66,166004,34,213836
24612,0.0043,74.125.24.0-255,2184,168188,34,213836
24613,0.004302,172.31.33.0-255,66,168254,34,213836
24614,0.004309,74.125.24.0-255,7156,175410,34,213836
24615,0.004311,172.31.33.0-255,66,175476,34,213836
24616,0.00432,172.31.33.0-255,66,175542,34,213836
24617,0.004348,74.125.24.0-255,2902,178444,34,213836
24618,0.00435,172.31.33.0-255,66,178510,34,213836
24619,0.004369,74.125.24.0-255,5738,184248,34,213836
24620,0.004372,172.31.33.0-255,66,184314,34,213836
24621,0.004413,172.31.33.0-255,66,184380,34,213836
24622,0.00442,74.125.24.0-255,7156,191536,34,213836
24623,0.004422,172.31.33.0-255,66,191602,34,213836
24624,0.004468,172.31.33.0-255,66,191668,34,213836
24625,0.004474,74.125.24.0-255,6438,198106,34,213836
24626,0.004476,172.31.33.0-255,66,198172,34,213836
24627,0.004489,172.31.33.0-255,66,198238,34,213836
24628,0.004493,74.125.24.0-255,4320,202558,34,213836
24629,0.004496,172.31.33.0-255,66,202624,34,213836
24630,0.004526,172.31.33.0-255,66,202690,34,213836
24631,0.004531,74.125.24.0-255,3602,206292,34,213836
24632,0.004534,172.31.33.0-255,66,206358,34,213836
24633,0.004554,74.125.24.0-255,1484,207842,34,213836
24634,0.00459,172.31.33.0-255,66,207908,34,213836
24635,0.004618,74.125.24.0-255,2902,210810,34,213836
24636,0.004621,172.31.33.0-255,66,210876,34,213836
24637,0.004625,74.125.24.0-255,2789,213665,34,213836
24638,0.004628,172.31.33.0-255,66,213731,34,213836
24639,0.004631,74.125.24.0-255,105,213836,34,213836
24640,0.0,74.125.24.0-255,153,153,34,317467
24641,3.2e-05,172.31.33.0-255,66,219,34,317467
24642,3.8e-05,74.125.24.0-255,1484,1703,34,317467
24643,4.3e-05,172.31.33.0-255,66,1769,34,317467
24644,4.7e-05,74.125.24.0-255,2902,4671,34,317467
24645,5e-05,172.31.33.0-255,66,4737,34,317467
24646,5.7e-05,74.125.24.0-255,7156,11893,34,317467
24647,6e-05,172.31.33.0-255,66,11959,34,317467
24648,7.9e-05,74.125.24.0-255,4320,16279,34,317467
24649,8.2e-05,172.31.33.0-255,66,16345,34,317467
24650,0.000108,74.125.24.0-255,2026,18371,34,317467
24651,0.000111,172.31.33.0-255,66,18437,34,317467
24652,0.000118,74.125.24.0-255,7156,25593,34,317467
24653,0.00012,172.31.33.0-255,66,25659,34,317467
24654,0.000133,74.125.24.0-255,1484,27143,34,317467
24655,0.000136,172.31.33.0-255,66,27209,34,317467
24656,0.000153,74.125.24.0-255,3961,31170,34,317467
24657,0.000156,172.31.33.0-255,66,31236,34,317467
24658,0.000246,74.125.24.0-255,1484,32720,34,317467
24659,0.000249,172.31.33.0-255,66,32786,34,317467
24660,0.000254,74.125.24.0-255,2902,35688,34,317467
24661,0.000256,172.31.33.0-255,66,35754,34,317467
24662,0.000271,74.125.24.0-255,1484,37238,34,317467
24663,0.000274,172.31.33.0-255,66,37304,34,317467
24664,0.000301,74.125.24.0-255,4320,41624,34,317467
24665,0.000305,172.31.33.0-255,66,41690,34,317467
24666,0.000312,74.125.24.0-255,5738,47428,34,317467
24667,0.000314,172.31.33.0-255,66,47494,34,317467
24668,0.000339,172.31.33.0-255,66,47560,34,317467
24669,0.000363,74.125.24.0-255,5379,52939,34,317467
24670,0.000367,172.31.33.0-255,66,53005,34,317467
24671,0.000372,74.125.24.0-255,3961,56966,34,317467
24672,0.000375,172.31.33.0-255,66,57032,34,317467
24673,0.00067,74.125.24.0-255,645,57677,34,317467
24674,0.000769,172.31.33.0-255,66,57743,34,317467
24675,0.000889,74.125.24.0-255,1484,59227,34,317467
24676,0.000898,74.125.24.0-255,2902,62129,34,317467
24677,0.000901,172.31.33.0-255,66,62195,34,317467
24678,0.000906,74.125.24.0-255,2902,65097,34,317467
24679,0.000909,172.31.33.0-255,66,65163,34,317467
24680,0.000924,74.125.24.0-255,2902,68065,34,317467
24681,0.000926,172.31.33.0-255,66,68131,34,317467
24682,0.000942,74.125.24.0-255,4320,72451,34,317467
24683,0.000945,172.31.33.0-255,66,72517,34,317467
24684,0.000966,74.125.24.0-255,1995,74512,34,317467
24685,0.000969,172.31.33.0-255,66,74578,34,317467
24686,0.001137,74.125.24.0-255,1484,76062,34,317467
24687,0.001144,74.125.24.0-255,2902,78964,34,317467
24688,0.001148,172.31.33.0-255,66,79030,34,317467
24689,0.001153,74.125.24.0-255,2902,81932,34,317467
24690,0.001154,172.31.33.0-255,66,81998,34,317467
24691,0.001169,74.125.24.0-255,2902,84900,34,317467
24692,0.001172,172.31.33.0-255,66,84966,34,317467
24693,0.001178,74.125.24.0-255,5738,90704,34,317467
24694,0.00118,172.31.33.0-255,66,90770,34,317467
24695,0.001198,74.125.24.0-255,7156,97926,34,317467
24696,0.001201,172.31.33.0-255,66,97992,34,317467
24697,0.001213,172.31.33.0-255,66,98058,34,317467
24698,0.00145,74.125.24.0-255,1484,99542,34,317467
24699,0.001456,74.125.24.0-255,2902,102444,34,317467
24700,0.001459,172.31.33.0-255,66,102510,34,317467
24701,0.001472,74.125.24.0-255,4320,106830,34,317467
24702,0.001474,172.31.33.0-255,66,106896,34,317467
24703,0.001486,74.125.24.0-255,1484,108380,34,317467
24704,0.001534,74.125.24.0-255,4320,112700,34,317467
24705,0.001536,172.31.33.0-255,66,112766,34,317467
24706,0.001548,74.125.24.0-255,2543,115309,34,317467
24707,0.00155,172.31.33.0-255,66,115375,34,317467
24708,0.001553,74.125.24.0-255,1484,116859,34,317467
24709,0.001574,74.125.24.0-255,2902,119761,34,317467
24710,0.001576,172.31.33.0-255,66,119827,34,317467
24711,0.001579,74.125.24.0-255,2902,122729,34,317467
24712,0.001581,172.31.33.0-255,66,122795,34,317467
24713,0.001593,74.125.24.0-255,2902,125697,34,317467
24714,0.001595,172.31.33.0-255,66,125763,34,317467
24715,0.001621,172.31.33.0-255,66,125829,34,317467
24716,0.001624,74.125.24.0-255,1484,127313,34,317467
24717,0.001665,74.125.24.0-255,1484,128797,34,317467
24718,0.001667,172.31.33.0-255,66,128863,34,317467
24719,0.001691,172.31.33.0-255,66,128929,34,317467
24720,0.001694,74.125.24.0-255,2902,131831,34,317467
24721,0.001696,172.31.33.0-255,66,131897,34,317467
24722,0.001713,74.125.24.0-255,7156,139053,34,317467
24723,0.001715,172.31.33.0-255,66,139119,34,317467
24724,0.001718,74.125.24.0-255,1484,140603,34,317467
24725,0.001731,74.125.24.0-255,5379,145982,34,317467
24726,0.001733,172.31.33.0-255,66,146048,34,317467
24727,0.001865,74.125.24.0-255,1484,147532,34,317467
24728,0.001868,74.125.24.0-255,1484,149016,34,317467
24729,0.00187,172.31.33.0-255,66,149082,34,317467
24730,0.001885,74.125.24.0-255,1484,150566,34,317467
24731,0.001901,74.125.24.0-255,5738,156304,34,317467
24732,0.001903,172.31.33.0-255,66,156370,34,317467
24733,0.001919,74.125.24.0-255,4320,160690,34,317467
24734,0.001921,172.31.33.0-255,66,160756,34,317467
24735,0.00194,74.125.24.0-255,5738,166494,34,317467
24736,0.001941,172.31.33.0-255,66,166560,34,317467
24737,0.001973,74.125.24.0-255,1484,168044,34,317467
24738,0.001986,74.125.24.0-255,7156,175200,34,317467
24739,0.001988,172.31.33.0-255,66,175266,34,317467
24740,0.002002,74.125.24.0-255,5020,180286,34,317467
24741,0.002004,172.31.33.0-255,66,180352,34,317467
24742,0.002088,74.125.24.0-255,1484,181836,34,317467
24743,0.002119,74.125.24.0-255,1484,183320,34,317467
24744,0.002121,172.31.33.0-255,66,183386,34,317467
24745,0.002132,74.125.24.0-255,1484,184870,34,317467
24746,0.002136,74.125.24.0-255,4320,189190,34,317467
24747,0.002138,172.31.33.0-255,66,189256,34,317467
24748,0.00215,74.125.24.0-255,2902,192158,34,317467
24749,0.002152,172.31.33.0-255,66,192224,34,317467
24750,0.002177,74.125.24.0-255,5738,197962,34,317467
24751,0.002179,172.31.33.0-255,66,198028,34,317467
24752,0.002184,74.125.24.0-255,7156,205184,34,317467
24753,0.002186,172.31.33.0-255,66,205250,34,317467
24754,0.002224,74.125.24.0-255,4320,209570,34,317467
24755,0.002226,172.31.33.0-255,66,209636,34,317467
24756,0.00225,74.125.24.0-255,5020,214656,34,317467
24757,0.002252,172.31.33.0-255,66,214722,34,317467
24758,0.002264,74.125.24.0-255,1484,216206,34,317467
24759,0.002278,74.125.24.0-255,1484,217690,34,317467
24760,0.00228,172.31.33.0-255,66,217756,34,317467
24761,0.002291,74.125.24.0-255,1484,219240,34,317467
24762,0.002307,74.125.24.0-255,5738,224978,34,317467
24763,0.002309,172.31.33.0-255,66,225044,34,317467
24764,0.002339,74.125.24.0-255,4320,229364,34,317467
24765,0.002341,172.31.33.0-255,66,229430,34,317467
24766,0.002361,74.125.24.0-255,5738,235168,34,317467
24767,0.002363,172.31.33.0-255,66,235234,34,317467
24768,0.002365,74.125.24.0-255,1484,236718,34,317467
24769,0.00239,74.125.24.0-255,5738,242456,34,317467
24770,0.002392,172.31.33.0-255,66,242522,34,317467
24771,0.002406,74.125.24.0-255,6438,248960,34,317467
24772,0.002409,172.31.33.0-255,66,249026,34,317467
24773,0.002637,74.125.24.0-255,1484,250510,34,317467
24774,0.002672,74.125.24.0-255,1484,251994,34,317467
24775,0.002674,172.31.33.0-255,66,252060,34,317467
24776,0.002687,74.125.24.0-255,2902,254962,34,317467
24777,0.002688,172.31.33.0-255,66,255028,34,317467
24778,0.002716,74.125.24.0-255,5738,260766,34,317467
24779,0.002718,172.31.33.0-255,66,260832,34,317467
24780,0.00273,74.125.24.0-255,4320,265152,34,317467
24781,0.002732,172.31.33.0-255,66,265218,34,317467
24782,0.002763,172.31.33.0-255,66,265284,34,317467
24783,0.002819,74.125.24.0-255,5738,271022,34,317467
24784,0.002822,172.31.33.0-255,66,271088,34,317467
24785,0.002837,74.125.24.0-255,3602,274690,34,317467
24786,0.002839,172.31.33.0-255,66,274756,34,317467
24787,0.002878,74.125.24.0-255,1484,276240,34,317467
24788,0.002882,74.125.24.0-255,2902,279142,34,317467
24789,0.002884,172.31.33.0-255,66,279208,34,317467
24790,0.002903,74.125.24.0-255,5738,284946,34,317467
24791,0.002905,172.31.33.0-255,66,285012,34,317467
24792,0.002929,74.125.24.0-255,1484,286496,34,317467
24793,0.002963,172.31.33.0-255,66,286562,34,317467
24794,0.003003,172.31.33.0-255,66,286628,34,317467
24795,0.003267,74.125.24.0-255,1484,288112,34,317467
24796,0.003272,74.125.24.0-255,1484,289596,34,317467
24797,0.003275,172.31.33.0-255,66,289662,34,317467
24798,0.003288,74.125.24.0-255,1484,291146,34,317467
24799,0.003294,74.125.24.0-255,4320,295466,34,317467
24800,0.003297,172.31.33.0-255,66,295532,34,317467
24801,0.003301,74.125.24.0-255,2902,298434,34,317467
24802,0.003319,74.125.24.0-255,5738,304172,34,317467
24803,0.003345,74.125.24.0-255,4320,308492,34,317467
24804,0.003392,74.125.24.0-255,2902,311394,34,317467
24805,0.003422,74.125.24.0-255,5797,317191,34,317467
24806,0.00343,74.125.24.0-255,105,317296,34,317467
24807,0.007067,172.31.33.0-255,66,317362,34,317467
24808,0.00972,172.31.33.0-255,105,317467,34,317467
24809,0.0,172.217.194.0-255,146,146,34,142221
24810,1.4e-05,172.31.33.0-255,66,212,34,142221
24811,2.1e-05,172.217.194.0-255,1484,1696,34,142221
24812,2.5e-05,172.31.33.0-255,66,1762,34,142221
24813,3.1e-05,172.217.194.0-255,2902,4664,34,142221
24814,4.3e-05,172.31.33.0-255,66,4730,34,142221
24815,5e-05,172.217.194.0-255,7156,11886,34,142221
24816,5.4e-05,172.31.33.0-255,66,11952,34,142221
24817,5.8e-05,172.217.194.0-255,2088,14040,34,142221
24818,6.1e-05,172.31.33.0-255,66,14106,34,142221
24819,7.6e-05,172.31.33.0-255,66,14172,34,142221
24820,0.000114,172.217.194.0-255,5379,19551,34,142221
24821,0.000117,172.31.33.0-255,66,19617,34,142221
24822,0.000144,172.217.194.0-255,2902,22519,34,142221
24823,0.000146,172.31.33.0-255,66,22585,34,142221
24824,0.000151,172.217.194.0-255,4320,26905,34,142221
24825,0.000153,172.31.33.0-255,66,26971,34,142221
24826,0.000158,172.217.194.0-255,2902,29873,34,142221
24827,0.00016,172.31.33.0-255,66,29939,34,142221
24828,0.00019,172.217.194.0-255,5738,35677,34,142221
24829,0.000193,172.31.33.0-255,66,35743,34,142221
24830,0.000204,172.31.33.0-255,66,35809,34,142221
24831,0.000235,172.31.33.0-255,66,35875,34,142221
24832,0.000239,172.217.194.0-255,1745,37620,34,142221
24833,0.000241,172.31.33.0-255,66,37686,34,142221
24834,0.000558,172.217.194.0-255,1484,39170,34,142221
24835,0.000564,172.31.33.0-255,66,39236,34,142221
24836,0.00057,172.217.194.0-255,2902,42138,34,142221
24837,0.000572,172.31.33.0-255,66,42204,34,142221
24838,0.000584,172.217.194.0-255,5738,47942,34,142221
24839,0.000586,172.31.33.0-255,66,48008,34,142221
24840,0.000601,172.217.194.0-255,4320,52328,34,142221
24841,0.000603,172.31.33.0-255,66,52394,34,142221
24842,0.000637,172.31.33.0-255,66,52460,34,142221
24843,0.000653,172.217.194.0-255,7156,59616,34,142221
24844,0.000655,172.31.33.0-255,66,59682,34,142221
24845,0.000684,172.217.194.0-255,3602,63284,34,142221
24846,0.000686,172.31.33.0-255,66,63350,34,142221
24847,0.001479,172.217.194.0-255,1484,64834,34,142221
24848,0.001501,172.217.194.0-255,2902,67736,34,142221
24849,0.001505,172.31.33.0-255,66,67802,34,142221
24850,0.001511,172.217.194.0-255,4320,72122,34,142221
24851,0.001513,172.31.33.0-255,66,72188,34,142221
24852,0.001546,172.217.194.0-255,1484,73672,34,142221
24853,0.001558,172.31.33.0-255,66,73738,34,142221
24854,0.00158,172.217.194.0-255,1484,75222,34,142221
24855,0.001604,172.31.33.0-255,66,75288,34,142221
24856,0.001626,172.217.194.0-255,766,76054,34,142221
24857,0.001676,172.217.194.0-255,1484,77538,34,142221
24858,0.001679,172.31.33.0-255,66,77604,34,142221
24859,0.001684,172.217.194.0-255,2902,80506,34,142221
24860,0.001686,172.31.33.0-255,66,80572,34,142221
24861,0.001697,172.217.194.0-255,4320,84892,34,142221
24862,0.001699,172.31.33.0-255,66,84958,34,142221
24863,0.001732,172.217.194.0-255,1484,86442,34,142221
24864,0.001746,172.31.33.0-255,66,86508,34,142221
24865,0.001758,172.31.33.0-255,66,86574,34,142221
24866,0.001804,172.31.33.0-255,66,86640,34,142221
24867,0.00182,172.31.33.0-255,66,86706,34,142221
24868,0.001938,172.31.33.0-255,66,86772,34,142221
24869,0.001962,172.31.33.0-255,66,86838,34,142221
24870,0.001965,172.217.194.0-255,1484,88322,34,142221
24871,0.00197,172.217.194.0-255,2902,91224,34,142221
24872,0.001973,172.31.33.0-255,66,91290,34,142221
24873,0.001979,172.217.194.0-255,5738,97028,34,142221
24874,0.001983,172.31.33.0-255,66,97094,34,142221
24875,0.001998,172.31.33.0-255,66,97160,34,142221
24876,0.002042,172.31.33.0-255,66,97226,34,142221
24877,0.00208,172.31.33.0-255,66,97292,34,142221
24878,0.002104,172.217.194.0-255,1484,98776,34,142221
24879,0.00212,172.31.33.0-255,66,98842,34,142221
24880,0.002124,172.217.194.0-255,1484,100326,34,142221
24881,0.002157,172.31.33.0-255,66,100392,34,142221
24882,0.002173,172.31.33.0-255,66,100458,34,142221
24883,0.00218,172.217.194.0-255,5738,106196,34,142221
24884,0.002183,172.31.33.0-255,66,106262,34,142221
24885,0.00222,172.31.33.0-255,66,106328,34,142221
24886,0.002609,172.217.194.0-255,1484,107812,34,142221
24887,0.002619,172.217.194.0-255,2902,110714,34,142221
24888,0.002625,172.31.33.0-255,66,110780,34,142221
24889,0.002632,172.217.194.0-255,5738,116518,34,142221
24890,0.002634,172.31.33.0-255,66,116584,34,142221
24891,0.002646,172.217.194.0-255,5738,122322,34,142221
24892,0.002649,172.31.33.0-255,66,122388,34,142221
24893,0.002655,172.217.194.0-255,4320,126708,34,142221
24894,0.00266,172.31.33.0-255,66,126774,34,142221
24895,0.002698,172.31.33.0-255,66,126840,34,142221
24896,0.002704,172.217.194.0-255,5020,131860,34,142221
24897,0.002708,172.31.33.0-255,66,131926,34,142221
24898,0.002739,172.217.194.0-255,5738,137664,34,142221
24899,0.002745,172.217.194.0-255,2902,140566,34,142221
24900,0.002781,172.217.194.0-255,1484,142050,34,142221
24901,0.002808,172.217.194.0-255,105,142155,34,142221
24902,0.006061,172.31.33.0-255,66,142221,34,142221
24903,0.0,172.253.118.0-255,153,153,34,235705
24904,2.4e-05,172.31.33.0-255,66,219,34,235705
24905,3.1e-05,172.253.118.0-255,1484,1703,34,235705
24906,3.5e-05,172.31.33.0-255,66,1769,34,235705
24907,3.8e-05,172.253.118.0-255,1484,3253,34,235705
24908,4e-05,172.31.33.0-255,66,3319,34,235705
24909,6.3e-05,172.253.118.0-255,1484,4803,34,235705
24910,7e-05,172.31.33.0-255,66,4869,34,235705
24911,7.6e-05,172.253.118.0-255,4320,9189,34,235705
24912,7.9e-05,172.31.33.0-255,66,9255,34,235705
24913,0.000106,172.253.118.0-255,4891,14146,34,235705
24914,0.000109,172.31.33.0-255,66,14212,34,235705
24915,0.000133,172.253.118.0-255,5738,19950,34,235705
24916,0.000136,172.31.33.0-255,66,20016,34,235705
24917,0.000179,172.31.33.0-255,66,20082,34,235705
24918,0.000183,172.253.118.0-255,1125,21207,34,235705
24919,0.000185,172.31.33.0-255,66,21273,34,235705
24920,0.000282,172.253.118.0-255,1484,22757,34,235705
24921,0.000286,172.31.33.0-255,66,22823,34,235705
24922,0.000292,172.253.118.0-255,2902,25725,34,235705
24923,0.000294,172.31.33.0-255,66,25791,34,235705
24924,0.000297,172.253.118.0-255,1484,27275,34,235705
24925,0.000305,172.31.33.0-255,66,27341,34,235705
24926,0.000336,172.253.118.0-255,4320,31661,34,235705
24927,0.000341,172.31.33.0-255,66,31727,34,235705
24928,0.000356,172.31.33.0-255,66,31793,34,235705
24929,0.000362,172.253.118.0-255,5738,37531,34,235705
24930,0.000366,172.31.33.0-255,66,37597,34,235705
24931,0.000397,172.253.118.0-255,2902,40499,34,235705
24932,0.000401,172.31.33.0-255,66,40565,34,235705
24933,0.000404,172.253.118.0-255,1480,42045,34,235705
24934,0.000465,172.253.118.0-255,330,42375,34,235705
24935,0.000469,172.31.33.0-255,66,42441,34,235705
24936,0.00081,172.253.118.0-255,1484,43925,34,235705
24937,0.000814,172.253.118.0-255,2902,46827,34,235705
24938,0.000817,172.31.33.0-255,66,46893,34,235705
24939,0.000847,172.253.118.0-255,4320,51213,34,235705
24940,0.00085,172.31.33.0-255,66,51279,34,235705
24941,0.000875,172.253.118.0-255,1484,52763,34,235705
24942,0.000886,172.31.33.0-255,66,52829,34,235705
24943,0.000893,172.253.118.0-255,7156,59985,34,235705
24944,0.000895,172.31.33.0-255,66,60051,34,235705
24945,0.000918,172.253.118.0-255,4320,64371,34,235705
24946,0.000921,172.31.33.0-255,66,64437,34,235705
24947,0.000924,172.253.118.0-255,2184,66621,34,235705
24948,0.000928,172.31.33.0-255,66,66687,34,235705
24949,0.001332,172.253.118.0-255,1484,68171,34,235705
24950,0.00134,172.253.118.0-255,2902,71073,34,235705
24951,0.001343,172.31.33.0-255,66,71139,34,235705
24952,0.001349,172.253.118.0-255,2902,74041,34,235705
24953,0.00135,172.31.33.0-255,66,74107,34,235705
24954,0.001368,172.253.118.0-255,2902,77009,34,235705
24955,0.00137,172.31.33.0-255,66,77075,34,235705
24956,0.001381,172.253.118.0-255,7156,84231,34,235705
24957,0.001383,172.31.33.0-255,66,84297,34,235705
24958,0.001414,172.31.33.0-255,66,84363,34,235705
24959,0.001434,172.253.118.0-255,2902,87265,34,235705
24960,0.001437,172.31.33.0-255,66,87331,34,235705
24961,0.00144,172.253.118.0-255,2184,89515,34,235705
24962,0.001442,172.31.33.0-255,66,89581,34,235705
24963,0.001624,172.253.118.0-255,1484,91065,34,235705
24964,0.001638,172.253.118.0-255,2902,93967,34,235705
24965,0.001641,172.31.33.0-255,66,94033,34,235705
24966,0.001648,172.253.118.0-255,2902,96935,34,235705
24967,0.001649,172.31.33.0-255,66,97001,34,235705
24968,0.001675,172.253.118.0-255,2902,99903,34,235705
24969,0.001677,172.31.33.0-255,66,99969,34,235705
24970,0.001688,172.253.118.0-255,5738,105707,34,235705
24971,0.00169,172.31.33.0-255,66,105773,34,235705
24972,0.001695,172.253.118.0-255,4320,110093,34,235705
24973,0.001697,172.31.33.0-255,66,110159,34,235705
24974,0.001737,172.31.33.0-255,66,110225,34,235705
24975,0.001742,172.253.118.0-255,5020,115245,34,235705
24976,0.001744,172.31.33.0-255,66,115311,34,235705
24977,0.001785,172.253.118.0-255,1484,116795,34,235705
24978,0.001797,172.253.118.0-255,1484,118279,34,235705
24979,0.001799,172.31.33.0-255,66,118345,34,235705
24980,0.001818,172.253.118.0-255,1484,119829,34,235705
24981,0.001823,172.253.118.0-255,2902,122731,34,235705
24982,0.001824,172.31.33.0-255,66,122797,34,235705
24983,0.00183,172.253.118.0-255,7156,129953,34,235705
24984,0.001832,172.31.33.0-255,66,130019,34,235705
24985,0.001867,172.31.33.0-255,66,130085,34,235705
24986,0.001892,172.253.118.0-255,4320,134405,34,235705
24987,0.001894,172.31.33.0-255,66,134471,34,235705
24988,0.001898,172.253.118.0-255,3602,138073,34,235705
24989,0.0019,172.31.33.0-255,66,138139,34,235705
24990,0.001988,172.253.118.0-255,1484,139623,34,235705
24991,0.002002,172.253.118.0-255,2902,142525,34,235705
24992,0.002005,172.31.33.0-255,66,142591,34,235705
24993,0.00201,172.253.118.0-255,5738,148329,34,235705
24994,0.002012,172.31.33.0-255,66,148395,34,235705
24995,0.002015,172.253.118.0-255,2902,151297,34,235705
24996,0.002017,172.31.33.0-255,66,151363,34,235705
24997,0.002082,172.31.33.0-255,66,151429,34,235705
24998,0.002091,172.31.33.0-255,66,151495,34,235705
24999,0.002205,172.253.118.0-255,1484,152979,34,235705
25000,0.002218,172.253.118.0-255,2902,155881,34,235705
25001,0.00222,172.31.33.0-255,66,155947,34,235705
25002,0.002224,172.253.118.0-255,2902,158849,34,235705
25003,0.002227,172.31.33.0-255,66,158915,34,235705
25004,0.00224,172.253.118.0-255,2902,161817,34,235705
25005,0.002242,172.31.33.0-255,66,161883,34,235705
25006,0.002251,172.253.118.0-255,1484,163367,34,235705
25007,0.002287,172.253.118.0-255,7156,170523,34,235705
25008,0.00231,172.253.118.0-255,2902,173425,34,235705
25009,0.002322,172.253.118.0-255,766,174191,34,235705
25010,0.002338,172.253.118.0-255,1484,175675,34,235705
25011,0.002349,172.253.118.0-255,4320,179995,34,235705
25012,0.002361,172.253.118.0-255,2902,182897,34,235705
25013,0.002364,172.253.118.0-255,1484,184381,34,235705
25014,0.002366,172.253.118.0-255,1484,185865,34,235705
25015,0.002382,172.253.118.0-255,4320,190185,34,235705
25016,0.002387,172.253.118.0-255,4320,194505,34,235705
25017,0.002403,172.253.118.0-255,1484,195989,34,235705
25018,0.002444,172.253.118.0-255,3602,199591,34,235705
25019,0.002447,172.253.118.0-255,1484,201075,34,235705
25020,0.002449,172.253.118.0-255,1484,202559,34,235705
25021,0.002471,172.253.118.0-255,2902,205461,34,235705
25022,0.002506,172.253.118.0-255,1484,206945,34,235705
25023,0.002515,172.253.118.0-255,1484,208429,34,235705
25024,0.002542,172.253.118.0-255,4320,212749,34,235705
25025,0.002563,172.253.118.0-255,7156,219905,34,235705
25026,0.002587,172.253.118.0-255,2902,222807,34,235705
25027,0.002597,172.253.118.0-255,1484,224291,34,235705
25028,0.002609,172.253.118.0-255,2902,227193,34,235705
25029,0.002624,172.253.118.0-255,5738,232931,34,235705
25030,0.002654,172.253.118.0-255,1484,234415,34,235705
25031,0.002656,172.253.118.0-255,1119,235534,34,235705
25032,0.002724,172.253.118.0-255,105,235639,34,235705
25033,0.006762,172.31.33.0-255,66,235705,34,235705
25034,0.0,172.217.194.0-255,143,143,34,189827
25035,3.2e-05,172.31.33.0-255,66,209,34,189827
25036,3.9e-05,172.217.194.0-255,1484,1693,34,189827
25037,4.3e-05,172.31.33.0-255,66,1759,34,189827
25038,4.8e-05,172.217.194.0-255,2902,4661,34,189827
25039,5e-05,172.31.33.0-255,66,4727,34,189827
25040,5.7e-05,172.217.194.0-255,7156,11883,34,189827
25041,6e-05,172.31.33.0-255,66,11949,34,189827
25042,8.9e-05,172.217.194.0-255,7156,19105,34,189827
25043,9.1e-05,172.31.33.0-255,66,19171,34,189827
25044,0.000114,172.217.194.0-255,2048,21219,34,189827
25045,0.000116,172.31.33.0-255,66,21285,34,189827
25046,0.000127,172.31.33.0-255,66,21351,34,189827
25047,0.000204,172.217.194.0-255,1484,22835,34,189827
25048,0.000208,172.31.33.0-255,66,22901,34,189827
25049,0.000212,172.217.194.0-255,1484,24385,34,189827
25050,0.000213,172.31.33.0-255,66,24451,34,189827
25051,0.000227,172.217.194.0-255,1484,25935,34,189827
25052,0.000229,172.31.33.0-255,66,26001,34,189827
25053,0.000234,172.217.194.0-255,2902,28903,34,189827
25054,0.000236,172.31.33.0-255,66,28969,34,189827
25055,0.000255,172.217.194.0-255,7156,36125,34,189827
25056,0.000258,172.31.33.0-255,66,36191,34,189827
25057,0.000277,172.217.194.0-255,4320,40511,34,189827
25058,0.00028,172.31.33.0-255,66,40577,34,189827
25059,0.000308,172.217.194.0-255,5379,45956,34,189827
25060,0.000311,172.31.33.0-255,66,46022,34,189827
25061,0.000322,172.31.33.0-255,66,46088,34,189827
25062,0.000325,172.217.194.0-255,98,46186,34,189827
25063,0.000328,172.31.33.0-255,66,46252,34,189827
25064,0.000343,172.217.194.0-255,364,46616,34,189827
25065,0.000797,172.31.33.0-255,66,46682,34,189827
25066,0.001683,172.217.194.0-255,1484,48166,34,189827
25067,0.001691,172.217.194.0-255,1484,49650,34,189827
25068,0.001695,172.31.33.0-255,66,49716,34,189827
25069,0.001712,172.217.194.0-255,1484,51200,34,189827
25070,0.001717,172.217.194.0-255,5738,56938,34,189827
25071,0.001719,172.31.33.0-255,66,57004,34,189827
25072,0.001721,172.217.194.0-255,1484,58488,34,189827
25073,0.001745,172.31.33.0-255,66,58554,34,189827
25074,0.001748,172.217.194.0-255,1484,60038,34,189827
25075,0.001765,172.217.194.0-255,5738,65776,34,189827
25076,0.001767,172.31.33.0-255,66,65842,34,189827
25077,0.001783,172.217.194.0-255,3602,69444,34,189827
25078,0.001785,172.31.33.0-255,66,69510,34,189827
25079,0.002161,172.217.194.0-255,1484,70994,34,189827
25080,0.002172,172.217.194.0-255,1484,72478,34,189827
25081,0.002174,172.31.33.0-255,66,72544,34,189827
25082,0.002184,172.217.194.0-255,1484,74028,34,189827
25083,0.002207,172.217.194.0-255,5738,79766,34,189827
25084,0.002209,172.31.33.0-255,66,79832,34,189827
25085,0.002215,172.217.194.0-255,7156,86988,34,189827
25086,0.002217,172.31.33.0-255,66,87054,34,189827
25087,0.002219,172.217.194.0-255,1484,88538,34,189827
25088,0.002243,172.31.33.0-255,66,88604,34,189827
25089,0.00226,172.217.194.0-255,2902,91506,34,189827
25090,0.002261,172.31.33.0-255,66,91572,34,189827
25091,0.002265,172.217.194.0-255,2184,93756,34,189827
25092,0.002266,172.31.33.0-255,66,93822,34,189827
25093,0.00229,172.217.194.0-255,2902,96724,34,189827
25094,0.002292,172.31.33.0-255,66,96790,34,189827
25095,0.002297,172.217.194.0-255,5738,102528,34,189827
25096,0.002299,172.31.33.0-255,66,102594,34,189827
25097,0.002308,172.217.194.0-255,1484,104078,34,189827
25098,0.002311,172.217.194.0-255,2902,106980,34,189827
25099,0.002313,172.31.33.0-255,66,107046,34,189827
25100,0.002331,172.217.194.0-255,5738,112784,34,189827
25101,0.002333,172.31.33.0-255,66,112850,34,189827
25102,0.002335,172.217.194.0-255,1484,114334,34,189827
25103,0.002385,172.31.33.0-255,66,114400,34,189827
25104,0.002457,172.217.194.0-255,1484,115884,34,189827
25105,0.002467,172.217.194.0-255,2902,118786,34,189827
25106,0.002469,172.31.33.0-255,66,118852,34,189827
25107,0.002489,172.217.194.0-255,5738,124590,34,189827
25108,0.002491,172.31.33.0-255,66,124656,34,189827
25109,0.002505,172.217.194.0-255,1484,126140,34,189827
25110,0.002534,172.31.33.0-255,66,126206,34,189827
25111,0.002562,172.217.194.0-255,2902,129108,34,189827
25112,0.002564,172.31.33.0-255,66,129174,34,189827
25113,0.002583,172.31.33.0-255,66,129240,34,189827
25114,0.002606,172.217.194.0-255,1484,130724,34,189827
25115,0.002627,172.31.33.0-255,66,130790,34,189827
25116,0.00263,172.217.194.0-255,2902,133692,34,189827
25117,0.002632,172.31.33.0-255,66,133758,34,189827
25118,0.002652,172.31.33.0-255,66,133824,34,189827
25119,0.002654,172.217.194.0-255,1484,135308,34,189827
25120,0.002677,172.31.33.0-255,66,135374,34,189827
25121,0.002864,172.217.194.0-255,1484,136858,34,189827
25122,0.002881,172.217.194.0-255,2902,139760,34,189827
25123,0.002883,172.31.33.0-255,66,139826,34,189827
25124,0.002888,172.217.194.0-255,4320,144146,34,189827
25125,0.002889,172.31.33.0-255,66,144212,34,189827
25126,0.002899,172.217.194.0-255,1484,145696,34,189827
25127,0.002903,172.217.194.0-255,2902,148598,34,189827
25128,0.002905,172.31.33.0-255,66,148664,34,189827
25129,0.002952,172.31.33.0-255,66,148730,34,189827
25130,0.00296,172.31.33.0-255,66,148796,34,189827
25131,0.002963,172.217.194.0-255,1484,150280,34,189827
25132,0.002987,172.217.194.0-255,7156,157436,34,189827
25133,0.002989,172.31.33.0-255,66,157502,34,189827
25134,0.003022,172.31.33.0-255,66,157568,34,189827
25135,0.003034,172.31.33.0-255,66,157634,34,189827
25136,0.003059,172.31.33.0-255,66,157700,34,189827
25137,0.00308,172.217.194.0-255,2902,160602,34,189827
25138,0.003082,172.31.33.0-255,66,160668,34,189827
25139,0.003093,172.31.33.0-255,66,160734,34,189827
25140,0.003116,172.217.194.0-255,4320,165054,34,189827
25141,0.003118,172.31.33.0-255,66,165120,34,189827
25142,0.003123,172.217.194.0-255,3602,168722,34,189827
25143,0.003125,172.31.33.0-255,66,168788,34,189827
25144,0.003197,172.31.33.0-255,66,168854,34,189827
25145,0.003207,172.31.33.0-255,66,168920,34,189827
25146,0.003216,172.31.33.0-255,66,168986,34,189827
25147,0.003221,172.217.194.0-255,4320,173306,34,189827
25148,0.003224,172.31.33.0-255,66,173372,34,189827
25149,0.003249,172.217.194.0-255,4320,177692,34,189827
25150,0.003252,172.31.33.0-255,66,177758,34,189827
25151,0.003258,172.217.194.0-255,7156,184914,34,189827
25152,0.00326,172.31.33.0-255,66,184980,34,189827
25153,0.00328,172.217.194.0-255,4408,189388,34,189827
25154,0.003283,172.31.33.0-255,66,189454,34,189827
25155,0.003286,172.217.194.0-255,97,189551,34,189827
25156,0.00332,172.217.194.0-255,105,189656,34,189827
25157,0.009107,172.31.33.0-255,66,189722,34,189827
25158,0.009138,172.31.33.0-255,105,189827,34,189827
25159,0.0,172.217.194.0-255,153,153,34,220604
25160,1.1e-05,172.31.33.0-255,66,219,34,220604
25161,1.6e-05,172.217.194.0-255,1484,1703,34,220604
25162,2e-05,172.31.33.0-255,66,1769,34,220604
25163,3.7e-05,172.217.194.0-255,2902,4671,34,220604
25164,3.9e-05,172.31.33.0-255,66,4737,34,220604
25165,4.4e-05,172.217.194.0-255,4320,9057,34,220604
25166,4.6e-05,172.31.33.0-255,66,9123,34,220604
25167,6.8e-05,172.217.194.0-255,2902,12025,34,220604
25168,7.1e-05,172.31.33.0-255,66,12091,34,220604
25169,7.5e-05,172.217.194.0-255,2026,14117,34,220604
25170,7.6e-05,172.31.33.0-255,66,14183,34,220604
25171,0.000114,172.31.33.0-255,66,14249,34,220604
25172,0.000132,172.217.194.0-255,2902,17151,34,220604
25173,0.000133,172.31.33.0-255,66,17217,34,220604
25174,0.000136,172.217.194.0-255,1484,18701,34,220604
25175,0.000137,172.31.33.0-255,66,18767,34,220604
25176,0.000168,172.217.194.0-255,3961,22728,34,220604
25177,0.00017,172.31.33.0-255,66,22794,34,220604
25178,0.000203,172.217.194.0-255,2902,25696,34,220604
25179,0.000206,172.31.33.0-255,66,25762,34,220604
25180,0.00021,172.217.194.0-255,2902,28664,34,220604
25181,0.000211,172.31.33.0-255,66,28730,34,220604
25182,0.000222,172.217.194.0-255,1484,30214,34,220604
25183,0.000224,172.31.33.0-255,66,30280,34,220604
25184,0.000234,172.31.33.0-255,66,30346,34,220604
25185,0.000263,172.217.194.0-255,2902,33248,34,220604
25186,0.000265,172.31.33.0-255,66,33314,34,220604
25187,0.000289,172.31.33.0-255,66,33380,34,220604
25188,0.000359,172.217.194.0-255,117,33497,34,220604
25189,0.00039,172.217.194.0-255,379,33876,34,220604
25190,0.000873,172.217.194.0-255,1484,35360,34,220604
25191,0.000877,172.31.33.0-255,66,35426,34,220604
25192,0.000882,172.217.194.0-255,2902,38328,34,220604
25193,0.000884,172.31.33.0-255,66,38394,34,220604
25194,0.000888,172.217.194.0-255,2902,41296,34,220604
25195,0.00089,172.31.33.0-255,66,41362,34,220604
25196,0.000903,172.217.194.0-255,2902,44264,34,220604
25197,0.000905,172.31.33.0-255,66,44330,34,220604
25198,0.000923,172.217.194.0-255,5738,50068,34,220604
25199,0.000925,172.31.33.0-255,66,50134,34,220604
25200,0.000953,172.217.194.0-255,7156,57290,34,220604
25201,0.000955,172.31.33.0-255,66,57356,34,220604
25202,0.000961,172.217.194.0-255,5738,63094,34,220604
25203,0.000963,172.31.33.0-255,66,63160,34,220604
25204,0.000978,172.217.194.0-255,5020,68180,34,220604
25205,0.00098,172.31.33.0-255,66,68246,34,220604
25206,0.001048,172.217.194.0-255,1484,69730,34,220604
25207,0.001061,172.217.194.0-255,2902,72632,34,220604
25208,0.001064,172.31.33.0-255,66,72698,34,220604
25209,0.001077,172.217.194.0-255,4320,77018,34,220604
25210,0.001079,172.31.33.0-255,66,77084,34,220604
25211,0.001096,172.217.194.0-255,1484,78568,34,220604
25212,0.001099,172.217.194.0-255,1484,80052,34,220604
25213,0.0011,172.31.33.0-255,66,80118,34,220604
25214,0.001109,172.31.33.0-255,66,80184,34,220604
25215,0.001134,172.217.194.0-255,4320,84504,34,220604
25216,0.001136,172.31.33.0-255,66,84570,34,220604
25217,0.001164,172.31.33.0-255,66,84636,34,220604
25218,0.001256,172.217.194.0-255,1484,86120,34,220604
25219,0.001261,172.217.194.0-255,2902,89022,34,220604
25220,0.001263,172.31.33.0-255,66,89088,34,220604
25221,0.001286,172.217.194.0-255,5738,94826,34,220604
25222,0.001288,172.31.33.0-255,66,94892,34,220604
25223,0.001293,172.217.194.0-255,2902,97794,34,220604
25224,0.001294,172.31.33.0-255,66,97860,34,220604
25225,0.001314,172.31.33.0-255,66,97926,34,220604
25226,0.001328,172.217.194.0-255,1484,99410,34,220604
25227,0.001332,172.217.194.0-255,2902,102312,34,220604
25228,0.001335,172.31.33.0-255,66,102378,34,220604
25229,0.001364,172.31.33.0-255,66,102444,34,220604
25230,0.001616,172.217.194.0-255,1484,103928,34,220604
25231,0.00163,172.217.194.0-255,2902,106830,34,220604
25232,0.001633,172.31.33.0-255,66,106896,34,220604
25233,0.001637,172.217.194.0-255,2902,109798,34,220604
25234,0.001638,172.31.33.0-255,66,109864,34,220604
25235,0.001649,172.217.194.0-255,1484,111348,34,220604
25236,0.001654,172.217.194.0-255,4320,115668,34,220604
25237,0.001657,172.31.33.0-255,66,115734,34,220604
25238,0.001673,172.217.194.0-255,4320,120054,34,220604
25239,0.001675,172.31.33.0-255,66,120120,34,220604
25240,0.001699,172.217.194.0-255,7156,127276,34,220604
25241,0.001701,172.31.33.0-255,66,127342,34,220604
25242,0.00171,172.31.33.0-255,66,127408,34,220604
25243,0.001754,172.217.194.0-255,766,128174,34,220604
25244,0.002091,172.31.33.0-255,66,128240,34,220604
25245,0.002103,172.217.194.0-255,1484,129724,34,220604
25246,0.002106,172.217.194.0-255,1484,131208,34,220604
25247,0.002108,172.31.33.0-255,66,131274,34,220604
25248,0.002133,172.217.194.0-255,1484,132758,34,220604
25249,0.002139,172.217.194.0-255,5738,138496,34,220604
25250,0.002142,172.217.194.0-255,2902,141398,34,220604
25251,0.002146,172.31.33.0-255,66,141464,34,220604
25252,0.002148,172.31.33.0-255,66,141530,34,220604
25253,0.002171,172.31.33.0-255,66,141596,34,220604
25254,0.002202,172.217.194.0-255,2902,144498,34,220604
25255,0.002204,172.31.33.0-255,66,144564,34,220604
25256,0.00223,172.31.33.0-255,66,144630,34,220604
25257,0.002257,172.217.194.0-255,1484,146114,34,220604
25258,0.002268,172.217.194.0-255,2902,149016,34,220604
25259,0.00227,172.31.33.0-255,66,149082,34,220604
25260,0.002276,172.217.194.0-255,5738,154820,34,220604
25261,0.002278,172.31.33.0-255,66,154886,34,220604
25262,0.002293,172.217.194.0-255,1484,156370,34,220604
25263,0.002318,172.31.33.0-255,66,156436,34,220604
25264,0.002349,172.217.194.0-255,5738,162174,34,220604
25265,0.002351,172.31.33.0-255,66,162240,34,220604
25266,0.002372,172.217.194.0-255,5020,167260,34,220604
25267,0.002374,172.31.33.0-255,66,167326,34,220604
25268,0.00239,172.217.194.0-255,4320,171646,34,220604
25269,0.002392,172.31.33.0-255,66,171712,34,220604
25270,0.002396,172.217.194.0-255,2902,174614,34,220604
25271,0.002399,172.31.33.0-255,66,174680,34,220604
25272,0.002423,172.217.194.0-255,2902,177582,34,220604
25273,0.002425,172.31.33.0-255,66,177648,34,220604
25274,0.002437,172.31.33.0-255,66,177714,34,220604
25275,0.002461,172.31.33.0-255,66,177780,34,220604
25276,0.002475,172.217.194.0-255,766,178546,34,220604
25277,0.002525,172.217.194.0-255,1484,180030,34,220604
25278,0.002527,172.31.33.0-255,66,180096,34,220604
25279,0.002532,172.217.194.0-255,2902,182998,34,220604
25280,0.002534,172.31.33.0-255,66,183064,34,220604
25281,0.002544,172.217.194.0-255,1484,184548,34,220604
25282,0.002548,172.217.194.0-255,2902,187450,34,220604
25283,0.002549,172.31.33.0-255,66,187516,34,220604
25284,0.002566,172.217.194.0-255,4320,191836,34,220604
25285,0.002568,172.31.33.0-255,66,191902,34,220604
25286,0.002573,172.217.194.0-255,4320,196222,34,220604
25287,0.002575,172.31.33.0-255,66,196288,34,220604
25288,0.002603,172.31.33.0-255,66,196354,34,220604
25289,0.00261,172.217.194.0-255,7156,203510,34,220604
25290,0.002612,172.31.33.0-255,66,203576,34,220604
25291,0.002622,172.217.194.0-255,766,204342,34,220604
25292,0.002889,172.217.194.0-255,1484,205826,34,220604
25293,0.002893,172.31.33.0-255,66,205892,34,220604
25294,0.002898,172.217.194.0-255,2902,208794,34,220604
25295,0.0029,172.31.33.0-255,66,208860,34,220604
25296,0.002903,172.217.194.0-255,1484,210344,34,220604
25297,0.002906,172.217.194.0-255,1484,211828,34,220604
25298,0.002908,172.31.33.0-255,66,211894,34,220604
25299,0.002924,172.217.194.0-255,4320,216214,34,220604
25300,0.002926,172.31.33.0-255,66,216280,34,220604
25301,0.002929,172.217.194.0-255,1484,217764,34,220604
25302,0.002963,172.31.33.0-255,66,217830,34,220604
25303,0.002973,172.31.33.0-255,66,217896,34,220604
25304,0.003009,172.31.33.0-255,66,217962,34,220604
25305,0.003039,172.31.33.0-255,66,218028,34,220604
25306,0.003043,172.217.194.0-255,2168,220196,34,220604
25307,0.003045,172.31.33.0-255,66,220262,34,220604
25308,0.003047,172.217.194.0-255,105,220367,34,220604
25309,0.004153,172.31.33.0-255,66,220433,34,220604
25310,0.004186,172.31.33.0-255,105,220538,34,220604
25311,0.006649,172.217.194.0-255,66,220604,34,220604
25312,0.0,74.125.68.0-255,153,153,34,344691
25313,1.9e-05,172.31.33.0-255,66,219,34,344691
25314,2.5e-05,74.125.68.0-255,1484,1703,34,344691
25315,2.9e-05,172.31.33.0-255,66,1769,34,344691
25316,5.3e-05,74.125.68.0-255,2902,4671,34,344691
25317,5.6e-05,172.31.33.0-255,66,4737,34,344691
25318,6.3e-05,74.125.68.0-255,1484,6221,34,344691
25319,6.5e-05,172.31.33.0-255,66,6287,34,344691
25320,9.6e-05,74.125.68.0-255,4320,10607,34,344691
25321,9.9e-05,172.31.33.0-255,66,10673,34,344691
25322,0.000125,74.125.68.0-255,3410,14083,34,344691
25323,0.000128,172.31.33.0-255,66,14149,34,344691
25324,0.000454,74.125.68.0-255,1484,15633,34,344691
25325,0.00046,172.31.33.0-255,66,15699,34,344691
25326,0.000465,74.125.68.0-255,2902,18601,34,344691
25327,0.000467,172.31.33.0-255,66,18667,34,344691
25328,0.000492,74.125.68.0-255,4320,22987,34,344691
25329,0.000495,172.31.33.0-255,66,23053,34,344691
25330,0.00052,74.125.68.0-255,5738,28791,34,344691
25331,0.000525,172.31.33.0-255,66,28857,34,344691
25332,0.000541,74.125.68.0-255,2543,31400,34,344691
25333,0.000544,172.31.33.0-255,66,31466,34,344691
25334,0.000636,74.125.68.0-255,1484,32950,34,344691
25335,0.000642,172.31.33.0-255,66,33016,34,344691
25336,0.000647,74.125.68.0-255,2902,35918,34,344691
25337,0.000649,172.31.33.0-255,66,35984,34,344691
25338,0.000691,74.125.68.0-255,5738,41722,34,344691
25339,0.000695,172.31.33.0-255,66,41788,34,344691
25340,0.000732,74.125.68.0-255,6797,48585,34,344691
25341,0.000735,172.31.33.0-255,66,48651,34,344691
25342,0.00076,74.125.68.0-255,1484,50135,34,344691
25343,0.000762,172.31.33.0-255,66,50201,34,344691
25344,0.000789,74.125.68.0-255,2902,53103,34,344691
25345,0.000794,74.125.68.0-255,5738,58841,34,344691
25346,0.0008,172.31.33.0-255,66,58907,34,344691
25347,0.000861,74.125.68.0-255,5738,64645,34,344691
25348,0.000866,172.31.33.0-255,66,64711,34,344691
25349,0.000883,172.31.33.0-255,66,64777,34,344691
25350,0.000889,74.125.68.0-255,1438,66215,34,344691
25351,0.000908,74.125.68.0-255,108,66323,34,344691
25352,0.000945,74.125.68.0-255,331,66654,34,344691
25353,0.000964,172.31.33.0-255,66,66720,34,344691
25354,0.001146,74.125.68.0-255,1484,68204,34,344691
25355,0.001151,74.125.68.0-255,1484,69688,34,344691
25356,0.001155,172.31.33.0-255,66,69754,34,344691
25357,0.001176,74.125.68.0-255,1484,71238,34,344691
25358,0.001183,74.125.68.0-255,5738,76976,34,344691
25359,0.001198,74.125.68.0-255,2902,79878,34,344691
25360,0.0012,172.31.33.0-255,66,79944,34,344691
25361,0.001212,74.125.68.0-255,4320,84264,34,344691
25362,0.001231,172.31.33.0-255,66,84330,34,344691
25363,0.001275,74.125.68.0-255,4320,88650,34,344691
25364,0.001278,172.31.33.0-255,66,88716,34,344691
25365,0.001284,172.31.33.0-255,66,88782,34,344691
25366,0.001306,74.125.68.0-255,3602,92384,34,344691
25367,0.001329,172.31.33.0-255,66,92450,34,344691
25368,0.001357,74.125.68.0-255,1484,93934,34,344691
25369,0.001363,74.125.68.0-255,2902,96836,34,344691
25370,0.001381,74.125.68.0-255,4320,101156,34,344691
25371,0.001387,172.31.33.0-255,66,101222,34,344691
25372,0.001409,74.125.68.0-255,1484,102706,34,344691
25373,0.001416,74.125.68.0-255,5738,108444,34,344691
25374,0.001423,74.125.68.0-255,7156,115600,34,344691
25375,0.001437,172.31.33.0-255,66,115666,34,344691
25376,0.001449,74.125.68.0-255,1484,117150,34,344691
25377,0.001478,74.125.68.0-255,766,117916,34,344691
25378,0.001482,172.31.33.0-255,66,117982,34,344691
25379,0.001518,74.125.68.0-255,1484,119466,34,344691
25380,0.001531,74.125.68.0-255,2902,122368,34,344691
25381,0.00154,172.31.33.0-255,66,122434,34,344691
25382,0.001547,74.125.68.0-255,1484,123918,34,344691
25383,0.001552,74.125.68.0-255,2902,126820,34,344691
25384,0.001556,74.125.68.0-255,4320,131140,34,344691
25385,0.001576,172.31.33.0-255,66,131206,34,344691
25386,0.001624,74.125.68.0-255,7156,138362,34,344691
25387,0.001641,74.125.68.0-255,1484,139846,34,344691
25388,0.001647,74.125.68.0-255,5738,145584,34,344691
25389,0.001654,74.125.68.0-255,6438,152022,34,344691
25390,0.00166,172.31.33.0-255,66,152088,34,344691
25391,0.001773,74.125.68.0-255,1484,153572,34,344691
25392,0.001778,74.125.68.0-255,2902,156474,34,344691
25393,0.001804,74.125.68.0-255,5738,162212,34,344691
25394,0.001814,172.31.33.0-255,66,162278,34,344691
25395,0.001827,74.125.68.0-255,5738,168016,34,344691
25396,0.001849,74.125.68.0-255,1484,169500,34,344691
25397,0.001853,74.125.68.0-255,2902,172402,34,344691
25398,0.001859,172.31.33.0-255,66,172468,34,344691
25399,0.001888,74.125.68.0-255,5738,178206,34,344691
25400,0.001898,172.31.33.0-255,66,178272,34,344691
25401,0.001908,74.125.68.0-255,2902,181174,34,344691
25402,0.001912,172.31.33.0-255,66,181240,34,344691
25403,0.00194,74.125.68.0-255,5020,186260,34,344691
25404,0.001948,74.125.68.0-255,7156,193416,34,344691
25405,0.001963,74.125.68.0-255,1484,194900,34,344691
25406,0.001969,74.125.68.0-255,5738,200638,34,344691
25407,0.001974,74.125.68.0-255,4320,204958,34,344691
25408,0.001977,172.31.33.0-255,66,205024,34,344691
25409,0.001983,172.31.33.0-255,66,205090,34,344691
25410,0.001995,74.125.68.0-255,2902,207992,34,344691
25411,0.002036,74.125.68.0-255,2184,210176,34,344691
25412,0.002042,172.31.33.0-255,66,210242,34,344691
25413,0.002782,74.125.68.0-255,1484,211726,34,344691
25414,0.002786,74.125.68.0-255,1484,213210,34,344691
25415,0.002789,172.31.33.0-255,66,213276,34,344691
25416,0.002826,74.125.68.0-255,4320,217596,34,344691
25417,0.002831,74.125.68.0-255,2902,220498,34,344691
25418,0.002835,74.125.68.0-255,4320,224818,34,344691
25419,0.002843,172.31.33.0-255,66,224884,34,344691
25420,0.002858,74.125.68.0-255,2902,227786,34,344691
25421,0.002863,172.31.33.0-255,66,227852,34,344691
25422,0.002891,74.125.68.0-255,5738,233590,34,344691
25423,0.002896,74.125.68.0-255,2902,236492,34,344691
25424,0.0029,74.125.68.0-255,4320,240812,34,344691
25425,0.002924,74.125.68.0-255,3602,244414,34,344691
25426,0.002936,172.31.33.0-255,66,244480,34,344691
25427,0.002947,74.125.68.0-255,4320,248800,34,344691
25428,0.002952,172.31.33.0-255,66,248866,34,344691
25429,0.002966,74.125.68.0-255,2902,251768,34,344691
25430,0.002984,74.125.68.0-255,7156,258924,34,344691
25431,0.002987,74.125.68.0-255,1484,260408,34,344691
25432,0.003012,74.125.68.0-255,4320,264728,34,344691
25433,0.003017,172.31.33.0-255,66,264794,34,344691
25434,0.003051,74.125.68.0-255,1484,266278,34,344691
25435,0.003053,74.125.68.0-255,1484,267762,34,344691
25436,0.003059,74.125.68.0-255,5020,272782,34,344691
25437,0.003079,74.125.68.0-255,4320,277102,34,344691
25438,0.003082,172.31.33.0-255,66,277168,34,344691
25439,0.00309,74.125.68.0-255,1484,278652,34,344691
25440,0.003095,172.31.33.0-255,66,278718,34,344691
25441,0.003122,74.125.68.0-255,7156,285874,34,344691
25442,0.003133,74.125.68.0-255,7156,293030,34,344691
25443,0.003137,74.125.68.0-255,2902,295932,34,344691
25444,0.003147,172.31.33.0-255,66,295998,34,344691
25445,0.003173,74.125.68.0-255,5738,301736,34,344691
25446,0.003178,172.31.33.0-255,66,301802,34,344691
25447,0.003206,74.125.68.0-255,2184,303986,34,344691
25448,0.003212,74.125.68.0-255,4320,308306,34,344691
25449,0.00322,74.125.68.0-255,7156,315462,34,344691
25450,0.003222,74.125.68.0-255,1484,316946,34,344691
25451,0.003224,74.125.68.0-255,1484,318430,34,344691
25452,0.003269,74.125.68.0-255,1484,319914,34,344691
25453,0.003276,74.125.68.0-255,7156,327070,34,344691
25454,0.003288,74.125.68.0-255,2184,329254,34,344691
25455,0.003304,172.31.33.0-255,66,329320,34,344691
25456,0.003335,74.125.68.0-255,7156,336476,34,344691
25457,0.003338,74.125.68.0-255,1484,337960,34,344691
25458,0.003345,172.31.33.0-255,66,338026,34,344691
25459,0.003354,74.125.68.0-255,1484,339510,34,344691
25460,0.003408,74.125.68.0-255,2902,342412,34,344691
25461,0.00341,172.31.33.0-255,66,342478,34,344691
25462,0.003415,172.31.33.0-255,66,342544,34,344691
25463,0.003438,74.125.68.0-255,1739,344283,34,344691
25464,0.003462,172.31.33.0-255,66,344349,34,344691
25465,0.003479,74.125.68.0-255,105,344454,34,344691
25466,0.005074,172.31.33.0-255,66,344520,34,344691
25467,0.005119,172.31.33.0-255,105,344625,34,344691
25468,0.007418,74.125.68.0-255,66,344691,34,344691
25469,0.0,74.125.68.0-255,226,226,34,60428
25470,2.2e-05,172.31.33.0-255,66,292,34,60428
25471,2.8e-05,74.125.68.0-255,1484,1776,34,60428
25472,3.3e-05,172.31.33.0-255,66,1842,34,60428
25473,5.4e-05,74.125.68.0-255,4320,6162,34,60428
25474,5.6e-05,172.31.33.0-255,66,6228,34,60428
25475,0.000202,74.125.68.0-255,2902,9130,34,60428
25476,0.000206,172.31.33.0-255,66,9196,34,60428
25477,0.000304,74.125.68.0-255,4829,14025,34,60428
25478,0.000309,172.31.33.0-255,66,14091,34,60428
25479,0.000478,74.125.68.0-255,4320,18411,34,60428
25480,0.000483,172.31.33.0-255,66,18477,34,60428
25481,0.000507,74.125.68.0-255,5738,24215,34,60428
25482,0.000512,172.31.33.0-255,66,24281,34,60428
25483,0.000828,74.125.68.0-255,4320,28601,34,60428
25484,0.000833,172.31.33.0-255,66,28667,34,60428
25485,0.000849,74.125.68.0-255,2543,31210,34,60428
25486,0.000852,172.31.33.0-255,66,31276,34,60428
25487,0.001066,74.125.68.0-255,5738,37014,34,60428
25488,0.001068,172.31.33.0-255,66,37080,34,60428
25489,0.003079,74.125.68.0-255,5738,42818,34,60428
25490,0.003084,172.31.33.0-255,66,42884,34,60428
25491,0.00509,74.125.68.0-255,5738,48622,34,60428
25492,0.005096,172.31.33.0-255,66,48688,34,60428
25493,0.007108,74.125.68.0-255,5738,54426,34,60428
25494,0.007115,172.31.33.0-255,66,54492,34,60428
25495,0.009149,74.125.68.0-255,2902,57394,34,60428
25496,0.009156,172.31.33.0-255,66,57460,34,60428
25497,0.009192,74.125.68.0-255,2902,60362,34,60428
25498,0.009196,172.31.33.0-255,66,60428,34,60428
25499,0.0,74.125.68.0-255,66,66,34,66
25500,0.0,74.125.24.0-255,153,153,34,296229
25501,2.3e-05,172.31.33.0-255,66,219,34,296229
25502,2.9e-05,74.125.24.0-255,1484,1703,34,296229
25503,3.3e-05,172.31.33.0-255,66,1769,34,296229
25504,3.7e-05,74.125.24.0-255,2902,4671,34,296229
25505,3.9e-05,172.31.33.0-255,66,4737,34,296229
25506,4.3e-05,74.125.24.0-255,4320,9057,34,296229
25507,4.6e-05,172.31.33.0-255,66,9123,34,296229
25508,7.8e-05,172.31.33.0-255,66,9189,34,296229
25509,8.4e-05,74.125.24.0-255,4320,13509,34,296229
25510,8.6e-05,172.31.33.0-255,66,13575,34,296229
25511,0.000102,74.125.24.0-255,7156,20731,34,296229
25512,0.000105,172.31.33.0-255,66,20797,34,296229
25513,0.000123,74.125.24.0-255,1125,21922,34,296229
25514,0.000125,172.31.33.0-255,66,21988,34,296229
25515,0.000162,74.125.24.0-255,1484,23472,34,296229
25516,0.000165,172.31.33.0-255,66,23538,34,296229
25517,0.000171,74.125.24.0-255,4320,27858,34,296229
25518,0.000173,172.31.33.0-255,66,27924,34,296229
25519,0.000178,74.125.24.0-255,4320,32244,34,296229
25520,0.000181,172.31.33.0-255,66,32310,34,296229
25521,0.000199,74.125.24.0-255,1484,33794,34,296229
25522,0.000202,172.31.33.0-255,66,33860,34,296229
25523,0.000209,74.125.24.0-255,7156,41016,34,296229
25524,0.000211,172.31.33.0-255,66,41082,34,296229
25525,0.000231,74.125.24.0-255,2902,43984,34,296229
25526,0.000233,172.31.33.0-255,66,44050,34,296229
25527,0.000252,74.125.24.0-255,7156,51206,34,296229
25528,0.000256,172.31.33.0-255,66,51272,34,296229
25529,0.000278,74.125.24.0-255,4320,55592,34,296229
25530,0.000281,172.31.33.0-255,66,55658,34,296229
25531,0.000284,74.125.24.0-255,766,56424,34,296229
25532,0.000403,74.125.24.0-255,646,57070,34,296229
25533,0.000745,74.125.24.0-255,1484,58554,34,296229
25534,0.000751,172.31.33.0-255,66,58620,34,296229
25535,0.00077,74.125.24.0-255,2902,61522,34,296229
25536,0.000773,172.31.33.0-255,66,61588,34,296229
25537,0.000776,74.125.24.0-255,1484,63072,34,296229
25538,0.000794,74.125.24.0-255,4320,67392,34,296229
25539,0.000797,172.31.33.0-255,66,67458,34,296229
25540,0.00082,74.125.24.0-255,1484,68942,34,296229
25541,0.000842,74.125.24.0-255,4320,73262,34,296229
25542,0.000845,172.31.33.0-255,66,73328,34,296229
25543,0.000853,74.125.24.0-255,6797,80125,34,296229
25544,0.000855,172.31.33.0-255,66,80191,34,296229
25545,0.000858,74.125.24.0-255,1484,81675,34,296229
25546,0.000893,172.31.33.0-255,66,81741,34,296229
25547,0.000907,74.125.24.0-255,1484,83225,34,296229
25548,0.000911,74.125.24.0-255,1484,84709,34,296229
25549,0.000913,172.31.33.0-255,66,84775,34,296229
25550,0.000937,74.125.24.0-255,1484,86259,34,296229
25551,0.000944,74.125.24.0-255,5738,91997,34,296229
25552,0.000947,172.31.33.0-255,66,92063,34,296229
25553,0.00095,74.125.24.0-255,1484,93547,34,296229
25554,0.000955,74.125.24.0-255,2902,96449,34,296229
25555,0.000957,172.31.33.0-255,66,96515,34,296229
25556,0.000961,74.125.24.0-255,2902,99417,34,296229
25557,0.000963,172.31.33.0-255,66,99483,34,296229
25558,0.000986,74.125.24.0-255,2902,102385,34,296229
25559,0.00099,172.31.33.0-255,66,102451,34,296229
25560,0.000996,172.31.33.0-255,66,102517,34,296229
25561,0.001014,74.125.24.0-255,4320,106837,34,296229
25562,0.001017,172.31.33.0-255,66,106903,34,296229
25563,0.00102,74.125.24.0-255,766,107669,34,296229
25564,0.001049,74.125.24.0-255,2902,110571,34,296229
25565,0.001052,172.31.33.0-255,66,110637,34,296229
25566,0.001077,172.31.33.0-255,66,110703,34,296229
25567,0.001091,172.31.33.0-255,66,110769,34,296229
25568,0.001114,74.125.24.0-255,4320,115089,34,296229
25569,0.001117,172.31.33.0-255,66,115155,34,296229
25570,0.001138,74.125.24.0-255,5020,120175,34,296229
25571,0.001141,172.31.33.0-255,66,120241,34,296229
25572,0.001763,74.125.24.0-255,1484,121725,34,296229
25573,0.001773,74.125.24.0-255,2902,124627,34,296229
25574,0.001778,172.31.33.0-255,66,124693,34,296229
25575,0.001783,74.125.24.0-255,2902,127595,34,296229
25576,0.001785,172.31.33.0-255,66,127661,34,296229
25577,0.0018,74.125.24.0-255,2902,130563,34,296229
25578,0.001804,172.31.33.0-255,66,130629,34,296229
25579,0.001807,74.125.24.0-255,1484,132113,34,296229
25580,0.001839,172.31.33.0-255,66,132179,34,296229
25581,0.001843,74.125.24.0-255,1484,133663,34,296229
25582,0.001863,74.125.24.0-255,7156,140819,34,296229
25583,0.001866,172.31.33.0-255,66,140885,34,296229
25584,0.001881,74.125.24.0-255,2184,143069,34,296229
25585,0.001884,172.31.33.0-255,66,143135,34,296229
25586,0.002882,74.125.24.0-255,1484,144619,34,296229
25587,0.002887,74.125.24.0-255,1484,146103,34,296229
25588,0.002891,172.31.33.0-255,66,146169,34,296229
25589,0.002903,74.125.24.0-255,1484,147653,34,296229
25590,0.002923,74.125.24.0-255,1484,149137,34,296229
25591,0.002925,172.31.33.0-255,66,149203,34,296229
25592,0.002939,74.125.24.0-255,2902,152105,34,296229
25593,0.002941,172.31.33.0-255,66,152171,34,296229
25594,0.002946,74.125.24.0-255,5738,157909,34,296229
25595,0.002948,172.31.33.0-255,66,157975,34,296229
25596,0.002951,74.125.24.0-255,2902,160877,34,296229
25597,0.002953,172.31.33.0-255,66,160943,34,296229
25598,0.002968,74.125.24.0-255,5738,166681,34,296229
25599,0.002969,172.31.33.0-255,66,166747,34,296229
25600,0.00299,74.125.24.0-255,4320,171067,34,296229
25601,0.002991,172.31.33.0-255,66,171133,34,296229
25602,0.002997,74.125.24.0-255,5738,176871,34,296229
25603,0.002998,172.31.33.0-255,66,176937,34,296229
25604,0.003001,74.125.24.0-255,766,177703,34,296229
25605,0.003021,74.125.24.0-255,2902,180605,34,296229
25606,0.003022,172.31.33.0-255,66,180671,34,296229
25607,0.003025,74.125.24.0-255,1484,182155,34,296229
25608,0.00304,74.125.24.0-255,1484,183639,34,296229
25609,0.003041,172.31.33.0-255,66,183705,34,296229
25610,0.003046,74.125.24.0-255,4320,188025,34,296229
25611,0.003048,172.31.33.0-255,66,188091,34,296229
25612,0.003068,74.125.24.0-255,5738,193829,34,296229
25613,0.003071,172.31.33.0-255,66,193895,34,296229
25614,0.003074,74.125.24.0-255,1484,195379,34,296229
25615,0.003105,172.31.33.0-255,66,195445,34,296229
25616,0.003107,74.125.24.0-255,1484,196929,34,296229
25617,0.003158,74.125.24.0-255,5020,201949,34,296229
25618,0.00316,172.31.33.0-255,66,202015,34,296229
25619,0.003165,74.125.24.0-255,5738,207753,34,296229
25620,0.003167,172.31.33.0-255,66,207819,34,296229
25621,0.003173,74.125.24.0-255,7156,214975,34,296229
25622,0.003175,172.31.33.0-255,66,215041,34,296229
25623,0.00319,74.125.24.0-255,5738,220779,34,296229
25624,0.003192,172.31.33.0-255,66,220845,34,296229
25625,0.003202,172.31.33.0-255,66,220911,34,296229
25626,0.003234,74.125.24.0-255,2902,223813,34,296229
25627,0.003236,172.31.33.0-255,66,223879,34,296229
25628,0.003255,74.125.24.0-255,2184,226063,34,296229
25629,0.003257,172.31.33.0-255,66,226129,34,296229
25630,0.00377,74.125.24.0-255,1484,227613,34,296229
25631,0.003784,74.125.24.0-255,2902,230515,34,296229
25632,0.003787,172.31.33.0-255,66,230581,34,296229
25633,0.003809,74.125.24.0-255,5738,236319,34,296229
25634,0.003811,172.31.33.0-255,66,236385,34,296229
25635,0.003816,74.125.24.0-255,5738,242123,34,296229
25636,0.003818,172.31.33.0-255,66,242189,34,296229
25637,0.003832,74.125.24.0-255,5738,247927,34,296229
25638,0.003834,172.31.33.0-255,66,247993,34,296229
25639,0.003836,74.125.24.0-255,1484,249477,34,296229
25640,0.003857,74.125.24.0-255,7156,256633,34,296229
25641,0.003859,172.31.33.0-255,66,256699,34,296229
25642,0.003869,74.125.24.0-255,3602,260301,34,296229
25643,0.003871,172.31.33.0-255,66,260367,34,296229
25644,0.004204,74.125.24.0-255,1484,261851,34,296229
25645,0.004223,74.125.24.0-255,1484,263335,34,296229
25646,0.004225,172.31.33.0-255,66,263401,34,296229
25647,0.004244,74.125.24.0-255,1484,264885,34,296229
25648,0.004249,74.125.24.0-255,5738,270623,34,296229
25649,0.004251,172.31.33.0-255,66,270689,34,296229
25650,0.004255,74.125.24.0-255,5738,276427,34,296229
25651,0.004257,172.31.33.0-255,66,276493,34,296229
25652,0.004271,74.125.24.0-255,4320,280813,34,296229
25653,0.004273,172.31.33.0-255,66,280879,34,296229
25654,0.004301,172.31.33.0-255,66,280945,34,296229
25655,0.004306,74.125.24.0-255,7156,288101,34,296229
25656,0.004308,172.31.33.0-255,66,288167,34,296229
25657,0.004328,172.31.33.0-255,66,288233,34,296229
25658,0.004333,74.125.24.0-255,7156,295389,34,296229
25659,0.004335,172.31.33.0-255,66,295455,34,296229
25660,0.004357,172.31.33.0-255,66,295521,34,296229
25661,0.004359,74.125.24.0-255,432,295953,34,296229
25662,0.004386,74.125.24.0-255,105,296058,34,296229
25663,0.008143,172.31.33.0-255,66,296124,34,296229
25664,0.008167,172.31.33.0-255,105,296229,34,296229
25665,0.0,172.31.33.0-255,105,105,34,342
25666,0.001956,74.125.200.0-255,66,171,34,342
25667,0.001978,74.125.200.0-255,105,276,34,342
25668,0.001981,172.31.33.0-255,66,342,34,342
25669,0.0,74.125.24.0-255,153,153,34,207064
25670,1.6e-05,172.31.33.0-255,66,219,34,207064
25671,2.3e-05,74.125.24.0-255,1484,1703,34,207064
25672,2.8e-05,172.31.33.0-255,66,1769,34,207064
25673,3.4e-05,74.125.24.0-255,2902,4671,34,207064
25674,3.6e-05,172.31.33.0-255,66,4737,34,207064
25675,5.1e-05,74.125.24.0-255,7156,11893,34,207064
25676,5.3e-05,172.31.33.0-255,66,11959,34,207064
25677,5.7e-05,74.125.24.0-255,2021,13980,34,207064
25678,5.9e-05,172.31.33.0-255,66,14046,34,207064
25679,0.000164,74.125.24.0-255,1484,15530,34,207064
25680,0.000167,172.31.33.0-255,66,15596,34,207064
25681,0.000173,74.125.24.0-255,2902,18498,34,207064
25682,0.000175,172.31.33.0-255,66,18564,34,207064
25683,0.000179,74.125.24.0-255,2902,21466,34,207064
25684,0.00018,172.31.33.0-255,66,21532,34,207064
25685,0.000209,74.125.24.0-255,2902,24434,34,207064
25686,0.000211,172.31.33.0-255,66,24500,34,207064
25687,0.000218,74.125.24.0-255,6797,31297,34,207064
25688,0.00022,172.31.33.0-255,66,31363,34,207064
25689,0.000227,74.125.24.0-255,7156,38519,34,207064
25690,0.000229,172.31.33.0-255,66,38585,34,207064
25691,0.000273,172.31.33.0-255,66,38651,34,207064
25692,0.000284,172.31.33.0-255,66,38717,34,207064
25693,0.000314,74.125.24.0-255,391,39108,34,207064
25694,0.000316,172.31.33.0-255,66,39174,34,207064
25695,0.000449,74.125.24.0-255,1484,40658,34,207064
25696,0.000453,172.31.33.0-255,66,40724,34,207064
25697,0.000459,74.125.24.0-255,2902,43626,34,207064
25698,0.000461,172.31.33.0-255,66,43692,34,207064
25699,0.000467,74.125.24.0-255,5738,49430,34,207064
25700,0.000482,74.125.24.0-255,1484,50914,34,207064
25701,0.000512,74.125.24.0-255,1484,52398,34,207064
25702,0.000527,172.31.33.0-255,66,52464,34,207064
25703,0.000574,74.125.24.0-255,5738,58202,34,207064
25704,0.000587,172.31.33.0-255,66,58268,34,207064
25705,0.000592,74.125.24.0-255,3602,61870,34,207064
25706,0.000598,74.125.24.0-255,7156,69026,34,207064
25707,0.000603,172.31.33.0-255,66,69092,34,207064
25708,0.000626,74.125.24.0-255,2902,71994,34,207064
25709,0.000629,74.125.24.0-255,1484,73478,34,207064
25710,0.000639,172.31.33.0-255,66,73544,34,207064
25711,0.000688,172.31.33.0-255,66,73610,34,207064
25712,0.000734,74.125.24.0-255,1484,75094,34,207064
25713,0.000746,74.125.24.0-255,2902,77996,34,207064
25714,0.000753,172.31.33.0-255,66,78062,34,207064
25715,0.000762,74.125.24.0-255,5738,83800,34,207064
25716,0.000763,74.125.24.0-255,1484,85284,34,207064
25717,0.000772,172.31.33.0-255,66,85350,34,207064
25718,0.000856,172.31.33.0-255,66,85416,34,207064
25719,0.000882,74.125.24.0-255,2184,87600,34,207064
25720,0.000888,172.31.33.0-255,66,87666,34,207064
25721,0.000913,74.125.24.0-255,1484,89150,34,207064
25722,0.000918,74.125.24.0-255,2902,92052,34,207064
25723,0.000926,172.31.33.0-255,66,92118,34,207064
25724,0.000946,74.125.24.0-255,5738,97856,34,207064
25725,0.000956,172.31.33.0-255,66,97922,34,207064
25726,0.000964,74.125.24.0-255,2902,100824,34,207064
25727,0.000968,172.31.33.0-255,66,100890,34,207064
25728,0.001004,172.31.33.0-255,66,100956,34,207064
25729,0.001051,172.31.33.0-255,66,101022,34,207064
25730,0.001364,74.125.24.0-255,1484,102506,34,207064
25731,0.001382,74.125.24.0-255,2902,105408,34,207064
25732,0.001387,74.125.24.0-255,4320,109728,34,207064
25733,0.001411,74.125.24.0-255,1484,111212,34,207064
25734,0.00143,74.125.24.0-255,5738,116950,34,207064
25735,0.001445,74.125.24.0-255,2902,119852,34,207064
25736,0.001449,74.125.24.0-255,2902,122754,34,207064
25737,0.001471,74.125.24.0-255,7156,129910,34,207064
25738,0.001486,74.125.24.0-255,5020,134930,34,207064
25739,0.001654,74.125.24.0-255,1484,136414,34,207064
25740,0.001658,74.125.24.0-255,1484,137898,34,207064
25741,0.001672,74.125.24.0-255,1484,139382,34,207064
25742,0.001677,74.125.24.0-255,4320,143702,34,207064
25743,0.001696,74.125.24.0-255,1484,145186,34,207064
25744,0.001698,74.125.24.0-255,1484,146670,34,207064
25745,0.00172,74.125.24.0-255,4320,150990,34,207064
25746,0.001765,74.125.24.0-255,7156,158146,34,207064
25747,0.001782,74.125.24.0-255,2184,160330,34,207064
25748,0.001887,74.125.24.0-255,1484,161814,34,207064
25749,0.001891,74.125.24.0-255,1484,163298,34,207064
25750,0.001904,74.125.24.0-255,1484,164782,34,207064
25751,0.00191,74.125.24.0-255,5738,170520,34,207064
25752,0.001931,74.125.24.0-255,2902,173422,34,207064
25753,0.001964,74.125.24.0-255,1484,174906,34,207064
25754,0.001967,74.125.24.0-255,1484,176390,34,207064
25755,0.001997,74.125.24.0-255,2902,179292,34,207064
25756,0.00205,74.125.24.0-255,766,180058,34,207064
25757,0.00207,74.125.24.0-255,2184,182242,34,207064
25758,0.002139,74.125.24.0-255,4320,186562,34,207064
25759,0.002143,74.125.24.0-255,4320,190882,34,207064
25760,0.002158,74.125.24.0-255,2184,193066,34,207064
25761,0.002163,74.125.24.0-255,4320,197386,34,207064
25762,0.002212,74.125.24.0-255,5738,203124,34,207064
25763,0.002217,74.125.24.0-255,3664,206788,34,207064
25764,0.002226,74.125.24.0-255,105,206893,34,207064
25765,0.005907,172.31.33.0-255,66,206959,34,207064
25766,0.007994,172.31.33.0-255,105,207064,34,207064
25767,0.0,74.125.24.0-255,153,153,34,133730
25768,2e-05,172.31.33.0-255,66,219,34,133730
25769,2.7e-05,74.125.24.0-255,1484,1703,34,133730
25770,3.1e-05,172.31.33.0-255,66,1769,34,133730
25771,4.3e-05,74.125.24.0-255,2902,4671,34,133730
25772,4.5e-05,172.31.33.0-255,66,4737,34,133730
25773,4.8e-05,74.125.24.0-255,1484,6221,34,133730
25774,5e-05,172.31.33.0-255,66,6287,34,133730
25775,7.5e-05,74.125.24.0-255,4320,10607,34,133730
25776,7.8e-05,172.31.33.0-255,66,10673,34,133730
25777,8e-05,74.125.24.0-255,1484,12157,34,133730
25778,8.2e-05,172.31.33.0-255,66,12223,34,133730
25779,0.000124,172.31.33.0-255,66,12289,34,133730
25780,0.000127,74.125.24.0-255,1484,13773,34,133730
25781,0.000128,172.31.33.0-255,66,13839,34,133730
25782,0.000167,74.125.24.0-255,5379,19218,34,133730
25783,0.00017,172.31.33.0-255,66,19284,34,133730
25784,0.000209,74.125.24.0-255,4320,23604,34,133730
25785,0.000214,172.31.33.0-255,66,23670,34,133730
25786,0.000244,74.125.24.0-255,1484,25154,34,133730
25787,0.000252,74.125.24.0-255,7156,32310,34,133730
25788,0.000265,74.125.24.0-255,1484,33794,34,133730
25789,0.00027,172.31.33.0-255,66,33860,34,133730
25790,0.000274,172.31.33.0-255,66,33926,34,133730
25791,0.000286,172.31.33.0-255,66,33992,34,133730
25792,0.000289,172.31.33.0-255,66,34058,34,133730
25793,0.000295,74.125.24.0-255,4238,38296,34,133730
25794,0.000299,172.31.33.0-255,66,38362,34,133730
25795,0.000556,74.125.24.0-255,131,38493,34,133730
25796,0.000563,172.31.33.0-255,66,38559,34,133730
25797,0.000693,74.125.24.0-255,1484,40043,34,133730
25798,0.000702,74.125.24.0-255,2902,42945,34,133730
25799,0.000706,172.31.33.0-255,66,43011,34,133730
25800,0.000712,74.125.24.0-255,5738,48749,34,133730
25801,0.000715,172.31.33.0-255,66,48815,34,133730
25802,0.000728,74.125.24.0-255,5738,54553,34,133730
25803,0.000732,172.31.33.0-255,66,54619,34,133730
25804,0.000791,172.31.33.0-255,66,54685,34,133730
25805,0.000826,74.125.24.0-255,2543,57228,34,133730
25806,0.00083,172.31.33.0-255,66,57294,34,133730
25807,0.000836,74.125.24.0-255,3961,61255,34,133730
25808,0.000838,172.31.33.0-255,66,61321,34,133730
25809,0.001259,74.125.24.0-255,1484,62805,34,133730
25810,0.001267,74.125.24.0-255,2902,65707,34,133730
25811,0.001272,172.31.33.0-255,66,65773,34,133730
25812,0.001303,74.125.24.0-255,5738,71511,34,133730
25813,0.001306,172.31.33.0-255,66,71577,34,133730
25814,0.00131,74.125.24.0-255,2902,74479,34,133730
25815,0.001311,172.31.33.0-255,66,74545,34,133730
25816,0.001346,74.125.24.0-255,7156,81701,34,133730
25817,0.001349,172.31.33.0-255,66,81767,34,133730
25818,0.001361,172.31.33.0-255,66,81833,34,133730
25819,0.001686,74.125.24.0-255,1484,83317,34,133730
25820,0.001699,74.125.24.0-255,2902,86219,34,133730
25821,0.001702,172.31.33.0-255,66,86285,34,133730
25822,0.001709,74.125.24.0-255,5738,92023,34,133730
25823,0.001711,172.31.33.0-255,66,92089,34,133730
25824,0.00173,74.125.24.0-255,5738,97827,34,133730
25825,0.001732,172.31.33.0-255,66,97893,34,133730
25826,0.001779,74.125.24.0-255,7156,105049,34,133730
25827,0.001782,172.31.33.0-255,66,105115,34,133730
25828,0.001793,172.31.33.0-255,66,105181,34,133730
25829,0.001797,74.125.24.0-255,2902,108083,34,133730
25830,0.001799,172.31.33.0-255,66,108149,34,133730
25831,0.001851,172.31.33.0-255,66,108215,34,133730
25832,0.00186,172.31.33.0-255,66,108281,34,133730
25833,0.001905,172.31.33.0-255,66,108347,34,133730
25834,0.001915,172.31.33.0-255,66,108413,34,133730
25835,0.001917,74.125.24.0-255,1484,109897,34,133730
25836,0.00196,172.31.33.0-255,66,109963,34,133730
25837,0.002067,74.125.24.0-255,1484,111447,34,133730
25838,0.002073,74.125.24.0-255,2902,114349,34,133730
25839,0.002075,172.31.33.0-255,66,114415,34,133730
25840,0.002082,74.125.24.0-255,5738,120153,34,133730
25841,0.002084,172.31.33.0-255,66,120219,34,133730
25842,0.002126,172.31.33.0-255,66,120285,34,133730
25843,0.002174,172.31.33.0-255,66,120351,34,133730
25844,0.002208,74.125.24.0-255,1484,121835,34,133730
25845,0.002256,172.31.33.0-255,66,121901,34,133730
25846,0.002269,172.31.33.0-255,66,121967,34,133730
25847,0.002283,172.31.33.0-255,66,122033,34,133730
25848,0.002327,172.31.33.0-255,66,122099,34,133730
25849,0.002341,172.31.33.0-255,66,122165,34,133730
25850,0.002362,74.125.24.0-255,1484,123649,34,133730
25851,0.002372,172.31.33.0-255,66,123715,34,133730
25852,0.002383,172.31.33.0-255,66,123781,34,133730
25853,0.002386,74.125.24.0-255,1484,125265,34,133730
25854,0.002389,74.125.24.0-255,1484,126749,34,133730
25855,0.002391,172.31.33.0-255,66,126815,34,133730
25856,0.002421,74.125.24.0-255,6507,133322,34,133730
25857,0.002424,172.31.33.0-255,66,133388,34,133730
25858,0.002427,74.125.24.0-255,105,133493,34,133730
25859,0.004376,172.31.33.0-255,66,133559,34,133730
25860,0.004415,172.31.33.0-255,105,133664,34,133730
25861,0.006636,74.125.24.0-255,66,133730,34,133730
25862,0.0,74.125.24.0-255,220,220,34,190261
25863,1.7e-05,172.31.33.0-255,66,286,34,190261
25864,2.4e-05,74.125.24.0-255,1484,1770,34,190261
25865,2.8e-05,172.31.33.0-255,66,1836,34,190261
25866,3.2e-05,74.125.24.0-255,1484,3320,34,190261
25867,3.4e-05,172.31.33.0-255,66,3386,34,190261
25868,6.3e-05,74.125.24.0-255,2902,6288,34,190261
25869,6.6e-05,172.31.33.0-255,66,6354,34,190261
25870,7.8e-05,172.31.33.0-255,66,6420,34,190261
25871,8.3e-05,74.125.24.0-255,4320,10740,34,190261
25872,8.5e-05,172.31.33.0-255,66,10806,34,190261
25873,0.000109,74.125.24.0-255,5738,16544,34,190261
25874,0.000111,172.31.33.0-255,66,16610,34,190261
25875,0.000128,74.125.24.0-255,1484,18094,34,190261
25876,0.00013,172.31.33.0-255,66,18160,34,190261
25877,0.000149,74.125.24.0-255,3961,22121,34,190261
25878,0.000151,172.31.33.0-255,66,22187,34,190261
25879,0.000176,74.125.24.0-255,2902,25089,34,190261
25880,0.000179,172.31.33.0-255,66,25155,34,190261
25881,0.000182,74.125.24.0-255,1484,26639,34,190261
25882,0.000183,172.31.33.0-255,66,26705,34,190261
25883,0.000203,74.125.24.0-255,2902,29607,34,190261
25884,0.000206,172.31.33.0-255,66,29673,34,190261
25885,0.000216,172.31.33.0-255,66,29739,34,190261
25886,0.000235,74.125.24.0-255,5738,35477,34,190261
25887,0.000237,172.31.33.0-255,66,35543,34,190261
25888,0.000261,172.31.33.0-255,66,35609,34,190261
25889,0.000264,74.125.24.0-255,426,36035,34,190261
25890,0.000266,172.31.33.0-255,66,36101,34,190261
25891,0.000708,74.125.24.0-255,1484,37585,34,190261
25892,0.000713,74.125.24.0-255,2902,40487,34,190261
25893,0.000716,172.31.33.0-255,66,40553,34,190261
25894,0.000722,74.125.24.0-255,4320,44873,34,190261
25895,0.000724,172.31.33.0-255,66,44939,34,190261
25896,0.000738,74.125.24.0-255,1484,46423,34,190261
25897,0.000742,74.125.24.0-255,2902,49325,34,190261
25898,0.000744,172.31.33.0-255,66,49391,34,190261
25899,0.000747,74.125.24.0-255,1484,50875,34,190261
25900,0.000776,172.31.33.0-255,66,50941,34,190261
25901,0.000811,172.31.33.0-255,66,51007,34,190261
25902,0.000971,74.125.24.0-255,1484,52491,34,190261
25903,0.000976,74.125.24.0-255,2902,55393,34,190261
25904,0.00098,172.31.33.0-255,66,55459,34,190261
25905,0.001002,74.125.24.0-255,5738,61197,34,190261
25906,0.001006,172.31.33.0-255,66,61263,34,190261
25907,0.001021,74.125.24.0-255,2902,64165,34,190261
25908,0.001023,172.31.33.0-255,66,64231,34,190261
25909,0.001059,172.31.33.0-255,66,64297,34,190261
25910,0.001069,172.31.33.0-255,66,64363,34,190261
25911,0.001167,74.125.24.0-255,1484,65847,34,190261
25912,0.001171,74.125.24.0-255,2902,68749,34,190261
25913,0.001212,172.31.33.0-255,66,68815,34,190261
25914,0.001232,74.125.24.0-255,5738,74553,34,190261
25915,0.001234,172.31.33.0-255,66,74619,34,190261
25916,0.001239,74.125.24.0-255,4320,78939,34,190261
25917,0.001241,172.31.33.0-255,66,79005,34,190261
25918,0.001251,172.31.33.0-255,66,79071,34,190261
25919,0.001261,172.31.33.0-255,66,79137,34,190261
25920,0.001662,74.125.24.0-255,1484,80621,34,190261
25921,0.001668,74.125.24.0-255,2902,83523,34,190261
25922,0.001671,172.31.33.0-255,66,83589,34,190261
25923,0.001674,74.125.24.0-255,1484,85073,34,190261
25924,0.001694,74.125.24.0-255,4320,89393,34,190261
25925,0.001696,172.31.33.0-255,66,89459,34,190261
25926,0.0017,74.125.24.0-255,2902,92361,34,190261
25927,0.001702,172.31.33.0-255,66,92427,34,190261
25928,0.001717,74.125.24.0-255,4320,96747,34,190261
25929,0.001719,172.31.33.0-255,66,96813,34,190261
25930,0.001724,74.125.24.0-255,2902,99715,34,190261
25931,0.001725,172.31.33.0-255,66,99781,34,190261
25932,0.001753,74.125.24.0-255,2902,102683,34,190261
25933,0.001756,172.31.33.0-255,66,102749,34,190261
25934,0.001758,172.31.33.0-255,66,102815,34,190261
25935,0.001777,74.125.24.0-255,6438,109253,34,190261
25936,0.001779,172.31.33.0-255,66,109319,34,190261
25937,0.001789,172.31.33.0-255,66,109385,34,190261
25938,0.001815,74.125.24.0-255,4320,113705,34,190261
25939,0.001817,172.31.33.0-255,66,113771,34,190261
25940,0.001843,172.31.33.0-255,66,113837,34,190261
25941,0.001898,74.125.24.0-255,1484,115321,34,190261
25942,0.001909,74.125.24.0-255,2902,118223,34,190261
25943,0.001911,172.31.33.0-255,66,118289,34,190261
25944,0.001917,74.125.24.0-255,4320,122609,34,190261
25945,0.001919,172.31.33.0-255,66,122675,34,190261
25946,0.001931,74.125.24.0-255,1484,124159,34,190261
25947,0.001944,74.125.24.0-255,5738,129897,34,190261
25948,0.001946,172.31.33.0-255,66,129963,34,190261
25949,0.001975,74.125.24.0-255,7156,137119,34,190261
25950,0.001978,172.31.33.0-255,66,137185,34,190261
25951,0.001983,74.125.24.0-255,4320,141505,34,190261
25952,0.001984,172.31.33.0-255,66,141571,34,190261
25953,0.002004,74.125.24.0-255,1484,143055,34,190261
25954,0.002028,74.125.24.0-255,5020,148075,34,190261
25955,0.002031,172.31.33.0-255,66,148141,34,190261
25956,0.002193,74.125.24.0-255,1484,149625,34,190261
25957,0.002206,74.125.24.0-255,2902,152527,34,190261
25958,0.002209,172.31.33.0-255,66,152593,34,190261
25959,0.002227,74.125.24.0-255,5738,158331,34,190261
25960,0.002229,172.31.33.0-255,66,158397,34,190261
25961,0.002249,74.125.24.0-255,2902,161299,34,190261
25962,0.002251,172.31.33.0-255,66,161365,34,190261
25963,0.002284,172.31.33.0-255,66,161431,34,190261
25964,0.002289,74.125.24.0-255,4320,165751,34,190261
25965,0.002291,172.31.33.0-255,66,165817,34,190261
25966,0.002295,74.125.24.0-255,2902,168719,34,190261
25967,0.002296,172.31.33.0-255,66,168785,34,190261
25968,0.002324,74.125.24.0-255,3602,172387,34,190261
25969,0.002327,172.31.33.0-255,66,172453,34,190261
25970,0.004556,74.125.24.0-255,2902,175355,34,190261
25971,0.004563,172.31.33.0-255,66,175421,34,190261
25972,0.004584,74.125.24.0-255,2902,178323,34,190261
25973,0.004586,172.31.33.0-255,66,178389,34,190261
25974,0.006787,74.125.24.0-255,2902,181291,34,190261
25975,0.00679,172.31.33.0-255,66,181357,34,190261
25976,0.006811,74.125.24.0-255,2902,184259,34,190261
25977,0.006813,172.31.33.0-255,66,184325,34,190261
25978,0.009019,74.125.24.0-255,2902,187227,34,190261
25979,0.009028,172.31.33.0-255,66,187293,34,190261
25980,0.009103,74.125.24.0-255,2902,190195,34,190261
25981,0.009105,172.31.33.0-255,66,190261,34,190261
25982,0.0,172.31.33.0-255,105,105,34,342
25983,0.002325,74.125.68.0-255,66,171,34,342
25984,0.002355,74.125.68.0-255,105,276,34,342
25985,0.002359,172.31.33.0-255,66,342,34,342
25986,0.0,172.217.160.0-255,159,159,34,195482
25987,2e-05,172.31.33.0-255,66,225,34,195482
25988,2.7e-05,172.217.160.0-255,1484,1709,34,195482
25989,3.1e-05,172.31.33.0-255,66,1775,34,195482
25990,3.6e-05,172.217.160.0-255,2902,4677,34,195482
25991,3.8e-05,172.31.33.0-255,66,4743,34,195482
25992,4.3e-05,172.217.160.0-255,2902,7645,34,195482
25993,4.4e-05,172.31.33.0-255,66,7711,34,195482
25994,6.4e-05,172.217.160.0-255,1484,9195,34,195482
25995,6.6e-05,172.31.33.0-255,66,9261,34,195482
25996,7.2e-05,172.217.160.0-255,4885,14146,34,195482
25997,7.4e-05,172.31.33.0-255,66,14212,34,195482
25998,0.000106,172.217.160.0-255,5738,19950,34,195482
25999,0.000108,172.31.33.0-255,66,20016,34,195482
26000,0.00013,172.217.160.0-255,5738,25754,34,195482
26001,0.000132,172.31.33.0-255,66,25820,34,195482
26002,0.000148,172.217.160.0-255,5379,31199,34,195482
26003,0.00015,172.31.33.0-255,66,31265,34,195482
26004,0.000192,172.217.160.0-255,1484,32749,34,195482
26005,0.000195,172.31.33.0-255,66,32815,34,195482
26006,0.000199,172.217.160.0-255,2902,35717,34,195482
26007,0.000201,172.31.33.0-255,66,35783,34,195482
26008,0.000225,172.217.160.0-255,5738,41521,34,195482
26009,0.000228,172.31.33.0-255,66,41587,34,195482
26010,0.000282,172.31.33.0-255,66,41653,34,195482
26011,0.000349,172.217.160.0-255,5738,47391,34,195482
26012,0.000354,172.31.33.0-255,66,47457,34,195482
26013,0.000377,172.217.160.0-255,4247,51704,34,195482
26014,0.000381,172.31.33.0-255,66,51770,34,195482
26015,0.001559,172.217.160.0-255,101,51871,34,195482
26016,0.001565,172.31.33.0-255,66,51937,34,195482
26017,0.001573,172.217.160.0-255,365,52302,34,195482
26018,0.001631,172.31.33.0-255,66,52368,34,195482
26019,0.001896,172.217.160.0-255,1484,53852,34,195482
26020,0.001902,172.217.160.0-255,1484,55336,34,195482
26021,0.001905,172.31.33.0-255,66,55402,34,195482
26022,0.001918,172.217.160.0-255,1484,56886,34,195482
26023,0.001974,172.217.160.0-255,4320,61206,34,195482
26024,0.001977,172.31.33.0-255,66,61272,34,195482
26025,0.001993,172.217.160.0-255,5738,67010,34,195482
26026,0.001995,172.31.33.0-255,66,67076,34,195482
26027,0.002022,172.217.160.0-255,1484,68560,34,195482
26028,0.002048,172.217.160.0-255,2902,71462,34,195482
26029,0.002051,172.31.33.0-255,66,71528,34,195482
26030,0.002057,172.217.160.0-255,5738,77266,34,195482
26031,0.002058,172.31.33.0-255,66,77332,34,195482
26032,0.002062,172.217.160.0-255,2902,80234,34,195482
26033,0.002064,172.31.33.0-255,66,80300,34,195482
26034,0.002083,172.217.160.0-255,4320,84620,34,195482
26035,0.002086,172.31.33.0-255,66,84686,34,195482
26036,0.002129,172.217.160.0-255,2184,86870,34,195482
26037,0.002131,172.31.33.0-255,66,86936,34,195482
26038,0.00226,172.217.160.0-255,1484,88420,34,195482
26039,0.002303,172.217.160.0-255,2902,91322,34,195482
26040,0.002307,172.31.33.0-255,66,91388,34,195482
26041,0.002313,172.217.160.0-255,5738,97126,34,195482
26042,0.002315,172.31.33.0-255,66,97192,34,195482
26043,0.002327,172.31.33.0-255,66,97258,34,195482
26044,0.002366,172.217.160.0-255,4320,101578,34,195482
26045,0.002368,172.31.33.0-255,66,101644,34,195482
26046,0.002389,172.217.160.0-255,6438,108082,34,195482
26047,0.002391,172.31.33.0-255,66,108148,34,195482
26048,0.002412,172.217.160.0-255,1484,109632,34,195482
26049,0.002469,172.217.160.0-255,1484,111116,34,195482
26050,0.002473,172.31.33.0-255,66,111182,34,195482
26051,0.002477,172.217.160.0-255,2902,114084,34,195482
26052,0.002479,172.31.33.0-255,66,114150,34,195482
26053,0.002483,172.217.160.0-255,2902,117052,34,195482
26054,0.002485,172.31.33.0-255,66,117118,34,195482
26055,0.002502,172.217.160.0-255,2902,120020,34,195482
26056,0.002504,172.31.33.0-255,66,120086,34,195482
26057,0.002508,172.217.160.0-255,4320,124406,34,195482
26058,0.00251,172.31.33.0-255,66,124472,34,195482
26059,0.002538,172.31.33.0-255,66,124538,34,195482
26060,0.002606,172.217.160.0-255,4320,128858,34,195482
26061,0.00261,172.31.33.0-255,66,128924,34,195482
26062,0.002627,172.217.160.0-255,5020,133944,34,195482
26063,0.002629,172.31.33.0-255,66,134010,34,195482
26064,0.002668,172.217.160.0-255,1484,135494,34,195482
26065,0.002673,172.217.160.0-255,2902,138396,34,195482
26066,0.002675,172.31.33.0-255,66,138462,34,195482
26067,0.002689,172.217.160.0-255,5738,144200,34,195482
26068,0.002691,172.31.33.0-255,66,144266,34,195482
26069,0.002726,172.31.33.0-255,66,144332,34,195482
26070,0.002745,172.217.160.0-255,7156,151488,34,195482
26071,0.002748,172.31.33.0-255,66,151554,34,195482
26072,0.002771,172.31.33.0-255,66,151620,34,195482
26073,0.002783,172.31.33.0-255,66,151686,34,195482
26074,0.002805,172.217.160.0-255,1484,153170,34,195482
26075,0.00283,172.31.33.0-255,66,153236,34,195482
26076,0.002848,172.217.160.0-255,3602,156838,34,195482
26077,0.00285,172.31.33.0-255,66,156904,34,195482
26078,0.002856,172.217.160.0-255,5738,162642,34,195482
26079,0.002858,172.31.33.0-255,66,162708,34,195482
26080,0.002901,172.31.33.0-255,66,162774,34,195482
26081,0.002907,172.217.160.0-255,5738,168512,34,195482
26082,0.002909,172.31.33.0-255,66,168578,34,195482
26083,0.002946,172.31.33.0-255,66,168644,34,195482
26084,0.002972,172.217.160.0-255,6438,175082,34,195482
26085,0.002976,172.31.33.0-255,66,175148,34,195482
26086,0.002994,172.31.33.0-255,66,175214,34,195482
26087,0.003036,172.217.160.0-255,4320,179534,34,195482
26088,0.003039,172.31.33.0-255,66,179600,34,195482
26089,0.003072,172.217.160.0-255,5020,184620,34,195482
26090,0.003077,172.31.33.0-255,66,184686,34,195482
26091,0.003102,172.31.33.0-255,66,184752,34,195482
26092,0.003106,172.217.160.0-255,2902,187654,34,195482
26093,0.003108,172.31.33.0-255,66,187720,34,195482
26094,0.003154,172.31.33.0-255,66,187786,34,195482
26095,0.003174,172.31.33.0-255,66,187852,34,195482
26096,0.00318,172.217.160.0-255,7156,195008,34,195482
26097,0.003183,172.31.33.0-255,66,195074,34,195482
26098,0.003231,172.31.33.0-255,66,195140,34,195482
26099,0.003235,172.217.160.0-255,105,195245,34,195482
26100,0.005712,172.31.33.0-255,66,195311,34,195482
26101,0.00578,172.31.33.0-255,105,195416,34,195482
26102,0.007381,172.217.160.0-255,66,195482,34,195482
26103,0.0,172.217.194.0-255,153,153,34,158973
26104,2.6e-05,172.31.33.0-255,66,219,34,158973
26105,3.2e-05,172.217.194.0-255,1484,1703,34,158973
26106,3.6e-05,172.31.33.0-255,66,1769,34,158973
26107,4.2e-05,172.217.194.0-255,2902,4671,34,158973
26108,4.4e-05,172.31.33.0-255,66,4737,34,158973
26109,5e-05,172.217.194.0-255,7156,11893,34,158973
26110,5.3e-05,172.31.33.0-255,66,11959,34,158973
26111,5.7e-05,172.217.194.0-255,2048,14007,34,158973
26112,5.9e-05,172.31.33.0-255,66,14073,34,158973
26113,0.000183,172.217.194.0-255,1484,15557,34,158973
26114,0.000188,172.31.33.0-255,66,15623,34,158973
26115,0.000209,172.217.194.0-255,2902,18525,34,158973
26116,0.000212,172.31.33.0-255,66,18591,34,158973
26117,0.000219,172.217.194.0-255,5738,24329,34,158973
26118,0.000221,172.31.33.0-255,66,24395,34,158973
26119,0.000274,172.31.33.0-255,66,24461,34,158973
26120,0.000286,172.31.33.0-255,66,24527,34,158973
26121,0.000308,172.217.194.0-255,3961,28488,34,158973
26122,0.000311,172.31.33.0-255,66,28554,34,158973
26123,0.000316,172.217.194.0-255,2902,31456,34,158973
26124,0.000318,172.31.33.0-255,66,31522,34,158973
26125,0.000343,172.31.33.0-255,66,31588,34,158973
26126,0.00036,172.217.194.0-255,1484,33072,34,158973
26127,0.000363,172.31.33.0-255,66,33138,34,158973
26128,0.000386,172.217.194.0-255,2850,35988,34,158973
26129,0.000389,172.31.33.0-255,66,36054,34,158973
26130,0.000985,172.217.194.0-255,98,36152,34,158973
26131,0.000991,172.31.33.0-255,66,36218,34,158973
26132,0.001074,172.217.194.0-255,1484,37702,34,158973
26133,0.001081,172.217.194.0-255,2902,40604,34,158973
26134,0.001085,172.31.33.0-255,66,40670,34,158973
26135,0.001107,172.217.194.0-255,5738,46408,34,158973
26136,0.00111,172.31.33.0-255,66,46474,34,158973
26137,0.001127,172.217.194.0-255,5738,52212,34,158973
26138,0.001129,172.31.33.0-255,66,52278,34,158973
26139,0.001166,172.31.33.0-255,66,52344,34,158973
26140,0.001177,172.31.33.0-255,66,52410,34,158973
26141,0.001921,172.217.194.0-255,1484,53894,34,158973
26142,0.001928,172.217.194.0-255,2902,56796,34,158973
26143,0.001931,172.31.33.0-255,66,56862,34,158973
26144,0.001934,172.217.194.0-255,1484,58346,34,158973
26145,0.001952,172.217.194.0-255,4320,62666,34,158973
26146,0.001954,172.31.33.0-255,66,62732,34,158973
26147,0.001959,172.217.194.0-255,5738,68470,34,158973
26148,0.001961,172.31.33.0-255,66,68536,34,158973
26149,0.001988,172.217.194.0-255,7156,75692,34,158973
26150,0.00199,172.31.33.0-255,66,75758,34,158973
26151,0.002034,172.31.33.0-255,66,75824,34,158973
26152,0.002038,172.217.194.0-255,2902,78726,34,158973
26153,0.002039,172.31.33.0-255,66,78792,34,158973
26154,0.002055,172.31.33.0-255,66,78858,34,158973
26155,0.002072,172.217.194.0-255,7156,86014,34,158973
26156,0.002074,172.31.33.0-255,66,86080,34,158973
26157,0.002094,172.31.33.0-255,66,86146,34,158973
26158,0.002118,172.217.194.0-255,4320,90466,34,158973
26159,0.00212,172.31.33.0-255,66,90532,34,158973
26160,0.002142,172.31.33.0-255,66,90598,34,158973
26161,0.002147,172.217.194.0-255,4320,94918,34,158973
26162,0.002149,172.31.33.0-255,66,94984,34,158973
26163,0.002177,172.31.33.0-255,66,95050,34,158973
26164,0.002212,172.217.194.0-255,4320,99370,34,158973
26165,0.002214,172.31.33.0-255,66,99436,34,158973
26166,0.002244,172.217.194.0-255,5020,104456,34,158973
26167,0.002246,172.31.33.0-255,66,104522,34,158973
26168,0.002255,172.31.33.0-255,66,104588,34,158973
26169,0.002266,172.31.33.0-255,66,104654,34,158973
26170,0.002274,172.31.33.0-255,66,104720,34,158973
26171,0.002302,172.217.194.0-255,2902,107622,34,158973
26172,0.002304,172.31.33.0-255,66,107688,34,158973
26173,0.002324,172.217.194.0-255,5738,113426,34,158973
26174,0.002326,172.31.33.0-255,66,113492,34,158973
26175,0.002329,172.217.194.0-255,2902,116394,34,158973
26176,0.00233,172.31.33.0-255,66,116460,34,158973
26177,0.002335,172.217.194.0-255,4320,120780,34,158973
26178,0.002337,172.31.33.0-255,66,120846,34,158973
26179,0.002369,172.31.33.0-255,66,120912,34,158973
26180,0.002378,172.31.33.0-255,66,120978,34,158973
26181,0.002381,172.217.194.0-255,2902,123880,34,158973
26182,0.002382,172.31.33.0-255,66,123946,34,158973
26183,0.002396,172.217.194.0-255,5738,129684,34,158973
26184,0.002398,172.31.33.0-255,66,129750,34,158973
26185,0.002411,172.217.194.0-255,1484,131234,34,158973
26186,0.002435,172.31.33.0-255,66,131300,34,158973
26187,0.002455,172.217.194.0-255,5738,137038,34,158973
26188,0.002457,172.31.33.0-255,66,137104,34,158973
26189,0.002459,172.217.194.0-255,1484,138588,34,158973
26190,0.002473,172.217.194.0-255,766,139354,34,158973
26191,0.002475,172.31.33.0-255,66,139420,34,158973
26192,0.002717,172.217.194.0-255,1484,140904,34,158973
26193,0.002721,172.217.194.0-255,2902,143806,34,158973
26194,0.002723,172.31.33.0-255,66,143872,34,158973
26195,0.00274,172.217.194.0-255,4320,148192,34,158973
26196,0.002742,172.31.33.0-255,66,148258,34,158973
26197,0.002756,172.217.194.0-255,1484,149742,34,158973
26198,0.002759,172.217.194.0-255,1484,151226,34,158973
26199,0.00276,172.31.33.0-255,66,151292,34,158973
26200,0.002784,172.31.33.0-255,66,151358,34,158973
26201,0.002793,172.31.33.0-255,66,151424,34,158973
26202,0.002832,172.217.194.0-255,4320,155744,34,158973
26203,0.002835,172.31.33.0-255,66,155810,34,158973
26204,0.002861,172.31.33.0-255,66,155876,34,158973
26205,0.002876,172.217.194.0-255,766,156642,34,158973
26206,0.002884,172.31.33.0-255,66,156708,34,158973
26207,0.002908,172.31.33.0-255,66,156774,34,158973
26208,0.002946,172.31.33.0-255,66,156840,34,158973
26209,0.002964,172.31.33.0-255,66,156906,34,158973
26210,0.002968,172.217.194.0-255,1799,158705,34,158973
26211,0.00297,172.31.33.0-255,66,158771,34,158973
26212,0.002972,172.217.194.0-255,97,158868,34,158973
26213,0.00299,172.217.194.0-255,105,158973,34,158973
26214,0.0,74.125.130.0-255,159,159,34,294115
26215,1.5e-05,172.31.33.0-255,66,225,34,294115
26216,4.2e-05,74.125.130.0-255,1484,1709,34,294115
26217,4.7e-05,172.31.33.0-255,66,1775,34,294115
26218,5.3e-05,74.125.130.0-255,2902,4677,34,294115
26219,5.6e-05,172.31.33.0-255,66,4743,34,294115
26220,6.1e-05,74.125.130.0-255,5738,10481,34,294115
26221,6.4e-05,172.31.33.0-255,66,10547,34,294115
26222,9.1e-05,74.125.130.0-255,3474,14021,34,294115
26223,9.4e-05,172.31.33.0-255,66,14087,34,294115
26224,0.000131,74.125.130.0-255,1484,15571,34,294115
26225,0.000134,172.31.33.0-255,66,15637,34,294115
26226,0.000138,74.125.130.0-255,2902,18539,34,294115
26227,0.00014,172.31.33.0-255,66,18605,34,294115
26228,0.000164,74.125.130.0-255,5738,24343,34,294115
26229,0.000166,172.31.33.0-255,66,24409,34,294115
26230,0.000194,74.125.130.0-255,6797,31206,34,294115
26231,0.000197,172.31.33.0-255,66,31272,34,294115
26232,0.000283,74.125.130.0-255,1484,32756,34,294115
26233,0.000287,172.31.33.0-255,66,32822,34,294115
26234,0.00031,74.125.130.0-255,2902,35724,34,294115
26235,0.000313,172.31.33.0-255,66,35790,34,294115
26236,0.000318,74.125.130.0-255,2902,38692,34,294115
26237,0.00032,172.31.33.0-255,66,38758,34,294115
26238,0.000346,74.125.130.0-255,2902,41660,34,294115
26239,0.000348,172.31.33.0-255,66,41726,34,294115
26240,0.000354,74.125.130.0-255,5738,47464,34,294115
26241,0.000356,172.31.33.0-255,66,47530,34,294115
26242,0.000387,74.125.130.0-255,6797,54327,34,294115
26243,0.000389,172.31.33.0-255,66,54393,34,294115
26244,0.000393,74.125.130.0-255,2902,57295,34,294115
26245,0.000396,172.31.33.0-255,66,57361,34,294115
26246,0.000459,172.31.33.0-255,66,57427,34,294115
26247,0.000905,74.125.130.0-255,646,58073,34,294115
26248,0.000985,74.125.130.0-255,1484,59557,34,294115
26249,0.000989,172.31.33.0-255,66,59623,34,294115
26250,0.000995,74.125.130.0-255,2902,62525,34,294115
26251,0.000997,172.31.33.0-255,66,62591,34,294115
26252,0.001001,74.125.130.0-255,2902,65493,34,294115
26253,0.001003,172.31.33.0-255,66,65559,34,294115
26254,0.001028,74.125.130.0-255,2902,68461,34,294115
26255,0.001031,172.31.33.0-255,66,68527,34,294115
26256,0.001068,74.125.130.0-255,4320,72847,34,294115
26257,0.001071,172.31.33.0-255,66,72913,34,294115
26258,0.001097,74.125.130.0-255,2543,75456,34,294115
26259,0.0011,172.31.33.0-255,66,75522,34,294115
26260,0.001107,74.125.130.0-255,7156,82678,34,294115
26261,0.001109,172.31.33.0-255,66,82744,34,294115
26262,0.001118,74.125.130.0-255,5738,88482,34,294115
26263,0.00112,172.31.33.0-255,66,88548,34,294115
26264,0.001151,74.125.130.0-255,3961,92509,34,294115
26265,0.001154,172.31.33.0-255,66,92575,34,294115
26266,0.001798,74.125.130.0-255,1484,94059,34,294115
26267,0.001808,74.125.130.0-255,2902,96961,34,294115
26268,0.001812,172.31.33.0-255,66,97027,34,294115
26269,0.001843,74.125.130.0-255,5738,102765,34,294115
26270,0.001846,172.31.33.0-255,66,102831,34,294115
26271,0.001858,172.31.33.0-255,66,102897,34,294115
26272,0.001866,74.125.130.0-255,2902,105799,34,294115
26273,0.001868,172.31.33.0-255,66,105865,34,294115
26274,0.001894,74.125.130.0-255,2902,108767,34,294115
26275,0.001896,172.31.33.0-255,66,108833,34,294115
26276,0.001926,74.125.130.0-255,5020,113853,34,294115
26277,0.001928,172.31.33.0-255,66,113919,34,294115
26278,0.002015,74.125.130.0-255,1484,115403,34,294115
26279,0.002021,74.125.130.0-255,2902,118305,34,294115
26280,0.002024,172.31.33.0-255,66,118371,34,294115
26281,0.002055,74.125.130.0-255,5738,124109,34,294115
26282,0.002057,172.31.33.0-255,66,124175,34,294115
26283,0.002064,74.125.130.0-255,7156,131331,34,294115
26284,0.002066,172.31.33.0-255,66,131397,34,294115
26285,0.002069,74.125.130.0-255,1484,132881,34,294115
26286,0.002093,74.125.130.0-255,7156,140037,34,294115
26287,0.002095,172.31.33.0-255,66,140103,34,294115
26288,0.002099,74.125.130.0-255,1484,141587,34,294115
26289,0.002122,74.125.130.0-255,6438,148025,34,294115
26290,0.002125,172.31.33.0-255,66,148091,34,294115
26291,0.002274,74.125.130.0-255,1484,149575,34,294115
26292,0.002284,74.125.130.0-255,1484,151059,34,294115
26293,0.002286,172.31.33.0-255,66,151125,34,294115
26294,0.00231,74.125.130.0-255,1484,152609,34,294115
26295,0.002317,74.125.130.0-255,5738,158347,34,294115
26296,0.002319,172.31.33.0-255,66,158413,34,294115
26297,0.002324,74.125.130.0-255,4320,162733,34,294115
26298,0.002326,172.31.33.0-255,66,162799,34,294115
26299,0.002352,74.125.130.0-255,2902,165701,34,294115
26300,0.002354,172.31.33.0-255,66,165767,34,294115
26301,0.002365,172.31.33.0-255,66,165833,34,294115
26302,0.002389,74.125.130.0-255,4320,170153,34,294115
26303,0.002391,172.31.33.0-255,66,170219,34,294115
26304,0.002395,74.125.130.0-255,2184,172403,34,294115
26305,0.0024,172.31.33.0-255,66,172469,34,294115
26306,0.002541,74.125.130.0-255,1484,173953,34,294115
26307,0.002555,74.125.130.0-255,2902,176855,34,294115
26308,0.002558,172.31.33.0-255,66,176921,34,294115
26309,0.002573,74.125.130.0-255,1484,178405,34,294115
26310,0.002581,74.125.130.0-255,1484,179889,34,294115
26311,0.002583,172.31.33.0-255,66,179955,34,294115
26312,0.002608,74.125.130.0-255,5738,185693,34,294115
26313,0.00261,172.31.33.0-255,66,185759,34,294115
26314,0.002615,74.125.130.0-255,4320,190079,34,294115
26315,0.002617,172.31.33.0-255,66,190145,34,294115
26316,0.002641,74.125.130.0-255,5738,195883,34,294115
26317,0.002643,172.31.33.0-255,66,195949,34,294115
26318,0.002663,74.125.130.0-255,4320,200269,34,294115
26319,0.002665,172.31.33.0-255,66,200335,34,294115
26320,0.002695,74.125.130.0-255,6438,206773,34,294115
26321,0.002697,172.31.33.0-255,66,206839,34,294115
26322,0.0027,74.125.130.0-255,1484,208323,34,294115
26323,0.002716,74.125.130.0-255,4320,212643,34,294115
26324,0.002718,172.31.33.0-255,66,212709,34,294115
26325,0.00276,172.31.33.0-255,66,212775,34,294115
26326,0.002763,74.125.130.0-255,2902,215677,34,294115
26327,0.002765,172.31.33.0-255,66,215743,34,294115
26328,0.002768,74.125.130.0-255,1484,217227,34,294115
26329,0.002773,74.125.130.0-255,5738,222965,34,294115
26330,0.002792,172.31.33.0-255,66,223031,34,294115
26331,0.002803,172.31.33.0-255,66,223097,34,294115
26332,0.002806,74.125.130.0-255,2902,225999,34,294115
26333,0.002856,172.31.33.0-255,66,226065,34,294115
26334,0.002864,74.125.130.0-255,4320,230385,34,294115
26335,0.002867,172.31.33.0-255,66,230451,34,294115
26336,0.002872,74.125.130.0-255,4320,234771,34,294115
26337,0.002874,172.31.33.0-255,66,234837,34,294115
26338,0.00288,74.125.130.0-255,7156,241993,34,294115
26339,0.002882,172.31.33.0-255,66,242059,34,294115
26340,0.002911,74.125.130.0-255,2902,244961,34,294115
26341,0.002913,172.31.33.0-255,66,245027,34,294115
26342,0.002918,74.125.130.0-255,4320,249347,34,294115
26343,0.00292,172.31.33.0-255,66,249413,34,294115
26344,0.002923,74.125.130.0-255,1484,250897,34,294115
26345,0.002929,74.125.130.0-255,6438,257335,34,294115
26346,0.002932,172.31.33.0-255,66,257401,34,294115
26347,0.002934,74.125.130.0-255,1484,258885,34,294115
26348,0.002938,74.125.130.0-255,2902,261787,34,294115
26349,0.00294,172.31.33.0-255,66,261853,34,294115
26350,0.002945,74.125.130.0-255,4320,266173,34,294115
26351,0.002948,172.31.33.0-255,66,266239,34,294115
26352,0.002959,172.31.33.0-255,66,266305,34,294115
26353,0.002988,74.125.130.0-255,5738,272043,34,294115
26354,0.002991,172.31.33.0-255,66,272109,34,294115
26355,0.003029,172.31.33.0-255,66,272175,34,294115
26356,0.003041,172.31.33.0-255,66,272241,34,294115
26357,0.003064,74.125.130.0-255,4320,276561,34,294115
26358,0.003066,172.31.33.0-255,66,276627,34,294115
26359,0.003079,74.125.130.0-255,2902,279529,34,294115
26360,0.003081,172.31.33.0-255,66,279595,34,294115
26361,0.003121,172.31.33.0-255,66,279661,34,294115
26362,0.003146,74.125.130.0-255,5738,285399,34,294115
26363,0.003149,172.31.33.0-255,66,285465,34,294115
26364,0.003179,172.31.33.0-255,66,285531,34,294115
26365,0.003184,74.125.130.0-255,4320,289851,34,294115
26366,0.003186,172.31.33.0-255,66,289917,34,294115
26367,0.003204,74.125.130.0-255,4027,293944,34,294115
26368,0.00321,172.31.33.0-255,66,294010,34,294115
26369,0.003231,74.125.130.0-255,105,294115,34,294115
26370,0.0,172.217.194.0-255,150,150,34,211016
26371,2.4e-05,172.31.33.0-255,66,216,34,211016
26372,3e-05,172.217.194.0-255,1484,1700,34,211016
26373,3.4e-05,172.31.33.0-255,66,1766,34,211016
26374,3.9e-05,172.217.194.0-255,2902,4668,34,211016
26375,4.1e-05,172.31.33.0-255,66,4734,34,211016
26376,4.6e-05,172.217.194.0-255,4320,9054,34,211016
26377,4.8e-05,172.31.33.0-255,66,9120,34,211016
26378,6e-05,172.217.194.0-255,2902,12022,34,211016
26379,6.2e-05,172.31.33.0-255,66,12088,34,211016
26380,6.6e-05,172.217.194.0-255,2091,14179,34,211016
26381,6.7e-05,172.31.33.0-255,66,14245,34,211016
26382,0.000129,172.217.194.0-255,5738,19983,34,211016
26383,0.000133,172.31.33.0-255,66,20049,34,211016
26384,0.000152,172.217.194.0-255,5738,25787,34,211016
26385,0.000154,172.31.33.0-255,66,25853,34,211016
26386,0.00016,172.217.194.0-255,4320,30173,34,211016
26387,0.000162,172.31.33.0-255,66,30239,34,211016
26388,0.000167,172.217.194.0-255,1125,31364,34,211016
26389,0.000169,172.31.33.0-255,66,31430,34,211016
26390,0.000171,172.217.194.0-255,1484,32914,34,211016
26391,0.000173,172.31.33.0-255,66,32980,34,211016
26392,0.000218,172.217.194.0-255,4320,37300,34,211016
26393,0.00022,172.31.33.0-255,66,37366,34,211016
26394,0.000229,172.31.33.0-255,66,37432,34,211016
26395,0.000231,172.217.194.0-255,1125,38557,34,211016
26396,0.000235,172.31.33.0-255,66,38623,34,211016
26397,0.000318,172.217.194.0-255,1484,40107,34,211016
26398,0.000322,172.31.33.0-255,66,40173,34,211016
26399,0.000326,172.217.194.0-255,2902,43075,34,211016
26400,0.000329,172.31.33.0-255,66,43141,34,211016
26401,0.000354,172.217.194.0-255,5738,48879,34,211016
26402,0.000357,172.31.33.0-255,66,48945,34,211016
26403,0.000377,172.217.194.0-255,4320,53265,34,211016
26404,0.00038,172.31.33.0-255,66,53331,34,211016
26405,0.000392,172.217.194.0-255,2840,56171,34,211016
26406,0.000396,172.31.33.0-255,66,56237,34,211016
26407,0.000557,172.217.194.0-255,380,56617,34,211016
26408,0.000687,172.31.33.0-255,66,56683,34,211016
26409,0.000776,172.217.194.0-255,1484,58167,34,211016
26410,0.000783,172.217.194.0-255,2902,61069,34,211016
26411,0.000786,172.31.33.0-255,66,61135,34,211016
26412,0.000793,172.217.194.0-255,5738,66873,34,211016
26413,0.000794,172.31.33.0-255,66,66939,34,211016
26414,0.000826,172.217.194.0-255,4320,71259,34,211016
26415,0.000828,172.31.33.0-255,66,71325,34,211016
26416,0.00086,172.31.33.0-255,66,71391,34,211016
26417,0.00087,172.31.33.0-255,66,71457,34,211016
26418,0.001878,172.217.194.0-255,1484,72941,34,211016
26419,0.001885,172.217.194.0-255,2902,75843,34,211016
26420,0.001889,172.31.33.0-255,66,75909,34,211016
26421,0.001894,172.217.194.0-255,2902,78811,34,211016
26422,0.001895,172.31.33.0-255,66,78877,34,211016
26423,0.001908,172.217.194.0-255,2902,81779,34,211016
26424,0.001909,172.31.33.0-255,66,81845,34,211016
26425,0.001913,172.217.194.0-255,2902,84747,34,211016
26426,0.001915,172.31.33.0-255,66,84813,34,211016
26427,0.001942,172.217.194.0-255,2902,87715,34,211016
26428,0.001943,172.31.33.0-255,66,87781,34,211016
26429,0.001949,172.217.194.0-255,7156,94937,34,211016
26430,0.001951,172.31.33.0-255,66,95003,34,211016
26431,0.001971,172.217.194.0-255,4320,99323,34,211016
26432,0.001973,172.31.33.0-255,66,99389,34,211016
26433,0.001991,172.217.194.0-255,6438,105827,34,211016
26434,0.001993,172.31.33.0-255,66,105893,34,211016
26435,0.003879,172.217.194.0-255,1484,107377,34,211016
26436,0.003883,172.217.194.0-255,2902,110279,34,211016
26437,0.003885,172.31.33.0-255,66,110345,34,211016
26438,0.00389,172.217.194.0-255,4320,114665,34,211016
26439,0.003892,172.31.33.0-255,66,114731,34,211016
26440,0.003901,172.217.194.0-255,1484,116215,34,211016
26441,0.003915,172.217.194.0-255,2902,119117,34,211016
26442,0.003918,172.31.33.0-255,66,119183,34,211016
26443,0.003942,172.31.33.0-255,66,119249,34,211016
26444,0.003955,172.217.194.0-255,7156,126405,34,211016
26445,0.003957,172.31.33.0-255,66,126471,34,211016
26446,0.003973,172.217.194.0-255,3602,130073,34,211016
26447,0.003975,172.31.33.0-255,66,130139,34,211016
26448,0.004007,172.217.194.0-255,7156,137295,34,211016
26449,0.004012,172.217.194.0-255,5738,143033,34,211016
26450,0.004028,172.217.194.0-255,2902,145935,34,211016
26451,0.004076,172.217.194.0-255,2902,148837,34,211016
26452,0.004104,172.217.194.0-255,1484,150321,34,211016
26453,0.004148,172.217.194.0-255,5738,156059,34,211016
26454,0.00423,172.217.194.0-255,4320,160379,34,211016
26455,0.004279,172.217.194.0-255,6438,166817,34,211016
26456,0.004286,172.217.194.0-255,7156,173973,34,211016
26457,0.004312,172.217.194.0-255,7156,181129,34,211016
26458,0.004322,172.217.194.0-255,1484,182613,34,211016
26459,0.004326,172.31.33.0-255,78,182691,34,211016
26460,0.00434,172.31.33.0-255,78,182769,34,211016
26461,0.004353,172.217.194.0-255,2184,184953,34,211016
26462,0.004357,172.217.194.0-255,1484,186437,34,211016
26463,0.004414,172.217.194.0-255,1484,187921,34,211016
26464,0.004427,172.217.194.0-255,2902,190823,34,211016
26465,0.004438,172.217.194.0-255,1484,192307,34,211016
26466,0.004452,172.217.194.0-255,4320,196627,34,211016
26467,0.004481,172.217.194.0-255,4320,200947,34,211016
26468,0.004498,172.217.194.0-255,4320,205267,34,211016
26469,0.004513,172.217.194.0-255,4320,209587,34,211016
26470,0.004516,172.217.194.0-255,1258,210845,34,211016
26471,0.004538,172.217.194.0-255,105,210950,34,211016
26472,0.009391,172.31.33.0-255,66,211016,34,211016
26473,0.0,172.217.194.0-255,143,143,34,182932
26474,3.3e-05,172.31.33.0-255,66,209,34,182932
26475,3.9e-05,172.217.194.0-255,1484,1693,34,182932
26476,4.4e-05,172.31.33.0-255,66,1759,34,182932
26477,4.8e-05,172.217.194.0-255,2902,4661,34,182932
26478,5e-05,172.31.33.0-255,66,4727,34,182932
26479,5.7e-05,172.217.194.0-255,7156,11883,34,182932
26480,6e-05,172.31.33.0-255,66,11949,34,182932
26481,6.9e-05,172.217.194.0-255,7156,19105,34,182932
26482,7.1e-05,172.31.33.0-255,66,19171,34,182932
26483,0.0001,172.217.194.0-255,4927,24098,34,182932
26484,0.000103,172.31.33.0-255,66,24164,34,182932
26485,0.00011,172.217.194.0-255,6797,30961,34,182932
26486,0.000112,172.31.33.0-255,66,31027,34,182932
26487,0.000206,172.217.194.0-255,1484,32511,34,182932
26488,0.000209,172.31.33.0-255,66,32577,34,182932
26489,0.000216,172.217.194.0-255,2902,35479,34,182932
26490,0.000219,172.31.33.0-255,66,35545,34,182932
26491,0.000223,172.217.194.0-255,2902,38447,34,182932
26492,0.000225,172.31.33.0-255,66,38513,34,182932
26493,0.000244,172.217.194.0-255,1484,39997,34,182932
26494,0.000246,172.31.33.0-255,66,40063,34,182932
26495,0.000251,172.217.194.0-255,4320,44383,34,182932
26496,0.000252,172.31.33.0-255,66,44449,34,182932
26497,0.000263,172.217.194.0-255,1484,45933,34,182932
26498,0.000265,172.31.33.0-255,66,45999,34,182932
26499,0.000282,172.217.194.0-255,4320,50319,34,182932
26500,0.000284,172.31.33.0-255,66,50385,34,182932
26501,0.000318,172.31.33.0-255,66,50451,34,182932
26502,0.000336,172.217.194.0-255,4320,54771,34,182932
26503,0.000338,172.31.33.0-255,66,54837,34,182932
26504,0.000352,172.217.194.0-255,2834,57671,34,182932
26505,0.000355,172.31.33.0-255,66,57737,34,182932
26506,0.000714,172.217.194.0-255,365,58102,34,182932
26507,0.000817,172.217.194.0-255,1484,59586,34,182932
26508,0.000821,172.31.33.0-255,66,59652,34,182932
26509,0.000851,172.217.194.0-255,2902,62554,34,182932
26510,0.000855,172.31.33.0-255,66,62620,34,182932
26511,0.000859,172.217.194.0-255,4320,66940,34,182932
26512,0.000861,172.31.33.0-255,66,67006,34,182932
26513,0.000873,172.217.194.0-255,1484,68490,34,182932
26514,0.000907,172.31.33.0-255,66,68556,34,182932
26515,0.000968,172.31.33.0-255,66,68622,34,182932
26516,0.00128,172.217.194.0-255,1484,70106,34,182932
26517,0.001304,172.217.194.0-255,2902,73008,34,182932
26518,0.001308,172.31.33.0-255,66,73074,34,182932
26519,0.001315,172.217.194.0-255,5738,78812,34,182932
26520,0.001317,172.31.33.0-255,66,78878,34,182932
26521,0.001355,172.31.33.0-255,66,78944,34,182932
26522,0.001358,172.217.194.0-255,2902,81846,34,182932
26523,0.001361,172.31.33.0-255,66,81912,34,182932
26524,0.001363,172.217.194.0-255,1484,83396,34,182932
26525,0.001381,172.217.194.0-255,6438,89834,34,182932
26526,0.001383,172.31.33.0-255,66,89900,34,182932
26527,0.001431,172.217.194.0-255,1484,91384,34,182932
26528,0.001449,172.217.194.0-255,2902,94286,34,182932
26529,0.001451,172.31.33.0-255,66,94352,34,182932
26530,0.001456,172.217.194.0-255,4320,98672,34,182932
26531,0.001458,172.31.33.0-255,66,98738,34,182932
26532,0.001468,172.217.194.0-255,1484,100222,34,182932
26533,0.001472,172.217.194.0-255,2902,103124,34,182932
26534,0.001474,172.31.33.0-255,66,103190,34,182932
26535,0.001487,172.217.194.0-255,2902,106092,34,182932
26536,0.001489,172.31.33.0-255,66,106158,34,182932
26537,0.001518,172.217.194.0-255,5738,111896,34,182932
26538,0.00152,172.31.33.0-255,66,111962,34,182932
26539,0.001534,172.217.194.0-255,7156,119118,34,182932
26540,0.001536,172.31.33.0-255,66,119184,34,182932
26541,0.001575,172.217.194.0-255,4320,123504,34,182932
26542,0.001578,172.31.33.0-255,66,123570,34,182932
26543,0.001589,172.217.194.0-255,766,124336,34,182932
26544,0.0023,172.217.194.0-255,1484,125820,34,182932
26545,0.002302,172.31.33.0-255,66,125886,34,182932
26546,0.002306,172.217.194.0-255,1484,127370,34,182932
26547,0.002317,172.217.194.0-255,1484,128854,34,182932
26548,0.002319,172.31.33.0-255,66,128920,34,182932
26549,0.002325,172.217.194.0-255,4320,133240,34,182932
26550,0.002327,172.31.33.0-255,66,133306,34,182932
26551,0.002351,172.217.194.0-255,1484,134790,34,182932
26552,0.002357,172.217.194.0-255,5738,140528,34,182932
26553,0.002359,172.31.33.0-255,66,140594,34,182932
26554,0.00237,172.31.33.0-255,66,140660,34,182932
26555,0.002395,172.217.194.0-255,2902,143562,34,182932
26556,0.002398,172.31.33.0-255,66,143628,34,182932
26557,0.002403,172.217.194.0-255,5020,148648,34,182932
26558,0.002405,172.31.33.0-255,66,148714,34,182932
26559,0.002671,172.217.194.0-255,1484,150198,34,182932
26560,0.002683,172.217.194.0-255,2902,153100,34,182932
26561,0.002685,172.31.33.0-255,66,153166,34,182932
26562,0.002715,172.217.194.0-255,5738,158904,34,182932
26563,0.002717,172.31.33.0-255,66,158970,34,182932
26564,0.00272,172.217.194.0-255,1484,160454,34,182932
26565,0.002741,172.31.33.0-255,66,160520,34,182932
26566,0.002765,172.217.194.0-255,2902,163422,34,182932
26567,0.002767,172.31.33.0-255,66,163488,34,182932
26568,0.002777,172.31.33.0-255,66,163554,34,182932
26569,0.002811,172.217.194.0-255,2902,166456,34,182932
26570,0.002814,172.31.33.0-255,66,166522,34,182932
26571,0.002837,172.31.33.0-255,66,166588,34,182932
26572,0.002866,172.217.194.0-255,5738,172326,34,182932
26573,0.00287,172.31.33.0-255,66,172392,34,182932
26574,0.002882,172.31.33.0-255,66,172458,34,182932
26575,0.002909,172.31.33.0-255,66,172524,34,182932
26576,0.002956,172.31.33.0-255,66,172590,34,182932
26577,0.002996,172.31.33.0-255,66,172656,34,182932
26578,0.003022,172.31.33.0-255,66,172722,34,182932
26579,0.003028,172.217.194.0-255,5738,178460,34,182932
26580,0.00303,172.31.33.0-255,66,178526,34,182932
26581,0.003077,172.31.33.0-255,66,178592,34,182932
26582,0.003097,172.217.194.0-255,2184,180776,34,182932
26583,0.0031,172.31.33.0-255,66,180842,34,182932
26584,0.00312,172.31.33.0-255,66,180908,34,182932
26585,0.003146,172.31.33.0-255,66,180974,34,182932
26586,0.003149,172.217.194.0-255,1340,182314,34,182932
26587,0.003152,172.217.194.0-255,105,182419,34,182932
26588,0.007025,172.31.33.0-255,105,182524,34,182932
26589,0.007149,172.31.33.0-255,66,182590,34,182932
26590,0.007171,172.31.33.0-255,105,182695,34,182932
26591,0.009089,157.240.7.0-255,105,182800,34,182932
26592,0.009112,172.31.33.0-255,66,182866,34,182932
26593,0.009494,172.217.194.0-255,66,182932,34,182932
26594,0.0,172.217.194.0-255,153,153,34,229681
26595,1.5e-05,172.31.33.0-255,66,219,34,229681
26596,2.5e-05,172.217.194.0-255,1484,1703,34,229681
26597,2.8e-05,172.31.33.0-255,66,1769,34,229681
26598,3.5e-05,172.217.194.0-255,2902,4671,34,229681
26599,3.8e-05,172.31.33.0-255,66,4737,34,229681
26600,4.6e-05,172.217.194.0-255,7156,11893,34,229681
26601,4.9e-05,172.31.33.0-255,66,11959,34,229681
26602,5.4e-05,172.217.194.0-255,1993,13952,34,229681
26603,5.7e-05,172.31.33.0-255,66,14018,34,229681
26604,0.000263,172.217.194.0-255,1484,15502,34,229681
26605,0.000268,172.31.33.0-255,66,15568,34,229681
26606,0.000275,172.217.194.0-255,2902,18470,34,229681
26607,0.000278,172.31.33.0-255,66,18536,34,229681
26608,0.000281,172.217.194.0-255,1484,20020,34,229681
26609,0.000283,172.31.33.0-255,66,20086,34,229681
26610,0.000312,172.217.194.0-255,4320,24406,34,229681
26611,0.000315,172.31.33.0-255,66,24472,34,229681
26612,0.000319,172.217.194.0-255,1484,25956,34,229681
26613,0.00032,172.31.33.0-255,66,26022,34,229681
26614,0.000357,172.217.194.0-255,2902,28924,34,229681
26615,0.00036,172.31.33.0-255,66,28990,34,229681
26616,0.000373,172.217.194.0-255,2543,31533,34,229681
26617,0.000375,172.31.33.0-255,66,31599,34,229681
26618,0.000444,172.217.194.0-255,1484,33083,34,229681
26619,0.000447,172.31.33.0-255,66,33149,34,229681
26620,0.000469,172.217.194.0-255,2902,36051,34,229681
26621,0.000472,172.31.33.0-255,66,36117,34,229681
26622,0.00048,172.217.194.0-255,5738,41855,34,229681
26623,0.000482,172.31.33.0-255,66,41921,34,229681
26624,0.000487,172.217.194.0-255,2902,44823,34,229681
26625,0.000489,172.31.33.0-255,66,44889,34,229681
26626,0.000544,172.31.33.0-255,66,44955,34,229681
26627,0.000555,172.31.33.0-255,66,45021,34,229681
26628,0.000558,172.217.194.0-255,1413,46434,34,229681
26629,0.000589,172.217.194.0-255,99,46533,34,229681
26630,0.000775,172.217.194.0-255,1484,48017,34,229681
26631,0.00078,172.31.33.0-255,66,48083,34,229681
26632,0.000786,172.217.194.0-255,2902,50985,34,229681
26633,0.000788,172.31.33.0-255,66,51051,34,229681
26634,0.000816,172.217.194.0-255,5738,56789,34,229681
26635,0.000819,172.31.33.0-255,66,56855,34,229681
26636,0.000826,172.217.194.0-255,5738,62593,34,229681
26637,0.000828,172.31.33.0-255,66,62659,34,229681
26638,0.000845,172.217.194.0-255,4320,66979,34,229681
26639,0.000847,172.31.33.0-255,66,67045,34,229681
26640,0.000882,172.31.33.0-255,66,67111,34,229681
26641,0.000888,172.217.194.0-255,5020,72131,34,229681
26642,0.00089,172.31.33.0-255,66,72197,34,229681
26643,0.000892,172.217.194.0-255,364,72561,34,229681
26644,0.001104,172.217.194.0-255,1484,74045,34,229681
26645,0.001108,172.31.33.0-255,66,74111,34,229681
26646,0.001113,172.217.194.0-255,2902,77013,34,229681
26647,0.001115,172.31.33.0-255,66,77079,34,229681
26648,0.001142,172.217.194.0-255,5738,82817,34,229681
26649,0.001145,172.31.33.0-255,66,82883,34,229681
26650,0.001151,172.217.194.0-255,4320,87203,34,229681
26651,0.001153,172.31.33.0-255,66,87269,34,229681
26652,0.001176,172.31.33.0-255,66,87335,34,229681
26653,0.001179,172.217.194.0-255,1484,88819,34,229681
26654,0.001212,172.31.33.0-255,66,88885,34,229681
26655,0.002395,172.217.194.0-255,1484,90369,34,229681
26656,0.002406,172.217.194.0-255,2902,93271,34,229681
26657,0.002411,172.31.33.0-255,66,93337,34,229681
26658,0.00242,172.217.194.0-255,5738,99075,34,229681
26659,0.002422,172.31.33.0-255,66,99141,34,229681
26660,0.002461,172.31.33.0-255,66,99207,34,229681
26661,0.002466,172.217.194.0-255,2902,102109,34,229681
26662,0.002468,172.31.33.0-255,66,102175,34,229681
26663,0.002498,172.31.33.0-255,66,102241,34,229681
26664,0.002631,172.217.194.0-255,1484,103725,34,229681
26665,0.002647,172.217.194.0-255,2902,106627,34,229681
26666,0.00265,172.31.33.0-255,66,106693,34,229681
26667,0.002656,172.217.194.0-255,4320,111013,34,229681
26668,0.002658,172.31.33.0-255,66,111079,34,229681
26669,0.002676,172.217.194.0-255,1484,112563,34,229681
26670,0.002679,172.217.194.0-255,1484,114047,34,229681
26671,0.002681,172.31.33.0-255,66,114113,34,229681
26672,0.002685,172.217.194.0-255,1484,115597,34,229681
26673,0.002724,172.217.194.0-255,1484,117081,34,229681
26674,0.002726,172.31.33.0-255,66,117147,34,229681
26675,0.002759,172.31.33.0-255,66,117213,34,229681
26676,0.002775,172.217.194.0-255,1484,118697,34,229681
26677,0.002779,172.217.194.0-255,2184,120881,34,229681
26678,0.002781,172.31.33.0-255,66,120947,34,229681
26679,0.002797,172.217.194.0-255,1484,122431,34,229681
26680,0.002802,172.217.194.0-255,2902,125333,34,229681
26681,0.002804,172.31.33.0-255,66,125399,34,229681
26682,0.002808,172.217.194.0-255,2902,128301,34,229681
26683,0.00281,172.31.33.0-255,66,128367,34,229681
26684,0.002834,172.217.194.0-255,2902,131269,34,229681
26685,0.002836,172.31.33.0-255,66,131335,34,229681
26686,0.002847,172.31.33.0-255,66,131401,34,229681
26687,0.002902,172.31.33.0-255,66,131467,34,229681
26688,0.002924,172.217.194.0-255,3602,135069,34,229681
26689,0.002928,172.31.33.0-255,66,135135,34,229681
26690,0.002943,172.31.33.0-255,66,135201,34,229681
26691,0.002961,172.31.33.0-255,66,135267,34,229681
26692,0.002968,172.217.194.0-255,6438,141705,34,229681
26693,0.002971,172.31.33.0-255,66,141771,34,229681
26694,0.003059,172.217.194.0-255,1484,143255,34,229681
26695,0.003062,172.217.194.0-255,1484,144739,34,229681
26696,0.003065,172.31.33.0-255,66,144805,34,229681
26697,0.003085,172.217.194.0-255,1484,146289,34,229681
26698,0.003092,172.217.194.0-255,5738,152027,34,229681
26699,0.003094,172.31.33.0-255,66,152093,34,229681
26700,0.0031,172.217.194.0-255,5738,157831,34,229681
26701,0.003103,172.31.33.0-255,66,157897,34,229681
26702,0.003106,172.217.194.0-255,1484,159381,34,229681
26703,0.003138,172.217.194.0-255,7156,166537,34,229681
26704,0.00314,172.31.33.0-255,66,166603,34,229681
26705,0.003144,172.217.194.0-255,1484,168087,34,229681
26706,0.003167,172.31.33.0-255,66,168153,34,229681
26707,0.003191,172.217.194.0-255,5020,173173,34,229681
26708,0.003194,172.31.33.0-255,66,173239,34,229681
26709,0.00321,172.31.33.0-255,66,173305,34,229681
26710,0.003251,172.31.33.0-255,66,173371,34,229681
26711,0.003271,172.217.194.0-255,3602,176973,34,229681
26712,0.003273,172.31.33.0-255,66,177039,34,229681
26713,0.00332,172.217.194.0-255,1484,178523,34,229681
26714,0.003324,172.217.194.0-255,1484,180007,34,229681
26715,0.003326,172.31.33.0-255,66,180073,34,229681
26716,0.003338,172.217.194.0-255,1484,181557,34,229681
26717,0.003342,172.217.194.0-255,1484,183041,34,229681
26718,0.003344,172.31.33.0-255,66,183107,34,229681
26719,0.003367,172.217.194.0-255,4320,187427,34,229681
26720,0.003369,172.31.33.0-255,66,187493,34,229681
26721,0.003376,172.217.194.0-255,5738,193231,34,229681
26722,0.003378,172.31.33.0-255,66,193297,34,229681
26723,0.003398,172.217.194.0-255,7156,200453,34,229681
26724,0.0034,172.31.33.0-255,66,200519,34,229681
26725,0.003432,172.31.33.0-255,66,200585,34,229681
26726,0.00348,172.217.194.0-255,1484,202069,34,229681
26727,0.003497,172.217.194.0-255,2902,204971,34,229681
26728,0.003499,172.31.33.0-255,66,205037,34,229681
26729,0.003507,172.217.194.0-255,4320,209357,34,229681
26730,0.00351,172.31.33.0-255,66,209423,34,229681
26731,0.003522,172.217.194.0-255,1484,210907,34,229681
26732,0.003525,172.217.194.0-255,1484,212391,34,229681
26733,0.003528,172.31.33.0-255,66,212457,34,229681
26734,0.003533,172.217.194.0-255,2902,215359,34,229681
26735,0.003535,172.31.33.0-255,66,215425,34,229681
26736,0.003565,172.217.194.0-255,5738,221163,34,229681
26737,0.003567,172.31.33.0-255,66,221229,34,229681
26738,0.00359,172.217.194.0-255,7156,228385,34,229681
26739,0.003593,172.31.33.0-255,66,228451,34,229681
26740,0.003596,172.217.194.0-255,954,229405,34,229681
26741,0.003613,172.217.194.0-255,105,229510,34,229681
26742,0.009812,172.31.33.0-255,66,229576,34,229681
26743,0.009858,172.31.33.0-255,105,229681,34,229681
26744,0.0,172.217.27.0-255,153,153,34,194711
26745,1.9e-05,172.31.33.0-255,66,219,34,194711
26746,2.5e-05,172.217.27.0-255,1484,1703,34,194711
26747,2.9e-05,172.31.33.0-255,66,1769,34,194711
26748,3.1e-05,172.217.27.0-255,1484,3253,34,194711
26749,3.3e-05,172.31.33.0-255,66,3319,34,194711
26750,6.8e-05,172.217.27.0-255,1484,4803,34,194711
26751,7e-05,172.31.33.0-255,66,4869,34,194711
26752,7.7e-05,172.217.27.0-255,7156,12025,34,194711
26753,7.9e-05,172.31.33.0-255,66,12091,34,194711
26754,9e-05,172.217.27.0-255,2021,14112,34,194711
26755,9.2e-05,172.31.33.0-255,66,14178,34,194711
26756,9.6e-05,172.217.27.0-255,2902,17080,34,194711
26757,9.8e-05,172.31.33.0-255,66,17146,34,194711
26758,0.000106,172.217.27.0-255,7156,24302,34,194711
26759,0.000109,172.31.33.0-255,66,24368,34,194711
26760,0.000113,172.217.27.0-255,4320,28688,34,194711
26761,0.000116,172.31.33.0-255,66,28754,34,194711
26762,0.000161,172.217.27.0-255,2543,31297,34,194711
26763,0.000165,172.31.33.0-255,66,31363,34,194711
26764,0.000193,172.217.27.0-255,2902,34265,34,194711
26765,0.000196,172.31.33.0-255,66,34331,34,194711
26766,0.000203,172.217.27.0-255,7156,41487,34,194711
26767,0.000206,172.31.33.0-255,66,41553,34,194711
26768,0.000218,172.217.27.0-255,5738,47291,34,194711
26769,0.000221,172.31.33.0-255,66,47357,34,194711
26770,0.000251,172.217.27.0-255,1125,48482,34,194711
26771,0.000255,172.31.33.0-255,66,48548,34,194711
26772,0.001118,172.217.27.0-255,1484,50032,34,194711
26773,0.001125,172.31.33.0-255,66,50098,34,194711
26774,0.001135,172.217.27.0-255,2902,53000,34,194711
26775,0.001138,172.31.33.0-255,66,53066,34,194711
26776,0.001149,172.217.27.0-255,1484,54550,34,194711
26777,0.001154,172.217.27.0-255,2902,57452,34,194711
26778,0.001157,172.31.33.0-255,66,57518,34,194711
26779,0.001163,172.217.27.0-255,5738,63256,34,194711
26780,0.001165,172.31.33.0-255,66,63322,34,194711
26781,0.001201,172.217.27.0-255,2543,65865,34,194711
26782,0.001204,172.31.33.0-255,66,65931,34,194711
26783,0.001515,172.217.27.0-255,1484,67415,34,194711
26784,0.001525,172.217.27.0-255,1484,68899,34,194711
26785,0.001527,172.31.33.0-255,66,68965,34,194711
26786,0.001531,172.217.27.0-255,2902,71867,34,194711
26787,0.001533,172.31.33.0-255,66,71933,34,194711
26788,0.001536,172.217.27.0-255,1484,73417,34,194711
26789,0.001558,172.217.27.0-255,4320,77737,34,194711
26790,0.00156,172.31.33.0-255,66,77803,34,194711
26791,0.001597,172.31.33.0-255,66,77869,34,194711
26792,0.001606,172.31.33.0-255,66,77935,34,194711
26793,0.003215,172.217.27.0-255,1484,79419,34,194711
26794,0.003224,172.217.27.0-255,2902,82321,34,194711
26795,0.003228,172.31.33.0-255,66,82387,34,194711
26796,0.003235,172.217.27.0-255,5738,88125,34,194711
26797,0.003237,172.31.33.0-255,66,88191,34,194711
26798,0.003239,172.217.27.0-255,1484,89675,34,194711
26799,0.003287,172.217.27.0-255,1484,91159,34,194711
26800,0.003289,172.31.33.0-255,66,91225,34,194711
26801,0.003292,172.217.27.0-255,1484,92709,34,194711
26802,0.003313,172.217.27.0-255,2902,95611,34,194711
26803,0.003314,172.31.33.0-255,66,95677,34,194711
26804,0.003317,172.217.27.0-255,1484,97161,34,194711
26805,0.003342,172.217.27.0-255,4320,101481,34,194711
26806,0.003344,172.31.33.0-255,66,101547,34,194711
26807,0.003419,172.217.27.0-255,2902,104449,34,194711
26808,0.003421,172.31.33.0-255,66,104515,34,194711
26809,0.003452,172.31.33.0-255,66,104581,34,194711
26810,0.003646,172.217.27.0-255,1484,106065,34,194711
26811,0.003658,172.217.27.0-255,2902,108967,34,194711
26812,0.00366,172.31.33.0-255,66,109033,34,194711
26813,0.003735,172.217.27.0-255,1484,110517,34,194711
26814,0.003738,172.217.27.0-255,1484,112001,34,194711
26815,0.00374,172.31.33.0-255,66,112067,34,194711
26816,0.00376,172.217.27.0-255,1484,113551,34,194711
26817,0.003762,172.217.27.0-255,1484,115035,34,194711
26818,0.003764,172.31.33.0-255,66,115101,34,194711
26819,0.003769,172.217.27.0-255,4320,119421,34,194711
26820,0.003771,172.31.33.0-255,66,119487,34,194711
26821,0.003791,172.217.27.0-255,1484,120971,34,194711
26822,0.003819,172.31.33.0-255,66,121037,34,194711
26823,0.003824,172.217.27.0-255,5020,126057,34,194711
26824,0.003826,172.31.33.0-255,66,126123,34,194711
26825,0.003852,172.217.27.0-255,5738,131861,34,194711
26826,0.003853,172.31.33.0-255,66,131927,34,194711
26827,0.003895,172.217.27.0-255,1484,133411,34,194711
26828,0.003914,172.31.33.0-255,66,133477,34,194711
26829,0.003933,172.31.33.0-255,66,133543,34,194711
26830,0.003935,172.217.27.0-255,766,134309,34,194711
26831,0.003962,172.217.27.0-255,1484,135793,34,194711
26832,0.003964,172.31.33.0-255,66,135859,34,194711
26833,0.003967,172.217.27.0-255,1484,137343,34,194711
26834,0.00399,172.217.27.0-255,2902,140245,34,194711
26835,0.003993,172.31.33.0-255,66,140311,34,194711
26836,0.003998,172.217.27.0-255,5738,146049,34,194711
26837,0.004001,172.31.33.0-255,66,146115,34,194711
26838,0.00402,172.217.27.0-255,1484,147599,34,194711
26839,0.004045,172.217.27.0-255,1484,149083,34,194711
26840,0.004047,172.31.33.0-255,66,149149,34,194711
26841,0.004075,172.217.27.0-255,2902,152051,34,194711
26842,0.004077,172.31.33.0-255,66,152117,34,194711
26843,0.004082,172.217.27.0-255,4320,156437,34,194711
26844,0.004085,172.31.33.0-255,66,156503,34,194711
26845,0.004095,172.217.27.0-255,7156,163659,34,194711
26846,0.004098,172.31.33.0-255,66,163725,34,194711
26847,0.004126,172.217.27.0-255,1484,165209,34,194711
26848,0.004131,172.217.27.0-255,3602,168811,34,194711
26849,0.004133,172.31.33.0-255,66,168877,34,194711
26850,0.004224,172.217.27.0-255,1484,170361,34,194711
26851,0.004239,172.217.27.0-255,2902,173263,34,194711
26852,0.004242,172.31.33.0-255,66,173329,34,194711
26853,0.004245,172.217.27.0-255,1484,174813,34,194711
26854,0.004269,172.217.27.0-255,4320,179133,34,194711
26855,0.004271,172.31.33.0-255,66,179199,34,194711
26856,0.0043,172.31.33.0-255,66,179265,34,194711
26857,0.004315,172.217.27.0-255,1484,180749,34,194711
26858,0.004327,172.31.33.0-255,66,180815,34,194711
26859,0.004338,172.31.33.0-255,66,180881,34,194711
26860,0.004345,172.217.27.0-255,7156,188037,34,194711
26861,0.004348,172.31.33.0-255,66,188103,34,194711
26862,0.004378,172.217.27.0-255,2902,191005,34,194711
26863,0.004381,172.31.33.0-255,66,191071,34,194711
26864,0.004403,172.31.33.0-255,66,191137,34,194711
26865,0.004447,172.31.33.0-255,66,191203,34,194711
26866,0.00445,172.217.27.0-255,1484,192687,34,194711
26867,0.004472,172.217.27.0-255,1484,194171,34,194711
26868,0.004475,172.31.33.0-255,66,194237,34,194711
26869,0.00451,172.31.33.0-255,66,194303,34,194711
26870,0.004561,172.31.33.0-255,66,194369,34,194711
26871,0.004571,172.31.33.0-255,66,194435,34,194711
26872,0.004653,172.217.27.0-255,105,194540,34,194711
26873,0.007288,172.31.33.0-255,66,194606,34,194711
26874,0.009368,172.31.33.0-255,105,194711,34,194711
26875,0.0,74.125.68.0-255,153,153,34,363942
26876,2.3e-05,172.31.33.0-255,66,219,34,363942
26877,3e-05,74.125.68.0-255,1484,1703,34,363942
26878,3.5e-05,172.31.33.0-255,66,1769,34,363942
26879,7e-05,74.125.68.0-255,2902,4671,34,363942
26880,7.3e-05,172.31.33.0-255,66,4737,34,363942
26881,7.9e-05,74.125.68.0-255,4320,9057,34,363942
26882,8.1e-05,172.31.33.0-255,66,9123,34,363942
26883,0.000109,74.125.68.0-255,4902,14025,34,363942
26884,0.000112,172.31.33.0-255,66,14091,34,363942
26885,0.000234,74.125.68.0-255,1484,15575,34,363942
26886,0.000239,172.31.33.0-255,66,15641,34,363942
26887,0.000245,74.125.68.0-255,2902,18543,34,363942
26888,0.000247,172.31.33.0-255,66,18609,34,363942
26889,0.000277,74.125.68.0-255,5738,24347,34,363942
26890,0.00028,172.31.33.0-255,66,24413,34,363942
26891,0.000283,74.125.68.0-255,1484,25897,34,363942
26892,0.000285,172.31.33.0-255,66,25963,34,363942
26893,0.00029,74.125.68.0-255,2902,28865,34,363942
26894,0.000293,172.31.33.0-255,66,28931,34,363942
26895,0.000332,74.125.68.0-255,3961,32892,34,363942
26896,0.000336,172.31.33.0-255,66,32958,34,363942
26897,0.000341,74.125.68.0-255,2902,35860,34,363942
26898,0.000342,172.31.33.0-255,66,35926,34,363942
26899,0.000358,74.125.68.0-255,1484,37410,34,363942
26900,0.000361,172.31.33.0-255,66,37476,34,363942
26901,0.000365,74.125.68.0-255,2902,40378,34,363942
26902,0.000374,172.31.33.0-255,66,40444,34,363942
26903,0.000404,74.125.68.0-255,7156,47600,34,363942
26904,0.000407,172.31.33.0-255,66,47666,34,363942
26905,0.000411,74.125.68.0-255,2902,50568,34,363942
26906,0.000413,172.31.33.0-255,66,50634,34,363942
26907,0.000446,172.31.33.0-255,66,50700,34,363942
26908,0.000472,74.125.68.0-255,1484,52184,34,363942
26909,0.000476,74.125.68.0-255,766,52950,34,363942
26910,0.000478,172.31.33.0-255,66,53016,34,363942
26911,0.000515,74.125.68.0-255,444,53460,34,363942
26912,0.000574,74.125.68.0-255,1484,54944,34,363942
26913,0.000578,172.31.33.0-255,66,55010,34,363942
26914,0.000581,74.125.68.0-255,1484,56494,34,363942
26915,0.000607,74.125.68.0-255,2902,59396,34,363942
26916,0.000609,172.31.33.0-255,66,59462,34,363942
26917,0.000613,74.125.68.0-255,2902,62364,34,363942
26918,0.000616,172.31.33.0-255,66,62430,34,363942
26919,0.000649,74.125.68.0-255,2902,65332,34,363942
26920,0.000652,172.31.33.0-255,66,65398,34,363942
26921,0.000657,74.125.68.0-255,4320,69718,34,363942
26922,0.000659,172.31.33.0-255,66,69784,34,363942
26923,0.00072,74.125.68.0-255,5738,75522,34,363942
26924,0.000723,172.31.33.0-255,66,75588,34,363942
26925,0.000727,74.125.68.0-255,1484,77072,34,363942
26926,0.000731,74.125.68.0-255,2902,79974,34,363942
26927,0.000733,172.31.33.0-255,66,80040,34,363942
26928,0.000739,74.125.68.0-255,5738,85778,34,363942
26929,0.000741,172.31.33.0-255,66,85844,34,363942
26930,0.000744,74.125.68.0-255,1484,87328,34,363942
26931,0.000777,74.125.68.0-255,766,88094,34,363942
26932,0.00078,172.31.33.0-255,66,88160,34,363942
26933,0.000815,74.125.68.0-255,332,88492,34,363942
26934,0.000956,74.125.68.0-255,1484,89976,34,363942
26935,0.00096,172.31.33.0-255,66,90042,34,363942
26936,0.000979,74.125.68.0-255,2902,92944,34,363942
26937,0.000991,172.31.33.0-255,66,93010,34,363942
26938,0.000996,74.125.68.0-255,2902,95912,34,363942
26939,0.000998,172.31.33.0-255,66,95978,34,363942
26940,0.001001,74.125.68.0-255,1484,97462,34,363942
26941,0.001028,74.125.68.0-255,2902,100364,34,363942
26942,0.001031,172.31.33.0-255,66,100430,34,363942
26943,0.001061,74.125.68.0-255,7156,107586,34,363942
26944,0.001063,172.31.33.0-255,66,107652,34,363942
26945,0.001099,172.31.33.0-255,66,107718,34,363942
26946,0.001102,74.125.68.0-255,1484,109202,34,363942
26947,0.001148,74.125.68.0-255,2902,112104,34,363942
26948,0.001152,172.31.33.0-255,66,112170,34,363942
26949,0.001181,74.125.68.0-255,2184,114354,34,363942
26950,0.001188,172.31.33.0-255,66,114420,34,363942
26951,0.001214,74.125.68.0-255,1484,115904,34,363942
26952,0.001218,74.125.68.0-255,1484,117388,34,363942
26953,0.00122,172.31.33.0-255,66,117454,34,363942
26954,0.001247,74.125.68.0-255,1484,118938,34,363942
26955,0.001251,74.125.68.0-255,2902,121840,34,363942
26956,0.001254,172.31.33.0-255,66,121906,34,363942
26957,0.001278,74.125.68.0-255,1484,123390,34,363942
26958,0.001284,74.125.68.0-255,5738,129128,34,363942
26959,0.001286,172.31.33.0-255,66,129194,34,363942
26960,0.001316,74.125.68.0-255,4320,133514,34,363942
26961,0.001319,172.31.33.0-255,66,133580,34,363942
26962,0.001325,74.125.68.0-255,5738,139318,34,363942
26963,0.001327,172.31.33.0-255,66,139384,34,363942
26964,0.001359,74.125.68.0-255,7156,146540,34,363942
26965,0.001363,172.31.33.0-255,66,146606,34,363942
26966,0.001401,74.125.68.0-255,2184,148790,34,363942
26967,0.001404,172.31.33.0-255,66,148856,34,363942
26968,0.001478,74.125.68.0-255,1484,150340,34,363942
26969,0.001499,74.125.68.0-255,2902,153242,34,363942
26970,0.001502,172.31.33.0-255,66,153308,34,363942
26971,0.001529,74.125.68.0-255,4320,157628,34,363942
26972,0.001532,172.31.33.0-255,66,157694,34,363942
26973,0.001558,74.125.68.0-255,7156,164850,34,363942
26974,0.001561,172.31.33.0-255,66,164916,34,363942
26975,0.001611,172.31.33.0-255,66,164982,34,363942
26976,0.001614,74.125.68.0-255,1484,166466,34,363942
26977,0.001618,74.125.68.0-255,2902,169368,34,363942
26978,0.00162,172.31.33.0-255,66,169434,34,363942
26979,0.001662,74.125.68.0-255,5020,174454,34,363942
26980,0.001666,172.31.33.0-255,66,174520,34,363942
26981,0.001821,74.125.68.0-255,1484,176004,34,363942
26982,0.00184,74.125.68.0-255,2902,178906,34,363942
26983,0.001844,172.31.33.0-255,66,178972,34,363942
26984,0.001861,74.125.68.0-255,1484,180456,34,363942
26985,0.001865,74.125.68.0-255,2902,183358,34,363942
26986,0.001867,172.31.33.0-255,66,183424,34,363942
26987,0.001894,74.125.68.0-255,4320,187744,34,363942
26988,0.001896,172.31.33.0-255,66,187810,34,363942
26989,0.001919,74.125.68.0-255,1484,189294,34,363942
26990,0.001922,74.125.68.0-255,1484,190778,34,363942
26991,0.001925,172.31.33.0-255,66,190844,34,363942
26992,0.001929,74.125.68.0-255,2902,193746,34,363942
26993,0.001931,172.31.33.0-255,66,193812,34,363942
26994,0.001958,74.125.68.0-255,5738,199550,34,363942
26995,0.00196,172.31.33.0-255,66,199616,34,363942
26996,0.001963,74.125.68.0-255,1484,201100,34,363942
26997,0.002016,74.125.68.0-255,4320,205420,34,363942
26998,0.00202,172.31.33.0-255,66,205486,34,363942
26999,0.002048,74.125.68.0-255,3602,209088,34,363942
27000,0.002051,172.31.33.0-255,66,209154,34,363942
27001,0.002201,74.125.68.0-255,1484,210638,34,363942
27002,0.002222,74.125.68.0-255,2902,213540,34,363942
27003,0.002226,172.31.33.0-255,66,213606,34,363942
27004,0.002258,74.125.68.0-255,5738,219344,34,363942
27005,0.002261,172.31.33.0-255,66,219410,34,363942
27006,0.002274,74.125.68.0-255,7156,226566,34,363942
27007,0.002276,172.31.33.0-255,66,226632,34,363942
27008,0.002284,74.125.68.0-255,7156,233788,34,363942
27009,0.002286,172.31.33.0-255,66,233854,34,363942
27010,0.002318,74.125.68.0-255,1484,235338,34,363942
27011,0.00233,172.31.33.0-255,66,235404,34,363942
27012,0.002386,74.125.68.0-255,4320,239724,34,363942
27013,0.00239,172.31.33.0-255,66,239790,34,363942
27014,0.002393,74.125.68.0-255,1484,241274,34,363942
27015,0.002395,74.125.68.0-255,1484,242758,34,363942
27016,0.002397,172.31.33.0-255,66,242824,34,363942
27017,0.002401,74.125.68.0-255,2902,245726,34,363942
27018,0.002404,172.31.33.0-255,66,245792,34,363942
27019,0.002406,74.125.68.0-255,1484,247276,34,363942
27020,0.002409,74.125.68.0-255,1484,248760,34,363942
27021,0.002411,172.31.33.0-255,66,248826,34,363942
27022,0.002432,74.125.68.0-255,1484,250310,34,363942
27023,0.002454,74.125.68.0-255,2902,253212,34,363942
27024,0.002457,172.31.33.0-255,66,253278,34,363942
27025,0.002462,74.125.68.0-255,4320,257598,34,363942
27026,0.002465,172.31.33.0-255,66,257664,34,363942
27027,0.002468,74.125.68.0-255,1484,259148,34,363942
27028,0.002489,74.125.68.0-255,1484,260632,34,363942
27029,0.002492,172.31.33.0-255,66,260698,34,363942
27030,0.002495,74.125.68.0-255,1484,262182,34,363942
27031,0.002525,74.125.68.0-255,5738,267920,34,363942
27032,0.002527,172.31.33.0-255,66,267986,34,363942
27033,0.00253,74.125.68.0-255,1484,269470,34,363942
27034,0.002532,74.125.68.0-255,766,270236,34,363942
27035,0.002534,172.31.33.0-255,66,270302,34,363942
27036,0.002556,74.125.68.0-255,1484,271786,34,363942
27037,0.00258,74.125.68.0-255,2902,274688,34,363942
27038,0.002583,172.31.33.0-255,66,274754,34,363942
27039,0.002613,74.125.68.0-255,5738,280492,34,363942
27040,0.002616,172.31.33.0-255,66,280558,34,363942
27041,0.002619,74.125.68.0-255,1484,282042,34,363942
27042,0.00265,74.125.68.0-255,2902,284944,34,363942
27043,0.002652,172.31.33.0-255,66,285010,34,363942
27044,0.002685,74.125.68.0-255,4320,289330,34,363942
27045,0.002688,172.31.33.0-255,66,289396,34,363942
27046,0.002692,74.125.68.0-255,2902,292298,34,363942
27047,0.002694,172.31.33.0-255,66,292364,34,363942
27048,0.002697,74.125.68.0-255,1484,293848,34,363942
27049,0.002704,74.125.68.0-255,1484,295332,34,363942
27050,0.002706,172.31.33.0-255,66,295398,34,363942
27051,0.00271,74.125.68.0-255,1484,296882,34,363942
27052,0.002746,74.125.68.0-255,5738,302620,34,363942
27053,0.002749,172.31.33.0-255,66,302686,34,363942
27054,0.002753,74.125.68.0-255,2184,304870,34,363942
27055,0.002757,172.31.33.0-255,66,304936,34,363942
27056,0.002778,74.125.68.0-255,1484,306420,34,363942
27057,0.002797,74.125.68.0-255,2902,309322,34,363942
27058,0.002799,172.31.33.0-255,66,309388,34,363942
27059,0.002823,74.125.68.0-255,2902,312290,34,363942
27060,0.002825,172.31.33.0-255,66,312356,34,363942
27061,0.002855,74.125.68.0-255,4320,316676,34,363942
27062,0.002858,172.31.33.0-255,66,316742,34,363942
27063,0.002893,74.125.68.0-255,7156,323898,34,363942
27064,0.002896,172.31.33.0-255,66,323964,34,363942
27065,0.002899,74.125.68.0-255,1484,325448,34,363942
27066,0.002935,74.125.68.0-255,7156,332604,34,363942
27067,0.002938,172.31.33.0-255,66,332670,34,363942
27068,0.002943,74.125.68.0-255,2902,335572,34,363942
27069,0.002945,172.31.33.0-255,66,335638,34,363942
27070,0.00295,74.125.68.0-255,3602,339240,34,363942
27071,0.002953,172.31.33.0-255,66,339306,34,363942
27072,0.002976,74.125.68.0-255,1484,340790,34,363942
27073,0.002994,74.125.68.0-255,2902,343692,34,363942
27074,0.002997,172.31.33.0-255,66,343758,34,363942
27075,0.003023,74.125.68.0-255,5738,349496,34,363942
27076,0.003026,172.31.33.0-255,66,349562,34,363942
27077,0.003029,74.125.68.0-255,1484,351046,34,363942
27078,0.003064,74.125.68.0-255,4320,355366,34,363942
27079,0.003067,172.31.33.0-255,66,355432,34,363942
27080,0.003093,74.125.68.0-255,2902,358334,34,363942
27081,0.003096,172.31.33.0-255,66,358400,34,363942
27082,0.003099,74.125.68.0-255,1484,359884,34,363942
27083,0.003105,74.125.68.0-255,3887,363771,34,363942
27084,0.003107,172.31.33.0-255,66,363837,34,363942
27085,0.003169,74.125.68.0-255,105,363942,34,363942
27086,0.0,74.125.24.0-255,153,153,34,151757
27087,1.9e-05,172.31.33.0-255,66,219,34,151757
27088,2.6e-05,74.125.24.0-255,1484,1703,34,151757
27089,3e-05,172.31.33.0-255,66,1769,34,151757
27090,4.5e-05,74.125.24.0-255,2902,4671,34,151757
27091,5e-05,172.31.33.0-255,66,4737,34,151757
27092,5.7e-05,74.125.24.0-255,7156,11893,34,151757
27093,6.1e-05,172.31.33.0-255,66,11959,34,151757
27094,6.5e-05,74.125.24.0-255,2146,14105,34,151757
27095,6.8e-05,172.31.33.0-255,66,14171,34,151757
27096,0.00012,172.31.33.0-255,66,14237,34,151757
27097,0.000147,172.31.33.0-255,66,14303,34,151757
27098,0.000165,74.125.24.0-255,2902,17205,34,151757
27099,0.000168,172.31.33.0-255,66,17271,34,151757
27100,0.000173,74.125.24.0-255,2902,20173,34,151757
27101,0.000175,172.31.33.0-255,66,20239,34,151757
27102,0.0002,74.125.24.0-255,6438,26677,34,151757
27103,0.000204,172.31.33.0-255,66,26743,34,151757
27104,0.000948,74.125.24.0-255,1484,28227,34,151757
27105,0.000954,172.31.33.0-255,66,28293,34,151757
27106,0.000962,74.125.24.0-255,2902,31195,34,151757
27107,0.000964,172.31.33.0-255,66,31261,34,151757
27108,0.000967,74.125.24.0-255,1484,32745,34,151757
27109,0.000969,172.31.33.0-255,66,32811,34,151757
27110,0.000986,74.125.24.0-255,4320,37131,34,151757
27111,0.000988,172.31.33.0-255,66,37197,34,151757
27112,0.000997,74.125.24.0-255,4320,41517,34,151757
27113,0.000999,172.31.33.0-255,66,41583,34,151757
27114,0.001048,74.125.24.0-255,2882,44465,34,151757
27115,0.00105,172.31.33.0-255,66,44531,34,151757
27116,0.002356,74.125.24.0-255,1484,46015,34,151757
27117,0.002365,74.125.24.0-255,2902,48917,34,151757
27118,0.002369,172.31.33.0-255,66,48983,34,151757
27119,0.002377,74.125.24.0-255,5738,54721,34,151757
27120,0.002379,172.31.33.0-255,66,54787,34,151757
27121,0.00239,74.125.24.0-255,4320,59107,34,151757
27122,0.002392,172.31.33.0-255,66,59173,34,151757
27123,0.002403,172.31.33.0-255,66,59239,34,151757
27124,0.002435,74.125.24.0-255,2902,62141,34,151757
27125,0.002437,172.31.33.0-255,66,62207,34,151757
27126,0.002448,172.31.33.0-255,66,62273,34,151757
27127,0.003178,74.125.24.0-255,1484,63757,34,151757
27128,0.003193,74.125.24.0-255,2902,66659,34,151757
27129,0.003196,172.31.33.0-255,66,66725,34,151757
27130,0.003201,74.125.24.0-255,2902,69627,34,151757
27131,0.003204,172.31.33.0-255,66,69693,34,151757
27132,0.003234,74.125.24.0-255,2902,72595,34,151757
27133,0.003236,172.31.33.0-255,66,72661,34,151757
27134,0.003247,172.31.33.0-255,66,72727,34,151757
27135,0.003281,74.125.24.0-255,4320,77047,34,151757
27136,0.003284,172.31.33.0-255,66,77113,34,151757
27137,0.003295,172.31.33.0-255,66,77179,34,151757
27138,0.003301,74.125.24.0-255,4320,81499,34,151757
27139,0.003304,172.31.33.0-255,66,81565,34,151757
27140,0.003353,172.31.33.0-255,66,81631,34,151757
27141,0.003367,172.31.33.0-255,66,81697,34,151757
27142,0.003391,74.125.24.0-255,3602,85299,34,151757
27143,0.003393,172.31.33.0-255,66,85365,34,151757
27144,0.003411,172.31.33.0-255,66,85431,34,151757
27145,0.003418,74.125.24.0-255,7156,92587,34,151757
27146,0.00342,172.31.33.0-255,66,92653,34,151757
27147,0.003444,74.125.24.0-255,2184,94837,34,151757
27148,0.003446,172.31.33.0-255,66,94903,34,151757
27149,0.003451,74.125.24.0-255,4320,99223,34,151757
27150,0.003458,172.31.33.0-255,66,99289,34,151757
27151,0.003512,172.31.33.0-255,66,99355,34,151757
27152,0.003568,172.31.33.0-255,66,99421,34,151757
27153,0.003607,172.31.33.0-255,66,99487,34,151757
27154,0.003612,74.125.24.0-255,4320,103807,34,151757
27155,0.003615,172.31.33.0-255,66,103873,34,151757
27156,0.003618,74.125.24.0-255,1484,105357,34,151757
27157,0.003623,74.125.24.0-255,3602,108959,34,151757
27158,0.003625,172.31.33.0-255,66,109025,34,151757
27159,0.003628,74.125.24.0-255,1484,110509,34,151757
27160,0.003636,74.125.24.0-255,7156,117665,34,151757
27161,0.003638,172.31.33.0-255,66,117731,34,151757
27162,0.003649,172.31.33.0-255,66,117797,34,151757
27163,0.003692,74.125.24.0-255,5738,123535,34,151757
27164,0.003696,172.31.33.0-255,66,123601,34,151757
27165,0.003731,172.31.33.0-255,66,123667,34,151757
27166,0.003745,172.31.33.0-255,66,123733,34,151757
27167,0.003778,74.125.24.0-255,2902,126635,34,151757
27168,0.003781,172.31.33.0-255,66,126701,34,151757
27169,0.003794,172.31.33.0-255,66,126767,34,151757
27170,0.003813,172.31.33.0-255,66,126833,34,151757
27171,0.003863,172.31.33.0-255,66,126899,34,151757
27172,0.003874,172.31.33.0-255,66,126965,34,151757
27173,0.003876,74.125.24.0-255,1484,128449,34,151757
27174,0.003918,74.125.24.0-255,7156,135605,34,151757
27175,0.003923,172.31.33.0-255,66,135671,34,151757
27176,0.00393,74.125.24.0-255,7156,142827,34,151757
27177,0.003933,172.31.33.0-255,66,142893,34,151757
27178,0.00399,74.125.24.0-255,2902,145795,34,151757
27179,0.003994,172.31.33.0-255,66,145861,34,151757
27180,0.004016,74.125.24.0-255,5488,151349,34,151757
27181,0.004019,172.31.33.0-255,66,151415,34,151757
27182,0.004022,74.125.24.0-255,105,151520,34,151757
27183,0.006706,172.31.33.0-255,66,151586,34,151757
27184,0.006739,172.31.33.0-255,105,151691,34,151757
27185,0.00932,74.125.24.0-255,66,151757,34,151757
27186,0.0,172.217.194.0-255,153,153,34,195178
27187,3.1e-05,172.31.33.0-255,66,219,34,195178
27188,3.8e-05,172.217.194.0-255,1484,1703,34,195178
27189,4.1e-05,172.31.33.0-255,66,1769,34,195178
27190,4.6e-05,172.217.194.0-255,2902,4671,34,195178
27191,4.9e-05,172.31.33.0-255,66,4737,34,195178
27192,5.6e-05,172.217.194.0-255,7156,11893,34,195178
27193,5.8e-05,172.31.33.0-255,66,11959,34,195178
27194,7.2e-05,172.217.194.0-255,2048,14007,34,195178
27195,7.4e-05,172.31.33.0-255,66,14073,34,195178
27196,0.000584,172.217.194.0-255,1484,15557,34,195178
27197,0.000589,172.31.33.0-255,66,15623,34,195178
27198,0.000598,172.217.194.0-255,2902,18525,34,195178
27199,0.0006,172.31.33.0-255,66,18591,34,195178
27200,0.000608,172.217.194.0-255,5738,24329,34,195178
27201,0.00061,172.31.33.0-255,66,24395,34,195178
27202,0.000667,172.31.33.0-255,66,24461,34,195178
27203,0.000679,172.31.33.0-255,66,24527,34,195178
27204,0.000681,172.217.194.0-255,1125,25652,34,195178
27205,0.000683,172.31.33.0-255,66,25718,34,195178
27206,0.00073,172.217.194.0-255,1484,27202,34,195178
27207,0.000733,172.31.33.0-255,66,27268,34,195178
27208,0.000737,172.217.194.0-255,1484,28752,34,195178
27209,0.000738,172.31.33.0-255,66,28818,34,195178
27210,0.00075,172.217.194.0-255,1484,30302,34,195178
27211,0.000752,172.31.33.0-255,66,30368,34,195178
27212,0.000757,172.217.194.0-255,4320,34688,34,195178
27213,0.00076,172.31.33.0-255,66,34754,34,195178
27214,0.00078,172.217.194.0-255,1484,36238,34,195178
27215,0.000782,172.31.33.0-255,66,36304,34,195178
27216,0.000808,172.217.194.0-255,7102,43406,34,195178
27217,0.000811,172.31.33.0-255,66,43472,34,195178
27218,0.000841,172.217.194.0-255,2902,46374,34,195178
27219,0.000843,172.31.33.0-255,66,46440,34,195178
27220,0.000848,172.217.194.0-255,4320,50760,34,195178
27221,0.000851,172.31.33.0-255,66,50826,34,195178
27222,0.000865,172.217.194.0-255,4320,55146,34,195178
27223,0.000868,172.31.33.0-255,66,55212,34,195178
27224,0.000888,172.217.194.0-255,4320,59532,34,195178
27225,0.00089,172.31.33.0-255,66,59598,34,195178
27226,0.000903,172.217.194.0-255,1125,60723,34,195178
27227,0.000976,172.217.194.0-255,1484,62207,34,195178
27228,0.000979,172.31.33.0-255,66,62273,34,195178
27229,0.000984,172.217.194.0-255,2902,65175,34,195178
27230,0.000986,172.31.33.0-255,66,65241,34,195178
27231,0.000989,172.217.194.0-255,1484,66725,34,195178
27232,0.001003,172.217.194.0-255,4320,71045,34,195178
27233,0.001005,172.31.33.0-255,66,71111,34,195178
27234,0.001042,172.217.194.0-255,2902,74013,34,195178
27235,0.001044,172.31.33.0-255,66,74079,34,195178
27236,0.001063,172.217.194.0-255,4275,78354,34,195178
27237,0.001065,172.31.33.0-255,66,78420,34,195178
27238,0.00109,172.217.194.0-255,2902,81322,34,195178
27239,0.001092,172.31.33.0-255,66,81388,34,195178
27240,0.001106,172.217.194.0-255,4320,85708,34,195178
27241,0.001108,172.31.33.0-255,66,85774,34,195178
27242,0.00111,172.217.194.0-255,1484,87258,34,195178
27243,0.001142,172.31.33.0-255,66,87324,34,195178
27244,0.001171,172.31.33.0-255,66,87390,34,195178
27245,0.001185,172.217.194.0-255,5020,92410,34,195178
27246,0.001187,172.31.33.0-255,66,92476,34,195178
27247,0.001211,172.217.194.0-255,1484,93960,34,195178
27248,0.001222,172.217.194.0-255,2902,96862,34,195178
27249,0.001224,172.31.33.0-255,66,96928,34,195178
27250,0.001243,172.217.194.0-255,5738,102666,34,195178
27251,0.001244,172.31.33.0-255,66,102732,34,195178
27252,0.00125,172.217.194.0-255,5738,108470,34,195178
27253,0.001251,172.31.33.0-255,66,108536,34,195178
27254,0.001261,172.217.194.0-255,1484,110020,34,195178
27255,0.00129,172.31.33.0-255,66,110086,34,195178
27256,0.001293,172.217.194.0-255,1484,111570,34,195178
27257,0.001304,172.217.194.0-255,3602,115172,34,195178
27258,0.001306,172.31.33.0-255,66,115238,34,195178
27259,0.001469,172.217.194.0-255,1484,116722,34,195178
27260,0.001487,172.217.194.0-255,2902,119624,34,195178
27261,0.001489,172.31.33.0-255,66,119690,34,195178
27262,0.001493,172.217.194.0-255,2902,122592,34,195178
27263,0.001495,172.31.33.0-255,66,122658,34,195178
27264,0.001508,172.217.194.0-255,2902,125560,34,195178
27265,0.001511,172.31.33.0-255,66,125626,34,195178
27266,0.001517,172.217.194.0-255,5738,131364,34,195178
27267,0.001519,172.31.33.0-255,66,131430,34,195178
27268,0.001539,172.217.194.0-255,7156,138586,34,195178
27269,0.001541,172.31.33.0-255,66,138652,34,195178
27270,0.001577,172.31.33.0-255,66,138718,34,195178
27271,0.00159,172.217.194.0-255,1484,140202,34,195178
27272,0.001615,172.31.33.0-255,66,140268,34,195178
27273,0.001626,172.31.33.0-255,66,140334,34,195178
27274,0.001694,172.31.33.0-255,66,140400,34,195178
27275,0.001707,172.31.33.0-255,66,140466,34,195178
27276,0.001709,172.217.194.0-255,1484,141950,34,195178
27277,0.001757,172.31.33.0-255,66,142016,34,195178
27278,0.001762,172.217.194.0-255,4320,146336,34,195178
27279,0.001764,172.31.33.0-255,66,146402,34,195178
27280,0.001778,172.217.194.0-255,2184,148586,34,195178
27281,0.00178,172.31.33.0-255,66,148652,34,195178
27282,0.001794,172.217.194.0-255,5738,154390,34,195178
27283,0.001796,172.31.33.0-255,66,154456,34,195178
27284,0.001807,172.217.194.0-255,1484,155940,34,195178
27285,0.001818,172.217.194.0-255,2902,158842,34,195178
27286,0.00182,172.31.33.0-255,66,158908,34,195178
27287,0.001838,172.31.33.0-255,66,158974,34,195178
27288,0.001852,172.217.194.0-255,4320,163294,34,195178
27289,0.001854,172.31.33.0-255,66,163360,34,195178
27290,0.001882,172.31.33.0-255,66,163426,34,195178
27291,0.001897,172.217.194.0-255,2184,165610,34,195178
27292,0.0019,172.31.33.0-255,66,165676,34,195178
27293,0.002032,172.217.194.0-255,1484,167160,34,195178
27294,0.002044,172.217.194.0-255,2902,170062,34,195178
27295,0.002046,172.31.33.0-255,66,170128,34,195178
27296,0.002063,172.217.194.0-255,4320,174448,34,195178
27297,0.002066,172.31.33.0-255,66,174514,34,195178
27298,0.002068,172.217.194.0-255,1484,175998,34,195178
27299,0.002086,172.217.194.0-255,2902,178900,34,195178
27300,0.002088,172.31.33.0-255,66,178966,34,195178
27301,0.002141,172.217.194.0-255,4320,183286,34,195178
27302,0.002143,172.31.33.0-255,66,183352,34,195178
27303,0.002156,172.31.33.0-255,66,183418,34,195178
27304,0.002159,172.217.194.0-255,766,184184,34,195178
27305,0.002174,172.217.194.0-255,1484,185668,34,195178
27306,0.002176,172.31.33.0-255,66,185734,34,195178
27307,0.002195,172.31.33.0-255,66,185800,34,195178
27308,0.002217,172.31.33.0-255,66,185866,34,195178
27309,0.00222,172.217.194.0-255,2902,188768,34,195178
27310,0.002222,172.31.33.0-255,66,188834,34,195178
27311,0.00225,172.31.33.0-255,66,188900,34,195178
27312,0.002279,172.31.33.0-255,66,188966,34,195178
27313,0.002284,172.217.194.0-255,5738,194704,34,195178
27314,0.002287,172.31.33.0-255,66,194770,34,195178
27315,0.002305,172.31.33.0-255,66,194836,34,195178
27316,0.002308,172.217.194.0-255,105,194941,34,195178
27317,0.005938,172.31.33.0-255,66,195007,34,195178
27318,0.005962,172.31.33.0-255,105,195112,34,195178
27319,0.007936,172.217.194.0-255,66,195178,34,195178
27320,0.0,74.125.200.0-255,153,153,34,312718
27321,3.2e-05,172.31.33.0-255,66,219,34,312718
27322,5.1e-05,74.125.200.0-255,1484,1703,34,312718
27323,5.5e-05,172.31.33.0-255,66,1769,34,312718
27324,6.6e-05,74.125.200.0-255,2902,4671,34,312718
27325,7e-05,172.31.33.0-255,66,4737,34,312718
27326,7.5e-05,74.125.200.0-255,4320,9057,34,312718
27327,7.7e-05,172.31.33.0-255,66,9123,34,312718
27328,8.4e-05,74.125.200.0-255,5001,14124,34,312718
27329,8.9e-05,172.31.33.0-255,66,14190,34,312718
27330,0.000158,74.125.200.0-255,1484,15674,34,312718
27331,0.000162,172.31.33.0-255,66,15740,34,312718
27332,0.000167,74.125.200.0-255,2902,18642,34,312718
27333,0.000169,172.31.33.0-255,66,18708,34,312718
27334,0.000175,74.125.200.0-255,5738,24446,34,312718
27335,0.000183,172.31.33.0-255,66,24512,34,312718
27336,0.000213,74.125.200.0-255,6797,31309,34,312718
27337,0.000216,172.31.33.0-255,66,31375,34,312718
27338,0.000261,74.125.200.0-255,2902,34277,34,312718
27339,0.000264,172.31.33.0-255,66,34343,34,312718
27340,0.00029,74.125.200.0-255,1484,35827,34,312718
27341,0.000295,172.31.33.0-255,66,35893,34,312718
27342,0.000296,74.125.200.0-255,5738,41631,34,312718
27343,0.0003,172.31.33.0-255,66,41697,34,312718
27344,0.000328,74.125.200.0-255,1484,43181,34,312718
27345,0.000332,172.31.33.0-255,66,43247,34,312718
27346,0.000365,74.125.200.0-255,5379,48626,34,312718
27347,0.000369,172.31.33.0-255,66,48692,34,312718
27348,0.00166,74.125.200.0-255,1484,50176,34,312718
27349,0.001665,172.31.33.0-255,66,50242,34,312718
27350,0.001672,74.125.200.0-255,1484,51726,34,312718
27351,0.001673,172.31.33.0-255,66,51792,34,312718
27352,0.001697,74.125.200.0-255,2902,54694,34,312718
27353,0.001699,172.31.33.0-255,66,54760,34,312718
27354,0.001738,74.125.200.0-255,5738,60498,34,312718
27355,0.001739,172.31.33.0-255,66,60564,34,312718
27356,0.001745,74.125.200.0-255,5379,65943,34,312718
27357,0.001746,172.31.33.0-255,66,66009,34,312718
27358,0.00175,74.125.200.0-255,2902,68911,34,312718
27359,0.001751,172.31.33.0-255,66,68977,34,312718
27360,0.001774,74.125.200.0-255,2902,71879,34,312718
27361,0.001776,172.31.33.0-255,66,71945,34,312718
27362,0.001779,74.125.200.0-255,2902,74847,34,312718
27363,0.001781,172.31.33.0-255,66,74913,34,312718
27364,0.001803,74.125.200.0-255,5738,80651,34,312718
27365,0.001805,172.31.33.0-255,66,80717,34,312718
27366,0.001833,74.125.200.0-255,3961,84678,34,312718
27367,0.001834,172.31.33.0-255,66,84744,34,312718
27368,0.001859,74.125.200.0-255,4320,89064,34,312718
27369,0.00186,172.31.33.0-255,66,89130,34,312718
27370,0.001896,74.125.200.0-255,4320,93450,34,312718
27371,0.001898,172.31.33.0-255,66,93516,34,312718
27372,0.001903,74.125.200.0-255,5738,99254,34,312718
27373,0.001904,172.31.33.0-255,66,99320,34,312718
27374,0.001924,74.125.200.0-255,1705,101025,34,312718
27375,0.001926,172.31.33.0-255,66,101091,34,312718
27376,0.002181,74.125.200.0-255,1484,102575,34,312718
27377,0.0022,74.125.200.0-255,2902,105477,34,312718
27378,0.002202,172.31.33.0-255,66,105543,34,312718
27379,0.002225,74.125.200.0-255,5738,111281,34,312718
27380,0.002227,172.31.33.0-255,66,111347,34,312718
27381,0.002238,172.31.33.0-255,66,111413,34,312718
27382,0.002243,74.125.200.0-255,5738,117151,34,312718
27383,0.002245,172.31.33.0-255,66,117217,34,312718
27384,0.002285,74.125.200.0-255,5020,122237,34,312718
27385,0.002287,172.31.33.0-255,66,122303,34,312718
27386,0.002655,74.125.200.0-255,1484,123787,34,312718
27387,0.002672,74.125.200.0-255,2902,126689,34,312718
27388,0.002674,172.31.33.0-255,66,126755,34,312718
27389,0.002677,74.125.200.0-255,1484,128239,34,312718
27390,0.002696,74.125.200.0-255,2902,131141,34,312718
27391,0.002698,172.31.33.0-255,66,131207,34,312718
27392,0.002701,74.125.200.0-255,1484,132691,34,312718
27393,0.002723,74.125.200.0-255,4320,137011,34,312718
27394,0.002725,172.31.33.0-255,66,137077,34,312718
27395,0.002727,74.125.200.0-255,1484,138561,34,312718
27396,0.002729,74.125.200.0-255,1484,140045,34,312718
27397,0.002731,172.31.33.0-255,66,140111,34,312718
27398,0.002751,74.125.200.0-255,1484,141595,34,312718
27399,0.002774,74.125.200.0-255,2902,144497,34,312718
27400,0.002776,172.31.33.0-255,66,144563,34,312718
27401,0.002778,74.125.200.0-255,1484,146047,34,312718
27402,0.0028,74.125.200.0-255,4320,150367,34,312718
27403,0.002802,172.31.33.0-255,66,150433,34,312718
27404,0.002833,74.125.200.0-255,4320,154753,34,312718
27405,0.002835,172.31.33.0-255,66,154819,34,312718
27406,0.002837,74.125.200.0-255,1484,156303,34,312718
27407,0.002839,74.125.200.0-255,766,157069,34,312718
27408,0.002841,172.31.33.0-255,66,157135,34,312718
27409,0.002882,74.125.200.0-255,1484,158619,34,312718
27410,0.002892,74.125.200.0-255,1484,160103,34,312718
27411,0.002893,172.31.33.0-255,66,160169,34,312718
27412,0.002902,74.125.200.0-255,1484,161653,34,312718
27413,0.002923,74.125.200.0-255,2902,164555,34,312718
27414,0.002925,172.31.33.0-255,66,164621,34,312718
27415,0.002944,74.125.200.0-255,1484,166105,34,312718
27416,0.002969,74.125.200.0-255,4320,170425,34,312718
27417,0.002971,172.31.33.0-255,66,170491,34,312718
27418,0.002994,74.125.200.0-255,1484,171975,34,312718
27419,0.003,74.125.200.0-255,7156,179131,34,312718
27420,0.003002,172.31.33.0-255,66,179197,34,312718
27421,0.003022,74.125.200.0-255,1484,180681,34,312718
27422,0.003052,172.31.33.0-255,66,180747,34,312718
27423,0.003106,74.125.200.0-255,1484,182231,34,312718
27424,0.003122,74.125.200.0-255,1484,183715,34,312718
27425,0.003123,172.31.33.0-255,66,183781,34,312718
27426,0.003145,74.125.200.0-255,2902,186683,34,312718
27427,0.003147,172.31.33.0-255,66,186749,34,312718
27428,0.003153,74.125.200.0-255,5738,192487,34,312718
27429,0.003155,172.31.33.0-255,66,192553,34,312718
27430,0.003176,74.125.200.0-255,1484,194037,34,312718
27431,0.003188,74.125.200.0-255,1484,195521,34,312718
27432,0.00319,172.31.33.0-255,66,195587,34,312718
27433,0.003222,74.125.200.0-255,1484,197071,34,312718
27434,0.003272,74.125.200.0-255,2902,199973,34,312718
27435,0.003274,172.31.33.0-255,66,200039,34,312718
27436,0.003298,74.125.200.0-255,4320,204359,34,312718
27437,0.0033,172.31.33.0-255,66,204425,34,312718
27438,0.003349,74.125.200.0-255,7156,211581,34,312718
27439,0.003351,172.31.33.0-255,66,211647,34,312718
27440,0.00337,74.125.200.0-255,1484,213131,34,312718
27441,0.003387,74.125.200.0-255,2184,215315,34,312718
27442,0.003389,172.31.33.0-255,66,215381,34,312718
27443,0.003443,74.125.200.0-255,1484,216865,34,312718
27444,0.003454,74.125.200.0-255,1484,218349,34,312718
27445,0.003455,172.31.33.0-255,66,218415,34,312718
27446,0.003466,74.125.200.0-255,1484,219899,34,312718
27447,0.003474,74.125.200.0-255,2902,222801,34,312718
27448,0.003476,172.31.33.0-255,66,222867,34,312718
27449,0.003501,74.125.200.0-255,2902,225769,34,312718
27450,0.003503,172.31.33.0-255,66,225835,34,312718
27451,0.003521,74.125.200.0-255,2902,228737,34,312718
27452,0.003525,172.31.33.0-255,66,228803,34,312718
27453,0.003536,172.31.33.0-255,66,228869,34,312718
27454,0.003542,74.125.200.0-255,5738,234607,34,312718
27455,0.003545,172.31.33.0-255,66,234673,34,312718
27456,0.003574,74.125.200.0-255,5020,239693,34,312718
27457,0.003577,172.31.33.0-255,66,239759,34,312718
27458,0.003674,74.125.200.0-255,1484,241243,34,312718
27459,0.003688,74.125.200.0-255,1484,242727,34,312718
27460,0.003693,74.125.200.0-255,2902,245629,34,312718
27461,0.00371,74.125.200.0-255,5738,251367,34,312718
27462,0.00374,74.125.200.0-255,7156,258523,34,312718
27463,0.003759,74.125.200.0-255,5738,264261,34,312718
27464,0.003786,74.125.200.0-255,1484,265745,34,312718
27465,0.003815,74.125.200.0-255,1484,267229,34,312718
27466,0.00384,74.125.200.0-255,5738,272967,34,312718
27467,0.003856,74.125.200.0-255,5738,278705,34,312718
27468,0.003871,74.125.200.0-255,1484,280189,34,312718
27469,0.00389,74.125.200.0-255,4320,284509,34,312718
27470,0.003904,74.125.200.0-255,6438,290947,34,312718
27471,0.003934,74.125.200.0-255,1484,292431,34,312718
27472,0.003949,74.125.200.0-255,5738,298169,34,312718
27473,0.003984,74.125.200.0-255,4320,302489,34,312718
27474,0.004012,74.125.200.0-255,4320,306809,34,312718
27475,0.004018,74.125.200.0-255,2902,309711,34,312718
27476,0.004094,74.125.200.0-255,2902,312613,34,312718
27477,0.004162,74.125.200.0-255,105,312718,34,312718
27478,0.0,74.125.200.0-255,219,219,34,308951
27479,2.1e-05,172.31.33.0-255,66,285,34,308951
27480,2.6e-05,74.125.200.0-255,1484,1769,34,308951
27481,3e-05,172.31.33.0-255,66,1835,34,308951
27482,4e-05,74.125.200.0-255,1484,3319,34,308951
27483,4.3e-05,172.31.33.0-255,66,3385,34,308951
27484,5.7e-05,74.125.200.0-255,1484,4869,34,308951
27485,5.9e-05,172.31.33.0-255,66,4935,34,308951
27486,6.4e-05,74.125.200.0-255,2902,7837,34,308951
27487,6.6e-05,172.31.33.0-255,66,7903,34,308951
27488,8.4e-05,74.125.200.0-255,1484,9387,34,308951
27489,8.6e-05,172.31.33.0-255,66,9453,34,308951
27490,0.0001,74.125.200.0-255,1484,10937,34,308951
27491,0.000102,172.31.33.0-255,66,11003,34,308951
27492,0.000114,74.125.200.0-255,1484,12487,34,308951
27493,0.000117,172.31.33.0-255,66,12553,34,308951
27494,0.000129,74.125.200.0-255,1484,14037,34,308951
27495,0.000131,172.31.33.0-255,66,14103,34,308951
27496,0.000133,74.125.200.0-255,404,14507,34,308951
27497,0.000135,172.31.33.0-255,66,14573,34,308951
27498,0.000282,74.125.200.0-255,1484,16057,34,308951
27499,0.000286,172.31.33.0-255,66,16123,34,308951
27500,0.000299,74.125.200.0-255,1484,17607,34,308951
27501,0.000302,172.31.33.0-255,66,17673,34,308951
27502,0.000312,74.125.200.0-255,1484,19157,34,308951
27503,0.000316,172.31.33.0-255,66,19223,34,308951
27504,0.000323,74.125.200.0-255,1484,20707,34,308951
27505,0.000326,172.31.33.0-255,66,20773,34,308951
27506,0.000332,74.125.200.0-255,5738,26511,34,308951
27507,0.000335,172.31.33.0-255,66,26577,34,308951
27508,0.000337,74.125.200.0-255,1484,28061,34,308951
27509,0.000339,172.31.33.0-255,66,28127,34,308951
27510,0.000362,74.125.200.0-255,2902,31029,34,308951
27511,0.000366,172.31.33.0-255,66,31095,34,308951
27512,0.000379,74.125.200.0-255,2902,33997,34,308951
27513,0.000381,172.31.33.0-255,66,34063,34,308951
27514,0.000393,74.125.200.0-255,2543,36606,34,308951
27515,0.000395,172.31.33.0-255,66,36672,34,308951
27516,0.000401,74.125.200.0-255,5738,42410,34,308951
27517,0.000402,172.31.33.0-255,66,42476,34,308951
27518,0.000432,74.125.200.0-255,6797,49273,34,308951
27519,0.000434,172.31.33.0-255,66,49339,34,308951
27520,0.00047,74.125.200.0-255,1484,50823,34,308951
27521,0.000483,74.125.200.0-255,2902,53725,34,308951
27522,0.000486,172.31.33.0-255,66,53791,34,308951
27523,0.000505,74.125.200.0-255,2902,56693,34,308951
27524,0.000508,172.31.33.0-255,66,56759,34,308951
27525,0.000514,74.125.200.0-255,4320,61079,34,308951
27526,0.000516,172.31.33.0-255,66,61145,34,308951
27527,0.000548,74.125.200.0-255,2902,64047,34,308951
27528,0.000551,172.31.33.0-255,66,64113,34,308951
27529,0.000561,74.125.200.0-255,2543,66656,34,308951
27530,0.000563,172.31.33.0-255,66,66722,34,308951
27531,0.000592,74.125.200.0-255,363,67085,34,308951
27532,0.000682,172.31.33.0-255,66,67151,34,308951
27533,0.000732,74.125.200.0-255,131,67282,34,308951
27534,0.00075,172.31.33.0-255,66,67348,34,308951
27535,0.000884,74.125.200.0-255,1484,68832,34,308951
27536,0.000899,74.125.200.0-255,1484,70316,34,308951
27537,0.000903,172.31.33.0-255,66,70382,34,308951
27538,0.000921,74.125.200.0-255,1484,71866,34,308951
27539,0.000926,74.125.200.0-255,4320,76186,34,308951
27540,0.000928,172.31.33.0-255,66,76252,34,308951
27541,0.000945,74.125.200.0-255,5738,81990,34,308951
27542,0.000948,172.31.33.0-255,66,82056,34,308951
27543,0.000962,74.125.200.0-255,3961,86017,34,308951
27544,0.000965,172.31.33.0-255,66,86083,34,308951
27545,0.000969,74.125.200.0-255,2902,88985,34,308951
27546,0.00097,172.31.33.0-255,66,89051,34,308951
27547,0.00101,74.125.200.0-255,2902,91953,34,308951
27548,0.001013,172.31.33.0-255,66,92019,34,308951
27549,0.001038,172.31.33.0-255,66,92085,34,308951
27550,0.002156,74.125.200.0-255,1484,93569,34,308951
27551,0.002163,74.125.200.0-255,1484,95053,34,308951
27552,0.002167,172.31.33.0-255,66,95119,34,308951
27553,0.002179,74.125.200.0-255,1484,96603,34,308951
27554,0.002182,74.125.200.0-255,1484,98087,34,308951
27555,0.002184,172.31.33.0-255,66,98153,34,308951
27556,0.002208,74.125.200.0-255,4320,102473,34,308951
27557,0.002211,172.31.33.0-255,66,102539,34,308951
27558,0.002213,74.125.200.0-255,1484,104023,34,308951
27559,0.002217,74.125.200.0-255,2902,106925,34,308951
27560,0.002219,172.31.33.0-255,66,106991,34,308951
27561,0.002247,74.125.200.0-255,5738,112729,34,308951
27562,0.002249,172.31.33.0-255,66,112795,34,308951
27563,0.002252,74.125.200.0-255,1484,114279,34,308951
27564,0.002255,74.125.200.0-255,1484,115763,34,308951
27565,0.002257,172.31.33.0-255,66,115829,34,308951
27566,0.002267,74.125.200.0-255,1484,117313,34,308951
27567,0.002285,74.125.200.0-255,2902,120215,34,308951
27568,0.002287,172.31.33.0-255,66,120281,34,308951
27569,0.002298,74.125.200.0-255,2902,123183,34,308951
27570,0.0023,172.31.33.0-255,66,123249,34,308951
27571,0.002302,74.125.200.0-255,1484,124733,34,308951
27572,0.002324,74.125.200.0-255,2184,126917,34,308951
27573,0.002327,172.31.33.0-255,66,126983,34,308951
27574,0.002488,74.125.200.0-255,1484,128467,34,308951
27575,0.002507,74.125.200.0-255,2902,131369,34,308951
27576,0.00251,172.31.33.0-255,66,131435,34,308951
27577,0.00253,74.125.200.0-255,1484,132919,34,308951
27578,0.002547,74.125.200.0-255,4320,137239,34,308951
27579,0.002549,172.31.33.0-255,66,137305,34,308951
27580,0.002556,74.125.200.0-255,7156,144461,34,308951
27581,0.002559,172.31.33.0-255,66,144527,34,308951
27582,0.002573,74.125.200.0-255,4320,148847,34,308951
27583,0.002575,172.31.33.0-255,66,148913,34,308951
27584,0.002592,74.125.200.0-255,4320,153233,34,308951
27585,0.002593,172.31.33.0-255,66,153299,34,308951
27586,0.002598,74.125.200.0-255,4320,157619,34,308951
27587,0.0026,172.31.33.0-255,66,157685,34,308951
27588,0.002603,74.125.200.0-255,1484,159169,34,308951
27589,0.002605,74.125.200.0-255,1484,160653,34,308951
27590,0.002607,172.31.33.0-255,66,160719,34,308951
27591,0.00261,74.125.200.0-255,766,161485,34,308951
27592,0.002642,74.125.200.0-255,2902,164387,34,308951
27593,0.002645,172.31.33.0-255,66,164453,34,308951
27594,0.002647,74.125.200.0-255,1484,165937,34,308951
27595,0.002651,74.125.200.0-255,2902,168839,34,308951
27596,0.002654,172.31.33.0-255,66,168905,34,308951
27597,0.002657,74.125.200.0-255,2902,171807,34,308951
27598,0.002659,172.31.33.0-255,66,171873,34,308951
27599,0.002676,74.125.200.0-255,1484,173357,34,308951
27600,0.002697,74.125.200.0-255,4320,177677,34,308951
27601,0.002699,172.31.33.0-255,66,177743,34,308951
27602,0.002701,74.125.200.0-255,1484,179227,34,308951
27603,0.002703,74.125.200.0-255,1484,180711,34,308951
27604,0.002704,172.31.33.0-255,66,180777,34,308951
27605,0.002708,74.125.200.0-255,2902,183679,34,308951
27606,0.00271,172.31.33.0-255,66,183745,34,308951
27607,0.002734,74.125.200.0-255,4320,188065,34,308951
27608,0.002736,172.31.33.0-255,66,188131,34,308951
27609,0.002738,74.125.200.0-255,1484,189615,34,308951
27610,0.002751,74.125.200.0-255,1484,191099,34,308951
27611,0.002753,172.31.33.0-255,66,191165,34,308951
27612,0.002768,74.125.200.0-255,5020,196185,34,308951
27613,0.00277,172.31.33.0-255,66,196251,34,308951
27614,0.002775,74.125.200.0-255,4320,200571,34,308951
27615,0.002776,172.31.33.0-255,66,200637,34,308951
27616,0.002806,74.125.200.0-255,2902,203539,34,308951
27617,0.002807,172.31.33.0-255,66,203605,34,308951
27618,0.002813,74.125.200.0-255,7156,210761,34,308951
27619,0.002815,172.31.33.0-255,66,210827,34,308951
27620,0.002817,74.125.200.0-255,1484,212311,34,308951
27621,0.002848,172.31.33.0-255,66,212377,34,308951
27622,0.002854,74.125.200.0-255,7156,219533,34,308951
27623,0.002855,172.31.33.0-255,66,219599,34,308951
27624,0.002857,74.125.200.0-255,766,220365,34,308951
27625,0.002877,74.125.200.0-255,1484,221849,34,308951
27626,0.002878,172.31.33.0-255,66,221915,34,308951
27627,0.002881,74.125.200.0-255,1484,223399,34,308951
27628,0.002896,74.125.200.0-255,2902,226301,34,308951
27629,0.002898,172.31.33.0-255,66,226367,34,308951
27630,0.002948,74.125.200.0-255,4320,230687,34,308951
27631,0.00295,172.31.33.0-255,66,230753,34,308951
27632,0.002974,74.125.200.0-255,2902,233655,34,308951
27633,0.002976,172.31.33.0-255,66,233721,34,308951
27634,0.002984,172.31.33.0-255,66,233787,34,308951
27635,0.002995,172.31.33.0-255,66,233853,34,308951
27636,0.003005,74.125.200.0-255,1484,235337,34,308951
27637,0.003031,172.31.33.0-255,66,235403,34,308951
27638,0.003035,74.125.200.0-255,2902,238305,34,308951
27639,0.003037,172.31.33.0-255,66,238371,34,308951
27640,0.003058,172.31.33.0-255,66,238437,34,308951
27641,0.003079,74.125.200.0-255,1484,239921,34,308951
27642,0.003083,74.125.200.0-255,2902,242823,34,308951
27643,0.003085,172.31.33.0-255,66,242889,34,308951
27644,0.003089,74.125.200.0-255,4320,247209,34,308951
27645,0.003092,172.31.33.0-255,66,247275,34,308951
27646,0.003096,74.125.200.0-255,4320,251595,34,308951
27647,0.003098,172.31.33.0-255,66,251661,34,308951
27648,0.003121,74.125.200.0-255,766,252427,34,308951
27649,0.003127,74.125.200.0-255,5738,258165,34,308951
27650,0.003129,172.31.33.0-255,66,258231,34,308951
27651,0.003136,74.125.200.0-255,7156,265387,34,308951
27652,0.003138,172.31.33.0-255,66,265453,34,308951
27653,0.003172,172.31.33.0-255,66,265519,34,308951
27654,0.003192,74.125.200.0-255,5738,271257,34,308951
27655,0.003194,172.31.33.0-255,66,271323,34,308951
27656,0.003217,74.125.200.0-255,1484,272807,34,308951
27657,0.00322,172.31.33.0-255,78,272885,34,308951
27658,0.003225,74.125.200.0-255,4320,277205,34,308951
27659,0.003228,172.31.33.0-255,78,277283,34,308951
27660,0.003266,172.31.33.0-255,66,277349,34,308951
27661,0.003278,172.31.33.0-255,66,277415,34,308951
27662,0.003282,74.125.200.0-255,2902,280317,34,308951
27663,0.003284,172.31.33.0-255,66,280383,34,308951
27664,0.003286,74.125.200.0-255,1484,281867,34,308951
27665,0.003289,74.125.200.0-255,1484,283351,34,308951
27666,0.00329,172.31.33.0-255,66,283417,34,308951
27667,0.003305,74.125.200.0-255,1484,284901,34,308951
27668,0.003321,74.125.200.0-255,4320,289221,34,308951
27669,0.003323,172.31.33.0-255,66,289287,34,308951
27670,0.003325,74.125.200.0-255,1484,290771,34,308951
27671,0.003327,172.31.33.0-255,78,290849,34,308951
27672,0.00333,74.125.200.0-255,2184,293033,34,308951
27673,0.003332,172.31.33.0-255,66,293099,34,308951
27674,0.003335,74.125.200.0-255,1484,294583,34,308951
27675,0.003369,74.125.200.0-255,5738,300321,34,308951
27676,0.003374,172.31.33.0-255,66,300387,34,308951
27677,0.00338,74.125.200.0-255,5738,306125,34,308951
27678,0.003384,172.31.33.0-255,66,306191,34,308951
27679,0.003414,172.31.33.0-255,66,306257,34,308951
27680,0.003421,74.125.200.0-255,2394,308651,34,308951
27681,0.003424,172.31.33.0-255,66,308717,34,308951
27682,0.003428,74.125.200.0-255,105,308822,34,308951
27683,0.003449,74.125.200.0-255,129,308951,34,308951
27684,0.0,74.125.200.0-255,226,226,34,48641
27685,2.5e-05,172.31.33.0-255,66,292,34,48641
27686,3.2e-05,74.125.200.0-255,1484,1776,34,48641
27687,3.6e-05,172.31.33.0-255,66,1842,34,48641
27688,8.1e-05,74.125.200.0-255,4320,6162,34,48641
27689,8.4e-05,172.31.33.0-255,66,6228,34,48641
27690,0.000303,172.31.33.0-255,66,6294,34,48641
27691,0.000672,74.125.200.0-255,5738,12032,34,48641
27692,0.000677,172.31.33.0-255,66,12098,34,48641
27693,0.000697,74.125.200.0-255,2902,15000,34,48641
27694,0.000699,172.31.33.0-255,66,15066,34,48641
27695,0.001097,74.125.200.0-255,7156,22222,34,48641
27696,0.001102,172.31.33.0-255,66,22288,34,48641
27697,0.001118,74.125.200.0-255,1125,23413,34,48641
27698,0.00112,172.31.33.0-255,66,23479,34,48641
27699,0.001499,74.125.200.0-255,4320,27799,34,48641
27700,0.001502,172.31.33.0-255,66,27865,34,48641
27701,0.002337,74.125.200.0-255,2902,30767,34,48641
27702,0.00234,172.31.33.0-255,66,30833,34,48641
27703,0.003805,74.125.200.0-255,2902,33735,34,48641
27704,0.00381,172.31.33.0-255,66,33801,34,48641
27705,0.004652,74.125.200.0-255,2902,36703,34,48641
27706,0.004659,172.31.33.0-255,66,36769,34,48641
27707,0.006119,74.125.200.0-255,2902,39671,34,48641
27708,0.006125,172.31.33.0-255,66,39737,34,48641
27709,0.006971,74.125.200.0-255,2902,42639,34,48641
27710,0.006977,172.31.33.0-255,66,42705,34,48641
27711,0.008447,74.125.200.0-255,2902,45607,34,48641
27712,0.008453,172.31.33.0-255,66,45673,34,48641
27713,0.009314,74.125.200.0-255,2902,48575,34,48641
27714,0.00932,172.31.33.0-255,66,48641,34,48641
27715,0.0,172.217.160.0-255,152,152,34,222300
27716,2.1e-05,172.31.33.0-255,66,218,34,222300
27717,2.8e-05,172.217.160.0-255,1484,1702,34,222300
27718,3.1e-05,172.31.33.0-255,66,1768,34,222300
27719,4.5e-05,172.217.160.0-255,2902,4670,34,222300
27720,4.8e-05,172.31.33.0-255,66,4736,34,222300
27721,5.3e-05,172.217.160.0-255,4320,9056,34,222300
27722,5.6e-05,172.31.33.0-255,66,9122,34,222300
27723,6.8e-05,172.31.33.0-255,66,9188,34,222300
27724,0.000108,172.31.33.0-255,66,9254,34,222300
27725,0.00028,172.217.160.0-255,1484,10738,34,222300
27726,0.000286,172.31.33.0-255,66,10804,34,222300
27727,0.000293,172.217.160.0-255,2902,13706,34,222300
27728,0.000295,172.31.33.0-255,66,13772,34,222300
27729,0.000328,172.217.160.0-255,5738,19510,34,222300
27730,0.000332,172.31.33.0-255,66,19576,34,222300
27731,0.000341,172.217.160.0-255,6797,26373,34,222300
27732,0.000343,172.31.33.0-255,66,26439,34,222300
27733,0.000623,172.217.160.0-255,1484,27923,34,222300
27734,0.000629,172.31.33.0-255,66,27989,34,222300
27735,0.000636,172.217.160.0-255,2902,30891,34,222300
27736,0.000639,172.31.33.0-255,66,30957,34,222300
27737,0.000652,172.217.160.0-255,5738,36695,34,222300
27738,0.000655,172.31.33.0-255,66,36761,34,222300
27739,0.000691,172.217.160.0-255,7066,43827,34,222300
27740,0.000696,172.31.33.0-255,66,43893,34,222300
27741,0.001028,172.217.160.0-255,126,44019,34,222300
27742,0.001035,172.31.33.0-255,66,44085,34,222300
27743,0.001193,172.217.160.0-255,1484,45569,34,222300
27744,0.001199,172.31.33.0-255,66,45635,34,222300
27745,0.001204,172.217.160.0-255,2902,48537,34,222300
27746,0.001206,172.31.33.0-255,66,48603,34,222300
27747,0.001211,172.217.160.0-255,2902,51505,34,222300
27748,0.001213,172.31.33.0-255,66,51571,34,222300
27749,0.001234,172.217.160.0-255,2902,54473,34,222300
27750,0.001236,172.31.33.0-255,66,54539,34,222300
27751,0.001263,172.217.160.0-255,6797,61336,34,222300
27752,0.001265,172.31.33.0-255,66,61402,34,222300
27753,0.001271,172.217.160.0-255,4320,65722,34,222300
27754,0.001273,172.31.33.0-255,66,65788,34,222300
27755,0.001284,172.217.160.0-255,2902,68690,34,222300
27756,0.001286,172.31.33.0-255,66,68756,34,222300
27757,0.001316,172.31.33.0-255,66,68822,34,222300
27758,0.001339,172.217.160.0-255,1125,69947,34,222300
27759,0.001451,172.217.160.0-255,1484,71431,34,222300
27760,0.001455,172.31.33.0-255,66,71497,34,222300
27761,0.00146,172.217.160.0-255,2902,74399,34,222300
27762,0.001462,172.31.33.0-255,66,74465,34,222300
27763,0.001467,172.217.160.0-255,5738,80203,34,222300
27764,0.001475,172.31.33.0-255,66,80269,34,222300
27765,0.001502,172.217.160.0-255,2902,83171,34,222300
27766,0.001504,172.31.33.0-255,66,83237,34,222300
27767,0.001545,172.31.33.0-255,66,83303,34,222300
27768,0.001558,172.31.33.0-255,66,83369,34,222300
27769,0.001581,172.217.160.0-255,1484,84853,34,222300
27770,0.001585,172.217.160.0-255,2902,87755,34,222300
27771,0.001589,172.31.33.0-255,66,87821,34,222300
27772,0.001617,172.217.160.0-255,5738,93559,34,222300
27773,0.00162,172.31.33.0-255,66,93625,34,222300
27774,0.001623,172.217.160.0-255,1484,95109,34,222300
27775,0.001632,172.31.33.0-255,66,95175,34,222300
27776,0.001679,172.31.33.0-255,66,95241,34,222300
27777,0.001695,172.217.160.0-255,3602,98843,34,222300
27778,0.001698,172.31.33.0-255,66,98909,34,222300
27779,0.002039,172.217.160.0-255,1484,100393,34,222300
27780,0.002045,172.217.160.0-255,2902,103295,34,222300
27781,0.002048,172.31.33.0-255,66,103361,34,222300
27782,0.002083,172.217.160.0-255,5738,109099,34,222300
27783,0.002086,172.31.33.0-255,66,109165,34,222300
27784,0.002093,172.217.160.0-255,7156,116321,34,222300
27785,0.002095,172.31.33.0-255,66,116387,34,222300
27786,0.002098,172.217.160.0-255,1484,117871,34,222300
27787,0.002138,172.31.33.0-255,66,117937,34,222300
27788,0.002142,172.217.160.0-255,2184,120121,34,222300
27789,0.002144,172.31.33.0-255,66,120187,34,222300
27790,0.002189,172.31.33.0-255,66,120253,34,222300
27791,0.002193,172.217.160.0-255,2902,123155,34,222300
27792,0.002195,172.31.33.0-255,66,123221,34,222300
27793,0.002198,172.217.160.0-255,1484,124705,34,222300
27794,0.002231,172.31.33.0-255,66,124771,34,222300
27795,0.002272,172.217.160.0-255,7156,131927,34,222300
27796,0.002275,172.31.33.0-255,66,131993,34,222300
27797,0.00231,172.217.160.0-255,2902,134895,34,222300
27798,0.002313,172.31.33.0-255,66,134961,34,222300
27799,0.002331,172.31.33.0-255,66,135027,34,222300
27800,0.002351,172.31.33.0-255,66,135093,34,222300
27801,0.002368,172.31.33.0-255,66,135159,34,222300
27802,0.002406,172.217.160.0-255,4320,139479,34,222300
27803,0.002408,172.31.33.0-255,66,139545,34,222300
27804,0.002437,172.217.160.0-255,5020,144565,34,222300
27805,0.00244,172.31.33.0-255,66,144631,34,222300
27806,0.002446,172.217.160.0-255,5738,150369,34,222300
27807,0.002448,172.31.33.0-255,66,150435,34,222300
27808,0.002454,172.217.160.0-255,7156,157591,34,222300
27809,0.002456,172.31.33.0-255,66,157657,34,222300
27810,0.002468,172.31.33.0-255,66,157723,34,222300
27811,0.002503,172.217.160.0-255,2902,160625,34,222300
27812,0.00251,172.217.160.0-255,6438,167063,34,222300
27813,0.002517,172.31.33.0-255,66,167129,34,222300
27814,0.00252,172.31.33.0-255,66,167195,34,222300
27815,0.002541,172.217.160.0-255,1484,168679,34,222300
27816,0.002545,172.217.160.0-255,2902,171581,34,222300
27817,0.002547,172.31.33.0-255,66,171647,34,222300
27818,0.002582,172.217.160.0-255,5738,177385,34,222300
27819,0.002585,172.31.33.0-255,66,177451,34,222300
27820,0.002588,172.217.160.0-255,1484,178935,34,222300
27821,0.002593,172.217.160.0-255,4320,183255,34,222300
27822,0.002595,172.31.33.0-255,66,183321,34,222300
27823,0.002615,172.217.160.0-255,4320,187641,34,222300
27824,0.002619,172.31.33.0-255,66,187707,34,222300
27825,0.002657,172.217.160.0-255,7156,194863,34,222300
27826,0.00266,172.31.33.0-255,66,194929,34,222300
27827,0.002705,172.217.160.0-255,6438,201367,34,222300
27828,0.002709,172.31.33.0-255,66,201433,34,222300
27829,0.002715,172.217.160.0-255,7156,208589,34,222300
27830,0.002717,172.31.33.0-255,66,208655,34,222300
27831,0.002727,172.31.33.0-255,66,208721,34,222300
27832,0.002763,172.217.160.0-255,7156,215877,34,222300
27833,0.002775,172.31.33.0-255,66,215943,34,222300
27834,0.002803,172.217.160.0-255,5949,221892,34,222300
27835,0.002811,172.31.33.0-255,66,221958,34,222300
27836,0.002842,172.217.160.0-255,105,222063,34,222300
27837,0.004604,172.31.33.0-255,66,222129,34,222300
27838,0.004634,172.31.33.0-255,105,222234,34,222300
27839,0.006483,172.217.160.0-255,66,222300,34,222300
27840,0.0,74.125.24.0-255,151,151,34,176988
27841,2.8e-05,172.31.33.0-255,66,217,34,176988
27842,3.4e-05,74.125.24.0-255,1484,1701,34,176988
27843,3.8e-05,172.31.33.0-255,66,1767,34,176988
27844,4.3e-05,74.125.24.0-255,2902,4669,34,176988
27845,4.6e-05,172.31.33.0-255,66,4735,34,176988
27846,5.1e-05,74.125.24.0-255,4320,9055,34,176988
27847,5.4e-05,172.31.33.0-255,66,9121,34,176988
27848,6e-05,74.125.24.0-255,4857,13978,34,176988
27849,6.2e-05,172.31.33.0-255,66,14044,34,176988
27850,0.000102,74.125.24.0-255,1484,15528,34,176988
27851,0.000105,172.31.33.0-255,66,15594,34,176988
27852,0.00011,74.125.24.0-255,2902,18496,34,176988
27853,0.000112,172.31.33.0-255,66,18562,34,176988
27854,0.000132,74.125.24.0-255,5738,24300,34,176988
27855,0.000136,172.31.33.0-255,66,24366,34,176988
27856,0.000144,74.125.24.0-255,1484,25850,34,176988
27857,0.000146,172.31.33.0-255,66,25916,34,176988
27858,0.000174,74.125.24.0-255,5379,31295,34,176988
27859,0.000178,172.31.33.0-255,66,31361,34,176988
27860,0.000341,74.125.24.0-255,1484,32845,34,176988
27861,0.000348,172.31.33.0-255,66,32911,34,176988
27862,0.000355,74.125.24.0-255,2902,35813,34,176988
27863,0.000358,172.31.33.0-255,66,35879,34,176988
27864,0.000361,74.125.24.0-255,1484,37363,34,176988
27865,0.000363,172.31.33.0-255,66,37429,34,176988
27866,0.000392,74.125.24.0-255,4320,41749,34,176988
27867,0.000397,172.31.33.0-255,66,41815,34,176988
27868,0.000439,172.31.33.0-255,66,41881,34,176988
27869,0.000443,74.125.24.0-255,2902,44783,34,176988
27870,0.000447,172.31.33.0-255,66,44849,34,176988
27871,0.000482,74.125.24.0-255,6797,51646,34,176988
27872,0.000486,172.31.33.0-255,66,51712,34,176988
27873,0.000489,74.125.24.0-255,362,52074,34,176988
27874,0.000506,74.125.24.0-255,412,52486,34,176988
27875,0.000733,74.125.24.0-255,1484,53970,34,176988
27876,0.000739,172.31.33.0-255,66,54036,34,176988
27877,0.000745,74.125.24.0-255,2902,56938,34,176988
27878,0.000748,172.31.33.0-255,66,57004,34,176988
27879,0.000755,74.125.24.0-255,5738,62742,34,176988
27880,0.000758,172.31.33.0-255,66,62808,34,176988
27881,0.000795,172.31.33.0-255,66,62874,34,176988
27882,0.000838,172.31.33.0-255,66,62940,34,176988
27883,0.000861,74.125.24.0-255,3602,66542,34,176988
27884,0.000864,172.31.33.0-255,66,66608,34,176988
27885,0.00103,74.125.24.0-255,1484,68092,34,176988
27886,0.001038,74.125.24.0-255,2902,70994,34,176988
27887,0.001042,172.31.33.0-255,66,71060,34,176988
27888,0.001049,74.125.24.0-255,5738,76798,34,176988
27889,0.001052,172.31.33.0-255,66,76864,34,176988
27890,0.001087,172.31.33.0-255,66,76930,34,176988
27891,0.001107,74.125.24.0-255,4320,81250,34,176988
27892,0.001111,172.31.33.0-255,66,81316,34,176988
27893,0.001136,172.31.33.0-255,66,81382,34,176988
27894,0.00117,74.125.24.0-255,1484,82866,34,176988
27895,0.001176,74.125.24.0-255,2902,85768,34,176988
27896,0.00118,172.31.33.0-255,66,85834,34,176988
27897,0.001206,74.125.24.0-255,5738,91572,34,176988
27898,0.00121,172.31.33.0-255,66,91638,34,176988
27899,0.001221,172.31.33.0-255,66,91704,34,176988
27900,0.001242,74.125.24.0-255,2902,94606,34,176988
27901,0.001245,172.31.33.0-255,66,94672,34,176988
27902,0.001259,172.31.33.0-255,66,94738,34,176988
27903,0.001285,74.125.24.0-255,1484,96222,34,176988
27904,0.001291,74.125.24.0-255,2902,99124,34,176988
27905,0.001294,172.31.33.0-255,66,99190,34,176988
27906,0.001297,74.125.24.0-255,1484,100674,34,176988
27907,0.001316,74.125.24.0-255,4320,104994,34,176988
27908,0.001318,172.31.33.0-255,66,105060,34,176988
27909,0.001324,74.125.24.0-255,4320,109380,34,176988
27910,0.001326,172.31.33.0-255,66,109446,34,176988
27911,0.001355,172.31.33.0-255,66,109512,34,176988
27912,0.001365,172.31.33.0-255,66,109578,34,176988
27913,0.001388,74.125.24.0-255,2902,112480,34,176988
27914,0.00139,172.31.33.0-255,66,112546,34,176988
27915,0.001463,172.31.33.0-255,66,112612,34,176988
27916,0.001485,74.125.24.0-255,3602,116214,34,176988
27917,0.001488,172.31.33.0-255,66,116280,34,176988
27918,0.001502,172.31.33.0-255,66,116346,34,176988
27919,0.001515,172.31.33.0-255,66,116412,34,176988
27920,0.001538,172.31.33.0-255,66,116478,34,176988
27921,0.00154,74.125.24.0-255,766,117244,34,176988
27922,0.001654,74.125.24.0-255,1484,118728,34,176988
27923,0.001659,172.31.33.0-255,66,118794,34,176988
27924,0.001665,74.125.24.0-255,2902,121696,34,176988
27925,0.001668,172.31.33.0-255,66,121762,34,176988
27926,0.001674,74.125.24.0-255,5738,127500,34,176988
27927,0.001676,172.31.33.0-255,66,127566,34,176988
27928,0.0017,172.31.33.0-255,66,127632,34,176988
27929,0.001743,74.125.24.0-255,2902,130534,34,176988
27930,0.001746,172.31.33.0-255,66,130600,34,176988
27931,0.001775,172.31.33.0-255,66,130666,34,176988
27932,0.001894,74.125.24.0-255,1484,132150,34,176988
27933,0.001899,74.125.24.0-255,2902,135052,34,176988
27934,0.001901,172.31.33.0-255,66,135118,34,176988
27935,0.001922,74.125.24.0-255,5738,140856,34,176988
27936,0.001925,172.31.33.0-255,66,140922,34,176988
27937,0.001927,74.125.24.0-255,1484,142406,34,176988
27938,0.001952,172.31.33.0-255,66,142472,34,176988
27939,0.001958,74.125.24.0-255,5738,148210,34,176988
27940,0.001961,172.31.33.0-255,66,148276,34,176988
27941,0.001976,74.125.24.0-255,2902,151178,34,176988
27942,0.001979,172.31.33.0-255,66,151244,34,176988
27943,0.001997,74.125.24.0-255,2184,153428,34,176988
27944,0.001999,172.31.33.0-255,66,153494,34,176988
27945,0.002016,74.125.24.0-255,2902,156396,34,176988
27946,0.002018,172.31.33.0-255,66,156462,34,176988
27947,0.002022,74.125.24.0-255,2902,159364,34,176988
27948,0.002025,172.31.33.0-255,66,159430,34,176988
27949,0.002047,74.125.24.0-255,4320,163750,34,176988
27950,0.002049,172.31.33.0-255,66,163816,34,176988
27951,0.002064,172.31.33.0-255,66,163882,34,176988
27952,0.002093,74.125.24.0-255,4320,168202,34,176988
27953,0.002095,172.31.33.0-255,66,168268,34,176988
27954,0.002143,74.125.24.0-255,2184,170452,34,176988
27955,0.002155,74.125.24.0-255,1484,171936,34,176988
27956,0.002172,74.125.24.0-255,4776,176712,34,176988
27957,0.002175,74.125.24.0-255,105,176817,34,176988
27958,0.007584,172.31.33.0-255,66,176883,34,176988
27959,0.009946,172.31.33.0-255,105,176988,34,176988
27960,0.0,172.217.194.0-255,143,143,34,160784
27961,2.8e-05,172.31.33.0-255,66,209,34,160784
27962,3.5e-05,172.217.194.0-255,1484,1693,34,160784
27963,3.9e-05,172.31.33.0-255,66,1759,34,160784
27964,4.3e-05,172.217.194.0-255,2902,4661,34,160784
27965,5.4e-05,172.31.33.0-255,66,4727,34,160784
27966,6e-05,172.217.194.0-255,7156,11883,34,160784
27967,6.3e-05,172.31.33.0-255,66,11949,34,160784
27968,8.5e-05,172.217.194.0-255,2054,14003,34,160784
27969,8.7e-05,172.31.33.0-255,66,14069,34,160784
27970,9.1e-05,172.217.194.0-255,1484,15553,34,160784
27971,9.2e-05,172.31.33.0-255,66,15619,34,160784
27972,0.000126,172.217.194.0-255,1484,17103,34,160784
27973,0.000129,172.31.33.0-255,66,17169,34,160784
27974,0.000136,172.217.194.0-255,7156,24325,34,160784
27975,0.000138,172.31.33.0-255,66,24391,34,160784
27976,0.000142,172.217.194.0-255,2902,27293,34,160784
27977,0.000144,172.31.33.0-255,66,27359,34,160784
27978,0.000174,172.217.194.0-255,3961,31320,34,160784
27979,0.000178,172.31.33.0-255,66,31386,34,160784
27980,0.000199,172.217.194.0-255,1484,32870,34,160784
27981,0.000201,172.31.33.0-255,66,32936,34,160784
27982,0.000223,172.217.194.0-255,2902,35838,34,160784
27983,0.000226,172.31.33.0-255,66,35904,34,160784
27984,0.000231,172.217.194.0-255,4320,40224,34,160784
27985,0.000233,172.31.33.0-255,66,40290,34,160784
27986,0.000258,172.217.194.0-255,1484,41774,34,160784
27987,0.000261,172.31.33.0-255,66,41840,34,160784
27988,0.000266,172.217.194.0-255,4320,46160,34,160784
27989,0.000268,172.31.33.0-255,66,46226,34,160784
27990,0.000279,172.31.33.0-255,66,46292,34,160784
27991,0.000303,172.217.194.0-255,2543,48835,34,160784
27992,0.000306,172.31.33.0-255,66,48901,34,160784
27993,0.000312,172.217.194.0-255,7087,55988,34,160784
27994,0.000315,172.31.33.0-255,66,56054,34,160784
27995,0.000363,172.217.194.0-255,366,56420,34,160784
27996,0.00045,172.217.194.0-255,1484,57904,34,160784
27997,0.000454,172.31.33.0-255,66,57970,34,160784
27998,0.000458,172.217.194.0-255,2902,60872,34,160784
27999,0.00046,172.31.33.0-255,66,60938,34,160784
28000,0.00049,172.217.194.0-255,5738,66676,34,160784
28001,0.000493,172.31.33.0-255,66,66742,34,160784
28002,0.000498,172.217.194.0-255,4320,71062,34,160784
28003,0.0005,172.31.33.0-255,66,71128,34,160784
28004,0.000531,172.31.33.0-255,66,71194,34,160784
28005,0.000559,172.217.194.0-255,2543,73737,34,160784
28006,0.000562,172.31.33.0-255,66,73803,34,160784
28007,0.000568,172.217.194.0-255,6797,80600,34,160784
28008,0.00057,172.31.33.0-255,66,80666,34,160784
28009,0.000954,172.217.194.0-255,1484,82150,34,160784
28010,0.000961,172.217.194.0-255,2902,85052,34,160784
28011,0.000964,172.31.33.0-255,66,85118,34,160784
28012,0.00097,172.217.194.0-255,2902,88020,34,160784
28013,0.000972,172.31.33.0-255,66,88086,34,160784
28014,0.000994,172.217.194.0-255,2902,90988,34,160784
28015,0.000997,172.31.33.0-255,66,91054,34,160784
28016,0.001001,172.217.194.0-255,1484,92538,34,160784
28017,0.001042,172.31.33.0-255,66,92604,34,160784
28018,0.00107,172.31.33.0-255,66,92670,34,160784
28019,0.001089,172.217.194.0-255,2184,94854,34,160784
28020,0.001092,172.31.33.0-255,66,94920,34,160784
28021,0.001097,172.217.194.0-255,2902,97822,34,160784
28022,0.001101,172.31.33.0-255,66,97888,34,160784
28023,0.001139,172.31.33.0-255,66,97954,34,160784
28024,0.001147,172.31.33.0-255,66,98020,34,160784
28025,0.001175,172.217.194.0-255,1484,99504,34,160784
28026,0.001188,172.31.33.0-255,66,99570,34,160784
28027,0.001605,172.217.194.0-255,1484,101054,34,160784
28028,0.001613,172.217.194.0-255,2902,103956,34,160784
28029,0.001617,172.31.33.0-255,66,104022,34,160784
28030,0.001624,172.217.194.0-255,5738,109760,34,160784
28031,0.001626,172.31.33.0-255,66,109826,34,160784
28032,0.001671,172.31.33.0-255,66,109892,34,160784
28033,0.001701,172.217.194.0-255,4320,114212,34,160784
28034,0.001705,172.31.33.0-255,66,114278,34,160784
28035,0.001712,172.217.194.0-255,7156,121434,34,160784
28036,0.001714,172.31.33.0-255,66,121500,34,160784
28037,0.001724,172.217.194.0-255,3602,125102,34,160784
28038,0.001727,172.31.33.0-255,66,125168,34,160784
28039,0.001757,172.217.194.0-255,4320,129488,34,160784
28040,0.001761,172.31.33.0-255,66,129554,34,160784
28041,0.001764,172.217.194.0-255,1484,131038,34,160784
28042,0.001794,172.217.194.0-255,5738,136776,34,160784
28043,0.001798,172.31.33.0-255,66,136842,34,160784
28044,0.00181,172.31.33.0-255,66,136908,34,160784
28045,0.001841,172.217.194.0-255,2902,139810,34,160784
28046,0.001844,172.31.33.0-255,66,139876,34,160784
28047,0.001855,172.31.33.0-255,66,139942,34,160784
28048,0.001925,172.31.33.0-255,66,140008,34,160784
28049,0.001969,172.31.33.0-255,66,140074,34,160784
28050,0.001972,172.217.194.0-255,1484,141558,34,160784
28051,0.001991,172.31.33.0-255,66,141624,34,160784
28052,0.002002,172.31.33.0-255,66,141690,34,160784
28053,0.002017,172.31.33.0-255,66,141756,34,160784
28054,0.00202,172.217.194.0-255,1484,143240,34,160784
28055,0.002069,172.31.33.0-255,66,143306,34,160784
28056,0.004056,172.217.194.0-255,1484,144790,34,160784
28057,0.004077,172.217.194.0-255,4320,149110,34,160784
28058,0.004081,172.31.33.0-255,66,149176,34,160784
28059,0.006071,172.217.194.0-255,5738,154914,34,160784
28060,0.00608,172.31.33.0-255,66,154980,34,160784
28061,0.008087,172.217.194.0-255,5738,160718,34,160784
28062,0.008101,172.31.33.0-255,66,160784,34,160784
28063,0.0,172.217.194.0-255,153,153,34,137040
28064,1.7e-05,172.31.33.0-255,66,219,34,137040
28065,2.3e-05,172.217.194.0-255,1484,1703,34,137040
28066,2.8e-05,172.31.33.0-255,66,1769,34,137040
28067,3.2e-05,172.217.194.0-255,2902,4671,34,137040
28068,3.5e-05,172.31.33.0-255,66,4737,34,137040
28069,4.2e-05,172.217.194.0-255,7156,11893,34,137040
28070,4.4e-05,172.31.33.0-255,66,11959,34,137040
28071,6.6e-05,172.217.194.0-255,1484,13443,34,137040
28072,6.8e-05,172.31.33.0-255,66,13509,34,137040
28073,9.3e-05,172.31.33.0-255,66,13575,34,137040
28074,0.000115,172.217.194.0-255,1484,15059,34,137040
28075,0.000117,172.31.33.0-255,66,15125,34,137040
28076,0.000136,172.217.194.0-255,3961,19086,34,137040
28077,0.000138,172.31.33.0-255,66,19152,34,137040
28078,0.000251,172.217.194.0-255,1484,20636,34,137040
28079,0.000254,172.31.33.0-255,66,20702,34,137040
28080,0.00026,172.217.194.0-255,2902,23604,34,137040
28081,0.000261,172.31.33.0-255,66,23670,34,137040
28082,0.000279,172.217.194.0-255,5738,29408,34,137040
28083,0.000281,172.31.33.0-255,66,29474,34,137040
28084,0.000324,172.217.194.0-255,4320,33794,34,137040
28085,0.000327,172.31.33.0-255,66,33860,34,137040
28086,0.000347,172.217.194.0-255,2543,36403,34,137040
28087,0.000349,172.31.33.0-255,66,36469,34,137040
28088,0.000366,172.217.194.0-255,1484,37953,34,137040
28089,0.000368,172.31.33.0-255,66,38019,34,137040
28090,0.000394,172.217.194.0-255,5738,43757,34,137040
28091,0.000396,172.31.33.0-255,66,43823,34,137040
28092,0.000406,172.31.33.0-255,66,43889,34,137040
28093,0.000409,172.217.194.0-255,1439,45328,34,137040
28094,0.000659,172.217.194.0-255,364,45692,34,137040
28095,0.000663,172.31.33.0-255,66,45758,34,137040
28096,0.000848,172.217.194.0-255,1484,47242,34,137040
28097,0.000853,172.217.194.0-255,2902,50144,34,137040
28098,0.000856,172.31.33.0-255,66,50210,34,137040
28099,0.00087,172.217.194.0-255,4320,54530,34,137040
28100,0.000872,172.31.33.0-255,66,54596,34,137040
28101,0.000893,172.217.194.0-255,1484,56080,34,137040
28102,0.000933,172.217.194.0-255,4320,60400,34,137040
28103,0.000936,172.31.33.0-255,66,60466,34,137040
28104,0.00096,172.217.194.0-255,3961,64427,34,137040
28105,0.000962,172.31.33.0-255,66,64493,34,137040
28106,0.000972,172.31.33.0-255,66,64559,34,137040
28107,0.000994,172.217.194.0-255,4320,68879,34,137040
28108,0.000996,172.31.33.0-255,66,68945,34,137040
28109,0.001018,172.217.194.0-255,1993,70938,34,137040
28110,0.001021,172.31.33.0-255,66,71004,34,137040
28111,0.001166,172.217.194.0-255,1484,72488,34,137040
28112,0.00118,172.217.194.0-255,2902,75390,34,137040
28113,0.001182,172.31.33.0-255,66,75456,34,137040
28114,0.001187,172.217.194.0-255,2902,78358,34,137040
28115,0.001189,172.31.33.0-255,66,78424,34,137040
28116,0.001204,172.217.194.0-255,2902,81326,34,137040
28117,0.001207,172.217.194.0-255,1484,82810,34,137040
28118,0.00121,172.31.33.0-255,66,82876,34,137040
28119,0.001222,172.217.194.0-255,7156,90032,34,137040
28120,0.001224,172.31.33.0-255,66,90098,34,137040
28121,0.001239,172.217.194.0-255,4320,94418,34,137040
28122,0.001241,172.31.33.0-255,66,94484,34,137040
28123,0.001251,172.31.33.0-255,66,94550,34,137040
28124,0.001268,172.217.194.0-255,766,95316,34,137040
28125,0.001568,172.31.33.0-255,66,95382,34,137040
28126,0.002046,172.217.194.0-255,1484,96866,34,137040
28127,0.002055,172.217.194.0-255,2902,99768,34,137040
28128,0.002059,172.31.33.0-255,66,99834,34,137040
28129,0.002066,172.217.194.0-255,4320,104154,34,137040
28130,0.002067,172.31.33.0-255,66,104220,34,137040
28131,0.002085,172.217.194.0-255,1484,105704,34,137040
28132,0.002094,172.31.33.0-255,66,105770,34,137040
28133,0.002113,172.217.194.0-255,2902,108672,34,137040
28134,0.002115,172.31.33.0-255,66,108738,34,137040
28135,0.002139,172.217.194.0-255,4320,113058,34,137040
28136,0.002142,172.31.33.0-255,66,113124,34,137040
28137,0.002166,172.217.194.0-255,6438,119562,34,137040
28138,0.002168,172.31.33.0-255,66,119628,34,137040
28139,0.004686,172.217.194.0-255,5738,125366,34,137040
28140,0.004692,172.31.33.0-255,66,125432,34,137040
28141,0.007223,172.217.194.0-255,5738,131170,34,137040
28142,0.007229,172.31.33.0-255,66,131236,34,137040
28143,0.009746,172.217.194.0-255,5738,136974,34,137040
28144,0.009753,172.31.33.0-255,66,137040,34,137040
28145,0.0,74.125.24.0-255,146,146,34,254061
28146,2e-05,172.31.33.0-255,66,212,34,254061
28147,2.6e-05,74.125.24.0-255,1484,1696,34,254061
28148,3e-05,172.31.33.0-255,66,1762,34,254061
28149,3.3e-05,74.125.24.0-255,1484,3246,34,254061
28150,4.1e-05,172.31.33.0-255,66,3312,34,254061
28151,4.7e-05,74.125.24.0-255,4320,7632,34,254061
28152,5.1e-05,172.31.33.0-255,66,7698,34,254061
28153,9.4e-05,74.125.24.0-255,6383,14081,34,254061
28154,9.7e-05,172.31.33.0-255,66,14147,34,254061
28155,0.00023,74.125.24.0-255,1484,15631,34,254061
28156,0.000234,172.31.33.0-255,66,15697,34,254061
28157,0.000261,74.125.24.0-255,2902,18599,34,254061
28158,0.000264,172.31.33.0-255,66,18665,34,254061
28159,0.00027,74.125.24.0-255,5738,24403,34,254061
28160,0.000271,172.31.33.0-255,66,24469,34,254061
28161,0.000297,74.125.24.0-255,6797,31266,34,254061
28162,0.000299,172.31.33.0-255,66,31332,34,254061
28163,0.000302,74.125.24.0-255,1484,32816,34,254061
28164,0.000304,172.31.33.0-255,66,32882,34,254061
28165,0.000328,74.125.24.0-255,5738,38620,34,254061
28166,0.00033,172.31.33.0-255,66,38686,34,254061
28167,0.000336,74.125.24.0-255,5738,44424,34,254061
28168,0.000338,172.31.33.0-255,66,44490,34,254061
28169,0.000357,74.125.24.0-255,3961,48451,34,254061
28170,0.000359,172.31.33.0-255,66,48517,34,254061
28171,0.000451,74.125.24.0-255,1484,50001,34,254061
28172,0.000454,172.31.33.0-255,66,50067,34,254061
28173,0.000483,74.125.24.0-255,2902,52969,34,254061
28174,0.000486,172.31.33.0-255,66,53035,34,254061
28175,0.000491,74.125.24.0-255,5738,58773,34,254061
28176,0.000493,172.31.33.0-255,66,58839,34,254061
28177,0.000503,74.125.24.0-255,4320,63159,34,254061
28178,0.000505,172.31.33.0-255,66,63225,34,254061
28179,0.000541,74.125.24.0-255,2875,66100,34,254061
28180,0.000544,172.31.33.0-255,66,66166,34,254061
28181,0.000597,74.125.24.0-255,346,66512,34,254061
28182,0.000703,74.125.24.0-255,1484,67996,34,254061
28183,0.000707,172.31.33.0-255,66,68062,34,254061
28184,0.000711,74.125.24.0-255,1484,69546,34,254061
28185,0.000729,74.125.24.0-255,1484,71030,34,254061
28186,0.000731,172.31.33.0-255,66,71096,34,254061
28187,0.000737,74.125.24.0-255,5738,76834,34,254061
28188,0.000739,172.31.33.0-255,66,76900,34,254061
28189,0.000743,74.125.24.0-255,2902,79802,34,254061
28190,0.000748,172.31.33.0-255,66,79868,34,254061
28191,0.000769,74.125.24.0-255,2902,82770,34,254061
28192,0.000771,172.31.33.0-255,66,82836,34,254061
28193,0.000796,74.125.24.0-255,3961,86797,34,254061
28194,0.000799,172.31.33.0-255,66,86863,34,254061
28195,0.000824,74.125.24.0-255,4320,91183,34,254061
28196,0.000826,172.31.33.0-255,66,91249,34,254061
28197,0.000829,74.125.24.0-255,1484,92733,34,254061
28198,0.000861,172.31.33.0-255,66,92799,34,254061
28199,0.001036,74.125.24.0-255,1484,94283,34,254061
28200,0.001055,74.125.24.0-255,2902,97185,34,254061
28201,0.001058,172.31.33.0-255,66,97251,34,254061
28202,0.001079,74.125.24.0-255,5738,102989,34,254061
28203,0.001082,172.31.33.0-255,66,103055,34,254061
28204,0.001128,74.125.24.0-255,7156,110211,34,254061
28205,0.00113,172.31.33.0-255,66,110277,34,254061
28206,0.001143,74.125.24.0-255,5738,116015,34,254061
28207,0.001151,172.31.33.0-255,66,116081,34,254061
28208,0.001166,74.125.24.0-255,2902,118983,34,254061
28209,0.001168,172.31.33.0-255,66,119049,34,254061
28210,0.001171,74.125.24.0-255,2902,121951,34,254061
28211,0.001173,172.31.33.0-255,66,122017,34,254061
28212,0.001226,74.125.24.0-255,5020,127037,34,254061
28213,0.001229,172.31.33.0-255,66,127103,34,254061
28214,0.001384,74.125.24.0-255,1484,128587,34,254061
28215,0.001404,74.125.24.0-255,2902,131489,34,254061
28216,0.001409,172.31.33.0-255,66,131555,34,254061
28217,0.001418,74.125.24.0-255,1484,133039,34,254061
28218,0.001436,74.125.24.0-255,4320,137359,34,254061
28219,0.001438,172.31.33.0-255,66,137425,34,254061
28220,0.001464,74.125.24.0-255,1484,138909,34,254061
28221,0.001467,74.125.24.0-255,1484,140393,34,254061
28222,0.001469,172.31.33.0-255,66,140459,34,254061
28223,0.001479,74.125.24.0-255,1484,141943,34,254061
28224,0.001485,74.125.24.0-255,1484,143427,34,254061
28225,0.001487,172.31.33.0-255,66,143493,34,254061
28226,0.001513,74.125.24.0-255,4320,147813,34,254061
28227,0.001515,172.31.33.0-255,66,147879,34,254061
28228,0.001521,74.125.24.0-255,5738,153617,34,254061
28229,0.001523,172.31.33.0-255,66,153683,34,254061
28230,0.001554,74.125.24.0-255,7156,160839,34,254061
28231,0.001557,172.31.33.0-255,66,160905,34,254061
28232,0.001559,74.125.24.0-255,766,161671,34,254061
28233,0.002055,172.31.33.0-255,66,161737,34,254061
28234,0.002669,74.125.24.0-255,1484,163221,34,254061
28235,0.002679,74.125.24.0-255,2902,166123,34,254061
28236,0.002683,172.31.33.0-255,66,166189,34,254061
28237,0.002708,74.125.24.0-255,5738,171927,34,254061
28238,0.00271,172.31.33.0-255,66,171993,34,254061
28239,0.002741,172.31.33.0-255,66,172059,34,254061
28240,0.002744,74.125.24.0-255,1484,173543,34,254061
28241,0.002776,172.31.33.0-255,66,173609,34,254061
28242,0.002991,74.125.24.0-255,1484,175093,34,254061
28243,0.003004,74.125.24.0-255,2902,177995,34,254061
28244,0.003006,172.31.33.0-255,66,178061,34,254061
28245,0.00303,74.125.24.0-255,5738,183799,34,254061
28246,0.003031,172.31.33.0-255,66,183865,34,254061
28247,0.003043,74.125.24.0-255,4320,188185,34,254061
28248,0.003048,172.31.33.0-255,66,188251,34,254061
28249,0.003071,74.125.24.0-255,2902,191153,34,254061
28250,0.003072,172.31.33.0-255,66,191219,34,254061
28251,0.00311,172.31.33.0-255,66,191285,34,254061
28252,0.003114,74.125.24.0-255,2184,193469,34,254061
28253,0.003115,172.31.33.0-255,66,193535,34,254061
28254,0.00312,74.125.24.0-255,4320,197855,34,254061
28255,0.003122,172.31.33.0-255,66,197921,34,254061
28256,0.003153,172.31.33.0-255,66,197987,34,254061
28257,0.003179,74.125.24.0-255,7156,205143,34,254061
28258,0.003182,172.31.33.0-255,66,205209,34,254061
28259,0.003215,172.31.33.0-255,66,205275,34,254061
28260,0.003219,74.125.24.0-255,2184,207459,34,254061
28261,0.003221,172.31.33.0-255,66,207525,34,254061
28262,0.003226,74.125.24.0-255,4320,211845,34,254061
28263,0.003228,172.31.33.0-255,66,211911,34,254061
28264,0.003232,74.125.24.0-255,2902,214813,34,254061
28265,0.003234,172.31.33.0-255,66,214879,34,254061
28266,0.003258,74.125.24.0-255,2902,217781,34,254061
28267,0.00326,172.31.33.0-255,66,217847,34,254061
28268,0.003267,74.125.24.0-255,1484,219331,34,254061
28269,0.003274,74.125.24.0-255,7156,226487,34,254061
28270,0.003276,172.31.33.0-255,66,226553,34,254061
28271,0.003304,74.125.24.0-255,7156,233709,34,254061
28272,0.00331,172.31.33.0-255,66,233775,34,254061
28273,0.003313,74.125.24.0-255,1484,235259,34,254061
28274,0.003319,74.125.24.0-255,6438,241697,34,254061
28275,0.003321,172.31.33.0-255,66,241763,34,254061
28276,0.00339,172.31.33.0-255,66,241829,34,254061
28277,0.003401,172.31.33.0-255,66,241895,34,254061
28278,0.003431,74.125.24.0-255,2184,244079,34,254061
28279,0.003433,172.31.33.0-255,66,244145,34,254061
28280,0.00345,172.31.33.0-255,66,244211,34,254061
28281,0.00346,172.31.33.0-255,66,244277,34,254061
28282,0.003463,74.125.24.0-255,2184,246461,34,254061
28283,0.003465,172.31.33.0-255,66,246527,34,254061
28284,0.003501,172.31.33.0-255,66,246593,34,254061
28285,0.00353,172.31.33.0-255,66,246659,34,254061
28286,0.003555,74.125.24.0-255,1484,248143,34,254061
28287,0.003559,74.125.24.0-255,2902,251045,34,254061
28288,0.003561,172.31.33.0-255,66,251111,34,254061
28289,0.003564,74.125.24.0-255,2779,253890,34,254061
28290,0.003566,172.31.33.0-255,66,253956,34,254061
28291,0.003628,74.125.24.0-255,105,254061,34,254061
28292,0.0,74.125.24.0-255,146,146,34,245072
28293,2.2e-05,172.31.33.0-255,66,212,34,245072
28294,2.9e-05,74.125.24.0-255,1484,1696,34,245072
28295,3.3e-05,172.31.33.0-255,66,1762,34,245072
28296,3.8e-05,74.125.24.0-255,2902,4664,34,245072
28297,4.2e-05,172.31.33.0-255,66,4730,34,245072
28298,4.9e-05,74.125.24.0-255,5738,10468,34,245072
28299,5.2e-05,172.31.33.0-255,66,10534,34,245072
28300,8.5e-05,74.125.24.0-255,5738,16272,34,245072
28301,8.8e-05,172.31.33.0-255,66,16338,34,245072
28302,0.000107,74.125.24.0-255,6239,22577,34,245072
28303,0.00011,172.31.33.0-255,66,22643,34,245072
28304,0.000156,74.125.24.0-255,2902,25545,34,245072
28305,0.000158,172.31.33.0-255,66,25611,34,245072
28306,0.000179,74.125.24.0-255,5379,30990,34,245072
28307,0.000181,172.31.33.0-255,66,31056,34,245072
28308,0.000213,74.125.24.0-255,2902,33958,34,245072
28309,0.000216,172.31.33.0-255,66,34024,34,245072
28310,0.000233,74.125.24.0-255,5738,39762,34,245072
28311,0.000236,172.31.33.0-255,66,39828,34,245072
28312,0.000259,74.125.24.0-255,4320,44148,34,245072
28313,0.000261,172.31.33.0-255,66,44214,34,245072
28314,0.000276,74.125.24.0-255,3961,48175,34,245072
28315,0.000279,172.31.33.0-255,66,48241,34,245072
28316,0.000531,74.125.24.0-255,1484,49725,34,245072
28317,0.000535,172.31.33.0-255,66,49791,34,245072
28318,0.000541,74.125.24.0-255,2902,52693,34,245072
28319,0.000544,172.31.33.0-255,66,52759,34,245072
28320,0.000559,74.125.24.0-255,5738,58497,34,245072
28321,0.000562,172.31.33.0-255,66,58563,34,245072
28322,0.00059,74.125.24.0-255,5738,64301,34,245072
28323,0.000593,172.31.33.0-255,66,64367,34,245072
28324,0.000621,74.125.24.0-255,1470,65837,34,245072
28325,0.000658,74.125.24.0-255,332,66169,34,245072
28326,0.000663,172.31.33.0-255,66,66235,34,245072
28327,0.000901,74.125.24.0-255,1484,67719,34,245072
28328,0.000915,74.125.24.0-255,2902,70621,34,245072
28329,0.00092,172.31.33.0-255,66,70687,34,245072
28330,0.000929,74.125.24.0-255,2902,73589,34,245072
28331,0.000931,172.31.33.0-255,66,73655,34,245072
28332,0.000948,74.125.24.0-255,2902,76557,34,245072
28333,0.00095,172.31.33.0-255,66,76623,34,245072
28334,0.00097,74.125.24.0-255,6797,83420,34,245072
28335,0.000972,172.31.33.0-255,66,83486,34,245072
28336,0.000997,74.125.24.0-255,7156,90642,34,245072
28337,0.001,172.31.33.0-255,66,90708,34,245072
28338,0.001047,74.125.24.0-255,7156,97864,34,245072
28339,0.001051,172.31.33.0-255,66,97930,34,245072
28340,0.001071,74.125.24.0-255,2543,100473,34,245072
28341,0.001074,172.31.33.0-255,66,100539,34,245072
28342,0.002158,74.125.24.0-255,1484,102023,34,245072
28343,0.002166,74.125.24.0-255,2902,104925,34,245072
28344,0.002171,172.31.33.0-255,66,104991,34,245072
28345,0.002179,74.125.24.0-255,5738,110729,34,245072
28346,0.002181,172.31.33.0-255,66,110795,34,245072
28347,0.002204,74.125.24.0-255,1484,112279,34,245072
28348,0.002221,74.125.24.0-255,7156,119435,34,245072
28349,0.002224,172.31.33.0-255,66,119501,34,245072
28350,0.002255,74.125.24.0-255,1484,120985,34,245072
28351,0.00226,74.125.24.0-255,4320,125305,34,245072
28352,0.002263,172.31.33.0-255,66,125371,34,245072
28353,0.002287,74.125.24.0-255,7156,132527,34,245072
28354,0.002289,172.31.33.0-255,66,132593,34,245072
28355,0.002335,74.125.24.0-255,2184,134777,34,245072
28356,0.002337,172.31.33.0-255,66,134843,34,245072
28357,0.002471,74.125.24.0-255,1484,136327,34,245072
28358,0.002483,74.125.24.0-255,2902,139229,34,245072
28359,0.002486,172.31.33.0-255,66,139295,34,245072
28360,0.002496,74.125.24.0-255,1484,140779,34,245072
28361,0.002511,74.125.24.0-255,4320,145099,34,245072
28362,0.002513,172.31.33.0-255,66,145165,34,245072
28363,0.002516,74.125.24.0-255,1484,146649,34,245072
28364,0.00253,74.125.24.0-255,1484,148133,34,245072
28365,0.002532,172.31.33.0-255,66,148199,34,245072
28366,0.002553,74.125.24.0-255,4320,152519,34,245072
28367,0.002555,172.31.33.0-255,66,152585,34,245072
28368,0.002587,172.31.33.0-255,66,152651,34,245072
28369,0.002601,74.125.24.0-255,1484,154135,34,245072
28370,0.002659,74.125.24.0-255,2184,156319,34,245072
28371,0.002662,172.31.33.0-255,66,156385,34,245072
28372,0.002678,74.125.24.0-255,1484,157869,34,245072
28373,0.00269,74.125.24.0-255,1484,159353,34,245072
28374,0.002692,172.31.33.0-255,66,159419,34,245072
28375,0.002697,74.125.24.0-255,4320,163739,34,245072
28376,0.002699,172.31.33.0-255,66,163805,34,245072
28377,0.002713,74.125.24.0-255,2902,166707,34,245072
28378,0.002715,172.31.33.0-255,66,166773,34,245072
28379,0.002746,74.125.24.0-255,5738,172511,34,245072
28380,0.002749,172.31.33.0-255,66,172577,34,245072
28381,0.002778,172.31.33.0-255,66,172643,34,245072
28382,0.002835,74.125.24.0-255,1484,174127,34,245072
28383,0.002851,74.125.24.0-255,2902,177029,34,245072
28384,0.002852,172.31.33.0-255,66,177095,34,245072
28385,0.002868,74.125.24.0-255,3602,180697,34,245072
28386,0.00287,172.31.33.0-255,66,180763,34,245072
28387,0.002904,172.31.33.0-255,66,180829,34,245072
28388,0.002919,74.125.24.0-255,1484,182313,34,245072
28389,0.002953,74.125.24.0-255,1484,183797,34,245072
28390,0.002955,172.31.33.0-255,66,183863,34,245072
28391,0.00299,172.31.33.0-255,66,183929,34,245072
28392,0.0031,74.125.24.0-255,2184,186113,34,245072
28393,0.003102,172.31.33.0-255,66,186179,34,245072
28394,0.003105,74.125.24.0-255,1484,187663,34,245072
28395,0.003109,74.125.24.0-255,2902,190565,34,245072
28396,0.003111,172.31.33.0-255,66,190631,34,245072
28397,0.003128,74.125.24.0-255,7156,197787,34,245072
28398,0.00313,172.31.33.0-255,66,197853,34,245072
28399,0.003173,172.31.33.0-255,66,197919,34,245072
28400,0.0033,74.125.24.0-255,2902,200821,34,245072
28401,0.003304,172.31.33.0-255,66,200887,34,245072
28402,0.003325,74.125.24.0-255,3602,204489,34,245072
28403,0.003328,172.31.33.0-255,66,204555,34,245072
28404,0.003342,74.125.24.0-255,2902,207457,34,245072
28405,0.003345,172.31.33.0-255,66,207523,34,245072
28406,0.003379,172.31.33.0-255,66,207589,34,245072
28407,0.003423,74.125.24.0-255,1484,209073,34,245072
28408,0.003433,74.125.24.0-255,1484,210557,34,245072
28409,0.003435,172.31.33.0-255,66,210623,34,245072
28410,0.003482,172.31.33.0-255,66,210689,34,245072
28411,0.003507,172.31.33.0-255,66,210755,34,245072
28412,0.003719,74.125.24.0-255,6438,217193,34,245072
28413,0.003724,172.31.33.0-255,66,217259,34,245072
28414,0.003748,74.125.24.0-255,2902,220161,34,245072
28415,0.00375,172.31.33.0-255,66,220227,34,245072
28416,0.003769,74.125.24.0-255,4320,224547,34,245072
28417,0.003771,172.31.33.0-255,66,224613,34,245072
28418,0.003806,74.125.24.0-255,4320,228933,34,245072
28419,0.003808,172.31.33.0-255,66,228999,34,245072
28420,0.003905,74.125.24.0-255,5738,234737,34,245072
28421,0.003958,74.125.24.0-255,5020,239757,34,245072
28422,0.004103,74.125.24.0-255,5144,244901,34,245072
28423,0.004106,74.125.24.0-255,105,245006,34,245072
28424,0.009211,172.31.33.0-255,66,245072,34,245072
28425,0.0,172.217.194.0-255,161,161,34,158044
28426,2.4e-05,172.31.33.0-255,66,227,34,158044
28427,3.1e-05,172.217.194.0-255,1484,1711,34,158044
28428,3.5e-05,172.31.33.0-255,66,1777,34,158044
28429,6.7e-05,172.217.194.0-255,2902,4679,34,158044
28430,7e-05,172.31.33.0-255,66,4745,34,158044
28431,7.8e-05,172.217.194.0-255,7156,11901,34,158044
28432,8e-05,172.31.33.0-255,66,11967,34,158044
28433,8.9e-05,172.217.194.0-255,1994,13961,34,158044
28434,9.2e-05,172.31.33.0-255,66,14027,34,158044
28435,0.000131,172.217.194.0-255,2902,16929,34,158044
28436,0.000143,172.31.33.0-255,66,16995,34,158044
28437,0.00015,172.217.194.0-255,7156,24151,34,158044
28438,0.000152,172.31.33.0-255,66,24217,34,158044
28439,0.000157,172.217.194.0-255,4320,28537,34,158044
28440,0.00016,172.31.33.0-255,66,28603,34,158044
28441,0.000179,172.217.194.0-255,1484,30087,34,158044
28442,0.000186,172.31.33.0-255,66,30153,34,158044
28443,0.000215,172.217.194.0-255,1125,31278,34,158044
28444,0.000217,172.31.33.0-255,66,31344,34,158044
28445,0.00028,172.217.194.0-255,1484,32828,34,158044
28446,0.000283,172.31.33.0-255,66,32894,34,158044
28447,0.000286,172.217.194.0-255,1484,34378,34,158044
28448,0.000288,172.31.33.0-255,66,34444,34,158044
28449,0.00031,172.217.194.0-255,1484,35928,34,158044
28450,0.000314,172.31.33.0-255,66,35994,34,158044
28451,0.000328,172.217.194.0-255,5738,41732,34,158044
28452,0.00033,172.31.33.0-255,66,41798,34,158044
28453,0.000337,172.217.194.0-255,6797,48595,34,158044
28454,0.000339,172.31.33.0-255,66,48661,34,158044
28455,0.000381,172.217.194.0-255,4320,52981,34,158044
28456,0.000385,172.31.33.0-255,66,53047,34,158044
28457,0.000413,172.31.33.0-255,66,53113,34,158044
28458,0.000419,172.217.194.0-255,2831,55944,34,158044
28459,0.000422,172.31.33.0-255,66,56010,34,158044
28460,0.000642,172.217.194.0-255,98,56108,34,158044
28461,0.000794,172.217.194.0-255,1484,57592,34,158044
28462,0.000798,172.31.33.0-255,66,57658,34,158044
28463,0.000804,172.217.194.0-255,2902,60560,34,158044
28464,0.000807,172.31.33.0-255,66,60626,34,158044
28465,0.000819,172.217.194.0-255,5738,66364,34,158044
28466,0.000821,172.31.33.0-255,66,66430,34,158044
28467,0.000861,172.31.33.0-255,66,66496,34,158044
28468,0.000895,172.217.194.0-255,2902,69398,34,158044
28469,0.000899,172.31.33.0-255,66,69464,34,158044
28470,0.000937,172.31.33.0-255,66,69530,34,158044
28471,0.000949,172.31.33.0-255,66,69596,34,158044
28472,0.000971,172.31.33.0-255,66,69662,34,158044
28473,0.001004,172.217.194.0-255,6438,76100,34,158044
28474,0.001007,172.31.33.0-255,66,76166,34,158044
28475,0.00103,172.31.33.0-255,66,76232,34,158044
28476,0.001068,172.31.33.0-255,66,76298,34,158044
28477,0.00113,172.217.194.0-255,1484,77782,34,158044
28478,0.001146,172.217.194.0-255,2902,80684,34,158044
28479,0.001148,172.31.33.0-255,66,80750,34,158044
28480,0.001168,172.217.194.0-255,5738,86488,34,158044
28481,0.001171,172.31.33.0-255,66,86554,34,158044
28482,0.001206,172.31.33.0-255,66,86620,34,158044
28483,0.00121,172.217.194.0-255,2902,89522,34,158044
28484,0.001212,172.31.33.0-255,66,89588,34,158044
28485,0.001246,172.31.33.0-255,66,89654,34,158044
28486,0.001262,172.217.194.0-255,1484,91138,34,158044
28487,0.001266,172.217.194.0-255,2902,94040,34,158044
28488,0.001269,172.31.33.0-255,66,94106,34,158044
28489,0.001274,172.217.194.0-255,5738,99844,34,158044
28490,0.001277,172.31.33.0-255,66,99910,34,158044
28491,0.001319,172.31.33.0-255,66,99976,34,158044
28492,0.001328,172.31.33.0-255,66,100042,34,158044
28493,0.001354,172.217.194.0-255,2184,102226,34,158044
28494,0.001359,172.31.33.0-255,66,102292,34,158044
28495,0.001615,172.217.194.0-255,1484,103776,34,158044
28496,0.001627,172.217.194.0-255,2902,106678,34,158044
28497,0.00163,172.31.33.0-255,66,106744,34,158044
28498,0.001633,172.217.194.0-255,1484,108228,34,158044
28499,0.001656,172.217.194.0-255,4320,112548,34,158044
28500,0.001658,172.31.33.0-255,66,112614,34,158044
28501,0.001663,172.217.194.0-255,4320,116934,34,158044
28502,0.001664,172.31.33.0-255,66,117000,34,158044
28503,0.001704,172.217.194.0-255,7156,124156,34,158044
28504,0.001707,172.31.33.0-255,66,124222,34,158044
28505,0.001723,172.31.33.0-255,66,124288,34,158044
28506,0.001797,172.217.194.0-255,1484,125772,34,158044
28507,0.001809,172.217.194.0-255,2902,128674,34,158044
28508,0.001812,172.31.33.0-255,66,128740,34,158044
28509,0.001847,172.217.194.0-255,1484,130224,34,158044
28510,0.001867,172.217.194.0-255,4320,134544,34,158044
28511,0.001871,172.31.33.0-255,66,134610,34,158044
28512,0.001877,172.31.33.0-255,66,134676,34,158044
28513,0.001882,172.217.194.0-255,4320,138996,34,158044
28514,0.001889,172.31.33.0-255,66,139062,34,158044
28515,0.001922,172.217.194.0-255,6438,145500,34,158044
28516,0.001924,172.31.33.0-255,66,145566,34,158044
28517,0.001938,172.31.33.0-255,66,145632,34,158044
28518,0.001983,172.31.33.0-255,66,145698,34,158044
28519,0.001993,172.31.33.0-255,66,145764,34,158044
28520,0.002008,172.31.33.0-255,66,145830,34,158044
28521,0.002037,172.217.194.0-255,5738,151568,34,158044
28522,0.00204,172.31.33.0-255,66,151634,34,158044
28523,0.002045,172.217.194.0-255,4320,155954,34,158044
28524,0.002046,172.31.33.0-255,66,156020,34,158044
28525,0.002091,172.31.33.0-255,66,156086,34,158044
28526,0.002103,172.217.194.0-255,1484,157570,34,158044
28527,0.002104,172.31.33.0-255,66,157636,34,158044
28528,0.002142,172.31.33.0-255,66,157702,34,158044
28529,0.002144,172.217.194.0-255,105,157807,34,158044
28530,0.003035,172.31.33.0-255,66,157873,34,158044
28531,0.00306,172.31.33.0-255,105,157978,34,158044
28532,0.005087,172.217.194.0-255,66,158044,34,158044
28533,0.0,172.217.194.0-255,153,153,34,178392
28534,1.5e-05,172.31.33.0-255,66,219,34,178392
28535,2.1e-05,172.217.194.0-255,1484,1703,34,178392
28536,2.5e-05,172.31.33.0-255,66,1769,34,178392
28537,3e-05,172.217.194.0-255,2902,4671,34,178392
28538,3.9e-05,172.31.33.0-255,66,4737,34,178392
28539,6.9e-05,172.217.194.0-255,7156,11893,34,178392
28540,7.1e-05,172.31.33.0-255,66,11959,34,178392
28541,7.5e-05,172.217.194.0-255,2067,14026,34,178392
28542,7.8e-05,172.31.33.0-255,66,14092,34,178392
28543,0.000126,172.217.194.0-255,2902,16994,34,178392
28544,0.000129,172.31.33.0-255,66,17060,34,178392
28545,0.000133,172.217.194.0-255,2902,19962,34,178392
28546,0.000135,172.31.33.0-255,66,20028,34,178392
28547,0.000141,172.217.194.0-255,7156,27184,34,178392
28548,0.000143,172.31.33.0-255,66,27250,34,178392
28549,0.000175,172.217.194.0-255,3961,31211,34,178392
28550,0.000177,172.31.33.0-255,66,31277,34,178392
28551,0.000242,172.217.194.0-255,1484,32761,34,178392
28552,0.000244,172.31.33.0-255,66,32827,34,178392
28553,0.000249,172.217.194.0-255,2902,35729,34,178392
28554,0.000251,172.31.33.0-255,66,35795,34,178392
28555,0.000253,172.217.194.0-255,1484,37279,34,178392
28556,0.000255,172.31.33.0-255,66,37345,34,178392
28557,0.000284,172.217.194.0-255,4320,41665,34,178392
28558,0.000287,172.31.33.0-255,66,41731,34,178392
28559,0.000292,172.217.194.0-255,5738,47469,34,178392
28560,0.000294,172.31.33.0-255,66,47535,34,178392
28561,0.000309,172.217.194.0-255,4320,51855,34,178392
28562,0.000311,172.31.33.0-255,66,51921,34,178392
28563,0.000344,172.31.33.0-255,66,51987,34,178392
28564,0.000349,172.217.194.0-255,4251,56238,34,178392
28565,0.000351,172.31.33.0-255,66,56304,34,178392
28566,0.000353,172.217.194.0-255,398,56702,34,178392
28567,0.00053,172.217.194.0-255,1484,58186,34,178392
28568,0.000536,172.31.33.0-255,66,58252,34,178392
28569,0.000541,172.217.194.0-255,2902,61154,34,178392
28570,0.000543,172.31.33.0-255,66,61220,34,178392
28571,0.000546,172.217.194.0-255,2902,64122,34,178392
28572,0.000552,172.31.33.0-255,66,64188,34,178392
28573,0.000587,172.217.194.0-255,2902,67090,34,178392
28574,0.00059,172.31.33.0-255,66,67156,34,178392
28575,0.000603,172.31.33.0-255,66,67222,34,178392
28576,0.000609,172.217.194.0-255,7156,74378,34,178392
28577,0.000612,172.31.33.0-255,66,74444,34,178392
28578,0.00064,172.217.194.0-255,3602,78046,34,178392
28579,0.000643,172.31.33.0-255,66,78112,34,178392
28580,0.000894,172.217.194.0-255,1484,79596,34,178392
28581,0.0009,172.217.194.0-255,2902,82498,34,178392
28582,0.000903,172.31.33.0-255,66,82564,34,178392
28583,0.000924,172.217.194.0-255,5738,88302,34,178392
28584,0.000926,172.31.33.0-255,66,88368,34,178392
28585,0.000954,172.31.33.0-255,66,88434,34,178392
28586,0.000977,172.217.194.0-255,1484,89918,34,178392
28587,0.001011,172.31.33.0-255,66,89984,34,178392
28588,0.001205,172.217.194.0-255,1484,91468,34,178392
28589,0.001209,172.217.194.0-255,1484,92952,34,178392
28590,0.001212,172.31.33.0-255,66,93018,34,178392
28591,0.001241,172.217.194.0-255,1484,94502,34,178392
28592,0.001247,172.217.194.0-255,5738,100240,34,178392
28593,0.001249,172.31.33.0-255,66,100306,34,178392
28594,0.001253,172.217.194.0-255,2902,103208,34,178392
28595,0.001255,172.31.33.0-255,66,103274,34,178392
28596,0.001259,172.217.194.0-255,2902,106176,34,178392
28597,0.00126,172.31.33.0-255,66,106242,34,178392
28598,0.001293,172.217.194.0-255,7156,113398,34,178392
28599,0.001295,172.31.33.0-255,66,113464,34,178392
28600,0.001306,172.31.33.0-255,66,113530,34,178392
28601,0.001343,172.217.194.0-255,7156,120686,34,178392
28602,0.001345,172.31.33.0-255,66,120752,34,178392
28603,0.001359,172.217.194.0-255,4320,125072,34,178392
28604,0.001365,172.31.33.0-255,66,125138,34,178392
28605,0.001376,172.31.33.0-255,66,125204,34,178392
28606,0.001399,172.217.194.0-255,2902,128106,34,178392
28607,0.001401,172.31.33.0-255,66,128172,34,178392
28608,0.001412,172.31.33.0-255,66,128238,34,178392
28609,0.001459,172.217.194.0-255,1484,129722,34,178392
28610,0.001464,172.217.194.0-255,2902,132624,34,178392
28611,0.001466,172.31.33.0-255,66,132690,34,178392
28612,0.001472,172.217.194.0-255,5738,138428,34,178392
28613,0.001474,172.31.33.0-255,66,138494,34,178392
28614,0.0015,172.217.194.0-255,2902,141396,34,178392
28615,0.001503,172.31.33.0-255,66,141462,34,178392
28616,0.001529,172.217.194.0-255,7156,148618,34,178392
28617,0.001541,172.31.33.0-255,66,148684,34,178392
28618,0.001543,172.31.33.0-255,66,148750,34,178392
28619,0.001567,172.217.194.0-255,2902,151652,34,178392
28620,0.001569,172.31.33.0-255,66,151718,34,178392
28621,0.001573,172.217.194.0-255,2184,153902,34,178392
28622,0.001575,172.31.33.0-255,66,153968,34,178392
28623,0.001645,172.217.194.0-255,1484,155452,34,178392
28624,0.001649,172.217.194.0-255,1484,156936,34,178392
28625,0.001652,172.31.33.0-255,66,157002,34,178392
28626,0.001679,172.217.194.0-255,1484,158486,34,178392
28627,0.001685,172.217.194.0-255,5738,164224,34,178392
28628,0.001687,172.31.33.0-255,66,164290,34,178392
28629,0.001707,172.31.33.0-255,66,164356,34,178392
28630,0.001717,172.31.33.0-255,66,164422,34,178392
28631,0.001744,172.217.194.0-255,2184,166606,34,178392
28632,0.001746,172.31.33.0-255,66,166672,34,178392
28633,0.00175,172.217.194.0-255,2902,169574,34,178392
28634,0.001752,172.31.33.0-255,66,169640,34,178392
28635,0.001755,172.217.194.0-255,1484,171124,34,178392
28636,0.001778,172.217.194.0-255,2902,174026,34,178392
28637,0.001781,172.31.33.0-255,66,174092,34,178392
28638,0.001792,172.31.33.0-255,66,174158,34,178392
28639,0.001915,172.217.194.0-255,2902,177060,34,178392
28640,0.002045,172.217.194.0-255,1056,178116,34,178392
28641,0.002048,172.217.194.0-255,105,178221,34,178392
28642,0.006089,172.31.33.0-255,66,178287,34,178392
28643,0.009058,172.31.33.0-255,105,178392,34,178392
28644,0.0,74.125.24.0-255,153,153,34,274057
28645,2.8e-05,172.31.33.0-255,66,219,34,274057
28646,3.5e-05,74.125.24.0-255,1484,1703,34,274057
28647,3.9e-05,172.31.33.0-255,66,1769,34,274057
28648,4.4e-05,74.125.24.0-255,2902,4671,34,274057
28649,4.6e-05,172.31.33.0-255,66,4737,34,274057
28650,5e-05,74.125.24.0-255,2902,7639,34,274057
28651,5.3e-05,172.31.33.0-255,66,7705,34,274057
28652,9.3e-05,74.125.24.0-255,4320,12025,34,274057
28653,9.6e-05,172.31.33.0-255,66,12091,34,274057
28654,0.000113,74.125.24.0-255,3436,15527,34,274057
28655,0.000115,172.31.33.0-255,66,15593,34,274057
28656,0.000122,74.125.24.0-255,5738,21331,34,274057
28657,0.000124,172.31.33.0-255,66,21397,34,274057
28658,0.000141,74.125.24.0-255,2902,24299,34,274057
28659,0.000143,172.31.33.0-255,66,24365,34,274057
28660,0.000147,74.125.24.0-255,2902,27267,34,274057
28661,0.000151,172.31.33.0-255,66,27333,34,274057
28662,0.00017,74.125.24.0-255,3961,31294,34,274057
28663,0.000173,172.31.33.0-255,66,31360,34,274057
28664,0.000284,74.125.24.0-255,1484,32844,34,274057
28665,0.000288,172.31.33.0-255,66,32910,34,274057
28666,0.000309,74.125.24.0-255,2902,35812,34,274057
28667,0.000311,172.31.33.0-255,66,35878,34,274057
28668,0.000317,74.125.24.0-255,5738,41616,34,274057
28669,0.000319,172.31.33.0-255,66,41682,34,274057
28670,0.000359,74.125.24.0-255,6797,48479,34,274057
28671,0.000362,172.31.33.0-255,66,48545,34,274057
28672,0.000367,74.125.24.0-255,2902,51447,34,274057
28673,0.000368,172.31.33.0-255,66,51513,34,274057
28674,0.000384,74.125.24.0-255,4320,55833,34,274057
28675,0.000387,172.31.33.0-255,66,55899,34,274057
28676,0.000398,74.125.24.0-255,1484,57383,34,274057
28677,0.000431,172.31.33.0-255,66,57449,34,274057
28678,0.000434,74.125.24.0-255,135,57584,34,274057
28679,0.000459,74.125.24.0-255,343,57927,34,274057
28680,0.000742,74.125.24.0-255,1484,59411,34,274057
28681,0.000747,172.31.33.0-255,66,59477,34,274057
28682,0.000752,74.125.24.0-255,1484,60961,34,274057
28683,0.000762,74.125.24.0-255,1484,62445,34,274057
28684,0.000764,172.31.33.0-255,66,62511,34,274057
28685,0.00077,74.125.24.0-255,5738,68249,34,274057
28686,0.000772,172.31.33.0-255,66,68315,34,274057
28687,0.000792,74.125.24.0-255,2902,71217,34,274057
28688,0.000795,172.31.33.0-255,66,71283,34,274057
28689,0.000813,172.31.33.0-255,66,71349,34,274057
28690,0.000843,172.31.33.0-255,66,71415,34,274057
28691,0.001147,74.125.24.0-255,1484,72899,34,274057
28692,0.001164,74.125.24.0-255,2902,75801,34,274057
28693,0.001168,172.31.33.0-255,66,75867,34,274057
28694,0.001173,74.125.24.0-255,4320,80187,34,274057
28695,0.001175,172.31.33.0-255,66,80253,34,274057
28696,0.001208,74.125.24.0-255,4320,84573,34,274057
28697,0.00121,172.31.33.0-255,66,84639,34,274057
28698,0.001228,74.125.24.0-255,4320,88959,34,274057
28699,0.00123,172.31.33.0-255,66,89025,34,274057
28700,0.001232,74.125.24.0-255,1484,90509,34,274057
28701,0.001247,74.125.24.0-255,7156,97665,34,274057
28702,0.001249,172.31.33.0-255,66,97731,34,274057
28703,0.00128,74.125.24.0-255,4320,102051,34,274057
28704,0.001282,172.31.33.0-255,66,102117,34,274057
28705,0.001299,74.125.24.0-255,3602,105719,34,274057
28706,0.001301,172.31.33.0-255,66,105785,34,274057
28707,0.001401,74.125.24.0-255,1484,107269,34,274057
28708,0.001404,74.125.24.0-255,1484,108753,34,274057
28709,0.001405,172.31.33.0-255,66,108819,34,274057
28710,0.00142,74.125.24.0-255,1484,110303,34,274057
28711,0.001444,74.125.24.0-255,5738,116041,34,274057
28712,0.001446,172.31.33.0-255,66,116107,34,274057
28713,0.001451,74.125.24.0-255,5738,121845,34,274057
28714,0.001452,172.31.33.0-255,66,121911,34,274057
28715,0.001464,74.125.24.0-255,1484,123395,34,274057
28716,0.001499,172.31.33.0-255,66,123461,34,274057
28717,0.001502,74.125.24.0-255,2184,125645,34,274057
28718,0.001504,172.31.33.0-255,66,125711,34,274057
28719,0.001593,74.125.24.0-255,1484,127195,34,274057
28720,0.001609,74.125.24.0-255,2902,130097,34,274057
28721,0.001611,172.31.33.0-255,66,130163,34,274057
28722,0.001613,74.125.24.0-255,1484,131647,34,274057
28723,0.001631,74.125.24.0-255,4320,135967,34,274057
28724,0.001633,172.31.33.0-255,66,136033,34,274057
28725,0.001653,74.125.24.0-255,7156,143189,34,274057
28726,0.001655,172.31.33.0-255,66,143255,34,274057
28727,0.001705,74.125.24.0-255,4320,147575,34,274057
28728,0.001707,172.31.33.0-255,66,147641,34,274057
28729,0.001733,172.31.33.0-255,66,147707,34,274057
28730,0.001736,74.125.24.0-255,2184,149891,34,274057
28731,0.001738,172.31.33.0-255,66,149957,34,274057
28732,0.001988,74.125.24.0-255,1484,151441,34,274057
28733,0.001999,74.125.24.0-255,2902,154343,34,274057
28734,0.002001,172.31.33.0-255,66,154409,34,274057
28735,0.00202,74.125.24.0-255,5738,160147,34,274057
28736,0.002022,172.31.33.0-255,66,160213,34,274057
28737,0.002038,74.125.24.0-255,2902,163115,34,274057
28738,0.00204,172.31.33.0-255,66,163181,34,274057
28739,0.002066,74.125.24.0-255,7156,170337,34,274057
28740,0.002068,172.31.33.0-255,66,170403,34,274057
28741,0.002094,172.31.33.0-255,66,170469,34,274057
28742,0.002266,74.125.24.0-255,1484,171953,34,274057
28743,0.002277,74.125.24.0-255,2902,174855,34,274057
28744,0.002279,172.31.33.0-255,66,174921,34,274057
28745,0.002299,74.125.24.0-255,5738,180659,34,274057
28746,0.002301,172.31.33.0-255,66,180725,34,274057
28747,0.00235,74.125.24.0-255,2902,183627,34,274057
28748,0.002352,172.31.33.0-255,66,183693,34,274057
28749,0.002375,172.31.33.0-255,66,183759,34,274057
28750,0.002385,172.31.33.0-255,66,183825,34,274057
28751,0.002442,74.125.24.0-255,1484,185309,34,274057
28752,0.002464,74.125.24.0-255,2902,188211,34,274057
28753,0.002466,172.31.33.0-255,66,188277,34,274057
28754,0.002475,74.125.24.0-255,2902,191179,34,274057
28755,0.002477,172.31.33.0-255,66,191245,34,274057
28756,0.002491,74.125.24.0-255,1484,192729,34,274057
28757,0.002493,74.125.24.0-255,1484,194213,34,274057
28758,0.002495,172.31.33.0-255,66,194279,34,274057
28759,0.002524,74.125.24.0-255,2902,197181,34,274057
28760,0.002526,172.31.33.0-255,66,197247,34,274057
28761,0.002552,172.31.33.0-255,66,197313,34,274057
28762,0.002554,74.125.24.0-255,1484,198797,34,274057
28763,0.002556,74.125.24.0-255,1484,200281,34,274057
28764,0.002558,172.31.33.0-255,66,200347,34,274057
28765,0.002562,74.125.24.0-255,4320,204667,34,274057
28766,0.002563,172.31.33.0-255,66,204733,34,274057
28767,0.002566,74.125.24.0-255,1484,206217,34,274057
28768,0.002586,74.125.24.0-255,3602,209819,34,274057
28769,0.002588,172.31.33.0-255,66,209885,34,274057
28770,0.002592,74.125.24.0-255,4320,214205,34,274057
28771,0.002594,172.31.33.0-255,66,214271,34,274057
28772,0.002605,74.125.24.0-255,1484,215755,34,274057
28773,0.002632,172.31.33.0-255,66,215821,34,274057
28774,0.002643,74.125.24.0-255,1484,217305,34,274057
28775,0.002649,74.125.24.0-255,7156,224461,34,274057
28776,0.00265,172.31.33.0-255,66,224527,34,274057
28777,0.002655,74.125.24.0-255,5020,229547,34,274057
28778,0.002657,172.31.33.0-255,66,229613,34,274057
28779,0.003176,74.125.24.0-255,1484,231097,34,274057
28780,0.00319,74.125.24.0-255,2902,233999,34,274057
28781,0.003192,172.31.33.0-255,66,234065,34,274057
28782,0.003195,74.125.24.0-255,1484,235549,34,274057
28783,0.003211,74.125.24.0-255,2902,238451,34,274057
28784,0.003213,172.31.33.0-255,66,238517,34,274057
28785,0.003217,74.125.24.0-255,4320,242837,34,274057
28786,0.003219,172.31.33.0-255,66,242903,34,274057
28787,0.003251,74.125.24.0-255,7156,250059,34,274057
28788,0.003253,172.31.33.0-255,66,250125,34,274057
28789,0.003262,172.31.33.0-255,66,250191,34,274057
28790,0.003293,74.125.24.0-255,5738,255929,34,274057
28791,0.003295,172.31.33.0-255,66,255995,34,274057
28792,0.00331,74.125.24.0-255,3602,259597,34,274057
28793,0.003313,172.31.33.0-255,66,259663,34,274057
28794,0.003321,172.31.33.0-255,66,259729,34,274057
28795,0.003339,74.125.24.0-255,1484,261213,34,274057
28796,0.003365,74.125.24.0-255,1484,262697,34,274057
28797,0.003366,172.31.33.0-255,66,262763,34,274057
28798,0.003376,74.125.24.0-255,1484,264247,34,274057
28799,0.003392,74.125.24.0-255,4320,268567,34,274057
28800,0.003394,172.31.33.0-255,66,268633,34,274057
28801,0.003405,74.125.24.0-255,5253,273886,34,274057
28802,0.003407,172.31.33.0-255,66,273952,34,274057
28803,0.00341,74.125.24.0-255,105,274057,34,274057
28804,0.0,172.31.33.0-255,97,97,34,163
28805,0.008014,74.125.200.0-255,66,163,34,163
28806,0.0,172.217.194.0-255,146,146,34,137245
28807,2.5e-05,172.31.33.0-255,66,212,34,137245
28808,3.1e-05,172.217.194.0-255,1484,1696,34,137245
28809,3.4e-05,172.31.33.0-255,66,1762,34,137245
28810,3.8e-05,172.217.194.0-255,2902,4664,34,137245
28811,4.7e-05,172.31.33.0-255,66,4730,34,137245
28812,5.2e-05,172.217.194.0-255,2902,7632,34,137245
28813,5.5e-05,172.31.33.0-255,66,7698,34,137245
28814,5.8e-05,172.217.194.0-255,1484,9182,34,137245
28815,6e-05,172.31.33.0-255,66,9248,34,137245
28816,9.3e-05,172.217.194.0-255,6294,15542,34,137245
28817,9.6e-05,172.31.33.0-255,66,15608,34,137245
28818,0.000101,172.217.194.0-255,4320,19928,34,137245
28819,0.000102,172.31.33.0-255,66,19994,34,137245
28820,0.000145,172.31.33.0-255,66,20060,34,137245
28821,0.000329,172.217.194.0-255,1484,21544,34,137245
28822,0.000333,172.31.33.0-255,66,21610,34,137245
28823,0.000338,172.217.194.0-255,2902,24512,34,137245
28824,0.00034,172.31.33.0-255,66,24578,34,137245
28825,0.000376,172.217.194.0-255,4320,28898,34,137245
28826,0.000379,172.31.33.0-255,66,28964,34,137245
28827,0.000403,172.217.194.0-255,1484,30448,34,137245
28828,0.000406,172.31.33.0-255,66,30514,34,137245
28829,0.000413,172.217.194.0-255,6797,37311,34,137245
28830,0.000415,172.31.33.0-255,66,37377,34,137245
28831,0.000468,172.217.194.0-255,2902,40279,34,137245
28832,0.000472,172.31.33.0-255,66,40345,34,137245
28833,0.000502,172.217.194.0-255,4320,44665,34,137245
28834,0.000505,172.31.33.0-255,66,44731,34,137245
28835,0.000516,172.31.33.0-255,66,44797,34,137245
28836,0.000524,172.217.194.0-255,1125,45922,34,137245
28837,0.000649,172.31.33.0-255,66,45988,34,137245
28838,0.000981,172.217.194.0-255,645,46633,34,137245
28839,0.001523,172.217.194.0-255,1484,48117,34,137245
28840,0.001528,172.31.33.0-255,66,48183,34,137245
28841,0.001533,172.217.194.0-255,2902,51085,34,137245
28842,0.001535,172.31.33.0-255,66,51151,34,137245
28843,0.001562,172.217.194.0-255,1484,52635,34,137245
28844,0.001576,172.217.194.0-255,2902,55537,34,137245
28845,0.001577,172.31.33.0-255,66,55603,34,137245
28846,0.001589,172.217.194.0-255,1484,57087,34,137245
28847,0.001609,172.217.194.0-255,5738,62825,34,137245
28848,0.001611,172.31.33.0-255,66,62891,34,137245
28849,0.001622,172.31.33.0-255,66,62957,34,137245
28850,0.001631,172.217.194.0-255,5020,67977,34,137245
28851,0.001632,172.31.33.0-255,66,68043,34,137245
28852,0.001967,172.217.194.0-255,1484,69527,34,137245
28853,0.001978,172.217.194.0-255,1484,71011,34,137245
28854,0.001981,172.31.33.0-255,66,71077,34,137245
28855,0.002002,172.217.194.0-255,1484,72561,34,137245
28856,0.002008,172.217.194.0-255,5738,78299,34,137245
28857,0.00201,172.31.33.0-255,66,78365,34,137245
28858,0.002014,172.217.194.0-255,4320,82685,34,137245
28859,0.002016,172.31.33.0-255,66,82751,34,137245
28860,0.002052,172.31.33.0-255,66,82817,34,137245
28861,0.002061,172.31.33.0-255,66,82883,34,137245
28862,0.002063,172.217.194.0-255,766,83649,34,137245
28863,0.002087,172.217.194.0-255,1484,85133,34,137245
28864,0.002092,172.31.33.0-255,66,85199,34,137245
28865,0.002103,172.217.194.0-255,2902,88101,34,137245
28866,0.002105,172.31.33.0-255,66,88167,34,137245
28867,0.002124,172.217.194.0-255,1484,89651,34,137245
28868,0.00213,172.217.194.0-255,7156,96807,34,137245
28869,0.002132,172.31.33.0-255,66,96873,34,137245
28870,0.002153,172.217.194.0-255,2902,99775,34,137245
28871,0.002155,172.31.33.0-255,66,99841,34,137245
28872,0.002159,172.217.194.0-255,4320,104161,34,137245
28873,0.002161,172.31.33.0-255,66,104227,34,137245
28874,0.002185,172.217.194.0-255,5738,109965,34,137245
28875,0.002188,172.31.33.0-255,66,110031,34,137245
28876,0.002215,172.31.33.0-255,66,110097,34,137245
28877,0.002249,172.31.33.0-255,66,110163,34,137245
28878,0.002277,172.217.194.0-255,2902,113065,34,137245
28879,0.002279,172.31.33.0-255,66,113131,34,137245
28880,0.00229,172.31.33.0-255,66,113197,34,137245
28881,0.0023,172.217.194.0-255,6438,119635,34,137245
28882,0.002302,172.31.33.0-255,66,119701,34,137245
28883,0.004579,172.217.194.0-255,2902,122603,34,137245
28884,0.004582,172.31.33.0-255,66,122669,34,137245
28885,0.004603,172.217.194.0-255,2902,125571,34,137245
28886,0.004604,172.31.33.0-255,66,125637,34,137245
28887,0.006882,172.217.194.0-255,5738,131375,34,137245
28888,0.006891,172.31.33.0-255,66,131441,34,137245
28889,0.009156,172.217.194.0-255,5738,137179,34,137245
28890,0.009165,172.31.33.0-255,66,137245,34,137245
28891,0.0,74.125.68.0-255,150,150,34,90357
28892,2.6e-05,172.31.33.0-255,66,216,34,90357
28893,3.2e-05,74.125.68.0-255,1484,1700,34,90357
28894,3.6e-05,172.31.33.0-255,66,1766,34,90357
28895,4.2e-05,74.125.68.0-255,2902,4668,34,90357
28896,4.4e-05,172.31.33.0-255,66,4734,34,90357
28897,7.4e-05,74.125.68.0-255,7156,11890,34,90357
28898,7.6e-05,172.31.33.0-255,66,11956,34,90357
28899,0.000104,74.125.68.0-255,4320,16276,34,90357
28900,0.000107,172.31.33.0-255,66,16342,34,90357
28901,0.000128,74.125.68.0-255,3465,19807,34,90357
28902,0.000131,172.31.33.0-255,66,19873,34,90357
28903,0.000136,74.125.68.0-255,4320,24193,34,90357
28904,0.000139,172.31.33.0-255,66,24259,34,90357
28905,0.000155,74.125.68.0-255,4320,28579,34,90357
28906,0.000157,172.31.33.0-255,66,28645,34,90357
28907,0.00019,172.31.33.0-255,66,28711,34,90357
28908,0.000196,74.125.68.0-255,5738,34449,34,90357
28909,0.000198,172.31.33.0-255,66,34515,34,90357
28910,0.000219,74.125.68.0-255,3602,38117,34,90357
28911,0.000222,172.31.33.0-255,66,38183,34,90357
28912,0.002863,74.125.68.0-255,1484,39667,34,90357
28913,0.002869,172.31.33.0-255,66,39733,34,90357
28914,0.002877,74.125.68.0-255,2902,42635,34,90357
28915,0.002879,172.31.33.0-255,66,42701,34,90357
28916,0.002899,74.125.68.0-255,5738,48439,34,90357
28917,0.002901,172.31.33.0-255,66,48505,34,90357
28918,0.002904,74.125.68.0-255,1484,49989,34,90357
28919,0.002906,172.31.33.0-255,66,50055,34,90357
28920,0.002927,74.125.68.0-255,1484,51539,34,90357
28921,0.002932,74.125.68.0-255,4271,55810,34,90357
28922,0.002934,74.125.68.0-255,111,55921,34,90357
28923,0.002937,172.31.33.0-255,66,55987,34,90357
28924,0.00294,172.31.33.0-255,66,56053,34,90357
28925,0.003071,172.31.33.0-255,66,56119,34,90357
28926,0.008766,74.125.68.0-255,1484,57603,34,90357
28927,0.008778,74.125.68.0-255,2902,60505,34,90357
28928,0.008783,172.31.33.0-255,66,60571,34,90357
28929,0.008809,74.125.68.0-255,5738,66309,34,90357
28930,0.008812,172.31.33.0-255,66,66375,34,90357
28931,0.008834,74.125.68.0-255,7156,73531,34,90357
28932,0.008837,172.31.33.0-255,66,73597,34,90357
28933,0.008867,74.125.68.0-255,7156,80753,34,90357
28934,0.00887,172.31.33.0-255,66,80819,34,90357
28935,0.008893,74.125.68.0-255,7156,87975,34,90357
28936,0.008897,172.31.33.0-255,66,88041,34,90357
28937,0.008915,74.125.68.0-255,1484,89525,34,90357
28938,0.008919,74.125.68.0-255,766,90291,34,90357
28939,0.008922,172.31.33.0-255,66,90357,34,90357
28940,0.0,172.31.33.0-255,105,105,34,342
28941,0.002364,74.125.24.0-255,66,171,34,342
28942,0.002396,74.125.24.0-255,105,276,34,342
28943,0.0024,172.31.33.0-255,66,342,34,342
28944,0.0,74.125.24.0-255,162,162,34,277526
28945,2.9e-05,172.31.33.0-255,66,228,34,277526
28946,3.6e-05,74.125.24.0-255,1484,1712,34,277526
28947,4e-05,172.31.33.0-255,66,1778,34,277526
28948,5.1e-05,74.125.24.0-255,2902,4680,34,277526
28949,5.4e-05,172.31.33.0-255,66,4746,34,277526
28950,5.7e-05,74.125.24.0-255,1484,6230,34,277526
28951,6e-05,172.31.33.0-255,66,6296,34,277526
28952,6.4e-05,74.125.24.0-255,2902,9198,34,277526
28953,6.6e-05,172.31.33.0-255,66,9264,34,277526
28954,9.5e-05,74.125.24.0-255,1484,10748,34,277526
28955,9.8e-05,172.31.33.0-255,66,10814,34,277526
28956,0.000109,74.125.24.0-255,3476,14290,34,277526
28957,0.000112,172.31.33.0-255,66,14356,34,277526
28958,0.000121,74.125.24.0-255,5738,20094,34,277526
28959,0.000124,172.31.33.0-255,66,20160,34,277526
28960,0.000173,74.125.24.0-255,4320,24480,34,277526
28961,0.000176,172.31.33.0-255,66,24546,34,277526
28962,0.000198,74.125.24.0-255,2902,27448,34,277526
28963,0.000201,172.31.33.0-255,66,27514,34,277526
28964,0.000205,74.125.24.0-255,3961,31475,34,277526
28965,0.000207,172.31.33.0-255,66,31541,34,277526
28966,0.000261,74.125.24.0-255,1484,33025,34,277526
28967,0.000264,172.31.33.0-255,66,33091,34,277526
28968,0.000269,74.125.24.0-255,2902,35993,34,277526
28969,0.000271,172.31.33.0-255,66,36059,34,277526
28970,0.0003,74.125.24.0-255,5738,41797,34,277526
28971,0.000303,172.31.33.0-255,66,41863,34,277526
28972,0.000322,172.31.33.0-255,66,41929,34,277526
28973,0.000368,172.31.33.0-255,66,41995,34,277526
28974,0.000386,74.125.24.0-255,1436,43431,34,277526
28975,0.00039,74.125.24.0-255,110,43541,34,277526
28976,0.000487,74.125.24.0-255,332,43873,34,277526
28977,0.000491,172.31.33.0-255,66,43939,34,277526
28978,0.000839,74.125.24.0-255,1484,45423,34,277526
28979,0.000845,74.125.24.0-255,2902,48325,34,277526
28980,0.000848,172.31.33.0-255,66,48391,34,277526
28981,0.000856,74.125.24.0-255,5738,54129,34,277526
28982,0.000859,172.31.33.0-255,66,54195,34,277526
28983,0.00087,74.125.24.0-255,4320,58515,34,277526
28984,0.000872,172.31.33.0-255,66,58581,34,277526
28985,0.000879,74.125.24.0-255,5738,64319,34,277526
28986,0.000881,172.31.33.0-255,66,64385,34,277526
28987,0.000909,74.125.24.0-255,5738,70123,34,277526
28988,0.000913,172.31.33.0-255,66,70189,34,277526
28989,0.000917,74.125.24.0-255,1484,71673,34,277526
28990,0.000946,74.125.24.0-255,6438,78111,34,277526
28991,0.00095,172.31.33.0-255,66,78177,34,277526
28992,0.001581,74.125.24.0-255,1484,79661,34,277526
28993,0.001592,74.125.24.0-255,2902,82563,34,277526
28994,0.001596,172.31.33.0-255,66,82629,34,277526
28995,0.001601,74.125.24.0-255,1484,84113,34,277526
28996,0.001633,74.125.24.0-255,4320,88433,34,277526
28997,0.001636,172.31.33.0-255,66,88499,34,277526
28998,0.001649,172.31.33.0-255,66,88565,34,277526
28999,0.001656,74.125.24.0-255,5738,94303,34,277526
29000,0.001658,172.31.33.0-255,66,94369,34,277526
29001,0.001688,74.125.24.0-255,4320,98689,34,277526
29002,0.001691,172.31.33.0-255,66,98755,34,277526
29003,0.001714,74.125.24.0-255,766,99521,34,277526
29004,0.00193,74.125.24.0-255,1484,101005,34,277526
29005,0.001932,172.31.33.0-255,66,101071,34,277526
29006,0.001936,74.125.24.0-255,2902,103973,34,277526
29007,0.001938,172.31.33.0-255,66,104039,34,277526
29008,0.001959,74.125.24.0-255,5738,109777,34,277526
29009,0.00196,172.31.33.0-255,66,109843,34,277526
29010,0.001967,74.125.24.0-255,2902,112745,34,277526
29011,0.001969,172.31.33.0-255,66,112811,34,277526
29012,0.001996,172.31.33.0-255,66,112877,34,277526
29013,0.002007,74.125.24.0-255,1484,114361,34,277526
29014,0.002033,172.31.33.0-255,66,114427,34,277526
29015,0.002106,74.125.24.0-255,1484,115911,34,277526
29016,0.002117,74.125.24.0-255,2902,118813,34,277526
29017,0.002119,172.31.33.0-255,66,118879,34,277526
29018,0.002144,74.125.24.0-255,5738,124617,34,277526
29019,0.002147,172.31.33.0-255,66,124683,34,277526
29020,0.002152,74.125.24.0-255,7156,131839,34,277526
29021,0.002154,172.31.33.0-255,66,131905,34,277526
29022,0.002174,74.125.24.0-255,2902,134807,34,277526
29023,0.002175,172.31.33.0-255,66,134873,34,277526
29024,0.002181,74.125.24.0-255,5738,140611,34,277526
29025,0.002183,172.31.33.0-255,66,140677,34,277526
29026,0.002208,74.125.24.0-255,5738,146415,34,277526
29027,0.00221,172.31.33.0-255,66,146481,34,277526
29028,0.002214,74.125.24.0-255,2184,148665,34,277526
29029,0.002215,172.31.33.0-255,66,148731,34,277526
29030,0.002241,74.125.24.0-255,2902,151633,34,277526
29031,0.002243,172.31.33.0-255,66,151699,34,277526
29032,0.002285,74.125.24.0-255,4320,156019,34,277526
29033,0.002288,172.31.33.0-255,66,156085,34,277526
29034,0.002296,172.31.33.0-255,66,156151,34,277526
29035,0.002323,172.31.33.0-255,66,156217,34,277526
29036,0.002348,74.125.24.0-255,6438,162655,34,277526
29037,0.00235,172.31.33.0-255,66,162721,34,277526
29038,0.002354,74.125.24.0-255,4320,167041,34,277526
29039,0.002356,172.31.33.0-255,66,167107,34,277526
29040,0.002359,74.125.24.0-255,1484,168591,34,277526
29041,0.002386,74.125.24.0-255,4320,172911,34,277526
29042,0.002389,172.31.33.0-255,66,172977,34,277526
29043,0.002392,74.125.24.0-255,2902,175879,34,277526
29044,0.002396,172.31.33.0-255,66,175945,34,277526
29045,0.002435,172.31.33.0-255,66,176011,34,277526
29046,0.00244,74.125.24.0-255,5738,181749,34,277526
29047,0.002442,172.31.33.0-255,66,181815,34,277526
29048,0.00245,74.125.24.0-255,6438,188253,34,277526
29049,0.002452,172.31.33.0-255,66,188319,34,277526
29050,0.002523,74.125.24.0-255,1484,189803,34,277526
29051,0.002535,74.125.24.0-255,2902,192705,34,277526
29052,0.002536,172.31.33.0-255,66,192771,34,277526
29053,0.002558,74.125.24.0-255,5738,198509,34,277526
29054,0.002561,172.31.33.0-255,66,198575,34,277526
29055,0.002594,74.125.24.0-255,4320,202895,34,277526
29056,0.002596,172.31.33.0-255,66,202961,34,277526
29057,0.002617,74.125.24.0-255,2902,205863,34,277526
29058,0.002618,172.31.33.0-255,66,205929,34,277526
29059,0.002623,74.125.24.0-255,4320,210249,34,277526
29060,0.002625,172.31.33.0-255,66,210315,34,277526
29061,0.002627,74.125.24.0-255,1484,211799,34,277526
29062,0.002659,74.125.24.0-255,1484,213283,34,277526
29063,0.002661,172.31.33.0-255,66,213349,34,277526
29064,0.002694,172.31.33.0-255,66,213415,34,277526
29065,0.002696,74.125.24.0-255,766,214181,34,277526
29066,0.00272,74.125.24.0-255,1484,215665,34,277526
29067,0.002722,172.31.33.0-255,66,215731,34,277526
29068,0.002732,74.125.24.0-255,1484,217215,34,277526
29069,0.00275,74.125.24.0-255,2902,220117,34,277526
29070,0.002752,172.31.33.0-255,66,220183,34,277526
29071,0.002757,74.125.24.0-255,5738,225921,34,277526
29072,0.002759,172.31.33.0-255,66,225987,34,277526
29073,0.002786,74.125.24.0-255,4320,230307,34,277526
29074,0.002788,172.31.33.0-255,66,230373,34,277526
29075,0.002794,74.125.24.0-255,7156,237529,34,277526
29076,0.002796,172.31.33.0-255,66,237595,34,277526
29077,0.002826,172.31.33.0-255,66,237661,34,277526
29078,0.002848,74.125.24.0-255,766,238427,34,277526
29079,0.002898,74.125.24.0-255,1484,239911,34,277526
29080,0.0029,172.31.33.0-255,66,239977,34,277526
29081,0.002903,74.125.24.0-255,1484,241461,34,277526
29082,0.002911,74.125.24.0-255,1484,242945,34,277526
29083,0.002916,172.31.33.0-255,66,243011,34,277526
29084,0.002922,74.125.24.0-255,5738,248749,34,277526
29085,0.002924,172.31.33.0-255,66,248815,34,277526
29086,0.002947,74.125.24.0-255,2902,251717,34,277526
29087,0.002949,172.31.33.0-255,66,251783,34,277526
29088,0.00298,172.31.33.0-255,66,251849,34,277526
29089,0.002983,74.125.24.0-255,2902,254751,34,277526
29090,0.002985,172.31.33.0-255,66,254817,34,277526
29091,0.002989,74.125.24.0-255,4320,259137,34,277526
29092,0.00299,172.31.33.0-255,66,259203,34,277526
29093,0.003017,74.125.24.0-255,7156,266359,34,277526
29094,0.003019,172.31.33.0-255,66,266425,34,277526
29095,0.003044,74.125.24.0-255,2184,268609,34,277526
29096,0.003045,172.31.33.0-255,66,268675,34,277526
29097,0.003048,74.125.24.0-255,1484,270159,34,277526
29098,0.00309,172.31.33.0-255,66,270225,34,277526
29099,0.00311,74.125.24.0-255,2902,273127,34,277526
29100,0.003112,172.31.33.0-255,66,273193,34,277526
29101,0.003116,74.125.24.0-255,4162,277355,34,277526
29102,0.003117,172.31.33.0-255,66,277421,34,277526
29103,0.003151,74.125.24.0-255,105,277526,34,277526
29104,0.0,172.217.194.0-255,153,153,34,116262
29105,2.3e-05,172.31.33.0-255,66,219,34,116262
29106,3e-05,172.217.194.0-255,1484,1703,34,116262
29107,3.4e-05,172.31.33.0-255,66,1769,34,116262
29108,4e-05,172.217.194.0-255,2902,4671,34,116262
29109,4.3e-05,172.31.33.0-255,66,4737,34,116262
29110,5e-05,172.217.194.0-255,7156,11893,34,116262
29111,5.4e-05,172.31.33.0-255,66,11959,34,116262
29112,8.4e-05,172.31.33.0-255,66,12025,34,116262
29113,0.000106,172.217.194.0-255,3473,15498,34,116262
29114,0.000109,172.31.33.0-255,66,15564,34,116262
29115,0.000117,172.217.194.0-255,6797,22361,34,116262
29116,0.000119,172.31.33.0-255,66,22427,34,116262
29117,0.00028,172.217.194.0-255,1484,23911,34,116262
29118,0.000284,172.31.33.0-255,66,23977,34,116262
29119,0.00029,172.217.194.0-255,2902,26879,34,116262
29120,0.000293,172.31.33.0-255,66,26945,34,116262
29121,0.000298,172.217.194.0-255,4320,31265,34,116262
29122,0.000301,172.31.33.0-255,66,31331,34,116262
29123,0.000321,172.217.194.0-255,1484,32815,34,116262
29124,0.000323,172.31.33.0-255,66,32881,34,116262
29125,0.00033,172.217.194.0-255,5738,38619,34,116262
29126,0.000332,172.31.33.0-255,66,38685,34,116262
29127,0.000355,172.31.33.0-255,66,38751,34,116262
29128,0.000367,172.31.33.0-255,66,38817,34,116262
29129,0.000544,172.217.194.0-255,380,39197,34,116262
29130,0.000548,172.31.33.0-255,66,39263,34,116262
29131,0.000688,172.217.194.0-255,1484,40747,34,116262
29132,0.000692,172.31.33.0-255,66,40813,34,116262
29133,0.000698,172.217.194.0-255,2902,43715,34,116262
29134,0.0007,172.31.33.0-255,66,43781,34,116262
29135,0.00072,172.217.194.0-255,5738,49519,34,116262
29136,0.000723,172.31.33.0-255,66,49585,34,116262
29137,0.000736,172.217.194.0-255,1484,51069,34,116262
29138,0.000765,172.31.33.0-255,66,51135,34,116262
29139,0.00078,172.217.194.0-255,1484,52619,34,116262
29140,0.000791,172.31.33.0-255,66,52685,34,116262
29141,0.000809,172.217.194.0-255,4320,57005,34,116262
29142,0.000811,172.31.33.0-255,66,57071,34,116262
29143,0.000845,172.217.194.0-255,5020,62091,34,116262
29144,0.000848,172.31.33.0-255,66,62157,34,116262
29145,0.00086,172.31.33.0-255,66,62223,34,116262
29146,0.000916,172.31.33.0-255,66,62289,34,116262
29147,0.000937,172.31.33.0-255,66,62355,34,116262
29148,0.000941,172.217.194.0-255,2902,65257,34,116262
29149,0.000943,172.31.33.0-255,66,65323,34,116262
29150,0.000961,172.217.194.0-255,5020,70343,34,116262
29151,0.000964,172.31.33.0-255,66,70409,34,116262
29152,0.00099,172.31.33.0-255,66,70475,34,116262
29153,0.001032,172.31.33.0-255,66,70541,34,116262
29154,0.001045,172.31.33.0-255,66,70607,34,116262
29155,0.00105,172.217.194.0-255,2902,73509,34,116262
29156,0.001052,172.31.33.0-255,66,73575,34,116262
29157,0.001085,172.31.33.0-255,66,73641,34,116262
29158,0.001097,172.31.33.0-255,66,73707,34,116262
29159,0.001146,172.31.33.0-255,66,73773,34,116262
29160,0.001159,172.31.33.0-255,66,73839,34,116262
29161,0.00122,172.31.33.0-255,66,73905,34,116262
29162,0.001224,172.217.194.0-255,2902,76807,34,116262
29163,0.001227,172.31.33.0-255,66,76873,34,116262
29164,0.001252,172.31.33.0-255,66,76939,34,116262
29165,0.001274,172.217.194.0-255,1484,78423,34,116262
29166,0.001279,172.217.194.0-255,2902,81325,34,116262
29167,0.001281,172.31.33.0-255,66,81391,34,116262
29168,0.001285,172.217.194.0-255,1484,82875,34,116262
29169,0.0013,172.217.194.0-255,4320,87195,34,116262
29170,0.001303,172.31.33.0-255,66,87261,34,116262
29171,0.001307,172.217.194.0-255,2902,90163,34,116262
29172,0.00131,172.31.33.0-255,66,90229,34,116262
29173,0.001341,172.31.33.0-255,66,90295,34,116262
29174,0.001364,172.217.194.0-255,1484,91779,34,116262
29175,0.0014,172.31.33.0-255,66,91845,34,116262
29176,0.001413,172.31.33.0-255,66,91911,34,116262
29177,0.001437,172.217.194.0-255,4320,96231,34,116262
29178,0.00144,172.31.33.0-255,66,96297,34,116262
29179,0.001481,172.31.33.0-255,66,96363,34,116262
29180,0.001488,172.217.194.0-255,5738,102101,34,116262
29181,0.001491,172.31.33.0-255,66,102167,34,116262
29182,0.001521,172.31.33.0-255,66,102233,34,116262
29183,0.001527,172.217.194.0-255,5738,107971,34,116262
29184,0.00153,172.31.33.0-255,66,108037,34,116262
29185,0.001548,172.217.194.0-255,5020,113057,34,116262
29186,0.001551,172.31.33.0-255,66,113123,34,116262
29187,0.001556,172.217.194.0-255,2902,116025,34,116262
29188,0.00157,172.31.33.0-255,66,116091,34,116262
29189,0.001591,172.217.194.0-255,105,116196,34,116262
29190,0.001602,172.31.33.0-255,66,116262,34,116262
29191,0.0,172.217.160.0-255,150,150,34,209115
29192,2.7e-05,172.31.33.0-255,66,216,34,209115
29193,3.4e-05,172.217.160.0-255,1484,1700,34,209115
29194,3.8e-05,172.31.33.0-255,66,1766,34,209115
29195,4.2e-05,172.217.160.0-255,2902,4668,34,209115
29196,4.5e-05,172.31.33.0-255,66,4734,34,209115
29197,5.9e-05,172.217.160.0-255,7156,11890,34,209115
29198,6.3e-05,172.31.33.0-255,66,11956,34,209115
29199,6.7e-05,172.217.160.0-255,2082,14038,34,209115
29200,7e-05,172.31.33.0-255,66,14104,34,209115
29201,8.3e-05,172.31.33.0-255,66,14170,34,209115
29202,0.000115,172.217.160.0-255,5379,19549,34,209115
29203,0.000119,172.31.33.0-255,66,19615,34,209115
29204,0.00015,172.217.160.0-255,5738,25353,34,209115
29205,0.000154,172.31.33.0-255,66,25419,34,209115
29206,0.000157,172.217.160.0-255,1484,26903,34,209115
29207,0.00016,172.31.33.0-255,66,26969,34,209115
29208,0.000166,172.217.160.0-255,5738,32707,34,209115
29209,0.000168,172.31.33.0-255,66,32773,34,209115
29210,0.000196,172.217.160.0-255,2902,35675,34,209115
29211,0.000203,172.31.33.0-255,66,35741,34,209115
29212,0.000206,172.217.160.0-255,1125,36866,34,209115
29213,0.000209,172.31.33.0-255,66,36932,34,209115
29214,0.000284,172.217.160.0-255,1484,38416,34,209115
29215,0.000287,172.31.33.0-255,66,38482,34,209115
29216,0.000292,172.217.160.0-255,2902,41384,34,209115
29217,0.000294,172.31.33.0-255,66,41450,34,209115
29218,0.000299,172.217.160.0-255,4320,45770,34,209115
29219,0.000301,172.31.33.0-255,66,45836,34,209115
29220,0.000328,172.217.160.0-255,1484,47320,34,209115
29221,0.000334,172.31.33.0-255,66,47386,34,209115
29222,0.000361,172.217.160.0-255,6797,54183,34,209115
29223,0.000366,172.31.33.0-255,66,54249,34,209115
29224,0.00039,172.217.160.0-255,375,54624,34,209115
29225,0.000821,172.31.33.0-255,66,54690,34,209115
29226,0.000827,172.217.160.0-255,100,54790,34,209115
29227,0.000838,172.31.33.0-255,66,54856,34,209115
29228,0.000936,172.217.160.0-255,1484,56340,34,209115
29229,0.000945,172.217.160.0-255,2902,59242,34,209115
29230,0.000949,172.31.33.0-255,66,59308,34,209115
29231,0.000955,172.217.160.0-255,4320,63628,34,209115
29232,0.000957,172.31.33.0-255,66,63694,34,209115
29233,0.000973,172.217.160.0-255,1484,65178,34,209115
29234,0.001,172.217.160.0-255,2902,68080,34,209115
29235,0.001004,172.31.33.0-255,66,68146,34,209115
29236,0.001044,172.31.33.0-255,66,68212,34,209115
29237,0.00105,172.217.160.0-255,5738,73950,34,209115
29238,0.001052,172.31.33.0-255,66,74016,34,209115
29239,0.001058,172.217.160.0-255,7096,81112,34,209115
29240,0.001067,172.31.33.0-255,66,81178,34,209115
29241,0.001963,172.217.160.0-255,1484,82662,34,209115
29242,0.001972,172.217.160.0-255,2902,85564,34,209115
29243,0.001976,172.31.33.0-255,66,85630,34,209115
29244,0.00198,172.217.160.0-255,1484,87114,34,209115
29245,0.002013,172.31.33.0-255,66,87180,34,209115
29246,0.002018,172.217.160.0-255,4320,91500,34,209115
29247,0.00202,172.31.33.0-255,66,91566,34,209115
29248,0.002062,172.31.33.0-255,66,91632,34,209115
29249,0.002066,172.217.160.0-255,2184,93816,34,209115
29250,0.002069,172.31.33.0-255,66,93882,34,209115
29251,0.002402,172.217.160.0-255,1484,95366,34,209115
29252,0.002427,172.217.160.0-255,2902,98268,34,209115
29253,0.002429,172.31.33.0-255,66,98334,34,209115
29254,0.002435,172.217.160.0-255,5738,104072,34,209115
29255,0.002437,172.31.33.0-255,66,104138,34,209115
29256,0.002442,172.217.160.0-255,4320,108458,34,209115
29257,0.002448,172.31.33.0-255,66,108524,34,209115
29258,0.002482,172.31.33.0-255,66,108590,34,209115
29259,0.002497,172.31.33.0-255,66,108656,34,209115
29260,0.003221,172.217.160.0-255,1484,110140,34,209115
29261,0.003229,172.217.160.0-255,2902,113042,34,209115
29262,0.003233,172.31.33.0-255,66,113108,34,209115
29263,0.00324,172.217.160.0-255,5738,118846,34,209115
29264,0.003243,172.31.33.0-255,66,118912,34,209115
29265,0.003247,172.217.160.0-255,1484,120396,34,209115
29266,0.003283,172.31.33.0-255,66,120462,34,209115
29267,0.003295,172.31.33.0-255,66,120528,34,209115
29268,0.00333,172.217.160.0-255,2184,122712,34,209115
29269,0.003334,172.31.33.0-255,66,122778,34,209115
29270,0.003351,172.31.33.0-255,66,122844,34,209115
29271,0.003368,172.31.33.0-255,66,122910,34,209115
29272,0.003403,172.217.160.0-255,5020,127930,34,209115
29273,0.003408,172.31.33.0-255,66,127996,34,209115
29274,0.003457,172.217.160.0-255,1484,129480,34,209115
29275,0.003463,172.217.160.0-255,2902,132382,34,209115
29276,0.003466,172.31.33.0-255,66,132448,34,209115
29277,0.003473,172.217.160.0-255,4320,136768,34,209115
29278,0.003476,172.31.33.0-255,66,136834,34,209115
29279,0.003496,172.217.160.0-255,1484,138318,34,209115
29280,0.003521,172.31.33.0-255,66,138384,34,209115
29281,0.0036,172.31.33.0-255,66,138450,34,209115
29282,0.003641,172.217.160.0-255,1484,139934,34,209115
29283,0.003646,172.217.160.0-255,2902,142836,34,209115
29284,0.003649,172.31.33.0-255,66,142902,34,209115
29285,0.003654,172.217.160.0-255,2902,145804,34,209115
29286,0.003656,172.31.33.0-255,66,145870,34,209115
29287,0.003679,172.217.160.0-255,2902,148772,34,209115
29288,0.003683,172.31.33.0-255,66,148838,34,209115
29289,0.003703,172.31.33.0-255,66,148904,34,209115
29290,0.00371,172.217.160.0-255,5738,154642,34,209115
29291,0.003714,172.31.33.0-255,66,154708,34,209115
29292,0.003744,172.217.160.0-255,4320,159028,34,209115
29293,0.003747,172.31.33.0-255,66,159094,34,209115
29294,0.003756,172.217.160.0-255,766,159860,34,209115
29295,0.003845,172.217.160.0-255,1484,161344,34,209115
29296,0.00385,172.31.33.0-255,66,161410,34,209115
29297,0.003855,172.217.160.0-255,2902,164312,34,209115
29298,0.003858,172.31.33.0-255,66,164378,34,209115
29299,0.00387,172.217.160.0-255,5738,170116,34,209115
29300,0.003873,172.31.33.0-255,66,170182,34,209115
29301,0.003878,172.217.160.0-255,2902,173084,34,209115
29302,0.00388,172.31.33.0-255,66,173150,34,209115
29303,0.00393,172.31.33.0-255,66,173216,34,209115
29304,0.003939,172.217.160.0-255,7156,180372,34,209115
29305,0.003942,172.31.33.0-255,66,180438,34,209115
29306,0.003947,172.217.160.0-255,3602,184040,34,209115
29307,0.003949,172.31.33.0-255,66,184106,34,209115
29308,0.004055,172.217.160.0-255,1484,185590,34,209115
29309,0.004062,172.217.160.0-255,2902,188492,34,209115
29310,0.004066,172.31.33.0-255,66,188558,34,209115
29311,0.00407,172.217.160.0-255,1484,190042,34,209115
29312,0.004105,172.217.160.0-255,4320,194362,34,209115
29313,0.004109,172.31.33.0-255,66,194428,34,209115
29314,0.004123,172.31.33.0-255,66,194494,34,209115
29315,0.004143,172.31.33.0-255,66,194560,34,209115
29316,0.004275,172.217.160.0-255,1484,196044,34,209115
29317,0.004281,172.217.160.0-255,2902,198946,34,209115
29318,0.004285,172.31.33.0-255,66,199012,34,209115
29319,0.004319,172.217.160.0-255,5738,204750,34,209115
29320,0.004323,172.31.33.0-255,66,204816,34,209115
29321,0.004342,172.31.33.0-255,66,204882,34,209115
29322,0.004345,172.217.160.0-255,1484,206366,34,209115
29323,0.004349,172.217.160.0-255,2578,208944,34,209115
29324,0.004351,172.31.33.0-255,66,209010,34,209115
29325,0.004391,172.217.160.0-255,105,209115,34,209115
29326,0.0,172.31.33.0-255,105,105,34,276
29327,0.001499,157.240.7.0-255,105,210,34,276
29328,0.001511,172.31.33.0-255,66,276,34,276
29329,0.0,74.125.24.0-255,143,143,34,220509
29330,2.9e-05,172.31.33.0-255,66,209,34,220509
29331,3.6e-05,74.125.24.0-255,1484,1693,34,220509
29332,3.9e-05,172.31.33.0-255,66,1759,34,220509
29333,4.4e-05,74.125.24.0-255,2902,4661,34,220509
29334,4.6e-05,172.31.33.0-255,66,4727,34,220509
29335,5.5e-05,74.125.24.0-255,1484,6211,34,220509
29336,5.7e-05,172.31.33.0-255,66,6277,34,220509
29337,6.3e-05,74.125.24.0-255,5738,12015,34,220509
29338,6.6e-05,172.31.33.0-255,66,12081,34,220509
29339,9.1e-05,74.125.24.0-255,1993,14074,34,220509
29340,9.4e-05,172.31.33.0-255,66,14140,34,220509
29341,0.000126,74.125.24.0-255,2902,17042,34,220509
29342,0.000129,172.31.33.0-255,66,17108,34,220509
29343,0.000136,74.125.24.0-255,7156,24264,34,220509
29344,0.000138,172.31.33.0-255,66,24330,34,220509
29345,0.000141,74.125.24.0-255,2902,27232,34,220509
29346,0.000143,172.31.33.0-255,66,27298,34,220509
29347,0.000179,74.125.24.0-255,3961,31259,34,220509
29348,0.000182,172.31.33.0-255,66,31325,34,220509
29349,0.00029,74.125.24.0-255,1484,32809,34,220509
29350,0.000294,172.31.33.0-255,66,32875,34,220509
29351,0.000307,74.125.24.0-255,2902,35777,34,220509
29352,0.000314,172.31.33.0-255,66,35843,34,220509
29353,0.00032,74.125.24.0-255,5738,41581,34,220509
29354,0.000322,172.31.33.0-255,66,41647,34,220509
29355,0.000365,74.125.24.0-255,4320,45967,34,220509
29356,0.000368,172.31.33.0-255,66,46033,34,220509
29357,0.000405,172.31.33.0-255,66,46099,34,220509
29358,0.000445,74.125.24.0-255,4320,50419,34,220509
29359,0.000447,172.31.33.0-255,66,50485,34,220509
29360,0.000475,74.125.24.0-255,5714,56199,34,220509
29361,0.000478,172.31.33.0-255,66,56265,34,220509
29362,0.00048,74.125.24.0-255,110,56375,34,220509
29363,0.000605,74.125.24.0-255,1484,57859,34,220509
29364,0.000609,172.31.33.0-255,66,57925,34,220509
29365,0.000612,74.125.24.0-255,1484,59409,34,220509
29366,0.000636,74.125.24.0-255,1484,60893,34,220509
29367,0.000639,172.31.33.0-255,66,60959,34,220509
29368,0.000644,74.125.24.0-255,5738,66697,34,220509
29369,0.000646,172.31.33.0-255,66,66763,34,220509
29370,0.000687,172.31.33.0-255,66,66829,34,220509
29371,0.000698,172.31.33.0-255,66,66895,34,220509
29372,0.000701,74.125.24.0-255,1484,68379,34,220509
29373,0.000733,74.125.24.0-255,2543,70922,34,220509
29374,0.000736,172.31.33.0-255,66,70988,34,220509
29375,0.001779,74.125.24.0-255,1484,72472,34,220509
29376,0.00179,74.125.24.0-255,2902,75374,34,220509
29377,0.001794,172.31.33.0-255,66,75440,34,220509
29378,0.001802,74.125.24.0-255,5738,81178,34,220509
29379,0.001804,172.31.33.0-255,66,81244,34,220509
29380,0.00183,74.125.24.0-255,5738,86982,34,220509
29381,0.001833,172.31.33.0-255,66,87048,34,220509
29382,0.001866,74.125.24.0-255,7156,94204,34,220509
29383,0.001868,172.31.33.0-255,66,94270,34,220509
29384,0.001884,172.31.33.0-255,66,94336,34,220509
29385,0.001939,74.125.24.0-255,1484,95820,34,220509
29386,0.001953,74.125.24.0-255,2902,98722,34,220509
29387,0.001955,172.31.33.0-255,66,98788,34,220509
29388,0.00196,74.125.24.0-255,2902,101690,34,220509
29389,0.001961,172.31.33.0-255,66,101756,34,220509
29390,0.001982,74.125.24.0-255,2902,104658,34,220509
29391,0.001984,172.31.33.0-255,66,104724,34,220509
29392,0.001989,74.125.24.0-255,4320,109044,34,220509
29393,0.00199,172.31.33.0-255,66,109110,34,220509
29394,0.002021,172.31.33.0-255,66,109176,34,220509
29395,0.002026,74.125.24.0-255,5738,114914,34,220509
29396,0.002029,172.31.33.0-255,66,114980,34,220509
29397,0.002074,172.31.33.0-255,66,115046,34,220509
29398,0.002086,172.31.33.0-255,66,115112,34,220509
29399,0.002102,172.31.33.0-255,66,115178,34,220509
29400,0.002153,74.125.24.0-255,1484,116662,34,220509
29401,0.002157,74.125.24.0-255,2902,119564,34,220509
29402,0.002159,172.31.33.0-255,66,119630,34,220509
29403,0.002162,74.125.24.0-255,1484,121114,34,220509
29404,0.002185,74.125.24.0-255,4320,125434,34,220509
29405,0.002188,172.31.33.0-255,66,125500,34,220509
29406,0.002194,74.125.24.0-255,5738,131238,34,220509
29407,0.002196,172.31.33.0-255,66,131304,34,220509
29408,0.002198,74.125.24.0-255,1484,132788,34,220509
29409,0.002225,74.125.24.0-255,5738,138526,34,220509
29410,0.002227,172.31.33.0-255,66,138592,34,220509
29411,0.002255,74.125.24.0-255,2902,141494,34,220509
29412,0.002257,172.31.33.0-255,66,141560,34,220509
29413,0.002262,74.125.24.0-255,4320,145880,34,220509
29414,0.002265,172.31.33.0-255,66,145946,34,220509
29415,0.002269,74.125.24.0-255,3602,149548,34,220509
29416,0.002271,172.31.33.0-255,66,149614,34,220509
29417,0.002294,74.125.24.0-255,1484,151098,34,220509
29418,0.002299,74.125.24.0-255,2902,154000,34,220509
29419,0.002305,172.31.33.0-255,66,154066,34,220509
29420,0.002367,74.125.24.0-255,5738,159804,34,220509
29421,0.00237,172.31.33.0-255,66,159870,34,220509
29422,0.002391,172.31.33.0-255,66,159936,34,220509
29423,0.002401,172.31.33.0-255,66,160002,34,220509
29424,0.002403,74.125.24.0-255,766,160768,34,220509
29425,0.002407,74.125.24.0-255,4320,165088,34,220509
29426,0.002409,172.31.33.0-255,66,165154,34,220509
29427,0.002433,172.31.33.0-255,66,165220,34,220509
29428,0.00246,172.31.33.0-255,66,165286,34,220509
29429,0.002466,74.125.24.0-255,6438,171724,34,220509
29430,0.002468,172.31.33.0-255,66,171790,34,220509
29431,0.002471,74.125.24.0-255,2902,174692,34,220509
29432,0.002473,172.31.33.0-255,66,174758,34,220509
29433,0.002478,74.125.24.0-255,4320,179078,34,220509
29434,0.00248,172.31.33.0-255,66,179144,34,220509
29435,0.002483,74.125.24.0-255,2902,182046,34,220509
29436,0.002485,172.31.33.0-255,66,182112,34,220509
29437,0.002521,172.31.33.0-255,66,182178,34,220509
29438,0.002546,74.125.24.0-255,1484,183662,34,220509
29439,0.002552,74.125.24.0-255,7156,190818,34,220509
29440,0.002556,74.125.24.0-255,3602,194420,34,220509
29441,0.002558,74.125.24.0-255,1484,195904,34,220509
29442,0.002603,74.125.24.0-255,2902,198806,34,220509
29443,0.002621,74.125.24.0-255,6438,205244,34,220509
29444,0.002626,74.125.24.0-255,5738,210982,34,220509
29445,0.002659,74.125.24.0-255,2902,213884,34,220509
29446,0.00269,74.125.24.0-255,5738,219622,34,220509
29447,0.002692,74.125.24.0-255,716,220338,34,220509
29448,0.002746,74.125.24.0-255,105,220443,34,220509
29449,0.008251,172.31.33.0-255,66,220509,34,220509
29450,0.0,172.217.194.0-255,153,153,34,233259
29451,2.7e-05,172.31.33.0-255,66,219,34,233259
29452,3.3e-05,172.217.194.0-255,1484,1703,34,233259
29453,3.7e-05,172.31.33.0-255,66,1769,34,233259
29454,4.1e-05,172.217.194.0-255,2902,4671,34,233259
29455,4.3e-05,172.31.33.0-255,66,4737,34,233259
29456,4.6e-05,172.217.194.0-255,2902,7639,34,233259
29457,4.8e-05,172.31.33.0-255,66,7705,34,233259
29458,7.3e-05,172.217.194.0-255,1484,9189,34,233259
29459,7.5e-05,172.31.33.0-255,66,9255,34,233259
29460,8e-05,172.217.194.0-255,4858,14113,34,233259
29461,8.2e-05,172.31.33.0-255,66,14179,34,233259
29462,8.9e-05,172.217.194.0-255,5738,19917,34,233259
29463,9.1e-05,172.31.33.0-255,66,19983,34,233259
29464,0.00012,172.217.194.0-255,5738,25721,34,233259
29465,0.000123,172.31.33.0-255,66,25787,34,233259
29466,0.000128,172.217.194.0-255,5379,31166,34,233259
29467,0.00013,172.31.33.0-255,66,31232,34,233259
29468,0.00021,172.217.194.0-255,1484,32716,34,233259
29469,0.000213,172.31.33.0-255,66,32782,34,233259
29470,0.000217,172.217.194.0-255,2902,35684,34,233259
29471,0.000219,172.31.33.0-255,66,35750,34,233259
29472,0.000244,172.217.194.0-255,1484,37234,34,233259
29473,0.000247,172.31.33.0-255,66,37300,34,233259
29474,0.00027,172.217.194.0-255,4320,41620,34,233259
29475,0.000272,172.31.33.0-255,66,41686,34,233259
29476,0.000282,172.31.33.0-255,66,41752,34,233259
29477,0.000292,172.31.33.0-255,66,41818,34,233259
29478,0.000296,172.217.194.0-255,2902,44720,34,233259
29479,0.000298,172.31.33.0-255,66,44786,34,233259
29480,0.000314,172.217.194.0-255,1125,45911,34,233259
29481,0.000329,172.217.194.0-255,647,46558,34,233259
29482,0.000337,172.31.33.0-255,66,46624,34,233259
29483,0.001015,172.217.194.0-255,1484,48108,34,233259
29484,0.001024,172.217.194.0-255,2902,51010,34,233259
29485,0.001028,172.31.33.0-255,66,51076,34,233259
29486,0.001033,172.217.194.0-255,4320,55396,34,233259
29487,0.001046,172.217.194.0-255,1484,56880,34,233259
29488,0.001058,172.217.194.0-255,4320,61200,34,233259
29489,0.001104,172.217.194.0-255,2902,64102,34,233259
29490,0.001599,172.217.194.0-255,1484,65586,34,233259
29491,0.001605,172.217.194.0-255,2902,68488,34,233259
29492,0.00162,172.217.194.0-255,2902,71390,34,233259
29493,0.001634,172.217.194.0-255,2902,74292,34,233259
29494,0.001636,172.217.194.0-255,1484,75776,34,233259
29495,0.001682,172.217.194.0-255,2184,77960,34,233259
29496,0.001712,172.217.194.0-255,4320,82280,34,233259
29497,0.001729,172.217.194.0-255,5738,88018,34,233259
29498,0.001762,172.217.194.0-255,2902,90920,34,233259
29499,0.002127,172.217.194.0-255,1484,92404,34,233259
29500,0.002144,172.217.194.0-255,2902,95306,34,233259
29501,0.002157,172.217.194.0-255,4320,99626,34,233259
29502,0.002166,172.217.194.0-255,1484,101110,34,233259
29503,0.002172,172.217.194.0-255,5738,106848,34,233259
29504,0.002199,172.217.194.0-255,1484,108332,34,233259
29505,0.00224,172.217.194.0-255,5020,113352,34,233259
29506,0.002277,172.217.194.0-255,1484,114836,34,233259
29507,0.002279,172.217.194.0-255,1484,116320,34,233259
29508,0.00229,172.217.194.0-255,1484,117804,34,233259
29509,0.002304,172.217.194.0-255,5738,123542,34,233259
29510,0.002321,172.217.194.0-255,4320,127862,34,233259
29511,0.002341,172.217.194.0-255,1484,129346,34,233259
29512,0.002562,172.217.194.0-255,1484,130830,34,233259
29513,0.002575,172.217.194.0-255,2902,133732,34,233259
29514,0.002591,172.217.194.0-255,1484,135216,34,233259
29515,0.002613,172.217.194.0-255,4320,139536,34,233259
29516,0.002628,172.217.194.0-255,4320,143856,34,233259
29517,0.002672,172.217.194.0-255,1484,145340,34,233259
29518,0.002818,172.217.194.0-255,1484,146824,34,233259
29519,0.002823,172.217.194.0-255,2902,149726,34,233259
29520,0.00284,172.217.194.0-255,5738,155464,34,233259
29521,0.002843,172.217.194.0-255,1484,156948,34,233259
29522,0.002885,172.217.194.0-255,4320,161268,34,233259
29523,0.002906,172.217.194.0-255,1484,162752,34,233259
29524,0.002922,172.217.194.0-255,7156,169908,34,233259
29525,0.002936,172.217.194.0-255,5738,175646,34,233259
29526,0.002954,172.217.194.0-255,5738,181384,34,233259
29527,0.002984,172.217.194.0-255,4320,185704,34,233259
29528,0.003014,172.217.194.0-255,5738,191442,34,233259
29529,0.003032,172.217.194.0-255,7156,198598,34,233259
29530,0.003035,172.217.194.0-255,1484,200082,34,233259
29531,0.003045,172.217.194.0-255,2902,202984,34,233259
29532,0.003061,172.217.194.0-255,5020,208004,34,233259
29533,0.003099,172.31.33.0-255,66,208070,34,233259
29534,0.003204,172.217.194.0-255,1484,209554,34,233259
29535,0.003207,172.217.194.0-255,1484,211038,34,233259
29536,0.003211,172.31.33.0-255,66,211104,34,233259
29537,0.003228,172.217.194.0-255,1484,212588,34,233259
29538,0.003234,172.217.194.0-255,5738,218326,34,233259
29539,0.003237,172.217.194.0-255,1484,219810,34,233259
29540,0.00325,172.31.33.0-255,66,219876,34,233259
29541,0.003254,172.217.194.0-255,4320,224196,34,233259
29542,0.003262,172.31.33.0-255,66,224262,34,233259
29543,0.003292,172.217.194.0-255,4320,228582,34,233259
29544,0.003296,172.31.33.0-255,66,228648,34,233259
29545,0.003306,172.217.194.0-255,4203,232851,34,233259
29546,0.003311,172.31.33.0-255,66,232917,34,233259
29547,0.003333,172.217.194.0-255,105,233022,34,233259
29548,0.005248,172.31.33.0-255,66,233088,34,233259
29549,0.005272,172.31.33.0-255,105,233193,34,233259
29550,0.007779,172.217.194.0-255,66,233259,34,233259
29551,0.0,172.217.194.0-255,297,297,34,230920
29552,3.4e-05,172.31.33.0-255,66,363,34,230920
29553,4e-05,172.217.194.0-255,1484,1847,34,230920
29554,4.4e-05,172.31.33.0-255,66,1913,34,230920
29555,5e-05,172.217.194.0-255,4320,6233,34,230920
29556,5.3e-05,172.31.33.0-255,66,6299,34,230920
29557,6.6e-05,172.217.194.0-255,5738,12037,34,230920
29558,7e-05,172.31.33.0-255,66,12103,34,230920
29559,7.3e-05,172.217.194.0-255,1849,13952,34,230920
29560,7.6e-05,172.31.33.0-255,66,14018,34,230920
29561,0.000103,172.217.194.0-255,1484,15502,34,230920
29562,0.000112,172.31.33.0-255,66,15568,34,230920
29563,0.000136,172.217.194.0-255,1484,17052,34,230920
29564,0.000141,172.31.33.0-255,66,17118,34,230920
29565,0.000146,172.217.194.0-255,4320,21438,34,230920
29566,0.000148,172.31.33.0-255,66,21504,34,230920
29567,0.000166,172.31.33.0-255,66,21570,34,230920
29568,0.00017,172.217.194.0-255,2543,24113,34,230920
29569,0.000172,172.31.33.0-255,66,24179,34,230920
29570,0.000176,172.217.194.0-255,2902,27081,34,230920
29571,0.000178,172.31.33.0-255,66,27147,34,230920
29572,0.000181,172.217.194.0-255,1484,28631,34,230920
29573,0.000184,172.31.33.0-255,66,28697,34,230920
29574,0.000215,172.217.194.0-255,5738,34435,34,230920
29575,0.000218,172.31.33.0-255,66,34501,34,230920
29576,0.00022,172.217.194.0-255,1484,35985,34,230920
29577,0.000222,172.31.33.0-255,66,36051,34,230920
29578,0.000249,172.217.194.0-255,3961,40012,34,230920
29579,0.000252,172.31.33.0-255,66,40078,34,230920
29580,0.000497,172.217.194.0-255,1484,41562,34,230920
29581,0.000501,172.31.33.0-255,66,41628,34,230920
29582,0.000507,172.217.194.0-255,2902,44530,34,230920
29583,0.000509,172.31.33.0-255,66,44596,34,230920
29584,0.000539,172.217.194.0-255,5738,50334,34,230920
29585,0.000544,172.31.33.0-255,66,50400,34,230920
29586,0.000552,172.217.194.0-255,6797,57197,34,230920
29587,0.000554,172.31.33.0-255,66,57263,34,230920
29588,0.000558,172.217.194.0-255,2902,60165,34,230920
29589,0.000566,172.31.33.0-255,66,60231,34,230920
29590,0.000603,172.31.33.0-255,66,60297,34,230920
29591,0.000608,172.217.194.0-255,2543,62840,34,230920
29592,0.00061,172.31.33.0-255,66,62906,34,230920
29593,0.00064,172.217.194.0-255,1484,64390,34,230920
29594,0.000646,172.217.194.0-255,2902,67292,34,230920
29595,0.000649,172.31.33.0-255,66,67358,34,230920
29596,0.000656,172.217.194.0-255,5738,73096,34,230920
29597,0.000658,172.31.33.0-255,66,73162,34,230920
29598,0.000689,172.31.33.0-255,66,73228,34,230920
29599,0.00072,172.217.194.0-255,1484,74712,34,230920
29600,0.000737,172.217.194.0-255,2902,77614,34,230920
29601,0.00074,172.31.33.0-255,66,77680,34,230920
29602,0.000759,172.217.194.0-255,5738,83418,34,230920
29603,0.000762,172.31.33.0-255,66,83484,34,230920
29604,0.000792,172.31.33.0-255,66,83550,34,230920
29605,0.000824,172.217.194.0-255,2902,86452,34,230920
29606,0.000827,172.31.33.0-255,66,86518,34,230920
29607,0.000853,172.31.33.0-255,66,86584,34,230920
29608,0.000856,172.217.194.0-255,115,86699,34,230920
29609,0.00122,172.217.194.0-255,1484,88183,34,230920
29610,0.001224,172.31.33.0-255,66,88249,34,230920
29611,0.00123,172.217.194.0-255,2902,91151,34,230920
29612,0.001232,172.31.33.0-255,66,91217,34,230920
29613,0.001243,172.217.194.0-255,5738,96955,34,230920
29614,0.001246,172.31.33.0-255,66,97021,34,230920
29615,0.001271,172.217.194.0-255,4320,101341,34,230920
29616,0.001275,172.31.33.0-255,66,101407,34,230920
29617,0.001298,172.217.194.0-255,2902,104309,34,230920
29618,0.001305,172.31.33.0-255,66,104375,34,230920
29619,0.001319,172.31.33.0-255,66,104441,34,230920
29620,0.001323,172.217.194.0-255,2184,106625,34,230920
29621,0.001325,172.31.33.0-255,66,106691,34,230920
29622,0.001591,172.217.194.0-255,1484,108175,34,230920
29623,0.001596,172.217.194.0-255,2902,111077,34,230920
29624,0.001605,172.31.33.0-255,66,111143,34,230920
29625,0.001616,172.217.194.0-255,5738,116881,34,230920
29626,0.001619,172.31.33.0-255,66,116947,34,230920
29627,0.001648,172.31.33.0-255,66,117013,34,230920
29628,0.001677,172.217.194.0-255,4320,121333,34,230920
29629,0.00168,172.31.33.0-255,66,121399,34,230920
29630,0.001699,172.31.33.0-255,66,121465,34,230920
29631,0.001727,172.217.194.0-255,1484,122949,34,230920
29632,0.001745,172.217.194.0-255,2902,125851,34,230920
29633,0.001747,172.31.33.0-255,66,125917,34,230920
29634,0.001754,172.217.194.0-255,5738,131655,34,230920
29635,0.001756,172.31.33.0-255,66,131721,34,230920
29636,0.001766,172.217.194.0-255,2902,134623,34,230920
29637,0.001769,172.31.33.0-255,66,134689,34,230920
29638,0.001835,172.31.33.0-255,66,134755,34,230920
29639,0.001852,172.31.33.0-255,66,134821,34,230920
29640,0.001858,172.217.194.0-255,4320,139141,34,230920
29641,0.001861,172.31.33.0-255,66,139207,34,230920
29642,0.001888,172.217.194.0-255,7156,146363,34,230920
29643,0.001896,172.31.33.0-255,66,146429,34,230920
29644,0.001915,172.31.33.0-255,66,146495,34,230920
29645,0.001922,172.217.194.0-255,5738,152233,34,230920
29646,0.001925,172.31.33.0-255,66,152299,34,230920
29647,0.001939,172.217.194.0-255,3602,155901,34,230920
29648,0.001942,172.31.33.0-255,66,155967,34,230920
29649,0.001952,172.217.194.0-255,4320,160287,34,230920
29650,0.001954,172.31.33.0-255,66,160353,34,230920
29651,0.001957,172.217.194.0-255,1484,161837,34,230920
29652,0.001984,172.217.194.0-255,4320,166157,34,230920
29653,0.001988,172.31.33.0-255,66,166223,34,230920
29654,0.002006,172.31.33.0-255,66,166289,34,230920
29655,0.002012,172.217.194.0-255,7156,173445,34,230920
29656,0.002015,172.31.33.0-255,66,173511,34,230920
29657,0.002052,172.217.194.0-255,5020,178531,34,230920
29658,0.002055,172.31.33.0-255,66,178597,34,230920
29659,0.002058,172.217.194.0-255,1484,180081,34,230920
29660,0.002062,172.217.194.0-255,2902,182983,34,230920
29661,0.002064,172.31.33.0-255,66,183049,34,230920
29662,0.00207,172.217.194.0-255,5738,188787,34,230920
29663,0.002072,172.31.33.0-255,66,188853,34,230920
29664,0.002147,172.31.33.0-255,66,188919,34,230920
29665,0.002153,172.217.194.0-255,5738,194657,34,230920
29666,0.002156,172.31.33.0-255,66,194723,34,230920
29667,0.002167,172.217.194.0-255,5020,199743,34,230920
29668,0.00217,172.31.33.0-255,66,199809,34,230920
29669,0.002201,172.217.194.0-255,5738,205547,34,230920
29670,0.002204,172.31.33.0-255,66,205613,34,230920
29671,0.002208,172.217.194.0-255,4320,209933,34,230920
29672,0.002211,172.31.33.0-255,66,209999,34,230920
29673,0.002249,172.31.33.0-255,66,210065,34,230920
29674,0.002285,172.31.33.0-255,66,210131,34,230920
29675,0.002309,172.217.194.0-255,1484,211615,34,230920
29676,0.002314,172.217.194.0-255,2902,214517,34,230920
29677,0.002316,172.31.33.0-255,66,214583,34,230920
29678,0.002321,172.217.194.0-255,2902,217485,34,230920
29679,0.002324,172.31.33.0-255,66,217551,34,230920
29680,0.002347,172.217.194.0-255,2902,220453,34,230920
29681,0.002351,172.31.33.0-255,66,220519,34,230920
29682,0.002361,172.31.33.0-255,66,220585,34,230920
29683,0.002391,172.217.194.0-255,4320,224905,34,230920
29684,0.002395,172.31.33.0-255,66,224971,34,230920
29685,0.002401,172.217.194.0-255,5444,230415,34,230920
29686,0.002403,172.31.33.0-255,66,230481,34,230920
29687,0.002411,172.217.194.0-255,97,230578,34,230920
29688,0.002435,172.217.194.0-255,105,230683,34,230920
29689,0.003512,172.31.33.0-255,66,230749,34,230920
29690,0.003538,172.31.33.0-255,105,230854,34,230920
29691,0.006015,172.217.194.0-255,66,230920,34,230920
29692,0.0,74.125.24.0-255,152,152,34,225810
29693,2.1e-05,172.31.33.0-255,66,218,34,225810
29694,2.7e-05,74.125.24.0-255,1484,1702,34,225810
29695,3.2e-05,172.31.33.0-255,66,1768,34,225810
29696,3.8e-05,74.125.24.0-255,2902,4670,34,225810
29697,4.8e-05,172.31.33.0-255,66,4736,34,225810
29698,5.5e-05,74.125.24.0-255,7156,11892,34,225810
29699,5.7e-05,172.31.33.0-255,66,11958,34,225810
29700,6.1e-05,74.125.24.0-255,1992,13950,34,225810
29701,6.3e-05,172.31.33.0-255,66,14016,34,225810
29702,0.000254,74.125.24.0-255,1484,15500,34,225810
29703,0.000259,172.31.33.0-255,66,15566,34,225810
29704,0.000265,74.125.24.0-255,2902,18468,34,225810
29705,0.000267,172.31.33.0-255,66,18534,34,225810
29706,0.000273,74.125.24.0-255,5738,24272,34,225810
29707,0.000279,172.31.33.0-255,66,24338,34,225810
29708,0.000314,74.125.24.0-255,6797,31135,34,225810
29709,0.000317,172.31.33.0-255,66,31201,34,225810
29710,0.00044,74.125.24.0-255,1484,32685,34,225810
29711,0.000444,172.31.33.0-255,66,32751,34,225810
29712,0.000449,74.125.24.0-255,2902,35653,34,225810
29713,0.000451,172.31.33.0-255,66,35719,34,225810
29714,0.000482,74.125.24.0-255,5738,41457,34,225810
29715,0.000484,172.31.33.0-255,66,41523,34,225810
29716,0.000487,74.125.24.0-255,1484,43007,34,225810
29717,0.000489,172.31.33.0-255,66,43073,34,225810
29718,0.000522,172.31.33.0-255,66,43139,34,225810
29719,0.000533,172.31.33.0-255,66,43205,34,225810
29720,0.000562,74.125.24.0-255,1125,44330,34,225810
29721,0.000564,172.31.33.0-255,66,44396,34,225810
29722,0.000568,74.125.24.0-255,413,44809,34,225810
29723,0.000588,74.125.24.0-255,330,45139,34,225810
29724,0.000847,74.125.24.0-255,1484,46623,34,225810
29725,0.00085,74.125.24.0-255,1484,48107,34,225810
29726,0.000854,172.31.33.0-255,66,48173,34,225810
29727,0.000864,74.125.24.0-255,1484,49657,34,225810
29728,0.000868,74.125.24.0-255,4320,53977,34,225810
29729,0.000878,172.31.33.0-255,66,54043,34,225810
29730,0.000884,172.31.33.0-255,66,54109,34,225810
29731,0.000892,74.125.24.0-255,5738,59847,34,225810
29732,0.000897,172.31.33.0-255,66,59913,34,225810
29733,0.000928,74.125.24.0-255,2902,62815,34,225810
29734,0.00093,172.31.33.0-255,66,62881,34,225810
29735,0.000949,172.31.33.0-255,66,62947,34,225810
29736,0.001438,74.125.24.0-255,1484,64431,34,225810
29737,0.001447,74.125.24.0-255,2902,67333,34,225810
29738,0.001451,172.31.33.0-255,66,67399,34,225810
29739,0.001455,74.125.24.0-255,1484,68883,34,225810
29740,0.001483,74.125.24.0-255,4320,73203,34,225810
29741,0.001486,172.31.33.0-255,66,73269,34,225810
29742,0.001492,74.125.24.0-255,5738,79007,34,225810
29743,0.001494,172.31.33.0-255,66,79073,34,225810
29744,0.001503,74.125.24.0-255,7156,86229,34,225810
29745,0.001505,172.31.33.0-255,66,86295,34,225810
29746,0.001532,74.125.24.0-255,5738,92033,34,225810
29747,0.001534,172.31.33.0-255,66,92099,34,225810
29748,0.00154,74.125.24.0-255,5020,97119,34,225810
29749,0.001541,172.31.33.0-255,66,97185,34,225810
29750,0.001664,74.125.24.0-255,1484,98669,34,225810
29751,0.00167,74.125.24.0-255,2902,101571,34,225810
29752,0.001673,172.31.33.0-255,66,101637,34,225810
29753,0.001676,74.125.24.0-255,1484,103121,34,225810
29754,0.001702,74.125.24.0-255,4320,107441,34,225810
29755,0.001704,172.31.33.0-255,66,107507,34,225810
29756,0.001709,74.125.24.0-255,4320,111827,34,225810
29757,0.00171,172.31.33.0-255,66,111893,34,225810
29758,0.001743,172.31.33.0-255,66,111959,34,225810
29759,0.001747,74.125.24.0-255,2902,114861,34,225810
29760,0.001749,172.31.33.0-255,66,114927,34,225810
29761,0.001781,74.125.24.0-255,5020,119947,34,225810
29762,0.001783,172.31.33.0-255,66,120013,34,225810
29763,0.001811,74.125.24.0-255,1484,121497,34,225810
29764,0.001823,74.125.24.0-255,1484,122981,34,225810
29765,0.001826,172.31.33.0-255,66,123047,34,225810
29766,0.001849,74.125.24.0-255,1484,124531,34,225810
29767,0.001855,74.125.24.0-255,5738,130269,34,225810
29768,0.001857,172.31.33.0-255,66,130335,34,225810
29769,0.001861,74.125.24.0-255,4320,134655,34,225810
29770,0.001863,172.31.33.0-255,66,134721,34,225810
29771,0.001897,172.31.33.0-255,66,134787,34,225810
29772,0.0019,74.125.24.0-255,1484,136271,34,225810
29773,0.001927,74.125.24.0-255,6438,142709,34,225810
29774,0.001929,172.31.33.0-255,66,142775,34,225810
29775,0.001953,74.125.24.0-255,4320,147095,34,225810
29776,0.001955,172.31.33.0-255,66,147161,34,225810
29777,0.001959,74.125.24.0-255,2902,150063,34,225810
29778,0.001961,172.31.33.0-255,66,150129,34,225810
29779,0.001992,74.125.24.0-255,2902,153031,34,225810
29780,0.001994,172.31.33.0-255,66,153097,34,225810
29781,0.002012,172.31.33.0-255,66,153163,34,225810
29782,0.002025,172.31.33.0-255,66,153229,34,225810
29783,0.002035,74.125.24.0-255,766,153995,34,225810
29784,0.002176,74.125.24.0-255,1484,155479,34,225810
29785,0.002181,172.31.33.0-255,66,155545,34,225810
29786,0.002188,74.125.24.0-255,2902,158447,34,225810
29787,0.002191,172.31.33.0-255,66,158513,34,225810
29788,0.002203,74.125.24.0-255,5738,164251,34,225810
29789,0.002205,172.31.33.0-255,66,164317,34,225810
29790,0.002217,74.125.24.0-255,5738,170055,34,225810
29791,0.00222,172.31.33.0-255,66,170121,34,225810
29792,0.002226,74.125.24.0-255,4320,174441,34,225810
29793,0.002228,172.31.33.0-255,66,174507,34,225810
29794,0.002272,172.31.33.0-255,66,174573,34,225810
29795,0.002279,74.125.24.0-255,5020,179593,34,225810
29796,0.002281,172.31.33.0-255,66,179659,34,225810
29797,0.002464,74.125.24.0-255,1484,181143,34,225810
29798,0.002473,74.125.24.0-255,2902,184045,34,225810
29799,0.002477,172.31.33.0-255,66,184111,34,225810
29800,0.002481,74.125.24.0-255,1484,185595,34,225810
29801,0.002506,74.125.24.0-255,4320,189915,34,225810
29802,0.002509,172.31.33.0-255,66,189981,34,225810
29803,0.002523,172.31.33.0-255,66,190047,34,225810
29804,0.002573,172.31.33.0-255,66,190113,34,225810
29805,0.002605,74.125.24.0-255,6438,196551,34,225810
29806,0.002608,172.31.33.0-255,66,196617,34,225810
29807,0.002624,172.31.33.0-255,66,196683,34,225810
29808,0.002627,74.125.24.0-255,1484,198167,34,225810
29809,0.002642,172.31.33.0-255,66,198233,34,225810
29810,0.002757,74.125.24.0-255,1484,199717,34,225810
29811,0.00277,74.125.24.0-255,2902,202619,34,225810
29812,0.002773,172.31.33.0-255,66,202685,34,225810
29813,0.00278,74.125.24.0-255,5738,208423,34,225810
29814,0.002782,172.31.33.0-255,66,208489,34,225810
29815,0.002835,74.125.24.0-255,1484,209973,34,225810
29816,0.002848,74.125.24.0-255,1484,211457,34,225810
29817,0.002852,74.125.24.0-255,1484,212941,34,225810
29818,0.002866,74.125.24.0-255,1484,214425,34,225810
29819,0.002897,74.125.24.0-255,5738,220163,34,225810
29820,0.002913,74.125.24.0-255,5445,225608,34,225810
29821,0.002917,74.125.24.0-255,97,225705,34,225810
29822,0.002935,74.125.24.0-255,105,225810,34,225810
29823,0.0,74.125.24.0-255,153,153,34,144938
29824,2.6e-05,172.31.33.0-255,66,219,34,144938
29825,3.2e-05,74.125.24.0-255,1484,1703,34,144938
29826,3.6e-05,172.31.33.0-255,66,1769,34,144938
29827,4.1e-05,74.125.24.0-255,2902,4671,34,144938
29828,5e-05,172.31.33.0-255,66,4737,34,144938
29829,7.6e-05,74.125.24.0-255,1484,6221,34,144938
29830,8e-05,172.31.33.0-255,66,6287,34,144938
29831,0.00011,74.125.24.0-255,5738,12025,34,144938
29832,0.000113,172.31.33.0-255,66,12091,34,144938
29833,0.000122,172.31.33.0-255,66,12157,34,144938
29834,0.000132,172.31.33.0-255,66,12223,34,144938
29835,0.000178,74.125.24.0-255,1484,13707,34,144938
29836,0.000181,172.31.33.0-255,66,13773,34,144938
29837,0.000184,74.125.24.0-255,1484,15257,34,144938
29838,0.000185,172.31.33.0-255,66,15323,34,144938
29839,0.000214,74.125.24.0-255,1484,16807,34,144938
29840,0.000216,172.31.33.0-255,66,16873,34,144938
29841,0.000222,74.125.24.0-255,5738,22611,34,144938
29842,0.000224,172.31.33.0-255,66,22677,34,144938
29843,0.000255,172.31.33.0-255,66,22743,34,144938
29844,0.000281,74.125.24.0-255,5379,28122,34,144938
29845,0.000284,172.31.33.0-255,66,28188,34,144938
29846,0.000294,172.31.33.0-255,66,28254,34,144938
29847,0.000401,74.125.24.0-255,130,28384,34,144938
29848,0.000404,172.31.33.0-255,66,28450,34,144938
29849,0.000844,74.125.24.0-255,1484,29934,34,144938
29850,0.000849,172.31.33.0-255,66,30000,34,144938
29851,0.000857,74.125.24.0-255,2902,32902,34,144938
29852,0.00086,172.31.33.0-255,66,32968,34,144938
29853,0.00087,74.125.24.0-255,2902,35870,34,144938
29854,0.000872,172.31.33.0-255,66,35936,34,144938
29855,0.000895,74.125.24.0-255,1484,37420,34,144938
29856,0.000906,74.125.24.0-255,5738,43158,34,144938
29857,0.000909,172.31.33.0-255,66,43224,34,144938
29858,0.000939,172.31.33.0-255,66,43290,34,144938
29859,0.000947,172.31.33.0-255,66,43356,34,144938
29860,0.000978,74.125.24.0-255,2543,45899,34,144938
29861,0.000981,172.31.33.0-255,66,45965,34,144938
29862,0.001039,74.125.24.0-255,1484,47449,34,144938
29863,0.001045,74.125.24.0-255,2902,50351,34,144938
29864,0.001049,172.31.33.0-255,66,50417,34,144938
29865,0.001052,74.125.24.0-255,1484,51901,34,144938
29866,0.001081,74.125.24.0-255,4320,56221,34,144938
29867,0.001084,172.31.33.0-255,66,56287,34,144938
29868,0.001093,172.31.33.0-255,66,56353,34,144938
29869,0.001133,172.31.33.0-255,66,56419,34,144938
29870,0.001137,74.125.24.0-255,2902,59321,34,144938
29871,0.001139,172.31.33.0-255,66,59387,34,144938
29872,0.001162,74.125.24.0-255,2184,61571,34,144938
29873,0.00117,172.31.33.0-255,66,61637,34,144938
29874,0.001426,74.125.24.0-255,1484,63121,34,144938
29875,0.001431,74.125.24.0-255,2902,66023,34,144938
29876,0.001434,172.31.33.0-255,66,66089,34,144938
29877,0.001462,74.125.24.0-255,5738,71827,34,144938
29878,0.001464,172.31.33.0-255,66,71893,34,144938
29879,0.001473,74.125.24.0-255,1484,73377,34,144938
29880,0.001491,74.125.24.0-255,5738,79115,34,144938
29881,0.001493,172.31.33.0-255,66,79181,34,144938
29882,0.001516,74.125.24.0-255,5738,84919,34,144938
29883,0.001518,172.31.33.0-255,66,84985,34,144938
29884,0.001527,172.31.33.0-255,66,85051,34,144938
29885,0.001553,74.125.24.0-255,5738,90789,34,144938
29886,0.001556,172.31.33.0-255,66,90855,34,144938
29887,0.001626,172.31.33.0-255,66,90921,34,144938
29888,0.001648,74.125.24.0-255,2184,93105,34,144938
29889,0.00165,172.31.33.0-255,66,93171,34,144938
29890,0.00166,172.31.33.0-255,66,93237,34,144938
29891,0.001662,74.125.24.0-255,1484,94721,34,144938
29892,0.001665,74.125.24.0-255,2902,97623,34,144938
29893,0.001667,172.31.33.0-255,66,97689,34,144938
29894,0.001705,74.125.24.0-255,5738,103427,34,144938
29895,0.001709,172.31.33.0-255,66,103493,34,144938
29896,0.00172,172.31.33.0-255,66,103559,34,144938
29897,0.001728,172.31.33.0-255,66,103625,34,144938
29898,0.00175,74.125.24.0-255,2184,105809,34,144938
29899,0.001752,172.31.33.0-255,66,105875,34,144938
29900,0.001787,172.31.33.0-255,66,105941,34,144938
29901,0.001813,74.125.24.0-255,1484,107425,34,144938
29902,0.001837,172.31.33.0-255,66,107491,34,144938
29903,0.001839,172.31.33.0-255,66,107557,34,144938
29904,0.001894,172.31.33.0-255,66,107623,34,144938
29905,0.001926,74.125.24.0-255,7156,114779,34,144938
29906,0.001933,74.125.24.0-255,5738,120517,34,144938
29907,0.001945,74.125.24.0-255,2902,123419,34,144938
29908,0.001961,172.31.33.0-255,66,123485,34,144938
29909,0.001981,172.31.33.0-255,66,123551,34,144938
29910,0.00202,74.125.24.0-255,7156,130707,34,144938
29911,0.002026,172.31.33.0-255,66,130773,34,144938
29912,0.002036,74.125.24.0-255,6438,137211,34,144938
29913,0.002057,172.31.33.0-255,66,137277,34,144938
29914,0.002067,74.125.24.0-255,5738,143015,34,144938
29915,0.002082,74.125.24.0-255,1484,144499,34,144938
29916,0.002165,74.125.24.0-255,97,144596,34,144938
29917,0.002167,74.125.24.0-255,105,144701,34,144938
29918,0.00218,172.31.33.0-255,66,144767,34,144938
29919,0.003748,172.31.33.0-255,105,144872,34,144938
29920,0.005763,74.125.24.0-255,66,144938,34,144938
29921,0.0,172.217.194.0-255,226,226,34,120931
29922,7.4e-05,172.31.33.0-255,66,292,34,120931
29923,8e-05,172.217.194.0-255,1484,1776,34,120931
29924,8.4e-05,172.31.33.0-255,66,1842,34,120931
29925,9.9e-05,172.217.194.0-255,4320,6162,34,120931
29926,0.000103,172.31.33.0-255,66,6228,34,120931
29927,0.000276,172.31.33.0-255,66,6294,34,120931
29928,0.000646,172.31.33.0-255,66,6360,34,120931
29929,0.000672,172.217.194.0-255,1484,7844,34,120931
29930,0.000676,172.31.33.0-255,66,7910,34,120931
29931,0.001168,172.217.194.0-255,5481,13391,34,120931
29932,0.001174,172.31.33.0-255,66,13457,34,120931
29933,0.002752,172.217.194.0-255,5484,18941,34,120931
29934,0.002758,172.31.33.0-255,66,19007,34,120931
29935,0.002856,172.217.194.0-255,7156,26163,34,120931
29936,0.00286,172.31.33.0-255,66,26229,34,120931
29937,0.002885,172.217.194.0-255,1738,27967,34,120931
29938,0.002888,172.31.33.0-255,66,28033,34,120931
29939,0.003266,172.217.194.0-255,4134,32167,34,120931
29940,0.003273,172.31.33.0-255,66,32233,34,120931
29941,0.003458,172.31.33.0-255,66,32299,34,120931
29942,0.003482,172.217.194.0-255,1670,33969,34,120931
29943,0.003484,172.31.33.0-255,66,34035,34,120931
29944,0.003932,172.217.194.0-255,5738,39773,34,120931
29945,0.003938,172.31.33.0-255,66,39839,34,120931
29946,0.004206,172.31.33.0-255,66,39905,34,120931
29947,0.004572,172.31.33.0-255,66,39971,34,120931
29948,0.004605,172.217.194.0-255,4320,44291,34,120931
29949,0.004609,172.31.33.0-255,66,44357,34,120931
29950,0.005167,172.31.33.0-255,66,44423,34,120931
29951,0.005203,172.217.194.0-255,2902,47325,34,120931
29952,0.005207,172.31.33.0-255,66,47391,34,120931
29953,0.005617,172.217.194.0-255,2902,50293,34,120931
29954,0.005624,172.31.33.0-255,66,50359,34,120931
29955,0.005687,172.217.194.0-255,5738,56097,34,120931
29956,0.005693,172.31.33.0-255,66,56163,34,120931
29957,0.005715,172.31.33.0-255,66,56229,34,120931
29958,0.00609,172.31.33.0-255,66,56295,34,120931
29959,0.006125,172.217.194.0-255,5738,62033,34,120931
29960,0.006129,172.31.33.0-255,66,62099,34,120931
29961,0.006394,172.217.194.0-255,7156,69255,34,120931
29962,0.0064,172.31.33.0-255,66,69321,34,120931
29963,0.006444,172.217.194.0-255,7156,76477,34,120931
29964,0.006449,172.31.33.0-255,66,76543,34,120931
29965,0.00674,172.31.33.0-255,66,76609,34,120931
29966,0.006765,172.217.194.0-255,5738,82347,34,120931
29967,0.006767,172.31.33.0-255,66,82413,34,120931
29968,0.007056,172.217.194.0-255,4320,86733,34,120931
29969,0.007061,172.31.33.0-255,66,86799,34,120931
29970,0.007099,172.31.33.0-255,66,86865,34,120931
29971,0.007813,172.31.33.0-255,66,86931,34,120931
29972,0.007884,172.217.194.0-255,5738,92669,34,120931
29973,0.007889,172.31.33.0-255,66,92735,34,120931
29974,0.007921,172.217.194.0-255,5738,98473,34,120931
29975,0.007925,172.31.33.0-255,66,98539,34,120931
29976,0.007961,172.31.33.0-255,66,98605,34,120931
29977,0.008764,172.31.33.0-255,66,98671,34,120931
29978,0.008804,172.217.194.0-255,4320,102991,34,120931
29979,0.008808,172.31.33.0-255,66,103057,34,120931
29980,0.008833,172.217.194.0-255,1484,104541,34,120931
29981,0.008837,172.31.33.0-255,66,104607,34,120931
29982,0.008874,172.31.33.0-255,66,104673,34,120931
29983,0.008991,172.217.194.0-255,4320,108993,34,120931
29984,0.008997,172.31.33.0-255,66,109059,34,120931
29985,0.009045,172.31.33.0-255,66,109125,34,120931
29986,0.009073,172.217.194.0-255,5738,114863,34,120931
29987,0.009077,172.31.33.0-255,66,114929,34,120931
29988,0.009349,172.217.194.0-255,5738,120667,34,120931
29989,0.009353,172.31.33.0-255,66,120733,34,120931
29990,0.009401,172.31.33.0-255,66,120799,34,120931
29991,0.00971,172.31.33.0-255,66,120865,34,120931
29992,0.009759,172.31.33.0-255,66,120931,34,120931
29993,0.0,172.217.194.0-255,150,150,34,269803
29994,3.3e-05,172.31.33.0-255,66,216,34,269803
29995,4e-05,172.217.194.0-255,1484,1700,34,269803
29996,4.5e-05,172.31.33.0-255,66,1766,34,269803
29997,5e-05,172.217.194.0-255,2902,4668,34,269803
29998,5.3e-05,172.31.33.0-255,66,4734,34,269803
29999,5.8e-05,172.217.194.0-255,5738,10472,34,269803
30000,6.2e-05,172.31.33.0-255,66,10538,34,269803
30001,0.000141,172.217.194.0-255,5738,16276,34,269803
30002,0.000146,172.31.33.0-255,66,16342,34,269803
30003,0.00016,172.217.194.0-255,4867,21209,34,269803
30004,0.000163,172.31.33.0-255,66,21275,34,269803
30005,0.000176,172.31.33.0-255,66,21341,34,269803
30006,0.000282,172.217.194.0-255,1484,22825,34,269803
30007,0.000285,172.31.33.0-255,66,22891,34,269803
30008,0.0003,172.217.194.0-255,2902,25793,34,269803
30009,0.000303,172.31.33.0-255,66,25859,34,269803
30010,0.00033,172.217.194.0-255,5738,31597,34,269803
30011,0.000333,172.31.33.0-255,66,31663,34,269803
30012,0.000349,172.217.194.0-255,1484,33147,34,269803
30013,0.000354,172.31.33.0-255,66,33213,34,269803
30014,0.000371,172.31.33.0-255,66,33279,34,269803
30015,0.00038,172.217.194.0-255,2543,35822,34,269803
30016,0.000382,172.31.33.0-255,66,35888,34,269803
30017,0.000405,172.217.194.0-255,4320,40208,34,269803
30018,0.000408,172.31.33.0-255,66,40274,34,269803
30019,0.000431,172.217.194.0-255,6797,47071,34,269803
30020,0.000434,172.31.33.0-255,66,47137,34,269803
30021,0.000437,172.217.194.0-255,649,47786,34,269803
30022,0.000438,172.31.33.0-255,66,47852,34,269803
30023,0.00064,172.217.194.0-255,1484,49336,34,269803
30024,0.000647,172.217.194.0-255,2902,52238,34,269803
30025,0.00065,172.31.33.0-255,66,52304,34,269803
30026,0.000671,172.217.194.0-255,5738,58042,34,269803
30027,0.000674,172.31.33.0-255,66,58108,34,269803
30028,0.000705,172.31.33.0-255,66,58174,34,269803
30029,0.00071,172.217.194.0-255,5738,63912,34,269803
30030,0.000711,172.31.33.0-255,66,63978,34,269803
30031,0.000729,172.217.194.0-255,4468,68446,34,269803
30032,0.000732,172.31.33.0-255,66,68512,34,269803
30033,0.000745,172.217.194.0-255,1484,69996,34,269803
30034,0.000748,172.217.194.0-255,1484,71480,34,269803
30035,0.00075,172.31.33.0-255,66,71546,34,269803
30036,0.000769,172.217.194.0-255,1484,73030,34,269803
30037,0.000774,172.217.194.0-255,5738,78768,34,269803
30038,0.000776,172.31.33.0-255,66,78834,34,269803
30039,0.000817,172.31.33.0-255,66,78900,34,269803
30040,0.000825,172.31.33.0-255,66,78966,34,269803
30041,0.000854,172.217.194.0-255,2184,81150,34,269803
30042,0.000857,172.31.33.0-255,66,81216,34,269803
30043,0.001212,172.217.194.0-255,1484,82700,34,269803
30044,0.001217,172.217.194.0-255,2902,85602,34,269803
30045,0.00122,172.31.33.0-255,66,85668,34,269803
30046,0.00124,172.217.194.0-255,5738,91406,34,269803
30047,0.001242,172.31.33.0-255,66,91472,34,269803
30048,0.001261,172.217.194.0-255,4320,95792,34,269803
30049,0.001264,172.31.33.0-255,66,95858,34,269803
30050,0.001288,172.31.33.0-255,66,95924,34,269803
30051,0.001297,172.31.33.0-255,66,95990,34,269803
30052,0.001314,172.217.194.0-255,2184,98174,34,269803
30053,0.001316,172.31.33.0-255,66,98240,34,269803
30054,0.001331,172.217.194.0-255,1484,99724,34,269803
30055,0.001333,172.217.194.0-255,1484,101208,34,269803
30056,0.001336,172.31.33.0-255,66,101274,34,269803
30057,0.001344,172.217.194.0-255,1484,102758,34,269803
30058,0.001346,172.217.194.0-255,1484,104242,34,269803
30059,0.001348,172.31.33.0-255,66,104308,34,269803
30060,0.001364,172.217.194.0-255,4320,108628,34,269803
30061,0.001366,172.31.33.0-255,66,108694,34,269803
30062,0.001373,172.217.194.0-255,7156,115850,34,269803
30063,0.001375,172.31.33.0-255,66,115916,34,269803
30064,0.001396,172.217.194.0-255,2902,118818,34,269803
30065,0.001399,172.31.33.0-255,66,118884,34,269803
30066,0.001423,172.217.194.0-255,1484,120368,34,269803
30067,0.001453,172.31.33.0-255,66,120434,34,269803
30068,0.001879,172.217.194.0-255,1484,121918,34,269803
30069,0.001888,172.217.194.0-255,2902,124820,34,269803
30070,0.001891,172.31.33.0-255,66,124886,34,269803
30071,0.001895,172.217.194.0-255,1484,126370,34,269803
30072,0.001915,172.217.194.0-255,4320,130690,34,269803
30073,0.001918,172.31.33.0-255,66,130756,34,269803
30074,0.001938,172.217.194.0-255,4320,135076,34,269803
30075,0.00194,172.31.33.0-255,66,135142,34,269803
30076,0.001945,172.217.194.0-255,4320,139462,34,269803
30077,0.001947,172.31.33.0-255,66,139528,34,269803
30078,0.001965,172.217.194.0-255,1484,141012,34,269803
30079,0.001981,172.217.194.0-255,4320,145332,34,269803
30080,0.001983,172.31.33.0-255,66,145398,34,269803
30081,0.002003,172.217.194.0-255,7156,152554,34,269803
30082,0.002005,172.31.33.0-255,66,152620,34,269803
30083,0.002026,172.217.194.0-255,2184,154804,34,269803
30084,0.002028,172.31.33.0-255,66,154870,34,269803
30085,0.002033,172.217.194.0-255,2902,157772,34,269803
30086,0.002034,172.31.33.0-255,66,157838,34,269803
30087,0.002045,172.217.194.0-255,2902,160740,34,269803
30088,0.002047,172.31.33.0-255,66,160806,34,269803
30089,0.002065,172.217.194.0-255,4320,165126,34,269803
30090,0.002067,172.31.33.0-255,66,165192,34,269803
30091,0.002072,172.217.194.0-255,4320,169512,34,269803
30092,0.002073,172.31.33.0-255,66,169578,34,269803
30093,0.002115,172.31.33.0-255,66,169644,34,269803
30094,0.002124,172.31.33.0-255,66,169710,34,269803
30095,0.002197,172.217.194.0-255,1484,171194,34,269803
30096,0.002201,172.217.194.0-255,1484,172678,34,269803
30097,0.002204,172.31.33.0-255,66,172744,34,269803
30098,0.002222,172.217.194.0-255,1484,174228,34,269803
30099,0.002231,172.217.194.0-255,5738,179966,34,269803
30100,0.002233,172.31.33.0-255,66,180032,34,269803
30101,0.002237,172.217.194.0-255,4320,184352,34,269803
30102,0.002239,172.31.33.0-255,66,184418,34,269803
30103,0.002254,172.217.194.0-255,7156,191574,34,269803
30104,0.002256,172.31.33.0-255,66,191640,34,269803
30105,0.00229,172.217.194.0-255,2902,194542,34,269803
30106,0.002292,172.31.33.0-255,66,194608,34,269803
30107,0.00232,172.31.33.0-255,66,194674,34,269803
30108,0.002344,172.217.194.0-255,1484,196158,34,269803
30109,0.002348,172.217.194.0-255,2902,199060,34,269803
30110,0.00235,172.31.33.0-255,66,199126,34,269803
30111,0.002355,172.217.194.0-255,5738,204864,34,269803
30112,0.002356,172.31.33.0-255,66,204930,34,269803
30113,0.002377,172.217.194.0-255,1484,206414,34,269803
30114,0.002379,172.217.194.0-255,1484,207898,34,269803
30115,0.002381,172.31.33.0-255,66,207964,34,269803
30116,0.002395,172.217.194.0-255,2902,210866,34,269803
30117,0.002397,172.31.33.0-255,66,210932,34,269803
30118,0.0024,172.217.194.0-255,2902,213834,34,269803
30119,0.002402,172.31.33.0-255,66,213900,34,269803
30120,0.002413,172.217.194.0-255,2902,216802,34,269803
30121,0.002415,172.31.33.0-255,66,216868,34,269803
30122,0.002446,172.217.194.0-255,7156,224024,34,269803
30123,0.002448,172.31.33.0-255,66,224090,34,269803
30124,0.002456,172.217.194.0-255,1484,225574,34,269803
30125,0.002468,172.217.194.0-255,3602,229176,34,269803
30126,0.00247,172.31.33.0-255,66,229242,34,269803
30127,0.002527,172.217.194.0-255,1484,230726,34,269803
30128,0.002531,172.217.194.0-255,2902,233628,34,269803
30129,0.002533,172.31.33.0-255,66,233694,34,269803
30130,0.002538,172.217.194.0-255,4320,238014,34,269803
30131,0.00254,172.31.33.0-255,66,238080,34,269803
30132,0.00255,172.217.194.0-255,1484,239564,34,269803
30133,0.002562,172.217.194.0-255,4320,243884,34,269803
30134,0.002564,172.31.33.0-255,66,243950,34,269803
30135,0.00258,172.31.33.0-255,66,244016,34,269803
30136,0.002612,172.31.33.0-255,66,244082,34,269803
30137,0.002634,172.217.194.0-255,4320,248402,34,269803
30138,0.002636,172.31.33.0-255,66,248468,34,269803
30139,0.002656,172.217.194.0-255,7156,255624,34,269803
30140,0.002658,172.31.33.0-255,66,255690,34,269803
30141,0.002663,172.217.194.0-255,5738,261428,34,269803
30142,0.002665,172.31.33.0-255,66,261494,34,269803
30143,0.002667,172.217.194.0-255,1484,262978,34,269803
30144,0.002712,172.217.194.0-255,6654,269632,34,269803
30145,0.002714,172.31.33.0-255,66,269698,34,269803
30146,0.002717,172.217.194.0-255,105,269803,34,269803
30147,0.0,74.125.24.0-255,153,153,34,230400
30148,3.2e-05,172.31.33.0-255,66,219,34,230400
30149,3.9e-05,74.125.24.0-255,1484,1703,34,230400
30150,4.4e-05,172.31.33.0-255,66,1769,34,230400
30151,4.9e-05,74.125.24.0-255,2902,4671,34,230400
30152,5.1e-05,172.31.33.0-255,66,4737,34,230400
30153,5.7e-05,74.125.24.0-255,7156,11893,34,230400
30154,5.9e-05,172.31.33.0-255,66,11959,34,230400
30155,6.2e-05,74.125.24.0-255,1484,13443,34,230400
30156,6.4e-05,172.31.33.0-255,66,13509,34,230400
30157,9.2e-05,74.125.24.0-255,2902,16411,34,230400
30158,9.5e-05,172.31.33.0-255,66,16477,34,230400
30159,0.000125,172.31.33.0-255,66,16543,34,230400
30160,0.000132,74.125.24.0-255,6797,23340,34,230400
30161,0.000134,172.31.33.0-255,66,23406,34,230400
30162,0.000271,74.125.24.0-255,1484,24890,34,230400
30163,0.000276,172.31.33.0-255,66,24956,34,230400
30164,0.000298,74.125.24.0-255,2902,27858,34,230400
30165,0.000301,172.31.33.0-255,66,27924,34,230400
30166,0.000309,74.125.24.0-255,5738,33662,34,230400
30167,0.000311,172.31.33.0-255,66,33728,34,230400
30168,0.000342,74.125.24.0-255,6797,40525,34,230400
30169,0.000345,172.31.33.0-255,66,40591,34,230400
30170,0.000352,74.125.24.0-255,7156,47747,34,230400
30171,0.000353,172.31.33.0-255,66,47813,34,230400
30172,0.000368,74.125.24.0-255,1484,49297,34,230400
30173,0.00037,172.31.33.0-255,66,49363,34,230400
30174,0.000395,172.31.33.0-255,66,49429,34,230400
30175,0.000883,74.125.24.0-255,646,50075,34,230400
30176,0.000887,172.31.33.0-255,66,50141,34,230400
30177,0.00101,74.125.24.0-255,1484,51625,34,230400
30178,0.001024,74.125.24.0-255,2902,54527,34,230400
30179,0.001028,172.31.33.0-255,66,54593,34,230400
30180,0.001034,74.125.24.0-255,4320,58913,34,230400
30181,0.001035,172.31.33.0-255,66,58979,34,230400
30182,0.001045,74.125.24.0-255,1484,60463,34,230400
30183,0.001057,74.125.24.0-255,1484,61947,34,230400
30184,0.001059,172.31.33.0-255,66,62013,34,230400
30185,0.001079,172.31.33.0-255,66,62079,34,230400
30186,0.001097,74.125.24.0-255,2543,64622,34,230400
30187,0.001099,172.31.33.0-255,66,64688,34,230400
30188,0.001108,172.31.33.0-255,66,64754,34,230400
30189,0.00111,74.125.24.0-255,1125,65879,34,230400
30190,0.001339,74.125.24.0-255,1484,67363,34,230400
30191,0.001343,172.31.33.0-255,66,67429,34,230400
30192,0.001348,74.125.24.0-255,2902,70331,34,230400
30193,0.00135,172.31.33.0-255,66,70397,34,230400
30194,0.001359,74.125.24.0-255,1484,71881,34,230400
30195,0.001373,74.125.24.0-255,4320,76201,34,230400
30196,0.001375,172.31.33.0-255,66,76267,34,230400
30197,0.001377,74.125.24.0-255,1484,77751,34,230400
30198,0.001394,74.125.24.0-255,5738,83489,34,230400
30199,0.001396,172.31.33.0-255,66,83555,34,230400
30200,0.001414,74.125.24.0-255,5738,89293,34,230400
30201,0.001416,172.31.33.0-255,66,89359,34,230400
30202,0.001429,74.125.24.0-255,1484,90843,34,230400
30203,0.001454,172.31.33.0-255,66,90909,34,230400
30204,0.001594,74.125.24.0-255,1484,92393,34,230400
30205,0.001596,74.125.24.0-255,1484,93877,34,230400
30206,0.001598,172.31.33.0-255,66,93943,34,230400
30207,0.001615,74.125.24.0-255,1484,95427,34,230400
30208,0.001621,74.125.24.0-255,5738,101165,34,230400
30209,0.001623,172.31.33.0-255,66,101231,34,230400
30210,0.001641,74.125.24.0-255,5738,106969,34,230400
30211,0.001643,172.31.33.0-255,66,107035,34,230400
30212,0.001661,74.125.24.0-255,5738,112773,34,230400
30213,0.001663,172.31.33.0-255,66,112839,34,230400
30214,0.001702,74.125.24.0-255,2902,115741,34,230400
30215,0.001704,172.31.33.0-255,66,115807,34,230400
30216,0.001724,172.31.33.0-255,66,115873,34,230400
30217,0.001804,74.125.24.0-255,1484,117357,34,230400
30218,0.00182,74.125.24.0-255,2902,120259,34,230400
30219,0.001822,172.31.33.0-255,66,120325,34,230400
30220,0.001839,74.125.24.0-255,4320,124645,34,230400
30221,0.001841,172.31.33.0-255,66,124711,34,230400
30222,0.001886,74.125.24.0-255,1484,126195,34,230400
30223,0.001907,74.125.24.0-255,7156,133351,34,230400
30224,0.001909,172.31.33.0-255,66,133417,34,230400
30225,0.001914,74.125.24.0-255,5738,139155,34,230400
30226,0.001916,172.31.33.0-255,66,139221,34,230400
30227,0.001921,74.125.24.0-255,7156,146377,34,230400
30228,0.001924,172.31.33.0-255,66,146443,34,230400
30229,0.001926,74.125.24.0-255,1484,147927,34,230400
30230,0.001945,74.125.24.0-255,2184,150111,34,230400
30231,0.001947,172.31.33.0-255,66,150177,34,230400
30232,0.002014,74.125.24.0-255,1484,151661,34,230400
30233,0.002027,74.125.24.0-255,2902,154563,34,230400
30234,0.002029,172.31.33.0-255,66,154629,34,230400
30235,0.002048,74.125.24.0-255,5738,160367,34,230400
30236,0.00205,172.31.33.0-255,66,160433,34,230400
30237,0.00208,74.125.24.0-255,1484,161917,34,230400
30238,0.0021,172.31.33.0-255,66,161983,34,230400
30239,0.002104,74.125.24.0-255,4320,166303,34,230400
30240,0.002106,172.31.33.0-255,66,166369,34,230400
30241,0.00211,74.125.24.0-255,4320,170689,34,230400
30242,0.002112,172.31.33.0-255,66,170755,34,230400
30243,0.002146,74.125.24.0-255,2184,172939,34,230400
30244,0.002148,172.31.33.0-255,66,173005,34,230400
30245,0.002411,74.125.24.0-255,1484,174489,34,230400
30246,0.002424,74.125.24.0-255,2902,177391,34,230400
30247,0.002426,172.31.33.0-255,66,177457,34,230400
30248,0.002429,74.125.24.0-255,2902,180359,34,230400
30249,0.002431,172.31.33.0-255,66,180425,34,230400
30250,0.002445,74.125.24.0-255,2902,183327,34,230400
30251,0.002447,172.31.33.0-255,66,183393,34,230400
30252,0.002456,74.125.24.0-255,5738,189131,34,230400
30253,0.002457,172.31.33.0-255,66,189197,34,230400
30254,0.002461,74.125.24.0-255,2902,192099,34,230400
30255,0.002463,172.31.33.0-255,66,192165,34,230400
30256,0.002465,74.125.24.0-255,1484,193649,34,230400
30257,0.002467,74.125.24.0-255,1484,195133,34,230400
30258,0.002469,172.31.33.0-255,66,195199,34,230400
30259,0.002486,74.125.24.0-255,1484,196683,34,230400
30260,0.002497,74.125.24.0-255,2902,199585,34,230400
30261,0.002499,172.31.33.0-255,66,199651,34,230400
30262,0.002517,172.31.33.0-255,66,199717,34,230400
30263,0.002561,74.125.24.0-255,1484,201201,34,230400
30264,0.002573,74.125.24.0-255,2902,204103,34,230400
30265,0.002575,172.31.33.0-255,66,204169,34,230400
30266,0.002578,74.125.24.0-255,1484,205653,34,230400
30267,0.002595,74.125.24.0-255,4320,209973,34,230400
30268,0.002596,172.31.33.0-255,66,210039,34,230400
30269,0.002599,74.125.24.0-255,1484,211523,34,230400
30270,0.002612,74.125.24.0-255,2902,214425,34,230400
30271,0.002614,172.31.33.0-255,66,214491,34,230400
30272,0.002617,74.125.24.0-255,1484,215975,34,230400
30273,0.002647,172.31.33.0-255,66,216041,34,230400
30274,0.002666,74.125.24.0-255,7156,223197,34,230400
30275,0.002668,172.31.33.0-255,66,223263,34,230400
30276,0.002679,74.125.24.0-255,4320,227583,34,230400
30277,0.002681,172.31.33.0-255,66,227649,34,230400
30278,0.002706,172.31.33.0-255,66,227715,34,230400
30279,0.002715,172.31.33.0-255,66,227781,34,230400
30280,0.002744,172.31.33.0-255,66,227847,34,230400
30281,0.002747,74.125.24.0-255,2184,230031,34,230400
30282,0.002749,172.31.33.0-255,66,230097,34,230400
30283,0.002759,172.31.33.0-255,66,230163,34,230400
30284,0.002787,172.31.33.0-255,66,230229,34,230400
30285,0.002796,172.31.33.0-255,66,230295,34,230400
30286,0.002863,74.125.24.0-255,105,230400,34,230400
30287,0.0,74.125.24.0-255,153,153,34,292336
30288,2.3e-05,172.31.33.0-255,66,219,34,292336
30289,3e-05,74.125.24.0-255,1484,1703,34,292336
30290,3.4e-05,172.31.33.0-255,66,1769,34,292336
30291,3.9e-05,74.125.24.0-255,2902,4671,34,292336
30292,4.1e-05,172.31.33.0-255,66,4737,34,292336
30293,7.1e-05,74.125.24.0-255,7156,11893,34,292336
30294,7.4e-05,172.31.33.0-255,66,11959,34,292336
30295,7.8e-05,74.125.24.0-255,2128,14087,34,292336
30296,8e-05,172.31.33.0-255,66,14153,34,292336
30297,0.000307,74.125.24.0-255,1484,15637,34,292336
30298,0.000312,172.31.33.0-255,66,15703,34,292336
30299,0.000319,74.125.24.0-255,2902,18605,34,292336
30300,0.000322,172.31.33.0-255,66,18671,34,292336
30301,0.000328,74.125.24.0-255,2902,21573,34,292336
30302,0.000331,172.31.33.0-255,66,21639,34,292336
30303,0.000353,74.125.24.0-255,2902,24541,34,292336
30304,0.000357,172.31.33.0-255,66,24607,34,292336
30305,0.000363,74.125.24.0-255,4320,28927,34,292336
30306,0.000366,172.31.33.0-255,66,28993,34,292336
30307,0.000427,172.31.33.0-255,66,29059,34,292336
30308,0.000443,74.125.24.0-255,1484,30543,34,292336
30309,0.000446,172.31.33.0-255,66,30609,34,292336
30310,0.000467,74.125.24.0-255,5379,35988,34,292336
30311,0.00047,172.31.33.0-255,66,36054,34,292336
30312,0.002037,74.125.24.0-255,1484,37538,34,292336
30313,0.002043,172.31.33.0-255,66,37604,34,292336
30314,0.002053,74.125.24.0-255,2902,40506,34,292336
30315,0.002056,172.31.33.0-255,66,40572,34,292336
30316,0.002062,74.125.24.0-255,5738,46310,34,292336
30317,0.002064,172.31.33.0-255,66,46376,34,292336
30318,0.002087,74.125.24.0-255,2902,49278,34,292336
30319,0.00209,172.31.33.0-255,66,49344,34,292336
30320,0.002113,74.125.24.0-255,3961,53305,34,292336
30321,0.002115,172.31.33.0-255,66,53371,34,292336
30322,0.002133,74.125.24.0-255,2902,56273,34,292336
30323,0.002135,172.31.33.0-255,66,56339,34,292336
30324,0.002154,74.125.24.0-255,1484,57823,34,292336
30325,0.002159,74.125.24.0-255,2902,60725,34,292336
30326,0.002161,172.31.33.0-255,66,60791,34,292336
30327,0.002168,74.125.24.0-255,7156,67947,34,292336
30328,0.00217,172.31.33.0-255,66,68013,34,292336
30329,0.002191,74.125.24.0-255,1484,69497,34,292336
30330,0.002209,74.125.24.0-255,1706,71203,34,292336
30331,0.002212,172.31.33.0-255,66,71269,34,292336
30332,0.00273,74.125.24.0-255,1484,72753,34,292336
30333,0.002746,74.125.24.0-255,2902,75655,34,292336
30334,0.00275,172.31.33.0-255,66,75721,34,292336
30335,0.002771,74.125.24.0-255,5738,81459,34,292336
30336,0.002774,172.31.33.0-255,66,81525,34,292336
30337,0.002834,74.125.24.0-255,5738,87263,34,292336
30338,0.002839,172.31.33.0-255,66,87329,34,292336
30339,0.002846,74.125.24.0-255,1125,88454,34,292336
30340,0.00294,172.31.33.0-255,66,88520,34,292336
30341,0.003045,74.125.24.0-255,1484,90004,34,292336
30342,0.003068,74.125.24.0-255,2902,92906,34,292336
30343,0.00307,172.31.33.0-255,66,92972,34,292336
30344,0.00309,74.125.24.0-255,5738,98710,34,292336
30345,0.003092,172.31.33.0-255,66,98776,34,292336
30346,0.003129,74.125.24.0-255,4320,103096,34,292336
30347,0.003133,172.31.33.0-255,66,103162,34,292336
30348,0.003155,74.125.24.0-255,7156,110318,34,292336
30349,0.003158,172.31.33.0-255,66,110384,34,292336
30350,0.003162,74.125.24.0-255,2902,113286,34,292336
30351,0.003164,172.31.33.0-255,66,113352,34,292336
30352,0.003198,172.31.33.0-255,66,113418,34,292336
30353,0.00333,74.125.24.0-255,1484,114902,34,292336
30354,0.003346,74.125.24.0-255,2902,117804,34,292336
30355,0.003349,172.31.33.0-255,66,117870,34,292336
30356,0.003375,74.125.24.0-255,5738,123608,34,292336
30357,0.003377,172.31.33.0-255,66,123674,34,292336
30358,0.003381,74.125.24.0-255,4320,127994,34,292336
30359,0.003383,172.31.33.0-255,66,128060,34,292336
30360,0.003402,74.125.24.0-255,4320,132380,34,292336
30361,0.003404,172.31.33.0-255,66,132446,34,292336
30362,0.003419,74.125.24.0-255,7156,139602,34,292336
30363,0.003421,172.31.33.0-255,66,139668,34,292336
30364,0.003425,74.125.24.0-255,4320,143988,34,292336
30365,0.003427,172.31.33.0-255,66,144054,34,292336
30366,0.00344,74.125.24.0-255,2902,146956,34,292336
30367,0.003442,172.31.33.0-255,66,147022,34,292336
30368,0.00346,74.125.24.0-255,766,147788,34,292336
30369,0.003621,74.125.24.0-255,1484,149272,34,292336
30370,0.003624,172.31.33.0-255,66,149338,34,292336
30371,0.003629,74.125.24.0-255,2902,152240,34,292336
30372,0.00363,172.31.33.0-255,66,152306,34,292336
30373,0.003654,74.125.24.0-255,5738,158044,34,292336
30374,0.003657,172.31.33.0-255,66,158110,34,292336
30375,0.003671,74.125.24.0-255,1484,159594,34,292336
30376,0.003692,74.125.24.0-255,7156,166750,34,292336
30377,0.003694,172.31.33.0-255,66,166816,34,292336
30378,0.003699,74.125.24.0-255,4320,171136,34,292336
30379,0.003701,172.31.33.0-255,66,171202,34,292336
30380,0.003718,74.125.24.0-255,5738,176940,34,292336
30381,0.003722,172.31.33.0-255,66,177006,34,292336
30382,0.003729,74.125.24.0-255,2902,179908,34,292336
30383,0.00373,172.31.33.0-255,66,179974,34,292336
30384,0.003744,74.125.24.0-255,2184,182158,34,292336
30385,0.003746,172.31.33.0-255,66,182224,34,292336
30386,0.004385,74.125.24.0-255,1484,183708,34,292336
30387,0.004392,74.125.24.0-255,2902,186610,34,292336
30388,0.004395,172.31.33.0-255,66,186676,34,292336
30389,0.004398,74.125.24.0-255,1484,188160,34,292336
30390,0.004418,74.125.24.0-255,4320,192480,34,292336
30391,0.00442,172.31.33.0-255,66,192546,34,292336
30392,0.004445,74.125.24.0-255,1484,194030,34,292336
30393,0.00447,172.31.33.0-255,66,194096,34,292336
30394,0.004475,74.125.24.0-255,7156,201252,34,292336
30395,0.004477,172.31.33.0-255,66,201318,34,292336
30396,0.004507,74.125.24.0-255,2902,204220,34,292336
30397,0.00451,172.31.33.0-255,66,204286,34,292336
30398,0.004541,172.31.33.0-255,66,204352,34,292336
30399,0.004558,74.125.24.0-255,4320,208672,34,292336
30400,0.00456,172.31.33.0-255,66,208738,34,292336
30401,0.00459,172.31.33.0-255,66,208804,34,292336
30402,0.004595,74.125.24.0-255,3602,212406,34,292336
30403,0.004597,172.31.33.0-255,66,212472,34,292336
30404,0.004677,74.125.24.0-255,1484,213956,34,292336
30405,0.004683,74.125.24.0-255,2902,216858,34,292336
30406,0.004686,172.31.33.0-255,66,216924,34,292336
30407,0.00469,74.125.24.0-255,2902,219826,34,292336
30408,0.004692,172.31.33.0-255,66,219892,34,292336
30409,0.004712,74.125.24.0-255,2902,222794,34,292336
30410,0.004715,172.31.33.0-255,66,222860,34,292336
30411,0.004719,74.125.24.0-255,4320,227180,34,292336
30412,0.00472,172.31.33.0-255,66,227246,34,292336
30413,0.004735,74.125.24.0-255,4320,231566,34,292336
30414,0.004737,172.31.33.0-255,66,231632,34,292336
30415,0.004769,172.31.33.0-255,66,231698,34,292336
30416,0.004773,74.125.24.0-255,3602,235300,34,292336
30417,0.004774,172.31.33.0-255,66,235366,34,292336
30418,0.00506,74.125.24.0-255,1484,236850,34,292336
30419,0.005084,74.125.24.0-255,2902,239752,34,292336
30420,0.005086,74.125.24.0-255,1484,241236,34,292336
30421,0.005089,172.31.33.0-255,66,241302,34,292336
30422,0.005106,74.125.24.0-255,1484,242786,34,292336
30423,0.005108,172.31.33.0-255,66,242852,34,292336
30424,0.005117,172.31.33.0-255,66,242918,34,292336
30425,0.005141,74.125.24.0-255,1484,244402,34,292336
30426,0.005146,74.125.24.0-255,5738,250140,34,292336
30427,0.005148,172.31.33.0-255,66,250206,34,292336
30428,0.005172,172.31.33.0-255,66,250272,34,292336
30429,0.005199,74.125.24.0-255,5738,256010,34,292336
30430,0.005202,172.31.33.0-255,66,256076,34,292336
30431,0.005208,172.31.33.0-255,66,256142,34,292336
30432,0.005222,74.125.24.0-255,7156,263298,34,292336
30433,0.005224,172.31.33.0-255,66,263364,34,292336
30434,0.005259,172.31.33.0-255,66,263430,34,292336
30435,0.005317,74.125.24.0-255,1484,264914,34,292336
30436,0.005333,74.125.24.0-255,2902,267816,34,292336
30437,0.005335,172.31.33.0-255,66,267882,34,292336
30438,0.005339,74.125.24.0-255,2902,270784,34,292336
30439,0.005341,172.31.33.0-255,66,270850,34,292336
30440,0.005355,74.125.24.0-255,2902,273752,34,292336
30441,0.005359,172.31.33.0-255,66,273818,34,292336
30442,0.00537,74.125.24.0-255,5738,279556,34,292336
30443,0.005372,172.31.33.0-255,66,279622,34,292336
30444,0.005386,74.125.24.0-255,7156,286778,34,292336
30445,0.005388,172.31.33.0-255,66,286844,34,292336
30446,0.005393,74.125.24.0-255,4987,291831,34,292336
30447,0.005395,172.31.33.0-255,66,291897,34,292336
30448,0.005397,74.125.24.0-255,97,291994,34,292336
30449,0.005439,74.125.24.0-255,105,292099,34,292336
30450,0.006333,172.31.33.0-255,66,292165,34,292336
30451,0.006374,172.31.33.0-255,105,292270,34,292336
30452,0.008383,74.125.24.0-255,66,292336,34,292336
30453,0.0,172.31.33.0-255,105,105,34,276
30454,0.001516,157.240.7.0-255,105,210,34,276
30455,0.001527,172.31.33.0-255,66,276,34,276
30456,0.0,172.217.194.0-255,153,153,34,208723
30457,2.5e-05,172.31.33.0-255,66,219,34,208723
30458,3.4e-05,172.217.194.0-255,1484,1703,34,208723
30459,4e-05,172.31.33.0-255,66,1769,34,208723
30460,4.5e-05,172.217.194.0-255,2902,4671,34,208723
30461,4.8e-05,172.31.33.0-255,66,4737,34,208723
30462,6.2e-05,172.217.194.0-255,7156,11893,34,208723
30463,6.6e-05,172.31.33.0-255,66,11959,34,208723
30464,7.2e-05,172.217.194.0-255,4829,16788,34,208723
30465,7.5e-05,172.31.33.0-255,66,16854,34,208723
30466,0.00012,172.31.33.0-255,66,16920,34,208723
30467,0.000151,172.217.194.0-255,5738,22658,34,208723
30468,0.000154,172.31.33.0-255,66,22724,34,208723
30469,0.000185,172.31.33.0-255,66,22790,34,208723
30470,0.00019,172.217.194.0-255,2543,25333,34,208723
30471,0.000192,172.31.33.0-255,66,25399,34,208723
30472,0.000473,172.217.194.0-255,1484,26883,34,208723
30473,0.000478,172.31.33.0-255,66,26949,34,208723
30474,0.000484,172.217.194.0-255,2902,29851,34,208723
30475,0.000487,172.31.33.0-255,66,29917,34,208723
30476,0.00049,172.217.194.0-255,1484,31401,34,208723
30477,0.000499,172.31.33.0-255,66,31467,34,208723
30478,0.000525,172.217.194.0-255,4320,35787,34,208723
30479,0.000529,172.31.33.0-255,66,35853,34,208723
30480,0.000541,172.31.33.0-255,66,35919,34,208723
30481,0.000578,172.217.194.0-255,1484,37403,34,208723
30482,0.000583,172.31.33.0-255,66,37469,34,208723
30483,0.000587,172.217.194.0-255,2902,40371,34,208723
30484,0.00059,172.31.33.0-255,66,40437,34,208723
30485,0.000618,172.217.194.0-255,5738,46175,34,208723
30486,0.000621,172.31.33.0-255,66,46241,34,208723
30487,0.000633,172.31.33.0-255,66,46307,34,208723
30488,0.000656,172.217.194.0-255,4320,50627,34,208723
30489,0.00066,172.31.33.0-255,66,50693,34,208723
30490,0.000663,172.217.194.0-255,1484,52177,34,208723
30491,0.000677,172.217.194.0-255,5738,57915,34,208723
30492,0.000681,172.31.33.0-255,66,57981,34,208723
30493,0.00072,172.217.194.0-255,3602,61583,34,208723
30494,0.000724,172.31.33.0-255,66,61649,34,208723
30495,0.000741,172.31.33.0-255,66,61715,34,208723
30496,0.000747,172.217.194.0-255,6248,67963,34,208723
30497,0.00075,172.31.33.0-255,66,68029,34,208723
30498,0.000941,172.217.194.0-255,1484,69513,34,208723
30499,0.000945,172.217.194.0-255,1484,70997,34,208723
30500,0.000949,172.31.33.0-255,66,71063,34,208723
30501,0.000954,172.217.194.0-255,1484,72547,34,208723
30502,0.000959,172.217.194.0-255,4320,76867,34,208723
30503,0.000961,172.31.33.0-255,66,76933,34,208723
30504,0.000978,172.217.194.0-255,1484,78417,34,208723
30505,0.000993,172.31.33.0-255,66,78483,34,208723
30506,0.001032,172.217.194.0-255,1484,79967,34,208723
30507,0.001064,172.31.33.0-255,66,80033,34,208723
30508,0.001126,172.31.33.0-255,66,80099,34,208723
30509,0.001138,172.31.33.0-255,66,80165,34,208723
30510,0.001154,172.31.33.0-255,66,80231,34,208723
30511,0.001203,172.217.194.0-255,1484,81715,34,208723
30512,0.001221,172.217.194.0-255,2902,84617,34,208723
30513,0.001224,172.31.33.0-255,66,84683,34,208723
30514,0.001229,172.217.194.0-255,5738,90421,34,208723
30515,0.001231,172.31.33.0-255,66,90487,34,208723
30516,0.001235,172.217.194.0-255,2902,93389,34,208723
30517,0.001237,172.31.33.0-255,66,93455,34,208723
30518,0.001258,172.217.194.0-255,1484,94939,34,208723
30519,0.001281,172.217.194.0-255,5738,100677,34,208723
30520,0.001284,172.31.33.0-255,66,100743,34,208723
30521,0.001294,172.217.194.0-255,5738,106481,34,208723
30522,0.001296,172.31.33.0-255,66,106547,34,208723
30523,0.00131,172.31.33.0-255,66,106613,34,208723
30524,0.001349,172.217.194.0-255,4320,110933,34,208723
30525,0.001352,172.31.33.0-255,66,110999,34,208723
30526,0.00138,172.217.194.0-255,5738,116737,34,208723
30527,0.001383,172.31.33.0-255,66,116803,34,208723
30528,0.001392,172.31.33.0-255,66,116869,34,208723
30529,0.001396,172.217.194.0-255,2902,119771,34,208723
30530,0.001399,172.31.33.0-255,66,119837,34,208723
30531,0.001433,172.31.33.0-255,66,119903,34,208723
30532,0.001509,172.217.194.0-255,1484,121387,34,208723
30533,0.001518,172.217.194.0-255,2902,124289,34,208723
30534,0.00152,172.31.33.0-255,66,124355,34,208723
30535,0.001526,172.217.194.0-255,4320,128675,34,208723
30536,0.001528,172.31.33.0-255,66,128741,34,208723
30537,0.00155,172.217.194.0-255,1484,130225,34,208723
30538,0.001568,172.31.33.0-255,66,130291,34,208723
30539,0.001606,172.217.194.0-255,2902,133193,34,208723
30540,0.00161,172.31.33.0-255,66,133259,34,208723
30541,0.001648,172.31.33.0-255,66,133325,34,208723
30542,0.001673,172.217.194.0-255,1484,134809,34,208723
30543,0.001678,172.217.194.0-255,2902,137711,34,208723
30544,0.001681,172.31.33.0-255,66,137777,34,208723
30545,0.001685,172.217.194.0-255,2902,140679,34,208723
30546,0.001687,172.31.33.0-255,66,140745,34,208723
30547,0.001708,172.217.194.0-255,2902,143647,34,208723
30548,0.001712,172.31.33.0-255,66,143713,34,208723
30549,0.001718,172.217.194.0-255,5738,149451,34,208723
30550,0.001721,172.31.33.0-255,66,149517,34,208723
30551,0.001727,172.217.194.0-255,7156,156673,34,208723
30552,0.00173,172.31.33.0-255,66,156739,34,208723
30553,0.001763,172.217.194.0-255,5738,162477,34,208723
30554,0.001767,172.31.33.0-255,66,162543,34,208723
30555,0.001772,172.217.194.0-255,5020,167563,34,208723
30556,0.001774,172.31.33.0-255,66,167629,34,208723
30557,0.001917,172.217.194.0-255,1484,169113,34,208723
30558,0.001921,172.217.194.0-255,1484,170597,34,208723
30559,0.001924,172.31.33.0-255,66,170663,34,208723
30560,0.001936,172.217.194.0-255,1484,172147,34,208723
30561,0.001945,172.217.194.0-255,5738,177885,34,208723
30562,0.001948,172.31.33.0-255,66,177951,34,208723
30563,0.001984,172.217.194.0-255,5738,183689,34,208723
30564,0.001987,172.31.33.0-255,66,183755,34,208723
30565,0.002009,172.217.194.0-255,4320,188075,34,208723
30566,0.002013,172.31.33.0-255,66,188141,34,208723
30567,0.002015,172.217.194.0-255,7156,195297,34,208723
30568,0.002017,172.31.33.0-255,66,195363,34,208723
30569,0.002047,172.31.33.0-255,66,195429,34,208723
30570,0.002062,172.31.33.0-255,66,195495,34,208723
30571,0.002068,172.217.194.0-255,7156,202651,34,208723
30572,0.002071,172.31.33.0-255,66,202717,34,208723
30573,0.002113,172.31.33.0-255,66,202783,34,208723
30574,0.00212,172.217.194.0-255,5769,208552,34,208723
30575,0.002122,172.31.33.0-255,66,208618,34,208723
30576,0.002124,172.217.194.0-255,105,208723,34,208723
30577,0.0,74.125.200.0-255,220,220,34,283932
30578,2.3e-05,172.31.33.0-255,66,286,34,283932
30579,2.8e-05,74.125.200.0-255,1484,1770,34,283932
30580,3.2e-05,172.31.33.0-255,66,1836,34,283932
30581,3.8e-05,74.125.200.0-255,4320,6156,34,283932
30582,4e-05,172.31.33.0-255,66,6222,34,283932
30583,5.9e-05,74.125.200.0-255,2902,9124,34,283932
30584,6e-05,172.31.33.0-255,66,9190,34,283932
30585,7.5e-05,74.125.200.0-255,4668,13858,34,283932
30586,7.7e-05,172.31.33.0-255,66,13924,34,283932
30587,0.000108,172.31.33.0-255,66,13990,34,283932
30588,0.000114,74.125.200.0-255,7156,21146,34,283932
30589,0.000116,172.31.33.0-255,66,21212,34,283932
30590,0.000147,74.125.200.0-255,1125,22337,34,283932
30591,0.000149,172.31.33.0-255,66,22403,34,283932
30592,0.000205,74.125.200.0-255,1484,23887,34,283932
30593,0.000207,172.31.33.0-255,66,23953,34,283932
30594,0.000223,74.125.200.0-255,2902,26855,34,283932
30595,0.000226,172.31.33.0-255,66,26921,34,283932
30596,0.000244,74.125.200.0-255,5738,32659,34,283932
30597,0.000247,172.31.33.0-255,66,32725,34,283932
30598,0.000272,74.125.200.0-255,6797,39522,34,283932
30599,0.000274,172.31.33.0-255,66,39588,34,283932
30600,0.000315,74.125.200.0-255,5738,45326,34,283932
30601,0.000318,172.31.33.0-255,66,45392,34,283932
30602,0.000332,74.125.200.0-255,1484,46876,34,283932
30603,0.000335,172.31.33.0-255,66,46942,34,283932
30604,0.000345,172.31.33.0-255,66,47008,34,283932
30605,0.000347,74.125.200.0-255,1396,48404,34,283932
30606,0.000349,172.31.33.0-255,66,48470,34,283932
30607,0.000377,74.125.200.0-255,134,48604,34,283932
30608,0.000457,74.125.200.0-255,1484,50088,34,283932
30609,0.00046,172.31.33.0-255,66,50154,34,283932
30610,0.000472,74.125.200.0-255,2902,53056,34,283932
30611,0.000474,172.31.33.0-255,66,53122,34,283932
30612,0.000488,74.125.200.0-255,2902,56024,34,283932
30613,0.000491,172.31.33.0-255,66,56090,34,283932
30614,0.000504,74.125.200.0-255,2902,58992,34,283932
30615,0.000506,172.31.33.0-255,66,59058,34,283932
30616,0.000512,74.125.200.0-255,7156,66214,34,283932
30617,0.000514,172.31.33.0-255,66,66280,34,283932
30618,0.000537,74.125.200.0-255,1484,67764,34,283932
30619,0.000543,74.125.200.0-255,7156,74920,34,283932
30620,0.000545,172.31.33.0-255,66,74986,34,283932
30621,0.000565,74.125.200.0-255,2902,77888,34,283932
30622,0.000568,172.31.33.0-255,66,77954,34,283932
30623,0.000573,74.125.200.0-255,5020,82974,34,283932
30624,0.000575,172.31.33.0-255,66,83040,34,283932
30625,0.00061,74.125.200.0-255,1484,84524,34,283932
30626,0.000627,74.125.200.0-255,2902,87426,34,283932
30627,0.00063,172.31.33.0-255,66,87492,34,283932
30628,0.00065,74.125.200.0-255,5738,93230,34,283932
30629,0.000652,172.31.33.0-255,66,93296,34,283932
30630,0.000669,74.125.200.0-255,4320,97616,34,283932
30631,0.000672,172.31.33.0-255,66,97682,34,283932
30632,0.000688,74.125.200.0-255,4320,102002,34,283932
30633,0.000691,172.31.33.0-255,66,102068,34,283932
30634,0.000701,172.31.33.0-255,66,102134,34,283932
30635,0.000721,74.125.200.0-255,5020,107154,34,283932
30636,0.000723,172.31.33.0-255,66,107220,34,283932
30637,0.000824,74.125.200.0-255,1484,108704,34,283932
30638,0.00084,74.125.200.0-255,2902,111606,34,283932
30639,0.000843,172.31.33.0-255,66,111672,34,283932
30640,0.000846,74.125.200.0-255,1484,113156,34,283932
30641,0.000861,74.125.200.0-255,4320,117476,34,283932
30642,0.000863,172.31.33.0-255,66,117542,34,283932
30643,0.000867,74.125.200.0-255,2902,120444,34,283932
30644,0.000869,172.31.33.0-255,66,120510,34,283932
30645,0.000886,74.125.200.0-255,4320,124830,34,283932
30646,0.000889,172.31.33.0-255,66,124896,34,283932
30647,0.000906,74.125.200.0-255,5738,130634,34,283932
30648,0.000909,172.31.33.0-255,66,130700,34,283932
30649,0.000923,74.125.200.0-255,7156,137856,34,283932
30650,0.000925,172.31.33.0-255,66,137922,34,283932
30651,0.000944,74.125.200.0-255,3602,141524,34,283932
30652,0.000947,172.31.33.0-255,66,141590,34,283932
30653,0.000994,74.125.200.0-255,1484,143074,34,283932
30654,0.001005,74.125.200.0-255,1484,144558,34,283932
30655,0.001007,172.31.33.0-255,66,144624,34,283932
30656,0.001027,74.125.200.0-255,1484,146108,34,283932
30657,0.001031,74.125.200.0-255,4320,150428,34,283932
30658,0.001034,172.31.33.0-255,66,150494,34,283932
30659,0.001041,74.125.200.0-255,1484,151978,34,283932
30660,0.001061,74.125.200.0-255,7156,159134,34,283932
30661,0.001063,172.31.33.0-255,66,159200,34,283932
30662,0.001068,74.125.200.0-255,4320,163520,34,283932
30663,0.00107,172.31.33.0-255,66,163586,34,283932
30664,0.001085,74.125.200.0-255,4320,167906,34,283932
30665,0.001087,172.31.33.0-255,66,167972,34,283932
30666,0.001123,74.125.200.0-255,4320,172292,34,283932
30667,0.001128,172.31.33.0-255,66,172358,34,283932
30668,0.001141,74.125.200.0-255,3602,175960,34,283932
30669,0.001143,172.31.33.0-255,66,176026,34,283932
30670,0.001254,74.125.200.0-255,1484,177510,34,283932
30671,0.001271,74.125.200.0-255,1484,178994,34,283932
30672,0.001274,172.31.33.0-255,66,179060,34,283932
30673,0.001277,74.125.200.0-255,1484,180544,34,283932
30674,0.001292,74.125.200.0-255,1484,182028,34,283932
30675,0.001295,172.31.33.0-255,66,182094,34,283932
30676,0.00131,74.125.200.0-255,5738,187832,34,283932
30677,0.001313,172.31.33.0-255,66,187898,34,283932
30678,0.001339,172.31.33.0-255,66,187964,34,283932
30679,0.001342,74.125.200.0-255,1484,189448,34,283932
30680,0.001356,74.125.200.0-255,4320,193768,34,283932
30681,0.001358,172.31.33.0-255,66,193834,34,283932
30682,0.001383,74.125.200.0-255,5738,199572,34,283932
30683,0.001385,172.31.33.0-255,66,199638,34,283932
30684,0.001387,74.125.200.0-255,766,200404,34,283932
30685,0.001487,74.125.200.0-255,1484,201888,34,283932
30686,0.00149,172.31.33.0-255,66,201954,34,283932
30687,0.001503,74.125.200.0-255,2902,204856,34,283932
30688,0.001505,172.31.33.0-255,66,204922,34,283932
30689,0.001524,74.125.200.0-255,5738,210660,34,283932
30690,0.001528,172.31.33.0-255,66,210726,34,283932
30691,0.00155,74.125.200.0-255,2902,213628,34,283932
30692,0.001552,172.31.33.0-255,66,213694,34,283932
30693,0.001582,74.125.200.0-255,4320,218014,34,283932
30694,0.001585,172.31.33.0-255,66,218080,34,283932
30695,0.001592,74.125.200.0-255,7156,225236,34,283932
30696,0.001593,172.31.33.0-255,66,225302,34,283932
30697,0.001602,172.31.33.0-255,66,225368,34,283932
30698,0.001624,74.125.200.0-255,4320,229688,34,283932
30699,0.001626,172.31.33.0-255,66,229754,34,283932
30700,0.001648,74.125.200.0-255,2184,231938,34,283932
30701,0.00165,172.31.33.0-255,66,232004,34,283932
30702,0.001657,74.125.200.0-255,7156,239160,34,283932
30703,0.001658,172.31.33.0-255,66,239226,34,283932
30704,0.001676,74.125.200.0-255,2902,242128,34,283932
30705,0.001679,172.31.33.0-255,66,242194,34,283932
30706,0.00171,172.31.33.0-255,66,242260,34,283932
30707,0.001738,172.31.33.0-255,66,242326,34,283932
30708,0.001755,74.125.200.0-255,2184,244510,34,283932
30709,0.001758,172.31.33.0-255,66,244576,34,283932
30710,0.001792,74.125.200.0-255,7156,251732,34,283932
30711,0.001795,172.31.33.0-255,66,251798,34,283932
30712,0.001816,172.31.33.0-255,66,251864,34,283932
30713,0.001821,74.125.200.0-255,5738,257602,34,283932
30714,0.001823,172.31.33.0-255,66,257668,34,283932
30715,0.001826,74.125.200.0-255,1484,259152,34,283932
30716,0.001854,172.31.33.0-255,66,259218,34,283932
30717,0.001858,74.125.200.0-255,2902,262120,34,283932
30718,0.00186,172.31.33.0-255,66,262186,34,283932
30719,0.001881,172.31.33.0-255,66,262252,34,283932
30720,0.001891,74.125.200.0-255,2902,265154,34,283932
30721,0.001894,172.31.33.0-255,66,265220,34,283932
30722,0.001899,74.125.200.0-255,5738,270958,34,283932
30723,0.001901,172.31.33.0-255,66,271024,34,283932
30724,0.001934,74.125.200.0-255,2902,273926,34,283932
30725,0.001936,172.31.33.0-255,66,273992,34,283932
30726,0.001962,172.31.33.0-255,66,274058,34,283932
30727,0.001975,74.125.200.0-255,1484,275542,34,283932
30728,0.001989,74.125.200.0-255,5738,281280,34,283932
30729,0.001992,172.31.33.0-255,66,281346,34,283932
30730,0.00201,74.125.200.0-255,2244,283590,34,283932
30731,0.002013,172.31.33.0-255,66,283656,34,283932
30732,0.002016,74.125.200.0-255,105,283761,34,283932
30733,0.008342,172.31.33.0-255,66,283827,34,283932
30734,0.008367,172.31.33.0-255,105,283932,34,283932
30735,0.0,172.217.194.0-255,143,143,34,157013
30736,2.3e-05,172.31.33.0-255,66,209,34,157013
30737,3.1e-05,172.217.194.0-255,1484,1693,34,157013
30738,3.5e-05,172.31.33.0-255,66,1759,34,157013
30739,4e-05,172.217.194.0-255,2902,4661,34,157013
30740,5e-05,172.31.33.0-255,66,4727,34,157013
30741,5.8e-05,172.217.194.0-255,7156,11883,34,157013
30742,6e-05,172.31.33.0-255,66,11949,34,157013
30743,6.6e-05,172.217.194.0-255,4972,16921,34,157013
30744,6.8e-05,172.31.33.0-255,66,16987,34,157013
30745,8.5e-05,172.31.33.0-255,66,17053,34,157013
30746,0.000123,172.217.194.0-255,1484,18537,34,157013
30747,0.000126,172.31.33.0-255,66,18603,34,157013
30748,0.000153,172.217.194.0-255,2902,21505,34,157013
30749,0.000155,172.31.33.0-255,66,21571,34,157013
30750,0.000162,172.217.194.0-255,4320,25891,34,157013
30751,0.000164,172.31.33.0-255,66,25957,34,157013
30752,0.00017,172.217.194.0-255,4320,30277,34,157013
30753,0.000171,172.31.33.0-255,66,30343,34,157013
30754,0.000185,172.217.194.0-255,5379,35722,34,157013
30755,0.000187,172.31.33.0-255,66,35788,34,157013
30756,0.00019,172.217.194.0-255,1484,37272,34,157013
30757,0.000191,172.31.33.0-255,66,37338,34,157013
30758,0.000239,172.31.33.0-255,66,37404,34,157013
30759,0.000242,172.217.194.0-255,117,37521,34,157013
30760,0.000244,172.31.33.0-255,66,37587,34,157013
30761,0.000292,172.217.194.0-255,381,37968,34,157013
30762,0.000294,172.31.33.0-255,66,38034,34,157013
30763,0.000733,172.217.194.0-255,1484,39518,34,157013
30764,0.000738,172.31.33.0-255,66,39584,34,157013
30765,0.000743,172.217.194.0-255,2902,42486,34,157013
30766,0.000745,172.31.33.0-255,66,42552,34,157013
30767,0.000773,172.217.194.0-255,5738,48290,34,157013
30768,0.000776,172.31.33.0-255,66,48356,34,157013
30769,0.000805,172.31.33.0-255,66,48422,34,157013
30770,0.000812,172.217.194.0-255,7156,55578,34,157013
30771,0.000814,172.31.33.0-255,66,55644,34,157013
30772,0.000833,172.217.194.0-255,2902,58546,34,157013
30773,0.000836,172.31.33.0-255,66,58612,34,157013
30774,0.000839,172.217.194.0-255,766,59378,34,157013
30775,0.001246,172.31.33.0-255,66,59444,34,157013
30776,0.001474,172.217.194.0-255,1484,60928,34,157013
30777,0.001482,172.217.194.0-255,2902,63830,34,157013
30778,0.001485,172.31.33.0-255,66,63896,34,157013
30779,0.001519,172.217.194.0-255,1484,65380,34,157013
30780,0.001539,172.217.194.0-255,4320,69700,34,157013
30781,0.001541,172.31.33.0-255,66,69766,34,157013
30782,0.001566,172.31.33.0-255,66,69832,34,157013
30783,0.00158,172.31.33.0-255,66,69898,34,157013
30784,0.001614,172.31.33.0-255,66,69964,34,157013
30785,0.001617,172.217.194.0-255,1484,71448,34,157013
30786,0.00166,172.31.33.0-255,66,71514,34,157013
30787,0.001666,172.217.194.0-255,5020,76534,34,157013
30788,0.001667,172.31.33.0-255,66,76600,34,157013
30789,0.001813,172.217.194.0-255,1484,78084,34,157013
30790,0.001856,172.217.194.0-255,2902,80986,34,157013
30791,0.00186,172.31.33.0-255,66,81052,34,157013
30792,0.001863,172.217.194.0-255,1484,82536,34,157013
30793,0.001881,172.217.194.0-255,1484,84020,34,157013
30794,0.001883,172.31.33.0-255,66,84086,34,157013
30795,0.00191,172.217.194.0-255,4320,88406,34,157013
30796,0.001913,172.31.33.0-255,66,88472,34,157013
30797,0.001916,172.217.194.0-255,1484,89956,34,157013
30798,0.001936,172.217.194.0-255,2902,92858,34,157013
30799,0.001937,172.31.33.0-255,66,92924,34,157013
30800,0.001948,172.31.33.0-255,66,92990,34,157013
30801,0.001972,172.217.194.0-255,1484,94474,34,157013
30802,0.001975,172.217.194.0-255,1484,95958,34,157013
30803,0.001977,172.31.33.0-255,66,96024,34,157013
30804,0.002006,172.217.194.0-255,6438,102462,34,157013
30805,0.002008,172.31.33.0-255,66,102528,34,157013
30806,0.002061,172.217.194.0-255,1484,104012,34,157013
30807,0.002067,172.217.194.0-255,2902,106914,34,157013
30808,0.002069,172.31.33.0-255,66,106980,34,157013
30809,0.002094,172.217.194.0-255,5738,112718,34,157013
30810,0.002097,172.31.33.0-255,66,112784,34,157013
30811,0.002099,172.217.194.0-255,1484,114268,34,157013
30812,0.002131,172.31.33.0-255,66,114334,34,157013
30813,0.002141,172.31.33.0-255,66,114400,34,157013
30814,0.002143,172.217.194.0-255,766,115166,34,157013
30815,0.002274,172.217.194.0-255,1484,116650,34,157013
30816,0.002279,172.31.33.0-255,66,116716,34,157013
30817,0.002284,172.217.194.0-255,2902,119618,34,157013
30818,0.002287,172.31.33.0-255,66,119684,34,157013
30819,0.002292,172.217.194.0-255,5738,125422,34,157013
30820,0.002299,172.31.33.0-255,66,125488,34,157013
30821,0.002347,172.31.33.0-255,66,125554,34,157013
30822,0.002358,172.31.33.0-255,66,125620,34,157013
30823,0.003266,172.217.194.0-255,1484,127104,34,157013
30824,0.003283,172.217.194.0-255,2902,130006,34,157013
30825,0.003287,172.31.33.0-255,66,130072,34,157013
30826,0.003294,172.217.194.0-255,4320,134392,34,157013
30827,0.003297,172.31.33.0-255,66,134458,34,157013
30828,0.003307,172.217.194.0-255,4320,138778,34,157013
30829,0.003309,172.31.33.0-255,66,138844,34,157013
30830,0.003336,172.217.194.0-255,4320,143164,34,157013
30831,0.003338,172.31.33.0-255,66,143230,34,157013
30832,0.003394,172.31.33.0-255,66,143296,34,157013
30833,0.003417,172.31.33.0-255,66,143362,34,157013
30834,0.003432,172.31.33.0-255,66,143428,34,157013
30835,0.003434,172.217.194.0-255,1484,144912,34,157013
30836,0.003445,172.31.33.0-255,66,144978,34,157013
30837,0.003472,172.31.33.0-255,66,145044,34,157013
30838,0.003484,172.31.33.0-255,66,145110,34,157013
30839,0.003506,172.217.194.0-255,5738,150848,34,157013
30840,0.003509,172.31.33.0-255,66,150914,34,157013
30841,0.003551,172.31.33.0-255,66,150980,34,157013
30842,0.003553,172.217.194.0-255,1484,152464,34,157013
30843,0.003556,172.31.33.0-255,78,152542,34,157013
30844,0.003571,172.31.33.0-255,66,152608,34,157013
30845,0.003576,172.217.194.0-255,4234,156842,34,157013
30846,0.003578,172.31.33.0-255,66,156908,34,157013
30847,0.003599,172.217.194.0-255,105,157013,34,157013
30848,0.0,172.217.194.0-255,153,153,34,240446
30849,2.9e-05,172.31.33.0-255,66,219,34,240446
30850,3.5e-05,172.217.194.0-255,1484,1703,34,240446
30851,3.9e-05,172.31.33.0-255,66,1769,34,240446
30852,4.3e-05,172.217.194.0-255,2902,4671,34,240446
30853,4.5e-05,172.31.33.0-255,66,4737,34,240446
30854,5.8e-05,172.217.194.0-255,7156,11893,34,240446
30855,6e-05,172.31.33.0-255,66,11959,34,240446
30856,6.5e-05,172.217.194.0-255,2127,14086,34,240446
30857,6.6e-05,172.31.33.0-255,66,14152,34,240446
30858,0.000114,172.217.194.0-255,1484,15636,34,240446
30859,0.000117,172.31.33.0-255,66,15702,34,240446
30860,0.000135,172.217.194.0-255,2902,18604,34,240446
30861,0.000138,172.31.33.0-255,66,18670,34,240446
30862,0.000168,172.217.194.0-255,5738,24408,34,240446
30863,0.000171,172.31.33.0-255,66,24474,34,240446
30864,0.000175,172.217.194.0-255,2902,27376,34,240446
30865,0.000177,172.31.33.0-255,66,27442,34,240446
30866,0.000199,172.217.194.0-255,3961,31403,34,240446
30867,0.000201,172.31.33.0-255,66,31469,34,240446
30868,0.000207,172.217.194.0-255,5738,37207,34,240446
30869,0.000209,172.31.33.0-255,66,37273,34,240446
30870,0.000249,172.31.33.0-255,66,37339,34,240446
30871,0.000259,172.31.33.0-255,66,37405,34,240446
30872,0.000264,172.217.194.0-255,4320,41725,34,240446
30873,0.000266,172.31.33.0-255,66,41791,34,240446
30874,0.000303,172.217.194.0-255,6753,48544,34,240446
30875,0.000305,172.217.194.0-255,365,48909,34,240446
30876,0.000308,172.31.33.0-255,66,48975,34,240446
30877,0.000312,172.31.33.0-255,66,49041,34,240446
30878,0.000558,172.217.194.0-255,1484,50525,34,240446
30879,0.000579,172.217.194.0-255,2902,53427,34,240446
30880,0.000582,172.31.33.0-255,66,53493,34,240446
30881,0.000588,172.217.194.0-255,5738,59231,34,240446
30882,0.00059,172.31.33.0-255,66,59297,34,240446
30883,0.000593,172.217.194.0-255,1484,60781,34,240446
30884,0.000629,172.31.33.0-255,66,60847,34,240446
30885,0.000639,172.31.33.0-255,66,60913,34,240446
30886,0.000657,172.217.194.0-255,2184,63097,34,240446
30887,0.00066,172.31.33.0-255,66,63163,34,240446
30888,0.001168,172.217.194.0-255,1484,64647,34,240446
30889,0.001177,172.217.194.0-255,2902,67549,34,240446
30890,0.00118,172.31.33.0-255,66,67615,34,240446
30891,0.001186,172.217.194.0-255,2902,70517,34,240446
30892,0.001187,172.31.33.0-255,66,70583,34,240446
30893,0.001209,172.217.194.0-255,2902,73485,34,240446
30894,0.001211,172.31.33.0-255,66,73551,34,240446
30895,0.001223,172.31.33.0-255,66,73617,34,240446
30896,0.001242,172.217.194.0-255,1484,75101,34,240446
30897,0.001261,172.217.194.0-255,7156,82257,34,240446
30898,0.001263,172.31.33.0-255,66,82323,34,240446
30899,0.001287,172.217.194.0-255,2184,84507,34,240446
30900,0.001289,172.31.33.0-255,66,84573,34,240446
30901,0.001312,172.217.194.0-255,1484,86057,34,240446
30902,0.001324,172.217.194.0-255,2902,88959,34,240446
30903,0.001327,172.31.33.0-255,66,89025,34,240446
30904,0.00133,172.217.194.0-255,2902,91927,34,240446
30905,0.001332,172.31.33.0-255,66,91993,34,240446
30906,0.001353,172.217.194.0-255,1484,93477,34,240446
30907,0.001368,172.217.194.0-255,4320,97797,34,240446
30908,0.00137,172.31.33.0-255,66,97863,34,240446
30909,0.001397,172.217.194.0-255,4320,102183,34,240446
30910,0.001399,172.31.33.0-255,66,102249,34,240446
30911,0.001408,172.31.33.0-255,66,102315,34,240446
30912,0.001432,172.217.194.0-255,4320,106635,34,240446
30913,0.001434,172.31.33.0-255,66,106701,34,240446
30914,0.001487,172.217.194.0-255,3602,110303,34,240446
30915,0.00149,172.31.33.0-255,66,110369,34,240446
30916,0.002064,172.217.194.0-255,1484,111853,34,240446
30917,0.002068,172.217.194.0-255,2902,114755,34,240446
30918,0.00207,172.31.33.0-255,66,114821,34,240446
30919,0.002105,172.217.194.0-255,5738,120559,34,240446
30920,0.002107,172.31.33.0-255,66,120625,34,240446
30921,0.002112,172.217.194.0-255,5738,126363,34,240446
30922,0.002114,172.31.33.0-255,66,126429,34,240446
30923,0.002137,172.217.194.0-255,1484,127913,34,240446
30924,0.002159,172.31.33.0-255,66,127979,34,240446
30925,0.00218,172.217.194.0-255,1484,129463,34,240446
30926,0.002185,172.217.194.0-255,5020,134483,34,240446
30927,0.002186,172.31.33.0-255,66,134549,34,240446
30928,0.002364,172.217.194.0-255,1484,136033,34,240446
30929,0.002368,172.217.194.0-255,2902,138935,34,240446
30930,0.00237,172.31.33.0-255,66,139001,34,240446
30931,0.002407,172.217.194.0-255,1484,140485,34,240446
30932,0.002417,172.31.33.0-255,66,140551,34,240446
30933,0.002419,172.217.194.0-255,1484,142035,34,240446
30934,0.002451,172.217.194.0-255,4320,146355,34,240446
30935,0.002453,172.31.33.0-255,66,146421,34,240446
30936,0.002479,172.217.194.0-255,7156,153577,34,240446
30937,0.002481,172.31.33.0-255,66,153643,34,240446
30938,0.002486,172.217.194.0-255,5738,159381,34,240446
30939,0.002488,172.31.33.0-255,66,159447,34,240446
30940,0.002514,172.31.33.0-255,66,159513,34,240446
30941,0.002516,172.217.194.0-255,1484,160997,34,240446
30942,0.002535,172.217.194.0-255,5738,166735,34,240446
30943,0.002536,172.31.33.0-255,66,166801,34,240446
30944,0.002542,172.217.194.0-255,1484,168285,34,240446
30945,0.002562,172.217.194.0-255,5738,174023,34,240446
30946,0.002564,172.31.33.0-255,66,174089,34,240446
30947,0.002568,172.217.194.0-255,4320,178409,34,240446
30948,0.002569,172.31.33.0-255,66,178475,34,240446
30949,0.002591,172.217.194.0-255,5738,184213,34,240446
30950,0.002593,172.31.33.0-255,66,184279,34,240446
30951,0.002596,172.217.194.0-255,2184,186463,34,240446
30952,0.002598,172.31.33.0-255,66,186529,34,240446
30953,0.002623,172.217.194.0-255,2902,189431,34,240446
30954,0.002625,172.31.33.0-255,66,189497,34,240446
30955,0.002628,172.217.194.0-255,2902,192399,34,240446
30956,0.00263,172.31.33.0-255,66,192465,34,240446
30957,0.002649,172.217.194.0-255,4320,196785,34,240446
30958,0.002651,172.31.33.0-255,66,196851,34,240446
30959,0.002658,172.217.194.0-255,4320,201171,34,240446
30960,0.00266,172.31.33.0-255,66,201237,34,240446
30961,0.002663,172.217.194.0-255,2902,204139,34,240446
30962,0.002666,172.31.33.0-255,66,204205,34,240446
30963,0.002676,172.217.194.0-255,2902,207107,34,240446
30964,0.002678,172.31.33.0-255,66,207173,34,240446
30965,0.002697,172.217.194.0-255,5738,212911,34,240446
30966,0.002699,172.31.33.0-255,66,212977,34,240446
30967,0.002728,172.217.194.0-255,5738,218715,34,240446
30968,0.00273,172.31.33.0-255,66,218781,34,240446
30969,0.002733,172.217.194.0-255,2184,220965,34,240446
30970,0.002735,172.31.33.0-255,66,221031,34,240446
30971,0.00275,172.217.194.0-255,2902,223933,34,240446
30972,0.002752,172.31.33.0-255,66,223999,34,240446
30973,0.002786,172.31.33.0-255,66,224065,34,240446
30974,0.002795,172.31.33.0-255,66,224131,34,240446
30975,0.002825,172.217.194.0-255,2902,227033,34,240446
30976,0.002827,172.31.33.0-255,66,227099,34,240446
30977,0.002865,172.31.33.0-255,66,227165,34,240446
30978,0.002925,172.31.33.0-255,66,227231,34,240446
30979,0.002935,172.31.33.0-255,66,227297,34,240446
30980,0.002941,172.217.194.0-255,1484,228781,34,240446
30981,0.002947,172.217.194.0-255,5738,234519,34,240446
30982,0.002948,172.31.33.0-255,66,234585,34,240446
30983,0.002978,172.217.194.0-255,5690,240275,34,240446
30984,0.00298,172.31.33.0-255,66,240341,34,240446
30985,0.002983,172.217.194.0-255,105,240446,34,240446
30986,0.0,172.217.194.0-255,153,153,34,226837
30987,2.2e-05,172.31.33.0-255,66,219,34,226837
30988,2.8e-05,172.217.194.0-255,1484,1703,34,226837
30989,3.2e-05,172.31.33.0-255,66,1769,34,226837
30990,3.6e-05,172.217.194.0-255,2902,4671,34,226837
30991,3.8e-05,172.31.33.0-255,66,4737,34,226837
30992,4.1e-05,172.217.194.0-255,1484,6221,34,226837
30993,4.3e-05,172.31.33.0-255,66,6287,34,226837
30994,7.1e-05,172.217.194.0-255,5738,12025,34,226837
30995,7.2e-05,172.217.194.0-255,1484,13509,34,226837
30996,7.4e-05,172.31.33.0-255,66,13575,34,226837
30997,7.8e-05,172.31.33.0-255,66,13641,34,226837
30998,0.000103,172.31.33.0-255,66,13707,34,226837
30999,0.000131,172.217.194.0-255,2902,16609,34,226837
31000,0.000133,172.31.33.0-255,66,16675,34,226837
31001,0.000146,172.217.194.0-255,5379,22054,34,226837
31002,0.000149,172.31.33.0-255,66,22120,34,226837
31003,0.000535,172.217.194.0-255,1484,23604,34,226837
31004,0.000539,172.31.33.0-255,66,23670,34,226837
31005,0.000547,172.217.194.0-255,2902,26572,34,226837
31006,0.000549,172.31.33.0-255,66,26638,34,226837
31007,0.000553,172.217.194.0-255,1484,28122,34,226837
31008,0.000555,172.31.33.0-255,66,28188,34,226837
31009,0.000581,172.217.194.0-255,4320,32508,34,226837
31010,0.000583,172.31.33.0-255,66,32574,34,226837
31011,0.000587,172.217.194.0-255,1484,34058,34,226837
31012,0.000588,172.31.33.0-255,66,34124,34,226837
31013,0.000614,172.31.33.0-255,66,34190,34,226837
31014,0.000619,172.217.194.0-255,4320,38510,34,226837
31015,0.000621,172.31.33.0-255,66,38576,34,226837
31016,0.000641,172.217.194.0-255,5669,44245,34,226837
31017,0.000644,172.31.33.0-255,66,44311,34,226837
31018,0.000647,172.217.194.0-255,365,44676,34,226837
31019,0.001281,172.217.194.0-255,1484,46160,34,226837
31020,0.001286,172.31.33.0-255,66,46226,34,226837
31021,0.001291,172.217.194.0-255,2902,49128,34,226837
31022,0.001293,172.31.33.0-255,66,49194,34,226837
31023,0.001316,172.217.194.0-255,1484,50678,34,226837
31024,0.001332,172.217.194.0-255,4320,54998,34,226837
31025,0.001334,172.31.33.0-255,66,55064,34,226837
31026,0.001376,172.31.33.0-255,66,55130,34,226837
31027,0.00138,172.217.194.0-255,4320,59450,34,226837
31028,0.001382,172.31.33.0-255,66,59516,34,226837
31029,0.001426,172.217.194.0-255,1484,61000,34,226837
31030,0.001438,172.217.194.0-255,5738,66738,34,226837
31031,0.00144,172.31.33.0-255,66,66804,34,226837
31032,0.001451,172.217.194.0-255,2184,68988,34,226837
31033,0.001453,172.31.33.0-255,66,69054,34,226837
31034,0.002432,172.217.194.0-255,1484,70538,34,226837
31035,0.002449,172.217.194.0-255,1484,72022,34,226837
31036,0.002453,172.31.33.0-255,66,72088,34,226837
31037,0.002468,172.217.194.0-255,1484,73572,34,226837
31038,0.002496,172.217.194.0-255,4320,77892,34,226837
31039,0.002499,172.31.33.0-255,66,77958,34,226837
31040,0.002514,172.217.194.0-255,2902,80860,34,226837
31041,0.002517,172.31.33.0-255,66,80926,34,226837
31042,0.002541,172.217.194.0-255,2902,83828,34,226837
31043,0.002543,172.31.33.0-255,66,83894,34,226837
31044,0.002546,172.217.194.0-255,1484,85378,34,226837
31045,0.002576,172.31.33.0-255,66,85444,34,226837
31046,0.002647,172.217.194.0-255,2902,88346,34,226837
31047,0.002651,172.31.33.0-255,66,88412,34,226837
31048,0.002671,172.217.194.0-255,5020,93432,34,226837
31049,0.002674,172.31.33.0-255,66,93498,34,226837
31050,0.003084,172.217.194.0-255,1484,94982,34,226837
31051,0.00309,172.217.194.0-255,2902,97884,34,226837
31052,0.003094,172.31.33.0-255,66,97950,34,226837
31053,0.003109,172.217.194.0-255,4320,102270,34,226837
31054,0.003112,172.31.33.0-255,66,102336,34,226837
31055,0.003126,172.217.194.0-255,1484,103820,34,226837
31056,0.003132,172.217.194.0-255,7156,110976,34,226837
31057,0.003135,172.31.33.0-255,66,111042,34,226837
31058,0.00314,172.217.194.0-255,4320,115362,34,226837
31059,0.003143,172.31.33.0-255,66,115428,34,226837
31060,0.003166,172.31.33.0-255,66,115494,34,226837
31061,0.003169,172.217.194.0-255,2184,117678,34,226837
31062,0.003171,172.31.33.0-255,66,117744,34,226837
31063,0.003376,172.217.194.0-255,1484,119228,34,226837
31064,0.00338,172.217.194.0-255,1484,120712,34,226837
31065,0.003383,172.31.33.0-255,66,120778,34,226837
31066,0.0034,172.217.194.0-255,1484,122262,34,226837
31067,0.003414,172.217.194.0-255,5738,128000,34,226837
31068,0.003419,172.31.33.0-255,66,128066,34,226837
31069,0.003424,172.217.194.0-255,4320,132386,34,226837
31070,0.003426,172.31.33.0-255,66,132452,34,226837
31071,0.003438,172.217.194.0-255,1484,133936,34,226837
31072,0.003467,172.31.33.0-255,66,134002,34,226837
31073,0.003488,172.217.194.0-255,3602,137604,34,226837
31074,0.003491,172.31.33.0-255,66,137670,34,226837
31075,0.00396,172.217.194.0-255,1484,139154,34,226837
31076,0.003974,172.217.194.0-255,1484,140638,34,226837
31077,0.003978,172.31.33.0-255,66,140704,34,226837
31078,0.003994,172.217.194.0-255,1484,142188,34,226837
31079,0.004008,172.217.194.0-255,2902,145090,34,226837
31080,0.00401,172.31.33.0-255,66,145156,34,226837
31081,0.004025,172.217.194.0-255,2902,148058,34,226837
31082,0.004027,172.31.33.0-255,66,148124,34,226837
31083,0.004041,172.217.194.0-255,2902,151026,34,226837
31084,0.004043,172.31.33.0-255,66,151092,34,226837
31085,0.004067,172.217.194.0-255,7156,158248,34,226837
31086,0.004069,172.31.33.0-255,66,158314,34,226837
31087,0.00408,172.31.33.0-255,66,158380,34,226837
31088,0.004084,172.217.194.0-255,2184,160564,34,226837
31089,0.004086,172.31.33.0-255,66,160630,34,226837
31090,0.004127,172.217.194.0-255,2902,163532,34,226837
31091,0.004129,172.31.33.0-255,66,163598,34,226837
31092,0.004171,172.31.33.0-255,66,163664,34,226837
31093,0.004186,172.31.33.0-255,66,163730,34,226837
31094,0.004188,172.217.194.0-255,766,164496,34,226837
31095,0.004915,172.217.194.0-255,1484,165980,34,226837
31096,0.004921,172.31.33.0-255,66,166046,34,226837
31097,0.004931,172.217.194.0-255,2902,168948,34,226837
31098,0.004936,172.31.33.0-255,66,169014,34,226837
31099,0.004948,172.217.194.0-255,5738,174752,34,226837
31100,0.004952,172.31.33.0-255,66,174818,34,226837
31101,0.004961,172.217.194.0-255,4320,179138,34,226837
31102,0.004966,172.31.33.0-255,66,179204,34,226837
31103,0.004994,172.31.33.0-255,66,179270,34,226837
31104,0.005024,172.217.194.0-255,4320,183590,34,226837
31105,0.00503,172.31.33.0-255,66,183656,34,226837
31106,0.005044,172.217.194.0-255,5020,188676,34,226837
31107,0.005049,172.31.33.0-255,66,188742,34,226837
31108,0.005942,172.217.194.0-255,1484,190226,34,226837
31109,0.00595,172.217.194.0-255,2902,193128,34,226837
31110,0.005955,172.31.33.0-255,66,193194,34,226837
31111,0.005978,172.217.194.0-255,5738,198932,34,226837
31112,0.005981,172.31.33.0-255,66,198998,34,226837
31113,0.006012,172.31.33.0-255,66,199064,34,226837
31114,0.006055,172.31.33.0-255,66,199130,34,226837
31115,0.006093,172.217.194.0-255,1484,200614,34,226837
31116,0.006122,172.31.33.0-255,66,200680,34,226837
31117,0.006141,172.217.194.0-255,1484,202164,34,226837
31118,0.00616,172.31.33.0-255,66,202230,34,226837
31119,0.006176,172.217.194.0-255,2902,205132,34,226837
31120,0.006179,172.31.33.0-255,66,205198,34,226837
31121,0.006182,172.217.194.0-255,766,205964,34,226837
31122,0.006431,172.217.194.0-255,1484,207448,34,226837
31123,0.006436,172.31.33.0-255,66,207514,34,226837
31124,0.006443,172.217.194.0-255,2902,210416,34,226837
31125,0.006446,172.31.33.0-255,66,210482,34,226837
31126,0.006449,172.217.194.0-255,1484,211966,34,226837
31127,0.006463,172.217.194.0-255,1484,213450,34,226837
31128,0.006466,172.31.33.0-255,66,213516,34,226837
31129,0.006489,172.217.194.0-255,7156,220672,34,226837
31130,0.006492,172.31.33.0-255,66,220738,34,226837
31131,0.006513,172.217.194.0-255,2902,223640,34,226837
31132,0.006517,172.31.33.0-255,66,223706,34,226837
31133,0.006531,172.31.33.0-255,66,223772,34,226837
31134,0.006534,172.217.194.0-255,1484,225256,34,226837
31135,0.006539,172.217.194.0-255,1410,226666,34,226837
31136,0.006541,172.31.33.0-255,66,226732,34,226837
31137,0.006598,172.217.194.0-255,105,226837,34,226837
31138,0.0,74.125.24.0-255,146,146,34,261931
31139,2.2e-05,172.31.33.0-255,66,212,34,261931
31140,3e-05,74.125.24.0-255,1484,1696,34,261931
31141,3.3e-05,172.31.33.0-255,66,1762,34,261931
31142,3.9e-05,74.125.24.0-255,2902,4664,34,261931
31143,4.3e-05,172.31.33.0-255,66,4730,34,261931
31144,5.2e-05,74.125.24.0-255,7156,11886,34,261931
31145,5.5e-05,172.31.33.0-255,66,11952,34,261931
31146,6e-05,74.125.24.0-255,2058,14010,34,261931
31147,6.2e-05,172.31.33.0-255,66,14076,34,261931
31148,0.000158,74.125.24.0-255,1484,15560,34,261931
31149,0.000163,74.125.24.0-255,2902,18462,34,261931
31150,0.000169,172.31.33.0-255,66,18528,34,261931
31151,0.000178,172.31.33.0-255,66,18594,34,261931
31152,0.000185,74.125.24.0-255,5738,24332,34,261931
31153,0.000187,172.31.33.0-255,66,24398,34,261931
31154,0.00023,172.31.33.0-255,66,24464,34,261931
31155,0.000254,74.125.24.0-255,3961,28425,34,261931
31156,0.000256,172.31.33.0-255,66,28491,34,261931
31157,0.00027,172.31.33.0-255,66,28557,34,261931
31158,0.000311,172.31.33.0-255,66,28623,34,261931
31159,0.000522,74.125.24.0-255,363,28986,34,261931
31160,0.000527,172.31.33.0-255,66,29052,34,261931
31161,0.000617,74.125.24.0-255,129,29181,34,261931
31162,0.000621,172.31.33.0-255,66,29247,34,261931
31163,0.000653,74.125.24.0-255,1484,30731,34,261931
31164,0.000656,172.31.33.0-255,66,30797,34,261931
31165,0.000662,74.125.24.0-255,2902,33699,34,261931
31166,0.000665,172.31.33.0-255,66,33765,34,261931
31167,0.000697,74.125.24.0-255,5738,39503,34,261931
31168,0.000702,74.125.24.0-255,4320,43823,34,261931
31169,0.000707,172.31.33.0-255,66,43889,34,261931
31170,0.000711,172.31.33.0-255,66,43955,34,261931
31171,0.000736,172.31.33.0-255,66,44021,34,261931
31172,0.000741,74.125.24.0-255,2902,46923,34,261931
31173,0.000743,172.31.33.0-255,66,46989,34,261931
31174,0.000778,172.31.33.0-255,66,47055,34,261931
31175,0.001731,74.125.24.0-255,1484,48539,34,261931
31176,0.001742,74.125.24.0-255,2902,51441,34,261931
31177,0.001746,172.31.33.0-255,66,51507,34,261931
31178,0.001753,74.125.24.0-255,4320,55827,34,261931
31179,0.001754,172.31.33.0-255,66,55893,34,261931
31180,0.001766,74.125.24.0-255,1484,57377,34,261931
31181,0.001773,74.125.24.0-255,5738,63115,34,261931
31182,0.001775,172.31.33.0-255,66,63181,34,261931
31183,0.001792,74.125.24.0-255,2902,66083,34,261931
31184,0.001794,172.31.33.0-255,66,66149,34,261931
31185,0.001836,172.31.33.0-255,66,66215,34,261931
31186,0.001856,74.125.24.0-255,5020,71235,34,261931
31187,0.001858,172.31.33.0-255,66,71301,34,261931
31188,0.002208,74.125.24.0-255,1484,72785,34,261931
31189,0.002224,74.125.24.0-255,2902,75687,34,261931
31190,0.002227,172.31.33.0-255,66,75753,34,261931
31191,0.002233,74.125.24.0-255,5738,81491,34,261931
31192,0.002235,172.31.33.0-255,66,81557,34,261931
31193,0.002241,74.125.24.0-255,5738,87295,34,261931
31194,0.002242,172.31.33.0-255,66,87361,34,261931
31195,0.002263,74.125.24.0-255,7156,94517,34,261931
31196,0.002265,172.31.33.0-255,66,94583,34,261931
31197,0.002278,74.125.24.0-255,1484,96067,34,261931
31198,0.00228,74.125.24.0-255,1484,97551,34,261931
31199,0.002282,172.31.33.0-255,66,97617,34,261931
31200,0.002296,74.125.24.0-255,2902,100519,34,261931
31201,0.002297,172.31.33.0-255,66,100585,34,261931
31202,0.002318,74.125.24.0-255,5020,105605,34,261931
31203,0.002319,172.31.33.0-255,66,105671,34,261931
31204,0.002342,74.125.24.0-255,1484,107155,34,261931
31205,0.002345,74.125.24.0-255,1484,108639,34,261931
31206,0.002347,172.31.33.0-255,66,108705,34,261931
31207,0.002363,74.125.24.0-255,1484,110189,34,261931
31208,0.002369,74.125.24.0-255,5738,115927,34,261931
31209,0.002371,172.31.33.0-255,66,115993,34,261931
31210,0.002394,172.31.33.0-255,66,116059,34,261931
31211,0.002412,74.125.24.0-255,4320,120379,34,261931
31212,0.002414,172.31.33.0-255,66,120445,34,261931
31213,0.002424,172.31.33.0-255,66,120511,34,261931
31214,0.002443,74.125.24.0-255,766,121277,34,261931
31215,0.002464,74.125.24.0-255,1484,122761,34,261931
31216,0.002466,172.31.33.0-255,66,122827,34,261931
31217,0.00247,74.125.24.0-255,2902,125729,34,261931
31218,0.002473,172.31.33.0-255,66,125795,34,261931
31219,0.00249,74.125.24.0-255,2902,128697,34,261931
31220,0.002492,172.31.33.0-255,66,128763,34,261931
31221,0.002507,74.125.24.0-255,2902,131665,34,261931
31222,0.00251,172.31.33.0-255,66,131731,34,261931
31223,0.002516,74.125.24.0-255,7156,138887,34,261931
31224,0.002518,172.31.33.0-255,66,138953,34,261931
31225,0.002539,74.125.24.0-255,2902,141855,34,261931
31226,0.00254,172.31.33.0-255,66,141921,34,261931
31227,0.002543,74.125.24.0-255,1484,143405,34,261931
31228,0.00256,74.125.24.0-255,5738,149143,34,261931
31229,0.002563,172.31.33.0-255,66,149209,34,261931
31230,0.002581,74.125.24.0-255,6438,155647,34,261931
31231,0.002583,172.31.33.0-255,66,155713,34,261931
31232,0.00262,74.125.24.0-255,1484,157197,34,261931
31233,0.002624,74.125.24.0-255,2902,160099,34,261931
31234,0.002626,172.31.33.0-255,66,160165,34,261931
31235,0.002646,74.125.24.0-255,5738,165903,34,261931
31236,0.002648,172.31.33.0-255,66,165969,34,261931
31237,0.002652,74.125.24.0-255,2902,168871,34,261931
31238,0.002654,172.31.33.0-255,66,168937,34,261931
31239,0.002666,74.125.24.0-255,1484,170421,34,261931
31240,0.002672,74.125.24.0-255,1484,171905,34,261931
31241,0.002674,172.31.33.0-255,66,171971,34,261931
31242,0.002696,74.125.24.0-255,2902,174873,34,261931
31243,0.002698,172.31.33.0-255,66,174939,34,261931
31244,0.002719,74.125.24.0-255,4320,179259,34,261931
31245,0.002721,172.31.33.0-255,66,179325,34,261931
31246,0.002724,74.125.24.0-255,2902,182227,34,261931
31247,0.002726,172.31.33.0-255,66,182293,34,261931
31248,0.002731,74.125.24.0-255,4320,186613,34,261931
31249,0.002733,172.31.33.0-255,66,186679,34,261931
31250,0.002735,74.125.24.0-255,1484,188163,34,261931
31251,0.002752,74.125.24.0-255,2184,190347,34,261931
31252,0.002754,172.31.33.0-255,66,190413,34,261931
31253,0.00282,74.125.24.0-255,1484,191897,34,261931
31254,0.002834,74.125.24.0-255,2902,194799,34,261931
31255,0.002836,172.31.33.0-255,66,194865,34,261931
31256,0.002853,74.125.24.0-255,1484,196349,34,261931
31257,0.002872,74.125.24.0-255,4320,200669,34,261931
31258,0.002875,172.31.33.0-255,66,200735,34,261931
31259,0.00288,74.125.24.0-255,5738,206473,34,261931
31260,0.002882,172.31.33.0-255,66,206539,34,261931
31261,0.002908,74.125.24.0-255,4320,210859,34,261931
31262,0.00291,172.31.33.0-255,66,210925,34,261931
31263,0.002932,172.31.33.0-255,66,210991,34,261931
31264,0.002937,74.125.24.0-255,5020,216011,34,261931
31265,0.002939,172.31.33.0-255,66,216077,34,261931
31266,0.003006,74.125.24.0-255,1484,217561,34,261931
31267,0.003022,74.125.24.0-255,2902,220463,34,261931
31268,0.003024,172.31.33.0-255,66,220529,34,261931
31269,0.003041,74.125.24.0-255,2902,223431,34,261931
31270,0.003043,172.31.33.0-255,66,223497,34,261931
31271,0.003059,74.125.24.0-255,2902,226399,34,261931
31272,0.003061,172.31.33.0-255,66,226465,34,261931
31273,0.003066,74.125.24.0-255,4320,230785,34,261931
31274,0.003068,172.31.33.0-255,66,230851,34,261931
31275,0.0031,172.31.33.0-255,66,230917,34,261931
31276,0.003106,74.125.24.0-255,5738,236655,34,261931
31277,0.003108,172.31.33.0-255,66,236721,34,261931
31278,0.003152,172.31.33.0-255,66,236787,34,261931
31279,0.003174,172.31.33.0-255,66,236853,34,261931
31280,0.00318,74.125.24.0-255,7156,244009,34,261931
31281,0.003183,172.31.33.0-255,66,244075,34,261931
31282,0.003501,74.125.24.0-255,1484,245559,34,261931
31283,0.003513,74.125.24.0-255,2902,248461,34,261931
31284,0.003528,74.125.24.0-255,2902,251363,34,261931
31285,0.003539,74.125.24.0-255,2902,254265,34,261931
31286,0.003556,74.125.24.0-255,2902,257167,34,261931
31287,0.003577,74.125.24.0-255,1484,258651,34,261931
31288,0.003594,74.125.24.0-255,3004,261655,34,261931
31289,0.003614,74.125.24.0-255,105,261760,34,261931
31290,0.007373,172.31.33.0-255,66,261826,34,261931
31291,0.009279,172.31.33.0-255,105,261931,34,261931
31292,0.0,172.217.194.0-255,146,146,34,202453
31293,2.1e-05,172.31.33.0-255,66,212,34,202453
31294,2.7e-05,172.217.194.0-255,1484,1696,34,202453
31295,3.1e-05,172.31.33.0-255,66,1762,34,202453
31296,3.7e-05,172.217.194.0-255,2902,4664,34,202453
31297,4.5e-05,172.31.33.0-255,66,4730,34,202453
31298,5.1e-05,172.217.194.0-255,4320,9050,34,202453
31299,5.3e-05,172.31.33.0-255,66,9116,34,202453
31300,6.6e-05,172.31.33.0-255,66,9182,34,202453
31301,8.1e-05,172.217.194.0-255,1484,10666,34,202453
31302,8.4e-05,172.31.33.0-255,66,10732,34,202453
31303,0.00012,172.31.33.0-255,66,10798,34,202453
31304,0.000842,172.217.194.0-255,1484,12282,34,202453
31305,0.000848,172.31.33.0-255,66,12348,34,202453
31306,0.000856,172.217.194.0-255,2902,15250,34,202453
31307,0.000858,172.31.33.0-255,66,15316,34,202453
31308,0.000868,172.217.194.0-255,5738,21054,34,202453
31309,0.00087,172.31.33.0-255,66,21120,34,202453
31310,0.000905,172.31.33.0-255,66,21186,34,202453
31311,0.000933,172.217.194.0-255,5379,26565,34,202453
31312,0.000934,172.31.33.0-255,66,26631,34,202453
31313,0.000945,172.31.33.0-255,66,26697,34,202453
31314,0.000951,172.217.194.0-255,645,27342,34,202453
31315,0.000953,172.31.33.0-255,66,27408,34,202453
31316,0.001294,172.217.194.0-255,1484,28892,34,202453
31317,0.001299,172.31.33.0-255,66,28958,34,202453
31318,0.001305,172.217.194.0-255,2902,31860,34,202453
31319,0.001308,172.31.33.0-255,66,31926,34,202453
31320,0.001316,172.217.194.0-255,2902,34828,34,202453
31321,0.001318,172.31.33.0-255,66,34894,34,202453
31322,0.001342,172.217.194.0-255,2902,37796,34,202453
31323,0.001348,172.31.33.0-255,66,37862,34,202453
31324,0.001351,172.217.194.0-255,1484,39346,34,202453
31325,0.001375,172.217.194.0-255,4831,44177,34,202453
31326,0.001377,172.31.33.0-255,66,44243,34,202453
31327,0.001482,172.217.194.0-255,1484,45727,34,202453
31328,0.0015,172.217.194.0-255,2902,48629,34,202453
31329,0.001502,172.31.33.0-255,66,48695,34,202453
31330,0.001519,172.217.194.0-255,5738,54433,34,202453
31331,0.001521,172.31.33.0-255,66,54499,34,202453
31332,0.001553,172.31.33.0-255,66,54565,34,202453
31333,0.001584,172.31.33.0-255,66,54631,34,202453
31334,0.001961,172.217.194.0-255,1484,56115,34,202453
31335,0.001979,172.217.194.0-255,2902,59017,34,202453
31336,0.001982,172.31.33.0-255,66,59083,34,202453
31337,0.001988,172.217.194.0-255,5738,64821,34,202453
31338,0.00199,172.31.33.0-255,66,64887,34,202453
31339,0.002075,172.31.33.0-255,66,64953,34,202453
31340,0.002081,172.217.194.0-255,7156,72109,34,202453
31341,0.002083,172.31.33.0-255,66,72175,34,202453
31342,0.002093,172.217.194.0-255,3602,75777,34,202453
31343,0.002095,172.31.33.0-255,66,75843,34,202453
31344,0.002133,172.217.194.0-255,1484,77327,34,202453
31345,0.002147,172.217.194.0-255,2902,80229,34,202453
31346,0.002149,172.31.33.0-255,66,80295,34,202453
31347,0.00217,172.217.194.0-255,5738,86033,34,202453
31348,0.002172,172.31.33.0-255,66,86099,34,202453
31349,0.002177,172.217.194.0-255,2902,89001,34,202453
31350,0.002178,172.31.33.0-255,66,89067,34,202453
31351,0.002201,172.217.194.0-255,4320,93387,34,202453
31352,0.002203,172.31.33.0-255,66,93453,34,202453
31353,0.002222,172.217.194.0-255,7156,100609,34,202453
31354,0.002228,172.31.33.0-255,66,100675,34,202453
31355,0.002259,172.217.194.0-255,7156,107831,34,202453
31356,0.002261,172.31.33.0-255,66,107897,34,202453
31357,0.002264,172.217.194.0-255,2184,110081,34,202453
31358,0.002266,172.31.33.0-255,66,110147,34,202453
31359,0.002333,172.217.194.0-255,1484,111631,34,202453
31360,0.002351,172.217.194.0-255,2902,114533,34,202453
31361,0.002353,172.31.33.0-255,66,114599,34,202453
31362,0.002381,172.217.194.0-255,5738,120337,34,202453
31363,0.002383,172.31.33.0-255,66,120403,34,202453
31364,0.002388,172.217.194.0-255,4320,124723,34,202453
31365,0.00239,172.31.33.0-255,66,124789,34,202453
31366,0.002424,172.31.33.0-255,66,124855,34,202453
31367,0.002435,172.217.194.0-255,2902,127757,34,202453
31368,0.00244,172.31.33.0-255,66,127823,34,202453
31369,0.002445,172.217.194.0-255,4320,132143,34,202453
31370,0.002447,172.31.33.0-255,66,132209,34,202453
31371,0.002466,172.217.194.0-255,3602,135811,34,202453
31372,0.002472,172.31.33.0-255,66,135877,34,202453
31373,0.002591,172.217.194.0-255,1484,137361,34,202453
31374,0.002596,172.217.194.0-255,1484,138845,34,202453
31375,0.002599,172.31.33.0-255,66,138911,34,202453
31376,0.00262,172.217.194.0-255,1484,140395,34,202453
31377,0.002627,172.217.194.0-255,5738,146133,34,202453
31378,0.002629,172.31.33.0-255,66,146199,34,202453
31379,0.002632,172.217.194.0-255,1484,147683,34,202453
31380,0.002655,172.217.194.0-255,7156,154839,34,202453
31381,0.002657,172.31.33.0-255,66,154905,34,202453
31382,0.002692,172.217.194.0-255,4320,159225,34,202453
31383,0.002695,172.31.33.0-255,66,159291,34,202453
31384,0.002725,172.31.33.0-255,66,159357,34,202453
31385,0.002759,172.217.194.0-255,3602,162959,34,202453
31386,0.002761,172.31.33.0-255,66,163025,34,202453
31387,0.00278,172.31.33.0-255,66,163091,34,202453
31388,0.00279,172.31.33.0-255,66,163157,34,202453
31389,0.002823,172.217.194.0-255,5020,168177,34,202453
31390,0.002826,172.31.33.0-255,66,168243,34,202453
31391,0.002831,172.217.194.0-255,5738,173981,34,202453
31392,0.002833,172.31.33.0-255,66,174047,34,202453
31393,0.002836,172.217.194.0-255,1484,175531,34,202453
31394,0.00286,172.217.194.0-255,4320,179851,34,202453
31395,0.002862,172.31.33.0-255,66,179917,34,202453
31396,0.002864,172.217.194.0-255,1484,181401,34,202453
31397,0.002899,172.31.33.0-255,66,181467,34,202453
31398,0.002913,172.31.33.0-255,66,181533,34,202453
31399,0.002973,172.31.33.0-255,66,181599,34,202453
31400,0.002979,172.217.194.0-255,7156,188755,34,202453
31401,0.002981,172.31.33.0-255,66,188821,34,202453
31402,0.003001,172.217.194.0-255,7156,195977,34,202453
31403,0.003003,172.31.33.0-255,66,196043,34,202453
31404,0.003039,172.31.33.0-255,66,196109,34,202453
31405,0.003053,172.31.33.0-255,66,196175,34,202453
31406,0.003093,172.217.194.0-255,5738,201913,34,202453
31407,0.003097,172.31.33.0-255,66,201979,34,202453
31408,0.003106,172.31.33.0-255,66,202045,34,202453
31409,0.003123,172.31.33.0-255,66,202111,34,202453
31410,0.003148,172.217.194.0-255,105,202216,34,202453
31411,0.006018,172.31.33.0-255,66,202282,34,202453
31412,0.006063,172.31.33.0-255,105,202387,34,202453
31413,0.008267,172.217.194.0-255,66,202453,34,202453
31414,0.0,172.31.33.0-255,105,105,34,276
31415,0.002112,157.240.7.0-255,105,210,34,276
31416,0.002122,172.31.33.0-255,66,276,34,276
31417,0.0,172.31.33.0-255,105,105,34,342
31418,0.002304,172.217.194.0-255,66,171,34,342
31419,0.00233,172.217.194.0-255,105,276,34,342
31420,0.002334,172.31.33.0-255,66,342,34,342
31421,0.0,74.125.24.0-255,152,152,34,248889
31422,2.1e-05,172.31.33.0-255,66,218,34,248889
31423,2.7e-05,74.125.24.0-255,1484,1702,34,248889
31424,3.2e-05,172.31.33.0-255,66,1768,34,248889
31425,4.3e-05,74.125.24.0-255,2902,4670,34,248889
31426,4.6e-05,172.31.33.0-255,66,4736,34,248889
31427,5.3e-05,74.125.24.0-255,5738,10474,34,248889
31428,5.6e-05,172.31.33.0-255,66,10540,34,248889
31429,9.2e-05,74.125.24.0-255,3521,14061,34,248889
31430,9.5e-05,172.31.33.0-255,66,14127,34,248889
31431,0.000168,74.125.24.0-255,1484,15611,34,248889
31432,0.000172,172.31.33.0-255,66,15677,34,248889
31433,0.000197,74.125.24.0-255,2902,18579,34,248889
31434,0.000199,172.31.33.0-255,66,18645,34,248889
31435,0.000205,74.125.24.0-255,5738,24383,34,248889
31436,0.000208,172.31.33.0-255,66,24449,34,248889
31437,0.000241,74.125.24.0-255,6797,31246,34,248889
31438,0.000244,172.31.33.0-255,66,31312,34,248889
31439,0.000424,74.125.24.0-255,1484,32796,34,248889
31440,0.00043,172.31.33.0-255,66,32862,34,248889
31441,0.000436,74.125.24.0-255,2902,35764,34,248889
31442,0.000438,172.31.33.0-255,66,35830,34,248889
31443,0.000449,74.125.24.0-255,4320,40150,34,248889
31444,0.000452,172.31.33.0-255,66,40216,34,248889
31445,0.00046,74.125.24.0-255,5738,45954,34,248889
31446,0.000463,172.31.33.0-255,66,46020,34,248889
31447,0.000491,74.125.24.0-255,2543,48563,34,248889
31448,0.000494,172.31.33.0-255,66,48629,34,248889
31449,0.000528,74.125.24.0-255,2902,51531,34,248889
31450,0.000532,172.31.33.0-255,66,51597,34,248889
31451,0.000539,74.125.24.0-255,5738,57335,34,248889
31452,0.000541,172.31.33.0-255,66,57401,34,248889
31453,0.000561,74.125.24.0-255,1484,58885,34,248889
31454,0.000569,74.125.24.0-255,5738,64623,34,248889
31455,0.000571,172.31.33.0-255,66,64689,34,248889
31456,0.000591,74.125.24.0-255,1420,66109,34,248889
31457,0.000753,74.125.24.0-255,383,66492,34,248889
31458,0.000758,172.31.33.0-255,66,66558,34,248889
31459,0.000914,74.125.24.0-255,1484,68042,34,248889
31460,0.00092,74.125.24.0-255,2902,70944,34,248889
31461,0.000923,172.31.33.0-255,66,71010,34,248889
31462,0.000954,74.125.24.0-255,5738,76748,34,248889
31463,0.000957,172.31.33.0-255,66,76814,34,248889
31464,0.000969,172.31.33.0-255,66,76880,34,248889
31465,0.000987,172.31.33.0-255,66,76946,34,248889
31466,0.001018,74.125.24.0-255,3961,80907,34,248889
31467,0.001047,172.31.33.0-255,66,80973,34,248889
31468,0.001357,74.125.24.0-255,1484,82457,34,248889
31469,0.001376,74.125.24.0-255,2902,85359,34,248889
31470,0.001379,172.31.33.0-255,66,85425,34,248889
31471,0.001383,74.125.24.0-255,1484,86909,34,248889
31472,0.001413,74.125.24.0-255,4320,91229,34,248889
31473,0.001416,172.31.33.0-255,66,91295,34,248889
31474,0.001432,172.31.33.0-255,66,91361,34,248889
31475,0.001438,74.125.24.0-255,4320,95681,34,248889
31476,0.00144,172.31.33.0-255,66,95747,34,248889
31477,0.001479,74.125.24.0-255,7156,102903,34,248889
31478,0.001482,172.31.33.0-255,66,102969,34,248889
31479,0.001486,74.125.24.0-255,2184,105153,34,248889
31480,0.001488,172.31.33.0-255,66,105219,34,248889
31481,0.001762,74.125.24.0-255,1484,106703,34,248889
31482,0.001779,74.125.24.0-255,2902,109605,34,248889
31483,0.001782,172.31.33.0-255,66,109671,34,248889
31484,0.001786,74.125.24.0-255,1484,111155,34,248889
31485,0.001814,74.125.24.0-255,4320,115475,34,248889
31486,0.001816,172.31.33.0-255,66,115541,34,248889
31487,0.001823,74.125.24.0-255,4320,119861,34,248889
31488,0.001825,172.31.33.0-255,66,119927,34,248889
31489,0.001845,74.125.24.0-255,2902,122829,34,248889
31490,0.001847,172.31.33.0-255,66,122895,34,248889
31491,0.001866,172.31.33.0-255,66,122961,34,248889
31492,0.00187,74.125.24.0-255,2184,125145,34,248889
31493,0.001873,172.31.33.0-255,66,125211,34,248889
31494,0.002292,74.125.24.0-255,1484,126695,34,248889
31495,0.002299,74.125.24.0-255,2902,129597,34,248889
31496,0.002302,172.31.33.0-255,66,129663,34,248889
31497,0.002333,74.125.24.0-255,4320,133983,34,248889
31498,0.002335,172.31.33.0-255,66,134049,34,248889
31499,0.002341,74.125.24.0-255,5738,139787,34,248889
31500,0.002343,172.31.33.0-255,66,139853,34,248889
31501,0.002385,172.31.33.0-255,66,139919,34,248889
31502,0.00239,74.125.24.0-255,4320,144239,34,248889
31503,0.002392,172.31.33.0-255,66,144305,34,248889
31504,0.002401,74.125.24.0-255,3602,147907,34,248889
31505,0.002404,172.31.33.0-255,66,147973,34,248889
31506,0.002668,74.125.24.0-255,1484,149457,34,248889
31507,0.002687,74.125.24.0-255,1484,150941,34,248889
31508,0.00269,172.31.33.0-255,66,151007,34,248889
31509,0.002719,74.125.24.0-255,1484,152491,34,248889
31510,0.002726,74.125.24.0-255,5738,158229,34,248889
31511,0.002728,172.31.33.0-255,66,158295,34,248889
31512,0.002734,74.125.24.0-255,4320,162615,34,248889
31513,0.002736,172.31.33.0-255,66,162681,34,248889
31514,0.002739,74.125.24.0-255,1484,164165,34,248889
31515,0.002751,74.125.24.0-255,7156,171321,34,248889
31516,0.002753,172.31.33.0-255,66,171387,34,248889
31517,0.002798,172.31.33.0-255,66,171453,34,248889
31518,0.002823,74.125.24.0-255,2902,174355,34,248889
31519,0.002826,172.31.33.0-255,66,174421,34,248889
31520,0.002861,172.31.33.0-255,66,174487,34,248889
31521,0.002885,172.31.33.0-255,66,174553,34,248889
31522,0.002926,74.125.24.0-255,4320,178873,34,248889
31523,0.002929,172.31.33.0-255,66,178939,34,248889
31524,0.002946,172.31.33.0-255,66,179005,34,248889
31525,0.002954,74.125.24.0-255,7156,186161,34,248889
31526,0.002956,172.31.33.0-255,66,186227,34,248889
31527,0.002968,172.31.33.0-255,66,186293,34,248889
31528,0.00297,74.125.24.0-255,1484,187777,34,248889
31529,0.002973,74.125.24.0-255,1484,189261,34,248889
31530,0.002975,172.31.33.0-255,66,189327,34,248889
31531,0.002981,74.125.24.0-255,4320,193647,34,248889
31532,0.002984,172.31.33.0-255,66,193713,34,248889
31533,0.00304,172.31.33.0-255,66,193779,34,248889
31534,0.003042,74.125.24.0-255,766,194545,34,248889
31535,0.003046,74.125.24.0-255,1484,196029,34,248889
31536,0.003048,172.31.33.0-255,66,196095,34,248889
31537,0.003076,74.125.24.0-255,4320,200415,34,248889
31538,0.003079,172.31.33.0-255,66,200481,34,248889
31539,0.003089,74.125.24.0-255,5738,206219,34,248889
31540,0.003092,172.31.33.0-255,66,206285,34,248889
31541,0.003134,74.125.24.0-255,7156,213441,34,248889
31542,0.003137,172.31.33.0-255,66,213507,34,248889
31543,0.003144,74.125.24.0-255,5738,219245,34,248889
31544,0.003146,172.31.33.0-255,66,219311,34,248889
31545,0.003179,74.125.24.0-255,5738,225049,34,248889
31546,0.003182,172.31.33.0-255,66,225115,34,248889
31547,0.003218,172.31.33.0-255,66,225181,34,248889
31548,0.003237,172.31.33.0-255,66,225247,34,248889
31549,0.003248,172.31.33.0-255,66,225313,34,248889
31550,0.00327,74.125.24.0-255,1484,226797,34,248889
31551,0.003277,74.125.24.0-255,6438,233235,34,248889
31552,0.00328,172.31.33.0-255,66,233301,34,248889
31553,0.003289,74.125.24.0-255,2902,236203,34,248889
31554,0.003291,172.31.33.0-255,66,236269,34,248889
31555,0.003304,74.125.24.0-255,4320,240589,34,248889
31556,0.003306,172.31.33.0-255,66,240655,34,248889
31557,0.003342,172.31.33.0-255,66,240721,34,248889
31558,0.003365,74.125.24.0-255,7156,247877,34,248889
31559,0.003368,172.31.33.0-255,66,247943,34,248889
31560,0.003371,74.125.24.0-255,841,248784,34,248889
31561,0.00343,74.125.24.0-255,105,248889,34,248889
31562,0.0,74.125.200.0-255,153,153,34,308666
31563,1.9e-05,172.31.33.0-255,66,219,34,308666
31564,2.6e-05,74.125.200.0-255,1484,1703,34,308666
31565,3e-05,172.31.33.0-255,66,1769,34,308666
31566,4.4e-05,74.125.200.0-255,2902,4671,34,308666
31567,4.8e-05,172.31.33.0-255,66,4737,34,308666
31568,5.6e-05,74.125.200.0-255,7156,11893,34,308666
31569,5.9e-05,172.31.33.0-255,66,11959,34,308666
31570,6.2e-05,74.125.200.0-255,1484,13443,34,308666
31571,6.5e-05,172.31.33.0-255,66,13509,34,308666
31572,8.6e-05,74.125.200.0-255,674,14183,34,308666
31573,8.8e-05,172.31.33.0-255,66,14249,34,308666
31574,0.000293,74.125.200.0-255,1484,15733,34,308666
31575,0.000299,172.31.33.0-255,66,15799,34,308666
31576,0.000329,74.125.200.0-255,2902,18701,34,308666
31577,0.000332,172.31.33.0-255,66,18767,34,308666
31578,0.000337,74.125.200.0-255,4320,23087,34,308666
31579,0.00034,172.31.33.0-255,66,23153,34,308666
31580,0.000366,74.125.200.0-255,1484,24637,34,308666
31581,0.000368,172.31.33.0-255,66,24703,34,308666
31582,0.0004,74.125.200.0-255,6797,31500,34,308666
31583,0.000404,172.31.33.0-255,66,31566,34,308666
31584,0.000408,74.125.200.0-255,2902,34468,34,308666
31585,0.000411,172.31.33.0-255,66,34534,34,308666
31586,0.000438,74.125.200.0-255,5738,40272,34,308666
31587,0.000441,172.31.33.0-255,66,40338,34,308666
31588,0.000445,74.125.200.0-255,2902,43240,34,308666
31589,0.000447,172.31.33.0-255,66,43306,34,308666
31590,0.00046,172.31.33.0-255,66,43372,34,308666
31591,0.000482,74.125.200.0-255,1484,44856,34,308666
31592,0.000488,172.31.33.0-255,66,44922,34,308666
31593,0.000501,172.31.33.0-255,66,44988,34,308666
31594,0.000504,74.125.200.0-255,395,45383,34,308666
31595,0.000528,74.125.200.0-255,115,45498,34,308666
31596,0.000711,74.125.200.0-255,1484,46982,34,308666
31597,0.000716,172.31.33.0-255,66,47048,34,308666
31598,0.000722,74.125.200.0-255,2902,49950,34,308666
31599,0.000725,172.31.33.0-255,66,50016,34,308666
31600,0.000728,74.125.200.0-255,1484,51500,34,308666
31601,0.000759,74.125.200.0-255,4320,55820,34,308666
31602,0.000762,172.31.33.0-255,66,55886,34,308666
31603,0.000769,74.125.200.0-255,4320,60206,34,308666
31604,0.000771,172.31.33.0-255,66,60272,34,308666
31605,0.000804,172.31.33.0-255,66,60338,34,308666
31606,0.000829,74.125.200.0-255,7156,67494,34,308666
31607,0.000832,172.31.33.0-255,66,67560,34,308666
31608,0.000859,74.125.200.0-255,3602,71162,34,308666
31609,0.000876,172.31.33.0-255,66,71228,34,308666
31610,0.000917,74.125.200.0-255,1484,72712,34,308666
31611,0.000923,74.125.200.0-255,2902,75614,34,308666
31612,0.000926,172.31.33.0-255,66,75680,34,308666
31613,0.000963,74.125.200.0-255,5738,81418,34,308666
31614,0.000966,172.31.33.0-255,66,81484,34,308666
31615,0.001009,74.125.200.0-255,5738,87222,34,308666
31616,0.001012,172.31.33.0-255,66,87288,34,308666
31617,0.001047,74.125.200.0-255,7156,94444,34,308666
31618,0.00105,172.31.33.0-255,66,94510,34,308666
31619,0.001067,172.31.33.0-255,66,94576,34,308666
31620,0.001267,74.125.200.0-255,1484,96060,34,308666
31621,0.001292,74.125.200.0-255,2902,98962,34,308666
31622,0.001296,172.31.33.0-255,66,99028,34,308666
31623,0.001326,74.125.200.0-255,1484,100512,34,308666
31624,0.001343,74.125.200.0-255,2902,103414,34,308666
31625,0.001347,172.31.33.0-255,66,103480,34,308666
31626,0.001371,74.125.200.0-255,5738,109218,34,308666
31627,0.001374,172.31.33.0-255,66,109284,34,308666
31628,0.001398,74.125.200.0-255,2902,112186,34,308666
31629,0.0014,172.31.33.0-255,66,112252,34,308666
31630,0.001413,74.125.200.0-255,4320,116572,34,308666
31631,0.001419,172.31.33.0-255,66,116638,34,308666
31632,0.001424,74.125.200.0-255,2902,119540,34,308666
31633,0.001426,172.31.33.0-255,66,119606,34,308666
31634,0.001448,74.125.200.0-255,2902,122508,34,308666
31635,0.00145,74.125.200.0-255,1484,123992,34,308666
31636,0.001472,172.31.33.0-255,66,124058,34,308666
31637,0.001482,74.125.200.0-255,5020,129078,34,308666
31638,0.001489,172.31.33.0-255,66,129144,34,308666
31639,0.001743,74.125.200.0-255,1484,130628,34,308666
31640,0.001759,74.125.200.0-255,2902,133530,34,308666
31641,0.001763,172.31.33.0-255,66,133596,34,308666
31642,0.001791,74.125.200.0-255,1484,135080,34,308666
31643,0.001795,74.125.200.0-255,2902,137982,34,308666
31644,0.001798,172.31.33.0-255,66,138048,34,308666
31645,0.001834,74.125.200.0-255,2902,140950,34,308666
31646,0.001837,172.31.33.0-255,66,141016,34,308666
31647,0.00184,74.125.200.0-255,1484,142500,34,308666
31648,0.001862,74.125.200.0-255,2902,145402,34,308666
31649,0.001864,172.31.33.0-255,66,145468,34,308666
31650,0.001895,172.31.33.0-255,66,145534,34,308666
31651,0.001898,74.125.200.0-255,1484,147018,34,308666
31652,0.001935,172.31.33.0-255,66,147084,34,308666
31653,0.002167,74.125.200.0-255,1484,148568,34,308666
31654,0.002173,74.125.200.0-255,2902,151470,34,308666
31655,0.002176,172.31.33.0-255,66,151536,34,308666
31656,0.002209,74.125.200.0-255,2902,154438,34,308666
31657,0.002214,74.125.200.0-255,4320,158758,34,308666
31658,0.002218,172.31.33.0-255,66,158824,34,308666
31659,0.002221,172.31.33.0-255,66,158890,34,308666
31660,0.002233,74.125.200.0-255,2902,161792,34,308666
31661,0.002235,172.31.33.0-255,66,161858,34,308666
31662,0.002262,74.125.200.0-255,5738,167596,34,308666
31663,0.002269,172.31.33.0-255,66,167662,34,308666
31664,0.002273,74.125.200.0-255,2902,170564,34,308666
31665,0.002275,172.31.33.0-255,66,170630,34,308666
31666,0.002296,74.125.200.0-255,2902,173532,34,308666
31667,0.002298,172.31.33.0-255,66,173598,34,308666
31668,0.002346,172.31.33.0-255,66,173664,34,308666
31669,0.002352,74.125.200.0-255,5738,179402,34,308666
31670,0.002355,172.31.33.0-255,66,179468,34,308666
31671,0.002368,74.125.200.0-255,5738,185206,34,308666
31672,0.00237,172.31.33.0-255,66,185272,34,308666
31673,0.002373,74.125.200.0-255,1484,186756,34,308666
31674,0.002376,74.125.200.0-255,1484,188240,34,308666
31675,0.002378,172.31.33.0-255,66,188306,34,308666
31676,0.002381,74.125.200.0-255,1484,189790,34,308666
31677,0.002384,74.125.200.0-255,1484,191274,34,308666
31678,0.002386,172.31.33.0-255,66,191340,34,308666
31679,0.002394,74.125.200.0-255,7156,198496,34,308666
31680,0.002396,172.31.33.0-255,66,198562,34,308666
31681,0.0024,74.125.200.0-255,2902,201464,34,308666
31682,0.002403,172.31.33.0-255,66,201530,34,308666
31683,0.002407,74.125.200.0-255,2902,204432,34,308666
31684,0.00241,172.31.33.0-255,66,204498,34,308666
31685,0.002438,74.125.200.0-255,766,205264,34,308666
31686,0.002465,74.125.200.0-255,1484,206748,34,308666
31687,0.002468,172.31.33.0-255,66,206814,34,308666
31688,0.002489,74.125.200.0-255,4320,211134,34,308666
31689,0.002491,172.31.33.0-255,66,211200,34,308666
31690,0.002497,74.125.200.0-255,4320,215520,34,308666
31691,0.002499,172.31.33.0-255,66,215586,34,308666
31692,0.00252,74.125.200.0-255,2902,218488,34,308666
31693,0.002522,172.31.33.0-255,66,218554,34,308666
31694,0.002537,172.31.33.0-255,66,218620,34,308666
31695,0.002568,74.125.200.0-255,4320,222940,34,308666
31696,0.002571,172.31.33.0-255,66,223006,34,308666
31697,0.002582,74.125.200.0-255,5738,228744,34,308666
31698,0.002584,172.31.33.0-255,66,228810,34,308666
31699,0.002651,74.125.200.0-255,2184,230994,34,308666
31700,0.002654,172.31.33.0-255,66,231060,34,308666
31701,0.002658,74.125.200.0-255,2902,233962,34,308666
31702,0.002661,172.31.33.0-255,66,234028,34,308666
31703,0.002664,74.125.200.0-255,1484,235512,34,308666
31704,0.002671,74.125.200.0-255,1484,236996,34,308666
31705,0.002674,172.31.33.0-255,66,237062,34,308666
31706,0.002677,74.125.200.0-255,1484,238546,34,308666
31707,0.002682,74.125.200.0-255,4320,242866,34,308666
31708,0.002686,172.31.33.0-255,66,242932,34,308666
31709,0.002723,74.125.200.0-255,7156,250088,34,308666
31710,0.002726,172.31.33.0-255,66,250154,34,308666
31711,0.002738,172.31.33.0-255,66,250220,34,308666
31712,0.002742,74.125.200.0-255,2902,253122,34,308666
31713,0.002744,172.31.33.0-255,66,253188,34,308666
31714,0.00278,74.125.200.0-255,3602,256790,34,308666
31715,0.002784,172.31.33.0-255,66,256856,34,308666
31716,0.002786,74.125.200.0-255,1484,258340,34,308666
31717,0.002791,74.125.200.0-255,2902,261242,34,308666
31718,0.002793,172.31.33.0-255,66,261308,34,308666
31719,0.002805,74.125.200.0-255,1484,262792,34,308666
31720,0.002812,74.125.200.0-255,1484,264276,34,308666
31721,0.002814,172.31.33.0-255,66,264342,34,308666
31722,0.002819,74.125.200.0-255,2902,267244,34,308666
31723,0.002821,172.31.33.0-255,66,267310,34,308666
31724,0.002823,74.125.200.0-255,1484,268794,34,308666
31725,0.002857,74.125.200.0-255,4320,273114,34,308666
31726,0.00286,172.31.33.0-255,66,273180,34,308666
31727,0.002867,74.125.200.0-255,7156,280336,34,308666
31728,0.002869,172.31.33.0-255,66,280402,34,308666
31729,0.002872,74.125.200.0-255,1484,281886,34,308666
31730,0.002904,74.125.200.0-255,7156,289042,34,308666
31731,0.002908,172.31.33.0-255,66,289108,34,308666
31732,0.002914,74.125.200.0-255,5020,294128,34,308666
31733,0.002916,172.31.33.0-255,66,294194,34,308666
31734,0.002944,74.125.200.0-255,5738,299932,34,308666
31735,0.002947,172.31.33.0-255,66,299998,34,308666
31736,0.003013,74.125.200.0-255,4320,304318,34,308666
31737,0.003027,74.125.200.0-255,4177,308495,34,308666
31738,0.003058,74.125.200.0-255,105,308600,34,308666
31739,0.009615,172.31.33.0-255,66,308666,34,308666
31740,0.0,74.125.200.0-255,146,146,34,168632
31741,1.3e-05,172.31.33.0-255,66,212,34,168632
31742,1.9e-05,74.125.200.0-255,1484,1696,34,168632
31743,2.3e-05,172.31.33.0-255,66,1762,34,168632
31744,2.8e-05,74.125.200.0-255,2902,4664,34,168632
31745,3.9e-05,172.31.33.0-255,66,4730,34,168632
31746,4.2e-05,74.125.200.0-255,1484,6214,34,168632
31747,4.5e-05,172.31.33.0-255,66,6280,34,168632
31748,7.4e-05,74.125.200.0-255,5738,12018,34,168632
31749,7.7e-05,172.31.33.0-255,66,12084,34,168632
31750,8.1e-05,74.125.200.0-255,1992,14076,34,168632
31751,8.2e-05,172.31.33.0-255,66,14142,34,168632
31752,0.000184,74.125.200.0-255,1484,15626,34,168632
31753,0.000189,172.31.33.0-255,66,15692,34,168632
31754,0.000194,74.125.200.0-255,2902,18594,34,168632
31755,0.000196,172.31.33.0-255,66,18660,34,168632
31756,0.00022,74.125.200.0-255,4320,22980,34,168632
31757,0.000223,172.31.33.0-255,66,23046,34,168632
31758,0.000257,74.125.200.0-255,5738,28784,34,168632
31759,0.000259,172.31.33.0-255,66,28850,34,168632
31760,0.000265,74.125.200.0-255,3961,32811,34,168632
31761,0.000267,172.31.33.0-255,66,32877,34,168632
31762,0.00027,74.125.200.0-255,1484,34361,34,168632
31763,0.000271,172.31.33.0-255,66,34427,34,168632
31764,0.000293,74.125.200.0-255,2902,37329,34,168632
31765,0.000295,172.31.33.0-255,66,37395,34,168632
31766,0.000298,74.125.200.0-255,1484,38879,34,168632
31767,0.000301,172.31.33.0-255,66,38945,34,168632
31768,0.000321,172.31.33.0-255,66,39011,34,168632
31769,0.00033,74.125.200.0-255,4320,43331,34,168632
31770,0.000332,172.31.33.0-255,66,43397,34,168632
31771,0.000338,74.125.200.0-255,5738,49135,34,168632
31772,0.00034,172.31.33.0-255,66,49201,34,168632
31773,0.000369,74.125.200.0-255,4320,53521,34,168632
31774,0.000372,172.31.33.0-255,66,53587,34,168632
31775,0.000397,74.125.200.0-255,3602,57189,34,168632
31776,0.000399,172.31.33.0-255,66,57255,34,168632
31777,0.000402,74.125.200.0-255,442,57697,34,168632
31778,0.000703,74.125.200.0-255,331,58028,34,168632
31779,0.000945,172.31.33.0-255,66,58094,34,168632
31780,0.001056,74.125.200.0-255,1484,59578,34,168632
31781,0.001091,74.125.200.0-255,2902,62480,34,168632
31782,0.001094,172.31.33.0-255,66,62546,34,168632
31783,0.001122,74.125.200.0-255,4320,66866,34,168632
31784,0.001124,172.31.33.0-255,66,66932,34,168632
31785,0.001143,172.31.33.0-255,66,66998,34,168632
31786,0.00115,74.125.200.0-255,7156,74154,34,168632
31787,0.001152,172.31.33.0-255,66,74220,34,168632
31788,0.001182,74.125.200.0-255,4320,78540,34,168632
31789,0.001184,172.31.33.0-255,66,78606,34,168632
31790,0.00121,74.125.200.0-255,4320,82926,34,168632
31791,0.001213,172.31.33.0-255,66,82992,34,168632
31792,0.001216,74.125.200.0-255,766,83758,34,168632
31793,0.001347,74.125.200.0-255,1484,85242,34,168632
31794,0.001352,172.31.33.0-255,66,85308,34,168632
31795,0.001357,74.125.200.0-255,2902,88210,34,168632
31796,0.00136,172.31.33.0-255,66,88276,34,168632
31797,0.001391,74.125.200.0-255,5738,94014,34,168632
31798,0.001394,172.31.33.0-255,66,94080,34,168632
31799,0.0014,74.125.200.0-255,4320,98400,34,168632
31800,0.001402,172.31.33.0-255,66,98466,34,168632
31801,0.001408,74.125.200.0-255,5738,104204,34,168632
31802,0.00141,172.31.33.0-255,66,104270,34,168632
31803,0.001452,172.31.33.0-255,66,104336,34,168632
31804,0.001457,74.125.200.0-255,2184,106520,34,168632
31805,0.00146,172.31.33.0-255,66,106586,34,168632
31806,0.001713,74.125.200.0-255,1484,108070,34,168632
31807,0.001722,74.125.200.0-255,2902,110972,34,168632
31808,0.001727,172.31.33.0-255,66,111038,34,168632
31809,0.001732,74.125.200.0-255,2902,113940,34,168632
31810,0.001734,172.31.33.0-255,66,114006,34,168632
31811,0.001767,74.125.200.0-255,2902,116908,34,168632
31812,0.00177,172.31.33.0-255,66,116974,34,168632
31813,0.001775,74.125.200.0-255,4320,121294,34,168632
31814,0.001777,172.31.33.0-255,66,121360,34,168632
31815,0.001783,74.125.200.0-255,5738,127098,34,168632
31816,0.001786,172.31.33.0-255,66,127164,34,168632
31817,0.001817,172.31.33.0-255,66,127230,34,168632
31818,0.001839,74.125.200.0-255,2902,130132,34,168632
31819,0.001842,172.31.33.0-255,66,130198,34,168632
31820,0.001845,74.125.200.0-255,1484,131682,34,168632
31821,0.001848,74.125.200.0-255,766,132448,34,168632
31822,0.00185,172.31.33.0-255,66,132514,34,168632
31823,0.002321,74.125.200.0-255,1484,133998,34,168632
31824,0.002329,74.125.200.0-255,2902,136900,34,168632
31825,0.002333,172.31.33.0-255,66,136966,34,168632
31826,0.002369,74.125.200.0-255,2902,139868,34,168632
31827,0.002372,172.31.33.0-255,66,139934,34,168632
31828,0.002395,74.125.200.0-255,2902,142836,34,168632
31829,0.002398,172.31.33.0-255,66,142902,34,168632
31830,0.002406,74.125.200.0-255,7156,150058,34,168632
31831,0.002408,172.31.33.0-255,66,150124,34,168632
31832,0.002412,74.125.200.0-255,2902,153026,34,168632
31833,0.002414,172.31.33.0-255,66,153092,34,168632
31834,0.00245,74.125.200.0-255,4320,157412,34,168632
31835,0.002453,172.31.33.0-255,66,157478,34,168632
31836,0.002464,172.31.33.0-255,66,157544,34,168632
31837,0.002466,74.125.200.0-255,766,158310,34,168632
31838,0.003879,172.31.33.0-255,66,158376,34,168632
31839,0.005045,74.125.200.0-255,4320,162696,34,168632
31840,0.005049,172.31.33.0-255,66,162762,34,168632
31841,0.006464,74.125.200.0-255,1484,164246,34,168632
31842,0.007645,74.125.200.0-255,4320,168566,34,168632
31843,0.007652,172.31.33.0-255,66,168632,34,168632
31844,0.0,74.125.24.0-255,153,153,34,189317
31845,2.8e-05,172.31.33.0-255,66,219,34,189317
31846,3.5e-05,74.125.24.0-255,1484,1703,34,189317
31847,3.9e-05,172.31.33.0-255,66,1769,34,189317
31848,4.4e-05,74.125.24.0-255,2902,4671,34,189317
31849,4.7e-05,172.31.33.0-255,66,4737,34,189317
31850,6.1e-05,74.125.24.0-255,7156,11893,34,189317
31851,6.4e-05,172.31.33.0-255,66,11959,34,189317
31852,6.8e-05,74.125.24.0-255,2035,13994,34,189317
31853,7e-05,172.31.33.0-255,66,14060,34,189317
31854,7.5e-05,74.125.24.0-255,1484,15544,34,189317
31855,7.6e-05,172.31.33.0-255,66,15610,34,189317
31856,0.000124,172.31.33.0-255,66,15676,34,189317
31857,0.000134,172.31.33.0-255,66,15742,34,189317
31858,0.000194,172.31.33.0-255,66,15808,34,189317
31859,0.000199,74.125.24.0-255,3602,19410,34,189317
31860,0.000201,172.31.33.0-255,66,19476,34,189317
31861,0.000376,74.125.24.0-255,1484,20960,34,189317
31862,0.000381,172.31.33.0-255,66,21026,34,189317
31863,0.000389,74.125.24.0-255,2902,23928,34,189317
31864,0.000393,172.31.33.0-255,66,23994,34,189317
31865,0.000404,74.125.24.0-255,5738,29732,34,189317
31866,0.000406,172.31.33.0-255,66,29798,34,189317
31867,0.00041,74.125.24.0-255,2902,32700,34,189317
31868,0.000412,172.31.33.0-255,66,32766,34,189317
31869,0.000437,74.125.24.0-255,2902,35668,34,189317
31870,0.000445,172.31.33.0-255,66,35734,34,189317
31871,0.000461,74.125.24.0-255,1426,37160,34,189317
31872,0.000465,172.31.33.0-255,66,37226,34,189317
31873,0.001183,74.125.24.0-255,129,37355,34,189317
31874,0.001451,74.125.24.0-255,1484,38839,34,189317
31875,0.001458,172.31.33.0-255,66,38905,34,189317
31876,0.001464,74.125.24.0-255,2902,41807,34,189317
31877,0.001466,172.31.33.0-255,66,41873,34,189317
31878,0.001478,74.125.24.0-255,5738,47611,34,189317
31879,0.00148,172.31.33.0-255,66,47677,34,189317
31880,0.001486,74.125.24.0-255,5738,53415,34,189317
31881,0.001488,172.31.33.0-255,66,53481,34,189317
31882,0.001521,74.125.24.0-255,7156,60637,34,189317
31883,0.001523,172.31.33.0-255,66,60703,34,189317
31884,0.001548,74.125.24.0-255,5738,66441,34,189317
31885,0.00155,172.31.33.0-255,66,66507,34,189317
31886,0.001578,74.125.24.0-255,5020,71527,34,189317
31887,0.00158,172.31.33.0-255,66,71593,34,189317
31888,0.001895,74.125.24.0-255,1484,73077,34,189317
31889,0.001908,74.125.24.0-255,2902,75979,34,189317
31890,0.00191,172.31.33.0-255,66,76045,34,189317
31891,0.001942,74.125.24.0-255,5738,81783,34,189317
31892,0.001944,172.31.33.0-255,66,81849,34,189317
31893,0.00195,74.125.24.0-255,7156,89005,34,189317
31894,0.001953,172.31.33.0-255,66,89071,34,189317
31895,0.002001,172.31.33.0-255,66,89137,34,189317
31896,0.002005,74.125.24.0-255,2184,91321,34,189317
31897,0.002007,172.31.33.0-255,66,91387,34,189317
31898,0.002111,74.125.24.0-255,1484,92871,34,189317
31899,0.002114,74.125.24.0-255,1484,94355,34,189317
31900,0.002116,172.31.33.0-255,66,94421,34,189317
31901,0.002131,74.125.24.0-255,1484,95905,34,189317
31902,0.002135,74.125.24.0-255,2902,98807,34,189317
31903,0.002137,172.31.33.0-255,66,98873,34,189317
31904,0.002165,74.125.24.0-255,4320,103193,34,189317
31905,0.002167,172.31.33.0-255,66,103259,34,189317
31906,0.002198,172.31.33.0-255,66,103325,34,189317
31907,0.002201,74.125.24.0-255,1484,104809,34,189317
31908,0.00223,172.31.33.0-255,66,104875,34,189317
31909,0.002252,74.125.24.0-255,1484,106359,34,189317
31910,0.002274,172.31.33.0-255,66,106425,34,189317
31911,0.002301,74.125.24.0-255,5020,111445,34,189317
31912,0.002304,172.31.33.0-255,66,111511,34,189317
31913,0.002315,172.31.33.0-255,66,111577,34,189317
31914,0.002323,74.125.24.0-255,3602,115179,34,189317
31915,0.002326,172.31.33.0-255,66,115245,34,189317
31916,0.002532,74.125.24.0-255,1484,116729,34,189317
31917,0.002553,74.125.24.0-255,2902,119631,34,189317
31918,0.002555,172.31.33.0-255,66,119697,34,189317
31919,0.002558,74.125.24.0-255,1484,121181,34,189317
31920,0.002581,74.125.24.0-255,2902,124083,34,189317
31921,0.002583,172.31.33.0-255,66,124149,34,189317
31922,0.002587,74.125.24.0-255,2902,127051,34,189317
31923,0.002589,172.31.33.0-255,66,127117,34,189317
31924,0.002628,74.125.24.0-255,5738,132855,34,189317
31925,0.002631,172.31.33.0-255,66,132921,34,189317
31926,0.002635,74.125.24.0-255,4320,137241,34,189317
31927,0.002637,172.31.33.0-255,66,137307,34,189317
31928,0.002716,172.31.33.0-255,66,137373,34,189317
31929,0.002872,74.125.24.0-255,1484,138857,34,189317
31930,0.002876,74.125.24.0-255,1484,140341,34,189317
31931,0.002878,172.31.33.0-255,66,140407,34,189317
31932,0.0029,74.125.24.0-255,1484,141891,34,189317
31933,0.002907,74.125.24.0-255,5738,147629,34,189317
31934,0.002909,172.31.33.0-255,66,147695,34,189317
31935,0.002913,74.125.24.0-255,2902,150597,34,189317
31936,0.002914,172.31.33.0-255,66,150663,34,189317
31937,0.002966,172.31.33.0-255,66,150729,34,189317
31938,0.002969,74.125.24.0-255,1484,152213,34,189317
31939,0.003011,172.31.33.0-255,66,152279,34,189317
31940,0.003025,172.31.33.0-255,66,152345,34,189317
31941,0.003056,74.125.24.0-255,4320,156665,34,189317
31942,0.00306,172.31.33.0-255,66,156731,34,189317
31943,0.003064,74.125.24.0-255,2902,159633,34,189317
31944,0.003067,172.31.33.0-255,66,159699,34,189317
31945,0.003106,172.31.33.0-255,66,159765,34,189317
31946,0.003112,74.125.24.0-255,5738,165503,34,189317
31947,0.003115,172.31.33.0-255,66,165569,34,189317
31948,0.003143,74.125.24.0-255,5738,171307,34,189317
31949,0.003147,172.31.33.0-255,66,171373,34,189317
31950,0.003166,172.31.33.0-255,66,171439,34,189317
31951,0.003169,74.125.24.0-255,1484,172923,34,189317
31952,0.003192,74.125.24.0-255,7156,180079,34,189317
31953,0.003195,172.31.33.0-255,66,180145,34,189317
31954,0.003235,172.31.33.0-255,66,180211,34,189317
31955,0.00324,74.125.24.0-255,4320,184531,34,189317
31956,0.003243,172.31.33.0-255,66,184597,34,189317
31957,0.003282,172.31.33.0-255,66,184663,34,189317
31958,0.003306,172.31.33.0-255,66,184729,34,189317
31959,0.003318,172.31.33.0-255,66,184795,34,189317
31960,0.003321,74.125.24.0-255,1484,186279,34,189317
31961,0.003352,74.125.24.0-255,2867,189146,34,189317
31962,0.003356,172.31.33.0-255,66,189212,34,189317
31963,0.003359,74.125.24.0-255,105,189317,34,189317
31964,0.0,172.217.194.0-255,219,219,34,164396
31965,1.6e-05,172.31.33.0-255,66,285,34,164396
31966,2.2e-05,172.217.194.0-255,1484,1769,34,164396
31967,2.6e-05,172.31.33.0-255,66,1835,34,164396
31968,3.1e-05,172.217.194.0-255,4320,6155,34,164396
31969,3.4e-05,172.31.33.0-255,66,6221,34,164396
31970,4.5e-05,172.217.194.0-255,4320,10541,34,164396
31971,4.8e-05,172.31.33.0-255,66,10607,34,164396
31972,7.1e-05,172.31.33.0-255,66,10673,34,164396
31973,9.9e-05,172.217.194.0-255,1775,12448,34,164396
31974,0.000101,172.31.33.0-255,66,12514,34,164396
31975,0.000116,172.31.33.0-255,66,12580,34,164396
31976,0.000139,172.217.194.0-255,1484,14064,34,164396
31977,0.000141,172.31.33.0-255,66,14130,34,164396
31978,0.000165,172.217.194.0-255,2902,17032,34,164396
31979,0.000167,172.31.33.0-255,66,17098,34,164396
31980,0.000172,172.217.194.0-255,5738,22836,34,164396
31981,0.000174,172.31.33.0-255,66,22902,34,164396
31982,0.000199,172.217.194.0-255,6797,29699,34,164396
31983,0.000201,172.31.33.0-255,66,29765,34,164396
31984,0.000205,172.217.194.0-255,2902,32667,34,164396
31985,0.000208,172.31.33.0-255,66,32733,34,164396
31986,0.000244,172.31.33.0-255,66,32799,34,164396
31987,0.000247,172.217.194.0-255,2834,35633,34,164396
31988,0.000249,172.31.33.0-255,66,35699,34,164396
31989,0.000619,172.217.194.0-255,98,35797,34,164396
31990,0.000625,172.31.33.0-255,66,35863,34,164396
31991,0.000637,172.217.194.0-255,364,36227,34,164396
31992,0.000643,172.31.33.0-255,66,36293,34,164396
31993,0.001025,172.217.194.0-255,1484,37777,34,164396
31994,0.001033,172.217.194.0-255,2902,40679,34,164396
31995,0.001036,172.31.33.0-255,66,40745,34,164396
31996,0.001043,172.217.194.0-255,5738,46483,34,164396
31997,0.001102,172.217.194.0-255,1484,47967,34,164396
31998,0.001515,172.217.194.0-255,1484,49451,34,164396
31999,0.001522,172.217.194.0-255,2902,52353,34,164396
32000,0.001542,172.217.194.0-255,1484,53837,34,164396
32001,0.001561,172.217.194.0-255,4320,58157,34,164396
32002,0.001642,172.217.194.0-255,5020,63177,34,164396
32003,0.001666,172.217.194.0-255,5738,68915,34,164396
32004,0.001671,172.217.194.0-255,4320,73235,34,164396
32005,0.001706,172.31.33.0-255,66,73301,34,164396
32006,0.001722,172.217.194.0-255,6438,79739,34,164396
32007,0.001728,172.31.33.0-255,66,79805,34,164396
32008,0.001745,172.217.194.0-255,4320,84125,34,164396
32009,0.001757,172.217.194.0-255,1484,85609,34,164396
32010,0.00176,172.217.194.0-255,1484,87093,34,164396
32011,0.001786,172.217.194.0-255,5738,92831,34,164396
32012,0.001798,172.217.194.0-255,1484,94315,34,164396
32013,0.001802,172.31.33.0-255,66,94381,34,164396
32014,0.001814,172.217.194.0-255,5020,99401,34,164396
32015,0.001828,172.217.194.0-255,1484,100885,34,164396
32016,0.001833,172.31.33.0-255,66,100951,34,164396
32017,0.00186,172.217.194.0-255,1484,102435,34,164396
32018,0.00187,172.31.33.0-255,66,102501,34,164396
32019,0.001918,172.31.33.0-255,66,102567,34,164396
32020,0.001943,172.217.194.0-255,1484,104051,34,164396
32021,0.001947,172.217.194.0-255,2902,106953,34,164396
32022,0.00195,172.217.194.0-255,1484,108437,34,164396
32023,0.001954,172.31.33.0-255,66,108503,34,164396
32024,0.001965,172.217.194.0-255,4320,112823,34,164396
32025,0.001975,172.217.194.0-255,7156,119979,34,164396
32026,0.002015,172.31.33.0-255,66,120045,34,164396
32027,0.002043,172.217.194.0-255,2184,122229,34,164396
32028,0.002048,172.31.33.0-255,66,122295,34,164396
32029,0.002089,172.217.194.0-255,1484,123779,34,164396
32030,0.002092,172.217.194.0-255,1484,125263,34,164396
32031,0.002097,172.31.33.0-255,66,125329,34,164396
32032,0.002107,172.217.194.0-255,1484,126813,34,164396
32033,0.002123,172.217.194.0-255,5738,132551,34,164396
32034,0.002125,172.217.194.0-255,1484,134035,34,164396
32035,0.002149,172.217.194.0-255,7156,141191,34,164396
32036,0.002155,172.31.33.0-255,66,141257,34,164396
32037,0.002168,172.217.194.0-255,5738,146995,34,164396
32038,0.002183,172.31.33.0-255,66,147061,34,164396
32039,0.002219,172.31.33.0-255,66,147127,34,164396
32040,0.002247,172.217.194.0-255,4320,151447,34,164396
32041,0.002253,172.31.33.0-255,66,151513,34,164396
32042,0.002304,172.217.194.0-255,5738,157251,34,164396
32043,0.002313,172.31.33.0-255,66,157317,34,164396
32044,0.002343,172.31.33.0-255,66,157383,34,164396
32045,0.002372,172.217.194.0-255,5020,162403,34,164396
32046,0.002375,172.217.194.0-255,1484,163887,34,164396
32047,0.002403,172.31.33.0-255,66,163953,34,164396
32048,0.004294,172.31.33.0-255,101,164054,34,164396
32049,0.004684,172.217.194.0-255,105,164159,34,164396
32050,0.004739,172.31.33.0-255,105,164264,34,164396
32051,0.006589,172.217.194.0-255,66,164330,34,164396
32052,0.007005,172.217.194.0-255,66,164396,34,164396
32053,0.0,74.125.24.0-255,219,219,34,210950
32054,1.8e-05,172.31.33.0-255,66,285,34,210950
32055,2.4e-05,74.125.24.0-255,1484,1769,34,210950
32056,2.7e-05,172.31.33.0-255,66,1835,34,210950
32057,3.3e-05,74.125.24.0-255,4320,6155,34,210950
32058,3.6e-05,172.31.33.0-255,66,6221,34,210950
32059,6.9e-05,172.31.33.0-255,66,6287,34,210950
32060,7.4e-05,74.125.24.0-255,4320,10607,34,210950
32061,7.6e-05,172.31.33.0-255,66,10673,34,210950
32062,0.000129,74.125.24.0-255,2902,13575,34,210950
32063,0.000132,172.31.33.0-255,66,13641,34,210950
32064,0.000152,172.31.33.0-255,66,13707,34,210950
32065,0.000199,74.125.24.0-255,1484,15191,34,210950
32066,0.000201,172.31.33.0-255,66,15257,34,210950
32067,0.000206,74.125.24.0-255,2902,18159,34,210950
32068,0.000208,172.31.33.0-255,66,18225,34,210950
32069,0.000219,74.125.24.0-255,1484,19709,34,210950
32070,0.00022,172.31.33.0-255,66,19775,34,210950
32071,0.000242,74.125.24.0-255,4320,24095,34,210950
32072,0.000244,172.31.33.0-255,66,24161,34,210950
32073,0.000247,74.125.24.0-255,1484,25645,34,210950
32074,0.000248,172.31.33.0-255,66,25711,34,210950
32075,0.000254,74.125.24.0-255,4320,30031,34,210950
32076,0.000255,172.31.33.0-255,66,30097,34,210950
32077,0.000282,74.125.24.0-255,5379,35476,34,210950
32078,0.000284,172.31.33.0-255,66,35542,34,210950
32079,0.000289,74.125.24.0-255,5738,41280,34,210950
32080,0.000291,172.31.33.0-255,66,41346,34,210950
32081,0.000305,74.125.24.0-255,4320,45666,34,210950
32082,0.000307,172.31.33.0-255,66,45732,34,210950
32083,0.000329,74.125.24.0-255,2883,48615,34,210950
32084,0.000332,172.31.33.0-255,66,48681,34,210950
32085,0.000355,74.125.24.0-255,346,49027,34,210950
32086,0.000578,74.125.24.0-255,1484,50511,34,210950
32087,0.000582,172.31.33.0-255,66,50577,34,210950
32088,0.000599,74.125.24.0-255,2902,53479,34,210950
32089,0.000601,172.31.33.0-255,66,53545,34,210950
32090,0.000606,74.125.24.0-255,4320,57865,34,210950
32091,0.000608,172.31.33.0-255,66,57931,34,210950
32092,0.000628,74.125.24.0-255,1484,59415,34,210950
32093,0.000634,74.125.24.0-255,4320,63735,34,210950
32094,0.000636,172.31.33.0-255,66,63801,34,210950
32095,0.00067,172.31.33.0-255,66,63867,34,210950
32096,0.000681,172.31.33.0-255,66,63933,34,210950
32097,0.000796,74.125.24.0-255,1484,65417,34,210950
32098,0.000816,74.125.24.0-255,2902,68319,34,210950
32099,0.000819,172.31.33.0-255,66,68385,34,210950
32100,0.000824,74.125.24.0-255,2902,71287,34,210950
32101,0.000826,172.31.33.0-255,66,71353,34,210950
32102,0.00084,74.125.24.0-255,2902,74255,34,210950
32103,0.000842,172.31.33.0-255,66,74321,34,210950
32104,0.000845,74.125.24.0-255,1484,75805,34,210950
32105,0.00088,172.31.33.0-255,66,75871,34,210950
32106,0.000931,74.125.24.0-255,7156,83027,34,210950
32107,0.000933,172.31.33.0-255,66,83093,34,210950
32108,0.000953,74.125.24.0-255,3053,86146,34,210950
32109,0.000955,172.31.33.0-255,66,86212,34,210950
32110,0.000966,172.31.33.0-255,66,86278,34,210950
32111,0.00097,74.125.24.0-255,2902,89180,34,210950
32112,0.000972,172.31.33.0-255,66,89246,34,210950
32113,0.001001,172.31.33.0-255,66,89312,34,210950
32114,0.001015,74.125.24.0-255,3602,92914,34,210950
32115,0.001017,172.31.33.0-255,66,92980,34,210950
32116,0.001049,74.125.24.0-255,4320,97300,34,210950
32117,0.001052,172.31.33.0-255,66,97366,34,210950
32118,0.001059,74.125.24.0-255,7156,104522,34,210950
32119,0.001061,172.31.33.0-255,66,104588,34,210950
32120,0.001075,74.125.24.0-255,2902,107490,34,210950
32121,0.001078,172.31.33.0-255,66,107556,34,210950
32122,0.00108,74.125.24.0-255,1484,109040,34,210950
32123,0.001113,74.125.24.0-255,4320,113360,34,210950
32124,0.001116,172.31.33.0-255,66,113426,34,210950
32125,0.001133,172.31.33.0-255,66,113492,34,210950
32126,0.00115,74.125.24.0-255,5020,118512,34,210950
32127,0.001153,172.31.33.0-255,66,118578,34,210950
32128,0.001167,74.125.24.0-255,2902,121480,34,210950
32129,0.001169,172.31.33.0-255,66,121546,34,210950
32130,0.001196,172.31.33.0-255,66,121612,34,210950
32131,0.001213,74.125.24.0-255,5738,127350,34,210950
32132,0.001216,172.31.33.0-255,66,127416,34,210950
32133,0.001236,172.31.33.0-255,66,127482,34,210950
32134,0.001241,74.125.24.0-255,5738,133220,34,210950
32135,0.001243,172.31.33.0-255,66,133286,34,210950
32136,0.001295,172.31.33.0-255,66,133352,34,210950
32137,0.001298,172.31.33.0-255,66,133418,34,210950
32138,0.001307,74.125.24.0-255,5020,138438,34,210950
32139,0.00131,172.31.33.0-255,66,138504,34,210950
32140,0.001409,74.125.24.0-255,1484,139988,34,210950
32141,0.00143,74.125.24.0-255,2902,142890,34,210950
32142,0.001433,172.31.33.0-255,66,142956,34,210950
32143,0.00144,74.125.24.0-255,5738,148694,34,210950
32144,0.001441,172.31.33.0-255,66,148760,34,210950
32145,0.001464,74.125.24.0-255,2902,151662,34,210950
32146,0.001467,172.31.33.0-255,66,151728,34,210950
32147,0.001493,172.31.33.0-255,66,151794,34,210950
32148,0.001497,74.125.24.0-255,4320,156114,34,210950
32149,0.0015,172.31.33.0-255,66,156180,34,210950
32150,0.001523,74.125.24.0-255,6438,162618,34,210950
32151,0.001525,172.31.33.0-255,66,162684,34,210950
32152,0.001557,74.125.24.0-255,7156,169840,34,210950
32153,0.00156,172.31.33.0-255,66,169906,34,210950
32154,0.001592,74.125.24.0-255,2902,172808,34,210950
32155,0.001594,172.31.33.0-255,66,172874,34,210950
32156,0.001611,74.125.24.0-255,4320,177194,34,210950
32157,0.001613,172.31.33.0-255,66,177260,34,210950
32158,0.001626,172.31.33.0-255,66,177326,34,210950
32159,0.001631,74.125.24.0-255,3602,180928,34,210950
32160,0.001633,172.31.33.0-255,66,180994,34,210950
32161,0.001658,74.125.24.0-255,4320,185314,34,210950
32162,0.001661,172.31.33.0-255,66,185380,34,210950
32163,0.001689,172.31.33.0-255,66,185446,34,210950
32164,0.001692,74.125.24.0-255,1484,186930,34,210950
32165,0.001731,172.31.33.0-255,66,186996,34,210950
32166,0.001736,74.125.24.0-255,6438,193434,34,210950
32167,0.001738,172.31.33.0-255,66,193500,34,210950
32168,0.001743,74.125.24.0-255,4320,197820,34,210950
32169,0.001745,172.31.33.0-255,66,197886,34,210950
32170,0.001764,74.125.24.0-255,2902,200788,34,210950
32171,0.001766,172.31.33.0-255,66,200854,34,210950
32172,0.001778,74.125.24.0-255,2902,203756,34,210950
32173,0.00178,172.31.33.0-255,66,203822,34,210950
32174,0.001806,172.31.33.0-255,66,203888,34,210950
32175,0.001824,74.125.24.0-255,1484,205372,34,210950
32176,0.001827,74.125.24.0-255,1484,206856,34,210950
32177,0.001829,172.31.33.0-255,66,206922,34,210950
32178,0.001834,74.125.24.0-255,3620,210542,34,210950
32179,0.001836,172.31.33.0-255,66,210608,34,210950
32180,0.001888,74.125.24.0-255,105,210713,34,210950
32181,0.003695,172.31.33.0-255,66,210779,34,210950
32182,0.003727,172.31.33.0-255,105,210884,34,210950
32183,0.005777,74.125.24.0-255,66,210950,34,210950
32184,0.0,74.125.200.0-255,142,142,34,306210
32185,2.6e-05,172.31.33.0-255,66,208,34,306210
32186,3.2e-05,74.125.200.0-255,1484,1692,34,306210
32187,3.7e-05,172.31.33.0-255,66,1758,34,306210
32188,4.2e-05,74.125.200.0-255,2902,4660,34,306210
32189,5.2e-05,172.31.33.0-255,66,4726,34,306210
32190,8.9e-05,74.125.200.0-255,7156,11882,34,306210
32191,9.4e-05,172.31.33.0-255,66,11948,34,306210
32192,9.9e-05,74.125.200.0-255,2048,13996,34,306210
32193,0.000101,172.31.33.0-255,66,14062,34,306210
32194,0.000105,74.125.200.0-255,2902,16964,34,306210
32195,0.000107,172.31.33.0-255,66,17030,34,306210
32196,0.000113,74.125.200.0-255,7156,24186,34,306210
32197,0.000117,172.31.33.0-255,66,24252,34,306210
32198,0.000122,74.125.200.0-255,4320,28572,34,306210
32199,0.000125,172.31.33.0-255,66,28638,34,306210
32200,0.000177,74.125.200.0-255,2543,31181,34,306210
32201,0.000183,172.31.33.0-255,66,31247,34,306210
32202,0.00021,74.125.200.0-255,2902,34149,34,306210
32203,0.000214,172.31.33.0-255,66,34215,34,306210
32204,0.000219,74.125.200.0-255,4320,38535,34,306210
32205,0.000221,172.31.33.0-255,66,38601,34,306210
32206,0.000244,74.125.200.0-255,2902,41503,34,306210
32207,0.000246,172.31.33.0-255,66,41569,34,306210
32208,0.000283,74.125.200.0-255,6797,48366,34,306210
32209,0.000287,172.31.33.0-255,66,48432,34,306210
32210,0.000505,74.125.200.0-255,1484,49916,34,306210
32211,0.000509,172.31.33.0-255,66,49982,34,306210
32212,0.000534,74.125.200.0-255,1484,51466,34,306210
32213,0.000538,172.31.33.0-255,66,51532,34,306210
32214,0.000544,74.125.200.0-255,2902,54434,34,306210
32215,0.000546,172.31.33.0-255,66,54500,34,306210
32216,0.000579,74.125.200.0-255,5738,60238,34,306210
32217,0.000583,172.31.33.0-255,66,60304,34,306210
32218,0.00059,74.125.200.0-255,5379,65683,34,306210
32219,0.000592,172.31.33.0-255,66,65749,34,306210
32220,0.00061,74.125.200.0-255,646,66395,34,306210
32221,0.000639,74.125.200.0-255,1484,67879,34,306210
32222,0.000642,172.31.33.0-255,66,67945,34,306210
32223,0.000675,74.125.200.0-255,4320,72265,34,306210
32224,0.000678,172.31.33.0-255,66,72331,34,306210
32225,0.000681,74.125.200.0-255,1484,73815,34,306210
32226,0.000686,74.125.200.0-255,2902,76717,34,306210
32227,0.000688,172.31.33.0-255,66,76783,34,306210
32228,0.000727,74.125.200.0-255,5738,82521,34,306210
32229,0.000731,172.31.33.0-255,66,82587,34,306210
32230,0.000734,74.125.200.0-255,1125,83712,34,306210
32231,0.000757,74.125.200.0-255,1484,85196,34,306210
32232,0.00076,172.31.33.0-255,66,85262,34,306210
32233,0.000766,74.125.200.0-255,4320,89582,34,306210
32234,0.000768,172.31.33.0-255,66,89648,34,306210
32235,0.000772,74.125.200.0-255,1484,91132,34,306210
32236,0.000797,74.125.200.0-255,4320,95452,34,306210
32237,0.000802,172.31.33.0-255,66,95518,34,306210
32238,0.000832,74.125.200.0-255,5379,100897,34,306210
32239,0.000836,172.31.33.0-255,66,100963,34,306210
32240,0.000927,74.125.200.0-255,1484,102447,34,306210
32241,0.00093,74.125.200.0-255,1484,103931,34,306210
32242,0.000933,172.31.33.0-255,66,103997,34,306210
32243,0.000964,74.125.200.0-255,1484,105481,34,306210
32244,0.000971,74.125.200.0-255,5738,111219,34,306210
32245,0.000975,172.31.33.0-255,66,111285,34,306210
32246,0.001007,172.31.33.0-255,66,111351,34,306210
32247,0.001032,74.125.200.0-255,2902,114253,34,306210
32248,0.001035,172.31.33.0-255,66,114319,34,306210
32249,0.001047,74.125.200.0-255,4320,118639,34,306210
32250,0.001049,172.31.33.0-255,66,118705,34,306210
32251,0.00107,74.125.200.0-255,3053,121758,34,306210
32252,0.001073,172.31.33.0-255,66,121824,34,306210
32253,0.001096,74.125.200.0-255,1484,123308,34,306210
32254,0.001099,74.125.200.0-255,1484,124792,34,306210
32255,0.001101,172.31.33.0-255,66,124858,34,306210
32256,0.001127,74.125.200.0-255,1484,126342,34,306210
32257,0.001132,74.125.200.0-255,5738,132080,34,306210
32258,0.001134,172.31.33.0-255,66,132146,34,306210
32259,0.001137,74.125.200.0-255,1484,133630,34,306210
32260,0.001141,74.125.200.0-255,2902,136532,34,306210
32261,0.001142,172.31.33.0-255,66,136598,34,306210
32262,0.001147,74.125.200.0-255,2902,139500,34,306210
32263,0.001148,172.31.33.0-255,66,139566,34,306210
32264,0.001176,74.125.200.0-255,2902,142468,34,306210
32265,0.001179,172.31.33.0-255,66,142534,34,306210
32266,0.001183,74.125.200.0-255,1484,144018,34,306210
32267,0.001217,172.31.33.0-255,66,144084,34,306210
32268,0.001232,74.125.200.0-255,2902,146986,34,306210
32269,0.001238,172.31.33.0-255,66,147052,34,306210
32270,0.001248,74.125.200.0-255,766,147818,34,306210
32271,0.001373,74.125.200.0-255,1484,149302,34,306210
32272,0.001376,172.31.33.0-255,66,149368,34,306210
32273,0.001381,74.125.200.0-255,2902,152270,34,306210
32274,0.001383,172.31.33.0-255,66,152336,34,306210
32275,0.001441,74.125.200.0-255,5738,158074,34,306210
32276,0.001444,172.31.33.0-255,66,158140,34,306210
32277,0.001456,172.31.33.0-255,66,158206,34,306210
32278,0.001461,74.125.200.0-255,5738,163944,34,306210
32279,0.001463,172.31.33.0-255,66,164010,34,306210
32280,0.001506,74.125.200.0-255,5020,169030,34,306210
32281,0.001509,172.31.33.0-255,66,169096,34,306210
32282,0.001751,74.125.200.0-255,1484,170580,34,306210
32283,0.001765,74.125.200.0-255,2902,173482,34,306210
32284,0.001769,172.31.33.0-255,66,173548,34,306210
32285,0.001796,74.125.200.0-255,5738,179286,34,306210
32286,0.001798,172.31.33.0-255,66,179352,34,306210
32287,0.001803,74.125.200.0-255,5738,185090,34,306210
32288,0.001805,172.31.33.0-255,66,185156,34,306210
32289,0.001833,74.125.200.0-255,7156,192312,34,306210
32290,0.001836,172.31.33.0-255,66,192378,34,306210
32291,0.001871,172.31.33.0-255,66,192444,34,306210
32292,0.002052,74.125.200.0-255,1484,193928,34,306210
32293,0.00206,74.125.200.0-255,2902,196830,34,306210
32294,0.002063,172.31.33.0-255,66,196896,34,306210
32295,0.002093,74.125.200.0-255,5738,202634,34,306210
32296,0.002096,172.31.33.0-255,66,202700,34,306210
32297,0.002106,74.125.200.0-255,7156,209856,34,306210
32298,0.002108,172.31.33.0-255,66,209922,34,306210
32299,0.002111,74.125.200.0-255,1484,211406,34,306210
32300,0.002145,74.125.200.0-255,7156,218562,34,306210
32301,0.002148,172.31.33.0-255,66,218628,34,306210
32302,0.002157,172.31.33.0-255,66,218694,34,306210
32303,0.002177,74.125.200.0-255,5738,224432,34,306210
32304,0.002179,172.31.33.0-255,66,224498,34,306210
32305,0.002204,74.125.200.0-255,2902,227400,34,306210
32306,0.002206,172.31.33.0-255,66,227466,34,306210
32307,0.002213,74.125.200.0-255,5738,233204,34,306210
32308,0.002214,172.31.33.0-255,66,233270,34,306210
32309,0.002255,74.125.200.0-255,2902,236172,34,306210
32310,0.002258,172.31.33.0-255,66,236238,34,306210
32311,0.002269,172.31.33.0-255,66,236304,34,306210
32312,0.002275,74.125.200.0-255,6438,242742,34,306210
32313,0.002279,172.31.33.0-255,66,242808,34,306210
32314,0.002287,74.125.200.0-255,1484,244292,34,306210
32315,0.002291,74.125.200.0-255,1484,245776,34,306210
32316,0.002293,172.31.33.0-255,66,245842,34,306210
32317,0.002315,74.125.200.0-255,2902,248744,34,306210
32318,0.002318,172.31.33.0-255,66,248810,34,306210
32319,0.002325,74.125.200.0-255,5738,254548,34,306210
32320,0.002328,172.31.33.0-255,66,254614,34,306210
32321,0.002368,172.31.33.0-255,66,254680,34,306210
32322,0.002373,74.125.200.0-255,4320,259000,34,306210
32323,0.002376,172.31.33.0-255,66,259066,34,306210
32324,0.002402,74.125.200.0-255,5738,264804,34,306210
32325,0.002406,172.31.33.0-255,66,264870,34,306210
32326,0.002411,74.125.200.0-255,3602,268472,34,306210
32327,0.002413,172.31.33.0-255,66,268538,34,306210
32328,0.002418,74.125.200.0-255,4320,272858,34,306210
32329,0.00242,172.31.33.0-255,66,272924,34,306210
32330,0.002423,74.125.200.0-255,1484,274408,34,306210
32331,0.002452,74.125.200.0-255,4320,278728,34,306210
32332,0.002457,172.31.33.0-255,66,278794,34,306210
32333,0.00246,74.125.200.0-255,1484,280278,34,306210
32334,0.002463,74.125.200.0-255,1484,281762,34,306210
32335,0.002465,172.31.33.0-255,66,281828,34,306210
32336,0.00247,74.125.200.0-255,2902,284730,34,306210
32337,0.002473,172.31.33.0-255,66,284796,34,306210
32338,0.002479,74.125.200.0-255,7156,291952,34,306210
32339,0.002483,74.125.200.0-255,1484,293436,34,306210
32340,0.002517,172.31.33.0-255,66,293502,34,306210
32341,0.002565,74.125.200.0-255,5738,299240,34,306210
32342,0.00257,172.31.33.0-255,66,299306,34,306210
32343,0.002573,74.125.200.0-255,1484,300790,34,306210
32344,0.002581,74.125.200.0-255,5020,305810,34,306210
32345,0.002585,172.31.33.0-255,66,305876,34,306210
32346,0.002601,172.31.33.0-255,66,305942,34,306210
32347,0.002625,172.31.33.0-255,66,306008,34,306210
32348,0.002628,74.125.200.0-255,97,306105,34,306210
32349,0.002666,74.125.200.0-255,105,306210,34,306210
32350,0.0,74.125.24.0-255,153,153,34,176190
32351,1.8e-05,172.31.33.0-255,66,219,34,176190
32352,4.2e-05,74.125.24.0-255,1484,1703,34,176190
32353,4.6e-05,172.31.33.0-255,66,1769,34,176190
32354,4.9e-05,74.125.24.0-255,1484,3253,34,176190
32355,5.2e-05,172.31.33.0-255,66,3319,34,176190
32356,6.7e-05,74.125.24.0-255,1484,4803,34,176190
32357,6.9e-05,172.31.33.0-255,66,4869,34,176190
32358,7.2e-05,74.125.24.0-255,1484,6353,34,176190
32359,7.4e-05,172.31.33.0-255,66,6419,34,176190
32360,0.0001,74.125.24.0-255,5738,12157,34,176190
32361,0.000103,172.31.33.0-255,66,12223,34,176190
32362,0.000117,74.125.24.0-255,4320,16543,34,176190
32363,0.000119,172.31.33.0-255,66,16609,34,176190
32364,0.000138,172.31.33.0-255,66,16675,34,176190
32365,0.000144,74.125.24.0-255,5738,22413,34,176190
32366,0.000147,172.31.33.0-255,66,22479,34,176190
32367,0.00017,74.125.24.0-255,1125,23604,34,176190
32368,0.000172,172.31.33.0-255,66,23670,34,176190
32369,0.00025,74.125.24.0-255,1484,25154,34,176190
32370,0.000253,172.31.33.0-255,66,25220,34,176190
32371,0.000257,74.125.24.0-255,2902,28122,34,176190
32372,0.000259,172.31.33.0-255,66,28188,34,176190
32373,0.000275,74.125.24.0-255,1484,29672,34,176190
32374,0.000278,172.31.33.0-255,66,29738,34,176190
32375,0.000294,74.125.24.0-255,4320,34058,34,176190
32376,0.000296,172.31.33.0-255,66,34124,34,176190
32377,0.000302,74.125.24.0-255,5738,39862,34,176190
32378,0.000304,172.31.33.0-255,66,39928,34,176190
32379,0.000322,74.125.24.0-255,1125,41053,34,176190
32380,0.000324,172.31.33.0-255,66,41119,34,176190
32381,0.000329,74.125.24.0-255,4320,45439,34,176190
32382,0.000331,172.31.33.0-255,66,45505,34,176190
32383,0.000351,172.31.33.0-255,66,45571,34,176190
32384,0.000354,74.125.24.0-255,2813,48384,34,176190
32385,0.000357,172.31.33.0-255,66,48450,34,176190
32386,0.001035,74.125.24.0-255,132,48582,34,176190
32387,0.001079,74.125.24.0-255,1484,50066,34,176190
32388,0.001082,172.31.33.0-255,66,50132,34,176190
32389,0.001098,74.125.24.0-255,2902,53034,34,176190
32390,0.0011,172.31.33.0-255,66,53100,34,176190
32391,0.001104,74.125.24.0-255,2902,56002,34,176190
32392,0.001106,172.31.33.0-255,66,56068,34,176190
32393,0.001131,74.125.24.0-255,2902,58970,34,176190
32394,0.001133,172.31.33.0-255,66,59036,34,176190
32395,0.001151,74.125.24.0-255,7156,66192,34,176190
32396,0.001153,172.31.33.0-255,66,66258,34,176190
32397,0.001164,172.31.33.0-255,66,66324,34,176190
32398,0.0012,74.125.24.0-255,6438,72762,34,176190
32399,0.001202,172.31.33.0-255,66,72828,34,176190
32400,0.001249,74.125.24.0-255,2902,75730,34,176190
32401,0.001251,172.31.33.0-255,66,75796,34,176190
32402,0.00127,74.125.24.0-255,2902,78698,34,176190
32403,0.001273,172.31.33.0-255,66,78764,34,176190
32404,0.001279,74.125.24.0-255,7156,85920,34,176190
32405,0.001281,172.31.33.0-255,66,85986,34,176190
32406,0.001285,74.125.24.0-255,2902,88888,34,176190
32407,0.001287,172.31.33.0-255,66,88954,34,176190
32408,0.001321,172.31.33.0-255,66,89020,34,176190
32409,0.001331,172.31.33.0-255,66,89086,34,176190
32410,0.001407,172.31.33.0-255,66,89152,34,176190
32411,0.001413,74.125.24.0-255,5020,94172,34,176190
32412,0.001415,172.31.33.0-255,66,94238,34,176190
32413,0.00154,74.125.24.0-255,1484,95722,34,176190
32414,0.001559,74.125.24.0-255,2902,98624,34,176190
32415,0.001561,172.31.33.0-255,66,98690,34,176190
32416,0.001592,74.125.24.0-255,2902,101592,34,176190
32417,0.001595,172.31.33.0-255,66,101658,34,176190
32418,0.001606,74.125.24.0-255,2902,104560,34,176190
32419,0.001609,172.31.33.0-255,66,104626,34,176190
32420,0.001615,74.125.24.0-255,4320,108946,34,176190
32421,0.001618,172.31.33.0-255,66,109012,34,176190
32422,0.001652,172.31.33.0-255,66,109078,34,176190
32423,0.001659,74.125.24.0-255,7156,116234,34,176190
32424,0.001662,172.31.33.0-255,66,116300,34,176190
32425,0.001679,74.125.24.0-255,1484,117784,34,176190
32426,0.001723,172.31.33.0-255,66,117850,34,176190
32427,0.001735,172.31.33.0-255,66,117916,34,176190
32428,0.001771,74.125.24.0-255,3602,121518,34,176190
32429,0.001774,172.31.33.0-255,66,121584,34,176190
32430,0.001791,74.125.24.0-255,1484,123068,34,176190
32431,0.001796,74.125.24.0-255,2902,125970,34,176190
32432,0.001798,172.31.33.0-255,66,126036,34,176190
32433,0.001804,74.125.24.0-255,5738,131774,34,176190
32434,0.001807,172.31.33.0-255,66,131840,34,176190
32435,0.001812,74.125.24.0-255,4320,136160,34,176190
32436,0.001814,172.31.33.0-255,66,136226,34,176190
32437,0.001857,172.31.33.0-255,66,136292,34,176190
32438,0.001868,172.31.33.0-255,66,136358,34,176190
32439,0.001872,74.125.24.0-255,2184,138542,34,176190
32440,0.001874,172.31.33.0-255,66,138608,34,176190
32441,0.001951,74.125.24.0-255,1484,140092,34,176190
32442,0.00197,74.125.24.0-255,2902,142994,34,176190
32443,0.001975,172.31.33.0-255,66,143060,34,176190
32444,0.001996,74.125.24.0-255,4320,147380,34,176190
32445,0.002,172.31.33.0-255,66,147446,34,176190
32446,0.002004,74.125.24.0-255,2902,150348,34,176190
32447,0.002006,172.31.33.0-255,66,150414,34,176190
32448,0.002024,74.125.24.0-255,5738,156152,34,176190
32449,0.002027,172.31.33.0-255,66,156218,34,176190
32450,0.002032,74.125.24.0-255,2902,159120,34,176190
32451,0.002037,172.31.33.0-255,66,159186,34,176190
32452,0.002087,172.31.33.0-255,66,159252,34,176190
32453,0.002095,74.125.24.0-255,7156,166408,34,176190
32454,0.002098,172.31.33.0-255,66,166474,34,176190
32455,0.00211,172.31.33.0-255,66,166540,34,176190
32456,0.002175,172.31.33.0-255,66,166606,34,176190
32457,0.002178,74.125.24.0-255,766,167372,34,176190
32458,0.002182,74.125.24.0-255,1484,168856,34,176190
32459,0.002184,172.31.33.0-255,66,168922,34,176190
32460,0.002222,172.31.33.0-255,66,168988,34,176190
32461,0.002233,172.31.33.0-255,66,169054,34,176190
32462,0.002276,172.31.33.0-255,66,169120,34,176190
32463,0.002291,74.125.24.0-255,6074,175194,34,176190
32464,0.002294,172.31.33.0-255,66,175260,34,176190
32465,0.002333,74.125.24.0-255,105,175365,34,176190
32466,0.002352,74.125.24.0-255,129,175494,34,176190
32467,0.00476,172.31.33.0-255,105,175599,34,176190
32468,0.004782,172.31.33.0-255,105,175704,34,176190
32469,0.005038,172.31.33.0-255,90,175794,34,176190
32470,0.005047,172.31.33.0-255,66,175860,34,176190
32471,0.007092,74.125.24.0-255,66,175926,34,176190
32472,0.007106,74.125.24.0-255,66,175992,34,176190
32473,0.007323,74.125.24.0-255,66,176058,34,176190
32474,0.007361,74.125.24.0-255,66,176124,34,176190
32475,0.007375,172.31.33.0-255,66,176190,34,176190
32476,0.0,172.31.33.0-255,105,105,34,276
32477,0.002045,157.240.7.0-255,105,210,34,276
32478,0.002059,172.31.33.0-255,66,276,34,276
32479,0.0,74.125.24.0-255,153,153,34,221169
32480,2e-05,172.31.33.0-255,66,219,34,221169
32481,2.7e-05,74.125.24.0-255,1484,1703,34,221169
32482,3.2e-05,172.31.33.0-255,66,1769,34,221169
32483,3.8e-05,74.125.24.0-255,2902,4671,34,221169
32484,4.1e-05,172.31.33.0-255,66,4737,34,221169
32485,5e-05,74.125.24.0-255,7156,11893,34,221169
32486,5.3e-05,172.31.33.0-255,66,11959,34,221169
32487,7.5e-05,74.125.24.0-255,7156,19115,34,221169
32488,7.7e-05,172.31.33.0-255,66,19181,34,221169
32489,0.0001,74.125.24.0-255,3567,22748,34,221169
32490,0.000102,172.31.33.0-255,66,22814,34,221169
32491,0.00012,74.125.24.0-255,5738,28552,34,221169
32492,0.000123,172.31.33.0-255,66,28618,34,221169
32493,0.000141,74.125.24.0-255,2543,31161,34,221169
32494,0.000143,172.31.33.0-255,66,31227,34,221169
32495,0.000351,74.125.24.0-255,1484,32711,34,221169
32496,0.000358,172.31.33.0-255,66,32777,34,221169
32497,0.000363,74.125.24.0-255,2902,35679,34,221169
32498,0.000365,172.31.33.0-255,66,35745,34,221169
32499,0.000393,74.125.24.0-255,5738,41483,34,221169
32500,0.000396,172.31.33.0-255,66,41549,34,221169
32501,0.000403,74.125.24.0-255,4320,45869,34,221169
32502,0.000405,172.31.33.0-255,66,45935,34,221169
32503,0.000442,172.31.33.0-255,66,46001,34,221169
32504,0.000454,172.31.33.0-255,66,46067,34,221169
32505,0.000456,74.125.24.0-255,1125,47192,34,221169
32506,0.000459,172.31.33.0-255,66,47258,34,221169
32507,0.000507,74.125.24.0-255,394,47652,34,221169
32508,0.00051,172.31.33.0-255,66,47718,34,221169
32509,0.000554,74.125.24.0-255,351,48069,34,221169
32510,0.000828,74.125.24.0-255,1484,49553,34,221169
32511,0.000834,74.125.24.0-255,2902,52455,34,221169
32512,0.000839,172.31.33.0-255,66,52521,34,221169
32513,0.00085,74.125.24.0-255,5738,58259,34,221169
32514,0.000855,172.31.33.0-255,66,58325,34,221169
32515,0.000897,74.125.24.0-255,7156,65481,34,221169
32516,0.000919,172.31.33.0-255,66,65547,34,221169
32517,0.00093,74.125.24.0-255,3602,69149,34,221169
32518,0.000939,172.31.33.0-255,66,69215,34,221169
32519,0.002269,74.125.24.0-255,1484,70699,34,221169
32520,0.002279,74.125.24.0-255,2902,73601,34,221169
32521,0.002285,172.31.33.0-255,66,73667,34,221169
32522,0.002293,74.125.24.0-255,4320,77987,34,221169
32523,0.002305,74.125.24.0-255,1484,79471,34,221169
32524,0.002309,74.125.24.0-255,1484,80955,34,221169
32525,0.002327,74.125.24.0-255,7156,88111,34,221169
32526,0.002342,74.125.24.0-255,4320,92431,34,221169
32527,0.003214,74.125.24.0-255,1484,93915,34,221169
32528,0.003246,74.125.24.0-255,2902,96817,34,221169
32529,0.003254,74.125.24.0-255,5738,102555,34,221169
32530,0.003314,74.125.24.0-255,1484,104039,34,221169
32531,0.003319,74.125.24.0-255,2902,106941,34,221169
32532,0.00334,74.125.24.0-255,5738,112679,34,221169
32533,0.003374,74.125.24.0-255,7156,119835,34,221169
32534,0.003417,74.125.24.0-255,3602,123437,34,221169
32535,0.003784,74.125.24.0-255,1484,124921,34,221169
32536,0.003799,74.125.24.0-255,2902,127823,34,221169
32537,0.003803,74.125.24.0-255,1484,129307,34,221169
32538,0.003822,74.125.24.0-255,4320,133627,34,221169
32539,0.003828,74.125.24.0-255,5738,139365,34,221169
32540,0.003845,74.125.24.0-255,2902,142267,34,221169
32541,0.003887,74.125.24.0-255,5020,147287,34,221169
32542,0.003954,74.125.24.0-255,1484,148771,34,221169
32543,0.003958,74.125.24.0-255,2902,151673,34,221169
32544,0.003974,74.125.24.0-255,5738,157411,34,221169
32545,0.004079,74.125.24.0-255,7156,164567,34,221169
32546,0.004095,74.125.24.0-255,5738,170305,34,221169
32547,0.004111,74.125.24.0-255,2902,173207,34,221169
32548,0.004115,74.125.24.0-255,2184,175391,34,221169
32549,0.004441,74.125.24.0-255,1484,176875,34,221169
32550,0.00446,74.125.24.0-255,2902,179777,34,221169
32551,0.004468,74.125.24.0-255,5738,185515,34,221169
32552,0.004494,74.125.24.0-255,1484,186999,34,221169
32553,0.004499,74.125.24.0-255,2902,189901,34,221169
32554,0.004505,74.125.24.0-255,5738,195639,34,221169
32555,0.004522,74.125.24.0-255,2902,198541,34,221169
32556,0.004565,74.125.24.0-255,766,199307,34,221169
32557,0.004605,74.125.24.0-255,1484,200791,34,221169
32558,0.004611,74.125.24.0-255,4320,205111,34,221169
32559,0.004638,74.125.24.0-255,7156,212267,34,221169
32560,0.004747,74.125.24.0-255,6438,218705,34,221169
32561,0.004767,74.125.24.0-255,2359,221064,34,221169
32562,0.004781,74.125.24.0-255,105,221169,34,221169
32563,0.0,172.217.194.0-255,152,152,34,156230
32564,1.7e-05,172.31.33.0-255,66,218,34,156230
32565,2.3e-05,172.217.194.0-255,1484,1702,34,156230
32566,2.7e-05,172.31.33.0-255,66,1768,34,156230
32567,3.2e-05,172.217.194.0-255,2902,4670,34,156230
32568,3.5e-05,172.31.33.0-255,66,4736,34,156230
32569,5.5e-05,172.217.194.0-255,5738,10474,34,156230
32570,5.8e-05,172.31.33.0-255,66,10540,34,156230
32571,7.4e-05,172.217.194.0-255,1484,12024,34,156230
32572,7.6e-05,172.31.33.0-255,66,12090,34,156230
32573,7.9e-05,172.217.194.0-255,1484,13574,34,156230
32574,8.1e-05,172.31.33.0-255,66,13640,34,156230
32575,0.000105,172.217.194.0-255,6237,19877,34,156230
32576,0.000107,172.31.33.0-255,66,19943,34,156230
32577,0.000113,172.217.194.0-255,4320,24263,34,156230
32578,0.000116,172.31.33.0-255,66,24329,34,156230
32579,0.000131,172.217.194.0-255,1484,25813,34,156230
32580,0.000133,172.31.33.0-255,66,25879,34,156230
32581,0.000173,172.31.33.0-255,66,25945,34,156230
32582,0.00018,172.217.194.0-255,6438,32383,34,156230
32583,0.000182,172.31.33.0-255,66,32449,34,156230
32584,0.0002,172.217.194.0-255,2902,35351,34,156230
32585,0.000202,172.31.33.0-255,66,35417,34,156230
32586,0.000236,172.31.33.0-255,66,35483,34,156230
32587,0.000282,172.217.194.0-255,4282,39765,34,156230
32588,0.000284,172.31.33.0-255,66,39831,34,156230
32589,0.000349,172.217.194.0-255,1484,41315,34,156230
32590,0.000352,172.31.33.0-255,66,41381,34,156230
32591,0.000357,172.217.194.0-255,2902,44283,34,156230
32592,0.000359,172.31.33.0-255,66,44349,34,156230
32593,0.000362,172.217.194.0-255,1484,45833,34,156230
32594,0.000387,172.217.194.0-255,4320,50153,34,156230
32595,0.00039,172.31.33.0-255,66,50219,34,156230
32596,0.000392,172.217.194.0-255,1484,51703,34,156230
32597,0.000416,172.31.33.0-255,66,51769,34,156230
32598,0.000446,172.31.33.0-255,66,51835,34,156230
32599,0.000582,172.217.194.0-255,1484,53319,34,156230
32600,0.000599,172.217.194.0-255,2902,56221,34,156230
32601,0.000603,172.31.33.0-255,66,56287,34,156230
32602,0.000609,172.217.194.0-255,5738,62025,34,156230
32603,0.000611,172.31.33.0-255,66,62091,34,156230
32604,0.000634,172.217.194.0-255,2902,64993,34,156230
32605,0.000637,172.31.33.0-255,66,65059,34,156230
32606,0.000661,172.31.33.0-255,66,65125,34,156230
32607,0.000665,172.217.194.0-255,4320,69445,34,156230
32608,0.000667,172.31.33.0-255,66,69511,34,156230
32609,0.000691,172.217.194.0-255,6438,75949,34,156230
32610,0.000693,172.31.33.0-255,66,76015,34,156230
32611,0.001133,172.217.194.0-255,1484,77499,34,156230
32612,0.001155,172.217.194.0-255,2902,80401,34,156230
32613,0.001158,172.31.33.0-255,66,80467,34,156230
32614,0.001164,172.217.194.0-255,5738,86205,34,156230
32615,0.001165,172.31.33.0-255,66,86271,34,156230
32616,0.001183,172.217.194.0-255,5738,92009,34,156230
32617,0.001185,172.31.33.0-255,66,92075,34,156230
32618,0.001192,172.217.194.0-255,7156,99231,34,156230
32619,0.001193,172.31.33.0-255,66,99297,34,156230
32620,0.001223,172.217.194.0-255,5738,105035,34,156230
32621,0.001225,172.31.33.0-255,66,105101,34,156230
32622,0.001241,172.217.194.0-255,5020,110121,34,156230
32623,0.001244,172.31.33.0-255,66,110187,34,156230
32624,0.00125,172.217.194.0-255,5738,115925,34,156230
32625,0.001252,172.31.33.0-255,66,115991,34,156230
32626,0.001258,172.217.194.0-255,7156,123147,34,156230
32627,0.00126,172.31.33.0-255,66,123213,34,156230
32628,0.001361,172.217.194.0-255,5738,128951,34,156230
32629,0.001365,172.31.33.0-255,66,129017,34,156230
32630,0.001375,172.31.33.0-255,66,129083,34,156230
32631,0.001392,172.31.33.0-255,66,129149,34,156230
32632,0.001408,172.31.33.0-255,66,129215,34,156230
32633,0.001878,172.217.194.0-255,1484,130699,34,156230
32634,0.001887,172.217.194.0-255,2902,133601,34,156230
32635,0.001892,172.31.33.0-255,66,133667,34,156230
32636,0.0019,172.217.194.0-255,5738,139405,34,156230
32637,0.001902,172.31.33.0-255,66,139471,34,156230
32638,0.001969,172.31.33.0-255,66,139537,34,156230
32639,0.001981,172.31.33.0-255,66,139603,34,156230
32640,0.001988,172.217.194.0-255,5738,145341,34,156230
32641,0.00199,172.31.33.0-255,66,145407,34,156230
32642,0.002026,172.31.33.0-255,66,145473,34,156230
32643,0.002039,172.217.194.0-255,4320,149793,34,156230
32644,0.002042,172.31.33.0-255,66,149859,34,156230
32645,0.002056,172.31.33.0-255,66,149925,34,156230
32646,0.00206,172.217.194.0-255,2902,152827,34,156230
32647,0.002062,172.31.33.0-255,66,152893,34,156230
32648,0.002117,172.31.33.0-255,66,152959,34,156230
32649,0.002144,172.31.33.0-255,66,153025,34,156230
32650,0.002157,172.31.33.0-255,66,153091,34,156230
32651,0.002162,172.217.194.0-255,2902,155993,34,156230
32652,0.002164,172.31.33.0-255,66,156059,34,156230
32653,0.002196,172.31.33.0-255,66,156125,34,156230
32654,0.002199,172.217.194.0-255,105,156230,34,156230
32655,0.0,172.217.194.0-255,146,146,34,246005
32656,1.2e-05,172.31.33.0-255,66,212,34,246005
32657,1.7e-05,172.217.194.0-255,1484,1696,34,246005
32658,2.1e-05,172.31.33.0-255,66,1762,34,246005
32659,2.6e-05,172.217.194.0-255,2902,4664,34,246005
32660,2.9e-05,172.31.33.0-255,66,4730,34,246005
32661,3.5e-05,172.217.194.0-255,4320,9050,34,246005
32662,4.9e-05,172.31.33.0-255,66,9116,34,246005
32663,7.5e-05,172.217.194.0-255,2902,12018,34,246005
32664,7.8e-05,172.31.33.0-255,66,12084,34,246005
32665,8.2e-05,172.217.194.0-255,2110,14194,34,246005
32666,8.4e-05,172.31.33.0-255,66,14260,34,246005
32667,0.000122,172.31.33.0-255,66,14326,34,246005
32668,0.000127,172.217.194.0-255,5379,19705,34,246005
32669,0.00013,172.31.33.0-255,66,19771,34,246005
32670,0.000156,172.217.194.0-255,5738,25509,34,246005
32671,0.000158,172.31.33.0-255,66,25575,34,246005
32672,0.000162,172.217.194.0-255,2902,28477,34,246005
32673,0.000164,172.31.33.0-255,66,28543,34,246005
32674,0.000186,172.217.194.0-255,4320,32863,34,246005
32675,0.000188,172.31.33.0-255,66,32929,34,246005
32676,0.000209,172.217.194.0-255,3961,36890,34,246005
32677,0.000211,172.31.33.0-255,66,36956,34,246005
32678,0.00032,172.217.194.0-255,1484,38440,34,246005
32679,0.000323,172.31.33.0-255,66,38506,34,246005
32680,0.000329,172.217.194.0-255,2902,41408,34,246005
32681,0.000331,172.31.33.0-255,66,41474,34,246005
32682,0.000336,172.217.194.0-255,5738,47212,34,246005
32683,0.000344,172.31.33.0-255,66,47278,34,246005
32684,0.000348,172.217.194.0-255,2902,50180,34,246005
32685,0.00035,172.31.33.0-255,66,50246,34,246005
32686,0.00037,172.217.194.0-255,2902,53148,34,246005
32687,0.000373,172.31.33.0-255,66,53214,34,246005
32688,0.000383,172.217.194.0-255,1125,54339,34,246005
32689,0.000465,172.217.194.0-255,382,54721,34,246005
32690,0.000536,172.217.194.0-255,1484,56205,34,246005
32691,0.00054,172.31.33.0-255,66,56271,34,246005
32692,0.000545,172.217.194.0-255,2902,59173,34,246005
32693,0.000547,172.31.33.0-255,66,59239,34,246005
32694,0.000575,172.217.194.0-255,5738,64977,34,246005
32695,0.000578,172.31.33.0-255,66,65043,34,246005
32696,0.000604,172.217.194.0-255,6797,71840,34,246005
32697,0.000606,172.31.33.0-255,66,71906,34,246005
32698,0.000643,172.217.194.0-255,7156,79062,34,246005
32699,0.000647,172.31.33.0-255,66,79128,34,246005
32700,0.000655,172.217.194.0-255,2902,82030,34,246005
32701,0.000657,172.31.33.0-255,66,82096,34,246005
32702,0.000678,172.217.194.0-255,6797,88893,34,246005
32703,0.000684,172.31.33.0-255,66,88959,34,246005
32704,0.000747,172.217.194.0-255,1484,90443,34,246005
32705,0.00075,172.217.194.0-255,1484,91927,34,246005
32706,0.000753,172.31.33.0-255,66,91993,34,246005
32707,0.000763,172.217.194.0-255,1484,93477,34,246005
32708,0.000766,172.217.194.0-255,2902,96379,34,246005
32709,0.000768,172.31.33.0-255,66,96445,34,246005
32710,0.000791,172.217.194.0-255,2902,99347,34,246005
32711,0.000793,172.31.33.0-255,66,99413,34,246005
32712,0.000811,172.217.194.0-255,6512,105925,34,246005
32713,0.000819,172.31.33.0-255,66,105991,34,246005
32714,0.000891,172.217.194.0-255,1484,107475,34,246005
32715,0.000905,172.217.194.0-255,2902,110377,34,246005
32716,0.000908,172.31.33.0-255,66,110443,34,246005
32717,0.000962,172.217.194.0-255,5738,116181,34,246005
32718,0.000965,172.31.33.0-255,66,116247,34,246005
32719,0.00098,172.31.33.0-255,66,116313,34,246005
32720,0.000984,172.217.194.0-255,4320,120633,34,246005
32721,0.000986,172.31.33.0-255,66,120699,34,246005
32722,0.001013,172.217.194.0-255,4320,125019,34,246005
32723,0.001016,172.31.33.0-255,66,125085,34,246005
32724,0.001037,172.217.194.0-255,2184,127269,34,246005
32725,0.001039,172.31.33.0-255,66,127335,34,246005
32726,0.001048,172.217.194.0-255,7156,134491,34,246005
32727,0.00105,172.31.33.0-255,66,134557,34,246005
32728,0.001064,172.217.194.0-255,2902,137459,34,246005
32729,0.001067,172.31.33.0-255,66,137525,34,246005
32730,0.0011,172.31.33.0-255,66,137591,34,246005
32731,0.001112,172.31.33.0-255,66,137657,34,246005
32732,0.001117,172.217.194.0-255,5738,143395,34,246005
32733,0.001119,172.31.33.0-255,66,143461,34,246005
32734,0.00115,172.217.194.0-255,6438,149899,34,246005
32735,0.001153,172.31.33.0-255,66,149965,34,246005
32736,0.001318,172.217.194.0-255,1484,151449,34,246005
32737,0.001333,172.217.194.0-255,2902,154351,34,246005
32738,0.001336,172.31.33.0-255,66,154417,34,246005
32739,0.001342,172.217.194.0-255,5738,160155,34,246005
32740,0.001343,172.31.33.0-255,66,160221,34,246005
32741,0.00136,172.217.194.0-255,5738,165959,34,246005
32742,0.001362,172.31.33.0-255,66,166025,34,246005
32743,0.001397,172.217.194.0-255,7156,173181,34,246005
32744,0.001399,172.31.33.0-255,66,173247,34,246005
32745,0.001408,172.31.33.0-255,66,173313,34,246005
32746,0.00142,172.217.194.0-255,2184,175497,34,246005
32747,0.001424,172.31.33.0-255,66,175563,34,246005
32748,0.001641,172.217.194.0-255,1484,177047,34,246005
32749,0.001655,172.217.194.0-255,2902,179949,34,246005
32750,0.001659,172.31.33.0-255,66,180015,34,246005
32751,0.001683,172.217.194.0-255,5738,185753,34,246005
32752,0.001685,172.31.33.0-255,66,185819,34,246005
32753,0.001688,172.217.194.0-255,1484,187303,34,246005
32754,0.001692,172.217.194.0-255,4320,191623,34,246005
32755,0.001694,172.31.33.0-255,66,191689,34,246005
32756,0.001728,172.31.33.0-255,66,191755,34,246005
32757,0.001734,172.217.194.0-255,5738,197493,34,246005
32758,0.001736,172.31.33.0-255,66,197559,34,246005
32759,0.001772,172.217.194.0-255,3602,201161,34,246005
32760,0.001775,172.31.33.0-255,66,201227,34,246005
32761,0.001833,172.217.194.0-255,1484,202711,34,246005
32762,0.001837,172.217.194.0-255,1484,204195,34,246005
32763,0.00184,172.31.33.0-255,66,204261,34,246005
32764,0.001868,172.217.194.0-255,1484,205745,34,246005
32765,0.001873,172.217.194.0-255,5738,211483,34,246005
32766,0.001876,172.31.33.0-255,66,211549,34,246005
32767,0.001887,172.31.33.0-255,66,211615,34,246005
32768,0.001913,172.217.194.0-255,1484,213099,34,246005
32769,0.001916,172.217.194.0-255,1484,214583,34,246005
32770,0.001918,172.31.33.0-255,66,214649,34,246005
32771,0.00193,172.217.194.0-255,4320,218969,34,246005
32772,0.001933,172.31.33.0-255,66,219035,34,246005
32773,0.00196,172.217.194.0-255,5020,224055,34,246005
32774,0.001963,172.31.33.0-255,66,224121,34,246005
32775,0.002009,172.217.194.0-255,1484,225605,34,246005
32776,0.002013,172.217.194.0-255,2902,228507,34,246005
32777,0.002015,172.31.33.0-255,66,228573,34,246005
32778,0.00202,172.217.194.0-255,5738,234311,34,246005
32779,0.002022,172.31.33.0-255,66,234377,34,246005
32780,0.002033,172.31.33.0-255,66,234443,34,246005
32781,0.002054,172.217.194.0-255,1484,235927,34,246005
32782,0.002069,172.31.33.0-255,66,235993,34,246005
32783,0.002094,172.217.194.0-255,4320,240313,34,246005
32784,0.002096,172.31.33.0-255,66,240379,34,246005
32785,0.002131,172.31.33.0-255,66,240445,34,246005
32786,0.002148,172.31.33.0-255,66,240511,34,246005
32787,0.00218,172.217.194.0-255,5020,245531,34,246005
32788,0.002184,172.31.33.0-255,66,245597,34,246005
32789,0.002198,172.31.33.0-255,66,245663,34,246005
32790,0.002213,172.31.33.0-255,66,245729,34,246005
32791,0.002215,172.217.194.0-255,105,245834,34,246005
32792,0.007851,172.31.33.0-255,66,245900,34,246005
32793,0.007897,172.31.33.0-255,105,246005,34,246005
32794,0.0,172.217.194.0-255,153,153,34,195513
32795,1.5e-05,172.31.33.0-255,66,219,34,195513
32796,2.2e-05,172.217.194.0-255,1484,1703,34,195513
32797,2.7e-05,172.31.33.0-255,66,1769,34,195513
32798,3.2e-05,172.217.194.0-255,2902,4671,34,195513
32799,4.1e-05,172.31.33.0-255,66,4737,34,195513
32800,4.8e-05,172.217.194.0-255,7156,11893,34,195513
32801,5e-05,172.31.33.0-255,66,11959,34,195513
32802,7.3e-05,172.217.194.0-255,4320,16279,34,195513
32803,7.5e-05,172.31.33.0-255,66,16345,34,195513
32804,0.00011,172.31.33.0-255,66,16411,34,195513
32805,0.000115,172.217.194.0-255,2543,18954,34,195513
32806,0.000117,172.31.33.0-255,66,19020,34,195513
32807,0.000141,172.217.194.0-255,2902,21922,34,195513
32808,0.000143,172.31.33.0-255,66,21988,34,195513
32809,0.000149,172.217.194.0-255,5738,27726,34,195513
32810,0.000151,172.31.33.0-255,66,27792,34,195513
32811,0.000186,172.217.194.0-255,1484,29276,34,195513
32812,0.000188,172.31.33.0-255,66,29342,34,195513
32813,0.0002,172.31.33.0-255,66,29408,34,195513
32814,0.000267,172.31.33.0-255,66,29474,34,195513
32815,0.000269,172.217.194.0-255,678,30152,34,195513
32816,0.000271,172.31.33.0-255,66,30218,34,195513
32817,0.000455,172.217.194.0-255,1484,31702,34,195513
32818,0.00046,172.31.33.0-255,66,31768,34,195513
32819,0.00049,172.217.194.0-255,2902,34670,34,195513
32820,0.000493,172.31.33.0-255,66,34736,34,195513
32821,0.000496,172.217.194.0-255,1484,36220,34,195513
32822,0.000498,172.31.33.0-255,66,36286,34,195513
32823,0.00052,172.217.194.0-255,4320,40606,34,195513
32824,0.000523,172.31.33.0-255,66,40672,34,195513
32825,0.000533,172.31.33.0-255,66,40738,34,195513
32826,0.000581,172.217.194.0-255,4320,45058,34,195513
32827,0.000584,172.31.33.0-255,66,45124,34,195513
32828,0.00062,172.31.33.0-255,66,45190,34,195513
32829,0.00087,172.217.194.0-255,1484,46674,34,195513
32830,0.000876,172.217.194.0-255,2902,49576,34,195513
32831,0.000879,172.31.33.0-255,66,49642,34,195513
32832,0.000901,172.217.194.0-255,5738,55380,34,195513
32833,0.000903,172.31.33.0-255,66,55446,34,195513
32834,0.000908,172.217.194.0-255,2902,58348,34,195513
32835,0.000909,172.31.33.0-255,66,58414,34,195513
32836,0.000942,172.31.33.0-255,66,58480,34,195513
32837,0.000953,172.31.33.0-255,66,58546,34,195513
32838,0.000975,172.217.194.0-255,1484,60030,34,195513
32839,0.000996,172.217.194.0-255,2902,62932,34,195513
32840,0.000999,172.31.33.0-255,66,62998,34,195513
32841,0.001005,172.217.194.0-255,5738,68736,34,195513
32842,0.001007,172.31.33.0-255,66,68802,34,195513
32843,0.001031,172.217.194.0-255,7156,75958,34,195513
32844,0.001033,172.31.33.0-255,66,76024,34,195513
32845,0.001054,172.217.194.0-255,5738,81762,34,195513
32846,0.001057,172.31.33.0-255,66,81828,34,195513
32847,0.001069,172.31.33.0-255,66,81894,34,195513
32848,0.001089,172.217.194.0-255,1484,83378,34,195513
32849,0.001107,172.217.194.0-255,2902,86280,34,195513
32850,0.00111,172.31.33.0-255,66,86346,34,195513
32851,0.001116,172.217.194.0-255,5738,92084,34,195513
32852,0.001118,172.31.33.0-255,66,92150,34,195513
32853,0.001129,172.217.194.0-255,1484,93634,34,195513
32854,0.001159,172.31.33.0-255,66,93700,34,195513
32855,0.001208,172.217.194.0-255,5738,99438,34,195513
32856,0.001213,172.31.33.0-255,66,99504,34,195513
32857,0.001259,172.217.194.0-255,7156,106660,34,195513
32858,0.001263,172.31.33.0-255,66,106726,34,195513
32859,0.001266,172.31.33.0-255,66,106792,34,195513
32860,0.001272,172.31.33.0-255,66,106858,34,195513
32861,0.001278,172.217.194.0-255,1484,108342,34,195513
32862,0.001307,172.31.33.0-255,66,108408,34,195513
32863,0.001712,172.217.194.0-255,1484,109892,34,195513
32864,0.001718,172.217.194.0-255,2902,112794,34,195513
32865,0.001721,172.31.33.0-255,66,112860,34,195513
32866,0.001724,172.217.194.0-255,1484,114344,34,195513
32867,0.001751,172.217.194.0-255,4320,118664,34,195513
32868,0.001753,172.31.33.0-255,66,118730,34,195513
32869,0.00176,172.217.194.0-255,7156,125886,34,195513
32870,0.001762,172.31.33.0-255,66,125952,34,195513
32871,0.001773,172.217.194.0-255,1484,127436,34,195513
32872,0.001796,172.31.33.0-255,66,127502,34,195513
32873,0.0018,172.217.194.0-255,2184,129686,34,195513
32874,0.001802,172.31.33.0-255,66,129752,34,195513
32875,0.00209,172.217.194.0-255,1484,131236,34,195513
32876,0.002096,172.217.194.0-255,2902,134138,34,195513
32877,0.002099,172.31.33.0-255,66,134204,34,195513
32878,0.002126,172.217.194.0-255,2902,137106,34,195513
32879,0.002128,172.31.33.0-255,66,137172,34,195513
32880,0.002145,172.217.194.0-255,2902,140074,34,195513
32881,0.002147,172.31.33.0-255,66,140140,34,195513
32882,0.002151,172.217.194.0-255,2902,143042,34,195513
32883,0.002153,172.31.33.0-255,66,143108,34,195513
32884,0.00219,172.31.33.0-255,66,143174,34,195513
32885,0.002201,172.31.33.0-255,66,143240,34,195513
32886,0.002244,172.217.194.0-255,1484,144724,34,195513
32887,0.00226,172.217.194.0-255,2902,147626,34,195513
32888,0.002262,172.31.33.0-255,66,147692,34,195513
32889,0.002266,172.217.194.0-255,1484,149176,34,195513
32890,0.002291,172.217.194.0-255,4320,153496,34,195513
32891,0.002293,172.31.33.0-255,66,153562,34,195513
32892,0.002298,172.217.194.0-255,4320,157882,34,195513
32893,0.0023,172.31.33.0-255,66,157948,34,195513
32894,0.002334,172.31.33.0-255,66,158014,34,195513
32895,0.00234,172.217.194.0-255,7156,165170,34,195513
32896,0.002342,172.31.33.0-255,66,165236,34,195513
32897,0.002366,172.217.194.0-255,2902,168138,34,195513
32898,0.002368,172.31.33.0-255,66,168204,34,195513
32899,0.002395,172.217.194.0-255,3602,171806,34,195513
32900,0.002397,172.31.33.0-255,66,171872,34,195513
32901,0.0024,172.217.194.0-255,1484,173356,34,195513
32902,0.002427,172.217.194.0-255,7156,180512,34,195513
32903,0.00243,172.31.33.0-255,66,180578,34,195513
32904,0.002435,172.217.194.0-255,4320,184898,34,195513
32905,0.002437,172.31.33.0-255,66,184964,34,195513
32906,0.002439,172.217.194.0-255,1484,186448,34,195513
32907,0.002475,172.31.33.0-255,66,186514,34,195513
32908,0.002479,172.217.194.0-255,2902,189416,34,195513
32909,0.002481,172.31.33.0-255,66,189482,34,195513
32910,0.002485,172.217.194.0-255,2184,191666,34,195513
32911,0.002486,172.31.33.0-255,66,191732,34,195513
32912,0.002501,172.31.33.0-255,66,191798,34,195513
32913,0.002536,172.217.194.0-255,1484,193282,34,195513
32914,0.002539,172.217.194.0-255,1484,194766,34,195513
32915,0.002541,172.31.33.0-255,66,194832,34,195513
32916,0.00257,172.31.33.0-255,66,194898,34,195513
32917,0.002572,172.217.194.0-255,510,195408,34,195513
32918,0.002575,172.217.194.0-255,105,195513,34,195513
32919,0.0,74.125.24.0-255,154,154,34,149730
32920,2.8e-05,172.31.33.0-255,66,220,34,149730
32921,3.4e-05,74.125.24.0-255,1484,1704,34,149730
32922,3.8e-05,172.31.33.0-255,66,1770,34,149730
32923,4.4e-05,74.125.24.0-255,2902,4672,34,149730
32924,5.3e-05,172.31.33.0-255,66,4738,34,149730
32925,6.2e-05,74.125.24.0-255,7156,11894,34,149730
32926,6.6e-05,172.31.33.0-255,66,11960,34,149730
32927,0.000103,172.31.33.0-255,66,12026,34,149730
32928,0.000144,172.31.33.0-255,66,12092,34,149730
32929,0.000188,172.31.33.0-255,66,12158,34,149730
32930,0.000246,74.125.24.0-255,1484,13642,34,149730
32931,0.00025,172.31.33.0-255,66,13708,34,149730
32932,0.000277,74.125.24.0-255,2902,16610,34,149730
32933,0.000281,172.31.33.0-255,66,16676,34,149730
32934,0.000288,74.125.24.0-255,5738,22414,34,149730
32935,0.000291,172.31.33.0-255,66,22480,34,149730
32936,0.000355,74.125.24.0-255,7136,29616,34,149730
32937,0.00036,172.31.33.0-255,66,29682,34,149730
32938,0.00037,74.125.24.0-255,1484,31166,34,149730
32939,0.000378,172.31.33.0-255,66,31232,34,149730
32940,0.000383,74.125.24.0-255,2902,34134,34,149730
32941,0.000387,172.31.33.0-255,66,34200,34,149730
32942,0.00039,74.125.24.0-255,1484,35684,34,149730
32943,0.000392,172.31.33.0-255,66,35750,34,149730
32944,0.000405,74.125.24.0-255,2902,38652,34,149730
32945,0.000408,172.31.33.0-255,66,38718,34,149730
32946,0.000429,74.125.24.0-255,1484,40202,34,149730
32947,0.000432,172.31.33.0-255,66,40268,34,149730
32948,0.000441,74.125.24.0-255,7156,47424,34,149730
32949,0.000443,172.31.33.0-255,66,47490,34,149730
32950,0.000472,74.125.24.0-255,5738,53228,34,149730
32951,0.000476,172.31.33.0-255,66,53294,34,149730
32952,0.000484,74.125.24.0-255,7156,60450,34,149730
32953,0.000486,172.31.33.0-255,66,60516,34,149730
32954,0.000507,74.125.24.0-255,3602,64118,34,149730
32955,0.000511,172.31.33.0-255,66,64184,34,149730
32956,0.000666,74.125.24.0-255,1484,65668,34,149730
32957,0.000686,74.125.24.0-255,2902,68570,34,149730
32958,0.00069,172.31.33.0-255,66,68636,34,149730
32959,0.000697,74.125.24.0-255,5738,74374,34,149730
32960,0.000699,172.31.33.0-255,66,74440,34,149730
32961,0.000721,74.125.24.0-255,5738,80178,34,149730
32962,0.000725,172.31.33.0-255,66,80244,34,149730
32963,0.000754,74.125.24.0-255,7156,87400,34,149730
32964,0.000759,172.31.33.0-255,66,87466,34,149730
32965,0.000799,172.31.33.0-255,66,87532,34,149730
32966,0.000925,74.125.24.0-255,1484,89016,34,149730
32967,0.000957,74.125.24.0-255,1484,90500,34,149730
32968,0.000961,172.31.33.0-255,66,90566,34,149730
32969,0.000985,74.125.24.0-255,1484,92050,34,149730
32970,0.000988,74.125.24.0-255,1484,93534,34,149730
32971,0.000991,172.31.33.0-255,66,93600,34,149730
32972,0.000998,74.125.24.0-255,5738,99338,34,149730
32973,0.001001,172.31.33.0-255,66,99404,34,149730
32974,0.001006,74.125.24.0-255,4320,103724,34,149730
32975,0.001008,172.31.33.0-255,66,103790,34,149730
32976,0.001055,172.31.33.0-255,66,103856,34,149730
32977,0.001062,74.125.24.0-255,7156,111012,34,149730
32978,0.001065,172.31.33.0-255,66,111078,34,149730
32979,0.001069,74.125.24.0-255,2184,113262,34,149730
32980,0.001071,172.31.33.0-255,66,113328,34,149730
32981,0.001166,74.125.24.0-255,1484,114812,34,149730
32982,0.001194,74.125.24.0-255,2902,117714,34,149730
32983,0.001197,172.31.33.0-255,66,117780,34,149730
32984,0.001201,74.125.24.0-255,1484,119264,34,149730
32985,0.001231,74.125.24.0-255,4320,123584,34,149730
32986,0.001234,172.31.33.0-255,66,123650,34,149730
32987,0.001252,172.31.33.0-255,66,123716,34,149730
32988,0.001294,74.125.24.0-255,7156,130872,34,149730
32989,0.001298,172.31.33.0-255,66,130938,34,149730
32990,0.00134,172.31.33.0-255,66,131004,34,149730
32991,0.001364,172.31.33.0-255,66,131070,34,149730
32992,0.001372,74.125.24.0-255,6438,137508,34,149730
32993,0.001375,172.31.33.0-255,66,137574,34,149730
32994,0.001446,172.31.33.0-255,66,137640,34,149730
32995,0.001492,172.31.33.0-255,66,137706,34,149730
32996,0.001508,172.31.33.0-255,66,137772,34,149730
32997,0.001522,172.31.33.0-255,66,137838,34,149730
32998,0.001535,172.31.33.0-255,66,137904,34,149730
32999,0.001596,172.31.33.0-255,66,137970,34,149730
33000,0.001607,172.31.33.0-255,66,138036,34,149730
33001,0.001642,74.125.24.0-255,6438,144474,34,149730
33002,0.001646,172.31.33.0-255,66,144540,34,149730
33003,0.001661,172.31.33.0-255,66,144606,34,149730
33004,0.00169,74.125.24.0-255,4320,148926,34,149730
33005,0.001696,172.31.33.0-255,66,148992,34,149730
33006,0.001697,172.31.33.0-255,66,149058,34,149730
33007,0.001698,172.31.33.0-255,66,149124,34,149730
33008,0.001739,172.31.33.0-255,66,149190,34,149730
33009,0.001742,74.125.24.0-255,97,149287,34,149730
33010,0.001771,74.125.24.0-255,105,149392,34,149730
33011,0.00658,172.31.33.0-255,101,149493,34,149730
33012,0.007621,172.31.33.0-255,105,149598,34,149730
33013,0.008846,74.125.24.0-255,66,149664,34,149730
33014,0.009897,74.125.24.0-255,66,149730,34,149730
33015,0.0,74.125.130.0-255,578,578,34,95495
33016,1.9e-05,74.125.130.0-255,1484,2062,34,95495
33017,2.6e-05,172.31.33.0-255,66,2128,34,95495
33018,3.4e-05,74.125.130.0-255,2902,5030,34,95495
33019,3.7e-05,172.31.33.0-255,66,5096,34,95495
33020,5.3e-05,74.125.130.0-255,1484,6580,34,95495
33021,7e-05,74.125.130.0-255,4320,10900,34,95495
33022,7.2e-05,172.31.33.0-255,66,10966,34,95495
33023,0.000229,74.125.130.0-255,3273,14239,34,95495
33024,0.000235,172.31.33.0-255,66,14305,34,95495
33025,0.000346,74.125.130.0-255,2902,17207,34,95495
33026,0.00035,172.31.33.0-255,66,17273,34,95495
33027,0.000367,74.125.130.0-255,1484,18757,34,95495
33028,0.000493,74.125.130.0-255,5738,24495,34,95495
33029,0.000498,172.31.33.0-255,66,24561,34,95495
33030,0.000515,74.125.130.0-255,4320,28881,34,95495
33031,0.000518,172.31.33.0-255,66,28947,34,95495
33032,0.002334,74.125.130.0-255,7156,36103,34,95495
33033,0.00234,172.31.33.0-255,66,36169,34,95495
33034,0.002418,74.125.130.0-255,4320,40489,34,95495
33035,0.002434,74.125.130.0-255,2902,43391,34,95495
33036,0.002675,74.125.130.0-255,2902,46293,34,95495
33037,0.002703,74.125.130.0-255,2902,49195,34,95495
33038,0.003171,74.125.130.0-255,1484,50679,34,95495
33039,0.003187,74.125.130.0-255,7156,57835,34,95495
33040,0.003202,74.125.130.0-255,5738,63573,34,95495
33041,0.003719,74.125.130.0-255,2902,66475,34,95495
33042,0.004136,74.125.130.0-255,4320,70795,34,95495
33043,0.004612,74.125.130.0-255,5738,76533,34,95495
33044,0.004627,74.125.130.0-255,4320,80853,34,95495
33045,0.007321,172.31.33.0-255,66,80919,34,95495
33046,0.00767,172.31.33.0-255,66,80985,34,95495
33047,0.009647,172.31.33.0-255,66,81051,34,95495
33048,0.009757,74.125.130.0-255,1484,82535,34,95495
33049,0.009778,74.125.130.0-255,7156,89691,34,95495
33050,0.009829,74.125.130.0-255,5738,95429,34,95495
33051,0.009941,172.31.33.0-255,66,95495,34,95495
33052,0.0,74.125.200.0-255,153,153,34,286195
33053,2.9e-05,172.31.33.0-255,66,219,34,286195
33054,3.6e-05,74.125.200.0-255,1484,1703,34,286195
33055,4e-05,172.31.33.0-255,66,1769,34,286195
33056,4.3e-05,74.125.200.0-255,1484,3253,34,286195
33057,4.5e-05,172.31.33.0-255,66,3319,34,286195
33058,5.6e-05,74.125.200.0-255,1484,4803,34,286195
33059,5.8e-05,172.31.33.0-255,66,4869,34,286195
33060,8.5e-05,74.125.200.0-255,1484,6353,34,286195
33061,8.7e-05,172.31.33.0-255,66,6419,34,286195
33062,9.5e-05,74.125.200.0-255,5738,12157,34,286195
33063,0.000104,172.31.33.0-255,66,12223,34,286195
33064,0.000108,74.125.200.0-255,1484,13707,34,286195
33065,0.00011,172.31.33.0-255,66,13773,34,286195
33066,0.000114,74.125.200.0-255,2012,15785,34,286195
33067,0.000117,172.31.33.0-255,66,15851,34,286195
33068,0.000153,74.125.200.0-255,5738,21589,34,286195
33069,0.000157,172.31.33.0-255,66,21655,34,286195
33070,0.000183,74.125.200.0-255,5738,27393,34,286195
33071,0.000188,172.31.33.0-255,66,27459,34,286195
33072,0.000216,74.125.200.0-255,1484,28943,34,286195
33073,0.000218,172.31.33.0-255,66,29009,34,286195
33074,0.000224,74.125.200.0-255,2543,31552,34,286195
33075,0.000226,172.31.33.0-255,66,31618,34,286195
33076,0.000851,74.125.200.0-255,1484,33102,34,286195
33077,0.000857,172.31.33.0-255,66,33168,34,286195
33078,0.000865,74.125.200.0-255,2902,36070,34,286195
33079,0.000868,172.31.33.0-255,66,36136,34,286195
33080,0.00088,74.125.200.0-255,4320,40456,34,286195
33081,0.000883,172.31.33.0-255,66,40522,34,286195
33082,0.000907,74.125.200.0-255,1484,42006,34,286195
33083,0.00091,172.31.33.0-255,66,42072,34,286195
33084,0.000922,74.125.200.0-255,5738,47810,34,286195
33085,0.00095,74.125.200.0-255,2543,50353,34,286195
33086,0.000975,74.125.200.0-255,5738,56091,34,286195
33087,0.000994,74.125.200.0-255,1438,57529,34,286195
33088,0.001039,74.125.200.0-255,109,57638,34,286195
33089,0.001234,74.125.200.0-255,1484,59122,34,286195
33090,0.001241,74.125.200.0-255,2902,62024,34,286195
33091,0.001262,74.125.200.0-255,5738,67762,34,286195
33092,0.001267,74.125.200.0-255,4320,72082,34,286195
33093,0.001288,74.125.200.0-255,5738,77820,34,286195
33094,0.001306,74.125.200.0-255,4320,82140,34,286195
33095,0.00132,74.125.200.0-255,7156,89296,34,286195
33096,0.001323,74.125.200.0-255,2184,91480,34,286195
33097,0.001364,74.125.200.0-255,2902,94382,34,286195
33098,0.00137,74.125.200.0-255,7156,101538,34,286195
33099,0.001375,74.125.200.0-255,4320,105858,34,286195
33100,0.001396,74.125.200.0-255,1484,107342,34,286195
33101,0.001424,74.125.200.0-255,6438,113780,34,286195
33102,0.001438,74.125.200.0-255,1484,115264,34,286195
33103,0.001453,74.125.200.0-255,5738,121002,34,286195
33104,0.001509,74.125.200.0-255,1484,122486,34,286195
33105,0.001527,74.125.200.0-255,7156,129642,34,286195
33106,0.001542,74.125.200.0-255,4320,133962,34,286195
33107,0.001545,74.125.200.0-255,2184,136146,34,286195
33108,0.00158,74.125.200.0-255,2902,139048,34,286195
33109,0.001597,74.125.200.0-255,4320,143368,34,286195
33110,0.001612,74.125.200.0-255,4320,147688,34,286195
33111,0.001625,74.125.200.0-255,4320,152008,34,286195
33112,0.001628,74.125.200.0-255,1484,153492,34,286195
33113,0.001646,74.125.200.0-255,4320,157812,34,286195
33114,0.00167,74.125.200.0-255,2902,160714,34,286195
33115,0.001681,74.125.200.0-255,4320,165034,34,286195
33116,0.001684,74.125.200.0-255,1484,166518,34,286195
33117,0.001701,74.125.200.0-255,2902,169420,34,286195
33118,0.001716,74.125.200.0-255,766,170186,34,286195
33119,0.001765,74.125.200.0-255,331,170517,34,286195
33120,0.001816,74.125.200.0-255,1484,172001,34,286195
33121,0.00183,74.125.200.0-255,1484,173485,34,286195
33122,0.001839,74.125.200.0-255,1484,174969,34,286195
33123,0.001849,74.125.200.0-255,1484,176453,34,286195
33124,0.001852,74.125.200.0-255,1484,177937,34,286195
33125,0.00187,74.125.200.0-255,4320,182257,34,286195
33126,0.001905,74.125.200.0-255,1484,183741,34,286195
33127,0.001932,74.125.200.0-255,3602,187343,34,286195
33128,0.001992,74.125.200.0-255,1484,188827,34,286195
33129,0.002004,74.125.200.0-255,1484,190311,34,286195
33130,0.002015,74.125.200.0-255,1484,191795,34,286195
33131,0.002019,74.125.200.0-255,2902,194697,34,286195
33132,0.002035,74.125.200.0-255,2902,197599,34,286195
33133,0.002038,74.125.200.0-255,1484,199083,34,286195
33134,0.002053,74.125.200.0-255,1484,200567,34,286195
33135,0.002057,74.125.200.0-255,2902,203469,34,286195
33136,0.002085,74.125.200.0-255,7156,210625,34,286195
33137,0.00209,74.125.200.0-255,4320,214945,34,286195
33138,0.002104,74.125.200.0-255,2902,217847,34,286195
33139,0.002134,74.125.200.0-255,3602,221449,34,286195
33140,0.002267,74.125.200.0-255,1484,222933,34,286195
33141,0.002277,74.125.200.0-255,1484,224417,34,286195
33142,0.002297,74.125.200.0-255,1484,225901,34,286195
33143,0.002307,74.125.200.0-255,1484,227385,34,286195
33144,0.002318,74.125.200.0-255,2902,230287,34,286195
33145,0.002332,74.125.200.0-255,2902,233189,34,286195
33146,0.002336,74.125.200.0-255,2902,236091,34,286195
33147,0.003048,74.125.200.0-255,1484,237575,34,286195
33148,0.003055,74.125.200.0-255,2902,240477,34,286195
33149,0.00308,74.125.200.0-255,5738,246215,34,286195
33150,0.003117,74.125.200.0-255,7156,253371,34,286195
33151,0.003146,74.125.200.0-255,4320,257691,34,286195
33152,0.003173,74.125.200.0-255,3602,261293,34,286195
33153,0.003423,74.125.200.0-255,1484,262777,34,286195
33154,0.003441,74.125.200.0-255,2902,265679,34,286195
33155,0.003444,74.125.200.0-255,1484,267163,34,286195
33156,0.003448,74.125.200.0-255,1484,268647,34,286195
33157,0.003476,74.125.200.0-255,4320,272967,34,286195
33158,0.003483,74.125.200.0-255,1484,274451,34,286195
33159,0.003528,74.125.200.0-255,4320,278771,34,286195
33160,0.003618,74.125.200.0-255,7156,285927,34,286195
33161,0.003662,74.125.200.0-255,97,286024,34,286195
33162,0.003688,74.125.200.0-255,105,286129,34,286195
33163,0.006649,172.31.33.0-255,66,286195,34,286195
33164,0.0,172.31.33.0-255,105,105,34,342
33165,0.002186,74.125.68.0-255,66,171,34,342
33166,0.002262,74.125.68.0-255,105,276,34,342
33167,0.002266,172.31.33.0-255,66,342,34,342
33168,0.0,172.31.33.0-255,66,66,34,66
33169,0.0,74.125.200.0-255,214,214,34,276202
33170,1.5e-05,172.31.33.0-255,66,280,34,276202
33171,2.1e-05,74.125.200.0-255,1484,1764,34,276202
33172,2.5e-05,172.31.33.0-255,66,1830,34,276202
33173,2.8e-05,74.125.200.0-255,1484,3314,34,276202
33174,3.1e-05,172.31.33.0-255,66,3380,34,276202
33175,3.7e-05,74.125.200.0-255,2902,6282,34,276202
33176,4e-05,172.31.33.0-255,66,6348,34,276202
33177,6.1e-05,74.125.200.0-255,5738,12086,34,276202
33178,6.4e-05,172.31.33.0-255,66,12152,34,276202
33179,9.4e-05,74.125.200.0-255,6149,18301,34,276202
33180,9.6e-05,172.31.33.0-255,66,18367,34,276202
33181,0.000103,74.125.200.0-255,7156,25523,34,276202
33182,0.000106,172.31.33.0-255,66,25589,34,276202
33183,0.000131,74.125.200.0-255,5379,30968,34,276202
33184,0.000133,172.31.33.0-255,66,31034,34,276202
33185,0.000208,74.125.200.0-255,1484,32518,34,276202
33186,0.000212,172.31.33.0-255,66,32584,34,276202
33187,0.000234,74.125.200.0-255,2902,35486,34,276202
33188,0.000236,172.31.33.0-255,66,35552,34,276202
33189,0.000241,74.125.200.0-255,4320,39872,34,276202
33190,0.000243,172.31.33.0-255,66,39938,34,276202
33191,0.000281,74.125.200.0-255,4320,44258,34,276202
33192,0.000283,172.31.33.0-255,66,44324,34,276202
33193,0.000302,74.125.200.0-255,3961,48285,34,276202
33194,0.000304,172.31.33.0-255,66,48351,34,276202
33195,0.000307,74.125.200.0-255,1484,49835,34,276202
33196,0.000309,172.31.33.0-255,66,49901,34,276202
33197,0.000326,74.125.200.0-255,4320,54221,34,276202
33198,0.000329,172.31.33.0-255,66,54287,34,276202
33199,0.000354,74.125.200.0-255,2902,57189,34,276202
33200,0.000356,172.31.33.0-255,66,57255,34,276202
33201,0.000363,74.125.200.0-255,5738,62993,34,276202
33202,0.000365,172.31.33.0-255,66,63059,34,276202
33203,0.000379,74.125.200.0-255,2816,65875,34,276202
33204,0.000381,172.31.33.0-255,66,65941,34,276202
33205,0.000392,74.125.200.0-255,132,66073,34,276202
33206,0.000507,74.125.200.0-255,1484,67557,34,276202
33207,0.000513,172.31.33.0-255,66,67623,34,276202
33208,0.000519,74.125.200.0-255,2902,70525,34,276202
33209,0.000521,172.31.33.0-255,66,70591,34,276202
33210,0.000537,74.125.200.0-255,2902,73493,34,276202
33211,0.00054,172.31.33.0-255,66,73559,34,276202
33212,0.000545,74.125.200.0-255,4320,77879,34,276202
33213,0.000548,172.31.33.0-255,66,77945,34,276202
33214,0.000582,172.31.33.0-255,66,78011,34,276202
33215,0.000592,74.125.200.0-255,1125,79136,34,276202
33216,0.000597,74.125.200.0-255,4320,83456,34,276202
33217,0.0006,172.31.33.0-255,66,83522,34,276202
33218,0.000664,172.31.33.0-255,66,83588,34,276202
33219,0.000696,172.31.33.0-255,66,83654,34,276202
33220,0.000702,74.125.200.0-255,4320,87974,34,276202
33221,0.000704,172.31.33.0-255,66,88040,34,276202
33222,0.000748,74.125.200.0-255,3961,92001,34,276202
33223,0.000751,172.31.33.0-255,66,92067,34,276202
33224,0.000848,74.125.200.0-255,1484,93551,34,276202
33225,0.000881,74.125.200.0-255,2902,96453,34,276202
33226,0.000886,172.31.33.0-255,66,96519,34,276202
33227,0.000892,74.125.200.0-255,4320,100839,34,276202
33228,0.000894,172.31.33.0-255,66,100905,34,276202
33229,0.000909,74.125.200.0-255,2902,103807,34,276202
33230,0.000911,172.31.33.0-255,66,103873,34,276202
33231,0.000941,74.125.200.0-255,2902,106775,34,276202
33232,0.000945,172.31.33.0-255,66,106841,34,276202
33233,0.000957,172.31.33.0-255,66,106907,34,276202
33234,0.001002,172.31.33.0-255,66,106973,34,276202
33235,0.00116,74.125.200.0-255,1484,108457,34,276202
33236,0.001168,74.125.200.0-255,2902,111359,34,276202
33237,0.001172,172.31.33.0-255,66,111425,34,276202
33238,0.001197,74.125.200.0-255,5738,117163,34,276202
33239,0.001201,172.31.33.0-255,66,117229,34,276202
33240,0.001208,74.125.200.0-255,7156,124385,34,276202
33241,0.00121,172.31.33.0-255,66,124451,34,276202
33242,0.00124,74.125.200.0-255,5738,130189,34,276202
33243,0.001244,172.31.33.0-255,66,130255,34,276202
33244,0.001273,172.31.33.0-255,66,130321,34,276202
33245,0.001277,74.125.200.0-255,2184,132505,34,276202
33246,0.001278,172.31.33.0-255,66,132571,34,276202
33247,0.001302,74.125.200.0-255,1484,134055,34,276202
33248,0.001305,74.125.200.0-255,1484,135539,34,276202
33249,0.001307,172.31.33.0-255,66,135605,34,276202
33250,0.001323,74.125.200.0-255,1484,137089,34,276202
33251,0.00133,74.125.200.0-255,5738,142827,34,276202
33252,0.001332,172.31.33.0-255,66,142893,34,276202
33253,0.001349,74.125.200.0-255,2902,145795,34,276202
33254,0.001351,172.31.33.0-255,66,145861,34,276202
33255,0.001371,74.125.200.0-255,7156,153017,34,276202
33256,0.001374,172.31.33.0-255,66,153083,34,276202
33257,0.00138,74.125.200.0-255,7156,160239,34,276202
33258,0.001382,172.31.33.0-255,66,160305,34,276202
33259,0.001402,74.125.200.0-255,4320,164625,34,276202
33260,0.001404,172.31.33.0-255,66,164691,34,276202
33261,0.001408,74.125.200.0-255,2184,166875,34,276202
33262,0.00141,172.31.33.0-255,66,166941,34,276202
33263,0.001433,74.125.200.0-255,2902,169843,34,276202
33264,0.001435,172.31.33.0-255,66,169909,34,276202
33265,0.001457,74.125.200.0-255,4320,174229,34,276202
33266,0.001459,172.31.33.0-255,66,174295,34,276202
33267,0.001462,74.125.200.0-255,1484,175779,34,276202
33268,0.00148,74.125.200.0-255,4320,180099,34,276202
33269,0.001483,172.31.33.0-255,66,180165,34,276202
33270,0.001494,74.125.200.0-255,2902,183067,34,276202
33271,0.001496,172.31.33.0-255,66,183133,34,276202
33272,0.00153,172.31.33.0-255,66,183199,34,276202
33273,0.001535,74.125.200.0-255,5738,188937,34,276202
33274,0.001537,172.31.33.0-255,66,189003,34,276202
33275,0.001556,74.125.200.0-255,3602,192605,34,276202
33276,0.001558,172.31.33.0-255,66,192671,34,276202
33277,0.001583,74.125.200.0-255,4320,196991,34,276202
33278,0.001585,172.31.33.0-255,66,197057,34,276202
33279,0.001601,74.125.200.0-255,1484,198541,34,276202
33280,0.001631,172.31.33.0-255,66,198607,34,276202
33281,0.001638,74.125.200.0-255,7156,205763,34,276202
33282,0.00164,172.31.33.0-255,66,205829,34,276202
33283,0.00166,74.125.200.0-255,4320,210149,34,276202
33284,0.001662,172.31.33.0-255,66,210215,34,276202
33285,0.001666,74.125.200.0-255,2902,213117,34,276202
33286,0.001668,172.31.33.0-255,66,213183,34,276202
33287,0.001693,74.125.200.0-255,5020,218203,34,276202
33288,0.001695,172.31.33.0-255,66,218269,34,276202
33289,0.00173,74.125.200.0-255,1484,219753,34,276202
33290,0.001733,74.125.200.0-255,1484,221237,34,276202
33291,0.001735,172.31.33.0-255,66,221303,34,276202
33292,0.00175,74.125.200.0-255,1484,222787,34,276202
33293,0.001754,74.125.200.0-255,2902,225689,34,276202
33294,0.001756,172.31.33.0-255,66,225755,34,276202
33295,0.001776,74.125.200.0-255,2902,228657,34,276202
33296,0.001778,172.31.33.0-255,66,228723,34,276202
33297,0.001812,74.125.200.0-255,4320,233043,34,276202
33298,0.001814,172.31.33.0-255,66,233109,34,276202
33299,0.001831,74.125.200.0-255,2902,236011,34,276202
33300,0.001833,172.31.33.0-255,66,236077,34,276202
33301,0.001846,172.31.33.0-255,66,236143,34,276202
33302,0.00185,74.125.200.0-255,2184,238327,34,276202
33303,0.001851,172.31.33.0-255,66,238393,34,276202
33304,0.001874,74.125.200.0-255,4320,242713,34,276202
33305,0.001876,172.31.33.0-255,66,242779,34,276202
33306,0.001894,74.125.200.0-255,5738,248517,34,276202
33307,0.001896,172.31.33.0-255,66,248583,34,276202
33308,0.001907,172.31.33.0-255,66,248649,34,276202
33309,0.00193,74.125.200.0-255,1484,250133,34,276202
33310,0.00194,172.31.33.0-255,66,250199,34,276202
33311,0.001966,74.125.200.0-255,3602,253801,34,276202
33312,0.001968,172.31.33.0-255,66,253867,34,276202
33313,0.001987,74.125.200.0-255,4320,258187,34,276202
33314,0.001989,172.31.33.0-255,66,258253,34,276202
33315,0.002017,172.31.33.0-255,66,258319,34,276202
33316,0.002022,74.125.200.0-255,4320,262639,34,276202
33317,0.002023,172.31.33.0-255,66,262705,34,276202
33318,0.002076,74.125.200.0-255,2902,265607,34,276202
33319,0.002078,172.31.33.0-255,66,265673,34,276202
33320,0.002101,172.31.33.0-255,66,265739,34,276202
33321,0.002144,74.125.200.0-255,7156,272895,34,276202
33322,0.002147,172.31.33.0-255,66,272961,34,276202
33323,0.002163,74.125.200.0-255,1484,274445,34,276202
33324,0.002166,74.125.200.0-255,1586,276031,34,276202
33325,0.002168,172.31.33.0-255,66,276097,34,276202
33326,0.002259,74.125.200.0-255,105,276202,34,276202
33327,0.0,74.125.24.0-255,152,152,34,307845
33328,3.2e-05,172.31.33.0-255,66,218,34,307845
33329,3.8e-05,74.125.24.0-255,1484,1702,34,307845
33330,4.2e-05,172.31.33.0-255,66,1768,34,307845
33331,4.7e-05,74.125.24.0-255,2902,4670,34,307845
33332,5e-05,172.31.33.0-255,66,4736,34,307845
33333,5.6e-05,74.125.24.0-255,7156,11892,34,307845
33334,5.9e-05,172.31.33.0-255,66,11958,34,307845
33335,6.2e-05,74.125.24.0-255,1484,13442,34,307845
33336,6.4e-05,172.31.33.0-255,66,13508,34,307845
33337,0.000105,172.31.33.0-255,66,13574,34,307845
33338,0.000109,74.125.24.0-255,2543,16117,34,307845
33339,0.00011,172.31.33.0-255,66,16183,34,307845
33340,0.000134,74.125.24.0-255,2902,19085,34,307845
33341,0.000138,172.31.33.0-255,66,19151,34,307845
33342,0.000142,74.125.24.0-255,2902,22053,34,307845
33343,0.000144,172.31.33.0-255,66,22119,34,307845
33344,0.000156,74.125.24.0-255,1484,23603,34,307845
33345,0.000158,172.31.33.0-255,66,23669,34,307845
33346,0.000184,74.125.24.0-255,5738,29407,34,307845
33347,0.000187,172.31.33.0-255,66,29473,34,307845
33348,0.000203,74.125.24.0-255,4320,33793,34,307845
33349,0.000205,172.31.33.0-255,66,33859,34,307845
33350,0.000235,172.31.33.0-255,66,33925,34,307845
33351,0.000254,74.125.24.0-255,6737,40662,34,307845
33352,0.000256,172.31.33.0-255,66,40728,34,307845
33353,0.000975,74.125.24.0-255,127,40855,34,307845
33354,0.000981,172.31.33.0-255,66,40921,34,307845
33355,0.001001,74.125.24.0-255,1484,42405,34,307845
33356,0.001004,172.31.33.0-255,66,42471,34,307845
33357,0.001008,74.125.24.0-255,1484,43955,34,307845
33358,0.001022,74.125.24.0-255,1484,45439,34,307845
33359,0.001025,172.31.33.0-255,66,45505,34,307845
33360,0.00103,74.125.24.0-255,2902,48407,34,307845
33361,0.001032,172.31.33.0-255,66,48473,34,307845
33362,0.001051,74.125.24.0-255,2902,51375,34,307845
33363,0.001054,172.31.33.0-255,66,51441,34,307845
33364,0.001085,74.125.24.0-255,6499,57940,34,307845
33365,0.001089,172.31.33.0-255,66,58006,34,307845
33366,0.001178,74.125.24.0-255,1484,59490,34,307845
33367,0.001197,74.125.24.0-255,2902,62392,34,307845
33368,0.0012,172.31.33.0-255,66,62458,34,307845
33369,0.001207,74.125.24.0-255,5738,68196,34,307845
33370,0.001209,172.31.33.0-255,66,68262,34,307845
33371,0.001214,74.125.24.0-255,2902,71164,34,307845
33372,0.001216,172.31.33.0-255,66,71230,34,307845
33373,0.001242,74.125.24.0-255,7156,78386,34,307845
33374,0.001244,172.31.33.0-255,66,78452,34,307845
33375,0.001265,74.125.24.0-255,2902,81354,34,307845
33376,0.001267,172.31.33.0-255,66,81420,34,307845
33377,0.001273,74.125.24.0-255,5738,87158,34,307845
33378,0.001275,172.31.33.0-255,66,87224,34,307845
33379,0.00129,74.125.24.0-255,4320,91544,34,307845
33380,0.001292,172.31.33.0-255,66,91610,34,307845
33381,0.001313,74.125.24.0-255,766,92376,34,307845
33382,0.002045,74.125.24.0-255,1484,93860,34,307845
33383,0.00205,172.31.33.0-255,66,93926,34,307845
33384,0.002056,74.125.24.0-255,2902,96828,34,307845
33385,0.002057,172.31.33.0-255,66,96894,34,307845
33386,0.00206,74.125.24.0-255,1484,98378,34,307845
33387,0.002084,74.125.24.0-255,4320,102698,34,307845
33388,0.002087,172.31.33.0-255,66,102764,34,307845
33389,0.002125,74.125.24.0-255,2902,105666,34,307845
33390,0.002126,172.31.33.0-255,66,105732,34,307845
33391,0.002146,172.31.33.0-255,66,105798,34,307845
33392,0.002148,74.125.24.0-255,1484,107282,34,307845
33393,0.002152,74.125.24.0-255,2902,110184,34,307845
33394,0.002154,172.31.33.0-255,66,110250,34,307845
33395,0.002157,74.125.24.0-255,1484,111734,34,307845
33396,0.002185,74.125.24.0-255,1484,113218,34,307845
33397,0.002187,172.31.33.0-255,66,113284,34,307845
33398,0.002207,74.125.24.0-255,3602,116886,34,307845
33399,0.00221,172.31.33.0-255,66,116952,34,307845
33400,0.00223,74.125.24.0-255,5738,122690,34,307845
33401,0.002232,172.31.33.0-255,66,122756,34,307845
33402,0.002237,74.125.24.0-255,4320,127076,34,307845
33403,0.002239,172.31.33.0-255,66,127142,34,307845
33404,0.002275,172.31.33.0-255,66,127208,34,307845
33405,0.002281,74.125.24.0-255,5738,132946,34,307845
33406,0.002283,172.31.33.0-255,66,133012,34,307845
33407,0.002295,74.125.24.0-255,1484,134496,34,307845
33408,0.002315,74.125.24.0-255,5020,139516,34,307845
33409,0.002317,172.31.33.0-255,66,139582,34,307845
33410,0.002348,74.125.24.0-255,1484,141066,34,307845
33411,0.002369,74.125.24.0-255,7156,148222,34,307845
33412,0.002372,172.31.33.0-255,66,148288,34,307845
33413,0.002377,74.125.24.0-255,4320,152608,34,307845
33414,0.002379,172.31.33.0-255,66,152674,34,307845
33415,0.002395,74.125.24.0-255,5738,158412,34,307845
33416,0.002397,172.31.33.0-255,66,158478,34,307845
33417,0.0024,74.125.24.0-255,1484,159962,34,307845
33418,0.002405,74.125.24.0-255,5738,165700,34,307845
33419,0.002407,172.31.33.0-255,66,165766,34,307845
33420,0.00243,74.125.24.0-255,7156,172922,34,307845
33421,0.002433,172.31.33.0-255,66,172988,34,307845
33422,0.002435,74.125.24.0-255,766,173754,34,307845
33423,0.002576,74.125.24.0-255,1484,175238,34,307845
33424,0.002579,172.31.33.0-255,66,175304,34,307845
33425,0.002592,74.125.24.0-255,2902,178206,34,307845
33426,0.002594,172.31.33.0-255,66,178272,34,307845
33427,0.002597,74.125.24.0-255,1484,179756,34,307845
33428,0.002617,74.125.24.0-255,4320,184076,34,307845
33429,0.002619,172.31.33.0-255,66,184142,34,307845
33430,0.002625,74.125.24.0-255,7156,191298,34,307845
33431,0.002627,172.31.33.0-255,66,191364,34,307845
33432,0.00265,74.125.24.0-255,5738,197102,34,307845
33433,0.002653,172.31.33.0-255,66,197168,34,307845
33434,0.002663,172.31.33.0-255,66,197234,34,307845
33435,0.002692,74.125.24.0-255,2184,199418,34,307845
33436,0.002695,172.31.33.0-255,66,199484,34,307845
33437,0.002751,74.125.24.0-255,1484,200968,34,307845
33438,0.002754,74.125.24.0-255,1484,202452,34,307845
33439,0.002756,172.31.33.0-255,66,202518,34,307845
33440,0.00277,74.125.24.0-255,1484,204002,34,307845
33441,0.002773,74.125.24.0-255,1484,205486,34,307845
33442,0.002775,172.31.33.0-255,66,205552,34,307845
33443,0.002794,74.125.24.0-255,4320,209872,34,307845
33444,0.002797,172.31.33.0-255,66,209938,34,307845
33445,0.002802,74.125.24.0-255,5738,215676,34,307845
33446,0.002805,172.31.33.0-255,66,215742,34,307845
33447,0.002807,74.125.24.0-255,1484,217226,34,307845
33448,0.00284,172.31.33.0-255,66,217292,34,307845
33449,0.002845,74.125.24.0-255,5020,222312,34,307845
33450,0.002848,172.31.33.0-255,66,222378,34,307845
33451,0.003162,74.125.24.0-255,1484,223862,34,307845
33452,0.003189,74.125.24.0-255,2902,226764,34,307845
33453,0.003192,172.31.33.0-255,66,226830,34,307845
33454,0.003195,74.125.24.0-255,1484,228314,34,307845
33455,0.003205,74.125.24.0-255,1484,229798,34,307845
33456,0.003207,172.31.33.0-255,66,229864,34,307845
33457,0.003247,74.125.24.0-255,2902,232766,34,307845
33458,0.003249,172.31.33.0-255,66,232832,34,307845
33459,0.003275,74.125.24.0-255,2902,235734,34,307845
33460,0.003277,172.31.33.0-255,66,235800,34,307845
33461,0.003297,74.125.24.0-255,1484,237284,34,307845
33462,0.003307,172.31.33.0-255,66,237350,34,307845
33463,0.00331,74.125.24.0-255,1484,238834,34,307845
33464,0.003329,74.125.24.0-255,2902,241736,34,307845
33465,0.003332,172.31.33.0-255,66,241802,34,307845
33466,0.003372,74.125.24.0-255,4320,246122,34,307845
33467,0.003375,172.31.33.0-255,66,246188,34,307845
33468,0.003391,74.125.24.0-255,1484,247672,34,307845
33469,0.003394,74.125.24.0-255,766,248438,34,307845
33470,0.003396,172.31.33.0-255,66,248504,34,307845
33471,0.003496,74.125.24.0-255,1484,249988,34,307845
33472,0.003499,74.125.24.0-255,1484,251472,34,307845
33473,0.003501,172.31.33.0-255,66,251538,34,307845
33474,0.003518,74.125.24.0-255,1484,253022,34,307845
33475,0.003524,74.125.24.0-255,5738,258760,34,307845
33476,0.003527,172.31.33.0-255,66,258826,34,307845
33477,0.003542,74.125.24.0-255,1484,260310,34,307845
33478,0.003559,74.125.24.0-255,7156,267466,34,307845
33479,0.003561,172.31.33.0-255,66,267532,34,307845
33480,0.003581,74.125.24.0-255,4320,271852,34,307845
33481,0.003584,172.31.33.0-255,66,271918,34,307845
33482,0.003607,74.125.24.0-255,2902,274820,34,307845
33483,0.003609,172.31.33.0-255,66,274886,34,307845
33484,0.003633,172.31.33.0-255,66,274952,34,307845
33485,0.003805,74.125.24.0-255,1484,276436,34,307845
33486,0.003826,74.125.24.0-255,2902,279338,34,307845
33487,0.003828,172.31.33.0-255,66,279404,34,307845
33488,0.003832,74.125.24.0-255,2902,282306,34,307845
33489,0.003834,172.31.33.0-255,66,282372,34,307845
33490,0.00385,74.125.24.0-255,2902,285274,34,307845
33491,0.003852,172.31.33.0-255,66,285340,34,307845
33492,0.003858,74.125.24.0-255,5738,291078,34,307845
33493,0.00386,172.31.33.0-255,66,291144,34,307845
33494,0.003883,74.125.24.0-255,4320,295464,34,307845
33495,0.003885,172.31.33.0-255,66,295530,34,307845
33496,0.003896,172.31.33.0-255,66,295596,34,307845
33497,0.0039,74.125.24.0-255,2184,297780,34,307845
33498,0.003902,172.31.33.0-255,66,297846,34,307845
33499,0.003988,74.125.24.0-255,1484,299330,34,307845
33500,0.004002,74.125.24.0-255,1484,300814,34,307845
33501,0.004005,172.31.33.0-255,66,300880,34,307845
33502,0.004015,74.125.24.0-255,1484,302364,34,307845
33503,0.004017,74.125.24.0-255,1484,303848,34,307845
33504,0.004019,172.31.33.0-255,66,303914,34,307845
33505,0.004039,74.125.24.0-255,3760,307674,34,307845
33506,0.004042,172.31.33.0-255,66,307740,34,307845
33507,0.004077,74.125.24.0-255,105,307845,34,307845
33508,0.0,74.125.68.0-255,153,153,34,378293
33509,2e-05,172.31.33.0-255,66,219,34,378293
33510,3.3e-05,74.125.68.0-255,1484,1703,34,378293
33511,3.7e-05,172.31.33.0-255,66,1769,34,378293
33512,6e-05,74.125.68.0-255,2902,4671,34,378293
33513,6.2e-05,172.31.33.0-255,66,4737,34,378293
33514,9.4e-05,74.125.68.0-255,1484,6221,34,378293
33515,9.6e-05,172.31.33.0-255,66,6287,34,378293
33516,0.000108,74.125.68.0-255,2902,9189,34,378293
33517,0.00011,172.31.33.0-255,66,9255,34,378293
33518,0.000128,74.125.68.0-255,1484,10739,34,378293
33519,0.00013,172.31.33.0-255,66,10805,34,378293
33520,0.000146,74.125.68.0-255,3408,14213,34,378293
33521,0.00015,172.31.33.0-255,66,14279,34,378293
33522,0.000168,74.125.68.0-255,5738,20017,34,378293
33523,0.00017,172.31.33.0-255,66,20083,34,378293
33524,0.000173,74.125.68.0-255,1484,21567,34,378293
33525,0.000175,172.31.33.0-255,66,21633,34,378293
33526,0.000193,74.125.68.0-255,2902,24535,34,378293
33527,0.000195,172.31.33.0-255,66,24601,34,378293
33528,0.000214,74.125.68.0-255,1484,26085,34,378293
33529,0.000216,172.31.33.0-255,66,26151,34,378293
33530,0.00023,74.125.68.0-255,4320,30471,34,378293
33531,0.000232,172.31.33.0-255,66,30537,34,378293
33532,0.000235,74.125.68.0-255,1125,31662,34,378293
33533,0.000236,172.31.33.0-255,66,31728,34,378293
33534,0.000331,74.125.68.0-255,1484,33212,34,378293
33535,0.000334,172.31.33.0-255,66,33278,34,378293
33536,0.000338,74.125.68.0-255,1484,34762,34,378293
33537,0.00034,172.31.33.0-255,66,34828,34,378293
33538,0.000351,74.125.68.0-255,1484,36312,34,378293
33539,0.000353,172.31.33.0-255,66,36378,34,378293
33540,0.000371,74.125.68.0-255,5738,42116,34,378293
33541,0.000374,172.31.33.0-255,66,42182,34,378293
33542,0.000378,74.125.68.0-255,2902,45084,34,378293
33543,0.00038,172.31.33.0-255,66,45150,34,378293
33544,0.000404,74.125.68.0-255,2902,48052,34,378293
33545,0.000406,172.31.33.0-255,66,48118,34,378293
33546,0.000432,74.125.68.0-255,7156,55274,34,378293
33547,0.000434,172.31.33.0-255,66,55340,34,378293
33548,0.00044,74.125.68.0-255,7156,62496,34,378293
33549,0.000442,172.31.33.0-255,66,62562,34,378293
33550,0.00048,74.125.68.0-255,3934,66496,34,378293
33551,0.000483,172.31.33.0-255,66,66562,34,378293
33552,0.000501,74.125.68.0-255,115,66677,34,378293
33553,0.000567,74.125.68.0-255,1484,68161,34,378293
33554,0.00057,172.31.33.0-255,66,68227,34,378293
33555,0.000574,74.125.68.0-255,1484,69711,34,378293
33556,0.000585,74.125.68.0-255,1484,71195,34,378293
33557,0.000587,172.31.33.0-255,66,71261,34,378293
33558,0.000597,74.125.68.0-255,1484,72745,34,378293
33559,0.00061,74.125.68.0-255,5738,78483,34,378293
33560,0.000612,172.31.33.0-255,66,78549,34,378293
33561,0.000629,74.125.68.0-255,1484,80033,34,378293
33562,0.000649,74.125.68.0-255,7156,87189,34,378293
33563,0.000653,172.31.33.0-255,66,87255,34,378293
33564,0.000654,74.125.68.0-255,5738,92993,34,378293
33565,0.000657,172.31.33.0-255,66,93059,34,378293
33566,0.000676,74.125.68.0-255,4320,97379,34,378293
33567,0.000678,172.31.33.0-255,66,97445,34,378293
33568,0.000683,74.125.68.0-255,3283,100728,34,378293
33569,0.000685,172.31.33.0-255,66,100794,34,378293
33570,0.000823,74.125.68.0-255,1484,102278,34,378293
33571,0.000838,74.125.68.0-255,2902,105180,34,378293
33572,0.000841,172.31.33.0-255,66,105246,34,378293
33573,0.00087,74.125.68.0-255,4320,109566,34,378293
33574,0.000873,172.31.33.0-255,66,109632,34,378293
33575,0.000886,74.125.68.0-255,1484,111116,34,378293
33576,0.000889,74.125.68.0-255,1484,112600,34,378293
33577,0.000891,172.31.33.0-255,66,112666,34,378293
33578,0.000895,74.125.68.0-255,2902,115568,34,378293
33579,0.000898,172.31.33.0-255,66,115634,34,378293
33580,0.000918,74.125.68.0-255,5738,121372,34,378293
33581,0.00092,172.31.33.0-255,66,121438,34,378293
33582,0.000934,74.125.68.0-255,4320,125758,34,378293
33583,0.000936,172.31.33.0-255,66,125824,34,378293
33584,0.000953,74.125.68.0-255,4320,130144,34,378293
33585,0.000956,172.31.33.0-255,66,130210,34,378293
33586,0.000993,74.125.68.0-255,5020,135230,34,378293
33587,0.000996,172.31.33.0-255,66,135296,34,378293
33588,0.00116,74.125.68.0-255,1484,136780,34,378293
33589,0.001177,74.125.68.0-255,2902,139682,34,378293
33590,0.00118,172.31.33.0-255,66,139748,34,378293
33591,0.001224,74.125.68.0-255,2902,142650,34,378293
33592,0.001226,172.31.33.0-255,66,142716,34,378293
33593,0.001243,74.125.68.0-255,1484,144200,34,378293
33594,0.001246,74.125.68.0-255,1484,145684,34,378293
33595,0.001248,172.31.33.0-255,66,145750,34,378293
33596,0.001253,74.125.68.0-255,2902,148652,34,378293
33597,0.001254,172.31.33.0-255,66,148718,34,378293
33598,0.001282,74.125.68.0-255,2902,151620,34,378293
33599,0.001284,172.31.33.0-255,66,151686,34,378293
33600,0.001306,74.125.68.0-255,1484,153170,34,378293
33601,0.001322,74.125.68.0-255,2902,156072,34,378293
33602,0.001325,172.31.33.0-255,66,156138,34,378293
33603,0.00133,74.125.68.0-255,2902,159040,34,378293
33604,0.001331,172.31.33.0-255,66,159106,34,378293
33605,0.001351,74.125.68.0-255,5738,164844,34,378293
33606,0.001354,172.31.33.0-255,66,164910,34,378293
33607,0.001384,74.125.68.0-255,2902,167812,34,378293
33608,0.001387,172.31.33.0-255,66,167878,34,378293
33609,0.001405,74.125.68.0-255,2184,170062,34,378293
33610,0.001407,172.31.33.0-255,66,170128,34,378293
33611,0.001608,74.125.68.0-255,1484,171612,34,378293
33612,0.001621,74.125.68.0-255,2902,174514,34,378293
33613,0.001624,172.31.33.0-255,66,174580,34,378293
33614,0.001648,74.125.68.0-255,1484,176064,34,378293
33615,0.001659,74.125.68.0-255,2902,178966,34,378293
33616,0.001662,172.31.33.0-255,66,179032,34,378293
33617,0.001692,74.125.68.0-255,5738,184770,34,378293
33618,0.001695,172.31.33.0-255,66,184836,34,378293
33619,0.0017,74.125.68.0-255,2902,187738,34,378293
33620,0.001702,172.31.33.0-255,66,187804,34,378293
33621,0.001717,74.125.68.0-255,4320,192124,34,378293
33622,0.001719,172.31.33.0-255,66,192190,34,378293
33623,0.001748,74.125.68.0-255,4320,196510,34,378293
33624,0.00175,172.31.33.0-255,66,196576,34,378293
33625,0.001766,74.125.68.0-255,2902,199478,34,378293
33626,0.001768,172.31.33.0-255,66,199544,34,378293
33627,0.001783,74.125.68.0-255,2902,202446,34,378293
33628,0.001785,172.31.33.0-255,66,202512,34,378293
33629,0.001789,74.125.68.0-255,2184,204696,34,378293
33630,0.001791,172.31.33.0-255,66,204762,34,378293
33631,0.001929,74.125.68.0-255,1484,206246,34,378293
33632,0.001943,74.125.68.0-255,2902,209148,34,378293
33633,0.001946,172.31.33.0-255,66,209214,34,378293
33634,0.00198,74.125.68.0-255,5738,214952,34,378293
33635,0.001981,172.31.33.0-255,66,215018,34,378293
33636,0.002001,74.125.68.0-255,5738,220756,34,378293
33637,0.002003,172.31.33.0-255,66,220822,34,378293
33638,0.002014,74.125.68.0-255,2902,223724,34,378293
33639,0.002015,172.31.33.0-255,66,223790,34,378293
33640,0.00204,74.125.68.0-255,4320,228110,34,378293
33641,0.002042,172.31.33.0-255,66,228176,34,378293
33642,0.002047,74.125.68.0-255,4320,232496,34,378293
33643,0.002048,172.31.33.0-255,66,232562,34,378293
33644,0.002051,74.125.68.0-255,1484,234046,34,378293
33645,0.002076,74.125.68.0-255,5020,239066,34,378293
33646,0.002078,172.31.33.0-255,66,239132,34,378293
33647,0.002115,74.125.68.0-255,1484,240616,34,378293
33648,0.00213,74.125.68.0-255,2902,243518,34,378293
33649,0.002132,172.31.33.0-255,66,243584,34,378293
33650,0.002134,74.125.68.0-255,1484,245068,34,378293
33651,0.002155,74.125.68.0-255,2902,247970,34,378293
33652,0.002157,172.31.33.0-255,66,248036,34,378293
33653,0.002178,74.125.68.0-255,2902,250938,34,378293
33654,0.00218,172.31.33.0-255,66,251004,34,378293
33655,0.002183,74.125.68.0-255,1484,252488,34,378293
33656,0.002194,74.125.68.0-255,2902,255390,34,378293
33657,0.002196,172.31.33.0-255,66,255456,34,378293
33658,0.002212,74.125.68.0-255,2902,258358,34,378293
33659,0.002213,172.31.33.0-255,66,258424,34,378293
33660,0.002218,74.125.68.0-255,5738,264162,34,378293
33661,0.00222,172.31.33.0-255,66,264228,34,378293
33662,0.002224,74.125.68.0-255,2902,267130,34,378293
33663,0.002225,172.31.33.0-255,66,267196,34,378293
33664,0.002245,74.125.68.0-255,1484,268680,34,378293
33665,0.002249,74.125.68.0-255,4320,273000,34,378293
33666,0.002251,172.31.33.0-255,66,273066,34,378293
33667,0.002275,74.125.68.0-255,4320,277386,34,378293
33668,0.002277,172.31.33.0-255,66,277452,34,378293
33669,0.002292,74.125.68.0-255,2184,279636,34,378293
33670,0.002294,172.31.33.0-255,66,279702,34,378293
33671,0.002298,74.125.68.0-255,4320,284022,34,378293
33672,0.002301,172.31.33.0-255,66,284088,34,378293
33673,0.002303,74.125.68.0-255,1484,285572,34,378293
33674,0.002324,74.125.68.0-255,4320,289892,34,378293
33675,0.002326,172.31.33.0-255,66,289958,34,378293
33676,0.002376,172.31.33.0-255,66,290024,34,378293
33677,0.002378,74.125.68.0-255,1484,291508,34,378293
33678,0.002381,74.125.68.0-255,2902,294410,34,378293
33679,0.002383,172.31.33.0-255,66,294476,34,378293
33680,0.002386,74.125.68.0-255,3602,298078,34,378293
33681,0.002388,172.31.33.0-255,66,298144,34,378293
33682,0.002417,74.125.68.0-255,4320,302464,34,378293
33683,0.002419,172.31.33.0-255,66,302530,34,378293
33684,0.002421,74.125.68.0-255,1484,304014,34,378293
33685,0.002436,74.125.68.0-255,1484,305498,34,378293
33686,0.002438,172.31.33.0-255,66,305564,34,378293
33687,0.00244,74.125.68.0-255,1484,307048,34,378293
33688,0.002442,74.125.68.0-255,1484,308532,34,378293
33689,0.002444,172.31.33.0-255,66,308598,34,378293
33690,0.002462,74.125.68.0-255,4320,312918,34,378293
33691,0.002464,172.31.33.0-255,66,312984,34,378293
33692,0.002479,74.125.68.0-255,4320,317304,34,378293
33693,0.002481,172.31.33.0-255,66,317370,34,378293
33694,0.002483,74.125.68.0-255,1484,318854,34,378293
33695,0.002485,74.125.68.0-255,1484,320338,34,378293
33696,0.002487,172.31.33.0-255,66,320404,34,378293
33697,0.00252,74.125.68.0-255,7156,327560,34,378293
33698,0.002522,172.31.33.0-255,66,327626,34,378293
33699,0.002526,74.125.68.0-255,4320,331946,34,378293
33700,0.002528,172.31.33.0-255,66,332012,34,378293
33701,0.002539,74.125.68.0-255,766,332778,34,378293
33702,0.002953,74.125.68.0-255,1484,334262,34,378293
33703,0.002956,172.31.33.0-255,66,334328,34,378293
33704,0.002974,74.125.68.0-255,2902,337230,34,378293
33705,0.002976,172.31.33.0-255,66,337296,34,378293
33706,0.002994,74.125.68.0-255,4320,341616,34,378293
33707,0.002996,172.31.33.0-255,66,341682,34,378293
33708,0.002998,74.125.68.0-255,1484,343166,34,378293
33709,0.003018,74.125.68.0-255,4320,347486,34,378293
33710,0.00302,172.31.33.0-255,66,347552,34,378293
33711,0.00303,74.125.68.0-255,2902,350454,34,378293
33712,0.003031,172.31.33.0-255,66,350520,34,378293
33713,0.003036,74.125.68.0-255,4320,354840,34,378293
33714,0.003038,172.31.33.0-255,66,354906,34,378293
33715,0.003048,74.125.68.0-255,1484,356390,34,378293
33716,0.00305,74.125.68.0-255,1484,357874,34,378293
33717,0.003052,172.31.33.0-255,66,357940,34,378293
33718,0.003069,74.125.68.0-255,2902,360842,34,378293
33719,0.003071,172.31.33.0-255,66,360908,34,378293
33720,0.003073,74.125.68.0-255,1484,362392,34,378293
33721,0.003093,74.125.68.0-255,4320,366712,34,378293
33722,0.003095,172.31.33.0-255,66,366778,34,378293
33723,0.003097,74.125.68.0-255,766,367544,34,378293
33724,0.003108,74.125.68.0-255,1484,369028,34,378293
33725,0.00311,172.31.33.0-255,66,369094,34,378293
33726,0.00313,74.125.68.0-255,4320,373414,34,378293
33727,0.003132,172.31.33.0-255,66,373480,34,378293
33728,0.003151,74.125.68.0-255,1484,374964,34,378293
33729,0.003175,172.31.33.0-255,66,375030,34,378293
33730,0.003178,74.125.68.0-255,1484,376514,34,378293
33731,0.003199,172.31.33.0-255,66,376580,34,378293
33732,0.003203,74.125.68.0-255,1542,378122,34,378293
33733,0.003204,172.31.33.0-255,66,378188,34,378293
33734,0.003244,74.125.68.0-255,105,378293,34,378293
33735,0.0,172.217.27.0-255,153,153,34,223446
33736,1.3e-05,172.31.33.0-255,66,219,34,223446
33737,4.9e-05,172.217.27.0-255,1484,1703,34,223446
33738,5.3e-05,172.31.33.0-255,66,1769,34,223446
33739,5.8e-05,172.217.27.0-255,2902,4671,34,223446
33740,6.1e-05,172.31.33.0-255,66,4737,34,223446
33741,7e-05,172.217.27.0-255,4320,9057,34,223446
33742,7.3e-05,172.31.33.0-255,66,9123,34,223446
33743,8.4e-05,172.31.33.0-255,66,9189,34,223446
33744,8.9e-05,172.217.27.0-255,2902,12091,34,223446
33745,9.1e-05,172.31.33.0-255,66,12157,34,223446
33746,0.000122,172.217.27.0-255,1484,13641,34,223446
33747,0.000123,172.31.33.0-255,66,13707,34,223446
33748,0.000153,172.31.33.0-255,66,13773,34,223446
33749,0.000391,172.217.27.0-255,1484,15257,34,223446
33750,0.000394,172.217.27.0-255,1484,16741,34,223446
33751,0.000399,172.31.33.0-255,66,16807,34,223446
33752,0.000402,172.31.33.0-255,66,16873,34,223446
33753,0.000409,172.217.27.0-255,1484,18357,34,223446
33754,0.000412,172.31.33.0-255,66,18423,34,223446
33755,0.000421,172.217.27.0-255,5738,24161,34,223446
33756,0.000423,172.31.33.0-255,66,24227,34,223446
33757,0.000464,172.217.27.0-255,7156,31383,34,223446
33758,0.000467,172.31.33.0-255,66,31449,34,223446
33759,0.000496,172.217.27.0-255,5379,36828,34,223446
33760,0.000499,172.31.33.0-255,66,36894,34,223446
33761,0.000502,172.217.27.0-255,2902,39796,34,223446
33762,0.000504,172.31.33.0-255,66,39862,34,223446
33763,0.000534,172.31.33.0-255,66,39928,34,223446
33764,0.001133,172.217.27.0-255,116,40044,34,223446
33765,0.001276,172.217.27.0-255,1484,41528,34,223446
33766,0.001281,172.31.33.0-255,66,41594,34,223446
33767,0.001288,172.217.27.0-255,2902,44496,34,223446
33768,0.001289,172.31.33.0-255,66,44562,34,223446
33769,0.001319,172.217.27.0-255,4320,48882,34,223446
33770,0.001321,172.31.33.0-255,66,48948,34,223446
33771,0.001324,172.217.27.0-255,1484,50432,34,223446
33772,0.001348,172.217.27.0-255,4320,54752,34,223446
33773,0.00135,172.31.33.0-255,66,54818,34,223446
33774,0.00136,172.217.27.0-255,1484,56302,34,223446
33775,0.001376,172.217.27.0-255,4320,60622,34,223446
33776,0.001377,172.31.33.0-255,66,60688,34,223446
33777,0.001404,172.217.27.0-255,6797,67485,34,223446
33778,0.001406,172.31.33.0-255,66,67551,34,223446
33779,0.001413,172.217.27.0-255,6797,74348,34,223446
33780,0.001415,172.31.33.0-255,66,74414,34,223446
33781,0.001819,172.217.27.0-255,1484,75898,34,223446
33782,0.001827,172.217.27.0-255,2902,78800,34,223446
33783,0.00183,172.31.33.0-255,66,78866,34,223446
33784,0.001836,172.217.27.0-255,2902,81768,34,223446
33785,0.001837,172.31.33.0-255,66,81834,34,223446
33786,0.001866,172.217.27.0-255,2902,84736,34,223446
33787,0.001868,172.31.33.0-255,66,84802,34,223446
33788,0.001875,172.217.27.0-255,7156,91958,34,223446
33789,0.001898,172.217.27.0-255,4320,96278,34,223446
33790,0.001921,172.217.27.0-255,2184,98462,34,223446
33791,0.001998,172.217.27.0-255,1484,99946,34,223446
33792,0.002015,172.217.27.0-255,2902,102848,34,223446
33793,0.00203,172.217.27.0-255,2902,105750,34,223446
33794,0.002082,172.217.27.0-255,5738,111488,34,223446
33795,0.002104,172.217.27.0-255,4320,115808,34,223446
33796,0.002108,172.217.27.0-255,2902,118710,34,223446
33797,0.002124,172.217.27.0-255,3602,122312,34,223446
33798,0.002511,172.217.27.0-255,1484,123796,34,223446
33799,0.002514,172.217.27.0-255,1484,125280,34,223446
33800,0.00253,172.217.27.0-255,1484,126764,34,223446
33801,0.002539,172.217.27.0-255,1484,128248,34,223446
33802,0.002545,172.217.27.0-255,5738,133986,34,223446
33803,0.002575,172.217.27.0-255,1484,135470,34,223446
33804,0.002592,172.217.27.0-255,5738,141208,34,223446
33805,0.002624,172.217.27.0-255,2184,143392,34,223446
33806,0.002847,172.217.27.0-255,1484,144876,34,223446
33807,0.00285,172.217.27.0-255,1484,146360,34,223446
33808,0.002862,172.217.27.0-255,1484,147844,34,223446
33809,0.002875,172.217.27.0-255,5738,153582,34,223446
33810,0.002883,172.217.27.0-255,1484,155066,34,223446
33811,0.002895,172.217.27.0-255,1484,156550,34,223446
33812,0.002898,172.217.27.0-255,1484,158034,34,223446
33813,0.002912,172.217.27.0-255,2902,160936,34,223446
33814,0.002921,172.217.27.0-255,1484,162420,34,223446
33815,0.00295,172.217.27.0-255,1484,163904,34,223446
33816,0.002953,172.217.27.0-255,1484,165388,34,223446
33817,0.002955,172.217.27.0-255,1484,166872,34,223446
33818,0.00297,172.217.27.0-255,2184,169056,34,223446
33819,0.003001,172.217.27.0-255,4320,173376,34,223446
33820,0.003021,172.217.27.0-255,5738,179114,34,223446
33821,0.003024,172.217.27.0-255,2902,182016,34,223446
33822,0.003047,172.217.27.0-255,1484,183500,34,223446
33823,0.003072,172.217.27.0-255,4320,187820,34,223446
33824,0.003091,172.217.27.0-255,5738,193558,34,223446
33825,0.003103,172.217.27.0-255,2902,196460,34,223446
33826,0.003158,172.217.27.0-255,2902,199362,34,223446
33827,0.003173,172.217.27.0-255,4320,203682,34,223446
33828,0.003194,172.217.27.0-255,7156,210838,34,223446
33829,0.003209,172.217.27.0-255,1484,212322,34,223446
33830,0.003226,172.217.27.0-255,6438,218760,34,223446
33831,0.003331,172.217.27.0-255,2184,220944,34,223446
33832,0.003348,172.217.27.0-255,2160,223104,34,223446
33833,0.003362,172.217.27.0-255,105,223209,34,223446
33834,0.005582,172.31.33.0-255,66,223275,34,223446
33835,0.007942,172.31.33.0-255,105,223380,34,223446
33836,0.00953,172.217.27.0-255,66,223446,34,223446
33837,0.0,172.253.118.0-255,146,146,34,231380
33838,1.3e-05,172.31.33.0-255,66,212,34,231380
33839,3.4e-05,172.253.118.0-255,1484,1696,34,231380
33840,3.8e-05,172.31.33.0-255,66,1762,34,231380
33841,5.6e-05,172.253.118.0-255,1484,3246,34,231380
33842,5.8e-05,172.31.33.0-255,66,3312,34,231380
33843,8.1e-05,172.253.118.0-255,2902,6214,34,231380
33844,8.3e-05,172.31.33.0-255,66,6280,34,231380
33845,8.9e-05,172.253.118.0-255,5738,12018,34,231380
33846,9.2e-05,172.31.33.0-255,66,12084,34,231380
33847,0.000105,172.253.118.0-255,2030,14114,34,231380
33848,0.000107,172.31.33.0-255,66,14180,34,231380
33849,0.000161,172.253.118.0-255,1484,15664,34,231380
33850,0.000163,172.31.33.0-255,66,15730,34,231380
33851,0.000168,172.253.118.0-255,2902,18632,34,231380
33852,0.00017,172.31.33.0-255,66,18698,34,231380
33853,0.000173,172.253.118.0-255,1484,20182,34,231380
33854,0.000174,172.31.33.0-255,66,20248,34,231380
33855,0.000189,172.253.118.0-255,4320,24568,34,231380
33856,0.000192,172.31.33.0-255,66,24634,34,231380
33857,0.000221,172.253.118.0-255,2902,27536,34,231380
33858,0.000223,172.31.33.0-255,66,27602,34,231380
33859,0.000242,172.253.118.0-255,3961,31563,34,231380
33860,0.000245,172.31.33.0-255,66,31629,34,231380
33861,0.000353,172.253.118.0-255,1484,33113,34,231380
33862,0.000356,172.31.33.0-255,66,33179,34,231380
33863,0.000361,172.253.118.0-255,2902,36081,34,231380
33864,0.000363,172.31.33.0-255,66,36147,34,231380
33865,0.000375,172.253.118.0-255,2902,39049,34,231380
33866,0.000377,172.31.33.0-255,66,39115,34,231380
33867,0.000389,172.253.118.0-255,2902,42017,34,231380
33868,0.000391,172.31.33.0-255,66,42083,34,231380
33869,0.000411,172.253.118.0-255,2902,44985,34,231380
33870,0.000413,172.31.33.0-255,66,45051,34,231380
33871,0.000434,172.253.118.0-255,3961,49012,34,231380
33872,0.000436,172.31.33.0-255,66,49078,34,231380
33873,0.000441,172.253.118.0-255,4320,53398,34,231380
33874,0.000443,172.31.33.0-255,66,53464,34,231380
33875,0.000458,172.253.118.0-255,2902,56366,34,231380
33876,0.00046,172.31.33.0-255,66,56432,34,231380
33877,0.000463,172.253.118.0-255,1484,57916,34,231380
33878,0.000486,172.31.33.0-255,66,57982,34,231380
33879,0.0005,172.253.118.0-255,415,58397,34,231380
33880,0.00072,172.253.118.0-255,1484,59881,34,231380
33881,0.000723,172.31.33.0-255,66,59947,34,231380
33882,0.000727,172.253.118.0-255,1484,61431,34,231380
33883,0.000736,172.253.118.0-255,1484,62915,34,231380
33884,0.000739,172.31.33.0-255,66,62981,34,231380
33885,0.000742,172.253.118.0-255,1484,64465,34,231380
33886,0.000766,172.253.118.0-255,4320,68785,34,231380
33887,0.000769,172.31.33.0-255,66,68851,34,231380
33888,0.000774,172.253.118.0-255,4320,73171,34,231380
33889,0.000776,172.31.33.0-255,66,73237,34,231380
33890,0.00078,172.253.118.0-255,2902,76139,34,231380
33891,0.000782,172.31.33.0-255,66,76205,34,231380
33892,0.000806,172.253.118.0-255,2902,79107,34,231380
33893,0.000809,172.31.33.0-255,66,79173,34,231380
33894,0.000821,172.253.118.0-255,2902,82075,34,231380
33895,0.000823,172.31.33.0-255,66,82141,34,231380
33896,0.000827,172.253.118.0-255,2902,85043,34,231380
33897,0.00083,172.31.33.0-255,66,85109,34,231380
33898,0.000851,172.253.118.0-255,1484,86593,34,231380
33899,0.000865,172.253.118.0-255,2902,89495,34,231380
33900,0.000868,172.31.33.0-255,66,89561,34,231380
33901,0.000888,172.253.118.0-255,3602,93163,34,231380
33902,0.000891,172.31.33.0-255,66,93229,34,231380
33903,0.001414,172.253.118.0-255,1484,94713,34,231380
33904,0.00143,172.253.118.0-255,2902,97615,34,231380
33905,0.001433,172.31.33.0-255,66,97681,34,231380
33906,0.001439,172.253.118.0-255,2902,100583,34,231380
33907,0.00144,172.31.33.0-255,66,100649,34,231380
33908,0.001454,172.253.118.0-255,2902,103551,34,231380
33909,0.001456,172.31.33.0-255,66,103617,34,231380
33910,0.001462,172.253.118.0-255,4320,107937,34,231380
33911,0.001463,172.31.33.0-255,66,108003,34,231380
33912,0.001495,172.31.33.0-255,66,108069,34,231380
33913,0.001502,172.253.118.0-255,7156,115225,34,231380
33914,0.001504,172.31.33.0-255,66,115291,34,231380
33915,0.001559,172.253.118.0-255,3602,118893,34,231380
33916,0.001562,172.31.33.0-255,66,118959,34,231380
33917,0.002452,172.253.118.0-255,1484,120443,34,231380
33918,0.00246,172.253.118.0-255,2902,123345,34,231380
33919,0.002463,172.31.33.0-255,66,123411,34,231380
33920,0.00247,172.253.118.0-255,5738,129149,34,231380
33921,0.002472,172.31.33.0-255,66,129215,34,231380
33922,0.002523,172.31.33.0-255,66,129281,34,231380
33923,0.002539,172.253.118.0-255,1484,130765,34,231380
33924,0.00256,172.31.33.0-255,66,130831,34,231380
33925,0.002679,172.253.118.0-255,1484,132315,34,231380
33926,0.002691,172.253.118.0-255,1484,133799,34,231380
33927,0.002693,172.31.33.0-255,66,133865,34,231380
33928,0.002698,172.253.118.0-255,2902,136767,34,231380
33929,0.002699,172.31.33.0-255,66,136833,34,231380
33930,0.002722,172.253.118.0-255,1484,138317,34,231380
33931,0.002741,172.253.118.0-255,4320,142637,34,231380
33932,0.002743,172.31.33.0-255,66,142703,34,231380
33933,0.002749,172.253.118.0-255,5738,148441,34,231380
33934,0.002752,172.31.33.0-255,66,148507,34,231380
33935,0.00277,172.253.118.0-255,7156,155663,34,231380
33936,0.002772,172.31.33.0-255,66,155729,34,231380
33937,0.00279,172.253.118.0-255,1484,157213,34,231380
33938,0.002808,172.253.118.0-255,7156,164369,34,231380
33939,0.002811,172.31.33.0-255,66,164435,34,231380
33940,0.002813,172.253.118.0-255,766,165201,34,231380
33941,0.002833,172.253.118.0-255,1484,166685,34,231380
33942,0.002835,172.31.33.0-255,66,166751,34,231380
33943,0.002861,172.31.33.0-255,66,166817,34,231380
33944,0.002866,172.253.118.0-255,5738,172555,34,231380
33945,0.002868,172.31.33.0-255,66,172621,34,231380
33946,0.002887,172.253.118.0-255,1484,174105,34,231380
33947,0.00292,172.31.33.0-255,66,174171,34,231380
33948,0.002967,172.253.118.0-255,1484,175655,34,231380
33949,0.002979,172.253.118.0-255,1484,177139,34,231380
33950,0.002981,172.31.33.0-255,66,177205,34,231380
33951,0.002995,172.253.118.0-255,4320,181525,34,231380
33952,0.002998,172.31.33.0-255,66,181591,34,231380
33953,0.003,172.253.118.0-255,1484,183075,34,231380
33954,0.003023,172.253.118.0-255,4320,187395,34,231380
33955,0.003025,172.31.33.0-255,66,187461,34,231380
33956,0.003031,172.253.118.0-255,5738,193199,34,231380
33957,0.003033,172.31.33.0-255,66,193265,34,231380
33958,0.003046,172.253.118.0-255,5738,199003,34,231380
33959,0.003049,172.31.33.0-255,66,199069,34,231380
33960,0.003058,172.31.33.0-255,66,199135,34,231380
33961,0.003077,172.253.118.0-255,766,199901,34,231380
33962,0.003128,172.253.118.0-255,1484,201385,34,231380
33963,0.00313,172.31.33.0-255,66,201451,34,231380
33964,0.003134,172.253.118.0-255,2902,204353,34,231380
33965,0.003136,172.31.33.0-255,66,204419,34,231380
33966,0.003146,172.253.118.0-255,1484,205903,34,231380
33967,0.00316,172.253.118.0-255,4320,210223,34,231380
33968,0.003162,172.31.33.0-255,66,210289,34,231380
33969,0.003165,172.253.118.0-255,1484,211773,34,231380
33970,0.003185,172.31.33.0-255,66,211839,34,231380
33971,0.003209,172.253.118.0-255,2902,214741,34,231380
33972,0.003211,172.31.33.0-255,66,214807,34,231380
33973,0.003222,172.31.33.0-255,66,214873,34,231380
33974,0.003225,172.253.118.0-255,1484,216357,34,231380
33975,0.003247,172.31.33.0-255,66,216423,34,231380
33976,0.003288,172.31.33.0-255,66,216489,34,231380
33977,0.003291,172.253.118.0-255,2184,218673,34,231380
33978,0.003293,172.31.33.0-255,66,218739,34,231380
33979,0.003295,172.253.118.0-255,1484,220223,34,231380
33980,0.003355,172.31.33.0-255,66,220289,34,231380
33981,0.003359,172.253.118.0-255,2902,223191,34,231380
33982,0.003361,172.31.33.0-255,66,223257,34,231380
33983,0.003363,172.253.118.0-255,1484,224741,34,231380
33984,0.003387,172.31.33.0-255,66,224807,34,231380
33985,0.003407,172.253.118.0-255,2902,227709,34,231380
33986,0.003409,172.31.33.0-255,66,227775,34,231380
33987,0.003412,172.253.118.0-255,1484,229259,34,231380
33988,0.003438,172.31.33.0-255,66,229325,34,231380
33989,0.003462,172.31.33.0-255,66,229391,34,231380
33990,0.003465,172.253.118.0-255,1484,230875,34,231380
33991,0.003475,172.31.33.0-255,66,230941,34,231380
33992,0.003477,172.253.118.0-255,97,231038,34,231380
33993,0.003531,172.253.118.0-255,105,231143,34,231380
33994,0.005614,172.31.33.0-255,66,231209,34,231380
33995,0.005647,172.31.33.0-255,105,231314,34,231380
33996,0.008194,172.253.118.0-255,66,231380,34,231380
33997,0.0,172.217.194.0-255,143,143,34,144319
33998,2.4e-05,172.31.33.0-255,66,209,34,144319
33999,3.1e-05,172.217.194.0-255,1484,1693,34,144319
34000,3.7e-05,172.31.33.0-255,66,1759,34,144319
34001,4.3e-05,172.217.194.0-255,2902,4661,34,144319
34002,4.6e-05,172.31.33.0-255,66,4727,34,144319
34003,6.1e-05,172.217.194.0-255,7156,11883,34,144319
34004,6.5e-05,172.31.33.0-255,66,11949,34,144319
34005,7.8e-05,172.31.33.0-255,66,12015,34,144319
34006,9e-05,172.31.33.0-255,66,12081,34,144319
34007,0.000164,172.217.194.0-255,1484,13565,34,144319
34008,0.000167,172.31.33.0-255,66,13631,34,144319
34009,0.000172,172.217.194.0-255,2902,16533,34,144319
34010,0.000174,172.31.33.0-255,66,16599,34,144319
34011,0.000181,172.217.194.0-255,5738,22337,34,144319
34012,0.000184,172.31.33.0-255,66,22403,34,144319
34013,0.000187,172.217.194.0-255,1484,23887,34,144319
34014,0.00019,172.31.33.0-255,66,23953,34,144319
34015,0.000226,172.217.194.0-255,5379,29332,34,144319
34016,0.000229,172.31.33.0-255,66,29398,34,144319
34017,0.000244,172.31.33.0-255,66,29464,34,144319
34018,0.000249,172.217.194.0-255,2824,32288,34,144319
34019,0.000251,172.31.33.0-255,66,32354,34,144319
34020,0.000275,172.217.194.0-255,398,32752,34,144319
34021,0.000278,172.31.33.0-255,66,32818,34,144319
34022,0.00055,172.217.194.0-255,1484,34302,34,144319
34023,0.000556,172.31.33.0-255,66,34368,34,144319
34024,0.000562,172.217.194.0-255,2902,37270,34,144319
34025,0.000565,172.31.33.0-255,66,37336,34,144319
34026,0.000577,172.217.194.0-255,5738,43074,34,144319
34027,0.00058,172.31.33.0-255,66,43140,34,144319
34028,0.000626,172.31.33.0-255,66,43206,34,144319
34029,0.000652,172.217.194.0-255,1484,44690,34,144319
34030,0.000666,172.31.33.0-255,66,44756,34,144319
34031,0.000669,172.217.194.0-255,766,45522,34,144319
34032,0.001253,172.217.194.0-255,1484,47006,34,144319
34033,0.001258,172.31.33.0-255,66,47072,34,144319
34034,0.001263,172.217.194.0-255,2902,49974,34,144319
34035,0.001266,172.31.33.0-255,66,50040,34,144319
34036,0.001287,172.217.194.0-255,5738,55778,34,144319
34037,0.001292,172.31.33.0-255,66,55844,34,144319
34038,0.001307,172.217.194.0-255,1484,57328,34,144319
34039,0.001349,172.31.33.0-255,66,57394,34,144319
34040,0.001361,172.31.33.0-255,66,57460,34,144319
34041,0.001598,172.217.194.0-255,1484,58944,34,144319
34042,0.001602,172.217.194.0-255,1484,60428,34,144319
34043,0.001605,172.31.33.0-255,66,60494,34,144319
34044,0.001631,172.217.194.0-255,1484,61978,34,144319
34045,0.001639,172.217.194.0-255,5738,67716,34,144319
34046,0.001641,172.31.33.0-255,66,67782,34,144319
34047,0.001645,172.217.194.0-255,1484,69266,34,144319
34048,0.001671,172.31.33.0-255,66,69332,34,144319
34049,0.001677,172.217.194.0-255,4320,73652,34,144319
34050,0.001679,172.31.33.0-255,66,73718,34,144319
34051,0.001692,172.217.194.0-255,4320,78038,34,144319
34052,0.001695,172.31.33.0-255,66,78104,34,144319
34053,0.00172,172.217.194.0-255,2184,80288,34,144319
34054,0.001722,172.31.33.0-255,66,80354,34,144319
34055,0.001726,172.217.194.0-255,2902,83256,34,144319
34056,0.001729,172.31.33.0-255,66,83322,34,144319
34057,0.001733,172.217.194.0-255,2902,86224,34,144319
34058,0.001735,172.31.33.0-255,66,86290,34,144319
34059,0.001768,172.217.194.0-255,4320,90610,34,144319
34060,0.001771,172.31.33.0-255,66,90676,34,144319
34061,0.001774,172.217.194.0-255,1484,92160,34,144319
34062,0.001812,172.31.33.0-255,66,92226,34,144319
34063,0.001849,172.31.33.0-255,66,92292,34,144319
34064,0.001917,172.217.194.0-255,1484,93776,34,144319
34065,0.001938,172.217.194.0-255,2902,96678,34,144319
34066,0.001942,172.31.33.0-255,66,96744,34,144319
34067,0.001947,172.217.194.0-255,2902,99646,34,144319
34068,0.00195,172.31.33.0-255,66,99712,34,144319
34069,0.00198,172.217.194.0-255,2902,102614,34,144319
34070,0.001983,172.31.33.0-255,66,102680,34,144319
34071,0.001994,172.31.33.0-255,66,102746,34,144319
34072,0.002062,172.31.33.0-255,66,102812,34,144319
34073,0.002182,172.217.194.0-255,1484,104296,34,144319
34074,0.002187,172.217.194.0-255,1484,105780,34,144319
34075,0.00219,172.31.33.0-255,66,105846,34,144319
34076,0.002224,172.217.194.0-255,4320,110166,34,144319
34077,0.002228,172.31.33.0-255,66,110232,34,144319
34078,0.002235,172.217.194.0-255,5738,115970,34,144319
34079,0.002237,172.31.33.0-255,66,116036,34,144319
34080,0.00226,172.31.33.0-255,66,116102,34,144319
34081,0.002263,172.217.194.0-255,1484,117586,34,144319
34082,0.002268,172.217.194.0-255,2902,120488,34,144319
34083,0.00227,172.31.33.0-255,66,120554,34,144319
34084,0.002277,172.217.194.0-255,5020,125574,34,144319
34085,0.00228,172.31.33.0-255,66,125640,34,144319
34086,0.002434,172.217.194.0-255,1484,127124,34,144319
34087,0.002449,172.217.194.0-255,2902,130026,34,144319
34088,0.002453,172.31.33.0-255,66,130092,34,144319
34089,0.002486,172.217.194.0-255,5738,135830,34,144319
34090,0.002489,172.31.33.0-255,66,135896,34,144319
34091,0.002501,172.31.33.0-255,66,135962,34,144319
34092,0.002545,172.31.33.0-255,66,136028,34,144319
34093,0.002572,172.217.194.0-255,2184,138212,34,144319
34094,0.002575,172.31.33.0-255,66,138278,34,144319
34095,0.002586,172.31.33.0-255,66,138344,34,144319
34096,0.002593,172.217.194.0-255,1484,139828,34,144319
34097,0.002599,172.217.194.0-255,4320,144148,34,144319
34098,0.002601,172.31.33.0-255,66,144214,34,144319
34099,0.002747,172.217.194.0-255,105,144319,34,144319
34100,0.0,74.125.68.0-255,153,153,34,237520
34101,2.8e-05,172.31.33.0-255,66,219,34,237520
34102,3.4e-05,74.125.68.0-255,1484,1703,34,237520
34103,3.8e-05,172.31.33.0-255,66,1769,34,237520
34104,5.9e-05,74.125.68.0-255,2902,4671,34,237520
34105,6.2e-05,172.31.33.0-255,66,4737,34,237520
34106,9.7e-05,74.125.68.0-255,5738,10475,34,237520
34107,0.0001,172.31.33.0-255,66,10541,34,237520
34108,0.000131,74.125.68.0-255,3412,13953,34,237520
34109,0.000133,172.31.33.0-255,66,14019,34,237520
34110,0.000202,74.125.68.0-255,1484,15503,34,237520
34111,0.000205,172.31.33.0-255,66,15569,34,237520
34112,0.000236,74.125.68.0-255,2902,18471,34,237520
34113,0.000238,172.31.33.0-255,66,18537,34,237520
34114,0.000242,74.125.68.0-255,2902,21439,34,237520
34115,0.000244,172.31.33.0-255,66,21505,34,237520
34116,0.000248,74.125.68.0-255,4320,25825,34,237520
34117,0.00025,172.31.33.0-255,66,25891,34,237520
34118,0.000289,172.31.33.0-255,66,25957,34,237520
34119,0.000325,172.31.33.0-255,66,26023,34,237520
34120,0.000331,74.125.68.0-255,4320,30343,34,237520
34121,0.000332,172.31.33.0-255,66,30409,34,237520
34122,0.000361,74.125.68.0-255,5738,36147,34,237520
34123,0.000364,172.31.33.0-255,66,36213,34,237520
34124,0.000396,172.31.33.0-255,66,36279,34,237520
34125,0.000399,74.125.68.0-255,398,36677,34,237520
34126,0.0004,172.31.33.0-255,66,36743,34,237520
34127,0.000521,74.125.68.0-255,112,36855,34,237520
34128,0.000524,172.31.33.0-255,66,36921,34,237520
34129,0.000643,74.125.68.0-255,1484,38405,34,237520
34130,0.000649,74.125.68.0-255,2902,41307,34,237520
34131,0.000651,172.31.33.0-255,66,41373,34,237520
34132,0.000676,74.125.68.0-255,5738,47111,34,237520
34133,0.000679,172.31.33.0-255,66,47177,34,237520
34134,0.000685,74.125.68.0-255,5738,52915,34,237520
34135,0.000687,172.31.33.0-255,66,52981,34,237520
34136,0.000712,74.125.68.0-255,7156,60137,34,237520
34137,0.000715,172.31.33.0-255,66,60203,34,237520
34138,0.000748,172.31.33.0-255,66,60269,34,237520
34139,0.000841,74.125.68.0-255,1484,61753,34,237520
34140,0.000858,74.125.68.0-255,2902,64655,34,237520
34141,0.000861,172.31.33.0-255,66,64721,34,237520
34142,0.000889,74.125.68.0-255,5738,70459,34,237520
34143,0.000891,172.31.33.0-255,66,70525,34,237520
34144,0.000895,74.125.68.0-255,2902,73427,34,237520
34145,0.000897,172.31.33.0-255,66,73493,34,237520
34146,0.000928,172.31.33.0-255,66,73559,34,237520
34147,0.000964,172.31.33.0-255,66,73625,34,237520
34148,0.001028,74.125.68.0-255,1484,75109,34,237520
34149,0.001032,74.125.68.0-255,1484,76593,34,237520
34150,0.001034,172.31.33.0-255,66,76659,34,237520
34151,0.001045,74.125.68.0-255,1484,78143,34,237520
34152,0.001063,74.125.68.0-255,4320,82463,34,237520
34153,0.001066,172.31.33.0-255,66,82529,34,237520
34154,0.001076,74.125.68.0-255,1484,84013,34,237520
34155,0.001095,74.125.68.0-255,7156,91169,34,237520
34156,0.001097,172.31.33.0-255,66,91235,34,237520
34157,0.001122,74.125.68.0-255,5738,96973,34,237520
34158,0.001125,172.31.33.0-255,66,97039,34,237520
34159,0.001139,74.125.68.0-255,2902,99941,34,237520
34160,0.001144,172.31.33.0-255,66,100007,34,237520
34161,0.001154,172.31.33.0-255,66,100073,34,237520
34162,0.001304,74.125.68.0-255,1484,101557,34,237520
34163,0.001316,74.125.68.0-255,2902,104459,34,237520
34164,0.001319,172.31.33.0-255,66,104525,34,237520
34165,0.001348,74.125.68.0-255,5738,110263,34,237520
34166,0.001351,172.31.33.0-255,66,110329,34,237520
34167,0.001355,74.125.68.0-255,2902,113231,34,237520
34168,0.001357,172.31.33.0-255,66,113297,34,237520
34169,0.001362,74.125.68.0-255,4320,117617,34,237520
34170,0.001368,172.31.33.0-255,66,117683,34,237520
34171,0.00141,172.31.33.0-255,66,117749,34,237520
34172,0.001418,74.125.68.0-255,5738,123487,34,237520
34173,0.00142,172.31.33.0-255,66,123553,34,237520
34174,0.001439,74.125.68.0-255,2184,125737,34,237520
34175,0.001441,172.31.33.0-255,66,125803,34,237520
34176,0.001482,74.125.68.0-255,2902,128705,34,237520
34177,0.001486,172.31.33.0-255,66,128771,34,237520
34178,0.001492,74.125.68.0-255,5738,134509,34,237520
34179,0.001494,172.31.33.0-255,66,134575,34,237520
34180,0.001519,74.125.68.0-255,1484,136059,34,237520
34181,0.001524,74.125.68.0-255,2902,138961,34,237520
34182,0.001527,172.31.33.0-255,66,139027,34,237520
34183,0.001536,74.125.68.0-255,7156,146183,34,237520
34184,0.001539,172.31.33.0-255,66,146249,34,237520
34185,0.001574,74.125.68.0-255,4320,150569,34,237520
34186,0.001577,172.31.33.0-255,66,150635,34,237520
34187,0.001588,172.31.33.0-255,66,150701,34,237520
34188,0.001591,74.125.68.0-255,766,151467,34,237520
34189,0.001704,74.125.68.0-255,1484,152951,34,237520
34190,0.001708,172.31.33.0-255,66,153017,34,237520
34191,0.001712,74.125.68.0-255,1484,154501,34,237520
34192,0.001734,74.125.68.0-255,1484,155985,34,237520
34193,0.001737,172.31.33.0-255,66,156051,34,237520
34194,0.001744,74.125.68.0-255,5738,161789,34,237520
34195,0.001747,172.31.33.0-255,66,161855,34,237520
34196,0.001766,74.125.68.0-255,5738,167593,34,237520
34197,0.001771,172.31.33.0-255,66,167659,34,237520
34198,0.001786,74.125.68.0-255,1484,169143,34,237520
34199,0.001803,172.31.33.0-255,66,169209,34,237520
34200,0.001815,172.31.33.0-255,66,169275,34,237520
34201,0.002814,74.125.68.0-255,1484,170759,34,237520
34202,0.002823,74.125.68.0-255,1484,172243,34,237520
34203,0.002828,172.31.33.0-255,66,172309,34,237520
34204,0.002836,74.125.68.0-255,2902,175211,34,237520
34205,0.00284,172.31.33.0-255,66,175277,34,237520
34206,0.002862,74.125.68.0-255,5738,181015,34,237520
34207,0.002865,172.31.33.0-255,66,181081,34,237520
34208,0.002894,172.31.33.0-255,66,181147,34,237520
34209,0.002946,172.31.33.0-255,66,181213,34,237520
34210,0.003077,74.125.68.0-255,1484,182697,34,237520
34211,0.003093,74.125.68.0-255,2902,185599,34,237520
34212,0.003095,172.31.33.0-255,66,185665,34,237520
34213,0.003123,74.125.68.0-255,5738,191403,34,237520
34214,0.003126,172.31.33.0-255,66,191469,34,237520
34215,0.003129,74.125.68.0-255,1484,192953,34,237520
34216,0.003134,74.125.68.0-255,2902,195855,34,237520
34217,0.003136,172.31.33.0-255,66,195921,34,237520
34218,0.003149,74.125.68.0-255,5738,201659,34,237520
34219,0.003152,172.31.33.0-255,66,201725,34,237520
34220,0.003199,172.31.33.0-255,66,201791,34,237520
34221,0.003203,74.125.68.0-255,1484,203275,34,237520
34222,0.003207,74.125.68.0-255,2184,205459,34,237520
34223,0.003209,172.31.33.0-255,66,205525,34,237520
34224,0.003212,74.125.68.0-255,1484,207009,34,237520
34225,0.003218,74.125.68.0-255,2902,209911,34,237520
34226,0.003221,172.31.33.0-255,66,209977,34,237520
34227,0.003258,74.125.68.0-255,5738,215715,34,237520
34228,0.003261,172.31.33.0-255,66,215781,34,237520
34229,0.003275,172.31.33.0-255,66,215847,34,237520
34230,0.00328,74.125.68.0-255,4320,220167,34,237520
34231,0.003282,172.31.33.0-255,66,220233,34,237520
34232,0.003367,172.31.33.0-255,66,220299,34,237520
34233,0.003547,74.125.68.0-255,1484,221783,34,237520
34234,0.003566,74.125.68.0-255,2902,224685,34,237520
34235,0.00357,172.31.33.0-255,66,224751,34,237520
34236,0.003575,74.125.68.0-255,4320,229071,34,237520
34237,0.003578,172.31.33.0-255,66,229137,34,237520
34238,0.003581,74.125.68.0-255,1484,230621,34,237520
34239,0.003591,74.125.68.0-255,1484,232105,34,237520
34240,0.003593,172.31.33.0-255,66,232171,34,237520
34241,0.003632,172.31.33.0-255,66,232237,34,237520
34242,0.003634,74.125.68.0-255,1484,233721,34,237520
34243,0.003638,74.125.68.0-255,1484,235205,34,237520
34244,0.00364,172.31.33.0-255,66,235271,34,237520
34245,0.003675,74.125.68.0-255,1981,237252,34,237520
34246,0.003678,172.31.33.0-255,66,237318,34,237520
34247,0.003681,74.125.68.0-255,97,237415,34,237520
34248,0.003711,74.125.68.0-255,105,237520,34,237520
34249,0.0,172.31.33.0-255,105,105,34,276
34250,0.002059,157.240.7.0-255,105,210,34,276
34251,0.002068,172.31.33.0-255,66,276,34,276
34252,0.0,74.125.130.0-255,146,146,34,120991
34253,2.6e-05,172.31.33.0-255,66,212,34,120991
34254,3.2e-05,74.125.130.0-255,1484,1696,34,120991
34255,3.6e-05,172.31.33.0-255,66,1762,34,120991
34256,4e-05,74.125.130.0-255,2902,4664,34,120991
34257,4.3e-05,172.31.33.0-255,66,4730,34,120991
34258,7.7e-05,74.125.130.0-255,2902,7632,34,120991
34259,7.9e-05,172.31.33.0-255,66,7698,34,120991
34260,9.9e-05,74.125.130.0-255,4320,12018,34,120991
34261,0.000102,172.31.33.0-255,66,12084,34,120991
34262,0.000142,74.125.130.0-255,1983,14067,34,120991
34263,0.000145,172.31.33.0-255,66,14133,34,120991
34264,0.000246,74.125.130.0-255,1484,15617,34,120991
34265,0.00025,172.31.33.0-255,66,15683,34,120991
34266,0.000255,74.125.130.0-255,2902,18585,34,120991
34267,0.000258,172.31.33.0-255,66,18651,34,120991
34268,0.000285,74.125.130.0-255,5738,24389,34,120991
34269,0.000289,172.31.33.0-255,66,24455,34,120991
34270,0.000293,74.125.130.0-255,4320,28775,34,120991
34271,0.000298,172.31.33.0-255,66,28841,34,120991
34272,0.000316,74.125.130.0-255,2902,31743,34,120991
34273,0.00032,172.31.33.0-255,66,31809,34,120991
34274,0.000345,74.125.130.0-255,2543,34352,34,120991
34275,0.000348,172.31.33.0-255,66,34418,34,120991
34276,0.000358,172.31.33.0-255,66,34484,34,120991
34277,0.000395,74.125.130.0-255,5379,39863,34,120991
34278,0.000398,172.31.33.0-255,66,39929,34,120991
34279,0.000439,74.125.130.0-255,5738,45667,34,120991
34280,0.000442,172.31.33.0-255,66,45733,34,120991
34281,0.000453,172.31.33.0-255,66,45799,34,120991
34282,0.000502,74.125.130.0-255,2856,48655,34,120991
34283,0.000505,172.31.33.0-255,66,48721,34,120991
34284,0.001433,74.125.130.0-255,364,49085,34,120991
34285,0.001466,172.31.33.0-255,66,49151,34,120991
34286,0.001721,74.125.130.0-255,1484,50635,34,120991
34287,0.001726,74.125.130.0-255,1484,52119,34,120991
34288,0.001729,172.31.33.0-255,66,52185,34,120991
34289,0.001741,74.125.130.0-255,1484,53669,34,120991
34290,0.001745,74.125.130.0-255,2902,56571,34,120991
34291,0.001747,172.31.33.0-255,66,56637,34,120991
34292,0.001775,74.125.130.0-255,2902,59539,34,120991
34293,0.001778,172.31.33.0-255,66,59605,34,120991
34294,0.001782,74.125.130.0-255,4320,63925,34,120991
34295,0.001783,172.31.33.0-255,66,63991,34,120991
34296,0.001789,74.125.130.0-255,5738,69729,34,120991
34297,0.00179,172.31.33.0-255,66,69795,34,120991
34298,0.001795,74.125.130.0-255,4320,74115,34,120991
34299,0.001796,172.31.33.0-255,66,74181,34,120991
34300,0.001821,74.125.130.0-255,7156,81337,34,120991
34301,0.001824,172.31.33.0-255,66,81403,34,120991
34302,0.001827,74.125.130.0-255,2184,83587,34,120991
34303,0.001829,172.31.33.0-255,66,83653,34,120991
34304,0.002368,74.125.130.0-255,1484,85137,34,120991
34305,0.002374,74.125.130.0-255,2902,88039,34,120991
34306,0.002377,172.31.33.0-255,66,88105,34,120991
34307,0.002395,74.125.130.0-255,5738,93843,34,120991
34308,0.002397,172.31.33.0-255,66,93909,34,120991
34309,0.002416,74.125.130.0-255,4320,98229,34,120991
34310,0.002418,172.31.33.0-255,66,98295,34,120991
34311,0.002436,172.31.33.0-255,66,98361,34,120991
34312,0.002442,74.125.130.0-255,7156,105517,34,120991
34313,0.002444,172.31.33.0-255,66,105583,34,120991
34314,0.00247,74.125.130.0-255,1484,107067,34,120991
34315,0.002481,74.125.130.0-255,2184,109251,34,120991
34316,0.002483,172.31.33.0-255,66,109317,34,120991
34317,0.00496,74.125.130.0-255,1484,110801,34,120991
34318,0.005003,74.125.130.0-255,4320,115121,34,120991
34319,0.005008,172.31.33.0-255,66,115187,34,120991
34320,0.007545,74.125.130.0-255,5738,120925,34,120991
34321,0.007552,172.31.33.0-255,66,120991,34,120991
34322,0.0,172.217.194.0-255,153,153,34,89497
34323,1.9e-05,172.31.33.0-255,66,219,34,89497
34324,4e-05,172.217.194.0-255,1484,1703,34,89497
34325,4.4e-05,172.31.33.0-255,66,1769,34,89497
34326,4.7e-05,172.217.194.0-255,1484,3253,34,89497
34327,4.9e-05,172.31.33.0-255,66,3319,34,89497
34328,6.8e-05,172.217.194.0-255,1484,4803,34,89497
34329,7e-05,172.31.33.0-255,66,4869,34,89497
34330,0.000109,172.217.194.0-255,7156,12025,34,89497
34331,0.000112,172.31.33.0-255,66,12091,34,89497
34332,0.000243,172.217.194.0-255,2030,14121,34,89497
34333,0.000247,172.31.33.0-255,66,14187,34,89497
34334,0.000277,172.217.194.0-255,1484,15671,34,89497
34335,0.00028,172.31.33.0-255,66,15737,34,89497
34336,0.000305,172.31.33.0-255,66,15803,34,89497
34337,0.000525,172.31.33.0-255,66,15869,34,89497
34338,0.000688,172.217.194.0-255,2902,18771,34,89497
34339,0.000692,172.31.33.0-255,66,18837,34,89497
34340,0.000726,172.31.33.0-255,66,18903,34,89497
34341,0.000957,172.217.194.0-255,5738,24641,34,89497
34342,0.000962,172.31.33.0-255,66,24707,34,89497
34343,0.000987,172.31.33.0-255,66,24773,34,89497
34344,0.001319,172.31.33.0-255,66,24839,34,89497
34345,0.001484,172.217.194.0-255,2902,27741,34,89497
34346,0.001488,172.31.33.0-255,66,27807,34,89497
34347,0.001529,172.31.33.0-255,66,27873,34,89497
34348,0.00155,172.217.194.0-255,2184,30057,34,89497
34349,0.002037,172.217.194.0-255,4320,34377,34,89497
34350,0.00266,172.217.194.0-255,5738,40115,34,89497
34351,0.003285,172.217.194.0-255,2902,43017,34,89497
34352,0.003335,172.217.194.0-255,2884,45901,34,89497
34353,0.004,172.217.194.0-255,2902,48803,34,89497
34354,0.004015,172.217.194.0-255,7156,55959,34,89497
34355,0.004047,172.217.194.0-255,7156,63115,34,89497
34356,0.00406,172.217.194.0-255,4320,67435,34,89497
34357,0.004429,172.31.33.0-255,66,67501,34,89497
34358,0.00468,172.217.194.0-255,1484,68985,34,89497
34359,0.00472,172.217.194.0-255,5738,74723,34,89497
34360,0.004725,172.31.33.0-255,66,74789,34,89497
34361,0.004771,172.31.33.0-255,66,74855,34,89497
34362,0.004784,172.31.33.0-255,66,74921,34,89497
34363,0.0048,172.217.194.0-255,2902,77823,34,89497
34364,0.004806,172.31.33.0-255,66,77889,34,89497
34365,0.00577,172.31.33.0-255,66,77955,34,89497
34366,0.006013,172.217.194.0-255,5738,83693,34,89497
34367,0.006105,172.217.194.0-255,5738,89431,34,89497
34368,0.008973,172.31.33.0-255,66,89497,34,89497
34369,0.0,74.125.68.0-255,153,153,34,336668
34370,3.3e-05,172.31.33.0-255,66,219,34,336668
34371,4.1e-05,74.125.68.0-255,1484,1703,34,336668
34372,4.6e-05,172.31.33.0-255,66,1769,34,336668
34373,5.7e-05,74.125.68.0-255,2902,4671,34,336668
34374,6e-05,172.31.33.0-255,66,4737,34,336668
34375,6.7e-05,74.125.68.0-255,5738,10475,34,336668
34376,6.9e-05,172.31.33.0-255,66,10541,34,336668
34377,0.000101,74.125.68.0-255,3472,14013,34,336668
34378,0.000104,172.31.33.0-255,66,14079,34,336668
34379,0.000112,74.125.68.0-255,4320,18399,34,336668
34380,0.000115,172.31.33.0-255,66,18465,34,336668
34381,0.000118,74.125.68.0-255,1484,19949,34,336668
34382,0.00012,172.31.33.0-255,66,20015,34,336668
34383,0.000165,172.31.33.0-255,66,20081,34,336668
34384,0.00017,74.125.68.0-255,2543,22624,34,336668
34385,0.000172,172.31.33.0-255,66,22690,34,336668
34386,0.000235,74.125.68.0-255,1484,24174,34,336668
34387,0.000239,172.31.33.0-255,66,24240,34,336668
34388,0.000242,74.125.68.0-255,1484,25724,34,336668
34389,0.000244,172.31.33.0-255,66,25790,34,336668
34390,0.000263,74.125.68.0-255,1484,27274,34,336668
34391,0.000266,172.31.33.0-255,66,27340,34,336668
34392,0.000279,74.125.68.0-255,5738,33078,34,336668
34393,0.000282,172.31.33.0-255,66,33144,34,336668
34394,0.000288,74.125.68.0-255,4320,37464,34,336668
34395,0.00029,172.31.33.0-255,66,37530,34,336668
34396,0.000318,74.125.68.0-255,2543,40073,34,336668
34397,0.000321,172.31.33.0-255,66,40139,34,336668
34398,0.000329,74.125.68.0-255,7156,47295,34,336668
34399,0.000332,172.31.33.0-255,66,47361,34,336668
34400,0.000337,74.125.68.0-255,2902,50263,34,336668
34401,0.00034,172.31.33.0-255,66,50329,34,336668
34402,0.000373,74.125.68.0-255,5738,56067,34,336668
34403,0.000378,172.31.33.0-255,66,56133,34,336668
34404,0.000401,74.125.68.0-255,1481,57614,34,336668
34405,0.000417,74.125.68.0-255,330,57944,34,336668
34406,0.000423,172.31.33.0-255,66,58010,34,336668
34407,0.000587,74.125.68.0-255,1484,59494,34,336668
34408,0.000594,74.125.68.0-255,2902,62396,34,336668
34409,0.000597,172.31.33.0-255,66,62462,34,336668
34410,0.0006,74.125.68.0-255,1484,63946,34,336668
34411,0.000629,74.125.68.0-255,4320,68266,34,336668
34412,0.000632,172.31.33.0-255,66,68332,34,336668
34413,0.000646,74.125.68.0-255,4320,72652,34,336668
34414,0.000654,172.31.33.0-255,66,72718,34,336668
34415,0.000682,74.125.68.0-255,7156,79874,34,336668
34416,0.000686,172.31.33.0-255,66,79940,34,336668
34417,0.000691,74.125.68.0-255,4320,84260,34,336668
34418,0.000694,172.31.33.0-255,66,84326,34,336668
34419,0.000714,172.31.33.0-255,66,84392,34,336668
34420,0.00107,74.125.68.0-255,1484,85876,34,336668
34421,0.001076,74.125.68.0-255,2902,88778,34,336668
34422,0.001079,172.31.33.0-255,66,88844,34,336668
34423,0.001102,74.125.68.0-255,1484,90328,34,336668
34424,0.001108,74.125.68.0-255,2902,93230,34,336668
34425,0.001112,172.31.33.0-255,66,93296,34,336668
34426,0.001119,74.125.68.0-255,5738,99034,34,336668
34427,0.001121,172.31.33.0-255,66,99100,34,336668
34428,0.001156,172.31.33.0-255,66,99166,34,336668
34429,0.001194,172.31.33.0-255,66,99232,34,336668
34430,0.001197,74.125.68.0-255,766,99998,34,336668
34431,0.001334,172.31.33.0-255,66,100064,34,336668
34432,0.001443,74.125.68.0-255,1484,101548,34,336668
34433,0.001466,74.125.68.0-255,2902,104450,34,336668
34434,0.001471,172.31.33.0-255,66,104516,34,336668
34435,0.001475,74.125.68.0-255,1484,106000,34,336668
34436,0.001508,74.125.68.0-255,4320,110320,34,336668
34437,0.001511,172.31.33.0-255,66,110386,34,336668
34438,0.001516,74.125.68.0-255,2902,113288,34,336668
34439,0.001518,172.31.33.0-255,66,113354,34,336668
34440,0.001523,74.125.68.0-255,4320,117674,34,336668
34441,0.001524,172.31.33.0-255,66,117740,34,336668
34442,0.001562,172.31.33.0-255,66,117806,34,336668
34443,0.001567,74.125.68.0-255,4320,122126,34,336668
34444,0.001569,172.31.33.0-255,66,122192,34,336668
34445,0.001596,74.125.68.0-255,1484,123676,34,336668
34446,0.001615,74.125.68.0-255,2184,125860,34,336668
34447,0.001618,172.31.33.0-255,66,125926,34,336668
34448,0.002266,74.125.68.0-255,1484,127410,34,336668
34449,0.002272,74.125.68.0-255,1484,128894,34,336668
34450,0.002275,172.31.33.0-255,66,128960,34,336668
34451,0.002289,74.125.68.0-255,1484,130444,34,336668
34452,0.0023,74.125.68.0-255,5738,136182,34,336668
34453,0.002301,172.31.33.0-255,66,136248,34,336668
34454,0.002305,74.125.68.0-255,2902,139150,34,336668
34455,0.002307,172.31.33.0-255,66,139216,34,336668
34456,0.002356,172.31.33.0-255,66,139282,34,336668
34457,0.002363,74.125.68.0-255,5738,145020,34,336668
34458,0.002365,172.31.33.0-255,66,145086,34,336668
34459,0.002386,74.125.68.0-255,4320,149406,34,336668
34460,0.002389,172.31.33.0-255,66,149472,34,336668
34461,0.002392,74.125.68.0-255,766,150238,34,336668
34462,0.002635,74.125.68.0-255,1484,151722,34,336668
34463,0.002638,172.31.33.0-255,66,151788,34,336668
34464,0.002666,74.125.68.0-255,2902,154690,34,336668
34465,0.002668,172.31.33.0-255,66,154756,34,336668
34466,0.002671,74.125.68.0-255,1484,156240,34,336668
34467,0.002692,74.125.68.0-255,2902,159142,34,336668
34468,0.002694,172.31.33.0-255,66,159208,34,336668
34469,0.002697,74.125.68.0-255,1484,160692,34,336668
34470,0.002723,74.125.68.0-255,4320,165012,34,336668
34471,0.002727,74.125.68.0-255,2902,167914,34,336668
34472,0.002731,74.125.68.0-255,4320,172234,34,336668
34473,0.002772,74.125.68.0-255,1484,173718,34,336668
34474,0.002774,74.125.68.0-255,1484,175202,34,336668
34475,0.00279,74.125.68.0-255,766,175968,34,336668
34476,0.002816,74.125.68.0-255,4320,180288,34,336668
34477,0.002819,74.125.68.0-255,1484,181772,34,336668
34478,0.002835,74.125.68.0-255,1484,183256,34,336668
34479,0.002854,74.125.68.0-255,5738,188994,34,336668
34480,0.002861,74.125.68.0-255,4320,193314,34,336668
34481,0.002864,74.125.68.0-255,1484,194798,34,336668
34482,0.002867,74.125.68.0-255,1484,196282,34,336668
34483,0.00288,74.125.68.0-255,1484,197766,34,336668
34484,0.00291,74.125.68.0-255,5738,203504,34,336668
34485,0.002925,74.125.68.0-255,1484,204988,34,336668
34486,0.002928,74.125.68.0-255,1484,206472,34,336668
34487,0.002962,74.125.68.0-255,2902,209374,34,336668
34488,0.002972,74.125.68.0-255,2184,211558,34,336668
34489,0.002984,74.125.68.0-255,2902,214460,34,336668
34490,0.002999,74.125.68.0-255,2902,217362,34,336668
34491,0.003016,74.125.68.0-255,1484,218846,34,336668
34492,0.003028,74.125.68.0-255,4320,223166,34,336668
34493,0.00305,74.125.68.0-255,7156,230322,34,336668
34494,0.003069,74.125.68.0-255,4320,234642,34,336668
34495,0.003084,74.125.68.0-255,5738,240380,34,336668
34496,0.003096,74.125.68.0-255,3602,243982,34,336668
34497,0.003098,74.125.68.0-255,1484,245466,34,336668
34498,0.003101,74.125.68.0-255,1484,246950,34,336668
34499,0.003116,74.125.68.0-255,1484,248434,34,336668
34500,0.003119,74.125.68.0-255,1484,249918,34,336668
34501,0.00313,74.125.68.0-255,2902,252820,34,336668
34502,0.00314,74.125.68.0-255,1484,254304,34,336668
34503,0.003155,74.125.68.0-255,4320,258624,34,336668
34504,0.003171,74.125.68.0-255,1484,260108,34,336668
34505,0.003176,172.31.33.0-255,78,260186,34,336668
34506,0.003183,74.125.68.0-255,7156,267342,34,336668
34507,0.003188,74.125.68.0-255,2902,270244,34,336668
34508,0.003207,74.125.68.0-255,2902,273146,34,336668
34509,0.00321,74.125.68.0-255,1484,274630,34,336668
34510,0.003228,74.125.68.0-255,3602,278232,34,336668
34511,0.003242,74.125.68.0-255,2902,281134,34,336668
34512,0.003265,74.125.68.0-255,2902,284036,34,336668
34513,0.003283,74.125.68.0-255,5738,289774,34,336668
34514,0.003379,74.125.68.0-255,2902,292676,34,336668
34515,0.003396,74.125.68.0-255,7156,299832,34,336668
34516,0.003401,74.125.68.0-255,4320,304152,34,336668
34517,0.003406,74.125.68.0-255,5738,309890,34,336668
34518,0.00342,74.125.68.0-255,2184,312074,34,336668
34519,0.003466,74.125.68.0-255,1484,313558,34,336668
34520,0.003481,74.125.68.0-255,1484,315042,34,336668
34521,0.00349,74.125.68.0-255,1484,316526,34,336668
34522,0.003509,74.125.68.0-255,5738,322264,34,336668
34523,0.003522,74.125.68.0-255,1484,323748,34,336668
34524,0.003539,74.125.68.0-255,7156,330904,34,336668
34525,0.00358,74.125.68.0-255,5659,336563,34,336668
34526,0.003592,74.125.68.0-255,105,336668,34,336668
34527,0.0,172.217.194.0-255,147,147,34,160648
34528,1.8e-05,172.31.33.0-255,66,213,34,160648
34529,3.7e-05,172.217.194.0-255,1484,1697,34,160648
34530,4e-05,172.31.33.0-255,66,1763,34,160648
34531,5.1e-05,172.217.194.0-255,2902,4665,34,160648
34532,5.4e-05,172.31.33.0-255,66,4731,34,160648
34533,7.8e-05,172.217.194.0-255,2902,7633,34,160648
34534,8.2e-05,172.31.33.0-255,66,7699,34,160648
34535,0.000102,172.217.194.0-255,4320,12019,34,160648
34536,0.000105,172.31.33.0-255,66,12085,34,160648
34537,0.000108,172.217.194.0-255,2025,14110,34,160648
34538,0.00011,172.31.33.0-255,66,14176,34,160648
34539,0.000142,172.217.194.0-255,2902,17078,34,160648
34540,0.000146,172.31.33.0-255,66,17144,34,160648
34541,0.000165,172.217.194.0-255,5738,22882,34,160648
34542,0.000167,172.31.33.0-255,66,22948,34,160648
34543,0.00017,172.217.194.0-255,1484,24432,34,160648
34544,0.000172,172.31.33.0-255,66,24498,34,160648
34545,0.000192,172.31.33.0-255,66,24564,34,160648
34546,0.000197,172.217.194.0-255,4320,28884,34,160648
34547,0.000199,172.31.33.0-255,66,28950,34,160648
34548,0.000215,172.217.194.0-255,4320,33270,34,160648
34549,0.000218,172.31.33.0-255,66,33336,34,160648
34550,0.000234,172.217.194.0-255,1484,34820,34,160648
34551,0.000236,172.31.33.0-255,66,34886,34,160648
34552,0.000255,172.217.194.0-255,5020,39906,34,160648
34553,0.000258,172.31.33.0-255,66,39972,34,160648
34554,0.000932,172.217.194.0-255,1484,41456,34,160648
34555,0.000938,172.31.33.0-255,66,41522,34,160648
34556,0.000946,172.217.194.0-255,2902,44424,34,160648
34557,0.000948,172.31.33.0-255,66,44490,34,160648
34558,0.000952,172.217.194.0-255,1484,45974,34,160648
34559,0.000969,172.217.194.0-255,4320,50294,34,160648
34560,0.000971,172.31.33.0-255,66,50360,34,160648
34561,0.000975,172.217.194.0-255,2902,53262,34,160648
34562,0.000977,172.31.33.0-255,66,53328,34,160648
34563,0.00102,172.217.194.0-255,1484,54812,34,160648
34564,0.00104,172.217.194.0-255,2821,57633,34,160648
34565,0.001043,172.31.33.0-255,66,57699,34,160648
34566,0.001454,172.217.194.0-255,1484,59183,34,160648
34567,0.001475,172.217.194.0-255,2902,62085,34,160648
34568,0.001479,172.31.33.0-255,66,62151,34,160648
34569,0.001484,172.217.194.0-255,4320,66471,34,160648
34570,0.001486,172.31.33.0-255,66,66537,34,160648
34571,0.001499,172.217.194.0-255,1484,68021,34,160648
34572,0.001531,172.217.194.0-255,4320,72341,34,160648
34573,0.001534,172.31.33.0-255,66,72407,34,160648
34574,0.001555,172.217.194.0-255,5379,77786,34,160648
34575,0.001557,172.31.33.0-255,66,77852,34,160648
34576,0.001563,172.217.194.0-255,7156,85008,34,160648
34577,0.001565,172.31.33.0-255,66,85074,34,160648
34578,0.00158,172.217.194.0-255,2902,87976,34,160648
34579,0.001582,172.31.33.0-255,66,88042,34,160648
34580,0.001587,172.217.194.0-255,7156,95198,34,160648
34581,0.001589,172.31.33.0-255,66,95264,34,160648
34582,0.00161,172.217.194.0-255,2902,98166,34,160648
34583,0.001612,172.31.33.0-255,66,98232,34,160648
34584,0.001631,172.217.194.0-255,4320,102552,34,160648
34585,0.001633,172.31.33.0-255,66,102618,34,160648
34586,0.001655,172.217.194.0-255,6438,109056,34,160648
34587,0.001657,172.31.33.0-255,66,109122,34,160648
34588,0.002203,172.217.194.0-255,1484,110606,34,160648
34589,0.002209,172.217.194.0-255,1484,112090,34,160648
34590,0.002211,172.31.33.0-255,66,112156,34,160648
34591,0.002226,172.217.194.0-255,1484,113640,34,160648
34592,0.002228,172.217.194.0-255,1484,115124,34,160648
34593,0.00223,172.31.33.0-255,66,115190,34,160648
34594,0.002255,172.217.194.0-255,4320,119510,34,160648
34595,0.002257,172.31.33.0-255,66,119576,34,160648
34596,0.002263,172.217.194.0-255,5738,125314,34,160648
34597,0.002264,172.31.33.0-255,66,125380,34,160648
34598,0.002286,172.217.194.0-255,2902,128282,34,160648
34599,0.002288,172.31.33.0-255,66,128348,34,160648
34600,0.002301,172.217.194.0-255,4320,132668,34,160648
34601,0.002303,172.31.33.0-255,66,132734,34,160648
34602,0.002317,172.217.194.0-255,5738,138472,34,160648
34603,0.002319,172.31.33.0-255,66,138538,34,160648
34604,0.002325,172.217.194.0-255,5020,143558,34,160648
34605,0.002326,172.31.33.0-255,66,143624,34,160648
34606,0.002379,172.31.33.0-255,66,143690,34,160648
34607,0.002408,172.217.194.0-255,2902,146592,34,160648
34608,0.00241,172.31.33.0-255,66,146658,34,160648
34609,0.002426,172.31.33.0-255,66,146724,34,160648
34610,0.002436,172.31.33.0-255,66,146790,34,160648
34611,0.00247,172.217.194.0-255,2184,148974,34,160648
34612,0.002473,172.31.33.0-255,66,149040,34,160648
34613,0.004983,172.217.194.0-255,5738,154778,34,160648
34614,0.004988,172.31.33.0-255,66,154844,34,160648
34615,0.007529,172.217.194.0-255,5738,160582,34,160648
34616,0.007536,172.31.33.0-255,66,160648,34,160648
34617,0.0,74.125.130.0-255,153,153,34,138773
34618,3.2e-05,172.31.33.0-255,66,219,34,138773
34619,3.9e-05,74.125.130.0-255,1484,1703,34,138773
34620,4.3e-05,172.31.33.0-255,66,1769,34,138773
34621,4.8e-05,74.125.130.0-255,2902,4671,34,138773
34622,5.7e-05,172.31.33.0-255,66,4737,34,138773
34623,6.2e-05,74.125.130.0-255,4320,9057,34,138773
34624,6.5e-05,172.31.33.0-255,66,9123,34,138773
34625,9.2e-05,74.125.130.0-255,4919,14042,34,138773
34626,9.6e-05,172.31.33.0-255,66,14108,34,138773
34627,0.000154,74.125.130.0-255,1484,15592,34,138773
34628,0.000158,172.31.33.0-255,66,15658,34,138773
34629,0.000163,74.125.130.0-255,2902,18560,34,138773
34630,0.000164,172.31.33.0-255,66,18626,34,138773
34631,0.000176,74.125.130.0-255,4320,22946,34,138773
34632,0.000181,172.31.33.0-255,66,23012,34,138773
34633,0.000192,74.125.130.0-255,1484,24496,34,138773
34634,0.000194,172.31.33.0-255,66,24562,34,138773
34635,0.000197,74.125.130.0-255,1484,26046,34,138773
34636,0.000199,172.31.33.0-255,66,26112,34,138773
34637,0.000238,74.125.130.0-255,5379,31491,34,138773
34638,0.000241,172.31.33.0-255,66,31557,34,138773
34639,0.000249,74.125.130.0-255,7156,38713,34,138773
34640,0.000251,172.31.33.0-255,66,38779,34,138773
34641,0.000262,74.125.130.0-255,5738,44517,34,138773
34642,0.000265,172.31.33.0-255,66,44583,34,138773
34643,0.000295,74.125.130.0-255,3961,48544,34,138773
34644,0.000298,172.31.33.0-255,66,48610,34,138773
34645,0.000363,74.125.130.0-255,1484,50094,34,138773
34646,0.000367,172.31.33.0-255,66,50160,34,138773
34647,0.000371,74.125.130.0-255,1484,51644,34,138773
34648,0.000373,172.31.33.0-255,66,51710,34,138773
34649,0.000391,74.125.130.0-255,1484,53194,34,138773
34650,0.000402,74.125.130.0-255,4320,57514,34,138773
34651,0.000409,172.31.33.0-255,66,57580,34,138773
34652,0.00042,74.125.130.0-255,5738,63318,34,138773
34653,0.000423,172.31.33.0-255,66,63384,34,138773
34654,0.000457,74.125.130.0-255,2838,66222,34,138773
34655,0.00046,172.31.33.0-255,66,66288,34,138773
34656,0.000463,74.125.130.0-255,381,66669,34,138773
34657,0.000633,74.125.130.0-255,1484,68153,34,138773
34658,0.000638,172.31.33.0-255,66,68219,34,138773
34659,0.000644,74.125.130.0-255,2902,71121,34,138773
34660,0.000646,172.31.33.0-255,66,71187,34,138773
34661,0.000687,74.125.130.0-255,5738,76925,34,138773
34662,0.000691,172.31.33.0-255,66,76991,34,138773
34663,0.000696,74.125.130.0-255,4320,81311,34,138773
34664,0.000698,172.31.33.0-255,66,81377,34,138773
34665,0.000742,74.125.130.0-255,2543,83920,34,138773
34666,0.000746,172.31.33.0-255,66,83986,34,138773
34667,0.000789,74.125.130.0-255,2902,86888,34,138773
34668,0.000794,172.31.33.0-255,66,86954,34,138773
34669,0.000819,74.125.130.0-255,4320,91274,34,138773
34670,0.000822,172.31.33.0-255,66,91340,34,138773
34671,0.000827,74.125.130.0-255,2902,94242,34,138773
34672,0.000829,172.31.33.0-255,66,94308,34,138773
34673,0.000854,74.125.130.0-255,5738,100046,34,138773
34674,0.000862,172.31.33.0-255,66,100112,34,138773
34675,0.000865,74.125.130.0-255,1125,101237,34,138773
34676,0.001093,172.31.33.0-255,66,101303,34,138773
34677,0.001556,74.125.130.0-255,1484,102787,34,138773
34678,0.001566,74.125.130.0-255,2902,105689,34,138773
34679,0.001571,172.31.33.0-255,66,105755,34,138773
34680,0.001579,74.125.130.0-255,5738,111493,34,138773
34681,0.001581,172.31.33.0-255,66,111559,34,138773
34682,0.001623,172.31.33.0-255,66,111625,34,138773
34683,0.001627,74.125.130.0-255,2902,114527,34,138773
34684,0.001629,172.31.33.0-255,66,114593,34,138773
34685,0.001641,74.125.130.0-255,4320,118913,34,138773
34686,0.001643,172.31.33.0-255,66,118979,34,138773
34687,0.001668,74.125.130.0-255,3602,122581,34,138773
34688,0.001676,172.31.33.0-255,66,122647,34,138773
34689,0.004307,74.125.130.0-255,1484,124131,34,138773
34690,0.004331,74.125.130.0-255,2902,127033,34,138773
34691,0.004334,172.31.33.0-255,66,127099,34,138773
34692,0.004355,74.125.130.0-255,1484,128583,34,138773
34693,0.00692,74.125.130.0-255,4320,132903,34,138773
34694,0.006927,172.31.33.0-255,66,132969,34,138773
34695,0.009508,74.125.130.0-255,5738,138707,34,138773
34696,0.009516,172.31.33.0-255,66,138773,34,138773
34697,0.0,172.31.33.0-255,105,105,34,276
34698,0.002121,157.240.7.0-255,105,210,34,276
34699,0.002142,172.31.33.0-255,66,276,34,276
34700,0.0,172.31.33.0-255,105,105,34,342
34701,0.002271,74.125.24.0-255,66,171,34,342
34702,0.002293,74.125.24.0-255,105,276,34,342
34703,0.002297,172.31.33.0-255,66,342,34,342
34704,0.0,74.125.24.0-255,152,152,34,287560
34705,1.7e-05,172.31.33.0-255,66,218,34,287560
34706,2.3e-05,74.125.24.0-255,1484,1702,34,287560
34707,2.7e-05,172.31.33.0-255,66,1768,34,287560
34708,3.3e-05,74.125.24.0-255,2902,4670,34,287560
34709,3.6e-05,172.31.33.0-255,66,4736,34,287560
34710,4e-05,74.125.24.0-255,2902,7638,34,287560
34711,4.3e-05,172.31.33.0-255,66,7704,34,287560
34712,6.4e-05,74.125.24.0-255,2902,10606,34,287560
34713,6.7e-05,172.31.33.0-255,66,10672,34,287560
34714,8e-05,74.125.24.0-255,3507,14179,34,287560
34715,8.3e-05,172.31.33.0-255,66,14245,34,287560
34716,0.00013,74.125.24.0-255,1484,15729,34,287560
34717,0.000132,172.31.33.0-255,66,15795,34,287560
34718,0.000135,74.125.24.0-255,1484,17279,34,287560
34719,0.000137,172.31.33.0-255,66,17345,34,287560
34720,0.000149,74.125.24.0-255,1484,18829,34,287560
34721,0.000152,172.31.33.0-255,66,18895,34,287560
34722,0.000157,74.125.24.0-255,4320,23215,34,287560
34723,0.000159,172.31.33.0-255,66,23281,34,287560
34724,0.000178,74.125.24.0-255,1484,24765,34,287560
34725,0.00018,74.125.24.0-255,1484,26249,34,287560
34726,0.000183,172.31.33.0-255,66,26315,34,287560
34727,0.000186,172.31.33.0-255,66,26381,34,287560
34728,0.000207,74.125.24.0-255,5379,31760,34,287560
34729,0.00021,172.31.33.0-255,66,31826,34,287560
34730,0.000316,74.125.24.0-255,1484,33310,34,287560
34731,0.000319,172.31.33.0-255,66,33376,34,287560
34732,0.000334,74.125.24.0-255,2902,36278,34,287560
34733,0.000336,172.31.33.0-255,66,36344,34,287560
34734,0.000357,74.125.24.0-255,5738,42082,34,287560
34735,0.00036,172.31.33.0-255,66,42148,34,287560
34736,0.000425,74.125.24.0-255,2902,45050,34,287560
34737,0.000442,74.125.24.0-255,7156,52206,34,287560
34738,0.000447,74.125.24.0-255,3961,56167,34,287560
34739,0.000463,74.125.24.0-255,367,56534,34,287560
34740,0.000477,74.125.24.0-255,408,56942,34,287560
34741,0.00048,172.31.33.0-255,66,57008,34,287560
34742,0.000775,74.125.24.0-255,1484,58492,34,287560
34743,0.00078,172.31.33.0-255,66,58558,34,287560
34744,0.000785,74.125.24.0-255,2902,61460,34,287560
34745,0.000796,74.125.24.0-255,1484,62944,34,287560
34746,0.000811,74.125.24.0-255,4320,67264,34,287560
34747,0.000816,74.125.24.0-255,5738,73002,34,287560
34748,0.000819,172.31.33.0-255,66,73068,34,287560
34749,0.000824,172.31.33.0-255,66,73134,34,287560
34750,0.000844,74.125.24.0-255,7156,80290,34,287560
34751,0.000863,172.31.33.0-255,66,80356,34,287560
34752,0.000892,74.125.24.0-255,2184,82540,34,287560
34753,0.000907,172.31.33.0-255,66,82606,34,287560
34754,0.001271,74.125.24.0-255,1484,84090,34,287560
34755,0.001288,74.125.24.0-255,2902,86992,34,287560
34756,0.001291,172.31.33.0-255,66,87058,34,287560
34757,0.00131,74.125.24.0-255,5738,92796,34,287560
34758,0.001335,74.125.24.0-255,4320,97116,34,287560
34759,0.001359,74.125.24.0-255,4320,101436,34,287560
34760,0.001395,172.31.33.0-255,66,101502,34,287560
34761,0.001402,74.125.24.0-255,6438,107940,34,287560
34762,0.001412,172.31.33.0-255,66,108006,34,287560
34763,0.001447,74.125.24.0-255,2902,110908,34,287560
34764,0.001466,74.125.24.0-255,4320,115228,34,287560
34765,0.001484,74.125.24.0-255,4320,119548,34,287560
34766,0.001489,172.31.33.0-255,66,119614,34,287560
34767,0.001509,74.125.24.0-255,4320,123934,34,287560
34768,0.001515,74.125.24.0-255,4320,128254,34,287560
34769,0.00152,74.125.24.0-255,5738,133992,34,287560
34770,0.001531,172.31.33.0-255,66,134058,34,287560
34771,0.001552,74.125.24.0-255,5738,139796,34,287560
34772,0.001564,172.31.33.0-255,66,139862,34,287560
34773,0.001568,74.125.24.0-255,2184,142046,34,287560
34774,0.001572,172.31.33.0-255,66,142112,34,287560
34775,0.001602,74.125.24.0-255,1484,143596,34,287560
34776,0.001608,74.125.24.0-255,2902,146498,34,287560
34777,0.001615,172.31.33.0-255,66,146564,34,287560
34778,0.001627,74.125.24.0-255,5738,152302,34,287560
34779,0.001658,172.31.33.0-255,66,152368,34,287560
34780,0.001667,74.125.24.0-255,2902,155270,34,287560
34781,0.001674,74.125.24.0-255,7156,162426,34,287560
34782,0.001678,172.31.33.0-255,66,162492,34,287560
34783,0.001699,74.125.24.0-255,1484,163976,34,287560
34784,0.001715,74.125.24.0-255,2184,166160,34,287560
34785,0.001731,172.31.33.0-255,66,166226,34,287560
34786,0.001745,74.125.24.0-255,4320,170546,34,287560
34787,0.001749,74.125.24.0-255,1484,172030,34,287560
34788,0.001762,74.125.24.0-255,2902,174932,34,287560
34789,0.00177,172.31.33.0-255,66,174998,34,287560
34790,0.001784,74.125.24.0-255,4320,179318,34,287560
34791,0.0018,172.31.33.0-255,66,179384,34,287560
34792,0.001807,74.125.24.0-255,5738,185122,34,287560
34793,0.001812,74.125.24.0-255,4320,189442,34,287560
34794,0.001817,172.31.33.0-255,66,189508,34,287560
34795,0.001894,172.31.33.0-255,66,189574,34,287560
34796,0.001933,74.125.24.0-255,1484,191058,34,287560
34797,0.001937,74.125.24.0-255,1484,192542,34,287560
34798,0.001945,172.31.33.0-255,66,192608,34,287560
34799,0.001956,74.125.24.0-255,1484,194092,34,287560
34800,0.001963,74.125.24.0-255,5738,199830,34,287560
34801,0.002008,74.125.24.0-255,1484,201314,34,287560
34802,0.002012,172.31.33.0-255,66,201380,34,287560
34803,0.002044,172.31.33.0-255,66,201446,34,287560
34804,0.002059,74.125.24.0-255,2902,204348,34,287560
34805,0.002074,74.125.24.0-255,4320,208668,34,287560
34806,0.002095,172.31.33.0-255,66,208734,34,287560
34807,0.002109,74.125.24.0-255,5738,214472,34,287560
34808,0.002125,172.31.33.0-255,66,214538,34,287560
34809,0.002145,74.125.24.0-255,766,215304,34,287560
34810,0.002172,74.125.24.0-255,4320,219624,34,287560
34811,0.002176,172.31.33.0-255,66,219690,34,287560
34812,0.002181,172.31.33.0-255,66,219756,34,287560
34813,0.002196,74.125.24.0-255,5738,225494,34,287560
34814,0.002203,74.125.24.0-255,5738,231232,34,287560
34815,0.002213,172.31.33.0-255,66,231298,34,287560
34816,0.002227,74.125.24.0-255,5738,237036,34,287560
34817,0.002243,172.31.33.0-255,66,237102,34,287560
34818,0.002283,74.125.24.0-255,1484,238586,34,287560
34819,0.002288,74.125.24.0-255,2902,241488,34,287560
34820,0.002304,74.125.24.0-255,5738,247226,34,287560
34821,0.00231,172.31.33.0-255,66,247292,34,287560
34822,0.002331,74.125.24.0-255,5738,253030,34,287560
34823,0.002334,74.125.24.0-255,1484,254514,34,287560
34824,0.002346,172.31.33.0-255,66,254580,34,287560
34825,0.002368,74.125.24.0-255,1484,256064,34,287560
34826,0.00239,74.125.24.0-255,6438,262502,34,287560
34827,0.002398,172.31.33.0-255,66,262568,34,287560
34828,0.002458,74.125.24.0-255,1484,264052,34,287560
34829,0.002462,74.125.24.0-255,1484,265536,34,287560
34830,0.002468,172.31.33.0-255,66,265602,34,287560
34831,0.002477,74.125.24.0-255,1484,267086,34,287560
34832,0.002482,74.125.24.0-255,2902,269988,34,287560
34833,0.002486,172.31.33.0-255,66,270054,34,287560
34834,0.002495,74.125.24.0-255,2902,272956,34,287560
34835,0.002516,74.125.24.0-255,5738,278694,34,287560
34836,0.002524,172.31.33.0-255,66,278760,34,287560
34837,0.002536,74.125.24.0-255,7156,285916,34,287560
34838,0.002539,74.125.24.0-255,1376,287292,34,287560
34839,0.002541,74.125.24.0-255,97,287389,34,287560
34840,0.002553,172.31.33.0-255,66,287455,34,287560
34841,0.002659,74.125.24.0-255,105,287560,34,287560
34842,0.0,172.217.194.0-255,153,153,34,199347
34843,2.9e-05,172.31.33.0-255,66,219,34,199347
34844,3.5e-05,172.217.194.0-255,1484,1703,34,199347
34845,3.9e-05,172.31.33.0-255,66,1769,34,199347
34846,4.9e-05,172.217.194.0-255,2902,4671,34,199347
34847,5.2e-05,172.31.33.0-255,66,4737,34,199347
34848,5.8e-05,172.217.194.0-255,5738,10475,34,199347
34849,6e-05,172.31.33.0-255,66,10541,34,199347
34850,8.6e-05,172.217.194.0-255,1484,12025,34,199347
34851,9.2e-05,172.31.33.0-255,66,12091,34,199347
34852,0.000104,172.31.33.0-255,66,12157,34,199347
34853,0.000138,172.31.33.0-255,66,12223,34,199347
34854,0.000195,172.217.194.0-255,1484,13707,34,199347
34855,0.000198,172.31.33.0-255,66,13773,34,199347
34856,0.000203,172.217.194.0-255,2902,16675,34,199347
34857,0.000204,172.31.33.0-255,66,16741,34,199347
34858,0.000209,172.217.194.0-255,2902,19643,34,199347
34859,0.00021,172.31.33.0-255,66,19709,34,199347
34860,0.000243,172.217.194.0-255,2902,22611,34,199347
34861,0.000245,172.31.33.0-255,66,22677,34,199347
34862,0.000251,172.217.194.0-255,5738,28415,34,199347
34863,0.000253,172.31.33.0-255,66,28481,34,199347
34864,0.000259,172.217.194.0-255,5738,34219,34,199347
34865,0.000263,172.31.33.0-255,66,34285,34,199347
34866,0.00029,172.31.33.0-255,66,34351,34,199347
34867,0.000294,172.217.194.0-255,4214,38565,34,199347
34868,0.000296,172.31.33.0-255,66,38631,34,199347
34869,0.000299,172.217.194.0-255,115,38746,34,199347
34870,0.000301,172.31.33.0-255,66,38812,34,199347
34871,0.000497,172.217.194.0-255,386,39198,34,199347
34872,0.000707,172.217.194.0-255,1484,40682,34,199347
34873,0.000708,172.31.33.0-255,66,40748,34,199347
34874,0.000709,172.217.194.0-255,1484,42232,34,199347
34875,0.000724,172.31.33.0-255,66,42298,34,199347
34876,0.000733,172.217.194.0-255,1484,43782,34,199347
34877,0.000736,172.217.194.0-255,1484,45266,34,199347
34878,0.000755,172.31.33.0-255,66,45332,34,199347
34879,0.000757,172.217.194.0-255,4320,49652,34,199347
34880,0.000761,172.217.194.0-255,4320,53972,34,199347
34881,0.000767,172.31.33.0-255,66,54038,34,199347
34882,0.000788,172.217.194.0-255,1992,56030,34,199347
34883,0.000796,172.31.33.0-255,66,56096,34,199347
34884,0.00096,172.217.194.0-255,1484,57580,34,199347
34885,0.000966,172.217.194.0-255,1484,59064,34,199347
34886,0.000969,172.31.33.0-255,66,59130,34,199347
34887,0.000998,172.217.194.0-255,1484,60614,34,199347
34888,0.001004,172.217.194.0-255,5738,66352,34,199347
34889,0.001023,172.217.194.0-255,1484,67836,34,199347
34890,0.001043,172.217.194.0-255,7156,74992,34,199347
34891,0.001087,172.217.194.0-255,7156,82148,34,199347
34892,0.001472,172.217.194.0-255,1484,83632,34,199347
34893,0.00148,172.217.194.0-255,2902,86534,34,199347
34894,0.001483,172.217.194.0-255,1484,88018,34,199347
34895,0.001495,172.217.194.0-255,4320,92338,34,199347
34896,0.001523,172.217.194.0-255,5738,98076,34,199347
34897,0.001546,172.217.194.0-255,7156,105232,34,199347
34898,0.001569,172.217.194.0-255,2902,108134,34,199347
34899,0.00192,172.217.194.0-255,1484,109618,34,199347
34900,0.001974,172.217.194.0-255,2902,112520,34,199347
34901,0.001979,172.217.194.0-255,5738,118258,34,199347
34902,0.001983,172.217.194.0-255,2902,121160,34,199347
34903,0.002026,172.217.194.0-255,4320,125480,34,199347
34904,0.002157,172.217.194.0-255,1484,126964,34,199347
34905,0.00216,172.217.194.0-255,1484,128448,34,199347
34906,0.002169,172.217.194.0-255,1484,129932,34,199347
34907,0.002192,172.217.194.0-255,5738,135670,34,199347
34908,0.002195,172.217.194.0-255,1484,137154,34,199347
34909,0.002228,172.217.194.0-255,2902,140056,34,199347
34910,0.002282,172.217.194.0-255,4320,144376,34,199347
34911,0.002319,172.217.194.0-255,5738,150114,34,199347
34912,0.002342,172.217.194.0-255,5020,155134,34,199347
34913,0.002373,172.217.194.0-255,4320,159454,34,199347
34914,0.002416,172.217.194.0-255,7156,166610,34,199347
34915,0.002452,172.217.194.0-255,5738,172348,34,199347
34916,0.002469,172.217.194.0-255,1484,173832,34,199347
34917,0.002504,172.217.194.0-255,2902,176734,34,199347
34918,0.002527,172.217.194.0-255,1484,178218,34,199347
34919,0.002599,172.217.194.0-255,2902,181120,34,199347
34920,0.002602,172.217.194.0-255,766,181886,34,199347
34921,0.002606,172.31.33.0-255,78,181964,34,199347
34922,0.002641,172.217.194.0-255,4320,186284,34,199347
34923,0.002645,172.217.194.0-255,2902,189186,34,199347
34924,0.002647,172.217.194.0-255,1484,190670,34,199347
34925,0.002778,172.217.194.0-255,1484,192154,34,199347
34926,0.002783,172.217.194.0-255,2902,195056,34,199347
34927,0.002809,172.217.194.0-255,4120,199176,34,199347
34928,0.00284,172.217.194.0-255,105,199281,34,199347
34929,0.005132,172.31.33.0-255,66,199347,34,199347
34930,0.0,172.31.33.0-255,66,66,34,66
34931,0.0,172.217.194.0-255,143,143,34,166360
34932,2.2e-05,172.31.33.0-255,66,209,34,166360
34933,2.8e-05,172.217.194.0-255,1484,1693,34,166360
34934,3.2e-05,172.31.33.0-255,66,1759,34,166360
34935,3.7e-05,172.217.194.0-255,2902,4661,34,166360
34936,4.6e-05,172.31.33.0-255,66,4727,34,166360
34937,8.2e-05,172.217.194.0-255,7156,11883,34,166360
34938,8.5e-05,172.31.33.0-255,66,11949,34,166360
34939,8.9e-05,172.217.194.0-255,2129,14078,34,166360
34940,9.1e-05,172.31.33.0-255,66,14144,34,166360
34941,0.000195,172.217.194.0-255,1484,15628,34,166360
34942,0.000198,172.31.33.0-255,66,15694,34,166360
34943,0.000225,172.217.194.0-255,2902,18596,34,166360
34944,0.000227,172.31.33.0-255,66,18662,34,166360
34945,0.00023,172.217.194.0-255,1484,20146,34,166360
34946,0.000231,172.31.33.0-255,66,20212,34,166360
34947,0.000236,172.217.194.0-255,2902,23114,34,166360
34948,0.000238,172.31.33.0-255,66,23180,34,166360
34949,0.000243,172.217.194.0-255,5738,28918,34,166360
34950,0.000245,172.31.33.0-255,66,28984,34,166360
34951,0.000271,172.217.194.0-255,1484,30468,34,166360
34952,0.000273,172.31.33.0-255,66,30534,34,166360
34953,0.000309,172.217.194.0-255,6797,37331,34,166360
34954,0.000312,172.31.33.0-255,66,37397,34,166360
34955,0.000321,172.31.33.0-255,66,37463,34,166360
34956,0.000325,172.217.194.0-255,2543,40006,34,166360
34957,0.000327,172.31.33.0-255,66,40072,34,166360
34958,0.000366,172.217.194.0-255,1484,41556,34,166360
34959,0.000368,172.31.33.0-255,66,41622,34,166360
34960,0.000372,172.217.194.0-255,2902,44524,34,166360
34961,0.000374,172.31.33.0-255,66,44590,34,166360
34962,0.000406,172.217.194.0-255,5738,50328,34,166360
34963,0.000409,172.31.33.0-255,66,50394,34,166360
34964,0.000434,172.217.194.0-255,5738,56132,34,166360
34965,0.000436,172.31.33.0-255,66,56198,34,166360
34966,0.000458,172.217.194.0-255,1125,57323,34,166360
34967,0.000462,172.217.194.0-255,380,57703,34,166360
34968,0.00055,172.217.194.0-255,1484,59187,34,166360
34969,0.000553,172.31.33.0-255,66,59253,34,166360
34970,0.000556,172.217.194.0-255,1484,60737,34,166360
34971,0.000574,172.217.194.0-255,1484,62221,34,166360
34972,0.000576,172.31.33.0-255,66,62287,34,166360
34973,0.000582,172.217.194.0-255,5738,68025,34,166360
34974,0.000584,172.31.33.0-255,66,68091,34,166360
34975,0.000611,172.217.194.0-255,1484,69575,34,166360
34976,0.000632,172.31.33.0-255,66,69641,34,166360
34977,0.00066,172.217.194.0-255,3961,73602,34,166360
34978,0.000663,172.31.33.0-255,66,73668,34,166360
34979,0.000677,172.31.33.0-255,66,73734,34,166360
34980,0.00068,172.217.194.0-255,1484,75218,34,166360
34981,0.000711,172.217.194.0-255,2902,78120,34,166360
34982,0.000714,172.31.33.0-255,66,78186,34,166360
34983,0.00074,172.217.194.0-255,5738,83924,34,166360
34984,0.000742,172.31.33.0-255,66,83990,34,166360
34985,0.000749,172.217.194.0-255,7156,91146,34,166360
34986,0.000751,172.31.33.0-255,66,91212,34,166360
34987,0.000793,172.31.33.0-255,66,91278,34,166360
34988,0.000796,172.217.194.0-255,587,91865,34,166360
34989,0.000943,172.217.194.0-255,1484,93349,34,166360
34990,0.000947,172.31.33.0-255,66,93415,34,166360
34991,0.000952,172.217.194.0-255,2902,96317,34,166360
34992,0.000954,172.31.33.0-255,66,96383,34,166360
34993,0.000963,172.217.194.0-255,5738,102121,34,166360
34994,0.000966,172.31.33.0-255,66,102187,34,166360
34995,0.000997,172.217.194.0-255,1484,103671,34,166360
34996,0.001026,172.31.33.0-255,66,103737,34,166360
34997,0.001038,172.31.33.0-255,66,103803,34,166360
34998,0.001068,172.217.194.0-255,1484,105287,34,166360
34999,0.001072,172.217.194.0-255,1484,106771,34,166360
35000,0.001074,172.31.33.0-255,66,106837,34,166360
35001,0.001094,172.217.194.0-255,1484,108321,34,166360
35002,0.001101,172.217.194.0-255,5738,114059,34,166360
35003,0.001103,172.31.33.0-255,66,114125,34,166360
35004,0.001134,172.31.33.0-255,66,114191,34,166360
35005,0.00115,172.217.194.0-255,2902,117093,34,166360
35006,0.001152,172.31.33.0-255,66,117159,34,166360
35007,0.001163,172.31.33.0-255,66,117225,34,166360
35008,0.001204,172.31.33.0-255,66,117291,34,166360
35009,0.001218,172.31.33.0-255,66,117357,34,166360
35010,0.001252,172.31.33.0-255,66,117423,34,166360
35011,0.001268,172.31.33.0-255,66,117489,34,166360
35012,0.001317,172.217.194.0-255,5738,123227,34,166360
35013,0.001331,172.217.194.0-255,4320,127547,34,166360
35014,0.001374,172.31.33.0-255,66,127613,34,166360
35015,0.001409,172.31.33.0-255,66,127679,34,166360
35016,0.001656,172.217.194.0-255,1484,129163,34,166360
35017,0.001683,172.217.194.0-255,2902,132065,34,166360
35018,0.001687,172.31.33.0-255,66,132131,34,166360
35019,0.0017,172.217.194.0-255,5738,137869,34,166360
35020,0.001715,172.31.33.0-255,66,137935,34,166360
35021,0.001733,172.217.194.0-255,7156,145091,34,166360
35022,0.001789,172.31.33.0-255,66,145157,34,166360
35023,0.001819,172.217.194.0-255,7156,152313,34,166360
35024,0.001824,172.31.33.0-255,66,152379,34,166360
35025,0.001834,172.217.194.0-255,1484,153863,34,166360
35026,0.001863,172.217.194.0-255,2902,156765,34,166360
35027,0.001869,172.31.33.0-255,66,156831,34,166360
35028,0.001905,172.217.194.0-255,5738,162569,34,166360
35029,0.001911,172.31.33.0-255,66,162635,34,166360
35030,0.001926,172.217.194.0-255,2902,165537,34,166360
35031,0.001949,172.217.194.0-255,652,166189,34,166360
35032,0.001954,172.31.33.0-255,66,166255,34,166360
35033,0.001978,172.217.194.0-255,105,166360,34,166360
35034,0.0,172.217.194.0-255,153,153,34,198270
35035,3e-05,172.31.33.0-255,66,219,34,198270
35036,3.6e-05,172.217.194.0-255,1484,1703,34,198270
35037,3.9e-05,172.31.33.0-255,66,1769,34,198270
35038,4.3e-05,172.217.194.0-255,2902,4671,34,198270
35039,4.6e-05,172.31.33.0-255,66,4737,34,198270
35040,7.2e-05,172.217.194.0-255,7156,11893,34,198270
35041,7.5e-05,172.31.33.0-255,66,11959,34,198270
35042,7.8e-05,172.217.194.0-255,1984,13943,34,198270
35043,8.2e-05,172.31.33.0-255,66,14009,34,198270
35044,0.000333,172.217.194.0-255,1484,15493,34,198270
35045,0.000338,172.217.194.0-255,2902,18395,34,198270
35046,0.000338,172.31.33.0-255,66,18461,34,198270
35047,0.000342,172.31.33.0-255,66,18527,34,198270
35048,0.000365,172.217.194.0-255,5738,24265,34,198270
35049,0.000369,172.31.33.0-255,66,24331,34,198270
35050,0.000387,172.217.194.0-255,4320,28651,34,198270
35051,0.00039,172.31.33.0-255,66,28717,34,198270
35052,0.000423,172.31.33.0-255,66,28783,34,198270
35053,0.000436,172.31.33.0-255,66,28849,34,198270
35054,0.000446,172.31.33.0-255,66,28915,34,198270
35055,0.000465,172.217.194.0-255,3602,32517,34,198270
35056,0.000468,172.31.33.0-255,66,32583,34,198270
35057,0.00047,172.217.194.0-255,376,32959,34,198270
35058,0.000472,172.31.33.0-255,66,33025,34,198270
35059,0.000502,172.217.194.0-255,100,33125,34,198270
35060,0.000505,172.31.33.0-255,66,33191,34,198270
35061,0.000639,172.217.194.0-255,1484,34675,34,198270
35062,0.000643,172.31.33.0-255,66,34741,34,198270
35063,0.000646,172.217.194.0-255,1484,36225,34,198270
35064,0.000661,172.217.194.0-255,1484,37709,34,198270
35065,0.000664,172.31.33.0-255,66,37775,34,198270
35066,0.000669,172.217.194.0-255,5738,43513,34,198270
35067,0.000671,172.31.33.0-255,66,43579,34,198270
35068,0.000711,172.31.33.0-255,66,43645,34,198270
35069,0.000721,172.31.33.0-255,66,43711,34,198270
35070,0.000763,172.217.194.0-255,2482,46193,34,198270
35071,0.000766,172.31.33.0-255,66,46259,34,198270
35072,0.00088,172.217.194.0-255,1484,47743,34,198270
35073,0.000886,172.217.194.0-255,2902,50645,34,198270
35074,0.000889,172.31.33.0-255,66,50711,34,198270
35075,0.000896,172.217.194.0-255,5738,56449,34,198270
35076,0.000899,172.31.33.0-255,66,56515,34,198270
35077,0.000902,172.217.194.0-255,1484,57999,34,198270
35078,0.000905,172.217.194.0-255,2902,60901,34,198270
35079,0.000908,172.31.33.0-255,66,60967,34,198270
35080,0.000937,172.217.194.0-255,5738,66705,34,198270
35081,0.000941,172.31.33.0-255,66,66771,34,198270
35082,0.000961,172.217.194.0-255,4320,71091,34,198270
35083,0.000963,172.31.33.0-255,66,71157,34,198270
35084,0.000991,172.217.194.0-255,766,71923,34,198270
35085,0.000994,172.31.33.0-255,66,71989,34,198270
35086,0.001214,172.217.194.0-255,1484,73473,34,198270
35087,0.001219,172.217.194.0-255,2902,76375,34,198270
35088,0.001219,172.31.33.0-255,66,76441,34,198270
35089,0.001222,172.31.33.0-255,66,76507,34,198270
35090,0.001239,172.217.194.0-255,5738,82245,34,198270
35091,0.001243,172.31.33.0-255,66,82311,34,198270
35092,0.001263,172.217.194.0-255,5738,88049,34,198270
35093,0.001267,172.31.33.0-255,66,88115,34,198270
35094,0.001293,172.217.194.0-255,7156,95271,34,198270
35095,0.001297,172.31.33.0-255,66,95337,34,198270
35096,0.00132,172.217.194.0-255,5738,101075,34,198270
35097,0.001323,172.31.33.0-255,66,101141,34,198270
35098,0.001345,172.217.194.0-255,5020,106161,34,198270
35099,0.001347,172.31.33.0-255,66,106227,34,198270
35100,0.001476,172.217.194.0-255,1484,107711,34,198270
35101,0.001483,172.217.194.0-255,2902,110613,34,198270
35102,0.001486,172.31.33.0-255,66,110679,34,198270
35103,0.001493,172.217.194.0-255,5738,116417,34,198270
35104,0.001495,172.31.33.0-255,66,116483,34,198270
35105,0.001535,172.31.33.0-255,66,116549,34,198270
35106,0.001547,172.31.33.0-255,66,116615,34,198270
35107,0.001577,172.217.194.0-255,3602,120217,34,198270
35108,0.001581,172.31.33.0-255,66,120283,34,198270
35109,0.001603,172.217.194.0-255,4320,124603,34,198270
35110,0.001607,172.31.33.0-255,66,124669,34,198270
35111,0.001612,172.217.194.0-255,2902,127571,34,198270
35112,0.001614,172.31.33.0-255,66,127637,34,198270
35113,0.001633,172.217.194.0-255,7156,134793,34,198270
35114,0.001636,172.31.33.0-255,66,134859,34,198270
35115,0.001648,172.31.33.0-255,66,134925,34,198270
35116,0.00168,172.217.194.0-255,2902,137827,34,198270
35117,0.001685,172.31.33.0-255,66,137893,34,198270
35118,0.001693,172.217.194.0-255,3602,141495,34,198270
35119,0.001696,172.31.33.0-255,66,141561,34,198270
35120,0.001717,172.217.194.0-255,7156,148717,34,198270
35121,0.00172,172.31.33.0-255,66,148783,34,198270
35122,0.001757,172.31.33.0-255,66,148849,34,198270
35123,0.001789,172.217.194.0-255,2902,151751,34,198270
35124,0.001793,172.31.33.0-255,66,151817,34,198270
35125,0.001825,172.31.33.0-255,66,151883,34,198270
35126,0.001844,172.217.194.0-255,1484,153367,34,198270
35127,0.001849,172.217.194.0-255,2902,156269,34,198270
35128,0.001852,172.31.33.0-255,66,156335,34,198270
35129,0.001873,172.217.194.0-255,5738,162073,34,198270
35130,0.001876,172.31.33.0-255,66,162139,34,198270
35131,0.001912,172.217.194.0-255,2902,165041,34,198270
35132,0.001916,172.31.33.0-255,66,165107,34,198270
35133,0.001951,172.31.33.0-255,66,165173,34,198270
35134,0.001963,172.31.33.0-255,66,165239,34,198270
35135,0.001992,172.217.194.0-255,7156,172395,34,198270
35136,0.001996,172.31.33.0-255,66,172461,34,198270
35137,0.002021,172.217.194.0-255,4320,176781,34,198270
35138,0.002025,172.31.33.0-255,66,176847,34,198270
35139,0.002037,172.31.33.0-255,66,176913,34,198270
35140,0.00205,172.31.33.0-255,66,176979,34,198270
35141,0.00207,172.217.194.0-255,5020,181999,34,198270
35142,0.002073,172.31.33.0-255,66,182065,34,198270
35143,0.002089,172.31.33.0-255,66,182131,34,198270
35144,0.002096,172.217.194.0-255,6438,188569,34,198270
35145,0.002098,172.31.33.0-255,66,188635,34,198270
35146,0.002151,172.31.33.0-255,66,188701,34,198270
35147,0.00218,172.31.33.0-255,66,188767,34,198270
35148,0.002185,172.217.194.0-255,2902,191669,34,198270
35149,0.002188,172.31.33.0-255,66,191735,34,198270
35150,0.002209,172.217.194.0-255,6127,197862,34,198270
35151,0.002213,172.31.33.0-255,66,197928,34,198270
35152,0.002216,172.217.194.0-255,105,198033,34,198270
35153,0.003746,172.31.33.0-255,66,198099,34,198270
35154,0.003782,172.31.33.0-255,105,198204,34,198270
35155,0.006015,172.217.194.0-255,66,198270,34,198270
35156,0.0,172.217.27.0-255,150,150,34,274195
35157,2.1e-05,172.31.33.0-255,66,216,34,274195
35158,2.8e-05,172.217.27.0-255,1484,1700,34,274195
35159,3.2e-05,172.31.33.0-255,66,1766,34,274195
35160,3.6e-05,172.217.27.0-255,2902,4668,34,274195
35161,3.9e-05,172.31.33.0-255,66,4734,34,274195
35162,4.2e-05,172.217.27.0-255,1484,6218,34,274195
35163,4.4e-05,172.31.33.0-255,66,6284,34,274195
35164,5.6e-05,172.31.33.0-255,66,6350,34,274195
35165,7.5e-05,172.217.27.0-255,5738,12088,34,274195
35166,7.8e-05,172.31.33.0-255,66,12154,34,274195
35167,0.000109,172.31.33.0-255,66,12220,34,274195
35168,0.000142,172.217.27.0-255,1484,13704,34,274195
35169,0.000144,172.31.33.0-255,66,13770,34,274195
35170,0.000147,172.217.27.0-255,1484,15254,34,274195
35171,0.000148,172.31.33.0-255,66,15320,34,274195
35172,0.000166,172.217.27.0-255,1484,16804,34,274195
35173,0.000167,172.31.33.0-255,66,16870,34,274195
35174,0.00017,172.217.27.0-255,1484,18354,34,274195
35175,0.000172,172.31.33.0-255,66,18420,34,274195
35176,0.000175,172.217.27.0-255,2902,21322,34,274195
35177,0.000177,172.31.33.0-255,66,21388,34,274195
35178,0.000205,172.217.27.0-255,5738,27126,34,274195
35179,0.000207,172.31.33.0-255,66,27192,34,274195
35180,0.00021,172.217.27.0-255,1484,28676,34,274195
35181,0.000211,172.31.33.0-255,66,28742,34,274195
35182,0.000225,172.217.27.0-255,1125,29867,34,274195
35183,0.000226,172.31.33.0-255,66,29933,34,274195
35184,0.000306,172.217.27.0-255,1484,31417,34,274195
35185,0.00031,172.31.33.0-255,66,31483,34,274195
35186,0.000315,172.217.27.0-255,2902,34385,34,274195
35187,0.000319,172.217.27.0-255,2902,37287,34,274195
35188,0.000322,172.217.27.0-255,1484,38771,34,274195
35189,0.000335,172.217.27.0-255,2902,41673,34,274195
35190,0.000393,172.217.27.0-255,5670,47343,34,274195
35191,0.000442,172.31.33.0-255,66,47409,34,274195
35192,0.000637,172.217.27.0-255,131,47540,34,274195
35193,0.000815,172.217.27.0-255,1484,49024,34,274195
35194,0.000819,172.31.33.0-255,66,49090,34,274195
35195,0.000824,172.217.27.0-255,2902,51992,34,274195
35196,0.000826,172.217.27.0-255,1484,53476,34,274195
35197,0.000839,172.217.27.0-255,1484,54960,34,274195
35198,0.000844,172.217.27.0-255,4320,59280,34,274195
35199,0.000848,172.31.33.0-255,66,59346,34,274195
35200,0.000865,172.217.27.0-255,4320,63666,34,274195
35201,0.000871,172.31.33.0-255,66,63732,34,274195
35202,0.000882,172.217.27.0-255,5379,69111,34,274195
35203,0.000887,172.217.27.0-255,4320,73431,34,274195
35204,0.000922,172.31.33.0-255,66,73497,34,274195
35205,0.001397,172.217.27.0-255,1484,74981,34,274195
35206,0.001406,172.217.27.0-255,2902,77883,34,274195
35207,0.00141,172.31.33.0-255,66,77949,34,274195
35208,0.001414,172.217.27.0-255,1484,79433,34,274195
35209,0.001429,172.217.27.0-255,2902,82335,34,274195
35210,0.001432,172.217.27.0-255,1484,83819,34,274195
35211,0.001447,172.217.27.0-255,2902,86721,34,274195
35212,0.001465,172.217.27.0-255,4320,91041,34,274195
35213,0.001485,172.217.27.0-255,4320,95361,34,274195
35214,0.001491,172.217.27.0-255,5738,101099,34,274195
35215,0.00151,172.217.27.0-255,6438,107537,34,274195
35216,0.002024,172.217.27.0-255,1484,109021,34,274195
35217,0.00203,172.217.27.0-255,1484,110505,34,274195
35218,0.002046,172.217.27.0-255,2902,113407,34,274195
35219,0.002069,172.217.27.0-255,5738,119145,34,274195
35220,0.002084,172.217.27.0-255,7156,126301,34,274195
35221,0.002104,172.217.27.0-255,5738,132039,34,274195
35222,0.002108,172.217.27.0-255,4320,136359,34,274195
35223,0.002124,172.217.27.0-255,5020,141379,34,274195
35224,0.002174,172.217.27.0-255,1484,142863,34,274195
35225,0.002184,172.217.27.0-255,2902,145765,34,274195
35226,0.002187,172.217.27.0-255,1484,147249,34,274195
35227,0.002198,172.217.27.0-255,2902,150151,34,274195
35228,0.002219,172.217.27.0-255,5738,155889,34,274195
35229,0.002229,172.217.27.0-255,2902,158791,34,274195
35230,0.00225,172.217.27.0-255,2902,161693,34,274195
35231,0.002299,172.217.27.0-255,3602,165295,34,274195
35232,0.002317,172.217.27.0-255,5738,171033,34,274195
35233,0.002333,172.217.27.0-255,7156,178189,34,274195
35234,0.00236,172.217.27.0-255,3602,181791,34,274195
35235,0.002622,172.217.27.0-255,1484,183275,34,274195
35236,0.002632,172.217.27.0-255,1484,184759,34,274195
35237,0.002641,172.217.27.0-255,1484,186243,34,274195
35238,0.002646,172.217.27.0-255,4320,190563,34,274195
35239,0.002655,172.217.27.0-255,1484,192047,34,274195
35240,0.002666,172.217.27.0-255,2902,194949,34,274195
35241,0.002683,172.217.27.0-255,1484,196433,34,274195
35242,0.002693,172.217.27.0-255,5738,202171,34,274195
35243,0.002737,172.217.27.0-255,2902,205073,34,274195
35244,0.00275,172.217.27.0-255,2184,207257,34,274195
35245,0.002806,172.217.27.0-255,1484,208741,34,274195
35246,0.002825,172.217.27.0-255,2902,211643,34,274195
35247,0.002831,172.217.27.0-255,5738,217381,34,274195
35248,0.002849,172.217.27.0-255,1484,218865,34,274195
35249,0.002863,172.217.27.0-255,2902,221767,34,274195
35250,0.002898,172.217.27.0-255,7156,228923,34,274195
35251,0.002911,172.217.27.0-255,3602,232525,34,274195
35252,0.002985,172.217.27.0-255,1484,234009,34,274195
35253,0.00299,172.217.27.0-255,2902,236911,34,274195
35254,0.002995,172.217.27.0-255,4320,241231,34,274195
35255,0.003011,172.217.27.0-255,1484,242715,34,274195
35256,0.003014,172.217.27.0-255,1484,244199,34,274195
35257,0.003031,172.217.27.0-255,1484,245683,34,274195
35258,0.003051,172.217.27.0-255,7156,252839,34,274195
35259,0.003071,172.217.27.0-255,2902,255741,34,274195
35260,0.003075,172.217.27.0-255,2184,257925,34,274195
35261,0.003107,172.217.27.0-255,2902,260827,34,274195
35262,0.003125,172.217.27.0-255,4320,265147,34,274195
35263,0.003129,172.217.27.0-255,2902,268049,34,274195
35264,0.003146,172.217.27.0-255,2902,270951,34,274195
35265,0.003177,172.217.27.0-255,2902,273853,34,274195
35266,0.003281,172.217.27.0-255,105,273958,34,274195
35267,0.004616,172.31.33.0-255,66,274024,34,274195
35268,0.006446,172.31.33.0-255,105,274129,34,274195
35269,0.008074,172.217.27.0-255,66,274195,34,274195
35270,0.0,172.217.24.0-255,153,153,34,86944
35271,3e-05,172.31.33.0-255,66,219,34,86944
35272,3.7e-05,172.217.24.0-255,1484,1703,34,86944
35273,4.1e-05,172.31.33.0-255,66,1769,34,86944
35274,4.6e-05,172.217.24.0-255,2902,4671,34,86944
35275,5.7e-05,172.31.33.0-255,66,4737,34,86944
35276,6.3e-05,172.217.24.0-255,5738,10475,34,86944
35277,6.6e-05,172.31.33.0-255,66,10541,34,86944
35278,0.0001,172.217.24.0-255,3549,14090,34,86944
35279,0.000103,172.31.33.0-255,66,14156,34,86944
35280,0.000151,172.217.24.0-255,1484,15640,34,86944
35281,0.000155,172.31.33.0-255,66,15706,34,86944
35282,0.00016,172.217.24.0-255,2902,18608,34,86944
35283,0.000162,172.31.33.0-255,66,18674,34,86944
35284,0.000167,172.217.24.0-255,5738,24412,34,86944
35285,0.000177,172.31.33.0-255,66,24478,34,86944
35286,0.000184,172.217.24.0-255,4320,28798,34,86944
35287,0.000186,172.31.33.0-255,66,28864,34,86944
35288,0.000211,172.217.24.0-255,2543,31407,34,86944
35289,0.000214,172.31.33.0-255,66,31473,34,86944
35290,0.000489,172.217.24.0-255,1484,32957,34,86944
35291,0.000494,172.31.33.0-255,66,33023,34,86944
35292,0.000499,172.217.24.0-255,2902,35925,34,86944
35293,0.000501,172.31.33.0-255,66,35991,34,86944
35294,0.000507,172.217.24.0-255,5738,41729,34,86944
35295,0.000515,172.31.33.0-255,66,41795,34,86944
35296,0.000543,172.217.24.0-255,5738,47533,34,86944
35297,0.000546,172.31.33.0-255,66,47599,34,86944
35298,0.000573,172.217.24.0-255,1125,48724,34,86944
35299,0.000576,172.31.33.0-255,66,48790,34,86944
35300,0.000579,172.217.24.0-255,1484,50274,34,86944
35301,0.000581,172.31.33.0-255,66,50340,34,86944
35302,0.00061,172.217.24.0-255,5738,56078,34,86944
35303,0.000613,172.31.33.0-255,66,56144,34,86944
35304,0.00062,172.217.24.0-255,7156,63300,34,86944
35305,0.000626,172.31.33.0-255,66,63366,34,86944
35306,0.000641,172.217.24.0-255,2543,65909,34,86944
35307,0.000643,172.31.33.0-255,66,65975,34,86944
35308,0.000682,172.217.24.0-255,391,66366,34,86944
35309,0.000787,172.31.33.0-255,66,66432,34,86944
35310,0.002592,172.217.24.0-255,4320,70752,34,86944
35311,0.002599,172.31.33.0-255,66,70818,34,86944
35312,0.002725,172.217.24.0-255,1484,72302,34,86944
35313,0.004546,172.217.24.0-255,2902,75204,34,86944
35314,0.004549,172.31.33.0-255,66,75270,34,86944
35315,0.004575,172.217.24.0-255,1484,76754,34,86944
35316,0.006496,172.217.24.0-255,4320,81074,34,86944
35317,0.006501,172.31.33.0-255,66,81140,34,86944
35318,0.008448,172.217.24.0-255,5738,86878,34,86944
35319,0.008456,172.31.33.0-255,66,86944,34,86944
35320,0.0,172.217.194.0-255,153,153,34,250168
35321,3.2e-05,172.31.33.0-255,66,219,34,250168
35322,3.8e-05,172.217.194.0-255,1484,1703,34,250168
35323,4.1e-05,172.31.33.0-255,66,1769,34,250168
35324,4.7e-05,172.217.194.0-255,2902,4671,34,250168
35325,5e-05,172.31.33.0-255,66,4737,34,250168
35326,5.7e-05,172.217.194.0-255,7156,11893,34,250168
35327,6e-05,172.31.33.0-255,66,11959,34,250168
35328,0.00011,172.217.194.0-255,7156,19115,34,250168
35329,0.000114,172.31.33.0-255,66,19181,34,250168
35330,0.000144,172.31.33.0-255,66,19247,34,250168
35331,0.000148,172.217.194.0-255,2543,21790,34,250168
35332,0.00015,172.31.33.0-255,66,21856,34,250168
35333,0.000153,172.217.194.0-255,1484,23340,34,250168
35334,0.000154,172.31.33.0-255,66,23406,34,250168
35335,0.000158,172.217.194.0-255,2902,26308,34,250168
35336,0.00016,172.31.33.0-255,66,26374,34,250168
35337,0.00019,172.217.194.0-255,5738,32112,34,250168
35338,0.000194,172.31.33.0-255,66,32178,34,250168
35339,0.000196,172.217.194.0-255,1484,33662,34,250168
35340,0.000198,172.31.33.0-255,66,33728,34,250168
35341,0.000219,172.217.194.0-255,5379,39107,34,250168
35342,0.000221,172.31.33.0-255,66,39173,34,250168
35343,0.000236,172.31.33.0-255,66,39239,34,250168
35344,0.000239,172.217.194.0-255,2867,42106,34,250168
35345,0.000241,172.31.33.0-255,66,42172,34,250168
35346,0.000512,172.217.194.0-255,363,42535,34,250168
35347,0.000517,172.31.33.0-255,66,42601,34,250168
35348,0.000639,172.217.194.0-255,1484,44085,34,250168
35349,0.000643,172.31.33.0-255,66,44151,34,250168
35350,0.000663,172.217.194.0-255,2902,47053,34,250168
35351,0.000666,172.31.33.0-255,66,47119,34,250168
35352,0.00067,172.217.194.0-255,1484,48603,34,250168
35353,0.000688,172.217.194.0-255,4320,52923,34,250168
35354,0.000691,172.31.33.0-255,66,52989,34,250168
35355,0.000709,172.217.194.0-255,5738,58727,34,250168
35356,0.000711,172.31.33.0-255,66,58793,34,250168
35357,0.00073,172.217.194.0-255,575,59368,34,250168
35358,0.000904,172.217.194.0-255,1484,60852,34,250168
35359,0.000911,172.31.33.0-255,66,60918,34,250168
35360,0.000916,172.217.194.0-255,2902,63820,34,250168
35361,0.000919,172.31.33.0-255,66,63886,34,250168
35362,0.000924,172.217.194.0-255,5738,69624,34,250168
35363,0.000927,172.31.33.0-255,66,69690,34,250168
35364,0.000931,172.217.194.0-255,4320,74010,34,250168
35365,0.000934,172.31.33.0-255,66,74076,34,250168
35366,0.000969,172.31.33.0-255,66,74142,34,250168
35367,0.000981,172.31.33.0-255,66,74208,34,250168
35368,0.001404,172.217.194.0-255,1484,75692,34,250168
35369,0.00141,172.217.194.0-255,2902,78594,34,250168
35370,0.001413,172.31.33.0-255,66,78660,34,250168
35371,0.001417,172.217.194.0-255,2902,81562,34,250168
35372,0.001419,172.31.33.0-255,66,81628,34,250168
35373,0.001433,172.217.194.0-255,2902,84530,34,250168
35374,0.001435,172.31.33.0-255,66,84596,34,250168
35375,0.001438,172.217.194.0-255,1484,86080,34,250168
35376,0.001458,172.31.33.0-255,66,86146,34,250168
35377,0.001501,172.31.33.0-255,66,86212,34,250168
35378,0.001517,172.217.194.0-255,1484,87696,34,250168
35379,0.001535,172.217.194.0-255,4320,92016,34,250168
35380,0.001537,172.31.33.0-255,66,92082,34,250168
35381,0.001541,172.217.194.0-255,2902,94984,34,250168
35382,0.001543,172.31.33.0-255,66,95050,34,250168
35383,0.001557,172.217.194.0-255,4320,99370,34,250168
35384,0.00156,172.31.33.0-255,66,99436,34,250168
35385,0.001563,172.217.194.0-255,1484,100920,34,250168
35386,0.001599,172.31.33.0-255,66,100986,34,250168
35387,0.001603,172.217.194.0-255,4320,105306,34,250168
35388,0.001605,172.31.33.0-255,66,105372,34,250168
35389,0.001618,172.217.194.0-255,2184,107556,34,250168
35390,0.00162,172.31.33.0-255,66,107622,34,250168
35391,0.001656,172.217.194.0-255,1484,109106,34,250168
35392,0.001659,172.217.194.0-255,1484,110590,34,250168
35393,0.001661,172.31.33.0-255,66,110656,34,250168
35394,0.001677,172.217.194.0-255,1484,112140,34,250168
35395,0.001682,172.217.194.0-255,1484,113624,34,250168
35396,0.001684,172.31.33.0-255,66,113690,34,250168
35397,0.001697,172.217.194.0-255,4320,118010,34,250168
35398,0.001699,172.31.33.0-255,66,118076,34,250168
35399,0.001744,172.217.194.0-255,5738,123814,34,250168
35400,0.001746,172.31.33.0-255,66,123880,34,250168
35401,0.001762,172.217.194.0-255,1484,125364,34,250168
35402,0.001774,172.31.33.0-255,66,125430,34,250168
35403,0.001778,172.217.194.0-255,2184,127614,34,250168
35404,0.00178,172.31.33.0-255,66,127680,34,250168
35405,0.001856,172.217.194.0-255,1484,129164,34,250168
35406,0.001868,172.217.194.0-255,2902,132066,34,250168
35407,0.00187,172.31.33.0-255,66,132132,34,250168
35408,0.001875,172.217.194.0-255,4320,136452,34,250168
35409,0.001877,172.31.33.0-255,66,136518,34,250168
35410,0.001888,172.217.194.0-255,1484,138002,34,250168
35411,0.001902,172.217.194.0-255,5738,143740,34,250168
35412,0.001905,172.31.33.0-255,66,143806,34,250168
35413,0.001921,172.217.194.0-255,2902,146708,34,250168
35414,0.001922,172.31.33.0-255,66,146774,34,250168
35415,0.001955,172.31.33.0-255,66,146840,34,250168
35416,0.001957,172.217.194.0-255,766,147606,34,250168
35417,0.00204,172.217.194.0-255,1484,149090,34,250168
35418,0.002042,172.31.33.0-255,66,149156,34,250168
35419,0.002053,172.217.194.0-255,1484,150640,34,250168
35420,0.002064,172.217.194.0-255,1484,152124,34,250168
35421,0.002066,172.31.33.0-255,66,152190,34,250168
35422,0.002071,172.217.194.0-255,5738,157928,34,250168
35423,0.002073,172.31.33.0-255,66,157994,34,250168
35424,0.002092,172.217.194.0-255,5738,163732,34,250168
35425,0.002094,172.31.33.0-255,66,163798,34,250168
35426,0.002112,172.217.194.0-255,7156,170954,34,250168
35427,0.002114,172.31.33.0-255,66,171020,34,250168
35428,0.002116,172.217.194.0-255,1484,172504,34,250168
35429,0.002144,172.217.194.0-255,2902,175406,34,250168
35430,0.002146,172.31.33.0-255,66,175472,34,250168
35431,0.002167,172.217.194.0-255,6438,181910,34,250168
35432,0.002168,172.31.33.0-255,66,181976,34,250168
35433,0.002228,172.217.194.0-255,1484,183460,34,250168
35434,0.002243,172.217.194.0-255,2902,186362,34,250168
35435,0.002245,172.31.33.0-255,66,186428,34,250168
35436,0.002266,172.217.194.0-255,5738,192166,34,250168
35437,0.002268,172.31.33.0-255,66,192232,34,250168
35438,0.002271,172.217.194.0-255,2902,195134,34,250168
35439,0.002273,172.31.33.0-255,66,195200,34,250168
35440,0.002293,172.31.33.0-255,66,195266,34,250168
35441,0.002297,172.217.194.0-255,4320,199586,34,250168
35442,0.002299,172.31.33.0-255,66,199652,34,250168
35443,0.002311,172.217.194.0-255,1484,201136,34,250168
35444,0.002313,172.217.194.0-255,1484,202620,34,250168
35445,0.002314,172.31.33.0-255,66,202686,34,250168
35446,0.002319,172.217.194.0-255,3602,206288,34,250168
35447,0.00232,172.31.33.0-255,66,206354,34,250168
35448,0.002367,172.217.194.0-255,1484,207838,34,250168
35449,0.002377,172.217.194.0-255,2902,210740,34,250168
35450,0.002379,172.31.33.0-255,66,210806,34,250168
35451,0.002381,172.217.194.0-255,1484,212290,34,250168
35452,0.002401,172.217.194.0-255,1484,213774,34,250168
35453,0.002403,172.31.33.0-255,66,213840,34,250168
35454,0.002425,172.217.194.0-255,5738,219578,34,250168
35455,0.002427,172.31.33.0-255,66,219644,34,250168
35456,0.002431,172.217.194.0-255,4320,223964,34,250168
35457,0.002433,172.31.33.0-255,66,224030,34,250168
35458,0.002453,172.31.33.0-255,66,224096,34,250168
35459,0.002457,172.217.194.0-255,5020,229116,34,250168
35460,0.002459,172.31.33.0-255,66,229182,34,250168
35461,0.002483,172.217.194.0-255,1484,230666,34,250168
35462,0.002496,172.217.194.0-255,4320,234986,34,250168
35463,0.002498,172.31.33.0-255,66,235052,34,250168
35464,0.002518,172.31.33.0-255,66,235118,34,250168
35465,0.002536,172.217.194.0-255,7156,242274,34,250168
35466,0.002538,172.31.33.0-255,66,242340,34,250168
35467,0.002541,172.217.194.0-255,4320,246660,34,250168
35468,0.002543,172.31.33.0-255,66,246726,34,250168
35469,0.002546,172.217.194.0-255,1484,248210,34,250168
35470,0.002549,172.217.194.0-255,1484,249694,34,250168
35471,0.00255,172.31.33.0-255,66,249760,34,250168
35472,0.002561,172.31.33.0-255,66,249826,34,250168
35473,0.002611,172.217.194.0-255,105,249931,34,250168
35474,0.007055,172.31.33.0-255,66,249997,34,250168
35475,0.007088,172.31.33.0-255,105,250102,34,250168
35476,0.009344,172.217.194.0-255,66,250168,34,250168
35477,0.0,172.217.194.0-255,147,147,34,277501
35478,2.3e-05,172.31.33.0-255,66,213,34,277501
35479,3.1e-05,172.217.194.0-255,1484,1697,34,277501
35480,3.5e-05,172.31.33.0-255,66,1763,34,277501
35481,4.1e-05,172.217.194.0-255,2902,4665,34,277501
35482,4.4e-05,172.31.33.0-255,66,4731,34,277501
35483,5.1e-05,172.217.194.0-255,4320,9051,34,277501
35484,5.3e-05,172.31.33.0-255,66,9117,34,277501
35485,7.9e-05,172.217.194.0-255,4926,14043,34,277501
35486,8.2e-05,172.31.33.0-255,66,14109,34,277501
35487,0.000465,172.217.194.0-255,1484,15593,34,277501
35488,0.000471,172.31.33.0-255,66,15659,34,277501
35489,0.000478,172.217.194.0-255,2902,18561,34,277501
35490,0.00048,172.31.33.0-255,66,18627,34,277501
35491,0.000484,172.217.194.0-255,1484,20111,34,277501
35492,0.000486,172.31.33.0-255,66,20177,34,277501
35493,0.000512,172.217.194.0-255,4320,24497,34,277501
35494,0.000516,172.31.33.0-255,66,24563,34,277501
35495,0.000519,172.217.194.0-255,1484,26047,34,277501
35496,0.000521,172.31.33.0-255,66,26113,34,277501
35497,0.000542,172.217.194.0-255,6797,32910,34,277501
35498,0.000544,172.31.33.0-255,66,32976,34,277501
35499,0.000551,172.217.194.0-255,5738,38714,34,277501
35500,0.000553,172.31.33.0-255,66,38780,34,277501
35501,0.000574,172.217.194.0-255,2902,41682,34,277501
35502,0.000576,172.31.33.0-255,66,41748,34,277501
35503,0.000582,172.217.194.0-255,4320,46068,34,277501
35504,0.000585,172.31.33.0-255,66,46134,34,277501
35505,0.000624,172.31.33.0-255,66,46200,34,277501
35506,0.000642,172.217.194.0-255,2902,49102,34,277501
35507,0.000645,172.31.33.0-255,66,49168,34,277501
35508,0.000667,172.217.194.0-255,5299,54467,34,277501
35509,0.00067,172.31.33.0-255,66,54533,34,277501
35510,0.000673,172.217.194.0-255,116,54649,34,277501
35511,0.000789,172.217.194.0-255,1484,56133,34,277501
35512,0.000793,172.217.194.0-255,1484,57617,34,277501
35513,0.000797,172.31.33.0-255,66,57683,34,277501
35514,0.000814,172.217.194.0-255,1484,59167,34,277501
35515,0.000816,172.31.33.0-255,66,59233,34,277501
35516,0.000822,172.217.194.0-255,4320,63553,34,277501
35517,0.000825,172.31.33.0-255,66,63619,34,277501
35518,0.000838,172.217.194.0-255,1484,65103,34,277501
35519,0.000842,172.217.194.0-255,1484,66587,34,277501
35520,0.000844,172.31.33.0-255,66,66653,34,277501
35521,0.000872,172.217.194.0-255,7156,73809,34,277501
35522,0.000875,172.31.33.0-255,66,73875,34,277501
35523,0.000888,172.31.33.0-255,66,73941,34,277501
35524,0.000915,172.217.194.0-255,1484,75425,34,277501
35525,0.000934,172.217.194.0-255,3915,79340,34,277501
35526,0.000938,172.31.33.0-255,66,79406,34,277501
35527,0.001195,172.217.194.0-255,1484,80890,34,277501
35528,0.0012,172.217.194.0-255,1484,82374,34,277501
35529,0.001203,172.31.33.0-255,66,82440,34,277501
35530,0.001218,172.217.194.0-255,1484,83924,34,277501
35531,0.001225,172.217.194.0-255,5738,89662,34,277501
35532,0.001227,172.31.33.0-255,66,89728,34,277501
35533,0.001231,172.217.194.0-255,2902,92630,34,277501
35534,0.001234,172.31.33.0-255,66,92696,34,277501
35535,0.001254,172.217.194.0-255,4320,97016,34,277501
35536,0.001256,172.31.33.0-255,66,97082,34,277501
35537,0.001268,172.31.33.0-255,66,97148,34,277501
35538,0.001295,172.217.194.0-255,5738,102886,34,277501
35539,0.001298,172.31.33.0-255,66,102952,34,277501
35540,0.001314,172.217.194.0-255,2184,105136,34,277501
35541,0.001317,172.31.33.0-255,66,105202,34,277501
35542,0.001789,172.217.194.0-255,1484,106686,34,277501
35543,0.001796,172.217.194.0-255,2902,109588,34,277501
35544,0.001799,172.31.33.0-255,66,109654,34,277501
35545,0.001806,172.217.194.0-255,5738,115392,34,277501
35546,0.001808,172.31.33.0-255,66,115458,34,277501
35547,0.001826,172.217.194.0-255,1484,116942,34,277501
35548,0.001841,172.217.194.0-255,7156,124098,34,277501
35549,0.001843,172.31.33.0-255,66,124164,34,277501
35550,0.001864,172.217.194.0-255,4320,128484,34,277501
35551,0.001867,172.31.33.0-255,66,128550,34,277501
35552,0.001879,172.31.33.0-255,66,128616,34,277501
35553,0.002936,172.217.194.0-255,1484,130100,34,277501
35554,0.002947,172.217.194.0-255,2902,133002,34,277501
35555,0.002952,172.31.33.0-255,66,133068,34,277501
35556,0.002957,172.217.194.0-255,1484,134552,34,277501
35557,0.002974,172.217.194.0-255,4320,138872,34,277501
35558,0.002976,172.31.33.0-255,66,138938,34,277501
35559,0.002996,172.217.194.0-255,1484,140422,34,277501
35560,0.003,172.217.194.0-255,1484,141906,34,277501
35561,0.003001,172.31.33.0-255,66,141972,34,277501
35562,0.003017,172.217.194.0-255,4320,146292,34,277501
35563,0.003019,172.31.33.0-255,66,146358,34,277501
35564,0.00304,172.31.33.0-255,66,146424,34,277501
35565,0.003062,172.217.194.0-255,2902,149326,34,277501
35566,0.003064,172.31.33.0-255,66,149392,34,277501
35567,0.00307,172.217.194.0-255,5020,154412,34,277501
35568,0.003072,172.31.33.0-255,66,154478,34,277501
35569,0.00316,172.217.194.0-255,1484,155962,34,277501
35570,0.003173,172.217.194.0-255,1484,157446,34,277501
35571,0.003175,172.31.33.0-255,66,157512,34,277501
35572,0.003195,172.217.194.0-255,4320,161832,34,277501
35573,0.003197,172.31.33.0-255,66,161898,34,277501
35574,0.003205,172.217.194.0-255,7156,169054,34,277501
35575,0.003207,172.31.33.0-255,66,169120,34,277501
35576,0.003233,172.217.194.0-255,2902,172022,34,277501
35577,0.003235,172.31.33.0-255,66,172088,34,277501
35578,0.003276,172.31.33.0-255,66,172154,34,277501
35579,0.003279,172.217.194.0-255,766,172920,34,277501
35580,0.003298,172.217.194.0-255,1484,174404,34,277501
35581,0.003301,172.31.33.0-255,66,174470,34,277501
35582,0.003318,172.217.194.0-255,1484,175954,34,277501
35583,0.003322,172.217.194.0-255,1484,177438,34,277501
35584,0.003324,172.31.33.0-255,66,177504,34,277501
35585,0.003342,172.217.194.0-255,2902,180406,34,277501
35586,0.003344,172.31.33.0-255,66,180472,34,277501
35587,0.003356,172.217.194.0-255,7156,187628,34,277501
35588,0.003358,172.31.33.0-255,66,187694,34,277501
35589,0.003363,172.217.194.0-255,2902,190596,34,277501
35590,0.003365,172.31.33.0-255,66,190662,34,277501
35591,0.003397,172.217.194.0-255,5738,196400,34,277501
35592,0.003399,172.31.33.0-255,66,196466,34,277501
35593,0.003406,172.217.194.0-255,5738,202204,34,277501
35594,0.003408,172.31.33.0-255,66,202270,34,277501
35595,0.003437,172.217.194.0-255,5020,207290,34,277501
35596,0.003439,172.31.33.0-255,66,207356,34,277501
35597,0.00355,172.217.194.0-255,1484,208840,34,277501
35598,0.00357,172.217.194.0-255,2902,211742,34,277501
35599,0.003572,172.31.33.0-255,66,211808,34,277501
35600,0.003575,172.217.194.0-255,1484,213292,34,277501
35601,0.003589,172.217.194.0-255,1484,214776,34,277501
35602,0.003591,172.31.33.0-255,66,214842,34,277501
35603,0.003606,172.217.194.0-255,4320,219162,34,277501
35604,0.003609,172.31.33.0-255,66,219228,34,277501
35605,0.003645,172.217.194.0-255,1484,220712,34,277501
35606,0.003664,172.217.194.0-255,7156,227868,34,277501
35607,0.003666,172.31.33.0-255,66,227934,34,277501
35608,0.00368,172.31.33.0-255,66,228000,34,277501
35609,0.003703,172.217.194.0-255,1484,229484,34,277501
35610,0.003728,172.217.194.0-255,2902,232386,34,277501
35611,0.003731,172.31.33.0-255,66,232452,34,277501
35612,0.003736,172.217.194.0-255,2902,235354,34,277501
35613,0.003749,172.217.194.0-255,1484,236838,34,277501
35614,0.003753,172.217.194.0-255,2902,239740,34,277501
35615,0.003767,172.217.194.0-255,5738,245478,34,277501
35616,0.003796,172.217.194.0-255,4320,249798,34,277501
35617,0.003843,172.217.194.0-255,2902,252700,34,277501
35618,0.003888,172.217.194.0-255,2902,255602,34,277501
35619,0.003941,172.217.194.0-255,6438,262040,34,277501
35620,0.003955,172.217.194.0-255,2902,264942,34,277501
35621,0.003975,172.217.194.0-255,7156,272098,34,277501
35622,0.003997,172.217.194.0-255,5298,277396,34,277501
35623,0.004027,172.217.194.0-255,105,277501,34,277501
35624,0.0,74.125.24.0-255,153,153,34,166005
35625,1.6e-05,172.31.33.0-255,66,219,34,166005
35626,2.2e-05,74.125.24.0-255,1484,1703,34,166005
35627,2.6e-05,172.31.33.0-255,66,1769,34,166005
35628,3.1e-05,74.125.24.0-255,2902,4671,34,166005
35629,3.4e-05,172.31.33.0-255,66,4737,34,166005
35630,3.7e-05,74.125.24.0-255,1484,6221,34,166005
35631,3.9e-05,172.31.33.0-255,66,6287,34,166005
35632,6.3e-05,74.125.24.0-255,4320,10607,34,166005
35633,6.6e-05,172.31.33.0-255,66,10673,34,166005
35634,9.7e-05,74.125.24.0-255,3402,14075,34,166005
35635,9.9e-05,172.31.33.0-255,66,14141,34,166005
35636,0.000134,74.125.24.0-255,4320,18461,34,166005
35637,0.000136,172.31.33.0-255,66,18527,34,166005
35638,0.000139,74.125.24.0-255,1484,20011,34,166005
35639,0.000141,172.31.33.0-255,66,20077,34,166005
35640,0.000167,74.125.24.0-255,5738,25815,34,166005
35641,0.000169,172.31.33.0-255,66,25881,34,166005
35642,0.000188,74.125.24.0-255,1484,27365,34,166005
35643,0.00019,172.31.33.0-255,66,27431,34,166005
35644,0.000195,74.125.24.0-255,3961,31392,34,166005
35645,0.000197,172.31.33.0-255,66,31458,34,166005
35646,0.000249,74.125.24.0-255,1484,32942,34,166005
35647,0.000251,172.31.33.0-255,66,33008,34,166005
35648,0.000256,74.125.24.0-255,2902,35910,34,166005
35649,0.000258,172.31.33.0-255,66,35976,34,166005
35650,0.000277,74.125.24.0-255,5738,41714,34,166005
35651,0.000279,172.31.33.0-255,66,41780,34,166005
35652,0.000302,74.125.24.0-255,2902,44682,34,166005
35653,0.000304,172.31.33.0-255,66,44748,34,166005
35654,0.000317,74.125.24.0-255,3961,48709,34,166005
35655,0.000319,172.31.33.0-255,66,48775,34,166005
35656,0.000333,172.31.33.0-255,66,48841,34,166005
35657,0.000335,74.125.24.0-255,1484,50325,34,166005
35658,0.000351,74.125.24.0-255,1457,51782,34,166005
35659,0.000353,172.31.33.0-255,66,51848,34,166005
35660,0.000382,74.125.24.0-255,110,51958,34,166005
35661,0.000429,74.125.24.0-255,332,52290,34,166005
35662,0.000854,74.125.24.0-255,1484,53774,34,166005
35663,0.000859,172.31.33.0-255,66,53840,34,166005
35664,0.000864,74.125.24.0-255,2902,56742,34,166005
35665,0.000866,172.31.33.0-255,66,56808,34,166005
35666,0.000887,74.125.24.0-255,5738,62546,34,166005
35667,0.000889,172.31.33.0-255,66,62612,34,166005
35668,0.000894,74.125.24.0-255,4320,66932,34,166005
35669,0.000895,172.31.33.0-255,66,66998,34,166005
35670,0.000927,172.31.33.0-255,66,67064,34,166005
35671,0.000936,172.31.33.0-255,66,67130,34,166005
35672,0.000954,74.125.24.0-255,2184,69314,34,166005
35673,0.000956,172.31.33.0-255,66,69380,34,166005
35674,0.001828,74.125.24.0-255,1484,70864,34,166005
35675,0.001838,74.125.24.0-255,2902,73766,34,166005
35676,0.001842,172.31.33.0-255,66,73832,34,166005
35677,0.00185,74.125.24.0-255,5738,79570,34,166005
35678,0.001852,172.31.33.0-255,66,79636,34,166005
35679,0.001855,74.125.24.0-255,1484,81120,34,166005
35680,0.001893,172.31.33.0-255,66,81186,34,166005
35681,0.001904,172.31.33.0-255,66,81252,34,166005
35682,0.001917,74.125.24.0-255,766,82018,34,166005
35683,0.002463,74.125.24.0-255,1484,83502,34,166005
35684,0.002466,172.31.33.0-255,66,83568,34,166005
35685,0.002471,74.125.24.0-255,2902,86470,34,166005
35686,0.002473,172.31.33.0-255,66,86536,34,166005
35687,0.002485,74.125.24.0-255,1484,88020,34,166005
35688,0.002501,74.125.24.0-255,2902,90922,34,166005
35689,0.002502,172.31.33.0-255,66,90988,34,166005
35690,0.002508,74.125.24.0-255,5738,96726,34,166005
35691,0.00251,172.31.33.0-255,66,96792,34,166005
35692,0.002531,74.125.24.0-255,7156,103948,34,166005
35693,0.002533,172.31.33.0-255,66,104014,34,166005
35694,0.002557,74.125.24.0-255,4320,108334,34,166005
35695,0.002559,172.31.33.0-255,66,108400,34,166005
35696,0.002565,74.125.24.0-255,5738,114138,34,166005
35697,0.002566,172.31.33.0-255,66,114204,34,166005
35698,0.002592,74.125.24.0-255,2184,116388,34,166005
35699,0.002594,172.31.33.0-255,66,116454,34,166005
35700,0.002779,74.125.24.0-255,1484,117938,34,166005
35701,0.002802,74.125.24.0-255,2902,120840,34,166005
35702,0.002805,172.31.33.0-255,66,120906,34,166005
35703,0.002807,74.125.24.0-255,1484,122390,34,166005
35704,0.002825,74.125.24.0-255,4320,126710,34,166005
35705,0.002827,172.31.33.0-255,66,126776,34,166005
35706,0.002842,74.125.24.0-255,4320,131096,34,166005
35707,0.002844,172.31.33.0-255,66,131162,34,166005
35708,0.002872,74.125.24.0-255,7156,138318,34,166005
35709,0.002874,172.31.33.0-255,66,138384,34,166005
35710,0.002879,74.125.24.0-255,4320,142704,34,166005
35711,0.00288,172.31.33.0-255,66,142770,34,166005
35712,0.00289,172.31.33.0-255,66,142836,34,166005
35713,0.002893,74.125.24.0-255,1484,144320,34,166005
35714,0.002914,74.125.24.0-255,1484,145804,34,166005
35715,0.002917,172.31.33.0-255,78,145882,34,166005
35716,0.002939,172.31.33.0-255,66,145948,34,166005
35717,0.002953,172.31.33.0-255,66,146014,34,166005
35718,0.002997,74.125.24.0-255,1484,147498,34,166005
35719,0.003001,74.125.24.0-255,2902,150400,34,166005
35720,0.003003,172.31.33.0-255,66,150466,34,166005
35721,0.003023,74.125.24.0-255,5738,156204,34,166005
35722,0.003026,172.31.33.0-255,66,156270,34,166005
35723,0.003029,74.125.24.0-255,1484,157754,34,166005
35724,0.003062,172.31.33.0-255,66,157820,34,166005
35725,0.003075,172.31.33.0-255,66,157886,34,166005
35726,0.003111,172.31.33.0-255,66,157952,34,166005
35727,0.003129,74.125.24.0-255,2902,160854,34,166005
35728,0.003132,172.31.33.0-255,66,160920,34,166005
35729,0.003137,74.125.24.0-255,2902,163822,34,166005
35730,0.003139,172.31.33.0-255,66,163888,34,166005
35731,0.003164,172.31.33.0-255,66,163954,34,166005
35732,0.003191,172.31.33.0-255,66,164020,34,166005
35733,0.003193,74.125.24.0-255,1484,165504,34,166005
35734,0.003217,172.31.33.0-255,66,165570,34,166005
35735,0.00324,172.31.33.0-255,66,165636,34,166005
35736,0.003254,172.31.33.0-255,66,165702,34,166005
35737,0.003297,172.31.33.0-255,66,165768,34,166005
35738,0.003405,172.31.33.0-255,66,165834,34,166005
35739,0.003429,172.31.33.0-255,66,165900,34,166005
35740,0.003432,74.125.24.0-255,105,166005,34,166005
35741,0.0,74.125.24.0-255,146,146,34,303001
35742,2.7e-05,172.31.33.0-255,66,212,34,303001
35743,3.4e-05,74.125.24.0-255,1484,1696,34,303001
35744,3.8e-05,172.31.33.0-255,66,1762,34,303001
35745,4.2e-05,74.125.24.0-255,2902,4664,34,303001
35746,4.5e-05,172.31.33.0-255,66,4730,34,303001
35747,7.3e-05,74.125.24.0-255,2902,7632,34,303001
35748,7.6e-05,172.31.33.0-255,66,7698,34,303001
35749,8.1e-05,74.125.24.0-255,4320,12018,34,303001
35750,8.3e-05,172.31.33.0-255,66,12084,34,303001
35751,0.000111,74.125.24.0-255,2902,14986,34,303001
35752,0.000113,172.31.33.0-255,66,15052,34,303001
35753,0.000137,74.125.24.0-255,6365,21417,34,303001
35754,0.00014,172.31.33.0-255,66,21483,34,303001
35755,0.000145,74.125.24.0-255,5738,27221,34,303001
35756,0.000147,172.31.33.0-255,66,27287,34,303001
35757,0.000149,74.125.24.0-255,1484,28771,34,303001
35758,0.000151,172.31.33.0-255,66,28837,34,303001
35759,0.000168,74.125.24.0-255,2543,31380,34,303001
35760,0.00017,172.31.33.0-255,66,31446,34,303001
35761,0.000186,74.125.24.0-255,4320,35766,34,303001
35762,0.000188,172.31.33.0-255,66,35832,34,303001
35763,0.000216,74.125.24.0-255,7156,42988,34,303001
35764,0.000218,172.31.33.0-255,66,43054,34,303001
35765,0.000246,74.125.24.0-255,2902,45956,34,303001
35766,0.000248,172.31.33.0-255,66,46022,34,303001
35767,0.000259,74.125.24.0-255,2543,48565,34,303001
35768,0.000261,172.31.33.0-255,66,48631,34,303001
35769,0.000414,74.125.24.0-255,1484,50115,34,303001
35770,0.000417,172.31.33.0-255,66,50181,34,303001
35771,0.000422,74.125.24.0-255,2902,53083,34,303001
35772,0.000424,172.31.33.0-255,66,53149,34,303001
35773,0.000457,74.125.24.0-255,5738,58887,34,303001
35774,0.000464,74.125.24.0-255,6797,65684,34,303001
35775,0.000468,172.31.33.0-255,66,65750,34,303001
35776,0.000472,74.125.24.0-255,399,66149,34,303001
35777,0.000473,172.31.33.0-255,66,66215,34,303001
35778,0.000652,74.125.24.0-255,346,66561,34,303001
35779,0.000673,172.31.33.0-255,66,66627,34,303001
35780,0.000828,74.125.24.0-255,1484,68111,34,303001
35781,0.000837,74.125.24.0-255,2902,71013,34,303001
35782,0.00086,74.125.24.0-255,2902,73915,34,303001
35783,0.000865,74.125.24.0-255,4320,78235,34,303001
35784,0.000888,172.31.33.0-255,66,78301,34,303001
35785,0.000923,74.125.24.0-255,5379,83680,34,303001
35786,0.000952,172.31.33.0-255,66,83746,34,303001
35787,0.001,74.125.24.0-255,1484,85230,34,303001
35788,0.001006,74.125.24.0-255,2902,88132,34,303001
35789,0.001022,74.125.24.0-255,2902,91034,34,303001
35790,0.001028,172.31.33.0-255,66,91100,34,303001
35791,0.001043,74.125.24.0-255,2902,94002,34,303001
35792,0.001058,172.31.33.0-255,66,94068,34,303001
35793,0.001093,74.125.24.0-255,6797,100865,34,303001
35794,0.001109,172.31.33.0-255,66,100931,34,303001
35795,0.001516,74.125.24.0-255,1484,102415,34,303001
35796,0.001524,74.125.24.0-255,2902,105317,34,303001
35797,0.001527,172.31.33.0-255,66,105383,34,303001
35798,0.001544,74.125.24.0-255,2902,108285,34,303001
35799,0.001555,74.125.24.0-255,2902,111187,34,303001
35800,0.001567,74.125.24.0-255,2902,114089,34,303001
35801,0.00157,172.31.33.0-255,66,114155,34,303001
35802,0.001573,172.31.33.0-255,66,114221,34,303001
35803,0.001605,172.31.33.0-255,66,114287,34,303001
35804,0.001613,74.125.24.0-255,4320,118607,34,303001
35805,0.001617,172.31.33.0-255,66,118673,34,303001
35806,0.001633,74.125.24.0-255,1484,120157,34,303001
35807,0.001651,74.125.24.0-255,5020,125177,34,303001
35808,0.001656,172.31.33.0-255,66,125243,34,303001
35809,0.002308,74.125.24.0-255,1484,126727,34,303001
35810,0.002327,74.125.24.0-255,2902,129629,34,303001
35811,0.00233,172.31.33.0-255,66,129695,34,303001
35812,0.002346,74.125.24.0-255,2902,132597,34,303001
35813,0.00235,172.31.33.0-255,66,132663,34,303001
35814,0.002377,74.125.24.0-255,7156,139819,34,303001
35815,0.002381,74.125.24.0-255,4320,144139,34,303001
35816,0.002384,172.31.33.0-255,66,144205,34,303001
35817,0.0024,74.125.24.0-255,7156,151361,34,303001
35818,0.002403,74.125.24.0-255,1484,152845,34,303001
35819,0.002421,172.31.33.0-255,66,152911,34,303001
35820,0.002436,74.125.24.0-255,4320,157231,34,303001
35821,0.002441,172.31.33.0-255,66,157297,34,303001
35822,0.002458,74.125.24.0-255,2184,159481,34,303001
35823,0.002474,172.31.33.0-255,66,159547,34,303001
35824,0.002555,74.125.24.0-255,1484,161031,34,303001
35825,0.002558,74.125.24.0-255,1484,162515,34,303001
35826,0.00256,172.31.33.0-255,66,162581,34,303001
35827,0.002591,74.125.24.0-255,4320,166901,34,303001
35828,0.0026,172.31.33.0-255,66,166967,34,303001
35829,0.002609,74.125.24.0-255,5738,172705,34,303001
35830,0.002612,172.31.33.0-255,66,172771,34,303001
35831,0.002621,74.125.24.0-255,2902,175673,34,303001
35832,0.002626,74.125.24.0-255,4320,179993,34,303001
35833,0.002644,74.125.24.0-255,5738,185731,34,303001
35834,0.002649,172.31.33.0-255,66,185797,34,303001
35835,0.002708,172.31.33.0-255,66,185863,34,303001
35836,0.002968,74.125.24.0-255,1484,187347,34,303001
35837,0.002971,74.125.24.0-255,1484,188831,34,303001
35838,0.002974,172.31.33.0-255,66,188897,34,303001
35839,0.002989,74.125.24.0-255,1484,190381,34,303001
35840,0.002994,74.125.24.0-255,5738,196119,34,303001
35841,0.002996,74.125.24.0-255,1484,197603,34,303001
35842,0.003004,172.31.33.0-255,66,197669,34,303001
35843,0.003021,74.125.24.0-255,5738,203407,34,303001
35844,0.003024,74.125.24.0-255,1484,204891,34,303001
35845,0.003029,74.125.24.0-255,5738,210629,34,303001
35846,0.003036,172.31.33.0-255,66,210695,34,303001
35847,0.003044,74.125.24.0-255,4320,215015,34,303001
35848,0.003047,172.31.33.0-255,66,215081,34,303001
35849,0.003058,74.125.24.0-255,4320,219401,34,303001
35850,0.003076,74.125.24.0-255,2184,221585,34,303001
35851,0.003082,74.125.24.0-255,7156,228741,34,303001
35852,0.003085,172.31.33.0-255,66,228807,34,303001
35853,0.003118,74.125.24.0-255,5738,234545,34,303001
35854,0.003126,172.31.33.0-255,66,234611,34,303001
35855,0.003155,74.125.24.0-255,766,235377,34,303001
35856,0.003168,172.31.33.0-255,66,235443,34,303001
35857,0.003205,74.125.24.0-255,1484,236927,34,303001
35858,0.003209,74.125.24.0-255,1484,238411,34,303001
35859,0.003223,74.125.24.0-255,4320,242731,34,303001
35860,0.003232,172.31.33.0-255,66,242797,34,303001
35861,0.003261,74.125.24.0-255,2902,245699,34,303001
35862,0.00329,74.125.24.0-255,5020,250719,34,303001
35863,0.003296,172.31.33.0-255,66,250785,34,303001
35864,0.003328,74.125.24.0-255,7156,257941,34,303001
35865,0.003335,172.31.33.0-255,66,258007,34,303001
35866,0.003367,74.125.24.0-255,7156,265163,34,303001
35867,0.003372,74.125.24.0-255,7156,272319,34,303001
35868,0.003392,74.125.24.0-255,3602,275921,34,303001
35869,0.003407,172.31.33.0-255,66,275987,34,303001
35870,0.003415,74.125.24.0-255,2902,278889,34,303001
35871,0.003419,74.125.24.0-255,2902,281791,34,303001
35872,0.003431,74.125.24.0-255,4320,286111,34,303001
35873,0.003434,172.31.33.0-255,66,286177,34,303001
35874,0.003457,74.125.24.0-255,5738,291915,34,303001
35875,0.003461,74.125.24.0-255,1484,293399,34,303001
35876,0.003465,74.125.24.0-255,2902,296301,34,303001
35877,0.003477,172.31.33.0-255,66,296367,34,303001
35878,0.003596,74.125.24.0-255,6292,302659,34,303001
35879,0.003599,74.125.24.0-255,105,302764,34,303001
35880,0.003615,172.31.33.0-255,66,302830,34,303001
35881,0.005181,172.31.33.0-255,105,302935,34,303001
35882,0.007469,74.125.24.0-255,66,303001,34,303001
35883,0.0,74.125.24.0-255,143,143,34,313065
35884,2.9e-05,172.31.33.0-255,66,209,34,313065
35885,3.6e-05,74.125.24.0-255,1484,1693,34,313065
35886,4e-05,172.31.33.0-255,66,1759,34,313065
35887,4.4e-05,74.125.24.0-255,2902,4661,34,313065
35888,5.3e-05,172.31.33.0-255,66,4727,34,313065
35889,5.6e-05,74.125.24.0-255,1484,6211,34,313065
35890,5.9e-05,172.31.33.0-255,66,6277,34,313065
35891,6.4e-05,74.125.24.0-255,4320,10597,34,313065
35892,6.6e-05,172.31.33.0-255,66,10663,34,313065
35893,9.6e-05,74.125.24.0-255,1484,12147,34,313065
35894,0.0001,172.31.33.0-255,66,12213,34,313065
35895,0.000104,74.125.24.0-255,2045,14258,34,313065
35896,0.000106,172.31.33.0-255,66,14324,34,313065
35897,0.00088,74.125.24.0-255,1484,15808,34,313065
35898,0.000886,172.31.33.0-255,66,15874,34,313065
35899,0.000896,74.125.24.0-255,2902,18776,34,313065
35900,0.000905,172.31.33.0-255,66,18842,34,313065
35901,0.000911,74.125.24.0-255,4320,23162,34,313065
35902,0.000913,172.31.33.0-255,66,23228,34,313065
35903,0.000961,74.125.24.0-255,4320,27548,34,313065
35904,0.000963,172.31.33.0-255,66,27614,34,313065
35905,0.00099,74.125.24.0-255,3961,31575,34,313065
35906,0.000992,172.31.33.0-255,66,31641,34,313065
35907,0.000999,74.125.24.0-255,5738,37379,34,313065
35908,0.001001,172.31.33.0-255,66,37445,34,313065
35909,0.001026,74.125.24.0-255,2902,40347,34,313065
35910,0.001029,172.31.33.0-255,66,40413,34,313065
35911,0.001058,74.125.24.0-255,5738,46151,34,313065
35912,0.00106,172.31.33.0-255,66,46217,34,313065
35913,0.001081,74.125.24.0-255,4320,50537,34,313065
35914,0.001083,172.31.33.0-255,66,50603,34,313065
35915,0.001092,172.31.33.0-255,66,50669,34,313065
35916,0.001094,74.125.24.0-255,1484,52153,34,313065
35917,0.001107,74.125.24.0-255,5020,57173,34,313065
35918,0.001109,172.31.33.0-255,66,57239,34,313065
35919,0.001145,74.125.24.0-255,364,57603,34,313065
35920,0.001166,74.125.24.0-255,131,57734,34,313065
35921,0.001368,74.125.24.0-255,1484,59218,34,313065
35922,0.001371,172.31.33.0-255,66,59284,34,313065
35923,0.001394,74.125.24.0-255,2902,62186,34,313065
35924,0.001397,172.31.33.0-255,66,62252,34,313065
35925,0.00141,74.125.24.0-255,4320,66572,34,313065
35926,0.001415,172.31.33.0-255,66,66638,34,313065
35927,0.001434,74.125.24.0-255,1484,68122,34,313065
35928,0.001446,74.125.24.0-255,4320,72442,34,313065
35929,0.001448,172.31.33.0-255,66,72508,34,313065
35930,0.001478,74.125.24.0-255,5738,78246,34,313065
35931,0.00148,172.31.33.0-255,66,78312,34,313065
35932,0.001526,74.125.24.0-255,1484,79796,34,313065
35933,0.001551,172.31.33.0-255,66,79862,34,313065
35934,0.001577,74.125.24.0-255,3602,83464,34,313065
35935,0.001579,172.31.33.0-255,66,83530,34,313065
35936,0.002246,74.125.24.0-255,1484,85014,34,313065
35937,0.002269,74.125.24.0-255,2902,87916,34,313065
35938,0.002272,172.31.33.0-255,66,87982,34,313065
35939,0.002295,74.125.24.0-255,2902,90884,34,313065
35940,0.002297,172.31.33.0-255,66,90950,34,313065
35941,0.00232,74.125.24.0-255,2902,93852,34,313065
35942,0.002322,172.31.33.0-255,66,93918,34,313065
35943,0.002331,74.125.24.0-255,1484,95402,34,313065
35944,0.002343,74.125.24.0-255,2902,98304,34,313065
35945,0.002345,172.31.33.0-255,66,98370,34,313065
35946,0.002367,172.31.33.0-255,66,98436,34,313065
35947,0.002392,74.125.24.0-255,2902,101338,34,313065
35948,0.002394,172.31.33.0-255,66,101404,34,313065
35949,0.002424,74.125.24.0-255,6438,107842,34,313065
35950,0.002426,172.31.33.0-255,66,107908,34,313065
35951,0.002626,74.125.24.0-255,1484,109392,34,313065
35952,0.002632,74.125.24.0-255,2902,112294,34,313065
35953,0.002635,172.31.33.0-255,66,112360,34,313065
35954,0.002639,74.125.24.0-255,2902,115262,34,313065
35955,0.002641,172.31.33.0-255,66,115328,34,313065
35956,0.00267,74.125.24.0-255,2902,118230,34,313065
35957,0.002673,172.31.33.0-255,66,118296,34,313065
35958,0.002689,172.31.33.0-255,66,118362,34,313065
35959,0.002695,74.125.24.0-255,4320,122682,34,313065
35960,0.002696,172.31.33.0-255,66,122748,34,313065
35961,0.002721,74.125.24.0-255,6438,129186,34,313065
35962,0.002732,172.31.33.0-255,66,129252,34,313065
35963,0.002835,74.125.24.0-255,1484,130736,34,313065
35964,0.002876,74.125.24.0-255,2902,133638,34,313065
35965,0.002881,172.31.33.0-255,66,133704,34,313065
35966,0.002887,74.125.24.0-255,5738,139442,34,313065
35967,0.002888,172.31.33.0-255,66,139508,34,313065
35968,0.002907,74.125.24.0-255,2902,142410,34,313065
35969,0.002909,172.31.33.0-255,66,142476,34,313065
35970,0.002939,74.125.24.0-255,7156,149632,34,313065
35971,0.002942,172.31.33.0-255,66,149698,34,313065
35972,0.002945,74.125.24.0-255,1484,151182,34,313065
35973,0.002947,74.125.24.0-255,1484,152666,34,313065
35974,0.002949,172.31.33.0-255,66,152732,34,313065
35975,0.002976,74.125.24.0-255,4320,157052,34,313065
35976,0.002979,172.31.33.0-255,66,157118,34,313065
35977,0.002984,74.125.24.0-255,4320,161438,34,313065
35978,0.002987,172.31.33.0-255,66,161504,34,313065
35979,0.002996,74.125.24.0-255,2184,163688,34,313065
35980,0.002997,172.31.33.0-255,66,163754,34,313065
35981,0.003087,74.125.24.0-255,1484,165238,34,313065
35982,0.003113,74.125.24.0-255,2902,168140,34,313065
35983,0.003117,172.31.33.0-255,66,168206,34,313065
35984,0.003123,74.125.24.0-255,5738,173944,34,313065
35985,0.003125,172.31.33.0-255,66,174010,34,313065
35986,0.003151,74.125.24.0-255,1484,175494,34,313065
35987,0.003155,74.125.24.0-255,1484,176978,34,313065
35988,0.003157,172.31.33.0-255,66,177044,34,313065
35989,0.003162,74.125.24.0-255,4320,181364,34,313065
35990,0.003164,172.31.33.0-255,66,181430,34,313065
35991,0.003177,74.125.24.0-255,5738,187168,34,313065
35992,0.003179,172.31.33.0-255,66,187234,34,313065
35993,0.003183,74.125.24.0-255,2902,190136,34,313065
35994,0.003185,172.31.33.0-255,66,190202,34,313065
35995,0.003217,74.125.24.0-255,2902,193104,34,313065
35996,0.003219,172.31.33.0-255,66,193170,34,313065
35997,0.003248,74.125.24.0-255,5020,198190,34,313065
35998,0.003251,172.31.33.0-255,66,198256,34,313065
35999,0.003273,74.125.24.0-255,1484,199740,34,313065
36000,0.003279,74.125.24.0-255,2902,202642,34,313065
36001,0.003281,172.31.33.0-255,66,202708,34,313065
36002,0.003287,74.125.24.0-255,5738,208446,34,313065
36003,0.003289,172.31.33.0-255,66,208512,34,313065
36004,0.003291,74.125.24.0-255,1484,209996,34,313065
36005,0.003328,74.125.24.0-255,5738,215734,34,313065
36006,0.003332,172.31.33.0-255,66,215800,34,313065
36007,0.003345,172.31.33.0-255,66,215866,34,313065
36008,0.003354,74.125.24.0-255,2184,218050,34,313065
36009,0.003356,172.31.33.0-255,66,218116,34,313065
36010,0.00336,74.125.24.0-255,2902,221018,34,313065
36011,0.003362,172.31.33.0-255,66,221084,34,313065
36012,0.003366,74.125.24.0-255,2902,223986,34,313065
36013,0.003368,172.31.33.0-255,66,224052,34,313065
36014,0.003392,74.125.24.0-255,4320,228372,34,313065
36015,0.003395,172.31.33.0-255,66,228438,34,313065
36016,0.003399,74.125.24.0-255,2902,231340,34,313065
36017,0.0034,172.31.33.0-255,66,231406,34,313065
36018,0.003409,74.125.24.0-255,4320,235726,34,313065
36019,0.003411,172.31.33.0-255,66,235792,34,313065
36020,0.003437,74.125.24.0-255,5738,241530,34,313065
36021,0.003445,172.31.33.0-255,66,241596,34,313065
36022,0.00345,74.125.24.0-255,4320,245916,34,313065
36023,0.003452,172.31.33.0-255,66,245982,34,313065
36024,0.003489,74.125.24.0-255,6438,252420,34,313065
36025,0.003493,172.31.33.0-255,66,252486,34,313065
36026,0.003602,74.125.24.0-255,1484,253970,34,313065
36027,0.003615,74.125.24.0-255,1484,255454,34,313065
36028,0.003618,172.31.33.0-255,66,255520,34,313065
36029,0.003647,74.125.24.0-255,4320,259840,34,313065
36030,0.00365,172.31.33.0-255,66,259906,34,313065
36031,0.003657,74.125.24.0-255,7156,267062,34,313065
36032,0.003658,172.31.33.0-255,66,267128,34,313065
36033,0.003674,74.125.24.0-255,2902,270030,34,313065
36034,0.003677,172.31.33.0-255,66,270096,34,313065
36035,0.003708,172.31.33.0-255,66,270162,34,313065
36036,0.003732,74.125.24.0-255,2902,273064,34,313065
36037,0.003735,172.31.33.0-255,66,273130,34,313065
36038,0.003739,74.125.24.0-255,2902,276032,34,313065
36039,0.00374,172.31.33.0-255,66,276098,34,313065
36040,0.003742,74.125.24.0-255,766,276864,34,313065
36041,0.003766,74.125.24.0-255,1484,278348,34,313065
36042,0.003769,172.31.33.0-255,66,278414,34,313065
36043,0.003797,74.125.24.0-255,2902,281316,34,313065
36044,0.003801,172.31.33.0-255,66,281382,34,313065
36045,0.003806,74.125.24.0-255,5738,287120,34,313065
36046,0.003808,172.31.33.0-255,66,287186,34,313065
36047,0.003828,74.125.24.0-255,4320,291506,34,313065
36048,0.003831,172.31.33.0-255,66,291572,34,313065
36049,0.003855,74.125.24.0-255,2902,294474,34,313065
36050,0.003858,172.31.33.0-255,66,294540,34,313065
36051,0.003868,172.31.33.0-255,66,294606,34,313065
36052,0.003896,74.125.24.0-255,2902,297508,34,313065
36053,0.0039,172.31.33.0-255,66,297574,34,313065
36054,0.003905,74.125.24.0-255,4320,301894,34,313065
36055,0.003908,172.31.33.0-255,66,301960,34,313065
36056,0.003969,172.31.33.0-255,66,302026,34,313065
36057,0.003976,74.125.24.0-255,7156,309182,34,313065
36058,0.003978,172.31.33.0-255,66,309248,34,313065
36059,0.003998,74.125.24.0-255,3646,312894,34,313065
36060,0.004001,172.31.33.0-255,66,312960,34,313065
36061,0.004004,74.125.24.0-255,105,313065,34,313065
36062,0.0,172.217.194.0-255,153,153,34,96385
36063,3.1e-05,172.31.33.0-255,66,219,34,96385
36064,3.8e-05,172.217.194.0-255,1484,1703,34,96385
36065,4.3e-05,172.31.33.0-255,66,1769,34,96385
36066,5.6e-05,172.217.194.0-255,2902,4671,34,96385
36067,5.9e-05,172.31.33.0-255,66,4737,34,96385
36068,6.6e-05,172.217.194.0-255,7156,11893,34,96385
36069,6.9e-05,172.31.33.0-255,66,11959,34,96385
36070,0.000116,172.31.33.0-255,66,12025,34,96385
36071,0.000128,172.31.33.0-255,66,12091,34,96385
36072,0.000139,172.217.194.0-255,4320,16411,34,96385
36073,0.000141,172.31.33.0-255,66,16477,34,96385
36074,0.000193,172.31.33.0-255,66,16543,34,96385
36075,0.000204,172.31.33.0-255,66,16609,34,96385
36076,0.00024,172.217.194.0-255,7106,23715,34,96385
36077,0.000243,172.31.33.0-255,66,23781,34,96385
36078,0.000496,172.217.194.0-255,1484,25265,34,96385
36079,0.000502,172.31.33.0-255,66,25331,34,96385
36080,0.000508,172.217.194.0-255,2902,28233,34,96385
36081,0.00051,172.31.33.0-255,66,28299,34,96385
36082,0.000522,172.217.194.0-255,5738,34037,34,96385
36083,0.000525,172.31.33.0-255,66,34103,34,96385
36084,0.000566,172.31.33.0-255,66,34169,34,96385
36085,0.00057,172.217.194.0-255,1484,35653,34,96385
36086,0.000572,172.31.33.0-255,66,35719,34,96385
36087,0.000634,172.31.33.0-255,66,35785,34,96385
36088,0.000647,172.31.33.0-255,66,35851,34,96385
36089,0.000662,172.31.33.0-255,66,35917,34,96385
36090,0.000714,172.31.33.0-255,66,35983,34,96385
36091,0.000723,172.217.194.0-255,2902,38885,34,96385
36092,0.000727,172.31.33.0-255,66,38951,34,96385
36093,0.000746,172.217.194.0-255,5738,44689,34,96385
36094,0.000754,172.31.33.0-255,66,44755,34,96385
36095,0.000765,172.31.33.0-255,66,44821,34,96385
36096,0.000818,172.31.33.0-255,66,44887,34,96385
36097,0.000849,172.217.194.0-255,6438,51325,34,96385
36098,0.000852,172.31.33.0-255,66,51391,34,96385
36099,0.000914,172.217.194.0-255,1484,52875,34,96385
36100,0.000921,172.217.194.0-255,2902,55777,34,96385
36101,0.000924,172.31.33.0-255,66,55843,34,96385
36102,0.000946,172.217.194.0-255,5738,61581,34,96385
36103,0.000949,172.31.33.0-255,66,61647,34,96385
36104,0.00096,172.31.33.0-255,66,61713,34,96385
36105,0.001015,172.217.194.0-255,4320,66033,34,96385
36106,0.001019,172.31.33.0-255,66,66099,34,96385
36107,0.001057,172.31.33.0-255,66,66165,34,96385
36108,0.00115,172.217.194.0-255,1484,67649,34,96385
36109,0.001157,172.217.194.0-255,2902,70551,34,96385
36110,0.00116,172.31.33.0-255,66,70617,34,96385
36111,0.001181,172.217.194.0-255,5738,76355,34,96385
36112,0.001185,172.31.33.0-255,66,76421,34,96385
36113,0.001222,172.31.33.0-255,66,76487,34,96385
36114,0.00124,172.31.33.0-255,66,76553,34,96385
36115,0.00129,172.217.194.0-255,4320,80873,34,96385
36116,0.001294,172.31.33.0-255,66,80939,34,96385
36117,0.001343,172.31.33.0-255,66,81005,34,96385
36118,0.001373,172.217.194.0-255,7156,88161,34,96385
36119,0.001377,172.31.33.0-255,66,88227,34,96385
36120,0.00142,172.31.33.0-255,66,88293,34,96385
36121,0.001465,172.217.194.0-255,5738,94031,34,96385
36122,0.001469,172.31.33.0-255,66,94097,34,96385
36123,0.001506,172.31.33.0-255,66,94163,34,96385
36124,0.001526,172.31.33.0-255,66,94229,34,96385
36125,0.001541,172.31.33.0-255,66,94295,34,96385
36126,0.001552,172.31.33.0-255,66,94361,34,96385
36127,0.001576,172.31.33.0-255,66,94427,34,96385
36128,0.001591,172.31.33.0-255,66,94493,34,96385
36129,0.001596,172.217.194.0-255,1484,95977,34,96385
36130,0.001643,172.31.33.0-255,66,96043,34,96385
36131,0.001647,172.217.194.0-255,105,96148,34,96385
36132,0.003174,172.31.33.0-255,66,96214,34,96385
36133,0.003198,172.31.33.0-255,105,96319,34,96385
36134,0.005478,172.217.194.0-255,66,96385,34,96385
36135,0.0,74.125.24.0-255,146,146,34,224949
36136,2.5e-05,172.31.33.0-255,66,212,34,224949
36137,3.1e-05,74.125.24.0-255,1484,1696,34,224949
36138,3.4e-05,172.31.33.0-255,66,1762,34,224949
36139,3.8e-05,74.125.24.0-255,2902,4664,34,224949
36140,4.7e-05,172.31.33.0-255,66,4730,34,224949
36141,5.2e-05,74.125.24.0-255,4320,9050,34,224949
36142,5.5e-05,172.31.33.0-255,66,9116,34,224949
36143,8.4e-05,74.125.24.0-255,2902,12018,34,224949
36144,8.6e-05,172.31.33.0-255,66,12084,34,224949
36145,0.000105,74.125.24.0-255,2127,14211,34,224949
36146,0.000108,172.31.33.0-255,66,14277,34,224949
36147,0.000113,74.125.24.0-255,5738,20015,34,224949
36148,0.000115,172.31.33.0-255,66,20081,34,224949
36149,0.000154,74.125.24.0-255,7156,27237,34,224949
36150,0.000159,172.31.33.0-255,66,27303,34,224949
36151,0.000187,74.125.24.0-255,3961,31264,34,224949
36152,0.000189,172.31.33.0-255,66,31330,34,224949
36153,0.000311,74.125.24.0-255,1484,32814,34,224949
36154,0.000315,172.31.33.0-255,66,32880,34,224949
36155,0.000321,74.125.24.0-255,2902,35782,34,224949
36156,0.000323,172.31.33.0-255,66,35848,34,224949
36157,0.000342,74.125.24.0-255,2902,38750,34,224949
36158,0.000346,172.31.33.0-255,66,38816,34,224949
36159,0.000351,74.125.24.0-255,4320,43136,34,224949
36160,0.000353,172.31.33.0-255,66,43202,34,224949
36161,0.000392,172.31.33.0-255,66,43268,34,224949
36162,0.000403,172.31.33.0-255,66,43334,34,224949
36163,0.000436,74.125.24.0-255,2856,46190,34,224949
36164,0.000438,172.31.33.0-255,66,46256,34,224949
36165,0.000442,74.125.24.0-255,109,46365,34,224949
36166,0.000588,74.125.24.0-255,1484,47849,34,224949
36167,0.000592,172.31.33.0-255,66,47915,34,224949
36168,0.00062,74.125.24.0-255,2902,50817,34,224949
36169,0.000623,172.31.33.0-255,66,50883,34,224949
36170,0.000629,74.125.24.0-255,5738,56621,34,224949
36171,0.000631,172.31.33.0-255,66,56687,34,224949
36172,0.000641,74.125.24.0-255,5738,62425,34,224949
36173,0.000645,172.31.33.0-255,66,62491,34,224949
36174,0.000681,172.31.33.0-255,66,62557,34,224949
36175,0.000706,74.125.24.0-255,5379,67936,34,224949
36176,0.000709,172.31.33.0-255,66,68002,34,224949
36177,0.000714,74.125.24.0-255,3961,71963,34,224949
36178,0.000716,172.31.33.0-255,66,72029,34,224949
36179,0.000719,74.125.24.0-255,331,72360,34,224949
36180,0.000914,172.31.33.0-255,66,72426,34,224949
36181,0.001383,74.125.24.0-255,1484,73910,34,224949
36182,0.001394,74.125.24.0-255,2902,76812,34,224949
36183,0.001398,172.31.33.0-255,66,76878,34,224949
36184,0.001405,74.125.24.0-255,4320,81198,34,224949
36185,0.001406,172.31.33.0-255,66,81264,34,224949
36186,0.001435,74.125.24.0-255,1484,82748,34,224949
36187,0.001444,74.125.24.0-255,7156,89904,34,224949
36188,0.001447,172.31.33.0-255,66,89970,34,224949
36189,0.001475,74.125.24.0-255,5738,95708,34,224949
36190,0.001477,172.31.33.0-255,66,95774,34,224949
36191,0.001481,74.125.24.0-255,4320,100094,34,224949
36192,0.001482,172.31.33.0-255,66,100160,34,224949
36193,0.001506,74.125.24.0-255,6438,106598,34,224949
36194,0.001508,172.31.33.0-255,66,106664,34,224949
36195,0.001746,74.125.24.0-255,1484,108148,34,224949
36196,0.001748,74.125.24.0-255,1484,109632,34,224949
36197,0.00175,172.31.33.0-255,66,109698,34,224949
36198,0.001769,74.125.24.0-255,1484,111182,34,224949
36199,0.001775,74.125.24.0-255,5738,116920,34,224949
36200,0.001776,172.31.33.0-255,66,116986,34,224949
36201,0.001813,74.125.24.0-255,7156,124142,34,224949
36202,0.001816,172.31.33.0-255,66,124208,34,224949
36203,0.001835,74.125.24.0-255,4320,128528,34,224949
36204,0.001837,172.31.33.0-255,66,128594,34,224949
36205,0.001847,74.125.24.0-255,2902,131496,34,224949
36206,0.001849,172.31.33.0-255,66,131562,34,224949
36207,0.001884,172.31.33.0-255,66,131628,34,224949
36208,0.001891,74.125.24.0-255,7156,138784,34,224949
36209,0.001893,172.31.33.0-255,66,138850,34,224949
36210,0.001917,74.125.24.0-255,5738,144588,34,224949
36211,0.001919,172.31.33.0-255,66,144654,34,224949
36212,0.001924,74.125.24.0-255,7156,151810,34,224949
36213,0.001926,172.31.33.0-255,66,151876,34,224949
36214,0.001992,74.125.24.0-255,4320,156196,34,224949
36215,0.002063,74.125.24.0-255,5738,161934,34,224949
36216,0.002093,74.125.24.0-255,1484,163418,34,224949
36217,0.002149,74.125.24.0-255,1484,164902,34,224949
36218,0.002156,74.125.24.0-255,7156,172058,34,224949
36219,0.002166,74.125.24.0-255,1484,173542,34,224949
36220,0.002172,74.125.24.0-255,7156,180698,34,224949
36221,0.002184,74.125.24.0-255,1484,182182,34,224949
36222,0.002215,74.125.24.0-255,5020,187202,34,224949
36223,0.002257,74.125.24.0-255,1484,188686,34,224949
36224,0.002296,74.125.24.0-255,2902,191588,34,224949
36225,0.002301,74.125.24.0-255,4320,195908,34,224949
36226,0.002338,74.125.24.0-255,3602,199510,34,224949
36227,0.002357,74.125.24.0-255,4320,203830,34,224949
36228,0.00236,74.125.24.0-255,1484,205314,34,224949
36229,0.00238,74.125.24.0-255,1484,206798,34,224949
36230,0.002407,74.125.24.0-255,5738,212536,34,224949
36231,0.00242,74.125.24.0-255,3602,216138,34,224949
36232,0.002427,74.125.24.0-255,5738,221876,34,224949
36233,0.002429,74.125.24.0-255,1484,223360,34,224949
36234,0.002452,74.125.24.0-255,1484,224844,34,224949
36235,0.002486,74.125.24.0-255,105,224949,34,224949
36236,0.0,74.125.24.0-255,153,153,34,255048
36237,2.4e-05,172.31.33.0-255,66,219,34,255048
36238,3.1e-05,74.125.24.0-255,1484,1703,34,255048
36239,3.6e-05,172.31.33.0-255,66,1769,34,255048
36240,4.9e-05,74.125.24.0-255,2902,4671,34,255048
36241,5.2e-05,172.31.33.0-255,66,4737,34,255048
36242,6e-05,74.125.24.0-255,7156,11893,34,255048
36243,6.3e-05,172.31.33.0-255,66,11959,34,255048
36244,6.7e-05,74.125.24.0-255,2083,14042,34,255048
36245,7e-05,172.31.33.0-255,66,14108,34,255048
36246,0.000115,74.125.24.0-255,1484,15592,34,255048
36247,0.000118,172.31.33.0-255,66,15658,34,255048
36248,0.000121,74.125.24.0-255,1484,17142,34,255048
36249,0.000124,172.31.33.0-255,66,17208,34,255048
36250,0.00015,74.125.24.0-255,1484,18692,34,255048
36251,0.000152,172.31.33.0-255,66,18758,34,255048
36252,0.00016,74.125.24.0-255,5738,24496,34,255048
36253,0.000162,172.31.33.0-255,66,24562,34,255048
36254,0.000174,74.125.24.0-255,6797,31359,34,255048
36255,0.000176,172.31.33.0-255,66,31425,34,255048
36256,0.000213,74.125.24.0-255,7156,38581,34,255048
36257,0.000216,172.31.33.0-255,66,38647,34,255048
36258,0.000254,74.125.24.0-255,1484,40131,34,255048
36259,0.000256,172.31.33.0-255,66,40197,34,255048
36260,0.000293,172.31.33.0-255,66,40263,34,255048
36261,0.000911,74.125.24.0-255,1484,41747,34,255048
36262,0.000917,172.31.33.0-255,66,41813,34,255048
36263,0.000923,74.125.24.0-255,2902,44715,34,255048
36264,0.000925,172.31.33.0-255,66,44781,34,255048
36265,0.000957,74.125.24.0-255,5738,50519,34,255048
36266,0.00096,172.31.33.0-255,66,50585,34,255048
36267,0.000969,74.125.24.0-255,5738,56323,34,255048
36268,0.000971,172.31.33.0-255,66,56389,34,255048
36269,0.001001,74.125.24.0-255,1704,58093,34,255048
36270,0.001004,172.31.33.0-255,66,58159,34,255048
36271,0.001057,74.125.24.0-255,1484,59643,34,255048
36272,0.00106,172.31.33.0-255,66,59709,34,255048
36273,0.001064,74.125.24.0-255,1484,61193,34,255048
36274,0.001066,172.31.33.0-255,66,61259,34,255048
36275,0.001092,74.125.24.0-255,1484,62743,34,255048
36276,0.001098,74.125.24.0-255,5738,68481,34,255048
36277,0.001101,74.125.24.0-255,2902,71383,34,255048
36278,0.001105,172.31.33.0-255,66,71449,34,255048
36279,0.001108,172.31.33.0-255,66,71515,34,255048
36280,0.001111,172.31.33.0-255,66,71581,34,255048
36281,0.001147,172.31.33.0-255,66,71647,34,255048
36282,0.001176,74.125.24.0-255,2902,74549,34,255048
36283,0.001178,172.31.33.0-255,66,74615,34,255048
36284,0.00119,172.31.33.0-255,66,74681,34,255048
36285,0.001352,74.125.24.0-255,1484,76165,34,255048
36286,0.001375,74.125.24.0-255,2902,79067,34,255048
36287,0.001379,172.31.33.0-255,66,79133,34,255048
36288,0.001386,74.125.24.0-255,5738,84871,34,255048
36289,0.001388,172.31.33.0-255,66,84937,34,255048
36290,0.001423,172.31.33.0-255,66,85003,34,255048
36291,0.001453,74.125.24.0-255,2902,87905,34,255048
36292,0.001455,172.31.33.0-255,66,87971,34,255048
36293,0.001461,74.125.24.0-255,4320,92291,34,255048
36294,0.001463,172.31.33.0-255,66,92357,34,255048
36295,0.001482,74.125.24.0-255,4320,96677,34,255048
36296,0.001484,172.31.33.0-255,66,96743,34,255048
36297,0.001501,74.125.24.0-255,2184,98927,34,255048
36298,0.001502,172.31.33.0-255,66,98993,34,255048
36299,0.001529,74.125.24.0-255,1484,100477,34,255048
36300,0.001549,74.125.24.0-255,2902,103379,34,255048
36301,0.001552,172.31.33.0-255,66,103445,34,255048
36302,0.001557,74.125.24.0-255,2902,106347,34,255048
36303,0.001559,172.31.33.0-255,66,106413,34,255048
36304,0.001594,74.125.24.0-255,2902,109315,34,255048
36305,0.001597,172.31.33.0-255,66,109381,34,255048
36306,0.001617,74.125.24.0-255,5738,115119,34,255048
36307,0.001619,172.31.33.0-255,66,115185,34,255048
36308,0.001627,74.125.24.0-255,7156,122341,34,255048
36309,0.001629,172.31.33.0-255,66,122407,34,255048
36310,0.001663,74.125.24.0-255,5738,128145,34,255048
36311,0.001666,172.31.33.0-255,66,128211,34,255048
36312,0.001672,74.125.24.0-255,4320,132531,34,255048
36313,0.001674,172.31.33.0-255,66,132597,34,255048
36314,0.001677,74.125.24.0-255,766,133363,34,255048
36315,0.002208,74.125.24.0-255,1484,134847,34,255048
36316,0.002213,172.31.33.0-255,66,134913,34,255048
36317,0.002219,74.125.24.0-255,2902,137815,34,255048
36318,0.002221,172.31.33.0-255,66,137881,34,255048
36319,0.002224,74.125.24.0-255,1484,139365,34,255048
36320,0.002255,74.125.24.0-255,4320,143685,34,255048
36321,0.002257,172.31.33.0-255,66,143751,34,255048
36322,0.002263,74.125.24.0-255,4320,148071,34,255048
36323,0.002264,172.31.33.0-255,66,148137,34,255048
36324,0.002267,74.125.24.0-255,1484,149621,34,255048
36325,0.0023,172.31.33.0-255,66,149687,34,255048
36326,0.002337,172.31.33.0-255,66,149753,34,255048
36327,0.003437,74.125.24.0-255,1484,151237,34,255048
36328,0.003448,74.125.24.0-255,2902,154139,34,255048
36329,0.003452,172.31.33.0-255,66,154205,34,255048
36330,0.003458,74.125.24.0-255,2902,157107,34,255048
36331,0.00346,172.31.33.0-255,66,157173,34,255048
36332,0.003492,172.31.33.0-255,66,157239,34,255048
36333,0.003513,74.125.24.0-255,1484,158723,34,255048
36334,0.003519,74.125.24.0-255,5738,164461,34,255048
36335,0.003521,172.31.33.0-255,66,164527,34,255048
36336,0.003567,74.125.24.0-255,1484,166011,34,255048
36337,0.003587,74.125.24.0-255,2902,168913,34,255048
36338,0.003589,172.31.33.0-255,66,168979,34,255048
36339,0.003595,74.125.24.0-255,6438,175417,34,255048
36340,0.003597,172.31.33.0-255,66,175483,34,255048
36341,0.003632,74.125.24.0-255,1484,176967,34,255048
36342,0.003636,74.125.24.0-255,1484,178451,34,255048
36343,0.003637,172.31.33.0-255,66,178517,34,255048
36344,0.00366,74.125.24.0-255,1484,180001,34,255048
36345,0.003666,74.125.24.0-255,4320,184321,34,255048
36346,0.003668,172.31.33.0-255,66,184387,34,255048
36347,0.003673,74.125.24.0-255,2902,187289,34,255048
36348,0.003674,172.31.33.0-255,66,187355,34,255048
36349,0.003677,74.125.24.0-255,1484,188839,34,255048
36350,0.003707,74.125.24.0-255,1484,190323,34,255048
36351,0.003709,172.31.33.0-255,66,190389,34,255048
36352,0.003742,172.31.33.0-255,66,190455,34,255048
36353,0.003748,74.125.24.0-255,5738,196193,34,255048
36354,0.00375,172.31.33.0-255,66,196259,34,255048
36355,0.00377,74.125.24.0-255,2184,198443,34,255048
36356,0.003776,172.31.33.0-255,66,198509,34,255048
36357,0.003804,172.31.33.0-255,66,198575,34,255048
36358,0.003841,74.125.24.0-255,4320,202895,34,255048
36359,0.003844,172.31.33.0-255,66,202961,34,255048
36360,0.003867,74.125.24.0-255,1484,204445,34,255048
36361,0.003871,74.125.24.0-255,1484,205929,34,255048
36362,0.003873,172.31.33.0-255,66,205995,34,255048
36363,0.003879,74.125.24.0-255,5738,211733,34,255048
36364,0.003882,172.31.33.0-255,66,211799,34,255048
36365,0.003906,74.125.24.0-255,1484,213283,34,255048
36366,0.003912,74.125.24.0-255,5738,219021,34,255048
36367,0.003915,172.31.33.0-255,66,219087,34,255048
36368,0.003947,74.125.24.0-255,3602,222689,34,255048
36369,0.00397,74.125.24.0-255,2902,225591,34,255048
36370,0.003976,74.125.24.0-255,4320,229911,34,255048
36371,0.003989,74.125.24.0-255,1484,231395,34,255048
36372,0.004007,74.125.24.0-255,1484,232879,34,255048
36373,0.004011,74.125.24.0-255,2902,235781,34,255048
36374,0.004114,74.125.24.0-255,1484,237265,34,255048
36375,0.004128,74.125.24.0-255,2184,239449,34,255048
36376,0.004178,74.125.24.0-255,2902,242351,34,255048
36377,0.004215,74.125.24.0-255,2902,245253,34,255048
36378,0.004258,74.125.24.0-255,4320,249573,34,255048
36379,0.004395,74.125.24.0-255,5370,254943,34,255048
36380,0.004421,74.125.24.0-255,105,255048,34,255048
36381,0.0,74.125.24.0-255,144,144,34,268503
36382,2.2e-05,172.31.33.0-255,66,210,34,268503
36383,2.7e-05,74.125.24.0-255,1484,1694,34,268503
36384,3.1e-05,172.31.33.0-255,66,1760,34,268503
36385,5.7e-05,74.125.24.0-255,2902,4662,34,268503
36386,6.4e-05,172.31.33.0-255,66,4728,34,268503
36387,7e-05,74.125.24.0-255,4320,9048,34,268503
36388,7.2e-05,172.31.33.0-255,66,9114,34,268503
36389,9.8e-05,74.125.24.0-255,4867,13981,34,268503
36390,0.000101,172.31.33.0-255,66,14047,34,268503
36391,0.000357,74.125.24.0-255,1484,15531,34,268503
36392,0.000362,172.31.33.0-255,66,15597,34,268503
36393,0.000368,74.125.24.0-255,2902,18499,34,268503
36394,0.00037,172.31.33.0-255,66,18565,34,268503
36395,0.000406,74.125.24.0-255,5738,24303,34,268503
36396,0.000409,172.31.33.0-255,66,24369,34,268503
36397,0.000414,74.125.24.0-255,4320,28689,34,268503
36398,0.000417,172.31.33.0-255,66,28755,34,268503
36399,0.000448,74.125.24.0-255,2543,31298,34,268503
36400,0.00045,172.31.33.0-255,66,31364,34,268503
36401,0.000469,74.125.24.0-255,2902,34266,34,268503
36402,0.000472,172.31.33.0-255,66,34332,34,268503
36403,0.000487,74.125.24.0-255,5738,40070,34,268503
36404,0.000495,172.31.33.0-255,66,40136,34,268503
36405,0.000526,74.125.24.0-255,1484,41620,34,268503
36406,0.000529,172.31.33.0-255,66,41686,34,268503
36407,0.000538,74.125.24.0-255,6797,48483,34,268503
36408,0.000541,172.31.33.0-255,66,48549,34,268503
36409,0.000584,74.125.24.0-255,1484,50033,34,268503
36410,0.000588,172.31.33.0-255,66,50099,34,268503
36411,0.000594,74.125.24.0-255,2902,53001,34,268503
36412,0.000597,172.31.33.0-255,66,53067,34,268503
36413,0.000631,74.125.24.0-255,5738,58805,34,268503
36414,0.000635,172.31.33.0-255,66,58871,34,268503
36415,0.000671,172.31.33.0-255,66,58937,34,268503
36416,0.000741,74.125.24.0-255,1484,60421,34,268503
36417,0.000756,74.125.24.0-255,2902,63323,34,268503
36418,0.00076,172.31.33.0-255,66,63389,34,268503
36419,0.000792,74.125.24.0-255,5738,69127,34,268503
36420,0.000795,172.31.33.0-255,66,69193,34,268503
36421,0.000801,74.125.24.0-255,2902,72095,34,268503
36422,0.000802,172.31.33.0-255,66,72161,34,268503
36423,0.00083,74.125.24.0-255,3961,76122,34,268503
36424,0.000833,172.31.33.0-255,66,76188,34,268503
36425,0.000837,74.125.24.0-255,1484,77672,34,268503
36426,0.000874,74.125.24.0-255,5738,83410,34,268503
36427,0.000878,172.31.33.0-255,66,83476,34,268503
36428,0.000883,74.125.24.0-255,4320,87796,34,268503
36429,0.000885,172.31.33.0-255,66,87862,34,268503
36430,0.000917,74.125.24.0-255,2902,90764,34,268503
36431,0.00092,172.31.33.0-255,66,90830,34,268503
36432,0.000947,74.125.24.0-255,2543,93373,34,268503
36433,0.00095,172.31.33.0-255,66,93439,34,268503
36434,0.001094,74.125.24.0-255,1484,94923,34,268503
36435,0.0011,74.125.24.0-255,2902,97825,34,268503
36436,0.001103,172.31.33.0-255,66,97891,34,268503
36437,0.001142,74.125.24.0-255,1484,99375,34,268503
36438,0.001166,74.125.24.0-255,4320,103695,34,268503
36439,0.001169,172.31.33.0-255,66,103761,34,268503
36440,0.001189,172.31.33.0-255,66,103827,34,268503
36441,0.001201,172.31.33.0-255,66,103893,34,268503
36442,0.001817,74.125.24.0-255,1484,105377,34,268503
36443,0.001829,74.125.24.0-255,2902,108279,34,268503
36444,0.001832,172.31.33.0-255,66,108345,34,268503
36445,0.001839,74.125.24.0-255,5738,114083,34,268503
36446,0.001841,172.31.33.0-255,66,114149,34,268503
36447,0.001863,74.125.24.0-255,1484,115633,34,268503
36448,0.00189,74.125.24.0-255,7156,122789,34,268503
36449,0.001893,172.31.33.0-255,66,122855,34,268503
36450,0.001899,74.125.24.0-255,5738,128593,34,268503
36451,0.0019,172.31.33.0-255,66,128659,34,268503
36452,0.001929,74.125.24.0-255,4320,132979,34,268503
36453,0.001932,172.31.33.0-255,66,133045,34,268503
36454,0.001938,74.125.24.0-255,5020,138065,34,268503
36455,0.001939,172.31.33.0-255,66,138131,34,268503
36456,0.002076,74.125.24.0-255,1484,139615,34,268503
36457,0.002082,74.125.24.0-255,2902,142517,34,268503
36458,0.002085,172.31.33.0-255,66,142583,34,268503
36459,0.002095,74.125.24.0-255,1484,144067,34,268503
36460,0.002111,74.125.24.0-255,4320,148387,34,268503
36461,0.002114,172.31.33.0-255,66,148453,34,268503
36462,0.002147,172.31.33.0-255,66,148519,34,268503
36463,0.002171,74.125.24.0-255,4320,152839,34,268503
36464,0.002173,172.31.33.0-255,66,152905,34,268503
36465,0.002208,172.31.33.0-255,66,152971,34,268503
36466,0.002212,74.125.24.0-255,2902,155873,34,268503
36467,0.002213,172.31.33.0-255,66,155939,34,268503
36468,0.002242,74.125.24.0-255,5738,161677,34,268503
36469,0.002245,172.31.33.0-255,66,161743,34,268503
36470,0.002273,74.125.24.0-255,7156,168899,34,268503
36471,0.002276,172.31.33.0-255,66,168965,34,268503
36472,0.002281,74.125.24.0-255,5738,174703,34,268503
36473,0.002282,172.31.33.0-255,66,174769,34,268503
36474,0.002313,172.31.33.0-255,66,174835,34,268503
36475,0.002316,74.125.24.0-255,766,175601,34,268503
36476,0.002715,74.125.24.0-255,1484,177085,34,268503
36477,0.002719,172.31.33.0-255,66,177151,34,268503
36478,0.002724,74.125.24.0-255,2902,180053,34,268503
36479,0.002726,172.31.33.0-255,66,180119,34,268503
36480,0.00273,74.125.24.0-255,2902,183021,34,268503
36481,0.002731,172.31.33.0-255,66,183087,34,268503
36482,0.002755,74.125.24.0-255,2902,185989,34,268503
36483,0.002757,172.31.33.0-255,66,186055,34,268503
36484,0.002761,74.125.24.0-255,2902,188957,34,268503
36485,0.002765,172.31.33.0-255,66,189023,34,268503
36486,0.002818,172.31.33.0-255,66,189089,34,268503
36487,0.002827,172.31.33.0-255,66,189155,34,268503
36488,0.00283,74.125.24.0-255,766,189921,34,268503
36489,0.00289,74.125.24.0-255,1484,191405,34,268503
36490,0.002894,172.31.33.0-255,66,191471,34,268503
36491,0.002899,74.125.24.0-255,2902,194373,34,268503
36492,0.0029,172.31.33.0-255,66,194439,34,268503
36493,0.002935,74.125.24.0-255,5738,200177,34,268503
36494,0.002938,172.31.33.0-255,66,200243,34,268503
36495,0.002943,74.125.24.0-255,4320,204563,34,268503
36496,0.002945,172.31.33.0-255,66,204629,34,268503
36497,0.003,74.125.24.0-255,1484,206113,34,268503
36498,0.003006,172.31.33.0-255,66,206179,34,268503
36499,0.003031,74.125.24.0-255,7156,213335,34,268503
36500,0.003033,172.31.33.0-255,66,213401,34,268503
36501,0.003043,172.31.33.0-255,66,213467,34,268503
36502,0.003056,172.31.33.0-255,66,213533,34,268503
36503,0.003067,172.31.33.0-255,66,213599,34,268503
36504,0.003073,74.125.24.0-255,6438,220037,34,268503
36505,0.003077,74.125.24.0-255,1484,221521,34,268503
36506,0.003083,74.125.24.0-255,5738,227259,34,268503
36507,0.003088,172.31.33.0-255,66,227325,34,268503
36508,0.00309,172.31.33.0-255,66,227391,34,268503
36509,0.003127,74.125.24.0-255,4320,231711,34,268503
36510,0.003132,172.31.33.0-255,66,231777,34,268503
36511,0.003135,74.125.24.0-255,1484,233261,34,268503
36512,0.003138,74.125.24.0-255,2902,236163,34,268503
36513,0.00314,172.31.33.0-255,66,236229,34,268503
36514,0.003145,74.125.24.0-255,4320,240549,34,268503
36515,0.003147,172.31.33.0-255,66,240615,34,268503
36516,0.003152,74.125.24.0-255,4320,244935,34,268503
36517,0.003153,172.31.33.0-255,66,245001,34,268503
36518,0.003181,74.125.24.0-255,5020,250021,34,268503
36519,0.003184,172.31.33.0-255,66,250087,34,268503
36520,0.00319,74.125.24.0-255,5738,255825,34,268503
36521,0.003192,172.31.33.0-255,66,255891,34,268503
36522,0.003237,74.125.24.0-255,4320,260211,34,268503
36523,0.003241,172.31.33.0-255,66,260277,34,268503
36524,0.003256,172.31.33.0-255,66,260343,34,268503
36525,0.003265,74.125.24.0-255,7098,267441,34,268503
36526,0.003269,172.31.33.0-255,66,267507,34,268503
36527,0.003273,74.125.24.0-255,105,267612,34,268503
36528,0.003305,74.125.24.0-255,129,267741,34,268503
36529,0.004863,172.31.33.0-255,105,267846,34,268503
36530,0.004928,172.31.33.0-255,105,267951,34,268503
36531,0.005192,172.31.33.0-255,90,268041,34,268503
36532,0.005204,172.31.33.0-255,66,268107,34,268503
36533,0.007439,74.125.24.0-255,66,268173,34,268503
36534,0.007458,74.125.24.0-255,66,268239,34,268503
36535,0.007715,74.125.24.0-255,66,268305,34,268503
36536,0.007747,74.125.24.0-255,66,268371,34,268503
36537,0.007758,172.31.33.0-255,66,268437,34,268503
36538,0.007765,74.125.24.0-255,66,268503,34,268503
36539,0.0,74.125.130.0-255,153,153,34,242248
36540,1.3e-05,172.31.33.0-255,66,219,34,242248
36541,4.4e-05,74.125.130.0-255,1484,1703,34,242248
36542,4.9e-05,172.31.33.0-255,66,1769,34,242248
36543,5.5e-05,74.125.130.0-255,2902,4671,34,242248
36544,5.8e-05,172.31.33.0-255,66,4737,34,242248
36545,6.1e-05,74.125.130.0-255,1484,6221,34,242248
36546,6.4e-05,172.31.33.0-255,66,6287,34,242248
36547,9.5e-05,74.125.130.0-255,5738,12025,34,242248
36548,9.9e-05,172.31.33.0-255,66,12091,34,242248
36549,0.000103,74.125.130.0-255,2093,14184,34,242248
36550,0.000105,172.31.33.0-255,66,14250,34,242248
36551,0.000303,74.125.130.0-255,1484,15734,34,242248
36552,0.000309,172.31.33.0-255,66,15800,34,242248
36553,0.000314,74.125.130.0-255,2902,18702,34,242248
36554,0.000316,172.31.33.0-255,66,18768,34,242248
36555,0.000344,74.125.130.0-255,5738,24506,34,242248
36556,0.000346,172.31.33.0-255,66,24572,34,242248
36557,0.000353,74.125.130.0-255,5738,30310,34,242248
36558,0.000357,172.31.33.0-255,66,30376,34,242248
36559,0.000377,74.125.130.0-255,4320,34696,34,242248
36560,0.000379,172.31.33.0-255,66,34762,34,242248
36561,0.000409,74.125.130.0-255,2543,37305,34,242248
36562,0.000412,172.31.33.0-255,66,37371,34,242248
36563,0.000416,74.125.130.0-255,4320,41691,34,242248
36564,0.000418,172.31.33.0-255,66,41757,34,242248
36565,0.000423,74.125.130.0-255,5738,47495,34,242248
36566,0.000425,172.31.33.0-255,66,47561,34,242248
36567,0.000427,74.125.130.0-255,1125,48686,34,242248
36568,0.000429,172.31.33.0-255,66,48752,34,242248
36569,0.000474,74.125.130.0-255,1484,50236,34,242248
36570,0.000477,172.31.33.0-255,66,50302,34,242248
36571,0.000481,74.125.130.0-255,2902,53204,34,242248
36572,0.000483,172.31.33.0-255,66,53270,34,242248
36573,0.000504,74.125.130.0-255,1484,54754,34,242248
36574,0.000513,74.125.130.0-255,2902,57656,34,242248
36575,0.000516,172.31.33.0-255,66,57722,34,242248
36576,0.000547,74.125.130.0-255,4320,62042,34,242248
36577,0.00055,172.31.33.0-255,66,62108,34,242248
36578,0.000574,74.125.130.0-255,4240,66348,34,242248
36579,0.000577,172.31.33.0-255,66,66414,34,242248
36580,0.00058,74.125.130.0-255,117,66531,34,242248
36581,0.000672,74.125.130.0-255,1484,68015,34,242248
36582,0.000676,172.31.33.0-255,66,68081,34,242248
36583,0.00068,74.125.130.0-255,2902,70983,34,242248
36584,0.000682,172.31.33.0-255,66,71049,34,242248
36585,0.000719,74.125.130.0-255,4320,75369,34,242248
36586,0.000724,172.31.33.0-255,66,75435,34,242248
36587,0.000724,74.125.130.0-255,5738,81173,34,242248
36588,0.000726,74.125.130.0-255,1484,82657,34,242248
36589,0.000727,172.31.33.0-255,66,82723,34,242248
36590,0.000777,172.31.33.0-255,66,82789,34,242248
36591,0.000781,74.125.130.0-255,5738,88527,34,242248
36592,0.000783,172.31.33.0-255,66,88593,34,242248
36593,0.000807,74.125.130.0-255,1439,90032,34,242248
36594,0.001003,74.125.130.0-255,1484,91516,34,242248
36595,0.001007,172.31.33.0-255,66,91582,34,242248
36596,0.001013,74.125.130.0-255,2902,94484,34,242248
36597,0.001015,172.31.33.0-255,66,94550,34,242248
36598,0.00105,74.125.130.0-255,2902,97452,34,242248
36599,0.001054,172.31.33.0-255,66,97518,34,242248
36600,0.001072,74.125.130.0-255,1484,99002,34,242248
36601,0.001081,172.31.33.0-255,66,99068,34,242248
36602,0.001095,172.31.33.0-255,66,99134,34,242248
36603,0.001439,74.125.130.0-255,1484,100618,34,242248
36604,0.001445,74.125.130.0-255,1484,102102,34,242248
36605,0.001448,172.31.33.0-255,66,102168,34,242248
36606,0.001471,74.125.130.0-255,1484,103652,34,242248
36607,0.001477,74.125.130.0-255,5738,109390,34,242248
36608,0.001479,172.31.33.0-255,66,109456,34,242248
36609,0.001485,74.125.130.0-255,7156,116612,34,242248
36610,0.001487,172.31.33.0-255,66,116678,34,242248
36611,0.001531,172.31.33.0-255,66,116744,34,242248
36612,0.001535,74.125.130.0-255,2184,118928,34,242248
36613,0.001538,172.31.33.0-255,66,118994,34,242248
36614,0.001698,74.125.130.0-255,1484,120478,34,242248
36615,0.001719,74.125.130.0-255,2902,123380,34,242248
36616,0.001723,172.31.33.0-255,66,123446,34,242248
36617,0.00173,74.125.130.0-255,5738,129184,34,242248
36618,0.001733,172.31.33.0-255,66,129250,34,242248
36619,0.001745,74.125.130.0-255,7156,136406,34,242248
36620,0.001748,172.31.33.0-255,66,136472,34,242248
36621,0.001786,172.31.33.0-255,66,136538,34,242248
36622,0.00179,74.125.130.0-255,2184,138722,34,242248
36623,0.001792,172.31.33.0-255,66,138788,34,242248
36624,0.002205,74.125.130.0-255,1484,140272,34,242248
36625,0.002231,74.125.130.0-255,1484,141756,34,242248
36626,0.002236,172.31.33.0-255,66,141822,34,242248
36627,0.002263,74.125.130.0-255,2902,144724,34,242248
36628,0.002267,172.31.33.0-255,66,144790,34,242248
36629,0.002274,74.125.130.0-255,5738,150528,34,242248
36630,0.002277,172.31.33.0-255,66,150594,34,242248
36631,0.002283,74.125.130.0-255,5738,156332,34,242248
36632,0.002285,172.31.33.0-255,66,156398,34,242248
36633,0.002323,74.125.130.0-255,1484,157882,34,242248
36634,0.002335,172.31.33.0-255,66,157948,34,242248
36635,0.00234,74.125.130.0-255,2902,160850,34,242248
36636,0.002342,172.31.33.0-255,66,160916,34,242248
36637,0.002347,74.125.130.0-255,3602,164518,34,242248
36638,0.002349,172.31.33.0-255,66,164584,34,242248
36639,0.002693,74.125.130.0-255,1484,166068,34,242248
36640,0.002701,74.125.130.0-255,2902,168970,34,242248
36641,0.002705,172.31.33.0-255,66,169036,34,242248
36642,0.00274,74.125.130.0-255,5738,174774,34,242248
36643,0.002743,172.31.33.0-255,66,174840,34,242248
36644,0.002748,74.125.130.0-255,4320,179160,34,242248
36645,0.002756,172.31.33.0-255,66,179226,34,242248
36646,0.002763,74.125.130.0-255,5738,184964,34,242248
36647,0.002766,172.31.33.0-255,66,185030,34,242248
36648,0.002777,172.31.33.0-255,66,185096,34,242248
36649,0.002816,74.125.130.0-255,1484,186580,34,242248
36650,0.002824,74.125.130.0-255,5020,191600,34,242248
36651,0.002826,172.31.33.0-255,66,191666,34,242248
36652,0.002832,74.125.130.0-255,5738,197404,34,242248
36653,0.002834,172.31.33.0-255,66,197470,34,242248
36654,0.002846,172.31.33.0-255,66,197536,34,242248
36655,0.002857,172.31.33.0-255,66,197602,34,242248
36656,0.002925,172.31.33.0-255,66,197668,34,242248
36657,0.002934,172.31.33.0-255,66,197734,34,242248
36658,0.002936,74.125.130.0-255,1484,199218,34,242248
36659,0.002943,74.125.130.0-255,7156,206374,34,242248
36660,0.002945,172.31.33.0-255,66,206440,34,242248
36661,0.002969,74.125.130.0-255,4320,210760,34,242248
36662,0.002971,172.31.33.0-255,66,210826,34,242248
36663,0.002974,74.125.130.0-255,766,211592,34,242248
36664,0.002986,74.125.130.0-255,1484,213076,34,242248
36665,0.003035,74.125.130.0-255,1484,214560,34,242248
36666,0.003038,74.125.130.0-255,2902,217462,34,242248
36667,0.003041,74.125.130.0-255,1484,218946,34,242248
36668,0.003047,74.125.130.0-255,6438,225384,34,242248
36669,0.003059,74.125.130.0-255,2902,228286,34,242248
36670,0.003082,74.125.130.0-255,5738,234024,34,242248
36671,0.003085,74.125.130.0-255,1484,235508,34,242248
36672,0.003103,74.125.130.0-255,4320,239828,34,242248
36673,0.003115,74.125.130.0-255,2144,241972,34,242248
36674,0.003165,74.125.130.0-255,105,242077,34,242248
36675,0.006351,172.31.33.0-255,66,242143,34,242248
36676,0.008021,172.31.33.0-255,105,242248,34,242248
36677,0.0,172.253.118.0-255,153,153,34,237524
36678,2.2e-05,172.31.33.0-255,66,219,34,237524
36679,2.7e-05,172.253.118.0-255,1484,1703,34,237524
36680,3.1e-05,172.31.33.0-255,66,1769,34,237524
36681,3.5e-05,172.253.118.0-255,2902,4671,34,237524
36682,3.7e-05,172.31.33.0-255,66,4737,34,237524
36683,4.1e-05,172.253.118.0-255,2902,7639,34,237524
36684,4.4e-05,172.31.33.0-255,66,7705,34,237524
36685,7.1e-05,172.253.118.0-255,4320,12025,34,237524
36686,7.4e-05,172.31.33.0-255,66,12091,34,237524
36687,7.8e-05,172.253.118.0-255,3581,15672,34,237524
36688,7.9e-05,172.31.33.0-255,66,15738,34,237524
36689,8.3e-05,172.253.118.0-255,4320,20058,34,237524
36690,8.6e-05,172.31.33.0-255,66,20124,34,237524
36691,9.3e-05,172.253.118.0-255,7156,27280,34,237524
36692,9.4e-05,172.31.33.0-255,66,27346,34,237524
36693,0.000107,172.253.118.0-255,2902,30248,34,237524
36694,0.000108,172.31.33.0-255,66,30314,34,237524
36695,0.000111,172.253.118.0-255,1125,31439,34,237524
36696,0.000112,172.31.33.0-255,66,31505,34,237524
36697,0.000211,172.253.118.0-255,1484,32989,34,237524
36698,0.000214,172.31.33.0-255,66,33055,34,237524
36699,0.000218,172.253.118.0-255,1484,34539,34,237524
36700,0.00022,172.31.33.0-255,66,34605,34,237524
36701,0.000232,172.253.118.0-255,1484,36089,34,237524
36702,0.000234,172.31.33.0-255,66,36155,34,237524
36703,0.000237,172.253.118.0-255,1484,37639,34,237524
36704,0.000238,172.31.33.0-255,66,37705,34,237524
36705,0.000263,172.253.118.0-255,4320,42025,34,237524
36706,0.000265,172.31.33.0-255,66,42091,34,237524
36707,0.000276,172.31.33.0-255,66,42157,34,237524
36708,0.00029,172.253.118.0-255,1125,43282,34,237524
36709,0.000316,172.253.118.0-255,2902,46184,34,237524
36710,0.000319,172.31.33.0-255,66,46250,34,237524
36711,0.000344,172.31.33.0-255,66,46316,34,237524
36712,0.000346,172.253.118.0-255,1405,47721,34,237524
36713,0.000348,172.253.118.0-255,410,48131,34,237524
36714,0.000351,172.31.33.0-255,66,48197,34,237524
36715,0.000541,172.253.118.0-255,1484,49681,34,237524
36716,0.000554,172.253.118.0-255,2902,52583,34,237524
36717,0.000556,172.31.33.0-255,66,52649,34,237524
36718,0.00056,172.253.118.0-255,1484,54133,34,237524
36719,0.000575,172.253.118.0-255,4320,58453,34,237524
36720,0.000577,172.31.33.0-255,66,58519,34,237524
36721,0.000605,172.253.118.0-255,4320,62839,34,237524
36722,0.000608,172.31.33.0-255,66,62905,34,237524
36723,0.000619,172.31.33.0-255,66,62971,34,237524
36724,0.000645,172.31.33.0-255,66,63037,34,237524
36725,0.000727,172.253.118.0-255,1484,64521,34,237524
36726,0.000731,172.253.118.0-255,1484,66005,34,237524
36727,0.000735,172.31.33.0-255,66,66071,34,237524
36728,0.000741,172.253.118.0-255,1484,67555,34,237524
36729,0.00076,172.253.118.0-255,5738,73293,34,237524
36730,0.000763,172.31.33.0-255,66,73359,34,237524
36731,0.000784,172.253.118.0-255,4320,77679,34,237524
36732,0.000787,172.31.33.0-255,66,77745,34,237524
36733,0.000819,172.31.33.0-255,66,77811,34,237524
36734,0.000829,172.31.33.0-255,66,77877,34,237524
36735,0.000843,172.253.118.0-255,2184,80061,34,237524
36736,0.000845,172.31.33.0-255,66,80127,34,237524
36737,0.000868,172.253.118.0-255,1484,81611,34,237524
36738,0.000872,172.253.118.0-255,2902,84513,34,237524
36739,0.000874,172.253.118.0-255,1484,85997,34,237524
36740,0.000875,172.31.33.0-255,66,86063,34,237524
36741,0.000891,172.253.118.0-255,4320,90383,34,237524
36742,0.000893,172.31.33.0-255,66,90449,34,237524
36743,0.000896,172.253.118.0-255,1484,91933,34,237524
36744,0.000929,172.31.33.0-255,66,91999,34,237524
36745,0.000935,172.253.118.0-255,7156,99155,34,237524
36746,0.000937,172.31.33.0-255,66,99221,34,237524
36747,0.000942,172.253.118.0-255,3602,102823,34,237524
36748,0.000945,172.31.33.0-255,66,102889,34,237524
36749,0.000985,172.253.118.0-255,1484,104373,34,237524
36750,0.000988,172.253.118.0-255,1484,105857,34,237524
36751,0.000991,172.31.33.0-255,66,105923,34,237524
36752,0.001007,172.253.118.0-255,1484,107407,34,237524
36753,0.001013,172.253.118.0-255,5738,113145,34,237524
36754,0.001016,172.31.33.0-255,66,113211,34,237524
36755,0.001031,172.253.118.0-255,4320,117531,34,237524
36756,0.001033,172.31.33.0-255,66,117597,34,237524
36757,0.001065,172.31.33.0-255,66,117663,34,237524
36758,0.001072,172.253.118.0-255,7156,124819,34,237524
36759,0.001077,172.31.33.0-255,66,124885,34,237524
36760,0.001112,172.253.118.0-255,3602,128487,34,237524
36761,0.001115,172.31.33.0-255,66,128553,34,237524
36762,0.001372,172.253.118.0-255,1484,130037,34,237524
36763,0.001391,172.253.118.0-255,2902,132939,34,237524
36764,0.001394,172.31.33.0-255,66,133005,34,237524
36765,0.001399,172.253.118.0-255,4320,137325,34,237524
36766,0.001401,172.31.33.0-255,66,137391,34,237524
36767,0.001425,172.31.33.0-255,66,137457,34,237524
36768,0.001453,172.253.118.0-255,5738,143195,34,237524
36769,0.001455,172.31.33.0-255,66,143261,34,237524
36770,0.001484,172.31.33.0-255,66,143327,34,237524
36771,0.001511,172.253.118.0-255,1484,144811,34,237524
36772,0.001549,172.253.118.0-255,1484,146295,34,237524
36773,0.001551,172.31.33.0-255,66,146361,34,237524
36774,0.001567,172.253.118.0-255,1484,147845,34,237524
36775,0.001573,172.253.118.0-255,5738,153583,34,237524
36776,0.001575,172.31.33.0-255,66,153649,34,237524
36777,0.001589,172.31.33.0-255,66,153715,34,237524
36778,0.001605,172.253.118.0-255,2902,156617,34,237524
36779,0.001607,172.31.33.0-255,66,156683,34,237524
36780,0.001642,172.31.33.0-255,66,156749,34,237524
36781,0.001654,172.253.118.0-255,4320,161069,34,237524
36782,0.001656,172.31.33.0-255,66,161135,34,237524
36783,0.00169,172.31.33.0-255,66,161201,34,237524
36784,0.001696,172.253.118.0-255,5738,166939,34,237524
36785,0.001698,172.31.33.0-255,66,167005,34,237524
36786,0.001721,172.31.33.0-255,66,167071,34,237524
36787,0.001723,172.253.118.0-255,1484,168555,34,237524
36788,0.001737,172.253.118.0-255,2184,170739,34,237524
36789,0.00174,172.31.33.0-255,66,170805,34,237524
36790,0.001811,172.253.118.0-255,1484,172289,34,237524
36791,0.001815,172.253.118.0-255,1484,173773,34,237524
36792,0.001817,172.31.33.0-255,66,173839,34,237524
36793,0.001834,172.253.118.0-255,1484,175323,34,237524
36794,0.00184,172.253.118.0-255,5738,181061,34,237524
36795,0.001843,172.31.33.0-255,66,181127,34,237524
36796,0.001866,172.31.33.0-255,66,181193,34,237524
36797,0.001884,172.253.118.0-255,1484,182677,34,237524
36798,0.001914,172.253.118.0-255,4320,186997,34,237524
36799,0.001917,172.31.33.0-255,66,187063,34,237524
36800,0.00194,172.31.33.0-255,66,187129,34,237524
36801,0.001967,172.253.118.0-255,1484,188613,34,237524
36802,0.001985,172.253.118.0-255,2902,191515,34,237524
36803,0.001988,172.31.33.0-255,66,191581,34,237524
36804,0.002008,172.253.118.0-255,4320,195901,34,237524
36805,0.002011,172.31.33.0-255,66,195967,34,237524
36806,0.002026,172.253.118.0-255,1484,197451,34,237524
36807,0.002031,172.253.118.0-255,4320,201771,34,237524
36808,0.002033,172.31.33.0-255,66,201837,34,237524
36809,0.002044,172.31.33.0-255,66,201903,34,237524
36810,0.002049,172.253.118.0-255,7156,209059,34,237524
36811,0.002052,172.31.33.0-255,66,209125,34,237524
36812,0.002054,172.253.118.0-255,766,209891,34,237524
36813,0.002098,172.253.118.0-255,1484,211375,34,237524
36814,0.002101,172.31.33.0-255,66,211441,34,237524
36815,0.00212,172.253.118.0-255,2902,214343,34,237524
36816,0.002123,172.31.33.0-255,66,214409,34,237524
36817,0.002127,172.253.118.0-255,2902,217311,34,237524
36818,0.002129,172.31.33.0-255,66,217377,34,237524
36819,0.00214,172.253.118.0-255,2902,220279,34,237524
36820,0.002143,172.31.33.0-255,66,220345,34,237524
36821,0.002169,172.253.118.0-255,7156,227501,34,237524
36822,0.002171,172.31.33.0-255,66,227567,34,237524
36823,0.002176,172.253.118.0-255,5738,233305,34,237524
36824,0.002178,172.31.33.0-255,66,233371,34,237524
36825,0.0022,172.253.118.0-255,2902,236273,34,237524
36826,0.002203,172.31.33.0-255,66,236339,34,237524
36827,0.00221,172.253.118.0-255,843,237182,34,237524
36828,0.002233,172.253.118.0-255,105,237287,34,237524
36829,0.002858,172.31.33.0-255,66,237353,34,237524
36830,0.002882,172.31.33.0-255,105,237458,34,237524
36831,0.004885,172.253.118.0-255,66,237524,34,237524
36832,0.0,172.31.33.0-255,105,105,34,276
36833,0.002213,157.240.7.0-255,105,210,34,276
36834,0.002225,172.31.33.0-255,66,276,34,276
36835,0.0,172.31.33.0-255,105,105,34,342
36836,0.002024,74.125.24.0-255,66,171,34,342
36837,0.002048,74.125.24.0-255,105,276,34,342
36838,0.002052,172.31.33.0-255,66,342,34,342
36839,0.0,172.217.194.0-255,146,146,34,131360
36840,2.3e-05,172.31.33.0-255,66,212,34,131360
36841,2.9e-05,172.217.194.0-255,1484,1696,34,131360
36842,3.2e-05,172.31.33.0-255,66,1762,34,131360
36843,4.3e-05,172.217.194.0-255,2902,4664,34,131360
36844,4.6e-05,172.31.33.0-255,66,4730,34,131360
36845,7.4e-05,172.217.194.0-255,7156,11886,34,131360
36846,7.6e-05,172.31.33.0-255,66,11952,34,131360
36847,7.9e-05,172.217.194.0-255,2044,13996,34,131360
36848,8.1e-05,172.31.33.0-255,66,14062,34,131360
36849,0.000122,172.217.194.0-255,4320,18382,34,131360
36850,0.000125,172.31.33.0-255,66,18448,34,131360
36851,0.00015,172.217.194.0-255,7156,25604,34,131360
36852,0.000153,172.31.33.0-255,66,25670,34,131360
36853,0.000159,172.217.194.0-255,4320,29990,34,131360
36854,0.000161,172.31.33.0-255,66,30056,34,131360
36855,0.000179,172.217.194.0-255,1125,31181,34,131360
36856,0.000182,172.31.33.0-255,66,31247,34,131360
36857,0.000243,172.217.194.0-255,1484,32731,34,131360
36858,0.000246,172.31.33.0-255,66,32797,34,131360
36859,0.000272,172.217.194.0-255,2902,35699,34,131360
36860,0.000276,172.31.33.0-255,66,35765,34,131360
36861,0.000282,172.217.194.0-255,5738,41503,34,131360
36862,0.000284,172.31.33.0-255,66,41569,34,131360
36863,0.000288,172.217.194.0-255,2902,44471,34,131360
36864,0.00029,172.31.33.0-255,66,44537,34,131360
36865,0.000316,172.217.194.0-255,1484,46021,34,131360
36866,0.000319,172.31.33.0-255,66,46087,34,131360
36867,0.000324,172.217.194.0-255,2902,48989,34,131360
36868,0.000326,172.31.33.0-255,66,49055,34,131360
36869,0.000359,172.31.33.0-255,66,49121,34,131360
36870,0.000362,172.217.194.0-255,2902,52023,34,131360
36871,0.000367,172.31.33.0-255,66,52089,34,131360
36872,0.000404,172.217.194.0-255,5020,57109,34,131360
36873,0.000408,172.31.33.0-255,66,57175,34,131360
36874,0.000428,172.217.194.0-255,345,57520,34,131360
36875,0.00046,172.217.194.0-255,114,57634,34,131360
36876,0.000589,172.217.194.0-255,1484,59118,34,131360
36877,0.000592,172.31.33.0-255,66,59184,34,131360
36878,0.000597,172.217.194.0-255,2902,62086,34,131360
36879,0.000599,172.31.33.0-255,66,62152,34,131360
36880,0.000626,172.217.194.0-255,5738,67890,34,131360
36881,0.000629,172.31.33.0-255,66,67956,34,131360
36882,0.000633,172.217.194.0-255,2902,70858,34,131360
36883,0.000635,172.31.33.0-255,66,70924,34,131360
36884,0.000669,172.31.33.0-255,66,70990,34,131360
36885,0.000673,172.217.194.0-255,2902,73892,34,131360
36886,0.000675,172.31.33.0-255,66,73958,34,131360
36887,0.000705,172.31.33.0-255,66,74024,34,131360
36888,0.000746,172.31.33.0-255,66,74090,34,131360
36889,0.00079,172.31.33.0-255,66,74156,34,131360
36890,0.001647,172.217.194.0-255,1484,75640,34,131360
36891,0.001657,172.217.194.0-255,2902,78542,34,131360
36892,0.001661,172.31.33.0-255,66,78608,34,131360
36893,0.00169,172.217.194.0-255,5738,84346,34,131360
36894,0.001693,172.31.33.0-255,66,84412,34,131360
36895,0.001726,172.31.33.0-255,66,84478,34,131360
36896,0.00175,172.217.194.0-255,4320,88798,34,131360
36897,0.001752,172.31.33.0-255,66,88864,34,131360
36898,0.001785,172.31.33.0-255,66,88930,34,131360
36899,0.001828,172.217.194.0-255,1484,90414,34,131360
36900,0.001832,172.217.194.0-255,2902,93316,34,131360
36901,0.001833,172.31.33.0-255,66,93382,34,131360
36902,0.001849,172.217.194.0-255,1484,94866,34,131360
36903,0.001864,172.217.194.0-255,4320,99186,34,131360
36904,0.001865,172.31.33.0-255,66,99252,34,131360
36905,0.001868,172.217.194.0-255,1484,100736,34,131360
36906,0.001872,172.217.194.0-255,2902,103638,34,131360
36907,0.001873,172.31.33.0-255,66,103704,34,131360
36908,0.001893,172.217.194.0-255,5738,109442,34,131360
36909,0.001895,172.31.33.0-255,66,109508,34,131360
36910,0.001905,172.217.194.0-255,1484,110992,34,131360
36911,0.001936,172.31.33.0-255,66,111058,34,131360
36912,0.00194,172.217.194.0-255,4320,115378,34,131360
36913,0.001942,172.31.33.0-255,66,115444,34,131360
36914,0.001976,172.31.33.0-255,66,115510,34,131360
36915,0.001989,172.31.33.0-255,66,115576,34,131360
36916,0.002017,172.217.194.0-255,4320,119896,34,131360
36917,0.002019,172.31.33.0-255,66,119962,34,131360
36918,0.002049,172.31.33.0-255,66,120028,34,131360
36919,0.002063,172.217.194.0-255,2902,122930,34,131360
36920,0.002065,172.31.33.0-255,66,122996,34,131360
36921,0.002075,172.31.33.0-255,66,123062,34,131360
36922,0.002116,172.31.33.0-255,66,123128,34,131360
36923,0.002124,172.31.33.0-255,66,123194,34,131360
36924,0.002168,172.31.33.0-255,66,123260,34,131360
36925,0.002184,172.31.33.0-255,66,123326,34,131360
36926,0.00222,172.217.194.0-255,4320,127646,34,131360
36927,0.002222,172.31.33.0-255,66,127712,34,131360
36928,0.002256,172.31.33.0-255,66,127778,34,131360
36929,0.002275,172.31.33.0-255,66,127844,34,131360
36930,0.002314,172.31.33.0-255,66,127910,34,131360
36931,0.002335,172.217.194.0-255,3108,131018,34,131360
36932,0.002337,172.31.33.0-255,66,131084,34,131360
36933,0.002339,172.217.194.0-255,105,131189,34,131360
36934,0.008332,172.31.33.0-255,66,131255,34,131360
36935,0.00836,172.31.33.0-255,105,131360,34,131360
36936,0.0,172.31.33.0-255,105,105,34,342
36937,0.00229,172.217.194.0-255,66,171,34,342
36938,0.0023,172.217.194.0-255,105,276,34,342
36939,0.002305,172.31.33.0-255,66,342,34,342
36940,0.0,74.125.24.0-255,153,153,34,162859
36941,1.5e-05,172.31.33.0-255,66,219,34,162859
36942,2.2e-05,74.125.24.0-255,1484,1703,34,162859
36943,2.7e-05,172.31.33.0-255,66,1769,34,162859
36944,3.3e-05,74.125.24.0-255,2902,4671,34,162859
36945,3.7e-05,172.31.33.0-255,66,4737,34,162859
36946,4.5e-05,74.125.24.0-255,7156,11893,34,162859
36947,4.8e-05,172.31.33.0-255,66,11959,34,162859
36948,5.3e-05,74.125.24.0-255,2088,14047,34,162859
36949,5.6e-05,172.31.33.0-255,66,14113,34,162859
36950,8.9e-05,74.125.24.0-255,2902,17015,34,162859
36951,9.2e-05,172.31.33.0-255,66,17081,34,162859
36952,0.000112,74.125.24.0-255,5738,22819,34,162859
36953,0.000115,172.31.33.0-255,66,22885,34,162859
36954,0.000158,74.125.24.0-255,5738,28623,34,162859
36955,0.000161,172.31.33.0-255,66,28689,34,162859
36956,0.00018,74.125.24.0-255,2543,31232,34,162859
36957,0.000182,172.31.33.0-255,66,31298,34,162859
36958,0.000281,74.125.24.0-255,1484,32782,34,162859
36959,0.000285,172.31.33.0-255,66,32848,34,162859
36960,0.000291,74.125.24.0-255,2902,35750,34,162859
36961,0.000294,172.31.33.0-255,66,35816,34,162859
36962,0.000299,74.125.24.0-255,2902,38718,34,162859
36963,0.000301,172.31.33.0-255,66,38784,34,162859
36964,0.000323,74.125.24.0-255,2902,41686,34,162859
36965,0.000326,172.31.33.0-255,66,41752,34,162859
36966,0.000331,74.125.24.0-255,4320,46072,34,162859
36967,0.000333,172.31.33.0-255,66,46138,34,162859
36968,0.000337,74.125.24.0-255,1484,47622,34,162859
36969,0.000339,172.31.33.0-255,66,47688,34,162859
36970,0.000378,172.31.33.0-255,66,47754,34,162859
36971,0.000386,74.125.24.0-255,7072,54826,34,162859
36972,0.00039,74.125.24.0-255,138,54964,34,162859
36973,0.00049,74.125.24.0-255,1484,56448,34,162859
36974,0.000495,74.125.24.0-255,1484,57932,34,162859
36975,0.000515,74.125.24.0-255,1484,59416,34,162859
36976,0.000522,74.125.24.0-255,5738,65154,34,162859
36977,0.000547,74.125.24.0-255,2902,68056,34,162859
36978,0.000554,172.31.33.0-255,66,68122,34,162859
36979,0.000574,172.31.33.0-255,66,68188,34,162859
36980,0.000586,74.125.24.0-255,1125,69313,34,162859
36981,0.000625,172.31.33.0-255,66,69379,34,162859
36982,0.002441,74.125.24.0-255,1484,70863,34,162859
36983,0.002451,74.125.24.0-255,2902,73765,34,162859
36984,0.002456,172.31.33.0-255,66,73831,34,162859
36985,0.002464,74.125.24.0-255,5738,79569,34,162859
36986,0.002467,74.125.24.0-255,1484,81053,34,162859
36987,0.002494,74.125.24.0-255,1484,82537,34,162859
36988,0.002498,74.125.24.0-255,1484,84021,34,162859
36989,0.002955,74.125.24.0-255,1484,85505,34,162859
36990,0.002964,74.125.24.0-255,2902,88407,34,162859
36991,0.002968,74.125.24.0-255,2902,91309,34,162859
36992,0.002982,74.125.24.0-255,2902,94211,34,162859
36993,0.002987,74.125.24.0-255,4320,98531,34,162859
36994,0.003032,74.125.24.0-255,4320,102851,34,162859
36995,0.003046,74.125.24.0-255,3602,106453,34,162859
36996,0.003052,74.125.24.0-255,4320,110773,34,162859
36997,0.003069,74.125.24.0-255,4320,115093,34,162859
36998,0.003138,74.125.24.0-255,6438,121531,34,162859
36999,0.003145,74.125.24.0-255,5738,127269,34,162859
37000,0.003196,74.125.24.0-255,7156,134425,34,162859
37001,0.003201,74.125.24.0-255,3602,138027,34,162859
37002,0.003252,74.125.24.0-255,4320,142347,34,162859
37003,0.003337,74.125.24.0-255,2184,144531,34,162859
37004,0.00336,74.125.24.0-255,5020,149551,34,162859
37005,0.00339,74.125.24.0-255,2902,152453,34,162859
37006,0.003451,74.125.24.0-255,5020,157473,34,162859
37007,0.003492,74.125.24.0-255,2902,160375,34,162859
37008,0.003582,74.125.24.0-255,2184,162559,34,162859
37009,0.003606,74.125.24.0-255,105,162664,34,162859
37010,0.003608,74.125.24.0-255,129,162793,34,162859
37011,0.009925,172.31.33.0-255,66,162859,34,162859
37012,0.0,172.217.194.0-255,210,210,34,255976
37013,2.4e-05,172.31.33.0-255,66,276,34,255976
37014,3e-05,172.217.194.0-255,1484,1760,34,255976
37015,3.4e-05,172.31.33.0-255,66,1826,34,255976
37016,3.9e-05,172.217.194.0-255,4320,6146,34,255976
37017,4.1e-05,172.31.33.0-255,66,6212,34,255976
37018,6.1e-05,172.217.194.0-255,4320,10532,34,255976
37019,6.3e-05,172.31.33.0-255,66,10598,34,255976
37020,7.6e-05,172.217.194.0-255,3249,13847,34,255976
37021,7.8e-05,172.31.33.0-255,66,13913,34,255976
37022,9e-05,172.217.194.0-255,2902,16815,34,255976
37023,9.3e-05,172.31.33.0-255,66,16881,34,255976
37024,0.00013,172.31.33.0-255,66,16947,34,255976
37025,0.000136,172.217.194.0-255,7156,24103,34,255976
37026,0.000138,172.31.33.0-255,66,24169,34,255976
37027,0.000186,172.31.33.0-255,66,24235,34,255976
37028,0.000204,172.217.194.0-255,4320,28555,34,255976
37029,0.000206,172.31.33.0-255,66,28621,34,255976
37030,0.00023,172.31.33.0-255,66,28687,34,255976
37031,0.000264,172.217.194.0-255,2902,31589,34,255976
37032,0.000268,172.31.33.0-255,66,31655,34,255976
37033,0.000282,172.217.194.0-255,1433,33088,34,255976
37034,0.000285,172.31.33.0-255,66,33154,34,255976
37035,0.000358,172.217.194.0-255,377,33531,34,255976
37036,0.000361,172.31.33.0-255,66,33597,34,255976
37037,0.000389,172.217.194.0-255,1484,35081,34,255976
37038,0.000391,172.31.33.0-255,66,35147,34,255976
37039,0.000408,172.217.194.0-255,4320,39467,34,255976
37040,0.000411,172.31.33.0-255,66,39533,34,255976
37041,0.000417,172.217.194.0-255,4320,43853,34,255976
37042,0.000419,172.31.33.0-255,66,43919,34,255976
37043,0.000437,172.217.194.0-255,2902,46821,34,255976
37044,0.000439,172.31.33.0-255,66,46887,34,255976
37045,0.000444,172.217.194.0-255,4320,51207,34,255976
37046,0.000446,172.31.33.0-255,66,51273,34,255976
37047,0.000469,172.31.33.0-255,66,51339,34,255976
37048,0.000474,172.217.194.0-255,5020,56359,34,255976
37049,0.000476,172.31.33.0-255,66,56425,34,255976
37050,0.001188,172.217.194.0-255,1484,57909,34,255976
37051,0.001199,172.217.194.0-255,2902,60811,34,255976
37052,0.001203,172.31.33.0-255,66,60877,34,255976
37053,0.00121,172.217.194.0-255,5738,66615,34,255976
37054,0.001212,172.31.33.0-255,66,66681,34,255976
37055,0.001218,172.217.194.0-255,4320,71001,34,255976
37056,0.00122,172.31.33.0-255,66,71067,34,255976
37057,0.001258,172.217.194.0-255,7156,78223,34,255976
37058,0.001261,172.31.33.0-255,66,78289,34,255976
37059,0.001284,172.217.194.0-255,4320,82609,34,255976
37060,0.001287,172.31.33.0-255,66,82675,34,255976
37061,0.001297,172.31.33.0-255,66,82741,34,255976
37062,0.002342,172.217.194.0-255,1484,84225,34,255976
37063,0.00235,172.217.194.0-255,2902,87127,34,255976
37064,0.002354,172.31.33.0-255,66,87193,34,255976
37065,0.002358,172.217.194.0-255,1484,88677,34,255976
37066,0.002393,172.31.33.0-255,66,88743,34,255976
37067,0.002396,172.217.194.0-255,1484,90227,34,255976
37068,0.00242,172.217.194.0-255,7156,97383,34,255976
37069,0.002422,172.31.33.0-255,66,97449,34,255976
37070,0.002444,172.217.194.0-255,7156,104605,34,255976
37071,0.002446,172.31.33.0-255,66,104671,34,255976
37072,0.002451,172.217.194.0-255,3602,108273,34,255976
37073,0.002453,172.31.33.0-255,66,108339,34,255976
37074,0.002643,172.217.194.0-255,1484,109823,34,255976
37075,0.002647,172.217.194.0-255,2902,112725,34,255976
37076,0.002649,172.31.33.0-255,66,112791,34,255976
37077,0.002668,172.217.194.0-255,5738,118529,34,255976
37078,0.00267,172.31.33.0-255,66,118595,34,255976
37079,0.002673,172.217.194.0-255,1484,120079,34,255976
37080,0.002685,172.217.194.0-255,4320,124399,34,255976
37081,0.002688,172.31.33.0-255,66,124465,34,255976
37082,0.0027,172.217.194.0-255,1484,125949,34,255976
37083,0.002704,172.217.194.0-255,2902,128851,34,255976
37084,0.002706,172.31.33.0-255,66,128917,34,255976
37085,0.002711,172.217.194.0-255,5738,134655,34,255976
37086,0.002713,172.31.33.0-255,66,134721,34,255976
37087,0.002716,172.217.194.0-255,1484,136205,34,255976
37088,0.002733,172.217.194.0-255,6438,142643,34,255976
37089,0.002736,172.31.33.0-255,66,142709,34,255976
37090,0.002918,172.217.194.0-255,1484,144193,34,255976
37091,0.002932,172.217.194.0-255,2902,147095,34,255976
37092,0.002936,172.31.33.0-255,66,147161,34,255976
37093,0.002939,172.217.194.0-255,2902,150063,34,255976
37094,0.002941,172.31.33.0-255,66,150129,34,255976
37095,0.002954,172.217.194.0-255,2902,153031,34,255976
37096,0.002956,172.31.33.0-255,66,153097,34,255976
37097,0.002961,172.217.194.0-255,4320,157417,34,255976
37098,0.002963,172.31.33.0-255,66,157483,34,255976
37099,0.002989,172.31.33.0-255,66,157549,34,255976
37100,0.003032,172.217.194.0-255,2902,160451,34,255976
37101,0.003034,172.31.33.0-255,66,160517,34,255976
37102,0.003053,172.31.33.0-255,66,160583,34,255976
37103,0.003412,172.217.194.0-255,1484,162067,34,255976
37104,0.003416,172.217.194.0-255,2902,164969,34,255976
37105,0.003418,172.31.33.0-255,66,165035,34,255976
37106,0.003438,172.217.194.0-255,5738,170773,34,255976
37107,0.003439,172.31.33.0-255,66,170839,34,255976
37108,0.003459,172.217.194.0-255,5738,176577,34,255976
37109,0.003462,172.31.33.0-255,66,176643,34,255976
37110,0.003485,172.217.194.0-255,1484,178127,34,255976
37111,0.003498,172.31.33.0-255,66,178193,34,255976
37112,0.003502,172.217.194.0-255,3602,181795,34,255976
37113,0.003504,172.31.33.0-255,66,181861,34,255976
37114,0.003509,172.217.194.0-255,4320,186181,34,255976
37115,0.003511,172.31.33.0-255,66,186247,34,255976
37116,0.003533,172.217.194.0-255,1484,187731,34,255976
37117,0.003548,172.217.194.0-255,5738,193469,34,255976
37118,0.00355,172.31.33.0-255,66,193535,34,255976
37119,0.003572,172.217.194.0-255,2902,196437,34,255976
37120,0.003575,172.31.33.0-255,66,196503,34,255976
37121,0.003581,172.217.194.0-255,7156,203659,34,255976
37122,0.003583,172.31.33.0-255,66,203725,34,255976
37123,0.003586,172.217.194.0-255,1484,205209,34,255976
37124,0.003591,172.217.194.0-255,7156,212365,34,255976
37125,0.003593,172.31.33.0-255,66,212431,34,255976
37126,0.003597,172.217.194.0-255,2184,214615,34,255976
37127,0.003599,172.31.33.0-255,66,214681,34,255976
37128,0.003778,172.217.194.0-255,1484,216165,34,255976
37129,0.003784,172.217.194.0-255,2902,219067,34,255976
37130,0.003788,172.31.33.0-255,66,219133,34,255976
37131,0.003812,172.217.194.0-255,5738,224871,34,255976
37132,0.003816,172.31.33.0-255,66,224937,34,255976
37133,0.003824,172.217.194.0-255,7156,232093,34,255976
37134,0.003827,172.31.33.0-255,66,232159,34,255976
37135,0.003846,172.217.194.0-255,5738,237897,34,255976
37136,0.003849,172.31.33.0-255,66,237963,34,255976
37137,0.003854,172.217.194.0-255,2902,240865,34,255976
37138,0.003856,172.31.33.0-255,66,240931,34,255976
37139,0.003879,172.31.33.0-255,66,240997,34,255976
37140,0.003915,172.31.33.0-255,66,241063,34,255976
37141,0.003927,172.217.194.0-255,1484,242547,34,255976
37142,0.003935,172.217.194.0-255,7156,249703,34,255976
37143,0.003938,172.31.33.0-255,66,249769,34,255976
37144,0.00396,172.217.194.0-255,1484,251253,34,255976
37145,0.00405,172.217.194.0-255,4552,255805,34,255976
37146,0.004061,172.217.194.0-255,105,255910,34,255976
37147,0.008338,172.31.33.0-255,66,255976,34,255976
37148,0.0,172.31.33.0-255,105,105,34,342
37149,0.002545,172.217.194.0-255,66,171,34,342
37150,0.002573,172.217.194.0-255,105,276,34,342
37151,0.002578,172.31.33.0-255,66,342,34,342
37152,0.0,74.125.68.0-255,158,158,34,309536
37153,2.8e-05,172.31.33.0-255,66,224,34,309536
37154,3.5e-05,74.125.68.0-255,1484,1708,34,309536
37155,4e-05,172.31.33.0-255,66,1774,34,309536
37156,4.5e-05,74.125.68.0-255,2902,4676,34,309536
37157,4.7e-05,172.31.33.0-255,66,4742,34,309536
37158,5e-05,74.125.68.0-255,1484,6226,34,309536
37159,5.2e-05,172.31.33.0-255,66,6292,34,309536
37160,5.7e-05,74.125.68.0-255,2902,9194,34,309536
37161,5.9e-05,172.31.33.0-255,66,9260,34,309536
37162,8.1e-05,74.125.68.0-255,4890,14150,34,309536
37163,8.3e-05,172.31.33.0-255,66,14216,34,309536
37164,0.00024,74.125.68.0-255,1484,15700,34,309536
37165,0.000245,172.31.33.0-255,66,15766,34,309536
37166,0.00025,74.125.68.0-255,2902,18668,34,309536
37167,0.000252,172.31.33.0-255,66,18734,34,309536
37168,0.000277,74.125.68.0-255,5738,24472,34,309536
37169,0.000281,172.31.33.0-255,66,24538,34,309536
37170,0.000284,74.125.68.0-255,1484,26022,34,309536
37171,0.000286,172.31.33.0-255,66,26088,34,309536
37172,0.000332,74.125.68.0-255,2902,28990,34,309536
37173,0.000336,172.31.33.0-255,66,29056,34,309536
37174,0.000357,74.125.68.0-255,2543,31599,34,309536
37175,0.00036,172.31.33.0-255,66,31665,34,309536
37176,0.000582,74.125.68.0-255,1484,33149,34,309536
37177,0.000586,172.31.33.0-255,66,33215,34,309536
37178,0.000594,74.125.68.0-255,2902,36117,34,309536
37179,0.000596,172.31.33.0-255,66,36183,34,309536
37180,0.000625,74.125.68.0-255,1484,37667,34,309536
37181,0.000628,172.31.33.0-255,66,37733,34,309536
37182,0.000632,74.125.68.0-255,1484,39217,34,309536
37183,0.000633,172.31.33.0-255,66,39283,34,309536
37184,0.000644,74.125.68.0-255,1484,40767,34,309536
37185,0.000661,74.125.68.0-255,5738,46505,34,309536
37186,0.000664,172.31.33.0-255,66,46571,34,309536
37187,0.000683,74.125.68.0-255,2543,49114,34,309536
37188,0.000685,172.31.33.0-255,66,49180,34,309536
37189,0.000752,74.125.68.0-255,1484,50664,34,309536
37190,0.000773,74.125.68.0-255,2902,53566,34,309536
37191,0.000776,172.31.33.0-255,66,53632,34,309536
37192,0.00078,74.125.68.0-255,1484,55116,34,309536
37193,0.000795,74.125.68.0-255,2902,58018,34,309536
37194,0.000798,172.31.33.0-255,66,58084,34,309536
37195,0.000818,74.125.68.0-255,5738,63822,34,309536
37196,0.00082,172.31.33.0-255,66,63888,34,309536
37197,0.000845,74.125.68.0-255,1484,65372,34,309536
37198,0.000882,74.125.68.0-255,1474,66846,34,309536
37199,0.000885,172.31.33.0-255,66,66912,34,309536
37200,0.000988,74.125.68.0-255,330,67242,34,309536
37201,0.001024,74.125.68.0-255,1484,68726,34,309536
37202,0.001028,172.31.33.0-255,66,68792,34,309536
37203,0.001032,74.125.68.0-255,1484,70276,34,309536
37204,0.001046,74.125.68.0-255,1484,71760,34,309536
37205,0.001049,172.31.33.0-255,66,71826,34,309536
37206,0.001054,74.125.68.0-255,2902,74728,34,309536
37207,0.001057,172.31.33.0-255,66,74794,34,309536
37208,0.001071,74.125.68.0-255,2902,77696,34,309536
37209,0.001075,172.31.33.0-255,66,77762,34,309536
37210,0.001093,74.125.68.0-255,1484,79246,34,309536
37211,0.001118,172.31.33.0-255,66,79312,34,309536
37212,0.001122,74.125.68.0-255,1484,80796,34,309536
37213,0.001146,172.31.33.0-255,66,80862,34,309536
37214,0.001162,74.125.68.0-255,1484,82346,34,309536
37215,0.001166,74.125.68.0-255,2184,84530,34,309536
37216,0.001168,172.31.33.0-255,66,84596,34,309536
37217,0.001829,74.125.68.0-255,1484,86080,34,309536
37218,0.001846,74.125.68.0-255,2902,88982,34,309536
37219,0.001849,172.31.33.0-255,66,89048,34,309536
37220,0.00187,74.125.68.0-255,5738,94786,34,309536
37221,0.001872,172.31.33.0-255,66,94852,34,309536
37222,0.001917,172.31.33.0-255,66,94918,34,309536
37223,0.001952,74.125.68.0-255,4320,99238,34,309536
37224,0.001954,172.31.33.0-255,66,99304,34,309536
37225,0.001977,74.125.68.0-255,6438,105742,34,309536
37226,0.001979,172.31.33.0-255,66,105808,34,309536
37227,0.002566,74.125.68.0-255,1484,107292,34,309536
37228,0.002581,74.125.68.0-255,2902,110194,34,309536
37229,0.002585,172.31.33.0-255,66,110260,34,309536
37230,0.002589,74.125.68.0-255,1484,111744,34,309536
37231,0.002602,74.125.68.0-255,4320,116064,34,309536
37232,0.002605,172.31.33.0-255,66,116130,34,309536
37233,0.002608,74.125.68.0-255,1484,117614,34,309536
37234,0.002611,74.125.68.0-255,1484,119098,34,309536
37235,0.002613,172.31.33.0-255,66,119164,34,309536
37236,0.002629,74.125.68.0-255,4320,123484,34,309536
37237,0.002633,172.31.33.0-255,66,123550,34,309536
37238,0.002635,74.125.68.0-255,1484,125034,34,309536
37239,0.00268,172.31.33.0-255,66,125100,34,309536
37240,0.002712,74.125.68.0-255,5738,130838,34,309536
37241,0.002716,172.31.33.0-255,66,130904,34,309536
37242,0.002733,74.125.68.0-255,766,131670,34,309536
37243,0.002759,74.125.68.0-255,1484,133154,34,309536
37244,0.002763,172.31.33.0-255,66,133220,34,309536
37245,0.002781,74.125.68.0-255,1484,134704,34,309536
37246,0.002786,74.125.68.0-255,4320,139024,34,309536
37247,0.002789,172.31.33.0-255,66,139090,34,309536
37248,0.002802,74.125.68.0-255,2902,141992,34,309536
37249,0.002805,172.31.33.0-255,66,142058,34,309536
37250,0.002824,74.125.68.0-255,5738,147796,34,309536
37251,0.002828,172.31.33.0-255,66,147862,34,309536
37252,0.002832,74.125.68.0-255,2902,150764,34,309536
37253,0.002834,172.31.33.0-255,66,150830,34,309536
37254,0.002837,74.125.68.0-255,1484,152314,34,309536
37255,0.002871,172.31.33.0-255,66,152380,34,309536
37256,0.002874,74.125.68.0-255,1484,153864,34,309536
37257,0.002877,74.125.68.0-255,766,154630,34,309536
37258,0.002879,172.31.33.0-255,66,154696,34,309536
37259,0.002891,74.125.68.0-255,1484,156180,34,309536
37260,0.002916,74.125.68.0-255,4320,160500,34,309536
37261,0.002919,172.31.33.0-255,66,160566,34,309536
37262,0.002924,74.125.68.0-255,4320,164886,34,309536
37263,0.002927,172.31.33.0-255,66,164952,34,309536
37264,0.002952,74.125.68.0-255,1484,166436,34,309536
37265,0.002958,74.125.68.0-255,4320,170756,34,309536
37266,0.002961,172.31.33.0-255,66,170822,34,309536
37267,0.002965,74.125.68.0-255,2902,173724,34,309536
37268,0.002967,172.31.33.0-255,66,173790,34,309536
37269,0.00297,74.125.68.0-255,1484,175274,34,309536
37270,0.002992,74.125.68.0-255,7156,182430,34,309536
37271,0.002995,172.31.33.0-255,66,182496,34,309536
37272,0.00302,74.125.68.0-255,6438,188934,34,309536
37273,0.003024,172.31.33.0-255,66,189000,34,309536
37274,0.00308,74.125.68.0-255,7156,196156,34,309536
37275,0.003083,172.31.33.0-255,66,196222,34,309536
37276,0.003093,74.125.68.0-255,5738,201960,34,309536
37277,0.003096,172.31.33.0-255,66,202026,34,309536
37278,0.003103,74.125.68.0-255,7156,209182,34,309536
37279,0.003105,172.31.33.0-255,66,209248,34,309536
37280,0.003142,172.31.33.0-255,66,209314,34,309536
37281,0.003177,172.31.33.0-255,66,209380,34,309536
37282,0.003182,74.125.68.0-255,2902,212282,34,309536
37283,0.003184,172.31.33.0-255,66,212348,34,309536
37284,0.003202,74.125.68.0-255,7156,219504,34,309536
37285,0.003206,172.31.33.0-255,66,219570,34,309536
37286,0.00323,74.125.68.0-255,5738,225308,34,309536
37287,0.003233,172.31.33.0-255,66,225374,34,309536
37288,0.00324,74.125.68.0-255,7156,232530,34,309536
37289,0.003242,172.31.33.0-255,66,232596,34,309536
37290,0.003256,74.125.68.0-255,1484,234080,34,309536
37291,0.00327,74.125.68.0-255,2184,236264,34,309536
37292,0.003274,172.31.33.0-255,66,236330,34,309536
37293,0.003287,74.125.68.0-255,4320,240650,34,309536
37294,0.003289,172.31.33.0-255,66,240716,34,309536
37295,0.003315,74.125.68.0-255,4320,245036,34,309536
37296,0.003318,172.31.33.0-255,66,245102,34,309536
37297,0.003322,74.125.68.0-255,2902,248004,34,309536
37298,0.003325,172.31.33.0-255,66,248070,34,309536
37299,0.003328,74.125.68.0-255,1484,249554,34,309536
37300,0.00335,74.125.68.0-255,2902,252456,34,309536
37301,0.003353,172.31.33.0-255,66,252522,34,309536
37302,0.003357,74.125.68.0-255,1484,254006,34,309536
37303,0.003359,74.125.68.0-255,1484,255490,34,309536
37304,0.003361,172.31.33.0-255,66,255556,34,309536
37305,0.003367,74.125.68.0-255,4320,259876,34,309536
37306,0.003369,172.31.33.0-255,66,259942,34,309536
37307,0.003388,74.125.68.0-255,4320,264262,34,309536
37308,0.003393,172.31.33.0-255,66,264328,34,309536
37309,0.003394,74.125.68.0-255,6438,270766,34,309536
37310,0.003396,172.31.33.0-255,66,270832,34,309536
37311,0.003431,74.125.68.0-255,5738,276570,34,309536
37312,0.003433,74.125.68.0-255,1484,278054,34,309536
37313,0.003436,74.125.68.0-255,1484,279538,34,309536
37314,0.003436,172.31.33.0-255,66,279604,34,309536
37315,0.00344,172.31.33.0-255,66,279670,34,309536
37316,0.00347,74.125.68.0-255,7156,286826,34,309536
37317,0.003473,172.31.33.0-255,66,286892,34,309536
37318,0.00349,74.125.68.0-255,4320,291212,34,309536
37319,0.003493,172.31.33.0-255,66,291278,34,309536
37320,0.003506,172.31.33.0-255,66,291344,34,309536
37321,0.003508,74.125.68.0-255,1484,292828,34,309536
37322,0.003529,74.125.68.0-255,2184,295012,34,309536
37323,0.003533,172.31.33.0-255,66,295078,34,309536
37324,0.003536,74.125.68.0-255,1484,296562,34,309536
37325,0.003559,74.125.68.0-255,7156,303718,34,309536
37326,0.003563,172.31.33.0-255,66,303784,34,309536
37327,0.003579,74.125.68.0-255,4320,308104,34,309536
37328,0.003582,172.31.33.0-255,66,308170,34,309536
37329,0.003614,172.31.33.0-255,66,308236,34,309536
37330,0.003616,74.125.68.0-255,958,309194,34,309536
37331,0.003639,74.125.68.0-255,105,309299,34,309536
37332,0.005464,172.31.33.0-255,66,309365,34,309536
37333,0.005491,172.31.33.0-255,105,309470,34,309536
37334,0.007756,74.125.68.0-255,66,309536,34,309536
37335,0.0,172.217.194.0-255,153,153,34,188780
37336,2e-05,172.31.33.0-255,66,219,34,188780
37337,2.7e-05,172.217.194.0-255,1484,1703,34,188780
37338,3.1e-05,172.31.33.0-255,66,1769,34,188780
37339,3.7e-05,172.217.194.0-255,2902,4671,34,188780
37340,3.9e-05,172.31.33.0-255,66,4737,34,188780
37341,4.7e-05,172.217.194.0-255,7156,11893,34,188780
37342,4.9e-05,172.31.33.0-255,66,11959,34,188780
37343,5.3e-05,172.217.194.0-255,2053,14012,34,188780
37344,5.6e-05,172.31.33.0-255,66,14078,34,188780
37345,0.000131,172.217.194.0-255,1484,15562,34,188780
37346,0.000133,172.31.33.0-255,66,15628,34,188780
37347,0.000138,172.217.194.0-255,2902,18530,34,188780
37348,0.00014,172.31.33.0-255,66,18596,34,188780
37349,0.000159,172.217.194.0-255,5738,24334,34,188780
37350,0.000161,172.31.33.0-255,66,24400,34,188780
37351,0.000167,172.217.194.0-255,6797,31197,34,188780
37352,0.000169,172.31.33.0-255,66,31263,34,188780
37353,0.000182,172.217.194.0-255,1484,32747,34,188780
37354,0.000183,172.31.33.0-255,66,32813,34,188780
37355,0.000212,172.31.33.0-255,66,32879,34,188780
37356,0.000215,172.217.194.0-255,1484,34363,34,188780
37357,0.000216,172.31.33.0-255,66,34429,34,188780
37358,0.000232,172.217.194.0-255,5738,40167,34,188780
37359,0.000234,172.31.33.0-255,66,40233,34,188780
37360,0.000266,172.217.194.0-255,5738,45971,34,188780
37361,0.00027,172.31.33.0-255,66,46037,34,188780
37362,0.000276,172.217.194.0-255,6768,52805,34,188780
37363,0.000278,172.31.33.0-255,66,52871,34,188780
37364,0.00028,172.217.194.0-255,377,53248,34,188780
37365,0.000282,172.31.33.0-255,66,53314,34,188780
37366,0.000497,172.217.194.0-255,1484,54798,34,188780
37367,0.000504,172.217.194.0-255,2902,57700,34,188780
37368,0.000507,172.31.33.0-255,66,57766,34,188780
37369,0.000511,172.217.194.0-255,1484,59250,34,188780
37370,0.00053,172.217.194.0-255,4320,63570,34,188780
37371,0.000533,172.31.33.0-255,66,63636,34,188780
37372,0.000552,172.217.194.0-255,2902,66538,34,188780
37373,0.000554,172.31.33.0-255,66,66604,34,188780
37374,0.000583,172.31.33.0-255,66,66670,34,188780
37375,0.000594,172.31.33.0-255,66,66736,34,188780
37376,0.001111,172.217.194.0-255,1484,68220,34,188780
37377,0.001117,172.217.194.0-255,2902,71122,34,188780
37378,0.00112,172.31.33.0-255,66,71188,34,188780
37379,0.001124,172.217.194.0-255,1484,72672,34,188780
37380,0.001141,172.217.194.0-255,2902,75574,34,188780
37381,0.001143,172.31.33.0-255,66,75640,34,188780
37382,0.001171,172.31.33.0-255,66,75706,34,188780
37383,0.001214,172.31.33.0-255,66,75772,34,188780
37384,0.001256,172.217.194.0-255,1484,77256,34,188780
37385,0.001265,172.217.194.0-255,1484,78740,34,188780
37386,0.001268,172.31.33.0-255,66,78806,34,188780
37387,0.001275,172.217.194.0-255,1484,80290,34,188780
37388,0.001295,172.217.194.0-255,5738,86028,34,188780
37389,0.001297,172.31.33.0-255,66,86094,34,188780
37390,0.001303,172.217.194.0-255,5738,91832,34,188780
37391,0.001304,172.31.33.0-255,66,91898,34,188780
37392,0.001326,172.217.194.0-255,7156,99054,34,188780
37393,0.001329,172.31.33.0-255,66,99120,34,188780
37394,0.001343,172.217.194.0-255,5738,104858,34,188780
37395,0.001345,172.31.33.0-255,66,104924,34,188780
37396,0.001364,172.217.194.0-255,5020,109944,34,188780
37397,0.001366,172.31.33.0-255,66,110010,34,188780
37398,0.001473,172.217.194.0-255,1484,111494,34,188780
37399,0.00148,172.217.194.0-255,2902,114396,34,188780
37400,0.001483,172.31.33.0-255,66,114462,34,188780
37401,0.00149,172.217.194.0-255,5738,120200,34,188780
37402,0.001493,172.31.33.0-255,66,120266,34,188780
37403,0.001511,172.217.194.0-255,5738,126004,34,188780
37404,0.001514,172.31.33.0-255,66,126070,34,188780
37405,0.001532,172.217.194.0-255,7156,133226,34,188780
37406,0.001535,172.31.33.0-255,66,133292,34,188780
37407,0.001576,172.31.33.0-255,66,133358,34,188780
37408,0.001594,172.217.194.0-255,2184,135542,34,188780
37409,0.0016,172.217.194.0-255,5738,141280,34,188780
37410,0.001603,172.31.33.0-255,66,141346,34,188780
37411,0.001607,172.31.33.0-255,66,141412,34,188780
37412,0.001629,172.217.194.0-255,5738,147150,34,188780
37413,0.001632,172.31.33.0-255,66,147216,34,188780
37414,0.001645,172.31.33.0-255,66,147282,34,188780
37415,0.001681,172.31.33.0-255,66,147348,34,188780
37416,0.001693,172.31.33.0-255,66,147414,34,188780
37417,0.001734,172.31.33.0-255,66,147480,34,188780
37418,0.001761,172.31.33.0-255,66,147546,34,188780
37419,0.001786,172.217.194.0-255,5738,153284,34,188780
37420,0.001796,172.31.33.0-255,66,153350,34,188780
37421,0.001806,172.217.194.0-255,4320,157670,34,188780
37422,0.001808,172.217.194.0-255,1484,159154,34,188780
37423,0.001814,172.31.33.0-255,66,159220,34,188780
37424,0.001851,172.31.33.0-255,66,159286,34,188780
37425,0.001923,172.217.194.0-255,1484,160770,34,188780
37426,0.001946,172.217.194.0-255,2902,163672,34,188780
37427,0.001952,172.217.194.0-255,5738,169410,34,188780
37428,0.002007,172.31.33.0-255,66,169476,34,188780
37429,0.002013,172.31.33.0-255,66,169542,34,188780
37430,0.002032,172.217.194.0-255,1484,171026,34,188780
37431,0.002053,172.217.194.0-255,7156,178182,34,188780
37432,0.002061,172.31.33.0-255,66,178248,34,188780
37433,0.002074,172.217.194.0-255,7156,185404,34,188780
37434,0.002079,172.217.194.0-255,2902,188306,34,188780
37435,0.002114,172.31.33.0-255,66,188372,34,188780
37436,0.002147,172.31.33.0-255,66,188438,34,188780
37437,0.002187,172.217.194.0-255,105,188543,34,188780
37438,0.0022,172.31.33.0-255,66,188609,34,188780
37439,0.00393,172.31.33.0-255,105,188714,34,188780
37440,0.006509,172.217.194.0-255,66,188780,34,188780
37441,0.0,172.217.194.0-255,153,153,34,257060
37442,3.6e-05,172.31.33.0-255,66,219,34,257060
37443,4.4e-05,172.217.194.0-255,1484,1703,34,257060
37444,4.9e-05,172.31.33.0-255,66,1769,34,257060
37445,5.4e-05,172.217.194.0-255,2902,4671,34,257060
37446,5.6e-05,172.31.33.0-255,66,4737,34,257060
37447,6e-05,172.217.194.0-255,2902,7639,34,257060
37448,6.2e-05,172.31.33.0-255,66,7705,34,257060
37449,0.000103,172.217.194.0-255,2902,10607,34,257060
37450,0.000106,172.31.33.0-255,66,10673,34,257060
37451,0.000122,172.217.194.0-255,3432,14105,34,257060
37452,0.000125,172.31.33.0-255,66,14171,34,257060
37453,0.000146,172.217.194.0-255,1484,15655,34,257060
37454,0.000149,172.31.33.0-255,66,15721,34,257060
37455,0.000154,172.217.194.0-255,2902,18623,34,257060
37456,0.000156,172.31.33.0-255,66,18689,34,257060
37457,0.000158,172.217.194.0-255,1484,20173,34,257060
37458,0.00016,172.31.33.0-255,66,20239,34,257060
37459,0.000184,172.217.194.0-255,4320,24559,34,257060
37460,0.000188,172.31.33.0-255,66,24625,34,257060
37461,0.000193,172.217.194.0-255,2902,27527,34,257060
37462,0.000195,172.31.33.0-255,66,27593,34,257060
37463,0.000211,172.217.194.0-255,3961,31554,34,257060
37464,0.000214,172.31.33.0-255,66,31620,34,257060
37465,0.000237,172.217.194.0-255,1484,33104,34,257060
37466,0.000239,172.31.33.0-255,66,33170,34,257060
37467,0.000262,172.217.194.0-255,2902,36072,34,257060
37468,0.000265,172.31.33.0-255,66,36138,34,257060
37469,0.000273,172.217.194.0-255,5738,41876,34,257060
37470,0.000275,172.31.33.0-255,66,41942,34,257060
37471,0.000297,172.217.194.0-255,1484,43426,34,257060
37472,0.0003,172.31.33.0-255,66,43492,34,257060
37473,0.000324,172.217.194.0-255,5379,48871,34,257060
37474,0.000326,172.31.33.0-255,66,48937,34,257060
37475,0.00076,172.217.194.0-255,1484,50421,34,257060
37476,0.000768,172.217.194.0-255,2902,53323,34,257060
37477,0.000771,172.31.33.0-255,66,53389,34,257060
37478,0.000775,172.217.194.0-255,1484,54873,34,257060
37479,0.000789,172.217.194.0-255,4320,59193,34,257060
37480,0.000792,172.31.33.0-255,66,59259,34,257060
37481,0.000823,172.217.194.0-255,1484,60743,34,257060
37482,0.000838,172.217.194.0-255,2902,63645,34,257060
37483,0.000841,172.31.33.0-255,66,63711,34,257060
37484,0.000853,172.217.194.0-255,2543,66254,34,257060
37485,0.000856,172.31.33.0-255,66,66320,34,257060
37486,0.00086,172.217.194.0-255,2902,69222,34,257060
37487,0.000862,172.31.33.0-255,66,69288,34,257060
37488,0.000866,172.217.194.0-255,2902,72190,34,257060
37489,0.00087,172.31.33.0-255,66,72256,34,257060
37490,0.000891,172.217.194.0-255,1484,73740,34,257060
37491,0.000903,172.31.33.0-255,66,73806,34,257060
37492,0.00091,172.217.194.0-255,7156,80962,34,257060
37493,0.000912,172.31.33.0-255,66,81028,34,257060
37494,0.00093,172.217.194.0-255,2543,83571,34,257060
37495,0.000933,172.31.33.0-255,66,83637,34,257060
37496,0.000955,172.217.194.0-255,4320,87957,34,257060
37497,0.000957,172.31.33.0-255,66,88023,34,257060
37498,0.00097,172.217.194.0-255,4542,92565,34,257060
37499,0.000973,172.31.33.0-255,66,92631,34,257060
37500,0.001024,172.217.194.0-255,1484,94115,34,257060
37501,0.001034,172.217.194.0-255,2902,97017,34,257060
37502,0.001037,172.31.33.0-255,66,97083,34,257060
37503,0.00104,172.217.194.0-255,1484,98567,34,257060
37504,0.001056,172.217.194.0-255,4320,102887,34,257060
37505,0.001059,172.31.33.0-255,66,102953,34,257060
37506,0.001074,172.217.194.0-255,4320,107273,34,257060
37507,0.001076,172.31.33.0-255,66,107339,34,257060
37508,0.001101,172.31.33.0-255,66,107405,34,257060
37509,0.001104,172.217.194.0-255,1484,108889,34,257060
37510,0.001132,172.31.33.0-255,66,108955,34,257060
37511,0.001143,172.217.194.0-255,2902,111857,34,257060
37512,0.001146,172.31.33.0-255,66,111923,34,257060
37513,0.001173,172.31.33.0-255,66,111989,34,257060
37514,0.001182,172.31.33.0-255,66,112055,34,257060
37515,0.00123,172.217.194.0-255,5738,117793,34,257060
37516,0.001233,172.31.33.0-255,66,117859,34,257060
37517,0.001251,172.31.33.0-255,66,117925,34,257060
37518,0.001283,172.31.33.0-255,66,117991,34,257060
37519,0.00129,172.217.194.0-255,7156,125147,34,257060
37520,0.001292,172.31.33.0-255,66,125213,34,257060
37521,0.001316,172.217.194.0-255,7156,132369,34,257060
37522,0.001319,172.31.33.0-255,66,132435,34,257060
37523,0.001325,172.217.194.0-255,6438,138873,34,257060
37524,0.001327,172.31.33.0-255,66,138939,34,257060
37525,0.00138,172.217.194.0-255,1484,140423,34,257060
37526,0.001395,172.217.194.0-255,2902,143325,34,257060
37527,0.001397,172.31.33.0-255,66,143391,34,257060
37528,0.001416,172.217.194.0-255,5738,149129,34,257060
37529,0.001419,172.31.33.0-255,66,149195,34,257060
37530,0.001422,172.217.194.0-255,1484,150679,34,257060
37531,0.00144,172.217.194.0-255,4320,154999,34,257060
37532,0.001443,172.31.33.0-255,66,155065,34,257060
37533,0.001448,172.217.194.0-255,5738,160803,34,257060
37534,0.00145,172.31.33.0-255,66,160869,34,257060
37535,0.001467,172.217.194.0-255,7156,168025,34,257060
37536,0.001469,172.31.33.0-255,66,168091,34,257060
37537,0.001474,172.217.194.0-255,4320,172411,34,257060
37538,0.001476,172.31.33.0-255,66,172477,34,257060
37539,0.001512,172.31.33.0-255,66,172543,34,257060
37540,0.001532,172.31.33.0-255,66,172609,34,257060
37541,0.001545,172.217.194.0-255,2902,175511,34,257060
37542,0.001554,172.31.33.0-255,66,175577,34,257060
37543,0.001558,172.31.33.0-255,66,175643,34,257060
37544,0.001696,172.217.194.0-255,1484,177127,34,257060
37545,0.0017,172.217.194.0-255,1484,178611,34,257060
37546,0.001703,172.31.33.0-255,66,178677,34,257060
37547,0.001724,172.217.194.0-255,1484,180161,34,257060
37548,0.00173,172.217.194.0-255,5738,185899,34,257060
37549,0.001732,172.31.33.0-255,66,185965,34,257060
37550,0.001737,172.217.194.0-255,4320,190285,34,257060
37551,0.001739,172.31.33.0-255,66,190351,34,257060
37552,0.001757,172.217.194.0-255,5738,196089,34,257060
37553,0.00176,172.31.33.0-255,66,196155,34,257060
37554,0.001785,172.217.194.0-255,5738,201893,34,257060
37555,0.00179,172.217.194.0-255,2902,204795,34,257060
37556,0.001794,172.31.33.0-255,66,204861,34,257060
37557,0.001825,172.217.194.0-255,1484,206345,34,257060
37558,0.00185,172.217.194.0-255,3602,209947,34,257060
37559,0.001856,172.31.33.0-255,66,210013,34,257060
37560,0.001866,172.217.194.0-255,1484,211497,34,257060
37561,0.001886,172.217.194.0-255,2902,214399,34,257060
37562,0.00189,172.31.33.0-255,66,214465,34,257060
37563,0.001893,172.217.194.0-255,1484,215949,34,257060
37564,0.001911,172.217.194.0-255,4320,220269,34,257060
37565,0.001925,172.31.33.0-255,66,220335,34,257060
37566,0.00193,172.217.194.0-255,4320,224655,34,257060
37567,0.001938,172.31.33.0-255,66,224721,34,257060
37568,0.001959,172.31.33.0-255,66,224787,34,257060
37569,0.00198,172.31.33.0-255,66,224853,34,257060
37570,0.00203,172.31.33.0-255,66,224919,34,257060
37571,0.002038,172.217.194.0-255,2184,227103,34,257060
37572,0.002044,172.217.194.0-255,5738,232841,34,257060
37573,0.002044,172.31.33.0-255,66,232907,34,257060
37574,0.002053,172.31.33.0-255,66,232973,34,257060
37575,0.002058,172.217.194.0-255,4320,237293,34,257060
37576,0.002065,172.31.33.0-255,66,237359,34,257060
37577,0.002079,172.217.194.0-255,7156,244515,34,257060
37578,0.002089,172.31.33.0-255,66,244581,34,257060
37579,0.002094,172.217.194.0-255,5020,249601,34,257060
37580,0.0021,172.217.194.0-255,7156,256757,34,257060
37581,0.002102,172.31.33.0-255,66,256823,34,257060
37582,0.002105,172.31.33.0-255,66,256889,34,257060
37583,0.002129,172.217.194.0-255,105,256994,34,257060
37584,0.002132,172.31.33.0-255,66,257060,34,257060
37585,0.0,74.125.24.0-255,155,155,34,182513
37586,2.7e-05,172.31.33.0-255,66,221,34,182513
37587,3.4e-05,74.125.24.0-255,1484,1705,34,182513
37588,3.8e-05,172.31.33.0-255,66,1771,34,182513
37589,4.3e-05,74.125.24.0-255,2902,4673,34,182513
37590,4.5e-05,172.31.33.0-255,66,4739,34,182513
37591,6.7e-05,74.125.24.0-255,1484,6223,34,182513
37592,6.9e-05,172.31.33.0-255,66,6289,34,182513
37593,8.8e-05,74.125.24.0-255,4320,10609,34,182513
37594,9.1e-05,172.31.33.0-255,66,10675,34,182513
37595,0.000161,74.125.24.0-255,3503,14178,34,182513
37596,0.000166,172.31.33.0-255,66,14244,34,182513
37597,0.000419,74.125.24.0-255,1484,15728,34,182513
37598,0.000424,172.31.33.0-255,66,15794,34,182513
37599,0.000442,74.125.24.0-255,2902,18696,34,182513
37600,0.000446,172.31.33.0-255,66,18762,34,182513
37601,0.000449,74.125.24.0-255,1484,20246,34,182513
37602,0.000451,172.31.33.0-255,66,20312,34,182513
37603,0.000471,74.125.24.0-255,4320,24632,34,182513
37604,0.000474,172.31.33.0-255,66,24698,34,182513
37605,0.000553,74.125.24.0-255,2902,27600,34,182513
37606,0.000557,172.31.33.0-255,66,27666,34,182513
37607,0.000575,74.125.24.0-255,3961,31627,34,182513
37608,0.000577,172.31.33.0-255,66,31693,34,182513
37609,0.000666,74.125.24.0-255,1484,33177,34,182513
37610,0.00067,172.31.33.0-255,66,33243,34,182513
37611,0.000704,74.125.24.0-255,2902,36145,34,182513
37612,0.00071,172.31.33.0-255,66,36211,34,182513
37613,0.000748,74.125.24.0-255,5738,41949,34,182513
37614,0.000752,172.31.33.0-255,66,42015,34,182513
37615,0.000842,74.125.24.0-255,7156,49171,34,182513
37616,0.000847,172.31.33.0-255,66,49237,34,182513
37617,0.000879,74.125.24.0-255,6797,56034,34,182513
37618,0.000886,172.31.33.0-255,66,56100,34,182513
37619,0.001072,74.125.24.0-255,4320,60420,34,182513
37620,0.001077,172.31.33.0-255,66,60486,34,182513
37621,0.00111,74.125.24.0-255,4320,64806,34,182513
37622,0.001119,172.31.33.0-255,66,64872,34,182513
37623,0.001215,74.125.24.0-255,1480,66352,34,182513
37624,0.00128,172.31.33.0-255,66,66418,34,182513
37625,0.001386,74.125.24.0-255,353,66771,34,182513
37626,0.00143,172.31.33.0-255,66,66837,34,182513
37627,0.001754,74.125.24.0-255,1484,68321,34,182513
37628,0.001776,74.125.24.0-255,2902,71223,34,182513
37629,0.001801,172.31.33.0-255,66,71289,34,182513
37630,0.001802,74.125.24.0-255,4320,75609,34,182513
37631,0.001807,172.31.33.0-255,66,75675,34,182513
37632,0.001813,74.125.24.0-255,1484,77159,34,182513
37633,0.001902,74.125.24.0-255,4320,81479,34,182513
37634,0.001906,172.31.33.0-255,66,81545,34,182513
37635,0.00193,172.31.33.0-255,66,81611,34,182513
37636,0.002121,172.31.33.0-255,66,81677,34,182513
37637,0.002251,74.125.24.0-255,2184,83861,34,182513
37638,0.002256,172.31.33.0-255,66,83927,34,182513
37639,0.002292,74.125.24.0-255,2902,86829,34,182513
37640,0.002305,172.31.33.0-255,66,86895,34,182513
37641,0.002337,74.125.24.0-255,4320,91215,34,182513
37642,0.002341,172.31.33.0-255,66,91281,34,182513
37643,0.002354,74.125.24.0-255,2902,94183,34,182513
37644,0.002363,172.31.33.0-255,66,94249,34,182513
37645,0.002466,74.125.24.0-255,5738,99987,34,182513
37646,0.002471,172.31.33.0-255,66,100053,34,182513
37647,0.002719,74.125.24.0-255,1484,101537,34,182513
37648,0.002733,74.125.24.0-255,6438,107975,34,182513
37649,0.002854,74.125.24.0-255,5738,113713,34,182513
37650,0.002865,172.31.33.0-255,66,113779,34,182513
37651,0.002867,74.125.24.0-255,2902,116681,34,182513
37652,0.002891,172.31.33.0-255,66,116747,34,182513
37653,0.003002,74.125.24.0-255,1484,118231,34,182513
37654,0.003038,74.125.24.0-255,5738,123969,34,182513
37655,0.00305,172.31.33.0-255,66,124035,34,182513
37656,0.003079,172.31.33.0-255,66,124101,34,182513
37657,0.003391,74.125.24.0-255,2184,126285,34,182513
37658,0.003396,172.31.33.0-255,66,126351,34,182513
37659,0.003607,172.31.33.0-255,66,126417,34,182513
37660,0.003784,74.125.24.0-255,4320,130737,34,182513
37661,0.00379,172.31.33.0-255,66,130803,34,182513
37662,0.003814,172.31.33.0-255,66,130869,34,182513
37663,0.004019,74.125.24.0-255,7156,138025,34,182513
37664,0.004023,172.31.33.0-255,66,138091,34,182513
37665,0.004554,74.125.24.0-255,4320,142411,34,182513
37666,0.004694,74.125.24.0-255,5738,148149,34,182513
37667,0.004759,172.31.33.0-255,66,148215,34,182513
37668,0.005548,74.125.24.0-255,4320,152535,34,182513
37669,0.005553,172.31.33.0-255,66,152601,34,182513
37670,0.005631,74.125.24.0-255,7156,159757,34,182513
37671,0.006362,74.125.24.0-255,7156,166913,34,182513
37672,0.006386,74.125.24.0-255,7156,174069,34,182513
37673,0.006406,74.125.24.0-255,7156,181225,34,182513
37674,0.006467,74.125.24.0-255,1222,182447,34,182513
37675,0.009497,172.31.33.0-255,66,182513,34,182513
37676,0.0,74.125.68.0-255,153,153,34,308579
37677,4.8e-05,172.31.33.0-255,66,219,34,308579
37678,5.5e-05,74.125.68.0-255,1484,1703,34,308579
37679,5.9e-05,172.31.33.0-255,66,1769,34,308579
37680,6.5e-05,74.125.68.0-255,2902,4671,34,308579
37681,7.6e-05,172.31.33.0-255,66,4737,34,308579
37682,8.3e-05,74.125.68.0-255,5738,10475,34,308579
37683,8.6e-05,172.31.33.0-255,66,10541,34,308579
37684,9.2e-05,74.125.68.0-255,3468,14009,34,308579
37685,9.4e-05,172.31.33.0-255,66,14075,34,308579
37686,0.000164,74.125.68.0-255,1484,15559,34,308579
37687,0.000168,172.31.33.0-255,66,15625,34,308579
37688,0.000173,74.125.68.0-255,2902,18527,34,308579
37689,0.000176,172.31.33.0-255,66,18593,34,308579
37690,0.000209,74.125.68.0-255,5738,24331,34,308579
37691,0.000213,172.31.33.0-255,66,24397,34,308579
37692,0.00022,74.125.68.0-255,5738,30135,34,308579
37693,0.000222,172.31.33.0-255,66,30201,34,308579
37694,0.000247,74.125.68.0-255,1125,31326,34,308579
37695,0.00025,172.31.33.0-255,66,31392,34,308579
37696,0.000322,74.125.68.0-255,1484,32876,34,308579
37697,0.000325,172.31.33.0-255,66,32942,34,308579
37698,0.00033,74.125.68.0-255,2902,35844,34,308579
37699,0.000333,172.31.33.0-255,66,35910,34,308579
37700,0.00036,74.125.68.0-255,5738,41648,34,308579
37701,0.000364,172.31.33.0-255,66,41714,34,308579
37702,0.000396,74.125.68.0-255,6797,48511,34,308579
37703,0.0004,172.31.33.0-255,66,48577,34,308579
37704,0.000406,74.125.68.0-255,4320,52897,34,308579
37705,0.000409,172.31.33.0-255,66,52963,34,308579
37706,0.000443,74.125.68.0-255,2902,55865,34,308579
37707,0.000447,172.31.33.0-255,66,55931,34,308579
37708,0.000455,74.125.68.0-255,5738,61669,34,308579
37709,0.00046,172.31.33.0-255,66,61735,34,308579
37710,0.000471,74.125.68.0-255,4300,66035,34,308579
37711,0.000475,172.31.33.0-255,66,66101,34,308579
37712,0.000499,74.125.68.0-255,347,66448,34,308579
37713,0.00075,74.125.68.0-255,1484,67932,34,308579
37714,0.000756,172.31.33.0-255,66,67998,34,308579
37715,0.000761,74.125.68.0-255,2902,70900,34,308579
37716,0.00077,172.31.33.0-255,66,70966,34,308579
37717,0.000785,74.125.68.0-255,1484,72450,34,308579
37718,0.00079,74.125.68.0-255,2902,75352,34,308579
37719,0.000792,74.125.68.0-255,1484,76836,34,308579
37720,0.000796,172.31.33.0-255,66,76902,34,308579
37721,0.000824,74.125.68.0-255,4320,81222,34,308579
37722,0.000828,74.125.68.0-255,1484,82706,34,308579
37723,0.000834,172.31.33.0-255,66,82772,34,308579
37724,0.000843,74.125.68.0-255,2902,85674,34,308579
37725,0.000851,172.31.33.0-255,66,85740,34,308579
37726,0.000854,74.125.68.0-255,5738,91478,34,308579
37727,0.000866,172.31.33.0-255,66,91544,34,308579
37728,0.000891,74.125.68.0-255,2902,94446,34,308579
37729,0.000898,172.31.33.0-255,66,94512,34,308579
37730,0.000924,74.125.68.0-255,4320,98832,34,308579
37731,0.000929,74.125.68.0-255,2184,101016,34,308579
37732,0.000944,172.31.33.0-255,66,101082,34,308579
37733,0.000976,74.125.68.0-255,1484,102566,34,308579
37734,0.000987,74.125.68.0-255,2902,105468,34,308579
37735,0.00099,172.31.33.0-255,66,105534,34,308579
37736,0.001039,74.125.68.0-255,4320,109854,34,308579
37737,0.001049,172.31.33.0-255,66,109920,34,308579
37738,0.00108,74.125.68.0-255,5738,115658,34,308579
37739,0.001084,74.125.68.0-255,2902,118560,34,308579
37740,0.001091,172.31.33.0-255,66,118626,34,308579
37741,0.00111,74.125.68.0-255,5738,124364,34,308579
37742,0.001113,172.31.33.0-255,66,124430,34,308579
37743,0.001119,74.125.68.0-255,7156,131586,34,308579
37744,0.001126,172.31.33.0-255,66,131652,34,308579
37745,0.001136,74.125.68.0-255,2902,134554,34,308579
37746,0.001139,172.31.33.0-255,66,134620,34,308579
37747,0.001143,74.125.68.0-255,766,135386,34,308579
37748,0.001252,74.125.68.0-255,1484,136870,34,308579
37749,0.001259,172.31.33.0-255,66,136936,34,308579
37750,0.001285,74.125.68.0-255,2902,139838,34,308579
37751,0.001288,172.31.33.0-255,66,139904,34,308579
37752,0.001292,74.125.68.0-255,2902,142806,34,308579
37753,0.001296,74.125.68.0-255,4320,147126,34,308579
37754,0.001299,172.31.33.0-255,66,147192,34,308579
37755,0.001314,74.125.68.0-255,2902,150094,34,308579
37756,0.001322,172.31.33.0-255,66,150160,34,308579
37757,0.001346,74.125.68.0-255,5738,155898,34,308579
37758,0.001351,74.125.68.0-255,4320,160218,34,308579
37759,0.001352,172.31.33.0-255,66,160284,34,308579
37760,0.001354,74.125.68.0-255,2902,163186,34,308579
37761,0.001357,172.31.33.0-255,66,163252,34,308579
37762,0.001382,74.125.68.0-255,2902,166154,34,308579
37763,0.001387,74.125.68.0-255,3602,169756,34,308579
37764,0.001393,172.31.33.0-255,66,169822,34,308579
37765,0.001436,74.125.68.0-255,1484,171306,34,308579
37766,0.001457,74.125.68.0-255,2902,174208,34,308579
37767,0.00146,172.31.33.0-255,66,174274,34,308579
37768,0.001466,74.125.68.0-255,5738,180012,34,308579
37769,0.001474,172.31.33.0-255,66,180078,34,308579
37770,0.001509,172.31.33.0-255,66,180144,34,308579
37771,0.001517,74.125.68.0-255,4320,184464,34,308579
37772,0.001522,172.31.33.0-255,66,184530,34,308579
37773,0.001555,172.31.33.0-255,66,184596,34,308579
37774,0.001604,74.125.68.0-255,1484,186080,34,308579
37775,0.001608,74.125.68.0-255,2902,188982,34,308579
37776,0.00161,172.31.33.0-255,66,189048,34,308579
37777,0.001616,74.125.68.0-255,5738,194786,34,308579
37778,0.001623,172.31.33.0-255,66,194852,34,308579
37779,0.001655,172.31.33.0-255,66,194918,34,308579
37780,0.001657,74.125.68.0-255,1484,196402,34,308579
37781,0.001684,172.31.33.0-255,66,196468,34,308579
37782,0.001701,74.125.68.0-255,2902,199370,34,308579
37783,0.001705,172.31.33.0-255,66,199436,34,308579
37784,0.001705,74.125.68.0-255,2184,201620,34,308579
37785,0.001709,172.31.33.0-255,66,201686,34,308579
37786,0.001777,74.125.68.0-255,1484,203170,34,308579
37787,0.001788,74.125.68.0-255,2902,206072,34,308579
37788,0.001792,172.31.33.0-255,66,206138,34,308579
37789,0.001815,74.125.68.0-255,4320,210458,34,308579
37790,0.001821,172.31.33.0-255,66,210524,34,308579
37791,0.001826,74.125.68.0-255,1484,212008,34,308579
37792,0.001859,172.31.33.0-255,66,212074,34,308579
37793,0.001893,172.31.33.0-255,66,212140,34,308579
37794,0.001898,74.125.68.0-255,2184,214324,34,308579
37795,0.001901,172.31.33.0-255,66,214390,34,308579
37796,0.001975,74.125.68.0-255,1484,215874,34,308579
37797,0.001988,74.125.68.0-255,2902,218776,34,308579
37798,0.001992,172.31.33.0-255,66,218842,34,308579
37799,0.002001,74.125.68.0-255,1484,220326,34,308579
37800,0.002018,74.125.68.0-255,4320,224646,34,308579
37801,0.00202,172.31.33.0-255,66,224712,34,308579
37802,0.002057,172.31.33.0-255,66,224778,34,308579
37803,0.002062,74.125.68.0-255,2902,227680,34,308579
37804,0.00207,172.31.33.0-255,66,227746,34,308579
37805,0.002094,74.125.68.0-255,4320,232066,34,308579
37806,0.002098,172.31.33.0-255,66,232132,34,308579
37807,0.002104,74.125.68.0-255,2902,235034,34,308579
37808,0.002108,172.31.33.0-255,66,235100,34,308579
37809,0.002132,74.125.68.0-255,3602,238702,34,308579
37810,0.002135,74.125.68.0-255,1484,240186,34,308579
37811,0.00214,172.31.33.0-255,66,240252,34,308579
37812,0.00216,74.125.68.0-255,2902,243154,34,308579
37813,0.002166,74.125.68.0-255,5738,248892,34,308579
37814,0.002167,172.31.33.0-255,66,248958,34,308579
37815,0.002171,172.31.33.0-255,66,249024,34,308579
37816,0.002192,74.125.68.0-255,4320,253344,34,308579
37817,0.0022,172.31.33.0-255,66,253410,34,308579
37818,0.002213,74.125.68.0-255,2902,256312,34,308579
37819,0.002216,172.31.33.0-255,66,256378,34,308579
37820,0.00223,172.31.33.0-255,66,256444,34,308579
37821,0.002243,74.125.68.0-255,5738,262182,34,308579
37822,0.002248,172.31.33.0-255,66,262248,34,308579
37823,0.002253,74.125.68.0-255,2184,264432,34,308579
37824,0.002263,172.31.33.0-255,66,264498,34,308579
37825,0.00227,74.125.68.0-255,1484,265982,34,308579
37826,0.002289,74.125.68.0-255,7156,273138,34,308579
37827,0.002292,74.125.68.0-255,2902,276040,34,308579
37828,0.002297,74.125.68.0-255,4320,280360,34,308579
37829,0.002297,172.31.33.0-255,66,280426,34,308579
37830,0.002301,172.31.33.0-255,66,280492,34,308579
37831,0.002323,74.125.68.0-255,2902,283394,34,308579
37832,0.002328,172.31.33.0-255,66,283460,34,308579
37833,0.002362,172.31.33.0-255,66,283526,34,308579
37834,0.002398,74.125.68.0-255,4320,287846,34,308579
37835,0.002401,172.31.33.0-255,66,287912,34,308579
37836,0.002426,74.125.68.0-255,2184,290096,34,308579
37837,0.00243,74.125.68.0-255,2902,292998,34,308579
37838,0.002434,74.125.68.0-255,2902,295900,34,308579
37839,0.002434,172.31.33.0-255,66,295966,34,308579
37840,0.002438,172.31.33.0-255,66,296032,34,308579
37841,0.002465,74.125.68.0-255,5738,301770,34,308579
37842,0.002471,74.125.68.0-255,1484,303254,34,308579
37843,0.002471,172.31.33.0-255,66,303320,34,308579
37844,0.002503,74.125.68.0-255,2902,306222,34,308579
37845,0.002509,172.31.33.0-255,66,306288,34,308579
37846,0.002537,74.125.68.0-255,1786,308074,34,308579
37847,0.00254,74.125.68.0-255,97,308171,34,308579
37848,0.002542,74.125.68.0-255,105,308276,34,308579
37849,0.002543,172.31.33.0-255,66,308342,34,308579
37850,0.003275,172.31.33.0-255,66,308408,34,308579
37851,0.003299,172.31.33.0-255,105,308513,34,308579
37852,0.005497,74.125.68.0-255,66,308579,34,308579
37853,0.0,74.125.130.0-255,153,153,34,377679
37854,3.4e-05,172.31.33.0-255,66,219,34,377679
37855,4e-05,74.125.130.0-255,1484,1703,34,377679
37856,4.5e-05,172.31.33.0-255,66,1769,34,377679
37857,6.8e-05,74.125.130.0-255,1484,3253,34,377679
37858,7.1e-05,172.31.33.0-255,66,3319,34,377679
37859,7.6e-05,74.125.130.0-255,2902,6221,34,377679
37860,7.8e-05,172.31.33.0-255,66,6287,34,377679
37861,8.3e-05,74.125.130.0-255,2902,9189,34,377679
37862,8.5e-05,172.31.33.0-255,66,9255,34,377679
37863,0.000105,74.125.130.0-255,1484,10739,34,377679
37864,0.000107,172.31.33.0-255,66,10805,34,377679
37865,0.000118,74.125.130.0-255,1484,12289,34,377679
37866,0.00012,172.31.33.0-255,66,12355,34,377679
37867,0.000138,74.125.130.0-255,2066,14421,34,377679
37868,0.000141,172.31.33.0-255,66,14487,34,377679
37869,0.000295,74.125.130.0-255,1484,15971,34,377679
37870,0.0003,172.31.33.0-255,66,16037,34,377679
37871,0.000318,74.125.130.0-255,2902,18939,34,377679
37872,0.000322,172.31.33.0-255,66,19005,34,377679
37873,0.000326,74.125.130.0-255,2902,21907,34,377679
37874,0.000329,172.31.33.0-255,66,21973,34,377679
37875,0.000331,74.125.130.0-255,1484,23457,34,377679
37876,0.000333,172.31.33.0-255,66,23523,34,377679
37877,0.000357,74.125.130.0-255,2902,26425,34,377679
37878,0.00036,172.31.33.0-255,66,26491,34,377679
37879,0.000395,74.125.130.0-255,5379,31870,34,377679
37880,0.000398,172.31.33.0-255,66,31936,34,377679
37881,0.000406,74.125.130.0-255,5738,37674,34,377679
37882,0.000408,172.31.33.0-255,66,37740,34,377679
37883,0.000429,74.125.130.0-255,4320,42060,34,377679
37884,0.000432,172.31.33.0-255,66,42126,34,377679
37885,0.000457,74.125.130.0-255,6797,48923,34,377679
37886,0.000461,172.31.33.0-255,66,48989,34,377679
37887,0.000497,74.125.130.0-255,1484,50473,34,377679
37888,0.000511,74.125.130.0-255,2902,53375,34,377679
37889,0.000516,172.31.33.0-255,66,53441,34,377679
37890,0.000525,74.125.130.0-255,1484,54925,34,377679
37891,0.000551,74.125.130.0-255,2902,57827,34,377679
37892,0.000555,172.31.33.0-255,66,57893,34,377679
37893,0.000579,74.125.130.0-255,1484,59377,34,377679
37894,0.000594,74.125.130.0-255,2902,62279,34,377679
37895,0.000597,172.31.33.0-255,66,62345,34,377679
37896,0.000634,74.125.130.0-255,4250,66595,34,377679
37897,0.000638,172.31.33.0-255,66,66661,34,377679
37898,0.000696,74.125.130.0-255,366,67027,34,377679
37899,0.000738,74.125.130.0-255,1484,68511,34,377679
37900,0.000742,172.31.33.0-255,66,68577,34,377679
37901,0.000761,74.125.130.0-255,4320,72897,34,377679
37902,0.000764,172.31.33.0-255,66,72963,34,377679
37903,0.000776,74.125.130.0-255,2902,75865,34,377679
37904,0.000779,172.31.33.0-255,66,75931,34,377679
37905,0.000796,74.125.130.0-255,5738,81669,34,377679
37906,0.000799,172.31.33.0-255,66,81735,34,377679
37907,0.000818,74.125.130.0-255,1484,83219,34,377679
37908,0.000821,74.125.130.0-255,1484,84703,34,377679
37909,0.000823,172.31.33.0-255,66,84769,34,377679
37910,0.000827,74.125.130.0-255,1484,86253,34,377679
37911,0.000843,74.125.130.0-255,2902,89155,34,377679
37912,0.000846,172.31.33.0-255,66,89221,34,377679
37913,0.000892,74.125.130.0-255,5738,94959,34,377679
37914,0.000895,172.31.33.0-255,66,95025,34,377679
37915,0.000902,74.125.130.0-255,6438,101463,34,377679
37916,0.000904,172.31.33.0-255,66,101529,34,377679
37917,0.000997,74.125.130.0-255,1484,103013,34,377679
37918,0.001009,74.125.130.0-255,1484,104497,34,377679
37919,0.001012,172.31.33.0-255,66,104563,34,377679
37920,0.001023,74.125.130.0-255,1484,106047,34,377679
37921,0.00103,74.125.130.0-255,5738,111785,34,377679
37922,0.001032,172.31.33.0-255,66,111851,34,377679
37923,0.001036,74.125.130.0-255,1484,113335,34,377679
37924,0.001039,74.125.130.0-255,1484,114819,34,377679
37925,0.001041,172.31.33.0-255,66,114885,34,377679
37926,0.001055,74.125.130.0-255,1484,116369,34,377679
37927,0.00108,74.125.130.0-255,5738,122107,34,377679
37928,0.001083,172.31.33.0-255,66,122173,34,377679
37929,0.001102,74.125.130.0-255,2902,125075,34,377679
37930,0.001105,172.31.33.0-255,66,125141,34,377679
37931,0.001121,74.125.130.0-255,7156,132297,34,377679
37932,0.001124,172.31.33.0-255,66,132363,34,377679
37933,0.001152,74.125.130.0-255,3602,135965,34,377679
37934,0.001156,172.31.33.0-255,66,136031,34,377679
37935,0.001189,74.125.130.0-255,2902,138933,34,377679
37936,0.001192,172.31.33.0-255,66,138999,34,377679
37937,0.001213,74.125.130.0-255,4320,143319,34,377679
37938,0.001217,172.31.33.0-255,66,143385,34,377679
37939,0.001238,74.125.130.0-255,4320,147705,34,377679
37940,0.001241,172.31.33.0-255,66,147771,34,377679
37941,0.001252,74.125.130.0-255,1484,149255,34,377679
37942,0.001257,74.125.130.0-255,2902,152157,34,377679
37943,0.00126,172.31.33.0-255,66,152223,34,377679
37944,0.001284,74.125.130.0-255,4320,156543,34,377679
37945,0.001287,172.31.33.0-255,66,156609,34,377679
37946,0.001299,74.125.130.0-255,2902,159511,34,377679
37947,0.001302,172.31.33.0-255,66,159577,34,377679
37948,0.001317,74.125.130.0-255,7156,166733,34,377679
37949,0.00132,172.31.33.0-255,66,166799,34,377679
37950,0.001371,74.125.130.0-255,3602,170401,34,377679
37951,0.001374,172.31.33.0-255,66,170467,34,377679
37952,0.002079,74.125.130.0-255,1484,171951,34,377679
37953,0.002098,74.125.130.0-255,2902,174853,34,377679
37954,0.002103,172.31.33.0-255,66,174919,34,377679
37955,0.002107,74.125.130.0-255,1484,176403,34,377679
37956,0.002124,74.125.130.0-255,2902,179305,34,377679
37957,0.002126,172.31.33.0-255,66,179371,34,377679
37958,0.00214,74.125.130.0-255,7156,186527,34,377679
37959,0.002142,172.31.33.0-255,66,186593,34,377679
37960,0.002159,74.125.130.0-255,1484,188077,34,377679
37961,0.002164,74.125.130.0-255,5738,193815,34,377679
37962,0.002166,172.31.33.0-255,66,193881,34,377679
37963,0.002193,74.125.130.0-255,7156,201037,34,377679
37964,0.002196,172.31.33.0-255,66,201103,34,377679
37965,0.0022,74.125.130.0-255,2902,204005,34,377679
37966,0.002202,172.31.33.0-255,66,204071,34,377679
37967,0.002213,74.125.130.0-255,766,204837,34,377679
37968,0.002406,74.125.130.0-255,1484,206321,34,377679
37969,0.002408,172.31.33.0-255,66,206387,34,377679
37970,0.002421,74.125.130.0-255,2902,209289,34,377679
37971,0.002424,172.31.33.0-255,66,209355,34,377679
37972,0.002442,74.125.130.0-255,1484,210839,34,377679
37973,0.002458,74.125.130.0-255,4320,215159,34,377679
37974,0.00246,172.31.33.0-255,66,215225,34,377679
37975,0.002464,74.125.130.0-255,2902,218127,34,377679
37976,0.002466,172.31.33.0-255,66,218193,34,377679
37977,0.002471,74.125.130.0-255,4320,222513,34,377679
37978,0.002473,172.31.33.0-255,66,222579,34,377679
37979,0.002496,172.31.33.0-255,66,222645,34,377679
37980,0.002499,74.125.130.0-255,1484,224129,34,377679
37981,0.00252,74.125.130.0-255,5738,229867,34,377679
37982,0.002523,172.31.33.0-255,66,229933,34,377679
37983,0.002547,74.125.130.0-255,4320,234253,34,377679
37984,0.002549,172.31.33.0-255,66,234319,34,377679
37985,0.002563,74.125.130.0-255,3602,237921,34,377679
37986,0.002565,172.31.33.0-255,66,237987,34,377679
37987,0.002567,74.125.130.0-255,1484,239471,34,377679
37988,0.00257,74.125.130.0-255,1484,240955,34,377679
37989,0.002572,172.31.33.0-255,66,241021,34,377679
37990,0.0026,74.125.130.0-255,4320,245341,34,377679
37991,0.002602,172.31.33.0-255,66,245407,34,377679
37992,0.002618,74.125.130.0-255,1484,246891,34,377679
37993,0.00262,74.125.130.0-255,1484,248375,34,377679
37994,0.002622,172.31.33.0-255,66,248441,34,377679
37995,0.002626,74.125.130.0-255,2902,251343,34,377679
37996,0.002629,172.31.33.0-255,66,251409,34,377679
37997,0.002643,74.125.130.0-255,1484,252893,34,377679
37998,0.002658,74.125.130.0-255,1484,254377,34,377679
37999,0.00266,172.31.33.0-255,66,254443,34,377679
38000,0.002671,74.125.130.0-255,2902,257345,34,377679
38001,0.002673,172.31.33.0-255,66,257411,34,377679
38002,0.002691,74.125.130.0-255,4320,261731,34,377679
38003,0.002693,172.31.33.0-255,66,261797,34,377679
38004,0.002697,74.125.130.0-255,3602,265399,34,377679
38005,0.002699,172.31.33.0-255,66,265465,34,377679
38006,0.002744,74.125.130.0-255,5738,271203,34,377679
38007,0.002747,172.31.33.0-255,66,271269,34,377679
38008,0.002753,74.125.130.0-255,7156,278425,34,377679
38009,0.002756,172.31.33.0-255,66,278491,34,377679
38010,0.002761,74.125.130.0-255,4320,282811,34,377679
38011,0.002762,172.31.33.0-255,66,282877,34,377679
38012,0.002789,172.31.33.0-255,66,282943,34,377679
38013,0.00282,74.125.130.0-255,5738,288681,34,377679
38014,0.002822,172.31.33.0-255,66,288747,34,377679
38015,0.002843,172.31.33.0-255,66,288813,34,377679
38016,0.002848,74.125.130.0-255,5738,294551,34,377679
38017,0.00285,172.31.33.0-255,66,294617,34,377679
38018,0.002853,74.125.130.0-255,1484,296101,34,377679
38019,0.002858,74.125.130.0-255,2902,299003,34,377679
38020,0.00286,172.31.33.0-255,66,299069,34,377679
38021,0.002862,74.125.130.0-255,1484,300553,34,377679
38022,0.002889,74.125.130.0-255,1484,302037,34,377679
38023,0.002891,172.31.33.0-255,66,302103,34,377679
38024,0.002919,74.125.130.0-255,7156,309259,34,377679
38025,0.002921,172.31.33.0-255,66,309325,34,377679
38026,0.002926,74.125.130.0-255,4320,313645,34,377679
38027,0.002928,172.31.33.0-255,66,313711,34,377679
38028,0.002931,74.125.130.0-255,1484,315195,34,377679
38029,0.002934,74.125.130.0-255,1484,316679,34,377679
38030,0.002935,172.31.33.0-255,66,316745,34,377679
38031,0.002939,74.125.130.0-255,2184,318929,34,377679
38032,0.002941,172.31.33.0-255,66,318995,34,377679
38033,0.002969,74.125.130.0-255,2902,321897,34,377679
38034,0.002971,172.31.33.0-255,66,321963,34,377679
38035,0.002974,74.125.130.0-255,1484,323447,34,377679
38036,0.002976,74.125.130.0-255,1484,324931,34,377679
38037,0.002978,172.31.33.0-255,66,324997,34,377679
38038,0.002991,74.125.130.0-255,4320,329317,34,377679
38039,0.002993,172.31.33.0-255,66,329383,34,377679
38040,0.003015,74.125.130.0-255,5738,335121,34,377679
38041,0.003017,172.31.33.0-255,66,335187,34,377679
38042,0.003034,74.125.130.0-255,7156,342343,34,377679
38043,0.003036,172.31.33.0-255,66,342409,34,377679
38044,0.003042,74.125.130.0-255,5738,348147,34,377679
38045,0.003044,172.31.33.0-255,66,348213,34,377679
38046,0.003073,74.125.130.0-255,3602,351815,34,377679
38047,0.003075,172.31.33.0-255,66,351881,34,377679
38048,0.003089,74.125.130.0-255,2902,354783,34,377679
38049,0.003091,172.31.33.0-255,66,354849,34,377679
38050,0.003104,74.125.130.0-255,1484,356333,34,377679
38051,0.003111,74.125.130.0-255,5738,362071,34,377679
38052,0.003113,172.31.33.0-255,66,362137,34,377679
38053,0.003115,74.125.130.0-255,1484,363621,34,377679
38054,0.003149,74.125.130.0-255,2902,366523,34,377679
38055,0.003151,172.31.33.0-255,66,366589,34,377679
38056,0.003171,74.125.130.0-255,2902,369491,34,377679
38057,0.003173,172.31.33.0-255,66,369557,34,377679
38058,0.003178,74.125.130.0-255,2902,372459,34,377679
38059,0.00318,172.31.33.0-255,66,372525,34,377679
38060,0.003184,74.125.130.0-255,1484,374009,34,377679
38061,0.003214,74.125.130.0-255,3499,377508,34,377679
38062,0.003216,172.31.33.0-255,66,377574,34,377679
38063,0.003272,74.125.130.0-255,105,377679,34,377679
38064,0.0,74.125.200.0-255,153,153,34,380728
38065,1.8e-05,172.31.33.0-255,66,219,34,380728
38066,3.1e-05,74.125.200.0-255,1484,1703,34,380728
38067,3.5e-05,172.31.33.0-255,66,1769,34,380728
38068,4.8e-05,74.125.200.0-255,2902,4671,34,380728
38069,5e-05,172.31.33.0-255,66,4737,34,380728
38070,8.7e-05,74.125.200.0-255,1484,6221,34,380728
38071,9e-05,172.31.33.0-255,66,6287,34,380728
38072,0.000117,74.125.200.0-255,2902,9189,34,380728
38073,0.00012,172.31.33.0-255,66,9255,34,380728
38074,0.00014,74.125.200.0-255,2902,12157,34,380728
38075,0.000142,172.31.33.0-255,66,12223,34,380728
38076,0.000162,74.125.200.0-255,3383,15606,34,380728
38077,0.000165,172.31.33.0-255,66,15672,34,380728
38078,0.000171,74.125.200.0-255,7156,22828,34,380728
38079,0.000173,172.31.33.0-255,66,22894,34,380728
38080,0.000206,172.31.33.0-255,66,22960,34,380728
38081,0.000277,74.125.200.0-255,1484,24444,34,380728
38082,0.00028,172.31.33.0-255,66,24510,34,380728
38083,0.000285,74.125.200.0-255,2902,27412,34,380728
38084,0.000288,172.31.33.0-255,66,27478,34,380728
38085,0.000308,74.125.200.0-255,4320,31798,34,380728
38086,0.000311,172.31.33.0-255,66,31864,34,380728
38087,0.00034,74.125.200.0-255,2902,34766,34,380728
38088,0.000343,172.31.33.0-255,66,34832,34,380728
38089,0.000364,74.125.200.0-255,6797,41629,34,380728
38090,0.000367,172.31.33.0-255,66,41695,34,380728
38091,0.000371,74.125.200.0-255,2902,44597,34,380728
38092,0.000373,172.31.33.0-255,66,44663,34,380728
38093,0.000405,74.125.200.0-255,1484,46147,34,380728
38094,0.000408,172.31.33.0-255,66,46213,34,380728
38095,0.000423,74.125.200.0-255,7156,53369,34,380728
38096,0.000425,172.31.33.0-255,66,53435,34,380728
38097,0.00044,74.125.200.0-255,4274,57709,34,380728
38098,0.000443,172.31.33.0-255,66,57775,34,380728
38099,0.000445,74.125.200.0-255,374,58149,34,380728
38100,0.00067,74.125.200.0-255,1484,59633,34,380728
38101,0.000673,172.31.33.0-255,66,59699,34,380728
38102,0.000693,74.125.200.0-255,2902,62601,34,380728
38103,0.000696,172.31.33.0-255,66,62667,34,380728
38104,0.000701,74.125.200.0-255,5738,68405,34,380728
38105,0.000703,172.31.33.0-255,66,68471,34,380728
38106,0.000707,74.125.200.0-255,2902,71373,34,380728
38107,0.00071,172.31.33.0-255,66,71439,34,380728
38108,0.000733,74.125.200.0-255,4320,75759,34,380728
38109,0.000736,172.31.33.0-255,66,75825,34,380728
38110,0.000761,74.125.200.0-255,2902,78727,34,380728
38111,0.000765,172.31.33.0-255,66,78793,34,380728
38112,0.000775,74.125.200.0-255,4320,83113,34,380728
38113,0.000777,172.31.33.0-255,66,83179,34,380728
38114,0.000797,74.125.200.0-255,4320,87499,34,380728
38115,0.000801,172.31.33.0-255,66,87565,34,380728
38116,0.000818,74.125.200.0-255,4320,91885,34,380728
38117,0.000821,172.31.33.0-255,66,91951,34,380728
38118,0.000824,74.125.200.0-255,766,92717,34,380728
38119,0.000875,74.125.200.0-255,1484,94201,34,380728
38120,0.000878,172.31.33.0-255,66,94267,34,380728
38121,0.000897,74.125.200.0-255,2902,97169,34,380728
38122,0.0009,172.31.33.0-255,66,97235,34,380728
38123,0.000919,74.125.200.0-255,1484,98719,34,380728
38124,0.000923,74.125.200.0-255,2902,101621,34,380728
38125,0.000925,172.31.33.0-255,66,101687,34,380728
38126,0.000939,74.125.200.0-255,1484,103171,34,380728
38127,0.000955,74.125.200.0-255,4320,107491,34,380728
38128,0.000958,172.31.33.0-255,66,107557,34,380728
38129,0.000961,74.125.200.0-255,1484,109041,34,380728
38130,0.000978,74.125.200.0-255,4320,113361,34,380728
38131,0.000981,172.31.33.0-255,66,113427,34,380728
38132,0.000987,74.125.200.0-255,7156,120583,34,380728
38133,0.00099,172.31.33.0-255,66,120649,34,380728
38134,0.001021,74.125.200.0-255,5738,126387,34,380728
38135,0.001024,172.31.33.0-255,66,126453,34,380728
38136,0.001047,74.125.200.0-255,766,127219,34,380728
38137,0.001124,74.125.200.0-255,1484,128703,34,380728
38138,0.001128,172.31.33.0-255,66,128769,34,380728
38139,0.00114,74.125.200.0-255,2902,131671,34,380728
38140,0.001142,172.31.33.0-255,66,131737,34,380728
38141,0.001167,74.125.200.0-255,5738,137475,34,380728
38142,0.00117,74.125.200.0-255,2902,140377,34,380728
38143,0.001171,172.31.33.0-255,66,140443,34,380728
38144,0.001173,172.31.33.0-255,66,140509,34,380728
38145,0.001195,74.125.200.0-255,1484,141993,34,380728
38146,0.001207,74.125.200.0-255,2902,144895,34,380728
38147,0.001209,172.31.33.0-255,66,144961,34,380728
38148,0.001213,74.125.200.0-255,1484,146445,34,380728
38149,0.001237,74.125.200.0-255,2902,149347,34,380728
38150,0.001239,172.31.33.0-255,66,149413,34,380728
38151,0.001254,74.125.200.0-255,1484,150897,34,380728
38152,0.001269,74.125.200.0-255,4320,155217,34,380728
38153,0.001271,172.31.33.0-255,66,155283,34,380728
38154,0.001274,74.125.200.0-255,1484,156767,34,380728
38155,0.001287,74.125.200.0-255,1484,158251,34,380728
38156,0.001289,172.31.33.0-255,66,158317,34,380728
38157,0.001305,74.125.200.0-255,1484,159801,34,380728
38158,0.001308,74.125.200.0-255,1484,161285,34,380728
38159,0.00131,172.31.33.0-255,66,161351,34,380728
38160,0.001319,74.125.200.0-255,766,162117,34,380728
38161,0.00138,74.125.200.0-255,1484,163601,34,380728
38162,0.001383,172.31.33.0-255,66,163667,34,380728
38163,0.001387,74.125.200.0-255,2902,166569,34,380728
38164,0.00139,172.31.33.0-255,66,166635,34,380728
38165,0.001404,74.125.200.0-255,1484,168119,34,380728
38166,0.001415,74.125.200.0-255,1484,169603,34,380728
38167,0.001418,172.31.33.0-255,66,169669,34,380728
38168,0.00143,74.125.200.0-255,2902,172571,34,380728
38169,0.001432,172.31.33.0-255,66,172637,34,380728
38170,0.001436,74.125.200.0-255,2902,175539,34,380728
38171,0.001438,172.31.33.0-255,66,175605,34,380728
38172,0.001455,74.125.200.0-255,2902,178507,34,380728
38173,0.001458,172.31.33.0-255,66,178573,34,380728
38174,0.001467,74.125.200.0-255,1484,180057,34,380728
38175,0.001479,74.125.200.0-255,2902,182959,34,380728
38176,0.001481,172.31.33.0-255,66,183025,34,380728
38177,0.001492,74.125.200.0-255,2902,185927,34,380728
38178,0.001494,172.31.33.0-255,66,185993,34,380728
38179,0.001517,74.125.200.0-255,2902,188895,34,380728
38180,0.001519,172.31.33.0-255,66,188961,34,380728
38181,0.001528,172.31.33.0-255,66,189027,34,380728
38182,0.001541,74.125.200.0-255,4320,193347,34,380728
38183,0.001543,172.31.33.0-255,66,193413,34,380728
38184,0.001561,74.125.200.0-255,2902,196315,34,380728
38185,0.001564,172.31.33.0-255,66,196381,34,380728
38186,0.001569,74.125.200.0-255,5738,202119,34,380728
38187,0.001571,172.31.33.0-255,66,202185,34,380728
38188,0.001591,74.125.200.0-255,2902,205087,34,380728
38189,0.001594,172.31.33.0-255,66,205153,34,380728
38190,0.001615,74.125.200.0-255,1484,206637,34,380728
38191,0.001628,74.125.200.0-255,4320,210957,34,380728
38192,0.00163,172.31.33.0-255,66,211023,34,380728
38193,0.001653,74.125.200.0-255,7156,218179,34,380728
38194,0.001655,172.31.33.0-255,66,218245,34,380728
38195,0.001694,74.125.200.0-255,4320,222565,34,380728
38196,0.001697,172.31.33.0-255,66,222631,34,380728
38197,0.001716,74.125.200.0-255,766,223397,34,380728
38198,0.001818,172.31.33.0-255,66,223463,34,380728
38199,0.001862,74.125.200.0-255,1484,224947,34,380728
38200,0.001867,74.125.200.0-255,2902,227849,34,380728
38201,0.00187,172.31.33.0-255,66,227915,34,380728
38202,0.001885,74.125.200.0-255,4320,232235,34,380728
38203,0.001887,172.31.33.0-255,66,232301,34,380728
38204,0.001925,74.125.200.0-255,1484,233785,34,380728
38205,0.001943,74.125.200.0-255,7156,240941,34,380728
38206,0.001947,172.31.33.0-255,66,241007,34,380728
38207,0.001952,74.125.200.0-255,4320,245327,34,380728
38208,0.001954,172.31.33.0-255,66,245393,34,380728
38209,0.001968,74.125.200.0-255,5738,251131,34,380728
38210,0.001971,172.31.33.0-255,66,251197,34,380728
38211,0.001994,74.125.200.0-255,4320,255517,34,380728
38212,0.001997,172.31.33.0-255,66,255583,34,380728
38213,0.002017,74.125.200.0-255,2184,257767,34,380728
38214,0.002019,172.31.33.0-255,66,257833,34,380728
38215,0.002383,74.125.200.0-255,1484,259317,34,380728
38216,0.00239,74.125.200.0-255,2902,262219,34,380728
38217,0.002394,172.31.33.0-255,66,262285,34,380728
38218,0.002399,74.125.200.0-255,2902,265187,34,380728
38219,0.002401,172.31.33.0-255,66,265253,34,380728
38220,0.002412,74.125.200.0-255,2902,268155,34,380728
38221,0.002414,172.31.33.0-255,66,268221,34,380728
38222,0.002431,74.125.200.0-255,5738,273959,34,380728
38223,0.002433,172.31.33.0-255,66,274025,34,380728
38224,0.002453,74.125.200.0-255,1484,275509,34,380728
38225,0.002457,74.125.200.0-255,2902,278411,34,380728
38226,0.002458,172.31.33.0-255,66,278477,34,380728
38227,0.002479,74.125.200.0-255,5738,284215,34,380728
38228,0.002481,172.31.33.0-255,66,284281,34,380728
38229,0.002486,74.125.200.0-255,4320,288601,34,380728
38230,0.002488,172.31.33.0-255,66,288667,34,380728
38231,0.002519,74.125.200.0-255,3602,292269,34,380728
38232,0.002522,172.31.33.0-255,66,292335,34,380728
38233,0.003138,74.125.200.0-255,1484,293819,34,380728
38234,0.003144,74.125.200.0-255,2902,296721,34,380728
38235,0.003147,172.31.33.0-255,66,296787,34,380728
38236,0.003164,74.125.200.0-255,2902,299689,34,380728
38237,0.003166,172.31.33.0-255,66,299755,34,380728
38238,0.00318,74.125.200.0-255,2902,302657,34,380728
38239,0.003182,172.31.33.0-255,66,302723,34,380728
38240,0.003187,74.125.200.0-255,5738,308461,34,380728
38241,0.003189,172.31.33.0-255,66,308527,34,380728
38242,0.003217,74.125.200.0-255,7156,315683,34,380728
38243,0.003218,172.31.33.0-255,66,315749,34,380728
38244,0.003235,74.125.200.0-255,4320,320069,34,380728
38245,0.003236,172.31.33.0-255,66,320135,34,380728
38246,0.003239,74.125.200.0-255,1484,321619,34,380728
38247,0.003286,74.125.200.0-255,2902,324521,34,380728
38248,0.003288,172.31.33.0-255,66,324587,34,380728
38249,0.00331,74.125.200.0-255,5020,329607,34,380728
38250,0.003311,172.31.33.0-255,66,329673,34,380728
38251,0.003319,172.31.33.0-255,66,329739,34,380728
38252,0.003347,74.125.200.0-255,7156,336895,34,380728
38253,0.003349,172.31.33.0-255,66,336961,34,380728
38254,0.003351,74.125.200.0-255,1484,338445,34,380728
38255,0.003353,74.125.200.0-255,1484,339929,34,380728
38256,0.003355,172.31.33.0-255,66,339995,34,380728
38257,0.003367,74.125.200.0-255,4320,344315,34,380728
38258,0.003369,172.31.33.0-255,66,344381,34,380728
38259,0.00338,74.125.200.0-255,1484,345865,34,380728
38260,0.003398,74.125.200.0-255,6438,352303,34,380728
38261,0.0034,172.31.33.0-255,66,352369,34,380728
38262,0.003404,74.125.200.0-255,4320,356689,34,380728
38263,0.003406,172.31.33.0-255,66,356755,34,380728
38264,0.003408,74.125.200.0-255,1484,358239,34,380728
38265,0.003416,74.125.200.0-255,1484,359723,34,380728
38266,0.003418,172.31.33.0-255,66,359789,34,380728
38267,0.003433,74.125.200.0-255,2902,362691,34,380728
38268,0.003435,172.31.33.0-255,66,362757,34,380728
38269,0.003457,74.125.200.0-255,5738,368495,34,380728
38270,0.003459,172.31.33.0-255,66,368561,34,380728
38271,0.003461,74.125.200.0-255,1484,370045,34,380728
38272,0.00349,74.125.200.0-255,4320,374365,34,380728
38273,0.003492,172.31.33.0-255,66,374431,34,380728
38274,0.003511,74.125.200.0-255,6029,380460,34,380728
38275,0.003513,172.31.33.0-255,66,380526,34,380728
38276,0.003515,74.125.200.0-255,97,380623,34,380728
38277,0.003545,74.125.200.0-255,105,380728,34,380728
38278,0.0,74.125.68.0-255,153,153,34,350329
38279,2.2e-05,172.31.33.0-255,66,219,34,350329
38280,2.8e-05,74.125.68.0-255,1484,1703,34,350329
38281,3.1e-05,172.31.33.0-255,66,1769,34,350329
38282,3.5e-05,74.125.68.0-255,2902,4671,34,350329
38283,3.7e-05,172.31.33.0-255,66,4737,34,350329
38284,6.7e-05,74.125.68.0-255,2902,7639,34,350329
38285,7e-05,172.31.33.0-255,66,7705,34,350329
38286,7.5e-05,74.125.68.0-255,4320,12025,34,350329
38287,7.7e-05,172.31.33.0-255,66,12091,34,350329
38288,0.000113,74.125.68.0-255,2056,14147,34,350329
38289,0.000117,172.31.33.0-255,66,14213,34,350329
38290,0.000185,74.125.68.0-255,1484,15697,34,350329
38291,0.000188,172.31.33.0-255,66,15763,34,350329
38292,0.000192,74.125.68.0-255,2902,18665,34,350329
38293,0.000194,172.31.33.0-255,66,18731,34,350329
38294,0.000214,74.125.68.0-255,4320,23051,34,350329
38295,0.000217,172.31.33.0-255,66,23117,34,350329
38296,0.00026,74.125.68.0-255,4320,27437,34,350329
38297,0.000263,172.31.33.0-255,66,27503,34,350329
38298,0.000288,74.125.68.0-255,3961,31464,34,350329
38299,0.000291,172.31.33.0-255,66,31530,34,350329
38300,0.000302,74.125.68.0-255,1484,33014,34,350329
38301,0.000305,172.31.33.0-255,66,33080,34,350329
38302,0.000313,74.125.68.0-255,2902,35982,34,350329
38303,0.000316,172.31.33.0-255,66,36048,34,350329
38304,0.000343,74.125.68.0-255,5738,41786,34,350329
38305,0.000346,172.31.33.0-255,66,41852,34,350329
38306,0.000349,74.125.68.0-255,1484,43336,34,350329
38307,0.000352,172.31.33.0-255,66,43402,34,350329
38308,0.000381,74.125.68.0-255,2902,46304,34,350329
38309,0.000384,172.31.33.0-255,66,46370,34,350329
38310,0.00041,74.125.68.0-255,2543,48913,34,350329
38311,0.000414,172.31.33.0-255,66,48979,34,350329
38312,0.000986,74.125.68.0-255,1484,50463,34,350329
38313,0.000996,74.125.68.0-255,2902,53365,34,350329
38314,0.000999,172.31.33.0-255,66,53431,34,350329
38315,0.001027,74.125.68.0-255,5738,59169,34,350329
38316,0.00103,172.31.33.0-255,66,59235,34,350329
38317,0.001037,74.125.68.0-255,6797,66032,34,350329
38318,0.001039,172.31.33.0-255,66,66098,34,350329
38319,0.001093,74.125.68.0-255,647,66745,34,350329
38320,0.001133,74.125.68.0-255,1484,68229,34,350329
38321,0.001136,172.31.33.0-255,66,68295,34,350329
38322,0.00114,74.125.68.0-255,1484,69779,34,350329
38323,0.001163,74.125.68.0-255,1484,71263,34,350329
38324,0.001166,172.31.33.0-255,66,71329,34,350329
38325,0.001174,74.125.68.0-255,5738,77067,34,350329
38326,0.001175,172.31.33.0-255,66,77133,34,350329
38327,0.001204,74.125.68.0-255,7156,84289,34,350329
38328,0.001207,172.31.33.0-255,66,84355,34,350329
38329,0.001238,74.125.68.0-255,2902,87257,34,350329
38330,0.00124,172.31.33.0-255,66,87323,34,350329
38331,0.001258,74.125.68.0-255,5738,93061,34,350329
38332,0.001261,172.31.33.0-255,66,93127,34,350329
38333,0.001271,172.31.33.0-255,66,93193,34,350329
38334,0.00156,74.125.68.0-255,1484,94677,34,350329
38335,0.001583,74.125.68.0-255,2902,97579,34,350329
38336,0.001586,172.31.33.0-255,66,97645,34,350329
38337,0.001627,74.125.68.0-255,2902,100547,34,350329
38338,0.001632,74.125.68.0-255,4320,104867,34,350329
38339,0.001632,172.31.33.0-255,66,104933,34,350329
38340,0.001635,172.31.33.0-255,66,104999,34,350329
38341,0.001659,74.125.68.0-255,4320,109319,34,350329
38342,0.001662,172.31.33.0-255,66,109385,34,350329
38343,0.001687,74.125.68.0-255,4320,113705,34,350329
38344,0.00169,172.31.33.0-255,66,113771,34,350329
38345,0.001695,74.125.68.0-255,2902,116673,34,350329
38346,0.001696,172.31.33.0-255,66,116739,34,350329
38347,0.001728,74.125.68.0-255,2902,119641,34,350329
38348,0.001731,172.31.33.0-255,66,119707,34,350329
38349,0.001765,172.31.33.0-255,66,119773,34,350329
38350,0.001804,74.125.68.0-255,1484,121257,34,350329
38351,0.00182,74.125.68.0-255,1484,122741,34,350329
38352,0.001823,172.31.33.0-255,66,122807,34,350329
38353,0.001846,74.125.68.0-255,1484,124291,34,350329
38354,0.00185,74.125.68.0-255,1484,125775,34,350329
38355,0.001852,172.31.33.0-255,66,125841,34,350329
38356,0.001856,74.125.68.0-255,2902,128743,34,350329
38357,0.001859,172.31.33.0-255,66,128809,34,350329
38358,0.001865,74.125.68.0-255,5738,134547,34,350329
38359,0.001866,172.31.33.0-255,66,134613,34,350329
38360,0.001875,74.125.68.0-255,1484,136097,34,350329
38361,0.001892,74.125.68.0-255,1484,137581,34,350329
38362,0.001895,172.31.33.0-255,66,137647,34,350329
38363,0.0019,74.125.68.0-255,4320,141967,34,350329
38364,0.001902,172.31.33.0-255,66,142033,34,350329
38365,0.001906,74.125.68.0-255,2902,144935,34,350329
38366,0.001909,172.31.33.0-255,66,145001,34,350329
38367,0.00194,74.125.68.0-255,5738,150739,34,350329
38368,0.001944,172.31.33.0-255,66,150805,34,350329
38369,0.001945,74.125.68.0-255,3602,154407,34,350329
38370,0.001947,172.31.33.0-255,66,154473,34,350329
38371,0.001984,74.125.68.0-255,1484,155957,34,350329
38372,0.002005,74.125.68.0-255,2902,158859,34,350329
38373,0.002008,172.31.33.0-255,66,158925,34,350329
38374,0.002033,74.125.68.0-255,1484,160409,34,350329
38375,0.002047,74.125.68.0-255,2902,163311,34,350329
38376,0.002049,172.31.33.0-255,66,163377,34,350329
38377,0.002074,74.125.68.0-255,5738,169115,34,350329
38378,0.002077,172.31.33.0-255,66,169181,34,350329
38379,0.00208,74.125.68.0-255,2902,172083,34,350329
38380,0.002082,172.31.33.0-255,66,172149,34,350329
38381,0.002138,74.125.68.0-255,5738,177887,34,350329
38382,0.002142,172.31.33.0-255,66,177953,34,350329
38383,0.002177,74.125.68.0-255,2902,180855,34,350329
38384,0.00218,172.31.33.0-255,66,180921,34,350329
38385,0.002203,74.125.68.0-255,1484,182405,34,350329
38386,0.002217,74.125.68.0-255,2902,185307,34,350329
38387,0.00222,172.31.33.0-255,66,185373,34,350329
38388,0.002225,74.125.68.0-255,2902,188275,34,350329
38389,0.002226,172.31.33.0-255,66,188341,34,350329
38390,0.002244,74.125.68.0-255,766,189107,34,350329
38391,0.002293,172.31.33.0-255,66,189173,34,350329
38392,0.002309,74.125.68.0-255,1484,190657,34,350329
38393,0.002325,74.125.68.0-255,1484,192141,34,350329
38394,0.002327,172.31.33.0-255,66,192207,34,350329
38395,0.002343,74.125.68.0-255,1484,193691,34,350329
38396,0.002359,74.125.68.0-255,4320,198011,34,350329
38397,0.002362,172.31.33.0-255,66,198077,34,350329
38398,0.002385,74.125.68.0-255,5738,203815,34,350329
38399,0.002388,172.31.33.0-255,66,203881,34,350329
38400,0.002439,74.125.68.0-255,4320,208201,34,350329
38401,0.002442,172.31.33.0-255,66,208267,34,350329
38402,0.002454,74.125.68.0-255,2902,211169,34,350329
38403,0.002459,172.31.33.0-255,66,211235,34,350329
38404,0.002489,74.125.68.0-255,2902,214137,34,350329
38405,0.002492,172.31.33.0-255,66,214203,34,350329
38406,0.002495,74.125.68.0-255,1484,215687,34,350329
38407,0.002497,74.125.68.0-255,1484,217171,34,350329
38408,0.002499,74.125.68.0-255,1484,218655,34,350329
38409,0.002499,172.31.33.0-255,66,218721,34,350329
38410,0.002501,74.125.68.0-255,1484,220205,34,350329
38411,0.002502,172.31.33.0-255,66,220271,34,350329
38412,0.002531,74.125.68.0-255,1484,221755,34,350329
38413,0.002545,74.125.68.0-255,2184,223939,34,350329
38414,0.002548,172.31.33.0-255,66,224005,34,350329
38415,0.002722,74.125.68.0-255,1484,225489,34,350329
38416,0.002736,74.125.68.0-255,2902,228391,34,350329
38417,0.002739,172.31.33.0-255,66,228457,34,350329
38418,0.002779,74.125.68.0-255,5738,234195,34,350329
38419,0.002781,172.31.33.0-255,66,234261,34,350329
38420,0.002788,74.125.68.0-255,7156,241417,34,350329
38421,0.00279,172.31.33.0-255,66,241483,34,350329
38422,0.002793,74.125.68.0-255,1484,242967,34,350329
38423,0.002822,74.125.68.0-255,7156,250123,34,350329
38424,0.002825,172.31.33.0-255,66,250189,34,350329
38425,0.00283,74.125.68.0-255,4320,254509,34,350329
38426,0.002832,172.31.33.0-255,66,254575,34,350329
38427,0.002859,74.125.68.0-255,3602,258177,34,350329
38428,0.002861,172.31.33.0-255,66,258243,34,350329
38429,0.00293,74.125.68.0-255,1484,259727,34,350329
38430,0.002945,74.125.68.0-255,2902,262629,34,350329
38431,0.002947,172.31.33.0-255,66,262695,34,350329
38432,0.002971,74.125.68.0-255,5738,268433,34,350329
38433,0.002973,172.31.33.0-255,66,268499,34,350329
38434,0.002976,74.125.68.0-255,1484,269983,34,350329
38435,0.002995,74.125.68.0-255,4320,274303,34,350329
38436,0.002997,172.31.33.0-255,66,274369,34,350329
38437,0.003,74.125.68.0-255,1484,275853,34,350329
38438,0.003025,74.125.68.0-255,5738,281591,34,350329
38439,0.003027,172.31.33.0-255,66,281657,34,350329
38440,0.00303,74.125.68.0-255,1484,283141,34,350329
38441,0.003049,74.125.68.0-255,7156,290297,34,350329
38442,0.003052,172.31.33.0-255,66,290363,34,350329
38443,0.003077,74.125.68.0-255,7156,297519,34,350329
38444,0.00308,172.31.33.0-255,66,297585,34,350329
38445,0.003096,74.125.68.0-255,2184,299769,34,350329
38446,0.003099,172.31.33.0-255,66,299835,34,350329
38447,0.003102,74.125.68.0-255,2902,302737,34,350329
38448,0.003104,172.31.33.0-255,66,302803,34,350329
38449,0.003132,172.31.33.0-255,66,302869,34,350329
38450,0.003144,74.125.68.0-255,5738,308607,34,350329
38451,0.003147,172.31.33.0-255,66,308673,34,350329
38452,0.003153,74.125.68.0-255,1484,310157,34,350329
38453,0.003156,74.125.68.0-255,2902,313059,34,350329
38454,0.003158,172.31.33.0-255,66,313125,34,350329
38455,0.003209,74.125.68.0-255,6438,319563,34,350329
38456,0.003212,172.31.33.0-255,66,319629,34,350329
38457,0.00322,74.125.68.0-255,7156,326785,34,350329
38458,0.003224,172.31.33.0-255,66,326851,34,350329
38459,0.003272,172.31.33.0-255,66,326917,34,350329
38460,0.003284,172.31.33.0-255,66,326983,34,350329
38461,0.003295,74.125.68.0-255,4320,331303,34,350329
38462,0.003297,172.31.33.0-255,66,331369,34,350329
38463,0.003301,74.125.68.0-255,1484,332853,34,350329
38464,0.003304,74.125.68.0-255,766,333619,34,350329
38465,0.003306,172.31.33.0-255,66,333685,34,350329
38466,0.003354,74.125.68.0-255,5738,339423,34,350329
38467,0.003357,172.31.33.0-255,66,339489,34,350329
38468,0.003364,74.125.68.0-255,5738,345227,34,350329
38469,0.003367,172.31.33.0-255,66,345293,34,350329
38470,0.003387,74.125.68.0-255,1484,346777,34,350329
38471,0.003392,74.125.68.0-255,2902,349679,34,350329
38472,0.003394,172.31.33.0-255,66,349745,34,350329
38473,0.003438,172.31.33.0-255,66,349811,34,350329
38474,0.003441,74.125.68.0-255,413,350224,34,350329
38475,0.003444,74.125.68.0-255,105,350329,34,350329
38476,0.0,74.125.130.0-255,145,145,34,227126
38477,2.2e-05,172.31.33.0-255,66,211,34,227126
38478,2.9e-05,74.125.130.0-255,1484,1695,34,227126
38479,3.3e-05,172.31.33.0-255,66,1761,34,227126
38480,3.8e-05,74.125.130.0-255,2902,4663,34,227126
38481,4.7e-05,172.31.33.0-255,66,4729,34,227126
38482,5.3e-05,74.125.130.0-255,4320,9049,34,227126
38483,5.5e-05,172.31.33.0-255,66,9115,34,227126
38484,6.1e-05,74.125.130.0-255,4892,14007,34,227126
38485,6.3e-05,172.31.33.0-255,66,14073,34,227126
38486,0.000106,172.31.33.0-255,66,14139,34,227126
38487,0.000111,74.125.130.0-255,5379,19518,34,227126
38488,0.000114,172.31.33.0-255,66,19584,34,227126
38489,0.000182,74.125.130.0-255,1484,21068,34,227126
38490,0.000184,172.31.33.0-255,66,21134,34,227126
38491,0.000187,74.125.130.0-255,1484,22618,34,227126
38492,0.00019,172.31.33.0-255,66,22684,34,227126
38493,0.000218,74.125.130.0-255,2902,25586,34,227126
38494,0.00022,172.31.33.0-255,66,25652,34,227126
38495,0.000226,74.125.130.0-255,5738,31390,34,227126
38496,0.000227,172.31.33.0-255,66,31456,34,227126
38497,0.000265,172.31.33.0-255,66,31522,34,227126
38498,0.000271,74.125.130.0-255,5738,37260,34,227126
38499,0.000272,172.31.33.0-255,66,37326,34,227126
38500,0.000333,74.125.130.0-255,3911,41237,34,227126
38501,0.000336,172.31.33.0-255,66,41303,34,227126
38502,0.000339,74.125.130.0-255,98,41401,34,227126
38503,0.00034,172.31.33.0-255,66,41467,34,227126
38504,0.000455,74.125.130.0-255,1484,42951,34,227126
38505,0.000459,172.31.33.0-255,66,43017,34,227126
38506,0.000464,74.125.130.0-255,2902,45919,34,227126
38507,0.000466,172.31.33.0-255,66,45985,34,227126
38508,0.000494,74.125.130.0-255,5738,51723,34,227126
38509,0.000496,172.31.33.0-255,66,51789,34,227126
38510,0.000528,172.31.33.0-255,66,51855,34,227126
38511,0.000563,172.31.33.0-255,66,51921,34,227126
38512,0.000567,74.125.130.0-255,1905,53826,34,227126
38513,0.000569,172.31.33.0-255,66,53892,34,227126
38514,0.000756,74.125.130.0-255,1484,55376,34,227126
38515,0.000763,74.125.130.0-255,2902,58278,34,227126
38516,0.000766,172.31.33.0-255,66,58344,34,227126
38517,0.000773,74.125.130.0-255,4320,62664,34,227126
38518,0.000775,172.31.33.0-255,66,62730,34,227126
38519,0.000807,74.125.130.0-255,1484,64214,34,227126
38520,0.000825,172.31.33.0-255,66,64280,34,227126
38521,0.000837,172.31.33.0-255,66,64346,34,227126
38522,0.000865,74.125.130.0-255,766,65112,34,227126
38523,0.001347,74.125.130.0-255,1484,66596,34,227126
38524,0.001352,172.31.33.0-255,66,66662,34,227126
38525,0.001357,74.125.130.0-255,2902,69564,34,227126
38526,0.001359,172.31.33.0-255,66,69630,34,227126
38527,0.001362,74.125.130.0-255,1484,71114,34,227126
38528,0.001386,74.125.130.0-255,1484,72598,34,227126
38529,0.001388,172.31.33.0-255,66,72664,34,227126
38530,0.001396,74.125.130.0-255,7156,79820,34,227126
38531,0.001398,172.31.33.0-255,66,79886,34,227126
38532,0.001424,74.125.130.0-255,4320,84206,34,227126
38533,0.001426,172.31.33.0-255,66,84272,34,227126
38534,0.00146,172.31.33.0-255,66,84338,34,227126
38535,0.001463,74.125.130.0-255,1484,85822,34,227126
38536,0.001482,74.125.130.0-255,2184,88006,34,227126
38537,0.001484,172.31.33.0-255,66,88072,34,227126
38538,0.00155,74.125.130.0-255,1484,89556,34,227126
38539,0.001554,74.125.130.0-255,2902,92458,34,227126
38540,0.001557,172.31.33.0-255,66,92524,34,227126
38541,0.00156,74.125.130.0-255,1484,94008,34,227126
38542,0.001581,74.125.130.0-255,2902,96910,34,227126
38543,0.001584,172.31.33.0-255,66,96976,34,227126
38544,0.00159,74.125.130.0-255,5738,102714,34,227126
38545,0.001592,172.31.33.0-255,66,102780,34,227126
38546,0.001595,74.125.130.0-255,1484,104264,34,227126
38547,0.001624,172.31.33.0-255,66,104330,34,227126
38548,0.001627,74.125.130.0-255,1484,105814,34,227126
38549,0.001655,74.125.130.0-255,5020,110834,34,227126
38550,0.001657,172.31.33.0-255,66,110900,34,227126
38551,0.001737,74.125.130.0-255,1484,112384,34,227126
38552,0.00174,74.125.130.0-255,1484,113868,34,227126
38553,0.001743,172.31.33.0-255,66,113934,34,227126
38554,0.001766,74.125.130.0-255,1484,115418,34,227126
38555,0.001772,74.125.130.0-255,5738,121156,34,227126
38556,0.001774,172.31.33.0-255,66,121222,34,227126
38557,0.001779,74.125.130.0-255,4320,125542,34,227126
38558,0.00178,172.31.33.0-255,66,125608,34,227126
38559,0.001786,74.125.130.0-255,5738,131346,34,227126
38560,0.001792,172.31.33.0-255,66,131412,34,227126
38561,0.001834,172.31.33.0-255,66,131478,34,227126
38562,0.001838,74.125.130.0-255,2184,133662,34,227126
38563,0.00184,172.31.33.0-255,66,133728,34,227126
38564,0.001874,74.125.130.0-255,1484,135212,34,227126
38565,0.001892,74.125.130.0-255,2902,138114,34,227126
38566,0.001894,172.31.33.0-255,66,138180,34,227126
38567,0.001908,74.125.130.0-255,5738,143918,34,227126
38568,0.001914,172.31.33.0-255,66,143984,34,227126
38569,0.001953,74.125.130.0-255,2902,146886,34,227126
38570,0.001955,172.31.33.0-255,66,146952,34,227126
38571,0.001975,74.125.130.0-255,2902,149854,34,227126
38572,0.001978,172.31.33.0-255,66,149920,34,227126
38573,0.001992,74.125.130.0-255,7156,157076,34,227126
38574,0.001994,172.31.33.0-255,66,157142,34,227126
38575,0.002005,172.31.33.0-255,66,157208,34,227126
38576,0.002111,74.125.130.0-255,1484,158692,34,227126
38577,0.002126,74.125.130.0-255,1484,160176,34,227126
38578,0.002129,172.31.33.0-255,66,160242,34,227126
38579,0.002134,74.125.130.0-255,2902,163144,34,227126
38580,0.002136,172.31.33.0-255,66,163210,34,227126
38581,0.002157,74.125.130.0-255,2902,166112,34,227126
38582,0.002159,172.31.33.0-255,66,166178,34,227126
38583,0.00218,74.125.130.0-255,2902,169080,34,227126
38584,0.002182,172.31.33.0-255,66,169146,34,227126
38585,0.002185,74.125.130.0-255,1484,170630,34,227126
38586,0.002221,172.31.33.0-255,66,170696,34,227126
38587,0.002228,74.125.130.0-255,5738,176434,34,227126
38588,0.002231,172.31.33.0-255,66,176500,34,227126
38589,0.002237,74.125.130.0-255,1484,177984,34,227126
38590,0.002241,74.125.130.0-255,1484,179468,34,227126
38591,0.002242,172.31.33.0-255,66,179534,34,227126
38592,0.002245,74.125.130.0-255,766,180300,34,227126
38593,0.002453,74.125.130.0-255,1484,181784,34,227126
38594,0.002457,172.31.33.0-255,66,181850,34,227126
38595,0.002462,74.125.130.0-255,2902,184752,34,227126
38596,0.002465,172.31.33.0-255,66,184818,34,227126
38597,0.002497,74.125.130.0-255,5738,190556,34,227126
38598,0.002499,172.31.33.0-255,66,190622,34,227126
38599,0.002505,74.125.130.0-255,5738,196360,34,227126
38600,0.002507,172.31.33.0-255,66,196426,34,227126
38601,0.00251,74.125.130.0-255,1484,197910,34,227126
38602,0.002538,74.125.130.0-255,5738,203648,34,227126
38603,0.002541,172.31.33.0-255,66,203714,34,227126
38604,0.002551,172.31.33.0-255,66,203780,34,227126
38605,0.002559,74.125.130.0-255,2184,205964,34,227126
38606,0.002561,172.31.33.0-255,66,206030,34,227126
38607,0.002837,74.125.130.0-255,1484,207514,34,227126
38608,0.002861,74.125.130.0-255,2902,210416,34,227126
38609,0.002865,172.31.33.0-255,66,210482,34,227126
38610,0.002871,74.125.130.0-255,4320,214802,34,227126
38611,0.002873,172.31.33.0-255,66,214868,34,227126
38612,0.002901,74.125.130.0-255,1484,216352,34,227126
38613,0.002917,172.31.33.0-255,66,216418,34,227126
38614,0.002958,172.31.33.0-255,66,216484,34,227126
38615,0.002975,172.31.33.0-255,66,216550,34,227126
38616,0.003004,74.125.130.0-255,5738,222288,34,227126
38617,0.003007,172.31.33.0-255,66,222354,34,227126
38618,0.003035,74.125.130.0-255,4601,226955,34,227126
38619,0.003038,172.31.33.0-255,66,227021,34,227126
38620,0.003041,74.125.130.0-255,105,227126,34,227126
38621,0.0,172.217.194.0-255,156,156,34,189497
38622,1.5e-05,172.217.194.0-255,1484,1640,34,189497
38623,2.4e-05,172.31.33.0-255,66,1706,34,189497
38624,3.3e-05,172.217.194.0-255,2902,4608,34,189497
38625,3.7e-05,172.31.33.0-255,66,4674,34,189497
38626,4.9e-05,172.217.194.0-255,4320,8994,34,189497
38627,5.2e-05,172.31.33.0-255,66,9060,34,189497
38628,7.4e-05,172.217.194.0-255,2902,11962,34,189497
38629,7.7e-05,172.31.33.0-255,66,12028,34,189497
38630,8.2e-05,172.217.194.0-255,2010,14038,34,189497
38631,8.4e-05,172.31.33.0-255,66,14104,34,189497
38632,0.000177,172.217.194.0-255,1484,15588,34,189497
38633,0.000195,172.217.194.0-255,2902,18490,34,189497
38634,0.000199,172.31.33.0-255,66,18556,34,189497
38635,0.000205,172.217.194.0-255,5738,24294,34,189497
38636,0.000208,172.31.33.0-255,66,24360,34,189497
38637,0.000211,172.217.194.0-255,1484,25844,34,189497
38638,0.000259,172.217.194.0-255,5379,31223,34,189497
38639,0.000262,172.31.33.0-255,66,31289,34,189497
38640,0.000729,172.217.194.0-255,1484,32773,34,189497
38641,0.000736,172.217.194.0-255,1484,34257,34,189497
38642,0.00074,172.31.33.0-255,66,34323,34,189497
38643,0.000756,172.217.194.0-255,1484,35807,34,189497
38644,0.000761,172.217.194.0-255,4320,40127,34,189497
38645,0.000763,172.31.33.0-255,66,40193,34,189497
38646,0.000781,172.217.194.0-255,1484,41677,34,189497
38647,0.000784,172.217.194.0-255,1484,43161,34,189497
38648,0.000786,172.31.33.0-255,66,43227,34,189497
38649,0.000804,172.217.194.0-255,5738,48965,34,189497
38650,0.000806,172.31.33.0-255,66,49031,34,189497
38651,0.000843,172.31.33.0-255,66,49097,34,189497
38652,0.000852,172.31.33.0-255,66,49163,34,189497
38653,0.000861,172.217.194.0-255,646,49809,34,189497
38654,0.000973,172.217.194.0-255,1484,51293,34,189497
38655,0.000978,172.31.33.0-255,66,51359,34,189497
38656,0.000983,172.217.194.0-255,2902,54261,34,189497
38657,0.000985,172.31.33.0-255,66,54327,34,189497
38658,0.001009,172.217.194.0-255,5738,60065,34,189497
38659,0.001012,172.31.33.0-255,66,60131,34,189497
38660,0.001014,172.217.194.0-255,1484,61615,34,189497
38661,0.001047,172.31.33.0-255,66,61681,34,189497
38662,0.00105,172.217.194.0-255,1484,63165,34,189497
38663,0.001074,172.217.194.0-255,7156,70321,34,189497
38664,0.001077,172.31.33.0-255,66,70387,34,189497
38665,0.001099,172.217.194.0-255,2184,72571,34,189497
38666,0.001102,172.31.33.0-255,66,72637,34,189497
38667,0.001192,172.217.194.0-255,1484,74121,34,189497
38668,0.001199,172.217.194.0-255,2902,77023,34,189497
38669,0.001202,172.31.33.0-255,66,77089,34,189497
38670,0.00122,172.217.194.0-255,4320,81409,34,189497
38671,0.001222,172.31.33.0-255,66,81475,34,189497
38672,0.001245,172.217.194.0-255,1484,82959,34,189497
38673,0.001252,172.217.194.0-255,7156,90115,34,189497
38674,0.001255,172.31.33.0-255,66,90181,34,189497
38675,0.001297,172.31.33.0-255,66,90247,34,189497
38676,0.001321,172.217.194.0-255,4320,94567,34,189497
38677,0.001323,172.31.33.0-255,66,94633,34,189497
38678,0.001327,172.217.194.0-255,2184,96817,34,189497
38679,0.001329,172.31.33.0-255,66,96883,34,189497
38680,0.00142,172.217.194.0-255,1484,98367,34,189497
38681,0.001425,172.217.194.0-255,2902,101269,34,189497
38682,0.001429,172.31.33.0-255,66,101335,34,189497
38683,0.001432,172.217.194.0-255,1484,102819,34,189497
38684,0.001453,172.217.194.0-255,4320,107139,34,189497
38685,0.001456,172.31.33.0-255,66,107205,34,189497
38686,0.001462,172.217.194.0-255,7156,114361,34,189497
38687,0.001464,172.31.33.0-255,66,114427,34,189497
38688,0.001493,172.217.194.0-255,5738,120165,34,189497
38689,0.001495,172.31.33.0-255,66,120231,34,189497
38690,0.00151,172.31.33.0-255,66,120297,34,189497
38691,0.002381,172.217.194.0-255,1484,121781,34,189497
38692,0.002406,172.217.194.0-255,2902,124683,34,189497
38693,0.002409,172.31.33.0-255,66,124749,34,189497
38694,0.002416,172.217.194.0-255,5738,130487,34,189497
38695,0.002419,172.31.33.0-255,66,130553,34,189497
38696,0.002456,172.31.33.0-255,66,130619,34,189497
38697,0.002467,172.31.33.0-255,66,130685,34,189497
38698,0.002492,172.217.194.0-255,766,131451,34,189497
38699,0.002879,172.217.194.0-255,1484,132935,34,189497
38700,0.002881,172.31.33.0-255,66,133001,34,189497
38701,0.002885,172.217.194.0-255,1484,134485,34,189497
38702,0.002905,172.217.194.0-255,1484,135969,34,189497
38703,0.002907,172.31.33.0-255,66,136035,34,189497
38704,0.002913,172.217.194.0-255,5738,141773,34,189497
38705,0.002916,172.31.33.0-255,66,141839,34,189497
38706,0.002953,172.31.33.0-255,66,141905,34,189497
38707,0.002958,172.217.194.0-255,5738,147643,34,189497
38708,0.00296,172.31.33.0-255,66,147709,34,189497
38709,0.00299,172.217.194.0-255,4320,152029,34,189497
38710,0.002992,172.31.33.0-255,66,152095,34,189497
38711,0.002996,172.217.194.0-255,1484,153579,34,189497
38712,0.003036,172.31.33.0-255,66,153645,34,189497
38713,0.003062,172.217.194.0-255,2184,155829,34,189497
38714,0.003064,172.31.33.0-255,66,155895,34,189497
38715,0.003067,172.217.194.0-255,1484,157379,34,189497
38716,0.003085,172.31.33.0-255,66,157445,34,189497
38717,0.003111,172.217.194.0-255,2184,159629,34,189497
38718,0.003113,172.31.33.0-255,66,159695,34,189497
38719,0.003124,172.31.33.0-255,66,159761,34,189497
38720,0.003153,172.217.194.0-255,7156,166917,34,189497
38721,0.003156,172.31.33.0-255,66,166983,34,189497
38722,0.003161,172.217.194.0-255,5738,172721,34,189497
38723,0.003163,172.31.33.0-255,66,172787,34,189497
38724,0.003222,172.217.194.0-255,7156,179943,34,189497
38725,0.003224,172.31.33.0-255,66,180009,34,189497
38726,0.003252,172.217.194.0-255,2184,182193,34,189497
38727,0.003254,172.31.33.0-255,66,182259,34,189497
38728,0.003267,172.31.33.0-255,66,182325,34,189497
38729,0.00328,172.31.33.0-255,66,182391,34,189497
38730,0.003291,172.31.33.0-255,66,182457,34,189497
38731,0.003335,172.31.33.0-255,66,182523,34,189497
38732,0.003344,172.31.33.0-255,66,182589,34,189497
38733,0.003357,172.31.33.0-255,66,182655,34,189497
38734,0.003371,172.31.33.0-255,66,182721,34,189497
38735,0.003377,172.217.194.0-255,6434,189155,34,189497
38736,0.003379,172.31.33.0-255,66,189221,34,189497
38737,0.003382,172.217.194.0-255,105,189326,34,189497
38738,0.006275,172.31.33.0-255,105,189431,34,189497
38739,0.008804,172.217.194.0-255,66,189497,34,189497
38740,0.0,172.217.194.0-255,153,153,34,145579
38741,2.4e-05,172.31.33.0-255,66,219,34,145579
38742,3e-05,172.217.194.0-255,1484,1703,34,145579
38743,3.4e-05,172.31.33.0-255,66,1769,34,145579
38744,3.8e-05,172.217.194.0-255,2902,4671,34,145579
38745,4e-05,172.31.33.0-255,66,4737,34,145579
38746,4.6e-05,172.217.194.0-255,7156,11893,34,145579
38747,5e-05,172.31.33.0-255,66,11959,34,145579
38748,5.4e-05,172.217.194.0-255,4879,16838,34,145579
38749,5.7e-05,172.31.33.0-255,66,16904,34,145579
38750,7.4e-05,172.217.194.0-255,1484,18388,34,145579
38751,7.7e-05,172.31.33.0-255,66,18454,34,145579
38752,9.1e-05,172.31.33.0-255,66,18520,34,145579
38753,0.000105,172.217.194.0-255,2543,21063,34,145579
38754,0.000106,172.31.33.0-255,66,21129,34,145579
38755,0.000154,172.217.194.0-255,2902,24031,34,145579
38756,0.000158,172.31.33.0-255,66,24097,34,145579
38757,0.000186,172.31.33.0-255,66,24163,34,145579
38758,0.000189,172.217.194.0-255,1484,25647,34,145579
38759,0.000191,172.31.33.0-255,66,25713,34,145579
38760,0.000195,172.217.194.0-255,4320,30033,34,145579
38761,0.000197,172.31.33.0-255,66,30099,34,145579
38762,0.000226,172.31.33.0-255,66,30165,34,145579
38763,0.000228,172.217.194.0-255,113,30278,34,145579
38764,0.000229,172.31.33.0-255,66,30344,34,145579
38765,0.000231,172.217.194.0-255,381,30725,34,145579
38766,0.000233,172.31.33.0-255,66,30791,34,145579
38767,0.000395,172.217.194.0-255,1484,32275,34,145579
38768,0.000399,172.31.33.0-255,66,32341,34,145579
38769,0.000402,172.217.194.0-255,1484,33825,34,145579
38770,0.000417,172.217.194.0-255,1484,35309,34,145579
38771,0.00042,172.31.33.0-255,66,35375,34,145579
38772,0.000426,172.217.194.0-255,5738,41113,34,145579
38773,0.000428,172.31.33.0-255,66,41179,34,145579
38774,0.000453,172.31.33.0-255,66,41245,34,145579
38775,0.000479,172.217.194.0-255,1484,42729,34,145579
38776,0.00049,172.31.33.0-255,66,42795,34,145579
38777,0.000641,172.217.194.0-255,1484,44279,34,145579
38778,0.000653,172.217.194.0-255,2902,47181,34,145579
38779,0.000655,172.31.33.0-255,66,47247,34,145579
38780,0.000676,172.217.194.0-255,5738,52985,34,145579
38781,0.000678,172.31.33.0-255,66,53051,34,145579
38782,0.000684,172.217.194.0-255,5738,58789,34,145579
38783,0.000686,172.31.33.0-255,66,58855,34,145579
38784,0.00071,172.217.194.0-255,7156,66011,34,145579
38785,0.000713,172.31.33.0-255,66,66077,34,145579
38786,0.00074,172.217.194.0-255,7156,73233,34,145579
38787,0.000743,172.31.33.0-255,66,73299,34,145579
38788,0.000764,172.217.194.0-255,3602,76901,34,145579
38789,0.000766,172.31.33.0-255,66,76967,34,145579
38790,0.000777,172.31.33.0-255,66,77033,34,145579
38791,0.00079,172.31.33.0-255,66,77099,34,145579
38792,0.000808,172.217.194.0-255,7156,84255,34,145579
38793,0.000811,172.31.33.0-255,66,84321,34,145579
38794,0.000814,172.217.194.0-255,2184,86505,34,145579
38795,0.000816,172.31.33.0-255,66,86571,34,145579
38796,0.000904,172.217.194.0-255,1484,88055,34,145579
38797,0.000909,172.217.194.0-255,2902,90957,34,145579
38798,0.000911,172.31.33.0-255,66,91023,34,145579
38799,0.000931,172.217.194.0-255,5738,96761,34,145579
38800,0.000934,172.31.33.0-255,66,96827,34,145579
38801,0.000954,172.217.194.0-255,5738,102565,34,145579
38802,0.000956,172.31.33.0-255,66,102631,34,145579
38803,0.000978,172.217.194.0-255,7156,109787,34,145579
38804,0.000981,172.31.33.0-255,66,109853,34,145579
38805,0.000992,172.31.33.0-255,66,109919,34,145579
38806,0.001105,172.217.194.0-255,1484,111403,34,145579
38807,0.001108,172.217.194.0-255,1484,112887,34,145579
38808,0.001111,172.31.33.0-255,66,112953,34,145579
38809,0.00113,172.217.194.0-255,1484,114437,34,145579
38810,0.001135,172.217.194.0-255,5738,120175,34,145579
38811,0.001137,172.31.33.0-255,66,120241,34,145579
38812,0.001141,172.217.194.0-255,2902,123143,34,145579
38813,0.001143,172.31.33.0-255,66,123209,34,145579
38814,0.001165,172.31.33.0-255,66,123275,34,145579
38815,0.001167,172.217.194.0-255,1484,124759,34,145579
38816,0.001197,172.31.33.0-255,66,124825,34,145579
38817,0.001199,172.217.194.0-255,1484,126309,34,145579
38818,0.001222,172.31.33.0-255,66,126375,34,145579
38819,0.001234,172.217.194.0-255,1484,127859,34,145579
38820,0.001267,172.31.33.0-255,66,127925,34,145579
38821,0.001286,172.217.194.0-255,1484,129409,34,145579
38822,0.001298,172.31.33.0-255,66,129475,34,145579
38823,0.001327,172.31.33.0-255,66,129541,34,145579
38824,0.001392,172.31.33.0-255,66,129607,34,145579
38825,0.001402,172.31.33.0-255,66,129673,34,145579
38826,0.001412,172.31.33.0-255,66,129739,34,145579
38827,0.001428,172.217.194.0-255,2902,132641,34,145579
38828,0.00143,172.31.33.0-255,66,132707,34,145579
38829,0.001466,172.31.33.0-255,66,132773,34,145579
38830,0.001478,172.31.33.0-255,66,132839,34,145579
38831,0.001489,172.31.33.0-255,66,132905,34,145579
38832,0.001526,172.217.194.0-255,5738,138643,34,145579
38833,0.001529,172.31.33.0-255,66,138709,34,145579
38834,0.001551,172.31.33.0-255,66,138775,34,145579
38835,0.001576,172.217.194.0-255,6438,145213,34,145579
38836,0.001579,172.31.33.0-255,66,145279,34,145579
38837,0.00159,172.31.33.0-255,66,145345,34,145579
38838,0.001599,172.217.194.0-255,105,145450,34,145579
38839,0.001602,172.217.194.0-255,129,145579,34,145579
38840,0.0,74.125.24.0-255,143,143,34,222139
38841,1.6e-05,172.31.33.0-255,66,209,34,222139
38842,2.2e-05,74.125.24.0-255,1484,1693,34,222139
38843,2.7e-05,172.31.33.0-255,66,1759,34,222139
38844,3.3e-05,74.125.24.0-255,2902,4661,34,222139
38845,3.8e-05,172.31.33.0-255,66,4727,34,222139
38846,7e-05,74.125.24.0-255,7156,11883,34,222139
38847,7.3e-05,172.31.33.0-255,66,11949,34,222139
38848,7.8e-05,74.125.24.0-255,2902,14851,34,222139
38849,8e-05,172.31.33.0-255,66,14917,34,222139
38850,9.6e-05,74.125.24.0-255,6246,21163,34,222139
38851,9.9e-05,172.31.33.0-255,66,21229,34,222139
38852,0.000133,172.31.33.0-255,66,21295,34,222139
38853,0.000258,74.125.24.0-255,1484,22779,34,222139
38854,0.000263,172.31.33.0-255,66,22845,34,222139
38855,0.000282,74.125.24.0-255,2902,25747,34,222139
38856,0.000285,172.31.33.0-255,66,25813,34,222139
38857,0.00029,74.125.24.0-255,2902,28715,34,222139
38858,0.000293,172.31.33.0-255,66,28781,34,222139
38859,0.000309,74.125.24.0-255,2902,31683,34,222139
38860,0.000311,172.31.33.0-255,66,31749,34,222139
38861,0.000351,172.31.33.0-255,66,31815,34,222139
38862,0.000355,74.125.24.0-255,2902,34717,34,222139
38863,0.000358,172.31.33.0-255,66,34783,34,222139
38864,0.000386,74.125.24.0-255,7156,41939,34,222139
38865,0.000388,172.31.33.0-255,66,42005,34,222139
38866,0.000404,74.125.24.0-255,4270,46275,34,222139
38867,0.000407,172.31.33.0-255,66,46341,34,222139
38868,0.000548,74.125.24.0-255,111,46452,34,222139
38869,0.000553,172.31.33.0-255,66,46518,34,222139
38870,0.000682,74.125.24.0-255,1484,48002,34,222139
38871,0.000689,74.125.24.0-255,2902,50904,34,222139
38872,0.000693,172.31.33.0-255,66,50970,34,222139
38873,0.000727,74.125.24.0-255,1484,52454,34,222139
38874,0.000761,74.125.24.0-255,4320,56774,34,222139
38875,0.000765,172.31.33.0-255,66,56840,34,222139
38876,0.000779,172.31.33.0-255,66,56906,34,222139
38877,0.000784,74.125.24.0-255,4320,61226,34,222139
38878,0.000786,172.31.33.0-255,66,61292,34,222139
38879,0.000817,74.125.24.0-255,5622,66914,34,222139
38880,0.00082,172.31.33.0-255,66,66980,34,222139
38881,0.000976,74.125.24.0-255,1484,68464,34,222139
38882,0.000983,74.125.24.0-255,2902,71366,34,222139
38883,0.000986,172.31.33.0-255,66,71432,34,222139
38884,0.000991,74.125.24.0-255,2902,74334,34,222139
38885,0.000993,172.31.33.0-255,66,74400,34,222139
38886,0.00101,74.125.24.0-255,2902,77302,34,222139
38887,0.001012,172.31.33.0-255,66,77368,34,222139
38888,0.001019,74.125.24.0-255,5738,83106,34,222139
38889,0.001021,172.31.33.0-255,66,83172,34,222139
38890,0.001026,74.125.24.0-255,4320,87492,34,222139
38891,0.001029,172.31.33.0-255,66,87558,34,222139
38892,0.001049,74.125.24.0-255,2902,90460,34,222139
38893,0.001052,172.31.33.0-255,66,90526,34,222139
38894,0.001056,74.125.24.0-255,2902,93428,34,222139
38895,0.001059,172.31.33.0-255,66,93494,34,222139
38896,0.001082,172.31.33.0-255,66,93560,34,222139
38897,0.002076,74.125.24.0-255,1484,95044,34,222139
38898,0.002085,74.125.24.0-255,2902,97946,34,222139
38899,0.002089,172.31.33.0-255,66,98012,34,222139
38900,0.002094,74.125.24.0-255,1484,99496,34,222139
38901,0.002112,74.125.24.0-255,4320,103816,34,222139
38902,0.002114,172.31.33.0-255,66,103882,34,222139
38903,0.002141,172.31.33.0-255,66,103948,34,222139
38904,0.002151,74.125.24.0-255,1484,105432,34,222139
38905,0.002179,74.125.24.0-255,4320,109752,34,222139
38906,0.002181,172.31.33.0-255,66,109818,34,222139
38907,0.002199,74.125.24.0-255,6438,116256,34,222139
38908,0.002201,172.31.33.0-255,66,116322,34,222139
38909,0.002252,74.125.24.0-255,1484,117806,34,222139
38910,0.002267,74.125.24.0-255,2902,120708,34,222139
38911,0.002269,172.31.33.0-255,66,120774,34,222139
38912,0.002274,74.125.24.0-255,2902,123676,34,222139
38913,0.002275,172.31.33.0-255,66,123742,34,222139
38914,0.002288,74.125.24.0-255,2902,126644,34,222139
38915,0.00229,172.31.33.0-255,66,126710,34,222139
38916,0.002309,74.125.24.0-255,1484,128194,34,222139
38917,0.002322,74.125.24.0-255,5738,133932,34,222139
38918,0.002325,172.31.33.0-255,66,133998,34,222139
38919,0.002349,74.125.24.0-255,5738,139736,34,222139
38920,0.002351,172.31.33.0-255,66,139802,34,222139
38921,0.002363,172.31.33.0-255,66,139868,34,222139
38922,0.002575,74.125.24.0-255,1484,141352,34,222139
38923,0.00258,74.125.24.0-255,2902,144254,34,222139
38924,0.002583,172.31.33.0-255,66,144320,34,222139
38925,0.002605,74.125.24.0-255,5738,150058,34,222139
38926,0.002607,172.31.33.0-255,66,150124,34,222139
38927,0.002622,74.125.24.0-255,2902,153026,34,222139
38928,0.002624,172.31.33.0-255,66,153092,34,222139
38929,0.002645,74.125.24.0-255,5738,158830,34,222139
38930,0.002647,172.31.33.0-255,66,158896,34,222139
38931,0.00265,74.125.24.0-255,1484,160380,34,222139
38932,0.002653,74.125.24.0-255,1484,161864,34,222139
38933,0.002654,172.31.33.0-255,66,161930,34,222139
38934,0.002679,172.31.33.0-255,66,161996,34,222139
38935,0.002683,74.125.24.0-255,2184,164180,34,222139
38936,0.002685,172.31.33.0-255,66,164246,34,222139
38937,0.002775,74.125.24.0-255,1484,165730,34,222139
38938,0.002779,74.125.24.0-255,2902,168632,34,222139
38939,0.00278,172.31.33.0-255,66,168698,34,222139
38940,0.002783,74.125.24.0-255,1484,170182,34,222139
38941,0.0028,74.125.24.0-255,4320,174502,34,222139
38942,0.002802,172.31.33.0-255,66,174568,34,222139
38943,0.002818,74.125.24.0-255,2902,177470,34,222139
38944,0.00282,172.31.33.0-255,66,177536,34,222139
38945,0.002854,172.31.33.0-255,66,177602,34,222139
38946,0.002863,172.31.33.0-255,66,177668,34,222139
38947,0.002897,74.125.24.0-255,7156,184824,34,222139
38948,0.0029,172.31.33.0-255,66,184890,34,222139
38949,0.002917,74.125.24.0-255,2184,187074,34,222139
38950,0.002918,172.31.33.0-255,66,187140,34,222139
38951,0.002931,172.31.33.0-255,66,187206,34,222139
38952,0.002941,172.31.33.0-255,66,187272,34,222139
38953,0.002968,74.125.24.0-255,6438,193710,34,222139
38954,0.002971,172.31.33.0-255,66,193776,34,222139
38955,0.002977,74.125.24.0-255,5738,199514,34,222139
38956,0.002979,172.31.33.0-255,66,199580,34,222139
38957,0.002981,74.125.24.0-255,1484,201064,34,222139
38958,0.003,74.125.24.0-255,2902,203966,34,222139
38959,0.003002,172.31.33.0-255,66,204032,34,222139
38960,0.003033,172.31.33.0-255,66,204098,34,222139
38961,0.003054,74.125.24.0-255,2184,206282,34,222139
38962,0.003056,172.31.33.0-255,66,206348,34,222139
38963,0.003058,74.125.24.0-255,1484,207832,34,222139
38964,0.003061,172.31.33.0-255,78,207910,34,222139
38965,0.003076,172.31.33.0-255,66,207976,34,222139
38966,0.003082,74.125.24.0-255,7156,215132,34,222139
38967,0.003085,172.31.33.0-255,66,215198,34,222139
38968,0.003118,172.31.33.0-255,66,215264,34,222139
38969,0.00315,172.31.33.0-255,66,215330,34,222139
38970,0.003157,74.125.24.0-255,6370,221700,34,222139
38971,0.003159,172.31.33.0-255,66,221766,34,222139
38972,0.003161,74.125.24.0-255,97,221863,34,222139
38973,0.003164,74.125.24.0-255,105,221968,34,222139
38974,0.0089,172.31.33.0-255,66,222034,34,222139
38975,0.008933,172.31.33.0-255,105,222139,34,222139
38976,0.0,74.125.24.0-255,153,153,34,245766
38977,2.1e-05,172.31.33.0-255,66,219,34,245766
38978,2.8e-05,74.125.24.0-255,1484,1703,34,245766
38979,3.3e-05,172.31.33.0-255,66,1769,34,245766
38980,4.5e-05,74.125.24.0-255,2902,4671,34,245766
38981,4.8e-05,172.31.33.0-255,66,4737,34,245766
38982,5.4e-05,74.125.24.0-255,5738,10475,34,245766
38983,5.7e-05,172.31.33.0-255,66,10541,34,245766
38984,6.4e-05,74.125.24.0-255,6228,16769,34,245766
38985,6.6e-05,172.31.33.0-255,66,16835,34,245766
38986,0.000101,172.31.33.0-255,66,16901,34,245766
38987,0.000173,74.125.24.0-255,1484,18385,34,245766
38988,0.000176,172.31.33.0-255,66,18451,34,245766
38989,0.000211,74.125.24.0-255,1484,19935,34,245766
38990,0.000213,172.31.33.0-255,66,20001,34,245766
38991,0.00024,74.125.24.0-255,1484,21485,34,245766
38992,0.000242,172.31.33.0-255,66,21551,34,245766
38993,0.000249,74.125.24.0-255,5738,27289,34,245766
38994,0.000251,172.31.33.0-255,66,27355,34,245766
38995,0.000264,172.31.33.0-255,66,27421,34,245766
38996,0.000274,172.31.33.0-255,66,27487,34,245766
38997,0.000295,74.125.24.0-255,1434,28921,34,245766
38998,0.000297,172.31.33.0-255,66,28987,34,245766
38999,0.000336,74.125.24.0-255,113,29100,34,245766
39000,0.000338,172.31.33.0-255,66,29166,34,245766
39001,0.00036,74.125.24.0-255,330,29496,34,245766
39002,0.000362,172.31.33.0-255,66,29562,34,245766
39003,0.000645,74.125.24.0-255,1484,31046,34,245766
39004,0.000658,172.31.33.0-255,66,31112,34,245766
39005,0.000665,74.125.24.0-255,2902,34014,34,245766
39006,0.000668,172.31.33.0-255,66,34080,34,245766
39007,0.00068,74.125.24.0-255,5738,39818,34,245766
39008,0.000682,172.31.33.0-255,66,39884,34,245766
39009,0.000718,172.31.33.0-255,66,39950,34,245766
39010,0.000725,74.125.24.0-255,5738,45688,34,245766
39011,0.000727,172.31.33.0-255,66,45754,34,245766
39012,0.00077,74.125.24.0-255,5020,50774,34,245766
39013,0.000773,172.31.33.0-255,66,50840,34,245766
39014,0.001131,74.125.24.0-255,1484,52324,34,245766
39015,0.001137,74.125.24.0-255,2902,55226,34,245766
39016,0.00114,172.31.33.0-255,66,55292,34,245766
39017,0.001146,74.125.24.0-255,2902,58194,34,245766
39018,0.001149,172.31.33.0-255,66,58260,34,245766
39019,0.001169,74.125.24.0-255,2902,61162,34,245766
39020,0.001176,172.31.33.0-255,66,61228,34,245766
39021,0.001184,74.125.24.0-255,7156,68384,34,245766
39022,0.001186,172.31.33.0-255,66,68450,34,245766
39023,0.00122,74.125.24.0-255,5738,74188,34,245766
39024,0.001224,172.31.33.0-255,66,74254,34,245766
39025,0.001267,172.31.33.0-255,66,74320,34,245766
39026,0.001302,172.31.33.0-255,66,74386,34,245766
39027,0.001338,172.31.33.0-255,66,74452,34,245766
39028,0.001345,74.125.24.0-255,5738,80190,34,245766
39029,0.001347,172.31.33.0-255,66,80256,34,245766
39030,0.001393,74.125.24.0-255,4320,84576,34,245766
39031,0.001397,172.31.33.0-255,66,84642,34,245766
39032,0.001419,74.125.24.0-255,5020,89662,34,245766
39033,0.001422,172.31.33.0-255,66,89728,34,245766
39034,0.001449,74.125.24.0-255,1484,91212,34,245766
39035,0.001454,74.125.24.0-255,2902,94114,34,245766
39036,0.001456,172.31.33.0-255,66,94180,34,245766
39037,0.001463,74.125.24.0-255,5738,99918,34,245766
39038,0.001483,172.31.33.0-255,66,99984,34,245766
39039,0.001515,74.125.24.0-255,1484,101468,34,245766
39040,0.00153,172.31.33.0-255,66,101534,34,245766
39041,0.001553,172.31.33.0-255,66,101600,34,245766
39042,0.001562,74.125.24.0-255,766,102366,34,245766
39043,0.001863,74.125.24.0-255,1484,103850,34,245766
39044,0.001868,172.31.33.0-255,66,103916,34,245766
39045,0.001873,74.125.24.0-255,2902,106818,34,245766
39046,0.001876,74.125.24.0-255,1484,108302,34,245766
39047,0.001885,172.31.33.0-255,66,108368,34,245766
39048,0.001913,74.125.24.0-255,4320,112688,34,245766
39049,0.001919,74.125.24.0-255,5738,118426,34,245766
39050,0.001977,74.125.24.0-255,4320,122746,34,245766
39051,0.001983,74.125.24.0-255,5020,127766,34,245766
39052,0.001991,172.31.33.0-255,66,127832,34,245766
39053,0.00204,74.125.24.0-255,1484,129316,34,245766
39054,0.002056,74.125.24.0-255,2902,132218,34,245766
39055,0.00206,172.31.33.0-255,66,132284,34,245766
39056,0.002064,74.125.24.0-255,1484,133768,34,245766
39057,0.002088,74.125.24.0-255,4320,138088,34,245766
39058,0.002123,74.125.24.0-255,4320,142408,34,245766
39059,0.002145,74.125.24.0-255,2184,144592,34,245766
39060,0.002156,74.125.24.0-255,2902,147494,34,245766
39061,0.002172,74.125.24.0-255,2902,150396,34,245766
39062,0.002174,74.125.24.0-255,1484,151880,34,245766
39063,0.002189,74.125.24.0-255,1484,153364,34,245766
39064,0.002191,74.125.24.0-255,1484,154848,34,245766
39065,0.002212,74.125.24.0-255,1484,156332,34,245766
39066,0.002215,74.125.24.0-255,1484,157816,34,245766
39067,0.002253,74.125.24.0-255,5738,163554,34,245766
39068,0.002256,74.125.24.0-255,1484,165038,34,245766
39069,0.002269,74.125.24.0-255,4320,169358,34,245766
39070,0.00228,74.125.24.0-255,1484,170842,34,245766
39071,0.002282,74.125.24.0-255,1484,172326,34,245766
39072,0.002299,74.125.24.0-255,2902,175228,34,245766
39073,0.002337,74.125.24.0-255,1484,176712,34,245766
39074,0.002352,74.125.24.0-255,2184,178896,34,245766
39075,0.002423,74.125.24.0-255,1484,180380,34,245766
39076,0.002452,74.125.24.0-255,2902,183282,34,245766
39077,0.002459,74.125.24.0-255,5738,189020,34,245766
39078,0.002509,74.125.24.0-255,5738,194758,34,245766
39079,0.002521,74.125.24.0-255,4320,199078,34,245766
39080,0.002561,74.125.24.0-255,2184,201262,34,245766
39081,0.00264,74.125.24.0-255,1484,202746,34,245766
39082,0.002654,74.125.24.0-255,2902,205648,34,245766
39083,0.002667,74.125.24.0-255,1484,207132,34,245766
39084,0.002681,74.125.24.0-255,2902,210034,34,245766
39085,0.002684,74.125.24.0-255,1484,211518,34,245766
39086,0.002701,74.125.24.0-255,5738,217256,34,245766
39087,0.002723,74.125.24.0-255,4320,221576,34,245766
39088,0.002725,74.125.24.0-255,1484,223060,34,245766
39089,0.002765,74.125.24.0-255,4320,227380,34,245766
39090,0.002813,74.125.24.0-255,4320,231700,34,245766
39091,0.002815,74.125.24.0-255,1484,233184,34,245766
39092,0.002863,74.125.24.0-255,7156,240340,34,245766
39093,0.002885,74.125.24.0-255,5255,245595,34,245766
39094,0.0029,74.125.24.0-255,105,245700,34,245766
39095,0.009606,172.31.33.0-255,66,245766,34,245766
39096,0.0,172.217.194.0-255,217,217,34,198377
39097,2.1e-05,172.31.33.0-255,66,283,34,198377
39098,2.7e-05,172.217.194.0-255,1484,1767,34,198377
39099,3.1e-05,172.31.33.0-255,66,1833,34,198377
39100,3.4e-05,172.217.194.0-255,1484,3317,34,198377
39101,3.6e-05,172.31.33.0-255,66,3383,34,198377
39102,5.3e-05,172.217.194.0-255,2902,6285,34,198377
39103,5.5e-05,172.31.33.0-255,66,6351,34,198377
39104,5.8e-05,172.217.194.0-255,1484,7835,34,198377
39105,5.9e-05,172.31.33.0-255,66,7901,34,198377
39106,8.5e-05,172.217.194.0-255,6137,14038,34,198377
39107,8.7e-05,172.31.33.0-255,66,14104,34,198377
39108,0.000101,172.217.194.0-255,2902,17006,34,198377
39109,0.000103,172.31.33.0-255,66,17072,34,198377
39110,0.000133,172.217.194.0-255,5738,22810,34,198377
39111,0.000136,172.31.33.0-255,66,22876,34,198377
39112,0.000141,172.217.194.0-255,7156,30032,34,198377
39113,0.000145,172.31.33.0-255,66,30098,34,198377
39114,0.000158,172.217.194.0-255,1125,31223,34,198377
39115,0.000161,172.31.33.0-255,66,31289,34,198377
39116,0.000195,172.217.194.0-255,1484,32773,34,198377
39117,0.000197,172.31.33.0-255,66,32839,34,198377
39118,0.000214,172.217.194.0-255,1484,34323,34,198377
39119,0.000216,172.31.33.0-255,66,34389,34,198377
39120,0.000238,172.217.194.0-255,1484,35873,34,198377
39121,0.000241,172.31.33.0-255,66,35939,34,198377
39122,0.000247,172.217.194.0-255,5738,41677,34,198377
39123,0.000249,172.31.33.0-255,66,41743,34,198377
39124,0.000253,172.217.194.0-255,2902,44645,34,198377
39125,0.000255,172.31.33.0-255,66,44711,34,198377
39126,0.000297,172.31.33.0-255,66,44777,34,198377
39127,0.000307,172.217.194.0-255,364,45141,34,198377
39128,0.000309,172.31.33.0-255,66,45207,34,198377
39129,0.000337,172.217.194.0-255,379,45586,34,198377
39130,0.000586,172.217.194.0-255,1484,47070,34,198377
39131,0.00059,172.31.33.0-255,66,47136,34,198377
39132,0.000595,172.217.194.0-255,2902,50038,34,198377
39133,0.000597,172.31.33.0-255,66,50104,34,198377
39134,0.000613,172.217.194.0-255,5738,55842,34,198377
39135,0.000615,172.31.33.0-255,66,55908,34,198377
39136,0.000653,172.31.33.0-255,66,55974,34,198377
39137,0.000701,172.31.33.0-255,66,56040,34,198377
39138,0.00109,172.217.194.0-255,1484,57524,34,198377
39139,0.0011,172.217.194.0-255,2902,60426,34,198377
39140,0.001103,172.31.33.0-255,66,60492,34,198377
39141,0.00111,172.217.194.0-255,4320,64812,34,198377
39142,0.001112,172.31.33.0-255,66,64878,34,198377
39143,0.001146,172.217.194.0-255,1484,66362,34,198377
39144,0.001157,172.217.194.0-255,1484,67846,34,198377
39145,0.001162,172.31.33.0-255,66,67912,34,198377
39146,0.001218,172.217.194.0-255,5738,73650,34,198377
39147,0.001223,172.31.33.0-255,66,73716,34,198377
39148,0.001247,172.217.194.0-255,3602,77318,34,198377
39149,0.00125,172.31.33.0-255,66,77384,34,198377
39150,0.001254,172.217.194.0-255,1484,78868,34,198377
39151,0.001257,172.217.194.0-255,2902,81770,34,198377
39152,0.001259,172.31.33.0-255,66,81836,34,198377
39153,0.001265,172.217.194.0-255,5738,87574,34,198377
39154,0.001266,172.31.33.0-255,66,87640,34,198377
39155,0.00127,172.217.194.0-255,2902,90542,34,198377
39156,0.001272,172.31.33.0-255,66,90608,34,198377
39157,0.001303,172.31.33.0-255,66,90674,34,198377
39158,0.001308,172.217.194.0-255,4320,94994,34,198377
39159,0.00131,172.31.33.0-255,66,95060,34,198377
39160,0.001328,172.217.194.0-255,1484,96544,34,198377
39161,0.001351,172.217.194.0-255,5020,101564,34,198377
39162,0.001355,172.31.33.0-255,66,101630,34,198377
39163,0.001358,172.217.194.0-255,1484,103114,34,198377
39164,0.001379,172.217.194.0-255,5738,108852,34,198377
39165,0.001382,172.31.33.0-255,66,108918,34,198377
39166,0.001392,172.31.33.0-255,66,108984,34,198377
39167,0.001406,172.217.194.0-255,4320,113304,34,198377
39168,0.001409,172.31.33.0-255,66,113370,34,198377
39169,0.001431,172.217.194.0-255,2902,116272,34,198377
39170,0.001434,172.31.33.0-255,66,116338,34,198377
39171,0.001459,172.31.33.0-255,66,116404,34,198377
39172,0.001473,172.217.194.0-255,5020,121424,34,198377
39173,0.001476,172.31.33.0-255,66,121490,34,198377
39174,0.001505,172.31.33.0-255,66,121556,34,198377
39175,0.001519,172.217.194.0-255,7156,128712,34,198377
39176,0.001523,172.217.194.0-255,3602,132314,34,198377
39177,0.001527,172.217.194.0-255,4320,136634,34,198377
39178,0.001547,172.217.194.0-255,1484,138118,34,198377
39179,0.001554,172.217.194.0-255,4320,142438,34,198377
39180,0.001559,172.31.33.0-255,66,142504,34,198377
39181,0.001605,172.31.33.0-255,66,142570,34,198377
39182,0.001624,172.217.194.0-255,1484,144054,34,198377
39183,0.001629,172.217.194.0-255,2902,146956,34,198377
39184,0.001649,172.217.194.0-255,5738,152694,34,198377
39185,0.001701,172.31.33.0-255,66,152760,34,198377
39186,0.001719,172.217.194.0-255,4320,157080,34,198377
39187,0.001732,172.31.33.0-255,66,157146,34,198377
39188,0.00175,172.31.33.0-255,66,157212,34,198377
39189,0.001759,172.217.194.0-255,2902,160114,34,198377
39190,0.001835,172.217.194.0-255,1484,161598,34,198377
39191,0.001841,172.217.194.0-255,6438,168036,34,198377
39192,0.001845,172.217.194.0-255,2902,170938,34,198377
39193,0.001856,172.217.194.0-255,4320,175258,34,198377
39194,0.001872,172.217.194.0-255,2902,178160,34,198377
39195,0.001884,172.217.194.0-255,7156,185316,34,198377
39196,0.0019,172.217.194.0-255,1484,186800,34,198377
39197,0.001941,172.217.194.0-255,5738,192538,34,198377
39198,0.001977,172.217.194.0-255,5563,198101,34,198377
39199,0.001985,172.217.194.0-255,105,198206,34,198377
39200,0.006944,172.31.33.0-255,66,198272,34,198377
39201,0.009243,172.31.33.0-255,105,198377,34,198377
39202,0.0,74.125.24.0-255,152,152,34,85927
39203,1.7e-05,172.31.33.0-255,66,218,34,85927
39204,2.3e-05,74.125.24.0-255,1484,1702,34,85927
39205,2.8e-05,172.31.33.0-255,66,1768,34,85927
39206,3.2e-05,74.125.24.0-255,2902,4670,34,85927
39207,3.5e-05,172.31.33.0-255,66,4736,34,85927
39208,5.8e-05,74.125.24.0-255,4320,9056,34,85927
39209,6e-05,172.31.33.0-255,66,9122,34,85927
39210,7.7e-05,74.125.24.0-255,2902,12024,34,85927
39211,7.9e-05,172.31.33.0-255,66,12090,34,85927
39212,0.000184,74.125.24.0-255,2012,14102,34,85927
39213,0.000188,172.31.33.0-255,66,14168,34,85927
39214,0.000212,74.125.24.0-255,2902,17070,34,85927
39215,0.000214,172.31.33.0-255,66,17136,34,85927
39216,0.000257,74.125.24.0-255,7156,24292,34,85927
39217,0.000261,172.31.33.0-255,66,24358,34,85927
39218,0.000378,74.125.24.0-255,4320,28678,34,85927
39219,0.000382,172.31.33.0-255,66,28744,34,85927
39220,0.000413,172.31.33.0-255,66,28810,34,85927
39221,0.000636,74.125.24.0-255,5738,34548,34,85927
39222,0.00064,172.31.33.0-255,66,34614,34,85927
39223,0.000661,172.31.33.0-255,66,34680,34,85927
39224,0.000904,172.31.33.0-255,66,34746,34,85927
39225,0.001029,74.125.24.0-255,333,35079,34,85927
39226,0.001033,172.31.33.0-255,66,35145,34,85927
39227,0.001101,74.125.24.0-255,7156,42301,34,85927
39228,0.001105,172.31.33.0-255,66,42367,34,85927
39229,0.001131,172.31.33.0-255,66,42433,34,85927
39230,0.001413,172.31.33.0-255,66,42499,34,85927
39231,0.001431,74.125.24.0-255,6438,48937,34,85927
39232,0.001434,172.31.33.0-255,66,49003,34,85927
39233,0.001814,172.31.33.0-255,66,49069,34,85927
39234,0.001871,172.31.33.0-255,66,49135,34,85927
39235,0.002599,74.125.24.0-255,4320,53455,34,85927
39236,0.002602,172.31.33.0-255,66,53521,34,85927
39237,0.002652,172.31.33.0-255,66,53587,34,85927
39238,0.002679,172.31.33.0-255,66,53653,34,85927
39239,0.00363,74.125.24.0-255,7156,60809,34,85927
39240,0.003633,172.31.33.0-255,66,60875,34,85927
39241,0.003669,172.31.33.0-255,66,60941,34,85927
39242,0.004241,74.125.24.0-255,1484,62425,34,85927
39243,0.004267,74.125.24.0-255,7156,69581,34,85927
39244,0.004675,172.31.33.0-255,66,69647,34,85927
39245,0.005273,74.125.24.0-255,4320,73967,34,85927
39246,0.005278,172.31.33.0-255,66,74033,34,85927
39247,0.005344,172.31.33.0-255,66,74099,34,85927
39248,0.005395,172.31.33.0-255,66,74165,34,85927
39249,0.005428,172.31.33.0-255,66,74231,34,85927
39250,0.006327,74.125.24.0-255,5738,79969,34,85927
39251,0.006331,172.31.33.0-255,66,80035,34,85927
39252,0.006422,74.125.24.0-255,5655,85690,34,85927
39253,0.006426,172.31.33.0-255,66,85756,34,85927
39254,0.007053,172.31.33.0-255,105,85861,34,85927
39255,0.009097,74.125.24.0-255,66,85927,34,85927
39256,0.0,74.125.24.0-255,153,153,34,151111
39257,2.7e-05,172.31.33.0-255,66,219,34,151111
39258,3.4e-05,74.125.24.0-255,1484,1703,34,151111
39259,3.7e-05,172.31.33.0-255,66,1769,34,151111
39260,4.2e-05,74.125.24.0-255,2902,4671,34,151111
39261,4.6e-05,172.31.33.0-255,66,4737,34,151111
39262,5.9e-05,74.125.24.0-255,7156,11893,34,151111
39263,6.2e-05,172.31.33.0-255,66,11959,34,151111
39264,6.4e-05,74.125.24.0-255,1484,13443,34,151111
39265,6.6e-05,172.31.33.0-255,66,13509,34,151111
39266,9.9e-05,74.125.24.0-255,667,14176,34,151111
39267,0.000102,172.31.33.0-255,66,14242,34,151111
39268,0.000159,74.125.24.0-255,1484,15726,34,151111
39269,0.000162,172.31.33.0-255,66,15792,34,151111
39270,0.000167,74.125.24.0-255,2902,18694,34,151111
39271,0.00017,172.31.33.0-255,66,18760,34,151111
39272,0.000206,74.125.24.0-255,5738,24498,34,151111
39273,0.00021,172.31.33.0-255,66,24564,34,151111
39274,0.000245,172.31.33.0-255,66,24630,34,151111
39275,0.00025,74.125.24.0-255,2902,27532,34,151111
39276,0.000253,172.31.33.0-255,66,27598,34,151111
39277,0.000285,172.31.33.0-255,66,27664,34,151111
39278,0.000287,74.125.24.0-255,1125,28789,34,151111
39279,0.000291,172.31.33.0-255,66,28855,34,151111
39280,0.000382,74.125.24.0-255,1484,30339,34,151111
39281,0.000386,172.31.33.0-255,66,30405,34,151111
39282,0.000391,74.125.24.0-255,2902,33307,34,151111
39283,0.000394,172.31.33.0-255,66,33373,34,151111
39284,0.000406,74.125.24.0-255,5738,39111,34,151111
39285,0.00041,172.31.33.0-255,66,39177,34,151111
39286,0.000465,172.31.33.0-255,66,39243,34,151111
39287,0.000488,74.125.24.0-255,1484,40727,34,151111
39288,0.0005,74.125.24.0-255,1484,42211,34,151111
39289,0.000503,172.31.33.0-255,66,42277,34,151111
39290,0.000525,74.125.24.0-255,1484,43761,34,151111
39291,0.000531,74.125.24.0-255,5738,49499,34,151111
39292,0.000535,172.31.33.0-255,66,49565,34,151111
39293,0.000538,74.125.24.0-255,2902,52467,34,151111
39294,0.00054,172.31.33.0-255,66,52533,34,151111
39295,0.000576,172.31.33.0-255,66,52599,34,151111
39296,0.000612,172.31.33.0-255,66,52665,34,151111
39297,0.000635,74.125.24.0-255,1484,54149,34,151111
39298,0.000641,74.125.24.0-255,2902,57051,34,151111
39299,0.000644,172.31.33.0-255,66,57117,34,151111
39300,0.00065,74.125.24.0-255,5738,62855,34,151111
39301,0.000653,172.31.33.0-255,66,62921,34,151111
39302,0.000706,74.125.24.0-255,6814,69735,34,151111
39303,0.000711,172.31.33.0-255,66,69801,34,151111
39304,0.000736,74.125.24.0-255,2902,72703,34,151111
39305,0.000739,172.31.33.0-255,66,72769,34,151111
39306,0.000744,74.125.24.0-255,4320,77089,34,151111
39307,0.000747,172.31.33.0-255,66,77155,34,151111
39308,0.000763,172.31.33.0-255,66,77221,34,151111
39309,0.000791,74.125.24.0-255,5738,82959,34,151111
39310,0.000797,172.31.33.0-255,66,83025,34,151111
39311,0.000822,172.31.33.0-255,66,83091,34,151111
39312,0.001185,74.125.24.0-255,1484,84575,34,151111
39313,0.001191,74.125.24.0-255,1484,86059,34,151111
39314,0.001194,172.31.33.0-255,66,86125,34,151111
39315,0.001221,74.125.24.0-255,1484,87609,34,151111
39316,0.001227,74.125.24.0-255,5738,93347,34,151111
39317,0.00123,172.31.33.0-255,66,93413,34,151111
39318,0.001237,74.125.24.0-255,7156,100569,34,151111
39319,0.00124,172.31.33.0-255,66,100635,34,151111
39320,0.00127,74.125.24.0-255,5738,106373,34,151111
39321,0.001273,172.31.33.0-255,66,106439,34,151111
39322,0.001283,172.31.33.0-255,66,106505,34,151111
39323,0.001314,74.125.24.0-255,2184,108689,34,151111
39324,0.001318,172.31.33.0-255,66,108755,34,151111
39325,0.001323,74.125.24.0-255,2902,111657,34,151111
39326,0.001326,172.31.33.0-255,66,111723,34,151111
39327,0.001329,74.125.24.0-255,7156,118879,34,151111
39328,0.001331,172.31.33.0-255,66,118945,34,151111
39329,0.001378,172.31.33.0-255,66,119011,34,151111
39330,0.001389,172.31.33.0-255,66,119077,34,151111
39331,0.00139,74.125.24.0-255,4320,123397,34,151111
39332,0.001394,172.31.33.0-255,66,123463,34,151111
39333,0.001442,172.31.33.0-255,66,123529,34,151111
39334,0.001453,172.31.33.0-255,66,123595,34,151111
39335,0.001491,74.125.24.0-255,1484,125079,34,151111
39336,0.001497,74.125.24.0-255,2902,127981,34,151111
39337,0.001501,172.31.33.0-255,66,128047,34,151111
39338,0.001507,74.125.24.0-255,5738,133785,34,151111
39339,0.001509,74.125.24.0-255,1484,135269,34,151111
39340,0.001511,172.31.33.0-255,66,135335,34,151111
39341,0.001561,172.31.33.0-255,66,135401,34,151111
39342,0.001574,172.31.33.0-255,66,135467,34,151111
39343,0.001623,74.125.24.0-255,1484,136951,34,151111
39344,0.001627,74.125.24.0-255,1484,138435,34,151111
39345,0.00163,172.31.33.0-255,66,138501,34,151111
39346,0.001655,74.125.24.0-255,1484,139985,34,151111
39347,0.001662,74.125.24.0-255,5738,145723,34,151111
39348,0.001665,172.31.33.0-255,66,145789,34,151111
39349,0.00167,74.125.24.0-255,4320,150109,34,151111
39350,0.001672,172.31.33.0-255,66,150175,34,151111
39351,0.001691,172.31.33.0-255,66,150241,34,151111
39352,0.001759,172.31.33.0-255,66,150307,34,151111
39353,0.001771,172.31.33.0-255,66,150373,34,151111
39354,0.001787,172.31.33.0-255,66,150439,34,151111
39355,0.001798,172.31.33.0-255,66,150505,34,151111
39356,0.001844,172.31.33.0-255,66,150571,34,151111
39357,0.001858,172.31.33.0-255,66,150637,34,151111
39358,0.001869,172.31.33.0-255,66,150703,34,151111
39359,0.00191,74.125.24.0-255,105,150808,34,151111
39360,0.001911,172.31.33.0-255,66,150874,34,151111
39361,0.003707,172.31.33.0-255,66,150940,34,151111
39362,0.003733,172.31.33.0-255,105,151045,34,151111
39363,0.005967,74.125.24.0-255,66,151111,34,151111
39364,0.0,74.125.24.0-255,153,153,34,138376
39365,2.2e-05,172.31.33.0-255,66,219,34,138376
39366,3e-05,74.125.24.0-255,1484,1703,34,138376
39367,3.5e-05,172.31.33.0-255,66,1769,34,138376
39368,4.1e-05,74.125.24.0-255,2902,4671,34,138376
39369,4.5e-05,172.31.33.0-255,66,4737,34,138376
39370,4.8e-05,74.125.24.0-255,1484,6221,34,138376
39371,5.1e-05,172.31.33.0-255,66,6287,34,138376
39372,8.1e-05,74.125.24.0-255,5738,12025,34,138376
39373,8.4e-05,172.31.33.0-255,66,12091,34,138376
39374,8.9e-05,74.125.24.0-255,2055,14146,34,138376
39375,9.1e-05,172.31.33.0-255,66,14212,34,138376
39376,0.000105,172.31.33.0-255,66,14278,34,138376
39377,0.000116,172.31.33.0-255,66,14344,34,138376
39378,0.000131,74.125.24.0-255,4320,18664,34,138376
39379,0.000134,172.31.33.0-255,66,18730,34,138376
39380,0.000163,172.31.33.0-255,66,18796,34,138376
39381,0.000208,74.125.24.0-255,1484,20280,34,138376
39382,0.00021,172.31.33.0-255,66,20346,34,138376
39383,0.000231,74.125.24.0-255,2902,23248,34,138376
39384,0.000233,172.31.33.0-255,66,23314,34,138376
39385,0.00024,74.125.24.0-255,5738,29052,34,138376
39386,0.000243,172.31.33.0-255,66,29118,34,138376
39387,0.000247,74.125.24.0-255,2902,32020,34,138376
39388,0.000249,172.31.33.0-255,66,32086,34,138376
39389,0.000271,74.125.24.0-255,3961,36047,34,138376
39390,0.000273,172.31.33.0-255,66,36113,34,138376
39391,0.000276,74.125.24.0-255,413,36526,34,138376
39392,0.000278,172.31.33.0-255,66,36592,34,138376
39393,0.000349,74.125.24.0-255,1484,38076,34,138376
39394,0.000355,74.125.24.0-255,2902,40978,34,138376
39395,0.000359,172.31.33.0-255,66,41044,34,138376
39396,0.000379,74.125.24.0-255,1484,42528,34,138376
39397,0.000387,74.125.24.0-255,7156,49684,34,138376
39398,0.00039,172.31.33.0-255,66,49750,34,138376
39399,0.000393,74.125.24.0-255,1484,51234,34,138376
39400,0.000419,172.31.33.0-255,66,51300,34,138376
39401,0.00044,74.125.24.0-255,4320,55620,34,138376
39402,0.000443,172.31.33.0-255,66,55686,34,138376
39403,0.000449,74.125.24.0-255,5020,60706,34,138376
39404,0.000451,172.31.33.0-255,66,60772,34,138376
39405,0.000963,74.125.24.0-255,1484,62256,34,138376
39406,0.000969,74.125.24.0-255,1484,63740,34,138376
39407,0.000973,172.31.33.0-255,66,63806,34,138376
39408,0.00099,74.125.24.0-255,1484,65290,34,138376
39409,0.000997,74.125.24.0-255,5738,71028,34,138376
39410,0.001,172.31.33.0-255,66,71094,34,138376
39411,0.001022,74.125.24.0-255,1484,72578,34,138376
39412,0.001061,172.31.33.0-255,66,72644,34,138376
39413,0.001109,172.31.33.0-255,66,72710,34,138376
39414,0.001283,74.125.24.0-255,1484,74194,34,138376
39415,0.00129,74.125.24.0-255,2902,77096,34,138376
39416,0.001294,172.31.33.0-255,66,77162,34,138376
39417,0.001317,74.125.24.0-255,5738,82900,34,138376
39418,0.001321,172.31.33.0-255,66,82966,34,138376
39419,0.001324,74.125.24.0-255,1484,84450,34,138376
39420,0.00134,74.125.24.0-255,5738,90188,34,138376
39421,0.001342,172.31.33.0-255,66,90254,34,138376
39422,0.001345,74.125.24.0-255,1484,91738,34,138376
39423,0.00138,172.31.33.0-255,66,91804,34,138376
39424,0.001385,74.125.24.0-255,2184,93988,34,138376
39425,0.001387,172.31.33.0-255,66,94054,34,138376
39426,0.001755,74.125.24.0-255,1484,95538,34,138376
39427,0.001763,74.125.24.0-255,2902,98440,34,138376
39428,0.001769,172.31.33.0-255,66,98506,34,138376
39429,0.001776,74.125.24.0-255,5738,104244,34,138376
39430,0.001778,172.31.33.0-255,66,104310,34,138376
39431,0.001782,74.125.24.0-255,1484,105794,34,138376
39432,0.001796,74.125.24.0-255,1484,107278,34,138376
39433,0.001798,172.31.33.0-255,66,107344,34,138376
39434,0.001803,74.125.24.0-255,2902,110246,34,138376
39435,0.001805,172.31.33.0-255,66,110312,34,138376
39436,0.001829,74.125.24.0-255,7156,117468,34,138376
39437,0.001831,172.31.33.0-255,66,117534,34,138376
39438,0.001836,74.125.24.0-255,2902,120436,34,138376
39439,0.001838,172.31.33.0-255,66,120502,34,138376
39440,0.001872,172.31.33.0-255,66,120568,34,138376
39441,0.004168,74.125.24.0-255,2902,123470,34,138376
39442,0.004173,172.31.33.0-255,66,123536,34,138376
39443,0.004188,74.125.24.0-255,2902,126438,34,138376
39444,0.00419,172.31.33.0-255,66,126504,34,138376
39445,0.006469,74.125.24.0-255,2902,129406,34,138376
39446,0.006476,172.31.33.0-255,66,129472,34,138376
39447,0.00651,74.125.24.0-255,2902,132374,34,138376
39448,0.006513,172.31.33.0-255,66,132440,34,138376
39449,0.008796,74.125.24.0-255,2902,135342,34,138376
39450,0.008802,172.31.33.0-255,66,135408,34,138376
39451,0.008821,74.125.24.0-255,2902,138310,34,138376
39452,0.008823,172.31.33.0-255,66,138376,34,138376
39453,0.0,74.125.24.0-255,153,153,34,274922
39454,2.6e-05,172.31.33.0-255,66,219,34,274922
39455,3.2e-05,74.125.24.0-255,1484,1703,34,274922
39456,3.6e-05,172.31.33.0-255,66,1769,34,274922
39457,4.1e-05,74.125.24.0-255,2902,4671,34,274922
39458,4.5e-05,172.31.33.0-255,66,4737,34,274922
39459,5.2e-05,74.125.24.0-255,7156,11893,34,274922
39460,5.6e-05,172.31.33.0-255,66,11959,34,274922
39461,6e-05,74.125.24.0-255,2092,14051,34,274922
39462,6.2e-05,172.31.33.0-255,66,14117,34,274922
39463,0.000187,74.125.24.0-255,1484,15601,34,274922
39464,0.000192,172.31.33.0-255,66,15667,34,274922
39465,0.000198,74.125.24.0-255,2902,18569,34,274922
39466,0.000201,172.31.33.0-255,66,18635,34,274922
39467,0.000204,74.125.24.0-255,1484,20119,34,274922
39468,0.000207,172.31.33.0-255,66,20185,34,274922
39469,0.000231,74.125.24.0-255,4320,24505,34,274922
39470,0.000234,172.31.33.0-255,66,24571,34,274922
39471,0.000276,172.31.33.0-255,66,24637,34,274922
39472,0.000295,74.125.24.0-255,2543,27180,34,274922
39473,0.000298,172.31.33.0-255,66,27246,34,274922
39474,0.000309,74.125.24.0-255,1484,28730,34,274922
39475,0.000313,172.31.33.0-255,66,28796,34,274922
39476,0.000343,172.31.33.0-255,66,28862,34,274922
39477,0.00094,74.125.24.0-255,1484,30346,34,274922
39478,0.000946,172.31.33.0-255,66,30412,34,274922
39479,0.000955,74.125.24.0-255,2902,33314,34,274922
39480,0.000958,172.31.33.0-255,66,33380,34,274922
39481,0.000965,74.125.24.0-255,5738,39118,34,274922
39482,0.000967,172.31.33.0-255,66,39184,34,274922
39483,0.000975,74.125.24.0-255,5738,44922,34,274922
39484,0.000977,172.31.33.0-255,66,44988,34,274922
39485,0.001006,74.125.24.0-255,7156,52144,34,274922
39486,0.001008,172.31.33.0-255,66,52210,34,274922
39487,0.001031,74.125.24.0-255,6797,59007,34,274922
39488,0.001034,172.31.33.0-255,66,59073,34,274922
39489,0.00104,74.125.24.0-255,4542,63615,34,274922
39490,0.001042,172.31.33.0-255,66,63681,34,274922
39491,0.001061,74.125.24.0-255,2902,66583,34,274922
39492,0.001064,172.31.33.0-255,66,66649,34,274922
39493,0.00109,74.125.24.0-255,4320,70969,34,274922
39494,0.001092,172.31.33.0-255,66,71035,34,274922
39495,0.001102,172.31.33.0-255,66,71101,34,274922
39496,0.001106,74.125.24.0-255,1125,72226,34,274922
39497,0.001351,74.125.24.0-255,1484,73710,34,274922
39498,0.001359,172.31.33.0-255,66,73776,34,274922
39499,0.001365,74.125.24.0-255,2902,76678,34,274922
39500,0.001368,172.31.33.0-255,66,76744,34,274922
39501,0.001373,74.125.24.0-255,2902,79646,34,274922
39502,0.001375,172.31.33.0-255,66,79712,34,274922
39503,0.001398,74.125.24.0-255,2902,82614,34,274922
39504,0.0014,172.31.33.0-255,66,82680,34,274922
39505,0.001404,74.125.24.0-255,2902,85582,34,274922
39506,0.001406,172.31.33.0-255,66,85648,34,274922
39507,0.001428,172.31.33.0-255,66,85714,34,274922
39508,0.001434,74.125.24.0-255,5738,91452,34,274922
39509,0.001437,172.31.33.0-255,66,91518,34,274922
39510,0.001476,74.125.24.0-255,5020,96538,34,274922
39511,0.001479,172.31.33.0-255,66,96604,34,274922
39512,0.001816,74.125.24.0-255,1484,98088,34,274922
39513,0.001826,74.125.24.0-255,2902,100990,34,274922
39514,0.001828,172.31.33.0-255,66,101056,34,274922
39515,0.001832,74.125.24.0-255,2902,103958,34,274922
39516,0.001834,172.31.33.0-255,66,104024,34,274922
39517,0.001844,74.125.24.0-255,2902,106926,34,274922
39518,0.001846,172.31.33.0-255,66,106992,34,274922
39519,0.001858,74.125.24.0-255,4320,111312,34,274922
39520,0.00186,172.31.33.0-255,66,111378,34,274922
39521,0.00189,172.31.33.0-255,66,111444,34,274922
39522,0.0019,172.31.33.0-255,66,111510,34,274922
39523,0.00203,74.125.24.0-255,1484,112994,34,274922
39524,0.002049,74.125.24.0-255,2902,115896,34,274922
39525,0.002051,172.31.33.0-255,66,115962,34,274922
39526,0.00207,74.125.24.0-255,5738,121700,34,274922
39527,0.002072,172.31.33.0-255,66,121766,34,274922
39528,0.002074,74.125.24.0-255,1484,123250,34,274922
39529,0.002098,74.125.24.0-255,2902,126152,34,274922
39530,0.0021,172.31.33.0-255,66,126218,34,274922
39531,0.002117,74.125.24.0-255,5738,131956,34,274922
39532,0.002119,172.31.33.0-255,66,132022,34,274922
39533,0.00213,74.125.24.0-255,2902,134924,34,274922
39534,0.002132,172.31.33.0-255,66,134990,34,274922
39535,0.00216,172.31.33.0-255,66,135056,34,274922
39536,0.002174,74.125.24.0-255,2184,137240,34,274922
39537,0.002175,172.31.33.0-255,66,137306,34,274922
39538,0.002368,74.125.24.0-255,1484,138790,34,274922
39539,0.002375,74.125.24.0-255,2902,141692,34,274922
39540,0.002379,172.31.33.0-255,66,141758,34,274922
39541,0.002403,74.125.24.0-255,5738,147496,34,274922
39542,0.002406,172.31.33.0-255,66,147562,34,274922
39543,0.002412,74.125.24.0-255,5738,153300,34,274922
39544,0.002415,172.31.33.0-255,66,153366,34,274922
39545,0.002431,74.125.24.0-255,7156,160522,34,274922
39546,0.002434,172.31.33.0-255,66,160588,34,274922
39547,0.002444,172.31.33.0-255,66,160654,34,274922
39548,0.002456,74.125.24.0-255,2184,162838,34,274922
39549,0.002458,172.31.33.0-255,66,162904,34,274922
39550,0.002574,74.125.24.0-255,1484,164388,34,274922
39551,0.002591,74.125.24.0-255,2902,167290,34,274922
39552,0.002593,172.31.33.0-255,66,167356,34,274922
39553,0.002599,74.125.24.0-255,5738,173094,34,274922
39554,0.002601,172.31.33.0-255,66,173160,34,274922
39555,0.002625,74.125.24.0-255,5738,178898,34,274922
39556,0.002628,172.31.33.0-255,66,178964,34,274922
39557,0.002645,74.125.24.0-255,7156,186120,34,274922
39558,0.002648,172.31.33.0-255,66,186186,34,274922
39559,0.002653,74.125.24.0-255,2902,189088,34,274922
39560,0.002655,172.31.33.0-255,66,189154,34,274922
39561,0.002676,74.125.24.0-255,5738,194892,34,274922
39562,0.00268,172.31.33.0-255,66,194958,34,274922
39563,0.002698,74.125.24.0-255,2902,197860,34,274922
39564,0.002701,172.31.33.0-255,66,197926,34,274922
39565,0.002716,74.125.24.0-255,5738,203664,34,274922
39566,0.002719,172.31.33.0-255,66,203730,34,274922
39567,0.00277,172.31.33.0-255,66,203796,34,274922
39568,0.002787,74.125.24.0-255,2184,205980,34,274922
39569,0.002791,172.31.33.0-255,66,206046,34,274922
39570,0.002799,172.31.33.0-255,66,206112,34,274922
39571,0.002801,74.125.24.0-255,1484,207596,34,274922
39572,0.002805,74.125.24.0-255,2902,210498,34,274922
39573,0.002807,172.31.33.0-255,66,210564,34,274922
39574,0.002812,74.125.24.0-255,5738,216302,34,274922
39575,0.002814,172.31.33.0-255,66,216368,34,274922
39576,0.002819,74.125.24.0-255,4320,220688,34,274922
39577,0.002821,172.31.33.0-255,66,220754,34,274922
39578,0.002839,74.125.24.0-255,5738,226492,34,274922
39579,0.002842,172.31.33.0-255,66,226558,34,274922
39580,0.002864,74.125.24.0-255,5738,232296,34,274922
39581,0.002866,172.31.33.0-255,66,232362,34,274922
39582,0.002883,74.125.24.0-255,2902,235264,34,274922
39583,0.002885,172.31.33.0-255,66,235330,34,274922
39584,0.002906,74.125.24.0-255,5020,240350,34,274922
39585,0.002909,172.31.33.0-255,66,240416,34,274922
39586,0.002959,74.125.24.0-255,1484,241900,34,274922
39587,0.002976,74.125.24.0-255,2902,244802,34,274922
39588,0.002979,172.31.33.0-255,66,244868,34,274922
39589,0.002997,74.125.24.0-255,4320,249188,34,274922
39590,0.003,172.31.33.0-255,66,249254,34,274922
39591,0.003018,74.125.24.0-255,1484,250738,34,274922
39592,0.003022,74.125.24.0-255,4320,255058,34,274922
39593,0.003025,172.31.33.0-255,66,255124,34,274922
39594,0.003045,74.125.24.0-255,5738,260862,34,274922
39595,0.003048,172.31.33.0-255,66,260928,34,274922
39596,0.00306,172.31.33.0-255,66,260994,34,274922
39597,0.003066,74.125.24.0-255,7156,268150,34,274922
39598,0.003069,172.31.33.0-255,66,268216,34,274922
39599,0.003096,74.125.24.0-255,766,268982,34,274922
39600,0.003101,74.125.24.0-255,2902,271884,34,274922
39601,0.003103,172.31.33.0-255,66,271950,34,274922
39602,0.003116,172.31.33.0-255,66,272016,34,274922
39603,0.003116,74.125.24.0-255,2401,274417,34,274922
39604,0.003118,74.125.24.0-255,97,274514,34,274922
39605,0.003125,172.31.33.0-255,66,274580,34,274922
39606,0.003152,74.125.24.0-255,105,274685,34,274922
39607,0.00444,172.31.33.0-255,66,274751,34,274922
39608,0.004463,172.31.33.0-255,105,274856,34,274922
39609,0.006441,74.125.24.0-255,66,274922,34,274922
39610,0.0,74.125.68.0-255,153,153,34,322023
39611,2.3e-05,172.31.33.0-255,66,219,34,322023
39612,3.1e-05,74.125.68.0-255,1484,1703,34,322023
39613,3.6e-05,172.31.33.0-255,66,1769,34,322023
39614,4.2e-05,74.125.68.0-255,2902,4671,34,322023
39615,4.5e-05,172.31.33.0-255,66,4737,34,322023
39616,5e-05,74.125.68.0-255,2902,7639,34,322023
39617,5.2e-05,172.31.33.0-255,66,7705,34,322023
39618,8.3e-05,74.125.68.0-255,4320,12025,34,322023
39619,8.6e-05,172.31.33.0-255,66,12091,34,322023
39620,9e-05,74.125.68.0-255,2057,14148,34,322023
39621,9.3e-05,172.31.33.0-255,66,14214,34,322023
39622,0.000422,74.125.68.0-255,1484,15698,34,322023
39623,0.000427,74.125.68.0-255,1484,17182,34,322023
39624,0.000438,172.31.33.0-255,66,17248,34,322023
39625,0.000442,172.31.33.0-255,66,17314,34,322023
39626,0.000446,74.125.68.0-255,1484,18798,34,322023
39627,0.000449,172.31.33.0-255,66,18864,34,322023
39628,0.000454,74.125.68.0-255,4320,23184,34,322023
39629,0.000456,172.31.33.0-255,66,23250,34,322023
39630,0.000481,74.125.68.0-255,4320,27570,34,322023
39631,0.000484,172.31.33.0-255,66,27636,34,322023
39632,0.000501,74.125.68.0-255,1484,29120,34,322023
39633,0.000503,172.31.33.0-255,66,29186,34,322023
39634,0.000507,74.125.68.0-255,2543,31729,34,322023
39635,0.000509,172.31.33.0-255,66,31795,34,322023
39636,0.00064,74.125.68.0-255,1484,33279,34,322023
39637,0.000651,172.31.33.0-255,66,33345,34,322023
39638,0.000655,74.125.68.0-255,1484,34829,34,322023
39639,0.000658,172.31.33.0-255,66,34895,34,322023
39640,0.000671,74.125.68.0-255,2902,37797,34,322023
39641,0.000674,172.31.33.0-255,66,37863,34,322023
39642,0.000697,74.125.68.0-255,5738,43601,34,322023
39643,0.0007,172.31.33.0-255,66,43667,34,322023
39644,0.000703,74.125.68.0-255,1484,45151,34,322023
39645,0.000721,74.125.68.0-255,2902,48053,34,322023
39646,0.000724,172.31.33.0-255,66,48119,34,322023
39647,0.000768,74.125.68.0-255,3961,52080,34,322023
39648,0.000772,172.31.33.0-255,66,52146,34,322023
39649,0.000776,74.125.68.0-255,2902,55048,34,322023
39650,0.000779,172.31.33.0-255,66,55114,34,322023
39651,0.000793,74.125.68.0-255,1484,56598,34,322023
39652,0.000805,74.125.68.0-255,1484,58082,34,322023
39653,0.000808,172.31.33.0-255,66,58148,34,322023
39654,0.000829,74.125.68.0-255,4320,62468,34,322023
39655,0.000832,172.31.33.0-255,66,62534,34,322023
39656,0.00086,74.125.68.0-255,4274,66808,34,322023
39657,0.000864,172.31.33.0-255,66,66874,34,322023
39658,0.000883,74.125.68.0-255,109,66983,34,322023
39659,0.001132,74.125.68.0-255,331,67314,34,322023
39660,0.00117,172.31.33.0-255,66,67380,34,322023
39661,0.002022,74.125.68.0-255,1484,68864,34,322023
39662,0.002033,74.125.68.0-255,2902,71766,34,322023
39663,0.002038,172.31.33.0-255,66,71832,34,322023
39664,0.002046,74.125.68.0-255,5738,77570,34,322023
39665,0.002048,172.31.33.0-255,66,77636,34,322023
39666,0.002075,74.125.68.0-255,4320,81956,34,322023
39667,0.002077,172.31.33.0-255,66,82022,34,322023
39668,0.002098,74.125.68.0-255,5738,87760,34,322023
39669,0.0021,172.31.33.0-255,66,87826,34,322023
39670,0.002118,74.125.68.0-255,1484,89310,34,322023
39671,0.002148,172.31.33.0-255,66,89376,34,322023
39672,0.002152,74.125.68.0-255,2184,91560,34,322023
39673,0.002154,172.31.33.0-255,66,91626,34,322023
39674,0.002609,74.125.68.0-255,1484,93110,34,322023
39675,0.002623,74.125.68.0-255,1484,94594,34,322023
39676,0.002625,172.31.33.0-255,66,94660,34,322023
39677,0.002628,74.125.68.0-255,1484,96144,34,322023
39678,0.002653,74.125.68.0-255,2902,99046,34,322023
39679,0.002655,172.31.33.0-255,66,99112,34,322023
39680,0.002681,74.125.68.0-255,2902,102014,34,322023
39681,0.002683,172.31.33.0-255,66,102080,34,322023
39682,0.002703,74.125.68.0-255,4320,106400,34,322023
39683,0.002705,172.31.33.0-255,66,106466,34,322023
39684,0.002735,74.125.68.0-255,5738,112204,34,322023
39685,0.002738,172.31.33.0-255,66,112270,34,322023
39686,0.002755,74.125.68.0-255,2902,115172,34,322023
39687,0.002758,172.31.33.0-255,66,115238,34,322023
39688,0.002769,172.31.33.0-255,66,115304,34,322023
39689,0.002772,74.125.68.0-255,766,116070,34,322023
39690,0.003244,74.125.68.0-255,1484,117554,34,322023
39691,0.003247,172.31.33.0-255,66,117620,34,322023
39692,0.00325,74.125.68.0-255,1484,119104,34,322023
39693,0.003264,74.125.68.0-255,1484,120588,34,322023
39694,0.003267,172.31.33.0-255,66,120654,34,322023
39695,0.003273,74.125.68.0-255,5738,126392,34,322023
39696,0.003276,172.31.33.0-255,66,126458,34,322023
39697,0.003297,74.125.68.0-255,1484,127942,34,322023
39698,0.0033,74.125.68.0-255,1484,129426,34,322023
39699,0.003302,172.31.33.0-255,66,129492,34,322023
39700,0.003305,74.125.68.0-255,1484,130976,34,322023
39701,0.003327,74.125.68.0-255,1484,132460,34,322023
39702,0.00333,172.31.33.0-255,66,132526,34,322023
39703,0.003332,74.125.68.0-255,1484,134010,34,322023
39704,0.003344,74.125.68.0-255,1484,135494,34,322023
39705,0.003347,172.31.33.0-255,66,135560,34,322023
39706,0.003364,74.125.68.0-255,2902,138462,34,322023
39707,0.003367,172.31.33.0-255,66,138528,34,322023
39708,0.003371,74.125.68.0-255,2902,141430,34,322023
39709,0.003374,172.31.33.0-255,66,141496,34,322023
39710,0.003411,74.125.68.0-255,1484,142980,34,322023
39711,0.003431,74.125.68.0-255,7156,150136,34,322023
39712,0.003433,172.31.33.0-255,66,150202,34,322023
39713,0.003436,74.125.68.0-255,766,150968,34,322023
39714,0.003441,74.125.68.0-255,5738,156706,34,322023
39715,0.003444,172.31.33.0-255,66,156772,34,322023
39716,0.00345,74.125.68.0-255,7156,163928,34,322023
39717,0.003453,172.31.33.0-255,66,163994,34,322023
39718,0.003484,172.31.33.0-255,66,164060,34,322023
39719,0.003497,74.125.68.0-255,2902,166962,34,322023
39720,0.003499,172.31.33.0-255,66,167028,34,322023
39721,0.003521,172.31.33.0-255,66,167094,34,322023
39722,0.003546,74.125.68.0-255,5738,172832,34,322023
39723,0.003548,172.31.33.0-255,66,172898,34,322023
39724,0.003564,74.125.68.0-255,2184,175082,34,322023
39725,0.003566,172.31.33.0-255,66,175148,34,322023
39726,0.003598,74.125.68.0-255,2902,178050,34,322023
39727,0.0036,172.31.33.0-255,66,178116,34,322023
39728,0.003624,74.125.68.0-255,4320,182436,34,322023
39729,0.003627,172.31.33.0-255,66,182502,34,322023
39730,0.003658,74.125.68.0-255,4320,186822,34,322023
39731,0.003661,172.31.33.0-255,66,186888,34,322023
39732,0.003695,74.125.68.0-255,2902,189790,34,322023
39733,0.003698,172.31.33.0-255,66,189856,34,322023
39734,0.003721,74.125.68.0-255,1484,191340,34,322023
39735,0.003731,74.125.68.0-255,1484,192824,34,322023
39736,0.003734,172.31.33.0-255,66,192890,34,322023
39737,0.003751,74.125.68.0-255,1484,194374,34,322023
39738,0.003776,74.125.68.0-255,2902,197276,34,322023
39739,0.003778,172.31.33.0-255,66,197342,34,322023
39740,0.003799,74.125.68.0-255,5020,202362,34,322023
39741,0.003802,172.31.33.0-255,66,202428,34,322023
39742,0.003919,74.125.68.0-255,1484,203912,34,322023
39743,0.003922,74.125.68.0-255,1484,205396,34,322023
39744,0.003924,172.31.33.0-255,66,205462,34,322023
39745,0.003941,74.125.68.0-255,1484,206946,34,322023
39746,0.003954,74.125.68.0-255,2902,209848,34,322023
39747,0.003957,172.31.33.0-255,66,209914,34,322023
39748,0.003981,74.125.68.0-255,4320,214234,34,322023
39749,0.003984,172.31.33.0-255,66,214300,34,322023
39750,0.004007,74.125.68.0-255,7156,221456,34,322023
39751,0.00401,172.31.33.0-255,66,221522,34,322023
39752,0.004028,74.125.68.0-255,2902,224424,34,322023
39753,0.004031,172.31.33.0-255,66,224490,34,322023
39754,0.004059,74.125.68.0-255,5738,230228,34,322023
39755,0.004062,172.31.33.0-255,66,230294,34,322023
39756,0.004068,74.125.68.0-255,6438,236732,34,322023
39757,0.00407,172.31.33.0-255,66,236798,34,322023
39758,0.004169,74.125.68.0-255,1484,238282,34,322023
39759,0.004189,74.125.68.0-255,2902,241184,34,322023
39760,0.004192,172.31.33.0-255,66,241250,34,322023
39761,0.004196,74.125.68.0-255,2902,244152,34,322023
39762,0.004199,172.31.33.0-255,66,244218,34,322023
39763,0.004211,74.125.68.0-255,2902,247120,34,322023
39764,0.004214,172.31.33.0-255,66,247186,34,322023
39765,0.004217,74.125.68.0-255,1484,248670,34,322023
39766,0.004242,74.125.68.0-255,5738,254408,34,322023
39767,0.004245,172.31.33.0-255,66,254474,34,322023
39768,0.004283,172.31.33.0-255,66,254540,34,322023
39769,0.004306,74.125.68.0-255,3602,258142,34,322023
39770,0.004308,172.31.33.0-255,66,258208,34,322023
39771,0.004311,74.125.68.0-255,1484,259692,34,322023
39772,0.004327,74.125.68.0-255,2902,262594,34,322023
39773,0.00433,172.31.33.0-255,66,262660,34,322023
39774,0.004345,74.125.68.0-255,4320,266980,34,322023
39775,0.004347,172.31.33.0-255,66,267046,34,322023
39776,0.004367,74.125.68.0-255,5738,272784,34,322023
39777,0.00437,172.31.33.0-255,66,272850,34,322023
39778,0.004375,74.125.68.0-255,4320,277170,34,322023
39779,0.004377,172.31.33.0-255,66,277236,34,322023
39780,0.004408,74.125.68.0-255,5738,282974,34,322023
39781,0.004411,172.31.33.0-255,66,283040,34,322023
39782,0.004432,74.125.68.0-255,4320,287360,34,322023
39783,0.004435,172.31.33.0-255,66,287426,34,322023
39784,0.004449,74.125.68.0-255,2902,290328,34,322023
39785,0.004451,172.31.33.0-255,66,290394,34,322023
39786,0.004473,172.31.33.0-255,66,290460,34,322023
39787,0.004546,74.125.68.0-255,2902,293362,34,322023
39788,0.004574,74.125.68.0-255,3602,296964,34,322023
39789,0.004633,74.125.68.0-255,1484,298448,34,322023
39790,0.004636,74.125.68.0-255,1484,299932,34,322023
39791,0.004652,74.125.68.0-255,1484,301416,34,322023
39792,0.004655,74.125.68.0-255,1484,302900,34,322023
39793,0.004671,74.125.68.0-255,1484,304384,34,322023
39794,0.004674,74.125.68.0-255,1484,305868,34,322023
39795,0.004693,74.125.68.0-255,5738,311606,34,322023
39796,0.00471,74.125.68.0-255,2902,314508,34,322023
39797,0.004744,74.125.68.0-255,7076,321584,34,322023
39798,0.004748,74.125.68.0-255,97,321681,34,322023
39799,0.004847,74.125.68.0-255,105,321786,34,322023
39800,0.005045,172.31.33.0-255,66,321852,34,322023
39801,0.00716,172.31.33.0-255,105,321957,34,322023
39802,0.00966,74.125.68.0-255,66,322023,34,322023
39803,0.0,74.125.200.0-255,146,146,34,320264
39804,2.5e-05,172.31.33.0-255,66,212,34,320264
39805,3e-05,74.125.200.0-255,1484,1696,34,320264
39806,3.5e-05,172.31.33.0-255,66,1762,34,320264
39807,4e-05,74.125.200.0-255,2902,4664,34,320264
39808,4.3e-05,172.31.33.0-255,66,4730,34,320264
39809,7.7e-05,74.125.200.0-255,7156,11886,34,320264
39810,8.1e-05,172.31.33.0-255,66,11952,34,320264
39811,0.000117,74.125.200.0-255,2019,13971,34,320264
39812,0.00012,172.31.33.0-255,66,14037,34,320264
39813,0.000139,74.125.200.0-255,2902,16939,34,320264
39814,0.000143,172.31.33.0-255,66,17005,34,320264
39815,0.000178,74.125.200.0-255,7156,24161,34,320264
39816,0.000183,172.31.33.0-255,66,24227,34,320264
39817,0.000249,74.125.200.0-255,6797,31024,34,320264
39818,0.000253,172.31.33.0-255,66,31090,34,320264
39819,0.000358,74.125.200.0-255,1484,32574,34,320264
39820,0.000363,172.31.33.0-255,66,32640,34,320264
39821,0.000367,74.125.200.0-255,1484,34124,34,320264
39822,0.000369,172.31.33.0-255,66,34190,34,320264
39823,0.000382,74.125.200.0-255,2902,37092,34,320264
39824,0.000385,172.31.33.0-255,66,37158,34,320264
39825,0.000388,74.125.200.0-255,1484,38642,34,320264
39826,0.000391,172.31.33.0-255,66,38708,34,320264
39827,0.000417,74.125.200.0-255,4320,43028,34,320264
39828,0.00042,172.31.33.0-255,66,43094,34,320264
39829,0.000423,74.125.200.0-255,1484,44578,34,320264
39830,0.000426,172.31.33.0-255,66,44644,34,320264
39831,0.000447,74.125.200.0-255,5379,50023,34,320264
39832,0.00045,172.31.33.0-255,66,50089,34,320264
39833,0.000455,74.125.200.0-255,7156,57245,34,320264
39834,0.000458,172.31.33.0-255,66,57311,34,320264
39835,0.000482,172.31.33.0-255,66,57377,34,320264
39836,0.0005,74.125.200.0-255,112,57489,34,320264
39837,0.000539,74.125.200.0-255,332,57821,34,320264
39838,0.000827,172.31.33.0-255,66,57887,34,320264
39839,0.00083,74.125.200.0-255,1484,59371,34,320264
39840,0.000846,74.125.200.0-255,2902,62273,34,320264
39841,0.000849,172.31.33.0-255,66,62339,34,320264
39842,0.000852,74.125.200.0-255,1484,63823,34,320264
39843,0.000874,74.125.200.0-255,4320,68143,34,320264
39844,0.000877,172.31.33.0-255,66,68209,34,320264
39845,0.000902,74.125.200.0-255,7156,75365,34,320264
39846,0.000905,172.31.33.0-255,66,75431,34,320264
39847,0.000949,172.31.33.0-255,66,75497,34,320264
39848,0.000969,74.125.200.0-255,5020,80517,34,320264
39849,0.000972,172.31.33.0-255,66,80583,34,320264
39850,0.001209,74.125.200.0-255,1484,82067,34,320264
39851,0.001228,74.125.200.0-255,2902,84969,34,320264
39852,0.001232,172.31.33.0-255,66,85035,34,320264
39853,0.001238,74.125.200.0-255,5738,90773,34,320264
39854,0.00124,172.31.33.0-255,66,90839,34,320264
39855,0.001297,74.125.200.0-255,4320,95159,34,320264
39856,0.0013,172.31.33.0-255,66,95225,34,320264
39857,0.001314,74.125.200.0-255,2902,98127,34,320264
39858,0.001317,172.31.33.0-255,66,98193,34,320264
39859,0.001326,172.31.33.0-255,66,98259,34,320264
39860,0.00133,74.125.200.0-255,2902,101161,34,320264
39861,0.001333,172.31.33.0-255,66,101227,34,320264
39862,0.001383,74.125.200.0-255,5020,106247,34,320264
39863,0.001387,172.31.33.0-255,66,106313,34,320264
39864,0.001517,74.125.200.0-255,1484,107797,34,320264
39865,0.001532,74.125.200.0-255,1484,109281,34,320264
39866,0.001535,172.31.33.0-255,66,109347,34,320264
39867,0.001538,74.125.200.0-255,1484,110831,34,320264
39868,0.001554,74.125.200.0-255,1484,112315,34,320264
39869,0.001556,172.31.33.0-255,66,112381,34,320264
39870,0.001559,74.125.200.0-255,1484,113865,34,320264
39871,0.001581,74.125.200.0-255,4320,118185,34,320264
39872,0.001584,172.31.33.0-255,66,118251,34,320264
39873,0.001587,74.125.200.0-255,1484,119735,34,320264
39874,0.001616,74.125.200.0-255,2902,122637,34,320264
39875,0.001618,172.31.33.0-255,66,122703,34,320264
39876,0.001634,74.125.200.0-255,2902,125605,34,320264
39877,0.001636,172.31.33.0-255,66,125671,34,320264
39878,0.00165,74.125.200.0-255,2902,128573,34,320264
39879,0.001653,172.31.33.0-255,66,128639,34,320264
39880,0.001659,74.125.200.0-255,7156,135795,34,320264
39881,0.001661,172.31.33.0-255,66,135861,34,320264
39882,0.001695,74.125.200.0-255,1484,137345,34,320264
39883,0.001714,74.125.200.0-255,3602,140947,34,320264
39884,0.001717,172.31.33.0-255,66,141013,34,320264
39885,0.002381,74.125.200.0-255,1484,142497,34,320264
39886,0.002396,74.125.200.0-255,1484,143981,34,320264
39887,0.0024,172.31.33.0-255,66,144047,34,320264
39888,0.002405,74.125.200.0-255,2902,146949,34,320264
39889,0.002407,172.31.33.0-255,66,147015,34,320264
39890,0.002419,74.125.200.0-255,2902,149917,34,320264
39891,0.002422,172.31.33.0-255,66,149983,34,320264
39892,0.002443,74.125.200.0-255,2902,152885,34,320264
39893,0.002445,172.31.33.0-255,66,152951,34,320264
39894,0.002451,74.125.200.0-255,4320,157271,34,320264
39895,0.002453,172.31.33.0-255,66,157337,34,320264
39896,0.00246,74.125.200.0-255,5738,163075,34,320264
39897,0.002461,172.31.33.0-255,66,163141,34,320264
39898,0.002484,74.125.200.0-255,4320,167461,34,320264
39899,0.002487,172.31.33.0-255,66,167527,34,320264
39900,0.002511,74.125.200.0-255,7156,174683,34,320264
39901,0.002513,172.31.33.0-255,66,174749,34,320264
39902,0.002516,74.125.200.0-255,766,175515,34,320264
39903,0.002656,172.31.33.0-255,66,175581,34,320264
39904,0.002722,74.125.200.0-255,1484,177065,34,320264
39905,0.002741,74.125.200.0-255,2902,179967,34,320264
39906,0.002744,172.31.33.0-255,66,180033,34,320264
39907,0.002748,74.125.200.0-255,1484,181517,34,320264
39908,0.002764,74.125.200.0-255,2902,184419,34,320264
39909,0.002767,172.31.33.0-255,66,184485,34,320264
39910,0.002792,74.125.200.0-255,5738,190223,34,320264
39911,0.002795,172.31.33.0-255,66,190289,34,320264
39912,0.002801,74.125.200.0-255,7156,197445,34,320264
39913,0.002804,172.31.33.0-255,66,197511,34,320264
39914,0.002843,74.125.200.0-255,7156,204667,34,320264
39915,0.002847,172.31.33.0-255,66,204733,34,320264
39916,0.002866,74.125.200.0-255,1484,206217,34,320264
39917,0.002871,74.125.200.0-255,2902,209119,34,320264
39918,0.002874,172.31.33.0-255,66,209185,34,320264
39919,0.002877,74.125.200.0-255,766,209951,34,320264
39920,0.002976,74.125.200.0-255,1484,211435,34,320264
39921,0.00298,172.31.33.0-255,66,211501,34,320264
39922,0.002999,74.125.200.0-255,2902,214403,34,320264
39923,0.003001,172.31.33.0-255,66,214469,34,320264
39924,0.003004,74.125.200.0-255,1484,215953,34,320264
39925,0.003024,74.125.200.0-255,2902,218855,34,320264
39926,0.003027,74.125.200.0-255,1484,220339,34,320264
39927,0.003028,172.31.33.0-255,66,220405,34,320264
39928,0.003057,74.125.200.0-255,7156,227561,34,320264
39929,0.00306,172.31.33.0-255,66,227627,34,320264
39930,0.003067,74.125.200.0-255,7156,234783,34,320264
39931,0.00307,172.31.33.0-255,66,234849,34,320264
39932,0.003113,172.31.33.0-255,66,234915,34,320264
39933,0.003116,74.125.200.0-255,766,235681,34,320264
39934,0.003118,74.125.200.0-255,1484,237165,34,320264
39935,0.00312,172.31.33.0-255,66,237231,34,320264
39936,0.00317,74.125.200.0-255,4320,241551,34,320264
39937,0.003174,172.31.33.0-255,66,241617,34,320264
39938,0.003184,172.31.33.0-255,66,241683,34,320264
39939,0.003195,172.31.33.0-255,66,241749,34,320264
39940,0.003198,74.125.200.0-255,1484,243233,34,320264
39941,0.00322,74.125.200.0-255,5738,248971,34,320264
39942,0.003224,172.31.33.0-255,66,249037,34,320264
39943,0.003252,74.125.200.0-255,3602,252639,34,320264
39944,0.003256,172.31.33.0-255,66,252705,34,320264
39945,0.003259,74.125.200.0-255,1484,254189,34,320264
39946,0.003279,74.125.200.0-255,2902,257091,34,320264
39947,0.003282,172.31.33.0-255,66,257157,34,320264
39948,0.003286,74.125.200.0-255,1484,258641,34,320264
39949,0.003311,172.31.33.0-255,66,258707,34,320264
39950,0.003316,74.125.200.0-255,4320,263027,34,320264
39951,0.003318,172.31.33.0-255,66,263093,34,320264
39952,0.003321,74.125.200.0-255,1484,264577,34,320264
39953,0.003346,74.125.200.0-255,2902,267479,34,320264
39954,0.003349,74.125.200.0-255,1484,268963,34,320264
39955,0.003351,172.31.33.0-255,66,269029,34,320264
39956,0.003351,74.125.200.0-255,1484,270513,34,320264
39957,0.003354,172.31.33.0-255,66,270579,34,320264
39958,0.003373,74.125.200.0-255,1484,272063,34,320264
39959,0.003389,74.125.200.0-255,1484,273547,34,320264
39960,0.003393,172.31.33.0-255,66,273613,34,320264
39961,0.003404,74.125.200.0-255,2902,276515,34,320264
39962,0.003407,172.31.33.0-255,66,276581,34,320264
39963,0.003409,74.125.200.0-255,766,277347,34,320264
39964,0.003765,172.31.33.0-255,66,277413,34,320264
39965,0.003817,74.125.200.0-255,1484,278897,34,320264
39966,0.003834,74.125.200.0-255,2902,281799,34,320264
39967,0.003836,172.31.33.0-255,66,281865,34,320264
39968,0.00385,74.125.200.0-255,2902,284767,34,320264
39969,0.003852,172.31.33.0-255,66,284833,34,320264
39970,0.003866,74.125.200.0-255,2902,287735,34,320264
39971,0.003868,172.31.33.0-255,66,287801,34,320264
39972,0.003872,74.125.200.0-255,2902,290703,34,320264
39973,0.003874,172.31.33.0-255,66,290769,34,320264
39974,0.003895,74.125.200.0-255,2902,293671,34,320264
39975,0.003897,172.31.33.0-255,66,293737,34,320264
39976,0.003912,74.125.200.0-255,1484,295221,34,320264
39977,0.003934,172.31.33.0-255,66,295287,34,320264
39978,0.003939,74.125.200.0-255,4320,299607,34,320264
39979,0.003941,172.31.33.0-255,66,299673,34,320264
39980,0.003976,74.125.200.0-255,4320,303993,34,320264
39981,0.003978,172.31.33.0-255,66,304059,34,320264
39982,0.003997,74.125.200.0-255,5020,309079,34,320264
39983,0.003999,172.31.33.0-255,66,309145,34,320264
39984,0.004017,172.31.33.0-255,66,309211,34,320264
39985,0.004038,74.125.200.0-255,1484,310695,34,320264
39986,0.004042,74.125.200.0-255,4320,315015,34,320264
39987,0.004044,172.31.33.0-255,66,315081,34,320264
39988,0.004047,74.125.200.0-255,1484,316565,34,320264
39989,0.004095,74.125.200.0-255,1484,318049,34,320264
39990,0.004096,172.31.33.0-255,66,318115,34,320264
39991,0.004108,74.125.200.0-255,1807,319922,34,320264
39992,0.00411,172.31.33.0-255,66,319988,34,320264
39993,0.004154,74.125.200.0-255,105,320093,34,320264
39994,0.007912,172.31.33.0-255,66,320159,34,320264
39995,0.00794,172.31.33.0-255,105,320264,34,320264
39996,0.0,74.125.200.0-255,148,148,34,304838
39997,1.4e-05,172.31.33.0-255,66,214,34,304838
39998,2.8e-05,74.125.200.0-255,1484,1698,34,304838
39999,3.2e-05,172.31.33.0-255,66,1764,34,304838
40000,4.8e-05,74.125.200.0-255,2902,4666,34,304838
40001,5e-05,172.31.33.0-255,66,4732,34,304838
40002,7.7e-05,74.125.200.0-255,4320,9052,34,304838
40003,7.8e-05,172.31.33.0-255,66,9118,34,304838
40004,9.2e-05,74.125.200.0-255,4320,13438,34,304838
40005,9.4e-05,172.31.33.0-255,66,13504,34,304838
40006,0.000116,74.125.200.0-255,4962,18466,34,304838
40007,0.000118,172.31.33.0-255,66,18532,34,304838
40008,0.000124,74.125.200.0-255,5738,24270,34,304838
40009,0.000125,172.31.33.0-255,66,24336,34,304838
40010,0.000161,74.125.200.0-255,6797,31133,34,304838
40011,0.000163,172.31.33.0-255,66,31199,34,304838
40012,0.000231,74.125.200.0-255,1484,32683,34,304838
40013,0.000234,172.31.33.0-255,66,32749,34,304838
40014,0.000252,74.125.200.0-255,2902,35651,34,304838
40015,0.000253,172.31.33.0-255,66,35717,34,304838
40016,0.000256,74.125.200.0-255,1484,37201,34,304838
40017,0.000258,172.31.33.0-255,66,37267,34,304838
40018,0.000274,74.125.200.0-255,2902,40169,34,304838
40019,0.000276,172.31.33.0-255,66,40235,34,304838
40020,0.000295,74.125.200.0-255,1484,41719,34,304838
40021,0.000297,172.31.33.0-255,66,41785,34,304838
40022,0.000318,74.125.200.0-255,4320,46105,34,304838
40023,0.00032,172.31.33.0-255,66,46171,34,304838
40024,0.000335,74.125.200.0-255,1484,47655,34,304838
40025,0.000336,172.31.33.0-255,66,47721,34,304838
40026,0.00036,74.125.200.0-255,5379,53100,34,304838
40027,0.000362,172.31.33.0-255,66,53166,34,304838
40028,0.000366,74.125.200.0-255,4320,57486,34,304838
40029,0.000368,172.31.33.0-255,66,57552,34,304838
40030,0.000372,74.125.200.0-255,4320,61872,34,304838
40031,0.000374,172.31.33.0-255,66,61938,34,304838
40032,0.000395,74.125.200.0-255,1484,63422,34,304838
40033,0.000399,74.125.200.0-255,2857,66279,34,304838
40034,0.000401,172.31.33.0-255,66,66345,34,304838
40035,0.000414,74.125.200.0-255,111,66456,34,304838
40036,0.000484,74.125.200.0-255,1484,67940,34,304838
40037,0.000487,172.31.33.0-255,66,68006,34,304838
40038,0.0005,74.125.200.0-255,2902,70908,34,304838
40039,0.000502,172.31.33.0-255,66,70974,34,304838
40040,0.000505,74.125.200.0-255,1484,72458,34,304838
40041,0.000525,74.125.200.0-255,2902,75360,34,304838
40042,0.000528,172.31.33.0-255,66,75426,34,304838
40043,0.000533,74.125.200.0-255,5738,81164,34,304838
40044,0.000535,172.31.33.0-255,66,81230,34,304838
40045,0.000547,74.125.200.0-255,2902,84132,34,304838
40046,0.000548,172.31.33.0-255,66,84198,34,304838
40047,0.000581,172.31.33.0-255,66,84264,34,304838
40048,0.000598,74.125.200.0-255,1484,85748,34,304838
40049,0.00062,74.125.200.0-255,3283,89031,34,304838
40050,0.000623,172.31.33.0-255,66,89097,34,304838
40051,0.000628,74.125.200.0-255,5738,94835,34,304838
40052,0.00063,172.31.33.0-255,66,94901,34,304838
40053,0.00067,74.125.200.0-255,7156,102057,34,304838
40054,0.000672,172.31.33.0-255,66,102123,34,304838
40055,0.00069,74.125.200.0-255,3961,106084,34,304838
40056,0.000692,172.31.33.0-255,66,106150,34,304838
40057,0.000923,74.125.200.0-255,1484,107634,34,304838
40058,0.000934,74.125.200.0-255,2902,110536,34,304838
40059,0.000936,172.31.33.0-255,66,110602,34,304838
40060,0.00096,74.125.200.0-255,5738,116340,34,304838
40061,0.000962,172.31.33.0-255,66,116406,34,304838
40062,0.000966,74.125.200.0-255,2902,119308,34,304838
40063,0.000967,172.31.33.0-255,66,119374,34,304838
40064,0.000972,74.125.200.0-255,4320,123694,34,304838
40065,0.000973,172.31.33.0-255,66,123760,34,304838
40066,0.000989,74.125.200.0-255,2902,126662,34,304838
40067,0.000991,172.31.33.0-255,66,126728,34,304838
40068,0.001009,74.125.200.0-255,5738,132466,34,304838
40069,0.001012,172.31.33.0-255,66,132532,34,304838
40070,0.00104,172.31.33.0-255,66,132598,34,304838
40071,0.001269,74.125.200.0-255,1484,134082,34,304838
40072,0.001281,74.125.200.0-255,1484,135566,34,304838
40073,0.001283,172.31.33.0-255,66,135632,34,304838
40074,0.0013,74.125.200.0-255,1484,137116,34,304838
40075,0.001317,74.125.200.0-255,5738,142854,34,304838
40076,0.001319,172.31.33.0-255,66,142920,34,304838
40077,0.001338,74.125.200.0-255,4320,147240,34,304838
40078,0.00134,172.31.33.0-255,66,147306,34,304838
40079,0.001361,74.125.200.0-255,2902,150208,34,304838
40080,0.001363,172.31.33.0-255,66,150274,34,304838
40081,0.001367,74.125.200.0-255,4320,154594,34,304838
40082,0.001369,172.31.33.0-255,66,154660,34,304838
40083,0.001381,74.125.200.0-255,2902,157562,34,304838
40084,0.001383,172.31.33.0-255,66,157628,34,304838
40085,0.001426,172.31.33.0-255,66,157694,34,304838
40086,0.001429,74.125.200.0-255,766,158460,34,304838
40087,0.001572,74.125.200.0-255,1484,159944,34,304838
40088,0.001575,172.31.33.0-255,66,160010,34,304838
40089,0.001586,74.125.200.0-255,2902,162912,34,304838
40090,0.001588,172.31.33.0-255,66,162978,34,304838
40091,0.001613,74.125.200.0-255,5738,168716,34,304838
40092,0.001615,172.31.33.0-255,66,168782,34,304838
40093,0.001619,74.125.200.0-255,2902,171684,34,304838
40094,0.00162,172.31.33.0-255,66,171750,34,304838
40095,0.001633,74.125.200.0-255,4320,176070,34,304838
40096,0.001636,172.31.33.0-255,66,176136,34,304838
40097,0.001658,74.125.200.0-255,5738,181874,34,304838
40098,0.00166,172.31.33.0-255,66,181940,34,304838
40099,0.001679,74.125.200.0-255,2902,184842,34,304838
40100,0.001681,172.31.33.0-255,66,184908,34,304838
40101,0.001685,74.125.200.0-255,4320,189228,34,304838
40102,0.001686,172.31.33.0-255,66,189294,34,304838
40103,0.001721,74.125.200.0-255,3602,192896,34,304838
40104,0.001725,172.31.33.0-255,66,192962,34,304838
40105,0.001843,74.125.200.0-255,1484,194446,34,304838
40106,0.001848,74.125.200.0-255,1484,195930,34,304838
40107,0.00185,172.31.33.0-255,66,195996,34,304838
40108,0.001866,74.125.200.0-255,1484,197480,34,304838
40109,0.001871,74.125.200.0-255,5738,203218,34,304838
40110,0.001873,172.31.33.0-255,66,203284,34,304838
40111,0.001893,74.125.200.0-255,7156,210440,34,304838
40112,0.001894,172.31.33.0-255,66,210506,34,304838
40113,0.001917,74.125.200.0-255,2902,213408,34,304838
40114,0.001919,172.31.33.0-255,66,213474,34,304838
40115,0.00196,172.31.33.0-255,66,213540,34,304838
40116,0.001964,74.125.200.0-255,2184,215724,34,304838
40117,0.001965,172.31.33.0-255,66,215790,34,304838
40118,0.002015,74.125.200.0-255,1484,217274,34,304838
40119,0.00202,74.125.200.0-255,2902,220176,34,304838
40120,0.002023,172.31.33.0-255,66,220242,34,304838
40121,0.002045,74.125.200.0-255,4320,224562,34,304838
40122,0.002048,172.31.33.0-255,66,224628,34,304838
40123,0.002054,74.125.200.0-255,5738,230366,34,304838
40124,0.002056,172.31.33.0-255,66,230432,34,304838
40125,0.002073,74.125.200.0-255,2902,233334,34,304838
40126,0.002075,172.31.33.0-255,66,233400,34,304838
40127,0.002096,172.31.33.0-255,66,233466,34,304838
40128,0.002101,74.125.200.0-255,5738,239204,34,304838
40129,0.002103,172.31.33.0-255,66,239270,34,304838
40130,0.002147,74.125.200.0-255,5738,245008,34,304838
40131,0.002152,172.31.33.0-255,66,245074,34,304838
40132,0.002182,172.31.33.0-255,66,245140,34,304838
40133,0.002212,172.31.33.0-255,66,245206,34,304838
40134,0.002225,74.125.200.0-255,3602,248808,34,304838
40135,0.002228,172.31.33.0-255,66,248874,34,304838
40136,0.002233,74.125.200.0-255,4320,253194,34,304838
40137,0.002235,172.31.33.0-255,66,253260,34,304838
40138,0.002281,172.31.33.0-255,66,253326,34,304838
40139,0.002288,74.125.200.0-255,7156,260482,34,304838
40140,0.00229,172.31.33.0-255,66,260548,34,304838
40141,0.002293,74.125.200.0-255,1484,262032,34,304838
40142,0.002296,74.125.200.0-255,1484,263516,34,304838
40143,0.002298,172.31.33.0-255,66,263582,34,304838
40144,0.002305,74.125.200.0-255,6438,270020,34,304838
40145,0.002308,172.31.33.0-255,66,270086,34,304838
40146,0.002331,74.125.200.0-255,4320,274406,34,304838
40147,0.002334,172.31.33.0-255,66,274472,34,304838
40148,0.002388,74.125.200.0-255,1484,275956,34,304838
40149,0.002416,74.125.200.0-255,4320,280276,34,304838
40150,0.00242,172.31.33.0-255,66,280342,34,304838
40151,0.002424,74.125.200.0-255,1484,281826,34,304838
40152,0.002434,74.125.200.0-255,5738,287564,34,304838
40153,0.002437,172.31.33.0-255,66,287630,34,304838
40154,0.002441,74.125.200.0-255,1484,289114,34,304838
40155,0.002461,172.31.33.0-255,66,289180,34,304838
40156,0.002469,74.125.200.0-255,5738,294918,34,304838
40157,0.002472,172.31.33.0-255,66,294984,34,304838
40158,0.002476,74.125.200.0-255,2184,297168,34,304838
40159,0.00248,172.31.33.0-255,66,297234,34,304838
40160,0.002483,74.125.200.0-255,1484,298718,34,304838
40161,0.002504,74.125.200.0-255,1484,300202,34,304838
40162,0.002508,172.31.33.0-255,66,300268,34,304838
40163,0.002511,74.125.200.0-255,1484,301752,34,304838
40164,0.002515,74.125.200.0-255,1484,303236,34,304838
40165,0.002518,172.31.33.0-255,66,303302,34,304838
40166,0.002522,74.125.200.0-255,1334,304636,34,304838
40167,0.002525,74.125.200.0-255,97,304733,34,304838
40168,0.002581,74.125.200.0-255,105,304838,34,304838
40169,0.0,172.217.160.0-255,153,153,34,227633
40170,3e-05,172.31.33.0-255,66,219,34,227633
40171,3.6e-05,172.217.160.0-255,1484,1703,34,227633
40172,4e-05,172.31.33.0-255,66,1769,34,227633
40173,4.5e-05,172.217.160.0-255,2902,4671,34,227633
40174,4.7e-05,172.31.33.0-255,66,4737,34,227633
40175,5.5e-05,172.217.160.0-255,7156,11893,34,227633
40176,5.8e-05,172.31.33.0-255,66,11959,34,227633
40177,7.1e-05,172.31.33.0-255,66,12025,34,227633
40178,9.5e-05,172.217.160.0-255,2032,14057,34,227633
40179,9.7e-05,172.31.33.0-255,66,14123,34,227633
40180,0.000113,172.217.160.0-255,1484,15607,34,227633
40181,0.000115,172.31.33.0-255,66,15673,34,227633
40182,0.000132,172.217.160.0-255,5379,21052,34,227633
40183,0.000134,172.31.33.0-255,66,21118,34,227633
40184,0.000158,172.217.160.0-255,2902,24020,34,227633
40185,0.00016,172.31.33.0-255,66,24086,34,227633
40186,0.000179,172.217.160.0-255,4320,28406,34,227633
40187,0.000182,172.31.33.0-255,66,28472,34,227633
40188,0.000208,172.31.33.0-255,66,28538,34,227633
40189,0.000226,172.217.160.0-255,6797,35335,34,227633
40190,0.000229,172.31.33.0-255,66,35401,34,227633
40191,0.000294,172.217.160.0-255,4320,39721,34,227633
40192,0.000297,172.31.33.0-255,66,39787,34,227633
40193,0.000311,172.217.160.0-255,2902,42689,34,227633
40194,0.000314,172.31.33.0-255,66,42755,34,227633
40195,0.000328,172.217.160.0-255,1484,44239,34,227633
40196,0.000331,172.31.33.0-255,66,44305,34,227633
40197,0.000343,172.217.160.0-255,2788,47093,34,227633
40198,0.000346,172.31.33.0-255,66,47159,34,227633
40199,0.000875,172.217.160.0-255,126,47285,34,227633
40200,0.000979,172.217.160.0-255,1484,48769,34,227633
40201,0.000984,172.31.33.0-255,66,48835,34,227633
40202,0.00099,172.217.160.0-255,2902,51737,34,227633
40203,0.000992,172.31.33.0-255,66,51803,34,227633
40204,0.000999,172.217.160.0-255,5738,57541,34,227633
40205,0.001001,172.31.33.0-255,66,57607,34,227633
40206,0.001051,172.31.33.0-255,66,57673,34,227633
40207,0.001102,172.217.160.0-255,1484,59157,34,227633
40208,0.001124,172.31.33.0-255,66,59223,34,227633
40209,0.001143,172.217.160.0-255,380,59603,34,227633
40210,0.001162,172.217.160.0-255,1484,61087,34,227633
40211,0.001165,172.31.33.0-255,66,61153,34,227633
40212,0.00117,172.217.160.0-255,4320,65473,34,227633
40213,0.001172,172.31.33.0-255,66,65539,34,227633
40214,0.001198,172.217.160.0-255,7156,72695,34,227633
40215,0.001201,172.31.33.0-255,66,72761,34,227633
40216,0.001215,172.217.160.0-255,2902,75663,34,227633
40217,0.001218,172.31.33.0-255,66,75729,34,227633
40218,0.001253,172.217.160.0-255,4320,80049,34,227633
40219,0.001256,172.31.33.0-255,66,80115,34,227633
40220,0.001291,172.31.33.0-255,66,80181,34,227633
40221,0.001333,172.217.160.0-255,766,80947,34,227633
40222,0.00147,172.217.160.0-255,1484,82431,34,227633
40223,0.001473,172.31.33.0-255,66,82497,34,227633
40224,0.001478,172.217.160.0-255,2902,85399,34,227633
40225,0.00148,172.31.33.0-255,66,85465,34,227633
40226,0.001483,172.217.160.0-255,1484,86949,34,227633
40227,0.001501,172.217.160.0-255,4320,91269,34,227633
40228,0.001503,172.31.33.0-255,66,91335,34,227633
40229,0.001517,172.217.160.0-255,1484,92819,34,227633
40230,0.00153,172.217.160.0-255,2902,95721,34,227633
40231,0.001533,172.31.33.0-255,66,95787,34,227633
40232,0.001546,172.217.160.0-255,2902,98689,34,227633
40233,0.001548,172.31.33.0-255,66,98755,34,227633
40234,0.001577,172.31.33.0-255,66,98821,34,227633
40235,0.001653,172.217.160.0-255,5738,104559,34,227633
40236,0.001658,172.31.33.0-255,66,104625,34,227633
40237,0.001678,172.217.160.0-255,2184,106809,34,227633
40238,0.001681,172.31.33.0-255,66,106875,34,227633
40239,0.001979,172.217.160.0-255,1484,108359,34,227633
40240,0.001986,172.217.160.0-255,2902,111261,34,227633
40241,0.00199,172.31.33.0-255,66,111327,34,227633
40242,0.001997,172.217.160.0-255,4320,115647,34,227633
40243,0.001999,172.31.33.0-255,66,115713,34,227633
40244,0.002014,172.217.160.0-255,1484,117197,34,227633
40245,0.00202,172.217.160.0-255,4320,121517,34,227633
40246,0.002023,172.31.33.0-255,66,121583,34,227633
40247,0.002045,172.217.160.0-255,4320,125903,34,227633
40248,0.002048,172.31.33.0-255,66,125969,34,227633
40249,0.002065,172.217.160.0-255,1484,127453,34,227633
40250,0.002088,172.217.160.0-255,4320,131773,34,227633
40251,0.002091,172.31.33.0-255,66,131839,34,227633
40252,0.002095,172.217.160.0-255,1484,133323,34,227633
40253,0.002117,172.31.33.0-255,66,133389,34,227633
40254,0.002159,172.217.160.0-255,4320,137709,34,227633
40255,0.002162,172.31.33.0-255,66,137775,34,227633
40256,0.002178,172.217.160.0-255,1484,139259,34,227633
40257,0.002204,172.31.33.0-255,66,139325,34,227633
40258,0.002254,172.217.160.0-255,1484,140809,34,227633
40259,0.00227,172.217.160.0-255,5738,146547,34,227633
40260,0.002273,172.31.33.0-255,66,146613,34,227633
40261,0.002296,172.217.160.0-255,1484,148097,34,227633
40262,0.002313,172.217.160.0-255,5738,153835,34,227633
40263,0.002316,172.31.33.0-255,66,153901,34,227633
40264,0.002352,172.217.160.0-255,1484,155385,34,227633
40265,0.002367,172.217.160.0-255,766,156151,34,227633
40266,0.002371,172.31.33.0-255,66,156217,34,227633
40267,0.002611,172.217.160.0-255,1484,157701,34,227633
40268,0.002616,172.217.160.0-255,2902,160603,34,227633
40269,0.002619,172.31.33.0-255,66,160669,34,227633
40270,0.002627,172.217.160.0-255,5738,166407,34,227633
40271,0.002629,172.31.33.0-255,66,166473,34,227633
40272,0.00266,172.217.160.0-255,2902,169375,34,227633
40273,0.002666,172.31.33.0-255,66,169441,34,227633
40274,0.002679,172.217.160.0-255,2902,172343,34,227633
40275,0.002683,172.31.33.0-255,66,172409,34,227633
40276,0.002709,172.217.160.0-255,7156,179565,34,227633
40277,0.002714,172.31.33.0-255,66,179631,34,227633
40278,0.002721,172.217.160.0-255,1484,181115,34,227633
40279,0.002753,172.31.33.0-255,66,181181,34,227633
40280,0.002789,172.217.160.0-255,1484,182665,34,227633
40281,0.002803,172.217.160.0-255,1484,184149,34,227633
40282,0.002807,172.31.33.0-255,66,184215,34,227633
40283,0.002817,172.31.33.0-255,66,184281,34,227633
40284,0.002843,172.217.160.0-255,7156,191437,34,227633
40285,0.002846,172.31.33.0-255,66,191503,34,227633
40286,0.002927,172.31.33.0-255,66,191569,34,227633
40287,0.002954,172.31.33.0-255,66,191635,34,227633
40288,0.003001,172.217.160.0-255,5738,197373,34,227633
40289,0.003006,172.31.33.0-255,66,197439,34,227633
40290,0.003046,172.31.33.0-255,66,197505,34,227633
40291,0.003069,172.217.160.0-255,5020,202525,34,227633
40292,0.003072,172.31.33.0-255,66,202591,34,227633
40293,0.003179,172.217.160.0-255,7156,209747,34,227633
40294,0.003185,172.31.33.0-255,66,209813,34,227633
40295,0.003262,172.31.33.0-255,66,209879,34,227633
40296,0.003278,172.217.160.0-255,1484,211363,34,227633
40297,0.003349,172.217.160.0-255,1484,212847,34,227633
40298,0.003354,172.31.33.0-255,66,212913,34,227633
40299,0.00336,172.217.160.0-255,2184,215097,34,227633
40300,0.003362,172.31.33.0-255,66,215163,34,227633
40301,0.003369,172.217.160.0-255,7156,222319,34,227633
40302,0.003371,172.31.33.0-255,66,222385,34,227633
40303,0.003412,172.31.33.0-255,66,222451,34,227633
40304,0.00349,172.217.160.0-255,5011,227462,34,227633
40305,0.003494,172.31.33.0-255,66,227528,34,227633
40306,0.003497,172.217.160.0-255,105,227633,34,227633
40307,0.0,74.125.68.0-255,143,143,34,365686
40308,2.9e-05,172.31.33.0-255,66,209,34,365686
40309,4.9e-05,74.125.68.0-255,1484,1693,34,365686
40310,5.3e-05,172.31.33.0-255,66,1759,34,365686
40311,5.6e-05,74.125.68.0-255,1484,3243,34,365686
40312,5.9e-05,172.31.33.0-255,66,3309,34,365686
40313,8.1e-05,74.125.68.0-255,1484,4793,34,365686
40314,8.3e-05,172.31.33.0-255,66,4859,34,365686
40315,9.1e-05,74.125.68.0-255,5738,10597,34,365686
40316,9.4e-05,172.31.33.0-255,66,10663,34,365686
40317,0.000105,74.125.68.0-255,1484,12147,34,365686
40318,0.000108,172.31.33.0-255,66,12213,34,365686
40319,0.000123,74.125.68.0-255,2075,14288,34,365686
40320,0.000126,172.31.33.0-255,66,14354,34,365686
40321,0.000361,74.125.68.0-255,1484,15838,34,365686
40322,0.000366,172.31.33.0-255,66,15904,34,365686
40323,0.000389,74.125.68.0-255,2902,18806,34,365686
40324,0.000393,172.31.33.0-255,66,18872,34,365686
40325,0.000442,74.125.68.0-255,1484,20356,34,365686
40326,0.000446,172.31.33.0-255,66,20422,34,365686
40327,0.000451,74.125.68.0-255,2902,23324,34,365686
40328,0.000454,172.31.33.0-255,66,23390,34,365686
40329,0.00046,74.125.68.0-255,5738,29128,34,365686
40330,0.000463,172.31.33.0-255,66,29194,34,365686
40331,0.000467,74.125.68.0-255,2543,31737,34,365686
40332,0.000471,172.31.33.0-255,66,31803,34,365686
40333,0.000545,74.125.68.0-255,1484,33287,34,365686
40334,0.000548,172.31.33.0-255,66,33353,34,365686
40335,0.000587,74.125.68.0-255,2902,36255,34,365686
40336,0.000591,172.31.33.0-255,66,36321,34,365686
40337,0.000627,74.125.68.0-255,2902,39223,34,365686
40338,0.00063,172.31.33.0-255,66,39289,34,365686
40339,0.000636,74.125.68.0-255,4320,43609,34,365686
40340,0.000639,172.31.33.0-255,66,43675,34,365686
40341,0.000643,74.125.68.0-255,1484,45159,34,365686
40342,0.000678,172.31.33.0-255,66,45225,34,365686
40343,0.000689,172.31.33.0-255,66,45291,34,365686
40344,0.000694,74.125.68.0-255,2543,47834,34,365686
40345,0.000696,172.31.33.0-255,66,47900,34,365686
40346,0.001061,74.125.68.0-255,647,48547,34,365686
40347,0.001219,74.125.68.0-255,1484,50031,34,365686
40348,0.001224,172.31.33.0-255,66,50097,34,365686
40349,0.001238,74.125.68.0-255,2902,52999,34,365686
40350,0.00124,172.31.33.0-255,66,53065,34,365686
40351,0.001263,74.125.68.0-255,2902,55967,34,365686
40352,0.001265,172.31.33.0-255,66,56033,34,365686
40353,0.001268,74.125.68.0-255,1484,57517,34,365686
40354,0.001284,74.125.68.0-255,2902,60419,34,365686
40355,0.001286,172.31.33.0-255,66,60485,34,365686
40356,0.001296,74.125.68.0-255,1484,61969,34,365686
40357,0.00131,74.125.68.0-255,7156,69125,34,365686
40358,0.001313,172.31.33.0-255,66,69191,34,365686
40359,0.001315,74.125.68.0-255,1484,70675,34,365686
40360,0.001331,74.125.68.0-255,4320,74995,34,365686
40361,0.001333,172.31.33.0-255,66,75061,34,365686
40362,0.001357,74.125.68.0-255,2902,77963,34,365686
40363,0.001361,172.31.33.0-255,66,78029,34,365686
40364,0.00138,74.125.68.0-255,5020,83049,34,365686
40365,0.001383,172.31.33.0-255,66,83115,34,365686
40366,0.001529,74.125.68.0-255,1484,84599,34,365686
40367,0.001549,74.125.68.0-255,2902,87501,34,365686
40368,0.001552,172.31.33.0-255,66,87567,34,365686
40369,0.001575,74.125.68.0-255,1484,89051,34,365686
40370,0.001601,74.125.68.0-255,2902,91953,34,365686
40371,0.001603,172.31.33.0-255,66,92019,34,365686
40372,0.001632,74.125.68.0-255,2902,94921,34,365686
40373,0.001633,172.31.33.0-255,66,94987,34,365686
40374,0.00165,74.125.68.0-255,2902,97889,34,365686
40375,0.001652,172.31.33.0-255,66,97955,34,365686
40376,0.001687,74.125.68.0-255,7156,105111,34,365686
40377,0.001689,172.31.33.0-255,66,105177,34,365686
40378,0.001694,74.125.68.0-255,7156,112333,34,365686
40379,0.001696,172.31.33.0-255,66,112399,34,365686
40380,0.001708,74.125.68.0-255,4320,116719,34,365686
40381,0.001709,172.31.33.0-255,66,116785,34,365686
40382,0.001712,74.125.68.0-255,766,117551,34,365686
40383,0.001736,74.125.68.0-255,1484,119035,34,365686
40384,0.001738,172.31.33.0-255,66,119101,34,365686
40385,0.001752,74.125.68.0-255,2902,122003,34,365686
40386,0.001754,172.31.33.0-255,66,122069,34,365686
40387,0.00177,74.125.68.0-255,1484,123553,34,365686
40388,0.001775,74.125.68.0-255,4320,127873,34,365686
40389,0.001777,172.31.33.0-255,66,127939,34,365686
40390,0.001779,74.125.68.0-255,1484,129423,34,365686
40391,0.001798,74.125.68.0-255,4320,133743,34,365686
40392,0.0018,172.31.33.0-255,66,133809,34,365686
40393,0.001825,74.125.68.0-255,2902,136711,34,365686
40394,0.001827,172.31.33.0-255,66,136777,34,365686
40395,0.00184,74.125.68.0-255,7156,143933,34,365686
40396,0.001842,172.31.33.0-255,66,143999,34,365686
40397,0.001856,74.125.68.0-255,1484,145483,34,365686
40398,0.001861,74.125.68.0-255,4320,149803,34,365686
40399,0.001863,172.31.33.0-255,66,149869,34,365686
40400,0.001901,74.125.68.0-255,2184,152053,34,365686
40401,0.001903,172.31.33.0-255,66,152119,34,365686
40402,0.002146,74.125.68.0-255,1484,153603,34,365686
40403,0.00215,74.125.68.0-255,2902,156505,34,365686
40404,0.002152,172.31.33.0-255,66,156571,34,365686
40405,0.002154,74.125.68.0-255,1484,158055,34,365686
40406,0.002158,74.125.68.0-255,2902,160957,34,365686
40407,0.00216,172.31.33.0-255,66,161023,34,365686
40408,0.002169,74.125.68.0-255,1484,162507,34,365686
40409,0.0022,74.125.68.0-255,2902,165409,34,365686
40410,0.002203,172.31.33.0-255,66,165475,34,365686
40411,0.00222,74.125.68.0-255,4320,169795,34,365686
40412,0.002222,172.31.33.0-255,66,169861,34,365686
40413,0.002224,74.125.68.0-255,1484,171345,34,365686
40414,0.002244,74.125.68.0-255,7156,178501,34,365686
40415,0.002246,172.31.33.0-255,66,178567,34,365686
40416,0.002248,74.125.68.0-255,1484,180051,34,365686
40417,0.002265,74.125.68.0-255,6438,186489,34,365686
40418,0.002267,172.31.33.0-255,66,186555,34,365686
40419,0.002394,74.125.68.0-255,1484,188039,34,365686
40420,0.002404,74.125.68.0-255,2902,190941,34,365686
40421,0.002406,172.31.33.0-255,66,191007,34,365686
40422,0.002437,74.125.68.0-255,5738,196745,34,365686
40423,0.002439,172.31.33.0-255,66,196811,34,365686
40424,0.002442,74.125.68.0-255,2902,199713,34,365686
40425,0.002444,172.31.33.0-255,66,199779,34,365686
40426,0.002503,172.31.33.0-255,66,199845,34,365686
40427,0.002508,74.125.68.0-255,5738,205583,34,365686
40428,0.002509,172.31.33.0-255,66,205649,34,365686
40429,0.002511,74.125.68.0-255,1484,207133,34,365686
40430,0.002515,74.125.68.0-255,2902,210035,34,365686
40431,0.002516,172.31.33.0-255,66,210101,34,365686
40432,0.002519,74.125.68.0-255,766,210867,34,365686
40433,0.002562,74.125.68.0-255,1484,212351,34,365686
40434,0.002564,172.31.33.0-255,66,212417,34,365686
40435,0.002601,74.125.68.0-255,4320,216737,34,365686
40436,0.002604,172.31.33.0-255,66,216803,34,365686
40437,0.002618,74.125.68.0-255,1484,218287,34,365686
40438,0.00264,74.125.68.0-255,4320,222607,34,365686
40439,0.002643,172.31.33.0-255,66,222673,34,365686
40440,0.002657,74.125.68.0-255,1484,224157,34,365686
40441,0.002662,74.125.68.0-255,5738,229895,34,365686
40442,0.002664,172.31.33.0-255,66,229961,34,365686
40443,0.002691,74.125.68.0-255,1484,231445,34,365686
40444,0.002693,172.31.33.0-255,78,231523,34,365686
40445,0.002698,74.125.68.0-255,4320,235843,34,365686
40446,0.0027,172.31.33.0-255,78,235921,34,365686
40447,0.002714,74.125.68.0-255,5738,241659,34,365686
40448,0.002716,172.31.33.0-255,66,241725,34,365686
40449,0.002735,74.125.68.0-255,3602,245327,34,365686
40450,0.002737,172.31.33.0-255,66,245393,34,365686
40451,0.002764,74.125.68.0-255,2902,248295,34,365686
40452,0.002765,172.31.33.0-255,66,248361,34,365686
40453,0.002783,74.125.68.0-255,7156,255517,34,365686
40454,0.002785,172.31.33.0-255,66,255583,34,365686
40455,0.002789,74.125.68.0-255,2902,258485,34,365686
40456,0.00279,172.31.33.0-255,66,258551,34,365686
40457,0.002819,172.31.33.0-255,66,258617,34,365686
40458,0.002823,74.125.68.0-255,2902,261519,34,365686
40459,0.002825,172.31.33.0-255,66,261585,34,365686
40460,0.002836,74.125.68.0-255,2902,264487,34,365686
40461,0.002837,172.31.33.0-255,66,264553,34,365686
40462,0.002851,74.125.68.0-255,1484,266037,34,365686
40463,0.002859,74.125.68.0-255,1484,267521,34,365686
40464,0.002861,172.31.33.0-255,66,267587,34,365686
40465,0.002883,74.125.68.0-255,5020,272607,34,365686
40466,0.002885,172.31.33.0-255,66,272673,34,365686
40467,0.002892,74.125.68.0-255,7156,279829,34,365686
40468,0.002894,172.31.33.0-255,66,279895,34,365686
40469,0.00293,74.125.68.0-255,2902,282797,34,365686
40470,0.002932,172.31.33.0-255,66,282863,34,365686
40471,0.002947,74.125.68.0-255,1484,284347,34,365686
40472,0.002951,74.125.68.0-255,2902,287249,34,365686
40473,0.002954,172.31.33.0-255,66,287315,34,365686
40474,0.00297,74.125.68.0-255,2902,290217,34,365686
40475,0.002972,172.31.33.0-255,66,290283,34,365686
40476,0.002999,74.125.68.0-255,1484,291767,34,365686
40477,0.003016,74.125.68.0-255,7156,298923,34,365686
40478,0.003018,172.31.33.0-255,66,298989,34,365686
40479,0.003036,74.125.68.0-255,2902,301891,34,365686
40480,0.003039,172.31.33.0-255,66,301957,34,365686
40481,0.003044,74.125.68.0-255,3602,305559,34,365686
40482,0.003046,172.31.33.0-255,66,305625,34,365686
40483,0.003064,74.125.68.0-255,1484,307109,34,365686
40484,0.003068,74.125.68.0-255,1484,308593,34,365686
40485,0.00307,172.31.33.0-255,66,308659,34,365686
40486,0.003085,74.125.68.0-255,1484,310143,34,365686
40487,0.003091,74.125.68.0-255,5738,315881,34,365686
40488,0.003093,172.31.33.0-255,66,315947,34,365686
40489,0.003115,74.125.68.0-255,1484,317431,34,365686
40490,0.003125,74.125.68.0-255,1484,318915,34,365686
40491,0.003127,172.31.33.0-255,66,318981,34,365686
40492,0.003146,74.125.68.0-255,4320,323301,34,365686
40493,0.003149,172.31.33.0-255,66,323367,34,365686
40494,0.003152,74.125.68.0-255,1484,324851,34,365686
40495,0.003168,74.125.68.0-255,2902,327753,34,365686
40496,0.00317,172.31.33.0-255,66,327819,34,365686
40497,0.003184,74.125.68.0-255,4320,332139,34,365686
40498,0.003186,172.31.33.0-255,66,332205,34,365686
40499,0.003213,74.125.68.0-255,1484,333689,34,365686
40500,0.003224,74.125.68.0-255,2902,336591,34,365686
40501,0.003226,172.31.33.0-255,66,336657,34,365686
40502,0.00326,74.125.68.0-255,2902,339559,34,365686
40503,0.003262,172.31.33.0-255,66,339625,34,365686
40504,0.003279,74.125.68.0-255,2184,341809,34,365686
40505,0.003281,172.31.33.0-255,66,341875,34,365686
40506,0.003296,74.125.68.0-255,1484,343359,34,365686
40507,0.003343,74.125.68.0-255,1484,344843,34,365686
40508,0.003345,172.31.33.0-255,66,344909,34,365686
40509,0.003357,74.125.68.0-255,2902,347811,34,365686
40510,0.003359,172.31.33.0-255,66,347877,34,365686
40511,0.003382,74.125.68.0-255,4320,352197,34,365686
40512,0.003384,172.31.33.0-255,66,352263,34,365686
40513,0.003388,74.125.68.0-255,2902,355165,34,365686
40514,0.00339,172.31.33.0-255,66,355231,34,365686
40515,0.003396,74.125.68.0-255,4320,359551,34,365686
40516,0.003398,172.31.33.0-255,66,359617,34,365686
40517,0.003408,74.125.68.0-255,1484,361101,34,365686
40518,0.003423,74.125.68.0-255,4317,365418,34,365686
40519,0.003425,172.31.33.0-255,66,365484,34,365686
40520,0.003428,74.125.68.0-255,97,365581,34,365686
40521,0.003509,74.125.68.0-255,105,365686,34,365686
40522,0.0,74.125.130.0-255,153,153,34,221668
40523,1.6e-05,172.31.33.0-255,66,219,34,221668
40524,2.2e-05,74.125.130.0-255,1484,1703,34,221668
40525,2.6e-05,172.31.33.0-255,66,1769,34,221668
40526,2.9e-05,74.125.130.0-255,1484,3253,34,221668
40527,3.1e-05,172.31.33.0-255,66,3319,34,221668
40528,6.1e-05,74.125.130.0-255,2902,6221,34,221668
40529,6.4e-05,172.31.33.0-255,66,6287,34,221668
40530,7e-05,74.125.130.0-255,5738,12025,34,221668
40531,7.2e-05,172.31.33.0-255,66,12091,34,221668
40532,7.5e-05,74.125.130.0-255,1484,13575,34,221668
40533,7.6e-05,172.31.33.0-255,66,13641,34,221668
40534,0.000103,74.125.130.0-255,708,14349,34,221668
40535,0.000105,172.31.33.0-255,66,14415,34,221668
40536,0.000109,74.125.130.0-255,2902,17317,34,221668
40537,0.000111,172.31.33.0-255,66,17383,34,221668
40538,0.00016,74.125.130.0-255,4320,21703,34,221668
40539,0.000163,172.31.33.0-255,66,21769,34,221668
40540,0.000178,74.125.130.0-255,2902,24671,34,221668
40541,0.00018,172.31.33.0-255,66,24737,34,221668
40542,0.000208,74.125.130.0-255,6797,31534,34,221668
40543,0.000211,172.31.33.0-255,66,31600,34,221668
40544,0.000369,74.125.130.0-255,1484,33084,34,221668
40545,0.000374,172.31.33.0-255,66,33150,34,221668
40546,0.000378,74.125.130.0-255,1484,34634,34,221668
40547,0.00038,172.31.33.0-255,66,34700,34,221668
40548,0.000401,74.125.130.0-255,2902,37602,34,221668
40549,0.000406,172.31.33.0-255,66,37668,34,221668
40550,0.000425,74.125.130.0-255,5738,43406,34,221668
40551,0.000428,172.31.33.0-255,66,43472,34,221668
40552,0.000454,74.125.130.0-255,5379,48851,34,221668
40553,0.000456,172.31.33.0-255,66,48917,34,221668
40554,0.000481,74.125.130.0-255,4320,53237,34,221668
40555,0.000497,74.125.130.0-255,1484,54721,34,221668
40556,0.000501,74.125.130.0-255,2902,57623,34,221668
40557,0.000516,74.125.130.0-255,4320,61943,34,221668
40558,0.000521,172.31.33.0-255,66,62009,34,221668
40559,0.000547,74.125.130.0-255,4254,66263,34,221668
40560,0.000566,172.31.33.0-255,66,66329,34,221668
40561,0.000572,74.125.130.0-255,364,66693,34,221668
40562,0.000703,74.125.130.0-255,1484,68177,34,221668
40563,0.000712,172.31.33.0-255,66,68243,34,221668
40564,0.00072,74.125.130.0-255,2902,71145,34,221668
40565,0.000739,74.125.130.0-255,4320,75465,34,221668
40566,0.000742,172.31.33.0-255,66,75531,34,221668
40567,0.000757,74.125.130.0-255,1484,77015,34,221668
40568,0.000775,74.125.130.0-255,4320,81335,34,221668
40569,0.000783,172.31.33.0-255,66,81401,34,221668
40570,0.000786,74.125.130.0-255,2902,84303,34,221668
40571,0.000791,172.31.33.0-255,66,84369,34,221668
40572,0.00082,74.125.130.0-255,5738,90107,34,221668
40573,0.000825,74.125.130.0-255,4320,94427,34,221668
40574,0.000829,172.31.33.0-255,66,94493,34,221668
40575,0.000842,74.125.130.0-255,2902,97395,34,221668
40576,0.000853,74.125.130.0-255,3051,100446,34,221668
40577,0.000872,172.31.33.0-255,66,100512,34,221668
40578,0.000949,74.125.130.0-255,1484,101996,34,221668
40579,0.000966,74.125.130.0-255,2902,104898,34,221668
40580,0.000978,172.31.33.0-255,66,104964,34,221668
40581,0.001004,74.125.130.0-255,5738,110702,34,221668
40582,0.001007,74.125.130.0-255,1484,112186,34,221668
40583,0.001009,74.125.130.0-255,1484,113670,34,221668
40584,0.001016,172.31.33.0-255,66,113736,34,221668
40585,0.001023,74.125.130.0-255,1484,115220,34,221668
40586,0.001043,74.125.130.0-255,5738,120958,34,221668
40587,0.001055,74.125.130.0-255,2902,123860,34,221668
40588,0.001068,172.31.33.0-255,66,123926,34,221668
40589,0.001077,74.125.130.0-255,4320,128246,34,221668
40590,0.001082,172.31.33.0-255,66,128312,34,221668
40591,0.001107,74.125.130.0-255,2902,131214,34,221668
40592,0.001111,172.31.33.0-255,66,131280,34,221668
40593,0.001137,74.125.130.0-255,3602,134882,34,221668
40594,0.001142,172.31.33.0-255,66,134948,34,221668
40595,0.00126,74.125.130.0-255,1484,136432,34,221668
40596,0.001265,74.125.130.0-255,2902,139334,34,221668
40597,0.001273,172.31.33.0-255,66,139400,34,221668
40598,0.00128,74.125.130.0-255,1484,140884,34,221668
40599,0.001304,74.125.130.0-255,4320,145204,34,221668
40600,0.001307,74.125.130.0-255,1484,146688,34,221668
40601,0.001312,172.31.33.0-255,66,146754,34,221668
40602,0.001332,74.125.130.0-255,5738,152492,34,221668
40603,0.001335,74.125.130.0-255,1484,153976,34,221668
40604,0.001349,172.31.33.0-255,66,154042,34,221668
40605,0.001368,74.125.130.0-255,7156,161198,34,221668
40606,0.001373,74.125.130.0-255,4320,165518,34,221668
40607,0.001394,172.31.33.0-255,66,165584,34,221668
40608,0.001425,74.125.130.0-255,3602,169186,34,221668
40609,0.001449,172.31.33.0-255,66,169252,34,221668
40610,0.001494,74.125.130.0-255,1484,170736,34,221668
40611,0.001498,74.125.130.0-255,1484,172220,34,221668
40612,0.001507,172.31.33.0-255,66,172286,34,221668
40613,0.001515,74.125.130.0-255,1484,173770,34,221668
40614,0.001521,74.125.130.0-255,4320,178090,34,221668
40615,0.001541,172.31.33.0-255,66,178156,34,221668
40616,0.001548,74.125.130.0-255,5738,183894,34,221668
40617,0.001572,74.125.130.0-255,2902,186796,34,221668
40618,0.00158,74.125.130.0-255,7156,193952,34,221668
40619,0.001584,74.125.130.0-255,2902,196854,34,221668
40620,0.001602,74.125.130.0-255,5738,202592,34,221668
40621,0.001606,74.125.130.0-255,766,203358,34,221668
40622,0.001615,172.31.33.0-255,66,203424,34,221668
40623,0.00181,74.125.130.0-255,1484,204908,34,221668
40624,0.001859,74.125.130.0-255,1484,206392,34,221668
40625,0.001876,74.125.130.0-255,1484,207876,34,221668
40626,0.001882,74.125.130.0-255,5738,213614,34,221668
40627,0.001933,74.125.130.0-255,2184,215798,34,221668
40628,0.006576,172.31.33.0-255,66,215864,34,221668
40629,0.008584,74.125.130.0-255,5738,221602,34,221668
40630,0.008591,172.31.33.0-255,66,221668,34,221668
40631,0.0,74.125.24.0-255,143,143,34,197890
40632,2.8e-05,172.31.33.0-255,66,209,34,197890
40633,3.5e-05,74.125.24.0-255,1484,1693,34,197890
40634,3.9e-05,172.31.33.0-255,66,1759,34,197890
40635,4.4e-05,74.125.24.0-255,2902,4661,34,197890
40636,4.7e-05,172.31.33.0-255,66,4727,34,197890
40637,8.2e-05,74.125.24.0-255,7156,11883,34,197890
40638,8.5e-05,74.125.24.0-255,2010,13893,34,197890
40639,8.7e-05,172.31.33.0-255,66,13959,34,197890
40640,9e-05,172.31.33.0-255,66,14025,34,197890
40641,0.000129,74.125.24.0-255,1484,15509,34,197890
40642,0.000132,172.31.33.0-255,66,15575,34,197890
40643,0.000136,74.125.24.0-255,1484,17059,34,197890
40644,0.00014,172.31.33.0-255,66,17125,34,197890
40645,0.000165,74.125.24.0-255,1484,18609,34,197890
40646,0.000167,172.31.33.0-255,66,18675,34,197890
40647,0.000173,74.125.24.0-255,5738,24413,34,197890
40648,0.000176,172.31.33.0-255,66,24479,34,197890
40649,0.000183,74.125.24.0-255,5738,30217,34,197890
40650,0.000188,172.31.33.0-255,66,30283,34,197890
40651,0.000211,74.125.24.0-255,4320,34603,34,197890
40652,0.000214,172.31.33.0-255,66,34669,34,197890
40653,0.000243,172.31.33.0-255,66,34735,34,197890
40654,0.000248,74.125.24.0-255,3961,38696,34,197890
40655,0.00025,172.31.33.0-255,66,38762,34,197890
40656,0.000287,172.31.33.0-255,66,38828,34,197890
40657,0.000325,74.125.24.0-255,1484,40312,34,197890
40658,0.00033,172.31.33.0-255,66,40378,34,197890
40659,0.000354,74.125.24.0-255,7095,47473,34,197890
40660,0.000359,172.31.33.0-255,66,47539,34,197890
40661,0.000406,74.125.24.0-255,131,47670,34,197890
40662,0.000481,74.125.24.0-255,1484,49154,34,197890
40663,0.000484,172.31.33.0-255,66,49220,34,197890
40664,0.000489,74.125.24.0-255,1484,50704,34,197890
40665,0.000505,74.125.24.0-255,1484,52188,34,197890
40666,0.000507,172.31.33.0-255,66,52254,34,197890
40667,0.000515,74.125.24.0-255,5738,57992,34,197890
40668,0.000517,172.31.33.0-255,66,58058,34,197890
40669,0.00054,74.125.24.0-255,1484,59542,34,197890
40670,0.000555,74.125.24.0-255,5379,64921,34,197890
40671,0.000559,172.31.33.0-255,66,64987,34,197890
40672,0.000601,74.125.24.0-255,1484,66471,34,197890
40673,0.000605,74.125.24.0-255,1484,67955,34,197890
40674,0.000609,172.31.33.0-255,66,68021,34,197890
40675,0.000617,74.125.24.0-255,1484,69505,34,197890
40676,0.000624,74.125.24.0-255,5738,75243,34,197890
40677,0.000628,172.31.33.0-255,66,75309,34,197890
40678,0.000651,74.125.24.0-255,1484,76793,34,197890
40679,0.000676,74.125.24.0-255,1484,78277,34,197890
40680,0.000678,172.31.33.0-255,66,78343,34,197890
40681,0.00071,172.31.33.0-255,66,78409,34,197890
40682,0.000729,74.125.24.0-255,2902,81311,34,197890
40683,0.000732,172.31.33.0-255,66,81377,34,197890
40684,0.000762,172.31.33.0-255,66,81443,34,197890
40685,0.000805,74.125.24.0-255,1484,82927,34,197890
40686,0.00081,74.125.24.0-255,2902,85829,34,197890
40687,0.000814,172.31.33.0-255,66,85895,34,197890
40688,0.000834,74.125.24.0-255,5738,91633,34,197890
40689,0.000838,172.31.33.0-255,66,91699,34,197890
40690,0.000868,172.31.33.0-255,66,91765,34,197890
40691,0.000906,172.31.33.0-255,66,91831,34,197890
40692,0.001304,74.125.24.0-255,1484,93315,34,197890
40693,0.001311,74.125.24.0-255,2902,96217,34,197890
40694,0.001316,172.31.33.0-255,66,96283,34,197890
40695,0.001327,74.125.24.0-255,4320,100603,34,197890
40696,0.001329,172.31.33.0-255,66,100669,34,197890
40697,0.001357,74.125.24.0-255,1484,102153,34,197890
40698,0.001365,74.125.24.0-255,7156,109309,34,197890
40699,0.001367,172.31.33.0-255,66,109375,34,197890
40700,0.001377,172.31.33.0-255,66,109441,34,197890
40701,0.001395,74.125.24.0-255,5738,115179,34,197890
40702,0.001398,172.31.33.0-255,66,115245,34,197890
40703,0.001402,74.125.24.0-255,2184,117429,34,197890
40704,0.001404,172.31.33.0-255,66,117495,34,197890
40705,0.001473,74.125.24.0-255,1484,118979,34,197890
40706,0.00149,74.125.24.0-255,2902,121881,34,197890
40707,0.001493,172.31.33.0-255,66,121947,34,197890
40708,0.001499,74.125.24.0-255,2902,124849,34,197890
40709,0.001501,172.31.33.0-255,66,124915,34,197890
40710,0.001523,74.125.24.0-255,2902,127817,34,197890
40711,0.001527,172.31.33.0-255,66,127883,34,197890
40712,0.001528,74.125.24.0-255,4320,132203,34,197890
40713,0.00153,172.31.33.0-255,66,132269,34,197890
40714,0.001569,172.31.33.0-255,66,132335,34,197890
40715,0.001576,74.125.24.0-255,7156,139491,34,197890
40716,0.001578,172.31.33.0-255,66,139557,34,197890
40717,0.001661,74.125.24.0-255,3602,143159,34,197890
40718,0.001665,172.31.33.0-255,66,143225,34,197890
40719,0.001735,74.125.24.0-255,1484,144709,34,197890
40720,0.001748,74.125.24.0-255,2902,147611,34,197890
40721,0.001751,172.31.33.0-255,66,147677,34,197890
40722,0.001756,74.125.24.0-255,2902,150579,34,197890
40723,0.001758,172.31.33.0-255,66,150645,34,197890
40724,0.001771,74.125.24.0-255,2902,153547,34,197890
40725,0.001775,172.31.33.0-255,66,153613,34,197890
40726,0.001789,74.125.24.0-255,2902,156515,34,197890
40727,0.001791,172.31.33.0-255,66,156581,34,197890
40728,0.001823,172.31.33.0-255,66,156647,34,197890
40729,0.001829,74.125.24.0-255,5738,162385,34,197890
40730,0.001831,172.31.33.0-255,66,162451,34,197890
40731,0.001892,74.125.24.0-255,5020,167471,34,197890
40732,0.001896,172.31.33.0-255,66,167537,34,197890
40733,0.001942,74.125.24.0-255,1484,169021,34,197890
40734,0.001971,74.125.24.0-255,2902,171923,34,197890
40735,0.001975,172.31.33.0-255,66,171989,34,197890
40736,0.001982,74.125.24.0-255,5738,177727,34,197890
40737,0.001984,172.31.33.0-255,66,177793,34,197890
40738,0.001987,74.125.24.0-255,1484,179277,34,197890
40739,0.002033,172.31.33.0-255,66,179343,34,197890
40740,0.00204,74.125.24.0-255,7156,186499,34,197890
40741,0.002042,172.31.33.0-255,66,186565,34,197890
40742,0.002079,172.31.33.0-255,66,186631,34,197890
40743,0.002106,172.31.33.0-255,66,186697,34,197890
40744,0.002153,172.31.33.0-255,66,186763,34,197890
40745,0.002169,172.31.33.0-255,66,186829,34,197890
40746,0.002197,74.125.24.0-255,4320,191149,34,197890
40747,0.0022,172.31.33.0-255,66,191215,34,197890
40748,0.002207,74.125.24.0-255,6438,197653,34,197890
40749,0.002209,172.31.33.0-255,66,197719,34,197890
40750,0.002254,172.31.33.0-255,66,197785,34,197890
40751,0.002257,74.125.24.0-255,105,197890,34,197890
40752,0.0,172.31.33.0-255,105,105,34,342
40753,0.002249,74.125.24.0-255,66,171,34,342
40754,0.002285,74.125.24.0-255,105,276,34,342
40755,0.002288,172.31.33.0-255,66,342,34,342
40756,0.0,74.125.24.0-255,153,153,34,165223
40757,1.6e-05,172.31.33.0-255,66,219,34,165223
40758,2.2e-05,74.125.24.0-255,1484,1703,34,165223
40759,2.6e-05,172.31.33.0-255,66,1769,34,165223
40760,3.1e-05,74.125.24.0-255,2902,4671,34,165223
40761,3.3e-05,172.31.33.0-255,66,4737,34,165223
40762,3.6e-05,74.125.24.0-255,1484,6221,34,165223
40763,3.8e-05,172.31.33.0-255,66,6287,34,165223
40764,6.5e-05,74.125.24.0-255,5738,12025,34,165223
40765,6.7e-05,172.31.33.0-255,66,12091,34,165223
40766,8.1e-05,74.125.24.0-255,2058,14149,34,165223
40767,8.2e-05,172.31.33.0-255,66,14215,34,165223
40768,0.000106,74.125.24.0-255,2902,17117,34,165223
40769,0.000108,172.31.33.0-255,66,17183,34,165223
40770,0.000133,74.125.24.0-255,2902,20085,34,165223
40771,0.000135,172.31.33.0-255,66,20151,34,165223
40772,0.000154,74.125.24.0-255,4320,24471,34,165223
40773,0.000156,172.31.33.0-255,66,24537,34,165223
40774,0.000163,74.125.24.0-255,6797,31334,34,165223
40775,0.000165,172.31.33.0-255,66,31400,34,165223
40776,0.000198,74.125.24.0-255,4320,35720,34,165223
40777,0.0002,172.31.33.0-255,66,35786,34,165223
40778,0.000227,172.31.33.0-255,66,35852,34,165223
40779,0.000229,74.125.24.0-255,1125,36977,34,165223
40780,0.000231,172.31.33.0-255,66,37043,34,165223
40781,0.000625,74.125.24.0-255,1484,38527,34,165223
40782,0.00063,172.31.33.0-255,66,38593,34,165223
40783,0.000644,74.125.24.0-255,1484,40077,34,165223
40784,0.000646,172.31.33.0-255,66,40143,34,165223
40785,0.000651,74.125.24.0-255,2902,43045,34,165223
40786,0.000653,172.31.33.0-255,66,43111,34,165223
40787,0.000659,74.125.24.0-255,4320,47431,34,165223
40788,0.000661,172.31.33.0-255,66,47497,34,165223
40789,0.000681,74.125.24.0-255,1484,48981,34,165223
40790,0.000684,74.125.24.0-255,1484,50465,34,165223
40791,0.000686,172.31.33.0-255,66,50531,34,165223
40792,0.000717,172.31.33.0-255,66,50597,34,165223
40793,0.000722,74.125.24.0-255,5738,56335,34,165223
40794,0.000725,172.31.33.0-255,66,56401,34,165223
40795,0.000769,74.125.24.0-255,3961,60362,34,165223
40796,0.000772,172.31.33.0-255,66,60428,34,165223
40797,0.000777,74.125.24.0-255,4320,64748,34,165223
40798,0.000779,172.31.33.0-255,66,64814,34,165223
40799,0.000789,172.31.33.0-255,66,64880,34,165223
40800,0.000791,74.125.24.0-255,1125,66005,34,165223
40801,0.000914,74.125.24.0-255,1484,67489,34,165223
40802,0.000917,172.31.33.0-255,66,67555,34,165223
40803,0.000922,74.125.24.0-255,2902,70457,34,165223
40804,0.000924,172.31.33.0-255,66,70523,34,165223
40805,0.000927,74.125.24.0-255,1484,72007,34,165223
40806,0.000952,74.125.24.0-255,4320,76327,34,165223
40807,0.000954,172.31.33.0-255,66,76393,34,165223
40808,0.000959,74.125.24.0-255,2902,79295,34,165223
40809,0.000961,172.31.33.0-255,66,79361,34,165223
40810,0.000982,172.31.33.0-255,66,79427,34,165223
40811,0.001028,172.31.33.0-255,66,79493,34,165223
40812,0.001072,172.31.33.0-255,66,79559,34,165223
40813,0.001075,74.125.24.0-255,1484,81043,34,165223
40814,0.001089,74.125.24.0-255,4320,85363,34,165223
40815,0.001093,172.31.33.0-255,66,85429,34,165223
40816,0.001111,172.31.33.0-255,66,85495,34,165223
40817,0.001128,74.125.24.0-255,4320,89815,34,165223
40818,0.00113,172.31.33.0-255,66,89881,34,165223
40819,0.001165,172.31.33.0-255,66,89947,34,165223
40820,0.001168,74.125.24.0-255,1484,91431,34,165223
40821,0.001204,172.31.33.0-255,66,91497,34,165223
40822,0.001225,74.125.24.0-255,7156,98653,34,165223
40823,0.001228,172.31.33.0-255,66,98719,34,165223
40824,0.001288,172.31.33.0-255,66,98785,34,165223
40825,0.0013,172.31.33.0-255,66,98851,34,165223
40826,0.001315,172.31.33.0-255,66,98917,34,165223
40827,0.001329,172.31.33.0-255,66,98983,34,165223
40828,0.00135,74.125.24.0-255,6783,105766,34,165223
40829,0.001352,172.31.33.0-255,66,105832,34,165223
40830,0.001364,172.31.33.0-255,66,105898,34,165223
40831,0.001413,74.125.24.0-255,6438,112336,34,165223
40832,0.001415,172.31.33.0-255,66,112402,34,165223
40833,0.001449,74.125.24.0-255,1484,113886,34,165223
40834,0.001466,74.125.24.0-255,2902,116788,34,165223
40835,0.001468,172.31.33.0-255,66,116854,34,165223
40836,0.001474,74.125.24.0-255,4320,121174,34,165223
40837,0.001476,172.31.33.0-255,66,121240,34,165223
40838,0.00149,74.125.24.0-255,1484,122724,34,165223
40839,0.001496,74.125.24.0-255,5738,128462,34,165223
40840,0.001498,172.31.33.0-255,66,128528,34,165223
40841,0.001534,172.31.33.0-255,66,128594,34,165223
40842,0.001539,74.125.24.0-255,5020,133614,34,165223
40843,0.001541,172.31.33.0-255,66,133680,34,165223
40844,0.001589,74.125.24.0-255,1484,135164,34,165223
40845,0.001606,74.125.24.0-255,2902,138066,34,165223
40846,0.001609,172.31.33.0-255,66,138132,34,165223
40847,0.001615,74.125.24.0-255,5738,143870,34,165223
40848,0.001617,172.31.33.0-255,66,143936,34,165223
40849,0.001646,74.125.24.0-255,1484,145420,34,165223
40850,0.001657,74.125.24.0-255,2902,148322,34,165223
40851,0.00166,172.31.33.0-255,66,148388,34,165223
40852,0.001687,172.31.33.0-255,66,148454,34,165223
40853,0.0017,74.125.24.0-255,2902,151356,34,165223
40854,0.001702,172.31.33.0-255,66,151422,34,165223
40855,0.001733,172.31.33.0-255,66,151488,34,165223
40856,0.001744,172.31.33.0-255,66,151554,34,165223
40857,0.001759,74.125.24.0-255,7156,158710,34,165223
40858,0.001762,172.31.33.0-255,66,158776,34,165223
40859,0.001775,74.125.24.0-255,2902,161678,34,165223
40860,0.001777,172.31.33.0-255,66,161744,34,165223
40861,0.001811,172.31.33.0-255,66,161810,34,165223
40862,0.001828,74.125.24.0-255,3071,164881,34,165223
40863,0.001831,172.31.33.0-255,66,164947,34,165223
40864,0.001834,74.125.24.0-255,105,165052,34,165223
40865,0.007622,172.31.33.0-255,66,165118,34,165223
40866,0.007655,172.31.33.0-255,105,165223,34,165223
40867,0.0,74.125.200.0-255,431,431,34,91380
40868,1.8e-05,74.125.200.0-255,1484,1915,34,91380
40869,2.8e-05,172.31.33.0-255,66,1981,34,91380
40870,3.8e-05,74.125.200.0-255,4320,6301,34,91380
40871,4.1e-05,172.31.33.0-255,66,6367,34,91380
40872,5.6e-05,74.125.200.0-255,4320,10687,34,91380
40873,5.9e-05,172.31.33.0-255,66,10753,34,91380
40874,8.1e-05,74.125.200.0-255,3459,14212,34,91380
40875,8.3e-05,172.31.33.0-255,66,14278,34,91380
40876,0.000552,74.125.200.0-255,1484,15762,34,91380
40877,0.000573,74.125.200.0-255,2902,18664,34,91380
40878,0.000577,172.31.33.0-255,66,18730,34,91380
40879,0.000703,74.125.200.0-255,5738,24468,34,91380
40880,0.000708,172.31.33.0-255,66,24534,34,91380
40881,0.000948,74.125.200.0-255,5640,30174,34,91380
40882,0.000955,172.31.33.0-255,66,30240,34,91380
40883,0.00231,74.125.200.0-255,4320,34560,34,91380
40884,0.002317,172.31.33.0-255,66,34626,34,91380
40885,0.002334,74.125.200.0-255,1484,36110,34,91380
40886,0.002424,74.125.200.0-255,2902,39012,34,91380
40887,0.002442,74.125.200.0-255,5738,44750,34,91380
40888,0.002782,74.125.200.0-255,2902,47652,34,91380
40889,0.002816,74.125.200.0-255,1484,49136,34,91380
40890,0.003442,74.125.200.0-255,4320,53456,34,91380
40891,0.003819,172.31.33.0-255,66,53522,34,91380
40892,0.00398,74.125.200.0-255,5738,59260,34,91380
40893,0.004006,172.31.33.0-255,66,59326,34,91380
40894,0.004016,172.31.33.0-255,66,59392,34,91380
40895,0.004213,172.31.33.0-255,66,59458,34,91380
40896,0.004489,74.125.200.0-255,5738,65196,34,91380
40897,0.004493,172.31.33.0-255,66,65262,34,91380
40898,0.00469,74.125.200.0-255,7156,72418,34,91380
40899,0.004703,74.125.200.0-255,1484,73902,34,91380
40900,0.004881,172.31.33.0-255,66,73968,34,91380
40901,0.006067,172.31.33.0-255,66,74034,34,91380
40902,0.006084,74.125.200.0-255,4320,78354,34,91380
40903,0.00647,74.125.200.0-255,1484,79838,34,91380
40904,0.006553,74.125.200.0-255,5738,85576,34,91380
40905,0.006599,74.125.200.0-255,5738,91314,34,91380
40906,0.007904,172.31.33.0-255,66,91380,34,91380
40907,0.0,74.125.68.0-255,153,153,34,349569
40908,1.8e-05,172.31.33.0-255,66,219,34,349569
40909,3.9e-05,74.125.68.0-255,1484,1703,34,349569
40910,4.4e-05,172.31.33.0-255,66,1769,34,349569
40911,6.2e-05,74.125.68.0-255,2902,4671,34,349569
40912,6.4e-05,172.31.33.0-255,66,4737,34,349569
40913,7e-05,74.125.68.0-255,4320,9057,34,349569
40914,7.2e-05,172.31.33.0-255,66,9123,34,349569
40915,0.000111,74.125.68.0-255,2902,12025,34,349569
40916,0.000114,172.31.33.0-255,66,12091,34,349569
40917,0.000139,74.125.68.0-255,2026,14117,34,349569
40918,0.000141,172.31.33.0-255,66,14183,34,349569
40919,0.000253,74.125.68.0-255,1484,15667,34,349569
40920,0.000257,172.31.33.0-255,66,15733,34,349569
40921,0.000265,74.125.68.0-255,2902,18635,34,349569
40922,0.000267,172.31.33.0-255,66,18701,34,349569
40923,0.00029,74.125.68.0-255,5738,24439,34,349569
40924,0.000292,172.31.33.0-255,66,24505,34,349569
40925,0.000315,74.125.68.0-255,4320,28825,34,349569
40926,0.000317,172.31.33.0-255,66,28891,34,349569
40927,0.000338,74.125.68.0-255,2543,31434,34,349569
40928,0.000341,172.31.33.0-255,66,31500,34,349569
40929,0.000345,74.125.68.0-255,2902,34402,34,349569
40930,0.000347,172.31.33.0-255,66,34468,34,349569
40931,0.000379,74.125.68.0-255,4320,38788,34,349569
40932,0.000382,172.31.33.0-255,66,38854,34,349569
40933,0.000386,74.125.68.0-255,4320,43174,34,349569
40934,0.000388,172.31.33.0-255,66,43240,34,349569
40935,0.000394,74.125.68.0-255,5379,48619,34,349569
40936,0.000398,172.31.33.0-255,66,48685,34,349569
40937,0.000499,74.125.68.0-255,1484,50169,34,349569
40938,0.000502,172.31.33.0-255,66,50235,34,349569
40939,0.000506,74.125.68.0-255,1484,51719,34,349569
40940,0.000525,74.125.68.0-255,2902,54621,34,349569
40941,0.000529,172.31.33.0-255,66,54687,34,349569
40942,0.000557,74.125.68.0-255,5738,60425,34,349569
40943,0.000559,172.31.33.0-255,66,60491,34,349569
40944,0.000587,74.125.68.0-255,5379,65870,34,349569
40945,0.000589,172.31.33.0-255,66,65936,34,349569
40946,0.000661,74.125.68.0-255,646,66582,34,349569
40947,0.000688,74.125.68.0-255,1484,68066,34,349569
40948,0.000691,172.31.33.0-255,66,68132,34,349569
40949,0.000719,74.125.68.0-255,4320,72452,34,349569
40950,0.000722,172.31.33.0-255,66,72518,34,349569
40951,0.000743,74.125.68.0-255,2902,75420,34,349569
40952,0.000745,172.31.33.0-255,66,75486,34,349569
40953,0.000767,74.125.68.0-255,2902,78388,34,349569
40954,0.000769,172.31.33.0-255,66,78454,34,349569
40955,0.000775,74.125.68.0-255,5379,83833,34,349569
40956,0.000777,172.31.33.0-255,66,83899,34,349569
40957,0.000806,74.125.68.0-255,5738,89637,34,349569
40958,0.000808,172.31.33.0-255,66,89703,34,349569
40959,0.000812,74.125.68.0-255,2902,92605,34,349569
40960,0.000814,172.31.33.0-255,66,92671,34,349569
40961,0.000817,74.125.68.0-255,1484,94155,34,349569
40962,0.000845,74.125.68.0-255,2902,97057,34,349569
40963,0.000847,172.31.33.0-255,66,97123,34,349569
40964,0.000882,74.125.68.0-255,3961,101084,34,349569
40965,0.000885,172.31.33.0-255,66,101150,34,349569
40966,0.002105,74.125.68.0-255,1484,102634,34,349569
40967,0.002124,74.125.68.0-255,2902,105536,34,349569
40968,0.002129,172.31.33.0-255,66,105602,34,349569
40969,0.002134,74.125.68.0-255,1484,107086,34,349569
40970,0.002163,74.125.68.0-255,2902,109988,34,349569
40971,0.002165,172.31.33.0-255,66,110054,34,349569
40972,0.002193,74.125.68.0-255,4320,114374,34,349569
40973,0.002195,172.31.33.0-255,66,114440,34,349569
40974,0.002228,74.125.68.0-255,2902,117342,34,349569
40975,0.00223,172.31.33.0-255,66,117408,34,349569
40976,0.002242,74.125.68.0-255,1484,118892,34,349569
40977,0.00246,74.125.68.0-255,4320,123212,34,349569
40978,0.002463,172.31.33.0-255,66,123278,34,349569
40979,0.002467,74.125.68.0-255,2902,126180,34,349569
40980,0.002469,172.31.33.0-255,66,126246,34,349569
40981,0.002474,74.125.68.0-255,4320,130566,34,349569
40982,0.002476,172.31.33.0-255,66,130632,34,349569
40983,0.002482,74.125.68.0-255,5020,135652,34,349569
40984,0.002485,172.31.33.0-255,66,135718,34,349569
40985,0.002827,74.125.68.0-255,1484,137202,34,349569
40986,0.002857,74.125.68.0-255,2902,140104,34,349569
40987,0.00286,172.31.33.0-255,66,140170,34,349569
40988,0.002885,74.125.68.0-255,2902,143072,34,349569
40989,0.002887,172.31.33.0-255,66,143138,34,349569
40990,0.002909,74.125.68.0-255,1484,144622,34,349569
40991,0.002913,74.125.68.0-255,2902,147524,34,349569
40992,0.002915,172.31.33.0-255,66,147590,34,349569
40993,0.002964,74.125.68.0-255,1484,149074,34,349569
40994,0.002984,74.125.68.0-255,4320,153394,34,349569
40995,0.002986,172.31.33.0-255,66,153460,34,349569
40996,0.00299,74.125.68.0-255,2902,156362,34,349569
40997,0.002992,172.31.33.0-255,66,156428,34,349569
40998,0.002997,74.125.68.0-255,4320,160748,34,349569
40999,0.003003,172.31.33.0-255,66,160814,34,349569
41000,0.003014,172.31.33.0-255,66,160880,34,349569
41001,0.003017,74.125.68.0-255,766,161646,34,349569
41002,0.00302,74.125.68.0-255,1484,163130,34,349569
41003,0.003022,172.31.33.0-255,66,163196,34,349569
41004,0.003027,74.125.68.0-255,4320,167516,34,349569
41005,0.00303,172.31.33.0-255,66,167582,34,349569
41006,0.003053,74.125.68.0-255,2902,170484,34,349569
41007,0.003056,172.31.33.0-255,66,170550,34,349569
41008,0.003082,74.125.68.0-255,5738,176288,34,349569
41009,0.003084,172.31.33.0-255,66,176354,34,349569
41010,0.003097,172.31.33.0-255,66,176420,34,349569
41011,0.003104,74.125.68.0-255,5738,182158,34,349569
41012,0.003106,172.31.33.0-255,66,182224,34,349569
41013,0.003142,74.125.68.0-255,3602,185826,34,349569
41014,0.003144,172.31.33.0-255,66,185892,34,349569
41015,0.003291,74.125.68.0-255,1484,187376,34,349569
41016,0.00332,74.125.68.0-255,2902,190278,34,349569
41017,0.003323,172.31.33.0-255,66,190344,34,349569
41018,0.003354,74.125.68.0-255,4320,194664,34,349569
41019,0.003357,172.31.33.0-255,66,194730,34,349569
41020,0.00338,74.125.68.0-255,1484,196214,34,349569
41021,0.003387,74.125.68.0-255,7156,203370,34,349569
41022,0.003389,172.31.33.0-255,66,203436,34,349569
41023,0.00341,74.125.68.0-255,7156,210592,34,349569
41024,0.003412,172.31.33.0-255,66,210658,34,349569
41025,0.003441,74.125.68.0-255,7156,217814,34,349569
41026,0.003443,172.31.33.0-255,66,217880,34,349569
41027,0.003446,74.125.68.0-255,2184,220064,34,349569
41028,0.003448,172.31.33.0-255,66,220130,34,349569
41029,0.003505,74.125.68.0-255,1484,221614,34,349569
41030,0.003509,74.125.68.0-255,2902,224516,34,349569
41031,0.003512,172.31.33.0-255,66,224582,34,349569
41032,0.003539,74.125.68.0-255,5738,230320,34,349569
41033,0.003541,172.31.33.0-255,66,230386,34,349569
41034,0.003567,74.125.68.0-255,4320,234706,34,349569
41035,0.003569,172.31.33.0-255,66,234772,34,349569
41036,0.003581,74.125.68.0-255,2902,237674,34,349569
41037,0.003587,172.31.33.0-255,66,237740,34,349569
41038,0.003597,172.31.33.0-255,66,237806,34,349569
41039,0.003602,74.125.68.0-255,4320,242126,34,349569
41040,0.003604,172.31.33.0-255,66,242192,34,349569
41041,0.003654,74.125.68.0-255,2902,245094,34,349569
41042,0.003656,172.31.33.0-255,66,245160,34,349569
41043,0.00369,172.31.33.0-255,66,245226,34,349569
41044,0.00371,74.125.68.0-255,2902,248128,34,349569
41045,0.003716,74.125.68.0-255,5738,253866,34,349569
41046,0.00373,74.125.68.0-255,766,254632,34,349569
41047,0.003801,74.125.68.0-255,1484,256116,34,349569
41048,0.003822,74.125.68.0-255,2902,259018,34,349569
41049,0.003824,74.125.68.0-255,1484,260502,34,349569
41050,0.003841,74.125.68.0-255,4320,264822,34,349569
41051,0.003846,74.125.68.0-255,4320,269142,34,349569
41052,0.003859,74.125.68.0-255,1484,270626,34,349569
41053,0.003872,74.125.68.0-255,7156,277782,34,349569
41054,0.003927,74.125.68.0-255,1484,279266,34,349569
41055,0.00398,74.125.68.0-255,5738,285004,34,349569
41056,0.003991,74.125.68.0-255,3602,288606,34,349569
41057,0.004063,74.125.68.0-255,1484,290090,34,349569
41058,0.00408,74.125.68.0-255,2902,292992,34,349569
41059,0.004105,74.125.68.0-255,2902,295894,34,349569
41060,0.004117,74.125.68.0-255,2902,298796,34,349569
41061,0.00412,74.125.68.0-255,1484,300280,34,349569
41062,0.004134,74.125.68.0-255,1484,301764,34,349569
41063,0.004161,74.125.68.0-255,2902,304666,34,349569
41064,0.004171,74.125.68.0-255,1484,306150,34,349569
41065,0.004188,74.125.68.0-255,5738,311888,34,349569
41066,0.00419,74.125.68.0-255,1484,313372,34,349569
41067,0.004195,74.125.68.0-255,4320,317692,34,349569
41068,0.004206,74.125.68.0-255,1484,319176,34,349569
41069,0.004231,74.125.68.0-255,3602,322778,34,349569
41070,0.004246,74.125.68.0-255,2902,325680,34,349569
41071,0.004256,74.125.68.0-255,1484,327164,34,349569
41072,0.004269,74.125.68.0-255,2902,330066,34,349569
41073,0.004284,74.125.68.0-255,2902,332968,34,349569
41074,0.004295,74.125.68.0-255,4320,337288,34,349569
41075,0.004305,74.125.68.0-255,2902,340190,34,349569
41076,0.00435,74.125.68.0-255,4320,344510,34,349569
41077,0.004364,74.125.68.0-255,4954,349464,34,349569
41078,0.004397,74.125.68.0-255,105,349569,34,349569
41079,0.0,172.217.194.0-255,152,152,34,187693
41080,2.7e-05,172.31.33.0-255,66,218,34,187693
41081,3.4e-05,172.217.194.0-255,1484,1702,34,187693
41082,3.9e-05,172.31.33.0-255,66,1768,34,187693
41083,4.5e-05,172.217.194.0-255,2902,4670,34,187693
41084,4.8e-05,172.31.33.0-255,66,4736,34,187693
41085,5.5e-05,172.217.194.0-255,5738,10474,34,187693
41086,5.8e-05,172.31.33.0-255,66,10540,34,187693
41087,0.000102,172.31.33.0-255,66,10606,34,187693
41088,0.00011,172.217.194.0-255,6797,17403,34,187693
41089,0.000112,172.31.33.0-255,66,17469,34,187693
41090,0.000935,172.217.194.0-255,1484,18953,34,187693
41091,0.000942,172.31.33.0-255,66,19019,34,187693
41092,0.000952,172.217.194.0-255,2902,21921,34,187693
41093,0.000955,172.31.33.0-255,66,21987,34,187693
41094,0.000961,172.217.194.0-255,5738,27725,34,187693
41095,0.000963,172.31.33.0-255,66,27791,34,187693
41096,0.001032,172.31.33.0-255,66,27857,34,187693
41097,0.001044,172.31.33.0-255,66,27923,34,187693
41098,0.001047,172.217.194.0-255,366,28289,34,187693
41099,0.001049,172.31.33.0-255,66,28355,34,187693
41100,0.00109,172.217.194.0-255,1484,29839,34,187693
41101,0.001093,172.31.33.0-255,66,29905,34,187693
41102,0.001108,172.217.194.0-255,1484,31389,34,187693
41103,0.00111,172.31.33.0-255,66,31455,34,187693
41104,0.001116,172.217.194.0-255,2902,34357,34,187693
41105,0.001119,172.31.33.0-255,66,34423,34,187693
41106,0.001122,172.217.194.0-255,1484,35907,34,187693
41107,0.001124,172.31.33.0-255,66,35973,34,187693
41108,0.001148,172.217.194.0-255,4320,40293,34,187693
41109,0.00115,172.31.33.0-255,66,40359,34,187693
41110,0.001162,172.31.33.0-255,66,40425,34,187693
41111,0.001168,172.217.194.0-255,4320,44745,34,187693
41112,0.00117,172.31.33.0-255,66,44811,34,187693
41113,0.001194,172.217.194.0-255,4320,49131,34,187693
41114,0.001196,172.31.33.0-255,66,49197,34,187693
41115,0.001202,172.217.194.0-255,5379,54576,34,187693
41116,0.001204,172.31.33.0-255,66,54642,34,187693
41117,0.001306,172.217.194.0-255,1484,56126,34,187693
41118,0.001313,172.217.194.0-255,2902,59028,34,187693
41119,0.001316,172.31.33.0-255,66,59094,34,187693
41120,0.00132,172.217.194.0-255,2902,61996,34,187693
41121,0.001322,172.31.33.0-255,66,62062,34,187693
41122,0.001337,172.217.194.0-255,2902,64964,34,187693
41123,0.001339,172.31.33.0-255,66,65030,34,187693
41124,0.001344,172.217.194.0-255,4320,69350,34,187693
41125,0.001347,172.31.33.0-255,66,69416,34,187693
41126,0.001383,172.31.33.0-255,66,69482,34,187693
41127,0.001394,172.31.33.0-255,66,69548,34,187693
41128,0.001623,172.217.194.0-255,1484,71032,34,187693
41129,0.00163,172.217.194.0-255,2902,73934,34,187693
41130,0.001634,172.31.33.0-255,66,74000,34,187693
41131,0.00164,172.217.194.0-255,5738,79738,34,187693
41132,0.001643,172.31.33.0-255,66,79804,34,187693
41133,0.001655,172.31.33.0-255,66,79870,34,187693
41134,0.001666,172.31.33.0-255,66,79936,34,187693
41135,0.001689,172.217.194.0-255,1484,81420,34,187693
41136,0.001703,172.217.194.0-255,2902,84322,34,187693
41137,0.001705,172.31.33.0-255,66,84388,34,187693
41138,0.00171,172.217.194.0-255,4320,88708,34,187693
41139,0.001712,172.31.33.0-255,66,88774,34,187693
41140,0.001722,172.217.194.0-255,1484,90258,34,187693
41141,0.001755,172.31.33.0-255,66,90324,34,187693
41142,0.001782,172.31.33.0-255,66,90390,34,187693
41143,0.001788,172.217.194.0-255,7156,97546,34,187693
41144,0.00179,172.31.33.0-255,66,97612,34,187693
41145,0.001803,172.217.194.0-255,4320,101932,34,187693
41146,0.001805,172.31.33.0-255,66,101998,34,187693
41147,0.001823,172.217.194.0-255,7156,109154,34,187693
41148,0.001825,172.31.33.0-255,66,109220,34,187693
41149,0.001856,172.31.33.0-255,66,109286,34,187693
41150,0.001917,172.31.33.0-255,66,109352,34,187693
41151,0.001934,172.31.33.0-255,66,109418,34,187693
41152,0.001947,172.31.33.0-255,66,109484,34,187693
41153,0.002059,172.217.194.0-255,1484,110968,34,187693
41154,0.002072,172.217.194.0-255,2902,113870,34,187693
41155,0.002074,172.31.33.0-255,66,113936,34,187693
41156,0.002092,172.217.194.0-255,5738,119674,34,187693
41157,0.002095,172.31.33.0-255,66,119740,34,187693
41158,0.002118,172.217.194.0-255,1484,121224,34,187693
41159,0.002146,172.31.33.0-255,66,121290,34,187693
41160,0.002156,172.31.33.0-255,66,121356,34,187693
41161,0.002171,172.217.194.0-255,5020,126376,34,187693
41162,0.002173,172.31.33.0-255,66,126442,34,187693
41163,0.00218,172.217.194.0-255,5738,132180,34,187693
41164,0.002182,172.31.33.0-255,66,132246,34,187693
41165,0.002215,172.31.33.0-255,66,132312,34,187693
41166,0.002228,172.217.194.0-255,4320,136632,34,187693
41167,0.00223,172.31.33.0-255,66,136698,34,187693
41168,0.002262,172.31.33.0-255,66,136764,34,187693
41169,0.0023,172.217.194.0-255,1484,138248,34,187693
41170,0.002316,172.217.194.0-255,2902,141150,34,187693
41171,0.002318,172.31.33.0-255,66,141216,34,187693
41172,0.002323,172.217.194.0-255,2902,144118,34,187693
41173,0.002325,172.31.33.0-255,66,144184,34,187693
41174,0.002344,172.217.194.0-255,2902,147086,34,187693
41175,0.002345,172.31.33.0-255,66,147152,34,187693
41176,0.002365,172.217.194.0-255,7156,154308,34,187693
41177,0.002367,172.31.33.0-255,66,154374,34,187693
41178,0.002372,172.217.194.0-255,5738,160112,34,187693
41179,0.002375,172.31.33.0-255,66,160178,34,187693
41180,0.002399,172.217.194.0-255,5738,165916,34,187693
41181,0.002402,172.31.33.0-255,66,165982,34,187693
41182,0.002405,172.217.194.0-255,1484,167466,34,187693
41183,0.002409,172.217.194.0-255,3602,171068,34,187693
41184,0.002411,172.31.33.0-255,66,171134,34,187693
41185,0.002454,172.217.194.0-255,1484,172618,34,187693
41186,0.002469,172.217.194.0-255,2902,175520,34,187693
41187,0.002471,172.31.33.0-255,66,175586,34,187693
41188,0.002474,172.217.194.0-255,1484,177070,34,187693
41189,0.002492,172.217.194.0-255,4320,181390,34,187693
41190,0.002495,172.31.33.0-255,66,181456,34,187693
41191,0.0025,172.217.194.0-255,4320,185776,34,187693
41192,0.002502,172.31.33.0-255,66,185842,34,187693
41193,0.002522,172.31.33.0-255,66,185908,34,187693
41194,0.002526,172.217.194.0-255,1614,187522,34,187693
41195,0.002529,172.31.33.0-255,66,187588,34,187693
41196,0.002548,172.217.194.0-255,105,187693,34,187693
41197,0.0,74.125.200.0-255,149,149,34,273567
41198,2.2e-05,172.31.33.0-255,66,215,34,273567
41199,2.8e-05,74.125.200.0-255,1484,1699,34,273567
41200,3.2e-05,172.31.33.0-255,66,1765,34,273567
41201,3.5e-05,74.125.200.0-255,1484,3249,34,273567
41202,3.7e-05,172.31.33.0-255,66,3315,34,273567
41203,5.7e-05,74.125.200.0-255,2902,6217,34,273567
41204,6e-05,172.31.33.0-255,66,6283,34,273567
41205,8.1e-05,74.125.200.0-255,5738,12021,34,273567
41206,8.4e-05,172.31.33.0-255,66,12087,34,273567
41207,8.8e-05,74.125.200.0-255,2057,14144,34,273567
41208,9e-05,172.31.33.0-255,66,14210,34,273567
41209,0.000127,74.125.200.0-255,2902,17112,34,273567
41210,0.00013,172.31.33.0-255,66,17178,34,273567
41211,0.00015,74.125.200.0-255,4320,21498,34,273567
41212,0.000154,172.31.33.0-255,66,21564,34,273567
41213,0.000178,172.31.33.0-255,66,21630,34,273567
41214,0.000181,74.125.200.0-255,1125,22755,34,273567
41215,0.000182,172.31.33.0-255,66,22821,34,273567
41216,0.000334,74.125.200.0-255,1484,24305,34,273567
41217,0.000337,172.31.33.0-255,66,24371,34,273567
41218,0.000357,74.125.200.0-255,2902,27273,34,273567
41219,0.00036,172.31.33.0-255,66,27339,34,273567
41220,0.000362,74.125.200.0-255,1484,28823,34,273567
41221,0.000365,172.31.33.0-255,66,28889,34,273567
41222,0.00038,74.125.200.0-255,4320,33209,34,273567
41223,0.000383,172.31.33.0-255,66,33275,34,273567
41224,0.000388,74.125.200.0-255,4320,37595,34,273567
41225,0.00039,172.31.33.0-255,66,37661,34,273567
41226,0.000409,74.125.200.0-255,1484,39145,34,273567
41227,0.000411,172.31.33.0-255,66,39211,34,273567
41228,0.000423,74.125.200.0-255,3961,43172,34,273567
41229,0.000425,172.31.33.0-255,66,43238,34,273567
41230,0.000459,172.31.33.0-255,66,43304,34,273567
41231,0.000482,74.125.200.0-255,1484,44788,34,273567
41232,0.000496,74.125.200.0-255,2843,47631,34,273567
41233,0.000499,172.31.33.0-255,66,47697,34,273567
41234,0.000656,74.125.200.0-255,128,47825,34,273567
41235,0.000668,74.125.200.0-255,348,48173,34,273567
41236,0.000686,172.31.33.0-255,66,48239,34,273567
41237,0.001085,74.125.200.0-255,1484,49723,34,273567
41238,0.001093,74.125.200.0-255,2902,52625,34,273567
41239,0.001097,172.31.33.0-255,66,52691,34,273567
41240,0.001103,74.125.200.0-255,4320,57011,34,273567
41241,0.001105,172.31.33.0-255,66,57077,34,273567
41242,0.001132,172.31.33.0-255,66,57143,34,273567
41243,0.001135,74.125.200.0-255,1484,58627,34,273567
41244,0.001153,74.125.200.0-255,5738,64365,34,273567
41245,0.001156,172.31.33.0-255,66,64431,34,273567
41246,0.001161,74.125.200.0-255,2902,67333,34,273567
41247,0.001162,172.31.33.0-255,66,67399,34,273567
41248,0.001177,74.125.200.0-255,2902,70301,34,273567
41249,0.001179,172.31.33.0-255,66,70367,34,273567
41250,0.001205,74.125.200.0-255,2902,73269,34,273567
41251,0.001208,172.31.33.0-255,66,73335,34,273567
41252,0.001212,74.125.200.0-255,766,74101,34,273567
41253,0.001448,74.125.200.0-255,1484,75585,34,273567
41254,0.00145,172.31.33.0-255,66,75651,34,273567
41255,0.001461,74.125.200.0-255,2902,78553,34,273567
41256,0.001463,172.31.33.0-255,66,78619,34,273567
41257,0.001484,74.125.200.0-255,5738,84357,34,273567
41258,0.001486,172.31.33.0-255,66,84423,34,273567
41259,0.001489,74.125.200.0-255,1484,85907,34,273567
41260,0.001512,74.125.200.0-255,4320,90227,34,273567
41261,0.001514,172.31.33.0-255,66,90293,34,273567
41262,0.001521,74.125.200.0-255,7156,97449,34,273567
41263,0.001523,172.31.33.0-255,66,97515,34,273567
41264,0.001543,74.125.200.0-255,1484,98999,34,273567
41265,0.001553,74.125.200.0-255,1484,100483,34,273567
41266,0.001555,172.31.33.0-255,66,100549,34,273567
41267,0.001575,74.125.200.0-255,4320,104869,34,273567
41268,0.001578,172.31.33.0-255,66,104935,34,273567
41269,0.001587,74.125.200.0-255,1484,106419,34,273567
41270,0.001607,74.125.200.0-255,2184,108603,34,273567
41271,0.001609,172.31.33.0-255,66,108669,34,273567
41272,0.001648,74.125.200.0-255,4320,112989,34,273567
41273,0.00165,172.31.33.0-255,66,113055,34,273567
41274,0.001669,74.125.200.0-255,5738,118793,34,273567
41275,0.001671,172.31.33.0-255,66,118859,34,273567
41276,0.001703,74.125.200.0-255,2902,121761,34,273567
41277,0.001705,172.31.33.0-255,66,121827,34,273567
41278,0.001723,74.125.200.0-255,7156,128983,34,273567
41279,0.001726,172.31.33.0-255,66,129049,34,273567
41280,0.001729,74.125.200.0-255,2902,131951,34,273567
41281,0.001731,172.31.33.0-255,66,132017,34,273567
41282,0.00176,172.31.33.0-255,66,132083,34,273567
41283,0.001763,74.125.200.0-255,2184,134267,34,273567
41284,0.001765,172.31.33.0-255,66,134333,34,273567
41285,0.002315,74.125.200.0-255,1484,135817,34,273567
41286,0.00233,74.125.200.0-255,2902,138719,34,273567
41287,0.002332,172.31.33.0-255,66,138785,34,273567
41288,0.002354,74.125.200.0-255,5738,144523,34,273567
41289,0.002356,172.31.33.0-255,66,144589,34,273567
41290,0.00236,74.125.200.0-255,2902,147491,34,273567
41291,0.002362,172.31.33.0-255,66,147557,34,273567
41292,0.00244,172.31.33.0-255,66,147623,34,273567
41293,0.002445,74.125.200.0-255,4320,151943,34,273567
41294,0.002447,172.31.33.0-255,66,152009,34,273567
41295,0.00245,74.125.200.0-255,1484,153493,34,273567
41296,0.002453,74.125.200.0-255,1484,154977,34,273567
41297,0.002454,172.31.33.0-255,66,155043,34,273567
41298,0.002459,74.125.200.0-255,3602,158645,34,273567
41299,0.002461,172.31.33.0-255,66,158711,34,273567
41300,0.002718,74.125.200.0-255,1484,160195,34,273567
41301,0.002728,74.125.200.0-255,1484,161679,34,273567
41302,0.00273,172.31.33.0-255,66,161745,34,273567
41303,0.002748,74.125.200.0-255,1484,163229,34,273567
41304,0.002753,74.125.200.0-255,5738,168967,34,273567
41305,0.002755,172.31.33.0-255,66,169033,34,273567
41306,0.002774,74.125.200.0-255,2902,171935,34,273567
41307,0.002776,172.31.33.0-255,66,172001,34,273567
41308,0.002781,74.125.200.0-255,4320,176321,34,273567
41309,0.002783,172.31.33.0-255,66,176387,34,273567
41310,0.002815,74.125.200.0-255,5738,182125,34,273567
41311,0.002818,172.31.33.0-255,66,182191,34,273567
41312,0.002833,74.125.200.0-255,2902,185093,34,273567
41313,0.002835,172.31.33.0-255,66,185159,34,273567
41314,0.002867,74.125.200.0-255,1484,186643,34,273567
41315,0.002898,172.31.33.0-255,66,186709,34,273567
41316,0.002908,172.31.33.0-255,66,186775,34,273567
41317,0.002916,74.125.200.0-255,1484,188259,34,273567
41318,0.002939,74.125.200.0-255,7156,195415,34,273567
41319,0.002942,172.31.33.0-255,66,195481,34,273567
41320,0.002954,74.125.200.0-255,1484,196965,34,273567
41321,0.002978,172.31.33.0-255,66,197031,34,273567
41322,0.002982,74.125.200.0-255,3602,200633,34,273567
41323,0.002984,172.31.33.0-255,66,200699,34,273567
41324,0.003025,74.125.200.0-255,5738,206437,34,273567
41325,0.003027,172.31.33.0-255,66,206503,34,273567
41326,0.003051,172.31.33.0-255,66,206569,34,273567
41327,0.003055,74.125.200.0-255,2902,209471,34,273567
41328,0.003058,172.31.33.0-255,66,209537,34,273567
41329,0.003099,172.31.33.0-255,66,209603,34,273567
41330,0.003104,74.125.200.0-255,3602,213205,34,273567
41331,0.003106,172.31.33.0-255,66,213271,34,273567
41332,0.003118,74.125.200.0-255,1484,214755,34,273567
41333,0.003146,172.31.33.0-255,66,214821,34,273567
41334,0.003169,74.125.200.0-255,4320,219141,34,273567
41335,0.003172,172.31.33.0-255,66,219207,34,273567
41336,0.003185,172.31.33.0-255,66,219273,34,273567
41337,0.003187,74.125.200.0-255,766,220039,34,273567
41338,0.00319,74.125.200.0-255,1484,221523,34,273567
41339,0.003192,172.31.33.0-255,66,221589,34,273567
41340,0.003215,74.125.200.0-255,4320,225909,34,273567
41341,0.003218,172.31.33.0-255,66,225975,34,273567
41342,0.003244,74.125.200.0-255,5738,231713,34,273567
41343,0.003247,172.31.33.0-255,66,231779,34,273567
41344,0.003249,74.125.200.0-255,1484,233263,34,273567
41345,0.003252,74.125.200.0-255,1484,234747,34,273567
41346,0.003253,172.31.33.0-255,66,234813,34,273567
41347,0.003259,74.125.200.0-255,5738,240551,34,273567
41348,0.003261,172.31.33.0-255,66,240617,34,273567
41349,0.003268,74.125.200.0-255,7156,247773,34,273567
41350,0.00327,172.31.33.0-255,66,247839,34,273567
41351,0.003276,74.125.200.0-255,5738,253577,34,273567
41352,0.003278,74.125.200.0-255,766,254343,34,273567
41353,0.003348,74.125.200.0-255,4320,258663,34,273567
41354,0.003352,74.125.200.0-255,4320,262983,34,273567
41355,0.003391,74.125.200.0-255,2902,265885,34,273567
41356,0.003414,74.125.200.0-255,7016,272901,34,273567
41357,0.003417,74.125.200.0-255,105,273006,34,273567
41358,0.003441,74.125.200.0-255,129,273135,34,273567
41359,0.006004,172.31.33.0-255,66,273201,34,273567
41360,0.008383,172.31.33.0-255,105,273306,34,273567
41361,0.008407,172.31.33.0-255,105,273411,34,273567
41362,0.008643,172.31.33.0-255,90,273501,34,273567
41363,0.008651,172.31.33.0-255,66,273567,34,273567
41364,0.0,74.125.68.0-255,153,153,34,365564
41365,1.9e-05,172.31.33.0-255,66,219,34,365564
41366,2.5e-05,74.125.68.0-255,1484,1703,34,365564
41367,2.9e-05,172.31.33.0-255,66,1769,34,365564
41368,3.4e-05,74.125.68.0-255,2902,4671,34,365564
41369,3.6e-05,172.31.33.0-255,66,4737,34,365564
41370,5.2e-05,74.125.68.0-255,1484,6221,34,365564
41371,5.4e-05,172.31.33.0-255,66,6287,34,365564
41372,6.8e-05,74.125.68.0-255,4320,10607,34,365564
41373,7e-05,172.31.33.0-255,66,10673,34,365564
41374,7.4e-05,74.125.68.0-255,2902,13575,34,365564
41375,7.6e-05,172.31.33.0-255,66,13641,34,365564
41376,0.000106,74.125.68.0-255,593,14234,34,365564
41377,0.000108,172.31.33.0-255,66,14300,34,365564
41378,0.000212,74.125.68.0-255,1484,15784,34,365564
41379,0.000216,172.31.33.0-255,66,15850,34,365564
41380,0.000234,74.125.68.0-255,2902,18752,34,365564
41381,0.000236,172.31.33.0-255,66,18818,34,365564
41382,0.00024,74.125.68.0-255,2902,21720,34,365564
41383,0.000242,172.31.33.0-255,66,21786,34,365564
41384,0.000255,74.125.68.0-255,1484,23270,34,365564
41385,0.000256,172.31.33.0-255,66,23336,34,365564
41386,0.000298,74.125.68.0-255,4320,27656,34,365564
41387,0.0003,172.31.33.0-255,66,27722,34,365564
41388,0.000318,74.125.68.0-255,3961,31683,34,365564
41389,0.00032,172.31.33.0-255,66,31749,34,365564
41390,0.000412,74.125.68.0-255,1484,33233,34,365564
41391,0.000417,172.31.33.0-255,66,33299,34,365564
41392,0.000431,74.125.68.0-255,2902,36201,34,365564
41393,0.000433,172.31.33.0-255,66,36267,34,365564
41394,0.000453,74.125.68.0-255,2902,39169,34,365564
41395,0.000457,172.31.33.0-255,66,39235,34,365564
41396,0.000486,74.125.68.0-255,2902,42137,34,365564
41397,0.000489,172.31.33.0-255,66,42203,34,365564
41398,0.000512,74.125.68.0-255,1484,43687,34,365564
41399,0.000517,74.125.68.0-255,5379,49066,34,365564
41400,0.000522,172.31.33.0-255,66,49132,34,365564
41401,0.000535,74.125.68.0-255,1484,50616,34,365564
41402,0.000552,74.125.68.0-255,4320,54936,34,365564
41403,0.000555,172.31.33.0-255,66,55002,34,365564
41404,0.000557,74.125.68.0-255,1484,56486,34,365564
41405,0.000591,74.125.68.0-255,2902,59388,34,365564
41406,0.000595,172.31.33.0-255,66,59454,34,365564
41407,0.000615,74.125.68.0-255,5738,65192,34,365564
41408,0.000617,172.31.33.0-255,66,65258,34,365564
41409,0.00062,74.125.68.0-255,1125,66383,34,365564
41410,0.000972,74.125.68.0-255,646,67029,34,365564
41411,0.000976,172.31.33.0-255,66,67095,34,365564
41412,0.001306,74.125.68.0-255,1484,68579,34,365564
41413,0.001315,74.125.68.0-255,1484,70063,34,365564
41414,0.001319,172.31.33.0-255,66,70129,34,365564
41415,0.001342,74.125.68.0-255,2902,73031,34,365564
41416,0.001345,172.31.33.0-255,66,73097,34,365564
41417,0.001348,74.125.68.0-255,1484,74581,34,365564
41418,0.001364,74.125.68.0-255,2902,77483,34,365564
41419,0.001367,172.31.33.0-255,66,77549,34,365564
41420,0.001386,74.125.68.0-255,1484,79033,34,365564
41421,0.00139,74.125.68.0-255,1484,80517,34,365564
41422,0.001393,172.31.33.0-255,66,80583,34,365564
41423,0.001398,74.125.68.0-255,2902,83485,34,365564
41424,0.001399,172.31.33.0-255,66,83551,34,365564
41425,0.00143,74.125.68.0-255,3961,87512,34,365564
41426,0.001433,172.31.33.0-255,66,87578,34,365564
41427,0.001439,74.125.68.0-255,4320,91898,34,365564
41428,0.001441,172.31.33.0-255,66,91964,34,365564
41429,0.001486,74.125.68.0-255,5738,97702,34,365564
41430,0.001489,172.31.33.0-255,66,97768,34,365564
41431,0.001509,74.125.68.0-255,2902,100670,34,365564
41432,0.001511,172.31.33.0-255,66,100736,34,365564
41433,0.001514,74.125.68.0-255,1125,101861,34,365564
41434,0.002031,74.125.68.0-255,1484,103345,34,365564
41435,0.002039,172.31.33.0-255,66,103411,34,365564
41436,0.002045,74.125.68.0-255,2902,106313,34,365564
41437,0.002048,172.31.33.0-255,66,106379,34,365564
41438,0.00208,74.125.68.0-255,2902,109281,34,365564
41439,0.002083,172.31.33.0-255,66,109347,34,365564
41440,0.002101,74.125.68.0-255,2902,112249,34,365564
41441,0.002103,172.31.33.0-255,66,112315,34,365564
41442,0.002107,74.125.68.0-255,2902,115217,34,365564
41443,0.002109,172.31.33.0-255,66,115283,34,365564
41444,0.00213,74.125.68.0-255,4320,119603,34,365564
41445,0.002132,172.31.33.0-255,66,119669,34,365564
41446,0.002138,74.125.68.0-255,5738,125407,34,365564
41447,0.002141,172.31.33.0-255,66,125473,34,365564
41448,0.002191,74.125.68.0-255,7156,132629,34,365564
41449,0.002193,172.31.33.0-255,66,132695,34,365564
41450,0.002196,74.125.68.0-255,1484,134179,34,365564
41451,0.002201,74.125.68.0-255,2184,136363,34,365564
41452,0.002203,172.31.33.0-255,66,136429,34,365564
41453,0.002305,74.125.68.0-255,1484,137913,34,365564
41454,0.002324,74.125.68.0-255,2902,140815,34,365564
41455,0.002327,172.31.33.0-255,66,140881,34,365564
41456,0.002343,74.125.68.0-255,1484,142365,34,365564
41457,0.002357,74.125.68.0-255,2902,145267,34,365564
41458,0.00236,172.31.33.0-255,66,145333,34,365564
41459,0.002362,74.125.68.0-255,1484,146817,34,365564
41460,0.002374,74.125.68.0-255,1484,148301,34,365564
41461,0.002377,172.31.33.0-255,66,148367,34,365564
41462,0.002396,74.125.68.0-255,1484,149851,34,365564
41463,0.002401,74.125.68.0-255,2902,152753,34,365564
41464,0.002404,172.31.33.0-255,66,152819,34,365564
41465,0.002418,74.125.68.0-255,1484,154303,34,365564
41466,0.002434,74.125.68.0-255,4320,158623,34,365564
41467,0.002437,172.31.33.0-255,66,158689,34,365564
41468,0.002452,74.125.68.0-255,2902,161591,34,365564
41469,0.002455,172.31.33.0-255,66,161657,34,365564
41470,0.00246,74.125.68.0-255,2902,164559,34,365564
41471,0.002462,172.31.33.0-255,66,164625,34,365564
41472,0.002479,74.125.68.0-255,2902,167527,34,365564
41473,0.002482,172.31.33.0-255,66,167593,34,365564
41474,0.002488,74.125.68.0-255,3602,171195,34,365564
41475,0.00249,172.31.33.0-255,66,171261,34,365564
41476,0.002847,74.125.68.0-255,1484,172745,34,365564
41477,0.00287,74.125.68.0-255,1484,174229,34,365564
41478,0.002872,172.31.33.0-255,66,174295,34,365564
41479,0.002884,74.125.68.0-255,2902,177197,34,365564
41480,0.002887,172.31.33.0-255,66,177263,34,365564
41481,0.002891,74.125.68.0-255,2902,180165,34,365564
41482,0.002894,172.31.33.0-255,66,180231,34,365564
41483,0.002914,74.125.68.0-255,2902,183133,34,365564
41484,0.002916,172.31.33.0-255,66,183199,34,365564
41485,0.002947,74.125.68.0-255,5738,188937,34,365564
41486,0.00295,172.31.33.0-255,66,189003,34,365564
41487,0.002956,74.125.68.0-255,5738,194741,34,365564
41488,0.002958,172.31.33.0-255,66,194807,34,365564
41489,0.002971,74.125.68.0-255,1484,196291,34,365564
41490,0.003003,74.125.68.0-255,1484,197775,34,365564
41491,0.003005,172.31.33.0-255,66,197841,34,365564
41492,0.003031,172.31.33.0-255,66,197907,34,365564
41493,0.003077,74.125.68.0-255,1484,199391,34,365564
41494,0.003099,74.125.68.0-255,2902,202293,34,365564
41495,0.003102,172.31.33.0-255,66,202359,34,365564
41496,0.003105,74.125.68.0-255,1484,203843,34,365564
41497,0.003119,74.125.68.0-255,1484,205327,34,365564
41498,0.003121,172.31.33.0-255,66,205393,34,365564
41499,0.003127,74.125.68.0-255,2902,208295,34,365564
41500,0.003129,172.31.33.0-255,66,208361,34,365564
41501,0.00314,74.125.68.0-255,1484,209845,34,365564
41502,0.00318,74.125.68.0-255,4320,214165,34,365564
41503,0.003182,172.31.33.0-255,66,214231,34,365564
41504,0.003202,74.125.68.0-255,4320,218551,34,365564
41505,0.003205,172.31.33.0-255,66,218617,34,365564
41506,0.003217,172.31.33.0-255,66,218683,34,365564
41507,0.003222,74.125.68.0-255,3602,222285,34,365564
41508,0.003457,74.125.68.0-255,1484,223769,34,365564
41509,0.003487,74.125.68.0-255,2902,226671,34,365564
41510,0.00349,74.125.68.0-255,1484,228155,34,365564
41511,0.003507,74.125.68.0-255,2902,231057,34,365564
41512,0.003524,74.125.68.0-255,5738,236795,34,365564
41513,0.003547,74.125.68.0-255,2902,239697,34,365564
41514,0.003554,74.125.68.0-255,5738,245435,34,365564
41515,0.003561,74.125.68.0-255,7156,252591,34,365564
41516,0.003586,74.125.68.0-255,3602,256193,34,365564
41517,0.00368,74.125.68.0-255,1484,257677,34,365564
41518,0.003687,74.125.68.0-255,2902,260579,34,365564
41519,0.0037,74.125.68.0-255,4320,264899,34,365564
41520,0.00371,74.125.68.0-255,1484,266383,34,365564
41521,0.003731,74.125.68.0-255,7156,273539,34,365564
41522,0.003749,74.125.68.0-255,2902,276441,34,365564
41523,0.003753,74.125.68.0-255,1484,277925,34,365564
41524,0.003783,74.125.68.0-255,2184,280109,34,365564
41525,0.003787,74.125.68.0-255,2902,283011,34,365564
41526,0.003862,74.125.68.0-255,7156,290167,34,365564
41527,0.003869,74.125.68.0-255,5738,295905,34,365564
41528,0.003876,74.125.68.0-255,7156,303061,34,365564
41529,0.003881,74.125.68.0-255,2902,305963,34,365564
41530,0.004194,74.125.68.0-255,1484,307447,34,365564
41531,0.004208,74.125.68.0-255,1484,308931,34,365564
41532,0.004222,74.125.68.0-255,1484,310415,34,365564
41533,0.004229,74.125.68.0-255,5738,316153,34,365564
41534,0.004231,74.125.68.0-255,1484,317637,34,365564
41535,0.004243,74.125.68.0-255,1484,319121,34,365564
41536,0.004248,74.125.68.0-255,2902,322023,34,365564
41537,0.004262,74.125.68.0-255,1484,323507,34,365564
41538,0.004304,74.125.68.0-255,4320,327827,34,365564
41539,0.004318,74.125.68.0-255,2902,330729,34,365564
41540,0.004324,74.125.68.0-255,5738,336467,34,365564
41541,0.004342,74.125.68.0-255,2902,339369,34,365564
41542,0.004345,74.125.68.0-255,766,340135,34,365564
41543,0.004357,74.125.68.0-255,1484,341619,34,365564
41544,0.004387,74.125.68.0-255,2902,344521,34,365564
41545,0.004402,74.125.68.0-255,1484,346005,34,365564
41546,0.004414,74.125.68.0-255,1484,347489,34,365564
41547,0.004431,74.125.68.0-255,1484,348973,34,365564
41548,0.004434,74.125.68.0-255,1484,350457,34,365564
41549,0.004437,74.125.68.0-255,1484,351941,34,365564
41550,0.004439,74.125.68.0-255,1484,353425,34,365564
41551,0.004442,74.125.68.0-255,1484,354909,34,365564
41552,0.004463,74.125.68.0-255,1484,356393,34,365564
41553,0.00448,74.125.68.0-255,1484,357877,34,365564
41554,0.004494,74.125.68.0-255,2902,360779,34,365564
41555,0.004498,74.125.68.0-255,1484,362263,34,365564
41556,0.004513,74.125.68.0-255,1484,363747,34,365564
41557,0.004537,74.125.68.0-255,1646,365393,34,365564
41558,0.00458,74.125.68.0-255,105,365498,34,365564
41559,0.007928,172.31.33.0-255,66,365564,34,365564
