,TIME,SRC,PACKET_SIZE,CUMULATIVE_PACKET_SIZE,PAGE_NUMBER,TOTAL_PACKET_SIZE
0,0.0,74.125.24.0-255,297,297,44,190586
1,2.2e-05,172.31.46.0-255,66,363,44,190586
2,2.8e-05,74.125.24.0-255,1484,1847,44,190586
3,3.2e-05,172.31.46.0-255,66,1913,44,190586
4,3.8e-05,74.125.24.0-255,2902,4815,44,190586
5,4.2e-05,172.31.46.0-255,66,4881,44,190586
6,5.9e-05,74.125.24.0-255,1484,6365,44,190586
7,6.1e-05,172.31.46.0-255,66,6431,44,190586
8,8.2e-05,74.125.24.0-255,5738,12169,44,190586
9,8.5e-05,172.31.46.0-255,66,12235,44,190586
10,0.000107,74.125.24.0-255,1743,13978,44,190586
11,0.000109,172.31.46.0-255,66,14044,44,190586
12,0.000149,74.125.24.0-255,7156,21200,44,190586
13,0.000151,172.31.46.0-255,66,21266,44,190586
14,0.000173,74.125.24.0-255,1484,22750,44,190586
15,0.000176,172.31.46.0-255,66,22816,44,190586
16,0.000181,74.125.24.0-255,4320,27136,44,190586
17,0.000183,172.31.46.0-255,66,27202,44,190586
18,0.000189,74.125.24.0-255,3961,31163,44,190586
19,0.000191,172.31.46.0-255,66,31229,44,190586
20,0.000196,74.125.24.0-255,4320,35549,44,190586
21,0.000199,172.31.46.0-255,66,35615,44,190586
22,0.000231,74.125.24.0-255,5738,41353,44,190586
23,0.000234,172.31.46.0-255,66,41419,44,190586
24,0.000258,74.125.24.0-255,4320,45739,44,190586
25,0.00026,172.31.46.0-255,66,45805,44,190586
26,0.000264,74.125.24.0-255,2543,48348,44,190586
27,0.000266,172.31.46.0-255,66,48414,44,190586
28,0.000291,74.125.24.0-255,4320,52734,44,190586
29,0.000293,172.31.46.0-255,66,52800,44,190586
30,0.000322,172.31.46.0-255,66,52866,44,190586
31,0.000339,74.125.24.0-255,1484,54350,44,190586
32,0.000344,74.125.24.0-255,2543,56893,44,190586
33,0.000449,74.125.24.0-255,410,57303,44,190586
34,0.000517,172.31.46.0-255,66,57369,44,190586
35,0.000622,74.125.24.0-255,332,57701,44,190586
36,0.001068,172.31.46.0-255,66,57767,44,190586
37,0.001134,74.125.24.0-255,1484,59251,44,190586
38,0.001149,74.125.24.0-255,2902,62153,44,190586
39,0.001153,74.125.24.0-255,2902,65055,44,190586
40,0.001165,74.125.24.0-255,2902,67957,44,190586
41,0.001168,74.125.24.0-255,1484,69441,44,190586
42,0.001175,172.31.46.0-255,66,69507,44,190586
43,0.001228,172.31.46.0-255,66,69573,44,190586
44,0.001245,74.125.24.0-255,2184,71757,44,190586
45,0.001258,172.31.46.0-255,66,71823,44,190586
46,0.003561,74.125.24.0-255,2902,74725,44,190586
47,0.003568,172.31.46.0-255,66,74791,44,190586
48,0.00359,74.125.24.0-255,2902,77693,44,190586
49,0.004875,172.31.46.0-255,66,77759,44,190586
50,0.005903,74.125.24.0-255,2902,80661,44,190586
51,0.00591,172.31.46.0-255,66,80727,44,190586
52,0.007203,74.125.24.0-255,2902,83629,44,190586
53,0.008227,74.125.24.0-255,2902,86531,44,190586
54,0.008811,172.31.46.0-255,66,86597,44,190586
55,0.011136,74.125.24.0-255,5738,92335,44,190586
56,0.011143,172.31.46.0-255,66,92401,44,190586
57,0.013456,74.125.24.0-255,5738,98139,44,190586
58,0.013526,172.31.46.0-255,66,98205,44,190586
59,0.015837,74.125.24.0-255,5738,103943,44,190586
60,0.015846,172.31.46.0-255,66,104009,44,190586
61,0.01819,74.125.24.0-255,4320,108329,44,190586
62,0.018199,172.31.46.0-255,66,108395,44,190586
63,0.018219,74.125.24.0-255,1484,109879,44,190586
64,0.020523,74.125.24.0-255,4320,114199,44,190586
65,0.020531,172.31.46.0-255,66,114265,44,190586
66,0.022859,74.125.24.0-255,5738,120003,44,190586
67,0.022957,172.31.46.0-255,66,120069,44,190586
68,0.025406,74.125.24.0-255,5738,125807,44,190586
69,0.025415,172.31.46.0-255,66,125873,44,190586
70,0.02683,172.31.46.0-255,167,126040,44,190586
71,0.026862,172.31.46.0-255,1113,127153,44,190586
72,0.026925,172.31.46.0-255,1514,128667,44,190586
73,0.026927,172.31.46.0-255,1514,130181,44,190586
74,0.026928,172.31.46.0-255,1514,131695,44,190586
75,0.02693,172.31.46.0-255,1514,133209,44,190586
76,0.026931,172.31.46.0-255,557,133766,44,190586
77,0.02773,74.125.24.0-255,5738,139504,44,190586
78,0.027737,172.31.46.0-255,66,139570,44,190586
79,0.028866,104.244.42.0-255,66,139636,44,190586
80,0.030076,74.125.24.0-255,5738,145374,44,190586
81,0.030082,172.31.46.0-255,66,145440,44,190586
82,0.032409,74.125.24.0-255,1484,146924,44,190586
83,0.032436,74.125.24.0-255,4320,151244,44,190586
84,0.032441,172.31.46.0-255,66,151310,44,190586
85,0.034765,74.125.24.0-255,5738,157048,44,190586
86,0.034772,172.31.46.0-255,66,157114,44,190586
87,0.037177,74.125.24.0-255,5738,162852,44,190586
88,0.037184,172.31.46.0-255,66,162918,44,190586
89,0.039531,74.125.24.0-255,5738,168656,44,190586
90,0.039538,172.31.46.0-255,66,168722,44,190586
91,0.041868,74.125.24.0-255,5738,174460,44,190586
92,0.041874,172.31.46.0-255,66,174526,44,190586
93,0.044198,74.125.24.0-255,4320,178846,44,190586
94,0.044204,172.31.46.0-255,66,178912,44,190586
95,0.044223,74.125.24.0-255,1484,180396,44,190586
96,0.046569,74.125.24.0-255,4320,184716,44,190586
97,0.046576,172.31.46.0-255,66,184782,44,190586
98,0.048894,74.125.24.0-255,5738,190520,44,190586
99,0.048958,172.31.46.0-255,66,190586,44,190586
100,0.0,74.125.68.0-255,153,153,44,318116
101,1.6e-05,172.31.46.0-255,66,219,44,318116
102,2.3e-05,74.125.68.0-255,1484,1703,44,318116
103,2.8e-05,172.31.46.0-255,66,1769,44,318116
104,3.4e-05,74.125.68.0-255,2902,4671,44,318116
105,3.7e-05,172.31.46.0-255,66,4737,44,318116
106,6.5e-05,74.125.68.0-255,5738,10475,44,318116
107,6.8e-05,172.31.46.0-255,66,10541,44,318116
108,8.9e-05,74.125.68.0-255,4320,14861,44,318116
109,9.1e-05,172.31.46.0-255,66,14927,44,318116
110,0.000102,74.125.68.0-255,2089,17016,44,318116
111,0.000104,172.31.46.0-255,66,17082,44,318116
112,0.000112,74.125.68.0-255,7156,24238,44,318116
113,0.000114,172.31.46.0-255,66,24304,44,318116
114,0.000144,74.125.68.0-255,2902,27206,44,318116
115,0.000146,172.31.46.0-255,66,27272,44,318116
116,0.000167,74.125.68.0-255,3961,31233,44,318116
117,0.000169,172.31.46.0-255,66,31299,44,318116
118,0.000229,74.125.68.0-255,1484,32783,44,318116
119,0.000231,172.31.46.0-255,66,32849,44,318116
120,0.000244,74.125.68.0-255,2902,35751,44,318116
121,0.000246,172.31.46.0-255,66,35817,44,318116
122,0.000249,74.125.68.0-255,1484,37301,44,318116
123,0.00025,172.31.46.0-255,66,37367,44,318116
124,0.000276,74.125.68.0-255,1484,38851,44,318116
125,0.000278,172.31.46.0-255,66,38917,44,318116
126,0.000284,74.125.68.0-255,4320,43237,44,318116
127,0.000286,172.31.46.0-255,66,43303,44,318116
128,0.000302,74.125.68.0-255,2902,46205,44,318116
129,0.000304,172.31.46.0-255,66,46271,44,318116
130,0.000324,74.125.68.0-255,2543,48814,44,318116
131,0.000326,172.31.46.0-255,66,48880,44,318116
132,0.000352,74.125.68.0-255,5738,54618,44,318116
133,0.000354,172.31.46.0-255,66,54684,44,318116
134,0.000358,74.125.68.0-255,2902,57586,44,318116
135,0.00036,172.31.46.0-255,66,57652,44,318116
136,0.000381,74.125.68.0-255,1484,59136,44,318116
137,0.000395,74.125.68.0-255,2902,62038,44,318116
138,0.000398,172.31.46.0-255,66,62104,44,318116
139,0.000403,74.125.68.0-255,4237,66341,44,318116
140,0.000405,172.31.46.0-255,66,66407,44,318116
141,0.00043,74.125.68.0-255,133,66540,44,318116
142,0.000612,74.125.68.0-255,1484,68024,44,318116
143,0.000617,172.31.46.0-255,66,68090,44,318116
144,0.000621,74.125.68.0-255,1484,69574,44,318116
145,0.000635,74.125.68.0-255,1484,71058,44,318116
146,0.000638,172.31.46.0-255,66,71124,44,318116
147,0.000645,74.125.68.0-255,5738,76862,44,318116
148,0.000647,172.31.46.0-255,66,76928,44,318116
149,0.000649,74.125.68.0-255,1484,78412,44,318116
150,0.000671,74.125.68.0-255,1484,79896,44,318116
151,0.000673,172.31.46.0-255,66,79962,44,318116
152,0.000679,74.125.68.0-255,4320,84282,44,318116
153,0.000681,172.31.46.0-255,66,84348,44,318116
154,0.000697,74.125.68.0-255,5738,90086,44,318116
155,0.000699,172.31.46.0-255,66,90152,44,318116
156,0.00072,74.125.68.0-255,2902,93054,44,318116
157,0.000722,172.31.46.0-255,66,93120,44,318116
158,0.000728,74.125.68.0-255,4320,97440,44,318116
159,0.000729,172.31.46.0-255,66,97506,44,318116
160,0.000751,74.125.68.0-255,5020,102526,44,318116
161,0.000753,172.31.46.0-255,66,102592,44,318116
162,0.000757,74.125.68.0-255,2902,105494,44,318116
163,0.000759,172.31.46.0-255,66,105560,44,318116
164,0.00078,74.125.68.0-255,4320,109880,44,318116
165,0.000782,172.31.46.0-255,66,109946,44,318116
166,0.000809,74.125.68.0-255,1484,111430,44,318116
167,0.000819,74.125.68.0-255,1484,112914,44,318116
168,0.000821,172.31.46.0-255,66,112980,44,318116
169,0.00084,74.125.68.0-255,1484,114464,44,318116
170,0.000846,74.125.68.0-255,5738,120202,44,318116
171,0.000849,172.31.46.0-255,66,120268,44,318116
172,0.000851,74.125.68.0-255,1484,121752,44,318116
173,0.000864,74.125.68.0-255,2902,124654,44,318116
174,0.000866,172.31.46.0-255,66,124720,44,318116
175,0.000892,74.125.68.0-255,1484,126204,44,318116
176,0.000901,74.125.68.0-255,7156,133360,44,318116
177,0.000903,172.31.46.0-255,66,133426,44,318116
178,0.000907,74.125.68.0-255,2460,135886,44,318116
179,0.000909,172.31.46.0-255,66,135952,44,318116
180,0.000953,74.125.68.0-255,1484,137436,44,318116
181,0.000966,74.125.68.0-255,2902,140338,44,318116
182,0.000969,172.31.46.0-255,66,140404,44,318116
183,0.000995,74.125.68.0-255,5738,146142,44,318116
184,0.000998,172.31.46.0-255,66,146208,44,318116
185,0.001042,74.125.68.0-255,2902,149110,44,318116
186,0.001044,172.31.46.0-255,66,149176,44,318116
187,0.001067,74.125.68.0-255,1484,150660,44,318116
188,0.001074,74.125.68.0-255,5738,156398,44,318116
189,0.001076,172.31.46.0-255,66,156464,44,318116
190,0.001087,172.31.46.0-255,66,156530,44,318116
191,0.001091,74.125.68.0-255,2184,158714,44,318116
192,0.001093,172.31.46.0-255,66,158780,44,318116
193,0.001716,74.125.68.0-255,1484,160264,44,318116
194,0.001777,74.125.68.0-255,2902,163166,44,318116
195,0.001781,172.31.46.0-255,66,163232,44,318116
196,0.001804,74.125.68.0-255,4320,167552,44,318116
197,0.001806,172.31.46.0-255,66,167618,44,318116
198,0.001818,74.125.68.0-255,2902,170520,44,318116
199,0.001821,172.31.46.0-255,66,170586,44,318116
200,0.001842,74.125.68.0-255,5738,176324,44,318116
201,0.001844,172.31.46.0-255,66,176390,44,318116
202,0.00185,74.125.68.0-255,4320,180710,44,318116
203,0.001851,172.31.46.0-255,66,180776,44,318116
204,0.001882,74.125.68.0-255,1484,182260,44,318116
205,0.001916,172.31.46.0-255,66,182326,44,318116
206,0.002181,74.125.68.0-255,1484,183810,44,318116
207,0.002201,74.125.68.0-255,2902,186712,44,318116
208,0.002205,172.31.46.0-255,66,186778,44,318116
209,0.002231,74.125.68.0-255,5738,192516,44,318116
210,0.002237,74.125.68.0-255,5738,198254,44,318116
211,0.00224,172.31.46.0-255,66,198320,44,318116
212,0.002243,172.31.46.0-255,66,198386,44,318116
213,0.002267,74.125.68.0-255,7156,205542,44,318116
214,0.00227,172.31.46.0-255,66,205608,44,318116
215,0.002303,172.31.46.0-255,66,205674,44,318116
216,0.002334,74.125.68.0-255,1484,207158,44,318116
217,0.002349,172.31.46.0-255,66,207224,44,318116
218,0.002354,74.125.68.0-255,2902,210126,44,318116
219,0.002356,74.125.68.0-255,1484,211610,44,318116
220,0.007911,172.31.46.0-255,66,211676,44,318116
221,0.010271,74.125.68.0-255,4320,215996,44,318116
222,0.010289,172.31.46.0-255,66,216062,44,318116
223,0.012649,74.125.68.0-255,5738,221800,44,318116
224,0.012669,172.31.46.0-255,66,221866,44,318116
225,0.015026,74.125.68.0-255,5738,227604,44,318116
226,0.015047,172.31.46.0-255,66,227670,44,318116
227,0.017399,74.125.68.0-255,5738,233408,44,318116
228,0.017418,172.31.46.0-255,66,233474,44,318116
229,0.01978,74.125.68.0-255,5738,239212,44,318116
230,0.019799,172.31.46.0-255,66,239278,44,318116
231,0.022146,74.125.68.0-255,5738,245016,44,318116
232,0.022164,172.31.46.0-255,66,245082,44,318116
233,0.024512,74.125.68.0-255,5738,250820,44,318116
234,0.02453,172.31.46.0-255,66,250886,44,318116
235,0.026868,74.125.68.0-255,5738,256624,44,318116
236,0.026885,172.31.46.0-255,66,256690,44,318116
237,0.029223,74.125.68.0-255,5738,262428,44,318116
238,0.02924,172.31.46.0-255,66,262494,44,318116
239,0.0316,74.125.68.0-255,5738,268232,44,318116
240,0.031619,172.31.46.0-255,66,268298,44,318116
241,0.033972,74.125.68.0-255,5738,274036,44,318116
242,0.03399,172.31.46.0-255,66,274102,44,318116
243,0.036338,74.125.68.0-255,5738,279840,44,318116
244,0.036348,172.31.46.0-255,66,279906,44,318116
245,0.038691,74.125.68.0-255,5738,285644,44,318116
246,0.038701,172.31.46.0-255,66,285710,44,318116
247,0.041061,74.125.68.0-255,5738,291448,44,318116
248,0.041073,172.31.46.0-255,66,291514,44,318116
249,0.043418,74.125.68.0-255,5738,297252,44,318116
250,0.043425,172.31.46.0-255,66,297318,44,318116
251,0.043591,172.31.46.0-255,172,297490,44,318116
252,0.043616,172.31.46.0-255,1114,298604,44,318116
253,0.043734,172.31.46.0-255,1514,300118,44,318116
254,0.043736,172.31.46.0-255,1514,301632,44,318116
255,0.043741,172.31.46.0-255,1514,303146,44,318116
256,0.043741,172.31.46.0-255,1514,304660,44,318116
257,0.04376,172.31.46.0-255,1514,306174,44,318116
258,0.043761,172.31.46.0-255,70,306244,44,318116
259,0.045147,104.244.42.0-255,66,306310,44,318116
260,0.045155,104.244.42.0-255,66,306376,44,318116
261,0.045274,104.244.42.0-255,66,306442,44,318116
262,0.04528,104.244.42.0-255,66,306508,44,318116
263,0.045757,74.125.68.0-255,5738,312246,44,318116
264,0.045763,172.31.46.0-255,66,312312,44,318116
265,0.048092,74.125.68.0-255,5738,318050,44,318116
266,0.048101,172.31.46.0-255,66,318116,44,318116
267,0.0,172.217.194.0-255,152,152,44,264395
268,2.2e-05,172.31.46.0-255,66,218,44,264395
269,2.9e-05,172.217.194.0-255,1484,1702,44,264395
270,3.3e-05,172.31.46.0-255,66,1768,44,264395
271,4e-05,172.217.194.0-255,2902,4670,44,264395
272,4.4e-05,172.31.46.0-255,66,4736,44,264395
273,5.1e-05,172.217.194.0-255,7156,11892,44,264395
274,5.4e-05,172.31.46.0-255,66,11958,44,264395
275,5.6e-05,172.217.194.0-255,1484,13442,44,264395
276,5.9e-05,172.31.46.0-255,66,13508,44,264395
277,0.000105,172.31.46.0-255,66,13574,44,264395
278,0.000109,172.217.194.0-255,2543,16117,44,264395
279,0.000111,172.31.46.0-255,66,16183,44,264395
280,0.000156,172.31.46.0-255,66,16249,44,264395
281,0.000205,172.217.194.0-255,1484,17733,44,264395
282,0.000207,172.31.46.0-255,66,17799,44,264395
283,0.000212,172.217.194.0-255,2902,20701,44,264395
284,0.000215,172.31.46.0-255,66,20767,44,264395
285,0.000248,172.217.194.0-255,5738,26505,44,264395
286,0.000251,172.31.46.0-255,66,26571,44,264395
287,0.000258,172.217.194.0-255,6797,33368,44,264395
288,0.000261,172.31.46.0-255,66,33434,44,264395
289,0.000284,172.217.194.0-255,380,33814,44,264395
290,0.000286,172.31.46.0-255,66,33880,44,264395
291,0.000303,172.217.194.0-255,363,34243,44,264395
292,0.000305,172.31.46.0-255,66,34309,44,264395
293,0.000496,172.217.194.0-255,1484,35793,44,264395
294,0.000501,172.31.46.0-255,66,35859,44,264395
295,0.000507,172.217.194.0-255,2902,38761,44,264395
296,0.000509,172.31.46.0-255,66,38827,44,264395
297,0.000516,172.217.194.0-255,5738,44565,44,264395
298,0.000518,172.31.46.0-255,66,44631,44,264395
299,0.000544,172.217.194.0-255,6248,50879,44,264395
300,0.000548,172.31.46.0-255,66,50945,44,264395
301,0.001018,172.217.194.0-255,1484,52429,44,264395
302,0.001025,172.217.194.0-255,2902,55331,44,264395
303,0.001029,172.31.46.0-255,66,55397,44,264395
304,0.001036,172.217.194.0-255,4320,59717,44,264395
305,0.001038,172.31.46.0-255,66,59783,44,264395
306,0.00106,172.217.194.0-255,1484,61267,44,264395
307,0.001074,172.31.46.0-255,66,61333,44,264395
308,0.001108,172.217.194.0-255,4320,65653,44,264395
309,0.001111,172.31.46.0-255,66,65719,44,264395
310,0.001136,172.217.194.0-255,6438,72157,44,264395
311,0.001139,172.31.46.0-255,66,72223,44,264395
312,0.001597,172.217.194.0-255,1484,73707,44,264395
313,0.001606,172.217.194.0-255,2902,76609,44,264395
314,0.001609,172.31.46.0-255,66,76675,44,264395
315,0.001615,172.217.194.0-255,2902,79577,44,264395
316,0.001617,172.31.46.0-255,66,79643,44,264395
317,0.00163,172.217.194.0-255,2902,82545,44,264395
318,0.001632,172.31.46.0-255,66,82611,44,264395
319,0.001638,172.217.194.0-255,7156,89767,44,264395
320,0.00164,172.31.46.0-255,66,89833,44,264395
321,0.001663,172.217.194.0-255,5738,95571,44,264395
322,0.001666,172.31.46.0-255,66,95637,44,264395
323,0.001677,172.31.46.0-255,66,95703,44,264395
324,0.001882,172.217.194.0-255,1484,97187,44,264395
325,0.001888,172.217.194.0-255,2902,100089,44,264395
326,0.001892,172.31.46.0-255,66,100155,44,264395
327,0.0019,172.217.194.0-255,5738,105893,44,264395
328,0.001902,172.31.46.0-255,66,105959,44,264395
329,0.001947,172.31.46.0-255,66,106025,44,264395
330,0.001949,172.217.194.0-255,1484,107509,44,264395
331,0.001969,172.217.194.0-255,7156,114665,44,264395
332,0.001971,172.31.46.0-255,66,114731,44,264395
333,0.001988,172.217.194.0-255,2184,116915,44,264395
334,0.00199,172.31.46.0-255,66,116981,44,264395
335,0.001993,172.217.194.0-255,1484,118465,44,264395
336,0.002017,172.31.46.0-255,66,118531,44,264395
337,0.002019,172.217.194.0-255,1484,120015,44,264395
338,0.002043,172.31.46.0-255,66,120081,44,264395
339,0.00206,172.217.194.0-255,1484,121565,44,264395
340,0.002071,172.31.46.0-255,66,121631,44,264395
341,0.00409,172.217.194.0-255,5738,127369,44,264395
342,0.004096,172.31.46.0-255,66,127435,44,264395
343,0.006117,172.217.194.0-255,5738,133173,44,264395
344,0.006122,172.31.46.0-255,66,133239,44,264395
345,0.008132,172.217.194.0-255,5738,138977,44,264395
346,0.008139,172.31.46.0-255,66,139043,44,264395
347,0.010157,172.217.194.0-255,5738,144781,44,264395
348,0.010164,172.31.46.0-255,66,144847,44,264395
349,0.012148,172.217.194.0-255,5738,150585,44,264395
350,0.012155,172.31.46.0-255,66,150651,44,264395
351,0.014158,172.217.194.0-255,5738,156389,44,264395
352,0.014165,172.31.46.0-255,66,156455,44,264395
353,0.016164,172.217.194.0-255,5738,162193,44,264395
354,0.01617,172.31.46.0-255,66,162259,44,264395
355,0.018175,172.217.194.0-255,5738,167997,44,264395
356,0.018182,172.31.46.0-255,66,168063,44,264395
357,0.020173,172.217.194.0-255,5738,173801,44,264395
358,0.02018,172.31.46.0-255,66,173867,44,264395
359,0.022204,172.217.194.0-255,5738,179605,44,264395
360,0.022212,172.31.46.0-255,66,179671,44,264395
361,0.024226,172.217.194.0-255,5738,185409,44,264395
362,0.024235,172.31.46.0-255,66,185475,44,264395
363,0.026252,172.217.194.0-255,5738,191213,44,264395
364,0.026262,172.31.46.0-255,66,191279,44,264395
365,0.028302,172.217.194.0-255,5738,197017,44,264395
366,0.028317,172.31.46.0-255,66,197083,44,264395
367,0.030338,172.217.194.0-255,5738,202821,44,264395
368,0.030348,172.31.46.0-255,66,202887,44,264395
369,0.032358,172.217.194.0-255,5738,208625,44,264395
370,0.032367,172.31.46.0-255,66,208691,44,264395
371,0.034369,172.217.194.0-255,5738,214429,44,264395
372,0.034377,172.31.46.0-255,66,214495,44,264395
373,0.036373,172.217.194.0-255,5738,220233,44,264395
374,0.036379,172.31.46.0-255,66,220299,44,264395
375,0.036775,172.31.46.0-255,188,220487,44,264395
376,0.036802,172.31.46.0-255,955,221442,44,264395
377,0.036862,172.31.46.0-255,1514,222956,44,264395
378,0.036864,172.31.46.0-255,1514,224470,44,264395
379,0.036869,172.31.46.0-255,1514,225984,44,264395
380,0.03687,172.31.46.0-255,1514,227498,44,264395
381,0.036887,172.31.46.0-255,1514,229012,44,264395
382,0.036888,172.31.46.0-255,229,229241,44,264395
383,0.038304,104.244.42.0-255,66,229307,44,264395
384,0.038386,172.217.194.0-255,5738,235045,44,264395
385,0.038397,172.31.46.0-255,66,235111,44,264395
386,0.038413,104.244.42.0-255,66,235177,44,264395
387,0.038417,104.244.42.0-255,66,235243,44,264395
388,0.03842,104.244.42.0-255,66,235309,44,264395
389,0.038423,104.244.42.0-255,66,235375,44,264395
390,0.040417,172.217.194.0-255,5738,241113,44,264395
391,0.040427,172.31.46.0-255,66,241179,44,264395
392,0.042438,172.217.194.0-255,5738,246917,44,264395
393,0.042443,172.31.46.0-255,66,246983,44,264395
394,0.044461,172.217.194.0-255,5738,252721,44,264395
395,0.044467,172.31.46.0-255,66,252787,44,264395
396,0.046492,172.217.194.0-255,5738,258525,44,264395
397,0.046499,172.31.46.0-255,66,258591,44,264395
398,0.04856,172.217.194.0-255,5738,264329,44,264395
399,0.048567,172.31.46.0-255,66,264395,44,264395
400,0.0,172.217.194.0-255,153,153,44,212481
401,3.6e-05,172.31.46.0-255,66,219,44,212481
402,4.4e-05,172.217.194.0-255,1484,1703,44,212481
403,4.8e-05,172.31.46.0-255,66,1769,44,212481
404,6.1e-05,172.217.194.0-255,2902,4671,44,212481
405,6.5e-05,172.31.46.0-255,66,4737,44,212481
406,7.3e-05,172.217.194.0-255,7156,11893,44,212481
407,7.7e-05,172.31.46.0-255,66,11959,44,212481
408,9.2e-05,172.31.46.0-255,66,12025,44,212481
409,0.0001,172.217.194.0-255,6797,18822,44,212481
410,0.000103,172.31.46.0-255,66,18888,44,212481
411,0.000151,172.217.194.0-255,1484,20372,44,212481
412,0.000159,172.31.46.0-255,66,20438,44,212481
413,0.000165,172.217.194.0-255,2902,23340,44,212481
414,0.000167,172.31.46.0-255,66,23406,44,212481
415,0.000173,172.217.194.0-255,4320,27726,44,212481
416,0.000176,172.31.46.0-255,66,27792,44,212481
417,0.000199,172.217.194.0-255,1484,29276,44,212481
418,0.000201,172.31.46.0-255,66,29342,44,212481
419,0.000207,172.217.194.0-255,4320,33662,44,212481
420,0.000209,172.31.46.0-255,66,33728,44,212481
421,0.000239,172.217.194.0-255,2543,36271,44,212481
422,0.000241,172.31.46.0-255,66,36337,44,212481
423,0.000268,172.217.194.0-255,2902,39239,44,212481
424,0.000271,172.31.46.0-255,66,39305,44,212481
425,0.000279,172.217.194.0-255,7156,46461,44,212481
426,0.000281,172.31.46.0-255,66,46527,44,212481
427,0.000284,172.217.194.0-255,1484,48011,44,212481
428,0.000287,172.31.46.0-255,66,48077,44,212481
429,0.000317,172.217.194.0-255,4320,52397,44,212481
430,0.00032,172.31.46.0-255,66,52463,44,212481
431,0.000343,172.217.194.0-255,1766,54229,44,212481
432,0.000345,172.31.46.0-255,66,54295,44,212481
433,0.000501,172.217.194.0-255,1484,55779,44,212481
434,0.000508,172.217.194.0-255,2902,58681,44,212481
435,0.000512,172.31.46.0-255,66,58747,44,212481
436,0.000541,172.217.194.0-255,5738,64485,44,212481
437,0.000544,172.31.46.0-255,66,64551,44,212481
438,0.000552,172.217.194.0-255,6249,70800,44,212481
439,0.000554,172.31.46.0-255,66,70866,44,212481
440,0.00088,172.217.194.0-255,1484,72350,44,212481
441,0.000888,172.217.194.0-255,2902,75252,44,212481
442,0.000892,172.31.46.0-255,66,75318,44,212481
443,0.000899,172.217.194.0-255,5738,81056,44,212481
444,0.000901,172.31.46.0-255,66,81122,44,212481
445,0.000934,172.31.46.0-255,66,81188,44,212481
446,0.000962,172.217.194.0-255,2902,84090,44,212481
447,0.000964,172.31.46.0-255,66,84156,44,212481
448,0.000978,172.31.46.0-255,66,84222,44,212481
449,0.001941,172.217.194.0-255,1484,85706,44,212481
450,0.001952,172.217.194.0-255,2902,88608,44,212481
451,0.001957,172.31.46.0-255,66,88674,44,212481
452,0.001999,172.217.194.0-255,1484,90158,44,212481
453,0.002015,172.217.194.0-255,4320,94478,44,212481
454,0.002017,172.31.46.0-255,66,94544,44,212481
455,0.002022,172.217.194.0-255,2902,97446,44,212481
456,0.002024,172.31.46.0-255,66,97512,44,212481
457,0.002056,172.217.194.0-255,2902,100414,44,212481
458,0.002059,172.31.46.0-255,66,100480,44,212481
459,0.002075,172.31.46.0-255,66,100546,44,212481
460,0.002078,172.217.194.0-255,766,101312,44,212481
461,0.003739,172.31.46.0-255,66,101378,44,212481
462,0.004612,172.217.194.0-255,4320,105698,44,212481
463,0.00462,172.31.46.0-255,66,105764,44,212481
464,0.006252,172.217.194.0-255,1484,107248,44,212481
465,0.007194,172.217.194.0-255,4320,111568,44,212481
466,0.007199,172.31.46.0-255,66,111634,44,212481
467,0.009799,172.217.194.0-255,5738,117372,44,212481
468,0.009811,172.31.46.0-255,66,117438,44,212481
469,0.012404,172.217.194.0-255,5738,123176,44,212481
470,0.01242,172.31.46.0-255,66,123242,44,212481
471,0.014957,172.217.194.0-255,5738,128980,44,212481
472,0.01497,172.31.46.0-255,66,129046,44,212481
473,0.017542,172.217.194.0-255,5738,134784,44,212481
474,0.017554,172.31.46.0-255,66,134850,44,212481
475,0.02008,172.217.194.0-255,5738,140588,44,212481
476,0.020088,172.31.46.0-255,66,140654,44,212481
477,0.022673,172.217.194.0-255,5738,146392,44,212481
478,0.022683,172.31.46.0-255,66,146458,44,212481
479,0.02525,172.217.194.0-255,5738,152196,44,212481
480,0.025258,172.31.46.0-255,66,152262,44,212481
481,0.027832,172.217.194.0-255,5738,158000,44,212481
482,0.02784,172.31.46.0-255,66,158066,44,212481
483,0.030431,172.217.194.0-255,5738,163804,44,212481
484,0.030438,172.31.46.0-255,66,163870,44,212481
485,0.031864,172.31.46.0-255,190,164060,44,212481
486,0.031894,172.31.46.0-255,1113,165173,44,212481
487,0.031963,172.31.46.0-255,1514,166687,44,212481
488,0.031965,172.31.46.0-255,1514,168201,44,212481
489,0.031966,172.31.46.0-255,1514,169715,44,212481
490,0.031967,172.31.46.0-255,1514,171229,44,212481
491,0.031968,172.31.46.0-255,558,171787,44,212481
492,0.032993,172.217.194.0-255,5738,177525,44,212481
493,0.033,172.31.46.0-255,66,177591,44,212481
494,0.034104,104.244.42.0-255,66,177657,44,212481
495,0.0356,172.217.194.0-255,5738,183395,44,212481
496,0.035609,172.31.46.0-255,66,183461,44,212481
497,0.038219,172.217.194.0-255,5738,189199,44,212481
498,0.038225,172.31.46.0-255,66,189265,44,212481
499,0.040763,172.217.194.0-255,5738,195003,44,212481
500,0.040772,172.31.46.0-255,66,195069,44,212481
501,0.043324,172.217.194.0-255,5738,200807,44,212481
502,0.043331,172.31.46.0-255,66,200873,44,212481
503,0.04591,172.217.194.0-255,5738,206611,44,212481
504,0.045919,172.31.46.0-255,66,206677,44,212481
505,0.048475,172.217.194.0-255,5738,212415,44,212481
506,0.048487,172.31.46.0-255,66,212481,44,212481
507,0.0,172.253.118.0-255,142,142,44,219880
508,1.6e-05,172.31.46.0-255,66,208,44,219880
509,2.3e-05,172.253.118.0-255,1484,1692,44,219880
510,2.6e-05,172.31.46.0-255,66,1758,44,219880
511,3.2e-05,172.253.118.0-255,2902,4660,44,219880
512,3.6e-05,172.31.46.0-255,66,4726,44,219880
513,3.9e-05,172.253.118.0-255,1484,6210,44,219880
514,4.1e-05,172.31.46.0-255,66,6276,44,219880
515,7.3e-05,172.253.118.0-255,5738,12014,44,219880
516,7.6e-05,172.31.46.0-255,66,12080,44,219880
517,8e-05,172.253.118.0-255,2056,14136,44,219880
518,8.3e-05,172.31.46.0-255,66,14202,44,219880
519,0.000109,172.253.118.0-255,1484,15686,44,219880
520,0.000112,172.31.46.0-255,66,15752,44,219880
521,0.000117,172.253.118.0-255,2902,18654,44,219880
522,0.00012,172.31.46.0-255,66,18720,44,219880
523,0.000124,172.253.118.0-255,2902,21622,44,219880
524,0.000126,172.31.46.0-255,66,21688,44,219880
525,0.000143,172.253.118.0-255,2902,24590,44,219880
526,0.000146,172.31.46.0-255,66,24656,44,219880
527,0.000152,172.253.118.0-255,4320,28976,44,219880
528,0.000154,172.31.46.0-255,66,29042,44,219880
529,0.000173,172.253.118.0-255,2543,31585,44,219880
530,0.000176,172.31.46.0-255,66,31651,44,219880
531,0.000361,172.253.118.0-255,1484,33135,44,219880
532,0.000367,172.31.46.0-255,66,33201,44,219880
533,0.000373,172.253.118.0-255,2902,36103,44,219880
534,0.000376,172.31.46.0-255,66,36169,44,219880
535,0.000379,172.253.118.0-255,1484,37653,44,219880
536,0.000381,172.31.46.0-255,66,37719,44,219880
537,0.000411,172.253.118.0-255,4320,42039,44,219880
538,0.000414,172.31.46.0-255,66,42105,44,219880
539,0.000425,172.31.46.0-255,66,42171,44,219880
540,0.000454,172.253.118.0-255,2543,44714,44,219880
541,0.000457,172.31.46.0-255,66,44780,44,219880
542,0.00047,172.31.46.0-255,66,44846,44,219880
543,0.000472,172.253.118.0-255,1457,46303,44,219880
544,0.000495,172.253.118.0-255,375,46678,44,219880
545,0.000497,172.31.46.0-255,66,46744,44,219880
546,0.00096,172.253.118.0-255,1484,48228,44,219880
547,0.000967,172.253.118.0-255,2902,51130,44,219880
548,0.00097,172.31.46.0-255,66,51196,44,219880
549,0.000989,172.253.118.0-255,5738,56934,44,219880
550,0.000992,172.31.46.0-255,66,57000,44,219880
551,0.001023,172.31.46.0-255,66,57066,44,219880
552,0.001042,172.253.118.0-255,1484,58550,44,219880
553,0.001054,172.31.46.0-255,66,58616,44,219880
554,0.001589,172.253.118.0-255,1484,60100,44,219880
555,0.001598,172.253.118.0-255,2902,63002,44,219880
556,0.001602,172.31.46.0-255,66,63068,44,219880
557,0.001626,172.253.118.0-255,4320,67388,44,219880
558,0.001628,172.31.46.0-255,66,67454,44,219880
559,0.00164,172.253.118.0-255,1484,68938,44,219880
560,0.001644,172.253.118.0-255,4320,73258,44,219880
561,0.001646,172.31.46.0-255,66,73324,44,219880
562,0.00166,172.253.118.0-255,2902,76226,44,219880
563,0.001662,172.31.46.0-255,66,76292,44,219880
564,0.001688,172.31.46.0-255,66,76358,44,219880
565,0.001694,172.253.118.0-255,5738,82096,44,219880
566,0.001696,172.31.46.0-255,66,82162,44,219880
567,0.00173,172.253.118.0-255,2184,84346,44,219880
568,0.001733,172.31.46.0-255,66,84412,44,219880
569,0.001858,172.253.118.0-255,1484,85896,44,219880
570,0.001864,172.253.118.0-255,2902,88798,44,219880
571,0.001867,172.31.46.0-255,66,88864,44,219880
572,0.001885,172.253.118.0-255,5738,94602,44,219880
573,0.001888,172.31.46.0-255,66,94668,44,219880
574,0.001938,172.31.46.0-255,66,94734,44,219880
575,0.001942,172.253.118.0-255,1484,96218,44,219880
576,0.001958,172.253.118.0-255,2902,99120,44,219880
577,0.00196,172.31.46.0-255,66,99186,44,219880
578,0.001997,172.253.118.0-255,6438,105624,44,219880
579,0.002,172.31.46.0-255,66,105690,44,219880
580,0.004546,172.253.118.0-255,5738,111428,44,219880
581,0.004554,172.31.46.0-255,66,111494,44,219880
582,0.007103,172.253.118.0-255,2902,114396,44,219880
583,0.007108,172.31.46.0-255,66,114462,44,219880
584,0.007126,172.253.118.0-255,2902,117364,44,219880
585,0.007128,172.31.46.0-255,66,117430,44,219880
586,0.009655,172.253.118.0-255,2902,120332,44,219880
587,0.009663,172.31.46.0-255,66,120398,44,219880
588,0.009685,172.253.118.0-255,2902,123300,44,219880
589,0.009688,172.31.46.0-255,66,123366,44,219880
590,0.012208,172.253.118.0-255,2902,126268,44,219880
591,0.012215,172.31.46.0-255,66,126334,44,219880
592,0.012235,172.253.118.0-255,2902,129236,44,219880
593,0.012238,172.31.46.0-255,66,129302,44,219880
594,0.014754,172.253.118.0-255,2902,132204,44,219880
595,0.014763,172.31.46.0-255,66,132270,44,219880
596,0.014779,172.253.118.0-255,2902,135172,44,219880
597,0.014781,172.31.46.0-255,66,135238,44,219880
598,0.017342,172.253.118.0-255,5738,140976,44,219880
599,0.017349,172.31.46.0-255,66,141042,44,219880
600,0.019917,172.253.118.0-255,5738,146780,44,219880
601,0.019924,172.31.46.0-255,66,146846,44,219880
602,0.022508,172.253.118.0-255,5738,152584,44,219880
603,0.022514,172.31.46.0-255,66,152650,44,219880
604,0.02507,172.253.118.0-255,5738,158388,44,219880
605,0.025077,172.31.46.0-255,66,158454,44,219880
606,0.027628,172.253.118.0-255,5738,164192,44,219880
607,0.027637,172.31.46.0-255,66,164258,44,219880
608,0.030187,172.253.118.0-255,5738,169996,44,219880
609,0.030194,172.31.46.0-255,66,170062,44,219880
610,0.03273,172.253.118.0-255,5738,175800,44,219880
611,0.032737,172.31.46.0-255,66,175866,44,219880
612,0.035124,172.31.46.0-255,172,176038,44,219880
613,0.035155,172.31.46.0-255,1114,177152,44,219880
614,0.035215,172.31.46.0-255,1514,178666,44,219880
615,0.035217,172.31.46.0-255,1514,180180,44,219880
616,0.035218,172.31.46.0-255,1514,181694,44,219880
617,0.035219,172.31.46.0-255,1514,183208,44,219880
618,0.035245,172.31.46.0-255,1514,184722,44,219880
619,0.035246,172.31.46.0-255,70,184792,44,219880
620,0.035274,172.253.118.0-255,5738,190530,44,219880
621,0.035278,172.31.46.0-255,66,190596,44,219880
622,0.036655,104.244.42.0-255,66,190662,44,219880
623,0.036693,104.244.42.0-255,66,190728,44,219880
624,0.036782,104.244.42.0-255,66,190794,44,219880
625,0.036808,104.244.42.0-255,66,190860,44,219880
626,0.037823,172.253.118.0-255,5738,196598,44,219880
627,0.037828,172.31.46.0-255,66,196664,44,219880
628,0.040385,172.253.118.0-255,5738,202402,44,219880
629,0.040394,172.31.46.0-255,66,202468,44,219880
630,0.042948,172.253.118.0-255,5738,208206,44,219880
631,0.042955,172.31.46.0-255,66,208272,44,219880
632,0.045549,172.253.118.0-255,5738,214010,44,219880
633,0.045554,172.31.46.0-255,66,214076,44,219880
634,0.048122,172.253.118.0-255,5738,219814,44,219880
635,0.048128,172.31.46.0-255,66,219880,44,219880
636,0.0,172.217.194.0-255,298,298,44,232273
637,2.1e-05,172.31.46.0-255,66,364,44,232273
638,2.7e-05,172.217.194.0-255,1484,1848,44,232273
639,3e-05,172.31.46.0-255,66,1914,44,232273
640,3.6e-05,172.217.194.0-255,4320,6234,44,232273
641,3.8e-05,172.31.46.0-255,66,6300,44,232273
642,5.8e-05,172.217.194.0-255,4320,10620,44,232273
643,6.1e-05,172.31.46.0-255,66,10686,44,232273
644,7.7e-05,172.217.194.0-255,3313,13999,44,232273
645,7.9e-05,172.31.46.0-255,66,14065,44,232273
646,0.000318,172.217.194.0-255,1484,15549,44,232273
647,0.000323,172.31.46.0-255,66,15615,44,232273
648,0.000329,172.217.194.0-255,2902,18517,44,232273
649,0.000331,172.31.46.0-255,66,18583,44,232273
650,0.000337,172.217.194.0-255,5738,24321,44,232273
651,0.000339,172.31.46.0-255,66,24387,44,232273
652,0.000368,172.217.194.0-255,6797,31184,44,232273
653,0.00037,172.31.46.0-255,66,31250,44,232273
654,0.000405,172.217.194.0-255,1484,32734,44,232273
655,0.000408,172.31.46.0-255,66,32800,44,232273
656,0.000411,172.217.194.0-255,1484,34284,44,232273
657,0.000413,172.31.46.0-255,66,34350,44,232273
658,0.000426,172.217.194.0-255,1484,35834,44,232273
659,0.000427,172.31.46.0-255,66,35900,44,232273
660,0.000432,172.217.194.0-255,2902,38802,44,232273
661,0.000434,172.31.46.0-255,66,38868,44,232273
662,0.000459,172.217.194.0-255,2902,41770,44,232273
663,0.000465,172.217.194.0-255,6797,48567,44,232273
664,0.000468,172.31.46.0-255,66,48633,44,232273
665,0.000471,172.31.46.0-255,66,48699,44,232273
666,0.000492,172.217.194.0-255,1484,50183,44,232273
667,0.000494,172.31.46.0-255,66,50249,44,232273
668,0.000511,172.217.194.0-255,2902,53151,44,232273
669,0.000528,172.31.46.0-255,66,53217,44,232273
670,0.000558,172.217.194.0-255,4320,57537,44,232273
671,0.000565,172.31.46.0-255,66,57603,44,232273
672,0.000575,172.217.194.0-255,1484,59087,44,232273
673,0.000578,172.217.194.0-255,1484,60571,44,232273
674,0.000596,172.217.194.0-255,5379,65950,44,232273
675,0.000599,172.217.194.0-255,676,66626,44,232273
676,0.000603,172.31.46.0-255,66,66692,44,232273
677,0.000804,172.217.194.0-255,1484,68176,44,232273
678,0.00081,172.217.194.0-255,2902,71078,44,232273
679,0.000822,172.31.46.0-255,66,71144,44,232273
680,0.000837,172.217.194.0-255,5738,76882,44,232273
681,0.000839,172.31.46.0-255,66,76948,44,232273
682,0.000844,172.217.194.0-255,4320,81268,44,232273
683,0.000856,172.31.46.0-255,66,81334,44,232273
684,0.000878,172.217.194.0-255,7156,88490,44,232273
685,0.000887,172.31.46.0-255,66,88556,44,232273
686,0.000898,172.217.194.0-255,3602,92158,44,232273
687,0.000918,172.31.46.0-255,66,92224,44,232273
688,0.001062,172.217.194.0-255,1484,93708,44,232273
689,0.001076,172.217.194.0-255,2902,96610,44,232273
690,0.001079,172.31.46.0-255,66,96676,44,232273
691,0.001085,172.217.194.0-255,4320,100996,44,232273
692,0.001099,172.217.194.0-255,1484,102480,44,232273
693,0.001105,172.31.46.0-255,66,102546,44,232273
694,0.001151,172.31.46.0-255,66,102612,44,232273
695,0.001215,172.217.194.0-255,1484,104096,44,232273
696,0.001232,172.217.194.0-255,2902,106998,44,232273
697,0.001246,172.31.46.0-255,66,107064,44,232273
698,0.001253,172.217.194.0-255,5738,112802,44,232273
699,0.001263,172.31.46.0-255,66,112868,44,232273
700,0.001331,172.217.194.0-255,4320,117188,44,232273
701,0.001352,172.217.194.0-255,6438,123626,44,232273
702,0.001358,172.31.46.0-255,66,123692,44,232273
703,0.001423,172.217.194.0-255,1484,125176,44,232273
704,0.001429,172.217.194.0-255,2902,128078,44,232273
705,0.001439,172.31.46.0-255,66,128144,44,232273
706,0.001455,172.217.194.0-255,5738,133882,44,232273
707,0.00147,172.31.46.0-255,66,133948,44,232273
708,0.00149,172.217.194.0-255,1484,135432,44,232273
709,0.001495,172.31.46.0-255,66,135498,44,232273
710,0.001531,172.31.46.0-255,66,135564,44,232273
711,0.001677,172.217.194.0-255,1484,137048,44,232273
712,0.001682,172.217.194.0-255,2902,139950,44,232273
713,0.001686,172.217.194.0-255,2902,142852,44,232273
714,0.0017,172.217.194.0-255,2902,145754,44,232273
715,0.001704,172.31.46.0-255,66,145820,44,232273
716,0.001709,172.31.46.0-255,66,145886,44,232273
717,0.001727,172.217.194.0-255,5738,151624,44,232273
718,0.001744,172.31.46.0-255,66,151690,44,232273
719,0.001759,172.217.194.0-255,7156,158846,44,232273
720,0.001798,172.217.194.0-255,1484,160330,44,232273
721,0.0018,172.31.46.0-255,66,160396,44,232273
722,0.001815,172.217.194.0-255,2902,163298,44,232273
723,0.00182,172.217.194.0-255,4320,167618,44,232273
724,0.001832,172.217.194.0-255,1484,169102,44,232273
725,0.001834,172.217.194.0-255,1484,170586,44,232273
726,0.001863,172.31.46.0-255,66,170652,44,232273
727,0.001907,172.31.46.0-255,66,170718,44,232273
728,0.001929,172.217.194.0-255,3602,174320,44,232273
729,0.001932,172.217.194.0-255,1484,175804,44,232273
730,0.00194,172.31.46.0-255,66,175870,44,232273
731,0.001967,172.217.194.0-255,2902,178772,44,232273
732,0.00199,172.217.194.0-255,7156,185928,44,232273
733,0.001993,172.31.46.0-255,66,185994,44,232273
734,0.001998,172.31.46.0-255,66,186060,44,232273
735,0.002015,172.217.194.0-255,2902,188962,44,232273
736,0.002026,172.217.194.0-255,1484,190446,44,232273
737,0.002043,172.217.194.0-255,7156,197602,44,232273
738,0.002048,172.217.194.0-255,4320,201922,44,232273
739,0.002063,172.217.194.0-255,2902,204824,44,232273
740,0.002067,172.31.46.0-255,66,204890,44,232273
741,0.002119,172.217.194.0-255,2902,207792,44,232273
742,0.00213,172.31.46.0-255,66,207858,44,232273
743,0.002177,172.31.46.0-255,66,207924,44,232273
744,0.002188,172.217.194.0-255,5020,212944,44,232273
745,0.002205,172.217.194.0-255,4320,217264,44,232273
746,0.002253,172.217.194.0-255,5738,223002,44,232273
747,0.002262,172.31.46.0-255,66,223068,44,232273
748,0.002278,172.217.194.0-255,6813,229881,44,232273
749,0.002292,172.217.194.0-255,105,229986,44,232273
750,0.002299,172.31.46.0-255,66,230052,44,232273
751,0.00427,172.31.46.0-255,105,230157,44,232273
752,0.006846,172.217.194.0-255,66,230223,44,232273
753,0.034931,172.31.46.0-255,172,230395,44,232273
754,0.034965,172.31.46.0-255,1114,231509,44,232273
755,0.035022,172.31.46.0-255,566,232075,44,232273
756,0.036503,104.244.42.0-255,66,232141,44,232273
757,0.036533,104.244.42.0-255,66,232207,44,232273
758,0.036544,104.244.42.0-255,66,232273,44,232273
759,0.0,74.125.24.0-255,153,153,44,193732
760,1.7e-05,172.31.46.0-255,66,219,44,193732
761,2.4e-05,74.125.24.0-255,1484,1703,44,193732
762,2.9e-05,172.31.46.0-255,66,1769,44,193732
763,5.5e-05,74.125.24.0-255,1484,3253,44,193732
764,5.8e-05,172.31.46.0-255,66,3319,44,193732
765,8.7e-05,74.125.24.0-255,1484,4803,44,193732
766,9e-05,172.31.46.0-255,66,4869,44,193732
767,9.6e-05,74.125.24.0-255,4320,9189,44,193732
768,9.9e-05,172.31.46.0-255,66,9255,44,193732
769,0.000127,74.125.24.0-255,4893,14148,44,193732
770,0.000129,172.31.46.0-255,66,14214,44,193732
771,0.000279,74.125.24.0-255,1484,15698,44,193732
772,0.000283,172.31.46.0-255,66,15764,44,193732
773,0.000289,74.125.24.0-255,2902,18666,44,193732
774,0.000291,172.31.46.0-255,66,18732,44,193732
775,0.000324,74.125.24.0-255,5738,24470,44,193732
776,0.000326,172.31.46.0-255,66,24536,44,193732
777,0.000334,74.125.24.0-255,6797,31333,44,193732
778,0.000337,172.31.46.0-255,66,31399,44,193732
779,0.000361,74.125.24.0-255,5738,37137,44,193732
780,0.000364,172.31.46.0-255,66,37203,44,193732
781,0.000372,74.125.24.0-255,7156,44359,44,193732
782,0.000374,172.31.46.0-255,66,44425,44,193732
783,0.000411,172.31.46.0-255,66,44491,44,193732
784,0.000431,74.125.24.0-255,2902,47393,44,193732
785,0.000435,172.31.46.0-255,66,47459,44,193732
786,0.000442,74.125.24.0-255,6438,53897,44,193732
787,0.000445,172.31.46.0-255,66,53963,44,193732
788,0.000447,74.125.24.0-255,417,54380,44,193732
789,0.00045,172.31.46.0-255,66,54446,44,193732
790,0.000492,74.125.24.0-255,329,54775,44,193732
791,0.000654,74.125.24.0-255,1484,56259,44,193732
792,0.000659,172.31.46.0-255,66,56325,44,193732
793,0.000664,74.125.24.0-255,2902,59227,44,193732
794,0.000667,172.31.46.0-255,66,59293,44,193732
795,0.000673,74.125.24.0-255,5738,65031,44,193732
796,0.00068,172.31.46.0-255,66,65097,44,193732
797,0.00072,74.125.24.0-255,6797,71894,44,193732
798,0.000724,172.31.46.0-255,66,71960,44,193732
799,0.000766,74.125.24.0-255,7156,79116,44,193732
800,0.000769,172.31.46.0-255,66,79182,44,193732
801,0.000776,74.125.24.0-255,5738,84920,44,193732
802,0.000778,172.31.46.0-255,66,84986,44,193732
803,0.000818,74.125.24.0-255,3961,88947,44,193732
804,0.000834,172.31.46.0-255,66,89013,44,193732
805,0.001307,74.125.24.0-255,1484,90497,44,193732
806,0.001316,74.125.24.0-255,2902,93399,44,193732
807,0.001322,172.31.46.0-255,66,93465,44,193732
808,0.001329,74.125.24.0-255,4320,97785,44,193732
809,0.001331,172.31.46.0-255,66,97851,44,193732
810,0.001373,172.31.46.0-255,66,97917,44,193732
811,0.001378,74.125.24.0-255,2902,100819,44,193732
812,0.001381,172.31.46.0-255,66,100885,44,193732
813,0.001424,172.31.46.0-255,66,100951,44,193732
814,0.001515,74.125.24.0-255,1484,102435,44,193732
815,0.001533,74.125.24.0-255,2902,105337,44,193732
816,0.001537,172.31.46.0-255,66,105403,44,193732
817,0.001544,74.125.24.0-255,5738,111141,44,193732
818,0.001546,172.31.46.0-255,66,111207,44,193732
819,0.0016,172.31.46.0-255,66,111273,44,193732
820,0.001617,172.31.46.0-255,66,111339,44,193732
821,0.001649,172.31.46.0-255,66,111405,44,193732
822,0.001657,74.125.24.0-255,7156,118561,44,193732
823,0.001659,172.31.46.0-255,66,118627,44,193732
824,0.001683,74.125.24.0-255,4320,122947,44,193732
825,0.001691,172.31.46.0-255,66,123013,44,193732
826,0.001703,172.31.46.0-255,66,123079,44,193732
827,0.001732,74.125.24.0-255,2184,125263,44,193732
828,0.001734,172.31.46.0-255,66,125329,44,193732
829,0.001737,74.125.24.0-255,1484,126813,44,193732
830,0.001766,74.125.24.0-255,2902,129715,44,193732
831,0.001769,172.31.46.0-255,66,129781,44,193732
832,0.001775,74.125.24.0-255,4320,134101,44,193732
833,0.001777,172.31.46.0-255,66,134167,44,193732
834,0.001794,74.125.24.0-255,1484,135651,44,193732
835,0.001805,74.125.24.0-255,4320,139971,44,193732
836,0.001807,172.31.46.0-255,66,140037,44,193732
837,0.001844,172.31.46.0-255,66,140103,44,193732
838,0.001849,74.125.24.0-255,2902,143005,44,193732
839,0.001851,172.31.46.0-255,66,143071,44,193732
840,0.001894,74.125.24.0-255,5020,148091,44,193732
841,0.001897,172.31.46.0-255,66,148157,44,193732
842,0.002025,74.125.24.0-255,1484,149641,44,193732
843,0.002031,74.125.24.0-255,2902,152543,44,193732
844,0.002035,172.31.46.0-255,66,152609,44,193732
845,0.002042,74.125.24.0-255,5738,158347,44,193732
846,0.002045,172.31.46.0-255,66,158413,44,193732
847,0.00209,172.31.46.0-255,66,158479,44,193732
848,0.002125,172.31.46.0-255,66,158545,44,193732
849,0.002131,74.125.24.0-255,5738,164283,44,193732
850,0.002133,172.31.46.0-255,66,164349,44,193732
851,0.002163,74.125.24.0-255,7156,171505,44,193732
852,0.00217,172.31.46.0-255,66,171571,44,193732
853,0.002185,172.31.46.0-255,66,171637,44,193732
854,0.002257,172.31.46.0-255,66,171703,44,193732
855,0.002267,172.31.46.0-255,66,171769,44,193732
856,0.002289,172.31.46.0-255,66,171835,44,193732
857,0.002293,74.125.24.0-255,3602,175437,44,193732
858,0.002295,172.31.46.0-255,66,175503,44,193732
859,0.002349,172.31.46.0-255,66,175569,44,193732
860,0.002359,172.31.46.0-255,66,175635,44,193732
861,0.002376,74.125.24.0-255,1484,177119,44,193732
862,0.002404,172.31.46.0-255,66,177185,44,193732
863,0.002431,74.125.24.0-255,7089,184274,44,193732
864,0.002433,172.31.46.0-255,66,184340,44,193732
865,0.002492,74.125.24.0-255,105,184445,44,193732
866,0.007663,172.31.46.0-255,66,184511,44,193732
867,0.0077,172.31.46.0-255,105,184616,44,193732
868,0.010235,74.125.24.0-255,66,184682,44,193732
869,0.029877,172.31.46.0-255,164,184846,44,193732
870,0.029911,172.31.46.0-255,1122,185968,44,193732
871,0.029995,172.31.46.0-255,1514,187482,44,193732
872,0.029997,172.31.46.0-255,1514,188996,44,193732
873,0.030003,172.31.46.0-255,1514,190510,44,193732
874,0.030004,172.31.46.0-255,1514,192024,44,193732
875,0.030021,172.31.46.0-255,1510,193534,44,193732
876,0.031418,104.244.42.0-255,66,193600,44,193732
877,0.031474,104.244.42.0-255,66,193666,44,193732
878,0.03162,104.244.42.0-255,66,193732,44,193732
879,0.0,74.125.200.0-255,148,148,44,331715
880,2.1e-05,172.31.46.0-255,66,214,44,331715
881,3.6e-05,74.125.200.0-255,1484,1698,44,331715
882,4.6e-05,172.31.46.0-255,66,1764,44,331715
883,5.1e-05,74.125.200.0-255,2902,4666,44,331715
884,5.3e-05,172.31.46.0-255,66,4732,44,331715
885,8.6e-05,74.125.200.0-255,5738,10470,44,331715
886,8.8e-05,172.31.46.0-255,66,10536,44,331715
887,9.3e-05,74.125.200.0-255,4320,14856,44,331715
888,9.7e-05,172.31.46.0-255,66,14922,44,331715
889,0.000125,74.125.200.0-255,2119,17041,44,331715
890,0.000127,172.31.46.0-255,66,17107,44,331715
891,0.000138,172.31.46.0-255,66,17173,44,331715
892,0.000181,74.125.200.0-255,3961,21134,44,331715
893,0.000183,172.31.46.0-255,66,21200,44,331715
894,0.00026,74.125.200.0-255,1484,22684,44,331715
895,0.000262,172.31.46.0-255,66,22750,44,331715
896,0.000279,74.125.200.0-255,2902,25652,44,331715
897,0.000281,172.31.46.0-255,66,25718,44,331715
898,0.000307,74.125.200.0-255,5738,31456,44,331715
899,0.00031,172.31.46.0-255,66,31522,44,331715
900,0.000334,74.125.200.0-255,5738,37260,44,331715
901,0.000336,172.31.46.0-255,66,37326,44,331715
902,0.000351,74.125.200.0-255,1125,38451,44,331715
903,0.000353,172.31.46.0-255,66,38517,44,331715
904,0.00038,74.125.200.0-255,7156,45673,44,331715
905,0.000382,172.31.46.0-255,66,45739,44,331715
906,0.000418,74.125.200.0-255,1484,47223,44,331715
907,0.00042,172.31.46.0-255,66,47289,44,331715
908,0.000443,74.125.200.0-255,7156,54445,44,331715
909,0.000445,172.31.46.0-255,66,54511,44,331715
910,0.000466,74.125.200.0-255,1465,55976,44,331715
911,0.000527,74.125.200.0-255,1484,57460,44,331715
912,0.000529,172.31.46.0-255,66,57526,44,331715
913,0.000542,74.125.200.0-255,2902,60428,44,331715
914,0.000549,172.31.46.0-255,66,60494,44,331715
915,0.000572,74.125.200.0-255,1484,61978,44,331715
916,0.000591,74.125.200.0-255,2902,64880,44,331715
917,0.000593,172.31.46.0-255,66,64946,44,331715
918,0.000619,74.125.200.0-255,5738,70684,44,331715
919,0.000622,172.31.46.0-255,66,70750,44,331715
920,0.000627,74.125.200.0-255,4320,75070,44,331715
921,0.000628,172.31.46.0-255,66,75136,44,331715
922,0.000659,74.125.200.0-255,5738,80874,44,331715
923,0.000662,172.31.46.0-255,66,80940,44,331715
924,0.000696,172.31.46.0-255,66,81006,44,331715
925,0.000737,74.125.200.0-255,347,81353,44,331715
926,0.000828,74.125.200.0-255,1484,82837,44,331715
927,0.000831,172.31.46.0-255,66,82903,44,331715
928,0.000837,74.125.200.0-255,2902,85805,44,331715
929,0.000839,172.31.46.0-255,66,85871,44,331715
930,0.000851,74.125.200.0-255,5738,91609,44,331715
931,0.000853,172.31.46.0-255,66,91675,44,331715
932,0.000857,74.125.200.0-255,2902,94577,44,331715
933,0.000859,172.31.46.0-255,66,94643,44,331715
934,0.000865,74.125.200.0-255,4320,98963,44,331715
935,0.000868,172.31.46.0-255,66,99029,44,331715
936,0.00088,172.31.46.0-255,66,99095,44,331715
937,0.000886,74.125.200.0-255,5738,104833,44,331715
938,0.000889,172.31.46.0-255,66,104899,44,331715
939,0.000928,74.125.200.0-255,2902,107801,44,331715
940,0.00093,172.31.46.0-255,66,107867,44,331715
941,0.000955,74.125.200.0-255,3602,111469,44,331715
942,0.000958,172.31.46.0-255,66,111535,44,331715
943,0.000965,74.125.200.0-255,7156,118691,44,331715
944,0.000968,172.31.46.0-255,66,118757,44,331715
945,0.000993,74.125.200.0-255,4320,123077,44,331715
946,0.000995,172.31.46.0-255,66,123143,44,331715
947,0.001019,74.125.200.0-255,5738,128881,44,331715
948,0.001021,172.31.46.0-255,66,128947,44,331715
949,0.001045,74.125.200.0-255,4320,133267,44,331715
950,0.001047,172.31.46.0-255,66,133333,44,331715
951,0.001054,74.125.200.0-255,5738,139071,44,331715
952,0.001056,172.31.46.0-255,66,139137,44,331715
953,0.001114,74.125.200.0-255,2184,141321,44,331715
954,0.001116,172.31.46.0-255,66,141387,44,331715
955,0.001146,74.125.200.0-255,1484,142871,44,331715
956,0.001158,74.125.200.0-255,2902,145773,44,331715
957,0.001161,172.31.46.0-255,66,145839,44,331715
958,0.001189,74.125.200.0-255,5738,151577,44,331715
959,0.001192,172.31.46.0-255,66,151643,44,331715
960,0.001196,74.125.200.0-255,2902,154545,44,331715
961,0.001198,172.31.46.0-255,66,154611,44,331715
962,0.001239,172.31.46.0-255,66,154677,44,331715
963,0.001242,74.125.200.0-255,1484,156161,44,331715
964,0.001284,74.125.200.0-255,1484,157645,44,331715
965,0.001287,172.31.46.0-255,66,157711,44,331715
966,0.00131,74.125.200.0-255,1484,159195,44,331715
967,0.001333,74.125.200.0-255,4320,163515,44,331715
968,0.001335,172.31.46.0-255,66,163581,44,331715
969,0.001388,74.125.200.0-255,2184,165765,44,331715
970,0.001391,172.31.46.0-255,66,165831,44,331715
971,0.001509,74.125.200.0-255,1484,167315,44,331715
972,0.00153,74.125.200.0-255,2902,170217,44,331715
973,0.001535,172.31.46.0-255,66,170283,44,331715
974,0.001542,74.125.200.0-255,5738,176021,44,331715
975,0.001544,172.31.46.0-255,66,176087,44,331715
976,0.001553,74.125.200.0-255,2902,178989,44,331715
977,0.001556,172.31.46.0-255,66,179055,44,331715
978,0.001562,74.125.200.0-255,4320,183375,44,331715
979,0.001593,74.125.200.0-255,2902,186277,44,331715
980,0.001611,74.125.200.0-255,4320,190597,44,331715
981,0.001614,172.31.46.0-255,66,190663,44,331715
982,0.001621,172.31.46.0-255,66,190729,44,331715
983,0.001622,172.31.46.0-255,66,190795,44,331715
984,0.001623,172.31.46.0-255,66,190861,44,331715
985,0.001625,74.125.200.0-255,766,191627,44,331715
986,0.001694,74.125.200.0-255,1484,193111,44,331715
987,0.001698,172.31.46.0-255,66,193177,44,331715
988,0.001704,74.125.200.0-255,2902,196079,44,331715
989,0.001706,172.31.46.0-255,66,196145,44,331715
990,0.001732,74.125.200.0-255,5738,201883,44,331715
991,0.001735,172.31.46.0-255,66,201949,44,331715
992,0.001738,74.125.200.0-255,1484,203433,44,331715
993,0.001768,74.125.200.0-255,5738,209171,44,331715
994,0.00177,172.31.46.0-255,66,209237,44,331715
995,0.001786,172.31.46.0-255,66,209303,44,331715
996,0.001819,172.31.46.0-255,66,209369,44,331715
997,0.001821,74.125.200.0-255,1484,210853,44,331715
998,0.001849,74.125.200.0-255,7156,218009,44,331715
999,0.001857,74.125.200.0-255,7156,225165,44,331715
1000,0.001861,74.125.200.0-255,2902,228067,44,331715
1001,0.001883,74.125.200.0-255,5738,233805,44,331715
1002,0.001903,74.125.200.0-255,5738,239543,44,331715
1003,0.001919,74.125.200.0-255,3602,243145,44,331715
1004,0.001935,74.125.200.0-255,4320,247465,44,331715
1005,0.001957,74.125.200.0-255,5738,253203,44,331715
1006,0.001964,74.125.200.0-255,5738,258941,44,331715
1007,0.001972,74.125.200.0-255,7156,266097,44,331715
1008,0.002003,74.125.200.0-255,4320,270417,44,331715
1009,0.002017,74.125.200.0-255,6438,276855,44,331715
1010,0.002055,74.125.200.0-255,7156,284011,44,331715
1011,0.002067,74.125.200.0-255,1484,285495,44,331715
1012,0.002141,74.125.200.0-255,1484,286979,44,331715
1013,0.002159,74.125.200.0-255,4320,291299,44,331715
1014,0.002166,74.125.200.0-255,7156,298455,44,331715
1015,0.00217,74.125.200.0-255,2184,300639,44,331715
1016,0.002174,74.125.200.0-255,2902,303541,44,331715
1017,0.002198,74.125.200.0-255,7156,310697,44,331715
1018,0.002202,74.125.200.0-255,2902,313599,44,331715
1019,0.002205,74.125.200.0-255,1484,315083,44,331715
1020,0.002217,74.125.200.0-255,2902,317985,44,331715
1021,0.002263,74.125.200.0-255,4198,322183,44,331715
1022,0.002292,74.125.200.0-255,105,322288,44,331715
1023,0.002687,172.31.46.0-255,66,322354,44,331715
1024,0.005327,172.31.46.0-255,105,322459,44,331715
1025,0.007603,74.125.200.0-255,66,322525,44,331715
1026,0.037129,172.31.46.0-255,172,322697,44,331715
1027,0.037163,172.31.46.0-255,1114,323811,44,331715
1028,0.037227,172.31.46.0-255,1514,325325,44,331715
1029,0.037249,172.31.46.0-255,1514,326839,44,331715
1030,0.037253,172.31.46.0-255,1514,328353,44,331715
1031,0.037269,172.31.46.0-255,1514,329867,44,331715
1032,0.037279,172.31.46.0-255,1514,331381,44,331715
1033,0.03728,172.31.46.0-255,70,331451,44,331715
1034,0.03867,104.244.42.0-255,66,331517,44,331715
1035,0.038771,104.244.42.0-255,66,331583,44,331715
1036,0.038828,104.244.42.0-255,66,331649,44,331715
1037,0.038874,104.244.42.0-255,66,331715,44,331715
1038,0.0,74.125.68.0-255,146,146,44,275904
1039,2.9e-05,172.31.46.0-255,66,212,44,275904
1040,3.7e-05,74.125.68.0-255,1484,1696,44,275904
1041,4.2e-05,172.31.46.0-255,66,1762,44,275904
1042,4.5e-05,74.125.68.0-255,1484,3246,44,275904
1043,4.9e-05,172.31.46.0-255,66,3312,44,275904
1044,5.5e-05,74.125.68.0-255,2902,6214,44,275904
1045,5.9e-05,172.31.46.0-255,66,6280,44,275904
1046,6.5e-05,74.125.68.0-255,5738,12018,44,275904
1047,6.9e-05,172.31.46.0-255,66,12084,44,275904
1048,7.3e-05,74.125.68.0-255,1997,14081,44,275904
1049,7.6e-05,172.31.46.0-255,66,14147,44,275904
1050,0.000103,74.125.68.0-255,2902,17049,44,275904
1051,0.000107,172.31.46.0-255,66,17115,44,275904
1052,0.000127,74.125.68.0-255,5738,22853,44,275904
1053,0.00013,172.31.46.0-255,66,22919,44,275904
1054,0.000149,74.125.68.0-255,1484,24403,44,275904
1055,0.000151,172.31.46.0-255,66,24469,44,275904
1056,0.000162,172.31.46.0-255,66,24535,44,275904
1057,0.000186,172.31.46.0-255,66,24601,44,275904
1058,0.000204,74.125.68.0-255,4320,28921,44,275904
1059,0.000206,172.31.46.0-255,66,28987,44,275904
1060,0.00025,74.125.68.0-255,2184,31171,44,275904
1061,0.000253,172.31.46.0-255,66,31237,44,275904
1062,0.000602,74.125.68.0-255,1484,32721,44,275904
1063,0.000608,172.31.46.0-255,66,32787,44,275904
1064,0.000615,74.125.68.0-255,2902,35689,44,275904
1065,0.000618,172.31.46.0-255,66,35755,44,275904
1066,0.000622,74.125.68.0-255,1484,37239,44,275904
1067,0.000624,172.31.46.0-255,66,37305,44,275904
1068,0.000648,74.125.68.0-255,1484,38789,44,275904
1069,0.000656,74.125.68.0-255,4320,43109,44,275904
1070,0.000658,172.31.46.0-255,66,43175,44,275904
1071,0.000687,74.125.68.0-255,2902,46077,44,275904
1072,0.00069,172.31.46.0-255,66,46143,44,275904
1073,0.000729,74.125.68.0-255,6797,52940,44,275904
1074,0.000732,172.31.46.0-255,66,53006,44,275904
1075,0.000742,172.31.46.0-255,66,53072,44,275904
1076,0.000762,74.125.68.0-255,1484,54556,44,275904
1077,0.000767,74.125.68.0-255,2543,57099,44,275904
1078,0.000769,172.31.46.0-255,66,57165,44,275904
1079,0.000816,74.125.68.0-255,1484,58649,44,275904
1080,0.000836,74.125.68.0-255,1484,60133,44,275904
1081,0.000839,172.31.46.0-255,66,60199,44,275904
1082,0.000844,74.125.68.0-255,2902,63101,44,275904
1083,0.000846,172.31.46.0-255,66,63167,44,275904
1084,0.000872,74.125.68.0-255,1484,64651,44,275904
1085,0.00089,74.125.68.0-255,4320,68971,44,275904
1086,0.000893,172.31.46.0-255,66,69037,44,275904
1087,0.000908,74.125.68.0-255,1484,70521,44,275904
1088,0.000912,74.125.68.0-255,2902,73423,44,275904
1089,0.000915,172.31.46.0-255,66,73489,44,275904
1090,0.000922,74.125.68.0-255,5738,79227,44,275904
1091,0.000924,172.31.46.0-255,66,79293,44,275904
1092,0.00095,74.125.68.0-255,4320,83613,44,275904
1093,0.000953,172.31.46.0-255,66,83679,44,275904
1094,0.000957,74.125.68.0-255,1484,85163,44,275904
1095,0.000976,74.125.68.0-255,4320,89483,44,275904
1096,0.000978,172.31.46.0-255,66,89549,44,275904
1097,0.000982,74.125.68.0-255,2170,91719,44,275904
1098,0.000985,172.31.46.0-255,66,91785,44,275904
1099,0.001135,74.125.68.0-255,1484,93269,44,275904
1100,0.001142,74.125.68.0-255,2902,96171,44,275904
1101,0.001147,172.31.46.0-255,66,96237,44,275904
1102,0.001165,74.125.68.0-255,1484,97721,44,275904
1103,0.0012,74.125.68.0-255,4320,102041,44,275904
1104,0.001204,172.31.46.0-255,66,102107,44,275904
1105,0.001209,74.125.68.0-255,2902,105009,44,275904
1106,0.001211,172.31.46.0-255,66,105075,44,275904
1107,0.001216,74.125.68.0-255,4320,109395,44,275904
1108,0.001219,172.31.46.0-255,66,109461,44,275904
1109,0.001252,172.31.46.0-255,66,109527,44,275904
1110,0.001291,74.125.68.0-255,1484,111011,44,275904
1111,0.001325,74.125.68.0-255,6438,117449,44,275904
1112,0.001329,172.31.46.0-255,66,117515,44,275904
1113,0.001807,74.125.68.0-255,1484,118999,44,275904
1114,0.001813,74.125.68.0-255,2902,121901,44,275904
1115,0.001817,172.31.46.0-255,66,121967,44,275904
1116,0.001845,74.125.68.0-255,5738,127705,44,275904
1117,0.001848,172.31.46.0-255,66,127771,44,275904
1118,0.001851,74.125.68.0-255,1484,129255,44,275904
1119,0.001869,74.125.68.0-255,1484,130739,44,275904
1120,0.001871,172.31.46.0-255,66,130805,44,275904
1121,0.001891,74.125.68.0-255,1484,132289,44,275904
1122,0.001897,74.125.68.0-255,5738,138027,44,275904
1123,0.0019,172.31.46.0-255,66,138093,44,275904
1124,0.001907,74.125.68.0-255,7156,145249,44,275904
1125,0.00191,172.31.46.0-255,66,145315,44,275904
1126,0.001965,74.125.68.0-255,5738,151053,44,275904
1127,0.001969,172.31.46.0-255,66,151119,44,275904
1128,0.001991,74.125.68.0-255,766,151885,44,275904
1129,0.002374,172.31.46.0-255,101,151986,44,275904
1130,0.004282,74.125.68.0-255,4320,156306,44,275904
1131,0.0043,172.31.46.0-255,66,156372,44,275904
1132,0.00468,74.125.68.0-255,1484,157856,44,275904
1133,0.006599,74.125.68.0-255,4320,162176,44,275904
1134,0.006606,172.31.46.0-255,66,162242,44,275904
1135,0.008931,74.125.68.0-255,5738,167980,44,275904
1136,0.008942,172.31.46.0-255,66,168046,44,275904
1137,0.011263,74.125.68.0-255,5738,173784,44,275904
1138,0.011282,172.31.46.0-255,66,173850,44,275904
1139,0.01359,74.125.68.0-255,5738,179588,44,275904
1140,0.013607,172.31.46.0-255,66,179654,44,275904
1141,0.015914,74.125.68.0-255,5738,185392,44,275904
1142,0.01593,172.31.46.0-255,66,185458,44,275904
1143,0.018233,74.125.68.0-255,5738,191196,44,275904
1144,0.018244,172.31.46.0-255,66,191262,44,275904
1145,0.020558,74.125.68.0-255,5738,197000,44,275904
1146,0.020572,172.31.46.0-255,66,197066,44,275904
1147,0.0229,74.125.68.0-255,5738,202804,44,275904
1148,0.022915,172.31.46.0-255,66,202870,44,275904
1149,0.025235,74.125.68.0-255,5738,208608,44,275904
1150,0.025253,172.31.46.0-255,66,208674,44,275904
1151,0.027582,74.125.68.0-255,5738,214412,44,275904
1152,0.0276,172.31.46.0-255,66,214478,44,275904
1153,0.029919,74.125.68.0-255,5738,220216,44,275904
1154,0.029941,172.31.46.0-255,66,220282,44,275904
1155,0.032265,74.125.68.0-255,5738,226020,44,275904
1156,0.032282,172.31.46.0-255,66,226086,44,275904
1157,0.034597,74.125.68.0-255,5738,231824,44,275904
1158,0.034609,172.31.46.0-255,66,231890,44,275904
1159,0.03693,74.125.68.0-255,5738,237628,44,275904
1160,0.036946,172.31.46.0-255,66,237694,44,275904
1161,0.039271,74.125.68.0-255,5738,243432,44,275904
1162,0.03929,172.31.46.0-255,66,243498,44,275904
1163,0.041622,74.125.68.0-255,5738,249236,44,275904
1164,0.041641,172.31.46.0-255,66,249302,44,275904
1165,0.043956,74.125.68.0-255,5738,255040,44,275904
1166,0.043979,172.31.46.0-255,66,255106,44,275904
1167,0.046301,74.125.68.0-255,5738,260844,44,275904
1168,0.046319,172.31.46.0-255,66,260910,44,275904
1169,0.047491,172.31.46.0-255,172,261082,44,275904
1170,0.047529,172.31.46.0-255,1114,262196,44,275904
1171,0.047622,172.31.46.0-255,1514,263710,44,275904
1172,0.047624,172.31.46.0-255,1514,265224,44,275904
1173,0.047629,172.31.46.0-255,1514,266738,44,275904
1174,0.047631,172.31.46.0-255,1514,268252,44,275904
1175,0.047651,172.31.46.0-255,1514,269766,44,275904
1176,0.047652,172.31.46.0-255,70,269836,44,275904
1177,0.048632,74.125.68.0-255,5738,275574,44,275904
1178,0.048645,172.31.46.0-255,66,275640,44,275904
1179,0.049069,104.244.42.0-255,66,275706,44,275904
1180,0.049122,104.244.42.0-255,66,275772,44,275904
1181,0.049212,104.244.42.0-255,66,275838,44,275904
1182,0.049219,104.244.42.0-255,66,275904,44,275904
1183,0.0,172.217.194.0-255,298,298,44,308335
1184,2.2e-05,172.31.46.0-255,66,364,44,308335
1185,3e-05,172.217.194.0-255,1484,1848,44,308335
1186,3.3e-05,172.31.46.0-255,66,1914,44,308335
1187,4e-05,172.217.194.0-255,4320,6234,44,308335
1188,4.3e-05,172.31.46.0-255,66,6300,44,308335
1189,6.4e-05,172.217.194.0-255,4320,10620,44,308335
1190,6.7e-05,172.31.46.0-255,66,10686,44,308335
1191,8.8e-05,172.217.194.0-255,3298,13984,44,308335
1192,9.1e-05,172.31.46.0-255,66,14050,44,308335
1193,0.000102,172.31.46.0-255,66,14116,44,308335
1194,0.000108,172.217.194.0-255,4320,18436,44,308335
1195,0.00011,172.31.46.0-255,66,18502,44,308335
1196,0.000126,172.217.194.0-255,3961,22463,44,308335
1197,0.000128,172.31.46.0-255,66,22529,44,308335
1198,0.00034,172.217.194.0-255,1484,24013,44,308335
1199,0.000345,172.31.46.0-255,66,24079,44,308335
1200,0.00035,172.217.194.0-255,2902,26981,44,308335
1201,0.000352,172.31.46.0-255,66,27047,44,308335
1202,0.000371,172.217.194.0-255,4320,31367,44,308335
1203,0.000374,172.31.46.0-255,66,31433,44,308335
1204,0.000419,172.217.194.0-255,4320,35753,44,308335
1205,0.000422,172.31.46.0-255,66,35819,44,308335
1206,0.000448,172.217.194.0-255,5379,41198,44,308335
1207,0.000451,172.31.46.0-255,66,41264,44,308335
1208,0.000462,172.31.46.0-255,66,41330,44,308335
1209,0.000468,172.217.194.0-255,5379,46709,44,308335
1210,0.00047,172.31.46.0-255,66,46775,44,308335
1211,0.000692,172.217.194.0-255,646,47421,44,308335
1212,0.000698,172.31.46.0-255,66,47487,44,308335
1213,0.000834,172.217.194.0-255,1484,48971,44,308335
1214,0.000841,172.217.194.0-255,2902,51873,44,308335
1215,0.000844,172.31.46.0-255,66,51939,44,308335
1216,0.000869,172.217.194.0-255,5738,57677,44,308335
1217,0.000871,172.31.46.0-255,101,57778,44,308335
1218,0.000875,172.31.46.0-255,66,57844,44,308335
1219,0.000907,172.31.46.0-255,66,57910,44,308335
1220,0.000916,172.217.194.0-255,7156,65066,44,308335
1221,0.000919,172.31.46.0-255,66,65132,44,308335
1222,0.000939,172.217.194.0-255,3602,68734,44,308335
1223,0.000942,172.31.46.0-255,66,68800,44,308335
1224,0.000966,172.217.194.0-255,1484,70284,44,308335
1225,0.000972,172.217.194.0-255,2902,73186,44,308335
1226,0.000974,172.31.46.0-255,66,73252,44,308335
1227,0.000981,172.217.194.0-255,5738,78990,44,308335
1228,0.000983,172.31.46.0-255,66,79056,44,308335
1229,0.000999,172.217.194.0-255,5738,84794,44,308335
1230,0.001002,172.31.46.0-255,66,84860,44,308335
1231,0.001019,172.217.194.0-255,7156,92016,44,308335
1232,0.001023,172.31.46.0-255,66,92082,44,308335
1233,0.001034,172.31.46.0-255,66,92148,44,308335
1234,0.001057,172.217.194.0-255,2184,94332,44,308335
1235,0.001059,172.31.46.0-255,66,94398,44,308335
1236,0.001062,172.217.194.0-255,1484,95882,44,308335
1237,0.00108,172.217.194.0-255,1484,97366,44,308335
1238,0.001083,172.31.46.0-255,66,97432,44,308335
1239,0.001091,172.217.194.0-255,7156,104588,44,308335
1240,0.001094,172.31.46.0-255,66,104654,44,308335
1241,0.001134,172.31.46.0-255,66,104720,44,308335
1242,0.001153,172.217.194.0-255,1484,106204,44,308335
1243,0.001168,172.217.194.0-255,5020,111224,44,308335
1244,0.001171,172.31.46.0-255,66,111290,44,308335
1245,0.001185,172.217.194.0-255,1484,112774,44,308335
1246,0.001202,172.217.194.0-255,5738,118512,44,308335
1247,0.001205,172.31.46.0-255,66,118578,44,308335
1248,0.001208,172.217.194.0-255,1484,120062,44,308335
1249,0.001235,172.31.46.0-255,66,120128,44,308335
1250,0.001275,172.31.46.0-255,66,120194,44,308335
1251,0.001292,172.217.194.0-255,6438,126632,44,308335
1252,0.001294,172.31.46.0-255,66,126698,44,308335
1253,0.001669,172.217.194.0-255,1484,128182,44,308335
1254,0.001675,172.217.194.0-255,2902,131084,44,308335
1255,0.001678,172.31.46.0-255,66,131150,44,308335
1256,0.001709,172.217.194.0-255,5738,136888,44,308335
1257,0.001712,172.31.46.0-255,66,136954,44,308335
1258,0.00172,172.217.194.0-255,7156,144110,44,308335
1259,0.001722,172.31.46.0-255,66,144176,44,308335
1260,0.001755,172.217.194.0-255,2902,147078,44,308335
1261,0.001758,172.31.46.0-255,66,147144,44,308335
1262,0.001785,172.31.46.0-255,66,147210,44,308335
1263,0.001789,172.217.194.0-255,2184,149394,44,308335
1264,0.001791,172.31.46.0-255,66,149460,44,308335
1265,0.001961,172.217.194.0-255,1484,150944,44,308335
1266,0.001966,172.217.194.0-255,2902,153846,44,308335
1267,0.001969,172.31.46.0-255,66,153912,44,308335
1268,0.001988,172.217.194.0-255,4320,158232,44,308335
1269,0.00199,172.31.46.0-255,66,158298,44,308335
1270,0.002014,172.217.194.0-255,1484,159782,44,308335
1271,0.002021,172.217.194.0-255,5738,165520,44,308335
1272,0.002023,172.31.46.0-255,66,165586,44,308335
1273,0.00284,172.217.194.0-255,66,165652,44,308335
1274,0.004043,172.217.194.0-255,5738,171390,44,308335
1275,0.00405,172.31.46.0-255,66,171456,44,308335
1276,0.00606,172.217.194.0-255,5738,177194,44,308335
1277,0.006064,172.31.46.0-255,66,177260,44,308335
1278,0.008066,172.217.194.0-255,5738,182998,44,308335
1279,0.008069,172.31.46.0-255,66,183064,44,308335
1280,0.010081,172.217.194.0-255,5738,188802,44,308335
1281,0.010088,172.31.46.0-255,66,188868,44,308335
1282,0.012106,172.217.194.0-255,5738,194606,44,308335
1283,0.012113,172.31.46.0-255,66,194672,44,308335
1284,0.014105,172.217.194.0-255,5738,200410,44,308335
1285,0.014113,172.31.46.0-255,66,200476,44,308335
1286,0.016118,172.217.194.0-255,5738,206214,44,308335
1287,0.016126,172.31.46.0-255,66,206280,44,308335
1288,0.018129,172.217.194.0-255,5738,212018,44,308335
1289,0.018137,172.31.46.0-255,66,212084,44,308335
1290,0.020128,172.217.194.0-255,5738,217822,44,308335
1291,0.020136,172.31.46.0-255,66,217888,44,308335
1292,0.022131,172.217.194.0-255,5738,223626,44,308335
1293,0.022138,172.31.46.0-255,66,223692,44,308335
1294,0.02413,172.217.194.0-255,5738,229430,44,308335
1295,0.024138,172.31.46.0-255,66,229496,44,308335
1296,0.026139,172.217.194.0-255,5738,235234,44,308335
1297,0.026145,172.31.46.0-255,66,235300,44,308335
1298,0.028136,172.217.194.0-255,5738,241038,44,308335
1299,0.028142,172.31.46.0-255,66,241104,44,308335
1300,0.030173,172.217.194.0-255,5738,246842,44,308335
1301,0.030179,172.31.46.0-255,66,246908,44,308335
1302,0.032173,172.217.194.0-255,5738,252646,44,308335
1303,0.03218,172.31.46.0-255,66,252712,44,308335
1304,0.0342,172.217.194.0-255,5738,258450,44,308335
1305,0.034207,172.31.46.0-255,66,258516,44,308335
1306,0.036219,172.217.194.0-255,5738,264254,44,308335
1307,0.036225,172.31.46.0-255,66,264320,44,308335
1308,0.036322,172.31.46.0-255,172,264492,44,308335
1309,0.036346,172.31.46.0-255,1114,265606,44,308335
1310,0.036398,172.31.46.0-255,1514,267120,44,308335
1311,0.036399,172.31.46.0-255,1514,268634,44,308335
1312,0.036403,172.31.46.0-255,1514,270148,44,308335
1313,0.036404,172.31.46.0-255,1514,271662,44,308335
1314,0.036421,172.31.46.0-255,1514,273176,44,308335
1315,0.036423,172.31.46.0-255,71,273247,44,308335
1316,0.037877,104.244.42.0-255,66,273313,44,308335
1317,0.037885,104.244.42.0-255,66,273379,44,308335
1318,0.037968,104.244.42.0-255,66,273445,44,308335
1319,0.037975,104.244.42.0-255,66,273511,44,308335
1320,0.038263,172.217.194.0-255,5738,279249,44,308335
1321,0.03827,172.31.46.0-255,66,279315,44,308335
1322,0.040287,172.217.194.0-255,5738,285053,44,308335
1323,0.040292,172.31.46.0-255,66,285119,44,308335
1324,0.042343,172.217.194.0-255,5738,290857,44,308335
1325,0.042351,172.31.46.0-255,66,290923,44,308335
1326,0.04437,172.217.194.0-255,5738,296661,44,308335
1327,0.044376,172.31.46.0-255,66,296727,44,308335
1328,0.046394,172.217.194.0-255,5738,302465,44,308335
1329,0.046404,172.31.46.0-255,66,302531,44,308335
1330,0.048408,172.217.194.0-255,5738,308269,44,308335
1331,0.048418,172.31.46.0-255,66,308335,44,308335
1332,0.0,74.125.24.0-255,153,153,44,254970
1333,1.4e-05,172.31.46.0-255,66,219,44,254970
1334,2.2e-05,74.125.24.0-255,1484,1703,44,254970
1335,2.8e-05,172.31.46.0-255,66,1769,44,254970
1336,4.2e-05,74.125.24.0-255,2902,4671,44,254970
1337,4.6e-05,172.31.46.0-255,66,4737,44,254970
1338,5.4e-05,74.125.24.0-255,7156,11893,44,254970
1339,5.7e-05,172.31.46.0-255,66,11959,44,254970
1340,0.000126,74.125.24.0-255,2006,13965,44,254970
1341,0.000129,172.31.46.0-255,66,14031,44,254970
1342,0.000213,74.125.24.0-255,1484,15515,44,254970
1343,0.000217,172.31.46.0-255,66,15581,44,254970
1344,0.000222,74.125.24.0-255,2902,18483,44,254970
1345,0.000224,172.31.46.0-255,66,18549,44,254970
1346,0.000257,74.125.24.0-255,5738,24287,44,254970
1347,0.00026,172.31.46.0-255,66,24353,44,254970
1348,0.000314,74.125.24.0-255,6797,31150,44,254970
1349,0.000318,172.31.46.0-255,66,31216,44,254970
1350,0.000396,172.31.46.0-255,66,31282,44,254970
1351,0.000422,74.125.24.0-255,4320,35602,44,254970
1352,0.000425,172.31.46.0-255,66,35668,44,254970
1353,0.000548,74.125.24.0-255,7156,42824,44,254970
1354,0.000553,172.31.46.0-255,66,42890,44,254970
1355,0.000592,172.31.46.0-255,66,42956,44,254970
1356,0.000728,74.125.24.0-255,399,43355,44,254970
1357,0.000732,172.31.46.0-255,66,43421,44,254970
1358,0.000736,74.125.24.0-255,108,43529,44,254970
1359,0.000738,172.31.46.0-255,66,43595,44,254970
1360,0.000768,74.125.24.0-255,2902,46497,44,254970
1361,0.000772,172.31.46.0-255,66,46563,44,254970
1362,0.000793,74.125.24.0-255,7156,53719,44,254970
1363,0.000813,172.31.46.0-255,66,53785,44,254970
1364,0.000872,74.125.24.0-255,5738,59523,44,254970
1365,0.000905,172.31.46.0-255,66,59589,44,254970
1366,0.001044,172.31.46.0-255,66,59655,44,254970
1367,0.001136,74.125.24.0-255,4320,63975,44,254970
1368,0.00114,172.31.46.0-255,66,64041,44,254970
1369,0.001165,74.125.24.0-255,5738,69779,44,254970
1370,0.001179,172.31.46.0-255,66,69845,44,254970
1371,0.001259,74.125.24.0-255,5738,75583,44,254970
1372,0.001273,172.31.46.0-255,66,75649,44,254970
1373,0.001304,172.31.46.0-255,66,75715,44,254970
1374,0.001485,74.125.24.0-255,2184,77899,44,254970
1375,0.001489,172.31.46.0-255,66,77965,44,254970
1376,0.001517,74.125.24.0-255,2902,80867,44,254970
1377,0.001523,172.31.46.0-255,66,80933,44,254970
1378,0.001553,74.125.24.0-255,7156,88089,44,254970
1379,0.001564,172.31.46.0-255,66,88155,44,254970
1380,0.001639,172.31.46.0-255,66,88221,44,254970
1381,0.001656,74.125.24.0-255,7156,95377,44,254970
1382,0.001671,172.31.46.0-255,66,95443,44,254970
1383,0.001796,74.125.24.0-255,5738,101181,44,254970
1384,0.0018,172.31.46.0-255,66,101247,44,254970
1385,0.001817,74.125.24.0-255,2184,103431,44,254970
1386,0.001841,172.31.46.0-255,66,103497,44,254970
1387,0.001893,74.125.24.0-255,7156,110653,44,254970
1388,0.001903,172.31.46.0-255,66,110719,44,254970
1389,0.001994,172.31.46.0-255,66,110785,44,254970
1390,0.002205,74.125.24.0-255,5020,115805,44,254970
1391,0.002209,172.31.46.0-255,66,115871,44,254970
1392,0.002244,74.125.24.0-255,2902,118773,44,254970
1393,0.002265,74.125.24.0-255,2902,121675,44,254970
1394,0.002275,172.31.46.0-255,66,121741,44,254970
1395,0.002336,74.125.24.0-255,2902,124643,44,254970
1396,0.002338,172.31.46.0-255,66,124709,44,254970
1397,0.002343,172.31.46.0-255,66,124775,44,254970
1398,0.002461,74.125.24.0-255,4320,129095,44,254970
1399,0.002465,172.31.46.0-255,66,129161,44,254970
1400,0.002517,172.31.46.0-255,66,129227,44,254970
1401,0.002684,172.31.46.0-255,66,129293,44,254970
1402,0.003102,172.31.46.0-255,66,129359,44,254970
1403,0.003551,172.31.46.0-255,101,129460,44,254970
1404,0.005372,74.125.24.0-255,5738,135198,44,254970
1405,0.005378,172.31.46.0-255,66,135264,44,254970
1406,0.005781,74.125.24.0-255,66,135330,44,254970
1407,0.007661,74.125.24.0-255,5738,141068,44,254970
1408,0.007667,172.31.46.0-255,66,141134,44,254970
1409,0.009964,74.125.24.0-255,5738,146872,44,254970
1410,0.009972,172.31.46.0-255,66,146938,44,254970
1411,0.012294,74.125.24.0-255,5738,152676,44,254970
1412,0.012309,172.31.46.0-255,66,152742,44,254970
1413,0.014621,74.125.24.0-255,5738,158480,44,254970
1414,0.014638,172.31.46.0-255,66,158546,44,254970
1415,0.01692,74.125.24.0-255,5738,164284,44,254970
1416,0.016935,172.31.46.0-255,66,164350,44,254970
1417,0.019206,74.125.24.0-255,5738,170088,44,254970
1418,0.019214,172.31.46.0-255,66,170154,44,254970
1419,0.021468,74.125.24.0-255,5738,175892,44,254970
1420,0.021478,172.31.46.0-255,66,175958,44,254970
1421,0.023729,74.125.24.0-255,5738,181696,44,254970
1422,0.023736,172.31.46.0-255,66,181762,44,254970
1423,0.026028,74.125.24.0-255,5738,187500,44,254970
1424,0.026035,172.31.46.0-255,66,187566,44,254970
1425,0.028293,74.125.24.0-255,5738,193304,44,254970
1426,0.028304,172.31.46.0-255,66,193370,44,254970
1427,0.03057,74.125.24.0-255,5738,199108,44,254970
1428,0.030577,172.31.46.0-255,66,199174,44,254970
1429,0.032867,74.125.24.0-255,5738,204912,44,254970
1430,0.032874,172.31.46.0-255,66,204978,44,254970
1431,0.035124,74.125.24.0-255,5738,210716,44,254970
1432,0.035131,172.31.46.0-255,66,210782,44,254970
1433,0.037416,74.125.24.0-255,5738,216520,44,254970
1434,0.037423,172.31.46.0-255,66,216586,44,254970
1435,0.039702,74.125.24.0-255,5738,222324,44,254970
1436,0.039711,172.31.46.0-255,66,222390,44,254970
1437,0.041044,172.31.46.0-255,172,222562,44,254970
1438,0.041075,172.31.46.0-255,1114,223676,44,254970
1439,0.041145,172.31.46.0-255,1514,225190,44,254970
1440,0.041147,172.31.46.0-255,1514,226704,44,254970
1441,0.041149,172.31.46.0-255,1514,228218,44,254970
1442,0.04115,172.31.46.0-255,1514,229732,44,254970
1443,0.041151,172.31.46.0-255,1514,231246,44,254970
1444,0.041179,172.31.46.0-255,70,231316,44,254970
1445,0.041996,74.125.24.0-255,5738,237054,44,254970
1446,0.042003,172.31.46.0-255,66,237120,44,254970
1447,0.042592,104.244.42.0-255,66,237186,44,254970
1448,0.04264,104.244.42.0-255,66,237252,44,254970
1449,0.042765,104.244.42.0-255,66,237318,44,254970
1450,0.042771,104.244.42.0-255,66,237384,44,254970
1451,0.043421,104.244.42.0-255,108,237492,44,254970
1452,0.043431,172.31.46.0-255,66,237558,44,254970
1453,0.044258,74.125.24.0-255,5738,243296,44,254970
1454,0.044264,172.31.46.0-255,66,243362,44,254970
1455,0.046596,74.125.24.0-255,5738,249100,44,254970
1456,0.046603,172.31.46.0-255,66,249166,44,254970
1457,0.048882,74.125.24.0-255,5738,254904,44,254970
1458,0.048889,172.31.46.0-255,66,254970,44,254970
1459,0.0,74.125.200.0-255,298,298,44,298206
1460,1.4e-05,172.31.46.0-255,66,364,44,298206
1461,5e-05,74.125.200.0-255,1484,1848,44,298206
1462,5.6e-05,172.31.46.0-255,66,1914,44,298206
1463,6.3e-05,74.125.200.0-255,4320,6234,44,298206
1464,6.6e-05,172.31.46.0-255,66,6300,44,298206
1465,7.2e-05,74.125.200.0-255,5738,12038,44,298206
1466,7.5e-05,172.31.46.0-255,66,12104,44,298206
1467,0.000111,74.125.200.0-255,6166,18270,44,298206
1468,0.000113,172.31.46.0-255,66,18336,44,298206
1469,0.000141,74.125.200.0-255,2902,21238,44,298206
1470,0.000143,172.31.46.0-255,66,21304,44,298206
1471,0.000163,74.125.200.0-255,4320,25624,44,298206
1472,0.000166,172.31.46.0-255,66,25690,44,298206
1473,0.000173,74.125.200.0-255,5379,31069,44,298206
1474,0.000176,172.31.46.0-255,66,31135,44,298206
1475,0.000253,74.125.200.0-255,1484,32619,44,298206
1476,0.000256,172.31.46.0-255,66,32685,44,298206
1477,0.000261,74.125.200.0-255,2902,35587,44,298206
1478,0.000263,172.31.46.0-255,66,35653,44,298206
1479,0.000296,74.125.200.0-255,5738,41391,44,298206
1480,0.0003,172.31.46.0-255,66,41457,44,298206
1481,0.000311,172.31.46.0-255,66,41523,44,298206
1482,0.000339,172.31.46.0-255,66,41589,44,298206
1483,0.000377,74.125.200.0-255,7071,48660,44,298206
1484,0.00038,172.31.46.0-255,66,48726,44,298206
1485,0.000383,74.125.200.0-255,127,48853,44,298206
1486,0.000385,172.31.46.0-255,66,48919,44,298206
1487,0.000492,74.125.200.0-255,1484,50403,44,298206
1488,0.000495,172.31.46.0-255,66,50469,44,298206
1489,0.0005,74.125.200.0-255,2902,53371,44,298206
1490,0.000502,172.31.46.0-255,66,53437,44,298206
1491,0.000506,74.125.200.0-255,1484,54921,44,298206
1492,0.000516,74.125.200.0-255,2902,57823,44,298206
1493,0.000518,172.31.46.0-255,66,57889,44,298206
1494,0.000543,74.125.200.0-255,5738,63627,44,298206
1495,0.000545,172.31.46.0-255,66,63693,44,298206
1496,0.000548,74.125.200.0-255,1484,65177,44,298206
1497,0.000579,74.125.200.0-255,5738,70915,44,298206
1498,0.000581,172.31.46.0-255,66,70981,44,298206
1499,0.000592,172.31.46.0-255,66,71047,44,298206
1500,0.000618,74.125.200.0-255,3602,74649,44,298206
1501,0.00062,172.31.46.0-255,66,74715,44,298206
1502,0.000623,74.125.200.0-255,351,75066,44,298206
1503,0.000673,74.125.200.0-255,1484,76550,44,298206
1504,0.000675,172.31.46.0-255,66,76616,44,298206
1505,0.000706,74.125.200.0-255,4320,80936,44,298206
1506,0.000709,172.31.46.0-255,66,81002,44,298206
1507,0.000714,74.125.200.0-255,4320,85322,44,298206
1508,0.000716,172.31.46.0-255,66,85388,44,298206
1509,0.000721,74.125.200.0-255,2902,88290,44,298206
1510,0.000723,172.31.46.0-255,66,88356,44,298206
1511,0.000744,74.125.200.0-255,2902,91258,44,298206
1512,0.000747,172.31.46.0-255,66,91324,44,298206
1513,0.000753,74.125.200.0-255,4320,95644,44,298206
1514,0.000756,172.31.46.0-255,66,95710,44,298206
1515,0.000791,74.125.200.0-255,7156,102866,44,298206
1516,0.000796,74.125.200.0-255,4320,107186,44,298206
1517,0.000799,74.125.200.0-255,2184,109370,44,298206
1518,0.00081,172.31.46.0-255,66,109436,44,298206
1519,0.000812,172.31.46.0-255,66,109502,44,298206
1520,0.000816,172.31.46.0-255,66,109568,44,298206
1521,0.00082,74.125.200.0-255,2902,112470,44,298206
1522,0.000822,172.31.46.0-255,66,112536,44,298206
1523,0.000857,74.125.200.0-255,7156,119692,44,298206
1524,0.000861,172.31.46.0-255,66,119758,44,298206
1525,0.000867,74.125.200.0-255,5738,125496,44,298206
1526,0.00087,172.31.46.0-255,66,125562,44,298206
1527,0.000877,74.125.200.0-255,5738,131300,44,298206
1528,0.00088,172.31.46.0-255,66,131366,44,298206
1529,0.000908,74.125.200.0-255,1484,132850,44,298206
1530,0.000914,74.125.200.0-255,2902,135752,44,298206
1531,0.000916,172.31.46.0-255,66,135818,44,298206
1532,0.000951,172.31.46.0-255,66,135884,44,298206
1533,0.001009,74.125.200.0-255,1484,137368,44,298206
1534,0.00104,74.125.200.0-255,2902,140270,44,298206
1535,0.001045,172.31.46.0-255,66,140336,44,298206
1536,0.001048,74.125.200.0-255,1484,141820,44,298206
1537,0.001071,74.125.200.0-255,4320,146140,44,298206
1538,0.001074,172.31.46.0-255,66,146206,44,298206
1539,0.001081,74.125.200.0-255,7156,153362,44,298206
1540,0.001083,172.31.46.0-255,66,153428,44,298206
1541,0.001124,172.31.46.0-255,66,153494,44,298206
1542,0.001157,74.125.200.0-255,2184,155678,44,298206
1543,0.00116,172.31.46.0-255,66,155744,44,298206
1544,0.00123,74.125.200.0-255,1484,157228,44,298206
1545,0.001242,74.125.200.0-255,2902,160130,44,298206
1546,0.001246,172.31.46.0-255,66,160196,44,298206
1547,0.001251,74.125.200.0-255,2902,163098,44,298206
1548,0.001253,172.31.46.0-255,66,163164,44,298206
1549,0.00128,74.125.200.0-255,4320,167484,44,298206
1550,0.001283,172.31.46.0-255,66,167550,44,298206
1551,0.001288,74.125.200.0-255,4320,171870,44,298206
1552,0.001291,172.31.46.0-255,66,171936,44,298206
1553,0.001315,74.125.200.0-255,4320,176256,44,298206
1554,0.001322,172.31.46.0-255,66,176322,44,298206
1555,0.001329,74.125.200.0-255,7156,183478,44,298206
1556,0.001331,172.31.46.0-255,66,183544,44,298206
1557,0.001365,74.125.200.0-255,6438,189982,44,298206
1558,0.001369,172.31.46.0-255,66,190048,44,298206
1559,0.001478,74.125.200.0-255,1484,191532,44,298206
1560,0.001484,74.125.200.0-255,2902,194434,44,298206
1561,0.001487,172.31.46.0-255,66,194500,44,298206
1562,0.00149,74.125.200.0-255,1484,195984,44,298206
1563,0.001515,74.125.200.0-255,4320,200304,44,298206
1564,0.001517,172.31.46.0-255,66,200370,44,298206
1565,0.001521,74.125.200.0-255,2902,203272,44,298206
1566,0.001524,172.31.46.0-255,66,203338,44,298206
1567,0.001535,74.125.200.0-255,4320,207658,44,298206
1568,0.001537,172.31.46.0-255,66,207724,44,298206
1569,0.001543,74.125.200.0-255,5738,213462,44,298206
1570,0.001546,172.31.46.0-255,66,213528,44,298206
1571,0.001579,74.125.200.0-255,2902,216430,44,298206
1572,0.001583,172.31.46.0-255,66,216496,44,298206
1573,0.001593,172.31.46.0-255,66,216562,44,298206
1574,0.001703,74.125.200.0-255,1484,218046,44,298206
1575,0.00172,74.125.200.0-255,2902,220948,44,298206
1576,0.001723,172.31.46.0-255,66,221014,44,298206
1577,0.001727,74.125.200.0-255,2902,223916,44,298206
1578,0.00173,172.31.46.0-255,66,223982,44,298206
1579,0.001749,74.125.200.0-255,2902,226884,44,298206
1580,0.001752,172.31.46.0-255,66,226950,44,298206
1581,0.001797,172.31.46.0-255,66,227016,44,298206
1582,0.001814,74.125.200.0-255,5738,232754,44,298206
1583,0.001817,172.31.46.0-255,66,232820,44,298206
1584,0.00182,74.125.200.0-255,1484,234304,44,298206
1585,0.001852,74.125.200.0-255,5020,239324,44,298206
1586,0.001855,172.31.46.0-255,66,239390,44,298206
1587,0.001863,74.125.200.0-255,7156,246546,44,298206
1588,0.001865,172.31.46.0-255,66,246612,44,298206
1589,0.001908,172.31.46.0-255,66,246678,44,298206
1590,0.001915,74.125.200.0-255,7156,253834,44,298206
1591,0.001917,172.31.46.0-255,66,253900,44,298206
1592,0.00195,74.125.200.0-255,4320,258220,44,298206
1593,0.001953,172.31.46.0-255,66,258286,44,298206
1594,0.001959,74.125.200.0-255,3602,261888,44,298206
1595,0.001961,172.31.46.0-255,66,261954,44,298206
1596,0.001966,74.125.200.0-255,4320,266274,44,298206
1597,0.001969,172.31.46.0-255,66,266340,44,298206
1598,0.001972,74.125.200.0-255,1484,267824,44,298206
1599,0.002002,74.125.200.0-255,7156,274980,44,298206
1600,0.00203,74.125.200.0-255,1484,276464,44,298206
1601,0.002035,172.31.46.0-255,66,276530,44,298206
1602,0.002095,74.125.200.0-255,1484,278014,44,298206
1603,0.0021,74.125.200.0-255,4320,282334,44,298206
1604,0.002138,172.31.46.0-255,66,282400,44,298206
1605,0.002164,74.125.200.0-255,6032,288432,44,298206
1606,0.002167,74.125.200.0-255,105,288537,44,298206
1607,0.002185,172.31.46.0-255,66,288603,44,298206
1608,0.009385,172.31.46.0-255,105,288708,44,298206
1609,0.011662,74.125.200.0-255,66,288774,44,298206
1610,0.043173,172.31.46.0-255,172,288946,44,298206
1611,0.043205,172.31.46.0-255,1114,290060,44,298206
1612,0.043293,172.31.46.0-255,1514,291574,44,298206
1613,0.043314,172.31.46.0-255,1514,293088,44,298206
1614,0.043318,172.31.46.0-255,1514,294602,44,298206
1615,0.043334,172.31.46.0-255,1514,296116,44,298206
1616,0.043342,172.31.46.0-255,1514,297630,44,298206
1617,0.043344,172.31.46.0-255,72,297702,44,298206
1618,0.044715,104.244.42.0-255,66,297768,44,298206
1619,0.044724,104.244.42.0-255,66,297834,44,298206
1620,0.04483,104.244.42.0-255,66,297900,44,298206
1621,0.044973,104.244.42.0-255,66,297966,44,298206
1622,0.04498,104.244.42.0-255,66,298032,44,298206
1623,0.045441,104.244.42.0-255,108,298140,44,298206
1624,0.045449,172.31.46.0-255,66,298206,44,298206
1625,0.0,74.125.130.0-255,150,150,44,332120
1626,2.2e-05,172.31.46.0-255,66,216,44,332120
1627,3e-05,74.125.130.0-255,1484,1700,44,332120
1628,3.5e-05,172.31.46.0-255,66,1766,44,332120
1629,6.2e-05,74.125.130.0-255,2902,4668,44,332120
1630,6.6e-05,172.31.46.0-255,66,4734,44,332120
1631,7.3e-05,74.125.130.0-255,5738,10472,44,332120
1632,7.6e-05,172.31.46.0-255,66,10538,44,332120
1633,8.2e-05,74.125.130.0-255,3395,13933,44,332120
1634,8.5e-05,172.31.46.0-255,66,13999,44,332120
1635,0.00023,74.125.130.0-255,1484,15483,44,332120
1636,0.000235,172.31.46.0-255,66,15549,44,332120
1637,0.000241,74.125.130.0-255,2902,18451,44,332120
1638,0.000244,172.31.46.0-255,66,18517,44,332120
1639,0.000262,74.125.130.0-255,5738,24255,44,332120
1640,0.00027,172.31.46.0-255,66,24321,44,332120
1641,0.000273,74.125.130.0-255,1484,25805,44,332120
1642,0.000275,172.31.46.0-255,66,25871,44,332120
1643,0.000279,74.125.130.0-255,2902,28773,44,332120
1644,0.000281,172.31.46.0-255,66,28839,44,332120
1645,0.000311,74.125.130.0-255,2543,31382,44,332120
1646,0.000313,172.31.46.0-255,66,31448,44,332120
1647,0.000338,74.125.130.0-255,2902,34350,44,332120
1648,0.000341,172.31.46.0-255,66,34416,44,332120
1649,0.000373,74.125.130.0-255,7156,41572,44,332120
1650,0.000376,172.31.46.0-255,66,41638,44,332120
1651,0.000383,74.125.130.0-255,6797,48435,44,332120
1652,0.000385,172.31.46.0-255,66,48501,44,332120
1653,0.000441,74.125.130.0-255,1484,49985,44,332120
1654,0.000445,172.31.46.0-255,66,50051,44,332120
1655,0.000449,74.125.130.0-255,2902,52953,44,332120
1656,0.000451,172.31.46.0-255,66,53019,44,332120
1657,0.000494,74.125.130.0-255,5738,58757,44,332120
1658,0.000497,172.31.46.0-255,66,58823,44,332120
1659,0.000504,74.125.130.0-255,7050,65873,44,332120
1660,0.000506,172.31.46.0-255,66,65939,44,332120
1661,0.000529,74.125.130.0-255,404,66343,44,332120
1662,0.00068,74.125.130.0-255,1484,67827,44,332120
1663,0.000684,172.31.46.0-255,66,67893,44,332120
1664,0.00069,74.125.130.0-255,2902,70795,44,332120
1665,0.000692,172.31.46.0-255,66,70861,44,332120
1666,0.000727,74.125.130.0-255,5738,76599,44,332120
1667,0.000729,172.31.46.0-255,66,76665,44,332120
1668,0.000733,74.125.130.0-255,2902,79567,44,332120
1669,0.000735,172.31.46.0-255,66,79633,44,332120
1670,0.000804,172.31.46.0-255,66,79699,44,332120
1671,0.00081,74.125.130.0-255,4320,84019,44,332120
1672,0.000812,172.31.46.0-255,66,84085,44,332120
1673,0.000823,74.125.130.0-255,5379,89464,44,332120
1674,0.000826,172.31.46.0-255,66,89530,44,332120
1675,0.001169,74.125.130.0-255,1484,91014,44,332120
1676,0.001185,74.125.130.0-255,2902,93916,44,332120
1677,0.001188,172.31.46.0-255,66,93982,44,332120
1678,0.00122,74.125.130.0-255,5738,99720,44,332120
1679,0.001222,172.31.46.0-255,66,99786,44,332120
1680,0.001226,74.125.130.0-255,2902,102688,44,332120
1681,0.001228,172.31.46.0-255,66,102754,44,332120
1682,0.001273,74.125.130.0-255,4320,107074,44,332120
1683,0.001276,172.31.46.0-255,66,107140,44,332120
1684,0.001283,74.125.130.0-255,5738,112878,44,332120
1685,0.001285,172.31.46.0-255,66,112944,44,332120
1686,0.001301,74.125.130.0-255,1484,114428,44,332120
1687,0.001315,172.31.46.0-255,66,114494,44,332120
1688,0.001319,74.125.130.0-255,766,115260,44,332120
1689,0.001408,74.125.130.0-255,1484,116744,44,332120
1690,0.001412,172.31.46.0-255,66,116810,44,332120
1691,0.001431,74.125.130.0-255,2902,119712,44,332120
1692,0.001434,172.31.46.0-255,66,119778,44,332120
1693,0.001437,74.125.130.0-255,1484,121262,44,332120
1694,0.00144,74.125.130.0-255,1484,122746,44,332120
1695,0.001442,172.31.46.0-255,66,122812,44,332120
1696,0.001465,74.125.130.0-255,1484,124296,44,332120
1697,0.001497,74.125.130.0-255,5738,130034,44,332120
1698,0.0015,172.31.46.0-255,66,130100,44,332120
1699,0.001505,74.125.130.0-255,2902,133002,44,332120
1700,0.001507,172.31.46.0-255,66,133068,44,332120
1701,0.001537,74.125.130.0-255,4320,137388,44,332120
1702,0.001541,172.31.46.0-255,66,137454,44,332120
1703,0.001548,74.125.130.0-255,7156,144610,44,332120
1704,0.00155,172.31.46.0-255,66,144676,44,332120
1705,0.00158,74.125.130.0-255,2902,147578,44,332120
1706,0.001584,172.31.46.0-255,66,147644,44,332120
1707,0.001608,74.125.130.0-255,2184,149828,44,332120
1708,0.001611,172.31.46.0-255,66,149894,44,332120
1709,0.001699,74.125.130.0-255,1484,151378,44,332120
1710,0.001704,74.125.130.0-255,2902,154280,44,332120
1711,0.001714,172.31.46.0-255,66,154346,44,332120
1712,0.001742,74.125.130.0-255,1484,155830,44,332120
1713,0.001755,74.125.130.0-255,2902,158732,44,332120
1714,0.001758,172.31.46.0-255,66,158798,44,332120
1715,0.001796,74.125.130.0-255,5738,164536,44,332120
1716,0.001799,172.31.46.0-255,66,164602,44,332120
1717,0.001806,74.125.130.0-255,5738,170340,44,332120
1718,0.001808,172.31.46.0-255,66,170406,44,332120
1719,0.001839,74.125.130.0-255,7156,177562,44,332120
1720,0.001842,172.31.46.0-255,66,177628,44,332120
1721,0.001845,74.125.130.0-255,1484,179112,44,332120
1722,0.001848,74.125.130.0-255,1484,180596,44,332120
1723,0.001872,74.125.130.0-255,1484,182080,44,332120
1724,0.00188,172.31.46.0-255,66,182146,44,332120
1725,0.001898,74.125.130.0-255,2184,184330,44,332120
1726,0.001916,172.31.46.0-255,66,184396,44,332120
1727,0.002144,74.125.130.0-255,1484,185880,44,332120
1728,0.002149,74.125.130.0-255,2902,188782,44,332120
1729,0.002154,172.31.46.0-255,66,188848,44,332120
1730,0.002165,74.125.130.0-255,2902,191750,44,332120
1731,0.002168,172.31.46.0-255,66,191816,44,332120
1732,0.002193,74.125.130.0-255,2902,194718,44,332120
1733,0.002195,172.31.46.0-255,66,194784,44,332120
1734,0.002202,74.125.130.0-255,5738,200522,44,332120
1735,0.002204,172.31.46.0-255,66,200588,44,332120
1736,0.002211,74.125.130.0-255,7156,207744,44,332120
1737,0.002262,172.31.46.0-255,66,207810,44,332120
1738,0.004571,74.125.130.0-255,5738,213548,44,332120
1739,0.004578,172.31.46.0-255,66,213614,44,332120
1740,0.006883,74.125.130.0-255,2902,216516,44,332120
1741,0.006888,172.31.46.0-255,66,216582,44,332120
1742,0.006915,74.125.130.0-255,2902,219484,44,332120
1743,0.006917,172.31.46.0-255,66,219550,44,332120
1744,0.009196,74.125.130.0-255,2902,222452,44,332120
1745,0.009202,172.31.46.0-255,66,222518,44,332120
1746,0.009226,74.125.130.0-255,2902,225420,44,332120
1747,0.009228,172.31.46.0-255,66,225486,44,332120
1748,0.011514,74.125.130.0-255,5738,231224,44,332120
1749,0.011522,172.31.46.0-255,66,231290,44,332120
1750,0.01386,74.125.130.0-255,5738,237028,44,332120
1751,0.013867,172.31.46.0-255,66,237094,44,332120
1752,0.016188,74.125.130.0-255,5738,242832,44,332120
1753,0.016196,172.31.46.0-255,66,242898,44,332120
1754,0.018508,74.125.130.0-255,5738,248636,44,332120
1755,0.018516,172.31.46.0-255,66,248702,44,332120
1756,0.020841,74.125.130.0-255,5738,254440,44,332120
1757,0.020856,172.31.46.0-255,66,254506,44,332120
1758,0.02317,74.125.130.0-255,5738,260244,44,332120
1759,0.023178,172.31.46.0-255,66,260310,44,332120
1760,0.025485,74.125.130.0-255,5738,266048,44,332120
1761,0.025491,172.31.46.0-255,66,266114,44,332120
1762,0.027795,74.125.130.0-255,5738,271852,44,332120
1763,0.027801,172.31.46.0-255,66,271918,44,332120
1764,0.028529,172.31.46.0-255,172,272090,44,332120
1765,0.028561,172.31.46.0-255,1113,273203,44,332120
1766,0.028627,172.31.46.0-255,1514,274717,44,332120
1767,0.028629,172.31.46.0-255,1514,276231,44,332120
1768,0.02863,172.31.46.0-255,1514,277745,44,332120
1769,0.028632,172.31.46.0-255,1514,279259,44,332120
1770,0.028633,172.31.46.0-255,559,279818,44,332120
1771,0.030112,74.125.130.0-255,5738,285556,44,332120
1772,0.030118,172.31.46.0-255,66,285622,44,332120
1773,0.03024,104.244.42.0-255,66,285688,44,332120
1774,0.032433,74.125.130.0-255,5738,291426,44,332120
1775,0.03244,172.31.46.0-255,66,291492,44,332120
1776,0.03476,74.125.130.0-255,5738,297230,44,332120
1777,0.034766,172.31.46.0-255,66,297296,44,332120
1778,0.037089,74.125.130.0-255,5738,303034,44,332120
1779,0.037096,172.31.46.0-255,66,303100,44,332120
1780,0.039404,74.125.130.0-255,5738,308838,44,332120
1781,0.03941,172.31.46.0-255,66,308904,44,332120
1782,0.041725,74.125.130.0-255,5738,314642,44,332120
1783,0.041733,172.31.46.0-255,66,314708,44,332120
1784,0.044052,74.125.130.0-255,5738,320446,44,332120
1785,0.044057,172.31.46.0-255,66,320512,44,332120
1786,0.046367,74.125.130.0-255,5738,326250,44,332120
1787,0.046372,172.31.46.0-255,66,326316,44,332120
1788,0.048696,74.125.130.0-255,5738,332054,44,332120
1789,0.0487,172.31.46.0-255,66,332120,44,332120
1790,0.0,172.217.194.0-255,293,293,44,212891
1791,2.2e-05,172.31.46.0-255,66,359,44,212891
1792,2.8e-05,172.217.194.0-255,1484,1843,44,212891
1793,3.2e-05,172.31.46.0-255,66,1909,44,212891
1794,3.8e-05,172.217.194.0-255,4320,6229,44,212891
1795,4e-05,172.31.46.0-255,66,6295,44,212891
1796,4.3e-05,172.217.194.0-255,1484,7779,44,212891
1797,4.5e-05,172.31.46.0-255,66,7845,44,212891
1798,0.000104,172.31.46.0-255,66,7911,44,212891
1799,0.000115,172.31.46.0-255,66,7977,44,212891
1800,0.000129,172.217.194.0-255,2902,10879,44,212891
1801,0.00013,172.31.46.0-255,66,10945,44,212891
1802,0.000151,172.217.194.0-255,1125,12070,44,212891
1803,0.000153,172.31.46.0-255,66,12136,44,212891
1804,0.000182,172.217.194.0-255,1484,13620,44,212891
1805,0.000184,172.31.46.0-255,66,13686,44,212891
1806,0.000187,172.217.194.0-255,1484,15170,44,212891
1807,0.000189,172.31.46.0-255,66,15236,44,212891
1808,0.000203,172.217.194.0-255,1484,16720,44,212891
1809,0.000205,172.31.46.0-255,66,16786,44,212891
1810,0.000211,172.217.194.0-255,5738,22524,44,212891
1811,0.000212,172.31.46.0-255,66,22590,44,212891
1812,0.00024,172.217.194.0-255,2902,25492,44,212891
1813,0.000243,172.31.46.0-255,66,25558,44,212891
1814,0.000267,172.31.46.0-255,66,25624,44,212891
1815,0.000294,172.217.194.0-255,1484,27108,44,212891
1816,0.000296,172.31.46.0-255,66,27174,44,212891
1817,0.000324,172.31.46.0-255,66,27240,44,212891
1818,0.000327,172.217.194.0-255,119,27359,44,212891
1819,0.000472,172.217.194.0-255,1484,28843,44,212891
1820,0.000477,172.217.194.0-255,2902,31745,44,212891
1821,0.000495,172.217.194.0-255,5738,37483,44,212891
1822,0.000499,172.31.46.0-255,66,37549,44,212891
1823,0.000507,172.217.194.0-255,1484,39033,44,212891
1824,0.00051,172.31.46.0-255,66,39099,44,212891
1825,0.000521,172.217.194.0-255,7156,46255,44,212891
1826,0.000541,172.217.194.0-255,4320,50575,44,212891
1827,0.000548,172.217.194.0-255,7156,57731,44,212891
1828,0.000553,172.31.46.0-255,66,57797,44,212891
1829,0.000567,172.217.194.0-255,3916,61713,44,212891
1830,0.000584,172.31.46.0-255,66,61779,44,212891
1831,0.000723,172.217.194.0-255,1484,63263,44,212891
1832,0.000728,172.217.194.0-255,2902,66165,44,212891
1833,0.000732,172.31.46.0-255,66,66231,44,212891
1834,0.000751,172.217.194.0-255,5738,71969,44,212891
1835,0.000757,172.31.46.0-255,66,72035,44,212891
1836,0.000766,172.217.194.0-255,4320,76355,44,212891
1837,0.00077,172.31.46.0-255,66,76421,44,212891
1838,0.000802,172.217.194.0-255,7156,83577,44,212891
1839,0.00081,172.31.46.0-255,66,83643,44,212891
1840,0.000815,172.217.194.0-255,3602,87245,44,212891
1841,0.000818,172.31.46.0-255,66,87311,44,212891
1842,0.000835,172.217.194.0-255,2902,90213,44,212891
1843,0.00084,172.217.194.0-255,2902,93115,44,212891
1844,0.000848,172.217.194.0-255,1484,94599,44,212891
1845,0.000858,172.31.46.0-255,66,94665,44,212891
1846,0.000889,172.31.46.0-255,66,94731,44,212891
1847,0.000899,172.217.194.0-255,2902,97633,44,212891
1848,0.000909,172.31.46.0-255,66,97699,44,212891
1849,0.000929,172.31.46.0-255,66,97765,44,212891
1850,0.001017,172.217.194.0-255,1484,99249,44,212891
1851,0.001028,172.217.194.0-255,2902,102151,44,212891
1852,0.001041,172.217.194.0-255,5738,107889,44,212891
1853,0.001044,172.31.46.0-255,66,107955,44,212891
1854,0.00106,172.31.46.0-255,66,108021,44,212891
1855,0.001076,172.31.46.0-255,66,108087,44,212891
1856,0.001136,172.217.194.0-255,4320,112407,44,212891
1857,0.001164,172.31.46.0-255,66,112473,44,212891
1858,0.001443,172.217.194.0-255,1484,113957,44,212891
1859,0.001447,172.217.194.0-255,1484,115441,44,212891
1860,0.001457,172.217.194.0-255,1484,116925,44,212891
1861,0.001461,172.217.194.0-255,2902,119827,44,212891
1862,0.001471,172.217.194.0-255,2902,122729,44,212891
1863,0.001474,172.217.194.0-255,1484,124213,44,212891
1864,0.001479,172.31.46.0-255,66,124279,44,212891
1865,0.001509,172.31.46.0-255,66,124345,44,212891
1866,0.001521,172.217.194.0-255,2902,127247,44,212891
1867,0.001554,172.31.46.0-255,66,127313,44,212891
1868,0.00158,172.217.194.0-255,4320,131633,44,212891
1869,0.001591,172.31.46.0-255,66,131699,44,212891
1870,0.001596,172.217.194.0-255,5738,137437,44,212891
1871,0.001602,172.217.194.0-255,5738,143175,44,212891
1872,0.001606,172.31.46.0-255,66,143241,44,212891
1873,0.001633,172.217.194.0-255,5738,148979,44,212891
1874,0.001638,172.217.194.0-255,2902,151881,44,212891
1875,0.001665,172.31.46.0-255,66,151947,44,212891
1876,0.001704,172.217.194.0-255,1484,153431,44,212891
1877,0.001709,172.217.194.0-255,2902,156333,44,212891
1878,0.001719,172.217.194.0-255,1484,157817,44,212891
1879,0.001725,172.31.46.0-255,66,157883,44,212891
1880,0.001741,172.217.194.0-255,4320,162203,44,212891
1881,0.001744,172.217.194.0-255,2902,165105,44,212891
1882,0.001748,172.31.46.0-255,66,165171,44,212891
1883,0.0018,172.31.46.0-255,66,165237,44,212891
1884,0.00183,172.217.194.0-255,1484,166721,44,212891
1885,0.001834,172.217.194.0-255,2902,169623,44,212891
1886,0.001852,172.217.194.0-255,5738,175361,44,212891
1887,0.001863,172.217.194.0-255,1484,176845,44,212891
1888,0.001865,172.31.46.0-255,66,176911,44,212891
1889,0.001881,172.217.194.0-255,5738,182649,44,212891
1890,0.001894,172.217.194.0-255,4320,186969,44,212891
1891,0.0019,172.31.46.0-255,66,187035,44,212891
1892,0.001917,172.217.194.0-255,1484,188519,44,212891
1893,0.001932,172.217.194.0-255,5738,194257,44,212891
1894,0.001943,172.31.46.0-255,66,194323,44,212891
1895,0.001969,172.217.194.0-255,1484,195807,44,212891
1896,0.001974,172.31.46.0-255,66,195873,44,212891
1897,0.001994,172.217.194.0-255,1484,197357,44,212891
1898,0.002003,172.217.194.0-255,1484,198841,44,212891
1899,0.002008,172.31.46.0-255,66,198907,44,212891
1900,0.002037,172.31.46.0-255,66,198973,44,212891
1901,0.002055,172.217.194.0-255,4320,203293,44,212891
1902,0.002097,172.31.46.0-255,66,203359,44,212891
1903,0.002126,172.217.194.0-255,105,203464,44,212891
1904,0.002147,172.31.46.0-255,66,203530,44,212891
1905,0.004212,172.31.46.0-255,105,203635,44,212891
1906,0.006429,172.217.194.0-255,66,203701,44,212891
1907,0.036018,172.31.46.0-255,172,203873,44,212891
1908,0.036056,172.31.46.0-255,1114,204987,44,212891
1909,0.036123,172.31.46.0-255,1514,206501,44,212891
1910,0.036125,172.31.46.0-255,1514,208015,44,212891
1911,0.036126,172.31.46.0-255,1514,209529,44,212891
1912,0.036127,172.31.46.0-255,1514,211043,44,212891
1913,0.036155,172.31.46.0-255,1514,212557,44,212891
1914,0.036157,172.31.46.0-255,70,212627,44,212891
1915,0.037562,104.244.42.0-255,66,212693,44,212891
1916,0.03767,104.244.42.0-255,66,212759,44,212891
1917,0.037714,104.244.42.0-255,66,212825,44,212891
1918,0.037719,104.244.42.0-255,66,212891,44,212891
1919,0.0,74.125.24.0-255,152,152,44,209371
1920,2.2e-05,172.31.46.0-255,66,218,44,209371
1921,2.9e-05,74.125.24.0-255,1484,1702,44,209371
1922,3.3e-05,172.31.46.0-255,66,1768,44,209371
1923,3.9e-05,74.125.24.0-255,2902,4670,44,209371
1924,4.3e-05,172.31.46.0-255,66,4736,44,209371
1925,5.1e-05,74.125.24.0-255,7156,11892,44,209371
1926,5.3e-05,172.31.46.0-255,66,11958,44,209371
1927,5.6e-05,74.125.24.0-255,1484,13442,44,209371
1928,5.9e-05,172.31.46.0-255,66,13508,44,209371
1929,7.9e-05,74.125.24.0-255,683,14191,44,209371
1930,8.1e-05,172.31.46.0-255,66,14257,44,209371
1931,0.000106,74.125.24.0-255,1484,15741,44,209371
1932,0.000108,172.31.46.0-255,66,15807,44,209371
1933,0.000128,74.125.24.0-255,2902,18709,44,209371
1934,0.000131,172.31.46.0-255,66,18775,44,209371
1935,0.000138,74.125.24.0-255,5738,24513,44,209371
1936,0.00014,172.31.46.0-255,66,24579,44,209371
1937,0.000181,74.125.24.0-255,6797,31376,44,209371
1938,0.000184,172.31.46.0-255,66,31442,44,209371
1939,0.001415,74.125.24.0-255,1484,32926,44,209371
1940,0.001423,172.31.46.0-255,66,32992,44,209371
1941,0.001433,74.125.24.0-255,2902,35894,44,209371
1942,0.001435,172.31.46.0-255,66,35960,44,209371
1943,0.001442,74.125.24.0-255,5738,41698,44,209371
1944,0.001445,172.31.46.0-255,66,41764,44,209371
1945,0.001449,74.125.24.0-255,1484,43248,44,209371
1946,0.001451,172.31.46.0-255,66,43314,44,209371
1947,0.001479,74.125.24.0-255,5379,48693,44,209371
1948,0.001481,172.31.46.0-255,66,48759,44,209371
1949,0.001489,74.125.24.0-255,7156,55915,44,209371
1950,0.001491,172.31.46.0-255,66,55981,44,209371
1951,0.001509,74.125.24.0-255,7156,63137,44,209371
1952,0.001512,172.31.46.0-255,66,63203,44,209371
1953,0.001516,74.125.24.0-255,2543,65746,44,209371
1954,0.001518,172.31.46.0-255,66,65812,44,209371
1955,0.001543,74.125.24.0-255,361,66173,44,209371
1956,0.00199,74.125.24.0-255,126,66299,44,209371
1957,0.003515,74.125.24.0-255,2902,69201,44,209371
1958,0.003521,172.31.46.0-255,66,69267,44,209371
1959,0.005552,74.125.24.0-255,5738,75005,44,209371
1960,0.005559,172.31.46.0-255,66,75071,44,209371
1961,0.007564,74.125.24.0-255,5738,80809,44,209371
1962,0.00757,172.31.46.0-255,66,80875,44,209371
1963,0.009589,74.125.24.0-255,5738,86613,44,209371
1964,0.009596,172.31.46.0-255,66,86679,44,209371
1965,0.011597,74.125.24.0-255,5738,92417,44,209371
1966,0.011604,172.31.46.0-255,66,92483,44,209371
1967,0.013612,74.125.24.0-255,5738,98221,44,209371
1968,0.013618,172.31.46.0-255,66,98287,44,209371
1969,0.015596,74.125.24.0-255,5738,104025,44,209371
1970,0.015603,172.31.46.0-255,66,104091,44,209371
1971,0.017593,74.125.24.0-255,5738,109829,44,209371
1972,0.017601,172.31.46.0-255,66,109895,44,209371
1973,0.019619,74.125.24.0-255,5738,115633,44,209371
1974,0.019627,172.31.46.0-255,66,115699,44,209371
1975,0.021622,74.125.24.0-255,5738,121437,44,209371
1976,0.021629,172.31.46.0-255,66,121503,44,209371
1977,0.023626,74.125.24.0-255,5738,127241,44,209371
1978,0.023634,172.31.46.0-255,66,127307,44,209371
1979,0.025174,172.31.46.0-255,172,127479,44,209371
1980,0.025207,172.31.46.0-255,1114,128593,44,209371
1981,0.025272,172.31.46.0-255,1514,130107,44,209371
1982,0.025274,172.31.46.0-255,1514,131621,44,209371
1983,0.025275,172.31.46.0-255,1514,133135,44,209371
1984,0.025276,172.31.46.0-255,1514,134649,44,209371
1985,0.025277,172.31.46.0-255,556,135205,44,209371
1986,0.025618,74.125.24.0-255,5738,140943,44,209371
1987,0.025624,172.31.46.0-255,66,141009,44,209371
1988,0.026865,104.244.42.0-255,66,141075,44,209371
1989,0.027612,74.125.24.0-255,5738,146813,44,209371
1990,0.027618,172.31.46.0-255,66,146879,44,209371
1991,0.029591,74.125.24.0-255,5738,152617,44,209371
1992,0.029597,172.31.46.0-255,66,152683,44,209371
1993,0.031604,74.125.24.0-255,5738,158421,44,209371
1994,0.03161,172.31.46.0-255,66,158487,44,209371
1995,0.033599,74.125.24.0-255,5738,164225,44,209371
1996,0.033604,172.31.46.0-255,66,164291,44,209371
1997,0.035622,74.125.24.0-255,5738,170029,44,209371
1998,0.035631,172.31.46.0-255,66,170095,44,209371
1999,0.037671,74.125.24.0-255,5738,175833,44,209371
2000,0.037678,172.31.46.0-255,66,175899,44,209371
2001,0.039669,74.125.24.0-255,5738,181637,44,209371
2002,0.039676,172.31.46.0-255,66,181703,44,209371
2003,0.041689,74.125.24.0-255,5738,187441,44,209371
2004,0.041696,172.31.46.0-255,66,187507,44,209371
2005,0.043705,74.125.24.0-255,5738,193245,44,209371
2006,0.043711,172.31.46.0-255,66,193311,44,209371
2007,0.045701,74.125.24.0-255,4320,197631,44,209371
2008,0.045707,172.31.46.0-255,66,197697,44,209371
2009,0.045723,74.125.24.0-255,1484,199181,44,209371
2010,0.047713,74.125.24.0-255,4320,203501,44,209371
2011,0.047719,172.31.46.0-255,66,203567,44,209371
2012,0.049771,74.125.24.0-255,5738,209305,44,209371
2013,0.049778,172.31.46.0-255,66,209371,44,209371
2014,0.0,74.125.24.0-255,152,152,44,206433
2015,2e-05,172.31.46.0-255,66,218,44,206433
2016,2.6e-05,74.125.24.0-255,1484,1702,44,206433
2017,3e-05,172.31.46.0-255,66,1768,44,206433
2018,3.5e-05,74.125.24.0-255,2902,4670,44,206433
2019,3.8e-05,172.31.46.0-255,66,4736,44,206433
2020,4.5e-05,74.125.24.0-255,7156,11892,44,206433
2021,4.9e-05,172.31.46.0-255,66,11958,44,206433
2022,5.3e-05,74.125.24.0-255,2056,14014,44,206433
2023,5.5e-05,172.31.46.0-255,66,14080,44,206433
2024,0.000506,74.125.24.0-255,1484,15564,44,206433
2025,0.000512,172.31.46.0-255,66,15630,44,206433
2026,0.000521,74.125.24.0-255,2902,18532,44,206433
2027,0.000523,172.31.46.0-255,66,18598,44,206433
2028,0.00053,74.125.24.0-255,5738,24336,44,206433
2029,0.000532,172.31.46.0-255,66,24402,44,206433
2030,0.000566,74.125.24.0-255,5738,30140,44,206433
2031,0.000569,172.31.46.0-255,66,30206,44,206433
2032,0.000583,74.125.24.0-255,1125,31331,44,206433
2033,0.000586,172.31.46.0-255,66,31397,44,206433
2034,0.001033,74.125.24.0-255,1484,32881,44,206433
2035,0.00104,172.31.46.0-255,66,32947,44,206433
2036,0.001047,74.125.24.0-255,2902,35849,44,206433
2037,0.00105,172.31.46.0-255,66,35915,44,206433
2038,0.001057,74.125.24.0-255,5738,41653,44,206433
2039,0.001059,172.31.46.0-255,66,41719,44,206433
2040,0.001066,74.125.24.0-255,5738,47457,44,206433
2041,0.001069,172.31.46.0-255,66,47523,44,206433
2042,0.001091,74.125.24.0-255,1125,48648,44,206433
2043,0.001093,172.31.46.0-255,66,48714,44,206433
2044,0.001099,74.125.24.0-255,4320,53034,44,206433
2045,0.001102,172.31.46.0-255,66,53100,44,206433
2046,0.001133,172.31.46.0-255,66,53166,44,206433
2047,0.001136,74.125.24.0-255,1484,54650,44,206433
2048,0.001169,74.125.24.0-255,1125,55775,44,206433
2049,0.001172,172.31.46.0-255,66,55841,44,206433
2050,0.00119,74.125.24.0-255,399,56240,44,206433
2051,0.001569,74.125.24.0-255,343,56583,44,206433
2052,0.001708,74.125.24.0-255,1484,58067,44,206433
2053,0.001713,172.31.46.0-255,66,58133,44,206433
2054,0.001719,74.125.24.0-255,2902,61035,44,206433
2055,0.001722,172.31.46.0-255,66,61101,44,206433
2056,0.001765,74.125.24.0-255,5738,66839,44,206433
2057,0.001768,172.31.46.0-255,66,66905,44,206433
2058,0.00178,172.31.46.0-255,66,66971,44,206433
2059,0.001795,74.125.24.0-255,3961,70932,44,206433
2060,0.001797,172.31.46.0-255,66,70998,44,206433
2061,0.001804,74.125.24.0-255,7156,78154,44,206433
2062,0.001806,172.31.46.0-255,66,78220,44,206433
2063,0.001829,74.125.24.0-255,2543,80763,44,206433
2064,0.001831,172.31.46.0-255,66,80829,44,206433
2065,0.004141,74.125.24.0-255,2902,83731,44,206433
2066,0.004148,172.31.46.0-255,66,83797,44,206433
2067,0.004196,74.125.24.0-255,2902,86699,44,206433
2068,0.004199,172.31.46.0-255,66,86765,44,206433
2069,0.006461,74.125.24.0-255,2902,89667,44,206433
2070,0.006469,172.31.46.0-255,66,89733,44,206433
2071,0.006548,74.125.24.0-255,2902,92635,44,206433
2072,0.006553,172.31.46.0-255,66,92701,44,206433
2073,0.008779,74.125.24.0-255,2902,95603,44,206433
2074,0.008787,172.31.46.0-255,66,95669,44,206433
2075,0.008907,74.125.24.0-255,2902,98571,44,206433
2076,0.008912,172.31.46.0-255,66,98637,44,206433
2077,0.011105,74.125.24.0-255,2902,101539,44,206433
2078,0.011112,172.31.46.0-255,66,101605,44,206433
2079,0.011285,74.125.24.0-255,2902,104507,44,206433
2080,0.01129,172.31.46.0-255,66,104573,44,206433
2081,0.013465,74.125.24.0-255,2902,107475,44,206433
2082,0.013488,172.31.46.0-255,66,107541,44,206433
2083,0.013625,74.125.24.0-255,2902,110443,44,206433
2084,0.013629,172.31.46.0-255,66,110509,44,206433
2085,0.01586,74.125.24.0-255,2902,113411,44,206433
2086,0.015868,172.31.46.0-255,66,113477,44,206433
2087,0.015923,74.125.24.0-255,2902,116379,44,206433
2088,0.015926,172.31.46.0-255,66,116445,44,206433
2089,0.018186,74.125.24.0-255,2902,119347,44,206433
2090,0.018194,172.31.46.0-255,66,119413,44,206433
2091,0.018227,74.125.24.0-255,2902,122315,44,206433
2092,0.018229,172.31.46.0-255,66,122381,44,206433
2093,0.020498,74.125.24.0-255,2902,125283,44,206433
2094,0.020505,172.31.46.0-255,66,125349,44,206433
2095,0.020536,74.125.24.0-255,2902,128251,44,206433
2096,0.020539,172.31.46.0-255,66,128317,44,206433
2097,0.022852,74.125.24.0-255,5738,134055,44,206433
2098,0.022859,172.31.46.0-255,66,134121,44,206433
2099,0.02293,172.31.46.0-255,172,134293,44,206433
2100,0.022957,172.31.46.0-255,1114,135407,44,206433
2101,0.023021,172.31.46.0-255,1514,136921,44,206433
2102,0.023023,172.31.46.0-255,1514,138435,44,206433
2103,0.023024,172.31.46.0-255,1514,139949,44,206433
2104,0.023025,172.31.46.0-255,1514,141463,44,206433
2105,0.023026,172.31.46.0-255,556,142019,44,206433
2106,0.024496,104.244.42.0-255,66,142085,44,206433
2107,0.024582,104.244.42.0-255,66,142151,44,206433
2108,0.024599,104.244.42.0-255,66,142217,44,206433
2109,0.024609,104.244.42.0-255,66,142283,44,206433
2110,0.025226,74.125.24.0-255,5738,148021,44,206433
2111,0.025231,172.31.46.0-255,66,148087,44,206433
2112,0.025237,104.244.42.0-255,108,148195,44,206433
2113,0.02524,172.31.46.0-255,66,148261,44,206433
2114,0.02756,74.125.24.0-255,5738,153999,44,206433
2115,0.027567,172.31.46.0-255,66,154065,44,206433
2116,0.02994,74.125.24.0-255,2902,156967,44,206433
2117,0.029946,172.31.46.0-255,66,157033,44,206433
2118,0.029966,74.125.24.0-255,2902,159935,44,206433
2119,0.029968,172.31.46.0-255,66,160001,44,206433
2120,0.032303,74.125.24.0-255,5738,165739,44,206433
2121,0.032309,172.31.46.0-255,66,165805,44,206433
2122,0.034655,74.125.24.0-255,5738,171543,44,206433
2123,0.034662,172.31.46.0-255,66,171609,44,206433
2124,0.036999,74.125.24.0-255,5738,177347,44,206433
2125,0.037007,172.31.46.0-255,66,177413,44,206433
2126,0.039335,74.125.24.0-255,5738,183151,44,206433
2127,0.039343,172.31.46.0-255,66,183217,44,206433
2128,0.041684,74.125.24.0-255,5738,188955,44,206433
2129,0.04169,172.31.46.0-255,66,189021,44,206433
2130,0.044038,74.125.24.0-255,5738,194759,44,206433
2131,0.044045,172.31.46.0-255,66,194825,44,206433
2132,0.046429,74.125.24.0-255,5738,200563,44,206433
2133,0.046437,172.31.46.0-255,66,200629,44,206433
2134,0.048775,74.125.24.0-255,5738,206367,44,206433
2135,0.04878,172.31.46.0-255,66,206433,44,206433
2136,0.0,172.217.194.0-255,153,153,44,220583
2137,1.4e-05,172.31.46.0-255,66,219,44,220583
2138,2e-05,172.217.194.0-255,1484,1703,44,220583
2139,2.4e-05,172.31.46.0-255,66,1769,44,220583
2140,2.9e-05,172.217.194.0-255,2902,4671,44,220583
2141,3.1e-05,172.31.46.0-255,66,4737,44,220583
2142,6e-05,172.217.194.0-255,4320,9057,44,220583
2143,6.2e-05,172.31.46.0-255,66,9123,44,220583
2144,6.6e-05,172.217.194.0-255,1484,10607,44,220583
2145,6.7e-05,172.31.46.0-255,66,10673,44,220583
2146,9.4e-05,172.31.46.0-255,66,10739,44,220583
2147,0.000137,172.217.194.0-255,4320,15059,44,220583
2148,0.000139,172.31.46.0-255,66,15125,44,220583
2149,0.000154,172.217.194.0-255,5379,20504,44,220583
2150,0.000157,172.31.46.0-255,66,20570,44,220583
2151,0.0002,172.217.194.0-255,2902,23472,44,220583
2152,0.000203,172.31.46.0-255,66,23538,44,220583
2153,0.000208,172.217.194.0-255,4320,27858,44,220583
2154,0.00021,172.31.46.0-255,66,27924,44,220583
2155,0.000244,172.31.46.0-255,66,27990,44,220583
2156,0.000246,172.217.194.0-255,1125,29115,44,220583
2157,0.000248,172.31.46.0-255,66,29181,44,220583
2158,0.000324,172.217.194.0-255,1484,30665,44,220583
2159,0.000327,172.31.46.0-255,66,30731,44,220583
2160,0.000347,172.217.194.0-255,2902,33633,44,220583
2161,0.000349,172.31.46.0-255,66,33699,44,220583
2162,0.000371,172.217.194.0-255,5738,39437,44,220583
2163,0.000373,172.31.46.0-255,66,39503,44,220583
2164,0.000398,172.217.194.0-255,1484,40987,44,220583
2165,0.000401,172.31.46.0-255,66,41053,44,220583
2166,0.000414,172.217.194.0-255,5674,46727,44,220583
2167,0.000435,172.31.46.0-255,66,46793,44,220583
2168,0.001183,172.217.194.0-255,382,47175,44,220583
2169,0.001191,172.217.194.0-255,1484,48659,44,220583
2170,0.001195,172.31.46.0-255,66,48725,44,220583
2171,0.001279,172.217.194.0-255,1484,50209,44,220583
2172,0.001285,172.217.194.0-255,4320,54529,44,220583
2173,0.001318,172.31.46.0-255,66,54595,44,220583
2174,0.001642,172.217.194.0-255,1484,56079,44,220583
2175,0.001651,172.217.194.0-255,2902,58981,44,220583
2176,0.001655,172.31.46.0-255,66,59047,44,220583
2177,0.001663,172.217.194.0-255,5738,64785,44,220583
2178,0.001689,172.217.194.0-255,7156,71941,44,220583
2179,0.001709,172.217.194.0-255,4320,76261,44,220583
2180,0.001714,172.31.46.0-255,66,76327,44,220583
2181,0.001726,172.217.194.0-255,2902,79229,44,220583
2182,0.001746,172.217.194.0-255,7156,86385,44,220583
2183,0.001762,172.217.194.0-255,2184,88569,44,220583
2184,0.001772,172.31.46.0-255,66,88635,44,220583
2185,0.002327,172.217.194.0-255,1484,90119,44,220583
2186,0.002336,172.217.194.0-255,2902,93021,44,220583
2187,0.00234,172.31.46.0-255,66,93087,44,220583
2188,0.002348,172.217.194.0-255,5738,98825,44,220583
2189,0.002363,172.217.194.0-255,2902,101727,44,220583
2190,0.002401,172.217.194.0-255,7156,108883,44,220583
2191,0.002417,172.217.194.0-255,3602,112485,44,220583
2192,0.002947,172.31.46.0-255,66,112551,44,220583
2193,0.005535,172.217.194.0-255,5738,118289,44,220583
2194,0.005539,172.31.46.0-255,66,118355,44,220583
2195,0.008166,172.217.194.0-255,5738,124093,44,220583
2196,0.008174,172.31.46.0-255,66,124159,44,220583
2197,0.010763,172.217.194.0-255,5738,129897,44,220583
2198,0.011595,172.31.46.0-255,66,129963,44,220583
2199,0.014183,172.217.194.0-255,5738,135701,44,220583
2200,0.014194,172.31.46.0-255,66,135767,44,220583
2201,0.016781,172.217.194.0-255,5738,141505,44,220583
2202,0.016789,172.31.46.0-255,66,141571,44,220583
2203,0.019403,172.217.194.0-255,5738,147309,44,220583
2204,0.01941,172.31.46.0-255,66,147375,44,220583
2205,0.021988,172.217.194.0-255,5738,153113,44,220583
2206,0.021997,172.31.46.0-255,66,153179,44,220583
2207,0.024594,172.217.194.0-255,5738,158917,44,220583
2208,0.024601,172.31.46.0-255,66,158983,44,220583
2209,0.027178,172.217.194.0-255,5738,164721,44,220583
2210,0.027185,172.31.46.0-255,66,164787,44,220583
2211,0.027822,172.31.46.0-255,172,164959,44,220583
2212,0.027854,172.31.46.0-255,1114,166073,44,220583
2213,0.027919,172.31.46.0-255,1514,167587,44,220583
2214,0.027921,172.31.46.0-255,1514,169101,44,220583
2215,0.027922,172.31.46.0-255,1514,170615,44,220583
2216,0.027923,172.31.46.0-255,1514,172129,44,220583
2217,0.027951,172.31.46.0-255,1514,173643,44,220583
2218,0.027952,172.31.46.0-255,70,173713,44,220583
2219,0.029395,104.244.42.0-255,66,173779,44,220583
2220,0.029402,104.244.42.0-255,66,173845,44,220583
2221,0.029512,104.244.42.0-255,66,173911,44,220583
2222,0.029517,104.244.42.0-255,66,173977,44,220583
2223,0.029762,172.217.194.0-255,5738,179715,44,220583
2224,0.029768,172.31.46.0-255,66,179781,44,220583
2225,0.030227,104.244.42.0-255,108,179889,44,220583
2226,0.030235,172.31.46.0-255,66,179955,44,220583
2227,0.032383,172.217.194.0-255,5738,185693,44,220583
2228,0.032389,172.31.46.0-255,66,185759,44,220583
2229,0.034989,172.217.194.0-255,5738,191497,44,220583
2230,0.034995,172.31.46.0-255,66,191563,44,220583
2231,0.037681,172.217.194.0-255,5738,197301,44,220583
2232,0.037687,172.31.46.0-255,66,197367,44,220583
2233,0.040273,172.217.194.0-255,5738,203105,44,220583
2234,0.040279,172.31.46.0-255,66,203171,44,220583
2235,0.042884,172.217.194.0-255,5738,208909,44,220583
2236,0.042891,172.31.46.0-255,66,208975,44,220583
2237,0.045513,172.217.194.0-255,5738,214713,44,220583
2238,0.045519,172.31.46.0-255,66,214779,44,220583
2239,0.048119,172.217.194.0-255,5738,220517,44,220583
2240,0.048127,172.31.46.0-255,66,220583,44,220583
2241,0.0,74.125.24.0-255,152,152,44,303063
2242,2.2e-05,172.31.46.0-255,66,218,44,303063
2243,2.9e-05,74.125.24.0-255,1484,1702,44,303063
2244,3.3e-05,172.31.46.0-255,66,1768,44,303063
2245,3.9e-05,74.125.24.0-255,2902,4670,44,303063
2246,4.2e-05,172.31.46.0-255,66,4736,44,303063
2247,6.4e-05,74.125.24.0-255,2902,7638,44,303063
2248,6.6e-05,172.31.46.0-255,66,7704,44,303063
2249,9.2e-05,74.125.24.0-255,4320,12024,44,303063
2250,9.5e-05,172.31.46.0-255,66,12090,44,303063
2251,9.9e-05,74.125.24.0-255,1940,14030,44,303063
2252,0.000102,172.31.46.0-255,66,14096,44,303063
2253,0.000142,74.125.24.0-255,1484,15580,44,303063
2254,0.000144,172.31.46.0-255,66,15646,44,303063
2255,0.000175,74.125.24.0-255,2902,18548,44,303063
2256,0.000178,172.31.46.0-255,66,18614,44,303063
2257,0.000185,74.125.24.0-255,5738,24352,44,303063
2258,0.000187,172.31.46.0-255,66,24418,44,303063
2259,0.000205,74.125.24.0-255,4320,28738,44,303063
2260,0.000208,172.31.46.0-255,66,28804,44,303063
2261,0.000238,74.125.24.0-255,2543,31347,44,303063
2262,0.000241,172.31.46.0-255,66,31413,44,303063
2263,0.000294,74.125.24.0-255,1484,32897,44,303063
2264,0.000297,172.31.46.0-255,66,32963,44,303063
2265,0.00031,74.125.24.0-255,2902,35865,44,303063
2266,0.000313,172.31.46.0-255,66,35931,44,303063
2267,0.000319,74.125.24.0-255,4320,40251,44,303063
2268,0.000322,172.31.46.0-255,66,40317,44,303063
2269,0.000345,74.125.24.0-255,1484,41801,44,303063
2270,0.000348,172.31.46.0-255,66,41867,44,303063
2271,0.000355,74.125.24.0-255,6797,48664,44,303063
2272,0.000358,172.31.46.0-255,66,48730,44,303063
2273,0.000364,74.125.24.0-255,5738,54468,44,303063
2274,0.000396,74.125.24.0-255,2875,57343,44,303063
2275,0.000413,74.125.24.0-255,377,57720,44,303063
2276,0.00051,172.31.46.0-255,66,57786,44,303063
2277,0.000755,74.125.24.0-255,1484,59270,44,303063
2278,0.00076,74.125.24.0-255,1484,60754,44,303063
2279,0.000763,172.31.46.0-255,66,60820,44,303063
2280,0.000786,74.125.24.0-255,1484,62304,44,303063
2281,0.000793,74.125.24.0-255,5738,68042,44,303063
2282,0.000799,74.125.24.0-255,5738,73780,44,303063
2283,0.000818,74.125.24.0-255,4320,78100,44,303063
2284,0.000827,172.31.46.0-255,66,78166,44,303063
2285,0.000841,74.125.24.0-255,7156,85322,44,303063
2286,0.000853,74.125.24.0-255,1484,86806,44,303063
2287,0.00086,74.125.24.0-255,5020,91826,44,303063
2288,0.00088,172.31.46.0-255,66,91892,44,303063
2289,0.001388,74.125.24.0-255,1484,93376,44,303063
2290,0.001408,74.125.24.0-255,2902,96278,44,303063
2291,0.001411,172.31.46.0-255,66,96344,44,303063
2292,0.001418,74.125.24.0-255,5738,102082,44,303063
2293,0.00142,172.31.46.0-255,66,102148,44,303063
2294,0.001442,74.125.24.0-255,2902,105050,44,303063
2295,0.001445,172.31.46.0-255,66,105116,44,303063
2296,0.00148,172.31.46.0-255,66,105182,44,303063
2297,0.001485,74.125.24.0-255,5738,110920,44,303063
2298,0.001488,172.31.46.0-255,66,110986,44,303063
2299,0.001535,74.125.24.0-255,5020,116006,44,303063
2300,0.001558,172.31.46.0-255,66,116072,44,303063
2301,0.001729,74.125.24.0-255,1484,117556,44,303063
2302,0.001785,74.125.24.0-255,2902,120458,44,303063
2303,0.001789,172.31.46.0-255,66,120524,44,303063
2304,0.001796,74.125.24.0-255,5738,126262,44,303063
2305,0.001799,172.31.46.0-255,66,126328,44,303063
2306,0.001816,74.125.24.0-255,5738,132066,44,303063
2307,0.001831,74.125.24.0-255,2902,134968,44,303063
2308,0.001855,74.125.24.0-255,2184,137152,44,303063
2309,0.001918,74.125.24.0-255,1484,138636,44,303063
2310,0.001936,74.125.24.0-255,2902,141538,44,303063
2311,0.001942,74.125.24.0-255,5738,147276,44,303063
2312,0.001947,74.125.24.0-255,2902,150178,44,303063
2313,0.001968,74.125.24.0-255,4320,154498,44,303063
2314,0.001971,74.125.24.0-255,1484,155982,44,303063
2315,0.001997,74.125.24.0-255,2184,158166,44,303063
2316,0.002032,74.125.24.0-255,2902,161068,44,303063
2317,0.002057,74.125.24.0-255,7156,168224,44,303063
2318,0.002062,74.125.24.0-255,4320,172544,44,303063
2319,0.002077,74.125.24.0-255,4320,176864,44,303063
2320,0.002103,74.125.24.0-255,1484,178348,44,303063
2321,0.002124,74.125.24.0-255,5020,183368,44,303063
2322,0.002145,74.125.24.0-255,4320,187688,44,303063
2323,0.002163,74.125.24.0-255,2902,190590,44,303063
2324,0.002168,74.125.24.0-255,4320,194910,44,303063
2325,0.00229,74.125.24.0-255,1484,196394,44,303063
2326,0.002305,74.125.24.0-255,2902,199296,44,303063
2327,0.002317,74.125.24.0-255,2902,202198,44,303063
2328,0.002329,74.125.24.0-255,2902,205100,44,303063
2329,0.002382,74.125.24.0-255,2902,208002,44,303063
2330,0.002386,74.125.24.0-255,4320,212322,44,303063
2331,0.002436,74.125.24.0-255,6438,218760,44,303063
2332,0.002525,74.125.24.0-255,1484,220244,44,303063
2333,0.002543,74.125.24.0-255,2902,223146,44,303063
2334,0.002548,74.125.24.0-255,4320,227466,44,303063
2335,0.002558,74.125.24.0-255,1484,228950,44,303063
2336,0.002565,74.125.24.0-255,7156,236106,44,303063
2337,0.002627,74.125.24.0-255,2184,238290,44,303063
2338,0.00431,172.31.46.0-255,66,238356,44,303063
2339,0.006932,74.125.24.0-255,5738,244094,44,303063
2340,0.006939,172.31.46.0-255,66,244160,44,303063
2341,0.009529,74.125.24.0-255,5738,249898,44,303063
2342,0.009536,172.31.46.0-255,66,249964,44,303063
2343,0.012159,74.125.24.0-255,5738,255702,44,303063
2344,0.012167,172.31.46.0-255,66,255768,44,303063
2345,0.014767,74.125.24.0-255,5738,261506,44,303063
2346,0.014776,172.31.46.0-255,66,261572,44,303063
2347,0.017383,74.125.24.0-255,5738,267310,44,303063
2348,0.017393,172.31.46.0-255,66,267376,44,303063
2349,0.019994,74.125.24.0-255,5738,273114,44,303063
2350,0.020004,172.31.46.0-255,66,273180,44,303063
2351,0.022591,74.125.24.0-255,5738,278918,44,303063
2352,0.022599,172.31.46.0-255,66,278984,44,303063
2353,0.025199,74.125.24.0-255,5738,284722,44,303063
2354,0.025209,172.31.46.0-255,66,284788,44,303063
2355,0.027814,74.125.24.0-255,5738,290526,44,303063
2356,0.027822,172.31.46.0-255,66,290592,44,303063
2357,0.030402,74.125.24.0-255,2870,293462,44,303063
2358,0.030411,172.31.46.0-255,66,293528,44,303063
2359,0.03062,172.31.46.0-255,105,293633,44,303063
2360,0.033185,74.125.24.0-255,66,293699,44,303063
2361,0.040859,172.31.46.0-255,172,293871,44,303063
2362,0.040911,172.31.46.0-255,1113,294984,44,303063
2363,0.040983,172.31.46.0-255,1514,296498,44,303063
2364,0.040985,172.31.46.0-255,1514,298012,44,303063
2365,0.040991,172.31.46.0-255,1514,299526,44,303063
2366,0.040993,172.31.46.0-255,1514,301040,44,303063
2367,0.041011,172.31.46.0-255,1514,302554,44,303063
2368,0.041017,172.31.46.0-255,71,302625,44,303063
2369,0.042364,104.244.42.0-255,66,302691,44,303063
2370,0.04243,104.244.42.0-255,66,302757,44,303063
2371,0.042545,104.244.42.0-255,66,302823,44,303063
2372,0.042552,104.244.42.0-255,66,302889,44,303063
2373,0.043104,104.244.42.0-255,108,302997,44,303063
2374,0.043114,172.31.46.0-255,66,303063,44,303063
2375,0.0,172.217.194.0-255,148,148,44,214481
2376,1.4e-05,172.31.46.0-255,66,214,44,214481
2377,2.1e-05,172.217.194.0-255,1484,1698,44,214481
2378,2.5e-05,172.31.46.0-255,66,1764,44,214481
2379,3.1e-05,172.217.194.0-255,2902,4666,44,214481
2380,3.5e-05,172.31.46.0-255,66,4732,44,214481
2381,4.2e-05,172.217.194.0-255,5738,10470,44,214481
2382,4.6e-05,172.31.46.0-255,66,10536,44,214481
2383,7.4e-05,172.217.194.0-255,3422,13958,44,214481
2384,7.7e-05,172.31.46.0-255,66,14024,44,214481
2385,0.000146,172.217.194.0-255,1484,15508,44,214481
2386,0.00015,172.31.46.0-255,66,15574,44,214481
2387,0.00017,172.217.194.0-255,2902,18476,44,214481
2388,0.000172,172.31.46.0-255,66,18542,44,214481
2389,0.000201,172.217.194.0-255,4320,22862,44,214481
2390,0.000204,172.31.46.0-255,66,22928,44,214481
2391,0.000226,172.217.194.0-255,5738,28666,44,214481
2392,0.000229,172.31.46.0-255,66,28732,44,214481
2393,0.000245,172.217.194.0-255,2543,31275,44,214481
2394,0.000248,172.31.46.0-255,66,31341,44,214481
2395,0.000276,172.217.194.0-255,2902,34243,44,214481
2396,0.000279,172.31.46.0-255,66,34309,44,214481
2397,0.000298,172.217.194.0-255,4320,38629,44,214481
2398,0.000301,172.31.46.0-255,66,38695,44,214481
2399,0.000322,172.217.194.0-255,2902,41597,44,214481
2400,0.000324,172.31.46.0-255,66,41663,44,214481
2401,0.000353,172.217.194.0-255,2902,44565,44,214481
2402,0.000355,172.31.46.0-255,66,44631,44,214481
2403,0.000374,172.217.194.0-255,3961,48592,44,214481
2404,0.000377,172.31.46.0-255,66,48658,44,214481
2405,0.000409,172.217.194.0-255,1484,50142,44,214481
2406,0.000411,172.31.46.0-255,66,50208,44,214481
2407,0.000416,172.217.194.0-255,2902,53110,44,214481
2408,0.000419,172.31.46.0-255,66,53176,44,214481
2409,0.000422,172.217.194.0-255,1484,54660,44,214481
2410,0.00044,172.217.194.0-255,4320,58980,44,214481
2411,0.000443,172.31.46.0-255,66,59046,44,214481
2412,0.000474,172.217.194.0-255,5738,64784,44,214481
2413,0.000477,172.31.46.0-255,66,64850,44,214481
2414,0.000494,172.217.194.0-255,1438,66288,44,214481
2415,0.000526,172.217.194.0-255,363,66651,44,214481
2416,0.000528,172.31.46.0-255,66,66717,44,214481
2417,0.000572,172.217.194.0-255,1484,68201,44,214481
2418,0.000589,172.217.194.0-255,4320,72521,44,214481
2419,0.000592,172.31.46.0-255,66,72587,44,214481
2420,0.000615,172.217.194.0-255,5738,78325,44,214481
2421,0.000618,172.31.46.0-255,66,78391,44,214481
2422,0.000644,172.217.194.0-255,2902,81293,44,214481
2423,0.000646,172.31.46.0-255,66,81359,44,214481
2424,0.000677,172.31.46.0-255,66,81425,44,214481
2425,0.000689,172.31.46.0-255,66,81491,44,214481
2426,0.000966,172.217.194.0-255,1484,82975,44,214481
2427,0.000973,172.217.194.0-255,2902,85877,44,214481
2428,0.000976,172.31.46.0-255,66,85943,44,214481
2429,0.000983,172.217.194.0-255,5738,91681,44,214481
2430,0.000985,172.31.46.0-255,66,91747,44,214481
2431,0.001008,172.217.194.0-255,1484,93231,44,214481
2432,0.001037,172.31.46.0-255,66,93297,44,214481
2433,0.00106,172.217.194.0-255,7156,100453,44,214481
2434,0.001063,172.31.46.0-255,66,100519,44,214481
2435,0.001098,172.31.46.0-255,66,100585,44,214481
2436,0.001112,172.31.46.0-255,66,100651,44,214481
2437,0.001133,172.217.194.0-255,1484,102135,44,214481
2438,0.001163,172.31.46.0-255,66,102201,44,214481
2439,0.00123,172.217.194.0-255,1484,103685,44,214481
2440,0.001248,172.217.194.0-255,2902,106587,44,214481
2441,0.001253,172.217.194.0-255,4320,110907,44,214481
2442,0.001258,172.31.46.0-255,66,110973,44,214481
2443,0.001262,172.31.46.0-255,66,111039,44,214481
2444,0.001269,172.217.194.0-255,1484,112523,44,214481
2445,0.001298,172.31.46.0-255,66,112589,44,214481
2446,0.001311,172.217.194.0-255,1484,114073,44,214481
2447,0.001325,172.217.194.0-255,2902,116975,44,214481
2448,0.00133,172.31.46.0-255,66,117041,44,214481
2449,0.001353,172.31.46.0-255,66,117107,44,214481
2450,0.001385,172.217.194.0-255,1484,118591,44,214481
2451,0.001405,172.217.194.0-255,2902,121493,44,214481
2452,0.001407,172.31.46.0-255,66,121559,44,214481
2453,0.001414,172.217.194.0-255,5738,127297,44,214481
2454,0.001417,172.31.46.0-255,66,127363,44,214481
2455,0.00142,172.217.194.0-255,1484,128847,44,214481
2456,0.00144,172.217.194.0-255,1484,130331,44,214481
2457,0.001443,172.31.46.0-255,66,130397,44,214481
2458,0.001451,172.217.194.0-255,7156,137553,44,214481
2459,0.001453,172.31.46.0-255,66,137619,44,214481
2460,0.001476,172.217.194.0-255,2902,140521,44,214481
2461,0.001479,172.31.46.0-255,66,140587,44,214481
2462,0.00149,172.31.46.0-255,66,140653,44,214481
2463,0.001503,172.217.194.0-255,2184,142837,44,214481
2464,0.001507,172.31.46.0-255,66,142903,44,214481
2465,0.001538,172.217.194.0-255,2902,145805,44,214481
2466,0.001541,172.31.46.0-255,66,145871,44,214481
2467,0.001561,172.217.194.0-255,4320,150191,44,214481
2468,0.001564,172.31.46.0-255,66,150257,44,214481
2469,0.001594,172.217.194.0-255,4320,154577,44,214481
2470,0.001623,172.31.46.0-255,66,154643,44,214481
2471,0.001632,172.31.46.0-255,66,154709,44,214481
2472,0.001635,172.31.46.0-255,66,154775,44,214481
2473,0.001638,172.217.194.0-255,1484,156259,44,214481
2474,0.001643,172.217.194.0-255,2902,159161,44,214481
2475,0.001645,172.31.46.0-255,66,159227,44,214481
2476,0.001651,172.217.194.0-255,4320,163547,44,214481
2477,0.001653,172.31.46.0-255,66,163613,44,214481
2478,0.001672,172.217.194.0-255,1484,165097,44,214481
2479,0.001722,172.31.46.0-255,66,165163,44,214481
2480,0.001746,172.217.194.0-255,1484,166647,44,214481
2481,0.001754,172.217.194.0-255,7156,173803,44,214481
2482,0.001757,172.31.46.0-255,66,173869,44,214481
2483,0.001762,172.217.194.0-255,3602,177471,44,214481
2484,0.001764,172.31.46.0-255,66,177537,44,214481
2485,0.001781,172.217.194.0-255,2902,180439,44,214481
2486,0.001784,172.31.46.0-255,66,180505,44,214481
2487,0.0018,172.217.194.0-255,1484,181989,44,214481
2488,0.001808,172.217.194.0-255,5738,187727,44,214481
2489,0.001811,172.31.46.0-255,66,187793,44,214481
2490,0.001822,172.31.46.0-255,66,187859,44,214481
2491,0.00184,172.217.194.0-255,1484,189343,44,214481
2492,0.001848,172.217.194.0-255,7156,196499,44,214481
2493,0.00185,172.31.46.0-255,66,196565,44,214481
2494,0.00187,172.217.194.0-255,5020,201585,44,214481
2495,0.001873,172.31.46.0-255,66,201651,44,214481
2496,0.001891,172.217.194.0-255,2902,204553,44,214481
2497,0.001894,172.31.46.0-255,66,204619,44,214481
2498,0.001913,172.31.46.0-255,66,204685,44,214481
2499,0.001944,172.31.46.0-255,66,204751,44,214481
2500,0.001955,172.31.46.0-255,66,204817,44,214481
2501,0.002006,172.31.46.0-255,66,204883,44,214481
2502,0.002009,172.217.194.0-255,105,204988,44,214481
2503,0.009917,172.31.46.0-255,66,205054,44,214481
2504,0.009956,172.31.46.0-255,105,205159,44,214481
2505,0.012564,172.217.194.0-255,66,205225,44,214481
2506,0.037773,172.31.46.0-255,172,205397,44,214481
2507,0.037808,172.31.46.0-255,1114,206511,44,214481
2508,0.037875,172.31.46.0-255,1514,208025,44,214481
2509,0.037877,172.31.46.0-255,1514,209539,44,214481
2510,0.037883,172.31.46.0-255,1514,211053,44,214481
2511,0.037885,172.31.46.0-255,1514,212567,44,214481
2512,0.037902,172.31.46.0-255,1514,214081,44,214481
2513,0.037903,172.31.46.0-255,70,214151,44,214481
2514,0.039328,104.244.42.0-255,66,214217,44,214481
2515,0.039383,104.244.42.0-255,66,214283,44,214481
2516,0.039428,104.244.42.0-255,66,214349,44,214481
2517,0.039465,104.244.42.0-255,66,214415,44,214481
2518,0.039469,104.244.42.0-255,66,214481,44,214481
2519,0.0,172.217.160.0-255,152,152,44,259331
2520,2.1e-05,172.31.46.0-255,66,218,44,259331
2521,2.8e-05,172.217.160.0-255,1484,1702,44,259331
2522,3.3e-05,172.31.46.0-255,66,1768,44,259331
2523,5.8e-05,172.217.160.0-255,1484,3252,44,259331
2524,6.1e-05,172.31.46.0-255,66,3318,44,259331
2525,9.3e-05,172.217.160.0-255,1484,4802,44,259331
2526,9.6e-05,172.31.46.0-255,66,4868,44,259331
2527,0.000126,172.217.160.0-255,1484,6352,44,259331
2528,0.000128,172.31.46.0-255,66,6418,44,259331
2529,0.00017,172.217.160.0-255,1484,7902,44,259331
2530,0.000173,172.31.46.0-255,66,7968,44,259331
2531,0.000191,172.217.160.0-255,2902,10870,44,259331
2532,0.000193,172.31.46.0-255,66,10936,44,259331
2533,0.000211,172.217.160.0-255,1484,12420,44,259331
2534,0.000213,172.31.46.0-255,66,12486,44,259331
2535,0.000239,172.217.160.0-255,1484,13970,44,259331
2536,0.000241,172.31.46.0-255,66,14036,44,259331
2537,0.000244,172.217.160.0-255,559,14595,44,259331
2538,0.000246,172.31.46.0-255,66,14661,44,259331
2539,0.000273,172.217.160.0-255,1484,16145,44,259331
2540,0.000275,172.31.46.0-255,66,16211,44,259331
2541,0.000281,172.217.160.0-255,4320,20531,44,259331
2542,0.000284,172.31.46.0-255,66,20597,44,259331
2543,0.000331,172.31.46.0-255,66,20663,44,259331
2544,0.000351,172.217.160.0-255,2543,23206,44,259331
2545,0.000354,172.31.46.0-255,66,23272,44,259331
2546,0.000388,172.217.160.0-255,2902,26174,44,259331
2547,0.000391,172.31.46.0-255,66,26240,44,259331
2548,0.000394,172.217.160.0-255,1484,27724,44,259331
2549,0.000396,172.31.46.0-255,66,27790,44,259331
2550,0.000416,172.217.160.0-255,5738,33528,44,259331
2551,0.000419,172.31.46.0-255,66,33594,44,259331
2552,0.000436,172.217.160.0-255,1484,35078,44,259331
2553,0.000483,172.31.46.0-255,66,35144,44,259331
2554,0.000494,172.31.46.0-255,66,35210,44,259331
2555,0.000497,172.217.160.0-255,1371,36581,44,259331
2556,0.001092,172.31.46.0-255,66,36647,44,259331
2557,0.00114,172.217.160.0-255,124,36771,44,259331
2558,0.001184,172.31.46.0-255,66,36837,44,259331
2559,0.001283,172.217.160.0-255,1484,38321,44,259331
2560,0.001291,172.217.160.0-255,2902,41223,44,259331
2561,0.001295,172.31.46.0-255,66,41289,44,259331
2562,0.001303,172.217.160.0-255,4320,45609,44,259331
2563,0.001305,172.31.46.0-255,66,45675,44,259331
2564,0.001323,172.217.160.0-255,1484,47159,44,259331
2565,0.001329,172.217.160.0-255,5738,52897,44,259331
2566,0.001331,172.31.46.0-255,66,52963,44,259331
2567,0.001335,172.217.160.0-255,1484,54447,44,259331
2568,0.001367,172.31.46.0-255,66,54513,44,259331
2569,0.001373,172.217.160.0-255,3961,58474,44,259331
2570,0.001375,172.31.46.0-255,66,58540,44,259331
2571,0.001568,172.217.160.0-255,1484,60024,44,259331
2572,0.001576,172.217.160.0-255,2902,62926,44,259331
2573,0.001579,172.31.46.0-255,66,62992,44,259331
2574,0.001586,172.217.160.0-255,5738,68730,44,259331
2575,0.001588,172.31.46.0-255,66,68796,44,259331
2576,0.001595,172.217.160.0-255,5738,74534,44,259331
2577,0.001599,172.31.46.0-255,66,74600,44,259331
2578,0.001619,172.217.160.0-255,7156,81756,44,259331
2579,0.001621,172.31.46.0-255,66,81822,44,259331
2580,0.001629,172.217.160.0-255,5738,87560,44,259331
2581,0.001631,172.31.46.0-255,66,87626,44,259331
2582,0.001655,172.217.160.0-255,5020,92646,44,259331
2583,0.001659,172.31.46.0-255,66,92712,44,259331
2584,0.001672,172.31.46.0-255,66,92778,44,259331
2585,0.001683,172.31.46.0-255,66,92844,44,259331
2586,0.001702,172.217.160.0-255,2902,95746,44,259331
2587,0.001704,172.31.46.0-255,66,95812,44,259331
2588,0.001737,172.31.46.0-255,66,95878,44,259331
2589,0.001817,172.217.160.0-255,1484,97362,44,259331
2590,0.001824,172.217.160.0-255,2902,100264,44,259331
2591,0.001827,172.31.46.0-255,66,100330,44,259331
2592,0.001834,172.217.160.0-255,5738,106068,44,259331
2593,0.001837,172.31.46.0-255,66,106134,44,259331
2594,0.001886,172.31.46.0-255,66,106200,44,259331
2595,0.001898,172.31.46.0-255,66,106266,44,259331
2596,0.003788,172.217.160.0-255,5738,112004,44,259331
2597,0.003796,172.31.46.0-255,66,112070,44,259331
2598,0.005716,172.217.160.0-255,5738,117808,44,259331
2599,0.005723,172.31.46.0-255,66,117874,44,259331
2600,0.007636,172.217.160.0-255,5738,123612,44,259331
2601,0.007641,172.31.46.0-255,66,123678,44,259331
2602,0.009528,172.217.160.0-255,5738,129416,44,259331
2603,0.009534,172.31.46.0-255,66,129482,44,259331
2604,0.01143,172.217.160.0-255,5738,135220,44,259331
2605,0.011438,172.31.46.0-255,66,135286,44,259331
2606,0.013339,172.217.160.0-255,5738,141024,44,259331
2607,0.013347,172.31.46.0-255,66,141090,44,259331
2608,0.015247,172.217.160.0-255,5738,146828,44,259331
2609,0.015254,172.31.46.0-255,66,146894,44,259331
2610,0.017144,172.217.160.0-255,5738,152632,44,259331
2611,0.017152,172.31.46.0-255,66,152698,44,259331
2612,0.019053,172.217.160.0-255,5738,158436,44,259331
2613,0.019061,172.31.46.0-255,66,158502,44,259331
2614,0.020967,172.217.160.0-255,5738,164240,44,259331
2615,0.020975,172.31.46.0-255,66,164306,44,259331
2616,0.022872,172.217.160.0-255,5738,170044,44,259331
2617,0.022879,172.31.46.0-255,66,170110,44,259331
2618,0.024776,172.217.160.0-255,5738,175848,44,259331
2619,0.024783,172.31.46.0-255,66,175914,44,259331
2620,0.026688,172.217.160.0-255,5738,181652,44,259331
2621,0.026695,172.31.46.0-255,66,181718,44,259331
2622,0.028604,172.217.160.0-255,5738,187456,44,259331
2623,0.028611,172.31.46.0-255,66,187522,44,259331
2624,0.029524,172.31.46.0-255,172,187694,44,259331
2625,0.029557,172.31.46.0-255,1113,188807,44,259331
2626,0.029625,172.31.46.0-255,1514,190321,44,259331
2627,0.029627,172.31.46.0-255,1514,191835,44,259331
2628,0.029628,172.31.46.0-255,1514,193349,44,259331
2629,0.029629,172.31.46.0-255,1514,194863,44,259331
2630,0.02963,172.31.46.0-255,558,195421,44,259331
2631,0.030533,172.217.160.0-255,5738,201159,44,259331
2632,0.030541,172.31.46.0-255,66,201225,44,259331
2633,0.031243,104.244.42.0-255,66,201291,44,259331
2634,0.032451,172.217.160.0-255,5738,207029,44,259331
2635,0.032456,172.31.46.0-255,66,207095,44,259331
2636,0.034337,172.217.160.0-255,5738,212833,44,259331
2637,0.034344,172.31.46.0-255,66,212899,44,259331
2638,0.036257,172.217.160.0-255,5738,218637,44,259331
2639,0.036265,172.31.46.0-255,66,218703,44,259331
2640,0.038156,172.217.160.0-255,5738,224441,44,259331
2641,0.038163,172.31.46.0-255,66,224507,44,259331
2642,0.040142,172.217.160.0-255,5738,230245,44,259331
2643,0.040152,172.31.46.0-255,66,230311,44,259331
2644,0.042043,172.217.160.0-255,5738,236049,44,259331
2645,0.042053,172.31.46.0-255,66,236115,44,259331
2646,0.043946,172.217.160.0-255,5738,241853,44,259331
2647,0.043953,172.31.46.0-255,66,241919,44,259331
2648,0.045851,172.217.160.0-255,5738,247657,44,259331
2649,0.045858,172.31.46.0-255,66,247723,44,259331
2650,0.047764,172.217.160.0-255,5738,253461,44,259331
2651,0.047771,172.31.46.0-255,66,253527,44,259331
2652,0.049673,172.217.160.0-255,5738,259265,44,259331
2653,0.04968,172.31.46.0-255,66,259331,44,259331
2654,0.0,74.125.24.0-255,153,153,44,254684
2655,1.4e-05,172.31.46.0-255,66,219,44,254684
2656,2e-05,74.125.24.0-255,1484,1703,44,254684
2657,2.4e-05,172.31.46.0-255,66,1769,44,254684
2658,2.9e-05,74.125.24.0-255,2902,4671,44,254684
2659,3.9e-05,172.31.46.0-255,66,4737,44,254684
2660,4.6e-05,74.125.24.0-255,7156,11893,44,254684
2661,4.9e-05,172.31.46.0-255,66,11959,44,254684
2662,6.5e-05,74.125.24.0-255,2138,14097,44,254684
2663,7.1e-05,172.31.46.0-255,66,14163,44,254684
2664,9.6e-05,74.125.24.0-255,4320,18483,44,254684
2665,9.8e-05,172.31.46.0-255,66,18549,44,254684
2666,0.000131,74.125.24.0-255,7156,25705,44,254684
2667,0.000133,172.31.46.0-255,66,25771,44,254684
2668,0.000138,74.125.24.0-255,5379,31150,44,254684
2669,0.00014,172.31.46.0-255,66,31216,44,254684
2670,0.000386,74.125.24.0-255,1484,32700,44,254684
2671,0.000392,172.31.46.0-255,66,32766,44,254684
2672,0.000397,74.125.24.0-255,2902,35668,44,254684
2673,0.000399,172.31.46.0-255,66,35734,44,254684
2674,0.000404,74.125.24.0-255,4320,40054,44,254684
2675,0.000411,172.31.46.0-255,66,40120,44,254684
2676,0.000444,74.125.24.0-255,1484,41604,44,254684
2677,0.000446,172.31.46.0-255,66,41670,44,254684
2678,0.000453,74.125.24.0-255,6797,48467,44,254684
2679,0.000456,172.31.46.0-255,66,48533,44,254684
2680,0.000497,172.31.46.0-255,66,48599,44,254684
2681,0.00052,74.125.24.0-255,5654,54253,44,254684
2682,0.000523,172.31.46.0-255,66,54319,44,254684
2683,0.001239,74.125.24.0-255,134,54453,44,254684
2684,0.001245,172.31.46.0-255,66,54519,44,254684
2685,0.001503,74.125.24.0-255,1484,56003,44,254684
2686,0.00151,74.125.24.0-255,2902,58905,44,254684
2687,0.001513,172.31.46.0-255,66,58971,44,254684
2688,0.001518,74.125.24.0-255,2902,61873,44,254684
2689,0.00152,172.31.46.0-255,66,61939,44,254684
2690,0.001539,74.125.24.0-255,2902,64841,44,254684
2691,0.001541,172.31.46.0-255,66,64907,44,254684
2692,0.001546,74.125.24.0-255,4320,69227,44,254684
2693,0.001547,172.31.46.0-255,66,69293,44,254684
2694,0.001578,172.31.46.0-255,66,69359,44,254684
2695,0.001584,74.125.24.0-255,5738,75097,44,254684
2696,0.001586,172.31.46.0-255,66,75163,44,254684
2697,0.001615,74.125.24.0-255,5020,80183,44,254684
2698,0.001616,172.31.46.0-255,66,80249,44,254684
2699,0.001853,74.125.24.0-255,1484,81733,44,254684
2700,0.001869,74.125.24.0-255,2902,84635,44,254684
2701,0.00187,172.31.46.0-255,66,84701,44,254684
2702,0.001874,74.125.24.0-255,2902,87603,44,254684
2703,0.001876,172.31.46.0-255,66,87669,44,254684
2704,0.001905,74.125.24.0-255,2902,90571,44,254684
2705,0.001907,172.31.46.0-255,66,90637,44,254684
2706,0.001919,172.31.46.0-255,66,90703,44,254684
2707,0.001944,172.31.46.0-255,66,90769,44,254684
2708,0.001977,74.125.24.0-255,3602,94371,44,254684
2709,0.001979,172.31.46.0-255,66,94437,44,254684
2710,0.001993,172.31.46.0-255,66,94503,44,254684
2711,0.002009,172.31.46.0-255,66,94569,44,254684
2712,0.002115,74.125.24.0-255,1484,96053,44,254684
2713,0.00213,74.125.24.0-255,2902,98955,44,254684
2714,0.002132,172.31.46.0-255,66,99021,44,254684
2715,0.002157,74.125.24.0-255,5738,104759,44,254684
2716,0.002159,172.31.46.0-255,66,104825,44,254684
2717,0.002182,74.125.24.0-255,5738,110563,44,254684
2718,0.002185,172.31.46.0-255,66,110629,44,254684
2719,0.002213,74.125.24.0-255,7156,117785,44,254684
2720,0.002216,172.31.46.0-255,66,117851,44,254684
2721,0.00222,74.125.24.0-255,4320,122171,44,254684
2722,0.002222,172.31.46.0-255,66,122237,44,254684
2723,0.002254,74.125.24.0-255,2902,125139,44,254684
2724,0.002256,172.31.46.0-255,66,125205,44,254684
2725,0.002267,74.125.24.0-255,3602,128807,44,254684
2726,0.002273,172.31.46.0-255,66,128873,44,254684
2727,0.004522,74.125.24.0-255,1484,130357,44,254684
2728,0.004539,74.125.24.0-255,4320,134677,44,254684
2729,0.004543,172.31.46.0-255,66,134743,44,254684
2730,0.006812,74.125.24.0-255,2902,137645,44,254684
2731,0.006817,172.31.46.0-255,66,137711,44,254684
2732,0.006838,74.125.24.0-255,2902,140613,44,254684
2733,0.006841,172.31.46.0-255,66,140679,44,254684
2734,0.009095,74.125.24.0-255,5738,146417,44,254684
2735,0.009102,172.31.46.0-255,66,146483,44,254684
2736,0.011358,74.125.24.0-255,5738,152221,44,254684
2737,0.011366,172.31.46.0-255,66,152287,44,254684
2738,0.013648,74.125.24.0-255,5738,158025,44,254684
2739,0.013656,172.31.46.0-255,66,158091,44,254684
2740,0.015929,74.125.24.0-255,5738,163829,44,254684
2741,0.015935,172.31.46.0-255,66,163895,44,254684
2742,0.018211,74.125.24.0-255,5738,169633,44,254684
2743,0.018218,172.31.46.0-255,66,169699,44,254684
2744,0.020486,74.125.24.0-255,5738,175437,44,254684
2745,0.020492,172.31.46.0-255,66,175503,44,254684
2746,0.022775,74.125.24.0-255,5738,181241,44,254684
2747,0.022781,172.31.46.0-255,66,181307,44,254684
2748,0.025046,74.125.24.0-255,5738,187045,44,254684
2749,0.025051,172.31.46.0-255,66,187111,44,254684
2750,0.027321,74.125.24.0-255,5738,192849,44,254684
2751,0.027331,172.31.46.0-255,66,192915,44,254684
2752,0.029594,74.125.24.0-255,5738,198653,44,254684
2753,0.029601,172.31.46.0-255,66,198719,44,254684
2754,0.030857,172.31.46.0-255,172,198891,44,254684
2755,0.030883,172.31.46.0-255,1114,200005,44,254684
2756,0.030939,172.31.46.0-255,1514,201519,44,254684
2757,0.03096,172.31.46.0-255,1514,203033,44,254684
2758,0.030961,172.31.46.0-255,1514,204547,44,254684
2759,0.03098,172.31.46.0-255,1514,206061,44,254684
2760,0.030983,172.31.46.0-255,1514,207575,44,254684
2761,0.030984,172.31.46.0-255,72,207647,44,254684
2762,0.031876,74.125.24.0-255,5738,213385,44,254684
2763,0.031882,172.31.46.0-255,66,213451,44,254684
2764,0.032356,104.244.42.0-255,66,213517,44,254684
2765,0.032363,104.244.42.0-255,66,213583,44,254684
2766,0.032472,104.244.42.0-255,66,213649,44,254684
2767,0.032527,104.244.42.0-255,66,213715,44,254684
2768,0.033177,104.244.42.0-255,108,213823,44,254684
2769,0.033187,172.31.46.0-255,66,213889,44,254684
2770,0.034156,74.125.24.0-255,5738,219627,44,254684
2771,0.034162,172.31.46.0-255,66,219693,44,254684
2772,0.036467,74.125.24.0-255,5738,225431,44,254684
2773,0.036474,172.31.46.0-255,66,225497,44,254684
2774,0.036586,172.31.46.0-255,101,225598,44,254684
2775,0.038748,74.125.24.0-255,5738,231336,44,254684
2776,0.038754,172.31.46.0-255,66,231402,44,254684
2777,0.038803,74.125.24.0-255,66,231468,44,254684
2778,0.041024,74.125.24.0-255,5738,237206,44,254684
2779,0.041029,172.31.46.0-255,66,237272,44,254684
2780,0.04329,74.125.24.0-255,5738,243010,44,254684
2781,0.043298,172.31.46.0-255,66,243076,44,254684
2782,0.045582,74.125.24.0-255,5738,248814,44,254684
2783,0.045589,172.31.46.0-255,66,248880,44,254684
2784,0.047848,74.125.24.0-255,5738,254618,44,254684
2785,0.047854,172.31.46.0-255,66,254684,44,254684
2786,0.0,74.125.24.0-255,143,143,44,225765
2787,2.3e-05,172.31.46.0-255,66,209,44,225765
2788,3e-05,74.125.24.0-255,1484,1693,44,225765
2789,3.4e-05,172.31.46.0-255,66,1759,44,225765
2790,4.1e-05,74.125.24.0-255,2902,4661,44,225765
2791,4.4e-05,172.31.46.0-255,66,4727,44,225765
2792,5.2e-05,74.125.24.0-255,7156,11883,44,225765
2793,5.5e-05,172.31.46.0-255,66,11949,44,225765
2794,5.9e-05,74.125.24.0-255,2093,14042,44,225765
2795,6.2e-05,172.31.46.0-255,66,14108,44,225765
2796,0.000218,74.125.24.0-255,1484,15592,44,225765
2797,0.000222,172.31.46.0-255,66,15658,44,225765
2798,0.000243,74.125.24.0-255,2902,18560,44,225765
2799,0.000247,172.31.46.0-255,66,18626,44,225765
2800,0.000253,74.125.24.0-255,5738,24364,44,225765
2801,0.000256,172.31.46.0-255,66,24430,44,225765
2802,0.000261,74.125.24.0-255,4320,28750,44,225765
2803,0.000264,172.31.46.0-255,66,28816,44,225765
2804,0.000309,74.125.24.0-255,2902,31718,44,225765
2805,0.000312,172.31.46.0-255,66,31784,44,225765
2806,0.000336,172.31.46.0-255,66,31850,44,225765
2807,0.00034,74.125.24.0-255,1484,33334,44,225765
2808,0.000342,172.31.46.0-255,66,33400,44,225765
2809,0.000368,172.31.46.0-255,66,33466,44,225765
2810,0.000375,74.125.24.0-255,7156,40622,44,225765
2811,0.000378,172.31.46.0-255,66,40688,44,225765
2812,0.000409,74.125.24.0-255,3899,44587,44,225765
2813,0.000411,172.31.46.0-255,66,44653,44,225765
2814,0.00045,74.125.24.0-255,411,45064,44,225765
2815,0.000453,172.31.46.0-255,66,45130,44,225765
2816,0.001155,74.125.24.0-255,1484,46614,44,225765
2817,0.001165,74.125.24.0-255,2902,49516,44,225765
2818,0.00117,172.31.46.0-255,66,49582,44,225765
2819,0.001178,74.125.24.0-255,5738,55320,44,225765
2820,0.00118,172.31.46.0-255,66,55386,44,225765
2821,0.00121,172.31.46.0-255,66,55452,44,225765
2822,0.001232,74.125.24.0-255,4320,59772,44,225765
2823,0.001234,172.31.46.0-255,66,59838,44,225765
2824,0.001238,74.125.24.0-255,1484,61322,44,225765
2825,0.001276,74.125.24.0-255,5738,67060,44,225765
2826,0.00128,172.31.46.0-255,66,67126,44,225765
2827,0.0013,74.125.24.0-255,3602,70728,44,225765
2828,0.001303,172.31.46.0-255,66,70794,44,225765
2829,0.00133,172.31.46.0-255,66,70860,44,225765
2830,0.001341,172.31.46.0-255,66,70926,44,225765
2831,0.001413,172.31.46.0-255,66,70992,44,225765
2832,0.001433,172.31.46.0-255,66,71058,44,225765
2833,0.001441,74.125.24.0-255,6438,77496,44,225765
2834,0.001444,172.31.46.0-255,66,77562,44,225765
2835,0.001741,74.125.24.0-255,1484,79046,44,225765
2836,0.001748,74.125.24.0-255,2902,81948,44,225765
2837,0.001753,172.31.46.0-255,66,82014,44,225765
2838,0.001759,74.125.24.0-255,4320,86334,44,225765
2839,0.001761,172.31.46.0-255,66,86400,44,225765
2840,0.001774,74.125.24.0-255,1484,87884,44,225765
2841,0.001779,74.125.24.0-255,2902,90786,44,225765
2842,0.001782,172.31.46.0-255,66,90852,44,225765
2843,0.00181,74.125.24.0-255,7156,98008,44,225765
2844,0.001813,172.31.46.0-255,66,98074,44,225765
2845,0.001832,74.125.24.0-255,2902,100976,44,225765
2846,0.001834,172.31.46.0-255,66,101042,44,225765
2847,0.001863,172.31.46.0-255,66,101108,44,225765
2848,0.001974,74.125.24.0-255,1484,102592,44,225765
2849,0.001982,74.125.24.0-255,2902,105494,44,225765
2850,0.001986,172.31.46.0-255,66,105560,44,225765
2851,0.002013,74.125.24.0-255,5738,111298,44,225765
2852,0.002016,172.31.46.0-255,66,111364,44,225765
2853,0.002023,74.125.24.0-255,5738,117102,44,225765
2854,0.002026,172.31.46.0-255,66,117168,44,225765
2855,0.002036,74.125.24.0-255,1484,118652,44,225765
2856,0.00205,74.125.24.0-255,2902,121554,44,225765
2857,0.002053,172.31.46.0-255,66,121620,44,225765
2858,0.002085,172.31.46.0-255,66,121686,44,225765
2859,0.002088,74.125.24.0-255,2184,123870,44,225765
2860,0.002091,172.31.46.0-255,66,123936,44,225765
2861,0.002378,74.125.24.0-255,1484,125420,44,225765
2862,0.002385,74.125.24.0-255,1484,126904,44,225765
2863,0.002389,172.31.46.0-255,66,126970,44,225765
2864,0.002408,74.125.24.0-255,1484,128454,44,225765
2865,0.002414,74.125.24.0-255,5738,134192,44,225765
2866,0.002417,172.31.46.0-255,66,134258,44,225765
2867,0.00242,74.125.24.0-255,1484,135742,44,225765
2868,0.002434,74.125.24.0-255,1484,137226,44,225765
2869,0.002437,172.31.46.0-255,66,137292,44,225765
2870,0.00247,172.31.46.0-255,66,137358,44,225765
2871,0.002509,172.31.46.0-255,66,137424,44,225765
2872,0.003133,74.125.24.0-255,1484,138908,44,225765
2873,0.003138,74.125.24.0-255,2902,141810,44,225765
2874,0.00314,172.31.46.0-255,66,141876,44,225765
2875,0.003174,74.125.24.0-255,5738,147614,44,225765
2876,0.003177,172.31.46.0-255,66,147680,44,225765
2877,0.003182,74.125.24.0-255,4320,152000,44,225765
2878,0.003185,172.31.46.0-255,66,152066,44,225765
2879,0.003207,172.31.46.0-255,66,152132,44,225765
2880,0.003213,74.125.24.0-255,7156,159288,44,225765
2881,0.003216,172.31.46.0-255,66,159354,44,225765
2882,0.003249,74.125.24.0-255,3602,162956,44,225765
2883,0.003251,172.31.46.0-255,66,163022,44,225765
2884,0.003306,74.125.24.0-255,4320,167342,44,225765
2885,0.003309,172.31.46.0-255,66,167408,44,225765
2886,0.003321,172.31.46.0-255,66,167474,44,225765
2887,0.003327,74.125.24.0-255,7156,174630,44,225765
2888,0.00333,172.31.46.0-255,66,174696,44,225765
2889,0.003356,74.125.24.0-255,1484,176180,44,225765
2890,0.003378,74.125.24.0-255,7156,183336,44,225765
2891,0.00338,172.31.46.0-255,66,183402,44,225765
2892,0.0034,74.125.24.0-255,3602,187004,44,225765
2893,0.003402,172.31.46.0-255,66,187070,44,225765
2894,0.003548,74.125.24.0-255,1484,188554,44,225765
2895,0.003563,74.125.24.0-255,2902,191456,44,225765
2896,0.003566,172.31.46.0-255,66,191522,44,225765
2897,0.00357,74.125.24.0-255,1484,193006,44,225765
2898,0.003589,74.125.24.0-255,4320,197326,44,225765
2899,0.003592,172.31.46.0-255,66,197392,44,225765
2900,0.003595,74.125.24.0-255,1484,198876,44,225765
2901,0.0036,74.125.24.0-255,2902,201778,44,225765
2902,0.003603,172.31.46.0-255,66,201844,44,225765
2903,0.003639,172.31.46.0-255,66,201910,44,225765
2904,0.003642,74.125.24.0-255,1484,203394,44,225765
2905,0.003645,74.125.24.0-255,1484,204878,44,225765
2906,0.003647,172.31.46.0-255,66,204944,44,225765
2907,0.003663,74.125.24.0-255,5020,209964,44,225765
2908,0.003666,172.31.46.0-255,66,210030,44,225765
2909,0.003672,74.125.24.0-255,5738,215768,44,225765
2910,0.003674,172.31.46.0-255,66,215834,44,225765
2911,0.003694,74.125.24.0-255,1484,217318,44,225765
2912,0.003697,74.125.24.0-255,1484,218802,44,225765
2913,0.003699,172.31.46.0-255,66,218868,44,225765
2914,0.003722,172.31.46.0-255,66,218934,44,225765
2915,0.003744,74.125.24.0-255,2902,221836,44,225765
2916,0.003746,172.31.46.0-255,66,221902,44,225765
2917,0.003749,74.125.24.0-255,1455,223357,44,225765
2918,0.003786,74.125.24.0-255,105,223462,44,225765
2919,0.003789,172.31.46.0-255,66,223528,44,225765
2920,0.010806,172.31.46.0-255,105,223633,44,225765
2921,0.013127,74.125.24.0-255,66,223699,44,225765
2922,0.040305,172.31.46.0-255,188,223887,44,225765
2923,0.04034,172.31.46.0-255,955,224842,44,225765
2924,0.040412,172.31.46.0-255,725,225567,44,225765
2925,0.041854,104.244.42.0-255,66,225633,44,225765
2926,0.041917,104.244.42.0-255,66,225699,44,225765
2927,0.041922,104.244.42.0-255,66,225765,44,225765
2928,0.0,74.125.24.0-255,153,153,44,176240
2929,1.6e-05,172.31.46.0-255,66,219,44,176240
2930,2.2e-05,74.125.24.0-255,1484,1703,44,176240
2931,2.6e-05,172.31.46.0-255,66,1769,44,176240
2932,3.2e-05,74.125.24.0-255,2902,4671,44,176240
2933,3.6e-05,172.31.46.0-255,66,4737,44,176240
2934,4.5e-05,74.125.24.0-255,7156,11893,44,176240
2935,4.9e-05,172.31.46.0-255,66,11959,44,176240
2936,5.3e-05,74.125.24.0-255,1912,13871,44,176240
2937,5.7e-05,172.31.46.0-255,66,13937,44,176240
2938,0.000108,74.125.24.0-255,1484,15421,44,176240
2939,0.000111,172.31.46.0-255,66,15487,44,176240
2940,0.000116,74.125.24.0-255,2902,18389,44,176240
2941,0.000119,172.31.46.0-255,66,18455,44,176240
2942,0.000139,74.125.24.0-255,5738,24193,44,176240
2943,0.000142,172.31.46.0-255,66,24259,44,176240
2944,0.000147,74.125.24.0-255,4320,28579,44,176240
2945,0.00015,172.31.46.0-255,66,28645,44,176240
2946,0.000169,74.125.24.0-255,2543,31188,44,176240
2947,0.000173,172.31.46.0-255,66,31254,44,176240
2948,0.000338,74.125.24.0-255,1484,32738,44,176240
2949,0.000343,172.31.46.0-255,66,32804,44,176240
2950,0.000347,74.125.24.0-255,1484,34288,44,176240
2951,0.00035,172.31.46.0-255,66,34354,44,176240
2952,0.000362,74.125.24.0-255,1484,35838,44,176240
2953,0.000365,172.31.46.0-255,66,35904,44,176240
2954,0.000372,74.125.24.0-255,5738,41642,44,176240
2955,0.000374,172.31.46.0-255,66,41708,44,176240
2956,0.000413,172.31.46.0-255,66,41774,44,176240
2957,0.000431,74.125.24.0-255,1125,42899,44,176240
2958,0.000434,172.31.46.0-255,66,42965,44,176240
2959,0.000446,172.31.46.0-255,66,43031,44,176240
2960,0.000452,74.125.24.0-255,3961,46992,44,176240
2961,0.000455,172.31.46.0-255,66,47058,44,176240
2962,0.002098,74.125.24.0-255,413,47471,44,176240
2963,0.002136,172.31.46.0-255,66,47537,44,176240
2964,0.002307,74.125.24.0-255,333,47870,44,176240
2965,0.002329,172.31.46.0-255,66,47936,44,176240
2966,0.002749,74.125.24.0-255,2902,50838,44,176240
2967,0.002754,172.31.46.0-255,66,50904,44,176240
2968,0.004412,74.125.24.0-255,1484,52388,44,176240
2969,0.005038,74.125.24.0-255,4320,56708,44,176240
2970,0.005042,172.31.46.0-255,66,56774,44,176240
2971,0.007352,74.125.24.0-255,5738,62512,44,176240
2972,0.007357,172.31.46.0-255,66,62578,44,176240
2973,0.009645,74.125.24.0-255,5738,68316,44,176240
2974,0.009652,172.31.46.0-255,66,68382,44,176240
2975,0.011995,74.125.24.0-255,5738,74120,44,176240
2976,0.012003,172.31.46.0-255,66,74186,44,176240
2977,0.014304,74.125.24.0-255,5738,79924,44,176240
2978,0.014312,172.31.46.0-255,66,79990,44,176240
2979,0.016618,74.125.24.0-255,5738,85728,44,176240
2980,0.016628,172.31.46.0-255,66,85794,44,176240
2981,0.018932,74.125.24.0-255,5738,91532,44,176240
2982,0.018942,172.31.46.0-255,66,91598,44,176240
2983,0.021279,74.125.24.0-255,5738,97336,44,176240
2984,0.021287,172.31.46.0-255,66,97402,44,176240
2985,0.023585,74.125.24.0-255,5738,103140,44,176240
2986,0.023593,172.31.46.0-255,66,103206,44,176240
2987,0.025898,74.125.24.0-255,5738,108944,44,176240
2988,0.025906,172.31.46.0-255,66,109010,44,176240
2989,0.02822,74.125.24.0-255,5738,114748,44,176240
2990,0.028227,172.31.46.0-255,66,114814,44,176240
2991,0.03003,172.31.46.0-255,172,114986,44,176240
2992,0.030061,172.31.46.0-255,1109,116095,44,176240
2993,0.030131,172.31.46.0-255,1514,117609,44,176240
2994,0.030133,172.31.46.0-255,1514,119123,44,176240
2995,0.030134,172.31.46.0-255,1514,120637,44,176240
2996,0.030136,172.31.46.0-255,1514,122151,44,176240
2997,0.030168,172.31.46.0-255,1514,123665,44,176240
2998,0.030169,172.31.46.0-255,75,123740,44,176240
2999,0.030526,74.125.24.0-255,5738,129478,44,176240
3000,0.030532,172.31.46.0-255,66,129544,44,176240
3001,0.03157,104.244.42.0-255,66,129610,44,176240
3002,0.031611,104.244.42.0-255,66,129676,44,176240
3003,0.031729,104.244.42.0-255,66,129742,44,176240
3004,0.031736,104.244.42.0-255,66,129808,44,176240
3005,0.032867,74.125.24.0-255,5738,135546,44,176240
3006,0.032874,172.31.46.0-255,66,135612,44,176240
3007,0.03518,74.125.24.0-255,5738,141350,44,176240
3008,0.035187,172.31.46.0-255,66,141416,44,176240
3009,0.037492,74.125.24.0-255,5738,147154,44,176240
3010,0.037498,172.31.46.0-255,66,147220,44,176240
3011,0.039796,74.125.24.0-255,5738,152958,44,176240
3012,0.039802,172.31.46.0-255,66,153024,44,176240
3013,0.042097,74.125.24.0-255,5738,158762,44,176240
3014,0.042105,172.31.46.0-255,66,158828,44,176240
3015,0.04441,74.125.24.0-255,5738,164566,44,176240
3016,0.044416,172.31.46.0-255,66,164632,44,176240
3017,0.046701,74.125.24.0-255,5738,170370,44,176240
3018,0.046708,172.31.46.0-255,66,170436,44,176240
3019,0.049045,74.125.24.0-255,5738,176174,44,176240
3020,0.049051,172.31.46.0-255,66,176240,44,176240
3021,0.0,74.125.24.0-255,150,150,44,304329
3022,2.2e-05,172.31.46.0-255,66,216,44,304329
3023,2.8e-05,74.125.24.0-255,1484,1700,44,304329
3024,3.2e-05,172.31.46.0-255,66,1766,44,304329
3025,3.7e-05,74.125.24.0-255,2902,4668,44,304329
3026,4e-05,172.31.46.0-255,66,4734,44,304329
3027,4.3e-05,74.125.24.0-255,1484,6218,44,304329
3028,4.6e-05,172.31.46.0-255,66,6284,44,304329
3029,7e-05,74.125.24.0-255,5738,12022,44,304329
3030,7.3e-05,172.31.46.0-255,66,12088,44,304329
3031,9.7e-05,74.125.24.0-255,1484,13572,44,304329
3032,9.9e-05,172.31.46.0-255,66,13638,44,304329
3033,0.000123,74.125.24.0-255,6346,19984,44,304329
3034,0.000126,172.31.46.0-255,66,20050,44,304329
3035,0.000135,172.31.46.0-255,66,20116,44,304329
3036,0.000151,74.125.24.0-255,2543,22659,44,304329
3037,0.000153,172.31.46.0-255,66,22725,44,304329
3038,0.000287,74.125.24.0-255,1484,24209,44,304329
3039,0.00029,172.31.46.0-255,66,24275,44,304329
3040,0.000307,74.125.24.0-255,2902,27177,44,304329
3041,0.00031,172.31.46.0-255,66,27243,44,304329
3042,0.000315,74.125.24.0-255,4320,31563,44,304329
3043,0.000317,172.31.46.0-255,66,31629,44,304329
3044,0.000334,74.125.24.0-255,1484,33113,44,304329
3045,0.000336,172.31.46.0-255,66,33179,44,304329
3046,0.000349,74.125.24.0-255,2902,36081,44,304329
3047,0.000352,172.31.46.0-255,66,36147,44,304329
3048,0.000388,172.31.46.0-255,66,36213,44,304329
3049,0.000398,172.31.46.0-255,66,36279,44,304329
3050,0.000424,74.125.24.0-255,1399,37678,44,304329
3051,0.000534,74.125.24.0-255,131,37809,44,304329
3052,0.000849,74.125.24.0-255,1484,39293,44,304329
3053,0.000853,172.31.46.0-255,66,39359,44,304329
3054,0.000859,74.125.24.0-255,2902,42261,44,304329
3055,0.000861,172.31.46.0-255,66,42327,44,304329
3056,0.000889,74.125.24.0-255,4320,46647,44,304329
3057,0.000891,172.31.46.0-255,66,46713,44,304329
3058,0.000924,74.125.24.0-255,2902,49615,44,304329
3059,0.000926,172.31.46.0-255,66,49681,44,304329
3060,0.000949,74.125.24.0-255,5738,55419,44,304329
3061,0.000951,172.31.46.0-255,66,55485,44,304329
3062,0.000962,172.31.46.0-255,66,55551,44,304329
3063,0.000998,172.31.46.0-255,66,55617,44,304329
3064,0.001017,74.125.24.0-255,467,56084,44,304329
3065,0.001031,172.31.46.0-255,66,56150,44,304329
3066,0.001044,172.31.46.0-255,66,56216,44,304329
3067,0.001092,74.125.24.0-255,1484,57700,44,304329
3068,0.00112,74.125.24.0-255,2902,60602,44,304329
3069,0.001123,172.31.46.0-255,66,60668,44,304329
3070,0.001127,74.125.24.0-255,2902,63570,44,304329
3071,0.001129,172.31.46.0-255,66,63636,44,304329
3072,0.001146,74.125.24.0-255,2902,66538,44,304329
3073,0.001148,172.31.46.0-255,66,66604,44,304329
3074,0.001172,74.125.24.0-255,4320,70924,44,304329
3075,0.001175,172.31.46.0-255,66,70990,44,304329
3076,0.001197,74.125.24.0-255,7156,78146,44,304329
3077,0.001199,172.31.46.0-255,66,78212,44,304329
3078,0.001216,74.125.24.0-255,1484,79696,44,304329
3079,0.001222,74.125.24.0-255,4320,84016,44,304329
3080,0.001225,172.31.46.0-255,66,84082,44,304329
3081,0.00125,74.125.24.0-255,6438,90520,44,304329
3082,0.001253,172.31.46.0-255,66,90586,44,304329
3083,0.001258,74.125.24.0-255,4320,94906,44,304329
3084,0.00126,172.31.46.0-255,66,94972,44,304329
3085,0.00128,74.125.24.0-255,7156,102128,44,304329
3086,0.001283,172.31.46.0-255,66,102194,44,304329
3087,0.001296,172.31.46.0-255,66,102260,44,304329
3088,0.001327,74.125.24.0-255,4320,106580,44,304329
3089,0.00133,172.31.46.0-255,66,106646,44,304329
3090,0.001353,74.125.24.0-255,6438,113084,44,304329
3091,0.001356,172.31.46.0-255,66,113150,44,304329
3092,0.00157,74.125.24.0-255,1484,114634,44,304329
3093,0.001586,74.125.24.0-255,2902,117536,44,304329
3094,0.001589,172.31.46.0-255,66,117602,44,304329
3095,0.001606,74.125.24.0-255,1484,119086,44,304329
3096,0.001626,74.125.24.0-255,4320,123406,44,304329
3097,0.001628,172.31.46.0-255,66,123472,44,304329
3098,0.001635,74.125.24.0-255,5738,129210,44,304329
3099,0.001637,172.31.46.0-255,66,129276,44,304329
3100,0.001662,74.125.24.0-255,4320,133596,44,304329
3101,0.001665,172.31.46.0-255,66,133662,44,304329
3102,0.001695,172.31.46.0-255,66,133728,44,304329
3103,0.001713,74.125.24.0-255,4320,138048,44,304329
3104,0.001715,172.31.46.0-255,66,138114,44,304329
3105,0.001741,74.125.24.0-255,766,138880,44,304329
3106,0.001766,74.125.24.0-255,1484,140364,44,304329
3107,0.001769,172.31.46.0-255,66,140430,44,304329
3108,0.001775,74.125.24.0-255,4320,144750,44,304329
3109,0.001777,172.31.46.0-255,66,144816,44,304329
3110,0.001814,74.125.24.0-255,4320,149136,44,304329
3111,0.001817,172.31.46.0-255,66,149202,44,304329
3112,0.001839,74.125.24.0-255,5738,154940,44,304329
3113,0.001841,172.31.46.0-255,66,155006,44,304329
3114,0.001874,172.31.46.0-255,66,155072,44,304329
3115,0.001881,74.125.24.0-255,6438,161510,44,304329
3116,0.001884,172.31.46.0-255,66,161576,44,304329
3117,0.003884,74.125.24.0-255,5738,167314,44,304329
3118,0.003892,172.31.46.0-255,66,167380,44,304329
3119,0.005915,74.125.24.0-255,5738,173118,44,304329
3120,0.005921,172.31.46.0-255,66,173184,44,304329
3121,0.007939,74.125.24.0-255,5738,178922,44,304329
3122,0.007945,172.31.46.0-255,66,178988,44,304329
3123,0.00997,74.125.24.0-255,5738,184726,44,304329
3124,0.009977,172.31.46.0-255,66,184792,44,304329
3125,0.011981,74.125.24.0-255,5738,190530,44,304329
3126,0.011989,172.31.46.0-255,66,190596,44,304329
3127,0.014034,74.125.24.0-255,5738,196334,44,304329
3128,0.014043,172.31.46.0-255,66,196400,44,304329
3129,0.016083,74.125.24.0-255,5738,202138,44,304329
3130,0.016092,172.31.46.0-255,66,202204,44,304329
3131,0.018103,74.125.24.0-255,5738,207942,44,304329
3132,0.018112,172.31.46.0-255,66,208008,44,304329
3133,0.020136,74.125.24.0-255,5738,213746,44,304329
3134,0.020145,172.31.46.0-255,66,213812,44,304329
3135,0.022179,74.125.24.0-255,5738,219550,44,304329
3136,0.022187,172.31.46.0-255,66,219616,44,304329
3137,0.02423,74.125.24.0-255,5738,225354,44,304329
3138,0.024237,172.31.46.0-255,66,225420,44,304329
3139,0.026236,74.125.24.0-255,5738,231158,44,304329
3140,0.026244,172.31.46.0-255,66,231224,44,304329
3141,0.028277,74.125.24.0-255,5738,236962,44,304329
3142,0.028294,172.31.46.0-255,66,237028,44,304329
3143,0.030325,74.125.24.0-255,5738,242766,44,304329
3144,0.030333,172.31.46.0-255,66,242832,44,304329
3145,0.032374,74.125.24.0-255,5738,248570,44,304329
3146,0.032381,172.31.46.0-255,66,248636,44,304329
3147,0.034421,74.125.24.0-255,5738,254374,44,304329
3148,0.034428,172.31.46.0-255,66,254440,44,304329
3149,0.036451,74.125.24.0-255,5738,260178,44,304329
3150,0.036459,172.31.46.0-255,66,260244,44,304329
3151,0.038484,74.125.24.0-255,5738,265982,44,304329
3152,0.038496,172.31.46.0-255,66,266048,44,304329
3153,0.03986,172.31.46.0-255,176,266224,44,304329
3154,0.039892,172.31.46.0-255,1114,267338,44,304329
3155,0.039957,172.31.46.0-255,1514,268852,44,304329
3156,0.039959,172.31.46.0-255,1514,270366,44,304329
3157,0.039965,172.31.46.0-255,1514,271880,44,304329
3158,0.039966,172.31.46.0-255,1514,273394,44,304329
3159,0.039985,172.31.46.0-255,1514,274908,44,304329
3160,0.039987,172.31.46.0-255,71,274979,44,304329
3161,0.040523,74.125.24.0-255,5738,280717,44,304329
3162,0.040529,172.31.46.0-255,66,280783,44,304329
3163,0.041394,104.244.42.0-255,66,280849,44,304329
3164,0.04144,104.244.42.0-255,66,280915,44,304329
3165,0.041546,104.244.42.0-255,66,280981,44,304329
3166,0.041549,104.244.42.0-255,66,281047,44,304329
3167,0.041552,104.244.42.0-255,66,281113,44,304329
3168,0.042561,74.125.24.0-255,5738,286851,44,304329
3169,0.042568,172.31.46.0-255,66,286917,44,304329
3170,0.044603,74.125.24.0-255,5738,292655,44,304329
3171,0.044609,172.31.46.0-255,66,292721,44,304329
3172,0.046651,74.125.24.0-255,5738,298459,44,304329
3173,0.046657,172.31.46.0-255,66,298525,44,304329
3174,0.048702,74.125.24.0-255,5738,304263,44,304329
3175,0.048707,172.31.46.0-255,66,304329,44,304329
3176,0.0,172.253.118.0-255,150,150,44,202448
3177,2.4e-05,172.31.46.0-255,66,216,44,202448
3178,3.1e-05,172.253.118.0-255,1484,1700,44,202448
3179,3.6e-05,172.31.46.0-255,66,1766,44,202448
3180,5.1e-05,172.253.118.0-255,2902,4668,44,202448
3181,5.4e-05,172.31.46.0-255,66,4734,44,202448
3182,5.9e-05,172.253.118.0-255,2902,7636,44,202448
3183,6.2e-05,172.31.46.0-255,66,7702,44,202448
3184,9.8e-05,172.253.118.0-255,4320,12022,44,202448
3185,0.000109,172.31.46.0-255,66,12088,44,202448
3186,0.000134,172.253.118.0-255,1973,14061,44,202448
3187,0.000137,172.31.46.0-255,66,14127,44,202448
3188,0.000163,172.253.118.0-255,1484,15611,44,202448
3189,0.000165,172.31.46.0-255,66,15677,44,202448
3190,0.00017,172.253.118.0-255,2902,18579,44,202448
3191,0.000173,172.31.46.0-255,66,18645,44,202448
3192,0.000201,172.253.118.0-255,5738,24383,44,202448
3193,0.000204,172.31.46.0-255,66,24449,44,202448
3194,0.000242,172.253.118.0-255,6797,31246,44,202448
3195,0.000245,172.31.46.0-255,66,31312,44,202448
3196,0.000628,172.253.118.0-255,1484,32796,44,202448
3197,0.000635,172.31.46.0-255,66,32862,44,202448
3198,0.000642,172.253.118.0-255,2902,35764,44,202448
3199,0.000644,172.31.46.0-255,66,35830,44,202448
3200,0.000653,172.253.118.0-255,2902,38732,44,202448
3201,0.000656,172.31.46.0-255,66,38798,44,202448
3202,0.000694,172.253.118.0-255,2902,41700,44,202448
3203,0.000698,172.31.46.0-255,66,41766,44,202448
3204,0.000714,172.31.46.0-255,66,41832,44,202448
3205,0.000726,172.31.46.0-255,66,41898,44,202448
3206,0.001492,172.253.118.0-255,646,42544,44,202448
3207,0.001757,172.253.118.0-255,1484,44028,44,202448
3208,0.001764,172.31.46.0-255,66,44094,44,202448
3209,0.001771,172.253.118.0-255,2902,46996,44,202448
3210,0.001774,172.31.46.0-255,66,47062,44,202448
3211,0.001809,172.253.118.0-255,5738,52800,44,202448
3212,0.001812,172.31.46.0-255,66,52866,44,202448
3213,0.001819,172.253.118.0-255,5738,58604,44,202448
3214,0.001821,172.31.46.0-255,66,58670,44,202448
3215,0.001864,172.31.46.0-255,66,58736,44,202448
3216,0.001871,172.253.118.0-255,5020,63756,44,202448
3217,0.001873,172.31.46.0-255,66,63822,44,202448
3218,0.002034,172.253.118.0-255,1484,65306,44,202448
3219,0.002059,172.253.118.0-255,2902,68208,44,202448
3220,0.002062,172.31.46.0-255,66,68274,44,202448
3221,0.002069,172.253.118.0-255,5738,74012,44,202448
3222,0.002071,172.31.46.0-255,66,74078,44,202448
3223,0.002081,172.253.118.0-255,2902,76980,44,202448
3224,0.002083,172.31.46.0-255,66,77046,44,202448
3225,0.002117,172.31.46.0-255,66,77112,44,202448
3226,0.002132,172.31.46.0-255,66,77178,44,202448
3227,0.004395,172.253.118.0-255,5738,82916,44,202448
3228,0.0044,172.31.46.0-255,66,82982,44,202448
3229,0.006693,172.253.118.0-255,5738,88720,44,202448
3230,0.006698,172.31.46.0-255,66,88786,44,202448
3231,0.008983,172.253.118.0-255,5738,94524,44,202448
3232,0.008991,172.31.46.0-255,66,94590,44,202448
3233,0.011276,172.253.118.0-255,5738,100328,44,202448
3234,0.011284,172.31.46.0-255,66,100394,44,202448
3235,0.013615,172.253.118.0-255,5738,106132,44,202448
3236,0.013629,172.31.46.0-255,66,106198,44,202448
3237,0.015907,172.253.118.0-255,5738,111936,44,202448
3238,0.015918,172.31.46.0-255,66,112002,44,202448
3239,0.018203,172.253.118.0-255,5738,117740,44,202448
3240,0.018209,172.31.46.0-255,66,117806,44,202448
3241,0.020481,172.253.118.0-255,5738,123544,44,202448
3242,0.020489,172.31.46.0-255,66,123610,44,202448
3243,0.022778,172.253.118.0-255,5738,129348,44,202448
3244,0.022785,172.31.46.0-255,66,129414,44,202448
3245,0.025129,172.253.118.0-255,5738,135152,44,202448
3246,0.025137,172.31.46.0-255,66,135218,44,202448
3247,0.027406,172.253.118.0-255,5738,140956,44,202448
3248,0.027415,172.31.46.0-255,66,141022,44,202448
3249,0.029695,172.253.118.0-255,5738,146760,44,202448
3250,0.029702,172.31.46.0-255,66,146826,44,202448
3251,0.031977,172.253.118.0-255,5738,152564,44,202448
3252,0.031986,172.31.46.0-255,66,152630,44,202448
3253,0.03427,172.253.118.0-255,5738,158368,44,202448
3254,0.034279,172.31.46.0-255,66,158434,44,202448
3255,0.036565,172.253.118.0-255,5738,164172,44,202448
3256,0.036573,172.31.46.0-255,66,164238,44,202448
3257,0.037072,172.31.46.0-255,172,164410,44,202448
3258,0.037104,172.31.46.0-255,1109,165519,44,202448
3259,0.037171,172.31.46.0-255,1514,167033,44,202448
3260,0.037174,172.31.46.0-255,1514,168547,44,202448
3261,0.037179,172.31.46.0-255,1514,170061,44,202448
3262,0.03718,172.31.46.0-255,1514,171575,44,202448
3263,0.037199,172.31.46.0-255,1514,173089,44,202448
3264,0.037205,172.31.46.0-255,75,173164,44,202448
3265,0.038617,104.244.42.0-255,66,173230,44,202448
3266,0.038662,104.244.42.0-255,66,173296,44,202448
3267,0.038769,104.244.42.0-255,66,173362,44,202448
3268,0.038775,104.244.42.0-255,66,173428,44,202448
3269,0.038849,172.253.118.0-255,5738,179166,44,202448
3270,0.038855,172.31.46.0-255,66,179232,44,202448
3271,0.041146,172.253.118.0-255,5738,184970,44,202448
3272,0.041154,172.31.46.0-255,66,185036,44,202448
3273,0.043438,172.253.118.0-255,5738,190774,44,202448
3274,0.043444,172.31.46.0-255,66,190840,44,202448
3275,0.045714,172.253.118.0-255,5738,196578,44,202448
3276,0.045721,172.31.46.0-255,66,196644,44,202448
3277,0.048007,172.253.118.0-255,5738,202382,44,202448
3278,0.048014,172.31.46.0-255,66,202448,44,202448
3279,0.0,172.217.27.0-255,153,153,44,252019
3280,2.1e-05,172.31.46.0-255,66,219,44,252019
3281,2.7e-05,172.217.27.0-255,1484,1703,44,252019
3282,3.2e-05,172.31.46.0-255,66,1769,44,252019
3283,4.5e-05,172.217.27.0-255,2902,4671,44,252019
3284,4.9e-05,172.31.46.0-255,66,4737,44,252019
3285,5.6e-05,172.217.27.0-255,5738,10475,44,252019
3286,5.9e-05,172.31.46.0-255,66,10541,44,252019
3287,0.000104,172.31.46.0-255,66,10607,44,252019
3288,0.000129,172.217.27.0-255,2043,12650,44,252019
3289,0.000131,172.31.46.0-255,66,12716,44,252019
3290,0.000143,172.31.46.0-255,66,12782,44,252019
3291,0.00021,172.217.27.0-255,1484,14266,44,252019
3292,0.000213,172.31.46.0-255,66,14332,44,252019
3293,0.000218,172.217.27.0-255,2902,17234,44,252019
3294,0.00022,172.31.46.0-255,66,17300,44,252019
3295,0.000224,172.217.27.0-255,2902,20202,44,252019
3296,0.000227,172.31.46.0-255,66,20268,44,252019
3297,0.000232,172.217.27.0-255,2902,23170,44,252019
3298,0.000234,172.31.46.0-255,66,23236,44,252019
3299,0.000267,172.217.27.0-255,1484,24720,44,252019
3300,0.000269,172.31.46.0-255,66,24786,44,252019
3301,0.000274,172.217.27.0-255,2902,27688,44,252019
3302,0.000277,172.31.46.0-255,66,27754,44,252019
3303,0.000304,172.217.27.0-255,2543,30297,44,252019
3304,0.000307,172.31.46.0-255,66,30363,44,252019
3305,0.000336,172.217.27.0-255,2902,33265,44,252019
3306,0.000339,172.31.46.0-255,66,33331,44,252019
3307,0.000344,172.217.27.0-255,2902,36233,44,252019
3308,0.000347,172.31.46.0-255,66,36299,44,252019
3309,0.000408,172.217.27.0-255,1484,37783,44,252019
3310,0.000422,172.31.46.0-255,66,37849,44,252019
3311,0.000425,172.217.27.0-255,1412,39261,44,252019
3312,0.000679,172.217.27.0-255,139,39400,44,252019
3313,0.000685,172.31.46.0-255,66,39466,44,252019
3314,0.001009,172.217.27.0-255,347,39813,44,252019
3315,0.001198,172.217.27.0-255,1484,41297,44,252019
3316,0.001204,172.31.46.0-255,66,41363,44,252019
3317,0.00121,172.217.27.0-255,2902,44265,44,252019
3318,0.001213,172.31.46.0-255,66,44331,44,252019
3319,0.001217,172.217.27.0-255,2902,47233,44,252019
3320,0.001226,172.31.46.0-255,66,47299,44,252019
3321,0.001256,172.217.27.0-255,2902,50201,44,252019
3322,0.001258,172.31.46.0-255,66,50267,44,252019
3323,0.001265,172.217.27.0-255,5738,56005,44,252019
3324,0.001267,172.31.46.0-255,66,56071,44,252019
3325,0.001292,172.217.27.0-255,1125,57196,44,252019
3326,0.001304,172.217.27.0-255,7156,64352,44,252019
3327,0.001307,172.31.46.0-255,66,64418,44,252019
3328,0.001314,172.217.27.0-255,7156,71574,44,252019
3329,0.001316,172.31.46.0-255,66,71640,44,252019
3330,0.001347,172.217.27.0-255,2543,74183,44,252019
3331,0.001349,172.31.46.0-255,66,74249,44,252019
3332,0.002944,172.217.27.0-255,2902,77151,44,252019
3333,0.002952,172.31.46.0-255,66,77217,44,252019
3334,0.002981,172.217.27.0-255,2902,80119,44,252019
3335,0.002984,172.31.46.0-255,66,80185,44,252019
3336,0.004594,172.217.27.0-255,5738,85923,44,252019
3337,0.004598,172.31.46.0-255,66,85989,44,252019
3338,0.006229,172.217.27.0-255,5738,91727,44,252019
3339,0.006236,172.31.46.0-255,66,91793,44,252019
3340,0.007876,172.217.27.0-255,5738,97531,44,252019
3341,0.00788,172.31.46.0-255,66,97597,44,252019
3342,0.009525,172.217.27.0-255,5738,103335,44,252019
3343,0.009532,172.31.46.0-255,66,103401,44,252019
3344,0.011193,172.217.27.0-255,5738,109139,44,252019
3345,0.011201,172.31.46.0-255,66,109205,44,252019
3346,0.012844,172.217.27.0-255,5738,114943,44,252019
3347,0.012851,172.31.46.0-255,66,115009,44,252019
3348,0.014486,172.217.27.0-255,5738,120747,44,252019
3349,0.014492,172.31.46.0-255,66,120813,44,252019
3350,0.016123,172.217.27.0-255,5738,126551,44,252019
3351,0.01613,172.31.46.0-255,66,126617,44,252019
3352,0.017763,172.217.27.0-255,5738,132355,44,252019
3353,0.017771,172.31.46.0-255,66,132421,44,252019
3354,0.01941,172.217.27.0-255,5738,138159,44,252019
3355,0.019418,172.31.46.0-255,66,138225,44,252019
3356,0.021073,172.217.27.0-255,5738,143963,44,252019
3357,0.021089,172.31.46.0-255,66,144029,44,252019
3358,0.022729,172.217.27.0-255,5738,149767,44,252019
3359,0.02274,172.31.46.0-255,66,149833,44,252019
3360,0.024383,172.217.27.0-255,5738,155571,44,252019
3361,0.024394,172.31.46.0-255,66,155637,44,252019
3362,0.026037,172.217.27.0-255,5738,161375,44,252019
3363,0.026046,172.31.46.0-255,66,161441,44,252019
3364,0.027676,172.217.27.0-255,5738,167179,44,252019
3365,0.027683,172.31.46.0-255,66,167245,44,252019
3366,0.029325,172.217.27.0-255,5738,172983,44,252019
3367,0.029332,172.31.46.0-255,66,173049,44,252019
3368,0.030973,172.217.27.0-255,5738,178787,44,252019
3369,0.030981,172.31.46.0-255,66,178853,44,252019
3370,0.032648,172.217.27.0-255,5738,184591,44,252019
3371,0.032658,172.31.46.0-255,66,184657,44,252019
3372,0.034347,172.217.27.0-255,5738,190395,44,252019
3373,0.034358,172.31.46.0-255,66,190461,44,252019
3374,0.036001,172.217.27.0-255,5738,196199,44,252019
3375,0.036013,172.31.46.0-255,66,196265,44,252019
3376,0.037657,172.217.27.0-255,5738,202003,44,252019
3377,0.03767,172.31.46.0-255,66,202069,44,252019
3378,0.03931,172.217.27.0-255,5738,207807,44,252019
3379,0.039318,172.31.46.0-255,66,207873,44,252019
3380,0.039903,172.31.46.0-255,172,208045,44,252019
3381,0.039933,172.31.46.0-255,1114,209159,44,252019
3382,0.040033,172.31.46.0-255,1514,210673,44,252019
3383,0.040055,172.31.46.0-255,1514,212187,44,252019
3384,0.040059,172.31.46.0-255,1514,213701,44,252019
3385,0.040085,172.31.46.0-255,1514,215215,44,252019
3386,0.040088,172.31.46.0-255,1514,216729,44,252019
3387,0.040089,172.31.46.0-255,70,216799,44,252019
3388,0.040952,172.217.27.0-255,5738,222537,44,252019
3389,0.04096,172.31.46.0-255,66,222603,44,252019
3390,0.041459,104.244.42.0-255,66,222669,44,252019
3391,0.041478,104.244.42.0-255,66,222735,44,252019
3392,0.041576,104.244.42.0-255,66,222801,44,252019
3393,0.041611,104.244.42.0-255,66,222867,44,252019
3394,0.041668,104.244.42.0-255,66,222933,44,252019
3395,0.041674,104.244.42.0-255,66,222999,44,252019
3396,0.042622,172.217.27.0-255,5738,228737,44,252019
3397,0.042631,172.31.46.0-255,66,228803,44,252019
3398,0.044275,172.217.27.0-255,5738,234541,44,252019
3399,0.044282,172.31.46.0-255,66,234607,44,252019
3400,0.045925,172.217.27.0-255,5738,240345,44,252019
3401,0.045932,172.31.46.0-255,66,240411,44,252019
3402,0.047579,172.217.27.0-255,5738,246149,44,252019
3403,0.047587,172.31.46.0-255,66,246215,44,252019
3404,0.049227,172.217.27.0-255,5738,251953,44,252019
3405,0.049234,172.31.46.0-255,66,252019,44,252019
3406,0.0,74.125.68.0-255,146,146,44,267443
3407,3.6e-05,172.31.46.0-255,66,212,44,267443
3408,4.3e-05,74.125.68.0-255,1484,1696,44,267443
3409,4.8e-05,172.31.46.0-255,66,1762,44,267443
3410,5.4e-05,74.125.68.0-255,2902,4664,44,267443
3411,5.7e-05,172.31.46.0-255,66,4730,44,267443
3412,6.4e-05,74.125.68.0-255,5738,10468,44,267443
3413,6.7e-05,172.31.46.0-255,66,10534,44,267443
3414,9.6e-05,74.125.68.0-255,6390,16924,44,267443
3415,0.0001,172.31.46.0-255,66,16990,44,267443
3416,0.000128,74.125.68.0-255,2902,19892,44,267443
3417,0.00013,172.31.46.0-255,66,19958,44,267443
3418,0.000149,74.125.68.0-255,4320,24278,44,267443
3419,0.000153,172.31.46.0-255,66,24344,44,267443
3420,0.00016,74.125.68.0-255,5738,30082,44,267443
3421,0.000162,172.31.46.0-255,66,30148,44,267443
3422,0.000184,74.125.68.0-255,1125,31273,44,267443
3423,0.000186,172.31.46.0-255,66,31339,44,267443
3424,0.000244,74.125.68.0-255,1484,32823,44,267443
3425,0.000247,172.31.46.0-255,66,32889,44,267443
3426,0.000263,74.125.68.0-255,2902,35791,44,267443
3427,0.000265,172.31.46.0-255,66,35857,44,267443
3428,0.000268,74.125.68.0-255,1484,37341,44,267443
3429,0.000271,172.31.46.0-255,66,37407,44,267443
3430,0.000295,74.125.68.0-255,2902,40309,44,267443
3431,0.000297,172.31.46.0-255,66,40375,44,267443
3432,0.000301,74.125.68.0-255,2902,43277,44,267443
3433,0.000303,172.31.46.0-255,66,43343,44,267443
3434,0.000324,74.125.68.0-255,5738,49081,44,267443
3435,0.000327,172.31.46.0-255,66,49147,44,267443
3436,0.000333,74.125.68.0-255,5738,54885,44,267443
3437,0.000335,172.31.46.0-255,66,54951,44,267443
3438,0.000342,74.125.68.0-255,7156,62107,44,267443
3439,0.000358,74.125.68.0-255,3602,65709,44,267443
3440,0.000387,74.125.68.0-255,677,66386,44,267443
3441,0.000437,74.125.68.0-255,1484,67870,44,267443
3442,0.00044,74.125.68.0-255,1484,69354,44,267443
3443,0.000452,74.125.68.0-255,1484,70838,44,267443
3444,0.000456,74.125.68.0-255,4320,75158,44,267443
3445,0.000471,74.125.68.0-255,1484,76642,44,267443
3446,0.000493,74.125.68.0-255,2902,79544,44,267443
3447,0.000507,74.125.68.0-255,5738,85282,44,267443
3448,0.000522,74.125.68.0-255,4320,89602,44,267443
3449,0.000535,74.125.68.0-255,2902,92504,44,267443
3450,0.000628,74.125.68.0-255,1484,93988,44,267443
3451,0.000642,74.125.68.0-255,2902,96890,44,267443
3452,0.000646,74.125.68.0-255,1484,98374,44,267443
3453,0.000667,74.125.68.0-255,4320,102694,44,267443
3454,0.000682,74.125.68.0-255,1484,104178,44,267443
3455,0.000688,172.31.46.0-255,66,104244,44,267443
3456,0.000739,172.31.46.0-255,66,104310,44,267443
3457,0.000752,74.125.68.0-255,5738,110048,44,267443
3458,0.000774,74.125.68.0-255,5020,115068,44,267443
3459,0.000784,172.31.46.0-255,66,115134,44,267443
3460,0.000873,74.125.68.0-255,1484,116618,44,267443
3461,0.000887,74.125.68.0-255,2902,119520,44,267443
3462,0.000902,74.125.68.0-255,1484,121004,44,267443
3463,0.000911,172.31.46.0-255,66,121070,44,267443
3464,0.000927,74.125.68.0-255,2902,123972,44,267443
3465,0.000943,74.125.68.0-255,7156,131128,44,267443
3466,0.000965,74.125.68.0-255,5738,136866,44,267443
3467,0.000967,172.31.46.0-255,66,136932,44,267443
3468,0.000972,172.31.46.0-255,66,136998,44,267443
3469,0.000987,74.125.68.0-255,2902,139900,44,267443
3470,0.00099,74.125.68.0-255,766,140666,44,267443
3471,0.001008,172.31.46.0-255,66,140732,44,267443
3472,0.001199,74.125.68.0-255,1484,142216,44,267443
3473,0.001212,74.125.68.0-255,2902,145118,44,267443
3474,0.001221,172.31.46.0-255,66,145184,44,267443
3475,0.001232,74.125.68.0-255,5738,150922,44,267443
3476,0.001248,74.125.68.0-255,4320,155242,44,267443
3477,0.001268,74.125.68.0-255,5738,160980,44,267443
3478,0.001281,74.125.68.0-255,1484,162464,44,267443
3479,0.001285,172.31.46.0-255,66,162530,44,267443
3480,0.001295,74.125.68.0-255,4320,166850,44,267443
3481,0.001305,172.31.46.0-255,66,166916,44,267443
3482,0.001311,74.125.68.0-255,5738,172654,44,267443
3483,0.001315,74.125.68.0-255,2184,174838,44,267443
3484,0.00139,172.31.46.0-255,66,174904,44,267443
3485,0.001432,74.125.68.0-255,766,175670,44,267443
3486,0.00144,172.31.46.0-255,66,175736,44,267443
3487,0.001457,74.125.68.0-255,1484,177220,44,267443
3488,0.001471,74.125.68.0-255,2902,180122,44,267443
3489,0.001478,172.31.46.0-255,66,180188,44,267443
3490,0.001492,74.125.68.0-255,5738,185926,44,267443
3491,0.001498,172.31.46.0-255,66,185992,44,267443
3492,0.001517,74.125.68.0-255,4320,190312,44,267443
3493,0.001529,74.125.68.0-255,5738,196050,44,267443
3494,0.00154,74.125.68.0-255,1484,197534,44,267443
3495,0.001544,172.31.46.0-255,66,197600,44,267443
3496,0.001573,74.125.68.0-255,2184,199784,44,267443
3497,0.001585,172.31.46.0-255,66,199850,44,267443
3498,0.001611,74.125.68.0-255,1484,201334,44,267443
3499,0.001671,172.31.46.0-255,66,201400,44,267443
3500,0.001678,74.125.68.0-255,7156,208556,44,267443
3501,0.001683,74.125.68.0-255,3602,212158,44,267443
3502,0.001689,172.31.46.0-255,66,212224,44,267443
3503,0.001711,74.125.68.0-255,1484,213708,44,267443
3504,0.001773,74.125.68.0-255,5738,219446,44,267443
3505,0.001778,172.31.46.0-255,66,219512,44,267443
3506,0.001783,172.31.46.0-255,66,219578,44,267443
3507,0.001815,74.125.68.0-255,5738,225316,44,267443
3508,0.001821,172.31.46.0-255,66,225382,44,267443
3509,0.001843,74.125.68.0-255,5738,231120,44,267443
3510,0.001858,74.125.68.0-255,1484,232604,44,267443
3511,0.001876,74.125.68.0-255,1484,234088,44,267443
3512,0.001879,172.31.46.0-255,66,234154,44,267443
3513,0.001913,74.125.68.0-255,7156,241310,44,267443
3514,0.001918,172.31.46.0-255,66,241376,44,267443
3515,0.001929,74.125.68.0-255,5738,247114,44,267443
3516,0.001968,74.125.68.0-255,5738,252852,44,267443
3517,0.001974,172.31.46.0-255,66,252918,44,267443
3518,0.001984,74.125.68.0-255,1484,254402,44,267443
3519,0.001997,74.125.68.0-255,2184,256586,44,267443
3520,0.00202,74.125.68.0-255,1259,257845,44,267443
3521,0.002026,172.31.46.0-255,66,257911,44,267443
3522,0.004014,74.125.68.0-255,105,258016,44,267443
3523,0.010893,172.31.46.0-255,66,258082,44,267443
3524,0.010952,172.31.46.0-255,105,258187,44,267443
3525,0.012945,74.125.68.0-255,66,258253,44,267443
3526,0.036554,172.31.46.0-255,172,258425,44,267443
3527,0.036585,172.31.46.0-255,1114,259539,44,267443
3528,0.036651,172.31.46.0-255,1514,261053,44,267443
3529,0.036653,172.31.46.0-255,1514,262567,44,267443
3530,0.036658,172.31.46.0-255,1514,264081,44,267443
3531,0.036659,172.31.46.0-255,1514,265595,44,267443
3532,0.036678,172.31.46.0-255,1514,267109,44,267443
3533,0.036679,172.31.46.0-255,70,267179,44,267443
3534,0.038145,104.244.42.0-255,66,267245,44,267443
3535,0.038157,104.244.42.0-255,66,267311,44,267443
3536,0.038241,104.244.42.0-255,66,267377,44,267443
3537,0.038247,104.244.42.0-255,66,267443,44,267443
3538,0.0,172.217.194.0-255,153,153,44,274005
3539,2.3e-05,172.31.46.0-255,66,219,44,274005
3540,3e-05,172.217.194.0-255,1484,1703,44,274005
3541,3.5e-05,172.31.46.0-255,66,1769,44,274005
3542,4.7e-05,172.217.194.0-255,2902,4671,44,274005
3543,5.1e-05,172.31.46.0-255,66,4737,44,274005
3544,5.9e-05,172.217.194.0-255,5738,10475,44,274005
3545,6.2e-05,172.31.46.0-255,66,10541,44,274005
3546,0.000105,172.217.194.0-255,3465,14006,44,274005
3547,0.000108,172.31.46.0-255,66,14072,44,274005
3548,0.000113,172.217.194.0-255,1484,15556,44,274005
3549,0.000115,172.31.46.0-255,66,15622,44,274005
3550,0.000136,172.217.194.0-255,2902,18524,44,274005
3551,0.000139,172.31.46.0-255,66,18590,44,274005
3552,0.000156,172.31.46.0-255,66,18656,44,274005
3553,0.000207,172.217.194.0-255,5738,24394,44,274005
3554,0.00021,172.31.46.0-255,66,24460,44,274005
3555,0.000236,172.217.194.0-255,2543,27003,44,274005
3556,0.000239,172.31.46.0-255,66,27069,44,274005
3557,0.000255,172.31.46.0-255,66,27135,44,274005
3558,0.000259,172.217.194.0-255,2543,29678,44,274005
3559,0.000262,172.31.46.0-255,66,29744,44,274005
3560,0.000362,172.217.194.0-255,1484,31228,44,274005
3561,0.000366,172.31.46.0-255,66,31294,44,274005
3562,0.000372,172.217.194.0-255,2902,34196,44,274005
3563,0.000374,172.31.46.0-255,66,34262,44,274005
3564,0.000385,172.217.194.0-255,5738,40000,44,274005
3565,0.000387,172.31.46.0-255,66,40066,44,274005
3566,0.00041,172.217.194.0-255,1484,41550,44,274005
3567,0.000412,172.31.46.0-255,66,41616,44,274005
3568,0.000442,172.217.194.0-255,5379,46995,44,274005
3569,0.000444,172.31.46.0-255,66,47061,44,274005
3570,0.000447,172.217.194.0-255,368,47429,44,274005
3571,0.000451,172.217.194.0-255,377,47806,44,274005
3572,0.000619,172.217.194.0-255,1484,49290,44,274005
3573,0.000624,172.31.46.0-255,66,49356,44,274005
3574,0.000628,172.217.194.0-255,1484,50840,44,274005
3575,0.000658,172.217.194.0-255,1484,52324,44,274005
3576,0.000661,172.31.46.0-255,66,52390,44,274005
3577,0.000669,172.217.194.0-255,5738,58128,44,274005
3578,0.000671,172.31.46.0-255,66,58194,44,274005
3579,0.000683,172.217.194.0-255,6797,64991,44,274005
3580,0.000686,172.31.46.0-255,66,65057,44,274005
3581,0.000693,172.217.194.0-255,7156,72213,44,274005
3582,0.000697,172.31.46.0-255,66,72279,44,274005
3583,0.000759,172.31.46.0-255,66,72345,44,274005
3584,0.000761,172.217.194.0-255,1125,73470,44,274005
3585,0.001531,172.31.46.0-255,66,73536,44,274005
3586,0.001981,172.217.194.0-255,1484,75020,44,274005
3587,0.001993,172.217.194.0-255,2902,77922,44,274005
3588,0.001998,172.31.46.0-255,66,77988,44,274005
3589,0.002006,172.217.194.0-255,5738,83726,44,274005
3590,0.002009,172.31.46.0-255,66,83792,44,274005
3591,0.00202,172.217.194.0-255,4320,88112,44,274005
3592,0.002023,172.31.46.0-255,66,88178,44,274005
3593,0.002059,172.31.46.0-255,66,88244,44,274005
3594,0.002067,172.217.194.0-255,7156,95400,44,274005
3595,0.00207,172.31.46.0-255,66,95466,44,274005
3596,0.002097,172.217.194.0-255,3602,99068,44,274005
3597,0.0021,172.31.46.0-255,66,99134,44,274005
3598,0.002196,172.217.194.0-255,1484,100618,44,274005
3599,0.002203,172.217.194.0-255,2902,103520,44,274005
3600,0.002206,172.31.46.0-255,66,103586,44,274005
3601,0.002212,172.217.194.0-255,4320,107906,44,274005
3602,0.002214,172.31.46.0-255,66,107972,44,274005
3603,0.002231,172.217.194.0-255,1484,109456,44,274005
3604,0.002239,172.217.194.0-255,7156,116612,44,274005
3605,0.002241,172.31.46.0-255,66,116678,44,274005
3606,0.002261,172.31.46.0-255,66,116744,44,274005
3607,0.00229,172.217.194.0-255,2184,118928,44,274005
3608,0.002293,172.31.46.0-255,66,118994,44,274005
3609,0.002903,172.217.194.0-255,1484,120478,44,274005
3610,0.002911,172.217.194.0-255,2902,123380,44,274005
3611,0.002915,172.31.46.0-255,66,123446,44,274005
3612,0.002936,172.217.194.0-255,2902,126348,44,274005
3613,0.002938,172.31.46.0-255,66,126414,44,274005
3614,0.002943,172.217.194.0-255,4320,130734,44,274005
3615,0.002946,172.31.46.0-255,66,130800,44,274005
3616,0.002951,172.217.194.0-255,2902,133702,44,274005
3617,0.002953,172.31.46.0-255,66,133768,44,274005
3618,0.002956,172.217.194.0-255,1484,135252,44,274005
3619,0.002991,172.31.46.0-255,66,135318,44,274005
3620,0.003023,172.217.194.0-255,5738,141056,44,274005
3621,0.003026,172.31.46.0-255,66,141122,44,274005
3622,0.00303,172.217.194.0-255,2184,143306,44,274005
3623,0.003032,172.31.46.0-255,66,143372,44,274005
3624,0.003159,172.217.194.0-255,1484,144856,44,274005
3625,0.003165,172.217.194.0-255,2902,147758,44,274005
3626,0.003168,172.31.46.0-255,66,147824,44,274005
3627,0.003173,172.217.194.0-255,2902,150726,44,274005
3628,0.003177,172.31.46.0-255,66,150792,44,274005
3629,0.00321,172.217.194.0-255,2902,153694,44,274005
3630,0.003213,172.31.46.0-255,66,153760,44,274005
3631,0.003225,172.31.46.0-255,66,153826,44,274005
3632,0.003242,172.31.46.0-255,66,153892,44,274005
3633,0.003246,172.217.194.0-255,2184,156076,44,274005
3634,0.003248,172.31.46.0-255,66,156142,44,274005
3635,0.003499,172.217.194.0-255,1484,157626,44,274005
3636,0.00352,172.217.194.0-255,2902,160528,44,274005
3637,0.003523,172.31.46.0-255,66,160594,44,274005
3638,0.00353,172.217.194.0-255,5738,166332,44,274005
3639,0.003533,172.31.46.0-255,66,166398,44,274005
3640,0.003548,172.217.194.0-255,5738,172136,44,274005
3641,0.00355,172.31.46.0-255,66,172202,44,274005
3642,0.003581,172.217.194.0-255,7156,179358,44,274005
3643,0.003588,172.31.46.0-255,66,179424,44,274005
3644,0.003599,172.31.46.0-255,66,179490,44,274005
3645,0.003601,172.217.194.0-255,766,180256,44,274005
3646,0.003628,172.217.194.0-255,1484,181740,44,274005
3647,0.003631,172.31.46.0-255,66,181806,44,274005
3648,0.003636,172.217.194.0-255,4320,186126,44,274005
3649,0.003638,172.31.46.0-255,66,186192,44,274005
3650,0.003714,172.31.46.0-255,66,186258,44,274005
3651,0.003731,172.31.46.0-255,66,186324,44,274005
3652,0.003738,172.217.194.0-255,6438,192762,44,274005
3653,0.00374,172.31.46.0-255,66,192828,44,274005
3654,0.003765,172.217.194.0-255,1484,194312,44,274005
3655,0.003785,172.217.194.0-255,2902,197214,44,274005
3656,0.00381,172.217.194.0-255,5738,202952,44,274005
3657,0.003817,172.217.194.0-255,7156,210108,44,274005
3658,0.003843,172.217.194.0-255,7156,217264,44,274005
3659,0.003864,172.217.194.0-255,4320,221584,44,274005
3660,0.003879,172.217.194.0-255,5020,226604,44,274005
3661,0.003923,172.217.194.0-255,1484,228088,44,274005
3662,0.003928,172.217.194.0-255,2902,230990,44,274005
3663,0.003951,172.217.194.0-255,5738,236728,44,274005
3664,0.003954,172.217.194.0-255,1484,238212,44,274005
3665,0.003972,172.217.194.0-255,4320,242532,44,274005
3666,0.00399,172.217.194.0-255,2902,245434,44,274005
3667,0.004019,172.217.194.0-255,5020,250454,44,274005
3668,0.004069,172.217.194.0-255,1484,251938,44,274005
3669,0.004083,172.217.194.0-255,4320,256258,44,274005
3670,0.004103,172.217.194.0-255,5738,261996,44,274005
3671,0.004133,172.217.194.0-255,2310,264306,44,274005
3672,0.004151,172.217.194.0-255,105,264411,44,274005
3673,0.00701,172.31.46.0-255,66,264477,44,274005
3674,0.00924,172.31.46.0-255,101,264578,44,274005
3675,0.00953,172.31.46.0-255,105,264683,44,274005
3676,0.011467,172.217.194.0-255,66,264749,44,274005
3677,0.011788,172.217.194.0-255,66,264815,44,274005
3678,0.04038,172.31.46.0-255,172,264987,44,274005
3679,0.040417,172.31.46.0-255,1115,266102,44,274005
3680,0.040483,172.31.46.0-255,1514,267616,44,274005
3681,0.040486,172.31.46.0-255,1514,269130,44,274005
3682,0.040487,172.31.46.0-255,1514,270644,44,274005
3683,0.040494,172.31.46.0-255,1514,272158,44,274005
3684,0.040495,172.31.46.0-255,1514,273672,44,274005
3685,0.040496,172.31.46.0-255,69,273741,44,274005
3686,0.041934,104.244.42.0-255,66,273807,44,274005
3687,0.041977,104.244.42.0-255,66,273873,44,274005
3688,0.042097,104.244.42.0-255,66,273939,44,274005
3689,0.042103,104.244.42.0-255,66,274005,44,274005
3690,0.0,172.217.194.0-255,154,154,44,236020
3691,1.7e-05,172.31.46.0-255,66,220,44,236020
3692,2.3e-05,172.217.194.0-255,1484,1704,44,236020
3693,2.7e-05,172.31.46.0-255,66,1770,44,236020
3694,3.2e-05,172.217.194.0-255,2902,4672,44,236020
3695,3.5e-05,172.31.46.0-255,66,4738,44,236020
3696,4.2e-05,172.217.194.0-255,7156,11894,44,236020
3697,4.5e-05,172.31.46.0-255,66,11960,44,236020
3698,7e-05,172.217.194.0-255,2075,14035,44,236020
3699,7.2e-05,172.31.46.0-255,66,14101,44,236020
3700,0.000111,172.217.194.0-255,1484,15585,44,236020
3701,0.000113,172.31.46.0-255,66,15651,44,236020
3702,0.000116,172.217.194.0-255,1484,17135,44,236020
3703,0.000118,172.31.46.0-255,66,17201,44,236020
3704,0.000128,172.217.194.0-255,1484,18685,44,236020
3705,0.00013,172.31.46.0-255,66,18751,44,236020
3706,0.000144,172.217.194.0-255,2902,21653,44,236020
3707,0.000146,172.31.46.0-255,66,21719,44,236020
3708,0.000158,172.217.194.0-255,2902,24621,44,236020
3709,0.000161,172.31.46.0-255,66,24687,44,236020
3710,0.000176,172.217.194.0-255,6797,31484,44,236020
3711,0.000178,172.31.46.0-255,66,31550,44,236020
3712,0.000205,172.217.194.0-255,7156,38706,44,236020
3713,0.000208,172.31.46.0-255,66,38772,44,236020
3714,0.00021,172.217.194.0-255,1484,40256,44,236020
3715,0.000212,172.31.46.0-255,66,40322,44,236020
3716,0.000234,172.31.46.0-255,66,40388,44,236020
3717,0.00076,172.217.194.0-255,1484,41872,44,236020
3718,0.000765,172.31.46.0-255,66,41938,44,236020
3719,0.000772,172.217.194.0-255,2902,44840,44,236020
3720,0.000774,172.31.46.0-255,66,44906,44,236020
3721,0.000779,172.217.194.0-255,4320,49226,44,236020
3722,0.000805,172.217.194.0-255,4320,53546,44,236020
3723,0.000818,172.217.194.0-255,5379,58925,44,236020
3724,0.000823,172.217.194.0-255,4320,63245,44,236020
3725,0.000841,172.217.194.0-255,4320,67565,44,236020
3726,0.000884,172.217.194.0-255,5738,73303,44,236020
3727,0.0009,172.217.194.0-255,3124,76427,44,236020
3728,0.000933,172.217.194.0-255,4320,80747,44,236020
3729,0.000946,172.217.194.0-255,1125,81872,44,236020
3730,0.001244,172.217.194.0-255,1484,83356,44,236020
3731,0.001251,172.217.194.0-255,2902,86258,44,236020
3732,0.001264,172.217.194.0-255,2902,89160,44,236020
3733,0.001281,172.217.194.0-255,2902,92062,44,236020
3734,0.001286,172.217.194.0-255,4320,96382,44,236020
3735,0.001317,172.217.194.0-255,5738,102120,44,236020
3736,0.001334,172.217.194.0-255,5020,107140,44,236020
3737,0.00145,172.217.194.0-255,1484,108624,44,236020
3738,0.001454,172.217.194.0-255,1484,110108,44,236020
3739,0.001467,172.217.194.0-255,1484,111592,44,236020
3740,0.001472,172.217.194.0-255,4320,115912,44,236020
3741,0.001484,172.217.194.0-255,1484,117396,44,236020
3742,0.001503,172.217.194.0-255,2902,120298,44,236020
3743,0.001537,172.217.194.0-255,1484,121782,44,236020
3744,0.001607,172.217.194.0-255,3602,125384,44,236020
3745,0.001613,172.217.194.0-255,4320,129704,44,236020
3746,0.001666,172.217.194.0-255,5738,135442,44,236020
3747,0.001679,172.217.194.0-255,766,136208,44,236020
3748,0.001727,172.217.194.0-255,1484,137692,44,236020
3749,0.001742,172.217.194.0-255,2902,140594,44,236020
3750,0.00176,172.217.194.0-255,5738,146332,44,236020
3751,0.001783,172.217.194.0-255,7156,153488,44,236020
3752,0.001807,172.217.194.0-255,4320,157808,44,236020
3753,0.001842,172.217.194.0-255,2184,159992,44,236020
3754,0.001894,172.217.194.0-255,1484,161476,44,236020
3755,0.001913,172.217.194.0-255,2902,164378,44,236020
3756,0.001916,172.217.194.0-255,1484,165862,44,236020
3757,0.001936,172.217.194.0-255,4320,170182,44,236020
3758,0.001942,172.217.194.0-255,4320,174502,44,236020
3759,0.001976,172.217.194.0-255,7156,181658,44,236020
3760,0.001994,172.217.194.0-255,3602,185260,44,236020
3761,0.00202,172.217.194.0-255,4320,189580,44,236020
3762,0.00204,172.217.194.0-255,7156,196736,44,236020
3763,0.002079,172.217.194.0-255,2902,199638,44,236020
3764,0.002099,172.217.194.0-255,7156,206794,44,236020
3765,0.002152,172.217.194.0-255,7156,213950,44,236020
3766,0.002156,172.217.194.0-255,2902,216852,44,236020
3767,0.002261,172.217.194.0-255,5020,221872,44,236020
3768,0.002292,172.217.194.0-255,5829,227701,44,236020
3769,0.002294,172.217.194.0-255,105,227806,44,236020
3770,0.002779,172.31.46.0-255,66,227872,44,236020
3771,0.005337,172.31.46.0-255,105,227977,44,236020
3772,0.007602,172.217.194.0-255,66,228043,44,236020
3773,0.034481,172.31.46.0-255,187,228230,44,236020
3774,0.034507,172.31.46.0-255,979,229209,44,236020
3775,0.034564,172.31.46.0-255,1514,230723,44,236020
3776,0.034566,172.31.46.0-255,1514,232237,44,236020
3777,0.034571,172.31.46.0-255,1514,233751,44,236020
3778,0.034572,172.31.46.0-255,1514,235265,44,236020
3779,0.034588,172.31.46.0-255,491,235756,44,236020
3780,0.036023,104.244.42.0-255,66,235822,44,236020
3781,0.036051,104.244.42.0-255,66,235888,44,236020
3782,0.036131,104.244.42.0-255,66,235954,44,236020
3783,0.036143,104.244.42.0-255,66,236020,44,236020
3784,0.0,74.125.24.0-255,146,146,44,193188
3785,2e-05,172.31.46.0-255,66,212,44,193188
3786,2.7e-05,74.125.24.0-255,1484,1696,44,193188
3787,3.1e-05,172.31.46.0-255,66,1762,44,193188
3788,4.3e-05,74.125.24.0-255,2902,4664,44,193188
3789,4.6e-05,172.31.46.0-255,66,4730,44,193188
3790,5.2e-05,74.125.24.0-255,4320,9050,44,193188
3791,5.5e-05,172.31.46.0-255,66,9116,44,193188
3792,6.2e-05,74.125.24.0-255,4776,13892,44,193188
3793,6.6e-05,172.31.46.0-255,66,13958,44,193188
3794,9.8e-05,172.31.46.0-255,66,14024,44,193188
3795,0.000109,74.125.24.0-255,5379,19403,44,193188
3796,0.000111,172.31.46.0-255,66,19469,44,193188
3797,0.000189,74.125.24.0-255,1484,20953,44,193188
3798,0.000192,172.31.46.0-255,66,21019,44,193188
3799,0.000197,74.125.24.0-255,2902,23921,44,193188
3800,0.000199,172.31.46.0-255,66,23987,44,193188
3801,0.000205,74.125.24.0-255,4320,28307,44,193188
3802,0.000211,172.31.46.0-255,66,28373,44,193188
3803,0.000237,74.125.24.0-255,1484,29857,44,193188
3804,0.00024,172.31.46.0-255,66,29923,44,193188
3805,0.000258,172.31.46.0-255,66,29989,44,193188
3806,0.000265,74.125.24.0-255,7156,37145,44,193188
3807,0.000268,172.31.46.0-255,66,37211,44,193188
3808,0.000295,74.125.24.0-255,1484,38695,44,193188
3809,0.000297,172.31.46.0-255,66,38761,44,193188
3810,0.000321,74.125.24.0-255,1434,40195,44,193188
3811,0.000323,172.31.46.0-255,66,40261,44,193188
3812,0.000326,74.125.24.0-255,114,40375,44,193188
3813,0.000329,172.31.46.0-255,66,40441,44,193188
3814,0.000439,74.125.24.0-255,1484,41925,44,193188
3815,0.000446,74.125.24.0-255,2902,44827,44,193188
3816,0.000449,172.31.46.0-255,66,44893,44,193188
3817,0.00048,74.125.24.0-255,5738,50631,44,193188
3818,0.000483,172.31.46.0-255,66,50697,44,193188
3819,0.000494,172.31.46.0-255,66,50763,44,193188
3820,0.000525,74.125.24.0-255,3961,54724,44,193188
3821,0.000528,172.31.46.0-255,66,54790,44,193188
3822,0.000538,172.31.46.0-255,66,54856,44,193188
3823,0.000545,74.125.24.0-255,1368,56224,44,193188
3824,0.00057,74.125.24.0-255,1484,57708,44,193188
3825,0.000572,172.31.46.0-255,66,57774,44,193188
3826,0.000603,74.125.24.0-255,4320,62094,44,193188
3827,0.000606,172.31.46.0-255,66,62160,44,193188
3828,0.000612,74.125.24.0-255,5738,67898,44,193188
3829,0.000615,172.31.46.0-255,66,67964,44,193188
3830,0.000627,74.125.24.0-255,7156,75120,44,193188
3831,0.000629,172.31.46.0-255,66,75186,44,193188
3832,0.000669,172.31.46.0-255,66,75252,44,193188
3833,0.000672,74.125.24.0-255,766,76018,44,193188
3834,0.000709,74.125.24.0-255,1484,77502,44,193188
3835,0.000712,172.31.46.0-255,66,77568,44,193188
3836,0.000717,74.125.24.0-255,2902,80470,44,193188
3837,0.00072,172.31.46.0-255,66,80536,44,193188
3838,0.000754,74.125.24.0-255,5738,86274,44,193188
3839,0.000757,172.31.46.0-255,66,86340,44,193188
3840,0.00077,172.31.46.0-255,66,86406,44,193188
3841,0.000781,74.125.24.0-255,5738,92144,44,193188
3842,0.000784,172.31.46.0-255,66,92210,44,193188
3843,0.00081,74.125.24.0-255,2902,95112,44,193188
3844,0.000814,172.31.46.0-255,66,95178,44,193188
3845,0.000822,74.125.24.0-255,2184,97362,44,193188
3846,0.000825,172.31.46.0-255,66,97428,44,193188
3847,0.000836,74.125.24.0-255,5738,103166,44,193188
3848,0.000838,172.31.46.0-255,66,103232,44,193188
3849,0.000863,74.125.24.0-255,2902,106134,44,193188
3850,0.000869,172.31.46.0-255,66,106200,44,193188
3851,0.000903,172.31.46.0-255,66,106266,44,193188
3852,0.000921,172.31.46.0-255,66,106332,44,193188
3853,0.000924,74.125.24.0-255,766,107098,44,193188
3854,0.000976,74.125.24.0-255,1484,108582,44,193188
3855,0.00098,172.31.46.0-255,66,108648,44,193188
3856,0.000985,74.125.24.0-255,2902,111550,44,193188
3857,0.000987,172.31.46.0-255,66,111616,44,193188
3858,0.001015,74.125.24.0-255,5738,117354,44,193188
3859,0.001018,172.31.46.0-255,66,117420,44,193188
3860,0.001067,74.125.24.0-255,5738,123158,44,193188
3861,0.001071,172.31.46.0-255,66,123224,44,193188
3862,0.001101,74.125.24.0-255,4320,127544,44,193188
3863,0.001104,172.31.46.0-255,66,127610,44,193188
3864,0.001122,172.31.46.0-255,66,127676,44,193188
3865,0.001125,74.125.24.0-255,1484,129160,44,193188
3866,0.001129,74.125.24.0-255,2902,132062,44,193188
3867,0.001131,172.31.46.0-255,66,132128,44,193188
3868,0.001137,74.125.24.0-255,5738,137866,44,193188
3869,0.001139,172.31.46.0-255,66,137932,44,193188
3870,0.001142,74.125.24.0-255,1484,139416,44,193188
3871,0.001197,172.31.46.0-255,66,139482,44,193188
3872,0.001216,172.31.46.0-255,66,139548,44,193188
3873,0.001289,74.125.24.0-255,1484,141032,44,193188
3874,0.001295,74.125.24.0-255,2902,143934,44,193188
3875,0.001297,172.31.46.0-255,66,144000,44,193188
3876,0.001305,74.125.24.0-255,5738,149738,44,193188
3877,0.001307,172.31.46.0-255,66,149804,44,193188
3878,0.001317,74.125.24.0-255,4320,154124,44,193188
3879,0.00132,172.31.46.0-255,66,154190,44,193188
3880,0.00136,172.31.46.0-255,66,154256,44,193188
3881,0.001367,74.125.24.0-255,5738,159994,44,193188
3882,0.001369,172.31.46.0-255,66,160060,44,193188
3883,0.001398,74.125.24.0-255,2184,162244,44,193188
3884,0.001401,172.31.46.0-255,66,162310,44,193188
3885,0.00142,74.125.24.0-255,5738,168048,44,193188
3886,0.001423,172.31.46.0-255,66,168114,44,193188
3887,0.001426,74.125.24.0-255,1484,169598,44,193188
3888,0.001455,74.125.24.0-255,5738,175336,44,193188
3889,0.001473,74.125.24.0-255,6438,181774,44,193188
3890,0.001477,172.31.46.0-255,66,181840,44,193188
3891,0.001484,172.31.46.0-255,66,181906,44,193188
3892,0.001487,172.31.46.0-255,66,181972,44,193188
3893,0.001537,172.31.46.0-255,66,182038,44,193188
3894,0.001551,172.31.46.0-255,66,182104,44,193188
3895,0.001579,74.125.24.0-255,1484,183588,44,193188
3896,0.00161,172.31.46.0-255,66,183654,44,193188
3897,0.001613,74.125.24.0-255,105,183759,44,193188
3898,0.004404,172.31.46.0-255,66,183825,44,193188
3899,0.004439,172.31.46.0-255,105,183930,44,193188
3900,0.00691,74.125.24.0-255,66,183996,44,193188
3901,0.034253,172.31.46.0-255,172,184168,44,193188
3902,0.034287,172.31.46.0-255,1113,185281,44,193188
3903,0.034356,172.31.46.0-255,1514,186795,44,193188
3904,0.034358,172.31.46.0-255,1514,188309,44,193188
3905,0.034359,172.31.46.0-255,1514,189823,44,193188
3906,0.034364,172.31.46.0-255,1514,191337,44,193188
3907,0.034365,172.31.46.0-255,1514,192851,44,193188
3908,0.034403,172.31.46.0-255,73,192924,44,193188
3909,0.035801,104.244.42.0-255,66,192990,44,193188
3910,0.035828,104.244.42.0-255,66,193056,44,193188
3911,0.035922,104.244.42.0-255,66,193122,44,193188
3912,0.035947,104.244.42.0-255,66,193188,44,193188
3913,0.0,172.217.194.0-255,150,150,44,308657
3914,2.7e-05,172.31.46.0-255,66,216,44,308657
3915,3.5e-05,172.217.194.0-255,1484,1700,44,308657
3916,4e-05,172.31.46.0-255,66,1766,44,308657
3917,5.2e-05,172.217.194.0-255,2902,4668,44,308657
3918,5.6e-05,172.31.46.0-255,66,4734,44,308657
3919,6.4e-05,172.217.194.0-255,7156,11890,44,308657
3920,6.8e-05,172.31.46.0-255,66,11956,44,308657
3921,7.2e-05,172.217.194.0-255,1937,13893,44,308657
3922,7.5e-05,172.31.46.0-255,66,13959,44,308657
3923,0.000129,172.217.194.0-255,1484,15443,44,308657
3924,0.000132,172.31.46.0-255,66,15509,44,308657
3925,0.000138,172.217.194.0-255,2902,18411,44,308657
3926,0.00014,172.31.46.0-255,66,18477,44,308657
3927,0.000145,172.217.194.0-255,2902,21379,44,308657
3928,0.000148,172.31.46.0-255,66,21445,44,308657
3929,0.000179,172.217.194.0-255,2902,24347,44,308657
3930,0.000181,172.31.46.0-255,66,24413,44,308657
3931,0.000189,172.217.194.0-255,6797,31210,44,308657
3932,0.000196,172.31.46.0-255,66,31276,44,308657
3933,0.000224,172.217.194.0-255,7156,38432,44,308657
3934,0.000227,172.31.46.0-255,66,38498,44,308657
3935,0.000251,172.217.194.0-255,7156,45654,44,308657
3936,0.000254,172.31.46.0-255,66,45720,44,308657
3937,0.000258,172.217.194.0-255,2543,48263,44,308657
3938,0.00026,172.31.46.0-255,66,48329,44,308657
3939,0.000298,172.217.194.0-255,4320,52649,44,308657
3940,0.000304,172.217.194.0-255,5738,58387,44,308657
3941,0.000308,172.31.46.0-255,66,58453,44,308657
3942,0.000315,172.31.46.0-255,66,58519,44,308657
3943,0.000343,172.217.194.0-255,6797,65316,44,308657
3944,0.000346,172.31.46.0-255,66,65382,44,308657
3945,0.000381,172.31.46.0-255,66,65448,44,308657
3946,0.000391,172.31.46.0-255,66,65514,44,308657
3947,0.000438,172.217.194.0-255,4320,69834,44,308657
3948,0.00044,172.31.46.0-255,66,69900,44,308657
3949,0.00047,172.217.194.0-255,5379,75279,44,308657
3950,0.000472,172.31.46.0-255,66,75345,44,308657
3951,0.000516,172.31.46.0-255,66,75411,44,308657
3952,0.000839,172.217.194.0-255,1484,76895,44,308657
3953,0.000848,172.217.194.0-255,2902,79797,44,308657
3954,0.000851,172.31.46.0-255,66,79863,44,308657
3955,0.000858,172.217.194.0-255,5738,85601,44,308657
3956,0.00086,172.31.46.0-255,66,85667,44,308657
3957,0.000899,172.31.46.0-255,66,85733,44,308657
3958,0.000906,172.217.194.0-255,7156,92889,44,308657
3959,0.000909,172.31.46.0-255,66,92955,44,308657
3960,0.000935,172.217.194.0-255,2902,95857,44,308657
3961,0.000938,172.31.46.0-255,66,95923,44,308657
3962,0.000963,172.217.194.0-255,766,96689,44,308657
3963,0.001012,172.217.194.0-255,1484,98173,44,308657
3964,0.001016,172.31.46.0-255,66,98239,44,308657
3965,0.001019,172.217.194.0-255,1484,99723,44,308657
3966,0.001047,172.217.194.0-255,1484,101207,44,308657
3967,0.00105,172.31.46.0-255,66,101273,44,308657
3968,0.001057,172.217.194.0-255,5738,107011,44,308657
3969,0.00106,172.31.46.0-255,66,107077,44,308657
3970,0.001066,172.217.194.0-255,5738,112815,44,308657
3971,0.001069,172.31.46.0-255,66,112881,44,308657
3972,0.001087,172.31.46.0-255,66,112947,44,308657
3973,0.001126,172.217.194.0-255,1484,114431,44,308657
3974,0.001149,172.217.194.0-255,3602,118033,44,308657
3975,0.001152,172.31.46.0-255,66,118099,44,308657
3976,0.001302,172.217.194.0-255,1484,119583,44,308657
3977,0.001307,172.217.194.0-255,2902,122485,44,308657
3978,0.00132,172.31.46.0-255,66,122551,44,308657
3979,0.001327,172.217.194.0-255,5738,128289,44,308657
3980,0.00133,172.31.46.0-255,66,128355,44,308657
3981,0.001337,172.217.194.0-255,1484,129839,44,308657
3982,0.001371,172.217.194.0-255,7156,136995,44,308657
3983,0.001374,172.31.46.0-255,66,137061,44,308657
3984,0.001402,172.217.194.0-255,4320,141381,44,308657
3985,0.001405,172.31.46.0-255,66,141447,44,308657
3986,0.001443,172.31.46.0-255,66,141513,44,308657
3987,0.001954,172.217.194.0-255,1484,142997,44,308657
3988,0.001963,172.217.194.0-255,2902,145899,44,308657
3989,0.001969,172.31.46.0-255,66,145965,44,308657
3990,0.001977,172.217.194.0-255,4320,150285,44,308657
3991,0.00198,172.31.46.0-255,66,150351,44,308657
3992,0.001998,172.217.194.0-255,1484,151835,44,308657
3993,0.00203,172.31.46.0-255,66,151901,44,308657
3994,0.002072,172.217.194.0-255,7156,159057,44,308657
3995,0.002076,172.31.46.0-255,66,159123,44,308657
3996,0.002103,172.217.194.0-255,3602,162725,44,308657
3997,0.002106,172.31.46.0-255,66,162791,44,308657
3998,0.002229,172.217.194.0-255,1484,164275,44,308657
3999,0.002244,172.217.194.0-255,2902,167177,44,308657
4000,0.002247,172.31.46.0-255,66,167243,44,308657
4001,0.002252,172.217.194.0-255,2902,170145,44,308657
4002,0.002254,172.31.46.0-255,66,170211,44,308657
4003,0.002284,172.217.194.0-255,7156,177367,44,308657
4004,0.002287,172.31.46.0-255,66,177433,44,308657
4005,0.00229,172.217.194.0-255,1484,178917,44,308657
4006,0.004556,172.217.194.0-255,4320,183237,44,308657
4007,0.004561,172.31.46.0-255,66,183303,44,308657
4008,0.006812,172.217.194.0-255,5738,189041,44,308657
4009,0.00682,172.31.46.0-255,66,189107,44,308657
4010,0.00906,172.217.194.0-255,5738,194845,44,308657
4011,0.009064,172.31.46.0-255,66,194911,44,308657
4012,0.011322,172.217.194.0-255,5738,200649,44,308657
4013,0.011329,172.31.46.0-255,66,200715,44,308657
4014,0.01357,172.217.194.0-255,5738,206453,44,308657
4015,0.013577,172.31.46.0-255,66,206519,44,308657
4016,0.015864,172.217.194.0-255,5738,212257,44,308657
4017,0.015873,172.31.46.0-255,66,212323,44,308657
4018,0.018138,172.217.194.0-255,5738,218061,44,308657
4019,0.018154,172.31.46.0-255,66,218127,44,308657
4020,0.020437,172.217.194.0-255,5738,223865,44,308657
4021,0.020445,172.31.46.0-255,66,223931,44,308657
4022,0.022714,172.217.194.0-255,5738,229669,44,308657
4023,0.022722,172.31.46.0-255,66,229735,44,308657
4024,0.024984,172.217.194.0-255,5738,235473,44,308657
4025,0.024991,172.31.46.0-255,66,235539,44,308657
4026,0.027228,172.217.194.0-255,5738,241277,44,308657
4027,0.027235,172.31.46.0-255,66,241343,44,308657
4028,0.029483,172.217.194.0-255,5738,247081,44,308657
4029,0.02949,172.31.46.0-255,66,247147,44,308657
4030,0.031739,172.217.194.0-255,5738,252885,44,308657
4031,0.031745,172.31.46.0-255,66,252951,44,308657
4032,0.033989,172.217.194.0-255,5738,258689,44,308657
4033,0.033998,172.31.46.0-255,66,258755,44,308657
4034,0.03626,172.217.194.0-255,5738,264493,44,308657
4035,0.03627,172.31.46.0-255,66,264559,44,308657
4036,0.038518,172.217.194.0-255,1484,266043,44,308657
4037,0.038538,172.217.194.0-255,4320,270363,44,308657
4038,0.038543,172.31.46.0-255,66,270429,44,308657
4039,0.039414,172.31.46.0-255,190,270619,44,308657
4040,0.039446,172.31.46.0-255,1109,271728,44,308657
4041,0.039512,172.31.46.0-255,1514,273242,44,308657
4042,0.039514,172.31.46.0-255,1514,274756,44,308657
4043,0.03952,172.31.46.0-255,1514,276270,44,308657
4044,0.039522,172.31.46.0-255,1514,277784,44,308657
4045,0.039541,172.31.46.0-255,1514,279298,44,308657
4046,0.039547,172.31.46.0-255,75,279373,44,308657
4047,0.040832,172.217.194.0-255,5738,285111,44,308657
4048,0.04084,172.31.46.0-255,66,285177,44,308657
4049,0.040948,104.244.42.0-255,66,285243,44,308657
4050,0.04101,104.244.42.0-255,66,285309,44,308657
4051,0.041114,104.244.42.0-255,66,285375,44,308657
4052,0.04112,104.244.42.0-255,66,285441,44,308657
4053,0.043106,172.217.194.0-255,5738,291179,44,308657
4054,0.043113,172.31.46.0-255,66,291245,44,308657
4055,0.045396,172.217.194.0-255,5738,296983,44,308657
4056,0.045403,172.31.46.0-255,66,297049,44,308657
4057,0.047662,172.217.194.0-255,5738,302787,44,308657
4058,0.047669,172.31.46.0-255,66,302853,44,308657
4059,0.049943,172.217.194.0-255,5738,308591,44,308657
4060,0.04995,172.31.46.0-255,66,308657,44,308657
4061,0.0,74.125.130.0-255,152,152,44,280175
4062,2.4e-05,172.31.46.0-255,66,218,44,280175
4063,5.9e-05,74.125.130.0-255,1484,1702,44,280175
4064,6.5e-05,172.31.46.0-255,66,1768,44,280175
4065,7.2e-05,74.125.130.0-255,2902,4670,44,280175
4066,7.5e-05,172.31.46.0-255,66,4736,44,280175
4067,8.2e-05,74.125.130.0-255,2902,7638,44,280175
4068,8.5e-05,172.31.46.0-255,66,7704,44,280175
4069,9.1e-05,74.125.130.0-255,2902,10606,44,280175
4070,9.4e-05,172.31.46.0-255,66,10672,44,280175
4071,0.000121,74.125.130.0-255,1484,12156,44,280175
4072,0.000124,172.31.46.0-255,66,12222,44,280175
4073,0.00013,74.125.130.0-255,4320,16542,44,280175
4074,0.000133,172.31.46.0-255,66,16608,44,280175
4075,0.000167,74.125.130.0-255,4931,21539,44,280175
4076,0.00017,172.31.46.0-255,66,21605,44,280175
4077,0.000176,74.125.130.0-255,4320,25925,44,280175
4078,0.000178,172.31.46.0-255,66,25991,44,280175
4079,0.000205,74.125.130.0-255,2902,28893,44,280175
4080,0.000208,172.31.46.0-255,66,28959,44,280175
4081,0.000231,74.125.130.0-255,2543,31502,44,280175
4082,0.000234,172.31.46.0-255,66,31568,44,280175
4083,0.000329,74.125.130.0-255,1484,33052,44,280175
4084,0.000335,172.31.46.0-255,66,33118,44,280175
4085,0.000344,74.125.130.0-255,1484,34602,44,280175
4086,0.000346,172.31.46.0-255,66,34668,44,280175
4087,0.000351,74.125.130.0-255,2902,37570,44,280175
4088,0.000354,172.31.46.0-255,66,37636,44,280175
4089,0.00039,74.125.130.0-255,5738,43374,44,280175
4090,0.000392,172.31.46.0-255,66,43440,44,280175
4091,0.000396,74.125.130.0-255,1484,44924,44,280175
4092,0.000397,172.31.46.0-255,66,44990,44,280175
4093,0.000419,74.125.130.0-255,1484,46474,44,280175
4094,0.000443,74.125.130.0-255,3961,50435,44,280175
4095,0.000446,172.31.46.0-255,66,50501,44,280175
4096,0.000455,74.125.130.0-255,7156,57657,44,280175
4097,0.000458,172.31.46.0-255,66,57723,44,280175
4098,0.000463,74.125.130.0-255,2902,60625,44,280175
4099,0.000464,172.31.46.0-255,66,60691,44,280175
4100,0.000497,74.125.130.0-255,5631,66322,44,280175
4101,0.000501,172.31.46.0-255,66,66388,44,280175
4102,0.000504,74.125.130.0-255,119,66507,44,280175
4103,0.000525,74.125.130.0-255,382,66889,44,280175
4104,0.000677,74.125.130.0-255,1484,68373,44,280175
4105,0.000683,172.31.46.0-255,66,68439,44,280175
4106,0.000689,74.125.130.0-255,2902,71341,44,280175
4107,0.000692,172.31.46.0-255,66,71407,44,280175
4108,0.000701,74.125.130.0-255,2902,74309,44,280175
4109,0.000703,172.31.46.0-255,66,74375,44,280175
4110,0.000706,74.125.130.0-255,1484,75859,44,280175
4111,0.000738,74.125.130.0-255,2902,78761,44,280175
4112,0.000741,172.31.46.0-255,66,78827,44,280175
4113,0.000746,74.125.130.0-255,4320,83147,44,280175
4114,0.000749,172.31.46.0-255,66,83213,44,280175
4115,0.000783,74.125.130.0-255,4320,87533,44,280175
4116,0.000786,172.31.46.0-255,66,87599,44,280175
4117,0.000799,172.31.46.0-255,66,87665,44,280175
4118,0.000804,74.125.130.0-255,3602,91267,44,280175
4119,0.000806,172.31.46.0-255,66,91333,44,280175
4120,0.001598,74.125.130.0-255,1484,92817,44,280175
4121,0.001641,74.125.130.0-255,2902,95719,44,280175
4122,0.001646,172.31.46.0-255,66,95785,44,280175
4123,0.001689,74.125.130.0-255,1484,97269,44,280175
4124,0.001694,74.125.130.0-255,2902,100171,44,280175
4125,0.001696,172.31.46.0-255,66,100237,44,280175
4126,0.001702,74.125.130.0-255,2902,103139,44,280175
4127,0.001704,172.31.46.0-255,66,103205,44,280175
4128,0.001734,74.125.130.0-255,2902,106107,44,280175
4129,0.001737,172.31.46.0-255,66,106173,44,280175
4130,0.001744,74.125.130.0-255,7156,113329,44,280175
4131,0.001746,172.31.46.0-255,66,113395,44,280175
4132,0.001771,74.125.130.0-255,4320,117715,44,280175
4133,0.001773,172.31.46.0-255,66,117781,44,280175
4134,0.001798,74.125.130.0-255,5738,123519,44,280175
4135,0.0018,172.31.46.0-255,66,123585,44,280175
4136,0.001822,74.125.130.0-255,2184,125769,44,280175
4137,0.001824,172.31.46.0-255,66,125835,44,280175
4138,0.0019,74.125.130.0-255,1484,127319,44,280175
4139,0.001913,74.125.130.0-255,1484,128803,44,280175
4140,0.001916,172.31.46.0-255,66,128869,44,280175
4141,0.00194,74.125.130.0-255,1484,130353,44,280175
4142,0.001947,74.125.130.0-255,5738,136091,44,280175
4143,0.00195,172.31.46.0-255,66,136157,44,280175
4144,0.001953,74.125.130.0-255,1484,137641,44,280175
4145,0.001983,172.31.46.0-255,66,137707,44,280175
4146,0.002018,74.125.130.0-255,7156,144863,44,280175
4147,0.002021,172.31.46.0-255,66,144929,44,280175
4148,0.002061,74.125.130.0-255,3602,148531,44,280175
4149,0.002065,172.31.46.0-255,66,148597,44,280175
4150,0.002213,74.125.130.0-255,1484,150081,44,280175
4151,0.002259,74.125.130.0-255,2902,152983,44,280175
4152,0.002263,172.31.46.0-255,66,153049,44,280175
4153,0.002289,74.125.130.0-255,4320,157369,44,280175
4154,0.002292,172.31.46.0-255,66,157435,44,280175
4155,0.002324,172.31.46.0-255,66,157501,44,280175
4156,0.002361,172.31.46.0-255,66,157567,44,280175
4157,0.002369,74.125.130.0-255,6438,164005,44,280175
4158,0.002371,172.31.46.0-255,66,164071,44,280175
4159,0.004978,74.125.130.0-255,2902,166973,44,280175
4160,0.004985,172.31.46.0-255,66,167039,44,280175
4161,0.005013,74.125.130.0-255,2902,169941,44,280175
4162,0.005016,172.31.46.0-255,66,170007,44,280175
4163,0.007579,74.125.130.0-255,2902,172909,44,280175
4164,0.007585,172.31.46.0-255,66,172975,44,280175
4165,0.007614,74.125.130.0-255,2902,175877,44,280175
4166,0.007617,172.31.46.0-255,66,175943,44,280175
4167,0.010183,74.125.130.0-255,2902,178845,44,280175
4168,0.01019,172.31.46.0-255,66,178911,44,280175
4169,0.010218,74.125.130.0-255,2902,181813,44,280175
4170,0.010222,172.31.46.0-255,66,181879,44,280175
4171,0.01277,74.125.130.0-255,2902,184781,44,280175
4172,0.012778,172.31.46.0-255,66,184847,44,280175
4173,0.012807,74.125.130.0-255,2902,187749,44,280175
4174,0.01281,172.31.46.0-255,66,187815,44,280175
4175,0.015363,74.125.130.0-255,2902,190717,44,280175
4176,0.01537,172.31.46.0-255,66,190783,44,280175
4177,0.015399,74.125.130.0-255,2902,193685,44,280175
4178,0.015402,172.31.46.0-255,66,193751,44,280175
4179,0.018052,74.125.130.0-255,2902,196653,44,280175
4180,0.01806,172.31.46.0-255,66,196719,44,280175
4181,0.018087,74.125.130.0-255,2902,199621,44,280175
4182,0.01809,172.31.46.0-255,66,199687,44,280175
4183,0.020664,74.125.130.0-255,2902,202589,44,280175
4184,0.020675,172.31.46.0-255,66,202655,44,280175
4185,0.02071,74.125.130.0-255,2902,205557,44,280175
4186,0.020713,172.31.46.0-255,66,205623,44,280175
4187,0.023275,74.125.130.0-255,2902,208525,44,280175
4188,0.023284,172.31.46.0-255,66,208591,44,280175
4189,0.023317,74.125.130.0-255,2902,211493,44,280175
4190,0.023321,172.31.46.0-255,66,211559,44,280175
4191,0.025874,74.125.130.0-255,2902,214461,44,280175
4192,0.025881,172.31.46.0-255,66,214527,44,280175
4193,0.025907,74.125.130.0-255,2902,217429,44,280175
4194,0.02591,172.31.46.0-255,66,217495,44,280175
4195,0.028467,74.125.130.0-255,2902,220397,44,280175
4196,0.028475,172.31.46.0-255,66,220463,44,280175
4197,0.028501,74.125.130.0-255,2902,223365,44,280175
4198,0.028504,172.31.46.0-255,66,223431,44,280175
4199,0.03106,74.125.130.0-255,2902,226333,44,280175
4200,0.031068,172.31.46.0-255,66,226399,44,280175
4201,0.031097,74.125.130.0-255,2902,229301,44,280175
4202,0.0311,172.31.46.0-255,66,229367,44,280175
4203,0.033666,74.125.130.0-255,2902,232269,44,280175
4204,0.033675,172.31.46.0-255,66,232335,44,280175
4205,0.033702,74.125.130.0-255,2902,235237,44,280175
4206,0.033705,172.31.46.0-255,66,235303,44,280175
4207,0.036276,74.125.130.0-255,2902,238205,44,280175
4208,0.036287,172.31.46.0-255,66,238271,44,280175
4209,0.036318,74.125.130.0-255,2902,241173,44,280175
4210,0.036323,172.31.46.0-255,66,241239,44,280175
4211,0.037168,172.31.46.0-255,172,241411,44,280175
4212,0.037197,172.31.46.0-255,1114,242525,44,280175
4213,0.037257,172.31.46.0-255,1514,244039,44,280175
4214,0.037258,172.31.46.0-255,1514,245553,44,280175
4215,0.03726,172.31.46.0-255,1514,247067,44,280175
4216,0.03726,172.31.46.0-255,1514,248581,44,280175
4217,0.037287,172.31.46.0-255,1514,250095,44,280175
4218,0.037288,172.31.46.0-255,70,250165,44,280175
4219,0.038736,104.244.42.0-255,66,250231,44,280175
4220,0.038744,104.244.42.0-255,66,250297,44,280175
4221,0.03883,104.244.42.0-255,66,250363,44,280175
4222,0.038833,104.244.42.0-255,66,250429,44,280175
4223,0.038884,74.125.130.0-255,2902,253331,44,280175
4224,0.038888,172.31.46.0-255,66,253397,44,280175
4225,0.03896,74.125.130.0-255,2902,256299,44,280175
4226,0.038965,172.31.46.0-255,66,256365,44,280175
4227,0.041472,74.125.130.0-255,2902,259267,44,280175
4228,0.04149,172.31.46.0-255,66,259333,44,280175
4229,0.041551,74.125.130.0-255,2902,262235,44,280175
4230,0.041558,172.31.46.0-255,66,262301,44,280175
4231,0.044069,74.125.130.0-255,2902,265203,44,280175
4232,0.044074,172.31.46.0-255,66,265269,44,280175
4233,0.044129,74.125.130.0-255,2902,268171,44,280175
4234,0.044133,172.31.46.0-255,66,268237,44,280175
4235,0.046657,74.125.130.0-255,2902,271139,44,280175
4236,0.046661,172.31.46.0-255,66,271205,44,280175
4237,0.046713,74.125.130.0-255,1484,272689,44,280175
4238,0.046727,74.125.130.0-255,1484,274173,44,280175
4239,0.04673,172.31.46.0-255,66,274239,44,280175
4240,0.049251,74.125.130.0-255,2902,277141,44,280175
4241,0.049255,172.31.46.0-255,66,277207,44,280175
4242,0.049318,74.125.130.0-255,2902,280109,44,280175
4243,0.049322,172.31.46.0-255,66,280175,44,280175
4244,0.0,74.125.24.0-255,153,153,44,198489
4245,1.4e-05,172.31.46.0-255,66,219,44,198489
4246,2e-05,74.125.24.0-255,1484,1703,44,198489
4247,2.4e-05,172.31.46.0-255,66,1769,44,198489
4248,2.9e-05,74.125.24.0-255,2902,4671,44,198489
4249,3.2e-05,172.31.46.0-255,66,4737,44,198489
4250,4.5e-05,74.125.24.0-255,7156,11893,44,198489
4251,4.7e-05,172.31.46.0-255,66,11959,44,198489
4252,5.1e-05,74.125.24.0-255,3357,15316,44,198489
4253,5.3e-05,172.31.46.0-255,66,15382,44,198489
4254,5.6e-05,74.125.24.0-255,1484,16866,44,198489
4255,5.8e-05,172.31.46.0-255,66,16932,44,198489
4256,8e-05,172.31.46.0-255,66,16998,44,198489
4257,0.000103,74.125.24.0-255,2902,19900,44,198489
4258,0.000105,172.31.46.0-255,66,19966,44,198489
4259,0.000114,74.125.24.0-255,2543,22509,44,198489
4260,0.000116,172.31.46.0-255,66,22575,44,198489
4261,0.000301,74.125.24.0-255,1484,24059,44,198489
4262,0.000305,172.31.46.0-255,66,24125,44,198489
4263,0.000311,74.125.24.0-255,2902,27027,44,198489
4264,0.000313,172.31.46.0-255,66,27093,44,198489
4265,0.000335,74.125.24.0-255,5738,32831,44,198489
4266,0.000337,172.31.46.0-255,66,32897,44,198489
4267,0.000373,74.125.24.0-255,2902,35799,44,198489
4268,0.000375,172.31.46.0-255,66,35865,44,198489
4269,0.00038,74.125.24.0-255,3961,39826,44,198489
4270,0.000382,172.31.46.0-255,66,39892,44,198489
4271,0.000423,74.125.24.0-255,1484,41376,44,198489
4272,0.000425,172.31.46.0-255,66,41442,44,198489
4273,0.000441,74.125.24.0-255,2902,44344,44,198489
4274,0.000444,172.31.46.0-255,66,44410,44,198489
4275,0.000447,74.125.24.0-255,1484,45894,44,198489
4276,0.000474,74.125.24.0-255,4320,50214,44,198489
4277,0.000476,172.31.46.0-255,66,50280,44,198489
4278,0.0005,74.125.24.0-255,7130,57410,44,198489
4279,0.000503,172.31.46.0-255,66,57476,44,198489
4280,0.000624,74.125.24.0-255,110,57586,44,198489
4281,0.000674,74.125.24.0-255,331,57917,44,198489
4282,0.001077,172.31.46.0-255,66,57983,44,198489
4283,0.001245,74.125.24.0-255,1484,59467,44,198489
4284,0.001254,74.125.24.0-255,2902,62369,44,198489
4285,0.001257,172.31.46.0-255,66,62435,44,198489
4286,0.001287,74.125.24.0-255,5738,68173,44,198489
4287,0.00129,172.31.46.0-255,66,68239,44,198489
4288,0.001319,74.125.24.0-255,2902,71141,44,198489
4289,0.001321,172.31.46.0-255,66,71207,44,198489
4290,0.001354,172.31.46.0-255,66,71273,44,198489
4291,0.001366,172.31.46.0-255,66,71339,44,198489
4292,0.002357,74.125.24.0-255,1484,72823,44,198489
4293,0.002365,74.125.24.0-255,2902,75725,44,198489
4294,0.00237,172.31.46.0-255,66,75791,44,198489
4295,0.002377,74.125.24.0-255,4320,80111,44,198489
4296,0.002379,172.31.46.0-255,66,80177,44,198489
4297,0.002401,74.125.24.0-255,1484,81661,44,198489
4298,0.002417,172.31.46.0-255,66,81727,44,198489
4299,0.004793,74.125.24.0-255,5738,87465,44,198489
4300,0.004798,172.31.46.0-255,66,87531,44,198489
4301,0.007183,74.125.24.0-255,5738,93269,44,198489
4302,0.007189,172.31.46.0-255,66,93335,44,198489
4303,0.00959,74.125.24.0-255,5738,99073,44,198489
4304,0.009598,172.31.46.0-255,66,99139,44,198489
4305,0.012008,74.125.24.0-255,5738,104877,44,198489
4306,0.012015,172.31.46.0-255,66,104943,44,198489
4307,0.014416,74.125.24.0-255,5738,110681,44,198489
4308,0.014425,172.31.46.0-255,66,110747,44,198489
4309,0.016816,74.125.24.0-255,5738,116485,44,198489
4310,0.016824,172.31.46.0-255,66,116551,44,198489
4311,0.019205,74.125.24.0-255,5738,122289,44,198489
4312,0.019214,172.31.46.0-255,66,122355,44,198489
4313,0.021589,74.125.24.0-255,5738,128093,44,198489
4314,0.021596,172.31.46.0-255,66,128159,44,198489
4315,0.023989,74.125.24.0-255,5738,133897,44,198489
4316,0.023996,172.31.46.0-255,66,133963,44,198489
4317,0.026356,74.125.24.0-255,5738,139701,44,198489
4318,0.026363,172.31.46.0-255,66,139767,44,198489
4319,0.028037,172.31.46.0-255,172,139939,44,198489
4320,0.028069,172.31.46.0-255,1113,141052,44,198489
4321,0.028138,172.31.46.0-255,1514,142566,44,198489
4322,0.02814,172.31.46.0-255,1514,144080,44,198489
4323,0.028141,172.31.46.0-255,1514,145594,44,198489
4324,0.028142,172.31.46.0-255,1514,147108,44,198489
4325,0.02817,172.31.46.0-255,1514,148622,44,198489
4326,0.028171,172.31.46.0-255,71,148693,44,198489
4327,0.028753,74.125.24.0-255,5738,154431,44,198489
4328,0.02876,172.31.46.0-255,66,154497,44,198489
4329,0.029604,104.244.42.0-255,66,154563,44,198489
4330,0.029613,104.244.42.0-255,66,154629,44,198489
4331,0.029715,104.244.42.0-255,66,154695,44,198489
4332,0.029719,104.244.42.0-255,66,154761,44,198489
4333,0.031194,74.125.24.0-255,5738,160499,44,198489
4334,0.0312,172.31.46.0-255,66,160565,44,198489
4335,0.033575,74.125.24.0-255,5738,166303,44,198489
4336,0.033581,172.31.46.0-255,66,166369,44,198489
4337,0.035976,74.125.24.0-255,5738,172107,44,198489
4338,0.035982,172.31.46.0-255,66,172173,44,198489
4339,0.038345,74.125.24.0-255,5738,177911,44,198489
4340,0.038351,172.31.46.0-255,66,177977,44,198489
4341,0.040733,74.125.24.0-255,4320,182297,44,198489
4342,0.040752,172.31.46.0-255,66,182363,44,198489
4343,0.040774,74.125.24.0-255,1484,183847,44,198489
4344,0.043167,74.125.24.0-255,4320,188167,44,198489
4345,0.043171,172.31.46.0-255,66,188233,44,198489
4346,0.045562,74.125.24.0-255,4320,192553,44,198489
4347,0.045566,172.31.46.0-255,66,192619,44,198489
4348,0.045593,74.125.24.0-255,1484,194103,44,198489
4349,0.047939,74.125.24.0-255,4320,198423,44,198489
4350,0.047945,172.31.46.0-255,66,198489,44,198489
4351,0.0,74.125.68.0-255,290,290,44,280605
4352,2.6e-05,172.31.46.0-255,66,356,44,280605
4353,3.2e-05,74.125.68.0-255,1484,1840,44,280605
4354,3.6e-05,172.31.46.0-255,66,1906,44,280605
4355,4.4e-05,74.125.68.0-255,4320,6226,44,280605
4356,4.7e-05,172.31.46.0-255,66,6292,44,280605
4357,7.4e-05,74.125.68.0-255,5738,12030,44,280605
4358,7.7e-05,172.31.46.0-255,66,12096,44,280605
4359,8.1e-05,74.125.68.0-255,1774,13870,44,280605
4360,8.3e-05,172.31.46.0-255,66,13936,44,280605
4361,0.00021,74.125.68.0-255,1484,15420,44,280605
4362,0.000214,172.31.46.0-255,66,15486,44,280605
4363,0.000231,74.125.68.0-255,1484,16970,44,280605
4364,0.000234,172.31.46.0-255,66,17036,44,280605
4365,0.000238,74.125.68.0-255,1484,18520,44,280605
4366,0.00024,172.31.46.0-255,66,18586,44,280605
4367,0.000253,74.125.68.0-255,1484,20070,44,280605
4368,0.000255,172.31.46.0-255,66,20136,44,280605
4369,0.000289,74.125.68.0-255,2902,23038,44,280605
4370,0.000292,172.31.46.0-255,66,23104,44,280605
4371,0.000328,74.125.68.0-255,4320,27424,44,280605
4372,0.000331,172.31.46.0-255,66,27490,44,280605
4373,0.000379,74.125.68.0-255,1484,28974,44,280605
4374,0.000382,172.31.46.0-255,66,29040,44,280605
4375,0.0004,74.125.68.0-255,2543,31583,44,280605
4376,0.000403,172.31.46.0-255,66,31649,44,280605
4377,0.000411,74.125.68.0-255,4320,35969,44,280605
4378,0.000413,172.31.46.0-255,66,36035,44,280605
4379,0.000441,74.125.68.0-255,1484,37519,44,280605
4380,0.000444,172.31.46.0-255,66,37585,44,280605
4381,0.000459,74.125.68.0-255,2902,40487,44,280605
4382,0.000462,172.31.46.0-255,66,40553,44,280605
4383,0.000486,74.125.68.0-255,2902,43455,44,280605
4384,0.000506,74.125.68.0-255,2902,46357,44,280605
4385,0.00052,74.125.68.0-255,1484,47841,44,280605
4386,0.00053,74.125.68.0-255,1125,48966,44,280605
4387,0.00058,172.31.46.0-255,66,49032,44,280605
4388,0.000907,74.125.68.0-255,1484,50516,44,280605
4389,0.000914,74.125.68.0-255,2902,53418,44,280605
4390,0.000917,172.31.46.0-255,66,53484,44,280605
4391,0.000942,74.125.68.0-255,5738,59222,44,280605
4392,0.000958,172.31.46.0-255,66,59288,44,280605
4393,0.000983,74.125.68.0-255,1484,60772,44,280605
4394,0.001,74.125.68.0-255,5379,66151,44,280605
4395,0.001016,172.31.46.0-255,66,66217,44,280605
4396,0.001075,74.125.68.0-255,1484,67701,44,280605
4397,0.001093,74.125.68.0-255,1484,69185,44,280605
4398,0.001095,172.31.46.0-255,66,69251,44,280605
4399,0.001117,74.125.68.0-255,2902,72153,44,280605
4400,0.001123,74.125.68.0-255,5738,77891,44,280605
4401,0.001139,172.31.46.0-255,66,77957,44,280605
4402,0.001158,74.125.68.0-255,2902,80859,44,280605
4403,0.001172,172.31.46.0-255,66,80925,44,280605
4404,0.001177,74.125.68.0-255,4320,85245,44,280605
4405,0.001182,172.31.46.0-255,66,85311,44,280605
4406,0.001223,74.125.68.0-255,4320,89631,44,280605
4407,0.001233,172.31.46.0-255,66,89697,44,280605
4408,0.00125,74.125.68.0-255,4320,94017,44,280605
4409,0.001265,172.31.46.0-255,66,94083,44,280605
4410,0.0013,74.125.68.0-255,6438,100521,44,280605
4411,0.001316,172.31.46.0-255,66,100587,44,280605
4412,0.001334,74.125.68.0-255,1484,102071,44,280605
4413,0.001356,74.125.68.0-255,5738,107809,44,280605
4414,0.001361,172.31.46.0-255,66,107875,44,280605
4415,0.001409,74.125.68.0-255,7156,115031,44,280605
4416,0.001423,74.125.68.0-255,4320,119351,44,280605
4417,0.001454,74.125.68.0-255,4320,123671,44,280605
4418,0.001465,172.31.46.0-255,66,123737,44,280605
4419,0.001533,74.125.68.0-255,2902,126639,44,280605
4420,0.001537,172.31.46.0-255,66,126705,44,280605
4421,0.001571,172.31.46.0-255,66,126771,44,280605
4422,0.001603,74.125.68.0-255,646,127417,44,280605
4423,0.00163,74.125.68.0-255,4320,131737,44,280605
4424,0.001634,172.31.46.0-255,66,131803,44,280605
4425,0.001655,74.125.68.0-255,7156,138959,44,280605
4426,0.001671,172.31.46.0-255,66,139025,44,280605
4427,0.001674,74.125.68.0-255,1484,140509,44,280605
4428,0.001728,74.125.68.0-255,5738,146247,44,280605
4429,0.001737,172.31.46.0-255,66,146313,44,280605
4430,0.001746,74.125.68.0-255,4320,150633,44,280605
4431,0.001757,172.31.46.0-255,66,150699,44,280605
4432,0.001832,172.31.46.0-255,66,150765,44,280605
4433,0.003864,74.125.68.0-255,5738,156503,44,280605
4434,0.003873,172.31.46.0-255,66,156569,44,280605
4435,0.005886,74.125.68.0-255,5738,162307,44,280605
4436,0.007856,172.31.46.0-255,66,162373,44,280605
4437,0.009906,74.125.68.0-255,5738,168111,44,280605
4438,0.009917,172.31.46.0-255,66,168177,44,280605
4439,0.011947,74.125.68.0-255,5738,173915,44,280605
4440,0.015123,172.31.46.0-255,66,173981,44,280605
4441,0.01717,74.125.68.0-255,5738,179719,44,280605
4442,0.017186,172.31.46.0-255,66,179785,44,280605
4443,0.019208,74.125.68.0-255,5738,185523,44,280605
4444,0.019221,172.31.46.0-255,66,185589,44,280605
4445,0.021252,74.125.68.0-255,5738,191327,44,280605
4446,0.021267,172.31.46.0-255,66,191393,44,280605
4447,0.023285,74.125.68.0-255,5738,197131,44,280605
4448,0.023294,172.31.46.0-255,66,197197,44,280605
4449,0.025324,74.125.68.0-255,5738,202935,44,280605
4450,0.025338,172.31.46.0-255,66,203001,44,280605
4451,0.027375,74.125.68.0-255,5738,208739,44,280605
4452,0.027388,172.31.46.0-255,66,208805,44,280605
4453,0.029414,74.125.68.0-255,5738,214543,44,280605
4454,0.029428,172.31.46.0-255,66,214609,44,280605
4455,0.031461,74.125.68.0-255,5738,220347,44,280605
4456,0.031473,172.31.46.0-255,66,220413,44,280605
4457,0.033545,74.125.68.0-255,5738,226151,44,280605
4458,0.033555,172.31.46.0-255,66,226217,44,280605
4459,0.035586,74.125.68.0-255,5738,231955,44,280605
4460,0.035596,172.31.46.0-255,66,232021,44,280605
4461,0.037626,74.125.68.0-255,5738,237759,44,280605
4462,0.037635,172.31.46.0-255,66,237825,44,280605
4463,0.038817,172.31.46.0-255,166,237991,44,280605
4464,0.038848,172.31.46.0-255,1133,239124,44,280605
4465,0.038921,172.31.46.0-255,1514,240638,44,280605
4466,0.038923,172.31.46.0-255,1514,242152,44,280605
4467,0.038924,172.31.46.0-255,1514,243666,44,280605
4468,0.038925,172.31.46.0-255,1514,245180,44,280605
4469,0.038953,172.31.46.0-255,337,245517,44,280605
4470,0.03967,74.125.68.0-255,5738,251255,44,280605
4471,0.039678,172.31.46.0-255,66,251321,44,280605
4472,0.040326,104.244.42.0-255,66,251387,44,280605
4473,0.040408,104.244.42.0-255,66,251453,44,280605
4474,0.040494,104.244.42.0-255,66,251519,44,280605
4475,0.0405,104.244.42.0-255,66,251585,44,280605
4476,0.041702,74.125.68.0-255,5738,257323,44,280605
4477,0.04171,172.31.46.0-255,66,257389,44,280605
4478,0.043732,74.125.68.0-255,5738,263127,44,280605
4479,0.043742,172.31.46.0-255,66,263193,44,280605
4480,0.045764,74.125.68.0-255,5738,268931,44,280605
4481,0.045773,172.31.46.0-255,66,268997,44,280605
4482,0.047816,74.125.68.0-255,5738,274735,44,280605
4483,0.047826,172.31.46.0-255,66,274801,44,280605
4484,0.049863,74.125.68.0-255,5738,280539,44,280605
4485,0.04987,172.31.46.0-255,66,280605,44,280605
4486,0.0,74.125.68.0-255,146,146,44,329710
4487,1.5e-05,172.31.46.0-255,66,212,44,329710
4488,2.1e-05,74.125.68.0-255,1484,1696,44,329710
4489,2.6e-05,172.31.46.0-255,66,1762,44,329710
4490,3.2e-05,74.125.68.0-255,2902,4664,44,329710
4491,3.5e-05,172.31.46.0-255,66,4730,44,329710
4492,5.7e-05,74.125.68.0-255,1484,6214,44,329710
4493,5.9e-05,172.31.46.0-255,66,6280,44,329710
4494,7.7e-05,74.125.68.0-255,1484,7764,44,329710
4495,7.9e-05,172.31.46.0-255,66,7830,44,329710
4496,8.4e-05,74.125.68.0-255,2902,10732,44,329710
4497,8.7e-05,172.31.46.0-255,66,10798,44,329710
4498,0.000129,74.125.68.0-255,2902,13700,44,329710
4499,0.000132,172.31.46.0-255,66,13766,44,329710
4500,0.000153,74.125.68.0-255,3464,17230,44,329710
4501,0.000157,74.125.68.0-255,2902,20132,44,329710
4502,0.00016,172.31.46.0-255,66,20198,44,329710
4503,0.000163,172.31.46.0-255,66,20264,44,329710
4504,0.000181,172.31.46.0-255,66,20330,44,329710
4505,0.000299,74.125.68.0-255,1484,21814,44,329710
4506,0.000304,172.31.46.0-255,66,21880,44,329710
4507,0.000319,74.125.68.0-255,2902,24782,44,329710
4508,0.000322,172.31.46.0-255,66,24848,44,329710
4509,0.000337,74.125.68.0-255,2902,27750,44,329710
4510,0.000339,172.31.46.0-255,66,27816,44,329710
4511,0.000351,74.125.68.0-255,2902,30718,44,329710
4512,0.000354,172.31.46.0-255,66,30784,44,329710
4513,0.000359,74.125.68.0-255,2902,33686,44,329710
4514,0.000361,172.31.46.0-255,66,33752,44,329710
4515,0.000385,74.125.68.0-255,3961,37713,44,329710
4516,0.000387,172.31.46.0-255,66,37779,44,329710
4517,0.000422,74.125.68.0-255,7156,44935,44,329710
4518,0.000439,74.125.68.0-255,2902,47837,44,329710
4519,0.000446,74.125.68.0-255,7107,54944,44,329710
4520,0.000481,74.125.68.0-255,376,55320,44,329710
4521,0.000511,172.31.46.0-255,66,55386,44,329710
4522,0.000638,74.125.68.0-255,1484,56870,44,329710
4523,0.000659,74.125.68.0-255,1484,58354,44,329710
4524,0.000671,74.125.68.0-255,1484,59838,44,329710
4525,0.000686,74.125.68.0-255,5738,65576,44,329710
4526,0.00071,74.125.68.0-255,5738,71314,44,329710
4527,0.000728,74.125.68.0-255,7156,78470,44,329710
4528,0.000753,74.125.68.0-255,4320,82790,44,329710
4529,0.000776,74.125.68.0-255,4320,87110,44,329710
4530,0.000791,74.125.68.0-255,1484,88594,44,329710
4531,0.000794,74.125.68.0-255,766,89360,44,329710
4532,0.000825,172.31.46.0-255,66,89426,44,329710
4533,0.001003,74.125.68.0-255,1484,90910,44,329710
4534,0.00101,74.125.68.0-255,2902,93812,44,329710
4535,0.001022,172.31.46.0-255,66,93878,44,329710
4536,0.001059,74.125.68.0-255,5738,99616,44,329710
4537,0.001063,74.125.68.0-255,1484,101100,44,329710
4538,0.001085,74.125.68.0-255,5738,106838,44,329710
4539,0.001099,172.31.46.0-255,66,106904,44,329710
4540,0.001132,74.125.68.0-255,4320,111224,44,329710
4541,0.00114,172.31.46.0-255,66,111290,44,329710
4542,0.001161,74.125.68.0-255,3602,114892,44,329710
4543,0.001179,172.31.46.0-255,66,114958,44,329710
4544,0.001437,74.125.68.0-255,1484,116442,44,329710
4545,0.001453,74.125.68.0-255,2902,119344,44,329710
4546,0.001456,74.125.68.0-255,1484,120828,44,329710
4547,0.001489,74.125.68.0-255,2902,123730,44,329710
4548,0.001503,172.31.46.0-255,66,123796,44,329710
4549,0.001507,74.125.68.0-255,1484,125280,44,329710
4550,0.001523,74.125.68.0-255,2902,128182,44,329710
4551,0.001542,172.31.46.0-255,66,128248,44,329710
4552,0.001559,74.125.68.0-255,2902,131150,44,329710
4553,0.001573,74.125.68.0-255,2902,134052,44,329710
4554,0.001578,172.31.46.0-255,66,134118,44,329710
4555,0.001632,74.125.68.0-255,7156,141274,44,329710
4556,0.001648,172.31.46.0-255,66,141340,44,329710
4557,0.001686,74.125.68.0-255,1484,142824,44,329710
4558,0.001701,172.31.46.0-255,101,142925,44,329710
4559,0.001719,74.125.68.0-255,1484,144409,44,329710
4560,0.001768,74.125.68.0-255,1484,145893,44,329710
4561,0.001781,172.31.46.0-255,66,145959,44,329710
4562,0.001794,74.125.68.0-255,2902,148861,44,329710
4563,0.001797,74.125.68.0-255,766,149627,44,329710
4564,0.001819,172.31.46.0-255,66,149693,44,329710
4565,0.001956,74.125.68.0-255,1484,151177,44,329710
4566,0.00198,74.125.68.0-255,2902,154079,44,329710
4567,0.001984,172.31.46.0-255,66,154145,44,329710
4568,0.001991,74.125.68.0-255,5738,159883,44,329710
4569,0.002024,74.125.68.0-255,4320,164203,44,329710
4570,0.002028,172.31.46.0-255,66,164269,44,329710
4571,0.002039,74.125.68.0-255,7156,171425,44,329710
4572,0.002048,74.125.68.0-255,1484,172909,44,329710
4573,0.002051,172.31.46.0-255,66,172975,44,329710
4574,0.002074,74.125.68.0-255,4320,177295,44,329710
4575,0.002082,172.31.46.0-255,66,177361,44,329710
4576,0.0021,74.125.68.0-255,6438,183799,44,329710
4577,0.002117,172.31.46.0-255,66,183865,44,329710
4578,0.002176,74.125.68.0-255,1484,185349,44,329710
4579,0.002182,74.125.68.0-255,2902,188251,44,329710
4580,0.002187,172.31.46.0-255,66,188317,44,329710
4581,0.002221,74.125.68.0-255,4320,192637,44,329710
4582,0.002235,74.125.68.0-255,1484,194121,44,329710
4583,0.002241,74.125.68.0-255,4320,198441,44,329710
4584,0.002244,172.31.46.0-255,66,198507,44,329710
4585,0.002251,172.31.46.0-255,66,198573,44,329710
4586,0.002262,74.125.68.0-255,2902,201475,44,329710
4587,0.002283,172.31.46.0-255,66,201541,44,329710
4588,0.003902,74.125.68.0-255,66,201607,44,329710
4589,0.004476,74.125.68.0-255,2902,204509,44,329710
4590,0.00448,172.31.46.0-255,66,204575,44,329710
4591,0.004507,74.125.68.0-255,2902,207477,44,329710
4592,0.006617,172.31.46.0-255,66,207543,44,329710
4593,0.006715,74.125.68.0-255,2902,210445,44,329710
4594,0.006719,172.31.46.0-255,66,210511,44,329710
4595,0.008857,74.125.68.0-255,2902,213413,44,329710
4596,0.008864,172.31.46.0-255,66,213479,44,329710
4597,0.008952,74.125.68.0-255,2902,216381,44,329710
4598,0.008957,172.31.46.0-255,66,216447,44,329710
4599,0.011135,74.125.68.0-255,2902,219349,44,329710
4600,0.011143,172.31.46.0-255,66,219415,44,329710
4601,0.011191,74.125.68.0-255,2902,222317,44,329710
4602,0.013072,172.31.46.0-255,66,222383,44,329710
4603,0.013383,74.125.68.0-255,2902,225285,44,329710
4604,0.013392,172.31.46.0-255,66,225351,44,329710
4605,0.015309,74.125.68.0-255,2902,228253,44,329710
4606,0.015333,172.31.46.0-255,66,228319,44,329710
4607,0.015634,74.125.68.0-255,2902,231221,44,329710
4608,0.015641,172.31.46.0-255,66,231287,44,329710
4609,0.017597,74.125.68.0-255,2902,234189,44,329710
4610,0.017606,172.31.46.0-255,66,234255,44,329710
4611,0.017868,74.125.68.0-255,2902,237157,44,329710
4612,0.01803,172.31.46.0-255,66,237223,44,329710
4613,0.019847,74.125.68.0-255,2902,240125,44,329710
4614,0.019856,172.31.46.0-255,66,240191,44,329710
4615,0.020266,74.125.68.0-255,2902,243093,44,329710
4616,0.020272,172.31.46.0-255,66,243159,44,329710
4617,0.022087,74.125.68.0-255,2902,246061,44,329710
4618,0.022094,172.31.46.0-255,66,246127,44,329710
4619,0.022509,74.125.68.0-255,2902,249029,44,329710
4620,0.022516,172.31.46.0-255,66,249095,44,329710
4621,0.024347,74.125.68.0-255,2902,251997,44,329710
4622,0.024355,172.31.46.0-255,66,252063,44,329710
4623,0.02475,74.125.68.0-255,2902,254965,44,329710
4624,0.024757,172.31.46.0-255,66,255031,44,329710
4625,0.026614,74.125.68.0-255,2902,257933,44,329710
4626,0.026621,172.31.46.0-255,66,257999,44,329710
4627,0.026997,74.125.68.0-255,2902,260901,44,329710
4628,0.027003,172.31.46.0-255,66,260967,44,329710
4629,0.028861,74.125.68.0-255,2902,263869,44,329710
4630,0.028869,172.31.46.0-255,66,263935,44,329710
4631,0.029246,74.125.68.0-255,2902,266837,44,329710
4632,0.029252,172.31.46.0-255,66,266903,44,329710
4633,0.031111,74.125.68.0-255,2902,269805,44,329710
4634,0.031119,172.31.46.0-255,66,269871,44,329710
4635,0.031493,74.125.68.0-255,2902,272773,44,329710
4636,0.031499,172.31.46.0-255,66,272839,44,329710
4637,0.033353,74.125.68.0-255,2902,275741,44,329710
4638,0.033361,172.31.46.0-255,66,275807,44,329710
4639,0.033743,74.125.68.0-255,2902,278709,44,329710
4640,0.033749,172.31.46.0-255,66,278775,44,329710
4641,0.035592,74.125.68.0-255,2902,281677,44,329710
4642,0.035599,172.31.46.0-255,66,281743,44,329710
4643,0.035991,74.125.68.0-255,2902,284645,44,329710
4644,0.035998,172.31.46.0-255,66,284711,44,329710
4645,0.036982,172.31.46.0-255,188,284899,44,329710
4646,0.037011,172.31.46.0-255,955,285854,44,329710
4647,0.037072,172.31.46.0-255,1514,287368,44,329710
4648,0.037074,172.31.46.0-255,1514,288882,44,329710
4649,0.03708,172.31.46.0-255,1514,290396,44,329710
4650,0.037081,172.31.46.0-255,1514,291910,44,329710
4651,0.037098,172.31.46.0-255,1514,293424,44,329710
4652,0.0371,172.31.46.0-255,232,293656,44,329710
4653,0.03784,74.125.68.0-255,2902,296558,44,329710
4654,0.037845,172.31.46.0-255,66,296624,44,329710
4655,0.038237,74.125.68.0-255,2902,299526,44,329710
4656,0.038243,172.31.46.0-255,66,299592,44,329710
4657,0.038521,104.244.42.0-255,66,299658,44,329710
4658,0.038529,104.244.42.0-255,66,299724,44,329710
4659,0.038641,104.244.42.0-255,66,299790,44,329710
4660,0.038647,104.244.42.0-255,66,299856,44,329710
4661,0.040089,104.244.42.0-255,108,299964,44,329710
4662,0.040096,172.31.46.0-255,66,300030,44,329710
4663,0.0401,74.125.68.0-255,2902,302932,44,329710
4664,0.040102,172.31.46.0-255,66,302998,44,329710
4665,0.040487,74.125.68.0-255,2902,305900,44,329710
4666,0.040493,172.31.46.0-255,66,305966,44,329710
4667,0.042339,74.125.68.0-255,2902,308868,44,329710
4668,0.042346,172.31.46.0-255,66,308934,44,329710
4669,0.04275,74.125.68.0-255,2902,311836,44,329710
4670,0.042756,172.31.46.0-255,66,311902,44,329710
4671,0.04458,74.125.68.0-255,2902,314804,44,329710
4672,0.044586,172.31.46.0-255,66,314870,44,329710
4673,0.044994,74.125.68.0-255,2902,317772,44,329710
4674,0.044999,172.31.46.0-255,66,317838,44,329710
4675,0.046828,74.125.68.0-255,2902,320740,44,329710
4676,0.046835,172.31.46.0-255,66,320806,44,329710
4677,0.047256,74.125.68.0-255,2902,323708,44,329710
4678,0.047263,172.31.46.0-255,66,323774,44,329710
4679,0.049081,74.125.68.0-255,2902,326676,44,329710
4680,0.049088,172.31.46.0-255,66,326742,44,329710
4681,0.04951,74.125.68.0-255,2902,329644,44,329710
4682,0.049516,172.31.46.0-255,66,329710,44,329710
4683,0.0,172.217.194.0-255,298,298,44,267449
4684,2.2e-05,172.31.46.0-255,66,364,44,267449
4685,2.9e-05,172.217.194.0-255,1484,1848,44,267449
4686,3.3e-05,172.31.46.0-255,66,1914,44,267449
4687,4e-05,172.217.194.0-255,4320,6234,44,267449
4688,5.2e-05,172.31.46.0-255,66,6300,44,267449
4689,6e-05,172.217.194.0-255,7156,13456,44,267449
4690,6.4e-05,172.31.46.0-255,66,13522,44,267449
4691,6.7e-05,172.217.194.0-255,418,13940,44,267449
4692,7e-05,172.31.46.0-255,66,14006,44,267449
4693,0.000196,172.217.194.0-255,1484,15490,44,267449
4694,0.0002,172.31.46.0-255,66,15556,44,267449
4695,0.000205,172.217.194.0-255,2902,18458,44,267449
4696,0.000208,172.31.46.0-255,66,18524,44,267449
4697,0.000242,172.217.194.0-255,5738,24262,44,267449
4698,0.000245,172.31.46.0-255,66,24328,44,267449
4699,0.000251,172.217.194.0-255,5738,30066,44,267449
4700,0.000254,172.31.46.0-255,66,30132,44,267449
4701,0.000279,172.217.194.0-255,6797,36929,44,267449
4702,0.000282,172.31.46.0-255,66,36995,44,267449
4703,0.000322,172.31.46.0-255,66,37061,44,267449
4704,0.000353,172.217.194.0-255,6797,43858,44,267449
4705,0.000356,172.31.46.0-255,66,43924,44,267449
4706,0.000363,172.217.194.0-255,7156,51080,44,267449
4707,0.000366,172.31.46.0-255,66,51146,44,267449
4708,0.000384,172.217.194.0-255,1484,52630,44,267449
4709,0.000387,172.31.46.0-255,66,52696,44,267449
4710,0.000415,172.217.194.0-255,4211,56907,44,267449
4711,0.000418,172.31.46.0-255,66,56973,44,267449
4712,0.000485,172.217.194.0-255,115,57088,44,267449
4713,0.000489,172.31.46.0-255,66,57154,44,267449
4714,0.000512,172.217.194.0-255,1484,58638,44,267449
4715,0.000518,172.217.194.0-255,2902,61540,44,267449
4716,0.000521,172.31.46.0-255,66,61606,44,267449
4717,0.00054,172.217.194.0-255,7156,68762,44,267449
4718,0.000548,172.31.46.0-255,66,68828,44,267449
4719,0.000579,172.217.194.0-255,5120,73948,44,267449
4720,0.000582,172.31.46.0-255,66,74014,44,267449
4721,0.000609,172.217.194.0-255,1484,75498,44,267449
4722,0.000614,172.217.194.0-255,2902,78400,44,267449
4723,0.000649,172.217.194.0-255,5738,84138,44,267449
4724,0.000675,172.217.194.0-255,5738,89876,44,267449
4725,0.000686,172.217.194.0-255,1125,91001,44,267449
4726,0.000806,172.31.46.0-255,66,91067,44,267449
4727,0.000973,172.217.194.0-255,1484,92551,44,267449
4728,0.000981,172.217.194.0-255,2902,95453,44,267449
4729,0.000997,172.217.194.0-255,4320,99773,44,267449
4730,0.001006,172.31.46.0-255,66,99839,44,267449
4731,0.001016,172.217.194.0-255,1484,101323,44,267449
4732,0.001027,172.217.194.0-255,5738,107061,44,267449
4733,0.001031,172.217.194.0-255,2902,109963,44,267449
4734,0.001037,172.31.46.0-255,66,110029,44,267449
4735,0.001082,172.217.194.0-255,5020,115049,44,267449
4736,0.001093,172.31.46.0-255,66,115115,44,267449
4737,0.001346,172.217.194.0-255,1484,116599,44,267449
4738,0.00136,172.217.194.0-255,2902,119501,44,267449
4739,0.001364,172.31.46.0-255,66,119567,44,267449
4740,0.001368,172.217.194.0-255,1484,121051,44,267449
4741,0.00139,172.217.194.0-255,4320,125371,44,267449
4742,0.001393,172.217.194.0-255,1484,126855,44,267449
4743,0.001403,172.31.46.0-255,66,126921,44,267449
4744,0.001423,172.217.194.0-255,4320,131241,44,267449
4745,0.00144,172.217.194.0-255,5020,136261,44,267449
4746,0.001463,172.31.46.0-255,66,136327,44,267449
4747,0.001673,172.217.194.0-255,1484,137811,44,267449
4748,0.001688,172.217.194.0-255,2902,140713,44,267449
4749,0.001691,172.31.46.0-255,66,140779,44,267449
4750,0.001699,172.217.194.0-255,5738,146517,44,267449
4751,0.00172,172.217.194.0-255,4320,150837,44,267449
4752,0.001735,172.31.46.0-255,66,150903,44,267449
4753,0.001743,172.217.194.0-255,7156,158059,44,267449
4754,0.001748,172.217.194.0-255,4320,162379,44,267449
4755,0.001758,172.31.46.0-255,66,162445,44,267449
4756,0.001818,172.217.194.0-255,2902,165347,44,267449
4757,0.001849,172.31.46.0-255,66,165413,44,267449
4758,0.00186,172.217.194.0-255,7156,172569,44,267449
4759,0.001865,172.31.46.0-255,66,172635,44,267449
4760,0.001887,172.217.194.0-255,7156,179791,44,267449
4761,0.001923,172.31.46.0-255,66,179857,44,267449
4762,0.001934,172.217.194.0-255,4320,184177,44,267449
4763,0.001949,172.31.46.0-255,66,184243,44,267449
4764,0.002011,172.217.194.0-255,1484,185727,44,267449
4765,0.002016,172.217.194.0-255,2902,188629,44,267449
4766,0.002022,172.31.46.0-255,66,188695,44,267449
4767,0.002048,172.217.194.0-255,5738,194433,44,267449
4768,0.002065,172.217.194.0-255,7156,201589,44,267449
4769,0.002072,172.31.46.0-255,66,201655,44,267449
4770,0.002103,172.217.194.0-255,5738,207393,44,267449
4771,0.002108,172.217.194.0-255,2902,210295,44,267449
4772,0.002123,172.217.194.0-255,4320,214615,44,267449
4773,0.00213,172.31.46.0-255,66,214681,44,267449
4774,0.002148,172.217.194.0-255,3602,218283,44,267449
4775,0.002172,172.217.194.0-255,4320,222603,44,267449
4776,0.00218,172.31.46.0-255,66,222669,44,267449
4777,0.002191,172.217.194.0-255,4320,226989,44,267449
4778,0.002226,172.217.194.0-255,2902,229891,44,267449
4779,0.002233,172.31.46.0-255,66,229957,44,267449
4780,0.002287,172.217.194.0-255,2902,232859,44,267449
4781,0.002295,172.31.46.0-255,66,232925,44,267449
4782,0.002348,172.31.46.0-255,66,232991,44,267449
4783,0.004608,172.217.194.0-255,5738,238729,44,267449
4784,0.004616,172.31.46.0-255,66,238795,44,267449
4785,0.006857,172.217.194.0-255,5738,244533,44,267449
4786,0.00937,172.31.46.0-255,66,244599,44,267449
4787,0.011713,172.217.194.0-255,5738,250337,44,267449
4788,0.011726,172.31.46.0-255,66,250403,44,267449
4789,0.014011,172.217.194.0-255,5738,256141,44,267449
4790,0.014024,172.31.46.0-255,66,256207,44,267449
4791,0.016254,172.217.194.0-255,1814,258021,44,267449
4792,0.016265,172.31.46.0-255,66,258087,44,267449
4793,0.019194,172.31.46.0-255,105,258192,44,267449
4794,0.021392,172.217.194.0-255,66,258258,44,267449
4795,0.039109,172.31.46.0-255,172,258430,44,267449
4796,0.039141,172.31.46.0-255,1114,259544,44,267449
4797,0.03921,172.31.46.0-255,1514,261058,44,267449
4798,0.039212,172.31.46.0-255,1514,262572,44,267449
4799,0.039218,172.31.46.0-255,1514,264086,44,267449
4800,0.03922,172.31.46.0-255,1514,265600,44,267449
4801,0.039241,172.31.46.0-255,1514,267114,44,267449
4802,0.039242,172.31.46.0-255,71,267185,44,267449
4803,0.040645,104.244.42.0-255,66,267251,44,267449
4804,0.04068,104.244.42.0-255,66,267317,44,267449
4805,0.040795,104.244.42.0-255,66,267383,44,267449
4806,0.040801,104.244.42.0-255,66,267449,44,267449
4807,0.0,172.217.194.0-255,172,172,44,221729
4808,2.7e-05,172.31.46.0-255,66,238,44,221729
4809,3.5e-05,172.217.194.0-255,1484,1722,44,221729
4810,4.1e-05,172.31.46.0-255,66,1788,44,221729
4811,4.7e-05,172.217.194.0-255,2902,4690,44,221729
4812,5.2e-05,172.31.46.0-255,66,4756,44,221729
4813,5.9e-05,172.217.194.0-255,7156,11912,44,221729
4814,6.3e-05,172.31.46.0-255,66,11978,44,221729
4815,6.8e-05,172.217.194.0-255,2073,14051,44,221729
4816,7.1e-05,172.31.46.0-255,66,14117,44,221729
4817,0.000106,172.31.46.0-255,66,14183,44,221729
4818,0.000148,172.217.194.0-255,4320,18503,44,221729
4819,0.000152,172.31.46.0-255,66,18569,44,221729
4820,0.000168,172.217.194.0-255,3961,22530,44,221729
4821,0.00017,172.31.46.0-255,66,22596,44,221729
4822,0.000173,172.217.194.0-255,1484,24080,44,221729
4823,0.000176,172.31.46.0-255,66,24146,44,221729
4824,0.000199,172.217.194.0-255,7156,31302,44,221729
4825,0.000202,172.31.46.0-255,66,31368,44,221729
4826,0.000215,172.217.194.0-255,2902,34270,44,221729
4827,0.000217,172.31.46.0-255,66,34336,44,221729
4828,0.000249,172.217.194.0-255,5379,39715,44,221729
4829,0.000252,172.31.46.0-255,66,39781,44,221729
4830,0.000288,172.31.46.0-255,66,39847,44,221729
4831,0.000291,172.217.194.0-255,1484,41331,44,221729
4832,0.000293,172.31.46.0-255,66,41397,44,221729
4833,0.000309,172.217.194.0-255,3961,45358,44,221729
4834,0.000312,172.31.46.0-255,66,45424,44,221729
4835,0.000326,172.217.194.0-255,381,45805,44,221729
4836,0.000329,172.31.46.0-255,66,45871,44,221729
4837,0.000781,172.217.194.0-255,361,46232,44,221729
4838,0.001147,172.31.46.0-255,66,46298,44,221729
4839,0.001172,172.217.194.0-255,1484,47782,44,221729
4840,0.001199,172.217.194.0-255,2902,50684,44,221729
4841,0.001202,172.31.46.0-255,66,50750,44,221729
4842,0.001209,172.217.194.0-255,5738,56488,44,221729
4843,0.001212,172.31.46.0-255,66,56554,44,221729
4844,0.001218,172.217.194.0-255,4320,60874,44,221729
4845,0.001221,172.31.46.0-255,66,60940,44,221729
4846,0.001258,172.31.46.0-255,66,61006,44,221729
4847,0.001262,172.217.194.0-255,1484,62490,44,221729
4848,0.001277,172.217.194.0-255,1484,63974,44,221729
4849,0.00128,172.31.46.0-255,66,64040,44,221729
4850,0.0013,172.217.194.0-255,3961,68001,44,221729
4851,0.001303,172.31.46.0-255,66,68067,44,221729
4852,0.002238,172.217.194.0-255,1484,69551,44,221729
4853,0.002252,172.217.194.0-255,2902,72453,44,221729
4854,0.002261,172.31.46.0-255,66,72519,44,221729
4855,0.002271,172.217.194.0-255,5738,78257,44,221729
4856,0.002274,172.31.46.0-255,66,78323,44,221729
4857,0.00231,172.31.46.0-255,66,78389,44,221729
4858,0.002329,172.217.194.0-255,4320,82709,44,221729
4859,0.002331,172.31.46.0-255,66,82775,44,221729
4860,0.002341,172.31.46.0-255,66,82841,44,221729
4861,0.002364,172.217.194.0-255,2184,85025,44,221729
4862,0.002366,172.31.46.0-255,66,85091,44,221729
4863,0.002529,172.217.194.0-255,1484,86575,44,221729
4864,0.002536,172.217.194.0-255,2902,89477,44,221729
4865,0.00254,172.31.46.0-255,66,89543,44,221729
4866,0.002546,172.217.194.0-255,2902,92445,44,221729
4867,0.002548,172.31.46.0-255,66,92511,44,221729
4868,0.002564,172.217.194.0-255,4320,96831,44,221729
4869,0.002567,172.31.46.0-255,66,96897,44,221729
4870,0.00259,172.217.194.0-255,2902,99799,44,221729
4871,0.002593,172.31.46.0-255,66,99865,44,221729
4872,0.002612,172.217.194.0-255,4320,104185,44,221729
4873,0.002614,172.31.46.0-255,66,104251,44,221729
4874,0.002648,172.31.46.0-255,66,104317,44,221729
4875,0.002654,172.217.194.0-255,3602,107919,44,221729
4876,0.002656,172.31.46.0-255,66,107985,44,221729
4877,0.005199,172.217.194.0-255,1484,109469,44,221729
4878,0.00522,172.217.194.0-255,4320,113789,44,221729
4879,0.005226,172.31.46.0-255,66,113855,44,221729
4880,0.007805,172.217.194.0-255,5738,119593,44,221729
4881,0.007819,172.31.46.0-255,66,119659,44,221729
4882,0.010423,172.217.194.0-255,5738,125397,44,221729
4883,0.010443,172.31.46.0-255,66,125463,44,221729
4884,0.013043,172.217.194.0-255,5738,131201,44,221729
4885,0.013063,172.31.46.0-255,66,131267,44,221729
4886,0.015669,172.217.194.0-255,5738,137005,44,221729
4887,0.01569,172.31.46.0-255,66,137071,44,221729
4888,0.018335,172.217.194.0-255,5738,142809,44,221729
4889,0.018355,172.31.46.0-255,66,142875,44,221729
4890,0.020952,172.217.194.0-255,5738,148613,44,221729
4891,0.020973,172.31.46.0-255,66,148679,44,221729
4892,0.02359,172.217.194.0-255,5738,154417,44,221729
4893,0.023612,172.31.46.0-255,66,154483,44,221729
4894,0.026202,172.217.194.0-255,5738,160221,44,221729
4895,0.026221,172.31.46.0-255,66,160287,44,221729
4896,0.028805,172.217.194.0-255,5738,166025,44,221729
4897,0.028828,172.31.46.0-255,66,166091,44,221729
4898,0.031403,172.217.194.0-255,5738,171829,44,221729
4899,0.031423,172.31.46.0-255,66,171895,44,221729
4900,0.03401,172.217.194.0-255,5738,177633,44,221729
4901,0.034032,172.31.46.0-255,66,177699,44,221729
4902,0.036611,172.217.194.0-255,5738,183437,44,221729
4903,0.03663,172.31.46.0-255,66,183503,44,221729
4904,0.03925,172.217.194.0-255,5738,189241,44,221729
4905,0.039272,172.31.46.0-255,66,189307,44,221729
4906,0.041863,172.217.194.0-255,5738,195045,44,221729
4907,0.041882,172.31.46.0-255,66,195111,44,221729
4908,0.044517,172.217.194.0-255,5738,200849,44,221729
4909,0.044537,172.31.46.0-255,66,200915,44,221729
4910,0.046566,172.31.46.0-255,188,201103,44,221729
4911,0.046604,172.31.46.0-255,955,202058,44,221729
4912,0.046694,172.31.46.0-255,1514,203572,44,221729
4913,0.046696,172.31.46.0-255,1514,205086,44,221729
4914,0.046697,172.31.46.0-255,1514,206600,44,221729
4915,0.046698,172.31.46.0-255,1514,208114,44,221729
4916,0.04675,172.31.46.0-255,1514,209628,44,221729
4917,0.046751,172.31.46.0-255,229,209857,44,221729
4918,0.047141,172.217.194.0-255,5738,215595,44,221729
4919,0.047153,172.31.46.0-255,66,215661,44,221729
4920,0.048105,104.244.42.0-255,66,215727,44,221729
4921,0.0482,104.244.42.0-255,66,215793,44,221729
4922,0.048247,104.244.42.0-255,66,215859,44,221729
4923,0.048419,104.244.42.0-255,66,215925,44,221729
4924,0.049759,172.217.194.0-255,5738,221663,44,221729
4925,0.04978,172.31.46.0-255,66,221729,44,221729
4926,0.0,74.125.24.0-255,153,153,44,175352
4927,2.4e-05,172.31.46.0-255,66,219,44,175352
4928,3.1e-05,74.125.24.0-255,1484,1703,44,175352
4929,3.5e-05,172.31.46.0-255,66,1769,44,175352
4930,4.1e-05,74.125.24.0-255,2902,4671,44,175352
4931,5.3e-05,172.31.46.0-255,66,4737,44,175352
4932,6.1e-05,74.125.24.0-255,7156,11893,44,175352
4933,6.3e-05,172.31.46.0-255,66,11959,44,175352
4934,6.7e-05,74.125.24.0-255,2066,14025,44,175352
4935,7e-05,172.31.46.0-255,66,14091,44,175352
4936,0.000358,74.125.24.0-255,1484,15575,44,175352
4937,0.000364,172.31.46.0-255,66,15641,44,175352
4938,0.00037,74.125.24.0-255,2902,18543,44,175352
4939,0.000373,172.31.46.0-255,66,18609,44,175352
4940,0.000383,74.125.24.0-255,4320,22929,44,175352
4941,0.000386,172.31.46.0-255,66,22995,44,175352
4942,0.000422,74.125.24.0-255,1484,24479,44,175352
4943,0.000425,172.31.46.0-255,66,24545,44,175352
4944,0.000433,74.125.24.0-255,6797,31342,44,175352
4945,0.000435,172.31.46.0-255,66,31408,44,175352
4946,0.000505,74.125.24.0-255,1484,32892,44,175352
4947,0.000508,172.31.46.0-255,66,32958,44,175352
4948,0.000513,74.125.24.0-255,2902,35860,44,175352
4949,0.000515,172.31.46.0-255,66,35926,44,175352
4950,0.000545,74.125.24.0-255,5738,41664,44,175352
4951,0.000548,172.31.46.0-255,66,41730,44,175352
4952,0.000551,74.125.24.0-255,1484,43214,44,175352
4953,0.000553,172.31.46.0-255,66,43280,44,175352
4954,0.000581,172.31.46.0-255,66,43346,44,175352
4955,0.000631,172.31.46.0-255,66,43412,44,175352
4956,0.000634,74.125.24.0-255,1125,44537,44,175352
4957,0.001037,74.125.24.0-255,411,44948,44,175352
4958,0.001069,74.125.24.0-255,332,45280,44,175352
4959,0.001073,172.31.46.0-255,66,45346,44,175352
4960,0.001898,74.125.24.0-255,1484,46830,44,175352
4961,0.001909,74.125.24.0-255,2902,49732,44,175352
4962,0.001914,172.31.46.0-255,66,49798,44,175352
4963,0.001922,74.125.24.0-255,5738,55536,44,175352
4964,0.001925,172.31.46.0-255,66,55602,44,175352
4965,0.001933,74.125.24.0-255,1484,57086,44,175352
4966,0.001968,172.31.46.0-255,66,57152,44,175352
4967,0.001984,172.31.46.0-255,66,57218,44,175352
4968,0.004329,74.125.24.0-255,5738,62956,44,175352
4969,0.004336,172.31.46.0-255,66,63022,44,175352
4970,0.006623,74.125.24.0-255,5738,68760,44,175352
4971,0.006628,172.31.46.0-255,66,68826,44,175352
4972,0.008955,74.125.24.0-255,5738,74564,44,175352
4973,0.008965,172.31.46.0-255,66,74630,44,175352
4974,0.011281,74.125.24.0-255,5738,80368,44,175352
4975,0.011295,172.31.46.0-255,66,80434,44,175352
4976,0.013595,74.125.24.0-255,5738,86172,44,175352
4977,0.013605,172.31.46.0-255,66,86238,44,175352
4978,0.015977,74.125.24.0-255,5738,91976,44,175352
4979,0.01599,172.31.46.0-255,66,92042,44,175352
4980,0.018318,74.125.24.0-255,5738,97780,44,175352
4981,0.018331,172.31.46.0-255,66,97846,44,175352
4982,0.020641,74.125.24.0-255,5738,103584,44,175352
4983,0.020653,172.31.46.0-255,66,103650,44,175352
4984,0.023006,74.125.24.0-255,5738,109388,44,175352
4985,0.023018,172.31.46.0-255,66,109454,44,175352
4986,0.025312,74.125.24.0-255,5738,115192,44,175352
4987,0.025321,172.31.46.0-255,66,115258,44,175352
4988,0.027635,74.125.24.0-255,5738,120996,44,175352
4989,0.027645,172.31.46.0-255,66,121062,44,175352
4990,0.02995,74.125.24.0-255,5738,126800,44,175352
4991,0.029959,172.31.46.0-255,66,126866,44,175352
4992,0.032307,74.125.24.0-255,5738,132604,44,175352
4993,0.032317,172.31.46.0-255,66,132670,44,175352
4994,0.034625,74.125.24.0-255,5738,138408,44,175352
4995,0.034635,172.31.46.0-255,66,138474,44,175352
4996,0.036914,74.125.24.0-255,5738,144212,44,175352
4997,0.03692,172.31.46.0-255,66,144278,44,175352
4998,0.037086,172.31.46.0-255,176,144454,44,175352
4999,0.037114,172.31.46.0-255,1114,145568,44,175352
5000,0.037177,172.31.46.0-255,566,146134,44,175352
5001,0.038616,104.244.42.0-255,66,146200,44,175352
5002,0.038652,104.244.42.0-255,66,146266,44,175352
5003,0.038675,104.244.42.0-255,66,146332,44,175352
5004,0.03924,74.125.24.0-255,5738,152070,44,175352
5005,0.039252,172.31.46.0-255,66,152136,44,175352
5006,0.041545,74.125.24.0-255,5738,157874,44,175352
5007,0.041552,172.31.46.0-255,66,157940,44,175352
5008,0.043844,74.125.24.0-255,5738,163678,44,175352
5009,0.043851,172.31.46.0-255,66,163744,44,175352
5010,0.046174,74.125.24.0-255,5738,169482,44,175352
5011,0.046181,172.31.46.0-255,66,169548,44,175352
5012,0.048488,74.125.24.0-255,5738,175286,44,175352
5013,0.048495,172.31.46.0-255,66,175352,44,175352
5014,0.0,172.217.194.0-255,297,297,44,202846
5015,2.2e-05,172.31.46.0-255,66,363,44,202846
5016,2.8e-05,172.217.194.0-255,1484,1847,44,202846
5017,3.3e-05,172.31.46.0-255,66,1913,44,202846
5018,4.8e-05,172.217.194.0-255,4320,6233,44,202846
5019,5.3e-05,172.31.46.0-255,66,6299,44,202846
5020,6.2e-05,172.217.194.0-255,7156,13455,44,202846
5021,6.5e-05,172.31.46.0-255,66,13521,44,202846
5022,7.6e-05,172.31.46.0-255,66,13587,44,202846
5023,8.8e-05,172.31.46.0-255,66,13653,44,202846
5024,0.000134,172.217.194.0-255,7156,20809,44,202846
5025,0.000137,172.31.46.0-255,66,20875,44,202846
5026,0.000169,172.217.194.0-255,5379,26254,44,202846
5027,0.000172,172.31.46.0-255,66,26320,44,202846
5028,0.000175,172.217.194.0-255,1484,27804,44,202846
5029,0.000177,172.31.46.0-255,66,27870,44,202846
5030,0.00021,172.217.194.0-255,3961,31831,44,202846
5031,0.000213,172.31.46.0-255,66,31897,44,202846
5032,0.00022,172.217.194.0-255,5738,37635,44,202846
5033,0.000223,172.31.46.0-255,66,37701,44,202846
5034,0.000225,172.217.194.0-255,1484,39185,44,202846
5035,0.000227,172.31.46.0-255,66,39251,44,202846
5036,0.000266,172.31.46.0-255,66,39317,44,202846
5037,0.000269,172.217.194.0-255,381,39698,44,202846
5038,0.000271,172.31.46.0-255,66,39764,44,202846
5039,0.000553,172.217.194.0-255,1484,41248,44,202846
5040,0.00056,172.217.194.0-255,2902,44150,44,202846
5041,0.000566,172.31.46.0-255,66,44216,44,202846
5042,0.000571,172.31.46.0-255,66,44282,44,202846
5043,0.000591,172.217.194.0-255,5738,50020,44,202846
5044,0.000594,172.31.46.0-255,66,50086,44,202846
5045,0.0006,172.217.194.0-255,5738,55824,44,202846
5046,0.000603,172.31.46.0-255,66,55890,44,202846
5047,0.000615,172.31.46.0-255,66,55956,44,202846
5048,0.000646,172.217.194.0-255,4320,60276,44,202846
5049,0.000648,172.31.46.0-255,66,60342,44,202846
5050,0.000655,172.217.194.0-255,5020,65362,44,202846
5051,0.000657,172.31.46.0-255,66,65428,44,202846
5052,0.001956,172.217.194.0-255,1484,66912,44,202846
5053,0.001967,172.217.194.0-255,2902,69814,44,202846
5054,0.001971,172.31.46.0-255,66,69880,44,202846
5055,0.001979,172.217.194.0-255,5738,75618,44,202846
5056,0.001982,172.31.46.0-255,66,75684,44,202846
5057,0.001986,172.217.194.0-255,1484,77168,44,202846
5058,0.002032,172.31.46.0-255,66,77234,44,202846
5059,0.002051,172.31.46.0-255,66,77300,44,202846
5060,0.004317,172.217.194.0-255,5738,83038,44,202846
5061,0.004325,172.31.46.0-255,66,83104,44,202846
5062,0.006616,172.217.194.0-255,5738,88842,44,202846
5063,0.006624,172.31.46.0-255,66,88908,44,202846
5064,0.008894,172.217.194.0-255,5738,94646,44,202846
5065,0.0089,172.31.46.0-255,66,94712,44,202846
5066,0.011191,172.217.194.0-255,5738,100450,44,202846
5067,0.0112,172.31.46.0-255,66,100516,44,202846
5068,0.013464,172.217.194.0-255,5738,106254,44,202846
5069,0.013471,172.31.46.0-255,66,106320,44,202846
5070,0.015799,172.217.194.0-255,5738,112058,44,202846
5071,0.01581,172.31.46.0-255,66,112124,44,202846
5072,0.018087,172.217.194.0-255,5738,117862,44,202846
5073,0.018098,172.31.46.0-255,66,117928,44,202846
5074,0.020386,172.217.194.0-255,5738,123666,44,202846
5075,0.020399,172.31.46.0-255,66,123732,44,202846
5076,0.02267,172.217.194.0-255,5738,129470,44,202846
5077,0.022677,172.31.46.0-255,66,129536,44,202846
5078,0.024952,172.217.194.0-255,5738,135274,44,202846
5079,0.02496,172.31.46.0-255,66,135340,44,202846
5080,0.027227,172.217.194.0-255,5738,141078,44,202846
5081,0.027236,172.31.46.0-255,66,141144,44,202846
5082,0.029521,172.217.194.0-255,5738,146882,44,202846
5083,0.029531,172.31.46.0-255,66,146948,44,202846
5084,0.029686,172.31.46.0-255,101,147049,44,202846
5085,0.031833,172.217.194.0-255,5738,152787,44,202846
5086,0.031845,172.31.46.0-255,66,152853,44,202846
5087,0.031905,172.217.194.0-255,66,152919,44,202846
5088,0.03413,172.217.194.0-255,5738,158657,44,202846
5089,0.034144,172.31.46.0-255,66,158723,44,202846
5090,0.036457,172.217.194.0-255,5738,164461,44,202846
5091,0.03647,172.31.46.0-255,66,164527,44,202846
5092,0.038609,172.31.46.0-255,172,164699,44,202846
5093,0.038641,172.31.46.0-255,1109,165808,44,202846
5094,0.038711,172.31.46.0-255,1514,167322,44,202846
5095,0.038713,172.31.46.0-255,1514,168836,44,202846
5096,0.038719,172.31.46.0-255,1514,170350,44,202846
5097,0.03872,172.31.46.0-255,1514,171864,44,202846
5098,0.038743,172.31.46.0-255,1514,173378,44,202846
5099,0.038744,172.31.46.0-255,76,173454,44,202846
5100,0.038769,172.217.194.0-255,5738,179192,44,202846
5101,0.038774,172.31.46.0-255,66,179258,44,202846
5102,0.040152,104.244.42.0-255,66,179324,44,202846
5103,0.040344,104.244.42.0-255,66,179390,44,202846
5104,0.04035,104.244.42.0-255,66,179456,44,202846
5105,0.040892,104.244.42.0-255,108,179564,44,202846
5106,0.040903,172.31.46.0-255,66,179630,44,202846
5107,0.041054,172.217.194.0-255,5738,185368,44,202846
5108,0.041058,172.31.46.0-255,66,185434,44,202846
5109,0.043335,172.217.194.0-255,5738,191172,44,202846
5110,0.043344,172.31.46.0-255,66,191238,44,202846
5111,0.045626,172.217.194.0-255,5738,196976,44,202846
5112,0.045634,172.31.46.0-255,66,197042,44,202846
5113,0.04791,172.217.194.0-255,5738,202780,44,202846
5114,0.047931,172.31.46.0-255,66,202846,44,202846
5115,0.0,74.125.68.0-255,297,297,44,381348
5116,3.4e-05,172.31.46.0-255,66,363,44,381348
5117,3.9e-05,74.125.68.0-255,1484,1847,44,381348
5118,4.4e-05,172.31.46.0-255,66,1913,44,381348
5119,6.4e-05,74.125.68.0-255,2902,4815,44,381348
5120,6.7e-05,172.31.46.0-255,66,4881,44,381348
5121,9.8e-05,74.125.68.0-255,4320,9201,44,381348
5122,0.000101,172.31.46.0-255,66,9267,44,381348
5123,0.000125,74.125.68.0-255,4320,13587,44,381348
5124,0.000128,172.31.46.0-255,66,13653,44,381348
5125,0.000131,74.125.68.0-255,428,14081,44,381348
5126,0.000133,172.31.46.0-255,66,14147,44,381348
5127,0.000423,74.125.68.0-255,1484,15631,44,381348
5128,0.000429,172.31.46.0-255,66,15697,44,381348
5129,0.000436,74.125.68.0-255,2902,18599,44,381348
5130,0.000439,172.31.46.0-255,66,18665,44,381348
5131,0.000444,74.125.68.0-255,5738,24403,44,381348
5132,0.000448,172.31.46.0-255,66,24469,44,381348
5133,0.000479,74.125.68.0-255,5738,30207,44,381348
5134,0.000483,172.31.46.0-255,66,30273,44,381348
5135,0.000498,74.125.68.0-255,2902,33175,44,381348
5136,0.0005,172.31.46.0-255,66,33241,44,381348
5137,0.000528,74.125.68.0-255,3961,37202,44,381348
5138,0.000532,74.125.68.0-255,2902,40104,44,381348
5139,0.000534,172.31.46.0-255,66,40170,44,381348
5140,0.000537,74.125.68.0-255,4320,44490,44,381348
5141,0.000554,172.31.46.0-255,66,44556,44,381348
5142,0.000556,74.125.68.0-255,1484,46040,44,381348
5143,0.000558,172.31.46.0-255,66,46106,44,381348
5144,0.000561,172.31.46.0-255,66,46172,44,381348
5145,0.000577,74.125.68.0-255,2902,49074,44,381348
5146,0.00058,172.31.46.0-255,66,49140,44,381348
5147,0.000602,74.125.68.0-255,5738,54878,44,381348
5148,0.000607,172.31.46.0-255,66,54944,44,381348
5149,0.000629,74.125.68.0-255,4320,59264,44,381348
5150,0.000635,74.125.68.0-255,5738,65002,44,381348
5151,0.000649,74.125.68.0-255,766,65768,44,381348
5152,0.000709,74.125.68.0-255,428,66196,44,381348
5153,0.000741,74.125.68.0-255,1484,67680,44,381348
5154,0.000759,74.125.68.0-255,4320,72000,44,381348
5155,0.000779,74.125.68.0-255,5738,77738,44,381348
5156,0.000805,74.125.68.0-255,4320,82058,44,381348
5157,0.000821,74.125.68.0-255,7156,89214,44,381348
5158,0.000826,74.125.68.0-255,4320,93534,44,381348
5159,0.000884,74.125.68.0-255,6719,100253,44,381348
5160,0.001116,74.125.68.0-255,1484,101737,44,381348
5161,0.001121,74.125.68.0-255,1484,103221,44,381348
5162,0.001123,74.125.68.0-255,1484,104705,44,381348
5163,0.001143,74.125.68.0-255,1484,106189,44,381348
5164,0.001149,74.125.68.0-255,4320,110509,44,381348
5165,0.001166,74.125.68.0-255,1484,111993,44,381348
5166,0.001179,74.125.68.0-255,2902,114895,44,381348
5167,0.001232,74.125.68.0-255,2902,117797,44,381348
5168,0.001249,74.125.68.0-255,6438,124235,44,381348
5169,0.001355,172.31.46.0-255,66,124301,44,381348
5170,0.001426,74.125.68.0-255,1484,125785,44,381348
5171,0.001456,74.125.68.0-255,2902,128687,44,381348
5172,0.001461,74.125.68.0-255,1484,130171,44,381348
5173,0.001472,172.31.46.0-255,66,130237,44,381348
5174,0.001485,74.125.68.0-255,4320,134557,44,381348
5175,0.00149,172.31.46.0-255,66,134623,44,381348
5176,0.001515,74.125.68.0-255,4320,138943,44,381348
5177,0.001522,172.31.46.0-255,66,139009,44,381348
5178,0.001531,74.125.68.0-255,5738,144747,44,381348
5179,0.001537,74.125.68.0-255,5738,150485,44,381348
5180,0.001554,74.125.68.0-255,5738,156223,44,381348
5181,0.001558,74.125.68.0-255,2184,158407,44,381348
5182,0.001579,74.125.68.0-255,1484,159891,44,381348
5183,0.001583,74.125.68.0-255,1484,161375,44,381348
5184,0.0016,74.125.68.0-255,1484,162859,44,381348
5185,0.001603,74.125.68.0-255,1484,164343,44,381348
5186,0.001615,74.125.68.0-255,4320,168663,44,381348
5187,0.001629,74.125.68.0-255,2902,171565,44,381348
5188,0.001651,74.125.68.0-255,5738,177303,44,381348
5189,0.001656,74.125.68.0-255,2902,180205,44,381348
5190,0.001677,74.125.68.0-255,7156,187361,44,381348
5191,0.001681,74.125.68.0-255,2902,190263,44,381348
5192,0.001694,74.125.68.0-255,2184,192447,44,381348
5193,0.001768,74.125.68.0-255,1484,193931,44,381348
5194,0.001784,74.125.68.0-255,2902,196833,44,381348
5195,0.001788,74.125.68.0-255,1484,198317,44,381348
5196,0.001811,74.125.68.0-255,2902,201219,44,381348
5197,0.001819,74.125.68.0-255,7156,208375,44,381348
5198,0.001848,74.125.68.0-255,1484,209859,44,381348
5199,0.001856,74.125.68.0-255,7156,217015,44,381348
5200,0.001861,74.125.68.0-255,5738,222753,44,381348
5201,0.001887,74.125.68.0-255,2902,225655,44,381348
5202,0.00189,74.125.68.0-255,766,226421,44,381348
5203,0.001979,74.125.68.0-255,1484,227905,44,381348
5204,0.001993,74.125.68.0-255,1484,229389,44,381348
5205,0.002014,74.125.68.0-255,1484,230873,44,381348
5206,0.002017,74.125.68.0-255,1484,232357,44,381348
5207,0.002048,74.125.68.0-255,4320,236677,44,381348
5208,0.002085,74.125.68.0-255,1484,238161,44,381348
5209,0.0021,74.125.68.0-255,5738,243899,44,381348
5210,0.002113,74.125.68.0-255,3602,247501,44,381348
5211,0.002165,74.125.68.0-255,1484,248985,44,381348
5212,0.002168,74.125.68.0-255,1484,250469,44,381348
5213,0.002185,74.125.68.0-255,1484,251953,44,381348
5214,0.002189,74.125.68.0-255,2902,254855,44,381348
5215,0.002192,74.125.68.0-255,1484,256339,44,381348
5216,0.002207,74.125.68.0-255,2902,259241,44,381348
5217,0.002256,74.125.68.0-255,1484,260725,44,381348
5218,0.002273,74.125.68.0-255,7156,267881,44,381348
5219,0.002277,74.125.68.0-255,2902,270783,44,381348
5220,0.002282,74.125.68.0-255,4320,275103,44,381348
5221,0.002289,74.125.68.0-255,6438,281541,44,381348
5222,0.003818,172.31.46.0-255,66,281607,44,381348
5223,0.006086,74.125.68.0-255,5738,287345,44,381348
5224,0.006095,172.31.46.0-255,66,287411,44,381348
5225,0.008346,74.125.68.0-255,5738,293149,44,381348
5226,0.008357,172.31.46.0-255,66,293215,44,381348
5227,0.010608,74.125.68.0-255,5738,298953,44,381348
5228,0.010617,172.31.46.0-255,66,299019,44,381348
5229,0.012884,74.125.68.0-255,5738,304757,44,381348
5230,0.012901,172.31.46.0-255,66,304823,44,381348
5231,0.015207,74.125.68.0-255,5738,310561,44,381348
5232,0.015467,172.31.46.0-255,66,310627,44,381348
5233,0.017725,74.125.68.0-255,5738,316365,44,381348
5234,0.017738,172.31.46.0-255,66,316431,44,381348
5235,0.019999,74.125.68.0-255,5738,322169,44,381348
5236,0.020013,172.31.46.0-255,66,322235,44,381348
5237,0.022279,74.125.68.0-255,5738,327973,44,381348
5238,0.022289,172.31.46.0-255,66,328039,44,381348
5239,0.024527,74.125.68.0-255,5738,333777,44,381348
5240,0.024535,172.31.46.0-255,66,333843,44,381348
5241,0.026836,74.125.68.0-255,5738,339581,44,381348
5242,0.026845,172.31.46.0-255,66,339647,44,381348
5243,0.029117,74.125.68.0-255,5738,345385,44,381348
5244,0.029134,172.31.46.0-255,66,345451,44,381348
5245,0.031393,74.125.68.0-255,5738,351189,44,381348
5246,0.031402,172.31.46.0-255,66,351255,44,381348
5247,0.033664,74.125.68.0-255,5738,356993,44,381348
5248,0.033678,172.31.46.0-255,66,357059,44,381348
5249,0.035922,74.125.68.0-255,5738,362797,44,381348
5250,0.03593,172.31.46.0-255,66,362863,44,381348
5251,0.037265,172.31.46.0-255,172,363035,44,381348
5252,0.037299,172.31.46.0-255,1114,364149,44,381348
5253,0.037379,172.31.46.0-255,1514,365663,44,381348
5254,0.037381,172.31.46.0-255,1514,367177,44,381348
5255,0.037386,172.31.46.0-255,1514,368691,44,381348
5256,0.037388,172.31.46.0-255,1514,370205,44,381348
5257,0.037406,172.31.46.0-255,1514,371719,44,381348
5258,0.037407,172.31.46.0-255,70,371789,44,381348
5259,0.038175,74.125.68.0-255,5738,377527,44,381348
5260,0.038183,172.31.46.0-255,66,377593,44,381348
5261,0.038792,104.244.42.0-255,66,377659,44,381348
5262,0.038832,104.244.42.0-255,66,377725,44,381348
5263,0.03897,104.244.42.0-255,66,377791,44,381348
5264,0.038977,104.244.42.0-255,66,377857,44,381348
5265,0.039794,104.244.42.0-255,108,377965,44,381348
5266,0.039804,172.31.46.0-255,66,378031,44,381348
5267,0.04042,74.125.68.0-255,3080,381111,44,381348
5268,0.040426,172.31.46.0-255,66,381177,44,381348
5269,0.040604,172.31.46.0-255,105,381282,44,381348
5270,0.042818,74.125.68.0-255,66,381348,44,381348
5271,0.0,74.125.130.0-255,153,153,44,289927
5272,2.9e-05,172.31.46.0-255,66,219,44,289927
5273,3.8e-05,74.125.130.0-255,1484,1703,44,289927
5274,4.3e-05,172.31.46.0-255,66,1769,44,289927
5275,6.1e-05,74.125.130.0-255,2902,4671,44,289927
5276,6.5e-05,172.31.46.0-255,66,4737,44,289927
5277,7.2e-05,74.125.130.0-255,4320,9057,44,289927
5278,7.6e-05,172.31.46.0-255,66,9123,44,289927
5279,8.2e-05,74.125.130.0-255,4802,13925,44,289927
5280,8.5e-05,172.31.46.0-255,66,13991,44,289927
5281,8.9e-05,74.125.130.0-255,1484,15475,44,289927
5282,9.2e-05,172.31.46.0-255,66,15541,44,289927
5283,0.000139,172.31.46.0-255,66,15607,44,289927
5284,0.000147,74.125.130.0-255,6797,22404,44,289927
5285,0.00015,172.31.46.0-255,66,22470,44,289927
5286,0.000277,74.125.130.0-255,1484,23954,44,289927
5287,0.00028,172.31.46.0-255,66,24020,44,289927
5288,0.000284,74.125.130.0-255,1484,25504,44,289927
5289,0.000286,172.31.46.0-255,66,25570,44,289927
5290,0.00032,74.125.130.0-255,2902,28472,44,289927
5291,0.000322,172.31.46.0-255,66,28538,44,289927
5292,0.000351,74.125.130.0-255,5738,34276,44,289927
5293,0.000355,172.31.46.0-255,66,34342,44,289927
5294,0.000358,74.125.130.0-255,1484,35826,44,289927
5295,0.00036,172.31.46.0-255,66,35892,44,289927
5296,0.000364,74.125.130.0-255,2902,38794,44,289927
5297,0.000372,172.31.46.0-255,66,38860,44,289927
5298,0.000397,74.125.130.0-255,3961,42821,44,289927
5299,0.0004,172.31.46.0-255,66,42887,44,289927
5300,0.000427,74.125.130.0-255,4320,47207,44,289927
5301,0.000429,172.31.46.0-255,66,47273,44,289927
5302,0.000468,74.125.130.0-255,5738,53011,44,289927
5303,0.000472,172.31.46.0-255,66,53077,44,289927
5304,0.000499,74.125.130.0-255,4216,57293,44,289927
5305,0.000502,172.31.46.0-255,66,57359,44,289927
5306,0.000533,74.125.130.0-255,116,57475,44,289927
5307,0.00065,74.125.130.0-255,1484,58959,44,289927
5308,0.000654,172.31.46.0-255,66,59025,44,289927
5309,0.00066,74.125.130.0-255,2902,61927,44,289927
5310,0.000663,172.31.46.0-255,66,61993,44,289927
5311,0.000677,74.125.130.0-255,1484,63477,44,289927
5312,0.000701,74.125.130.0-255,4320,67797,44,289927
5313,0.000705,172.31.46.0-255,66,67863,44,289927
5314,0.000712,74.125.130.0-255,5738,73601,44,289927
5315,0.000714,172.31.46.0-255,66,73667,44,289927
5316,0.000727,74.125.130.0-255,7156,80823,44,289927
5317,0.000729,172.31.46.0-255,66,80889,44,289927
5318,0.00075,74.125.130.0-255,1484,82373,44,289927
5319,0.000792,172.31.46.0-255,66,82439,44,289927
5320,0.000794,74.125.130.0-255,382,82821,44,289927
5321,0.000986,74.125.130.0-255,1484,84305,44,289927
5322,0.000991,172.31.46.0-255,66,84371,44,289927
5323,0.000998,74.125.130.0-255,2902,87273,44,289927
5324,0.001001,172.31.46.0-255,66,87339,44,289927
5325,0.001035,74.125.130.0-255,5738,93077,44,289927
5326,0.001038,172.31.46.0-255,66,93143,44,289927
5327,0.001102,172.31.46.0-255,66,93209,44,289927
5328,0.001106,74.125.130.0-255,1484,94693,44,289927
5329,0.00114,172.31.46.0-255,66,94759,44,289927
5330,0.001166,74.125.130.0-255,1484,96243,44,289927
5331,0.001177,74.125.130.0-255,2902,99145,44,289927
5332,0.001182,172.31.46.0-255,66,99211,44,289927
5333,0.001212,74.125.130.0-255,5738,104949,44,289927
5334,0.001215,172.31.46.0-255,66,105015,44,289927
5335,0.00122,74.125.130.0-255,2902,107917,44,289927
5336,0.001223,172.31.46.0-255,66,107983,44,289927
5337,0.001247,74.125.130.0-255,4320,112303,44,289927
5338,0.001249,172.31.46.0-255,66,112369,44,289927
5339,0.00126,74.125.130.0-255,4320,116689,44,289927
5340,0.001277,172.31.46.0-255,66,116755,44,289927
5341,0.001312,172.31.46.0-255,66,116821,44,289927
5342,0.001317,74.125.130.0-255,3602,120423,44,289927
5343,0.00132,172.31.46.0-255,66,120489,44,289927
5344,0.001361,74.125.130.0-255,2902,123391,44,289927
5345,0.001364,172.31.46.0-255,66,123457,44,289927
5346,0.00137,74.125.130.0-255,4320,127777,44,289927
5347,0.001372,172.31.46.0-255,66,127843,44,289927
5348,0.001411,74.125.130.0-255,4320,132163,44,289927
5349,0.001423,172.31.46.0-255,66,132229,44,289927
5350,0.001426,172.31.46.0-255,66,132295,44,289927
5351,0.001433,74.125.130.0-255,5738,138033,44,289927
5352,0.00144,172.31.46.0-255,66,138099,44,289927
5353,0.001479,172.31.46.0-255,66,138165,44,289927
5354,0.002252,74.125.130.0-255,1484,139649,44,289927
5355,0.002268,74.125.130.0-255,2902,142551,44,289927
5356,0.002279,172.31.46.0-255,66,142617,44,289927
5357,0.002287,74.125.130.0-255,4320,146937,44,289927
5358,0.002289,172.31.46.0-255,66,147003,44,289927
5359,0.002307,74.125.130.0-255,1484,148487,44,289927
5360,0.002342,172.31.46.0-255,66,148553,44,289927
5361,0.002347,74.125.130.0-255,2902,151455,44,289927
5362,0.002349,172.31.46.0-255,66,151521,44,289927
5363,0.002386,74.125.130.0-255,7156,158677,44,289927
5364,0.00239,172.31.46.0-255,66,158743,44,289927
5365,0.002396,74.125.130.0-255,4320,163063,44,289927
5366,0.002398,172.31.46.0-255,66,163129,44,289927
5367,0.002401,74.125.130.0-255,766,163895,44,289927
5368,0.002449,74.125.130.0-255,1484,165379,44,289927
5369,0.002453,172.31.46.0-255,66,165445,44,289927
5370,0.002457,74.125.130.0-255,1484,166929,44,289927
5371,0.002478,74.125.130.0-255,2902,169831,44,289927
5372,0.002481,172.31.46.0-255,66,169897,44,289927
5373,0.002488,74.125.130.0-255,4320,174217,44,289927
5374,0.00249,172.31.46.0-255,66,174283,44,289927
5375,0.002507,74.125.130.0-255,1484,175767,44,289927
5376,0.002548,172.31.46.0-255,66,175833,44,289927
5377,0.002591,172.31.46.0-255,66,175899,44,289927
5378,0.005209,74.125.130.0-255,5738,181637,44,289927
5379,0.005222,172.31.46.0-255,66,181703,44,289927
5380,0.007813,74.125.130.0-255,5738,187441,44,289927
5381,0.007819,172.31.46.0-255,66,187507,44,289927
5382,0.010427,74.125.130.0-255,5738,193245,44,289927
5383,0.010435,172.31.46.0-255,66,193311,44,289927
5384,0.010927,172.31.46.0-255,101,193412,44,289927
5385,0.013071,74.125.130.0-255,5738,199150,44,289927
5386,0.013079,172.31.46.0-255,66,199216,44,289927
5387,0.013499,74.125.130.0-255,66,199282,44,289927
5388,0.015687,74.125.130.0-255,5738,205020,44,289927
5389,0.015695,172.31.46.0-255,66,205086,44,289927
5390,0.018292,74.125.130.0-255,5738,210824,44,289927
5391,0.018299,172.31.46.0-255,66,210890,44,289927
5392,0.020907,74.125.130.0-255,5738,216628,44,289927
5393,0.020917,172.31.46.0-255,66,216694,44,289927
5394,0.023535,74.125.130.0-255,5738,222432,44,289927
5395,0.023545,172.31.46.0-255,66,222498,44,289927
5396,0.026161,74.125.130.0-255,5738,228236,44,289927
5397,0.026169,172.31.46.0-255,66,228302,44,289927
5398,0.028791,74.125.130.0-255,5738,234040,44,289927
5399,0.0288,172.31.46.0-255,66,234106,44,289927
5400,0.031407,74.125.130.0-255,2902,237008,44,289927
5401,0.031415,172.31.46.0-255,66,237074,44,289927
5402,0.031448,74.125.130.0-255,2902,239976,44,289927
5403,0.031452,172.31.46.0-255,66,240042,44,289927
5404,0.034043,74.125.130.0-255,5738,245780,44,289927
5405,0.034061,172.31.46.0-255,66,245846,44,289927
5406,0.036697,74.125.130.0-255,5738,251584,44,289927
5407,0.036716,172.31.46.0-255,66,251650,44,289927
5408,0.039344,74.125.130.0-255,5738,257388,44,289927
5409,0.039359,172.31.46.0-255,66,257454,44,289927
5410,0.041969,74.125.130.0-255,5738,263192,44,289927
5411,0.041983,172.31.46.0-255,66,263258,44,289927
5412,0.044608,74.125.130.0-255,5738,268996,44,289927
5413,0.044622,172.31.46.0-255,66,269062,44,289927
5414,0.046926,172.31.46.0-255,172,269234,44,289927
5415,0.046961,172.31.46.0-255,1109,270343,44,289927
5416,0.047027,172.31.46.0-255,1514,271857,44,289927
5417,0.047029,172.31.46.0-255,1514,273371,44,289927
5418,0.047035,172.31.46.0-255,1514,274885,44,289927
5419,0.047037,172.31.46.0-255,1514,276399,44,289927
5420,0.047056,172.31.46.0-255,1514,277913,44,289927
5421,0.047057,172.31.46.0-255,76,277989,44,289927
5422,0.047233,74.125.130.0-255,5738,283727,44,289927
5423,0.047242,172.31.46.0-255,66,283793,44,289927
5424,0.048482,104.244.42.0-255,66,283859,44,289927
5425,0.048584,104.244.42.0-255,66,283925,44,289927
5426,0.04859,104.244.42.0-255,66,283991,44,289927
5427,0.048718,104.244.42.0-255,66,284057,44,289927
5428,0.048725,104.244.42.0-255,66,284123,44,289927
5429,0.049845,74.125.130.0-255,5738,289861,44,289927
5430,0.049856,172.31.46.0-255,66,289927,44,289927
5431,0.0,74.125.24.0-255,146,146,44,239338
5432,2.4e-05,172.31.46.0-255,66,212,44,239338
5433,3.1e-05,74.125.24.0-255,1484,1696,44,239338
5434,3.6e-05,172.31.46.0-255,66,1762,44,239338
5435,4.1e-05,74.125.24.0-255,2902,4664,44,239338
5436,4.4e-05,172.31.46.0-255,66,4730,44,239338
5437,5.9e-05,74.125.24.0-255,7156,11886,44,239338
5438,6.3e-05,172.31.46.0-255,66,11952,44,239338
5439,8e-05,74.125.24.0-255,2083,14035,44,239338
5440,8.3e-05,172.31.46.0-255,66,14101,44,239338
5441,8.7e-05,74.125.24.0-255,2902,17003,44,239338
5442,9e-05,172.31.46.0-255,66,17069,44,239338
5443,9.8e-05,74.125.24.0-255,1484,18553,44,239338
5444,0.0001,172.31.46.0-255,66,18619,44,239338
5445,0.000131,74.125.24.0-255,5738,24357,44,239338
5446,0.000134,172.31.46.0-255,66,24423,44,239338
5447,0.000141,74.125.24.0-255,6797,31220,44,239338
5448,0.000144,172.31.46.0-255,66,31286,44,239338
5449,0.000262,74.125.24.0-255,1484,32770,44,239338
5450,0.000266,172.31.46.0-255,66,32836,44,239338
5451,0.000273,74.125.24.0-255,2902,35738,44,239338
5452,0.000275,172.31.46.0-255,66,35804,44,239338
5453,0.000285,74.125.24.0-255,2902,38706,44,239338
5454,0.000287,172.31.46.0-255,66,38772,44,239338
5455,0.000317,74.125.24.0-255,2902,41674,44,239338
5456,0.00032,172.31.46.0-255,66,41740,44,239338
5457,0.000323,74.125.24.0-255,1484,43224,44,239338
5458,0.000325,172.31.46.0-255,66,43290,44,239338
5459,0.000361,74.125.24.0-255,5379,48669,44,239338
5460,0.000363,172.31.46.0-255,66,48735,44,239338
5461,0.000655,74.125.24.0-255,1484,50219,44,239338
5462,0.000661,172.31.46.0-255,66,50285,44,239338
5463,0.000667,74.125.24.0-255,2902,53187,44,239338
5464,0.00067,172.31.46.0-255,66,53253,44,239338
5465,0.000681,74.125.24.0-255,5738,58991,44,239338
5466,0.000684,172.31.46.0-255,66,59057,44,239338
5467,0.000691,74.125.24.0-255,6797,65854,44,239338
5468,0.000697,172.31.46.0-255,66,65920,44,239338
5469,0.000744,74.125.24.0-255,410,66330,44,239338
5470,0.001127,172.31.46.0-255,66,66396,44,239338
5471,0.001154,74.125.24.0-255,333,66729,44,239338
5472,0.001168,172.31.46.0-255,66,66795,44,239338
5473,0.001602,74.125.24.0-255,1484,68279,44,239338
5474,0.001613,74.125.24.0-255,2902,71181,44,239338
5475,0.001618,172.31.46.0-255,66,71247,44,239338
5476,0.001647,74.125.24.0-255,5738,76985,44,239338
5477,0.00165,172.31.46.0-255,66,77051,44,239338
5478,0.001674,74.125.24.0-255,2902,79953,44,239338
5479,0.001677,172.31.46.0-255,66,80019,44,239338
5480,0.0017,74.125.24.0-255,5738,85757,44,239338
5481,0.001702,172.31.46.0-255,66,85823,44,239338
5482,0.001729,172.31.46.0-255,66,85889,44,239338
5483,0.001745,74.125.24.0-255,2184,88073,44,239338
5484,0.001748,172.31.46.0-255,66,88139,44,239338
5485,0.002115,74.125.24.0-255,1484,89623,44,239338
5486,0.002122,74.125.24.0-255,2902,92525,44,239338
5487,0.002126,172.31.46.0-255,66,92591,44,239338
5488,0.002162,74.125.24.0-255,2902,95493,44,239338
5489,0.002165,172.31.46.0-255,66,95559,44,239338
5490,0.002183,74.125.24.0-255,2902,98461,44,239338
5491,0.002185,172.31.46.0-255,66,98527,44,239338
5492,0.002198,172.31.46.0-255,66,98593,44,239338
5493,0.002202,74.125.24.0-255,1484,100077,44,239338
5494,0.002215,74.125.24.0-255,2902,102979,44,239338
5495,0.002221,172.31.46.0-255,66,103045,44,239338
5496,0.002244,74.125.24.0-255,6438,109483,44,239338
5497,0.002246,172.31.46.0-255,66,109549,44,239338
5498,0.00451,74.125.24.0-255,5738,115287,44,239338
5499,0.004515,172.31.46.0-255,66,115353,44,239338
5500,0.006755,74.125.24.0-255,5738,121091,44,239338
5501,0.006762,172.31.46.0-255,66,121157,44,239338
5502,0.009017,74.125.24.0-255,5738,126895,44,239338
5503,0.009029,172.31.46.0-255,66,126961,44,239338
5504,0.011291,74.125.24.0-255,5738,132699,44,239338
5505,0.011301,172.31.46.0-255,66,132765,44,239338
5506,0.013549,74.125.24.0-255,5738,138503,44,239338
5507,0.013558,172.31.46.0-255,66,138569,44,239338
5508,0.015824,74.125.24.0-255,5738,144307,44,239338
5509,0.015833,172.31.46.0-255,66,144373,44,239338
5510,0.01807,74.125.24.0-255,5738,150111,44,239338
5511,0.01808,172.31.46.0-255,66,150177,44,239338
5512,0.020334,74.125.24.0-255,5738,155915,44,239338
5513,0.020341,172.31.46.0-255,66,155981,44,239338
5514,0.022587,74.125.24.0-255,5738,161719,44,239338
5515,0.022595,172.31.46.0-255,66,161785,44,239338
5516,0.024868,74.125.24.0-255,5738,167523,44,239338
5517,0.024875,172.31.46.0-255,66,167589,44,239338
5518,0.027108,74.125.24.0-255,5738,173327,44,239338
5519,0.027116,172.31.46.0-255,66,173393,44,239338
5520,0.029362,74.125.24.0-255,4320,177713,44,239338
5521,0.029368,172.31.46.0-255,66,177779,44,239338
5522,0.029385,74.125.24.0-255,1484,179263,44,239338
5523,0.031633,74.125.24.0-255,4320,183583,44,239338
5524,0.031642,172.31.46.0-255,66,183649,44,239338
5525,0.033908,74.125.24.0-255,5738,189387,44,239338
5526,0.033915,172.31.46.0-255,66,189453,44,239338
5527,0.036163,74.125.24.0-255,5738,195191,44,239338
5528,0.036169,172.31.46.0-255,66,195257,44,239338
5529,0.036314,172.31.46.0-255,172,195429,44,239338
5530,0.03634,172.31.46.0-255,1114,196543,44,239338
5531,0.036399,172.31.46.0-255,1514,198057,44,239338
5532,0.036419,172.31.46.0-255,1514,199571,44,239338
5533,0.036422,172.31.46.0-255,1514,201085,44,239338
5534,0.036437,172.31.46.0-255,1514,202599,44,239338
5535,0.03644,172.31.46.0-255,1514,204113,44,239338
5536,0.036441,172.31.46.0-255,71,204184,44,239338
5537,0.037852,104.244.42.0-255,66,204250,44,239338
5538,0.037893,104.244.42.0-255,66,204316,44,239338
5539,0.037963,104.244.42.0-255,66,204382,44,239338
5540,0.038011,104.244.42.0-255,66,204448,44,239338
5541,0.038014,104.244.42.0-255,66,204514,44,239338
5542,0.038435,74.125.24.0-255,5738,210252,44,239338
5543,0.038441,172.31.46.0-255,66,210318,44,239338
5544,0.04072,74.125.24.0-255,5738,216056,44,239338
5545,0.04073,172.31.46.0-255,66,216122,44,239338
5546,0.042978,74.125.24.0-255,5738,221860,44,239338
5547,0.042985,172.31.46.0-255,66,221926,44,239338
5548,0.045228,74.125.24.0-255,5738,227664,44,239338
5549,0.045234,172.31.46.0-255,66,227730,44,239338
5550,0.047494,74.125.24.0-255,5738,233468,44,239338
5551,0.047501,172.31.46.0-255,66,233534,44,239338
5552,0.049752,74.125.24.0-255,5738,239272,44,239338
5553,0.049758,172.31.46.0-255,66,239338,44,239338
5554,0.0,172.31.46.0-255,105,105,44,276
5555,0.001817,157.240.13.0-255,105,210,44,276
5556,0.001831,172.31.46.0-255,66,276,44,276
5557,0.0,172.217.194.0-255,146,146,44,234447
5558,2.6e-05,172.31.46.0-255,66,212,44,234447
5559,3.3e-05,172.217.194.0-255,1484,1696,44,234447
5560,3.7e-05,172.31.46.0-255,66,1762,44,234447
5561,4.3e-05,172.217.194.0-255,2902,4664,44,234447
5562,5.2e-05,172.31.46.0-255,66,4730,44,234447
5563,6.1e-05,172.217.194.0-255,7156,11886,44,234447
5564,6.4e-05,172.31.46.0-255,66,11952,44,234447
5565,6.8e-05,172.217.194.0-255,2083,14035,44,234447
5566,7.3e-05,172.31.46.0-255,66,14101,44,234447
5567,8.8e-05,172.31.46.0-255,66,14167,44,234447
5568,9.4e-05,172.217.194.0-255,5379,19546,44,234447
5569,9.8e-05,172.31.46.0-255,66,19612,44,234447
5570,0.000139,172.217.194.0-255,1484,21096,44,234447
5571,0.000142,172.31.46.0-255,66,21162,44,234447
5572,0.000146,172.217.194.0-255,1484,22646,44,234447
5573,0.000148,172.31.46.0-255,66,22712,44,234447
5574,0.000173,172.217.194.0-255,1484,24196,44,234447
5575,0.000176,172.31.46.0-255,66,24262,44,234447
5576,0.000183,172.217.194.0-255,5738,30000,44,234447
5577,0.000186,172.31.46.0-255,66,30066,44,234447
5578,0.000205,172.31.46.0-255,66,30132,44,234447
5579,0.000211,172.217.194.0-255,4320,34452,44,234447
5580,0.000213,172.31.46.0-255,66,34518,44,234447
5581,0.000251,172.217.194.0-255,7156,41674,44,234447
5582,0.000254,172.31.46.0-255,66,41740,44,234447
5583,0.000257,172.217.194.0-255,1435,43175,44,234447
5584,0.000259,172.31.46.0-255,66,43241,44,234447
5585,0.000262,172.217.194.0-255,98,43339,44,234447
5586,0.000264,172.31.46.0-255,66,43405,44,234447
5587,0.000317,172.217.194.0-255,1484,44889,44,234447
5588,0.000333,172.217.194.0-255,2902,47791,44,234447
5589,0.000337,172.31.46.0-255,66,47857,44,234447
5590,0.000342,172.217.194.0-255,2902,50759,44,234447
5591,0.000344,172.31.46.0-255,66,50825,44,234447
5592,0.000368,172.217.194.0-255,4320,55145,44,234447
5593,0.000375,172.31.46.0-255,66,55211,44,234447
5594,0.000378,172.217.194.0-255,1484,56695,44,234447
5595,0.000403,172.217.194.0-255,4260,60955,44,234447
5596,0.000405,172.31.46.0-255,66,61021,44,234447
5597,0.000429,172.217.194.0-255,4320,65341,44,234447
5598,0.000432,172.31.46.0-255,66,65407,44,234447
5599,0.000458,172.217.194.0-255,5738,71145,44,234447
5600,0.000461,172.31.46.0-255,66,71211,44,234447
5601,0.000481,172.217.194.0-255,2902,74113,44,234447
5602,0.000484,172.31.46.0-255,66,74179,44,234447
5603,0.000514,172.217.194.0-255,3961,78140,44,234447
5604,0.000518,172.31.46.0-255,66,78206,44,234447
5605,0.00119,172.217.194.0-255,1484,79690,44,234447
5606,0.001196,172.217.194.0-255,2902,82592,44,234447
5607,0.001199,172.31.46.0-255,66,82658,44,234447
5608,0.001205,172.217.194.0-255,4320,86978,44,234447
5609,0.001206,172.31.46.0-255,66,87044,44,234447
5610,0.001221,172.217.194.0-255,1484,88528,44,234447
5611,0.001225,172.217.194.0-255,2902,91430,44,234447
5612,0.001227,172.31.46.0-255,66,91496,44,234447
5613,0.00126,172.31.46.0-255,66,91562,44,234447
5614,0.001275,172.31.46.0-255,66,91628,44,234447
5615,0.003266,172.217.194.0-255,5738,97366,44,234447
5616,0.003273,172.31.46.0-255,66,97432,44,234447
5617,0.005322,172.217.194.0-255,2902,100334,44,234447
5618,0.005325,172.31.46.0-255,66,100400,44,234447
5619,0.005353,172.217.194.0-255,2902,103302,44,234447
5620,0.005355,172.31.46.0-255,66,103368,44,234447
5621,0.007352,172.217.194.0-255,5738,109106,44,234447
5622,0.007358,172.31.46.0-255,66,109172,44,234447
5623,0.009345,172.217.194.0-255,5738,114910,44,234447
5624,0.009353,172.31.46.0-255,66,114976,44,234447
5625,0.011362,172.217.194.0-255,5738,120714,44,234447
5626,0.011369,172.31.46.0-255,66,120780,44,234447
5627,0.013463,172.217.194.0-255,5738,126518,44,234447
5628,0.013473,172.31.46.0-255,66,126584,44,234447
5629,0.015515,172.217.194.0-255,5738,132322,44,234447
5630,0.015525,172.31.46.0-255,66,132388,44,234447
5631,0.017572,172.217.194.0-255,5738,138126,44,234447
5632,0.01758,172.31.46.0-255,66,138192,44,234447
5633,0.019626,172.217.194.0-255,5738,143930,44,234447
5634,0.019634,172.31.46.0-255,66,143996,44,234447
5635,0.021641,172.217.194.0-255,5738,149734,44,234447
5636,0.021649,172.31.46.0-255,66,149800,44,234447
5637,0.023664,172.217.194.0-255,5738,155538,44,234447
5638,0.023672,172.31.46.0-255,66,155604,44,234447
5639,0.025685,172.217.194.0-255,5738,161342,44,234447
5640,0.025693,172.31.46.0-255,66,161408,44,234447
5641,0.027722,172.217.194.0-255,5738,167146,44,234447
5642,0.027729,172.31.46.0-255,66,167212,44,234447
5643,0.029724,172.217.194.0-255,5738,172950,44,234447
5644,0.029731,172.31.46.0-255,66,173016,44,234447
5645,0.031762,172.217.194.0-255,5738,178754,44,234447
5646,0.031768,172.31.46.0-255,66,178820,44,234447
5647,0.03381,172.217.194.0-255,5738,184558,44,234447
5648,0.03382,172.31.46.0-255,66,184624,44,234447
5649,0.035813,172.217.194.0-255,5738,190362,44,234447
5650,0.035825,172.31.46.0-255,66,190428,44,234447
5651,0.037868,172.217.194.0-255,5738,196166,44,234447
5652,0.037879,172.31.46.0-255,66,196232,44,234447
5653,0.038769,172.31.46.0-255,176,196408,44,234447
5654,0.038806,172.31.46.0-255,1114,197522,44,234447
5655,0.038881,172.31.46.0-255,1514,199036,44,234447
5656,0.038884,172.31.46.0-255,1514,200550,44,234447
5657,0.038885,172.31.46.0-255,1514,202064,44,234447
5658,0.038886,172.31.46.0-255,1514,203578,44,234447
5659,0.038914,172.31.46.0-255,1514,205092,44,234447
5660,0.038915,172.31.46.0-255,71,205163,44,234447
5661,0.039914,172.217.194.0-255,5738,210901,44,234447
5662,0.039925,172.31.46.0-255,66,210967,44,234447
5663,0.04033,104.244.42.0-255,66,211033,44,234447
5664,0.040367,104.244.42.0-255,66,211099,44,234447
5665,0.040489,104.244.42.0-255,66,211165,44,234447
5666,0.040494,104.244.42.0-255,66,211231,44,234447
5667,0.041995,172.217.194.0-255,5738,216969,44,234447
5668,0.042007,172.31.46.0-255,66,217035,44,234447
5669,0.044022,172.217.194.0-255,5738,222773,44,234447
5670,0.044038,172.31.46.0-255,66,222839,44,234447
5671,0.046091,172.217.194.0-255,5738,228577,44,234447
5672,0.046104,172.31.46.0-255,66,228643,44,234447
5673,0.048124,172.217.194.0-255,5738,234381,44,234447
5674,0.048135,172.31.46.0-255,66,234447,44,234447
5675,0.0,172.217.194.0-255,147,147,44,316742
5676,2.4e-05,172.31.46.0-255,66,213,44,316742
5677,3e-05,172.217.194.0-255,1484,1697,44,316742
5678,3.4e-05,172.31.46.0-255,66,1763,44,316742
5679,4.1e-05,172.217.194.0-255,2902,4665,44,316742
5680,4.4e-05,172.31.46.0-255,66,4731,44,316742
5681,5.2e-05,172.217.194.0-255,7156,11887,44,316742
5682,5.5e-05,172.31.46.0-255,66,11953,44,316742
5683,6.1e-05,172.217.194.0-255,4939,16892,44,316742
5684,6.4e-05,172.31.46.0-255,66,16958,44,316742
5685,6.7e-05,172.217.194.0-255,1484,18442,44,316742
5686,6.9e-05,172.31.46.0-255,66,18508,44,316742
5687,0.000103,172.31.46.0-255,66,18574,44,316742
5688,0.000167,172.217.194.0-255,1484,20058,44,316742
5689,0.00017,172.31.46.0-255,66,20124,44,316742
5690,0.000173,172.217.194.0-255,1484,21608,44,316742
5691,0.000175,172.31.46.0-255,66,21674,44,316742
5692,0.000189,172.217.194.0-255,1484,23158,44,316742
5693,0.000192,172.31.46.0-255,66,23224,44,316742
5694,0.000199,172.217.194.0-255,5738,28962,44,316742
5695,0.000201,172.31.46.0-255,66,29028,44,316742
5696,0.000227,172.217.194.0-255,5738,34766,44,316742
5697,0.000245,172.31.46.0-255,66,34832,44,316742
5698,0.000272,172.31.46.0-255,66,34898,44,316742
5699,0.000277,172.217.194.0-255,5738,40636,44,316742
5700,0.00028,172.31.46.0-255,66,40702,44,316742
5701,0.000284,172.217.194.0-255,2902,43604,44,316742
5702,0.000286,172.31.46.0-255,66,43670,44,316742
5703,0.000299,172.217.194.0-255,1736,45406,44,316742
5704,0.000302,172.31.46.0-255,66,45472,44,316742
5705,0.000504,172.217.194.0-255,1484,46956,44,316742
5706,0.000511,172.217.194.0-255,2902,49858,44,316742
5707,0.000515,172.31.46.0-255,66,49924,44,316742
5708,0.00052,172.217.194.0-255,2902,52826,44,316742
5709,0.000523,172.31.46.0-255,66,52892,44,316742
5710,0.000538,172.217.194.0-255,2902,55794,44,316742
5711,0.00054,172.31.46.0-255,66,55860,44,316742
5712,0.000546,172.217.194.0-255,4320,60180,44,316742
5713,0.000548,172.31.46.0-255,66,60246,44,316742
5714,0.000579,172.217.194.0-255,7156,67402,44,316742
5715,0.000582,172.31.46.0-255,66,67468,44,316742
5716,0.000596,172.31.46.0-255,66,67534,44,316742
5717,0.000699,172.217.194.0-255,1484,69018,44,316742
5718,0.000714,172.217.194.0-255,2902,71920,44,316742
5719,0.000717,172.31.46.0-255,66,71986,44,316742
5720,0.000721,172.217.194.0-255,1484,73470,44,316742
5721,0.000741,172.217.194.0-255,4320,77790,44,316742
5722,0.000744,172.31.46.0-255,66,77856,44,316742
5723,0.000751,172.217.194.0-255,7156,85012,44,316742
5724,0.000753,172.31.46.0-255,66,85078,44,316742
5725,0.000772,172.217.194.0-255,2902,87980,44,316742
5726,0.000775,172.31.46.0-255,66,88046,44,316742
5727,0.0008,172.217.194.0-255,2902,90948,44,316742
5728,0.000803,172.31.46.0-255,66,91014,44,316742
5729,0.000828,172.31.46.0-255,66,91080,44,316742
5730,0.000889,172.217.194.0-255,5738,96818,44,316742
5731,0.000892,172.31.46.0-255,66,96884,44,316742
5732,0.000914,172.217.194.0-255,7156,104040,44,316742
5733,0.000932,172.217.194.0-255,6438,110478,44,316742
5734,0.000943,172.31.46.0-255,66,110544,44,316742
5735,0.000946,172.31.46.0-255,66,110610,44,316742
5736,0.00095,172.31.46.0-255,66,110676,44,316742
5737,0.001291,172.217.194.0-255,1484,112160,44,316742
5738,0.001298,172.217.194.0-255,2902,115062,44,316742
5739,0.001301,172.31.46.0-255,66,115128,44,316742
5740,0.001307,172.217.194.0-255,4320,119448,44,316742
5741,0.00131,172.31.46.0-255,66,119514,44,316742
5742,0.001321,172.217.194.0-255,1484,120998,44,316742
5743,0.001334,172.31.46.0-255,66,121064,44,316742
5744,0.001352,172.217.194.0-255,2902,123966,44,316742
5745,0.001355,172.31.46.0-255,66,124032,44,316742
5746,0.001373,172.217.194.0-255,5738,129770,44,316742
5747,0.001376,172.31.46.0-255,66,129836,44,316742
5748,0.001399,172.217.194.0-255,5020,134856,44,316742
5749,0.001402,172.31.46.0-255,66,134922,44,316742
5750,0.001594,172.217.194.0-255,1484,136406,44,316742
5751,0.0016,172.217.194.0-255,2902,139308,44,316742
5752,0.001604,172.31.46.0-255,66,139374,44,316742
5753,0.001626,172.217.194.0-255,5738,145112,44,316742
5754,0.001629,172.31.46.0-255,66,145178,44,316742
5755,0.001661,172.31.46.0-255,66,145244,44,316742
5756,0.001668,172.217.194.0-255,5738,150982,44,316742
5757,0.00167,172.31.46.0-255,66,151048,44,316742
5758,0.001697,172.217.194.0-255,5020,156068,44,316742
5759,0.001699,172.31.46.0-255,66,156134,44,316742
5760,0.001783,172.217.194.0-255,1484,157618,44,316742
5761,0.001807,172.217.194.0-255,2902,160520,44,316742
5762,0.00181,172.31.46.0-255,66,160586,44,316742
5763,0.001815,172.217.194.0-255,2902,163488,44,316742
5764,0.001817,172.31.46.0-255,66,163554,44,316742
5765,0.001831,172.217.194.0-255,1484,165038,44,316742
5766,0.001857,172.31.46.0-255,66,165104,44,316742
5767,0.001876,172.217.194.0-255,2902,168006,44,316742
5768,0.001879,172.31.46.0-255,66,168072,44,316742
5769,0.001901,172.217.194.0-255,7156,175228,44,316742
5770,0.001905,172.31.46.0-255,66,175294,44,316742
5771,0.001923,172.217.194.0-255,2902,178196,44,316742
5772,0.001926,172.31.46.0-255,66,178262,44,316742
5773,0.001948,172.217.194.0-255,3602,181864,44,316742
5774,0.001951,172.31.46.0-255,66,181930,44,316742
5775,0.002037,172.217.194.0-255,1484,183414,44,316742
5776,0.002041,172.217.194.0-255,1484,184898,44,316742
5777,0.002043,172.31.46.0-255,66,184964,44,316742
5778,0.003964,172.217.194.0-255,2902,187866,44,316742
5779,0.003972,172.31.46.0-255,66,187932,44,316742
5780,0.00409,172.217.194.0-255,2902,190834,44,316742
5781,0.004095,172.31.46.0-255,66,190900,44,316742
5782,0.006006,172.217.194.0-255,2902,193802,44,316742
5783,0.006013,172.31.46.0-255,66,193868,44,316742
5784,0.006143,172.217.194.0-255,2902,196770,44,316742
5785,0.006145,172.31.46.0-255,66,196836,44,316742
5786,0.00807,172.217.194.0-255,2902,199738,44,316742
5787,0.008074,172.31.46.0-255,66,199804,44,316742
5788,0.008156,172.217.194.0-255,2902,202706,44,316742
5789,0.00816,172.31.46.0-255,66,202772,44,316742
5790,0.008299,172.31.46.0-255,101,202873,44,316742
5791,0.010096,172.217.194.0-255,2902,205775,44,316742
5792,0.010104,172.31.46.0-255,66,205841,44,316742
5793,0.01018,172.217.194.0-255,2902,208743,44,316742
5794,0.010184,172.31.46.0-255,66,208809,44,316742
5795,0.010267,172.217.194.0-255,66,208875,44,316742
5796,0.012131,172.217.194.0-255,2902,211777,44,316742
5797,0.012143,172.31.46.0-255,66,211843,44,316742
5798,0.012193,172.217.194.0-255,2902,214745,44,316742
5799,0.012196,172.31.46.0-255,66,214811,44,316742
5800,0.014179,172.217.194.0-255,2902,217713,44,316742
5801,0.014193,172.31.46.0-255,66,217779,44,316742
5802,0.014216,172.217.194.0-255,2902,220681,44,316742
5803,0.014219,172.31.46.0-255,66,220747,44,316742
5804,0.01623,172.217.194.0-255,5738,226485,44,316742
5805,0.016243,172.31.46.0-255,66,226551,44,316742
5806,0.01829,172.217.194.0-255,5738,232289,44,316742
5807,0.018301,172.31.46.0-255,66,232355,44,316742
5808,0.020358,172.217.194.0-255,5738,238093,44,316742
5809,0.020376,172.31.46.0-255,66,238159,44,316742
5810,0.022391,172.217.194.0-255,5738,243897,44,316742
5811,0.022403,172.31.46.0-255,66,243963,44,316742
5812,0.024429,172.217.194.0-255,5738,249701,44,316742
5813,0.024438,172.31.46.0-255,66,249767,44,316742
5814,0.026477,172.217.194.0-255,5738,255505,44,316742
5815,0.026486,172.31.46.0-255,66,255571,44,316742
5816,0.028511,172.217.194.0-255,5738,261309,44,316742
5817,0.028523,172.31.46.0-255,66,261375,44,316742
5818,0.03058,172.217.194.0-255,5738,267113,44,316742
5819,0.030595,172.31.46.0-255,66,267179,44,316742
5820,0.032639,172.217.194.0-255,5738,272917,44,316742
5821,0.032659,172.31.46.0-255,66,272983,44,316742
5822,0.034677,172.217.194.0-255,5738,278721,44,316742
5823,0.03469,172.31.46.0-255,66,278787,44,316742
5824,0.036716,172.217.194.0-255,5738,284525,44,316742
5825,0.036731,172.31.46.0-255,66,284591,44,316742
5826,0.038766,172.217.194.0-255,5738,290329,44,316742
5827,0.038778,172.31.46.0-255,66,290395,44,316742
5828,0.040826,172.217.194.0-255,5738,296133,44,316742
5829,0.040847,172.31.46.0-255,66,296199,44,316742
5830,0.042879,172.217.194.0-255,5738,301937,44,316742
5831,0.042893,172.31.46.0-255,66,302003,44,316742
5832,0.044915,172.217.194.0-255,5642,307645,44,316742
5833,0.044932,172.31.46.0-255,66,307711,44,316742
5834,0.045221,172.31.46.0-255,105,307816,44,316742
5835,0.048809,172.31.46.0-255,172,307988,44,316742
5836,0.048844,172.31.46.0-255,1114,309102,44,316742
5837,0.048917,172.31.46.0-255,1514,310616,44,316742
5838,0.048919,172.31.46.0-255,1514,312130,44,316742
5839,0.048925,172.31.46.0-255,1514,313644,44,316742
5840,0.048926,172.31.46.0-255,1514,315158,44,316742
5841,0.048945,172.31.46.0-255,1514,316672,44,316742
5842,0.048946,172.31.46.0-255,70,316742,44,316742
5843,0.0,74.125.200.0-255,155,155,44,338420
5844,1.6e-05,172.31.46.0-255,66,221,44,338420
5845,4.5e-05,74.125.200.0-255,1484,1705,44,338420
5846,5e-05,172.31.46.0-255,66,1771,44,338420
5847,5.3e-05,74.125.200.0-255,1484,3255,44,338420
5848,5.5e-05,172.31.46.0-255,66,3321,44,338420
5849,7.2e-05,74.125.200.0-255,1484,4805,44,338420
5850,7.4e-05,172.31.46.0-255,66,4871,44,338420
5851,7.9e-05,74.125.200.0-255,2902,7773,44,338420
5852,8.2e-05,172.31.46.0-255,66,7839,44,338420
5853,8.7e-05,74.125.200.0-255,4320,12159,44,338420
5854,8.9e-05,172.31.46.0-255,66,12225,44,338420
5855,0.000138,172.31.46.0-255,66,12291,44,338420
5856,0.000143,74.125.200.0-255,4320,16611,44,338420
5857,0.000145,172.31.46.0-255,66,16677,44,338420
5858,0.000196,74.125.200.0-255,5379,22056,44,338420
5859,0.000199,172.31.46.0-255,66,22122,44,338420
5860,0.000229,74.125.200.0-255,1484,23606,44,338420
5861,0.000231,172.31.46.0-255,66,23672,44,338420
5862,0.000247,74.125.200.0-255,2902,26574,44,338420
5863,0.00025,172.31.46.0-255,66,26640,44,338420
5864,0.000272,74.125.200.0-255,2902,29542,44,338420
5865,0.000274,172.31.46.0-255,66,29608,44,338420
5866,0.000303,74.125.200.0-255,2902,32510,44,338420
5867,0.000305,172.31.46.0-255,66,32576,44,338420
5868,0.000313,74.125.200.0-255,6797,39373,44,338420
5869,0.000315,172.31.46.0-255,66,39439,44,338420
5870,0.000358,172.31.46.0-255,66,39505,44,338420
5871,0.000386,74.125.200.0-255,5720,45225,44,338420
5872,0.000389,172.31.46.0-255,66,45291,44,338420
5873,0.000391,74.125.200.0-255,345,45636,44,338420
5874,0.000672,74.125.200.0-255,1484,47120,44,338420
5875,0.000677,172.31.46.0-255,66,47186,44,338420
5876,0.000708,74.125.200.0-255,2902,50088,44,338420
5877,0.00071,172.31.46.0-255,66,50154,44,338420
5878,0.000716,74.125.200.0-255,4320,54474,44,338420
5879,0.000717,172.31.46.0-255,66,54540,44,338420
5880,0.000721,74.125.200.0-255,2902,57442,44,338420
5881,0.000723,172.31.46.0-255,66,57508,44,338420
5882,0.000755,74.125.200.0-255,5738,63246,44,338420
5883,0.000757,172.31.46.0-255,66,63312,44,338420
5884,0.000764,74.125.200.0-255,5738,69050,44,338420
5885,0.000765,172.31.46.0-255,66,69116,44,338420
5886,0.000772,74.125.200.0-255,7156,76272,44,338420
5887,0.000775,172.31.46.0-255,66,76338,44,338420
5888,0.000793,74.125.200.0-255,1484,77822,44,338420
5889,0.00081,74.125.200.0-255,2184,80006,44,338420
5890,0.000813,172.31.46.0-255,66,80072,44,338420
5891,0.000971,74.125.200.0-255,1484,81556,44,338420
5892,0.000976,74.125.200.0-255,2902,84458,44,338420
5893,0.000979,172.31.46.0-255,66,84524,44,338420
5894,0.000991,74.125.200.0-255,1484,86008,44,338420
5895,0.001008,74.125.200.0-255,1484,87492,44,338420
5896,0.00101,172.31.46.0-255,66,87558,44,338420
5897,0.001015,74.125.200.0-255,4320,91878,44,338420
5898,0.001016,172.31.46.0-255,66,91944,44,338420
5899,0.001052,172.31.46.0-255,66,92010,44,338420
5900,0.001058,74.125.200.0-255,7156,99166,44,338420
5901,0.001061,172.31.46.0-255,66,99232,44,338420
5902,0.001099,74.125.200.0-255,1484,100716,44,338420
5903,0.001109,74.125.200.0-255,1484,102200,44,338420
5904,0.001112,172.31.46.0-255,66,102266,44,338420
5905,0.001138,74.125.200.0-255,3602,105868,44,338420
5906,0.001141,172.31.46.0-255,66,105934,44,338420
5907,0.001205,74.125.200.0-255,1484,107418,44,338420
5908,0.001215,74.125.200.0-255,2902,110320,44,338420
5909,0.001218,172.31.46.0-255,66,110386,44,338420
5910,0.001221,74.125.200.0-255,1484,111870,44,338420
5911,0.001247,74.125.200.0-255,4320,116190,44,338420
5912,0.00125,172.31.46.0-255,66,116256,44,338420
5913,0.001253,74.125.200.0-255,1484,117740,44,338420
5914,0.001257,74.125.200.0-255,2902,120642,44,338420
5915,0.001259,172.31.46.0-255,66,120708,44,338420
5916,0.001265,74.125.200.0-255,1484,122192,44,338420
5917,0.001285,74.125.200.0-255,4320,126512,44,338420
5918,0.001287,172.31.46.0-255,66,126578,44,338420
5919,0.001306,74.125.200.0-255,7156,133734,44,338420
5920,0.00131,172.31.46.0-255,66,133800,44,338420
5921,0.001338,74.125.200.0-255,5738,139538,44,338420
5922,0.001341,172.31.46.0-255,66,139604,44,338420
5923,0.001344,74.125.200.0-255,766,140370,44,338420
5924,0.001346,74.125.200.0-255,1484,141854,44,338420
5925,0.001348,172.31.46.0-255,66,141920,44,338420
5926,0.001382,74.125.200.0-255,4320,146240,44,338420
5927,0.001385,172.31.46.0-255,66,146306,44,338420
5928,0.001395,74.125.200.0-255,1484,147790,44,338420
5929,0.001423,172.31.46.0-255,66,147856,44,338420
5930,0.001425,74.125.200.0-255,1484,149340,44,338420
5931,0.001464,172.31.46.0-255,66,149406,44,338420
5932,0.00147,74.125.200.0-255,6438,155844,44,338420
5933,0.001472,172.31.46.0-255,66,155910,44,338420
5934,0.001628,74.125.200.0-255,1484,157394,44,338420
5935,0.001634,74.125.200.0-255,2902,160296,44,338420
5936,0.001637,172.31.46.0-255,66,160362,44,338420
5937,0.001678,74.125.200.0-255,1484,161846,44,338420
5938,0.001698,74.125.200.0-255,2902,164748,44,338420
5939,0.001701,172.31.46.0-255,66,164814,44,338420
5940,0.001707,74.125.200.0-255,5738,170552,44,338420
5941,0.001708,172.31.46.0-255,66,170618,44,338420
5942,0.001723,172.31.46.0-255,66,170684,44,338420
5943,0.001747,74.125.200.0-255,1484,172168,44,338420
5944,0.001749,74.125.200.0-255,1484,173652,44,338420
5945,0.001751,172.31.46.0-255,66,173718,44,338420
5946,0.001759,74.125.200.0-255,2902,176620,44,338420
5947,0.001761,172.31.46.0-255,66,176686,44,338420
5948,0.001766,74.125.200.0-255,3602,180288,44,338420
5949,0.001768,172.31.46.0-255,66,180354,44,338420
5950,0.001851,74.125.200.0-255,1484,181838,44,338420
5951,0.001856,74.125.200.0-255,2902,184740,44,338420
5952,0.001859,172.31.46.0-255,66,184806,44,338420
5953,0.001884,74.125.200.0-255,5738,190544,44,338420
5954,0.001887,172.31.46.0-255,66,190610,44,338420
5955,0.001917,74.125.200.0-255,4320,194930,44,338420
5956,0.00192,172.31.46.0-255,66,194996,44,338420
5957,0.001923,74.125.200.0-255,1484,196480,44,338420
5958,0.001951,74.125.200.0-255,4320,200800,44,338420
5959,0.001953,172.31.46.0-255,66,200866,44,338420
5960,0.001959,74.125.200.0-255,5738,206604,44,338420
5961,0.001961,172.31.46.0-255,66,206670,44,338420
5962,0.001993,74.125.200.0-255,4320,210990,44,338420
5963,0.001995,172.31.46.0-255,66,211056,44,338420
5964,0.002022,74.125.200.0-255,3602,214658,44,338420
5965,0.002025,172.31.46.0-255,66,214724,44,338420
5966,0.002244,74.125.200.0-255,1484,216208,44,338420
5967,0.002261,74.125.200.0-255,2902,219110,44,338420
5968,0.002263,172.31.46.0-255,66,219176,44,338420
5969,0.00229,74.125.200.0-255,4320,223496,44,338420
5970,0.002292,172.31.46.0-255,66,223562,44,338420
5971,0.002304,74.125.200.0-255,1484,225046,44,338420
5972,0.002326,74.125.200.0-255,7156,232202,44,338420
5973,0.002328,172.31.46.0-255,66,232268,44,338420
5974,0.002333,74.125.200.0-255,2902,235170,44,338420
5975,0.002334,172.31.46.0-255,66,235236,44,338420
5976,0.002359,74.125.200.0-255,7156,242392,44,338420
5977,0.002361,172.31.46.0-255,66,242458,44,338420
5978,0.002371,74.125.200.0-255,6438,248896,44,338420
5979,0.002373,172.31.46.0-255,66,248962,44,338420
5980,0.002434,74.125.200.0-255,1484,250446,44,338420
5981,0.002457,74.125.200.0-255,2902,253348,44,338420
5982,0.00246,172.31.46.0-255,66,253414,44,338420
5983,0.002465,74.125.200.0-255,2902,256316,44,338420
5984,0.002466,172.31.46.0-255,66,256382,44,338420
5985,0.002471,74.125.200.0-255,4320,260702,44,338420
5986,0.002473,172.31.46.0-255,66,260768,44,338420
5987,0.002514,172.31.46.0-255,66,260834,44,338420
5988,0.002521,74.125.200.0-255,5738,266572,44,338420
5989,0.002523,172.31.46.0-255,66,266638,44,338420
5990,0.002526,74.125.200.0-255,1484,268122,44,338420
5991,0.002555,74.125.200.0-255,2902,271024,44,338420
5992,0.002558,172.31.46.0-255,66,271090,44,338420
5993,0.005018,74.125.200.0-255,1484,272574,44,338420
5994,0.005061,74.125.200.0-255,2902,275476,44,338420
5995,0.005067,172.31.46.0-255,66,275542,44,338420
5996,0.005097,74.125.200.0-255,1484,277026,44,338420
5997,0.007565,74.125.200.0-255,4320,281346,44,338420
5998,0.007569,172.31.46.0-255,66,281412,44,338420
5999,0.010067,74.125.200.0-255,5738,287150,44,338420
6000,0.010075,172.31.46.0-255,66,287216,44,338420
6001,0.012595,74.125.200.0-255,5738,292954,44,338420
6002,0.012605,172.31.46.0-255,66,293020,44,338420
6003,0.015122,74.125.200.0-255,5738,298758,44,338420
6004,0.015134,172.31.46.0-255,66,298824,44,338420
6005,0.017646,74.125.200.0-255,5738,304562,44,338420
6006,0.017658,172.31.46.0-255,66,304628,44,338420
6007,0.020211,74.125.200.0-255,5738,310366,44,338420
6008,0.020219,172.31.46.0-255,66,310432,44,338420
6009,0.022718,74.125.200.0-255,5738,316170,44,338420
6010,0.022725,172.31.46.0-255,66,316236,44,338420
6011,0.025243,74.125.200.0-255,5738,321974,44,338420
6012,0.02525,172.31.46.0-255,66,322040,44,338420
6013,0.027781,74.125.200.0-255,5738,327778,44,338420
6014,0.027788,172.31.46.0-255,66,327844,44,338420
6015,0.030267,74.125.200.0-255,1017,328861,44,338420
6016,0.03043,172.31.46.0-255,66,328927,44,338420
6017,0.030469,172.31.46.0-255,105,329032,44,338420
6018,0.032938,74.125.200.0-255,66,329098,44,338420
6019,0.036303,172.31.46.0-255,172,329270,44,338420
6020,0.036331,172.31.46.0-255,1114,330384,44,338420
6021,0.036386,172.31.46.0-255,1514,331898,44,338420
6022,0.036406,172.31.46.0-255,1514,333412,44,338420
6023,0.036409,172.31.46.0-255,1514,334926,44,338420
6024,0.036424,172.31.46.0-255,1514,336440,44,338420
6025,0.036439,172.31.46.0-255,1514,337954,44,338420
6026,0.03644,172.31.46.0-255,70,338024,44,338420
6027,0.037836,104.244.42.0-255,66,338090,44,338420
6028,0.037898,104.244.42.0-255,66,338156,44,338420
6029,0.037914,104.244.42.0-255,66,338222,44,338420
6030,0.037995,104.244.42.0-255,66,338288,44,338420
6031,0.038,104.244.42.0-255,66,338354,44,338420
6032,0.038002,104.244.42.0-255,66,338420,44,338420
6033,0.0,74.125.24.0-255,156,156,44,315052
6034,1.7e-05,172.31.46.0-255,66,222,44,315052
6035,2.4e-05,74.125.24.0-255,1484,1706,44,315052
6036,2.8e-05,172.31.46.0-255,66,1772,44,315052
6037,4.3e-05,74.125.24.0-255,2902,4674,44,315052
6038,4.7e-05,172.31.46.0-255,66,4740,44,315052
6039,5.3e-05,74.125.24.0-255,5738,10478,44,315052
6040,5.7e-05,172.31.46.0-255,66,10544,44,315052
6041,0.000102,172.31.46.0-255,66,10610,44,315052
6042,0.000112,172.31.46.0-255,66,10676,44,315052
6043,0.000123,74.125.24.0-255,3961,14637,44,315052
6044,0.000126,172.31.46.0-255,66,14703,44,315052
6045,0.000239,74.125.24.0-255,1484,16187,44,315052
6046,0.000243,172.31.46.0-255,66,16253,44,315052
6047,0.000248,74.125.24.0-255,2902,19155,44,315052
6048,0.000251,172.31.46.0-255,66,19221,44,315052
6049,0.000272,74.125.24.0-255,5738,24959,44,315052
6050,0.000274,172.31.46.0-255,66,25025,44,315052
6051,0.000283,74.125.24.0-255,2902,27927,44,315052
6052,0.000285,172.31.46.0-255,66,27993,44,315052
6053,0.000329,172.31.46.0-255,66,28059,44,315052
6054,0.000336,74.125.24.0-255,5738,33797,44,315052
6055,0.000338,172.31.46.0-255,66,33863,44,315052
6056,0.000376,74.125.24.0-255,4233,38096,44,315052
6057,0.000378,172.31.46.0-255,66,38162,44,315052
6058,0.000548,74.125.24.0-255,132,38294,44,315052
6059,0.000553,172.31.46.0-255,66,38360,44,315052
6060,0.00058,74.125.24.0-255,348,38708,44,315052
6061,0.000583,172.31.46.0-255,66,38774,44,315052
6062,0.000785,74.125.24.0-255,1484,40258,44,315052
6063,0.000792,74.125.24.0-255,2902,43160,44,315052
6064,0.000817,172.31.46.0-255,66,43226,44,315052
6065,0.000853,74.125.24.0-255,5738,48964,44,315052
6066,0.000858,74.125.24.0-255,4320,53284,44,315052
6067,0.000862,74.125.24.0-255,2902,56186,44,315052
6068,0.000868,172.31.46.0-255,66,56252,44,315052
6069,0.000917,172.31.46.0-255,66,56318,44,315052
6070,0.001119,74.125.24.0-255,1484,57802,44,315052
6071,0.001138,74.125.24.0-255,2902,60704,44,315052
6072,0.001142,172.31.46.0-255,66,60770,44,315052
6073,0.001149,74.125.24.0-255,5738,66508,44,315052
6074,0.001182,74.125.24.0-255,5738,72246,44,315052
6075,0.001187,172.31.46.0-255,66,72312,44,315052
6076,0.001209,74.125.24.0-255,7156,79468,44,315052
6077,0.001217,74.125.24.0-255,5738,85206,44,315052
6078,0.001241,74.125.24.0-255,5020,90226,44,315052
6079,0.001246,172.31.46.0-255,66,90292,44,315052
6080,0.001457,74.125.24.0-255,1484,91776,44,315052
6081,0.00147,74.125.24.0-255,2902,94678,44,315052
6082,0.001474,172.31.46.0-255,66,94744,44,315052
6083,0.001479,74.125.24.0-255,2902,97646,44,315052
6084,0.001507,74.125.24.0-255,2902,100548,44,315052
6085,0.001511,74.125.24.0-255,2902,103450,44,315052
6086,0.001516,74.125.24.0-255,4320,107770,44,315052
6087,0.001518,74.125.24.0-255,1484,109254,44,315052
6088,0.001527,172.31.46.0-255,66,109320,44,315052
6089,0.001545,74.125.24.0-255,7156,116476,44,315052
6090,0.001552,74.125.24.0-255,5738,122214,44,315052
6091,0.001563,74.125.24.0-255,2184,124398,44,315052
6092,0.001565,172.31.46.0-255,66,124464,44,315052
6093,0.001591,172.31.46.0-255,66,124530,44,315052
6094,0.001619,74.125.24.0-255,1484,126014,44,315052
6095,0.001635,74.125.24.0-255,2902,128916,44,315052
6096,0.001638,172.31.46.0-255,66,128982,44,315052
6097,0.001641,74.125.24.0-255,1484,130466,44,315052
6098,0.00167,74.125.24.0-255,4320,134786,44,315052
6099,0.001692,172.31.46.0-255,66,134852,44,315052
6100,0.001724,74.125.24.0-255,2902,137754,44,315052
6101,0.001738,172.31.46.0-255,66,137820,44,315052
6102,0.001748,74.125.24.0-255,2184,140004,44,315052
6103,0.001764,172.31.46.0-255,66,140070,44,315052
6104,0.001871,74.125.24.0-255,1484,141554,44,315052
6105,0.001876,74.125.24.0-255,1484,143038,44,315052
6106,0.001895,172.31.46.0-255,66,143104,44,315052
6107,0.001899,74.125.24.0-255,1484,144588,44,315052
6108,0.001903,74.125.24.0-255,2902,147490,44,315052
6109,0.001914,172.31.46.0-255,66,147556,44,315052
6110,0.001936,74.125.24.0-255,7156,154712,44,315052
6111,0.00195,74.125.24.0-255,2902,157614,44,315052
6112,0.001976,172.31.46.0-255,66,157680,44,315052
6113,0.001982,172.31.46.0-255,66,157746,44,315052
6114,0.002001,74.125.24.0-255,1484,159230,44,315052
6115,0.002007,74.125.24.0-255,3602,162832,44,315052
6116,0.002031,172.31.46.0-255,66,162898,44,315052
6117,0.002154,74.125.24.0-255,1484,164382,44,315052
6118,0.00217,74.125.24.0-255,2902,167284,44,315052
6119,0.002194,74.125.24.0-255,5738,173022,44,315052
6120,0.002199,74.125.24.0-255,5738,178760,44,315052
6121,0.002202,172.31.46.0-255,66,178826,44,315052
6122,0.002213,172.31.46.0-255,66,178892,44,315052
6123,0.002271,74.125.24.0-255,4320,183212,44,315052
6124,0.002303,74.125.24.0-255,5020,188232,44,315052
6125,0.002306,74.125.24.0-255,1484,189716,44,315052
6126,0.002689,172.31.46.0-255,66,189782,44,315052
6127,0.004962,74.125.24.0-255,5738,195520,44,315052
6128,0.004969,172.31.46.0-255,66,195586,44,315052
6129,0.007229,74.125.24.0-255,5738,201324,44,315052
6130,0.008424,172.31.46.0-255,66,201390,44,315052
6131,0.010764,74.125.24.0-255,5738,207128,44,315052
6132,0.010772,172.31.46.0-255,66,207194,44,315052
6133,0.013035,74.125.24.0-255,5738,212932,44,315052
6134,0.013043,172.31.46.0-255,66,212998,44,315052
6135,0.015346,74.125.24.0-255,5738,218736,44,315052
6136,0.015354,172.31.46.0-255,66,218802,44,315052
6137,0.017646,74.125.24.0-255,5738,224540,44,315052
6138,0.017654,172.31.46.0-255,66,224606,44,315052
6139,0.019945,74.125.24.0-255,5738,230344,44,315052
6140,0.019953,172.31.46.0-255,66,230410,44,315052
6141,0.022268,74.125.24.0-255,5738,236148,44,315052
6142,0.022275,172.31.46.0-255,66,236214,44,315052
6143,0.02455,74.125.24.0-255,5738,241952,44,315052
6144,0.02456,172.31.46.0-255,66,242018,44,315052
6145,0.026869,74.125.24.0-255,5738,247756,44,315052
6146,0.026878,172.31.46.0-255,66,247822,44,315052
6147,0.029167,74.125.24.0-255,5738,253560,44,315052
6148,0.029173,172.31.46.0-255,66,253626,44,315052
6149,0.031436,74.125.24.0-255,5738,259364,44,315052
6150,0.031444,172.31.46.0-255,66,259430,44,315052
6151,0.033753,74.125.24.0-255,5738,265168,44,315052
6152,0.03376,172.31.46.0-255,66,265234,44,315052
6153,0.036053,74.125.24.0-255,5738,270972,44,315052
6154,0.036061,172.31.46.0-255,66,271038,44,315052
6155,0.036856,172.31.46.0-255,172,271210,44,315052
6156,0.036885,172.31.46.0-255,1115,272325,44,315052
6157,0.036954,172.31.46.0-255,1514,273839,44,315052
6158,0.036955,172.31.46.0-255,1514,275353,44,315052
6159,0.036957,172.31.46.0-255,1514,276867,44,315052
6160,0.036962,172.31.46.0-255,1514,278381,44,315052
6161,0.036964,172.31.46.0-255,1514,279895,44,315052
6162,0.036965,172.31.46.0-255,69,279964,44,315052
6163,0.038347,74.125.24.0-255,5738,285702,44,315052
6164,0.038356,172.31.46.0-255,66,285768,44,315052
6165,0.038439,104.244.42.0-255,66,285834,44,315052
6166,0.038446,104.244.42.0-255,66,285900,44,315052
6167,0.03853,104.244.42.0-255,66,285966,44,315052
6168,0.038535,104.244.42.0-255,66,286032,44,315052
6169,0.040667,74.125.24.0-255,5738,291770,44,315052
6170,0.040674,172.31.46.0-255,66,291836,44,315052
6171,0.042964,74.125.24.0-255,5738,297574,44,315052
6172,0.042972,172.31.46.0-255,66,297640,44,315052
6173,0.04528,74.125.24.0-255,5738,303378,44,315052
6174,0.045287,172.31.46.0-255,66,303444,44,315052
6175,0.047557,74.125.24.0-255,5738,309182,44,315052
6176,0.047566,172.31.46.0-255,66,309248,44,315052
6177,0.049856,74.125.24.0-255,5738,314986,44,315052
6178,0.049863,172.31.46.0-255,66,315052,44,315052
6179,0.0,172.217.194.0-255,146,146,44,230078
6180,2.4e-05,172.31.46.0-255,66,212,44,230078
6181,3.2e-05,172.217.194.0-255,1484,1696,44,230078
6182,3.6e-05,172.31.46.0-255,66,1762,44,230078
6183,4.3e-05,172.217.194.0-255,2902,4664,44,230078
6184,4.7e-05,172.31.46.0-255,66,4730,44,230078
6185,5.4e-05,172.217.194.0-255,7156,11886,44,230078
6186,5.8e-05,172.31.46.0-255,66,11952,44,230078
6187,6.2e-05,172.217.194.0-255,2092,14044,44,230078
6188,6.5e-05,172.31.46.0-255,66,14110,44,230078
6189,7.8e-05,172.31.46.0-255,66,14176,44,230078
6190,0.000101,172.217.194.0-255,1484,15660,44,230078
6191,0.000104,172.31.46.0-255,66,15726,44,230078
6192,0.00011,172.217.194.0-255,5379,21105,44,230078
6193,0.000113,172.31.46.0-255,66,21171,44,230078
6194,0.000142,172.217.194.0-255,1484,22655,44,230078
6195,0.000144,172.31.46.0-255,66,22721,44,230078
6196,0.000149,172.217.194.0-255,2902,25623,44,230078
6197,0.000152,172.31.46.0-255,66,25689,44,230078
6198,0.000158,172.217.194.0-255,5738,31427,44,230078
6199,0.000161,172.31.46.0-255,66,31493,44,230078
6200,0.000197,172.217.194.0-255,5738,37231,44,230078
6201,0.0002,172.31.46.0-255,66,37297,44,230078
6202,0.000225,172.31.46.0-255,66,37363,44,230078
6203,0.000273,172.31.46.0-255,66,37429,44,230078
6204,0.000481,172.217.194.0-255,1484,38913,44,230078
6205,0.000487,172.31.46.0-255,66,38979,44,230078
6206,0.000493,172.217.194.0-255,2902,41881,44,230078
6207,0.000495,172.31.46.0-255,66,41947,44,230078
6208,0.000501,172.217.194.0-255,4320,46267,44,230078
6209,0.000504,172.31.46.0-255,66,46333,44,230078
6210,0.000521,172.217.194.0-255,1484,47817,44,230078
6211,0.000524,172.31.46.0-255,66,47883,44,230078
6212,0.000531,172.217.194.0-255,5738,53621,44,230078
6213,0.000555,172.217.194.0-255,7156,60777,44,230078
6214,0.000587,172.31.46.0-255,66,60843,44,230078
6215,0.000683,172.217.194.0-255,1484,62327,44,230078
6216,0.000699,172.217.194.0-255,2902,65229,44,230078
6217,0.00071,172.31.46.0-255,66,65295,44,230078
6218,0.000725,172.217.194.0-255,5738,71033,44,230078
6219,0.000738,172.217.194.0-255,2902,73935,44,230078
6220,0.000749,172.31.46.0-255,66,74001,44,230078
6221,0.000774,172.217.194.0-255,7156,81157,44,230078
6222,0.000798,172.31.46.0-255,66,81223,44,230078
6223,0.000834,172.217.194.0-255,3602,84825,44,230078
6224,0.000846,172.31.46.0-255,66,84891,44,230078
6225,0.000897,172.217.194.0-255,1484,86375,44,230078
6226,0.00091,172.217.194.0-255,2902,89277,44,230078
6227,0.000914,172.217.194.0-255,1484,90761,44,230078
6228,0.000932,172.217.194.0-255,4320,95081,44,230078
6229,0.000939,172.31.46.0-255,66,95147,44,230078
6230,0.000946,172.217.194.0-255,1484,96631,44,230078
6231,0.000974,172.217.194.0-255,7156,103787,44,230078
6232,0.000996,172.31.46.0-255,66,103853,44,230078
6233,0.001009,172.217.194.0-255,3602,107455,44,230078
6234,0.001039,172.217.194.0-255,4320,111775,44,230078
6235,0.001043,172.31.46.0-255,66,111841,44,230078
6236,0.001053,172.31.46.0-255,66,111907,44,230078
6237,0.001081,172.217.194.0-255,1484,113391,44,230078
6238,0.001089,172.31.46.0-255,66,113457,44,230078
6239,0.001111,172.31.46.0-255,66,113523,44,230078
6240,0.001136,172.217.194.0-255,4320,117843,44,230078
6241,0.001147,172.31.46.0-255,66,117909,44,230078
6242,0.001187,172.217.194.0-255,2184,120093,44,230078
6243,0.001245,172.217.194.0-255,5738,125831,44,230078
6244,0.001253,172.217.194.0-255,7156,132987,44,230078
6245,0.001274,172.31.46.0-255,66,133053,44,230078
6246,0.001284,172.217.194.0-255,4320,137373,44,230078
6247,0.001292,172.217.194.0-255,6438,143811,44,230078
6248,0.001301,172.31.46.0-255,66,143877,44,230078
6249,0.00134,172.31.46.0-255,66,143943,44,230078
6250,0.001357,172.217.194.0-255,2902,146845,44,230078
6251,0.001387,172.31.46.0-255,66,146911,44,230078
6252,0.001475,172.217.194.0-255,1484,148395,44,230078
6253,0.001481,172.217.194.0-255,2902,151297,44,230078
6254,0.001488,172.217.194.0-255,5738,157035,44,230078
6255,0.001502,172.217.194.0-255,1484,158519,44,230078
6256,0.001509,172.31.46.0-255,66,158585,44,230078
6257,0.001551,172.217.194.0-255,766,159351,44,230078
6258,0.001563,172.31.46.0-255,66,159417,44,230078
6259,0.001645,172.217.194.0-255,1484,160901,44,230078
6260,0.001651,172.217.194.0-255,2902,163803,44,230078
6261,0.001658,172.31.46.0-255,66,163869,44,230078
6262,0.001688,172.217.194.0-255,5738,169607,44,230078
6263,0.001696,172.217.194.0-255,7156,176763,44,230078
6264,0.001713,172.217.194.0-255,2902,179665,44,230078
6265,0.001717,172.31.46.0-255,66,179731,44,230078
6266,0.00173,172.217.194.0-255,5738,185469,44,230078
6267,0.001736,172.217.194.0-255,4320,189789,44,230078
6268,0.001738,172.31.46.0-255,66,189855,44,230078
6269,0.001752,172.217.194.0-255,3602,193457,44,230078
6270,0.001769,172.217.194.0-255,1484,194941,44,230078
6271,0.001774,172.31.46.0-255,66,195007,44,230078
6272,0.001791,172.217.194.0-255,7156,202163,44,230078
6273,0.001796,172.217.194.0-255,4320,206483,44,230078
6274,0.00183,172.31.46.0-255,66,206549,44,230078
6275,0.001853,172.217.194.0-255,5738,212287,44,230078
6276,0.001862,172.217.194.0-255,6438,218725,44,230078
6277,0.00187,172.31.46.0-255,66,218791,44,230078
6278,0.001893,172.217.194.0-255,7156,225947,44,230078
6279,0.001898,172.31.46.0-255,66,226013,44,230078
6280,0.001907,172.217.194.0-255,1607,227620,44,230078
6281,0.001912,172.31.46.0-255,66,227686,44,230078
6282,0.00192,172.217.194.0-255,105,227791,44,230078
6283,0.011189,172.31.46.0-255,66,227857,44,230078
6284,0.011238,172.31.46.0-255,105,227962,44,230078
6285,0.013247,172.217.194.0-255,66,228028,44,230078
6286,0.036821,172.31.46.0-255,172,228200,44,230078
6287,0.036852,172.31.46.0-255,1114,229314,44,230078
6288,0.036926,172.31.46.0-255,566,229880,44,230078
6289,0.038347,104.244.42.0-255,66,229946,44,230078
6290,0.038371,104.244.42.0-255,66,230012,44,230078
6291,0.038502,104.244.42.0-255,66,230078,44,230078
6292,0.0,74.125.24.0-255,153,153,44,126146
6293,2.1e-05,172.31.46.0-255,66,219,44,126146
6294,2.7e-05,74.125.24.0-255,1484,1703,44,126146
6295,3e-05,172.31.46.0-255,66,1769,44,126146
6296,3.5e-05,74.125.24.0-255,2902,4671,44,126146
6297,3.8e-05,172.31.46.0-255,66,4737,44,126146
6298,4.3e-05,74.125.24.0-255,4320,9057,44,126146
6299,4.5e-05,172.31.46.0-255,66,9123,44,126146
6300,8.1e-05,172.31.46.0-255,66,9189,44,126146
6301,9.1e-05,172.31.46.0-255,66,9255,44,126146
6302,0.000109,74.125.24.0-255,1484,10739,44,126146
6303,0.000111,172.31.46.0-255,66,10805,44,126146
6304,0.00013,74.125.24.0-255,2543,13348,44,126146
6305,0.000131,172.31.46.0-255,66,13414,44,126146
6306,0.000172,74.125.24.0-255,2902,16316,44,126146
6307,0.000174,172.31.46.0-255,66,16382,44,126146
6308,0.000193,74.125.24.0-255,2902,19284,44,126146
6309,0.000196,172.31.46.0-255,66,19350,44,126146
6310,0.000201,74.125.24.0-255,7156,26506,44,126146
6311,0.000203,172.31.46.0-255,66,26572,44,126146
6312,0.000238,74.125.24.0-255,3961,30533,44,126146
6313,0.00024,172.31.46.0-255,66,30599,44,126146
6314,0.000927,74.125.24.0-255,1484,32083,44,126146
6315,0.000933,172.31.46.0-255,66,32149,44,126146
6316,0.000941,74.125.24.0-255,2902,35051,44,126146
6317,0.000943,172.31.46.0-255,66,35117,44,126146
6318,0.000946,74.125.24.0-255,1484,36601,44,126146
6319,0.000948,172.31.46.0-255,66,36667,44,126146
6320,0.000972,74.125.24.0-255,4320,40987,44,126146
6321,0.000974,172.31.46.0-255,66,41053,44,126146
6322,0.000991,74.125.24.0-255,7125,48178,44,126146
6323,0.000993,172.31.46.0-255,66,48244,44,126146
6324,0.022378,74.125.24.0-255,350,48594,44,126146
6325,0.022453,74.125.24.0-255,1484,50078,44,126146
6326,0.022459,172.31.46.0-255,66,50144,44,126146
6327,0.022468,74.125.24.0-255,2902,53046,44,126146
6328,0.022472,172.31.46.0-255,66,53112,44,126146
6329,0.02483,74.125.24.0-255,5738,58850,44,126146
6330,0.024838,172.31.46.0-255,66,58916,44,126146
6331,0.025397,172.31.46.0-255,172,59088,44,126146
6332,0.025426,172.31.46.0-255,1114,60202,44,126146
6333,0.0255,172.31.46.0-255,1514,61716,44,126146
6334,0.025502,172.31.46.0-255,1514,63230,44,126146
6335,0.025503,172.31.46.0-255,1514,64744,44,126146
6336,0.025508,172.31.46.0-255,1514,66258,44,126146
6337,0.02551,172.31.46.0-255,1514,67772,44,126146
6338,0.025511,172.31.46.0-255,70,67842,44,126146
6339,0.026933,104.244.42.0-255,66,67908,44,126146
6340,0.026955,104.244.42.0-255,66,67974,44,126146
6341,0.027062,104.244.42.0-255,66,68040,44,126146
6342,0.027069,104.244.42.0-255,66,68106,44,126146
6343,0.027154,74.125.24.0-255,5738,73844,44,126146
6344,0.02716,172.31.46.0-255,66,73910,44,126146
6345,0.029505,74.125.24.0-255,5738,79648,44,126146
6346,0.029513,172.31.46.0-255,66,79714,44,126146
6347,0.031881,74.125.24.0-255,5738,85452,44,126146
6348,0.031887,172.31.46.0-255,66,85518,44,126146
6349,0.034221,74.125.24.0-255,5738,91256,44,126146
6350,0.034227,172.31.46.0-255,66,91322,44,126146
6351,0.036584,74.125.24.0-255,5738,97060,44,126146
6352,0.03659,172.31.46.0-255,66,97126,44,126146
6353,0.038928,74.125.24.0-255,5738,102864,44,126146
6354,0.038934,172.31.46.0-255,66,102930,44,126146
6355,0.041275,74.125.24.0-255,5738,108668,44,126146
6356,0.041281,172.31.46.0-255,66,108734,44,126146
6357,0.043617,74.125.24.0-255,5738,114472,44,126146
6358,0.043623,172.31.46.0-255,66,114538,44,126146
6359,0.045958,74.125.24.0-255,5738,120276,44,126146
6360,0.045964,172.31.46.0-255,66,120342,44,126146
6361,0.048323,74.125.24.0-255,5738,126080,44,126146
6362,0.04833,172.31.46.0-255,66,126146,44,126146
6363,0.0,74.125.24.0-255,150,150,44,259513
6364,1.5e-05,172.31.46.0-255,66,216,44,259513
6365,2.2e-05,74.125.24.0-255,1484,1700,44,259513
6366,2.6e-05,172.31.46.0-255,66,1766,44,259513
6367,3.2e-05,74.125.24.0-255,2902,4668,44,259513
6368,3.6e-05,172.31.46.0-255,66,4734,44,259513
6369,4.4e-05,74.125.24.0-255,7156,11890,44,259513
6370,4.7e-05,172.31.46.0-255,66,11956,44,259513
6371,7e-05,74.125.24.0-255,1484,13440,44,259513
6372,7.2e-05,172.31.46.0-255,66,13506,44,259513
6373,0.000107,172.31.46.0-255,66,13572,44,259513
6374,0.000112,74.125.24.0-255,2902,16474,44,259513
6375,0.000114,172.31.46.0-255,66,16540,44,259513
6376,0.000128,74.125.24.0-255,2543,19083,44,259513
6377,0.00013,172.31.46.0-255,66,19149,44,259513
6378,0.000557,74.125.24.0-255,1484,20633,44,259513
6379,0.000564,172.31.46.0-255,66,20699,44,259513
6380,0.000572,74.125.24.0-255,2902,23601,44,259513
6381,0.000574,172.31.46.0-255,66,23667,44,259513
6382,0.000581,74.125.24.0-255,5738,29405,44,259513
6383,0.000584,172.31.46.0-255,66,29471,44,259513
6384,0.000632,172.31.46.0-255,66,29537,44,259513
6385,0.000639,74.125.24.0-255,5738,35275,44,259513
6386,0.000641,172.31.46.0-255,66,35341,44,259513
6387,0.000667,74.125.24.0-255,2902,38243,44,259513
6388,0.00067,172.31.46.0-255,66,38309,44,259513
6389,0.000673,74.125.24.0-255,1400,39709,44,259513
6390,0.000676,172.31.46.0-255,66,39775,44,259513
6391,0.0007,74.125.24.0-255,131,39906,44,259513
6392,0.000702,172.31.46.0-255,66,39972,44,259513
6393,0.000735,74.125.24.0-255,1484,41456,44,259513
6394,0.000739,74.125.24.0-255,1484,42940,44,259513
6395,0.000743,172.31.46.0-255,66,43006,44,259513
6396,0.000761,74.125.24.0-255,1484,44490,44,259513
6397,0.000777,74.125.24.0-255,7156,51646,44,259513
6398,0.000781,172.31.46.0-255,66,51712,44,259513
6399,0.000786,74.125.24.0-255,2902,54614,44,259513
6400,0.000788,172.31.46.0-255,66,54680,44,259513
6401,0.000839,74.125.24.0-255,2243,56923,44,259513
6402,0.000843,172.31.46.0-255,66,56989,44,259513
6403,0.000945,74.125.24.0-255,1484,58473,44,259513
6404,0.000962,74.125.24.0-255,2902,61375,44,259513
6405,0.000965,172.31.46.0-255,66,61441,44,259513
6406,0.000969,74.125.24.0-255,1484,62925,44,259513
6407,0.000986,74.125.24.0-255,4320,67245,44,259513
6408,0.000988,172.31.46.0-255,66,67311,44,259513
6409,0.000994,74.125.24.0-255,2902,70213,44,259513
6410,0.000996,172.31.46.0-255,66,70279,44,259513
6411,0.001035,172.31.46.0-255,66,70345,44,259513
6412,0.001042,74.125.24.0-255,7156,77501,44,259513
6413,0.001044,172.31.46.0-255,66,77567,44,259513
6414,0.001093,74.125.24.0-255,3602,81169,44,259513
6415,0.001097,172.31.46.0-255,66,81235,44,259513
6416,0.001132,74.125.24.0-255,1484,82719,44,259513
6417,0.001152,74.125.24.0-255,2902,85621,44,259513
6418,0.001155,172.31.46.0-255,66,85687,44,259513
6419,0.001162,74.125.24.0-255,5738,91425,44,259513
6420,0.001165,172.31.46.0-255,66,91491,44,259513
6421,0.001191,74.125.24.0-255,5738,97229,44,259513
6422,0.001194,172.31.46.0-255,66,97295,44,259513
6423,0.001197,74.125.24.0-255,1484,98779,44,259513
6424,0.001213,74.125.24.0-255,5738,104517,44,259513
6425,0.001216,172.31.46.0-255,66,104583,44,259513
6426,0.001241,74.125.24.0-255,2902,107485,44,259513
6427,0.001243,172.31.46.0-255,66,107551,44,259513
6428,0.001266,172.31.46.0-255,66,107617,44,259513
6429,0.001338,74.125.24.0-255,1484,109101,44,259513
6430,0.001364,74.125.24.0-255,2902,112003,44,259513
6431,0.001367,172.31.46.0-255,66,112069,44,259513
6432,0.001374,74.125.24.0-255,5738,117807,44,259513
6433,0.001377,172.31.46.0-255,66,117873,44,259513
6434,0.001408,172.31.46.0-255,66,117939,44,259513
6435,0.001421,172.31.46.0-255,66,118005,44,259513
6436,0.001444,74.125.24.0-255,2902,120907,44,259513
6437,0.001447,172.31.46.0-255,66,120973,44,259513
6438,0.001451,74.125.24.0-255,2184,123157,44,259513
6439,0.001453,172.31.46.0-255,66,123223,44,259513
6440,0.001493,74.125.24.0-255,1484,124707,44,259513
6441,0.001497,74.125.24.0-255,1484,126191,44,259513
6442,0.0015,172.31.46.0-255,66,126257,44,259513
6443,0.001519,74.125.24.0-255,1484,127741,44,259513
6444,0.001527,74.125.24.0-255,5738,133479,44,259513
6445,0.001529,172.31.46.0-255,66,133545,44,259513
6446,0.001559,172.31.46.0-255,66,133611,44,259513
6447,0.001597,74.125.24.0-255,2902,136513,44,259513
6448,0.001601,172.31.46.0-255,66,136579,44,259513
6449,0.001631,172.31.46.0-255,66,136645,44,259513
6450,0.001759,74.125.24.0-255,1484,138129,44,259513
6451,0.001766,74.125.24.0-255,2902,141031,44,259513
6452,0.001769,172.31.46.0-255,66,141097,44,259513
6453,0.001806,74.125.24.0-255,1484,142581,44,259513
6454,0.001824,74.125.24.0-255,4320,146901,44,259513
6455,0.001827,172.31.46.0-255,66,146967,44,259513
6456,0.001834,74.125.24.0-255,7156,154123,44,259513
6457,0.001836,172.31.46.0-255,66,154189,44,259513
6458,0.001851,172.31.46.0-255,66,154255,44,259513
6459,0.00186,74.125.24.0-255,2184,156439,44,259513
6460,0.001863,172.31.46.0-255,66,156505,44,259513
6461,0.001867,74.125.24.0-255,2902,159407,44,259513
6462,0.001869,172.31.46.0-255,66,159473,44,259513
6463,0.001876,74.125.24.0-255,7156,166629,44,259513
6464,0.001879,172.31.46.0-255,66,166695,44,259513
6465,0.001911,172.31.46.0-255,66,166761,44,259513
6466,0.001932,74.125.24.0-255,5738,172499,44,259513
6467,0.001934,172.31.46.0-255,66,172565,44,259513
6468,0.001937,74.125.24.0-255,1484,174049,44,259513
6469,0.00194,74.125.24.0-255,1484,175533,44,259513
6470,0.001942,172.31.46.0-255,66,175599,44,259513
6471,0.001959,74.125.24.0-255,5020,180619,44,259513
6472,0.001961,172.31.46.0-255,66,180685,44,259513
6473,0.001983,74.125.24.0-255,5738,186423,44,259513
6474,0.001985,172.31.46.0-255,66,186489,44,259513
6475,0.002011,74.125.24.0-255,1484,187973,44,259513
6476,0.002017,74.125.24.0-255,5738,193711,44,259513
6477,0.00202,172.31.46.0-255,66,193777,44,259513
6478,0.002035,172.31.46.0-255,66,193843,44,259513
6479,0.002065,74.125.24.0-255,6438,200281,44,259513
6480,0.002068,172.31.46.0-255,66,200347,44,259513
6481,0.002073,74.125.24.0-255,2902,203249,44,259513
6482,0.002075,172.31.46.0-255,66,203315,44,259513
6483,0.002092,74.125.24.0-255,4320,207635,44,259513
6484,0.002095,172.31.46.0-255,66,207701,44,259513
6485,0.002099,74.125.24.0-255,2902,210603,44,259513
6486,0.002102,172.31.46.0-255,66,210669,44,259513
6487,0.002133,172.31.46.0-255,66,210735,44,259513
6488,0.002147,172.31.46.0-255,66,210801,44,259513
6489,0.00422,74.125.24.0-255,5738,216539,44,259513
6490,0.004231,172.31.46.0-255,66,216605,44,259513
6491,0.006336,74.125.24.0-255,5738,222343,44,259513
6492,0.006345,172.31.46.0-255,66,222409,44,259513
6493,0.008458,74.125.24.0-255,5738,228147,44,259513
6494,0.008464,172.31.46.0-255,66,228213,44,259513
6495,0.01057,74.125.24.0-255,5738,233951,44,259513
6496,0.010578,172.31.46.0-255,66,234017,44,259513
6497,0.012655,74.125.24.0-255,5738,239755,44,259513
6498,0.012661,172.31.46.0-255,66,239821,44,259513
6499,0.014735,74.125.24.0-255,5738,245559,44,259513
6500,0.014741,172.31.46.0-255,66,245625,44,259513
6501,0.016824,74.125.24.0-255,4459,250084,44,259513
6502,0.016833,172.31.46.0-255,66,250150,44,259513
6503,0.020566,172.31.46.0-255,105,250255,44,259513
6504,0.022633,74.125.24.0-255,66,250321,44,259513
6505,0.041152,172.31.46.0-255,172,250493,44,259513
6506,0.041186,172.31.46.0-255,1114,251607,44,259513
6507,0.041256,172.31.46.0-255,1514,253121,44,259513
6508,0.041258,172.31.46.0-255,1514,254635,44,259513
6509,0.041263,172.31.46.0-255,1514,256149,44,259513
6510,0.041264,172.31.46.0-255,1514,257663,44,259513
6511,0.041283,172.31.46.0-255,1514,259177,44,259513
6512,0.041284,172.31.46.0-255,72,259249,44,259513
6513,0.042662,104.244.42.0-255,66,259315,44,259513
6514,0.042762,104.244.42.0-255,66,259381,44,259513
6515,0.042835,104.244.42.0-255,66,259447,44,259513
6516,0.042847,104.244.42.0-255,66,259513,44,259513
6517,0.0,172.217.194.0-255,153,153,44,227756
6518,2.5e-05,172.31.46.0-255,66,219,44,227756
6519,3.2e-05,172.217.194.0-255,1484,1703,44,227756
6520,3.6e-05,172.31.46.0-255,66,1769,44,227756
6521,4.2e-05,172.217.194.0-255,2902,4671,44,227756
6522,5.3e-05,172.31.46.0-255,66,4737,44,227756
6523,6.2e-05,172.217.194.0-255,7156,11893,44,227756
6524,6.4e-05,172.31.46.0-255,66,11959,44,227756
6525,7.1e-05,172.217.194.0-255,6330,18289,44,227756
6526,7.4e-05,172.31.46.0-255,66,18355,44,227756
6527,0.000131,172.31.46.0-255,66,18421,44,227756
6528,0.000149,172.217.194.0-255,2543,20964,44,227756
6529,0.000153,172.31.46.0-255,66,21030,44,227756
6530,0.000183,172.217.194.0-255,1484,22514,44,227756
6531,0.000185,172.31.46.0-255,66,22580,44,227756
6532,0.00021,172.217.194.0-255,1484,24064,44,227756
6533,0.000213,172.31.46.0-255,66,24130,44,227756
6534,0.000227,172.217.194.0-255,1484,25614,44,227756
6535,0.000229,172.31.46.0-255,66,25680,44,227756
6536,0.000235,172.217.194.0-255,5738,31418,44,227756
6537,0.000238,172.31.46.0-255,66,31484,44,227756
6538,0.000289,172.31.46.0-255,66,31550,44,227756
6539,0.000308,172.31.46.0-255,66,31616,44,227756
6540,0.000333,172.217.194.0-255,645,32261,44,227756
6541,0.000335,172.31.46.0-255,66,32327,44,227756
6542,0.000379,172.217.194.0-255,1484,33811,44,227756
6543,0.000382,172.31.46.0-255,66,33877,44,227756
6544,0.000387,172.217.194.0-255,2902,36779,44,227756
6545,0.000389,172.31.46.0-255,66,36845,44,227756
6546,0.000418,172.217.194.0-255,5738,42583,44,227756
6547,0.000421,172.31.46.0-255,66,42649,44,227756
6548,0.000428,172.217.194.0-255,6249,48898,44,227756
6549,0.000431,172.31.46.0-255,66,48964,44,227756
6550,0.000695,172.217.194.0-255,1484,50448,44,227756
6551,0.000704,172.217.194.0-255,2902,53350,44,227756
6552,0.000707,172.31.46.0-255,66,53416,44,227756
6553,0.000715,172.217.194.0-255,5738,59154,44,227756
6554,0.000717,172.31.46.0-255,66,59220,44,227756
6555,0.000761,172.217.194.0-255,7156,66376,44,227756
6556,0.000764,172.31.46.0-255,66,66442,44,227756
6557,0.000771,172.217.194.0-255,7156,73598,44,227756
6558,0.000775,172.31.46.0-255,66,73664,44,227756
6559,0.000804,172.217.194.0-255,7156,80820,44,227756
6560,0.000807,172.31.46.0-255,66,80886,44,227756
6561,0.000811,172.217.194.0-255,2184,83070,44,227756
6562,0.000813,172.31.46.0-255,66,83136,44,227756
6563,0.001042,172.217.194.0-255,1484,84620,44,227756
6564,0.001086,172.217.194.0-255,2902,87522,44,227756
6565,0.00109,172.31.46.0-255,66,87588,44,227756
6566,0.001097,172.217.194.0-255,5738,93326,44,227756
6567,0.001098,172.31.46.0-255,66,93392,44,227756
6568,0.001113,172.31.46.0-255,66,93458,44,227756
6569,0.001159,172.31.46.0-255,66,93524,44,227756
6570,0.001206,172.217.194.0-255,7156,100680,44,227756
6571,0.001211,172.31.46.0-255,66,100746,44,227756
6572,0.001219,172.31.46.0-255,66,100812,44,227756
6573,0.001224,172.217.194.0-255,2902,103714,44,227756
6574,0.001226,172.31.46.0-255,66,103780,44,227756
6575,0.00126,172.31.46.0-255,66,103846,44,227756
6576,0.0013,172.31.46.0-255,66,103912,44,227756
6577,0.001307,172.217.194.0-255,7156,111068,44,227756
6578,0.001309,172.31.46.0-255,66,111134,44,227756
6579,0.00132,172.217.194.0-255,5738,116872,44,227756
6580,0.001322,172.31.46.0-255,66,116938,44,227756
6581,0.001367,172.31.46.0-255,66,117004,44,227756
6582,0.00137,172.217.194.0-255,766,117770,44,227756
6583,0.001395,172.217.194.0-255,4320,122090,44,227756
6584,0.001398,172.31.46.0-255,66,122156,44,227756
6585,0.001425,172.217.194.0-255,2902,125058,44,227756
6586,0.001428,172.31.46.0-255,66,125124,44,227756
6587,0.00146,172.217.194.0-255,2902,128026,44,227756
6588,0.001463,172.31.46.0-255,66,128092,44,227756
6589,0.00148,172.31.46.0-255,66,128158,44,227756
6590,0.001494,172.31.46.0-255,66,128224,44,227756
6591,0.001558,172.217.194.0-255,5738,133962,44,227756
6592,0.001563,172.217.194.0-255,4320,138282,44,227756
6593,0.00157,172.31.46.0-255,66,138348,44,227756
6594,0.001578,172.31.46.0-255,66,138414,44,227756
6595,0.001581,172.31.46.0-255,66,138480,44,227756
6596,0.001588,172.31.46.0-255,66,138546,44,227756
6597,0.001593,172.217.194.0-255,2902,141448,44,227756
6598,0.001598,172.217.194.0-255,2184,143632,44,227756
6599,0.001603,172.31.46.0-255,66,143698,44,227756
6600,0.001604,172.31.46.0-255,66,143764,44,227756
6601,0.001664,172.217.194.0-255,1484,145248,44,227756
6602,0.001669,172.217.194.0-255,2902,148150,44,227756
6603,0.001672,172.31.46.0-255,66,148216,44,227756
6604,0.001703,172.217.194.0-255,5738,153954,44,227756
6605,0.001706,172.31.46.0-255,66,154020,44,227756
6606,0.001709,172.217.194.0-255,1484,155504,44,227756
6607,0.001746,172.31.46.0-255,66,155570,44,227756
6608,0.001789,172.217.194.0-255,2902,158472,44,227756
6609,0.001791,172.31.46.0-255,66,158538,44,227756
6610,0.001829,172.31.46.0-255,66,158604,44,227756
6611,0.001832,172.217.194.0-255,1484,160088,44,227756
6612,0.001836,172.217.194.0-255,2902,162990,44,227756
6613,0.001839,172.31.46.0-255,66,163056,44,227756
6614,0.001849,172.217.194.0-255,5738,168794,44,227756
6615,0.001852,172.31.46.0-255,66,168860,44,227756
6616,0.001858,172.217.194.0-255,5738,174598,44,227756
6617,0.00186,172.31.46.0-255,66,174664,44,227756
6618,0.0019,172.217.194.0-255,7156,181820,44,227756
6619,0.001909,172.31.46.0-255,66,181886,44,227756
6620,0.001916,172.217.194.0-255,5738,187624,44,227756
6621,0.001918,172.31.46.0-255,66,187690,44,227756
6622,0.001945,172.217.194.0-255,5020,192710,44,227756
6623,0.001948,172.31.46.0-255,66,192776,44,227756
6624,0.001976,172.217.194.0-255,1484,194260,44,227756
6625,0.001981,172.217.194.0-255,2902,197162,44,227756
6626,0.001984,172.31.46.0-255,66,197228,44,227756
6627,0.002004,172.217.194.0-255,5738,202966,44,227756
6628,0.002007,172.31.46.0-255,66,203032,44,227756
6629,0.002012,172.217.194.0-255,4320,207352,44,227756
6630,0.002015,172.31.46.0-255,66,207418,44,227756
6631,0.002046,172.217.194.0-255,4320,211738,44,227756
6632,0.00205,172.31.46.0-255,66,211804,44,227756
6633,0.002086,172.217.194.0-255,7156,218960,44,227756
6634,0.002089,172.31.46.0-255,66,219026,44,227756
6635,0.002107,172.31.46.0-255,66,219092,44,227756
6636,0.002148,172.31.46.0-255,66,219158,44,227756
6637,0.003857,172.31.46.0-255,101,219259,44,227756
6638,0.004217,172.217.194.0-255,105,219364,44,227756
6639,0.005923,172.217.194.0-255,66,219430,44,227756
6640,0.011312,172.31.46.0-255,105,219535,44,227756
6641,0.013392,172.217.194.0-255,66,219601,44,227756
6642,0.035151,172.31.46.0-255,164,219765,44,227756
6643,0.035185,172.31.46.0-255,1123,220888,44,227756
6644,0.03526,172.31.46.0-255,1514,222402,44,227756
6645,0.035262,172.31.46.0-255,1514,223916,44,227756
6646,0.035263,172.31.46.0-255,1514,225430,44,227756
6647,0.035264,172.31.46.0-255,1514,226944,44,227756
6648,0.035289,172.31.46.0-255,548,227492,44,227756
6649,0.036725,104.244.42.0-255,66,227558,44,227756
6650,0.036759,104.244.42.0-255,66,227624,44,227756
6651,0.036859,104.244.42.0-255,66,227690,44,227756
6652,0.036873,104.244.42.0-255,66,227756,44,227756
6653,0.0,74.125.68.0-255,150,150,44,282314
6654,1.9e-05,172.31.46.0-255,66,216,44,282314
6655,2.5e-05,74.125.68.0-255,1484,1700,44,282314
6656,3e-05,172.31.46.0-255,66,1766,44,282314
6657,3.3e-05,74.125.68.0-255,1484,3250,44,282314
6658,3.5e-05,172.31.46.0-255,66,3316,44,282314
6659,7.8e-05,74.125.68.0-255,2902,6218,44,282314
6660,8.1e-05,172.31.46.0-255,66,6284,44,282314
6661,8.8e-05,74.125.68.0-255,5738,12022,44,282314
6662,9e-05,172.31.46.0-255,66,12088,44,282314
6663,9.4e-05,74.125.68.0-255,2073,14161,44,282314
6664,9.6e-05,172.31.46.0-255,66,14227,44,282314
6665,0.000204,74.125.68.0-255,1484,15711,44,282314
6666,0.000209,172.31.46.0-255,66,15777,44,282314
6667,0.000213,74.125.68.0-255,1484,17261,44,282314
6668,0.000214,172.31.46.0-255,66,17327,44,282314
6669,0.000249,74.125.68.0-255,1484,18811,44,282314
6670,0.000252,172.31.46.0-255,66,18877,44,282314
6671,0.000259,74.125.68.0-255,5738,24615,44,282314
6672,0.000261,172.31.46.0-255,66,24681,44,282314
6673,0.000268,74.125.68.0-255,6797,31478,44,282314
6674,0.00027,172.31.46.0-255,66,31544,44,282314
6675,0.000303,74.125.68.0-255,4320,35864,44,282314
6676,0.000306,172.31.46.0-255,66,35930,44,282314
6677,0.000312,74.125.68.0-255,5738,41668,44,282314
6678,0.000314,172.31.46.0-255,66,41734,44,282314
6679,0.000336,74.125.68.0-255,1484,43218,44,282314
6680,0.000339,172.31.46.0-255,66,43284,44,282314
6681,0.000364,74.125.68.0-255,5379,48663,44,282314
6682,0.000367,172.31.46.0-255,66,48729,44,282314
6683,0.000441,74.125.68.0-255,1484,50213,44,282314
6684,0.000444,172.31.46.0-255,66,50279,44,282314
6685,0.000449,74.125.68.0-255,2902,53181,44,282314
6686,0.000452,172.31.46.0-255,66,53247,44,282314
6687,0.000484,74.125.68.0-255,5738,58985,44,282314
6688,0.000486,172.31.46.0-255,66,59051,44,282314
6689,0.000518,74.125.68.0-255,7122,66173,44,282314
6690,0.00052,172.31.46.0-255,66,66239,44,282314
6691,0.000523,74.125.68.0-255,329,66568,44,282314
6692,0.001059,74.125.68.0-255,1484,68052,44,282314
6693,0.001063,172.31.46.0-255,66,68118,44,282314
6694,0.001069,74.125.68.0-255,2902,71020,44,282314
6695,0.001071,172.31.46.0-255,66,71086,44,282314
6696,0.001105,74.125.68.0-255,5738,76824,44,282314
6697,0.001108,172.31.46.0-255,66,76890,44,282314
6698,0.001114,74.125.68.0-255,4320,81210,44,282314
6699,0.001116,172.31.46.0-255,66,81276,44,282314
6700,0.001123,74.125.68.0-255,5738,87014,44,282314
6701,0.001126,172.31.46.0-255,66,87080,44,282314
6702,0.001171,172.31.46.0-255,66,87146,44,282314
6703,0.001175,74.125.68.0-255,2184,89330,44,282314
6704,0.001177,172.31.46.0-255,66,89396,44,282314
6705,0.001248,74.125.68.0-255,1484,90880,44,282314
6706,0.001265,74.125.68.0-255,2902,93782,44,282314
6707,0.001269,172.31.46.0-255,66,93848,44,282314
6708,0.001301,74.125.68.0-255,2902,96750,44,282314
6709,0.001303,172.31.46.0-255,66,96816,44,282314
6710,0.001328,74.125.68.0-255,2902,99718,44,282314
6711,0.00133,172.31.46.0-255,66,99784,44,282314
6712,0.001348,172.31.46.0-255,66,99850,44,282314
6713,0.001362,172.31.46.0-255,66,99916,44,282314
6714,0.001714,74.125.68.0-255,1484,101400,44,282314
6715,0.001721,74.125.68.0-255,2902,104302,44,282314
6716,0.001724,172.31.46.0-255,66,104368,44,282314
6717,0.001751,74.125.68.0-255,5738,110106,44,282314
6718,0.001754,172.31.46.0-255,66,110172,44,282314
6719,0.00176,74.125.68.0-255,2902,113074,44,282314
6720,0.001762,172.31.46.0-255,66,113140,44,282314
6721,0.001781,74.125.68.0-255,4320,117460,44,282314
6722,0.001788,172.31.46.0-255,66,117526,44,282314
6723,0.001792,74.125.68.0-255,2902,120428,44,282314
6724,0.001794,172.31.46.0-255,66,120494,44,282314
6725,0.001827,74.125.68.0-255,5738,126232,44,282314
6726,0.00183,172.31.46.0-255,66,126298,44,282314
6727,0.00184,172.31.46.0-255,66,126364,44,282314
6728,0.001997,74.125.68.0-255,1484,127848,44,282314
6729,0.002014,74.125.68.0-255,2902,130750,44,282314
6730,0.002017,172.31.46.0-255,66,130816,44,282314
6731,0.002049,74.125.68.0-255,5738,136554,44,282314
6732,0.002052,172.31.46.0-255,66,136620,44,282314
6733,0.002093,172.31.46.0-255,66,136686,44,282314
6734,0.002119,74.125.68.0-255,4320,141006,44,282314
6735,0.002121,172.31.46.0-255,66,141072,44,282314
6736,0.002154,74.125.68.0-255,6438,147510,44,282314
6737,0.002157,172.31.46.0-255,66,147576,44,282314
6738,0.00221,172.31.46.0-255,101,147677,44,282314
6739,0.004261,74.125.68.0-255,5738,153415,44,282314
6740,0.004268,172.31.46.0-255,66,153481,44,282314
6741,0.004273,74.125.68.0-255,66,153547,44,282314
6742,0.006363,74.125.68.0-255,1484,155031,44,282314
6743,0.006379,74.125.68.0-255,4320,159351,44,282314
6744,0.006383,172.31.46.0-255,66,159417,44,282314
6745,0.008477,74.125.68.0-255,5738,165155,44,282314
6746,0.008483,172.31.46.0-255,66,165221,44,282314
6747,0.010583,74.125.68.0-255,5738,170959,44,282314
6748,0.01059,172.31.46.0-255,66,171025,44,282314
6749,0.012697,74.125.68.0-255,5738,176763,44,282314
6750,0.012707,172.31.46.0-255,66,176829,44,282314
6751,0.014815,74.125.68.0-255,5738,182567,44,282314
6752,0.014822,172.31.46.0-255,66,182633,44,282314
6753,0.016929,74.125.68.0-255,5738,188371,44,282314
6754,0.016937,172.31.46.0-255,66,188437,44,282314
6755,0.019039,74.125.68.0-255,5738,194175,44,282314
6756,0.019046,172.31.46.0-255,66,194241,44,282314
6757,0.021167,74.125.68.0-255,5738,199979,44,282314
6758,0.021176,172.31.46.0-255,66,200045,44,282314
6759,0.023277,74.125.68.0-255,5738,205783,44,282314
6760,0.023283,172.31.46.0-255,66,205849,44,282314
6761,0.025397,74.125.68.0-255,5738,211587,44,282314
6762,0.025403,172.31.46.0-255,66,211653,44,282314
6763,0.027518,74.125.68.0-255,5738,217391,44,282314
6764,0.027526,172.31.46.0-255,66,217457,44,282314
6765,0.029642,74.125.68.0-255,4320,221777,44,282314
6766,0.02965,172.31.46.0-255,66,221843,44,282314
6767,0.029692,74.125.68.0-255,1484,223327,44,282314
6768,0.031753,74.125.68.0-255,4320,227647,44,282314
6769,0.03176,172.31.46.0-255,66,227713,44,282314
6770,0.033871,74.125.68.0-255,5738,233451,44,282314
6771,0.033878,172.31.46.0-255,66,233517,44,282314
6772,0.035933,172.31.46.0-255,172,233689,44,282314
6773,0.036018,74.125.68.0-255,5738,239427,44,282314
6774,0.036023,172.31.46.0-255,66,239493,44,282314
6775,0.036046,172.31.46.0-255,1114,240607,44,282314
6776,0.036155,172.31.46.0-255,1514,242121,44,282314
6777,0.036176,172.31.46.0-255,1514,243635,44,282314
6778,0.036179,172.31.46.0-255,1514,245149,44,282314
6779,0.036195,172.31.46.0-255,1514,246663,44,282314
6780,0.036202,172.31.46.0-255,1514,248177,44,282314
6781,0.036203,172.31.46.0-255,71,248248,44,282314
6782,0.037475,104.244.42.0-255,66,248314,44,282314
6783,0.037615,104.244.42.0-255,66,248380,44,282314
6784,0.037726,104.244.42.0-255,66,248446,44,282314
6785,0.037743,104.244.42.0-255,66,248512,44,282314
6786,0.037784,104.244.42.0-255,66,248578,44,282314
6787,0.03813,74.125.68.0-255,2902,251480,44,282314
6788,0.038134,172.31.46.0-255,66,251546,44,282314
6789,0.038163,74.125.68.0-255,2902,254448,44,282314
6790,0.038166,172.31.46.0-255,66,254514,44,282314
6791,0.040241,74.125.68.0-255,2902,257416,44,282314
6792,0.040248,172.31.46.0-255,66,257482,44,282314
6793,0.040269,74.125.68.0-255,2902,260384,44,282314
6794,0.040272,172.31.46.0-255,66,260450,44,282314
6795,0.042367,74.125.68.0-255,5738,266188,44,282314
6796,0.042373,172.31.46.0-255,66,266254,44,282314
6797,0.044477,74.125.68.0-255,4320,270574,44,282314
6798,0.044483,172.31.46.0-255,66,270640,44,282314
6799,0.044495,74.125.68.0-255,1484,272124,44,282314
6800,0.046588,74.125.68.0-255,4320,276444,44,282314
6801,0.046594,172.31.46.0-255,66,276510,44,282314
6802,0.048711,74.125.68.0-255,5738,282248,44,282314
6803,0.048718,172.31.46.0-255,66,282314,44,282314
6804,0.0,74.125.24.0-255,153,153,44,300603
6805,1.5e-05,172.31.46.0-255,66,219,44,300603
6806,2.1e-05,74.125.24.0-255,1484,1703,44,300603
6807,2.5e-05,172.31.46.0-255,66,1769,44,300603
6808,3.1e-05,74.125.24.0-255,2902,4671,44,300603
6809,3.4e-05,172.31.46.0-255,66,4737,44,300603
6810,3.7e-05,74.125.24.0-255,1484,6221,44,300603
6811,4e-05,172.31.46.0-255,66,6287,44,300603
6812,4.7e-05,74.125.24.0-255,5738,12025,44,300603
6813,5e-05,172.31.46.0-255,66,12091,44,300603
6814,9.8e-05,74.125.24.0-255,2084,14175,44,300603
6815,0.0001,172.31.46.0-255,66,14241,44,300603
6816,0.000183,74.125.24.0-255,1484,15725,44,300603
6817,0.000187,172.31.46.0-255,66,15791,44,300603
6818,0.000191,74.125.24.0-255,2902,18693,44,300603
6819,0.000194,172.31.46.0-255,66,18759,44,300603
6820,0.0002,74.125.24.0-255,5738,24497,44,300603
6821,0.000203,172.31.46.0-255,66,24563,44,300603
6822,0.000209,74.125.24.0-255,5738,30301,44,300603
6823,0.000212,172.31.46.0-255,66,30367,44,300603
6824,0.000236,74.125.24.0-255,2902,33269,44,300603
6825,0.000239,172.31.46.0-255,66,33335,44,300603
6826,0.000263,74.125.24.0-255,5379,38714,44,300603
6827,0.000267,172.31.46.0-255,66,38780,44,300603
6828,0.000274,74.125.24.0-255,7156,45936,44,300603
6829,0.000277,172.31.46.0-255,66,46002,44,300603
6830,0.000299,74.125.24.0-255,1484,47486,44,300603
6831,0.000301,172.31.46.0-255,66,47552,44,300603
6832,0.000304,74.125.24.0-255,1125,48677,44,300603
6833,0.000306,172.31.46.0-255,66,48743,44,300603
6834,0.000328,74.125.24.0-255,1484,50227,44,300603
6835,0.00033,172.31.46.0-255,66,50293,44,300603
6836,0.000336,74.125.24.0-255,4320,54613,44,300603
6837,0.000338,172.31.46.0-255,66,54679,44,300603
6838,0.000343,74.125.24.0-255,2902,57581,44,300603
6839,0.000346,172.31.46.0-255,66,57647,44,300603
6840,0.000387,74.125.24.0-255,4320,61967,44,300603
6841,0.00039,172.31.46.0-255,66,62033,44,300603
6842,0.000412,74.125.24.0-255,4541,66574,44,300603
6843,0.000414,172.31.46.0-255,66,66640,44,300603
6844,0.000495,74.125.24.0-255,1484,68124,44,300603
6845,0.0005,74.125.24.0-255,2902,71026,44,300603
6846,0.000503,172.31.46.0-255,66,71092,44,300603
6847,0.000508,74.125.24.0-255,2902,73994,44,300603
6848,0.000509,172.31.46.0-255,66,74060,44,300603
6849,0.000522,74.125.24.0-255,2902,76962,44,300603
6850,0.000527,172.31.46.0-255,66,77028,44,300603
6851,0.000537,74.125.24.0-255,1484,78512,44,300603
6852,0.000556,74.125.24.0-255,4830,83342,44,300603
6853,0.000559,172.31.46.0-255,66,83408,44,300603
6854,0.000684,74.125.24.0-255,1484,84892,44,300603
6855,0.00069,74.125.24.0-255,2902,87794,44,300603
6856,0.000693,172.31.46.0-255,66,87860,44,300603
6857,0.000697,74.125.24.0-255,1484,89344,44,300603
6858,0.000716,74.125.24.0-255,4320,93664,44,300603
6859,0.000718,172.31.46.0-255,66,93730,44,300603
6860,0.000733,74.125.24.0-255,1484,95214,44,300603
6861,0.000754,74.125.24.0-255,5379,100593,44,300603
6862,0.000757,172.31.46.0-255,66,100659,44,300603
6863,0.000809,74.125.24.0-255,1484,102143,44,300603
6864,0.000823,74.125.24.0-255,1484,103627,44,300603
6865,0.000826,172.31.46.0-255,66,103693,44,300603
6866,0.000844,74.125.24.0-255,1484,105177,44,300603
6867,0.000851,74.125.24.0-255,5738,110915,44,300603
6868,0.000853,172.31.46.0-255,66,110981,44,300603
6869,0.000856,74.125.24.0-255,1484,112465,44,300603
6870,0.000889,74.125.24.0-255,5379,117844,44,300603
6871,0.000892,172.31.46.0-255,66,117910,44,300603
6872,0.001278,74.125.24.0-255,1484,119394,44,300603
6873,0.001304,74.125.24.0-255,2902,122296,44,300603
6874,0.001308,172.31.46.0-255,66,122362,44,300603
6875,0.001315,74.125.24.0-255,5738,128100,44,300603
6876,0.001317,172.31.46.0-255,66,128166,44,300603
6877,0.001341,172.31.46.0-255,66,128232,44,300603
6878,0.00137,74.125.24.0-255,2902,131134,44,300603
6879,0.001372,172.31.46.0-255,66,131200,44,300603
6880,0.001383,172.31.46.0-255,66,131266,44,300603
6881,0.001387,74.125.24.0-255,2184,133450,44,300603
6882,0.001389,172.31.46.0-255,66,133516,44,300603
6883,0.001897,74.125.24.0-255,1484,135000,44,300603
6884,0.001906,74.125.24.0-255,2902,137902,44,300603
6885,0.00191,172.31.46.0-255,66,137968,44,300603
6886,0.001914,74.125.24.0-255,1484,139452,44,300603
6887,0.001935,74.125.24.0-255,5738,145190,44,300603
6888,0.001937,172.31.46.0-255,66,145256,44,300603
6889,0.00196,74.125.24.0-255,7156,152412,44,300603
6890,0.001962,172.31.46.0-255,66,152478,44,300603
6891,0.00198,74.125.24.0-255,5738,158216,44,300603
6892,0.001983,172.31.46.0-255,66,158282,44,300603
6893,0.00199,74.125.24.0-255,7156,165438,44,300603
6894,0.001992,172.31.46.0-255,66,165504,44,300603
6895,0.002026,74.125.24.0-255,2184,167688,44,300603
6896,0.002029,172.31.46.0-255,66,167754,44,300603
6897,0.004231,74.125.24.0-255,2902,170656,44,300603
6898,0.004237,172.31.46.0-255,66,170722,44,300603
6899,0.004285,74.125.24.0-255,2902,173624,44,300603
6900,0.004287,172.31.46.0-255,66,173690,44,300603
6901,0.00651,74.125.24.0-255,2902,176592,44,300603
6902,0.006516,172.31.46.0-255,66,176658,44,300603
6903,0.006535,74.125.24.0-255,1484,178142,44,300603
6904,0.006548,74.125.24.0-255,1484,179626,44,300603
6905,0.00655,172.31.46.0-255,66,179692,44,300603
6906,0.008767,74.125.24.0-255,2902,182594,44,300603
6907,0.008775,172.31.46.0-255,66,182660,44,300603
6908,0.008797,74.125.24.0-255,2902,185562,44,300603
6909,0.0088,172.31.46.0-255,66,185628,44,300603
6910,0.011031,74.125.24.0-255,2902,188530,44,300603
6911,0.011038,172.31.46.0-255,66,188596,44,300603
6912,0.011069,74.125.24.0-255,2902,191498,44,300603
6913,0.011072,172.31.46.0-255,66,191564,44,300603
6914,0.013283,74.125.24.0-255,2902,194466,44,300603
6915,0.013292,172.31.46.0-255,66,194532,44,300603
6916,0.013319,74.125.24.0-255,2902,197434,44,300603
6917,0.013322,172.31.46.0-255,66,197500,44,300603
6918,0.015543,74.125.24.0-255,2902,200402,44,300603
6919,0.015551,172.31.46.0-255,66,200468,44,300603
6920,0.015572,74.125.24.0-255,2902,203370,44,300603
6921,0.015574,172.31.46.0-255,66,203436,44,300603
6922,0.017778,74.125.24.0-255,2902,206338,44,300603
6923,0.017785,172.31.46.0-255,66,206404,44,300603
6924,0.017817,74.125.24.0-255,2902,209306,44,300603
6925,0.01782,172.31.46.0-255,66,209372,44,300603
6926,0.020026,74.125.24.0-255,2902,212274,44,300603
6927,0.020032,172.31.46.0-255,66,212340,44,300603
6928,0.020066,74.125.24.0-255,2902,215242,44,300603
6929,0.020068,172.31.46.0-255,66,215308,44,300603
6930,0.022292,74.125.24.0-255,2902,218210,44,300603
6931,0.0223,172.31.46.0-255,66,218276,44,300603
6932,0.02232,74.125.24.0-255,2902,221178,44,300603
6933,0.022323,172.31.46.0-255,66,221244,44,300603
6934,0.02453,74.125.24.0-255,2902,224146,44,300603
6935,0.024537,172.31.46.0-255,66,224212,44,300603
6936,0.024557,74.125.24.0-255,2902,227114,44,300603
6937,0.024559,172.31.46.0-255,66,227180,44,300603
6938,0.026789,74.125.24.0-255,2902,230082,44,300603
6939,0.026797,172.31.46.0-255,66,230148,44,300603
6940,0.026835,74.125.24.0-255,2902,233050,44,300603
6941,0.026837,172.31.46.0-255,66,233116,44,300603
6942,0.029038,74.125.24.0-255,2902,236018,44,300603
6943,0.029044,172.31.46.0-255,66,236084,44,300603
6944,0.029078,74.125.24.0-255,2902,238986,44,300603
6945,0.029081,172.31.46.0-255,66,239052,44,300603
6946,0.029604,172.31.46.0-255,164,239216,44,300603
6947,0.029632,172.31.46.0-255,1123,240339,44,300603
6948,0.030379,172.31.46.0-255,1514,241853,44,300603
6949,0.030382,172.31.46.0-255,1514,243367,44,300603
6950,0.030383,172.31.46.0-255,1514,244881,44,300603
6951,0.030384,172.31.46.0-255,1514,246395,44,300603
6952,0.030414,172.31.46.0-255,1510,247905,44,300603
6953,0.031146,104.244.42.0-255,66,247971,44,300603
6954,0.031198,104.244.42.0-255,66,248037,44,300603
6955,0.03127,74.125.24.0-255,2902,250939,44,300603
6956,0.031275,172.31.46.0-255,66,251005,44,300603
6957,0.031312,74.125.24.0-255,2902,253907,44,300603
6958,0.031315,172.31.46.0-255,66,253973,44,300603
6959,0.031969,104.244.42.0-255,66,254039,44,300603
6960,0.033537,74.125.24.0-255,2902,256941,44,300603
6961,0.033544,172.31.46.0-255,66,257007,44,300603
6962,0.033566,74.125.24.0-255,2902,259909,44,300603
6963,0.033568,172.31.46.0-255,66,259975,44,300603
6964,0.035889,74.125.24.0-255,5738,265713,44,300603
6965,0.035896,172.31.46.0-255,66,265779,44,300603
6966,0.038157,74.125.24.0-255,5738,271517,44,300603
6967,0.038163,172.31.46.0-255,66,271583,44,300603
6968,0.040433,74.125.24.0-255,5738,277321,44,300603
6969,0.040439,172.31.46.0-255,66,277387,44,300603
6970,0.042683,74.125.24.0-255,5738,283125,44,300603
6971,0.04269,172.31.46.0-255,66,283191,44,300603
6972,0.044929,74.125.24.0-255,5738,288929,44,300603
6973,0.044935,172.31.46.0-255,66,288995,44,300603
6974,0.047202,74.125.24.0-255,5738,294733,44,300603
6975,0.047212,172.31.46.0-255,66,294799,44,300603
6976,0.049479,74.125.24.0-255,5738,300537,44,300603
6977,0.049486,172.31.46.0-255,66,300603,44,300603
6978,0.0,74.125.200.0-255,150,150,44,345062
6979,2.1e-05,172.31.46.0-255,66,216,44,345062
6980,2.8e-05,74.125.200.0-255,1484,1700,44,345062
6981,3.3e-05,172.31.46.0-255,66,1766,44,345062
6982,3.8e-05,74.125.200.0-255,2902,4668,44,345062
6983,4.1e-05,172.31.46.0-255,66,4734,44,345062
6984,4.7e-05,74.125.200.0-255,5738,10472,44,345062
6985,5e-05,172.31.46.0-255,66,10538,44,345062
6986,5.5e-05,74.125.200.0-255,3498,14036,44,345062
6987,5.9e-05,172.31.46.0-255,66,14102,44,345062
6988,0.000105,74.125.200.0-255,1484,15586,44,345062
6989,0.000108,172.31.46.0-255,66,15652,44,345062
6990,0.000135,74.125.200.0-255,2902,18554,44,345062
6991,0.000138,172.31.46.0-255,66,18620,44,345062
6992,0.000144,74.125.200.0-255,5738,24358,44,345062
6993,0.000146,172.31.46.0-255,66,24424,44,345062
6994,0.000152,74.125.200.0-255,5738,30162,44,345062
6995,0.000154,172.31.46.0-255,66,30228,44,345062
6996,0.00019,74.125.200.0-255,2902,33130,44,345062
6997,0.000194,172.31.46.0-255,66,33196,44,345062
6998,0.000214,74.125.200.0-255,3961,37157,44,345062
6999,0.000216,172.31.46.0-255,66,37223,44,345062
7000,0.000219,74.125.200.0-255,1484,38707,44,345062
7001,0.000221,172.31.46.0-255,66,38773,44,345062
7002,0.000225,74.125.200.0-255,2902,41675,44,345062
7003,0.000228,172.31.46.0-255,66,41741,44,345062
7004,0.000234,74.125.200.0-255,5738,47479,44,345062
7005,0.000236,172.31.46.0-255,66,47545,44,345062
7006,0.000239,74.125.200.0-255,1125,48670,44,345062
7007,0.000241,172.31.46.0-255,66,48736,44,345062
7008,0.00029,74.125.200.0-255,1484,50220,44,345062
7009,0.000293,172.31.46.0-255,66,50286,44,345062
7010,0.000297,74.125.200.0-255,1484,51770,44,345062
7011,0.000316,74.125.200.0-255,1484,53254,44,345062
7012,0.000319,172.31.46.0-255,66,53320,44,345062
7013,0.000324,74.125.200.0-255,4320,57640,44,345062
7014,0.000327,172.31.46.0-255,66,57706,44,345062
7015,0.000359,74.125.200.0-255,4320,62026,44,345062
7016,0.000361,172.31.46.0-255,66,62092,44,345062
7017,0.000398,74.125.200.0-255,3961,66053,44,345062
7018,0.0004,172.31.46.0-255,66,66119,44,345062
7019,0.000403,74.125.200.0-255,649,66768,44,345062
7020,0.000438,74.125.200.0-255,1484,68252,44,345062
7021,0.000441,172.31.46.0-255,66,68318,44,345062
7022,0.000453,74.125.200.0-255,1484,69802,44,345062
7023,0.000478,74.125.200.0-255,2902,72704,44,345062
7024,0.000481,172.31.46.0-255,66,72770,44,345062
7025,0.000504,74.125.200.0-255,5738,78508,44,345062
7026,0.000506,172.31.46.0-255,66,78574,44,345062
7027,0.00051,74.125.200.0-255,1484,80058,44,345062
7028,0.000524,74.125.200.0-255,1484,81542,44,345062
7029,0.000526,172.31.46.0-255,66,81608,44,345062
7030,0.000544,74.125.200.0-255,1484,83092,44,345062
7031,0.000548,74.125.200.0-255,2902,85994,44,345062
7032,0.00055,172.31.46.0-255,66,86060,44,345062
7033,0.000571,74.125.200.0-255,2902,88962,44,345062
7034,0.000573,172.31.46.0-255,66,89028,44,345062
7035,0.000576,74.125.200.0-255,1484,90512,44,345062
7036,0.000589,74.125.200.0-255,1484,91996,44,345062
7037,0.000591,172.31.46.0-255,66,92062,44,345062
7038,0.000616,74.125.200.0-255,7156,99218,44,345062
7039,0.000618,172.31.46.0-255,66,99284,44,345062
7040,0.000622,74.125.200.0-255,2184,101468,44,345062
7041,0.000625,172.31.46.0-255,66,101534,44,345062
7042,0.000733,74.125.200.0-255,1484,103018,44,345062
7043,0.000753,74.125.200.0-255,2902,105920,44,345062
7044,0.000757,172.31.46.0-255,66,105986,44,345062
7045,0.000762,74.125.200.0-255,4320,110306,44,345062
7046,0.000765,172.31.46.0-255,66,110372,44,345062
7047,0.00079,74.125.200.0-255,5738,116110,44,345062
7048,0.000793,172.31.46.0-255,66,116176,44,345062
7049,0.000806,74.125.200.0-255,1873,118049,44,345062
7050,0.000809,172.31.46.0-255,66,118115,44,345062
7051,0.000905,74.125.200.0-255,215,118330,44,345062
7052,0.001067,74.125.200.0-255,1484,119814,44,345062
7053,0.001071,172.31.46.0-255,66,119880,44,345062
7054,0.001075,74.125.200.0-255,1484,121364,44,345062
7055,0.00109,74.125.200.0-255,1484,122848,44,345062
7056,0.001092,172.31.46.0-255,66,122914,44,345062
7057,0.001116,74.125.200.0-255,4320,127234,44,345062
7058,0.001118,172.31.46.0-255,66,127300,44,345062
7059,0.001157,74.125.200.0-255,1484,128784,44,345062
7060,0.001189,74.125.200.0-255,2902,131686,44,345062
7061,0.001192,172.31.46.0-255,66,131752,44,345062
7062,0.001225,74.125.200.0-255,1484,133236,44,345062
7063,0.001251,74.125.200.0-255,1484,134720,44,345062
7064,0.001254,172.31.46.0-255,66,134786,44,345062
7065,0.00127,74.125.200.0-255,2902,137688,44,345062
7066,0.001272,172.31.46.0-255,66,137754,44,345062
7067,0.001275,74.125.200.0-255,1484,139238,44,345062
7068,0.001295,74.125.200.0-255,4320,143558,44,345062
7069,0.001297,172.31.46.0-255,66,143624,44,345062
7070,0.001311,74.125.200.0-255,2902,146526,44,345062
7071,0.001314,172.31.46.0-255,66,146592,44,345062
7072,0.001346,74.125.200.0-255,4320,150912,44,345062
7073,0.001349,172.31.46.0-255,66,150978,44,345062
7074,0.001353,74.125.200.0-255,2184,153162,44,345062
7075,0.001355,172.31.46.0-255,66,153228,44,345062
7076,0.00155,74.125.200.0-255,1484,154712,44,345062
7077,0.001555,74.125.200.0-255,1484,156196,44,345062
7078,0.001558,172.31.46.0-255,66,156262,44,345062
7079,0.001562,74.125.200.0-255,1484,157746,44,345062
7080,0.001576,74.125.200.0-255,1484,159230,44,345062
7081,0.001578,172.31.46.0-255,66,159296,44,345062
7082,0.001581,74.125.200.0-255,1484,160780,44,345062
7083,0.001604,74.125.200.0-255,4320,165100,44,345062
7084,0.001607,172.31.46.0-255,66,165166,44,345062
7085,0.001614,74.125.200.0-255,7156,172322,44,345062
7086,0.001617,172.31.46.0-255,66,172388,44,345062
7087,0.001646,74.125.200.0-255,2902,175290,44,345062
7088,0.001649,172.31.46.0-255,66,175356,44,345062
7089,0.001671,74.125.200.0-255,5738,181094,44,345062
7090,0.001674,172.31.46.0-255,66,181160,44,345062
7091,0.001677,74.125.200.0-255,1484,182644,44,345062
7092,0.001723,74.125.200.0-255,2902,185546,44,345062
7093,0.001726,172.31.46.0-255,66,185612,44,345062
7094,0.001745,74.125.200.0-255,2184,187796,44,345062
7095,0.001748,172.31.46.0-255,66,187862,44,345062
7096,0.001945,74.125.200.0-255,1484,189346,44,345062
7097,0.001953,74.125.200.0-255,2902,192248,44,345062
7098,0.001958,172.31.46.0-255,66,192314,44,345062
7099,0.001989,74.125.200.0-255,1484,193798,44,345062
7100,0.002008,74.125.200.0-255,2902,196700,44,345062
7101,0.002011,172.31.46.0-255,66,196766,44,345062
7102,0.002023,74.125.200.0-255,1484,198250,44,345062
7103,0.002044,74.125.200.0-255,2902,201152,44,345062
7104,0.002047,172.31.46.0-255,66,201218,44,345062
7105,0.002082,74.125.200.0-255,1484,202702,44,345062
7106,0.002102,74.125.200.0-255,2902,205604,44,345062
7107,0.002105,172.31.46.0-255,66,205670,44,345062
7108,0.002124,74.125.200.0-255,2902,208572,44,345062
7109,0.002127,172.31.46.0-255,66,208638,44,345062
7110,0.002146,74.125.200.0-255,4320,212958,44,345062
7111,0.002148,172.31.46.0-255,66,213024,44,345062
7112,0.002166,74.125.200.0-255,2902,215926,44,345062
7113,0.002169,172.31.46.0-255,66,215992,44,345062
7114,0.002184,74.125.200.0-255,5738,221730,44,345062
7115,0.002187,172.31.46.0-255,66,221796,44,345062
7116,0.002202,74.125.200.0-255,766,222562,44,345062
7117,0.004505,74.125.200.0-255,4320,226882,44,345062
7118,0.004513,172.31.46.0-255,66,226948,44,345062
7119,0.006829,74.125.200.0-255,5738,232686,44,345062
7120,0.006835,172.31.46.0-255,66,232752,44,345062
7121,0.009156,74.125.200.0-255,5738,238490,44,345062
7122,0.009162,172.31.46.0-255,66,238556,44,345062
7123,0.011482,74.125.200.0-255,5738,244294,44,345062
7124,0.01149,172.31.46.0-255,66,244360,44,345062
7125,0.013819,74.125.200.0-255,5738,250098,44,345062
7126,0.013826,172.31.46.0-255,66,250164,44,345062
7127,0.016164,74.125.200.0-255,5738,255902,44,345062
7128,0.016173,172.31.46.0-255,66,255968,44,345062
7129,0.018501,74.125.200.0-255,5738,261706,44,345062
7130,0.018509,172.31.46.0-255,66,261772,44,345062
7131,0.020834,74.125.200.0-255,5738,267510,44,345062
7132,0.020842,172.31.46.0-255,66,267576,44,345062
7133,0.023171,74.125.200.0-255,5738,273314,44,345062
7134,0.023179,172.31.46.0-255,66,273380,44,345062
7135,0.025513,74.125.200.0-255,5738,279118,44,345062
7136,0.025522,172.31.46.0-255,66,279184,44,345062
7137,0.027845,74.125.200.0-255,4320,283504,44,345062
7138,0.027853,172.31.46.0-255,66,283570,44,345062
7139,0.027872,74.125.200.0-255,1484,285054,44,345062
7140,0.030176,74.125.200.0-255,4320,289374,44,345062
7141,0.030183,172.31.46.0-255,66,289440,44,345062
7142,0.032503,74.125.200.0-255,5738,295178,44,345062
7143,0.03251,172.31.46.0-255,66,295244,44,345062
7144,0.034831,74.125.200.0-255,5738,300982,44,345062
7145,0.034839,172.31.46.0-255,66,301048,44,345062
7146,0.037156,74.125.200.0-255,5738,306786,44,345062
7147,0.037164,172.31.46.0-255,66,306852,44,345062
7148,0.038825,172.31.46.0-255,172,307024,44,345062
7149,0.03886,172.31.46.0-255,1114,308138,44,345062
7150,0.038927,172.31.46.0-255,1514,309652,44,345062
7151,0.038929,172.31.46.0-255,1514,311166,44,345062
7152,0.03893,172.31.46.0-255,1514,312680,44,345062
7153,0.038932,172.31.46.0-255,1514,314194,44,345062
7154,0.038933,172.31.46.0-255,1514,315708,44,345062
7155,0.03896,172.31.46.0-255,70,315778,44,345062
7156,0.03949,74.125.200.0-255,5738,321516,44,345062
7157,0.039497,172.31.46.0-255,66,321582,44,345062
7158,0.040347,104.244.42.0-255,66,321648,44,345062
7159,0.040401,104.244.42.0-255,66,321714,44,345062
7160,0.040498,104.244.42.0-255,66,321780,44,345062
7161,0.040505,104.244.42.0-255,66,321846,44,345062
7162,0.041819,74.125.200.0-255,5738,327584,44,345062
7163,0.041825,172.31.46.0-255,66,327650,44,345062
7164,0.044154,74.125.200.0-255,5738,333388,44,345062
7165,0.044161,172.31.46.0-255,66,333454,44,345062
7166,0.046509,74.125.200.0-255,5738,339192,44,345062
7167,0.046516,172.31.46.0-255,66,339258,44,345062
7168,0.048889,74.125.200.0-255,5738,344996,44,345062
7169,0.048895,172.31.46.0-255,66,345062,44,345062
7170,0.0,74.125.24.0-255,146,146,44,164683
7171,2.3e-05,172.31.46.0-255,66,212,44,164683
7172,3e-05,74.125.24.0-255,1484,1696,44,164683
7173,3.5e-05,172.31.46.0-255,66,1762,44,164683
7174,4.9e-05,74.125.24.0-255,2902,4664,44,164683
7175,5.3e-05,172.31.46.0-255,66,4730,44,164683
7176,5.9e-05,74.125.24.0-255,5738,10468,44,164683
7177,6.2e-05,172.31.46.0-255,66,10534,44,164683
7178,6.7e-05,74.125.24.0-255,2902,13436,44,164683
7179,7e-05,172.31.46.0-255,66,13502,44,164683
7180,0.000111,172.31.46.0-255,66,13568,44,164683
7181,0.000118,74.125.24.0-255,6797,20365,44,164683
7182,0.000121,172.31.46.0-255,66,20431,44,164683
7183,0.0002,74.125.24.0-255,1484,21915,44,164683
7184,0.000203,172.31.46.0-255,66,21981,44,164683
7185,0.000208,74.125.24.0-255,2902,24883,44,164683
7186,0.00021,172.31.46.0-255,66,24949,44,164683
7187,0.000217,74.125.24.0-255,5738,30687,44,164683
7188,0.000224,172.31.46.0-255,66,30753,44,164683
7189,0.000271,172.31.46.0-255,66,30819,44,164683
7190,0.000287,172.31.46.0-255,66,30885,44,164683
7191,0.00038,74.125.24.0-255,133,31018,44,164683
7192,0.000383,172.31.46.0-255,66,31084,44,164683
7193,0.000485,74.125.24.0-255,1484,32568,44,164683
7194,0.000489,172.31.46.0-255,66,32634,44,164683
7195,0.000494,74.125.24.0-255,2902,35536,44,164683
7196,0.000497,172.31.46.0-255,66,35602,44,164683
7197,0.000508,74.125.24.0-255,5738,41340,44,164683
7198,0.00051,172.31.46.0-255,66,41406,44,164683
7199,0.000538,74.125.24.0-255,2902,44308,44,164683
7200,0.00054,172.31.46.0-255,66,44374,44,164683
7201,0.00056,74.125.24.0-255,3961,48335,44,164683
7202,0.000562,172.31.46.0-255,66,48401,44,164683
7203,0.000596,74.125.24.0-255,4320,52721,44,164683
7204,0.000599,172.31.46.0-255,66,52787,44,164683
7205,0.000612,74.125.24.0-255,2902,55689,44,164683
7206,0.000614,172.31.46.0-255,66,55755,44,164683
7207,0.00063,172.31.46.0-255,66,55821,44,164683
7208,0.000653,74.125.24.0-255,1125,56946,44,164683
7209,0.000713,74.125.24.0-255,1484,58430,44,164683
7210,0.000716,172.31.46.0-255,66,58496,44,164683
7211,0.000721,74.125.24.0-255,2902,61398,44,164683
7212,0.000724,172.31.46.0-255,66,61464,44,164683
7213,0.000752,74.125.24.0-255,5738,67202,44,164683
7214,0.000755,172.31.46.0-255,66,67268,44,164683
7215,0.000784,172.31.46.0-255,66,67334,44,164683
7216,0.000813,74.125.24.0-255,2902,70236,44,164683
7217,0.000816,172.31.46.0-255,66,70302,44,164683
7218,0.000829,172.31.46.0-255,66,70368,44,164683
7219,0.001032,74.125.24.0-255,1484,71852,44,164683
7220,0.001037,74.125.24.0-255,1484,73336,44,164683
7221,0.001039,172.31.46.0-255,66,73402,44,164683
7222,0.001054,74.125.24.0-255,1484,74886,44,164683
7223,0.001065,74.125.24.0-255,5738,80624,44,164683
7224,0.001067,172.31.46.0-255,66,80690,44,164683
7225,0.001073,74.125.24.0-255,7156,87846,44,164683
7226,0.001075,172.31.46.0-255,66,87912,44,164683
7227,0.001122,172.31.46.0-255,66,87978,44,164683
7228,0.001128,74.125.24.0-255,5020,92998,44,164683
7229,0.001131,172.31.46.0-255,66,93064,44,164683
7230,0.001137,74.125.24.0-255,5738,98802,44,164683
7231,0.001142,74.125.24.0-255,2902,101704,44,164683
7232,0.001147,172.31.46.0-255,66,101770,44,164683
7233,0.001149,172.31.46.0-255,66,101836,44,164683
7234,0.001186,172.31.46.0-255,66,101902,44,164683
7235,0.001197,172.31.46.0-255,66,101968,44,164683
7236,0.001227,74.125.24.0-255,2184,104152,44,164683
7237,0.001229,172.31.46.0-255,66,104218,44,164683
7238,0.001235,74.125.24.0-255,3187,107405,44,164683
7239,0.001237,172.31.46.0-255,66,107471,44,164683
7240,0.001245,74.125.24.0-255,7156,114627,44,164683
7241,0.001247,172.31.46.0-255,66,114693,44,164683
7242,0.001318,172.31.46.0-255,66,114759,44,164683
7243,0.001321,172.31.46.0-255,66,114825,44,164683
7244,0.001338,172.31.46.0-255,66,114891,44,164683
7245,0.001354,172.31.46.0-255,66,114957,44,164683
7246,0.001429,172.31.46.0-255,66,115023,44,164683
7247,0.001669,74.125.24.0-255,1484,116507,44,164683
7248,0.001688,74.125.24.0-255,2902,119409,44,164683
7249,0.001693,74.125.24.0-255,4320,123729,44,164683
7250,0.001699,172.31.46.0-255,66,123795,44,164683
7251,0.001713,172.31.46.0-255,66,123861,44,164683
7252,0.001716,74.125.24.0-255,1484,125345,44,164683
7253,0.001723,74.125.24.0-255,4320,129665,44,164683
7254,0.001725,172.31.46.0-255,66,129731,44,164683
7255,0.00176,172.31.46.0-255,66,129797,44,164683
7256,0.001763,74.125.24.0-255,1484,131281,44,164683
7257,0.001768,74.125.24.0-255,4320,135601,44,164683
7258,0.00177,172.31.46.0-255,66,135667,44,164683
7259,0.001796,74.125.24.0-255,5020,140687,44,164683
7260,0.001799,172.31.46.0-255,66,140753,44,164683
7261,0.001833,172.31.46.0-255,66,140819,44,164683
7262,0.00184,74.125.24.0-255,4320,145139,44,164683
7263,0.001842,172.31.46.0-255,66,145205,44,164683
7264,0.001869,74.125.24.0-255,5738,150943,44,164683
7265,0.001872,172.31.46.0-255,66,151009,44,164683
7266,0.001884,172.31.46.0-255,66,151075,44,164683
7267,0.001935,172.31.46.0-255,66,151141,44,164683
7268,0.001953,172.31.46.0-255,66,151207,44,164683
7269,0.001969,172.31.46.0-255,66,151273,44,164683
7270,0.001989,74.125.24.0-255,4874,156147,44,164683
7271,0.001995,172.31.46.0-255,66,156213,44,164683
7272,0.001997,172.31.46.0-255,66,156279,44,164683
7273,0.002022,74.125.24.0-255,105,156384,44,164683
7274,0.002418,172.31.46.0-255,101,156485,44,164683
7275,0.004647,74.125.24.0-255,66,156551,44,164683
7276,0.00961,172.31.46.0-255,105,156656,44,164683
7277,0.011865,74.125.24.0-255,66,156722,44,164683
7278,0.039415,172.31.46.0-255,171,156893,44,164683
7279,0.039447,172.31.46.0-255,1133,158026,44,164683
7280,0.039501,172.31.46.0-255,1514,159540,44,164683
7281,0.039502,172.31.46.0-255,1514,161054,44,164683
7282,0.039507,172.31.46.0-255,1514,162568,44,164683
7283,0.039509,172.31.46.0-255,1514,164082,44,164683
7284,0.039538,172.31.46.0-255,337,164419,44,164683
7285,0.040976,104.244.42.0-255,66,164485,44,164683
7286,0.041008,104.244.42.0-255,66,164551,44,164683
7287,0.041078,104.244.42.0-255,66,164617,44,164683
7288,0.041081,104.244.42.0-255,66,164683,44,164683
7289,0.0,172.31.46.0-255,105,105,44,525
7290,0.000164,172.31.46.0-255,90,195,44,525
7291,0.000185,172.31.46.0-255,66,261,44,525
7292,0.002769,74.125.200.0-255,66,327,44,525
7293,0.00279,74.125.200.0-255,66,393,44,525
7294,0.002795,172.31.46.0-255,66,459,44,525
7295,0.002798,74.125.200.0-255,66,525,44,525
7296,0.0,74.125.24.0-255,290,290,44,228853
7297,1.6e-05,172.31.46.0-255,66,356,44,228853
7298,2.3e-05,74.125.24.0-255,1484,1840,44,228853
7299,2.9e-05,172.31.46.0-255,66,1906,44,228853
7300,3.6e-05,74.125.24.0-255,4320,6226,44,228853
7301,4e-05,172.31.46.0-255,66,6292,44,228853
7302,5.4e-05,172.31.46.0-255,66,6358,44,228853
7303,7.9e-05,74.125.24.0-255,1484,7842,44,228853
7304,8.2e-05,172.31.46.0-255,66,7908,44,228853
7305,0.000116,172.31.46.0-255,66,7974,44,228853
7306,0.000122,74.125.24.0-255,5379,13353,44,228853
7307,0.000125,172.31.46.0-255,66,13419,44,228853
7308,0.000147,74.125.24.0-255,1484,14903,44,228853
7309,0.000149,172.31.46.0-255,66,14969,44,228853
7310,0.000154,74.125.24.0-255,2902,17871,44,228853
7311,0.000156,172.31.46.0-255,66,17937,44,228853
7312,0.000163,74.125.24.0-255,5738,23675,44,228853
7313,0.000166,172.31.46.0-255,66,23741,44,228853
7314,0.000203,172.31.46.0-255,66,23807,44,228853
7315,0.000216,74.125.24.0-255,1484,25291,44,228853
7316,0.000218,172.31.46.0-255,66,25357,44,228853
7317,0.000231,172.31.46.0-255,66,25423,44,228853
7318,0.000234,74.125.24.0-255,355,25778,44,228853
7319,0.000236,172.31.46.0-255,66,25844,44,228853
7320,0.000289,74.125.24.0-255,387,26231,44,228853
7321,0.000292,172.31.46.0-255,66,26297,44,228853
7322,0.000538,74.125.24.0-255,1484,27781,44,228853
7323,0.000545,172.31.46.0-255,66,27847,44,228853
7324,0.000588,74.125.24.0-255,2902,30749,44,228853
7325,0.000594,74.125.24.0-255,5738,36487,44,228853
7326,0.000618,172.31.46.0-255,66,36553,44,228853
7327,0.000621,172.31.46.0-255,66,36619,44,228853
7328,0.000624,172.31.46.0-255,66,36685,44,228853
7329,0.000633,172.31.46.0-255,66,36751,44,228853
7330,0.000638,74.125.24.0-255,2184,38935,44,228853
7331,0.00064,172.31.46.0-255,66,39001,44,228853
7332,0.000957,74.125.24.0-255,1484,40485,44,228853
7333,0.000966,74.125.24.0-255,2902,43387,44,228853
7334,0.00097,172.31.46.0-255,66,43453,44,228853
7335,0.000978,74.125.24.0-255,5738,49191,44,228853
7336,0.00098,172.31.46.0-255,66,49257,44,228853
7337,0.00101,172.31.46.0-255,66,49323,44,228853
7338,0.001033,74.125.24.0-255,1484,50807,44,228853
7339,0.001041,74.125.24.0-255,7156,57963,44,228853
7340,0.001044,172.31.46.0-255,66,58029,44,228853
7341,0.001068,74.125.24.0-255,4320,62349,44,228853
7342,0.001071,172.31.46.0-255,66,62415,44,228853
7343,0.001102,172.31.46.0-255,66,62481,44,228853
7344,0.001138,172.31.46.0-255,66,62547,44,228853
7345,0.001161,74.125.24.0-255,3602,66149,44,228853
7346,0.001164,172.31.46.0-255,66,66215,44,228853
7347,0.001184,74.125.24.0-255,1484,67699,44,228853
7348,0.001204,74.125.24.0-255,2902,70601,44,228853
7349,0.001207,172.31.46.0-255,66,70667,44,228853
7350,0.001214,74.125.24.0-255,5738,76405,44,228853
7351,0.001216,172.31.46.0-255,66,76471,44,228853
7352,0.001251,74.125.24.0-255,7156,83627,44,228853
7353,0.001255,172.31.46.0-255,66,83693,44,228853
7354,0.00127,172.31.46.0-255,66,83759,44,228853
7355,0.001274,74.125.24.0-255,2184,85943,44,228853
7356,0.001276,172.31.46.0-255,66,86009,44,228853
7357,0.001351,74.125.24.0-255,1484,87493,44,228853
7358,0.001355,74.125.24.0-255,1484,88977,44,228853
7359,0.001358,172.31.46.0-255,66,89043,44,228853
7360,0.001379,74.125.24.0-255,1484,90527,44,228853
7361,0.001386,74.125.24.0-255,5738,96265,44,228853
7362,0.001389,172.31.46.0-255,66,96331,44,228853
7363,0.001395,74.125.24.0-255,4320,100651,44,228853
7364,0.001398,172.31.46.0-255,66,100717,44,228853
7365,0.001424,172.31.46.0-255,66,100783,44,228853
7366,0.001437,172.31.46.0-255,66,100849,44,228853
7367,0.001549,74.125.24.0-255,1484,102333,44,228853
7368,0.001556,74.125.24.0-255,2902,105235,44,228853
7369,0.001559,172.31.46.0-255,66,105301,44,228853
7370,0.001567,74.125.24.0-255,5738,111039,44,228853
7371,0.00157,172.31.46.0-255,66,111105,44,228853
7372,0.001575,74.125.24.0-255,4320,115425,44,228853
7373,0.001577,172.31.46.0-255,66,115491,44,228853
7374,0.001614,172.31.46.0-255,66,115557,44,228853
7375,0.00165,172.31.46.0-255,66,115623,44,228853
7376,0.001716,74.125.24.0-255,1484,117107,44,228853
7377,0.001721,74.125.24.0-255,2902,120009,44,228853
7378,0.001724,172.31.46.0-255,66,120075,44,228853
7379,0.00173,74.125.24.0-255,4320,124395,44,228853
7380,0.001733,172.31.46.0-255,66,124461,44,228853
7381,0.001745,74.125.24.0-255,1484,125945,44,228853
7382,0.001749,74.125.24.0-255,2902,128847,44,228853
7383,0.001752,172.31.46.0-255,66,128913,44,228853
7384,0.001793,172.31.46.0-255,66,128979,44,228853
7385,0.001805,172.31.46.0-255,66,129045,44,228853
7386,0.00409,74.125.24.0-255,5738,134783,44,228853
7387,0.004097,172.31.46.0-255,66,134849,44,228853
7388,0.006354,74.125.24.0-255,5738,140587,44,228853
7389,0.006368,172.31.46.0-255,66,140653,44,228853
7390,0.008643,74.125.24.0-255,5738,146391,44,228853
7391,0.008657,172.31.46.0-255,66,146457,44,228853
7392,0.01096,74.125.24.0-255,5738,152195,44,228853
7393,0.010971,172.31.46.0-255,66,152261,44,228853
7394,0.013269,74.125.24.0-255,5738,157999,44,228853
7395,0.013278,172.31.46.0-255,66,158065,44,228853
7396,0.015556,74.125.24.0-255,5738,163803,44,228853
7397,0.015564,172.31.46.0-255,66,163869,44,228853
7398,0.017821,74.125.24.0-255,5738,169607,44,228853
7399,0.017828,172.31.46.0-255,66,169673,44,228853
7400,0.02011,74.125.24.0-255,5738,175411,44,228853
7401,0.020122,172.31.46.0-255,66,175477,44,228853
7402,0.022402,74.125.24.0-255,5738,181215,44,228853
7403,0.022409,172.31.46.0-255,66,181281,44,228853
7404,0.024693,74.125.24.0-255,5738,187019,44,228853
7405,0.024702,172.31.46.0-255,66,187085,44,228853
7406,0.026961,74.125.24.0-255,5738,192823,44,228853
7407,0.026969,172.31.46.0-255,66,192889,44,228853
7408,0.029236,74.125.24.0-255,5738,198627,44,228853
7409,0.02925,172.31.46.0-255,66,198693,44,228853
7410,0.031557,74.125.24.0-255,5738,204431,44,228853
7411,0.031568,172.31.46.0-255,66,204497,44,228853
7412,0.033859,74.125.24.0-255,5738,210235,44,228853
7413,0.033872,172.31.46.0-255,66,210301,44,228853
7414,0.036168,74.125.24.0-255,5738,216039,44,228853
7415,0.036181,172.31.46.0-255,66,216105,44,228853
7416,0.037764,172.31.46.0-255,188,216293,44,228853
7417,0.037798,172.31.46.0-255,955,217248,44,228853
7418,0.037862,172.31.46.0-255,1514,218762,44,228853
7419,0.037864,172.31.46.0-255,1514,220276,44,228853
7420,0.037868,172.31.46.0-255,1514,221790,44,228853
7421,0.03787,172.31.46.0-255,1514,223304,44,228853
7422,0.037889,172.31.46.0-255,1514,224818,44,228853
7423,0.03789,172.31.46.0-255,229,225047,44,228853
7424,0.038459,74.125.24.0-255,3239,228286,44,228853
7425,0.038466,172.31.46.0-255,66,228352,44,228853
7426,0.038638,172.31.46.0-255,105,228457,44,228853
7427,0.039381,104.244.42.0-255,66,228523,44,228853
7428,0.039402,104.244.42.0-255,66,228589,44,228853
7429,0.039473,104.244.42.0-255,66,228655,44,228853
7430,0.039543,104.244.42.0-255,66,228721,44,228853
7431,0.039549,104.244.42.0-255,66,228787,44,228853
7432,0.040869,74.125.24.0-255,66,228853,44,228853
7433,0.0,172.217.194.0-255,156,156,44,271009
7434,1.6e-05,172.31.46.0-255,66,222,44,271009
7435,2.3e-05,172.217.194.0-255,1484,1706,44,271009
7436,2.7e-05,172.31.46.0-255,66,1772,44,271009
7437,3.3e-05,172.217.194.0-255,2902,4674,44,271009
7438,3.5e-05,172.31.46.0-255,66,4740,44,271009
7439,4.3e-05,172.217.194.0-255,7156,11896,44,271009
7440,5.5e-05,172.31.46.0-255,66,11962,44,271009
7441,5.9e-05,172.217.194.0-255,2084,14046,44,271009
7442,6.2e-05,172.31.46.0-255,66,14112,44,271009
7443,9.7e-05,172.217.194.0-255,4320,18432,44,271009
7444,0.000101,172.31.46.0-255,66,18498,44,271009
7445,0.000131,172.31.46.0-255,66,18564,44,271009
7446,0.000166,172.217.194.0-255,3961,22525,44,271009
7447,0.000168,172.31.46.0-255,66,22591,44,271009
7448,0.00036,172.217.194.0-255,1484,24075,44,271009
7449,0.000366,172.31.46.0-255,66,24141,44,271009
7450,0.000372,172.217.194.0-255,2902,27043,44,271009
7451,0.000374,172.31.46.0-255,66,27109,44,271009
7452,0.000378,172.217.194.0-255,2902,30011,44,271009
7453,0.00038,172.31.46.0-255,66,30077,44,271009
7454,0.000409,172.217.194.0-255,2902,32979,44,271009
7455,0.000412,172.31.46.0-255,66,33045,44,271009
7456,0.000423,172.31.46.0-255,66,33111,44,271009
7457,0.000453,172.31.46.0-255,66,33177,44,271009
7458,0.000461,172.217.194.0-255,7046,40223,44,271009
7459,0.000463,172.31.46.0-255,66,40289,44,271009
7460,0.000474,172.217.194.0-255,436,40725,44,271009
7461,0.000477,172.31.46.0-255,66,40791,44,271009
7462,0.00067,172.217.194.0-255,1484,42275,44,271009
7463,0.000678,172.217.194.0-255,2902,45177,44,271009
7464,0.000682,172.31.46.0-255,66,45243,44,271009
7465,0.000685,172.217.194.0-255,1484,46727,44,271009
7466,0.000712,172.217.194.0-255,4320,51047,44,271009
7467,0.000715,172.31.46.0-255,66,51113,44,271009
7468,0.000721,172.217.194.0-255,5738,56851,44,271009
7469,0.000723,172.31.46.0-255,66,56917,44,271009
7470,0.000762,172.31.46.0-255,66,56983,44,271009
7471,0.000777,172.217.194.0-255,1484,58467,44,271009
7472,0.000784,172.217.194.0-255,5020,63487,44,271009
7473,0.000786,172.31.46.0-255,66,63553,44,271009
7474,0.000959,172.217.194.0-255,1484,65037,44,271009
7475,0.00099,172.217.194.0-255,2902,67939,44,271009
7476,0.000994,172.31.46.0-255,66,68005,44,271009
7477,0.001026,172.217.194.0-255,5738,73743,44,271009
7478,0.00103,172.31.46.0-255,66,73809,44,271009
7479,0.001036,172.217.194.0-255,5738,79547,44,271009
7480,0.001038,172.31.46.0-255,66,79613,44,271009
7481,0.001043,172.217.194.0-255,4320,83933,44,271009
7482,0.001046,172.31.46.0-255,66,83999,44,271009
7483,0.001079,172.31.46.0-255,66,84065,44,271009
7484,0.001085,172.217.194.0-255,5020,89085,44,271009
7485,0.001087,172.31.46.0-255,66,89151,44,271009
7486,0.001128,172.217.194.0-255,1484,90635,44,271009
7487,0.001146,172.217.194.0-255,2902,93537,44,271009
7488,0.001149,172.31.46.0-255,66,93603,44,271009
7489,0.001182,172.217.194.0-255,5738,99341,44,271009
7490,0.001185,172.31.46.0-255,66,99407,44,271009
7491,0.001191,172.217.194.0-255,5738,105145,44,271009
7492,0.001193,172.31.46.0-255,66,105211,44,271009
7493,0.001197,172.217.194.0-255,2902,108113,44,271009
7494,0.001199,172.31.46.0-255,66,108179,44,271009
7495,0.001239,172.31.46.0-255,66,108245,44,271009
7496,0.001245,172.217.194.0-255,5020,113265,44,271009
7497,0.001247,172.31.46.0-255,66,113331,44,271009
7498,0.0013,172.217.194.0-255,5738,119069,44,271009
7499,0.001303,172.31.46.0-255,66,119135,44,271009
7500,0.001308,172.217.194.0-255,4320,123455,44,271009
7501,0.00131,172.31.46.0-255,66,123521,44,271009
7502,0.001322,172.31.46.0-255,66,123587,44,271009
7503,0.001348,172.217.194.0-255,1484,125071,44,271009
7504,0.001352,172.217.194.0-255,2902,127973,44,271009
7505,0.001355,172.31.46.0-255,66,128039,44,271009
7506,0.001398,172.31.46.0-255,66,128105,44,271009
7507,0.001437,172.217.194.0-255,1484,129589,44,271009
7508,0.001451,172.217.194.0-255,2902,132491,44,271009
7509,0.001454,172.31.46.0-255,66,132557,44,271009
7510,0.001459,172.217.194.0-255,2902,135459,44,271009
7511,0.001461,172.31.46.0-255,66,135525,44,271009
7512,0.001494,172.217.194.0-255,2902,138427,44,271009
7513,0.001497,172.31.46.0-255,66,138493,44,271009
7514,0.001509,172.31.46.0-255,66,138559,44,271009
7515,0.001529,172.217.194.0-255,2902,141461,44,271009
7516,0.001532,172.31.46.0-255,66,141527,44,271009
7517,0.001572,172.31.46.0-255,66,141593,44,271009
7518,0.001575,172.217.194.0-255,1484,143077,44,271009
7519,0.001609,172.217.194.0-255,2902,145979,44,271009
7520,0.001612,172.31.46.0-255,66,146045,44,271009
7521,0.001619,172.217.194.0-255,5738,151783,44,271009
7522,0.001621,172.31.46.0-255,66,151849,44,271009
7523,0.001625,172.217.194.0-255,2902,154751,44,271009
7524,0.001628,172.31.46.0-255,66,154817,44,271009
7525,0.001663,172.31.46.0-255,66,154883,44,271009
7526,0.001674,172.31.46.0-255,66,154949,44,271009
7527,0.001677,172.217.194.0-255,2184,157133,44,271009
7528,0.00168,172.31.46.0-255,66,157199,44,271009
7529,0.004342,172.217.194.0-255,5738,162937,44,271009
7530,0.004349,172.31.46.0-255,66,163003,44,271009
7531,0.006992,172.217.194.0-255,5738,168741,44,271009
7532,0.006997,172.31.46.0-255,66,168807,44,271009
7533,0.009668,172.217.194.0-255,5738,174545,44,271009
7534,0.009674,172.31.46.0-255,66,174611,44,271009
7535,0.012318,172.217.194.0-255,5738,180349,44,271009
7536,0.012325,172.31.46.0-255,66,180415,44,271009
7537,0.014969,172.217.194.0-255,5738,186153,44,271009
7538,0.014978,172.31.46.0-255,66,186219,44,271009
7539,0.017611,172.217.194.0-255,5738,191957,44,271009
7540,0.017619,172.31.46.0-255,66,192023,44,271009
7541,0.020273,172.217.194.0-255,5738,197761,44,271009
7542,0.020284,172.31.46.0-255,66,197827,44,271009
7543,0.02293,172.217.194.0-255,2902,200729,44,271009
7544,0.022937,172.31.46.0-255,66,200795,44,271009
7545,0.022966,172.217.194.0-255,2902,203697,44,271009
7546,0.022969,172.31.46.0-255,66,203763,44,271009
7547,0.0256,172.217.194.0-255,5738,209501,44,271009
7548,0.025607,172.31.46.0-255,66,209567,44,271009
7549,0.028245,172.217.194.0-255,5738,215305,44,271009
7550,0.028252,172.31.46.0-255,66,215371,44,271009
7551,0.030911,172.217.194.0-255,5738,221109,44,271009
7552,0.030922,172.31.46.0-255,66,221175,44,271009
7553,0.033584,172.217.194.0-255,5738,226913,44,271009
7554,0.033593,172.31.46.0-255,66,226979,44,271009
7555,0.036235,172.217.194.0-255,5738,232717,44,271009
7556,0.036242,172.31.46.0-255,66,232783,44,271009
7557,0.038896,172.217.194.0-255,5738,238521,44,271009
7558,0.038906,172.31.46.0-255,66,238587,44,271009
7559,0.041583,172.217.194.0-255,5738,244325,44,271009
7560,0.041593,172.31.46.0-255,66,244391,44,271009
7561,0.042325,172.31.46.0-255,188,244579,44,271009
7562,0.042354,172.31.46.0-255,955,245534,44,271009
7563,0.042421,172.31.46.0-255,1514,247048,44,271009
7564,0.042423,172.31.46.0-255,1514,248562,44,271009
7565,0.042429,172.31.46.0-255,1514,250076,44,271009
7566,0.04243,172.31.46.0-255,1514,251590,44,271009
7567,0.042448,172.31.46.0-255,1514,253104,44,271009
7568,0.042449,172.31.46.0-255,229,253333,44,271009
7569,0.043934,104.244.42.0-255,66,253399,44,271009
7570,0.043944,104.244.42.0-255,66,253465,44,271009
7571,0.04402,104.244.42.0-255,66,253531,44,271009
7572,0.044025,104.244.42.0-255,66,253597,44,271009
7573,0.044251,172.217.194.0-255,5738,259335,44,271009
7574,0.044258,172.31.46.0-255,66,259401,44,271009
7575,0.046885,172.217.194.0-255,5738,265139,44,271009
7576,0.046893,172.31.46.0-255,66,265205,44,271009
7577,0.049567,172.217.194.0-255,5738,270943,44,271009
7578,0.049573,172.31.46.0-255,66,271009,44,271009
7579,0.0,172.217.194.0-255,149,149,44,225104
7580,1.3e-05,172.31.46.0-255,66,215,44,225104
7581,1.9e-05,172.217.194.0-255,1484,1699,44,225104
7582,2.4e-05,172.31.46.0-255,66,1765,44,225104
7583,3.5e-05,172.217.194.0-255,2902,4667,44,225104
7584,3.8e-05,172.31.46.0-255,66,4733,44,225104
7585,4.6e-05,172.217.194.0-255,7156,11889,44,225104
7586,4.8e-05,172.31.46.0-255,66,11955,44,225104
7587,5.2e-05,172.217.194.0-255,2094,14049,44,225104
7588,5.5e-05,172.31.46.0-255,66,14115,44,225104
7589,7.5e-05,172.217.194.0-255,4320,18435,44,225104
7590,8.2e-05,172.31.46.0-255,66,18501,44,225104
7591,0.000108,172.217.194.0-255,7156,25657,44,225104
7592,0.00011,172.31.46.0-255,66,25723,44,225104
7593,0.000115,172.217.194.0-255,5379,31102,44,225104
7594,0.000118,172.31.46.0-255,66,31168,44,225104
7595,0.000174,172.217.194.0-255,1484,32652,44,225104
7596,0.000176,172.31.46.0-255,66,32718,44,225104
7597,0.00018,172.217.194.0-255,2902,35620,44,225104
7598,0.000182,172.31.46.0-255,66,35686,44,225104
7599,0.00021,172.217.194.0-255,5738,41424,44,225104
7600,0.000213,172.31.46.0-255,66,41490,44,225104
7601,0.000216,172.217.194.0-255,1484,42974,44,225104
7602,0.000218,172.31.46.0-255,66,43040,44,225104
7603,0.000262,172.31.46.0-255,66,43106,44,225104
7604,0.000272,172.31.46.0-255,66,43172,44,225104
7605,0.000275,172.217.194.0-255,120,43292,44,225104
7606,0.000277,172.31.46.0-255,66,43358,44,225104
7607,0.000313,172.217.194.0-255,1484,44842,44,225104
7608,0.000315,172.31.46.0-255,66,44908,44,225104
7609,0.000319,172.217.194.0-255,2902,47810,44,225104
7610,0.000322,172.31.46.0-255,66,47876,44,225104
7611,0.000356,172.217.194.0-255,7156,55032,44,225104
7612,0.000358,172.31.46.0-255,66,55098,44,225104
7613,0.000364,172.217.194.0-255,5738,60836,44,225104
7614,0.000366,172.31.46.0-255,66,60902,44,225104
7615,0.000403,172.31.46.0-255,66,60968,44,225104
7616,0.000406,172.217.194.0-255,1484,62452,44,225104
7617,0.000412,172.217.194.0-255,5020,67472,44,225104
7618,0.000414,172.31.46.0-255,66,67538,44,225104
7619,0.000461,172.217.194.0-255,1484,69022,44,225104
7620,0.000465,172.217.194.0-255,2902,71924,44,225104
7621,0.000467,172.31.46.0-255,66,71990,44,225104
7622,0.000497,172.217.194.0-255,5738,77728,44,225104
7623,0.000499,172.31.46.0-255,66,77794,44,225104
7624,0.000504,172.217.194.0-255,4320,82114,44,225104
7625,0.000505,172.31.46.0-255,66,82180,44,225104
7626,0.00053,172.217.194.0-255,2278,84458,44,225104
7627,0.000532,172.31.46.0-255,66,84524,44,225104
7628,0.000538,172.217.194.0-255,7156,91680,44,225104
7629,0.00054,172.31.46.0-255,66,91746,44,225104
7630,0.000562,172.217.194.0-255,7156,98902,44,225104
7631,0.000564,172.31.46.0-255,66,98968,44,225104
7632,0.000573,172.31.46.0-255,66,99034,44,225104
7633,0.000593,172.217.194.0-255,1484,100518,44,225104
7634,0.000623,172.217.194.0-255,4320,104838,44,225104
7635,0.000626,172.31.46.0-255,66,104904,44,225104
7636,0.000646,172.217.194.0-255,5020,109924,44,225104
7637,0.000648,172.31.46.0-255,66,109990,44,225104
7638,0.000678,172.217.194.0-255,1484,111474,44,225104
7639,0.000681,172.217.194.0-255,1484,112958,44,225104
7640,0.000683,172.31.46.0-255,66,113024,44,225104
7641,0.00072,172.217.194.0-255,1484,114508,44,225104
7642,0.000728,172.217.194.0-255,5738,120246,44,225104
7643,0.000731,172.31.46.0-255,66,120312,44,225104
7644,0.000774,172.31.46.0-255,66,120378,44,225104
7645,0.000784,172.31.46.0-255,66,120444,44,225104
7646,0.000803,172.217.194.0-255,766,121210,44,225104
7647,0.000984,172.217.194.0-255,1484,122694,44,225104
7648,0.000989,172.31.46.0-255,66,122760,44,225104
7649,0.000995,172.217.194.0-255,2902,125662,44,225104
7650,0.000997,172.31.46.0-255,66,125728,44,225104
7651,0.001006,172.217.194.0-255,2902,128630,44,225104
7652,0.001009,172.31.46.0-255,66,128696,44,225104
7653,0.001052,172.217.194.0-255,2902,131598,44,225104
7654,0.001055,172.31.46.0-255,66,131664,44,225104
7655,0.001062,172.217.194.0-255,7156,138820,44,225104
7656,0.001064,172.31.46.0-255,66,138886,44,225104
7657,0.001074,172.31.46.0-255,66,138952,44,225104
7658,0.001085,172.31.46.0-255,66,139018,44,225104
7659,0.001405,172.217.194.0-255,1484,140502,44,225104
7660,0.001412,172.217.194.0-255,2902,143404,44,225104
7661,0.001415,172.31.46.0-255,66,143470,44,225104
7662,0.001422,172.217.194.0-255,5738,149208,44,225104
7663,0.001424,172.31.46.0-255,66,149274,44,225104
7664,0.00147,172.31.46.0-255,66,149340,44,225104
7665,0.00151,172.31.46.0-255,66,149406,44,225104
7666,0.001633,172.217.194.0-255,1484,150890,44,225104
7667,0.001639,172.217.194.0-255,2902,153792,44,225104
7668,0.001642,172.31.46.0-255,66,153858,44,225104
7669,0.001649,172.217.194.0-255,5738,159596,44,225104
7670,0.001651,172.31.46.0-255,66,159662,44,225104
7671,0.001674,172.217.194.0-255,7156,166818,44,225104
7672,0.001677,172.31.46.0-255,66,166884,44,225104
7673,0.001705,172.217.194.0-255,5738,172622,44,225104
7674,0.001749,172.31.46.0-255,66,172688,44,225104
7675,0.001752,172.31.46.0-255,66,172754,44,225104
7676,0.001775,172.217.194.0-255,2184,174938,44,225104
7677,0.001778,172.31.46.0-255,66,175004,44,225104
7678,0.0018,172.217.194.0-255,1484,176488,44,225104
7679,0.001809,172.217.194.0-255,2902,179390,44,225104
7680,0.001811,172.31.46.0-255,66,179456,44,225104
7681,0.001817,172.217.194.0-255,5738,185194,44,225104
7682,0.001819,172.31.46.0-255,66,185260,44,225104
7683,0.001868,172.31.46.0-255,66,185326,44,225104
7684,0.00191,172.31.46.0-255,66,185392,44,225104
7685,0.001955,172.31.46.0-255,66,185458,44,225104
7686,0.001972,172.31.46.0-255,66,185524,44,225104
7687,0.002009,172.31.46.0-255,66,185590,44,225104
7688,0.002086,172.217.194.0-255,1484,187074,44,225104
7689,0.002097,172.217.194.0-255,1484,188558,44,225104
7690,0.0021,172.31.46.0-255,66,188624,44,225104
7691,0.002127,172.217.194.0-255,1484,190108,44,225104
7692,0.002134,172.217.194.0-255,5738,195846,44,225104
7693,0.002148,172.217.194.0-255,2902,198748,44,225104
7694,0.002154,172.31.46.0-255,66,198814,44,225104
7695,0.002157,172.31.46.0-255,66,198880,44,225104
7696,0.002159,172.31.46.0-255,66,198946,44,225104
7697,0.002186,172.31.46.0-255,66,199012,44,225104
7698,0.00222,172.217.194.0-255,1484,200496,44,225104
7699,0.002226,172.217.194.0-255,2902,203398,44,225104
7700,0.002228,172.31.46.0-255,66,203464,44,225104
7701,0.002231,172.217.194.0-255,1484,204948,44,225104
7702,0.002257,172.217.194.0-255,4320,209268,44,225104
7703,0.002262,172.217.194.0-255,4320,213588,44,225104
7704,0.002264,172.217.194.0-255,1484,215072,44,225104
7705,0.002268,172.31.46.0-255,66,215138,44,225104
7706,0.002271,172.31.46.0-255,66,215204,44,225104
7707,0.002306,172.31.46.0-255,66,215270,44,225104
7708,0.002309,172.217.194.0-255,1147,216417,44,225104
7709,0.002344,172.217.194.0-255,105,216522,44,225104
7710,0.011684,172.31.46.0-255,66,216588,44,225104
7711,0.011727,172.31.46.0-255,105,216693,44,225104
7712,0.013183,172.217.194.0-255,105,216798,44,225104
7713,0.013194,172.31.46.0-255,78,216876,44,225104
7714,0.01429,172.217.194.0-255,66,216942,44,225104
7715,0.039687,172.31.46.0-255,172,217114,44,225104
7716,0.039721,172.31.46.0-255,1114,218228,44,225104
7717,0.039779,172.31.46.0-255,1514,219742,44,225104
7718,0.039781,172.31.46.0-255,1514,221256,44,225104
7719,0.039782,172.31.46.0-255,1514,222770,44,225104
7720,0.039783,172.31.46.0-255,1514,224284,44,225104
7721,0.039784,172.31.46.0-255,556,224840,44,225104
7722,0.041248,104.244.42.0-255,66,224906,44,225104
7723,0.041281,104.244.42.0-255,66,224972,44,225104
7724,0.041358,104.244.42.0-255,66,225038,44,225104
7725,0.041376,104.244.42.0-255,66,225104,44,225104
7726,0.0,172.217.160.0-255,146,146,44,285821
7727,1.8e-05,172.31.46.0-255,66,212,44,285821
7728,2.4e-05,172.217.160.0-255,1484,1696,44,285821
7729,2.9e-05,172.31.46.0-255,66,1762,44,285821
7730,3.5e-05,172.217.160.0-255,2902,4664,44,285821
7731,3.9e-05,172.31.46.0-255,66,4730,44,285821
7732,4.7e-05,172.217.160.0-255,7156,11886,44,285821
7733,5e-05,172.31.46.0-255,66,11952,44,285821
7734,6.7e-05,172.31.46.0-255,66,12018,44,285821
7735,8.5e-05,172.217.160.0-255,2060,14078,44,285821
7736,8.8e-05,172.31.46.0-255,66,14144,44,285821
7737,9.3e-05,172.217.160.0-255,2543,16687,44,285821
7738,9.5e-05,172.31.46.0-255,66,16753,44,285821
7739,0.000181,172.217.160.0-255,1484,18237,44,285821
7740,0.000184,172.31.46.0-255,66,18303,44,285821
7741,0.000188,172.217.160.0-255,2902,21205,44,285821
7742,0.000191,172.31.46.0-255,66,21271,44,285821
7743,0.000194,172.217.160.0-255,1484,22755,44,285821
7744,0.000196,172.31.46.0-255,66,22821,44,285821
7745,0.000225,172.217.160.0-255,4320,27141,44,285821
7746,0.000228,172.31.46.0-255,66,27207,44,285821
7747,0.000255,172.217.160.0-255,2902,30109,44,285821
7748,0.000257,172.31.46.0-255,66,30175,44,285821
7749,0.000279,172.217.160.0-255,3961,34136,44,285821
7750,0.000282,172.31.46.0-255,66,34202,44,285821
7751,0.000356,172.217.160.0-255,1484,35686,44,285821
7752,0.000359,172.31.46.0-255,66,35752,44,285821
7753,0.000365,172.217.160.0-255,2902,38654,44,285821
7754,0.000368,172.31.46.0-255,66,38720,44,285821
7755,0.000373,172.217.160.0-255,4320,43040,44,285821
7756,0.000376,172.31.46.0-255,66,43106,44,285821
7757,0.0004,172.217.160.0-255,1484,44590,44,285821
7758,0.000408,172.217.160.0-255,7104,51694,44,285821
7759,0.000411,172.31.46.0-255,66,51760,44,285821
7760,0.000567,172.217.160.0-255,106,51866,44,285821
7761,0.000684,172.217.160.0-255,1484,53350,44,285821
7762,0.000688,172.31.46.0-255,66,53416,44,285821
7763,0.000693,172.217.160.0-255,2902,56318,44,285821
7764,0.000695,172.31.46.0-255,66,56384,44,285821
7765,0.0007,172.217.160.0-255,5738,62122,44,285821
7766,0.000702,172.31.46.0-255,66,62188,44,285821
7767,0.00073,172.217.160.0-255,6797,68985,44,285821
7768,0.000733,172.31.46.0-255,66,69051,44,285821
7769,0.00074,172.217.160.0-255,7156,76207,44,285821
7770,0.000742,172.31.46.0-255,66,76273,44,285821
7771,0.000758,172.217.160.0-255,5738,82011,44,285821
7772,0.00076,172.31.46.0-255,66,82077,44,285821
7773,0.000784,172.217.160.0-255,3961,86038,44,285821
7774,0.000786,172.31.46.0-255,66,86104,44,285821
7775,0.000789,172.217.160.0-255,363,86467,44,285821
7776,0.001039,172.217.160.0-255,1484,87951,44,285821
7777,0.001043,172.31.46.0-255,66,88017,44,285821
7778,0.001048,172.217.160.0-255,2902,90919,44,285821
7779,0.001049,172.31.46.0-255,66,90985,44,285821
7780,0.001052,172.217.160.0-255,1484,92469,44,285821
7781,0.001067,172.217.160.0-255,4320,96789,44,285821
7782,0.001069,172.31.46.0-255,66,96855,44,285821
7783,0.0011,172.31.46.0-255,66,96921,44,285821
7784,0.001119,172.217.160.0-255,7156,104077,44,285821
7785,0.001122,172.31.46.0-255,66,104143,44,285821
7786,0.001133,172.217.160.0-255,3602,107745,44,285821
7787,0.001135,172.31.46.0-255,66,107811,44,285821
7788,0.002788,172.217.160.0-255,5738,113549,44,285821
7789,0.002795,172.31.46.0-255,66,113615,44,285821
7790,0.004467,172.217.160.0-255,1484,115099,44,285821
7791,0.004485,172.217.160.0-255,4320,119419,44,285821
7792,0.004488,172.31.46.0-255,66,119485,44,285821
7793,0.006149,172.217.160.0-255,2902,122387,44,285821
7794,0.006152,172.31.46.0-255,66,122453,44,285821
7795,0.006168,172.217.160.0-255,2902,125355,44,285821
7796,0.00617,172.31.46.0-255,66,125421,44,285821
7797,0.007805,172.217.160.0-255,2902,128323,44,285821
7798,0.007811,172.31.46.0-255,66,128389,44,285821
7799,0.00783,172.217.160.0-255,2902,131291,44,285821
7800,0.007832,172.31.46.0-255,66,131357,44,285821
7801,0.009475,172.217.160.0-255,5738,137095,44,285821
7802,0.009482,172.31.46.0-255,66,137161,44,285821
7803,0.011145,172.217.160.0-255,5738,142899,44,285821
7804,0.011151,172.31.46.0-255,66,142965,44,285821
7805,0.012816,172.217.160.0-255,5738,148703,44,285821
7806,0.012822,172.31.46.0-255,66,148769,44,285821
7807,0.014483,172.217.160.0-255,5738,154507,44,285821
7808,0.014489,172.31.46.0-255,66,154573,44,285821
7809,0.016154,172.217.160.0-255,5738,160311,44,285821
7810,0.01616,172.31.46.0-255,66,160377,44,285821
7811,0.01783,172.217.160.0-255,5738,166115,44,285821
7812,0.017838,172.31.46.0-255,66,166181,44,285821
7813,0.019505,172.217.160.0-255,5738,171919,44,285821
7814,0.019512,172.31.46.0-255,66,171985,44,285821
7815,0.021178,172.217.160.0-255,5738,177723,44,285821
7816,0.021185,172.31.46.0-255,66,177789,44,285821
7817,0.022931,172.217.160.0-255,5738,183527,44,285821
7818,0.022939,172.31.46.0-255,66,183593,44,285821
7819,0.024646,172.217.160.0-255,5738,189331,44,285821
7820,0.024652,172.31.46.0-255,66,189397,44,285821
7821,0.026348,172.217.160.0-255,5738,195135,44,285821
7822,0.026355,172.31.46.0-255,66,195201,44,285821
7823,0.028025,172.217.160.0-255,5738,200939,44,285821
7824,0.028033,172.31.46.0-255,66,201005,44,285821
7825,0.029719,172.217.160.0-255,5738,206743,44,285821
7826,0.029726,172.31.46.0-255,66,206809,44,285821
7827,0.0314,172.217.160.0-255,5738,212547,44,285821
7828,0.031406,172.31.46.0-255,66,212613,44,285821
7829,0.033083,172.217.160.0-255,5738,218351,44,285821
7830,0.033089,172.31.46.0-255,66,218417,44,285821
7831,0.034759,172.217.160.0-255,5738,224155,44,285821
7832,0.034765,172.31.46.0-255,66,224221,44,285821
7833,0.036433,172.217.160.0-255,5738,229959,44,285821
7834,0.036437,172.31.46.0-255,66,230025,44,285821
7835,0.036644,172.31.46.0-255,172,230197,44,285821
7836,0.036672,172.31.46.0-255,1114,231311,44,285821
7837,0.036733,172.31.46.0-255,1514,232825,44,285821
7838,0.036734,172.31.46.0-255,1514,234339,44,285821
7839,0.036736,172.31.46.0-255,1514,235853,44,285821
7840,0.036737,172.31.46.0-255,1514,237367,44,285821
7841,0.036761,172.31.46.0-255,1514,238881,44,285821
7842,0.036763,172.31.46.0-255,70,238951,44,285821
7843,0.038126,172.217.160.0-255,5738,244689,44,285821
7844,0.038132,172.31.46.0-255,66,244755,44,285821
7845,0.038168,104.244.42.0-255,66,244821,44,285821
7846,0.038173,104.244.42.0-255,66,244887,44,285821
7847,0.038262,104.244.42.0-255,66,244953,44,285821
7848,0.038267,104.244.42.0-255,66,245019,44,285821
7849,0.038923,104.244.42.0-255,108,245127,44,285821
7850,0.038932,172.31.46.0-255,66,245193,44,285821
7851,0.039817,172.217.160.0-255,5738,250931,44,285821
7852,0.039824,172.31.46.0-255,66,250997,44,285821
7853,0.041494,172.217.160.0-255,5738,256735,44,285821
7854,0.0415,172.31.46.0-255,66,256801,44,285821
7855,0.043167,172.217.160.0-255,5738,262539,44,285821
7856,0.043171,172.31.46.0-255,66,262605,44,285821
7857,0.04484,172.217.160.0-255,5738,268343,44,285821
7858,0.044848,172.31.46.0-255,66,268409,44,285821
7859,0.046519,172.217.160.0-255,5738,274147,44,285821
7860,0.046526,172.31.46.0-255,66,274213,44,285821
7861,0.0482,172.217.160.0-255,5738,279951,44,285821
7862,0.048205,172.31.46.0-255,66,280017,44,285821
7863,0.04988,172.217.160.0-255,5738,285755,44,285821
7864,0.049887,172.31.46.0-255,66,285821,44,285821
7865,0.0,172.217.194.0-255,152,152,44,187912
7866,2e-05,172.31.46.0-255,66,218,44,187912
7867,2.7e-05,172.217.194.0-255,1484,1702,44,187912
7868,4.7e-05,172.31.46.0-255,66,1768,44,187912
7869,5.1e-05,172.217.194.0-255,1484,3252,44,187912
7870,5.2e-05,172.31.46.0-255,66,3318,44,187912
7871,5.9e-05,172.217.194.0-255,4320,7638,44,187912
7872,6.1e-05,172.31.46.0-255,66,7704,44,187912
7873,7.8e-05,172.217.194.0-255,1484,9188,44,187912
7874,8e-05,172.31.46.0-255,66,9254,44,187912
7875,0.000106,172.217.194.0-255,4930,14184,44,187912
7876,0.000109,172.31.46.0-255,66,14250,44,187912
7877,0.000124,172.217.194.0-255,2902,17152,44,187912
7878,0.000129,172.31.46.0-255,66,17218,44,187912
7879,0.000134,172.217.194.0-255,4320,21538,44,187912
7880,0.000136,172.31.46.0-255,66,21604,44,187912
7881,0.000178,172.31.46.0-255,66,21670,44,187912
7882,0.00018,172.217.194.0-255,1125,22795,44,187912
7883,0.000182,172.31.46.0-255,66,22861,44,187912
7884,0.000283,172.217.194.0-255,1484,24345,44,187912
7885,0.000287,172.31.46.0-255,66,24411,44,187912
7886,0.000293,172.217.194.0-255,2902,27313,44,187912
7887,0.000295,172.31.46.0-255,66,27379,44,187912
7888,0.000341,172.217.194.0-255,5738,33117,44,187912
7889,0.000344,172.31.46.0-255,66,33183,44,187912
7890,0.000352,172.217.194.0-255,6797,39980,44,187912
7891,0.000354,172.31.46.0-255,66,40046,44,187912
7892,0.000358,172.217.194.0-255,2902,42948,44,187912
7893,0.000363,172.31.46.0-255,66,43014,44,187912
7894,0.000396,172.31.46.0-255,66,43080,44,187912
7895,0.0004,172.217.194.0-255,2795,45875,44,187912
7896,0.000405,172.217.194.0-255,119,45994,44,187912
7897,0.000409,172.31.46.0-255,66,46060,44,187912
7898,0.00073,172.217.194.0-255,381,46441,44,187912
7899,0.00098,172.217.194.0-255,1484,47925,44,187912
7900,0.000986,172.31.46.0-255,66,47991,44,187912
7901,0.000997,172.217.194.0-255,2902,50893,44,187912
7902,0.000999,172.31.46.0-255,66,50959,44,187912
7903,0.001002,172.217.194.0-255,1484,52443,44,187912
7904,0.001027,172.217.194.0-255,4320,56763,44,187912
7905,0.00103,172.31.46.0-255,66,56829,44,187912
7906,0.001043,172.31.46.0-255,66,56895,44,187912
7907,0.001076,172.217.194.0-255,1484,58379,44,187912
7908,0.001087,172.31.46.0-255,66,58445,44,187912
7909,0.001091,172.217.194.0-255,2184,60629,44,187912
7910,0.001093,172.31.46.0-255,66,60695,44,187912
7911,0.001661,172.217.194.0-255,1484,62179,44,187912
7912,0.001683,172.217.194.0-255,2902,65081,44,187912
7913,0.001688,172.31.46.0-255,66,65147,44,187912
7914,0.001696,172.217.194.0-255,5738,70885,44,187912
7915,0.001697,172.31.46.0-255,66,70951,44,187912
7916,0.001738,172.31.46.0-255,66,71017,44,187912
7917,0.001781,172.217.194.0-255,5738,76755,44,187912
7918,0.001784,172.31.46.0-255,66,76821,44,187912
7919,0.001819,172.31.46.0-255,66,76887,44,187912
7920,0.00438,172.217.194.0-255,4320,81207,44,187912
7921,0.004386,172.31.46.0-255,66,81273,44,187912
7922,0.004404,172.217.194.0-255,1484,82757,44,187912
7923,0.00696,172.217.194.0-255,4320,87077,44,187912
7924,0.006967,172.31.46.0-255,66,87143,44,187912
7925,0.009521,172.217.194.0-255,5738,92881,44,187912
7926,0.00953,172.31.46.0-255,66,92947,44,187912
7927,0.012093,172.217.194.0-255,5738,98685,44,187912
7928,0.012099,172.31.46.0-255,66,98751,44,187912
7929,0.014641,172.217.194.0-255,5738,104489,44,187912
7930,0.014651,172.31.46.0-255,66,104555,44,187912
7931,0.0172,172.217.194.0-255,5738,110293,44,187912
7932,0.017206,172.31.46.0-255,66,110359,44,187912
7933,0.01977,172.217.194.0-255,5738,116097,44,187912
7934,0.019775,172.31.46.0-255,66,116163,44,187912
7935,0.022332,172.217.194.0-255,5738,121901,44,187912
7936,0.022338,172.31.46.0-255,66,121967,44,187912
7937,0.024885,172.217.194.0-255,5738,127705,44,187912
7938,0.024893,172.31.46.0-255,66,127771,44,187912
7939,0.027501,172.217.194.0-255,5738,133509,44,187912
7940,0.027509,172.31.46.0-255,66,133575,44,187912
7941,0.030062,172.217.194.0-255,4320,137895,44,187912
7942,0.030069,172.31.46.0-255,66,137961,44,187912
7943,0.030094,172.217.194.0-255,1484,139445,44,187912
7944,0.031092,172.31.46.0-255,172,139617,44,187912
7945,0.031143,172.31.46.0-255,1114,140731,44,187912
7946,0.031224,172.31.46.0-255,1514,142245,44,187912
7947,0.031246,172.31.46.0-255,1514,143759,44,187912
7948,0.031247,172.31.46.0-255,1514,145273,44,187912
7949,0.031268,172.31.46.0-255,1514,146787,44,187912
7950,0.031276,172.31.46.0-255,1514,148301,44,187912
7951,0.031277,172.31.46.0-255,71,148372,44,187912
7952,0.032609,104.244.42.0-255,66,148438,44,187912
7953,0.032621,172.217.194.0-255,4320,152758,44,187912
7954,0.032626,172.31.46.0-255,66,152824,44,187912
7955,0.032706,104.244.42.0-255,66,152890,44,187912
7956,0.032779,104.244.42.0-255,66,152956,44,187912
7957,0.032847,104.244.42.0-255,66,153022,44,187912
7958,0.032853,104.244.42.0-255,66,153088,44,187912
7959,0.03519,172.217.194.0-255,5738,158826,44,187912
7960,0.035197,172.31.46.0-255,66,158892,44,187912
7961,0.03775,172.217.194.0-255,5738,164630,44,187912
7962,0.037757,172.31.46.0-255,66,164696,44,187912
7963,0.040298,172.217.194.0-255,5738,170434,44,187912
7964,0.040304,172.31.46.0-255,66,170500,44,187912
7965,0.042873,172.217.194.0-255,5738,176238,44,187912
7966,0.04288,172.31.46.0-255,66,176304,44,187912
7967,0.045479,172.217.194.0-255,5738,182042,44,187912
7968,0.045486,172.31.46.0-255,66,182108,44,187912
7969,0.048069,172.217.194.0-255,5738,187846,44,187912
7970,0.048074,172.31.46.0-255,66,187912,44,187912
7971,0.0,74.125.68.0-255,153,153,44,351542
7972,2.1e-05,172.31.46.0-255,66,219,44,351542
7973,2.8e-05,74.125.68.0-255,1484,1703,44,351542
7974,3.3e-05,172.31.46.0-255,66,1769,44,351542
7975,4e-05,74.125.68.0-255,2902,4671,44,351542
7976,4.3e-05,172.31.46.0-255,66,4737,44,351542
7977,4.6e-05,74.125.68.0-255,1484,6221,44,351542
7978,4.9e-05,172.31.46.0-255,66,6287,44,351542
7979,5.4e-05,74.125.68.0-255,2902,9189,44,351542
7980,5.7e-05,172.31.46.0-255,66,9255,44,351542
7981,8.5e-05,74.125.68.0-255,4905,14160,44,351542
7982,8.8e-05,172.31.46.0-255,66,14226,44,351542
7983,0.000134,74.125.68.0-255,1484,15710,44,351542
7984,0.000136,172.31.46.0-255,66,15776,44,351542
7985,0.000154,74.125.68.0-255,2902,18678,44,351542
7986,0.000156,172.31.46.0-255,66,18744,44,351542
7987,0.000162,74.125.68.0-255,2902,21646,44,351542
7988,0.000164,172.31.46.0-255,66,21712,44,351542
7989,0.000186,74.125.68.0-255,2902,24614,44,351542
7990,0.000189,172.31.46.0-255,66,24680,44,351542
7991,0.000194,74.125.68.0-255,4320,29000,44,351542
7992,0.000196,172.31.46.0-255,66,29066,44,351542
7993,0.000222,74.125.68.0-255,2902,31968,44,351542
7994,0.000224,172.31.46.0-255,66,32034,44,351542
7995,0.000243,74.125.68.0-255,2543,34577,44,351542
7996,0.000246,172.31.46.0-255,66,34643,44,351542
7997,0.000249,74.125.68.0-255,1484,36127,44,351542
7998,0.000251,172.31.46.0-255,66,36193,44,351542
7999,0.000256,74.125.68.0-255,2902,39095,44,351542
8000,0.000259,172.31.46.0-255,66,39161,44,351542
8001,0.000265,74.125.68.0-255,5738,44899,44,351542
8002,0.000268,172.31.46.0-255,66,44965,44,351542
8003,0.000295,74.125.68.0-255,3961,48926,44,351542
8004,0.000297,172.31.46.0-255,66,48992,44,351542
8005,0.000344,74.125.68.0-255,1484,50476,44,351542
8006,0.000349,74.125.68.0-255,1484,51960,44,351542
8007,0.000352,172.31.46.0-255,66,52026,44,351542
8008,0.000377,74.125.68.0-255,1484,53510,44,351542
8009,0.000384,74.125.68.0-255,5738,59248,44,351542
8010,0.000386,172.31.46.0-255,66,59314,44,351542
8011,0.000391,74.125.68.0-255,4320,63634,44,351542
8012,0.000394,172.31.46.0-255,66,63700,44,351542
8013,0.000438,74.125.68.0-255,3125,66825,44,351542
8014,0.000441,172.31.46.0-255,66,66891,44,351542
8015,0.000506,74.125.68.0-255,1484,68375,44,351542
8016,0.000526,74.125.68.0-255,2902,71277,44,351542
8017,0.000529,172.31.46.0-255,66,71343,44,351542
8018,0.000541,74.125.68.0-255,1484,72827,44,351542
8019,0.000564,74.125.68.0-255,2902,75729,44,351542
8020,0.000567,172.31.46.0-255,66,75795,44,351542
8021,0.00059,74.125.68.0-255,5738,81533,44,351542
8022,0.000593,172.31.46.0-255,66,81599,44,351542
8023,0.000598,74.125.68.0-255,2543,84142,44,351542
8024,0.0006,172.31.46.0-255,66,84208,44,351542
8025,0.000605,74.125.68.0-255,2902,87110,44,351542
8026,0.000608,172.31.46.0-255,66,87176,44,351542
8027,0.000636,74.125.68.0-255,7156,94332,44,351542
8028,0.000638,172.31.46.0-255,66,94398,44,351542
8029,0.000641,74.125.68.0-255,1484,95882,44,351542
8030,0.000645,74.125.68.0-255,2902,98784,44,351542
8031,0.000647,172.31.46.0-255,66,98850,44,351542
8032,0.000686,74.125.68.0-255,2543,101393,44,351542
8033,0.000688,172.31.46.0-255,66,101459,44,351542
8034,0.000961,74.125.68.0-255,1484,102943,44,351542
8035,0.000975,74.125.68.0-255,2902,105845,44,351542
8036,0.000978,172.31.46.0-255,66,105911,44,351542
8037,0.001,74.125.68.0-255,5738,111649,44,351542
8038,0.001002,172.31.46.0-255,66,111715,44,351542
8039,0.001023,74.125.68.0-255,7156,118871,44,351542
8040,0.001025,172.31.46.0-255,66,118937,44,351542
8041,0.00103,74.125.68.0-255,2902,121839,44,351542
8042,0.001032,172.31.46.0-255,66,121905,44,351542
8043,0.001064,74.125.68.0-255,5738,127643,44,351542
8044,0.001071,172.31.46.0-255,66,127709,44,351542
8045,0.001081,172.31.46.0-255,66,127775,44,351542
8046,0.001252,74.125.68.0-255,1484,129259,44,351542
8047,0.001271,74.125.68.0-255,2902,132161,44,351542
8048,0.001274,172.31.46.0-255,66,132227,44,351542
8049,0.00128,74.125.68.0-255,5738,137965,44,351542
8050,0.001283,172.31.46.0-255,66,138031,44,351542
8051,0.001315,74.125.68.0-255,4320,142351,44,351542
8052,0.001318,172.31.46.0-255,66,142417,44,351542
8053,0.001346,172.31.46.0-255,66,142483,44,351542
8054,0.001366,74.125.68.0-255,2902,145385,44,351542
8055,0.001369,172.31.46.0-255,66,145451,44,351542
8056,0.001396,172.31.46.0-255,66,145517,44,351542
8057,0.0014,74.125.68.0-255,2902,148419,44,351542
8058,0.001402,172.31.46.0-255,66,148485,44,351542
8059,0.001425,172.31.46.0-255,66,148551,44,351542
8060,0.00143,74.125.68.0-255,5738,154289,44,351542
8061,0.001433,172.31.46.0-255,66,154355,44,351542
8062,0.001467,74.125.68.0-255,4320,158675,44,351542
8063,0.001471,172.31.46.0-255,66,158741,44,351542
8064,0.0015,172.31.46.0-255,66,158807,44,351542
8065,0.001546,74.125.68.0-255,1484,160291,44,351542
8066,0.00155,74.125.68.0-255,2902,163193,44,351542
8067,0.001553,172.31.46.0-255,66,163259,44,351542
8068,0.001559,74.125.68.0-255,5738,168997,44,351542
8069,0.001561,172.31.46.0-255,66,169063,44,351542
8070,0.001564,74.125.68.0-255,2902,171965,44,351542
8071,0.001566,172.31.46.0-255,66,172031,44,351542
8072,0.001592,74.125.68.0-255,1484,173515,44,351542
8073,0.001599,74.125.68.0-255,5738,179253,44,351542
8074,0.001601,172.31.46.0-255,66,179319,44,351542
8075,0.001607,74.125.68.0-255,4320,183639,44,351542
8076,0.001609,172.31.46.0-255,66,183705,44,351542
8077,0.001627,74.125.68.0-255,7156,190861,44,351542
8078,0.001629,172.31.46.0-255,66,190927,44,351542
8079,0.001633,74.125.68.0-255,2184,193111,44,351542
8080,0.001635,172.31.46.0-255,66,193177,44,351542
8081,0.001729,74.125.68.0-255,1484,194661,44,351542
8082,0.001734,74.125.68.0-255,2902,197563,44,351542
8083,0.001738,172.31.46.0-255,66,197629,44,351542
8084,0.001762,74.125.68.0-255,2902,200531,44,351542
8085,0.001764,172.31.46.0-255,66,200597,44,351542
8086,0.001778,74.125.68.0-255,2902,203499,44,351542
8087,0.00178,172.31.46.0-255,66,203565,44,351542
8088,0.001789,74.125.68.0-255,4320,207885,44,351542
8089,0.001791,172.31.46.0-255,66,207951,44,351542
8090,0.001797,74.125.68.0-255,5738,213689,44,351542
8091,0.001799,172.31.46.0-255,66,213755,44,351542
8092,0.001816,74.125.68.0-255,5738,219493,44,351542
8093,0.001818,172.31.46.0-255,66,219559,44,351542
8094,0.001834,74.125.68.0-255,5738,225297,44,351542
8095,0.001836,172.31.46.0-255,66,225363,44,351542
8096,0.00184,74.125.68.0-255,2184,227547,44,351542
8097,0.001841,172.31.46.0-255,66,227613,44,351542
8098,0.004072,74.125.68.0-255,5738,233351,44,351542
8099,0.00408,172.31.46.0-255,66,233417,44,351542
8100,0.006314,74.125.68.0-255,5738,239155,44,351542
8101,0.006321,172.31.46.0-255,66,239221,44,351542
8102,0.008545,74.125.68.0-255,5738,244959,44,351542
8103,0.00855,172.31.46.0-255,66,245025,44,351542
8104,0.010792,74.125.68.0-255,5738,250763,44,351542
8105,0.010799,172.31.46.0-255,66,250829,44,351542
8106,0.013026,74.125.68.0-255,5738,256567,44,351542
8107,0.013033,172.31.46.0-255,66,256633,44,351542
8108,0.015264,74.125.68.0-255,5738,262371,44,351542
8109,0.015271,172.31.46.0-255,66,262437,44,351542
8110,0.017512,74.125.68.0-255,5738,268175,44,351542
8111,0.01752,172.31.46.0-255,66,268241,44,351542
8112,0.019761,74.125.68.0-255,5738,273979,44,351542
8113,0.019769,172.31.46.0-255,66,274045,44,351542
8114,0.022002,74.125.68.0-255,5738,279783,44,351542
8115,0.02201,172.31.46.0-255,66,279849,44,351542
8116,0.024237,74.125.68.0-255,5738,285587,44,351542
8117,0.024242,172.31.46.0-255,66,285653,44,351542
8118,0.02651,74.125.68.0-255,5738,291391,44,351542
8119,0.026517,172.31.46.0-255,66,291457,44,351542
8120,0.02874,74.125.68.0-255,5738,297195,44,351542
8121,0.028747,172.31.46.0-255,66,297261,44,351542
8122,0.030997,74.125.68.0-255,5738,302999,44,351542
8123,0.031004,172.31.46.0-255,66,303065,44,351542
8124,0.033224,74.125.68.0-255,5738,308803,44,351542
8125,0.033232,172.31.46.0-255,66,308869,44,351542
8126,0.035462,74.125.68.0-255,5738,314607,44,351542
8127,0.03547,172.31.46.0-255,66,314673,44,351542
8128,0.037698,74.125.68.0-255,5738,320411,44,351542
8129,0.037705,172.31.46.0-255,66,320477,44,351542
8130,0.03993,74.125.68.0-255,5738,326215,44,351542
8131,0.039939,172.31.46.0-255,66,326281,44,351542
8132,0.042168,74.125.68.0-255,5738,332019,44,351542
8133,0.042178,172.31.46.0-255,66,332085,44,351542
8134,0.042231,172.31.46.0-255,167,332252,44,351542
8135,0.042259,172.31.46.0-255,1114,333366,44,351542
8136,0.042311,172.31.46.0-255,566,333932,44,351542
8137,0.043755,104.244.42.0-255,66,333998,44,351542
8138,0.043782,104.244.42.0-255,66,334064,44,351542
8139,0.043825,104.244.42.0-255,66,334130,44,351542
8140,0.04441,74.125.68.0-255,5738,339868,44,351542
8141,0.044417,172.31.46.0-255,66,339934,44,351542
8142,0.046681,74.125.68.0-255,5738,345672,44,351542
8143,0.046688,172.31.46.0-255,66,345738,44,351542
8144,0.048915,74.125.68.0-255,5738,351476,44,351542
8145,0.048921,172.31.46.0-255,66,351542,44,351542
8146,0.0,104.244.42.0-255,66,66,44,66
8147,0.0,74.125.200.0-255,152,152,44,238873
8148,2.4e-05,172.31.46.0-255,66,218,44,238873
8149,3e-05,74.125.200.0-255,1484,1702,44,238873
8150,3.5e-05,172.31.46.0-255,66,1768,44,238873
8151,6.1e-05,74.125.200.0-255,2902,4670,44,238873
8152,6.4e-05,172.31.46.0-255,66,4736,44,238873
8153,8.7e-05,74.125.200.0-255,1484,6220,44,238873
8154,8.9e-05,172.31.46.0-255,66,6286,44,238873
8155,0.00011,74.125.200.0-255,2902,9188,44,238873
8156,0.000113,172.31.46.0-255,66,9254,44,238873
8157,0.000135,74.125.200.0-255,2902,12156,44,238873
8158,0.000137,172.31.46.0-255,66,12222,44,238873
8159,0.000178,74.125.200.0-255,2089,14311,44,238873
8160,0.000181,172.31.46.0-255,66,14377,44,238873
8161,0.000356,74.125.200.0-255,1484,15861,44,238873
8162,0.000361,172.31.46.0-255,66,15927,44,238873
8163,0.00038,74.125.200.0-255,2902,18829,44,238873
8164,0.000383,172.31.46.0-255,66,18895,44,238873
8165,0.000416,74.125.200.0-255,4320,23215,44,238873
8166,0.000419,172.31.46.0-255,66,23281,44,238873
8167,0.000434,74.125.200.0-255,2902,26183,44,238873
8168,0.000437,172.31.46.0-255,66,26249,44,238873
8169,0.000463,74.125.200.0-255,4320,30569,44,238873
8170,0.000467,172.31.46.0-255,66,30635,44,238873
8171,0.000482,74.125.200.0-255,1484,32119,44,238873
8172,0.000484,172.31.46.0-255,66,32185,44,238873
8173,0.000503,74.125.200.0-255,2543,34728,44,238873
8174,0.000505,172.31.46.0-255,66,34794,44,238873
8175,0.000511,74.125.200.0-255,4320,39114,44,238873
8176,0.000513,172.31.46.0-255,66,39180,44,238873
8177,0.000536,74.125.200.0-255,5738,44918,44,238873
8178,0.000539,172.31.46.0-255,66,44984,44,238873
8179,0.000592,74.125.200.0-255,3961,48945,44,238873
8180,0.00062,172.31.46.0-255,66,49011,44,238873
8181,0.000655,74.125.200.0-255,1484,50495,44,238873
8182,0.000689,74.125.200.0-255,2902,53397,44,238873
8183,0.00071,74.125.200.0-255,4320,57717,44,238873
8184,0.000712,172.31.46.0-255,66,57783,44,238873
8185,0.000717,172.31.46.0-255,66,57849,44,238873
8186,0.00074,74.125.200.0-255,5738,63587,44,238873
8187,0.000751,172.31.46.0-255,66,63653,44,238873
8188,0.000791,74.125.200.0-255,2820,66473,44,238873
8189,0.000812,172.31.46.0-255,66,66539,44,238873
8190,0.0012,74.125.200.0-255,130,66669,44,238873
8191,0.001234,172.31.46.0-255,66,66735,44,238873
8192,0.001325,74.125.200.0-255,1484,68219,44,238873
8193,0.001347,74.125.200.0-255,2902,71121,44,238873
8194,0.001362,74.125.200.0-255,4320,75441,44,238873
8195,0.001387,74.125.200.0-255,1484,76925,44,238873
8196,0.001395,74.125.200.0-255,6797,83722,44,238873
8197,0.001419,74.125.200.0-255,7156,90878,44,238873
8198,0.001447,74.125.200.0-255,2902,93780,44,238873
8199,0.001477,74.125.200.0-255,6797,100577,44,238873
8200,0.002221,74.125.200.0-255,1484,102061,44,238873
8201,0.002231,74.125.200.0-255,2902,104963,44,238873
8202,0.002234,74.125.200.0-255,1484,106447,44,238873
8203,0.002256,74.125.200.0-255,4320,110767,44,238873
8204,0.002273,74.125.200.0-255,4320,115087,44,238873
8205,0.00229,74.125.200.0-255,2902,117989,44,238873
8206,0.002314,74.125.200.0-255,5738,123727,44,238873
8207,0.002356,74.125.200.0-255,4320,128047,44,238873
8208,0.002368,74.125.200.0-255,2902,130949,44,238873
8209,0.005874,172.31.46.0-255,66,131015,44,238873
8210,0.008201,74.125.200.0-255,5738,136753,44,238873
8211,0.008211,172.31.46.0-255,66,136819,44,238873
8212,0.010537,74.125.200.0-255,5738,142557,44,238873
8213,0.010549,172.31.46.0-255,66,142623,44,238873
8214,0.012873,74.125.200.0-255,5738,148361,44,238873
8215,0.015316,172.31.46.0-255,66,148427,44,238873
8216,0.017665,74.125.200.0-255,5738,154165,44,238873
8217,0.017681,172.31.46.0-255,66,154231,44,238873
8218,0.020013,74.125.200.0-255,5738,159969,44,238873
8219,0.020023,172.31.46.0-255,66,160035,44,238873
8220,0.022347,74.125.200.0-255,5738,165773,44,238873
8221,0.022358,172.31.46.0-255,66,165839,44,238873
8222,0.024704,74.125.200.0-255,5738,171577,44,238873
8223,0.024718,172.31.46.0-255,66,171643,44,238873
8224,0.027057,74.125.200.0-255,5738,177381,44,238873
8225,0.027071,172.31.46.0-255,66,177447,44,238873
8226,0.029396,74.125.200.0-255,5738,183185,44,238873
8227,0.029409,172.31.46.0-255,66,183251,44,238873
8228,0.03175,74.125.200.0-255,5738,188989,44,238873
8229,0.031787,172.31.46.0-255,66,189055,44,238873
8230,0.034125,74.125.200.0-255,5738,194793,44,238873
8231,0.034135,172.31.46.0-255,66,194859,44,238873
8232,0.034951,172.31.46.0-255,172,195031,44,238873
8233,0.03498,172.31.46.0-255,1114,196145,44,238873
8234,0.03505,172.31.46.0-255,1514,197659,44,238873
8235,0.035051,172.31.46.0-255,1514,199173,44,238873
8236,0.035053,172.31.46.0-255,1514,200687,44,238873
8237,0.035054,172.31.46.0-255,1514,202201,44,238873
8238,0.035055,172.31.46.0-255,1514,203715,44,238873
8239,0.03508,172.31.46.0-255,70,203785,44,238873
8240,0.036459,74.125.200.0-255,5738,209523,44,238873
8241,0.036471,172.31.46.0-255,66,209589,44,238873
8242,0.036497,104.244.42.0-255,66,209655,44,238873
8243,0.036515,104.244.42.0-255,66,209721,44,238873
8244,0.036628,104.244.42.0-255,66,209787,44,238873
8245,0.036634,104.244.42.0-255,66,209853,44,238873
8246,0.038815,74.125.200.0-255,5738,215591,44,238873
8247,0.038824,172.31.46.0-255,66,215657,44,238873
8248,0.041162,74.125.200.0-255,5738,221395,44,238873
8249,0.041169,172.31.46.0-255,66,221461,44,238873
8250,0.04349,74.125.200.0-255,5738,227199,44,238873
8251,0.043498,172.31.46.0-255,66,227265,44,238873
8252,0.045823,74.125.200.0-255,5738,233003,44,238873
8253,0.045831,172.31.46.0-255,66,233069,44,238873
8254,0.048153,74.125.200.0-255,5738,238807,44,238873
8255,0.048164,172.31.46.0-255,66,238873,44,238873
8256,0.0,172.217.194.0-255,152,152,44,292732
8257,2.7e-05,172.31.46.0-255,66,218,44,292732
8258,3.5e-05,172.217.194.0-255,1484,1702,44,292732
8259,4e-05,172.31.46.0-255,66,1768,44,292732
8260,4.7e-05,172.217.194.0-255,2902,4670,44,292732
8261,5e-05,172.31.46.0-255,66,4736,44,292732
8262,5.8e-05,172.217.194.0-255,7156,11892,44,292732
8263,6.1e-05,172.31.46.0-255,66,11958,44,292732
8264,6.5e-05,172.217.194.0-255,2038,13996,44,292732
8265,6.9e-05,172.31.46.0-255,66,14062,44,292732
8266,7.3e-05,172.217.194.0-255,1484,15546,44,292732
8267,7.6e-05,172.31.46.0-255,66,15612,44,292732
8268,0.000106,172.217.194.0-255,1484,17096,44,292732
8269,0.000109,172.31.46.0-255,66,17162,44,292732
8270,0.000116,172.217.194.0-255,7156,24318,44,292732
8271,0.000119,172.31.46.0-255,66,24384,44,292732
8272,0.000122,172.217.194.0-255,1484,25868,44,292732
8273,0.000125,172.31.46.0-255,66,25934,44,292732
8274,0.000151,172.217.194.0-255,5379,31313,44,292732
8275,0.000154,172.31.46.0-255,66,31379,44,292732
8276,0.000263,172.217.194.0-255,1484,32863,44,292732
8277,0.000267,172.31.46.0-255,66,32929,44,292732
8278,0.000272,172.217.194.0-255,2902,35831,44,292732
8279,0.000274,172.31.46.0-255,66,35897,44,292732
8280,0.000277,172.217.194.0-255,1484,37381,44,292732
8281,0.000279,172.31.46.0-255,66,37447,44,292732
8282,0.000298,172.217.194.0-255,4320,41767,44,292732
8283,0.000301,172.31.46.0-255,66,41833,44,292732
8284,0.000315,172.217.194.0-255,4320,46153,44,292732
8285,0.000317,172.31.46.0-255,66,46219,44,292732
8286,0.000365,172.31.46.0-255,66,46285,44,292732
8287,0.000377,172.31.46.0-255,66,46351,44,292732
8288,0.000379,172.217.194.0-255,364,46715,44,292732
8289,0.000661,172.217.194.0-255,379,47094,44,292732
8290,0.001006,172.217.194.0-255,1484,48578,44,292732
8291,0.001012,172.31.46.0-255,66,48644,44,292732
8292,0.001018,172.217.194.0-255,2902,51546,44,292732
8293,0.00102,172.31.46.0-255,66,51612,44,292732
8294,0.001025,172.217.194.0-255,2902,54514,44,292732
8295,0.001027,172.31.46.0-255,66,54580,44,292732
8296,0.001049,172.217.194.0-255,2902,57482,44,292732
8297,0.001054,172.217.194.0-255,4320,61802,44,292732
8298,0.001058,172.31.46.0-255,66,61868,44,292732
8299,0.001061,172.31.46.0-255,66,61934,44,292732
8300,0.0011,172.31.46.0-255,66,62000,44,292732
8301,0.001123,172.217.194.0-255,1484,63484,44,292732
8302,0.001145,172.217.194.0-255,6438,69922,44,292732
8303,0.001148,172.31.46.0-255,66,69988,44,292732
8304,0.001229,172.31.46.0-255,101,70089,44,292732
8305,0.001366,172.217.194.0-255,1484,71573,44,292732
8306,0.001372,172.217.194.0-255,1484,73057,44,292732
8307,0.001375,172.31.46.0-255,66,73123,44,292732
8308,0.001395,172.217.194.0-255,1484,74607,44,292732
8309,0.001402,172.217.194.0-255,5738,80345,44,292732
8310,0.001405,172.31.46.0-255,66,80411,44,292732
8311,0.001411,172.217.194.0-255,4320,84731,44,292732
8312,0.001413,172.31.46.0-255,66,84797,44,292732
8313,0.00144,172.31.46.0-255,66,84863,44,292732
8314,0.001445,172.217.194.0-255,4320,89183,44,292732
8315,0.001447,172.31.46.0-255,66,89249,44,292732
8316,0.001468,172.217.194.0-255,6438,95687,44,292732
8317,0.001471,172.31.46.0-255,66,95753,44,292732
8318,0.001668,172.217.194.0-255,1484,97237,44,292732
8319,0.001691,172.217.194.0-255,2902,100139,44,292732
8320,0.001694,172.31.46.0-255,66,100205,44,292732
8321,0.001702,172.217.194.0-255,5738,105943,44,292732
8322,0.001704,172.31.46.0-255,66,106009,44,292732
8323,0.00171,172.217.194.0-255,4320,110329,44,292732
8324,0.001712,172.31.46.0-255,66,110395,44,292732
8325,0.001741,172.217.194.0-255,4320,114715,44,292732
8326,0.001745,172.31.46.0-255,66,114781,44,292732
8327,0.001765,172.217.194.0-255,7156,121937,44,292732
8328,0.001767,172.31.46.0-255,66,122003,44,292732
8329,0.001806,172.217.194.0-255,2902,124905,44,292732
8330,0.001809,172.31.46.0-255,66,124971,44,292732
8331,0.001829,172.217.194.0-255,5020,129991,44,292732
8332,0.001834,172.31.46.0-255,66,130057,44,292732
8333,0.002074,172.217.194.0-255,1484,131541,44,292732
8334,0.002081,172.217.194.0-255,2902,134443,44,292732
8335,0.002084,172.31.46.0-255,66,134509,44,292732
8336,0.00211,172.217.194.0-255,5738,140247,44,292732
8337,0.002113,172.31.46.0-255,66,140313,44,292732
8338,0.00212,172.217.194.0-255,7156,147469,44,292732
8339,0.002122,172.31.46.0-255,66,147535,44,292732
8340,0.002139,172.217.194.0-255,1484,149019,44,292732
8341,0.002172,172.217.194.0-255,5738,154757,44,292732
8342,0.002175,172.31.46.0-255,66,154823,44,292732
8343,0.002205,172.217.194.0-255,1484,156307,44,292732
8344,0.002209,172.31.46.0-255,66,156373,44,292732
8345,0.002249,172.31.46.0-255,66,156439,44,292732
8346,0.002262,172.31.46.0-255,66,156505,44,292732
8347,0.002269,172.217.194.0-255,5020,161525,44,292732
8348,0.002273,172.31.46.0-255,66,161591,44,292732
8349,0.002299,172.217.194.0-255,5738,167329,44,292732
8350,0.002303,172.31.46.0-255,66,167395,44,292732
8351,0.003442,172.217.194.0-255,66,167461,44,292732
8352,0.004555,172.217.194.0-255,5738,173199,44,292732
8353,0.004565,172.31.46.0-255,66,173265,44,292732
8354,0.006806,172.217.194.0-255,5738,179003,44,292732
8355,0.006813,172.31.46.0-255,66,179069,44,292732
8356,0.009052,172.217.194.0-255,5738,184807,44,292732
8357,0.009061,172.31.46.0-255,66,184873,44,292732
8358,0.011317,172.217.194.0-255,5738,190611,44,292732
8359,0.011341,172.31.46.0-255,66,190677,44,292732
8360,0.013607,172.217.194.0-255,5738,196415,44,292732
8361,0.013622,172.31.46.0-255,66,196481,44,292732
8362,0.015911,172.217.194.0-255,5738,202219,44,292732
8363,0.015922,172.31.46.0-255,66,202285,44,292732
8364,0.018164,172.217.194.0-255,5738,208023,44,292732
8365,0.018178,172.31.46.0-255,66,208089,44,292732
8366,0.020462,172.217.194.0-255,5738,213827,44,292732
8367,0.02048,172.31.46.0-255,66,213893,44,292732
8368,0.022769,172.217.194.0-255,5738,219631,44,292732
8369,0.022779,172.31.46.0-255,66,219697,44,292732
8370,0.025035,172.217.194.0-255,5738,225435,44,292732
8371,0.025054,172.31.46.0-255,66,225501,44,292732
8372,0.0273,172.217.194.0-255,5738,231239,44,292732
8373,0.027317,172.31.46.0-255,66,231305,44,292732
8374,0.029598,172.217.194.0-255,5738,237043,44,292732
8375,0.029612,172.31.46.0-255,66,237109,44,292732
8376,0.031881,172.217.194.0-255,5738,242847,44,292732
8377,0.031893,172.31.46.0-255,66,242913,44,292732
8378,0.034155,172.217.194.0-255,5738,248651,44,292732
8379,0.03417,172.31.46.0-255,66,248717,44,292732
8380,0.036418,172.217.194.0-255,5738,254455,44,292732
8381,0.036437,172.31.46.0-255,66,254521,44,292732
8382,0.038679,172.217.194.0-255,5738,260259,44,292732
8383,0.038693,172.31.46.0-255,66,260325,44,292732
8384,0.040972,172.217.194.0-255,5738,266063,44,292732
8385,0.040989,172.31.46.0-255,66,266129,44,292732
8386,0.043224,172.217.194.0-255,5738,271867,44,292732
8387,0.043238,172.31.46.0-255,66,271933,44,292732
8388,0.044258,172.31.46.0-255,172,272105,44,292732
8389,0.044291,172.31.46.0-255,1114,273219,44,292732
8390,0.044374,172.31.46.0-255,1514,274733,44,292732
8391,0.044376,172.31.46.0-255,1514,276247,44,292732
8392,0.044382,172.31.46.0-255,1514,277761,44,292732
8393,0.044384,172.31.46.0-255,1514,279275,44,292732
8394,0.044402,172.31.46.0-255,1514,280789,44,292732
8395,0.044404,172.31.46.0-255,71,280860,44,292732
8396,0.045506,172.217.194.0-255,5738,286598,44,292732
8397,0.045516,172.31.46.0-255,66,286664,44,292732
8398,0.045779,104.244.42.0-255,66,286730,44,292732
8399,0.045828,104.244.42.0-255,66,286796,44,292732
8400,0.045932,104.244.42.0-255,66,286862,44,292732
8401,0.045939,104.244.42.0-255,66,286928,44,292732
8402,0.047781,172.217.194.0-255,5738,292666,44,292732
8403,0.047793,172.31.46.0-255,66,292732,44,292732
8404,0.0,216.58.203.0-255,295,295,44,335929
8405,2.2e-05,172.31.46.0-255,66,361,44,335929
8406,2.8e-05,216.58.203.0-255,1484,1845,44,335929
8407,3.2e-05,172.31.46.0-255,66,1911,44,335929
8408,4.5e-05,216.58.203.0-255,4320,6231,44,335929
8409,4.9e-05,172.31.46.0-255,66,6297,44,335929
8410,6.1e-05,172.31.46.0-255,66,6363,44,335929
8411,9.4e-05,216.58.203.0-255,1484,7847,44,335929
8412,9.7e-05,172.31.46.0-255,66,7913,44,335929
8413,0.000102,216.58.203.0-255,2902,10815,44,335929
8414,0.000104,172.31.46.0-255,66,10881,44,335929
8415,0.000133,216.58.203.0-255,5738,16619,44,335929
8416,0.000135,172.31.46.0-255,66,16685,44,335929
8417,0.00014,216.58.203.0-255,4320,21005,44,335929
8418,0.000142,172.31.46.0-255,66,21071,44,335929
8419,0.000185,216.58.203.0-255,2543,23614,44,335929
8420,0.000187,172.31.46.0-255,66,23680,44,335929
8421,0.000358,216.58.203.0-255,1484,25164,44,335929
8422,0.000363,172.31.46.0-255,66,25230,44,335929
8423,0.000368,216.58.203.0-255,2902,28132,44,335929
8424,0.00037,172.31.46.0-255,66,28198,44,335929
8425,0.000405,216.58.203.0-255,5738,33936,44,335929
8426,0.000408,172.31.46.0-255,66,34002,44,335929
8427,0.000413,216.58.203.0-255,4320,38322,44,335929
8428,0.000414,172.31.46.0-255,66,38388,44,335929
8429,0.000417,216.58.203.0-255,1484,39872,44,335929
8430,0.000419,172.31.46.0-255,66,39938,44,335929
8431,0.000447,216.58.203.0-255,3961,43899,44,335929
8432,0.000449,172.31.46.0-255,66,43965,44,335929
8433,0.000453,216.58.203.0-255,2902,46867,44,335929
8434,0.000456,172.31.46.0-255,66,46933,44,335929
8435,0.000487,216.58.203.0-255,7156,54089,44,335929
8436,0.00049,172.31.46.0-255,66,54155,44,335929
8437,0.000495,216.58.203.0-255,3961,58116,44,335929
8438,0.000497,172.31.46.0-255,66,58182,44,335929
8439,0.000544,216.58.203.0-255,389,58571,44,335929
8440,0.000688,216.58.203.0-255,120,58691,44,335929
8441,0.000858,216.58.203.0-255,1484,60175,44,335929
8442,0.000862,172.31.46.0-255,66,60241,44,335929
8443,0.000867,216.58.203.0-255,2902,63143,44,335929
8444,0.000869,172.31.46.0-255,66,63209,44,335929
8445,0.000919,216.58.203.0-255,4320,67529,44,335929
8446,0.000922,172.31.46.0-255,66,67595,44,335929
8447,0.000926,216.58.203.0-255,2902,70497,44,335929
8448,0.000928,172.31.46.0-255,66,70563,44,335929
8449,0.000956,216.58.203.0-255,2902,73465,44,335929
8450,0.000961,216.58.203.0-255,4320,77785,44,335929
8451,0.000964,172.31.46.0-255,66,77851,44,335929
8452,0.000967,172.31.46.0-255,66,77917,44,335929
8453,0.000992,216.58.203.0-255,3961,81878,44,335929
8454,0.000994,172.31.46.0-255,66,81944,44,335929
8455,0.001008,172.31.46.0-255,66,82010,44,335929
8456,0.001012,216.58.203.0-255,2543,84553,44,335929
8457,0.001013,172.31.46.0-255,66,84619,44,335929
8458,0.001116,216.58.203.0-255,1484,86103,44,335929
8459,0.00113,216.58.203.0-255,2902,89005,44,335929
8460,0.001133,172.31.46.0-255,66,89071,44,335929
8461,0.001138,216.58.203.0-255,2902,91973,44,335929
8462,0.001139,172.31.46.0-255,66,92039,44,335929
8463,0.001156,216.58.203.0-255,2902,94941,44,335929
8464,0.001159,172.31.46.0-255,66,95007,44,335929
8465,0.001164,216.58.203.0-255,5738,100745,44,335929
8466,0.00117,172.31.46.0-255,66,100811,44,335929
8467,0.001173,216.58.203.0-255,1484,102295,44,335929
8468,0.001202,216.58.203.0-255,5738,108033,44,335929
8469,0.001205,172.31.46.0-255,66,108099,44,335929
8470,0.001209,216.58.203.0-255,2902,111001,44,335929
8471,0.001211,172.31.46.0-255,66,111067,44,335929
8472,0.001262,172.31.46.0-255,66,111133,44,335929
8473,0.001289,216.58.203.0-255,1484,112617,44,335929
8474,0.00131,216.58.203.0-255,2902,115519,44,335929
8475,0.001313,172.31.46.0-255,66,115585,44,335929
8476,0.001317,216.58.203.0-255,4320,119905,44,335929
8477,0.001319,172.31.46.0-255,66,119971,44,335929
8478,0.001324,216.58.203.0-255,2902,122873,44,335929
8479,0.001331,172.31.46.0-255,66,122939,44,335929
8480,0.00136,216.58.203.0-255,5738,128677,44,335929
8481,0.001363,172.31.46.0-255,66,128743,44,335929
8482,0.001375,172.31.46.0-255,66,128809,44,335929
8483,0.001403,216.58.203.0-255,5020,133829,44,335929
8484,0.001405,172.31.46.0-255,66,133895,44,335929
8485,0.001408,216.58.203.0-255,333,134228,44,335929
8486,0.00152,216.58.203.0-255,1484,135712,44,335929
8487,0.001523,172.31.46.0-255,66,135778,44,335929
8488,0.001528,216.58.203.0-255,2902,138680,44,335929
8489,0.00153,172.31.46.0-255,66,138746,44,335929
8490,0.001533,216.58.203.0-255,1484,140230,44,335929
8491,0.001557,216.58.203.0-255,4320,144550,44,335929
8492,0.001559,172.31.46.0-255,66,144616,44,335929
8493,0.001564,216.58.203.0-255,2902,147518,44,335929
8494,0.001566,172.31.46.0-255,66,147584,44,335929
8495,0.001573,216.58.203.0-255,4320,151904,44,335929
8496,0.001575,172.31.46.0-255,66,151970,44,335929
8497,0.00158,216.58.203.0-255,2902,154872,44,335929
8498,0.001581,172.31.46.0-255,66,154938,44,335929
8499,0.001611,216.58.203.0-255,5738,160676,44,335929
8500,0.001613,172.31.46.0-255,66,160742,44,335929
8501,0.001627,172.31.46.0-255,66,160808,44,335929
8502,0.00325,216.58.203.0-255,5738,166546,44,335929
8503,0.003257,172.31.46.0-255,66,166612,44,335929
8504,0.004885,216.58.203.0-255,5738,172350,44,335929
8505,0.004891,172.31.46.0-255,66,172416,44,335929
8506,0.006512,216.58.203.0-255,5738,178154,44,335929
8507,0.006517,172.31.46.0-255,66,178220,44,335929
8508,0.008137,216.58.203.0-255,4320,182540,44,335929
8509,0.00814,172.31.46.0-255,66,182606,44,335929
8510,0.008161,216.58.203.0-255,1484,184090,44,335929
8511,0.009765,216.58.203.0-255,4320,188410,44,335929
8512,0.009773,172.31.46.0-255,66,188476,44,335929
8513,0.01141,216.58.203.0-255,5738,194214,44,335929
8514,0.011423,172.31.46.0-255,66,194280,44,335929
8515,0.013048,216.58.203.0-255,5738,200018,44,335929
8516,0.013058,172.31.46.0-255,66,200084,44,335929
8517,0.014719,216.58.203.0-255,5738,205822,44,335929
8518,0.014726,172.31.46.0-255,66,205888,44,335929
8519,0.016359,216.58.203.0-255,5738,211626,44,335929
8520,0.016368,172.31.46.0-255,66,211692,44,335929
8521,0.017997,216.58.203.0-255,5738,217430,44,335929
8522,0.018004,172.31.46.0-255,66,217496,44,335929
8523,0.019636,216.58.203.0-255,5738,223234,44,335929
8524,0.019643,172.31.46.0-255,66,223300,44,335929
8525,0.021273,216.58.203.0-255,5738,229038,44,335929
8526,0.021282,172.31.46.0-255,66,229104,44,335929
8527,0.022916,216.58.203.0-255,5738,234842,44,335929
8528,0.022927,172.31.46.0-255,66,234908,44,335929
8529,0.024557,216.58.203.0-255,5738,240646,44,335929
8530,0.024568,172.31.46.0-255,66,240712,44,335929
8531,0.026198,216.58.203.0-255,5738,246450,44,335929
8532,0.026207,172.31.46.0-255,66,246516,44,335929
8533,0.027838,216.58.203.0-255,5738,252254,44,335929
8534,0.027847,172.31.46.0-255,66,252320,44,335929
8535,0.029479,216.58.203.0-255,5738,258058,44,335929
8536,0.029488,172.31.46.0-255,66,258124,44,335929
8537,0.030956,172.31.46.0-255,167,258291,44,335929
8538,0.030988,172.31.46.0-255,1113,259404,44,335929
8539,0.031058,172.31.46.0-255,1514,260918,44,335929
8540,0.03106,172.31.46.0-255,1514,262432,44,335929
8541,0.031062,172.31.46.0-255,1514,263946,44,335929
8542,0.031063,172.31.46.0-255,1514,265460,44,335929
8543,0.031089,172.31.46.0-255,557,266017,44,335929
8544,0.031121,216.58.203.0-255,5738,271755,44,335929
8545,0.031126,172.31.46.0-255,66,271821,44,335929
8546,0.0325,104.244.42.0-255,66,271887,44,335929
8547,0.032641,104.244.42.0-255,66,271953,44,335929
8548,0.032646,104.244.42.0-255,66,272019,44,335929
8549,0.032649,104.244.42.0-255,66,272085,44,335929
8550,0.032743,216.58.203.0-255,5738,277823,44,335929
8551,0.03275,172.31.46.0-255,66,277889,44,335929
8552,0.034379,216.58.203.0-255,5738,283627,44,335929
8553,0.034391,172.31.46.0-255,66,283693,44,335929
8554,0.036065,216.58.203.0-255,5738,289431,44,335929
8555,0.03608,172.31.46.0-255,66,289497,44,335929
8556,0.037724,216.58.203.0-255,5738,295235,44,335929
8557,0.037738,172.31.46.0-255,66,295301,44,335929
8558,0.039374,216.58.203.0-255,5738,301039,44,335929
8559,0.039385,172.31.46.0-255,66,301105,44,335929
8560,0.041023,216.58.203.0-255,5738,306843,44,335929
8561,0.041036,172.31.46.0-255,66,306909,44,335929
8562,0.042677,216.58.203.0-255,5738,312647,44,335929
8563,0.042685,172.31.46.0-255,66,312713,44,335929
8564,0.044319,216.58.203.0-255,5738,318451,44,335929
8565,0.044327,172.31.46.0-255,66,318517,44,335929
8566,0.045959,216.58.203.0-255,5738,324255,44,335929
8567,0.045966,172.31.46.0-255,66,324321,44,335929
8568,0.047594,216.58.203.0-255,5738,330059,44,335929
8569,0.0476,172.31.46.0-255,66,330125,44,335929
8570,0.049231,216.58.203.0-255,5738,335863,44,335929
8571,0.04924,172.31.46.0-255,66,335929,44,335929
8572,0.0,74.125.68.0-255,152,152,44,290961
8573,3.1e-05,172.31.46.0-255,66,218,44,290961
8574,3.8e-05,74.125.68.0-255,1484,1702,44,290961
8575,4.3e-05,172.31.46.0-255,66,1768,44,290961
8576,4.7e-05,74.125.68.0-255,2902,4670,44,290961
8577,5e-05,172.31.46.0-255,66,4736,44,290961
8578,7.7e-05,74.125.68.0-255,4320,9056,44,290961
8579,8.1e-05,172.31.46.0-255,66,9122,44,290961
8580,0.0001,74.125.68.0-255,1484,10606,44,290961
8581,0.000103,172.31.46.0-255,66,10672,44,290961
8582,0.000124,74.125.68.0-255,3501,14173,44,290961
8583,0.000127,172.31.46.0-255,66,14239,44,290961
8584,0.000509,74.125.68.0-255,1484,15723,44,290961
8585,0.000514,172.31.46.0-255,66,15789,44,290961
8586,0.000525,74.125.68.0-255,2902,18691,44,290961
8587,0.000528,172.31.46.0-255,66,18757,44,290961
8588,0.000548,74.125.68.0-255,5738,24495,44,290961
8589,0.000551,172.31.46.0-255,66,24561,44,290961
8590,0.000556,74.125.68.0-255,2902,27463,44,290961
8591,0.000558,172.31.46.0-255,66,27529,44,290961
8592,0.000563,74.125.68.0-255,3961,31490,44,290961
8593,0.000566,172.31.46.0-255,66,31556,44,290961
8594,0.000724,74.125.68.0-255,1484,33040,44,290961
8595,0.000729,172.31.46.0-255,66,33106,44,290961
8596,0.000734,74.125.68.0-255,2902,36008,44,290961
8597,0.000737,172.31.46.0-255,66,36074,44,290961
8598,0.000753,74.125.68.0-255,2902,38976,44,290961
8599,0.000755,172.31.46.0-255,66,39042,44,290961
8600,0.000779,74.125.68.0-255,7156,46198,44,290961
8601,0.000781,172.31.46.0-255,66,46264,44,290961
8602,0.000812,74.125.68.0-255,6797,53061,44,290961
8603,0.000815,172.31.46.0-255,66,53127,44,290961
8604,0.00082,74.125.68.0-255,4320,57447,44,290961
8605,0.000822,172.31.46.0-255,66,57513,44,290961
8606,0.000833,74.125.68.0-255,2902,60415,44,290961
8607,0.000835,172.31.46.0-255,66,60481,44,290961
8608,0.000846,74.125.68.0-255,1484,61965,44,290961
8609,0.000864,74.125.68.0-255,3961,65926,44,290961
8610,0.000867,172.31.46.0-255,66,65992,44,290961
8611,0.000897,74.125.68.0-255,677,66669,44,290961
8612,0.001222,74.125.68.0-255,1484,68153,44,290961
8613,0.001225,172.31.46.0-255,66,68219,44,290961
8614,0.00123,74.125.68.0-255,2902,71121,44,290961
8615,0.001232,172.31.46.0-255,66,71187,44,290961
8616,0.001252,74.125.68.0-255,4320,75507,44,290961
8617,0.001254,172.31.46.0-255,66,75573,44,290961
8618,0.001272,74.125.68.0-255,1484,77057,44,290961
8619,0.001274,74.125.68.0-255,1484,78541,44,290961
8620,0.001276,172.31.46.0-255,66,78607,44,290961
8621,0.001302,172.31.46.0-255,66,78673,44,290961
8622,0.001317,74.125.68.0-255,4320,82993,44,290961
8623,0.001319,172.31.46.0-255,66,83059,44,290961
8624,0.001341,172.31.46.0-255,66,83125,44,290961
8625,0.001359,74.125.68.0-255,766,83891,44,290961
8626,0.001574,74.125.68.0-255,1484,85375,44,290961
8627,0.001576,172.31.46.0-255,66,85441,44,290961
8628,0.001591,74.125.68.0-255,2902,88343,44,290961
8629,0.001593,172.31.46.0-255,66,88409,44,290961
8630,0.001595,74.125.68.0-255,1484,89893,44,290961
8631,0.001607,74.125.68.0-255,1484,91377,44,290961
8632,0.001609,172.31.46.0-255,66,91443,44,290961
8633,0.001633,74.125.68.0-255,1484,92927,44,290961
8634,0.001638,74.125.68.0-255,5738,98665,44,290961
8635,0.00164,172.31.46.0-255,66,98731,44,290961
8636,0.001655,74.125.68.0-255,2902,101633,44,290961
8637,0.001657,172.31.46.0-255,66,101699,44,290961
8638,0.001681,74.125.68.0-255,7156,108855,44,290961
8639,0.001683,172.31.46.0-255,66,108921,44,290961
8640,0.001707,74.125.68.0-255,2902,111823,44,290961
8641,0.001708,172.31.46.0-255,66,111889,44,290961
8642,0.001729,74.125.68.0-255,6438,118327,44,290961
8643,0.001731,172.31.46.0-255,66,118393,44,290961
8644,0.001765,74.125.68.0-255,1484,119877,44,290961
8645,0.001768,74.125.68.0-255,1484,121361,44,290961
8646,0.001769,172.31.46.0-255,66,121427,44,290961
8647,0.001783,74.125.68.0-255,1484,122911,44,290961
8648,0.001793,74.125.68.0-255,1484,124395,44,290961
8649,0.001795,172.31.46.0-255,66,124461,44,290961
8650,0.00181,74.125.68.0-255,4320,128781,44,290961
8651,0.001812,172.31.46.0-255,66,128847,44,290961
8652,0.001815,74.125.68.0-255,2902,131749,44,290961
8653,0.001817,172.31.46.0-255,66,131815,44,290961
8654,0.00182,74.125.68.0-255,1484,133299,44,290961
8655,0.001837,74.125.68.0-255,2902,136201,44,290961
8656,0.001839,172.31.46.0-255,66,136267,44,290961
8657,0.001843,74.125.68.0-255,2902,139169,44,290961
8658,0.001844,172.31.46.0-255,66,139235,44,290961
8659,0.00186,74.125.68.0-255,5738,144973,44,290961
8660,0.001862,172.31.46.0-255,66,145039,44,290961
8661,0.001864,74.125.68.0-255,1484,146523,44,290961
8662,0.001883,74.125.68.0-255,4320,150843,44,290961
8663,0.001885,172.31.46.0-255,66,150909,44,290961
8664,0.001914,74.125.68.0-255,2184,153093,44,290961
8665,0.001916,172.31.46.0-255,66,153159,44,290961
8666,0.00229,74.125.68.0-255,1484,154643,44,290961
8667,0.002308,74.125.68.0-255,2902,157545,44,290961
8668,0.00231,172.31.46.0-255,66,157611,44,290961
8669,0.002312,74.125.68.0-255,1484,159095,44,290961
8670,0.002315,74.125.68.0-255,1484,160579,44,290961
8671,0.002316,172.31.46.0-255,66,160645,44,290961
8672,0.002326,74.125.68.0-255,1484,162129,44,290961
8673,0.002338,74.125.68.0-255,2902,165031,44,290961
8674,0.00234,172.31.46.0-255,66,165097,44,290961
8675,0.002356,74.125.68.0-255,2902,167999,44,290961
8676,0.002358,172.31.46.0-255,66,168065,44,290961
8677,0.00236,74.125.68.0-255,1484,169549,44,290961
8678,0.004678,74.125.68.0-255,2902,172451,44,290961
8679,0.004686,172.31.46.0-255,66,172517,44,290961
8680,0.004704,74.125.68.0-255,1484,174001,44,290961
8681,0.007192,74.125.68.0-255,4320,178321,44,290961
8682,0.007255,172.31.46.0-255,66,178387,44,290961
8683,0.009618,74.125.68.0-255,5738,184125,44,290961
8684,0.009625,172.31.46.0-255,66,184191,44,290961
8685,0.011969,74.125.68.0-255,5738,189929,44,290961
8686,0.011976,172.31.46.0-255,66,189995,44,290961
8687,0.014321,74.125.68.0-255,5738,195733,44,290961
8688,0.014328,172.31.46.0-255,66,195799,44,290961
8689,0.016679,74.125.68.0-255,5738,201537,44,290961
8690,0.016686,172.31.46.0-255,66,201603,44,290961
8691,0.019039,74.125.68.0-255,5738,207341,44,290961
8692,0.019058,172.31.46.0-255,66,207407,44,290961
8693,0.021413,74.125.68.0-255,5738,213145,44,290961
8694,0.021421,172.31.46.0-255,66,213211,44,290961
8695,0.023795,74.125.68.0-255,5738,218949,44,290961
8696,0.023803,172.31.46.0-255,66,219015,44,290961
8697,0.026151,74.125.68.0-255,5738,224753,44,290961
8698,0.026158,172.31.46.0-255,66,224819,44,290961
8699,0.028505,74.125.68.0-255,5738,230557,44,290961
8700,0.028514,172.31.46.0-255,66,230623,44,290961
8701,0.030734,172.31.46.0-255,172,230795,44,290961
8702,0.030763,172.31.46.0-255,1114,231909,44,290961
8703,0.030828,172.31.46.0-255,1514,233423,44,290961
8704,0.03083,172.31.46.0-255,1514,234937,44,290961
8705,0.030835,172.31.46.0-255,1514,236451,44,290961
8706,0.030836,172.31.46.0-255,1514,237965,44,290961
8707,0.030854,172.31.46.0-255,1514,239479,44,290961
8708,0.030855,172.31.46.0-255,70,239549,44,290961
8709,0.030865,74.125.68.0-255,2902,242451,44,290961
8710,0.030873,172.31.46.0-255,66,242517,44,290961
8711,0.030938,74.125.68.0-255,2902,245419,44,290961
8712,0.03094,172.31.46.0-255,66,245485,44,290961
8713,0.032311,104.244.42.0-255,66,245551,44,290961
8714,0.032364,104.244.42.0-255,66,245617,44,290961
8715,0.032402,104.244.42.0-255,66,245683,44,290961
8716,0.032523,104.244.42.0-255,66,245749,44,290961
8717,0.03323,74.125.68.0-255,2902,248651,44,290961
8718,0.033235,172.31.46.0-255,66,248717,44,290961
8719,0.033266,74.125.68.0-255,2902,251619,44,290961
8720,0.033268,172.31.46.0-255,66,251685,44,290961
8721,0.035608,74.125.68.0-255,4320,256005,44,290961
8722,0.035613,172.31.46.0-255,66,256071,44,290961
8723,0.035632,74.125.68.0-255,1484,257555,44,290961
8724,0.037971,74.125.68.0-255,4320,261875,44,290961
8725,0.037978,172.31.46.0-255,66,261941,44,290961
8726,0.040354,74.125.68.0-255,5738,267679,44,290961
8727,0.040361,172.31.46.0-255,66,267745,44,290961
8728,0.042723,74.125.68.0-255,5738,273483,44,290961
8729,0.04273,172.31.46.0-255,66,273549,44,290961
8730,0.045077,74.125.68.0-255,5738,279287,44,290961
8731,0.045082,172.31.46.0-255,66,279353,44,290961
8732,0.047444,74.125.68.0-255,5738,285091,44,290961
8733,0.047452,172.31.46.0-255,66,285157,44,290961
8734,0.049845,74.125.68.0-255,5738,290895,44,290961
8735,0.049852,172.31.46.0-255,66,290961,44,290961
8736,0.0,74.125.130.0-255,153,153,44,288155
8737,1.7e-05,172.31.46.0-255,66,219,44,288155
8738,2.4e-05,74.125.130.0-255,1484,1703,44,288155
8739,2.8e-05,172.31.46.0-255,66,1769,44,288155
8740,3.4e-05,74.125.130.0-255,2902,4671,44,288155
8741,3.7e-05,172.31.46.0-255,66,4737,44,288155
8742,5.9e-05,74.125.130.0-255,2902,7639,44,288155
8743,6.2e-05,172.31.46.0-255,66,7705,44,288155
8744,6.8e-05,74.125.130.0-255,4320,12025,44,288155
8745,7.1e-05,172.31.46.0-255,66,12091,44,288155
8746,9.4e-05,74.125.130.0-255,4320,16411,44,288155
8747,9.7e-05,172.31.46.0-255,66,16477,44,288155
8748,0.000118,74.125.130.0-255,4922,21399,44,288155
8749,0.00012,172.31.46.0-255,66,21465,44,288155
8750,0.000127,74.125.130.0-255,5738,27203,44,288155
8751,0.000129,172.31.46.0-255,66,27269,44,288155
8752,0.000151,74.125.130.0-255,3961,31230,44,288155
8753,0.000154,172.31.46.0-255,66,31296,44,288155
8754,0.000212,74.125.130.0-255,1484,32780,44,288155
8755,0.000215,172.31.46.0-255,66,32846,44,288155
8756,0.000231,74.125.130.0-255,2902,35748,44,288155
8757,0.000234,172.31.46.0-255,66,35814,44,288155
8758,0.000251,74.125.130.0-255,4320,40134,44,288155
8759,0.000254,172.31.46.0-255,66,40200,44,288155
8760,0.000257,74.125.130.0-255,1484,41684,44,288155
8761,0.000259,172.31.46.0-255,66,41750,44,288155
8762,0.000284,74.125.130.0-255,4320,46070,44,288155
8763,0.000287,172.31.46.0-255,66,46136,44,288155
8764,0.000303,74.125.130.0-255,2543,48679,44,288155
8765,0.000306,172.31.46.0-255,66,48745,44,288155
8766,0.000568,74.125.130.0-255,1484,50229,44,288155
8767,0.000574,172.31.46.0-255,66,50295,44,288155
8768,0.000589,74.125.130.0-255,2902,53197,44,288155
8769,0.000591,172.31.46.0-255,66,53263,44,288155
8770,0.00061,74.125.130.0-255,4320,57583,44,288155
8771,0.000612,172.31.46.0-255,66,57649,44,288155
8772,0.000616,74.125.130.0-255,1484,59133,44,288155
8773,0.000636,74.125.130.0-255,4320,63453,44,288155
8774,0.000639,172.31.46.0-255,66,63519,44,288155
8775,0.000658,74.125.130.0-255,2543,66062,44,288155
8776,0.000661,172.31.46.0-255,66,66128,44,288155
8777,0.000813,74.125.130.0-255,1484,67612,44,288155
8778,0.000831,74.125.130.0-255,2902,70514,44,288155
8779,0.000835,172.31.46.0-255,66,70580,44,288155
8780,0.000853,74.125.130.0-255,2902,73482,44,288155
8781,0.000856,172.31.46.0-255,66,73548,44,288155
8782,0.000884,74.125.130.0-255,2902,76450,44,288155
8783,0.000887,172.31.46.0-255,66,76516,44,288155
8784,0.000894,74.125.130.0-255,6797,83313,44,288155
8785,0.000897,172.31.46.0-255,66,83379,44,288155
8786,0.0009,74.125.130.0-255,1484,84863,44,288155
8787,0.000919,74.125.130.0-255,5738,90601,44,288155
8788,0.000922,172.31.46.0-255,66,90667,44,288155
8789,0.000925,74.125.130.0-255,1484,92151,44,288155
8790,0.000947,74.125.130.0-255,5738,97889,44,288155
8791,0.00095,172.31.46.0-255,66,97955,44,288155
8792,0.000968,74.125.130.0-255,1484,99439,44,288155
8793,0.000972,74.125.130.0-255,1705,101144,44,288155
8794,0.000974,172.31.46.0-255,66,101210,44,288155
8795,0.001062,74.125.130.0-255,1484,102694,44,288155
8796,0.001078,74.125.130.0-255,2902,105596,44,288155
8797,0.001081,172.31.46.0-255,66,105662,44,288155
8798,0.001114,74.125.130.0-255,5738,111400,44,288155
8799,0.001116,172.31.46.0-255,66,111466,44,288155
8800,0.001136,74.125.130.0-255,6133,117599,44,288155
8801,0.001138,172.31.46.0-255,66,117665,44,288155
8802,0.001286,74.125.130.0-255,1484,119149,44,288155
8803,0.001299,74.125.130.0-255,1484,120633,44,288155
8804,0.001303,172.31.46.0-255,66,120699,44,288155
8805,0.001323,74.125.130.0-255,1484,122183,44,288155
8806,0.001326,74.125.130.0-255,1484,123667,44,288155
8807,0.001328,172.31.46.0-255,66,123733,44,288155
8808,0.001333,74.125.130.0-255,2902,126635,44,288155
8809,0.001336,172.31.46.0-255,66,126701,44,288155
8810,0.001342,74.125.130.0-255,5738,132439,44,288155
8811,0.001344,172.31.46.0-255,66,132505,44,288155
8812,0.001375,172.31.46.0-255,66,132571,44,288155
8813,0.001419,74.125.130.0-255,7156,139727,44,288155
8814,0.001424,172.31.46.0-255,66,139793,44,288155
8815,0.001435,74.125.130.0-255,2184,141977,44,288155
8816,0.001437,172.31.46.0-255,66,142043,44,288155
8817,0.00338,74.125.130.0-255,2902,144945,44,288155
8818,0.003387,172.31.46.0-255,66,145011,44,288155
8819,0.003409,74.125.130.0-255,2902,147913,44,288155
8820,0.003411,172.31.46.0-255,66,147979,44,288155
8821,0.005339,74.125.130.0-255,2902,150881,44,288155
8822,0.005343,172.31.46.0-255,66,150947,44,288155
8823,0.005365,74.125.130.0-255,2902,153849,44,288155
8824,0.005367,172.31.46.0-255,66,153915,44,288155
8825,0.00729,74.125.130.0-255,1484,155399,44,288155
8826,0.007308,74.125.130.0-255,4320,159719,44,288155
8827,0.00731,172.31.46.0-255,66,159785,44,288155
8828,0.009274,74.125.130.0-255,5738,165523,44,288155
8829,0.00928,172.31.46.0-255,66,165589,44,288155
8830,0.011291,74.125.130.0-255,5738,171327,44,288155
8831,0.011298,172.31.46.0-255,66,171393,44,288155
8832,0.013268,74.125.130.0-255,5738,177131,44,288155
8833,0.013274,172.31.46.0-255,66,177197,44,288155
8834,0.015247,74.125.130.0-255,5738,182935,44,288155
8835,0.015255,172.31.46.0-255,66,183001,44,288155
8836,0.017216,74.125.130.0-255,5738,188739,44,288155
8837,0.017223,172.31.46.0-255,66,188805,44,288155
8838,0.019184,74.125.130.0-255,5738,194543,44,288155
8839,0.01919,172.31.46.0-255,66,194609,44,288155
8840,0.021168,74.125.130.0-255,5738,200347,44,288155
8841,0.021174,172.31.46.0-255,66,200413,44,288155
8842,0.023141,74.125.130.0-255,5738,206151,44,288155
8843,0.023149,172.31.46.0-255,66,206217,44,288155
8844,0.025135,74.125.130.0-255,5738,211955,44,288155
8845,0.02514,172.31.46.0-255,66,212021,44,288155
8846,0.027102,74.125.130.0-255,5738,217759,44,288155
8847,0.027108,172.31.46.0-255,66,217825,44,288155
8848,0.029099,74.125.130.0-255,5738,223563,44,288155
8849,0.029108,172.31.46.0-255,66,223629,44,288155
8850,0.031092,74.125.130.0-255,5738,229367,44,288155
8851,0.031098,172.31.46.0-255,66,229433,44,288155
8852,0.031908,172.31.46.0-255,172,229605,44,288155
8853,0.031943,172.31.46.0-255,1114,230719,44,288155
8854,0.032014,172.31.46.0-255,1514,232233,44,288155
8855,0.032016,172.31.46.0-255,1514,233747,44,288155
8856,0.032017,172.31.46.0-255,1514,235261,44,288155
8857,0.032019,172.31.46.0-255,1514,236775,44,288155
8858,0.032046,172.31.46.0-255,1514,238289,44,288155
8859,0.032047,172.31.46.0-255,70,238359,44,288155
8860,0.033107,74.125.130.0-255,5738,244097,44,288155
8861,0.033114,172.31.46.0-255,66,244163,44,288155
8862,0.033439,104.244.42.0-255,66,244229,44,288155
8863,0.033488,104.244.42.0-255,66,244295,44,288155
8864,0.033588,104.244.42.0-255,66,244361,44,288155
8865,0.033595,104.244.42.0-255,66,244427,44,288155
8866,0.03507,74.125.130.0-255,5738,250165,44,288155
8867,0.035077,172.31.46.0-255,66,250231,44,288155
8868,0.037049,74.125.130.0-255,5738,255969,44,288155
8869,0.037055,172.31.46.0-255,66,256035,44,288155
8870,0.039012,74.125.130.0-255,4320,260355,44,288155
8871,0.039018,172.31.46.0-255,66,260421,44,288155
8872,0.039039,74.125.130.0-255,1484,261905,44,288155
8873,0.04097,74.125.130.0-255,4320,266225,44,288155
8874,0.040976,172.31.46.0-255,66,266291,44,288155
8875,0.042946,74.125.130.0-255,5738,272029,44,288155
8876,0.042954,172.31.46.0-255,66,272095,44,288155
8877,0.04492,74.125.130.0-255,5738,277833,44,288155
8878,0.044926,172.31.46.0-255,66,277899,44,288155
8879,0.046881,74.125.130.0-255,4320,282219,44,288155
8880,0.046885,172.31.46.0-255,66,282285,44,288155
8881,0.046906,74.125.130.0-255,1484,283769,44,288155
8882,0.048862,74.125.130.0-255,4320,288089,44,288155
8883,0.048868,172.31.46.0-255,66,288155,44,288155
8884,0.0,74.125.24.0-255,438,438,44,223643
8885,2.5e-05,172.31.46.0-255,66,504,44,223643
8886,3.1e-05,74.125.24.0-255,1484,1988,44,223643
8887,3.5e-05,172.31.46.0-255,66,2054,44,223643
8888,4.2e-05,74.125.24.0-255,4320,6374,44,223643
8889,4.5e-05,172.31.46.0-255,66,6440,44,223643
8890,4.8e-05,74.125.24.0-255,1484,7924,44,223643
8891,5.1e-05,172.31.46.0-255,66,7990,44,223643
8892,8.1e-05,74.125.24.0-255,4320,12310,44,223643
8893,8.4e-05,172.31.46.0-255,66,12376,44,223643
8894,0.0001,74.125.24.0-255,1742,14118,44,223643
8895,0.000102,172.31.46.0-255,66,14184,44,223643
8896,0.000106,74.125.24.0-255,1484,15668,44,223643
8897,0.000108,172.31.46.0-255,66,15734,44,223643
8898,0.000136,74.125.24.0-255,5738,21472,44,223643
8899,0.000138,172.31.46.0-255,66,21538,44,223643
8900,0.000142,74.125.24.0-255,2902,24440,44,223643
8901,0.000144,172.31.46.0-255,66,24506,44,223643
8902,0.00015,74.125.24.0-255,4320,28826,44,223643
8903,0.000152,172.31.46.0-255,66,28892,44,223643
8904,0.000186,172.31.46.0-255,66,28958,44,223643
8905,0.000191,74.125.24.0-255,4320,33278,44,223643
8906,0.000193,172.31.46.0-255,66,33344,44,223643
8907,0.000232,74.125.24.0-255,6438,39782,44,223643
8908,0.000235,172.31.46.0-255,66,39848,44,223643
8909,0.000298,74.125.24.0-255,1484,41332,44,223643
8910,0.000301,172.31.46.0-255,66,41398,44,223643
8911,0.000306,74.125.24.0-255,2902,44300,44,223643
8912,0.000308,172.31.46.0-255,66,44366,44,223643
8913,0.000337,74.125.24.0-255,4320,48686,44,223643
8914,0.00034,172.31.46.0-255,66,48752,44,223643
8915,0.000372,74.125.24.0-255,129,48881,44,223643
8916,0.000478,74.125.24.0-255,1484,50365,44,223643
8917,0.000493,74.125.24.0-255,2902,53267,44,223643
8918,0.000518,74.125.24.0-255,5738,59005,44,223643
8919,0.000523,74.125.24.0-255,2902,61907,44,223643
8920,0.000552,74.125.24.0-255,1484,63391,44,223643
8921,0.000584,74.125.24.0-255,4320,67711,44,223643
8922,0.000607,74.125.24.0-255,5738,73449,44,223643
8923,0.00061,74.125.24.0-255,766,74215,44,223643
8924,0.000663,172.31.46.0-255,66,74281,44,223643
8925,0.000995,74.125.24.0-255,1484,75765,44,223643
8926,0.001,74.125.24.0-255,1484,77249,44,223643
8927,0.001009,172.31.46.0-255,66,77315,44,223643
8928,0.001018,74.125.24.0-255,1484,78799,44,223643
8929,0.00102,74.125.24.0-255,1484,80283,44,223643
8930,0.001025,172.31.46.0-255,66,80349,44,223643
8931,0.001038,74.125.24.0-255,4320,84669,44,223643
8932,0.001043,74.125.24.0-255,2902,87571,44,223643
8933,0.001067,74.125.24.0-255,5738,93309,44,223643
8934,0.001081,74.125.24.0-255,4320,97629,44,223643
8935,0.001086,172.31.46.0-255,66,97695,44,223643
8936,0.001124,172.31.46.0-255,66,97761,44,223643
8937,0.001137,74.125.24.0-255,2184,99945,44,223643
8938,0.001153,172.31.46.0-255,66,100011,44,223643
8939,0.001696,74.125.24.0-255,1484,101495,44,223643
8940,0.001704,74.125.24.0-255,2902,104397,44,223643
8941,0.001708,172.31.46.0-255,66,104463,44,223643
8942,0.001713,74.125.24.0-255,2902,107365,44,223643
8943,0.00173,74.125.24.0-255,2902,110267,44,223643
8944,0.001733,172.31.46.0-255,66,110333,44,223643
8945,0.001768,74.125.24.0-255,2902,113235,44,223643
8946,0.001772,172.31.46.0-255,66,113301,44,223643
8947,0.001841,172.31.46.0-255,66,113367,44,223643
8948,0.004145,74.125.24.0-255,5738,119105,44,223643
8949,0.004156,172.31.46.0-255,66,119171,44,223643
8950,0.006461,74.125.24.0-255,5738,124909,44,223643
8951,0.008431,172.31.46.0-255,66,124975,44,223643
8952,0.010706,74.125.24.0-255,5738,130713,44,223643
8953,0.010721,172.31.46.0-255,66,130779,44,223643
8954,0.013017,74.125.24.0-255,5738,136517,44,223643
8955,0.013035,172.31.46.0-255,66,136583,44,223643
8956,0.01533,74.125.24.0-255,5738,142321,44,223643
8957,0.015346,172.31.46.0-255,66,142387,44,223643
8958,0.017639,74.125.24.0-255,5738,148125,44,223643
8959,0.017652,172.31.46.0-255,66,148191,44,223643
8960,0.019955,74.125.24.0-255,5738,153929,44,223643
8961,0.019969,172.31.46.0-255,66,153995,44,223643
8962,0.022243,74.125.24.0-255,5738,159733,44,223643
8963,0.023441,172.31.46.0-255,66,159799,44,223643
8964,0.02577,74.125.24.0-255,5738,165537,44,223643
8965,0.025782,172.31.46.0-255,66,165603,44,223643
8966,0.02809,74.125.24.0-255,5738,171341,44,223643
8967,0.028106,172.31.46.0-255,66,171407,44,223643
8968,0.030426,74.125.24.0-255,5738,177145,44,223643
8969,0.030443,172.31.46.0-255,66,177211,44,223643
8970,0.032745,74.125.24.0-255,5738,182949,44,223643
8971,0.032764,172.31.46.0-255,66,183015,44,223643
8972,0.035068,74.125.24.0-255,5738,188753,44,223643
8973,0.035084,172.31.46.0-255,66,188819,44,223643
8974,0.037426,74.125.24.0-255,5738,194557,44,223643
8975,0.037441,172.31.46.0-255,66,194623,44,223643
8976,0.039794,74.125.24.0-255,5738,200361,44,223643
8977,0.039811,172.31.46.0-255,66,200427,44,223643
8978,0.042199,74.125.24.0-255,5738,206165,44,223643
8979,0.042215,172.31.46.0-255,66,206231,44,223643
8980,0.044499,74.125.24.0-255,5738,211969,44,223643
8981,0.044516,172.31.46.0-255,66,212035,44,223643
8982,0.046799,74.125.24.0-255,5738,217773,44,223643
8983,0.046814,172.31.46.0-255,66,217839,44,223643
8984,0.049157,74.125.24.0-255,5738,223577,44,223643
8985,0.049173,172.31.46.0-255,66,223643,44,223643
8986,0.0,74.125.200.0-255,147,147,44,252463
8987,1.6e-05,172.31.46.0-255,66,213,44,252463
8988,2.3e-05,74.125.200.0-255,1484,1697,44,252463
8989,2.8e-05,172.31.46.0-255,66,1763,44,252463
8990,4.6e-05,74.125.200.0-255,1484,3247,44,252463
8991,4.9e-05,172.31.46.0-255,66,3313,44,252463
8992,7.3e-05,74.125.200.0-255,1484,4797,44,252463
8993,7.6e-05,172.31.46.0-255,66,4863,44,252463
8994,8.3e-05,74.125.200.0-255,4320,9183,44,252463
8995,8.5e-05,172.31.46.0-255,66,9249,44,252463
8996,0.000119,74.125.200.0-255,5738,14987,44,252463
8997,0.000121,172.31.46.0-255,66,15053,44,252463
8998,0.000143,74.125.200.0-255,3461,18514,44,252463
8999,0.000145,172.31.46.0-255,66,18580,44,252463
9000,0.000151,74.125.200.0-255,4320,22900,44,252463
9001,0.000153,172.31.46.0-255,66,22966,44,252463
9002,0.000176,74.125.200.0-255,4320,27286,44,252463
9003,0.000178,172.31.46.0-255,66,27352,44,252463
9004,0.000202,74.125.200.0-255,3961,31313,44,252463
9005,0.000205,172.31.46.0-255,66,31379,44,252463
9006,0.000997,74.125.200.0-255,1484,32863,44,252463
9007,0.001003,172.31.46.0-255,66,32929,44,252463
9008,0.001012,74.125.200.0-255,2902,35831,44,252463
9009,0.001015,172.31.46.0-255,66,35897,44,252463
9010,0.001021,74.125.200.0-255,2902,38799,44,252463
9011,0.001023,172.31.46.0-255,66,38865,44,252463
9012,0.001048,74.125.200.0-255,2902,41767,44,252463
9013,0.001051,172.31.46.0-255,66,41833,44,252463
9014,0.001054,74.125.200.0-255,1484,43317,44,252463
9015,0.001056,172.31.46.0-255,66,43383,44,252463
9016,0.001078,74.125.200.0-255,2902,46285,44,252463
9017,0.00108,172.31.46.0-255,66,46351,44,252463
9018,0.001083,74.125.200.0-255,1484,47835,44,252463
9019,0.001131,74.125.200.0-255,2543,50378,44,252463
9020,0.001134,172.31.46.0-255,66,50444,44,252463
9021,0.00114,74.125.200.0-255,5738,56182,44,252463
9022,0.001142,172.31.46.0-255,66,56248,44,252463
9023,0.001148,74.125.200.0-255,5738,61986,44,252463
9024,0.00115,172.31.46.0-255,66,62052,44,252463
9025,0.001178,74.125.200.0-255,2902,64954,44,252463
9026,0.00118,172.31.46.0-255,66,65020,44,252463
9027,0.001197,74.125.200.0-255,1401,66421,44,252463
9028,0.001273,74.125.200.0-255,126,66547,44,252463
9029,0.001912,74.125.200.0-255,1484,68031,44,252463
9030,0.001918,172.31.46.0-255,66,68097,44,252463
9031,0.001925,74.125.200.0-255,2902,70999,44,252463
9032,0.001929,172.31.46.0-255,66,71065,44,252463
9033,0.001936,74.125.200.0-255,5738,76803,44,252463
9034,0.001938,172.31.46.0-255,66,76869,44,252463
9035,0.001941,74.125.200.0-255,1484,78353,44,252463
9036,0.001964,74.125.200.0-255,1484,79837,44,252463
9037,0.001966,172.31.46.0-255,66,79903,44,252463
9038,0.001974,74.125.200.0-255,5738,85641,44,252463
9039,0.001976,172.31.46.0-255,66,85707,44,252463
9040,0.001994,74.125.200.0-255,4320,90027,44,252463
9041,0.001997,172.31.46.0-255,66,90093,44,252463
9042,0.00201,74.125.200.0-255,2902,92995,44,252463
9043,0.002013,172.31.46.0-255,66,93061,44,252463
9044,0.002035,172.31.46.0-255,66,93127,44,252463
9045,0.002111,74.125.200.0-255,1484,94611,44,252463
9046,0.002127,74.125.200.0-255,2902,97513,44,252463
9047,0.002129,172.31.46.0-255,66,97579,44,252463
9048,0.002132,74.125.200.0-255,1484,99063,44,252463
9049,0.00215,74.125.200.0-255,4320,103383,44,252463
9050,0.002153,172.31.46.0-255,66,103449,44,252463
9051,0.002156,74.125.200.0-255,1484,104933,44,252463
9052,0.00217,74.125.200.0-255,1484,106417,44,252463
9053,0.002172,172.31.46.0-255,66,106483,44,252463
9054,0.002186,74.125.200.0-255,1484,107967,44,252463
9055,0.002213,74.125.200.0-255,7156,115123,44,252463
9056,0.002215,172.31.46.0-255,66,115189,44,252463
9057,0.002229,74.125.200.0-255,1484,116673,44,252463
9058,0.002234,74.125.200.0-255,2902,119575,44,252463
9059,0.002236,172.31.46.0-255,66,119641,44,252463
9060,0.002241,74.125.200.0-255,4320,123961,44,252463
9061,0.002244,172.31.46.0-255,66,124027,44,252463
9062,0.004448,74.125.200.0-255,1484,125511,44,252463
9063,0.004469,74.125.200.0-255,4320,129831,44,252463
9064,0.004474,172.31.46.0-255,66,129897,44,252463
9065,0.0067,74.125.200.0-255,5738,135635,44,252463
9066,0.006706,172.31.46.0-255,66,135701,44,252463
9067,0.00893,74.125.200.0-255,5738,141439,44,252463
9068,0.008937,172.31.46.0-255,66,141505,44,252463
9069,0.011166,74.125.200.0-255,5738,147243,44,252463
9070,0.011173,172.31.46.0-255,66,147309,44,252463
9071,0.013401,74.125.200.0-255,4320,151629,44,252463
9072,0.013408,172.31.46.0-255,66,151695,44,252463
9073,0.013427,74.125.200.0-255,1484,153179,44,252463
9074,0.015649,74.125.200.0-255,4320,157499,44,252463
9075,0.015659,172.31.46.0-255,66,157565,44,252463
9076,0.01789,74.125.200.0-255,5738,163303,44,252463
9077,0.017898,172.31.46.0-255,66,163369,44,252463
9078,0.020125,74.125.200.0-255,5738,169107,44,252463
9079,0.020132,172.31.46.0-255,66,169173,44,252463
9080,0.022354,74.125.200.0-255,5738,174911,44,252463
9081,0.022362,172.31.46.0-255,66,174977,44,252463
9082,0.024603,74.125.200.0-255,5738,180715,44,252463
9083,0.024611,172.31.46.0-255,66,180781,44,252463
9084,0.026842,74.125.200.0-255,5738,186519,44,252463
9085,0.026857,172.31.46.0-255,66,186585,44,252463
9086,0.029099,74.125.200.0-255,5738,192323,44,252463
9087,0.029115,172.31.46.0-255,66,192389,44,252463
9088,0.031389,74.125.200.0-255,5738,198127,44,252463
9089,0.031404,172.31.46.0-255,66,198193,44,252463
9090,0.033193,172.31.46.0-255,172,198365,44,252463
9091,0.033226,172.31.46.0-255,1114,199479,44,252463
9092,0.033303,172.31.46.0-255,1514,200993,44,252463
9093,0.033305,172.31.46.0-255,1514,202507,44,252463
9094,0.03331,172.31.46.0-255,1514,204021,44,252463
9095,0.033312,172.31.46.0-255,1514,205535,44,252463
9096,0.033331,172.31.46.0-255,1514,207049,44,252463
9097,0.033336,172.31.46.0-255,70,207119,44,252463
9098,0.03362,74.125.200.0-255,5738,212857,44,252463
9099,0.033626,172.31.46.0-255,66,212923,44,252463
9100,0.03472,104.244.42.0-255,66,212989,44,252463
9101,0.034772,104.244.42.0-255,66,213055,44,252463
9102,0.034862,104.244.42.0-255,66,213121,44,252463
9103,0.034869,104.244.42.0-255,66,213187,44,252463
9104,0.03585,74.125.200.0-255,5738,218925,44,252463
9105,0.035858,172.31.46.0-255,66,218991,44,252463
9106,0.038099,74.125.200.0-255,5738,224729,44,252463
9107,0.038108,172.31.46.0-255,66,224795,44,252463
9108,0.040378,74.125.200.0-255,5738,230533,44,252463
9109,0.040385,172.31.46.0-255,66,230599,44,252463
9110,0.042607,74.125.200.0-255,5738,236337,44,252463
9111,0.042616,172.31.46.0-255,66,236403,44,252463
9112,0.044852,74.125.200.0-255,4320,240723,44,252463
9113,0.04486,172.31.46.0-255,66,240789,44,252463
9114,0.04488,74.125.200.0-255,1484,242273,44,252463
9115,0.047103,74.125.200.0-255,4320,246593,44,252463
9116,0.047118,172.31.46.0-255,66,246659,44,252463
9117,0.049351,74.125.200.0-255,5738,252397,44,252463
9118,0.049361,172.31.46.0-255,66,252463,44,252463
9119,0.0,74.125.130.0-255,291,291,44,251225
9120,1.5e-05,172.31.46.0-255,66,357,44,251225
9121,2.1e-05,74.125.130.0-255,1484,1841,44,251225
9122,2.5e-05,172.31.46.0-255,66,1907,44,251225
9123,3.2e-05,74.125.130.0-255,4320,6227,44,251225
9124,4.2e-05,172.31.46.0-255,66,6293,44,251225
9125,4.9e-05,74.125.130.0-255,5738,12031,44,251225
9126,5.3e-05,172.31.46.0-255,66,12097,44,251225
9127,9.6e-05,74.125.130.0-255,6032,18129,44,251225
9128,0.0001,172.31.46.0-255,66,18195,44,251225
9129,0.000105,74.125.130.0-255,2902,21097,44,251225
9130,0.000108,172.31.46.0-255,66,21163,44,251225
9131,0.000119,74.125.130.0-255,4320,25483,44,251225
9132,0.000121,172.31.46.0-255,66,25549,44,251225
9133,0.000162,74.125.130.0-255,5379,30928,44,251225
9134,0.000165,172.31.46.0-255,66,30994,44,251225
9135,0.000664,74.125.130.0-255,1484,32478,44,251225
9136,0.000669,172.31.46.0-255,66,32544,44,251225
9137,0.000675,74.125.130.0-255,2902,35446,44,251225
9138,0.000678,172.31.46.0-255,66,35512,44,251225
9139,0.000719,74.125.130.0-255,5738,41250,44,251225
9140,0.000721,172.31.46.0-255,66,41316,44,251225
9141,0.000729,74.125.130.0-255,5738,47054,44,251225
9142,0.000731,172.31.46.0-255,66,47120,44,251225
9143,0.00075,74.125.130.0-255,1125,48245,44,251225
9144,0.000752,172.31.46.0-255,66,48311,44,251225
9145,0.000773,74.125.130.0-255,1484,49795,44,251225
9146,0.000775,172.31.46.0-255,66,49861,44,251225
9147,0.000779,74.125.130.0-255,2902,52763,44,251225
9148,0.000781,172.31.46.0-255,66,52829,44,251225
9149,0.000806,74.125.130.0-255,1484,54313,44,251225
9150,0.000809,172.31.46.0-255,66,54379,44,251225
9151,0.000813,74.125.130.0-255,2902,57281,44,251225
9152,0.000814,172.31.46.0-255,66,57347,44,251225
9153,0.000854,74.125.130.0-255,5738,63085,44,251225
9154,0.000856,172.31.46.0-255,66,63151,44,251225
9155,0.00086,74.125.130.0-255,2796,65947,44,251225
9156,0.000862,172.31.46.0-255,66,66013,44,251225
9157,0.001107,74.125.130.0-255,117,66130,44,251225
9158,0.001193,172.31.46.0-255,66,66196,44,251225
9159,0.001245,74.125.130.0-255,1484,67680,44,251225
9160,0.001251,74.125.130.0-255,1484,69164,44,251225
9161,0.001254,172.31.46.0-255,66,69230,44,251225
9162,0.001281,74.125.130.0-255,2902,72132,44,251225
9163,0.001284,172.31.46.0-255,66,72198,44,251225
9164,0.001306,74.125.130.0-255,1484,73682,44,251225
9165,0.00132,74.125.130.0-255,4320,78002,44,251225
9166,0.001322,172.31.46.0-255,66,78068,44,251225
9167,0.00135,74.125.130.0-255,7156,85224,44,251225
9168,0.001352,172.31.46.0-255,66,85290,44,251225
9169,0.001355,74.125.130.0-255,1484,86774,44,251225
9170,0.001378,74.125.130.0-255,2902,89676,44,251225
9171,0.001381,172.31.46.0-255,66,89742,44,251225
9172,0.001385,74.125.130.0-255,2902,92644,44,251225
9173,0.001387,172.31.46.0-255,66,92710,44,251225
9174,0.001407,74.125.130.0-255,2902,95612,44,251225
9175,0.001409,172.31.46.0-255,66,95678,44,251225
9176,0.00142,74.125.130.0-255,5020,100698,44,251225
9177,0.001422,172.31.46.0-255,66,100764,44,251225
9178,0.003397,74.125.130.0-255,5738,106502,44,251225
9179,0.003407,172.31.46.0-255,66,106568,44,251225
9180,0.005367,74.125.130.0-255,5738,112306,44,251225
9181,0.00537,172.31.46.0-255,66,112372,44,251225
9182,0.007335,74.125.130.0-255,5738,118110,44,251225
9183,0.007344,172.31.46.0-255,66,118176,44,251225
9184,0.009341,74.125.130.0-255,5738,123914,44,251225
9185,0.009349,172.31.46.0-255,66,123980,44,251225
9186,0.011353,74.125.130.0-255,2902,126882,44,251225
9187,0.011362,172.31.46.0-255,66,126948,44,251225
9188,0.011394,74.125.130.0-255,2902,129850,44,251225
9189,0.011397,172.31.46.0-255,66,129916,44,251225
9190,0.013335,74.125.130.0-255,2902,132818,44,251225
9191,0.013343,172.31.46.0-255,66,132884,44,251225
9192,0.013369,74.125.130.0-255,2902,135786,44,251225
9193,0.013372,172.31.46.0-255,66,135852,44,251225
9194,0.015313,74.125.130.0-255,2902,138754,44,251225
9195,0.015321,172.31.46.0-255,66,138820,44,251225
9196,0.01535,74.125.130.0-255,2902,141722,44,251225
9197,0.015353,172.31.46.0-255,66,141788,44,251225
9198,0.017312,74.125.130.0-255,2902,144690,44,251225
9199,0.017324,172.31.46.0-255,66,144756,44,251225
9200,0.017361,74.125.130.0-255,2902,147658,44,251225
9201,0.017364,172.31.46.0-255,66,147724,44,251225
9202,0.019307,74.125.130.0-255,2902,150626,44,251225
9203,0.019315,172.31.46.0-255,66,150692,44,251225
9204,0.01935,74.125.130.0-255,2902,153594,44,251225
9205,0.019353,172.31.46.0-255,66,153660,44,251225
9206,0.021289,74.125.130.0-255,2902,156562,44,251225
9207,0.021297,172.31.46.0-255,66,156628,44,251225
9208,0.021329,74.125.130.0-255,2902,159530,44,251225
9209,0.021332,172.31.46.0-255,66,159596,44,251225
9210,0.02326,74.125.130.0-255,2902,162498,44,251225
9211,0.023267,172.31.46.0-255,66,162564,44,251225
9212,0.023295,74.125.130.0-255,1484,164048,44,251225
9213,0.023315,74.125.130.0-255,1484,165532,44,251225
9214,0.023317,172.31.46.0-255,66,165598,44,251225
9215,0.025231,74.125.130.0-255,2902,168500,44,251225
9216,0.025239,172.31.46.0-255,66,168566,44,251225
9217,0.025271,74.125.130.0-255,2902,171468,44,251225
9218,0.025274,172.31.46.0-255,66,171534,44,251225
9219,0.027222,74.125.130.0-255,2902,174436,44,251225
9220,0.02723,172.31.46.0-255,66,174502,44,251225
9221,0.027261,74.125.130.0-255,2902,177404,44,251225
9222,0.027264,172.31.46.0-255,66,177470,44,251225
9223,0.029207,74.125.130.0-255,2902,180372,44,251225
9224,0.029215,172.31.46.0-255,66,180438,44,251225
9225,0.029245,74.125.130.0-255,2902,183340,44,251225
9226,0.029247,172.31.46.0-255,66,183406,44,251225
9227,0.031179,74.125.130.0-255,2902,186308,44,251225
9228,0.031187,172.31.46.0-255,66,186374,44,251225
9229,0.031219,74.125.130.0-255,2902,189276,44,251225
9230,0.031222,172.31.46.0-255,66,189342,44,251225
9231,0.03316,74.125.130.0-255,2902,192244,44,251225
9232,0.033167,172.31.46.0-255,66,192310,44,251225
9233,0.033198,74.125.130.0-255,2902,195212,44,251225
9234,0.0332,172.31.46.0-255,66,195278,44,251225
9235,0.034127,172.31.46.0-255,167,195445,44,251225
9236,0.034157,172.31.46.0-255,1113,196558,44,251225
9237,0.034224,172.31.46.0-255,1514,198072,44,251225
9238,0.034226,172.31.46.0-255,1514,199586,44,251225
9239,0.034232,172.31.46.0-255,1514,201100,44,251225
9240,0.034234,172.31.46.0-255,1514,202614,44,251225
9241,0.034252,172.31.46.0-255,1514,204128,44,251225
9242,0.034253,172.31.46.0-255,71,204199,44,251225
9243,0.035134,74.125.130.0-255,2902,207101,44,251225
9244,0.03514,172.31.46.0-255,66,207167,44,251225
9245,0.035168,74.125.130.0-255,1484,208651,44,251225
9246,0.035181,74.125.130.0-255,1484,210135,44,251225
9247,0.035183,172.31.46.0-255,66,210201,44,251225
9248,0.03565,104.244.42.0-255,66,210267,44,251225
9249,0.03569,104.244.42.0-255,66,210333,44,251225
9250,0.03579,104.244.42.0-255,66,210399,44,251225
9251,0.035796,104.244.42.0-255,66,210465,44,251225
9252,0.037133,74.125.130.0-255,2902,213367,44,251225
9253,0.03714,172.31.46.0-255,66,213433,44,251225
9254,0.03717,74.125.130.0-255,2902,216335,44,251225
9255,0.037172,172.31.46.0-255,66,216401,44,251225
9256,0.039125,74.125.130.0-255,5738,222139,44,251225
9257,0.039131,172.31.46.0-255,66,222205,44,251225
9258,0.041109,74.125.130.0-255,5738,227943,44,251225
9259,0.041116,172.31.46.0-255,66,228009,44,251225
9260,0.04308,74.125.130.0-255,5738,233747,44,251225
9261,0.043087,172.31.46.0-255,66,233813,44,251225
9262,0.045071,74.125.130.0-255,5738,239551,44,251225
9263,0.045078,172.31.46.0-255,66,239617,44,251225
9264,0.047052,74.125.130.0-255,5738,245355,44,251225
9265,0.047058,172.31.46.0-255,66,245421,44,251225
9266,0.049041,74.125.130.0-255,5738,251159,44,251225
9267,0.049047,172.31.46.0-255,66,251225,44,251225
9268,0.0,216.58.203.0-255,153,153,44,286934
9269,2.5e-05,172.31.46.0-255,66,219,44,286934
9270,3.3e-05,216.58.203.0-255,1484,1703,44,286934
9271,3.7e-05,172.31.46.0-255,66,1769,44,286934
9272,4.2e-05,216.58.203.0-255,2902,4671,44,286934
9273,4.5e-05,172.31.46.0-255,66,4737,44,286934
9274,6.2e-05,216.58.203.0-255,7156,11893,44,286934
9275,6.5e-05,172.31.46.0-255,66,11959,44,286934
9276,9.9e-05,216.58.203.0-255,2066,14025,44,286934
9277,0.000103,172.31.46.0-255,66,14091,44,286934
9278,0.000108,216.58.203.0-255,2902,16993,44,286934
9279,0.00011,172.31.46.0-255,66,17059,44,286934
9280,0.000118,216.58.203.0-255,7156,24215,44,286934
9281,0.00012,172.31.46.0-255,66,24281,44,286934
9282,0.000156,216.58.203.0-255,6797,31078,44,286934
9283,0.000159,172.31.46.0-255,66,31144,44,286934
9284,0.00028,216.58.203.0-255,1484,32628,44,286934
9285,0.000283,172.31.46.0-255,66,32694,44,286934
9286,0.000289,216.58.203.0-255,2902,35596,44,286934
9287,0.000291,172.31.46.0-255,66,35662,44,286934
9288,0.000324,216.58.203.0-255,5738,41400,44,286934
9289,0.000337,172.31.46.0-255,66,41466,44,286934
9290,0.000345,216.58.203.0-255,6797,48263,44,286934
9291,0.000348,172.31.46.0-255,66,48329,44,286934
9292,0.000352,216.58.203.0-255,1484,49813,44,286934
9293,0.000354,172.31.46.0-255,66,49879,44,286934
9294,0.000386,216.58.203.0-255,5738,55617,44,286934
9295,0.000389,172.31.46.0-255,66,55683,44,286934
9296,0.000414,216.58.203.0-255,1484,57167,44,286934
9297,0.000416,172.31.46.0-255,66,57233,44,286934
9298,0.000451,172.31.46.0-255,66,57299,44,286934
9299,0.000454,216.58.203.0-255,361,57660,44,286934
9300,0.001071,216.58.203.0-255,136,57796,44,286934
9301,0.001135,172.31.46.0-255,66,57862,44,286934
9302,0.001204,216.58.203.0-255,1484,59346,44,286934
9303,0.001208,216.58.203.0-255,1484,60830,44,286934
9304,0.001211,172.31.46.0-255,66,60896,44,286934
9305,0.001234,216.58.203.0-255,1484,62380,44,286934
9306,0.001241,216.58.203.0-255,5738,68118,44,286934
9307,0.001243,172.31.46.0-255,66,68184,44,286934
9308,0.001251,216.58.203.0-255,6797,74981,44,286934
9309,0.001254,172.31.46.0-255,66,75047,44,286934
9310,0.001297,216.58.203.0-255,7156,82203,44,286934
9311,0.0013,172.31.46.0-255,66,82269,44,286934
9312,0.001306,216.58.203.0-255,4320,86589,44,286934
9313,0.001308,172.31.46.0-255,66,86655,44,286934
9314,0.001356,216.58.203.0-255,4320,90975,44,286934
9315,0.001359,172.31.46.0-255,66,91041,44,286934
9316,0.001385,216.58.203.0-255,1403,92444,44,286934
9317,0.001524,216.58.203.0-255,1484,93928,44,286934
9318,0.001528,172.31.46.0-255,66,93994,44,286934
9319,0.001533,216.58.203.0-255,2902,96896,44,286934
9320,0.001535,172.31.46.0-255,66,96962,44,286934
9321,0.001538,216.58.203.0-255,1484,98446,44,286934
9322,0.001564,216.58.203.0-255,4320,102766,44,286934
9323,0.001566,172.31.46.0-255,66,102832,44,286934
9324,0.001573,216.58.203.0-255,5738,108570,44,286934
9325,0.001575,172.31.46.0-255,66,108636,44,286934
9326,0.001586,216.58.203.0-255,7156,115792,44,286934
9327,0.001589,172.31.46.0-255,66,115858,44,286934
9328,0.001625,172.31.46.0-255,66,115924,44,286934
9329,0.003283,216.58.203.0-255,2902,118826,44,286934
9330,0.003292,172.31.46.0-255,66,118892,44,286934
9331,0.003323,216.58.203.0-255,2902,121794,44,286934
9332,0.003325,172.31.46.0-255,66,121860,44,286934
9333,0.004929,216.58.203.0-255,2902,124762,44,286934
9334,0.004932,172.31.46.0-255,66,124828,44,286934
9335,0.004958,216.58.203.0-255,2902,127730,44,286934
9336,0.004961,172.31.46.0-255,66,127796,44,286934
9337,0.006576,216.58.203.0-255,2902,130698,44,286934
9338,0.006579,172.31.46.0-255,66,130764,44,286934
9339,0.006612,216.58.203.0-255,2902,133666,44,286934
9340,0.006615,172.31.46.0-255,66,133732,44,286934
9341,0.008233,216.58.203.0-255,2902,136634,44,286934
9342,0.00824,172.31.46.0-255,66,136700,44,286934
9343,0.008282,216.58.203.0-255,2902,139602,44,286934
9344,0.008284,172.31.46.0-255,66,139668,44,286934
9345,0.009898,216.58.203.0-255,2902,142570,44,286934
9346,0.009906,172.31.46.0-255,66,142636,44,286934
9347,0.009933,216.58.203.0-255,2902,145538,44,286934
9348,0.009936,172.31.46.0-255,66,145604,44,286934
9349,0.011576,216.58.203.0-255,5738,151342,44,286934
9350,0.011585,172.31.46.0-255,66,151408,44,286934
9351,0.013269,216.58.203.0-255,5738,157146,44,286934
9352,0.013282,172.31.46.0-255,66,157212,44,286934
9353,0.01495,216.58.203.0-255,5738,162950,44,286934
9354,0.014958,172.31.46.0-255,66,163016,44,286934
9355,0.016612,216.58.203.0-255,5738,168754,44,286934
9356,0.016621,172.31.46.0-255,66,168820,44,286934
9357,0.018308,216.58.203.0-255,5738,174558,44,286934
9358,0.018316,172.31.46.0-255,66,174624,44,286934
9359,0.019971,216.58.203.0-255,5738,180362,44,286934
9360,0.019978,172.31.46.0-255,66,180428,44,286934
9361,0.02163,216.58.203.0-255,5738,186166,44,286934
9362,0.021637,172.31.46.0-255,66,186232,44,286934
9363,0.023291,216.58.203.0-255,5738,191970,44,286934
9364,0.023298,172.31.46.0-255,66,192036,44,286934
9365,0.024954,216.58.203.0-255,5738,197774,44,286934
9366,0.024963,172.31.46.0-255,66,197840,44,286934
9367,0.026627,216.58.203.0-255,5738,203578,44,286934
9368,0.026635,172.31.46.0-255,66,203644,44,286934
9369,0.028293,216.58.203.0-255,5738,209382,44,286934
9370,0.0283,172.31.46.0-255,66,209448,44,286934
9371,0.029953,216.58.203.0-255,5738,215186,44,286934
9372,0.02996,172.31.46.0-255,66,215252,44,286934
9373,0.031631,216.58.203.0-255,5738,220990,44,286934
9374,0.031639,172.31.46.0-255,66,221056,44,286934
9375,0.033331,216.58.203.0-255,5738,226794,44,286934
9376,0.033338,172.31.46.0-255,66,226860,44,286934
9377,0.035004,216.58.203.0-255,5738,232598,44,286934
9378,0.035016,172.31.46.0-255,66,232664,44,286934
9379,0.036692,216.58.203.0-255,5738,238402,44,286934
9380,0.036709,172.31.46.0-255,66,238468,44,286934
9381,0.038374,216.58.203.0-255,5738,244206,44,286934
9382,0.038391,172.31.46.0-255,66,244272,44,286934
9383,0.040049,216.58.203.0-255,4320,248592,44,286934
9384,0.04006,172.31.46.0-255,66,248658,44,286934
9385,0.040076,216.58.203.0-255,1484,250142,44,286934
9386,0.040209,172.31.46.0-255,172,250314,44,286934
9387,0.040239,172.31.46.0-255,1114,251428,44,286934
9388,0.040385,172.31.46.0-255,1514,252942,44,286934
9389,0.040387,172.31.46.0-255,1514,254456,44,286934
9390,0.040393,172.31.46.0-255,1514,255970,44,286934
9391,0.040394,172.31.46.0-255,1514,257484,44,286934
9392,0.040414,172.31.46.0-255,1514,258998,44,286934
9393,0.040415,172.31.46.0-255,70,259068,44,286934
9394,0.041722,216.58.203.0-255,4320,263388,44,286934
9395,0.041732,172.31.46.0-255,66,263454,44,286934
9396,0.041771,104.244.42.0-255,66,263520,44,286934
9397,0.041778,104.244.42.0-255,66,263586,44,286934
9398,0.041973,104.244.42.0-255,66,263652,44,286934
9399,0.041979,104.244.42.0-255,66,263718,44,286934
9400,0.043412,216.58.203.0-255,5738,269456,44,286934
9401,0.043421,172.31.46.0-255,66,269522,44,286934
9402,0.045078,216.58.203.0-255,5738,275260,44,286934
9403,0.045087,172.31.46.0-255,66,275326,44,286934
9404,0.046759,216.58.203.0-255,5738,281064,44,286934
9405,0.046766,172.31.46.0-255,66,281130,44,286934
9406,0.048426,216.58.203.0-255,5738,286868,44,286934
9407,0.048433,172.31.46.0-255,66,286934,44,286934
9408,0.0,172.217.194.0-255,297,297,44,254222
9409,2.3e-05,172.31.46.0-255,66,363,44,254222
9410,3e-05,172.217.194.0-255,1484,1847,44,254222
9411,3.4e-05,172.31.46.0-255,66,1913,44,254222
9412,4.9e-05,172.217.194.0-255,4320,6233,44,254222
9413,5.3e-05,172.31.46.0-255,66,6299,44,254222
9414,6e-05,172.217.194.0-255,5738,12037,44,254222
9415,6.3e-05,172.31.46.0-255,66,12103,44,254222
9416,9.1e-05,172.217.194.0-255,5995,18098,44,254222
9417,9.4e-05,172.31.46.0-255,66,18164,44,254222
9418,9.7e-05,172.217.194.0-255,1484,19648,44,254222
9419,0.0001,172.31.46.0-255,66,19714,44,254222
9420,0.000139,172.31.46.0-255,66,19780,44,254222
9421,0.000143,172.217.194.0-255,2543,22323,44,254222
9422,0.000145,172.31.46.0-255,66,22389,44,254222
9423,0.00022,172.217.194.0-255,1484,23873,44,254222
9424,0.000223,172.31.46.0-255,66,23939,44,254222
9425,0.000228,172.217.194.0-255,2902,26841,44,254222
9426,0.00023,172.31.46.0-255,66,26907,44,254222
9427,0.000234,172.217.194.0-255,2902,29809,44,254222
9428,0.000241,172.31.46.0-255,66,29875,44,254222
9429,0.000273,172.217.194.0-255,2902,32777,44,254222
9430,0.000276,172.31.46.0-255,66,32843,44,254222
9431,0.000287,172.31.46.0-255,66,32909,44,254222
9432,0.000315,172.217.194.0-255,4320,37229,44,254222
9433,0.000317,172.31.46.0-255,66,37295,44,254222
9434,0.000335,172.31.46.0-255,66,37361,44,254222
9435,0.000394,172.217.194.0-255,378,37739,44,254222
9436,0.000397,172.31.46.0-255,66,37805,44,254222
9437,0.000421,172.217.194.0-255,98,37903,44,254222
9438,0.00051,172.217.194.0-255,1484,39387,44,254222
9439,0.000517,172.217.194.0-255,2902,42289,44,254222
9440,0.000532,172.217.194.0-255,1484,43773,44,254222
9441,0.000547,172.217.194.0-255,4320,48093,44,254222
9442,0.000553,172.217.194.0-255,5738,53831,44,254222
9443,0.000561,172.217.194.0-255,7156,60987,44,254222
9444,0.000599,172.217.194.0-255,1484,62471,44,254222
9445,0.000659,172.31.46.0-255,66,62537,44,254222
9446,0.000765,172.217.194.0-255,1484,64021,44,254222
9447,0.000769,172.217.194.0-255,1484,65505,44,254222
9448,0.000779,172.31.46.0-255,66,65571,44,254222
9449,0.000786,172.217.194.0-255,1484,67055,44,254222
9450,0.000788,172.217.194.0-255,1484,68539,44,254222
9451,0.000792,172.31.46.0-255,66,68605,44,254222
9452,0.000809,172.217.194.0-255,4320,72925,44,254222
9453,0.00085,172.31.46.0-255,66,72991,44,254222
9454,0.000858,172.217.194.0-255,7156,80147,44,254222
9455,0.000863,172.31.46.0-255,66,80213,44,254222
9456,0.000888,172.217.194.0-255,6438,86651,44,254222
9457,0.000891,172.217.194.0-255,1484,88135,44,254222
9458,0.000902,172.217.194.0-255,1484,89619,44,254222
9459,0.000908,172.31.46.0-255,66,89685,44,254222
9460,0.000915,172.217.194.0-255,1484,91169,44,254222
9461,0.00092,172.217.194.0-255,5738,96907,44,254222
9462,0.000928,172.31.46.0-255,66,96973,44,254222
9463,0.00099,172.31.46.0-255,66,97039,44,254222
9464,0.001013,172.217.194.0-255,2184,99223,44,254222
9465,0.001031,172.217.194.0-255,2902,102125,44,254222
9466,0.001042,172.31.46.0-255,66,102191,44,254222
9467,0.001047,172.217.194.0-255,4320,106511,44,254222
9468,0.001052,172.31.46.0-255,66,106577,44,254222
9469,0.001076,172.217.194.0-255,2902,109479,44,254222
9470,0.001083,172.217.194.0-255,5738,115217,44,254222
9471,0.00113,172.217.194.0-255,5738,120955,44,254222
9472,0.001143,172.31.46.0-255,66,121021,44,254222
9473,0.001158,172.217.194.0-255,3602,124623,44,254222
9474,0.001164,172.31.46.0-255,66,124689,44,254222
9475,0.001426,172.217.194.0-255,1484,126173,44,254222
9476,0.00144,172.217.194.0-255,2902,129075,44,254222
9477,0.001442,172.217.194.0-255,1484,130559,44,254222
9478,0.001459,172.31.46.0-255,66,130625,44,254222
9479,0.001467,172.217.194.0-255,4320,134945,44,254222
9480,0.001492,172.31.46.0-255,66,135011,44,254222
9481,0.001529,172.217.194.0-255,7156,142167,44,254222
9482,0.001544,172.217.194.0-255,6438,148605,44,254222
9483,0.001582,172.31.46.0-255,66,148671,44,254222
9484,0.001591,172.217.194.0-255,2902,151573,44,254222
9485,0.001616,172.31.46.0-255,66,151639,44,254222
9486,0.001626,172.217.194.0-255,1484,153123,44,254222
9487,0.00166,172.31.46.0-255,66,153189,44,254222
9488,0.002363,172.217.194.0-255,1484,154673,44,254222
9489,0.002371,172.217.194.0-255,2902,157575,44,254222
9490,0.002374,172.31.46.0-255,66,157641,44,254222
9491,0.002379,172.217.194.0-255,2902,160543,44,254222
9492,0.002387,172.31.46.0-255,66,160609,44,254222
9493,0.00241,172.217.194.0-255,2902,163511,44,254222
9494,0.002419,172.217.194.0-255,4320,167831,44,254222
9495,0.002426,172.31.46.0-255,66,167897,44,254222
9496,0.002485,172.217.194.0-255,4320,172217,44,254222
9497,0.002503,172.217.194.0-255,2902,175119,44,254222
9498,0.00251,172.217.194.0-255,7156,182275,44,254222
9499,0.002515,172.31.46.0-255,66,182341,44,254222
9500,0.002522,172.217.194.0-255,1484,183825,44,254222
9501,0.002532,172.217.194.0-255,4320,188145,44,254222
9502,0.002537,172.31.46.0-255,66,188211,44,254222
9503,0.002578,172.217.194.0-255,766,188977,44,254222
9504,0.002585,172.31.46.0-255,66,189043,44,254222
9505,0.005094,172.217.194.0-255,5738,194781,44,254222
9506,0.005102,172.31.46.0-255,66,194847,44,254222
9507,0.007596,172.217.194.0-255,5738,200585,44,254222
9508,0.007603,172.31.46.0-255,66,200651,44,254222
9509,0.010114,172.217.194.0-255,5738,206389,44,254222
9510,0.01012,172.31.46.0-255,66,206455,44,254222
9511,0.012627,172.217.194.0-255,5738,212193,44,254222
9512,0.012633,172.31.46.0-255,66,212259,44,254222
9513,0.015134,172.217.194.0-255,5738,217997,44,254222
9514,0.015142,172.31.46.0-255,66,218063,44,254222
9515,0.017701,172.217.194.0-255,5738,223801,44,254222
9516,0.017711,172.31.46.0-255,66,223867,44,254222
9517,0.020225,172.217.194.0-255,5738,229605,44,254222
9518,0.020238,172.31.46.0-255,66,229671,44,254222
9519,0.022743,172.217.194.0-255,5738,235409,44,254222
9520,0.022751,172.31.46.0-255,66,235475,44,254222
9521,0.025274,172.217.194.0-255,5738,241213,44,254222
9522,0.025286,172.31.46.0-255,66,241279,44,254222
9523,0.027801,172.217.194.0-255,3515,244794,44,254222
9524,0.02781,172.31.46.0-255,66,244860,44,254222
9525,0.028013,172.31.46.0-255,105,244965,44,254222
9526,0.030483,172.217.194.0-255,66,245031,44,254222
9527,0.039925,172.31.46.0-255,172,245203,44,254222
9528,0.039955,172.31.46.0-255,1109,246312,44,254222
9529,0.04003,172.31.46.0-255,1514,247826,44,254222
9530,0.040032,172.31.46.0-255,1514,249340,44,254222
9531,0.040039,172.31.46.0-255,1514,250854,44,254222
9532,0.04004,172.31.46.0-255,1514,252368,44,254222
9533,0.040063,172.31.46.0-255,1514,253882,44,254222
9534,0.040064,172.31.46.0-255,76,253958,44,254222
9535,0.041486,104.244.42.0-255,66,254024,44,254222
9536,0.04151,104.244.42.0-255,66,254090,44,254222
9537,0.041579,104.244.42.0-255,66,254156,44,254222
9538,0.041596,104.244.42.0-255,66,254222,44,254222
9539,0.0,172.217.194.0-255,153,153,44,241978
9540,2.1e-05,172.31.46.0-255,66,219,44,241978
9541,2.8e-05,172.217.194.0-255,1484,1703,44,241978
9542,3.3e-05,172.31.46.0-255,66,1769,44,241978
9543,3.8e-05,172.217.194.0-255,2902,4671,44,241978
9544,4.7e-05,172.31.46.0-255,66,4737,44,241978
9545,5.5e-05,172.217.194.0-255,7156,11893,44,241978
9546,5.8e-05,172.31.46.0-255,66,11959,44,241978
9547,6.2e-05,172.217.194.0-255,2121,14080,44,241978
9548,6.5e-05,172.31.46.0-255,66,14146,44,241978
9549,0.000126,172.31.46.0-255,66,14212,44,241978
9550,0.000129,172.217.194.0-255,1125,15337,44,241978
9551,0.000132,172.31.46.0-255,66,15403,44,241978
9552,0.000204,172.217.194.0-255,1484,16887,44,241978
9553,0.000207,172.31.46.0-255,66,16953,44,241978
9554,0.000235,172.217.194.0-255,2902,19855,44,241978
9555,0.000238,172.31.46.0-255,66,19921,44,241978
9556,0.000244,172.217.194.0-255,5738,25659,44,241978
9557,0.000246,172.31.46.0-255,66,25725,44,241978
9558,0.000267,172.217.194.0-255,1484,27209,44,241978
9559,0.00027,172.31.46.0-255,66,27275,44,241978
9560,0.000275,172.217.194.0-255,2902,30177,44,241978
9561,0.000277,172.31.46.0-255,66,30243,44,241978
9562,0.000309,172.217.194.0-255,2543,32786,44,241978
9563,0.000312,172.31.46.0-255,66,32852,44,241978
9564,0.000317,172.217.194.0-255,2902,35754,44,241978
9565,0.000319,172.31.46.0-255,66,35820,44,241978
9566,0.000323,172.217.194.0-255,2902,38722,44,241978
9567,0.000325,172.31.46.0-255,66,38788,44,241978
9568,0.000347,172.217.194.0-255,4320,43108,44,241978
9569,0.00035,172.31.46.0-255,66,43174,44,241978
9570,0.000357,172.217.194.0-255,6797,49971,44,241978
9571,0.000359,172.31.46.0-255,66,50037,44,241978
9572,0.000362,172.217.194.0-255,364,50401,44,241978
9573,0.000566,172.217.194.0-255,380,50781,44,241978
9574,0.000919,172.217.194.0-255,1484,52265,44,241978
9575,0.000925,172.31.46.0-255,66,52331,44,241978
9576,0.00093,172.217.194.0-255,2902,55233,44,241978
9577,0.000933,172.31.46.0-255,66,55299,44,241978
9578,0.000937,172.217.194.0-255,2902,58201,44,241978
9579,0.000944,172.31.46.0-255,66,58267,44,241978
9580,0.000971,172.217.194.0-255,2902,61169,44,241978
9581,0.000974,172.31.46.0-255,66,61235,44,241978
9582,0.000977,172.217.194.0-255,1484,62719,44,241978
9583,0.001006,172.31.46.0-255,66,62785,44,241978
9584,0.001011,172.217.194.0-255,2902,65687,44,241978
9585,0.001013,172.31.46.0-255,66,65753,44,241978
9586,0.001049,172.217.194.0-255,7156,72909,44,241978
9587,0.001053,172.31.46.0-255,66,72975,44,241978
9588,0.001056,172.217.194.0-255,766,73741,44,241978
9589,0.001466,172.31.46.0-255,66,73807,44,241978
9590,0.001498,172.217.194.0-255,1484,75291,44,241978
9591,0.001512,172.217.194.0-255,2902,78193,44,241978
9592,0.001515,172.31.46.0-255,66,78259,44,241978
9593,0.001521,172.217.194.0-255,4320,82579,44,241978
9594,0.001523,172.31.46.0-255,66,82645,44,241978
9595,0.001539,172.217.194.0-255,1484,84129,44,241978
9596,0.00157,172.31.46.0-255,66,84195,44,241978
9597,0.001581,172.31.46.0-255,66,84261,44,241978
9598,0.001599,172.217.194.0-255,2184,86445,44,241978
9599,0.001605,172.31.46.0-255,66,86511,44,241978
9600,0.001629,172.217.194.0-255,2902,89413,44,241978
9601,0.001631,172.31.46.0-255,66,89479,44,241978
9602,0.001676,172.31.46.0-255,66,89545,44,241978
9603,0.001693,172.31.46.0-255,66,89611,44,241978
9604,0.001788,172.217.194.0-255,1484,91095,44,241978
9605,0.001793,172.217.194.0-255,1484,92579,44,241978
9606,0.001797,172.31.46.0-255,66,92645,44,241978
9607,0.001822,172.217.194.0-255,1484,94129,44,241978
9608,0.00183,172.217.194.0-255,5738,99867,44,241978
9609,0.001833,172.31.46.0-255,66,99933,44,241978
9610,0.001841,172.217.194.0-255,7156,107089,44,241978
9611,0.001843,172.31.46.0-255,66,107155,44,241978
9612,0.001882,172.217.194.0-255,2184,109339,44,241978
9613,0.001898,172.31.46.0-255,66,109405,44,241978
9614,0.001901,172.31.46.0-255,66,109471,44,241978
9615,0.001929,172.217.194.0-255,2902,112373,44,241978
9616,0.001932,172.31.46.0-255,66,112439,44,241978
9617,0.001963,172.217.194.0-255,4320,116759,44,241978
9618,0.001966,172.31.46.0-255,66,116825,44,241978
9619,0.001977,172.31.46.0-255,66,116891,44,241978
9620,0.001982,172.217.194.0-255,4320,121211,44,241978
9621,0.001984,172.31.46.0-255,66,121277,44,241978
9622,0.00202,172.31.46.0-255,66,121343,44,241978
9623,0.002023,172.217.194.0-255,766,122109,44,241978
9624,0.002027,172.217.194.0-255,1484,123593,44,241978
9625,0.002029,172.31.46.0-255,66,123659,44,241978
9626,0.002055,172.217.194.0-255,4320,127979,44,241978
9627,0.002058,172.31.46.0-255,66,128045,44,241978
9628,0.002064,172.217.194.0-255,4320,132365,44,241978
9629,0.002066,172.31.46.0-255,66,132431,44,241978
9630,0.0021,172.217.194.0-255,5738,138169,44,241978
9631,0.002103,172.31.46.0-255,66,138235,44,241978
9632,0.002115,172.217.194.0-255,5738,143973,44,241978
9633,0.002118,172.31.46.0-255,66,144039,44,241978
9634,0.002173,172.217.194.0-255,1484,145523,44,241978
9635,0.002231,172.217.194.0-255,1484,147007,44,241978
9636,0.002252,172.217.194.0-255,7156,154163,44,241978
9637,0.002298,172.217.194.0-255,4320,158483,44,241978
9638,0.002321,172.217.194.0-255,7156,165639,44,241978
9639,0.002343,172.217.194.0-255,1484,167123,44,241978
9640,0.002348,172.217.194.0-255,4320,171443,44,241978
9641,0.002369,172.217.194.0-255,5020,176463,44,241978
9642,0.005166,172.31.46.0-255,66,176529,44,241978
9643,0.007471,172.217.194.0-255,5738,182267,44,241978
9644,0.007477,172.31.46.0-255,66,182333,44,241978
9645,0.009778,172.217.194.0-255,4320,186653,44,241978
9646,0.009782,172.31.46.0-255,66,186719,44,241978
9647,0.009807,172.217.194.0-255,1484,188203,44,241978
9648,0.012124,172.217.194.0-255,4320,192523,44,241978
9649,0.01213,172.31.46.0-255,66,192589,44,241978
9650,0.014433,172.217.194.0-255,5738,198327,44,241978
9651,0.01444,172.31.46.0-255,66,198393,44,241978
9652,0.016745,172.217.194.0-255,2902,201295,44,241978
9653,0.016752,172.31.46.0-255,66,201361,44,241978
9654,0.016778,172.217.194.0-255,2902,204263,44,241978
9655,0.016781,172.31.46.0-255,66,204329,44,241978
9656,0.01909,172.217.194.0-255,5738,210067,44,241978
9657,0.0191,172.31.46.0-255,66,210133,44,241978
9658,0.021391,172.217.194.0-255,5738,215871,44,241978
9659,0.021398,172.31.46.0-255,66,215937,44,241978
9660,0.02369,172.217.194.0-255,5738,221675,44,241978
9661,0.023697,172.31.46.0-255,66,221741,44,241978
9662,0.025978,172.217.194.0-255,5738,227479,44,241978
9663,0.025986,172.31.46.0-255,66,227545,44,241978
9664,0.028287,172.217.194.0-255,4870,232415,44,241978
9665,0.028294,172.31.46.0-255,66,232481,44,241978
9666,0.028488,172.31.46.0-255,105,232586,44,241978
9667,0.030752,172.217.194.0-255,66,232652,44,241978
9668,0.040196,172.31.46.0-255,176,232828,44,241978
9669,0.040221,172.31.46.0-255,1114,233942,44,241978
9670,0.040401,172.31.46.0-255,1514,235456,44,241978
9671,0.040423,172.31.46.0-255,1514,236970,44,241978
9672,0.040427,172.31.46.0-255,1514,238484,44,241978
9673,0.040446,172.31.46.0-255,1514,239998,44,241978
9674,0.040449,172.31.46.0-255,1514,241512,44,241978
9675,0.04045,172.31.46.0-255,70,241582,44,241978
9676,0.041766,104.244.42.0-255,66,241648,44,241978
9677,0.041819,104.244.42.0-255,66,241714,44,241978
9678,0.041993,104.244.42.0-255,66,241780,44,241978
9679,0.042034,104.244.42.0-255,66,241846,44,241978
9680,0.042053,104.244.42.0-255,66,241912,44,241978
9681,0.042063,104.244.42.0-255,66,241978,44,241978
9682,0.0,74.125.68.0-255,150,150,44,263123
9683,1.9e-05,172.31.46.0-255,66,216,44,263123
9684,4.1e-05,74.125.68.0-255,1484,1700,44,263123
9685,4.5e-05,172.31.46.0-255,66,1766,44,263123
9686,5e-05,74.125.68.0-255,2902,4668,44,263123
9687,5.3e-05,172.31.46.0-255,66,4734,44,263123
9688,8.2e-05,74.125.68.0-255,5738,10472,44,263123
9689,8.4e-05,172.31.46.0-255,66,10538,44,263123
9690,8.9e-05,74.125.68.0-255,3502,14040,44,263123
9691,9.1e-05,172.31.46.0-255,66,14106,44,263123
9692,0.000125,74.125.68.0-255,1484,15590,44,263123
9693,0.000128,172.31.46.0-255,66,15656,44,263123
9694,0.000142,74.125.68.0-255,2902,18558,44,263123
9695,0.000145,172.31.46.0-255,66,18624,44,263123
9696,0.000168,74.125.68.0-255,5738,24362,44,263123
9697,0.000171,172.31.46.0-255,66,24428,44,263123
9698,0.000173,74.125.68.0-255,1484,25912,44,263123
9699,0.000175,172.31.46.0-255,66,25978,44,263123
9700,0.000193,74.125.68.0-255,5379,31357,44,263123
9701,0.000195,172.31.46.0-255,66,31423,44,263123
9702,0.000353,74.125.68.0-255,1484,32907,44,263123
9703,0.000357,172.31.46.0-255,66,32973,44,263123
9704,0.000361,74.125.68.0-255,2902,35875,44,263123
9705,0.000363,172.31.46.0-255,66,35941,44,263123
9706,0.000375,74.125.68.0-255,1484,37425,44,263123
9707,0.000377,172.31.46.0-255,66,37491,44,263123
9708,0.000397,74.125.68.0-255,4320,41811,44,263123
9709,0.000399,172.31.46.0-255,66,41877,44,263123
9710,0.000405,74.125.68.0-255,6797,48674,44,263123
9711,0.000407,172.31.46.0-255,66,48740,44,263123
9712,0.000447,74.125.68.0-255,2902,51642,44,263123
9713,0.000449,172.31.46.0-255,66,51708,44,263123
9714,0.00047,74.125.68.0-255,7156,58864,44,263123
9715,0.000488,74.125.68.0-255,5738,64602,44,263123
9716,0.000492,172.31.46.0-255,66,64668,44,263123
9717,0.000496,172.31.46.0-255,66,64734,44,263123
9718,0.000511,74.125.68.0-255,1125,65859,44,263123
9719,0.000513,74.125.68.0-255,680,66539,44,263123
9720,0.000525,172.31.46.0-255,66,66605,44,263123
9721,0.001083,74.125.68.0-255,1484,68089,44,263123
9722,0.001091,74.125.68.0-255,2902,70991,44,263123
9723,0.001118,74.125.68.0-255,4320,75311,44,263123
9724,0.001139,74.125.68.0-255,5738,81049,44,263123
9725,0.001154,74.125.68.0-255,2902,83951,44,263123
9726,0.001186,74.125.68.0-255,4320,88271,44,263123
9727,0.001219,74.125.68.0-255,3602,91873,44,263123
9728,0.001555,74.125.68.0-255,1484,93357,44,263123
9729,0.00156,74.125.68.0-255,1484,94841,44,263123
9730,0.001577,74.125.68.0-255,1484,96325,44,263123
9731,0.00158,74.125.68.0-255,1484,97809,44,263123
9732,0.001583,74.125.68.0-255,2902,100711,44,263123
9733,0.001586,74.125.68.0-255,1484,102195,44,263123
9734,0.001601,74.125.68.0-255,4320,106515,44,263123
9735,0.001629,74.125.68.0-255,7156,113671,44,263123
9736,0.001649,74.125.68.0-255,5738,119409,44,263123
9737,0.001671,74.125.68.0-255,2902,122311,44,263123
9738,0.001691,74.125.68.0-255,3602,125913,44,263123
9739,0.002195,74.125.68.0-255,1484,127397,44,263123
9740,0.002226,74.125.68.0-255,1484,128881,44,263123
9741,0.002241,74.125.68.0-255,1484,130365,44,263123
9742,0.002254,74.125.68.0-255,1484,131849,44,263123
9743,0.002277,74.125.68.0-255,1484,133333,44,263123
9744,0.002291,74.125.68.0-255,1484,134817,44,263123
9745,0.002307,74.125.68.0-255,1484,136301,44,263123
9746,0.00233,74.125.68.0-255,2902,139203,44,263123
9747,0.002332,74.125.68.0-255,1484,140687,44,263123
9748,0.002356,74.125.68.0-255,2902,143589,44,263123
9749,0.003595,172.31.46.0-255,66,143655,44,263123
9750,0.005933,74.125.68.0-255,5738,149393,44,263123
9751,0.00594,172.31.46.0-255,66,149459,44,263123
9752,0.00827,74.125.68.0-255,5738,155197,44,263123
9753,0.00941,172.31.46.0-255,66,155263,44,263123
9754,0.011747,74.125.68.0-255,5738,161001,44,263123
9755,0.011755,172.31.46.0-255,66,161067,44,263123
9756,0.014088,74.125.68.0-255,5738,166805,44,263123
9757,0.014097,172.31.46.0-255,66,166871,44,263123
9758,0.01643,74.125.68.0-255,5738,172609,44,263123
9759,0.016439,172.31.46.0-255,66,172675,44,263123
9760,0.018797,74.125.68.0-255,5738,178413,44,263123
9761,0.018805,172.31.46.0-255,66,178479,44,263123
9762,0.021197,74.125.68.0-255,5738,184217,44,263123
9763,0.021205,172.31.46.0-255,66,184283,44,263123
9764,0.023533,74.125.68.0-255,5738,190021,44,263123
9765,0.023539,172.31.46.0-255,66,190087,44,263123
9766,0.025873,74.125.68.0-255,5738,195825,44,263123
9767,0.025881,172.31.46.0-255,66,195891,44,263123
9768,0.028221,74.125.68.0-255,5738,201629,44,263123
9769,0.028228,172.31.46.0-255,66,201695,44,263123
9770,0.030555,74.125.68.0-255,5738,207433,44,263123
9771,0.030561,172.31.46.0-255,66,207499,44,263123
9772,0.031417,172.31.46.0-255,172,207671,44,263123
9773,0.031445,172.31.46.0-255,1114,208785,44,263123
9774,0.0315,172.31.46.0-255,1514,210299,44,263123
9775,0.031501,172.31.46.0-255,1514,211813,44,263123
9776,0.031502,172.31.46.0-255,1514,213327,44,263123
9777,0.031508,172.31.46.0-255,1514,214841,44,263123
9778,0.031509,172.31.46.0-255,1514,216355,44,263123
9779,0.03151,172.31.46.0-255,72,216427,44,263123
9780,0.032898,74.125.68.0-255,5738,222165,44,263123
9781,0.032905,172.31.46.0-255,66,222231,44,263123
9782,0.032945,104.244.42.0-255,66,222297,44,263123
9783,0.032952,104.244.42.0-255,66,222363,44,263123
9784,0.033029,104.244.42.0-255,66,222429,44,263123
9785,0.033034,104.244.42.0-255,66,222495,44,263123
9786,0.03526,74.125.68.0-255,5738,228233,44,263123
9787,0.035265,172.31.46.0-255,66,228299,44,263123
9788,0.037615,74.125.68.0-255,5738,234037,44,263123
9789,0.037622,172.31.46.0-255,66,234103,44,263123
9790,0.039956,74.125.68.0-255,5738,239841,44,263123
9791,0.039962,172.31.46.0-255,66,239907,44,263123
9792,0.042296,74.125.68.0-255,5738,245645,44,263123
9793,0.042302,172.31.46.0-255,66,245711,44,263123
9794,0.044637,74.125.68.0-255,5738,251449,44,263123
9795,0.044643,172.31.46.0-255,66,251515,44,263123
9796,0.046963,74.125.68.0-255,5738,257253,44,263123
9797,0.046969,172.31.46.0-255,66,257319,44,263123
9798,0.049303,74.125.68.0-255,5738,263057,44,263123
9799,0.049309,172.31.46.0-255,66,263123,44,263123
9800,0.0,74.125.24.0-255,146,146,44,298719
9801,1.6e-05,172.31.46.0-255,66,212,44,298719
9802,2.3e-05,74.125.24.0-255,1484,1696,44,298719
9803,2.8e-05,172.31.46.0-255,66,1762,44,298719
9804,3.4e-05,74.125.24.0-255,2902,4664,44,298719
9805,3.7e-05,172.31.46.0-255,66,4730,44,298719
9806,4e-05,74.125.24.0-255,1484,6214,44,298719
9807,4.2e-05,172.31.46.0-255,66,6280,44,298719
9808,6.6e-05,74.125.24.0-255,5738,12018,44,298719
9809,6.9e-05,172.31.46.0-255,66,12084,44,298719
9810,7.3e-05,74.125.24.0-255,2054,14138,44,298719
9811,7.6e-05,172.31.46.0-255,66,14204,44,298719
9812,0.000115,74.125.24.0-255,1484,15688,44,298719
9813,0.000117,172.31.46.0-255,66,15754,44,298719
9814,0.000121,74.125.24.0-255,1484,17238,44,298719
9815,0.000123,172.31.46.0-255,66,17304,44,298719
9816,0.000139,74.125.24.0-255,1484,18788,44,298719
9817,0.000141,172.31.46.0-255,66,18854,44,298719
9818,0.000145,74.125.24.0-255,2902,21756,44,298719
9819,0.000148,172.31.46.0-255,66,21822,44,298719
9820,0.000161,74.125.24.0-255,2902,24724,44,298719
9821,0.000163,172.31.46.0-255,66,24790,44,298719
9822,0.000198,74.125.24.0-255,6797,31587,44,298719
9823,0.000201,172.31.46.0-255,66,31653,44,298719
9824,0.000317,74.125.24.0-255,1484,33137,44,298719
9825,0.000322,172.31.46.0-255,66,33203,44,298719
9826,0.000328,74.125.24.0-255,2902,36105,44,298719
9827,0.00033,172.31.46.0-255,66,36171,44,298719
9828,0.000356,74.125.24.0-255,5738,41909,44,298719
9829,0.000359,172.31.46.0-255,66,41975,44,298719
9830,0.000366,74.125.24.0-255,6797,48772,44,298719
9831,0.000368,172.31.46.0-255,66,48838,44,298719
9832,0.000405,74.125.24.0-255,5738,54576,44,298719
9833,0.000408,172.31.46.0-255,66,54642,44,298719
9834,0.000435,172.31.46.0-255,66,54708,44,298719
9835,0.000439,74.125.24.0-255,2854,57562,44,298719
9836,0.000441,172.31.46.0-255,66,57628,44,298719
9837,0.000492,74.125.24.0-255,110,57738,44,298719
9838,0.000613,74.125.24.0-255,1484,59222,44,298719
9839,0.000618,172.31.46.0-255,66,59288,44,298719
9840,0.000624,74.125.24.0-255,2902,62190,44,298719
9841,0.000627,172.31.46.0-255,66,62256,44,298719
9842,0.000633,74.125.24.0-255,5738,67994,44,298719
9843,0.000635,172.31.46.0-255,66,68060,44,298719
9844,0.000642,74.125.24.0-255,5738,73798,44,298719
9845,0.000644,172.31.46.0-255,66,73864,44,298719
9846,0.000682,172.31.46.0-255,66,73930,44,298719
9847,0.000703,74.125.24.0-255,3961,77891,44,298719
9848,0.000706,172.31.46.0-255,66,77957,44,298719
9849,0.000711,74.125.24.0-255,3961,81918,44,298719
9850,0.000714,172.31.46.0-255,66,81984,44,298719
9851,0.000716,74.125.24.0-255,331,82315,44,298719
9852,0.001058,74.125.24.0-255,1484,83799,44,298719
9853,0.001064,172.31.46.0-255,66,83865,44,298719
9854,0.00107,74.125.24.0-255,2902,86767,44,298719
9855,0.001072,172.31.46.0-255,66,86833,44,298719
9856,0.001079,74.125.24.0-255,5738,92571,44,298719
9857,0.001081,172.31.46.0-255,66,92637,44,298719
9858,0.001086,74.125.24.0-255,4320,96957,44,298719
9859,0.001088,172.31.46.0-255,66,97023,44,298719
9860,0.001111,74.125.24.0-255,1484,98507,44,298719
9861,0.001126,172.31.46.0-255,66,98573,44,298719
9862,0.001129,74.125.24.0-255,1484,100057,44,298719
9863,0.001149,74.125.24.0-255,3602,103659,44,298719
9864,0.001151,172.31.46.0-255,66,103725,44,298719
9865,0.001675,74.125.24.0-255,1484,105209,44,298719
9866,0.00168,74.125.24.0-255,2902,108111,44,298719
9867,0.001683,172.31.46.0-255,66,108177,44,298719
9868,0.001688,74.125.24.0-255,2902,111079,44,298719
9869,0.00169,172.31.46.0-255,66,111145,44,298719
9870,0.001701,74.125.24.0-255,2902,114047,44,298719
9871,0.001703,172.31.46.0-255,66,114113,44,298719
9872,0.001715,74.125.24.0-255,1484,115597,44,298719
9873,0.00174,172.31.46.0-255,66,115663,44,298719
9874,0.001766,172.31.46.0-255,66,115729,44,298719
9875,0.001857,74.125.24.0-255,1484,117213,44,298719
9876,0.00187,74.125.24.0-255,2902,120115,44,298719
9877,0.001873,172.31.46.0-255,66,120181,44,298719
9878,0.001877,74.125.24.0-255,2902,123083,44,298719
9879,0.001879,172.31.46.0-255,66,123149,44,298719
9880,0.001893,74.125.24.0-255,2902,126051,44,298719
9881,0.001894,172.31.46.0-255,66,126117,44,298719
9882,0.0019,74.125.24.0-255,4320,130437,44,298719
9883,0.001901,172.31.46.0-255,66,130503,44,298719
9884,0.001922,74.125.24.0-255,2902,133405,44,298719
9885,0.001924,172.31.46.0-255,66,133471,44,298719
9886,0.00195,172.31.46.0-255,66,133537,44,298719
9887,0.001959,172.31.46.0-255,66,133603,44,298719
9888,0.001985,172.31.46.0-255,66,133669,44,298719
9889,0.002009,172.31.46.0-255,66,133735,44,298719
9890,0.00203,74.125.24.0-255,2902,136637,44,298719
9891,0.002033,172.31.46.0-255,66,136703,44,298719
9892,0.002054,74.125.24.0-255,7156,143859,44,298719
9893,0.002057,172.31.46.0-255,66,143925,44,298719
9894,0.002076,74.125.24.0-255,2184,146109,44,298719
9895,0.002079,172.31.46.0-255,66,146175,44,298719
9896,0.002096,74.125.24.0-255,4320,150495,44,298719
9897,0.002098,172.31.46.0-255,66,150561,44,298719
9898,0.002123,74.125.24.0-255,5738,156299,44,298719
9899,0.002126,172.31.46.0-255,66,156365,44,298719
9900,0.002182,172.31.46.0-255,66,156431,44,298719
9901,0.002192,172.31.46.0-255,66,156497,44,298719
9902,0.002195,74.125.24.0-255,2184,158681,44,298719
9903,0.002197,172.31.46.0-255,66,158747,44,298719
9904,0.002326,74.125.24.0-255,1484,160231,44,298719
9905,0.002338,74.125.24.0-255,2902,163133,44,298719
9906,0.002341,172.31.46.0-255,66,163199,44,298719
9907,0.002346,74.125.24.0-255,2902,166101,44,298719
9908,0.002348,172.31.46.0-255,66,166167,44,298719
9909,0.00236,74.125.24.0-255,2902,169069,44,298719
9910,0.002362,172.31.46.0-255,66,169135,44,298719
9911,0.002367,74.125.24.0-255,4320,173455,44,298719
9912,0.002369,172.31.46.0-255,66,173521,44,298719
9913,0.002388,74.125.24.0-255,1484,175005,44,298719
9914,0.004672,74.125.24.0-255,4320,179325,44,298719
9915,0.004679,172.31.46.0-255,66,179391,44,298719
9916,0.006993,74.125.24.0-255,5738,185129,44,298719
9917,0.006999,172.31.46.0-255,66,185195,44,298719
9918,0.009307,74.125.24.0-255,5738,190933,44,298719
9919,0.009313,172.31.46.0-255,66,190999,44,298719
9920,0.011643,74.125.24.0-255,5738,196737,44,298719
9921,0.011651,172.31.46.0-255,66,196803,44,298719
9922,0.013971,74.125.24.0-255,5738,202541,44,298719
9923,0.013982,172.31.46.0-255,66,202607,44,298719
9924,0.016299,74.125.24.0-255,5738,208345,44,298719
9925,0.016308,172.31.46.0-255,66,208411,44,298719
9926,0.018629,74.125.24.0-255,5738,214149,44,298719
9927,0.018637,172.31.46.0-255,66,214215,44,298719
9928,0.020975,74.125.24.0-255,5738,219953,44,298719
9929,0.020982,172.31.46.0-255,66,220019,44,298719
9930,0.023274,74.125.24.0-255,5738,225757,44,298719
9931,0.023294,172.31.46.0-255,66,225823,44,298719
9932,0.025589,74.125.24.0-255,5738,231561,44,298719
9933,0.025597,172.31.46.0-255,66,231627,44,298719
9934,0.027941,74.125.24.0-255,5738,237365,44,298719
9935,0.027948,172.31.46.0-255,66,237431,44,298719
9936,0.030253,74.125.24.0-255,5738,243169,44,298719
9937,0.03026,172.31.46.0-255,66,243235,44,298719
9938,0.032587,74.125.24.0-255,5738,248973,44,298719
9939,0.032595,172.31.46.0-255,66,249039,44,298719
9940,0.034896,74.125.24.0-255,5738,254777,44,298719
9941,0.034903,172.31.46.0-255,66,254843,44,298719
9942,0.035091,172.31.46.0-255,164,255007,44,298719
9943,0.03512,172.31.46.0-255,1123,256130,44,298719
9944,0.035252,172.31.46.0-255,1514,257644,44,298719
9945,0.035255,172.31.46.0-255,1514,259158,44,298719
9946,0.035256,172.31.46.0-255,1514,260672,44,298719
9947,0.035262,172.31.46.0-255,1514,262186,44,298719
9948,0.035263,172.31.46.0-255,1511,263697,44,298719
9949,0.036568,104.244.42.0-255,66,263763,44,298719
9950,0.036586,104.244.42.0-255,66,263829,44,298719
9951,0.036767,104.244.42.0-255,66,263895,44,298719
9952,0.037195,74.125.24.0-255,5738,269633,44,298719
9953,0.037202,172.31.46.0-255,66,269699,44,298719
9954,0.039514,74.125.24.0-255,5738,275437,44,298719
9955,0.039521,172.31.46.0-255,66,275503,44,298719
9956,0.041841,74.125.24.0-255,5738,281241,44,298719
9957,0.041849,172.31.46.0-255,66,281307,44,298719
9958,0.044145,74.125.24.0-255,5738,287045,44,298719
9959,0.044151,172.31.46.0-255,66,287111,44,298719
9960,0.046469,74.125.24.0-255,5738,292849,44,298719
9961,0.046477,172.31.46.0-255,66,292915,44,298719
9962,0.048784,74.125.24.0-255,5738,298653,44,298719
9963,0.04879,172.31.46.0-255,66,298719,44,298719
9964,0.0,74.125.130.0-255,148,148,44,309715
9965,2.1e-05,172.31.46.0-255,66,214,44,309715
9966,2.8e-05,74.125.130.0-255,1484,1698,44,309715
9967,3.4e-05,172.31.46.0-255,66,1764,44,309715
9968,4e-05,74.125.130.0-255,2902,4666,44,309715
9969,4.3e-05,172.31.46.0-255,66,4732,44,309715
9970,5.1e-05,74.125.130.0-255,7156,11888,44,309715
9971,5.5e-05,172.31.46.0-255,66,11954,44,309715
9972,6e-05,74.125.130.0-255,3461,15415,44,309715
9973,6.3e-05,172.31.46.0-255,66,15481,44,309715
9974,7e-05,74.125.130.0-255,4320,19801,44,309715
9975,7.3e-05,172.31.46.0-255,66,19867,44,309715
9976,7.8e-05,74.125.130.0-255,4320,24187,44,309715
9977,8.1e-05,172.31.46.0-255,66,24253,44,309715
9978,0.000114,74.125.130.0-255,5738,29991,44,309715
9979,0.000117,172.31.46.0-255,66,30057,44,309715
9980,0.00012,74.125.130.0-255,1125,31182,44,309715
9981,0.000122,172.31.46.0-255,66,31248,44,309715
9982,0.00018,74.125.130.0-255,1484,32732,44,309715
9983,0.000182,172.31.46.0-255,66,32798,44,309715
9984,0.000188,74.125.130.0-255,2902,35700,44,309715
9985,0.00019,172.31.46.0-255,66,35766,44,309715
9986,0.000215,74.125.130.0-255,4320,40086,44,309715
9987,0.000217,172.31.46.0-255,66,40152,44,309715
9988,0.00022,74.125.130.0-255,1484,41636,44,309715
9989,0.000222,172.31.46.0-255,66,41702,44,309715
9990,0.000245,172.31.46.0-255,66,41768,44,309715
9991,0.000295,74.125.130.0-255,7156,48924,44,309715
9992,0.000298,172.31.46.0-255,66,48990,44,309715
9993,0.000309,172.31.46.0-255,66,49056,44,309715
9994,0.000312,74.125.130.0-255,121,49177,44,309715
9995,0.000315,74.125.130.0-255,380,49557,44,309715
9996,0.000671,74.125.130.0-255,1484,51041,44,309715
9997,0.000677,172.31.46.0-255,66,51107,44,309715
9998,0.000683,74.125.130.0-255,2902,54009,44,309715
9999,0.000685,172.31.46.0-255,66,54075,44,309715
10000,0.000692,74.125.130.0-255,5738,59813,44,309715
10001,0.000695,172.31.46.0-255,66,59879,44,309715
10002,0.000729,172.31.46.0-255,66,59945,44,309715
10003,0.000741,172.31.46.0-255,66,60011,44,309715
10004,0.00076,74.125.130.0-255,5020,65031,44,309715
10005,0.000764,172.31.46.0-255,66,65097,44,309715
10006,0.001197,172.31.46.0-255,101,65198,44,309715
10007,0.001311,74.125.130.0-255,1484,66682,44,309715
10008,0.001333,74.125.130.0-255,2902,69584,44,309715
10009,0.001337,172.31.46.0-255,66,69650,44,309715
10010,0.001344,74.125.130.0-255,5738,75388,44,309715
10011,0.001346,172.31.46.0-255,66,75454,44,309715
10012,0.001384,172.31.46.0-255,66,75520,44,309715
10013,0.001389,74.125.130.0-255,2902,78422,44,309715
10014,0.001391,172.31.46.0-255,66,78488,44,309715
10015,0.001408,74.125.130.0-255,5738,84226,44,309715
10016,0.00141,172.31.46.0-255,66,84292,44,309715
10017,0.001435,74.125.130.0-255,2184,86476,44,309715
10018,0.001439,172.31.46.0-255,66,86542,44,309715
10019,0.001452,74.125.130.0-255,2902,89444,44,309715
10020,0.001455,172.31.46.0-255,66,89510,44,309715
10021,0.00147,74.125.130.0-255,5738,95248,44,309715
10022,0.001473,172.31.46.0-255,66,95314,44,309715
10023,0.001497,74.125.130.0-255,1484,96798,44,309715
10024,0.001503,74.125.130.0-255,5738,102536,44,309715
10025,0.001506,172.31.46.0-255,66,102602,44,309715
10026,0.001518,172.31.46.0-255,66,102668,44,309715
10027,0.001538,74.125.130.0-255,4320,106988,44,309715
10028,0.00154,172.31.46.0-255,66,107054,44,309715
10029,0.001545,74.125.130.0-255,3602,110656,44,309715
10030,0.001547,172.31.46.0-255,66,110722,44,309715
10031,0.001655,74.125.130.0-255,1484,112206,44,309715
10032,0.00166,74.125.130.0-255,2902,115108,44,309715
10033,0.001663,172.31.46.0-255,66,115174,44,309715
10034,0.001684,74.125.130.0-255,4320,119494,44,309715
10035,0.001687,172.31.46.0-255,66,119560,44,309715
10036,0.001692,74.125.130.0-255,4320,123880,44,309715
10037,0.001694,172.31.46.0-255,66,123946,44,309715
10038,0.001705,74.125.130.0-255,1484,125430,44,309715
10039,0.001708,74.125.130.0-255,1484,126914,44,309715
10040,0.00171,172.31.46.0-255,66,126980,44,309715
10041,0.001745,172.31.46.0-255,66,127046,44,309715
10042,0.001755,172.31.46.0-255,66,127112,44,309715
10043,0.001886,74.125.130.0-255,1484,128596,44,309715
10044,0.001894,74.125.130.0-255,2902,131498,44,309715
10045,0.001897,172.31.46.0-255,66,131564,44,309715
10046,0.001904,74.125.130.0-255,4320,135884,44,309715
10047,0.001906,172.31.46.0-255,66,135950,44,309715
10048,0.001912,74.125.130.0-255,5738,141688,44,309715
10049,0.001914,172.31.46.0-255,66,141754,44,309715
10050,0.001929,172.31.46.0-255,66,141820,44,309715
10051,0.001965,74.125.130.0-255,7156,148976,44,309715
10052,0.001968,172.31.46.0-255,66,149042,44,309715
10053,0.001986,74.125.130.0-255,766,149808,44,309715
10054,0.00205,74.125.130.0-255,1484,151292,44,309715
10055,0.002054,172.31.46.0-255,66,151358,44,309715
10056,0.002059,74.125.130.0-255,2902,154260,44,309715
10057,0.002061,172.31.46.0-255,66,154326,44,309715
10058,0.002064,74.125.130.0-255,1484,155810,44,309715
10059,0.00209,74.125.130.0-255,4320,160130,44,309715
10060,0.002094,172.31.46.0-255,66,160196,44,309715
10061,0.002099,74.125.130.0-255,4320,164516,44,309715
10062,0.002101,172.31.46.0-255,66,164582,44,309715
10063,0.002112,74.125.130.0-255,5738,170320,44,309715
10064,0.002115,172.31.46.0-255,66,170386,44,309715
10065,0.002121,74.125.130.0-255,4320,174706,44,309715
10066,0.002123,172.31.46.0-255,66,174772,44,309715
10067,0.002153,74.125.130.0-255,7156,181928,44,309715
10068,0.002157,172.31.46.0-255,66,181994,44,309715
10069,0.002161,74.125.130.0-255,2184,184178,44,309715
10070,0.002163,172.31.46.0-255,66,184244,44,309715
10071,0.003432,74.125.130.0-255,66,184310,44,309715
10072,0.00442,74.125.130.0-255,5738,190048,44,309715
10073,0.004429,172.31.46.0-255,66,190114,44,309715
10074,0.00671,74.125.130.0-255,5738,195852,44,309715
10075,0.006719,172.31.46.0-255,66,195918,44,309715
10076,0.008998,74.125.130.0-255,5738,201656,44,309715
10077,0.009009,172.31.46.0-255,66,201722,44,309715
10078,0.011284,74.125.130.0-255,5738,207460,44,309715
10079,0.011301,172.31.46.0-255,66,207526,44,309715
10080,0.013582,74.125.130.0-255,5738,213264,44,309715
10081,0.013597,172.31.46.0-255,66,213330,44,309715
10082,0.015883,74.125.130.0-255,5738,219068,44,309715
10083,0.015899,172.31.46.0-255,66,219134,44,309715
10084,0.01819,74.125.130.0-255,5738,224872,44,309715
10085,0.018209,172.31.46.0-255,66,224938,44,309715
10086,0.020523,74.125.130.0-255,5738,230676,44,309715
10087,0.020541,172.31.46.0-255,66,230742,44,309715
10088,0.022827,74.125.130.0-255,5738,236480,44,309715
10089,0.022839,172.31.46.0-255,66,236546,44,309715
10090,0.025118,74.125.130.0-255,5738,242284,44,309715
10091,0.02513,172.31.46.0-255,66,242350,44,309715
10092,0.027423,74.125.130.0-255,5738,248088,44,309715
10093,0.027455,172.31.46.0-255,66,248154,44,309715
10094,0.029749,74.125.130.0-255,5738,253892,44,309715
10095,0.029765,172.31.46.0-255,66,253958,44,309715
10096,0.03207,74.125.130.0-255,5738,259696,44,309715
10097,0.03209,172.31.46.0-255,66,259762,44,309715
10098,0.034384,74.125.130.0-255,5738,265500,44,309715
10099,0.034401,172.31.46.0-255,66,265566,44,309715
10100,0.036695,74.125.130.0-255,5738,271304,44,309715
10101,0.036705,172.31.46.0-255,66,271370,44,309715
10102,0.038981,74.125.130.0-255,5738,277108,44,309715
10103,0.038991,172.31.46.0-255,66,277174,44,309715
10104,0.041261,74.125.130.0-255,5738,282912,44,309715
10105,0.041269,172.31.46.0-255,66,282978,44,309715
10106,0.041926,172.31.46.0-255,172,283150,44,309715
10107,0.041955,172.31.46.0-255,1114,284264,44,309715
10108,0.042026,172.31.46.0-255,1514,285778,44,309715
10109,0.042028,172.31.46.0-255,1514,287292,44,309715
10110,0.042035,172.31.46.0-255,1514,288806,44,309715
10111,0.042036,172.31.46.0-255,1514,290320,44,309715
10112,0.042053,172.31.46.0-255,1514,291834,44,309715
10113,0.042054,172.31.46.0-255,73,291907,44,309715
10114,0.043477,104.244.42.0-255,66,291973,44,309715
10115,0.043488,104.244.42.0-255,66,292039,44,309715
10116,0.043531,74.125.130.0-255,2902,294941,44,309715
10117,0.04354,172.31.46.0-255,66,295007,44,309715
10118,0.043555,74.125.130.0-255,2902,297909,44,309715
10119,0.043559,172.31.46.0-255,66,297975,44,309715
10120,0.043594,104.244.42.0-255,66,298041,44,309715
10121,0.043599,104.244.42.0-255,66,298107,44,309715
10122,0.045813,74.125.130.0-255,5738,303845,44,309715
10123,0.045821,172.31.46.0-255,66,303911,44,309715
10124,0.048106,74.125.130.0-255,5738,309649,44,309715
10125,0.048124,172.31.46.0-255,66,309715,44,309715
10126,0.0,172.217.194.0-255,146,146,44,153091
10127,2.3e-05,172.31.46.0-255,66,212,44,153091
10128,3e-05,172.217.194.0-255,1484,1696,44,153091
10129,3.4e-05,172.31.46.0-255,66,1762,44,153091
10130,3.9e-05,172.217.194.0-255,2902,4664,44,153091
10131,4.2e-05,172.31.46.0-255,66,4730,44,153091
10132,4.9e-05,172.217.194.0-255,7156,11886,44,153091
10133,5.3e-05,172.31.46.0-255,66,11952,44,153091
10134,6e-05,172.217.194.0-255,6364,18316,44,153091
10135,6.3e-05,172.31.46.0-255,66,18382,44,153091
10136,0.000106,172.217.194.0-255,4320,22702,44,153091
10137,0.000109,172.31.46.0-255,66,22768,44,153091
10138,0.000137,172.31.46.0-255,66,22834,44,153091
10139,0.000155,172.217.194.0-255,4320,27154,44,153091
10140,0.000157,172.31.46.0-255,66,27220,44,153091
10141,0.000179,172.217.194.0-255,7156,34376,44,153091
10142,0.000181,172.31.46.0-255,66,34442,44,153091
10143,0.000194,172.31.46.0-255,66,34508,44,153091
10144,0.000215,172.217.194.0-255,2902,37410,44,153091
10145,0.000218,172.31.46.0-255,66,37476,44,153091
10146,0.000242,172.217.194.0-255,7071,44547,44,153091
10147,0.000244,172.31.46.0-255,66,44613,44,153091
10148,0.000247,172.217.194.0-255,435,45048,44,153091
10149,0.000249,172.31.46.0-255,66,45114,44,153091
10150,0.000385,172.217.194.0-255,1484,46598,44,153091
10151,0.000389,172.31.46.0-255,66,46664,44,153091
10152,0.000394,172.217.194.0-255,2902,49566,44,153091
10153,0.000397,172.31.46.0-255,66,49632,44,153091
10154,0.0004,172.217.194.0-255,1484,51116,44,153091
10155,0.000403,172.31.46.0-255,66,51182,44,153091
10156,0.000443,172.217.194.0-255,4320,55502,44,153091
10157,0.000461,172.217.194.0-255,5738,61240,44,153091
10158,0.000481,172.217.194.0-255,5020,66260,44,153091
10159,0.000523,172.217.194.0-255,2902,69162,44,153091
10160,0.000596,172.217.194.0-255,5738,74900,44,153091
10161,0.000611,172.217.194.0-255,4320,79220,44,153091
10162,0.000692,172.217.194.0-255,5020,84240,44,153091
10163,0.000716,172.217.194.0-255,2902,87142,44,153091
10164,0.000736,172.217.194.0-255,4320,91462,44,153091
10165,0.00075,172.217.194.0-255,2902,94364,44,153091
10166,0.000787,172.217.194.0-255,766,95130,44,153091
10167,0.000819,172.217.194.0-255,1484,96614,44,153091
10168,0.000823,172.217.194.0-255,1484,98098,44,153091
10169,0.000838,172.217.194.0-255,1484,99582,44,153091
10170,0.000845,172.217.194.0-255,5738,105320,44,153091
10171,0.000877,172.217.194.0-255,4320,109640,44,153091
10172,0.000922,172.217.194.0-255,2184,111824,44,153091
10173,0.000955,172.31.46.0-255,66,111890,44,153091
10174,0.001027,172.217.194.0-255,1484,113374,44,153091
10175,0.001033,172.217.194.0-255,2902,116276,44,153091
10176,0.00104,172.217.194.0-255,5738,122014,44,153091
10177,0.001097,172.31.46.0-255,66,122080,44,153091
10178,0.001124,172.217.194.0-255,766,122846,44,153091
10179,0.00113,172.31.46.0-255,66,122912,44,153091
10180,0.001199,172.217.194.0-255,1484,124396,44,153091
10181,0.001205,172.217.194.0-255,2902,127298,44,153091
10182,0.001211,172.31.46.0-255,66,127364,44,153091
10183,0.001222,172.217.194.0-255,5738,133102,44,153091
10184,0.001228,172.217.194.0-255,5738,138840,44,153091
10185,0.001238,172.31.46.0-255,66,138906,44,153091
10186,0.001242,172.217.194.0-255,1484,140390,44,153091
10187,0.001287,172.217.194.0-255,2902,143292,44,153091
10188,0.00129,172.31.46.0-255,66,143358,44,153091
10189,0.001315,172.31.46.0-255,66,143424,44,153091
10190,0.001415,172.31.46.0-255,66,143490,44,153091
10191,0.001436,172.217.194.0-255,5738,149228,44,153091
10192,0.001464,172.31.46.0-255,66,149294,44,153091
10193,0.001509,172.31.46.0-255,66,149360,44,153091
10194,0.001512,172.217.194.0-255,1339,150699,44,153091
10195,0.001528,172.217.194.0-255,105,150804,44,153091
10196,0.004353,172.31.46.0-255,66,150870,44,153091
10197,0.004389,172.31.46.0-255,105,150975,44,153091
10198,0.006875,172.217.194.0-255,66,151041,44,153091
10199,0.036965,172.31.46.0-255,172,151213,44,153091
10200,0.037,172.31.46.0-255,1114,152327,44,153091
10201,0.037057,172.31.46.0-255,566,152893,44,153091
10202,0.038444,104.244.42.0-255,66,152959,44,153091
10203,0.038472,104.244.42.0-255,66,153025,44,153091
10204,0.038532,104.244.42.0-255,66,153091,44,153091
10205,0.0,74.125.200.0-255,293,293,44,357108
10206,2.2e-05,172.31.46.0-255,66,359,44,357108
10207,2.7e-05,74.125.200.0-255,1484,1843,44,357108
10208,3.1e-05,172.31.46.0-255,66,1909,44,357108
10209,3.7e-05,74.125.200.0-255,4320,6229,44,357108
10210,4e-05,172.31.46.0-255,66,6295,44,357108
10211,5.9e-05,74.125.200.0-255,1484,7779,44,357108
10212,6.1e-05,172.31.46.0-255,66,7845,44,357108
10213,8.4e-05,74.125.200.0-255,4320,12165,44,357108
10214,8.6e-05,172.31.46.0-255,66,12231,44,357108
10215,9.3e-05,74.125.200.0-255,6113,18344,44,357108
10216,9.5e-05,172.31.46.0-255,66,18410,44,357108
10217,9.8e-05,74.125.200.0-255,1484,19894,44,357108
10218,9.9e-05,172.31.46.0-255,66,19960,44,357108
10219,0.000121,74.125.200.0-255,7156,27116,44,357108
10220,0.000123,172.31.46.0-255,66,27182,44,357108
10221,0.000154,74.125.200.0-255,3961,31143,44,357108
10222,0.000156,172.31.46.0-255,66,31209,44,357108
10223,0.00021,74.125.200.0-255,1484,32693,44,357108
10224,0.000213,172.31.46.0-255,66,32759,44,357108
10225,0.000231,74.125.200.0-255,2902,35661,44,357108
10226,0.000233,172.31.46.0-255,66,35727,44,357108
10227,0.000248,74.125.200.0-255,2902,38629,44,357108
10228,0.00025,172.31.46.0-255,66,38695,44,357108
10229,0.000267,74.125.200.0-255,2902,41597,44,357108
10230,0.000269,172.31.46.0-255,66,41663,44,357108
10231,0.000296,74.125.200.0-255,7156,48819,44,357108
10232,0.000299,172.31.46.0-255,66,48885,44,357108
10233,0.000302,74.125.200.0-255,2902,51787,44,357108
10234,0.000305,172.31.46.0-255,66,51853,44,357108
10235,0.000319,74.125.200.0-255,4320,56173,44,357108
10236,0.000322,172.31.46.0-255,66,56239,44,357108
10237,0.000332,74.125.200.0-255,1484,57723,44,357108
10238,0.000347,74.125.200.0-255,4320,62043,44,357108
10239,0.000349,172.31.46.0-255,66,62109,44,357108
10240,0.000361,74.125.200.0-255,2902,65011,44,357108
10241,0.000363,172.31.46.0-255,66,65077,44,357108
10242,0.000366,74.125.200.0-255,766,65843,44,357108
10243,0.000772,74.125.200.0-255,400,66243,44,357108
10244,0.00094,172.31.46.0-255,66,66309,44,357108
10245,0.0011,74.125.200.0-255,109,66418,44,357108
10246,0.00114,74.125.200.0-255,1484,67902,44,357108
10247,0.001144,172.31.46.0-255,66,67968,44,357108
10248,0.001148,74.125.200.0-255,1484,69452,44,357108
10249,0.001176,74.125.200.0-255,2902,72354,44,357108
10250,0.00118,172.31.46.0-255,66,72420,44,357108
10251,0.001186,74.125.200.0-255,5738,78158,44,357108
10252,0.001187,172.31.46.0-255,66,78224,44,357108
10253,0.001216,74.125.200.0-255,1484,79708,44,357108
10254,0.001239,172.31.46.0-255,66,79774,44,357108
10255,0.001259,74.125.200.0-255,5738,85512,44,357108
10256,0.001262,172.31.46.0-255,66,85578,44,357108
10257,0.00128,74.125.200.0-255,5738,91316,44,357108
10258,0.001282,172.31.46.0-255,66,91382,44,357108
10259,0.001285,74.125.200.0-255,766,92148,44,357108
10260,0.001409,74.125.200.0-255,1484,93632,44,357108
10261,0.001413,172.31.46.0-255,66,93698,44,357108
10262,0.001418,74.125.200.0-255,2902,96600,44,357108
10263,0.00142,172.31.46.0-255,66,96666,44,357108
10264,0.00144,74.125.200.0-255,2902,99568,44,357108
10265,0.001442,172.31.46.0-255,66,99634,44,357108
10266,0.001453,74.125.200.0-255,2902,102536,44,357108
10267,0.001455,172.31.46.0-255,66,102602,44,357108
10268,0.001464,74.125.200.0-255,1484,104086,44,357108
10269,0.001481,74.125.200.0-255,4320,108406,44,357108
10270,0.001483,172.31.46.0-255,66,108472,44,357108
10271,0.001503,74.125.200.0-255,7156,115628,44,357108
10272,0.001505,172.31.46.0-255,66,115694,44,357108
10273,0.001523,74.125.200.0-255,4320,120014,44,357108
10274,0.001525,172.31.46.0-255,66,120080,44,357108
10275,0.001528,74.125.200.0-255,1484,121564,44,357108
10276,0.001544,74.125.200.0-255,4320,125884,44,357108
10277,0.001546,172.31.46.0-255,66,125950,44,357108
10278,0.001572,74.125.200.0-255,2184,128134,44,357108
10279,0.001575,172.31.46.0-255,66,128200,44,357108
10280,0.001579,74.125.200.0-255,2902,131102,44,357108
10281,0.001581,172.31.46.0-255,66,131168,44,357108
10282,0.001607,74.125.200.0-255,7156,138324,44,357108
10283,0.00161,172.31.46.0-255,66,138390,44,357108
10284,0.001613,74.125.200.0-255,1484,139874,44,357108
10285,0.001627,74.125.200.0-255,1484,141358,44,357108
10286,0.001629,172.31.46.0-255,66,141424,44,357108
10287,0.001644,74.125.200.0-255,4320,145744,44,357108
10288,0.001646,172.31.46.0-255,66,145810,44,357108
10289,0.001675,74.125.200.0-255,2902,148712,44,357108
10290,0.001678,172.31.46.0-255,66,148778,44,357108
10291,0.001698,74.125.200.0-255,5738,154516,44,357108
10292,0.0017,172.31.46.0-255,66,154582,44,357108
10293,0.00173,74.125.200.0-255,4320,158902,44,357108
10294,0.001732,172.31.46.0-255,66,158968,44,357108
10295,0.001747,74.125.200.0-255,2184,161152,44,357108
10296,0.00175,172.31.46.0-255,66,161218,44,357108
10297,0.001754,74.125.200.0-255,2902,164120,44,357108
10298,0.001756,172.31.46.0-255,66,164186,44,357108
10299,0.00178,74.125.200.0-255,4320,168506,44,357108
10300,0.001783,172.31.46.0-255,66,168572,44,357108
10301,0.001788,74.125.200.0-255,4320,172892,44,357108
10302,0.00179,172.31.46.0-255,66,172958,44,357108
10303,0.001803,74.125.200.0-255,1484,174442,44,357108
10304,0.00181,74.125.200.0-255,7156,181598,44,357108
10305,0.001812,172.31.46.0-255,66,181664,44,357108
10306,0.001825,74.125.200.0-255,1484,183148,44,357108
10307,0.001843,74.125.200.0-255,4320,187468,44,357108
10308,0.001847,172.31.46.0-255,66,187534,44,357108
10309,0.001852,74.125.200.0-255,4320,191854,44,357108
10310,0.001854,172.31.46.0-255,66,191920,44,357108
10311,0.001868,74.125.200.0-255,2902,194822,44,357108
10312,0.001869,172.31.46.0-255,66,194888,44,357108
10313,0.001872,74.125.200.0-255,766,195654,44,357108
10314,0.001897,74.125.200.0-255,1484,197138,44,357108
10315,0.0019,172.31.46.0-255,66,197204,44,357108
10316,0.001929,74.125.200.0-255,1484,198688,44,357108
10317,0.001935,74.125.200.0-255,2902,201590,44,357108
10318,0.001938,172.31.46.0-255,66,201656,44,357108
10319,0.001953,74.125.200.0-255,2902,204558,44,357108
10320,0.001974,74.125.200.0-255,2902,207460,44,357108
10321,0.001978,74.125.200.0-255,4320,211780,44,357108
10322,0.00199,74.125.200.0-255,1484,213264,44,357108
10323,0.002006,74.125.200.0-255,4320,217584,44,357108
10324,0.002024,74.125.200.0-255,2902,220486,44,357108
10325,0.002046,74.125.200.0-255,4320,224806,44,357108
10326,0.002063,74.125.200.0-255,5020,229826,44,357108
10327,0.006088,172.31.46.0-255,66,229892,44,357108
10328,0.008134,74.125.200.0-255,5738,235630,44,357108
10329,0.008142,172.31.46.0-255,66,235696,44,357108
10330,0.010194,74.125.200.0-255,2902,238598,44,357108
10331,0.0102,172.31.46.0-255,66,238664,44,357108
10332,0.010216,74.125.200.0-255,2902,241566,44,357108
10333,0.010218,172.31.46.0-255,66,241632,44,357108
10334,0.012288,74.125.200.0-255,5738,247370,44,357108
10335,0.012294,172.31.46.0-255,66,247436,44,357108
10336,0.014338,74.125.200.0-255,5738,253174,44,357108
10337,0.014345,172.31.46.0-255,66,253240,44,357108
10338,0.016405,74.125.200.0-255,5738,258978,44,357108
10339,0.016413,172.31.46.0-255,66,259044,44,357108
10340,0.018464,74.125.200.0-255,5738,264782,44,357108
10341,0.018473,172.31.46.0-255,66,264848,44,357108
10342,0.020519,74.125.200.0-255,5738,270586,44,357108
10343,0.020526,172.31.46.0-255,66,270652,44,357108
10344,0.022572,74.125.200.0-255,4320,274972,44,357108
10345,0.022578,172.31.46.0-255,66,275038,44,357108
10346,0.022596,74.125.200.0-255,1484,276522,44,357108
10347,0.02462,74.125.200.0-255,4320,280842,44,357108
10348,0.024626,172.31.46.0-255,66,280908,44,357108
10349,0.026673,74.125.200.0-255,4320,285228,44,357108
10350,0.02668,172.31.46.0-255,66,285294,44,357108
10351,0.026697,74.125.200.0-255,1484,286778,44,357108
10352,0.028731,74.125.200.0-255,4320,291098,44,357108
10353,0.028739,172.31.46.0-255,66,291164,44,357108
10354,0.03079,74.125.200.0-255,5738,296902,44,357108
10355,0.030796,172.31.46.0-255,66,296968,44,357108
10356,0.032848,74.125.200.0-255,5738,302706,44,357108
10357,0.032861,172.31.46.0-255,66,302772,44,357108
10358,0.03492,74.125.200.0-255,5738,308510,44,357108
10359,0.034927,172.31.46.0-255,66,308576,44,357108
10360,0.035987,172.31.46.0-255,172,308748,44,357108
10361,0.036017,172.31.46.0-255,1114,309862,44,357108
10362,0.036068,172.31.46.0-255,1514,311376,44,357108
10363,0.036069,172.31.46.0-255,1514,312890,44,357108
10364,0.03607,172.31.46.0-255,1514,314404,44,357108
10365,0.036071,172.31.46.0-255,1514,315918,44,357108
10366,0.036099,172.31.46.0-255,1514,317432,44,357108
10367,0.0361,172.31.46.0-255,70,317502,44,357108
10368,0.036975,74.125.200.0-255,4320,321822,44,357108
10369,0.036983,172.31.46.0-255,66,321888,44,357108
10370,0.037003,74.125.200.0-255,1484,323372,44,357108
10371,0.037527,104.244.42.0-255,66,323438,44,357108
10372,0.037564,104.244.42.0-255,66,323504,44,357108
10373,0.037707,104.244.42.0-255,66,323570,44,357108
10374,0.037714,104.244.42.0-255,66,323636,44,357108
10375,0.037717,104.244.42.0-255,66,323702,44,357108
10376,0.039041,74.125.200.0-255,4320,328022,44,357108
10377,0.039048,172.31.46.0-255,66,328088,44,357108
10378,0.041106,74.125.200.0-255,5738,333826,44,357108
10379,0.041112,172.31.46.0-255,66,333892,44,357108
10380,0.043151,74.125.200.0-255,5738,339630,44,357108
10381,0.043156,172.31.46.0-255,66,339696,44,357108
10382,0.045207,74.125.200.0-255,5738,345434,44,357108
10383,0.045213,172.31.46.0-255,66,345500,44,357108
10384,0.047248,74.125.200.0-255,5738,351238,44,357108
10385,0.047253,172.31.46.0-255,66,351304,44,357108
10386,0.049307,74.125.200.0-255,5738,357042,44,357108
10387,0.049314,172.31.46.0-255,66,357108,44,357108
10388,0.0,74.125.24.0-255,150,150,44,242267
10389,1.4e-05,172.31.46.0-255,66,216,44,242267
10390,2e-05,74.125.24.0-255,1484,1700,44,242267
10391,2.5e-05,172.31.46.0-255,66,1766,44,242267
10392,3.1e-05,74.125.24.0-255,2902,4668,44,242267
10393,4.3e-05,172.31.46.0-255,66,4734,44,242267
10394,5.1e-05,74.125.24.0-255,7156,11890,44,242267
10395,5.4e-05,172.31.46.0-255,66,11956,44,242267
10396,5.9e-05,74.125.24.0-255,1979,13935,44,242267
10397,6.3e-05,172.31.46.0-255,66,14001,44,242267
10398,0.000513,74.125.24.0-255,1484,15485,44,242267
10399,0.00052,172.31.46.0-255,66,15551,44,242267
10400,0.000527,74.125.24.0-255,2902,18453,44,242267
10401,0.00053,172.31.46.0-255,66,18519,44,242267
10402,0.000542,74.125.24.0-255,5738,24257,44,242267
10403,0.000544,172.31.46.0-255,66,24323,44,242267
10404,0.000589,74.125.24.0-255,5738,30061,44,242267
10405,0.000593,172.31.46.0-255,66,30127,44,242267
10406,0.00062,74.125.24.0-255,5379,35506,44,242267
10407,0.000624,172.31.46.0-255,66,35572,44,242267
10408,0.00063,74.125.24.0-255,5738,41310,44,242267
10409,0.000632,172.31.46.0-255,66,41376,44,242267
10410,0.00066,74.125.24.0-255,5738,47114,44,242267
10411,0.000663,172.31.46.0-255,66,47180,44,242267
10412,0.000684,74.125.24.0-255,1125,48305,44,242267
10413,0.000687,172.31.46.0-255,66,48371,44,242267
10414,0.001092,74.125.24.0-255,1484,49855,44,242267
10415,0.001099,172.31.46.0-255,66,49921,44,242267
10416,0.001105,74.125.24.0-255,2902,52823,44,242267
10417,0.001108,172.31.46.0-255,66,52889,44,242267
10418,0.001121,74.125.24.0-255,5738,58627,44,242267
10419,0.001124,172.31.46.0-255,66,58693,44,242267
10420,0.001129,74.125.24.0-255,4320,63013,44,242267
10421,0.001131,172.31.46.0-255,66,63079,44,242267
10422,0.001197,172.31.46.0-255,66,63145,44,242267
10423,0.001232,172.31.46.0-255,66,63211,44,242267
10424,0.001283,74.125.24.0-255,2902,66113,44,242267
10425,0.001287,172.31.46.0-255,66,66179,44,242267
10426,0.00132,172.31.46.0-255,66,66245,44,242267
10427,0.001323,74.125.24.0-255,647,66892,44,242267
10428,0.001668,74.125.24.0-255,1484,68376,44,242267
10429,0.001673,172.31.46.0-255,66,68442,44,242267
10430,0.00168,74.125.24.0-255,2902,71344,44,242267
10431,0.001682,172.31.46.0-255,66,71410,44,242267
10432,0.001694,74.125.24.0-255,5738,77148,44,242267
10433,0.001696,172.31.46.0-255,66,77214,44,242267
10434,0.001733,74.125.24.0-255,7156,84370,44,242267
10435,0.001736,172.31.46.0-255,66,84436,44,242267
10436,0.001765,74.125.24.0-255,5738,90174,44,242267
10437,0.001768,172.31.46.0-255,66,90240,44,242267
10438,0.001784,74.125.24.0-255,1484,91724,44,242267
10439,0.001791,74.125.24.0-255,5738,97462,44,242267
10440,0.001795,172.31.46.0-255,66,97528,44,242267
10441,0.001815,74.125.24.0-255,3602,101130,44,242267
10442,0.001818,172.31.46.0-255,66,101196,44,242267
10443,0.0038,74.125.24.0-255,2902,104098,44,242267
10444,0.003807,172.31.46.0-255,66,104164,44,242267
10445,0.003839,74.125.24.0-255,2902,107066,44,242267
10446,0.003842,172.31.46.0-255,66,107132,44,242267
10447,0.005784,74.125.24.0-255,2902,110034,44,242267
10448,0.005789,172.31.46.0-255,66,110100,44,242267
10449,0.005809,74.125.24.0-255,2902,113002,44,242267
10450,0.005811,172.31.46.0-255,66,113068,44,242267
10451,0.007794,74.125.24.0-255,2902,115970,44,242267
10452,0.007801,172.31.46.0-255,66,116036,44,242267
10453,0.007829,74.125.24.0-255,2902,118938,44,242267
10454,0.007832,172.31.46.0-255,66,119004,44,242267
10455,0.009807,74.125.24.0-255,2902,121906,44,242267
10456,0.009814,172.31.46.0-255,66,121972,44,242267
10457,0.009845,74.125.24.0-255,2902,124874,44,242267
10458,0.009848,172.31.46.0-255,66,124940,44,242267
10459,0.011831,74.125.24.0-255,2902,127842,44,242267
10460,0.011839,172.31.46.0-255,66,127908,44,242267
10461,0.011868,74.125.24.0-255,2902,130810,44,242267
10462,0.011871,172.31.46.0-255,66,130876,44,242267
10463,0.013838,74.125.24.0-255,2902,133778,44,242267
10464,0.013845,172.31.46.0-255,66,133844,44,242267
10465,0.013877,74.125.24.0-255,2902,136746,44,242267
10466,0.01388,172.31.46.0-255,66,136812,44,242267
10467,0.015834,74.125.24.0-255,2902,139714,44,242267
10468,0.01584,172.31.46.0-255,66,139780,44,242267
10469,0.015869,74.125.24.0-255,2902,142682,44,242267
10470,0.015871,172.31.46.0-255,66,142748,44,242267
10471,0.01787,74.125.24.0-255,4320,147068,44,242267
10472,0.017877,172.31.46.0-255,66,147134,44,242267
10473,0.017906,74.125.24.0-255,1484,148618,44,242267
10474,0.019889,74.125.24.0-255,4320,152938,44,242267
10475,0.019896,172.31.46.0-255,66,153004,44,242267
10476,0.021911,74.125.24.0-255,5738,158742,44,242267
10477,0.021919,172.31.46.0-255,66,158808,44,242267
10478,0.023921,74.125.24.0-255,5738,164546,44,242267
10479,0.023929,172.31.46.0-255,66,164612,44,242267
10480,0.025949,74.125.24.0-255,4320,168932,44,242267
10481,0.025957,172.31.46.0-255,66,168998,44,242267
10482,0.025985,74.125.24.0-255,1484,170482,44,242267
10483,0.027952,74.125.24.0-255,4320,174802,44,242267
10484,0.027958,172.31.46.0-255,66,174868,44,242267
10485,0.029969,74.125.24.0-255,5738,180606,44,242267
10486,0.029976,172.31.46.0-255,66,180672,44,242267
10487,0.03196,74.125.24.0-255,5738,186410,44,242267
10488,0.031966,172.31.46.0-255,66,186476,44,242267
10489,0.032818,172.31.46.0-255,167,186643,44,242267
10490,0.032847,172.31.46.0-255,1113,187756,44,242267
10491,0.032923,172.31.46.0-255,1514,189270,44,242267
10492,0.032925,172.31.46.0-255,1514,190784,44,242267
10493,0.032926,172.31.46.0-255,1514,192298,44,242267
10494,0.032927,172.31.46.0-255,1514,193812,44,242267
10495,0.032953,172.31.46.0-255,1514,195326,44,242267
10496,0.032954,172.31.46.0-255,71,195397,44,242267
10497,0.033995,74.125.24.0-255,5738,201135,44,242267
10498,0.034001,172.31.46.0-255,66,201201,44,242267
10499,0.03434,104.244.42.0-255,66,201267,44,242267
10500,0.034388,104.244.42.0-255,66,201333,44,242267
10501,0.034513,104.244.42.0-255,66,201399,44,242267
10502,0.034519,104.244.42.0-255,66,201465,44,242267
10503,0.035629,104.244.42.0-255,108,201573,44,242267
10504,0.035637,172.31.46.0-255,66,201639,44,242267
10505,0.035997,74.125.24.0-255,5738,207377,44,242267
10506,0.036001,172.31.46.0-255,66,207443,44,242267
10507,0.038009,74.125.24.0-255,5738,213181,44,242267
10508,0.038016,172.31.46.0-255,66,213247,44,242267
10509,0.040072,74.125.24.0-255,5738,218985,44,242267
10510,0.040076,172.31.46.0-255,66,219051,44,242267
10511,0.042097,74.125.24.0-255,5738,224789,44,242267
10512,0.042104,172.31.46.0-255,66,224855,44,242267
10513,0.044121,74.125.24.0-255,5738,230593,44,242267
10514,0.044127,172.31.46.0-255,66,230659,44,242267
10515,0.04614,74.125.24.0-255,5738,236397,44,242267
10516,0.046147,172.31.46.0-255,66,236463,44,242267
10517,0.048144,74.125.24.0-255,5738,242201,44,242267
10518,0.04815,172.31.46.0-255,66,242267,44,242267
10519,0.0,172.217.27.0-255,150,150,44,314669
10520,2.4e-05,172.31.46.0-255,66,216,44,314669
10521,3.1e-05,172.217.27.0-255,1484,1700,44,314669
10522,3.6e-05,172.31.46.0-255,66,1766,44,314669
10523,4.1e-05,172.217.27.0-255,2902,4668,44,314669
10524,4.4e-05,172.31.46.0-255,66,4734,44,314669
10525,4.9e-05,172.217.27.0-255,2902,7636,44,314669
10526,5.3e-05,172.31.46.0-255,66,7702,44,314669
10527,5.9e-05,172.217.27.0-255,4320,12022,44,314669
10528,6.2e-05,172.31.46.0-255,66,12088,44,314669
10529,7.8e-05,172.217.27.0-255,2084,14172,44,314669
10530,8.2e-05,172.31.46.0-255,66,14238,44,314669
10531,0.000196,172.217.27.0-255,1484,15722,44,314669
10532,0.000199,172.31.46.0-255,66,15788,44,314669
10533,0.000203,172.217.27.0-255,1484,17272,44,314669
10534,0.000205,172.31.46.0-255,66,17338,44,314669
10535,0.00022,172.217.27.0-255,1484,18822,44,314669
10536,0.000222,172.31.46.0-255,66,18888,44,314669
10537,0.000227,172.217.27.0-255,2902,21790,44,314669
10538,0.000229,172.31.46.0-255,66,21856,44,314669
10539,0.000235,172.217.27.0-255,4320,26176,44,314669
10540,0.000237,172.31.46.0-255,66,26242,44,314669
10541,0.00026,172.217.27.0-255,2902,29144,44,314669
10542,0.000262,172.31.46.0-255,66,29210,44,314669
10543,0.000281,172.217.27.0-255,2543,31753,44,314669
10544,0.000284,172.31.46.0-255,66,31819,44,314669
10545,0.000287,172.217.27.0-255,1484,33303,44,314669
10546,0.000288,172.31.46.0-255,66,33369,44,314669
10547,0.000294,172.217.27.0-255,2902,36271,44,314669
10548,0.000296,172.31.46.0-255,66,36337,44,314669
10549,0.000303,172.217.27.0-255,5738,42075,44,314669
10550,0.000305,172.31.46.0-255,66,42141,44,314669
10551,0.000309,172.217.27.0-255,1484,43625,44,314669
10552,0.000332,172.217.27.0-255,1484,45109,44,314669
10553,0.000334,172.31.46.0-255,66,45175,44,314669
10554,0.000337,172.217.27.0-255,1484,46659,44,314669
10555,0.000342,172.217.27.0-255,2543,49202,44,314669
10556,0.000344,172.31.46.0-255,66,49268,44,314669
10557,0.000379,172.217.27.0-255,1484,50752,44,314669
10558,0.000402,172.217.27.0-255,1484,52236,44,314669
10559,0.000405,172.31.46.0-255,66,52302,44,314669
10560,0.000423,172.217.27.0-255,1484,53786,44,314669
10561,0.00043,172.217.27.0-255,5738,59524,44,314669
10562,0.000432,172.31.46.0-255,66,59590,44,314669
10563,0.00044,172.217.27.0-255,7066,66656,44,314669
10564,0.000442,172.31.46.0-255,66,66722,44,314669
10565,0.000777,172.217.27.0-255,385,67107,44,314669
10566,0.001239,172.217.27.0-255,1484,68591,44,314669
10567,0.001245,172.31.46.0-255,66,68657,44,314669
10568,0.001252,172.217.27.0-255,2902,71559,44,314669
10569,0.001255,172.31.46.0-255,66,71625,44,314669
10570,0.001259,172.217.27.0-255,2902,74527,44,314669
10571,0.001261,172.31.46.0-255,66,74593,44,314669
10572,0.001276,172.217.27.0-255,2902,77495,44,314669
10573,0.001278,172.31.46.0-255,66,77561,44,314669
10574,0.001283,172.217.27.0-255,2902,80463,44,314669
10575,0.001285,172.31.46.0-255,66,80529,44,314669
10576,0.001308,172.217.27.0-255,3961,84490,44,314669
10577,0.001312,172.31.46.0-255,66,84556,44,314669
10578,0.001335,172.217.27.0-255,7156,91712,44,314669
10579,0.001339,172.31.46.0-255,66,91778,44,314669
10580,0.001369,172.217.27.0-255,4320,96098,44,314669
10581,0.001372,172.31.46.0-255,66,96164,44,314669
10582,0.001391,172.217.27.0-255,4320,100484,44,314669
10583,0.001393,172.31.46.0-255,66,100550,44,314669
10584,0.001396,172.217.27.0-255,1125,101675,44,314669
10585,0.001512,172.217.27.0-255,1484,103159,44,314669
10586,0.001517,172.31.46.0-255,66,103225,44,314669
10587,0.001527,172.217.27.0-255,2902,106127,44,314669
10588,0.00153,172.31.46.0-255,66,106193,44,314669
10589,0.001537,172.217.27.0-255,5738,111931,44,314669
10590,0.001539,172.31.46.0-255,66,111997,44,314669
10591,0.001569,172.217.27.0-255,7156,119153,44,314669
10592,0.001576,172.217.27.0-255,5738,124891,44,314669
10593,0.001581,172.31.46.0-255,66,124957,44,314669
10594,0.001588,172.31.46.0-255,66,125023,44,314669
10595,0.001599,172.31.46.0-255,66,125089,44,314669
10596,0.001604,172.217.27.0-255,2184,127273,44,314669
10597,0.001606,172.31.46.0-255,66,127339,44,314669
10598,0.001659,172.217.27.0-255,1484,128823,44,314669
10599,0.001663,172.217.27.0-255,1484,130307,44,314669
10600,0.001666,172.31.46.0-255,66,130373,44,314669
10601,0.001684,172.217.27.0-255,1484,131857,44,314669
10602,0.001691,172.217.27.0-255,5738,137595,44,314669
10603,0.001694,172.31.46.0-255,66,137661,44,314669
10604,0.001697,172.217.27.0-255,1484,139145,44,314669
10605,0.001717,172.217.27.0-255,5738,144883,44,314669
10606,0.00172,172.31.46.0-255,66,144949,44,314669
10607,0.003376,172.217.27.0-255,5738,150687,44,314669
10608,0.003383,172.31.46.0-255,66,150753,44,314669
10609,0.005102,172.217.27.0-255,2902,153655,44,314669
10610,0.005106,172.31.46.0-255,66,153721,44,314669
10611,0.005128,172.217.27.0-255,2902,156623,44,314669
10612,0.00513,172.31.46.0-255,66,156689,44,314669
10613,0.006756,172.217.27.0-255,2902,159591,44,314669
10614,0.006759,172.31.46.0-255,66,159657,44,314669
10615,0.00678,172.217.27.0-255,2902,162559,44,314669
10616,0.006782,172.31.46.0-255,66,162625,44,314669
10617,0.008433,172.217.27.0-255,5738,168363,44,314669
10618,0.008441,172.31.46.0-255,66,168429,44,314669
10619,0.010103,172.217.27.0-255,5738,174167,44,314669
10620,0.010111,172.31.46.0-255,66,174233,44,314669
10621,0.011769,172.217.27.0-255,5738,179971,44,314669
10622,0.011776,172.31.46.0-255,66,180037,44,314669
10623,0.013452,172.217.27.0-255,5738,185775,44,314669
10624,0.013459,172.31.46.0-255,66,185841,44,314669
10625,0.015134,172.217.27.0-255,5738,191579,44,314669
10626,0.015142,172.31.46.0-255,66,191645,44,314669
10627,0.01681,172.217.27.0-255,5738,197383,44,314669
10628,0.016818,172.31.46.0-255,66,197449,44,314669
10629,0.018577,172.217.27.0-255,2902,200351,44,314669
10630,0.018586,172.31.46.0-255,66,200417,44,314669
10631,0.01861,172.217.27.0-255,2902,203319,44,314669
10632,0.018612,172.31.46.0-255,66,203385,44,314669
10633,0.020455,172.217.27.0-255,5738,209123,44,314669
10634,0.020462,172.31.46.0-255,66,209189,44,314669
10635,0.022133,172.217.27.0-255,5738,214927,44,314669
10636,0.02214,172.31.46.0-255,66,214993,44,314669
10637,0.023805,172.217.27.0-255,5738,220731,44,314669
10638,0.023812,172.31.46.0-255,66,220797,44,314669
10639,0.025486,172.217.27.0-255,5738,226535,44,314669
10640,0.025494,172.31.46.0-255,66,226601,44,314669
10641,0.027289,172.217.27.0-255,4320,230921,44,314669
10642,0.027301,172.31.46.0-255,66,230987,44,314669
10643,0.027323,172.217.27.0-255,1484,232471,44,314669
10644,0.028964,172.217.27.0-255,4320,236791,44,314669
10645,0.028971,172.31.46.0-255,66,236857,44,314669
10646,0.030642,172.217.27.0-255,5738,242595,44,314669
10647,0.030649,172.31.46.0-255,66,242661,44,314669
10648,0.030714,172.31.46.0-255,172,242833,44,314669
10649,0.030742,172.31.46.0-255,1114,243947,44,314669
10650,0.03081,172.31.46.0-255,1514,245461,44,314669
10651,0.030811,172.31.46.0-255,1514,246975,44,314669
10652,0.030813,172.31.46.0-255,1514,248489,44,314669
10653,0.030814,172.31.46.0-255,1514,250003,44,314669
10654,0.030815,172.31.46.0-255,558,250561,44,314669
10655,0.032294,104.244.42.0-255,66,250627,44,314669
10656,0.032308,104.244.42.0-255,66,250693,44,314669
10657,0.032317,172.217.27.0-255,5738,256431,44,314669
10658,0.032323,172.31.46.0-255,66,256497,44,314669
10659,0.032393,104.244.42.0-255,66,256563,44,314669
10660,0.032398,104.244.42.0-255,66,256629,44,314669
10661,0.03401,172.217.27.0-255,5738,262367,44,314669
10662,0.034017,172.31.46.0-255,66,262433,44,314669
10663,0.035974,172.217.27.0-255,5738,268171,44,314669
10664,0.035981,172.31.46.0-255,66,268237,44,314669
10665,0.037682,172.217.27.0-255,5738,273975,44,314669
10666,0.03769,172.31.46.0-255,66,274041,44,314669
10667,0.039482,172.217.27.0-255,5738,279779,44,314669
10668,0.039491,172.31.46.0-255,66,279845,44,314669
10669,0.04135,172.217.27.0-255,5738,285583,44,314669
10670,0.041357,172.31.46.0-255,66,285649,44,314669
10671,0.043036,172.217.27.0-255,5738,291387,44,314669
10672,0.043043,172.31.46.0-255,66,291453,44,314669
10673,0.044717,172.217.27.0-255,5738,297191,44,314669
10674,0.044729,172.31.46.0-255,66,297257,44,314669
10675,0.046473,172.217.27.0-255,5738,302995,44,314669
10676,0.046481,172.31.46.0-255,66,303061,44,314669
10677,0.048155,172.217.27.0-255,5738,308799,44,314669
10678,0.048162,172.31.46.0-255,66,308865,44,314669
10679,0.04985,172.217.27.0-255,5738,314603,44,314669
10680,0.049857,172.31.46.0-255,66,314669,44,314669
10681,0.0,74.125.68.0-255,146,146,44,307413
10682,1.5e-05,172.31.46.0-255,66,212,44,307413
10683,2.2e-05,74.125.68.0-255,1484,1696,44,307413
10684,2.7e-05,172.31.46.0-255,66,1762,44,307413
10685,3.3e-05,74.125.68.0-255,2902,4664,44,307413
10686,3.6e-05,172.31.46.0-255,66,4730,44,307413
10687,5.3e-05,74.125.68.0-255,2902,7632,44,307413
10688,5.6e-05,172.31.46.0-255,66,7698,44,307413
10689,6.3e-05,74.125.68.0-255,4320,12018,44,307413
10690,6.6e-05,172.31.46.0-255,66,12084,44,307413
10691,9e-05,74.125.68.0-255,4949,17033,44,307413
10692,9.3e-05,172.31.46.0-255,66,17099,44,307413
10693,9.8e-05,74.125.68.0-255,4320,21419,44,307413
10694,0.000101,172.31.46.0-255,66,21485,44,307413
10695,0.000122,74.125.68.0-255,1484,22969,44,307413
10696,0.000124,172.31.46.0-255,66,23035,44,307413
10697,0.000154,172.31.46.0-255,66,23101,44,307413
10698,0.000224,74.125.68.0-255,1484,24585,44,307413
10699,0.000228,172.31.46.0-255,66,24651,44,307413
10700,0.000232,74.125.68.0-255,1484,26135,44,307413
10701,0.000234,172.31.46.0-255,66,26201,44,307413
10702,0.000249,74.125.68.0-255,2902,29103,44,307413
10703,0.000251,172.31.46.0-255,66,29169,44,307413
10704,0.000274,74.125.68.0-255,5738,34907,44,307413
10705,0.000276,172.31.46.0-255,66,34973,44,307413
10706,0.000292,74.125.68.0-255,5379,40352,44,307413
10707,0.000295,172.31.46.0-255,66,40418,44,307413
10708,0.000298,74.125.68.0-255,1484,41902,44,307413
10709,0.0003,172.31.46.0-255,66,41968,44,307413
10710,0.000327,74.125.68.0-255,4320,46288,44,307413
10711,0.00033,172.31.46.0-255,66,46354,44,307413
10712,0.000361,172.31.46.0-255,66,46420,44,307413
10713,0.000364,74.125.68.0-255,133,46553,44,307413
10714,0.000366,172.31.46.0-255,66,46619,44,307413
10715,0.000389,74.125.68.0-255,348,46967,44,307413
10716,0.000392,172.31.46.0-255,66,47033,44,307413
10717,0.000502,74.125.68.0-255,1484,48517,44,307413
10718,0.000505,172.31.46.0-255,66,48583,44,307413
10719,0.000509,74.125.68.0-255,1484,50067,44,307413
10720,0.000511,172.31.46.0-255,66,50133,44,307413
10721,0.000524,74.125.68.0-255,1484,51617,44,307413
10722,0.000527,172.31.46.0-255,66,51683,44,307413
10723,0.000534,74.125.68.0-255,5738,57421,44,307413
10724,0.000536,172.31.46.0-255,66,57487,44,307413
10725,0.00054,74.125.68.0-255,2902,60389,44,307413
10726,0.000543,172.31.46.0-255,66,60455,44,307413
10727,0.000566,74.125.68.0-255,4320,64775,44,307413
10728,0.000569,172.31.46.0-255,66,64841,44,307413
10729,0.000587,74.125.68.0-255,2902,67743,44,307413
10730,0.000589,172.31.46.0-255,66,67809,44,307413
10731,0.000601,74.125.68.0-255,2902,70711,44,307413
10732,0.000603,172.31.46.0-255,66,70777,44,307413
10733,0.000606,74.125.68.0-255,1484,72261,44,307413
10734,0.000609,172.31.46.0-255,66,72327,44,307413
10735,0.000634,74.125.68.0-255,5738,78065,44,307413
10736,0.000637,172.31.46.0-255,66,78131,44,307413
10737,0.000643,74.125.68.0-255,3602,81733,44,307413
10738,0.000645,172.31.46.0-255,66,81799,44,307413
10739,0.000755,74.125.68.0-255,1484,83283,44,307413
10740,0.000759,172.31.46.0-255,66,83349,44,307413
10741,0.000778,74.125.68.0-255,2902,86251,44,307413
10742,0.000781,172.31.46.0-255,66,86317,44,307413
10743,0.000799,74.125.68.0-255,1484,87801,44,307413
10744,0.000802,172.31.46.0-255,66,87867,44,307413
10745,0.000807,74.125.68.0-255,2902,90769,44,307413
10746,0.000809,172.31.46.0-255,66,90835,44,307413
10747,0.000814,74.125.68.0-255,4320,95155,44,307413
10748,0.000816,172.31.46.0-255,66,95221,44,307413
10749,0.000831,74.125.68.0-255,1484,96705,44,307413
10750,0.000833,172.31.46.0-255,66,96771,44,307413
10751,0.000852,74.125.68.0-255,4320,101091,44,307413
10752,0.000855,172.31.46.0-255,66,101157,44,307413
10753,0.00088,172.31.46.0-255,66,101223,44,307413
10754,0.000925,74.125.68.0-255,6438,107661,44,307413
10755,0.000928,172.31.46.0-255,66,107727,44,307413
10756,0.000945,74.125.68.0-255,1484,109211,44,307413
10757,0.000947,172.31.46.0-255,66,109277,44,307413
10758,0.000975,74.125.68.0-255,2902,112179,44,307413
10759,0.000978,172.31.46.0-255,66,112245,44,307413
10760,0.001004,74.125.68.0-255,5738,117983,44,307413
10761,0.001007,172.31.46.0-255,66,118049,44,307413
10762,0.001012,74.125.68.0-255,2902,120951,44,307413
10763,0.001014,172.31.46.0-255,66,121017,44,307413
10764,0.001019,74.125.68.0-255,4320,125337,44,307413
10765,0.001022,172.31.46.0-255,66,125403,44,307413
10766,0.001056,172.31.46.0-255,66,125469,44,307413
10767,0.001063,74.125.68.0-255,5738,131207,44,307413
10768,0.001065,172.31.46.0-255,66,131273,44,307413
10769,0.0011,74.125.68.0-255,2184,133457,44,307413
10770,0.001102,172.31.46.0-255,66,133523,44,307413
10771,0.001223,74.125.68.0-255,1484,135007,44,307413
10772,0.001227,172.31.46.0-255,66,135073,44,307413
10773,0.001232,74.125.68.0-255,2902,137975,44,307413
10774,0.001234,172.31.46.0-255,66,138041,44,307413
10775,0.001265,74.125.68.0-255,5738,143779,44,307413
10776,0.001268,172.31.46.0-255,66,143845,44,307413
10777,0.001275,74.125.68.0-255,5738,149583,44,307413
10778,0.001277,172.31.46.0-255,66,149649,44,307413
10779,0.001288,74.125.68.0-255,1484,151133,44,307413
10780,0.00129,172.31.46.0-255,66,151199,44,307413
10781,0.001309,74.125.68.0-255,4320,155519,44,307413
10782,0.001311,172.31.46.0-255,66,155585,44,307413
10783,0.001326,74.125.68.0-255,4320,159905,44,307413
10784,0.001328,172.31.46.0-255,66,159971,44,307413
10785,0.001371,172.31.46.0-255,66,160037,44,307413
10786,0.001568,74.125.68.0-255,1484,161521,44,307413
10787,0.001572,172.31.46.0-255,66,161587,44,307413
10788,0.001578,74.125.68.0-255,2902,164489,44,307413
10789,0.00158,172.31.46.0-255,66,164555,44,307413
10790,0.001609,74.125.68.0-255,5738,170293,44,307413
10791,0.001611,172.31.46.0-255,66,170359,44,307413
10792,0.001617,74.125.68.0-255,4320,174679,44,307413
10793,0.001619,172.31.46.0-255,66,174745,44,307413
10794,0.001626,74.125.68.0-255,5738,180483,44,307413
10795,0.001628,172.31.46.0-255,66,180549,44,307413
10796,0.001647,74.125.68.0-255,1484,182033,44,307413
10797,0.001649,172.31.46.0-255,66,182099,44,307413
10798,0.001685,172.31.46.0-255,66,182165,44,307413
10799,0.001689,74.125.68.0-255,2184,184349,44,307413
10800,0.001691,172.31.46.0-255,66,184415,44,307413
10801,0.001714,74.125.68.0-255,4320,188735,44,307413
10802,0.001717,172.31.46.0-255,66,188801,44,307413
10803,0.00174,74.125.68.0-255,5738,194539,44,307413
10804,0.001742,172.31.46.0-255,66,194605,44,307413
10805,0.001752,74.125.68.0-255,2902,197507,44,307413
10806,0.001755,172.31.46.0-255,66,197573,44,307413
10807,0.001797,74.125.68.0-255,5738,203311,44,307413
10808,0.001802,172.31.46.0-255,66,203377,44,307413
10809,0.001805,172.31.46.0-255,66,203443,44,307413
10810,0.001815,74.125.68.0-255,2902,206345,44,307413
10811,0.001817,172.31.46.0-255,66,206411,44,307413
10812,0.001835,74.125.68.0-255,3602,210013,44,307413
10813,0.001838,172.31.46.0-255,66,210079,44,307413
10814,0.001934,74.125.68.0-255,1484,211563,44,307413
10815,0.001938,74.125.68.0-255,1484,213047,44,307413
10816,0.001941,172.31.46.0-255,66,213113,44,307413
10817,0.001962,74.125.68.0-255,1484,214597,44,307413
10818,0.001975,74.125.68.0-255,5738,220335,44,307413
10819,0.001978,172.31.46.0-255,66,220401,44,307413
10820,0.001984,74.125.68.0-255,4320,224721,44,307413
10821,0.001986,172.31.46.0-255,66,224787,44,307413
10822,0.002031,74.125.68.0-255,4320,229107,44,307413
10823,0.002035,172.31.46.0-255,66,229173,44,307413
10824,0.002053,74.125.68.0-255,5738,234911,44,307413
10825,0.002056,172.31.46.0-255,66,234977,44,307413
10826,0.002077,74.125.68.0-255,1484,236461,44,307413
10827,0.002101,172.31.46.0-255,66,236527,44,307413
10828,0.002135,74.125.68.0-255,7156,243683,44,307413
10829,0.002138,172.31.46.0-255,66,243749,44,307413
10830,0.002197,172.31.46.0-255,66,243815,44,307413
10831,0.002207,172.31.46.0-255,66,243881,44,307413
10832,0.002233,74.125.68.0-255,7156,251037,44,307413
10833,0.002235,172.31.46.0-255,66,251103,44,307413
10834,0.002259,74.125.68.0-255,3602,254705,44,307413
10835,0.002264,74.125.68.0-255,4320,259025,44,307413
10836,0.002268,172.31.46.0-255,66,259091,44,307413
10837,0.002275,172.31.46.0-255,66,259157,44,307413
10838,0.002281,74.125.68.0-255,4320,263477,44,307413
10839,0.00231,172.31.46.0-255,66,263543,44,307413
10840,0.002321,74.125.68.0-255,2902,266445,44,307413
10841,0.002342,172.31.46.0-255,66,266511,44,307413
10842,0.004567,74.125.68.0-255,2902,269413,44,307413
10843,0.004574,172.31.46.0-255,66,269479,44,307413
10844,0.004598,74.125.68.0-255,2902,272381,44,307413
10845,0.0046,172.31.46.0-255,66,272447,44,307413
10846,0.006837,74.125.68.0-255,2902,275349,44,307413
10847,0.006843,172.31.46.0-255,66,275415,44,307413
10848,0.006863,74.125.68.0-255,2902,278317,44,307413
10849,0.006865,172.31.46.0-255,66,278383,44,307413
10850,0.009104,74.125.68.0-255,4320,282703,44,307413
10851,0.009111,172.31.46.0-255,66,282769,44,307413
10852,0.009128,74.125.68.0-255,1484,284253,44,307413
10853,0.011374,74.125.68.0-255,4320,288573,44,307413
10854,0.01138,172.31.46.0-255,66,288639,44,307413
10855,0.013659,74.125.68.0-255,5738,294377,44,307413
10856,0.013668,172.31.46.0-255,66,294443,44,307413
10857,0.015946,74.125.68.0-255,3514,297957,44,307413
10858,0.015953,172.31.46.0-255,66,298023,44,307413
10859,0.016671,172.31.46.0-255,105,298128,44,307413
10860,0.01891,74.125.68.0-255,66,298194,44,307413
10861,0.038083,172.31.46.0-255,199,298393,44,307413
10862,0.038119,172.31.46.0-255,1114,299507,44,307413
10863,0.038183,172.31.46.0-255,1514,301021,44,307413
10864,0.038185,172.31.46.0-255,1514,302535,44,307413
10865,0.038191,172.31.46.0-255,1514,304049,44,307413
10866,0.038193,172.31.46.0-255,1514,305563,44,307413
10867,0.03821,172.31.46.0-255,1514,307077,44,307413
10868,0.038211,172.31.46.0-255,72,307149,44,307413
10869,0.039582,104.244.42.0-255,66,307215,44,307413
10870,0.039692,104.244.42.0-255,66,307281,44,307413
10871,0.039713,104.244.42.0-255,66,307347,44,307413
10872,0.039724,104.244.42.0-255,66,307413,44,307413
10873,0.0,172.217.194.0-255,153,153,44,257722
10874,2.3e-05,172.31.46.0-255,66,219,44,257722
10875,3e-05,172.217.194.0-255,1484,1703,44,257722
10876,3.4e-05,172.31.46.0-255,66,1769,44,257722
10877,4e-05,172.217.194.0-255,2902,4671,44,257722
10878,4.3e-05,172.31.46.0-255,66,4737,44,257722
10879,4.7e-05,172.217.194.0-255,2902,7639,44,257722
10880,5.1e-05,172.31.46.0-255,66,7705,44,257722
10881,6.3e-05,172.31.46.0-255,66,7771,44,257722
10882,0.000111,172.31.46.0-255,66,7837,44,257722
10883,0.000642,172.217.194.0-255,1484,9321,44,257722
10884,0.000649,172.31.46.0-255,66,9387,44,257722
10885,0.000658,172.217.194.0-255,2902,12289,44,257722
10886,0.00066,172.31.46.0-255,66,12355,44,257722
10887,0.000667,172.217.194.0-255,5738,18093,44,257722
10888,0.00067,172.31.46.0-255,66,18159,44,257722
10889,0.000677,172.217.194.0-255,6797,24956,44,257722
10890,0.00068,172.31.46.0-255,66,25022,44,257722
10891,0.000707,172.217.194.0-255,5738,30760,44,257722
10892,0.000709,172.31.46.0-255,66,30826,44,257722
10893,0.000739,172.31.46.0-255,66,30892,44,257722
10894,0.000743,172.217.194.0-255,2543,33435,44,257722
10895,0.000745,172.31.46.0-255,66,33501,44,257722
10896,0.000893,172.217.194.0-255,1484,34985,44,257722
10897,0.0009,172.31.46.0-255,66,35051,44,257722
10898,0.000905,172.217.194.0-255,2902,37953,44,257722
10899,0.000907,172.31.46.0-255,66,38019,44,257722
10900,0.000932,172.217.194.0-255,5738,43757,44,257722
10901,0.000936,172.31.46.0-255,66,43823,44,257722
10902,0.000942,172.217.194.0-255,5738,49561,44,257722
10903,0.000944,172.31.46.0-255,66,49627,44,257722
10904,0.000965,172.217.194.0-255,1484,51111,44,257722
10905,0.00097,172.217.194.0-255,2902,54013,44,257722
10906,0.000973,172.31.46.0-255,66,54079,44,257722
10907,0.001004,172.31.46.0-255,66,54145,44,257722
10908,0.001008,172.217.194.0-255,2184,56329,44,257722
10909,0.00101,172.31.46.0-255,66,56395,44,257722
10910,0.001037,172.217.194.0-255,1484,57879,44,257722
10911,0.001068,172.31.46.0-255,66,57945,44,257722
10912,0.001091,172.217.194.0-255,3841,61786,44,257722
10913,0.001094,172.31.46.0-255,66,61852,44,257722
10914,0.001112,172.31.46.0-255,66,61918,44,257722
10915,0.001115,172.217.194.0-255,407,62325,44,257722
10916,0.001201,172.217.194.0-255,1484,63809,44,257722
10917,0.001205,172.31.46.0-255,66,63875,44,257722
10918,0.001211,172.217.194.0-255,2902,66777,44,257722
10919,0.001214,172.31.46.0-255,66,66843,44,257722
10920,0.001217,172.217.194.0-255,1484,68327,44,257722
10921,0.001235,172.217.194.0-255,4320,72647,44,257722
10922,0.001238,172.31.46.0-255,66,72713,44,257722
10923,0.001243,172.217.194.0-255,5738,78451,44,257722
10924,0.001246,172.31.46.0-255,66,78517,44,257722
10925,0.001286,172.31.46.0-255,66,78583,44,257722
10926,0.001292,172.217.194.0-255,5020,83603,44,257722
10927,0.001294,172.31.46.0-255,66,83669,44,257722
10928,0.00157,172.217.194.0-255,1484,85153,44,257722
10929,0.00158,172.217.194.0-255,2902,88055,44,257722
10930,0.001585,172.31.46.0-255,66,88121,44,257722
10931,0.001589,172.217.194.0-255,1484,89605,44,257722
10932,0.001611,172.217.194.0-255,1484,91089,44,257722
10933,0.001614,172.31.46.0-255,66,91155,44,257722
10934,0.001621,172.217.194.0-255,7156,98311,44,257722
10935,0.001624,172.31.46.0-255,66,98377,44,257722
10936,0.001646,172.217.194.0-255,2902,101279,44,257722
10937,0.001649,172.31.46.0-255,66,101345,44,257722
10938,0.00168,172.31.46.0-255,66,101411,44,257722
10939,0.001699,172.217.194.0-255,5020,106431,44,257722
10940,0.001702,172.31.46.0-255,66,106497,44,257722
10941,0.001941,172.217.194.0-255,1484,107981,44,257722
10942,0.001945,172.217.194.0-255,1484,109465,44,257722
10943,0.001948,172.31.46.0-255,66,109531,44,257722
10944,0.001962,172.217.194.0-255,1484,111015,44,257722
10945,0.001968,172.217.194.0-255,4320,115335,44,257722
10946,0.001971,172.31.46.0-255,66,115401,44,257722
10947,0.001992,172.217.194.0-255,1484,116885,44,257722
10948,0.001997,172.217.194.0-255,2902,119787,44,257722
10949,0.001999,172.31.46.0-255,66,119853,44,257722
10950,0.002028,172.31.46.0-255,66,119919,44,257722
10951,0.002058,172.217.194.0-255,1484,121403,44,257722
10952,0.002084,172.31.46.0-255,66,121469,44,257722
10953,0.002121,172.217.194.0-255,1484,122953,44,257722
10954,0.004174,172.217.194.0-255,1484,124437,44,257722
10955,0.004177,172.31.46.0-255,66,124503,44,257722
10956,0.004195,172.217.194.0-255,2902,127405,44,257722
10957,0.004198,172.31.46.0-255,66,127471,44,257722
10958,0.006323,172.217.194.0-255,2902,130373,44,257722
10959,0.00633,172.31.46.0-255,66,130439,44,257722
10960,0.006372,172.217.194.0-255,2902,133341,44,257722
10961,0.006375,172.31.46.0-255,66,133407,44,257722
10962,0.008437,172.217.194.0-255,2902,136309,44,257722
10963,0.008445,172.31.46.0-255,66,136375,44,257722
10964,0.008468,172.217.194.0-255,2902,139277,44,257722
10965,0.008471,172.31.46.0-255,66,139343,44,257722
10966,0.010543,172.217.194.0-255,2902,142245,44,257722
10967,0.010552,172.31.46.0-255,66,142311,44,257722
10968,0.010574,172.217.194.0-255,2902,145213,44,257722
10969,0.010578,172.31.46.0-255,66,145279,44,257722
10970,0.012656,172.217.194.0-255,2902,148181,44,257722
10971,0.012664,172.31.46.0-255,66,148247,44,257722
10972,0.012692,172.217.194.0-255,2902,151149,44,257722
10973,0.012696,172.31.46.0-255,66,151215,44,257722
10974,0.01479,172.217.194.0-255,4320,155535,44,257722
10975,0.014797,172.31.46.0-255,66,155601,44,257722
10976,0.014819,172.217.194.0-255,1484,157085,44,257722
10977,0.016926,172.217.194.0-255,4320,161405,44,257722
10978,0.016938,172.31.46.0-255,66,161471,44,257722
10979,0.019078,172.217.194.0-255,5738,167209,44,257722
10980,0.019093,172.31.46.0-255,66,167275,44,257722
10981,0.021209,172.217.194.0-255,5738,173013,44,257722
10982,0.021226,172.31.46.0-255,66,173079,44,257722
10983,0.023358,172.217.194.0-255,5738,178817,44,257722
10984,0.023373,172.31.46.0-255,66,178883,44,257722
10985,0.025511,172.217.194.0-255,5738,184621,44,257722
10986,0.025523,172.31.46.0-255,66,184687,44,257722
10987,0.027681,172.217.194.0-255,5738,190425,44,257722
10988,0.027701,172.31.46.0-255,66,190491,44,257722
10989,0.029828,172.217.194.0-255,5738,196229,44,257722
10990,0.029843,172.31.46.0-255,66,196295,44,257722
10991,0.031968,172.217.194.0-255,5738,202033,44,257722
10992,0.031986,172.31.46.0-255,66,202099,44,257722
10993,0.034123,172.217.194.0-255,5738,207837,44,257722
10994,0.034142,172.31.46.0-255,66,207903,44,257722
10995,0.036268,172.217.194.0-255,5738,213641,44,257722
10996,0.036286,172.31.46.0-255,66,213707,44,257722
10997,0.038399,172.217.194.0-255,5738,219445,44,257722
10998,0.038409,172.31.46.0-255,66,219511,44,257722
10999,0.03915,172.31.46.0-255,172,219683,44,257722
11000,0.03919,172.31.46.0-255,1109,220792,44,257722
11001,0.039254,172.31.46.0-255,1514,222306,44,257722
11002,0.039256,172.31.46.0-255,1514,223820,44,257722
11003,0.039257,172.31.46.0-255,1514,225334,44,257722
11004,0.039258,172.31.46.0-255,1514,226848,44,257722
11005,0.039289,172.31.46.0-255,1514,228362,44,257722
11006,0.039291,172.31.46.0-255,76,228438,44,257722
11007,0.040538,172.217.194.0-255,5738,234176,44,257722
11008,0.040549,172.31.46.0-255,66,234242,44,257722
11009,0.040711,104.244.42.0-255,66,234308,44,257722
11010,0.040719,104.244.42.0-255,66,234374,44,257722
11011,0.040837,104.244.42.0-255,66,234440,44,257722
11012,0.040882,104.244.42.0-255,66,234506,44,257722
11013,0.042685,172.217.194.0-255,5738,240244,44,257722
11014,0.042697,172.31.46.0-255,66,240310,44,257722
11015,0.044853,172.217.194.0-255,5738,246048,44,257722
11016,0.044864,172.31.46.0-255,66,246114,44,257722
11017,0.046987,172.217.194.0-255,5738,251852,44,257722
11018,0.046995,172.31.46.0-255,66,251918,44,257722
11019,0.049134,172.217.194.0-255,5738,257656,44,257722
11020,0.049144,172.31.46.0-255,66,257722,44,257722
11021,0.0,74.125.68.0-255,153,153,44,331176
11022,2.1e-05,172.31.46.0-255,66,219,44,331176
11023,5e-05,74.125.68.0-255,1484,1703,44,331176
11024,5.5e-05,172.31.46.0-255,66,1769,44,331176
11025,6e-05,74.125.68.0-255,2902,4671,44,331176
11026,6.2e-05,172.31.46.0-255,66,4737,44,331176
11027,7.8e-05,74.125.68.0-255,5738,10475,44,331176
11028,8e-05,172.31.46.0-255,66,10541,44,331176
11029,0.000101,74.125.68.0-255,1484,12025,44,331176
11030,0.000104,172.31.46.0-255,66,12091,44,331176
11031,0.000108,74.125.68.0-255,2087,14178,44,331176
11032,0.00011,172.31.46.0-255,66,14244,44,331176
11033,0.000136,74.125.68.0-255,2902,17146,44,331176
11034,0.000139,172.31.46.0-255,66,17212,44,331176
11035,0.000142,74.125.68.0-255,1484,18696,44,331176
11036,0.000144,172.31.46.0-255,66,18762,44,331176
11037,0.000148,74.125.68.0-255,2902,21664,44,331176
11038,0.00015,172.31.46.0-255,66,21730,44,331176
11039,0.000202,74.125.68.0-255,5738,27468,44,331176
11040,0.000206,172.31.46.0-255,66,27534,44,331176
11041,0.000235,74.125.68.0-255,1484,29018,44,331176
11042,0.000238,172.31.46.0-255,66,29084,44,331176
11043,0.000241,74.125.68.0-255,1484,30568,44,331176
11044,0.000242,172.31.46.0-255,66,30634,44,331176
11045,0.00028,74.125.68.0-255,1125,31759,44,331176
11046,0.000284,172.31.46.0-255,66,31825,44,331176
11047,0.000355,74.125.68.0-255,1484,33309,44,331176
11048,0.000358,172.31.46.0-255,66,33375,44,331176
11049,0.000363,74.125.68.0-255,2902,36277,44,331176
11050,0.000365,172.31.46.0-255,66,36343,44,331176
11051,0.000394,74.125.68.0-255,5738,42081,44,331176
11052,0.000399,172.31.46.0-255,66,42147,44,331176
11053,0.000405,74.125.68.0-255,1484,43631,44,331176
11054,0.000443,74.125.68.0-255,1484,45115,44,331176
11055,0.000449,172.31.46.0-255,66,45181,44,331176
11056,0.000459,74.125.68.0-255,2902,48083,44,331176
11057,0.000463,172.31.46.0-255,66,48149,44,331176
11058,0.000485,74.125.68.0-255,1125,49274,44,331176
11059,0.000503,74.125.68.0-255,1484,50758,44,331176
11060,0.000506,172.31.46.0-255,66,50824,44,331176
11061,0.000528,74.125.68.0-255,4320,55144,44,331176
11062,0.000532,172.31.46.0-255,66,55210,44,331176
11063,0.000565,74.125.68.0-255,7156,62366,44,331176
11064,0.000571,172.31.46.0-255,66,62432,44,331176
11065,0.000597,74.125.68.0-255,3961,66393,44,331176
11066,0.000619,172.31.46.0-255,66,66459,44,331176
11067,0.000952,74.125.68.0-255,645,67104,44,331176
11068,0.000986,74.125.68.0-255,1484,68588,44,331176
11069,0.00099,172.31.46.0-255,66,68654,44,331176
11070,0.00101,74.125.68.0-255,2902,71556,44,331176
11071,0.001016,74.125.68.0-255,4320,75876,44,331176
11072,0.001061,74.125.68.0-255,4320,80196,44,331176
11073,0.001114,74.125.68.0-255,4320,84516,44,331176
11074,0.00114,74.125.68.0-255,5738,90254,44,331176
11075,0.001164,74.125.68.0-255,2902,93156,44,331176
11076,0.001179,74.125.68.0-255,1484,94640,44,331176
11077,0.001185,74.125.68.0-255,5738,100378,44,331176
11078,0.001197,74.125.68.0-255,766,101144,44,331176
11079,0.001279,74.125.68.0-255,1484,102628,44,331176
11080,0.001295,74.125.68.0-255,2902,105530,44,331176
11081,0.00131,74.125.68.0-255,4320,109850,44,331176
11082,0.001333,74.125.68.0-255,5738,115588,44,331176
11083,0.001361,74.125.68.0-255,5738,121326,44,331176
11084,0.001387,74.125.68.0-255,5738,127064,44,331176
11085,0.001393,74.125.68.0-255,4320,131384,44,331176
11086,0.001428,74.125.68.0-255,4320,135704,44,331176
11087,0.00146,74.125.68.0-255,5020,140724,44,331176
11088,0.001476,74.125.68.0-255,2902,143626,44,331176
11089,0.001516,74.125.68.0-255,1484,145110,44,331176
11090,0.001531,74.125.68.0-255,2902,148012,44,331176
11091,0.001536,74.125.68.0-255,5738,153750,44,331176
11092,0.001577,74.125.68.0-255,2902,156652,44,331176
11093,0.001592,74.125.68.0-255,2184,158836,44,331176
11094,0.001667,74.125.68.0-255,1484,160320,44,331176
11095,0.001698,74.125.68.0-255,2902,163222,44,331176
11096,0.001717,74.125.68.0-255,2902,166124,44,331176
11097,0.00173,74.125.68.0-255,2902,169026,44,331176
11098,0.001773,74.125.68.0-255,4320,173346,44,331176
11099,0.001783,74.125.68.0-255,2902,176248,44,331176
11100,0.001828,74.125.68.0-255,5738,181986,44,331176
11101,0.00184,74.125.68.0-255,2902,184888,44,331176
11102,0.001878,74.125.68.0-255,2902,187790,44,331176
11103,0.001891,74.125.68.0-255,5020,192810,44,331176
11104,0.002322,74.125.68.0-255,1484,194294,44,331176
11105,0.002373,74.125.68.0-255,2902,197196,44,331176
11106,0.002379,74.125.68.0-255,5738,202934,44,331176
11107,0.002397,74.125.68.0-255,7156,210090,44,331176
11108,0.002413,74.125.68.0-255,5738,215828,44,331176
11109,0.002446,74.125.68.0-255,1484,217312,44,331176
11110,0.00256,74.125.68.0-255,1484,218796,44,331176
11111,0.003313,172.31.46.0-255,66,218862,44,331176
11112,0.005864,74.125.68.0-255,5738,224600,44,331176
11113,0.00587,172.31.46.0-255,66,224666,44,331176
11114,0.008406,74.125.68.0-255,5738,230404,44,331176
11115,0.008411,172.31.46.0-255,66,230470,44,331176
11116,0.011251,74.125.68.0-255,5738,236208,44,331176
11117,0.011259,172.31.46.0-255,66,236274,44,331176
11118,0.013792,74.125.68.0-255,5738,242012,44,331176
11119,0.0138,172.31.46.0-255,66,242078,44,331176
11120,0.016324,74.125.68.0-255,5738,247816,44,331176
11121,0.01633,172.31.46.0-255,66,247882,44,331176
11122,0.018859,74.125.68.0-255,5738,253620,44,331176
11123,0.018866,172.31.46.0-255,66,253686,44,331176
11124,0.0214,74.125.68.0-255,5738,259424,44,331176
11125,0.021407,172.31.46.0-255,66,259490,44,331176
11126,0.023926,74.125.68.0-255,5738,265228,44,331176
11127,0.023933,172.31.46.0-255,66,265294,44,331176
11128,0.026462,74.125.68.0-255,5738,271032,44,331176
11129,0.026468,172.31.46.0-255,66,271098,44,331176
11130,0.028409,172.31.46.0-255,172,271270,44,331176
11131,0.02844,172.31.46.0-255,1114,272384,44,331176
11132,0.028488,172.31.46.0-255,1514,273898,44,331176
11133,0.028491,172.31.46.0-255,1514,275412,44,331176
11134,0.028492,172.31.46.0-255,1514,276926,44,331176
11135,0.028493,172.31.46.0-255,1514,278440,44,331176
11136,0.028494,172.31.46.0-255,556,278996,44,331176
11137,0.028985,74.125.68.0-255,5738,284734,44,331176
11138,0.028992,172.31.46.0-255,66,284800,44,331176
11139,0.029983,104.244.42.0-255,66,284866,44,331176
11140,0.029991,104.244.42.0-255,66,284932,44,331176
11141,0.030114,104.244.42.0-255,66,284998,44,331176
11142,0.030117,104.244.42.0-255,66,285064,44,331176
11143,0.030995,104.244.42.0-255,108,285172,44,331176
11144,0.031015,172.31.46.0-255,66,285238,44,331176
11145,0.031506,74.125.68.0-255,4320,289558,44,331176
11146,0.031511,172.31.46.0-255,66,289624,44,331176
11147,0.031544,74.125.68.0-255,1484,291108,44,331176
11148,0.034035,74.125.68.0-255,4320,295428,44,331176
11149,0.034039,172.31.46.0-255,66,295494,44,331176
11150,0.036599,74.125.68.0-255,2902,298396,44,331176
11151,0.036604,172.31.46.0-255,66,298462,44,331176
11152,0.036635,74.125.68.0-255,2902,301364,44,331176
11153,0.036656,172.31.46.0-255,66,301430,44,331176
11154,0.039123,74.125.68.0-255,2902,304332,44,331176
11155,0.039128,172.31.46.0-255,66,304398,44,331176
11156,0.039166,74.125.68.0-255,2902,307300,44,331176
11157,0.039182,172.31.46.0-255,66,307366,44,331176
11158,0.041655,74.125.68.0-255,2902,310268,44,331176
11159,0.041661,172.31.46.0-255,66,310334,44,331176
11160,0.041695,74.125.68.0-255,2902,313236,44,331176
11161,0.041707,172.31.46.0-255,66,313302,44,331176
11162,0.044178,74.125.68.0-255,2902,316204,44,331176
11163,0.044183,172.31.46.0-255,66,316270,44,331176
11164,0.044224,74.125.68.0-255,2902,319172,44,331176
11165,0.044236,172.31.46.0-255,66,319238,44,331176
11166,0.046702,74.125.68.0-255,2902,322140,44,331176
11167,0.046707,172.31.46.0-255,66,322206,44,331176
11168,0.046754,74.125.68.0-255,2902,325108,44,331176
11169,0.046764,172.31.46.0-255,66,325174,44,331176
11170,0.04922,74.125.68.0-255,2902,328076,44,331176
11171,0.049224,172.31.46.0-255,66,328142,44,331176
11172,0.04927,74.125.68.0-255,1484,329626,44,331176
11173,0.049279,74.125.68.0-255,1484,331110,44,331176
11174,0.049297,172.31.46.0-255,66,331176,44,331176
11175,0.0,74.125.24.0-255,147,147,44,276397
11176,2.3e-05,172.31.46.0-255,66,213,44,276397
11177,3e-05,74.125.24.0-255,1484,1697,44,276397
11178,3.5e-05,172.31.46.0-255,66,1763,44,276397
11179,4.1e-05,74.125.24.0-255,2902,4665,44,276397
11180,4.4e-05,172.31.46.0-255,66,4731,44,276397
11181,7.7e-05,74.125.24.0-255,7156,11887,44,276397
11182,8.1e-05,172.31.46.0-255,66,11953,44,276397
11183,9.1e-05,172.31.46.0-255,66,12019,44,276397
11184,9.7e-05,74.125.24.0-255,4320,16339,44,276397
11185,9.9e-05,172.31.46.0-255,66,16405,44,276397
11186,0.000118,74.125.24.0-255,1484,17889,44,276397
11187,0.00012,172.31.46.0-255,66,17955,44,276397
11188,0.000149,74.125.24.0-255,2902,20857,44,276397
11189,0.000152,172.31.46.0-255,66,20923,44,276397
11190,0.000168,74.125.24.0-255,2543,23466,44,276397
11191,0.00017,172.31.46.0-255,66,23532,44,276397
11192,0.000231,74.125.24.0-255,1484,25016,44,276397
11193,0.000234,172.31.46.0-255,66,25082,44,276397
11194,0.000239,74.125.24.0-255,2902,27984,44,276397
11195,0.000241,172.31.46.0-255,66,28050,44,276397
11196,0.000261,74.125.24.0-255,5738,33788,44,276397
11197,0.000263,172.31.46.0-255,66,33854,44,276397
11198,0.000293,74.125.24.0-255,1484,35338,44,276397
11199,0.000296,172.31.46.0-255,66,35404,44,276397
11200,0.000327,172.31.46.0-255,66,35470,44,276397
11201,0.000339,172.31.46.0-255,66,35536,44,276397
11202,0.000362,74.125.24.0-255,109,35645,44,276397
11203,0.000364,172.31.46.0-255,66,35711,44,276397
11204,0.000367,74.125.24.0-255,331,36042,44,276397
11205,0.000839,74.125.24.0-255,1484,37526,44,276397
11206,0.000845,172.31.46.0-255,66,37592,44,276397
11207,0.000851,74.125.24.0-255,2902,40494,44,276397
11208,0.000853,172.31.46.0-255,66,40560,44,276397
11209,0.000873,74.125.24.0-255,5738,46298,44,276397
11210,0.000876,172.31.46.0-255,66,46364,44,276397
11211,0.000928,172.31.46.0-255,66,46430,44,276397
11212,0.000941,172.31.46.0-255,66,46496,44,276397
11213,0.000973,74.125.24.0-255,3602,50098,44,276397
11214,0.000976,172.31.46.0-255,66,50164,44,276397
11215,0.001016,74.125.24.0-255,1484,51648,44,276397
11216,0.001039,74.125.24.0-255,2902,54550,44,276397
11217,0.001042,172.31.46.0-255,66,54616,44,276397
11218,0.001047,74.125.24.0-255,2902,57518,44,276397
11219,0.00105,172.31.46.0-255,66,57584,44,276397
11220,0.001063,74.125.24.0-255,2902,60486,44,276397
11221,0.001065,172.31.46.0-255,66,60552,44,276397
11222,0.00107,74.125.24.0-255,2902,63454,44,276397
11223,0.001072,172.31.46.0-255,66,63520,44,276397
11224,0.0011,74.125.24.0-255,5738,69258,44,276397
11225,0.001103,172.31.46.0-255,66,69324,44,276397
11226,0.001155,74.125.24.0-255,5738,75062,44,276397
11227,0.001158,172.31.46.0-255,66,75128,44,276397
11228,0.001187,172.31.46.0-255,66,75194,44,276397
11229,0.001414,74.125.24.0-255,1484,76678,44,276397
11230,0.001427,74.125.24.0-255,2902,79580,44,276397
11231,0.001431,172.31.46.0-255,66,79646,44,276397
11232,0.001436,74.125.24.0-255,2902,82548,44,276397
11233,0.001438,172.31.46.0-255,66,82614,44,276397
11234,0.001452,74.125.24.0-255,2902,85516,44,276397
11235,0.001454,172.31.46.0-255,66,85582,44,276397
11236,0.001487,74.125.24.0-255,6797,92379,44,276397
11237,0.00149,172.31.46.0-255,66,92445,44,276397
11238,0.001524,74.125.24.0-255,1484,93929,44,276397
11239,0.001527,74.125.24.0-255,1484,95413,44,276397
11240,0.00153,172.31.46.0-255,66,95479,44,276397
11241,0.00155,74.125.24.0-255,1484,96963,44,276397
11242,0.001556,74.125.24.0-255,5738,102701,44,276397
11243,0.001559,172.31.46.0-255,66,102767,44,276397
11244,0.001591,172.31.46.0-255,66,102833,44,276397
11245,0.001599,74.125.24.0-255,7156,109989,44,276397
11246,0.001617,172.31.46.0-255,66,110055,44,276397
11247,0.001636,74.125.24.0-255,3602,113657,44,276397
11248,0.001649,172.31.46.0-255,66,113723,44,276397
11249,0.002046,74.125.24.0-255,1484,115207,44,276397
11250,0.002053,74.125.24.0-255,2902,118109,44,276397
11251,0.002057,172.31.46.0-255,66,118175,44,276397
11252,0.002064,74.125.24.0-255,5738,123913,44,276397
11253,0.002067,172.31.46.0-255,66,123979,44,276397
11254,0.002107,172.31.46.0-255,66,124045,44,276397
11255,0.00212,172.31.46.0-255,66,124111,44,276397
11256,0.00215,74.125.24.0-255,1484,125595,44,276397
11257,0.002155,74.125.24.0-255,2902,128497,44,276397
11258,0.002157,172.31.46.0-255,66,128563,44,276397
11259,0.00218,74.125.24.0-255,5738,134301,44,276397
11260,0.002183,74.125.24.0-255,1484,135785,44,276397
11261,0.002189,172.31.46.0-255,66,135851,44,276397
11262,0.00222,172.31.46.0-255,66,135917,44,276397
11263,0.002225,74.125.24.0-255,4320,140237,44,276397
11264,0.002227,172.31.46.0-255,66,140303,44,276397
11265,0.002252,74.125.24.0-255,2902,143205,44,276397
11266,0.002272,74.125.24.0-255,3602,146807,44,276397
11267,0.002305,74.125.24.0-255,7156,153963,44,276397
11268,0.002341,74.125.24.0-255,1484,155447,44,276397
11269,0.002356,74.125.24.0-255,7156,162603,44,276397
11270,0.002363,74.125.24.0-255,5738,168341,44,276397
11271,0.009189,172.31.46.0-255,66,168407,44,276397
11272,0.011539,74.125.24.0-255,5738,174145,44,276397
11273,0.011555,172.31.46.0-255,66,174211,44,276397
11274,0.013898,74.125.24.0-255,5738,179949,44,276397
11275,0.013912,172.31.46.0-255,66,180015,44,276397
11276,0.016269,74.125.24.0-255,5738,185753,44,276397
11277,0.016286,172.31.46.0-255,66,185819,44,276397
11278,0.018627,74.125.24.0-255,5738,191557,44,276397
11279,0.018641,172.31.46.0-255,66,191623,44,276397
11280,0.020965,74.125.24.0-255,5738,197361,44,276397
11281,0.020981,172.31.46.0-255,66,197427,44,276397
11282,0.023301,74.125.24.0-255,5738,203165,44,276397
11283,0.023314,172.31.46.0-255,66,203231,44,276397
11284,0.025656,74.125.24.0-255,5738,208969,44,276397
11285,0.025673,172.31.46.0-255,66,209035,44,276397
11286,0.027995,74.125.24.0-255,5738,214773,44,276397
11287,0.028007,172.31.46.0-255,66,214839,44,276397
11288,0.030337,74.125.24.0-255,5738,220577,44,276397
11289,0.03035,172.31.46.0-255,66,220643,44,276397
11290,0.03269,74.125.24.0-255,5738,226381,44,276397
11291,0.032706,172.31.46.0-255,66,226447,44,276397
11292,0.035058,74.125.24.0-255,5738,232185,44,276397
11293,0.035075,172.31.46.0-255,66,232251,44,276397
11294,0.037419,74.125.24.0-255,5738,237989,44,276397
11295,0.037433,172.31.46.0-255,66,238055,44,276397
11296,0.039773,74.125.24.0-255,5738,243793,44,276397
11297,0.039788,172.31.46.0-255,66,243859,44,276397
11298,0.042139,74.125.24.0-255,5738,249597,44,276397
11299,0.042157,172.31.46.0-255,66,249663,44,276397
11300,0.044324,172.31.46.0-255,172,249835,44,276397
11301,0.044362,172.31.46.0-255,1114,250949,44,276397
11302,0.044451,172.31.46.0-255,1514,252463,44,276397
11303,0.044454,172.31.46.0-255,1514,253977,44,276397
11304,0.04446,172.31.46.0-255,1514,255491,44,276397
11305,0.044461,172.31.46.0-255,1514,257005,44,276397
11306,0.044478,172.31.46.0-255,1514,258519,44,276397
11307,0.044479,172.31.46.0-255,70,258589,44,276397
11308,0.0445,74.125.24.0-255,2902,261491,44,276397
11309,0.044508,172.31.46.0-255,66,261557,44,276397
11310,0.04452,74.125.24.0-255,2902,264459,44,276397
11311,0.044523,172.31.46.0-255,66,264525,44,276397
11312,0.045927,104.244.42.0-255,66,264591,44,276397
11313,0.045937,104.244.42.0-255,66,264657,44,276397
11314,0.046029,104.244.42.0-255,66,264723,44,276397
11315,0.046108,104.244.42.0-255,66,264789,44,276397
11316,0.046831,74.125.24.0-255,5738,270527,44,276397
11317,0.046838,172.31.46.0-255,66,270593,44,276397
11318,0.049152,74.125.24.0-255,5738,276331,44,276397
11319,0.049164,172.31.46.0-255,66,276397,44,276397
11320,0.0,172.217.194.0-255,143,143,44,289365
11321,2.1e-05,172.31.46.0-255,66,209,44,289365
11322,2.7e-05,172.217.194.0-255,1484,1693,44,289365
11323,3e-05,172.31.46.0-255,66,1759,44,289365
11324,3.5e-05,172.217.194.0-255,2902,4661,44,289365
11325,3.9e-05,172.31.46.0-255,66,4727,44,289365
11326,4.4e-05,172.217.194.0-255,4320,9047,44,289365
11327,4.7e-05,172.31.46.0-255,66,9113,44,289365
11328,7.6e-05,172.217.194.0-255,4320,13433,44,289365
11329,7.9e-05,172.31.46.0-255,66,13499,44,289365
11330,9.2e-05,172.217.194.0-255,2089,15588,44,289365
11331,9.5e-05,172.31.46.0-255,66,15654,44,289365
11332,0.000101,172.217.194.0-255,7156,22810,44,289365
11333,0.000103,172.31.46.0-255,66,22876,44,289365
11334,0.000126,172.217.194.0-255,1484,24360,44,289365
11335,0.000128,172.31.46.0-255,66,24426,44,289365
11336,0.000148,172.217.194.0-255,6797,31223,44,289365
11337,0.00015,172.31.46.0-255,66,31289,44,289365
11338,0.000236,172.217.194.0-255,1484,32773,44,289365
11339,0.00024,172.31.46.0-255,66,32839,44,289365
11340,0.000245,172.217.194.0-255,2902,35741,44,289365
11341,0.000248,172.31.46.0-255,66,35807,44,289365
11342,0.000264,172.217.194.0-255,5738,41545,44,289365
11343,0.000266,172.31.46.0-255,66,41611,44,289365
11344,0.000292,172.217.194.0-255,5738,47349,44,289365
11345,0.000294,172.31.46.0-255,66,47415,44,289365
11346,0.000315,172.31.46.0-255,66,47481,44,289365
11347,0.000317,172.217.194.0-255,1484,48965,44,289365
11348,0.00032,172.31.46.0-255,66,49031,44,289365
11349,0.000341,172.217.194.0-255,1484,50515,44,289365
11350,0.000343,172.31.46.0-255,66,50581,44,289365
11351,0.000371,172.217.194.0-255,7076,57657,44,289365
11352,0.000373,172.31.46.0-255,66,57723,44,289365
11353,0.000376,172.217.194.0-255,117,57840,44,289365
11354,0.000379,172.217.194.0-255,378,58218,44,289365
11355,0.000638,172.217.194.0-255,1484,59702,44,289365
11356,0.000642,172.31.46.0-255,66,59768,44,289365
11357,0.000646,172.217.194.0-255,1484,61252,44,289365
11358,0.00066,172.217.194.0-255,1484,62736,44,289365
11359,0.000662,172.31.46.0-255,66,62802,44,289365
11360,0.000668,172.217.194.0-255,5738,68540,44,289365
11361,0.00067,172.31.46.0-255,66,68606,44,289365
11362,0.000682,172.31.46.0-255,66,68672,44,289365
11363,0.000708,172.217.194.0-255,1484,70156,44,289365
11364,0.000722,172.31.46.0-255,66,70222,44,289365
11365,0.000729,172.217.194.0-255,7156,77378,44,289365
11366,0.000731,172.31.46.0-255,66,77444,44,289365
11367,0.000748,172.217.194.0-255,4320,81764,44,289365
11368,0.00075,172.31.46.0-255,66,81830,44,289365
11369,0.000756,172.217.194.0-255,5379,87209,44,289365
11370,0.000758,172.31.46.0-255,66,87275,44,289365
11371,0.000908,172.217.194.0-255,1484,88759,44,289365
11372,0.000926,172.217.194.0-255,2902,91661,44,289365
11373,0.00093,172.31.46.0-255,66,91727,44,289365
11374,0.000934,172.217.194.0-255,2902,94629,44,289365
11375,0.000936,172.31.46.0-255,66,94695,44,289365
11376,0.000968,172.217.194.0-255,2902,97597,44,289365
11377,0.001018,172.31.46.0-255,66,97663,44,289365
11378,0.001024,172.31.46.0-255,66,97729,44,289365
11379,0.001027,172.31.46.0-255,66,97795,44,289365
11380,0.00103,172.217.194.0-255,766,98561,44,289365
11381,0.001312,172.217.194.0-255,1484,100045,44,289365
11382,0.001316,172.31.46.0-255,66,100111,44,289365
11383,0.001321,172.217.194.0-255,2902,103013,44,289365
11384,0.001323,172.31.46.0-255,66,103079,44,289365
11385,0.001328,172.217.194.0-255,2902,105981,44,289365
11386,0.001329,172.31.46.0-255,66,106047,44,289365
11387,0.00135,172.217.194.0-255,2902,108949,44,289365
11388,0.001352,172.31.46.0-255,66,109015,44,289365
11389,0.001361,172.31.46.0-255,66,109081,44,289365
11390,0.0014,172.217.194.0-255,4320,113401,44,289365
11391,0.001403,172.31.46.0-255,66,113467,44,289365
11392,0.001414,172.31.46.0-255,66,113533,44,289365
11393,0.001587,172.217.194.0-255,1484,115017,44,289365
11394,0.001593,172.217.194.0-255,2902,117919,44,289365
11395,0.001595,172.31.46.0-255,66,117985,44,289365
11396,0.001621,172.217.194.0-255,5738,123723,44,289365
11397,0.001623,172.31.46.0-255,66,123789,44,289365
11398,0.001633,172.31.46.0-255,66,123855,44,289365
11399,0.001649,172.217.194.0-255,4320,128175,44,289365
11400,0.001651,172.31.46.0-255,66,128241,44,289365
11401,0.001676,172.217.194.0-255,1484,129725,44,289365
11402,0.001712,172.31.46.0-255,66,129791,44,289365
11403,0.002015,172.217.194.0-255,1484,131275,44,289365
11404,0.00202,172.217.194.0-255,2902,134177,44,289365
11405,0.002022,172.31.46.0-255,66,134243,44,289365
11406,0.002049,172.217.194.0-255,5738,139981,44,289365
11407,0.002051,172.31.46.0-255,66,140047,44,289365
11408,0.002057,172.217.194.0-255,5738,145785,44,289365
11409,0.002059,172.31.46.0-255,66,145851,44,289365
11410,0.002077,172.217.194.0-255,4320,150171,44,289365
11411,0.002079,172.31.46.0-255,66,150237,44,289365
11412,0.002101,172.31.46.0-255,66,150303,44,289365
11413,0.002125,172.217.194.0-255,3602,153905,44,289365
11414,0.002127,172.31.46.0-255,66,153971,44,289365
11415,0.00225,172.217.194.0-255,1484,155455,44,289365
11416,0.002264,172.217.194.0-255,2902,158357,44,289365
11417,0.002267,172.31.46.0-255,66,158423,44,289365
11418,0.002272,172.217.194.0-255,4320,162743,44,289365
11419,0.002274,172.31.46.0-255,66,162809,44,289365
11420,0.002287,172.217.194.0-255,1484,164293,44,289365
11421,0.002308,172.31.46.0-255,66,164359,44,289365
11422,0.002347,172.217.194.0-255,5738,170097,44,289365
11423,0.002349,172.31.46.0-255,66,170163,44,289365
11424,0.00237,172.217.194.0-255,6438,176601,44,289365
11425,0.002373,172.31.46.0-255,66,176667,44,289365
11426,0.002393,172.217.194.0-255,5738,182405,44,289365
11427,0.002396,172.31.46.0-255,66,182471,44,289365
11428,0.002427,172.217.194.0-255,2902,185373,44,289365
11429,0.00243,172.31.46.0-255,66,185439,44,289365
11430,0.002441,172.31.46.0-255,66,185505,44,289365
11431,0.002462,172.217.194.0-255,4320,189825,44,289365
11432,0.002464,172.31.46.0-255,66,189891,44,289365
11433,0.002493,172.31.46.0-255,66,189957,44,289365
11434,0.002504,172.217.194.0-255,1484,191441,44,289365
11435,0.002522,172.217.194.0-255,2902,194343,44,289365
11436,0.002524,172.31.46.0-255,66,194409,44,289365
11437,0.002545,172.217.194.0-255,4320,198729,44,289365
11438,0.002547,172.31.46.0-255,66,198795,44,289365
11439,0.00255,172.217.194.0-255,1484,200279,44,289365
11440,0.002587,172.217.194.0-255,7156,207435,44,289365
11441,0.002589,172.31.46.0-255,66,207501,44,289365
11442,0.002596,172.217.194.0-255,7156,214657,44,289365
11443,0.002598,172.31.46.0-255,66,214723,44,289365
11444,0.005146,172.217.194.0-255,5738,220461,44,289365
11445,0.005154,172.31.46.0-255,66,220527,44,289365
11446,0.007738,172.217.194.0-255,5738,226265,44,289365
11447,0.007742,172.31.46.0-255,66,226331,44,289365
11448,0.010327,172.217.194.0-255,5738,232069,44,289365
11449,0.010333,172.31.46.0-255,66,232135,44,289365
11450,0.012902,172.217.194.0-255,5738,237873,44,289365
11451,0.012911,172.31.46.0-255,66,237939,44,289365
11452,0.015474,172.217.194.0-255,5738,243677,44,289365
11453,0.015482,172.31.46.0-255,66,243743,44,289365
11454,0.018035,172.217.194.0-255,5738,249481,44,289365
11455,0.018046,172.31.46.0-255,66,249547,44,289365
11456,0.020623,172.217.194.0-255,5738,255285,44,289365
11457,0.02063,172.31.46.0-255,66,255351,44,289365
11458,0.023185,172.217.194.0-255,5738,261089,44,289365
11459,0.023192,172.31.46.0-255,66,261155,44,289365
11460,0.02575,172.217.194.0-255,5738,266893,44,289365
11461,0.025758,172.31.46.0-255,66,266959,44,289365
11462,0.028335,172.217.194.0-255,5738,272697,44,289365
11463,0.028341,172.31.46.0-255,66,272763,44,289365
11464,0.030916,172.217.194.0-255,5738,278501,44,289365
11465,0.030923,172.31.46.0-255,66,278567,44,289365
11466,0.033455,172.217.194.0-255,5738,284305,44,289365
11467,0.033463,172.31.46.0-255,66,284371,44,289365
11468,0.036031,172.217.194.0-255,2715,287086,44,289365
11469,0.03604,172.31.46.0-255,66,287152,44,289365
11470,0.03622,172.31.46.0-255,105,287257,44,289365
11471,0.038731,172.217.194.0-255,66,287323,44,289365
11472,0.040796,172.31.46.0-255,164,287487,44,289365
11473,0.040828,172.31.46.0-255,1123,288610,44,289365
11474,0.0409,172.31.46.0-255,557,289167,44,289365
11475,0.042316,104.244.42.0-255,66,289233,44,289365
11476,0.042447,104.244.42.0-255,66,289299,44,289365
11477,0.0425,104.244.42.0-255,66,289365,44,289365
11478,0.0,74.125.68.0-255,294,294,44,340649
11479,2.3e-05,172.31.46.0-255,66,360,44,340649
11480,3e-05,74.125.68.0-255,1484,1844,44,340649
11481,3.4e-05,172.31.46.0-255,66,1910,44,340649
11482,4e-05,74.125.68.0-255,2902,4812,44,340649
11483,4.2e-05,172.31.46.0-255,66,4878,44,340649
11484,4.9e-05,74.125.68.0-255,5738,10616,44,340649
11485,5.2e-05,172.31.46.0-255,66,10682,44,340649
11486,5.5e-05,74.125.68.0-255,1484,12166,44,340649
11487,5.8e-05,172.31.46.0-255,66,12232,44,340649
11488,9e-05,74.125.68.0-255,1920,14152,44,340649
11489,9.3e-05,172.31.46.0-255,66,14218,44,340649
11490,9.8e-05,74.125.68.0-255,4320,18538,44,340649
11491,0.000101,172.31.46.0-255,66,18604,44,340649
11492,0.000109,74.125.68.0-255,7156,25760,44,340649
11493,0.000111,172.31.46.0-255,66,25826,44,340649
11494,0.000136,74.125.68.0-255,2902,28728,44,340649
11495,0.000139,172.31.46.0-255,66,28794,44,340649
11496,0.000143,74.125.68.0-255,2543,31337,44,340649
11497,0.000145,172.31.46.0-255,66,31403,44,340649
11498,0.000261,74.125.68.0-255,1484,32887,44,340649
11499,0.000265,172.31.46.0-255,66,32953,44,340649
11500,0.00027,74.125.68.0-255,2902,35855,44,340649
11501,0.000273,172.31.46.0-255,66,35921,44,340649
11502,0.000295,74.125.68.0-255,5738,41659,44,340649
11503,0.000297,172.31.46.0-255,66,41725,44,340649
11504,0.00032,74.125.68.0-255,6797,48522,44,340649
11505,0.000322,172.31.46.0-255,66,48588,44,340649
11506,0.000348,74.125.68.0-255,7156,55744,44,340649
11507,0.00035,172.31.46.0-255,66,55810,44,340649
11508,0.000382,172.31.46.0-255,66,55876,44,340649
11509,0.000398,74.125.68.0-255,398,56274,44,340649
11510,0.000442,74.125.68.0-255,346,56620,44,340649
11511,0.000611,74.125.68.0-255,1484,58104,44,340649
11512,0.000615,74.125.68.0-255,1484,59588,44,340649
11513,0.000626,74.125.68.0-255,1484,61072,44,340649
11514,0.00064,172.31.46.0-255,66,61138,44,340649
11515,0.000652,74.125.68.0-255,5738,66876,44,340649
11516,0.000658,172.31.46.0-255,66,66942,44,340649
11517,0.000674,74.125.68.0-255,6797,73739,44,340649
11518,0.000693,172.31.46.0-255,66,73805,44,340649
11519,0.000714,74.125.68.0-255,2902,76707,44,340649
11520,0.000748,172.31.46.0-255,66,76773,44,340649
11521,0.000764,74.125.68.0-255,4320,81093,44,340649
11522,0.000776,74.125.68.0-255,1125,82218,44,340649
11523,0.000791,172.31.46.0-255,66,82284,44,340649
11524,0.001263,74.125.68.0-255,1484,83768,44,340649
11525,0.001268,74.125.68.0-255,2902,86670,44,340649
11526,0.001278,172.31.46.0-255,66,86736,44,340649
11527,0.001283,74.125.68.0-255,2902,89638,44,340649
11528,0.001287,172.31.46.0-255,66,89704,44,340649
11529,0.001299,74.125.68.0-255,2902,92606,44,340649
11530,0.001326,74.125.68.0-255,7156,99762,44,340649
11531,0.001328,172.31.46.0-255,66,99828,44,340649
11532,0.001332,172.31.46.0-255,66,99894,44,340649
11533,0.001343,74.125.68.0-255,5738,105632,44,340649
11534,0.001351,74.125.68.0-255,7156,112788,44,340649
11535,0.001379,172.31.46.0-255,66,112854,44,340649
11536,0.001385,74.125.68.0-255,3602,116456,44,340649
11537,0.001389,172.31.46.0-255,66,116522,44,340649
11538,0.001507,74.125.68.0-255,1484,118006,44,340649
11539,0.001521,74.125.68.0-255,1484,119490,44,340649
11540,0.001524,172.31.46.0-255,66,119556,44,340649
11541,0.001537,74.125.68.0-255,1484,121040,44,340649
11542,0.001541,74.125.68.0-255,1484,122524,44,340649
11543,0.001551,172.31.46.0-255,66,122590,44,340649
11544,0.001563,74.125.68.0-255,1484,124074,44,340649
11545,0.001569,74.125.68.0-255,4320,128394,44,340649
11546,0.001575,74.125.68.0-255,5738,134132,44,340649
11547,0.001588,172.31.46.0-255,66,134198,44,340649
11548,0.001605,74.125.68.0-255,2902,137100,44,340649
11549,0.001612,74.125.68.0-255,5738,142838,44,340649
11550,0.001618,74.125.68.0-255,7156,149994,44,340649
11551,0.001621,74.125.68.0-255,766,150760,44,340649
11552,0.001638,172.31.46.0-255,66,150826,44,340649
11553,0.001827,74.125.68.0-255,1484,152310,44,340649
11554,0.001842,74.125.68.0-255,2902,155212,44,340649
11555,0.001845,172.31.46.0-255,66,155278,44,340649
11556,0.001866,74.125.68.0-255,5738,161016,44,340649
11557,0.00187,172.31.46.0-255,66,161082,44,340649
11558,0.001892,74.125.68.0-255,4320,165402,44,340649
11559,0.0019,172.31.46.0-255,66,165468,44,340649
11560,0.001908,74.125.68.0-255,2902,168370,44,340649
11561,0.001913,74.125.68.0-255,2902,171272,44,340649
11562,0.001917,172.31.46.0-255,66,171338,44,340649
11563,0.001929,74.125.68.0-255,5738,177076,44,340649
11564,0.00194,74.125.68.0-255,2902,179978,44,340649
11565,0.001958,74.125.68.0-255,5020,184998,44,340649
11566,0.001966,172.31.46.0-255,66,185064,44,340649
11567,0.002055,74.125.68.0-255,1484,186548,44,340649
11568,0.002059,74.125.68.0-255,1484,188032,44,340649
11569,0.002062,172.31.46.0-255,66,188098,44,340649
11570,0.002081,74.125.68.0-255,1484,189582,44,340649
11571,0.002087,74.125.68.0-255,4320,193902,44,340649
11572,0.002096,172.31.46.0-255,66,193968,44,340649
11573,0.002104,74.125.68.0-255,1484,195452,44,340649
11574,0.002108,74.125.68.0-255,2902,198354,44,340649
11575,0.002112,74.125.68.0-255,4320,202674,44,340649
11576,0.002117,172.31.46.0-255,66,202740,44,340649
11577,0.002147,74.125.68.0-255,4320,207060,44,340649
11578,0.002153,172.31.46.0-255,66,207126,44,340649
11579,0.002167,74.125.68.0-255,2902,210028,44,340649
11580,0.002179,74.125.68.0-255,766,210794,44,340649
11581,0.002198,172.31.46.0-255,66,210860,44,340649
11582,0.002291,74.125.68.0-255,1484,212344,44,340649
11583,0.002296,74.125.68.0-255,1484,213828,44,340649
11584,0.002301,172.31.46.0-255,66,213894,44,340649
11585,0.002318,74.125.68.0-255,1484,215378,44,340649
11586,0.002324,74.125.68.0-255,5738,221116,44,340649
11587,0.002331,172.31.46.0-255,66,221182,44,340649
11588,0.004645,74.125.68.0-255,5738,226920,44,340649
11589,0.004652,172.31.46.0-255,66,226986,44,340649
11590,0.006966,74.125.68.0-255,5738,232724,44,340649
11591,0.010215,172.31.46.0-255,66,232790,44,340649
11592,0.012526,74.125.68.0-255,5738,238528,44,340649
11593,0.012535,172.31.46.0-255,66,238594,44,340649
11594,0.014887,74.125.68.0-255,5738,244332,44,340649
11595,0.014895,172.31.46.0-255,66,244398,44,340649
11596,0.017216,74.125.68.0-255,5738,250136,44,340649
11597,0.017223,172.31.46.0-255,66,250202,44,340649
11598,0.019542,74.125.68.0-255,5738,255940,44,340649
11599,0.019553,172.31.46.0-255,66,256006,44,340649
11600,0.021864,74.125.68.0-255,5738,261744,44,340649
11601,0.021872,172.31.46.0-255,66,261810,44,340649
11602,0.024181,74.125.68.0-255,5738,267548,44,340649
11603,0.024188,172.31.46.0-255,66,267614,44,340649
11604,0.026498,74.125.68.0-255,5738,273352,44,340649
11605,0.026505,172.31.46.0-255,66,273418,44,340649
11606,0.028819,74.125.68.0-255,5738,279156,44,340649
11607,0.028827,172.31.46.0-255,66,279222,44,340649
11608,0.031142,74.125.68.0-255,5738,284960,44,340649
11609,0.031154,172.31.46.0-255,66,285026,44,340649
11610,0.033476,74.125.68.0-255,5738,290764,44,340649
11611,0.033489,172.31.46.0-255,66,290830,44,340649
11612,0.035817,74.125.68.0-255,5738,296568,44,340649
11613,0.035832,172.31.46.0-255,66,296634,44,340649
11614,0.038158,74.125.68.0-255,5738,302372,44,340649
11615,0.038173,172.31.46.0-255,66,302438,44,340649
11616,0.040521,74.125.68.0-255,5738,308176,44,340649
11617,0.040537,172.31.46.0-255,66,308242,44,340649
11618,0.042855,74.125.68.0-255,5738,313980,44,340649
11619,0.042871,172.31.46.0-255,66,314046,44,340649
11620,0.044126,172.31.46.0-255,172,314218,44,340649
11621,0.044162,172.31.46.0-255,1114,315332,44,340649
11622,0.044226,172.31.46.0-255,1514,316846,44,340649
11623,0.044229,172.31.46.0-255,1514,318360,44,340649
11624,0.044235,172.31.46.0-255,1514,319874,44,340649
11625,0.044236,172.31.46.0-255,1514,321388,44,340649
11626,0.044292,172.31.46.0-255,1514,322902,44,340649
11627,0.044293,172.31.46.0-255,71,322973,44,340649
11628,0.045179,74.125.68.0-255,5738,328711,44,340649
11629,0.045189,172.31.46.0-255,66,328777,44,340649
11630,0.045652,104.244.42.0-255,66,328843,44,340649
11631,0.0457,104.244.42.0-255,66,328909,44,340649
11632,0.045807,104.244.42.0-255,66,328975,44,340649
11633,0.045838,104.244.42.0-255,66,329041,44,340649
11634,0.047502,74.125.68.0-255,5738,334779,44,340649
11635,0.047517,172.31.46.0-255,66,334845,44,340649
11636,0.049821,74.125.68.0-255,5738,340583,44,340649
11637,0.049832,172.31.46.0-255,66,340649,44,340649
11638,0.0,74.125.24.0-255,298,298,44,176147
11639,2.2e-05,172.31.46.0-255,66,364,44,176147
11640,2.8e-05,74.125.24.0-255,1484,1848,44,176147
11641,3.3e-05,172.31.46.0-255,66,1914,44,176147
11642,4.7e-05,74.125.24.0-255,4320,6234,44,176147
11643,5.1e-05,172.31.46.0-255,66,6300,44,176147
11644,5.8e-05,74.125.24.0-255,5738,12038,44,176147
11645,6.1e-05,172.31.46.0-255,66,12104,44,176147
11646,8.3e-05,74.125.24.0-255,3299,15403,44,176147
11647,8.5e-05,172.31.46.0-255,66,15469,44,176147
11648,9.9e-05,74.125.24.0-255,7156,22625,44,176147
11649,0.000101,172.31.46.0-255,66,22691,44,176147
11650,0.000128,74.125.24.0-255,1484,24175,44,176147
11651,0.000131,172.31.46.0-255,66,24241,44,176147
11652,0.000158,74.125.24.0-255,6797,31038,44,176147
11653,0.000161,172.31.46.0-255,66,31104,44,176147
11654,0.000165,74.125.24.0-255,1484,32588,44,176147
11655,0.000167,172.31.46.0-255,66,32654,44,176147
11656,0.000205,74.125.24.0-255,2902,35556,44,176147
11657,0.000208,172.31.46.0-255,66,35622,44,176147
11658,0.000214,74.125.24.0-255,5738,41360,44,176147
11659,0.000216,172.31.46.0-255,66,41426,44,176147
11660,0.000248,172.31.46.0-255,66,41492,44,176147
11661,0.000298,172.31.46.0-255,66,41558,44,176147
11662,0.000332,74.125.24.0-255,1484,43042,44,176147
11663,0.000336,74.125.24.0-255,2902,45944,44,176147
11664,0.000339,172.31.46.0-255,66,46010,44,176147
11665,0.000342,172.31.46.0-255,66,46076,44,176147
11666,0.000353,74.125.24.0-255,2902,48978,44,176147
11667,0.00036,172.31.46.0-255,66,49044,44,176147
11668,0.000395,74.125.24.0-255,2902,51946,44,176147
11669,0.000398,172.31.46.0-255,66,52012,44,176147
11670,0.000404,74.125.24.0-255,6493,58505,44,176147
11671,0.000406,172.31.46.0-255,66,58571,44,176147
11672,0.000788,74.125.24.0-255,1484,60055,44,176147
11673,0.000796,74.125.24.0-255,2902,62957,44,176147
11674,0.000799,172.31.46.0-255,66,63023,44,176147
11675,0.000804,74.125.24.0-255,1484,64507,44,176147
11676,0.000831,74.125.24.0-255,4320,68827,44,176147
11677,0.000845,172.31.46.0-255,66,68893,44,176147
11678,0.000853,172.31.46.0-255,66,68959,44,176147
11679,0.000862,74.125.24.0-255,4320,73279,44,176147
11680,0.000864,172.31.46.0-255,66,73345,44,176147
11681,0.000922,172.31.46.0-255,66,73411,44,176147
11682,0.001212,74.125.24.0-255,1484,74895,44,176147
11683,0.001219,74.125.24.0-255,2902,77797,44,176147
11684,0.001222,172.31.46.0-255,66,77863,44,176147
11685,0.001257,74.125.24.0-255,5738,83601,44,176147
11686,0.00126,172.31.46.0-255,66,83667,44,176147
11687,0.001278,172.31.46.0-255,66,83733,44,176147
11688,0.001283,74.125.24.0-255,4320,88053,44,176147
11689,0.001285,172.31.46.0-255,66,88119,44,176147
11690,0.001321,74.125.24.0-255,6438,94557,44,176147
11691,0.001324,172.31.46.0-255,66,94623,44,176147
11692,0.001335,172.31.46.0-255,66,94689,44,176147
11693,0.001366,74.125.24.0-255,2902,97591,44,176147
11694,0.001369,172.31.46.0-255,66,97657,44,176147
11695,0.001384,172.31.46.0-255,66,97723,44,176147
11696,0.001421,172.31.46.0-255,66,97789,44,176147
11697,0.001484,74.125.24.0-255,1484,99273,44,176147
11698,0.00149,74.125.24.0-255,2902,102175,44,176147
11699,0.001492,172.31.46.0-255,66,102241,44,176147
11700,0.001523,74.125.24.0-255,5738,107979,44,176147
11701,0.001526,172.31.46.0-255,66,108045,44,176147
11702,0.001544,172.31.46.0-255,66,108111,44,176147
11703,0.001548,74.125.24.0-255,2902,111013,44,176147
11704,0.001551,172.31.46.0-255,66,111079,44,176147
11705,0.00158,172.31.46.0-255,66,111145,44,176147
11706,0.001618,74.125.24.0-255,1484,112629,44,176147
11707,0.001622,74.125.24.0-255,1484,114113,44,176147
11708,0.001625,172.31.46.0-255,66,114179,44,176147
11709,0.001642,74.125.24.0-255,1484,115663,44,176147
11710,0.001649,74.125.24.0-255,4320,119983,44,176147
11711,0.001651,172.31.46.0-255,66,120049,44,176147
11712,0.001678,74.125.24.0-255,1484,121533,44,176147
11713,0.001685,74.125.24.0-255,7156,128689,44,176147
11714,0.001688,172.31.46.0-255,66,128755,44,176147
11715,0.00172,74.125.24.0-255,5738,134493,44,176147
11716,0.001723,172.31.46.0-255,66,134559,44,176147
11717,0.001729,74.125.24.0-255,4320,138879,44,176147
11718,0.001731,172.31.46.0-255,66,138945,44,176147
11719,0.001765,74.125.24.0-255,6438,145383,44,176147
11720,0.001769,172.31.46.0-255,66,145449,44,176147
11721,0.001823,74.125.24.0-255,1484,146933,44,176147
11722,0.001828,74.125.24.0-255,2902,149835,44,176147
11723,0.001831,172.31.46.0-255,66,149901,44,176147
11724,0.001834,74.125.24.0-255,1484,151385,44,176147
11725,0.001859,74.125.24.0-255,4320,155705,44,176147
11726,0.001862,172.31.46.0-255,66,155771,44,176147
11727,0.001884,74.125.24.0-255,5738,161509,44,176147
11728,0.001887,172.31.46.0-255,66,161575,44,176147
11729,0.0019,172.31.46.0-255,66,161641,44,176147
11730,0.001905,74.125.24.0-255,4320,165961,44,176147
11731,0.001911,172.31.46.0-255,66,166027,44,176147
11732,0.001958,172.31.46.0-255,66,166093,44,176147
11733,0.001979,172.31.46.0-255,66,166159,44,176147
11734,0.001993,172.31.46.0-255,66,166225,44,176147
11735,0.002073,172.31.46.0-255,66,166291,44,176147
11736,0.002097,172.31.46.0-255,66,166357,44,176147
11737,0.002145,172.31.46.0-255,66,166423,44,176147
11738,0.002149,74.125.24.0-255,105,166528,44,176147
11739,0.010096,172.31.46.0-255,66,166594,44,176147
11740,0.010144,172.31.46.0-255,105,166699,44,176147
11741,0.012412,74.125.24.0-255,66,166765,44,176147
11742,0.03699,172.31.46.0-255,188,166953,44,176147
11743,0.037024,172.31.46.0-255,955,167908,44,176147
11744,0.037088,172.31.46.0-255,1514,169422,44,176147
11745,0.03709,172.31.46.0-255,1514,170936,44,176147
11746,0.037096,172.31.46.0-255,1514,172450,44,176147
11747,0.037097,172.31.46.0-255,1514,173964,44,176147
11748,0.037116,172.31.46.0-255,1514,175478,44,176147
11749,0.037118,172.31.46.0-255,231,175709,44,176147
11750,0.038485,104.244.42.0-255,66,175775,44,176147
11751,0.03852,104.244.42.0-255,66,175841,44,176147
11752,0.038611,104.244.42.0-255,66,175907,44,176147
11753,0.03863,104.244.42.0-255,66,175973,44,176147
11754,0.040215,104.244.42.0-255,108,176081,44,176147
11755,0.040232,172.31.46.0-255,66,176147,44,176147
11756,0.0,172.217.194.0-255,150,150,44,256299
11757,1.9e-05,172.31.46.0-255,66,216,44,256299
11758,2.6e-05,172.217.194.0-255,1484,1700,44,256299
11759,3e-05,172.31.46.0-255,66,1766,44,256299
11760,4.3e-05,172.217.194.0-255,2902,4668,44,256299
11761,4.7e-05,172.31.46.0-255,66,4734,44,256299
11762,5.5e-05,172.217.194.0-255,7156,11890,44,256299
11763,5.8e-05,172.31.46.0-255,66,11956,44,256299
11764,0.000104,172.31.46.0-255,66,12022,44,256299
11765,0.000111,172.217.194.0-255,5738,17760,44,256299
11766,0.000113,172.31.46.0-255,66,17826,44,256299
11767,0.000148,172.217.194.0-255,4320,22146,44,256299
11768,0.000152,172.31.46.0-255,66,22212,44,256299
11769,0.000155,172.217.194.0-255,1125,23337,44,256299
11770,0.000156,172.31.46.0-255,66,23403,44,256299
11771,0.000241,172.217.194.0-255,1484,24887,44,256299
11772,0.000245,172.31.46.0-255,66,24953,44,256299
11773,0.00025,172.217.194.0-255,2902,27855,44,256299
11774,0.000253,172.31.46.0-255,66,27921,44,256299
11775,0.000256,172.217.194.0-255,1484,29405,44,256299
11776,0.000258,172.31.46.0-255,66,29471,44,256299
11777,0.000292,172.217.194.0-255,4320,33791,44,256299
11778,0.000295,172.31.46.0-255,66,33857,44,256299
11779,0.000302,172.217.194.0-255,6797,40654,44,256299
11780,0.00031,172.31.46.0-255,66,40720,44,256299
11781,0.000317,172.217.194.0-255,7156,47876,44,256299
11782,0.00032,172.31.46.0-255,66,47942,44,256299
11783,0.000378,172.31.46.0-255,66,48008,44,256299
11784,0.000381,172.217.194.0-255,357,48365,44,256299
11785,0.000383,172.31.46.0-255,66,48431,44,256299
11786,0.000869,172.217.194.0-255,386,48817,44,256299
11787,0.001072,172.31.46.0-255,66,48883,44,256299
11788,0.001182,172.217.194.0-255,1484,50367,44,256299
11789,0.001192,172.217.194.0-255,2902,53269,44,256299
11790,0.001195,172.31.46.0-255,66,53335,44,256299
11791,0.001203,172.217.194.0-255,5738,59073,44,256299
11792,0.001205,172.31.46.0-255,66,59139,44,256299
11793,0.001238,172.217.194.0-255,6797,65936,44,256299
11794,0.00124,172.31.46.0-255,66,66002,44,256299
11795,0.001281,172.217.194.0-255,1484,67486,44,256299
11796,0.001286,172.217.194.0-255,2902,70388,44,256299
11797,0.001288,172.31.46.0-255,66,70454,44,256299
11798,0.0013,172.217.194.0-255,1484,71938,44,256299
11799,0.001317,172.217.194.0-255,4320,76258,44,256299
11800,0.00132,172.31.46.0-255,66,76324,44,256299
11801,0.001326,172.217.194.0-255,5738,82062,44,256299
11802,0.001329,172.31.46.0-255,66,82128,44,256299
11803,0.001366,172.217.194.0-255,1125,83253,44,256299
11804,0.001786,172.217.194.0-255,1484,84737,44,256299
11805,0.001793,172.31.46.0-255,66,84803,44,256299
11806,0.0018,172.217.194.0-255,2902,87705,44,256299
11807,0.001802,172.31.46.0-255,66,87771,44,256299
11808,0.001814,172.217.194.0-255,5738,93509,44,256299
11809,0.001816,172.31.46.0-255,66,93575,44,256299
11810,0.00186,172.31.46.0-255,66,93641,44,256299
11811,0.001864,172.217.194.0-255,1484,95125,44,256299
11812,0.001868,172.217.194.0-255,2902,98027,44,256299
11813,0.00187,172.31.46.0-255,66,98093,44,256299
11814,0.001905,172.217.194.0-255,5738,103831,44,256299
11815,0.001908,172.31.46.0-255,66,103897,44,256299
11816,0.001911,172.217.194.0-255,766,104663,44,256299
11817,0.00199,172.217.194.0-255,1484,106147,44,256299
11818,0.001995,172.31.46.0-255,66,106213,44,256299
11819,0.002026,172.217.194.0-255,2902,109115,44,256299
11820,0.00203,172.31.46.0-255,66,109181,44,256299
11821,0.002056,172.217.194.0-255,4320,113501,44,256299
11822,0.002059,172.31.46.0-255,66,113567,44,256299
11823,0.002069,172.31.46.0-255,66,113633,44,256299
11824,0.002085,172.31.46.0-255,66,113699,44,256299
11825,0.00211,172.217.194.0-255,3602,117301,44,256299
11826,0.002112,172.31.46.0-255,66,117367,44,256299
11827,0.002119,172.217.194.0-255,1484,118851,44,256299
11828,0.002123,172.217.194.0-255,2902,121753,44,256299
11829,0.002126,172.31.46.0-255,66,121819,44,256299
11830,0.002129,172.217.194.0-255,1484,123303,44,256299
11831,0.002164,172.217.194.0-255,4320,127623,44,256299
11832,0.002166,172.31.46.0-255,66,127689,44,256299
11833,0.002176,172.31.46.0-255,66,127755,44,256299
11834,0.002226,172.217.194.0-255,2902,130657,44,256299
11835,0.002229,172.31.46.0-255,66,130723,44,256299
11836,0.00226,172.31.46.0-255,66,130789,44,256299
11837,0.004536,172.217.194.0-255,5738,136527,44,256299
11838,0.00454,172.31.46.0-255,66,136593,44,256299
11839,0.006828,172.217.194.0-255,5738,142331,44,256299
11840,0.006836,172.31.46.0-255,66,142397,44,256299
11841,0.009141,172.217.194.0-255,5738,148135,44,256299
11842,0.009148,172.31.46.0-255,66,148201,44,256299
11843,0.011429,172.217.194.0-255,5738,153939,44,256299
11844,0.011436,172.31.46.0-255,66,154005,44,256299
11845,0.013753,172.217.194.0-255,5738,159743,44,256299
11846,0.013761,172.31.46.0-255,66,159809,44,256299
11847,0.016066,172.217.194.0-255,5738,165547,44,256299
11848,0.016077,172.31.46.0-255,66,165613,44,256299
11849,0.018374,172.217.194.0-255,5738,171351,44,256299
11850,0.018383,172.31.46.0-255,66,171417,44,256299
11851,0.020682,172.217.194.0-255,5738,177155,44,256299
11852,0.020691,172.31.46.0-255,66,177221,44,256299
11853,0.022995,172.217.194.0-255,5738,182959,44,256299
11854,0.023003,172.31.46.0-255,66,183025,44,256299
11855,0.025316,172.217.194.0-255,5738,188763,44,256299
11856,0.025325,172.31.46.0-255,66,188829,44,256299
11857,0.027633,172.217.194.0-255,5738,194567,44,256299
11858,0.027642,172.31.46.0-255,66,194633,44,256299
11859,0.029987,172.217.194.0-255,5738,200371,44,256299
11860,0.029996,172.31.46.0-255,66,200437,44,256299
11861,0.032202,172.31.46.0-255,172,200609,44,256299
11862,0.032235,172.31.46.0-255,1109,201718,44,256299
11863,0.032299,172.31.46.0-255,1514,203232,44,256299
11864,0.032301,172.31.46.0-255,1514,204746,44,256299
11865,0.032302,172.31.46.0-255,1514,206260,44,256299
11866,0.032315,172.31.46.0-255,1514,207774,44,256299
11867,0.032316,172.31.46.0-255,1514,209288,44,256299
11868,0.032317,172.31.46.0-255,75,209363,44,256299
11869,0.032328,172.217.194.0-255,5738,215101,44,256299
11870,0.032333,172.31.46.0-255,66,215167,44,256299
11871,0.033735,104.244.42.0-255,66,215233,44,256299
11872,0.033761,104.244.42.0-255,66,215299,44,256299
11873,0.03387,104.244.42.0-255,66,215365,44,256299
11874,0.033901,104.244.42.0-255,66,215431,44,256299
11875,0.033904,104.244.42.0-255,66,215497,44,256299
11876,0.034641,172.217.194.0-255,5738,221235,44,256299
11877,0.034653,172.31.46.0-255,66,221301,44,256299
11878,0.035093,104.244.42.0-255,108,221409,44,256299
11879,0.035102,172.31.46.0-255,66,221475,44,256299
11880,0.036953,172.217.194.0-255,5738,227213,44,256299
11881,0.036964,172.31.46.0-255,66,227279,44,256299
11882,0.039264,172.217.194.0-255,5738,233017,44,256299
11883,0.039282,172.31.46.0-255,66,233083,44,256299
11884,0.041616,172.217.194.0-255,5738,238821,44,256299
11885,0.041629,172.31.46.0-255,66,238887,44,256299
11886,0.04394,172.217.194.0-255,5738,244625,44,256299
11887,0.043948,172.31.46.0-255,66,244691,44,256299
11888,0.046282,172.217.194.0-255,5738,250429,44,256299
11889,0.046289,172.31.46.0-255,66,250495,44,256299
11890,0.048596,172.217.194.0-255,5738,256233,44,256299
11891,0.048603,172.31.46.0-255,66,256299,44,256299
11892,0.0,74.125.24.0-255,153,153,44,227044
11893,2.3e-05,172.31.46.0-255,66,219,44,227044
11894,3.1e-05,74.125.24.0-255,1484,1703,44,227044
11895,3.6e-05,172.31.46.0-255,66,1769,44,227044
11896,4.2e-05,74.125.24.0-255,2902,4671,44,227044
11897,4.5e-05,172.31.46.0-255,66,4737,44,227044
11898,5.3e-05,74.125.24.0-255,7156,11893,44,227044
11899,5.6e-05,172.31.46.0-255,66,11959,44,227044
11900,5.9e-05,74.125.24.0-255,1484,13443,44,227044
11901,6.2e-05,172.31.46.0-255,66,13509,44,227044
11902,9.1e-05,74.125.24.0-255,2074,15583,44,227044
11903,9.3e-05,172.31.46.0-255,66,15649,44,227044
11904,0.000108,172.31.46.0-255,66,15715,44,227044
11905,0.000113,74.125.24.0-255,2543,18258,44,227044
11906,0.000115,172.31.46.0-255,66,18324,44,227044
11907,0.000981,74.125.24.0-255,1484,19808,44,227044
11908,0.000991,172.31.46.0-255,66,19874,44,227044
11909,0.000999,74.125.24.0-255,2902,22776,44,227044
11910,0.001003,172.31.46.0-255,66,22842,44,227044
11911,0.001009,74.125.24.0-255,5738,28580,44,227044
11912,0.001012,172.31.46.0-255,66,28646,44,227044
11913,0.001026,172.31.46.0-255,66,28712,44,227044
11914,0.001055,74.125.24.0-255,1484,30196,44,227044
11915,0.001058,172.31.46.0-255,66,30262,44,227044
11916,0.001069,172.31.46.0-255,66,30328,44,227044
11917,0.001073,74.125.24.0-255,2184,32512,44,227044
11918,0.001076,172.31.46.0-255,66,32578,44,227044
11919,0.001383,74.125.24.0-255,398,32976,44,227044
11920,0.001389,172.31.46.0-255,66,33042,44,227044
11921,0.001437,74.125.24.0-255,345,33387,44,227044
11922,0.00171,74.125.24.0-255,1484,34871,44,227044
11923,0.001715,74.125.24.0-255,2902,37773,44,227044
11924,0.001722,172.31.46.0-255,66,37839,44,227044
11925,0.001726,172.31.46.0-255,66,37905,44,227044
11926,0.001748,74.125.24.0-255,5738,43643,44,227044
11927,0.001751,172.31.46.0-255,66,43709,44,227044
11928,0.001776,172.31.46.0-255,66,43775,44,227044
11929,0.001814,74.125.24.0-255,5738,49513,44,227044
11930,0.001818,172.31.46.0-255,66,49579,44,227044
11931,0.001847,172.31.46.0-255,66,49645,44,227044
11932,0.00189,74.125.24.0-255,1484,51129,44,227044
11933,0.001915,74.125.24.0-255,2902,54031,44,227044
11934,0.001918,172.31.46.0-255,66,54097,44,227044
11935,0.001925,74.125.24.0-255,5738,59835,44,227044
11936,0.001927,172.31.46.0-255,66,59901,44,227044
11937,0.001953,172.31.46.0-255,66,59967,44,227044
11938,0.001956,74.125.24.0-255,1484,61451,44,227044
11939,0.001983,172.31.46.0-255,66,61517,44,227044
11940,0.002021,74.125.24.0-255,2902,64419,44,227044
11941,0.002025,172.31.46.0-255,66,64485,44,227044
11942,0.002084,172.31.46.0-255,66,64551,44,227044
11943,0.002099,74.125.24.0-255,2902,67453,44,227044
11944,0.002102,172.31.46.0-255,66,67519,44,227044
11945,0.002116,172.31.46.0-255,66,67585,44,227044
11946,0.002119,74.125.24.0-255,1484,69069,44,227044
11947,0.002144,74.125.24.0-255,2902,71971,44,227044
11948,0.002147,172.31.46.0-255,66,72037,44,227044
11949,0.002154,74.125.24.0-255,5738,77775,44,227044
11950,0.002156,172.31.46.0-255,66,77841,44,227044
11951,0.002164,74.125.24.0-255,7156,84997,44,227044
11952,0.002166,172.31.46.0-255,66,85063,44,227044
11953,0.002192,74.125.24.0-255,5738,90801,44,227044
11954,0.002195,172.31.46.0-255,66,90867,44,227044
11955,0.002224,74.125.24.0-255,5738,96605,44,227044
11956,0.002227,172.31.46.0-255,66,96671,44,227044
11957,0.00225,74.125.24.0-255,5020,101691,44,227044
11958,0.002253,172.31.46.0-255,66,101757,44,227044
11959,0.00452,74.125.24.0-255,5738,107495,44,227044
11960,0.004533,172.31.46.0-255,66,107561,44,227044
11961,0.006789,74.125.24.0-255,5738,113299,44,227044
11962,0.006797,172.31.46.0-255,66,113365,44,227044
11963,0.009064,74.125.24.0-255,5738,119103,44,227044
11964,0.009071,172.31.46.0-255,66,119169,44,227044
11965,0.011377,74.125.24.0-255,5738,124907,44,227044
11966,0.011396,172.31.46.0-255,66,124973,44,227044
11967,0.013704,74.125.24.0-255,5738,130711,44,227044
11968,0.013722,172.31.46.0-255,66,130777,44,227044
11969,0.015961,74.125.24.0-255,5738,136515,44,227044
11970,0.015971,172.31.46.0-255,66,136581,44,227044
11971,0.018273,74.125.24.0-255,5738,142319,44,227044
11972,0.018281,172.31.46.0-255,66,142385,44,227044
11973,0.02057,74.125.24.0-255,5738,148123,44,227044
11974,0.02058,172.31.46.0-255,66,148189,44,227044
11975,0.022893,74.125.24.0-255,5738,153927,44,227044
11976,0.022901,172.31.46.0-255,66,153993,44,227044
11977,0.02523,74.125.24.0-255,5738,159731,44,227044
11978,0.025238,172.31.46.0-255,66,159797,44,227044
11979,0.027548,74.125.24.0-255,5738,165535,44,227044
11980,0.027559,172.31.46.0-255,66,165601,44,227044
11981,0.029807,74.125.24.0-255,5738,171339,44,227044
11982,0.029814,172.31.46.0-255,66,171405,44,227044
11983,0.032105,74.125.24.0-255,5738,177143,44,227044
11984,0.032113,172.31.46.0-255,66,177209,44,227044
11985,0.034399,74.125.24.0-255,5738,182947,44,227044
11986,0.034406,172.31.46.0-255,66,183013,44,227044
11987,0.036648,74.125.24.0-255,5738,188751,44,227044
11988,0.036654,172.31.46.0-255,66,188817,44,227044
11989,0.038901,74.125.24.0-255,5738,194555,44,227044
11990,0.038909,172.31.46.0-255,66,194621,44,227044
11991,0.041208,74.125.24.0-255,5738,200359,44,227044
11992,0.04122,172.31.46.0-255,66,200425,44,227044
11993,0.0435,74.125.24.0-255,5738,206163,44,227044
11994,0.043512,172.31.46.0-255,66,206229,44,227044
11995,0.045808,74.125.24.0-255,5738,211967,44,227044
11996,0.045815,172.31.46.0-255,66,212033,44,227044
11997,0.047056,172.31.46.0-255,188,212221,44,227044
11998,0.047087,172.31.46.0-255,955,213176,44,227044
11999,0.04715,172.31.46.0-255,1514,214690,44,227044
12000,0.047152,172.31.46.0-255,1514,216204,44,227044
12001,0.047157,172.31.46.0-255,1514,217718,44,227044
12002,0.047158,172.31.46.0-255,1514,219232,44,227044
12003,0.047182,172.31.46.0-255,1514,220746,44,227044
12004,0.047184,172.31.46.0-255,230,220976,44,227044
12005,0.048114,74.125.24.0-255,5738,226714,44,227044
12006,0.048121,172.31.46.0-255,66,226780,44,227044
12007,0.048583,104.244.42.0-255,66,226846,44,227044
12008,0.048629,104.244.42.0-255,66,226912,44,227044
12009,0.048757,104.244.42.0-255,66,226978,44,227044
12010,0.048764,104.244.42.0-255,66,227044,44,227044
12011,0.0,172.217.194.0-255,146,146,44,208168
12012,1.8e-05,172.31.46.0-255,66,212,44,208168
12013,2.5e-05,172.217.194.0-255,1484,1696,44,208168
12014,3e-05,172.31.46.0-255,66,1762,44,208168
12015,3.6e-05,172.217.194.0-255,2902,4664,44,208168
12016,4e-05,172.31.46.0-255,66,4730,44,208168
12017,4.7e-05,172.217.194.0-255,7156,11886,44,208168
12018,5e-05,172.31.46.0-255,66,11952,44,208168
12019,5.5e-05,172.217.194.0-255,4320,16272,44,208168
12020,5.9e-05,172.31.46.0-255,66,16338,44,208168
12021,8.4e-05,172.217.194.0-255,3520,19858,44,208168
12022,8.8e-05,172.31.46.0-255,66,19924,44,208168
12023,0.000102,172.217.194.0-255,4320,24244,44,208168
12024,0.000104,172.31.46.0-255,66,24310,44,208168
12025,0.000127,172.217.194.0-255,6797,31107,44,208168
12026,0.00013,172.31.46.0-255,66,31173,44,208168
12027,0.000149,172.217.194.0-255,5738,36911,44,208168
12028,0.000151,172.31.46.0-255,66,36977,44,208168
12029,0.000175,172.217.194.0-255,5738,42715,44,208168
12030,0.000177,172.31.46.0-255,66,42781,44,208168
12031,0.000184,172.217.194.0-255,7156,49937,44,208168
12032,0.000186,172.31.46.0-255,66,50003,44,208168
12033,0.000201,172.217.194.0-255,5379,55382,44,208168
12034,0.000204,172.31.46.0-255,66,55448,44,208168
12035,0.000216,172.31.46.0-255,66,55514,44,208168
12036,0.000235,172.217.194.0-255,374,55888,44,208168
12037,0.000238,172.31.46.0-255,66,55954,44,208168
12038,0.00027,172.217.194.0-255,400,56354,44,208168
12039,0.000272,172.31.46.0-255,66,56420,44,208168
12040,0.000527,172.217.194.0-255,1484,57904,44,208168
12041,0.000534,172.31.46.0-255,66,57970,44,208168
12042,0.000539,172.217.194.0-255,2902,60872,44,208168
12043,0.000541,172.31.46.0-255,66,60938,44,208168
12044,0.000562,172.217.194.0-255,5738,66676,44,208168
12045,0.000565,172.31.46.0-255,66,66742,44,208168
12046,0.000568,172.217.194.0-255,1484,68226,44,208168
12047,0.00057,172.31.46.0-255,66,68292,44,208168
12048,0.000575,172.217.194.0-255,4320,72612,44,208168
12049,0.000578,172.31.46.0-255,66,72678,44,208168
12050,0.000599,172.217.194.0-255,5379,78057,44,208168
12051,0.00061,172.31.46.0-255,66,78123,44,208168
12052,0.000623,172.217.194.0-255,5738,83861,44,208168
12053,0.000641,172.217.194.0-255,6797,90658,44,208168
12054,0.000655,172.31.46.0-255,66,90724,44,208168
12055,0.000882,172.217.194.0-255,1484,92208,44,208168
12056,0.000888,172.217.194.0-255,2902,95110,44,208168
12057,0.0009,172.31.46.0-255,66,95176,44,208168
12058,0.000915,172.217.194.0-255,5738,100914,44,208168
12059,0.000918,172.217.194.0-255,1484,102398,44,208168
12060,0.000931,172.31.46.0-255,66,102464,44,208168
12061,0.000978,172.217.194.0-255,2902,105366,44,208168
12062,0.000981,172.31.46.0-255,66,105432,44,208168
12063,0.000986,172.31.46.0-255,66,105498,44,208168
12064,0.001023,172.31.46.0-255,66,105564,44,208168
12065,0.001373,172.217.194.0-255,1484,107048,44,208168
12066,0.00138,172.217.194.0-255,2902,109950,44,208168
12067,0.001383,172.31.46.0-255,66,110016,44,208168
12068,0.001409,172.217.194.0-255,5738,115754,44,208168
12069,0.001412,172.31.46.0-255,66,115820,44,208168
12070,0.00142,172.217.194.0-255,5738,121558,44,208168
12071,0.001436,172.217.194.0-255,7156,128714,44,208168
12072,0.001473,172.217.194.0-255,5738,134452,44,208168
12073,0.001488,172.217.194.0-255,5020,139472,44,208168
12074,0.001494,172.31.46.0-255,66,139538,44,208168
12075,0.001529,172.217.194.0-255,1484,141022,44,208168
12076,0.001534,172.217.194.0-255,2902,143924,44,208168
12077,0.001547,172.217.194.0-255,4320,148244,44,208168
12078,0.001553,172.31.46.0-255,66,148310,44,208168
12079,0.001564,172.217.194.0-255,1484,149794,44,208168
12080,0.001578,172.217.194.0-255,4320,154114,44,208168
12081,0.001582,172.31.46.0-255,66,154180,44,208168
12082,0.001607,172.217.194.0-255,5738,159918,44,208168
12083,0.001613,172.31.46.0-255,66,159984,44,208168
12084,0.001633,172.217.194.0-255,5020,165004,44,208168
12085,0.00164,172.31.46.0-255,66,165070,44,208168
12086,0.001727,172.217.194.0-255,1484,166554,44,208168
12087,0.001732,172.217.194.0-255,2902,169456,44,208168
12088,0.001741,172.31.46.0-255,66,169522,44,208168
12089,0.001756,172.217.194.0-255,5738,175260,44,208168
12090,0.001769,172.31.46.0-255,66,175326,44,208168
12091,0.001785,172.217.194.0-255,1484,176810,44,208168
12092,0.00179,172.31.46.0-255,66,176876,44,208168
12093,0.001826,172.31.46.0-255,66,176942,44,208168
12094,0.001834,172.217.194.0-255,2902,179844,44,208168
12095,0.001844,172.217.194.0-255,2902,182746,44,208168
12096,0.001848,172.31.46.0-255,66,182812,44,208168
12097,0.001859,172.217.194.0-255,1484,184296,44,208168
12098,0.001881,172.217.194.0-255,4320,188616,44,208168
12099,0.001904,172.31.46.0-255,66,188682,44,208168
12100,0.001913,172.217.194.0-255,4320,193002,44,208168
12101,0.001946,172.31.46.0-255,66,193068,44,208168
12102,0.001991,172.31.46.0-255,66,193134,44,208168
12103,0.002029,172.217.194.0-255,1484,194618,44,208168
12104,0.002037,172.31.46.0-255,66,194684,44,208168
12105,0.002079,172.31.46.0-255,66,194750,44,208168
12106,0.002169,172.31.46.0-255,66,194816,44,208168
12107,0.002194,172.31.46.0-255,66,194882,44,208168
12108,0.002221,172.31.46.0-255,66,194948,44,208168
12109,0.002246,172.31.46.0-255,66,195014,44,208168
12110,0.002304,172.31.46.0-255,66,195080,44,208168
12111,0.004373,172.217.194.0-255,3661,198741,44,208168
12112,0.004378,172.31.46.0-255,66,198807,44,208168
12113,0.010928,172.31.46.0-255,105,198912,44,208168
12114,0.013022,172.217.194.0-255,66,198978,44,208168
12115,0.02602,172.31.46.0-255,172,199150,44,208168
12116,0.026049,172.31.46.0-255,1114,200264,44,208168
12117,0.026104,172.31.46.0-255,1514,201778,44,208168
12118,0.026106,172.31.46.0-255,1514,203292,44,208168
12119,0.026107,172.31.46.0-255,1514,204806,44,208168
12120,0.026108,172.31.46.0-255,1514,206320,44,208168
12121,0.026138,172.31.46.0-255,1514,207834,44,208168
12122,0.026139,172.31.46.0-255,70,207904,44,208168
12123,0.027587,104.244.42.0-255,66,207970,44,208168
12124,0.027698,104.244.42.0-255,66,208036,44,208168
12125,0.027718,104.244.42.0-255,66,208102,44,208168
12126,0.02782,104.244.42.0-255,66,208168,44,208168
12127,0.0,74.125.24.0-255,150,150,44,283485
12128,2.3e-05,172.31.46.0-255,66,216,44,283485
12129,3e-05,74.125.24.0-255,1484,1700,44,283485
12130,3.5e-05,172.31.46.0-255,66,1766,44,283485
12131,4.1e-05,74.125.24.0-255,2902,4668,44,283485
12132,4.4e-05,172.31.46.0-255,66,4734,44,283485
12133,5.2e-05,74.125.24.0-255,7156,11890,44,283485
12134,5.5e-05,172.31.46.0-255,66,11956,44,283485
12135,5.8e-05,74.125.24.0-255,1484,13440,44,283485
12136,6.1e-05,172.31.46.0-255,66,13506,44,283485
12137,8.1e-05,74.125.24.0-255,709,14215,44,283485
12138,8.3e-05,172.31.46.0-255,66,14281,44,283485
12139,8.8e-05,74.125.24.0-255,2902,17183,44,283485
12140,9.1e-05,172.31.46.0-255,66,17249,44,283485
12141,9.9e-05,74.125.24.0-255,7156,24405,44,283485
12142,0.000101,172.31.46.0-255,66,24471,44,283485
12143,0.000125,74.125.24.0-255,7156,31627,44,283485
12144,0.000127,172.31.46.0-255,66,31693,44,283485
12145,0.00014,74.125.24.0-255,1484,33177,44,283485
12146,0.000142,172.31.46.0-255,66,33243,44,283485
12147,0.000172,172.31.46.0-255,66,33309,44,283485
12148,0.000175,74.125.24.0-255,766,34075,44,283485
12149,0.000177,172.31.46.0-255,66,34141,44,283485
12150,0.000199,74.125.24.0-255,1484,35625,44,283485
12151,0.000202,172.31.46.0-255,66,35691,44,283485
12152,0.000207,74.125.24.0-255,4320,40011,44,283485
12153,0.00021,172.31.46.0-255,66,40077,44,283485
12154,0.000228,74.125.24.0-255,4320,44397,44,283485
12155,0.000231,172.31.46.0-255,66,44463,44,283485
12156,0.000244,74.125.24.0-255,1484,45947,44,283485
12157,0.000247,172.31.46.0-255,66,46013,44,283485
12158,0.000264,74.125.24.0-255,2902,48915,44,283485
12159,0.000267,172.31.46.0-255,66,48981,44,283485
12160,0.000282,74.125.24.0-255,2815,51796,44,283485
12161,0.000284,172.31.46.0-255,66,51862,44,283485
12162,0.000309,74.125.24.0-255,135,51997,44,283485
12163,0.000371,74.125.24.0-255,1484,53481,44,283485
12164,0.000374,172.31.46.0-255,66,53547,44,283485
12165,0.000379,74.125.24.0-255,2902,56449,44,283485
12166,0.000381,172.31.46.0-255,66,56515,44,283485
12167,0.000396,74.125.24.0-255,5738,62253,44,283485
12168,0.000399,172.31.46.0-255,66,62319,44,283485
12169,0.000419,74.125.24.0-255,1484,63803,44,283485
12170,0.000431,172.31.46.0-255,66,63869,44,283485
12171,0.000443,74.125.24.0-255,1484,65353,44,283485
12172,0.000447,74.125.24.0-255,2902,68255,44,283485
12173,0.000449,172.31.46.0-255,66,68321,44,283485
12174,0.000482,172.31.46.0-255,66,68387,44,283485
12175,0.000484,74.125.24.0-255,766,69153,44,283485
12176,0.000882,74.125.24.0-255,1484,70637,44,283485
12177,0.000887,172.31.46.0-255,66,70703,44,283485
12178,0.000893,74.125.24.0-255,2902,73605,44,283485
12179,0.000895,172.31.46.0-255,66,73671,44,283485
12180,0.000901,74.125.24.0-255,5738,79409,44,283485
12181,0.000904,172.31.46.0-255,66,79475,44,283485
12182,0.000951,172.31.46.0-255,66,79541,44,283485
12183,0.000953,74.125.24.0-255,1484,81025,44,283485
12184,0.000975,74.125.24.0-255,7156,88181,44,283485
12185,0.000977,172.31.46.0-255,66,88247,44,283485
12186,0.001001,172.31.46.0-255,66,88313,44,283485
12187,0.001012,172.31.46.0-255,66,88379,44,283485
12188,0.001041,74.125.24.0-255,2902,91281,44,283485
12189,0.001044,172.31.46.0-255,66,91347,44,283485
12190,0.001076,172.31.46.0-255,66,91413,44,283485
12191,0.001107,74.125.24.0-255,3602,95015,44,283485
12192,0.00111,172.31.46.0-255,66,95081,44,283485
12193,0.001129,172.31.46.0-255,66,95147,44,283485
12194,0.001149,74.125.24.0-255,4320,99467,44,283485
12195,0.001152,172.31.46.0-255,66,99533,44,283485
12196,0.001185,172.31.46.0-255,66,99599,44,283485
12197,0.001521,74.125.24.0-255,1484,101083,44,283485
12198,0.001526,74.125.24.0-255,1484,102567,44,283485
12199,0.001529,172.31.46.0-255,66,102633,44,283485
12200,0.001552,74.125.24.0-255,1484,104117,44,283485
12201,0.001559,74.125.24.0-255,5738,109855,44,283485
12202,0.001562,172.31.46.0-255,66,109921,44,283485
12203,0.001585,172.31.46.0-255,66,109987,44,283485
12204,0.001598,74.125.24.0-255,2902,112889,44,283485
12205,0.001601,172.31.46.0-255,66,112955,44,283485
12206,0.001607,74.125.24.0-255,4320,117275,44,283485
12207,0.001609,172.31.46.0-255,66,117341,44,283485
12208,0.001634,74.125.24.0-255,6438,123779,44,283485
12209,0.001637,172.31.46.0-255,66,123845,44,283485
12210,0.002203,74.125.24.0-255,1484,125329,44,283485
12211,0.002209,74.125.24.0-255,2902,128231,44,283485
12212,0.002213,172.31.46.0-255,66,128297,44,283485
12213,0.002233,74.125.24.0-255,5738,134035,44,283485
12214,0.002235,172.31.46.0-255,66,134101,44,283485
12215,0.002251,74.125.24.0-255,4320,138421,44,283485
12216,0.002254,172.31.46.0-255,66,138487,44,283485
12217,0.002286,74.125.24.0-255,7156,145643,44,283485
12218,0.002289,172.31.46.0-255,66,145709,44,283485
12219,0.002313,74.125.24.0-255,4320,150029,44,283485
12220,0.002315,172.31.46.0-255,66,150095,44,283485
12221,0.002318,74.125.24.0-255,1484,151579,44,283485
12222,0.002323,74.125.24.0-255,2902,154481,44,283485
12223,0.002325,172.31.46.0-255,66,154547,44,283485
12224,0.002345,74.125.24.0-255,3602,158149,44,283485
12225,0.002347,172.31.46.0-255,66,158215,44,283485
12226,0.004671,74.125.24.0-255,5738,163953,44,283485
12227,0.004683,172.31.46.0-255,66,164019,44,283485
12228,0.007013,74.125.24.0-255,5738,169757,44,283485
12229,0.007024,172.31.46.0-255,66,169823,44,283485
12230,0.009362,74.125.24.0-255,5738,175561,44,283485
12231,0.009372,172.31.46.0-255,66,175627,44,283485
12232,0.011759,74.125.24.0-255,5738,181365,44,283485
12233,0.011775,172.31.46.0-255,66,181431,44,283485
12234,0.014122,74.125.24.0-255,5738,187169,44,283485
12235,0.014141,172.31.46.0-255,66,187235,44,283485
12236,0.016498,74.125.24.0-255,5738,192973,44,283485
12237,0.016513,172.31.46.0-255,66,193039,44,283485
12238,0.018879,74.125.24.0-255,5738,198777,44,283485
12239,0.018895,172.31.46.0-255,66,198843,44,283485
12240,0.021262,74.125.24.0-255,5738,204581,44,283485
12241,0.021279,172.31.46.0-255,66,204647,44,283485
12242,0.023627,74.125.24.0-255,5738,210385,44,283485
12243,0.023641,172.31.46.0-255,66,210451,44,283485
12244,0.026007,74.125.24.0-255,5738,216189,44,283485
12245,0.026026,172.31.46.0-255,66,216255,44,283485
12246,0.028353,74.125.24.0-255,5738,221993,44,283485
12247,0.028366,172.31.46.0-255,66,222059,44,283485
12248,0.030705,74.125.24.0-255,5738,227797,44,283485
12249,0.030719,172.31.46.0-255,66,227863,44,283485
12250,0.033072,74.125.24.0-255,5738,233601,44,283485
12251,0.033085,172.31.46.0-255,66,233667,44,283485
12252,0.035426,74.125.24.0-255,5738,239405,44,283485
12253,0.035439,172.31.46.0-255,66,239471,44,283485
12254,0.037805,74.125.24.0-255,5738,245209,44,283485
12255,0.03782,172.31.46.0-255,66,245275,44,283485
12256,0.040154,74.125.24.0-255,5738,251013,44,283485
12257,0.040173,172.31.46.0-255,66,251079,44,283485
12258,0.041564,172.31.46.0-255,172,251251,44,283485
12259,0.04159,172.31.46.0-255,1114,252365,44,283485
12260,0.041643,172.31.46.0-255,1514,253879,44,283485
12261,0.041644,172.31.46.0-255,1514,255393,44,283485
12262,0.041649,172.31.46.0-255,1514,256907,44,283485
12263,0.041651,172.31.46.0-255,1514,258421,44,283485
12264,0.041666,172.31.46.0-255,1514,259935,44,283485
12265,0.041671,172.31.46.0-255,70,260005,44,283485
12266,0.042499,74.125.24.0-255,5738,265743,44,283485
12267,0.042506,172.31.46.0-255,66,265809,44,283485
12268,0.043114,104.244.42.0-255,66,265875,44,283485
12269,0.043167,104.244.42.0-255,66,265941,44,283485
12270,0.043213,104.244.42.0-255,66,266007,44,283485
12271,0.043219,104.244.42.0-255,66,266073,44,283485
12272,0.044843,74.125.24.0-255,5738,271811,44,283485
12273,0.04485,172.31.46.0-255,66,271877,44,283485
12274,0.047177,74.125.24.0-255,5738,277615,44,283485
12275,0.047184,172.31.46.0-255,66,277681,44,283485
12276,0.049533,74.125.24.0-255,5738,283419,44,283485
12277,0.049541,172.31.46.0-255,66,283485,44,283485
12278,0.0,74.125.200.0-255,146,146,44,288783
12279,2.2e-05,172.31.46.0-255,66,212,44,288783
12280,3e-05,74.125.200.0-255,1484,1696,44,288783
12281,3.3e-05,172.31.46.0-255,66,1762,44,288783
12282,3.9e-05,74.125.200.0-255,2902,4664,44,288783
12283,4.2e-05,172.31.46.0-255,66,4730,44,288783
12284,5e-05,74.125.200.0-255,7156,11886,44,288783
12285,5.3e-05,172.31.46.0-255,66,11952,44,288783
12286,8.4e-05,172.31.46.0-255,66,12018,44,288783
12287,8.7e-05,74.125.200.0-255,1484,13502,44,288783
12288,8.9e-05,172.31.46.0-255,66,13568,44,288783
12289,0.000117,172.31.46.0-255,66,13634,44,288783
12290,0.000131,74.125.200.0-255,1125,14759,44,288783
12291,0.000134,172.31.46.0-255,66,14825,44,288783
12292,0.000192,74.125.200.0-255,1484,16309,44,288783
12293,0.000195,172.31.46.0-255,66,16375,44,288783
12294,0.000198,74.125.200.0-255,1484,17859,44,288783
12295,0.0002,172.31.46.0-255,66,17925,44,288783
12296,0.000214,74.125.200.0-255,1484,19409,44,288783
12297,0.000216,172.31.46.0-255,66,19475,44,288783
12298,0.000222,74.125.200.0-255,5738,25213,44,288783
12299,0.000225,172.31.46.0-255,66,25279,44,288783
12300,0.000249,74.125.200.0-255,2902,28181,44,288783
12301,0.000252,172.31.46.0-255,66,28247,44,288783
12302,0.000272,74.125.200.0-255,3961,32208,44,288783
12303,0.000274,172.31.46.0-255,66,32274,44,288783
12304,0.000324,74.125.200.0-255,1484,33758,44,288783
12305,0.000326,172.31.46.0-255,66,33824,44,288783
12306,0.000331,74.125.200.0-255,2902,36726,44,288783
12307,0.000333,172.31.46.0-255,66,36792,44,288783
12308,0.000346,74.125.200.0-255,1484,38276,44,288783
12309,0.000349,172.31.46.0-255,66,38342,44,288783
12310,0.000353,74.125.200.0-255,2902,41244,44,288783
12311,0.000355,172.31.46.0-255,66,41310,44,288783
12312,0.000391,74.125.200.0-255,5738,47048,44,288783
12313,0.000394,172.31.46.0-255,66,47114,44,288783
12314,0.000398,74.125.200.0-255,2887,50001,44,288783
12315,0.0004,172.31.46.0-255,66,50067,44,288783
12316,0.000421,74.125.200.0-255,332,50399,44,288783
12317,0.000423,172.31.46.0-255,66,50465,44,288783
12318,0.000777,74.125.200.0-255,1484,51949,44,288783
12319,0.000782,172.31.46.0-255,66,52015,44,288783
12320,0.000788,74.125.200.0-255,2902,54917,44,288783
12321,0.00079,172.31.46.0-255,66,54983,44,288783
12322,0.000804,74.125.200.0-255,2902,57885,44,288783
12323,0.000806,172.31.46.0-255,66,57951,44,288783
12324,0.00083,74.125.200.0-255,7156,65107,44,288783
12325,0.000832,172.31.46.0-255,66,65173,44,288783
12326,0.00086,74.125.200.0-255,4320,69493,44,288783
12327,0.000863,172.31.46.0-255,66,69559,44,288783
12328,0.000882,74.125.200.0-255,6797,76356,44,288783
12329,0.000885,172.31.46.0-255,66,76422,44,288783
12330,0.000907,74.125.200.0-255,4320,80742,44,288783
12331,0.000909,172.31.46.0-255,66,80808,44,288783
12332,0.000929,74.125.200.0-255,3961,84769,44,288783
12333,0.000932,172.31.46.0-255,66,84835,44,288783
12334,0.00121,74.125.200.0-255,1484,86319,44,288783
12335,0.001214,172.31.46.0-255,66,86385,44,288783
12336,0.001233,74.125.200.0-255,2902,89287,44,288783
12337,0.001235,172.31.46.0-255,66,89353,44,288783
12338,0.001267,74.125.200.0-255,2902,92255,44,288783
12339,0.00127,172.31.46.0-255,66,92321,44,288783
12340,0.001288,74.125.200.0-255,2902,95223,44,288783
12341,0.00129,172.31.46.0-255,66,95289,44,288783
12342,0.001309,74.125.200.0-255,1484,96773,44,288783
12343,0.001312,172.31.46.0-255,66,96839,44,288783
12344,0.001319,74.125.200.0-255,7156,103995,44,288783
12345,0.001322,172.31.46.0-255,66,104061,44,288783
12346,0.001329,74.125.200.0-255,7156,111217,44,288783
12347,0.001333,172.31.46.0-255,66,111283,44,288783
12348,0.001347,74.125.200.0-255,1484,112767,44,288783
12349,0.001349,172.31.46.0-255,66,112833,44,288783
12350,0.001359,74.125.200.0-255,6438,119271,44,288783
12351,0.001361,172.31.46.0-255,66,119337,44,288783
12352,0.001461,74.125.200.0-255,1484,120821,44,288783
12353,0.001464,172.31.46.0-255,66,120887,44,288783
12354,0.001478,74.125.200.0-255,2902,123789,44,288783
12355,0.00148,172.31.46.0-255,66,123855,44,288783
12356,0.001484,74.125.200.0-255,2902,126757,44,288783
12357,0.001486,172.31.46.0-255,66,126823,44,288783
12358,0.001516,74.125.200.0-255,2902,129725,44,288783
12359,0.00152,172.31.46.0-255,66,129791,44,288783
12360,0.001526,74.125.200.0-255,5738,135529,44,288783
12361,0.001529,172.31.46.0-255,66,135595,44,288783
12362,0.001537,74.125.200.0-255,7156,142751,44,288783
12363,0.001539,172.31.46.0-255,66,142817,44,288783
12364,0.001569,74.125.200.0-255,1484,144301,44,288783
12365,0.001572,172.31.46.0-255,66,144367,44,288783
12366,0.001601,172.31.46.0-255,66,144433,44,288783
12367,0.001695,74.125.200.0-255,1484,145917,44,288783
12368,0.001699,172.31.46.0-255,66,145983,44,288783
12369,0.001721,74.125.200.0-255,2902,148885,44,288783
12370,0.001724,172.31.46.0-255,66,148951,44,288783
12371,0.001731,74.125.200.0-255,5738,154689,44,288783
12372,0.001733,172.31.46.0-255,66,154755,44,288783
12373,0.00176,74.125.200.0-255,4320,159075,44,288783
12374,0.001763,172.31.46.0-255,66,159141,44,288783
12375,0.001786,172.31.46.0-255,66,159207,44,288783
12376,0.001817,74.125.200.0-255,5738,164945,44,288783
12377,0.00182,172.31.46.0-255,66,165011,44,288783
12378,0.001841,74.125.200.0-255,5020,170031,44,288783
12379,0.001845,172.31.46.0-255,66,170097,44,288783
12380,0.004144,74.125.200.0-255,5738,175835,44,288783
12381,0.004151,172.31.46.0-255,66,175901,44,288783
12382,0.006463,74.125.200.0-255,5738,181639,44,288783
12383,0.00647,172.31.46.0-255,66,181705,44,288783
12384,0.008775,74.125.200.0-255,5738,187443,44,288783
12385,0.008781,172.31.46.0-255,66,187509,44,288783
12386,0.011102,74.125.200.0-255,4320,191829,44,288783
12387,0.01111,172.31.46.0-255,66,191895,44,288783
12388,0.011132,74.125.200.0-255,1484,193379,44,288783
12389,0.011135,172.31.46.0-255,66,193445,44,288783
12390,0.013414,74.125.200.0-255,4320,197765,44,288783
12391,0.013422,172.31.46.0-255,66,197831,44,288783
12392,0.013441,74.125.200.0-255,1484,199315,44,288783
12393,0.013443,172.31.46.0-255,66,199381,44,288783
12394,0.015739,74.125.200.0-255,5738,205119,44,288783
12395,0.015746,172.31.46.0-255,66,205185,44,288783
12396,0.0181,74.125.200.0-255,5738,210923,44,288783
12397,0.018108,172.31.46.0-255,66,210989,44,288783
12398,0.020412,74.125.200.0-255,5738,216727,44,288783
12399,0.020419,172.31.46.0-255,66,216793,44,288783
12400,0.022761,74.125.200.0-255,5738,222531,44,288783
12401,0.02277,172.31.46.0-255,66,222597,44,288783
12402,0.025087,74.125.200.0-255,5738,228335,44,288783
12403,0.025095,172.31.46.0-255,66,228401,44,288783
12404,0.027404,74.125.200.0-255,5738,234139,44,288783
12405,0.027411,172.31.46.0-255,66,234205,44,288783
12406,0.029732,74.125.200.0-255,4320,238525,44,288783
12407,0.029741,172.31.46.0-255,66,238591,44,288783
12408,0.029759,74.125.200.0-255,1484,240075,44,288783
12409,0.029763,172.31.46.0-255,66,240141,44,288783
12410,0.03204,74.125.200.0-255,4320,244461,44,288783
12411,0.032047,172.31.46.0-255,66,244527,44,288783
12412,0.032064,74.125.200.0-255,1484,246011,44,288783
12413,0.032066,172.31.46.0-255,66,246077,44,288783
12414,0.034363,74.125.200.0-255,5738,251815,44,288783
12415,0.03437,172.31.46.0-255,66,251881,44,288783
12416,0.036691,74.125.200.0-255,5738,257619,44,288783
12417,0.036699,172.31.46.0-255,66,257685,44,288783
12418,0.038795,172.31.46.0-255,200,257885,44,288783
12419,0.038829,172.31.46.0-255,1114,258999,44,288783
12420,0.03889,172.31.46.0-255,566,259565,44,288783
12421,0.039008,74.125.200.0-255,5738,265303,44,288783
12422,0.039015,172.31.46.0-255,66,265369,44,288783
12423,0.040335,104.244.42.0-255,66,265435,44,288783
12424,0.040426,104.244.42.0-255,66,265501,44,288783
12425,0.040431,104.244.42.0-255,66,265567,44,288783
12426,0.041337,74.125.200.0-255,5738,271305,44,288783
12427,0.041344,172.31.46.0-255,66,271371,44,288783
12428,0.043685,74.125.200.0-255,5738,277109,44,288783
12429,0.043692,172.31.46.0-255,66,277175,44,288783
12430,0.046015,74.125.200.0-255,5738,282913,44,288783
12431,0.046022,172.31.46.0-255,66,282979,44,288783
12432,0.048333,74.125.200.0-255,5738,288717,44,288783
12433,0.048339,172.31.46.0-255,66,288783,44,288783
12434,0.0,74.125.130.0-255,292,292,44,353847
12435,2.6e-05,172.31.46.0-255,66,358,44,353847
12436,3.2e-05,74.125.130.0-255,1484,1842,44,353847
12437,3.6e-05,172.31.46.0-255,66,1908,44,353847
12438,3.9e-05,74.125.130.0-255,1484,3392,44,353847
12439,4.2e-05,172.31.46.0-255,66,3458,44,353847
12440,4.9e-05,74.125.130.0-255,2902,6360,44,353847
12441,5.2e-05,172.31.46.0-255,66,6426,44,353847
12442,5.5e-05,74.125.130.0-255,1484,7910,44,353847
12443,5.7e-05,172.31.46.0-255,66,7976,44,353847
12444,8e-05,74.125.130.0-255,4320,12296,44,353847
12445,8.3e-05,172.31.46.0-255,66,12362,44,353847
12446,0.000112,74.125.130.0-255,1883,14245,44,353847
12447,0.000115,172.31.46.0-255,66,14311,44,353847
12448,0.00013,74.125.130.0-255,2902,17213,44,353847
12449,0.000132,172.31.46.0-255,66,17279,44,353847
12450,0.000152,74.125.130.0-255,2902,20181,44,353847
12451,0.000155,172.31.46.0-255,66,20247,44,353847
12452,0.000171,74.125.130.0-255,1484,21731,44,353847
12453,0.000173,172.31.46.0-255,66,21797,44,353847
12454,0.000197,74.125.130.0-255,5738,27535,44,353847
12455,0.0002,172.31.46.0-255,66,27601,44,353847
12456,0.000218,74.125.130.0-255,5738,33339,44,353847
12457,0.000221,172.31.46.0-255,66,33405,44,353847
12458,0.000243,74.125.130.0-255,7156,40561,44,353847
12459,0.000245,172.31.46.0-255,66,40627,44,353847
12460,0.000266,74.125.130.0-255,5738,46365,44,353847
12461,0.00027,172.31.46.0-255,66,46431,44,353847
12462,0.000278,74.125.130.0-255,2184,48615,44,353847
12463,0.000281,172.31.46.0-255,66,48681,44,353847
12464,0.000378,74.125.130.0-255,1484,50165,44,353847
12465,0.000382,172.31.46.0-255,66,50231,44,353847
12466,0.000388,74.125.130.0-255,2902,53133,44,353847
12467,0.00039,172.31.46.0-255,66,53199,44,353847
12468,0.000423,74.125.130.0-255,5738,58937,44,353847
12469,0.000426,172.31.46.0-255,66,59003,44,353847
12470,0.000433,74.125.130.0-255,6797,65800,44,353847
12471,0.000436,172.31.46.0-255,66,65866,44,353847
12472,0.000774,74.125.130.0-255,1484,67350,44,353847
12473,0.00079,74.125.130.0-255,2902,70252,44,353847
12474,0.000797,172.31.46.0-255,66,70318,44,353847
12475,0.000816,74.125.130.0-255,2902,73220,44,353847
12476,0.000818,172.31.46.0-255,66,73286,44,353847
12477,0.000836,74.125.130.0-255,2902,76188,44,353847
12478,0.000839,172.31.46.0-255,66,76254,44,353847
12479,0.000843,74.125.130.0-255,2902,79156,44,353847
12480,0.000845,172.31.46.0-255,66,79222,44,353847
12481,0.000866,74.125.130.0-255,1484,80706,44,353847
12482,0.000885,74.125.130.0-255,7156,87862,44,353847
12483,0.000887,172.31.46.0-255,66,87928,44,353847
12484,0.000914,74.125.130.0-255,1705,89633,44,353847
12485,0.000919,74.125.130.0-255,4320,93953,44,353847
12486,0.000921,74.125.130.0-255,1484,95437,44,353847
12487,0.000925,172.31.46.0-255,66,95503,44,353847
12488,0.000932,172.31.46.0-255,66,95569,44,353847
12489,0.00094,74.125.130.0-255,4320,99889,44,353847
12490,0.000942,172.31.46.0-255,66,99955,44,353847
12491,0.000982,172.31.46.0-255,66,100021,44,353847
12492,0.001002,74.125.130.0-255,2902,102923,44,353847
12493,0.001006,172.31.46.0-255,66,102989,44,353847
12494,0.001021,74.125.130.0-255,2936,105925,44,353847
12495,0.001023,172.31.46.0-255,66,105991,44,353847
12496,0.001076,74.125.130.0-255,1484,107475,44,353847
12497,0.00108,74.125.130.0-255,1484,108959,44,353847
12498,0.001083,172.31.46.0-255,66,109025,44,353847
12499,0.001101,74.125.130.0-255,1484,110509,44,353847
12500,0.001108,74.125.130.0-255,5738,116247,44,353847
12501,0.001111,172.31.46.0-255,66,116313,44,353847
12502,0.001131,74.125.130.0-255,4320,120633,44,353847
12503,0.001133,172.31.46.0-255,66,120699,44,353847
12504,0.001149,74.125.130.0-255,2669,123368,44,353847
12505,0.001152,172.31.46.0-255,66,123434,44,353847
12506,0.001224,74.125.130.0-255,1484,124918,44,353847
12507,0.001239,74.125.130.0-255,2902,127820,44,353847
12508,0.001242,172.31.46.0-255,66,127886,44,353847
12509,0.00126,74.125.130.0-255,4320,132206,44,353847
12510,0.001263,172.31.46.0-255,66,132272,44,353847
12511,0.001288,74.125.130.0-255,1484,133756,44,353847
12512,0.001296,74.125.130.0-255,7156,140912,44,353847
12513,0.001298,172.31.46.0-255,66,140978,44,353847
12514,0.001323,74.125.130.0-255,4320,145298,44,353847
12515,0.001326,172.31.46.0-255,66,145364,44,353847
12516,0.001348,74.125.130.0-255,4320,149684,44,353847
12517,0.001354,74.125.130.0-255,5738,155422,44,353847
12518,0.001359,172.31.46.0-255,66,155488,44,353847
12519,0.001366,172.31.46.0-255,66,155554,44,353847
12520,0.00137,74.125.130.0-255,2184,157738,44,353847
12521,0.001373,172.31.46.0-255,66,157804,44,353847
12522,0.001579,172.31.46.0-255,101,157905,44,353847
12523,0.001632,74.125.130.0-255,1484,159389,44,353847
12524,0.001649,74.125.130.0-255,2902,162291,44,353847
12525,0.001652,172.31.46.0-255,66,162357,44,353847
12526,0.001656,74.125.130.0-255,1484,163841,44,353847
12527,0.00167,74.125.130.0-255,4320,168161,44,353847
12528,0.001672,172.31.46.0-255,66,168227,44,353847
12529,0.001711,74.125.130.0-255,1484,169711,44,353847
12530,0.001725,74.125.130.0-255,2902,172613,44,353847
12531,0.00173,74.125.130.0-255,5738,178351,44,353847
12532,0.001733,172.31.46.0-255,66,178417,44,353847
12533,0.001736,172.31.46.0-255,66,178483,44,353847
12534,0.001768,172.31.46.0-255,66,178549,44,353847
12535,0.001787,74.125.130.0-255,4320,182869,44,353847
12536,0.001791,172.31.46.0-255,66,182935,44,353847
12537,0.001803,74.125.130.0-255,766,183701,44,353847
12538,0.002193,74.125.130.0-255,1484,185185,44,353847
12539,0.002197,172.31.46.0-255,66,185251,44,353847
12540,0.002218,74.125.130.0-255,2902,188153,44,353847
12541,0.00222,172.31.46.0-255,66,188219,44,353847
12542,0.002233,74.125.130.0-255,1484,189703,44,353847
12543,0.002254,74.125.130.0-255,4320,194023,44,353847
12544,0.002257,172.31.46.0-255,66,194089,44,353847
12545,0.00226,74.125.130.0-255,1484,195573,44,353847
12546,0.002274,74.125.130.0-255,1484,197057,44,353847
12547,0.002276,172.31.46.0-255,66,197123,44,353847
12548,0.002282,74.125.130.0-255,4320,201443,44,353847
12549,0.002284,172.31.46.0-255,66,201509,44,353847
12550,0.002287,74.125.130.0-255,1484,202993,44,353847
12551,0.002312,74.125.130.0-255,7156,210149,44,353847
12552,0.002315,172.31.46.0-255,66,210215,44,353847
12553,0.002319,74.125.130.0-255,2902,213117,44,353847
12554,0.002321,172.31.46.0-255,66,213183,44,353847
12555,0.002325,74.125.130.0-255,2902,216085,44,353847
12556,0.002328,172.31.46.0-255,66,216151,44,353847
12557,0.002349,74.125.130.0-255,1484,217635,44,353847
12558,0.002352,74.125.130.0-255,766,218401,44,353847
12559,0.002354,172.31.46.0-255,66,218467,44,353847
12560,0.002358,74.125.130.0-255,1484,219951,44,353847
12561,0.002382,74.125.130.0-255,2902,222853,44,353847
12562,0.002384,172.31.46.0-255,66,222919,44,353847
12563,0.002401,74.125.130.0-255,1484,224403,44,353847
12564,0.002404,74.125.130.0-255,1484,225887,44,353847
12565,0.002406,172.31.46.0-255,66,225953,44,353847
12566,0.002431,74.125.130.0-255,2902,228855,44,353847
12567,0.002433,172.31.46.0-255,66,228921,44,353847
12568,0.002466,74.125.130.0-255,5738,234659,44,353847
12569,0.002471,172.31.46.0-255,66,234725,44,353847
12570,0.002476,74.125.130.0-255,2902,237627,44,353847
12571,0.002478,172.31.46.0-255,66,237693,44,353847
12572,0.002496,74.125.130.0-255,4320,242013,44,353847
12573,0.002499,172.31.46.0-255,66,242079,44,353847
12574,0.002504,74.125.130.0-255,4320,246399,44,353847
12575,0.002507,172.31.46.0-255,66,246465,44,353847
12576,0.002537,74.125.130.0-255,5738,252203,44,353847
12577,0.00254,172.31.46.0-255,66,252269,44,353847
12578,0.002543,74.125.130.0-255,766,253035,44,353847
12579,0.004088,74.125.130.0-255,66,253101,44,353847
12580,0.005085,74.125.130.0-255,4320,257421,44,353847
12581,0.005092,172.31.46.0-255,66,257487,44,353847
12582,0.007648,74.125.130.0-255,5738,263225,44,353847
12583,0.007656,172.31.46.0-255,66,263291,44,353847
12584,0.010203,74.125.130.0-255,4320,267611,44,353847
12585,0.010208,172.31.46.0-255,66,267677,44,353847
12586,0.010227,74.125.130.0-255,1484,269161,44,353847
12587,0.012756,74.125.130.0-255,4320,273481,44,353847
12588,0.012768,172.31.46.0-255,66,273547,44,353847
12589,0.015319,74.125.130.0-255,5738,279285,44,353847
12590,0.015335,172.31.46.0-255,66,279351,44,353847
12591,0.017902,74.125.130.0-255,5738,285089,44,353847
12592,0.017918,172.31.46.0-255,66,285155,44,353847
12593,0.020481,74.125.130.0-255,5738,290893,44,353847
12594,0.020494,172.31.46.0-255,66,290959,44,353847
12595,0.023051,74.125.130.0-255,5738,296697,44,353847
12596,0.023059,172.31.46.0-255,66,296763,44,353847
12597,0.025604,74.125.130.0-255,5738,302501,44,353847
12598,0.025614,172.31.46.0-255,66,302567,44,353847
12599,0.028168,74.125.130.0-255,5738,308305,44,353847
12600,0.028178,172.31.46.0-255,66,308371,44,353847
12601,0.030739,74.125.130.0-255,5738,314109,44,353847
12602,0.030755,172.31.46.0-255,66,314175,44,353847
12603,0.033314,74.125.130.0-255,2902,317077,44,353847
12604,0.033332,172.31.46.0-255,66,317143,44,353847
12605,0.033348,74.125.130.0-255,2902,320045,44,353847
12606,0.033352,172.31.46.0-255,66,320111,44,353847
12607,0.035883,74.125.130.0-255,2902,323013,44,353847
12608,0.035893,172.31.46.0-255,66,323079,44,353847
12609,0.035915,74.125.130.0-255,2902,325981,44,353847
12610,0.035918,172.31.46.0-255,66,326047,44,353847
12611,0.038432,74.125.130.0-255,2902,328949,44,353847
12612,0.03844,172.31.46.0-255,66,329015,44,353847
12613,0.03846,74.125.130.0-255,2902,331917,44,353847
12614,0.038462,172.31.46.0-255,66,331983,44,353847
12615,0.040989,74.125.130.0-255,4320,336303,44,353847
12616,0.041002,172.31.46.0-255,66,336369,44,353847
12617,0.041029,74.125.130.0-255,1484,337853,44,353847
12618,0.043538,74.125.130.0-255,4320,342173,44,353847
12619,0.043551,172.31.46.0-255,66,342239,44,353847
12620,0.046148,74.125.130.0-255,5738,347977,44,353847
12621,0.046159,172.31.46.0-255,66,348043,44,353847
12622,0.048711,74.125.130.0-255,5738,353781,44,353847
12623,0.048723,172.31.46.0-255,66,353847,44,353847
12624,0.0,74.125.24.0-255,153,153,44,142272
12625,1.7e-05,172.31.46.0-255,66,219,44,142272
12626,2.4e-05,74.125.24.0-255,1484,1703,44,142272
12627,2.8e-05,172.31.46.0-255,66,1769,44,142272
12628,3.4e-05,74.125.24.0-255,2902,4671,44,142272
12629,3.6e-05,172.31.46.0-255,66,4737,44,142272
12630,4.2e-05,74.125.24.0-255,2902,7639,44,142272
12631,4.4e-05,172.31.46.0-255,66,7705,44,142272
12632,7.1e-05,74.125.24.0-255,4320,12025,44,142272
12633,7.4e-05,172.31.46.0-255,66,12091,44,142272
12634,9.3e-05,74.125.24.0-255,3392,15483,44,142272
12635,9.6e-05,172.31.46.0-255,66,15549,44,142272
12636,0.000135,172.31.46.0-255,66,15615,44,142272
12637,0.000239,74.125.24.0-255,2543,18158,44,142272
12638,0.000243,172.31.46.0-255,66,18224,44,142272
12639,0.000265,74.125.24.0-255,7156,25380,44,142272
12640,0.000268,172.31.46.0-255,66,25446,44,142272
12641,0.000313,74.125.24.0-255,7156,32602,44,142272
12642,0.000316,172.31.46.0-255,66,32668,44,142272
12643,0.000333,74.125.24.0-255,2543,35211,44,142272
12644,0.000335,172.31.46.0-255,66,35277,44,142272
12645,0.000393,74.125.24.0-255,4320,39597,44,142272
12646,0.000396,172.31.46.0-255,66,39663,44,142272
12647,0.00041,74.125.24.0-255,5738,45401,44,142272
12648,0.000413,172.31.46.0-255,66,45467,44,142272
12649,0.000471,74.125.24.0-255,1484,46951,44,142272
12650,0.000474,172.31.46.0-255,66,47017,44,142272
12651,0.000493,74.125.24.0-255,5961,52978,44,142272
12652,0.000496,172.31.46.0-255,66,53044,44,142272
12653,0.000532,74.125.24.0-255,1484,54528,44,142272
12654,0.000536,172.31.46.0-255,66,54594,44,142272
12655,0.000551,74.125.24.0-255,1484,56078,44,142272
12656,0.000564,74.125.24.0-255,1484,57562,44,142272
12657,0.00057,74.125.24.0-255,4320,61882,44,142272
12658,0.000579,74.125.24.0-255,1484,63366,44,142272
12659,0.000599,172.31.46.0-255,66,63432,44,142272
12660,0.000636,172.31.46.0-255,66,63498,44,142272
12661,0.000643,74.125.24.0-255,5379,68877,44,142272
12662,0.000653,172.31.46.0-255,66,68943,44,142272
12663,0.000741,74.125.24.0-255,4320,73263,44,142272
12664,0.000765,74.125.24.0-255,5379,78642,44,142272
12665,0.00078,172.31.46.0-255,66,78708,44,142272
12666,0.001103,74.125.24.0-255,1484,80192,44,142272
12667,0.001109,74.125.24.0-255,2902,83094,44,142272
12668,0.001125,74.125.24.0-255,1484,84578,44,142272
12669,0.001139,74.125.24.0-255,4320,88898,44,142272
12670,0.001142,172.31.46.0-255,66,88964,44,142272
12671,0.001147,172.31.46.0-255,66,89030,44,142272
12672,0.001173,74.125.24.0-255,2902,91932,44,142272
12673,0.001178,172.31.46.0-255,66,91998,44,142272
12674,0.001214,172.31.46.0-255,66,92064,44,142272
12675,0.001279,74.125.24.0-255,1484,93548,44,142272
12676,0.001314,172.31.46.0-255,66,93614,44,142272
12677,0.001373,74.125.24.0-255,2902,96516,44,142272
12678,0.001393,172.31.46.0-255,66,96582,44,142272
12679,0.001413,172.31.46.0-255,66,96648,44,142272
12680,0.001434,74.125.24.0-255,5738,102386,44,142272
12681,0.001447,172.31.46.0-255,66,102452,44,142272
12682,0.001532,74.125.24.0-255,1484,103936,44,142272
12683,0.001574,74.125.24.0-255,5020,108956,44,142272
12684,0.00161,172.31.46.0-255,66,109022,44,142272
12685,0.001615,172.31.46.0-255,66,109088,44,142272
12686,0.001666,74.125.24.0-255,7156,116244,44,142272
12687,0.001674,172.31.46.0-255,66,116310,44,142272
12688,0.001705,172.31.46.0-255,66,116376,44,142272
12689,0.001747,172.31.46.0-255,66,116442,44,142272
12690,0.001954,74.125.24.0-255,5738,122180,44,142272
12691,0.001959,172.31.46.0-255,66,122246,44,142272
12692,0.002026,172.31.46.0-255,66,122312,44,142272
12693,0.002226,74.125.24.0-255,4320,126632,44,142272
12694,0.002231,172.31.46.0-255,66,126698,44,142272
12695,0.002518,74.125.24.0-255,2902,129600,44,142272
12696,0.003023,74.125.24.0-255,2902,132502,44,142272
12697,0.008261,172.31.46.0-255,66,132568,44,142272
12698,0.009821,172.31.46.0-255,101,132669,44,142272
12699,0.010053,172.31.46.0-255,105,132774,44,142272
12700,0.012334,74.125.24.0-255,66,132840,44,142272
12701,0.01253,74.125.24.0-255,66,132906,44,142272
12702,0.032634,172.31.46.0-255,172,133078,44,142272
12703,0.032668,172.31.46.0-255,1109,134187,44,142272
12704,0.032732,172.31.46.0-255,1514,135701,44,142272
12705,0.032734,172.31.46.0-255,1514,137215,44,142272
12706,0.032739,172.31.46.0-255,1514,138729,44,142272
12707,0.03274,172.31.46.0-255,1514,140243,44,142272
12708,0.032759,172.31.46.0-255,1514,141757,44,142272
12709,0.03276,172.31.46.0-255,77,141834,44,142272
12710,0.034181,104.244.42.0-255,66,141900,44,142272
12711,0.034242,104.244.42.0-255,66,141966,44,142272
12712,0.03427,104.244.42.0-255,66,142032,44,142272
12713,0.034346,104.244.42.0-255,66,142098,44,142272
12714,0.035031,104.244.42.0-255,108,142206,44,142272
12715,0.035042,172.31.46.0-255,66,142272,44,142272
12716,0.0,172.217.194.0-255,152,152,44,235393
12717,2.4e-05,172.31.46.0-255,66,218,44,235393
12718,3.1e-05,172.217.194.0-255,1484,1702,44,235393
12719,3.5e-05,172.31.46.0-255,66,1768,44,235393
12720,4.1e-05,172.217.194.0-255,2902,4670,44,235393
12721,4.5e-05,172.31.46.0-255,66,4736,44,235393
12722,4.8e-05,172.217.194.0-255,1484,6220,44,235393
12723,5.1e-05,172.31.46.0-255,66,6286,44,235393
12724,8.1e-05,172.217.194.0-255,4320,10606,44,235393
12725,8.5e-05,172.31.46.0-255,66,10672,44,235393
12726,9.3e-05,172.217.194.0-255,7156,17828,44,235393
12727,9.6e-05,172.31.46.0-255,66,17894,44,235393
12728,0.000124,172.217.194.0-255,6364,24258,44,235393
12729,0.000127,172.31.46.0-255,66,24324,44,235393
12730,0.00013,172.217.194.0-255,1484,25808,44,235393
12731,0.000132,172.31.46.0-255,66,25874,44,235393
12732,0.00016,172.217.194.0-255,5379,31253,44,235393
12733,0.000162,172.31.46.0-255,66,31319,44,235393
12734,0.000196,172.217.194.0-255,1484,32803,44,235393
12735,0.000198,172.31.46.0-255,66,32869,44,235393
12736,0.000219,172.217.194.0-255,2902,35771,44,235393
12737,0.000221,172.31.46.0-255,66,35837,44,235393
12738,0.000227,172.217.194.0-255,5738,41575,44,235393
12739,0.00023,172.31.46.0-255,66,41641,44,235393
12740,0.000233,172.217.194.0-255,1484,43125,44,235393
12741,0.000234,172.31.46.0-255,66,43191,44,235393
12742,0.000254,172.217.194.0-255,2902,46093,44,235393
12743,0.000257,172.31.46.0-255,66,46159,44,235393
12744,0.000281,172.217.194.0-255,1484,47643,44,235393
12745,0.000284,172.31.46.0-255,66,47709,44,235393
12746,0.000313,172.31.46.0-255,66,47775,44,235393
12747,0.000332,172.217.194.0-255,1125,48900,44,235393
12748,0.00034,172.217.194.0-255,5738,54638,44,235393
12749,0.000343,172.31.46.0-255,66,54704,44,235393
12750,0.000361,172.217.194.0-255,1426,56130,44,235393
12751,0.000364,172.217.194.0-255,384,56514,44,235393
12752,0.000366,172.31.46.0-255,66,56580,44,235393
12753,0.000638,172.217.194.0-255,1484,58064,44,235393
12754,0.000645,172.217.194.0-255,2902,60966,44,235393
12755,0.000649,172.31.46.0-255,66,61032,44,235393
12756,0.000656,172.217.194.0-255,4320,65352,44,235393
12757,0.000659,172.31.46.0-255,66,65418,44,235393
12758,0.000672,172.217.194.0-255,1484,66902,44,235393
12759,0.000684,172.217.194.0-255,1484,68386,44,235393
12760,0.000686,172.31.46.0-255,66,68452,44,235393
12761,0.00071,172.31.46.0-255,66,68518,44,235393
12762,0.000735,172.217.194.0-255,2902,71420,44,235393
12763,0.000739,172.31.46.0-255,66,71486,44,235393
12764,0.000745,172.217.194.0-255,5738,77224,44,235393
12765,0.000747,172.31.46.0-255,66,77290,44,235393
12766,0.000771,172.217.194.0-255,1484,78774,44,235393
12767,0.000783,172.217.194.0-255,3602,82376,44,235393
12768,0.000786,172.31.46.0-255,66,82442,44,235393
12769,0.001944,172.217.194.0-255,1484,83926,44,235393
12770,0.001956,172.217.194.0-255,2902,86828,44,235393
12771,0.00196,172.31.46.0-255,66,86894,44,235393
12772,0.001969,172.217.194.0-255,5738,92632,44,235393
12773,0.001971,172.31.46.0-255,66,92698,44,235393
12774,0.001999,172.217.194.0-255,5738,98436,44,235393
12775,0.002001,172.31.46.0-255,66,98502,44,235393
12776,0.002004,172.217.194.0-255,1484,99986,44,235393
12777,0.002022,172.217.194.0-255,4320,104306,44,235393
12778,0.002024,172.31.46.0-255,66,104372,44,235393
12779,0.002044,172.217.194.0-255,1484,105856,44,235393
12780,0.002056,172.31.46.0-255,66,105922,44,235393
12781,0.002074,172.217.194.0-255,2184,108106,44,235393
12782,0.002076,172.31.46.0-255,66,108172,44,235393
12783,0.004186,172.217.194.0-255,5738,113910,44,235393
12784,0.004196,172.31.46.0-255,66,113976,44,235393
12785,0.006313,172.217.194.0-255,5738,119714,44,235393
12786,0.006319,172.31.46.0-255,66,119780,44,235393
12787,0.008417,172.217.194.0-255,5738,125518,44,235393
12788,0.008425,172.31.46.0-255,66,125584,44,235393
12789,0.010524,172.217.194.0-255,5738,131322,44,235393
12790,0.010532,172.31.46.0-255,66,131388,44,235393
12791,0.01266,172.217.194.0-255,5738,137126,44,235393
12792,0.012669,172.31.46.0-255,66,137192,44,235393
12793,0.014751,172.217.194.0-255,5738,142930,44,235393
12794,0.014759,172.31.46.0-255,66,142996,44,235393
12795,0.016877,172.217.194.0-255,5738,148734,44,235393
12796,0.016887,172.31.46.0-255,66,148800,44,235393
12797,0.018985,172.217.194.0-255,5738,154538,44,235393
12798,0.018993,172.31.46.0-255,66,154604,44,235393
12799,0.021105,172.217.194.0-255,4320,158924,44,235393
12800,0.021113,172.31.46.0-255,66,158990,44,235393
12801,0.021135,172.217.194.0-255,1484,160474,44,235393
12802,0.021246,172.31.46.0-255,101,160575,44,235393
12803,0.023217,172.217.194.0-255,4320,164895,44,235393
12804,0.023224,172.31.46.0-255,66,164961,44,235393
12805,0.023439,172.217.194.0-255,1484,166445,44,235393
12806,0.025306,172.217.194.0-255,2902,169347,44,235393
12807,0.025314,172.31.46.0-255,66,169413,44,235393
12808,0.025334,172.217.194.0-255,1484,170897,44,235393
12809,0.027486,172.217.194.0-255,4320,175217,44,235393
12810,0.027501,172.31.46.0-255,66,175283,44,235393
12811,0.029633,172.217.194.0-255,5738,181021,44,235393
12812,0.029644,172.31.46.0-255,66,181087,44,235393
12813,0.031782,172.217.194.0-255,5738,186825,44,235393
12814,0.031798,172.31.46.0-255,66,186891,44,235393
12815,0.033998,172.217.194.0-255,5738,192629,44,235393
12816,0.034037,172.31.46.0-255,66,192695,44,235393
12817,0.036135,172.217.194.0-255,5738,198433,44,235393
12818,0.036149,172.31.46.0-255,66,198499,44,235393
12819,0.038218,172.217.194.0-255,5738,204237,44,235393
12820,0.038229,172.31.46.0-255,66,204303,44,235393
12821,0.038305,172.31.46.0-255,192,204495,44,235393
12822,0.038332,172.31.46.0-255,955,205450,44,235393
12823,0.038388,172.31.46.0-255,725,206175,44,235393
12824,0.039845,104.244.42.0-255,66,206241,44,235393
12825,0.039906,104.244.42.0-255,66,206307,44,235393
12826,0.039937,104.244.42.0-255,66,206373,44,235393
12827,0.040369,172.217.194.0-255,5738,212111,44,235393
12828,0.040378,172.31.46.0-255,66,212177,44,235393
12829,0.042469,172.217.194.0-255,5738,217915,44,235393
12830,0.042479,172.31.46.0-255,66,217981,44,235393
12831,0.044636,172.217.194.0-255,5738,223719,44,235393
12832,0.044646,172.31.46.0-255,66,223785,44,235393
12833,0.046738,172.217.194.0-255,5738,229523,44,235393
12834,0.046748,172.31.46.0-255,66,229589,44,235393
12835,0.048869,172.217.194.0-255,5738,235327,44,235393
12836,0.04888,172.31.46.0-255,66,235393,44,235393
12837,0.0,172.217.194.0-255,146,146,44,207996
12838,2.3e-05,172.31.46.0-255,66,212,44,207996
12839,3.1e-05,172.217.194.0-255,1484,1696,44,207996
12840,3.6e-05,172.31.46.0-255,66,1762,44,207996
12841,5e-05,172.217.194.0-255,2902,4664,44,207996
12842,5.4e-05,172.31.46.0-255,66,4730,44,207996
12843,6.2e-05,172.217.194.0-255,7156,11886,44,207996
12844,6.5e-05,172.31.46.0-255,66,11952,44,207996
12845,6.9e-05,172.217.194.0-255,2122,14074,44,207996
12846,7.2e-05,172.31.46.0-255,66,14140,44,207996
12847,0.000378,172.217.194.0-255,1484,15624,44,207996
12848,0.000384,172.31.46.0-255,66,15690,44,207996
12849,0.00039,172.217.194.0-255,2902,18592,44,207996
12850,0.000393,172.31.46.0-255,66,18658,44,207996
12851,0.000398,172.217.194.0-255,4320,22978,44,207996
12852,0.0004,172.31.46.0-255,66,23044,44,207996
12853,0.000434,172.217.194.0-255,1484,24528,44,207996
12854,0.000436,172.31.46.0-255,66,24594,44,207996
12855,0.000459,172.217.194.0-255,6797,31391,44,207996
12856,0.000462,172.31.46.0-255,66,31457,44,207996
12857,0.000532,172.217.194.0-255,1484,32941,44,207996
12858,0.000536,172.31.46.0-255,66,33007,44,207996
12859,0.000542,172.217.194.0-255,2902,35909,44,207996
12860,0.000545,172.31.46.0-255,66,35975,44,207996
12861,0.000572,172.217.194.0-255,5738,41713,44,207996
12862,0.000575,172.31.46.0-255,66,41779,44,207996
12863,0.000585,172.217.194.0-255,1484,43263,44,207996
12864,0.000593,172.31.46.0-255,66,43329,44,207996
12865,0.000613,172.31.46.0-255,66,43395,44,207996
12866,0.000627,172.217.194.0-255,2543,45938,44,207996
12867,0.000629,172.31.46.0-255,66,46004,44,207996
12868,0.000646,172.31.46.0-255,66,46070,44,207996
12869,0.000648,172.217.194.0-255,342,46412,44,207996
12870,0.000652,172.217.194.0-255,433,46845,44,207996
12871,0.000975,172.217.194.0-255,1484,48329,44,207996
12872,0.000983,172.31.46.0-255,66,48395,44,207996
12873,0.000988,172.217.194.0-255,2902,51297,44,207996
12874,0.00099,172.31.46.0-255,66,51363,44,207996
12875,0.000995,172.217.194.0-255,2902,54265,44,207996
12876,0.000997,172.31.46.0-255,66,54331,44,207996
12877,0.001024,172.217.194.0-255,2902,57233,44,207996
12878,0.001038,172.31.46.0-255,66,57299,44,207996
12879,0.001041,172.31.46.0-255,66,57365,44,207996
12880,0.001082,172.31.46.0-255,66,57431,44,207996
12881,0.002049,172.217.194.0-255,1484,58915,44,207996
12882,0.002062,172.217.194.0-255,2902,61817,44,207996
12883,0.002067,172.31.46.0-255,66,61883,44,207996
12884,0.002075,172.217.194.0-255,5738,67621,44,207996
12885,0.002077,172.31.46.0-255,66,67687,44,207996
12886,0.002086,172.217.194.0-255,1484,69171,44,207996
12887,0.002123,172.31.46.0-255,66,69237,44,207996
12888,0.00214,172.31.46.0-255,66,69303,44,207996
12889,0.002207,172.217.194.0-255,1484,70787,44,207996
12890,0.002212,172.217.194.0-255,1484,72271,44,207996
12891,0.002214,172.31.46.0-255,66,72337,44,207996
12892,0.002237,172.217.194.0-255,1484,73821,44,207996
12893,0.002244,172.217.194.0-255,5738,79559,44,207996
12894,0.002246,172.31.46.0-255,66,79625,44,207996
12895,0.002251,172.217.194.0-255,2902,82527,44,207996
12896,0.002253,172.31.46.0-255,66,82593,44,207996
12897,0.002278,172.31.46.0-255,66,82659,44,207996
12898,0.002291,172.31.46.0-255,66,82725,44,207996
12899,0.00456,172.217.194.0-255,5738,88463,44,207996
12900,0.004569,172.31.46.0-255,66,88529,44,207996
12901,0.006868,172.217.194.0-255,5738,94267,44,207996
12902,0.006874,172.31.46.0-255,66,94333,44,207996
12903,0.009159,172.217.194.0-255,5738,100071,44,207996
12904,0.009168,172.31.46.0-255,66,100137,44,207996
12905,0.011475,172.217.194.0-255,5738,105875,44,207996
12906,0.011487,172.31.46.0-255,66,105941,44,207996
12907,0.013839,172.217.194.0-255,5738,111679,44,207996
12908,0.013848,172.31.46.0-255,66,111745,44,207996
12909,0.016151,172.217.194.0-255,5738,117483,44,207996
12910,0.01616,172.31.46.0-255,66,117549,44,207996
12911,0.018449,172.217.194.0-255,5738,123287,44,207996
12912,0.018485,172.31.46.0-255,66,123353,44,207996
12913,0.020798,172.217.194.0-255,5738,129091,44,207996
12914,0.02081,172.31.46.0-255,66,129157,44,207996
12915,0.023115,172.217.194.0-255,5738,134895,44,207996
12916,0.023128,172.31.46.0-255,66,134961,44,207996
12917,0.025413,172.217.194.0-255,5738,140699,44,207996
12918,0.025428,172.31.46.0-255,66,140765,44,207996
12919,0.027708,172.217.194.0-255,5738,146503,44,207996
12920,0.027717,172.31.46.0-255,66,146569,44,207996
12921,0.030005,172.217.194.0-255,5738,152307,44,207996
12922,0.030021,172.31.46.0-255,66,152373,44,207996
12923,0.032324,172.217.194.0-255,5738,158111,44,207996
12924,0.032342,172.31.46.0-255,66,158177,44,207996
12925,0.034644,172.217.194.0-255,5738,163915,44,207996
12926,0.034662,172.31.46.0-255,66,163981,44,207996
12927,0.036979,172.217.194.0-255,5738,169719,44,207996
12928,0.036996,172.31.46.0-255,66,169785,44,207996
12929,0.039292,172.217.194.0-255,5738,175523,44,207996
12930,0.039311,172.31.46.0-255,66,175589,44,207996
12931,0.041621,172.217.194.0-255,5738,181327,44,207996
12932,0.041639,172.31.46.0-255,66,181393,44,207996
12933,0.043946,172.217.194.0-255,5738,187131,44,207996
12934,0.043956,172.31.46.0-255,66,187197,44,207996
12935,0.044335,172.31.46.0-255,172,187369,44,207996
12936,0.044367,172.31.46.0-255,1114,188483,44,207996
12937,0.044444,172.31.46.0-255,1514,189997,44,207996
12938,0.044446,172.31.46.0-255,1514,191511,44,207996
12939,0.044451,172.31.46.0-255,1514,193025,44,207996
12940,0.044452,172.31.46.0-255,1514,194539,44,207996
12941,0.044471,172.31.46.0-255,1514,196053,44,207996
12942,0.044472,172.31.46.0-255,71,196124,44,207996
12943,0.045891,104.244.42.0-255,66,196190,44,207996
12944,0.045901,104.244.42.0-255,66,196256,44,207996
12945,0.045989,104.244.42.0-255,66,196322,44,207996
12946,0.046067,104.244.42.0-255,66,196388,44,207996
12947,0.046236,172.217.194.0-255,5738,202126,44,207996
12948,0.046243,172.31.46.0-255,66,202192,44,207996
12949,0.048504,172.217.194.0-255,5738,207930,44,207996
12950,0.048512,172.31.46.0-255,66,207996,44,207996
12951,0.0,172.217.194.0-255,146,146,44,229567
12952,2e-05,172.31.46.0-255,66,212,44,229567
12953,2.7e-05,172.217.194.0-255,1484,1696,44,229567
12954,3.2e-05,172.31.46.0-255,66,1762,44,229567
12955,3.8e-05,172.217.194.0-255,2902,4664,44,229567
12956,4.2e-05,172.31.46.0-255,66,4730,44,229567
12957,7.5e-05,172.217.194.0-255,7156,11886,44,229567
12958,7.8e-05,172.31.46.0-255,66,11952,44,229567
12959,0.000144,172.217.194.0-255,2106,14058,44,229567
12960,0.000147,172.31.46.0-255,66,14124,44,229567
12961,0.000165,172.217.194.0-255,2902,17026,44,229567
12962,0.000168,172.31.46.0-255,66,17092,44,229567
12963,0.0002,172.217.194.0-255,5738,22830,44,229567
12964,0.000202,172.31.46.0-255,66,22896,44,229567
12965,0.000218,172.217.194.0-255,1484,24380,44,229567
12966,0.00022,172.31.46.0-255,66,24446,44,229567
12967,0.000291,172.217.194.0-255,5738,30184,44,229567
12968,0.000294,172.31.46.0-255,66,30250,44,229567
12969,0.000315,172.31.46.0-255,66,30316,44,229567
12970,0.00048,172.217.194.0-255,5738,36054,44,229567
12971,0.000484,172.31.46.0-255,66,36120,44,229567
12972,0.000503,172.217.194.0-255,2543,38663,44,229567
12973,0.000505,172.31.46.0-255,66,38729,44,229567
12974,0.000584,172.217.194.0-255,4320,43049,44,229567
12975,0.000589,172.31.46.0-255,66,43115,44,229567
12976,0.000615,172.31.46.0-255,66,43181,44,229567
12977,0.000752,172.217.194.0-255,2817,45998,44,229567
12978,0.000755,172.31.46.0-255,66,46064,44,229567
12979,0.00079,172.217.194.0-255,5738,51802,44,229567
12980,0.000792,172.31.46.0-255,66,51868,44,229567
12981,0.000845,172.31.46.0-255,66,51934,44,229567
12982,0.001093,172.217.194.0-255,4320,56254,44,229567
12983,0.001097,172.31.46.0-255,66,56320,44,229567
12984,0.001113,172.217.194.0-255,5379,61699,44,229567
12985,0.00112,172.31.46.0-255,66,61765,44,229567
12986,0.001204,172.217.194.0-255,1484,63249,44,229567
12987,0.001218,172.217.194.0-255,2902,66151,44,229567
12988,0.001223,172.31.46.0-255,66,66217,44,229567
12989,0.001277,172.217.194.0-255,5738,71955,44,229567
12990,0.00128,172.31.46.0-255,66,72021,44,229567
12991,0.001333,172.217.194.0-255,7156,79177,44,229567
12992,0.001344,172.31.46.0-255,66,79243,44,229567
12993,0.001354,172.217.194.0-255,5738,84981,44,229567
12994,0.001364,172.31.46.0-255,66,85047,44,229567
12995,0.001501,172.31.46.0-255,66,85113,44,229567
12996,0.001519,172.217.194.0-255,2184,87297,44,229567
12997,0.001537,172.31.46.0-255,66,87363,44,229567
12998,0.001625,172.217.194.0-255,4320,91683,44,229567
12999,0.001628,172.31.46.0-255,66,91749,44,229567
13000,0.001704,172.31.46.0-255,66,91815,44,229567
13001,0.001947,172.31.46.0-255,66,91881,44,229567
13002,0.002169,172.217.194.0-255,5738,97619,44,229567
13003,0.002373,172.217.194.0-255,6438,104057,44,229567
13004,0.005858,172.31.46.0-255,66,104123,44,229567
13005,0.007955,172.217.194.0-255,5738,109861,44,229567
13006,0.007962,172.31.46.0-255,66,109927,44,229567
13007,0.010068,172.217.194.0-255,5738,115665,44,229567
13008,0.010075,172.31.46.0-255,66,115731,44,229567
13009,0.012169,172.217.194.0-255,5738,121469,44,229567
13010,0.013001,172.31.46.0-255,66,121535,44,229567
13011,0.015107,172.217.194.0-255,5738,127273,44,229567
13012,0.015117,172.31.46.0-255,66,127339,44,229567
13013,0.017236,172.217.194.0-255,5738,133077,44,229567
13014,0.017243,172.31.46.0-255,66,133143,44,229567
13015,0.019338,172.217.194.0-255,5738,138881,44,229567
13016,0.019346,172.31.46.0-255,66,138947,44,229567
13017,0.021442,172.217.194.0-255,5738,144685,44,229567
13018,0.021448,172.31.46.0-255,66,144751,44,229567
13019,0.023538,172.217.194.0-255,5738,150489,44,229567
13020,0.023545,172.31.46.0-255,66,150555,44,229567
13021,0.025638,172.217.194.0-255,5738,156293,44,229567
13022,0.025651,172.31.46.0-255,66,156359,44,229567
13023,0.027754,172.217.194.0-255,5738,162097,44,229567
13024,0.02777,172.31.46.0-255,66,162163,44,229567
13025,0.029904,172.217.194.0-255,5738,167901,44,229567
13026,0.029922,172.31.46.0-255,66,167967,44,229567
13027,0.03202,172.217.194.0-255,5738,173705,44,229567
13028,0.032032,172.31.46.0-255,66,173771,44,229567
13029,0.034137,172.217.194.0-255,5738,179509,44,229567
13030,0.034152,172.31.46.0-255,66,179575,44,229567
13031,0.036268,172.217.194.0-255,5738,185313,44,229567
13032,0.036284,172.31.46.0-255,66,185379,44,229567
13033,0.038363,172.217.194.0-255,5738,191117,44,229567
13034,0.038373,172.31.46.0-255,66,191183,44,229567
13035,0.03987,172.31.46.0-255,172,191355,44,229567
13036,0.039906,172.31.46.0-255,1114,192469,44,229567
13037,0.039967,172.31.46.0-255,1514,193983,44,229567
13038,0.039969,172.31.46.0-255,1514,195497,44,229567
13039,0.039974,172.31.46.0-255,1514,197011,44,229567
13040,0.039976,172.31.46.0-255,1514,198525,44,229567
13041,0.040001,172.31.46.0-255,1514,200039,44,229567
13042,0.040002,172.31.46.0-255,70,200109,44,229567
13043,0.04047,172.217.194.0-255,5738,205847,44,229567
13044,0.040478,172.31.46.0-255,66,205913,44,229567
13045,0.041385,104.244.42.0-255,66,205979,44,229567
13046,0.041409,104.244.42.0-255,66,206045,44,229567
13047,0.041498,104.244.42.0-255,66,206111,44,229567
13048,0.041522,104.244.42.0-255,66,206177,44,229567
13049,0.042136,104.244.42.0-255,108,206285,44,229567
13050,0.042146,172.31.46.0-255,66,206351,44,229567
13051,0.042579,172.217.194.0-255,5738,212089,44,229567
13052,0.042586,172.31.46.0-255,66,212155,44,229567
13053,0.044679,172.217.194.0-255,5738,217893,44,229567
13054,0.04469,172.31.46.0-255,66,217959,44,229567
13055,0.046796,172.217.194.0-255,5738,223697,44,229567
13056,0.046812,172.31.46.0-255,66,223763,44,229567
13057,0.048925,172.217.194.0-255,5738,229501,44,229567
13058,0.048941,172.31.46.0-255,66,229567,44,229567
13059,0.0,74.125.130.0-255,150,150,44,204293
13060,2.4e-05,172.31.46.0-255,66,216,44,204293
13061,3.1e-05,74.125.130.0-255,1484,1700,44,204293
13062,3.6e-05,172.31.46.0-255,66,1766,44,204293
13063,4.3e-05,74.125.130.0-255,2902,4668,44,204293
13064,4.7e-05,172.31.46.0-255,66,4734,44,204293
13065,5.2e-05,74.125.130.0-255,4320,9054,44,204293
13066,5.5e-05,172.31.46.0-255,66,9120,44,204293
13067,5.8e-05,74.125.130.0-255,1484,10604,44,204293
13068,6e-05,172.31.46.0-255,66,10670,44,204293
13069,8.4e-05,74.125.130.0-255,3425,14095,44,204293
13070,8.7e-05,172.31.46.0-255,66,14161,44,204293
13071,0.00018,74.125.130.0-255,1484,15645,44,204293
13072,0.000183,172.31.46.0-255,66,15711,44,204293
13073,0.000188,74.125.130.0-255,2902,18613,44,204293
13074,0.00019,172.31.46.0-255,66,18679,44,204293
13075,0.000211,74.125.130.0-255,5738,24417,44,204293
13076,0.000214,172.31.46.0-255,66,24483,44,204293
13077,0.000219,74.125.130.0-255,4320,28803,44,204293
13078,0.000221,172.31.46.0-255,66,28869,44,204293
13079,0.00024,74.125.130.0-255,5379,34248,44,204293
13080,0.000243,172.31.46.0-255,66,34314,44,204293
13081,0.000277,172.31.46.0-255,66,34380,44,204293
13082,0.000283,74.125.130.0-255,5738,40118,44,204293
13083,0.000286,172.31.46.0-255,66,40184,44,204293
13084,0.000302,74.125.130.0-255,1484,41668,44,204293
13085,0.000304,172.31.46.0-255,66,41734,44,204293
13086,0.000327,74.125.130.0-255,4320,46054,44,204293
13087,0.000329,172.31.46.0-255,66,46120,44,204293
13088,0.000353,172.31.46.0-255,66,46186,44,204293
13089,0.000356,74.125.130.0-255,397,46583,44,204293
13090,0.000393,74.125.130.0-255,377,46960,44,204293
13091,0.000771,74.125.130.0-255,1484,48444,44,204293
13092,0.000777,172.31.46.0-255,66,48510,44,204293
13093,0.000783,74.125.130.0-255,2902,51412,44,204293
13094,0.000785,172.31.46.0-255,66,51478,44,204293
13095,0.000788,74.125.130.0-255,1484,52962,44,204293
13096,0.000814,74.125.130.0-255,4320,57282,44,204293
13097,0.000817,172.31.46.0-255,66,57348,44,204293
13098,0.00082,74.125.130.0-255,1484,58832,44,204293
13099,0.000854,172.31.46.0-255,66,58898,44,204293
13100,0.000865,172.31.46.0-255,66,58964,44,204293
13101,0.000888,74.125.130.0-255,2184,61148,44,204293
13102,0.00089,172.31.46.0-255,66,61214,44,204293
13103,0.001184,74.125.130.0-255,1484,62698,44,204293
13104,0.0012,74.125.130.0-255,2902,65600,44,204293
13105,0.001203,172.31.46.0-255,66,65666,44,204293
13106,0.001234,74.125.130.0-255,5738,71404,44,204293
13107,0.001237,172.31.46.0-255,66,71470,44,204293
13108,0.00124,74.125.130.0-255,1484,72954,44,204293
13109,0.001263,172.31.46.0-255,66,73020,44,204293
13110,0.001266,74.125.130.0-255,1484,74504,44,204293
13111,0.001296,172.31.46.0-255,66,74570,44,204293
13112,0.003551,74.125.130.0-255,4320,78890,44,204293
13113,0.003568,172.31.46.0-255,66,78956,44,204293
13114,0.003598,74.125.130.0-255,1484,80440,44,204293
13115,0.005808,74.125.130.0-255,4320,84760,44,204293
13116,0.005813,172.31.46.0-255,66,84826,44,204293
13117,0.008067,74.125.130.0-255,5738,90564,44,204293
13118,0.008081,172.31.46.0-255,66,90630,44,204293
13119,0.010345,74.125.130.0-255,5738,96368,44,204293
13120,0.010365,172.31.46.0-255,66,96434,44,204293
13121,0.012644,74.125.130.0-255,5738,102172,44,204293
13122,0.012665,172.31.46.0-255,66,102238,44,204293
13123,0.014924,74.125.130.0-255,5738,107976,44,204293
13124,0.014943,172.31.46.0-255,66,108042,44,204293
13125,0.017211,74.125.130.0-255,5738,113780,44,204293
13126,0.017231,172.31.46.0-255,66,113846,44,204293
13127,0.019507,74.125.130.0-255,5738,119584,44,204293
13128,0.019528,172.31.46.0-255,66,119650,44,204293
13129,0.021793,74.125.130.0-255,5738,125388,44,204293
13130,0.021811,172.31.46.0-255,66,125454,44,204293
13131,0.024105,74.125.130.0-255,5738,131192,44,204293
13132,0.02412,172.31.46.0-255,66,131258,44,204293
13133,0.026412,74.125.130.0-255,5738,136996,44,204293
13134,0.026428,172.31.46.0-255,66,137062,44,204293
13135,0.028695,74.125.130.0-255,5738,142800,44,204293
13136,0.028708,172.31.46.0-255,66,142866,44,204293
13137,0.030976,74.125.130.0-255,5738,148604,44,204293
13138,0.030996,172.31.46.0-255,66,148670,44,204293
13139,0.033263,74.125.130.0-255,5738,154408,44,204293
13140,0.033282,172.31.46.0-255,66,154474,44,204293
13141,0.035553,74.125.130.0-255,5738,160212,44,204293
13142,0.035571,172.31.46.0-255,66,160278,44,204293
13143,0.037835,74.125.130.0-255,5738,166016,44,204293
13144,0.037846,172.31.46.0-255,66,166082,44,204293
13145,0.038211,172.31.46.0-255,172,166254,44,204293
13146,0.038243,172.31.46.0-255,1109,167363,44,204293
13147,0.038332,172.31.46.0-255,1514,168877,44,204293
13148,0.038334,172.31.46.0-255,1514,170391,44,204293
13149,0.03834,172.31.46.0-255,1514,171905,44,204293
13150,0.038341,172.31.46.0-255,1514,173419,44,204293
13151,0.038365,172.31.46.0-255,1514,174933,44,204293
13152,0.038367,172.31.46.0-255,76,175009,44,204293
13153,0.039766,104.244.42.0-255,66,175075,44,204293
13154,0.039783,104.244.42.0-255,66,175141,44,204293
13155,0.039896,104.244.42.0-255,66,175207,44,204293
13156,0.039904,104.244.42.0-255,66,175273,44,204293
13157,0.040086,74.125.130.0-255,5738,181011,44,204293
13158,0.040098,172.31.46.0-255,66,181077,44,204293
13159,0.04237,74.125.130.0-255,5738,186815,44,204293
13160,0.042388,172.31.46.0-255,66,186881,44,204293
13161,0.044665,74.125.130.0-255,5738,192619,44,204293
13162,0.044687,172.31.46.0-255,66,192685,44,204293
13163,0.046954,74.125.130.0-255,5738,198423,44,204293
13164,0.046969,172.31.46.0-255,66,198489,44,204293
13165,0.049258,74.125.130.0-255,5738,204227,44,204293
13166,0.049274,172.31.46.0-255,66,204293,44,204293
13167,0.0,104.244.42.0-255,66,66,44,66
13168,0.0,74.125.68.0-255,153,153,44,350420
13169,2.1e-05,172.31.46.0-255,66,219,44,350420
13170,2.9e-05,74.125.68.0-255,1484,1703,44,350420
13171,3.3e-05,172.31.46.0-255,66,1769,44,350420
13172,4.6e-05,74.125.68.0-255,2902,4671,44,350420
13173,5e-05,172.31.46.0-255,66,4737,44,350420
13174,8.6e-05,74.125.68.0-255,4320,9057,44,350420
13175,9e-05,172.31.46.0-255,66,9123,44,350420
13176,9.7e-05,74.125.68.0-255,4843,13966,44,350420
13177,9.9e-05,172.31.46.0-255,66,14032,44,350420
13178,0.000107,74.125.68.0-255,1484,15516,44,350420
13179,0.000109,172.31.46.0-255,66,15582,44,350420
13180,0.000138,74.125.68.0-255,2902,18484,44,350420
13181,0.00014,172.31.46.0-255,66,18550,44,350420
13182,0.000146,74.125.68.0-255,5738,24288,44,350420
13183,0.000148,172.31.46.0-255,66,24354,44,350420
13184,0.000155,74.125.68.0-255,1484,25838,44,350420
13185,0.000157,172.31.46.0-255,66,25904,44,350420
13186,0.000209,74.125.68.0-255,5379,31283,44,350420
13187,0.000212,172.31.46.0-255,66,31349,44,350420
13188,0.000295,74.125.68.0-255,1484,32833,44,350420
13189,0.000298,172.31.46.0-255,66,32899,44,350420
13190,0.000327,74.125.68.0-255,2902,35801,44,350420
13191,0.00033,172.31.46.0-255,66,35867,44,350420
13192,0.000358,74.125.68.0-255,5738,41605,44,350420
13193,0.000361,172.31.46.0-255,66,41671,44,350420
13194,0.000365,74.125.68.0-255,1484,43155,44,350420
13195,0.000367,172.31.46.0-255,66,43221,44,350420
13196,0.000371,74.125.68.0-255,2902,46123,44,350420
13197,0.000373,172.31.46.0-255,66,46189,44,350420
13198,0.000399,74.125.68.0-255,2543,48732,44,350420
13199,0.000406,172.31.46.0-255,66,48798,44,350420
13200,0.000755,74.125.68.0-255,1484,50282,44,350420
13201,0.000761,74.125.68.0-255,1484,51766,44,350420
13202,0.000765,172.31.46.0-255,66,51832,44,350420
13203,0.00077,74.125.68.0-255,2902,54734,44,350420
13204,0.000773,172.31.46.0-255,66,54800,44,350420
13205,0.000826,74.125.68.0-255,2902,57702,44,350420
13206,0.00083,172.31.46.0-255,66,57768,44,350420
13207,0.000859,74.125.68.0-255,4320,62088,44,350420
13208,0.000862,172.31.46.0-255,66,62154,44,350420
13209,0.000868,74.125.68.0-255,3961,66115,44,350420
13210,0.00087,172.31.46.0-255,66,66181,44,350420
13211,0.000917,74.125.68.0-255,1484,67665,44,350420
13212,0.000936,74.125.68.0-255,2902,70567,44,350420
13213,0.000939,172.31.46.0-255,66,70633,44,350420
13214,0.000965,74.125.68.0-255,5738,76371,44,350420
13215,0.000969,74.125.68.0-255,2902,79273,44,350420
13216,0.000988,172.31.46.0-255,66,79339,44,350420
13217,0.00099,172.31.46.0-255,66,79405,44,350420
13218,0.001026,74.125.68.0-255,7156,86561,44,350420
13219,0.001029,172.31.46.0-255,66,86627,44,350420
13220,0.001055,74.125.68.0-255,3961,90588,44,350420
13221,0.001057,172.31.46.0-255,66,90654,44,350420
13222,0.001063,74.125.68.0-255,4320,94974,44,350420
13223,0.001065,172.31.46.0-255,66,95040,44,350420
13224,0.001103,74.125.68.0-255,5379,100419,44,350420
13225,0.001107,172.31.46.0-255,66,100485,44,350420
13226,0.001375,74.125.68.0-255,1484,101969,44,350420
13227,0.001381,74.125.68.0-255,2902,104871,44,350420
13228,0.001384,172.31.46.0-255,66,104937,44,350420
13229,0.001409,74.125.68.0-255,5738,110675,44,350420
13230,0.001412,172.31.46.0-255,66,110741,44,350420
13231,0.001441,74.125.68.0-255,2902,113643,44,350420
13232,0.001444,172.31.46.0-255,66,113709,44,350420
13233,0.00145,74.125.68.0-255,3846,117555,44,350420
13234,0.001451,172.31.46.0-255,66,117621,44,350420
13235,0.001472,74.125.68.0-255,1484,119105,44,350420
13236,0.001498,74.125.68.0-255,7156,126261,44,350420
13237,0.001501,172.31.46.0-255,66,126327,44,350420
13238,0.001504,74.125.68.0-255,1484,127811,44,350420
13239,0.001542,172.31.46.0-255,66,127877,44,350420
13240,0.001546,74.125.68.0-255,2902,130779,44,350420
13241,0.001549,172.31.46.0-255,66,130845,44,350420
13242,0.00157,74.125.68.0-255,4320,135165,44,350420
13243,0.001573,172.31.46.0-255,66,135231,44,350420
13244,0.001588,172.31.46.0-255,66,135297,44,350420
13245,0.001698,74.125.68.0-255,1484,136781,44,350420
13246,0.001704,74.125.68.0-255,2902,139683,44,350420
13247,0.001707,172.31.46.0-255,66,139749,44,350420
13248,0.001734,74.125.68.0-255,5738,145487,44,350420
13249,0.001736,172.31.46.0-255,66,145553,44,350420
13250,0.001766,74.125.68.0-255,7156,152709,44,350420
13251,0.001768,172.31.46.0-255,66,152775,44,350420
13252,0.001771,74.125.68.0-255,402,153177,44,350420
13253,0.001825,74.125.68.0-255,1484,154661,44,350420
13254,0.001829,172.31.46.0-255,66,154727,44,350420
13255,0.001833,74.125.68.0-255,1484,156211,44,350420
13256,0.001837,74.125.68.0-255,1484,157695,44,350420
13257,0.001838,172.31.46.0-255,66,157761,44,350420
13258,0.001869,74.125.68.0-255,1484,159245,44,350420
13259,0.001876,74.125.68.0-255,5738,164983,44,350420
13260,0.001879,172.31.46.0-255,66,165049,44,350420
13261,0.001921,74.125.68.0-255,1484,166533,44,350420
13262,0.001947,74.125.68.0-255,4320,170853,44,350420
13263,0.00195,172.31.46.0-255,66,170919,44,350420
13264,0.001957,74.125.68.0-255,7156,178075,44,350420
13265,0.001959,172.31.46.0-255,66,178141,44,350420
13266,0.001965,74.125.68.0-255,4320,182461,44,350420
13267,0.001973,172.31.46.0-255,66,182527,44,350420
13268,0.002003,74.125.68.0-255,4320,186847,44,350420
13269,0.002006,172.31.46.0-255,66,186913,44,350420
13270,0.002013,74.125.68.0-255,766,187679,44,350420
13271,0.002016,74.125.68.0-255,1484,189163,44,350420
13272,0.002018,172.31.46.0-255,66,189229,44,350420
13273,0.002029,74.125.68.0-255,1484,190713,44,350420
13274,0.002051,74.125.68.0-255,2902,193615,44,350420
13275,0.002054,172.31.46.0-255,66,193681,44,350420
13276,0.002057,74.125.68.0-255,1484,195165,44,350420
13277,0.002095,74.125.68.0-255,4320,199485,44,350420
13278,0.002101,74.125.68.0-255,4320,203805,44,350420
13279,0.002106,74.125.68.0-255,5738,209543,44,350420
13280,0.002111,172.31.46.0-255,66,209609,44,350420
13281,0.002114,172.31.46.0-255,66,209675,44,350420
13282,0.002117,172.31.46.0-255,66,209741,44,350420
13283,0.002137,74.125.68.0-255,4320,214061,44,350420
13284,0.002144,172.31.46.0-255,66,214127,44,350420
13285,0.002173,74.125.68.0-255,7156,221283,44,350420
13286,0.002176,172.31.46.0-255,66,221349,44,350420
13287,0.002179,74.125.68.0-255,766,222115,44,350420
13288,0.004414,74.125.68.0-255,4320,226435,44,350420
13289,0.004428,172.31.46.0-255,66,226501,44,350420
13290,0.006677,74.125.68.0-255,5738,232239,44,350420
13291,0.006685,172.31.46.0-255,66,232305,44,350420
13292,0.00896,74.125.68.0-255,5738,238043,44,350420
13293,0.008977,172.31.46.0-255,66,238109,44,350420
13294,0.011217,74.125.68.0-255,5738,243847,44,350420
13295,0.011225,172.31.46.0-255,66,243913,44,350420
13296,0.013531,74.125.68.0-255,5738,249651,44,350420
13297,0.013539,172.31.46.0-255,66,249717,44,350420
13298,0.015794,74.125.68.0-255,5738,255455,44,350420
13299,0.015803,172.31.46.0-255,66,255521,44,350420
13300,0.018055,74.125.68.0-255,5738,261259,44,350420
13301,0.018063,172.31.46.0-255,66,261325,44,350420
13302,0.020301,74.125.68.0-255,5738,267063,44,350420
13303,0.020311,172.31.46.0-255,66,267129,44,350420
13304,0.022555,74.125.68.0-255,5738,272867,44,350420
13305,0.022569,172.31.46.0-255,66,272933,44,350420
13306,0.024817,74.125.68.0-255,5738,278671,44,350420
13307,0.024826,172.31.46.0-255,66,278737,44,350420
13308,0.027097,74.125.68.0-255,5738,284475,44,350420
13309,0.027109,172.31.46.0-255,66,284541,44,350420
13310,0.029364,74.125.68.0-255,5738,290279,44,350420
13311,0.029377,172.31.46.0-255,66,290345,44,350420
13312,0.031636,74.125.68.0-255,5738,296083,44,350420
13313,0.031646,172.31.46.0-255,66,296149,44,350420
13314,0.033897,74.125.68.0-255,5738,301887,44,350420
13315,0.033907,172.31.46.0-255,66,301953,44,350420
13316,0.036168,74.125.68.0-255,5738,307691,44,350420
13317,0.036186,172.31.46.0-255,66,307757,44,350420
13318,0.038445,74.125.68.0-255,5738,313495,44,350420
13319,0.038463,172.31.46.0-255,66,313561,44,350420
13320,0.040721,74.125.68.0-255,5738,319299,44,350420
13321,0.040745,172.31.46.0-255,66,319365,44,350420
13322,0.043004,74.125.68.0-255,5738,325103,44,350420
13323,0.043022,172.31.46.0-255,66,325169,44,350420
13324,0.045276,74.125.68.0-255,5738,330907,44,350420
13325,0.045287,172.31.46.0-255,66,330973,44,350420
13326,0.04575,172.31.46.0-255,172,331145,44,350420
13327,0.045782,172.31.46.0-255,1114,332259,44,350420
13328,0.045884,172.31.46.0-255,1514,333773,44,350420
13329,0.045886,172.31.46.0-255,1514,335287,44,350420
13330,0.04589,172.31.46.0-255,1514,336801,44,350420
13331,0.045892,172.31.46.0-255,1514,338315,44,350420
13332,0.045916,172.31.46.0-255,1514,339829,44,350420
13333,0.045921,172.31.46.0-255,71,339900,44,350420
13334,0.0473,104.244.42.0-255,66,339966,44,350420
13335,0.047312,104.244.42.0-255,66,340032,44,350420
13336,0.047452,104.244.42.0-255,66,340098,44,350420
13337,0.04746,104.244.42.0-255,66,340164,44,350420
13338,0.04752,74.125.68.0-255,4320,344484,44,350420
13339,0.047527,172.31.46.0-255,66,344550,44,350420
13340,0.047554,74.125.68.0-255,1484,346034,44,350420
13341,0.049784,74.125.68.0-255,4320,350354,44,350420
13342,0.049797,172.31.46.0-255,66,350420,44,350420
13343,0.0,74.125.24.0-255,152,152,44,279459
13344,1.7e-05,172.31.46.0-255,66,218,44,279459
13345,2.4e-05,74.125.24.0-255,1484,1702,44,279459
13346,2.7e-05,172.31.46.0-255,66,1768,44,279459
13347,3.3e-05,74.125.24.0-255,2902,4670,44,279459
13348,3.6e-05,172.31.46.0-255,66,4736,44,279459
13349,4.1e-05,74.125.24.0-255,4320,9056,44,279459
13350,4.3e-05,172.31.46.0-255,66,9122,44,279459
13351,8.6e-05,74.125.24.0-255,4929,14051,44,279459
13352,8.9e-05,172.31.46.0-255,66,14117,44,279459
13353,0.000109,74.125.24.0-255,5738,19855,44,279459
13354,0.000111,172.31.46.0-255,66,19921,44,279459
13355,0.000159,172.31.46.0-255,66,19987,44,279459
13356,0.000176,74.125.24.0-255,1125,21112,44,279459
13357,0.000178,172.31.46.0-255,66,21178,44,279459
13358,0.00023,74.125.24.0-255,1484,22662,44,279459
13359,0.000233,172.31.46.0-255,66,22728,44,279459
13360,0.000237,74.125.24.0-255,2902,25630,44,279459
13361,0.000239,172.31.46.0-255,66,25696,44,279459
13362,0.000253,74.125.24.0-255,5738,31434,44,279459
13363,0.000255,172.31.46.0-255,66,31500,44,279459
13364,0.000295,74.125.24.0-255,5738,37238,44,279459
13365,0.000298,172.31.46.0-255,66,37304,44,279459
13366,0.000315,74.125.24.0-255,1125,38429,44,279459
13367,0.000317,172.31.46.0-255,66,38495,44,279459
13368,0.000324,74.125.24.0-255,7156,45651,44,279459
13369,0.000326,172.31.46.0-255,66,45717,44,279459
13370,0.000347,74.125.24.0-255,2902,48619,44,279459
13371,0.000349,172.31.46.0-255,66,48685,44,279459
13372,0.000372,74.125.24.0-255,7091,55776,44,279459
13373,0.000374,172.31.46.0-255,66,55842,44,279459
13374,0.000403,74.125.24.0-255,384,56226,44,279459
13375,0.000675,74.125.24.0-255,1484,57710,44,279459
13376,0.000679,172.31.46.0-255,66,57776,44,279459
13377,0.000684,74.125.24.0-255,2902,60678,44,279459
13378,0.000686,172.31.46.0-255,66,60744,44,279459
13379,0.000692,74.125.24.0-255,5738,66482,44,279459
13380,0.000694,172.31.46.0-255,66,66548,44,279459
13381,0.00072,74.125.24.0-255,7156,73704,44,279459
13382,0.000722,172.31.46.0-255,66,73770,44,279459
13383,0.000743,74.125.24.0-255,5738,79508,44,279459
13384,0.000745,172.31.46.0-255,66,79574,44,279459
13385,0.000762,74.125.24.0-255,1484,81058,44,279459
13386,0.000779,172.31.46.0-255,66,81124,44,279459
13387,0.00099,74.125.24.0-255,1484,82608,44,279459
13388,0.000996,74.125.24.0-255,2902,85510,44,279459
13389,0.000998,172.31.46.0-255,66,85576,44,279459
13390,0.001001,74.125.24.0-255,1484,87060,44,279459
13391,0.001017,74.125.24.0-255,4320,91380,44,279459
13392,0.001025,172.31.46.0-255,101,91481,44,279459
13393,0.001028,74.125.24.0-255,2902,94383,44,279459
13394,0.001032,172.31.46.0-255,66,94449,44,279459
13395,0.001034,172.31.46.0-255,66,94515,44,279459
13396,0.001049,172.31.46.0-255,66,94581,44,279459
13397,0.00107,74.125.24.0-255,1484,96065,44,279459
13398,0.001081,172.31.46.0-255,66,96131,44,279459
13399,0.001303,74.125.24.0-255,1484,97615,44,279459
13400,0.001308,74.125.24.0-255,2902,100517,44,279459
13401,0.001311,172.31.46.0-255,66,100583,44,279459
13402,0.001318,74.125.24.0-255,5738,106321,44,279459
13403,0.00132,172.31.46.0-255,66,106387,44,279459
13404,0.001359,172.31.46.0-255,66,106453,44,279459
13405,0.001364,74.125.24.0-255,2902,109355,44,279459
13406,0.001365,172.31.46.0-255,66,109421,44,279459
13407,0.001385,172.31.46.0-255,66,109487,44,279459
13408,0.001526,74.125.24.0-255,1484,110971,44,279459
13409,0.00153,74.125.24.0-255,2902,113873,44,279459
13410,0.001533,172.31.46.0-255,66,113939,44,279459
13411,0.001554,74.125.24.0-255,5738,119677,44,279459
13412,0.001556,172.31.46.0-255,66,119743,44,279459
13413,0.001588,172.31.46.0-255,66,119809,44,279459
13414,0.001591,74.125.24.0-255,1484,121293,44,279459
13415,0.001623,74.125.24.0-255,5738,127031,44,279459
13416,0.001627,172.31.46.0-255,66,127097,44,279459
13417,0.001644,74.125.24.0-255,3602,130699,44,279459
13418,0.001646,172.31.46.0-255,66,130765,44,279459
13419,0.001917,74.125.24.0-255,1484,132249,44,279459
13420,0.001922,74.125.24.0-255,2902,135151,44,279459
13421,0.001924,172.31.46.0-255,66,135217,44,279459
13422,0.001945,74.125.24.0-255,5738,140955,44,279459
13423,0.001947,172.31.46.0-255,66,141021,44,279459
13424,0.001986,172.31.46.0-255,66,141087,44,279459
13425,0.002043,172.31.46.0-255,66,141153,44,279459
13426,0.002076,74.125.24.0-255,5738,146891,44,279459
13427,0.002078,172.31.46.0-255,66,146957,44,279459
13428,0.002094,74.125.24.0-255,4320,151277,44,279459
13429,0.002096,172.31.46.0-255,66,151343,44,279459
13430,0.002111,74.125.24.0-255,4320,155663,44,279459
13431,0.002113,172.31.46.0-255,66,155729,44,279459
13432,0.002146,74.125.24.0-255,7156,162885,44,279459
13433,0.002149,172.31.46.0-255,66,162951,44,279459
13434,0.002158,172.31.46.0-255,66,163017,44,279459
13435,0.002176,74.125.24.0-255,3602,166619,44,279459
13436,0.002179,172.31.46.0-255,66,166685,44,279459
13437,0.002226,74.125.24.0-255,4320,171005,44,279459
13438,0.002229,172.31.46.0-255,66,171071,44,279459
13439,0.002252,74.125.24.0-255,5738,176809,44,279459
13440,0.002254,172.31.46.0-255,66,176875,44,279459
13441,0.002287,172.31.46.0-255,66,176941,44,279459
13442,0.002293,74.125.24.0-255,5738,182679,44,279459
13443,0.002295,172.31.46.0-255,66,182745,44,279459
13444,0.002344,74.125.24.0-255,6438,189183,44,279459
13445,0.002348,172.31.46.0-255,66,189249,44,279459
13446,0.002412,74.125.24.0-255,1484,190733,44,279459
13447,0.002429,74.125.24.0-255,2902,193635,44,279459
13448,0.002432,172.31.46.0-255,66,193701,44,279459
13449,0.002453,74.125.24.0-255,5738,199439,44,279459
13450,0.002456,172.31.46.0-255,66,199505,44,279459
13451,0.002469,74.125.24.0-255,5738,205243,44,279459
13452,0.002472,172.31.46.0-255,66,205309,44,279459
13453,0.002494,74.125.24.0-255,7156,212465,44,279459
13454,0.002497,172.31.46.0-255,66,212531,44,279459
13455,0.002503,74.125.24.0-255,5738,218269,44,279459
13456,0.002505,172.31.46.0-255,66,218335,44,279459
13457,0.002536,74.125.24.0-255,5020,223355,44,279459
13458,0.002552,172.31.46.0-255,66,223421,44,279459
13459,0.002574,74.125.24.0-255,5738,229159,44,279459
13460,0.002577,172.31.46.0-255,66,229225,44,279459
13461,0.002597,74.125.24.0-255,4320,233545,44,279459
13462,0.002599,172.31.46.0-255,66,233611,44,279459
13463,0.00261,74.125.24.0-255,1484,235095,44,279459
13464,0.002636,172.31.46.0-255,66,235161,44,279459
13465,0.002641,74.125.24.0-255,4320,239481,44,279459
13466,0.002643,172.31.46.0-255,66,239547,44,279459
13467,0.002659,74.125.24.0-255,4320,243867,44,279459
13468,0.002662,172.31.46.0-255,66,243933,44,279459
13469,0.002664,74.125.24.0-255,1484,245417,44,279459
13470,0.002669,74.125.24.0-255,3602,249019,44,279459
13471,0.002672,172.31.46.0-255,66,249085,44,279459
13472,0.002674,74.125.24.0-255,1484,250569,44,279459
13473,0.002677,74.125.24.0-255,1484,252053,44,279459
13474,0.002679,172.31.46.0-255,66,252119,44,279459
13475,0.002683,74.125.24.0-255,2902,255021,44,279459
13476,0.002685,172.31.46.0-255,66,255087,44,279459
13477,0.002721,74.125.24.0-255,5738,260825,44,279459
13478,0.002724,172.31.46.0-255,66,260891,44,279459
13479,0.002747,172.31.46.0-255,66,260957,44,279459
13480,0.002752,74.125.24.0-255,4320,265277,44,279459
13481,0.002754,172.31.46.0-255,66,265343,44,279459
13482,0.002756,74.125.24.0-255,1484,266827,44,279459
13483,0.002791,74.125.24.0-255,2902,269729,44,279459
13484,0.002795,172.31.46.0-255,66,269795,44,279459
13485,0.002824,172.31.46.0-255,66,269861,44,279459
13486,0.002869,74.125.24.0-255,105,269966,44,279459
13487,0.003556,74.125.24.0-255,66,270032,44,279459
13488,0.008214,172.31.46.0-255,105,270137,44,279459
13489,0.010768,74.125.24.0-255,66,270203,44,279459
13490,0.034424,172.31.46.0-255,172,270375,44,279459
13491,0.034457,172.31.46.0-255,1114,271489,44,279459
13492,0.034527,172.31.46.0-255,1514,273003,44,279459
13493,0.034529,172.31.46.0-255,1514,274517,44,279459
13494,0.034535,172.31.46.0-255,1514,276031,44,279459
13495,0.034536,172.31.46.0-255,1514,277545,44,279459
13496,0.034583,172.31.46.0-255,1514,279059,44,279459
13497,0.034584,172.31.46.0-255,70,279129,44,279459
13498,0.035936,104.244.42.0-255,66,279195,44,279459
13499,0.035946,104.244.42.0-255,66,279261,44,279459
13500,0.036086,104.244.42.0-255,66,279327,44,279459
13501,0.036091,104.244.42.0-255,66,279393,44,279459
13502,0.036093,104.244.42.0-255,66,279459,44,279459
13503,0.0,172.217.24.0-255,150,150,44,258821
13504,2.3e-05,172.31.46.0-255,66,216,44,258821
13505,3.1e-05,172.217.24.0-255,1484,1700,44,258821
13506,3.6e-05,172.31.46.0-255,66,1766,44,258821
13507,4.1e-05,172.217.24.0-255,2902,4668,44,258821
13508,4.5e-05,172.31.46.0-255,66,4734,44,258821
13509,5.3e-05,172.217.24.0-255,7156,11890,44,258821
13510,5.6e-05,172.31.46.0-255,66,11956,44,258821
13511,6.1e-05,172.217.24.0-255,2013,13969,44,258821
13512,6.4e-05,172.31.46.0-255,66,14035,44,258821
13513,0.000253,172.217.24.0-255,1484,15519,44,258821
13514,0.000258,172.31.46.0-255,66,15585,44,258821
13515,0.000265,172.217.24.0-255,2902,18487,44,258821
13516,0.000268,172.31.46.0-255,66,18553,44,258821
13517,0.000289,172.217.24.0-255,2902,21455,44,258821
13518,0.000292,172.31.46.0-255,66,21521,44,258821
13519,0.000314,172.217.24.0-255,2902,24423,44,258821
13520,0.000316,172.31.46.0-255,66,24489,44,258821
13521,0.000322,172.217.24.0-255,4320,28809,44,258821
13522,0.000324,172.31.46.0-255,66,28875,44,258821
13523,0.000352,172.217.24.0-255,2543,31418,44,258821
13524,0.000355,172.31.46.0-255,66,31484,44,258821
13525,0.000582,172.217.24.0-255,1484,32968,44,258821
13526,0.000586,172.31.46.0-255,66,33034,44,258821
13527,0.000592,172.217.24.0-255,2902,35936,44,258821
13528,0.000595,172.31.46.0-255,66,36002,44,258821
13529,0.000601,172.217.24.0-255,5738,41740,44,258821
13530,0.000604,172.31.46.0-255,66,41806,44,258821
13531,0.00061,172.217.24.0-255,4320,46126,44,258821
13532,0.000612,172.31.46.0-255,66,46192,44,258821
13533,0.000641,172.217.24.0-255,1484,47676,44,258821
13534,0.000644,172.31.46.0-255,66,47742,44,258821
13535,0.000652,172.217.24.0-255,6797,54539,44,258821
13536,0.000654,172.31.46.0-255,66,54605,44,258821
13537,0.000671,172.217.24.0-255,7156,61761,44,258821
13538,0.000674,172.31.46.0-255,66,61827,44,258821
13539,0.000699,172.217.24.0-255,3961,65788,44,258821
13540,0.000703,172.31.46.0-255,66,65854,44,258821
13541,0.000772,172.217.24.0-255,395,66249,44,258821
13542,0.001083,172.31.46.0-255,66,66315,44,258821
13543,0.001415,172.217.24.0-255,350,66665,44,258821
13544,0.001637,172.217.24.0-255,1484,68149,44,258821
13545,0.001643,172.31.46.0-255,66,68215,44,258821
13546,0.001651,172.217.24.0-255,2902,71117,44,258821
13547,0.001653,172.31.46.0-255,66,71183,44,258821
13548,0.00166,172.217.24.0-255,5738,76921,44,258821
13549,0.001662,172.31.46.0-255,66,76987,44,258821
13550,0.001696,172.217.24.0-255,6797,83784,44,258821
13551,0.001699,172.31.46.0-255,66,83850,44,258821
13552,0.001707,172.217.24.0-255,7156,91006,44,258821
13553,0.001709,172.31.46.0-255,66,91072,44,258821
13554,0.001727,172.217.24.0-255,7156,98228,44,258821
13555,0.001729,172.31.46.0-255,66,98294,44,258821
13556,0.001766,172.217.24.0-255,1484,99778,44,258821
13557,0.001815,172.217.24.0-255,1125,100903,44,258821
13558,0.001819,172.31.46.0-255,66,100969,44,258821
13559,0.00186,172.217.24.0-255,1484,102453,44,258821
13560,0.001878,172.217.24.0-255,2902,105355,44,258821
13561,0.00188,172.31.46.0-255,66,105421,44,258821
13562,0.001916,172.217.24.0-255,1484,106905,44,258821
13563,0.00192,172.217.24.0-255,1484,108389,44,258821
13564,0.001922,172.31.46.0-255,66,108455,44,258821
13565,0.001936,172.217.24.0-255,1484,109939,44,258821
13566,0.001947,172.217.24.0-255,1484,111423,44,258821
13567,0.001949,172.31.46.0-255,66,111489,44,258821
13568,0.003846,172.217.24.0-255,2902,114391,44,258821
13569,0.003849,172.31.46.0-255,66,114457,44,258821
13570,0.003865,172.217.24.0-255,2902,117359,44,258821
13571,0.003868,172.31.46.0-255,66,117425,44,258821
13572,0.005777,172.217.24.0-255,4320,121745,44,258821
13573,0.00578,172.31.46.0-255,66,121811,44,258821
13574,0.005793,172.217.24.0-255,1484,123295,44,258821
13575,0.007709,172.217.24.0-255,4320,127615,44,258821
13576,0.007716,172.31.46.0-255,66,127681,44,258821
13577,0.009649,172.217.24.0-255,5738,133419,44,258821
13578,0.009657,172.31.46.0-255,66,133485,44,258821
13579,0.011592,172.217.24.0-255,5738,139223,44,258821
13580,0.011601,172.31.46.0-255,66,139289,44,258821
13581,0.013536,172.217.24.0-255,5738,145027,44,258821
13582,0.013544,172.31.46.0-255,66,145093,44,258821
13583,0.015488,172.217.24.0-255,5738,150831,44,258821
13584,0.015499,172.31.46.0-255,66,150897,44,258821
13585,0.017432,172.217.24.0-255,5738,156635,44,258821
13586,0.01744,172.31.46.0-255,66,156701,44,258821
13587,0.019371,172.217.24.0-255,5738,162439,44,258821
13588,0.019378,172.31.46.0-255,66,162505,44,258821
13589,0.021311,172.217.24.0-255,5738,168243,44,258821
13590,0.021319,172.31.46.0-255,66,168309,44,258821
13591,0.023248,172.217.24.0-255,5738,174047,44,258821
13592,0.023255,172.31.46.0-255,66,174113,44,258821
13593,0.025191,172.217.24.0-255,5738,179851,44,258821
13594,0.025199,172.31.46.0-255,66,179917,44,258821
13595,0.027135,172.217.24.0-255,5738,185655,44,258821
13596,0.027146,172.31.46.0-255,66,185721,44,258821
13597,0.029076,172.217.24.0-255,5738,191459,44,258821
13598,0.029086,172.31.46.0-255,66,191525,44,258821
13599,0.031025,172.217.24.0-255,5738,197263,44,258821
13600,0.031034,172.31.46.0-255,66,197329,44,258821
13601,0.03259,172.31.46.0-255,172,197501,44,258821
13602,0.032622,172.31.46.0-255,1115,198616,44,258821
13603,0.032686,172.31.46.0-255,1514,200130,44,258821
13604,0.032688,172.31.46.0-255,1514,201644,44,258821
13605,0.032689,172.31.46.0-255,1514,203158,44,258821
13606,0.03269,172.31.46.0-255,1514,204672,44,258821
13607,0.032717,172.31.46.0-255,1514,206186,44,258821
13608,0.032722,172.31.46.0-255,69,206255,44,258821
13609,0.032968,172.217.24.0-255,5738,211993,44,258821
13610,0.032975,172.31.46.0-255,66,212059,44,258821
13611,0.034092,104.244.42.0-255,66,212125,44,258821
13612,0.03411,104.244.42.0-255,66,212191,44,258821
13613,0.034225,104.244.42.0-255,66,212257,44,258821
13614,0.034231,104.244.42.0-255,66,212323,44,258821
13615,0.034234,104.244.42.0-255,66,212389,44,258821
13616,0.034904,172.217.24.0-255,5738,218127,44,258821
13617,0.034912,172.31.46.0-255,66,218193,44,258821
13618,0.036855,172.217.24.0-255,5738,223931,44,258821
13619,0.036863,172.31.46.0-255,66,223997,44,258821
13620,0.038804,172.217.24.0-255,5738,229735,44,258821
13621,0.038811,172.31.46.0-255,66,229801,44,258821
13622,0.040749,172.217.24.0-255,5738,235539,44,258821
13623,0.040756,172.31.46.0-255,66,235605,44,258821
13624,0.042704,172.217.24.0-255,5738,241343,44,258821
13625,0.04271,172.31.46.0-255,66,241409,44,258821
13626,0.044644,172.217.24.0-255,5738,247147,44,258821
13627,0.044654,172.31.46.0-255,66,247213,44,258821
13628,0.046598,172.217.24.0-255,5738,252951,44,258821
13629,0.046605,172.31.46.0-255,66,253017,44,258821
13630,0.048544,172.217.24.0-255,5738,258755,44,258821
13631,0.048551,172.31.46.0-255,66,258821,44,258821
13632,0.0,74.125.24.0-255,153,153,44,334534
13633,1.5e-05,172.31.46.0-255,66,219,44,334534
13634,2.2e-05,74.125.24.0-255,1484,1703,44,334534
13635,2.7e-05,172.31.46.0-255,66,1769,44,334534
13636,4e-05,74.125.24.0-255,2902,4671,44,334534
13637,4.3e-05,172.31.46.0-255,66,4737,44,334534
13638,8.3e-05,74.125.24.0-255,7156,11893,44,334534
13639,8.6e-05,172.31.46.0-255,66,11959,44,334534
13640,0.000105,74.125.24.0-255,2100,14059,44,334534
13641,0.000108,172.31.46.0-255,66,14125,44,334534
13642,0.000444,74.125.24.0-255,1484,15609,44,334534
13643,0.000451,172.31.46.0-255,66,15675,44,334534
13644,0.000458,74.125.24.0-255,2902,18577,44,334534
13645,0.000461,172.31.46.0-255,66,18643,44,334534
13646,0.000466,74.125.24.0-255,2902,21545,44,334534
13647,0.000469,172.31.46.0-255,66,21611,44,334534
13648,0.000507,74.125.24.0-255,2902,24513,44,334534
13649,0.00051,172.31.46.0-255,66,24579,44,334534
13650,0.000518,74.125.24.0-255,6797,31376,44,334534
13651,0.000521,172.31.46.0-255,66,31442,44,334534
13652,0.000607,74.125.24.0-255,1484,32926,44,334534
13653,0.000612,172.31.46.0-255,66,32992,44,334534
13654,0.000645,74.125.24.0-255,2902,35894,44,334534
13655,0.000649,172.31.46.0-255,66,35960,44,334534
13656,0.000655,74.125.24.0-255,5738,41698,44,334534
13657,0.000658,172.31.46.0-255,66,41764,44,334534
13658,0.000661,74.125.24.0-255,1484,43248,44,334534
13659,0.000668,172.31.46.0-255,66,43314,44,334534
13660,0.000716,172.31.46.0-255,66,43380,44,334534
13661,0.000728,172.31.46.0-255,66,43446,44,334534
13662,0.000731,74.125.24.0-255,361,43807,44,334534
13663,0.000756,74.125.24.0-255,381,44188,44,334534
13664,0.000929,74.125.24.0-255,1484,45672,44,334534
13665,0.000935,172.31.46.0-255,66,45738,44,334534
13666,0.000944,74.125.24.0-255,2902,48640,44,334534
13667,0.000947,172.31.46.0-255,66,48706,44,334534
13668,0.000956,74.125.24.0-255,2902,51608,44,334534
13669,0.000958,172.31.46.0-255,66,51674,44,334534
13670,0.000999,74.125.24.0-255,2902,54576,44,334534
13671,0.001002,172.31.46.0-255,66,54642,44,334534
13672,0.00101,74.125.24.0-255,6797,61439,44,334534
13673,0.001016,172.31.46.0-255,66,61505,44,334534
13674,0.001024,74.125.24.0-255,7156,68661,44,334534
13675,0.001026,172.31.46.0-255,66,68727,44,334534
13676,0.001032,74.125.24.0-255,5738,74465,44,334534
13677,0.001035,172.31.46.0-255,66,74531,44,334534
13678,0.001069,74.125.24.0-255,3961,78492,44,334534
13679,0.001073,172.31.46.0-255,66,78558,44,334534
13680,0.001096,74.125.24.0-255,1484,80042,44,334534
13681,0.001111,74.125.24.0-255,2902,82944,44,334534
13682,0.001114,172.31.46.0-255,66,83010,44,334534
13683,0.001118,74.125.24.0-255,2902,85912,44,334534
13684,0.00112,172.31.46.0-255,66,85978,44,334534
13685,0.001143,74.125.24.0-255,2902,88880,44,334534
13686,0.001146,172.31.46.0-255,66,88946,44,334534
13687,0.001154,74.125.24.0-255,7156,96102,44,334534
13688,0.001156,172.31.46.0-255,66,96168,44,334534
13689,0.001162,74.125.24.0-255,5738,101906,44,334534
13690,0.001165,172.31.46.0-255,66,101972,44,334534
13691,0.001208,172.31.46.0-255,66,102038,44,334534
13692,0.001212,74.125.24.0-255,2184,104222,44,334534
13693,0.001214,172.31.46.0-255,66,104288,44,334534
13694,0.001273,74.125.24.0-255,1484,105772,44,334534
13695,0.001279,74.125.24.0-255,2902,108674,44,334534
13696,0.001281,172.31.46.0-255,66,108740,44,334534
13697,0.001288,74.125.24.0-255,5738,114478,44,334534
13698,0.00129,172.31.46.0-255,66,114544,44,334534
13699,0.001333,172.31.46.0-255,66,114610,44,334534
13700,0.001379,172.31.46.0-255,66,114676,44,334534
13701,0.001406,74.125.24.0-255,5020,119696,44,334534
13702,0.001409,172.31.46.0-255,66,119762,44,334534
13703,0.001582,74.125.24.0-255,1484,121246,44,334534
13704,0.001588,74.125.24.0-255,2902,124148,44,334534
13705,0.001591,172.31.46.0-255,66,124214,44,334534
13706,0.001594,74.125.24.0-255,1484,125698,44,334534
13707,0.001622,74.125.24.0-255,4320,130018,44,334534
13708,0.001624,172.31.46.0-255,66,130084,44,334534
13709,0.00163,74.125.24.0-255,4320,134404,44,334534
13710,0.001633,172.31.46.0-255,66,134470,44,334534
13711,0.001665,172.31.46.0-255,66,134536,44,334534
13712,0.001677,172.31.46.0-255,66,134602,44,334534
13713,0.001719,74.125.24.0-255,1484,136086,44,334534
13714,0.001724,74.125.24.0-255,2902,138988,44,334534
13715,0.001726,172.31.46.0-255,66,139054,44,334534
13716,0.001764,74.125.24.0-255,5738,144792,44,334534
13717,0.001768,172.31.46.0-255,66,144858,44,334534
13718,0.001776,74.125.24.0-255,7156,152014,44,334534
13719,0.001778,172.31.46.0-255,66,152080,44,334534
13720,0.001806,74.125.24.0-255,7156,159236,44,334534
13721,0.001809,172.31.46.0-255,66,159302,44,334534
13722,0.00183,74.125.24.0-255,5738,165040,44,334534
13723,0.001833,172.31.46.0-255,66,165106,44,334534
13724,0.001836,74.125.24.0-255,1484,166590,44,334534
13725,0.001866,74.125.24.0-255,2184,168774,44,334534
13726,0.00187,74.125.24.0-255,2902,171676,44,334534
13727,0.001874,172.31.46.0-255,66,171742,44,334534
13728,0.001881,172.31.46.0-255,66,171808,44,334534
13729,0.001885,74.125.24.0-255,1484,173292,44,334534
13730,0.00189,74.125.24.0-255,2902,176194,44,334534
13731,0.001892,172.31.46.0-255,66,176260,44,334534
13732,0.001926,74.125.24.0-255,7156,183416,44,334534
13733,0.001933,172.31.46.0-255,66,183482,44,334534
13734,0.001941,74.125.24.0-255,1484,184966,44,334534
13735,0.001946,74.125.24.0-255,2902,187868,44,334534
13736,0.001948,172.31.46.0-255,66,187934,44,334534
13737,0.001955,74.125.24.0-255,5738,193672,44,334534
13738,0.001957,172.31.46.0-255,66,193738,44,334534
13739,0.001964,74.125.24.0-255,5738,199476,44,334534
13740,0.001966,172.31.46.0-255,66,199542,44,334534
13741,0.002005,74.125.24.0-255,1484,201026,44,334534
13742,0.002021,74.125.24.0-255,2184,203210,44,334534
13743,0.002024,172.31.46.0-255,66,203276,44,334534
13744,0.002119,74.125.24.0-255,1484,204760,44,334534
13745,0.002123,74.125.24.0-255,1484,206244,44,334534
13746,0.002125,172.31.46.0-255,66,206310,44,334534
13747,0.002151,74.125.24.0-255,1484,207794,44,334534
13748,0.002158,74.125.24.0-255,5738,213532,44,334534
13749,0.00216,172.31.46.0-255,66,213598,44,334534
13750,0.002163,74.125.24.0-255,1484,215082,44,334534
13751,0.002193,172.31.46.0-255,66,215148,44,334534
13752,0.002234,172.31.46.0-255,66,215214,44,334534
13753,0.003439,172.31.46.0-255,101,215315,44,334534
13754,0.004503,74.125.24.0-255,5738,221053,44,334534
13755,0.00451,172.31.46.0-255,66,221119,44,334534
13756,0.005669,74.125.24.0-255,66,221185,44,334534
13757,0.006776,74.125.24.0-255,4320,225505,44,334534
13758,0.006782,172.31.46.0-255,66,225571,44,334534
13759,0.006836,74.125.24.0-255,1484,227055,44,334534
13760,0.00904,74.125.24.0-255,4320,231375,44,334534
13761,0.009045,172.31.46.0-255,66,231441,44,334534
13762,0.011298,74.125.24.0-255,5738,237179,44,334534
13763,0.011305,172.31.46.0-255,66,237245,44,334534
13764,0.013577,74.125.24.0-255,5738,242983,44,334534
13765,0.013594,172.31.46.0-255,66,243049,44,334534
13766,0.015861,74.125.24.0-255,5738,248787,44,334534
13767,0.015877,172.31.46.0-255,66,248853,44,334534
13768,0.01815,74.125.24.0-255,5738,254591,44,334534
13769,0.018165,172.31.46.0-255,66,254657,44,334534
13770,0.020438,74.125.24.0-255,5738,260395,44,334534
13771,0.020452,172.31.46.0-255,66,260461,44,334534
13772,0.022737,74.125.24.0-255,5738,266199,44,334534
13773,0.022748,172.31.46.0-255,66,266265,44,334534
13774,0.025009,74.125.24.0-255,5738,272003,44,334534
13775,0.025027,172.31.46.0-255,66,272069,44,334534
13776,0.027316,74.125.24.0-255,5738,277807,44,334534
13777,0.027324,172.31.46.0-255,66,277873,44,334534
13778,0.029617,74.125.24.0-255,5738,283611,44,334534
13779,0.029626,172.31.46.0-255,66,283677,44,334534
13780,0.03188,74.125.24.0-255,5738,289415,44,334534
13781,0.031893,172.31.46.0-255,66,289481,44,334534
13782,0.034163,74.125.24.0-255,5738,295219,44,334534
13783,0.034174,172.31.46.0-255,66,295285,44,334534
13784,0.034784,172.31.46.0-255,172,295457,44,334534
13785,0.034819,172.31.46.0-255,1114,296571,44,334534
13786,0.034891,172.31.46.0-255,1514,298085,44,334534
13787,0.034893,172.31.46.0-255,1514,299599,44,334534
13788,0.034894,172.31.46.0-255,1514,301113,44,334534
13789,0.034895,172.31.46.0-255,1514,302627,44,334534
13790,0.03492,172.31.46.0-255,556,303183,44,334534
13791,0.036414,74.125.24.0-255,5738,308921,44,334534
13792,0.036426,172.31.46.0-255,66,308987,44,334534
13793,0.036492,104.244.42.0-255,66,309053,44,334534
13794,0.038697,74.125.24.0-255,5738,314791,44,334534
13795,0.038703,172.31.46.0-255,66,314857,44,334534
13796,0.040988,74.125.24.0-255,5738,320595,44,334534
13797,0.040995,172.31.46.0-255,66,320661,44,334534
13798,0.043297,74.125.24.0-255,5738,326399,44,334534
13799,0.043303,172.31.46.0-255,66,326465,44,334534
13800,0.045548,74.125.24.0-255,5738,332203,44,334534
13801,0.045557,172.31.46.0-255,66,332269,44,334534
13802,0.047813,74.125.24.0-255,2094,334363,44,334534
13803,0.04782,172.31.46.0-255,66,334429,44,334534
13804,0.047991,172.31.46.0-255,105,334534,44,334534
13805,0.0,74.125.24.0-255,149,149,44,260851
13806,3.4e-05,172.31.46.0-255,66,215,44,260851
13807,4.1e-05,74.125.24.0-255,1484,1699,44,260851
13808,4.6e-05,172.31.46.0-255,66,1765,44,260851
13809,5.2e-05,74.125.24.0-255,2902,4667,44,260851
13810,5.6e-05,172.31.46.0-255,66,4733,44,260851
13811,6.5e-05,74.125.24.0-255,7156,11889,44,260851
13812,6.8e-05,172.31.46.0-255,66,11955,44,260851
13813,7.3e-05,74.125.24.0-255,3355,15310,44,260851
13814,7.7e-05,172.31.46.0-255,66,15376,44,260851
13815,8.3e-05,74.125.24.0-255,4320,19696,44,260851
13816,8.6e-05,172.31.46.0-255,66,19762,44,260851
13817,9.2e-05,74.125.24.0-255,4320,24082,44,260851
13818,9.5e-05,172.31.46.0-255,66,24148,44,260851
13819,0.000124,74.125.24.0-255,5738,29886,44,260851
13820,0.000127,172.31.46.0-255,66,29952,44,260851
13821,0.00013,74.125.24.0-255,1125,31077,44,260851
13822,0.000132,172.31.46.0-255,66,31143,44,260851
13823,0.000236,74.125.24.0-255,1484,32627,44,260851
13824,0.000239,172.31.46.0-255,66,32693,44,260851
13825,0.000244,74.125.24.0-255,2902,35595,44,260851
13826,0.000246,172.31.46.0-255,66,35661,44,260851
13827,0.000249,74.125.24.0-255,1484,37145,44,260851
13828,0.000251,172.31.46.0-255,66,37211,44,260851
13829,0.000283,74.125.24.0-255,5738,42949,44,260851
13830,0.000286,172.31.46.0-255,66,43015,44,260851
13831,0.000299,74.125.24.0-255,2902,45917,44,260851
13832,0.000301,172.31.46.0-255,66,45983,44,260851
13833,0.000339,172.31.46.0-255,66,46049,44,260851
13834,0.000359,74.125.24.0-255,2902,48951,44,260851
13835,0.000362,172.31.46.0-255,66,49017,44,260851
13836,0.000384,74.125.24.0-255,5379,54396,44,260851
13837,0.000386,172.31.46.0-255,66,54462,44,260851
13838,0.000389,74.125.24.0-255,412,54874,44,260851
13839,0.000427,74.125.24.0-255,331,55205,44,260851
13840,0.000538,74.125.24.0-255,1484,56689,44,260851
13841,0.000542,172.31.46.0-255,66,56755,44,260851
13842,0.000546,74.125.24.0-255,1484,58239,44,260851
13843,0.000562,74.125.24.0-255,1484,59723,44,260851
13844,0.000565,172.31.46.0-255,66,59789,44,260851
13845,0.000571,74.125.24.0-255,5738,65527,44,260851
13846,0.000574,172.31.46.0-255,66,65593,44,260851
13847,0.000617,172.31.46.0-255,66,65659,44,260851
13848,0.000645,74.125.24.0-255,2902,68561,44,260851
13849,0.000648,172.31.46.0-255,66,68627,44,260851
13850,0.000665,74.125.24.0-255,1484,70111,44,260851
13851,0.000677,74.125.24.0-255,5738,75849,44,260851
13852,0.00068,172.31.46.0-255,66,75915,44,260851
13853,0.000699,74.125.24.0-255,766,76681,44,260851
13854,0.000792,74.125.24.0-255,1484,78165,44,260851
13855,0.000797,172.31.46.0-255,66,78231,44,260851
13856,0.000802,74.125.24.0-255,2902,81133,44,260851
13857,0.000804,172.31.46.0-255,66,81199,44,260851
13858,0.000823,74.125.24.0-255,5738,86937,44,260851
13859,0.000826,172.31.46.0-255,66,87003,44,260851
13860,0.000839,74.125.24.0-255,2902,89905,44,260851
13861,0.000842,172.31.46.0-255,66,89971,44,260851
13862,0.000875,172.31.46.0-255,66,90037,44,260851
13863,0.000903,74.125.24.0-255,5738,95775,44,260851
13864,0.000906,172.31.46.0-255,66,95841,44,260851
13865,0.000925,74.125.24.0-255,2902,98743,44,260851
13866,0.000928,172.31.46.0-255,66,98809,44,260851
13867,0.000932,74.125.24.0-255,2184,100993,44,260851
13868,0.000934,172.31.46.0-255,66,101059,44,260851
13869,0.001476,74.125.24.0-255,1484,102543,44,260851
13870,0.001503,74.125.24.0-255,2902,105445,44,260851
13871,0.001508,172.31.46.0-255,66,105511,44,260851
13872,0.001514,74.125.24.0-255,5738,111249,44,260851
13873,0.001517,172.31.46.0-255,66,111315,44,260851
13874,0.001524,74.125.24.0-255,5738,117053,44,260851
13875,0.001525,172.31.46.0-255,66,117119,44,260851
13876,0.001546,74.125.24.0-255,1484,118603,44,260851
13877,0.001577,172.31.46.0-255,66,118669,44,260851
13878,0.00163,74.125.24.0-255,5020,123689,44,260851
13879,0.001633,172.31.46.0-255,66,123755,44,260851
13880,0.001913,172.31.46.0-255,101,123856,44,260851
13881,0.003733,74.125.24.0-255,5738,129594,44,260851
13882,0.003744,172.31.46.0-255,66,129660,44,260851
13883,0.003959,74.125.24.0-255,66,129726,44,260851
13884,0.005829,74.125.24.0-255,5738,135464,44,260851
13885,0.005834,172.31.46.0-255,66,135530,44,260851
13886,0.007939,74.125.24.0-255,5738,141268,44,260851
13887,0.007947,172.31.46.0-255,66,141334,44,260851
13888,0.010041,74.125.24.0-255,5738,147072,44,260851
13889,0.010056,172.31.46.0-255,66,147138,44,260851
13890,0.012114,74.125.24.0-255,5738,152876,44,260851
13891,0.012126,172.31.46.0-255,66,152942,44,260851
13892,0.014248,74.125.24.0-255,5738,158680,44,260851
13893,0.014261,172.31.46.0-255,66,158746,44,260851
13894,0.016328,74.125.24.0-255,5738,164484,44,260851
13895,0.016344,172.31.46.0-255,66,164550,44,260851
13896,0.018405,74.125.24.0-255,5738,170288,44,260851
13897,0.018424,172.31.46.0-255,66,170354,44,260851
13898,0.020518,74.125.24.0-255,5738,176092,44,260851
13899,0.020535,172.31.46.0-255,66,176158,44,260851
13900,0.022685,74.125.24.0-255,5738,181896,44,260851
13901,0.0227,172.31.46.0-255,66,181962,44,260851
13902,0.024809,74.125.24.0-255,5738,187700,44,260851
13903,0.024824,172.31.46.0-255,66,187766,44,260851
13904,0.026937,74.125.24.0-255,5738,193504,44,260851
13905,0.026956,172.31.46.0-255,66,193570,44,260851
13906,0.029079,74.125.24.0-255,5738,199308,44,260851
13907,0.029093,172.31.46.0-255,66,199374,44,260851
13908,0.031187,74.125.24.0-255,5738,205112,44,260851
13909,0.031201,172.31.46.0-255,66,205178,44,260851
13910,0.033307,74.125.24.0-255,5738,210916,44,260851
13911,0.033318,172.31.46.0-255,66,210982,44,260851
13912,0.035451,74.125.24.0-255,5738,216720,44,260851
13913,0.035464,172.31.46.0-255,66,216786,44,260851
13914,0.037551,74.125.24.0-255,5738,222524,44,260851
13915,0.037563,172.31.46.0-255,66,222590,44,260851
13916,0.039669,74.125.24.0-255,5738,228328,44,260851
13917,0.03968,172.31.46.0-255,66,228394,44,260851
13918,0.040287,172.31.46.0-255,222,228616,44,260851
13919,0.04032,172.31.46.0-255,1113,229729,44,260851
13920,0.040394,172.31.46.0-255,1514,231243,44,260851
13921,0.040396,172.31.46.0-255,1514,232757,44,260851
13922,0.040401,172.31.46.0-255,1514,234271,44,260851
13923,0.040402,172.31.46.0-255,1514,235785,44,260851
13924,0.040426,172.31.46.0-255,1514,237299,44,260851
13925,0.040427,172.31.46.0-255,72,237371,44,260851
13926,0.041762,74.125.24.0-255,5738,243109,44,260851
13927,0.041777,172.31.46.0-255,66,243175,44,260851
13928,0.041837,104.244.42.0-255,66,243241,44,260851
13929,0.041865,104.244.42.0-255,66,243307,44,260851
13930,0.041975,104.244.42.0-255,66,243373,44,260851
13931,0.041982,104.244.42.0-255,66,243439,44,260851
13932,0.043887,74.125.24.0-255,5738,249177,44,260851
13933,0.043902,172.31.46.0-255,66,249243,44,260851
13934,0.045981,74.125.24.0-255,5738,254981,44,260851
13935,0.045996,172.31.46.0-255,66,255047,44,260851
13936,0.04817,74.125.24.0-255,5738,260785,44,260851
13937,0.048184,172.31.46.0-255,66,260851,44,260851
13938,0.0,74.125.24.0-255,153,153,44,173602
13939,2.2e-05,172.31.46.0-255,66,219,44,173602
13940,2.9e-05,74.125.24.0-255,1484,1703,44,173602
13941,3.4e-05,172.31.46.0-255,66,1769,44,173602
13942,4.7e-05,74.125.24.0-255,2902,4671,44,173602
13943,5.1e-05,172.31.46.0-255,66,4737,44,173602
13944,9.1e-05,74.125.24.0-255,7156,11893,44,173602
13945,9.4e-05,172.31.46.0-255,66,11959,44,173602
13946,0.00019,74.125.24.0-255,2099,14058,44,173602
13947,0.000194,172.31.46.0-255,66,14124,44,173602
13948,0.001011,74.125.24.0-255,1484,15608,44,173602
13949,0.001019,172.31.46.0-255,66,15674,44,173602
13950,0.001029,74.125.24.0-255,2902,18576,44,173602
13951,0.001031,172.31.46.0-255,66,18642,44,173602
13952,0.001068,74.125.24.0-255,5738,24380,44,173602
13953,0.001071,172.31.46.0-255,66,24446,44,173602
13954,0.001163,74.125.24.0-255,5738,30184,44,173602
13955,0.001167,172.31.46.0-255,66,30250,44,173602
13956,0.001191,172.31.46.0-255,66,30316,44,173602
13957,0.00139,74.125.24.0-255,1484,31800,44,173602
13958,0.001396,172.31.46.0-255,66,31866,44,173602
13959,0.00143,74.125.24.0-255,5738,37604,44,173602
13960,0.001434,172.31.46.0-255,66,37670,44,173602
13961,0.00148,172.31.46.0-255,66,37736,44,173602
13962,0.001817,74.125.24.0-255,766,38502,44,173602
13963,0.001819,172.31.46.0-255,66,38568,44,173602
13964,0.001823,74.125.24.0-255,398,38966,44,173602
13965,0.001824,172.31.46.0-255,66,39032,44,173602
13966,0.001865,74.125.24.0-255,4320,43352,44,173602
13967,0.001868,172.31.46.0-255,66,43418,44,173602
13968,0.001904,172.31.46.0-255,66,43484,44,173602
13969,0.002144,74.125.24.0-255,2902,46386,44,173602
13970,0.002147,172.31.46.0-255,66,46452,44,173602
13971,0.002191,172.31.46.0-255,66,46518,44,173602
13972,0.002511,74.125.24.0-255,4320,50838,44,173602
13973,0.002514,172.31.46.0-255,66,50904,44,173602
13974,0.002544,172.31.46.0-255,66,50970,44,173602
13975,0.005888,74.125.24.0-255,1484,52454,44,173602
13976,0.005899,74.125.24.0-255,2902,55356,44,173602
13977,0.005903,172.31.46.0-255,66,55422,44,173602
13978,0.005944,74.125.24.0-255,1484,56906,44,173602
13979,0.008193,74.125.24.0-255,4320,61226,44,173602
13980,0.008201,172.31.46.0-255,66,61292,44,173602
13981,0.010483,74.125.24.0-255,5738,67030,44,173602
13982,0.01049,172.31.46.0-255,66,67096,44,173602
13983,0.012763,74.125.24.0-255,5738,72834,44,173602
13984,0.012773,172.31.46.0-255,66,72900,44,173602
13985,0.015083,74.125.24.0-255,5738,78638,44,173602
13986,0.01509,172.31.46.0-255,66,78704,44,173602
13987,0.017407,74.125.24.0-255,5738,84442,44,173602
13988,0.017419,172.31.46.0-255,66,84508,44,173602
13989,0.019689,74.125.24.0-255,5738,90246,44,173602
13990,0.019706,172.31.46.0-255,66,90312,44,173602
13991,0.022038,74.125.24.0-255,5738,96050,44,173602
13992,0.022049,172.31.46.0-255,66,96116,44,173602
13993,0.024331,74.125.24.0-255,5738,101854,44,173602
13994,0.02434,172.31.46.0-255,66,101920,44,173602
13995,0.026628,74.125.24.0-255,5738,107658,44,173602
13996,0.026637,172.31.46.0-255,66,107724,44,173602
13997,0.028919,74.125.24.0-255,5738,113462,44,173602
13998,0.028928,172.31.46.0-255,66,113528,44,173602
13999,0.030131,172.31.46.0-255,172,113700,44,173602
14000,0.030157,172.31.46.0-255,1114,114814,44,173602
14001,0.030216,172.31.46.0-255,1514,116328,44,173602
14002,0.030217,172.31.46.0-255,1514,117842,44,173602
14003,0.030218,172.31.46.0-255,1514,119356,44,173602
14004,0.030223,172.31.46.0-255,1514,120870,44,173602
14005,0.030223,172.31.46.0-255,1514,122384,44,173602
14006,0.030224,172.31.46.0-255,70,122454,44,173602
14007,0.031201,74.125.24.0-255,5738,128192,44,173602
14008,0.03121,172.31.46.0-255,66,128258,44,173602
14009,0.031676,104.244.42.0-255,66,128324,44,173602
14010,0.031728,104.244.42.0-255,66,128390,44,173602
14011,0.031769,104.244.42.0-255,66,128456,44,173602
14012,0.031774,104.244.42.0-255,66,128522,44,173602
14013,0.033484,74.125.24.0-255,5738,134260,44,173602
14014,0.03349,172.31.46.0-255,66,134326,44,173602
14015,0.035755,74.125.24.0-255,4320,138646,44,173602
14016,0.035759,172.31.46.0-255,66,138712,44,173602
14017,0.035787,74.125.24.0-255,1484,140196,44,173602
14018,0.038027,74.125.24.0-255,4320,144516,44,173602
14019,0.038033,172.31.46.0-255,66,144582,44,173602
14020,0.040302,74.125.24.0-255,5738,150320,44,173602
14021,0.040308,172.31.46.0-255,66,150386,44,173602
14022,0.042591,74.125.24.0-255,5738,156124,44,173602
14023,0.042597,172.31.46.0-255,66,156190,44,173602
14024,0.044888,74.125.24.0-255,5738,161928,44,173602
14025,0.044895,172.31.46.0-255,66,161994,44,173602
14026,0.047158,74.125.24.0-255,5738,167732,44,173602
14027,0.047165,172.31.46.0-255,66,167798,44,173602
14028,0.04949,74.125.24.0-255,5738,173536,44,173602
14029,0.049497,172.31.46.0-255,66,173602,44,173602
14030,0.0,172.31.46.0-255,105,105,44,276
14031,0.002068,157.240.13.0-255,105,210,44,276
14032,0.002081,172.31.46.0-255,66,276,44,276
14033,0.0,74.125.200.0-255,146,146,44,308731
14034,2.2e-05,172.31.46.0-255,66,212,44,308731
14035,3e-05,74.125.200.0-255,1484,1696,44,308731
14036,3.4e-05,172.31.46.0-255,66,1762,44,308731
14037,3.9e-05,74.125.200.0-255,2902,4664,44,308731
14038,4.2e-05,172.31.46.0-255,66,4730,44,308731
14039,4.6e-05,74.125.200.0-255,1484,6214,44,308731
14040,4.8e-05,172.31.46.0-255,66,6280,44,308731
14041,5.3e-05,74.125.200.0-255,2902,9182,44,308731
14042,5.6e-05,172.31.46.0-255,66,9248,44,308731
14043,9.5e-05,74.125.200.0-255,4993,14241,44,308731
14044,9.9e-05,172.31.46.0-255,66,14307,44,308731
14045,0.000106,74.125.200.0-255,5738,20045,44,308731
14046,0.000108,172.31.46.0-255,66,20111,44,308731
14047,0.000129,74.125.200.0-255,7156,27267,44,308731
14048,0.000131,172.31.46.0-255,66,27333,44,308731
14049,0.000156,74.125.200.0-255,3961,31294,44,308731
14050,0.000158,172.31.46.0-255,66,31360,44,308731
14051,0.000247,74.125.200.0-255,1484,32844,44,308731
14052,0.000251,172.31.46.0-255,66,32910,44,308731
14053,0.000257,74.125.200.0-255,2902,35812,44,308731
14054,0.000259,172.31.46.0-255,66,35878,44,308731
14055,0.000276,74.125.200.0-255,4320,40198,44,308731
14056,0.000279,172.31.46.0-255,66,40264,44,308731
14057,0.000324,74.125.200.0-255,4320,44584,44,308731
14058,0.000327,172.31.46.0-255,66,44650,44,308731
14059,0.000352,74.125.200.0-255,5738,50388,44,308731
14060,0.000355,172.31.46.0-255,66,50454,44,308731
14061,0.00039,172.31.46.0-255,66,50520,44,308731
14062,0.000395,74.125.200.0-255,3602,54122,44,308731
14063,0.000397,172.31.46.0-255,66,54188,44,308731
14064,0.0004,74.125.200.0-255,427,54615,44,308731
14065,0.000402,172.31.46.0-255,66,54681,44,308731
14066,0.000486,74.125.200.0-255,1484,56165,44,308731
14067,0.000489,172.31.46.0-255,66,56231,44,308731
14068,0.000494,74.125.200.0-255,2902,59133,44,308731
14069,0.000496,172.31.46.0-255,66,59199,44,308731
14070,0.000515,74.125.200.0-255,4320,63519,44,308731
14071,0.000518,172.31.46.0-255,66,63585,44,308731
14072,0.000543,74.125.200.0-255,1484,65069,44,308731
14073,0.000546,172.31.46.0-255,66,65135,44,308731
14074,0.000551,74.125.200.0-255,4320,69455,44,308731
14075,0.000553,172.31.46.0-255,66,69521,44,308731
14076,0.000559,74.125.200.0-255,5738,75259,44,308731
14077,0.000562,172.31.46.0-255,66,75325,44,308731
14078,0.0006,172.31.46.0-255,66,75391,44,308731
14079,0.00064,74.125.200.0-255,2465,77856,44,308731
14080,0.000643,172.31.46.0-255,66,77922,44,308731
14081,0.00093,74.125.200.0-255,1484,79406,44,308731
14082,0.000935,172.31.46.0-255,66,79472,44,308731
14083,0.000939,74.125.200.0-255,1484,80956,44,308731
14084,0.000941,172.31.46.0-255,66,81022,44,308731
14085,0.000945,74.125.200.0-255,2902,83924,44,308731
14086,0.000947,172.31.46.0-255,66,83990,44,308731
14087,0.000976,74.125.200.0-255,5738,89728,44,308731
14088,0.000979,172.31.46.0-255,66,89794,44,308731
14089,0.000982,74.125.200.0-255,1484,91278,44,308731
14090,0.001002,74.125.200.0-255,5738,97016,44,308731
14091,0.001005,172.31.46.0-255,66,97082,44,308731
14092,0.001024,74.125.200.0-255,2902,99984,44,308731
14093,0.001027,172.31.46.0-255,66,100050,44,308731
14094,0.001051,74.125.200.0-255,5738,105788,44,308731
14095,0.001054,172.31.46.0-255,66,105854,44,308731
14096,0.001058,74.125.200.0-255,2902,108756,44,308731
14097,0.00106,172.31.46.0-255,66,108822,44,308731
14098,0.001066,74.125.200.0-255,3602,112424,44,308731
14099,0.001068,172.31.46.0-255,66,112490,44,308731
14100,0.0011,74.125.200.0-255,1484,113974,44,308731
14101,0.001116,74.125.200.0-255,2902,116876,44,308731
14102,0.001119,172.31.46.0-255,66,116942,44,308731
14103,0.001138,74.125.200.0-255,2902,119844,44,308731
14104,0.00114,172.31.46.0-255,66,119910,44,308731
14105,0.001156,74.125.200.0-255,2902,122812,44,308731
14106,0.001158,172.31.46.0-255,66,122878,44,308731
14107,0.001161,74.125.200.0-255,1484,124362,44,308731
14108,0.001166,74.125.200.0-255,2902,127264,44,308731
14109,0.001168,172.31.46.0-255,66,127330,44,308731
14110,0.001171,74.125.200.0-255,1484,128814,44,308731
14111,0.001188,74.125.200.0-255,4320,133134,44,308731
14112,0.001191,172.31.46.0-255,66,133200,44,308731
14113,0.001197,74.125.200.0-255,5738,138938,44,308731
14114,0.001199,172.31.46.0-255,66,139004,44,308731
14115,0.001216,74.125.200.0-255,1484,140488,44,308731
14116,0.001243,74.125.200.0-255,2902,143390,44,308731
14117,0.001246,172.31.46.0-255,66,143456,44,308731
14118,0.001273,74.125.200.0-255,5020,148476,44,308731
14119,0.001276,172.31.46.0-255,66,148542,44,308731
14120,0.00128,74.125.200.0-255,2902,151444,44,308731
14121,0.001283,172.31.46.0-255,66,151510,44,308731
14122,0.001297,74.125.200.0-255,4320,155830,44,308731
14123,0.0013,172.31.46.0-255,66,155896,44,308731
14124,0.001319,172.31.46.0-255,66,155962,44,308731
14125,0.001331,172.31.46.0-255,66,156028,44,308731
14126,0.001389,74.125.200.0-255,6438,162466,44,308731
14127,0.001392,172.31.46.0-255,66,162532,44,308731
14128,0.001654,74.125.200.0-255,1484,164016,44,308731
14129,0.001674,74.125.200.0-255,2902,166918,44,308731
14130,0.001678,172.31.46.0-255,66,166984,44,308731
14131,0.001694,74.125.200.0-255,5738,172722,44,308731
14132,0.001696,172.31.46.0-255,66,172788,44,308731
14133,0.001703,74.125.200.0-255,4320,177108,44,308731
14134,0.001705,172.31.46.0-255,66,177174,44,308731
14135,0.001735,74.125.200.0-255,5738,182912,44,308731
14136,0.001738,172.31.46.0-255,66,182978,44,308731
14137,0.001759,74.125.200.0-255,5738,188716,44,308731
14138,0.001761,172.31.46.0-255,66,188782,44,308731
14139,0.001771,172.31.46.0-255,66,188848,44,308731
14140,0.001861,74.125.200.0-255,1484,190332,44,308731
14141,0.001879,74.125.200.0-255,2902,193234,44,308731
14142,0.001883,172.31.46.0-255,66,193300,44,308731
14143,0.001906,74.125.200.0-255,1484,194784,44,308731
14144,0.00193,74.125.200.0-255,4320,199104,44,308731
14145,0.001933,172.31.46.0-255,66,199170,44,308731
14146,0.001936,74.125.200.0-255,1484,200654,44,308731
14147,0.001939,74.125.200.0-255,1484,202138,44,308731
14148,0.00194,172.31.46.0-255,66,202204,44,308731
14149,0.001957,74.125.200.0-255,1484,203688,44,308731
14150,0.00196,74.125.200.0-255,1484,205172,44,308731
14151,0.001963,172.31.46.0-255,66,205238,44,308731
14152,0.001993,74.125.200.0-255,4320,209558,44,308731
14153,0.001996,172.31.46.0-255,66,209624,44,308731
14154,0.002003,74.125.200.0-255,7156,216780,44,308731
14155,0.002005,172.31.46.0-255,66,216846,44,308731
14156,0.002011,74.125.200.0-255,5738,222584,44,308731
14157,0.002014,172.31.46.0-255,66,222650,44,308731
14158,0.002029,74.125.200.0-255,766,223416,44,308731
14159,0.002063,74.125.200.0-255,4320,227736,44,308731
14160,0.002066,172.31.46.0-255,66,227802,44,308731
14161,0.002089,74.125.200.0-255,5738,233540,44,308731
14162,0.002094,172.31.46.0-255,66,233606,44,308731
14163,0.002105,74.125.200.0-255,2902,236508,44,308731
14164,0.002108,172.31.46.0-255,66,236574,44,308731
14165,0.002148,172.31.46.0-255,66,236640,44,308731
14166,0.002153,74.125.200.0-255,4320,240960,44,308731
14167,0.002155,172.31.46.0-255,66,241026,44,308731
14168,0.002173,74.125.200.0-255,5738,246764,44,308731
14169,0.002176,172.31.46.0-255,66,246830,44,308731
14170,0.002204,172.31.46.0-255,66,246896,44,308731
14171,0.002219,172.31.46.0-255,66,246962,44,308731
14172,0.002242,74.125.200.0-255,1484,248446,44,308731
14173,0.002245,74.125.200.0-255,1484,249930,44,308731
14174,0.002248,172.31.46.0-255,66,249996,44,308731
14175,0.002252,74.125.200.0-255,2902,252898,44,308731
14176,0.002254,172.31.46.0-255,66,252964,44,308731
14177,0.00226,74.125.200.0-255,5738,258702,44,308731
14178,0.002262,172.31.46.0-255,66,258768,44,308731
14179,0.002265,74.125.200.0-255,766,259534,44,308731
14180,0.002268,74.125.200.0-255,1484,261018,44,308731
14181,0.00227,172.31.46.0-255,66,261084,44,308731
14182,0.002288,74.125.200.0-255,4320,265404,44,308731
14183,0.002292,172.31.46.0-255,66,265470,44,308731
14184,0.002318,74.125.200.0-255,4320,269790,44,308731
14185,0.002321,172.31.46.0-255,66,269856,44,308731
14186,0.002342,74.125.200.0-255,4320,274176,44,308731
14187,0.002345,172.31.46.0-255,66,274242,44,308731
14188,0.002348,74.125.200.0-255,1484,275726,44,308731
14189,0.002375,172.31.46.0-255,66,275792,44,308731
14190,0.002377,74.125.200.0-255,1484,277276,44,308731
14191,0.002435,172.31.46.0-255,66,277342,44,308731
14192,0.002476,74.125.200.0-255,1484,278826,44,308731
14193,0.002497,74.125.200.0-255,4320,283146,44,308731
14194,0.0025,172.31.46.0-255,66,283212,44,308731
14195,0.002507,74.125.200.0-255,7156,290368,44,308731
14196,0.00251,172.31.46.0-255,66,290434,44,308731
14197,0.002574,172.31.46.0-255,66,290500,44,308731
14198,0.002592,74.125.200.0-255,2902,293402,44,308731
14199,0.002595,172.31.46.0-255,66,293468,44,308731
14200,0.002618,74.125.200.0-255,5739,299207,44,308731
14201,0.002621,172.31.46.0-255,66,299273,44,308731
14202,0.005135,74.125.200.0-255,105,299378,44,308731
14203,0.011101,172.31.46.0-255,66,299444,44,308731
14204,0.011145,172.31.46.0-255,105,299549,44,308731
14205,0.013669,74.125.200.0-255,66,299615,44,308731
14206,0.035663,172.31.46.0-255,164,299779,44,308731
14207,0.0357,172.31.46.0-255,1123,300902,44,308731
14208,0.035765,172.31.46.0-255,1514,302416,44,308731
14209,0.035767,172.31.46.0-255,1514,303930,44,308731
14210,0.035773,172.31.46.0-255,1514,305444,44,308731
14211,0.035774,172.31.46.0-255,1514,306958,44,308731
14212,0.035792,172.31.46.0-255,1509,308467,44,308731
14213,0.037231,104.244.42.0-255,66,308533,44,308731
14214,0.037265,104.244.42.0-255,66,308599,44,308731
14215,0.037376,104.244.42.0-255,66,308665,44,308731
14216,0.037414,104.244.42.0-255,66,308731,44,308731
14217,0.0,74.125.24.0-255,150,150,44,209216
14218,2.3e-05,172.31.46.0-255,66,216,44,209216
14219,3e-05,74.125.24.0-255,1484,1700,44,209216
14220,3.4e-05,172.31.46.0-255,66,1766,44,209216
14221,5.1e-05,74.125.24.0-255,2902,4668,44,209216
14222,5.6e-05,172.31.46.0-255,66,4734,44,209216
14223,6.3e-05,74.125.24.0-255,7156,11890,44,209216
14224,6.6e-05,172.31.46.0-255,66,11956,44,209216
14225,7.1e-05,74.125.24.0-255,1972,13928,44,209216
14226,7.4e-05,172.31.46.0-255,66,13994,44,209216
14227,0.000129,74.125.24.0-255,5738,19732,44,209216
14228,0.000133,172.31.46.0-255,66,19798,44,209216
14229,0.000142,74.125.24.0-255,7156,26954,44,209216
14230,0.000149,172.31.46.0-255,66,27020,44,209216
14231,0.000154,74.125.24.0-255,3961,30981,44,209216
14232,0.000157,172.31.46.0-255,66,31047,44,209216
14233,0.000233,74.125.24.0-255,1484,32531,44,209216
14234,0.000237,172.31.46.0-255,66,32597,44,209216
14235,0.000256,74.125.24.0-255,2902,35499,44,209216
14236,0.000259,172.31.46.0-255,66,35565,44,209216
14237,0.000265,74.125.24.0-255,5738,41303,44,209216
14238,0.000267,172.31.46.0-255,66,41369,44,209216
14239,0.000297,74.125.24.0-255,4320,45689,44,209216
14240,0.000299,172.31.46.0-255,66,45755,44,209216
14241,0.000333,74.125.24.0-255,6797,52552,44,209216
14242,0.000336,172.31.46.0-255,66,52618,44,209216
14243,0.000352,172.31.46.0-255,66,52684,44,209216
14244,0.000394,74.125.24.0-255,1455,54139,44,209216
14245,0.000396,172.31.46.0-255,66,54205,44,209216
14246,0.0004,74.125.24.0-255,116,54321,44,209216
14247,0.000402,172.31.46.0-255,66,54387,44,209216
14248,0.000404,74.125.24.0-255,330,54717,44,209216
14249,0.000668,74.125.24.0-255,1484,56201,44,209216
14250,0.000673,172.31.46.0-255,66,56267,44,209216
14251,0.000679,74.125.24.0-255,2902,59169,44,209216
14252,0.000682,172.31.46.0-255,66,59235,44,209216
14253,0.000692,74.125.24.0-255,5738,64973,44,209216
14254,0.000694,172.31.46.0-255,66,65039,44,209216
14255,0.00073,172.31.46.0-255,66,65105,44,209216
14256,0.000763,172.31.46.0-255,66,65171,44,209216
14257,0.00099,74.125.24.0-255,1484,66655,44,209216
14258,0.000995,74.125.24.0-255,1484,68139,44,209216
14259,0.000997,172.31.46.0-255,66,68205,44,209216
14260,0.001028,74.125.24.0-255,1484,69689,44,209216
14261,0.001033,74.125.24.0-255,5738,75427,44,209216
14262,0.001044,172.31.46.0-255,66,75493,44,209216
14263,0.001047,172.31.46.0-255,66,75559,44,209216
14264,0.00107,74.125.24.0-255,4320,79879,44,209216
14265,0.001073,172.31.46.0-255,66,79945,44,209216
14266,0.001081,74.125.24.0-255,4320,84265,44,209216
14267,0.001083,172.31.46.0-255,66,84331,44,209216
14268,0.001116,74.125.24.0-255,6438,90769,44,209216
14269,0.001118,172.31.46.0-255,66,90835,44,209216
14270,0.001124,74.125.24.0-255,4320,95155,44,209216
14271,0.001125,172.31.46.0-255,66,95221,44,209216
14272,0.001147,74.125.24.0-255,2902,98123,44,209216
14273,0.001149,172.31.46.0-255,66,98189,44,209216
14274,0.001155,74.125.24.0-255,7156,105345,44,209216
14275,0.001158,172.31.46.0-255,66,105411,44,209216
14276,0.001184,74.125.24.0-255,7156,112567,44,209216
14277,0.001188,172.31.46.0-255,66,112633,44,209216
14278,0.001194,74.125.24.0-255,1484,114117,44,209216
14279,0.001224,172.31.46.0-255,66,114183,44,209216
14280,0.001302,74.125.24.0-255,1484,115667,44,209216
14281,0.001317,74.125.24.0-255,2902,118569,44,209216
14282,0.001321,172.31.46.0-255,66,118635,44,209216
14283,0.001348,74.125.24.0-255,5738,124373,44,209216
14284,0.001362,74.125.24.0-255,4320,128693,44,209216
14285,0.001366,172.31.46.0-255,66,128759,44,209216
14286,0.001368,172.31.46.0-255,66,128825,44,209216
14287,0.001371,172.31.46.0-255,66,128891,44,209216
14288,0.001405,74.125.24.0-255,4320,133211,44,209216
14289,0.001408,172.31.46.0-255,66,133277,44,209216
14290,0.001431,74.125.24.0-255,2184,135461,44,209216
14291,0.001434,172.31.46.0-255,66,135527,44,209216
14292,0.001518,74.125.24.0-255,1484,137011,44,209216
14293,0.001523,74.125.24.0-255,2902,139913,44,209216
14294,0.001525,172.31.46.0-255,66,139979,44,209216
14295,0.001565,74.125.24.0-255,5738,145717,44,209216
14296,0.001568,172.31.46.0-255,66,145783,44,209216
14297,0.001585,172.31.46.0-255,66,145849,44,209216
14298,0.001587,74.125.24.0-255,1484,147333,44,209216
14299,0.001607,74.125.24.0-255,1484,148817,44,209216
14300,0.001609,172.31.46.0-255,66,148883,44,209216
14301,0.001639,172.31.46.0-255,66,148949,44,209216
14302,0.00165,172.31.46.0-255,66,149015,44,209216
14303,0.001718,74.125.24.0-255,1484,150499,44,209216
14304,0.001722,74.125.24.0-255,2902,153401,44,209216
14305,0.001727,74.125.24.0-255,5738,159139,44,209216
14306,0.00174,74.125.24.0-255,2902,162041,44,209216
14307,0.00175,172.31.46.0-255,66,162107,44,209216
14308,0.001794,172.31.46.0-255,66,162173,44,209216
14309,0.001846,74.125.24.0-255,1484,163657,44,209216
14310,0.001851,74.125.24.0-255,2902,166559,44,209216
14311,0.001862,172.31.46.0-255,66,166625,44,209216
14312,0.001879,74.125.24.0-255,5738,172363,44,209216
14313,0.001883,172.31.46.0-255,66,172429,44,209216
14314,0.001898,74.125.24.0-255,7156,179585,44,209216
14315,0.001918,74.125.24.0-255,5738,185323,44,209216
14316,0.001942,172.31.46.0-255,66,185389,44,209216
14317,0.001974,172.31.46.0-255,66,185455,44,209216
14318,0.001999,74.125.24.0-255,2902,188357,44,209216
14319,0.002024,74.125.24.0-255,4320,192677,44,209216
14320,0.002035,172.31.46.0-255,66,192743,44,209216
14321,0.002057,74.125.24.0-255,1484,194227,44,209216
14322,0.002063,172.31.46.0-255,66,194293,44,209216
14323,0.002089,74.125.24.0-255,5214,199507,44,209216
14324,0.002092,74.125.24.0-255,105,199612,44,209216
14325,0.002097,172.31.46.0-255,66,199678,44,209216
14326,0.003972,172.31.46.0-255,105,199783,44,209216
14327,0.006198,74.125.24.0-255,66,199849,44,209216
14328,0.037215,172.31.46.0-255,172,200021,44,209216
14329,0.03725,172.31.46.0-255,1109,201130,44,209216
14330,0.037333,172.31.46.0-255,1514,202644,44,209216
14331,0.037335,172.31.46.0-255,1514,204158,44,209216
14332,0.037336,172.31.46.0-255,1514,205672,44,209216
14333,0.037337,172.31.46.0-255,1514,207186,44,209216
14334,0.037366,172.31.46.0-255,1514,208700,44,209216
14335,0.037367,172.31.46.0-255,78,208778,44,209216
14336,0.038719,104.244.42.0-255,66,208844,44,209216
14337,0.038745,104.244.42.0-255,66,208910,44,209216
14338,0.038871,104.244.42.0-255,66,208976,44,209216
14339,0.038878,104.244.42.0-255,66,209042,44,209216
14340,0.039626,104.244.42.0-255,108,209150,44,209216
14341,0.039637,172.31.46.0-255,66,209216,44,209216
14342,0.0,172.217.194.0-255,153,153,44,266546
14343,1.9e-05,172.31.46.0-255,66,219,44,266546
14344,2.6e-05,172.217.194.0-255,1484,1703,44,266546
14345,3e-05,172.31.46.0-255,66,1769,44,266546
14346,4.6e-05,172.217.194.0-255,2902,4671,44,266546
14347,4.9e-05,172.31.46.0-255,66,4737,44,266546
14348,5.8e-05,172.217.194.0-255,7156,11893,44,266546
14349,6.1e-05,172.31.46.0-255,66,11959,44,266546
14350,6.5e-05,172.217.194.0-255,2135,14094,44,266546
14351,6.7e-05,172.31.46.0-255,66,14160,44,266546
14352,0.000129,172.217.194.0-255,7156,21316,44,266546
14353,0.000132,172.31.46.0-255,66,21382,44,266546
14354,0.000158,172.217.194.0-255,2902,24284,44,266546
14355,0.000161,172.31.46.0-255,66,24350,44,266546
14356,0.000168,172.217.194.0-255,6797,31147,44,266546
14357,0.000171,172.31.46.0-255,66,31213,44,266546
14358,0.000239,172.217.194.0-255,1484,32697,44,266546
14359,0.000241,172.31.46.0-255,66,32763,44,266546
14360,0.000267,172.217.194.0-255,2902,35665,44,266546
14361,0.00027,172.31.46.0-255,66,35731,44,266546
14362,0.000275,172.217.194.0-255,4320,40051,44,266546
14363,0.000278,172.31.46.0-255,66,40117,44,266546
14364,0.000337,172.31.46.0-255,66,40183,44,266546
14365,0.000674,172.217.194.0-255,1484,41667,44,266546
14366,0.000679,172.217.194.0-255,2902,44569,44,266546
14367,0.000689,172.31.46.0-255,66,44635,44,266546
14368,0.000693,172.31.46.0-255,66,44701,44,266546
14369,0.000697,172.217.194.0-255,1484,46185,44,266546
14370,0.0007,172.31.46.0-255,66,46251,44,266546
14371,0.00072,172.217.194.0-255,4320,50571,44,266546
14372,0.000723,172.31.46.0-255,66,50637,44,266546
14373,0.000729,172.217.194.0-255,4320,54957,44,266546
14374,0.000736,172.31.46.0-255,66,55023,44,266546
14375,0.000766,172.217.194.0-255,2543,57566,44,266546
14376,0.000769,172.31.46.0-255,66,57632,44,266546
14377,0.000776,172.217.194.0-255,7156,64788,44,266546
14378,0.000779,172.31.46.0-255,66,64854,44,266546
14379,0.000786,172.217.194.0-255,7156,72010,44,266546
14380,0.000788,172.31.46.0-255,66,72076,44,266546
14381,0.000818,172.217.194.0-255,2822,74898,44,266546
14382,0.000821,172.31.46.0-255,66,74964,44,266546
14383,0.000858,172.217.194.0-255,2902,77866,44,266546
14384,0.000862,172.31.46.0-255,66,77932,44,266546
14385,0.000888,172.217.194.0-255,2902,80834,44,266546
14386,0.00089,172.31.46.0-255,66,80900,44,266546
14387,0.000898,172.217.194.0-255,7156,88056,44,266546
14388,0.0009,172.31.46.0-255,66,88122,44,266546
14389,0.000941,172.217.194.0-255,4248,92370,44,266546
14390,0.000944,172.31.46.0-255,66,92436,44,266546
14391,0.001085,172.217.194.0-255,1484,93920,44,266546
14392,0.001092,172.217.194.0-255,2902,96822,44,266546
14393,0.001095,172.31.46.0-255,66,96888,44,266546
14394,0.001157,172.217.194.0-255,5738,102626,44,266546
14395,0.001161,172.31.46.0-255,66,102692,44,266546
14396,0.001176,172.31.46.0-255,66,102758,44,266546
14397,0.001214,172.217.194.0-255,7156,109914,44,266546
14398,0.001218,172.31.46.0-255,66,109980,44,266546
14399,0.001252,172.31.46.0-255,66,110046,44,266546
14400,0.001386,172.217.194.0-255,1484,111530,44,266546
14401,0.001404,172.217.194.0-255,2902,114432,44,266546
14402,0.001407,172.31.46.0-255,66,114498,44,266546
14403,0.001412,172.217.194.0-255,2902,117400,44,266546
14404,0.001414,172.31.46.0-255,66,117466,44,266546
14405,0.00144,172.217.194.0-255,2902,120368,44,266546
14406,0.001443,172.31.46.0-255,66,120434,44,266546
14407,0.001458,172.31.46.0-255,66,120500,44,266546
14408,0.001501,172.217.194.0-255,5738,126238,44,266546
14409,0.001504,172.31.46.0-255,66,126304,44,266546
14410,0.001536,172.31.46.0-255,66,126370,44,266546
14411,0.001842,172.217.194.0-255,1484,127854,44,266546
14412,0.001861,172.217.194.0-255,2902,130756,44,266546
14413,0.001864,172.31.46.0-255,66,130822,44,266546
14414,0.001897,172.217.194.0-255,5738,136560,44,266546
14415,0.0019,172.31.46.0-255,66,136626,44,266546
14416,0.00191,172.31.46.0-255,66,136692,44,266546
14417,0.001953,172.217.194.0-255,5738,142430,44,266546
14418,0.001957,172.31.46.0-255,66,142496,44,266546
14419,0.001988,172.31.46.0-255,66,142562,44,266546
14420,0.002396,172.217.194.0-255,1484,144046,44,266546
14421,0.004384,172.217.194.0-255,4320,148366,44,266546
14422,0.004391,172.31.46.0-255,66,148432,44,266546
14423,0.006749,172.217.194.0-255,5738,154170,44,266546
14424,0.006753,172.31.46.0-255,66,154236,44,266546
14425,0.009153,172.217.194.0-255,5738,159974,44,266546
14426,0.00916,172.31.46.0-255,66,160040,44,266546
14427,0.011564,172.217.194.0-255,5738,165778,44,266546
14428,0.011572,172.31.46.0-255,66,165844,44,266546
14429,0.013963,172.217.194.0-255,5738,171582,44,266546
14430,0.01397,172.31.46.0-255,66,171648,44,266546
14431,0.016348,172.217.194.0-255,5738,177386,44,266546
14432,0.016356,172.31.46.0-255,66,177452,44,266546
14433,0.018753,172.217.194.0-255,5738,183190,44,266546
14434,0.018763,172.31.46.0-255,66,183256,44,266546
14435,0.02115,172.217.194.0-255,4320,187576,44,266546
14436,0.021159,172.31.46.0-255,66,187642,44,266546
14437,0.021187,172.217.194.0-255,1484,189126,44,266546
14438,0.023542,172.217.194.0-255,4320,193446,44,266546
14439,0.02355,172.31.46.0-255,66,193512,44,266546
14440,0.025974,172.217.194.0-255,5738,199250,44,266546
14441,0.025988,172.31.46.0-255,66,199316,44,266546
14442,0.028374,172.217.194.0-255,5738,205054,44,266546
14443,0.028385,172.31.46.0-255,66,205120,44,266546
14444,0.030747,172.217.194.0-255,5738,210858,44,266546
14445,0.030755,172.31.46.0-255,66,210924,44,266546
14446,0.033166,172.217.194.0-255,5738,216662,44,266546
14447,0.033175,172.31.46.0-255,66,216728,44,266546
14448,0.035536,172.217.194.0-255,5738,222466,44,266546
14449,0.035544,172.31.46.0-255,66,222532,44,266546
14450,0.036628,172.31.46.0-255,172,222704,44,266546
14451,0.036661,172.31.46.0-255,1114,223818,44,266546
14452,0.036736,172.31.46.0-255,1514,225332,44,266546
14453,0.036738,172.31.46.0-255,1514,226846,44,266546
14454,0.03674,172.31.46.0-255,1514,228360,44,266546
14455,0.036741,172.31.46.0-255,1514,229874,44,266546
14456,0.036771,172.31.46.0-255,1514,231388,44,266546
14457,0.036776,172.31.46.0-255,70,231458,44,266546
14458,0.037942,172.217.194.0-255,5738,237196,44,266546
14459,0.037949,172.31.46.0-255,66,237262,44,266546
14460,0.038178,104.244.42.0-255,66,237328,44,266546
14461,0.038235,104.244.42.0-255,66,237394,44,266546
14462,0.038325,104.244.42.0-255,66,237460,44,266546
14463,0.038331,104.244.42.0-255,66,237526,44,266546
14464,0.040349,172.217.194.0-255,5738,243264,44,266546
14465,0.040356,172.31.46.0-255,66,243330,44,266546
14466,0.04275,172.217.194.0-255,5738,249068,44,266546
14467,0.042757,172.31.46.0-255,66,249134,44,266546
14468,0.045142,172.217.194.0-255,5738,254872,44,266546
14469,0.045149,172.31.46.0-255,66,254938,44,266546
14470,0.04756,172.217.194.0-255,5738,260676,44,266546
14471,0.047567,172.31.46.0-255,66,260742,44,266546
14472,0.049951,172.217.194.0-255,5738,266480,44,266546
14473,0.049957,172.31.46.0-255,66,266546,44,266546
14474,0.0,74.125.24.0-255,153,153,44,248131
14475,2.1e-05,172.31.46.0-255,66,219,44,248131
14476,2.8e-05,74.125.24.0-255,1484,1703,44,248131
14477,3.3e-05,172.31.46.0-255,66,1769,44,248131
14478,3.8e-05,74.125.24.0-255,2902,4671,44,248131
14479,4.9e-05,172.31.46.0-255,66,4737,44,248131
14480,5.6e-05,74.125.24.0-255,7156,11893,44,248131
14481,5.9e-05,172.31.46.0-255,66,11959,44,248131
14482,6.2e-05,74.125.24.0-255,1484,13443,44,248131
14483,6.5e-05,172.31.46.0-255,66,13509,44,248131
14484,9.4e-05,74.125.24.0-255,3500,17009,44,248131
14485,9.7e-05,172.31.46.0-255,66,17075,44,248131
14486,0.000102,74.125.24.0-255,4320,21395,44,248131
14487,0.000104,172.31.46.0-255,66,21461,44,248131
14488,0.000143,172.31.46.0-255,66,21527,44,248131
14489,0.000189,74.125.24.0-255,1484,23011,44,248131
14490,0.000191,172.31.46.0-255,66,23077,44,248131
14491,0.000214,74.125.24.0-255,2902,25979,44,248131
14492,0.000216,74.125.24.0-255,1484,27463,44,248131
14493,0.00022,172.31.46.0-255,66,27529,44,248131
14494,0.000226,172.31.46.0-255,66,27595,44,248131
14495,0.000232,74.125.24.0-255,4320,31915,44,248131
14496,0.000237,172.31.46.0-255,66,31981,44,248131
14497,0.000244,74.125.24.0-255,6797,38778,44,248131
14498,0.000247,172.31.46.0-255,66,38844,44,248131
14499,0.00027,74.125.24.0-255,1484,40328,44,248131
14500,0.000272,172.31.46.0-255,66,40394,44,248131
14501,0.000305,172.31.46.0-255,66,40460,44,248131
14502,0.000308,74.125.24.0-255,2851,43311,44,248131
14503,0.00031,172.31.46.0-255,66,43377,44,248131
14504,0.00033,74.125.24.0-255,380,43757,44,248131
14505,0.000779,74.125.24.0-255,1484,45241,44,248131
14506,0.000782,74.125.24.0-255,1484,46725,44,248131
14507,0.000789,172.31.46.0-255,66,46791,44,248131
14508,0.000797,74.125.24.0-255,1484,48275,44,248131
14509,0.000803,74.125.24.0-255,5738,54013,44,248131
14510,0.00082,74.125.24.0-255,4320,58333,44,248131
14511,0.000831,74.125.24.0-255,1484,59817,44,248131
14512,0.000846,74.125.24.0-255,7156,66973,44,248131
14513,0.000862,172.31.46.0-255,66,67039,44,248131
14514,0.000887,74.125.24.0-255,2184,69223,44,248131
14515,0.000907,172.31.46.0-255,66,69289,44,248131
14516,0.00113,74.125.24.0-255,1484,70773,44,248131
14517,0.001135,74.125.24.0-255,2902,73675,44,248131
14518,0.001138,172.31.46.0-255,66,73741,44,248131
14519,0.00115,74.125.24.0-255,2902,76643,44,248131
14520,0.001165,74.125.24.0-255,2902,79545,44,248131
14521,0.001169,74.125.24.0-255,2902,82447,44,248131
14522,0.001179,172.31.46.0-255,66,82513,44,248131
14523,0.001196,74.125.24.0-255,7156,89669,44,248131
14524,0.001268,172.31.46.0-255,66,89735,44,248131
14525,0.00158,74.125.24.0-255,1484,91219,44,248131
14526,0.001595,74.125.24.0-255,2902,94121,44,248131
14527,0.001598,172.31.46.0-255,66,94187,44,248131
14528,0.001624,74.125.24.0-255,5738,99925,44,248131
14529,0.001636,172.31.46.0-255,66,99991,44,248131
14530,0.001667,172.31.46.0-255,66,100057,44,248131
14531,0.001702,74.125.24.0-255,2184,102241,44,248131
14532,0.001706,74.125.24.0-255,2902,105143,44,248131
14533,0.001711,172.31.46.0-255,66,105209,44,248131
14534,0.00174,74.125.24.0-255,7156,112365,44,248131
14535,0.001747,74.125.24.0-255,5738,118103,44,248131
14536,0.001758,172.31.46.0-255,66,118169,44,248131
14537,0.001788,172.31.46.0-255,66,118235,44,248131
14538,0.00247,74.125.24.0-255,1484,119719,44,248131
14539,0.002479,74.125.24.0-255,2902,122621,44,248131
14540,0.002483,172.31.46.0-255,66,122687,44,248131
14541,0.002487,74.125.24.0-255,1484,124171,44,248131
14542,0.002518,74.125.24.0-255,4320,128491,44,248131
14543,0.002581,74.125.24.0-255,2902,131393,44,248131
14544,0.0026,74.125.24.0-255,4320,135713,44,248131
14545,0.002603,74.125.24.0-255,1484,137197,44,248131
14546,0.002625,74.125.24.0-255,7156,144353,44,248131
14547,0.002627,74.125.24.0-255,1484,145837,44,248131
14548,0.007335,172.31.46.0-255,66,145903,44,248131
14549,0.0099,74.125.24.0-255,5738,151641,44,248131
14550,0.009907,172.31.46.0-255,66,151707,44,248131
14551,0.012468,74.125.24.0-255,5738,157445,44,248131
14552,0.012946,172.31.46.0-255,66,157511,44,248131
14553,0.015535,74.125.24.0-255,5738,163249,44,248131
14554,0.015545,172.31.46.0-255,66,163315,44,248131
14555,0.018139,74.125.24.0-255,5738,169053,44,248131
14556,0.018151,172.31.46.0-255,66,169119,44,248131
14557,0.020736,74.125.24.0-255,5738,174857,44,248131
14558,0.020744,172.31.46.0-255,66,174923,44,248131
14559,0.023345,74.125.24.0-255,5738,180661,44,248131
14560,0.023351,172.31.46.0-255,66,180727,44,248131
14561,0.025921,74.125.24.0-255,5738,186465,44,248131
14562,0.025931,172.31.46.0-255,66,186531,44,248131
14563,0.028509,74.125.24.0-255,5738,192269,44,248131
14564,0.028517,172.31.46.0-255,66,192335,44,248131
14565,0.031146,74.125.24.0-255,5738,198073,44,248131
14566,0.031153,172.31.46.0-255,66,198139,44,248131
14567,0.033752,74.125.24.0-255,5738,203877,44,248131
14568,0.033761,172.31.46.0-255,66,203943,44,248131
14569,0.035656,172.31.46.0-255,172,204115,44,248131
14570,0.03569,172.31.46.0-255,1114,205229,44,248131
14571,0.035763,172.31.46.0-255,1514,206743,44,248131
14572,0.035765,172.31.46.0-255,1514,208257,44,248131
14573,0.035771,172.31.46.0-255,1514,209771,44,248131
14574,0.035772,172.31.46.0-255,1514,211285,44,248131
14575,0.035791,172.31.46.0-255,1514,212799,44,248131
14576,0.035792,172.31.46.0-255,70,212869,44,248131
14577,0.036353,74.125.24.0-255,5738,218607,44,248131
14578,0.036361,172.31.46.0-255,66,218673,44,248131
14579,0.037206,104.244.42.0-255,66,218739,44,248131
14580,0.037225,104.244.42.0-255,66,218805,44,248131
14581,0.037324,104.244.42.0-255,66,218871,44,248131
14582,0.037331,104.244.42.0-255,66,218937,44,248131
14583,0.038938,74.125.24.0-255,5738,224675,44,248131
14584,0.038945,172.31.46.0-255,66,224741,44,248131
14585,0.038987,104.244.42.0-255,108,224849,44,248131
14586,0.038991,172.31.46.0-255,66,224915,44,248131
14587,0.041593,74.125.24.0-255,5738,230653,44,248131
14588,0.041601,172.31.46.0-255,66,230719,44,248131
14589,0.044198,74.125.24.0-255,5738,236457,44,248131
14590,0.044204,172.31.46.0-255,66,236523,44,248131
14591,0.046781,74.125.24.0-255,5738,242261,44,248131
14592,0.046788,172.31.46.0-255,66,242327,44,248131
14593,0.049346,74.125.24.0-255,5738,248065,44,248131
14594,0.049352,172.31.46.0-255,66,248131,44,248131
14595,0.0,74.125.24.0-255,153,153,44,293607
14596,2.3e-05,172.31.46.0-255,66,219,44,293607
14597,3e-05,74.125.24.0-255,1484,1703,44,293607
14598,3.4e-05,172.31.46.0-255,66,1769,44,293607
14599,4e-05,74.125.24.0-255,2902,4671,44,293607
14600,4.4e-05,172.31.46.0-255,66,4737,44,293607
14601,5.2e-05,74.125.24.0-255,7156,11893,44,293607
14602,5.5e-05,172.31.46.0-255,66,11959,44,293607
14603,5.9e-05,74.125.24.0-255,2092,14051,44,293607
14604,6.2e-05,172.31.46.0-255,66,14117,44,293607
14605,0.000101,74.125.24.0-255,7156,21273,44,293607
14606,0.000104,172.31.46.0-255,66,21339,44,293607
14607,0.000121,74.125.24.0-255,2902,24241,44,293607
14608,0.000124,172.31.46.0-255,66,24307,44,293607
14609,0.000142,74.125.24.0-255,6797,31104,44,293607
14610,0.000144,172.31.46.0-255,66,31170,44,293607
14611,0.000904,74.125.24.0-255,1484,32654,44,293607
14612,0.000911,172.31.46.0-255,66,32720,44,293607
14613,0.000919,74.125.24.0-255,2902,35622,44,293607
14614,0.000921,172.31.46.0-255,66,35688,44,293607
14615,0.000927,74.125.24.0-255,2902,38590,44,293607
14616,0.000929,172.31.46.0-255,66,38656,44,293607
14617,0.000935,74.125.24.0-255,4320,42976,44,293607
14618,0.000937,172.31.46.0-255,66,43042,44,293607
14619,0.000968,172.31.46.0-255,66,43108,44,293607
14620,0.000971,74.125.24.0-255,1484,44592,44,293607
14621,0.000973,172.31.46.0-255,66,44658,44,293607
14622,0.00099,74.125.24.0-255,5738,50396,44,293607
14623,0.000992,172.31.46.0-255,66,50462,44,293607
14624,0.001005,74.125.24.0-255,2902,53364,44,293607
14625,0.001007,172.31.46.0-255,66,53430,44,293607
14626,0.001011,74.125.24.0-255,2543,55973,44,293607
14627,0.001098,74.125.24.0-255,1484,57457,44,293607
14628,0.001104,74.125.24.0-255,2902,60359,44,293607
14629,0.001125,74.125.24.0-255,4320,64679,44,293607
14630,0.00114,74.125.24.0-255,1484,66163,44,293607
14631,0.001167,74.125.24.0-255,1484,67647,44,293607
14632,0.0012,74.125.24.0-255,5738,73385,44,293607
14633,0.001229,74.125.24.0-255,6438,79823,44,293607
14634,0.001233,74.125.24.0-255,2902,82725,44,293607
14635,0.001251,74.125.24.0-255,4320,87045,44,293607
14636,0.001265,74.125.24.0-255,2902,89947,44,293607
14637,0.001278,74.125.24.0-255,5738,95685,44,293607
14638,0.001292,74.125.24.0-255,5262,100947,44,293607
14639,0.001358,74.125.24.0-255,2902,103849,44,293607
14640,0.001501,74.125.24.0-255,1484,105333,44,293607
14641,0.001505,74.125.24.0-255,1484,106817,44,293607
14642,0.001528,74.125.24.0-255,1484,108301,44,293607
14643,0.001535,74.125.24.0-255,5738,114039,44,293607
14644,0.001553,74.125.24.0-255,5738,119777,44,293607
14645,0.001577,74.125.24.0-255,7156,126933,44,293607
14646,0.001581,74.125.24.0-255,1484,128417,44,293607
14647,0.001677,74.125.24.0-255,1484,129901,44,293607
14648,0.001683,74.125.24.0-255,2902,132803,44,293607
14649,0.001687,74.125.24.0-255,1484,134287,44,293607
14650,0.001718,74.125.24.0-255,4320,138607,44,293607
14651,0.001759,74.125.24.0-255,5738,144345,44,293607
14652,0.001783,74.125.24.0-255,7156,151501,44,293607
14653,0.00179,74.125.24.0-255,7156,158657,44,293607
14654,0.001795,74.125.24.0-255,3602,162259,44,293607
14655,0.002293,74.125.24.0-255,1484,163743,44,293607
14656,0.002306,74.125.24.0-255,1484,165227,44,293607
14657,0.002321,74.125.24.0-255,1484,166711,44,293607
14658,0.002327,74.125.24.0-255,5738,172449,44,293607
14659,0.002333,74.125.24.0-255,4320,176769,44,293607
14660,0.005788,172.31.46.0-255,66,176835,44,293607
14661,0.00814,74.125.24.0-255,5738,182573,44,293607
14662,0.008147,172.31.46.0-255,66,182639,44,293607
14663,0.010441,74.125.24.0-255,5738,188377,44,293607
14664,0.01045,172.31.46.0-255,66,188443,44,293607
14665,0.012751,74.125.24.0-255,4320,192763,44,293607
14666,0.012759,172.31.46.0-255,66,192829,44,293607
14667,0.012779,74.125.24.0-255,1484,194313,44,293607
14668,0.015037,74.125.24.0-255,4320,198633,44,293607
14669,0.015044,172.31.46.0-255,66,198699,44,293607
14670,0.01733,74.125.24.0-255,5738,204437,44,293607
14671,0.01738,172.31.46.0-255,66,204503,44,293607
14672,0.019686,74.125.24.0-255,5738,210241,44,293607
14673,0.019697,172.31.46.0-255,66,210307,44,293607
14674,0.021972,74.125.24.0-255,5738,216045,44,293607
14675,0.02198,172.31.46.0-255,66,216111,44,293607
14676,0.02428,74.125.24.0-255,5738,221849,44,293607
14677,0.024287,172.31.46.0-255,66,221915,44,293607
14678,0.026586,74.125.24.0-255,4320,226235,44,293607
14679,0.026593,172.31.46.0-255,66,226301,44,293607
14680,0.026615,74.125.24.0-255,1484,227785,44,293607
14681,0.028884,74.125.24.0-255,4320,232105,44,293607
14682,0.028894,172.31.46.0-255,66,232171,44,293607
14683,0.031182,74.125.24.0-255,5738,237909,44,293607
14684,0.031285,172.31.46.0-255,66,237975,44,293607
14685,0.033591,74.125.24.0-255,5738,243713,44,293607
14686,0.033603,172.31.46.0-255,66,243779,44,293607
14687,0.035883,74.125.24.0-255,5738,249517,44,293607
14688,0.035898,172.31.46.0-255,66,249583,44,293607
14689,0.038187,74.125.24.0-255,5738,255321,44,293607
14690,0.038195,172.31.46.0-255,66,255387,44,293607
14691,0.038834,172.31.46.0-255,182,255569,44,293607
14692,0.038868,172.31.46.0-255,1114,256683,44,293607
14693,0.038931,172.31.46.0-255,1514,258197,44,293607
14694,0.038933,172.31.46.0-255,1514,259711,44,293607
14695,0.038939,172.31.46.0-255,1514,261225,44,293607
14696,0.03894,172.31.46.0-255,1514,262739,44,293607
14697,0.038968,172.31.46.0-255,1514,264253,44,293607
14698,0.038969,172.31.46.0-255,70,264323,44,293607
14699,0.040408,104.244.42.0-255,66,264389,44,293607
14700,0.040466,104.244.42.0-255,66,264455,44,293607
14701,0.040497,74.125.24.0-255,5738,270193,44,293607
14702,0.040503,172.31.46.0-255,66,270259,44,293607
14703,0.040531,104.244.42.0-255,66,270325,44,293607
14704,0.040567,104.244.42.0-255,66,270391,44,293607
14705,0.042796,74.125.24.0-255,5738,276129,44,293607
14706,0.042803,172.31.46.0-255,66,276195,44,293607
14707,0.045176,74.125.24.0-255,5738,281933,44,293607
14708,0.045183,172.31.46.0-255,66,281999,44,293607
14709,0.047474,74.125.24.0-255,5738,287737,44,293607
14710,0.04748,172.31.46.0-255,66,287803,44,293607
14711,0.04978,74.125.24.0-255,5738,293541,44,293607
14712,0.049787,172.31.46.0-255,66,293607,44,293607
14713,0.0,74.125.24.0-255,150,150,44,254753
14714,1.6e-05,172.31.46.0-255,66,216,44,254753
14715,2.2e-05,74.125.24.0-255,1484,1700,44,254753
14716,2.7e-05,172.31.46.0-255,66,1766,44,254753
14717,3.2e-05,74.125.24.0-255,2902,4668,44,254753
14718,3.6e-05,172.31.46.0-255,66,4734,44,254753
14719,5.2e-05,74.125.24.0-255,7156,11890,44,254753
14720,5.6e-05,172.31.46.0-255,66,11956,44,254753
14721,7.9e-05,74.125.24.0-255,1939,13895,44,254753
14722,8.2e-05,172.31.46.0-255,66,13961,44,254753
14723,0.000563,74.125.24.0-255,1484,15445,44,254753
14724,0.000569,172.31.46.0-255,66,15511,44,254753
14725,0.000578,74.125.24.0-255,2902,18413,44,254753
14726,0.000581,172.31.46.0-255,66,18479,44,254753
14727,0.000594,74.125.24.0-255,5738,24217,44,254753
14728,0.000597,172.31.46.0-255,66,24283,44,254753
14729,0.000647,172.31.46.0-255,66,24349,44,254753
14730,0.000654,74.125.24.0-255,7156,31505,44,254753
14731,0.000656,172.31.46.0-255,66,31571,44,254753
14732,0.000727,172.31.46.0-255,66,31637,44,254753
14733,0.000731,74.125.24.0-255,440,32077,44,254753
14734,0.000733,172.31.46.0-255,66,32143,44,254753
14735,0.000877,74.125.24.0-255,1484,33627,44,254753
14736,0.000883,172.31.46.0-255,66,33693,44,254753
14737,0.000889,74.125.24.0-255,2902,36595,44,254753
14738,0.000891,172.31.46.0-255,66,36661,44,254753
14739,0.000921,74.125.24.0-255,5738,42399,44,254753
14740,0.000924,172.31.46.0-255,66,42465,44,254753
14741,0.00093,74.125.24.0-255,4320,46785,44,254753
14742,0.000932,172.31.46.0-255,66,46851,44,254753
14743,0.000953,74.125.24.0-255,4320,51171,44,254753
14744,0.00096,74.125.24.0-255,5738,56909,44,254753
14745,0.000982,74.125.24.0-255,4320,61229,44,254753
14746,0.000989,74.125.24.0-255,5020,66249,44,254753
14747,0.001002,74.125.24.0-255,333,66582,44,254753
14748,0.001242,74.125.24.0-255,1484,68066,44,254753
14749,0.00125,74.125.24.0-255,2902,70968,44,254753
14750,0.001277,74.125.24.0-255,5738,76706,44,254753
14751,0.001294,74.125.24.0-255,5738,82444,44,254753
14752,0.001308,74.125.24.0-255,1484,83928,44,254753
14753,0.001323,74.125.24.0-255,5738,89666,44,254753
14754,0.001358,74.125.24.0-255,2184,91850,44,254753
14755,0.001658,74.125.24.0-255,1484,93334,44,254753
14756,0.001666,74.125.24.0-255,2902,96236,44,254753
14757,0.001682,74.125.24.0-255,5738,101974,44,254753
14758,0.001707,74.125.24.0-255,5738,107712,44,254753
14759,0.001718,74.125.24.0-255,2902,110614,44,254753
14760,0.001753,74.125.24.0-255,2902,113516,44,254753
14761,0.00211,74.125.24.0-255,1484,115000,44,254753
14762,0.002121,74.125.24.0-255,2902,117902,44,254753
14763,0.002138,74.125.24.0-255,4320,122222,44,254753
14764,0.002149,74.125.24.0-255,1484,123706,44,254753
14765,0.002207,74.125.24.0-255,4320,128026,44,254753
14766,0.002242,74.125.24.0-255,2184,130210,44,254753
14767,0.002912,172.31.46.0-255,66,130276,44,254753
14768,0.005192,74.125.24.0-255,5738,136014,44,254753
14769,0.005199,172.31.46.0-255,66,136080,44,254753
14770,0.007448,74.125.24.0-255,5738,141818,44,254753
14771,0.007456,172.31.46.0-255,66,141884,44,254753
14772,0.009715,74.125.24.0-255,5738,147622,44,254753
14773,0.01105,172.31.46.0-255,66,147688,44,254753
14774,0.013325,74.125.24.0-255,5738,153426,44,254753
14775,0.013335,172.31.46.0-255,66,153492,44,254753
14776,0.01563,74.125.24.0-255,5738,159230,44,254753
14777,0.015638,172.31.46.0-255,66,159296,44,254753
14778,0.017888,74.125.24.0-255,5738,165034,44,254753
14779,0.017896,172.31.46.0-255,66,165100,44,254753
14780,0.020177,74.125.24.0-255,5738,170838,44,254753
14781,0.020186,172.31.46.0-255,66,170904,44,254753
14782,0.022457,172.31.46.0-255,167,171071,44,254753
14783,0.022468,74.125.24.0-255,5738,176809,44,254753
14784,0.022474,172.31.46.0-255,66,176875,44,254753
14785,0.022536,172.31.46.0-255,1113,177988,44,254753
14786,0.022704,172.31.46.0-255,1514,179502,44,254753
14787,0.022706,172.31.46.0-255,1514,181016,44,254753
14788,0.022708,172.31.46.0-255,1514,182530,44,254753
14789,0.022713,172.31.46.0-255,1514,184044,44,254753
14790,0.022714,172.31.46.0-255,557,184601,44,254753
14791,0.024727,74.125.24.0-255,5738,190339,44,254753
14792,0.024734,172.31.46.0-255,66,190405,44,254753
14793,0.024826,104.244.42.0-255,66,190471,44,254753
14794,0.025604,104.244.42.0-255,108,190579,44,254753
14795,0.025626,172.31.46.0-255,66,190645,44,254753
14796,0.026988,74.125.24.0-255,5738,196383,44,254753
14797,0.026992,172.31.46.0-255,66,196449,44,254753
14798,0.029254,74.125.24.0-255,5738,202187,44,254753
14799,0.02926,172.31.46.0-255,66,202253,44,254753
14800,0.031528,74.125.24.0-255,5738,207991,44,254753
14801,0.031535,172.31.46.0-255,66,208057,44,254753
14802,0.033778,74.125.24.0-255,5738,213795,44,254753
14803,0.033784,172.31.46.0-255,66,213861,44,254753
14804,0.036023,74.125.24.0-255,5738,219599,44,254753
14805,0.036029,172.31.46.0-255,66,219665,44,254753
14806,0.03827,74.125.24.0-255,5738,225403,44,254753
14807,0.038275,172.31.46.0-255,66,225469,44,254753
14808,0.040531,74.125.24.0-255,5738,231207,44,254753
14809,0.040537,172.31.46.0-255,66,231273,44,254753
14810,0.042815,74.125.24.0-255,5738,237011,44,254753
14811,0.042821,172.31.46.0-255,66,237077,44,254753
14812,0.04512,74.125.24.0-255,5738,242815,44,254753
14813,0.045126,172.31.46.0-255,66,242881,44,254753
14814,0.047376,74.125.24.0-255,2902,245783,44,254753
14815,0.047398,172.31.46.0-255,66,245849,44,254753
14816,0.047424,74.125.24.0-255,2902,248751,44,254753
14817,0.047458,172.31.46.0-255,66,248817,44,254753
14818,0.049664,74.125.24.0-255,2902,251719,44,254753
14819,0.049669,172.31.46.0-255,66,251785,44,254753
14820,0.049705,74.125.24.0-255,2902,254687,44,254753
14821,0.04972,172.31.46.0-255,66,254753,44,254753
14822,0.0,172.217.194.0-255,150,150,44,233900
14823,2.1e-05,172.31.46.0-255,66,216,44,233900
14824,2.8e-05,172.217.194.0-255,1484,1700,44,233900
14825,3.3e-05,172.31.46.0-255,66,1766,44,233900
14826,3.9e-05,172.217.194.0-255,2902,4668,44,233900
14827,5.2e-05,172.31.46.0-255,66,4734,44,233900
14828,6e-05,172.217.194.0-255,7156,11890,44,233900
14829,6.3e-05,172.31.46.0-255,66,11956,44,233900
14830,6.7e-05,172.217.194.0-255,2005,13961,44,233900
14831,7.1e-05,172.31.46.0-255,66,14027,44,233900
14832,7.7e-05,172.217.194.0-255,2902,16929,44,233900
14833,8e-05,172.31.46.0-255,66,16995,44,233900
14834,0.000123,172.31.46.0-255,66,17061,44,233900
14835,0.000145,172.31.46.0-255,66,17127,44,233900
14836,0.000168,172.217.194.0-255,2902,20029,44,233900
14837,0.000171,172.31.46.0-255,66,20095,44,233900
14838,0.000175,172.217.194.0-255,2184,22279,44,233900
14839,0.000178,172.31.46.0-255,66,22345,44,233900
14840,0.000182,172.217.194.0-255,2902,25247,44,233900
14841,0.000185,172.31.46.0-255,66,25313,44,233900
14842,0.000192,172.217.194.0-255,7156,32469,44,233900
14843,0.000195,172.31.46.0-255,66,32535,44,233900
14844,0.00023,172.217.194.0-255,7088,39623,44,233900
14845,0.000233,172.31.46.0-255,66,39689,44,233900
14846,0.000269,172.217.194.0-255,1484,41173,44,233900
14847,0.000271,172.31.46.0-255,66,41239,44,233900
14848,0.000276,172.217.194.0-255,2902,44141,44,233900
14849,0.000278,172.31.46.0-255,66,44207,44,233900
14850,0.000283,172.217.194.0-255,2902,47109,44,233900
14851,0.000285,172.31.46.0-255,66,47175,44,233900
14852,0.000313,172.217.194.0-255,2902,50077,44,233900
14853,0.000315,172.31.46.0-255,66,50143,44,233900
14854,0.000325,172.31.46.0-255,66,50209,44,233900
14855,0.000344,172.31.46.0-255,66,50275,44,233900
14856,0.000373,172.217.194.0-255,2543,52818,44,233900
14857,0.000375,172.31.46.0-255,66,52884,44,233900
14858,0.001099,172.217.194.0-255,1484,54368,44,233900
14859,0.001107,172.217.194.0-255,2902,57270,44,233900
14860,0.001111,172.31.46.0-255,66,57336,44,233900
14861,0.001118,172.217.194.0-255,4320,61656,44,233900
14862,0.00112,172.31.46.0-255,66,61722,44,233900
14863,0.001151,172.217.194.0-255,1484,63206,44,233900
14864,0.001169,172.31.46.0-255,66,63272,44,233900
14865,0.001181,172.31.46.0-255,66,63338,44,233900
14866,0.001206,172.217.194.0-255,766,64104,44,233900
14867,0.001673,172.217.194.0-255,1484,65588,44,233900
14868,0.001678,172.31.46.0-255,66,65654,44,233900
14869,0.001684,172.217.194.0-255,2902,68556,44,233900
14870,0.001686,172.31.46.0-255,66,68622,44,233900
14871,0.001692,172.217.194.0-255,4320,72942,44,233900
14872,0.001699,172.31.46.0-255,66,73008,44,233900
14873,0.001709,172.217.194.0-255,1484,74492,44,233900
14874,0.001716,172.217.194.0-255,5738,80230,44,233900
14875,0.001718,172.31.46.0-255,66,80296,44,233900
14876,0.001746,172.217.194.0-255,7156,87452,44,233900
14877,0.001749,172.31.46.0-255,66,87518,44,233900
14878,0.001766,172.31.46.0-255,66,87584,44,233900
14879,0.001834,172.217.194.0-255,1484,89068,44,233900
14880,0.001841,172.217.194.0-255,2902,91970,44,233900
14881,0.001843,172.31.46.0-255,66,92036,44,233900
14882,0.001876,172.217.194.0-255,5738,97774,44,233900
14883,0.001879,172.31.46.0-255,66,97840,44,233900
14884,0.001893,172.31.46.0-255,66,97906,44,233900
14885,0.001909,172.31.46.0-255,66,97972,44,233900
14886,0.002,172.31.46.0-255,66,98038,44,233900
14887,0.002008,172.31.46.0-255,66,98104,44,233900
14888,0.002011,172.217.194.0-255,1484,99588,44,233900
14889,0.002084,172.31.46.0-255,66,99654,44,233900
14890,0.002087,172.217.194.0-255,1484,101138,44,233900
14891,0.004098,172.217.194.0-255,4320,105458,44,233900
14892,0.004105,172.31.46.0-255,66,105524,44,233900
14893,0.006117,172.217.194.0-255,5738,111262,44,233900
14894,0.006124,172.31.46.0-255,66,111328,44,233900
14895,0.008155,172.217.194.0-255,5738,117066,44,233900
14896,0.008161,172.31.46.0-255,66,117132,44,233900
14897,0.010177,172.217.194.0-255,5738,122870,44,233900
14898,0.010185,172.31.46.0-255,66,122936,44,233900
14899,0.0122,172.217.194.0-255,5738,128674,44,233900
14900,0.012208,172.31.46.0-255,66,128740,44,233900
14901,0.014212,172.217.194.0-255,5738,134478,44,233900
14902,0.014222,172.31.46.0-255,66,134544,44,233900
14903,0.016235,172.217.194.0-255,5738,140282,44,233900
14904,0.016242,172.31.46.0-255,66,140348,44,233900
14905,0.018265,172.217.194.0-255,5738,146086,44,233900
14906,0.018271,172.31.46.0-255,66,146152,44,233900
14907,0.020294,172.217.194.0-255,5738,151890,44,233900
14908,0.020304,172.31.46.0-255,66,151956,44,233900
14909,0.022323,172.217.194.0-255,5738,157694,44,233900
14910,0.02233,172.31.46.0-255,66,157760,44,233900
14911,0.02435,172.217.194.0-255,5738,163498,44,233900
14912,0.02436,172.31.46.0-255,66,163564,44,233900
14913,0.026396,172.217.194.0-255,5738,169302,44,233900
14914,0.026406,172.31.46.0-255,66,169368,44,233900
14915,0.02844,172.217.194.0-255,5738,175106,44,233900
14916,0.028449,172.31.46.0-255,66,175172,44,233900
14917,0.03048,172.217.194.0-255,5738,180910,44,233900
14918,0.030491,172.31.46.0-255,66,180976,44,233900
14919,0.032515,172.217.194.0-255,5738,186714,44,233900
14920,0.032523,172.31.46.0-255,66,186780,44,233900
14921,0.03452,172.217.194.0-255,5738,192518,44,233900
14922,0.034527,172.31.46.0-255,66,192584,44,233900
14923,0.036535,172.217.194.0-255,5738,198322,44,233900
14924,0.036543,172.31.46.0-255,66,198388,44,233900
14925,0.038556,172.217.194.0-255,5738,204126,44,233900
14926,0.038562,172.31.46.0-255,66,204192,44,233900
14927,0.04057,172.217.194.0-255,5738,209930,44,233900
14928,0.040581,172.31.46.0-255,66,209996,44,233900
14929,0.042104,172.31.46.0-255,172,210168,44,233900
14930,0.042131,172.31.46.0-255,1114,211282,44,233900
14931,0.042192,172.31.46.0-255,1514,212796,44,233900
14932,0.042193,172.31.46.0-255,1514,214310,44,233900
14933,0.042194,172.31.46.0-255,1514,215824,44,233900
14934,0.042195,172.31.46.0-255,1514,217338,44,233900
14935,0.042196,172.31.46.0-255,1514,218852,44,233900
14936,0.042222,172.31.46.0-255,72,218924,44,233900
14937,0.042626,172.217.194.0-255,5738,224662,44,233900
14938,0.042632,172.31.46.0-255,66,224728,44,233900
14939,0.043629,104.244.42.0-255,66,224794,44,233900
14940,0.043675,104.244.42.0-255,66,224860,44,233900
14941,0.043726,104.244.42.0-255,66,224926,44,233900
14942,0.04373,104.244.42.0-255,66,224992,44,233900
14943,0.044394,104.244.42.0-255,108,225100,44,233900
14944,0.044402,172.31.46.0-255,66,225166,44,233900
14945,0.044664,172.217.194.0-255,5738,230904,44,233900
14946,0.044669,172.31.46.0-255,66,230970,44,233900
14947,0.046718,172.217.194.0-255,2693,233663,44,233900
14948,0.046725,172.31.46.0-255,66,233729,44,233900
14949,0.046911,172.31.46.0-255,105,233834,44,233900
14950,0.048881,172.217.194.0-255,66,233900,44,233900
14951,0.0,74.125.200.0-255,299,299,44,339091
14952,2.3e-05,172.31.46.0-255,66,365,44,339091
14953,3e-05,74.125.200.0-255,1484,1849,44,339091
14954,3.5e-05,172.31.46.0-255,66,1915,44,339091
14955,5.1e-05,74.125.200.0-255,4320,6235,44,339091
14956,5.4e-05,172.31.46.0-255,66,6301,44,339091
14957,8.7e-05,172.31.46.0-255,66,6367,44,339091
14958,9.6e-05,74.125.200.0-255,2902,9269,44,339091
14959,9.9e-05,172.31.46.0-255,66,9335,44,339091
14960,0.000128,74.125.200.0-255,7156,16491,44,339091
14961,0.000135,172.31.46.0-255,66,16557,44,339091
14962,0.000142,74.125.200.0-255,5379,21936,44,339091
14963,0.000144,172.31.46.0-255,66,22002,44,339091
14964,0.000199,74.125.200.0-255,1484,23486,44,339091
14965,0.000201,172.31.46.0-255,66,23552,44,339091
14966,0.00022,74.125.200.0-255,1484,25036,44,339091
14967,0.000222,172.31.46.0-255,66,25102,44,339091
14968,0.000226,74.125.200.0-255,2902,28004,44,339091
14969,0.000229,172.31.46.0-255,66,28070,44,339091
14970,0.000234,74.125.200.0-255,4320,32390,44,339091
14971,0.000237,172.31.46.0-255,66,32456,44,339091
14972,0.000264,74.125.200.0-255,1484,33940,44,339091
14973,0.000266,172.31.46.0-255,66,34006,44,339091
14974,0.000274,74.125.200.0-255,6797,40803,44,339091
14975,0.000276,172.31.46.0-255,66,40869,44,339091
14976,0.000286,74.125.200.0-255,4320,45189,44,339091
14977,0.000288,172.31.46.0-255,66,45255,44,339091
14978,0.000322,74.125.200.0-255,2902,48157,44,339091
14979,0.000325,172.31.46.0-255,66,48223,44,339091
14980,0.000336,172.31.46.0-255,66,48289,44,339091
14981,0.000343,74.125.200.0-255,382,48671,44,339091
14982,0.000433,74.125.200.0-255,1484,50155,44,339091
14983,0.000436,172.31.46.0-255,66,50221,44,339091
14984,0.000442,74.125.200.0-255,2902,53123,44,339091
14985,0.000445,172.31.46.0-255,66,53189,44,339091
14986,0.000474,74.125.200.0-255,5738,58927,44,339091
14987,0.000477,172.31.46.0-255,66,58993,44,339091
14988,0.000481,74.125.200.0-255,2902,61895,44,339091
14989,0.000483,172.31.46.0-255,66,61961,44,339091
14990,0.000509,74.125.200.0-255,3961,65922,44,339091
14991,0.000511,172.31.46.0-255,66,65988,44,339091
14992,0.00055,172.31.46.0-255,66,66054,44,339091
14993,0.000613,74.125.200.0-255,5379,71433,44,339091
14994,0.000617,172.31.46.0-255,66,71499,44,339091
14995,0.00082,74.125.200.0-255,1484,72983,44,339091
14996,0.000838,74.125.200.0-255,2902,75885,44,339091
14997,0.000842,172.31.46.0-255,66,75951,44,339091
14998,0.000876,74.125.200.0-255,4320,80271,44,339091
14999,0.000879,172.31.46.0-255,66,80337,44,339091
15000,0.000912,172.31.46.0-255,66,80403,44,339091
15001,0.000948,172.31.46.0-255,66,80469,44,339091
15002,0.000955,74.125.200.0-255,6438,86907,44,339091
15003,0.000957,172.31.46.0-255,66,86973,44,339091
15004,0.001001,74.125.200.0-255,1484,88457,44,339091
15005,0.001018,74.125.200.0-255,2902,91359,44,339091
15006,0.001021,172.31.46.0-255,66,91425,44,339091
15007,0.001049,74.125.200.0-255,5738,97163,44,339091
15008,0.001052,172.31.46.0-255,66,97229,44,339091
15009,0.001056,74.125.200.0-255,2902,100131,44,339091
15010,0.001058,172.31.46.0-255,66,100197,44,339091
15011,0.001069,74.125.200.0-255,4320,104517,44,339091
15012,0.001072,172.31.46.0-255,66,104583,44,339091
15013,0.001075,74.125.200.0-255,1484,106067,44,339091
15014,0.001107,74.125.200.0-255,7156,113223,44,339091
15015,0.00111,172.31.46.0-255,66,113289,44,339091
15016,0.001117,74.125.200.0-255,7156,120445,44,339091
15017,0.001119,172.31.46.0-255,66,120511,44,339091
15018,0.001147,74.125.200.0-255,766,121277,44,339091
15019,0.001557,74.125.200.0-255,1484,122761,44,339091
15020,0.001562,172.31.46.0-255,66,122827,44,339091
15021,0.001593,74.125.200.0-255,2902,125729,44,339091
15022,0.001597,172.31.46.0-255,66,125795,44,339091
15023,0.001603,74.125.200.0-255,5738,131533,44,339091
15024,0.001606,172.31.46.0-255,66,131599,44,339091
15025,0.001614,74.125.200.0-255,2902,134501,44,339091
15026,0.001616,172.31.46.0-255,66,134567,44,339091
15027,0.00162,74.125.200.0-255,1484,136051,44,339091
15028,0.001648,74.125.200.0-255,2902,138953,44,339091
15029,0.001651,172.31.46.0-255,66,139019,44,339091
15030,0.001659,74.125.200.0-255,7156,146175,44,339091
15031,0.001661,172.31.46.0-255,66,146241,44,339091
15032,0.00169,74.125.200.0-255,1484,147725,44,339091
15033,0.001698,74.125.200.0-255,5738,153463,44,339091
15034,0.0017,172.31.46.0-255,66,153529,44,339091
15035,0.001704,74.125.200.0-255,2184,155713,44,339091
15036,0.001707,172.31.46.0-255,66,155779,44,339091
15037,0.00177,74.125.200.0-255,1484,157263,44,339091
15038,0.001783,74.125.200.0-255,2902,160165,44,339091
15039,0.001786,172.31.46.0-255,66,160231,44,339091
15040,0.001816,74.125.200.0-255,5738,165969,44,339091
15041,0.001818,172.31.46.0-255,66,166035,44,339091
15042,0.001858,74.125.200.0-255,2902,168937,44,339091
15043,0.001861,172.31.46.0-255,66,169003,44,339091
15044,0.001895,74.125.200.0-255,4320,173323,44,339091
15045,0.001898,172.31.46.0-255,66,173389,44,339091
15046,0.001917,172.31.46.0-255,66,173455,44,339091
15047,0.001922,74.125.200.0-255,3602,177057,44,339091
15048,0.001924,172.31.46.0-255,66,177123,44,339091
15049,0.00201,74.125.200.0-255,1484,178607,44,339091
15050,0.002026,74.125.200.0-255,2902,181509,44,339091
15051,0.00203,172.31.46.0-255,66,181575,44,339091
15052,0.002057,74.125.200.0-255,5738,187313,44,339091
15053,0.00206,172.31.46.0-255,66,187379,44,339091
15054,0.002086,74.125.200.0-255,5738,193117,44,339091
15055,0.002089,172.31.46.0-255,66,193183,44,339091
15056,0.002096,74.125.200.0-255,7156,200339,44,339091
15057,0.002098,172.31.46.0-255,66,200405,44,339091
15058,0.002125,74.125.200.0-255,7156,207561,44,339091
15059,0.002129,172.31.46.0-255,66,207627,44,339091
15060,0.002149,74.125.200.0-255,3602,211229,44,339091
15061,0.002151,172.31.46.0-255,66,211295,44,339091
15062,0.00218,74.125.200.0-255,1484,212779,44,339091
15063,0.002184,74.125.200.0-255,1484,214263,44,339091
15064,0.002186,172.31.46.0-255,66,214329,44,339091
15065,0.00221,74.125.200.0-255,1484,215813,44,339091
15066,0.002217,74.125.200.0-255,5738,221551,44,339091
15067,0.00222,172.31.46.0-255,66,221617,44,339091
15068,0.002224,74.125.200.0-255,2902,224519,44,339091
15069,0.002226,172.31.46.0-255,66,224585,44,339091
15070,0.002236,74.125.200.0-255,4320,228905,44,339091
15071,0.002239,172.31.46.0-255,66,228971,44,339091
15072,0.002242,74.125.200.0-255,1484,230455,44,339091
15073,0.002279,74.125.200.0-255,7156,237611,44,339091
15074,0.002283,172.31.46.0-255,66,237677,44,339091
15075,0.00229,74.125.200.0-255,5738,243415,44,339091
15076,0.002292,172.31.46.0-255,66,243481,44,339091
15077,0.002303,74.125.200.0-255,6438,249919,44,339091
15078,0.002306,172.31.46.0-255,66,249985,44,339091
15079,0.002311,74.125.200.0-255,4320,254305,44,339091
15080,0.002314,172.31.46.0-255,66,254371,44,339091
15081,0.004591,74.125.200.0-255,1484,255855,44,339091
15082,0.004621,74.125.200.0-255,4320,260175,44,339091
15083,0.00463,172.31.46.0-255,66,260241,44,339091
15084,0.006914,74.125.200.0-255,5738,265979,44,339091
15085,0.006924,172.31.46.0-255,66,266045,44,339091
15086,0.009208,74.125.200.0-255,5738,271783,44,339091
15087,0.009216,172.31.46.0-255,66,271849,44,339091
15088,0.011528,74.125.200.0-255,5738,277587,44,339091
15089,0.011534,172.31.46.0-255,66,277653,44,339091
15090,0.01382,74.125.200.0-255,5738,283391,44,339091
15091,0.013828,172.31.46.0-255,66,283457,44,339091
15092,0.016122,74.125.200.0-255,5738,289195,44,339091
15093,0.016129,172.31.46.0-255,66,289261,44,339091
15094,0.018418,74.125.200.0-255,5738,294999,44,339091
15095,0.018427,172.31.46.0-255,66,295065,44,339091
15096,0.020718,74.125.200.0-255,5738,300803,44,339091
15097,0.020727,172.31.46.0-255,66,300869,44,339091
15098,0.023008,74.125.200.0-255,2902,303771,44,339091
15099,0.023015,172.31.46.0-255,66,303837,44,339091
15100,0.023045,74.125.200.0-255,2902,306739,44,339091
15101,0.023048,172.31.46.0-255,66,306805,44,339091
15102,0.0253,74.125.200.0-255,2902,309707,44,339091
15103,0.025309,172.31.46.0-255,66,309773,44,339091
15104,0.025344,74.125.200.0-255,2902,312675,44,339091
15105,0.025347,172.31.46.0-255,66,312741,44,339091
15106,0.02759,74.125.200.0-255,2902,315643,44,339091
15107,0.027596,172.31.46.0-255,66,315709,44,339091
15108,0.027624,74.125.200.0-255,2902,318611,44,339091
15109,0.027626,172.31.46.0-255,66,318677,44,339091
15110,0.029876,74.125.200.0-255,2902,321579,44,339091
15111,0.029883,172.31.46.0-255,66,321645,44,339091
15112,0.029921,74.125.200.0-255,2902,324547,44,339091
15113,0.029923,172.31.46.0-255,66,324613,44,339091
15114,0.032179,74.125.200.0-255,2902,327515,44,339091
15115,0.032185,172.31.46.0-255,66,327581,44,339091
15116,0.032211,74.125.200.0-255,2902,330483,44,339091
15117,0.032214,172.31.46.0-255,66,330549,44,339091
15118,0.034477,74.125.200.0-255,2902,333451,44,339091
15119,0.034484,172.31.46.0-255,66,333517,44,339091
15120,0.034517,74.125.200.0-255,2902,336419,44,339091
15121,0.03452,172.31.46.0-255,66,336485,44,339091
15122,0.036747,74.125.200.0-255,320,336805,44,339091
15123,0.036876,172.31.46.0-255,66,336871,44,339091
15124,0.036912,172.31.46.0-255,105,336976,44,339091
15125,0.039141,74.125.200.0-255,66,337042,44,339091
15126,0.040433,172.31.46.0-255,172,337214,44,339091
15127,0.040461,172.31.46.0-255,1113,338327,44,339091
15128,0.040509,172.31.46.0-255,566,338893,44,339091
15129,0.041979,104.244.42.0-255,66,338959,44,339091
15130,0.04203,104.244.42.0-255,66,339025,44,339091
15131,0.042041,104.244.42.0-255,66,339091,44,339091
15132,0.0,172.217.194.0-255,153,153,44,210412
15133,1.4e-05,172.31.46.0-255,66,219,44,210412
15134,2e-05,172.217.194.0-255,1484,1703,44,210412
15135,2.4e-05,172.31.46.0-255,66,1769,44,210412
15136,3.6e-05,172.217.194.0-255,2902,4671,44,210412
15137,3.9e-05,172.31.46.0-255,66,4737,44,210412
15138,4.6e-05,172.217.194.0-255,7156,11893,44,210412
15139,4.8e-05,172.31.46.0-255,66,11959,44,210412
15140,7e-05,172.217.194.0-255,2152,14111,44,210412
15141,7.3e-05,172.31.46.0-255,66,14177,44,210412
15142,0.000188,172.217.194.0-255,1484,15661,44,210412
15143,0.000191,172.31.46.0-255,66,15727,44,210412
15144,0.000195,172.217.194.0-255,1484,17211,44,210412
15145,0.000197,172.31.46.0-255,66,17277,44,210412
15146,0.000217,172.217.194.0-255,1484,18761,44,210412
15147,0.000219,172.31.46.0-255,66,18827,44,210412
15148,0.000228,172.217.194.0-255,5738,24565,44,210412
15149,0.000231,172.31.46.0-255,66,24631,44,210412
15150,0.000237,172.217.194.0-255,6797,31428,44,210412
15151,0.000239,172.31.46.0-255,66,31494,44,210412
15152,0.000304,172.31.46.0-255,66,31560,44,210412
15153,0.000345,172.217.194.0-255,5379,36939,44,210412
15154,0.000348,172.31.46.0-255,66,37005,44,210412
15155,0.001148,172.217.194.0-255,1484,38489,44,210412
15156,0.001154,172.31.46.0-255,66,38555,44,210412
15157,0.001162,172.217.194.0-255,2902,41457,44,210412
15158,0.001164,172.31.46.0-255,66,41523,44,210412
15159,0.001174,172.217.194.0-255,5738,47261,44,210412
15160,0.001176,172.31.46.0-255,66,47327,44,210412
15161,0.001181,172.217.194.0-255,4320,51647,44,210412
15162,0.001183,172.31.46.0-255,66,51713,44,210412
15163,0.001213,172.217.194.0-255,2543,54256,44,210412
15164,0.001215,172.31.46.0-255,66,54322,44,210412
15165,0.001217,172.217.194.0-255,646,54968,44,210412
15166,0.00141,172.217.194.0-255,1484,56452,44,210412
15167,0.001414,172.31.46.0-255,66,56518,44,210412
15168,0.001418,172.217.194.0-255,1484,58002,44,210412
15169,0.001436,172.217.194.0-255,1484,59486,44,210412
15170,0.001438,172.31.46.0-255,66,59552,44,210412
15171,0.001445,172.217.194.0-255,5738,65290,44,210412
15172,0.001447,172.31.46.0-255,66,65356,44,210412
15173,0.001453,172.217.194.0-255,1484,66840,44,210412
15174,0.001479,172.31.46.0-255,66,66906,44,210412
15175,0.001514,172.31.46.0-255,66,66972,44,210412
15176,0.001537,172.217.194.0-255,2184,69156,44,210412
15177,0.001538,172.31.46.0-255,66,69222,44,210412
15178,0.00353,172.217.194.0-255,4320,73542,44,210412
15179,0.003534,172.31.46.0-255,66,73608,44,210412
15180,0.003556,172.217.194.0-255,1484,75092,44,210412
15181,0.005537,172.217.194.0-255,4320,79412,44,210412
15182,0.005541,172.31.46.0-255,66,79478,44,210412
15183,0.007571,172.217.194.0-255,5738,85216,44,210412
15184,0.007579,172.31.46.0-255,66,85282,44,210412
15185,0.009618,172.217.194.0-255,5738,91020,44,210412
15186,0.009627,172.31.46.0-255,66,91086,44,210412
15187,0.011685,172.217.194.0-255,5738,96824,44,210412
15188,0.011692,172.31.46.0-255,66,96890,44,210412
15189,0.013695,172.217.194.0-255,5738,102628,44,210412
15190,0.013703,172.31.46.0-255,66,102694,44,210412
15191,0.015733,172.217.194.0-255,5738,108432,44,210412
15192,0.015743,172.31.46.0-255,66,108498,44,210412
15193,0.017759,172.217.194.0-255,5738,114236,44,210412
15194,0.017767,172.31.46.0-255,66,114302,44,210412
15195,0.019773,172.217.194.0-255,5738,120040,44,210412
15196,0.019781,172.31.46.0-255,66,120106,44,210412
15197,0.021778,172.217.194.0-255,5738,125844,44,210412
15198,0.021788,172.31.46.0-255,66,125910,44,210412
15199,0.023822,172.217.194.0-255,5738,131648,44,210412
15200,0.02383,172.31.46.0-255,66,131714,44,210412
15201,0.025832,172.217.194.0-255,5738,137452,44,210412
15202,0.025841,172.31.46.0-255,66,137518,44,210412
15203,0.027869,172.217.194.0-255,5738,143256,44,210412
15204,0.027878,172.31.46.0-255,66,143322,44,210412
15205,0.028651,172.31.46.0-255,164,143486,44,210412
15206,0.028676,172.31.46.0-255,1123,144609,44,210412
15207,0.028748,172.31.46.0-255,1514,146123,44,210412
15208,0.028751,172.31.46.0-255,1514,147637,44,210412
15209,0.02876,172.31.46.0-255,1514,149151,44,210412
15210,0.028761,172.31.46.0-255,1514,150665,44,210412
15211,0.028787,172.31.46.0-255,1509,152174,44,210412
15212,0.029936,172.217.194.0-255,5738,157912,44,210412
15213,0.029943,172.31.46.0-255,66,157978,44,210412
15214,0.030218,104.244.42.0-255,66,158044,44,210412
15215,0.030226,104.244.42.0-255,66,158110,44,210412
15216,0.030353,104.244.42.0-255,66,158176,44,210412
15217,0.031977,172.217.194.0-255,5738,163914,44,210412
15218,0.031984,172.31.46.0-255,66,163980,44,210412
15219,0.034008,172.217.194.0-255,5738,169718,44,210412
15220,0.034014,172.31.46.0-255,66,169784,44,210412
15221,0.036045,172.217.194.0-255,5738,175522,44,210412
15222,0.036051,172.31.46.0-255,66,175588,44,210412
15223,0.038084,172.217.194.0-255,5738,181326,44,210412
15224,0.038091,172.31.46.0-255,66,181392,44,210412
15225,0.040165,172.217.194.0-255,5738,187130,44,210412
15226,0.040172,172.31.46.0-255,66,187196,44,210412
15227,0.042172,172.217.194.0-255,5738,192934,44,210412
15228,0.042181,172.31.46.0-255,66,193000,44,210412
15229,0.04419,172.217.194.0-255,5738,198738,44,210412
15230,0.044196,172.31.46.0-255,66,198804,44,210412
15231,0.046209,172.217.194.0-255,5738,204542,44,210412
15232,0.046215,172.31.46.0-255,66,204608,44,210412
15233,0.048248,172.217.194.0-255,5738,210346,44,210412
15234,0.048255,172.31.46.0-255,66,210412,44,210412
15235,0.0,172.31.46.0-255,105,105,44,459
15236,0.00016,172.31.46.0-255,90,195,44,459
15237,0.000169,172.31.46.0-255,66,261,44,459
15238,0.00216,172.253.118.0-255,66,327,44,459
15239,0.002188,172.253.118.0-255,66,393,44,459
15240,0.002208,172.31.46.0-255,66,459,44,459
15241,0.0,172.217.27.0-255,152,152,44,248942
15242,1.8e-05,172.31.46.0-255,66,218,44,248942
15243,2.4e-05,172.217.27.0-255,1484,1702,44,248942
15244,2.9e-05,172.31.46.0-255,66,1768,44,248942
15245,3.4e-05,172.217.27.0-255,2902,4670,44,248942
15246,3.7e-05,172.31.46.0-255,66,4736,44,248942
15247,4.3e-05,172.217.27.0-255,4320,9056,44,248942
15248,4.6e-05,172.31.46.0-255,66,9122,44,248942
15249,6.9e-05,172.217.27.0-255,1484,10606,44,248942
15250,7.2e-05,172.31.46.0-255,66,10672,44,248942
15251,9.5e-05,172.217.27.0-255,3500,14172,44,248942
15252,9.8e-05,172.31.46.0-255,66,14238,44,248942
15253,0.000454,172.217.27.0-255,1484,15722,44,248942
15254,0.00046,172.31.46.0-255,66,15788,44,248942
15255,0.000468,172.217.27.0-255,2902,18690,44,248942
15256,0.00047,172.31.46.0-255,66,18756,44,248942
15257,0.000477,172.217.27.0-255,4320,23076,44,248942
15258,0.000481,172.31.46.0-255,66,23142,44,248942
15259,0.000487,172.217.27.0-255,5738,28880,44,248942
15260,0.000489,172.31.46.0-255,66,28946,44,248942
15261,0.000523,172.217.27.0-255,2543,31489,44,248942
15262,0.000526,172.31.46.0-255,66,31555,44,248942
15263,0.000613,172.217.27.0-255,1484,33039,44,248942
15264,0.000617,172.31.46.0-255,66,33105,44,248942
15265,0.000622,172.217.27.0-255,2902,36007,44,248942
15266,0.000625,172.31.46.0-255,66,36073,44,248942
15267,0.000629,172.217.27.0-255,2902,38975,44,248942
15268,0.000631,172.31.46.0-255,66,39041,44,248942
15269,0.000636,172.217.27.0-255,4320,43361,44,248942
15270,0.000638,172.31.46.0-255,66,43427,44,248942
15271,0.000672,172.31.46.0-255,66,43493,44,248942
15272,0.000693,172.217.27.0-255,4320,47813,44,248942
15273,0.000696,172.31.46.0-255,66,47879,44,248942
15274,0.000719,172.217.27.0-255,5738,53617,44,248942
15275,0.000722,172.31.46.0-255,66,53683,44,248942
15276,0.000726,172.217.27.0-255,2849,56532,44,248942
15277,0.000728,172.31.46.0-255,66,56598,44,248942
15278,0.001323,172.217.27.0-255,117,56715,44,248942
15279,0.001527,172.217.27.0-255,1484,58199,44,248942
15280,0.001534,172.31.46.0-255,66,58265,44,248942
15281,0.001541,172.217.27.0-255,2902,61167,44,248942
15282,0.001543,172.31.46.0-255,66,61233,44,248942
15283,0.001547,172.217.27.0-255,1484,62717,44,248942
15284,0.001564,172.217.27.0-255,4320,67037,44,248942
15285,0.001566,172.31.46.0-255,66,67103,44,248942
15286,0.001601,172.31.46.0-255,66,67169,44,248942
15287,0.001636,172.217.27.0-255,4320,71489,44,248942
15288,0.001638,172.31.46.0-255,66,71555,44,248942
15289,0.00166,172.217.27.0-255,5379,76934,44,248942
15290,0.001662,172.31.46.0-255,66,77000,44,248942
15291,0.003325,172.217.27.0-255,5738,82738,44,248942
15292,0.003331,172.31.46.0-255,66,82804,44,248942
15293,0.005005,172.217.27.0-255,2902,85706,44,248942
15294,0.005007,172.31.46.0-255,66,85772,44,248942
15295,0.005022,172.217.27.0-255,2902,88674,44,248942
15296,0.005024,172.31.46.0-255,66,88740,44,248942
15297,0.006677,172.217.27.0-255,5738,94478,44,248942
15298,0.006683,172.31.46.0-255,66,94544,44,248942
15299,0.008348,172.217.27.0-255,5738,100282,44,248942
15300,0.008356,172.31.46.0-255,66,100348,44,248942
15301,0.010017,172.217.27.0-255,5738,106086,44,248942
15302,0.010024,172.31.46.0-255,66,106152,44,248942
15303,0.011688,172.217.27.0-255,5738,111890,44,248942
15304,0.011695,172.31.46.0-255,66,111956,44,248942
15305,0.01337,172.217.27.0-255,5738,117694,44,248942
15306,0.013377,172.31.46.0-255,66,117760,44,248942
15307,0.015045,172.217.27.0-255,5738,123498,44,248942
15308,0.015052,172.31.46.0-255,66,123564,44,248942
15309,0.01672,172.217.27.0-255,5738,129302,44,248942
15310,0.016727,172.31.46.0-255,66,129368,44,248942
15311,0.018386,172.217.27.0-255,5738,135106,44,248942
15312,0.018393,172.31.46.0-255,66,135172,44,248942
15313,0.020066,172.217.27.0-255,5738,140910,44,248942
15314,0.020074,172.31.46.0-255,66,140976,44,248942
15315,0.021734,172.217.27.0-255,5738,146714,44,248942
15316,0.02174,172.31.46.0-255,66,146780,44,248942
15317,0.023402,172.217.27.0-255,5738,152518,44,248942
15318,0.023411,172.31.46.0-255,66,152584,44,248942
15319,0.02509,172.217.27.0-255,5738,158322,44,248942
15320,0.025098,172.31.46.0-255,66,158388,44,248942
15321,0.02677,172.217.27.0-255,5738,164126,44,248942
15322,0.026777,172.31.46.0-255,66,164192,44,248942
15323,0.028455,172.217.27.0-255,5738,169930,44,248942
15324,0.028464,172.31.46.0-255,66,169996,44,248942
15325,0.03013,172.217.27.0-255,5738,175734,44,248942
15326,0.030138,172.31.46.0-255,66,175800,44,248942
15327,0.031807,172.217.27.0-255,5738,181538,44,248942
15328,0.031813,172.31.46.0-255,66,181604,44,248942
15329,0.03349,172.217.27.0-255,5738,187342,44,248942
15330,0.033497,172.31.46.0-255,66,187408,44,248942
15331,0.035163,172.217.27.0-255,5738,193146,44,248942
15332,0.03517,172.31.46.0-255,66,193212,44,248942
15333,0.036838,172.217.27.0-255,5738,198950,44,248942
15334,0.036844,172.31.46.0-255,66,199016,44,248942
15335,0.038518,172.217.27.0-255,5738,204754,44,248942
15336,0.038523,172.31.46.0-255,66,204820,44,248942
15337,0.040197,172.217.27.0-255,5738,210558,44,248942
15338,0.040204,172.31.46.0-255,66,210624,44,248942
15339,0.041866,172.217.27.0-255,5738,216362,44,248942
15340,0.041876,172.31.46.0-255,66,216428,44,248942
15341,0.043588,172.217.27.0-255,5738,222166,44,248942
15342,0.043596,172.31.46.0-255,66,222232,44,248942
15343,0.045266,172.217.27.0-255,5738,227970,44,248942
15344,0.045274,172.31.46.0-255,66,228036,44,248942
15345,0.045697,172.31.46.0-255,172,228208,44,248942
15346,0.045727,172.31.46.0-255,1114,229322,44,248942
15347,0.045789,172.31.46.0-255,1514,230836,44,248942
15348,0.045791,172.31.46.0-255,1514,232350,44,248942
15349,0.045792,172.31.46.0-255,1514,233864,44,248942
15350,0.045793,172.31.46.0-255,1514,235378,44,248942
15351,0.045822,172.31.46.0-255,1514,236892,44,248942
15352,0.045824,172.31.46.0-255,70,236962,44,248942
15353,0.046939,172.217.27.0-255,5738,242700,44,248942
15354,0.046945,172.31.46.0-255,66,242766,44,248942
15355,0.047217,104.244.42.0-255,66,242832,44,248942
15356,0.047355,104.244.42.0-255,66,242898,44,248942
15357,0.047361,104.244.42.0-255,66,242964,44,248942
15358,0.048487,104.244.42.0-255,108,243072,44,248942
15359,0.048495,172.31.46.0-255,66,243138,44,248942
15360,0.048613,172.217.27.0-255,5738,248876,44,248942
15361,0.048617,172.31.46.0-255,66,248942,44,248942
15362,0.0,172.217.194.0-255,297,297,44,266812
15363,2e-05,172.31.46.0-255,66,363,44,266812
15364,2.6e-05,172.217.194.0-255,1484,1847,44,266812
15365,3e-05,172.31.46.0-255,66,1913,44,266812
15366,3.8e-05,172.217.194.0-255,4320,6233,44,266812
15367,4.2e-05,172.31.46.0-255,66,6299,44,266812
15368,4.9e-05,172.217.194.0-255,7156,13455,44,266812
15369,5.1e-05,172.31.46.0-255,66,13521,44,266812
15370,7.5e-05,172.217.194.0-255,495,14016,44,266812
15371,7.7e-05,172.31.46.0-255,66,14082,44,266812
15372,8.8e-05,172.217.194.0-255,1484,15566,44,266812
15373,9e-05,172.31.46.0-255,66,15632,44,266812
15374,9.5e-05,172.217.194.0-255,4320,19952,44,266812
15375,9.7e-05,172.31.46.0-255,66,20018,44,266812
15376,0.000101,172.217.194.0-255,2902,22920,44,266812
15377,0.000103,172.31.46.0-255,66,22986,44,266812
15378,0.000123,172.217.194.0-255,7156,30142,44,266812
15379,0.000125,172.31.46.0-255,66,30208,44,266812
15380,0.000128,172.217.194.0-255,1125,31333,44,266812
15381,0.000129,172.31.46.0-255,66,31399,44,266812
15382,0.000256,172.217.194.0-255,1484,32883,44,266812
15383,0.00026,172.31.46.0-255,66,32949,44,266812
15384,0.000277,172.217.194.0-255,2902,35851,44,266812
15385,0.00028,172.31.46.0-255,66,35917,44,266812
15386,0.000284,172.217.194.0-255,2902,38819,44,266812
15387,0.000286,172.31.46.0-255,66,38885,44,266812
15388,0.000305,172.217.194.0-255,2902,41787,44,266812
15389,0.000308,172.31.46.0-255,66,41853,44,266812
15390,0.000334,172.217.194.0-255,5738,47591,44,266812
15391,0.000337,172.31.46.0-255,66,47657,44,266812
15392,0.000363,172.31.46.0-255,66,47723,44,266812
15393,0.000366,172.217.194.0-255,1484,49207,44,266812
15394,0.0004,172.217.194.0-255,4320,53527,44,266812
15395,0.000403,172.31.46.0-255,66,53593,44,266812
15396,0.000423,172.217.194.0-255,4573,58166,44,266812
15397,0.000425,172.31.46.0-255,66,58232,44,266812
15398,0.000664,172.217.194.0-255,1484,59716,44,266812
15399,0.00067,172.217.194.0-255,2902,62618,44,266812
15400,0.000673,172.31.46.0-255,66,62684,44,266812
15401,0.000699,172.217.194.0-255,4320,67004,44,266812
15402,0.000701,172.31.46.0-255,66,67070,44,266812
15403,0.000719,172.217.194.0-255,1484,68554,44,266812
15404,0.000724,172.217.194.0-255,4320,72874,44,266812
15405,0.000726,172.31.46.0-255,66,72940,44,266812
15406,0.000749,172.31.46.0-255,66,73006,44,266812
15407,0.000762,172.31.46.0-255,66,73072,44,266812
15408,0.000808,172.217.194.0-255,1484,74556,44,266812
15409,0.000812,172.217.194.0-255,2902,77458,44,266812
15410,0.000817,172.217.194.0-255,5738,83196,44,266812
15411,0.000819,172.217.194.0-255,1484,84680,44,266812
15412,0.000823,172.31.46.0-255,66,84746,44,266812
15413,0.000826,172.31.46.0-255,66,84812,44,266812
15414,0.000847,172.31.46.0-255,66,84878,44,266812
15415,0.000853,172.217.194.0-255,7156,92034,44,266812
15416,0.000855,172.31.46.0-255,66,92100,44,266812
15417,0.000879,172.217.194.0-255,3602,95702,44,266812
15418,0.000881,172.31.46.0-255,66,95768,44,266812
15419,0.000885,172.217.194.0-255,2902,98670,44,266812
15420,0.000887,172.31.46.0-255,66,98736,44,266812
15421,0.000903,172.217.194.0-255,7156,105892,44,266812
15422,0.000906,172.31.46.0-255,66,105958,44,266812
15423,0.000929,172.31.46.0-255,66,106024,44,266812
15424,0.000944,172.217.194.0-255,2902,108926,44,266812
15425,0.000947,172.31.46.0-255,66,108992,44,266812
15426,0.000956,172.31.46.0-255,66,109058,44,266812
15427,0.001298,172.217.194.0-255,1484,110542,44,266812
15428,0.001305,172.217.194.0-255,2902,113444,44,266812
15429,0.001308,172.31.46.0-255,66,113510,44,266812
15430,0.001314,172.217.194.0-255,2902,116412,44,266812
15431,0.001316,172.31.46.0-255,66,116478,44,266812
15432,0.001331,172.217.194.0-255,2902,119380,44,266812
15433,0.001334,172.31.46.0-255,66,119446,44,266812
15434,0.001355,172.217.194.0-255,1484,120930,44,266812
15435,0.001376,172.217.194.0-255,2902,123832,44,266812
15436,0.001379,172.31.46.0-255,66,123898,44,266812
15437,0.001386,172.217.194.0-255,5738,129636,44,266812
15438,0.001388,172.31.46.0-255,66,129702,44,266812
15439,0.001394,172.217.194.0-255,4320,134022,44,266812
15440,0.001396,172.31.46.0-255,66,134088,44,266812
15441,0.001415,172.217.194.0-255,7156,141244,44,266812
15442,0.001417,172.31.46.0-255,66,141310,44,266812
15443,0.001445,172.217.194.0-255,2184,143494,44,266812
15444,0.001448,172.31.46.0-255,66,143560,44,266812
15445,0.001656,172.217.194.0-255,1484,145044,44,266812
15446,0.001661,172.217.194.0-255,1484,146528,44,266812
15447,0.001665,172.31.46.0-255,66,146594,44,266812
15448,0.001684,172.217.194.0-255,1484,148078,44,266812
15449,0.001691,172.217.194.0-255,5738,153816,44,266812
15450,0.001694,172.31.46.0-255,66,153882,44,266812
15451,0.001699,172.217.194.0-255,2902,156784,44,266812
15452,0.0017,172.31.46.0-255,66,156850,44,266812
15453,0.001734,172.31.46.0-255,66,156916,44,266812
15454,0.001745,172.31.46.0-255,66,156982,44,266812
15455,0.001748,172.217.194.0-255,766,157748,44,266812
15456,0.001814,172.217.194.0-255,1484,159232,44,266812
15457,0.001817,172.31.46.0-255,66,159298,44,266812
15458,0.001823,172.217.194.0-255,2902,162200,44,266812
15459,0.001825,172.31.46.0-255,66,162266,44,266812
15460,0.001828,172.217.194.0-255,1484,163750,44,266812
15461,0.001854,172.217.194.0-255,4320,168070,44,266812
15462,0.001856,172.31.46.0-255,66,168136,44,266812
15463,0.001862,172.217.194.0-255,4320,172456,44,266812
15464,0.001864,172.31.46.0-255,66,172522,44,266812
15465,0.001895,172.31.46.0-255,66,172588,44,266812
15466,0.001909,172.31.46.0-255,66,172654,44,266812
15467,0.001968,172.217.194.0-255,1484,174138,44,266812
15468,0.001972,172.217.194.0-255,2902,177040,44,266812
15469,0.001974,172.217.194.0-255,1484,178524,44,266812
15470,0.00198,172.31.46.0-255,66,178590,44,266812
15471,0.001995,172.217.194.0-255,4320,182910,44,266812
15472,0.001998,172.31.46.0-255,66,182976,44,266812
15473,0.002001,172.217.194.0-255,1484,184460,44,266812
15474,0.002083,172.31.46.0-255,66,184526,44,266812
15475,0.002119,172.217.194.0-255,1484,186010,44,266812
15476,0.002132,172.217.194.0-255,2902,188912,44,266812
15477,0.002135,172.31.46.0-255,66,188978,44,266812
15478,0.002141,172.217.194.0-255,5738,194716,44,266812
15479,0.002163,172.217.194.0-255,4320,199036,44,266812
15480,0.00217,172.31.46.0-255,66,199102,44,266812
15481,0.002214,172.31.46.0-255,66,199168,44,266812
15482,0.002241,172.217.194.0-255,2184,201352,44,266812
15483,0.002246,172.217.194.0-255,2902,204254,44,266812
15484,0.002268,172.217.194.0-255,7156,211410,44,266812
15485,0.002284,172.217.194.0-255,2902,214312,44,266812
15486,0.002289,172.31.46.0-255,66,214378,44,266812
15487,0.004548,172.217.194.0-255,5738,220116,44,266812
15488,0.004554,172.31.46.0-255,66,220182,44,266812
15489,0.006809,172.217.194.0-255,5738,225920,44,266812
15490,0.006815,172.31.46.0-255,66,225986,44,266812
15491,0.009043,172.217.194.0-255,5738,231724,44,266812
15492,0.009048,172.31.46.0-255,66,231790,44,266812
15493,0.011289,172.217.194.0-255,5738,237528,44,266812
15494,0.011297,172.31.46.0-255,66,237594,44,266812
15495,0.013542,172.217.194.0-255,5738,243332,44,266812
15496,0.013553,172.31.46.0-255,66,243398,44,266812
15497,0.015793,172.217.194.0-255,5738,249136,44,266812
15498,0.015802,172.31.46.0-255,66,249202,44,266812
15499,0.018022,172.217.194.0-255,5738,254940,44,266812
15500,0.01803,172.31.46.0-255,66,255006,44,266812
15501,0.020239,172.217.194.0-255,2363,257369,44,266812
15502,0.020249,172.31.46.0-255,66,257435,44,266812
15503,0.020715,172.31.46.0-255,105,257540,44,266812
15504,0.022895,172.217.194.0-255,66,257606,44,266812
15505,0.039422,172.31.46.0-255,188,257794,44,266812
15506,0.039452,172.31.46.0-255,955,258749,44,266812
15507,0.039521,172.31.46.0-255,1514,260263,44,266812
15508,0.039523,172.31.46.0-255,1514,261777,44,266812
15509,0.039524,172.31.46.0-255,1514,263291,44,266812
15510,0.039532,172.31.46.0-255,1514,264805,44,266812
15511,0.039533,172.31.46.0-255,1514,266319,44,266812
15512,0.039534,172.31.46.0-255,229,266548,44,266812
15513,0.040957,104.244.42.0-255,66,266614,44,266812
15514,0.041052,104.244.42.0-255,66,266680,44,266812
15515,0.041058,104.244.42.0-255,66,266746,44,266812
15516,0.041061,104.244.42.0-255,66,266812,44,266812
15517,0.0,172.217.194.0-255,146,146,44,231493
15518,1.5e-05,172.31.46.0-255,66,212,44,231493
15519,2.1e-05,172.217.194.0-255,1484,1696,44,231493
15520,2.6e-05,172.31.46.0-255,66,1762,44,231493
15521,3.9e-05,172.217.194.0-255,2902,4664,44,231493
15522,4.3e-05,172.31.46.0-255,66,4730,44,231493
15523,5.1e-05,172.217.194.0-255,7156,11886,44,231493
15524,5.4e-05,172.31.46.0-255,66,11952,44,231493
15525,8.5e-05,172.217.194.0-255,1994,13946,44,231493
15526,8.8e-05,172.31.46.0-255,66,14012,44,231493
15527,0.000147,172.217.194.0-255,1484,15496,44,231493
15528,0.000151,172.217.194.0-255,2902,18398,44,231493
15529,0.000153,172.217.194.0-255,1484,19882,44,231493
15530,0.000157,172.31.46.0-255,66,19948,44,231493
15531,0.000165,172.31.46.0-255,66,20014,44,231493
15532,0.000168,172.31.46.0-255,66,20080,44,231493
15533,0.000178,172.217.194.0-255,4320,24400,44,231493
15534,0.000181,172.31.46.0-255,66,24466,44,231493
15535,0.000193,172.217.194.0-255,1484,25950,44,231493
15536,0.000196,172.31.46.0-255,66,26016,44,231493
15537,0.000232,172.31.46.0-255,66,26082,44,231493
15538,0.000239,172.217.194.0-255,7156,33238,44,231493
15539,0.000241,172.31.46.0-255,66,33304,44,231493
15540,0.000289,172.31.46.0-255,66,33370,44,231493
15541,0.000314,172.217.194.0-255,5020,38390,44,231493
15542,0.000317,172.31.46.0-255,66,38456,44,231493
15543,0.00032,172.217.194.0-255,676,39132,44,231493
15544,0.000322,172.31.46.0-255,66,39198,44,231493
15545,0.000325,172.217.194.0-255,1484,40682,44,231493
15546,0.000327,172.31.46.0-255,66,40748,44,231493
15547,0.000334,172.217.194.0-255,4320,45068,44,231493
15548,0.000336,172.31.46.0-255,66,45134,44,231493
15549,0.00034,172.217.194.0-255,2902,48036,44,231493
15550,0.000342,172.31.46.0-255,66,48102,44,231493
15551,0.000378,172.217.194.0-255,7156,55258,44,231493
15552,0.000381,172.31.46.0-255,66,55324,44,231493
15553,0.000384,172.217.194.0-255,577,55901,44,231493
15554,0.000424,172.217.194.0-255,1484,57385,44,231493
15555,0.000427,172.31.46.0-255,66,57451,44,231493
15556,0.00043,172.217.194.0-255,1484,58935,44,231493
15557,0.000454,172.217.194.0-255,1484,60419,44,231493
15558,0.000457,172.31.46.0-255,66,60485,44,231493
15559,0.000463,172.217.194.0-255,5738,66223,44,231493
15560,0.000465,172.31.46.0-255,66,66289,44,231493
15561,0.000481,172.31.46.0-255,66,66355,44,231493
15562,0.000522,172.217.194.0-255,5738,72093,44,231493
15563,0.000525,172.31.46.0-255,66,72159,44,231493
15564,0.000558,172.31.46.0-255,66,72225,44,231493
15565,0.000561,172.217.194.0-255,1484,73709,44,231493
15566,0.000582,172.217.194.0-255,2902,76611,44,231493
15567,0.000585,172.31.46.0-255,66,76677,44,231493
15568,0.000591,172.217.194.0-255,4320,80997,44,231493
15569,0.000593,172.31.46.0-255,66,81063,44,231493
15570,0.000615,172.217.194.0-255,1484,82547,44,231493
15571,0.000623,172.217.194.0-255,6797,89344,44,231493
15572,0.000625,172.31.46.0-255,66,89410,44,231493
15573,0.000668,172.217.194.0-255,4320,93730,44,231493
15574,0.000671,172.31.46.0-255,66,93796,44,231493
15575,0.0007,172.217.194.0-255,4320,98116,44,231493
15576,0.000704,172.31.46.0-255,66,98182,44,231493
15577,0.00072,172.31.46.0-255,66,98248,44,231493
15578,0.000728,172.217.194.0-255,7156,105404,44,231493
15579,0.00073,172.31.46.0-255,66,105470,44,231493
15580,0.000769,172.31.46.0-255,66,105536,44,231493
15581,0.001077,172.217.194.0-255,1484,107020,44,231493
15582,0.001085,172.217.194.0-255,2902,109922,44,231493
15583,0.001088,172.31.46.0-255,66,109988,44,231493
15584,0.001094,172.217.194.0-255,2902,112890,44,231493
15585,0.001096,172.31.46.0-255,66,112956,44,231493
15586,0.00113,172.217.194.0-255,2902,115858,44,231493
15587,0.001133,172.31.46.0-255,66,115924,44,231493
15588,0.001152,172.31.46.0-255,66,115990,44,231493
15589,0.001179,172.217.194.0-255,2902,118892,44,231493
15590,0.001182,172.31.46.0-255,66,118958,44,231493
15591,0.001221,172.31.46.0-255,66,119024,44,231493
15592,0.001225,172.217.194.0-255,1484,120508,44,231493
15593,0.001249,172.217.194.0-255,4320,124828,44,231493
15594,0.001252,172.31.46.0-255,66,124894,44,231493
15595,0.00126,172.217.194.0-255,7156,132050,44,231493
15596,0.001262,172.31.46.0-255,66,132116,44,231493
15597,0.001272,172.217.194.0-255,4320,136436,44,231493
15598,0.001274,172.31.46.0-255,66,136502,44,231493
15599,0.00132,172.31.46.0-255,66,136568,44,231493
15600,0.001328,172.217.194.0-255,6438,143006,44,231493
15601,0.00133,172.31.46.0-255,66,143072,44,231493
15602,0.001341,172.217.194.0-255,5738,148810,44,231493
15603,0.001343,172.31.46.0-255,66,148876,44,231493
15604,0.00135,172.217.194.0-255,7156,156032,44,231493
15605,0.001353,172.31.46.0-255,66,156098,44,231493
15606,0.001429,172.31.46.0-255,66,156164,44,231493
15607,0.001436,172.217.194.0-255,6438,162602,44,231493
15608,0.001438,172.31.46.0-255,66,162668,44,231493
15609,0.001499,172.217.194.0-255,1484,164152,44,231493
15610,0.001505,172.217.194.0-255,2902,167054,44,231493
15611,0.001508,172.31.46.0-255,66,167120,44,231493
15612,0.00154,172.217.194.0-255,5738,172858,44,231493
15613,0.001543,172.31.46.0-255,66,172924,44,231493
15614,0.001572,172.31.46.0-255,66,172990,44,231493
15615,0.001611,172.31.46.0-255,66,173056,44,231493
15616,0.001643,172.217.194.0-255,1484,174540,44,231493
15617,0.001648,172.217.194.0-255,2902,177442,44,231493
15618,0.00165,172.31.46.0-255,66,177508,44,231493
15619,0.001676,172.217.194.0-255,5738,183246,44,231493
15620,0.001679,172.31.46.0-255,66,183312,44,231493
15621,0.001684,172.217.194.0-255,2902,186214,44,231493
15622,0.001687,172.31.46.0-255,66,186280,44,231493
15623,0.00171,172.217.194.0-255,4320,190600,44,231493
15624,0.001713,172.31.46.0-255,66,190666,44,231493
15625,0.001732,172.31.46.0-255,66,190732,44,231493
15626,0.001736,172.217.194.0-255,2184,192916,44,231493
15627,0.001738,172.31.46.0-255,66,192982,44,231493
15628,0.001774,172.217.194.0-255,2902,195884,44,231493
15629,0.001777,172.31.46.0-255,66,195950,44,231493
15630,0.001784,172.217.194.0-255,7156,203106,44,231493
15631,0.001786,172.31.46.0-255,66,203172,44,231493
15632,0.001798,172.217.194.0-255,7156,210328,44,231493
15633,0.0018,172.31.46.0-255,66,210394,44,231493
15634,0.001836,172.31.46.0-255,66,210460,44,231493
15635,0.001865,172.217.194.0-255,4320,214780,44,231493
15636,0.001868,172.31.46.0-255,66,214846,44,231493
15637,0.001871,172.217.194.0-255,766,215612,44,231493
15638,0.001874,172.217.194.0-255,1484,217096,44,231493
15639,0.001876,172.31.46.0-255,66,217162,44,231493
15640,0.001886,172.217.194.0-255,4320,221482,44,231493
15641,0.001888,172.31.46.0-255,66,221548,44,231493
15642,0.0019,172.31.46.0-255,66,221614,44,231493
15643,0.001911,172.31.46.0-255,66,221680,44,231493
15644,0.001914,172.217.194.0-255,97,221777,44,231493
15645,0.001934,172.217.194.0-255,105,221882,44,231493
15646,0.009113,172.31.46.0-255,66,221948,44,231493
15647,0.009155,172.31.46.0-255,105,222053,44,231493
15648,0.011309,172.217.194.0-255,105,222158,44,231493
15649,0.011319,172.31.46.0-255,78,222236,44,231493
15650,0.011431,172.217.194.0-255,66,222302,44,231493
15651,0.03954,172.31.46.0-255,172,222474,44,231493
15652,0.039572,172.31.46.0-255,1114,223588,44,231493
15653,0.039642,172.31.46.0-255,1514,225102,44,231493
15654,0.039644,172.31.46.0-255,1514,226616,44,231493
15655,0.03965,172.31.46.0-255,1514,228130,44,231493
15656,0.039651,172.31.46.0-255,1514,229644,44,231493
15657,0.039669,172.31.46.0-255,1514,231158,44,231493
15658,0.03967,172.31.46.0-255,71,231229,44,231493
15659,0.041101,104.244.42.0-255,66,231295,44,231493
15660,0.041384,104.244.42.0-255,66,231361,44,231493
15661,0.04139,104.244.42.0-255,66,231427,44,231493
15662,0.041432,104.244.42.0-255,66,231493,44,231493
15663,0.0,172.31.46.0-255,105,105,44,276
15664,0.001784,157.240.13.0-255,105,210,44,276
15665,0.0018,172.31.46.0-255,66,276,44,276
15666,0.0,74.125.200.0-255,153,153,44,309160
15667,1.4e-05,172.31.46.0-255,66,219,44,309160
15668,2e-05,74.125.200.0-255,1484,1703,44,309160
15669,2.4e-05,172.31.46.0-255,66,1769,44,309160
15670,2.7e-05,74.125.200.0-255,1484,3253,44,309160
15671,3.6e-05,172.31.46.0-255,66,3319,44,309160
15672,4.1e-05,74.125.200.0-255,2902,6221,44,309160
15673,4.3e-05,172.31.46.0-255,66,6287,44,309160
15674,4.7e-05,74.125.200.0-255,2902,9189,44,309160
15675,4.9e-05,172.31.46.0-255,66,9255,44,309160
15676,8e-05,74.125.200.0-255,2902,12157,44,309160
15677,8.2e-05,172.31.46.0-255,66,12223,44,309160
15678,9.1e-05,172.31.46.0-255,66,12289,44,309160
15679,9.4e-05,74.125.200.0-255,1484,13773,44,309160
15680,9.6e-05,172.31.46.0-255,66,13839,44,309160
15681,0.00013,74.125.200.0-255,7156,20995,44,309160
15682,0.000132,172.31.46.0-255,66,21061,44,309160
15683,0.000136,74.125.200.0-255,2543,23604,44,309160
15684,0.000138,172.31.46.0-255,66,23670,44,309160
15685,0.000214,74.125.200.0-255,1484,25154,44,309160
15686,0.000216,172.31.46.0-255,66,25220,44,309160
15687,0.00023,74.125.200.0-255,1484,26704,44,309160
15688,0.000232,172.31.46.0-255,66,26770,44,309160
15689,0.000268,74.125.200.0-255,2902,29672,44,309160
15690,0.000271,172.31.46.0-255,66,29738,44,309160
15691,0.000274,74.125.200.0-255,1484,31222,44,309160
15692,0.000275,172.31.46.0-255,66,31288,44,309160
15693,0.000303,74.125.200.0-255,2902,34190,44,309160
15694,0.000305,172.31.46.0-255,66,34256,44,309160
15695,0.000322,74.125.200.0-255,5738,39994,44,309160
15696,0.000324,172.31.46.0-255,66,40060,44,309160
15697,0.000327,74.125.200.0-255,1125,41185,44,309160
15698,0.000344,74.125.200.0-255,1484,42669,44,309160
15699,0.000369,74.125.200.0-255,4320,46989,44,309160
15700,0.000394,74.125.200.0-255,5738,52727,44,309160
15701,0.000434,74.125.200.0-255,4320,57047,44,309160
15702,0.000449,74.125.200.0-255,1125,58172,44,309160
15703,0.000461,74.125.200.0-255,679,58851,44,309160
15704,0.000495,172.31.46.0-255,66,58917,44,309160
15705,0.000637,74.125.200.0-255,1484,60401,44,309160
15706,0.000643,74.125.200.0-255,2902,63303,44,309160
15707,0.000649,172.31.46.0-255,66,63369,44,309160
15708,0.000664,74.125.200.0-255,5738,69107,44,309160
15709,0.000728,74.125.200.0-255,1484,70591,44,309160
15710,0.000731,172.31.46.0-255,66,70657,44,309160
15711,0.000748,74.125.200.0-255,3602,74259,44,309160
15712,0.000761,172.31.46.0-255,66,74325,44,309160
15713,0.001648,74.125.200.0-255,1484,75809,44,309160
15714,0.001659,74.125.200.0-255,2902,78711,44,309160
15715,0.001663,172.31.46.0-255,66,78777,44,309160
15716,0.001671,74.125.200.0-255,5738,84515,44,309160
15717,0.001722,74.125.200.0-255,1484,85999,44,309160
15718,0.001973,74.125.200.0-255,1484,87483,44,309160
15719,0.00198,74.125.200.0-255,2902,90385,44,309160
15720,0.002007,74.125.200.0-255,5738,96123,44,309160
15721,0.002009,74.125.200.0-255,1484,97607,44,309160
15722,0.002012,74.125.200.0-255,1484,99091,44,309160
15723,0.002034,74.125.200.0-255,4320,103411,44,309160
15724,0.002046,74.125.200.0-255,2902,106313,44,309160
15725,0.002068,74.125.200.0-255,7156,113469,44,309160
15726,0.002071,74.125.200.0-255,1484,114953,44,309160
15727,0.00212,74.125.200.0-255,1484,116437,44,309160
15728,0.00214,74.125.200.0-255,3602,120039,44,309160
15729,0.002316,74.125.200.0-255,1484,121523,44,309160
15730,0.002326,74.125.200.0-255,2902,124425,44,309160
15731,0.002338,74.125.200.0-255,2902,127327,44,309160
15732,0.002349,74.125.200.0-255,2902,130229,44,309160
15733,0.002363,74.125.200.0-255,4320,134549,44,309160
15734,0.002381,74.125.200.0-255,2902,137451,44,309160
15735,0.003141,74.125.200.0-255,1484,138935,44,309160
15736,0.003146,74.125.200.0-255,2902,141837,44,309160
15737,0.003158,74.125.200.0-255,1484,143321,44,309160
15738,0.003172,74.125.200.0-255,2902,146223,44,309160
15739,0.003193,74.125.200.0-255,5738,151961,44,309160
15740,0.003196,74.125.200.0-255,1484,153445,44,309160
15741,0.003224,74.125.200.0-255,4320,157765,44,309160
15742,0.003233,74.125.200.0-255,1484,159249,44,309160
15743,0.003247,74.125.200.0-255,3602,162851,44,309160
15744,0.003286,74.125.200.0-255,4320,167171,44,309160
15745,0.003307,74.125.200.0-255,4320,171491,44,309160
15746,0.003311,74.125.200.0-255,2902,174393,44,309160
15747,0.003339,74.125.200.0-255,7156,181549,44,309160
15748,0.003394,74.125.200.0-255,5020,186569,44,309160
15749,0.003514,74.125.200.0-255,1484,188053,44,309160
15750,0.003519,74.125.200.0-255,2902,190955,44,309160
15751,0.003541,74.125.200.0-255,5738,196693,44,309160
15752,0.003571,74.125.200.0-255,2902,199595,44,309160
15753,0.003589,74.125.200.0-255,7156,206751,44,309160
15754,0.003605,74.125.200.0-255,1484,208235,44,309160
15755,0.003637,74.125.200.0-255,2184,210419,44,309160
15756,0.003746,74.125.200.0-255,1484,211903,44,309160
15757,0.00376,74.125.200.0-255,2902,214805,44,309160
15758,0.003772,74.125.200.0-255,1484,216289,44,309160
15759,0.003775,74.125.200.0-255,1484,217773,44,309160
15760,0.003792,74.125.200.0-255,1484,219257,44,309160
15761,0.003797,74.125.200.0-255,2902,222159,44,309160
15762,0.003812,74.125.200.0-255,2902,225061,44,309160
15763,0.003816,74.125.200.0-255,1484,226545,44,309160
15764,0.003836,74.125.200.0-255,5738,232283,44,309160
15765,0.00387,74.125.200.0-255,1484,233767,44,309160
15766,0.003894,74.125.200.0-255,3602,237369,44,309160
15767,0.0039,74.125.200.0-255,5738,243107,44,309160
15768,0.003926,74.125.200.0-255,2902,246009,44,309160
15769,0.003941,74.125.200.0-255,2902,248911,44,309160
15770,0.003955,74.125.200.0-255,5738,254649,44,309160
15771,0.003973,74.125.200.0-255,1484,256133,44,309160
15772,0.00398,74.125.200.0-255,5738,261871,44,309160
15773,0.003995,74.125.200.0-255,2902,264773,44,309160
15774,0.00402,74.125.200.0-255,1484,266257,44,309160
15775,0.004042,74.125.200.0-255,3602,269859,44,309160
15776,0.004113,74.125.200.0-255,1484,271343,44,309160
15777,0.004129,74.125.200.0-255,1484,272827,44,309160
15778,0.004132,74.125.200.0-255,1484,274311,44,309160
15779,0.004143,74.125.200.0-255,1484,275795,44,309160
15780,0.004157,74.125.200.0-255,4320,280115,44,309160
15781,0.004175,74.125.200.0-255,1484,281599,44,309160
15782,0.004201,74.125.200.0-255,7156,288755,44,309160
15783,0.004214,74.125.200.0-255,2902,291657,44,309160
15784,0.004234,74.125.200.0-255,3602,295259,44,309160
15785,0.004367,74.125.200.0-255,1484,296743,44,309160
15786,0.00438,74.125.200.0-255,1484,298227,44,309160
15787,0.00442,74.125.200.0-255,1401,299628,44,309160
15788,0.004456,74.125.200.0-255,105,299733,44,309160
15789,0.005674,172.31.46.0-255,66,299799,44,309160
15790,0.011931,172.31.46.0-255,105,299904,44,309160
15791,0.013827,74.125.200.0-255,66,299970,44,309160
15792,0.033815,172.31.46.0-255,172,300142,44,309160
15793,0.033845,172.31.46.0-255,1114,301256,44,309160
15794,0.0339,172.31.46.0-255,1514,302770,44,309160
15795,0.033901,172.31.46.0-255,1514,304284,44,309160
15796,0.033905,172.31.46.0-255,1514,305798,44,309160
15797,0.033906,172.31.46.0-255,1514,307312,44,309160
15798,0.033925,172.31.46.0-255,1514,308826,44,309160
15799,0.033926,172.31.46.0-255,70,308896,44,309160
15800,0.035363,104.244.42.0-255,66,308962,44,309160
15801,0.035374,104.244.42.0-255,66,309028,44,309160
15802,0.035469,104.244.42.0-255,66,309094,44,309160
15803,0.035474,104.244.42.0-255,66,309160,44,309160
15804,0.0,74.125.24.0-255,153,153,44,176539
15805,2.2e-05,172.31.46.0-255,66,219,44,176539
15806,2.8e-05,74.125.24.0-255,1484,1703,44,176539
15807,3.3e-05,172.31.46.0-255,66,1769,44,176539
15808,4.5e-05,74.125.24.0-255,2902,4671,44,176539
15809,4.9e-05,172.31.46.0-255,66,4737,44,176539
15810,7.3e-05,74.125.24.0-255,7156,11893,44,176539
15811,8.1e-05,172.31.46.0-255,66,11959,44,176539
15812,0.000199,74.125.24.0-255,2053,14012,44,176539
15813,0.000203,172.31.46.0-255,66,14078,44,176539
15814,0.000228,74.125.24.0-255,2902,16980,44,176539
15815,0.00023,172.31.46.0-255,66,17046,44,176539
15816,0.000288,74.125.24.0-255,5738,22784,44,176539
15817,0.000291,172.31.46.0-255,66,22850,44,176539
15818,0.000317,74.125.24.0-255,1484,24334,44,176539
15819,0.00032,172.31.46.0-255,66,24400,44,176539
15820,0.000425,172.31.46.0-255,66,24466,44,176539
15821,0.000457,74.125.24.0-255,5379,29845,44,176539
15822,0.00046,172.31.46.0-255,66,29911,44,176539
15823,0.000681,74.125.24.0-255,5738,35649,44,176539
15824,0.000686,172.31.46.0-255,66,35715,44,176539
15825,0.000721,172.31.46.0-255,66,35781,44,176539
15826,0.000937,74.125.24.0-255,5738,41519,44,176539
15827,0.000942,172.31.46.0-255,66,41585,44,176539
15828,0.000964,74.125.24.0-255,5020,46605,44,176539
15829,0.000967,172.31.46.0-255,66,46671,44,176539
15830,0.001097,74.125.24.0-255,413,47084,44,176539
15831,0.001103,172.31.46.0-255,66,47150,44,176539
15832,0.001134,74.125.24.0-255,4320,51470,44,176539
15833,0.001137,172.31.46.0-255,66,51536,44,176539
15834,0.001181,172.31.46.0-255,66,51602,44,176539
15835,0.001207,74.125.24.0-255,1484,53086,44,176539
15836,0.001651,74.125.24.0-255,7156,60242,44,176539
15837,0.001657,172.31.46.0-255,66,60308,44,176539
15838,0.001709,172.31.46.0-255,66,60374,44,176539
15839,0.002083,172.31.46.0-255,66,60440,44,176539
15840,0.002128,172.31.46.0-255,66,60506,44,176539
15841,0.002634,172.31.46.0-255,66,60572,44,176539
15842,0.002701,172.31.46.0-255,66,60638,44,176539
15843,0.003201,74.125.24.0-255,2902,63540,44,176539
15844,0.003204,172.31.46.0-255,66,63606,44,176539
15845,0.00326,172.31.46.0-255,66,63672,44,176539
15846,0.003323,172.31.46.0-255,66,63738,44,176539
15847,0.004199,74.125.24.0-255,5738,69476,44,176539
15848,0.004203,172.31.46.0-255,66,69542,44,176539
15849,0.004241,172.31.46.0-255,66,69608,44,176539
15850,0.00428,172.31.46.0-255,66,69674,44,176539
15851,0.006707,172.31.46.0-255,101,69775,44,176539
15852,0.006816,74.125.24.0-255,5738,75513,44,176539
15853,0.006821,172.31.46.0-255,66,75579,44,176539
15854,0.009214,74.125.24.0-255,66,75645,44,176539
15855,0.009325,74.125.24.0-255,5738,81383,44,176539
15856,0.009328,172.31.46.0-255,66,81449,44,176539
15857,0.011866,74.125.24.0-255,5738,87187,44,176539
15858,0.011874,172.31.46.0-255,66,87253,44,176539
15859,0.014444,74.125.24.0-255,5738,92991,44,176539
15860,0.014453,172.31.46.0-255,66,93057,44,176539
15861,0.017056,74.125.24.0-255,5738,98795,44,176539
15862,0.017062,172.31.46.0-255,66,98861,44,176539
15863,0.019611,74.125.24.0-255,5738,104599,44,176539
15864,0.01962,172.31.46.0-255,66,104665,44,176539
15865,0.022162,74.125.24.0-255,5738,110403,44,176539
15866,0.022169,172.31.46.0-255,66,110469,44,176539
15867,0.024804,74.125.24.0-255,5738,116207,44,176539
15868,0.024811,172.31.46.0-255,66,116273,44,176539
15869,0.027345,74.125.24.0-255,5738,122011,44,176539
15870,0.027352,172.31.46.0-255,66,122077,44,176539
15871,0.029799,172.31.46.0-255,172,122249,44,176539
15872,0.029827,172.31.46.0-255,1114,123363,44,176539
15873,0.029886,172.31.46.0-255,1514,124877,44,176539
15874,0.029888,172.31.46.0-255,1514,126391,44,176539
15875,0.029889,172.31.46.0-255,1514,127905,44,176539
15876,0.02989,172.31.46.0-255,1514,129419,44,176539
15877,0.029891,172.31.46.0-255,556,129975,44,176539
15878,0.029902,74.125.24.0-255,1484,131459,44,176539
15879,0.029921,74.125.24.0-255,4320,135779,44,176539
15880,0.029924,172.31.46.0-255,66,135845,44,176539
15881,0.031448,104.244.42.0-255,66,135911,44,176539
15882,0.032493,74.125.24.0-255,5738,141649,44,176539
15883,0.032501,172.31.46.0-255,66,141715,44,176539
15884,0.035061,74.125.24.0-255,5738,147453,44,176539
15885,0.035074,172.31.46.0-255,66,147519,44,176539
15886,0.037655,74.125.24.0-255,5738,153257,44,176539
15887,0.037669,172.31.46.0-255,66,153323,44,176539
15888,0.040227,74.125.24.0-255,5738,159061,44,176539
15889,0.040236,172.31.46.0-255,66,159127,44,176539
15890,0.042799,74.125.24.0-255,5738,164865,44,176539
15891,0.042806,172.31.46.0-255,66,164931,44,176539
15892,0.045397,74.125.24.0-255,5738,170669,44,176539
15893,0.045404,172.31.46.0-255,66,170735,44,176539
15894,0.047972,74.125.24.0-255,5738,176473,44,176539
15895,0.047978,172.31.46.0-255,66,176539,44,176539
15896,0.0,74.125.130.0-255,152,152,44,198318
15897,2.4e-05,172.31.46.0-255,66,218,44,198318
15898,4.8e-05,74.125.130.0-255,1484,1702,44,198318
15899,5.1e-05,172.31.46.0-255,66,1768,44,198318
15900,5.4e-05,74.125.130.0-255,1484,3252,44,198318
15901,5.8e-05,172.31.46.0-255,66,3318,44,198318
15902,6.3e-05,74.125.130.0-255,2902,6220,44,198318
15903,6.7e-05,172.31.46.0-255,66,6286,44,198318
15904,0.00011,74.125.130.0-255,5738,12024,44,198318
15905,0.000114,172.31.46.0-255,66,12090,44,198318
15906,0.00015,74.125.130.0-255,2121,14211,44,198318
15907,0.000153,172.31.46.0-255,66,14277,44,198318
15908,0.001451,74.125.130.0-255,1484,15761,44,198318
15909,0.001457,172.31.46.0-255,66,15827,44,198318
15910,0.001464,74.125.130.0-255,2902,18729,44,198318
15911,0.001466,172.31.46.0-255,66,18795,44,198318
15912,0.001481,74.125.130.0-255,1484,20279,44,198318
15913,0.001483,172.31.46.0-255,66,20345,44,198318
15914,0.001503,74.125.130.0-255,2902,23247,44,198318
15915,0.001505,172.31.46.0-255,66,23313,44,198318
15916,0.001516,74.125.130.0-255,1484,24797,44,198318
15917,0.001518,172.31.46.0-255,66,24863,44,198318
15918,0.001534,74.125.130.0-255,1484,26347,44,198318
15919,0.001535,172.31.46.0-255,66,26413,44,198318
15920,0.001566,74.125.130.0-255,4320,30733,44,198318
15921,0.001569,172.31.46.0-255,66,30799,44,198318
15922,0.001597,74.125.130.0-255,1125,31924,44,198318
15923,0.001599,172.31.46.0-255,66,31990,44,198318
15924,0.001742,74.125.130.0-255,1484,33474,44,198318
15925,0.001744,172.31.46.0-255,66,33540,44,198318
15926,0.001755,74.125.130.0-255,2902,36442,44,198318
15927,0.001756,172.31.46.0-255,66,36508,44,198318
15928,0.001785,74.125.130.0-255,2902,39410,44,198318
15929,0.001804,74.125.130.0-255,2902,42312,44,198318
15930,0.001818,74.125.130.0-255,1484,43796,44,198318
15931,0.001854,74.125.130.0-255,2902,46698,44,198318
15932,0.001866,74.125.130.0-255,3961,50659,44,198318
15933,0.001926,74.125.130.0-255,5738,56397,44,198318
15934,0.001934,74.125.130.0-255,1484,57881,44,198318
15935,0.001996,74.125.130.0-255,1484,59365,44,198318
15936,0.002009,74.125.130.0-255,2902,62267,44,198318
15937,0.002042,74.125.130.0-255,1484,63751,44,198318
15938,0.002052,74.125.130.0-255,2543,66294,44,198318
15939,0.002066,74.125.130.0-255,364,66658,44,198318
15940,0.002178,74.125.130.0-255,380,67038,44,198318
15941,0.002417,74.125.130.0-255,1484,68522,44,198318
15942,0.002433,74.125.130.0-255,2902,71424,44,198318
15943,0.00248,74.125.130.0-255,1484,72908,44,198318
15944,0.002503,74.125.130.0-255,2902,75810,44,198318
15945,0.002535,74.125.130.0-255,5738,81548,44,198318
15946,0.002598,74.125.130.0-255,2543,84091,44,198318
15947,0.002773,172.31.46.0-255,66,84157,44,198318
15948,0.005349,74.125.130.0-255,5738,89895,44,198318
15949,0.005357,172.31.46.0-255,66,89961,44,198318
15950,0.007917,74.125.130.0-255,5738,95699,44,198318
15951,0.007923,172.31.46.0-255,66,95765,44,198318
15952,0.010488,74.125.130.0-255,5738,101503,44,198318
15953,0.010497,172.31.46.0-255,66,101569,44,198318
15954,0.013069,74.125.130.0-255,5738,107307,44,198318
15955,0.013079,172.31.46.0-255,66,107373,44,198318
15956,0.015655,74.125.130.0-255,5738,113111,44,198318
15957,0.015667,172.31.46.0-255,66,113177,44,198318
15958,0.018226,74.125.130.0-255,5738,118915,44,198318
15959,0.018232,172.31.46.0-255,66,118981,44,198318
15960,0.020806,74.125.130.0-255,5738,124719,44,198318
15961,0.020818,172.31.46.0-255,66,124785,44,198318
15962,0.023419,74.125.130.0-255,5738,130523,44,198318
15963,0.023435,172.31.46.0-255,66,130589,44,198318
15964,0.026045,74.125.130.0-255,5738,136327,44,198318
15965,0.026062,172.31.46.0-255,66,136393,44,198318
15966,0.026649,172.31.46.0-255,172,136565,44,198318
15967,0.026675,172.31.46.0-255,1114,137679,44,198318
15968,0.026745,172.31.46.0-255,1514,139193,44,198318
15969,0.026747,172.31.46.0-255,1514,140707,44,198318
15970,0.026748,172.31.46.0-255,1514,142221,44,198318
15971,0.026749,172.31.46.0-255,1514,143735,44,198318
15972,0.026776,172.31.46.0-255,1514,145249,44,198318
15973,0.026782,172.31.46.0-255,72,145321,44,198318
15974,0.028149,104.244.42.0-255,66,145387,44,198318
15975,0.028206,104.244.42.0-255,66,145453,44,198318
15976,0.028301,104.244.42.0-255,66,145519,44,198318
15977,0.028306,104.244.42.0-255,66,145585,44,198318
15978,0.028309,104.244.42.0-255,66,145651,44,198318
15979,0.028645,74.125.130.0-255,5738,151389,44,198318
15980,0.028653,172.31.46.0-255,66,151455,44,198318
15981,0.03123,74.125.130.0-255,5738,157193,44,198318
15982,0.031238,172.31.46.0-255,66,157259,44,198318
15983,0.033797,74.125.130.0-255,5738,162997,44,198318
15984,0.033803,172.31.46.0-255,66,163063,44,198318
15985,0.036365,74.125.130.0-255,5738,168801,44,198318
15986,0.03637,172.31.46.0-255,66,168867,44,198318
15987,0.038931,74.125.130.0-255,5738,174605,44,198318
15988,0.038948,172.31.46.0-255,66,174671,44,198318
15989,0.041503,74.125.130.0-255,5738,180409,44,198318
15990,0.041509,172.31.46.0-255,66,180475,44,198318
15991,0.04165,172.31.46.0-255,101,180576,44,198318
15992,0.044078,74.125.130.0-255,5738,186314,44,198318
15993,0.044084,172.31.46.0-255,66,186380,44,198318
15994,0.044167,74.125.130.0-255,66,186446,44,198318
15995,0.046637,74.125.130.0-255,2902,189348,44,198318
15996,0.046643,172.31.46.0-255,66,189414,44,198318
15997,0.046671,74.125.130.0-255,2902,192316,44,198318
15998,0.04669,172.31.46.0-255,66,192382,44,198318
15999,0.049219,74.125.130.0-255,2902,195284,44,198318
16000,0.049224,172.31.46.0-255,66,195350,44,198318
16001,0.049296,74.125.130.0-255,2902,198252,44,198318
16002,0.049313,172.31.46.0-255,66,198318,44,198318
16003,0.0,172.217.194.0-255,143,143,44,236185
16004,2.2e-05,172.31.46.0-255,66,209,44,236185
16005,3e-05,172.217.194.0-255,1484,1693,44,236185
16006,3.4e-05,172.31.46.0-255,66,1759,44,236185
16007,3.9e-05,172.217.194.0-255,2902,4661,44,236185
16008,4.2e-05,172.31.46.0-255,66,4727,44,236185
16009,7.1e-05,172.217.194.0-255,5738,10465,44,236185
16010,7.4e-05,172.31.46.0-255,66,10531,44,236185
16011,0.000109,172.217.194.0-255,1484,12015,44,236185
16012,0.000112,172.31.46.0-255,66,12081,44,236185
16013,0.000117,172.217.194.0-255,2085,14166,44,236185
16014,0.000119,172.31.46.0-255,66,14232,44,236185
16015,0.000133,172.31.46.0-255,66,14298,44,236185
16016,0.000139,172.217.194.0-255,5379,19677,44,236185
16017,0.000142,172.31.46.0-255,66,19743,44,236185
16018,0.000379,172.217.194.0-255,1484,21227,44,236185
16019,0.000385,172.31.46.0-255,66,21293,44,236185
16020,0.00039,172.217.194.0-255,2902,24195,44,236185
16021,0.000393,172.31.46.0-255,66,24261,44,236185
16022,0.000397,172.217.194.0-255,2902,27163,44,236185
16023,0.000399,172.31.46.0-255,66,27229,44,236185
16024,0.000419,172.217.194.0-255,2902,30131,44,236185
16025,0.000421,172.31.46.0-255,66,30197,44,236185
16026,0.000436,172.217.194.0-255,4320,34517,44,236185
16027,0.000439,172.31.46.0-255,66,34583,44,236185
16028,0.000469,172.31.46.0-255,66,34649,44,236185
16029,0.000476,172.217.194.0-255,7156,41805,44,236185
16030,0.000478,172.31.46.0-255,66,41871,44,236185
16031,0.000493,172.217.194.0-255,3961,45832,44,236185
16032,0.000495,172.31.46.0-255,66,45898,44,236185
16033,0.000525,172.217.194.0-255,647,46545,44,236185
16034,0.000667,172.217.194.0-255,1484,48029,44,236185
16035,0.000673,172.217.194.0-255,2902,50931,44,236185
16036,0.00068,172.217.194.0-255,5738,56669,44,236185
16037,0.000684,172.217.194.0-255,4320,60989,44,236185
16038,0.000699,172.217.194.0-255,2902,63891,44,236185
16039,0.000704,172.31.46.0-255,66,63957,44,236185
16040,0.000722,172.217.194.0-255,4320,68277,44,236185
16041,0.000728,172.31.46.0-255,66,68343,44,236185
16042,0.000739,172.217.194.0-255,3602,71945,44,236185
16043,0.000763,172.31.46.0-255,66,72011,44,236185
16044,0.001161,172.217.194.0-255,1484,73495,44,236185
16045,0.001167,172.217.194.0-255,2902,76397,44,236185
16046,0.00117,172.31.46.0-255,66,76463,44,236185
16047,0.001175,172.217.194.0-255,2902,79365,44,236185
16048,0.001177,172.31.46.0-255,66,79431,44,236185
16049,0.001198,172.217.194.0-255,2902,82333,44,236185
16050,0.001201,172.31.46.0-255,66,82399,44,236185
16051,0.00123,172.217.194.0-255,1484,83883,44,236185
16052,0.001238,172.217.194.0-255,7156,91039,44,236185
16053,0.001243,172.31.46.0-255,66,91105,44,236185
16054,0.001261,172.217.194.0-255,3602,94707,44,236185
16055,0.001275,172.31.46.0-255,66,94773,44,236185
16056,0.003197,172.217.194.0-255,1484,96257,44,236185
16057,0.003232,172.217.194.0-255,4320,100577,44,236185
16058,0.003237,172.31.46.0-255,66,100643,44,236185
16059,0.005192,172.217.194.0-255,5738,106381,44,236185
16060,0.005198,172.31.46.0-255,66,106447,44,236185
16061,0.00715,172.217.194.0-255,5738,112185,44,236185
16062,0.007154,172.31.46.0-255,66,112251,44,236185
16063,0.009128,172.217.194.0-255,5738,117989,44,236185
16064,0.009135,172.31.46.0-255,66,118055,44,236185
16065,0.01109,172.217.194.0-255,5738,123793,44,236185
16066,0.011097,172.31.46.0-255,66,123859,44,236185
16067,0.013053,172.217.194.0-255,5738,129597,44,236185
16068,0.013061,172.31.46.0-255,66,129663,44,236185
16069,0.015031,172.217.194.0-255,5738,135401,44,236185
16070,0.015044,172.31.46.0-255,66,135467,44,236185
16071,0.017025,172.217.194.0-255,5738,141205,44,236185
16072,0.017038,172.31.46.0-255,66,141271,44,236185
16073,0.018989,172.217.194.0-255,5738,147009,44,236185
16074,0.018997,172.31.46.0-255,66,147075,44,236185
16075,0.020933,172.217.194.0-255,5738,152813,44,236185
16076,0.02094,172.31.46.0-255,66,152879,44,236185
16077,0.02293,172.217.194.0-255,5738,158617,44,236185
16078,0.022935,172.31.46.0-255,66,158683,44,236185
16079,0.024925,172.217.194.0-255,5738,164421,44,236185
16080,0.02493,172.31.46.0-255,66,164487,44,236185
16081,0.026883,172.217.194.0-255,5738,170225,44,236185
16082,0.026889,172.31.46.0-255,66,170291,44,236185
16083,0.028885,172.217.194.0-255,5738,176029,44,236185
16084,0.028901,172.31.46.0-255,66,176095,44,236185
16085,0.03088,172.217.194.0-255,5738,181833,44,236185
16086,0.030898,172.31.46.0-255,66,181899,44,236185
16087,0.032867,172.217.194.0-255,5738,187637,44,236185
16088,0.03288,172.31.46.0-255,66,187703,44,236185
16089,0.034826,172.217.194.0-255,5738,193441,44,236185
16090,0.034835,172.31.46.0-255,66,193507,44,236185
16091,0.036781,172.217.194.0-255,5738,199245,44,236185
16092,0.036788,172.31.46.0-255,66,199311,44,236185
16093,0.038326,172.31.46.0-255,172,199483,44,236185
16094,0.038361,172.31.46.0-255,1114,200597,44,236185
16095,0.038415,172.31.46.0-255,566,201163,44,236185
16096,0.038753,172.217.194.0-255,5738,206901,44,236185
16097,0.038759,172.31.46.0-255,66,206967,44,236185
16098,0.039844,104.244.42.0-255,66,207033,44,236185
16099,0.03989,104.244.42.0-255,66,207099,44,236185
16100,0.039925,104.244.42.0-255,66,207165,44,236185
16101,0.040716,172.217.194.0-255,5738,212903,44,236185
16102,0.040727,172.31.46.0-255,66,212969,44,236185
16103,0.042681,172.217.194.0-255,5738,218707,44,236185
16104,0.042688,172.31.46.0-255,66,218773,44,236185
16105,0.044638,172.217.194.0-255,5738,224511,44,236185
16106,0.044644,172.31.46.0-255,66,224577,44,236185
16107,0.046599,172.217.194.0-255,5738,230315,44,236185
16108,0.046606,172.31.46.0-255,66,230381,44,236185
16109,0.048571,172.217.194.0-255,5738,236119,44,236185
16110,0.048578,172.31.46.0-255,66,236185,44,236185
16111,0.0,74.125.130.0-255,153,153,44,201043
16112,2.3e-05,172.31.46.0-255,66,219,44,201043
16113,3e-05,74.125.130.0-255,1484,1703,44,201043
16114,3.4e-05,172.31.46.0-255,66,1769,44,201043
16115,4e-05,74.125.130.0-255,2902,4671,44,201043
16116,4.4e-05,172.31.46.0-255,66,4737,44,201043
16117,5e-05,74.125.130.0-255,4320,9057,44,201043
16118,5.4e-05,172.31.46.0-255,66,9123,44,201043
16119,7.6e-05,74.125.130.0-255,2902,12025,44,201043
16120,7.8e-05,172.31.46.0-255,66,12091,44,201043
16121,8.3e-05,74.125.130.0-255,2032,14123,44,201043
16122,8.5e-05,172.31.46.0-255,66,14189,44,201043
16123,0.000676,74.125.130.0-255,1484,15673,44,201043
16124,0.000682,172.31.46.0-255,66,15739,44,201043
16125,0.00069,74.125.130.0-255,1484,17223,44,201043
16126,0.000692,172.31.46.0-255,66,17289,44,201043
16127,0.000706,74.125.130.0-255,1484,18773,44,201043
16128,0.000708,172.31.46.0-255,66,18839,44,201043
16129,0.000759,74.125.130.0-255,5738,24577,44,201043
16130,0.000762,172.31.46.0-255,66,24643,44,201043
16131,0.000766,74.125.130.0-255,1484,26127,44,201043
16132,0.000768,172.31.46.0-255,66,26193,44,201043
16133,0.000773,74.125.130.0-255,2902,29095,44,201043
16134,0.000775,172.31.46.0-255,66,29161,44,201043
16135,0.00081,74.125.130.0-255,2543,31704,44,201043
16136,0.000813,172.31.46.0-255,66,31770,44,201043
16137,0.000845,74.125.130.0-255,2902,34672,44,201043
16138,0.000849,172.31.46.0-255,66,34738,44,201043
16139,0.000853,74.125.130.0-255,2902,37640,44,201043
16140,0.000856,172.31.46.0-255,66,37706,44,201043
16141,0.000868,74.125.130.0-255,1484,39190,44,201043
16142,0.00087,172.31.46.0-255,66,39256,44,201043
16143,0.000873,74.125.130.0-255,1484,40740,44,201043
16144,0.000896,74.125.130.0-255,4320,45060,44,201043
16145,0.0009,172.31.46.0-255,66,45126,44,201043
16146,0.000921,74.125.130.0-255,5738,50864,44,201043
16147,0.000924,172.31.46.0-255,66,50930,44,201043
16148,0.000942,74.125.130.0-255,1484,52414,44,201043
16149,0.000965,74.125.130.0-255,5738,58152,44,201043
16150,0.000968,172.31.46.0-255,66,58218,44,201043
16151,0.000972,74.125.130.0-255,1484,59702,44,201043
16152,0.001039,74.125.130.0-255,6438,66140,44,201043
16153,0.001044,172.31.46.0-255,66,66206,44,201043
16154,0.001064,74.125.130.0-255,341,66547,44,201043
16155,0.001076,74.125.130.0-255,403,66950,44,201043
16156,0.001633,74.125.130.0-255,1484,68434,44,201043
16157,0.00164,172.31.46.0-255,66,68500,44,201043
16158,0.001644,74.125.130.0-255,1484,69984,44,201043
16159,0.001649,74.125.130.0-255,2902,72886,44,201043
16160,0.001651,172.31.46.0-255,66,72952,44,201043
16161,0.001657,74.125.130.0-255,5738,78690,44,201043
16162,0.001659,172.31.46.0-255,66,78756,44,201043
16163,0.001683,74.125.130.0-255,1484,80240,44,201043
16164,0.001704,74.125.130.0-255,5738,85978,44,201043
16165,0.001706,172.31.46.0-255,66,86044,44,201043
16166,0.001718,172.31.46.0-255,66,86110,44,201043
16167,0.001746,74.125.130.0-255,1484,87594,44,201043
16168,0.001762,74.125.130.0-255,2184,89778,44,201043
16169,0.001765,172.31.46.0-255,66,89844,44,201043
16170,0.004402,74.125.130.0-255,1484,91328,44,201043
16171,0.00441,74.125.130.0-255,2902,94230,44,201043
16172,0.004415,172.31.46.0-255,66,94296,44,201043
16173,0.004434,74.125.130.0-255,1484,95780,44,201043
16174,0.006964,74.125.130.0-255,4320,100100,44,201043
16175,0.006972,172.31.46.0-255,66,100166,44,201043
16176,0.009527,74.125.130.0-255,5738,105904,44,201043
16177,0.009534,172.31.46.0-255,66,105970,44,201043
16178,0.012101,74.125.130.0-255,5738,111708,44,201043
16179,0.01211,172.31.46.0-255,66,111774,44,201043
16180,0.014672,74.125.130.0-255,5738,117512,44,201043
16181,0.014689,172.31.46.0-255,66,117578,44,201043
16182,0.017251,74.125.130.0-255,5738,123316,44,201043
16183,0.017267,172.31.46.0-255,66,123382,44,201043
16184,0.019843,74.125.130.0-255,5738,129120,44,201043
16185,0.019861,172.31.46.0-255,66,129186,44,201043
16186,0.022424,74.125.130.0-255,5738,134924,44,201043
16187,0.02244,172.31.46.0-255,66,134990,44,201043
16188,0.025005,74.125.130.0-255,5738,140728,44,201043
16189,0.025017,172.31.46.0-255,66,140794,44,201043
16190,0.027584,74.125.130.0-255,5738,146532,44,201043
16191,0.027601,172.31.46.0-255,66,146598,44,201043
16192,0.029293,172.31.46.0-255,172,146770,44,201043
16193,0.029325,172.31.46.0-255,1115,147885,44,201043
16194,0.029407,172.31.46.0-255,1514,149399,44,201043
16195,0.029409,172.31.46.0-255,1514,150913,44,201043
16196,0.029411,172.31.46.0-255,1514,152427,44,201043
16197,0.029416,172.31.46.0-255,1514,153941,44,201043
16198,0.029417,172.31.46.0-255,1514,155455,44,201043
16199,0.029418,172.31.46.0-255,70,155525,44,201043
16200,0.03016,74.125.130.0-255,5738,161263,44,201043
16201,0.03017,172.31.46.0-255,66,161329,44,201043
16202,0.030834,104.244.42.0-255,66,161395,44,201043
16203,0.030846,104.244.42.0-255,66,161461,44,201043
16204,0.030982,104.244.42.0-255,66,161527,44,201043
16205,0.030989,104.244.42.0-255,66,161593,44,201043
16206,0.031804,104.244.42.0-255,108,161701,44,201043
16207,0.031818,172.31.46.0-255,66,161767,44,201043
16208,0.03272,74.125.130.0-255,5738,167505,44,201043
16209,0.032729,172.31.46.0-255,66,167571,44,201043
16210,0.035317,74.125.130.0-255,4320,171891,44,201043
16211,0.035337,172.31.46.0-255,66,171957,44,201043
16212,0.035358,74.125.130.0-255,1484,173441,44,201043
16213,0.037918,74.125.130.0-255,4320,177761,44,201043
16214,0.037934,172.31.46.0-255,66,177827,44,201043
16215,0.040579,74.125.130.0-255,5738,183565,44,201043
16216,0.040596,172.31.46.0-255,66,183631,44,201043
16217,0.043188,74.125.130.0-255,5738,189369,44,201043
16218,0.043202,172.31.46.0-255,66,189435,44,201043
16219,0.045783,74.125.130.0-255,5738,195173,44,201043
16220,0.045798,172.31.46.0-255,66,195239,44,201043
16221,0.048389,74.125.130.0-255,5738,200977,44,201043
16222,0.048405,172.31.46.0-255,66,201043,44,201043
16223,0.0,74.125.130.0-255,153,153,44,300220
16224,3.3e-05,172.31.46.0-255,66,219,44,300220
16225,4.1e-05,74.125.130.0-255,1484,1703,44,300220
16226,4.6e-05,172.31.46.0-255,66,1769,44,300220
16227,5.1e-05,74.125.130.0-255,1484,3253,44,300220
16228,5.4e-05,172.31.46.0-255,66,3319,44,300220
16229,7.6e-05,74.125.130.0-255,1484,4803,44,300220
16230,7.9e-05,172.31.46.0-255,66,4869,44,300220
16231,8.5e-05,74.125.130.0-255,2902,7771,44,300220
16232,8.7e-05,172.31.46.0-255,66,7837,44,300220
16233,9.3e-05,74.125.130.0-255,4320,12157,44,300220
16234,9.6e-05,172.31.46.0-255,66,12223,44,300220
16235,0.000118,74.125.130.0-255,1484,13707,44,300220
16236,0.00012,172.31.46.0-255,66,13773,44,300220
16237,0.000141,172.31.46.0-255,66,13839,44,300220
16238,0.000153,74.125.130.0-255,1484,15323,44,300220
16239,0.000155,172.31.46.0-255,66,15389,44,300220
16240,0.000178,172.31.46.0-255,66,15455,44,300220
16241,0.000324,74.125.130.0-255,1484,16939,44,300220
16242,0.000327,172.31.46.0-255,66,17005,44,300220
16243,0.000343,74.125.130.0-255,2902,19907,44,300220
16244,0.000345,172.31.46.0-255,66,19973,44,300220
16245,0.000365,74.125.130.0-255,5738,25711,44,300220
16246,0.000368,172.31.46.0-255,66,25777,44,300220
16247,0.000373,74.125.130.0-255,2902,28679,44,300220
16248,0.000375,172.31.46.0-255,66,28745,44,300220
16249,0.00039,74.125.130.0-255,1484,30229,44,300220
16250,0.000392,172.31.46.0-255,66,30295,44,300220
16251,0.000419,74.125.130.0-255,5379,35674,44,300220
16252,0.000422,172.31.46.0-255,66,35740,44,300220
16253,0.000452,172.31.46.0-255,66,35806,44,300220
16254,0.000468,74.125.130.0-255,1484,37290,44,300220
16255,0.000475,74.125.130.0-255,2846,40136,44,300220
16256,0.000477,172.31.46.0-255,66,40202,44,300220
16257,0.000598,74.125.130.0-255,1484,41686,44,300220
16258,0.000605,74.125.130.0-255,2902,44588,44,300220
16259,0.000607,172.31.46.0-255,66,44654,44,300220
16260,0.000624,74.125.130.0-255,1484,46138,44,300220
16261,0.000644,74.125.130.0-255,4320,50458,44,300220
16262,0.000647,172.31.46.0-255,66,50524,44,300220
16263,0.000652,74.125.130.0-255,4320,54844,44,300220
16264,0.000656,172.31.46.0-255,66,54910,44,300220
16265,0.000668,74.125.130.0-255,2543,57453,44,300220
16266,0.000671,172.31.46.0-255,66,57519,44,300220
16267,0.000687,74.125.130.0-255,4320,61839,44,300220
16268,0.00069,172.31.46.0-255,66,61905,44,300220
16269,0.000713,74.125.130.0-255,4320,66225,44,300220
16270,0.000715,172.31.46.0-255,66,66291,44,300220
16271,0.000734,74.125.130.0-255,2902,69193,44,300220
16272,0.000736,172.31.46.0-255,66,69259,44,300220
16273,0.000755,74.125.130.0-255,5695,74954,44,300220
16274,0.000757,172.31.46.0-255,66,75020,44,300220
16275,0.000833,74.125.130.0-255,1484,76504,44,300220
16276,0.000852,74.125.130.0-255,2902,79406,44,300220
16277,0.000855,172.31.46.0-255,66,79472,44,300220
16278,0.000877,74.125.130.0-255,4320,83792,44,300220
16279,0.00088,172.31.46.0-255,66,83858,44,300220
16280,0.000906,74.125.130.0-255,1484,85342,44,300220
16281,0.000909,74.125.130.0-255,1484,86826,44,300220
16282,0.000911,172.31.46.0-255,66,86892,44,300220
16283,0.000916,74.125.130.0-255,2902,89794,44,300220
16284,0.000918,172.31.46.0-255,66,89860,44,300220
16285,0.000925,74.125.130.0-255,5738,95598,44,300220
16286,0.000928,172.31.46.0-255,66,95664,44,300220
16287,0.000955,74.125.130.0-255,7156,102820,44,300220
16288,0.000957,172.31.46.0-255,66,102886,44,300220
16289,0.000997,74.125.130.0-255,4320,107206,44,300220
16290,0.000999,172.31.46.0-255,66,107272,44,300220
16291,0.001017,74.125.130.0-255,2184,109456,44,300220
16292,0.001019,172.31.46.0-255,66,109522,44,300220
16293,0.001683,74.125.130.0-255,1484,111006,44,300220
16294,0.001691,74.125.130.0-255,2902,113908,44,300220
16295,0.001696,172.31.46.0-255,66,113974,44,300220
16296,0.001701,74.125.130.0-255,2902,116876,44,300220
16297,0.001703,172.31.46.0-255,66,116942,44,300220
16298,0.001722,74.125.130.0-255,4320,121262,44,300220
16299,0.001725,172.31.46.0-255,66,121328,44,300220
16300,0.001763,172.31.46.0-255,66,121394,44,300220
16301,0.001767,74.125.130.0-255,1484,122878,44,300220
16302,0.001792,172.31.46.0-255,66,122944,44,300220
16303,0.00184,74.125.130.0-255,3602,126546,44,300220
16304,0.001842,172.31.46.0-255,66,126612,44,300220
16305,0.002032,74.125.130.0-255,1484,128096,44,300220
16306,0.002037,74.125.130.0-255,1484,129580,44,300220
16307,0.00204,172.31.46.0-255,66,129646,44,300220
16308,0.002078,74.125.130.0-255,2902,132548,44,300220
16309,0.002081,172.31.46.0-255,66,132614,44,300220
16310,0.002084,74.125.130.0-255,1484,134098,44,300220
16311,0.002103,74.125.130.0-255,4320,138418,44,300220
16312,0.002106,172.31.46.0-255,66,138484,44,300220
16313,0.002109,74.125.130.0-255,1484,139968,44,300220
16314,0.002113,74.125.130.0-255,2902,142870,44,300220
16315,0.002143,172.31.46.0-255,66,142936,44,300220
16316,0.00215,74.125.130.0-255,5738,148674,44,300220
16317,0.002154,172.31.46.0-255,66,148740,44,300220
16318,0.002165,74.125.130.0-255,7156,155896,44,300220
16319,0.002169,172.31.46.0-255,66,155962,44,300220
16320,0.002194,74.125.130.0-255,1484,157446,44,300220
16321,0.002217,74.125.130.0-255,3602,161048,44,300220
16322,0.00222,172.31.46.0-255,66,161114,44,300220
16323,0.002463,74.125.130.0-255,1484,162598,44,300220
16324,0.00247,74.125.130.0-255,2902,165500,44,300220
16325,0.002474,172.31.46.0-255,66,165566,44,300220
16326,0.002494,74.125.130.0-255,2902,168468,44,300220
16327,0.002498,172.31.46.0-255,66,168534,44,300220
16328,0.002518,74.125.130.0-255,2902,171436,44,300220
16329,0.002521,172.31.46.0-255,66,171502,44,300220
16330,0.002523,74.125.130.0-255,1484,172986,44,300220
16331,0.002528,74.125.130.0-255,2902,175888,44,300220
16332,0.002531,172.31.46.0-255,66,175954,44,300220
16333,0.002535,74.125.130.0-255,2902,178856,44,300220
16334,0.002537,172.31.46.0-255,66,178922,44,300220
16335,0.002563,74.125.130.0-255,2902,181824,44,300220
16336,0.002566,172.31.46.0-255,66,181890,44,300220
16337,0.002572,74.125.130.0-255,4320,186210,44,300220
16338,0.002574,172.31.46.0-255,66,186276,44,300220
16339,0.00258,74.125.130.0-255,5738,192014,44,300220
16340,0.002582,172.31.46.0-255,66,192080,44,300220
16341,0.002623,74.125.130.0-255,6438,198518,44,300220
16342,0.002626,172.31.46.0-255,66,198584,44,300220
16343,0.002631,74.125.130.0-255,2902,201486,44,300220
16344,0.002633,172.31.46.0-255,66,201552,44,300220
16345,0.00524,74.125.130.0-255,5738,207290,44,300220
16346,0.005253,172.31.46.0-255,66,207356,44,300220
16347,0.007883,74.125.130.0-255,5738,213094,44,300220
16348,0.007901,172.31.46.0-255,66,213160,44,300220
16349,0.010523,74.125.130.0-255,5738,218898,44,300220
16350,0.010538,172.31.46.0-255,66,218964,44,300220
16351,0.013157,74.125.130.0-255,5738,224702,44,300220
16352,0.013166,172.31.46.0-255,66,224768,44,300220
16353,0.015793,74.125.130.0-255,5738,230506,44,300220
16354,0.015814,172.31.46.0-255,66,230572,44,300220
16355,0.01842,74.125.130.0-255,5738,236310,44,300220
16356,0.018439,172.31.46.0-255,66,236376,44,300220
16357,0.021067,74.125.130.0-255,5738,242114,44,300220
16358,0.021082,172.31.46.0-255,66,242180,44,300220
16359,0.023695,74.125.130.0-255,5738,247918,44,300220
16360,0.023712,172.31.46.0-255,66,247984,44,300220
16361,0.026329,74.125.130.0-255,5738,253722,44,300220
16362,0.02635,172.31.46.0-255,66,253788,44,300220
16363,0.028966,74.125.130.0-255,5738,259526,44,300220
16364,0.028979,172.31.46.0-255,66,259592,44,300220
16365,0.031609,74.125.130.0-255,5738,265330,44,300220
16366,0.031631,172.31.46.0-255,66,265396,44,300220
16367,0.034273,74.125.130.0-255,5738,271134,44,300220
16368,0.034293,172.31.46.0-255,66,271200,44,300220
16369,0.03693,74.125.130.0-255,5738,276938,44,300220
16370,0.03695,172.31.46.0-255,66,277004,44,300220
16371,0.039575,74.125.130.0-255,5738,282742,44,300220
16372,0.039595,172.31.46.0-255,66,282808,44,300220
16373,0.042213,74.125.130.0-255,5738,288546,44,300220
16374,0.042236,172.31.46.0-255,66,288612,44,300220
16375,0.044863,74.125.130.0-255,5738,294350,44,300220
16376,0.044882,172.31.46.0-255,66,294416,44,300220
16377,0.047508,74.125.130.0-255,5738,300154,44,300220
16378,0.047531,172.31.46.0-255,66,300220,44,300220
16379,0.0,172.217.194.0-255,153,153,44,224014
16380,1.3e-05,172.31.46.0-255,66,219,44,224014
16381,3.6e-05,172.217.194.0-255,1484,1703,44,224014
16382,4e-05,172.31.46.0-255,66,1769,44,224014
16383,4.5e-05,172.217.194.0-255,2902,4671,44,224014
16384,4.9e-05,172.31.46.0-255,66,4737,44,224014
16385,7.7e-05,172.217.194.0-255,5738,10475,44,224014
16386,8e-05,172.31.46.0-255,66,10541,44,224014
16387,8.5e-05,172.217.194.0-255,4320,14861,44,224014
16388,8.8e-05,172.31.46.0-255,66,14927,44,224014
16389,0.000106,172.217.194.0-255,6294,21221,44,224014
16390,0.000109,172.31.46.0-255,66,21287,44,224014
16391,0.000127,172.217.194.0-255,2902,24189,44,224014
16392,0.000129,172.31.46.0-255,66,24255,44,224014
16393,0.000143,172.217.194.0-255,6797,31052,44,224014
16394,0.000145,172.31.46.0-255,66,31118,44,224014
16395,0.000179,172.217.194.0-255,1484,32602,44,224014
16396,0.000181,172.31.46.0-255,66,32668,44,224014
16397,0.000184,172.217.194.0-255,1484,34152,44,224014
16398,0.000186,172.31.46.0-255,66,34218,44,224014
16399,0.0002,172.217.194.0-255,1484,35702,44,224014
16400,0.000202,172.31.46.0-255,66,35768,44,224014
16401,0.000209,172.217.194.0-255,5738,41506,44,224014
16402,0.000211,172.31.46.0-255,66,41572,44,224014
16403,0.000244,172.31.46.0-255,66,41638,44,224014
16404,0.000265,172.217.194.0-255,2543,44181,44,224014
16405,0.000267,172.31.46.0-255,66,44247,44,224014
16406,0.000277,172.31.46.0-255,66,44313,44,224014
16407,0.000279,172.217.194.0-255,431,44744,44,224014
16408,0.000281,172.31.46.0-255,66,44810,44,224014
16409,0.000313,172.217.194.0-255,1484,46294,44,224014
16410,0.000338,172.217.194.0-255,4320,50614,44,224014
16411,0.000417,172.217.194.0-255,5738,56352,44,224014
16412,0.00043,172.217.194.0-255,5379,61731,44,224014
16413,0.000444,172.217.194.0-255,4320,66051,44,224014
16414,0.00046,172.217.194.0-255,2543,68594,44,224014
16415,0.000504,172.31.46.0-255,66,68660,44,224014
16416,0.000703,172.217.194.0-255,1484,70144,44,224014
16417,0.00071,172.217.194.0-255,2902,73046,44,224014
16418,0.000728,172.217.194.0-255,5738,78784,44,224014
16419,0.000732,172.31.46.0-255,66,78850,44,224014
16420,0.000739,172.31.46.0-255,66,78916,44,224014
16421,0.000748,172.217.194.0-255,4320,83236,44,224014
16422,0.00077,172.31.46.0-255,66,83302,44,224014
16423,0.000783,172.217.194.0-255,1484,84786,44,224014
16424,0.000788,172.31.46.0-255,66,84852,44,224014
16425,0.000809,172.217.194.0-255,2902,87754,44,224014
16426,0.000814,172.31.46.0-255,66,87820,44,224014
16427,0.00084,172.217.194.0-255,6438,94258,44,224014
16428,0.000846,172.31.46.0-255,66,94324,44,224014
16429,0.00086,172.217.194.0-255,1484,95808,44,224014
16430,0.000864,172.217.194.0-255,2902,98710,44,224014
16431,0.000878,172.217.194.0-255,1484,100194,44,224014
16432,0.000883,172.31.46.0-255,66,100260,44,224014
16433,0.000894,172.217.194.0-255,4320,104580,44,224014
16434,0.000898,172.31.46.0-255,66,104646,44,224014
16435,0.000932,172.31.46.0-255,66,104712,44,224014
16436,0.000966,172.217.194.0-255,5738,110450,44,224014
16437,0.001003,172.31.46.0-255,66,110516,44,224014
16438,0.001087,172.217.194.0-255,1484,112000,44,224014
16439,0.001093,172.217.194.0-255,2902,114902,44,224014
16440,0.001095,172.217.194.0-255,1484,116386,44,224014
16441,0.001105,172.31.46.0-255,66,116452,44,224014
16442,0.001125,172.217.194.0-255,4320,120772,44,224014
16443,0.001144,172.217.194.0-255,4320,125092,44,224014
16444,0.001152,172.31.46.0-255,66,125158,44,224014
16445,0.001163,172.217.194.0-255,2902,128060,44,224014
16446,0.0012,172.31.46.0-255,66,128126,44,224014
16447,0.001219,172.217.194.0-255,1484,129610,44,224014
16448,0.001222,172.217.194.0-255,1484,131094,44,224014
16449,0.001227,172.31.46.0-255,66,131160,44,224014
16450,0.001236,172.217.194.0-255,1484,132644,44,224014
16451,0.001239,172.217.194.0-255,1484,134128,44,224014
16452,0.001253,172.217.194.0-255,4320,138448,44,224014
16453,0.001257,172.217.194.0-255,1484,139932,44,224014
16454,0.00127,172.31.46.0-255,66,139998,44,224014
16455,0.001287,172.217.194.0-255,7156,147154,44,224014
16456,0.001302,172.217.194.0-255,1484,148638,44,224014
16457,0.001319,172.217.194.0-255,5738,154376,44,224014
16458,0.001324,172.31.46.0-255,66,154442,44,224014
16459,0.001353,172.217.194.0-255,1484,155926,44,224014
16460,0.001361,172.31.46.0-255,66,155992,44,224014
16461,0.001383,172.217.194.0-255,2902,158894,44,224014
16462,0.00139,172.217.194.0-255,5738,164632,44,224014
16463,0.001394,172.31.46.0-255,66,164698,44,224014
16464,0.001403,172.217.194.0-255,2902,167600,44,224014
16465,0.001412,172.31.46.0-255,66,167666,44,224014
16466,0.001424,172.217.194.0-255,5738,173404,44,224014
16467,0.00144,172.217.194.0-255,4320,177724,44,224014
16468,0.001505,172.31.46.0-255,66,177790,44,224014
16469,0.001524,172.217.194.0-255,1484,179274,44,224014
16470,0.001531,172.217.194.0-255,2902,182176,44,224014
16471,0.001536,172.31.46.0-255,66,182242,44,224014
16472,0.001559,172.217.194.0-255,5738,187980,44,224014
16473,0.001564,172.31.46.0-255,66,188046,44,224014
16474,0.001575,172.217.194.0-255,7156,195202,44,224014
16475,0.001591,172.217.194.0-255,4320,199522,44,224014
16476,0.001593,172.217.194.0-255,1484,201006,44,224014
16477,0.001619,172.217.194.0-255,1484,202490,44,224014
16478,0.001625,172.31.46.0-255,66,202556,44,224014
16479,0.001677,172.217.194.0-255,4320,206876,44,224014
16480,0.001729,172.217.194.0-255,1484,208360,44,224014
16481,0.001796,172.217.194.0-255,5738,214098,44,224014
16482,0.001799,172.217.194.0-255,216,214314,44,224014
16483,0.001801,172.217.194.0-255,105,214419,44,224014
16484,0.007399,172.31.46.0-255,66,214485,44,224014
16485,0.008765,172.31.46.0-255,101,214586,44,224014
16486,0.010048,172.31.46.0-255,105,214691,44,224014
16487,0.010812,172.217.194.0-255,66,214757,44,224014
16488,0.012102,172.217.194.0-255,66,214823,44,224014
16489,0.038413,172.31.46.0-255,172,214995,44,224014
16490,0.03845,172.31.46.0-255,1114,216109,44,224014
16491,0.038516,172.31.46.0-255,1514,217623,44,224014
16492,0.038517,172.31.46.0-255,1514,219137,44,224014
16493,0.038523,172.31.46.0-255,1514,220651,44,224014
16494,0.038525,172.31.46.0-255,1514,222165,44,224014
16495,0.038543,172.31.46.0-255,1514,223679,44,224014
16496,0.038545,172.31.46.0-255,71,223750,44,224014
16497,0.03994,104.244.42.0-255,66,223816,44,224014
16498,0.040018,104.244.42.0-255,66,223882,44,224014
16499,0.040052,104.244.42.0-255,66,223948,44,224014
16500,0.0401,104.244.42.0-255,66,224014,44,224014
16501,0.0,74.125.200.0-255,150,150,44,263568
16502,2.5e-05,172.31.46.0-255,66,216,44,263568
16503,3.2e-05,74.125.200.0-255,1484,1700,44,263568
16504,3.7e-05,172.31.46.0-255,66,1766,44,263568
16505,5e-05,74.125.200.0-255,2902,4668,44,263568
16506,5.2e-05,172.31.46.0-255,66,4734,44,263568
16507,5.9e-05,74.125.200.0-255,5738,10472,44,263568
16508,6.2e-05,172.31.46.0-255,66,10538,44,263568
16509,6.7e-05,74.125.200.0-255,3396,13934,44,263568
16510,7.1e-05,172.31.46.0-255,66,14000,44,263568
16511,0.000115,74.125.200.0-255,1484,15484,44,263568
16512,0.000119,172.31.46.0-255,66,15550,44,263568
16513,0.000123,74.125.200.0-255,2902,18452,44,263568
16514,0.000125,172.31.46.0-255,66,18518,44,263568
16515,0.000135,74.125.200.0-255,2902,21420,44,263568
16516,0.000137,172.31.46.0-255,66,21486,44,263568
16517,0.000166,74.125.200.0-255,2902,24388,44,263568
16518,0.000169,172.31.46.0-255,66,24454,44,263568
16519,0.000173,74.125.200.0-255,1484,25938,44,263568
16520,0.000175,172.31.46.0-255,66,26004,44,263568
16521,0.000179,74.125.200.0-255,2902,28906,44,263568
16522,0.000186,172.31.46.0-255,66,28972,44,263568
16523,0.000216,74.125.200.0-255,2543,31515,44,263568
16524,0.000219,172.31.46.0-255,66,31581,44,263568
16525,0.000245,74.125.200.0-255,2902,34483,44,263568
16526,0.000247,172.31.46.0-255,66,34549,44,263568
16527,0.000295,74.125.200.0-255,2902,37451,44,263568
16528,0.000297,172.31.46.0-255,66,37517,44,263568
16529,0.000302,74.125.200.0-255,4320,41837,44,263568
16530,0.000305,172.31.46.0-255,66,41903,44,263568
16531,0.000338,74.125.200.0-255,6797,48700,44,263568
16532,0.000341,172.31.46.0-255,66,48766,44,263568
16533,0.000435,74.125.200.0-255,1484,50250,44,263568
16534,0.000441,74.125.200.0-255,2902,53152,44,263568
16535,0.000454,74.125.200.0-255,2902,56054,44,263568
16536,0.000477,74.125.200.0-255,4320,60374,44,263568
16537,0.000503,74.125.200.0-255,1484,61858,44,263568
16538,0.000515,74.125.200.0-255,3961,65819,44,263568
16539,0.0006,74.125.200.0-255,393,66212,44,263568
16540,0.00063,74.125.200.0-255,350,66562,44,263568
16541,0.000639,172.31.46.0-255,66,66628,44,263568
16542,0.000906,74.125.200.0-255,1484,68112,44,263568
16543,0.000935,74.125.200.0-255,2902,71014,44,263568
16544,0.000955,172.31.46.0-255,66,71080,44,263568
16545,0.000962,74.125.200.0-255,5738,76818,44,263568
16546,0.000983,74.125.200.0-255,2902,79720,44,263568
16547,0.000985,172.31.46.0-255,66,79786,44,263568
16548,0.001021,74.125.200.0-255,4320,84106,44,263568
16549,0.001026,74.125.200.0-255,2902,87008,44,263568
16550,0.001039,74.125.200.0-255,1484,88492,44,263568
16551,0.001061,74.125.200.0-255,5738,94230,44,263568
16552,0.001065,74.125.200.0-255,1484,95714,44,263568
16553,0.001083,74.125.200.0-255,1484,97198,44,263568
16554,0.001088,74.125.200.0-255,3602,100800,44,263568
16555,0.001091,172.31.46.0-255,66,100866,44,263568
16556,0.001102,172.31.46.0-255,66,100932,44,263568
16557,0.001645,74.125.200.0-255,1484,102416,44,263568
16558,0.001665,74.125.200.0-255,2902,105318,44,263568
16559,0.001669,172.31.46.0-255,66,105384,44,263568
16560,0.001675,74.125.200.0-255,4320,109704,44,263568
16561,0.001698,74.125.200.0-255,1484,111188,44,263568
16562,0.001705,74.125.200.0-255,7156,118344,44,263568
16563,0.00172,74.125.200.0-255,1484,119828,44,263568
16564,0.001774,74.125.200.0-255,2184,122012,44,263568
16565,0.001785,172.31.46.0-255,66,122078,44,263568
16566,0.003799,74.125.200.0-255,5738,127816,44,263568
16567,0.003809,172.31.46.0-255,66,127882,44,263568
16568,0.005826,74.125.200.0-255,5738,133620,44,263568
16569,0.005937,172.31.46.0-255,66,133686,44,263568
16570,0.007937,74.125.200.0-255,5738,139424,44,263568
16571,0.007943,172.31.46.0-255,66,139490,44,263568
16572,0.009955,74.125.200.0-255,5738,145228,44,263568
16573,0.009966,172.31.46.0-255,66,145294,44,263568
16574,0.01198,74.125.200.0-255,5738,151032,44,263568
16575,0.011995,172.31.46.0-255,66,151098,44,263568
16576,0.014012,74.125.200.0-255,5738,156836,44,263568
16577,0.014024,172.31.46.0-255,66,156902,44,263568
16578,0.01605,74.125.200.0-255,5738,162640,44,263568
16579,0.016062,172.31.46.0-255,66,162706,44,263568
16580,0.018086,74.125.200.0-255,5738,168444,44,263568
16581,0.018101,172.31.46.0-255,66,168510,44,263568
16582,0.020112,74.125.200.0-255,5738,174248,44,263568
16583,0.020118,172.31.46.0-255,66,174314,44,263568
16584,0.020768,172.31.46.0-255,172,174486,44,263568
16585,0.020796,172.31.46.0-255,1113,175599,44,263568
16586,0.020864,172.31.46.0-255,1514,177113,44,263568
16587,0.020866,172.31.46.0-255,1514,178627,44,263568
16588,0.020867,172.31.46.0-255,1514,180141,44,263568
16589,0.020868,172.31.46.0-255,1514,181655,44,263568
16590,0.020869,172.31.46.0-255,557,182212,44,263568
16591,0.022152,74.125.200.0-255,5738,187950,44,263568
16592,0.022159,172.31.46.0-255,66,188016,44,263568
16593,0.022919,104.244.42.0-255,66,188082,44,263568
16594,0.024154,74.125.200.0-255,4320,192402,44,263568
16595,0.02416,172.31.46.0-255,66,192468,44,263568
16596,0.024194,74.125.200.0-255,1484,193952,44,263568
16597,0.026167,74.125.200.0-255,4320,198272,44,263568
16598,0.026172,172.31.46.0-255,66,198338,44,263568
16599,0.028185,74.125.200.0-255,2902,201240,44,263568
16600,0.02819,172.31.46.0-255,66,201306,44,263568
16601,0.028226,74.125.200.0-255,2902,204208,44,263568
16602,0.028246,172.31.46.0-255,66,204274,44,263568
16603,0.030201,74.125.200.0-255,2902,207176,44,263568
16604,0.030206,172.31.46.0-255,66,207242,44,263568
16605,0.030278,74.125.200.0-255,2902,210144,44,263568
16606,0.030292,172.31.46.0-255,66,210210,44,263568
16607,0.032214,74.125.200.0-255,2902,213112,44,263568
16608,0.032222,172.31.46.0-255,66,213178,44,263568
16609,0.032278,74.125.200.0-255,2902,216080,44,263568
16610,0.032299,172.31.46.0-255,66,216146,44,263568
16611,0.034228,74.125.200.0-255,2902,219048,44,263568
16612,0.034235,172.31.46.0-255,66,219114,44,263568
16613,0.034287,74.125.200.0-255,2902,222016,44,263568
16614,0.034295,172.31.46.0-255,66,222082,44,263568
16615,0.036243,74.125.200.0-255,2902,224984,44,263568
16616,0.036252,172.31.46.0-255,66,225050,44,263568
16617,0.036291,74.125.200.0-255,2902,227952,44,263568
16618,0.036316,172.31.46.0-255,66,228018,44,263568
16619,0.038252,74.125.200.0-255,2902,230920,44,263568
16620,0.038259,172.31.46.0-255,66,230986,44,263568
16621,0.038312,74.125.200.0-255,2902,233888,44,263568
16622,0.03835,172.31.46.0-255,66,233954,44,263568
16623,0.040268,74.125.200.0-255,2902,236856,44,263568
16624,0.040279,172.31.46.0-255,66,236922,44,263568
16625,0.040372,74.125.200.0-255,2902,239824,44,263568
16626,0.040407,172.31.46.0-255,66,239890,44,263568
16627,0.042295,74.125.200.0-255,2902,242792,44,263568
16628,0.042313,172.31.46.0-255,66,242858,44,263568
16629,0.042414,74.125.200.0-255,2902,245760,44,263568
16630,0.042427,172.31.46.0-255,66,245826,44,263568
16631,0.044345,74.125.200.0-255,2902,248728,44,263568
16632,0.044359,172.31.46.0-255,66,248794,44,263568
16633,0.044427,74.125.200.0-255,2902,251696,44,263568
16634,0.044461,172.31.46.0-255,66,251762,44,263568
16635,0.046378,74.125.200.0-255,2902,254664,44,263568
16636,0.046391,172.31.46.0-255,66,254730,44,263568
16637,0.046451,74.125.200.0-255,2902,257632,44,263568
16638,0.046497,172.31.46.0-255,66,257698,44,263568
16639,0.048411,74.125.200.0-255,1484,259182,44,263568
16640,0.048504,74.125.200.0-255,4320,263502,44,263568
16641,0.04853,172.31.46.0-255,66,263568,44,263568
16642,0.0,172.217.27.0-255,153,153,44,235922
16643,2.3e-05,172.31.46.0-255,66,219,44,235922
16644,3.2e-05,172.217.27.0-255,1484,1703,44,235922
16645,3.6e-05,172.31.46.0-255,66,1769,44,235922
16646,5e-05,172.217.27.0-255,2902,4671,44,235922
16647,5.4e-05,172.31.46.0-255,66,4737,44,235922
16648,6.1e-05,172.217.27.0-255,4320,9057,44,235922
16649,6.4e-05,172.31.46.0-255,66,9123,44,235922
16650,8.6e-05,172.217.27.0-255,1484,10607,44,235922
16651,9.3e-05,172.31.46.0-255,66,10673,44,235922
16652,0.000175,172.217.27.0-255,3476,14149,44,235922
16653,0.000178,172.31.46.0-255,66,14215,44,235922
16654,0.000233,172.217.27.0-255,1484,15699,44,235922
16655,0.000235,172.31.46.0-255,66,15765,44,235922
16656,0.000241,172.217.27.0-255,2902,18667,44,235922
16657,0.000243,172.31.46.0-255,66,18733,44,235922
16658,0.000275,172.217.27.0-255,2902,21635,44,235922
16659,0.000278,172.31.46.0-255,66,21701,44,235922
16660,0.000305,172.217.27.0-255,2902,24603,44,235922
16661,0.000308,172.31.46.0-255,66,24669,44,235922
16662,0.000354,172.217.27.0-255,5738,30407,44,235922
16663,0.000357,172.31.46.0-255,66,30473,44,235922
16664,0.000385,172.217.27.0-255,1125,31598,44,235922
16665,0.000387,172.31.46.0-255,66,31664,44,235922
16666,0.000444,172.217.27.0-255,7156,38820,44,235922
16667,0.000447,172.31.46.0-255,66,38886,44,235922
16668,0.000471,172.217.27.0-255,1484,40370,44,235922
16669,0.000473,172.31.46.0-255,66,40436,44,235922
16670,0.00056,172.31.46.0-255,66,40502,44,235922
16671,0.001162,172.217.27.0-255,1484,41986,44,235922
16672,0.001168,172.31.46.0-255,66,42052,44,235922
16673,0.001179,172.217.27.0-255,2902,44954,44,235922
16674,0.001203,172.217.27.0-255,5738,50692,44,235922
16675,0.00127,172.217.27.0-255,4320,55012,44,235922
16676,0.001285,172.217.27.0-255,3123,58135,44,235922
16677,0.001361,172.217.27.0-255,4320,62455,44,235922
16678,0.001379,172.217.27.0-255,4320,66775,44,235922
16679,0.001481,172.217.27.0-255,7156,73931,44,235922
16680,0.001721,172.217.27.0-255,6438,80369,44,235922
16681,0.001798,172.217.27.0-255,4320,84689,44,235922
16682,0.001818,172.217.27.0-255,5738,90427,44,235922
16683,0.001842,172.217.27.0-255,6133,96560,44,235922
16684,0.007063,172.31.46.0-255,66,96626,44,235922
16685,0.008744,172.217.27.0-255,5738,102364,44,235922
16686,0.008757,172.31.46.0-255,66,102430,44,235922
16687,0.010414,172.217.27.0-255,5738,108168,44,235922
16688,0.011438,172.31.46.0-255,66,108234,44,235922
16689,0.013103,172.217.27.0-255,5738,113972,44,235922
16690,0.013118,172.31.46.0-255,66,114038,44,235922
16691,0.014788,172.217.27.0-255,5738,119776,44,235922
16692,0.014799,172.31.46.0-255,66,119842,44,235922
16693,0.01651,172.217.27.0-255,5738,125580,44,235922
16694,0.01653,172.31.46.0-255,66,125646,44,235922
16695,0.018183,172.217.27.0-255,5738,131384,44,235922
16696,0.018192,172.31.46.0-255,66,131450,44,235922
16697,0.019854,172.217.27.0-255,5738,137188,44,235922
16698,0.019862,172.31.46.0-255,66,137254,44,235922
16699,0.02152,172.217.27.0-255,5738,142992,44,235922
16700,0.021528,172.31.46.0-255,66,143058,44,235922
16701,0.023184,172.217.27.0-255,5738,148796,44,235922
16702,0.0232,172.31.46.0-255,66,148862,44,235922
16703,0.024854,172.217.27.0-255,5738,154600,44,235922
16704,0.024864,172.31.46.0-255,66,154666,44,235922
16705,0.026531,172.217.27.0-255,5738,160404,44,235922
16706,0.026539,172.31.46.0-255,66,160470,44,235922
16707,0.028202,172.217.27.0-255,5738,166208,44,235922
16708,0.028212,172.31.46.0-255,66,166274,44,235922
16709,0.029872,172.217.27.0-255,5738,172012,44,235922
16710,0.029881,172.31.46.0-255,66,172078,44,235922
16711,0.03154,172.217.27.0-255,5738,177816,44,235922
16712,0.031548,172.31.46.0-255,66,177882,44,235922
16713,0.03321,172.217.27.0-255,5738,183620,44,235922
16714,0.033218,172.31.46.0-255,66,183686,44,235922
16715,0.034894,172.217.27.0-255,5738,189424,44,235922
16716,0.034903,172.31.46.0-255,66,189490,44,235922
16717,0.036578,172.217.27.0-255,5738,195228,44,235922
16718,0.036589,172.31.46.0-255,66,195294,44,235922
16719,0.038256,172.217.27.0-255,5738,201032,44,235922
16720,0.038267,172.31.46.0-255,66,201098,44,235922
16721,0.039927,172.217.27.0-255,5738,206836,44,235922
16722,0.03994,172.31.46.0-255,66,206902,44,235922
16723,0.041599,172.217.27.0-255,5738,212640,44,235922
16724,0.043042,172.31.46.0-255,66,212706,44,235922
16725,0.044722,172.217.27.0-255,5738,218444,44,235922
16726,0.044736,172.31.46.0-255,66,218510,44,235922
16727,0.046402,172.217.27.0-255,5738,224248,44,235922
16728,0.046418,172.31.46.0-255,66,224314,44,235922
16729,0.048073,172.217.27.0-255,5738,230052,44,235922
16730,0.048083,172.31.46.0-255,66,230118,44,235922
16731,0.049757,172.217.27.0-255,5738,235856,44,235922
16732,0.049768,172.31.46.0-255,66,235922,44,235922
16733,0.0,172.217.194.0-255,153,153,44,174585
16734,2.7e-05,172.31.46.0-255,66,219,44,174585
16735,3.4e-05,172.217.194.0-255,1484,1703,44,174585
16736,3.8e-05,172.31.46.0-255,66,1769,44,174585
16737,4.4e-05,172.217.194.0-255,2902,4671,44,174585
16738,4.7e-05,172.31.46.0-255,66,4737,44,174585
16739,5.5e-05,172.217.194.0-255,7156,11893,44,174585
16740,5.8e-05,172.31.46.0-255,66,11959,44,174585
16741,7.5e-05,172.31.46.0-255,66,12025,44,174585
16742,7.9e-05,172.217.194.0-255,2543,14568,44,174585
16743,8.4e-05,172.31.46.0-255,66,14634,44,174585
16744,0.000105,172.217.194.0-255,1484,16118,44,174585
16745,0.000108,172.31.46.0-255,66,16184,44,174585
16746,0.000135,172.217.194.0-255,1484,17668,44,174585
16747,0.000137,172.31.46.0-255,66,17734,44,174585
16748,0.000152,172.217.194.0-255,1484,19218,44,174585
16749,0.000155,172.31.46.0-255,66,19284,44,174585
16750,0.000162,172.217.194.0-255,5738,25022,44,174585
16751,0.000164,172.31.46.0-255,66,25088,44,174585
16752,0.000179,172.31.46.0-255,66,25154,44,174585
16753,0.000206,172.217.194.0-255,5738,30892,44,174585
16754,0.000209,172.31.46.0-255,66,30958,44,174585
16755,0.000231,172.217.194.0-255,4252,35210,44,174585
16756,0.000233,172.31.46.0-255,66,35276,44,174585
16757,0.000235,172.217.194.0-255,99,35375,44,174585
16758,0.000238,172.31.46.0-255,66,35441,44,174585
16759,0.000331,172.217.194.0-255,1484,36925,44,174585
16760,0.000334,172.31.46.0-255,66,36991,44,174585
16761,0.000339,172.217.194.0-255,2902,39893,44,174585
16762,0.000342,172.31.46.0-255,66,39959,44,174585
16763,0.000356,172.217.194.0-255,1484,41443,44,174585
16764,0.000363,172.217.194.0-255,2902,44345,44,174585
16765,0.000366,172.31.46.0-255,66,44411,44,174585
16766,0.000391,172.217.194.0-255,5738,50149,44,174585
16767,0.000394,172.31.46.0-255,66,50215,44,174585
16768,0.000431,172.31.46.0-255,66,50281,44,174585
16769,0.000438,172.217.194.0-255,5653,55934,44,174585
16770,0.00044,172.31.46.0-255,66,56000,44,174585
16771,0.000481,172.217.194.0-255,1484,57484,44,174585
16772,0.000494,172.217.194.0-255,2902,60386,44,174585
16773,0.000497,172.31.46.0-255,66,60452,44,174585
16774,0.000503,172.217.194.0-255,5738,66190,44,174585
16775,0.000506,172.31.46.0-255,66,66256,44,174585
16776,0.000532,172.217.194.0-255,7156,73412,44,174585
16777,0.000535,172.31.46.0-255,66,73478,44,174585
16778,0.000538,172.217.194.0-255,1484,74962,44,174585
16779,0.000568,172.31.46.0-255,66,75028,44,174585
16780,0.000573,172.217.194.0-255,2184,77212,44,174585
16781,0.000575,172.31.46.0-255,66,77278,44,174585
16782,0.000628,172.31.46.0-255,66,77344,44,174585
16783,0.000658,172.31.46.0-255,66,77410,44,174585
16784,0.000683,172.31.46.0-255,66,77476,44,174585
16785,0.000699,172.217.194.0-255,3602,81078,44,174585
16786,0.000701,172.31.46.0-255,66,81144,44,174585
16787,0.000714,172.217.194.0-255,1484,82628,44,174585
16788,0.00072,172.217.194.0-255,2902,85530,44,174585
16789,0.000722,172.31.46.0-255,66,85596,44,174585
16790,0.00075,172.217.194.0-255,5738,91334,44,174585
16791,0.000752,172.31.46.0-255,66,91400,44,174585
16792,0.000758,172.217.194.0-255,4320,95720,44,174585
16793,0.00076,172.31.46.0-255,66,95786,44,174585
16794,0.000784,172.31.46.0-255,66,95852,44,174585
16795,0.000795,172.31.46.0-255,66,95918,44,174585
16796,0.000814,172.217.194.0-255,766,96684,44,174585
16797,0.000829,172.217.194.0-255,1484,98168,44,174585
16798,0.000832,172.31.46.0-255,66,98234,44,174585
16799,0.000853,172.217.194.0-255,4320,102554,44,174585
16800,0.000855,172.31.46.0-255,66,102620,44,174585
16801,0.000859,172.217.194.0-255,1484,104104,44,174585
16802,0.000883,172.31.46.0-255,66,104170,44,174585
16803,0.000894,172.31.46.0-255,66,104236,44,174585
16804,0.000973,172.31.46.0-255,66,104302,44,174585
16805,0.000991,172.31.46.0-255,66,104368,44,174585
16806,0.001005,172.31.46.0-255,66,104434,44,174585
16807,0.001071,172.217.194.0-255,1484,105918,44,174585
16808,0.001077,172.217.194.0-255,2902,108820,44,174585
16809,0.001079,172.31.46.0-255,66,108886,44,174585
16810,0.001083,172.217.194.0-255,1484,110370,44,174585
16811,0.001102,172.217.194.0-255,4320,114690,44,174585
16812,0.001105,172.31.46.0-255,66,114756,44,174585
16813,0.001108,172.217.194.0-255,1484,116240,44,174585
16814,0.001139,172.217.194.0-255,7156,123396,44,174585
16815,0.00115,172.31.46.0-255,66,123462,44,174585
16816,0.001154,172.31.46.0-255,66,123528,44,174585
16817,0.001182,172.217.194.0-255,3602,127130,44,174585
16818,0.001185,172.31.46.0-255,66,127196,44,174585
16819,0.001245,172.217.194.0-255,1484,128680,44,174585
16820,0.00125,172.217.194.0-255,2902,131582,44,174585
16821,0.001253,172.31.46.0-255,66,131648,44,174585
16822,0.001278,172.217.194.0-255,5738,137386,44,174585
16823,0.00128,172.31.46.0-255,66,137452,44,174585
16824,0.001285,172.217.194.0-255,2902,140354,44,174585
16825,0.001288,172.31.46.0-255,66,140420,44,174585
16826,0.001312,172.31.46.0-255,66,140486,44,174585
16827,0.001315,172.217.194.0-255,1484,141970,44,174585
16828,0.00133,172.31.46.0-255,66,142036,44,174585
16829,0.001368,172.217.194.0-255,3602,145638,44,174585
16830,0.001385,172.31.46.0-255,66,145704,44,174585
16831,0.001393,172.31.46.0-255,66,145770,44,174585
16832,0.001401,172.217.194.0-255,7156,152926,44,174585
16833,0.001403,172.31.46.0-255,66,152992,44,174585
16834,0.00144,172.31.46.0-255,66,153058,44,174585
16835,0.001448,172.217.194.0-255,5738,158796,44,174585
16836,0.00145,172.31.46.0-255,66,158862,44,174585
16837,0.001491,172.31.46.0-255,66,158928,44,174585
16838,0.001499,172.217.194.0-255,5885,164813,44,174585
16839,0.001502,172.31.46.0-255,66,164879,44,174585
16840,0.001505,172.217.194.0-255,105,164984,44,174585
16841,0.004605,172.31.46.0-255,66,165050,44,174585
16842,0.00465,172.31.46.0-255,105,165155,44,174585
16843,0.007137,172.217.194.0-255,66,165221,44,174585
16844,0.040898,172.31.46.0-255,172,165393,44,174585
16845,0.040935,172.31.46.0-255,1114,166507,44,174585
16846,0.041007,172.31.46.0-255,1514,168021,44,174585
16847,0.041008,172.31.46.0-255,1514,169535,44,174585
16848,0.04101,172.31.46.0-255,1514,171049,44,174585
16849,0.041011,172.31.46.0-255,1514,172563,44,174585
16850,0.041046,172.31.46.0-255,1514,174077,44,174585
16851,0.041051,172.31.46.0-255,70,174147,44,174585
16852,0.042432,104.244.42.0-255,66,174213,44,174585
16853,0.042466,104.244.42.0-255,66,174279,44,174585
16854,0.042537,104.244.42.0-255,66,174345,44,174585
16855,0.042579,104.244.42.0-255,66,174411,44,174585
16856,0.043189,104.244.42.0-255,108,174519,44,174585
16857,0.043201,172.31.46.0-255,66,174585,44,174585
16858,0.0,172.217.194.0-255,152,152,44,247922
16859,1.5e-05,172.31.46.0-255,66,218,44,247922
16860,2.1e-05,172.217.194.0-255,1484,1702,44,247922
16861,2.5e-05,172.31.46.0-255,66,1768,44,247922
16862,3e-05,172.217.194.0-255,2902,4670,44,247922
16863,3.2e-05,172.31.46.0-255,66,4736,44,247922
16864,3.9e-05,172.217.194.0-255,7156,11892,44,247922
16865,4.2e-05,172.31.46.0-255,66,11958,44,247922
16866,5.8e-05,172.217.194.0-255,2104,14062,44,247922
16867,6e-05,172.31.46.0-255,66,14128,44,247922
16868,8.7e-05,172.217.194.0-255,2902,17030,44,247922
16869,8.9e-05,172.31.46.0-255,66,17096,44,247922
16870,9.3e-05,172.217.194.0-255,2902,19998,44,247922
16871,9.4e-05,172.31.46.0-255,66,20064,44,247922
16872,0.000109,172.217.194.0-255,4320,24384,44,247922
16873,0.000111,172.31.46.0-255,66,24450,44,247922
16874,0.000132,172.217.194.0-255,1484,25934,44,247922
16875,0.000133,172.31.46.0-255,66,26000,44,247922
16876,0.00015,172.217.194.0-255,4320,30320,44,247922
16877,0.000152,172.31.46.0-255,66,30386,44,247922
16878,0.000167,172.217.194.0-255,1484,31870,44,247922
16879,0.000169,172.31.46.0-255,66,31936,44,247922
16880,0.000193,172.31.46.0-255,66,32002,44,247922
16881,0.000216,172.217.194.0-255,4320,36322,44,247922
16882,0.000218,172.31.46.0-255,66,36388,44,247922
16883,0.000237,172.217.194.0-255,3961,40349,44,247922
16884,0.000239,172.31.46.0-255,66,40415,44,247922
16885,0.000242,172.217.194.0-255,1484,41899,44,247922
16886,0.000243,172.31.46.0-255,66,41965,44,247922
16887,0.000266,172.217.194.0-255,7156,49121,44,247922
16888,0.000268,172.31.46.0-255,66,49187,44,247922
16889,0.000291,172.217.194.0-255,1484,50671,44,247922
16890,0.000309,172.217.194.0-255,7071,57742,44,247922
16891,0.000311,172.31.46.0-255,66,57808,44,247922
16892,0.000314,172.217.194.0-255,114,57922,44,247922
16893,0.000346,172.217.194.0-255,387,58309,44,247922
16894,0.000474,172.217.194.0-255,1484,59793,44,247922
16895,0.000477,172.31.46.0-255,66,59859,44,247922
16896,0.000483,172.217.194.0-255,2902,62761,44,247922
16897,0.000485,172.31.46.0-255,66,62827,44,247922
16898,0.000488,172.217.194.0-255,2902,65729,44,247922
16899,0.000491,172.31.46.0-255,66,65795,44,247922
16900,0.000506,172.217.194.0-255,2902,68697,44,247922
16901,0.000508,172.31.46.0-255,66,68763,44,247922
16902,0.00053,172.217.194.0-255,6797,75560,44,247922
16903,0.000534,172.31.46.0-255,66,75626,44,247922
16904,0.001043,172.217.194.0-255,1484,77110,44,247922
16905,0.001047,172.217.194.0-255,1484,78594,44,247922
16906,0.00105,172.31.46.0-255,66,78660,44,247922
16907,0.001068,172.217.194.0-255,1484,80144,44,247922
16908,0.001075,172.217.194.0-255,5738,85882,44,247922
16909,0.001077,172.31.46.0-255,66,85948,44,247922
16910,0.001097,172.217.194.0-255,4320,90268,44,247922
16911,0.001099,172.31.46.0-255,66,90334,44,247922
16912,0.001115,172.217.194.0-255,2902,93236,44,247922
16913,0.001117,172.31.46.0-255,66,93302,44,247922
16914,0.001143,172.31.46.0-255,66,93368,44,247922
16915,0.001175,172.217.194.0-255,1484,94852,44,247922
16916,0.001196,172.31.46.0-255,66,94918,44,247922
16917,0.001215,172.217.194.0-255,2902,97820,44,247922
16918,0.001217,172.31.46.0-255,66,97886,44,247922
16919,0.001234,172.217.194.0-255,1484,99370,44,247922
16920,0.001257,172.31.46.0-255,66,99436,44,247922
16921,0.003217,172.217.194.0-255,5738,105174,44,247922
16922,0.003224,172.31.46.0-255,66,105240,44,247922
16923,0.005197,172.217.194.0-255,5738,110978,44,247922
16924,0.005202,172.31.46.0-255,66,111044,44,247922
16925,0.00718,172.217.194.0-255,5738,116782,44,247922
16926,0.007186,172.31.46.0-255,66,116848,44,247922
16927,0.009182,172.217.194.0-255,5738,122586,44,247922
16928,0.009189,172.31.46.0-255,66,122652,44,247922
16929,0.011169,172.217.194.0-255,5738,128390,44,247922
16930,0.011175,172.31.46.0-255,66,128456,44,247922
16931,0.013156,172.217.194.0-255,5738,134194,44,247922
16932,0.013163,172.31.46.0-255,66,134260,44,247922
16933,0.015173,172.217.194.0-255,5738,139998,44,247922
16934,0.015179,172.31.46.0-255,66,140064,44,247922
16935,0.017143,172.217.194.0-255,5738,145802,44,247922
16936,0.017149,172.31.46.0-255,66,145868,44,247922
16937,0.01917,172.217.194.0-255,5738,151606,44,247922
16938,0.019179,172.31.46.0-255,66,151672,44,247922
16939,0.021153,172.217.194.0-255,5738,157410,44,247922
16940,0.021159,172.31.46.0-255,66,157476,44,247922
16941,0.023132,172.217.194.0-255,5738,163214,44,247922
16942,0.02314,172.31.46.0-255,66,163280,44,247922
16943,0.025114,172.217.194.0-255,5738,169018,44,247922
16944,0.02512,172.31.46.0-255,66,169084,44,247922
16945,0.027127,172.217.194.0-255,5738,174822,44,247922
16946,0.027133,172.31.46.0-255,66,174888,44,247922
16947,0.029104,172.217.194.0-255,5738,180626,44,247922
16948,0.029113,172.31.46.0-255,66,180692,44,247922
16949,0.031099,172.217.194.0-255,5738,186430,44,247922
16950,0.031106,172.31.46.0-255,66,186496,44,247922
16951,0.032372,172.31.46.0-255,172,186668,44,247922
16952,0.032399,172.31.46.0-255,1114,187782,44,247922
16953,0.032453,172.31.46.0-255,1514,189296,44,247922
16954,0.032454,172.31.46.0-255,1514,190810,44,247922
16955,0.032458,172.31.46.0-255,1514,192324,44,247922
16956,0.032459,172.31.46.0-255,1514,193838,44,247922
16957,0.032479,172.31.46.0-255,1514,195352,44,247922
16958,0.03248,172.31.46.0-255,70,195422,44,247922
16959,0.033087,172.217.194.0-255,5738,201160,44,247922
16960,0.033094,172.31.46.0-255,66,201226,44,247922
16961,0.033899,104.244.42.0-255,66,201292,44,247922
16962,0.033937,104.244.42.0-255,66,201358,44,247922
16963,0.034,104.244.42.0-255,66,201424,44,247922
16964,0.034006,104.244.42.0-255,66,201490,44,247922
16965,0.035076,172.217.194.0-255,5738,207228,44,247922
16966,0.035082,172.31.46.0-255,66,207294,44,247922
16967,0.037053,172.217.194.0-255,5738,213032,44,247922
16968,0.037059,172.31.46.0-255,66,213098,44,247922
16969,0.039016,172.217.194.0-255,5738,218836,44,247922
16970,0.039021,172.31.46.0-255,66,218902,44,247922
16971,0.04099,172.217.194.0-255,5738,224640,44,247922
16972,0.040995,172.31.46.0-255,66,224706,44,247922
16973,0.04298,172.217.194.0-255,5738,230444,44,247922
16974,0.042988,172.31.46.0-255,66,230510,44,247922
16975,0.044965,172.217.194.0-255,5738,236248,44,247922
16976,0.044972,172.31.46.0-255,66,236314,44,247922
16977,0.046946,172.217.194.0-255,5738,242052,44,247922
16978,0.046951,172.31.46.0-255,66,242118,44,247922
16979,0.048912,172.217.194.0-255,5738,247856,44,247922
16980,0.048918,172.31.46.0-255,66,247922,44,247922
16981,0.0,74.125.24.0-255,146,146,44,275121
16982,1.9e-05,172.31.46.0-255,66,212,44,275121
16983,2.6e-05,74.125.24.0-255,1484,1696,44,275121
16984,3.1e-05,172.31.46.0-255,66,1762,44,275121
16985,4.3e-05,74.125.24.0-255,2902,4664,44,275121
16986,4.7e-05,172.31.46.0-255,66,4730,44,275121
16987,9.3e-05,74.125.24.0-255,7156,11886,44,275121
16988,9.7e-05,172.31.46.0-255,66,11952,44,275121
16989,0.000127,74.125.24.0-255,2112,14064,44,275121
16990,0.00013,172.31.46.0-255,66,14130,44,275121
16991,0.000135,74.125.24.0-255,2902,17032,44,275121
16992,0.000138,172.31.46.0-255,66,17098,44,275121
16993,0.000178,74.125.24.0-255,7156,24254,44,275121
16994,0.000181,172.31.46.0-255,66,24320,44,275121
16995,0.000187,74.125.24.0-255,5738,30058,44,275121
16996,0.00019,172.31.46.0-255,66,30124,44,275121
16997,0.00023,74.125.24.0-255,1125,31249,44,275121
16998,0.000232,172.31.46.0-255,66,31315,44,275121
16999,0.000257,74.125.24.0-255,1484,32799,44,275121
17000,0.000259,172.31.46.0-255,66,32865,44,275121
17001,0.000265,74.125.24.0-255,4320,37185,44,275121
17002,0.000267,172.31.46.0-255,66,37251,44,275121
17003,0.000273,74.125.24.0-255,4320,41571,44,275121
17004,0.000276,172.31.46.0-255,66,41637,44,275121
17005,0.000307,74.125.24.0-255,2902,44539,44,275121
17006,0.00031,172.31.46.0-255,66,44605,44,275121
17007,0.000315,74.125.24.0-255,3961,48566,44,275121
17008,0.000317,172.31.46.0-255,66,48632,44,275121
17009,0.000436,74.125.24.0-255,1484,50116,44,275121
17010,0.000439,172.31.46.0-255,66,50182,44,275121
17011,0.000444,74.125.24.0-255,2902,53084,44,275121
17012,0.000446,172.31.46.0-255,66,53150,44,275121
17013,0.000488,74.125.24.0-255,5738,58888,44,275121
17014,0.000491,172.31.46.0-255,66,58954,44,275121
17015,0.000497,74.125.24.0-255,4320,63274,44,275121
17016,0.000499,172.31.46.0-255,66,63340,44,275121
17017,0.000516,74.125.24.0-255,2840,66180,44,275121
17018,0.000518,172.31.46.0-255,66,66246,44,275121
17019,0.00054,74.125.24.0-255,130,66376,44,275121
17020,0.000618,74.125.24.0-255,1484,67860,44,275121
17021,0.000621,172.31.46.0-255,66,67926,44,275121
17022,0.000627,74.125.24.0-255,2902,70828,44,275121
17023,0.000629,172.31.46.0-255,66,70894,44,275121
17024,0.000658,74.125.24.0-255,5738,76632,44,275121
17025,0.000661,172.31.46.0-255,66,76698,44,275121
17026,0.000665,74.125.24.0-255,2902,79600,44,275121
17027,0.000668,172.31.46.0-255,66,79666,44,275121
17028,0.000701,74.125.24.0-255,4243,83909,44,275121
17029,0.000704,172.31.46.0-255,66,83975,44,275121
17030,0.000725,74.125.24.0-255,1484,85459,44,275121
17031,0.000729,74.125.24.0-255,1484,86943,44,275121
17032,0.000731,172.31.46.0-255,66,87009,44,275121
17033,0.00075,74.125.24.0-255,1484,88493,44,275121
17034,0.000755,74.125.24.0-255,2902,91395,44,275121
17035,0.000758,172.31.46.0-255,66,91461,44,275121
17036,0.000786,74.125.24.0-255,2902,94363,44,275121
17037,0.000789,172.31.46.0-255,66,94429,44,275121
17038,0.000797,74.125.24.0-255,6797,101226,44,275121
17039,0.000799,172.31.46.0-255,66,101292,44,275121
17040,0.001037,74.125.24.0-255,1484,102776,44,275121
17041,0.001041,74.125.24.0-255,1484,104260,44,275121
17042,0.001044,172.31.46.0-255,66,104326,44,275121
17043,0.001075,74.125.24.0-255,1484,105810,44,275121
17044,0.001083,74.125.24.0-255,5738,111548,44,275121
17045,0.001085,172.31.46.0-255,66,111614,44,275121
17046,0.001091,74.125.24.0-255,7156,118770,44,275121
17047,0.001093,172.31.46.0-255,66,118836,44,275121
17048,0.001099,74.125.24.0-255,5738,124574,44,275121
17049,0.001101,172.31.46.0-255,66,124640,44,275121
17050,0.00114,172.31.46.0-255,66,124706,44,275121
17051,0.001144,74.125.24.0-255,2184,126890,44,275121
17052,0.001146,172.31.46.0-255,66,126956,44,275121
17053,0.001568,74.125.24.0-255,1484,128440,44,275121
17054,0.001573,74.125.24.0-255,2902,131342,44,275121
17055,0.001576,172.31.46.0-255,66,131408,44,275121
17056,0.001582,74.125.24.0-255,5738,137146,44,275121
17057,0.001584,172.31.46.0-255,66,137212,44,275121
17058,0.001636,172.31.46.0-255,66,137278,44,275121
17059,0.001648,172.31.46.0-255,66,137344,44,275121
17060,0.002233,74.125.24.0-255,1484,138828,44,275121
17061,0.002256,74.125.24.0-255,2902,141730,44,275121
17062,0.002259,172.31.46.0-255,66,141796,44,275121
17063,0.002266,74.125.24.0-255,5738,147534,44,275121
17064,0.002269,172.31.46.0-255,66,147600,44,275121
17065,0.002273,74.125.24.0-255,2902,150502,44,275121
17066,0.002275,172.31.46.0-255,66,150568,44,275121
17067,0.002311,172.31.46.0-255,66,150634,44,275121
17068,0.002321,172.31.46.0-255,66,150700,44,275121
17069,0.002348,74.125.24.0-255,766,151466,44,275121
17070,0.004596,74.125.24.0-255,4320,155786,44,275121
17071,0.004607,172.31.46.0-255,66,155852,44,275121
17072,0.006923,74.125.24.0-255,5738,161590,44,275121
17073,0.006929,172.31.46.0-255,66,161656,44,275121
17074,0.009216,74.125.24.0-255,5738,167394,44,275121
17075,0.009226,172.31.46.0-255,66,167460,44,275121
17076,0.011511,74.125.24.0-255,5738,173198,44,275121
17077,0.011522,172.31.46.0-255,66,173264,44,275121
17078,0.013802,74.125.24.0-255,5738,179002,44,275121
17079,0.013815,172.31.46.0-255,66,179068,44,275121
17080,0.016104,74.125.24.0-255,5738,184806,44,275121
17081,0.016116,172.31.46.0-255,66,184872,44,275121
17082,0.018391,74.125.24.0-255,5738,190610,44,275121
17083,0.018405,172.31.46.0-255,66,190676,44,275121
17084,0.020696,74.125.24.0-255,5738,196414,44,275121
17085,0.020706,172.31.46.0-255,66,196480,44,275121
17086,0.022972,74.125.24.0-255,5738,202218,44,275121
17087,0.022984,172.31.46.0-255,66,202284,44,275121
17088,0.025258,74.125.24.0-255,5738,208022,44,275121
17089,0.025273,172.31.46.0-255,66,208088,44,275121
17090,0.027569,74.125.24.0-255,5738,213826,44,275121
17091,0.027579,172.31.46.0-255,66,213892,44,275121
17092,0.029859,74.125.24.0-255,5738,219630,44,275121
17093,0.029876,172.31.46.0-255,66,219696,44,275121
17094,0.032178,74.125.24.0-255,5738,225434,44,275121
17095,0.032192,172.31.46.0-255,66,225500,44,275121
17096,0.034494,74.125.24.0-255,5738,231238,44,275121
17097,0.034509,172.31.46.0-255,66,231304,44,275121
17098,0.036797,74.125.24.0-255,5738,237042,44,275121
17099,0.036811,172.31.46.0-255,66,237108,44,275121
17100,0.039095,74.125.24.0-255,5738,242846,44,275121
17101,0.039112,172.31.46.0-255,66,242912,44,275121
17102,0.041393,74.125.24.0-255,5738,248650,44,275121
17103,0.041406,172.31.46.0-255,66,248716,44,275121
17104,0.043707,74.125.24.0-255,5738,254454,44,275121
17105,0.043718,172.31.46.0-255,66,254520,44,275121
17106,0.046015,74.125.24.0-255,5738,260258,44,275121
17107,0.046028,172.31.46.0-255,66,260324,44,275121
17108,0.048306,74.125.24.0-255,5738,266062,44,275121
17109,0.048314,172.31.46.0-255,66,266128,44,275121
17110,0.048452,172.31.46.0-255,172,266300,44,275121
17111,0.048481,172.31.46.0-255,1114,267414,44,275121
17112,0.048557,172.31.46.0-255,1514,268928,44,275121
17113,0.048559,172.31.46.0-255,1514,270442,44,275121
17114,0.048565,172.31.46.0-255,1514,271956,44,275121
17115,0.048566,172.31.46.0-255,1514,273470,44,275121
17116,0.048585,172.31.46.0-255,1514,274984,44,275121
17117,0.048586,172.31.46.0-255,71,275055,44,275121
17118,0.049996,104.244.42.0-255,66,275121,44,275121
17119,0.0,172.217.24.0-255,153,153,44,269514
17120,2.5e-05,172.31.46.0-255,66,219,44,269514
17121,3.1e-05,172.217.24.0-255,1484,1703,44,269514
17122,3.5e-05,172.31.46.0-255,66,1769,44,269514
17123,4e-05,172.217.24.0-255,2902,4671,44,269514
17124,4.2e-05,172.31.46.0-255,66,4737,44,269514
17125,4.7e-05,172.217.24.0-255,4320,9057,44,269514
17126,5e-05,172.31.46.0-255,66,9123,44,269514
17127,9.1e-05,172.217.24.0-255,2902,12025,44,269514
17128,9.4e-05,172.31.46.0-255,66,12091,44,269514
17129,0.000112,172.217.24.0-255,2104,14195,44,269514
17130,0.000115,172.31.46.0-255,66,14261,44,269514
17131,0.000618,172.217.24.0-255,1484,15745,44,269514
17132,0.000625,172.31.46.0-255,66,15811,44,269514
17133,0.000634,172.217.24.0-255,2902,18713,44,269514
17134,0.000636,172.31.46.0-255,66,18779,44,269514
17135,0.000643,172.217.24.0-255,5738,24517,44,269514
17136,0.000645,172.31.46.0-255,66,24583,44,269514
17137,0.00065,172.217.24.0-255,4320,28903,44,269514
17138,0.000653,172.31.46.0-255,66,28969,44,269514
17139,0.000705,172.217.24.0-255,2543,31512,44,269514
17140,0.000708,172.31.46.0-255,66,31578,44,269514
17141,0.000733,172.217.24.0-255,1484,33062,44,269514
17142,0.000736,172.31.46.0-255,66,33128,44,269514
17143,0.000757,172.217.24.0-255,1484,34612,44,269514
17144,0.000759,172.31.46.0-255,66,34678,44,269514
17145,0.000766,172.217.24.0-255,5738,40416,44,269514
17146,0.000769,172.31.46.0-255,66,40482,44,269514
17147,0.000775,172.217.24.0-255,7156,47638,44,269514
17148,0.000777,172.31.46.0-255,66,47704,44,269514
17149,0.000798,172.217.24.0-255,1125,48829,44,269514
17150,0.000801,172.31.46.0-255,66,48895,44,269514
17151,0.001037,172.217.24.0-255,1484,50379,44,269514
17152,0.001044,172.217.24.0-255,2902,53281,44,269514
17153,0.001049,172.31.46.0-255,66,53347,44,269514
17154,0.001053,172.217.24.0-255,1484,54831,44,269514
17155,0.001073,172.217.24.0-255,4320,59151,44,269514
17156,0.001077,172.31.46.0-255,66,59217,44,269514
17157,0.001086,172.217.24.0-255,6797,66014,44,269514
17158,0.001089,172.31.46.0-255,66,66080,44,269514
17159,0.001091,172.217.24.0-255,359,66439,44,269514
17160,0.00145,172.217.24.0-255,386,66825,44,269514
17161,0.001543,172.217.24.0-255,1484,68309,44,269514
17162,0.001549,172.31.46.0-255,66,68375,44,269514
17163,0.001554,172.217.24.0-255,2902,71277,44,269514
17164,0.001556,172.31.46.0-255,66,71343,44,269514
17165,0.001561,172.217.24.0-255,4320,75663,44,269514
17166,0.001564,172.31.46.0-255,66,75729,44,269514
17167,0.001616,172.217.24.0-255,2902,78631,44,269514
17168,0.001619,172.31.46.0-255,66,78697,44,269514
17169,0.001638,172.217.24.0-255,5379,84076,44,269514
17170,0.001641,172.31.46.0-255,66,84142,44,269514
17171,0.001647,172.217.24.0-255,4320,88462,44,269514
17172,0.001649,172.31.46.0-255,66,88528,44,269514
17173,0.001669,172.217.24.0-255,4320,92848,44,269514
17174,0.001673,172.217.24.0-255,4320,97168,44,269514
17175,0.001673,172.31.46.0-255,66,97234,44,269514
17176,0.001677,172.31.46.0-255,66,97300,44,269514
17177,0.001688,172.217.24.0-255,3961,101261,44,269514
17178,0.001691,172.31.46.0-255,66,101327,44,269514
17179,0.001735,172.217.24.0-255,1484,102811,44,269514
17180,0.001739,172.217.24.0-255,1484,104295,44,269514
17181,0.001742,172.31.46.0-255,66,104361,44,269514
17182,0.001761,172.217.24.0-255,1484,105845,44,269514
17183,0.001769,172.217.24.0-255,5738,111583,44,269514
17184,0.001773,172.31.46.0-255,66,111649,44,269514
17185,0.001795,172.217.24.0-255,6128,117777,44,269514
17186,0.001798,172.31.46.0-255,66,117843,44,269514
17187,0.001815,172.217.24.0-255,1484,119327,44,269514
17188,0.001832,172.217.24.0-255,2902,122229,44,269514
17189,0.001835,172.31.46.0-255,66,122295,44,269514
17190,0.001841,172.217.24.0-255,5738,128033,44,269514
17191,0.001844,172.31.46.0-255,66,128099,44,269514
17192,0.001874,172.31.46.0-255,66,128165,44,269514
17193,0.003807,172.217.24.0-255,5738,133903,44,269514
17194,0.003812,172.31.46.0-255,66,133969,44,269514
17195,0.00575,172.217.24.0-255,5738,139707,44,269514
17196,0.005758,172.31.46.0-255,66,139773,44,269514
17197,0.007796,172.217.24.0-255,5738,145511,44,269514
17198,0.007803,172.31.46.0-255,66,145577,44,269514
17199,0.009736,172.217.24.0-255,5738,151315,44,269514
17200,0.009741,172.31.46.0-255,66,151381,44,269514
17201,0.011687,172.217.24.0-255,5738,157119,44,269514
17202,0.011693,172.31.46.0-255,66,157185,44,269514
17203,0.013638,172.217.24.0-255,5738,162923,44,269514
17204,0.013645,172.31.46.0-255,66,162989,44,269514
17205,0.015587,172.217.24.0-255,5738,168727,44,269514
17206,0.015595,172.31.46.0-255,66,168793,44,269514
17207,0.017536,172.217.24.0-255,5738,174531,44,269514
17208,0.017542,172.31.46.0-255,66,174597,44,269514
17209,0.019479,172.217.24.0-255,5738,180335,44,269514
17210,0.019486,172.31.46.0-255,66,180401,44,269514
17211,0.021419,172.217.24.0-255,5738,186139,44,269514
17212,0.021427,172.31.46.0-255,66,186205,44,269514
17213,0.023369,172.217.24.0-255,5738,191943,44,269514
17214,0.023376,172.31.46.0-255,66,192009,44,269514
17215,0.025321,172.217.24.0-255,5738,197747,44,269514
17216,0.025327,172.31.46.0-255,66,197813,44,269514
17217,0.02727,172.217.24.0-255,5738,203551,44,269514
17218,0.027278,172.31.46.0-255,66,203617,44,269514
17219,0.029229,172.217.24.0-255,5738,209355,44,269514
17220,0.029236,172.31.46.0-255,66,209421,44,269514
17221,0.031179,172.217.24.0-255,5738,215159,44,269514
17222,0.031187,172.31.46.0-255,66,215225,44,269514
17223,0.03277,172.31.46.0-255,176,215401,44,269514
17224,0.032799,172.31.46.0-255,1114,216515,44,269514
17225,0.032836,172.31.46.0-255,565,217080,44,269514
17226,0.033125,172.217.24.0-255,5738,222818,44,269514
17227,0.033131,172.31.46.0-255,66,222884,44,269514
17228,0.034276,104.244.42.0-255,66,222950,44,269514
17229,0.034422,104.244.42.0-255,66,223016,44,269514
17230,0.034428,104.244.42.0-255,66,223082,44,269514
17231,0.035067,172.217.24.0-255,5738,228820,44,269514
17232,0.035072,172.31.46.0-255,66,228886,44,269514
17233,0.037016,172.217.24.0-255,5738,234624,44,269514
17234,0.037021,172.31.46.0-255,66,234690,44,269514
17235,0.038966,172.217.24.0-255,5738,240428,44,269514
17236,0.038974,172.31.46.0-255,66,240494,44,269514
17237,0.040944,172.217.24.0-255,5738,246232,44,269514
17238,0.040954,172.31.46.0-255,66,246298,44,269514
17239,0.042932,172.217.24.0-255,5738,252036,44,269514
17240,0.042943,172.31.46.0-255,66,252102,44,269514
17241,0.04488,172.217.24.0-255,5738,257840,44,269514
17242,0.044886,172.31.46.0-255,66,257906,44,269514
17243,0.046822,172.217.24.0-255,5738,263644,44,269514
17244,0.046828,172.31.46.0-255,66,263710,44,269514
17245,0.048767,172.217.24.0-255,5738,269448,44,269514
17246,0.048772,172.31.46.0-255,66,269514,44,269514
17247,0.0,74.125.24.0-255,153,153,44,282637
17248,2e-05,172.31.46.0-255,66,219,44,282637
17249,2.8e-05,74.125.24.0-255,1484,1703,44,282637
17250,3.1e-05,172.31.46.0-255,66,1769,44,282637
17251,3.6e-05,74.125.24.0-255,2902,4671,44,282637
17252,3.9e-05,172.31.46.0-255,66,4737,44,282637
17253,4.6e-05,74.125.24.0-255,7156,11893,44,282637
17254,4.9e-05,172.31.46.0-255,66,11959,44,282637
17255,5.2e-05,74.125.24.0-255,1484,13443,44,282637
17256,5.4e-05,172.31.46.0-255,66,13509,44,282637
17257,8.6e-05,74.125.24.0-255,1484,14993,44,282637
17258,8.8e-05,172.31.46.0-255,66,15059,44,282637
17259,0.000114,172.31.46.0-255,66,15125,44,282637
17260,0.00012,74.125.24.0-255,5738,20863,44,282637
17261,0.000122,172.31.46.0-255,66,20929,44,282637
17262,0.000137,74.125.24.0-255,1125,22054,44,282637
17263,0.000138,172.31.46.0-255,66,22120,44,282637
17264,0.00043,74.125.24.0-255,1484,23604,44,282637
17265,0.000434,172.31.46.0-255,66,23670,44,282637
17266,0.00044,74.125.24.0-255,2902,26572,44,282637
17267,0.000442,172.31.46.0-255,66,26638,44,282637
17268,0.000468,74.125.24.0-255,5738,32376,44,282637
17269,0.000471,172.31.46.0-255,66,32442,44,282637
17270,0.000496,74.125.24.0-255,7156,39598,44,282637
17271,0.000499,172.31.46.0-255,66,39664,44,282637
17272,0.000503,74.125.24.0-255,2902,42566,44,282637
17273,0.000505,172.31.46.0-255,66,42632,44,282637
17274,0.000522,74.125.24.0-255,5738,48370,44,282637
17275,0.000525,172.31.46.0-255,66,48436,44,282637
17276,0.000557,74.125.24.0-255,7156,55592,44,282637
17277,0.000559,172.31.46.0-255,66,55658,44,282637
17278,0.000574,74.125.24.0-255,766,56424,44,282637
17279,0.000584,74.125.24.0-255,356,56780,44,282637
17280,0.000638,74.125.24.0-255,135,56915,44,282637
17281,0.000671,74.125.24.0-255,1484,58399,44,282637
17282,0.000675,172.31.46.0-255,66,58465,44,282637
17283,0.000684,74.125.24.0-255,2902,61367,44,282637
17284,0.000686,172.31.46.0-255,66,61433,44,282637
17285,0.000711,74.125.24.0-255,7156,68589,44,282637
17286,0.000714,172.31.46.0-255,66,68655,44,282637
17287,0.000719,74.125.24.0-255,4320,72975,44,282637
17288,0.00072,172.31.46.0-255,66,73041,44,282637
17289,0.000758,172.31.46.0-255,66,73107,44,282637
17290,0.00078,74.125.24.0-255,5304,78411,44,282637
17291,0.000782,172.31.46.0-255,66,78477,44,282637
17292,0.001182,74.125.24.0-255,1484,79961,44,282637
17293,0.001189,74.125.24.0-255,2902,82863,44,282637
17294,0.001192,172.31.46.0-255,66,82929,44,282637
17295,0.0012,74.125.24.0-255,4320,87249,44,282637
17296,0.001202,172.31.46.0-255,66,87315,44,282637
17297,0.001214,74.125.24.0-255,1484,88799,44,282637
17298,0.001221,74.125.24.0-255,7156,95955,44,282637
17299,0.001223,172.31.46.0-255,66,96021,44,282637
17300,0.001248,172.31.46.0-255,66,96087,44,282637
17301,0.001277,74.125.24.0-255,5738,101825,44,282637
17302,0.00128,172.31.46.0-255,66,101891,44,282637
17303,0.001284,74.125.24.0-255,2184,104075,44,282637
17304,0.001286,172.31.46.0-255,66,104141,44,282637
17305,0.001352,74.125.24.0-255,1484,105625,44,282637
17306,0.001358,74.125.24.0-255,2902,108527,44,282637
17307,0.001361,172.31.46.0-255,66,108593,44,282637
17308,0.001367,74.125.24.0-255,2902,111495,44,282637
17309,0.001369,172.31.46.0-255,66,111561,44,282637
17310,0.001382,74.125.24.0-255,2902,114463,44,282637
17311,0.001384,172.31.46.0-255,66,114529,44,282637
17312,0.001387,74.125.24.0-255,1484,116013,44,282637
17313,0.001418,172.31.46.0-255,66,116079,44,282637
17314,0.00143,172.31.46.0-255,66,116145,44,282637
17315,0.001679,74.125.24.0-255,1484,117629,44,282637
17316,0.001685,74.125.24.0-255,2902,120531,44,282637
17317,0.001688,172.31.46.0-255,66,120597,44,282637
17318,0.001695,74.125.24.0-255,4320,124917,44,282637
17319,0.001697,172.31.46.0-255,66,124983,44,282637
17320,0.001709,74.125.24.0-255,1484,126467,44,282637
17321,0.001728,74.125.24.0-255,7156,133623,44,282637
17322,0.00173,172.31.46.0-255,66,133689,44,282637
17323,0.001748,74.125.24.0-255,5738,139427,44,282637
17324,0.001751,172.31.46.0-255,66,139493,44,282637
17325,0.001769,74.125.24.0-255,2902,142395,44,282637
17326,0.001771,172.31.46.0-255,66,142461,44,282637
17327,0.001802,172.31.46.0-255,66,142527,44,282637
17328,0.001808,74.125.24.0-255,4320,146847,44,282637
17329,0.00181,172.31.46.0-255,66,146913,44,282637
17330,0.001841,74.125.24.0-255,7156,154069,44,282637
17331,0.001844,172.31.46.0-255,66,154135,44,282637
17332,0.001855,172.31.46.0-255,66,154201,44,282637
17333,0.001878,74.125.24.0-255,5738,159939,44,282637
17334,0.00188,172.31.46.0-255,66,160005,44,282637
17335,0.001906,172.31.46.0-255,66,160071,44,282637
17336,0.004206,74.125.24.0-255,5738,165809,44,282637
17337,0.004213,172.31.46.0-255,66,165875,44,282637
17338,0.006489,74.125.24.0-255,4320,170195,44,282637
17339,0.006493,172.31.46.0-255,66,170261,44,282637
17340,0.006502,74.125.24.0-255,1484,171745,44,282637
17341,0.00879,74.125.24.0-255,4320,176065,44,282637
17342,0.008796,172.31.46.0-255,66,176131,44,282637
17343,0.011081,74.125.24.0-255,5738,181869,44,282637
17344,0.011091,172.31.46.0-255,66,181935,44,282637
17345,0.013406,74.125.24.0-255,5738,187673,44,282637
17346,0.013415,172.31.46.0-255,66,187739,44,282637
17347,0.0157,74.125.24.0-255,5738,193477,44,282637
17348,0.015712,172.31.46.0-255,66,193543,44,282637
17349,0.018027,74.125.24.0-255,5738,199281,44,282637
17350,0.018038,172.31.46.0-255,66,199347,44,282637
17351,0.020354,74.125.24.0-255,5738,205085,44,282637
17352,0.020369,172.31.46.0-255,66,205151,44,282637
17353,0.022699,74.125.24.0-255,5738,210889,44,282637
17354,0.022707,172.31.46.0-255,66,210955,44,282637
17355,0.025006,74.125.24.0-255,5738,216693,44,282637
17356,0.025013,172.31.46.0-255,66,216759,44,282637
17357,0.027336,74.125.24.0-255,5738,222497,44,282637
17358,0.027344,172.31.46.0-255,66,222563,44,282637
17359,0.029619,74.125.24.0-255,5738,228301,44,282637
17360,0.029627,172.31.46.0-255,66,228367,44,282637
17361,0.031909,74.125.24.0-255,5738,234105,44,282637
17362,0.031916,172.31.46.0-255,66,234171,44,282637
17363,0.034232,74.125.24.0-255,5738,239909,44,282637
17364,0.03424,172.31.46.0-255,66,239975,44,282637
17365,0.036517,74.125.24.0-255,5738,245713,44,282637
17366,0.036526,172.31.46.0-255,66,245779,44,282637
17367,0.03883,74.125.24.0-255,5738,251517,44,282637
17368,0.038838,172.31.46.0-255,66,251583,44,282637
17369,0.038921,172.31.46.0-255,172,251755,44,282637
17370,0.038948,172.31.46.0-255,1114,252869,44,282637
17371,0.039061,172.31.46.0-255,1514,254383,44,282637
17372,0.039063,172.31.46.0-255,1514,255897,44,282637
17373,0.039069,172.31.46.0-255,1514,257411,44,282637
17374,0.03907,172.31.46.0-255,1514,258925,44,282637
17375,0.039089,172.31.46.0-255,1514,260439,44,282637
17376,0.03909,172.31.46.0-255,70,260509,44,282637
17377,0.040514,104.244.42.0-255,66,260575,44,282637
17378,0.040522,104.244.42.0-255,66,260641,44,282637
17379,0.040659,104.244.42.0-255,66,260707,44,282637
17380,0.040667,104.244.42.0-255,66,260773,44,282637
17381,0.041151,74.125.24.0-255,5738,266511,44,282637
17382,0.041158,172.31.46.0-255,66,266577,44,282637
17383,0.04348,74.125.24.0-255,5738,272315,44,282637
17384,0.043488,172.31.46.0-255,66,272381,44,282637
17385,0.045799,74.125.24.0-255,4320,276701,44,282637
17386,0.045808,172.31.46.0-255,66,276767,44,282637
17387,0.04583,74.125.24.0-255,1484,278251,44,282637
17388,0.048208,74.125.24.0-255,4320,282571,44,282637
17389,0.048215,172.31.46.0-255,66,282637,44,282637
17390,0.0,172.217.194.0-255,153,153,44,264768
17391,2.2e-05,172.31.46.0-255,66,219,44,264768
17392,2.9e-05,172.217.194.0-255,1484,1703,44,264768
17393,3.3e-05,172.31.46.0-255,66,1769,44,264768
17394,3.9e-05,172.217.194.0-255,2902,4671,44,264768
17395,4.3e-05,172.31.46.0-255,66,4737,44,264768
17396,5e-05,172.217.194.0-255,7156,11893,44,264768
17397,5.3e-05,172.31.46.0-255,66,11959,44,264768
17398,5.8e-05,172.217.194.0-255,2122,14081,44,264768
17399,6e-05,172.31.46.0-255,66,14147,44,264768
17400,0.000182,172.217.194.0-255,1484,15631,44,264768
17401,0.000186,172.31.46.0-255,66,15697,44,264768
17402,0.000192,172.217.194.0-255,2902,18599,44,264768
17403,0.000194,172.31.46.0-255,66,18665,44,264768
17404,0.000201,172.217.194.0-255,5738,24403,44,264768
17405,0.000203,172.31.46.0-255,66,24469,44,264768
17406,0.000209,172.217.194.0-255,5738,30207,44,264768
17407,0.000212,172.31.46.0-255,66,30273,44,264768
17408,0.000245,172.217.194.0-255,1125,31398,44,264768
17409,0.000247,172.31.46.0-255,66,31464,44,264768
17410,0.000366,172.217.194.0-255,1484,32948,44,264768
17411,0.000371,172.31.46.0-255,66,33014,44,264768
17412,0.000376,172.217.194.0-255,2902,35916,44,264768
17413,0.000379,172.31.46.0-255,66,35982,44,264768
17414,0.000384,172.217.194.0-255,4320,40302,44,264768
17415,0.000386,172.31.46.0-255,66,40368,44,264768
17416,0.000405,172.217.194.0-255,1484,41852,44,264768
17417,0.000408,172.31.46.0-255,66,41918,44,264768
17418,0.000431,172.217.194.0-255,6797,48715,44,264768
17419,0.000434,172.31.46.0-255,66,48781,44,264768
17420,0.000461,172.217.194.0-255,4320,53101,44,264768
17421,0.000464,172.31.46.0-255,66,53167,44,264768
17422,0.000481,172.217.194.0-255,2902,56069,44,264768
17423,0.000484,172.31.46.0-255,66,56135,44,264768
17424,0.00052,172.217.194.0-255,4320,60455,44,264768
17425,0.000522,172.31.46.0-255,66,60521,44,264768
17426,0.000545,172.217.194.0-255,2902,63423,44,264768
17427,0.000547,172.31.46.0-255,66,63489,44,264768
17428,0.000551,172.217.194.0-255,2841,66330,44,264768
17429,0.000553,172.31.46.0-255,66,66396,44,264768
17430,0.000642,172.217.194.0-255,381,66777,44,264768
17431,0.000857,172.217.194.0-255,1484,68261,44,264768
17432,0.000861,172.31.46.0-255,66,68327,44,264768
17433,0.000867,172.217.194.0-255,2902,71229,44,264768
17434,0.00087,172.31.46.0-255,66,71295,44,264768
17435,0.000874,172.217.194.0-255,2902,74197,44,264768
17436,0.000876,172.31.46.0-255,66,74263,44,264768
17437,0.000895,172.217.194.0-255,2902,77165,44,264768
17438,0.000898,172.31.46.0-255,66,77231,44,264768
17439,0.000905,172.217.194.0-255,5738,82969,44,264768
17440,0.000907,172.31.46.0-255,66,83035,44,264768
17441,0.000929,172.217.194.0-255,7156,90191,44,264768
17442,0.000931,172.31.46.0-255,66,90257,44,264768
17443,0.000939,172.217.194.0-255,7156,97413,44,264768
17444,0.000941,172.31.46.0-255,66,97479,44,264768
17445,0.000957,172.217.194.0-255,3602,101081,44,264768
17446,0.000959,172.31.46.0-255,66,101147,44,264768
17447,0.001371,172.217.194.0-255,1484,102631,44,264768
17448,0.001377,172.217.194.0-255,2902,105533,44,264768
17449,0.00138,172.31.46.0-255,66,105599,44,264768
17450,0.001386,172.217.194.0-255,4320,109919,44,264768
17451,0.001388,172.31.46.0-255,66,109985,44,264768
17452,0.001411,172.217.194.0-255,1484,111469,44,264768
17453,0.001425,172.31.46.0-255,66,111535,44,264768
17454,0.001429,172.217.194.0-255,1484,113019,44,264768
17455,0.001455,172.31.46.0-255,66,113085,44,264768
17456,0.001522,172.217.194.0-255,1484,114569,44,264768
17457,0.001536,172.217.194.0-255,2902,117471,44,264768
17458,0.001539,172.217.194.0-255,1484,118955,44,264768
17459,0.001542,172.31.46.0-255,66,119021,44,264768
17460,0.001564,172.217.194.0-255,4320,123341,44,264768
17461,0.001567,172.31.46.0-255,66,123407,44,264768
17462,0.001581,172.31.46.0-255,66,123473,44,264768
17463,0.001584,172.217.194.0-255,1484,124957,44,264768
17464,0.00162,172.31.46.0-255,66,125023,44,264768
17465,0.001645,172.217.194.0-255,1484,126507,44,264768
17466,0.00165,172.217.194.0-255,2902,129409,44,264768
17467,0.001652,172.31.46.0-255,66,129475,44,264768
17468,0.001658,172.217.194.0-255,5738,135213,44,264768
17469,0.001661,172.31.46.0-255,66,135279,44,264768
17470,0.001696,172.31.46.0-255,66,135345,44,264768
17471,0.001725,172.31.46.0-255,66,135411,44,264768
17472,0.001773,172.217.194.0-255,1484,136895,44,264768
17473,0.001777,172.217.194.0-255,2902,139797,44,264768
17474,0.00178,172.31.46.0-255,66,139863,44,264768
17475,0.001783,172.217.194.0-255,1484,141347,44,264768
17476,0.001801,172.217.194.0-255,4320,145667,44,264768
17477,0.001804,172.31.46.0-255,66,145733,44,264768
17478,0.001823,172.217.194.0-255,4320,150053,44,264768
17479,0.001825,172.31.46.0-255,66,150119,44,264768
17480,0.001851,172.31.46.0-255,66,150185,44,264768
17481,0.001863,172.31.46.0-255,66,150251,44,264768
17482,0.0019,172.217.194.0-255,4320,154571,44,264768
17483,0.002027,172.217.194.0-255,1484,156055,44,264768
17484,0.002044,172.217.194.0-255,2902,158957,44,264768
17485,0.002049,172.217.194.0-255,4320,163277,44,264768
17486,0.002063,172.217.194.0-255,1484,164761,44,264768
17487,0.002092,172.217.194.0-255,4320,169081,44,264768
17488,0.002096,172.217.194.0-255,2902,171983,44,264768
17489,0.002377,172.217.194.0-255,1484,173467,44,264768
17490,0.002382,172.217.194.0-255,1484,174951,44,264768
17491,0.002394,172.217.194.0-255,1484,176435,44,264768
17492,0.0024,172.217.194.0-255,5738,182173,44,264768
17493,0.002424,172.217.194.0-255,5738,187911,44,264768
17494,0.00244,172.217.194.0-255,7156,195067,44,264768
17495,0.002471,172.217.194.0-255,2184,197251,44,264768
17496,0.004578,172.31.46.0-255,66,197317,44,264768
17497,0.007167,172.217.194.0-255,5738,203055,44,264768
17498,0.007173,172.31.46.0-255,66,203121,44,264768
17499,0.009706,172.217.194.0-255,5738,208859,44,264768
17500,0.009712,172.31.46.0-255,66,208925,44,264768
17501,0.012272,172.217.194.0-255,5738,214663,44,264768
17502,0.01228,172.31.46.0-255,66,214729,44,264768
17503,0.012393,172.31.46.0-255,101,214830,44,264768
17504,0.014825,172.217.194.0-255,5738,220568,44,264768
17505,0.014833,172.31.46.0-255,66,220634,44,264768
17506,0.014898,172.217.194.0-255,66,220700,44,264768
17507,0.017402,172.217.194.0-255,5738,226438,44,264768
17508,0.01741,172.31.46.0-255,66,226504,44,264768
17509,0.019978,172.217.194.0-255,5738,232242,44,264768
17510,0.01999,172.31.46.0-255,66,232308,44,264768
17511,0.022539,172.217.194.0-255,5738,238046,44,264768
17512,0.022547,172.31.46.0-255,66,238112,44,264768
17513,0.02512,172.217.194.0-255,5738,243850,44,264768
17514,0.025126,172.31.46.0-255,66,243916,44,264768
17515,0.027664,172.217.194.0-255,5738,249654,44,264768
17516,0.027672,172.31.46.0-255,66,249720,44,264768
17517,0.030239,172.217.194.0-255,5447,255167,44,264768
17518,0.030246,172.31.46.0-255,66,255233,44,264768
17519,0.030877,172.31.46.0-255,105,255338,44,264768
17520,0.036807,172.31.46.0-255,172,255510,44,264768
17521,0.036842,172.31.46.0-255,1114,256624,44,264768
17522,0.036909,172.31.46.0-255,1514,258138,44,264768
17523,0.03691,172.31.46.0-255,1514,259652,44,264768
17524,0.036912,172.31.46.0-255,1514,261166,44,264768
17525,0.036913,172.31.46.0-255,1514,262680,44,264768
17526,0.036914,172.31.46.0-255,1514,264194,44,264768
17527,0.036941,172.31.46.0-255,70,264264,44,264768
17528,0.03744,172.217.194.0-255,66,264330,44,264768
17529,0.038369,104.244.42.0-255,66,264396,44,264768
17530,0.038405,104.244.42.0-255,66,264462,44,264768
17531,0.038467,104.244.42.0-255,66,264528,44,264768
17532,0.038519,104.244.42.0-255,66,264594,44,264768
17533,0.039088,104.244.42.0-255,108,264702,44,264768
17534,0.039095,172.31.46.0-255,66,264768,44,264768
17535,0.0,74.125.200.0-255,152,152,44,314033
17536,2.2e-05,172.31.46.0-255,66,218,44,314033
17537,2.9e-05,74.125.200.0-255,1484,1702,44,314033
17538,3.3e-05,172.31.46.0-255,66,1768,44,314033
17539,3.9e-05,74.125.200.0-255,2902,4670,44,314033
17540,5.1e-05,172.31.46.0-255,66,4736,44,314033
17541,5.8e-05,74.125.200.0-255,5738,10474,44,314033
17542,6.2e-05,172.31.46.0-255,66,10540,44,314033
17543,6.8e-05,74.125.200.0-255,4878,15418,44,314033
17544,7.1e-05,172.31.46.0-255,66,15484,44,314033
17545,7.7e-05,74.125.200.0-255,5738,21222,44,314033
17546,8e-05,172.31.46.0-255,66,21288,44,314033
17547,0.000131,172.31.46.0-255,66,21354,44,314033
17548,0.000248,74.125.200.0-255,1484,22838,44,314033
17549,0.000252,172.31.46.0-255,66,22904,44,314033
17550,0.000255,74.125.200.0-255,1484,24388,44,314033
17551,0.000258,172.31.46.0-255,66,24454,44,314033
17552,0.00028,74.125.200.0-255,2902,27356,44,314033
17553,0.000283,172.31.46.0-255,66,27422,44,314033
17554,0.000314,74.125.200.0-255,4320,31742,44,314033
17555,0.000316,172.31.46.0-255,66,31808,44,314033
17556,0.000343,74.125.200.0-255,1484,33292,44,314033
17557,0.000345,172.31.46.0-255,66,33358,44,314033
17558,0.000351,74.125.200.0-255,5379,38737,44,314033
17559,0.000353,172.31.46.0-255,66,38803,44,314033
17560,0.000364,74.125.200.0-255,5738,44541,44,314033
17561,0.000367,172.31.46.0-255,66,44607,44,314033
17562,0.000373,74.125.200.0-255,5738,50345,44,314033
17563,0.000375,172.31.46.0-255,66,50411,44,314033
17564,0.000402,74.125.200.0-255,1484,51895,44,314033
17565,0.000404,172.31.46.0-255,66,51961,44,314033
17566,0.000409,74.125.200.0-255,1484,53445,44,314033
17567,0.000433,74.125.200.0-255,2543,55988,44,314033
17568,0.000543,172.31.46.0-255,66,56054,44,314033
17569,0.000683,74.125.200.0-255,645,56699,44,314033
17570,0.000922,74.125.200.0-255,1484,58183,44,314033
17571,0.000927,172.31.46.0-255,66,58249,44,314033
17572,0.000931,74.125.200.0-255,1484,59733,44,314033
17573,0.000955,74.125.200.0-255,1484,61217,44,314033
17574,0.000967,172.31.46.0-255,66,61283,44,314033
17575,0.000987,74.125.200.0-255,5738,67021,44,314033
17576,0.000992,74.125.200.0-255,2902,69923,44,314033
17577,0.001012,74.125.200.0-255,4320,74243,44,314033
17578,0.001017,172.31.46.0-255,66,74309,44,314033
17579,0.001044,74.125.200.0-255,5738,80047,44,314033
17580,0.001069,74.125.200.0-255,2902,82949,44,314033
17581,0.001076,172.31.46.0-255,66,83015,44,314033
17582,0.001091,74.125.200.0-255,4320,87335,44,314033
17583,0.001096,74.125.200.0-255,3602,90937,44,314033
17584,0.001102,172.31.46.0-255,66,91003,44,314033
17585,0.001429,74.125.200.0-255,1484,92487,44,314033
17586,0.001442,74.125.200.0-255,2902,95389,44,314033
17587,0.001446,172.31.46.0-255,66,95455,44,314033
17588,0.001476,74.125.200.0-255,5738,101193,44,314033
17589,0.00148,74.125.200.0-255,2902,104095,44,314033
17590,0.001485,74.125.200.0-255,2902,106997,44,314033
17591,0.001503,74.125.200.0-255,1484,108481,44,314033
17592,0.001506,74.125.200.0-255,1484,109965,44,314033
17593,0.001511,172.31.46.0-255,66,110031,44,314033
17594,0.001548,74.125.200.0-255,7156,117187,44,314033
17595,0.001555,74.125.200.0-255,4320,121507,44,314033
17596,0.001572,74.125.200.0-255,3602,125109,44,314033
17597,0.001582,172.31.46.0-255,66,125175,44,314033
17598,0.001702,74.125.200.0-255,1484,126659,44,314033
17599,0.001721,74.125.200.0-255,2902,129561,44,314033
17600,0.001737,172.31.46.0-255,66,129627,44,314033
17601,0.001741,74.125.200.0-255,1484,131111,44,314033
17602,0.00177,74.125.200.0-255,2902,134013,44,314033
17603,0.001773,74.125.200.0-255,1484,135497,44,314033
17604,0.001789,74.125.200.0-255,4320,139817,44,314033
17605,0.001791,74.125.200.0-255,1484,141301,44,314033
17606,0.001793,172.31.46.0-255,66,141367,44,314033
17607,0.001802,74.125.200.0-255,1484,142851,44,314033
17608,0.001811,172.31.46.0-255,66,142917,44,314033
17609,0.001831,74.125.200.0-255,5738,148655,44,314033
17610,0.001851,74.125.200.0-255,4320,152975,44,314033
17611,0.001855,74.125.200.0-255,2902,155877,44,314033
17612,0.001861,74.125.200.0-255,3602,159479,44,314033
17613,0.001866,172.31.46.0-255,66,159545,44,314033
17614,0.001889,74.125.200.0-255,2902,162447,44,314033
17615,0.001924,74.125.200.0-255,4320,166767,44,314033
17616,0.001938,74.125.200.0-255,4320,171087,44,314033
17617,0.001949,172.31.46.0-255,66,171153,44,314033
17618,0.001956,74.125.200.0-255,5738,176891,44,314033
17619,0.001967,172.31.46.0-255,66,176957,44,314033
17620,0.002018,172.31.46.0-255,66,177023,44,314033
17621,0.004011,74.125.200.0-255,5738,182761,44,314033
17622,0.004019,172.31.46.0-255,66,182827,44,314033
17623,0.006006,74.125.200.0-255,4320,187147,44,314033
17624,0.006024,74.125.200.0-255,1484,188631,44,314033
17625,0.008404,172.31.46.0-255,66,188697,44,314033
17626,0.010399,74.125.200.0-255,5738,194435,44,314033
17627,0.010406,172.31.46.0-255,66,194501,44,314033
17628,0.012435,74.125.200.0-255,5738,200239,44,314033
17629,0.0131,172.31.46.0-255,66,200305,44,314033
17630,0.015187,74.125.200.0-255,5738,206043,44,314033
17631,0.015193,172.31.46.0-255,66,206109,44,314033
17632,0.017193,74.125.200.0-255,5738,211847,44,314033
17633,0.0172,172.31.46.0-255,66,211913,44,314033
17634,0.019201,74.125.200.0-255,5738,217651,44,314033
17635,0.019209,172.31.46.0-255,66,217717,44,314033
17636,0.021212,74.125.200.0-255,5738,223455,44,314033
17637,0.02122,172.31.46.0-255,66,223521,44,314033
17638,0.023233,74.125.200.0-255,5738,229259,44,314033
17639,0.023247,172.31.46.0-255,66,229325,44,314033
17640,0.025242,74.125.200.0-255,1484,230809,44,314033
17641,0.025269,74.125.200.0-255,4320,235129,44,314033
17642,0.025275,172.31.46.0-255,66,235195,44,314033
17643,0.027284,74.125.200.0-255,5738,240933,44,314033
17644,0.027294,172.31.46.0-255,66,240999,44,314033
17645,0.029286,74.125.200.0-255,5738,246737,44,314033
17646,0.029293,172.31.46.0-255,66,246803,44,314033
17647,0.031324,74.125.200.0-255,5738,252541,44,314033
17648,0.031331,172.31.46.0-255,66,252607,44,314033
17649,0.033322,74.125.200.0-255,5738,258345,44,314033
17650,0.03333,172.31.46.0-255,66,258411,44,314033
17651,0.03536,74.125.200.0-255,5738,264149,44,314033
17652,0.03537,172.31.46.0-255,66,264215,44,314033
17653,0.037362,74.125.200.0-255,5738,269953,44,314033
17654,0.03737,172.31.46.0-255,66,270019,44,314033
17655,0.039372,74.125.200.0-255,5738,275757,44,314033
17656,0.03938,172.31.46.0-255,66,275823,44,314033
17657,0.041386,74.125.200.0-255,5738,281561,44,314033
17658,0.041393,172.31.46.0-255,66,281627,44,314033
17659,0.041464,172.31.46.0-255,172,281799,44,314033
17660,0.041491,172.31.46.0-255,1114,282913,44,314033
17661,0.041628,172.31.46.0-255,1514,284427,44,314033
17662,0.04163,172.31.46.0-255,1514,285941,44,314033
17663,0.041635,172.31.46.0-255,1514,287455,44,314033
17664,0.041636,172.31.46.0-255,1514,288969,44,314033
17665,0.041662,172.31.46.0-255,1514,290483,44,314033
17666,0.041663,172.31.46.0-255,70,290553,44,314033
17667,0.043029,104.244.42.0-255,66,290619,44,314033
17668,0.04305,104.244.42.0-255,66,290685,44,314033
17669,0.043214,104.244.42.0-255,66,290751,44,314033
17670,0.043221,104.244.42.0-255,66,290817,44,314033
17671,0.043407,74.125.200.0-255,5738,296555,44,314033
17672,0.043413,172.31.46.0-255,66,296621,44,314033
17673,0.045418,74.125.200.0-255,5738,302359,44,314033
17674,0.045425,172.31.46.0-255,66,302425,44,314033
17675,0.047437,74.125.200.0-255,5738,308163,44,314033
17676,0.047444,172.31.46.0-255,66,308229,44,314033
17677,0.049441,74.125.200.0-255,5738,313967,44,314033
17678,0.049448,172.31.46.0-255,66,314033,44,314033
17679,0.0,74.125.24.0-255,152,152,44,201680
17680,2.4e-05,172.31.46.0-255,66,218,44,201680
17681,3e-05,74.125.24.0-255,1484,1702,44,201680
17682,3.6e-05,172.31.46.0-255,66,1768,44,201680
17683,4.9e-05,74.125.24.0-255,2902,4670,44,201680
17684,5.2e-05,172.31.46.0-255,66,4736,44,201680
17685,5.8e-05,74.125.24.0-255,4320,9056,44,201680
17686,6.1e-05,172.31.46.0-255,66,9122,44,201680
17687,7.9e-05,74.125.24.0-255,1484,10606,44,201680
17688,8.6e-05,172.31.46.0-255,66,10672,44,201680
17689,0.000117,74.125.24.0-255,4747,15419,44,201680
17690,0.00012,172.31.46.0-255,66,15485,44,201680
17691,0.000128,74.125.24.0-255,7156,22641,44,201680
17692,0.000131,172.31.46.0-255,66,22707,44,201680
17693,0.000143,74.125.24.0-255,5738,28445,44,201680
17694,0.000145,172.31.46.0-255,66,28511,44,201680
17695,0.000173,74.125.24.0-255,2543,31054,44,201680
17696,0.000176,172.31.46.0-255,66,31120,44,201680
17697,0.000808,74.125.24.0-255,1484,32604,44,201680
17698,0.000814,172.31.46.0-255,66,32670,44,201680
17699,0.000824,74.125.24.0-255,2902,35572,44,201680
17700,0.000826,172.31.46.0-255,66,35638,44,201680
17701,0.000838,74.125.24.0-255,5738,41376,44,201680
17702,0.00084,172.31.46.0-255,66,41442,44,201680
17703,0.000847,74.125.24.0-255,6797,48239,44,201680
17704,0.000849,172.31.46.0-255,66,48305,44,201680
17705,0.00088,74.125.24.0-255,5738,54043,44,201680
17706,0.000883,172.31.46.0-255,66,54109,44,201680
17707,0.000915,172.31.46.0-255,66,54175,44,201680
17708,0.00092,74.125.24.0-255,2543,56718,44,201680
17709,0.000923,172.31.46.0-255,66,56784,44,201680
17710,0.001328,74.125.24.0-255,646,57430,44,201680
17711,0.001694,74.125.24.0-255,1484,58914,44,201680
17712,0.001699,74.125.24.0-255,1484,60398,44,201680
17713,0.001714,74.125.24.0-255,1484,61882,44,201680
17714,0.001722,74.125.24.0-255,5738,67620,44,201680
17715,0.001749,74.125.24.0-255,4320,71940,44,201680
17716,0.00177,74.125.24.0-255,2543,74483,44,201680
17717,0.001778,74.125.24.0-255,7156,81639,44,201680
17718,0.001803,74.125.24.0-255,4320,85959,44,201680
17719,0.001819,74.125.24.0-255,5379,91338,44,201680
17720,0.006034,172.31.46.0-255,66,91404,44,201680
17721,0.008321,74.125.24.0-255,5738,97142,44,201680
17722,0.008335,172.31.46.0-255,66,97208,44,201680
17723,0.010573,74.125.24.0-255,5738,102946,44,201680
17724,0.010588,172.31.46.0-255,66,103012,44,201680
17725,0.012826,74.125.24.0-255,5738,108750,44,201680
17726,0.012839,172.31.46.0-255,66,108816,44,201680
17727,0.015093,74.125.24.0-255,5738,114554,44,201680
17728,0.015112,172.31.46.0-255,66,114620,44,201680
17729,0.01738,74.125.24.0-255,5738,120358,44,201680
17730,0.017403,172.31.46.0-255,66,120424,44,201680
17731,0.019651,74.125.24.0-255,5738,126162,44,201680
17732,0.019668,172.31.46.0-255,66,126228,44,201680
17733,0.021909,74.125.24.0-255,5738,131966,44,201680
17734,0.021928,172.31.46.0-255,66,132032,44,201680
17735,0.02421,74.125.24.0-255,5738,137770,44,201680
17736,0.024226,172.31.46.0-255,66,137836,44,201680
17737,0.026461,74.125.24.0-255,5738,143574,44,201680
17738,0.026469,172.31.46.0-255,66,143640,44,201680
17739,0.028688,74.125.24.0-255,5738,149378,44,201680
17740,0.028695,172.31.46.0-255,66,149444,44,201680
17741,0.030954,74.125.24.0-255,5738,155182,44,201680
17742,0.030968,172.31.46.0-255,66,155248,44,201680
17743,0.033227,74.125.24.0-255,5738,160986,44,201680
17744,0.033236,172.31.46.0-255,66,161052,44,201680
17745,0.03554,74.125.24.0-255,5738,166790,44,201680
17746,0.035551,172.31.46.0-255,66,166856,44,201680
17747,0.037764,74.125.24.0-255,5738,172594,44,201680
17748,0.037773,172.31.46.0-255,66,172660,44,201680
17749,0.04002,74.125.24.0-255,5738,178398,44,201680
17750,0.040044,172.31.46.0-255,66,178464,44,201680
17751,0.042283,74.125.24.0-255,5738,184202,44,201680
17752,0.04229,172.31.46.0-255,66,184268,44,201680
17753,0.044615,74.125.24.0-255,5738,190006,44,201680
17754,0.044622,172.31.46.0-255,66,190072,44,201680
17755,0.046863,74.125.24.0-255,5738,195810,44,201680
17756,0.046878,172.31.46.0-255,66,195876,44,201680
17757,0.049137,74.125.24.0-255,5738,201614,44,201680
17758,0.04915,172.31.46.0-255,66,201680,44,201680
17759,0.0,74.125.68.0-255,153,153,44,287641
17760,2.4e-05,172.31.46.0-255,66,219,44,287641
17761,3.2e-05,74.125.68.0-255,1484,1703,44,287641
17762,3.7e-05,172.31.46.0-255,66,1769,44,287641
17763,6.6e-05,74.125.68.0-255,2902,4671,44,287641
17764,6.9e-05,172.31.46.0-255,66,4737,44,287641
17765,7.4e-05,74.125.68.0-255,2902,7639,44,287641
17766,7.7e-05,172.31.46.0-255,66,7705,44,287641
17767,0.000119,74.125.68.0-255,6365,14070,44,287641
17768,0.000122,172.31.46.0-255,66,14136,44,287641
17769,0.000231,74.125.68.0-255,1484,15620,44,287641
17770,0.000234,172.31.46.0-255,66,15686,44,287641
17771,0.000239,74.125.68.0-255,2902,18588,44,287641
17772,0.000242,172.31.46.0-255,66,18654,44,287641
17773,0.000255,74.125.68.0-255,2902,21556,44,287641
17774,0.000258,172.31.46.0-255,66,21622,44,287641
17775,0.000281,74.125.68.0-255,1484,23106,44,287641
17776,0.000283,172.31.46.0-255,66,23172,44,287641
17777,0.00029,74.125.68.0-255,5738,28910,44,287641
17778,0.000292,172.31.46.0-255,66,28976,44,287641
17779,0.000316,74.125.68.0-255,2543,31519,44,287641
17780,0.000319,172.31.46.0-255,66,31585,44,287641
17781,0.000377,74.125.68.0-255,1484,33069,44,287641
17782,0.00038,172.31.46.0-255,66,33135,44,287641
17783,0.000403,74.125.68.0-255,2902,36037,44,287641
17784,0.000405,172.31.46.0-255,66,36103,44,287641
17785,0.000427,74.125.68.0-255,1484,37587,44,287641
17786,0.000429,172.31.46.0-255,66,37653,44,287641
17787,0.000447,74.125.68.0-255,4320,41973,44,287641
17788,0.000449,172.31.46.0-255,66,42039,44,287641
17789,0.000457,74.125.68.0-255,6797,48836,44,287641
17790,0.000459,172.31.46.0-255,66,48902,44,287641
17791,0.000481,74.125.68.0-255,4320,53222,44,287641
17792,0.000501,74.125.68.0-255,4320,57542,44,287641
17793,0.000601,172.31.46.0-255,66,57608,44,287641
17794,0.000617,74.125.68.0-255,646,58254,44,287641
17795,0.000757,74.125.68.0-255,1484,59738,44,287641
17796,0.000762,74.125.68.0-255,2902,62640,44,287641
17797,0.000774,74.125.68.0-255,1484,64124,44,287641
17798,0.000788,74.125.68.0-255,4320,68444,44,287641
17799,0.00081,172.31.46.0-255,66,68510,44,287641
17800,0.000816,74.125.68.0-255,4320,72830,44,287641
17801,0.000822,172.31.46.0-255,66,72896,44,287641
17802,0.000832,74.125.68.0-255,2543,75439,44,287641
17803,0.000837,74.125.68.0-255,2902,78341,44,287641
17804,0.000855,74.125.68.0-255,4320,82661,44,287641
17805,0.000867,172.31.46.0-255,66,82727,44,287641
17806,0.000875,74.125.68.0-255,7156,89883,44,287641
17807,0.000885,74.125.68.0-255,1484,91367,44,287641
17808,0.000888,172.31.46.0-255,66,91433,44,287641
17809,0.000904,74.125.68.0-255,1125,92558,44,287641
17810,0.000923,172.31.46.0-255,66,92624,44,287641
17811,0.001051,74.125.68.0-255,1484,94108,44,287641
17812,0.001082,74.125.68.0-255,1484,95592,44,287641
17813,0.001086,74.125.68.0-255,1484,97076,44,287641
17814,0.001095,172.31.46.0-255,66,97142,44,287641
17815,0.001104,74.125.68.0-255,1484,98626,44,287641
17816,0.001111,74.125.68.0-255,5738,104364,44,287641
17817,0.001117,172.31.46.0-255,66,104430,44,287641
17818,0.001134,74.125.68.0-255,2902,107332,44,287641
17819,0.001139,74.125.68.0-255,4320,111652,44,287641
17820,0.001163,74.125.68.0-255,1484,113136,44,287641
17821,0.001182,74.125.68.0-255,4320,117456,44,287641
17822,0.001194,74.125.68.0-255,766,118222,44,287641
17823,0.001199,172.31.46.0-255,66,118288,44,287641
17824,0.001283,74.125.68.0-255,1484,119772,44,287641
17825,0.001288,74.125.68.0-255,2902,122674,44,287641
17826,0.001301,74.125.68.0-255,2902,125576,44,287641
17827,0.001306,172.31.46.0-255,66,125642,44,287641
17828,0.001326,74.125.68.0-255,2902,128544,44,287641
17829,0.00133,74.125.68.0-255,2902,131446,44,287641
17830,0.00134,74.125.68.0-255,1484,132930,44,287641
17831,0.001344,172.31.46.0-255,66,132996,44,287641
17832,0.001353,74.125.68.0-255,2902,135898,44,287641
17833,0.001358,74.125.68.0-255,4320,140218,44,287641
17834,0.001371,74.125.68.0-255,4320,144538,44,287641
17835,0.001374,172.31.46.0-255,66,144604,44,287641
17836,0.001399,74.125.68.0-255,5738,150342,44,287641
17837,0.001402,172.31.46.0-255,66,150408,44,287641
17838,0.001407,172.31.46.0-255,66,150474,44,287641
17839,0.001421,74.125.68.0-255,2184,152658,44,287641
17840,0.001441,172.31.46.0-255,66,152724,44,287641
17841,0.003456,74.125.68.0-255,2902,155626,44,287641
17842,0.003463,172.31.46.0-255,66,155692,44,287641
17843,0.003483,74.125.68.0-255,2902,158594,44,287641
17844,0.005507,74.125.68.0-255,2902,161496,44,287641
17845,0.007324,172.31.46.0-255,66,161562,44,287641
17846,0.009389,74.125.68.0-255,5738,167300,44,287641
17847,0.009396,172.31.46.0-255,66,167366,44,287641
17848,0.011453,74.125.68.0-255,5738,173104,44,287641
17849,0.011461,172.31.46.0-255,66,173170,44,287641
17850,0.013513,74.125.68.0-255,5738,178908,44,287641
17851,0.013932,172.31.46.0-255,66,178974,44,287641
17852,0.015994,74.125.68.0-255,5738,184712,44,287641
17853,0.016013,172.31.46.0-255,66,184778,44,287641
17854,0.018083,74.125.68.0-255,5738,190516,44,287641
17855,0.0181,172.31.46.0-255,66,190582,44,287641
17856,0.020173,74.125.68.0-255,5738,196320,44,287641
17857,0.020181,172.31.46.0-255,66,196386,44,287641
17858,0.022232,74.125.68.0-255,5738,202124,44,287641
17859,0.022242,172.31.46.0-255,66,202190,44,287641
17860,0.024332,74.125.68.0-255,5738,207928,44,287641
17861,0.02434,172.31.46.0-255,66,207994,44,287641
17862,0.026386,74.125.68.0-255,5738,213732,44,287641
17863,0.026395,172.31.46.0-255,66,213798,44,287641
17864,0.028452,74.125.68.0-255,5738,219536,44,287641
17865,0.02846,172.31.46.0-255,66,219602,44,287641
17866,0.030511,74.125.68.0-255,5738,225340,44,287641
17867,0.03052,172.31.46.0-255,66,225406,44,287641
17868,0.032597,74.125.68.0-255,5738,231144,44,287641
17869,0.032615,172.31.46.0-255,66,231210,44,287641
17870,0.034681,74.125.68.0-255,5738,236948,44,287641
17871,0.034697,172.31.46.0-255,66,237014,44,287641
17872,0.036763,74.125.68.0-255,5738,242752,44,287641
17873,0.036773,172.31.46.0-255,66,242818,44,287641
17874,0.037576,172.31.46.0-255,188,243006,44,287641
17875,0.037609,172.31.46.0-255,955,243961,44,287641
17876,0.037678,172.31.46.0-255,1514,245475,44,287641
17877,0.03768,172.31.46.0-255,1514,246989,44,287641
17878,0.037686,172.31.46.0-255,1514,248503,44,287641
17879,0.037688,172.31.46.0-255,1514,250017,44,287641
17880,0.037705,172.31.46.0-255,1514,251531,44,287641
17881,0.03771,172.31.46.0-255,230,251761,44,287641
17882,0.038826,74.125.68.0-255,2902,254663,44,287641
17883,0.038833,172.31.46.0-255,66,254729,44,287641
17884,0.038857,74.125.68.0-255,2902,257631,44,287641
17885,0.038884,172.31.46.0-255,66,257697,44,287641
17886,0.039111,104.244.42.0-255,66,257763,44,287641
17887,0.039173,104.244.42.0-255,66,257829,44,287641
17888,0.039249,104.244.42.0-255,66,257895,44,287641
17889,0.039255,104.244.42.0-255,66,257961,44,287641
17890,0.040885,74.125.68.0-255,2902,260863,44,287641
17891,0.040892,172.31.46.0-255,66,260929,44,287641
17892,0.040914,74.125.68.0-255,2902,263831,44,287641
17893,0.041281,172.31.46.0-255,66,263897,44,287641
17894,0.042946,74.125.68.0-255,2902,266799,44,287641
17895,0.042953,172.31.46.0-255,66,266865,44,287641
17896,0.043337,74.125.68.0-255,2902,269767,44,287641
17897,0.043343,172.31.46.0-255,66,269833,44,287641
17898,0.045,74.125.68.0-255,2902,272735,44,287641
17899,0.045007,172.31.46.0-255,66,272801,44,287641
17900,0.045382,74.125.68.0-255,2902,275703,44,287641
17901,0.045388,172.31.46.0-255,66,275769,44,287641
17902,0.047065,74.125.68.0-255,2902,278671,44,287641
17903,0.047071,172.31.46.0-255,66,278737,44,287641
17904,0.047454,74.125.68.0-255,2902,281639,44,287641
17905,0.04746,172.31.46.0-255,66,281705,44,287641
17906,0.049133,74.125.68.0-255,2902,284607,44,287641
17907,0.049152,172.31.46.0-255,66,284673,44,287641
17908,0.049496,74.125.68.0-255,2902,287575,44,287641
17909,0.049503,172.31.46.0-255,66,287641,44,287641
17910,0.0,172.31.46.0-255,66,66,44,66
17911,0.0,74.125.68.0-255,150,150,44,258893
17912,1.6e-05,172.31.46.0-255,66,216,44,258893
17913,2.2e-05,74.125.68.0-255,1484,1700,44,258893
17914,2.6e-05,172.31.46.0-255,66,1766,44,258893
17915,3.1e-05,74.125.68.0-255,2902,4668,44,258893
17916,3.4e-05,172.31.46.0-255,66,4734,44,258893
17917,3.7e-05,74.125.68.0-255,1484,6218,44,258893
17918,3.9e-05,172.31.46.0-255,66,6284,44,258893
17919,4.4e-05,74.125.68.0-255,2902,9186,44,258893
17920,4.6e-05,172.31.46.0-255,66,9252,44,258893
17921,6.6e-05,74.125.68.0-255,2902,12154,44,258893
17922,6.9e-05,172.31.46.0-255,66,12220,44,258893
17923,9.4e-05,74.125.68.0-255,3502,15722,44,258893
17924,9.7e-05,172.31.46.0-255,66,15788,44,258893
17925,0.000103,74.125.68.0-255,4320,20108,44,258893
17926,0.000105,172.31.46.0-255,66,20174,44,258893
17927,0.000111,74.125.68.0-255,5738,25912,44,258893
17928,0.000113,172.31.46.0-255,66,25978,44,258893
17929,0.000144,74.125.68.0-255,5379,31357,44,258893
17930,0.000147,172.31.46.0-255,66,31423,44,258893
17931,0.000258,74.125.68.0-255,1484,32907,44,258893
17932,0.000262,172.31.46.0-255,66,32973,44,258893
17933,0.000282,74.125.68.0-255,2902,35875,44,258893
17934,0.000284,172.31.46.0-255,66,35941,44,258893
17935,0.000287,74.125.68.0-255,1484,37425,44,258893
17936,0.000289,172.31.46.0-255,66,37491,44,258893
17937,0.000313,74.125.68.0-255,2902,40393,44,258893
17938,0.000316,172.31.46.0-255,66,40459,44,258893
17939,0.000322,74.125.68.0-255,5738,46197,44,258893
17940,0.000324,172.31.46.0-255,66,46263,44,258893
17941,0.000353,74.125.68.0-255,5379,51642,44,258893
17942,0.000356,172.31.46.0-255,66,51708,44,258893
17943,0.000363,74.125.68.0-255,5738,57446,44,258893
17944,0.000365,172.31.46.0-255,66,57512,44,258893
17945,0.000408,172.31.46.0-255,66,57578,44,258893
17946,0.000411,74.125.68.0-255,133,57711,44,258893
17947,0.000759,74.125.68.0-255,349,58060,44,258893
17948,0.000852,74.125.68.0-255,1484,59544,44,258893
17949,0.000857,172.31.46.0-255,66,59610,44,258893
17950,0.000861,74.125.68.0-255,1484,61094,44,258893
17951,0.000876,74.125.68.0-255,1484,62578,44,258893
17952,0.000879,172.31.46.0-255,66,62644,44,258893
17953,0.000885,74.125.68.0-255,5738,68382,44,258893
17954,0.000887,172.31.46.0-255,66,68448,44,258893
17955,0.000918,74.125.68.0-255,4320,72768,44,258893
17956,0.000921,172.31.46.0-255,66,72834,44,258893
17957,0.000927,74.125.68.0-255,5738,78572,44,258893
17958,0.000929,172.31.46.0-255,66,78638,44,258893
17959,0.000958,172.31.46.0-255,66,78704,44,258893
17960,0.000977,74.125.68.0-255,2902,81606,44,258893
17961,0.00098,172.31.46.0-255,66,81672,44,258893
17962,0.000984,74.125.68.0-255,2184,83856,44,258893
17963,0.000986,172.31.46.0-255,66,83922,44,258893
17964,0.001177,74.125.68.0-255,1484,85406,44,258893
17965,0.001195,74.125.68.0-255,2902,88308,44,258893
17966,0.001198,172.31.46.0-255,66,88374,44,258893
17967,0.001203,74.125.68.0-255,1484,89858,44,258893
17968,0.001221,74.125.68.0-255,2902,92760,44,258893
17969,0.001223,172.31.46.0-255,66,92826,44,258893
17970,0.00123,74.125.68.0-255,5738,98564,44,258893
17971,0.001232,172.31.46.0-255,66,98630,44,258893
17972,0.001254,74.125.68.0-255,4320,102950,44,258893
17973,0.001257,172.31.46.0-255,66,103016,44,258893
17974,0.001282,74.125.68.0-255,7156,110172,44,258893
17975,0.001285,172.31.46.0-255,66,110238,44,258893
17976,0.00129,74.125.68.0-255,4320,114558,44,258893
17977,0.001292,172.31.46.0-255,66,114624,44,258893
17978,0.001344,74.125.68.0-255,3602,118226,44,258893
17979,0.001348,172.31.46.0-255,66,118292,44,258893
17980,0.001434,74.125.68.0-255,1484,119776,44,258893
17981,0.001449,74.125.68.0-255,2902,122678,44,258893
17982,0.001453,172.31.46.0-255,66,122744,44,258893
17983,0.001462,74.125.68.0-255,2902,125646,44,258893
17984,0.001464,172.31.46.0-255,66,125712,44,258893
17985,0.001484,74.125.68.0-255,2902,128614,44,258893
17986,0.001486,172.31.46.0-255,66,128680,44,258893
17987,0.001493,74.125.68.0-255,7156,135836,44,258893
17988,0.001496,172.31.46.0-255,66,135902,44,258893
17989,0.001519,74.125.68.0-255,1484,137386,44,258893
17990,0.001545,172.31.46.0-255,66,137452,44,258893
17991,0.001573,74.125.68.0-255,2184,139636,44,258893
17992,0.001576,172.31.46.0-255,66,139702,44,258893
17993,0.001649,74.125.68.0-255,1484,141186,44,258893
17994,0.001656,74.125.68.0-255,2902,144088,44,258893
17995,0.00166,172.31.46.0-255,66,144154,44,258893
17996,0.001664,74.125.68.0-255,1484,145638,44,258893
17997,0.001682,74.125.68.0-255,2902,148540,44,258893
17998,0.001685,172.31.46.0-255,66,148606,44,258893
17999,0.001691,74.125.68.0-255,5738,154344,44,258893
18000,0.001693,172.31.46.0-255,66,154410,44,258893
18001,0.001704,74.125.68.0-255,1484,155894,44,258893
18002,0.001738,172.31.46.0-255,66,155960,44,258893
18003,0.001744,74.125.68.0-255,5738,161698,44,258893
18004,0.001747,172.31.46.0-255,66,161764,44,258893
18005,0.001772,74.125.68.0-255,2184,163948,44,258893
18006,0.001774,172.31.46.0-255,66,164014,44,258893
18007,0.001965,74.125.68.0-255,1484,165498,44,258893
18008,0.00198,74.125.68.0-255,1484,166982,44,258893
18009,0.001984,172.31.46.0-255,66,167048,44,258893
18010,0.001989,74.125.68.0-255,2902,169950,44,258893
18011,0.001991,172.31.46.0-255,66,170016,44,258893
18012,0.002013,74.125.68.0-255,5738,175754,44,258893
18013,0.002016,172.31.46.0-255,66,175820,44,258893
18014,0.002057,172.31.46.0-255,66,175886,44,258893
18015,0.002086,74.125.68.0-255,4320,180206,44,258893
18016,0.002089,172.31.46.0-255,66,180272,44,258893
18017,0.002119,172.31.46.0-255,66,180338,44,258893
18018,0.00214,172.31.46.0-255,66,180404,44,258893
18019,0.002151,172.31.46.0-255,66,180470,44,258893
18020,0.002184,74.125.68.0-255,4320,184790,44,258893
18021,0.002187,172.31.46.0-255,66,184856,44,258893
18022,0.002207,74.125.68.0-255,5020,189876,44,258893
18023,0.00221,172.31.46.0-255,66,189942,44,258893
18024,0.002222,172.31.46.0-255,66,190008,44,258893
18025,0.002251,172.31.46.0-255,66,190074,44,258893
18026,0.002284,74.125.68.0-255,2902,192976,44,258893
18027,0.002287,172.31.46.0-255,66,193042,44,258893
18028,0.002304,74.125.68.0-255,6438,199480,44,258893
18029,0.002307,172.31.46.0-255,66,199546,44,258893
18030,0.002314,74.125.68.0-255,5738,205284,44,258893
18031,0.002317,172.31.46.0-255,66,205350,44,258893
18032,0.002349,74.125.68.0-255,4320,209670,44,258893
18033,0.002351,172.31.46.0-255,66,209736,44,258893
18034,0.002363,172.31.46.0-255,66,209802,44,258893
18035,0.002406,74.125.68.0-255,7156,216958,44,258893
18036,0.002408,172.31.46.0-255,66,217024,44,258893
18037,0.002435,74.125.68.0-255,4320,221344,44,258893
18038,0.002438,172.31.46.0-255,66,221410,44,258893
18039,0.002442,74.125.68.0-255,2184,223594,44,258893
18040,0.002444,172.31.46.0-255,66,223660,44,258893
18041,0.002448,74.125.68.0-255,2902,226562,44,258893
18042,0.002451,172.31.46.0-255,66,226628,44,258893
18043,0.002458,74.125.68.0-255,7156,233784,44,258893
18044,0.00246,172.31.46.0-255,66,233850,44,258893
18045,0.00247,172.31.46.0-255,66,233916,44,258893
18046,0.002482,74.125.68.0-255,1484,235400,44,258893
18047,0.002503,74.125.68.0-255,2184,237584,44,258893
18048,0.002508,74.125.68.0-255,4320,241904,44,258893
18049,0.002539,74.125.68.0-255,2902,244806,44,258893
18050,0.002578,74.125.68.0-255,2902,247708,44,258893
18051,0.002599,74.125.68.0-255,1395,249103,44,258893
18052,0.008384,172.31.46.0-255,66,249169,44,258893
18053,0.010928,74.125.68.0-255,105,249274,44,258893
18054,0.011505,172.31.46.0-255,66,249340,44,258893
18055,0.011552,172.31.46.0-255,105,249445,44,258893
18056,0.014085,74.125.68.0-255,66,249511,44,258893
18057,0.037921,172.31.46.0-255,188,249699,44,258893
18058,0.037954,172.31.46.0-255,955,250654,44,258893
18059,0.038019,172.31.46.0-255,1514,252168,44,258893
18060,0.038021,172.31.46.0-255,1514,253682,44,258893
18061,0.038025,172.31.46.0-255,1514,255196,44,258893
18062,0.038027,172.31.46.0-255,1514,256710,44,258893
18063,0.038044,172.31.46.0-255,1514,258224,44,258893
18064,0.038045,172.31.46.0-255,231,258455,44,258893
18065,0.039434,104.244.42.0-255,66,258521,44,258893
18066,0.039447,104.244.42.0-255,66,258587,44,258893
18067,0.039553,104.244.42.0-255,66,258653,44,258893
18068,0.03956,104.244.42.0-255,66,258719,44,258893
18069,0.040393,104.244.42.0-255,108,258827,44,258893
18070,0.040404,172.31.46.0-255,66,258893,44,258893
18071,0.0,74.125.68.0-255,153,153,44,319692
18072,2.6e-05,172.31.46.0-255,66,219,44,319692
18073,3.4e-05,74.125.68.0-255,1484,1703,44,319692
18074,3.9e-05,172.31.46.0-255,66,1769,44,319692
18075,4.5e-05,74.125.68.0-255,2902,4671,44,319692
18076,5.5e-05,172.31.46.0-255,66,4737,44,319692
18077,6.1e-05,74.125.68.0-255,4320,9057,44,319692
18078,6.4e-05,172.31.46.0-255,66,9123,44,319692
18079,8.5e-05,74.125.68.0-255,4954,14077,44,319692
18080,8.8e-05,172.31.46.0-255,66,14143,44,319692
18081,9.8e-05,74.125.68.0-255,4320,18463,44,319692
18082,0.000101,172.31.46.0-255,66,18529,44,319692
18083,0.000125,74.125.68.0-255,1484,20013,44,319692
18084,0.000127,172.31.46.0-255,66,20079,44,319692
18085,0.000132,74.125.68.0-255,2902,22981,44,319692
18086,0.000135,172.31.46.0-255,66,23047,44,319692
18087,0.000174,172.31.46.0-255,66,23113,44,319692
18088,0.000187,172.31.46.0-255,66,23179,44,319692
18089,0.000211,74.125.68.0-255,1484,24663,44,319692
18090,0.000213,172.31.46.0-255,66,24729,44,319692
18091,0.000216,74.125.68.0-255,766,25495,44,319692
18092,0.000218,172.31.46.0-255,66,25561,44,319692
18093,0.000251,74.125.68.0-255,1484,27045,44,319692
18094,0.000254,172.31.46.0-255,66,27111,44,319692
18095,0.000257,74.125.68.0-255,1484,28595,44,319692
18096,0.000259,172.31.46.0-255,66,28661,44,319692
18097,0.000282,74.125.68.0-255,1484,30145,44,319692
18098,0.000284,172.31.46.0-255,66,30211,44,319692
18099,0.000291,74.125.68.0-255,5738,35949,44,319692
18100,0.000293,172.31.46.0-255,66,36015,44,319692
18101,0.000297,74.125.68.0-255,2902,38917,44,319692
18102,0.0003,172.31.46.0-255,66,38983,44,319692
18103,0.000305,74.125.68.0-255,4233,43216,44,319692
18104,0.000308,172.31.46.0-255,66,43282,44,319692
18105,0.000311,74.125.68.0-255,134,43416,44,319692
18106,0.000432,74.125.68.0-255,1484,44900,44,319692
18107,0.000436,172.31.46.0-255,66,44966,44,319692
18108,0.000442,74.125.68.0-255,2902,47868,44,319692
18109,0.000444,172.31.46.0-255,66,47934,44,319692
18110,0.000465,74.125.68.0-255,5738,53672,44,319692
18111,0.000468,172.31.46.0-255,66,53738,44,319692
18112,0.000506,172.31.46.0-255,66,53804,44,319692
18113,0.000533,74.125.68.0-255,2902,56706,44,319692
18114,0.000535,172.31.46.0-255,66,56772,44,319692
18115,0.000562,74.125.68.0-255,5738,62510,44,319692
18116,0.000565,172.31.46.0-255,66,62576,44,319692
18117,0.000593,74.125.68.0-255,5020,67596,44,319692
18118,0.000596,172.31.46.0-255,66,67662,44,319692
18119,0.000819,74.125.68.0-255,1484,69146,44,319692
18120,0.000824,74.125.68.0-255,1484,70630,44,319692
18121,0.000827,172.31.46.0-255,66,70696,44,319692
18122,0.000854,74.125.68.0-255,1484,72180,44,319692
18123,0.00086,74.125.68.0-255,4320,76500,44,319692
18124,0.000863,172.31.46.0-255,66,76566,44,319692
18125,0.000869,74.125.68.0-255,5738,82304,44,319692
18126,0.000872,172.31.46.0-255,66,82370,44,319692
18127,0.000912,172.31.46.0-255,66,82436,44,319692
18128,0.000975,74.125.68.0-255,7156,89592,44,319692
18129,0.000978,172.31.46.0-255,66,89658,44,319692
18130,0.000998,74.125.68.0-255,766,90424,44,319692
18131,0.0012,74.125.68.0-255,1484,91908,44,319692
18132,0.001205,172.31.46.0-255,66,91974,44,319692
18133,0.00121,74.125.68.0-255,2902,94876,44,319692
18134,0.001212,172.31.46.0-255,66,94942,44,319692
18135,0.00124,74.125.68.0-255,2902,97844,44,319692
18136,0.001242,172.31.46.0-255,66,97910,44,319692
18137,0.001265,74.125.68.0-255,1484,99394,44,319692
18138,0.00127,74.125.68.0-255,4320,103714,44,319692
18139,0.001273,172.31.46.0-255,66,103780,44,319692
18140,0.001277,74.125.68.0-255,2902,106682,44,319692
18141,0.001279,172.31.46.0-255,66,106748,44,319692
18142,0.001297,74.125.68.0-255,2902,109650,44,319692
18143,0.001305,172.31.46.0-255,66,109716,44,319692
18144,0.001347,172.31.46.0-255,66,109782,44,319692
18145,0.001352,74.125.68.0-255,3602,113384,44,319692
18146,0.001355,172.31.46.0-255,66,113450,44,319692
18147,0.001494,74.125.68.0-255,1484,114934,44,319692
18148,0.001501,74.125.68.0-255,2902,117836,44,319692
18149,0.001504,172.31.46.0-255,66,117902,44,319692
18150,0.001528,74.125.68.0-255,2902,120804,44,319692
18151,0.001531,172.31.46.0-255,66,120870,44,319692
18152,0.001536,74.125.68.0-255,4320,125190,44,319692
18153,0.001538,172.31.46.0-255,66,125256,44,319692
18154,0.00157,74.125.68.0-255,7156,132412,44,319692
18155,0.001572,172.31.46.0-255,66,132478,44,319692
18156,0.001589,74.125.68.0-255,1484,133962,44,319692
18157,0.001596,74.125.68.0-255,5738,139700,44,319692
18158,0.001599,172.31.46.0-255,66,139766,44,319692
18159,0.001605,74.125.68.0-255,4320,144086,44,319692
18160,0.001607,172.31.46.0-255,66,144152,44,319692
18161,0.001635,74.125.68.0-255,2902,147054,44,319692
18162,0.001638,172.31.46.0-255,66,147120,44,319692
18163,0.001641,74.125.68.0-255,766,147886,44,319692
18164,0.00172,74.125.68.0-255,1484,149370,44,319692
18165,0.001724,172.31.46.0-255,66,149436,44,319692
18166,0.001737,74.125.68.0-255,1484,150920,44,319692
18167,0.001762,74.125.68.0-255,1484,152404,44,319692
18168,0.001765,172.31.46.0-255,66,152470,44,319692
18169,0.001772,74.125.68.0-255,5738,158208,44,319692
18170,0.001775,172.31.46.0-255,66,158274,44,319692
18171,0.001783,74.125.68.0-255,2902,161176,44,319692
18172,0.001785,172.31.46.0-255,66,161242,44,319692
18173,0.001821,172.31.46.0-255,66,161308,44,319692
18174,0.001835,172.31.46.0-255,66,161374,44,319692
18175,0.001838,74.125.68.0-255,1484,162858,44,319692
18176,0.001843,74.125.68.0-255,2902,165760,44,319692
18177,0.001845,172.31.46.0-255,66,165826,44,319692
18178,0.001877,74.125.68.0-255,5738,171564,44,319692
18179,0.001889,74.125.68.0-255,4320,175884,44,319692
18180,0.001895,172.31.46.0-255,66,175950,44,319692
18181,0.001898,172.31.46.0-255,66,176016,44,319692
18182,0.001905,74.125.68.0-255,1484,177500,44,319692
18183,0.001917,74.125.68.0-255,7156,184656,44,319692
18184,0.001919,172.31.46.0-255,66,184722,44,319692
18185,0.001967,172.31.46.0-255,66,184788,44,319692
18186,0.00197,74.125.68.0-255,766,185554,44,319692
18187,0.003437,172.31.46.0-255,66,185620,44,319692
18188,0.003887,74.125.68.0-255,4320,189940,44,319692
18189,0.003895,172.31.46.0-255,66,190006,44,319692
18190,0.005353,74.125.68.0-255,1484,191490,44,319692
18191,0.005807,74.125.68.0-255,4320,195810,44,319692
18192,0.005813,172.31.46.0-255,66,195876,44,319692
18193,0.007729,74.125.68.0-255,4320,200196,44,319692
18194,0.007734,172.31.46.0-255,66,200262,44,319692
18195,0.007758,74.125.68.0-255,1484,201746,44,319692
18196,0.009653,74.125.68.0-255,4320,206066,44,319692
18197,0.009659,172.31.46.0-255,66,206132,44,319692
18198,0.01158,74.125.68.0-255,5738,211870,44,319692
18199,0.011588,172.31.46.0-255,66,211936,44,319692
18200,0.013507,74.125.68.0-255,5738,217674,44,319692
18201,0.013513,172.31.46.0-255,66,217740,44,319692
18202,0.015433,74.125.68.0-255,5738,223478,44,319692
18203,0.01544,172.31.46.0-255,66,223544,44,319692
18204,0.017403,74.125.68.0-255,5738,229282,44,319692
18205,0.01741,172.31.46.0-255,66,229348,44,319692
18206,0.019331,74.125.68.0-255,5738,235086,44,319692
18207,0.019344,172.31.46.0-255,66,235152,44,319692
18208,0.021291,74.125.68.0-255,5738,240890,44,319692
18209,0.021304,172.31.46.0-255,66,240956,44,319692
18210,0.023258,74.125.68.0-255,5738,246694,44,319692
18211,0.023271,172.31.46.0-255,66,246760,44,319692
18212,0.025196,74.125.68.0-255,5738,252498,44,319692
18213,0.025208,172.31.46.0-255,66,252564,44,319692
18214,0.027132,74.125.68.0-255,5738,258302,44,319692
18215,0.027141,172.31.46.0-255,66,258368,44,319692
18216,0.029085,74.125.68.0-255,5738,264106,44,319692
18217,0.029095,172.31.46.0-255,66,264172,44,319692
18218,0.031018,74.125.68.0-255,5738,269910,44,319692
18219,0.031034,172.31.46.0-255,66,269976,44,319692
18220,0.032983,74.125.68.0-255,5738,275714,44,319692
18221,0.032994,172.31.46.0-255,66,275780,44,319692
18222,0.034926,74.125.68.0-255,5738,281518,44,319692
18223,0.03494,172.31.46.0-255,66,281584,44,319692
18224,0.036897,74.125.68.0-255,5738,287322,44,319692
18225,0.036911,172.31.46.0-255,66,287388,44,319692
18226,0.038835,74.125.68.0-255,5738,293126,44,319692
18227,0.038843,172.31.46.0-255,66,293192,44,319692
18228,0.040768,74.125.68.0-255,5738,298930,44,319692
18229,0.040776,172.31.46.0-255,66,298996,44,319692
18230,0.042699,74.125.68.0-255,5738,304734,44,319692
18231,0.042706,172.31.46.0-255,66,304800,44,319692
18232,0.044642,74.125.68.0-255,5464,310264,44,319692
18233,0.04465,172.31.46.0-255,66,310330,44,319692
18234,0.044884,172.31.46.0-255,105,310435,44,319692
18235,0.046761,74.125.68.0-255,66,310501,44,319692
18236,0.047842,172.31.46.0-255,172,310673,44,319692
18237,0.047875,172.31.46.0-255,1114,311787,44,319692
18238,0.047957,172.31.46.0-255,1514,313301,44,319692
18239,0.047959,172.31.46.0-255,1514,314815,44,319692
18240,0.047964,172.31.46.0-255,1514,316329,44,319692
18241,0.047965,172.31.46.0-255,1514,317843,44,319692
18242,0.047986,172.31.46.0-255,1514,319357,44,319692
18243,0.047987,172.31.46.0-255,71,319428,44,319692
18244,0.049413,104.244.42.0-255,66,319494,44,319692
18245,0.049451,104.244.42.0-255,66,319560,44,319692
18246,0.049514,104.244.42.0-255,66,319626,44,319692
18247,0.049554,104.244.42.0-255,66,319692,44,319692
18248,0.0,172.31.46.0-255,66,66,44,66
18249,0.0,74.125.68.0-255,146,146,44,253396
18250,2.7e-05,172.31.46.0-255,66,212,44,253396
18251,3.3e-05,74.125.68.0-255,1484,1696,44,253396
18252,3.8e-05,172.31.46.0-255,66,1762,44,253396
18253,4.4e-05,74.125.68.0-255,2902,4664,44,253396
18254,5.4e-05,172.31.46.0-255,66,4730,44,253396
18255,5.9e-05,74.125.68.0-255,4320,9050,44,253396
18256,6.2e-05,172.31.46.0-255,66,9116,44,253396
18257,6.7e-05,74.125.68.0-255,2902,12018,44,253396
18258,6.9e-05,172.31.46.0-255,66,12084,44,253396
18259,9.6e-05,74.125.68.0-255,1994,14078,44,253396
18260,0.000103,172.31.46.0-255,66,14144,44,253396
18261,0.000131,74.125.68.0-255,1484,15628,44,253396
18262,0.000134,172.31.46.0-255,66,15694,44,253396
18263,0.000138,74.125.68.0-255,2902,18596,44,253396
18264,0.000141,172.31.46.0-255,66,18662,44,253396
18265,0.000172,74.125.68.0-255,4320,22982,44,253396
18266,0.000176,172.31.46.0-255,66,23048,44,253396
18267,0.000182,74.125.68.0-255,5738,28786,44,253396
18268,0.000184,172.31.46.0-255,66,28852,44,253396
18269,0.000213,74.125.68.0-255,2543,31395,44,253396
18270,0.000216,172.31.46.0-255,66,31461,44,253396
18271,0.000427,74.125.68.0-255,1484,32945,44,253396
18272,0.000431,172.31.46.0-255,66,33011,44,253396
18273,0.000435,74.125.68.0-255,1484,34495,44,253396
18274,0.000438,172.31.46.0-255,66,34561,44,253396
18275,0.000469,74.125.68.0-255,1484,36045,44,253396
18276,0.000472,172.31.46.0-255,66,36111,44,253396
18277,0.00048,74.125.68.0-255,5738,41849,44,253396
18278,0.000482,172.31.46.0-255,66,41915,44,253396
18279,0.000497,74.125.68.0-255,6797,48712,44,253396
18280,0.000499,172.31.46.0-255,66,48778,44,253396
18281,0.000805,74.125.68.0-255,1484,50262,44,253396
18282,0.000814,74.125.68.0-255,1484,51746,44,253396
18283,0.000818,172.31.46.0-255,66,51812,44,253396
18284,0.000824,74.125.68.0-255,2902,54714,44,253396
18285,0.000826,172.31.46.0-255,66,54780,44,253396
18286,0.000853,74.125.68.0-255,5738,60518,44,253396
18287,0.000863,172.31.46.0-255,66,60584,44,253396
18288,0.00087,74.125.68.0-255,5379,65963,44,253396
18289,0.000873,172.31.46.0-255,66,66029,44,253396
18290,0.00119,74.125.68.0-255,646,66675,44,253396
18291,0.001629,74.125.68.0-255,1484,68159,44,253396
18292,0.001635,172.31.46.0-255,66,68225,44,253396
18293,0.001665,74.125.68.0-255,2902,71127,44,253396
18294,0.001668,172.31.46.0-255,66,71193,44,253396
18295,0.001674,74.125.68.0-255,5738,76931,44,253396
18296,0.001676,172.31.46.0-255,66,76997,44,253396
18297,0.0017,74.125.68.0-255,1484,78481,44,253396
18298,0.001713,74.125.68.0-255,4320,82801,44,253396
18299,0.001715,172.31.46.0-255,66,82867,44,253396
18300,0.001737,74.125.68.0-255,1484,84351,44,253396
18301,0.001741,74.125.68.0-255,1484,85835,44,253396
18302,0.001743,172.31.46.0-255,66,85901,44,253396
18303,0.001747,74.125.68.0-255,2902,88803,44,253396
18304,0.00175,172.31.46.0-255,66,88869,44,253396
18305,0.001769,74.125.68.0-255,2902,91771,44,253396
18306,0.001771,172.31.46.0-255,66,91837,44,253396
18307,0.0018,74.125.68.0-255,2902,94739,44,253396
18308,0.001802,172.31.46.0-255,66,94805,44,253396
18309,0.001807,74.125.68.0-255,2902,97707,44,253396
18310,0.001809,172.31.46.0-255,66,97773,44,253396
18311,0.001833,74.125.68.0-255,3602,101375,44,253396
18312,0.001836,172.31.46.0-255,66,101441,44,253396
18313,0.002218,74.125.68.0-255,1484,102925,44,253396
18314,0.002234,74.125.68.0-255,1484,104409,44,253396
18315,0.002242,172.31.46.0-255,66,104475,44,253396
18316,0.002245,74.125.68.0-255,1484,105959,44,253396
18317,0.002277,74.125.68.0-255,5738,111697,44,253396
18318,0.002282,172.31.46.0-255,66,111763,44,253396
18319,0.002288,74.125.68.0-255,5738,117501,44,253396
18320,0.00229,172.31.46.0-255,66,117567,44,253396
18321,0.002335,74.125.68.0-255,7156,124723,44,253396
18322,0.002339,172.31.46.0-255,66,124789,44,253396
18323,0.002349,172.31.46.0-255,66,124855,44,253396
18324,0.002399,74.125.68.0-255,2184,127039,44,253396
18325,0.002407,172.31.46.0-255,66,127105,44,253396
18326,0.002495,74.125.68.0-255,1484,128589,44,253396
18327,0.002512,74.125.68.0-255,2902,131491,44,253396
18328,0.002515,172.31.46.0-255,66,131557,44,253396
18329,0.00252,74.125.68.0-255,2902,134459,44,253396
18330,0.002522,172.31.46.0-255,66,134525,44,253396
18331,0.002554,74.125.68.0-255,2902,137427,44,253396
18332,0.002557,172.31.46.0-255,66,137493,44,253396
18333,0.002566,74.125.68.0-255,2902,140395,44,253396
18334,0.002569,172.31.46.0-255,66,140461,44,253396
18335,0.002824,172.31.46.0-255,101,140562,44,253396
18336,0.005099,74.125.68.0-255,5738,146300,44,253396
18337,0.005105,172.31.46.0-255,66,146366,44,253396
18338,0.005307,74.125.68.0-255,66,146432,44,253396
18339,0.007621,74.125.68.0-255,5738,152170,44,253396
18340,0.007627,172.31.46.0-255,66,152236,44,253396
18341,0.010148,74.125.68.0-255,5738,157974,44,253396
18342,0.010157,172.31.46.0-255,66,158040,44,253396
18343,0.012698,74.125.68.0-255,5738,163778,44,253396
18344,0.012708,172.31.46.0-255,66,163844,44,253396
18345,0.015245,74.125.68.0-255,5738,169582,44,253396
18346,0.015261,172.31.46.0-255,66,169648,44,253396
18347,0.017779,74.125.68.0-255,5738,175386,44,253396
18348,0.017787,172.31.46.0-255,66,175452,44,253396
18349,0.02033,74.125.68.0-255,5738,181190,44,253396
18350,0.020348,172.31.46.0-255,66,181256,44,253396
18351,0.022893,74.125.68.0-255,5738,186994,44,253396
18352,0.022911,172.31.46.0-255,66,187060,44,253396
18353,0.025452,74.125.68.0-255,5738,192798,44,253396
18354,0.025462,172.31.46.0-255,66,192864,44,253396
18355,0.027985,74.125.68.0-255,4320,197184,44,253396
18356,0.027994,172.31.46.0-255,66,197250,44,253396
18357,0.028027,74.125.68.0-255,1484,198734,44,253396
18358,0.030526,74.125.68.0-255,4320,203054,44,253396
18359,0.030537,172.31.46.0-255,66,203120,44,253396
18360,0.03309,74.125.68.0-255,5738,208858,44,253396
18361,0.033106,172.31.46.0-255,66,208924,44,253396
18362,0.033884,172.31.46.0-255,192,209116,44,253396
18363,0.033921,172.31.46.0-255,1115,210231,44,253396
18364,0.033968,172.31.46.0-255,1514,211745,44,253396
18365,0.03397,172.31.46.0-255,1514,213259,44,253396
18366,0.033971,172.31.46.0-255,1514,214773,44,253396
18367,0.033972,172.31.46.0-255,1514,216287,44,253396
18368,0.034001,172.31.46.0-255,1514,217801,44,253396
18369,0.034003,172.31.46.0-255,69,217870,44,253396
18370,0.03564,74.125.68.0-255,5738,223608,44,253396
18371,0.035647,172.31.46.0-255,66,223674,44,253396
18372,0.035782,104.244.42.0-255,66,223740,44,253396
18373,0.035967,104.244.42.0-255,66,223806,44,253396
18374,0.035973,104.244.42.0-255,66,223872,44,253396
18375,0.035976,104.244.42.0-255,66,223938,44,253396
18376,0.036543,104.244.42.0-255,108,224046,44,253396
18377,0.036563,172.31.46.0-255,66,224112,44,253396
18378,0.038169,74.125.68.0-255,5738,229850,44,253396
18379,0.038176,172.31.46.0-255,66,229916,44,253396
18380,0.040708,74.125.68.0-255,5738,235654,44,253396
18381,0.040716,172.31.46.0-255,66,235720,44,253396
18382,0.043242,74.125.68.0-255,5738,241458,44,253396
18383,0.043247,172.31.46.0-255,66,241524,44,253396
18384,0.045774,74.125.68.0-255,2902,244426,44,253396
18385,0.045781,172.31.46.0-255,66,244492,44,253396
18386,0.045806,74.125.68.0-255,2902,247394,44,253396
18387,0.045809,172.31.46.0-255,66,247460,44,253396
18388,0.048303,74.125.68.0-255,2902,250362,44,253396
18389,0.04831,172.31.46.0-255,66,250428,44,253396
18390,0.048347,74.125.68.0-255,2902,253330,44,253396
18391,0.048351,172.31.46.0-255,66,253396,44,253396
18392,0.0,74.125.130.0-255,152,152,44,252421
18393,2.3e-05,172.31.46.0-255,66,218,44,252421
18394,3.1e-05,74.125.130.0-255,1484,1702,44,252421
18395,3.5e-05,172.31.46.0-255,66,1768,44,252421
18396,3.9e-05,74.125.130.0-255,1484,3252,44,252421
18397,4.1e-05,172.31.46.0-255,66,3318,44,252421
18398,7.6e-05,74.125.130.0-255,1484,4802,44,252421
18399,7.9e-05,172.31.46.0-255,66,4868,44,252421
18400,8.6e-05,74.125.130.0-255,5738,10606,44,252421
18401,8.9e-05,172.31.46.0-255,66,10672,44,252421
18402,9.4e-05,74.125.130.0-255,3360,14032,44,252421
18403,9.6e-05,172.31.46.0-255,66,14098,44,252421
18404,0.0001,74.125.130.0-255,2902,17000,44,252421
18405,0.000102,172.31.46.0-255,66,17066,44,252421
18406,0.000122,74.125.130.0-255,1484,18550,44,252421
18407,0.000124,172.31.46.0-255,66,18616,44,252421
18408,0.00013,74.125.130.0-255,4320,22936,44,252421
18409,0.000132,172.31.46.0-255,66,23002,44,252421
18410,0.000156,74.125.130.0-255,5738,28740,44,252421
18411,0.000159,172.31.46.0-255,66,28806,44,252421
18412,0.000163,74.125.130.0-255,2543,31349,44,252421
18413,0.000165,172.31.46.0-255,66,31415,44,252421
18414,0.000321,74.125.130.0-255,1484,32899,44,252421
18415,0.000327,172.31.46.0-255,66,32965,44,252421
18416,0.000332,74.125.130.0-255,2902,35867,44,252421
18417,0.000334,172.31.46.0-255,66,35933,44,252421
18418,0.000364,74.125.130.0-255,4320,40253,44,252421
18419,0.000366,172.31.46.0-255,66,40319,44,252421
18420,0.000372,74.125.130.0-255,5738,46057,44,252421
18421,0.000375,172.31.46.0-255,66,46123,44,252421
18422,0.000411,74.125.130.0-255,7156,53279,44,252421
18423,0.000415,172.31.46.0-255,66,53345,44,252421
18424,0.000431,74.125.130.0-255,3961,57306,44,252421
18425,0.000434,172.31.46.0-255,66,57372,44,252421
18426,0.000449,74.125.130.0-255,1484,58856,44,252421
18427,0.000488,74.125.130.0-255,4320,63176,44,252421
18428,0.000491,172.31.46.0-255,66,63242,44,252421
18429,0.000507,74.125.130.0-255,2832,66074,44,252421
18430,0.000509,172.31.46.0-255,66,66140,44,252421
18431,0.000859,74.125.130.0-255,101,66241,44,252421
18432,0.001083,172.31.46.0-255,66,66307,44,252421
18433,0.001547,74.125.130.0-255,1484,67791,44,252421
18434,0.001557,74.125.130.0-255,1484,69275,44,252421
18435,0.001561,172.31.46.0-255,66,69341,44,252421
18436,0.001582,74.125.130.0-255,1484,70825,44,252421
18437,0.001589,74.125.130.0-255,4320,75145,44,252421
18438,0.001591,172.31.46.0-255,66,75211,44,252421
18439,0.001618,74.125.130.0-255,4320,79531,44,252421
18440,0.00162,172.31.46.0-255,66,79597,44,252421
18441,0.001644,74.125.130.0-255,5379,84976,44,252421
18442,0.001646,172.31.46.0-255,66,85042,44,252421
18443,0.001651,74.125.130.0-255,4320,89362,44,252421
18444,0.001653,172.31.46.0-255,66,89428,44,252421
18445,0.00167,74.125.130.0-255,5738,95166,44,252421
18446,0.001672,172.31.46.0-255,66,95232,44,252421
18447,0.001676,74.125.130.0-255,2902,98134,44,252421
18448,0.001678,172.31.46.0-255,66,98200,44,252421
18449,0.001703,74.125.130.0-255,7156,105356,44,252421
18450,0.001705,172.31.46.0-255,66,105422,44,252421
18451,0.001715,172.31.46.0-255,66,105488,44,252421
18452,0.001729,74.125.130.0-255,1484,106972,44,252421
18453,0.001732,74.125.130.0-255,766,107738,44,252421
18454,0.001733,172.31.46.0-255,66,107804,44,252421
18455,0.001961,74.125.130.0-255,1484,109288,44,252421
18456,0.001974,74.125.130.0-255,2902,112190,44,252421
18457,0.001978,172.31.46.0-255,66,112256,44,252421
18458,0.001995,74.125.130.0-255,2902,115158,44,252421
18459,0.001997,172.31.46.0-255,66,115224,44,252421
18460,0.002018,74.125.130.0-255,2902,118126,44,252421
18461,0.00202,172.31.46.0-255,66,118192,44,252421
18462,0.002023,74.125.130.0-255,1484,119676,44,252421
18463,0.002041,74.125.130.0-255,6797,126473,44,252421
18464,0.002044,172.31.46.0-255,66,126539,44,252421
18465,0.002053,172.31.46.0-255,66,126605,44,252421
18466,0.002074,74.125.130.0-255,4320,130925,44,252421
18467,0.002076,172.31.46.0-255,66,130991,44,252421
18468,0.002093,74.125.130.0-255,5738,136729,44,252421
18469,0.002095,172.31.46.0-255,66,136795,44,252421
18470,0.002099,74.125.130.0-255,4320,141115,44,252421
18471,0.002102,172.31.46.0-255,66,141181,44,252421
18472,0.002129,74.125.130.0-255,7156,148337,44,252421
18473,0.002131,172.31.46.0-255,66,148403,44,252421
18474,0.002135,74.125.130.0-255,2184,150587,44,252421
18475,0.002137,172.31.46.0-255,66,150653,44,252421
18476,0.00463,74.125.130.0-255,4320,154973,44,252421
18477,0.004635,172.31.46.0-255,66,155039,44,252421
18478,0.004647,74.125.130.0-255,1484,156523,44,252421
18479,0.007139,74.125.130.0-255,4320,160843,44,252421
18480,0.007146,172.31.46.0-255,66,160909,44,252421
18481,0.00967,74.125.130.0-255,5738,166647,44,252421
18482,0.00968,172.31.46.0-255,66,166713,44,252421
18483,0.01223,74.125.130.0-255,5738,172451,44,252421
18484,0.01224,172.31.46.0-255,66,172517,44,252421
18485,0.014751,74.125.130.0-255,4320,176837,44,252421
18486,0.014759,172.31.46.0-255,66,176903,44,252421
18487,0.014777,74.125.130.0-255,1484,178387,44,252421
18488,0.017273,74.125.130.0-255,4320,182707,44,252421
18489,0.017279,172.31.46.0-255,66,182773,44,252421
18490,0.0198,74.125.130.0-255,5738,188511,44,252421
18491,0.019809,172.31.46.0-255,66,188577,44,252421
18492,0.022323,74.125.130.0-255,5738,194315,44,252421
18493,0.02233,172.31.46.0-255,66,194381,44,252421
18494,0.024851,74.125.130.0-255,5738,200119,44,252421
18495,0.024861,172.31.46.0-255,66,200185,44,252421
18496,0.027386,74.125.130.0-255,5738,205923,44,252421
18497,0.027396,172.31.46.0-255,66,205989,44,252421
18498,0.029915,74.125.130.0-255,5738,211727,44,252421
18499,0.029923,172.31.46.0-255,66,211793,44,252421
18500,0.032441,74.125.130.0-255,5738,217531,44,252421
18501,0.03245,172.31.46.0-255,66,217597,44,252421
18502,0.034969,74.125.130.0-255,5738,223335,44,252421
18503,0.034979,172.31.46.0-255,66,223401,44,252421
18504,0.037559,74.125.130.0-255,5738,229139,44,252421
18505,0.037575,172.31.46.0-255,66,229205,44,252421
18506,0.040109,74.125.130.0-255,5738,234943,44,252421
18507,0.040126,172.31.46.0-255,66,235009,44,252421
18508,0.042654,74.125.130.0-255,5738,240747,44,252421
18509,0.042667,172.31.46.0-255,66,240813,44,252421
18510,0.045218,74.125.130.0-255,5738,246551,44,252421
18511,0.045238,172.31.46.0-255,66,246617,44,252421
18512,0.047749,74.125.130.0-255,5738,252355,44,252421
18513,0.047759,172.31.46.0-255,66,252421,44,252421
18514,0.0,74.125.24.0-255,292,292,44,197202
18515,2.3e-05,172.31.46.0-255,66,358,44,197202
18516,2.9e-05,74.125.24.0-255,1484,1842,44,197202
18517,3.2e-05,172.31.46.0-255,66,1908,44,197202
18518,3.9e-05,74.125.24.0-255,4320,6228,44,197202
18519,4.2e-05,172.31.46.0-255,66,6294,44,197202
18520,5.3e-05,172.31.46.0-255,66,6360,44,197202
18521,5.6e-05,74.125.24.0-255,1484,7844,44,197202
18522,5.9e-05,172.31.46.0-255,66,7910,44,197202
18523,6.5e-05,74.125.24.0-255,4320,12230,44,197202
18524,6.8e-05,172.31.46.0-255,66,12296,44,197202
18525,9.5e-05,172.31.46.0-255,66,12362,44,197202
18526,9.8e-05,74.125.24.0-255,1125,13487,44,197202
18527,0.0001,172.31.46.0-255,66,13553,44,197202
18528,0.000594,74.125.24.0-255,1484,15037,44,197202
18529,0.0006,172.31.46.0-255,66,15103,44,197202
18530,0.000605,74.125.24.0-255,2902,18005,44,197202
18531,0.000607,172.31.46.0-255,66,18071,44,197202
18532,0.000614,74.125.24.0-255,5738,23809,44,197202
18533,0.000616,172.31.46.0-255,66,23875,44,197202
18534,0.000638,74.125.24.0-255,1484,25359,44,197202
18535,0.00064,172.31.46.0-255,66,25425,44,197202
18536,0.000672,172.31.46.0-255,66,25491,44,197202
18537,0.000684,172.31.46.0-255,66,25557,44,197202
18538,0.000702,74.125.24.0-255,1395,26952,44,197202
18539,0.000704,172.31.46.0-255,66,27018,44,197202
18540,0.000968,74.125.24.0-255,384,27402,44,197202
18541,0.000974,172.31.46.0-255,66,27468,44,197202
18542,0.001484,74.125.24.0-255,1484,28952,44,197202
18543,0.001496,74.125.24.0-255,2902,31854,44,197202
18544,0.001503,74.125.24.0-255,5738,37592,44,197202
18545,0.001508,74.125.24.0-255,4320,41912,44,197202
18546,0.001522,74.125.24.0-255,1484,43396,44,197202
18547,0.001559,74.125.24.0-255,2902,46298,44,197202
18548,0.001579,74.125.24.0-255,5020,51318,44,197202
18549,0.00181,74.125.24.0-255,1484,52802,44,197202
18550,0.001818,74.125.24.0-255,2902,55704,44,197202
18551,0.00182,74.125.24.0-255,1484,57188,44,197202
18552,0.001842,74.125.24.0-255,4320,61508,44,197202
18553,0.001938,74.125.24.0-255,2902,64410,44,197202
18554,0.00204,74.125.24.0-255,1484,65894,44,197202
18555,0.003983,172.31.46.0-255,66,65960,44,197202
18556,0.004718,172.31.46.0-255,101,66061,44,197202
18557,0.006041,74.125.24.0-255,5738,71799,44,197202
18558,0.006066,172.31.46.0-255,66,71865,44,197202
18559,0.00672,74.125.24.0-255,66,71931,44,197202
18560,0.008118,74.125.24.0-255,5738,77669,44,197202
18561,0.008154,172.31.46.0-255,66,77735,44,197202
18562,0.010209,74.125.24.0-255,5738,83473,44,197202
18563,0.010218,172.31.46.0-255,66,83539,44,197202
18564,0.012295,74.125.24.0-255,5738,89277,44,197202
18565,0.012537,172.31.46.0-255,66,89343,44,197202
18566,0.014616,74.125.24.0-255,5738,95081,44,197202
18567,0.014626,172.31.46.0-255,66,95147,44,197202
18568,0.01672,74.125.24.0-255,5738,100885,44,197202
18569,0.016731,172.31.46.0-255,66,100951,44,197202
18570,0.018795,74.125.24.0-255,5738,106689,44,197202
18571,0.018806,172.31.46.0-255,66,106755,44,197202
18572,0.020865,74.125.24.0-255,5738,112493,44,197202
18573,0.020873,172.31.46.0-255,66,112559,44,197202
18574,0.022929,74.125.24.0-255,5738,118297,44,197202
18575,0.022936,172.31.46.0-255,66,118363,44,197202
18576,0.024966,74.125.24.0-255,5738,124101,44,197202
18577,0.024973,172.31.46.0-255,66,124167,44,197202
18578,0.027042,74.125.24.0-255,5738,129905,44,197202
18579,0.027048,172.31.46.0-255,66,129971,44,197202
18580,0.02912,74.125.24.0-255,5738,135709,44,197202
18581,0.029127,172.31.46.0-255,66,135775,44,197202
18582,0.031196,74.125.24.0-255,5738,141513,44,197202
18583,0.031203,172.31.46.0-255,66,141579,44,197202
18584,0.033277,74.125.24.0-255,5738,147317,44,197202
18585,0.033285,172.31.46.0-255,66,147383,44,197202
18586,0.035329,74.125.24.0-255,5738,153121,44,197202
18587,0.035336,172.31.46.0-255,66,153187,44,197202
18588,0.037424,74.125.24.0-255,5738,158925,44,197202
18589,0.038218,172.31.46.0-255,66,158991,44,197202
18590,0.039785,172.31.46.0-255,172,159163,44,197202
18591,0.039815,172.31.46.0-255,1114,160277,44,197202
18592,0.039882,172.31.46.0-255,1514,161791,44,197202
18593,0.039884,172.31.46.0-255,1514,163305,44,197202
18594,0.039885,172.31.46.0-255,1514,164819,44,197202
18595,0.039887,172.31.46.0-255,1514,166333,44,197202
18596,0.039916,172.31.46.0-255,1514,167847,44,197202
18597,0.039918,172.31.46.0-255,71,167918,44,197202
18598,0.040299,74.125.24.0-255,5738,173656,44,197202
18599,0.040307,172.31.46.0-255,66,173722,44,197202
18600,0.041332,104.244.42.0-255,66,173788,44,197202
18601,0.041467,104.244.42.0-255,66,173854,44,197202
18602,0.041497,104.244.42.0-255,66,173920,44,197202
18603,0.041502,104.244.42.0-255,66,173986,44,197202
18604,0.042386,74.125.24.0-255,5738,179724,44,197202
18605,0.042392,172.31.46.0-255,66,179790,44,197202
18606,0.044457,74.125.24.0-255,5738,185528,44,197202
18607,0.044463,172.31.46.0-255,66,185594,44,197202
18608,0.046523,74.125.24.0-255,5738,191332,44,197202
18609,0.046529,172.31.46.0-255,66,191398,44,197202
18610,0.048628,74.125.24.0-255,5738,197136,44,197202
18611,0.048635,172.31.46.0-255,66,197202,44,197202
18612,0.0,172.217.194.0-255,146,146,44,205849
18613,1.9e-05,172.31.46.0-255,66,212,44,205849
18614,2.6e-05,172.217.194.0-255,1484,1696,44,205849
18615,3.1e-05,172.31.46.0-255,66,1762,44,205849
18616,3.7e-05,172.217.194.0-255,2902,4664,44,205849
18617,5e-05,172.31.46.0-255,66,4730,44,205849
18618,5.8e-05,172.217.194.0-255,7156,11886,44,205849
18619,6.1e-05,172.31.46.0-255,66,11952,44,205849
18620,6.5e-05,172.217.194.0-255,2105,14057,44,205849
18621,6.8e-05,172.31.46.0-255,66,14123,44,205849
18622,0.000187,172.217.194.0-255,1484,15607,44,205849
18623,0.000191,172.31.46.0-255,66,15673,44,205849
18624,0.000197,172.217.194.0-255,2902,18575,44,205849
18625,0.0002,172.31.46.0-255,66,18641,44,205849
18626,0.000212,172.217.194.0-255,5738,24379,44,205849
18627,0.000215,172.31.46.0-255,66,24445,44,205849
18628,0.000252,172.217.194.0-255,6797,31242,44,205849
18629,0.000255,172.31.46.0-255,66,31308,44,205849
18630,0.000275,172.217.194.0-255,1484,32792,44,205849
18631,0.000278,172.31.46.0-255,66,32858,44,205849
18632,0.000307,172.217.194.0-255,5738,38596,44,205849
18633,0.00031,172.31.46.0-255,66,38662,44,205849
18634,0.000321,172.31.46.0-255,66,38728,44,205849
18635,0.001807,172.217.194.0-255,1484,40212,44,205849
18636,0.001815,172.31.46.0-255,66,40278,44,205849
18637,0.001825,172.217.194.0-255,2902,43180,44,205849
18638,0.001832,172.31.46.0-255,66,43246,44,205849
18639,0.00184,172.217.194.0-255,5738,48984,44,205849
18640,0.001842,172.31.46.0-255,66,49050,44,205849
18641,0.001865,172.217.194.0-255,1484,50534,44,205849
18642,0.001867,172.31.46.0-255,66,50600,44,205849
18643,0.001904,172.31.46.0-255,66,50666,44,205849
18644,0.001919,172.31.46.0-255,66,50732,44,205849
18645,0.001927,172.217.194.0-255,7156,57888,44,205849
18646,0.001929,172.31.46.0-255,66,57954,44,205849
18647,0.001965,172.217.194.0-255,5020,62974,44,205849
18648,0.001967,172.31.46.0-255,66,63040,44,205849
18649,0.002123,172.217.194.0-255,647,63687,44,205849
18650,0.00214,172.217.194.0-255,1484,65171,44,205849
18651,0.002143,172.31.46.0-255,66,65237,44,205849
18652,0.002164,172.217.194.0-255,4320,69557,44,205849
18653,0.002167,172.31.46.0-255,66,69623,44,205849
18654,0.002173,172.217.194.0-255,4320,73943,44,205849
18655,0.002175,172.31.46.0-255,66,74009,44,205849
18656,0.0022,172.217.194.0-255,2902,76911,44,205849
18657,0.002202,172.31.46.0-255,66,76977,44,205849
18658,0.002228,172.217.194.0-255,3296,80273,44,205849
18659,0.002231,172.31.46.0-255,66,80339,44,205849
18660,0.004499,172.217.194.0-255,1484,81823,44,205849
18661,0.004519,172.217.194.0-255,4320,86143,44,205849
18662,0.004523,172.31.46.0-255,66,86209,44,205849
18663,0.006826,172.217.194.0-255,5738,91947,44,205849
18664,0.006832,172.31.46.0-255,66,92013,44,205849
18665,0.009119,172.217.194.0-255,5738,97751,44,205849
18666,0.009127,172.31.46.0-255,66,97817,44,205849
18667,0.011423,172.217.194.0-255,5738,103555,44,205849
18668,0.011431,172.31.46.0-255,66,103621,44,205849
18669,0.01372,172.217.194.0-255,5738,109359,44,205849
18670,0.013727,172.31.46.0-255,66,109425,44,205849
18671,0.016026,172.217.194.0-255,5738,115163,44,205849
18672,0.016038,172.31.46.0-255,66,115229,44,205849
18673,0.018318,172.217.194.0-255,5738,120967,44,205849
18674,0.018326,172.31.46.0-255,66,121033,44,205849
18675,0.020655,172.217.194.0-255,5738,126771,44,205849
18676,0.020669,172.31.46.0-255,66,126837,44,205849
18677,0.022996,172.217.194.0-255,5738,132575,44,205849
18678,0.023004,172.31.46.0-255,66,132641,44,205849
18679,0.025301,172.217.194.0-255,5738,138379,44,205849
18680,0.02531,172.31.46.0-255,66,138445,44,205849
18681,0.027606,172.217.194.0-255,5738,144183,44,205849
18682,0.027616,172.31.46.0-255,66,144249,44,205849
18683,0.02993,172.217.194.0-255,5738,149987,44,205849
18684,0.029939,172.31.46.0-255,66,150053,44,205849
18685,0.032252,172.217.194.0-255,5738,155791,44,205849
18686,0.03226,172.31.46.0-255,66,155857,44,205849
18687,0.034379,172.31.46.0-255,172,156029,44,205849
18688,0.034413,172.31.46.0-255,1114,157143,44,205849
18689,0.034481,172.31.46.0-255,1514,158657,44,205849
18690,0.034483,172.31.46.0-255,1514,160171,44,205849
18691,0.034484,172.31.46.0-255,1514,161685,44,205849
18692,0.034485,172.31.46.0-255,1514,163199,44,205849
18693,0.034513,172.31.46.0-255,1514,164713,44,205849
18694,0.034514,172.31.46.0-255,70,164783,44,205849
18695,0.034571,172.217.194.0-255,5738,170521,44,205849
18696,0.034576,172.31.46.0-255,66,170587,44,205849
18697,0.035941,104.244.42.0-255,66,170653,44,205849
18698,0.035962,104.244.42.0-255,66,170719,44,205849
18699,0.036057,104.244.42.0-255,66,170785,44,205849
18700,0.036062,104.244.42.0-255,66,170851,44,205849
18701,0.036695,104.244.42.0-255,108,170959,44,205849
18702,0.036703,172.31.46.0-255,66,171025,44,205849
18703,0.036881,172.217.194.0-255,5738,176763,44,205849
18704,0.036885,172.31.46.0-255,66,176829,44,205849
18705,0.039179,172.217.194.0-255,5738,182567,44,205849
18706,0.039185,172.31.46.0-255,66,182633,44,205849
18707,0.041493,172.217.194.0-255,5738,188371,44,205849
18708,0.0415,172.31.46.0-255,66,188437,44,205849
18709,0.043834,172.217.194.0-255,5738,194175,44,205849
18710,0.043839,172.31.46.0-255,66,194241,44,205849
18711,0.046159,172.217.194.0-255,5738,199979,44,205849
18712,0.046166,172.31.46.0-255,66,200045,44,205849
18713,0.04848,172.217.194.0-255,5738,205783,44,205849
18714,0.048486,172.31.46.0-255,66,205849,44,205849
18715,0.0,74.125.200.0-255,150,150,44,270886
18716,2.5e-05,172.31.46.0-255,66,216,44,270886
18717,3.2e-05,74.125.200.0-255,1484,1700,44,270886
18718,3.8e-05,172.31.46.0-255,66,1766,44,270886
18719,4.4e-05,74.125.200.0-255,2902,4668,44,270886
18720,4.8e-05,172.31.46.0-255,66,4734,44,270886
18721,5.7e-05,74.125.200.0-255,7156,11890,44,270886
18722,6e-05,172.31.46.0-255,66,11956,44,270886
18723,6.5e-05,74.125.200.0-255,1993,13949,44,270886
18724,6.7e-05,172.31.46.0-255,66,14015,44,270886
18725,9.8e-05,74.125.200.0-255,1484,15499,44,270886
18726,0.000101,172.31.46.0-255,66,15565,44,270886
18727,0.000116,74.125.200.0-255,2902,18467,44,270886
18728,0.000119,172.31.46.0-255,66,18533,44,270886
18729,0.000136,74.125.200.0-255,4320,22853,44,270886
18730,0.000138,172.31.46.0-255,66,22919,44,270886
18731,0.000165,74.125.200.0-255,1484,24403,44,270886
18732,0.000167,172.31.46.0-255,66,24469,44,270886
18733,0.000176,74.125.200.0-255,6797,31266,44,270886
18734,0.000178,172.31.46.0-255,66,31332,44,270886
18735,0.000205,74.125.200.0-255,1484,32816,44,270886
18736,0.000208,172.31.46.0-255,66,32882,44,270886
18737,0.000245,74.125.200.0-255,1484,34366,44,270886
18738,0.000249,172.31.46.0-255,66,34432,44,270886
18739,0.000258,74.125.200.0-255,2902,37334,44,270886
18740,0.000261,172.31.46.0-255,66,37400,44,270886
18741,0.000296,74.125.200.0-255,5738,43138,44,270886
18742,0.000298,172.31.46.0-255,66,43204,44,270886
18743,0.000305,74.125.200.0-255,5379,48583,44,270886
18744,0.000307,172.31.46.0-255,66,48649,44,270886
18745,0.000402,74.125.200.0-255,1484,50133,44,270886
18746,0.000405,172.31.46.0-255,66,50199,44,270886
18747,0.000428,74.125.200.0-255,2902,53101,44,270886
18748,0.000437,74.125.200.0-255,5738,58839,44,270886
18749,0.000464,74.125.200.0-255,1484,60323,44,270886
18750,0.000485,74.125.200.0-255,4320,64643,44,270886
18751,0.000489,74.125.200.0-255,1425,66068,44,270886
18752,0.00062,74.125.200.0-255,378,66446,44,270886
18753,0.000652,172.31.46.0-255,66,66512,44,270886
18754,0.000734,74.125.200.0-255,1484,67996,44,270886
18755,0.000751,74.125.200.0-255,1484,69480,44,270886
18756,0.000756,74.125.200.0-255,2902,72382,44,270886
18757,0.000772,74.125.200.0-255,5738,78120,44,270886
18758,0.000779,172.31.46.0-255,66,78186,44,270886
18759,0.000802,74.125.200.0-255,5379,83565,44,270886
18760,0.000826,172.31.46.0-255,66,83631,44,270886
18761,0.000875,74.125.200.0-255,1484,85115,44,270886
18762,0.000892,74.125.200.0-255,2902,88017,44,270886
18763,0.000895,74.125.200.0-255,1484,89501,44,270886
18764,0.000909,74.125.200.0-255,2902,92403,44,270886
18765,0.000926,172.31.46.0-255,66,92469,44,270886
18766,0.000944,74.125.200.0-255,5738,98207,44,270886
18767,0.000948,74.125.200.0-255,2543,100750,44,270886
18768,0.000971,172.31.46.0-255,66,100816,44,270886
18769,0.002016,74.125.200.0-255,1484,102300,44,270886
18770,0.002028,74.125.200.0-255,2902,105202,44,270886
18771,0.002034,172.31.46.0-255,66,105268,44,270886
18772,0.002041,74.125.200.0-255,2902,108170,44,270886
18773,0.002043,172.31.46.0-255,66,108236,44,270886
18774,0.00206,74.125.200.0-255,2902,111138,44,270886
18775,0.002091,74.125.200.0-255,2902,114040,44,270886
18776,0.002122,74.125.200.0-255,2184,116224,44,270886
18777,0.002161,74.125.200.0-255,1484,117708,44,270886
18778,0.002165,74.125.200.0-255,1484,119192,44,270886
18779,0.002181,74.125.200.0-255,1484,120676,44,270886
18780,0.002186,74.125.200.0-255,2902,123578,44,270886
18781,0.002203,74.125.200.0-255,2902,126480,44,270886
18782,0.002207,74.125.200.0-255,1484,127964,44,270886
18783,0.002276,74.125.200.0-255,2184,130148,44,270886
18784,0.002346,74.125.200.0-255,1484,131632,44,270886
18785,0.002359,74.125.200.0-255,1484,133116,44,270886
18786,0.002384,74.125.200.0-255,2902,136018,44,270886
18787,0.002414,74.125.200.0-255,5738,141756,44,270886
18788,0.002418,74.125.200.0-255,2902,144658,44,270886
18789,0.002428,74.125.200.0-255,2902,147560,44,270886
18790,0.00244,74.125.200.0-255,1484,149044,44,270886
18791,0.002462,74.125.200.0-255,5738,154782,44,270886
18792,0.00248,74.125.200.0-255,2902,157684,44,270886
18793,0.002485,74.125.200.0-255,4320,162004,44,270886
18794,0.00252,74.125.200.0-255,2184,164188,44,270886
18795,0.005008,172.31.46.0-255,66,164254,44,270886
18796,0.007499,74.125.200.0-255,5738,169992,44,270886
18797,0.00751,172.31.46.0-255,66,170058,44,270886
18798,0.009998,74.125.200.0-255,5738,175796,44,270886
18799,0.01001,172.31.46.0-255,66,175862,44,270886
18800,0.012506,74.125.200.0-255,5738,181600,44,270886
18801,0.012524,172.31.46.0-255,66,181666,44,270886
18802,0.015022,74.125.200.0-255,5738,187404,44,270886
18803,0.016812,172.31.46.0-255,66,187470,44,270886
18804,0.01929,74.125.200.0-255,5738,193208,44,270886
18805,0.019298,172.31.46.0-255,66,193274,44,270886
18806,0.021798,74.125.200.0-255,5738,199012,44,270886
18807,0.021808,172.31.46.0-255,66,199078,44,270886
18808,0.024324,74.125.200.0-255,5738,204816,44,270886
18809,0.024333,172.31.46.0-255,66,204882,44,270886
18810,0.026809,74.125.200.0-255,5738,210620,44,270886
18811,0.026816,172.31.46.0-255,66,210686,44,270886
18812,0.029305,74.125.200.0-255,5738,216424,44,270886
18813,0.029314,172.31.46.0-255,66,216490,44,270886
18814,0.030192,172.31.46.0-255,172,216662,44,270886
18815,0.03023,172.31.46.0-255,1113,217775,44,270886
18816,0.030301,172.31.46.0-255,1514,219289,44,270886
18817,0.030303,172.31.46.0-255,1514,220803,44,270886
18818,0.030304,172.31.46.0-255,1514,222317,44,270886
18819,0.030305,172.31.46.0-255,1514,223831,44,270886
18820,0.030307,172.31.46.0-255,557,224388,44,270886
18821,0.031795,74.125.200.0-255,5738,230126,44,270886
18822,0.031806,172.31.46.0-255,66,230192,44,270886
18823,0.03184,104.244.42.0-255,66,230258,44,270886
18824,0.034298,74.125.200.0-255,5738,235996,44,270886
18825,0.034308,172.31.46.0-255,66,236062,44,270886
18826,0.036804,74.125.200.0-255,5738,241800,44,270886
18827,0.036814,172.31.46.0-255,66,241866,44,270886
18828,0.039307,74.125.200.0-255,5738,247604,44,270886
18829,0.039316,172.31.46.0-255,66,247670,44,270886
18830,0.041795,74.125.200.0-255,5738,253408,44,270886
18831,0.041803,172.31.46.0-255,66,253474,44,270886
18832,0.044286,74.125.200.0-255,5738,259212,44,270886
18833,0.044299,172.31.46.0-255,66,259278,44,270886
18834,0.046797,74.125.200.0-255,5738,265016,44,270886
18835,0.046811,172.31.46.0-255,66,265082,44,270886
18836,0.049291,74.125.200.0-255,5738,270820,44,270886
18837,0.049299,172.31.46.0-255,66,270886,44,270886
18838,0.0,172.217.194.0-255,146,146,44,120004
18839,2.5e-05,172.31.46.0-255,66,212,44,120004
18840,3.2e-05,172.217.194.0-255,1484,1696,44,120004
18841,3.7e-05,172.31.46.0-255,66,1762,44,120004
18842,4.3e-05,172.217.194.0-255,2902,4664,44,120004
18843,4.6e-05,172.31.46.0-255,66,4730,44,120004
18844,5.4e-05,172.217.194.0-255,7156,11886,44,120004
18845,5.8e-05,172.31.46.0-255,66,11952,44,120004
18846,7.5e-05,172.217.194.0-255,2078,14030,44,120004
18847,7.8e-05,172.31.46.0-255,66,14096,44,120004
18848,0.000427,172.217.194.0-255,1484,15580,44,120004
18849,0.000432,172.31.46.0-255,66,15646,44,120004
18850,0.000438,172.217.194.0-255,2902,18548,44,120004
18851,0.000441,172.31.46.0-255,66,18614,44,120004
18852,0.000448,172.217.194.0-255,5738,24352,44,120004
18853,0.00045,172.31.46.0-255,66,24418,44,120004
18854,0.000455,172.217.194.0-255,4320,28738,44,120004
18855,0.000457,172.31.46.0-255,66,28804,44,120004
18856,0.00049,172.31.46.0-255,66,28870,44,120004
18857,0.000493,172.217.194.0-255,1484,30354,44,120004
18858,0.000494,172.31.46.0-255,66,30420,44,120004
18859,0.000518,172.217.194.0-255,2902,33322,44,120004
18860,0.00052,172.31.46.0-255,66,33388,44,120004
18861,0.000555,172.31.46.0-255,66,33454,44,120004
18862,0.000561,172.217.194.0-255,6438,39892,44,120004
18863,0.000563,172.31.46.0-255,66,39958,44,120004
18864,0.0006,172.217.194.0-255,379,40337,44,120004
18865,0.000602,172.31.46.0-255,66,40403,44,120004
18866,0.000639,172.217.194.0-255,366,40769,44,120004
18867,0.000642,172.31.46.0-255,66,40835,44,120004
18868,0.00095,172.217.194.0-255,1484,42319,44,120004
18869,0.000957,172.217.194.0-255,2902,45221,44,120004
18870,0.00096,172.31.46.0-255,66,45287,44,120004
18871,0.000983,172.217.194.0-255,5738,51025,44,120004
18872,0.000994,172.31.46.0-255,66,51091,44,120004
18873,0.001011,172.31.46.0-255,66,51157,44,120004
18874,0.001051,172.217.194.0-255,4320,55477,44,120004
18875,0.00106,172.31.46.0-255,66,55543,44,120004
18876,0.001098,172.31.46.0-255,66,55609,44,120004
18877,0.001253,172.217.194.0-255,1484,57093,44,120004
18878,0.001258,172.217.194.0-255,2902,59995,44,120004
18879,0.00126,172.31.46.0-255,66,60061,44,120004
18880,0.001272,172.217.194.0-255,1484,61545,44,120004
18881,0.001285,172.217.194.0-255,4320,65865,44,120004
18882,0.001308,172.31.46.0-255,66,65931,44,120004
18883,0.001312,172.31.46.0-255,66,65997,44,120004
18884,0.00133,172.217.194.0-255,4320,70317,44,120004
18885,0.001342,172.31.46.0-255,66,70383,44,120004
18886,0.001359,172.217.194.0-255,2184,72567,44,120004
18887,0.001365,172.31.46.0-255,66,72633,44,120004
18888,0.001799,172.217.194.0-255,1484,74117,44,120004
18889,0.001809,172.217.194.0-255,2902,77019,44,120004
18890,0.001813,172.31.46.0-255,66,77085,44,120004
18891,0.001821,172.217.194.0-255,5738,82823,44,120004
18892,0.002007,172.217.194.0-255,1484,84307,44,120004
18893,0.002014,172.217.194.0-255,2902,87209,44,120004
18894,0.002033,172.217.194.0-255,5738,92947,44,120004
18895,0.002066,172.217.194.0-255,1484,94431,44,120004
18896,0.002115,172.217.194.0-255,4320,98751,44,120004
18897,0.002186,172.217.194.0-255,1484,100235,44,120004
18898,0.002211,172.217.194.0-255,7156,107391,44,120004
18899,0.002243,172.217.194.0-255,1484,108875,44,120004
18900,0.002296,172.217.194.0-255,2902,111777,44,120004
18901,0.002392,172.217.194.0-255,5738,117515,44,120004
18902,0.002525,172.217.194.0-255,97,117612,44,120004
18903,0.002527,172.217.194.0-255,105,117717,44,120004
18904,0.004911,172.31.46.0-255,66,117783,44,120004
18905,0.006618,172.31.46.0-255,105,117888,44,120004
18906,0.009146,172.217.194.0-255,66,117954,44,120004
18907,0.037146,172.31.46.0-255,172,118126,44,120004
18908,0.03718,172.31.46.0-255,1114,119240,44,120004
18909,0.037235,172.31.46.0-255,566,119806,44,120004
18910,0.038681,104.244.42.0-255,66,119872,44,120004
18911,0.038704,104.244.42.0-255,66,119938,44,120004
18912,0.038753,104.244.42.0-255,66,120004,44,120004
18913,0.0,74.125.200.0-255,150,150,44,266438
18914,2.7e-05,172.31.46.0-255,66,216,44,266438
18915,3.5e-05,74.125.200.0-255,1484,1700,44,266438
18916,4e-05,172.31.46.0-255,66,1766,44,266438
18917,4.5e-05,74.125.200.0-255,2902,4668,44,266438
18918,4.8e-05,172.31.46.0-255,66,4734,44,266438
18919,5.3e-05,74.125.200.0-255,4320,9054,44,266438
18920,5.6e-05,172.31.46.0-255,66,9120,44,266438
18921,8.5e-05,74.125.200.0-255,4842,13962,44,266438
18922,8.8e-05,172.31.46.0-255,66,14028,44,266438
18923,0.000185,74.125.200.0-255,1484,15512,44,266438
18924,0.000188,172.31.46.0-255,66,15578,44,266438
18925,0.000202,74.125.200.0-255,2902,18480,44,266438
18926,0.000204,172.31.46.0-255,66,18546,44,266438
18927,0.000227,74.125.200.0-255,1484,20030,44,266438
18928,0.000229,172.31.46.0-255,66,20096,44,266438
18929,0.000233,74.125.200.0-255,1484,21580,44,266438
18930,0.000235,172.31.46.0-255,66,21646,44,266438
18931,0.00025,74.125.200.0-255,1484,23130,44,266438
18932,0.000252,172.31.46.0-255,66,23196,44,266438
18933,0.000259,74.125.200.0-255,5738,28934,44,266438
18934,0.00026,172.31.46.0-255,66,29000,44,266438
18935,0.000285,74.125.200.0-255,2543,31543,44,266438
18936,0.000288,172.31.46.0-255,66,31609,44,266438
18937,0.000423,74.125.200.0-255,1484,33093,44,266438
18938,0.000427,172.31.46.0-255,66,33159,44,266438
18939,0.00047,74.125.200.0-255,2902,36061,44,266438
18940,0.000473,172.31.46.0-255,66,36127,44,266438
18941,0.000517,74.125.200.0-255,5738,41865,44,266438
18942,0.000519,172.31.46.0-255,66,41931,44,266438
18943,0.000524,74.125.200.0-255,2902,44833,44,266438
18944,0.000526,172.31.46.0-255,66,44899,44,266438
18945,0.000541,74.125.200.0-255,3961,48860,44,266438
18946,0.000601,172.31.46.0-255,66,48926,44,266438
18947,0.000977,74.125.200.0-255,1484,50410,44,266438
18948,0.000986,74.125.200.0-255,2902,53312,44,266438
18949,0.000996,172.31.46.0-255,66,53378,44,266438
18950,0.001014,74.125.200.0-255,5738,59116,44,266438
18951,0.001032,74.125.200.0-255,5738,64854,44,266438
18952,0.001047,172.31.46.0-255,66,64920,44,266438
18953,0.00105,74.125.200.0-255,1125,66045,44,266438
18954,0.001077,74.125.200.0-255,1484,67529,44,266438
18955,0.001089,74.125.200.0-255,2902,70431,44,266438
18956,0.001094,172.31.46.0-255,66,70497,44,266438
18957,0.001117,74.125.200.0-255,5738,76235,44,266438
18958,0.001132,74.125.200.0-255,1484,77719,44,266438
18959,0.001146,74.125.200.0-255,4320,82039,44,266438
18960,0.00115,172.31.46.0-255,66,82105,44,266438
18961,0.001166,74.125.200.0-255,1704,83809,44,266438
18962,0.001178,172.31.46.0-255,66,83875,44,266438
18963,0.001185,74.125.200.0-255,1484,85359,44,266438
18964,0.0012,74.125.200.0-255,2902,88261,44,266438
18965,0.001214,74.125.200.0-255,5738,93999,44,266438
18966,0.001225,172.31.46.0-255,66,94065,44,266438
18967,0.001237,74.125.200.0-255,4320,98385,44,266438
18968,0.001265,172.31.46.0-255,66,98451,44,266438
18969,0.001274,74.125.200.0-255,2543,100994,44,266438
18970,0.001297,172.31.46.0-255,66,101060,44,266438
18971,0.001877,74.125.200.0-255,1484,102544,44,266438
18972,0.001884,74.125.200.0-255,2902,105446,44,266438
18973,0.001888,172.31.46.0-255,66,105512,44,266438
18974,0.001913,74.125.200.0-255,5738,111250,44,266438
18975,0.001921,172.31.46.0-255,66,111316,44,266438
18976,0.00194,74.125.200.0-255,4320,115636,44,266438
18977,0.00195,172.31.46.0-255,66,115702,44,266438
18978,0.001992,74.125.200.0-255,4320,120022,44,266438
18979,0.00201,172.31.46.0-255,66,120088,44,266438
18980,0.002017,74.125.200.0-255,6438,126526,44,266438
18981,0.002022,172.31.46.0-255,66,126592,44,266438
18982,0.002282,74.125.200.0-255,1484,128076,44,266438
18983,0.002289,74.125.200.0-255,2902,130978,44,266438
18984,0.002293,172.31.46.0-255,66,131044,44,266438
18985,0.002297,74.125.200.0-255,1484,132528,44,266438
18986,0.00232,74.125.200.0-255,4320,136848,44,266438
18987,0.002336,74.125.200.0-255,4320,141168,44,266438
18988,0.002384,74.125.200.0-255,5738,146906,44,266438
18989,0.002403,172.31.46.0-255,66,146972,44,266438
18990,0.004716,74.125.200.0-255,5738,152710,44,266438
18991,0.004739,172.31.46.0-255,66,152776,44,266438
18992,0.007059,74.125.200.0-255,5738,158514,44,266438
18993,0.008911,172.31.46.0-255,66,158580,44,266438
18994,0.011243,74.125.200.0-255,5738,164318,44,266438
18995,0.011262,172.31.46.0-255,66,164384,44,266438
18996,0.013595,74.125.200.0-255,5738,170122,44,266438
18997,0.013612,172.31.46.0-255,66,170188,44,266438
18998,0.015961,74.125.200.0-255,5738,175926,44,266438
18999,0.016745,172.31.46.0-255,66,175992,44,266438
19000,0.019088,74.125.200.0-255,5738,181730,44,266438
19001,0.019106,172.31.46.0-255,66,181796,44,266438
19002,0.021438,74.125.200.0-255,5738,187534,44,266438
19003,0.021457,172.31.46.0-255,66,187600,44,266438
19004,0.023768,74.125.200.0-255,5738,193338,44,266438
19005,0.023778,172.31.46.0-255,66,193404,44,266438
19006,0.026108,74.125.200.0-255,5738,199142,44,266438
19007,0.026125,172.31.46.0-255,66,199208,44,266438
19008,0.0285,74.125.200.0-255,5738,204946,44,266438
19009,0.028516,172.31.46.0-255,66,205012,44,266438
19010,0.030847,74.125.200.0-255,5738,210750,44,266438
19011,0.030856,172.31.46.0-255,66,210816,44,266438
19012,0.033199,74.125.200.0-255,5738,216554,44,266438
19013,0.033208,172.31.46.0-255,66,216620,44,266438
19014,0.035538,74.125.200.0-255,5738,222358,44,266438
19015,0.035548,172.31.46.0-255,66,222424,44,266438
19016,0.03787,74.125.200.0-255,5738,228162,44,266438
19017,0.037884,172.31.46.0-255,66,228228,44,266438
19018,0.040055,172.31.46.0-255,172,228400,44,266438
19019,0.040088,172.31.46.0-255,1114,229514,44,266438
19020,0.040179,172.31.46.0-255,1514,231028,44,266438
19021,0.040181,172.31.46.0-255,1514,232542,44,266438
19022,0.040186,172.31.46.0-255,1514,234056,44,266438
19023,0.040212,172.31.46.0-255,1514,235570,44,266438
19024,0.040222,74.125.200.0-255,5738,241308,44,266438
19025,0.040231,172.31.46.0-255,66,241374,44,266438
19026,0.040238,172.31.46.0-255,1514,242888,44,266438
19027,0.04024,172.31.46.0-255,70,242958,44,266438
19028,0.041629,104.244.42.0-255,66,243024,44,266438
19029,0.041643,104.244.42.0-255,66,243090,44,266438
19030,0.04181,104.244.42.0-255,66,243156,44,266438
19031,0.041817,104.244.42.0-255,66,243222,44,266438
19032,0.042558,74.125.200.0-255,5738,248960,44,266438
19033,0.042569,172.31.46.0-255,66,249026,44,266438
19034,0.044937,74.125.200.0-255,5738,254764,44,266438
19035,0.044951,172.31.46.0-255,66,254830,44,266438
19036,0.047282,74.125.200.0-255,5738,260568,44,266438
19037,0.047298,172.31.46.0-255,66,260634,44,266438
19038,0.04962,74.125.200.0-255,5738,266372,44,266438
19039,0.049632,172.31.46.0-255,66,266438,44,266438
19040,0.0,74.125.200.0-255,150,150,44,264351
19041,2.4e-05,172.31.46.0-255,66,216,44,264351
19042,3.1e-05,74.125.200.0-255,1484,1700,44,264351
19043,3.5e-05,172.31.46.0-255,66,1766,44,264351
19044,4.2e-05,74.125.200.0-255,2902,4668,44,264351
19045,4.5e-05,172.31.46.0-255,66,4734,44,264351
19046,5.4e-05,74.125.200.0-255,7156,11890,44,264351
19047,5.7e-05,172.31.46.0-255,66,11956,44,264351
19048,8.9e-05,74.125.200.0-255,2046,14002,44,264351
19049,9.2e-05,172.31.46.0-255,66,14068,44,264351
19050,0.000227,74.125.200.0-255,1484,15552,44,264351
19051,0.000232,172.31.46.0-255,66,15618,44,264351
19052,0.000238,74.125.200.0-255,2902,18520,44,264351
19053,0.000241,172.31.46.0-255,66,18586,44,264351
19054,0.000255,74.125.200.0-255,4320,22906,44,264351
19055,0.000258,172.31.46.0-255,66,22972,44,264351
19056,0.000305,74.125.200.0-255,5738,28710,44,264351
19057,0.000308,172.31.46.0-255,66,28776,44,264351
19058,0.000322,74.125.200.0-255,2543,31319,44,264351
19059,0.000324,172.31.46.0-255,66,31385,44,264351
19060,0.000416,74.125.200.0-255,1484,32869,44,264351
19061,0.000419,172.31.46.0-255,66,32935,44,264351
19062,0.000424,74.125.200.0-255,2902,35837,44,264351
19063,0.000427,172.31.46.0-255,66,35903,44,264351
19064,0.000455,74.125.200.0-255,2902,38805,44,264351
19065,0.000458,172.31.46.0-255,66,38871,44,264351
19066,0.000464,74.125.200.0-255,4320,43191,44,264351
19067,0.000466,172.31.46.0-255,66,43257,44,264351
19068,0.00049,74.125.200.0-255,4320,47577,44,264351
19069,0.000492,172.31.46.0-255,66,47643,44,264351
19070,0.000516,74.125.200.0-255,5379,53022,44,264351
19071,0.000519,172.31.46.0-255,66,53088,44,264351
19072,0.000531,172.31.46.0-255,66,53154,44,264351
19073,0.000556,74.125.200.0-255,2543,55697,44,264351
19074,0.000558,172.31.46.0-255,66,55763,44,264351
19075,0.000576,74.125.200.0-255,677,56440,44,264351
19076,0.000815,74.125.200.0-255,1484,57924,44,264351
19077,0.00082,172.31.46.0-255,66,57990,44,264351
19078,0.000825,74.125.200.0-255,2902,60892,44,264351
19079,0.000827,172.31.46.0-255,66,60958,44,264351
19080,0.000841,74.125.200.0-255,1484,62442,44,264351
19081,0.00087,74.125.200.0-255,4320,66762,44,264351
19082,0.000873,172.31.46.0-255,66,66828,44,264351
19083,0.000878,74.125.200.0-255,2902,69730,44,264351
19084,0.00088,172.31.46.0-255,66,69796,44,264351
19085,0.000922,172.31.46.0-255,66,69862,44,264351
19086,0.000928,74.125.200.0-255,4320,74182,44,264351
19087,0.000931,172.31.46.0-255,66,74248,44,264351
19088,0.000951,74.125.200.0-255,6438,80686,44,264351
19089,0.000954,172.31.46.0-255,66,80752,44,264351
19090,0.001096,74.125.200.0-255,1484,82236,44,264351
19091,0.001114,74.125.200.0-255,2902,85138,44,264351
19092,0.001117,172.31.46.0-255,66,85204,44,264351
19093,0.001147,74.125.200.0-255,4320,89524,44,264351
19094,0.001149,172.31.46.0-255,66,89590,44,264351
19095,0.001166,74.125.200.0-255,1484,91074,44,264351
19096,0.001187,172.31.46.0-255,66,91140,44,264351
19097,0.001217,74.125.200.0-255,2902,94042,44,264351
19098,0.00122,172.31.46.0-255,66,94108,44,264351
19099,0.001248,172.31.46.0-255,66,94174,44,264351
19100,0.002021,74.125.200.0-255,1484,95658,44,264351
19101,0.002031,74.125.200.0-255,2902,98560,44,264351
19102,0.002036,172.31.46.0-255,66,98626,44,264351
19103,0.002044,74.125.200.0-255,5738,104364,44,264351
19104,0.002046,172.31.46.0-255,66,104430,44,264351
19105,0.00208,172.31.46.0-255,66,104496,44,264351
19106,0.002086,74.125.200.0-255,4320,108816,44,264351
19107,0.002088,172.31.46.0-255,66,108882,44,264351
19108,0.002128,74.125.200.0-255,2902,111784,44,264351
19109,0.002132,172.31.46.0-255,66,111850,44,264351
19110,0.002151,74.125.200.0-255,3602,115452,44,264351
19111,0.002154,172.31.46.0-255,66,115518,44,264351
19112,0.002196,74.125.200.0-255,1484,117002,44,264351
19113,0.002202,74.125.200.0-255,2902,119904,44,264351
19114,0.002205,172.31.46.0-255,66,119970,44,264351
19115,0.002222,74.125.200.0-255,1484,121454,44,264351
19116,0.00224,74.125.200.0-255,1484,122938,44,264351
19117,0.002243,172.31.46.0-255,66,123004,44,264351
19118,0.002249,74.125.200.0-255,4320,127324,44,264351
19119,0.002251,172.31.46.0-255,66,127390,44,264351
19120,0.002257,74.125.200.0-255,5738,133128,44,264351
19121,0.00226,172.31.46.0-255,66,133194,44,264351
19122,0.002273,74.125.200.0-255,1484,134678,44,264351
19123,0.004488,74.125.200.0-255,4320,138998,44,264351
19124,0.004496,172.31.46.0-255,66,139064,44,264351
19125,0.006722,74.125.200.0-255,5738,144802,44,264351
19126,0.006726,172.31.46.0-255,66,144868,44,264351
19127,0.008951,74.125.200.0-255,5738,150606,44,264351
19128,0.008958,172.31.46.0-255,66,150672,44,264351
19129,0.011195,74.125.200.0-255,5738,156410,44,264351
19130,0.011204,172.31.46.0-255,66,156476,44,264351
19131,0.013449,74.125.200.0-255,5738,162214,44,264351
19132,0.013458,172.31.46.0-255,66,162280,44,264351
19133,0.015697,74.125.200.0-255,5738,168018,44,264351
19134,0.015705,172.31.46.0-255,66,168084,44,264351
19135,0.017954,74.125.200.0-255,5738,173822,44,264351
19136,0.017967,172.31.46.0-255,66,173888,44,264351
19137,0.020202,74.125.200.0-255,5738,179626,44,264351
19138,0.02021,172.31.46.0-255,66,179692,44,264351
19139,0.022447,74.125.200.0-255,5738,185430,44,264351
19140,0.022456,172.31.46.0-255,66,185496,44,264351
19141,0.024689,74.125.200.0-255,5738,191234,44,264351
19142,0.024698,172.31.46.0-255,66,191300,44,264351
19143,0.026928,74.125.200.0-255,5738,197038,44,264351
19144,0.026935,172.31.46.0-255,66,197104,44,264351
19145,0.02918,74.125.200.0-255,5738,202842,44,264351
19146,0.029188,172.31.46.0-255,66,202908,44,264351
19147,0.031432,74.125.200.0-255,5738,208646,44,264351
19148,0.031441,172.31.46.0-255,66,208712,44,264351
19149,0.033675,74.125.200.0-255,5738,214450,44,264351
19150,0.033684,172.31.46.0-255,66,214516,44,264351
19151,0.035927,74.125.200.0-255,5738,220254,44,264351
19152,0.035934,172.31.46.0-255,66,220320,44,264351
19153,0.037431,172.31.46.0-255,188,220508,44,264351
19154,0.037459,172.31.46.0-255,955,221463,44,264351
19155,0.037512,172.31.46.0-255,1514,222977,44,264351
19156,0.037514,172.31.46.0-255,1514,224491,44,264351
19157,0.037524,172.31.46.0-255,1514,226005,44,264351
19158,0.037525,172.31.46.0-255,1514,227519,44,264351
19159,0.037545,172.31.46.0-255,1514,229033,44,264351
19160,0.037545,172.31.46.0-255,230,229263,44,264351
19161,0.038169,74.125.200.0-255,5738,235001,44,264351
19162,0.038175,172.31.46.0-255,66,235067,44,264351
19163,0.038969,104.244.42.0-255,66,235133,44,264351
19164,0.038976,104.244.42.0-255,66,235199,44,264351
19165,0.039083,104.244.42.0-255,66,235265,44,264351
19166,0.039089,104.244.42.0-255,66,235331,44,264351
19167,0.04041,74.125.200.0-255,5738,241069,44,264351
19168,0.040416,172.31.46.0-255,66,241135,44,264351
19169,0.042686,74.125.200.0-255,5738,246873,44,264351
19170,0.042696,172.31.46.0-255,66,246939,44,264351
19171,0.044925,74.125.200.0-255,5738,252677,44,264351
19172,0.044931,172.31.46.0-255,66,252743,44,264351
19173,0.047173,74.125.200.0-255,5738,258481,44,264351
19174,0.047182,172.31.46.0-255,66,258547,44,264351
19175,0.049424,74.125.200.0-255,5738,264285,44,264351
19176,0.049435,172.31.46.0-255,66,264351,44,264351
19177,0.0,74.125.24.0-255,153,153,44,217785
19178,1.7e-05,172.31.46.0-255,66,219,44,217785
19179,2.4e-05,74.125.24.0-255,1484,1703,44,217785
19180,2.9e-05,172.31.46.0-255,66,1769,44,217785
19181,4.3e-05,74.125.24.0-255,2902,4671,44,217785
19182,4.5e-05,172.31.46.0-255,66,4737,44,217785
19183,5.4e-05,74.125.24.0-255,7156,11893,44,217785
19184,5.6e-05,172.31.46.0-255,66,11959,44,217785
19185,6e-05,74.125.24.0-255,1931,13890,44,217785
19186,6.4e-05,172.31.46.0-255,66,13956,44,217785
19187,0.000228,74.125.24.0-255,1484,15440,44,217785
19188,0.000233,172.31.46.0-255,66,15506,44,217785
19189,0.00024,74.125.24.0-255,2902,18408,44,217785
19190,0.000244,172.31.46.0-255,66,18474,44,217785
19191,0.000255,74.125.24.0-255,5738,24212,44,217785
19192,0.000258,172.31.46.0-255,66,24278,44,217785
19193,0.000263,74.125.24.0-255,2902,27180,44,217785
19194,0.000265,172.31.46.0-255,66,27246,44,217785
19195,0.000301,74.125.24.0-255,3961,31207,44,217785
19196,0.000304,172.31.46.0-255,66,31273,44,217785
19197,0.000361,74.125.24.0-255,1484,32757,44,217785
19198,0.000364,172.31.46.0-255,66,32823,44,217785
19199,0.000395,74.125.24.0-255,2902,35725,44,217785
19200,0.000399,172.31.46.0-255,66,35791,44,217785
19201,0.000405,74.125.24.0-255,5738,41529,44,217785
19202,0.000407,172.31.46.0-255,66,41595,44,217785
19203,0.00042,74.125.24.0-255,6797,48392,44,217785
19204,0.000422,172.31.46.0-255,66,48458,44,217785
19205,0.000613,74.125.24.0-255,1484,49942,44,217785
19206,0.000618,172.31.46.0-255,66,50008,44,217785
19207,0.000622,74.125.24.0-255,1484,51492,44,217785
19208,0.000624,172.31.46.0-255,66,51558,44,217785
19209,0.000658,74.125.24.0-255,1484,53042,44,217785
19210,0.000666,74.125.24.0-255,5738,58780,44,217785
19211,0.000674,74.125.24.0-255,5738,64518,44,217785
19212,0.000688,74.125.24.0-255,1125,65643,44,217785
19213,0.00069,74.125.24.0-255,414,66057,44,217785
19214,0.000709,172.31.46.0-255,66,66123,44,217785
19215,0.000737,74.125.24.0-255,331,66454,44,217785
19216,0.000916,74.125.24.0-255,1484,67938,44,217785
19217,0.000921,172.31.46.0-255,66,68004,44,217785
19218,0.000926,74.125.24.0-255,2902,70906,44,217785
19219,0.000931,74.125.24.0-255,2902,73808,44,217785
19220,0.000935,172.31.46.0-255,66,73874,44,217785
19221,0.000956,74.125.24.0-255,2902,76776,44,217785
19222,0.000959,74.125.24.0-255,1484,78260,44,217785
19223,0.000963,172.31.46.0-255,66,78326,44,217785
19224,0.000989,74.125.24.0-255,2902,81228,44,217785
19225,0.001003,74.125.24.0-255,2543,83771,44,217785
19226,0.001024,172.31.46.0-255,66,83837,44,217785
19227,0.001059,74.125.24.0-255,2902,86739,44,217785
19228,0.001074,74.125.24.0-255,4320,91059,44,217785
19229,0.001079,74.125.24.0-255,2902,93961,44,217785
19230,0.001097,74.125.24.0-255,5738,99699,44,217785
19231,0.001102,172.31.46.0-255,66,99765,44,217785
19232,0.001112,74.125.24.0-255,1125,100890,44,217785
19233,0.00157,172.31.46.0-255,66,100956,44,217785
19234,0.001855,74.125.24.0-255,1484,102440,44,217785
19235,0.001866,74.125.24.0-255,2902,105342,44,217785
19236,0.00187,172.31.46.0-255,66,105408,44,217785
19237,0.001877,74.125.24.0-255,5738,111146,44,217785
19238,0.001879,172.31.46.0-255,66,111212,44,217785
19239,0.001918,172.31.46.0-255,66,111278,44,217785
19240,0.001946,74.125.24.0-255,4320,115598,44,217785
19241,0.001948,172.31.46.0-255,66,115664,44,217785
19242,0.007508,172.31.46.0-255,66,115730,44,217785
19243,0.010106,74.125.24.0-255,5738,121468,44,217785
19244,0.010116,172.31.46.0-255,66,121534,44,217785
19245,0.012707,74.125.24.0-255,5738,127272,44,217785
19246,0.012716,172.31.46.0-255,66,127338,44,217785
19247,0.015358,74.125.24.0-255,5738,133076,44,217785
19248,0.015371,172.31.46.0-255,66,133142,44,217785
19249,0.017989,74.125.24.0-255,5738,138880,44,217785
19250,0.017998,172.31.46.0-255,66,138946,44,217785
19251,0.020583,74.125.24.0-255,5738,144684,44,217785
19252,0.020591,172.31.46.0-255,66,144750,44,217785
19253,0.023213,74.125.24.0-255,5738,150488,44,217785
19254,0.023221,172.31.46.0-255,66,150554,44,217785
19255,0.025845,74.125.24.0-255,5738,156292,44,217785
19256,0.025854,172.31.46.0-255,66,156358,44,217785
19257,0.028474,74.125.24.0-255,5738,162096,44,217785
19258,0.028484,172.31.46.0-255,66,162162,44,217785
19259,0.031104,74.125.24.0-255,5738,167900,44,217785
19260,0.031111,172.31.46.0-255,66,167966,44,217785
19261,0.031983,172.31.46.0-255,172,168138,44,217785
19262,0.032015,172.31.46.0-255,1109,169247,44,217785
19263,0.032076,172.31.46.0-255,1514,170761,44,217785
19264,0.032078,172.31.46.0-255,1514,172275,44,217785
19265,0.032083,172.31.46.0-255,1514,173789,44,217785
19266,0.032084,172.31.46.0-255,1514,175303,44,217785
19267,0.032102,172.31.46.0-255,1514,176817,44,217785
19268,0.032108,172.31.46.0-255,76,176893,44,217785
19269,0.033543,104.244.42.0-255,66,176959,44,217785
19270,0.033588,104.244.42.0-255,66,177025,44,217785
19271,0.03367,104.244.42.0-255,66,177091,44,217785
19272,0.033692,74.125.24.0-255,5738,182829,44,217785
19273,0.033697,172.31.46.0-255,66,182895,44,217785
19274,0.033711,104.244.42.0-255,66,182961,44,217785
19275,0.036306,74.125.24.0-255,5738,188699,44,217785
19276,0.036314,172.31.46.0-255,66,188765,44,217785
19277,0.038921,74.125.24.0-255,5738,194503,44,217785
19278,0.038932,172.31.46.0-255,66,194569,44,217785
19279,0.041563,74.125.24.0-255,5738,200307,44,217785
19280,0.04157,172.31.46.0-255,66,200373,44,217785
19281,0.04416,74.125.24.0-255,5738,206111,44,217785
19282,0.044167,172.31.46.0-255,66,206177,44,217785
19283,0.046805,74.125.24.0-255,5738,211915,44,217785
19284,0.046813,172.31.46.0-255,66,211981,44,217785
19285,0.049441,74.125.24.0-255,5738,217719,44,217785
19286,0.049449,172.31.46.0-255,66,217785,44,217785
19287,0.0,172.217.194.0-255,152,152,44,225244
19288,2.2e-05,172.31.46.0-255,66,218,44,225244
19289,2.9e-05,172.217.194.0-255,1484,1702,44,225244
19290,3.3e-05,172.31.46.0-255,66,1768,44,225244
19291,3.9e-05,172.217.194.0-255,2902,4670,44,225244
19292,5.2e-05,172.31.46.0-255,66,4736,44,225244
19293,5.8e-05,172.217.194.0-255,4320,9056,44,225244
19294,6.1e-05,172.31.46.0-255,66,9122,44,225244
19295,9.3e-05,172.217.194.0-255,2902,12024,44,225244
19296,9.6e-05,172.31.46.0-255,66,12090,44,225244
19297,0.000101,172.217.194.0-255,2045,14135,44,225244
19298,0.000104,172.31.46.0-255,66,14201,44,225244
19299,0.000109,172.217.194.0-255,2902,17103,44,225244
19300,0.000111,172.31.46.0-255,66,17169,44,225244
19301,0.000139,172.217.194.0-255,5738,22907,44,225244
19302,0.000142,172.31.46.0-255,66,22973,44,225244
19303,0.000171,172.217.194.0-255,5738,28711,44,225244
19304,0.000173,172.31.46.0-255,66,28777,44,225244
19305,0.000197,172.217.194.0-255,2543,31320,44,225244
19306,0.000199,172.31.46.0-255,66,31386,44,225244
19307,0.000221,172.217.194.0-255,1484,32870,44,225244
19308,0.000223,172.31.46.0-255,66,32936,44,225244
19309,0.000227,172.217.194.0-255,1484,34420,44,225244
19310,0.000229,172.31.46.0-255,66,34486,44,225244
19311,0.000269,172.217.194.0-255,1484,35970,44,225244
19312,0.000272,172.31.46.0-255,66,36036,44,225244
19313,0.000278,172.217.194.0-255,5738,41774,44,225244
19314,0.00028,172.31.46.0-255,66,41840,44,225244
19315,0.000288,172.217.194.0-255,6797,48637,44,225244
19316,0.00029,172.31.46.0-255,66,48703,44,225244
19317,0.000304,172.31.46.0-255,66,48769,44,225244
19318,0.000308,172.217.194.0-255,2543,51312,44,225244
19319,0.00031,172.31.46.0-255,66,51378,44,225244
19320,0.000361,172.217.194.0-255,676,52054,44,225244
19321,0.000569,172.217.194.0-255,1484,53538,44,225244
19322,0.000575,172.217.194.0-255,2902,56440,44,225244
19323,0.000577,172.217.194.0-255,1484,57924,44,225244
19324,0.000583,172.31.46.0-255,66,57990,44,225244
19325,0.000587,172.31.46.0-255,66,58056,44,225244
19326,0.000602,172.217.194.0-255,4320,62376,44,225244
19327,0.000605,172.31.46.0-255,66,62442,44,225244
19328,0.00061,172.217.194.0-255,4320,66762,44,225244
19329,0.000612,172.31.46.0-255,66,66828,44,225244
19330,0.000648,172.31.46.0-255,66,66894,44,225244
19331,0.00066,172.31.46.0-255,66,66960,44,225244
19332,0.000806,172.217.194.0-255,1484,68444,44,225244
19333,0.000813,172.217.194.0-255,2902,71346,44,225244
19334,0.000817,172.31.46.0-255,66,71412,44,225244
19335,0.00082,172.217.194.0-255,1484,72896,44,225244
19336,0.00085,172.217.194.0-255,4320,77216,44,225244
19337,0.000854,172.31.46.0-255,66,77282,44,225244
19338,0.000867,172.31.46.0-255,66,77348,44,225244
19339,0.000871,172.217.194.0-255,2902,80250,44,225244
19340,0.000874,172.31.46.0-255,66,80316,44,225244
19341,0.000906,172.31.46.0-255,66,80382,44,225244
19342,0.000969,172.31.46.0-255,66,80448,44,225244
19343,0.000983,172.31.46.0-255,66,80514,44,225244
19344,0.000993,172.217.194.0-255,5738,86252,44,225244
19345,0.000995,172.31.46.0-255,66,86318,44,225244
19346,0.001049,172.217.194.0-255,6438,92756,44,225244
19347,0.001052,172.31.46.0-255,66,92822,44,225244
19348,0.00106,172.217.194.0-255,7156,99978,44,225244
19349,0.001062,172.31.46.0-255,66,100044,44,225244
19350,0.001069,172.217.194.0-255,5738,105782,44,225244
19351,0.001071,172.31.46.0-255,66,105848,44,225244
19352,0.001112,172.31.46.0-255,66,105914,44,225244
19353,0.001125,172.31.46.0-255,66,105980,44,225244
19354,0.001155,172.217.194.0-255,1484,107464,44,225244
19355,0.00116,172.217.194.0-255,2902,110366,44,225244
19356,0.001163,172.31.46.0-255,66,110432,44,225244
19357,0.001169,172.217.194.0-255,4320,114752,44,225244
19358,0.001172,172.31.46.0-255,66,114818,44,225244
19359,0.0012,172.217.194.0-255,1484,116302,44,225244
19360,0.001213,172.31.46.0-255,66,116368,44,225244
19361,0.001253,172.31.46.0-255,66,116434,44,225244
19362,0.001275,172.217.194.0-255,2184,118618,44,225244
19363,0.001278,172.31.46.0-255,66,118684,44,225244
19364,0.00131,172.217.194.0-255,4320,123004,44,225244
19365,0.001337,172.217.194.0-255,2902,125906,44,225244
19366,0.001369,172.31.46.0-255,66,125972,44,225244
19367,0.001424,172.217.194.0-255,1484,127456,44,225244
19368,0.001429,172.217.194.0-255,2902,130358,44,225244
19369,0.001444,172.31.46.0-255,66,130424,44,225244
19370,0.001462,172.217.194.0-255,5738,136162,44,225244
19371,0.001477,172.217.194.0-255,2902,139064,44,225244
19372,0.001488,172.31.46.0-255,66,139130,44,225244
19373,0.001515,172.217.194.0-255,1484,140614,44,225244
19374,0.001534,172.217.194.0-255,5738,146352,44,225244
19375,0.00155,172.217.194.0-255,3602,149954,44,225244
19376,0.001565,172.31.46.0-255,66,150020,44,225244
19377,0.001603,172.217.194.0-255,1484,151504,44,225244
19378,0.001609,172.217.194.0-255,2902,154406,44,225244
19379,0.001614,172.31.46.0-255,66,154472,44,225244
19380,0.001638,172.217.194.0-255,5738,160210,44,225244
19381,0.001644,172.217.194.0-255,5738,165948,44,225244
19382,0.001684,172.217.194.0-255,7156,173104,44,225244
19383,0.001698,172.217.194.0-255,5738,178842,44,225244
19384,0.001704,172.217.194.0-255,5020,183862,44,225244
19385,0.001706,172.217.194.0-255,1484,185346,44,225244
19386,0.00171,172.217.194.0-255,2902,188248,44,225244
19387,0.001716,172.217.194.0-255,4320,192568,44,225244
19388,0.001726,172.217.194.0-255,1484,194052,44,225244
19389,0.00175,172.217.194.0-255,4320,198372,44,225244
19390,0.00176,172.31.46.0-255,66,198438,44,225244
19391,0.00178,172.217.194.0-255,7156,205594,44,225244
19392,0.001798,172.217.194.0-255,1484,207078,44,225244
19393,0.001802,172.31.46.0-255,66,207144,44,225244
19394,0.001827,172.217.194.0-255,2184,209328,44,225244
19395,0.001842,172.217.194.0-255,4320,213648,44,225244
19396,0.001859,172.31.46.0-255,66,213714,44,225244
19397,0.001869,172.217.194.0-255,4320,218034,44,225244
19398,0.001885,172.217.194.0-255,1484,219518,44,225244
19399,0.001889,172.217.194.0-255,2902,222420,44,225244
19400,0.001892,172.31.46.0-255,66,222486,44,225244
19401,0.001926,172.217.194.0-255,300,222786,44,225244
19402,0.001943,172.31.46.0-255,66,222852,44,225244
19403,0.001954,172.217.194.0-255,105,222957,44,225244
19404,0.00457,172.31.46.0-255,66,223023,44,225244
19405,0.004608,172.31.46.0-255,105,223128,44,225244
19406,0.006627,172.217.194.0-255,66,223194,44,225244
19407,0.039702,172.31.46.0-255,172,223366,44,225244
19408,0.039738,172.31.46.0-255,1114,224480,44,225244
19409,0.039796,172.31.46.0-255,566,225046,44,225244
19410,0.041276,104.244.42.0-255,66,225112,44,225244
19411,0.041403,104.244.42.0-255,66,225178,44,225244
19412,0.041409,104.244.42.0-255,66,225244,44,225244
19413,0.0,172.217.194.0-255,153,153,44,262423
19414,2.3e-05,172.31.46.0-255,66,219,44,262423
19415,3.1e-05,172.217.194.0-255,1484,1703,44,262423
19416,3.5e-05,172.31.46.0-255,66,1769,44,262423
19417,4.1e-05,172.217.194.0-255,2902,4671,44,262423
19418,4.5e-05,172.31.46.0-255,66,4737,44,262423
19419,4.8e-05,172.217.194.0-255,1484,6221,44,262423
19420,5.1e-05,172.31.46.0-255,66,6287,44,262423
19421,5.6e-05,172.217.194.0-255,2902,9189,44,262423
19422,5.9e-05,172.31.46.0-255,66,9255,44,262423
19423,6.4e-05,172.217.194.0-255,4320,13575,44,262423
19424,6.7e-05,172.31.46.0-255,66,13641,44,262423
19425,9.6e-05,172.217.194.0-255,2118,15759,44,262423
19426,9.8e-05,172.31.46.0-255,66,15825,44,262423
19427,0.000103,172.217.194.0-255,4320,20145,44,262423
19428,0.000106,172.31.46.0-255,66,20211,44,262423
19429,0.000143,172.217.194.0-255,5738,25949,44,262423
19430,0.000145,172.31.46.0-255,66,26015,44,262423
19431,0.000167,172.217.194.0-255,5379,31394,44,262423
19432,0.00017,172.31.46.0-255,66,31460,44,262423
19433,0.000572,172.217.194.0-255,1484,32944,44,262423
19434,0.000578,172.31.46.0-255,66,33010,44,262423
19435,0.000583,172.217.194.0-255,2902,35912,44,262423
19436,0.000585,172.31.46.0-255,66,35978,44,262423
19437,0.000608,172.217.194.0-255,5738,41716,44,262423
19438,0.00061,172.31.46.0-255,66,41782,44,262423
19439,0.000634,172.217.194.0-255,2902,44684,44,262423
19440,0.000637,172.31.46.0-255,66,44750,44,262423
19441,0.000653,172.217.194.0-255,3961,48711,44,262423
19442,0.000655,172.31.46.0-255,66,48777,44,262423
19443,0.000662,172.217.194.0-255,5738,54515,44,262423
19444,0.000664,172.31.46.0-255,66,54581,44,262423
19445,0.000678,172.217.194.0-255,1484,56065,44,262423
19446,0.000698,172.217.194.0-255,5738,61803,44,262423
19447,0.000702,172.31.46.0-255,66,61869,44,262423
19448,0.000725,172.217.194.0-255,4214,66083,44,262423
19449,0.000727,172.31.46.0-255,66,66149,44,262423
19450,0.001067,172.217.194.0-255,120,66269,44,262423
19451,0.001117,172.31.46.0-255,66,66335,44,262423
19452,0.001256,172.217.194.0-255,1484,67819,44,262423
19453,0.001264,172.217.194.0-255,1484,69303,44,262423
19454,0.001268,172.31.46.0-255,66,69369,44,262423
19455,0.001292,172.217.194.0-255,1484,70853,44,262423
19456,0.0013,172.217.194.0-255,5738,76591,44,262423
19457,0.001302,172.31.46.0-255,66,76657,44,262423
19458,0.001307,172.217.194.0-255,2902,79559,44,262423
19459,0.001309,172.31.46.0-255,66,79625,44,262423
19460,0.001324,172.217.194.0-255,4320,83945,44,262423
19461,0.001326,172.31.46.0-255,66,84011,44,262423
19462,0.001346,172.217.194.0-255,1484,85495,44,262423
19463,0.001398,172.31.46.0-255,66,85561,44,262423
19464,0.001403,172.217.194.0-255,2184,87745,44,262423
19465,0.001405,172.31.46.0-255,66,87811,44,262423
19466,0.001436,172.217.194.0-255,2902,90713,44,262423
19467,0.001438,172.31.46.0-255,66,90779,44,262423
19468,0.001456,172.217.194.0-255,5738,96517,44,262423
19469,0.001458,172.31.46.0-255,66,96583,44,262423
19470,0.001479,172.217.194.0-255,1484,98067,44,262423
19471,0.00149,172.31.46.0-255,66,98133,44,262423
19472,0.00151,172.217.194.0-255,2902,101035,44,262423
19473,0.001512,172.31.46.0-255,66,101101,44,262423
19474,0.001523,172.31.46.0-255,66,101167,44,262423
19475,0.001558,172.217.194.0-255,2902,104069,44,262423
19476,0.001561,172.31.46.0-255,66,104135,44,262423
19477,0.001595,172.31.46.0-255,66,104201,44,262423
19478,0.001609,172.31.46.0-255,66,104267,44,262423
19479,0.001621,172.31.46.0-255,66,104333,44,262423
19480,0.001691,172.217.194.0-255,1484,105817,44,262423
19481,0.001705,172.217.194.0-255,2902,108719,44,262423
19482,0.001709,172.31.46.0-255,66,108785,44,262423
19483,0.001734,172.217.194.0-255,5738,114523,44,262423
19484,0.001738,172.31.46.0-255,66,114589,44,262423
19485,0.001745,172.217.194.0-255,7156,121745,44,262423
19486,0.001747,172.31.46.0-255,66,121811,44,262423
19487,0.001765,172.217.194.0-255,5738,127549,44,262423
19488,0.001768,172.31.46.0-255,66,127615,44,262423
19489,0.001774,172.217.194.0-255,4320,131935,44,262423
19490,0.001776,172.31.46.0-255,66,132001,44,262423
19491,0.001808,172.217.194.0-255,6438,138439,44,262423
19492,0.001811,172.31.46.0-255,66,138505,44,262423
19493,0.004138,172.217.194.0-255,5738,144243,44,262423
19494,0.004146,172.31.46.0-255,66,144309,44,262423
19495,0.006538,172.217.194.0-255,5738,150047,44,262423
19496,0.006544,172.31.46.0-255,66,150113,44,262423
19497,0.008904,172.217.194.0-255,5738,155851,44,262423
19498,0.008911,172.31.46.0-255,66,155917,44,262423
19499,0.011265,172.217.194.0-255,5738,161655,44,262423
19500,0.011276,172.31.46.0-255,66,161721,44,262423
19501,0.013605,172.217.194.0-255,5738,167459,44,262423
19502,0.013613,172.31.46.0-255,66,167525,44,262423
19503,0.015954,172.217.194.0-255,4320,171845,44,262423
19504,0.015961,172.31.46.0-255,66,171911,44,262423
19505,0.015972,172.217.194.0-255,1484,173395,44,262423
19506,0.018294,172.217.194.0-255,4320,177715,44,262423
19507,0.018304,172.31.46.0-255,66,177781,44,262423
19508,0.020633,172.217.194.0-255,5738,183519,44,262423
19509,0.020642,172.31.46.0-255,66,183585,44,262423
19510,0.022967,172.217.194.0-255,5738,189323,44,262423
19511,0.022975,172.31.46.0-255,66,189389,44,262423
19512,0.025311,172.217.194.0-255,5738,195127,44,262423
19513,0.025319,172.31.46.0-255,66,195193,44,262423
19514,0.027662,172.217.194.0-255,5738,200931,44,262423
19515,0.027669,172.31.46.0-255,66,200997,44,262423
19516,0.030042,172.217.194.0-255,5738,206735,44,262423
19517,0.030052,172.31.46.0-255,66,206801,44,262423
19518,0.032391,172.217.194.0-255,5738,212539,44,262423
19519,0.0324,172.31.46.0-255,66,212605,44,262423
19520,0.034739,172.217.194.0-255,5738,218343,44,262423
19521,0.034748,172.31.46.0-255,66,218409,44,262423
19522,0.036822,172.31.46.0-255,172,218581,44,262423
19523,0.036851,172.31.46.0-255,1114,219695,44,262423
19524,0.036917,172.31.46.0-255,1514,221209,44,262423
19525,0.036919,172.31.46.0-255,1514,222723,44,262423
19526,0.036924,172.31.46.0-255,1514,224237,44,262423
19527,0.036925,172.31.46.0-255,1514,225751,44,262423
19528,0.036943,172.31.46.0-255,1514,227265,44,262423
19529,0.036944,172.31.46.0-255,70,227335,44,262423
19530,0.037079,172.217.194.0-255,5738,233073,44,262423
19531,0.037084,172.31.46.0-255,66,233139,44,262423
19532,0.038331,104.244.42.0-255,66,233205,44,262423
19533,0.038441,104.244.42.0-255,66,233271,44,262423
19534,0.038491,104.244.42.0-255,66,233337,44,262423
19535,0.038496,104.244.42.0-255,66,233403,44,262423
19536,0.039417,172.217.194.0-255,5738,239141,44,262423
19537,0.039424,172.31.46.0-255,66,239207,44,262423
19538,0.041757,172.217.194.0-255,5738,244945,44,262423
19539,0.041763,172.31.46.0-255,66,245011,44,262423
19540,0.044125,172.217.194.0-255,5738,250749,44,262423
19541,0.044131,172.31.46.0-255,66,250815,44,262423
19542,0.04646,172.217.194.0-255,5738,256553,44,262423
19543,0.046467,172.31.46.0-255,66,256619,44,262423
19544,0.048813,172.217.194.0-255,5738,262357,44,262423
19545,0.04882,172.31.46.0-255,66,262423,44,262423
19546,0.0,172.217.194.0-255,165,165,44,223412
19547,1.6e-05,172.31.46.0-255,66,231,44,223412
19548,2.1e-05,172.217.194.0-255,1484,1715,44,223412
19549,2.7e-05,172.31.46.0-255,66,1781,44,223412
19550,3.2e-05,172.217.194.0-255,2902,4683,44,223412
19551,3.5e-05,172.31.46.0-255,66,4749,44,223412
19552,3.8e-05,172.217.194.0-255,1484,6233,44,223412
19553,4.1e-05,172.31.46.0-255,66,6299,44,223412
19554,6.5e-05,172.217.194.0-255,2902,9201,44,223412
19555,6.8e-05,172.31.46.0-255,66,9267,44,223412
19556,8.6e-05,172.217.194.0-255,2902,12169,44,223412
19557,8.8e-05,172.31.46.0-255,66,12235,44,223412
19558,0.000105,172.217.194.0-255,2061,14296,44,223412
19559,0.000107,172.31.46.0-255,66,14362,44,223412
19560,0.00024,172.217.194.0-255,1484,15846,44,223412
19561,0.000244,172.31.46.0-255,66,15912,44,223412
19562,0.000249,172.217.194.0-255,2902,18814,44,223412
19563,0.000252,172.31.46.0-255,66,18880,44,223412
19564,0.000273,172.217.194.0-255,5738,24618,44,223412
19565,0.000275,172.31.46.0-255,66,24684,44,223412
19566,0.000289,172.217.194.0-255,2902,27586,44,223412
19567,0.000291,172.31.46.0-255,66,27652,44,223412
19568,0.000309,172.217.194.0-255,3961,31613,44,223412
19569,0.000311,172.31.46.0-255,66,31679,44,223412
19570,0.000326,172.217.194.0-255,4320,35999,44,223412
19571,0.000328,172.31.46.0-255,66,36065,44,223412
19572,0.000343,172.217.194.0-255,2902,38967,44,223412
19573,0.000345,172.31.46.0-255,66,39033,44,223412
19574,0.000351,172.217.194.0-255,5738,44771,44,223412
19575,0.000353,172.31.46.0-255,66,44837,44,223412
19576,0.000393,172.217.194.0-255,1484,46321,44,223412
19577,0.000395,172.31.46.0-255,66,46387,44,223412
19578,0.00041,172.217.194.0-255,2543,48930,44,223412
19579,0.000412,172.31.46.0-255,66,48996,44,223412
19580,0.001499,172.217.194.0-255,1484,50480,44,223412
19581,0.001506,172.31.46.0-255,66,50546,44,223412
19582,0.001517,172.217.194.0-255,2902,53448,44,223412
19583,0.001519,172.31.46.0-255,66,53514,44,223412
19584,0.001536,172.217.194.0-255,5738,59252,44,223412
19585,0.001538,172.31.46.0-255,66,59318,44,223412
19586,0.001574,172.31.46.0-255,66,59384,44,223412
19587,0.001605,172.217.194.0-255,4320,63704,44,223412
19588,0.001608,172.31.46.0-255,66,63770,44,223412
19589,0.001634,172.217.194.0-255,4320,68090,44,223412
19590,0.001636,172.31.46.0-255,66,68156,44,223412
19591,0.001644,172.217.194.0-255,7156,75312,44,223412
19592,0.001646,172.31.46.0-255,66,75378,44,223412
19593,0.001697,172.31.46.0-255,66,75444,44,223412
19594,0.00173,172.31.46.0-255,66,75510,44,223412
19595,0.001732,172.217.194.0-255,766,76276,44,223412
19596,0.001735,172.31.46.0-255,66,76342,44,223412
19597,0.002411,172.217.194.0-255,1484,77826,44,223412
19598,0.002417,172.31.46.0-255,66,77892,44,223412
19599,0.002438,172.217.194.0-255,2902,80794,44,223412
19600,0.002441,172.31.46.0-255,66,80860,44,223412
19601,0.002459,172.217.194.0-255,2902,83762,44,223412
19602,0.002461,172.31.46.0-255,66,83828,44,223412
19603,0.002464,172.217.194.0-255,1484,85312,44,223412
19604,0.002466,172.31.46.0-255,66,85378,44,223412
19605,0.002492,172.217.194.0-255,5738,91116,44,223412
19606,0.002494,172.31.46.0-255,66,91182,44,223412
19607,0.002497,172.217.194.0-255,1484,92666,44,223412
19608,0.002499,172.31.46.0-255,66,92732,44,223412
19609,0.002517,172.217.194.0-255,7156,99888,44,223412
19610,0.002519,172.31.46.0-255,66,99954,44,223412
19611,0.002546,172.217.194.0-255,1484,101438,44,223412
19612,0.002548,172.31.46.0-255,66,101504,44,223412
19613,0.002553,172.217.194.0-255,4320,105824,44,223412
19614,0.002555,172.31.46.0-255,66,105890,44,223412
19615,0.002573,172.217.194.0-255,5020,110910,44,223412
19616,0.002575,172.31.46.0-255,66,110976,44,223412
19617,0.005105,172.217.194.0-255,5738,116714,44,223412
19618,0.005108,172.31.46.0-255,66,116780,44,223412
19619,0.007631,172.217.194.0-255,5738,122518,44,223412
19620,0.007639,172.31.46.0-255,66,122584,44,223412
19621,0.010208,172.217.194.0-255,5738,128322,44,223412
19622,0.010215,172.31.46.0-255,66,128388,44,223412
19623,0.012767,172.217.194.0-255,5738,134126,44,223412
19624,0.012775,172.31.46.0-255,66,134192,44,223412
19625,0.015312,172.217.194.0-255,5738,139930,44,223412
19626,0.01532,172.31.46.0-255,66,139996,44,223412
19627,0.017882,172.217.194.0-255,5738,145734,44,223412
19628,0.01789,172.31.46.0-255,66,145800,44,223412
19629,0.020458,172.217.194.0-255,5738,151538,44,223412
19630,0.020467,172.31.46.0-255,66,151604,44,223412
19631,0.023003,172.217.194.0-255,5738,157342,44,223412
19632,0.023009,172.31.46.0-255,66,157408,44,223412
19633,0.023759,172.31.46.0-255,172,157580,44,223412
19634,0.023788,172.31.46.0-255,1114,158694,44,223412
19635,0.023843,172.31.46.0-255,1514,160208,44,223412
19636,0.023844,172.31.46.0-255,1514,161722,44,223412
19637,0.023846,172.31.46.0-255,1514,163236,44,223412
19638,0.023847,172.31.46.0-255,1514,164750,44,223412
19639,0.023848,172.31.46.0-255,556,165306,44,223412
19640,0.025416,104.244.42.0-255,66,165372,44,223412
19641,0.02561,172.217.194.0-255,5738,171110,44,223412
19642,0.025615,172.31.46.0-255,66,171176,44,223412
19643,0.028176,172.217.194.0-255,5738,176914,44,223412
19644,0.028183,172.31.46.0-255,66,176980,44,223412
19645,0.03075,172.217.194.0-255,5738,182718,44,223412
19646,0.030757,172.31.46.0-255,66,182784,44,223412
19647,0.033333,172.217.194.0-255,5738,188522,44,223412
19648,0.033339,172.31.46.0-255,66,188588,44,223412
19649,0.035891,172.217.194.0-255,5738,194326,44,223412
19650,0.035898,172.31.46.0-255,66,194392,44,223412
19651,0.038455,172.217.194.0-255,5738,200130,44,223412
19652,0.03846,172.31.46.0-255,66,200196,44,223412
19653,0.041021,172.217.194.0-255,5738,205934,44,223412
19654,0.041028,172.31.46.0-255,66,206000,44,223412
19655,0.043564,172.217.194.0-255,5738,211738,44,223412
19656,0.043569,172.31.46.0-255,66,211804,44,223412
19657,0.046114,172.217.194.0-255,5738,217542,44,223412
19658,0.046119,172.31.46.0-255,66,217608,44,223412
19659,0.048688,172.217.194.0-255,5738,223346,44,223412
19660,0.048693,172.31.46.0-255,66,223412,44,223412
19661,0.0,172.217.194.0-255,146,146,44,233071
19662,2.2e-05,172.31.46.0-255,66,212,44,233071
19663,2.9e-05,172.217.194.0-255,1484,1696,44,233071
19664,3.3e-05,172.31.46.0-255,66,1762,44,233071
19665,3.9e-05,172.217.194.0-255,2902,4664,44,233071
19666,4.2e-05,172.31.46.0-255,66,4730,44,233071
19667,5e-05,172.217.194.0-255,7156,11886,44,233071
19668,5.3e-05,172.31.46.0-255,66,11952,44,233071
19669,5.7e-05,172.217.194.0-255,2123,14075,44,233071
19670,5.9e-05,172.31.46.0-255,66,14141,44,233071
19671,0.000903,172.217.194.0-255,1484,15625,44,233071
19672,0.000911,172.31.46.0-255,66,15691,44,233071
19673,0.000921,172.217.194.0-255,2902,18593,44,233071
19674,0.000923,172.31.46.0-255,66,18659,44,233071
19675,0.00093,172.217.194.0-255,5738,24397,44,233071
19676,0.000932,172.31.46.0-255,66,24463,44,233071
19677,0.000965,172.217.194.0-255,6797,31260,44,233071
19678,0.000968,172.31.46.0-255,66,31326,44,233071
19679,0.000973,172.217.194.0-255,2902,34228,44,233071
19680,0.000975,172.31.46.0-255,66,34294,44,233071
19681,0.000997,172.217.194.0-255,5738,40032,44,233071
19682,0.000999,172.31.46.0-255,66,40098,44,233071
19683,0.001011,172.31.46.0-255,66,40164,44,233071
19684,0.001039,172.217.194.0-255,5738,45902,44,233071
19685,0.001041,172.31.46.0-255,66,45968,44,233071
19686,0.001072,172.31.46.0-255,66,46034,44,233071
19687,0.001075,172.217.194.0-255,341,46375,44,233071
19688,0.001076,172.31.46.0-255,66,46441,44,233071
19689,0.001099,172.217.194.0-255,120,46561,44,233071
19690,0.001102,172.31.46.0-255,66,46627,44,233071
19691,0.001135,172.217.194.0-255,1484,48111,44,233071
19692,0.001138,172.31.46.0-255,66,48177,44,233071
19693,0.001143,172.217.194.0-255,2902,51079,44,233071
19694,0.001145,172.31.46.0-255,66,51145,44,233071
19695,0.001148,172.217.194.0-255,1484,52629,44,233071
19696,0.00115,172.31.46.0-255,66,52695,44,233071
19697,0.001177,172.217.194.0-255,5738,58433,44,233071
19698,0.00118,172.31.46.0-255,66,58499,44,233071
19699,0.001193,172.31.46.0-255,66,58565,44,233071
19700,0.001265,172.31.46.0-255,66,58631,44,233071
19701,0.00129,172.217.194.0-255,2184,60815,44,233071
19702,0.001292,172.31.46.0-255,66,60881,44,233071
19703,0.001306,172.31.46.0-255,66,60947,44,233071
19704,0.001318,172.31.46.0-255,66,61013,44,233071
19705,0.001355,172.31.46.0-255,66,61079,44,233071
19706,0.001386,172.217.194.0-255,1484,62563,44,233071
19707,0.001389,172.31.46.0-255,66,62629,44,233071
19708,0.001393,172.217.194.0-255,2902,65531,44,233071
19709,0.001395,172.31.46.0-255,66,65597,44,233071
19710,0.001401,172.217.194.0-255,5738,71335,44,233071
19711,0.001403,172.31.46.0-255,66,71401,44,233071
19712,0.001447,172.31.46.0-255,66,71467,44,233071
19713,0.001457,172.31.46.0-255,66,71533,44,233071
19714,0.001487,172.217.194.0-255,2184,73717,44,233071
19715,0.00149,172.31.46.0-255,66,73783,44,233071
19716,0.00195,172.217.194.0-255,1484,75267,44,233071
19717,0.001955,172.31.46.0-255,66,75333,44,233071
19718,0.001962,172.217.194.0-255,2902,78235,44,233071
19719,0.001964,172.31.46.0-255,66,78301,44,233071
19720,0.001999,172.217.194.0-255,5738,84039,44,233071
19721,0.002001,172.31.46.0-255,66,84105,44,233071
19722,0.002005,172.217.194.0-255,1484,85589,44,233071
19723,0.002007,172.31.46.0-255,66,85655,44,233071
19724,0.00203,172.31.46.0-255,66,85721,44,233071
19725,0.002042,172.217.194.0-255,1484,87205,44,233071
19726,0.002049,172.217.194.0-255,7156,94361,44,233071
19727,0.002052,172.31.46.0-255,66,94427,44,233071
19728,0.002055,172.31.46.0-255,66,94493,44,233071
19729,0.002066,172.217.194.0-255,5020,99513,44,233071
19730,0.002069,172.31.46.0-255,66,99579,44,233071
19731,0.004134,172.217.194.0-255,5738,105317,44,233071
19732,0.004143,172.31.46.0-255,66,105383,44,233071
19733,0.006168,172.217.194.0-255,5738,111121,44,233071
19734,0.006173,172.31.46.0-255,66,111187,44,233071
19735,0.008206,172.217.194.0-255,5738,116925,44,233071
19736,0.008209,172.31.46.0-255,66,116991,44,233071
19737,0.010255,172.217.194.0-255,5738,122729,44,233071
19738,0.010266,172.31.46.0-255,66,122795,44,233071
19739,0.012296,172.217.194.0-255,5738,128533,44,233071
19740,0.012311,172.31.46.0-255,66,128599,44,233071
19741,0.014402,172.217.194.0-255,5738,134337,44,233071
19742,0.014416,172.31.46.0-255,66,134403,44,233071
19743,0.016438,172.217.194.0-255,5738,140141,44,233071
19744,0.016447,172.31.46.0-255,66,140207,44,233071
19745,0.018508,172.217.194.0-255,5738,145945,44,233071
19746,0.018517,172.31.46.0-255,66,146011,44,233071
19747,0.020608,172.217.194.0-255,5738,151749,44,233071
19748,0.02062,172.31.46.0-255,66,151815,44,233071
19749,0.022682,172.217.194.0-255,5738,157553,44,233071
19750,0.022695,172.31.46.0-255,66,157619,44,233071
19751,0.024751,172.217.194.0-255,5738,163357,44,233071
19752,0.024758,172.31.46.0-255,66,163423,44,233071
19753,0.026844,172.217.194.0-255,5738,169161,44,233071
19754,0.026856,172.31.46.0-255,66,169227,44,233071
19755,0.028901,172.217.194.0-255,5738,174965,44,233071
19756,0.028916,172.31.46.0-255,66,175031,44,233071
19757,0.030969,172.217.194.0-255,5738,180769,44,233071
19758,0.030978,172.31.46.0-255,66,180835,44,233071
19759,0.033034,172.217.194.0-255,5738,186573,44,233071
19760,0.03306,172.31.46.0-255,66,186639,44,233071
19761,0.035089,172.217.194.0-255,5738,192377,44,233071
19762,0.0351,172.31.46.0-255,66,192443,44,233071
19763,0.037148,172.217.194.0-255,5738,198181,44,233071
19764,0.037158,172.31.46.0-255,66,198247,44,233071
19765,0.039187,172.217.194.0-255,5738,203985,44,233071
19766,0.039198,172.31.46.0-255,66,204051,44,233071
19767,0.04128,172.217.194.0-255,5738,209789,44,233071
19768,0.041294,172.31.46.0-255,66,209855,44,233071
19769,0.043351,172.217.194.0-255,5738,215593,44,233071
19770,0.043364,172.31.46.0-255,66,215659,44,233071
19771,0.045409,172.217.194.0-255,5738,221397,44,233071
19772,0.045424,172.31.46.0-255,66,221463,44,233071
19773,0.047505,172.217.194.0-255,5738,227201,44,233071
19774,0.047521,172.31.46.0-255,66,227267,44,233071
19775,0.049568,172.217.194.0-255,5738,233005,44,233071
19776,0.04958,172.31.46.0-255,66,233071,44,233071
19777,0.0,74.125.68.0-255,150,150,44,247585
19778,2.5e-05,172.31.46.0-255,66,216,44,247585
19779,3.3e-05,74.125.68.0-255,1484,1700,44,247585
19780,3.8e-05,172.31.46.0-255,66,1766,44,247585
19781,4.4e-05,74.125.68.0-255,2902,4668,44,247585
19782,5.4e-05,172.31.46.0-255,66,4734,44,247585
19783,6.2e-05,74.125.68.0-255,7156,11890,44,247585
19784,6.5e-05,172.31.46.0-255,66,11956,44,247585
19785,6.9e-05,74.125.68.0-255,1950,13906,44,247585
19786,7.1e-05,172.31.46.0-255,66,13972,44,247585
19787,0.000209,74.125.68.0-255,1484,15456,44,247585
19788,0.000213,172.31.46.0-255,66,15522,44,247585
19789,0.000221,74.125.68.0-255,2902,18424,44,247585
19790,0.000224,172.31.46.0-255,66,18490,44,247585
19791,0.000228,74.125.68.0-255,1484,19974,44,247585
19792,0.000229,172.31.46.0-255,66,20040,44,247585
19793,0.000266,74.125.68.0-255,4320,24360,44,247585
19794,0.00027,172.31.46.0-255,66,24426,44,247585
19795,0.000277,74.125.68.0-255,6797,31223,44,247585
19796,0.000279,172.31.46.0-255,66,31289,44,247585
19797,0.000378,74.125.68.0-255,1484,32773,44,247585
19798,0.000383,172.31.46.0-255,66,32839,44,247585
19799,0.000388,74.125.68.0-255,2902,35741,44,247585
19800,0.00039,172.31.46.0-255,66,35807,44,247585
19801,0.000444,74.125.68.0-255,5738,41545,44,247585
19802,0.000449,172.31.46.0-255,66,41611,44,247585
19803,0.000454,74.125.68.0-255,2902,44513,44,247585
19804,0.000456,172.31.46.0-255,66,44579,44,247585
19805,0.000462,74.125.68.0-255,4320,48899,44,247585
19806,0.000464,172.31.46.0-255,66,48965,44,247585
19807,0.000496,74.125.68.0-255,6797,55762,44,247585
19808,0.000503,172.31.46.0-255,66,55828,44,247585
19809,0.000506,74.125.68.0-255,1484,57312,44,247585
19810,0.000511,74.125.68.0-255,2902,60214,44,247585
19811,0.000514,172.31.46.0-255,66,60280,44,247585
19812,0.000519,74.125.68.0-255,5653,65933,44,247585
19813,0.000521,172.31.46.0-255,66,65999,44,247585
19814,0.000953,74.125.68.0-255,130,66129,44,247585
19815,0.001081,74.125.68.0-255,1484,67613,44,247585
19816,0.001088,172.31.46.0-255,66,67679,44,247585
19817,0.001094,74.125.68.0-255,2902,70581,44,247585
19818,0.001096,172.31.46.0-255,66,70647,44,247585
19819,0.001106,74.125.68.0-255,2902,73549,44,247585
19820,0.001109,172.31.46.0-255,66,73615,44,247585
19821,0.001141,74.125.68.0-255,2902,76517,44,247585
19822,0.001143,172.31.46.0-255,66,76583,44,247585
19823,0.001148,74.125.68.0-255,2902,79485,44,247585
19824,0.001149,172.31.46.0-255,66,79551,44,247585
19825,0.00116,74.125.68.0-255,3961,83512,44,247585
19826,0.001162,172.31.46.0-255,66,83578,44,247585
19827,0.001203,74.125.68.0-255,1484,85062,44,247585
19828,0.00122,74.125.68.0-255,1484,86546,44,247585
19829,0.001223,172.31.46.0-255,66,86612,44,247585
19830,0.001228,74.125.68.0-255,2902,89514,44,247585
19831,0.001229,172.31.46.0-255,66,89580,44,247585
19832,0.001253,74.125.68.0-255,5738,95318,44,247585
19833,0.001259,172.31.46.0-255,66,95384,44,247585
19834,0.001286,74.125.68.0-255,5379,100763,44,247585
19835,0.001288,172.31.46.0-255,66,100829,44,247585
19836,0.002289,74.125.68.0-255,1484,102313,44,247585
19837,0.002301,74.125.68.0-255,2902,105215,44,247585
19838,0.002306,172.31.46.0-255,66,105281,44,247585
19839,0.002329,74.125.68.0-255,5738,111019,44,247585
19840,0.002331,172.31.46.0-255,66,111085,44,247585
19841,0.002335,74.125.68.0-255,2902,113987,44,247585
19842,0.002337,172.31.46.0-255,66,114053,44,247585
19843,0.002378,74.125.68.0-255,4320,118373,44,247585
19844,0.00238,172.31.46.0-255,66,118439,44,247585
19845,0.002391,172.31.46.0-255,66,118505,44,247585
19846,0.002401,74.125.68.0-255,2902,121407,44,247585
19847,0.002403,172.31.46.0-255,66,121473,44,247585
19848,0.002461,74.125.68.0-255,4320,125793,44,247585
19849,0.002465,172.31.46.0-255,66,125859,44,247585
19850,0.002482,74.125.68.0-255,766,126625,44,247585
19851,0.002519,74.125.68.0-255,1484,128109,44,247585
19852,0.002522,172.31.46.0-255,66,128175,44,247585
19853,0.00495,74.125.68.0-255,2902,131077,44,247585
19854,0.004957,172.31.46.0-255,66,131143,44,247585
19855,0.005004,74.125.68.0-255,2902,134045,44,247585
19856,0.005006,172.31.46.0-255,66,134111,44,247585
19857,0.007437,74.125.68.0-255,2902,137013,44,247585
19858,0.007442,172.31.46.0-255,66,137079,44,247585
19859,0.007476,74.125.68.0-255,2902,139981,44,247585
19860,0.007479,172.31.46.0-255,66,140047,44,247585
19861,0.009922,74.125.68.0-255,4320,144367,44,247585
19862,0.009932,172.31.46.0-255,66,144433,44,247585
19863,0.009965,74.125.68.0-255,1484,145917,44,247585
19864,0.012416,74.125.68.0-255,4320,150237,44,247585
19865,0.012427,172.31.46.0-255,66,150303,44,247585
19866,0.014914,74.125.68.0-255,5738,156041,44,247585
19867,0.014927,172.31.46.0-255,66,156107,44,247585
19868,0.017423,74.125.68.0-255,5738,161845,44,247585
19869,0.017442,172.31.46.0-255,66,161911,44,247585
19870,0.019968,74.125.68.0-255,5738,167649,44,247585
19871,0.019978,172.31.46.0-255,66,167715,44,247585
19872,0.02246,74.125.68.0-255,5738,173453,44,247585
19873,0.022479,172.31.46.0-255,66,173519,44,247585
19874,0.024971,74.125.68.0-255,5738,179257,44,247585
19875,0.024987,172.31.46.0-255,66,179323,44,247585
19876,0.027477,74.125.68.0-255,5738,185061,44,247585
19877,0.027491,172.31.46.0-255,66,185127,44,247585
19878,0.028501,172.31.46.0-255,172,185299,44,247585
19879,0.028545,172.31.46.0-255,1109,186408,44,247585
19880,0.028627,172.31.46.0-255,1514,187922,44,247585
19881,0.02863,172.31.46.0-255,1514,189436,44,247585
19882,0.028631,172.31.46.0-255,1514,190950,44,247585
19883,0.028632,172.31.46.0-255,1514,192464,44,247585
19884,0.028669,172.31.46.0-255,1514,193978,44,247585
19885,0.028671,172.31.46.0-255,75,194053,44,247585
19886,0.029973,74.125.68.0-255,2902,196955,44,247585
19887,0.029982,172.31.46.0-255,66,197021,44,247585
19888,0.030018,74.125.68.0-255,2902,199923,44,247585
19889,0.030021,172.31.46.0-255,66,199989,44,247585
19890,0.030038,104.244.42.0-255,66,200055,44,247585
19891,0.030142,104.244.42.0-255,66,200121,44,247585
19892,0.030301,104.244.42.0-255,66,200187,44,247585
19893,0.030308,104.244.42.0-255,66,200253,44,247585
19894,0.031272,104.244.42.0-255,108,200361,44,247585
19895,0.031293,172.31.46.0-255,66,200427,44,247585
19896,0.032444,74.125.68.0-255,1484,201911,44,247585
19897,0.032482,74.125.68.0-255,4320,206231,44,247585
19898,0.032488,172.31.46.0-255,66,206297,44,247585
19899,0.035021,74.125.68.0-255,5738,212035,44,247585
19900,0.035028,172.31.46.0-255,66,212101,44,247585
19901,0.037494,74.125.68.0-255,5738,217839,44,247585
19902,0.0375,172.31.46.0-255,66,217905,44,247585
19903,0.039984,74.125.68.0-255,2902,220807,44,247585
19904,0.039988,172.31.46.0-255,66,220873,44,247585
19905,0.04002,74.125.68.0-255,2902,223775,44,247585
19906,0.040023,172.31.46.0-255,66,223841,44,247585
19907,0.042448,74.125.68.0-255,2902,226743,44,247585
19908,0.042454,172.31.46.0-255,66,226809,44,247585
19909,0.042489,74.125.68.0-255,2902,229711,44,247585
19910,0.042493,172.31.46.0-255,66,229777,44,247585
19911,0.044922,74.125.68.0-255,2902,232679,44,247585
19912,0.044928,172.31.46.0-255,66,232745,44,247585
19913,0.044965,74.125.68.0-255,2902,235647,44,247585
19914,0.044968,172.31.46.0-255,66,235713,44,247585
19915,0.047388,74.125.68.0-255,2902,238615,44,247585
19916,0.047394,172.31.46.0-255,66,238681,44,247585
19917,0.047436,74.125.68.0-255,2902,241583,44,247585
19918,0.04744,172.31.46.0-255,66,241649,44,247585
19919,0.049858,74.125.68.0-255,2902,244551,44,247585
19920,0.049864,172.31.46.0-255,66,244617,44,247585
19921,0.049902,74.125.68.0-255,2902,247519,44,247585
19922,0.049905,172.31.46.0-255,66,247585,44,247585
19923,0.0,74.125.24.0-255,153,153,44,236698
19924,2.2e-05,172.31.46.0-255,66,219,44,236698
19925,2.9e-05,74.125.24.0-255,1484,1703,44,236698
19926,3.4e-05,172.31.46.0-255,66,1769,44,236698
19927,4.7e-05,74.125.24.0-255,2902,4671,44,236698
19928,5.2e-05,172.31.46.0-255,66,4737,44,236698
19929,5.9e-05,74.125.24.0-255,5738,10475,44,236698
19930,6.2e-05,172.31.46.0-255,66,10541,44,236698
19931,6.9e-05,74.125.24.0-255,6240,16781,44,236698
19932,7.3e-05,172.31.46.0-255,66,16847,44,236698
19933,8.9e-05,172.31.46.0-255,66,16913,44,236698
19934,0.000159,74.125.24.0-255,1484,18397,44,236698
19935,0.000162,172.31.46.0-255,66,18463,44,236698
19936,0.000181,74.125.24.0-255,2902,21365,44,236698
19937,0.000183,172.31.46.0-255,66,21431,44,236698
19938,0.000188,74.125.24.0-255,2902,24333,44,236698
19939,0.00019,172.31.46.0-255,66,24399,44,236698
19940,0.000232,74.125.24.0-255,7156,31555,44,236698
19941,0.000235,172.31.46.0-255,66,31621,44,236698
19942,0.000239,74.125.24.0-255,2543,34164,44,236698
19943,0.000241,172.31.46.0-255,66,34230,44,236698
19944,0.000309,74.125.24.0-255,1484,35714,44,236698
19945,0.000312,172.31.46.0-255,66,35780,44,236698
19946,0.000323,74.125.24.0-255,1484,37264,44,236698
19947,0.000329,172.31.46.0-255,66,37330,44,236698
19948,0.000358,74.125.24.0-255,1484,38814,44,236698
19949,0.00036,172.31.46.0-255,66,38880,44,236698
19950,0.000365,74.125.24.0-255,2902,41782,44,236698
19951,0.000367,172.31.46.0-255,66,41848,44,236698
19952,0.00038,74.125.24.0-255,7156,49004,44,236698
19953,0.000382,172.31.46.0-255,66,49070,44,236698
19954,0.000387,74.125.24.0-255,2887,51957,44,236698
19955,0.000389,172.31.46.0-255,66,52023,44,236698
19956,0.000418,74.125.24.0-255,333,52356,44,236698
19957,0.000729,74.125.24.0-255,1484,53840,44,236698
19958,0.000734,172.31.46.0-255,66,53906,44,236698
19959,0.00074,74.125.24.0-255,2902,56808,44,236698
19960,0.000743,172.31.46.0-255,66,56874,44,236698
19961,0.000746,74.125.24.0-255,1484,58358,44,236698
19962,0.000775,74.125.24.0-255,4320,62678,44,236698
19963,0.000778,172.31.46.0-255,66,62744,44,236698
19964,0.000786,74.125.24.0-255,7156,69900,44,236698
19965,0.000788,172.31.46.0-255,66,69966,44,236698
19966,0.000817,74.125.24.0-255,6797,76763,44,236698
19967,0.00082,172.31.46.0-255,66,76829,44,236698
19968,0.000827,74.125.24.0-255,5738,82567,44,236698
19969,0.000829,172.31.46.0-255,66,82633,44,236698
19970,0.000864,74.125.24.0-255,3961,86594,44,236698
19971,0.000871,172.31.46.0-255,66,86660,44,236698
19972,0.001335,74.125.24.0-255,1484,88144,44,236698
19973,0.001342,74.125.24.0-255,2902,91046,44,236698
19974,0.001346,172.31.46.0-255,66,91112,44,236698
19975,0.00138,74.125.24.0-255,5738,96850,44,236698
19976,0.001383,172.31.46.0-255,66,96916,44,236698
19977,0.001401,172.31.46.0-255,66,96982,44,236698
19978,0.00144,172.31.46.0-255,66,97048,44,236698
19979,0.002145,74.125.24.0-255,1484,98532,44,236698
19980,0.002154,74.125.24.0-255,1484,100016,44,236698
19981,0.002158,172.31.46.0-255,66,100082,44,236698
19982,0.002177,74.125.24.0-255,1484,101566,44,236698
19983,0.002184,74.125.24.0-255,5738,107304,44,236698
19984,0.002186,172.31.46.0-255,66,107370,44,236698
19985,0.002227,172.31.46.0-255,66,107436,44,236698
19986,0.002231,74.125.24.0-255,1484,108920,44,236698
19987,0.002271,172.31.46.0-255,66,108986,44,236698
19988,0.002276,74.125.24.0-255,2184,111170,44,236698
19989,0.002278,172.31.46.0-255,66,111236,44,236698
19990,0.00456,74.125.24.0-255,5738,116974,44,236698
19991,0.004577,172.31.46.0-255,66,117040,44,236698
19992,0.006872,74.125.24.0-255,5738,122778,44,236698
19993,0.006877,172.31.46.0-255,66,122844,44,236698
19994,0.009126,74.125.24.0-255,5738,128582,44,236698
19995,0.009139,172.31.46.0-255,66,128648,44,236698
19996,0.01139,74.125.24.0-255,5738,134386,44,236698
19997,0.011405,172.31.46.0-255,66,134452,44,236698
19998,0.013715,74.125.24.0-255,5738,140190,44,236698
19999,0.013735,172.31.46.0-255,66,140256,44,236698
20000,0.016007,74.125.24.0-255,5738,145994,44,236698
20001,0.016023,172.31.46.0-255,66,146060,44,236698
20002,0.018351,74.125.24.0-255,5738,151798,44,236698
20003,0.018368,172.31.46.0-255,66,151864,44,236698
20004,0.020663,74.125.24.0-255,5738,157602,44,236698
20005,0.020678,172.31.46.0-255,66,157668,44,236698
20006,0.022978,74.125.24.0-255,5738,163406,44,236698
20007,0.022988,172.31.46.0-255,66,163472,44,236698
20008,0.025265,74.125.24.0-255,5738,169210,44,236698
20009,0.025279,172.31.46.0-255,66,169276,44,236698
20010,0.027644,74.125.24.0-255,5738,175014,44,236698
20011,0.027659,172.31.46.0-255,66,175080,44,236698
20012,0.029946,74.125.24.0-255,5738,180818,44,236698
20013,0.029961,172.31.46.0-255,66,180884,44,236698
20014,0.032223,74.125.24.0-255,5738,186622,44,236698
20015,0.032236,172.31.46.0-255,66,186688,44,236698
20016,0.034506,74.125.24.0-255,5738,192426,44,236698
20017,0.034516,172.31.46.0-255,66,192492,44,236698
20018,0.036768,74.125.24.0-255,5738,198230,44,236698
20019,0.036777,172.31.46.0-255,66,198296,44,236698
20020,0.039046,74.125.24.0-255,5738,204034,44,236698
20021,0.039054,172.31.46.0-255,66,204100,44,236698
20022,0.039973,172.31.46.0-255,190,204290,44,236698
20023,0.040005,172.31.46.0-255,1115,205405,44,236698
20024,0.040071,172.31.46.0-255,1514,206919,44,236698
20025,0.040074,172.31.46.0-255,1514,208433,44,236698
20026,0.040075,172.31.46.0-255,1514,209947,44,236698
20027,0.040076,172.31.46.0-255,1514,211461,44,236698
20028,0.040108,172.31.46.0-255,1514,212975,44,236698
20029,0.04011,172.31.46.0-255,69,213044,44,236698
20030,0.041311,74.125.24.0-255,5738,218782,44,236698
20031,0.041319,172.31.46.0-255,66,218848,44,236698
20032,0.041614,104.244.42.0-255,66,218914,44,236698
20033,0.041642,104.244.42.0-255,66,218980,44,236698
20034,0.041704,104.244.42.0-255,66,219046,44,236698
20035,0.041708,104.244.42.0-255,66,219112,44,236698
20036,0.042385,104.244.42.0-255,108,219220,44,236698
20037,0.042395,172.31.46.0-255,66,219286,44,236698
20038,0.043578,74.125.24.0-255,5738,225024,44,236698
20039,0.043585,172.31.46.0-255,66,225090,44,236698
20040,0.045853,74.125.24.0-255,5738,230828,44,236698
20041,0.04586,172.31.46.0-255,66,230894,44,236698
20042,0.048108,74.125.24.0-255,5738,236632,44,236698
20043,0.048113,172.31.46.0-255,66,236698,44,236698
20044,0.0,216.58.221.0-255,297,297,44,240373
20045,1.5e-05,172.31.46.0-255,66,363,44,240373
20046,2.1e-05,216.58.221.0-255,1484,1847,44,240373
20047,2.6e-05,172.31.46.0-255,66,1913,44,240373
20048,3.1e-05,216.58.221.0-255,2902,4815,44,240373
20049,3.5e-05,172.31.46.0-255,66,4881,44,240373
20050,4.2e-05,216.58.221.0-255,5738,10619,44,240373
20051,4.4e-05,172.31.46.0-255,66,10685,44,240373
20052,7.4e-05,216.58.221.0-255,3270,13955,44,240373
20053,7.7e-05,172.31.46.0-255,66,14021,44,240373
20054,0.000146,216.58.221.0-255,1484,15505,44,240373
20055,0.00015,172.31.46.0-255,66,15571,44,240373
20056,0.000155,216.58.221.0-255,2902,18473,44,240373
20057,0.000157,172.31.46.0-255,66,18539,44,240373
20058,0.000163,216.58.221.0-255,4320,22859,44,240373
20059,0.000166,172.31.46.0-255,66,22925,44,240373
20060,0.000181,216.58.221.0-255,1484,24409,44,240373
20061,0.000183,172.31.46.0-255,66,24475,44,240373
20062,0.000191,216.58.221.0-255,6797,31272,44,240373
20063,0.000194,172.31.46.0-255,66,31338,44,240373
20064,0.000286,216.58.221.0-255,1484,32822,44,240373
20065,0.00029,172.31.46.0-255,66,32888,44,240373
20066,0.000296,216.58.221.0-255,2902,35790,44,240373
20067,0.000298,172.31.46.0-255,66,35856,44,240373
20068,0.000302,216.58.221.0-255,1484,37340,44,240373
20069,0.000304,172.31.46.0-255,66,37406,44,240373
20070,0.000327,216.58.221.0-255,4320,41726,44,240373
20071,0.000329,172.31.46.0-255,66,41792,44,240373
20072,0.000336,216.58.221.0-255,5738,47530,44,240373
20073,0.000338,172.31.46.0-255,66,47596,44,240373
20074,0.000367,216.58.221.0-255,1125,48721,44,240373
20075,0.000369,172.31.46.0-255,66,48787,44,240373
20076,0.000545,216.58.221.0-255,1484,50271,44,240373
20077,0.000552,216.58.221.0-255,2902,53173,44,240373
20078,0.000556,172.31.46.0-255,66,53239,44,240373
20079,0.00058,216.58.221.0-255,5738,58977,44,240373
20080,0.000582,172.31.46.0-255,66,59043,44,240373
20081,0.000588,216.58.221.0-255,4320,63363,44,240373
20082,0.00059,172.31.46.0-255,66,63429,44,240373
20083,0.000626,216.58.221.0-255,2543,65972,44,240373
20084,0.000629,172.31.46.0-255,66,66038,44,240373
20085,0.000651,216.58.221.0-255,395,66433,44,240373
20086,0.001396,216.58.221.0-255,350,66783,44,240373
20087,0.001546,216.58.221.0-255,1484,68267,44,240373
20088,0.001553,172.31.46.0-255,66,68333,44,240373
20089,0.00156,216.58.221.0-255,2902,71235,44,240373
20090,0.001562,172.31.46.0-255,66,71301,44,240373
20091,0.001569,216.58.221.0-255,5738,77039,44,240373
20092,0.001571,172.31.46.0-255,66,77105,44,240373
20093,0.001592,216.58.221.0-255,6797,83902,44,240373
20094,0.001594,172.31.46.0-255,66,83968,44,240373
20095,0.001625,216.58.221.0-255,7156,91124,44,240373
20096,0.001628,172.31.46.0-255,66,91190,44,240373
20097,0.001631,216.58.221.0-255,1484,92674,44,240373
20098,0.001658,172.31.46.0-255,66,92740,44,240373
20099,0.003582,216.58.221.0-255,5738,98478,44,240373
20100,0.003588,172.31.46.0-255,66,98544,44,240373
20101,0.005522,216.58.221.0-255,5738,104282,44,240373
20102,0.005532,172.31.46.0-255,66,104348,44,240373
20103,0.007466,216.58.221.0-255,5738,110086,44,240373
20104,0.007474,172.31.46.0-255,66,110152,44,240373
20105,0.009429,216.58.221.0-255,5738,115890,44,240373
20106,0.009438,172.31.46.0-255,66,115956,44,240373
20107,0.011366,216.58.221.0-255,5738,121694,44,240373
20108,0.011372,172.31.46.0-255,66,121760,44,240373
20109,0.013299,216.58.221.0-255,5738,127498,44,240373
20110,0.013307,172.31.46.0-255,66,127564,44,240373
20111,0.015237,216.58.221.0-255,5738,133302,44,240373
20112,0.015244,172.31.46.0-255,66,133368,44,240373
20113,0.017172,216.58.221.0-255,5738,139106,44,240373
20114,0.017179,172.31.46.0-255,66,139172,44,240373
20115,0.019107,216.58.221.0-255,5738,144910,44,240373
20116,0.019115,172.31.46.0-255,66,144976,44,240373
20117,0.02104,216.58.221.0-255,5738,150714,44,240373
20118,0.021046,172.31.46.0-255,66,150780,44,240373
20119,0.022982,216.58.221.0-255,5738,156518,44,240373
20120,0.022991,172.31.46.0-255,66,156584,44,240373
20121,0.024929,216.58.221.0-255,5738,162322,44,240373
20122,0.024939,172.31.46.0-255,66,162388,44,240373
20123,0.026888,216.58.221.0-255,5738,168126,44,240373
20124,0.026899,172.31.46.0-255,66,168192,44,240373
20125,0.02852,172.31.46.0-255,172,168364,44,240373
20126,0.028552,172.31.46.0-255,1114,169478,44,240373
20127,0.028619,172.31.46.0-255,1514,170992,44,240373
20128,0.028621,172.31.46.0-255,1514,172506,44,240373
20129,0.028622,172.31.46.0-255,1514,174020,44,240373
20130,0.028623,172.31.46.0-255,1514,175534,44,240373
20131,0.028625,172.31.46.0-255,557,176091,44,240373
20132,0.028825,216.58.221.0-255,5738,181829,44,240373
20133,0.028831,172.31.46.0-255,66,181895,44,240373
20134,0.03006,104.244.42.0-255,66,181961,44,240373
20135,0.030099,104.244.42.0-255,66,182027,44,240373
20136,0.030219,104.244.42.0-255,66,182093,44,240373
20137,0.030224,104.244.42.0-255,66,182159,44,240373
20138,0.03077,216.58.221.0-255,5738,187897,44,240373
20139,0.030777,172.31.46.0-255,66,187963,44,240373
20140,0.032716,216.58.221.0-255,5738,193701,44,240373
20141,0.032723,172.31.46.0-255,66,193767,44,240373
20142,0.034374,104.244.42.0-255,108,193875,44,240373
20143,0.034382,172.31.46.0-255,66,193941,44,240373
20144,0.034656,216.58.221.0-255,5738,199679,44,240373
20145,0.034661,172.31.46.0-255,66,199745,44,240373
20146,0.036627,216.58.221.0-255,5738,205483,44,240373
20147,0.036633,172.31.46.0-255,66,205549,44,240373
20148,0.038592,216.58.221.0-255,5738,211287,44,240373
20149,0.038598,172.31.46.0-255,66,211353,44,240373
20150,0.040522,216.58.221.0-255,5738,217091,44,240373
20151,0.040528,172.31.46.0-255,66,217157,44,240373
20152,0.042453,216.58.221.0-255,5738,222895,44,240373
20153,0.042462,172.31.46.0-255,66,222961,44,240373
20154,0.044438,216.58.221.0-255,5738,228699,44,240373
20155,0.044445,172.31.46.0-255,66,228765,44,240373
20156,0.046371,216.58.221.0-255,5738,234503,44,240373
20157,0.046377,172.31.46.0-255,66,234569,44,240373
20158,0.048327,216.58.221.0-255,5738,240307,44,240373
20159,0.048335,172.31.46.0-255,66,240373,44,240373
20160,0.0,74.125.24.0-255,153,153,44,255106
20161,2.3e-05,172.31.46.0-255,66,219,44,255106
20162,3.2e-05,74.125.24.0-255,1484,1703,44,255106
20163,3.7e-05,172.31.46.0-255,66,1769,44,255106
20164,4.2e-05,74.125.24.0-255,2902,4671,44,255106
20165,5.2e-05,172.31.46.0-255,66,4737,44,255106
20166,5.9e-05,74.125.24.0-255,7156,11893,44,255106
20167,6.3e-05,172.31.46.0-255,66,11959,44,255106
20168,6.7e-05,74.125.24.0-255,1972,13931,44,255106
20169,7e-05,172.31.46.0-255,66,13997,44,255106
20170,0.000154,74.125.24.0-255,1484,15481,44,255106
20171,0.000157,172.31.46.0-255,66,15547,44,255106
20172,0.000185,74.125.24.0-255,2902,18449,44,255106
20173,0.000188,172.31.46.0-255,66,18515,44,255106
20174,0.000194,74.125.24.0-255,5738,24253,44,255106
20175,0.000196,172.31.46.0-255,66,24319,44,255106
20176,0.000208,74.125.24.0-255,6797,31116,44,255106
20177,0.00021,172.31.46.0-255,66,31182,44,255106
20178,0.000251,74.125.24.0-255,7156,38338,44,255106
20179,0.000254,172.31.46.0-255,66,38404,44,255106
20180,0.000273,172.31.46.0-255,66,38470,44,255106
20181,0.000303,74.125.24.0-255,5738,44208,44,255106
20182,0.000306,172.31.46.0-255,66,44274,44,255106
20183,0.000334,74.125.24.0-255,5320,49594,44,255106
20184,0.000337,172.31.46.0-255,66,49660,44,255106
20185,0.000363,74.125.24.0-255,130,49790,44,255106
20186,0.000366,172.31.46.0-255,66,49856,44,255106
20187,0.000527,74.125.24.0-255,1484,51340,44,255106
20188,0.000531,172.31.46.0-255,66,51406,44,255106
20189,0.000537,74.125.24.0-255,2902,54308,44,255106
20190,0.00054,172.31.46.0-255,66,54374,44,255106
20191,0.000567,74.125.24.0-255,5738,60112,44,255106
20192,0.000584,74.125.24.0-255,2902,63014,44,255106
20193,0.000592,172.31.46.0-255,66,63080,44,255106
20194,0.000653,74.125.24.0-255,2463,65543,44,255106
20195,0.000665,172.31.46.0-255,66,65609,44,255106
20196,0.000853,74.125.24.0-255,1484,67093,44,255106
20197,0.000868,74.125.24.0-255,2902,69995,44,255106
20198,0.000878,74.125.24.0-255,1484,71479,44,255106
20199,0.000883,172.31.46.0-255,66,71545,44,255106
20200,0.0009,74.125.24.0-255,4320,75865,44,255106
20201,0.000918,172.31.46.0-255,66,75931,44,255106
20202,0.000927,74.125.24.0-255,1484,77415,44,255106
20203,0.000937,74.125.24.0-255,7156,84571,44,255106
20204,0.00095,172.31.46.0-255,66,84637,44,255106
20205,0.000969,74.125.24.0-255,3602,88239,44,255106
20206,0.000984,172.31.46.0-255,66,88305,44,255106
20207,0.00116,74.125.24.0-255,1484,89789,44,255106
20208,0.001163,74.125.24.0-255,1484,91273,44,255106
20209,0.001173,74.125.24.0-255,1484,92757,44,255106
20210,0.001175,74.125.24.0-255,1484,94241,44,255106
20211,0.001187,74.125.24.0-255,4320,98561,44,255106
20212,0.001195,172.31.46.0-255,66,98627,44,255106
20213,0.00122,172.31.46.0-255,66,98693,44,255106
20214,0.001224,74.125.24.0-255,2902,101595,44,255106
20215,0.00123,74.125.24.0-255,7156,108751,44,255106
20216,0.00128,74.125.24.0-255,3602,112353,44,255106
20217,0.001287,172.31.46.0-255,66,112419,44,255106
20218,0.003311,74.125.24.0-255,5738,118157,44,255106
20219,0.003318,172.31.46.0-255,66,118223,44,255106
20220,0.005358,74.125.24.0-255,5738,123961,44,255106
20221,0.005893,172.31.46.0-255,66,124027,44,255106
20222,0.007893,74.125.24.0-255,5738,129765,44,255106
20223,0.007899,172.31.46.0-255,66,129831,44,255106
20224,0.009921,74.125.24.0-255,5738,135569,44,255106
20225,0.009929,172.31.46.0-255,66,135635,44,255106
20226,0.011946,74.125.24.0-255,5738,141373,44,255106
20227,0.01197,172.31.46.0-255,66,141439,44,255106
20228,0.013994,74.125.24.0-255,5738,147177,44,255106
20229,0.014002,172.31.46.0-255,66,147243,44,255106
20230,0.016017,74.125.24.0-255,5738,152981,44,255106
20231,0.016027,172.31.46.0-255,66,153047,44,255106
20232,0.018074,74.125.24.0-255,5738,158785,44,255106
20233,0.018082,172.31.46.0-255,66,158851,44,255106
20234,0.020134,74.125.24.0-255,5738,164589,44,255106
20235,0.020141,172.31.46.0-255,66,164655,44,255106
20236,0.022172,74.125.24.0-255,5738,170393,44,255106
20237,0.022178,172.31.46.0-255,66,170459,44,255106
20238,0.024248,74.125.24.0-255,5738,176197,44,255106
20239,0.024254,172.31.46.0-255,66,176263,44,255106
20240,0.026286,74.125.24.0-255,5738,182001,44,255106
20241,0.026294,172.31.46.0-255,66,182067,44,255106
20242,0.028307,74.125.24.0-255,5738,187805,44,255106
20243,0.028316,172.31.46.0-255,66,187871,44,255106
20244,0.030342,74.125.24.0-255,5738,193609,44,255106
20245,0.030351,172.31.46.0-255,66,193675,44,255106
20246,0.032413,74.125.24.0-255,5738,199413,44,255106
20247,0.032421,172.31.46.0-255,66,199479,44,255106
20248,0.034446,74.125.24.0-255,5738,205217,44,255106
20249,0.034453,172.31.46.0-255,66,205283,44,255106
20250,0.035738,172.31.46.0-255,176,205459,44,255106
20251,0.035769,172.31.46.0-255,1109,206568,44,255106
20252,0.035824,172.31.46.0-255,1514,208082,44,255106
20253,0.035826,172.31.46.0-255,1514,209596,44,255106
20254,0.035827,172.31.46.0-255,1514,211110,44,255106
20255,0.035828,172.31.46.0-255,1514,212624,44,255106
20256,0.035853,172.31.46.0-255,1514,214138,44,255106
20257,0.035854,172.31.46.0-255,76,214214,44,255106
20258,0.036488,74.125.24.0-255,5738,219952,44,255106
20259,0.036494,172.31.46.0-255,66,220018,44,255106
20260,0.037302,104.244.42.0-255,66,220084,44,255106
20261,0.037485,104.244.42.0-255,66,220150,44,255106
20262,0.037491,104.244.42.0-255,66,220216,44,255106
20263,0.037495,104.244.42.0-255,66,220282,44,255106
20264,0.038521,74.125.24.0-255,5738,226020,44,255106
20265,0.038529,172.31.46.0-255,66,226086,44,255106
20266,0.040553,74.125.24.0-255,5738,231824,44,255106
20267,0.040561,172.31.46.0-255,66,231890,44,255106
20268,0.042579,74.125.24.0-255,5738,237628,44,255106
20269,0.042586,172.31.46.0-255,66,237694,44,255106
20270,0.044611,74.125.24.0-255,5738,243432,44,255106
20271,0.044619,172.31.46.0-255,66,243498,44,255106
20272,0.046664,74.125.24.0-255,5738,249236,44,255106
20273,0.046671,172.31.46.0-255,66,249302,44,255106
20274,0.048694,74.125.24.0-255,5738,255040,44,255106
20275,0.048701,172.31.46.0-255,66,255106,44,255106
20276,0.0,74.125.24.0-255,153,153,44,226405
20277,1.4e-05,172.31.46.0-255,66,219,44,226405
20278,2.1e-05,74.125.24.0-255,1484,1703,44,226405
20279,2.6e-05,172.31.46.0-255,66,1769,44,226405
20280,3.2e-05,74.125.24.0-255,2902,4671,44,226405
20281,3.6e-05,172.31.46.0-255,66,4737,44,226405
20282,4.4e-05,74.125.24.0-255,7156,11893,44,226405
20283,4.7e-05,172.31.46.0-255,66,11959,44,226405
20284,5.1e-05,74.125.24.0-255,2072,14031,44,226405
20285,5.4e-05,172.31.46.0-255,66,14097,44,226405
20286,7.8e-05,74.125.24.0-255,1484,15581,44,226405
20287,8.1e-05,172.31.46.0-255,66,15647,44,226405
20288,9.8e-05,74.125.24.0-255,2902,18549,44,226405
20289,0.000101,172.31.46.0-255,66,18615,44,226405
20290,0.00013,74.125.24.0-255,5738,24353,44,226405
20291,0.000133,172.31.46.0-255,66,24419,44,226405
20292,0.00014,74.125.24.0-255,6797,31216,44,226405
20293,0.000143,172.31.46.0-255,66,31282,44,226405
20294,0.000411,74.125.24.0-255,1484,32766,44,226405
20295,0.000416,172.31.46.0-255,66,32832,44,226405
20296,0.000422,74.125.24.0-255,2902,35734,44,226405
20297,0.000425,172.31.46.0-255,66,35800,44,226405
20298,0.00045,74.125.24.0-255,5738,41538,44,226405
20299,0.000454,172.31.46.0-255,66,41604,44,226405
20300,0.000457,74.125.24.0-255,1484,43088,44,226405
20301,0.000459,172.31.46.0-255,66,43154,44,226405
20302,0.000485,74.125.24.0-255,1484,44638,44,226405
20303,0.000488,172.31.46.0-255,66,44704,44,226405
20304,0.000518,172.31.46.0-255,66,44770,44,226405
20305,0.000524,74.125.24.0-255,5738,50508,44,226405
20306,0.000527,172.31.46.0-255,66,50574,44,226405
20307,0.000591,74.125.24.0-255,5738,56312,44,226405
20308,0.000596,172.31.46.0-255,66,56378,44,226405
20309,0.000614,74.125.24.0-255,1125,57503,44,226405
20310,0.001014,172.31.46.0-255,66,57569,44,226405
20311,0.001597,74.125.24.0-255,645,58214,44,226405
20312,0.00173,74.125.24.0-255,1484,59698,44,226405
20313,0.001736,172.31.46.0-255,66,59764,44,226405
20314,0.001743,74.125.24.0-255,2902,62666,44,226405
20315,0.001745,172.31.46.0-255,66,62732,44,226405
20316,0.001751,74.125.24.0-255,2902,65634,44,226405
20317,0.001753,172.31.46.0-255,66,65700,44,226405
20318,0.001781,74.125.24.0-255,2902,68602,44,226405
20319,0.001783,172.31.46.0-255,66,68668,44,226405
20320,0.001797,172.31.46.0-255,66,68734,44,226405
20321,0.001832,74.125.24.0-255,1484,70218,44,226405
20322,0.001858,172.31.46.0-255,66,70284,44,226405
20323,0.002167,74.125.24.0-255,1484,71768,44,226405
20324,0.002181,74.125.24.0-255,2902,74670,44,226405
20325,0.002183,172.31.46.0-255,66,74736,44,226405
20326,0.002189,74.125.24.0-255,4320,79056,44,226405
20327,0.002191,172.31.46.0-255,66,79122,44,226405
20328,0.002203,74.125.24.0-255,1484,80606,44,226405
20329,0.00223,74.125.24.0-255,4320,84926,44,226405
20330,0.002232,172.31.46.0-255,66,84992,44,226405
20331,0.00225,74.125.24.0-255,2902,87894,44,226405
20332,0.002252,172.31.46.0-255,66,87960,44,226405
20333,0.002268,74.125.24.0-255,1484,89444,44,226405
20334,0.00229,74.125.24.0-255,7156,96600,44,226405
20335,0.002293,172.31.46.0-255,66,96666,44,226405
20336,0.002298,74.125.24.0-255,4320,100986,44,226405
20337,0.0023,172.31.46.0-255,66,101052,44,226405
20338,0.002304,74.125.24.0-255,1484,102536,44,226405
20339,0.0046,74.125.24.0-255,4320,106856,44,226405
20340,0.004605,172.31.46.0-255,66,106922,44,226405
20341,0.0069,74.125.24.0-255,5738,112660,44,226405
20342,0.006905,172.31.46.0-255,66,112726,44,226405
20343,0.009194,74.125.24.0-255,5738,118464,44,226405
20344,0.009202,172.31.46.0-255,66,118530,44,226405
20345,0.011517,74.125.24.0-255,5738,124268,44,226405
20346,0.011531,172.31.46.0-255,66,124334,44,226405
20347,0.013817,74.125.24.0-255,5738,130072,44,226405
20348,0.013827,172.31.46.0-255,66,130138,44,226405
20349,0.016116,74.125.24.0-255,5738,135876,44,226405
20350,0.016129,172.31.46.0-255,66,135942,44,226405
20351,0.018428,74.125.24.0-255,5738,141680,44,226405
20352,0.018435,172.31.46.0-255,66,141746,44,226405
20353,0.020742,74.125.24.0-255,5738,147484,44,226405
20354,0.020761,172.31.46.0-255,66,147550,44,226405
20355,0.023036,74.125.24.0-255,5738,153288,44,226405
20356,0.023047,172.31.46.0-255,66,153354,44,226405
20357,0.025318,74.125.24.0-255,5738,159092,44,226405
20358,0.025326,172.31.46.0-255,66,159158,44,226405
20359,0.027671,74.125.24.0-255,5738,164896,44,226405
20360,0.027679,172.31.46.0-255,66,164962,44,226405
20361,0.029988,74.125.24.0-255,5738,170700,44,226405
20362,0.029995,172.31.46.0-255,66,170766,44,226405
20363,0.032265,74.125.24.0-255,5738,176504,44,226405
20364,0.032272,172.31.46.0-255,66,176570,44,226405
20365,0.034573,74.125.24.0-255,5738,182308,44,226405
20366,0.034581,172.31.46.0-255,66,182374,44,226405
20367,0.036897,74.125.24.0-255,5738,188112,44,226405
20368,0.036909,172.31.46.0-255,66,188178,44,226405
20369,0.038657,172.31.46.0-255,188,188366,44,226405
20370,0.038688,172.31.46.0-255,955,189321,44,226405
20371,0.038758,172.31.46.0-255,1514,190835,44,226405
20372,0.03876,172.31.46.0-255,1514,192349,44,226405
20373,0.038765,172.31.46.0-255,1514,193863,44,226405
20374,0.038767,172.31.46.0-255,1514,195377,44,226405
20375,0.038785,172.31.46.0-255,1514,196891,44,226405
20376,0.038786,172.31.46.0-255,230,197121,44,226405
20377,0.039189,74.125.24.0-255,5738,202859,44,226405
20378,0.039199,172.31.46.0-255,66,202925,44,226405
20379,0.040204,104.244.42.0-255,66,202991,44,226405
20380,0.040257,104.244.42.0-255,66,203057,44,226405
20381,0.040339,104.244.42.0-255,66,203123,44,226405
20382,0.040346,104.244.42.0-255,66,203189,44,226405
20383,0.041483,74.125.24.0-255,5738,208927,44,226405
20384,0.04149,172.31.46.0-255,66,208993,44,226405
20385,0.043768,74.125.24.0-255,5738,214731,44,226405
20386,0.043775,172.31.46.0-255,66,214797,44,226405
20387,0.046055,74.125.24.0-255,5738,220535,44,226405
20388,0.046062,172.31.46.0-255,66,220601,44,226405
20389,0.048333,74.125.24.0-255,5738,226339,44,226405
20390,0.048339,172.31.46.0-255,66,226405,44,226405
20391,0.0,172.217.194.0-255,156,156,44,214590
20392,1.6e-05,172.31.46.0-255,66,222,44,214590
20393,2.3e-05,172.217.194.0-255,1484,1706,44,214590
20394,2.9e-05,172.31.46.0-255,66,1772,44,214590
20395,3.5e-05,172.217.194.0-255,2902,4674,44,214590
20396,3.8e-05,172.31.46.0-255,66,4740,44,214590
20397,4.6e-05,172.217.194.0-255,7156,11896,44,214590
20398,4.9e-05,172.31.46.0-255,66,11962,44,214590
20399,5.2e-05,172.217.194.0-255,2071,14033,44,214590
20400,5.6e-05,172.31.46.0-255,66,14099,44,214590
20401,0.000105,172.217.194.0-255,5738,19837,44,214590
20402,0.000109,172.31.46.0-255,66,19903,44,214590
20403,0.000117,172.217.194.0-255,7156,27059,44,214590
20404,0.000119,172.31.46.0-255,66,27125,44,214590
20405,0.000152,172.217.194.0-255,3961,31086,44,214590
20406,0.000154,172.31.46.0-255,66,31152,44,214590
20407,0.000206,172.217.194.0-255,1484,32636,44,214590
20408,0.000209,172.31.46.0-255,66,32702,44,214590
20409,0.000227,172.217.194.0-255,2902,35604,44,214590
20410,0.00023,172.31.46.0-255,66,35670,44,214590
20411,0.000255,172.217.194.0-255,5738,41408,44,214590
20412,0.000258,172.31.46.0-255,66,41474,44,214590
20413,0.000265,172.217.194.0-255,5738,47212,44,214590
20414,0.000267,172.31.46.0-255,66,47278,44,214590
20415,0.000303,172.31.46.0-255,66,47344,44,214590
20416,0.000323,172.217.194.0-255,2543,49887,44,214590
20417,0.000326,172.31.46.0-255,66,49953,44,214590
20418,0.000331,172.217.194.0-255,3961,53914,44,214590
20419,0.000333,172.31.46.0-255,66,53980,44,214590
20420,0.000336,172.217.194.0-255,677,54657,44,214590
20421,0.000338,172.31.46.0-255,66,54723,44,214590
20422,0.000523,172.217.194.0-255,1484,56207,44,214590
20423,0.00053,172.217.194.0-255,2902,59109,44,214590
20424,0.000534,172.31.46.0-255,66,59175,44,214590
20425,0.00054,172.217.194.0-255,2902,62077,44,214590
20426,0.000542,172.31.46.0-255,66,62143,44,214590
20427,0.000554,172.217.194.0-255,2902,65045,44,214590
20428,0.000557,172.31.46.0-255,66,65111,44,214590
20429,0.000564,172.217.194.0-255,7156,72267,44,214590
20430,0.000567,172.31.46.0-255,66,72333,44,214590
20431,0.000577,172.31.46.0-255,66,72399,44,214590
20432,0.000626,172.31.46.0-255,66,72465,44,214590
20433,0.000636,172.31.46.0-255,66,72531,44,214590
20434,0.000658,172.217.194.0-255,7156,79687,44,214590
20435,0.00066,172.31.46.0-255,66,79753,44,214590
20436,0.000679,172.217.194.0-255,1111,80864,44,214590
20437,0.000712,172.31.46.0-255,66,80930,44,214590
20438,0.00072,172.217.194.0-255,7156,88086,44,214590
20439,0.000722,172.31.46.0-255,66,88152,44,214590
20440,0.000738,172.217.194.0-255,2902,91054,44,214590
20441,0.000741,172.31.46.0-255,66,91120,44,214590
20442,0.000782,172.31.46.0-255,66,91186,44,214590
20443,0.000848,172.217.194.0-255,1484,92670,44,214590
20444,0.000862,172.217.194.0-255,2902,95572,44,214590
20445,0.000866,172.31.46.0-255,66,95638,44,214590
20446,0.000873,172.217.194.0-255,5738,101376,44,214590
20447,0.000875,172.31.46.0-255,66,101442,44,214590
20448,0.000912,172.31.46.0-255,66,101508,44,214590
20449,0.000959,172.217.194.0-255,7156,108664,44,214590
20450,0.000961,172.31.46.0-255,66,108730,44,214590
20451,0.000989,172.217.194.0-255,3602,112332,44,214590
20452,0.000992,172.31.46.0-255,66,112398,44,214590
20453,0.000997,172.217.194.0-255,5738,118136,44,214590
20454,0.001,172.31.46.0-255,66,118202,44,214590
20455,0.001006,172.217.194.0-255,7156,125358,44,214590
20456,0.001009,172.31.46.0-255,66,125424,44,214590
20457,0.001025,172.31.46.0-255,66,125490,44,214590
20458,0.001031,172.217.194.0-255,5738,131228,44,214590
20459,0.001034,172.31.46.0-255,66,131294,44,214590
20460,0.001076,172.217.194.0-255,4320,135614,44,214590
20461,0.001079,172.31.46.0-255,66,135680,44,214590
20462,0.001103,172.31.46.0-255,66,135746,44,214590
20463,0.00115,172.217.194.0-255,1484,137230,44,214590
20464,0.001167,172.217.194.0-255,2902,140132,44,214590
20465,0.00117,172.31.46.0-255,66,140198,44,214590
20466,0.001177,172.217.194.0-255,5738,145936,44,214590
20467,0.001179,172.31.46.0-255,66,146002,44,214590
20468,0.001191,172.217.194.0-255,1484,147486,44,214590
20469,0.001226,172.31.46.0-255,66,147552,44,214590
20470,0.001239,172.31.46.0-255,66,147618,44,214590
20471,0.00179,172.217.194.0-255,1484,149102,44,214590
20472,0.001798,172.217.194.0-255,2902,152004,44,214590
20473,0.001802,172.31.46.0-255,66,152070,44,214590
20474,0.001809,172.217.194.0-255,4320,156390,44,214590
20475,0.001811,172.31.46.0-255,66,156456,44,214590
20476,0.001823,172.217.194.0-255,1484,157940,44,214590
20477,0.001831,172.217.194.0-255,7156,165096,44,214590
20478,0.001833,172.31.46.0-255,66,165162,44,214590
20479,0.001864,172.31.46.0-255,66,165228,44,214590
20480,0.001882,172.217.194.0-255,1484,166712,44,214590
20481,0.001886,172.217.194.0-255,2184,168896,44,214590
20482,0.001889,172.31.46.0-255,66,168962,44,214590
20483,0.001939,172.217.194.0-255,1484,170446,44,214590
20484,0.001943,172.217.194.0-255,1484,171930,44,214590
20485,0.001945,172.31.46.0-255,66,171996,44,214590
20486,0.00196,172.217.194.0-255,1484,173480,44,214590
20487,0.001966,172.217.194.0-255,5738,179218,44,214590
20488,0.001969,172.31.46.0-255,66,179284,44,214590
20489,0.001972,172.217.194.0-255,1484,180768,44,214590
20490,0.001992,172.217.194.0-255,4320,185088,44,214590
20491,0.001994,172.31.46.0-255,66,185154,44,214590
20492,0.002006,172.31.46.0-255,66,185220,44,214590
20493,0.002021,172.217.194.0-255,2902,188122,44,214590
20494,0.002023,172.31.46.0-255,66,188188,44,214590
20495,0.002027,172.217.194.0-255,2902,191090,44,214590
20496,0.002029,172.31.46.0-255,66,191156,44,214590
20497,0.002049,172.217.194.0-255,2184,193340,44,214590
20498,0.002051,172.31.46.0-255,66,193406,44,214590
20499,0.00208,172.217.194.0-255,5738,199144,44,214590
20500,0.002083,172.31.46.0-255,66,199210,44,214590
20501,0.002086,172.217.194.0-255,1484,200694,44,214590
20502,0.002118,172.31.46.0-255,66,200760,44,214590
20503,0.002139,172.217.194.0-255,4320,205080,44,214590
20504,0.002141,172.31.46.0-255,66,205146,44,214590
20505,0.002165,172.31.46.0-255,66,205212,44,214590
20506,0.002231,172.31.46.0-255,66,205278,44,214590
20507,0.002244,172.31.46.0-255,66,205344,44,214590
20508,0.002247,172.217.194.0-255,97,205441,44,214590
20509,0.002277,172.217.194.0-255,105,205546,44,214590
20510,0.004406,172.31.46.0-255,66,205612,44,214590
20511,0.004443,172.31.46.0-255,105,205717,44,214590
20512,0.004508,172.217.194.0-255,129,205846,44,214590
20513,0.006711,172.217.194.0-255,66,205912,44,214590
20514,0.009794,172.31.46.0-255,105,206017,44,214590
20515,0.010076,172.31.46.0-255,90,206107,44,214590
20516,0.010085,172.31.46.0-255,66,206173,44,214590
20517,0.012082,172.217.194.0-255,66,206239,44,214590
20518,0.012342,172.217.194.0-255,66,206305,44,214590
20519,0.012367,172.217.194.0-255,66,206371,44,214590
20520,0.012374,172.31.46.0-255,66,206437,44,214590
20521,0.036782,172.31.46.0-255,187,206624,44,214590
20522,0.036812,172.31.46.0-255,979,207603,44,214590
20523,0.036887,172.31.46.0-255,1514,209117,44,214590
20524,0.036889,172.31.46.0-255,1514,210631,44,214590
20525,0.036893,172.31.46.0-255,1514,212145,44,214590
20526,0.036894,172.31.46.0-255,1514,213659,44,214590
20527,0.036911,172.31.46.0-255,493,214152,44,214590
20528,0.03834,104.244.42.0-255,66,214218,44,214590
20529,0.038374,104.244.42.0-255,66,214284,44,214590
20530,0.038443,104.244.42.0-255,66,214350,44,214590
20531,0.038461,104.244.42.0-255,66,214416,44,214590
20532,0.039106,104.244.42.0-255,108,214524,44,214590
20533,0.039113,172.31.46.0-255,66,214590,44,214590
20534,0.0,172.217.27.0-255,146,146,44,235671
20535,1.8e-05,172.31.46.0-255,66,212,44,235671
20536,2.5e-05,172.217.27.0-255,1484,1696,44,235671
20537,3e-05,172.31.46.0-255,66,1762,44,235671
20538,3.6e-05,172.217.27.0-255,2902,4664,44,235671
20539,4e-05,172.31.46.0-255,66,4730,44,235671
20540,4.7e-05,172.217.27.0-255,7156,11886,44,235671
20541,5.1e-05,172.31.46.0-255,66,11952,44,235671
20542,7.4e-05,172.217.27.0-255,2134,14086,44,235671
20543,7.6e-05,172.31.46.0-255,66,14152,44,235671
20544,0.000109,172.217.27.0-255,2902,17054,44,235671
20545,0.000112,172.31.46.0-255,66,17120,44,235671
20546,0.000116,172.217.27.0-255,2902,20022,44,235671
20547,0.000118,172.31.46.0-255,66,20088,44,235671
20548,0.000123,172.217.27.0-255,4320,24408,44,235671
20549,0.000126,172.31.46.0-255,66,24474,44,235671
20550,0.000174,172.217.27.0-255,2902,27376,44,235671
20551,0.000177,172.31.46.0-255,66,27442,44,235671
20552,0.000197,172.217.27.0-255,3961,31403,44,235671
20553,0.0002,172.31.46.0-255,66,31469,44,235671
20554,0.000304,172.217.27.0-255,1484,32953,44,235671
20555,0.000309,172.31.46.0-255,66,33019,44,235671
20556,0.000312,172.217.27.0-255,1484,34503,44,235671
20557,0.000314,172.31.46.0-255,66,34569,44,235671
20558,0.000349,172.217.27.0-255,2902,37471,44,235671
20559,0.000353,172.31.46.0-255,66,37537,44,235671
20560,0.000359,172.217.27.0-255,5738,43275,44,235671
20561,0.000361,172.31.46.0-255,66,43341,44,235671
20562,0.000365,172.217.27.0-255,2902,46243,44,235671
20563,0.000368,172.31.46.0-255,66,46309,44,235671
20564,0.000404,172.31.46.0-255,66,46375,44,235671
20565,0.000416,172.217.27.0-255,356,46731,44,235671
20566,0.000486,172.31.46.0-255,66,46797,44,235671
20567,0.00094,172.217.27.0-255,136,46933,44,235671
20568,0.000971,172.31.46.0-255,66,46999,44,235671
20569,0.001071,172.217.27.0-255,1484,48483,44,235671
20570,0.00108,172.217.27.0-255,2902,51385,44,235671
20571,0.001097,172.217.27.0-255,4320,55705,44,235671
20572,0.0011,172.217.27.0-255,1484,57189,44,235671
20573,0.001125,172.217.27.0-255,4320,61509,44,235671
20574,0.001141,172.217.27.0-255,2543,64052,44,235671
20575,0.001184,172.217.27.0-255,2902,66954,44,235671
20576,0.001189,172.217.27.0-255,2902,69856,44,235671
20577,0.001205,172.217.27.0-255,4320,74176,44,235671
20578,0.001256,172.217.27.0-255,6797,80973,44,235671
20579,0.006343,172.31.46.0-255,66,81039,44,235671
20580,0.008012,172.217.27.0-255,5738,86777,44,235671
20581,0.008019,172.31.46.0-255,66,86843,44,235671
20582,0.009675,172.217.27.0-255,5738,92581,44,235671
20583,0.009683,172.31.46.0-255,66,92647,44,235671
20584,0.011352,172.217.27.0-255,5738,98385,44,235671
20585,0.01173,172.31.46.0-255,66,98451,44,235671
20586,0.013386,172.217.27.0-255,5738,104189,44,235671
20587,0.013393,172.31.46.0-255,66,104255,44,235671
20588,0.015051,172.217.27.0-255,5738,109993,44,235671
20589,0.015059,172.31.46.0-255,66,110059,44,235671
20590,0.016712,172.217.27.0-255,5738,115797,44,235671
20591,0.016719,172.31.46.0-255,66,115863,44,235671
20592,0.018403,172.217.27.0-255,5738,121601,44,235671
20593,0.01841,172.31.46.0-255,66,121667,44,235671
20594,0.020064,172.217.27.0-255,5738,127405,44,235671
20595,0.020071,172.31.46.0-255,66,127471,44,235671
20596,0.021722,172.217.27.0-255,5738,133209,44,235671
20597,0.021728,172.31.46.0-255,66,133275,44,235671
20598,0.023389,172.217.27.0-255,5738,139013,44,235671
20599,0.023397,172.31.46.0-255,66,139079,44,235671
20600,0.025051,172.217.27.0-255,5738,144817,44,235671
20601,0.025059,172.31.46.0-255,66,144883,44,235671
20602,0.026709,172.217.27.0-255,5738,150621,44,235671
20603,0.026715,172.31.46.0-255,66,150687,44,235671
20604,0.028366,172.217.27.0-255,5738,156425,44,235671
20605,0.028373,172.31.46.0-255,66,156491,44,235671
20606,0.030035,172.217.27.0-255,5738,162229,44,235671
20607,0.030042,172.31.46.0-255,66,162295,44,235671
20608,0.031696,172.217.27.0-255,5738,168033,44,235671
20609,0.031703,172.31.46.0-255,66,168099,44,235671
20610,0.033362,172.217.27.0-255,5738,173837,44,235671
20611,0.033373,172.31.46.0-255,66,173903,44,235671
20612,0.035037,172.217.27.0-255,5738,179641,44,235671
20613,0.035044,172.31.46.0-255,66,179707,44,235671
20614,0.036698,172.217.27.0-255,5738,185445,44,235671
20615,0.036705,172.31.46.0-255,66,185511,44,235671
20616,0.038358,172.217.27.0-255,5738,191249,44,235671
20617,0.038364,172.31.46.0-255,66,191315,44,235671
20618,0.040038,172.217.27.0-255,5738,197053,44,235671
20619,0.040046,172.31.46.0-255,66,197119,44,235671
20620,0.04178,172.217.27.0-255,5738,202857,44,235671
20621,0.041787,172.31.46.0-255,66,202923,44,235671
20622,0.042321,172.31.46.0-255,101,203024,44,235671
20623,0.042526,172.31.46.0-255,172,203196,44,235671
20624,0.042553,172.31.46.0-255,1114,204310,44,235671
20625,0.042609,172.31.46.0-255,1514,205824,44,235671
20626,0.04261,172.31.46.0-255,1514,207338,44,235671
20627,0.042616,172.31.46.0-255,1514,208852,44,235671
20628,0.042617,172.31.46.0-255,1514,210366,44,235671
20629,0.042632,172.31.46.0-255,1514,211880,44,235671
20630,0.042633,172.31.46.0-255,71,211951,44,235671
20631,0.043451,172.217.27.0-255,5738,217689,44,235671
20632,0.043458,172.31.46.0-255,66,217755,44,235671
20633,0.04395,172.217.27.0-255,66,217821,44,235671
20634,0.044073,104.244.42.0-255,66,217887,44,235671
20635,0.044079,104.244.42.0-255,66,217953,44,235671
20636,0.044154,104.244.42.0-255,66,218019,44,235671
20637,0.044184,104.244.42.0-255,66,218085,44,235671
20638,0.044847,104.244.42.0-255,108,218193,44,235671
20639,0.044857,172.31.46.0-255,66,218259,44,235671
20640,0.045138,172.217.27.0-255,5738,223997,44,235671
20641,0.045143,172.31.46.0-255,66,224063,44,235671
20642,0.046801,172.217.27.0-255,5738,229801,44,235671
20643,0.046806,172.31.46.0-255,66,229867,44,235671
20644,0.048497,172.217.27.0-255,5738,235605,44,235671
20645,0.048506,172.31.46.0-255,66,235671,44,235671
20646,0.0,172.217.194.0-255,150,150,44,260261
20647,1.4e-05,172.31.46.0-255,66,216,44,260261
20648,2.2e-05,172.217.194.0-255,1484,1700,44,260261
20649,2.6e-05,172.31.46.0-255,66,1766,44,260261
20650,3.1e-05,172.217.194.0-255,2902,4668,44,260261
20651,3.4e-05,172.31.46.0-255,66,4734,44,260261
20652,5.1e-05,172.217.194.0-255,7156,11890,44,260261
20653,5.4e-05,172.31.46.0-255,66,11956,44,260261
20654,6e-05,172.217.194.0-255,4937,16893,44,260261
20655,6.4e-05,172.31.46.0-255,66,16959,44,260261
20656,7e-05,172.217.194.0-255,5738,22697,44,260261
20657,7.3e-05,172.31.46.0-255,66,22763,44,260261
20658,0.000139,172.31.46.0-255,66,22829,44,260261
20659,0.000156,172.31.46.0-255,66,22895,44,260261
20660,0.000163,172.217.194.0-255,6438,29333,44,260261
20661,0.000165,172.31.46.0-255,66,29399,44,260261
20662,0.000172,172.217.194.0-255,7156,36555,44,260261
20663,0.000175,172.31.46.0-255,66,36621,44,260261
20664,0.000203,172.217.194.0-255,4320,40941,44,260261
20665,0.000205,172.31.46.0-255,66,41007,44,260261
20666,0.000233,172.217.194.0-255,1715,42722,44,260261
20667,0.000235,172.31.46.0-255,66,42788,44,260261
20668,0.000499,172.217.194.0-255,1484,44272,44,260261
20669,0.000505,172.31.46.0-255,66,44338,44,260261
20670,0.000511,172.217.194.0-255,2902,47240,44,260261
20671,0.000514,172.31.46.0-255,66,47306,44,260261
20672,0.000523,172.217.194.0-255,2902,50208,44,260261
20673,0.000525,172.31.46.0-255,66,50274,44,260261
20674,0.000553,172.217.194.0-255,2902,53176,44,260261
20675,0.000556,172.31.46.0-255,66,53242,44,260261
20676,0.000571,172.31.46.0-255,66,53308,44,260261
20677,0.000585,172.31.46.0-255,66,53374,44,260261
20678,0.000634,172.217.194.0-255,1125,54499,44,260261
20679,0.000973,172.217.194.0-255,1484,55983,44,260261
20680,0.000978,172.31.46.0-255,66,56049,44,260261
20681,0.000983,172.217.194.0-255,2902,58951,44,260261
20682,0.000985,172.31.46.0-255,66,59017,44,260261
20683,0.000989,172.217.194.0-255,1484,60501,44,260261
20684,0.001021,172.217.194.0-255,4320,64821,44,260261
20685,0.001023,172.31.46.0-255,66,64887,44,260261
20686,0.001034,172.31.46.0-255,66,64953,44,260261
20687,0.00106,172.217.194.0-255,2902,67855,44,260261
20688,0.001064,172.31.46.0-255,66,67921,44,260261
20689,0.001075,172.217.194.0-255,5738,73659,44,260261
20690,0.001077,172.31.46.0-255,66,73725,44,260261
20691,0.001109,172.217.194.0-255,5020,78745,44,260261
20692,0.001111,172.31.46.0-255,66,78811,44,260261
20693,0.001173,172.217.194.0-255,1484,80295,44,260261
20694,0.001177,172.217.194.0-255,1484,81779,44,260261
20695,0.001179,172.31.46.0-255,66,81845,44,260261
20696,0.001202,172.217.194.0-255,1484,83329,44,260261
20697,0.001208,172.217.194.0-255,5738,89067,44,260261
20698,0.00121,172.31.46.0-255,66,89133,44,260261
20699,0.001216,172.217.194.0-255,5738,94871,44,260261
20700,0.001218,172.31.46.0-255,66,94937,44,260261
20701,0.00124,172.217.194.0-255,7156,102093,44,260261
20702,0.001243,172.31.46.0-255,66,102159,44,260261
20703,0.001253,172.31.46.0-255,66,102225,44,260261
20704,0.001284,172.217.194.0-255,766,102991,44,260261
20705,0.001537,172.217.194.0-255,1484,104475,44,260261
20706,0.001541,172.31.46.0-255,66,104541,44,260261
20707,0.001545,172.217.194.0-255,2902,107443,44,260261
20708,0.001547,172.31.46.0-255,66,107509,44,260261
20709,0.001551,172.217.194.0-255,2902,110411,44,260261
20710,0.001553,172.31.46.0-255,66,110477,44,260261
20711,0.001585,172.217.194.0-255,2902,113379,44,260261
20712,0.001588,172.31.46.0-255,66,113445,44,260261
20713,0.0016,172.31.46.0-255,66,113511,44,260261
20714,0.001614,172.31.46.0-255,66,113577,44,260261
20715,0.001642,172.217.194.0-255,766,114343,44,260261
20716,0.001972,172.217.194.0-255,1484,115827,44,260261
20717,0.001976,172.31.46.0-255,66,115893,44,260261
20718,0.001979,172.217.194.0-255,1484,117377,44,260261
20719,0.002002,172.217.194.0-255,1484,118861,44,260261
20720,0.002004,172.31.46.0-255,66,118927,44,260261
20721,0.002011,172.217.194.0-255,5738,124665,44,260261
20722,0.002012,172.31.46.0-255,66,124731,44,260261
20723,0.002023,172.217.194.0-255,7156,131887,44,260261
20724,0.002025,172.31.46.0-255,66,131953,44,260261
20725,0.002048,172.217.194.0-255,2902,134855,44,260261
20726,0.00205,172.31.46.0-255,66,134921,44,260261
20727,0.002082,172.31.46.0-255,66,134987,44,260261
20728,0.00437,172.217.194.0-255,5738,140725,44,260261
20729,0.004376,172.31.46.0-255,66,140791,44,260261
20730,0.006663,172.217.194.0-255,5738,146529,44,260261
20731,0.006668,172.31.46.0-255,66,146595,44,260261
20732,0.008978,172.217.194.0-255,5738,152333,44,260261
20733,0.008984,172.31.46.0-255,66,152399,44,260261
20734,0.01127,172.217.194.0-255,5738,158137,44,260261
20735,0.011281,172.31.46.0-255,66,158203,44,260261
20736,0.013569,172.217.194.0-255,5738,163941,44,260261
20737,0.013579,172.31.46.0-255,66,164007,44,260261
20738,0.015863,172.217.194.0-255,5738,169745,44,260261
20739,0.015871,172.31.46.0-255,66,169811,44,260261
20740,0.018165,172.217.194.0-255,5738,175549,44,260261
20741,0.018171,172.31.46.0-255,66,175615,44,260261
20742,0.020517,172.217.194.0-255,5738,181353,44,260261
20743,0.020524,172.31.46.0-255,66,181419,44,260261
20744,0.02279,172.217.194.0-255,5738,187157,44,260261
20745,0.022796,172.31.46.0-255,66,187223,44,260261
20746,0.025078,172.217.194.0-255,5738,192961,44,260261
20747,0.025085,172.31.46.0-255,66,193027,44,260261
20748,0.027394,172.217.194.0-255,5738,198765,44,260261
20749,0.027403,172.31.46.0-255,66,198831,44,260261
20750,0.029665,172.217.194.0-255,5738,204569,44,260261
20751,0.029671,172.31.46.0-255,66,204635,44,260261
20752,0.031971,172.217.194.0-255,5738,210373,44,260261
20753,0.031976,172.31.46.0-255,66,210439,44,260261
20754,0.032303,172.31.46.0-255,176,210615,44,260261
20755,0.03233,172.31.46.0-255,1114,211729,44,260261
20756,0.032385,172.31.46.0-255,1514,213243,44,260261
20757,0.032387,172.31.46.0-255,1514,214757,44,260261
20758,0.032388,172.31.46.0-255,1514,216271,44,260261
20759,0.032393,172.31.46.0-255,1514,217785,44,260261
20760,0.032412,172.31.46.0-255,1514,219299,44,260261
20761,0.032413,172.31.46.0-255,70,219369,44,260261
20762,0.033802,104.244.42.0-255,66,219435,44,260261
20763,0.033887,104.244.42.0-255,66,219501,44,260261
20764,0.033892,104.244.42.0-255,66,219567,44,260261
20765,0.034002,104.244.42.0-255,66,219633,44,260261
20766,0.034252,172.217.194.0-255,5738,225371,44,260261
20767,0.034258,172.31.46.0-255,66,225437,44,260261
20768,0.036583,172.217.194.0-255,5738,231175,44,260261
20769,0.03659,172.31.46.0-255,66,231241,44,260261
20770,0.038883,172.217.194.0-255,5738,236979,44,260261
20771,0.038891,172.31.46.0-255,66,237045,44,260261
20772,0.041187,172.217.194.0-255,5738,242783,44,260261
20773,0.041192,172.31.46.0-255,66,242849,44,260261
20774,0.043469,172.217.194.0-255,5738,248587,44,260261
20775,0.043475,172.31.46.0-255,66,248653,44,260261
20776,0.04576,172.217.194.0-255,5738,254391,44,260261
20777,0.045766,172.31.46.0-255,66,254457,44,260261
20778,0.048057,172.217.194.0-255,5738,260195,44,260261
20779,0.048064,172.31.46.0-255,66,260261,44,260261
20780,0.0,172.31.46.0-255,105,105,44,525
20781,0.00018,172.31.46.0-255,90,195,44,525
20782,0.000191,172.31.46.0-255,66,261,44,525
20783,0.002733,74.125.24.0-255,66,327,44,525
20784,0.002765,74.125.24.0-255,66,393,44,525
20785,0.002779,172.31.46.0-255,66,459,44,525
20786,0.002783,74.125.24.0-255,66,525,44,525
20787,0.0,74.125.68.0-255,293,293,44,339146
20788,2.3e-05,172.31.46.0-255,66,359,44,339146
20789,2.9e-05,74.125.68.0-255,1484,1843,44,339146
20790,3.3e-05,172.31.46.0-255,66,1909,44,339146
20791,4.8e-05,74.125.68.0-255,4320,6229,44,339146
20792,5.1e-05,172.31.46.0-255,66,6295,44,339146
20793,6.3e-05,172.31.46.0-255,66,6361,44,339146
20794,9.2e-05,74.125.68.0-255,2902,9263,44,339146
20795,9.5e-05,172.31.46.0-255,66,9329,44,339146
20796,0.000111,74.125.68.0-255,5738,15067,44,339146
20797,0.000118,172.31.46.0-255,66,15133,44,339146
20798,0.000124,74.125.68.0-255,4320,19453,44,339146
20799,0.000126,172.31.46.0-255,66,19519,44,339146
20800,0.000132,74.125.68.0-255,5738,25257,44,339146
20801,0.000135,172.31.46.0-255,66,25323,44,339146
20802,0.000158,74.125.68.0-255,1484,26807,44,339146
20803,0.000161,172.31.46.0-255,66,26873,44,339146
20804,0.000165,74.125.68.0-255,2902,29775,44,339146
20805,0.000167,172.31.46.0-255,66,29841,44,339146
20806,0.000197,74.125.68.0-255,5738,35579,44,339146
20807,0.0002,172.31.46.0-255,66,35645,44,339146
20808,0.000203,74.125.68.0-255,1484,37129,44,339146
20809,0.000205,172.31.46.0-255,66,37195,44,339146
20810,0.000218,74.125.68.0-255,3602,40797,44,339146
20811,0.00022,172.31.46.0-255,66,40863,44,339146
20812,0.000343,74.125.68.0-255,1484,42347,44,339146
20813,0.000348,172.31.46.0-255,66,42413,44,339146
20814,0.000353,74.125.68.0-255,2902,45315,44,339146
20815,0.000356,172.31.46.0-255,66,45381,44,339146
20816,0.0004,74.125.68.0-255,5738,51119,44,339146
20817,0.000403,172.31.46.0-255,66,51185,44,339146
20818,0.00041,74.125.68.0-255,5738,56923,44,339146
20819,0.000412,172.31.46.0-255,66,56989,44,339146
20820,0.000449,74.125.68.0-255,1479,58468,44,339146
20821,0.001069,172.31.46.0-255,66,58534,44,339146
20822,0.001182,74.125.68.0-255,1484,60018,44,339146
20823,0.001191,74.125.68.0-255,2902,62920,44,339146
20824,0.001194,172.31.46.0-255,66,62986,44,339146
20825,0.001222,74.125.68.0-255,5738,68724,44,339146
20826,0.001225,172.31.46.0-255,66,68790,44,339146
20827,0.001254,74.125.68.0-255,7156,75946,44,339146
20828,0.001256,172.31.46.0-255,66,76012,44,339146
20829,0.001263,74.125.68.0-255,4320,80332,44,339146
20830,0.001265,172.31.46.0-255,66,80398,44,339146
20831,0.001296,74.125.68.0-255,7156,87554,44,339146
20832,0.001299,172.31.46.0-255,66,87620,44,339146
20833,0.001327,74.125.68.0-255,5020,92640,44,339146
20834,0.001329,172.31.46.0-255,66,92706,44,339146
20835,0.001843,74.125.68.0-255,1484,94190,44,339146
20836,0.001851,74.125.68.0-255,2902,97092,44,339146
20837,0.001855,172.31.46.0-255,66,97158,44,339146
20838,0.001886,74.125.68.0-255,4320,101478,44,339146
20839,0.00189,172.31.46.0-255,66,101544,44,339146
20840,0.001899,74.125.68.0-255,5738,107282,44,339146
20841,0.001901,172.31.46.0-255,66,107348,44,339146
20842,0.001904,74.125.68.0-255,1484,108832,44,339146
20843,0.001942,172.31.46.0-255,66,108898,44,339146
20844,0.001946,74.125.68.0-255,1484,110382,44,339146
20845,0.00195,74.125.68.0-255,2902,113284,44,339146
20846,0.001952,172.31.46.0-255,66,113350,44,339146
20847,0.00197,74.125.68.0-255,1484,114834,44,339146
20848,0.001993,74.125.68.0-255,2184,117018,44,339146
20849,0.001996,172.31.46.0-255,66,117084,44,339146
20850,0.002002,74.125.68.0-255,4320,121404,44,339146
20851,0.002005,172.31.46.0-255,66,121470,44,339146
20852,0.002027,74.125.68.0-255,4320,125790,44,339146
20853,0.00203,172.31.46.0-255,66,125856,44,339146
20854,0.002033,74.125.68.0-255,1484,127340,44,339146
20855,0.002062,74.125.68.0-255,4320,131660,44,339146
20856,0.002065,172.31.46.0-255,66,131726,44,339146
20857,0.002093,74.125.68.0-255,2902,134628,44,339146
20858,0.002095,172.31.46.0-255,66,134694,44,339146
20859,0.002101,74.125.68.0-255,4320,139014,44,339146
20860,0.002103,172.31.46.0-255,66,139080,44,339146
20861,0.002106,74.125.68.0-255,1484,140564,44,339146
20862,0.002116,74.125.68.0-255,4320,144884,44,339146
20863,0.00212,172.31.46.0-255,66,144950,44,339146
20864,0.002124,74.125.68.0-255,2902,147852,44,339146
20865,0.002126,172.31.46.0-255,66,147918,44,339146
20866,0.00213,74.125.68.0-255,1484,149402,44,339146
20867,0.00216,74.125.68.0-255,1484,150886,44,339146
20868,0.002163,172.31.46.0-255,66,150952,44,339146
20869,0.002167,74.125.68.0-255,766,151718,44,339146
20870,0.002525,74.125.68.0-255,1484,153202,44,339146
20871,0.002531,172.31.46.0-255,66,153268,44,339146
20872,0.002558,74.125.68.0-255,2902,156170,44,339146
20873,0.002561,172.31.46.0-255,66,156236,44,339146
20874,0.002567,74.125.68.0-255,5738,161974,44,339146
20875,0.00257,172.31.46.0-255,66,162040,44,339146
20876,0.002589,74.125.68.0-255,1484,163524,44,339146
20877,0.002632,172.31.46.0-255,66,163590,44,339146
20878,0.002638,74.125.68.0-255,4320,167910,44,339146
20879,0.00264,172.31.46.0-255,66,167976,44,339146
20880,0.002671,74.125.68.0-255,6438,174414,44,339146
20881,0.002674,172.31.46.0-255,66,174480,44,339146
20882,0.003563,74.125.68.0-255,1484,175964,44,339146
20883,0.003579,74.125.68.0-255,2902,178866,44,339146
20884,0.003581,172.31.46.0-255,66,178932,44,339146
20885,0.003585,74.125.68.0-255,1484,180416,44,339146
20886,0.003609,74.125.68.0-255,4320,184736,44,339146
20887,0.003612,172.31.46.0-255,66,184802,44,339146
20888,0.003617,74.125.68.0-255,2902,187704,44,339146
20889,0.003619,172.31.46.0-255,66,187770,44,339146
20890,0.003649,172.31.46.0-255,66,187836,44,339146
20891,0.003654,74.125.68.0-255,2902,190738,44,339146
20892,0.003656,172.31.46.0-255,66,190804,44,339146
20893,0.003686,74.125.68.0-255,7156,197960,44,339146
20894,0.003689,172.31.46.0-255,66,198026,44,339146
20895,0.003694,74.125.68.0-255,4320,202346,44,339146
20896,0.003697,172.31.46.0-255,66,202412,44,339146
20897,0.003723,74.125.68.0-255,6438,208850,44,339146
20898,0.003726,172.31.46.0-255,66,208916,44,339146
20899,0.003735,74.125.68.0-255,4320,213236,44,339146
20900,0.003737,172.31.46.0-255,66,213302,44,339146
20901,0.003743,74.125.68.0-255,5738,219040,44,339146
20902,0.003745,172.31.46.0-255,66,219106,44,339146
20903,0.003781,74.125.68.0-255,1484,220590,44,339146
20904,0.003808,74.125.68.0-255,2902,223492,44,339146
20905,0.003811,172.31.46.0-255,66,223558,44,339146
20906,0.003819,74.125.68.0-255,5738,229296,44,339146
20907,0.003821,172.31.46.0-255,66,229362,44,339146
20908,0.003825,74.125.68.0-255,3602,232964,44,339146
20909,0.003828,172.31.46.0-255,66,233030,44,339146
20910,0.004126,74.125.68.0-255,1484,234514,44,339146
20911,0.004133,74.125.68.0-255,2902,237416,44,339146
20912,0.004136,172.31.46.0-255,66,237482,44,339146
20913,0.00414,74.125.68.0-255,1484,238966,44,339146
20914,0.004158,74.125.68.0-255,1484,240450,44,339146
20915,0.00416,172.31.46.0-255,66,240516,44,339146
20916,0.004165,74.125.68.0-255,2902,243418,44,339146
20917,0.004168,172.31.46.0-255,66,243484,44,339146
20918,0.004187,74.125.68.0-255,5738,249222,44,339146
20919,0.00419,172.31.46.0-255,66,249288,44,339146
20920,0.004217,74.125.68.0-255,5738,255026,44,339146
20921,0.00422,172.31.46.0-255,66,255092,44,339146
20922,0.00425,74.125.68.0-255,7156,262248,44,339146
20923,0.004254,172.31.46.0-255,66,262314,44,339146
20924,0.004257,74.125.68.0-255,1484,263798,44,339146
20925,0.004282,74.125.68.0-255,3602,267400,44,339146
20926,0.004285,172.31.46.0-255,66,267466,44,339146
20927,0.00464,74.125.68.0-255,1484,268950,44,339146
20928,0.004661,74.125.68.0-255,2902,271852,44,339146
20929,0.004665,172.31.46.0-255,66,271918,44,339146
20930,0.00467,74.125.68.0-255,2902,274820,44,339146
20931,0.004673,172.31.46.0-255,66,274886,44,339146
20932,0.004676,74.125.68.0-255,1484,276370,44,339146
20933,0.004686,74.125.68.0-255,5738,282108,44,339146
20934,0.004717,74.125.68.0-255,2902,285010,44,339146
20935,0.004772,74.125.68.0-255,5738,290748,44,339146
20936,0.004823,74.125.68.0-255,5738,296486,44,339146
20937,0.004829,74.125.68.0-255,4320,300806,44,339146
20938,0.004848,74.125.68.0-255,5738,306544,44,339146
20939,0.004863,74.125.68.0-255,2184,308728,44,339146
20940,0.004888,74.125.68.0-255,2902,311630,44,339146
20941,0.004912,74.125.68.0-255,7156,318786,44,339146
20942,0.004919,74.125.68.0-255,4320,323106,44,339146
20943,0.004938,74.125.68.0-255,5738,328844,44,339146
20944,0.004952,74.125.68.0-255,703,329547,44,339146
20945,0.005028,74.125.68.0-255,105,329652,44,339146
20946,0.008847,172.31.46.0-255,66,329718,44,339146
20947,0.011373,172.31.46.0-255,105,329823,44,339146
20948,0.01334,74.125.68.0-255,66,329889,44,339146
20949,0.039097,172.31.46.0-255,172,330061,44,339146
20950,0.039129,172.31.46.0-255,1115,331176,44,339146
20951,0.039183,172.31.46.0-255,1514,332690,44,339146
20952,0.039185,172.31.46.0-255,1514,334204,44,339146
20953,0.039186,172.31.46.0-255,1514,335718,44,339146
20954,0.039207,172.31.46.0-255,1514,337232,44,339146
20955,0.039211,172.31.46.0-255,1514,338746,44,339146
20956,0.039212,172.31.46.0-255,70,338816,44,339146
20957,0.04071,104.244.42.0-255,66,338882,44,339146
20958,0.040722,104.244.42.0-255,66,338948,44,339146
20959,0.040747,104.244.42.0-255,66,339014,44,339146
20960,0.040796,104.244.42.0-255,66,339080,44,339146
20961,0.0408,104.244.42.0-255,66,339146,44,339146
20962,0.0,172.217.194.0-255,146,146,44,214706
20963,2.5e-05,172.31.46.0-255,66,212,44,214706
20964,3.1e-05,172.217.194.0-255,1484,1696,44,214706
20965,3.6e-05,172.31.46.0-255,66,1762,44,214706
20966,4.3e-05,172.217.194.0-255,2902,4664,44,214706
20967,4.6e-05,172.31.46.0-255,66,4730,44,214706
20968,5.3e-05,172.217.194.0-255,5738,10468,44,214706
20969,5.6e-05,172.31.46.0-255,66,10534,44,214706
20970,7.3e-05,172.217.194.0-255,1484,12018,44,214706
20971,7.6e-05,172.31.46.0-255,66,12084,44,214706
20972,8e-05,172.217.194.0-255,1941,14025,44,214706
20973,8.3e-05,172.31.46.0-255,66,14091,44,214706
20974,0.000119,172.217.194.0-255,1484,15575,44,214706
20975,0.000122,172.31.46.0-255,66,15641,44,214706
20976,0.000125,172.217.194.0-255,1484,17125,44,214706
20977,0.000128,172.31.46.0-255,66,17191,44,214706
20978,0.000145,172.217.194.0-255,1484,18675,44,214706
20979,0.000148,172.31.46.0-255,66,18741,44,214706
20980,0.000154,172.217.194.0-255,4320,23061,44,214706
20981,0.000156,172.31.46.0-255,66,23127,44,214706
20982,0.000184,172.217.194.0-255,1484,24611,44,214706
20983,0.000187,172.31.46.0-255,66,24677,44,214706
20984,0.000192,172.217.194.0-255,4320,28997,44,214706
20985,0.000195,172.31.46.0-255,66,29063,44,214706
20986,0.000218,172.217.194.0-255,7156,36219,44,214706
20987,0.000221,172.31.46.0-255,66,36285,44,214706
20988,0.000236,172.217.194.0-255,5379,41664,44,214706
20989,0.000239,172.31.46.0-255,66,41730,44,214706
20990,0.00028,172.217.194.0-255,6797,48527,44,214706
20991,0.000283,172.31.46.0-255,66,48593,44,214706
20992,0.000317,172.217.194.0-255,1484,50077,44,214706
20993,0.000319,172.31.46.0-255,66,50143,44,214706
20994,0.000339,172.217.194.0-255,2902,53045,44,214706
20995,0.000342,172.31.46.0-255,66,53111,44,214706
20996,0.000348,172.217.194.0-255,5738,58849,44,214706
20997,0.000351,172.31.46.0-255,66,58915,44,214706
20998,0.000364,172.217.194.0-255,1484,60399,44,214706
20999,0.000381,172.217.194.0-255,5379,65778,44,214706
21000,0.000384,172.31.46.0-255,66,65844,44,214706
21001,0.00051,172.217.194.0-255,1484,67328,44,214706
21002,0.000516,172.217.194.0-255,2902,70230,44,214706
21003,0.000519,172.31.46.0-255,66,70296,44,214706
21004,0.000542,172.217.194.0-255,5738,76034,44,214706
21005,0.000545,172.31.46.0-255,66,76100,44,214706
21006,0.000569,172.217.194.0-255,1484,77584,44,214706
21007,0.000583,172.217.194.0-255,4320,81904,44,214706
21008,0.000586,172.31.46.0-255,66,81970,44,214706
21009,0.000615,172.31.46.0-255,66,82036,44,214706
21010,0.000626,172.31.46.0-255,66,82102,44,214706
21011,0.000644,172.217.194.0-255,5738,87840,44,214706
21012,0.000647,172.31.46.0-255,66,87906,44,214706
21013,0.000652,172.217.194.0-255,4320,92226,44,214706
21014,0.000654,172.31.46.0-255,66,92292,44,214706
21015,0.000685,172.31.46.0-255,66,92358,44,214706
21016,0.000689,172.217.194.0-255,216,92574,44,214706
21017,0.000932,172.217.194.0-255,1484,94058,44,214706
21018,0.000936,172.31.46.0-255,66,94124,44,214706
21019,0.000943,172.217.194.0-255,2902,97026,44,214706
21020,0.000945,172.31.46.0-255,66,97092,44,214706
21021,0.000982,172.217.194.0-255,4320,101412,44,214706
21022,0.000985,172.217.194.0-255,1484,102896,44,214706
21023,0.000989,172.31.46.0-255,66,102962,44,214706
21024,0.001011,172.217.194.0-255,4320,107282,44,214706
21025,0.001013,172.31.46.0-255,66,107348,44,214706
21026,0.001017,172.217.194.0-255,1484,108832,44,214706
21027,0.001042,172.31.46.0-255,66,108898,44,214706
21028,0.001045,172.217.194.0-255,1484,110382,44,214706
21029,0.001085,172.217.194.0-255,5738,116120,44,214706
21030,0.001089,172.31.46.0-255,66,116186,44,214706
21031,0.001108,172.217.194.0-255,766,116952,44,214706
21032,0.001151,172.217.194.0-255,1484,118436,44,214706
21033,0.001154,172.31.46.0-255,66,118502,44,214706
21034,0.001173,172.217.194.0-255,2902,121404,44,214706
21035,0.001176,172.31.46.0-255,66,121470,44,214706
21036,0.001183,172.217.194.0-255,5738,127208,44,214706
21037,0.001185,172.31.46.0-255,66,127274,44,214706
21038,0.001213,172.31.46.0-255,66,127340,44,214706
21039,0.001305,172.31.46.0-255,66,127406,44,214706
21040,0.001313,172.217.194.0-255,1484,128890,44,214706
21041,0.001317,172.217.194.0-255,2902,131792,44,214706
21042,0.00132,172.31.46.0-255,66,131858,44,214706
21043,0.001327,172.217.194.0-255,5738,137596,44,214706
21044,0.001329,172.31.46.0-255,66,137662,44,214706
21045,0.001343,172.31.46.0-255,66,137728,44,214706
21046,0.001346,172.217.194.0-255,1484,139212,44,214706
21047,0.00138,172.31.46.0-255,66,139278,44,214706
21048,0.001404,172.31.46.0-255,66,139344,44,214706
21049,0.001426,172.217.194.0-255,5738,145082,44,214706
21050,0.001428,172.31.46.0-255,66,145148,44,214706
21051,0.001431,172.217.194.0-255,1484,146632,44,214706
21052,0.001461,172.31.46.0-255,66,146698,44,214706
21053,0.001471,172.217.194.0-255,3602,150300,44,214706
21054,0.001473,172.31.46.0-255,66,150366,44,214706
21055,0.001597,172.217.194.0-255,1484,151850,44,214706
21056,0.001633,172.217.194.0-255,2902,154752,44,214706
21057,0.001637,172.31.46.0-255,66,154818,44,214706
21058,0.001643,172.217.194.0-255,4320,159138,44,214706
21059,0.001645,172.31.46.0-255,66,159204,44,214706
21060,0.001658,172.217.194.0-255,1484,160688,44,214706
21061,0.00166,172.217.194.0-255,1484,162172,44,214706
21062,0.001665,172.31.46.0-255,66,162238,44,214706
21063,0.001676,172.217.194.0-255,4320,166558,44,214706
21064,0.001677,172.31.46.0-255,66,166624,44,214706
21065,0.001704,172.31.46.0-255,66,166690,44,214706
21066,0.001715,172.31.46.0-255,66,166756,44,214706
21067,0.001746,172.217.194.0-255,3602,170358,44,214706
21068,0.001749,172.31.46.0-255,66,170424,44,214706
21069,0.001755,172.217.194.0-255,4320,174744,44,214706
21070,0.001757,172.31.46.0-255,66,174810,44,214706
21071,0.001788,172.31.46.0-255,66,174876,44,214706
21072,0.001817,172.31.46.0-255,66,174942,44,214706
21073,0.001839,172.31.46.0-255,66,175008,44,214706
21074,0.001862,172.217.194.0-255,2902,177910,44,214706
21075,0.001865,172.31.46.0-255,66,177976,44,214706
21076,0.001889,172.217.194.0-255,5738,183714,44,214706
21077,0.001892,172.31.46.0-255,66,183780,44,214706
21078,0.001915,172.31.46.0-255,66,183846,44,214706
21079,0.001925,172.31.46.0-255,66,183912,44,214706
21080,0.001963,172.217.194.0-255,4320,188232,44,214706
21081,0.001966,172.31.46.0-255,66,188298,44,214706
21082,0.001999,172.31.46.0-255,66,188364,44,214706
21083,0.00203,172.217.194.0-255,3602,191966,44,214706
21084,0.002032,172.31.46.0-255,66,192032,44,214706
21085,0.002085,172.217.194.0-255,4320,196352,44,214706
21086,0.002087,172.31.46.0-255,66,196418,44,214706
21087,0.002112,172.217.194.0-255,3602,200020,44,214706
21088,0.002116,172.31.46.0-255,66,200086,44,214706
21089,0.002119,172.31.46.0-255,66,200152,44,214706
21090,0.002169,172.217.194.0-255,1484,201636,44,214706
21091,0.002208,172.217.194.0-255,2902,204538,44,214706
21092,0.002212,172.31.46.0-255,66,204604,44,214706
21093,0.002215,172.217.194.0-255,396,205000,44,214706
21094,0.004435,172.217.194.0-255,105,205105,44,214706
21095,0.004638,172.31.46.0-255,66,205171,44,214706
21096,0.004675,172.31.46.0-255,105,205276,44,214706
21097,0.006919,172.217.194.0-255,66,205342,44,214706
21098,0.036998,172.31.46.0-255,172,205514,44,214706
21099,0.037034,172.31.46.0-255,1109,206623,44,214706
21100,0.037098,172.31.46.0-255,1514,208137,44,214706
21101,0.037099,172.31.46.0-255,1514,209651,44,214706
21102,0.037104,172.31.46.0-255,1514,211165,44,214706
21103,0.037106,172.31.46.0-255,1514,212679,44,214706
21104,0.037124,172.31.46.0-255,1514,214193,44,214706
21105,0.037125,172.31.46.0-255,75,214268,44,214706
21106,0.038572,104.244.42.0-255,66,214334,44,214706
21107,0.038614,104.244.42.0-255,66,214400,44,214706
21108,0.03866,104.244.42.0-255,66,214466,44,214706
21109,0.038724,104.244.42.0-255,66,214532,44,214706
21110,0.039382,104.244.42.0-255,108,214640,44,214706
21111,0.039393,172.31.46.0-255,66,214706,44,214706
21112,0.0,74.125.24.0-255,153,153,44,209341
21113,1.7e-05,172.31.46.0-255,66,219,44,209341
21114,2.4e-05,74.125.24.0-255,1484,1703,44,209341
21115,2.8e-05,172.31.46.0-255,66,1769,44,209341
21116,3.5e-05,74.125.24.0-255,2902,4671,44,209341
21117,3.8e-05,172.31.46.0-255,66,4737,44,209341
21118,4.6e-05,74.125.24.0-255,7156,11893,44,209341
21119,4.9e-05,172.31.46.0-255,66,11959,44,209341
21120,5.3e-05,74.125.24.0-255,1931,13890,44,209341
21121,5.5e-05,172.31.46.0-255,66,13956,44,209341
21122,9.8e-05,74.125.24.0-255,4320,18276,44,209341
21123,0.000102,172.31.46.0-255,66,18342,44,209341
21124,0.000108,74.125.24.0-255,5738,24080,44,209341
21125,0.00011,172.31.46.0-255,66,24146,44,209341
21126,0.000148,74.125.24.0-255,4320,28466,44,209341
21127,0.000151,172.31.46.0-255,66,28532,44,209341
21128,0.000163,74.125.24.0-255,2543,31075,44,209341
21129,0.000166,172.31.46.0-255,66,31141,44,209341
21130,0.000295,74.125.24.0-255,1484,32625,44,209341
21131,0.0003,172.31.46.0-255,66,32691,44,209341
21132,0.000304,74.125.24.0-255,1484,34175,44,209341
21133,0.000307,172.31.46.0-255,66,34241,44,209341
21134,0.000321,74.125.24.0-255,1484,35725,44,209341
21135,0.000324,172.31.46.0-255,66,35791,44,209341
21136,0.000331,74.125.24.0-255,5738,41529,44,209341
21137,0.000333,172.31.46.0-255,66,41595,44,209341
21138,0.000368,172.31.46.0-255,66,41661,44,209341
21139,0.000396,74.125.24.0-255,1484,43145,44,209341
21140,0.000398,172.31.46.0-255,66,43211,44,209341
21141,0.000429,172.31.46.0-255,66,43277,44,209341
21142,0.000979,74.125.24.0-255,346,43623,44,209341
21143,0.001007,172.31.46.0-255,66,43689,44,209341
21144,0.001191,74.125.24.0-255,1484,45173,44,209341
21145,0.0012,74.125.24.0-255,2902,48075,44,209341
21146,0.001204,172.31.46.0-255,66,48141,44,209341
21147,0.001212,74.125.24.0-255,5738,53879,44,209341
21148,0.001214,172.31.46.0-255,66,53945,44,209341
21149,0.001259,172.31.46.0-255,66,54011,44,209341
21150,0.001275,74.125.24.0-255,5379,59390,44,209341
21151,0.001277,172.31.46.0-255,66,59456,44,209341
21152,0.001304,74.125.24.0-255,4320,63776,44,209341
21153,0.001306,172.31.46.0-255,66,63842,44,209341
21154,0.001328,74.125.24.0-255,5379,69221,44,209341
21155,0.00133,172.31.46.0-255,66,69287,44,209341
21156,0.002054,74.125.24.0-255,1484,70771,44,209341
21157,0.002061,74.125.24.0-255,2902,73673,44,209341
21158,0.002064,172.31.46.0-255,66,73739,44,209341
21159,0.002087,74.125.24.0-255,5738,79477,44,209341
21160,0.002089,172.31.46.0-255,66,79543,44,209341
21161,0.002102,74.125.24.0-255,2902,82445,44,209341
21162,0.002103,172.31.46.0-255,66,82511,44,209341
21163,0.002133,172.31.46.0-255,66,82577,44,209341
21164,0.002143,172.31.46.0-255,66,82643,44,209341
21165,0.002399,74.125.24.0-255,1484,84127,44,209341
21166,0.002414,74.125.24.0-255,2902,87029,44,209341
21167,0.002416,172.31.46.0-255,66,87095,44,209341
21168,0.002436,74.125.24.0-255,5738,92833,44,209341
21169,0.002438,172.31.46.0-255,66,92899,44,209341
21170,0.002485,172.31.46.0-255,66,92965,44,209341
21171,0.002494,172.31.46.0-255,66,93031,44,209341
21172,0.002535,74.125.24.0-255,2184,95215,44,209341
21173,0.002537,172.31.46.0-255,66,95281,44,209341
21174,0.005043,74.125.24.0-255,2902,98183,44,209341
21175,0.005047,172.31.46.0-255,66,98249,44,209341
21176,0.005101,74.125.24.0-255,2902,101151,44,209341
21177,0.005104,172.31.46.0-255,66,101217,44,209341
21178,0.007596,74.125.24.0-255,2902,104119,44,209341
21179,0.007602,172.31.46.0-255,66,104185,44,209341
21180,0.007651,74.125.24.0-255,2902,107087,44,209341
21181,0.007653,172.31.46.0-255,66,107153,44,209341
21182,0.010152,74.125.24.0-255,2902,110055,44,209341
21183,0.010162,172.31.46.0-255,66,110121,44,209341
21184,0.010198,74.125.24.0-255,2902,113023,44,209341
21185,0.010201,172.31.46.0-255,66,113089,44,209341
21186,0.012746,74.125.24.0-255,5738,118827,44,209341
21187,0.012754,172.31.46.0-255,66,118893,44,209341
21188,0.015299,74.125.24.0-255,5738,124631,44,209341
21189,0.015309,172.31.46.0-255,66,124697,44,209341
21190,0.017858,74.125.24.0-255,5738,130435,44,209341
21191,0.017864,172.31.46.0-255,66,130501,44,209341
21192,0.020416,74.125.24.0-255,5738,136239,44,209341
21193,0.020423,172.31.46.0-255,66,136305,44,209341
21194,0.023003,74.125.24.0-255,5738,142043,44,209341
21195,0.023009,172.31.46.0-255,66,142109,44,209341
21196,0.025553,74.125.24.0-255,5738,147847,44,209341
21197,0.025562,172.31.46.0-255,66,147913,44,209341
21198,0.028099,74.125.24.0-255,5738,153651,44,209341
21199,0.028106,172.31.46.0-255,66,153717,44,209341
21200,0.03066,74.125.24.0-255,5738,159455,44,209341
21201,0.030667,172.31.46.0-255,66,159521,44,209341
21202,0.030848,172.31.46.0-255,172,159693,44,209341
21203,0.03088,172.31.46.0-255,1109,160802,44,209341
21204,0.030943,172.31.46.0-255,1514,162316,44,209341
21205,0.030945,172.31.46.0-255,1514,163830,44,209341
21206,0.030947,172.31.46.0-255,1514,165344,44,209341
21207,0.030948,172.31.46.0-255,1514,166858,44,209341
21208,0.031025,172.31.46.0-255,1514,168372,44,209341
21209,0.031027,172.31.46.0-255,77,168449,44,209341
21210,0.032381,104.244.42.0-255,66,168515,44,209341
21211,0.03243,104.244.42.0-255,66,168581,44,209341
21212,0.03251,104.244.42.0-255,66,168647,44,209341
21213,0.032596,104.244.42.0-255,66,168713,44,209341
21214,0.033222,74.125.24.0-255,5738,174451,44,209341
21215,0.033228,172.31.46.0-255,66,174517,44,209341
21216,0.0358,74.125.24.0-255,5738,180255,44,209341
21217,0.035808,172.31.46.0-255,66,180321,44,209341
21218,0.038354,74.125.24.0-255,5738,186059,44,209341
21219,0.03836,172.31.46.0-255,66,186125,44,209341
21220,0.040916,74.125.24.0-255,5738,191863,44,209341
21221,0.040925,172.31.46.0-255,66,191929,44,209341
21222,0.043486,74.125.24.0-255,5738,197667,44,209341
21223,0.043492,172.31.46.0-255,66,197733,44,209341
21224,0.046029,74.125.24.0-255,5738,203471,44,209341
21225,0.046035,172.31.46.0-255,66,203537,44,209341
21226,0.048589,74.125.24.0-255,5738,209275,44,209341
21227,0.048595,172.31.46.0-255,66,209341,44,209341
21228,0.0,172.217.194.0-255,153,153,44,183790
21229,1.5e-05,172.31.46.0-255,66,219,44,183790
21230,2.1e-05,172.217.194.0-255,1484,1703,44,183790
21231,2.5e-05,172.31.46.0-255,66,1769,44,183790
21232,3e-05,172.217.194.0-255,2902,4671,44,183790
21233,3.3e-05,172.31.46.0-255,66,4737,44,183790
21234,5.8e-05,172.217.194.0-255,7156,11893,44,183790
21235,6.1e-05,172.31.46.0-255,66,11959,44,183790
21236,6.5e-05,172.217.194.0-255,2100,14059,44,183790
21237,6.6e-05,172.31.46.0-255,66,14125,44,183790
21238,0.000131,172.217.194.0-255,1484,15609,44,183790
21239,0.000134,172.31.46.0-255,66,15675,44,183790
21240,0.000138,172.217.194.0-255,2902,18577,44,183790
21241,0.00014,172.31.46.0-255,66,18643,44,183790
21242,0.000156,172.217.194.0-255,5738,24381,44,183790
21243,0.000158,172.31.46.0-255,66,24447,44,183790
21244,0.000206,172.31.46.0-255,66,24513,44,183790
21245,0.000211,172.217.194.0-255,5738,30251,44,183790
21246,0.000213,172.31.46.0-255,66,30317,44,183790
21247,0.000228,172.217.194.0-255,3961,34278,44,183790
21248,0.00023,172.31.46.0-255,66,34344,44,183790
21249,0.000261,172.217.194.0-255,7156,41500,44,183790
21250,0.000263,172.31.46.0-255,66,41566,44,183790
21251,0.000292,172.31.46.0-255,66,41632,44,183790
21252,0.000294,172.217.194.0-255,342,41974,44,183790
21253,0.000296,172.31.46.0-255,66,42040,44,183790
21254,0.000774,172.217.194.0-255,116,42156,44,183790
21255,0.000783,172.31.46.0-255,66,42222,44,183790
21256,0.000796,172.217.194.0-255,386,42608,44,183790
21257,0.000798,172.31.46.0-255,66,42674,44,183790
21258,0.001092,172.217.194.0-255,1484,44158,44,183790
21259,0.001101,172.217.194.0-255,2902,47060,44,183790
21260,0.001105,172.31.46.0-255,66,47126,44,183790
21261,0.00111,172.217.194.0-255,2902,50028,44,183790
21262,0.001112,172.31.46.0-255,66,50094,44,183790
21263,0.001128,172.217.194.0-255,2902,52996,44,183790
21264,0.00113,172.31.46.0-255,66,53062,44,183790
21265,0.001134,172.217.194.0-255,2902,55964,44,183790
21266,0.001136,172.31.46.0-255,66,56030,44,183790
21267,0.001164,172.31.46.0-255,66,56096,44,183790
21268,0.001168,172.217.194.0-255,1484,57580,44,183790
21269,0.001186,172.217.194.0-255,2902,60482,44,183790
21270,0.001189,172.31.46.0-255,66,60548,44,183790
21271,0.001212,172.217.194.0-255,6438,66986,44,183790
21272,0.001215,172.31.46.0-255,66,67052,44,183790
21273,0.001837,172.217.194.0-255,1484,68536,44,183790
21274,0.001845,172.217.194.0-255,2902,71438,44,183790
21275,0.00185,172.31.46.0-255,66,71504,44,183790
21276,0.001858,172.217.194.0-255,5738,77242,44,183790
21277,0.00186,172.31.46.0-255,66,77308,44,183790
21278,0.001892,172.31.46.0-255,66,77374,44,183790
21279,0.001913,172.217.194.0-255,2902,80276,44,183790
21280,0.001915,172.31.46.0-255,66,80342,44,183790
21281,0.001918,172.217.194.0-255,1484,81826,44,183790
21282,0.001952,172.31.46.0-255,66,81892,44,183790
21283,0.002118,172.217.194.0-255,1484,83376,44,183790
21284,0.002139,172.217.194.0-255,2902,86278,44,183790
21285,0.002143,172.31.46.0-255,66,86344,44,183790
21286,0.00215,172.217.194.0-255,5738,92082,44,183790
21287,0.002153,172.31.46.0-255,66,92148,44,183790
21288,0.002159,172.217.194.0-255,5738,97886,44,183790
21289,0.002162,172.31.46.0-255,66,97952,44,183790
21290,0.002192,172.217.194.0-255,7156,105108,44,183790
21291,0.002195,172.31.46.0-255,66,105174,44,183790
21292,0.002208,172.31.46.0-255,66,105240,44,183790
21293,0.002253,172.217.194.0-255,1484,106724,44,183790
21294,0.002298,172.217.194.0-255,1484,108208,44,183790
21295,0.002312,172.217.194.0-255,2902,111110,44,183790
21296,0.002315,172.217.194.0-255,1484,112594,44,183790
21297,0.002333,172.217.194.0-255,4320,116914,44,183790
21298,0.002387,172.217.194.0-255,7156,124070,44,183790
21299,0.002427,172.217.194.0-255,7156,131226,44,183790
21300,0.002459,172.217.194.0-255,5738,136964,44,183790
21301,0.002566,172.217.194.0-255,4320,141284,44,183790
21302,0.002625,172.217.194.0-255,2902,144186,44,183790
21303,0.002702,172.217.194.0-255,5738,149924,44,183790
21304,0.003176,172.31.46.0-255,66,149990,44,183790
21305,0.005782,172.217.194.0-255,5738,155728,44,183790
21306,0.005789,172.31.46.0-255,66,155794,44,183790
21307,0.008383,172.217.194.0-255,5738,161532,44,183790
21308,0.008388,172.31.46.0-255,66,161598,44,183790
21309,0.010957,172.217.194.0-255,5738,167336,44,183790
21310,0.010964,172.31.46.0-255,66,167402,44,183790
21311,0.01358,172.217.194.0-255,5738,173140,44,183790
21312,0.013589,172.31.46.0-255,66,173206,44,183790
21313,0.016166,172.217.194.0-255,1155,174361,44,183790
21314,0.018994,172.31.46.0-255,66,174427,44,183790
21315,0.019038,172.31.46.0-255,105,174532,44,183790
21316,0.021595,172.217.194.0-255,66,174598,44,183790
21317,0.035253,172.31.46.0-255,172,174770,44,183790
21318,0.03528,172.31.46.0-255,1114,175884,44,183790
21319,0.035338,172.31.46.0-255,1514,177398,44,183790
21320,0.035339,172.31.46.0-255,1514,178912,44,183790
21321,0.035345,172.31.46.0-255,1514,180426,44,183790
21322,0.035346,172.31.46.0-255,1514,181940,44,183790
21323,0.035362,172.31.46.0-255,1514,183454,44,183790
21324,0.035363,172.31.46.0-255,72,183526,44,183790
21325,0.03674,104.244.42.0-255,66,183592,44,183790
21326,0.036769,104.244.42.0-255,66,183658,44,183790
21327,0.036854,104.244.42.0-255,66,183724,44,183790
21328,0.036869,104.244.42.0-255,66,183790,44,183790
21329,0.0,74.125.200.0-255,143,143,44,310274
21330,1.5e-05,172.31.46.0-255,66,209,44,310274
21331,4.6e-05,74.125.200.0-255,1484,1693,44,310274
21332,5e-05,172.31.46.0-255,66,1759,44,310274
21333,5.6e-05,74.125.200.0-255,2902,4661,44,310274
21334,5.8e-05,172.31.46.0-255,66,4727,44,310274
21335,9e-05,74.125.200.0-255,5738,10465,44,310274
21336,9.2e-05,172.31.46.0-255,66,10531,44,310274
21337,0.000142,74.125.200.0-255,3490,14021,44,310274
21338,0.000144,172.31.46.0-255,66,14087,44,310274
21339,0.000287,74.125.200.0-255,1484,15571,44,310274
21340,0.000292,172.31.46.0-255,66,15637,44,310274
21341,0.000297,74.125.200.0-255,2902,18539,44,310274
21342,0.0003,172.31.46.0-255,66,18605,44,310274
21343,0.000309,74.125.200.0-255,2902,21507,44,310274
21344,0.000312,172.31.46.0-255,66,21573,44,310274
21345,0.000334,74.125.200.0-255,2902,24475,44,310274
21346,0.000338,172.31.46.0-255,66,24541,44,310274
21347,0.00036,74.125.200.0-255,4320,28861,44,310274
21348,0.000362,172.31.46.0-255,66,28927,44,310274
21349,0.000369,74.125.200.0-255,5379,34306,44,310274
21350,0.000371,172.31.46.0-255,66,34372,44,310274
21351,0.000378,74.125.200.0-255,5738,40110,44,310274
21352,0.00038,172.31.46.0-255,66,40176,44,310274
21353,0.000409,74.125.200.0-255,7156,47332,44,310274
21354,0.000412,172.31.46.0-255,66,47398,44,310274
21355,0.000436,74.125.200.0-255,5738,53136,44,310274
21356,0.000438,172.31.46.0-255,66,53202,44,310274
21357,0.000444,74.125.200.0-255,5738,58940,44,310274
21358,0.000447,172.31.46.0-255,66,59006,44,310274
21359,0.000454,74.125.200.0-255,5738,64744,44,310274
21360,0.000457,172.31.46.0-255,66,64810,44,310274
21361,0.000478,74.125.200.0-255,766,65576,44,310274
21362,0.000529,74.125.200.0-255,399,65975,44,310274
21363,0.000541,74.125.200.0-255,110,66085,44,310274
21364,0.000618,74.125.200.0-255,1484,67569,44,310274
21365,0.000628,172.31.46.0-255,66,67635,44,310274
21366,0.000634,74.125.200.0-255,2902,70537,44,310274
21367,0.000636,172.31.46.0-255,66,70603,44,310274
21368,0.000641,74.125.200.0-255,2902,73505,44,310274
21369,0.000644,172.31.46.0-255,66,73571,44,310274
21370,0.000671,74.125.200.0-255,2902,76473,44,310274
21371,0.000674,172.31.46.0-255,66,76539,44,310274
21372,0.000679,74.125.200.0-255,2902,79441,44,310274
21373,0.000682,172.31.46.0-255,66,79507,44,310274
21374,0.000711,172.31.46.0-255,66,79573,44,310274
21375,0.000737,74.125.200.0-255,4320,83893,44,310274
21376,0.000742,172.31.46.0-255,66,83959,44,310274
21377,0.000766,74.125.200.0-255,6703,90662,44,310274
21378,0.000769,172.31.46.0-255,66,90728,44,310274
21379,0.000986,74.125.200.0-255,1484,92212,44,310274
21380,0.001,74.125.200.0-255,2902,95114,44,310274
21381,0.001004,172.31.46.0-255,66,95180,44,310274
21382,0.001008,74.125.200.0-255,1484,96664,44,310274
21383,0.001032,74.125.200.0-255,4320,100984,44,310274
21384,0.001034,172.31.46.0-255,66,101050,44,310274
21385,0.00104,74.125.200.0-255,4320,105370,44,310274
21386,0.001042,172.31.46.0-255,66,105436,44,310274
21387,0.001079,74.125.200.0-255,5738,111174,44,310274
21388,0.001082,172.31.46.0-255,66,111240,44,310274
21389,0.001094,172.31.46.0-255,66,111306,44,310274
21390,0.001121,74.125.200.0-255,1484,112790,44,310274
21391,0.001136,74.125.200.0-255,3602,116392,44,310274
21392,0.001144,172.31.46.0-255,66,116458,44,310274
21393,0.001405,74.125.200.0-255,1484,117942,44,310274
21394,0.001428,74.125.200.0-255,2902,120844,44,310274
21395,0.001431,74.125.200.0-255,1484,122328,44,310274
21396,0.001446,74.125.200.0-255,1484,123812,44,310274
21397,0.001449,74.125.200.0-255,1484,125296,44,310274
21398,0.001458,172.31.46.0-255,66,125362,44,310274
21399,0.001462,172.31.46.0-255,66,125428,44,310274
21400,0.001468,74.125.200.0-255,4320,129748,44,310274
21401,0.00147,172.31.46.0-255,66,129814,44,310274
21402,0.001499,74.125.200.0-255,1484,131298,44,310274
21403,0.001512,172.31.46.0-255,66,131364,44,310274
21404,0.001544,74.125.200.0-255,5738,137102,44,310274
21405,0.001549,74.125.200.0-255,3602,140704,44,310274
21406,0.001553,172.31.46.0-255,66,140770,44,310274
21407,0.001566,172.31.46.0-255,66,140836,44,310274
21408,0.001569,74.125.200.0-255,1484,142320,44,310274
21409,0.001591,74.125.200.0-255,2902,145222,44,310274
21410,0.001593,172.31.46.0-255,66,145288,44,310274
21411,0.001599,74.125.200.0-255,4320,149608,44,310274
21412,0.001601,172.31.46.0-255,66,149674,44,310274
21413,0.001607,74.125.200.0-255,5738,155412,44,310274
21414,0.001611,172.31.46.0-255,66,155478,44,310274
21415,0.001634,74.125.200.0-255,2902,158380,44,310274
21416,0.001637,172.31.46.0-255,66,158446,44,310274
21417,0.001683,172.31.46.0-255,66,158512,44,310274
21418,0.001687,74.125.200.0-255,2902,161414,44,310274
21419,0.001689,172.31.46.0-255,66,161480,44,310274
21420,0.001753,74.125.200.0-255,5020,166500,44,310274
21421,0.001756,172.31.46.0-255,66,166566,44,310274
21422,0.001768,74.125.200.0-255,1484,168050,44,310274
21423,0.001775,74.125.200.0-255,1484,169534,44,310274
21424,0.001778,172.31.46.0-255,66,169600,44,310274
21425,0.001802,74.125.200.0-255,1484,171084,44,310274
21426,0.001809,74.125.200.0-255,5738,176822,44,310274
21427,0.001812,172.31.46.0-255,66,176888,44,310274
21428,0.001817,74.125.200.0-255,4320,181208,44,310274
21429,0.00182,172.31.46.0-255,66,181274,44,310274
21430,0.001843,74.125.200.0-255,2902,184176,44,310274
21431,0.001849,172.31.46.0-255,66,184242,44,310274
21432,0.001866,74.125.200.0-255,1484,185726,44,310274
21433,0.001888,172.31.46.0-255,66,185792,44,310274
21434,0.001921,74.125.200.0-255,4320,190112,44,310274
21435,0.001924,172.31.46.0-255,66,190178,44,310274
21436,0.001928,74.125.200.0-255,2184,192362,44,310274
21437,0.00193,172.31.46.0-255,66,192428,44,310274
21438,0.002007,74.125.200.0-255,1484,193912,44,310274
21439,0.002034,74.125.200.0-255,2902,196814,44,310274
21440,0.002038,172.31.46.0-255,66,196880,44,310274
21441,0.002042,74.125.200.0-255,1484,198364,44,310274
21442,0.002067,74.125.200.0-255,4320,202684,44,310274
21443,0.00207,172.31.46.0-255,66,202750,44,310274
21444,0.002082,74.125.200.0-255,5738,208488,44,310274
21445,0.002084,172.31.46.0-255,66,208554,44,310274
21446,0.002089,74.125.200.0-255,4320,212874,44,310274
21447,0.002092,172.31.46.0-255,66,212940,44,310274
21448,0.00212,74.125.200.0-255,2902,215842,44,310274
21449,0.002122,172.31.46.0-255,66,215908,44,310274
21450,0.002125,74.125.200.0-255,1484,217392,44,310274
21451,0.002148,74.125.200.0-255,5738,223130,44,310274
21452,0.002151,172.31.46.0-255,66,223196,44,310274
21453,0.002174,74.125.200.0-255,3602,226798,44,310274
21454,0.002177,172.31.46.0-255,66,226864,44,310274
21455,0.002179,74.125.200.0-255,1484,228348,44,310274
21456,0.002203,74.125.200.0-255,2902,231250,44,310274
21457,0.002206,172.31.46.0-255,66,231316,44,310274
21458,0.002209,74.125.200.0-255,1484,232800,44,310274
21459,0.002241,74.125.200.0-255,4320,237120,44,310274
21460,0.002243,172.31.46.0-255,66,237186,44,310274
21461,0.002249,74.125.200.0-255,4320,241506,44,310274
21462,0.002251,172.31.46.0-255,66,241572,44,310274
21463,0.002257,74.125.200.0-255,5738,247310,44,310274
21464,0.00226,172.31.46.0-255,66,247376,44,310274
21465,0.002263,74.125.200.0-255,1484,248860,44,310274
21466,0.002303,172.31.46.0-255,66,248926,44,310274
21467,0.002307,74.125.200.0-255,2184,251110,44,310274
21468,0.002309,172.31.46.0-255,66,251176,44,310274
21469,0.002325,74.125.200.0-255,2902,254078,44,310274
21470,0.002331,172.31.46.0-255,66,254144,44,310274
21471,0.002371,172.31.46.0-255,66,254210,44,310274
21472,0.002376,74.125.200.0-255,2902,257112,44,310274
21473,0.002378,172.31.46.0-255,66,257178,44,310274
21474,0.002388,172.31.46.0-255,66,257244,44,310274
21475,0.002392,74.125.200.0-255,2902,260146,44,310274
21476,0.002394,172.31.46.0-255,66,260212,44,310274
21477,0.002421,74.125.200.0-255,3602,263814,44,310274
21478,0.002424,172.31.46.0-255,66,263880,44,310274
21479,0.002427,74.125.200.0-255,1484,265364,44,310274
21480,0.002444,74.125.200.0-255,4320,269684,44,310274
21481,0.00245,172.31.46.0-255,66,269750,44,310274
21482,0.002471,74.125.200.0-255,2902,272652,44,310274
21483,0.002474,172.31.46.0-255,66,272718,44,310274
21484,0.002481,74.125.200.0-255,7156,279874,44,310274
21485,0.002484,172.31.46.0-255,66,279940,44,310274
21486,0.002516,172.31.46.0-255,66,280006,44,310274
21487,0.00254,74.125.200.0-255,1484,281490,44,310274
21488,0.002572,172.31.46.0-255,66,281556,44,310274
21489,0.002576,74.125.200.0-255,2902,284458,44,310274
21490,0.002578,172.31.46.0-255,66,284524,44,310274
21491,0.002581,74.125.200.0-255,1484,286008,44,310274
21492,0.002584,74.125.200.0-255,1484,287492,44,310274
21493,0.002586,172.31.46.0-255,66,287558,44,310274
21494,0.002589,74.125.200.0-255,1484,289042,44,310274
21495,0.002636,74.125.200.0-255,4320,293362,44,310274
21496,0.002638,172.31.46.0-255,66,293428,44,310274
21497,0.002651,74.125.200.0-255,7133,300561,44,310274
21498,0.002653,172.31.46.0-255,66,300627,44,310274
21499,0.002655,74.125.200.0-255,97,300724,44,310274
21500,0.002707,74.125.200.0-255,105,300829,44,310274
21501,0.009495,172.31.46.0-255,66,300895,44,310274
21502,0.009536,172.31.46.0-255,105,301000,44,310274
21503,0.011772,74.125.200.0-255,66,301066,44,310274
21504,0.036539,172.31.46.0-255,188,301254,44,310274
21505,0.036589,172.31.46.0-255,955,302209,44,310274
21506,0.036658,172.31.46.0-255,1514,303723,44,310274
21507,0.03666,172.31.46.0-255,1514,305237,44,310274
21508,0.036665,172.31.46.0-255,1514,306751,44,310274
21509,0.036667,172.31.46.0-255,1514,308265,44,310274
21510,0.036686,172.31.46.0-255,1514,309779,44,310274
21511,0.036687,172.31.46.0-255,231,310010,44,310274
21512,0.038035,104.244.42.0-255,66,310076,44,310274
21513,0.038067,104.244.42.0-255,66,310142,44,310274
21514,0.038188,104.244.42.0-255,66,310208,44,310274
21515,0.038205,104.244.42.0-255,66,310274,44,310274
21516,0.0,74.125.68.0-255,153,153,44,309244
21517,2.4e-05,172.31.46.0-255,66,219,44,309244
21518,3.2e-05,74.125.68.0-255,1484,1703,44,309244
21519,3.7e-05,172.31.46.0-255,66,1769,44,309244
21520,4e-05,74.125.68.0-255,1484,3253,44,309244
21521,4.3e-05,172.31.46.0-255,66,3319,44,309244
21522,4.9e-05,74.125.68.0-255,2902,6221,44,309244
21523,5.3e-05,172.31.46.0-255,66,6287,44,309244
21524,8.4e-05,74.125.68.0-255,5738,12025,44,309244
21525,8.7e-05,172.31.46.0-255,66,12091,44,309244
21526,9.1e-05,74.125.68.0-255,2042,14133,44,309244
21527,9.3e-05,172.31.46.0-255,66,14199,44,309244
21528,9.9e-05,74.125.68.0-255,2902,17101,44,309244
21529,0.000102,172.31.46.0-255,66,17167,44,309244
21530,0.000131,74.125.68.0-255,7156,24323,44,309244
21531,0.000134,172.31.46.0-255,66,24389,44,309244
21532,0.000137,74.125.68.0-255,1484,25873,44,309244
21533,0.000139,172.31.46.0-255,66,25939,44,309244
21534,0.000158,74.125.68.0-255,4320,30259,44,309244
21535,0.00016,172.31.46.0-255,66,30325,44,309244
21536,0.000167,74.125.68.0-255,7156,37481,44,309244
21537,0.000169,172.31.46.0-255,66,37547,44,309244
21538,0.000198,74.125.68.0-255,7156,44703,44,309244
21539,0.000201,172.31.46.0-255,66,44769,44,309244
21540,0.00022,74.125.68.0-255,3602,48371,44,309244
21541,0.000222,172.31.46.0-255,66,48437,44,309244
21542,0.000899,74.125.68.0-255,1484,49921,44,309244
21543,0.000905,172.31.46.0-255,66,49987,44,309244
21544,0.000914,74.125.68.0-255,2902,52889,44,309244
21545,0.000916,172.31.46.0-255,66,52955,44,309244
21546,0.00092,74.125.68.0-255,1484,54439,44,309244
21547,0.000923,172.31.46.0-255,66,54505,44,309244
21548,0.000945,74.125.68.0-255,4320,58825,44,309244
21549,0.000947,172.31.46.0-255,66,58891,44,309244
21550,0.000955,74.125.68.0-255,7066,65957,44,309244
21551,0.000957,172.31.46.0-255,66,66023,44,309244
21552,0.000974,74.125.68.0-255,134,66157,44,309244
21553,0.001296,74.125.68.0-255,1484,67641,44,309244
21554,0.001302,172.31.46.0-255,66,67707,44,309244
21555,0.001307,74.125.68.0-255,1484,69191,44,309244
21556,0.001324,74.125.68.0-255,2902,72093,44,309244
21557,0.001326,172.31.46.0-255,66,72159,44,309244
21558,0.001329,74.125.68.0-255,1484,73643,44,309244
21559,0.001347,74.125.68.0-255,4320,77963,44,309244
21560,0.001349,172.31.46.0-255,66,78029,44,309244
21561,0.001371,172.31.46.0-255,66,78095,44,309244
21562,0.001397,74.125.68.0-255,1484,79579,44,309244
21563,0.00141,172.31.46.0-255,66,79645,44,309244
21564,0.001413,74.125.68.0-255,766,80411,44,309244
21565,0.001704,74.125.68.0-255,1484,81895,44,309244
21566,0.001711,172.31.46.0-255,66,81961,44,309244
21567,0.001715,74.125.68.0-255,1484,83445,44,309244
21568,0.00172,74.125.68.0-255,2902,86347,44,309244
21569,0.001723,172.31.46.0-255,66,86413,44,309244
21570,0.001751,74.125.68.0-255,5738,92151,44,309244
21571,0.001754,172.31.46.0-255,66,92217,44,309244
21572,0.001785,172.31.46.0-255,66,92283,44,309244
21573,0.001816,74.125.68.0-255,2902,95185,44,309244
21574,0.001819,172.31.46.0-255,66,95251,44,309244
21575,0.001847,172.31.46.0-255,66,95317,44,309244
21576,0.00185,74.125.68.0-255,766,96083,44,309244
21577,0.001853,74.125.68.0-255,1484,97567,44,309244
21578,0.001855,172.31.46.0-255,66,97633,44,309244
21579,0.001861,74.125.68.0-255,4320,101953,44,309244
21580,0.001863,172.31.46.0-255,66,102019,44,309244
21581,0.001875,172.31.46.0-255,66,102085,44,309244
21582,0.001881,74.125.68.0-255,4320,106405,44,309244
21583,0.001884,172.31.46.0-255,66,106471,44,309244
21584,0.001927,74.125.68.0-255,4320,110791,44,309244
21585,0.001929,172.31.46.0-255,66,110857,44,309244
21586,0.001958,172.31.46.0-255,66,110923,44,309244
21587,0.001976,74.125.68.0-255,2902,113825,44,309244
21588,0.001978,172.31.46.0-255,66,113891,44,309244
21589,0.002004,172.31.46.0-255,66,113957,44,309244
21590,0.002008,74.125.68.0-255,2902,116859,44,309244
21591,0.00201,172.31.46.0-255,66,116925,44,309244
21592,0.002036,172.31.46.0-255,66,116991,44,309244
21593,0.002044,74.125.68.0-255,7156,124147,44,309244
21594,0.002047,172.31.46.0-255,66,124213,44,309244
21595,0.002074,74.125.68.0-255,2184,126397,44,309244
21596,0.002076,172.31.46.0-255,66,126463,44,309244
21597,0.002245,74.125.68.0-255,1484,127947,44,309244
21598,0.002266,74.125.68.0-255,2902,130849,44,309244
21599,0.002269,172.31.46.0-255,66,130915,44,309244
21600,0.002273,74.125.68.0-255,2902,133817,44,309244
21601,0.002275,172.31.46.0-255,66,133883,44,309244
21602,0.0023,74.125.68.0-255,2902,136785,44,309244
21603,0.002303,172.31.46.0-255,66,136851,44,309244
21604,0.002306,74.125.68.0-255,1484,138335,44,309244
21605,0.002322,74.125.68.0-255,1484,139819,44,309244
21606,0.002324,172.31.46.0-255,66,139885,44,309244
21607,0.002328,74.125.68.0-255,1484,141369,44,309244
21608,0.002342,74.125.68.0-255,2902,144271,44,309244
21609,0.002345,172.31.46.0-255,66,144337,44,309244
21610,0.002348,74.125.68.0-255,1484,145821,44,309244
21611,0.002371,74.125.68.0-255,1484,147305,44,309244
21612,0.002374,172.31.46.0-255,66,147371,44,309244
21613,0.002377,74.125.68.0-255,1484,148855,44,309244
21614,0.002395,74.125.68.0-255,4320,153175,44,309244
21615,0.002397,172.31.46.0-255,66,153241,44,309244
21616,0.002416,74.125.68.0-255,1484,154725,44,309244
21617,0.00242,74.125.68.0-255,1484,156209,44,309244
21618,0.002422,172.31.46.0-255,66,156275,44,309244
21619,0.00244,74.125.68.0-255,2902,159177,44,309244
21620,0.002443,172.31.46.0-255,66,159243,44,309244
21621,0.00246,74.125.68.0-255,2184,161427,44,309244
21622,0.002462,172.31.46.0-255,66,161493,44,309244
21623,0.002489,74.125.68.0-255,1484,162977,44,309244
21624,0.002493,74.125.68.0-255,1484,164461,44,309244
21625,0.002495,172.31.46.0-255,66,164527,44,309244
21626,0.002541,172.31.46.0-255,66,164593,44,309244
21627,0.002549,74.125.68.0-255,2902,167495,44,309244
21628,0.002552,172.31.46.0-255,66,167561,44,309244
21629,0.002557,74.125.68.0-255,4320,171881,44,309244
21630,0.00256,172.31.46.0-255,66,171947,44,309244
21631,0.002566,74.125.68.0-255,4320,176267,44,309244
21632,0.002568,172.31.46.0-255,66,176333,44,309244
21633,0.002596,74.125.68.0-255,4320,180653,44,309244
21634,0.002599,172.31.46.0-255,66,180719,44,309244
21635,0.002603,74.125.68.0-255,2902,183621,44,309244
21636,0.002606,172.31.46.0-255,66,183687,44,309244
21637,0.002608,74.125.68.0-255,1484,185171,44,309244
21638,0.00264,74.125.68.0-255,5020,190191,44,309244
21639,0.002644,172.31.46.0-255,66,190257,44,309244
21640,0.00265,74.125.68.0-255,5738,195995,44,309244
21641,0.002653,172.31.46.0-255,66,196061,44,309244
21642,0.00269,74.125.68.0-255,2902,198963,44,309244
21643,0.002693,172.31.46.0-255,66,199029,44,309244
21644,0.002712,74.125.68.0-255,5738,204767,44,309244
21645,0.002716,172.31.46.0-255,66,204833,44,309244
21646,0.002736,74.125.68.0-255,4320,209153,44,309244
21647,0.002739,172.31.46.0-255,66,209219,44,309244
21648,0.002745,74.125.68.0-255,5738,214957,44,309244
21649,0.002747,172.31.46.0-255,66,215023,44,309244
21650,0.00277,74.125.68.0-255,6438,221461,44,309244
21651,0.002773,172.31.46.0-255,66,221527,44,309244
21652,0.002872,74.125.68.0-255,1484,223011,44,309244
21653,0.002877,74.125.68.0-255,1484,224495,44,309244
21654,0.00288,172.31.46.0-255,66,224561,44,309244
21655,0.002931,74.125.68.0-255,2902,227463,44,309244
21656,0.002933,172.31.46.0-255,66,227529,44,309244
21657,0.00294,74.125.68.0-255,5738,233267,44,309244
21658,0.002943,172.31.46.0-255,66,233333,44,309244
21659,0.00295,74.125.68.0-255,7156,240489,44,309244
21660,0.002953,172.31.46.0-255,66,240555,44,309244
21661,0.002959,74.125.68.0-255,5738,246293,44,309244
21662,0.002962,172.31.46.0-255,66,246359,44,309244
21663,0.00298,74.125.68.0-255,2902,249261,44,309244
21664,0.002982,172.31.46.0-255,66,249327,44,309244
21665,0.00299,74.125.68.0-255,6438,255765,44,309244
21666,0.002992,172.31.46.0-255,66,255831,44,309244
21667,0.003011,74.125.68.0-255,7156,262987,44,309244
21668,0.003014,172.31.46.0-255,66,263053,44,309244
21669,0.003038,74.125.68.0-255,4320,267373,44,309244
21670,0.00304,172.31.46.0-255,66,267439,44,309244
21671,0.003072,74.125.68.0-255,7156,274595,44,309244
21672,0.003076,172.31.46.0-255,66,274661,44,309244
21673,0.003089,172.31.46.0-255,66,274727,44,309244
21674,0.003094,74.125.68.0-255,2184,276911,44,309244
21675,0.003096,172.31.46.0-255,66,276977,44,309244
21676,0.0031,74.125.68.0-255,2902,279879,44,309244
21677,0.003103,172.31.46.0-255,66,279945,44,309244
21678,0.00312,74.125.68.0-255,4320,284265,44,309244
21679,0.003123,172.31.46.0-255,66,284331,44,309244
21680,0.003147,74.125.68.0-255,2902,287233,44,309244
21681,0.003149,172.31.46.0-255,66,287299,44,309244
21682,0.003155,74.125.68.0-255,4320,291619,44,309244
21683,0.003157,172.31.46.0-255,66,291685,44,309244
21684,0.003163,74.125.68.0-255,5738,297423,44,309244
21685,0.003165,172.31.46.0-255,66,297489,44,309244
21686,0.003168,74.125.68.0-255,1484,298973,44,309244
21687,0.003171,74.125.68.0-255,397,299370,44,309244
21688,0.003173,172.31.46.0-255,66,299436,44,309244
21689,0.003234,74.125.68.0-255,105,299541,44,309244
21690,0.004384,172.31.46.0-255,101,299642,44,309244
21691,0.005397,172.31.46.0-255,105,299747,44,309244
21692,0.006617,74.125.68.0-255,66,299813,44,309244
21693,0.007616,74.125.68.0-255,66,299879,44,309244
21694,0.038106,172.31.46.0-255,172,300051,44,309244
21695,0.038142,172.31.46.0-255,1114,301165,44,309244
21696,0.038209,172.31.46.0-255,1514,302679,44,309244
21697,0.038211,172.31.46.0-255,1514,304193,44,309244
21698,0.038217,172.31.46.0-255,1514,305707,44,309244
21699,0.038218,172.31.46.0-255,1514,307221,44,309244
21700,0.038238,172.31.46.0-255,1514,308735,44,309244
21701,0.038239,172.31.46.0-255,71,308806,44,309244
21702,0.039661,104.244.42.0-255,66,308872,44,309244
21703,0.039761,104.244.42.0-255,66,308938,44,309244
21704,0.039766,104.244.42.0-255,66,309004,44,309244
21705,0.03997,104.244.42.0-255,66,309070,44,309244
21706,0.040415,104.244.42.0-255,108,309178,44,309244
21707,0.040426,172.31.46.0-255,66,309244,44,309244
21708,0.0,172.217.194.0-255,156,156,44,210985
21709,1.5e-05,172.31.46.0-255,66,222,44,210985
21710,2.1e-05,172.217.194.0-255,1484,1706,44,210985
21711,2.6e-05,172.31.46.0-255,66,1772,44,210985
21712,3.2e-05,172.217.194.0-255,2902,4674,44,210985
21713,3.6e-05,172.31.46.0-255,66,4740,44,210985
21714,5.1e-05,172.217.194.0-255,1484,6224,44,210985
21715,5.4e-05,172.31.46.0-255,66,6290,44,210985
21716,8.3e-05,172.217.194.0-255,5738,12028,44,210985
21717,8.6e-05,172.31.46.0-255,66,12094,44,210985
21718,0.000152,172.31.46.0-255,66,12160,44,210985
21719,0.000172,172.217.194.0-255,4925,17085,44,210985
21720,0.000175,172.31.46.0-255,66,17151,44,210985
21721,0.000297,172.217.194.0-255,5379,22530,44,210985
21722,0.000301,172.31.46.0-255,66,22596,44,210985
21723,0.000358,172.217.194.0-255,2902,25498,44,210985
21724,0.000361,172.31.46.0-255,66,25564,44,210985
21725,0.000394,172.31.46.0-255,66,25630,44,210985
21726,0.000583,172.217.194.0-255,4320,29950,44,210985
21727,0.000587,172.31.46.0-255,66,30016,44,210985
21728,0.000637,172.31.46.0-255,66,30082,44,210985
21729,0.000746,172.217.194.0-255,7156,37238,44,210985
21730,0.000751,172.31.46.0-255,66,37304,44,210985
21731,0.000833,172.31.46.0-255,66,37370,44,210985
21732,0.000928,172.217.194.0-255,7156,44526,44,210985
21733,0.000932,172.31.46.0-255,66,44592,44,210985
21734,0.000955,172.31.46.0-255,66,44658,44,210985
21735,0.001109,172.217.194.0-255,766,45424,44,210985
21736,0.00115,172.217.194.0-255,1484,46908,44,210985
21737,0.001166,172.217.194.0-255,2902,49810,44,210985
21738,0.001189,172.217.194.0-255,5738,55548,44,210985
21739,0.001264,172.217.194.0-255,7156,62704,44,210985
21740,0.001288,172.217.194.0-255,5738,68442,44,210985
21741,0.002158,172.217.194.0-255,1484,69926,44,210985
21742,0.00217,172.217.194.0-255,2902,72828,44,210985
21743,0.002194,172.217.194.0-255,4320,77148,44,210985
21744,0.002241,172.217.194.0-255,2902,80050,44,210985
21745,0.002261,172.217.194.0-255,5738,85788,44,210985
21746,0.003221,172.31.46.0-255,66,85854,44,210985
21747,0.005484,172.217.194.0-255,5738,91592,44,210985
21748,0.00549,172.31.46.0-255,66,91658,44,210985
21749,0.007719,172.217.194.0-255,5738,97396,44,210985
21750,0.008183,172.31.46.0-255,66,97462,44,210985
21751,0.010406,172.217.194.0-255,5738,103200,44,210985
21752,0.010416,172.31.46.0-255,66,103266,44,210985
21753,0.012609,172.217.194.0-255,5738,109004,44,210985
21754,0.012615,172.31.46.0-255,66,109070,44,210985
21755,0.014819,172.217.194.0-255,5738,114808,44,210985
21756,0.014828,172.31.46.0-255,66,114874,44,210985
21757,0.017056,172.217.194.0-255,5738,120612,44,210985
21758,0.017063,172.31.46.0-255,66,120678,44,210985
21759,0.019302,172.217.194.0-255,5738,126416,44,210985
21760,0.01931,172.31.46.0-255,66,126482,44,210985
21761,0.021519,172.217.194.0-255,5738,132220,44,210985
21762,0.021525,172.31.46.0-255,66,132286,44,210985
21763,0.023729,172.217.194.0-255,5738,138024,44,210985
21764,0.023735,172.31.46.0-255,66,138090,44,210985
21765,0.025938,172.217.194.0-255,5738,143828,44,210985
21766,0.025946,172.31.46.0-255,66,143894,44,210985
21767,0.027947,172.31.46.0-255,164,144058,44,210985
21768,0.027974,172.31.46.0-255,1123,145181,44,210985
21769,0.02803,172.31.46.0-255,1514,146695,44,210985
21770,0.028032,172.31.46.0-255,1514,148209,44,210985
21771,0.028036,172.31.46.0-255,1514,149723,44,210985
21772,0.028037,172.31.46.0-255,1514,151237,44,210985
21773,0.028056,172.31.46.0-255,1510,152747,44,210985
21774,0.028162,172.217.194.0-255,5738,158485,44,210985
21775,0.028167,172.31.46.0-255,66,158551,44,210985
21776,0.02949,104.244.42.0-255,66,158617,44,210985
21777,0.029499,104.244.42.0-255,66,158683,44,210985
21778,0.029605,104.244.42.0-255,66,158749,44,210985
21779,0.030382,172.217.194.0-255,5738,164487,44,210985
21780,0.030388,172.31.46.0-255,66,164553,44,210985
21781,0.032613,172.217.194.0-255,5738,170291,44,210985
21782,0.032619,172.31.46.0-255,66,170357,44,210985
21783,0.034829,172.217.194.0-255,5738,176095,44,210985
21784,0.034835,172.31.46.0-255,66,176161,44,210985
21785,0.037055,172.217.194.0-255,5738,181899,44,210985
21786,0.037061,172.31.46.0-255,66,181965,44,210985
21787,0.039288,172.217.194.0-255,5738,187703,44,210985
21788,0.039294,172.31.46.0-255,66,187769,44,210985
21789,0.041544,172.217.194.0-255,5738,193507,44,210985
21790,0.041549,172.31.46.0-255,66,193573,44,210985
21791,0.043788,172.217.194.0-255,5738,199311,44,210985
21792,0.043794,172.31.46.0-255,66,199377,44,210985
21793,0.046025,172.217.194.0-255,5738,205115,44,210985
21794,0.046033,172.31.46.0-255,66,205181,44,210985
21795,0.048248,172.217.194.0-255,5738,210919,44,210985
21796,0.048253,172.31.46.0-255,66,210985,44,210985
21797,0.0,172.217.194.0-255,146,146,44,229899
21798,2.2e-05,172.31.46.0-255,66,212,44,229899
21799,2.8e-05,172.217.194.0-255,1484,1696,44,229899
21800,3.2e-05,172.31.46.0-255,66,1762,44,229899
21801,3.7e-05,172.217.194.0-255,2902,4664,44,229899
21802,4e-05,172.31.46.0-255,66,4730,44,229899
21803,5.4e-05,172.217.194.0-255,7156,11886,44,229899
21804,5.7e-05,172.31.46.0-255,66,11952,44,229899
21805,9.9e-05,172.31.46.0-255,66,12018,44,229899
21806,0.000102,172.217.194.0-255,1484,13502,44,229899
21807,0.000104,172.31.46.0-255,66,13568,44,229899
21808,0.000108,172.217.194.0-255,1125,14693,44,229899
21809,0.00011,172.31.46.0-255,66,14759,44,229899
21810,0.000189,172.217.194.0-255,1484,16243,44,229899
21811,0.000193,172.31.46.0-255,66,16309,44,229899
21812,0.000208,172.217.194.0-255,2902,19211,44,229899
21813,0.000211,172.31.46.0-255,66,19277,44,229899
21814,0.00027,172.217.194.0-255,5738,25015,44,229899
21815,0.000274,172.31.46.0-255,66,25081,44,229899
21816,0.000288,172.31.46.0-255,66,25147,44,229899
21817,0.000297,172.31.46.0-255,66,25213,44,229899
21818,0.00032,172.217.194.0-255,1125,26338,44,229899
21819,0.000322,172.31.46.0-255,66,26404,44,229899
21820,0.000418,172.217.194.0-255,647,27051,44,229899
21821,0.000421,172.31.46.0-255,66,27117,44,229899
21822,0.000489,172.217.194.0-255,1484,28601,44,229899
21823,0.000493,172.31.46.0-255,66,28667,44,229899
21824,0.000498,172.217.194.0-255,2902,31569,44,229899
21825,0.0005,172.31.46.0-255,66,31635,44,229899
21826,0.000503,172.217.194.0-255,1484,33119,44,229899
21827,0.000526,172.217.194.0-255,4320,37439,44,229899
21828,0.000528,172.31.46.0-255,66,37505,44,229899
21829,0.000531,172.217.194.0-255,1484,38989,44,229899
21830,0.000555,172.217.194.0-255,5379,44368,44,229899
21831,0.000558,172.31.46.0-255,66,44434,44,229899
21832,0.000561,172.217.194.0-255,1484,45918,44,229899
21833,0.000583,172.217.194.0-255,5738,51656,44,229899
21834,0.000586,172.31.46.0-255,66,51722,44,229899
21835,0.000596,172.31.46.0-255,66,51788,44,229899
21836,0.000624,172.217.194.0-255,1125,52913,44,229899
21837,0.000827,172.217.194.0-255,1484,54397,44,229899
21838,0.000831,172.217.194.0-255,2902,57299,44,229899
21839,0.000836,172.31.46.0-255,66,57365,44,229899
21840,0.000839,172.31.46.0-255,66,57431,44,229899
21841,0.000855,172.217.194.0-255,5738,63169,44,229899
21842,0.000857,172.31.46.0-255,66,63235,44,229899
21843,0.000862,172.217.194.0-255,2902,66137,44,229899
21844,0.000863,172.31.46.0-255,66,66203,44,229899
21845,0.00089,172.217.194.0-255,2902,69105,44,229899
21846,0.000892,172.31.46.0-255,66,69171,44,229899
21847,0.000921,172.31.46.0-255,66,69237,44,229899
21848,0.000926,172.217.194.0-255,5020,74257,44,229899
21849,0.000928,172.31.46.0-255,66,74323,44,229899
21850,0.00183,172.217.194.0-255,1484,75807,44,229899
21851,0.00184,172.217.194.0-255,2902,78709,44,229899
21852,0.001844,172.31.46.0-255,66,78775,44,229899
21853,0.001852,172.217.194.0-255,5738,84513,44,229899
21854,0.001853,172.31.46.0-255,66,84579,44,229899
21855,0.001916,172.31.46.0-255,66,84645,44,229899
21856,0.001923,172.217.194.0-255,7156,91801,44,229899
21857,0.001925,172.31.46.0-255,66,91867,44,229899
21858,0.00195,172.217.194.0-255,3602,95469,44,229899
21859,0.001952,172.31.46.0-255,66,95535,44,229899
21860,0.004006,172.217.194.0-255,1484,97019,44,229899
21861,0.004059,172.217.194.0-255,4320,101339,44,229899
21862,0.004063,172.31.46.0-255,66,101405,44,229899
21863,0.00615,172.217.194.0-255,4320,105725,44,229899
21864,0.006153,172.31.46.0-255,66,105791,44,229899
21865,0.006174,172.217.194.0-255,1484,107275,44,229899
21866,0.00824,172.217.194.0-255,4320,111595,44,229899
21867,0.008246,172.31.46.0-255,66,111661,44,229899
21868,0.010327,172.217.194.0-255,5738,117399,44,229899
21869,0.010333,172.31.46.0-255,66,117465,44,229899
21870,0.012446,172.217.194.0-255,5738,123203,44,229899
21871,0.012453,172.31.46.0-255,66,123269,44,229899
21872,0.014536,172.217.194.0-255,5738,129007,44,229899
21873,0.014545,172.31.46.0-255,66,129073,44,229899
21874,0.016641,172.217.194.0-255,5738,134811,44,229899
21875,0.016648,172.31.46.0-255,66,134877,44,229899
21876,0.018757,172.217.194.0-255,5738,140615,44,229899
21877,0.018762,172.31.46.0-255,66,140681,44,229899
21878,0.020887,172.217.194.0-255,5738,146419,44,229899
21879,0.020895,172.31.46.0-255,66,146485,44,229899
21880,0.02299,172.217.194.0-255,5738,152223,44,229899
21881,0.022997,172.31.46.0-255,66,152289,44,229899
21882,0.025118,172.217.194.0-255,5738,158027,44,229899
21883,0.025125,172.31.46.0-255,66,158093,44,229899
21884,0.027229,172.217.194.0-255,5738,163831,44,229899
21885,0.027235,172.31.46.0-255,66,163897,44,229899
21886,0.029324,172.217.194.0-255,5738,169635,44,229899
21887,0.029331,172.31.46.0-255,66,169701,44,229899
21888,0.031075,172.31.46.0-255,171,169872,44,229899
21889,0.031103,172.31.46.0-255,1138,171010,44,229899
21890,0.031154,172.31.46.0-255,1514,172524,44,229899
21891,0.031156,172.31.46.0-255,1514,174038,44,229899
21892,0.031161,172.31.46.0-255,1514,175552,44,229899
21893,0.031162,172.31.46.0-255,1514,177066,44,229899
21894,0.031186,172.31.46.0-255,333,177399,44,229899
21895,0.031418,172.217.194.0-255,5738,183137,44,229899
21896,0.031424,172.31.46.0-255,66,183203,44,229899
21897,0.032601,104.244.42.0-255,66,183269,44,229899
21898,0.032672,104.244.42.0-255,66,183335,44,229899
21899,0.032726,104.244.42.0-255,66,183401,44,229899
21900,0.032731,104.244.42.0-255,66,183467,44,229899
21901,0.033512,172.217.194.0-255,5738,189205,44,229899
21902,0.033517,172.31.46.0-255,66,189271,44,229899
21903,0.035636,172.217.194.0-255,5738,195009,44,229899
21904,0.035643,172.31.46.0-255,66,195075,44,229899
21905,0.037716,172.217.194.0-255,5738,200813,44,229899
21906,0.037722,172.31.46.0-255,66,200879,44,229899
21907,0.039811,172.217.194.0-255,5738,206617,44,229899
21908,0.039818,172.31.46.0-255,66,206683,44,229899
21909,0.04191,172.217.194.0-255,5738,212421,44,229899
21910,0.041916,172.31.46.0-255,66,212487,44,229899
21911,0.044015,172.217.194.0-255,5738,218225,44,229899
21912,0.044024,172.31.46.0-255,66,218291,44,229899
21913,0.046133,172.217.194.0-255,5738,224029,44,229899
21914,0.046139,172.31.46.0-255,66,224095,44,229899
21915,0.048252,172.217.194.0-255,5738,229833,44,229899
21916,0.048258,172.31.46.0-255,66,229899,44,229899
21917,0.0,74.125.24.0-255,291,291,44,221914
21918,1.5e-05,172.31.46.0-255,66,357,44,221914
21919,2.1e-05,74.125.24.0-255,1484,1841,44,221914
21920,2.6e-05,172.31.46.0-255,66,1907,44,221914
21921,3.3e-05,74.125.24.0-255,4320,6227,44,221914
21922,3.6e-05,172.31.46.0-255,66,6293,44,221914
21923,7e-05,172.31.46.0-255,66,6359,44,221914
21924,0.000325,74.125.24.0-255,1484,7843,44,221914
21925,0.00033,172.31.46.0-255,66,7909,44,221914
21926,0.000336,74.125.24.0-255,2902,10811,44,221914
21927,0.000339,172.31.46.0-255,66,10877,44,221914
21928,0.000346,74.125.24.0-255,5738,16615,44,221914
21929,0.000349,172.31.46.0-255,66,16681,44,221914
21930,0.000352,74.125.24.0-255,1484,18165,44,221914
21931,0.000354,172.31.46.0-255,66,18231,44,221914
21932,0.000426,74.125.24.0-255,4320,22551,44,221914
21933,0.00043,172.31.46.0-255,66,22617,44,221914
21934,0.000441,74.125.24.0-255,1125,23742,44,221914
21935,0.000443,172.31.46.0-255,66,23808,44,221914
21936,0.000611,74.125.24.0-255,1484,25292,44,221914
21937,0.000615,172.31.46.0-255,66,25358,44,221914
21938,0.00062,74.125.24.0-255,2902,28260,44,221914
21939,0.000621,172.31.46.0-255,66,28326,44,221914
21940,0.000628,74.125.24.0-255,5738,34064,44,221914
21941,0.000629,172.31.46.0-255,66,34130,44,221914
21942,0.000637,74.125.24.0-255,6797,40927,44,221914
21943,0.000639,172.31.46.0-255,66,40993,44,221914
21944,0.000913,74.125.24.0-255,1484,42477,44,221914
21945,0.000918,172.31.46.0-255,66,42543,44,221914
21946,0.000932,74.125.24.0-255,2902,45445,44,221914
21947,0.000935,172.31.46.0-255,66,45511,44,221914
21948,0.00094,74.125.24.0-255,2902,48413,44,221914
21949,0.000941,172.31.46.0-255,66,48479,44,221914
21950,0.000965,74.125.24.0-255,1484,49963,44,221914
21951,0.000988,172.31.46.0-255,66,50029,44,221914
21952,0.001691,74.125.24.0-255,645,50674,44,221914
21953,0.001852,74.125.24.0-255,1484,52158,44,221914
21954,0.001859,172.31.46.0-255,66,52224,44,221914
21955,0.001865,74.125.24.0-255,2902,55126,44,221914
21956,0.001868,172.31.46.0-255,66,55192,44,221914
21957,0.001875,74.125.24.0-255,5738,60930,44,221914
21958,0.001877,172.31.46.0-255,66,60996,44,221914
21959,0.001913,172.31.46.0-255,66,61062,44,221914
21960,0.001931,74.125.24.0-255,1484,62546,44,221914
21961,0.001934,74.125.24.0-255,1484,64030,44,221914
21962,0.001936,172.31.46.0-255,66,64096,44,221914
21963,0.001942,74.125.24.0-255,4320,68416,44,221914
21964,0.001944,172.31.46.0-255,66,68482,44,221914
21965,0.001977,74.125.24.0-255,5020,73502,44,221914
21966,0.001981,172.31.46.0-255,66,73568,44,221914
21967,0.003973,74.125.24.0-255,5738,79306,44,221914
21968,0.003979,172.31.46.0-255,66,79372,44,221914
21969,0.005967,74.125.24.0-255,5738,85110,44,221914
21970,0.005974,172.31.46.0-255,66,85176,44,221914
21971,0.007994,74.125.24.0-255,5738,90914,44,221914
21972,0.008001,172.31.46.0-255,66,90980,44,221914
21973,0.009999,74.125.24.0-255,5738,96718,44,221914
21974,0.010008,172.31.46.0-255,66,96784,44,221914
21975,0.011995,74.125.24.0-255,5738,102522,44,221914
21976,0.012004,172.31.46.0-255,66,102588,44,221914
21977,0.013964,74.125.24.0-255,5738,108326,44,221914
21978,0.013972,172.31.46.0-255,66,108392,44,221914
21979,0.015985,74.125.24.0-255,5738,114130,44,221914
21980,0.015993,172.31.46.0-255,66,114196,44,221914
21981,0.01799,74.125.24.0-255,5738,119934,44,221914
21982,0.017999,172.31.46.0-255,66,120000,44,221914
21983,0.019969,74.125.24.0-255,5738,125738,44,221914
21984,0.019978,172.31.46.0-255,66,125804,44,221914
21985,0.021974,74.125.24.0-255,5738,131542,44,221914
21986,0.021982,172.31.46.0-255,66,131608,44,221914
21987,0.023931,74.125.24.0-255,5738,137346,44,221914
21988,0.023938,172.31.46.0-255,66,137412,44,221914
21989,0.025883,74.125.24.0-255,5738,143150,44,221914
21990,0.02589,172.31.46.0-255,66,143216,44,221914
21991,0.026773,172.31.46.0-255,164,143380,44,221914
21992,0.026818,172.31.46.0-255,1123,144503,44,221914
21993,0.026885,172.31.46.0-255,1514,146017,44,221914
21994,0.026887,172.31.46.0-255,1514,147531,44,221914
21995,0.026888,172.31.46.0-255,1514,149045,44,221914
21996,0.026889,172.31.46.0-255,1514,150559,44,221914
21997,0.026922,172.31.46.0-255,1509,152068,44,221914
21998,0.027868,74.125.24.0-255,5738,157806,44,221914
21999,0.027876,172.31.46.0-255,66,157872,44,221914
22000,0.028411,104.244.42.0-255,66,157938,44,221914
22001,0.028438,104.244.42.0-255,66,158004,44,221914
22002,0.028537,104.244.42.0-255,66,158070,44,221914
22003,0.029882,74.125.24.0-255,5738,163808,44,221914
22004,0.029888,172.31.46.0-255,66,163874,44,221914
22005,0.031891,74.125.24.0-255,5738,169612,44,221914
22006,0.031899,172.31.46.0-255,66,169678,44,221914
22007,0.033902,74.125.24.0-255,5738,175416,44,221914
22008,0.033909,172.31.46.0-255,66,175482,44,221914
22009,0.03591,74.125.24.0-255,5738,181220,44,221914
22010,0.035916,172.31.46.0-255,66,181286,44,221914
22011,0.037903,74.125.24.0-255,5738,187024,44,221914
22012,0.03791,172.31.46.0-255,66,187090,44,221914
22013,0.039914,74.125.24.0-255,5738,192828,44,221914
22014,0.039921,172.31.46.0-255,66,192894,44,221914
22015,0.041918,74.125.24.0-255,5738,198632,44,221914
22016,0.041927,172.31.46.0-255,66,198698,44,221914
22017,0.043912,74.125.24.0-255,5738,204436,44,221914
22018,0.043918,172.31.46.0-255,66,204502,44,221914
22019,0.045927,74.125.24.0-255,5738,210240,44,221914
22020,0.045934,172.31.46.0-255,66,210306,44,221914
22021,0.047951,74.125.24.0-255,5738,216044,44,221914
22022,0.047957,172.31.46.0-255,66,216110,44,221914
22023,0.049992,74.125.24.0-255,5738,221848,44,221914
22024,0.049999,172.31.46.0-255,66,221914,44,221914
22025,0.0,74.125.200.0-255,152,152,44,342000
22026,2.5e-05,172.31.46.0-255,66,218,44,342000
22027,3.2e-05,74.125.200.0-255,1484,1702,44,342000
22028,3.7e-05,172.31.46.0-255,66,1768,44,342000
22029,5.2e-05,74.125.200.0-255,2902,4670,44,342000
22030,5.5e-05,172.31.46.0-255,66,4736,44,342000
22031,8.5e-05,74.125.200.0-255,5738,10474,44,342000
22032,8.8e-05,172.31.46.0-255,66,10540,44,342000
22033,9.3e-05,74.125.200.0-255,3451,13991,44,342000
22034,9.5e-05,172.31.46.0-255,66,14057,44,342000
22035,0.000101,74.125.200.0-255,4320,18377,44,342000
22036,0.000103,172.31.46.0-255,66,18443,44,342000
22037,0.000128,74.125.200.0-255,2902,21345,44,342000
22038,0.000131,172.31.46.0-255,66,21411,44,342000
22039,0.000158,74.125.200.0-255,7156,28567,44,342000
22040,0.00016,172.31.46.0-255,66,28633,44,342000
22041,0.000165,74.125.200.0-255,2543,31176,44,342000
22042,0.000167,172.31.46.0-255,66,31242,44,342000
22043,0.0003,74.125.200.0-255,1484,32726,44,342000
22044,0.000305,172.31.46.0-255,66,32792,44,342000
22045,0.000319,74.125.200.0-255,2902,35694,44,342000
22046,0.000322,172.31.46.0-255,66,35760,44,342000
22047,0.000349,74.125.200.0-255,2902,38662,44,342000
22048,0.000352,172.31.46.0-255,66,38728,44,342000
22049,0.000356,74.125.200.0-255,2902,41630,44,342000
22050,0.000358,172.31.46.0-255,66,41696,44,342000
22051,0.000411,74.125.200.0-255,1484,43180,44,342000
22052,0.000416,172.31.46.0-255,66,43246,44,342000
22053,0.000424,74.125.200.0-255,5379,48625,44,342000
22054,0.000426,172.31.46.0-255,66,48691,44,342000
22055,0.000433,74.125.200.0-255,5738,54429,44,342000
22056,0.000435,172.31.46.0-255,66,54495,44,342000
22057,0.000488,172.31.46.0-255,66,54561,44,342000
22058,0.000508,74.125.200.0-255,2817,57378,44,342000
22059,0.000511,172.31.46.0-255,66,57444,44,342000
22060,0.000514,74.125.200.0-255,130,57574,44,342000
22061,0.000678,74.125.200.0-255,1484,59058,44,342000
22062,0.000682,172.31.46.0-255,66,59124,44,342000
22063,0.000687,74.125.200.0-255,1484,60608,44,342000
22064,0.000701,74.125.200.0-255,1484,62092,44,342000
22065,0.000704,172.31.46.0-255,66,62158,44,342000
22066,0.000709,74.125.200.0-255,4320,66478,44,342000
22067,0.000712,172.31.46.0-255,66,66544,44,342000
22068,0.000736,74.125.200.0-255,2902,69446,44,342000
22069,0.000739,172.31.46.0-255,66,69512,44,342000
22070,0.000755,74.125.200.0-255,6797,76309,44,342000
22071,0.000758,172.31.46.0-255,66,76375,44,342000
22072,0.000763,74.125.200.0-255,4320,80695,44,342000
22073,0.000766,172.31.46.0-255,66,80761,44,342000
22074,0.000802,74.125.200.0-255,5738,86499,44,342000
22075,0.000806,172.31.46.0-255,66,86565,44,342000
22076,0.000828,74.125.200.0-255,5379,91944,44,342000
22077,0.000831,172.31.46.0-255,66,92010,44,342000
22078,0.001222,74.125.200.0-255,1484,93494,44,342000
22079,0.001244,74.125.200.0-255,2902,96396,44,342000
22080,0.001248,172.31.46.0-255,66,96462,44,342000
22081,0.001286,74.125.200.0-255,2902,99364,44,342000
22082,0.00129,172.31.46.0-255,66,99430,44,342000
22083,0.001305,74.125.200.0-255,1484,100914,44,342000
22084,0.001308,74.125.200.0-255,1484,102398,44,342000
22085,0.00131,172.31.46.0-255,66,102464,44,342000
22086,0.001314,74.125.200.0-255,1484,103948,44,342000
22087,0.001331,74.125.200.0-255,1484,105432,44,342000
22088,0.001334,172.31.46.0-255,66,105498,44,342000
22089,0.001351,74.125.200.0-255,1484,106982,44,342000
22090,0.001367,74.125.200.0-255,2902,109884,44,342000
22091,0.00137,172.31.46.0-255,66,109950,44,342000
22092,0.001384,74.125.200.0-255,1484,111434,44,342000
22093,0.001405,74.125.200.0-255,4320,115754,44,342000
22094,0.001407,172.31.46.0-255,66,115820,44,342000
22095,0.001412,74.125.200.0-255,2902,118722,44,342000
22096,0.001414,172.31.46.0-255,66,118788,44,342000
22097,0.001439,74.125.200.0-255,2902,121690,44,342000
22098,0.001441,172.31.46.0-255,66,121756,44,342000
22099,0.001473,74.125.200.0-255,1484,123240,44,342000
22100,0.00149,74.125.200.0-255,3602,126842,44,342000
22101,0.001493,172.31.46.0-255,66,126908,44,342000
22102,0.001818,74.125.200.0-255,1484,128392,44,342000
22103,0.001839,74.125.200.0-255,2902,131294,44,342000
22104,0.001844,172.31.46.0-255,66,131360,44,342000
22105,0.00186,74.125.200.0-255,2902,134262,44,342000
22106,0.001862,172.31.46.0-255,66,134328,44,342000
22107,0.001867,74.125.200.0-255,2902,137230,44,342000
22108,0.001869,172.31.46.0-255,66,137296,44,342000
22109,0.00189,74.125.200.0-255,1484,138780,44,342000
22110,0.001902,74.125.200.0-255,1484,140264,44,342000
22111,0.001905,172.31.46.0-255,66,140330,44,342000
22112,0.001928,74.125.200.0-255,7156,147486,44,342000
22113,0.001931,172.31.46.0-255,66,147552,44,342000
22114,0.001936,74.125.200.0-255,4320,151872,44,342000
22115,0.001938,172.31.46.0-255,66,151938,44,342000
22116,0.001988,172.31.46.0-255,66,152004,44,342000
22117,0.002009,74.125.200.0-255,4320,156324,44,342000
22118,0.002011,172.31.46.0-255,66,156390,44,342000
22119,0.002044,172.31.46.0-255,66,156456,44,342000
22120,0.00205,74.125.200.0-255,5738,162194,44,342000
22121,0.002053,172.31.46.0-255,66,162260,44,342000
22122,0.002074,74.125.200.0-255,1484,163744,44,342000
22123,0.002092,74.125.200.0-255,5020,168764,44,342000
22124,0.002095,172.31.46.0-255,66,168830,44,342000
22125,0.002117,74.125.200.0-255,2902,171732,44,342000
22126,0.00212,172.31.46.0-255,66,171798,44,342000
22127,0.002143,74.125.200.0-255,2902,174700,44,342000
22128,0.002146,74.125.200.0-255,1484,176184,44,342000
22129,0.002154,172.31.46.0-255,66,176250,44,342000
22130,0.002163,74.125.200.0-255,5738,181988,44,342000
22131,0.002165,172.31.46.0-255,66,182054,44,342000
22132,0.002169,74.125.200.0-255,1484,183538,44,342000
22133,0.00219,74.125.200.0-255,7156,190694,44,342000
22134,0.002194,172.31.46.0-255,66,190760,44,342000
22135,0.0022,74.125.200.0-255,5738,196498,44,342000
22136,0.002202,172.31.46.0-255,66,196564,44,342000
22137,0.002222,74.125.200.0-255,4320,200884,44,342000
22138,0.002225,172.31.46.0-255,66,200950,44,342000
22139,0.002229,74.125.200.0-255,2184,203134,44,342000
22140,0.00223,172.31.46.0-255,66,203200,44,342000
22141,0.002276,74.125.200.0-255,2902,206102,44,342000
22142,0.002279,172.31.46.0-255,66,206168,44,342000
22143,0.002286,74.125.200.0-255,7156,213324,44,342000
22144,0.002288,172.31.46.0-255,66,213390,44,342000
22145,0.002291,74.125.200.0-255,1484,214874,44,342000
22146,0.002325,74.125.200.0-255,2902,217776,44,342000
22147,0.002329,172.31.46.0-255,66,217842,44,342000
22148,0.004578,74.125.200.0-255,1484,219326,44,342000
22149,0.004608,74.125.200.0-255,2902,222228,44,342000
22150,0.004614,172.31.46.0-255,66,222294,44,342000
22151,0.00463,74.125.200.0-255,1484,223778,44,342000
22152,0.006918,74.125.200.0-255,4320,228098,44,342000
22153,0.006925,172.31.46.0-255,66,228164,44,342000
22154,0.009231,74.125.200.0-255,5738,233902,44,342000
22155,0.009241,172.31.46.0-255,66,233968,44,342000
22156,0.011571,74.125.200.0-255,5738,239706,44,342000
22157,0.01159,172.31.46.0-255,66,239772,44,342000
22158,0.013902,74.125.200.0-255,5738,245510,44,342000
22159,0.01392,172.31.46.0-255,66,245576,44,342000
22160,0.01625,74.125.200.0-255,5738,251314,44,342000
22161,0.01627,172.31.46.0-255,66,251380,44,342000
22162,0.018598,74.125.200.0-255,5738,257118,44,342000
22163,0.018615,172.31.46.0-255,66,257184,44,342000
22164,0.020926,74.125.200.0-255,5738,262922,44,342000
22165,0.020947,172.31.46.0-255,66,262988,44,342000
22166,0.023265,74.125.200.0-255,5738,268726,44,342000
22167,0.02328,172.31.46.0-255,66,268792,44,342000
22168,0.025605,74.125.200.0-255,5738,274530,44,342000
22169,0.025623,172.31.46.0-255,66,274596,44,342000
22170,0.027925,74.125.200.0-255,5738,280334,44,342000
22171,0.027935,172.31.46.0-255,66,280400,44,342000
22172,0.030249,74.125.200.0-255,5738,286138,44,342000
22173,0.030264,172.31.46.0-255,66,286204,44,342000
22174,0.032577,74.125.200.0-255,5738,291942,44,342000
22175,0.032596,172.31.46.0-255,66,292008,44,342000
22176,0.034929,74.125.200.0-255,5738,297746,44,342000
22177,0.034951,172.31.46.0-255,66,297812,44,342000
22178,0.037282,74.125.200.0-255,5738,303550,44,342000
22179,0.037304,172.31.46.0-255,66,303616,44,342000
22180,0.039881,74.125.200.0-255,5738,309354,44,342000
22181,0.039898,172.31.46.0-255,66,309420,44,342000
22182,0.041114,172.31.46.0-255,172,309592,44,342000
22183,0.041147,172.31.46.0-255,1115,310707,44,342000
22184,0.041226,172.31.46.0-255,1514,312221,44,342000
22185,0.041228,172.31.46.0-255,1514,313735,44,342000
22186,0.041229,172.31.46.0-255,1514,315249,44,342000
22187,0.04123,172.31.46.0-255,1514,316763,44,342000
22188,0.041257,172.31.46.0-255,1514,318277,44,342000
22189,0.041258,172.31.46.0-255,69,318346,44,342000
22190,0.042206,74.125.200.0-255,5738,324084,44,342000
22191,0.042218,172.31.46.0-255,66,324150,44,342000
22192,0.042636,104.244.42.0-255,66,324216,44,342000
22193,0.042739,104.244.42.0-255,66,324282,44,342000
22194,0.042783,104.244.42.0-255,66,324348,44,342000
22195,0.042887,104.244.42.0-255,66,324414,44,342000
22196,0.043369,104.244.42.0-255,108,324522,44,342000
22197,0.043384,172.31.46.0-255,66,324588,44,342000
22198,0.044526,74.125.200.0-255,5738,330326,44,342000
22199,0.044536,172.31.46.0-255,66,330392,44,342000
22200,0.04686,74.125.200.0-255,5738,336130,44,342000
22201,0.046876,172.31.46.0-255,66,336196,44,342000
22202,0.049186,74.125.200.0-255,5738,341934,44,342000
22203,0.049203,172.31.46.0-255,66,342000,44,342000
22204,0.0,74.125.68.0-255,146,146,44,347263
22205,1.4e-05,172.31.46.0-255,66,212,44,347263
22206,2.1e-05,74.125.68.0-255,1484,1696,44,347263
22207,2.6e-05,172.31.46.0-255,66,1762,44,347263
22208,3.8e-05,74.125.68.0-255,2902,4664,44,347263
22209,4.2e-05,172.31.46.0-255,66,4730,44,347263
22210,6.2e-05,74.125.68.0-255,4320,9050,44,347263
22211,6.4e-05,172.31.46.0-255,66,9116,44,347263
22212,9.5e-05,74.125.68.0-255,2902,12018,44,347263
22213,9.8e-05,172.31.46.0-255,66,12084,44,347263
22214,0.000103,74.125.68.0-255,2043,14127,44,347263
22215,0.000105,172.31.46.0-255,66,14193,44,347263
22216,0.000111,74.125.68.0-255,5738,19931,44,347263
22217,0.000114,172.31.46.0-255,66,19997,44,347263
22218,0.00015,74.125.68.0-255,5738,25735,44,347263
22219,0.000153,172.31.46.0-255,66,25801,44,347263
22220,0.000158,74.125.68.0-255,4320,30121,44,347263
22221,0.000161,172.31.46.0-255,66,30187,44,347263
22222,0.000165,74.125.68.0-255,1125,31312,44,347263
22223,0.000167,172.31.46.0-255,66,31378,44,347263
22224,0.000619,74.125.68.0-255,1484,32862,44,347263
22225,0.000626,172.31.46.0-255,66,32928,44,347263
22226,0.00063,74.125.68.0-255,1484,34412,44,347263
22227,0.000632,172.31.46.0-255,66,34478,44,347263
22228,0.000637,74.125.68.0-255,2902,37380,44,347263
22229,0.000645,172.31.46.0-255,66,37446,44,347263
22230,0.000651,74.125.68.0-255,4320,41766,44,347263
22231,0.000654,172.31.46.0-255,66,41832,44,347263
22232,0.000679,74.125.68.0-255,1484,43316,44,347263
22233,0.000682,172.31.46.0-255,66,43382,44,347263
22234,0.000689,74.125.68.0-255,5379,48761,44,347263
22235,0.000691,172.31.46.0-255,66,48827,44,347263
22236,0.000714,74.125.68.0-255,5738,54565,44,347263
22237,0.00072,172.31.46.0-255,66,54631,44,347263
22238,0.000739,74.125.68.0-255,2902,57533,44,347263
22239,0.000741,172.31.46.0-255,66,57599,44,347263
22240,0.000747,74.125.68.0-255,4320,61919,44,347263
22241,0.000749,172.31.46.0-255,66,61985,44,347263
22242,0.000769,74.125.68.0-255,1484,63469,44,347263
22243,0.000771,172.31.46.0-255,66,63535,44,347263
22244,0.000795,74.125.68.0-255,2543,66078,44,347263
22245,0.000797,172.31.46.0-255,66,66144,44,347263
22246,0.001416,74.125.68.0-255,1484,67628,44,347263
22247,0.001422,172.31.46.0-255,66,67694,44,347263
22248,0.001432,74.125.68.0-255,2902,70596,44,347263
22249,0.001434,172.31.46.0-255,66,70662,44,347263
22250,0.001443,74.125.68.0-255,1484,72146,44,347263
22251,0.001445,172.31.46.0-255,66,72212,44,347263
22252,0.00145,74.125.68.0-255,2902,75114,44,347263
22253,0.001452,172.31.46.0-255,66,75180,44,347263
22254,0.001487,74.125.68.0-255,5738,80918,44,347263
22255,0.00149,172.31.46.0-255,66,80984,44,347263
22256,0.001497,74.125.68.0-255,5738,86722,44,347263
22257,0.001499,172.31.46.0-255,66,86788,44,347263
22258,0.001506,74.125.68.0-255,5738,92526,44,347263
22259,0.001508,172.31.46.0-255,66,92592,44,347263
22260,0.001531,74.125.68.0-255,1484,94076,44,347263
22261,0.001533,172.31.46.0-255,66,94142,44,347263
22262,0.001542,74.125.68.0-255,6438,100580,44,347263
22263,0.001545,172.31.46.0-255,66,100646,44,347263
22264,0.001934,74.125.68.0-255,645,101291,44,347263
22265,0.001941,172.31.46.0-255,66,101357,44,347263
22266,0.001969,74.125.68.0-255,1484,102841,44,347263
22267,0.001972,172.31.46.0-255,66,102907,44,347263
22268,0.001993,74.125.68.0-255,4320,107227,44,347263
22269,0.001995,172.31.46.0-255,66,107293,44,347263
22270,0.002,74.125.68.0-255,2902,110195,44,347263
22271,0.002002,172.31.46.0-255,66,110261,44,347263
22272,0.002055,172.31.46.0-255,66,110327,44,347263
22273,0.002069,172.31.46.0-255,66,110393,44,347263
22274,0.002116,74.125.68.0-255,5020,115413,44,347263
22275,0.002119,172.31.46.0-255,66,115479,44,347263
22276,0.002203,74.125.68.0-255,1484,116963,44,347263
22277,0.002207,172.31.46.0-255,66,117029,44,347263
22278,0.002212,74.125.68.0-255,2902,119931,44,347263
22279,0.002243,74.125.68.0-255,5738,125669,44,347263
22280,0.002246,74.125.68.0-255,1484,127153,44,347263
22281,0.002271,74.125.68.0-255,2902,130055,44,347263
22282,0.002277,74.125.68.0-255,5738,135793,44,347263
22283,0.002297,74.125.68.0-255,2902,138695,44,347263
22284,0.002325,74.125.68.0-255,7156,145851,44,347263
22285,0.002363,74.125.68.0-255,2184,148035,44,347263
22286,0.002369,74.125.68.0-255,4320,152355,44,347263
22287,0.002403,74.125.68.0-255,5738,158093,44,347263
22288,0.002438,74.125.68.0-255,5020,163113,44,347263
22289,0.002475,74.125.68.0-255,5738,168851,44,347263
22290,0.002509,74.125.68.0-255,7156,176007,44,347263
22291,0.002514,74.125.68.0-255,2902,178909,44,347263
22292,0.002533,74.125.68.0-255,4320,183229,44,347263
22293,0.002536,74.125.68.0-255,1484,184713,44,347263
22294,0.002539,74.125.68.0-255,1484,186197,44,347263
22295,0.002563,74.125.68.0-255,4320,190517,44,347263
22296,0.002567,74.125.68.0-255,2902,193419,44,347263
22297,0.00257,74.125.68.0-255,1484,194903,44,347263
22298,0.002605,74.125.68.0-255,2184,197087,44,347263
22299,0.002618,74.125.68.0-255,1484,198571,44,347263
22300,0.002635,74.125.68.0-255,1484,200055,44,347263
22301,0.002646,74.125.68.0-255,1484,201539,44,347263
22302,0.002662,74.125.68.0-255,5738,207277,44,347263
22303,0.002665,74.125.68.0-255,1484,208761,44,347263
22304,0.002678,74.125.68.0-255,1484,210245,44,347263
22305,0.002709,74.125.68.0-255,2902,213147,44,347263
22306,0.002727,74.125.68.0-255,2902,216049,44,347263
22307,0.002733,74.125.68.0-255,4320,220369,44,347263
22308,0.002756,74.125.68.0-255,5738,226107,44,347263
22309,0.002778,74.125.68.0-255,2902,229009,44,347263
22310,0.002782,74.125.68.0-255,2184,231193,44,347263
22311,0.002829,74.125.68.0-255,1484,232677,44,347263
22312,0.002846,74.125.68.0-255,2902,235579,44,347263
22313,0.00287,74.125.68.0-255,2902,238481,44,347263
22314,0.002873,74.125.68.0-255,1484,239965,44,347263
22315,0.002893,74.125.68.0-255,2902,242867,44,347263
22316,0.002906,74.125.68.0-255,4320,247187,44,347263
22317,0.002929,74.125.68.0-255,4320,251507,44,347263
22318,0.002934,74.125.68.0-255,4320,255827,44,347263
22319,0.002972,74.125.68.0-255,1484,257311,44,347263
22320,0.002987,74.125.68.0-255,4320,261631,44,347263
22321,0.002992,74.125.68.0-255,3602,265233,44,347263
22322,0.002995,74.125.68.0-255,1484,266717,44,347263
22323,0.003013,74.125.68.0-255,2902,269619,44,347263
22324,0.003027,74.125.68.0-255,5738,275357,44,347263
22325,0.003043,74.125.68.0-255,1484,276841,44,347263
22326,0.00306,74.125.68.0-255,5738,282579,44,347263
22327,0.003081,74.125.68.0-255,2902,285481,44,347263
22328,0.003088,74.125.68.0-255,7156,292637,44,347263
22329,0.003128,74.125.68.0-255,4320,296957,44,347263
22330,0.003143,74.125.68.0-255,2184,299141,44,347263
22331,0.003146,74.125.68.0-255,1484,300625,44,347263
22332,0.003174,74.125.68.0-255,1484,302109,44,347263
22333,0.003192,74.125.68.0-255,2902,305011,44,347263
22334,0.003198,74.125.68.0-255,5738,310749,44,347263
22335,0.003247,74.125.68.0-255,1484,312233,44,347263
22336,0.003261,74.125.68.0-255,5738,317971,44,347263
22337,0.003288,74.125.68.0-255,4320,322291,44,347263
22338,0.00329,74.125.68.0-255,766,323057,44,347263
22339,0.003294,74.125.68.0-255,1484,324541,44,347263
22340,0.003299,74.125.68.0-255,4320,328861,44,347263
22341,0.003302,74.125.68.0-255,1484,330345,44,347263
22342,0.003317,74.125.68.0-255,1484,331829,44,347263
22343,0.003351,74.125.68.0-255,4320,336149,44,347263
22344,0.003387,74.125.68.0-255,1484,337633,44,347263
22345,0.00342,74.125.68.0-255,97,337730,44,347263
22346,0.003458,74.125.68.0-255,105,337835,44,347263
22347,0.004743,172.31.46.0-255,66,337901,44,347263
22348,0.007427,172.31.46.0-255,105,338006,44,347263
22349,0.009919,74.125.68.0-255,66,338072,44,347263
22350,0.041301,172.31.46.0-255,172,338244,44,347263
22351,0.041337,172.31.46.0-255,1114,339358,44,347263
22352,0.041427,172.31.46.0-255,1514,340872,44,347263
22353,0.041429,172.31.46.0-255,1514,342386,44,347263
22354,0.041435,172.31.46.0-255,1514,343900,44,347263
22355,0.041436,172.31.46.0-255,1514,345414,44,347263
22356,0.041461,172.31.46.0-255,1514,346928,44,347263
22357,0.041462,172.31.46.0-255,71,346999,44,347263
22358,0.042833,104.244.42.0-255,66,347065,44,347263
22359,0.042893,104.244.42.0-255,66,347131,44,347263
22360,0.043019,104.244.42.0-255,66,347197,44,347263
22361,0.043026,104.244.42.0-255,66,347263,44,347263
22362,0.0,172.31.46.0-255,105,105,44,276
22363,0.001521,157.240.7.0-255,105,210,44,276
22364,0.001532,172.31.46.0-255,66,276,44,276
22365,0.0,172.217.194.0-255,153,153,44,213013
22366,2.4e-05,172.31.46.0-255,66,219,44,213013
22367,3.2e-05,172.217.194.0-255,1484,1703,44,213013
22368,3.7e-05,172.31.46.0-255,66,1769,44,213013
22369,5.1e-05,172.217.194.0-255,2902,4671,44,213013
22370,5.4e-05,172.31.46.0-255,66,4737,44,213013
22371,6.2e-05,172.217.194.0-255,7156,11893,44,213013
22372,6.5e-05,172.31.46.0-255,66,11959,44,213013
22373,0.000126,172.31.46.0-255,66,12025,44,213013
22374,0.000133,172.217.194.0-255,5738,17763,44,213013
22375,0.000136,172.31.46.0-255,66,17829,44,213013
22376,0.000162,172.217.194.0-255,1125,18954,44,213013
22377,0.000166,172.31.46.0-255,66,19020,44,213013
22378,0.00019,172.217.194.0-255,1484,20504,44,213013
22379,0.000193,172.31.46.0-255,66,20570,44,213013
22380,0.000211,172.217.194.0-255,2902,23472,44,213013
22381,0.000214,172.31.46.0-255,66,23538,44,213013
22382,0.00022,172.217.194.0-255,5738,29276,44,213013
22383,0.000222,172.31.46.0-255,66,29342,44,213013
22384,0.000225,172.217.194.0-255,1484,30826,44,213013
22385,0.000227,172.31.46.0-255,66,30892,44,213013
22386,0.000297,172.31.46.0-255,66,30958,44,213013
22387,0.000302,172.217.194.0-255,2902,33860,44,213013
22388,0.000304,172.31.46.0-255,66,33926,44,213013
22389,0.000334,172.217.194.0-255,4320,38246,44,213013
22390,0.000337,172.31.46.0-255,66,38312,44,213013
22391,0.000357,172.217.194.0-255,5634,43946,44,213013
22392,0.00036,172.31.46.0-255,66,44012,44,213013
22393,0.000362,172.217.194.0-255,433,44445,44,213013
22394,0.000364,172.31.46.0-255,66,44511,44,213013
22395,0.000603,172.217.194.0-255,1484,45995,44,213013
22396,0.00061,172.217.194.0-255,2902,48897,44,213013
22397,0.000627,172.217.194.0-255,4320,53217,44,213013
22398,0.000637,172.217.194.0-255,1484,54701,44,213013
22399,0.000642,172.217.194.0-255,4320,59021,44,213013
22400,0.000646,172.31.46.0-255,66,59087,44,213013
22401,0.000658,172.31.46.0-255,66,59153,44,213013
22402,0.000734,172.31.46.0-255,66,59219,44,213013
22403,0.000784,172.217.194.0-255,1484,60703,44,213013
22404,0.000799,172.217.194.0-255,2902,63605,44,213013
22405,0.000809,172.217.194.0-255,1484,65089,44,213013
22406,0.000825,172.31.46.0-255,66,65155,44,213013
22407,0.000832,172.217.194.0-255,4320,69475,44,213013
22408,0.000838,172.217.194.0-255,4320,73795,44,213013
22409,0.000849,172.31.46.0-255,66,73861,44,213013
22410,0.000895,172.217.194.0-255,2184,76045,44,213013
22411,0.000903,172.31.46.0-255,66,76111,44,213013
22412,0.001068,172.217.194.0-255,1484,77595,44,213013
22413,0.001073,172.217.194.0-255,2902,80497,44,213013
22414,0.001087,172.217.194.0-255,5738,86235,44,213013
22415,0.001101,172.31.46.0-255,66,86301,44,213013
22416,0.001125,172.31.46.0-255,66,86367,44,213013
22417,0.001157,172.217.194.0-255,4320,90687,44,213013
22418,0.001179,172.31.46.0-255,66,90753,44,213013
22419,0.001205,172.31.46.0-255,66,90819,44,213013
22420,0.001343,172.217.194.0-255,1484,92303,44,213013
22421,0.001347,172.217.194.0-255,1484,93787,44,213013
22422,0.001362,172.31.46.0-255,66,93853,44,213013
22423,0.001366,172.217.194.0-255,1484,95337,44,213013
22424,0.00137,172.217.194.0-255,2902,98239,44,213013
22425,0.001388,172.31.46.0-255,66,98305,44,213013
22426,0.001393,172.217.194.0-255,2902,101207,44,213013
22427,0.001453,172.31.46.0-255,66,101273,44,213013
22428,0.001637,172.217.194.0-255,1484,102757,44,213013
22429,0.001643,172.217.194.0-255,2902,105659,44,213013
22430,0.00166,172.217.194.0-255,5738,111397,44,213013
22431,0.001683,172.31.46.0-255,66,111463,44,213013
22432,0.001716,172.217.194.0-255,5738,117201,44,213013
22433,0.001729,172.217.194.0-255,1484,118685,44,213013
22434,0.001768,172.217.194.0-255,7156,125841,44,213013
22435,0.001776,172.31.46.0-255,66,125907,44,213013
22436,0.001787,172.217.194.0-255,1484,127391,44,213013
22437,0.001809,172.31.46.0-255,66,127457,44,213013
22438,0.001867,172.217.194.0-255,1484,128941,44,213013
22439,0.001871,172.217.194.0-255,2902,131843,44,213013
22440,0.001893,172.217.194.0-255,2902,134745,44,213013
22441,0.001902,172.31.46.0-255,66,134811,44,213013
22442,0.001911,172.217.194.0-255,2902,137713,44,213013
22443,0.001915,172.217.194.0-255,5738,143451,44,213013
22444,0.00192,172.31.46.0-255,66,143517,44,213013
22445,0.001943,172.217.194.0-255,7156,150673,44,213013
22446,0.001946,172.217.194.0-255,1484,152157,44,213013
22447,0.001975,172.31.46.0-255,66,152223,44,213013
22448,0.001989,172.31.46.0-255,66,152289,44,213013
22449,0.002027,172.217.194.0-255,1484,153773,44,213013
22450,0.00203,172.217.194.0-255,1484,155257,44,213013
22451,0.002039,172.217.194.0-255,1484,156741,44,213013
22452,0.002054,172.217.194.0-255,5738,162479,44,213013
22453,0.002066,172.31.46.0-255,66,162545,44,213013
22454,0.002071,172.217.194.0-255,5738,168283,44,213013
22455,0.002076,172.31.46.0-255,66,168349,44,213013
22456,0.002101,172.217.194.0-255,7156,175505,44,213013
22457,0.002123,172.31.46.0-255,66,175571,44,213013
22458,0.002141,172.217.194.0-255,5020,180591,44,213013
22459,0.002147,172.217.194.0-255,5738,186329,44,213013
22460,0.002177,172.31.46.0-255,66,186395,44,213013
22461,0.002181,172.31.46.0-255,66,186461,44,213013
22462,0.002202,172.217.194.0-255,4320,190781,44,213013
22463,0.00222,172.31.46.0-255,66,190847,44,213013
22464,0.002259,172.217.194.0-255,7156,198003,44,213013
22465,0.002282,172.31.46.0-255,66,198069,44,213013
22466,0.002294,172.31.46.0-255,66,198135,44,213013
22467,0.002341,172.31.46.0-255,66,198201,44,213013
22468,0.002368,172.217.194.0-255,5104,203305,44,213013
22469,0.002385,172.217.194.0-255,105,203410,44,213013
22470,0.00239,172.31.46.0-255,66,203476,44,213013
22471,0.004309,172.31.46.0-255,105,203581,44,213013
22472,0.006913,172.217.194.0-255,66,203647,44,213013
22473,0.032152,172.31.46.0-255,172,203819,44,213013
22474,0.032185,172.31.46.0-255,1109,204928,44,213013
22475,0.032242,172.31.46.0-255,1514,206442,44,213013
22476,0.032243,172.31.46.0-255,1514,207956,44,213013
22477,0.032245,172.31.46.0-255,1514,209470,44,213013
22478,0.032249,172.31.46.0-255,1514,210984,44,213013
22479,0.032251,172.31.46.0-255,1514,212498,44,213013
22480,0.032252,172.31.46.0-255,77,212575,44,213013
22481,0.033686,104.244.42.0-255,66,212641,44,213013
22482,0.033736,104.244.42.0-255,66,212707,44,213013
22483,0.033843,104.244.42.0-255,66,212773,44,213013
22484,0.033882,104.244.42.0-255,66,212839,44,213013
22485,0.034493,104.244.42.0-255,108,212947,44,213013
22486,0.034501,172.31.46.0-255,66,213013,44,213013
22487,0.0,172.217.194.0-255,146,146,44,133929
22488,2.1e-05,172.31.46.0-255,66,212,44,133929
22489,2.8e-05,172.217.194.0-255,1484,1696,44,133929
22490,3.2e-05,172.31.46.0-255,66,1762,44,133929
22491,4.4e-05,172.217.194.0-255,2902,4664,44,133929
22492,4.8e-05,172.31.46.0-255,66,4730,44,133929
22493,5.5e-05,172.217.194.0-255,7156,11886,44,133929
22494,5.9e-05,172.31.46.0-255,66,11952,44,133929
22495,0.000109,172.31.46.0-255,66,12018,44,133929
22496,0.000113,172.217.194.0-255,2543,14561,44,133929
22497,0.000116,172.31.46.0-255,66,14627,44,133929
22498,0.00071,172.217.194.0-255,1484,16111,44,133929
22499,0.000716,172.31.46.0-255,66,16177,44,133929
22500,0.000725,172.217.194.0-255,2902,19079,44,133929
22501,0.000727,172.31.46.0-255,66,19145,44,133929
22502,0.00074,172.217.194.0-255,5738,24883,44,133929
22503,0.000742,172.31.46.0-255,66,24949,44,133929
22504,0.000748,172.217.194.0-255,4320,29269,44,133929
22505,0.00075,172.31.46.0-255,66,29335,44,133929
22506,0.000799,172.31.46.0-255,66,29401,44,133929
22507,0.000811,172.31.46.0-255,66,29467,44,133929
22508,0.000814,172.217.194.0-255,646,30113,44,133929
22509,0.000816,172.31.46.0-255,66,30179,44,133929
22510,0.000841,172.217.194.0-255,1484,31663,44,133929
22511,0.000843,172.31.46.0-255,66,31729,44,133929
22512,0.000849,172.217.194.0-255,4320,36049,44,133929
22513,0.000851,172.31.46.0-255,66,36115,44,133929
22514,0.000899,172.31.46.0-255,66,36181,44,133929
22515,0.000902,172.217.194.0-255,1125,37306,44,133929
22516,0.000934,172.31.46.0-255,66,37372,44,133929
22517,0.00094,172.217.194.0-255,3961,41333,44,133929
22518,0.000942,172.31.46.0-255,66,41399,44,133929
22519,0.000981,172.217.194.0-255,1484,42883,44,133929
22520,0.000987,172.217.194.0-255,2902,45785,44,133929
22521,0.00099,172.31.46.0-255,66,45851,44,133929
22522,0.000995,172.217.194.0-255,2902,48753,44,133929
22523,0.000997,172.31.46.0-255,66,48819,44,133929
22524,0.001023,172.217.194.0-255,2902,51721,44,133929
22525,0.001025,172.31.46.0-255,66,51787,44,133929
22526,0.001044,172.31.46.0-255,66,51853,44,133929
22527,0.001057,172.31.46.0-255,66,51919,44,133929
22528,0.001087,172.217.194.0-255,5738,57657,44,133929
22529,0.001094,172.31.46.0-255,66,57723,44,133929
22530,0.00112,172.217.194.0-255,1484,59207,44,133929
22531,0.001132,172.31.46.0-255,66,59273,44,133929
22532,0.001146,172.31.46.0-255,66,59339,44,133929
22533,0.001181,172.217.194.0-255,4320,63659,44,133929
22534,0.001184,172.31.46.0-255,66,63725,44,133929
22535,0.001187,172.217.194.0-255,766,64491,44,133929
22536,0.001373,172.217.194.0-255,1484,65975,44,133929
22537,0.001378,172.31.46.0-255,66,66041,44,133929
22538,0.001386,172.217.194.0-255,2902,68943,44,133929
22539,0.001389,172.31.46.0-255,66,69009,44,133929
22540,0.0014,172.217.194.0-255,5738,74747,44,133929
22541,0.001402,172.31.46.0-255,66,74813,44,133929
22542,0.001418,172.217.194.0-255,5738,80551,44,133929
22543,0.001421,172.31.46.0-255,66,80617,44,133929
22544,0.001452,172.217.194.0-255,7156,87773,44,133929
22545,0.001456,172.31.46.0-255,66,87839,44,133929
22546,0.001469,172.31.46.0-255,66,87905,44,133929
22547,0.001552,172.217.194.0-255,1484,89389,44,133929
22548,0.001558,172.217.194.0-255,2902,92291,44,133929
22549,0.001561,172.31.46.0-255,66,92357,44,133929
22550,0.001591,172.217.194.0-255,5738,98095,44,133929
22551,0.001594,172.31.46.0-255,66,98161,44,133929
22552,0.001644,172.31.46.0-255,66,98227,44,133929
22553,0.00167,172.217.194.0-255,1484,99711,44,133929
22554,0.001683,172.31.46.0-255,66,99777,44,133929
22555,0.001687,172.217.194.0-255,2184,101961,44,133929
22556,0.00169,172.31.46.0-255,66,102027,44,133929
22557,0.001721,172.217.194.0-255,2902,104929,44,133929
22558,0.001724,172.31.46.0-255,66,104995,44,133929
22559,0.001729,172.217.194.0-255,4320,109315,44,133929
22560,0.001732,172.31.46.0-255,66,109381,44,133929
22561,0.001742,172.31.46.0-255,66,109447,44,133929
22562,0.001776,172.217.194.0-255,4320,113767,44,133929
22563,0.001778,172.31.46.0-255,66,113833,44,133929
22564,0.001809,172.31.46.0-255,66,113899,44,133929
22565,0.001826,172.31.46.0-255,66,113965,44,133929
22566,0.001838,172.31.46.0-255,66,114031,44,133929
22567,0.001885,172.217.194.0-255,7156,121187,44,133929
22568,0.001888,172.31.46.0-255,66,121253,44,133929
22569,0.001932,172.217.194.0-255,1484,122737,44,133929
22570,0.001974,172.217.194.0-255,1484,124221,44,133929
22571,0.002048,172.217.194.0-255,105,124326,44,133929
22572,0.003396,172.31.46.0-255,66,124392,44,133929
22573,0.006111,172.31.46.0-255,105,124497,44,133929
22574,0.008326,172.217.194.0-255,66,124563,44,133929
22575,0.039596,172.31.46.0-255,172,124735,44,133929
22576,0.039632,172.31.46.0-255,1114,125849,44,133929
22577,0.039699,172.31.46.0-255,1514,127363,44,133929
22578,0.039701,172.31.46.0-255,1514,128877,44,133929
22579,0.039705,172.31.46.0-255,1514,130391,44,133929
22580,0.039707,172.31.46.0-255,1514,131905,44,133929
22581,0.039724,172.31.46.0-255,1514,133419,44,133929
22582,0.039725,172.31.46.0-255,72,133491,44,133929
22583,0.041085,104.244.42.0-255,66,133557,44,133929
22584,0.041122,104.244.42.0-255,66,133623,44,133929
22585,0.041227,104.244.42.0-255,66,133689,44,133929
22586,0.041233,104.244.42.0-255,66,133755,44,133929
22587,0.042035,104.244.42.0-255,108,133863,44,133929
22588,0.042045,172.31.46.0-255,66,133929,44,133929
22589,0.0,74.125.200.0-255,153,153,44,195373
22590,1.7e-05,172.31.46.0-255,66,219,44,195373
22591,2.4e-05,74.125.200.0-255,1484,1703,44,195373
22592,3e-05,172.31.46.0-255,66,1769,44,195373
22593,6.1e-05,74.125.200.0-255,2902,4671,44,195373
22594,6.8e-05,172.31.46.0-255,66,4737,44,195373
22595,7.4e-05,74.125.200.0-255,4320,9057,44,195373
22596,7.6e-05,172.31.46.0-255,66,9123,44,195373
22597,9.1e-05,74.125.200.0-255,1484,10607,44,195373
22598,9.4e-05,172.31.46.0-255,66,10673,44,195373
22599,0.000126,74.125.200.0-255,3548,14221,44,195373
22600,0.000128,172.31.46.0-255,66,14287,44,195373
22601,0.000132,74.125.200.0-255,1484,15771,44,195373
22602,0.000133,172.31.46.0-255,66,15837,44,195373
22603,0.000173,74.125.200.0-255,2902,18739,44,195373
22604,0.000176,172.31.46.0-255,66,18805,44,195373
22605,0.000183,74.125.200.0-255,5738,24543,44,195373
22606,0.000185,172.31.46.0-255,66,24609,44,195373
22607,0.000237,74.125.200.0-255,1484,26093,44,195373
22608,0.000239,172.31.46.0-255,66,26159,44,195373
22609,0.000271,74.125.200.0-255,5379,31538,44,195373
22610,0.000274,172.31.46.0-255,66,31604,44,195373
22611,0.000309,74.125.200.0-255,5738,37342,44,195373
22612,0.000312,172.31.46.0-255,66,37408,44,195373
22613,0.000329,74.125.200.0-255,2902,40310,44,195373
22614,0.000331,172.31.46.0-255,66,40376,44,195373
22615,0.00041,172.31.46.0-255,66,40442,44,195373
22616,0.00048,74.125.200.0-255,4320,44762,44,195373
22617,0.000484,172.31.46.0-255,66,44828,44,195373
22618,0.000515,74.125.200.0-255,4320,49148,44,195373
22619,0.000518,172.31.46.0-255,66,49214,44,195373
22620,0.000605,172.31.46.0-255,66,49280,44,195373
22621,0.000613,74.125.200.0-255,349,49629,44,195373
22622,0.000645,74.125.200.0-255,2902,52531,44,195373
22623,0.000662,172.31.46.0-255,66,52597,44,195373
22624,0.000691,74.125.200.0-255,5738,58335,44,195373
22625,0.000739,74.125.200.0-255,2902,61237,44,195373
22626,0.000867,74.125.200.0-255,7156,68393,44,195373
22627,0.000937,74.125.200.0-255,4830,73223,44,195373
22628,0.00096,172.31.46.0-255,66,73289,44,195373
22629,0.001035,74.125.200.0-255,1484,74773,44,195373
22630,0.001057,74.125.200.0-255,2902,77675,44,195373
22631,0.001064,172.31.46.0-255,66,77741,44,195373
22632,0.001084,74.125.200.0-255,4320,82061,44,195373
22633,0.001096,172.31.46.0-255,66,82127,44,195373
22634,0.001116,74.125.200.0-255,4320,86447,44,195373
22635,0.001131,74.125.200.0-255,1484,87931,44,195373
22636,0.001139,172.31.46.0-255,66,87997,44,195373
22637,0.001167,74.125.200.0-255,4320,92317,44,195373
22638,0.001174,172.31.46.0-255,66,92383,44,195373
22639,0.001192,74.125.200.0-255,2902,95285,44,195373
22640,0.001208,172.31.46.0-255,66,95351,44,195373
22641,0.00124,74.125.200.0-255,5738,101089,44,195373
22642,0.001263,74.125.200.0-255,6438,107527,44,195373
22643,0.001267,172.31.46.0-255,66,107593,44,195373
22644,0.001273,172.31.46.0-255,66,107659,44,195373
22645,0.001491,74.125.200.0-255,1484,109143,44,195373
22646,0.001495,74.125.200.0-255,1484,110627,44,195373
22647,0.001514,74.125.200.0-255,1484,112111,44,195373
22648,0.001521,74.125.200.0-255,4320,116431,44,195373
22649,0.001526,172.31.46.0-255,66,116497,44,195373
22650,0.001574,172.31.46.0-255,66,116563,44,195373
22651,0.00164,74.125.200.0-255,2902,119465,44,195373
22652,0.00165,74.125.200.0-255,1484,120949,44,195373
22653,0.001667,172.31.46.0-255,66,121015,44,195373
22654,0.001736,172.31.46.0-255,66,121081,44,195373
22655,0.001755,74.125.200.0-255,3602,124683,44,195373
22656,0.001767,172.31.46.0-255,66,124749,44,195373
22657,0.001811,74.125.200.0-255,5738,130487,44,195373
22658,0.001826,172.31.46.0-255,66,130553,44,195373
22659,0.001868,74.125.200.0-255,7156,137709,44,195373
22660,0.001875,172.31.46.0-255,66,137775,44,195373
22661,0.001931,74.125.200.0-255,1484,139259,44,195373
22662,0.001974,172.31.46.0-255,66,139325,44,195373
22663,0.002086,74.125.200.0-255,6438,145763,44,195373
22664,0.002096,172.31.46.0-255,66,145829,44,195373
22665,0.002141,74.125.200.0-255,2902,148731,44,195373
22666,0.002151,172.31.46.0-255,66,148797,44,195373
22667,0.002199,172.31.46.0-255,66,148863,44,195373
22668,0.00233,74.125.200.0-255,7156,156019,44,195373
22669,0.002334,172.31.46.0-255,66,156085,44,195373
22670,0.00239,172.31.46.0-255,66,156151,44,195373
22671,0.002476,74.125.200.0-255,7156,163307,44,195373
22672,0.00248,172.31.46.0-255,66,163373,44,195373
22673,0.002504,74.125.200.0-255,1484,164857,44,195373
22674,0.008092,172.31.46.0-255,66,164923,44,195373
22675,0.010659,74.125.200.0-255,5738,170661,44,195373
22676,0.010667,172.31.46.0-255,66,170727,44,195373
22677,0.013214,74.125.200.0-255,5738,176465,44,195373
22678,0.013224,172.31.46.0-255,66,176531,44,195373
22679,0.015788,74.125.200.0-255,5738,182269,44,195373
22680,0.015977,172.31.46.0-255,66,182335,44,195373
22681,0.018544,74.125.200.0-255,3437,185772,44,195373
22682,0.018563,172.31.46.0-255,66,185838,44,195373
22683,0.021011,172.31.46.0-255,105,185943,44,195373
22684,0.023534,74.125.200.0-255,66,186009,44,195373
22685,0.03634,172.31.46.0-255,172,186181,44,195373
22686,0.036379,172.31.46.0-255,1114,187295,44,195373
22687,0.036471,172.31.46.0-255,1514,188809,44,195373
22688,0.036473,172.31.46.0-255,1514,190323,44,195373
22689,0.036479,172.31.46.0-255,1514,191837,44,195373
22690,0.03648,172.31.46.0-255,1514,193351,44,195373
22691,0.036499,172.31.46.0-255,1514,194865,44,195373
22692,0.0365,172.31.46.0-255,70,194935,44,195373
22693,0.037898,104.244.42.0-255,66,195001,44,195373
22694,0.037935,104.244.42.0-255,66,195067,44,195373
22695,0.038057,104.244.42.0-255,66,195133,44,195373
22696,0.038064,104.244.42.0-255,66,195199,44,195373
22697,0.040913,104.244.42.0-255,108,195307,44,195373
22698,0.040925,172.31.46.0-255,66,195373,44,195373
22699,0.0,172.217.27.0-255,152,152,44,224051
22700,2.4e-05,172.31.46.0-255,66,218,44,224051
22701,3.1e-05,172.217.27.0-255,1484,1702,44,224051
22702,3.5e-05,172.31.46.0-255,66,1768,44,224051
22703,4e-05,172.217.27.0-255,2902,4670,44,224051
22704,4.3e-05,172.31.46.0-255,66,4736,44,224051
22705,5.8e-05,172.217.27.0-255,7156,11892,44,224051
22706,6.1e-05,172.31.46.0-255,66,11958,44,224051
22707,6.5e-05,172.217.27.0-255,2004,13962,44,224051
22708,6.8e-05,172.31.46.0-255,66,14028,44,224051
22709,0.000108,172.217.27.0-255,2902,16930,44,224051
22710,0.000111,172.31.46.0-255,66,16996,44,224051
22711,0.000117,172.217.27.0-255,4320,21316,44,224051
22712,0.000119,172.31.46.0-255,66,21382,44,224051
22713,0.00013,172.31.46.0-255,66,21448,44,224051
22714,0.00016,172.217.27.0-255,1125,22573,44,224051
22715,0.000162,172.31.46.0-255,66,22639,44,224051
22716,0.000339,172.217.27.0-255,1484,24123,44,224051
22717,0.000344,172.31.46.0-255,66,24189,44,224051
22718,0.00035,172.217.27.0-255,2902,27091,44,224051
22719,0.000352,172.31.46.0-255,66,27157,44,224051
22720,0.000363,172.217.27.0-255,5738,32895,44,224051
22721,0.000366,172.31.46.0-255,66,32961,44,224051
22722,0.000415,172.31.46.0-255,66,33027,44,224051
22723,0.000471,172.31.46.0-255,66,33093,44,224051
22724,0.000891,172.217.27.0-255,114,33207,44,224051
22725,0.000896,172.31.46.0-255,66,33273,44,224051
22726,0.00107,172.217.27.0-255,1484,34757,44,224051
22727,0.001075,172.31.46.0-255,66,34823,44,224051
22728,0.00108,172.217.27.0-255,2902,37725,44,224051
22729,0.001082,172.31.46.0-255,66,37791,44,224051
22730,0.001112,172.217.27.0-255,4320,42111,44,224051
22731,0.001115,172.31.46.0-255,66,42177,44,224051
22732,0.001126,172.31.46.0-255,66,42243,44,224051
22733,0.001172,172.31.46.0-255,66,42309,44,224051
22734,0.0012,172.217.27.0-255,2543,44852,44,224051
22735,0.001203,172.31.46.0-255,66,44918,44,224051
22736,0.002792,172.217.27.0-255,2902,47820,44,224051
22737,0.002799,172.31.46.0-255,66,47886,44,224051
22738,0.002847,172.217.27.0-255,2902,50788,44,224051
22739,0.002849,172.31.46.0-255,66,50854,44,224051
22740,0.004416,172.217.27.0-255,2902,53756,44,224051
22741,0.004418,172.31.46.0-255,66,53822,44,224051
22742,0.004453,172.217.27.0-255,2902,56724,44,224051
22743,0.004455,172.31.46.0-255,66,56790,44,224051
22744,0.006033,172.217.27.0-255,2902,59692,44,224051
22745,0.00604,172.31.46.0-255,66,59758,44,224051
22746,0.006076,172.217.27.0-255,2902,62660,44,224051
22747,0.006078,172.31.46.0-255,66,62726,44,224051
22748,0.007657,172.217.27.0-255,2902,65628,44,224051
22749,0.007662,172.31.46.0-255,66,65694,44,224051
22750,0.007687,172.217.27.0-255,2902,68596,44,224051
22751,0.007689,172.31.46.0-255,66,68662,44,224051
22752,0.009282,172.217.27.0-255,2902,71564,44,224051
22753,0.009288,172.31.46.0-255,66,71630,44,224051
22754,0.009319,172.217.27.0-255,2902,74532,44,224051
22755,0.009322,172.31.46.0-255,66,74598,44,224051
22756,0.010905,172.217.27.0-255,2902,77500,44,224051
22757,0.010912,172.31.46.0-255,66,77566,44,224051
22758,0.010938,172.217.27.0-255,2902,80468,44,224051
22759,0.010942,172.31.46.0-255,66,80534,44,224051
22760,0.012533,172.217.27.0-255,2902,83436,44,224051
22761,0.012541,172.31.46.0-255,66,83502,44,224051
22762,0.012569,172.217.27.0-255,2902,86404,44,224051
22763,0.012572,172.31.46.0-255,66,86470,44,224051
22764,0.014165,172.217.27.0-255,2902,89372,44,224051
22765,0.014173,172.31.46.0-255,66,89438,44,224051
22766,0.014209,172.217.27.0-255,2902,92340,44,224051
22767,0.014211,172.31.46.0-255,66,92406,44,224051
22768,0.015795,172.217.27.0-255,2902,95308,44,224051
22769,0.015803,172.31.46.0-255,66,95374,44,224051
22770,0.015836,172.217.27.0-255,2902,98276,44,224051
22771,0.015839,172.31.46.0-255,66,98342,44,224051
22772,0.017427,172.217.27.0-255,2902,101244,44,224051
22773,0.017434,172.31.46.0-255,66,101310,44,224051
22774,0.017465,172.217.27.0-255,2902,104212,44,224051
22775,0.017468,172.31.46.0-255,66,104278,44,224051
22776,0.019053,172.217.27.0-255,2902,107180,44,224051
22777,0.019061,172.31.46.0-255,66,107246,44,224051
22778,0.019089,172.217.27.0-255,2902,110148,44,224051
22779,0.019092,172.31.46.0-255,66,110214,44,224051
22780,0.020707,172.217.27.0-255,5738,115952,44,224051
22781,0.020716,172.31.46.0-255,66,116018,44,224051
22782,0.022339,172.217.27.0-255,5738,121756,44,224051
22783,0.022346,172.31.46.0-255,66,121822,44,224051
22784,0.023969,172.217.27.0-255,5738,127560,44,224051
22785,0.023977,172.31.46.0-255,66,127626,44,224051
22786,0.025607,172.217.27.0-255,5738,133364,44,224051
22787,0.025614,172.31.46.0-255,66,133430,44,224051
22788,0.027242,172.217.27.0-255,5738,139168,44,224051
22789,0.02725,172.31.46.0-255,66,139234,44,224051
22790,0.028871,172.217.27.0-255,5738,144972,44,224051
22791,0.02888,172.31.46.0-255,66,145038,44,224051
22792,0.030507,172.217.27.0-255,5738,150776,44,224051
22793,0.030515,172.31.46.0-255,66,150842,44,224051
22794,0.032149,172.217.27.0-255,5738,156580,44,224051
22795,0.032157,172.31.46.0-255,66,156646,44,224051
22796,0.03379,172.217.27.0-255,5738,162384,44,224051
22797,0.033798,172.31.46.0-255,66,162450,44,224051
22798,0.035422,172.217.27.0-255,5738,168188,44,224051
22799,0.03543,172.31.46.0-255,66,168254,44,224051
22800,0.037053,172.217.27.0-255,5738,173992,44,224051
22801,0.037061,172.31.46.0-255,66,174058,44,224051
22802,0.038688,172.217.27.0-255,5738,179796,44,224051
22803,0.038695,172.31.46.0-255,66,179862,44,224051
22804,0.040318,172.217.27.0-255,5738,185600,44,224051
22805,0.040326,172.31.46.0-255,66,185666,44,224051
22806,0.041458,172.31.46.0-255,172,185838,44,224051
22807,0.041488,172.31.46.0-255,1114,186952,44,224051
22808,0.041564,172.31.46.0-255,1514,188466,44,224051
22809,0.041566,172.31.46.0-255,1514,189980,44,224051
22810,0.04157,172.31.46.0-255,1514,191494,44,224051
22811,0.041571,172.31.46.0-255,1514,193008,44,224051
22812,0.041592,172.31.46.0-255,1514,194522,44,224051
22813,0.041593,172.31.46.0-255,71,194593,44,224051
22814,0.041955,172.217.27.0-255,5738,200331,44,224051
22815,0.041962,172.31.46.0-255,66,200397,44,224051
22816,0.043007,104.244.42.0-255,66,200463,44,224051
22817,0.043056,104.244.42.0-255,66,200529,44,224051
22818,0.043167,104.244.42.0-255,66,200595,44,224051
22819,0.043173,104.244.42.0-255,66,200661,44,224051
22820,0.043587,172.217.27.0-255,5738,206399,44,224051
22821,0.043594,172.31.46.0-255,66,206465,44,224051
22822,0.043787,104.244.42.0-255,108,206573,44,224051
22823,0.043796,172.31.46.0-255,66,206639,44,224051
22824,0.045226,172.217.27.0-255,5738,212377,44,224051
22825,0.045232,172.31.46.0-255,66,212443,44,224051
22826,0.046858,172.217.27.0-255,5738,218181,44,224051
22827,0.046864,172.31.46.0-255,66,218247,44,224051
22828,0.048484,172.217.27.0-255,5738,223985,44,224051
22829,0.04849,172.31.46.0-255,66,224051,44,224051
22830,0.0,74.125.68.0-255,146,146,44,264417
22831,2.3e-05,172.31.46.0-255,66,212,44,264417
22832,3e-05,74.125.68.0-255,1484,1696,44,264417
22833,3.5e-05,172.31.46.0-255,66,1762,44,264417
22834,4.1e-05,74.125.68.0-255,2902,4664,44,264417
22835,5.3e-05,172.31.46.0-255,66,4730,44,264417
22836,9.1e-05,74.125.68.0-255,5738,10468,44,264417
22837,9.5e-05,172.31.46.0-255,66,10534,44,264417
22838,0.000101,74.125.68.0-255,3328,13862,44,264417
22839,0.000103,172.31.46.0-255,66,13928,44,264417
22840,0.00022,74.125.68.0-255,1484,15412,44,264417
22841,0.000225,172.31.46.0-255,66,15478,44,264417
22842,0.000229,74.125.68.0-255,1484,16962,44,264417
22843,0.000231,172.31.46.0-255,66,17028,44,264417
22844,0.000253,74.125.68.0-255,1484,18512,44,264417
22845,0.000256,172.31.46.0-255,66,18578,44,264417
22846,0.000312,74.125.68.0-255,2902,21480,44,264417
22847,0.000315,172.31.46.0-255,66,21546,44,264417
22848,0.00034,74.125.68.0-255,2902,24448,44,264417
22849,0.000343,172.31.46.0-255,66,24514,44,264417
22850,0.00035,74.125.68.0-255,6797,31311,44,264417
22851,0.000353,172.31.46.0-255,66,31377,44,264417
22852,0.000355,74.125.68.0-255,1484,32861,44,264417
22853,0.000358,172.31.46.0-255,66,32927,44,264417
22854,0.000363,74.125.68.0-255,2902,35829,44,264417
22855,0.000366,172.31.46.0-255,66,35895,44,264417
22856,0.000372,74.125.68.0-255,4320,40215,44,264417
22857,0.000374,172.31.46.0-255,66,40281,44,264417
22858,0.000407,74.125.68.0-255,5738,46019,44,264417
22859,0.000411,172.31.46.0-255,66,46085,44,264417
22860,0.000416,74.125.68.0-255,2902,48987,44,264417
22861,0.000418,172.31.46.0-255,66,49053,44,264417
22862,0.000446,74.125.68.0-255,4320,53373,44,264417
22863,0.000449,172.31.46.0-255,66,53439,44,264417
22864,0.000491,74.125.68.0-255,4320,57759,44,264417
22865,0.000495,172.31.46.0-255,66,57825,44,264417
22866,0.000522,74.125.68.0-255,2902,60727,44,264417
22867,0.000525,172.31.46.0-255,66,60793,44,264417
22868,0.000531,74.125.68.0-255,5020,65813,44,264417
22869,0.000533,172.31.46.0-255,66,65879,44,264417
22870,0.00055,74.125.68.0-255,447,66326,44,264417
22871,0.000913,74.125.68.0-255,328,66654,44,264417
22872,0.00118,172.31.46.0-255,66,66720,44,264417
22873,0.00123,74.125.68.0-255,1484,68204,44,264417
22874,0.001277,74.125.68.0-255,2902,71106,44,264417
22875,0.00128,172.31.46.0-255,66,71172,44,264417
22876,0.001287,74.125.68.0-255,5738,76910,44,264417
22877,0.00129,172.31.46.0-255,66,76976,44,264417
22878,0.001301,74.125.68.0-255,5738,82714,44,264417
22879,0.001303,172.31.46.0-255,66,82780,44,264417
22880,0.00131,74.125.68.0-255,7156,89936,44,264417
22881,0.001312,172.31.46.0-255,66,90002,44,264417
22882,0.001356,172.31.46.0-255,66,90068,44,264417
22883,0.001806,74.125.68.0-255,1484,91552,44,264417
22884,0.001853,74.125.68.0-255,2902,94454,44,264417
22885,0.001858,172.31.46.0-255,66,94520,44,264417
22886,0.001865,74.125.68.0-255,5738,100258,44,264417
22887,0.001868,172.31.46.0-255,66,100324,44,264417
22888,0.001879,74.125.68.0-255,4320,104644,44,264417
22889,0.001881,172.31.46.0-255,66,104710,44,264417
22890,0.001896,74.125.68.0-255,2902,107612,44,264417
22891,0.001899,172.31.46.0-255,66,107678,44,264417
22892,0.001905,74.125.68.0-255,5738,113416,44,264417
22893,0.001907,172.31.46.0-255,66,113482,44,264417
22894,0.001919,74.125.68.0-255,7156,120638,44,264417
22895,0.001921,172.31.46.0-255,66,120704,44,264417
22896,0.00197,74.125.68.0-255,3602,124306,44,264417
22897,0.001974,172.31.46.0-255,66,124372,44,264417
22898,0.003918,74.125.68.0-255,1484,125856,44,264417
22899,0.003999,74.125.68.0-255,4320,130176,44,264417
22900,0.004005,172.31.46.0-255,66,130242,44,264417
22901,0.006033,74.125.68.0-255,5738,135980,44,264417
22902,0.006041,172.31.46.0-255,66,136046,44,264417
22903,0.008055,74.125.68.0-255,4320,140366,44,264417
22904,0.008061,172.31.46.0-255,66,140432,44,264417
22905,0.00809,74.125.68.0-255,1484,141916,44,264417
22906,0.010085,74.125.68.0-255,4320,146236,44,264417
22907,0.010095,172.31.46.0-255,66,146302,44,264417
22908,0.012134,74.125.68.0-255,5738,152040,44,264417
22909,0.012147,172.31.46.0-255,66,152106,44,264417
22910,0.01417,74.125.68.0-255,4320,156426,44,264417
22911,0.014182,172.31.46.0-255,66,156492,44,264417
22912,0.014211,74.125.68.0-255,1484,157976,44,264417
22913,0.016203,74.125.68.0-255,4320,162296,44,264417
22914,0.016216,172.31.46.0-255,66,162362,44,264417
22915,0.018245,74.125.68.0-255,5738,168100,44,264417
22916,0.018258,172.31.46.0-255,66,168166,44,264417
22917,0.020295,74.125.68.0-255,5738,173904,44,264417
22918,0.020306,172.31.46.0-255,66,173970,44,264417
22919,0.022337,74.125.68.0-255,5738,179708,44,264417
22920,0.022353,172.31.46.0-255,66,179774,44,264417
22921,0.024377,74.125.68.0-255,5738,185512,44,264417
22922,0.024395,172.31.46.0-255,66,185578,44,264417
22923,0.026419,74.125.68.0-255,5738,191316,44,264417
22924,0.026433,172.31.46.0-255,66,191382,44,264417
22925,0.0285,74.125.68.0-255,5738,197120,44,264417
22926,0.028514,172.31.46.0-255,66,197186,44,264417
22927,0.030554,74.125.68.0-255,5738,202924,44,264417
22928,0.030569,172.31.46.0-255,66,202990,44,264417
22929,0.032594,74.125.68.0-255,5738,208728,44,264417
22930,0.032611,172.31.46.0-255,66,208794,44,264417
22931,0.034633,74.125.68.0-255,5738,214532,44,264417
22932,0.034644,172.31.46.0-255,66,214598,44,264417
22933,0.036676,74.125.68.0-255,5738,220336,44,264417
22934,0.036692,172.31.46.0-255,66,220402,44,264417
22935,0.038708,74.125.68.0-255,5738,226140,44,264417
22936,0.038721,172.31.46.0-255,66,226206,44,264417
22937,0.040744,74.125.68.0-255,5738,231944,44,264417
22938,0.040759,172.31.46.0-255,66,232010,44,264417
22939,0.042794,74.125.68.0-255,5738,237748,44,264417
22940,0.042808,172.31.46.0-255,66,237814,44,264417
22941,0.044618,172.31.46.0-255,172,237986,44,264417
22942,0.04465,172.31.46.0-255,1109,239095,44,264417
22943,0.044724,172.31.46.0-255,1514,240609,44,264417
22944,0.044731,172.31.46.0-255,1514,242123,44,264417
22945,0.044732,172.31.46.0-255,1514,243637,44,264417
22946,0.044738,172.31.46.0-255,1514,245151,44,264417
22947,0.04474,172.31.46.0-255,1514,246665,44,264417
22948,0.044741,172.31.46.0-255,76,246741,44,264417
22949,0.044829,74.125.68.0-255,5738,252479,44,264417
22950,0.044836,172.31.46.0-255,66,252545,44,264417
22951,0.046153,104.244.42.0-255,66,252611,44,264417
22952,0.046204,104.244.42.0-255,66,252677,44,264417
22953,0.046291,104.244.42.0-255,66,252743,44,264417
22954,0.046296,104.244.42.0-255,66,252809,44,264417
22955,0.046861,74.125.68.0-255,5738,258547,44,264417
22956,0.046872,172.31.46.0-255,66,258613,44,264417
22957,0.048906,74.125.68.0-255,5738,264351,44,264417
22958,0.04892,172.31.46.0-255,66,264417,44,264417
22959,0.0,74.125.24.0-255,153,153,44,279270
22960,2.4e-05,172.31.46.0-255,66,219,44,279270
22961,3.2e-05,74.125.24.0-255,1484,1703,44,279270
22962,3.8e-05,172.31.46.0-255,66,1769,44,279270
22963,4.3e-05,74.125.24.0-255,2902,4671,44,279270
22964,4.7e-05,172.31.46.0-255,66,4737,44,279270
22965,5.3e-05,74.125.24.0-255,4320,9057,44,279270
22966,5.6e-05,172.31.46.0-255,66,9123,44,279270
22967,0.000125,74.125.24.0-255,4795,13918,44,279270
22968,0.000129,172.31.46.0-255,66,13984,44,279270
22969,0.000136,74.125.24.0-255,5738,19722,44,279270
22970,0.000138,172.31.46.0-255,66,19788,44,279270
22971,0.000146,74.125.24.0-255,7156,26944,44,279270
22972,0.000148,172.31.46.0-255,66,27010,44,279270
22973,0.000169,74.125.24.0-255,1484,28494,44,279270
22974,0.000171,172.31.46.0-255,66,28560,44,279270
22975,0.000176,74.125.24.0-255,2543,31103,44,279270
22976,0.000178,172.31.46.0-255,66,31169,44,279270
22977,0.000332,74.125.24.0-255,1484,32653,44,279270
22978,0.000337,172.31.46.0-255,66,32719,44,279270
22979,0.000343,74.125.24.0-255,2902,35621,44,279270
22980,0.000347,172.31.46.0-255,66,35687,44,279270
22981,0.000352,74.125.24.0-255,4320,40007,44,279270
22982,0.000355,172.31.46.0-255,66,40073,44,279270
22983,0.000369,74.125.24.0-255,1484,41557,44,279270
22984,0.000371,172.31.46.0-255,66,41623,44,279270
22985,0.000392,74.125.24.0-255,5738,47361,44,279270
22986,0.000395,172.31.46.0-255,66,47427,44,279270
22987,0.000415,74.125.24.0-255,1125,48552,44,279270
22988,0.000417,172.31.46.0-255,66,48618,44,279270
22989,0.000426,74.125.24.0-255,7156,55774,44,279270
22990,0.000428,172.31.46.0-255,66,55840,44,279270
22991,0.000431,74.125.24.0-255,1484,57324,44,279270
22992,0.000466,172.31.46.0-255,66,57390,44,279270
22993,0.000541,74.125.24.0-255,129,57519,44,279270
22994,0.000567,74.125.24.0-255,349,57868,44,279270
22995,0.000793,74.125.24.0-255,1484,59352,44,279270
22996,0.000798,172.31.46.0-255,66,59418,44,279270
22997,0.000804,74.125.24.0-255,2902,62320,44,279270
22998,0.000807,172.31.46.0-255,66,62386,44,279270
22999,0.000814,74.125.24.0-255,5738,68124,44,279270
23000,0.000816,172.31.46.0-255,66,68190,44,279270
23001,0.000841,74.125.24.0-255,7156,75346,44,279270
23002,0.000844,172.31.46.0-255,66,75412,44,279270
23003,0.000876,74.125.24.0-255,5738,81150,44,279270
23004,0.000879,172.31.46.0-255,66,81216,44,279270
23005,0.000905,172.31.46.0-255,66,81282,44,279270
23006,0.001111,74.125.24.0-255,1484,82766,44,279270
23007,0.001128,74.125.24.0-255,2902,85668,44,279270
23008,0.001133,172.31.46.0-255,66,85734,44,279270
23009,0.00116,74.125.24.0-255,2902,88636,44,279270
23010,0.001163,172.31.46.0-255,66,88702,44,279270
23011,0.001175,74.125.24.0-255,1484,90186,44,279270
23012,0.001188,74.125.24.0-255,1484,91670,44,279270
23013,0.001191,172.31.46.0-255,66,91736,44,279270
23014,0.001213,74.125.24.0-255,5738,97474,44,279270
23015,0.001225,172.31.46.0-255,66,97540,44,279270
23016,0.001238,74.125.24.0-255,7156,104696,44,279270
23017,0.001245,74.125.24.0-255,5738,110434,44,279270
23018,0.001266,74.125.24.0-255,5020,115454,44,279270
23019,0.00128,172.31.46.0-255,66,115520,44,279270
23020,0.001433,74.125.24.0-255,1484,117004,44,279270
23021,0.00144,74.125.24.0-255,2902,119906,44,279270
23022,0.001443,172.31.46.0-255,66,119972,44,279270
23023,0.001447,74.125.24.0-255,1484,121456,44,279270
23024,0.001468,74.125.24.0-255,4320,125776,44,279270
23025,0.00147,74.125.24.0-255,1484,127260,44,279270
23026,0.001473,74.125.24.0-255,1484,128744,44,279270
23027,0.001482,172.31.46.0-255,66,128810,44,279270
23028,0.001486,74.125.24.0-255,1484,130294,44,279270
23029,0.001507,74.125.24.0-255,5738,136032,44,279270
23030,0.001514,172.31.46.0-255,66,136098,44,279270
23031,0.001549,74.125.24.0-255,3602,139700,44,279270
23032,0.001555,172.31.46.0-255,66,139766,44,279270
23033,0.001717,74.125.24.0-255,1484,141250,44,279270
23034,0.001723,74.125.24.0-255,2902,144152,44,279270
23035,0.001726,172.31.46.0-255,66,144218,44,279270
23036,0.001753,74.125.24.0-255,5738,149956,44,279270
23037,0.00176,74.125.24.0-255,5738,155694,44,279270
23038,0.00177,74.125.24.0-255,1484,157178,44,279270
23039,0.001773,172.31.46.0-255,66,157244,44,279270
23040,0.001809,74.125.24.0-255,2902,160146,44,279270
23041,0.00183,74.125.24.0-255,2184,162330,44,279270
23042,0.001836,74.125.24.0-255,5738,168068,44,279270
23043,0.001845,172.31.46.0-255,66,168134,44,279270
23044,0.001851,74.125.24.0-255,4320,172454,44,279270
23045,0.001855,172.31.46.0-255,66,172520,44,279270
23046,0.001868,74.125.24.0-255,5738,178258,44,279270
23047,0.001883,74.125.24.0-255,2902,181160,44,279270
23048,0.001889,74.125.24.0-255,7156,188316,44,279270
23049,0.001905,74.125.24.0-255,1484,189800,44,279270
23050,0.001907,74.125.24.0-255,1484,191284,44,279270
23051,0.00191,172.31.46.0-255,66,191350,44,279270
23052,0.001915,172.31.46.0-255,66,191416,44,279270
23053,0.001939,74.125.24.0-255,6438,197854,44,279270
23054,0.001981,74.125.24.0-255,1484,199338,44,279270
23055,0.001996,172.31.46.0-255,66,199404,44,279270
23056,0.002021,74.125.24.0-255,5020,204424,44,279270
23057,0.002027,172.31.46.0-255,66,204490,44,279270
23058,0.002039,74.125.24.0-255,5738,210228,44,279270
23059,0.002045,74.125.24.0-255,7156,217384,44,279270
23060,0.002071,74.125.24.0-255,1484,218868,44,279270
23061,0.002079,74.125.24.0-255,6438,225306,44,279270
23062,0.002097,172.31.46.0-255,66,225372,44,279270
23063,0.002119,74.125.24.0-255,5738,231110,44,279270
23064,0.002126,172.31.46.0-255,66,231176,44,279270
23065,0.002175,74.125.24.0-255,5738,236914,44,279270
23066,0.00218,172.31.46.0-255,66,236980,44,279270
23067,0.002192,74.125.24.0-255,6438,243418,44,279270
23068,0.002197,74.125.24.0-255,2902,246320,44,279270
23069,0.002202,172.31.46.0-255,66,246386,44,279270
23070,0.002255,74.125.24.0-255,2184,248570,44,279270
23071,0.002263,172.31.46.0-255,66,248636,44,279270
23072,0.004512,74.125.24.0-255,5738,254374,44,279270
23073,0.004519,172.31.46.0-255,66,254440,44,279270
23074,0.006757,74.125.24.0-255,2902,257342,44,279270
23075,0.006765,172.31.46.0-255,66,257408,44,279270
23076,0.006785,74.125.24.0-255,2902,260310,44,279270
23077,0.006787,172.31.46.0-255,66,260376,44,279270
23078,0.009039,74.125.24.0-255,2902,263278,44,279270
23079,0.009042,172.31.46.0-255,66,263344,44,279270
23080,0.009067,74.125.24.0-255,1484,264828,44,279270
23081,0.009078,74.125.24.0-255,1484,266312,44,279270
23082,0.009081,172.31.46.0-255,66,266378,44,279270
23083,0.01131,74.125.24.0-255,2902,269280,44,279270
23084,0.011318,172.31.46.0-255,66,269346,44,279270
23085,0.011335,74.125.24.0-255,637,269983,44,279270
23086,0.013415,172.31.46.0-255,66,270049,44,279270
23087,0.013455,172.31.46.0-255,105,270154,44,279270
23088,0.015688,74.125.24.0-255,66,270220,44,279270
23089,0.035758,172.31.46.0-255,164,270384,44,279270
23090,0.035799,172.31.46.0-255,1123,271507,44,279270
23091,0.035884,172.31.46.0-255,1514,273021,44,279270
23092,0.035886,172.31.46.0-255,1514,274535,44,279270
23093,0.035893,172.31.46.0-255,1514,276049,44,279270
23094,0.035894,172.31.46.0-255,1514,277563,44,279270
23095,0.035913,172.31.46.0-255,1509,279072,44,279270
23096,0.037301,104.244.42.0-255,66,279138,44,279270
23097,0.037333,104.244.42.0-255,66,279204,44,279270
23098,0.037488,104.244.42.0-255,66,279270,44,279270
23099,0.0,74.125.24.0-255,146,146,44,177936
23100,2.3e-05,172.31.46.0-255,66,212,44,177936
23101,3e-05,74.125.24.0-255,1484,1696,44,177936
23102,3.5e-05,172.31.46.0-255,66,1762,44,177936
23103,4e-05,74.125.24.0-255,2902,4664,44,177936
23104,5.3e-05,172.31.46.0-255,66,4730,44,177936
23105,6.1e-05,74.125.24.0-255,7156,11886,44,177936
23106,6.4e-05,172.31.46.0-255,66,11952,44,177936
23107,0.0001,74.125.24.0-255,1941,13893,44,177936
23108,0.000104,172.31.46.0-255,66,13959,44,177936
23109,0.000109,74.125.24.0-255,2902,16861,44,177936
23110,0.000111,172.31.46.0-255,66,16927,44,177936
23111,0.000117,74.125.24.0-255,2902,19829,44,177936
23112,0.000119,172.31.46.0-255,66,19895,44,177936
23113,0.000141,74.125.24.0-255,4320,24215,44,177936
23114,0.00015,172.31.46.0-255,66,24281,44,177936
23115,0.000176,74.125.24.0-255,4320,28601,44,177936
23116,0.000179,172.31.46.0-255,66,28667,44,177936
23117,0.000195,74.125.24.0-255,2543,31210,44,177936
23118,0.000197,172.31.46.0-255,66,31276,44,177936
23119,0.000223,74.125.24.0-255,2902,34178,44,177936
23120,0.000226,172.31.46.0-255,66,34244,44,177936
23121,0.000232,74.125.24.0-255,4320,38564,44,177936
23122,0.000234,172.31.46.0-255,66,38630,44,177936
23123,0.00027,172.31.46.0-255,66,38696,44,177936
23124,0.000312,172.31.46.0-255,66,38762,44,177936
23125,0.00034,74.125.24.0-255,5379,44141,44,177936
23126,0.000342,172.31.46.0-255,66,44207,44,177936
23127,0.000369,74.125.24.0-255,647,44854,44,177936
23128,0.000372,172.31.46.0-255,66,44920,44,177936
23129,0.000834,74.125.24.0-255,1484,46404,44,177936
23130,0.00084,74.125.24.0-255,1484,47888,44,177936
23131,0.000844,172.31.46.0-255,66,47954,44,177936
23132,0.00088,74.125.24.0-255,1484,49438,44,177936
23133,0.000887,74.125.24.0-255,5738,55176,44,177936
23134,0.00089,172.31.46.0-255,66,55242,44,177936
23135,0.000903,172.31.46.0-255,66,55308,44,177936
23136,0.000929,74.125.24.0-255,1484,56792,44,177936
23137,0.000947,172.31.46.0-255,66,56858,44,177936
23138,0.001228,74.125.24.0-255,1484,58342,44,177936
23139,0.001235,74.125.24.0-255,2902,61244,44,177936
23140,0.001239,172.31.46.0-255,66,61310,44,177936
23141,0.001247,74.125.24.0-255,5738,67048,44,177936
23142,0.001249,172.31.46.0-255,66,67114,44,177936
23143,0.001291,74.125.24.0-255,7156,74270,44,177936
23144,0.001294,172.31.46.0-255,66,74336,44,177936
23145,0.0013,74.125.24.0-255,2902,77238,44,177936
23146,0.001302,172.31.46.0-255,66,77304,44,177936
23147,0.001332,74.125.24.0-255,5738,83042,44,177936
23148,0.001357,172.31.46.0-255,66,83108,44,177936
23149,0.001371,172.31.46.0-255,66,83174,44,177936
23150,0.00226,74.125.24.0-255,1484,84658,44,177936
23151,0.002271,74.125.24.0-255,2902,87560,44,177936
23152,0.002275,172.31.46.0-255,66,87626,44,177936
23153,0.002311,74.125.24.0-255,5738,93364,44,177936
23154,0.002314,172.31.46.0-255,66,93430,44,177936
23155,0.00232,74.125.24.0-255,5738,99168,44,177936
23156,0.002323,172.31.46.0-255,66,99234,44,177936
23157,0.002326,74.125.24.0-255,1484,100718,44,177936
23158,0.00238,172.31.46.0-255,66,100784,44,177936
23159,0.002386,74.125.24.0-255,5020,105804,44,177936
23160,0.002388,172.31.46.0-255,66,105870,44,177936
23161,0.002586,74.125.24.0-255,1484,107354,44,177936
23162,0.002593,74.125.24.0-255,2902,110256,44,177936
23163,0.002597,172.31.46.0-255,66,110322,44,177936
23164,0.002631,74.125.24.0-255,5738,116060,44,177936
23165,0.002634,172.31.46.0-255,66,116126,44,177936
23166,0.002652,172.31.46.0-255,66,116192,44,177936
23167,0.002659,74.125.24.0-255,4320,120512,44,177936
23168,0.002661,172.31.46.0-255,66,120578,44,177936
23169,0.002711,172.31.46.0-255,66,120644,44,177936
23170,0.002731,172.31.46.0-255,66,120710,44,177936
23171,0.002748,172.31.46.0-255,66,120776,44,177936
23172,0.002787,74.125.24.0-255,1484,122260,44,177936
23173,0.002806,74.125.24.0-255,2902,125162,44,177936
23174,0.002808,172.31.46.0-255,66,125228,44,177936
23175,0.002815,74.125.24.0-255,5738,130966,44,177936
23176,0.002817,172.31.46.0-255,66,131032,44,177936
23177,0.002841,74.125.24.0-255,4320,135352,44,177936
23178,0.002843,172.31.46.0-255,66,135418,44,177936
23179,0.002887,172.31.46.0-255,66,135484,44,177936
23180,0.002899,172.31.46.0-255,66,135550,44,177936
23181,0.002902,74.125.24.0-255,1484,137034,44,177936
23182,0.002935,74.125.24.0-255,2902,139936,44,177936
23183,0.002937,172.31.46.0-255,66,140002,44,177936
23184,0.002944,74.125.24.0-255,5738,145740,44,177936
23185,0.002947,172.31.46.0-255,66,145806,44,177936
23186,0.002962,172.31.46.0-255,66,145872,44,177936
23187,0.003001,74.125.24.0-255,2902,148774,44,177936
23188,0.003004,172.31.46.0-255,66,148840,44,177936
23189,0.00302,172.31.46.0-255,66,148906,44,177936
23190,0.003073,172.31.46.0-255,66,148972,44,177936
23191,0.003123,172.31.46.0-255,66,149038,44,177936
23192,0.003152,172.31.46.0-255,66,149104,44,177936
23193,0.003156,74.125.24.0-255,2902,152006,44,177936
23194,0.003159,172.31.46.0-255,66,152072,44,177936
23195,0.003165,74.125.24.0-255,5738,157810,44,177936
23196,0.003168,172.31.46.0-255,66,157876,44,177936
23197,0.003176,74.125.24.0-255,6438,164314,44,177936
23198,0.003203,74.125.24.0-255,3825,168139,44,177936
23199,0.003208,74.125.24.0-255,105,168244,44,177936
23200,0.003213,172.31.46.0-255,66,168310,44,177936
23201,0.003215,172.31.46.0-255,66,168376,44,177936
23202,0.003216,172.31.46.0-255,66,168442,44,177936
23203,0.010221,172.31.46.0-255,66,168508,44,177936
23204,0.010255,172.31.46.0-255,105,168613,44,177936
23205,0.012488,74.125.24.0-255,66,168679,44,177936
23206,0.040906,172.31.46.0-255,172,168851,44,177936
23207,0.040936,172.31.46.0-255,1109,169960,44,177936
23208,0.040994,172.31.46.0-255,1514,171474,44,177936
23209,0.040996,172.31.46.0-255,1514,172988,44,177936
23210,0.041027,172.31.46.0-255,1514,174502,44,177936
23211,0.041029,172.31.46.0-255,1514,176016,44,177936
23212,0.041033,172.31.46.0-255,1514,177530,44,177936
23213,0.041034,172.31.46.0-255,76,177606,44,177936
23214,0.042435,104.244.42.0-255,66,177672,44,177936
23215,0.042469,104.244.42.0-255,66,177738,44,177936
23216,0.042596,104.244.42.0-255,66,177804,44,177936
23217,0.042642,104.244.42.0-255,66,177870,44,177936
23218,0.042645,104.244.42.0-255,66,177936,44,177936
23219,0.0,172.217.194.0-255,296,296,44,233114
23220,2.4e-05,172.31.46.0-255,66,362,44,233114
23221,3e-05,172.217.194.0-255,1484,1846,44,233114
23222,3.4e-05,172.31.46.0-255,66,1912,44,233114
23223,4.3e-05,172.217.194.0-255,4320,6232,44,233114
23224,5.3e-05,172.31.46.0-255,66,6298,44,233114
23225,6.5e-05,172.31.46.0-255,66,6364,44,233114
23226,7.7e-05,172.31.46.0-255,66,6430,44,233114
23227,8e-05,172.217.194.0-255,1484,7914,44,233114
23228,8.2e-05,172.31.46.0-255,66,7980,44,233114
23229,0.000119,172.217.194.0-255,6797,14777,44,233114
23230,0.000122,172.31.46.0-255,66,14843,44,233114
23231,0.00014,172.217.194.0-255,5738,20581,44,233114
23232,0.000142,172.31.46.0-255,66,20647,44,233114
23233,0.000154,172.217.194.0-255,1484,22131,44,233114
23234,0.000157,172.31.46.0-255,66,22197,44,233114
23235,0.00017,172.31.46.0-255,66,22263,44,233114
23236,0.000202,172.31.46.0-255,66,22329,44,233114
23237,0.000228,172.217.194.0-255,2902,25231,44,233114
23238,0.00023,172.31.46.0-255,66,25297,44,233114
23239,0.000236,172.217.194.0-255,5364,30661,44,233114
23240,0.000238,172.31.46.0-255,66,30727,44,233114
23241,0.000243,172.217.194.0-255,4320,35047,44,233114
23242,0.000244,172.31.46.0-255,66,35113,44,233114
23243,0.000272,172.217.194.0-255,1484,36597,44,233114
23244,0.000274,172.31.46.0-255,66,36663,44,233114
23245,0.000301,172.217.194.0-255,6515,43178,44,233114
23246,0.000304,172.31.46.0-255,66,43244,44,233114
23247,0.000618,172.217.194.0-255,1484,44728,44,233114
23248,0.000625,172.217.194.0-255,2902,47630,44,233114
23249,0.000628,172.31.46.0-255,66,47696,44,233114
23250,0.000633,172.217.194.0-255,2902,50598,44,233114
23251,0.000635,172.31.46.0-255,66,50664,44,233114
23252,0.000655,172.217.194.0-255,2902,53566,44,233114
23253,0.000661,172.31.46.0-255,66,53632,44,233114
23254,0.000674,172.217.194.0-255,4320,57952,44,233114
23255,0.00068,172.31.46.0-255,66,58018,44,233114
23256,0.000706,172.31.46.0-255,66,58084,44,233114
23257,0.000717,172.31.46.0-255,66,58150,44,233114
23258,0.000719,172.217.194.0-255,766,58916,44,233114
23259,0.000983,172.217.194.0-255,1484,60400,44,233114
23260,0.000987,172.31.46.0-255,66,60466,44,233114
23261,0.000991,172.217.194.0-255,2902,63368,44,233114
23262,0.000993,172.31.46.0-255,66,63434,44,233114
23263,0.001026,172.217.194.0-255,5738,69172,44,233114
23264,0.001028,172.31.46.0-255,66,69238,44,233114
23265,0.001033,172.217.194.0-255,4320,73558,44,233114
23266,0.001035,172.31.46.0-255,66,73624,44,233114
23267,0.001076,172.31.46.0-255,66,73690,44,233114
23268,0.001086,172.31.46.0-255,66,73756,44,233114
23269,0.001137,172.217.194.0-255,2184,75940,44,233114
23270,0.001139,172.31.46.0-255,66,76006,44,233114
23271,0.001143,172.217.194.0-255,2902,78908,44,233114
23272,0.001144,172.31.46.0-255,66,78974,44,233114
23273,0.00115,172.217.194.0-255,7156,86130,44,233114
23274,0.001156,172.31.46.0-255,66,86196,44,233114
23275,0.001161,172.217.194.0-255,4320,90516,44,233114
23276,0.001163,172.31.46.0-255,66,90582,44,233114
23277,0.001205,172.31.46.0-255,66,90648,44,233114
23278,0.001211,172.217.194.0-255,6438,97086,44,233114
23279,0.001213,172.31.46.0-255,66,97152,44,233114
23280,0.001464,172.217.194.0-255,1484,98636,44,233114
23281,0.001469,172.217.194.0-255,2902,101538,44,233114
23282,0.001472,172.31.46.0-255,66,101604,44,233114
23283,0.001476,172.217.194.0-255,1484,103088,44,233114
23284,0.001501,172.217.194.0-255,4320,107408,44,233114
23285,0.001503,172.31.46.0-255,66,107474,44,233114
23286,0.00151,172.217.194.0-255,7156,114630,44,233114
23287,0.001511,172.31.46.0-255,66,114696,44,233114
23288,0.001541,172.217.194.0-255,5738,120434,44,233114
23289,0.001544,172.31.46.0-255,66,120500,44,233114
23290,0.001546,172.217.194.0-255,1484,121984,44,233114
23291,0.001549,172.217.194.0-255,1484,123468,44,233114
23292,0.00155,172.31.46.0-255,66,123534,44,233114
23293,0.001592,172.31.46.0-255,66,123600,44,233114
23294,0.001606,172.31.46.0-255,66,123666,44,233114
23295,0.001632,172.217.194.0-255,7156,130822,44,233114
23296,0.001634,172.31.46.0-255,66,130888,44,233114
23297,0.001654,172.31.46.0-255,66,130954,44,233114
23298,0.001664,172.31.46.0-255,66,131020,44,233114
23299,0.001667,172.217.194.0-255,1484,132504,44,233114
23300,0.001702,172.31.46.0-255,66,132570,44,233114
23301,0.001724,172.217.194.0-255,2184,134754,44,233114
23302,0.001727,172.31.46.0-255,66,134820,44,233114
23303,0.001999,172.217.194.0-255,1484,136304,44,233114
23304,0.002004,172.217.194.0-255,2902,139206,44,233114
23305,0.002007,172.31.46.0-255,66,139272,44,233114
23306,0.002032,172.217.194.0-255,5738,145010,44,233114
23307,0.002034,172.31.46.0-255,66,145076,44,233114
23308,0.002036,172.217.194.0-255,1484,146560,44,233114
23309,0.002068,172.31.46.0-255,66,146626,44,233114
23310,0.002091,172.217.194.0-255,2902,149528,44,233114
23311,0.002094,172.31.46.0-255,66,149594,44,233114
23312,0.002133,172.31.46.0-255,66,149660,44,233114
23313,0.002139,172.217.194.0-255,7156,156816,44,233114
23314,0.002141,172.31.46.0-255,66,156882,44,233114
23315,0.004201,172.217.194.0-255,5738,162620,44,233114
23316,0.004207,172.31.46.0-255,66,162686,44,233114
23317,0.006296,172.217.194.0-255,5738,168424,44,233114
23318,0.0063,172.31.46.0-255,66,168490,44,233114
23319,0.008401,172.217.194.0-255,5738,174228,44,233114
23320,0.008408,172.31.46.0-255,66,174294,44,233114
23321,0.010476,172.217.194.0-255,5738,180032,44,233114
23322,0.010482,172.31.46.0-255,66,180098,44,233114
23323,0.012589,172.217.194.0-255,5738,185836,44,233114
23324,0.012597,172.31.46.0-255,66,185902,44,233114
23325,0.014703,172.217.194.0-255,5738,191640,44,233114
23326,0.01471,172.31.46.0-255,66,191706,44,233114
23327,0.016747,172.217.194.0-255,5738,197444,44,233114
23328,0.016758,172.31.46.0-255,66,197510,44,233114
23329,0.018816,172.217.194.0-255,5738,203248,44,233114
23330,0.018824,172.31.46.0-255,66,203314,44,233114
23331,0.020933,172.217.194.0-255,5738,209052,44,233114
23332,0.020943,172.31.46.0-255,66,209118,44,233114
23333,0.023001,172.217.194.0-255,5738,214856,44,233114
23334,0.023006,172.31.46.0-255,66,214922,44,233114
23335,0.025076,172.217.194.0-255,5738,220660,44,233114
23336,0.025082,172.31.46.0-255,66,220726,44,233114
23337,0.027165,172.217.194.0-255,2892,223618,44,233114
23338,0.027169,172.31.46.0-255,66,223684,44,233114
23339,0.027328,172.31.46.0-255,105,223789,44,233114
23340,0.029415,172.217.194.0-255,66,223855,44,233114
23341,0.040563,172.31.46.0-255,172,224027,44,233114
23342,0.040601,172.31.46.0-255,1114,225141,44,233114
23343,0.040678,172.31.46.0-255,1514,226655,44,233114
23344,0.04068,172.31.46.0-255,1514,228169,44,233114
23345,0.040685,172.31.46.0-255,1514,229683,44,233114
23346,0.040687,172.31.46.0-255,1514,231197,44,233114
23347,0.040704,172.31.46.0-255,1514,232711,44,233114
23348,0.040706,172.31.46.0-255,73,232784,44,233114
23349,0.042084,104.244.42.0-255,66,232850,44,233114
23350,0.042107,104.244.42.0-255,66,232916,44,233114
23351,0.042191,104.244.42.0-255,66,232982,44,233114
23352,0.042243,104.244.42.0-255,66,233048,44,233114
23353,0.042249,104.244.42.0-255,66,233114,44,233114
23354,0.0,172.217.194.0-255,146,146,44,196204
23355,3.4e-05,172.31.46.0-255,66,212,44,196204
23356,4.1e-05,172.217.194.0-255,1484,1696,44,196204
23357,4.5e-05,172.31.46.0-255,66,1762,44,196204
23358,5.7e-05,172.217.194.0-255,2902,4664,44,196204
23359,6e-05,172.31.46.0-255,66,4730,44,196204
23360,6.8e-05,172.217.194.0-255,7156,11886,44,196204
23361,7.1e-05,172.31.46.0-255,66,11952,44,196204
23362,0.000101,172.217.194.0-255,2084,14036,44,196204
23363,0.000105,172.31.46.0-255,66,14102,44,196204
23364,0.000549,172.217.194.0-255,1484,15586,44,196204
23365,0.000557,172.31.46.0-255,66,15652,44,196204
23366,0.000563,172.217.194.0-255,2902,18554,44,196204
23367,0.000566,172.31.46.0-255,66,18620,44,196204
23368,0.000578,172.217.194.0-255,5738,24358,44,196204
23369,0.00058,172.31.46.0-255,66,24424,44,196204
23370,0.000585,172.217.194.0-255,2902,27326,44,196204
23371,0.000587,172.31.46.0-255,66,27392,44,196204
23372,0.000618,172.217.194.0-255,2902,30294,44,196204
23373,0.000627,172.31.46.0-255,66,30360,44,196204
23374,0.00065,172.217.194.0-255,1484,31844,44,196204
23375,0.000657,172.31.46.0-255,66,31910,44,196204
23376,0.000666,172.217.194.0-255,4320,36230,44,196204
23377,0.000676,172.31.46.0-255,66,36296,44,196204
23378,0.000716,172.31.46.0-255,66,36362,44,196204
23379,0.000734,172.31.46.0-255,66,36428,44,196204
23380,0.00076,172.217.194.0-255,5738,42166,44,196204
23381,0.000764,172.31.46.0-255,66,42232,44,196204
23382,0.000797,172.217.194.0-255,5020,47252,44,196204
23383,0.000799,172.217.194.0-255,390,47642,44,196204
23384,0.000801,172.217.194.0-255,1484,49126,44,196204
23385,0.000803,172.31.46.0-255,66,49192,44,196204
23386,0.000808,172.31.46.0-255,66,49258,44,196204
23387,0.000832,172.217.194.0-255,4320,53578,44,196204
23388,0.000835,172.31.46.0-255,66,53644,44,196204
23389,0.000844,172.217.194.0-255,2902,56546,44,196204
23390,0.000847,172.31.46.0-255,66,56612,44,196204
23391,0.000887,172.217.194.0-255,7156,63768,44,196204
23392,0.000891,172.31.46.0-255,66,63834,44,196204
23393,0.000908,172.31.46.0-255,66,63900,44,196204
23394,0.000925,172.217.194.0-255,1484,65384,44,196204
23395,0.000932,172.217.194.0-255,6438,71822,44,196204
23396,0.000935,172.31.46.0-255,66,71888,44,196204
23397,0.000947,172.217.194.0-255,1484,73372,44,196204
23398,0.000957,172.217.194.0-255,2902,76274,44,196204
23399,0.00096,172.31.46.0-255,66,76340,44,196204
23400,0.000966,172.217.194.0-255,5738,82078,44,196204
23401,0.000968,172.31.46.0-255,66,82144,44,196204
23402,0.000973,172.217.194.0-255,4320,86464,44,196204
23403,0.000976,172.31.46.0-255,66,86530,44,196204
23404,0.001023,172.31.46.0-255,66,86596,44,196204
23405,0.001027,172.217.194.0-255,1484,88080,44,196204
23406,0.001032,172.217.194.0-255,4320,92400,44,196204
23407,0.001034,172.31.46.0-255,66,92466,44,196204
23408,0.001058,172.217.194.0-255,6438,98904,44,196204
23409,0.001062,172.31.46.0-255,66,98970,44,196204
23410,0.001075,172.31.46.0-255,66,99036,44,196204
23411,0.00113,172.31.46.0-255,66,99102,44,196204
23412,0.001141,172.31.46.0-255,66,99168,44,196204
23413,0.001161,172.31.46.0-255,66,99234,44,196204
23414,0.001174,172.31.46.0-255,66,99300,44,196204
23415,0.001203,172.217.194.0-255,2902,102202,44,196204
23416,0.001208,172.31.46.0-255,66,102268,44,196204
23417,0.001222,172.217.194.0-255,4320,106588,44,196204
23418,0.00123,172.31.46.0-255,66,106654,44,196204
23419,0.001241,172.31.46.0-255,66,106720,44,196204
23420,0.001299,172.31.46.0-255,66,106786,44,196204
23421,0.001336,172.31.46.0-255,66,106852,44,196204
23422,0.001353,172.31.46.0-255,66,106918,44,196204
23423,0.001401,172.217.194.0-255,4320,111238,44,196204
23424,0.001404,172.31.46.0-255,66,111304,44,196204
23425,0.001441,172.31.46.0-255,66,111370,44,196204
23426,0.001468,172.217.194.0-255,1484,112854,44,196204
23427,0.001473,172.217.194.0-255,2902,115756,44,196204
23428,0.001476,172.31.46.0-255,66,115822,44,196204
23429,0.001508,172.217.194.0-255,5738,121560,44,196204
23430,0.001513,172.31.46.0-255,66,121626,44,196204
23431,0.001535,172.217.194.0-255,5738,127364,44,196204
23432,0.001539,172.31.46.0-255,66,127430,44,196204
23433,0.001581,172.217.194.0-255,7156,134586,44,196204
23434,0.001585,172.31.46.0-255,66,134652,44,196204
23435,0.00162,172.31.46.0-255,66,134718,44,196204
23436,0.00165,172.217.194.0-255,2184,136902,44,196204
23437,0.001654,172.31.46.0-255,66,136968,44,196204
23438,0.001704,172.217.194.0-255,1484,138452,44,196204
23439,0.00171,172.217.194.0-255,2902,141354,44,196204
23440,0.001715,172.31.46.0-255,66,141420,44,196204
23441,0.001747,172.217.194.0-255,5738,147158,44,196204
23442,0.001751,172.31.46.0-255,66,147224,44,196204
23443,0.00179,172.31.46.0-255,66,147290,44,196204
23444,0.001822,172.217.194.0-255,4320,151610,44,196204
23445,0.001826,172.31.46.0-255,66,151676,44,196204
23446,0.001838,172.31.46.0-255,66,151742,44,196204
23447,0.001868,172.217.194.0-255,2184,153926,44,196204
23448,0.001871,172.31.46.0-255,66,153992,44,196204
23449,0.001962,172.217.194.0-255,1484,155476,44,196204
23450,0.001967,172.217.194.0-255,2902,158378,44,196204
23451,0.001971,172.31.46.0-255,66,158444,44,196204
23452,0.001975,172.217.194.0-255,1484,159928,44,196204
23453,0.002005,172.217.194.0-255,4320,164248,44,196204
23454,0.002008,172.31.46.0-255,66,164314,44,196204
23455,0.002013,172.217.194.0-255,2902,167216,44,196204
23456,0.002015,172.31.46.0-255,66,167282,44,196204
23457,0.002038,172.217.194.0-255,4320,171602,44,196204
23458,0.002041,172.31.46.0-255,66,171668,44,196204
23459,0.002073,172.217.194.0-255,5738,177406,44,196204
23460,0.002078,172.31.46.0-255,66,177472,44,196204
23461,0.002088,172.31.46.0-255,66,177538,44,196204
23462,0.002101,172.217.194.0-255,7156,184694,44,196204
23463,0.002104,172.31.46.0-255,66,184760,44,196204
23464,0.002147,172.31.46.0-255,66,184826,44,196204
23465,0.002151,172.217.194.0-255,1589,186415,44,196204
23466,0.002153,172.31.46.0-255,66,186481,44,196204
23467,0.002156,172.217.194.0-255,105,186586,44,196204
23468,0.003679,172.31.46.0-255,66,186652,44,196204
23469,0.003711,172.31.46.0-255,105,186757,44,196204
23470,0.006001,172.217.194.0-255,66,186823,44,196204
23471,0.039706,172.31.46.0-255,188,187011,44,196204
23472,0.039738,172.31.46.0-255,955,187966,44,196204
23473,0.039787,172.31.46.0-255,1514,189480,44,196204
23474,0.039788,172.31.46.0-255,1514,190994,44,196204
23475,0.039793,172.31.46.0-255,1514,192508,44,196204
23476,0.039794,172.31.46.0-255,1514,194022,44,196204
23477,0.039821,172.31.46.0-255,1514,195536,44,196204
23478,0.039822,172.31.46.0-255,230,195766,44,196204
23479,0.041265,104.244.42.0-255,66,195832,44,196204
23480,0.041277,104.244.42.0-255,66,195898,44,196204
23481,0.041358,104.244.42.0-255,66,195964,44,196204
23482,0.041362,104.244.42.0-255,66,196030,44,196204
23483,0.042233,104.244.42.0-255,108,196138,44,196204
23484,0.042257,172.31.46.0-255,66,196204,44,196204
23485,0.0,172.217.194.0-255,150,150,44,240749
23486,1.9e-05,172.31.46.0-255,66,216,44,240749
23487,2.6e-05,172.217.194.0-255,1484,1700,44,240749
23488,3.1e-05,172.31.46.0-255,66,1766,44,240749
23489,3.8e-05,172.217.194.0-255,2902,4668,44,240749
23490,4.2e-05,172.31.46.0-255,66,4734,44,240749
23491,5e-05,172.217.194.0-255,7156,11890,44,240749
23492,5.3e-05,172.31.46.0-255,66,11956,44,240749
23493,5.7e-05,172.217.194.0-255,2042,13998,44,240749
23494,6.1e-05,172.31.46.0-255,66,14064,44,240749
23495,9.6e-05,172.217.194.0-255,5738,19802,44,240749
23496,9.9e-05,172.31.46.0-255,66,19868,44,240749
23497,0.000113,172.217.194.0-255,4320,24188,44,240749
23498,0.000115,172.31.46.0-255,66,24254,44,240749
23499,0.000137,172.217.194.0-255,2902,27156,44,240749
23500,0.000139,172.31.46.0-255,66,27222,44,240749
23501,0.00016,172.217.194.0-255,3961,31183,44,240749
23502,0.000163,172.31.46.0-255,66,31249,44,240749
23503,0.000201,172.217.194.0-255,1484,32733,44,240749
23504,0.000204,172.31.46.0-255,66,32799,44,240749
23505,0.000223,172.217.194.0-255,2902,35701,44,240749
23506,0.000226,172.31.46.0-255,66,35767,44,240749
23507,0.000232,172.217.194.0-255,5738,41505,44,240749
23508,0.000234,172.31.46.0-255,66,41571,44,240749
23509,0.000238,172.217.194.0-255,2902,44473,44,240749
23510,0.00024,172.31.46.0-255,66,44539,44,240749
23511,0.000259,172.217.194.0-255,3961,48500,44,240749
23512,0.000261,172.31.46.0-255,66,48566,44,240749
23513,0.000265,172.217.194.0-255,1484,50050,44,240749
23514,0.000266,172.31.46.0-255,66,50116,44,240749
23515,0.0003,172.31.46.0-255,66,50182,44,240749
23516,0.000304,172.217.194.0-255,2797,52979,44,240749
23517,0.000306,172.31.46.0-255,66,53045,44,240749
23518,0.000332,172.217.194.0-255,432,53477,44,240749
23519,0.000477,172.217.194.0-255,1484,54961,44,240749
23520,0.000481,172.31.46.0-255,66,55027,44,240749
23521,0.000487,172.217.194.0-255,2902,57929,44,240749
23522,0.00049,172.31.46.0-255,66,57995,44,240749
23523,0.000494,172.217.194.0-255,2902,60897,44,240749
23524,0.000496,172.31.46.0-255,66,60963,44,240749
23525,0.000517,172.217.194.0-255,2902,63865,44,240749
23526,0.00052,172.31.46.0-255,66,63931,44,240749
23527,0.000522,172.217.194.0-255,1484,65415,44,240749
23528,0.000558,172.31.46.0-255,66,65481,44,240749
23529,0.000571,172.31.46.0-255,66,65547,44,240749
23530,0.000597,172.217.194.0-255,1484,67031,44,240749
23531,0.000601,172.217.194.0-255,1484,68515,44,240749
23532,0.000603,172.31.46.0-255,66,68581,44,240749
23533,0.000623,172.217.194.0-255,1484,70065,44,240749
23534,0.00063,172.217.194.0-255,5738,75803,44,240749
23535,0.000632,172.31.46.0-255,66,75869,44,240749
23536,0.000643,172.31.46.0-255,66,75935,44,240749
23537,0.000657,172.217.194.0-255,4320,80255,44,240749
23538,0.00066,172.31.46.0-255,66,80321,44,240749
23539,0.00067,172.31.46.0-255,66,80387,44,240749
23540,0.000725,172.217.194.0-255,6438,86825,44,240749
23541,0.000729,172.31.46.0-255,66,86891,44,240749
23542,0.000736,172.217.194.0-255,7156,94047,44,240749
23543,0.000738,172.31.46.0-255,66,94113,44,240749
23544,0.000784,172.31.46.0-255,66,94179,44,240749
23545,0.000791,172.217.194.0-255,6438,100617,44,240749
23546,0.000794,172.31.46.0-255,66,100683,44,240749
23547,0.000907,172.217.194.0-255,1484,102167,44,240749
23548,0.000913,172.217.194.0-255,2902,105069,44,240749
23549,0.000917,172.31.46.0-255,66,105135,44,240749
23550,0.000941,172.217.194.0-255,5738,110873,44,240749
23551,0.000944,172.31.46.0-255,66,110939,44,240749
23552,0.000969,172.217.194.0-255,7156,118095,44,240749
23553,0.000971,172.31.46.0-255,66,118161,44,240749
23554,0.000986,172.217.194.0-255,5738,123899,44,240749
23555,0.000989,172.31.46.0-255,66,123965,44,240749
23556,0.00104,172.31.46.0-255,66,124031,44,240749
23557,0.001073,172.217.194.0-255,5738,129769,44,240749
23558,0.001077,172.31.46.0-255,66,129835,44,240749
23559,0.001102,172.217.194.0-255,4320,134155,44,240749
23560,0.001105,172.31.46.0-255,66,134221,44,240749
23561,0.001118,172.31.46.0-255,66,134287,44,240749
23562,0.001132,172.31.46.0-255,66,134353,44,240749
23563,0.00116,172.217.194.0-255,7156,141509,44,240749
23564,0.001163,172.31.46.0-255,66,141575,44,240749
23565,0.001179,172.217.194.0-255,5738,147313,44,240749
23566,0.001182,172.31.46.0-255,66,147379,44,240749
23567,0.001199,172.31.46.0-255,66,147445,44,240749
23568,0.001259,172.31.46.0-255,66,147511,44,240749
23569,0.001272,172.31.46.0-255,66,147577,44,240749
23570,0.001279,172.217.194.0-255,5379,152956,44,240749
23571,0.001281,172.31.46.0-255,66,153022,44,240749
23572,0.001287,172.217.194.0-255,5738,158760,44,240749
23573,0.00129,172.31.46.0-255,66,158826,44,240749
23574,0.001319,172.217.194.0-255,2902,161728,44,240749
23575,0.001322,172.31.46.0-255,66,161794,44,240749
23576,0.001349,172.31.46.0-255,66,161860,44,240749
23577,0.001369,172.217.194.0-255,7156,169016,44,240749
23578,0.001371,172.31.46.0-255,66,169082,44,240749
23579,0.001399,172.217.194.0-255,4320,173402,44,240749
23580,0.001402,172.31.46.0-255,66,173468,44,240749
23581,0.001408,172.217.194.0-255,5379,178847,44,240749
23582,0.001411,172.31.46.0-255,66,178913,44,240749
23583,0.001911,172.217.194.0-255,1484,180397,44,240749
23584,0.00192,172.217.194.0-255,2902,183299,44,240749
23585,0.001924,172.31.46.0-255,66,183365,44,240749
23586,0.001928,172.217.194.0-255,1484,184849,44,240749
23587,0.001945,172.217.194.0-255,4320,189169,44,240749
23588,0.001947,172.31.46.0-255,66,189235,44,240749
23589,0.001988,172.217.194.0-255,7156,196391,44,240749
23590,0.001991,172.31.46.0-255,66,196457,44,240749
23591,0.001999,172.217.194.0-255,7156,203613,44,240749
23592,0.002002,172.31.46.0-255,66,203679,44,240749
23593,0.002044,172.217.194.0-255,5738,209417,44,240749
23594,0.002048,172.31.46.0-255,66,209483,44,240749
23595,0.002066,172.217.194.0-255,3602,213085,44,240749
23596,0.002068,172.31.46.0-255,66,213151,44,240749
23597,0.00209,172.31.46.0-255,66,213217,44,240749
23598,0.00211,172.217.194.0-255,1484,214701,44,240749
23599,0.002118,172.217.194.0-255,7156,221857,44,240749
23600,0.002145,172.217.194.0-255,7156,229013,44,240749
23601,0.002178,172.217.194.0-255,2204,231217,44,240749
23602,0.002203,172.217.194.0-255,105,231322,44,240749
23603,0.005273,172.31.46.0-255,66,231388,44,240749
23604,0.008082,172.31.46.0-255,105,231493,44,240749
23605,0.010347,172.217.194.0-255,66,231559,44,240749
23606,0.037492,172.31.46.0-255,172,231731,44,240749
23607,0.037525,172.31.46.0-255,1114,232845,44,240749
23608,0.037594,172.31.46.0-255,1514,234359,44,240749
23609,0.037596,172.31.46.0-255,1514,235873,44,240749
23610,0.037602,172.31.46.0-255,1514,237387,44,240749
23611,0.037604,172.31.46.0-255,1514,238901,44,240749
23612,0.037623,172.31.46.0-255,1514,240415,44,240749
23613,0.037629,172.31.46.0-255,70,240485,44,240749
23614,0.039036,104.244.42.0-255,66,240551,44,240749
23615,0.039152,104.244.42.0-255,66,240617,44,240749
23616,0.039198,104.244.42.0-255,66,240683,44,240749
23617,0.03922,104.244.42.0-255,66,240749,44,240749
23618,0.0,172.217.194.0-255,153,153,44,203476
23619,2.2e-05,172.31.46.0-255,66,219,44,203476
23620,2.8e-05,172.217.194.0-255,1484,1703,44,203476
23621,3.3e-05,172.31.46.0-255,66,1769,44,203476
23622,3.8e-05,172.217.194.0-255,2902,4671,44,203476
23623,4.1e-05,172.31.46.0-255,66,4737,44,203476
23624,4.8e-05,172.217.194.0-255,7156,11893,44,203476
23625,5.1e-05,172.31.46.0-255,66,11959,44,203476
23626,8.1e-05,172.217.194.0-255,2056,14015,44,203476
23627,8.3e-05,172.31.46.0-255,66,14081,44,203476
23628,0.000108,172.217.194.0-255,1484,15565,44,203476
23629,0.000111,172.31.46.0-255,66,15631,44,203476
23630,0.000132,172.217.194.0-255,2902,18533,44,203476
23631,0.000134,172.31.46.0-255,66,18599,44,203476
23632,0.000141,172.217.194.0-255,5738,24337,44,203476
23633,0.000144,172.31.46.0-255,66,24403,44,203476
23634,0.000179,172.217.194.0-255,6797,31200,44,203476
23635,0.000182,172.31.46.0-255,66,31266,44,203476
23636,0.000344,172.217.194.0-255,1484,32750,44,203476
23637,0.000349,172.31.46.0-255,66,32816,44,203476
23638,0.000355,172.217.194.0-255,2902,35718,44,203476
23639,0.000357,172.31.46.0-255,66,35784,44,203476
23640,0.000376,172.217.194.0-255,1484,37268,44,203476
23641,0.000378,172.31.46.0-255,66,37334,44,203476
23642,0.000398,172.217.194.0-255,4320,41654,44,203476
23643,0.0004,172.31.46.0-255,66,41720,44,203476
23644,0.000464,172.217.194.0-255,2902,44622,44,203476
23645,0.000468,172.31.46.0-255,66,44688,44,203476
23646,0.000488,172.217.194.0-255,3961,48649,44,203476
23647,0.000491,172.31.46.0-255,66,48715,44,203476
23648,0.000607,172.217.194.0-255,1484,50199,44,203476
23649,0.000611,172.31.46.0-255,66,50265,44,203476
23650,0.000626,172.217.194.0-255,2902,53167,44,203476
23651,0.000629,172.31.46.0-255,66,53233,44,203476
23652,0.000631,172.217.194.0-255,1484,54717,44,203476
23653,0.000653,172.217.194.0-255,4320,59037,44,203476
23654,0.000657,172.31.46.0-255,66,59103,44,203476
23655,0.000686,172.217.194.0-255,1484,60587,44,203476
23656,0.000717,172.31.46.0-255,66,60653,44,203476
23657,0.000728,172.31.46.0-255,66,60719,44,203476
23658,0.000732,172.217.194.0-255,3961,64680,44,203476
23659,0.000734,172.31.46.0-255,66,64746,44,203476
23660,0.000766,172.217.194.0-255,4320,69066,44,203476
23661,0.00077,172.31.46.0-255,66,69132,44,203476
23662,0.000783,172.217.194.0-255,1484,70616,44,203476
23663,0.000801,172.217.194.0-255,4320,74936,44,203476
23664,0.000803,172.31.46.0-255,66,75002,44,203476
23665,0.000823,172.217.194.0-255,2902,77904,44,203476
23666,0.000825,172.31.46.0-255,66,77970,44,203476
23667,0.000845,172.217.194.0-255,3961,81931,44,203476
23668,0.000848,172.31.46.0-255,66,81997,44,203476
23669,0.000901,172.217.194.0-255,1484,83481,44,203476
23670,0.00092,172.217.194.0-255,2902,86383,44,203476
23671,0.000923,172.31.46.0-255,66,86449,44,203476
23672,0.000927,172.217.194.0-255,4320,90769,44,203476
23673,0.000929,172.31.46.0-255,66,90835,44,203476
23674,0.000948,172.217.194.0-255,1484,92319,44,203476
23675,0.000953,172.217.194.0-255,5738,98057,44,203476
23676,0.000956,172.31.46.0-255,66,98123,44,203476
23677,0.00097,172.217.194.0-255,1111,99234,44,203476
23678,0.001149,172.217.194.0-255,1484,100718,44,203476
23679,0.001153,172.31.46.0-255,66,100784,44,203476
23680,0.001157,172.217.194.0-255,2902,103686,44,203476
23681,0.001159,172.31.46.0-255,66,103752,44,203476
23682,0.001163,172.217.194.0-255,1484,105236,44,203476
23683,0.001179,172.217.194.0-255,4320,109556,44,203476
23684,0.001181,172.31.46.0-255,66,109622,44,203476
23685,0.001192,172.217.194.0-255,1484,111106,44,203476
23686,0.001213,172.31.46.0-255,66,111172,44,203476
23687,0.001232,172.217.194.0-255,1484,112656,44,203476
23688,0.00127,172.31.46.0-255,66,112722,44,203476
23689,0.001404,172.217.194.0-255,1484,114206,44,203476
23690,0.001409,172.217.194.0-255,2902,117108,44,203476
23691,0.001412,172.31.46.0-255,66,117174,44,203476
23692,0.001415,172.217.194.0-255,1484,118658,44,203476
23693,0.001436,172.217.194.0-255,4320,122978,44,203476
23694,0.001439,172.31.46.0-255,66,123044,44,203476
23695,0.001448,172.31.46.0-255,66,123110,44,203476
23696,0.001461,172.217.194.0-255,4320,127430,44,203476
23697,0.001463,172.31.46.0-255,66,127496,44,203476
23698,0.001495,172.217.194.0-255,2902,130398,44,203476
23699,0.001497,172.31.46.0-255,66,130464,44,203476
23700,0.001518,172.217.194.0-255,6824,137288,44,203476
23701,0.00152,172.31.46.0-255,66,137354,44,203476
23702,0.001527,172.217.194.0-255,7156,144510,44,203476
23703,0.001529,172.31.46.0-255,66,144576,44,203476
23704,0.001553,172.217.194.0-255,2902,147478,44,203476
23705,0.001555,172.31.46.0-255,66,147544,44,203476
23706,0.001595,172.31.46.0-255,66,147610,44,203476
23707,0.00163,172.31.46.0-255,66,147676,44,203476
23708,0.001636,172.217.194.0-255,5020,152696,44,203476
23709,0.001638,172.31.46.0-255,66,152762,44,203476
23710,0.002041,172.217.194.0-255,1484,154246,44,203476
23711,0.002047,172.217.194.0-255,2902,157148,44,203476
23712,0.00205,172.31.46.0-255,66,157214,44,203476
23713,0.002061,172.217.194.0-255,1484,158698,44,203476
23714,0.002075,172.217.194.0-255,4320,163018,44,203476
23715,0.002077,172.31.46.0-255,66,163084,44,203476
23716,0.00208,172.217.194.0-255,1484,164568,44,203476
23717,0.002107,172.31.46.0-255,66,164634,44,203476
23718,0.002122,172.31.46.0-255,66,164700,44,203476
23719,0.002169,172.217.194.0-255,1484,166184,44,203476
23720,0.002172,172.217.194.0-255,1484,167668,44,203476
23721,0.002174,172.31.46.0-255,66,167734,44,203476
23722,0.002194,172.217.194.0-255,1484,169218,44,203476
23723,0.0022,172.217.194.0-255,5738,174956,44,203476
23724,0.002202,172.31.46.0-255,66,175022,44,203476
23725,0.002208,172.217.194.0-255,5738,180760,44,203476
23726,0.00221,172.31.46.0-255,66,180826,44,203476
23727,0.002255,172.31.46.0-255,66,180892,44,203476
23728,0.002259,172.217.194.0-255,2902,183794,44,203476
23729,0.002261,172.31.46.0-255,66,183860,44,203476
23730,0.002296,172.31.46.0-255,66,183926,44,203476
23731,0.002308,172.31.46.0-255,66,183992,44,203476
23732,0.002323,172.217.194.0-255,2902,186894,44,203476
23733,0.002325,172.31.46.0-255,66,186960,44,203476
23734,0.002328,172.217.194.0-255,1484,188444,44,203476
23735,0.002364,172.31.46.0-255,66,188510,44,203476
23736,0.00241,172.31.46.0-255,66,188576,44,203476
23737,0.002438,172.31.46.0-255,66,188642,44,203476
23738,0.00244,172.217.194.0-255,766,189408,44,203476
23739,0.002455,172.217.194.0-255,4320,193728,44,203476
23740,0.002458,172.31.46.0-255,66,193794,44,203476
23741,0.002501,172.31.46.0-255,66,193860,44,203476
23742,0.002517,172.31.46.0-255,66,193926,44,203476
23743,0.002519,172.217.194.0-255,105,194031,44,203476
23744,0.010033,172.31.46.0-255,66,194097,44,203476
23745,0.01008,172.31.46.0-255,105,194202,44,203476
23746,0.012715,172.217.194.0-255,66,194268,44,203476
23747,0.037084,172.31.46.0-255,190,194458,44,203476
23748,0.03712,172.31.46.0-255,1114,195572,44,203476
23749,0.037189,172.31.46.0-255,1514,197086,44,203476
23750,0.037191,172.31.46.0-255,1514,198600,44,203476
23751,0.037192,172.31.46.0-255,1514,200114,44,203476
23752,0.037193,172.31.46.0-255,1514,201628,44,203476
23753,0.037221,172.31.46.0-255,1514,203142,44,203476
23754,0.037223,172.31.46.0-255,70,203212,44,203476
23755,0.0386,104.244.42.0-255,66,203278,44,203476
23756,0.0387,104.244.42.0-255,66,203344,44,203476
23757,0.038762,104.244.42.0-255,66,203410,44,203476
23758,0.038781,104.244.42.0-255,66,203476,44,203476
23759,0.0,74.125.24.0-255,153,153,44,178157
23760,2.2e-05,172.31.46.0-255,66,219,44,178157
23761,2.9e-05,74.125.24.0-255,1484,1703,44,178157
23762,3.4e-05,172.31.46.0-255,66,1769,44,178157
23763,4.2e-05,74.125.24.0-255,2902,4671,44,178157
23764,5.5e-05,172.31.46.0-255,66,4737,44,178157
23765,6.1e-05,74.125.24.0-255,5738,10475,44,178157
23766,6.4e-05,172.31.46.0-255,66,10541,44,178157
23767,0.000115,172.31.46.0-255,66,10607,44,178157
23768,0.000119,74.125.24.0-255,1484,12091,44,178157
23769,0.000121,172.31.46.0-255,66,12157,44,178157
23770,0.000153,74.125.24.0-255,5379,17536,44,178157
23771,0.000156,172.31.46.0-255,66,17602,44,178157
23772,0.00022,74.125.24.0-255,1484,19086,44,178157
23773,0.000224,172.31.46.0-255,66,19152,44,178157
23774,0.000247,74.125.24.0-255,2902,22054,44,178157
23775,0.000249,172.31.46.0-255,66,22120,44,178157
23776,0.000256,74.125.24.0-255,5738,27858,44,178157
23777,0.000258,172.31.46.0-255,66,27924,44,178157
23778,0.000297,172.31.46.0-255,66,27990,44,178157
23779,0.0003,74.125.24.0-255,1484,29474,44,178157
23780,0.000302,172.31.46.0-255,66,29540,44,178157
23781,0.000337,74.125.24.0-255,7156,36696,44,178157
23782,0.000341,172.31.46.0-255,66,36762,44,178157
23783,0.000352,74.125.24.0-255,6797,43559,44,178157
23784,0.000355,172.31.46.0-255,66,43625,44,178157
23785,0.002482,74.125.24.0-255,646,44271,44,178157
23786,0.00249,172.31.46.0-255,66,44337,44,178157
23787,0.002529,74.125.24.0-255,1484,45821,44,178157
23788,0.002532,172.31.46.0-255,66,45887,44,178157
23789,0.002551,74.125.24.0-255,2902,48789,44,178157
23790,0.002553,172.31.46.0-255,66,48855,44,178157
23791,0.004551,74.125.24.0-255,1484,50339,44,178157
23792,0.004596,74.125.24.0-255,2902,53241,44,178157
23793,0.004599,172.31.46.0-255,66,53307,44,178157
23794,0.004626,74.125.24.0-255,1484,54791,44,178157
23795,0.006686,74.125.24.0-255,4320,59111,44,178157
23796,0.006692,172.31.46.0-255,66,59177,44,178157
23797,0.008779,74.125.24.0-255,5738,64915,44,178157
23798,0.008788,172.31.46.0-255,66,64981,44,178157
23799,0.010828,74.125.24.0-255,5738,70719,44,178157
23800,0.010836,172.31.46.0-255,66,70785,44,178157
23801,0.012887,74.125.24.0-255,5738,76523,44,178157
23802,0.012894,172.31.46.0-255,66,76589,44,178157
23803,0.014951,74.125.24.0-255,5738,82327,44,178157
23804,0.01496,172.31.46.0-255,66,82393,44,178157
23805,0.017059,74.125.24.0-255,5738,88131,44,178157
23806,0.017067,172.31.46.0-255,66,88197,44,178157
23807,0.019162,74.125.24.0-255,5738,93935,44,178157
23808,0.01917,172.31.46.0-255,66,94001,44,178157
23809,0.021258,74.125.24.0-255,5738,99739,44,178157
23810,0.021265,172.31.46.0-255,66,99805,44,178157
23811,0.023339,74.125.24.0-255,5738,105543,44,178157
23812,0.023348,172.31.46.0-255,66,105609,44,178157
23813,0.025402,74.125.24.0-255,2902,108511,44,178157
23814,0.02541,172.31.46.0-255,66,108577,44,178157
23815,0.025443,74.125.24.0-255,2902,111479,44,178157
23816,0.025446,172.31.46.0-255,66,111545,44,178157
23817,0.02745,74.125.24.0-255,2902,114447,44,178157
23818,0.027459,172.31.46.0-255,66,114513,44,178157
23819,0.027503,74.125.24.0-255,2902,117415,44,178157
23820,0.027506,172.31.46.0-255,66,117481,44,178157
23821,0.02954,74.125.24.0-255,2902,120383,44,178157
23822,0.029549,172.31.46.0-255,66,120449,44,178157
23823,0.029599,74.125.24.0-255,2902,123351,44,178157
23824,0.029603,172.31.46.0-255,66,123417,44,178157
23825,0.031646,74.125.24.0-255,2902,126319,44,178157
23826,0.031655,172.31.46.0-255,66,126385,44,178157
23827,0.031698,74.125.24.0-255,2902,129287,44,178157
23828,0.031701,172.31.46.0-255,66,129353,44,178157
23829,0.033739,74.125.24.0-255,2902,132255,44,178157
23830,0.033748,172.31.46.0-255,66,132321,44,178157
23831,0.033771,74.125.24.0-255,1484,133805,44,178157
23832,0.03379,74.125.24.0-255,1484,135289,44,178157
23833,0.033793,172.31.46.0-255,66,135355,44,178157
23834,0.034918,172.31.46.0-255,164,135519,44,178157
23835,0.03495,172.31.46.0-255,1118,136637,44,178157
23836,0.035013,172.31.46.0-255,562,137199,44,178157
23837,0.035807,74.125.24.0-255,2902,140101,44,178157
23838,0.035814,172.31.46.0-255,66,140167,44,178157
23839,0.035846,74.125.24.0-255,2902,143069,44,178157
23840,0.035849,172.31.46.0-255,66,143135,44,178157
23841,0.036472,104.244.42.0-255,66,143201,44,178157
23842,0.03648,104.244.42.0-255,66,143267,44,178157
23843,0.036543,104.244.42.0-255,66,143333,44,178157
23844,0.037914,74.125.24.0-255,5738,149071,44,178157
23845,0.037925,172.31.46.0-255,66,149137,44,178157
23846,0.040025,74.125.24.0-255,5738,154875,44,178157
23847,0.040033,172.31.46.0-255,66,154941,44,178157
23848,0.04207,74.125.24.0-255,5738,160679,44,178157
23849,0.042081,172.31.46.0-255,66,160745,44,178157
23850,0.044161,74.125.24.0-255,5738,166483,44,178157
23851,0.04417,172.31.46.0-255,66,166549,44,178157
23852,0.046253,74.125.24.0-255,5738,172287,44,178157
23853,0.046262,172.31.46.0-255,66,172353,44,178157
23854,0.048336,74.125.24.0-255,5738,178091,44,178157
23855,0.048344,172.31.46.0-255,66,178157,44,178157
23856,0.0,74.125.68.0-255,153,153,44,280861
23857,2.5e-05,172.31.46.0-255,66,219,44,280861
23858,3.2e-05,74.125.68.0-255,1484,1703,44,280861
23859,3.7e-05,172.31.46.0-255,66,1769,44,280861
23860,5e-05,74.125.68.0-255,2902,4671,44,280861
23861,5.3e-05,172.31.46.0-255,66,4737,44,280861
23862,5.9e-05,74.125.68.0-255,4320,9057,44,280861
23863,6.1e-05,172.31.46.0-255,66,9123,44,280861
23864,0.000108,74.125.68.0-255,4906,14029,44,280861
23865,0.000111,172.31.46.0-255,66,14095,44,280861
23866,0.000127,74.125.68.0-255,5738,19833,44,280861
23867,0.000134,172.31.46.0-255,66,19899,44,280861
23868,0.000138,74.125.68.0-255,2902,22801,44,280861
23869,0.000141,172.31.46.0-255,66,22867,44,280861
23870,0.000146,74.125.68.0-255,2902,25769,44,280861
23871,0.000148,172.31.46.0-255,66,25835,44,280861
23872,0.000179,74.125.68.0-255,1484,27319,44,280861
23873,0.000181,172.31.46.0-255,66,27385,44,280861
23874,0.000191,74.125.68.0-255,3961,31346,44,280861
23875,0.000194,172.31.46.0-255,66,31412,44,280861
23876,0.000234,74.125.68.0-255,4320,35732,44,280861
23877,0.000236,172.31.46.0-255,66,35798,44,280861
23878,0.00024,74.125.68.0-255,1484,37282,44,280861
23879,0.000241,172.31.46.0-255,66,37348,44,280861
23880,0.000275,74.125.68.0-255,4320,41668,44,280861
23881,0.000278,172.31.46.0-255,66,41734,44,280861
23882,0.000317,74.125.68.0-255,2902,44636,44,280861
23883,0.000319,172.31.46.0-255,66,44702,44,280861
23884,0.000342,74.125.68.0-255,3961,48663,44,280861
23885,0.000345,172.31.46.0-255,66,48729,44,280861
23886,0.000686,74.125.68.0-255,1484,50213,44,280861
23887,0.000692,172.31.46.0-255,66,50279,44,280861
23888,0.000699,74.125.68.0-255,2902,53181,44,280861
23889,0.000701,172.31.46.0-255,66,53247,44,280861
23890,0.000704,74.125.68.0-255,1484,54731,44,280861
23891,0.000739,74.125.68.0-255,1484,56215,44,280861
23892,0.000742,172.31.46.0-255,66,56281,44,280861
23893,0.000748,74.125.68.0-255,4320,60601,44,280861
23894,0.00075,172.31.46.0-255,66,60667,44,280861
23895,0.000779,74.125.68.0-255,5379,66046,44,280861
23896,0.000781,172.31.46.0-255,66,66112,44,280861
23897,0.000784,74.125.68.0-255,647,66759,44,280861
23898,0.001177,172.31.46.0-255,66,66825,44,280861
23899,0.001552,74.125.68.0-255,1484,68309,44,280861
23900,0.001584,74.125.68.0-255,1484,69793,44,280861
23901,0.001589,172.31.46.0-255,66,69859,44,280861
23902,0.001594,74.125.68.0-255,1484,71343,44,280861
23903,0.001619,74.125.68.0-255,1484,72827,44,280861
23904,0.001621,172.31.46.0-255,66,72893,44,280861
23905,0.001628,74.125.68.0-255,5738,78631,44,280861
23906,0.00163,172.31.46.0-255,66,78697,44,280861
23907,0.001642,74.125.68.0-255,7156,85853,44,280861
23908,0.001644,172.31.46.0-255,66,85919,44,280861
23909,0.001668,74.125.68.0-255,1484,87403,44,280861
23910,0.001694,74.125.68.0-255,7156,94559,44,280861
23911,0.001696,172.31.46.0-255,66,94625,44,280861
23912,0.001722,74.125.68.0-255,2902,97527,44,280861
23913,0.001724,172.31.46.0-255,66,97593,44,280861
23914,0.001748,74.125.68.0-255,3602,101195,44,280861
23915,0.00175,172.31.46.0-255,66,101261,44,280861
23916,0.001874,74.125.68.0-255,1484,102745,44,280861
23917,0.001894,74.125.68.0-255,2902,105647,44,280861
23918,0.001898,172.31.46.0-255,66,105713,44,280861
23919,0.001921,74.125.68.0-255,5738,111451,44,280861
23920,0.001923,172.31.46.0-255,66,111517,44,280861
23921,0.001957,74.125.68.0-255,7156,118673,44,280861
23922,0.00196,172.31.46.0-255,66,118739,44,280861
23923,0.002001,172.31.46.0-255,66,118805,44,280861
23924,0.002027,74.125.68.0-255,3602,122407,44,280861
23925,0.00203,172.31.46.0-255,66,122473,44,280861
23926,0.002074,74.125.68.0-255,1484,123957,44,280861
23927,0.00208,74.125.68.0-255,2902,126859,44,280861
23928,0.002082,172.31.46.0-255,66,126925,44,280861
23929,0.002105,74.125.68.0-255,4320,131245,44,280861
23930,0.002109,172.31.46.0-255,66,131311,44,280861
23931,0.002138,74.125.68.0-255,1484,132795,44,280861
23932,0.002145,74.125.68.0-255,5738,138533,44,280861
23933,0.002147,172.31.46.0-255,66,138599,44,280861
23934,0.00218,74.125.68.0-255,2902,141501,44,280861
23935,0.002182,172.31.46.0-255,66,141567,44,280861
23936,0.002212,74.125.68.0-255,4320,145887,44,280861
23937,0.002215,172.31.46.0-255,66,145953,44,280861
23938,0.002218,74.125.68.0-255,1484,147437,44,280861
23939,0.002248,74.125.68.0-255,7156,154593,44,280861
23940,0.002251,172.31.46.0-255,66,154659,44,280861
23941,0.002255,74.125.68.0-255,2184,156843,44,280861
23942,0.002257,172.31.46.0-255,66,156909,44,280861
23943,0.00455,74.125.68.0-255,5738,162647,44,280861
23944,0.004567,172.31.46.0-255,66,162713,44,280861
23945,0.006887,74.125.68.0-255,5738,168451,44,280861
23946,0.006896,172.31.46.0-255,66,168517,44,280861
23947,0.00919,74.125.68.0-255,5738,174255,44,280861
23948,0.009204,172.31.46.0-255,66,174321,44,280861
23949,0.011511,74.125.68.0-255,5738,180059,44,280861
23950,0.011524,172.31.46.0-255,66,180125,44,280861
23951,0.013824,74.125.68.0-255,5738,185863,44,280861
23952,0.01384,172.31.46.0-255,66,185929,44,280861
23953,0.016173,74.125.68.0-255,5738,191667,44,280861
23954,0.016188,172.31.46.0-255,66,191733,44,280861
23955,0.018516,74.125.68.0-255,4320,196053,44,280861
23956,0.018528,172.31.46.0-255,66,196119,44,280861
23957,0.018563,74.125.68.0-255,1484,197603,44,280861
23958,0.020828,74.125.68.0-255,4320,201923,44,280861
23959,0.020842,172.31.46.0-255,66,201989,44,280861
23960,0.023132,74.125.68.0-255,5738,207727,44,280861
23961,0.023138,172.31.46.0-255,66,207793,44,280861
23962,0.02544,74.125.68.0-255,5738,213531,44,280861
23963,0.025456,172.31.46.0-255,66,213597,44,280861
23964,0.027828,74.125.68.0-255,5738,219335,44,280861
23965,0.027845,172.31.46.0-255,66,219401,44,280861
23966,0.030142,74.125.68.0-255,5738,225139,44,280861
23967,0.030151,172.31.46.0-255,66,225205,44,280861
23968,0.032574,74.125.68.0-255,5738,230943,44,280861
23969,0.032588,172.31.46.0-255,66,231009,44,280861
23970,0.034898,74.125.68.0-255,5738,236747,44,280861
23971,0.034914,172.31.46.0-255,66,236813,44,280861
23972,0.037021,172.31.46.0-255,164,236977,44,280861
23973,0.037056,172.31.46.0-255,1123,238100,44,280861
23974,0.037129,172.31.46.0-255,1514,239614,44,280861
23975,0.03713,172.31.46.0-255,1514,241128,44,280861
23976,0.037132,172.31.46.0-255,1514,242642,44,280861
23977,0.037133,172.31.46.0-255,1514,244156,44,280861
23978,0.037134,172.31.46.0-255,1509,245665,44,280861
23979,0.037229,74.125.68.0-255,5738,251403,44,280861
23980,0.037237,172.31.46.0-255,66,251469,44,280861
23981,0.038558,104.244.42.0-255,66,251535,44,280861
23982,0.038588,104.244.42.0-255,66,251601,44,280861
23983,0.038704,104.244.42.0-255,66,251667,44,280861
23984,0.039527,74.125.68.0-255,5738,257405,44,280861
23985,0.039536,172.31.46.0-255,66,257471,44,280861
23986,0.039565,104.244.42.0-255,108,257579,44,280861
23987,0.039568,172.31.46.0-255,66,257645,44,280861
23988,0.041833,74.125.68.0-255,5738,263383,44,280861
23989,0.041841,172.31.46.0-255,66,263449,44,280861
23990,0.044136,74.125.68.0-255,5738,269187,44,280861
23991,0.044143,172.31.46.0-255,66,269253,44,280861
23992,0.046434,74.125.68.0-255,5738,274991,44,280861
23993,0.046442,172.31.46.0-255,66,275057,44,280861
23994,0.048732,74.125.68.0-255,5738,280795,44,280861
23995,0.048738,172.31.46.0-255,66,280861,44,280861
23996,0.0,172.217.194.0-255,146,146,44,242612
23997,2.2e-05,172.31.46.0-255,66,212,44,242612
23998,2.9e-05,172.217.194.0-255,1484,1696,44,242612
23999,3.3e-05,172.31.46.0-255,66,1762,44,242612
24000,3.9e-05,172.217.194.0-255,2902,4664,44,242612
24001,4.2e-05,172.31.46.0-255,66,4730,44,242612
24002,4.9e-05,172.217.194.0-255,5738,10468,44,242612
24003,5.2e-05,172.31.46.0-255,66,10534,44,242612
24004,8.7e-05,172.217.194.0-255,3528,14062,44,242612
24005,8.9e-05,172.31.46.0-255,66,14128,44,242612
24006,0.00012,172.217.194.0-255,2902,17030,44,242612
24007,0.000123,172.31.46.0-255,66,17096,44,242612
24008,0.000143,172.217.194.0-255,1484,18580,44,242612
24009,0.000145,172.31.46.0-255,66,18646,44,242612
24010,0.000152,172.217.194.0-255,5738,24384,44,242612
24011,0.000154,172.31.46.0-255,66,24450,44,242612
24012,0.000159,172.217.194.0-255,4320,28770,44,242612
24013,0.000161,172.31.46.0-255,66,28836,44,242612
24014,0.000182,172.31.46.0-255,66,28902,44,242612
24015,0.000189,172.217.194.0-255,7156,36058,44,242612
24016,0.000192,172.31.46.0-255,66,36124,44,242612
24017,0.000216,172.217.194.0-255,3961,40085,44,242612
24018,0.000219,172.31.46.0-255,66,40151,44,242612
24019,0.000269,172.217.194.0-255,1484,41635,44,242612
24020,0.000272,172.31.46.0-255,66,41701,44,242612
24021,0.000277,172.217.194.0-255,2902,44603,44,242612
24022,0.000279,172.31.46.0-255,66,44669,44,242612
24023,0.00029,172.217.194.0-255,1484,46153,44,242612
24024,0.000292,172.31.46.0-255,66,46219,44,242612
24025,0.000306,172.217.194.0-255,4320,50539,44,242612
24026,0.000309,172.31.46.0-255,66,50605,44,242612
24027,0.000337,172.31.46.0-255,66,50671,44,242612
24028,0.000364,172.217.194.0-255,5738,56409,44,242612
24029,0.000367,172.31.46.0-255,66,56475,44,242612
24030,0.000386,172.217.194.0-255,2902,59377,44,242612
24031,0.000388,172.31.46.0-255,66,59443,44,242612
24032,0.000399,172.31.46.0-255,66,59509,44,242612
24033,0.000463,172.31.46.0-255,66,59575,44,242612
24034,0.000865,172.217.194.0-255,1484,61059,44,242612
24035,0.00087,172.217.194.0-255,2902,63961,44,242612
24036,0.000877,172.31.46.0-255,66,64027,44,242612
24037,0.000892,172.217.194.0-255,5738,69765,44,242612
24038,0.000894,172.31.46.0-255,66,69831,44,242612
24039,0.000898,172.217.194.0-255,1484,71315,44,242612
24040,0.00093,172.217.194.0-255,7156,78471,44,242612
24041,0.000933,172.31.46.0-255,66,78537,44,242612
24042,0.000965,172.217.194.0-255,7156,85693,44,242612
24043,0.000968,172.31.46.0-255,66,85759,44,242612
24044,0.000997,172.31.46.0-255,66,85825,44,242612
24045,0.001024,172.217.194.0-255,1484,87309,44,242612
24046,0.001043,172.217.194.0-255,2902,90211,44,242612
24047,0.001049,172.217.194.0-255,5738,95949,44,242612
24048,0.001053,172.31.46.0-255,66,96015,44,242612
24049,0.001056,172.31.46.0-255,66,96081,44,242612
24050,0.001078,172.217.194.0-255,7156,103237,44,242612
24051,0.001081,172.31.46.0-255,66,103303,44,242612
24052,0.001106,172.217.194.0-255,5738,109041,44,242612
24053,0.001109,172.31.46.0-255,66,109107,44,242612
24054,0.001123,172.31.46.0-255,66,109173,44,242612
24055,0.001219,172.217.194.0-255,1484,110657,44,242612
24056,0.001224,172.217.194.0-255,2902,113559,44,242612
24057,0.001227,172.31.46.0-255,66,113625,44,242612
24058,0.001249,172.217.194.0-255,5738,119363,44,242612
24059,0.001251,172.31.46.0-255,66,119429,44,242612
24060,0.001257,172.217.194.0-255,4320,123749,44,242612
24061,0.001259,172.31.46.0-255,66,123815,44,242612
24062,0.001299,172.31.46.0-255,66,123881,44,242612
24063,0.001332,172.31.46.0-255,66,123947,44,242612
24064,0.001726,172.217.194.0-255,1484,125431,44,242612
24065,0.001732,172.217.194.0-255,2902,128333,44,242612
24066,0.001735,172.31.46.0-255,66,128399,44,242612
24067,0.00174,172.217.194.0-255,2902,131301,44,242612
24068,0.001742,172.31.46.0-255,66,131367,44,242612
24069,0.001758,172.217.194.0-255,2902,134269,44,242612
24070,0.00176,172.31.46.0-255,66,134335,44,242612
24071,0.001766,172.217.194.0-255,4320,138655,44,242612
24072,0.001768,172.31.46.0-255,66,138721,44,242612
24073,0.001799,172.31.46.0-255,66,138787,44,242612
24074,0.001803,172.217.194.0-255,2902,141689,44,242612
24075,0.001805,172.31.46.0-255,66,141755,44,242612
24076,0.001849,172.31.46.0-255,66,141821,44,242612
24077,0.001855,172.217.194.0-255,4320,146141,44,242612
24078,0.001858,172.31.46.0-255,66,146207,44,242612
24079,0.001877,172.217.194.0-255,7156,153363,44,242612
24080,0.001881,172.31.46.0-255,66,153429,44,242612
24081,0.001899,172.217.194.0-255,4320,157749,44,242612
24082,0.001902,172.31.46.0-255,66,157815,44,242612
24083,0.001936,172.31.46.0-255,66,157881,44,242612
24084,0.002223,172.217.194.0-255,1484,159365,44,242612
24085,0.002227,172.217.194.0-255,1484,160849,44,242612
24086,0.002231,172.31.46.0-255,66,160915,44,242612
24087,0.002249,172.217.194.0-255,1484,162399,44,242612
24088,0.002252,172.217.194.0-255,1484,163883,44,242612
24089,0.002255,172.31.46.0-255,66,163949,44,242612
24090,0.002283,172.217.194.0-255,4320,168269,44,242612
24091,0.002297,172.31.46.0-255,66,168335,44,242612
24092,0.002304,172.31.46.0-255,66,168401,44,242612
24093,0.002317,172.31.46.0-255,66,168467,44,242612
24094,0.00234,172.217.194.0-255,1484,169951,44,242612
24095,0.002383,172.31.46.0-255,66,170017,44,242612
24096,0.002398,172.31.46.0-255,66,170083,44,242612
24097,0.002402,172.217.194.0-255,2902,172985,44,242612
24098,0.002405,172.31.46.0-255,66,173051,44,242612
24099,0.002429,172.217.194.0-255,6438,179489,44,242612
24100,0.002432,172.31.46.0-255,66,179555,44,242612
24101,0.004814,172.217.194.0-255,4320,183875,44,242612
24102,0.00482,172.31.46.0-255,66,183941,44,242612
24103,0.004838,172.217.194.0-255,1484,185425,44,242612
24104,0.007183,172.217.194.0-255,4320,189745,44,242612
24105,0.007185,172.31.46.0-255,66,189811,44,242612
24106,0.009554,172.217.194.0-255,5738,195549,44,242612
24107,0.009561,172.31.46.0-255,66,195615,44,242612
24108,0.011934,172.217.194.0-255,5738,201353,44,242612
24109,0.011942,172.31.46.0-255,66,201419,44,242612
24110,0.014296,172.217.194.0-255,5738,207157,44,242612
24111,0.014303,172.31.46.0-255,66,207223,44,242612
24112,0.016664,172.217.194.0-255,5738,212961,44,242612
24113,0.016671,172.31.46.0-255,66,213027,44,242612
24114,0.019043,172.217.194.0-255,5738,218765,44,242612
24115,0.019052,172.31.46.0-255,66,218831,44,242612
24116,0.021428,172.217.194.0-255,5738,224569,44,242612
24117,0.021439,172.31.46.0-255,66,224635,44,242612
24118,0.0238,172.217.194.0-255,5738,230373,44,242612
24119,0.023807,172.31.46.0-255,66,230439,44,242612
24120,0.026191,172.217.194.0-255,3980,234419,44,242612
24121,0.026197,172.31.46.0-255,66,234485,44,242612
24122,0.026346,172.31.46.0-255,105,234590,44,242612
24123,0.028678,172.217.194.0-255,66,234656,44,242612
24124,0.039185,172.31.46.0-255,166,234822,44,242612
24125,0.03922,172.31.46.0-255,1138,235960,44,242612
24126,0.039301,172.31.46.0-255,1514,237474,44,242612
24127,0.039304,172.31.46.0-255,1514,238988,44,242612
24128,0.039305,172.31.46.0-255,1514,240502,44,242612
24129,0.039306,172.31.46.0-255,1514,242016,44,242612
24130,0.039332,172.31.46.0-255,332,242348,44,242612
24131,0.040772,104.244.42.0-255,66,242414,44,242612
24132,0.040782,104.244.42.0-255,66,242480,44,242612
24133,0.040872,104.244.42.0-255,66,242546,44,242612
24134,0.040878,104.244.42.0-255,66,242612,44,242612
24135,0.0,74.125.130.0-255,147,147,44,308954
24136,1.4e-05,172.31.46.0-255,66,213,44,308954
24137,2e-05,74.125.130.0-255,1484,1697,44,308954
24138,2.4e-05,172.31.46.0-255,66,1763,44,308954
24139,2.9e-05,74.125.130.0-255,2902,4665,44,308954
24140,3.2e-05,172.31.46.0-255,66,4731,44,308954
24141,3.9e-05,74.125.130.0-255,5738,10469,44,308954
24142,4.1e-05,172.31.46.0-255,66,10535,44,308954
24143,7.8e-05,172.31.46.0-255,66,10601,44,308954
24144,9.7e-05,74.125.130.0-255,1484,12085,44,308954
24145,9.9e-05,172.31.46.0-255,66,12151,44,308954
24146,0.000126,172.31.46.0-255,66,12217,44,308954
24147,0.000129,74.125.130.0-255,1125,13342,44,308954
24148,0.000131,172.31.46.0-255,66,13408,44,308954
24149,0.000446,74.125.130.0-255,1484,14892,44,308954
24150,0.000452,172.31.46.0-255,66,14958,44,308954
24151,0.000456,74.125.130.0-255,1484,16442,44,308954
24152,0.000458,172.31.46.0-255,66,16508,44,308954
24153,0.000473,74.125.130.0-255,1484,17992,44,308954
24154,0.000475,172.31.46.0-255,66,18058,44,308954
24155,0.000481,74.125.130.0-255,4320,22378,44,308954
24156,0.000484,172.31.46.0-255,66,22444,44,308954
24157,0.000489,74.125.130.0-255,4320,26764,44,308954
24158,0.000491,172.31.46.0-255,66,26830,44,308954
24159,0.000516,74.125.130.0-255,4320,31150,44,308954
24160,0.000519,172.31.46.0-255,66,31216,44,308954
24161,0.000536,74.125.130.0-255,1484,32700,44,308954
24162,0.000538,172.31.46.0-255,66,32766,44,308954
24163,0.000569,172.31.46.0-255,66,32832,44,308954
24164,0.000773,74.125.130.0-255,647,33479,44,308954
24165,0.000822,74.125.130.0-255,1484,34963,44,308954
24166,0.000826,172.31.46.0-255,66,35029,44,308954
24167,0.000856,74.125.130.0-255,2902,37931,44,308954
24168,0.000861,74.125.130.0-255,2902,40833,44,308954
24169,0.000865,172.31.46.0-255,66,40899,44,308954
24170,0.000875,74.125.130.0-255,1484,42383,44,308954
24171,0.000893,74.125.130.0-255,2902,45285,44,308954
24172,0.000896,172.31.46.0-255,66,45351,44,308954
24173,0.000943,74.125.130.0-255,7156,52507,44,308954
24174,0.000975,74.125.130.0-255,4320,56827,44,308954
24175,0.00099,74.125.130.0-255,1484,58311,44,308954
24176,0.000996,172.31.46.0-255,66,58377,44,308954
24177,0.001006,74.125.130.0-255,766,59143,44,308954
24178,0.001228,74.125.130.0-255,1484,60627,44,308954
24179,0.001232,172.31.46.0-255,66,60693,44,308954
24180,0.001237,74.125.130.0-255,2902,63595,44,308954
24181,0.001241,74.125.130.0-255,1484,65079,44,308954
24182,0.001256,74.125.130.0-255,4320,69399,44,308954
24183,0.001264,172.31.46.0-255,66,69465,44,308954
24184,0.001289,74.125.130.0-255,5738,75203,44,308954
24185,0.001308,74.125.130.0-255,4320,79523,44,308954
24186,0.001318,172.31.46.0-255,66,79589,44,308954
24187,0.001376,172.31.46.0-255,66,79655,44,308954
24188,0.001394,74.125.130.0-255,4320,83975,44,308954
24189,0.001396,74.125.130.0-255,1484,85459,44,308954
24190,0.001407,172.31.46.0-255,66,85525,44,308954
24191,0.001413,74.125.130.0-255,4320,89845,44,308954
24192,0.00144,74.125.130.0-255,5738,95583,44,308954
24193,0.001454,74.125.130.0-255,1484,97067,44,308954
24194,0.001465,172.31.46.0-255,66,97133,44,308954
24195,0.001468,74.125.130.0-255,766,97899,44,308954
24196,0.001482,74.125.130.0-255,1484,99383,44,308954
24197,0.001501,74.125.130.0-255,4320,103703,44,308954
24198,0.001535,172.31.46.0-255,66,103769,44,308954
24199,0.00154,172.31.46.0-255,66,103835,44,308954
24200,0.001549,74.125.130.0-255,2902,106737,44,308954
24201,0.001572,74.125.130.0-255,7156,113893,44,308954
24202,0.001584,172.31.46.0-255,66,113959,44,308954
24203,0.001601,74.125.130.0-255,7156,121115,44,308954
24204,0.001615,74.125.130.0-255,4320,125435,44,308954
24205,0.001622,172.31.46.0-255,66,125501,44,308954
24206,0.001637,74.125.130.0-255,4320,129821,44,308954
24207,0.00165,172.31.46.0-255,66,129887,44,308954
24208,0.001668,172.31.46.0-255,66,129953,44,308954
24209,0.001684,74.125.130.0-255,2902,132855,44,308954
24210,0.001709,172.31.46.0-255,66,132921,44,308954
24211,0.001906,74.125.130.0-255,1484,134405,44,308954
24212,0.001928,74.125.130.0-255,2902,137307,44,308954
24213,0.001932,74.125.130.0-255,2902,140209,44,308954
24214,0.001938,172.31.46.0-255,66,140275,44,308954
24215,0.001948,74.125.130.0-255,4320,144595,44,308954
24216,0.001953,172.31.46.0-255,66,144661,44,308954
24217,0.001962,74.125.130.0-255,2902,147563,44,308954
24218,0.001977,74.125.130.0-255,5738,153301,44,308954
24219,0.001996,74.125.130.0-255,5738,159039,44,308954
24220,0.002009,172.31.46.0-255,66,159105,44,308954
24221,0.002051,172.31.46.0-255,66,159171,44,308954
24222,0.002207,74.125.130.0-255,1484,160655,44,308954
24223,0.002211,74.125.130.0-255,1484,162139,44,308954
24224,0.002214,172.31.46.0-255,101,162240,44,308954
24225,0.002224,74.125.130.0-255,1484,163724,44,308954
24226,0.002228,74.125.130.0-255,2902,166626,44,308954
24227,0.00225,74.125.130.0-255,2902,169528,44,308954
24228,0.002255,74.125.130.0-255,4320,173848,44,308954
24229,0.002267,74.125.130.0-255,1484,175332,44,308954
24230,0.002269,74.125.130.0-255,1484,176816,44,308954
24231,0.002294,74.125.130.0-255,5738,182554,44,308954
24232,0.002299,74.125.130.0-255,4320,186874,44,308954
24233,0.004039,172.31.46.0-255,66,186940,44,308954
24234,0.004444,74.125.130.0-255,66,187006,44,308954
24235,0.00631,74.125.130.0-255,5738,192744,44,308954
24236,0.006315,172.31.46.0-255,66,192810,44,308954
24237,0.008561,74.125.130.0-255,4320,197130,44,308954
24238,0.008568,172.31.46.0-255,66,197196,44,308954
24239,0.00859,74.125.130.0-255,1484,198680,44,308954
24240,0.010815,74.125.130.0-255,4320,203000,44,308954
24241,0.010824,172.31.46.0-255,66,203066,44,308954
24242,0.013079,74.125.130.0-255,5738,208804,44,308954
24243,0.013087,172.31.46.0-255,66,208870,44,308954
24244,0.015336,74.125.130.0-255,5738,214608,44,308954
24245,0.015344,172.31.46.0-255,66,214674,44,308954
24246,0.017621,74.125.130.0-255,5738,220412,44,308954
24247,0.017632,172.31.46.0-255,66,220478,44,308954
24248,0.019886,74.125.130.0-255,5738,226216,44,308954
24249,0.019894,172.31.46.0-255,66,226282,44,308954
24250,0.022139,74.125.130.0-255,5738,232020,44,308954
24251,0.022145,172.31.46.0-255,66,232086,44,308954
24252,0.024404,74.125.130.0-255,5738,237824,44,308954
24253,0.024412,172.31.46.0-255,66,237890,44,308954
24254,0.026666,74.125.130.0-255,5738,243628,44,308954
24255,0.026674,172.31.46.0-255,66,243694,44,308954
24256,0.028935,74.125.130.0-255,5738,249432,44,308954
24257,0.028942,172.31.46.0-255,66,249498,44,308954
24258,0.031184,74.125.130.0-255,5738,255236,44,308954
24259,0.031192,172.31.46.0-255,66,255302,44,308954
24260,0.033482,74.125.130.0-255,5738,261040,44,308954
24261,0.033492,172.31.46.0-255,66,261106,44,308954
24262,0.035754,74.125.130.0-255,5738,266844,44,308954
24263,0.035763,172.31.46.0-255,66,266910,44,308954
24264,0.03687,172.31.46.0-255,172,267082,44,308954
24265,0.036917,172.31.46.0-255,1109,268191,44,308954
24266,0.036979,172.31.46.0-255,1514,269705,44,308954
24267,0.036981,172.31.46.0-255,1514,271219,44,308954
24268,0.036982,172.31.46.0-255,1514,272733,44,308954
24269,0.036987,172.31.46.0-255,1514,274247,44,308954
24270,0.036988,172.31.46.0-255,1514,275761,44,308954
24271,0.036989,172.31.46.0-255,75,275836,44,308954
24272,0.038029,74.125.130.0-255,5738,281574,44,308954
24273,0.038035,172.31.46.0-255,66,281640,44,308954
24274,0.038447,104.244.42.0-255,66,281706,44,308954
24275,0.038492,104.244.42.0-255,66,281772,44,308954
24276,0.038553,104.244.42.0-255,66,281838,44,308954
24277,0.038559,104.244.42.0-255,66,281904,44,308954
24278,0.040293,74.125.130.0-255,5738,287642,44,308954
24279,0.040301,172.31.46.0-255,66,287708,44,308954
24280,0.042553,74.125.130.0-255,5738,293446,44,308954
24281,0.04256,172.31.46.0-255,66,293512,44,308954
24282,0.044823,74.125.130.0-255,5738,299250,44,308954
24283,0.044829,172.31.46.0-255,66,299316,44,308954
24284,0.047091,74.125.130.0-255,5738,305054,44,308954
24285,0.047098,172.31.46.0-255,66,305120,44,308954
24286,0.04938,74.125.130.0-255,3663,308783,44,308954
24287,0.04939,172.31.46.0-255,66,308849,44,308954
24288,0.049567,172.31.46.0-255,105,308954,44,308954
24289,0.0,74.125.24.0-255,177,177,44,271986
24290,1.4e-05,172.31.46.0-255,66,243,44,271986
24291,2e-05,74.125.24.0-255,1484,1727,44,271986
24292,2.4e-05,172.31.46.0-255,66,1793,44,271986
24293,3e-05,74.125.24.0-255,2902,4695,44,271986
24294,3.9e-05,172.31.46.0-255,66,4761,44,271986
24295,6.6e-05,74.125.24.0-255,4320,9081,44,271986
24296,6.9e-05,172.31.46.0-255,66,9147,44,271986
24297,7.4e-05,74.125.24.0-255,4927,14074,44,271986
24298,7.6e-05,172.31.46.0-255,66,14140,44,271986
24299,0.000148,74.125.24.0-255,1484,15624,44,271986
24300,0.00015,172.31.46.0-255,66,15690,44,271986
24301,0.000155,74.125.24.0-255,2902,18592,44,271986
24302,0.000157,172.31.46.0-255,66,18658,44,271986
24303,0.00016,74.125.24.0-255,1484,20142,44,271986
24304,0.000161,172.31.46.0-255,66,20208,44,271986
24305,0.000189,74.125.24.0-255,4320,24528,44,271986
24306,0.000192,172.31.46.0-255,66,24594,44,271986
24307,0.000204,74.125.24.0-255,1484,26078,44,271986
24308,0.000205,172.31.46.0-255,66,26144,44,271986
24309,0.000242,74.125.24.0-255,6797,32941,44,271986
24310,0.000245,172.31.46.0-255,66,33007,44,271986
24311,0.000254,172.31.46.0-255,66,33073,44,271986
24312,0.000259,74.125.24.0-255,2902,35975,44,271986
24313,0.000261,172.31.46.0-255,66,36041,44,271986
24314,0.000285,74.125.24.0-255,3961,40002,44,271986
24315,0.000287,172.31.46.0-255,66,40068,44,271986
24316,0.000443,74.125.24.0-255,1484,41552,44,271986
24317,0.000447,172.31.46.0-255,66,41618,44,271986
24318,0.000477,74.125.24.0-255,2902,44520,44,271986
24319,0.00048,172.31.46.0-255,66,44586,44,271986
24320,0.000485,74.125.24.0-255,4320,48906,44,271986
24321,0.000487,172.31.46.0-255,66,48972,44,271986
24322,0.000523,172.31.46.0-255,66,49038,44,271986
24323,0.000594,74.125.24.0-255,1484,50522,44,271986
24324,0.000609,74.125.24.0-255,2902,53424,44,271986
24325,0.000612,172.31.46.0-255,66,53490,44,271986
24326,0.000646,74.125.24.0-255,1484,54974,44,271986
24327,0.000662,74.125.24.0-255,4320,59294,44,271986
24328,0.000665,172.31.46.0-255,66,59360,44,271986
24329,0.000676,172.31.46.0-255,66,59426,44,271986
24330,0.000706,172.31.46.0-255,66,59492,44,271986
24331,0.000728,74.125.24.0-255,2902,62394,44,271986
24332,0.000731,172.31.46.0-255,66,62460,44,271986
24333,0.000733,74.125.24.0-255,1125,63585,44,271986
24334,0.000767,74.125.24.0-255,4320,67905,44,271986
24335,0.000772,172.31.46.0-255,66,67971,44,271986
24336,0.000799,74.125.24.0-255,1484,69455,44,271986
24337,0.000807,74.125.24.0-255,7156,76611,44,271986
24338,0.000809,172.31.46.0-255,66,76677,44,271986
24339,0.000822,172.31.46.0-255,66,76743,44,271986
24340,0.000831,74.125.24.0-255,6438,83181,44,271986
24341,0.000834,172.31.46.0-255,66,83247,44,271986
24342,0.000896,74.125.24.0-255,1484,84731,44,271986
24343,0.000909,74.125.24.0-255,2902,87633,44,271986
24344,0.000915,172.31.46.0-255,66,87699,44,271986
24345,0.000941,74.125.24.0-255,5738,93437,44,271986
24346,0.000944,172.31.46.0-255,66,93503,44,271986
24347,0.000948,74.125.24.0-255,2902,96405,44,271986
24348,0.000949,172.31.46.0-255,66,96471,44,271986
24349,0.000979,172.31.46.0-255,66,96537,44,271986
24350,0.001029,74.125.24.0-255,1484,98021,44,271986
24351,0.00104,74.125.24.0-255,2902,100923,44,271986
24352,0.001043,172.31.46.0-255,66,100989,44,271986
24353,0.001068,74.125.24.0-255,6438,107427,44,271986
24354,0.001071,172.31.46.0-255,66,107493,44,271986
24355,0.002144,74.125.24.0-255,1484,108977,44,271986
24356,0.002153,74.125.24.0-255,2902,111879,44,271986
24357,0.002156,172.31.46.0-255,66,111945,44,271986
24358,0.002162,74.125.24.0-255,4320,116265,44,271986
24359,0.002164,172.31.46.0-255,66,116331,44,271986
24360,0.002181,74.125.24.0-255,1484,117815,44,271986
24361,0.002191,172.31.46.0-255,66,117881,44,271986
24362,0.002216,74.125.24.0-255,2902,120783,44,271986
24363,0.002218,172.31.46.0-255,66,120849,44,271986
24364,0.002223,74.125.24.0-255,4320,125169,44,271986
24365,0.002225,172.31.46.0-255,66,125235,44,271986
24366,0.002233,74.125.24.0-255,6438,131673,44,271986
24367,0.002241,74.125.24.0-255,5738,137411,44,271986
24368,0.002247,74.125.24.0-255,4320,141731,44,271986
24369,0.002252,172.31.46.0-255,66,141797,44,271986
24370,0.002253,172.31.46.0-255,66,141863,44,271986
24371,0.002265,172.31.46.0-255,66,141929,44,271986
24372,0.002269,74.125.24.0-255,2902,144831,44,271986
24373,0.002271,172.31.46.0-255,66,144897,44,271986
24374,0.002311,172.31.46.0-255,66,144963,44,271986
24375,0.002335,74.125.24.0-255,2902,147865,44,271986
24376,0.002337,172.31.46.0-255,66,147931,44,271986
24377,0.0046,74.125.24.0-255,2902,150833,44,271986
24378,0.004608,172.31.46.0-255,66,150899,44,271986
24379,0.004613,74.125.24.0-255,2902,153801,44,271986
24380,0.004616,172.31.46.0-255,66,153867,44,271986
24381,0.00687,74.125.24.0-255,5738,159605,44,271986
24382,0.006875,172.31.46.0-255,66,159671,44,271986
24383,0.009134,74.125.24.0-255,5738,165409,44,271986
24384,0.009139,172.31.46.0-255,66,165475,44,271986
24385,0.011408,74.125.24.0-255,5738,171213,44,271986
24386,0.011415,172.31.46.0-255,66,171279,44,271986
24387,0.013705,74.125.24.0-255,5738,177017,44,271986
24388,0.013713,172.31.46.0-255,66,177083,44,271986
24389,0.01599,74.125.24.0-255,5738,182821,44,271986
24390,0.016,172.31.46.0-255,66,182887,44,271986
24391,0.018253,74.125.24.0-255,5738,188625,44,271986
24392,0.018261,172.31.46.0-255,66,188691,44,271986
24393,0.020538,74.125.24.0-255,5738,194429,44,271986
24394,0.020546,172.31.46.0-255,66,194495,44,271986
24395,0.022819,74.125.24.0-255,5738,200233,44,271986
24396,0.022826,172.31.46.0-255,66,200299,44,271986
24397,0.025104,74.125.24.0-255,5738,206037,44,271986
24398,0.025118,172.31.46.0-255,66,206103,44,271986
24399,0.02736,74.125.24.0-255,5738,211841,44,271986
24400,0.027368,172.31.46.0-255,66,211907,44,271986
24401,0.029633,74.125.24.0-255,5738,217645,44,271986
24402,0.029642,172.31.46.0-255,66,217711,44,271986
24403,0.031914,74.125.24.0-255,5738,223449,44,271986
24404,0.031921,172.31.46.0-255,66,223515,44,271986
24405,0.034181,74.125.24.0-255,5738,229253,44,271986
24406,0.034189,172.31.46.0-255,66,229319,44,271986
24407,0.03516,172.31.46.0-255,176,229495,44,271986
24408,0.035191,172.31.46.0-255,1114,230609,44,271986
24409,0.035254,172.31.46.0-255,1514,232123,44,271986
24410,0.035256,172.31.46.0-255,1514,233637,44,271986
24411,0.035261,172.31.46.0-255,1514,235151,44,271986
24412,0.035262,172.31.46.0-255,1514,236665,44,271986
24413,0.035279,172.31.46.0-255,1514,238179,44,271986
24414,0.03528,172.31.46.0-255,71,238250,44,271986
24415,0.036469,74.125.24.0-255,4320,242570,44,271986
24416,0.036476,172.31.46.0-255,66,242636,44,271986
24417,0.036499,74.125.24.0-255,1484,244120,44,271986
24418,0.036729,104.244.42.0-255,66,244186,44,271986
24419,0.036769,104.244.42.0-255,66,244252,44,271986
24420,0.036828,104.244.42.0-255,66,244318,44,271986
24421,0.036954,104.244.42.0-255,66,244384,44,271986
24422,0.038725,74.125.24.0-255,4320,248704,44,271986
24423,0.038732,172.31.46.0-255,66,248770,44,271986
24424,0.041008,74.125.24.0-255,5738,254508,44,271986
24425,0.041016,172.31.46.0-255,66,254574,44,271986
24426,0.043292,74.125.24.0-255,5738,260312,44,271986
24427,0.0433,172.31.46.0-255,66,260378,44,271986
24428,0.045583,74.125.24.0-255,5738,266116,44,271986
24429,0.045589,172.31.46.0-255,66,266182,44,271986
24430,0.047855,74.125.24.0-255,5738,271920,44,271986
24431,0.047863,172.31.46.0-255,66,271986,44,271986
24432,0.0,104.244.42.0-255,66,66,44,66
24433,0.0,172.253.118.0-255,146,146,44,236771
24434,1.6e-05,172.31.46.0-255,66,212,44,236771
24435,5.2e-05,172.253.118.0-255,1484,1696,44,236771
24436,5.7e-05,172.31.46.0-255,66,1762,44,236771
24437,8.5e-05,172.253.118.0-255,2902,4664,44,236771
24438,8.8e-05,172.31.46.0-255,66,4730,44,236771
24439,9.5e-05,172.253.118.0-255,5738,10468,44,236771
24440,9.7e-05,172.31.46.0-255,66,10534,44,236771
24441,0.000104,172.253.118.0-255,5738,16272,44,236771
24442,0.000107,172.31.46.0-255,66,16338,44,236771
24443,0.000145,172.253.118.0-255,673,17011,44,236771
24444,0.000148,172.31.46.0-255,66,17077,44,236771
24445,0.000162,172.31.46.0-255,66,17143,44,236771
24446,0.000188,172.253.118.0-255,1125,18268,44,236771
24447,0.00019,172.31.46.0-255,66,18334,44,236771
24448,0.000253,172.253.118.0-255,1484,19818,44,236771
24449,0.000256,172.31.46.0-255,66,19884,44,236771
24450,0.000261,172.253.118.0-255,2902,22786,44,236771
24451,0.000263,172.31.46.0-255,66,22852,44,236771
24452,0.000289,172.253.118.0-255,2902,25754,44,236771
24453,0.000292,172.31.46.0-255,66,25820,44,236771
24454,0.000299,172.253.118.0-255,5738,31558,44,236771
24455,0.000301,172.31.46.0-255,66,31624,44,236771
24456,0.000319,172.253.118.0-255,1484,33108,44,236771
24457,0.000326,172.31.46.0-255,66,33174,44,236771
24458,0.000374,172.31.46.0-255,66,33240,44,236771
24459,0.000378,172.253.118.0-255,2902,36142,44,236771
24460,0.00038,172.31.46.0-255,66,36208,44,236771
24461,0.000412,172.253.118.0-255,2543,38751,44,236771
24462,0.000415,172.31.46.0-255,66,38817,44,236771
24463,0.001082,172.253.118.0-255,645,39462,44,236771
24464,0.001333,172.253.118.0-255,1484,40946,44,236771
24465,0.001349,172.31.46.0-255,66,41012,44,236771
24466,0.001356,172.253.118.0-255,2902,43914,44,236771
24467,0.001358,172.31.46.0-255,66,43980,44,236771
24468,0.001362,172.253.118.0-255,2902,46882,44,236771
24469,0.001364,172.31.46.0-255,66,46948,44,236771
24470,0.001395,172.253.118.0-255,2902,49850,44,236771
24471,0.001398,172.31.46.0-255,66,49916,44,236771
24472,0.001412,172.31.46.0-255,66,49982,44,236771
24473,0.001451,172.253.118.0-255,4320,54302,44,236771
24474,0.001454,172.31.46.0-255,66,54368,44,236771
24475,0.001477,172.253.118.0-255,6438,60806,44,236771
24476,0.00148,172.31.46.0-255,66,60872,44,236771
24477,0.001994,172.253.118.0-255,1484,62356,44,236771
24478,0.002,172.253.118.0-255,2902,65258,44,236771
24479,0.002003,172.31.46.0-255,66,65324,44,236771
24480,0.002035,172.253.118.0-255,5738,71062,44,236771
24481,0.002039,172.31.46.0-255,66,71128,44,236771
24482,0.002044,172.253.118.0-255,4320,75448,44,236771
24483,0.002046,172.31.46.0-255,66,75514,44,236771
24484,0.002076,172.253.118.0-255,1484,76998,44,236771
24485,0.002083,172.253.118.0-255,5738,82736,44,236771
24486,0.002085,172.31.46.0-255,66,82802,44,236771
24487,0.002117,172.253.118.0-255,7156,89958,44,236771
24488,0.00212,172.31.46.0-255,66,90024,44,236771
24489,0.002127,172.253.118.0-255,5020,95044,44,236771
24490,0.002129,172.31.46.0-255,66,95110,44,236771
24491,0.00225,172.253.118.0-255,1484,96594,44,236771
24492,0.002269,172.253.118.0-255,2902,99496,44,236771
24493,0.002272,172.31.46.0-255,66,99562,44,236771
24494,0.002276,172.253.118.0-255,1484,101046,44,236771
24495,0.002296,172.253.118.0-255,4320,105366,44,236771
24496,0.002298,172.31.46.0-255,66,105432,44,236771
24497,0.002302,172.253.118.0-255,2902,108334,44,236771
24498,0.002304,172.31.46.0-255,66,108400,44,236771
24499,0.002354,172.31.46.0-255,66,108466,44,236771
24500,0.002359,172.253.118.0-255,4320,112786,44,236771
24501,0.002361,172.31.46.0-255,66,112852,44,236771
24502,0.004693,172.253.118.0-255,5738,118590,44,236771
24503,0.004699,172.31.46.0-255,66,118656,44,236771
24504,0.007043,172.253.118.0-255,5738,124394,44,236771
24505,0.007048,172.31.46.0-255,66,124460,44,236771
24506,0.009397,172.253.118.0-255,5738,130198,44,236771
24507,0.009404,172.31.46.0-255,66,130264,44,236771
24508,0.011761,172.253.118.0-255,5738,136002,44,236771
24509,0.011769,172.31.46.0-255,66,136068,44,236771
24510,0.01412,172.253.118.0-255,5738,141806,44,236771
24511,0.014127,172.31.46.0-255,66,141872,44,236771
24512,0.016492,172.253.118.0-255,5738,147610,44,236771
24513,0.0165,172.31.46.0-255,66,147676,44,236771
24514,0.018855,172.253.118.0-255,5738,153414,44,236771
24515,0.018864,172.31.46.0-255,66,153480,44,236771
24516,0.021218,172.253.118.0-255,5738,159218,44,236771
24517,0.021225,172.31.46.0-255,66,159284,44,236771
24518,0.023597,172.253.118.0-255,5738,165022,44,236771
24519,0.023603,172.31.46.0-255,66,165088,44,236771
24520,0.025943,172.253.118.0-255,5738,170826,44,236771
24521,0.025951,172.31.46.0-255,66,170892,44,236771
24522,0.028315,172.253.118.0-255,5738,176630,44,236771
24523,0.028324,172.31.46.0-255,66,176696,44,236771
24524,0.030682,172.253.118.0-255,5738,182434,44,236771
24525,0.03069,172.31.46.0-255,66,182500,44,236771
24526,0.033046,172.253.118.0-255,5738,188238,44,236771
24527,0.033054,172.31.46.0-255,66,188304,44,236771
24528,0.034694,172.31.46.0-255,172,188476,44,236771
24529,0.034725,172.31.46.0-255,1114,189590,44,236771
24530,0.034792,172.31.46.0-255,1514,191104,44,236771
24531,0.034794,172.31.46.0-255,1514,192618,44,236771
24532,0.034795,172.31.46.0-255,1514,194132,44,236771
24533,0.034796,172.31.46.0-255,1514,195646,44,236771
24534,0.034821,172.31.46.0-255,1514,197160,44,236771
24535,0.034823,172.31.46.0-255,71,197231,44,236771
24536,0.035403,172.253.118.0-255,5738,202969,44,236771
24537,0.035411,172.31.46.0-255,66,203035,44,236771
24538,0.036238,104.244.42.0-255,66,203101,44,236771
24539,0.036333,104.244.42.0-255,66,203167,44,236771
24540,0.036383,104.244.42.0-255,66,203233,44,236771
24541,0.036482,104.244.42.0-255,66,203299,44,236771
24542,0.037746,172.253.118.0-255,4320,207619,44,236771
24543,0.037751,172.31.46.0-255,66,207685,44,236771
24544,0.037774,172.253.118.0-255,1484,209169,44,236771
24545,0.040102,172.253.118.0-255,4320,213489,44,236771
24546,0.040108,172.31.46.0-255,66,213555,44,236771
24547,0.042465,172.253.118.0-255,5738,219293,44,236771
24548,0.042474,172.31.46.0-255,66,219359,44,236771
24549,0.044841,172.253.118.0-255,5738,225097,44,236771
24550,0.044846,172.31.46.0-255,66,225163,44,236771
24551,0.047188,172.253.118.0-255,5738,230901,44,236771
24552,0.047194,172.31.46.0-255,66,230967,44,236771
24553,0.049542,172.253.118.0-255,5738,236705,44,236771
24554,0.049548,172.31.46.0-255,66,236771,44,236771
24555,0.0,74.125.24.0-255,150,150,44,214482
24556,2.3e-05,172.31.46.0-255,66,216,44,214482
24557,3.1e-05,74.125.24.0-255,1484,1700,44,214482
24558,3.5e-05,172.31.46.0-255,66,1766,44,214482
24559,4.2e-05,74.125.24.0-255,2902,4668,44,214482
24560,4.5e-05,172.31.46.0-255,66,4734,44,214482
24561,5.1e-05,74.125.24.0-255,4320,9054,44,214482
24562,5.4e-05,172.31.46.0-255,66,9120,44,214482
24563,8.2e-05,74.125.24.0-255,2902,12022,44,214482
24564,8.6e-05,172.31.46.0-255,66,12088,44,214482
24565,0.000108,74.125.24.0-255,5738,17826,44,214482
24566,0.000111,172.31.46.0-255,66,17892,44,214482
24567,0.000143,172.31.46.0-255,66,17958,44,214482
24568,0.000147,74.125.24.0-255,2543,20501,44,214482
24569,0.000149,172.31.46.0-255,66,20567,44,214482
24570,0.000317,74.125.24.0-255,1484,22051,44,214482
24571,0.000321,172.31.46.0-255,66,22117,44,214482
24572,0.000327,74.125.24.0-255,2902,25019,44,214482
24573,0.00033,172.31.46.0-255,66,25085,44,214482
24574,0.000333,74.125.24.0-255,1484,26569,44,214482
24575,0.000334,172.31.46.0-255,66,26635,44,214482
24576,0.00036,74.125.24.0-255,5738,32373,44,214482
24577,0.000362,172.31.46.0-255,66,32439,44,214482
24578,0.000395,74.125.24.0-255,4320,36759,44,214482
24579,0.000398,172.31.46.0-255,66,36825,44,214482
24580,0.000426,172.31.46.0-255,66,36891,44,214482
24581,0.000444,74.125.24.0-255,2902,39793,44,214482
24582,0.000446,172.31.46.0-255,66,39859,44,214482
24583,0.000465,74.125.24.0-255,5379,45238,44,214482
24584,0.000468,172.31.46.0-255,66,45304,44,214482
24585,0.000478,74.125.24.0-255,392,45696,44,214482
24586,0.000939,74.125.24.0-255,350,46046,44,214482
24587,0.001059,172.31.46.0-255,66,46112,44,214482
24588,0.001176,74.125.24.0-255,1484,47596,44,214482
24589,0.001183,74.125.24.0-255,2902,50498,44,214482
24590,0.001187,172.31.46.0-255,66,50564,44,214482
24591,0.001194,74.125.24.0-255,4320,54884,44,214482
24592,0.001197,172.31.46.0-255,66,54950,44,214482
24593,0.001223,74.125.24.0-255,1484,56434,44,214482
24594,0.001231,74.125.24.0-255,7156,63590,44,214482
24595,0.001234,172.31.46.0-255,66,63656,44,214482
24596,0.001258,74.125.24.0-255,4320,67976,44,214482
24597,0.00126,172.31.46.0-255,66,68042,44,214482
24598,0.001306,172.31.46.0-255,66,68108,44,214482
24599,0.00131,74.125.24.0-255,2184,70292,44,214482
24600,0.001312,172.31.46.0-255,66,70358,44,214482
24601,0.001759,74.125.24.0-255,1484,71842,44,214482
24602,0.001767,74.125.24.0-255,1484,73326,44,214482
24603,0.001772,172.31.46.0-255,66,73392,44,214482
24604,0.001792,74.125.24.0-255,1484,74876,44,214482
24605,0.001799,74.125.24.0-255,5738,80614,44,214482
24606,0.001801,172.31.46.0-255,66,80680,44,214482
24607,0.001828,172.31.46.0-255,66,80746,44,214482
24608,0.001846,74.125.24.0-255,2902,83648,44,214482
24609,0.001848,172.31.46.0-255,66,83714,44,214482
24610,0.001858,172.31.46.0-255,66,83780,44,214482
24611,0.00188,74.125.24.0-255,2184,85964,44,214482
24612,0.001883,172.31.46.0-255,66,86030,44,214482
24613,0.002408,74.125.24.0-255,1484,87514,44,214482
24614,0.002416,74.125.24.0-255,2902,90416,44,214482
24615,0.002421,172.31.46.0-255,66,90482,44,214482
24616,0.002429,74.125.24.0-255,5738,96220,44,214482
24617,0.002431,172.31.46.0-255,66,96286,44,214482
24618,0.002455,74.125.24.0-255,4320,100606,44,214482
24619,0.002457,172.31.46.0-255,66,100672,44,214482
24620,0.002486,172.31.46.0-255,66,100738,44,214482
24621,0.002497,172.31.46.0-255,66,100804,44,214482
24622,0.005052,74.125.24.0-255,5738,106542,44,214482
24623,0.005069,172.31.46.0-255,66,106608,44,214482
24624,0.007632,74.125.24.0-255,5738,112346,44,214482
24625,0.007643,172.31.46.0-255,66,112412,44,214482
24626,0.010223,74.125.24.0-255,5738,118150,44,214482
24627,0.010241,172.31.46.0-255,66,118216,44,214482
24628,0.012805,74.125.24.0-255,5738,123954,44,214482
24629,0.012819,172.31.46.0-255,66,124020,44,214482
24630,0.015348,74.125.24.0-255,5738,129758,44,214482
24631,0.015358,172.31.46.0-255,66,129824,44,214482
24632,0.01791,74.125.24.0-255,5738,135562,44,214482
24633,0.017923,172.31.46.0-255,66,135628,44,214482
24634,0.020491,74.125.24.0-255,5738,141366,44,214482
24635,0.02051,172.31.46.0-255,66,141432,44,214482
24636,0.023074,74.125.24.0-255,5738,147170,44,214482
24637,0.023091,172.31.46.0-255,66,147236,44,214482
24638,0.025635,74.125.24.0-255,5738,152974,44,214482
24639,0.025648,172.31.46.0-255,66,153040,44,214482
24640,0.028202,74.125.24.0-255,5738,158778,44,214482
24641,0.028218,172.31.46.0-255,66,158844,44,214482
24642,0.030779,74.125.24.0-255,5738,164582,44,214482
24643,0.030788,172.31.46.0-255,66,164648,44,214482
24644,0.033335,74.125.24.0-255,5738,170386,44,214482
24645,0.033342,172.31.46.0-255,66,170452,44,214482
24646,0.035899,74.125.24.0-255,5738,176190,44,214482
24647,0.035907,172.31.46.0-255,66,176256,44,214482
24648,0.038479,74.125.24.0-255,5738,181994,44,214482
24649,0.038487,172.31.46.0-255,66,182060,44,214482
24650,0.040341,172.31.46.0-255,188,182248,44,214482
24651,0.040374,172.31.46.0-255,955,183203,44,214482
24652,0.040449,172.31.46.0-255,1514,184717,44,214482
24653,0.040456,172.31.46.0-255,1514,186231,44,214482
24654,0.040457,172.31.46.0-255,1514,187745,44,214482
24655,0.040458,172.31.46.0-255,1514,189259,44,214482
24656,0.040486,172.31.46.0-255,1514,190773,44,214482
24657,0.040487,172.31.46.0-255,229,191002,44,214482
24658,0.041047,74.125.24.0-255,5738,196740,44,214482
24659,0.041056,172.31.46.0-255,66,196806,44,214482
24660,0.041896,104.244.42.0-255,66,196872,44,214482
24661,0.041982,104.244.42.0-255,66,196938,44,214482
24662,0.04207,104.244.42.0-255,66,197004,44,214482
24663,0.042076,104.244.42.0-255,66,197070,44,214482
24664,0.043609,74.125.24.0-255,5738,202808,44,214482
24665,0.043616,172.31.46.0-255,66,202874,44,214482
24666,0.046209,74.125.24.0-255,5738,208612,44,214482
24667,0.046216,172.31.46.0-255,66,208678,44,214482
24668,0.048745,74.125.24.0-255,5738,214416,44,214482
24669,0.048753,172.31.46.0-255,66,214482,44,214482
24670,0.0,74.125.24.0-255,147,147,44,297633
24671,2.4e-05,172.31.46.0-255,66,213,44,297633
24672,3.1e-05,74.125.24.0-255,1484,1697,44,297633
24673,3.5e-05,172.31.46.0-255,66,1763,44,297633
24674,4e-05,74.125.24.0-255,2902,4665,44,297633
24675,4.3e-05,172.31.46.0-255,66,4731,44,297633
24676,5e-05,74.125.24.0-255,7156,11887,44,297633
24677,5.3e-05,172.31.46.0-255,66,11953,44,297633
24678,5.7e-05,74.125.24.0-255,2093,14046,44,297633
24679,6e-05,172.31.46.0-255,66,14112,44,297633
24680,0.000281,74.125.24.0-255,1484,15596,44,297633
24681,0.000287,172.31.46.0-255,66,15662,44,297633
24682,0.000294,74.125.24.0-255,2902,18564,44,297633
24683,0.000297,172.31.46.0-255,66,18630,44,297633
24684,0.000303,74.125.24.0-255,4320,22950,44,297633
24685,0.000305,172.31.46.0-255,66,23016,44,297633
24686,0.000323,74.125.24.0-255,1484,24500,44,297633
24687,0.000326,172.31.46.0-255,66,24566,44,297633
24688,0.000331,74.125.24.0-255,4320,28886,44,297633
24689,0.000333,172.31.46.0-255,66,28952,44,297633
24690,0.000365,74.125.24.0-255,2543,31495,44,297633
24691,0.000367,172.31.46.0-255,66,31561,44,297633
24692,0.000371,74.125.24.0-255,1484,33045,44,297633
24693,0.000373,172.31.46.0-255,66,33111,44,297633
24694,0.000385,74.125.24.0-255,1484,34595,44,297633
24695,0.000387,172.31.46.0-255,66,34661,44,297633
24696,0.000395,74.125.24.0-255,7156,41817,44,297633
24697,0.000397,172.31.46.0-255,66,41883,44,297633
24698,0.000444,74.125.24.0-255,4320,46203,44,297633
24699,0.000447,172.31.46.0-255,66,46269,44,297633
24700,0.00046,74.125.24.0-255,2543,48812,44,297633
24701,0.000462,172.31.46.0-255,66,48878,44,297633
24702,0.000659,74.125.24.0-255,1484,50362,44,297633
24703,0.000666,74.125.24.0-255,1484,51846,44,297633
24704,0.000669,172.31.46.0-255,66,51912,44,297633
24705,0.000687,74.125.24.0-255,1484,53396,44,297633
24706,0.000694,74.125.24.0-255,5738,59134,44,297633
24707,0.000696,172.31.46.0-255,66,59200,44,297633
24708,0.000731,74.125.24.0-255,5738,64938,44,297633
24709,0.000736,172.31.46.0-255,66,65004,44,297633
24710,0.000746,74.125.24.0-255,1454,66458,44,297633
24711,0.000749,74.125.24.0-255,347,66805,44,297633
24712,0.000751,172.31.46.0-255,66,66871,44,297633
24713,0.000904,74.125.24.0-255,1484,68355,44,297633
24714,0.000934,74.125.24.0-255,2902,71257,44,297633
24715,0.000938,172.31.46.0-255,66,71323,44,297633
24716,0.000945,74.125.24.0-255,5738,77061,44,297633
24717,0.000947,172.31.46.0-255,66,77127,44,297633
24718,0.000953,74.125.24.0-255,5738,82865,44,297633
24719,0.000955,172.31.46.0-255,66,82931,44,297633
24720,0.000989,74.125.24.0-255,2902,85833,44,297633
24721,0.000993,172.31.46.0-255,66,85899,44,297633
24722,0.001005,74.125.24.0-255,7156,93055,44,297633
24723,0.001008,172.31.46.0-255,66,93121,44,297633
24724,0.001027,74.125.24.0-255,5379,98500,44,297633
24725,0.00103,172.31.46.0-255,66,98566,44,297633
24726,0.001034,74.125.24.0-255,2543,101109,44,297633
24727,0.001036,172.31.46.0-255,66,101175,44,297633
24728,0.001852,74.125.24.0-255,1484,102659,44,297633
24729,0.001863,74.125.24.0-255,2902,105561,44,297633
24730,0.001867,172.31.46.0-255,66,105627,44,297633
24731,0.001875,74.125.24.0-255,5738,111365,44,297633
24732,0.001877,172.31.46.0-255,66,111431,44,297633
24733,0.001919,172.31.46.0-255,66,111497,44,297633
24734,0.001952,172.31.46.0-255,66,111563,44,297633
24735,0.001968,74.125.24.0-255,2184,113747,44,297633
24736,0.001971,172.31.46.0-255,66,113813,44,297633
24737,0.001976,74.125.24.0-255,4320,118133,44,297633
24738,0.001978,172.31.46.0-255,66,118199,44,297633
24739,0.001984,74.125.24.0-255,5738,123937,44,297633
24740,0.001986,172.31.46.0-255,66,124003,44,297633
24741,0.002009,74.125.24.0-255,5738,129741,44,297633
24742,0.002012,172.31.46.0-255,66,129807,44,297633
24743,0.002035,74.125.24.0-255,5738,135545,44,297633
24744,0.002038,172.31.46.0-255,66,135611,44,297633
24745,0.002045,74.125.24.0-255,7156,142767,44,297633
24746,0.002047,172.31.46.0-255,66,142833,44,297633
24747,0.002081,74.125.24.0-255,5020,147853,44,297633
24748,0.002083,172.31.46.0-255,66,147919,44,297633
24749,0.002112,74.125.24.0-255,1484,149403,44,297633
24750,0.002127,74.125.24.0-255,2902,152305,44,297633
24751,0.00213,172.31.46.0-255,66,152371,44,297633
24752,0.002136,74.125.24.0-255,5738,158109,44,297633
24753,0.002138,172.31.46.0-255,66,158175,44,297633
24754,0.002166,172.31.46.0-255,66,158241,44,297633
24755,0.002181,74.125.24.0-255,4320,162561,44,297633
24756,0.002184,172.31.46.0-255,66,162627,44,297633
24757,0.002189,74.125.24.0-255,4320,166947,44,297633
24758,0.002191,172.31.46.0-255,66,167013,44,297633
24759,0.002215,74.125.24.0-255,2902,169915,44,297633
24760,0.002218,172.31.46.0-255,66,169981,44,297633
24761,0.002231,74.125.24.0-255,3602,173583,44,297633
24762,0.002234,172.31.46.0-255,66,173649,44,297633
24763,0.004507,74.125.24.0-255,1484,175133,44,297633
24764,0.004539,74.125.24.0-255,2902,178035,44,297633
24765,0.004543,172.31.46.0-255,66,178101,44,297633
24766,0.004561,74.125.24.0-255,1484,179585,44,297633
24767,0.00683,74.125.24.0-255,4320,183905,44,297633
24768,0.006837,172.31.46.0-255,66,183971,44,297633
24769,0.00916,74.125.24.0-255,5738,189709,44,297633
24770,0.009168,172.31.46.0-255,66,189775,44,297633
24771,0.011504,74.125.24.0-255,5738,195513,44,297633
24772,0.011515,172.31.46.0-255,66,195579,44,297633
24773,0.013843,74.125.24.0-255,5738,201317,44,297633
24774,0.013854,172.31.46.0-255,66,201383,44,297633
24775,0.01618,74.125.24.0-255,5738,207121,44,297633
24776,0.016188,172.31.46.0-255,66,207187,44,297633
24777,0.018505,74.125.24.0-255,5738,212925,44,297633
24778,0.018511,172.31.46.0-255,66,212991,44,297633
24779,0.020805,74.125.24.0-255,5738,218729,44,297633
24780,0.020812,172.31.46.0-255,66,218795,44,297633
24781,0.023166,74.125.24.0-255,5738,224533,44,297633
24782,0.023172,172.31.46.0-255,66,224599,44,297633
24783,0.0255,74.125.24.0-255,5738,230337,44,297633
24784,0.025507,172.31.46.0-255,66,230403,44,297633
24785,0.027793,74.125.24.0-255,5738,236141,44,297633
24786,0.027802,172.31.46.0-255,66,236207,44,297633
24787,0.030145,74.125.24.0-255,5738,241945,44,297633
24788,0.030153,172.31.46.0-255,66,242011,44,297633
24789,0.032476,74.125.24.0-255,5738,247749,44,297633
24790,0.032484,172.31.46.0-255,66,247815,44,297633
24791,0.034437,172.31.46.0-255,172,247987,44,297633
24792,0.034464,172.31.46.0-255,1114,249101,44,297633
24793,0.034522,172.31.46.0-255,1514,250615,44,297633
24794,0.034524,172.31.46.0-255,1514,252129,44,297633
24795,0.034525,172.31.46.0-255,1514,253643,44,297633
24796,0.034526,172.31.46.0-255,1514,255157,44,297633
24797,0.034552,172.31.46.0-255,1514,256671,44,297633
24798,0.034553,172.31.46.0-255,70,256741,44,297633
24799,0.034783,74.125.24.0-255,5738,262479,44,297633
24800,0.034788,172.31.46.0-255,66,262545,44,297633
24801,0.036001,104.244.42.0-255,66,262611,44,297633
24802,0.036055,104.244.42.0-255,66,262677,44,297633
24803,0.036091,104.244.42.0-255,66,262743,44,297633
24804,0.036109,104.244.42.0-255,66,262809,44,297633
24805,0.037126,74.125.24.0-255,5738,268547,44,297633
24806,0.037131,172.31.46.0-255,66,268613,44,297633
24807,0.039476,74.125.24.0-255,5738,274351,44,297633
24808,0.039481,172.31.46.0-255,66,274417,44,297633
24809,0.041808,74.125.24.0-255,5738,280155,44,297633
24810,0.041818,172.31.46.0-255,66,280221,44,297633
24811,0.044181,74.125.24.0-255,5738,285959,44,297633
24812,0.044198,172.31.46.0-255,66,286025,44,297633
24813,0.04652,74.125.24.0-255,5738,291763,44,297633
24814,0.046529,172.31.46.0-255,66,291829,44,297633
24815,0.048876,74.125.24.0-255,5738,297567,44,297633
24816,0.048883,172.31.46.0-255,66,297633,44,297633
24817,0.0,74.125.24.0-255,297,297,44,287391
24818,1.5e-05,172.31.46.0-255,66,363,44,287391
24819,2e-05,74.125.24.0-255,1484,1847,44,287391
24820,2.3e-05,172.31.46.0-255,66,1913,44,287391
24821,2.8e-05,74.125.24.0-255,4320,6233,44,287391
24822,3.2e-05,172.31.46.0-255,66,6299,44,287391
24823,5.3e-05,74.125.24.0-255,2902,9201,44,287391
24824,5.5e-05,172.31.46.0-255,66,9267,44,287391
24825,7.1e-05,74.125.24.0-255,6167,15434,44,287391
24826,7.3e-05,172.31.46.0-255,66,15500,44,287391
24827,0.000106,172.31.46.0-255,66,15566,44,287391
24828,0.00012,74.125.24.0-255,1125,16691,44,287391
24829,0.000122,172.31.46.0-255,66,16757,44,287391
24830,0.000149,74.125.24.0-255,1484,18241,44,287391
24831,0.000151,172.31.46.0-255,66,18307,44,287391
24832,0.000156,74.125.24.0-255,2902,21209,44,287391
24833,0.000158,172.31.46.0-255,66,21275,44,287391
24834,0.000161,74.125.24.0-255,2902,24177,44,287391
24835,0.000163,172.31.46.0-255,66,24243,44,287391
24836,0.000182,74.125.24.0-255,2902,27145,44,287391
24837,0.000184,172.31.46.0-255,66,27211,44,287391
24838,0.000189,74.125.24.0-255,6797,34008,44,287391
24839,0.000191,172.31.46.0-255,66,34074,44,287391
24840,0.000229,74.125.24.0-255,5738,39812,44,287391
24841,0.000231,172.31.46.0-255,66,39878,44,287391
24842,0.000256,172.31.46.0-255,66,39944,44,287391
24843,0.000259,74.125.24.0-255,2816,42760,44,287391
24844,0.00026,172.31.46.0-255,66,42826,44,287391
24845,0.000295,74.125.24.0-255,131,42957,44,287391
24846,0.000298,172.31.46.0-255,66,43023,44,287391
24847,0.000339,74.125.24.0-255,1484,44507,44,287391
24848,0.000343,74.125.24.0-255,1484,45991,44,287391
24849,0.000345,172.31.46.0-255,66,46057,44,287391
24850,0.000356,74.125.24.0-255,1484,47541,44,287391
24851,0.00036,74.125.24.0-255,2902,50443,44,287391
24852,0.000362,172.31.46.0-255,66,50509,44,287391
24853,0.000376,74.125.24.0-255,2902,53411,44,287391
24854,0.000378,172.31.46.0-255,66,53477,44,287391
24855,0.000413,74.125.24.0-255,4320,57797,44,287391
24856,0.000415,172.31.46.0-255,66,57863,44,287391
24857,0.000426,74.125.24.0-255,2543,60406,44,287391
24858,0.000428,172.31.46.0-255,66,60472,44,287391
24859,0.000466,74.125.24.0-255,4320,64792,44,287391
24860,0.000468,172.31.46.0-255,66,64858,44,287391
24861,0.000488,74.125.24.0-255,5738,70596,44,287391
24862,0.00049,172.31.46.0-255,66,70662,44,287391
24863,0.000518,74.125.24.0-255,4320,74982,44,287391
24864,0.00052,172.31.46.0-255,66,75048,44,287391
24865,0.000538,74.125.24.0-255,2824,77872,44,287391
24866,0.00054,172.31.46.0-255,66,77938,44,287391
24867,0.000857,74.125.24.0-255,1484,79422,44,287391
24868,0.000863,74.125.24.0-255,2902,82324,44,287391
24869,0.000866,172.31.46.0-255,66,82390,44,287391
24870,0.000878,74.125.24.0-255,1484,83874,44,287391
24871,0.000892,74.125.24.0-255,4320,88194,44,287391
24872,0.000895,172.31.46.0-255,66,88260,44,287391
24873,0.000913,74.125.24.0-255,2902,91162,44,287391
24874,0.000916,172.31.46.0-255,66,91228,44,287391
24875,0.000934,74.125.24.0-255,7156,98384,44,287391
24876,0.000936,172.31.46.0-255,66,98450,44,287391
24877,0.000941,74.125.24.0-255,4320,102770,44,287391
24878,0.000944,172.31.46.0-255,66,102836,44,287391
24879,0.000971,74.125.24.0-255,1484,104320,44,287391
24880,0.000978,74.125.24.0-255,7156,111476,44,287391
24881,0.00098,172.31.46.0-255,66,111542,44,287391
24882,0.000983,74.125.24.0-255,766,112308,44,287391
24883,0.000997,74.125.24.0-255,1484,113792,44,287391
24884,0.000999,172.31.46.0-255,66,113858,44,287391
24885,0.00102,74.125.24.0-255,4320,118178,44,287391
24886,0.001023,74.125.24.0-255,1484,119662,44,287391
24887,0.001026,172.31.46.0-255,66,119728,44,287391
24888,0.001037,74.125.24.0-255,5738,125466,44,287391
24889,0.00104,172.31.46.0-255,66,125532,44,287391
24890,0.001054,74.125.24.0-255,2902,128434,44,287391
24891,0.001056,172.31.46.0-255,66,128500,44,287391
24892,0.001095,172.31.46.0-255,66,128566,44,287391
24893,0.001099,74.125.24.0-255,2184,130750,44,287391
24894,0.001101,172.31.46.0-255,66,130816,44,287391
24895,0.001184,74.125.24.0-255,1484,132300,44,287391
24896,0.00119,74.125.24.0-255,2902,135202,44,287391
24897,0.001194,172.31.46.0-255,66,135268,44,287391
24898,0.001214,74.125.24.0-255,5738,141006,44,287391
24899,0.001217,172.31.46.0-255,66,141072,44,287391
24900,0.001236,74.125.24.0-255,4320,145392,44,287391
24901,0.001239,172.31.46.0-255,66,145458,44,287391
24902,0.001265,74.125.24.0-255,1484,146942,44,287391
24903,0.001269,172.31.46.0-255,66,147008,44,287391
24904,0.0013,74.125.24.0-255,2902,149910,44,287391
24905,0.001302,172.31.46.0-255,66,149976,44,287391
24906,0.001327,74.125.24.0-255,6438,156414,44,287391
24907,0.001329,172.31.46.0-255,66,156480,44,287391
24908,0.001339,172.31.46.0-255,66,156546,44,287391
24909,0.001375,172.31.46.0-255,66,156612,44,287391
24910,0.001407,74.125.24.0-255,2902,159514,44,287391
24911,0.001409,172.31.46.0-255,66,159580,44,287391
24912,0.001437,172.31.46.0-255,66,159646,44,287391
24913,0.001511,74.125.24.0-255,1484,161130,44,287391
24914,0.001531,74.125.24.0-255,2902,164032,44,287391
24915,0.001534,172.31.46.0-255,66,164098,44,287391
24916,0.001552,74.125.24.0-255,4320,168418,44,287391
24917,0.001555,172.31.46.0-255,66,168484,44,287391
24918,0.001576,74.125.24.0-255,1484,169968,44,287391
24919,0.001598,74.125.24.0-255,7156,177124,44,287391
24920,0.001602,172.31.46.0-255,66,177190,44,287391
24921,0.001609,74.125.24.0-255,7156,184346,44,287391
24922,0.001611,172.31.46.0-255,66,184412,44,287391
24923,0.001629,74.125.24.0-255,7156,191568,44,287391
24924,0.001632,172.31.46.0-255,66,191634,44,287391
24925,0.001646,74.125.24.0-255,2184,193818,44,287391
24926,0.001649,172.31.46.0-255,66,193884,44,287391
24927,0.001764,74.125.24.0-255,1484,195368,44,287391
24928,0.00177,74.125.24.0-255,2902,198270,44,287391
24929,0.001773,172.31.46.0-255,66,198336,44,287391
24930,0.00178,74.125.24.0-255,5738,204074,44,287391
24931,0.001783,172.31.46.0-255,66,204140,44,287391
24932,0.001803,74.125.24.0-255,5738,209878,44,287391
24933,0.001806,172.31.46.0-255,66,209944,44,287391
24934,0.001837,74.125.24.0-255,7156,217100,44,287391
24935,0.001842,172.31.46.0-255,66,217166,44,287391
24936,0.001852,172.31.46.0-255,66,217232,44,287391
24937,0.001867,74.125.24.0-255,2184,219416,44,287391
24938,0.001869,172.31.46.0-255,66,219482,44,287391
24939,0.001994,74.125.24.0-255,1484,220966,44,287391
24940,0.002,74.125.24.0-255,2902,223868,44,287391
24941,0.002003,172.31.46.0-255,66,223934,44,287391
24942,0.002026,74.125.24.0-255,5738,229672,44,287391
24943,0.002029,172.31.46.0-255,66,229738,44,287391
24944,0.002061,172.31.46.0-255,66,229804,44,287391
24945,0.002079,74.125.24.0-255,1484,231288,44,287391
24946,0.002093,172.31.46.0-255,66,231354,44,287391
24947,0.002118,74.125.24.0-255,766,232120,44,287391
24948,0.002129,172.31.46.0-255,66,232186,44,287391
24949,0.004215,74.125.24.0-255,5738,237924,44,287391
24950,0.004221,172.31.46.0-255,66,237990,44,287391
24951,0.006296,74.125.24.0-255,5738,243728,44,287391
24952,0.006306,172.31.46.0-255,66,243794,44,287391
24953,0.008359,74.125.24.0-255,5738,249532,44,287391
24954,0.008365,172.31.46.0-255,66,249598,44,287391
24955,0.010465,74.125.24.0-255,5738,255336,44,287391
24956,0.010472,172.31.46.0-255,66,255402,44,287391
24957,0.012712,74.125.24.0-255,5738,261140,44,287391
24958,0.012769,172.31.46.0-255,66,261206,44,287391
24959,0.01483,74.125.24.0-255,5738,266944,44,287391
24960,0.014837,172.31.46.0-255,66,267010,44,287391
24961,0.016923,74.125.24.0-255,5738,272748,44,287391
24962,0.01693,172.31.46.0-255,66,272814,44,287391
24963,0.019,74.125.24.0-255,5150,277964,44,287391
24964,0.019008,172.31.46.0-255,66,278030,44,287391
24965,0.019218,172.31.46.0-255,105,278135,44,287391
24966,0.021566,74.125.24.0-255,66,278201,44,287391
24967,0.034271,172.31.46.0-255,172,278373,44,287391
24968,0.03431,172.31.46.0-255,1114,279487,44,287391
24969,0.03438,172.31.46.0-255,1514,281001,44,287391
24970,0.034382,172.31.46.0-255,1514,282515,44,287391
24971,0.034388,172.31.46.0-255,1514,284029,44,287391
24972,0.034388,172.31.46.0-255,1514,285543,44,287391
24973,0.034408,172.31.46.0-255,1514,287057,44,287391
24974,0.034413,172.31.46.0-255,70,287127,44,287391
24975,0.035792,104.244.42.0-255,66,287193,44,287391
24976,0.035872,104.244.42.0-255,66,287259,44,287391
24977,0.03596,104.244.42.0-255,66,287325,44,287391
24978,0.035965,104.244.42.0-255,66,287391,44,287391
24979,0.0,74.125.68.0-255,143,143,44,340138
24980,3.5e-05,172.31.46.0-255,66,209,44,340138
24981,4.3e-05,74.125.68.0-255,1484,1693,44,340138
24982,4.7e-05,172.31.46.0-255,66,1759,44,340138
24983,5.2e-05,74.125.68.0-255,2902,4661,44,340138
24984,5.4e-05,172.31.46.0-255,66,4727,44,340138
24985,6.2e-05,74.125.68.0-255,5738,10465,44,340138
24986,6.5e-05,172.31.46.0-255,66,10531,44,340138
24987,9.3e-05,74.125.68.0-255,6336,16867,44,340138
24988,9.6e-05,172.31.46.0-255,66,16933,44,340138
24989,9.9e-05,74.125.68.0-255,1484,18417,44,340138
24990,0.000101,172.31.46.0-255,66,18483,44,340138
24991,0.000127,74.125.68.0-255,5738,24221,44,340138
24992,0.00013,172.31.46.0-255,66,24287,44,340138
24993,0.000166,74.125.68.0-255,6797,31084,44,340138
24994,0.000169,172.31.46.0-255,66,31150,44,340138
24995,0.000204,74.125.68.0-255,2902,34052,44,340138
24996,0.000207,172.31.46.0-255,66,34118,44,340138
24997,0.000233,74.125.68.0-255,4320,38438,44,340138
24998,0.000235,172.31.46.0-255,66,38504,44,340138
24999,0.000249,172.31.46.0-255,66,38570,44,340138
25000,0.000252,74.125.68.0-255,1125,39695,44,340138
25001,0.000254,172.31.46.0-255,66,39761,44,340138
25002,0.000552,74.125.68.0-255,1484,41245,44,340138
25003,0.000556,172.31.46.0-255,66,41311,44,340138
25004,0.000581,74.125.68.0-255,2902,44213,44,340138
25005,0.000584,172.31.46.0-255,66,44279,44,340138
25006,0.000587,74.125.68.0-255,1484,45763,44,340138
25007,0.00059,172.31.46.0-255,66,45829,44,340138
25008,0.000595,74.125.68.0-255,2902,48731,44,340138
25009,0.000597,172.31.46.0-255,66,48797,44,340138
25010,0.0006,74.125.68.0-255,1484,50281,44,340138
25011,0.000623,74.125.68.0-255,4320,54601,44,340138
25012,0.000626,172.31.46.0-255,66,54667,44,340138
25013,0.000631,74.125.68.0-255,2543,57210,44,340138
25014,0.000634,172.31.46.0-255,66,57276,44,340138
25015,0.000716,74.125.68.0-255,1484,58760,44,340138
25016,0.000729,74.125.68.0-255,2902,61662,44,340138
25017,0.000732,172.31.46.0-255,66,61728,44,340138
25018,0.000737,74.125.68.0-255,2902,64630,44,340138
25019,0.000743,172.31.46.0-255,66,64696,44,340138
25020,0.000753,74.125.68.0-255,4320,69016,44,340138
25021,0.000755,172.31.46.0-255,66,69082,44,340138
25022,0.000783,172.31.46.0-255,66,69148,44,340138
25023,0.000788,74.125.68.0-255,4320,73468,44,340138
25024,0.00079,172.31.46.0-255,66,73534,44,340138
25025,0.000834,74.125.68.0-255,5738,79272,44,340138
25026,0.000837,172.31.46.0-255,66,79338,44,340138
25027,0.000855,74.125.68.0-255,2543,81881,44,340138
25028,0.000858,172.31.46.0-255,66,81947,44,340138
25029,0.000925,74.125.68.0-255,1484,83431,44,340138
25030,0.000942,74.125.68.0-255,2902,86333,44,340138
25031,0.000945,172.31.46.0-255,66,86399,44,340138
25032,0.000948,74.125.68.0-255,1484,87883,44,340138
25033,0.000964,74.125.68.0-255,4320,92203,44,340138
25034,0.000966,172.31.46.0-255,66,92269,44,340138
25035,0.000995,172.31.46.0-255,66,92335,44,340138
25036,0.001027,172.31.46.0-255,66,92401,44,340138
25037,0.00105,74.125.68.0-255,5020,97421,44,340138
25038,0.001053,172.31.46.0-255,66,97487,44,340138
25039,0.00135,74.125.68.0-255,1484,98971,44,340138
25040,0.001367,74.125.68.0-255,2902,101873,44,340138
25041,0.00137,172.31.46.0-255,66,101939,44,340138
25042,0.001385,74.125.68.0-255,2902,104841,44,340138
25043,0.001388,172.31.46.0-255,66,104907,44,340138
25044,0.001411,74.125.68.0-255,2902,107809,44,340138
25045,0.001414,172.31.46.0-255,66,107875,44,340138
25046,0.001433,74.125.68.0-255,5738,113613,44,340138
25047,0.001436,172.31.46.0-255,66,113679,44,340138
25048,0.001451,74.125.68.0-255,7156,120835,44,340138
25049,0.001454,172.31.46.0-255,66,120901,44,340138
25050,0.001517,74.125.68.0-255,7156,128057,44,340138
25051,0.001521,172.31.46.0-255,66,128123,44,340138
25052,0.00154,74.125.68.0-255,3602,131725,44,340138
25053,0.001542,172.31.46.0-255,66,131791,44,340138
25054,0.001545,74.125.68.0-255,1484,133275,44,340138
25055,0.00155,74.125.68.0-255,2902,136177,44,340138
25056,0.001552,172.31.46.0-255,66,136243,44,340138
25057,0.001557,74.125.68.0-255,2902,139145,44,340138
25058,0.001559,172.31.46.0-255,66,139211,44,340138
25059,0.001581,74.125.68.0-255,2902,142113,44,340138
25060,0.001584,172.31.46.0-255,66,142179,44,340138
25061,0.001589,74.125.68.0-255,2902,145081,44,340138
25062,0.001593,74.125.68.0-255,4320,149401,44,340138
25063,0.001593,172.31.46.0-255,66,149467,44,340138
25064,0.001596,172.31.46.0-255,66,149533,44,340138
25065,0.001606,74.125.68.0-255,2902,152435,44,340138
25066,0.001608,172.31.46.0-255,66,152501,44,340138
25067,0.001631,74.125.68.0-255,5738,158239,44,340138
25068,0.001635,172.31.46.0-255,66,158305,44,340138
25069,0.00164,74.125.68.0-255,5738,164043,44,340138
25070,0.001643,172.31.46.0-255,66,164109,44,340138
25071,0.001684,74.125.68.0-255,2184,166293,44,340138
25072,0.001687,172.31.46.0-255,66,166359,44,340138
25073,0.001913,74.125.68.0-255,1484,167843,44,340138
25074,0.001939,74.125.68.0-255,2902,170745,44,340138
25075,0.001942,172.31.46.0-255,66,170811,44,340138
25076,0.001948,74.125.68.0-255,4320,175131,44,340138
25077,0.00195,172.31.46.0-255,66,175197,44,340138
25078,0.001954,74.125.68.0-255,2902,178099,44,340138
25079,0.001956,172.31.46.0-255,66,178165,44,340138
25080,0.00198,74.125.68.0-255,5738,183903,44,340138
25081,0.001983,172.31.46.0-255,66,183969,44,340138
25082,0.001989,74.125.68.0-255,5738,189707,44,340138
25083,0.001991,172.31.46.0-255,66,189773,44,340138
25084,0.002034,74.125.68.0-255,2902,192675,44,340138
25085,0.002038,172.31.46.0-255,66,192741,44,340138
25086,0.002061,74.125.68.0-255,5738,198479,44,340138
25087,0.002064,172.31.46.0-255,66,198545,44,340138
25088,0.002086,74.125.68.0-255,2184,200729,44,340138
25089,0.002088,172.31.46.0-255,66,200795,44,340138
25090,0.002364,74.125.68.0-255,1484,202279,44,340138
25091,0.002372,74.125.68.0-255,2902,205181,44,340138
25092,0.002375,172.31.46.0-255,66,205247,44,340138
25093,0.002392,74.125.68.0-255,1484,206731,44,340138
25094,0.002408,74.125.68.0-255,4320,211051,44,340138
25095,0.002411,172.31.46.0-255,66,211117,44,340138
25096,0.002437,74.125.68.0-255,4320,215437,44,340138
25097,0.00244,172.31.46.0-255,66,215503,44,340138
25098,0.002466,172.31.46.0-255,66,215569,44,340138
25099,0.002483,74.125.68.0-255,4320,219889,44,340138
25100,0.002486,172.31.46.0-255,66,219955,44,340138
25101,0.002514,74.125.68.0-255,6438,226393,44,340138
25102,0.002517,172.31.46.0-255,66,226459,44,340138
25103,0.005067,74.125.68.0-255,5738,232197,44,340138
25104,0.005077,172.31.46.0-255,66,232263,44,340138
25105,0.007638,74.125.68.0-255,5738,238001,44,340138
25106,0.007645,172.31.46.0-255,66,238067,44,340138
25107,0.010204,74.125.68.0-255,5738,243805,44,340138
25108,0.010213,172.31.46.0-255,66,243871,44,340138
25109,0.012782,74.125.68.0-255,5738,249609,44,340138
25110,0.012804,172.31.46.0-255,66,249675,44,340138
25111,0.015373,74.125.68.0-255,5738,255413,44,340138
25112,0.015391,172.31.46.0-255,66,255479,44,340138
25113,0.017969,74.125.68.0-255,5738,261217,44,340138
25114,0.017986,172.31.46.0-255,66,261283,44,340138
25115,0.020549,74.125.68.0-255,5738,267021,44,340138
25116,0.020558,172.31.46.0-255,66,267087,44,340138
25117,0.023121,74.125.68.0-255,5738,272825,44,340138
25118,0.023136,172.31.46.0-255,66,272891,44,340138
25119,0.025712,74.125.68.0-255,5738,278629,44,340138
25120,0.025727,172.31.46.0-255,66,278695,44,340138
25121,0.028296,74.125.68.0-255,5738,284433,44,340138
25122,0.028315,172.31.46.0-255,66,284499,44,340138
25123,0.030892,74.125.68.0-255,5738,290237,44,340138
25124,0.03091,172.31.46.0-255,66,290303,44,340138
25125,0.033483,74.125.68.0-255,5738,296041,44,340138
25126,0.033498,172.31.46.0-255,66,296107,44,340138
25127,0.036064,74.125.68.0-255,5738,301845,44,340138
25128,0.036078,172.31.46.0-255,66,301911,44,340138
25129,0.038685,74.125.68.0-255,5738,307649,44,340138
25130,0.038701,172.31.46.0-255,66,307715,44,340138
25131,0.041269,74.125.68.0-255,5738,313453,44,340138
25132,0.041286,172.31.46.0-255,66,313519,44,340138
25133,0.043836,74.125.68.0-255,5738,319257,44,340138
25134,0.043847,172.31.46.0-255,66,319323,44,340138
25135,0.044251,172.31.46.0-255,188,319511,44,340138
25136,0.04428,172.31.46.0-255,955,320466,44,340138
25137,0.044335,172.31.46.0-255,1514,321980,44,340138
25138,0.044336,172.31.46.0-255,1514,323494,44,340138
25139,0.044343,172.31.46.0-255,1514,325008,44,340138
25140,0.044344,172.31.46.0-255,1514,326522,44,340138
25141,0.044359,172.31.46.0-255,1514,328036,44,340138
25142,0.04436,172.31.46.0-255,230,328266,44,340138
25143,0.045811,104.244.42.0-255,66,328332,44,340138
25144,0.045846,104.244.42.0-255,66,328398,44,340138
25145,0.045908,104.244.42.0-255,66,328464,44,340138
25146,0.046008,104.244.42.0-255,66,328530,44,340138
25147,0.04641,74.125.68.0-255,5738,334268,44,340138
25148,0.046421,172.31.46.0-255,66,334334,44,340138
25149,0.048988,74.125.68.0-255,5738,340072,44,340138
25150,0.048999,172.31.46.0-255,66,340138,44,340138
25151,0.0,172.217.194.0-255,150,150,44,228714
25152,2.2e-05,172.31.46.0-255,66,216,44,228714
25153,2.9e-05,172.217.194.0-255,1484,1700,44,228714
25154,3.4e-05,172.31.46.0-255,66,1766,44,228714
25155,4e-05,172.217.194.0-255,2902,4668,44,228714
25156,5.1e-05,172.31.46.0-255,66,4734,44,228714
25157,6e-05,172.217.194.0-255,7156,11890,44,228714
25158,6.3e-05,172.31.46.0-255,66,11956,44,228714
25159,0.00011,172.31.46.0-255,66,12022,44,228714
25160,0.000121,172.31.46.0-255,66,12088,44,228714
25161,0.000169,172.217.194.0-255,1484,13572,44,228714
25162,0.000172,172.31.46.0-255,66,13638,44,228714
25163,0.000178,172.217.194.0-255,2902,16540,44,228714
25164,0.00018,172.31.46.0-255,66,16606,44,228714
25165,0.000188,172.217.194.0-255,1484,18090,44,228714
25166,0.00019,172.31.46.0-255,66,18156,44,228714
25167,0.000203,172.217.194.0-255,4320,22476,44,228714
25168,0.000206,172.31.46.0-255,66,22542,44,228714
25169,0.000244,172.31.46.0-255,66,22608,44,228714
25170,0.000248,172.217.194.0-255,2902,25510,44,228714
25171,0.000251,172.31.46.0-255,66,25576,44,228714
25172,0.000286,172.31.46.0-255,66,25642,44,228714
25173,0.000288,172.217.194.0-255,391,26033,44,228714
25174,0.00029,172.31.46.0-255,66,26099,44,228714
25175,0.000453,172.217.194.0-255,383,26482,44,228714
25176,0.000459,172.31.46.0-255,66,26548,44,228714
25177,0.000624,172.217.194.0-255,1484,28032,44,228714
25178,0.000628,172.31.46.0-255,66,28098,44,228714
25179,0.000633,172.217.194.0-255,2902,31000,44,228714
25180,0.000636,172.31.46.0-255,66,31066,44,228714
25181,0.000668,172.217.194.0-255,5738,36804,44,228714
25182,0.000671,172.31.46.0-255,66,36870,44,228714
25183,0.000673,172.217.194.0-255,1484,38354,44,228714
25184,0.000708,172.217.194.0-255,2902,41256,44,228714
25185,0.000711,172.31.46.0-255,66,41322,44,228714
25186,0.000745,172.217.194.0-255,6797,48119,44,228714
25187,0.000757,172.31.46.0-255,66,48185,44,228714
25188,0.000764,172.31.46.0-255,66,48251,44,228714
25189,0.000768,172.217.194.0-255,1994,50245,44,228714
25190,0.00077,172.31.46.0-255,66,50311,44,228714
25191,0.000869,172.217.194.0-255,1484,51795,44,228714
25192,0.000873,172.217.194.0-255,1484,53279,44,228714
25193,0.000876,172.31.46.0-255,66,53345,44,228714
25194,0.000899,172.217.194.0-255,1484,54829,44,228714
25195,0.000905,172.217.194.0-255,5738,60567,44,228714
25196,0.000907,172.31.46.0-255,66,60633,44,228714
25197,0.00091,172.217.194.0-255,1484,62117,44,228714
25198,0.000929,172.217.194.0-255,1484,63601,44,228714
25199,0.000931,172.31.46.0-255,66,63667,44,228714
25200,0.000946,172.217.194.0-255,1484,65151,44,228714
25201,0.000972,172.31.46.0-255,66,65217,44,228714
25202,0.000989,172.31.46.0-255,66,65283,44,228714
25203,0.001244,172.217.194.0-255,1484,66767,44,228714
25204,0.001249,172.217.194.0-255,1484,68251,44,228714
25205,0.001251,172.31.46.0-255,66,68317,44,228714
25206,0.001268,172.217.194.0-255,1484,69801,44,228714
25207,0.001277,172.217.194.0-255,5738,75539,44,228714
25208,0.00128,172.31.46.0-255,66,75605,44,228714
25209,0.001337,172.31.46.0-255,66,75671,44,228714
25210,0.001362,172.217.194.0-255,4320,79991,44,228714
25211,0.001364,172.31.46.0-255,66,80057,44,228714
25212,0.00137,172.217.194.0-255,7156,87213,44,228714
25213,0.001372,172.31.46.0-255,66,87279,44,228714
25214,0.001377,172.217.194.0-255,3602,90881,44,228714
25215,0.001382,172.31.46.0-255,66,90947,44,228714
25216,0.001502,172.217.194.0-255,1484,92431,44,228714
25217,0.001522,172.217.194.0-255,2902,95333,44,228714
25218,0.001527,172.217.194.0-255,4320,99653,44,228714
25219,0.00153,172.31.46.0-255,66,99719,44,228714
25220,0.001534,172.31.46.0-255,66,99785,44,228714
25221,0.001547,172.217.194.0-255,1484,101269,44,228714
25222,0.001563,172.217.194.0-255,5738,107007,44,228714
25223,0.001566,172.31.46.0-255,66,107073,44,228714
25224,0.001606,172.217.194.0-255,7156,114229,44,228714
25225,0.001608,172.31.46.0-255,66,114295,44,228714
25226,0.001618,172.31.46.0-255,66,114361,44,228714
25227,0.001643,172.217.194.0-255,2184,116545,44,228714
25228,0.001646,172.31.46.0-255,66,116611,44,228714
25229,0.00165,172.217.194.0-255,2902,119513,44,228714
25230,0.001652,172.31.46.0-255,66,119579,44,228714
25231,0.001658,172.217.194.0-255,7156,126735,44,228714
25232,0.001661,172.31.46.0-255,66,126801,44,228714
25233,0.001706,172.31.46.0-255,66,126867,44,228714
25234,0.00171,172.217.194.0-255,4320,131187,44,228714
25235,0.001712,172.31.46.0-255,66,131253,44,228714
25236,0.001747,172.217.194.0-255,1484,132737,44,228714
25237,0.00175,172.31.46.0-255,66,132803,44,228714
25238,0.001774,172.217.194.0-255,2902,135705,44,228714
25239,0.001777,172.31.46.0-255,66,135771,44,228714
25240,0.001782,172.217.194.0-255,4320,140091,44,228714
25241,0.001784,172.31.46.0-255,66,140157,44,228714
25242,0.001812,172.217.194.0-255,1484,141641,44,228714
25243,0.001817,172.217.194.0-255,4320,145961,44,228714
25244,0.001819,172.31.46.0-255,66,146027,44,228714
25245,0.001838,172.31.46.0-255,66,146093,44,228714
25246,0.001859,172.217.194.0-255,1484,147577,44,228714
25247,0.001868,172.31.46.0-255,66,147643,44,228714
25248,0.002222,172.217.194.0-255,1484,149127,44,228714
25249,0.002226,172.217.194.0-255,1484,150611,44,228714
25250,0.002229,172.31.46.0-255,66,150677,44,228714
25251,0.002258,172.217.194.0-255,1484,152161,44,228714
25252,0.002264,172.217.194.0-255,5738,157899,44,228714
25253,0.002267,172.31.46.0-255,66,157965,44,228714
25254,0.002281,172.31.46.0-255,66,158031,44,228714
25255,0.002292,172.217.194.0-255,5738,163769,44,228714
25256,0.002294,172.31.46.0-255,66,163835,44,228714
25257,0.002327,172.217.194.0-255,5020,168855,44,228714
25258,0.002331,172.31.46.0-255,66,168921,44,228714
25259,0.002352,172.217.194.0-255,1484,170405,44,228714
25260,0.002356,172.217.194.0-255,1484,171889,44,228714
25261,0.002359,172.31.46.0-255,66,171955,44,228714
25262,0.002385,172.217.194.0-255,1484,173439,44,228714
25263,0.002392,172.217.194.0-255,4320,177759,44,228714
25264,0.002394,172.31.46.0-255,66,177825,44,228714
25265,0.002401,172.217.194.0-255,5738,183563,44,228714
25266,0.002403,172.31.46.0-255,66,183629,44,228714
25267,0.002408,172.217.194.0-255,4320,187949,44,228714
25268,0.002416,172.31.46.0-255,66,188015,44,228714
25269,0.002459,172.217.194.0-255,7156,195171,44,228714
25270,0.002462,172.31.46.0-255,66,195237,44,228714
25271,0.002473,172.31.46.0-255,66,195303,44,228714
25272,0.002552,172.217.194.0-255,1484,196787,44,228714
25273,0.002557,172.217.194.0-255,2902,199689,44,228714
25274,0.002559,172.31.46.0-255,66,199755,44,228714
25275,0.002564,172.217.194.0-255,2902,202657,44,228714
25276,0.002567,172.31.46.0-255,66,202723,44,228714
25277,0.002591,172.217.194.0-255,2902,205625,44,228714
25278,0.002597,172.31.46.0-255,66,205691,44,228714
25279,0.00261,172.31.46.0-255,66,205757,44,228714
25280,0.002616,172.217.194.0-255,5738,211495,44,228714
25281,0.002619,172.31.46.0-255,66,211561,44,228714
25282,0.002621,172.217.194.0-255,1484,213045,44,228714
25283,0.002647,172.217.194.0-255,1484,214529,44,228714
25284,0.00265,172.31.46.0-255,78,214607,44,228714
25285,0.002656,172.217.194.0-255,4320,218927,44,228714
25286,0.002659,172.31.46.0-255,78,219005,44,228714
25287,0.002702,172.31.46.0-255,78,219083,44,228714
25288,0.002718,172.217.194.0-255,3602,222685,44,228714
25289,0.002725,172.31.46.0-255,66,222751,44,228714
25290,0.00273,172.217.194.0-255,3505,226256,44,228714
25291,0.002733,172.31.46.0-255,66,226322,44,228714
25292,0.002735,172.217.194.0-255,105,226427,44,228714
25293,0.011333,172.31.46.0-255,66,226493,44,228714
25294,0.01138,172.31.46.0-255,105,226598,44,228714
25295,0.013691,172.217.194.0-255,66,226664,44,228714
25296,0.036895,172.31.46.0-255,172,226836,44,228714
25297,0.036929,172.31.46.0-255,1109,227945,44,228714
25298,0.036989,172.31.46.0-255,571,228516,44,228714
25299,0.038448,104.244.42.0-255,66,228582,44,228714
25300,0.038478,104.244.42.0-255,66,228648,44,228714
25301,0.038546,104.244.42.0-255,66,228714,44,228714
25302,0.0,172.253.118.0-255,153,153,44,289627
25303,2.1e-05,172.31.46.0-255,66,219,44,289627
25304,2.7e-05,172.253.118.0-255,1484,1703,44,289627
25305,3.1e-05,172.31.46.0-255,66,1769,44,289627
25306,3.3e-05,172.253.118.0-255,1484,3253,44,289627
25307,3.6e-05,172.31.46.0-255,66,3319,44,289627
25308,4.1e-05,172.253.118.0-255,2902,6221,44,289627
25309,4.3e-05,172.31.46.0-255,66,6287,44,289627
25310,4.6e-05,172.253.118.0-255,1484,7771,44,289627
25311,4.8e-05,172.31.46.0-255,66,7837,44,289627
25312,7.1e-05,172.253.118.0-255,4320,12157,44,289627
25313,7.3e-05,172.31.46.0-255,66,12223,44,289627
25314,0.000105,172.253.118.0-255,6393,18616,44,289627
25315,0.000107,172.31.46.0-255,66,18682,44,289627
25316,0.000114,172.253.118.0-255,7156,25838,44,289627
25317,0.000116,172.31.46.0-255,66,25904,44,289627
25318,0.000145,172.253.118.0-255,5379,31283,44,289627
25319,0.000147,172.31.46.0-255,66,31349,44,289627
25320,0.000452,172.253.118.0-255,1484,32833,44,289627
25321,0.000457,172.31.46.0-255,66,32899,44,289627
25322,0.000462,172.253.118.0-255,2902,35801,44,289627
25323,0.000463,172.31.46.0-255,66,35867,44,289627
25324,0.000487,172.253.118.0-255,5738,41605,44,289627
25325,0.000489,172.31.46.0-255,66,41671,44,289627
25326,0.000524,172.253.118.0-255,1484,43155,44,289627
25327,0.000527,172.31.46.0-255,66,43221,44,289627
25328,0.000555,172.31.46.0-255,66,43287,44,289627
25329,0.00056,172.253.118.0-255,4320,47607,44,289627
25330,0.000562,172.31.46.0-255,66,47673,44,289627
25331,0.000596,172.253.118.0-255,1484,49157,44,289627
25332,0.000599,172.31.46.0-255,66,49223,44,289627
25333,0.000624,172.253.118.0-255,6797,56020,44,289627
25334,0.000626,172.31.46.0-255,66,56086,44,289627
25335,0.000879,172.253.118.0-255,646,56732,44,289627
25336,0.000901,172.31.46.0-255,66,56798,44,289627
25337,0.001049,172.253.118.0-255,1484,58282,44,289627
25338,0.001056,172.253.118.0-255,1484,59766,44,289627
25339,0.001059,172.31.46.0-255,66,59832,44,289627
25340,0.001078,172.253.118.0-255,1484,61316,44,289627
25341,0.001085,172.253.118.0-255,5738,67054,44,289627
25342,0.001087,172.31.46.0-255,66,67120,44,289627
25343,0.001091,172.253.118.0-255,2902,70022,44,289627
25344,0.001093,172.31.46.0-255,66,70088,44,289627
25345,0.001108,172.253.118.0-255,2902,72990,44,289627
25346,0.001109,172.31.46.0-255,66,73056,44,289627
25347,0.001143,172.253.118.0-255,5738,78794,44,289627
25348,0.001145,172.31.46.0-255,66,78860,44,289627
25349,0.001174,172.31.46.0-255,66,78926,44,289627
25350,0.001179,172.253.118.0-255,3961,82887,44,289627
25351,0.001181,172.31.46.0-255,66,82953,44,289627
25352,0.001447,172.253.118.0-255,1484,84437,44,289627
25353,0.001463,172.253.118.0-255,2902,87339,44,289627
25354,0.001467,172.31.46.0-255,66,87405,44,289627
25355,0.001472,172.253.118.0-255,2902,90307,44,289627
25356,0.001473,172.31.46.0-255,66,90373,44,289627
25357,0.001489,172.253.118.0-255,2902,93275,44,289627
25358,0.001491,172.31.46.0-255,66,93341,44,289627
25359,0.001527,172.31.46.0-255,66,93407,44,289627
25360,0.001542,172.253.118.0-255,4320,97727,44,289627
25361,0.001545,172.31.46.0-255,66,97793,44,289627
25362,0.001567,172.31.46.0-255,66,97859,44,289627
25363,0.001661,172.253.118.0-255,1484,99343,44,289627
25364,0.001667,172.253.118.0-255,2902,102245,44,289627
25365,0.001671,172.31.46.0-255,66,102311,44,289627
25366,0.00171,172.253.118.0-255,5738,108049,44,289627
25367,0.001713,172.31.46.0-255,66,108115,44,289627
25368,0.001724,172.253.118.0-255,1484,109599,44,289627
25369,0.001744,172.253.118.0-255,5738,115337,44,289627
25370,0.001747,172.31.46.0-255,66,115403,44,289627
25371,0.001779,172.253.118.0-255,2902,118305,44,289627
25372,0.001783,172.31.46.0-255,66,118371,44,289627
25373,0.001803,172.253.118.0-255,7156,125527,44,289627
25374,0.001805,172.31.46.0-255,66,125593,44,289627
25375,0.001838,172.253.118.0-255,6438,132031,44,289627
25376,0.00184,172.31.46.0-255,66,132097,44,289627
25377,0.002039,172.253.118.0-255,1484,133581,44,289627
25378,0.002043,172.253.118.0-255,1484,135065,44,289627
25379,0.002045,172.31.46.0-255,66,135131,44,289627
25380,0.002059,172.253.118.0-255,1484,136615,44,289627
25381,0.002062,172.253.118.0-255,1484,138099,44,289627
25382,0.002064,172.31.46.0-255,66,138165,44,289627
25383,0.002087,172.253.118.0-255,4320,142485,44,289627
25384,0.00209,172.31.46.0-255,66,142551,44,289627
25385,0.002095,172.253.118.0-255,4320,146871,44,289627
25386,0.002098,172.31.46.0-255,66,146937,44,289627
25387,0.002122,172.31.46.0-255,66,147003,44,289627
25388,0.002134,172.31.46.0-255,66,147069,44,289627
25389,0.00238,172.253.118.0-255,1484,148553,44,289627
25390,0.002385,172.253.118.0-255,2902,151455,44,289627
25391,0.002387,172.31.46.0-255,66,151521,44,289627
25392,0.002406,172.253.118.0-255,1484,153005,44,289627
25393,0.002422,172.253.118.0-255,4320,157325,44,289627
25394,0.002425,172.31.46.0-255,66,157391,44,289627
25395,0.002432,172.253.118.0-255,7156,164547,44,289627
25396,0.002435,172.31.46.0-255,66,164613,44,289627
25397,0.002478,172.31.46.0-255,66,164679,44,289627
25398,0.002494,172.253.118.0-255,1484,166163,44,289627
25399,0.002498,172.253.118.0-255,2184,168347,44,289627
25400,0.002501,172.31.46.0-255,66,168413,44,289627
25401,0.002521,172.253.118.0-255,2902,171315,44,289627
25402,0.002524,172.31.46.0-255,66,171381,44,289627
25403,0.002546,172.253.118.0-255,2902,174283,44,289627
25404,0.002549,172.31.46.0-255,66,174349,44,289627
25405,0.002553,172.253.118.0-255,2902,177251,44,289627
25406,0.002556,172.31.46.0-255,66,177317,44,289627
25407,0.005069,172.253.118.0-255,4320,181637,44,289627
25408,0.005072,172.31.46.0-255,66,181703,44,289627
25409,0.005098,172.253.118.0-255,1484,183187,44,289627
25410,0.007612,172.253.118.0-255,4320,187507,44,289627
25411,0.007621,172.31.46.0-255,66,187573,44,289627
25412,0.010189,172.253.118.0-255,5738,193311,44,289627
25413,0.010195,172.31.46.0-255,66,193377,44,289627
25414,0.012746,172.253.118.0-255,5738,199115,44,289627
25415,0.012755,172.31.46.0-255,66,199181,44,289627
25416,0.015291,172.253.118.0-255,5738,204919,44,289627
25417,0.015298,172.31.46.0-255,66,204985,44,289627
25418,0.017809,172.253.118.0-255,5738,210723,44,289627
25419,0.017817,172.31.46.0-255,66,210789,44,289627
25420,0.020393,172.253.118.0-255,5738,216527,44,289627
25421,0.020403,172.31.46.0-255,66,216593,44,289627
25422,0.022937,172.253.118.0-255,5738,222331,44,289627
25423,0.022945,172.31.46.0-255,66,222397,44,289627
25424,0.025473,172.253.118.0-255,5738,228135,44,289627
25425,0.025481,172.31.46.0-255,66,228201,44,289627
25426,0.028018,172.253.118.0-255,5738,233939,44,289627
25427,0.028026,172.31.46.0-255,66,234005,44,289627
25428,0.030558,172.253.118.0-255,5738,239743,44,289627
25429,0.030567,172.31.46.0-255,66,239809,44,289627
25430,0.033095,172.253.118.0-255,5738,245547,44,289627
25431,0.033104,172.31.46.0-255,66,245613,44,289627
25432,0.035652,172.253.118.0-255,5738,251351,44,289627
25433,0.03566,172.31.46.0-255,66,251417,44,289627
25434,0.037959,172.31.46.0-255,172,251589,44,289627
25435,0.037991,172.31.46.0-255,1114,252703,44,289627
25436,0.038064,172.31.46.0-255,1514,254217,44,289627
25437,0.038066,172.31.46.0-255,1514,255731,44,289627
25438,0.038071,172.31.46.0-255,1514,257245,44,289627
25439,0.038073,172.31.46.0-255,1514,258759,44,289627
25440,0.03809,172.31.46.0-255,1514,260273,44,289627
25441,0.038091,172.31.46.0-255,70,260343,44,289627
25442,0.038194,172.253.118.0-255,5738,266081,44,289627
25443,0.038201,172.31.46.0-255,66,266147,44,289627
25444,0.039548,104.244.42.0-255,66,266213,44,289627
25445,0.039556,104.244.42.0-255,66,266279,44,289627
25446,0.039646,104.244.42.0-255,66,266345,44,289627
25447,0.039751,104.244.42.0-255,66,266411,44,289627
25448,0.040745,172.253.118.0-255,5738,272149,44,289627
25449,0.040751,172.31.46.0-255,66,272215,44,289627
25450,0.043285,172.253.118.0-255,5738,277953,44,289627
25451,0.043296,172.31.46.0-255,66,278019,44,289627
25452,0.045841,172.253.118.0-255,5738,283757,44,289627
25453,0.045849,172.31.46.0-255,66,283823,44,289627
25454,0.048405,172.253.118.0-255,5738,289561,44,289627
25455,0.048411,172.31.46.0-255,66,289627,44,289627
25456,0.0,74.125.200.0-255,152,152,44,265188
25457,2.4e-05,172.31.46.0-255,66,218,44,265188
25458,3.2e-05,74.125.200.0-255,1484,1702,44,265188
25459,3.7e-05,172.31.46.0-255,66,1768,44,265188
25460,5.1e-05,74.125.200.0-255,2902,4670,44,265188
25461,5.6e-05,172.31.46.0-255,66,4736,44,265188
25462,6.2e-05,74.125.200.0-255,5738,10474,44,265188
25463,6.5e-05,172.31.46.0-255,66,10540,44,265188
25464,7.2e-05,74.125.200.0-255,3512,14052,44,265188
25465,7.4e-05,172.31.46.0-255,66,14118,44,265188
25466,8.1e-05,74.125.200.0-255,4320,18438,44,265188
25467,8.4e-05,172.31.46.0-255,66,18504,44,265188
25468,0.000137,172.31.46.0-255,66,18570,44,265188
25469,0.00014,74.125.200.0-255,1484,20054,44,265188
25470,0.000142,172.31.46.0-255,66,20120,44,265188
25471,0.000181,74.125.200.0-255,1125,21245,44,265188
25472,0.000183,172.31.46.0-255,66,21311,44,265188
25473,0.000221,74.125.200.0-255,1484,22795,44,265188
25474,0.000223,172.31.46.0-255,66,22861,44,265188
25475,0.000226,74.125.200.0-255,1484,24345,44,265188
25476,0.000228,172.31.46.0-255,66,24411,44,265188
25477,0.000256,74.125.200.0-255,1484,25895,44,265188
25478,0.000258,172.31.46.0-255,66,25961,44,265188
25479,0.000265,74.125.200.0-255,5738,31699,44,265188
25480,0.000268,172.31.46.0-255,66,31765,44,265188
25481,0.00029,74.125.200.0-255,2902,34667,44,265188
25482,0.000292,172.31.46.0-255,66,34733,44,265188
25483,0.000324,74.125.200.0-255,3961,38694,44,265188
25484,0.000327,172.31.46.0-255,66,38760,44,265188
25485,0.000331,74.125.200.0-255,2902,41662,44,265188
25486,0.000333,172.31.46.0-255,66,41728,44,265188
25487,0.000368,74.125.200.0-255,4320,46048,44,265188
25488,0.000371,172.31.46.0-255,66,46114,44,265188
25489,0.000381,172.31.46.0-255,66,46180,44,265188
25490,0.000384,74.125.200.0-255,1396,47576,44,265188
25491,0.000409,74.125.200.0-255,133,47709,44,265188
25492,0.000508,74.125.200.0-255,1484,49193,44,265188
25493,0.000514,172.31.46.0-255,66,49259,44,265188
25494,0.000548,74.125.200.0-255,2902,52161,44,265188
25495,0.000551,172.31.46.0-255,66,52227,44,265188
25496,0.000555,74.125.200.0-255,2902,55129,44,265188
25497,0.000557,172.31.46.0-255,66,55195,44,265188
25498,0.00057,74.125.200.0-255,4320,59515,44,265188
25499,0.000572,172.31.46.0-255,66,59581,44,265188
25500,0.000603,74.125.200.0-255,5738,65319,44,265188
25501,0.000606,172.31.46.0-255,66,65385,44,265188
25502,0.000633,74.125.200.0-255,2902,68287,44,265188
25503,0.000635,172.31.46.0-255,66,68353,44,265188
25504,0.000641,74.125.200.0-255,4320,72673,44,265188
25505,0.000643,172.31.46.0-255,66,72739,44,265188
25506,0.000656,172.31.46.0-255,66,72805,44,265188
25507,0.00066,74.125.200.0-255,2902,75707,44,265188
25508,0.000665,172.31.46.0-255,66,75773,44,265188
25509,0.000678,74.125.200.0-255,7156,82929,44,265188
25510,0.00068,172.31.46.0-255,66,82995,44,265188
25511,0.000704,74.125.200.0-255,1484,84479,44,265188
25512,0.00071,74.125.200.0-255,3663,88142,44,265188
25513,0.000712,172.31.46.0-255,66,88208,44,265188
25514,0.001329,74.125.200.0-255,1484,89692,44,265188
25515,0.001355,74.125.200.0-255,2902,92594,44,265188
25516,0.001359,172.31.46.0-255,66,92660,44,265188
25517,0.001388,74.125.200.0-255,1484,94144,44,265188
25518,0.0014,74.125.200.0-255,2902,97046,44,265188
25519,0.001403,172.31.46.0-255,66,97112,44,265188
25520,0.001434,74.125.200.0-255,5738,102850,44,265188
25521,0.001437,172.31.46.0-255,66,102916,44,265188
25522,0.001475,172.31.46.0-255,66,102982,44,265188
25523,0.00151,172.31.46.0-255,66,103048,44,265188
25524,0.001581,74.125.200.0-255,1484,104532,44,265188
25525,0.001586,74.125.200.0-255,1484,106016,44,265188
25526,0.001588,172.31.46.0-255,66,106082,44,265188
25527,0.001612,74.125.200.0-255,1484,107566,44,265188
25528,0.001615,74.125.200.0-255,1484,109050,44,265188
25529,0.001618,172.31.46.0-255,66,109116,44,265188
25530,0.001645,74.125.200.0-255,2902,112018,44,265188
25531,0.001648,172.31.46.0-255,66,112084,44,265188
25532,0.001658,172.31.46.0-255,66,112150,44,265188
25533,0.001663,74.125.200.0-255,2902,115052,44,265188
25534,0.001665,172.31.46.0-255,66,115118,44,265188
25535,0.001699,172.31.46.0-255,66,115184,44,265188
25536,0.001727,74.125.200.0-255,1484,116668,44,265188
25537,0.00173,74.125.200.0-255,766,117434,44,265188
25538,0.001733,172.31.46.0-255,66,117500,44,265188
25539,0.001736,74.125.200.0-255,1484,118984,44,265188
25540,0.001761,74.125.200.0-255,4320,123304,44,265188
25541,0.001764,172.31.46.0-255,66,123370,44,265188
25542,0.001771,74.125.200.0-255,5738,129108,44,265188
25543,0.001774,172.31.46.0-255,66,129174,44,265188
25544,0.001782,74.125.200.0-255,1484,130658,44,265188
25545,0.001818,74.125.200.0-255,4320,134978,44,265188
25546,0.001822,172.31.46.0-255,66,135044,44,265188
25547,0.00183,172.31.46.0-255,66,135110,44,265188
25548,0.001864,74.125.200.0-255,6438,141548,44,265188
25549,0.001867,172.31.46.0-255,66,141614,44,265188
25550,0.002186,74.125.200.0-255,1484,143098,44,265188
25551,0.002204,74.125.200.0-255,2902,146000,44,265188
25552,0.002208,172.31.46.0-255,66,146066,44,265188
25553,0.002214,74.125.200.0-255,4320,150386,44,265188
25554,0.002216,172.31.46.0-255,66,150452,44,265188
25555,0.002259,172.31.46.0-255,66,150518,44,265188
25556,0.00227,172.31.46.0-255,66,150584,44,265188
25557,0.002312,74.125.200.0-255,5738,156322,44,265188
25558,0.002316,172.31.46.0-255,66,156388,44,265188
25559,0.002347,74.125.200.0-255,2184,158572,44,265188
25560,0.00235,172.31.46.0-255,66,158638,44,265188
25561,0.002464,74.125.200.0-255,1484,160122,44,265188
25562,0.00248,74.125.200.0-255,2902,163024,44,265188
25563,0.002483,172.31.46.0-255,66,163090,44,265188
25564,0.002512,74.125.200.0-255,5738,168828,44,265188
25565,0.002515,172.31.46.0-255,66,168894,44,265188
25566,0.002518,74.125.200.0-255,1484,170378,44,265188
25567,0.002554,172.31.46.0-255,66,170444,44,265188
25568,0.002593,74.125.200.0-255,1484,171928,44,265188
25569,0.002623,172.31.46.0-255,66,171994,44,265188
25570,0.002639,172.31.46.0-255,66,172060,44,265188
25571,0.005228,74.125.200.0-255,5738,177798,44,265188
25572,0.009353,172.31.46.0-255,66,177864,44,265188
25573,0.011934,74.125.200.0-255,2902,180766,44,265188
25574,0.011942,172.31.46.0-255,66,180832,44,265188
25575,0.011971,74.125.200.0-255,2902,183734,44,265188
25576,0.011974,172.31.46.0-255,66,183800,44,265188
25577,0.014516,74.125.200.0-255,2902,186702,44,265188
25578,0.014523,172.31.46.0-255,66,186768,44,265188
25579,0.014544,74.125.200.0-255,2902,189670,44,265188
25580,0.014548,172.31.46.0-255,66,189736,44,265188
25581,0.017111,74.125.200.0-255,5738,195474,44,265188
25582,0.017119,172.31.46.0-255,66,195540,44,265188
25583,0.019702,74.125.200.0-255,5738,201278,44,265188
25584,0.01971,172.31.46.0-255,66,201344,44,265188
25585,0.022309,74.125.200.0-255,5738,207082,44,265188
25586,0.022316,172.31.46.0-255,66,207148,44,265188
25587,0.024913,74.125.200.0-255,5738,212886,44,265188
25588,0.024922,172.31.46.0-255,66,212952,44,265188
25589,0.027512,74.125.200.0-255,5738,218690,44,265188
25590,0.02752,172.31.46.0-255,66,218756,44,265188
25591,0.030105,74.125.200.0-255,5738,224494,44,265188
25592,0.030114,172.31.46.0-255,66,224560,44,265188
25593,0.032719,74.125.200.0-255,5738,230298,44,265188
25594,0.032741,172.31.46.0-255,66,230364,44,265188
25595,0.035338,74.125.200.0-255,5738,236102,44,265188
25596,0.035357,172.31.46.0-255,66,236168,44,265188
25597,0.03796,74.125.200.0-255,5738,241906,44,265188
25598,0.037975,172.31.46.0-255,66,241972,44,265188
25599,0.040573,74.125.200.0-255,5738,247710,44,265188
25600,0.040585,172.31.46.0-255,66,247776,44,265188
25601,0.043169,74.125.200.0-255,5738,253514,44,265188
25602,0.043184,172.31.46.0-255,66,253580,44,265188
25603,0.045775,74.125.200.0-255,5738,259318,44,265188
25604,0.045793,172.31.46.0-255,66,259384,44,265188
25605,0.048379,74.125.200.0-255,5738,265122,44,265188
25606,0.048387,172.31.46.0-255,66,265188,44,265188
25607,0.0,172.217.194.0-255,153,153,44,306340
25608,2.1e-05,172.31.46.0-255,66,219,44,306340
25609,2.7e-05,172.217.194.0-255,1484,1703,44,306340
25610,3.1e-05,172.31.46.0-255,66,1769,44,306340
25611,3.6e-05,172.217.194.0-255,2902,4671,44,306340
25612,3.9e-05,172.31.46.0-255,66,4737,44,306340
25613,4.6e-05,172.217.194.0-255,7156,11893,44,306340
25614,4.9e-05,172.31.46.0-255,66,11959,44,306340
25615,5.3e-05,172.217.194.0-255,2105,14064,44,306340
25616,5.5e-05,172.31.46.0-255,66,14130,44,306340
25617,9e-05,172.217.194.0-255,1484,15614,44,306340
25618,9.2e-05,172.31.46.0-255,66,15680,44,306340
25619,0.000113,172.217.194.0-255,2902,18582,44,306340
25620,0.000115,172.31.46.0-255,66,18648,44,306340
25621,0.000118,172.217.194.0-255,1484,20132,44,306340
25622,0.00012,172.31.46.0-255,66,20198,44,306340
25623,0.000134,172.217.194.0-255,4320,24518,44,306340
25624,0.000136,172.31.46.0-255,66,24584,44,306340
25625,0.000146,172.217.194.0-255,1484,26068,44,306340
25626,0.000148,172.31.46.0-255,66,26134,44,306340
25627,0.000172,172.217.194.0-255,5379,31513,44,306340
25628,0.000174,172.31.46.0-255,66,31579,44,306340
25629,0.000181,172.217.194.0-255,7156,38735,44,306340
25630,0.000182,172.31.46.0-255,66,38801,44,306340
25631,0.000218,172.31.46.0-255,66,38867,44,306340
25632,0.0005,172.217.194.0-255,1484,40351,44,306340
25633,0.000506,172.31.46.0-255,66,40417,44,306340
25634,0.000511,172.217.194.0-255,2902,43319,44,306340
25635,0.000513,172.31.46.0-255,66,43385,44,306340
25636,0.000517,172.217.194.0-255,2902,46287,44,306340
25637,0.000519,172.31.46.0-255,66,46353,44,306340
25638,0.000531,172.217.194.0-255,1484,47837,44,306340
25639,0.000541,172.217.194.0-255,1484,49321,44,306340
25640,0.000543,172.31.46.0-255,66,49387,44,306340
25641,0.000562,172.217.194.0-255,7092,56479,44,306340
25642,0.000565,172.31.46.0-255,66,56545,44,306340
25643,0.000578,172.217.194.0-255,382,56927,44,306340
25644,0.000728,172.217.194.0-255,1484,58411,44,306340
25645,0.000733,172.31.46.0-255,66,58477,44,306340
25646,0.000749,172.217.194.0-255,1484,59961,44,306340
25647,0.000763,172.217.194.0-255,1484,61445,44,306340
25648,0.000769,172.217.194.0-255,5738,67183,44,306340
25649,0.000772,172.31.46.0-255,66,67249,44,306340
25650,0.000775,172.31.46.0-255,66,67315,44,306340
25651,0.000815,172.217.194.0-255,6797,74112,44,306340
25652,0.000818,172.31.46.0-255,66,74178,44,306340
25653,0.00122,172.217.194.0-255,1484,75662,44,306340
25654,0.001228,172.217.194.0-255,2902,78564,44,306340
25655,0.001232,172.31.46.0-255,66,78630,44,306340
25656,0.001235,172.217.194.0-255,1484,80114,44,306340
25657,0.001254,172.217.194.0-255,4320,84434,44,306340
25658,0.001256,172.31.46.0-255,66,84500,44,306340
25659,0.001261,172.217.194.0-255,4320,88820,44,306340
25660,0.001263,172.31.46.0-255,66,88886,44,306340
25661,0.001299,172.217.194.0-255,2543,91429,44,306340
25662,0.001301,172.31.46.0-255,66,91495,44,306340
25663,0.001351,172.217.194.0-255,1484,92979,44,306340
25664,0.001361,172.217.194.0-255,2902,95881,44,306340
25665,0.001363,172.31.46.0-255,66,95947,44,306340
25666,0.001384,172.217.194.0-255,5738,101685,44,306340
25667,0.001386,172.31.46.0-255,66,101751,44,306340
25668,0.001403,172.217.194.0-255,1484,103235,44,306340
25669,0.001431,172.31.46.0-255,66,103301,44,306340
25670,0.001455,172.217.194.0-255,4320,107621,44,306340
25671,0.001456,172.31.46.0-255,66,107687,44,306340
25672,0.001478,172.217.194.0-255,7156,114843,44,306340
25673,0.00148,172.31.46.0-255,66,114909,44,306340
25674,0.001484,172.217.194.0-255,2184,117093,44,306340
25675,0.001486,172.31.46.0-255,66,117159,44,306340
25676,0.001518,172.217.194.0-255,1484,118643,44,306340
25677,0.001521,172.217.194.0-255,1484,120127,44,306340
25678,0.001523,172.31.46.0-255,66,120193,44,306340
25679,0.001541,172.217.194.0-255,1484,121677,44,306340
25680,0.001547,172.217.194.0-255,5738,127415,44,306340
25681,0.001549,172.31.46.0-255,66,127481,44,306340
25682,0.001554,172.217.194.0-255,4320,131801,44,306340
25683,0.001555,172.31.46.0-255,66,131867,44,306340
25684,0.001603,172.31.46.0-255,66,131933,44,306340
25685,0.001606,172.217.194.0-255,1484,133417,44,306340
25686,0.001623,172.217.194.0-255,6438,139855,44,306340
25687,0.001625,172.31.46.0-255,66,139921,44,306340
25688,0.001705,172.217.194.0-255,1484,141405,44,306340
25689,0.001721,172.217.194.0-255,2902,144307,44,306340
25690,0.001724,172.31.46.0-255,66,144373,44,306340
25691,0.00173,172.217.194.0-255,5738,150111,44,306340
25692,0.001732,172.31.46.0-255,66,150177,44,306340
25693,0.001766,172.31.46.0-255,66,150243,44,306340
25694,0.001784,172.217.194.0-255,1484,151727,44,306340
25695,0.001796,172.31.46.0-255,66,151793,44,306340
25696,0.0018,172.217.194.0-255,2184,153977,44,306340
25697,0.001801,172.31.46.0-255,66,154043,44,306340
25698,0.001955,172.217.194.0-255,1484,155527,44,306340
25699,0.001963,172.217.194.0-255,2902,158429,44,306340
25700,0.001982,172.31.46.0-255,66,158495,44,306340
25701,0.001989,172.217.194.0-255,5738,164233,44,306340
25702,0.001992,172.31.46.0-255,66,164299,44,306340
25703,0.002017,172.217.194.0-255,7156,171455,44,306340
25704,0.00202,172.31.46.0-255,66,171521,44,306340
25705,0.002036,172.217.194.0-255,5738,177259,44,306340
25706,0.002039,172.31.46.0-255,66,177325,44,306340
25707,0.002068,172.217.194.0-255,5738,183063,44,306340
25708,0.002072,172.31.46.0-255,66,183129,44,306340
25709,0.002085,172.217.194.0-255,5020,188149,44,306340
25710,0.002088,172.31.46.0-255,66,188215,44,306340
25711,0.004378,172.217.194.0-255,5738,193953,44,306340
25712,0.004388,172.31.46.0-255,66,194019,44,306340
25713,0.006724,172.217.194.0-255,5738,199757,44,306340
25714,0.00673,172.31.46.0-255,66,199823,44,306340
25715,0.009023,172.217.194.0-255,5738,205561,44,306340
25716,0.009031,172.31.46.0-255,66,205627,44,306340
25717,0.011325,172.217.194.0-255,5738,211365,44,306340
25718,0.011334,172.31.46.0-255,66,211431,44,306340
25719,0.013644,172.217.194.0-255,5738,217169,44,306340
25720,0.013658,172.31.46.0-255,66,217235,44,306340
25721,0.015969,172.217.194.0-255,5738,222973,44,306340
25722,0.015987,172.31.46.0-255,66,223039,44,306340
25723,0.018325,172.217.194.0-255,5738,228777,44,306340
25724,0.018339,172.31.46.0-255,66,228843,44,306340
25725,0.02065,172.217.194.0-255,5738,234581,44,306340
25726,0.020666,172.31.46.0-255,66,234647,44,306340
25727,0.02298,172.217.194.0-255,5738,240385,44,306340
25728,0.022993,172.31.46.0-255,66,240451,44,306340
25729,0.025306,172.217.194.0-255,5738,246189,44,306340
25730,0.025324,172.31.46.0-255,66,246255,44,306340
25731,0.027646,172.217.194.0-255,5738,251993,44,306340
25732,0.027658,172.31.46.0-255,66,252059,44,306340
25733,0.029987,172.217.194.0-255,5738,257797,44,306340
25734,0.029996,172.31.46.0-255,66,257863,44,306340
25735,0.032342,172.217.194.0-255,5738,263601,44,306340
25736,0.032352,172.31.46.0-255,66,263667,44,306340
25737,0.034664,172.217.194.0-255,5738,269405,44,306340
25738,0.034673,172.31.46.0-255,66,269471,44,306340
25739,0.036957,172.217.194.0-255,5738,275209,44,306340
25740,0.036964,172.31.46.0-255,66,275275,44,306340
25741,0.039254,172.217.194.0-255,5738,281013,44,306340
25742,0.039266,172.31.46.0-255,66,281079,44,306340
25743,0.041346,172.31.46.0-255,167,281246,44,306340
25744,0.041379,172.31.46.0-255,1114,282360,44,306340
25745,0.041433,172.31.46.0-255,566,282926,44,306340
25746,0.041556,172.217.194.0-255,5738,288664,44,306340
25747,0.041566,172.31.46.0-255,66,288730,44,306340
25748,0.042895,104.244.42.0-255,66,288796,44,306340
25749,0.042912,104.244.42.0-255,66,288862,44,306340
25750,0.043,104.244.42.0-255,66,288928,44,306340
25751,0.043897,172.217.194.0-255,5738,294666,44,306340
25752,0.043906,172.31.46.0-255,66,294732,44,306340
25753,0.046221,172.217.194.0-255,5738,300470,44,306340
25754,0.046237,172.31.46.0-255,66,300536,44,306340
25755,0.048543,172.217.194.0-255,5738,306274,44,306340
25756,0.048551,172.31.46.0-255,66,306340,44,306340
25757,0.0,172.217.194.0-255,152,152,44,193122
25758,1.6e-05,172.31.46.0-255,66,218,44,193122
25759,2.2e-05,172.217.194.0-255,1484,1702,44,193122
25760,2.6e-05,172.31.46.0-255,66,1768,44,193122
25761,3.1e-05,172.217.194.0-255,2902,4670,44,193122
25762,3.5e-05,172.31.46.0-255,66,4736,44,193122
25763,3.9e-05,172.217.194.0-255,2902,7638,44,193122
25764,4.3e-05,172.31.46.0-255,66,7704,44,193122
25765,9.5e-05,172.217.194.0-255,4320,12024,44,193122
25766,9.8e-05,172.31.46.0-255,66,12090,44,193122
25767,0.000117,172.217.194.0-255,2047,14137,44,193122
25768,0.000119,172.31.46.0-255,66,14203,44,193122
25769,0.000153,172.217.194.0-255,1484,15687,44,193122
25770,0.000156,172.31.46.0-255,66,15753,44,193122
25771,0.000159,172.217.194.0-255,1484,17237,44,193122
25772,0.00016,172.31.46.0-255,66,17303,44,193122
25773,0.000172,172.217.194.0-255,1484,18787,44,193122
25774,0.000174,172.31.46.0-255,66,18853,44,193122
25775,0.00018,172.217.194.0-255,4320,23173,44,193122
25776,0.000182,172.31.46.0-255,66,23239,44,193122
25777,0.000208,172.217.194.0-255,1484,24723,44,193122
25778,0.00021,172.31.46.0-255,66,24789,44,193122
25779,0.000217,172.217.194.0-255,6797,31586,44,193122
25780,0.000219,172.31.46.0-255,66,31652,44,193122
25781,0.000279,172.217.194.0-255,1484,33136,44,193122
25782,0.000282,172.31.46.0-255,66,33202,44,193122
25783,0.000286,172.217.194.0-255,2902,36104,44,193122
25784,0.000289,172.31.46.0-255,66,36170,44,193122
25785,0.000304,172.217.194.0-255,5738,41908,44,193122
25786,0.000306,172.31.46.0-255,66,41974,44,193122
25787,0.000347,172.31.46.0-255,66,42040,44,193122
25788,0.000368,172.217.194.0-255,1125,43165,44,193122
25789,0.000379,172.31.46.0-255,66,43231,44,193122
25790,0.000552,172.217.194.0-255,646,43877,44,193122
25791,0.000874,172.31.46.0-255,66,43943,44,193122
25792,0.001434,172.217.194.0-255,1484,45427,44,193122
25793,0.001443,172.217.194.0-255,2902,48329,44,193122
25794,0.001447,172.31.46.0-255,66,48395,44,193122
25795,0.001455,172.217.194.0-255,5738,54133,44,193122
25796,0.001457,172.31.46.0-255,66,54199,44,193122
25797,0.00146,172.217.194.0-255,1484,55683,44,193122
25798,0.001487,172.217.194.0-255,2902,58585,44,193122
25799,0.001489,172.31.46.0-255,66,58651,44,193122
25800,0.001507,172.217.194.0-255,1994,60645,44,193122
25801,0.001509,172.31.46.0-255,66,60711,44,193122
25802,0.003723,172.217.194.0-255,2902,63613,44,193122
25803,0.003729,172.31.46.0-255,66,63679,44,193122
25804,0.003762,172.217.194.0-255,2902,66581,44,193122
25805,0.003765,172.31.46.0-255,66,66647,44,193122
25806,0.005976,172.217.194.0-255,2902,69549,44,193122
25807,0.00598,172.31.46.0-255,66,69615,44,193122
25808,0.006022,172.217.194.0-255,2902,72517,44,193122
25809,0.006024,172.31.46.0-255,66,72583,44,193122
25810,0.008249,172.217.194.0-255,2902,75485,44,193122
25811,0.008257,172.31.46.0-255,66,75551,44,193122
25812,0.008289,172.217.194.0-255,2902,78453,44,193122
25813,0.008292,172.31.46.0-255,66,78519,44,193122
25814,0.0105,172.217.194.0-255,2902,81421,44,193122
25815,0.010508,172.31.46.0-255,66,81487,44,193122
25816,0.010557,172.217.194.0-255,2902,84389,44,193122
25817,0.01056,172.31.46.0-255,66,84455,44,193122
25818,0.012782,172.217.194.0-255,2902,87357,44,193122
25819,0.012793,172.31.46.0-255,66,87423,44,193122
25820,0.012818,172.217.194.0-255,2902,90325,44,193122
25821,0.012822,172.31.46.0-255,66,90391,44,193122
25822,0.015053,172.217.194.0-255,2902,93293,44,193122
25823,0.015062,172.31.46.0-255,66,93359,44,193122
25824,0.015082,172.217.194.0-255,2902,96261,44,193122
25825,0.015085,172.31.46.0-255,66,96327,44,193122
25826,0.01732,172.217.194.0-255,2902,99229,44,193122
25827,0.017326,172.31.46.0-255,66,99295,44,193122
25828,0.017366,172.217.194.0-255,2902,102197,44,193122
25829,0.017369,172.31.46.0-255,66,102263,44,193122
25830,0.019591,172.217.194.0-255,2902,105165,44,193122
25831,0.019599,172.31.46.0-255,66,105231,44,193122
25832,0.019621,172.217.194.0-255,2902,108133,44,193122
25833,0.019624,172.31.46.0-255,66,108199,44,193122
25834,0.021846,172.217.194.0-255,2902,111101,44,193122
25835,0.021854,172.31.46.0-255,66,111167,44,193122
25836,0.021889,172.217.194.0-255,2902,114069,44,193122
25837,0.021892,172.31.46.0-255,66,114135,44,193122
25838,0.024105,172.217.194.0-255,2902,117037,44,193122
25839,0.024112,172.31.46.0-255,66,117103,44,193122
25840,0.024133,172.217.194.0-255,2902,120005,44,193122
25841,0.024135,172.31.46.0-255,66,120071,44,193122
25842,0.026373,172.217.194.0-255,5738,125809,44,193122
25843,0.026382,172.31.46.0-255,66,125875,44,193122
25844,0.028661,172.217.194.0-255,5738,131613,44,193122
25845,0.028668,172.31.46.0-255,66,131679,44,193122
25846,0.030943,172.217.194.0-255,5738,137417,44,193122
25847,0.030952,172.31.46.0-255,66,137483,44,193122
25848,0.031917,172.31.46.0-255,188,137671,44,193122
25849,0.031957,172.31.46.0-255,955,138626,44,193122
25850,0.032017,172.31.46.0-255,1514,140140,44,193122
25851,0.032019,172.31.46.0-255,1514,141654,44,193122
25852,0.03202,172.31.46.0-255,1514,143168,44,193122
25853,0.032021,172.31.46.0-255,1514,144682,44,193122
25854,0.032048,172.31.46.0-255,1514,146196,44,193122
25855,0.032054,172.31.46.0-255,230,146426,44,193122
25856,0.03322,172.217.194.0-255,5738,152164,44,193122
25857,0.033227,172.31.46.0-255,66,152230,44,193122
25858,0.033478,104.244.42.0-255,66,152296,44,193122
25859,0.033526,104.244.42.0-255,66,152362,44,193122
25860,0.033588,104.244.42.0-255,66,152428,44,193122
25861,0.033728,104.244.42.0-255,66,152494,44,193122
25862,0.035487,172.217.194.0-255,5738,158232,44,193122
25863,0.035493,172.31.46.0-255,66,158298,44,193122
25864,0.037762,172.217.194.0-255,5738,164036,44,193122
25865,0.037769,172.31.46.0-255,66,164102,44,193122
25866,0.040068,172.217.194.0-255,5738,169840,44,193122
25867,0.040077,172.31.46.0-255,66,169906,44,193122
25868,0.042343,172.217.194.0-255,5738,175644,44,193122
25869,0.042349,172.31.46.0-255,66,175710,44,193122
25870,0.044605,172.217.194.0-255,5738,181448,44,193122
25871,0.044611,172.31.46.0-255,66,181514,44,193122
25872,0.046861,172.217.194.0-255,5738,187252,44,193122
25873,0.046868,172.31.46.0-255,66,187318,44,193122
25874,0.049132,172.217.194.0-255,5738,193056,44,193122
25875,0.049138,172.31.46.0-255,66,193122,44,193122
25876,0.0,74.125.24.0-255,146,146,44,216341
25877,1.6e-05,172.31.46.0-255,66,212,44,216341
25878,4.9e-05,74.125.24.0-255,1484,1696,44,216341
25879,5.4e-05,172.31.46.0-255,66,1762,44,216341
25880,5.9e-05,74.125.24.0-255,2902,4664,44,216341
25881,6.3e-05,172.31.46.0-255,66,4730,44,216341
25882,7.5e-05,74.125.24.0-255,7156,11886,44,216341
25883,7.8e-05,172.31.46.0-255,66,11952,44,216341
25884,8.2e-05,74.125.24.0-255,2066,14018,44,216341
25885,8.5e-05,172.31.46.0-255,66,14084,44,216341
25886,0.000286,74.125.24.0-255,1484,15568,44,216341
25887,0.000291,172.31.46.0-255,66,15634,44,216341
25888,0.000298,74.125.24.0-255,2902,18536,44,216341
25889,0.000301,172.31.46.0-255,66,18602,44,216341
25890,0.000328,74.125.24.0-255,5738,24340,44,216341
25891,0.000331,172.31.46.0-255,66,24406,44,216341
25892,0.000336,74.125.24.0-255,4320,28726,44,216341
25893,0.000338,172.31.46.0-255,66,28792,44,216341
25894,0.00036,74.125.24.0-255,2543,31335,44,216341
25895,0.000362,172.31.46.0-255,66,31401,44,216341
25896,0.000472,74.125.24.0-255,1484,32885,44,216341
25897,0.000476,172.31.46.0-255,66,32951,44,216341
25898,0.000481,74.125.24.0-255,2902,35853,44,216341
25899,0.000484,172.31.46.0-255,66,35919,44,216341
25900,0.000496,74.125.24.0-255,5738,41657,44,216341
25901,0.000499,172.31.46.0-255,66,41723,44,216341
25902,0.000559,172.31.46.0-255,66,41789,44,216341
25903,0.000599,172.31.46.0-255,66,41855,44,216341
25904,0.000602,74.125.24.0-255,400,42255,44,216341
25905,0.000604,172.31.46.0-255,66,42321,44,216341
25906,0.00069,74.125.24.0-255,109,42430,44,216341
25907,0.000831,74.125.24.0-255,1484,43914,44,216341
25908,0.000839,74.125.24.0-255,2902,46816,44,216341
25909,0.000857,74.125.24.0-255,5738,52554,44,216341
25910,0.000868,172.31.46.0-255,66,52620,44,216341
25911,0.000875,74.125.24.0-255,4320,56940,44,216341
25912,0.000885,172.31.46.0-255,66,57006,44,216341
25913,0.000892,74.125.24.0-255,2543,59549,44,216341
25914,0.000918,74.125.24.0-255,4320,63869,44,216341
25915,0.000958,74.125.24.0-255,2543,66412,44,216341
25916,0.000972,172.31.46.0-255,66,66478,44,216341
25917,0.001428,74.125.24.0-255,1484,67962,44,216341
25918,0.001433,74.125.24.0-255,1484,69446,44,216341
25919,0.001436,172.31.46.0-255,66,69512,44,216341
25920,0.001464,74.125.24.0-255,1484,70996,44,216341
25921,0.00147,74.125.24.0-255,5738,76734,44,216341
25922,0.001477,74.125.24.0-255,7156,83890,44,216341
25923,0.001482,172.31.46.0-255,66,83956,44,216341
25924,0.001515,74.125.24.0-255,5738,89694,44,216341
25925,0.001532,172.31.46.0-255,66,89760,44,216341
25926,0.001554,74.125.24.0-255,1484,91244,44,216341
25927,0.001559,74.125.24.0-255,2902,94146,44,216341
25928,0.001562,172.31.46.0-255,66,94212,44,216341
25929,0.001567,74.125.24.0-255,2902,97114,44,216341
25930,0.001589,74.125.24.0-255,2902,100016,44,216341
25931,0.001612,172.31.46.0-255,66,100082,44,216341
25932,0.001641,74.125.24.0-255,4320,104402,44,216341
25933,0.001647,172.31.46.0-255,66,104468,44,216341
25934,0.001684,74.125.24.0-255,2902,107370,44,216341
25935,0.001689,172.31.46.0-255,66,107436,44,216341
25936,0.001737,74.125.24.0-255,4320,111756,44,216341
25937,0.001753,74.125.24.0-255,5020,116776,44,216341
25938,0.001764,172.31.46.0-255,66,116842,44,216341
25939,0.001855,74.125.24.0-255,1484,118326,44,216341
25940,0.001861,74.125.24.0-255,2902,121228,44,216341
25941,0.001867,172.31.46.0-255,66,121294,44,216341
25942,0.001903,74.125.24.0-255,5738,127032,44,216341
25943,0.001908,74.125.24.0-255,2902,129934,44,216341
25944,0.001913,74.125.24.0-255,4320,134254,44,216341
25945,0.001931,74.125.24.0-255,5738,139992,44,216341
25946,0.001934,74.125.24.0-255,1484,141476,44,216341
25947,0.001974,172.31.46.0-255,66,141542,44,216341
25948,0.002021,74.125.24.0-255,1484,143026,44,216341
25949,0.002027,74.125.24.0-255,2902,145928,44,216341
25950,0.002037,172.31.46.0-255,66,145994,44,216341
25951,0.002047,74.125.24.0-255,5738,151732,44,216341
25952,0.002083,74.125.24.0-255,1484,153216,44,216341
25953,0.002092,172.31.46.0-255,66,153282,44,216341
25954,0.0021,74.125.24.0-255,7156,160438,44,216341
25955,0.002121,74.125.24.0-255,2184,162622,44,216341
25956,0.002168,74.125.24.0-255,1484,164106,44,216341
25957,0.002173,74.125.24.0-255,2902,167008,44,216341
25958,0.002178,74.125.24.0-255,5738,172746,44,216341
25959,0.002195,74.125.24.0-255,7156,179902,44,216341
25960,0.002219,74.125.24.0-255,4320,184222,44,216341
25961,0.002302,74.125.24.0-255,7156,191378,44,216341
25962,0.002355,74.125.24.0-255,5020,196398,44,216341
25963,0.00236,74.125.24.0-255,5738,202136,44,216341
25964,0.002408,74.125.24.0-255,1484,203620,44,216341
25965,0.002501,74.125.24.0-255,3184,206804,44,216341
25966,0.002527,74.125.24.0-255,105,206909,44,216341
25967,0.00274,172.31.46.0-255,66,206975,44,216341
25968,0.008939,172.31.46.0-255,105,207080,44,216341
25969,0.011428,74.125.24.0-255,66,207146,44,216341
25970,0.037773,172.31.46.0-255,176,207322,44,216341
25971,0.037808,172.31.46.0-255,1114,208436,44,216341
25972,0.03789,172.31.46.0-255,1514,209950,44,216341
25973,0.037892,172.31.46.0-255,1514,211464,44,216341
25974,0.037896,172.31.46.0-255,1514,212978,44,216341
25975,0.037898,172.31.46.0-255,1514,214492,44,216341
25976,0.037921,172.31.46.0-255,1514,216006,44,216341
25977,0.037922,172.31.46.0-255,71,216077,44,216341
25978,0.039282,104.244.42.0-255,66,216143,44,216341
25979,0.039345,104.244.42.0-255,66,216209,44,216341
25980,0.039457,104.244.42.0-255,66,216275,44,216341
25981,0.039471,104.244.42.0-255,66,216341,44,216341
25982,0.0,172.217.194.0-255,153,153,44,286398
25983,2.2e-05,172.31.46.0-255,66,219,44,286398
25984,2.9e-05,172.217.194.0-255,1484,1703,44,286398
25985,3.4e-05,172.31.46.0-255,66,1769,44,286398
25986,3.9e-05,172.217.194.0-255,2902,4671,44,286398
25987,4.2e-05,172.31.46.0-255,66,4737,44,286398
25988,6.7e-05,172.217.194.0-255,5738,10475,44,286398
25989,7e-05,172.31.46.0-255,66,10541,44,286398
25990,8.8e-05,172.217.194.0-255,6257,16798,44,286398
25991,9.1e-05,172.31.46.0-255,66,16864,44,286398
25992,0.000119,172.217.194.0-255,7156,24020,44,286398
25993,0.000121,172.31.46.0-255,66,24086,44,286398
25994,0.000155,172.217.194.0-255,5738,29824,44,286398
25995,0.000157,172.31.46.0-255,66,29890,44,286398
25996,0.00017,172.217.194.0-255,1125,31015,44,286398
25997,0.000172,172.31.46.0-255,66,31081,44,286398
25998,0.000426,172.217.194.0-255,1484,32565,44,286398
25999,0.000432,172.31.46.0-255,66,32631,44,286398
26000,0.000438,172.217.194.0-255,2902,35533,44,286398
26001,0.000441,172.31.46.0-255,66,35599,44,286398
26002,0.000461,172.217.194.0-255,5738,41337,44,286398
26003,0.000466,172.31.46.0-255,66,41403,44,286398
26004,0.000489,172.217.194.0-255,1484,42887,44,286398
26005,0.000491,172.31.46.0-255,66,42953,44,286398
26006,0.000512,172.31.46.0-255,66,43019,44,286398
26007,0.000552,172.217.194.0-255,4320,47339,44,286398
26008,0.000555,172.31.46.0-255,66,47405,44,286398
26009,0.000571,172.217.194.0-255,6438,53843,44,286398
26010,0.000573,172.31.46.0-255,66,53909,44,286398
26011,0.001071,172.217.194.0-255,380,54289,44,286398
26012,0.001076,172.31.46.0-255,66,54355,44,286398
26013,0.001105,172.217.194.0-255,1484,55839,44,286398
26014,0.001122,172.217.194.0-255,2902,58741,44,286398
26015,0.001125,172.31.46.0-255,66,58807,44,286398
26016,0.001145,172.217.194.0-255,5738,64545,44,286398
26017,0.001148,172.217.194.0-255,1484,66029,44,286398
26018,0.001151,172.31.46.0-255,66,66095,44,286398
26019,0.001169,172.217.194.0-255,2902,68997,44,286398
26020,0.001171,172.31.46.0-255,66,69063,44,286398
26021,0.001201,172.31.46.0-255,66,69129,44,286398
26022,0.001204,172.217.194.0-255,1484,70613,44,286398
26023,0.001231,172.217.194.0-255,6438,77051,44,286398
26024,0.001234,172.31.46.0-255,66,77117,44,286398
26025,0.001641,172.217.194.0-255,1484,78601,44,286398
26026,0.001651,172.217.194.0-255,2902,81503,44,286398
26027,0.001655,172.31.46.0-255,66,81569,44,286398
26028,0.001672,172.217.194.0-255,1484,83053,44,286398
26029,0.001692,172.217.194.0-255,2902,85955,44,286398
26030,0.001695,172.31.46.0-255,66,86021,44,286398
26031,0.001711,172.217.194.0-255,4320,90341,44,286398
26032,0.001713,172.31.46.0-255,66,90407,44,286398
26033,0.001739,172.217.194.0-255,1484,91891,44,286398
26034,0.001745,172.217.194.0-255,4320,96211,44,286398
26035,0.001747,172.31.46.0-255,66,96277,44,286398
26036,0.001751,172.217.194.0-255,1484,97761,44,286398
26037,0.001779,172.31.46.0-255,66,97827,44,286398
26038,0.001784,172.217.194.0-255,3602,101429,44,286398
26039,0.001786,172.31.46.0-255,66,101495,44,286398
26040,0.001826,172.217.194.0-255,5738,107233,44,286398
26041,0.001829,172.31.46.0-255,66,107299,44,286398
26042,0.001851,172.31.46.0-255,66,107365,44,286398
26043,0.001888,172.217.194.0-255,2902,110267,44,286398
26044,0.001891,172.31.46.0-255,66,110333,44,286398
26045,0.001907,172.217.194.0-255,4320,114653,44,286398
26046,0.001909,172.31.46.0-255,66,114719,44,286398
26047,0.001946,172.31.46.0-255,66,114785,44,286398
26048,0.00195,172.217.194.0-255,1484,116269,44,286398
26049,0.001954,172.217.194.0-255,2902,119171,44,286398
26050,0.001956,172.31.46.0-255,66,119237,44,286398
26051,0.001962,172.217.194.0-255,5738,124975,44,286398
26052,0.001965,172.31.46.0-255,66,125041,44,286398
26053,0.00199,172.217.194.0-255,7156,132197,44,286398
26054,0.001993,172.31.46.0-255,66,132263,44,286398
26055,0.002023,172.31.46.0-255,66,132329,44,286398
26056,0.002043,172.217.194.0-255,5738,138067,44,286398
26057,0.002045,172.31.46.0-255,66,138133,44,286398
26058,0.002049,172.217.194.0-255,2184,140317,44,286398
26059,0.002052,172.31.46.0-255,66,140383,44,286398
26060,0.002076,172.217.194.0-255,2902,143285,44,286398
26061,0.002079,172.31.46.0-255,66,143351,44,286398
26062,0.002084,172.217.194.0-255,2902,146253,44,286398
26063,0.002086,172.31.46.0-255,66,146319,44,286398
26064,0.002097,172.217.194.0-255,1484,147803,44,286398
26065,0.002149,172.217.194.0-255,7156,154959,44,286398
26066,0.002153,172.31.46.0-255,66,155025,44,286398
26067,0.002169,172.217.194.0-255,1484,156509,44,286398
26068,0.002177,172.217.194.0-255,7156,163665,44,286398
26069,0.002179,172.31.46.0-255,66,163731,44,286398
26070,0.002193,172.31.46.0-255,66,163797,44,286398
26071,0.002227,172.31.46.0-255,66,163863,44,286398
26072,0.002247,172.217.194.0-255,7156,171019,44,286398
26073,0.00225,172.31.46.0-255,66,171085,44,286398
26074,0.002267,172.217.194.0-255,2902,173987,44,286398
26075,0.002269,172.31.46.0-255,66,174053,44,286398
26076,0.002284,172.217.194.0-255,4320,178373,44,286398
26077,0.002286,172.31.46.0-255,66,178439,44,286398
26078,0.002308,172.217.194.0-255,6438,184877,44,286398
26079,0.002311,172.31.46.0-255,66,184943,44,286398
26080,0.002326,172.217.194.0-255,1484,186427,44,286398
26081,0.008282,172.31.46.0-255,66,186493,44,286398
26082,0.010643,172.217.194.0-255,5738,192231,44,286398
26083,0.01065,172.31.46.0-255,66,192297,44,286398
26084,0.012998,172.217.194.0-255,5738,198035,44,286398
26085,0.013006,172.31.46.0-255,66,198101,44,286398
26086,0.015348,172.217.194.0-255,5738,203839,44,286398
26087,0.015356,172.31.46.0-255,66,203905,44,286398
26088,0.01772,172.217.194.0-255,5738,209643,44,286398
26089,0.017729,172.31.46.0-255,66,209709,44,286398
26090,0.020083,172.217.194.0-255,5738,215447,44,286398
26091,0.020094,172.31.46.0-255,66,215513,44,286398
26092,0.022429,172.217.194.0-255,5738,221251,44,286398
26093,0.022436,172.31.46.0-255,66,221317,44,286398
26094,0.024802,172.217.194.0-255,5738,227055,44,286398
26095,0.024809,172.31.46.0-255,66,227121,44,286398
26096,0.027143,172.217.194.0-255,5738,232859,44,286398
26097,0.02715,172.31.46.0-255,66,232925,44,286398
26098,0.02948,172.217.194.0-255,5738,238663,44,286398
26099,0.029488,172.31.46.0-255,66,238729,44,286398
26100,0.029607,172.31.46.0-255,101,238830,44,286398
26101,0.031806,172.217.194.0-255,5738,244568,44,286398
26102,0.031814,172.31.46.0-255,66,244634,44,286398
26103,0.031889,172.217.194.0-255,66,244700,44,286398
26104,0.034165,172.217.194.0-255,5738,250438,44,286398
26105,0.034172,172.31.46.0-255,66,250504,44,286398
26106,0.036481,172.217.194.0-255,5738,256242,44,286398
26107,0.036489,172.31.46.0-255,66,256308,44,286398
26108,0.038897,172.217.194.0-255,5738,262046,44,286398
26109,0.038905,172.31.46.0-255,66,262112,44,286398
26110,0.040199,172.31.46.0-255,172,262284,44,286398
26111,0.040229,172.31.46.0-255,1114,263398,44,286398
26112,0.040312,172.31.46.0-255,1514,264912,44,286398
26113,0.040314,172.31.46.0-255,1514,266426,44,286398
26114,0.040321,172.31.46.0-255,1514,267940,44,286398
26115,0.040322,172.31.46.0-255,1514,269454,44,286398
26116,0.040339,172.31.46.0-255,1514,270968,44,286398
26117,0.04034,172.31.46.0-255,71,271039,44,286398
26118,0.041235,172.217.194.0-255,5738,276777,44,286398
26119,0.041242,172.31.46.0-255,66,276843,44,286398
26120,0.041707,104.244.42.0-255,66,276909,44,286398
26121,0.041808,104.244.42.0-255,66,276975,44,286398
26122,0.041859,104.244.42.0-255,66,277041,44,286398
26123,0.041865,104.244.42.0-255,66,277107,44,286398
26124,0.043565,172.217.194.0-255,5738,282845,44,286398
26125,0.043572,172.31.46.0-255,66,282911,44,286398
26126,0.045937,172.217.194.0-255,3316,286227,44,286398
26127,0.045946,172.31.46.0-255,66,286293,44,286398
26128,0.046155,172.31.46.0-255,105,286398,44,286398
26129,0.0,172.217.194.0-255,143,143,44,176546
26130,2e-05,172.31.46.0-255,66,209,44,176546
26131,2.7e-05,172.217.194.0-255,1484,1693,44,176546
26132,3.1e-05,172.31.46.0-255,66,1759,44,176546
26133,3.6e-05,172.217.194.0-255,2902,4661,44,176546
26134,4.6e-05,172.31.46.0-255,66,4727,44,176546
26135,5.2e-05,172.217.194.0-255,5738,10465,44,176546
26136,5.5e-05,172.31.46.0-255,66,10531,44,176546
26137,8.8e-05,172.217.194.0-255,3510,14041,44,176546
26138,9.1e-05,172.31.46.0-255,66,14107,44,176546
26139,9.8e-05,172.217.194.0-255,4320,18427,44,176546
26140,0.000101,172.31.46.0-255,66,18493,44,176546
26141,0.000137,172.31.46.0-255,66,18559,44,176546
26142,0.000171,172.217.194.0-255,4320,22879,44,176546
26143,0.000174,172.31.46.0-255,66,22945,44,176546
26144,0.000189,172.217.194.0-255,2543,25488,44,176546
26145,0.000194,172.31.46.0-255,66,25554,44,176546
26146,0.000201,172.217.194.0-255,7156,32710,44,176546
26147,0.000203,172.31.46.0-255,66,32776,44,176546
26148,0.000235,172.217.194.0-255,5379,38155,44,176546
26149,0.000238,172.31.46.0-255,66,38221,44,176546
26150,0.000243,172.217.194.0-255,4320,42541,44,176546
26151,0.000245,172.31.46.0-255,66,42607,44,176546
26152,0.000261,172.217.194.0-255,1484,44091,44,176546
26153,0.000267,172.31.46.0-255,66,44157,44,176546
26154,0.000291,172.31.46.0-255,66,44223,44,176546
26155,0.000409,172.217.194.0-255,118,44341,44,176546
26156,0.000413,172.31.46.0-255,66,44407,44,176546
26157,0.000417,172.217.194.0-255,381,44788,44,176546
26158,0.000418,172.31.46.0-255,66,44854,44,176546
26159,0.000621,172.217.194.0-255,1484,46338,44,176546
26160,0.000632,172.217.194.0-255,1484,47822,44,176546
26161,0.000636,172.31.46.0-255,66,47888,44,176546
26162,0.000647,172.217.194.0-255,1484,49372,44,176546
26163,0.000657,172.217.194.0-255,5738,55110,44,176546
26164,0.000659,172.31.46.0-255,66,55176,44,176546
26165,0.000661,172.217.194.0-255,1484,56660,44,176546
26166,0.000701,172.31.46.0-255,66,56726,44,176546
26167,0.000712,172.31.46.0-255,66,56792,44,176546
26168,0.000746,172.217.194.0-255,6438,63230,44,176546
26169,0.000749,172.31.46.0-255,66,63296,44,176546
26170,0.000756,172.217.194.0-255,7156,70452,44,176546
26171,0.000758,172.31.46.0-255,66,70518,44,176546
26172,0.000793,172.31.46.0-255,66,70584,44,176546
26173,0.000798,172.217.194.0-255,5020,75604,44,176546
26174,0.0008,172.31.46.0-255,66,75670,44,176546
26175,0.000835,172.217.194.0-255,1484,77154,44,176546
26176,0.000847,172.217.194.0-255,2902,80056,44,176546
26177,0.000851,172.31.46.0-255,66,80122,44,176546
26178,0.000878,172.217.194.0-255,5738,85860,44,176546
26179,0.000881,172.31.46.0-255,66,85926,44,176546
26180,0.000893,172.31.46.0-255,66,85992,44,176546
26181,0.000907,172.31.46.0-255,66,86058,44,176546
26182,0.000958,172.217.194.0-255,2184,88242,44,176546
26183,0.00096,172.31.46.0-255,66,88308,44,176546
26184,0.000964,172.217.194.0-255,2902,91210,44,176546
26185,0.000966,172.31.46.0-255,66,91276,44,176546
26186,0.00097,172.217.194.0-255,2902,94178,44,176546
26187,0.000972,172.31.46.0-255,66,94244,44,176546
26188,0.000998,172.217.194.0-255,4320,98564,44,176546
26189,0.001001,172.31.46.0-255,66,98630,44,176546
26190,0.001019,172.31.46.0-255,66,98696,44,176546
26191,0.001057,172.31.46.0-255,66,98762,44,176546
26192,0.001067,172.31.46.0-255,66,98828,44,176546
26193,0.001082,172.217.194.0-255,1484,100312,44,176546
26194,0.001104,172.217.194.0-255,7156,107468,44,176546
26195,0.001108,172.31.46.0-255,66,107534,44,176546
26196,0.001142,172.31.46.0-255,66,107600,44,176546
26197,0.001152,172.31.46.0-255,66,107666,44,176546
26198,0.001195,172.31.46.0-255,66,107732,44,176546
26199,0.00121,172.31.46.0-255,66,107798,44,176546
26200,0.001213,172.217.194.0-255,1484,109282,44,176546
26201,0.001217,172.217.194.0-255,2902,112184,44,176546
26202,0.001219,172.31.46.0-255,66,112250,44,176546
26203,0.001225,172.217.194.0-255,5738,117988,44,176546
26204,0.001227,172.31.46.0-255,66,118054,44,176546
26205,0.00127,172.31.46.0-255,66,118120,44,176546
26206,0.00128,172.31.46.0-255,66,118186,44,176546
26207,0.00131,172.217.194.0-255,3602,121788,44,176546
26208,0.001313,172.31.46.0-255,66,121854,44,176546
26209,0.001317,172.217.194.0-255,4320,126174,44,176546
26210,0.00132,172.31.46.0-255,66,126240,44,176546
26211,0.001356,172.31.46.0-255,66,126306,44,176546
26212,0.001393,172.31.46.0-255,66,126372,44,176546
26213,0.001419,172.217.194.0-255,4320,130692,44,176546
26214,0.001422,172.31.46.0-255,66,130758,44,176546
26215,0.001455,172.217.194.0-255,5738,136496,44,176546
26216,0.001458,172.31.46.0-255,66,136562,44,176546
26217,0.001469,172.31.46.0-255,66,136628,44,176546
26218,0.001485,172.31.46.0-255,66,136694,44,176546
26219,0.001544,172.217.194.0-255,1484,138178,44,176546
26220,0.001547,172.217.194.0-255,1484,139662,44,176546
26221,0.00155,172.31.46.0-255,66,139728,44,176546
26222,0.001575,172.217.194.0-255,1484,141212,44,176546
26223,0.001581,172.217.194.0-255,5738,146950,44,176546
26224,0.001584,172.31.46.0-255,66,147016,44,176546
26225,0.00159,172.217.194.0-255,5738,152754,44,176546
26226,0.001592,172.31.46.0-255,66,152820,44,176546
26227,0.001614,172.217.194.0-255,7156,159976,44,176546
26228,0.001617,172.31.46.0-255,66,160042,44,176546
26229,0.001629,172.31.46.0-255,66,160108,44,176546
26230,0.001669,172.217.194.0-255,6840,166948,44,176546
26231,0.001672,172.31.46.0-255,66,167014,44,176546
26232,0.001697,172.217.194.0-255,105,167119,44,176546
26233,0.004238,172.31.46.0-255,66,167185,44,176546
26234,0.004276,172.31.46.0-255,105,167290,44,176546
26235,0.0065,172.217.194.0-255,66,167356,44,176546
26236,0.03296,172.31.46.0-255,172,167528,44,176546
26237,0.032988,172.31.46.0-255,1114,168642,44,176546
26238,0.033056,172.31.46.0-255,1514,170156,44,176546
26239,0.033058,172.31.46.0-255,1514,171670,44,176546
26240,0.033063,172.31.46.0-255,1514,173184,44,176546
26241,0.033064,172.31.46.0-255,1514,174698,44,176546
26242,0.033084,172.31.46.0-255,1514,176212,44,176546
26243,0.033085,172.31.46.0-255,70,176282,44,176546
26244,0.034484,104.244.42.0-255,66,176348,44,176546
26245,0.034531,104.244.42.0-255,66,176414,44,176546
26246,0.034632,104.244.42.0-255,66,176480,44,176546
26247,0.03465,104.244.42.0-255,66,176546,44,176546
26248,0.0,172.217.194.0-255,146,146,44,319988
26249,2.2e-05,172.31.46.0-255,66,212,44,319988
26250,2.9e-05,172.217.194.0-255,1484,1696,44,319988
26251,3.4e-05,172.31.46.0-255,66,1762,44,319988
26252,4e-05,172.217.194.0-255,2902,4664,44,319988
26253,4.3e-05,172.31.46.0-255,66,4730,44,319988
26254,5.2e-05,172.217.194.0-255,7156,11886,44,319988
26255,5.5e-05,172.31.46.0-255,66,11952,44,319988
26256,8.3e-05,172.217.194.0-255,2039,13991,44,319988
26257,8.5e-05,172.31.46.0-255,66,14057,44,319988
26258,0.000186,172.217.194.0-255,1484,15541,44,319988
26259,0.00019,172.31.46.0-255,66,15607,44,319988
26260,0.000204,172.217.194.0-255,2902,18509,44,319988
26261,0.000208,172.31.46.0-255,66,18575,44,319988
26262,0.000239,172.217.194.0-255,4320,22895,44,319988
26263,0.000242,172.31.46.0-255,66,22961,44,319988
26264,0.000269,172.217.194.0-255,1484,24445,44,319988
26265,0.000271,172.31.46.0-255,66,24511,44,319988
26266,0.000297,172.31.46.0-255,66,24577,44,319988
26267,0.000303,172.217.194.0-255,5738,30315,44,319988
26268,0.000306,172.31.46.0-255,66,30381,44,319988
26269,0.000356,172.217.194.0-255,5738,36119,44,319988
26270,0.000359,172.31.46.0-255,66,36185,44,319988
26271,0.000378,172.217.194.0-255,3961,40146,44,319988
26272,0.00038,172.31.46.0-255,66,40212,44,319988
26273,0.001082,172.217.194.0-255,1484,41696,44,319988
26274,0.001089,172.31.46.0-255,66,41762,44,319988
26275,0.001098,172.217.194.0-255,2902,44664,44,319988
26276,0.001101,172.31.46.0-255,66,44730,44,319988
26277,0.001108,172.217.194.0-255,5738,50468,44,319988
26278,0.00111,172.31.46.0-255,66,50534,44,319988
26279,0.001155,172.217.194.0-255,4320,54854,44,319988
26280,0.001159,172.31.46.0-255,66,54920,44,319988
26281,0.001182,172.217.194.0-255,2543,57463,44,319988
26282,0.001185,172.31.46.0-255,66,57529,44,319988
26283,0.001192,172.217.194.0-255,7156,64685,44,319988
26284,0.001194,172.31.46.0-255,66,64751,44,319988
26285,0.001201,172.217.194.0-255,5738,70489,44,319988
26286,0.001203,172.31.46.0-255,66,70555,44,319988
26287,0.001236,172.31.46.0-255,66,70621,44,319988
26288,0.001252,172.217.194.0-255,4320,74941,44,319988
26289,0.001254,172.31.46.0-255,66,75007,44,319988
26290,0.001276,172.217.194.0-255,6438,81445,44,319988
26291,0.001279,172.31.46.0-255,66,81511,44,319988
26292,0.001307,172.217.194.0-255,2063,83574,44,319988
26293,0.00131,172.31.46.0-255,66,83640,44,319988
26294,0.001335,172.217.194.0-255,2902,86542,44,319988
26295,0.001337,172.31.46.0-255,66,86608,44,319988
26296,0.001359,172.217.194.0-255,7156,93764,44,319988
26297,0.001363,172.31.46.0-255,66,93830,44,319988
26298,0.001384,172.217.194.0-255,4716,98546,44,319988
26299,0.001387,172.31.46.0-255,66,98612,44,319988
26300,0.001417,172.217.194.0-255,1484,100096,44,319988
26301,0.001437,172.217.194.0-255,2902,102998,44,319988
26302,0.00144,172.31.46.0-255,66,103064,44,319988
26303,0.001445,172.217.194.0-255,2902,105966,44,319988
26304,0.001447,172.31.46.0-255,66,106032,44,319988
26305,0.001458,172.217.194.0-255,1484,107516,44,319988
26306,0.001476,172.217.194.0-255,5738,113254,44,319988
26307,0.001479,172.31.46.0-255,66,113320,44,319988
26308,0.001499,172.217.194.0-255,2902,116222,44,319988
26309,0.001502,172.31.46.0-255,66,116288,44,319988
26310,0.00153,172.31.46.0-255,66,116354,44,319988
26311,0.00155,172.217.194.0-255,2902,119256,44,319988
26312,0.001552,172.31.46.0-255,66,119322,44,319988
26313,0.00157,172.217.194.0-255,2184,121506,44,319988
26314,0.001572,172.31.46.0-255,66,121572,44,319988
26315,0.001623,172.217.194.0-255,5738,127310,44,319988
26316,0.001626,172.31.46.0-255,66,127376,44,319988
26317,0.00163,172.217.194.0-255,4320,131696,44,319988
26318,0.001633,172.31.46.0-255,66,131762,44,319988
26319,0.001639,172.217.194.0-255,4320,136082,44,319988
26320,0.001641,172.31.46.0-255,66,136148,44,319988
26321,0.001668,172.31.46.0-255,66,136214,44,319988
26322,0.001678,172.31.46.0-255,66,136280,44,319988
26323,0.00172,172.217.194.0-255,4320,140600,44,319988
26324,0.001722,172.31.46.0-255,66,140666,44,319988
26325,0.001865,172.217.194.0-255,1484,142150,44,319988
26326,0.001872,172.217.194.0-255,2902,145052,44,319988
26327,0.001878,172.217.194.0-255,4320,149372,44,319988
26328,0.001889,172.217.194.0-255,1484,150856,44,319988
26329,0.001913,172.217.194.0-255,4320,155176,44,319988
26330,0.001928,172.217.194.0-255,2902,158078,44,319988
26331,0.001935,172.217.194.0-255,7156,165234,44,319988
26332,0.001949,172.217.194.0-255,1484,166718,44,319988
26333,0.002063,172.217.194.0-255,1484,168202,44,319988
26334,0.002068,172.217.194.0-255,1484,169686,44,319988
26335,0.002078,172.217.194.0-255,1484,171170,44,319988
26336,0.002086,172.217.194.0-255,4320,175490,44,319988
26337,0.002098,172.217.194.0-255,1484,176974,44,319988
26338,0.002112,172.217.194.0-255,5738,182712,44,319988
26339,0.002142,172.217.194.0-255,7156,189868,44,319988
26340,0.002167,172.217.194.0-255,4320,194188,44,319988
26341,0.00219,172.217.194.0-255,6438,200626,44,319988
26342,0.002196,172.217.194.0-255,5738,206364,44,319988
26343,0.002215,172.217.194.0-255,5738,212102,44,319988
26344,0.002266,172.217.194.0-255,1484,213586,44,319988
26345,0.002288,172.217.194.0-255,2902,216488,44,319988
26346,0.002291,172.217.194.0-255,1484,217972,44,319988
26347,0.002311,172.217.194.0-255,4320,222292,44,319988
26348,0.002316,172.217.194.0-255,4320,226612,44,319988
26349,0.002329,172.217.194.0-255,2902,229514,44,319988
26350,0.002371,172.217.194.0-255,2902,232416,44,319988
26351,0.002395,172.217.194.0-255,5738,238154,44,319988
26352,0.002412,172.217.194.0-255,4320,242474,44,319988
26353,0.002434,172.217.194.0-255,5738,248212,44,319988
26354,0.0028,172.31.46.0-255,66,248278,44,319988
26355,0.005107,172.217.194.0-255,5738,254016,44,319988
26356,0.005113,172.31.46.0-255,66,254082,44,319988
26357,0.007465,172.217.194.0-255,2902,256984,44,319988
26358,0.007469,172.31.46.0-255,66,257050,44,319988
26359,0.007489,172.217.194.0-255,2902,259952,44,319988
26360,0.007491,172.31.46.0-255,66,260018,44,319988
26361,0.009818,172.217.194.0-255,5738,265756,44,319988
26362,0.009824,172.31.46.0-255,66,265822,44,319988
26363,0.012101,172.217.194.0-255,5738,271560,44,319988
26364,0.01211,172.31.46.0-255,66,271626,44,319988
26365,0.014437,172.217.194.0-255,5738,277364,44,319988
26366,0.014446,172.31.46.0-255,66,277430,44,319988
26367,0.016861,172.217.194.0-255,5738,283168,44,319988
26368,0.016871,172.31.46.0-255,66,283234,44,319988
26369,0.019233,172.217.194.0-255,5738,288972,44,319988
26370,0.019242,172.31.46.0-255,66,289038,44,319988
26371,0.021577,172.217.194.0-255,5738,294776,44,319988
26372,0.021588,172.31.46.0-255,66,294842,44,319988
26373,0.023954,172.217.194.0-255,5738,300580,44,319988
26374,0.02396,172.31.46.0-255,66,300646,44,319988
26375,0.026284,172.217.194.0-255,5738,306384,44,319988
26376,0.026293,172.31.46.0-255,66,306450,44,319988
26377,0.028347,172.31.46.0-255,164,306614,44,319988
26378,0.02838,172.31.46.0-255,1123,307737,44,319988
26379,0.028463,172.31.46.0-255,1514,309251,44,319988
26380,0.028465,172.31.46.0-255,1514,310765,44,319988
26381,0.028466,172.31.46.0-255,1514,312279,44,319988
26382,0.028467,172.31.46.0-255,1514,313793,44,319988
26383,0.028468,172.31.46.0-255,548,314341,44,319988
26384,0.02863,172.217.194.0-255,5146,319487,44,319988
26385,0.028636,172.31.46.0-255,66,319553,44,319988
26386,0.028809,172.31.46.0-255,105,319658,44,319988
26387,0.029889,104.244.42.0-255,66,319724,44,319988
26388,0.029908,104.244.42.0-255,66,319790,44,319988
26389,0.030047,104.244.42.0-255,66,319856,44,319988
26390,0.030072,104.244.42.0-255,66,319922,44,319988
26391,0.031067,172.217.194.0-255,66,319988,44,319988
26392,0.0,74.125.24.0-255,150,150,44,219056
26393,2.2e-05,172.31.46.0-255,66,216,44,219056
26394,2.9e-05,74.125.24.0-255,1484,1700,44,219056
26395,3.3e-05,172.31.46.0-255,66,1766,44,219056
26396,5.8e-05,74.125.24.0-255,2902,4668,44,219056
26397,6.5e-05,172.31.46.0-255,66,4734,44,219056
26398,7.3e-05,74.125.24.0-255,7156,11890,44,219056
26399,7.5e-05,172.31.46.0-255,66,11956,44,219056
26400,8e-05,74.125.24.0-255,4320,16276,44,219056
26401,8.3e-05,172.31.46.0-255,66,16342,44,219056
26402,0.000122,172.31.46.0-255,66,16408,44,219056
26403,0.000126,74.125.24.0-255,2543,18951,44,219056
26404,0.000128,172.31.46.0-255,66,19017,44,219056
26405,0.000237,74.125.24.0-255,1484,20501,44,219056
26406,0.00024,172.31.46.0-255,66,20567,44,219056
26407,0.000268,74.125.24.0-255,2902,23469,44,219056
26408,0.000271,172.31.46.0-255,66,23535,44,219056
26409,0.000277,74.125.24.0-255,5738,29273,44,219056
26410,0.000279,172.31.46.0-255,66,29339,44,219056
26411,0.000288,74.125.24.0-255,4320,33659,44,219056
26412,0.00029,172.31.46.0-255,66,33725,44,219056
26413,0.000315,74.125.24.0-255,2543,36268,44,219056
26414,0.000317,172.31.46.0-255,66,36334,44,219056
26415,0.001139,74.125.24.0-255,1484,37818,44,219056
26416,0.001144,172.31.46.0-255,66,37884,44,219056
26417,0.001153,74.125.24.0-255,2902,40786,44,219056
26418,0.001156,172.31.46.0-255,66,40852,44,219056
26419,0.001167,74.125.24.0-255,5738,46590,44,219056
26420,0.001169,172.31.46.0-255,66,46656,44,219056
26421,0.001205,172.31.46.0-255,66,46722,44,219056
26422,0.001235,74.125.24.0-255,3961,50683,44,219056
26423,0.001237,172.31.46.0-255,66,50749,44,219056
26424,0.001246,172.31.46.0-255,66,50815,44,219056
26425,0.00127,74.125.24.0-255,1125,51940,44,219056
26426,0.001281,172.31.46.0-255,66,52006,44,219056
26427,0.001287,74.125.24.0-255,4320,56326,44,219056
26428,0.001289,172.31.46.0-255,66,56392,44,219056
26429,0.001316,74.125.24.0-255,3122,59514,44,219056
26430,0.001319,172.31.46.0-255,66,59580,44,219056
26431,0.001711,74.125.24.0-255,1484,61064,44,219056
26432,0.001716,74.125.24.0-255,1484,62548,44,219056
26433,0.00172,172.31.46.0-255,66,62614,44,219056
26434,0.001748,74.125.24.0-255,1484,64098,44,219056
26435,0.001753,74.125.24.0-255,2902,67000,44,219056
26436,0.001756,172.31.46.0-255,66,67066,44,219056
26437,0.001787,74.125.24.0-255,2902,69968,44,219056
26438,0.001789,172.31.46.0-255,66,70034,44,219056
26439,0.001796,74.125.24.0-255,6235,76269,44,219056
26440,0.001798,172.31.46.0-255,66,76335,44,219056
26441,0.002029,74.125.24.0-255,1484,77819,44,219056
26442,0.002049,74.125.24.0-255,2902,80721,44,219056
26443,0.002051,172.31.46.0-255,66,80787,44,219056
26444,0.002055,74.125.24.0-255,2902,83689,44,219056
26445,0.002057,172.31.46.0-255,66,83755,44,219056
26446,0.002063,74.125.24.0-255,5738,89493,44,219056
26447,0.002069,172.31.46.0-255,66,89559,44,219056
26448,0.002101,74.125.24.0-255,1484,91043,44,219056
26449,0.002116,172.31.46.0-255,66,91109,44,219056
26450,0.002139,74.125.24.0-255,3602,94711,44,219056
26451,0.002141,172.31.46.0-255,66,94777,44,219056
26452,0.004368,74.125.24.0-255,1484,96261,44,219056
26453,0.00444,74.125.24.0-255,4320,100581,44,219056
26454,0.004443,172.31.46.0-255,66,100647,44,219056
26455,0.006725,74.125.24.0-255,5738,106385,44,219056
26456,0.00673,172.31.46.0-255,66,106451,44,219056
26457,0.008996,74.125.24.0-255,5738,112189,44,219056
26458,0.009004,172.31.46.0-255,66,112255,44,219056
26459,0.011295,74.125.24.0-255,5738,117993,44,219056
26460,0.011303,172.31.46.0-255,66,118059,44,219056
26461,0.013615,74.125.24.0-255,5738,123797,44,219056
26462,0.013621,172.31.46.0-255,66,123863,44,219056
26463,0.015868,74.125.24.0-255,5738,129601,44,219056
26464,0.015876,172.31.46.0-255,66,129667,44,219056
26465,0.018184,74.125.24.0-255,5738,135405,44,219056
26466,0.018192,172.31.46.0-255,66,135471,44,219056
26467,0.020484,74.125.24.0-255,5738,141209,44,219056
26468,0.020491,172.31.46.0-255,66,141275,44,219056
26469,0.022809,74.125.24.0-255,5738,147013,44,219056
26470,0.022813,172.31.46.0-255,66,147079,44,219056
26471,0.023556,172.31.46.0-255,167,147246,44,219056
26472,0.023595,172.31.46.0-255,1113,148359,44,219056
26473,0.023652,172.31.46.0-255,1514,149873,44,219056
26474,0.023653,172.31.46.0-255,1514,151387,44,219056
26475,0.023655,172.31.46.0-255,1514,152901,44,219056
26476,0.023656,172.31.46.0-255,1514,154415,44,219056
26477,0.023657,172.31.46.0-255,557,154972,44,219056
26478,0.02508,74.125.24.0-255,5738,160710,44,219056
26479,0.025086,172.31.46.0-255,66,160776,44,219056
26480,0.025783,104.244.42.0-255,66,160842,44,219056
26481,0.0259,104.244.42.0-255,108,160950,44,219056
26482,0.025906,172.31.46.0-255,66,161016,44,219056
26483,0.027362,74.125.24.0-255,5738,166754,44,219056
26484,0.027366,172.31.46.0-255,66,166820,44,219056
26485,0.029614,74.125.24.0-255,5738,172558,44,219056
26486,0.02962,172.31.46.0-255,66,172624,44,219056
26487,0.031906,74.125.24.0-255,5738,178362,44,219056
26488,0.031912,172.31.46.0-255,66,178428,44,219056
26489,0.034191,74.125.24.0-255,5738,184166,44,219056
26490,0.034197,172.31.46.0-255,66,184232,44,219056
26491,0.036468,74.125.24.0-255,5738,189970,44,219056
26492,0.036474,172.31.46.0-255,66,190036,44,219056
26493,0.038735,74.125.24.0-255,5738,195774,44,219056
26494,0.038742,172.31.46.0-255,66,195840,44,219056
26495,0.041038,74.125.24.0-255,5738,201578,44,219056
26496,0.041044,172.31.46.0-255,66,201644,44,219056
26497,0.043339,74.125.24.0-255,5738,207382,44,219056
26498,0.043345,172.31.46.0-255,66,207448,44,219056
26499,0.045636,74.125.24.0-255,5738,213186,44,219056
26500,0.045642,172.31.46.0-255,66,213252,44,219056
26501,0.047966,74.125.24.0-255,5738,218990,44,219056
26502,0.047972,172.31.46.0-255,66,219056,44,219056
26503,0.0,216.58.221.0-255,146,146,44,215301
26504,1.8e-05,172.31.46.0-255,66,212,44,215301
26505,2.4e-05,216.58.221.0-255,1484,1696,44,215301
26506,2.8e-05,172.31.46.0-255,66,1762,44,215301
26507,3.3e-05,216.58.221.0-255,2902,4664,44,215301
26508,4.2e-05,172.31.46.0-255,66,4730,44,215301
26509,4.8e-05,216.58.221.0-255,5738,10468,44,215301
26510,5e-05,172.31.46.0-255,66,10534,44,215301
26511,8.5e-05,216.58.221.0-255,3552,14086,44,215301
26512,8.8e-05,172.31.46.0-255,66,14152,44,215301
26513,0.000541,216.58.221.0-255,1484,15636,44,215301
26514,0.000547,172.31.46.0-255,66,15702,44,215301
26515,0.000554,216.58.221.0-255,2902,18604,44,215301
26516,0.000556,172.31.46.0-255,66,18670,44,215301
26517,0.000566,216.58.221.0-255,2902,21572,44,215301
26518,0.000567,172.31.46.0-255,66,21638,44,215301
26519,0.000602,216.58.221.0-255,4320,25958,44,215301
26520,0.000604,172.31.46.0-255,66,26024,44,215301
26521,0.000635,172.31.46.0-255,66,26090,44,215301
26522,0.000668,172.31.46.0-255,66,26156,44,215301
26523,0.000673,216.58.221.0-255,2902,29058,44,215301
26524,0.000674,172.31.46.0-255,66,29124,44,215301
26525,0.000694,216.58.221.0-255,1484,30608,44,215301
26526,0.000696,172.31.46.0-255,66,30674,44,215301
26527,0.000706,216.58.221.0-255,5738,36412,44,215301
26528,0.000708,172.31.46.0-255,66,36478,44,215301
26529,0.000711,216.58.221.0-255,1484,37962,44,215301
26530,0.000713,172.31.46.0-255,66,38028,44,215301
26531,0.000755,172.31.46.0-255,66,38094,44,215301
26532,0.000758,216.58.221.0-255,766,38860,44,215301
26533,0.000863,216.58.221.0-255,360,39220,44,215301
26534,0.001439,216.58.221.0-255,133,39353,44,215301
26535,0.001459,216.58.221.0-255,346,39699,44,215301
26536,0.001682,216.58.221.0-255,1484,41183,44,215301
26537,0.001687,172.31.46.0-255,66,41249,44,215301
26538,0.001693,216.58.221.0-255,2902,44151,44,215301
26539,0.001695,172.31.46.0-255,66,44217,44,215301
26540,0.001717,216.58.221.0-255,4320,48537,44,215301
26541,0.00172,172.31.46.0-255,66,48603,44,215301
26542,0.001752,172.31.46.0-255,66,48669,44,215301
26543,0.001758,216.58.221.0-255,5738,54407,44,215301
26544,0.00176,172.31.46.0-255,66,54473,44,215301
26545,0.001771,216.58.221.0-255,4320,58793,44,215301
26546,0.001774,172.31.46.0-255,66,58859,44,215301
26547,0.001799,216.58.221.0-255,2902,61761,44,215301
26548,0.001801,172.31.46.0-255,66,61827,44,215301
26549,0.00181,216.58.221.0-255,3602,65429,44,215301
26550,0.001812,172.31.46.0-255,66,65495,44,215301
26551,0.003757,216.58.221.0-255,2902,68397,44,215301
26552,0.003764,172.31.46.0-255,66,68463,44,215301
26553,0.003795,216.58.221.0-255,2902,71365,44,215301
26554,0.003798,172.31.46.0-255,66,71431,44,215301
26555,0.005731,216.58.221.0-255,2902,74333,44,215301
26556,0.005739,172.31.46.0-255,66,74399,44,215301
26557,0.005771,216.58.221.0-255,2902,77301,44,215301
26558,0.005774,172.31.46.0-255,66,77367,44,215301
26559,0.007707,216.58.221.0-255,2902,80269,44,215301
26560,0.007715,172.31.46.0-255,66,80335,44,215301
26561,0.007735,216.58.221.0-255,2902,83237,44,215301
26562,0.007737,172.31.46.0-255,66,83303,44,215301
26563,0.009684,216.58.221.0-255,2902,86205,44,215301
26564,0.009692,172.31.46.0-255,66,86271,44,215301
26565,0.009726,216.58.221.0-255,2902,89173,44,215301
26566,0.009729,172.31.46.0-255,66,89239,44,215301
26567,0.011749,216.58.221.0-255,2902,92141,44,215301
26568,0.011755,172.31.46.0-255,66,92207,44,215301
26569,0.01178,216.58.221.0-255,1484,93691,44,215301
26570,0.011798,216.58.221.0-255,1484,95175,44,215301
26571,0.0118,172.31.46.0-255,66,95241,44,215301
26572,0.013743,216.58.221.0-255,2902,98143,44,215301
26573,0.013753,172.31.46.0-255,66,98209,44,215301
26574,0.01379,216.58.221.0-255,2902,101111,44,215301
26575,0.013793,172.31.46.0-255,66,101177,44,215301
26576,0.015802,216.58.221.0-255,2902,104079,44,215301
26577,0.015811,172.31.46.0-255,66,104145,44,215301
26578,0.015847,216.58.221.0-255,2902,107047,44,215301
26579,0.01585,172.31.46.0-255,66,107113,44,215301
26580,0.01788,216.58.221.0-255,2902,110015,44,215301
26581,0.017887,172.31.46.0-255,66,110081,44,215301
26582,0.017912,216.58.221.0-255,1484,111565,44,215301
26583,0.017929,216.58.221.0-255,1484,113049,44,215301
26584,0.017931,172.31.46.0-255,66,113115,44,215301
26585,0.019853,216.58.221.0-255,2902,116017,44,215301
26586,0.01986,172.31.46.0-255,66,116083,44,215301
26587,0.019888,216.58.221.0-255,2902,118985,44,215301
26588,0.01989,172.31.46.0-255,66,119051,44,215301
26589,0.021845,216.58.221.0-255,5738,124789,44,215301
26590,0.021853,172.31.46.0-255,66,124855,44,215301
26591,0.023833,216.58.221.0-255,5738,130593,44,215301
26592,0.023841,172.31.46.0-255,66,130659,44,215301
26593,0.025804,216.58.221.0-255,5738,136397,44,215301
26594,0.025809,172.31.46.0-255,66,136463,44,215301
26595,0.026032,172.31.46.0-255,172,136635,44,215301
26596,0.026061,172.31.46.0-255,1114,137749,44,215301
26597,0.026192,172.31.46.0-255,1514,139263,44,215301
26598,0.026194,172.31.46.0-255,1514,140777,44,215301
26599,0.0262,172.31.46.0-255,1514,142291,44,215301
26600,0.026202,172.31.46.0-255,1514,143805,44,215301
26601,0.026219,172.31.46.0-255,1514,145319,44,215301
26602,0.02622,172.31.46.0-255,70,145389,44,215301
26603,0.027609,104.244.42.0-255,66,145455,44,215301
26604,0.027622,104.244.42.0-255,66,145521,44,215301
26605,0.027784,216.58.221.0-255,5738,151259,44,215301
26606,0.027789,172.31.46.0-255,66,151325,44,215301
26607,0.027806,104.244.42.0-255,66,151391,44,215301
26608,0.027811,104.244.42.0-255,66,151457,44,215301
26609,0.029765,216.58.221.0-255,5738,157195,44,215301
26610,0.029771,172.31.46.0-255,66,157261,44,215301
26611,0.03174,216.58.221.0-255,5738,162999,44,215301
26612,0.031747,172.31.46.0-255,66,163065,44,215301
26613,0.033731,216.58.221.0-255,5738,168803,44,215301
26614,0.033739,172.31.46.0-255,66,168869,44,215301
26615,0.035713,216.58.221.0-255,5738,174607,44,215301
26616,0.035719,172.31.46.0-255,66,174673,44,215301
26617,0.037735,216.58.221.0-255,5738,180411,44,215301
26618,0.037743,172.31.46.0-255,66,180477,44,215301
26619,0.039725,216.58.221.0-255,5738,186215,44,215301
26620,0.039732,172.31.46.0-255,66,186281,44,215301
26621,0.041714,216.58.221.0-255,5738,192019,44,215301
26622,0.04172,172.31.46.0-255,66,192085,44,215301
26623,0.043688,216.58.221.0-255,5738,197823,44,215301
26624,0.043694,172.31.46.0-255,66,197889,44,215301
26625,0.045658,216.58.221.0-255,5738,203627,44,215301
26626,0.045664,172.31.46.0-255,66,203693,44,215301
26627,0.047643,216.58.221.0-255,5738,209431,44,215301
26628,0.047648,172.31.46.0-255,66,209497,44,215301
26629,0.049622,216.58.221.0-255,5738,215235,44,215301
26630,0.049632,172.31.46.0-255,66,215301,44,215301
26631,0.0,172.31.46.0-255,66,66,44,66
26632,0.0,172.217.194.0-255,153,153,44,253046
26633,2.1e-05,172.31.46.0-255,66,219,44,253046
26634,2.7e-05,172.217.194.0-255,1484,1703,44,253046
26635,3.2e-05,172.31.46.0-255,66,1769,44,253046
26636,3.7e-05,172.217.194.0-255,2902,4671,44,253046
26637,4.7e-05,172.31.46.0-255,66,4737,44,253046
26638,5.4e-05,172.217.194.0-255,7156,11893,44,253046
26639,5.7e-05,172.31.46.0-255,66,11959,44,253046
26640,6.1e-05,172.217.194.0-255,2123,14082,44,253046
26641,6.3e-05,172.31.46.0-255,66,14148,44,253046
26642,0.000102,172.217.194.0-255,1484,15632,44,253046
26643,0.000104,172.31.46.0-255,66,15698,44,253046
26644,0.000109,172.217.194.0-255,2902,18600,44,253046
26645,0.000111,172.31.46.0-255,66,18666,44,253046
26646,0.000137,172.217.194.0-255,5738,24404,44,253046
26647,0.000139,172.31.46.0-255,66,24470,44,253046
26648,0.000168,172.217.194.0-255,6797,31267,44,253046
26649,0.000171,172.31.46.0-255,66,31333,44,253046
26650,0.000223,172.217.194.0-255,4320,35653,44,253046
26651,0.000226,172.31.46.0-255,66,35719,44,253046
26652,0.000249,172.217.194.0-255,2902,38621,44,253046
26653,0.000251,172.31.46.0-255,66,38687,44,253046
26654,0.000257,172.217.194.0-255,5738,44425,44,253046
26655,0.000259,172.31.46.0-255,66,44491,44,253046
26656,0.000263,172.217.194.0-255,2902,47393,44,253046
26657,0.000268,172.31.46.0-255,66,47459,44,253046
26658,0.000293,172.217.194.0-255,1125,48584,44,253046
26659,0.000296,172.31.46.0-255,66,48650,44,253046
26660,0.000611,172.217.194.0-255,1484,50134,44,253046
26661,0.000616,172.31.46.0-255,66,50200,44,253046
26662,0.000621,172.217.194.0-255,2902,53102,44,253046
26663,0.000624,172.31.46.0-255,66,53168,44,253046
26664,0.000654,172.217.194.0-255,5738,58906,44,253046
26665,0.00066,172.31.46.0-255,66,58972,44,253046
26666,0.000663,172.217.194.0-255,1484,60456,44,253046
26667,0.000688,172.217.194.0-255,5379,65835,44,253046
26668,0.000691,172.31.46.0-255,66,65901,44,253046
26669,0.000698,172.217.194.0-255,7156,73057,44,253046
26670,0.0007,172.31.46.0-255,66,73123,44,253046
26671,0.000721,172.217.194.0-255,5738,78861,44,253046
26672,0.000723,172.31.46.0-255,66,78927,44,253046
26673,0.000747,172.217.194.0-255,3961,82888,44,253046
26674,0.000749,172.31.46.0-255,66,82954,44,253046
26675,0.000761,172.217.194.0-255,4320,87274,44,253046
26676,0.000764,172.31.46.0-255,66,87340,44,253046
26677,0.000794,172.217.194.0-255,6319,93659,44,253046
26678,0.000796,172.31.46.0-255,66,93725,44,253046
26679,0.000802,172.217.194.0-255,6797,100522,44,253046
26680,0.000804,172.31.46.0-255,66,100588,44,253046
26681,0.001041,172.217.194.0-255,1484,102072,44,253046
26682,0.001054,172.217.194.0-255,2902,104974,44,253046
26683,0.001057,172.31.46.0-255,66,105040,44,253046
26684,0.001091,172.217.194.0-255,5738,110778,44,253046
26685,0.001093,172.31.46.0-255,66,110844,44,253046
26686,0.001117,172.217.194.0-255,7156,118000,44,253046
26687,0.00112,172.31.46.0-255,66,118066,44,253046
26688,0.001146,172.217.194.0-255,2902,120968,44,253046
26689,0.001148,172.31.46.0-255,66,121034,44,253046
26690,0.001159,172.31.46.0-255,66,121100,44,253046
26691,0.001185,172.217.194.0-255,3602,124702,44,253046
26692,0.001188,172.31.46.0-255,66,124768,44,253046
26693,0.001213,172.217.194.0-255,4320,129088,44,253046
26694,0.001216,172.31.46.0-255,66,129154,44,253046
26695,0.001224,172.217.194.0-255,7156,136310,44,253046
26696,0.001226,172.31.46.0-255,66,136376,44,253046
26697,0.001249,172.217.194.0-255,2902,139278,44,253046
26698,0.001252,172.31.46.0-255,66,139344,44,253046
26699,0.001265,172.31.46.0-255,66,139410,44,253046
26700,0.001302,172.31.46.0-255,66,139476,44,253046
26701,0.001328,172.217.194.0-255,4320,143796,44,253046
26702,0.00133,172.31.46.0-255,66,143862,44,253046
26703,0.00136,172.217.194.0-255,7156,151018,44,253046
26704,0.001363,172.31.46.0-255,66,151084,44,253046
26705,0.001368,172.217.194.0-255,5738,156822,44,253046
26706,0.00137,172.31.46.0-255,66,156888,44,253046
26707,0.0014,172.217.194.0-255,7156,164044,44,253046
26708,0.001402,172.31.46.0-255,66,164110,44,253046
26709,0.001447,172.31.46.0-255,66,164176,44,253046
26710,0.001457,172.31.46.0-255,66,164242,44,253046
26711,0.001494,172.217.194.0-255,7156,171398,44,253046
26712,0.001497,172.31.46.0-255,66,171464,44,253046
26713,0.001508,172.31.46.0-255,66,171530,44,253046
26714,0.001518,172.217.194.0-255,5020,176550,44,253046
26715,0.00152,172.31.46.0-255,66,176616,44,253046
26716,0.001575,172.217.194.0-255,5738,182354,44,253046
26717,0.001578,172.31.46.0-255,66,182420,44,253046
26718,0.001606,172.217.194.0-255,1484,183904,44,253046
26719,0.00161,172.31.46.0-255,66,183970,44,253046
26720,0.001658,172.31.46.0-255,66,184036,44,253046
26721,0.001698,172.217.194.0-255,6438,190474,44,253046
26722,0.0017,172.217.194.0-255,1484,191958,44,253046
26723,0.001707,172.31.46.0-255,66,192024,44,253046
26724,0.001716,172.217.194.0-255,2902,194926,44,253046
26725,0.001734,172.217.194.0-255,5738,200664,44,253046
26726,0.001746,172.217.194.0-255,1484,202148,44,253046
26727,0.001761,172.217.194.0-255,4320,206468,44,253046
26728,0.001767,172.31.46.0-255,66,206534,44,253046
26729,0.001777,172.217.194.0-255,7156,213690,44,253046
26730,0.001786,172.217.194.0-255,5738,219428,44,253046
26731,0.001798,172.217.194.0-255,2902,222330,44,253046
26732,0.001812,172.31.46.0-255,66,222396,44,253046
26733,0.001839,172.217.194.0-255,2184,224580,44,253046
26734,0.001842,172.217.194.0-255,2902,227482,44,253046
26735,0.001844,172.217.194.0-255,1484,228966,44,253046
26736,0.001868,172.217.194.0-255,5738,234704,44,253046
26737,0.001871,172.31.46.0-255,66,234770,44,253046
26738,0.001876,172.31.46.0-255,66,234836,44,253046
26739,0.001887,172.217.194.0-255,4320,239156,44,253046
26740,0.001906,172.31.46.0-255,66,239222,44,253046
26741,0.001946,172.31.46.0-255,66,239288,44,253046
26742,0.001973,172.217.194.0-255,1484,240772,44,253046
26743,0.002006,172.31.46.0-255,66,240838,44,253046
26744,0.00203,172.217.194.0-255,2409,243247,44,253046
26745,0.002032,172.217.194.0-255,97,243344,44,253046
26746,0.002043,172.217.194.0-255,105,243449,44,253046
26747,0.002046,172.31.46.0-255,66,243515,44,253046
26748,0.003878,172.31.46.0-255,101,243616,44,253046
26749,0.004127,172.31.46.0-255,105,243721,44,253046
26750,0.006197,172.217.194.0-255,66,243787,44,253046
26751,0.006453,172.217.194.0-255,66,243853,44,253046
26752,0.036269,172.31.46.0-255,172,244025,44,253046
26753,0.036303,172.31.46.0-255,1114,245139,44,253046
26754,0.036367,172.31.46.0-255,1514,246653,44,253046
26755,0.036369,172.31.46.0-255,1514,248167,44,253046
26756,0.036374,172.31.46.0-255,1514,249681,44,253046
26757,0.036375,172.31.46.0-255,1514,251195,44,253046
26758,0.036399,172.31.46.0-255,1514,252709,44,253046
26759,0.036401,172.31.46.0-255,73,252782,44,253046
26760,0.037809,104.244.42.0-255,66,252848,44,253046
26761,0.037856,104.244.42.0-255,66,252914,44,253046
26762,0.037938,104.244.42.0-255,66,252980,44,253046
26763,0.03796,104.244.42.0-255,66,253046,44,253046
26764,0.0,74.125.24.0-255,153,153,44,218510
26765,1.9e-05,172.31.46.0-255,66,219,44,218510
26766,2.5e-05,74.125.24.0-255,1484,1703,44,218510
26767,3e-05,172.31.46.0-255,66,1769,44,218510
26768,4.2e-05,74.125.24.0-255,2902,4671,44,218510
26769,4.5e-05,172.31.46.0-255,66,4737,44,218510
26770,5.2e-05,74.125.24.0-255,7156,11893,44,218510
26771,5.5e-05,172.31.46.0-255,66,11959,44,218510
26772,5.8e-05,74.125.24.0-255,1973,13932,44,218510
26773,6e-05,172.31.46.0-255,66,13998,44,218510
26774,0.000116,74.125.24.0-255,1484,15482,44,218510
26775,0.000118,172.31.46.0-255,66,15548,44,218510
26776,0.000123,74.125.24.0-255,2902,18450,44,218510
26777,0.000125,172.31.46.0-255,66,18516,44,218510
26778,0.000128,74.125.24.0-255,1484,20000,44,218510
26779,0.000129,172.31.46.0-255,66,20066,44,218510
26780,0.000156,74.125.24.0-255,4320,24386,44,218510
26781,0.000159,172.31.46.0-255,66,24452,44,218510
26782,0.000163,74.125.24.0-255,2902,27354,44,218510
26783,0.000165,172.31.46.0-255,66,27420,44,218510
26784,0.000198,74.125.24.0-255,3961,31381,44,218510
26785,0.0002,172.31.46.0-255,66,31447,44,218510
26786,0.000776,74.125.24.0-255,1484,32931,44,218510
26787,0.000783,172.31.46.0-255,66,32997,44,218510
26788,0.000788,74.125.24.0-255,2902,35899,44,218510
26789,0.00079,172.31.46.0-255,66,35965,44,218510
26790,0.0008,74.125.24.0-255,5738,41703,44,218510
26791,0.000802,172.31.46.0-255,66,41769,44,218510
26792,0.000805,74.125.24.0-255,1484,43253,44,218510
26793,0.000807,172.31.46.0-255,66,43319,44,218510
26794,0.000844,172.31.46.0-255,66,43385,44,218510
26795,0.000854,172.31.46.0-255,66,43451,44,218510
26796,0.000885,74.125.24.0-255,3961,47412,44,218510
26797,0.000888,172.31.46.0-255,66,47478,44,218510
26798,0.000891,74.125.24.0-255,400,47878,44,218510
26799,0.000932,74.125.24.0-255,109,47987,44,218510
26800,0.001046,74.125.24.0-255,331,48318,44,218510
26801,0.001595,74.125.24.0-255,1484,49802,44,218510
26802,0.001602,172.31.46.0-255,66,49868,44,218510
26803,0.00161,74.125.24.0-255,2902,52770,44,218510
26804,0.001612,172.31.46.0-255,66,52836,44,218510
26805,0.001621,74.125.24.0-255,1484,54320,44,218510
26806,0.001641,74.125.24.0-255,4320,58640,44,218510
26807,0.001643,172.31.46.0-255,66,58706,44,218510
26808,0.001646,74.125.24.0-255,1484,60190,44,218510
26809,0.001678,172.31.46.0-255,66,60256,44,218510
26810,0.001683,74.125.24.0-255,2902,63158,44,218510
26811,0.001686,172.31.46.0-255,66,63224,44,218510
26812,0.001717,74.125.24.0-255,7156,70380,44,218510
26813,0.00172,172.31.46.0-255,66,70446,44,218510
26814,0.001723,74.125.24.0-255,1484,71930,44,218510
26815,0.001748,74.125.24.0-255,2184,74114,44,218510
26816,0.001751,172.31.46.0-255,66,74180,44,218510
26817,0.0018,74.125.24.0-255,1484,75664,44,218510
26818,0.001805,74.125.24.0-255,2902,78566,44,218510
26819,0.001826,74.125.24.0-255,4320,82886,44,218510
26820,0.00184,74.125.24.0-255,1484,84370,44,218510
26821,0.001878,74.125.24.0-255,4320,88690,44,218510
26822,0.001903,74.125.24.0-255,6438,95128,44,218510
26823,0.002065,74.125.24.0-255,1484,96612,44,218510
26824,0.00208,74.125.24.0-255,2902,99514,44,218510
26825,0.002084,74.125.24.0-255,4320,103834,44,218510
26826,0.002142,74.125.24.0-255,7156,110990,44,218510
26827,0.002173,74.125.24.0-255,766,111756,44,218510
26828,0.005071,172.31.46.0-255,66,111822,44,218510
26829,0.00766,74.125.24.0-255,5738,117560,44,218510
26830,0.007667,172.31.46.0-255,66,117626,44,218510
26831,0.01027,74.125.24.0-255,5738,123364,44,218510
26832,0.01028,172.31.46.0-255,66,123430,44,218510
26833,0.012858,74.125.24.0-255,5738,129168,44,218510
26834,0.01287,172.31.46.0-255,66,129234,44,218510
26835,0.015465,74.125.24.0-255,5738,134972,44,218510
26836,0.015476,172.31.46.0-255,66,135038,44,218510
26837,0.018103,74.125.24.0-255,5738,140776,44,218510
26838,0.018111,172.31.46.0-255,66,140842,44,218510
26839,0.020688,74.125.24.0-255,5738,146580,44,218510
26840,0.020695,172.31.46.0-255,66,146646,44,218510
26841,0.023281,74.125.24.0-255,5738,152384,44,218510
26842,0.02329,172.31.46.0-255,66,152450,44,218510
26843,0.025892,74.125.24.0-255,5738,158188,44,218510
26844,0.0259,172.31.46.0-255,66,158254,44,218510
26845,0.028491,74.125.24.0-255,5738,163992,44,218510
26846,0.028498,172.31.46.0-255,66,164058,44,218510
26847,0.030944,172.31.46.0-255,163,164221,44,218510
26848,0.030974,172.31.46.0-255,1142,165363,44,218510
26849,0.031044,172.31.46.0-255,1514,166877,44,218510
26850,0.031046,172.31.46.0-255,1514,168391,44,218510
26851,0.031047,172.31.46.0-255,1514,169905,44,218510
26852,0.031081,74.125.24.0-255,5738,175643,44,218510
26853,0.03109,172.31.46.0-255,66,175709,44,218510
26854,0.031096,172.31.46.0-255,1514,177223,44,218510
26855,0.031097,172.31.46.0-255,329,177552,44,218510
26856,0.032468,104.244.42.0-255,66,177618,44,218510
26857,0.032495,104.244.42.0-255,66,177684,44,218510
26858,0.032601,104.244.42.0-255,66,177750,44,218510
26859,0.032634,104.244.42.0-255,66,177816,44,218510
26860,0.033668,74.125.24.0-255,1484,179300,44,218510
26861,0.033688,74.125.24.0-255,4320,183620,44,218510
26862,0.033706,172.31.46.0-255,66,183686,44,218510
26863,0.036297,74.125.24.0-255,5738,189424,44,218510
26864,0.036305,172.31.46.0-255,66,189490,44,218510
26865,0.038862,74.125.24.0-255,5738,195228,44,218510
26866,0.03887,172.31.46.0-255,66,195294,44,218510
26867,0.041465,74.125.24.0-255,5738,201032,44,218510
26868,0.041476,172.31.46.0-255,66,201098,44,218510
26869,0.044042,74.125.24.0-255,5738,206836,44,218510
26870,0.04405,172.31.46.0-255,66,206902,44,218510
26871,0.046632,74.125.24.0-255,5738,212640,44,218510
26872,0.046638,172.31.46.0-255,66,212706,44,218510
26873,0.049206,74.125.24.0-255,5738,218444,44,218510
26874,0.049212,172.31.46.0-255,66,218510,44,218510
26875,0.0,172.217.194.0-255,146,146,44,270836
26876,2.3e-05,172.31.46.0-255,66,212,44,270836
26877,3e-05,172.217.194.0-255,1484,1696,44,270836
26878,3.4e-05,172.31.46.0-255,66,1762,44,270836
26879,3.9e-05,172.217.194.0-255,2902,4664,44,270836
26880,4.3e-05,172.31.46.0-255,66,4730,44,270836
26881,5e-05,172.217.194.0-255,7156,11886,44,270836
26882,5.2e-05,172.31.46.0-255,66,11952,44,270836
26883,5.5e-05,172.217.194.0-255,1484,13436,44,270836
26884,5.6e-05,172.31.46.0-255,66,13502,44,270836
26885,8e-05,172.217.194.0-255,665,14167,44,270836
26886,8.2e-05,172.31.46.0-255,66,14233,44,270836
26887,0.000131,172.217.194.0-255,1484,15717,44,270836
26888,0.000133,172.31.46.0-255,66,15783,44,270836
26889,0.000154,172.217.194.0-255,2902,18685,44,270836
26890,0.000156,172.31.46.0-255,66,18751,44,270836
26891,0.000163,172.217.194.0-255,5738,24489,44,270836
26892,0.000166,172.31.46.0-255,66,24555,44,270836
26893,0.000192,172.217.194.0-255,1484,26039,44,270836
26894,0.000194,172.31.46.0-255,66,26105,44,270836
26895,0.000229,172.31.46.0-255,66,26171,44,270836
26896,0.00024,172.31.46.0-255,66,26237,44,270836
26897,0.000244,172.217.194.0-255,3961,30198,44,270836
26898,0.000246,172.31.46.0-255,66,30264,44,270836
26899,0.000581,172.217.194.0-255,1484,31748,44,270836
26900,0.000586,172.31.46.0-255,66,31814,44,270836
26901,0.00059,172.217.194.0-255,2902,34716,44,270836
26902,0.000593,172.31.46.0-255,66,34782,44,270836
26903,0.000608,172.217.194.0-255,5738,40520,44,270836
26904,0.000611,172.31.46.0-255,66,40586,44,270836
26905,0.000646,172.217.194.0-255,1484,42070,44,270836
26906,0.000671,172.217.194.0-255,5961,48031,44,270836
26907,0.000674,172.31.46.0-255,66,48097,44,270836
26908,0.000838,172.217.194.0-255,1484,49581,44,270836
26909,0.000843,172.217.194.0-255,2902,52483,44,270836
26910,0.000846,172.31.46.0-255,66,52549,44,270836
26911,0.00085,172.217.194.0-255,2902,55451,44,270836
26912,0.000853,172.31.46.0-255,66,55517,44,270836
26913,0.000868,172.217.194.0-255,2902,58419,44,270836
26914,0.000871,172.31.46.0-255,66,58485,44,270836
26915,0.000874,172.217.194.0-255,1484,59969,44,270836
26916,0.000909,172.31.46.0-255,66,60035,44,270836
26917,0.000923,172.31.46.0-255,66,60101,44,270836
26918,0.001207,172.217.194.0-255,1484,61585,44,270836
26919,0.001214,172.217.194.0-255,2902,64487,44,270836
26920,0.001218,172.31.46.0-255,66,64553,44,270836
26921,0.001225,172.217.194.0-255,5738,70291,44,270836
26922,0.001227,172.31.46.0-255,66,70357,44,270836
26923,0.001273,172.31.46.0-255,66,70423,44,270836
26924,0.001339,172.31.46.0-255,66,70489,44,270836
26925,0.00147,172.217.194.0-255,1484,71973,44,270836
26926,0.001486,172.217.194.0-255,2902,74875,44,270836
26927,0.001489,172.31.46.0-255,66,74941,44,270836
26928,0.001495,172.217.194.0-255,2902,77843,44,270836
26929,0.001497,172.31.46.0-255,66,77909,44,270836
26930,0.001512,172.217.194.0-255,2902,80811,44,270836
26931,0.001515,172.31.46.0-255,66,80877,44,270836
26932,0.001517,172.217.194.0-255,1484,82361,44,270836
26933,0.001525,172.217.194.0-255,7156,89517,44,270836
26934,0.001528,172.31.46.0-255,66,89583,44,270836
26935,0.001545,172.217.194.0-255,1484,91067,44,270836
26936,0.001548,172.217.194.0-255,1484,92551,44,270836
26937,0.001551,172.31.46.0-255,66,92617,44,270836
26938,0.001587,172.31.46.0-255,66,92683,44,270836
26939,0.001927,172.217.194.0-255,1484,94167,44,270836
26940,0.001933,172.217.194.0-255,2902,97069,44,270836
26941,0.001936,172.31.46.0-255,66,97135,44,270836
26942,0.001953,172.217.194.0-255,2902,100037,44,270836
26943,0.001956,172.31.46.0-255,66,100103,44,270836
26944,0.001978,172.217.194.0-255,2902,103005,44,270836
26945,0.00198,172.31.46.0-255,66,103071,44,270836
26946,0.001985,172.217.194.0-255,4320,107391,44,270836
26947,0.001987,172.31.46.0-255,66,107457,44,270836
26948,0.001991,172.217.194.0-255,4320,111777,44,270836
26949,0.001994,172.31.46.0-255,66,111843,44,270836
26950,0.002016,172.217.194.0-255,7156,118999,44,270836
26951,0.002018,172.31.46.0-255,66,119065,44,270836
26952,0.002041,172.31.46.0-255,66,119131,44,270836
26953,0.002073,172.217.194.0-255,1484,120615,44,270836
26954,0.002084,172.217.194.0-255,2902,123517,44,270836
26955,0.002088,172.31.46.0-255,66,123583,44,270836
26956,0.002123,172.217.194.0-255,5738,129321,44,270836
26957,0.002126,172.31.46.0-255,66,129387,44,270836
26958,0.002138,172.31.46.0-255,66,129453,44,270836
26959,0.002149,172.31.46.0-255,66,129519,44,270836
26960,0.002172,172.217.194.0-255,766,130285,44,270836
26961,0.002242,172.217.194.0-255,1484,131769,44,270836
26962,0.002245,172.31.46.0-255,66,131835,44,270836
26963,0.002249,172.217.194.0-255,1484,133319,44,270836
26964,0.002266,172.217.194.0-255,1484,134803,44,270836
26965,0.002268,172.31.46.0-255,66,134869,44,270836
26966,0.002275,172.217.194.0-255,5738,140607,44,270836
26967,0.002276,172.31.46.0-255,66,140673,44,270836
26968,0.002279,172.217.194.0-255,1484,142157,44,270836
26969,0.00232,172.31.46.0-255,66,142223,44,270836
26970,0.002338,172.217.194.0-255,2902,145125,44,270836
26971,0.002341,172.31.46.0-255,66,145191,44,270836
26972,0.002367,172.31.46.0-255,66,145257,44,270836
26973,0.002388,172.217.194.0-255,1484,146741,44,270836
26974,0.004721,172.217.194.0-255,4320,151061,44,270836
26975,0.004727,172.31.46.0-255,66,151127,44,270836
26976,0.007077,172.217.194.0-255,1484,152611,44,270836
26977,0.007097,172.217.194.0-255,4320,156931,44,270836
26978,0.0071,172.31.46.0-255,66,156997,44,270836
26979,0.009442,172.217.194.0-255,5738,162735,44,270836
26980,0.009448,172.31.46.0-255,66,162801,44,270836
26981,0.011835,172.217.194.0-255,5738,168539,44,270836
26982,0.011842,172.31.46.0-255,66,168605,44,270836
26983,0.014184,172.217.194.0-255,5738,174343,44,270836
26984,0.014192,172.31.46.0-255,66,174409,44,270836
26985,0.016571,172.217.194.0-255,5738,180147,44,270836
26986,0.016579,172.31.46.0-255,66,180213,44,270836
26987,0.018964,172.217.194.0-255,5738,185951,44,270836
26988,0.018972,172.31.46.0-255,66,186017,44,270836
26989,0.021341,172.217.194.0-255,5738,191755,44,270836
26990,0.021349,172.31.46.0-255,66,191821,44,270836
26991,0.02372,172.217.194.0-255,5738,197559,44,270836
26992,0.023732,172.31.46.0-255,66,197625,44,270836
26993,0.026109,172.217.194.0-255,5738,203363,44,270836
26994,0.026125,172.31.46.0-255,66,203429,44,270836
26995,0.028489,172.217.194.0-255,5738,209167,44,270836
26996,0.028497,172.31.46.0-255,66,209233,44,270836
26997,0.030873,172.217.194.0-255,5738,214971,44,270836
26998,0.030881,172.31.46.0-255,66,215037,44,270836
26999,0.03327,172.217.194.0-255,5738,220775,44,270836
27000,0.033277,172.31.46.0-255,66,220841,44,270836
27001,0.035614,172.217.194.0-255,5738,226579,44,270836
27002,0.035621,172.31.46.0-255,66,226645,44,270836
27003,0.037996,172.217.194.0-255,5738,232383,44,270836
27004,0.038012,172.31.46.0-255,66,232449,44,270836
27005,0.040368,172.217.194.0-255,5738,238187,44,270836
27006,0.040378,172.31.46.0-255,66,238253,44,270836
27007,0.04272,172.217.194.0-255,5738,243991,44,270836
27008,0.042728,172.31.46.0-255,66,244057,44,270836
27009,0.045096,172.217.194.0-255,5738,249795,44,270836
27010,0.045121,172.31.46.0-255,66,249861,44,270836
27011,0.045669,172.31.46.0-255,172,250033,44,270836
27012,0.045702,172.31.46.0-255,1114,251147,44,270836
27013,0.045766,172.31.46.0-255,1514,252661,44,270836
27014,0.045767,172.31.46.0-255,1514,254175,44,270836
27015,0.045773,172.31.46.0-255,1514,255689,44,270836
27016,0.045774,172.31.46.0-255,1514,257203,44,270836
27017,0.045795,172.31.46.0-255,1514,258717,44,270836
27018,0.045796,172.31.46.0-255,73,258790,44,270836
27019,0.047211,104.244.42.0-255,66,258856,44,270836
27020,0.047235,104.244.42.0-255,66,258922,44,270836
27021,0.047307,104.244.42.0-255,66,258988,44,270836
27022,0.047331,104.244.42.0-255,66,259054,44,270836
27023,0.047478,172.217.194.0-255,5738,264792,44,270836
27024,0.047483,172.31.46.0-255,66,264858,44,270836
27025,0.047974,104.244.42.0-255,108,264966,44,270836
27026,0.047981,172.31.46.0-255,66,265032,44,270836
27027,0.049832,172.217.194.0-255,5738,270770,44,270836
27028,0.049839,172.31.46.0-255,66,270836,44,270836
27029,0.0,172.217.194.0-255,150,150,44,241392
27030,3.3e-05,172.31.46.0-255,66,216,44,241392
27031,3.9e-05,172.217.194.0-255,1484,1700,44,241392
27032,4.2e-05,172.31.46.0-255,66,1766,44,241392
27033,4.7e-05,172.217.194.0-255,2902,4668,44,241392
27034,5e-05,172.31.46.0-255,66,4734,44,241392
27035,6.3e-05,172.217.194.0-255,7156,11890,44,241392
27036,6.6e-05,172.31.46.0-255,66,11956,44,241392
27037,7e-05,172.217.194.0-255,3394,15350,44,241392
27038,7.3e-05,172.31.46.0-255,66,15416,44,241392
27039,8.6e-05,172.31.46.0-255,66,15482,44,241392
27040,0.000109,172.217.194.0-255,2543,18025,44,241392
27041,0.000116,172.31.46.0-255,66,18091,44,241392
27042,0.000235,172.217.194.0-255,1484,19575,44,241392
27043,0.000239,172.31.46.0-255,66,19641,44,241392
27044,0.000256,172.217.194.0-255,2902,22543,44,241392
27045,0.000259,172.31.46.0-255,66,22609,44,241392
27046,0.000263,172.217.194.0-255,2902,25511,44,241392
27047,0.000265,172.31.46.0-255,66,25577,44,241392
27048,0.000284,172.217.194.0-255,2902,28479,44,241392
27049,0.000286,172.31.46.0-255,66,28545,44,241392
27050,0.000313,172.217.194.0-255,7156,35701,44,241392
27051,0.000315,172.31.46.0-255,66,35767,44,241392
27052,0.000333,172.217.194.0-255,6797,42564,44,241392
27053,0.000336,172.31.46.0-255,66,42630,44,241392
27054,0.00037,172.31.46.0-255,66,42696,44,241392
27055,0.000396,172.217.194.0-255,118,42814,44,241392
27056,0.000398,172.31.46.0-255,66,42880,44,241392
27057,0.000421,172.217.194.0-255,381,43261,44,241392
27058,0.000423,172.31.46.0-255,66,43327,44,241392
27059,0.000823,172.217.194.0-255,1484,44811,44,241392
27060,0.000828,172.217.194.0-255,2902,47713,44,241392
27061,0.000831,172.217.194.0-255,1484,49197,44,241392
27062,0.000843,172.31.46.0-255,66,49263,44,241392
27063,0.00085,172.217.194.0-255,4320,53583,44,241392
27064,0.000852,172.31.46.0-255,66,53649,44,241392
27065,0.000855,172.217.194.0-255,1484,55133,44,241392
27066,0.000882,172.217.194.0-255,4320,59453,44,241392
27067,0.000884,172.31.46.0-255,66,59519,44,241392
27068,0.000888,172.217.194.0-255,2902,62421,44,241392
27069,0.00089,172.31.46.0-255,66,62487,44,241392
27070,0.000923,172.31.46.0-255,66,62553,44,241392
27071,0.000929,172.217.194.0-255,5020,67573,44,241392
27072,0.000931,172.31.46.0-255,66,67639,44,241392
27073,0.001391,172.217.194.0-255,1484,69123,44,241392
27074,0.001396,172.217.194.0-255,1484,70607,44,241392
27075,0.001399,172.31.46.0-255,66,70673,44,241392
27076,0.001427,172.217.194.0-255,1484,72157,44,241392
27077,0.001434,172.217.194.0-255,5738,77895,44,241392
27078,0.001436,172.31.46.0-255,66,77961,44,241392
27079,0.001443,172.217.194.0-255,7156,85117,44,241392
27080,0.001445,172.31.46.0-255,66,85183,44,241392
27081,0.001465,172.217.194.0-255,5738,90921,44,241392
27082,0.001467,172.31.46.0-255,66,90987,44,241392
27083,0.001481,172.31.46.0-255,66,91053,44,241392
27084,0.001727,172.217.194.0-255,1484,92537,44,241392
27085,0.001732,172.217.194.0-255,2902,95439,44,241392
27086,0.001735,172.31.46.0-255,66,95505,44,241392
27087,0.00176,172.217.194.0-255,5738,101243,44,241392
27088,0.001763,172.31.46.0-255,66,101309,44,241392
27089,0.001767,172.217.194.0-255,2902,104211,44,241392
27090,0.001769,172.31.46.0-255,66,104277,44,241392
27091,0.00179,172.217.194.0-255,2902,107179,44,241392
27092,0.001792,172.31.46.0-255,66,107245,44,241392
27093,0.001798,172.217.194.0-255,5738,112983,44,241392
27094,0.001799,172.31.46.0-255,66,113049,44,241392
27095,0.001842,172.217.194.0-255,7156,120205,44,241392
27096,0.001845,172.31.46.0-255,66,120271,44,241392
27097,0.001851,172.217.194.0-255,5020,125291,44,241392
27098,0.001853,172.31.46.0-255,66,125357,44,241392
27099,0.00241,172.217.194.0-255,1484,126841,44,241392
27100,0.002419,172.217.194.0-255,2902,129743,44,241392
27101,0.002422,172.31.46.0-255,66,129809,44,241392
27102,0.002457,172.217.194.0-255,4320,134129,44,241392
27103,0.002459,172.31.46.0-255,66,134195,44,241392
27104,0.002483,172.217.194.0-255,1484,135679,44,241392
27105,0.002495,172.31.46.0-255,66,135745,44,241392
27106,0.002506,172.31.46.0-255,66,135811,44,241392
27107,0.005153,172.217.194.0-255,5738,141549,44,241392
27108,0.005166,172.31.46.0-255,66,141615,44,241392
27109,0.007824,172.217.194.0-255,5738,147353,44,241392
27110,0.007831,172.31.46.0-255,66,147419,44,241392
27111,0.010498,172.217.194.0-255,5738,153157,44,241392
27112,0.010513,172.31.46.0-255,66,153223,44,241392
27113,0.013158,172.217.194.0-255,5738,158961,44,241392
27114,0.013174,172.31.46.0-255,66,159027,44,241392
27115,0.015806,172.217.194.0-255,5738,164765,44,241392
27116,0.01582,172.31.46.0-255,66,164831,44,241392
27117,0.018485,172.217.194.0-255,5738,170569,44,241392
27118,0.018499,172.31.46.0-255,66,170635,44,241392
27119,0.021122,172.217.194.0-255,5738,176373,44,241392
27120,0.021132,172.31.46.0-255,66,176439,44,241392
27121,0.023784,172.217.194.0-255,5738,182177,44,241392
27122,0.0238,172.31.46.0-255,66,182243,44,241392
27123,0.026444,172.217.194.0-255,4320,186563,44,241392
27124,0.026454,172.31.46.0-255,66,186629,44,241392
27125,0.026484,172.217.194.0-255,1484,188113,44,241392
27126,0.027926,172.31.46.0-255,167,188280,44,241392
27127,0.027955,172.31.46.0-255,1113,189393,44,241392
27128,0.028015,172.31.46.0-255,1514,190907,44,241392
27129,0.028017,172.31.46.0-255,1514,192421,44,241392
27130,0.028018,172.31.46.0-255,1514,193935,44,241392
27131,0.028019,172.31.46.0-255,1514,195449,44,241392
27132,0.02802,172.31.46.0-255,557,196006,44,241392
27133,0.029104,172.217.194.0-255,4320,200326,44,241392
27134,0.029112,172.31.46.0-255,66,200392,44,241392
27135,0.029447,104.244.42.0-255,66,200458,44,241392
27136,0.029494,104.244.42.0-255,66,200524,44,241392
27137,0.029588,104.244.42.0-255,66,200590,44,241392
27138,0.031319,104.244.42.0-255,108,200698,44,241392
27139,0.031327,172.31.46.0-255,66,200764,44,241392
27140,0.03177,172.217.194.0-255,5738,206502,44,241392
27141,0.031774,172.31.46.0-255,66,206568,44,241392
27142,0.034401,172.217.194.0-255,5738,212306,44,241392
27143,0.034407,172.31.46.0-255,66,212372,44,241392
27144,0.037046,172.217.194.0-255,5738,218110,44,241392
27145,0.037051,172.31.46.0-255,66,218176,44,241392
27146,0.039701,172.217.194.0-255,5738,223914,44,241392
27147,0.039709,172.31.46.0-255,66,223980,44,241392
27148,0.042395,172.217.194.0-255,5738,229718,44,241392
27149,0.042403,172.31.46.0-255,66,229784,44,241392
27150,0.045034,172.217.194.0-255,5738,235522,44,241392
27151,0.045042,172.31.46.0-255,66,235588,44,241392
27152,0.047667,172.217.194.0-255,5738,241326,44,241392
27153,0.047673,172.31.46.0-255,66,241392,44,241392
27154,0.0,74.125.24.0-255,147,147,44,198735
27155,2.2e-05,172.31.46.0-255,66,213,44,198735
27156,2.9e-05,74.125.24.0-255,1484,1697,44,198735
27157,3.3e-05,172.31.46.0-255,66,1763,44,198735
27158,3.9e-05,74.125.24.0-255,2902,4665,44,198735
27159,4.2e-05,172.31.46.0-255,66,4731,44,198735
27160,5e-05,74.125.24.0-255,7156,11887,44,198735
27161,5.2e-05,172.31.46.0-255,66,11953,44,198735
27162,8e-05,74.125.24.0-255,2112,14065,44,198735
27163,8.3e-05,172.31.46.0-255,66,14131,44,198735
27164,0.000156,74.125.24.0-255,1484,15615,44,198735
27165,0.000158,172.31.46.0-255,66,15681,44,198735
27166,0.000163,74.125.24.0-255,2902,18583,44,198735
27167,0.000166,172.31.46.0-255,66,18649,44,198735
27168,0.000184,74.125.24.0-255,1484,20133,44,198735
27169,0.000186,172.31.46.0-255,66,20199,44,198735
27170,0.000203,74.125.24.0-255,4320,24519,44,198735
27171,0.000205,172.31.46.0-255,66,24585,44,198735
27172,0.000212,74.125.24.0-255,6797,31382,44,198735
27173,0.000215,172.31.46.0-255,66,31448,44,198735
27174,0.000259,172.31.46.0-255,66,31514,44,198735
27175,0.000262,74.125.24.0-255,1484,32998,44,198735
27176,0.000264,172.31.46.0-255,66,33064,44,198735
27177,0.000279,172.31.46.0-255,66,33130,44,198735
27178,0.000303,74.125.24.0-255,5738,38868,44,198735
27179,0.000306,172.31.46.0-255,66,38934,44,198735
27180,0.000308,74.125.24.0-255,1058,39992,44,198735
27181,0.00031,172.31.46.0-255,66,40058,44,198735
27182,0.000313,74.125.24.0-255,134,40192,44,198735
27183,0.000315,172.31.46.0-255,66,40258,44,198735
27184,0.000468,74.125.24.0-255,1484,41742,44,198735
27185,0.000488,74.125.24.0-255,2902,44644,44,198735
27186,0.000493,172.31.46.0-255,66,44710,44,198735
27187,0.000499,74.125.24.0-255,5738,50448,44,198735
27188,0.000502,172.31.46.0-255,66,50514,44,198735
27189,0.000505,74.125.24.0-255,1484,51998,44,198735
27190,0.000544,172.31.46.0-255,66,52064,44,198735
27191,0.000555,172.31.46.0-255,66,52130,44,198735
27192,0.000594,74.125.24.0-255,2466,54596,44,198735
27193,0.000597,172.31.46.0-255,66,54662,44,198735
27194,0.000727,74.125.24.0-255,1484,56146,44,198735
27195,0.000733,74.125.24.0-255,2902,59048,44,198735
27196,0.000737,172.31.46.0-255,66,59114,44,198735
27197,0.000743,74.125.24.0-255,5738,64852,44,198735
27198,0.000746,172.31.46.0-255,66,64918,44,198735
27199,0.000763,74.125.24.0-255,1484,66402,44,198735
27200,0.000785,172.31.46.0-255,66,66468,44,198735
27201,0.0008,74.125.24.0-255,2902,69370,44,198735
27202,0.000803,172.31.46.0-255,66,69436,44,198735
27203,0.000838,74.125.24.0-255,1484,70920,44,198735
27204,0.000867,172.31.46.0-255,66,70986,44,198735
27205,0.000873,74.125.24.0-255,4320,75306,44,198735
27206,0.000875,172.31.46.0-255,66,75372,44,198735
27207,0.000893,74.125.24.0-255,7156,82528,44,198735
27208,0.000896,172.31.46.0-255,66,82594,44,198735
27209,0.000903,74.125.24.0-255,5738,88332,44,198735
27210,0.000905,172.31.46.0-255,66,88398,44,198735
27211,0.000911,74.125.24.0-255,5738,94136,44,198735
27212,0.000914,172.31.46.0-255,66,94202,44,198735
27213,0.000936,74.125.24.0-255,1484,95686,44,198735
27214,0.000949,172.31.46.0-255,66,95752,44,198735
27215,0.000988,74.125.24.0-255,1484,97236,44,198735
27216,0.001004,74.125.24.0-255,2902,100138,44,198735
27217,0.001006,172.31.46.0-255,66,100204,44,198735
27218,0.00101,74.125.24.0-255,1484,101688,44,198735
27219,0.001029,74.125.24.0-255,4320,106008,44,198735
27220,0.001032,172.31.46.0-255,66,106074,44,198735
27221,0.001039,74.125.24.0-255,5738,111812,44,198735
27222,0.001041,172.31.46.0-255,66,111878,44,198735
27223,0.001062,74.125.24.0-255,1484,113362,44,198735
27224,0.001094,172.31.46.0-255,66,113428,44,198735
27225,0.001101,74.125.24.0-255,5020,118448,44,198735
27226,0.001103,172.31.46.0-255,66,118514,44,198735
27227,0.001143,74.125.24.0-255,1484,119998,44,198735
27228,0.001158,74.125.24.0-255,2902,122900,44,198735
27229,0.001161,172.31.46.0-255,66,122966,44,198735
27230,0.001167,74.125.24.0-255,4320,127286,44,198735
27231,0.001169,172.31.46.0-255,66,127352,44,198735
27232,0.001182,74.125.24.0-255,1484,128836,44,198735
27233,0.001189,74.125.24.0-255,5738,134574,44,198735
27234,0.001192,172.31.46.0-255,66,134640,44,198735
27235,0.001255,172.31.46.0-255,66,134706,44,198735
27236,0.001262,74.125.24.0-255,5020,139726,44,198735
27237,0.001265,172.31.46.0-255,66,139792,44,198735
27238,0.001395,74.125.24.0-255,1484,141276,44,198735
27239,0.001401,74.125.24.0-255,2902,144178,44,198735
27240,0.001404,172.31.46.0-255,66,144244,44,198735
27241,0.001409,74.125.24.0-255,2902,147146,44,198735
27242,0.001412,172.31.46.0-255,66,147212,44,198735
27243,0.001427,74.125.24.0-255,2902,150114,44,198735
27244,0.00143,172.31.46.0-255,66,150180,44,198735
27245,0.001435,74.125.24.0-255,4320,154500,44,198735
27246,0.001438,172.31.46.0-255,66,154566,44,198735
27247,0.001469,172.31.46.0-255,66,154632,44,198735
27248,0.001491,74.125.24.0-255,2902,157534,44,198735
27249,0.001493,172.31.46.0-255,66,157600,44,198735
27250,0.001523,172.31.46.0-255,66,157666,44,198735
27251,0.001544,74.125.24.0-255,1484,159150,44,198735
27252,0.001549,74.125.24.0-255,2902,162052,44,198735
27253,0.001551,172.31.46.0-255,66,162118,44,198735
27254,0.001558,74.125.24.0-255,5738,167856,44,198735
27255,0.001561,172.31.46.0-255,66,167922,44,198735
27256,0.001627,172.31.46.0-255,66,167988,44,198735
27257,0.001654,74.125.24.0-255,2902,170890,44,198735
27258,0.001656,172.31.46.0-255,66,170956,44,198735
27259,0.001668,172.31.46.0-255,66,171022,44,198735
27260,0.001691,172.31.46.0-255,66,171088,44,198735
27261,0.001705,172.31.46.0-255,66,171154,44,198735
27262,0.001736,172.31.46.0-255,66,171220,44,198735
27263,0.001748,172.31.46.0-255,66,171286,44,198735
27264,0.001769,74.125.24.0-255,7156,178442,44,198735
27265,0.001771,172.31.46.0-255,66,178508,44,198735
27266,0.001776,74.125.24.0-255,3602,182110,44,198735
27267,0.001779,172.31.46.0-255,66,182176,44,198735
27268,0.001819,74.125.24.0-255,7156,189332,44,198735
27269,0.001821,172.31.46.0-255,66,189398,44,198735
27270,0.00185,172.31.46.0-255,66,189464,44,198735
27271,0.001853,74.125.24.0-255,105,189569,44,198735
27272,0.014929,172.31.46.0-255,66,189635,44,198735
27273,0.014975,172.31.46.0-255,105,189740,44,198735
27274,0.01728,74.125.24.0-255,66,189806,44,198735
27275,0.04951,172.31.46.0-255,172,189978,44,198735
27276,0.049545,172.31.46.0-255,1114,191092,44,198735
27277,0.049647,172.31.46.0-255,1514,192606,44,198735
27278,0.049649,172.31.46.0-255,1514,194120,44,198735
27279,0.049655,172.31.46.0-255,1514,195634,44,198735
27280,0.049656,172.31.46.0-255,1514,197148,44,198735
27281,0.049677,172.31.46.0-255,1514,198662,44,198735
27282,0.049678,172.31.46.0-255,73,198735,44,198735
27283,0.0,74.125.24.0-255,295,295,44,244042
27284,2.3e-05,172.31.46.0-255,66,361,44,244042
27285,3e-05,74.125.24.0-255,1484,1845,44,244042
27286,3.4e-05,172.31.46.0-255,66,1911,44,244042
27287,4.1e-05,74.125.24.0-255,4320,6231,44,244042
27288,5.5e-05,172.31.46.0-255,66,6297,44,244042
27289,6.8e-05,172.31.46.0-255,66,6363,44,244042
27290,7.1e-05,74.125.24.0-255,1484,7847,44,244042
27291,7.4e-05,172.31.46.0-255,66,7913,44,244042
27292,8.2e-05,74.125.24.0-255,7156,15069,44,244042
27293,8.5e-05,172.31.46.0-255,66,15135,44,244042
27294,0.000119,74.125.24.0-255,5738,20873,44,244042
27295,0.000123,172.31.46.0-255,66,20939,44,244042
27296,0.000125,74.125.24.0-255,1125,22064,44,244042
27297,0.000127,172.31.46.0-255,66,22130,44,244042
27298,0.000357,74.125.24.0-255,1484,23614,44,244042
27299,0.000362,172.31.46.0-255,66,23680,44,244042
27300,0.000368,74.125.24.0-255,2902,26582,44,244042
27301,0.00037,172.31.46.0-255,66,26648,44,244042
27302,0.000391,74.125.24.0-255,4320,30968,44,244042
27303,0.000394,172.31.46.0-255,66,31034,44,244042
27304,0.000419,74.125.24.0-255,1484,32518,44,244042
27305,0.000422,172.31.46.0-255,66,32584,44,244042
27306,0.000435,172.31.46.0-255,66,32650,44,244042
27307,0.000452,172.31.46.0-255,66,32716,44,244042
27308,0.000483,74.125.24.0-255,2184,34900,44,244042
27309,0.000486,172.31.46.0-255,66,34966,44,244042
27310,0.000567,74.125.24.0-255,398,35364,44,244042
27311,0.000572,172.31.46.0-255,66,35430,44,244042
27312,0.000611,74.125.24.0-255,114,35544,44,244042
27313,0.000661,74.125.24.0-255,1484,37028,44,244042
27314,0.000665,172.31.46.0-255,66,37094,44,244042
27315,0.00067,74.125.24.0-255,2902,39996,44,244042
27316,0.000672,172.31.46.0-255,66,40062,44,244042
27317,0.000709,74.125.24.0-255,7156,47218,44,244042
27318,0.000713,172.31.46.0-255,66,47284,44,244042
27319,0.000716,74.125.24.0-255,1484,48768,44,244042
27320,0.000721,74.125.24.0-255,2902,51670,44,244042
27321,0.000722,172.31.46.0-255,66,51736,44,244042
27322,0.000763,172.31.46.0-255,66,51802,44,244042
27323,0.000768,74.125.24.0-255,3602,55404,44,244042
27324,0.00077,172.31.46.0-255,66,55470,44,244042
27325,0.000773,74.125.24.0-255,328,55798,44,244042
27326,0.001138,74.125.24.0-255,1484,57282,44,244042
27327,0.001143,172.31.46.0-255,66,57348,44,244042
27328,0.001149,74.125.24.0-255,2902,60250,44,244042
27329,0.001151,172.31.46.0-255,66,60316,44,244042
27330,0.001164,74.125.24.0-255,5738,66054,44,244042
27331,0.001166,172.31.46.0-255,66,66120,44,244042
27332,0.001209,172.31.46.0-255,66,66186,44,244042
27333,0.001238,74.125.24.0-255,2902,69088,44,244042
27334,0.00124,172.31.46.0-255,66,69154,44,244042
27335,0.001273,172.31.46.0-255,66,69220,44,244042
27336,0.001639,74.125.24.0-255,1484,70704,44,244042
27337,0.001645,74.125.24.0-255,2902,73606,44,244042
27338,0.001648,172.31.46.0-255,66,73672,44,244042
27339,0.001667,74.125.24.0-255,5738,79410,44,244042
27340,0.001669,172.31.46.0-255,66,79476,44,244042
27341,0.001672,74.125.24.0-255,1484,80960,44,244042
27342,0.001708,172.31.46.0-255,66,81026,44,244042
27343,0.00172,172.31.46.0-255,66,81092,44,244042
27344,0.001723,74.125.24.0-255,766,81858,44,244042
27345,0.002116,74.125.24.0-255,1484,83342,44,244042
27346,0.00212,172.31.46.0-255,66,83408,44,244042
27347,0.002127,74.125.24.0-255,2902,86310,44,244042
27348,0.002129,172.31.46.0-255,66,86376,44,244042
27349,0.002165,74.125.24.0-255,5738,92114,44,244042
27350,0.002168,172.31.46.0-255,66,92180,44,244042
27351,0.002173,74.125.24.0-255,4320,96500,44,244042
27352,0.002176,172.31.46.0-255,66,96566,44,244042
27353,0.002181,74.125.24.0-255,4320,100886,44,244042
27354,0.002183,172.31.46.0-255,66,100952,44,244042
27355,0.002218,74.125.24.0-255,7156,108108,44,244042
27356,0.00222,172.31.46.0-255,66,108174,44,244042
27357,0.002347,172.31.46.0-255,101,108275,44,244042
27358,0.004309,74.125.24.0-255,5738,114013,44,244042
27359,0.004319,172.31.46.0-255,66,114079,44,244042
27360,0.004385,74.125.24.0-255,66,114145,44,244042
27361,0.006405,74.125.24.0-255,5738,119883,44,244042
27362,0.00641,172.31.46.0-255,66,119949,44,244042
27363,0.00848,74.125.24.0-255,5738,125687,44,244042
27364,0.008489,172.31.46.0-255,66,125753,44,244042
27365,0.010577,74.125.24.0-255,5738,131491,44,244042
27366,0.010587,172.31.46.0-255,66,131557,44,244042
27367,0.012672,74.125.24.0-255,5738,137295,44,244042
27368,0.012689,172.31.46.0-255,66,137361,44,244042
27369,0.014783,74.125.24.0-255,5738,143099,44,244042
27370,0.014804,172.31.46.0-255,66,143165,44,244042
27371,0.016884,74.125.24.0-255,5738,148903,44,244042
27372,0.0169,172.31.46.0-255,66,148969,44,244042
27373,0.018966,74.125.24.0-255,5738,154707,44,244042
27374,0.018975,172.31.46.0-255,66,154773,44,244042
27375,0.021019,74.125.24.0-255,5738,160511,44,244042
27376,0.021026,172.31.46.0-255,66,160577,44,244042
27377,0.023083,74.125.24.0-255,5738,166315,44,244042
27378,0.023098,172.31.46.0-255,66,166381,44,244042
27379,0.025174,74.125.24.0-255,5738,172119,44,244042
27380,0.025182,172.31.46.0-255,66,172185,44,244042
27381,0.027262,74.125.24.0-255,4320,176505,44,244042
27382,0.027269,172.31.46.0-255,66,176571,44,244042
27383,0.027294,74.125.24.0-255,1484,178055,44,244042
27384,0.029325,74.125.24.0-255,4320,182375,44,244042
27385,0.029332,172.31.46.0-255,66,182441,44,244042
27386,0.031402,74.125.24.0-255,5738,188179,44,244042
27387,0.03141,172.31.46.0-255,66,188245,44,244042
27388,0.033491,74.125.24.0-255,5738,193983,44,244042
27389,0.033499,172.31.46.0-255,66,194049,44,244042
27390,0.035645,74.125.24.0-255,5738,199787,44,244042
27391,0.035657,172.31.46.0-255,66,199853,44,244042
27392,0.037737,74.125.24.0-255,5738,205591,44,244042
27393,0.037753,172.31.46.0-255,66,205657,44,244042
27394,0.039805,74.125.24.0-255,5738,211395,44,244042
27395,0.039815,172.31.46.0-255,66,211461,44,244042
27396,0.040307,172.31.46.0-255,172,211633,44,244042
27397,0.040337,172.31.46.0-255,1114,212747,44,244042
27398,0.040401,172.31.46.0-255,1514,214261,44,244042
27399,0.040403,172.31.46.0-255,1514,215775,44,244042
27400,0.040408,172.31.46.0-255,1514,217289,44,244042
27401,0.040409,172.31.46.0-255,1514,218803,44,244042
27402,0.040427,172.31.46.0-255,1514,220317,44,244042
27403,0.040429,172.31.46.0-255,71,220388,44,244042
27404,0.041853,104.244.42.0-255,66,220454,44,244042
27405,0.041881,74.125.24.0-255,5738,226192,44,244042
27406,0.041888,172.31.46.0-255,66,226258,44,244042
27407,0.041894,104.244.42.0-255,66,226324,44,244042
27408,0.041985,104.244.42.0-255,66,226390,44,244042
27409,0.041992,104.244.42.0-255,66,226456,44,244042
27410,0.042717,104.244.42.0-255,108,226564,44,244042
27411,0.042729,172.31.46.0-255,66,226630,44,244042
27412,0.043964,74.125.24.0-255,5738,232368,44,244042
27413,0.043971,172.31.46.0-255,66,232434,44,244042
27414,0.046079,74.125.24.0-255,5738,238172,44,244042
27415,0.046087,172.31.46.0-255,66,238238,44,244042
27416,0.048149,74.125.24.0-255,5738,243976,44,244042
27417,0.048157,172.31.46.0-255,66,244042,44,244042
27418,0.0,74.125.24.0-255,150,150,44,218383
27419,2.5e-05,172.31.46.0-255,66,216,44,218383
27420,3.2e-05,74.125.24.0-255,1484,1700,44,218383
27421,3.6e-05,172.31.46.0-255,66,1766,44,218383
27422,4.8e-05,74.125.24.0-255,2902,4668,44,218383
27423,5.1e-05,172.31.46.0-255,66,4734,44,218383
27424,5.9e-05,74.125.24.0-255,7156,11890,44,218383
27425,6.2e-05,172.31.46.0-255,66,11956,44,218383
27426,6.6e-05,74.125.24.0-255,2040,13996,44,218383
27427,7e-05,172.31.46.0-255,66,14062,44,218383
27428,0.000128,74.125.24.0-255,1484,15546,44,218383
27429,0.000131,172.31.46.0-255,66,15612,44,218383
27430,0.00016,74.125.24.0-255,2902,18514,44,218383
27431,0.000162,172.31.46.0-255,66,18580,44,218383
27432,0.00017,74.125.24.0-255,5738,24318,44,218383
27433,0.000172,172.31.46.0-255,66,24384,44,218383
27434,0.000254,74.125.24.0-255,2902,27286,44,218383
27435,0.000256,172.31.46.0-255,66,27352,44,218383
27436,0.000277,74.125.24.0-255,3961,31313,44,218383
27437,0.00028,172.31.46.0-255,66,31379,44,218383
27438,0.000721,74.125.24.0-255,1484,32863,44,218383
27439,0.000728,172.31.46.0-255,66,32929,44,218383
27440,0.000734,74.125.24.0-255,2902,35831,44,218383
27441,0.000736,172.31.46.0-255,66,35897,44,218383
27442,0.000765,74.125.24.0-255,5738,41635,44,218383
27443,0.000768,172.31.46.0-255,66,41701,44,218383
27444,0.000778,172.31.46.0-255,66,41767,44,218383
27445,0.000805,74.125.24.0-255,4320,46087,44,218383
27446,0.000808,172.31.46.0-255,66,46153,44,218383
27447,0.000837,74.125.24.0-255,4320,50473,44,218383
27448,0.000841,172.31.46.0-255,66,50539,44,218383
27449,0.000847,74.125.24.0-255,5738,56277,44,218383
27450,0.000896,74.125.24.0-255,1125,57402,44,218383
27451,0.000908,172.31.46.0-255,66,57468,44,218383
27452,0.001589,74.125.24.0-255,646,58114,44,218383
27453,0.001782,74.125.24.0-255,1484,59598,44,218383
27454,0.001789,172.31.46.0-255,66,59664,44,218383
27455,0.001798,74.125.24.0-255,2902,62566,44,218383
27456,0.001804,74.125.24.0-255,4320,66886,44,218383
27457,0.001822,74.125.24.0-255,1484,68370,44,218383
27458,0.001872,74.125.24.0-255,2902,71272,44,218383
27459,0.001885,74.125.24.0-255,766,72038,44,218383
27460,0.00201,74.125.24.0-255,1484,73522,44,218383
27461,0.002024,74.125.24.0-255,2902,76424,44,218383
27462,0.002049,74.125.24.0-255,5738,82162,44,218383
27463,0.002056,74.125.24.0-255,5738,87900,44,218383
27464,0.0021,74.125.24.0-255,5020,92920,44,218383
27465,0.007816,172.31.46.0-255,66,92986,44,218383
27466,0.00993,74.125.24.0-255,5738,98724,44,218383
27467,0.009937,172.31.46.0-255,66,98790,44,218383
27468,0.012024,74.125.24.0-255,5738,104528,44,218383
27469,0.01203,172.31.46.0-255,66,104594,44,218383
27470,0.014132,74.125.24.0-255,5738,110332,44,218383
27471,0.014139,172.31.46.0-255,66,110398,44,218383
27472,0.016221,74.125.24.0-255,5738,116136,44,218383
27473,0.016229,172.31.46.0-255,66,116202,44,218383
27474,0.01833,74.125.24.0-255,5738,121940,44,218383
27475,0.018338,172.31.46.0-255,66,122006,44,218383
27476,0.020452,74.125.24.0-255,5738,127744,44,218383
27477,0.02046,172.31.46.0-255,66,127810,44,218383
27478,0.022563,74.125.24.0-255,5738,133548,44,218383
27479,0.022574,172.31.46.0-255,66,133614,44,218383
27480,0.024686,74.125.24.0-255,5738,139352,44,218383
27481,0.024693,172.31.46.0-255,66,139418,44,218383
27482,0.026798,74.125.24.0-255,5738,145156,44,218383
27483,0.026805,172.31.46.0-255,66,145222,44,218383
27484,0.028903,74.125.24.0-255,5738,150960,44,218383
27485,0.028911,172.31.46.0-255,66,151026,44,218383
27486,0.031035,74.125.24.0-255,5738,156764,44,218383
27487,0.031042,172.31.46.0-255,66,156830,44,218383
27488,0.033149,74.125.24.0-255,5738,162568,44,218383
27489,0.033157,172.31.46.0-255,66,162634,44,218383
27490,0.035261,74.125.24.0-255,5738,168372,44,218383
27491,0.035268,172.31.46.0-255,66,168438,44,218383
27492,0.037352,74.125.24.0-255,5738,174176,44,218383
27493,0.03736,172.31.46.0-255,66,174242,44,218383
27494,0.03948,74.125.24.0-255,5738,179980,44,218383
27495,0.039489,172.31.46.0-255,66,180046,44,218383
27496,0.041613,74.125.24.0-255,5738,185784,44,218383
27497,0.041621,172.31.46.0-255,66,185850,44,218383
27498,0.043709,74.125.24.0-255,5738,191588,44,218383
27499,0.043718,172.31.46.0-255,66,191654,44,218383
27500,0.045816,74.125.24.0-255,5738,197392,44,218383
27501,0.045823,172.31.46.0-255,66,197458,44,218383
27502,0.046373,172.31.46.0-255,190,197648,44,218383
27503,0.046404,172.31.46.0-255,1114,198762,44,218383
27504,0.046475,172.31.46.0-255,1514,200276,44,218383
27505,0.046476,172.31.46.0-255,1514,201790,44,218383
27506,0.046481,172.31.46.0-255,1514,203304,44,218383
27507,0.046482,172.31.46.0-255,1514,204818,44,218383
27508,0.046501,172.31.46.0-255,1514,206332,44,218383
27509,0.046502,172.31.46.0-255,71,206403,44,218383
27510,0.047893,74.125.24.0-255,5738,212141,44,218383
27511,0.047901,172.31.46.0-255,66,212207,44,218383
27512,0.047931,104.244.42.0-255,66,212273,44,218383
27513,0.047987,104.244.42.0-255,66,212339,44,218383
27514,0.048041,104.244.42.0-255,66,212405,44,218383
27515,0.048046,104.244.42.0-255,66,212471,44,218383
27516,0.048649,104.244.42.0-255,108,212579,44,218383
27517,0.048658,172.31.46.0-255,66,212645,44,218383
27518,0.049996,74.125.24.0-255,5738,218383,44,218383
27519,0.0,172.217.194.0-255,150,150,44,219166
27520,2.4e-05,172.31.46.0-255,66,216,44,219166
27521,3.2e-05,172.217.194.0-255,1484,1700,44,219166
27522,3.7e-05,172.31.46.0-255,66,1766,44,219166
27523,4.2e-05,172.217.194.0-255,2902,4668,44,219166
27524,5.2e-05,172.31.46.0-255,66,4734,44,219166
27525,6.1e-05,172.217.194.0-255,7156,11890,44,219166
27526,6.3e-05,172.31.46.0-255,66,11956,44,219166
27527,6.7e-05,172.217.194.0-255,2090,14046,44,219166
27528,6.9e-05,172.31.46.0-255,66,14112,44,219166
27529,9.1e-05,172.217.194.0-255,1484,15596,44,219166
27530,9.4e-05,172.31.46.0-255,66,15662,44,219166
27531,0.000118,172.217.194.0-255,1484,17146,44,219166
27532,0.000121,172.31.46.0-255,66,17212,44,219166
27533,0.000132,172.217.194.0-255,2902,20114,44,219166
27534,0.000135,172.31.46.0-255,66,20180,44,219166
27535,0.000141,172.217.194.0-255,4320,24500,44,219166
27536,0.000143,172.31.46.0-255,66,24566,44,219166
27537,0.000182,172.31.46.0-255,66,24632,44,219166
27538,0.00019,172.217.194.0-255,7156,31788,44,219166
27539,0.000192,172.31.46.0-255,66,31854,44,219166
27540,0.000214,172.217.194.0-255,1484,33338,44,219166
27541,0.000216,172.31.46.0-255,66,33404,44,219166
27542,0.000249,172.217.194.0-255,5379,38783,44,219166
27543,0.000251,172.31.46.0-255,66,38849,44,219166
27544,0.000871,172.217.194.0-255,1484,40333,44,219166
27545,0.000877,172.31.46.0-255,66,40399,44,219166
27546,0.000883,172.217.194.0-255,2902,43301,44,219166
27547,0.000885,172.31.46.0-255,66,43367,44,219166
27548,0.000897,172.217.194.0-255,5738,49105,44,219166
27549,0.000899,172.31.46.0-255,66,49171,44,219166
27550,0.000963,172.31.46.0-255,66,49237,44,219166
27551,0.001086,172.217.194.0-255,1484,50721,44,219166
27552,0.001104,172.217.194.0-255,2902,53623,44,219166
27553,0.001107,172.31.46.0-255,66,53689,44,219166
27554,0.001113,172.217.194.0-255,5738,59427,44,219166
27555,0.001115,172.31.46.0-255,66,59493,44,219166
27556,0.00115,172.31.46.0-255,66,59559,44,219166
27557,0.001182,172.217.194.0-255,2902,62461,44,219166
27558,0.001193,172.217.194.0-255,766,63227,44,219166
27559,0.001197,172.31.46.0-255,66,63293,44,219166
27560,0.0012,172.31.46.0-255,66,63359,44,219166
27561,0.001446,172.31.46.0-255,66,63425,44,219166
27562,0.00199,172.217.194.0-255,1484,64909,44,219166
27563,0.002001,172.217.194.0-255,2902,67811,44,219166
27564,0.002006,172.31.46.0-255,66,67877,44,219166
27565,0.002015,172.217.194.0-255,5738,73615,44,219166
27566,0.002017,172.31.46.0-255,66,73681,44,219166
27567,0.002074,172.217.194.0-255,5738,79419,44,219166
27568,0.002076,172.31.46.0-255,66,79485,44,219166
27569,0.002094,172.31.46.0-255,66,79551,44,219166
27570,0.002101,172.217.194.0-255,5020,84571,44,219166
27571,0.002103,172.31.46.0-255,66,84637,44,219166
27572,0.002135,172.217.194.0-255,2902,87539,44,219166
27573,0.002137,172.31.46.0-255,66,87605,44,219166
27574,0.00214,172.217.194.0-255,1484,89089,44,219166
27575,0.002147,172.217.194.0-255,5738,94827,44,219166
27576,0.002153,172.31.46.0-255,66,94893,44,219166
27577,0.002189,172.31.46.0-255,66,94959,44,219166
27578,0.002194,172.217.194.0-255,4320,99279,44,219166
27579,0.002196,172.31.46.0-255,66,99345,44,219166
27580,0.002228,172.217.194.0-255,6438,105783,44,219166
27581,0.002231,172.31.46.0-255,66,105849,44,219166
27582,0.002631,172.217.194.0-255,1484,107333,44,219166
27583,0.00264,172.217.194.0-255,2902,110235,44,219166
27584,0.002645,172.31.46.0-255,66,110301,44,219166
27585,0.002651,172.217.194.0-255,2902,113203,44,219166
27586,0.002654,172.31.46.0-255,66,113269,44,219166
27587,0.002679,172.217.194.0-255,2902,116171,44,219166
27588,0.002681,172.31.46.0-255,66,116237,44,219166
27589,0.002699,172.31.46.0-255,66,116303,44,219166
27590,0.002726,172.217.194.0-255,1484,117787,44,219166
27591,0.002738,172.31.46.0-255,66,117853,44,219166
27592,0.002741,172.217.194.0-255,766,118619,44,219166
27593,0.002765,172.217.194.0-255,1484,120103,44,219166
27594,0.002767,172.31.46.0-255,66,120169,44,219166
27595,0.002773,172.217.194.0-255,4320,124489,44,219166
27596,0.002776,172.31.46.0-255,66,124555,44,219166
27597,0.002779,172.217.194.0-255,1484,126039,44,219166
27598,0.002823,172.31.46.0-255,66,126105,44,219166
27599,0.002829,172.217.194.0-255,5738,131843,44,219166
27600,0.002831,172.31.46.0-255,66,131909,44,219166
27601,0.002861,172.217.194.0-255,5738,137647,44,219166
27602,0.002864,172.31.46.0-255,66,137713,44,219166
27603,0.002871,172.217.194.0-255,6438,144151,44,219166
27604,0.002874,172.31.46.0-255,66,144217,44,219166
27605,0.003235,172.217.194.0-255,1484,145701,44,219166
27606,0.003258,172.217.194.0-255,2902,148603,44,219166
27607,0.00326,172.31.46.0-255,66,148669,44,219166
27608,0.003268,172.217.194.0-255,5738,154407,44,219166
27609,0.003275,172.31.46.0-255,66,154473,44,219166
27610,0.003278,172.217.194.0-255,1484,155957,44,219166
27611,0.00332,172.31.46.0-255,66,156023,44,219166
27612,0.003326,172.217.194.0-255,5738,161761,44,219166
27613,0.003329,172.31.46.0-255,66,161827,44,219166
27614,0.003353,172.217.194.0-255,5020,166847,44,219166
27615,0.003356,172.31.46.0-255,66,166913,44,219166
27616,0.003396,172.217.194.0-255,2902,169815,44,219166
27617,0.003398,172.31.46.0-255,66,169881,44,219166
27618,0.003415,172.217.194.0-255,2902,172783,44,219166
27619,0.003418,172.31.46.0-255,66,172849,44,219166
27620,0.003426,172.217.194.0-255,7156,180005,44,219166
27621,0.003428,172.31.46.0-255,66,180071,44,219166
27622,0.003431,172.217.194.0-255,1484,181555,44,219166
27623,0.003483,172.31.46.0-255,66,181621,44,219166
27624,0.003487,172.217.194.0-255,2184,183805,44,219166
27625,0.003489,172.31.46.0-255,66,183871,44,219166
27626,0.003572,172.31.46.0-255,66,183937,44,219166
27627,0.00359,172.31.46.0-255,66,184003,44,219166
27628,0.003601,172.31.46.0-255,66,184069,44,219166
27629,0.003643,172.217.194.0-255,1484,185553,44,219166
27630,0.003661,172.217.194.0-255,2902,188455,44,219166
27631,0.003665,172.31.46.0-255,66,188521,44,219166
27632,0.003668,172.217.194.0-255,1484,190005,44,219166
27633,0.003693,172.217.194.0-255,4320,194325,44,219166
27634,0.003695,172.31.46.0-255,66,194391,44,219166
27635,0.003714,172.31.46.0-255,66,194457,44,219166
27636,0.003725,172.217.194.0-255,1484,195941,44,219166
27637,0.003743,172.31.46.0-255,66,196007,44,219166
27638,0.003794,172.217.194.0-255,1484,197491,44,219166
27639,0.003798,172.217.194.0-255,1484,198975,44,219166
27640,0.0038,172.31.46.0-255,66,199041,44,219166
27641,0.003818,172.217.194.0-255,1484,200525,44,219166
27642,0.003825,172.217.194.0-255,5738,206263,44,219166
27643,0.003828,172.31.46.0-255,66,206329,44,219166
27644,0.003877,172.217.194.0-255,2902,209231,44,219166
27645,0.00388,172.31.46.0-255,66,209297,44,219166
27646,0.003914,172.31.46.0-255,66,209363,44,219166
27647,0.003929,172.217.194.0-255,97,209460,44,219166
27648,0.003999,172.217.194.0-255,105,209565,44,219166
27649,0.009702,172.31.46.0-255,66,209631,44,219166
27650,0.009753,172.31.46.0-255,105,209736,44,219166
27651,0.011707,172.217.194.0-255,66,209802,44,219166
27652,0.041826,172.31.46.0-255,172,209974,44,219166
27653,0.041874,172.31.46.0-255,1114,211088,44,219166
27654,0.041944,172.31.46.0-255,1514,212602,44,219166
27655,0.041946,172.31.46.0-255,1514,214116,44,219166
27656,0.041947,172.31.46.0-255,1514,215630,44,219166
27657,0.041948,172.31.46.0-255,1514,217144,44,219166
27658,0.041976,172.31.46.0-255,1514,218658,44,219166
27659,0.041977,172.31.46.0-255,70,218728,44,219166
27660,0.043373,104.244.42.0-255,66,218794,44,219166
27661,0.043446,104.244.42.0-255,66,218860,44,219166
27662,0.043546,104.244.42.0-255,66,218926,44,219166
27663,0.043568,104.244.42.0-255,66,218992,44,219166
27664,0.04427,104.244.42.0-255,108,219100,44,219166
27665,0.044283,172.31.46.0-255,66,219166,44,219166
27666,0.0,74.125.24.0-255,146,146,44,275667
27667,1.4e-05,172.31.46.0-255,66,212,44,275667
27668,2e-05,74.125.24.0-255,1484,1696,44,275667
27669,2.5e-05,172.31.46.0-255,66,1762,44,275667
27670,3e-05,74.125.24.0-255,2902,4664,44,275667
27671,3.2e-05,172.31.46.0-255,66,4730,44,275667
27672,3.9e-05,74.125.24.0-255,5738,10468,44,275667
27673,4.2e-05,172.31.46.0-255,66,10534,44,275667
27674,6.3e-05,74.125.24.0-255,1484,12018,44,275667
27675,6.5e-05,172.31.46.0-255,66,12084,44,275667
27676,7e-05,74.125.24.0-255,2111,14195,44,275667
27677,7.2e-05,172.31.46.0-255,66,14261,44,275667
27678,7.6e-05,74.125.24.0-255,2902,17163,44,275667
27679,7.8e-05,172.31.46.0-255,66,17229,44,275667
27680,8.1e-05,74.125.24.0-255,1484,18713,44,275667
27681,8.2e-05,172.31.46.0-255,66,18779,44,275667
27682,0.000112,74.125.24.0-255,5738,24517,44,275667
27683,0.000115,172.31.46.0-255,66,24583,44,275667
27684,0.000121,74.125.24.0-255,5738,30321,44,275667
27685,0.000122,172.31.46.0-255,66,30387,44,275667
27686,0.000145,74.125.24.0-255,1125,31512,44,275667
27687,0.000147,172.31.46.0-255,66,31578,44,275667
27688,0.000494,74.125.24.0-255,1484,33062,44,275667
27689,0.000497,172.31.46.0-255,66,33128,44,275667
27690,0.000508,74.125.24.0-255,1484,34612,44,275667
27691,0.00051,172.31.46.0-255,66,34678,44,275667
27692,0.000531,74.125.24.0-255,1484,36162,44,275667
27693,0.000532,172.31.46.0-255,66,36228,44,275667
27694,0.000538,74.125.24.0-255,5738,41966,44,275667
27695,0.00054,172.31.46.0-255,66,42032,44,275667
27696,0.000563,74.125.24.0-255,1484,43516,44,275667
27697,0.000565,172.31.46.0-255,66,43582,44,275667
27698,0.000581,74.125.24.0-255,5738,49320,44,275667
27699,0.000583,172.31.46.0-255,66,49386,44,275667
27700,0.000597,74.125.24.0-255,5738,55124,44,275667
27701,0.000599,172.31.46.0-255,66,55190,44,275667
27702,0.000617,74.125.24.0-255,4320,59510,44,275667
27703,0.000619,172.31.46.0-255,66,59576,44,275667
27704,0.000641,74.125.24.0-255,6438,66014,44,275667
27705,0.000643,172.31.46.0-255,66,66080,44,275667
27706,0.000662,74.125.24.0-255,395,66475,44,275667
27707,0.000702,74.125.24.0-255,347,66822,44,275667
27708,0.000882,74.125.24.0-255,1484,68306,44,275667
27709,0.000887,172.31.46.0-255,66,68372,44,275667
27710,0.000892,74.125.24.0-255,2902,71274,44,275667
27711,0.000895,172.31.46.0-255,66,71340,44,275667
27712,0.000901,74.125.24.0-255,5738,77078,44,275667
27713,0.000904,172.31.46.0-255,66,77144,44,275667
27714,0.000906,74.125.24.0-255,1484,78628,44,275667
27715,0.000929,74.125.24.0-255,2902,81530,44,275667
27716,0.000933,172.31.46.0-255,66,81596,44,275667
27717,0.000956,74.125.24.0-255,4320,85916,44,275667
27718,0.000959,172.31.46.0-255,66,85982,44,275667
27719,0.000989,74.125.24.0-255,7156,93138,44,275667
27720,0.000992,172.31.46.0-255,66,93204,44,275667
27721,0.001003,172.31.46.0-255,66,93270,44,275667
27722,0.001643,74.125.24.0-255,1484,94754,44,275667
27723,0.001649,74.125.24.0-255,2902,97656,44,275667
27724,0.001653,172.31.46.0-255,66,97722,44,275667
27725,0.001684,74.125.24.0-255,1484,99206,44,275667
27726,0.001689,74.125.24.0-255,2902,102108,44,275667
27727,0.001691,172.31.46.0-255,66,102174,44,275667
27728,0.001719,74.125.24.0-255,5738,107912,44,275667
27729,0.001722,172.31.46.0-255,66,107978,44,275667
27730,0.001726,74.125.24.0-255,2902,110880,44,275667
27731,0.001728,172.31.46.0-255,66,110946,44,275667
27732,0.001746,74.125.24.0-255,5738,116684,44,275667
27733,0.001749,172.31.46.0-255,66,116750,44,275667
27734,0.001766,74.125.24.0-255,2902,119652,44,275667
27735,0.001769,172.31.46.0-255,66,119718,44,275667
27736,0.001794,74.125.24.0-255,7156,126874,44,275667
27737,0.001797,172.31.46.0-255,66,126940,44,275667
27738,0.001811,74.125.24.0-255,766,127706,44,275667
27739,0.002025,74.125.24.0-255,1484,129190,44,275667
27740,0.002029,172.31.46.0-255,66,129256,44,275667
27741,0.002035,74.125.24.0-255,2902,132158,44,275667
27742,0.002037,172.31.46.0-255,66,132224,44,275667
27743,0.002063,74.125.24.0-255,5738,137962,44,275667
27744,0.002066,172.31.46.0-255,66,138028,44,275667
27745,0.002088,172.31.46.0-255,66,138094,44,275667
27746,0.002106,74.125.24.0-255,4320,142414,44,275667
27747,0.002108,74.125.24.0-255,1484,143898,44,275667
27748,0.002112,172.31.46.0-255,66,143964,44,275667
27749,0.002155,172.31.46.0-255,66,144030,44,275667
27750,0.002254,74.125.24.0-255,1484,145514,44,275667
27751,0.002273,74.125.24.0-255,2902,148416,44,275667
27752,0.002276,172.31.46.0-255,66,148482,44,275667
27753,0.002314,74.125.24.0-255,1484,149966,44,275667
27754,0.002319,74.125.24.0-255,2902,152868,44,275667
27755,0.002321,172.31.46.0-255,66,152934,44,275667
27756,0.002386,74.125.24.0-255,4320,157254,44,275667
27757,0.00239,172.31.46.0-255,66,157320,44,275667
27758,0.002408,74.125.24.0-255,1484,158804,44,275667
27759,0.002448,74.125.24.0-255,1484,160288,44,275667
27760,0.00245,172.31.46.0-255,66,160354,44,275667
27761,0.002457,74.125.24.0-255,2902,163256,44,275667
27762,0.002458,172.31.46.0-255,66,163322,44,275667
27763,0.002485,74.125.24.0-255,5738,169060,44,275667
27764,0.002488,172.31.46.0-255,66,169126,44,275667
27765,0.002491,74.125.24.0-255,1484,170610,44,275667
27766,0.002544,74.125.24.0-255,7156,177766,44,275667
27767,0.002547,172.31.46.0-255,66,177832,44,275667
27768,0.002565,74.125.24.0-255,766,178598,44,275667
27769,0.002912,172.31.46.0-255,66,178664,44,275667
27770,0.002941,74.125.24.0-255,1484,180148,44,275667
27771,0.002955,74.125.24.0-255,2902,183050,44,275667
27772,0.002958,172.31.46.0-255,66,183116,44,275667
27773,0.002972,74.125.24.0-255,1484,184600,44,275667
27774,0.002982,74.125.24.0-255,1484,186084,44,275667
27775,0.002984,172.31.46.0-255,66,186150,44,275667
27776,0.003022,172.31.46.0-255,66,186216,44,275667
27777,0.003025,74.125.24.0-255,1484,187700,44,275667
27778,0.003049,172.31.46.0-255,66,187766,44,275667
27779,0.003053,74.125.24.0-255,2902,190668,44,275667
27780,0.003055,172.31.46.0-255,66,190734,44,275667
27781,0.003078,74.125.24.0-255,2184,192918,44,275667
27782,0.003081,172.31.46.0-255,66,192984,44,275667
27783,0.003107,74.125.24.0-255,4320,197304,44,275667
27784,0.00311,172.31.46.0-255,66,197370,44,275667
27785,0.003146,172.31.46.0-255,66,197436,44,275667
27786,0.003153,74.125.24.0-255,1484,198920,44,275667
27787,0.003202,74.125.24.0-255,766,199686,44,275667
27788,0.003937,74.125.24.0-255,1484,201170,44,275667
27789,0.00396,74.125.24.0-255,2902,204072,44,275667
27790,0.003974,74.125.24.0-255,5738,209810,44,275667
27791,0.003984,74.125.24.0-255,1484,211294,44,275667
27792,0.004,74.125.24.0-255,4320,215614,44,275667
27793,0.00402,74.125.24.0-255,4320,219934,44,275667
27794,0.004047,74.125.24.0-255,5020,224954,44,275667
27795,0.004097,74.125.24.0-255,1484,226438,44,275667
27796,0.004111,74.125.24.0-255,2902,229340,44,275667
27797,0.004129,74.125.24.0-255,2902,232242,44,275667
27798,0.004134,74.125.24.0-255,4320,236562,44,275667
27799,0.004147,74.125.24.0-255,1484,238046,44,275667
27800,0.004159,74.125.24.0-255,4320,242366,44,275667
27801,0.004173,74.125.24.0-255,2902,245268,44,275667
27802,0.004201,74.125.24.0-255,5020,250288,44,275667
27803,0.004219,74.125.24.0-255,2902,253190,44,275667
27804,0.004237,74.125.24.0-255,7156,260346,44,275667
27805,0.004265,74.125.24.0-255,4320,264666,44,275667
27806,0.004419,74.125.24.0-255,105,264771,44,275667
27807,0.009626,172.31.46.0-255,66,264837,44,275667
27808,0.009632,172.31.46.0-255,66,264903,44,275667
27809,0.009634,172.31.46.0-255,66,264969,44,275667
27810,0.009637,172.31.46.0-255,66,265035,44,275667
27811,0.009648,172.31.46.0-255,66,265101,44,275667
27812,0.009652,172.31.46.0-255,66,265167,44,275667
27813,0.009656,172.31.46.0-255,66,265233,44,275667
27814,0.009658,172.31.46.0-255,66,265299,44,275667
27815,0.009662,172.31.46.0-255,66,265365,44,275667
27816,0.009664,172.31.46.0-255,66,265431,44,275667
27817,0.009669,172.31.46.0-255,66,265497,44,275667
27818,0.009673,172.31.46.0-255,66,265563,44,275667
27819,0.009676,172.31.46.0-255,66,265629,44,275667
27820,0.009679,172.31.46.0-255,66,265695,44,275667
27821,0.009683,172.31.46.0-255,66,265761,44,275667
27822,0.009685,172.31.46.0-255,66,265827,44,275667
27823,0.009689,172.31.46.0-255,66,265893,44,275667
27824,0.009692,172.31.46.0-255,66,265959,44,275667
27825,0.009695,172.31.46.0-255,66,266025,44,275667
27826,0.009698,172.31.46.0-255,66,266091,44,275667
27827,0.009701,172.31.46.0-255,66,266157,44,275667
27828,0.009704,172.31.46.0-255,66,266223,44,275667
27829,0.011081,172.31.46.0-255,66,266289,44,275667
27830,0.011119,172.31.46.0-255,105,266394,44,275667
27831,0.013411,74.125.24.0-255,66,266460,44,275667
27832,0.039742,172.31.46.0-255,188,266648,44,275667
27833,0.039775,172.31.46.0-255,955,267603,44,275667
27834,0.039842,172.31.46.0-255,1514,269117,44,275667
27835,0.039844,172.31.46.0-255,1514,270631,44,275667
27836,0.039849,172.31.46.0-255,1514,272145,44,275667
27837,0.03985,172.31.46.0-255,1514,273659,44,275667
27838,0.039873,172.31.46.0-255,1514,275173,44,275667
27839,0.039875,172.31.46.0-255,230,275403,44,275667
27840,0.041304,104.244.42.0-255,66,275469,44,275667
27841,0.041323,104.244.42.0-255,66,275535,44,275667
27842,0.041424,104.244.42.0-255,66,275601,44,275667
27843,0.04143,104.244.42.0-255,66,275667,44,275667
27844,0.0,74.125.130.0-255,152,152,44,265973
27845,1.5e-05,172.31.46.0-255,66,218,44,265973
27846,4.1e-05,74.125.130.0-255,1484,1702,44,265973
27847,4.5e-05,172.31.46.0-255,66,1768,44,265973
27848,6.2e-05,74.125.130.0-255,2902,4670,44,265973
27849,6.7e-05,172.31.46.0-255,66,4736,44,265973
27850,7.2e-05,74.125.130.0-255,2902,7638,44,265973
27851,7.4e-05,172.31.46.0-255,66,7704,44,265973
27852,9.2e-05,74.125.130.0-255,2902,10606,44,265973
27853,9.5e-05,172.31.46.0-255,66,10672,44,265973
27854,0.0001,74.125.130.0-255,3414,14086,44,265973
27855,0.000102,172.31.46.0-255,66,14152,44,265973
27856,0.000106,74.125.130.0-255,1484,15636,44,265973
27857,0.000108,172.31.46.0-255,66,15702,44,265973
27858,0.000122,74.125.130.0-255,2902,18604,44,265973
27859,0.000125,172.31.46.0-255,66,18670,44,265973
27860,0.000154,74.125.130.0-255,1484,20154,44,265973
27861,0.000156,172.31.46.0-255,66,20220,44,265973
27862,0.000187,172.31.46.0-255,66,20286,44,265973
27863,0.000196,74.125.130.0-255,2543,22829,44,265973
27864,0.000199,172.31.46.0-255,66,22895,44,265973
27865,0.000892,74.125.130.0-255,1484,24379,44,265973
27866,0.000899,172.31.46.0-255,66,24445,44,265973
27867,0.000908,74.125.130.0-255,2902,27347,44,265973
27868,0.00091,172.31.46.0-255,66,27413,44,265973
27869,0.000944,74.125.130.0-255,4320,31733,44,265973
27870,0.000947,172.31.46.0-255,66,31799,44,265973
27871,0.000968,74.125.130.0-255,5738,37537,44,265973
27872,0.000971,172.31.46.0-255,66,37603,44,265973
27873,0.001018,74.125.130.0-255,3961,41564,44,265973
27874,0.001021,172.31.46.0-255,66,41630,44,265973
27875,0.001036,74.125.130.0-255,2902,44532,44,265973
27876,0.001038,172.31.46.0-255,66,44598,44,265973
27877,0.001048,74.125.130.0-255,1484,46082,44,265973
27878,0.001076,74.125.130.0-255,5738,51820,44,265973
27879,0.001079,172.31.46.0-255,66,51886,44,265973
27880,0.001091,74.125.130.0-255,2902,54788,44,265973
27881,0.001093,172.31.46.0-255,66,54854,44,265973
27882,0.00111,74.125.130.0-255,3122,57976,44,265973
27883,0.001113,172.31.46.0-255,66,58042,44,265973
27884,0.001311,74.125.130.0-255,1484,59526,44,265973
27885,0.001318,74.125.130.0-255,2902,62428,44,265973
27886,0.001323,172.31.46.0-255,66,62494,44,265973
27887,0.001346,74.125.130.0-255,5738,68232,44,265973
27888,0.001349,172.31.46.0-255,66,68298,44,265973
27889,0.001372,74.125.130.0-255,1484,69782,44,265973
27890,0.001376,74.125.130.0-255,2902,72684,44,265973
27891,0.001379,172.31.46.0-255,66,72750,44,265973
27892,0.001441,74.125.130.0-255,2543,75293,44,265973
27893,0.001445,172.31.46.0-255,66,75359,44,265973
27894,0.00204,74.125.130.0-255,1484,76843,44,265973
27895,0.00205,74.125.130.0-255,2902,79745,44,265973
27896,0.002054,172.31.46.0-255,66,79811,44,265973
27897,0.002074,74.125.130.0-255,4320,84131,44,265973
27898,0.002077,172.31.46.0-255,66,84197,44,265973
27899,0.002079,74.125.130.0-255,1484,85681,44,265973
27900,0.002105,74.125.130.0-255,4320,90001,44,265973
27901,0.002107,172.31.46.0-255,66,90067,44,265973
27902,0.002142,172.31.46.0-255,66,90133,44,265973
27903,0.002159,74.125.130.0-255,1484,91617,44,265973
27904,0.002189,172.31.46.0-255,66,91683,44,265973
27905,0.002318,74.125.130.0-255,1484,93167,44,265973
27906,0.00234,74.125.130.0-255,2902,96069,44,265973
27907,0.002342,172.31.46.0-255,66,96135,44,265973
27908,0.00236,74.125.130.0-255,1484,97619,44,265973
27909,0.0024,74.125.130.0-255,4320,101939,44,265973
27910,0.002404,172.31.46.0-255,66,102005,44,265973
27911,0.002409,74.125.130.0-255,2902,104907,44,265973
27912,0.002411,172.31.46.0-255,66,104973,44,265973
27913,0.002417,74.125.130.0-255,4320,109293,44,265973
27914,0.00242,172.31.46.0-255,66,109359,44,265973
27915,0.00243,172.31.46.0-255,66,109425,44,265973
27916,0.002436,74.125.130.0-255,4320,113745,44,265973
27917,0.002438,172.31.46.0-255,66,113811,44,265973
27918,0.00247,74.125.130.0-255,5020,118831,44,265973
27919,0.002473,172.31.46.0-255,66,118897,44,265973
27920,0.002476,74.125.130.0-255,1484,120381,44,265973
27921,0.002502,74.125.130.0-255,4320,124701,44,265973
27922,0.002505,172.31.46.0-255,66,124767,44,265973
27923,0.002512,74.125.130.0-255,7156,131923,44,265973
27924,0.002515,172.31.46.0-255,66,131989,44,265973
27925,0.002534,74.125.130.0-255,4320,136309,44,265973
27926,0.002537,172.31.46.0-255,66,136375,44,265973
27927,0.002552,74.125.130.0-255,7156,143531,44,265973
27928,0.002554,172.31.46.0-255,66,143597,44,265973
27929,0.002621,74.125.130.0-255,5738,149335,44,265973
27930,0.002625,172.31.46.0-255,66,149401,44,265973
27931,0.002642,74.125.130.0-255,2184,151585,44,265973
27932,0.002645,172.31.46.0-255,66,151651,44,265973
27933,0.005219,74.125.130.0-255,2902,154553,44,265973
27934,0.005224,172.31.46.0-255,66,154619,44,265973
27935,0.005244,74.125.130.0-255,2902,157521,44,265973
27936,0.005246,172.31.46.0-255,66,157587,44,265973
27937,0.007809,74.125.130.0-255,2902,160489,44,265973
27938,0.007816,172.31.46.0-255,66,160555,44,265973
27939,0.007837,74.125.130.0-255,2902,163457,44,265973
27940,0.00784,172.31.46.0-255,66,163523,44,265973
27941,0.010398,74.125.130.0-255,2902,166425,44,265973
27942,0.010405,172.31.46.0-255,66,166491,44,265973
27943,0.010427,74.125.130.0-255,2902,169393,44,265973
27944,0.010429,172.31.46.0-255,66,169459,44,265973
27945,0.012982,74.125.130.0-255,2902,172361,44,265973
27946,0.012991,172.31.46.0-255,66,172427,44,265973
27947,0.013013,74.125.130.0-255,2902,175329,44,265973
27948,0.013016,172.31.46.0-255,66,175395,44,265973
27949,0.015576,74.125.130.0-255,2902,178297,44,265973
27950,0.015583,172.31.46.0-255,66,178363,44,265973
27951,0.015601,74.125.130.0-255,2902,181265,44,265973
27952,0.015603,172.31.46.0-255,66,181331,44,265973
27953,0.018188,74.125.130.0-255,5738,187069,44,265973
27954,0.018195,172.31.46.0-255,66,187135,44,265973
27955,0.020798,74.125.130.0-255,5738,192873,44,265973
27956,0.020807,172.31.46.0-255,66,192939,44,265973
27957,0.023403,74.125.130.0-255,5738,198677,44,265973
27958,0.02341,172.31.46.0-255,66,198743,44,265973
27959,0.026009,74.125.130.0-255,5738,204481,44,265973
27960,0.026015,172.31.46.0-255,66,204547,44,265973
27961,0.02859,74.125.130.0-255,5738,210285,44,265973
27962,0.028596,172.31.46.0-255,66,210351,44,265973
27963,0.031192,74.125.130.0-255,5738,216089,44,265973
27964,0.031204,172.31.46.0-255,66,216155,44,265973
27965,0.03379,74.125.130.0-255,5738,221893,44,265973
27966,0.033799,172.31.46.0-255,66,221959,44,265973
27967,0.035245,172.31.46.0-255,172,222131,44,265973
27968,0.035268,172.31.46.0-255,1114,223245,44,265973
27969,0.035329,172.31.46.0-255,1514,224759,44,265973
27970,0.03533,172.31.46.0-255,1514,226273,44,265973
27971,0.035335,172.31.46.0-255,1514,227787,44,265973
27972,0.035336,172.31.46.0-255,1514,229301,44,265973
27973,0.035353,172.31.46.0-255,1514,230815,44,265973
27974,0.035353,172.31.46.0-255,70,230885,44,265973
27975,0.03639,74.125.130.0-255,5738,236623,44,265973
27976,0.036399,172.31.46.0-255,66,236689,44,265973
27977,0.036822,104.244.42.0-255,66,236755,44,265973
27978,0.036831,104.244.42.0-255,66,236821,44,265973
27979,0.036921,104.244.42.0-255,66,236887,44,265973
27980,0.036928,104.244.42.0-255,66,236953,44,265973
27981,0.039014,74.125.130.0-255,5738,242691,44,265973
27982,0.039021,172.31.46.0-255,66,242757,44,265973
27983,0.041611,74.125.130.0-255,5738,248495,44,265973
27984,0.041618,172.31.46.0-255,66,248561,44,265973
27985,0.044248,74.125.130.0-255,5738,254299,44,265973
27986,0.044257,172.31.46.0-255,66,254365,44,265973
27987,0.046848,74.125.130.0-255,5738,260103,44,265973
27988,0.046856,172.31.46.0-255,66,260169,44,265973
27989,0.049445,74.125.130.0-255,5738,265907,44,265973
27990,0.049451,172.31.46.0-255,66,265973,44,265973
27991,0.0,172.217.194.0-255,152,152,44,193369
27992,3.5e-05,172.31.46.0-255,66,218,44,193369
27993,4.3e-05,172.217.194.0-255,1484,1702,44,193369
27994,4.8e-05,172.31.46.0-255,66,1768,44,193369
27995,6e-05,172.217.194.0-255,2902,4670,44,193369
27996,6.3e-05,172.31.46.0-255,66,4736,44,193369
27997,8.9e-05,172.217.194.0-255,7156,11892,44,193369
27998,9.1e-05,172.31.46.0-255,66,11958,44,193369
27999,0.000167,172.217.194.0-255,1977,13935,44,193369
28000,0.000173,172.31.46.0-255,66,14001,44,193369
28001,0.000204,172.217.194.0-255,7156,21157,44,193369
28002,0.000207,172.31.46.0-255,66,21223,44,193369
28003,0.000233,172.217.194.0-255,4320,25543,44,193369
28004,0.000235,172.31.46.0-255,66,25609,44,193369
28005,0.000308,172.217.194.0-255,2902,28511,44,193369
28006,0.000311,172.31.46.0-255,66,28577,44,193369
28007,0.000334,172.217.194.0-255,2543,31120,44,193369
28008,0.000337,172.31.46.0-255,66,31186,44,193369
28009,0.000379,172.217.194.0-255,5738,36924,44,193369
28010,0.000382,172.31.46.0-255,66,36990,44,193369
28011,0.000459,172.31.46.0-255,66,37056,44,193369
28012,0.000484,172.217.194.0-255,2543,39599,44,193369
28013,0.000487,172.31.46.0-255,66,39665,44,193369
28014,0.001046,172.217.194.0-255,1484,41149,44,193369
28015,0.001053,172.31.46.0-255,66,41215,44,193369
28016,0.001072,172.217.194.0-255,2902,44117,44,193369
28017,0.001075,172.31.46.0-255,66,44183,44,193369
28018,0.001103,172.217.194.0-255,5738,49921,44,193369
28019,0.001106,172.31.46.0-255,66,49987,44,193369
28020,0.001152,172.217.194.0-255,1484,51471,44,193369
28021,0.001155,172.31.46.0-255,66,51537,44,193369
28022,0.001185,172.217.194.0-255,5379,56916,44,193369
28023,0.001236,172.217.194.0-255,7156,64072,44,193369
28024,0.00132,172.217.194.0-255,4320,68392,44,193369
28025,0.001345,172.217.194.0-255,4320,72712,44,193369
28026,0.00144,172.217.194.0-255,7156,79868,44,193369
28027,0.001645,172.217.194.0-255,1125,80993,44,193369
28028,0.004347,172.31.46.0-255,66,81059,44,193369
28029,0.006721,172.217.194.0-255,5738,86797,44,193369
28030,0.00673,172.31.46.0-255,66,86863,44,193369
28031,0.009101,172.217.194.0-255,4320,91183,44,193369
28032,0.009112,172.31.46.0-255,66,91249,44,193369
28033,0.009141,172.217.194.0-255,1484,92733,44,193369
28034,0.011462,172.217.194.0-255,4320,97053,44,193369
28035,0.011477,172.31.46.0-255,66,97119,44,193369
28036,0.013874,172.217.194.0-255,5738,102857,44,193369
28037,0.016341,172.31.46.0-255,66,102923,44,193369
28038,0.018725,172.217.194.0-255,5738,108661,44,193369
28039,0.01874,172.31.46.0-255,66,108727,44,193369
28040,0.021101,172.217.194.0-255,5738,114465,44,193369
28041,0.021117,172.31.46.0-255,66,114531,44,193369
28042,0.023478,172.217.194.0-255,5738,120269,44,193369
28043,0.023488,172.31.46.0-255,66,120335,44,193369
28044,0.025917,172.217.194.0-255,5738,126073,44,193369
28045,0.02593,172.31.46.0-255,66,126139,44,193369
28046,0.028302,172.217.194.0-255,5738,131877,44,193369
28047,0.028319,172.31.46.0-255,66,131943,44,193369
28048,0.030704,172.217.194.0-255,5738,137681,44,193369
28049,0.030723,172.31.46.0-255,66,137747,44,193369
28050,0.033002,172.31.46.0-255,172,137919,44,193369
28051,0.033028,172.31.46.0-255,1113,139032,44,193369
28052,0.033067,172.217.194.0-255,5738,144770,44,193369
28053,0.033074,172.31.46.0-255,66,144836,44,193369
28054,0.033093,172.31.46.0-255,1514,146350,44,193369
28055,0.033095,172.31.46.0-255,1514,147864,44,193369
28056,0.033096,172.31.46.0-255,1514,149378,44,193369
28057,0.033097,172.31.46.0-255,1514,150892,44,193369
28058,0.033098,172.31.46.0-255,1514,152406,44,193369
28059,0.033121,172.31.46.0-255,71,152477,44,193369
28060,0.034533,104.244.42.0-255,66,152543,44,193369
28061,0.034566,104.244.42.0-255,66,152609,44,193369
28062,0.034697,104.244.42.0-255,66,152675,44,193369
28063,0.034701,104.244.42.0-255,66,152741,44,193369
28064,0.035427,172.217.194.0-255,5738,158479,44,193369
28065,0.035434,172.31.46.0-255,66,158545,44,193369
28066,0.037769,172.217.194.0-255,5738,164283,44,193369
28067,0.037781,172.31.46.0-255,66,164349,44,193369
28068,0.040164,172.217.194.0-255,5738,170087,44,193369
28069,0.040174,172.31.46.0-255,66,170153,44,193369
28070,0.042538,172.217.194.0-255,5738,175891,44,193369
28071,0.04255,172.31.46.0-255,66,175957,44,193369
28072,0.044911,172.217.194.0-255,5738,181695,44,193369
28073,0.044919,172.31.46.0-255,66,181761,44,193369
28074,0.047283,172.217.194.0-255,5738,187499,44,193369
28075,0.047293,172.31.46.0-255,66,187565,44,193369
28076,0.049653,172.217.194.0-255,5738,193303,44,193369
28077,0.049661,172.31.46.0-255,66,193369,44,193369
28078,0.0,74.125.24.0-255,146,146,44,197143
28079,2.5e-05,172.31.46.0-255,66,212,44,197143
28080,3.3e-05,74.125.24.0-255,1484,1696,44,197143
28081,3.9e-05,172.31.46.0-255,66,1762,44,197143
28082,5.3e-05,74.125.24.0-255,2902,4664,44,197143
28083,5.6e-05,172.31.46.0-255,66,4730,44,197143
28084,6.2e-05,74.125.24.0-255,4320,9050,44,197143
28085,6.5e-05,172.31.46.0-255,66,9116,44,197143
28086,7.3e-05,74.125.24.0-255,4877,13993,44,197143
28087,7.6e-05,172.31.46.0-255,66,14059,44,197143
28088,8.2e-05,74.125.24.0-255,4320,18379,44,197143
28089,8.5e-05,172.31.46.0-255,66,18445,44,197143
28090,0.000107,74.125.24.0-255,1484,19929,44,197143
28091,0.000109,172.31.46.0-255,66,19995,44,197143
28092,0.000157,172.31.46.0-255,66,20061,44,197143
28093,0.000161,74.125.24.0-255,1484,21545,44,197143
28094,0.000163,172.31.46.0-255,66,21611,44,197143
28095,0.000184,74.125.24.0-255,2902,24513,44,197143
28096,0.000187,172.31.46.0-255,66,24579,44,197143
28097,0.000193,74.125.24.0-255,5738,30317,44,197143
28098,0.000196,172.31.46.0-255,66,30383,44,197143
28099,0.00025,172.31.46.0-255,66,30449,44,197143
28100,0.000261,172.31.46.0-255,66,30515,44,197143
28101,0.000264,74.125.24.0-255,362,30877,44,197143
28102,0.000266,172.31.46.0-255,66,30943,44,197143
28103,0.000269,74.125.24.0-255,381,31324,44,197143
28104,0.000271,172.31.46.0-255,66,31390,44,197143
28105,0.000328,74.125.24.0-255,1484,32874,44,197143
28106,0.00033,172.31.46.0-255,66,32940,44,197143
28107,0.000335,74.125.24.0-255,2902,35842,44,197143
28108,0.000337,172.31.46.0-255,66,35908,44,197143
28109,0.00036,74.125.24.0-255,5738,41646,44,197143
28110,0.000366,172.31.46.0-255,66,41712,44,197143
28111,0.000399,74.125.24.0-255,6797,48509,44,197143
28112,0.000402,172.31.46.0-255,66,48575,44,197143
28113,0.000434,74.125.24.0-255,7156,55731,44,197143
28114,0.000437,172.31.46.0-255,66,55797,44,197143
28115,0.000443,74.125.24.0-255,5738,61535,44,197143
28116,0.000445,172.31.46.0-255,66,61601,44,197143
28117,0.000482,172.31.46.0-255,66,61667,44,197143
28118,0.000508,74.125.24.0-255,1994,63661,44,197143
28119,0.00051,172.31.46.0-255,66,63727,44,197143
28120,0.000516,74.125.24.0-255,5379,69106,44,197143
28121,0.000519,172.31.46.0-255,66,69172,44,197143
28122,0.000524,74.125.24.0-255,5738,74910,44,197143
28123,0.000527,172.31.46.0-255,66,74976,44,197143
28124,0.000577,172.31.46.0-255,66,75042,44,197143
28125,0.000637,74.125.24.0-255,1484,76526,44,197143
28126,0.000644,74.125.24.0-255,2902,79428,44,197143
28127,0.000668,74.125.24.0-255,5738,85166,44,197143
28128,0.000674,74.125.24.0-255,4320,89486,44,197143
28129,0.000739,74.125.24.0-255,5738,95224,44,197143
28130,0.00076,74.125.24.0-255,3602,98826,44,197143
28131,0.00086,172.31.46.0-255,66,98892,44,197143
28132,0.000864,74.125.24.0-255,1484,100376,44,197143
28133,0.000867,74.125.24.0-255,1484,101860,44,197143
28134,0.000873,172.31.46.0-255,66,101926,44,197143
28135,0.000898,74.125.24.0-255,1484,103410,44,197143
28136,0.000905,74.125.24.0-255,5738,109148,44,197143
28137,0.000929,74.125.24.0-255,4320,113468,44,197143
28138,0.000944,74.125.24.0-255,2902,116370,44,197143
28139,0.000956,172.31.46.0-255,66,116436,44,197143
28140,0.001043,172.31.46.0-255,66,116502,44,197143
28141,0.001073,74.125.24.0-255,1484,117986,44,197143
28142,0.001092,74.125.24.0-255,5738,123724,44,197143
28143,0.001095,172.31.46.0-255,66,123790,44,197143
28144,0.001114,74.125.24.0-255,2902,126692,44,197143
28145,0.001142,74.125.24.0-255,3961,130653,44,197143
28146,0.001156,172.31.46.0-255,66,130719,44,197143
28147,0.001166,74.125.24.0-255,4320,135039,44,197143
28148,0.001197,172.31.46.0-255,66,135105,44,197143
28149,0.001242,74.125.24.0-255,1484,136589,44,197143
28150,0.001247,74.125.24.0-255,2902,139491,44,197143
28151,0.001254,74.125.24.0-255,5738,145229,44,197143
28152,0.001272,172.31.46.0-255,66,145295,44,197143
28153,0.001308,74.125.24.0-255,6797,152092,44,197143
28154,0.001329,172.31.46.0-255,66,152158,44,197143
28155,0.001342,74.125.24.0-255,7156,159314,44,197143
28156,0.001351,172.31.46.0-255,66,159380,44,197143
28157,0.001373,74.125.24.0-255,7156,166536,44,197143
28158,0.001394,172.31.46.0-255,66,166602,44,197143
28159,0.001405,74.125.24.0-255,4320,170922,44,197143
28160,0.001432,74.125.24.0-255,6797,177719,44,197143
28161,0.001449,172.31.46.0-255,66,177785,44,197143
28162,0.001463,172.31.46.0-255,66,177851,44,197143
28163,0.001486,74.125.24.0-255,3961,181812,44,197143
28164,0.00155,172.31.46.0-255,66,181878,44,197143
28165,0.001572,74.125.24.0-255,5394,187272,44,197143
28166,0.001589,172.31.46.0-255,66,187338,44,197143
28167,0.001638,74.125.24.0-255,97,187435,44,197143
28168,0.001738,74.125.24.0-255,105,187540,44,197143
28169,0.00452,172.31.46.0-255,66,187606,44,197143
28170,0.00456,172.31.46.0-255,105,187711,44,197143
28171,0.006888,74.125.24.0-255,66,187777,44,197143
28172,0.038066,172.31.46.0-255,172,187949,44,197143
28173,0.038097,172.31.46.0-255,1114,189063,44,197143
28174,0.038172,172.31.46.0-255,1514,190577,44,197143
28175,0.038173,172.31.46.0-255,1514,192091,44,197143
28176,0.038175,172.31.46.0-255,1514,193605,44,197143
28177,0.038176,172.31.46.0-255,1514,195119,44,197143
28178,0.038177,172.31.46.0-255,1514,196633,44,197143
28179,0.038204,172.31.46.0-255,72,196705,44,197143
28180,0.039618,104.244.42.0-255,66,196771,44,197143
28181,0.039629,104.244.42.0-255,66,196837,44,197143
28182,0.039768,104.244.42.0-255,66,196903,44,197143
28183,0.039796,104.244.42.0-255,66,196969,44,197143
28184,0.040278,104.244.42.0-255,108,197077,44,197143
28185,0.040287,172.31.46.0-255,66,197143,44,197143
28186,0.0,74.125.24.0-255,149,149,44,217278
28187,2.1e-05,172.31.46.0-255,66,215,44,217278
28188,2.7e-05,74.125.24.0-255,1484,1699,44,217278
28189,3.1e-05,172.31.46.0-255,66,1765,44,217278
28190,4.5e-05,74.125.24.0-255,2902,4667,44,217278
28191,4.8e-05,172.31.46.0-255,66,4733,44,217278
28192,5.7e-05,74.125.24.0-255,7156,11889,44,217278
28193,5.9e-05,172.31.46.0-255,66,11955,44,217278
28194,9.2e-05,74.125.24.0-255,7156,19111,44,217278
28195,9.6e-05,172.31.46.0-255,66,19177,44,217278
28196,0.000136,172.31.46.0-255,66,19243,44,217278
28197,0.00014,74.125.24.0-255,2543,21786,44,217278
28198,0.000142,172.31.46.0-255,66,21852,44,217278
28199,0.000277,74.125.24.0-255,1484,23336,44,217278
28200,0.000281,172.31.46.0-255,66,23402,44,217278
28201,0.000287,74.125.24.0-255,2902,26304,44,217278
28202,0.000289,172.31.46.0-255,66,26370,44,217278
28203,0.0003,74.125.24.0-255,4320,30690,44,217278
28204,0.000303,172.31.46.0-255,66,30756,44,217278
28205,0.000336,74.125.24.0-255,1484,32240,44,217278
28206,0.000339,172.31.46.0-255,66,32306,44,217278
28207,0.000353,172.31.46.0-255,66,32372,44,217278
28208,0.000356,74.125.24.0-255,1484,33856,44,217278
28209,0.000358,172.31.46.0-255,66,33922,44,217278
28210,0.000362,74.125.24.0-255,1484,35406,44,217278
28211,0.000364,172.31.46.0-255,66,35472,44,217278
28212,0.000409,172.31.46.0-255,66,35538,44,217278
28213,0.000657,74.125.24.0-255,1484,37022,44,217278
28214,0.000663,172.31.46.0-255,66,37088,44,217278
28215,0.000669,74.125.24.0-255,2902,39990,44,217278
28216,0.000672,172.31.46.0-255,66,40056,44,217278
28217,0.000702,74.125.24.0-255,5738,45794,44,217278
28218,0.000705,172.31.46.0-255,66,45860,44,217278
28219,0.000721,172.31.46.0-255,66,45926,44,217278
28220,0.000748,74.125.24.0-255,1484,47410,44,217278
28221,0.000764,172.31.46.0-255,66,47476,44,217278
28222,0.000767,74.125.24.0-255,766,48242,44,217278
28223,0.001045,74.125.24.0-255,1484,49726,44,217278
28224,0.001052,172.31.46.0-255,66,49792,44,217278
28225,0.001058,74.125.24.0-255,2902,52694,44,217278
28226,0.001061,172.31.46.0-255,66,52760,44,217278
28227,0.001105,74.125.24.0-255,5738,58498,44,217278
28228,0.001109,172.31.46.0-255,66,58564,44,217278
28229,0.001162,172.31.46.0-255,66,58630,44,217278
28230,0.001181,172.31.46.0-255,66,58696,44,217278
28231,0.002064,172.31.46.0-255,101,58797,44,217278
28232,0.002112,74.125.24.0-255,1484,60281,44,217278
28233,0.002133,74.125.24.0-255,2902,63183,44,217278
28234,0.002137,172.31.46.0-255,66,63249,44,217278
28235,0.00217,74.125.24.0-255,5738,68987,44,217278
28236,0.002173,172.31.46.0-255,66,69053,44,217278
28237,0.00218,74.125.24.0-255,7156,76209,44,217278
28238,0.002183,172.31.46.0-255,66,76275,44,217278
28239,0.002212,74.125.24.0-255,5738,82013,44,217278
28240,0.002215,172.31.46.0-255,66,82079,44,217278
28241,0.002221,74.125.24.0-255,5738,87817,44,217278
28242,0.002223,172.31.46.0-255,66,87883,44,217278
28243,0.002295,74.125.24.0-255,5020,92903,44,217278
28244,0.0023,172.31.46.0-255,66,92969,44,217278
28245,0.004299,74.125.24.0-255,66,93035,44,217278
28246,0.004545,74.125.24.0-255,5738,98773,44,217278
28247,0.004552,172.31.46.0-255,66,98839,44,217278
28248,0.006835,74.125.24.0-255,5738,104577,44,217278
28249,0.006841,172.31.46.0-255,66,104643,44,217278
28250,0.009123,74.125.24.0-255,5738,110381,44,217278
28251,0.00913,172.31.46.0-255,66,110447,44,217278
28252,0.011473,74.125.24.0-255,5738,116185,44,217278
28253,0.011487,172.31.46.0-255,66,116251,44,217278
28254,0.013789,74.125.24.0-255,5738,121989,44,217278
28255,0.013801,172.31.46.0-255,66,122055,44,217278
28256,0.01608,74.125.24.0-255,5738,127793,44,217278
28257,0.016097,172.31.46.0-255,66,127859,44,217278
28258,0.018414,74.125.24.0-255,5738,133597,44,217278
28259,0.018428,172.31.46.0-255,66,133663,44,217278
28260,0.020754,74.125.24.0-255,5738,139401,44,217278
28261,0.020766,172.31.46.0-255,66,139467,44,217278
28262,0.02308,74.125.24.0-255,5738,145205,44,217278
28263,0.023099,172.31.46.0-255,66,145271,44,217278
28264,0.025421,74.125.24.0-255,5738,151009,44,217278
28265,0.025432,172.31.46.0-255,66,151075,44,217278
28266,0.027745,74.125.24.0-255,5738,156813,44,217278
28267,0.027754,172.31.46.0-255,66,156879,44,217278
28268,0.028395,172.31.46.0-255,172,157051,44,217278
28269,0.02843,172.31.46.0-255,1114,158165,44,217278
28270,0.028501,172.31.46.0-255,1514,159679,44,217278
28271,0.028503,172.31.46.0-255,1514,161193,44,217278
28272,0.028504,172.31.46.0-255,1514,162707,44,217278
28273,0.028505,172.31.46.0-255,1514,164221,44,217278
28274,0.028506,172.31.46.0-255,557,164778,44,217278
28275,0.029933,104.244.42.0-255,66,164844,44,217278
28276,0.029973,104.244.42.0-255,66,164910,44,217278
28277,0.030017,74.125.24.0-255,5738,170648,44,217278
28278,0.030022,172.31.46.0-255,66,170714,44,217278
28279,0.030085,104.244.42.0-255,66,170780,44,217278
28280,0.03009,104.244.42.0-255,66,170846,44,217278
28281,0.032329,74.125.24.0-255,5738,176584,44,217278
28282,0.032335,172.31.46.0-255,66,176650,44,217278
28283,0.034685,74.125.24.0-255,5738,182388,44,217278
28284,0.034699,172.31.46.0-255,66,182454,44,217278
28285,0.037023,74.125.24.0-255,5738,188192,44,217278
28286,0.037039,172.31.46.0-255,66,188258,44,217278
28287,0.039301,74.125.24.0-255,5738,193996,44,217278
28288,0.039309,172.31.46.0-255,66,194062,44,217278
28289,0.041583,74.125.24.0-255,5738,199800,44,217278
28290,0.041601,172.31.46.0-255,66,199866,44,217278
28291,0.043901,74.125.24.0-255,5738,205604,44,217278
28292,0.043916,172.31.46.0-255,66,205670,44,217278
28293,0.046222,74.125.24.0-255,5738,211408,44,217278
28294,0.046233,172.31.46.0-255,66,211474,44,217278
28295,0.048571,74.125.24.0-255,5738,217212,44,217278
28296,0.048583,172.31.46.0-255,66,217278,44,217278
28297,0.0,74.125.68.0-255,146,146,44,278711
28298,2.3e-05,172.31.46.0-255,66,212,44,278711
28299,5.5e-05,74.125.68.0-255,1484,1696,44,278711
28300,6.1e-05,172.31.46.0-255,66,1762,44,278711
28301,6.7e-05,74.125.68.0-255,2902,4664,44,278711
28302,7e-05,172.31.46.0-255,66,4730,44,278711
28303,0.000122,74.125.68.0-255,5738,10468,44,278711
28304,0.000127,172.31.46.0-255,66,10534,44,278711
28305,0.00013,74.125.68.0-255,1484,12018,44,278711
28306,0.000132,172.31.46.0-255,66,12084,44,278711
28307,0.000157,74.125.68.0-255,7156,19240,44,278711
28308,0.00016,172.31.46.0-255,66,19306,44,278711
28309,0.000183,74.125.68.0-255,628,19934,44,278711
28310,0.000185,172.31.46.0-255,66,20000,44,278711
28311,0.000191,74.125.68.0-255,4320,24320,44,278711
28312,0.000193,172.31.46.0-255,66,24386,44,278711
28313,0.000226,74.125.68.0-255,4320,28706,44,278711
28314,0.00023,172.31.46.0-255,66,28772,44,278711
28315,0.000233,74.125.68.0-255,1484,30256,44,278711
28316,0.000236,172.31.46.0-255,66,30322,44,278711
28317,0.000239,74.125.68.0-255,1125,31447,44,278711
28318,0.000241,172.31.46.0-255,66,31513,44,278711
28319,0.000597,74.125.68.0-255,1484,32997,44,278711
28320,0.000603,172.31.46.0-255,66,33063,44,278711
28321,0.000633,74.125.68.0-255,2902,35965,44,278711
28322,0.000637,172.31.46.0-255,66,36031,44,278711
28323,0.00067,74.125.68.0-255,4320,40351,44,278711
28324,0.000674,172.31.46.0-255,66,40417,44,278711
28325,0.00068,74.125.68.0-255,5738,46155,44,278711
28326,0.000683,172.31.46.0-255,66,46221,44,278711
28327,0.000714,74.125.68.0-255,2543,48764,44,278711
28328,0.000718,172.31.46.0-255,66,48830,44,278711
28329,0.000722,74.125.68.0-255,2902,51732,44,278711
28330,0.000724,172.31.46.0-255,66,51798,44,278711
28331,0.000771,74.125.68.0-255,5738,57536,44,278711
28332,0.000775,172.31.46.0-255,66,57602,44,278711
28333,0.0008,74.125.68.0-255,7156,64758,44,278711
28334,0.000803,172.31.46.0-255,66,64824,44,278711
28335,0.000812,74.125.68.0-255,1438,66262,44,278711
28336,0.0009,74.125.68.0-255,110,66372,44,278711
28337,0.001074,74.125.68.0-255,1484,67856,44,278711
28338,0.001079,172.31.46.0-255,66,67922,44,278711
28339,0.001085,74.125.68.0-255,2902,70824,44,278711
28340,0.001087,172.31.46.0-255,66,70890,44,278711
28341,0.001117,74.125.68.0-255,4320,75210,44,278711
28342,0.00112,172.31.46.0-255,66,75276,44,278711
28343,0.001148,74.125.68.0-255,5738,81014,44,278711
28344,0.001151,172.31.46.0-255,66,81080,44,278711
28345,0.001179,74.125.68.0-255,2543,83623,44,278711
28346,0.001182,172.31.46.0-255,66,83689,44,278711
28347,0.001208,74.125.68.0-255,1484,85173,44,278711
28348,0.001226,74.125.68.0-255,2902,88075,44,278711
28349,0.001229,172.31.46.0-255,66,88141,44,278711
28350,0.001256,74.125.68.0-255,5738,93879,44,278711
28351,0.001261,172.31.46.0-255,66,93945,44,278711
28352,0.001306,74.125.68.0-255,1484,95429,44,278711
28353,0.001325,74.125.68.0-255,2902,98331,44,278711
28354,0.001328,172.31.46.0-255,66,98397,44,278711
28355,0.001368,74.125.68.0-255,2543,100940,44,278711
28356,0.001371,172.31.46.0-255,66,101006,44,278711
28357,0.001641,74.125.68.0-255,1484,102490,44,278711
28358,0.001661,74.125.68.0-255,2902,105392,44,278711
28359,0.001665,172.31.46.0-255,66,105458,44,278711
28360,0.001669,74.125.68.0-255,1484,106942,44,278711
28361,0.001787,74.125.68.0-255,1484,108426,44,278711
28362,0.001791,172.31.46.0-255,66,108492,44,278711
28363,0.001795,74.125.68.0-255,1484,109976,44,278711
28364,0.001799,74.125.68.0-255,2902,112878,44,278711
28365,0.0018,172.31.46.0-255,66,112944,44,278711
28366,0.001868,74.125.68.0-255,1484,114428,44,278711
28367,0.001966,74.125.68.0-255,1484,115912,44,278711
28368,0.001971,172.31.46.0-255,66,115978,44,278711
28369,0.001977,74.125.68.0-255,2902,118880,44,278711
28370,0.001979,172.31.46.0-255,66,118946,44,278711
28371,0.00199,74.125.68.0-255,5738,124684,44,278711
28372,0.001993,172.31.46.0-255,66,124750,44,278711
28373,0.001996,74.125.68.0-255,1484,126234,44,278711
28374,0.002035,74.125.68.0-255,5738,131972,44,278711
28375,0.002038,172.31.46.0-255,66,132038,44,278711
28376,0.002044,74.125.68.0-255,3602,135640,44,278711
28377,0.002046,172.31.46.0-255,66,135706,44,278711
28378,0.004079,74.125.68.0-255,5738,141444,44,278711
28379,0.004088,172.31.46.0-255,66,141510,44,278711
28380,0.006118,74.125.68.0-255,5738,147248,44,278711
28381,0.006123,172.31.46.0-255,66,147314,44,278711
28382,0.008156,74.125.68.0-255,5738,153052,44,278711
28383,0.008168,172.31.46.0-255,66,153118,44,278711
28384,0.01021,74.125.68.0-255,5738,158856,44,278711
28385,0.010226,172.31.46.0-255,66,158922,44,278711
28386,0.012259,74.125.68.0-255,5738,164660,44,278711
28387,0.012271,172.31.46.0-255,66,164726,44,278711
28388,0.014309,74.125.68.0-255,5738,170464,44,278711
28389,0.014323,172.31.46.0-255,66,170530,44,278711
28390,0.016374,74.125.68.0-255,5738,176268,44,278711
28391,0.016386,172.31.46.0-255,66,176334,44,278711
28392,0.018438,74.125.68.0-255,5738,182072,44,278711
28393,0.018449,172.31.46.0-255,66,182138,44,278711
28394,0.020481,74.125.68.0-255,5738,187876,44,278711
28395,0.020491,172.31.46.0-255,66,187942,44,278711
28396,0.022594,74.125.68.0-255,5738,193680,44,278711
28397,0.02261,172.31.46.0-255,66,193746,44,278711
28398,0.024683,74.125.68.0-255,5738,199484,44,278711
28399,0.024698,172.31.46.0-255,66,199550,44,278711
28400,0.026746,74.125.68.0-255,5738,205288,44,278711
28401,0.026763,172.31.46.0-255,66,205354,44,278711
28402,0.028819,74.125.68.0-255,5738,211092,44,278711
28403,0.028831,172.31.46.0-255,66,211158,44,278711
28404,0.030868,74.125.68.0-255,5738,216896,44,278711
28405,0.03088,172.31.46.0-255,66,216962,44,278711
28406,0.031747,172.31.46.0-255,188,217150,44,278711
28407,0.031795,172.31.46.0-255,955,218105,44,278711
28408,0.031881,172.31.46.0-255,1514,219619,44,278711
28409,0.031884,172.31.46.0-255,1514,221133,44,278711
28410,0.031885,172.31.46.0-255,1514,222647,44,278711
28411,0.031886,172.31.46.0-255,1514,224161,44,278711
28412,0.031925,172.31.46.0-255,1514,225675,44,278711
28413,0.031926,172.31.46.0-255,230,225905,44,278711
28414,0.032933,74.125.68.0-255,5738,231643,44,278711
28415,0.032941,172.31.46.0-255,66,231709,44,278711
28416,0.033287,104.244.42.0-255,66,231775,44,278711
28417,0.033325,104.244.42.0-255,66,231841,44,278711
28418,0.033469,104.244.42.0-255,66,231907,44,278711
28419,0.033475,104.244.42.0-255,66,231973,44,278711
28420,0.034164,104.244.42.0-255,108,232081,44,278711
28421,0.034187,172.31.46.0-255,66,232147,44,278711
28422,0.034956,74.125.68.0-255,5738,237885,44,278711
28423,0.03496,172.31.46.0-255,66,237951,44,278711
28424,0.03697,74.125.68.0-255,5738,243689,44,278711
28425,0.036977,172.31.46.0-255,66,243755,44,278711
28426,0.038985,74.125.68.0-255,5738,249493,44,278711
28427,0.038991,172.31.46.0-255,66,249559,44,278711
28428,0.041018,74.125.68.0-255,5738,255297,44,278711
28429,0.04103,172.31.46.0-255,66,255363,44,278711
28430,0.043053,74.125.68.0-255,5738,261101,44,278711
28431,0.043067,172.31.46.0-255,66,261167,44,278711
28432,0.0451,74.125.68.0-255,5738,266905,44,278711
28433,0.045112,172.31.46.0-255,66,266971,44,278711
28434,0.047158,74.125.68.0-255,5738,272709,44,278711
28435,0.047173,172.31.46.0-255,66,272775,44,278711
28436,0.049195,74.125.68.0-255,2902,275677,44,278711
28437,0.049201,172.31.46.0-255,66,275743,44,278711
28438,0.049236,74.125.68.0-255,2902,278645,44,278711
28439,0.049239,172.31.46.0-255,66,278711,44,278711
28440,0.0,74.125.130.0-255,153,153,44,282911
28441,1.8e-05,172.31.46.0-255,66,219,44,282911
28442,3.9e-05,74.125.130.0-255,1484,1703,44,282911
28443,4.4e-05,172.31.46.0-255,66,1769,44,282911
28444,5e-05,74.125.130.0-255,2902,4671,44,282911
28445,5.2e-05,172.31.46.0-255,66,4737,44,282911
28446,5.6e-05,74.125.130.0-255,1484,6221,44,282911
28447,5.8e-05,172.31.46.0-255,66,6287,44,282911
28448,8.1e-05,74.125.130.0-255,1484,7771,44,282911
28449,8.3e-05,172.31.46.0-255,66,7837,44,282911
28450,9e-05,74.125.130.0-255,4320,12157,44,282911
28451,9.2e-05,172.31.46.0-255,66,12223,44,282911
28452,0.000109,74.125.130.0-255,4320,16543,44,282911
28453,0.000112,172.31.46.0-255,66,16609,44,282911
28454,0.000139,74.125.130.0-255,4775,21384,44,282911
28455,0.000141,172.31.46.0-255,66,21450,44,282911
28456,0.000154,172.31.46.0-255,66,21516,44,282911
28457,0.000918,74.125.130.0-255,1484,23000,44,282911
28458,0.000924,172.31.46.0-255,66,23066,44,282911
28459,0.000934,74.125.130.0-255,2902,25968,44,282911
28460,0.000936,172.31.46.0-255,66,26034,44,282911
28461,0.000944,74.125.130.0-255,5738,31772,44,282911
28462,0.000946,172.31.46.0-255,66,31838,44,282911
28463,0.000969,74.125.130.0-255,2902,34740,44,282911
28464,0.000972,172.31.46.0-255,66,34806,44,282911
28465,0.000992,74.125.130.0-255,3961,38767,44,282911
28466,0.000994,172.31.46.0-255,66,38833,44,282911
28467,0.001001,74.125.130.0-255,7156,45989,44,282911
28468,0.001003,172.31.46.0-255,66,46055,44,282911
28469,0.00102,74.125.130.0-255,2902,48957,44,282911
28470,0.001022,172.31.46.0-255,66,49023,44,282911
28471,0.001043,74.125.130.0-255,7052,56075,44,282911
28472,0.001046,172.31.46.0-255,66,56141,44,282911
28473,0.001278,74.125.130.0-255,112,56253,44,282911
28474,0.001651,74.125.130.0-255,1484,57737,44,282911
28475,0.001658,172.31.46.0-255,66,57803,44,282911
28476,0.001666,74.125.130.0-255,2902,60705,44,282911
28477,0.001668,172.31.46.0-255,66,60771,44,282911
28478,0.001671,74.125.130.0-255,1484,62255,44,282911
28479,0.001697,74.125.130.0-255,2902,65157,44,282911
28480,0.001699,172.31.46.0-255,66,65223,44,282911
28481,0.001727,74.125.130.0-255,2902,68125,44,282911
28482,0.001729,172.31.46.0-255,66,68191,44,282911
28483,0.001751,74.125.130.0-255,4320,72511,44,282911
28484,0.001754,172.31.46.0-255,66,72577,44,282911
28485,0.001775,74.125.130.0-255,1484,74061,44,282911
28486,0.001791,74.125.130.0-255,7156,81217,44,282911
28487,0.001793,172.31.46.0-255,66,81283,44,282911
28488,0.001822,74.125.130.0-255,5738,87021,44,282911
28489,0.001824,172.31.46.0-255,66,87087,44,282911
28490,0.001839,74.125.130.0-255,3602,90689,44,282911
28491,0.001842,172.31.46.0-255,66,90755,44,282911
28492,0.001908,74.125.130.0-255,1484,92239,44,282911
28493,0.001925,74.125.130.0-255,2902,95141,44,282911
28494,0.001928,172.31.46.0-255,66,95207,44,282911
28495,0.001949,74.125.130.0-255,4320,99527,44,282911
28496,0.001951,172.31.46.0-255,66,99593,44,282911
28497,0.001975,74.125.130.0-255,1484,101077,44,282911
28498,0.00199,74.125.130.0-255,5738,106815,44,282911
28499,0.001993,172.31.46.0-255,66,106881,44,282911
28500,0.002012,74.125.130.0-255,4320,111201,44,282911
28501,0.002015,172.31.46.0-255,66,111267,44,282911
28502,0.002035,74.125.130.0-255,4320,115587,44,282911
28503,0.002037,172.31.46.0-255,66,115653,44,282911
28504,0.002041,74.125.130.0-255,2902,118555,44,282911
28505,0.002043,172.31.46.0-255,66,118621,44,282911
28506,0.002049,74.125.130.0-255,4320,122941,44,282911
28507,0.002052,172.31.46.0-255,66,123007,44,282911
28508,0.002089,74.125.130.0-255,2184,125191,44,282911
28509,0.002091,172.31.46.0-255,66,125257,44,282911
28510,0.002103,74.125.130.0-255,2902,128159,44,282911
28511,0.002106,172.31.46.0-255,66,128225,44,282911
28512,0.002138,74.125.130.0-255,4320,132545,44,282911
28513,0.00214,172.31.46.0-255,66,132611,44,282911
28514,0.002155,74.125.130.0-255,1484,134095,44,282911
28515,0.002176,74.125.130.0-255,4320,138415,44,282911
28516,0.002179,172.31.46.0-255,66,138481,44,282911
28517,0.002185,74.125.130.0-255,4320,142801,44,282911
28518,0.002187,172.31.46.0-255,66,142867,44,282911
28519,0.002207,74.125.130.0-255,5738,148605,44,282911
28520,0.002209,172.31.46.0-255,66,148671,44,282911
28521,0.002231,74.125.130.0-255,1484,150155,44,282911
28522,0.002261,74.125.130.0-255,2902,153057,44,282911
28523,0.002263,172.31.46.0-255,66,153123,44,282911
28524,0.00444,74.125.130.0-255,1484,154607,44,282911
28525,0.004495,74.125.130.0-255,4320,158927,44,282911
28526,0.004498,172.31.46.0-255,66,158993,44,282911
28527,0.006742,74.125.130.0-255,5738,164731,44,282911
28528,0.006749,172.31.46.0-255,66,164797,44,282911
28529,0.009007,74.125.130.0-255,5738,170535,44,282911
28530,0.009014,172.31.46.0-255,66,170601,44,282911
28531,0.011266,74.125.130.0-255,5738,176339,44,282911
28532,0.011276,172.31.46.0-255,66,176405,44,282911
28533,0.013529,74.125.130.0-255,5738,182143,44,282911
28534,0.013538,172.31.46.0-255,66,182209,44,282911
28535,0.015796,74.125.130.0-255,5738,187947,44,282911
28536,0.015807,172.31.46.0-255,66,188013,44,282911
28537,0.018073,74.125.130.0-255,5738,193751,44,282911
28538,0.018081,172.31.46.0-255,66,193817,44,282911
28539,0.020329,74.125.130.0-255,5738,199555,44,282911
28540,0.020337,172.31.46.0-255,66,199621,44,282911
28541,0.022581,74.125.130.0-255,5738,205359,44,282911
28542,0.022589,172.31.46.0-255,66,205425,44,282911
28543,0.02484,74.125.130.0-255,5738,211163,44,282911
28544,0.024848,172.31.46.0-255,66,211229,44,282911
28545,0.027099,74.125.130.0-255,5738,216967,44,282911
28546,0.027108,172.31.46.0-255,66,217033,44,282911
28547,0.029368,74.125.130.0-255,5738,222771,44,282911
28548,0.029377,172.31.46.0-255,66,222837,44,282911
28549,0.031628,74.125.130.0-255,5738,228575,44,282911
28550,0.031635,172.31.46.0-255,66,228641,44,282911
28551,0.033263,172.31.46.0-255,172,228813,44,282911
28552,0.033295,172.31.46.0-255,1109,229922,44,282911
28553,0.033356,172.31.46.0-255,1514,231436,44,282911
28554,0.033357,172.31.46.0-255,1514,232950,44,282911
28555,0.033363,172.31.46.0-255,1514,234464,44,282911
28556,0.033364,172.31.46.0-255,1514,235978,44,282911
28557,0.033382,172.31.46.0-255,1514,237492,44,282911
28558,0.033383,172.31.46.0-255,75,237567,44,282911
28559,0.033884,74.125.130.0-255,4320,241887,44,282911
28560,0.033891,172.31.46.0-255,66,241953,44,282911
28561,0.033911,74.125.130.0-255,1484,243437,44,282911
28562,0.034846,104.244.42.0-255,66,243503,44,282911
28563,0.034891,104.244.42.0-255,66,243569,44,282911
28564,0.034938,104.244.42.0-255,66,243635,44,282911
28565,0.034944,104.244.42.0-255,66,243701,44,282911
28566,0.036135,74.125.130.0-255,4320,248021,44,282911
28567,0.036143,172.31.46.0-255,66,248087,44,282911
28568,0.038422,74.125.130.0-255,5738,253825,44,282911
28569,0.038429,172.31.46.0-255,66,253891,44,282911
28570,0.040684,74.125.130.0-255,5738,259629,44,282911
28571,0.04069,172.31.46.0-255,66,259695,44,282911
28572,0.042945,74.125.130.0-255,5738,265433,44,282911
28573,0.042952,172.31.46.0-255,66,265499,44,282911
28574,0.045202,74.125.130.0-255,5738,271237,44,282911
28575,0.045209,172.31.46.0-255,66,271303,44,282911
28576,0.047458,74.125.130.0-255,5738,277041,44,282911
28577,0.047464,172.31.46.0-255,66,277107,44,282911
28578,0.049756,74.125.130.0-255,5738,282845,44,282911
28579,0.049763,172.31.46.0-255,66,282911,44,282911
28580,0.0,74.125.68.0-255,153,153,44,275526
28581,1.9e-05,172.31.46.0-255,66,219,44,275526
28582,2.5e-05,74.125.68.0-255,1484,1703,44,275526
28583,3e-05,172.31.46.0-255,66,1769,44,275526
28584,3.5e-05,74.125.68.0-255,2902,4671,44,275526
28585,4.5e-05,172.31.46.0-255,66,4737,44,275526
28586,5e-05,74.125.68.0-255,2902,7639,44,275526
28587,5.2e-05,172.31.46.0-255,66,7705,44,275526
28588,5.8e-05,74.125.68.0-255,4320,12025,44,275526
28589,6e-05,172.31.46.0-255,66,12091,44,275526
28590,9.3e-05,74.125.68.0-255,1938,14029,44,275526
28591,9.6e-05,172.31.46.0-255,66,14095,44,275526
28592,0.000417,74.125.68.0-255,1484,15579,44,275526
28593,0.000422,172.31.46.0-255,66,15645,44,275526
28594,0.000428,74.125.68.0-255,2902,18547,44,275526
28595,0.000431,172.31.46.0-255,66,18613,44,275526
28596,0.000447,74.125.68.0-255,2902,21515,44,275526
28597,0.000449,172.31.46.0-255,66,21581,44,275526
28598,0.000453,74.125.68.0-255,2902,24483,44,275526
28599,0.000459,172.31.46.0-255,66,24549,44,275526
28600,0.000485,74.125.68.0-255,1484,26033,44,275526
28601,0.000488,172.31.46.0-255,66,26099,44,275526
28602,0.000495,74.125.68.0-255,7156,33255,44,275526
28603,0.000497,172.31.46.0-255,66,33321,44,275526
28604,0.000517,74.125.68.0-255,2543,35864,44,275526
28605,0.000519,172.31.46.0-255,66,35930,44,275526
28606,0.000534,172.31.46.0-255,66,35996,44,275526
28607,0.000561,74.125.68.0-255,5738,41734,44,275526
28608,0.000564,172.31.46.0-255,66,41800,44,275526
28609,0.000581,74.125.68.0-255,5738,47538,44,275526
28610,0.000583,172.31.46.0-255,66,47604,44,275526
28611,0.000617,172.31.46.0-255,66,47670,44,275526
28612,0.00064,74.125.68.0-255,412,48082,44,275526
28613,0.000666,74.125.68.0-255,331,48413,44,275526
28614,0.001063,172.31.46.0-255,66,48479,44,275526
28615,0.001088,74.125.68.0-255,1484,49963,44,275526
28616,0.001091,74.125.68.0-255,1484,51447,44,275526
28617,0.001094,172.31.46.0-255,66,51513,44,275526
28618,0.001121,74.125.68.0-255,1484,52997,44,275526
28619,0.001126,74.125.68.0-255,4320,57317,44,275526
28620,0.001128,172.31.46.0-255,66,57383,44,275526
28621,0.001135,74.125.68.0-255,7156,64539,44,275526
28622,0.001137,172.31.46.0-255,66,64605,44,275526
28623,0.001161,74.125.68.0-255,1484,66089,44,275526
28624,0.001167,74.125.68.0-255,7156,73245,44,275526
28625,0.001169,172.31.46.0-255,66,73311,44,275526
28626,0.001178,172.31.46.0-255,66,73377,44,275526
28627,0.00118,74.125.68.0-255,766,74143,44,275526
28628,0.001442,172.31.46.0-255,66,74209,44,275526
28629,0.001565,74.125.68.0-255,1484,75693,44,275526
28630,0.001572,74.125.68.0-255,1484,77177,44,275526
28631,0.001575,172.31.46.0-255,66,77243,44,275526
28632,0.0016,74.125.68.0-255,1484,78727,44,275526
28633,0.001605,74.125.68.0-255,4320,83047,44,275526
28634,0.001608,172.31.46.0-255,66,83113,44,275526
28635,0.001614,74.125.68.0-255,5738,88851,44,275526
28636,0.001615,172.31.46.0-255,66,88917,44,275526
28637,0.001652,74.125.68.0-255,2902,91819,44,275526
28638,0.001655,172.31.46.0-255,66,91885,44,275526
28639,0.00168,74.125.68.0-255,5738,97623,44,275526
28640,0.001683,172.31.46.0-255,66,97689,44,275526
28641,0.001692,172.31.46.0-255,66,97755,44,275526
28642,0.001715,74.125.68.0-255,1484,99239,44,275526
28643,0.001718,74.125.68.0-255,766,100005,44,275526
28644,0.00172,172.31.46.0-255,66,100071,44,275526
28645,0.001917,74.125.68.0-255,1484,101555,44,275526
28646,0.001922,74.125.68.0-255,1484,103039,44,275526
28647,0.001926,172.31.46.0-255,66,103105,44,275526
28648,0.001948,74.125.68.0-255,1484,104589,44,275526
28649,0.001954,74.125.68.0-255,5738,110327,44,275526
28650,0.001956,172.31.46.0-255,66,110393,44,275526
28651,0.001977,74.125.68.0-255,7156,117549,44,275526
28652,0.00198,172.31.46.0-255,66,117615,44,275526
28653,0.002002,74.125.68.0-255,1484,119099,44,275526
28654,0.002038,172.31.46.0-255,66,119165,44,275526
28655,0.002064,74.125.68.0-255,2184,121349,44,275526
28656,0.002066,172.31.46.0-255,66,121415,44,275526
28657,0.002121,74.125.68.0-255,1484,122899,44,275526
28658,0.002135,74.125.68.0-255,2902,125801,44,275526
28659,0.002139,172.31.46.0-255,66,125867,44,275526
28660,0.002168,74.125.68.0-255,5738,131605,44,275526
28661,0.00217,172.31.46.0-255,66,131671,44,275526
28662,0.002177,74.125.68.0-255,7156,138827,44,275526
28663,0.002179,172.31.46.0-255,66,138893,44,275526
28664,0.002224,74.125.68.0-255,7156,146049,44,275526
28665,0.002227,172.31.46.0-255,66,146115,44,275526
28666,0.002257,74.125.68.0-255,7156,153271,44,275526
28667,0.002259,172.31.46.0-255,66,153337,44,275526
28668,0.002263,74.125.68.0-255,2184,155521,44,275526
28669,0.002265,172.31.46.0-255,66,155587,44,275526
28670,0.004504,74.125.68.0-255,5738,161325,44,275526
28671,0.004511,172.31.46.0-255,66,161391,44,275526
28672,0.00676,74.125.68.0-255,5738,167129,44,275526
28673,0.006776,172.31.46.0-255,66,167195,44,275526
28674,0.009015,74.125.68.0-255,5738,172933,44,275526
28675,0.009022,172.31.46.0-255,66,172999,44,275526
28676,0.011287,74.125.68.0-255,5738,178737,44,275526
28677,0.011295,172.31.46.0-255,66,178803,44,275526
28678,0.013546,74.125.68.0-255,5738,184541,44,275526
28679,0.013554,172.31.46.0-255,66,184607,44,275526
28680,0.015812,74.125.68.0-255,5738,190345,44,275526
28681,0.015822,172.31.46.0-255,66,190411,44,275526
28682,0.018062,74.125.68.0-255,5738,196149,44,275526
28683,0.01807,172.31.46.0-255,66,196215,44,275526
28684,0.020319,74.125.68.0-255,4320,200535,44,275526
28685,0.020327,172.31.46.0-255,66,200601,44,275526
28686,0.020358,74.125.68.0-255,1484,202085,44,275526
28687,0.022583,74.125.68.0-255,4320,206405,44,275526
28688,0.02259,172.31.46.0-255,66,206471,44,275526
28689,0.024841,74.125.68.0-255,5738,212209,44,275526
28690,0.024848,172.31.46.0-255,66,212275,44,275526
28691,0.027089,74.125.68.0-255,5738,218013,44,275526
28692,0.027096,172.31.46.0-255,66,218079,44,275526
28693,0.029337,74.125.68.0-255,5738,223817,44,275526
28694,0.029344,172.31.46.0-255,66,223883,44,275526
28695,0.031596,74.125.68.0-255,5738,229621,44,275526
28696,0.031603,172.31.46.0-255,66,229687,44,275526
28697,0.033845,74.125.68.0-255,5738,235425,44,275526
28698,0.033853,172.31.46.0-255,66,235491,44,275526
28699,0.036128,74.125.68.0-255,4320,239811,44,275526
28700,0.036135,172.31.46.0-255,66,239877,44,275526
28701,0.036158,74.125.68.0-255,1484,241361,44,275526
28702,0.037865,172.31.46.0-255,233,241594,44,275526
28703,0.037897,172.31.46.0-255,1113,242707,44,275526
28704,0.037965,172.31.46.0-255,567,243274,44,275526
28705,0.03838,74.125.68.0-255,4320,247594,44,275526
28706,0.038387,172.31.46.0-255,66,247660,44,275526
28707,0.039398,104.244.42.0-255,66,247726,44,275526
28708,0.039444,104.244.42.0-255,66,247792,44,275526
28709,0.039495,104.244.42.0-255,66,247858,44,275526
28710,0.040635,74.125.68.0-255,4320,252178,44,275526
28711,0.040642,172.31.46.0-255,66,252244,44,275526
28712,0.040666,74.125.68.0-255,1484,253728,44,275526
28713,0.042953,74.125.68.0-255,4320,258048,44,275526
28714,0.042962,172.31.46.0-255,66,258114,44,275526
28715,0.045213,74.125.68.0-255,5738,263852,44,275526
28716,0.045217,172.31.46.0-255,66,263918,44,275526
28717,0.047471,74.125.68.0-255,5738,269656,44,275526
28718,0.047478,172.31.46.0-255,66,269722,44,275526
28719,0.049729,74.125.68.0-255,5738,275460,44,275526
28720,0.049735,172.31.46.0-255,66,275526,44,275526
28721,0.0,74.125.24.0-255,150,150,44,203386
28722,1.5e-05,172.31.46.0-255,66,216,44,203386
28723,2.2e-05,74.125.24.0-255,1484,1700,44,203386
28724,2.7e-05,172.31.46.0-255,66,1766,44,203386
28725,4e-05,74.125.24.0-255,2902,4668,44,203386
28726,4.4e-05,172.31.46.0-255,66,4734,44,203386
28727,5.2e-05,74.125.24.0-255,7156,11890,44,203386
28728,5.5e-05,172.31.46.0-255,66,11956,44,203386
28729,5.9e-05,74.125.24.0-255,2102,14058,44,203386
28730,6.2e-05,172.31.46.0-255,66,14124,44,203386
28731,0.0001,74.125.24.0-255,2902,17026,44,203386
28732,0.000104,172.31.46.0-255,66,17092,44,203386
28733,0.00011,74.125.24.0-255,5738,22830,44,203386
28734,0.000113,172.31.46.0-255,66,22896,44,203386
28735,0.000159,172.31.46.0-255,66,22962,44,203386
28736,0.00024,74.125.24.0-255,1484,24446,44,203386
28737,0.000243,172.31.46.0-255,66,24512,44,203386
28738,0.000248,74.125.24.0-255,2902,27414,44,203386
28739,0.000251,172.31.46.0-255,66,27480,44,203386
28740,0.000282,74.125.24.0-255,5738,33218,44,203386
28741,0.000286,172.31.46.0-255,66,33284,44,203386
28742,0.000325,172.31.46.0-255,66,33350,44,203386
28743,0.000376,172.31.46.0-255,66,33416,44,203386
28744,0.000399,74.125.24.0-255,111,33527,44,203386
28745,0.000401,172.31.46.0-255,66,33593,44,203386
28746,0.000505,74.125.24.0-255,331,33924,44,203386
28747,0.000509,172.31.46.0-255,66,33990,44,203386
28748,0.000779,74.125.24.0-255,1484,35474,44,203386
28749,0.000785,74.125.24.0-255,2902,38376,44,203386
28750,0.00079,172.31.46.0-255,66,38442,44,203386
28751,0.000794,172.31.46.0-255,66,38508,44,203386
28752,0.000824,74.125.24.0-255,5738,44246,44,203386
28753,0.000826,172.31.46.0-255,66,44312,44,203386
28754,0.000832,74.125.24.0-255,4320,48632,44,203386
28755,0.000835,172.31.46.0-255,66,48698,44,203386
28756,0.000847,172.31.46.0-255,66,48764,44,203386
28757,0.000884,172.31.46.0-255,66,48830,44,203386
28758,0.001226,74.125.24.0-255,1484,50314,44,203386
28759,0.001233,74.125.24.0-255,2902,53216,44,203386
28760,0.001237,172.31.46.0-255,66,53282,44,203386
28761,0.001244,74.125.24.0-255,5738,59020,44,203386
28762,0.001246,172.31.46.0-255,66,59086,44,203386
28763,0.001301,172.31.46.0-255,66,59152,44,203386
28764,0.001305,74.125.24.0-255,1484,60636,44,203386
28765,0.001342,172.31.46.0-255,66,60702,44,203386
28766,0.003378,74.125.24.0-255,5738,66440,44,203386
28767,0.003383,172.31.46.0-255,66,66506,44,203386
28768,0.005396,74.125.24.0-255,5738,72244,44,203386
28769,0.0054,172.31.46.0-255,66,72310,44,203386
28770,0.007415,74.125.24.0-255,5738,78048,44,203386
28771,0.007421,172.31.46.0-255,66,78114,44,203386
28772,0.009448,74.125.24.0-255,5738,83852,44,203386
28773,0.009456,172.31.46.0-255,66,83918,44,203386
28774,0.011457,74.125.24.0-255,5738,89656,44,203386
28775,0.011463,172.31.46.0-255,66,89722,44,203386
28776,0.01347,74.125.24.0-255,5738,95460,44,203386
28777,0.013476,172.31.46.0-255,66,95526,44,203386
28778,0.015517,74.125.24.0-255,5738,101264,44,203386
28779,0.015526,172.31.46.0-255,66,101330,44,203386
28780,0.017545,74.125.24.0-255,5738,107068,44,203386
28781,0.017555,172.31.46.0-255,66,107134,44,203386
28782,0.019574,74.125.24.0-255,5738,112872,44,203386
28783,0.019583,172.31.46.0-255,66,112938,44,203386
28784,0.021603,74.125.24.0-255,5738,118676,44,203386
28785,0.021611,172.31.46.0-255,66,118742,44,203386
28786,0.023614,74.125.24.0-255,5738,124480,44,203386
28787,0.023621,172.31.46.0-255,66,124546,44,203386
28788,0.025637,74.125.24.0-255,5738,130284,44,203386
28789,0.025644,172.31.46.0-255,66,130350,44,203386
28790,0.027666,74.125.24.0-255,5738,136088,44,203386
28791,0.027673,172.31.46.0-255,66,136154,44,203386
28792,0.029688,74.125.24.0-255,5738,141892,44,203386
28793,0.029695,172.31.46.0-255,66,141958,44,203386
28794,0.031712,74.125.24.0-255,5738,147696,44,203386
28795,0.03172,172.31.46.0-255,66,147762,44,203386
28796,0.033663,172.31.46.0-255,172,147934,44,203386
28797,0.03369,172.31.46.0-255,1114,149048,44,203386
28798,0.03373,74.125.24.0-255,5738,154786,44,203386
28799,0.033735,172.31.46.0-255,66,154852,44,203386
28800,0.033827,172.31.46.0-255,1514,156366,44,203386
28801,0.033829,172.31.46.0-255,1514,157880,44,203386
28802,0.033833,172.31.46.0-255,1514,159394,44,203386
28803,0.033834,172.31.46.0-255,1514,160908,44,203386
28804,0.033852,172.31.46.0-255,1514,162422,44,203386
28805,0.033856,172.31.46.0-255,72,162494,44,203386
28806,0.035141,104.244.42.0-255,66,162560,44,203386
28807,0.035161,104.244.42.0-255,66,162626,44,203386
28808,0.035334,104.244.42.0-255,66,162692,44,203386
28809,0.03534,104.244.42.0-255,66,162758,44,203386
28810,0.035768,74.125.24.0-255,5738,168496,44,203386
28811,0.035773,172.31.46.0-255,66,168562,44,203386
28812,0.037794,74.125.24.0-255,5738,174300,44,203386
28813,0.0378,172.31.46.0-255,66,174366,44,203386
28814,0.039859,74.125.24.0-255,5738,180104,44,203386
28815,0.039869,172.31.46.0-255,66,180170,44,203386
28816,0.041923,74.125.24.0-255,5738,185908,44,203386
28817,0.041929,172.31.46.0-255,66,185974,44,203386
28818,0.043955,74.125.24.0-255,5738,191712,44,203386
28819,0.043961,172.31.46.0-255,66,191778,44,203386
28820,0.045998,74.125.24.0-255,5738,197516,44,203386
28821,0.046004,172.31.46.0-255,66,197582,44,203386
28822,0.048031,74.125.24.0-255,5738,203320,44,203386
28823,0.048036,172.31.46.0-255,66,203386,44,203386
28824,0.0,172.217.194.0-255,152,152,44,212234
28825,2.3e-05,172.31.46.0-255,66,218,44,212234
28826,3e-05,172.217.194.0-255,1484,1702,44,212234
28827,3.5e-05,172.31.46.0-255,66,1768,44,212234
28828,4.7e-05,172.217.194.0-255,2902,4670,44,212234
28829,5e-05,172.31.46.0-255,66,4736,44,212234
28830,5.6e-05,172.217.194.0-255,4320,9056,44,212234
28831,5.9e-05,172.31.46.0-255,66,9122,44,212234
28832,0.000121,172.217.194.0-255,4876,13998,44,212234
28833,0.000125,172.31.46.0-255,66,14064,44,212234
28834,0.000131,172.217.194.0-255,5738,19802,44,212234
28835,0.000134,172.31.46.0-255,66,19868,44,212234
28836,0.000148,172.31.46.0-255,66,19934,44,212234
28837,0.000161,172.31.46.0-255,66,20000,44,212234
28838,0.000195,172.217.194.0-255,5379,25379,44,212234
28839,0.000203,172.31.46.0-255,66,25445,44,212234
28840,0.000209,172.217.194.0-255,5738,31183,44,212234
28841,0.000211,172.31.46.0-255,66,31249,44,212234
28842,0.000214,172.217.194.0-255,1484,32733,44,212234
28843,0.000216,172.31.46.0-255,66,32799,44,212234
28844,0.000253,172.31.46.0-255,66,32865,44,212234
28845,0.000256,172.217.194.0-255,367,33232,44,212234
28846,0.000258,172.31.46.0-255,66,33298,44,212234
28847,0.000745,172.217.194.0-255,376,33674,44,212234
28848,0.000751,172.31.46.0-255,66,33740,44,212234
28849,0.00108,172.217.194.0-255,1484,35224,44,212234
28850,0.001084,172.31.46.0-255,66,35290,44,212234
28851,0.00109,172.217.194.0-255,2902,38192,44,212234
28852,0.001093,172.31.46.0-255,66,38258,44,212234
28853,0.001098,172.217.194.0-255,2902,41160,44,212234
28854,0.0011,172.31.46.0-255,66,41226,44,212234
28855,0.001128,172.217.194.0-255,2902,44128,44,212234
28856,0.00113,172.31.46.0-255,66,44194,44,212234
28857,0.001141,172.217.194.0-255,5738,49932,44,212234
28858,0.001143,172.31.46.0-255,66,49998,44,212234
28859,0.001172,172.217.194.0-255,7156,57154,44,212234
28860,0.001174,172.31.46.0-255,66,57220,44,212234
28861,0.00119,172.31.46.0-255,66,57286,44,212234
28862,0.001193,172.217.194.0-255,766,58052,44,212234
28863,0.001468,172.31.46.0-255,66,58118,44,212234
28864,0.001882,172.217.194.0-255,1484,59602,44,212234
28865,0.001908,172.217.194.0-255,2902,62504,44,212234
28866,0.001913,172.31.46.0-255,66,62570,44,212234
28867,0.001921,172.217.194.0-255,5738,68308,44,212234
28868,0.001923,172.31.46.0-255,66,68374,44,212234
28869,0.001936,172.217.194.0-255,7156,75530,44,212234
28870,0.001938,172.31.46.0-255,66,75596,44,212234
28871,0.001948,172.31.46.0-255,66,75662,44,212234
28872,0.001984,172.217.194.0-255,5738,81400,44,212234
28873,0.001987,172.31.46.0-255,66,81466,44,212234
28874,0.001991,172.217.194.0-255,2184,83650,44,212234
28875,0.001993,172.31.46.0-255,66,83716,44,212234
28876,0.002194,172.217.194.0-255,1484,85200,44,212234
28877,0.002214,172.217.194.0-255,2902,88102,44,212234
28878,0.002218,172.31.46.0-255,66,88168,44,212234
28879,0.002225,172.217.194.0-255,5738,93906,44,212234
28880,0.002228,172.31.46.0-255,66,93972,44,212234
28881,0.002268,172.31.46.0-255,66,94038,44,212234
28882,0.00228,172.31.46.0-255,66,94104,44,212234
28883,0.004584,172.217.194.0-255,5738,99842,44,212234
28884,0.004588,172.31.46.0-255,66,99908,44,212234
28885,0.006882,172.217.194.0-255,5738,105646,44,212234
28886,0.006888,172.31.46.0-255,66,105712,44,212234
28887,0.009255,172.217.194.0-255,5738,111450,44,212234
28888,0.009261,172.31.46.0-255,66,111516,44,212234
28889,0.011594,172.217.194.0-255,5738,117254,44,212234
28890,0.011602,172.31.46.0-255,66,117320,44,212234
28891,0.01393,172.217.194.0-255,5738,123058,44,212234
28892,0.01394,172.31.46.0-255,66,123124,44,212234
28893,0.01626,172.217.194.0-255,5738,128862,44,212234
28894,0.016273,172.31.46.0-255,66,128928,44,212234
28895,0.01859,172.217.194.0-255,5738,134666,44,212234
28896,0.018601,172.31.46.0-255,66,134732,44,212234
28897,0.020902,172.217.194.0-255,5738,140470,44,212234
28898,0.020914,172.31.46.0-255,66,140536,44,212234
28899,0.023246,172.217.194.0-255,5738,146274,44,212234
28900,0.023255,172.31.46.0-255,66,146340,44,212234
28901,0.025574,172.217.194.0-255,5738,152078,44,212234
28902,0.025583,172.31.46.0-255,66,152144,44,212234
28903,0.027907,172.217.194.0-255,5738,157882,44,212234
28904,0.027916,172.31.46.0-255,66,157948,44,212234
28905,0.030237,172.217.194.0-255,5738,163686,44,212234
28906,0.030245,172.31.46.0-255,66,163752,44,212234
28907,0.032554,172.217.194.0-255,5738,169490,44,212234
28908,0.032563,172.31.46.0-255,66,169556,44,212234
28909,0.0328,172.31.46.0-255,172,169728,44,212234
28910,0.032832,172.31.46.0-255,1114,170842,44,212234
28911,0.032967,172.31.46.0-255,566,171408,44,212234
28912,0.034344,104.244.42.0-255,66,171474,44,212234
28913,0.034384,104.244.42.0-255,66,171540,44,212234
28914,0.034482,104.244.42.0-255,66,171606,44,212234
28915,0.034902,172.217.194.0-255,5738,177344,44,212234
28916,0.03491,172.31.46.0-255,66,177410,44,212234
28917,0.037225,172.217.194.0-255,5738,183148,44,212234
28918,0.037232,172.31.46.0-255,66,183214,44,212234
28919,0.039563,172.217.194.0-255,5738,188952,44,212234
28920,0.03957,172.31.46.0-255,66,189018,44,212234
28921,0.041887,172.217.194.0-255,5738,194756,44,212234
28922,0.041905,172.31.46.0-255,66,194822,44,212234
28923,0.0442,172.217.194.0-255,5738,200560,44,212234
28924,0.044206,172.31.46.0-255,66,200626,44,212234
28925,0.046514,172.217.194.0-255,5738,206364,44,212234
28926,0.046522,172.31.46.0-255,66,206430,44,212234
28927,0.048844,172.217.194.0-255,5738,212168,44,212234
28928,0.048851,172.31.46.0-255,66,212234,44,212234
28929,0.0,74.125.24.0-255,298,298,44,223979
28930,2.3e-05,172.31.46.0-255,66,364,44,223979
28931,3e-05,74.125.24.0-255,1484,1848,44,223979
28932,3.5e-05,172.31.46.0-255,66,1914,44,223979
28933,4.1e-05,74.125.24.0-255,4320,6234,44,223979
28934,4.4e-05,172.31.46.0-255,66,6300,44,223979
28935,6.3e-05,74.125.24.0-255,4320,10620,44,223979
28936,6.6e-05,172.31.46.0-255,66,10686,44,223979
28937,9.2e-05,172.31.46.0-255,66,10752,44,223979
28938,0.000103,172.31.46.0-255,66,10818,44,223979
28939,0.000121,74.125.24.0-255,1125,11943,44,223979
28940,0.000124,172.31.46.0-255,66,12009,44,223979
28941,0.000204,74.125.24.0-255,1484,13493,44,223979
28942,0.000207,172.31.46.0-255,66,13559,44,223979
28943,0.000212,74.125.24.0-255,2902,16461,44,223979
28944,0.000214,172.31.46.0-255,66,16527,44,223979
28945,0.000228,74.125.24.0-255,2902,19429,44,223979
28946,0.000231,172.31.46.0-255,66,19495,44,223979
28947,0.00026,74.125.24.0-255,2902,22397,44,223979
28948,0.000262,172.31.46.0-255,66,22463,44,223979
28949,0.000274,172.31.46.0-255,66,22529,44,223979
28950,0.000296,74.125.24.0-255,2902,25431,44,223979
28951,0.000299,172.31.46.0-255,66,25497,44,223979
28952,0.000327,172.31.46.0-255,66,25563,44,223979
28953,0.000598,74.125.24.0-255,109,25672,44,223979
28954,0.000603,172.31.46.0-255,66,25738,44,223979
28955,0.000607,74.125.24.0-255,331,26069,44,223979
28956,0.000609,172.31.46.0-255,66,26135,44,223979
28957,0.000746,74.125.24.0-255,1484,27619,44,223979
28958,0.000749,74.125.24.0-255,1484,29103,44,223979
28959,0.000761,172.31.46.0-255,66,29169,44,223979
28960,0.000766,74.125.24.0-255,1484,30653,44,223979
28961,0.000772,74.125.24.0-255,5738,36391,44,223979
28962,0.000774,172.31.46.0-255,66,36457,44,223979
28963,0.000799,74.125.24.0-255,1484,37941,44,223979
28964,0.000818,74.125.24.0-255,5379,43320,44,223979
28965,0.000821,172.31.46.0-255,66,43386,44,223979
28966,0.000829,74.125.24.0-255,7156,50542,44,223979
28967,0.000831,172.31.46.0-255,66,50608,44,223979
28968,0.000861,74.125.24.0-255,7156,57764,44,223979
28969,0.000864,172.31.46.0-255,66,57830,44,223979
28970,0.000882,74.125.24.0-255,2543,60373,44,223979
28971,0.000885,172.31.46.0-255,66,60439,44,223979
28972,0.002031,74.125.24.0-255,1484,61923,44,223979
28973,0.002042,74.125.24.0-255,2902,64825,44,223979
28974,0.002047,172.31.46.0-255,66,64891,44,223979
28975,0.002055,74.125.24.0-255,5738,70629,44,223979
28976,0.002057,172.31.46.0-255,66,70695,44,223979
28977,0.00206,74.125.24.0-255,1484,72179,44,223979
28978,0.002063,74.125.24.0-255,1484,73663,44,223979
28979,0.002065,172.31.46.0-255,66,73729,44,223979
28980,0.002068,74.125.24.0-255,1484,75213,44,223979
28981,0.002089,74.125.24.0-255,4320,79533,44,223979
28982,0.002091,172.31.46.0-255,66,79599,44,223979
28983,0.002098,74.125.24.0-255,5738,85337,44,223979
28984,0.0021,172.31.46.0-255,66,85403,44,223979
28985,0.002115,74.125.24.0-255,2902,88305,44,223979
28986,0.002117,172.31.46.0-255,66,88371,44,223979
28987,0.002125,74.125.24.0-255,6438,94809,44,223979
28988,0.002126,172.31.46.0-255,66,94875,44,223979
28989,0.00321,74.125.24.0-255,1484,96359,44,223979
28990,0.003218,74.125.24.0-255,2902,99261,44,223979
28991,0.003223,172.31.46.0-255,66,99327,44,223979
28992,0.00323,74.125.24.0-255,5738,105065,44,223979
28993,0.003232,172.31.46.0-255,66,105131,44,223979
28994,0.003237,74.125.24.0-255,2902,108033,44,223979
28995,0.003239,172.31.46.0-255,66,108099,44,223979
28996,0.003265,172.31.46.0-255,66,108165,44,223979
28997,0.003268,74.125.24.0-255,1484,109649,44,223979
28998,0.003321,172.31.46.0-255,66,109715,44,223979
28999,0.003326,74.125.24.0-255,2902,112617,44,223979
29000,0.003328,172.31.46.0-255,66,112683,44,223979
29001,0.003349,74.125.24.0-255,7156,119839,44,223979
29002,0.003351,172.31.46.0-255,66,119905,44,223979
29003,0.003354,74.125.24.0-255,1484,121389,44,223979
29004,0.003382,172.31.46.0-255,66,121455,44,223979
29005,0.003403,74.125.24.0-255,6438,127893,44,223979
29006,0.003405,172.31.46.0-255,66,127959,44,223979
29007,0.003429,74.125.24.0-255,1484,129443,44,223979
29008,0.003445,74.125.24.0-255,5738,135181,44,223979
29009,0.003448,172.31.46.0-255,66,135247,44,223979
29010,0.003454,74.125.24.0-255,5738,140985,44,223979
29011,0.003456,172.31.46.0-255,66,141051,44,223979
29012,0.00347,74.125.24.0-255,2902,143953,44,223979
29013,0.003472,172.31.46.0-255,66,144019,44,223979
29014,0.003505,172.31.46.0-255,66,144085,44,223979
29015,0.003511,74.125.24.0-255,6438,150523,44,223979
29016,0.003514,172.31.46.0-255,66,150589,44,223979
29017,0.003636,74.125.24.0-255,1484,152073,44,223979
29018,0.00364,74.125.24.0-255,1484,153557,44,223979
29019,0.003643,172.31.46.0-255,66,153623,44,223979
29020,0.003659,74.125.24.0-255,1484,155107,44,223979
29021,0.003666,74.125.24.0-255,5738,160845,44,223979
29022,0.003669,172.31.46.0-255,66,160911,44,223979
29023,0.003687,74.125.24.0-255,2902,163813,44,223979
29024,0.003689,172.31.46.0-255,66,163879,44,223979
29025,0.003727,172.31.46.0-255,66,163945,44,223979
29026,0.003739,172.31.46.0-255,66,164011,44,223979
29027,0.00377,74.125.24.0-255,1484,165495,44,223979
29028,0.003775,74.125.24.0-255,2902,168397,44,223979
29029,0.003777,172.31.46.0-255,66,168463,44,223979
29030,0.003782,74.125.24.0-255,2902,171365,44,223979
29031,0.003784,172.31.46.0-255,66,171431,44,223979
29032,0.0038,74.125.24.0-255,2902,174333,44,223979
29033,0.003802,172.31.46.0-255,66,174399,44,223979
29034,0.003808,74.125.24.0-255,4320,178719,44,223979
29035,0.003811,172.31.46.0-255,66,178785,44,223979
29036,0.003837,74.125.24.0-255,7156,185941,44,223979
29037,0.003839,172.31.46.0-255,66,186007,44,223979
29038,0.003857,74.125.24.0-255,5738,191745,44,223979
29039,0.003859,172.31.46.0-255,66,191811,44,223979
29040,0.003902,172.31.46.0-255,66,191877,44,223979
29041,0.003923,74.125.24.0-255,4320,196197,44,223979
29042,0.003946,74.125.24.0-255,5020,201217,44,223979
29043,0.004039,74.125.24.0-255,7156,208373,44,223979
29044,0.004089,74.125.24.0-255,3602,211975,44,223979
29045,0.004094,74.125.24.0-255,2297,214272,44,223979
29046,0.004097,74.125.24.0-255,105,214377,44,223979
29047,0.00535,172.31.46.0-255,66,214443,44,223979
29048,0.011307,172.31.46.0-255,105,214548,44,223979
29049,0.013271,74.125.24.0-255,66,214614,44,223979
29050,0.043315,172.31.46.0-255,172,214786,44,223979
29051,0.043344,172.31.46.0-255,1114,215900,44,223979
29052,0.043411,172.31.46.0-255,1514,217414,44,223979
29053,0.043413,172.31.46.0-255,1514,218928,44,223979
29054,0.043419,172.31.46.0-255,1514,220442,44,223979
29055,0.043421,172.31.46.0-255,1514,221956,44,223979
29056,0.04344,172.31.46.0-255,1514,223470,44,223979
29057,0.043441,172.31.46.0-255,71,223541,44,223979
29058,0.044868,104.244.42.0-255,66,223607,44,223979
29059,0.04488,104.244.42.0-255,66,223673,44,223979
29060,0.044958,104.244.42.0-255,66,223739,44,223979
29061,0.044964,104.244.42.0-255,66,223805,44,223979
29062,0.045989,104.244.42.0-255,108,223913,44,223979
29063,0.045999,172.31.46.0-255,66,223979,44,223979
29064,0.0,74.125.130.0-255,153,153,44,254513
29065,1.9e-05,172.31.46.0-255,66,219,44,254513
29066,2.6e-05,74.125.130.0-255,1484,1703,44,254513
29067,3e-05,172.31.46.0-255,66,1769,44,254513
29068,3.3e-05,74.125.130.0-255,1484,3253,44,254513
29069,4.3e-05,172.31.46.0-255,66,3319,44,254513
29070,5.9e-05,74.125.130.0-255,1484,4803,44,254513
29071,6.6e-05,172.31.46.0-255,66,4869,44,254513
29072,7.4e-05,74.125.130.0-255,4320,9189,44,254513
29073,7.6e-05,172.31.46.0-255,66,9255,44,254513
29074,0.00011,74.125.130.0-255,4320,13575,44,254513
29075,0.000113,172.31.46.0-255,66,13641,44,254513
29076,0.000137,74.125.130.0-255,587,14228,44,254513
29077,0.000139,172.31.46.0-255,66,14294,44,254513
29078,0.000143,74.125.130.0-255,1484,15778,44,254513
29079,0.000144,172.31.46.0-255,66,15844,44,254513
29080,0.000179,74.125.130.0-255,4320,20164,44,254513
29081,0.000182,172.31.46.0-255,66,20230,44,254513
29082,0.000219,172.31.46.0-255,66,20296,44,254513
29083,0.000249,74.125.130.0-255,2543,22839,44,254513
29084,0.000252,172.31.46.0-255,66,22905,44,254513
29085,0.000403,74.125.130.0-255,1484,24389,44,254513
29086,0.000408,172.31.46.0-255,66,24455,44,254513
29087,0.000432,74.125.130.0-255,2902,27357,44,254513
29088,0.000435,172.31.46.0-255,66,27423,44,254513
29089,0.000443,74.125.130.0-255,5738,33161,44,254513
29090,0.000446,172.31.46.0-255,66,33227,44,254513
29091,0.00045,74.125.130.0-255,2902,36129,44,254513
29092,0.000453,172.31.46.0-255,66,36195,44,254513
29093,0.000478,74.125.130.0-255,3961,40156,44,254513
29094,0.000485,172.31.46.0-255,66,40222,44,254513
29095,0.000512,74.125.130.0-255,4320,44542,44,254513
29096,0.000515,172.31.46.0-255,66,44608,44,254513
29097,0.000541,74.125.130.0-255,2902,47510,44,254513
29098,0.000543,172.31.46.0-255,66,47576,44,254513
29099,0.00057,74.125.130.0-255,2902,50478,44,254513
29100,0.000573,172.31.46.0-255,66,50544,44,254513
29101,0.000577,74.125.130.0-255,2902,53446,44,254513
29102,0.00058,172.31.46.0-255,66,53512,44,254513
29103,0.000585,74.125.130.0-255,4250,57762,44,254513
29104,0.000587,172.31.46.0-255,66,57828,44,254513
29105,0.000678,74.125.130.0-255,365,58193,44,254513
29106,0.000829,74.125.130.0-255,1484,59677,44,254513
29107,0.000834,172.31.46.0-255,66,59743,44,254513
29108,0.000848,74.125.130.0-255,2902,62645,44,254513
29109,0.000855,172.31.46.0-255,66,62711,44,254513
29110,0.000904,74.125.130.0-255,1484,64195,44,254513
29111,0.000944,74.125.130.0-255,2902,67097,44,254513
29112,0.000947,172.31.46.0-255,66,67163,44,254513
29113,0.000973,74.125.130.0-255,1484,68647,44,254513
29114,0.001013,74.125.130.0-255,1484,70131,44,254513
29115,0.001016,172.31.46.0-255,66,70197,44,254513
29116,0.001045,74.125.130.0-255,2902,73099,44,254513
29117,0.001048,172.31.46.0-255,66,73165,44,254513
29118,0.001081,74.125.130.0-255,4320,77485,44,254513
29119,0.001084,172.31.46.0-255,66,77551,44,254513
29120,0.001091,74.125.130.0-255,5738,83289,44,254513
29121,0.001093,172.31.46.0-255,66,83355,44,254513
29122,0.001123,172.31.46.0-255,66,83421,44,254513
29123,0.001149,74.125.130.0-255,766,84187,44,254513
29124,0.001645,172.31.46.0-255,66,84253,44,254513
29125,0.001936,74.125.130.0-255,1484,85737,44,254513
29126,0.001946,74.125.130.0-255,2902,88639,44,254513
29127,0.001951,172.31.46.0-255,66,88705,44,254513
29128,0.001955,74.125.130.0-255,1484,90189,44,254513
29129,0.001988,74.125.130.0-255,4320,94509,44,254513
29130,0.00199,172.31.46.0-255,66,94575,44,254513
29131,0.001996,74.125.130.0-255,4320,98895,44,254513
29132,0.001998,172.31.46.0-255,66,98961,44,254513
29133,0.002009,74.125.130.0-255,5738,104699,44,254513
29134,0.002012,172.31.46.0-255,66,104765,44,254513
29135,0.002042,74.125.130.0-255,5738,110503,44,254513
29136,0.002045,172.31.46.0-255,66,110569,44,254513
29137,0.002052,74.125.130.0-255,5738,116307,44,254513
29138,0.002054,172.31.46.0-255,66,116373,44,254513
29139,0.002074,74.125.130.0-255,1484,117857,44,254513
29140,0.002077,74.125.130.0-255,766,118623,44,254513
29141,0.002079,172.31.46.0-255,66,118689,44,254513
29142,0.004133,74.125.130.0-255,2902,121591,44,254513
29143,0.00414,172.31.46.0-255,66,121657,44,254513
29144,0.004174,74.125.130.0-255,2902,124559,44,254513
29145,0.004177,172.31.46.0-255,66,124625,44,254513
29146,0.006224,74.125.130.0-255,2902,127527,44,254513
29147,0.006226,172.31.46.0-255,66,127593,44,254513
29148,0.006255,74.125.130.0-255,2902,130495,44,254513
29149,0.006258,172.31.46.0-255,66,130561,44,254513
29150,0.008329,74.125.130.0-255,4320,134881,44,254513
29151,0.008336,172.31.46.0-255,66,134947,44,254513
29152,0.008366,74.125.130.0-255,1484,136431,44,254513
29153,0.010458,74.125.130.0-255,4320,140751,44,254513
29154,0.010466,172.31.46.0-255,66,140817,44,254513
29155,0.012553,74.125.130.0-255,5738,146555,44,254513
29156,0.01256,172.31.46.0-255,66,146621,44,254513
29157,0.01467,74.125.130.0-255,5738,152359,44,254513
29158,0.014678,172.31.46.0-255,66,152425,44,254513
29159,0.016773,74.125.130.0-255,5738,158163,44,254513
29160,0.016783,172.31.46.0-255,66,158229,44,254513
29161,0.018879,74.125.130.0-255,5738,163967,44,254513
29162,0.018887,172.31.46.0-255,66,164033,44,254513
29163,0.020989,74.125.130.0-255,5738,169771,44,254513
29164,0.020996,172.31.46.0-255,66,169837,44,254513
29165,0.023111,74.125.130.0-255,5738,175575,44,254513
29166,0.023119,172.31.46.0-255,66,175641,44,254513
29167,0.025208,74.125.130.0-255,5738,181379,44,254513
29168,0.025217,172.31.46.0-255,66,181445,44,254513
29169,0.027323,74.125.130.0-255,5738,187183,44,254513
29170,0.027331,172.31.46.0-255,66,187249,44,254513
29171,0.029424,74.125.130.0-255,5738,192987,44,254513
29172,0.029432,172.31.46.0-255,66,193053,44,254513
29173,0.031528,74.125.130.0-255,5738,198791,44,254513
29174,0.031536,172.31.46.0-255,66,198857,44,254513
29175,0.03366,74.125.130.0-255,5738,204595,44,254513
29176,0.033672,172.31.46.0-255,66,204661,44,254513
29177,0.035351,172.31.46.0-255,164,204825,44,254513
29178,0.035382,172.31.46.0-255,1123,205948,44,254513
29179,0.035455,172.31.46.0-255,1514,207462,44,254513
29180,0.035457,172.31.46.0-255,1514,208976,44,254513
29181,0.035461,172.31.46.0-255,1514,210490,44,254513
29182,0.035463,172.31.46.0-255,1514,212004,44,254513
29183,0.03548,172.31.46.0-255,1509,213513,44,254513
29184,0.035803,74.125.130.0-255,5738,219251,44,254513
29185,0.03581,172.31.46.0-255,66,219317,44,254513
29186,0.036888,104.244.42.0-255,66,219383,44,254513
29187,0.036946,104.244.42.0-255,66,219449,44,254513
29188,0.037076,104.244.42.0-255,66,219515,44,254513
29189,0.037903,74.125.130.0-255,5738,225253,44,254513
29190,0.03791,172.31.46.0-255,66,225319,44,254513
29191,0.040002,74.125.130.0-255,5738,231057,44,254513
29192,0.04001,172.31.46.0-255,66,231123,44,254513
29193,0.040265,104.244.42.0-255,108,231231,44,254513
29194,0.040273,172.31.46.0-255,66,231297,44,254513
29195,0.042124,74.125.130.0-255,5738,237035,44,254513
29196,0.04213,172.31.46.0-255,66,237101,44,254513
29197,0.044248,74.125.130.0-255,5738,242839,44,254513
29198,0.044254,172.31.46.0-255,66,242905,44,254513
29199,0.04635,74.125.130.0-255,5738,248643,44,254513
29200,0.046357,172.31.46.0-255,66,248709,44,254513
29201,0.04846,74.125.130.0-255,5738,254447,44,254513
29202,0.048469,172.31.46.0-255,66,254513,44,254513
29203,0.0,74.125.130.0-255,146,146,44,196161
29204,2.3e-05,172.31.46.0-255,66,212,44,196161
29205,3e-05,74.125.130.0-255,1484,1696,44,196161
29206,3.4e-05,172.31.46.0-255,66,1762,44,196161
29207,4.8e-05,74.125.130.0-255,2902,4664,44,196161
29208,5.1e-05,172.31.46.0-255,66,4730,44,196161
29209,5.6e-05,74.125.130.0-255,4320,9050,44,196161
29210,5.9e-05,172.31.46.0-255,66,9116,44,196161
29211,9.5e-05,74.125.130.0-255,4910,14026,44,196161
29212,9.8e-05,172.31.46.0-255,66,14092,44,196161
29213,0.000168,74.125.130.0-255,1484,15576,44,196161
29214,0.00017,172.31.46.0-255,66,15642,44,196161
29215,0.000187,74.125.130.0-255,2902,18544,44,196161
29216,0.000189,172.31.46.0-255,66,18610,44,196161
29217,0.000194,74.125.130.0-255,4320,22930,44,196161
29218,0.000196,172.31.46.0-255,66,22996,44,196161
29219,0.000237,74.125.130.0-255,2902,25898,44,196161
29220,0.000239,172.31.46.0-255,66,25964,44,196161
29221,0.000266,74.125.130.0-255,5379,31343,44,196161
29222,0.000268,172.31.46.0-255,66,31409,44,196161
29223,0.000275,74.125.130.0-255,7156,38565,44,196161
29224,0.000278,172.31.46.0-255,66,38631,44,196161
29225,0.000308,74.125.130.0-255,1484,40115,44,196161
29226,0.00031,172.31.46.0-255,66,40181,44,196161
29227,0.000317,74.125.130.0-255,5738,45919,44,196161
29228,0.000319,172.31.46.0-255,66,45985,44,196161
29229,0.000347,74.125.130.0-255,2543,48528,44,196161
29230,0.000349,172.31.46.0-255,66,48594,44,196161
29231,0.002213,74.125.130.0-255,1484,50078,44,196161
29232,0.002229,172.31.46.0-255,66,50144,44,196161
29233,0.002248,74.125.130.0-255,2902,53046,44,196161
29234,0.00225,172.31.46.0-255,66,53112,44,196161
29235,0.002255,74.125.130.0-255,2902,56014,44,196161
29236,0.002258,172.31.46.0-255,66,56080,44,196161
29237,0.002288,74.125.130.0-255,4320,60400,44,196161
29238,0.00229,172.31.46.0-255,66,60466,44,196161
29239,0.002302,74.125.130.0-255,2902,63368,44,196161
29240,0.002308,172.31.46.0-255,66,63434,44,196161
29241,0.002325,74.125.130.0-255,2543,65977,44,196161
29242,0.002326,172.31.46.0-255,66,66043,44,196161
29243,0.00235,74.125.130.0-255,1484,67527,44,196161
29244,0.00237,74.125.130.0-255,4320,71847,44,196161
29245,0.002371,172.31.46.0-255,66,71913,44,196161
29246,0.0024,74.125.130.0-255,7156,79069,44,196161
29247,0.002402,172.31.46.0-255,66,79135,44,196161
29248,0.002405,74.125.130.0-255,1484,80619,44,196161
29249,0.002424,74.125.130.0-255,2902,83521,44,196161
29250,0.002426,172.31.46.0-255,66,83587,44,196161
29251,0.002429,74.125.130.0-255,287,83874,44,196161
29252,0.004948,74.125.130.0-255,4320,88194,44,196161
29253,0.004953,172.31.46.0-255,66,88260,44,196161
29254,0.007481,74.125.130.0-255,5738,93998,44,196161
29255,0.007488,172.31.46.0-255,66,94064,44,196161
29256,0.010043,74.125.130.0-255,5738,99802,44,196161
29257,0.010061,172.31.46.0-255,66,99868,44,196161
29258,0.012609,74.125.130.0-255,5738,105606,44,196161
29259,0.012625,172.31.46.0-255,66,105672,44,196161
29260,0.015168,74.125.130.0-255,5738,111410,44,196161
29261,0.015179,172.31.46.0-255,66,111476,44,196161
29262,0.017725,74.125.130.0-255,5738,117214,44,196161
29263,0.017743,172.31.46.0-255,66,117280,44,196161
29264,0.020298,74.125.130.0-255,5738,123018,44,196161
29265,0.020308,172.31.46.0-255,66,123084,44,196161
29266,0.022854,74.125.130.0-255,5738,128822,44,196161
29267,0.022869,172.31.46.0-255,66,128888,44,196161
29268,0.025428,74.125.130.0-255,5738,134626,44,196161
29269,0.025443,172.31.46.0-255,66,134692,44,196161
29270,0.02802,74.125.130.0-255,5738,140430,44,196161
29271,0.028034,172.31.46.0-255,66,140496,44,196161
29272,0.030576,74.125.130.0-255,5738,146234,44,196161
29273,0.030585,172.31.46.0-255,66,146300,44,196161
29274,0.030936,172.31.46.0-255,215,146515,44,196161
29275,0.030967,172.31.46.0-255,955,147470,44,196161
29276,0.031048,172.31.46.0-255,1514,148984,44,196161
29277,0.03105,172.31.46.0-255,1514,150498,44,196161
29278,0.031051,172.31.46.0-255,1514,152012,44,196161
29279,0.031053,172.31.46.0-255,1514,153526,44,196161
29280,0.031081,172.31.46.0-255,1514,155040,44,196161
29281,0.031087,172.31.46.0-255,229,155269,44,196161
29282,0.032479,104.244.42.0-255,66,155335,44,196161
29283,0.0325,104.244.42.0-255,66,155401,44,196161
29284,0.032609,104.244.42.0-255,66,155467,44,196161
29285,0.032739,104.244.42.0-255,66,155533,44,196161
29286,0.033154,74.125.130.0-255,5738,161271,44,196161
29287,0.033162,172.31.46.0-255,66,161337,44,196161
29288,0.035731,74.125.130.0-255,5738,167075,44,196161
29289,0.035739,172.31.46.0-255,66,167141,44,196161
29290,0.038285,74.125.130.0-255,5738,172879,44,196161
29291,0.038296,172.31.46.0-255,66,172945,44,196161
29292,0.04085,74.125.130.0-255,5738,178683,44,196161
29293,0.040858,172.31.46.0-255,66,178749,44,196161
29294,0.043398,74.125.130.0-255,5738,184487,44,196161
29295,0.04341,172.31.46.0-255,66,184553,44,196161
29296,0.045963,74.125.130.0-255,5738,190291,44,196161
29297,0.045968,172.31.46.0-255,66,190357,44,196161
29298,0.048518,74.125.130.0-255,5738,196095,44,196161
29299,0.048528,172.31.46.0-255,66,196161,44,196161
29300,0.0,172.217.194.0-255,148,148,44,307020
29301,2.3e-05,172.31.46.0-255,66,214,44,307020
29302,3e-05,172.217.194.0-255,1484,1698,44,307020
29303,3.6e-05,172.31.46.0-255,66,1764,44,307020
29304,4.2e-05,172.217.194.0-255,2902,4666,44,307020
29305,5.2e-05,172.31.46.0-255,66,4732,44,307020
29306,6e-05,172.217.194.0-255,7156,11888,44,307020
29307,6.3e-05,172.31.46.0-255,66,11954,44,307020
29308,6.8e-05,172.217.194.0-255,2053,14007,44,307020
29309,7.1e-05,172.31.46.0-255,66,14073,44,307020
29310,0.000118,172.217.194.0-255,7156,21229,44,307020
29311,0.000121,172.31.46.0-255,66,21295,44,307020
29312,0.000149,172.217.194.0-255,4320,25615,44,307020
29313,0.000152,172.31.46.0-255,66,25681,44,307020
29314,0.000163,172.31.46.0-255,66,25747,44,307020
29315,0.000193,172.217.194.0-255,4320,30067,44,307020
29316,0.000196,172.31.46.0-255,66,30133,44,307020
29317,0.000204,172.217.194.0-255,7156,37289,44,307020
29318,0.000206,172.31.46.0-255,66,37355,44,307020
29319,0.00025,172.217.194.0-255,2184,39539,44,307020
29320,0.000253,172.31.46.0-255,66,39605,44,307020
29321,0.006962,172.217.194.0-255,1484,41089,44,307020
29322,0.00697,172.31.46.0-255,66,41155,44,307020
29323,0.006978,172.217.194.0-255,2902,44057,44,307020
29324,0.00698,172.31.46.0-255,66,44123,44,307020
29325,0.006991,172.217.194.0-255,5738,49861,44,307020
29326,0.006993,172.31.46.0-255,66,49927,44,307020
29327,0.007026,172.217.194.0-255,4320,54247,44,307020
29328,0.007028,172.31.46.0-255,66,54313,44,307020
29329,0.007045,172.217.194.0-255,2834,57147,44,307020
29330,0.007047,172.31.46.0-255,66,57213,44,307020
29331,0.007049,172.217.194.0-255,99,57312,44,307020
29332,0.009428,172.31.46.0-255,66,57378,44,307020
29333,0.011263,172.217.194.0-255,1484,58862,44,307020
29334,0.011276,172.217.194.0-255,2902,61764,44,307020
29335,0.01128,172.31.46.0-255,66,61830,44,307020
29336,0.011288,172.217.194.0-255,5738,67568,44,307020
29337,0.01129,172.31.46.0-255,66,67634,44,307020
29338,0.011331,172.217.194.0-255,2902,70536,44,307020
29339,0.011333,172.31.46.0-255,66,70602,44,307020
29340,0.011364,172.31.46.0-255,66,70668,44,307020
29341,0.011375,172.31.46.0-255,66,70734,44,307020
29342,0.012735,172.217.194.0-255,1484,72218,44,307020
29343,0.012752,172.217.194.0-255,2902,75120,44,307020
29344,0.012756,172.31.46.0-255,66,75186,44,307020
29345,0.012789,172.217.194.0-255,1484,76670,44,307020
29346,0.012804,172.217.194.0-255,2902,79572,44,307020
29347,0.012806,172.31.46.0-255,66,79638,44,307020
29348,0.012833,172.217.194.0-255,5738,85376,44,307020
29349,0.012835,172.31.46.0-255,66,85442,44,307020
29350,0.012868,172.31.46.0-255,66,85508,44,307020
29351,0.012892,172.217.194.0-255,2902,88410,44,307020
29352,0.012894,172.31.46.0-255,66,88476,44,307020
29353,0.012897,172.217.194.0-255,1484,89960,44,307020
29354,0.012927,172.217.194.0-255,4320,94280,44,307020
29355,0.012929,172.31.46.0-255,66,94346,44,307020
29356,0.012953,172.217.194.0-255,5020,99366,44,307020
29357,0.012955,172.31.46.0-255,66,99432,44,307020
29358,0.012965,172.31.46.0-255,66,99498,44,307020
29359,0.012991,172.217.194.0-255,7156,106654,44,307020
29360,0.012994,172.31.46.0-255,66,106720,44,307020
29361,0.013018,172.217.194.0-255,4320,111040,44,307020
29362,0.013021,172.31.46.0-255,66,111106,44,307020
29363,0.013038,172.217.194.0-255,2902,114008,44,307020
29364,0.01304,172.31.46.0-255,66,114074,44,307020
29365,0.013069,172.217.194.0-255,5020,119094,44,307020
29366,0.013071,172.31.46.0-255,66,119160,44,307020
29367,0.013264,172.217.194.0-255,1484,120644,44,307020
29368,0.013278,172.217.194.0-255,2902,123546,44,307020
29369,0.013281,172.31.46.0-255,66,123612,44,307020
29370,0.013312,172.217.194.0-255,5738,129350,44,307020
29371,0.013315,172.31.46.0-255,66,129416,44,307020
29372,0.013347,172.31.46.0-255,66,129482,44,307020
29373,0.013354,172.217.194.0-255,1484,130966,44,307020
29374,0.01339,172.217.194.0-255,2902,133868,44,307020
29375,0.013393,172.31.46.0-255,66,133934,44,307020
29376,0.013423,172.31.46.0-255,66,134000,44,307020
29377,0.013655,172.217.194.0-255,1484,135484,44,307020
29378,0.013676,172.217.194.0-255,2902,138386,44,307020
29379,0.013679,172.31.46.0-255,66,138452,44,307020
29380,0.013733,172.217.194.0-255,5738,144190,44,307020
29381,0.013736,172.31.46.0-255,66,144256,44,307020
29382,0.013763,172.217.194.0-255,7156,151412,44,307020
29383,0.013766,172.31.46.0-255,66,151478,44,307020
29384,0.01379,172.217.194.0-255,4320,155798,44,307020
29385,0.013794,172.31.46.0-255,66,155864,44,307020
29386,0.013816,172.217.194.0-255,2902,158766,44,307020
29387,0.013818,172.31.46.0-255,66,158832,44,307020
29388,0.013844,172.217.194.0-255,4320,163152,44,307020
29389,0.013846,172.31.46.0-255,66,163218,44,307020
29390,0.013871,172.217.194.0-255,4320,167538,44,307020
29391,0.013873,172.31.46.0-255,66,167604,44,307020
29392,0.013876,172.217.194.0-255,766,168370,44,307020
29393,0.013879,172.217.194.0-255,1484,169854,44,307020
29394,0.01388,172.31.46.0-255,66,169920,44,307020
29395,0.013886,172.217.194.0-255,4320,174240,44,307020
29396,0.013894,172.31.46.0-255,66,174306,44,307020
29397,0.013904,172.31.46.0-255,66,174372,44,307020
29398,0.01395,172.31.46.0-255,66,174438,44,307020
29399,0.013956,172.217.194.0-255,5020,179458,44,307020
29400,0.013958,172.31.46.0-255,66,179524,44,307020
29401,0.014131,172.217.194.0-255,1484,181008,44,307020
29402,0.014156,172.217.194.0-255,2902,183910,44,307020
29403,0.01416,172.31.46.0-255,66,183976,44,307020
29404,0.014187,172.217.194.0-255,5738,189714,44,307020
29405,0.014189,172.31.46.0-255,66,189780,44,307020
29406,0.014192,172.217.194.0-255,1484,191264,44,307020
29407,0.014212,172.217.194.0-255,2902,194166,44,307020
29408,0.014214,172.31.46.0-255,66,194232,44,307020
29409,0.01424,172.217.194.0-255,5738,199970,44,307020
29410,0.014243,172.31.46.0-255,66,200036,44,307020
29411,0.014253,172.217.194.0-255,1484,201520,44,307020
29412,0.014277,172.217.194.0-255,1484,203004,44,307020
29413,0.014296,172.31.46.0-255,66,203070,44,307020
29414,0.014322,172.217.194.0-255,7156,210226,44,307020
29415,0.014325,172.31.46.0-255,66,210292,44,307020
29416,0.014329,172.217.194.0-255,3602,213894,44,307020
29417,0.014332,172.31.46.0-255,66,213960,44,307020
29418,0.015617,172.217.194.0-255,1484,215444,44,307020
29419,0.015628,172.217.194.0-255,2902,218346,44,307020
29420,0.015632,172.31.46.0-255,66,218412,44,307020
29421,0.015638,172.217.194.0-255,1484,219896,44,307020
29422,0.01567,172.31.46.0-255,66,219962,44,307020
29423,0.015673,172.217.194.0-255,1484,221446,44,307020
29424,0.015695,172.217.194.0-255,1484,222930,44,307020
29425,0.015697,172.31.46.0-255,66,222996,44,307020
29426,0.0157,172.217.194.0-255,1484,224480,44,307020
29427,0.015721,172.217.194.0-255,4320,228800,44,307020
29428,0.015723,172.31.46.0-255,66,228866,44,307020
29429,0.01573,172.217.194.0-255,7156,236022,44,307020
29430,0.015732,172.31.46.0-255,66,236088,44,307020
29431,0.015765,172.217.194.0-255,3602,239690,44,307020
29432,0.015768,172.31.46.0-255,66,239756,44,307020
29433,0.015792,172.217.194.0-255,4320,244076,44,307020
29434,0.015794,172.31.46.0-255,66,244142,44,307020
29435,0.01582,172.217.194.0-255,5738,249880,44,307020
29436,0.015822,172.31.46.0-255,66,249946,44,307020
29437,0.015844,172.217.194.0-255,4320,254266,44,307020
29438,0.015846,172.31.46.0-255,66,254332,44,307020
29439,0.015858,172.31.46.0-255,66,254398,44,307020
29440,0.015883,172.217.194.0-255,1484,255882,44,307020
29441,0.015887,172.217.194.0-255,2902,258784,44,307020
29442,0.015889,172.31.46.0-255,66,258850,44,307020
29443,0.015893,172.217.194.0-255,2184,261034,44,307020
29444,0.015894,172.31.46.0-255,66,261100,44,307020
29445,0.016236,172.217.194.0-255,1484,262584,44,307020
29446,0.016241,172.217.194.0-255,1484,264068,44,307020
29447,0.016245,172.31.46.0-255,66,264134,44,307020
29448,0.016253,172.217.194.0-255,2902,267036,44,307020
29449,0.016254,172.31.46.0-255,66,267102,44,307020
29450,0.01628,172.217.194.0-255,1484,268586,44,307020
29451,0.016288,172.217.194.0-255,7156,275742,44,307020
29452,0.016289,172.31.46.0-255,66,275808,44,307020
29453,0.016292,172.217.194.0-255,1484,277292,44,307020
29454,0.016295,172.217.194.0-255,1484,278776,44,307020
29455,0.016296,172.31.46.0-255,66,278842,44,307020
29456,0.016311,172.217.194.0-255,1484,280326,44,307020
29457,0.016317,172.217.194.0-255,1484,281810,44,307020
29458,0.016319,172.31.46.0-255,66,281876,44,307020
29459,0.016323,172.217.194.0-255,2902,284778,44,307020
29460,0.016325,172.31.46.0-255,66,284844,44,307020
29461,0.016329,172.217.194.0-255,2902,287746,44,307020
29462,0.016331,172.31.46.0-255,66,287812,44,307020
29463,0.016379,172.31.46.0-255,66,287878,44,307020
29464,0.016776,172.217.194.0-255,1484,289362,44,307020
29465,0.016797,172.217.194.0-255,2902,292264,44,307020
29466,0.016801,172.31.46.0-255,66,292330,44,307020
29467,0.016829,172.217.194.0-255,2902,295232,44,307020
29468,0.016831,172.31.46.0-255,66,295298,44,307020
29469,0.016854,172.217.194.0-255,1949,297247,44,307020
29470,0.016857,172.31.46.0-255,66,297313,44,307020
29471,0.016887,172.217.194.0-255,105,297418,44,307020
29472,0.021686,172.31.46.0-255,66,297484,44,307020
29473,0.021726,172.31.46.0-255,105,297589,44,307020
29474,0.024016,172.217.194.0-255,66,297655,44,307020
29475,0.037953,172.31.46.0-255,172,297827,44,307020
29476,0.037996,172.31.46.0-255,1114,298941,44,307020
29477,0.038056,172.31.46.0-255,1514,300455,44,307020
29478,0.038058,172.31.46.0-255,1514,301969,44,307020
29479,0.038062,172.31.46.0-255,1514,303483,44,307020
29480,0.038063,172.31.46.0-255,1514,304997,44,307020
29481,0.038081,172.31.46.0-255,1514,306511,44,307020
29482,0.038085,172.31.46.0-255,71,306582,44,307020
29483,0.039496,104.244.42.0-255,66,306648,44,307020
29484,0.039542,104.244.42.0-255,66,306714,44,307020
29485,0.039644,104.244.42.0-255,66,306780,44,307020
29486,0.039658,104.244.42.0-255,66,306846,44,307020
29487,0.041363,104.244.42.0-255,108,306954,44,307020
29488,0.041371,172.31.46.0-255,66,307020,44,307020
29489,0.0,172.217.194.0-255,153,153,44,262439
29490,2.2e-05,172.31.46.0-255,66,219,44,262439
29491,2.9e-05,172.217.194.0-255,1484,1703,44,262439
29492,3.3e-05,172.31.46.0-255,66,1769,44,262439
29493,3.8e-05,172.217.194.0-255,2902,4671,44,262439
29494,4.7e-05,172.31.46.0-255,66,4737,44,262439
29495,5.4e-05,172.217.194.0-255,5738,10475,44,262439
29496,5.7e-05,172.31.46.0-255,66,10541,44,262439
29497,6.8e-05,172.31.46.0-255,66,10607,44,262439
29498,8.6e-05,172.217.194.0-255,4889,15496,44,262439
29499,8.9e-05,172.31.46.0-255,66,15562,44,262439
29500,0.0001,172.217.194.0-255,6797,22359,44,262439
29501,0.000102,172.31.46.0-255,66,22425,44,262439
29502,0.000138,172.217.194.0-255,1484,23909,44,262439
29503,0.00014,172.31.46.0-255,66,23975,44,262439
29504,0.000145,172.217.194.0-255,2902,26877,44,262439
29505,0.000146,172.31.46.0-255,66,26943,44,262439
29506,0.000152,172.217.194.0-255,5738,32681,44,262439
29507,0.000158,172.31.46.0-255,66,32747,44,262439
29508,0.000161,172.217.194.0-255,1484,34231,44,262439
29509,0.000162,172.31.46.0-255,66,34297,44,262439
29510,0.000189,172.217.194.0-255,5379,39676,44,262439
29511,0.000191,172.31.46.0-255,66,39742,44,262439
29512,0.0002,172.31.46.0-255,66,39808,44,262439
29513,0.000235,172.217.194.0-255,5738,45546,44,262439
29514,0.000238,172.31.46.0-255,66,45612,44,262439
29515,0.000241,172.217.194.0-255,2833,48445,44,262439
29516,0.000243,172.31.46.0-255,66,48511,44,262439
29517,0.000246,172.217.194.0-255,99,48610,44,262439
29518,0.000248,172.31.46.0-255,66,48676,44,262439
29519,0.000298,172.217.194.0-255,1484,50160,44,262439
29520,0.000303,172.217.194.0-255,2902,53062,44,262439
29521,0.000327,172.217.194.0-255,4320,57382,44,262439
29522,0.000343,172.217.194.0-255,2902,60284,44,262439
29523,0.000373,172.217.194.0-255,1484,61768,44,262439
29524,0.000418,172.217.194.0-255,1484,63252,44,262439
29525,0.000433,172.217.194.0-255,4320,67572,44,262439
29526,0.000444,172.217.194.0-255,2840,70412,44,262439
29527,0.000537,172.31.46.0-255,66,70478,44,262439
29528,0.00057,172.217.194.0-255,1484,71962,44,262439
29529,0.000576,172.217.194.0-255,2902,74864,44,262439
29530,0.000591,172.217.194.0-255,4320,79184,44,262439
29531,0.000604,172.217.194.0-255,1484,80668,44,262439
29532,0.000606,172.31.46.0-255,66,80734,44,262439
29533,0.00062,172.217.194.0-255,5738,86472,44,262439
29534,0.000645,172.217.194.0-255,7156,93628,44,262439
29535,0.000666,172.31.46.0-255,66,93694,44,262439
29536,0.000669,172.217.194.0-255,1484,95178,44,262439
29537,0.000688,172.217.194.0-255,2902,98080,44,262439
29538,0.000696,172.31.46.0-255,66,98146,44,262439
29539,0.000708,172.217.194.0-255,5738,103884,44,262439
29540,0.000732,172.31.46.0-255,66,103950,44,262439
29541,0.000737,172.217.194.0-255,4320,108270,44,262439
29542,0.000742,172.31.46.0-255,66,108336,44,262439
29543,0.000781,172.217.194.0-255,766,109102,44,262439
29544,0.000805,172.31.46.0-255,66,109168,44,262439
29545,0.000924,172.217.194.0-255,1484,110652,44,262439
29546,0.000929,172.217.194.0-255,2902,113554,44,262439
29547,0.000931,172.217.194.0-255,1484,115038,44,262439
29548,0.000943,172.217.194.0-255,4320,119358,44,262439
29549,0.000946,172.31.46.0-255,66,119424,44,262439
29550,0.00095,172.31.46.0-255,66,119490,44,262439
29551,0.00099,172.31.46.0-255,66,119556,44,262439
29552,0.000996,172.217.194.0-255,1484,121040,44,262439
29553,0.001013,172.31.46.0-255,66,121106,44,262439
29554,0.001024,172.217.194.0-255,2184,123290,44,262439
29555,0.001045,172.31.46.0-255,66,123356,44,262439
29556,0.001084,172.217.194.0-255,2902,126258,44,262439
29557,0.001088,172.217.194.0-255,2902,129160,44,262439
29558,0.001098,172.217.194.0-255,1484,130644,44,262439
29559,0.001106,172.31.46.0-255,66,130710,44,262439
29560,0.001178,172.217.194.0-255,5738,136448,44,262439
29561,0.001192,172.217.194.0-255,2902,139350,44,262439
29562,0.001218,172.31.46.0-255,66,139416,44,262439
29563,0.001284,172.217.194.0-255,1484,140900,44,262439
29564,0.001289,172.217.194.0-255,2902,143802,44,262439
29565,0.001296,172.31.46.0-255,66,143868,44,262439
29566,0.001323,172.217.194.0-255,5738,149606,44,262439
29567,0.00133,172.217.194.0-255,7156,156762,44,262439
29568,0.001336,172.31.46.0-255,66,156828,44,262439
29569,0.001349,172.217.194.0-255,5738,162566,44,262439
29570,0.001371,172.31.46.0-255,66,162632,44,262439
29571,0.001389,172.217.194.0-255,2902,165534,44,262439
29572,0.001399,172.31.46.0-255,66,165600,44,262439
29573,0.001414,172.217.194.0-255,5738,171338,44,262439
29574,0.001419,172.217.194.0-255,4320,175658,44,262439
29575,0.001435,172.217.194.0-255,5738,181396,44,262439
29576,0.001446,172.31.46.0-255,66,181462,44,262439
29577,0.001454,172.217.194.0-255,4320,185782,44,262439
29578,0.001459,172.31.46.0-255,66,185848,44,262439
29579,0.001501,172.217.194.0-255,2184,188032,44,262439
29580,0.001516,172.217.194.0-255,1484,189516,44,262439
29581,0.00152,172.217.194.0-255,2902,192418,44,262439
29582,0.001533,172.217.194.0-255,5738,198156,44,262439
29583,0.001577,172.217.194.0-255,4320,202476,44,262439
29584,0.001591,172.217.194.0-255,1484,203960,44,262439
29585,0.001608,172.217.194.0-255,4320,208280,44,262439
29586,0.001618,172.217.194.0-255,2902,211182,44,262439
29587,0.001636,172.217.194.0-255,2184,213366,44,262439
29588,0.001647,172.217.194.0-255,2902,216268,44,262439
29589,0.001683,172.217.194.0-255,7156,223424,44,262439
29590,0.00171,172.217.194.0-255,5738,229162,44,262439
29591,0.001727,172.217.194.0-255,7156,236318,44,262439
29592,0.001754,172.217.194.0-255,5738,242056,44,262439
29593,0.001788,172.217.194.0-255,5738,247794,44,262439
29594,0.00182,172.217.194.0-255,4320,252114,44,262439
29595,0.001841,172.217.194.0-255,752,252866,44,262439
29596,0.001843,172.217.194.0-255,105,252971,44,262439
29597,0.007212,172.31.46.0-255,66,253037,44,262439
29598,0.01039,172.31.46.0-255,105,253142,44,262439
29599,0.012699,172.217.194.0-255,66,253208,44,262439
29600,0.034183,172.31.46.0-255,211,253419,44,262439
29601,0.034212,172.31.46.0-255,1114,254533,44,262439
29602,0.034287,172.31.46.0-255,1514,256047,44,262439
29603,0.034288,172.31.46.0-255,1514,257561,44,262439
29604,0.034293,172.31.46.0-255,1514,259075,44,262439
29605,0.034294,172.31.46.0-255,1514,260589,44,262439
29606,0.034311,172.31.46.0-255,1514,262103,44,262439
29607,0.034312,172.31.46.0-255,72,262175,44,262439
29608,0.035725,104.244.42.0-255,66,262241,44,262439
29609,0.035774,104.244.42.0-255,66,262307,44,262439
29610,0.035819,104.244.42.0-255,66,262373,44,262439
29611,0.035863,104.244.42.0-255,66,262439,44,262439
29612,0.0,172.217.194.0-255,153,153,44,219180
29613,2.4e-05,172.31.46.0-255,66,219,44,219180
29614,3.1e-05,172.217.194.0-255,1484,1703,44,219180
29615,3.5e-05,172.31.46.0-255,66,1769,44,219180
29616,4.1e-05,172.217.194.0-255,2902,4671,44,219180
29617,4.4e-05,172.31.46.0-255,66,4737,44,219180
29618,5.2e-05,172.217.194.0-255,7156,11893,44,219180
29619,5.4e-05,172.31.46.0-255,66,11959,44,219180
29620,7.8e-05,172.217.194.0-255,2074,14033,44,219180
29621,8.1e-05,172.31.46.0-255,66,14099,44,219180
29622,8.6e-05,172.217.194.0-255,2902,17001,44,219180
29623,8.8e-05,172.31.46.0-255,66,17067,44,219180
29624,0.000111,172.217.194.0-255,7156,24223,44,219180
29625,0.000113,172.31.46.0-255,66,24289,44,219180
29626,0.000117,172.217.194.0-255,2902,27191,44,219180
29627,0.000119,172.31.46.0-255,66,27257,44,219180
29628,0.000155,172.31.46.0-255,66,27323,44,219180
29629,0.000182,172.31.46.0-255,66,27389,44,219180
29630,0.000279,172.217.194.0-255,1484,28873,44,219180
29631,0.000283,172.31.46.0-255,66,28939,44,219180
29632,0.00032,172.217.194.0-255,2902,31841,44,219180
29633,0.000322,172.31.46.0-255,66,31907,44,219180
29634,0.000328,172.217.194.0-255,5738,37645,44,219180
29635,0.000331,172.31.46.0-255,66,37711,44,219180
29636,0.000338,172.217.194.0-255,6797,44508,44,219180
29637,0.00034,172.31.46.0-255,66,44574,44,219180
29638,0.00036,172.217.194.0-255,645,45219,44,219180
29639,0.000362,172.31.46.0-255,66,45285,44,219180
29640,0.000391,172.217.194.0-255,1484,46769,44,219180
29641,0.000393,172.31.46.0-255,66,46835,44,219180
29642,0.000415,172.217.194.0-255,4320,51155,44,219180
29643,0.000418,172.31.46.0-255,66,51221,44,219180
29644,0.000423,172.217.194.0-255,4320,55541,44,219180
29645,0.000425,172.31.46.0-255,66,55607,44,219180
29646,0.00045,172.217.194.0-255,1484,57091,44,219180
29647,0.00048,172.31.46.0-255,66,57157,44,219180
29648,0.000488,172.217.194.0-255,7156,64313,44,219180
29649,0.000491,172.31.46.0-255,66,64379,44,219180
29650,0.000505,172.217.194.0-255,4831,69210,44,219180
29651,0.000508,172.31.46.0-255,66,69276,44,219180
29652,0.000563,172.217.194.0-255,1484,70760,44,219180
29653,0.000583,172.217.194.0-255,2902,73662,44,219180
29654,0.000586,172.31.46.0-255,66,73728,44,219180
29655,0.0006,172.217.194.0-255,2902,76630,44,219180
29656,0.000603,172.31.46.0-255,66,76696,44,219180
29657,0.000623,172.217.194.0-255,2902,79598,44,219180
29658,0.000625,172.31.46.0-255,66,79664,44,219180
29659,0.00064,172.31.46.0-255,66,79730,44,219180
29660,0.000646,172.217.194.0-255,5738,85468,44,219180
29661,0.00065,172.31.46.0-255,66,85534,44,219180
29662,0.000688,172.217.194.0-255,5020,90554,44,219180
29663,0.00069,172.31.46.0-255,66,90620,44,219180
29664,0.001016,172.217.194.0-255,1484,92104,44,219180
29665,0.001021,172.217.194.0-255,1484,93588,44,219180
29666,0.001024,172.31.46.0-255,66,93654,44,219180
29667,0.001038,172.217.194.0-255,1484,95138,44,219180
29668,0.001045,172.217.194.0-255,5738,100876,44,219180
29669,0.001048,172.31.46.0-255,66,100942,44,219180
29670,0.001054,172.217.194.0-255,4320,105262,44,219180
29671,0.001056,172.31.46.0-255,66,105328,44,219180
29672,0.001083,172.31.46.0-255,66,105394,44,219180
29673,0.001086,172.217.194.0-255,1484,106878,44,219180
29674,0.00111,172.31.46.0-255,66,106944,44,219180
29675,0.001198,172.217.194.0-255,1484,108428,44,219180
29676,0.001211,172.217.194.0-255,2902,111330,44,219180
29677,0.001215,172.31.46.0-255,66,111396,44,219180
29678,0.001219,172.217.194.0-255,1484,112880,44,219180
29679,0.001243,172.217.194.0-255,4320,117200,44,219180
29680,0.001246,172.31.46.0-255,66,117266,44,219180
29681,0.001256,172.31.46.0-255,66,117332,44,219180
29682,0.001292,172.217.194.0-255,5738,123070,44,219180
29683,0.001296,172.31.46.0-255,66,123136,44,219180
29684,0.001326,172.31.46.0-255,66,123202,44,219180
29685,0.001523,172.217.194.0-255,1484,124686,44,219180
29686,0.001529,172.217.194.0-255,2902,127588,44,219180
29687,0.001532,172.31.46.0-255,66,127654,44,219180
29688,0.001537,172.217.194.0-255,1484,129138,44,219180
29689,0.001554,172.217.194.0-255,1484,130622,44,219180
29690,0.001561,172.217.194.0-255,7156,137778,44,219180
29691,0.001565,172.31.46.0-255,66,137844,44,219180
29692,0.001572,172.31.46.0-255,66,137910,44,219180
29693,0.001575,172.217.194.0-255,1484,139394,44,219180
29694,0.001611,172.31.46.0-255,66,139460,44,219180
29695,0.001616,172.217.194.0-255,3602,143062,44,219180
29696,0.00162,172.31.46.0-255,66,143128,44,219180
29697,0.001806,172.217.194.0-255,1484,144612,44,219180
29698,0.001811,172.217.194.0-255,1484,146096,44,219180
29699,0.001814,172.31.46.0-255,66,146162,44,219180
29700,0.001832,172.217.194.0-255,1484,147646,44,219180
29701,0.001835,172.217.194.0-255,1484,149130,44,219180
29702,0.001839,172.31.46.0-255,66,149196,44,219180
29703,0.001862,172.217.194.0-255,4320,153516,44,219180
29704,0.001864,172.31.46.0-255,66,153582,44,219180
29705,0.00187,172.217.194.0-255,4320,157902,44,219180
29706,0.001872,172.31.46.0-255,66,157968,44,219180
29707,0.001884,172.217.194.0-255,4320,162288,44,219180
29708,0.001887,172.31.46.0-255,66,162354,44,219180
29709,0.001906,172.217.194.0-255,7156,169510,44,219180
29710,0.001909,172.31.46.0-255,66,169576,44,219180
29711,0.001919,172.31.46.0-255,66,169642,44,219180
29712,0.001946,172.217.194.0-255,1484,171126,44,219180
29713,0.00196,172.217.194.0-255,2902,174028,44,219180
29714,0.001962,172.31.46.0-255,66,174094,44,219180
29715,0.001983,172.217.194.0-255,5738,179832,44,219180
29716,0.001986,172.31.46.0-255,66,179898,44,219180
29717,0.002016,172.31.46.0-255,66,179964,44,219180
29718,0.00204,172.217.194.0-255,4320,184284,44,219180
29719,0.002042,172.31.46.0-255,66,184350,44,219180
29720,0.002074,172.31.46.0-255,66,184416,44,219180
29721,0.002086,172.31.46.0-255,66,184482,44,219180
29722,0.002143,172.31.46.0-255,66,184548,44,219180
29723,0.002167,172.217.194.0-255,2184,186732,44,219180
29724,0.002169,172.31.46.0-255,66,186798,44,219180
29725,0.002183,172.31.46.0-255,66,186864,44,219180
29726,0.002194,172.31.46.0-255,66,186930,44,219180
29727,0.002217,172.217.194.0-255,4320,191250,44,219180
29728,0.00222,172.31.46.0-255,66,191316,44,219180
29729,0.002232,172.31.46.0-255,66,191382,44,219180
29730,0.002238,172.217.194.0-255,4320,195702,44,219180
29731,0.00224,172.31.46.0-255,66,195768,44,219180
29732,0.00227,172.217.194.0-255,7156,202924,44,219180
29733,0.002272,172.31.46.0-255,66,202990,44,219180
29734,0.002279,172.217.194.0-255,6316,209306,44,219180
29735,0.002281,172.31.46.0-255,66,209372,44,219180
29736,0.002284,172.217.194.0-255,105,209477,44,219180
29737,0.008666,172.31.46.0-255,101,209578,44,219180
29738,0.00923,172.31.46.0-255,105,209683,44,219180
29739,0.011214,172.217.194.0-255,66,209749,44,219180
29740,0.011799,172.217.194.0-255,66,209815,44,219180
29741,0.047193,172.31.46.0-255,172,209987,44,219180
29742,0.047237,172.31.46.0-255,1114,211101,44,219180
29743,0.047324,172.31.46.0-255,1514,212615,44,219180
29744,0.047326,172.31.46.0-255,1514,214129,44,219180
29745,0.047327,172.31.46.0-255,1514,215643,44,219180
29746,0.047328,172.31.46.0-255,1514,217157,44,219180
29747,0.047329,172.31.46.0-255,1514,218671,44,219180
29748,0.04736,172.31.46.0-255,71,218742,44,219180
29749,0.048726,104.244.42.0-255,66,218808,44,219180
29750,0.048759,104.244.42.0-255,66,218874,44,219180
29751,0.048913,104.244.42.0-255,66,218940,44,219180
29752,0.048921,104.244.42.0-255,66,219006,44,219180
29753,0.049358,104.244.42.0-255,108,219114,44,219180
29754,0.049368,172.31.46.0-255,66,219180,44,219180
29755,0.0,74.125.200.0-255,146,146,44,146011
29756,2.5e-05,172.31.46.0-255,66,212,44,146011
29757,3.2e-05,74.125.200.0-255,1484,1696,44,146011
29758,3.7e-05,172.31.46.0-255,66,1762,44,146011
29759,4.3e-05,74.125.200.0-255,2902,4664,44,146011
29760,4.7e-05,172.31.46.0-255,66,4730,44,146011
29761,7.4e-05,74.125.200.0-255,7156,11886,44,146011
29762,8.9e-05,172.31.46.0-255,66,11952,44,146011
29763,0.000164,74.125.200.0-255,3461,15413,44,146011
29764,0.000167,172.31.46.0-255,66,15479,44,146011
29765,0.00022,74.125.200.0-255,4320,19799,44,146011
29766,0.000223,172.31.46.0-255,66,19865,44,146011
29767,0.00025,172.31.46.0-255,66,19931,44,146011
29768,0.000412,74.125.200.0-255,2543,22474,44,146011
29769,0.000417,172.31.46.0-255,66,22540,44,146011
29770,0.000462,172.31.46.0-255,66,22606,44,146011
29771,0.000602,74.125.200.0-255,5738,28344,44,146011
29772,0.000608,172.31.46.0-255,66,28410,44,146011
29773,0.000633,172.31.46.0-255,66,28476,44,146011
29774,0.000814,74.125.200.0-255,7156,35632,44,146011
29775,0.000819,172.31.46.0-255,66,35698,44,146011
29776,0.000857,172.31.46.0-255,66,35764,44,146011
29777,0.001183,74.125.200.0-255,1125,36889,44,146011
29778,0.001188,172.31.46.0-255,66,36955,44,146011
29779,0.001212,74.125.200.0-255,7156,44111,44,146011
29780,0.001215,172.31.46.0-255,66,44177,44,146011
29781,0.001249,172.31.46.0-255,66,44243,44,146011
29782,0.001512,172.31.46.0-255,66,44309,44,146011
29783,0.001584,172.31.46.0-255,66,44375,44,146011
29784,0.002196,74.125.200.0-255,7156,51531,44,146011
29785,0.002202,172.31.46.0-255,66,51597,44,146011
29786,0.002275,74.125.200.0-255,1484,53081,44,146011
29787,0.005941,172.31.46.0-255,66,53147,44,146011
29788,0.007996,74.125.200.0-255,5738,58885,44,146011
29789,0.008008,172.31.46.0-255,66,58951,44,146011
29790,0.010066,74.125.200.0-255,5738,64689,44,146011
29791,0.014566,172.31.46.0-255,66,64755,44,146011
29792,0.016632,74.125.200.0-255,5738,70493,44,146011
29793,0.016652,172.31.46.0-255,66,70559,44,146011
29794,0.01875,74.125.200.0-255,5738,76297,44,146011
29795,0.01877,172.31.46.0-255,66,76363,44,146011
29796,0.020848,74.125.200.0-255,5738,82101,44,146011
29797,0.020864,172.31.46.0-255,66,82167,44,146011
29798,0.022938,74.125.200.0-255,5738,87905,44,146011
29799,0.027295,172.31.46.0-255,66,87971,44,146011
29800,0.029366,74.125.200.0-255,5738,93709,44,146011
29801,0.029384,172.31.46.0-255,66,93775,44,146011
29802,0.031446,74.125.200.0-255,5738,99513,44,146011
29803,0.031463,172.31.46.0-255,66,99579,44,146011
29804,0.033514,74.125.200.0-255,5738,105317,44,146011
29805,0.033526,172.31.46.0-255,66,105383,44,146011
29806,0.035586,74.125.200.0-255,5738,111121,44,146011
29807,0.035604,172.31.46.0-255,66,111187,44,146011
29808,0.037672,74.125.200.0-255,5738,116925,44,146011
29809,0.037691,172.31.46.0-255,66,116991,44,146011
29810,0.039742,74.125.200.0-255,5738,122729,44,146011
29811,0.039757,172.31.46.0-255,66,122795,44,146011
29812,0.041835,74.125.200.0-255,5738,128533,44,146011
29813,0.041855,172.31.46.0-255,66,128599,44,146011
29814,0.043905,74.125.200.0-255,5738,134337,44,146011
29815,0.043916,172.31.46.0-255,66,134403,44,146011
29816,0.045997,74.125.200.0-255,5738,140141,44,146011
29817,0.046018,172.31.46.0-255,66,140207,44,146011
29818,0.048066,74.125.200.0-255,5738,145945,44,146011
29819,0.04808,172.31.46.0-255,66,146011,44,146011
29820,0.0,172.31.46.0-255,105,105,44,459
29821,0.000147,172.31.46.0-255,90,195,44,459
29822,0.000157,172.31.46.0-255,66,261,44,459
29823,0.002403,74.125.24.0-255,66,327,44,459
29824,0.002429,74.125.24.0-255,66,393,44,459
29825,0.00245,172.31.46.0-255,66,459,44,459
29826,0.0,74.125.24.0-255,153,153,44,258075
29827,1.7e-05,172.31.46.0-255,66,219,44,258075
29828,2.3e-05,74.125.24.0-255,1484,1703,44,258075
29829,2.8e-05,172.31.46.0-255,66,1769,44,258075
29830,3.3e-05,74.125.24.0-255,2902,4671,44,258075
29831,4.2e-05,172.31.46.0-255,66,4737,44,258075
29832,4.8e-05,74.125.24.0-255,4320,9057,44,258075
29833,5.1e-05,172.31.46.0-255,66,9123,44,258075
29834,9.7e-05,74.125.24.0-255,4927,14050,44,258075
29835,0.0001,172.31.46.0-255,66,14116,44,258075
29836,0.000607,74.125.24.0-255,1484,15600,44,258075
29837,0.000615,172.31.46.0-255,66,15666,44,258075
29838,0.000623,74.125.24.0-255,2902,18568,44,258075
29839,0.000626,172.31.46.0-255,66,18634,44,258075
29840,0.000638,74.125.24.0-255,5738,24372,44,258075
29841,0.000641,172.31.46.0-255,66,24438,44,258075
29842,0.000691,74.125.24.0-255,6797,31235,44,258075
29843,0.000695,172.31.46.0-255,66,31301,44,258075
29844,0.00073,74.125.24.0-255,2902,34203,44,258075
29845,0.000732,172.31.46.0-255,66,34269,44,258075
29846,0.000738,74.125.24.0-255,4320,38589,44,258075
29847,0.000741,172.31.46.0-255,66,38655,44,258075
29848,0.000789,74.125.24.0-255,5738,44393,44,258075
29849,0.000793,172.31.46.0-255,66,44459,44,258075
29850,0.000836,74.125.24.0-255,3961,48420,44,258075
29851,0.000841,172.31.46.0-255,66,48486,44,258075
29852,0.000942,74.125.24.0-255,1484,49970,44,258075
29853,0.000946,172.31.46.0-255,66,50036,44,258075
29854,0.000952,74.125.24.0-255,2902,52938,44,258075
29855,0.000954,172.31.46.0-255,66,53004,44,258075
29856,0.000982,74.125.24.0-255,5738,58742,44,258075
29857,0.000986,172.31.46.0-255,66,58808,44,258075
29858,0.000993,74.125.24.0-255,6797,65605,44,258075
29859,0.000995,172.31.46.0-255,66,65671,44,258075
29860,0.001264,74.125.24.0-255,645,66316,44,258075
29861,0.0014,74.125.24.0-255,1484,67800,44,258075
29862,0.001405,172.31.46.0-255,66,67866,44,258075
29863,0.001411,74.125.24.0-255,2902,70768,44,258075
29864,0.001414,172.31.46.0-255,66,70834,44,258075
29865,0.001418,74.125.24.0-255,2902,73736,44,258075
29866,0.001426,172.31.46.0-255,66,73802,44,258075
29867,0.001453,74.125.24.0-255,2902,76704,44,258075
29868,0.001455,172.31.46.0-255,66,76770,44,258075
29869,0.001474,172.31.46.0-255,66,76836,44,258075
29870,0.001486,172.31.46.0-255,66,76902,44,258075
29871,0.001489,74.125.24.0-255,766,77668,44,258075
29872,0.001965,74.125.24.0-255,1484,79152,44,258075
29873,0.001968,172.31.46.0-255,66,79218,44,258075
29874,0.001995,74.125.24.0-255,2902,82120,44,258075
29875,0.001998,172.31.46.0-255,66,82186,44,258075
29876,0.002003,74.125.24.0-255,4320,86506,44,258075
29877,0.002005,172.31.46.0-255,66,86572,44,258075
29878,0.002012,74.125.24.0-255,5738,92310,44,258075
29879,0.002014,172.31.46.0-255,66,92376,44,258075
29880,0.002053,74.125.24.0-255,2902,95278,44,258075
29881,0.002055,172.31.46.0-255,66,95344,44,258075
29882,0.002077,172.31.46.0-255,66,95410,44,258075
29883,0.002104,74.125.24.0-255,1484,96894,44,258075
29884,0.002108,74.125.24.0-255,2902,99796,44,258075
29885,0.00211,172.31.46.0-255,66,99862,44,258075
29886,0.002113,74.125.24.0-255,1484,101346,44,258075
29887,0.002142,74.125.24.0-255,4320,105666,44,258075
29888,0.002144,172.31.46.0-255,66,105732,44,258075
29889,0.002151,74.125.24.0-255,5738,111470,44,258075
29890,0.002154,172.31.46.0-255,66,111536,44,258075
29891,0.002204,172.31.46.0-255,66,111602,44,258075
29892,0.002206,74.125.24.0-255,766,112368,44,258075
29893,0.002239,74.125.24.0-255,1484,113852,44,258075
29894,0.002242,172.31.46.0-255,66,113918,44,258075
29895,0.002268,74.125.24.0-255,2902,116820,44,258075
29896,0.002271,172.31.46.0-255,66,116886,44,258075
29897,0.002278,74.125.24.0-255,5738,122624,44,258075
29898,0.00228,172.31.46.0-255,66,122690,44,258075
29899,0.002316,74.125.24.0-255,4320,127010,44,258075
29900,0.002318,172.31.46.0-255,66,127076,44,258075
29901,0.002325,74.125.24.0-255,5738,132814,44,258075
29902,0.002327,172.31.46.0-255,66,132880,44,258075
29903,0.002343,172.31.46.0-255,66,132946,44,258075
29904,0.002347,74.125.24.0-255,2184,135130,44,258075
29905,0.00235,172.31.46.0-255,66,135196,44,258075
29906,0.004715,74.125.24.0-255,5738,140934,44,258075
29907,0.004721,172.31.46.0-255,66,141000,44,258075
29908,0.007132,74.125.24.0-255,5738,146738,44,258075
29909,0.007138,172.31.46.0-255,66,146804,44,258075
29910,0.009472,74.125.24.0-255,5738,152542,44,258075
29911,0.009479,172.31.46.0-255,66,152608,44,258075
29912,0.011834,74.125.24.0-255,5738,158346,44,258075
29913,0.011841,172.31.46.0-255,66,158412,44,258075
29914,0.014183,74.125.24.0-255,4320,162732,44,258075
29915,0.014191,172.31.46.0-255,66,162798,44,258075
29916,0.014223,74.125.24.0-255,1484,164282,44,258075
29917,0.016558,74.125.24.0-255,4320,168602,44,258075
29918,0.016566,172.31.46.0-255,66,168668,44,258075
29919,0.018903,74.125.24.0-255,5738,174406,44,258075
29920,0.018914,172.31.46.0-255,66,174472,44,258075
29921,0.021287,74.125.24.0-255,5738,180210,44,258075
29922,0.021295,172.31.46.0-255,66,180276,44,258075
29923,0.02368,74.125.24.0-255,5738,186014,44,258075
29924,0.023687,172.31.46.0-255,66,186080,44,258075
29925,0.02607,74.125.24.0-255,5738,191818,44,258075
29926,0.026078,172.31.46.0-255,66,191884,44,258075
29927,0.028463,74.125.24.0-255,5738,197622,44,258075
29928,0.028472,172.31.46.0-255,66,197688,44,258075
29929,0.030799,74.125.24.0-255,5738,203426,44,258075
29930,0.030808,172.31.46.0-255,66,203492,44,258075
29931,0.031554,172.31.46.0-255,163,203655,44,258075
29932,0.031584,172.31.46.0-255,1147,204802,44,258075
29933,0.031642,172.31.46.0-255,1514,206316,44,258075
29934,0.031644,172.31.46.0-255,1514,207830,44,258075
29935,0.031645,172.31.46.0-255,1514,209344,44,258075
29936,0.031645,172.31.46.0-255,1514,210858,44,258075
29937,0.031646,172.31.46.0-255,323,211181,44,258075
29938,0.033098,104.244.42.0-255,66,211247,44,258075
29939,0.03314,104.244.42.0-255,66,211313,44,258075
29940,0.033159,74.125.24.0-255,2902,214215,44,258075
29941,0.033164,172.31.46.0-255,66,214281,44,258075
29942,0.033191,104.244.42.0-255,66,214347,44,258075
29943,0.033198,74.125.24.0-255,2902,217249,44,258075
29944,0.033204,172.31.46.0-255,66,217315,44,258075
29945,0.035537,74.125.24.0-255,2902,220217,44,258075
29946,0.035544,172.31.46.0-255,66,220283,44,258075
29947,0.035579,74.125.24.0-255,2902,223185,44,258075
29948,0.035581,172.31.46.0-255,66,223251,44,258075
29949,0.037934,74.125.24.0-255,5738,228989,44,258075
29950,0.03794,172.31.46.0-255,66,229055,44,258075
29951,0.040316,74.125.24.0-255,5738,234793,44,258075
29952,0.040322,172.31.46.0-255,66,234859,44,258075
29953,0.042706,74.125.24.0-255,5738,240597,44,258075
29954,0.042712,172.31.46.0-255,66,240663,44,258075
29955,0.045082,74.125.24.0-255,5738,246401,44,258075
29956,0.045089,172.31.46.0-255,66,246467,44,258075
29957,0.04743,74.125.24.0-255,5738,252205,44,258075
29958,0.047437,172.31.46.0-255,66,252271,44,258075
29959,0.049842,74.125.24.0-255,5738,258009,44,258075
29960,0.049849,172.31.46.0-255,66,258075,44,258075
29961,0.0,74.125.24.0-255,156,156,44,203467
29962,2.3e-05,172.31.46.0-255,66,222,44,203467
29963,3e-05,74.125.24.0-255,1484,1706,44,203467
29964,3.6e-05,172.31.46.0-255,66,1772,44,203467
29965,4.2e-05,74.125.24.0-255,2902,4674,44,203467
29966,4.5e-05,172.31.46.0-255,66,4740,44,203467
29967,5.2e-05,74.125.24.0-255,7156,11896,44,203467
29968,5.5e-05,172.31.46.0-255,66,11962,44,203467
29969,7.5e-05,74.125.24.0-255,4320,16282,44,203467
29970,7.8e-05,172.31.46.0-255,66,16348,44,203467
29971,0.000103,74.125.24.0-255,3558,19906,44,203467
29972,0.000106,172.31.46.0-255,66,19972,44,203467
29973,0.000139,74.125.24.0-255,7156,27128,44,203467
29974,0.000142,172.31.46.0-255,66,27194,44,203467
29975,0.000163,74.125.24.0-255,3961,31155,44,203467
29976,0.000165,172.31.46.0-255,66,31221,44,203467
29977,0.000217,74.125.24.0-255,5738,36959,44,203467
29978,0.00022,172.31.46.0-255,66,37025,44,203467
29979,0.000238,74.125.24.0-255,5738,42763,44,203467
29980,0.00024,172.31.46.0-255,66,42829,44,203467
29981,0.000311,74.125.24.0-255,5738,48567,44,203467
29982,0.000315,172.31.46.0-255,66,48633,44,203467
29983,0.00034,74.125.24.0-255,7156,55789,44,203467
29984,0.000342,172.31.46.0-255,66,55855,44,203467
29985,0.000374,172.31.46.0-255,66,55921,44,203467
29986,0.000462,74.125.24.0-255,5738,61659,44,203467
29987,0.000466,172.31.46.0-255,66,61725,44,203467
29988,0.000501,172.31.46.0-255,66,61791,44,203467
29989,0.000583,74.125.24.0-255,1484,63275,44,203467
29990,0.000588,74.125.24.0-255,2902,66177,44,203467
29991,0.000592,172.31.46.0-255,66,66243,44,203467
29992,0.000596,172.31.46.0-255,66,66309,44,203467
29993,0.000629,74.125.24.0-255,5738,72047,44,203467
29994,0.000632,172.31.46.0-255,66,72113,44,203467
29995,0.000676,172.31.46.0-255,66,72179,44,203467
29996,0.000755,172.31.46.0-255,66,72245,44,203467
29997,0.000775,74.125.24.0-255,2184,74429,44,203467
29998,0.000777,172.31.46.0-255,66,74495,44,203467
29999,0.001583,74.125.24.0-255,1484,75979,44,203467
30000,0.00159,74.125.24.0-255,2902,78881,44,203467
30001,0.001594,172.31.46.0-255,66,78947,44,203467
30002,0.001599,74.125.24.0-255,2902,81849,44,203467
30003,0.001601,172.31.46.0-255,66,81915,44,203467
30004,0.001616,74.125.24.0-255,2902,84817,44,203467
30005,0.001618,172.31.46.0-255,66,84883,44,203467
30006,0.001653,74.125.24.0-255,2902,87785,44,203467
30007,0.001655,172.31.46.0-255,66,87851,44,203467
30008,0.001678,172.31.46.0-255,66,87917,44,203467
30009,0.001738,74.125.24.0-255,4320,92237,44,203467
30010,0.001741,172.31.46.0-255,66,92303,44,203467
30011,0.001773,172.31.46.0-255,66,92369,44,203467
30012,0.001845,74.125.24.0-255,5738,98107,44,203467
30013,0.001849,172.31.46.0-255,66,98173,44,203467
30014,0.001871,74.125.24.0-255,4320,102493,44,203467
30015,0.001874,172.31.46.0-255,66,102559,44,203467
30016,0.001918,74.125.24.0-255,2184,104743,44,203467
30017,0.001921,172.31.46.0-255,66,104809,44,203467
30018,0.001994,74.125.24.0-255,1484,106293,44,203467
30019,0.002008,74.125.24.0-255,2902,109195,44,203467
30020,0.002011,172.31.46.0-255,66,109261,44,203467
30021,0.002027,74.125.24.0-255,2902,112163,44,203467
30022,0.002031,172.31.46.0-255,66,112229,44,203467
30023,0.002039,74.125.24.0-255,1484,113713,44,203467
30024,0.002065,74.125.24.0-255,5738,119451,44,203467
30025,0.002067,172.31.46.0-255,66,119517,44,203467
30026,0.002088,74.125.24.0-255,1484,121001,44,203467
30027,0.002092,74.125.24.0-255,1484,122485,44,203467
30028,0.002096,172.31.46.0-255,66,122551,44,203467
30029,0.002134,74.125.24.0-255,7156,129707,44,203467
30030,0.002137,172.31.46.0-255,66,129773,44,203467
30031,0.002156,74.125.24.0-255,1484,131257,44,203467
30032,0.002179,74.125.24.0-255,5738,136995,44,203467
30033,0.002182,172.31.46.0-255,66,137061,44,203467
30034,0.002209,74.125.24.0-255,1484,138545,44,203467
30035,0.002235,172.31.46.0-255,66,138611,44,203467
30036,0.002254,74.125.24.0-255,2184,140795,44,203467
30037,0.002256,172.31.46.0-255,66,140861,44,203467
30038,0.002324,74.125.24.0-255,7156,148017,44,203467
30039,0.002326,172.31.46.0-255,66,148083,44,203467
30040,0.002356,172.31.46.0-255,66,148149,44,203467
30041,0.002488,74.125.24.0-255,2902,151051,44,203467
30042,0.002491,172.31.46.0-255,66,151117,44,203467
30043,0.00252,172.31.46.0-255,66,151183,44,203467
30044,0.002625,172.31.46.0-255,66,151249,44,203467
30045,0.002694,74.125.24.0-255,1484,152733,44,203467
30046,0.002716,74.125.24.0-255,6438,159171,44,203467
30047,0.002719,172.31.46.0-255,66,159237,44,203467
30048,0.002746,74.125.24.0-255,1484,160721,44,203467
30049,0.002769,172.31.46.0-255,66,160787,44,203467
30050,0.002854,74.125.24.0-255,2902,163689,44,203467
30051,0.002857,172.31.46.0-255,66,163755,44,203467
30052,0.002885,172.31.46.0-255,66,163821,44,203467
30053,0.002944,74.125.24.0-255,5738,169559,44,203467
30054,0.002948,172.31.46.0-255,66,169625,44,203467
30055,0.00302,172.31.46.0-255,66,169691,44,203467
30056,0.003039,74.125.24.0-255,7138,176829,44,203467
30057,0.003042,172.31.46.0-255,66,176895,44,203467
30058,0.003343,172.31.46.0-255,66,176961,44,203467
30059,0.003367,74.125.24.0-255,6438,183399,44,203467
30060,0.003371,172.31.46.0-255,66,183465,44,203467
30061,0.003464,74.125.24.0-255,7156,190621,44,203467
30062,0.003468,172.31.46.0-255,66,190687,44,203467
30063,0.003511,172.31.46.0-255,66,190753,44,203467
30064,0.00371,74.125.24.0-255,3287,194040,44,203467
30065,0.003718,172.31.46.0-255,66,194106,44,203467
30066,0.011118,172.31.46.0-255,105,194211,44,203467
30067,0.013081,74.125.24.0-255,66,194277,44,203467
30068,0.033962,172.31.46.0-255,172,194449,44,203467
30069,0.033996,172.31.46.0-255,1114,195563,44,203467
30070,0.034064,172.31.46.0-255,1514,197077,44,203467
30071,0.034066,172.31.46.0-255,1514,198591,44,203467
30072,0.034067,172.31.46.0-255,1514,200105,44,203467
30073,0.034072,172.31.46.0-255,1514,201619,44,203467
30074,0.034073,172.31.46.0-255,1514,203133,44,203467
30075,0.034074,172.31.46.0-255,70,203203,44,203467
30076,0.035494,104.244.42.0-255,66,203269,44,203467
30077,0.035549,104.244.42.0-255,66,203335,44,203467
30078,0.035648,104.244.42.0-255,66,203401,44,203467
30079,0.035653,104.244.42.0-255,66,203467,44,203467
30080,0.0,172.217.194.0-255,152,152,44,158186
30081,1.5e-05,172.31.46.0-255,66,218,44,158186
30082,2.1e-05,172.217.194.0-255,1484,1702,44,158186
30083,2.6e-05,172.31.46.0-255,66,1768,44,158186
30084,3.1e-05,172.217.194.0-255,2902,4670,44,158186
30085,4.1e-05,172.31.46.0-255,66,4736,44,158186
30086,4.8e-05,172.217.194.0-255,7156,11892,44,158186
30087,5.1e-05,172.31.46.0-255,66,11958,44,158186
30088,5.5e-05,172.217.194.0-255,1939,13897,44,158186
30089,5.7e-05,172.31.46.0-255,66,13963,44,158186
30090,9.9e-05,172.217.194.0-255,5738,19701,44,158186
30091,0.000102,172.31.46.0-255,66,19767,44,158186
30092,0.000132,172.217.194.0-255,5738,25505,44,158186
30093,0.000134,172.31.46.0-255,66,25571,44,158186
30094,0.000164,172.217.194.0-255,5379,30950,44,158186
30095,0.000166,172.31.46.0-255,66,31016,44,158186
30096,0.000171,172.217.194.0-255,5738,36754,44,158186
30097,0.000173,172.31.46.0-255,66,36820,44,158186
30098,0.000204,172.31.46.0-255,66,36886,44,158186
30099,0.000227,172.217.194.0-255,2543,39429,44,158186
30100,0.000229,172.31.46.0-255,66,39495,44,158186
30101,0.000232,172.217.194.0-255,1484,40979,44,158186
30102,0.000233,172.31.46.0-255,66,41045,44,158186
30103,0.000255,172.217.194.0-255,5738,46783,44,158186
30104,0.000257,172.31.46.0-255,66,46849,44,158186
30105,0.000287,172.31.46.0-255,66,46915,44,158186
30106,0.000292,172.217.194.0-255,365,47280,44,158186
30107,0.000294,172.31.46.0-255,66,47346,44,158186
30108,0.000511,172.217.194.0-255,1484,48830,44,158186
30109,0.000516,172.31.46.0-255,66,48896,44,158186
30110,0.000522,172.217.194.0-255,2902,51798,44,158186
30111,0.000524,172.31.46.0-255,66,51864,44,158186
30112,0.00053,172.217.194.0-255,5738,57602,44,158186
30113,0.000537,172.31.46.0-255,66,57668,44,158186
30114,0.000587,172.31.46.0-255,66,57734,44,158186
30115,0.000596,172.31.46.0-255,66,57800,44,158186
30116,0.000602,172.217.194.0-255,766,58566,44,158186
30117,0.000832,172.217.194.0-255,1484,60050,44,158186
30118,0.000836,172.31.46.0-255,66,60116,44,158186
30119,0.000841,172.217.194.0-255,2902,63018,44,158186
30120,0.000843,172.31.46.0-255,66,63084,44,158186
30121,0.000853,172.217.194.0-255,5738,68822,44,158186
30122,0.000855,172.31.46.0-255,66,68888,44,158186
30123,0.000859,172.217.194.0-255,2902,71790,44,158186
30124,0.000861,172.31.46.0-255,66,71856,44,158186
30125,0.000888,172.217.194.0-255,7156,79012,44,158186
30126,0.000893,172.31.46.0-255,66,79078,44,158186
30127,0.00092,172.217.194.0-255,2902,81980,44,158186
30128,0.000922,172.31.46.0-255,66,82046,44,158186
30129,0.00095,172.31.46.0-255,66,82112,44,158186
30130,0.001332,172.217.194.0-255,1484,83596,44,158186
30131,0.001339,172.217.194.0-255,2902,86498,44,158186
30132,0.001342,172.31.46.0-255,66,86564,44,158186
30133,0.001377,172.217.194.0-255,5738,92302,44,158186
30134,0.00138,172.31.46.0-255,66,92368,44,158186
30135,0.001387,172.217.194.0-255,7156,99524,44,158186
30136,0.001389,172.31.46.0-255,66,99590,44,158186
30137,0.001394,172.217.194.0-255,2902,102492,44,158186
30138,0.001401,172.31.46.0-255,66,102558,44,158186
30139,0.001444,172.31.46.0-255,66,102624,44,158186
30140,0.001449,172.217.194.0-255,2184,104808,44,158186
30141,0.001451,172.31.46.0-255,66,104874,44,158186
30142,0.001612,172.217.194.0-255,1484,106358,44,158186
30143,0.001618,172.217.194.0-255,2902,109260,44,158186
30144,0.001621,172.31.46.0-255,66,109326,44,158186
30145,0.001655,172.217.194.0-255,5738,115064,44,158186
30146,0.001658,172.31.46.0-255,66,115130,44,158186
30147,0.001677,172.31.46.0-255,66,115196,44,158186
30148,0.001707,172.217.194.0-255,4320,119516,44,158186
30149,0.00171,172.31.46.0-255,66,119582,44,158186
30150,0.001743,172.31.46.0-255,66,119648,44,158186
30151,0.001765,172.217.194.0-255,5020,124668,44,158186
30152,0.001784,172.31.46.0-255,66,124734,44,158186
30153,0.001791,172.217.194.0-255,5738,130472,44,158186
30154,0.001796,172.31.46.0-255,66,130538,44,158186
30155,0.001858,172.217.194.0-255,5738,136276,44,158186
30156,0.001922,172.31.46.0-255,66,136342,44,158186
30157,0.001987,172.217.194.0-255,1484,137826,44,158186
30158,0.001993,172.217.194.0-255,5738,143564,44,158186
30159,0.002026,172.31.46.0-255,66,143630,44,158186
30160,0.002079,172.217.194.0-255,5027,148657,44,158186
30161,0.002082,172.217.194.0-255,105,148762,44,158186
30162,0.002086,172.31.46.0-255,66,148828,44,158186
30163,0.004016,172.31.46.0-255,105,148933,44,158186
30164,0.006306,172.217.194.0-255,66,148999,44,158186
30165,0.033698,172.31.46.0-255,167,149166,44,158186
30166,0.033727,172.31.46.0-255,1113,150279,44,158186
30167,0.033795,172.31.46.0-255,1514,151793,44,158186
30168,0.033797,172.31.46.0-255,1514,153307,44,158186
30169,0.033802,172.31.46.0-255,1514,154821,44,158186
30170,0.033804,172.31.46.0-255,1514,156335,44,158186
30171,0.033821,172.31.46.0-255,1514,157849,44,158186
30172,0.033822,172.31.46.0-255,73,157922,44,158186
30173,0.035225,104.244.42.0-255,66,157988,44,158186
30174,0.035264,104.244.42.0-255,66,158054,44,158186
30175,0.035312,104.244.42.0-255,66,158120,44,158186
30176,0.03536,104.244.42.0-255,66,158186,44,158186
30177,0.0,74.125.24.0-255,152,152,44,252319
30178,1.5e-05,172.31.46.0-255,66,218,44,252319
30179,2.3e-05,74.125.24.0-255,1484,1702,44,252319
30180,2.7e-05,172.31.46.0-255,66,1768,44,252319
30181,3.2e-05,74.125.24.0-255,2902,4670,44,252319
30182,4.3e-05,172.31.46.0-255,66,4736,44,252319
30183,5.2e-05,74.125.24.0-255,7156,11892,44,252319
30184,5.4e-05,172.31.46.0-255,66,11958,44,252319
30185,5.9e-05,74.125.24.0-255,1968,13926,44,252319
30186,6.3e-05,172.31.46.0-255,66,13992,44,252319
30187,7e-05,74.125.24.0-255,4320,18312,44,252319
30188,7.3e-05,172.31.46.0-255,66,18378,44,252319
30189,9.4e-05,74.125.24.0-255,7156,25534,44,252319
30190,0.000102,172.31.46.0-255,66,25600,44,252319
30191,0.000109,74.125.24.0-255,5379,30979,44,252319
30192,0.000111,172.31.46.0-255,66,31045,44,252319
30193,0.00016,74.125.24.0-255,1484,32529,44,252319
30194,0.000162,172.31.46.0-255,66,32595,44,252319
30195,0.000168,74.125.24.0-255,2902,35497,44,252319
30196,0.000169,172.31.46.0-255,66,35563,44,252319
30197,0.000202,74.125.24.0-255,5738,41301,44,252319
30198,0.000205,172.31.46.0-255,66,41367,44,252319
30199,0.000212,74.125.24.0-255,6797,48164,44,252319
30200,0.000214,172.31.46.0-255,66,48230,44,252319
30201,0.000252,74.125.24.0-255,7156,55386,44,252319
30202,0.000255,172.31.46.0-255,66,55452,44,252319
30203,0.000285,74.125.24.0-255,7156,62608,44,252319
30204,0.000288,172.31.46.0-255,66,62674,44,252319
30205,0.000292,74.125.24.0-255,2817,65491,44,252319
30206,0.000294,172.31.46.0-255,66,65557,44,252319
30207,0.000328,74.125.24.0-255,128,65685,44,252319
30208,0.000331,172.31.46.0-255,66,65751,44,252319
30209,0.000465,74.125.24.0-255,1484,67235,44,252319
30210,0.000483,74.125.24.0-255,2902,70137,44,252319
30211,0.000487,172.31.46.0-255,66,70203,44,252319
30212,0.000494,74.125.24.0-255,5738,75941,44,252319
30213,0.000496,172.31.46.0-255,66,76007,44,252319
30214,0.000503,74.125.24.0-255,5738,81745,44,252319
30215,0.000505,172.31.46.0-255,66,81811,44,252319
30216,0.000544,172.31.46.0-255,66,81877,44,252319
30217,0.00058,172.31.46.0-255,66,81943,44,252319
30218,0.000613,74.125.24.0-255,1484,83427,44,252319
30219,0.000627,74.125.24.0-255,2902,86329,44,252319
30220,0.000629,172.31.46.0-255,66,86395,44,252319
30221,0.000635,74.125.24.0-255,4320,90715,44,252319
30222,0.000637,172.31.46.0-255,66,90781,44,252319
30223,0.00067,74.125.24.0-255,1484,92265,44,252319
30224,0.000684,172.31.46.0-255,66,92331,44,252319
30225,0.000717,172.31.46.0-255,66,92397,44,252319
30226,0.000739,74.125.24.0-255,3602,95999,44,252319
30227,0.000742,172.31.46.0-255,66,96065,44,252319
30228,0.000777,172.31.46.0-255,66,96131,44,252319
30229,0.000784,74.125.24.0-255,5738,101869,44,252319
30230,0.000786,172.31.46.0-255,66,101935,44,252319
30231,0.000823,172.31.46.0-255,66,102001,44,252319
30232,0.000852,74.125.24.0-255,6438,108439,44,252319
30233,0.000856,172.31.46.0-255,66,108505,44,252319
30234,0.000864,74.125.24.0-255,7156,115661,44,252319
30235,0.000866,172.31.46.0-255,66,115727,44,252319
30236,0.000884,172.31.46.0-255,66,115793,44,252319
30237,0.000917,74.125.24.0-255,7156,122949,44,252319
30238,0.000919,172.31.46.0-255,66,123015,44,252319
30239,0.000952,172.31.46.0-255,66,123081,44,252319
30240,0.000955,74.125.24.0-255,766,123847,44,252319
30241,0.001707,172.31.46.0-255,101,123948,44,252319
30242,0.003209,74.125.24.0-255,4320,128268,44,252319
30243,0.003222,172.31.46.0-255,66,128334,44,252319
30244,0.003953,74.125.24.0-255,1484,129818,44,252319
30245,0.005448,74.125.24.0-255,4320,134138,44,252319
30246,0.005454,172.31.46.0-255,66,134204,44,252319
30247,0.007688,74.125.24.0-255,5738,139942,44,252319
30248,0.007694,172.31.46.0-255,66,140008,44,252319
30249,0.00994,74.125.24.0-255,5738,145746,44,252319
30250,0.009952,172.31.46.0-255,66,145812,44,252319
30251,0.012207,74.125.24.0-255,5738,151550,44,252319
30252,0.012223,172.31.46.0-255,66,151616,44,252319
30253,0.014485,74.125.24.0-255,5738,157354,44,252319
30254,0.014498,172.31.46.0-255,66,157420,44,252319
30255,0.016804,74.125.24.0-255,5738,163158,44,252319
30256,0.016819,172.31.46.0-255,66,163224,44,252319
30257,0.019064,74.125.24.0-255,5738,168962,44,252319
30258,0.01908,172.31.46.0-255,66,169028,44,252319
30259,0.021317,74.125.24.0-255,5738,174766,44,252319
30260,0.021329,172.31.46.0-255,66,174832,44,252319
30261,0.023588,74.125.24.0-255,5738,180570,44,252319
30262,0.023601,172.31.46.0-255,66,180636,44,252319
30263,0.025851,74.125.24.0-255,5738,186374,44,252319
30264,0.025861,172.31.46.0-255,66,186440,44,252319
30265,0.02815,74.125.24.0-255,5738,192178,44,252319
30266,0.028159,172.31.46.0-255,66,192244,44,252319
30267,0.030426,74.125.24.0-255,5738,197982,44,252319
30268,0.030439,172.31.46.0-255,66,198048,44,252319
30269,0.032684,74.125.24.0-255,5738,203786,44,252319
30270,0.032696,172.31.46.0-255,66,203852,44,252319
30271,0.034965,74.125.24.0-255,5738,209590,44,252319
30272,0.034976,172.31.46.0-255,66,209656,44,252319
30273,0.037229,74.125.24.0-255,5738,215394,44,252319
30274,0.037242,172.31.46.0-255,66,215460,44,252319
30275,0.039491,74.125.24.0-255,5738,221198,44,252319
30276,0.039507,172.31.46.0-255,66,221264,44,252319
30277,0.041657,172.31.46.0-255,172,221436,44,252319
30278,0.041689,172.31.46.0-255,1109,222545,44,252319
30279,0.041754,74.125.24.0-255,4320,226865,44,252319
30280,0.041761,172.31.46.0-255,66,226931,44,252319
30281,0.041779,74.125.24.0-255,1484,228415,44,252319
30282,0.0418,172.31.46.0-255,1514,229929,44,252319
30283,0.041801,172.31.46.0-255,1514,231443,44,252319
30284,0.041807,172.31.46.0-255,1514,232957,44,252319
30285,0.041808,172.31.46.0-255,1514,234471,44,252319
30286,0.041826,172.31.46.0-255,1514,235985,44,252319
30287,0.041827,172.31.46.0-255,76,236061,44,252319
30288,0.04323,104.244.42.0-255,66,236127,44,252319
30289,0.043307,104.244.42.0-255,66,236193,44,252319
30290,0.043427,104.244.42.0-255,66,236259,44,252319
30291,0.043435,104.244.42.0-255,66,236325,44,252319
30292,0.044006,74.125.24.0-255,4320,240645,44,252319
30293,0.044014,172.31.46.0-255,66,240711,44,252319
30294,0.046269,74.125.24.0-255,5738,246449,44,252319
30295,0.04628,172.31.46.0-255,66,246515,44,252319
30296,0.048534,74.125.24.0-255,5738,252253,44,252319
30297,0.048546,172.31.46.0-255,66,252319,44,252319
30298,0.0,74.125.24.0-255,290,290,44,192854
30299,2.2e-05,172.31.46.0-255,66,356,44,192854
30300,2.8e-05,74.125.24.0-255,1484,1840,44,192854
30301,3.3e-05,172.31.46.0-255,66,1906,44,192854
30302,4.5e-05,74.125.24.0-255,4320,6226,44,192854
30303,4.8e-05,172.31.46.0-255,66,6292,44,192854
30304,9.6e-05,74.125.24.0-255,4320,10612,44,192854
30305,9.9e-05,172.31.46.0-255,66,10678,44,192854
30306,0.000123,74.125.24.0-255,3151,13829,44,192854
30307,0.000125,172.31.46.0-255,66,13895,44,192854
30308,0.000128,74.125.24.0-255,1484,15379,44,192854
30309,0.00013,172.31.46.0-255,66,15445,44,192854
30310,0.000159,74.125.24.0-255,7156,22601,44,192854
30311,0.000162,172.31.46.0-255,66,22667,44,192854
30312,0.000166,74.125.24.0-255,2902,25569,44,192854
30313,0.000168,172.31.46.0-255,66,25635,44,192854
30314,0.000188,74.125.24.0-255,5379,31014,44,192854
30315,0.000191,172.31.46.0-255,66,31080,44,192854
30316,0.000499,74.125.24.0-255,1484,32564,44,192854
30317,0.000505,172.31.46.0-255,66,32630,44,192854
30318,0.000511,74.125.24.0-255,2902,35532,44,192854
30319,0.000514,172.31.46.0-255,66,35598,44,192854
30320,0.000521,74.125.24.0-255,1484,37082,44,192854
30321,0.000524,172.31.46.0-255,66,37148,44,192854
30322,0.000548,74.125.24.0-255,4320,41468,44,192854
30323,0.000556,172.31.46.0-255,66,41534,44,192854
30324,0.00056,74.125.24.0-255,2902,44436,44,192854
30325,0.000562,172.31.46.0-255,66,44502,44,192854
30326,0.000611,172.31.46.0-255,66,44568,44,192854
30327,0.000621,172.31.46.0-255,66,44634,44,192854
30328,0.000628,74.125.24.0-255,1125,45759,44,192854
30329,0.000631,172.31.46.0-255,66,45825,44,192854
30330,0.001057,74.125.24.0-255,648,46473,44,192854
30331,0.001062,172.31.46.0-255,66,46539,44,192854
30332,0.001186,74.125.24.0-255,1484,48023,44,192854
30333,0.001191,172.31.46.0-255,66,48089,44,192854
30334,0.001196,74.125.24.0-255,2902,50991,44,192854
30335,0.001198,172.31.46.0-255,66,51057,44,192854
30336,0.001202,74.125.24.0-255,1484,52541,44,192854
30337,0.001203,172.31.46.0-255,66,52607,44,192854
30338,0.001239,74.125.24.0-255,4320,56927,44,192854
30339,0.001242,172.31.46.0-255,66,56993,44,192854
30340,0.001252,172.31.46.0-255,66,57059,44,192854
30341,0.001264,74.125.24.0-255,7156,64215,44,192854
30342,0.001267,172.31.46.0-255,66,64281,44,192854
30343,0.001305,172.31.46.0-255,66,64347,44,192854
30344,0.004096,74.125.24.0-255,1484,65831,44,192854
30345,0.004105,172.31.46.0-255,66,65897,44,192854
30346,0.004116,74.125.24.0-255,2902,68799,44,192854
30347,0.004124,172.31.46.0-255,66,68865,44,192854
30348,0.004127,74.125.24.0-255,1484,70349,44,192854
30349,0.004129,172.31.46.0-255,66,70415,44,192854
30350,0.006432,74.125.24.0-255,1484,71899,44,192854
30351,0.006435,172.31.46.0-255,66,71965,44,192854
30352,0.006465,74.125.24.0-255,4320,76285,44,192854
30353,0.006467,172.31.46.0-255,66,76351,44,192854
30354,0.008765,74.125.24.0-255,1484,77835,44,192854
30355,0.008773,172.31.46.0-255,66,77901,44,192854
30356,0.008807,74.125.24.0-255,4320,82221,44,192854
30357,0.00881,172.31.46.0-255,66,82287,44,192854
30358,0.01111,74.125.24.0-255,1484,83771,44,192854
30359,0.011118,172.31.46.0-255,66,83837,44,192854
30360,0.011144,74.125.24.0-255,4320,88157,44,192854
30361,0.011147,172.31.46.0-255,66,88223,44,192854
30362,0.013437,74.125.24.0-255,1484,89707,44,192854
30363,0.013446,172.31.46.0-255,66,89773,44,192854
30364,0.013477,74.125.24.0-255,4320,94093,44,192854
30365,0.01348,172.31.46.0-255,66,94159,44,192854
30366,0.015779,74.125.24.0-255,1484,95643,44,192854
30367,0.01579,172.31.46.0-255,66,95709,44,192854
30368,0.015829,74.125.24.0-255,4320,100029,44,192854
30369,0.015832,172.31.46.0-255,66,100095,44,192854
30370,0.018138,74.125.24.0-255,1484,101579,44,192854
30371,0.018149,172.31.46.0-255,66,101645,44,192854
30372,0.018185,74.125.24.0-255,4320,105965,44,192854
30373,0.018188,172.31.46.0-255,66,106031,44,192854
30374,0.020484,74.125.24.0-255,1484,107515,44,192854
30375,0.020494,172.31.46.0-255,66,107581,44,192854
30376,0.020529,74.125.24.0-255,4320,111901,44,192854
30377,0.020532,172.31.46.0-255,66,111967,44,192854
30378,0.022808,74.125.24.0-255,1484,113451,44,192854
30379,0.022817,172.31.46.0-255,66,113517,44,192854
30380,0.022853,74.125.24.0-255,4320,117837,44,192854
30381,0.022856,172.31.46.0-255,66,117903,44,192854
30382,0.025122,74.125.24.0-255,1484,119387,44,192854
30383,0.02513,172.31.46.0-255,66,119453,44,192854
30384,0.025175,74.125.24.0-255,2902,122355,44,192854
30385,0.025178,172.31.46.0-255,66,122421,44,192854
30386,0.025205,74.125.24.0-255,1484,123905,44,192854
30387,0.025207,172.31.46.0-255,66,123971,44,192854
30388,0.027459,74.125.24.0-255,1484,125455,44,192854
30389,0.027469,172.31.46.0-255,66,125521,44,192854
30390,0.027505,74.125.24.0-255,2902,128423,44,192854
30391,0.027508,172.31.46.0-255,66,128489,44,192854
30392,0.027533,74.125.24.0-255,1484,129973,44,192854
30393,0.027535,172.31.46.0-255,66,130039,44,192854
30394,0.029807,74.125.24.0-255,1484,131523,44,192854
30395,0.029817,172.31.46.0-255,66,131589,44,192854
30396,0.029855,74.125.24.0-255,4320,135909,44,192854
30397,0.029858,172.31.46.0-255,66,135975,44,192854
30398,0.032164,74.125.24.0-255,1484,137459,44,192854
30399,0.032177,172.31.46.0-255,66,137525,44,192854
30400,0.032216,74.125.24.0-255,4320,141845,44,192854
30401,0.032219,172.31.46.0-255,66,141911,44,192854
30402,0.034492,74.125.24.0-255,1484,143395,44,192854
30403,0.034499,172.31.46.0-255,66,143461,44,192854
30404,0.034565,74.125.24.0-255,4320,147781,44,192854
30405,0.034569,172.31.46.0-255,66,147847,44,192854
30406,0.03468,172.31.46.0-255,199,148046,44,192854
30407,0.03471,172.31.46.0-255,1109,149155,44,192854
30408,0.034781,172.31.46.0-255,1514,150669,44,192854
30409,0.034783,172.31.46.0-255,1514,152183,44,192854
30410,0.034785,172.31.46.0-255,1514,153697,44,192854
30411,0.034786,172.31.46.0-255,1514,155211,44,192854
30412,0.034814,172.31.46.0-255,1514,156725,44,192854
30413,0.034816,172.31.46.0-255,75,156800,44,192854
30414,0.036235,104.244.42.0-255,66,156866,44,192854
30415,0.036291,104.244.42.0-255,66,156932,44,192854
30416,0.036378,104.244.42.0-255,66,156998,44,192854
30417,0.036431,104.244.42.0-255,66,157064,44,192854
30418,0.036828,74.125.24.0-255,1484,158548,44,192854
30419,0.036835,172.31.46.0-255,66,158614,44,192854
30420,0.036899,74.125.24.0-255,4320,162934,44,192854
30421,0.036902,172.31.46.0-255,66,163000,44,192854
30422,0.037635,104.244.42.0-255,108,163108,44,192854
30423,0.037646,172.31.46.0-255,66,163174,44,192854
30424,0.039176,74.125.24.0-255,1484,164658,44,192854
30425,0.039182,172.31.46.0-255,66,164724,44,192854
30426,0.039218,74.125.24.0-255,4320,169044,44,192854
30427,0.039221,172.31.46.0-255,66,169110,44,192854
30428,0.041505,74.125.24.0-255,1484,170594,44,192854
30429,0.041511,172.31.46.0-255,66,170660,44,192854
30430,0.041547,74.125.24.0-255,4320,174980,44,192854
30431,0.04155,172.31.46.0-255,66,175046,44,192854
30432,0.043863,74.125.24.0-255,1484,176530,44,192854
30433,0.043868,172.31.46.0-255,66,176596,44,192854
30434,0.043904,74.125.24.0-255,4320,180916,44,192854
30435,0.043907,172.31.46.0-255,66,180982,44,192854
30436,0.046226,74.125.24.0-255,1484,182466,44,192854
30437,0.046232,172.31.46.0-255,66,182532,44,192854
30438,0.046261,74.125.24.0-255,4320,186852,44,192854
30439,0.046264,172.31.46.0-255,66,186918,44,192854
30440,0.048566,74.125.24.0-255,1484,188402,44,192854
30441,0.048572,172.31.46.0-255,66,188468,44,192854
30442,0.048605,74.125.24.0-255,4320,192788,44,192854
30443,0.048608,172.31.46.0-255,66,192854,44,192854
30444,0.0,74.125.130.0-255,153,153,44,352059
30445,2.4e-05,172.31.46.0-255,66,219,44,352059
30446,3.1e-05,74.125.130.0-255,1484,1703,44,352059
30447,3.6e-05,172.31.46.0-255,66,1769,44,352059
30448,4.2e-05,74.125.130.0-255,2902,4671,44,352059
30449,4.6e-05,172.31.46.0-255,66,4737,44,352059
30450,5.3e-05,74.125.130.0-255,5738,10475,44,352059
30451,5.5e-05,172.31.46.0-255,66,10541,44,352059
30452,7.6e-05,74.125.130.0-255,3502,14043,44,352059
30453,7.9e-05,172.31.46.0-255,66,14109,44,352059
30454,0.000104,74.125.130.0-255,1484,15593,44,352059
30455,0.000106,172.31.46.0-255,66,15659,44,352059
30456,0.000122,74.125.130.0-255,2902,18561,44,352059
30457,0.000125,172.31.46.0-255,66,18627,44,352059
30458,0.000131,74.125.130.0-255,5738,24365,44,352059
30459,0.000133,172.31.46.0-255,66,24431,44,352059
30460,0.000161,74.125.130.0-255,4320,28751,44,352059
30461,0.000164,172.31.46.0-255,66,28817,44,352059
30462,0.000182,74.125.130.0-255,2543,31360,44,352059
30463,0.000197,172.31.46.0-255,66,31426,44,352059
30464,0.000286,74.125.130.0-255,1484,32910,44,352059
30465,0.000289,172.31.46.0-255,66,32976,44,352059
30466,0.000295,74.125.130.0-255,2902,35878,44,352059
30467,0.000298,172.31.46.0-255,66,35944,44,352059
30468,0.000301,74.125.130.0-255,1484,37428,44,352059
30469,0.000303,172.31.46.0-255,66,37494,44,352059
30470,0.000339,74.125.130.0-255,4320,41814,44,352059
30471,0.000342,172.31.46.0-255,66,41880,44,352059
30472,0.000347,74.125.130.0-255,4320,46200,44,352059
30473,0.000349,172.31.46.0-255,66,46266,44,352059
30474,0.000356,74.125.130.0-255,5379,51645,44,352059
30475,0.000358,172.31.46.0-255,66,51711,44,352059
30476,0.000361,74.125.130.0-255,1484,53195,44,352059
30477,0.0004,172.31.46.0-255,66,53261,44,352059
30478,0.000423,74.125.130.0-255,4275,57536,44,352059
30479,0.000425,172.31.46.0-255,66,57602,44,352059
30480,0.000469,74.125.130.0-255,365,57967,44,352059
30481,0.000633,74.125.130.0-255,1484,59451,44,352059
30482,0.000639,172.31.46.0-255,66,59517,44,352059
30483,0.000644,74.125.130.0-255,2902,62419,44,352059
30484,0.000647,172.31.46.0-255,66,62485,44,352059
30485,0.000652,74.125.130.0-255,4320,66805,44,352059
30486,0.000655,172.31.46.0-255,66,66871,44,352059
30487,0.000681,74.125.130.0-255,1484,68355,44,352059
30488,0.000689,74.125.130.0-255,6246,74601,44,352059
30489,0.000693,172.31.46.0-255,66,74667,44,352059
30490,0.000824,74.125.130.0-255,1484,76151,44,352059
30491,0.000845,74.125.130.0-255,2902,79053,44,352059
30492,0.000849,172.31.46.0-255,66,79119,44,352059
30493,0.000878,74.125.130.0-255,5738,84857,44,352059
30494,0.000881,172.31.46.0-255,66,84923,44,352059
30495,0.000887,74.125.130.0-255,4320,89243,44,352059
30496,0.000889,172.31.46.0-255,66,89309,44,352059
30497,0.000903,172.31.46.0-255,66,89375,44,352059
30498,0.000917,74.125.130.0-255,1484,90859,44,352059
30499,0.00094,74.125.130.0-255,6438,97297,44,352059
30500,0.000943,172.31.46.0-255,66,97363,44,352059
30501,0.001194,74.125.130.0-255,1484,98847,44,352059
30502,0.001199,74.125.130.0-255,1484,100331,44,352059
30503,0.001202,172.31.46.0-255,66,100397,44,352059
30504,0.001228,74.125.130.0-255,1484,101881,44,352059
30505,0.001235,74.125.130.0-255,5738,107619,44,352059
30506,0.00124,74.125.130.0-255,4320,111939,44,352059
30507,0.001245,74.125.130.0-255,5738,117677,44,352059
30508,0.001258,172.31.46.0-255,66,117743,44,352059
30509,0.001261,172.31.46.0-255,66,117809,44,352059
30510,0.001263,172.31.46.0-255,66,117875,44,352059
30511,0.001272,172.31.46.0-255,66,117941,44,352059
30512,0.001276,74.125.130.0-255,2902,120843,44,352059
30513,0.001278,172.31.46.0-255,66,120909,44,352059
30514,0.001282,74.125.130.0-255,2184,123093,44,352059
30515,0.001284,172.31.46.0-255,66,123159,44,352059
30516,0.001577,74.125.130.0-255,1484,124643,44,352059
30517,0.001598,74.125.130.0-255,2902,127545,44,352059
30518,0.001601,172.31.46.0-255,66,127611,44,352059
30519,0.001627,74.125.130.0-255,5738,133349,44,352059
30520,0.001629,172.31.46.0-255,66,133415,44,352059
30521,0.001637,74.125.130.0-255,7156,140571,44,352059
30522,0.001639,172.31.46.0-255,66,140637,44,352059
30523,0.001673,74.125.130.0-255,1484,142121,44,352059
30524,0.001696,74.125.130.0-255,7156,149277,44,352059
30525,0.001699,172.31.46.0-255,66,149343,44,352059
30526,0.001709,172.31.46.0-255,66,149409,44,352059
30527,0.001725,74.125.130.0-255,1484,150893,44,352059
30528,0.001744,74.125.130.0-255,2902,153795,44,352059
30529,0.001747,172.31.46.0-255,66,153861,44,352059
30530,0.001753,74.125.130.0-255,4320,158181,44,352059
30531,0.001755,172.31.46.0-255,66,158247,44,352059
30532,0.001768,74.125.130.0-255,1484,159731,44,352059
30533,0.001798,172.31.46.0-255,66,159797,44,352059
30534,0.001805,74.125.130.0-255,7156,166953,44,352059
30535,0.001808,172.31.46.0-255,66,167019,44,352059
30536,0.001847,74.125.130.0-255,3602,170621,44,352059
30537,0.001851,172.31.46.0-255,66,170687,44,352059
30538,0.00188,74.125.130.0-255,1484,172171,44,352059
30539,0.001895,74.125.130.0-255,2902,175073,44,352059
30540,0.001897,172.31.46.0-255,66,175139,44,352059
30541,0.001923,74.125.130.0-255,5738,180877,44,352059
30542,0.001926,172.31.46.0-255,66,180943,44,352059
30543,0.001933,74.125.130.0-255,5738,186681,44,352059
30544,0.001935,172.31.46.0-255,66,186747,44,352059
30545,0.001955,74.125.130.0-255,7156,193903,44,352059
30546,0.001958,172.31.46.0-255,66,193969,44,352059
30547,0.001966,74.125.130.0-255,7156,201125,44,352059
30548,0.001968,172.31.46.0-255,66,201191,44,352059
30549,0.002001,74.125.130.0-255,3602,204793,44,352059
30550,0.002004,172.31.46.0-255,66,204859,44,352059
30551,0.003923,74.125.130.0-255,1484,206343,44,352059
30552,0.003953,74.125.130.0-255,4320,210663,44,352059
30553,0.003958,172.31.46.0-255,66,210729,44,352059
30554,0.005931,74.125.130.0-255,5738,216467,44,352059
30555,0.005937,172.31.46.0-255,66,216533,44,352059
30556,0.007894,74.125.130.0-255,5738,222271,44,352059
30557,0.007898,172.31.46.0-255,66,222337,44,352059
30558,0.009863,74.125.130.0-255,5738,228075,44,352059
30559,0.009869,172.31.46.0-255,66,228141,44,352059
30560,0.011855,74.125.130.0-255,5738,233879,44,352059
30561,0.011862,172.31.46.0-255,66,233945,44,352059
30562,0.013835,74.125.130.0-255,5738,239683,44,352059
30563,0.013842,172.31.46.0-255,66,239749,44,352059
30564,0.015822,74.125.130.0-255,5738,245487,44,352059
30565,0.01583,172.31.46.0-255,66,245553,44,352059
30566,0.017808,74.125.130.0-255,5738,251291,44,352059
30567,0.017818,172.31.46.0-255,66,251357,44,352059
30568,0.019792,74.125.130.0-255,5738,257095,44,352059
30569,0.019799,172.31.46.0-255,66,257161,44,352059
30570,0.02176,74.125.130.0-255,4320,261481,44,352059
30571,0.021764,172.31.46.0-255,66,261547,44,352059
30572,0.021775,74.125.130.0-255,1484,263031,44,352059
30573,0.023723,74.125.130.0-255,4320,267351,44,352059
30574,0.023729,172.31.46.0-255,66,267417,44,352059
30575,0.025702,74.125.130.0-255,5738,273155,44,352059
30576,0.025711,172.31.46.0-255,66,273221,44,352059
30577,0.027688,74.125.130.0-255,5738,278959,44,352059
30578,0.027694,172.31.46.0-255,66,279025,44,352059
30579,0.029661,74.125.130.0-255,5738,284763,44,352059
30580,0.029668,172.31.46.0-255,66,284829,44,352059
30581,0.031632,74.125.130.0-255,5738,290567,44,352059
30582,0.031638,172.31.46.0-255,66,290633,44,352059
30583,0.033612,74.125.130.0-255,5738,296371,44,352059
30584,0.033621,172.31.46.0-255,66,296437,44,352059
30585,0.035596,74.125.130.0-255,5738,302175,44,352059
30586,0.035606,172.31.46.0-255,66,302241,44,352059
30587,0.037619,74.125.130.0-255,5738,307979,44,352059
30588,0.037627,172.31.46.0-255,66,308045,44,352059
30589,0.039611,74.125.130.0-255,5738,313783,44,352059
30590,0.039619,172.31.46.0-255,66,313849,44,352059
30591,0.041162,172.31.46.0-255,172,314021,44,352059
30592,0.04119,172.31.46.0-255,1114,315135,44,352059
30593,0.041242,172.31.46.0-255,1514,316649,44,352059
30594,0.041244,172.31.46.0-255,1514,318163,44,352059
30595,0.041248,172.31.46.0-255,1514,319677,44,352059
30596,0.041249,172.31.46.0-255,1514,321191,44,352059
30597,0.041283,172.31.46.0-255,1514,322705,44,352059
30598,0.041284,172.31.46.0-255,70,322775,44,352059
30599,0.041582,74.125.130.0-255,5738,328513,44,352059
30600,0.041588,172.31.46.0-255,66,328579,44,352059
30601,0.042677,104.244.42.0-255,66,328645,44,352059
30602,0.042733,104.244.42.0-255,66,328711,44,352059
30603,0.042822,104.244.42.0-255,66,328777,44,352059
30604,0.042828,104.244.42.0-255,66,328843,44,352059
30605,0.043566,74.125.130.0-255,5738,334581,44,352059
30606,0.043573,172.31.46.0-255,66,334647,44,352059
30607,0.04555,74.125.130.0-255,5738,340385,44,352059
30608,0.045557,172.31.46.0-255,66,340451,44,352059
30609,0.047523,74.125.130.0-255,5738,346189,44,352059
30610,0.047528,172.31.46.0-255,66,346255,44,352059
30611,0.049504,74.125.130.0-255,5738,351993,44,352059
30612,0.04951,172.31.46.0-255,66,352059,44,352059
30613,0.0,74.125.24.0-255,153,153,44,275923
30614,1.3e-05,172.31.46.0-255,66,219,44,275923
30615,3.9e-05,74.125.24.0-255,1484,1703,44,275923
30616,4.4e-05,172.31.46.0-255,66,1769,44,275923
30617,5e-05,74.125.24.0-255,2902,4671,44,275923
30618,5.3e-05,172.31.46.0-255,66,4737,44,275923
30619,9.3e-05,74.125.24.0-255,7156,11893,44,275923
30620,9.6e-05,172.31.46.0-255,66,11959,44,275923
30621,0.000124,74.125.24.0-255,7156,19115,44,275923
30622,0.000127,172.31.46.0-255,66,19181,44,275923
30623,0.000154,74.125.24.0-255,3459,22640,44,275923
30624,0.000157,172.31.46.0-255,66,22706,44,275923
30625,0.00019,172.31.46.0-255,66,22772,44,275923
30626,0.000352,74.125.24.0-255,1484,24256,44,275923
30627,0.000357,172.31.46.0-255,66,24322,44,275923
30628,0.000362,74.125.24.0-255,2902,27224,44,275923
30629,0.000365,172.31.46.0-255,66,27290,44,275923
30630,0.000378,74.125.24.0-255,5738,33028,44,275923
30631,0.00038,172.31.46.0-255,66,33094,44,275923
30632,0.000433,74.125.24.0-255,7156,40250,44,275923
30633,0.000436,172.31.46.0-255,66,40316,44,275923
30634,0.00047,74.125.24.0-255,6797,47113,44,275923
30635,0.000473,172.31.46.0-255,66,47179,44,275923
30636,0.00048,74.125.24.0-255,5738,52917,44,275923
30637,0.000482,172.31.46.0-255,66,52983,44,275923
30638,0.000492,74.125.24.0-255,4235,57218,44,275923
30639,0.000494,172.31.46.0-255,66,57284,44,275923
30640,0.000516,74.125.24.0-255,130,57414,44,275923
30641,0.000518,172.31.46.0-255,66,57480,44,275923
30642,0.000541,74.125.24.0-255,1484,58964,44,275923
30643,0.000543,172.31.46.0-255,66,59030,44,275923
30644,0.000572,74.125.24.0-255,2902,61932,44,275923
30645,0.000575,172.31.46.0-255,66,61998,44,275923
30646,0.00058,74.125.24.0-255,2902,64900,44,275923
30647,0.000581,172.31.46.0-255,66,64966,44,275923
30648,0.00064,74.125.24.0-255,4320,69286,44,275923
30649,0.000644,172.31.46.0-255,66,69352,44,275923
30650,0.000651,74.125.24.0-255,5081,74433,44,275923
30651,0.000653,172.31.46.0-255,66,74499,44,275923
30652,0.001192,74.125.24.0-255,1484,75983,44,275923
30653,0.0012,74.125.24.0-255,2902,78885,44,275923
30654,0.001204,172.31.46.0-255,66,78951,44,275923
30655,0.001211,74.125.24.0-255,5738,84689,44,275923
30656,0.001213,172.31.46.0-255,66,84755,44,275923
30657,0.001265,172.31.46.0-255,66,84821,44,275923
30658,0.00127,74.125.24.0-255,2902,87723,44,275923
30659,0.001272,172.31.46.0-255,66,87789,44,275923
30660,0.001308,74.125.24.0-255,7156,94945,44,275923
30661,0.001311,172.31.46.0-255,66,95011,44,275923
30662,0.001317,74.125.24.0-255,5020,100031,44,275923
30663,0.001319,172.31.46.0-255,66,100097,44,275923
30664,0.001427,74.125.24.0-255,1484,101581,44,275923
30665,0.001433,74.125.24.0-255,2902,104483,44,275923
30666,0.001435,172.31.46.0-255,66,104549,44,275923
30667,0.001441,74.125.24.0-255,2902,107451,44,275923
30668,0.001443,172.31.46.0-255,66,107517,44,275923
30669,0.001463,74.125.24.0-255,2902,110419,44,275923
30670,0.00147,172.31.46.0-255,66,110485,44,275923
30671,0.001475,74.125.24.0-255,2902,113387,44,275923
30672,0.001476,172.31.46.0-255,66,113453,44,275923
30673,0.001528,172.31.46.0-255,66,113519,44,275923
30674,0.001539,172.31.46.0-255,66,113585,44,275923
30675,0.001548,74.125.24.0-255,2902,116487,44,275923
30676,0.00155,172.31.46.0-255,66,116553,44,275923
30677,0.001598,172.31.46.0-255,66,116619,44,275923
30678,0.001601,74.125.24.0-255,1484,118103,44,275923
30679,0.001606,74.125.24.0-255,2902,121005,44,275923
30680,0.001608,172.31.46.0-255,66,121071,44,275923
30681,0.001619,74.125.24.0-255,5738,126809,44,275923
30682,0.001621,172.31.46.0-255,66,126875,44,275923
30683,0.001679,172.31.46.0-255,66,126941,44,275923
30684,0.001697,172.31.46.0-255,66,127007,44,275923
30685,0.00177,74.125.24.0-255,1484,128491,44,275923
30686,0.001776,74.125.24.0-255,2902,131393,44,275923
30687,0.001779,172.31.46.0-255,66,131459,44,275923
30688,0.001783,74.125.24.0-255,1484,132943,44,275923
30689,0.001813,74.125.24.0-255,4320,137263,44,275923
30690,0.001816,172.31.46.0-255,66,137329,44,275923
30691,0.001819,74.125.24.0-255,1484,138813,44,275923
30692,0.001854,172.31.46.0-255,66,138879,44,275923
30693,0.001862,74.125.24.0-255,5738,144617,44,275923
30694,0.001864,172.31.46.0-255,66,144683,44,275923
30695,0.001909,172.31.46.0-255,66,144749,44,275923
30696,0.004154,74.125.24.0-255,5738,150487,44,275923
30697,0.00416,172.31.46.0-255,66,150553,44,275923
30698,0.006413,74.125.24.0-255,5738,156291,44,275923
30699,0.00642,172.31.46.0-255,66,156357,44,275923
30700,0.008698,74.125.24.0-255,5738,162095,44,275923
30701,0.008705,172.31.46.0-255,66,162161,44,275923
30702,0.011012,74.125.24.0-255,5738,167899,44,275923
30703,0.01102,172.31.46.0-255,66,167965,44,275923
30704,0.013265,74.125.24.0-255,5738,173703,44,275923
30705,0.013273,172.31.46.0-255,66,173769,44,275923
30706,0.015542,74.125.24.0-255,5738,179507,44,275923
30707,0.015549,172.31.46.0-255,66,179573,44,275923
30708,0.017806,74.125.24.0-255,5738,185311,44,275923
30709,0.017815,172.31.46.0-255,66,185377,44,275923
30710,0.020099,74.125.24.0-255,5738,191115,44,275923
30711,0.020107,172.31.46.0-255,66,191181,44,275923
30712,0.022369,74.125.24.0-255,5738,196919,44,275923
30713,0.022378,172.31.46.0-255,66,196985,44,275923
30714,0.024624,74.125.24.0-255,5738,202723,44,275923
30715,0.024631,172.31.46.0-255,66,202789,44,275923
30716,0.026913,74.125.24.0-255,5738,208527,44,275923
30717,0.026921,172.31.46.0-255,66,208593,44,275923
30718,0.029206,74.125.24.0-255,5738,214331,44,275923
30719,0.029216,172.31.46.0-255,66,214397,44,275923
30720,0.031501,74.125.24.0-255,5738,220135,44,275923
30721,0.03151,172.31.46.0-255,66,220201,44,275923
30722,0.033778,74.125.24.0-255,5738,225939,44,275923
30723,0.033786,172.31.46.0-255,66,226005,44,275923
30724,0.034529,172.31.46.0-255,164,226169,44,275923
30725,0.034559,172.31.46.0-255,1123,227292,44,275923
30726,0.034635,172.31.46.0-255,1514,228806,44,275923
30727,0.034661,172.31.46.0-255,1514,230320,44,275923
30728,0.034663,172.31.46.0-255,1514,231834,44,275923
30729,0.034684,172.31.46.0-255,1514,233348,44,275923
30730,0.034687,172.31.46.0-255,1509,234857,44,275923
30731,0.036056,104.244.42.0-255,66,234923,44,275923
30732,0.036065,74.125.24.0-255,5738,240661,44,275923
30733,0.03607,172.31.46.0-255,66,240727,44,275923
30734,0.03612,104.244.42.0-255,66,240793,44,275923
30735,0.03621,104.244.42.0-255,66,240859,44,275923
30736,0.03626,104.244.42.0-255,66,240925,44,275923
30737,0.037,104.244.42.0-255,108,241033,44,275923
30738,0.037007,172.31.46.0-255,66,241099,44,275923
30739,0.038348,74.125.24.0-255,5738,246837,44,275923
30740,0.038356,172.31.46.0-255,66,246903,44,275923
30741,0.040651,74.125.24.0-255,5738,252641,44,275923
30742,0.040657,172.31.46.0-255,66,252707,44,275923
30743,0.04292,74.125.24.0-255,5738,258445,44,275923
30744,0.042927,172.31.46.0-255,66,258511,44,275923
30745,0.045204,74.125.24.0-255,5738,264249,44,275923
30746,0.045209,172.31.46.0-255,66,264315,44,275923
30747,0.047472,74.125.24.0-255,5738,270053,44,275923
30748,0.047477,172.31.46.0-255,66,270119,44,275923
30749,0.049759,74.125.24.0-255,5738,275857,44,275923
30750,0.049765,172.31.46.0-255,66,275923,44,275923
30751,0.0,172.217.194.0-255,152,152,44,187569
30752,2.3e-05,172.31.46.0-255,66,218,44,187569
30753,3.1e-05,172.217.194.0-255,1484,1702,44,187569
30754,3.7e-05,172.31.46.0-255,66,1768,44,187569
30755,5.1e-05,172.217.194.0-255,2902,4670,44,187569
30756,5.5e-05,172.31.46.0-255,66,4736,44,187569
30757,6.4e-05,172.217.194.0-255,7156,11892,44,187569
30758,6.7e-05,172.31.46.0-255,66,11958,44,187569
30759,7.3e-05,172.217.194.0-255,2109,14067,44,187569
30760,7.8e-05,172.31.46.0-255,66,14133,44,187569
30761,8.5e-05,172.217.194.0-255,2902,17035,44,187569
30762,8.8e-05,172.31.46.0-255,66,17101,44,187569
30763,0.000131,172.31.46.0-255,66,17167,44,187569
30764,0.000137,172.217.194.0-255,5379,22546,44,187569
30765,0.00014,172.31.46.0-255,66,22612,44,187569
30766,0.000176,172.217.194.0-255,1484,24096,44,187569
30767,0.000178,172.31.46.0-255,66,24162,44,187569
30768,0.000183,172.217.194.0-255,2902,27064,44,187569
30769,0.000185,172.31.46.0-255,66,27130,44,187569
30770,0.000223,172.217.194.0-255,5738,32868,44,187569
30771,0.000226,172.31.46.0-255,66,32934,44,187569
30772,0.000244,172.31.46.0-255,66,33000,44,187569
30773,0.000273,172.217.194.0-255,2543,35543,44,187569
30774,0.000275,172.31.46.0-255,66,35609,44,187569
30775,0.000291,172.31.46.0-255,66,35675,44,187569
30776,0.000435,172.217.194.0-255,120,35795,44,187569
30777,0.000439,172.31.46.0-255,66,35861,44,187569
30778,0.000443,172.217.194.0-255,377,36238,44,187569
30779,0.000446,172.31.46.0-255,66,36304,44,187569
30780,0.001008,172.217.194.0-255,1484,37788,44,187569
30781,0.001029,172.217.194.0-255,2902,40690,44,187569
30782,0.001033,172.31.46.0-255,66,40756,44,187569
30783,0.001064,172.217.194.0-255,5738,46494,44,187569
30784,0.001067,172.31.46.0-255,66,46560,44,187569
30785,0.001105,172.31.46.0-255,66,46626,44,187569
30786,0.001133,172.217.194.0-255,2902,49528,44,187569
30787,0.001135,172.31.46.0-255,66,49594,44,187569
30788,0.001146,172.31.46.0-255,66,49660,44,187569
30789,0.001155,172.217.194.0-255,2184,51844,44,187569
30790,0.001157,172.31.46.0-255,66,51910,44,187569
30791,0.003324,172.217.194.0-255,2902,54812,44,187569
30792,0.003332,172.31.46.0-255,66,54878,44,187569
30793,0.00336,172.217.194.0-255,2902,57780,44,187569
30794,0.003362,172.31.46.0-255,66,57846,44,187569
30795,0.005538,172.217.194.0-255,4320,62166,44,187569
30796,0.005542,172.31.46.0-255,66,62232,44,187569
30797,0.005566,172.217.194.0-255,1484,63716,44,187569
30798,0.00775,172.217.194.0-255,4320,68036,44,187569
30799,0.007758,172.31.46.0-255,66,68102,44,187569
30800,0.009951,172.217.194.0-255,5738,73840,44,187569
30801,0.009962,172.31.46.0-255,66,73906,44,187569
30802,0.012199,172.217.194.0-255,5738,79644,44,187569
30803,0.012208,172.31.46.0-255,66,79710,44,187569
30804,0.014408,172.217.194.0-255,5738,85448,44,187569
30805,0.014419,172.31.46.0-255,66,85514,44,187569
30806,0.016621,172.217.194.0-255,5738,91252,44,187569
30807,0.016634,172.31.46.0-255,66,91318,44,187569
30808,0.018844,172.217.194.0-255,5738,97056,44,187569
30809,0.018854,172.31.46.0-255,66,97122,44,187569
30810,0.021074,172.217.194.0-255,5738,102860,44,187569
30811,0.02109,172.31.46.0-255,66,102926,44,187569
30812,0.023282,172.217.194.0-255,5738,108664,44,187569
30813,0.023295,172.31.46.0-255,66,108730,44,187569
30814,0.025478,172.217.194.0-255,5738,114468,44,187569
30815,0.025488,172.31.46.0-255,66,114534,44,187569
30816,0.027692,172.217.194.0-255,5738,120272,44,187569
30817,0.027701,172.31.46.0-255,66,120338,44,187569
30818,0.029903,172.217.194.0-255,5738,126076,44,187569
30819,0.029913,172.31.46.0-255,66,126142,44,187569
30820,0.032141,172.217.194.0-255,5738,131880,44,187569
30821,0.032149,172.31.46.0-255,66,131946,44,187569
30822,0.034339,172.217.194.0-255,5738,137684,44,187569
30823,0.034346,172.31.46.0-255,66,137750,44,187569
30824,0.03655,172.217.194.0-255,5738,143488,44,187569
30825,0.036557,172.31.46.0-255,66,143554,44,187569
30826,0.036663,172.31.46.0-255,172,143726,44,187569
30827,0.036692,172.31.46.0-255,1114,144840,44,187569
30828,0.036763,172.31.46.0-255,1514,146354,44,187569
30829,0.036764,172.31.46.0-255,1514,147868,44,187569
30830,0.03677,172.31.46.0-255,1514,149382,44,187569
30831,0.036772,172.31.46.0-255,1514,150896,44,187569
30832,0.036789,172.31.46.0-255,1514,152410,44,187569
30833,0.036791,172.31.46.0-255,71,152481,44,187569
30834,0.038185,104.244.42.0-255,66,152547,44,187569
30835,0.038218,104.244.42.0-255,66,152613,44,187569
30836,0.038341,104.244.42.0-255,66,152679,44,187569
30837,0.038348,104.244.42.0-255,66,152745,44,187569
30838,0.038742,172.217.194.0-255,5738,158483,44,187569
30839,0.03875,172.31.46.0-255,66,158549,44,187569
30840,0.040953,172.217.194.0-255,5738,164287,44,187569
30841,0.040965,172.31.46.0-255,66,164353,44,187569
30842,0.04318,172.217.194.0-255,5738,170091,44,187569
30843,0.043195,172.31.46.0-255,66,170157,44,187569
30844,0.045385,172.217.194.0-255,5738,175895,44,187569
30845,0.045396,172.31.46.0-255,66,175961,44,187569
30846,0.047591,172.217.194.0-255,5738,181699,44,187569
30847,0.047598,172.31.46.0-255,66,181765,44,187569
30848,0.049823,172.217.194.0-255,5738,187503,44,187569
30849,0.049831,172.31.46.0-255,66,187569,44,187569
30850,0.0,172.217.194.0-255,152,152,44,240436
30851,2.9e-05,172.31.46.0-255,66,218,44,240436
30852,3.5e-05,172.217.194.0-255,1484,1702,44,240436
30853,3.9e-05,172.31.46.0-255,66,1768,44,240436
30854,4.3e-05,172.217.194.0-255,2902,4670,44,240436
30855,4.5e-05,172.31.46.0-255,66,4736,44,240436
30856,5.8e-05,172.217.194.0-255,7156,11892,44,240436
30857,6.1e-05,172.31.46.0-255,66,11958,44,240436
30858,6.4e-05,172.217.194.0-255,2140,14098,44,240436
30859,6.6e-05,172.31.46.0-255,66,14164,44,240436
30860,0.00015,172.217.194.0-255,1484,15648,44,240436
30861,0.000154,172.31.46.0-255,66,15714,44,240436
30862,0.00016,172.217.194.0-255,2902,18616,44,240436
30863,0.000163,172.31.46.0-255,66,18682,44,240436
30864,0.000165,172.217.194.0-255,1484,20166,44,240436
30865,0.000167,172.31.46.0-255,66,20232,44,240436
30866,0.000186,172.217.194.0-255,4320,24552,44,240436
30867,0.000188,172.31.46.0-255,66,24618,44,240436
30868,0.000218,172.217.194.0-255,1484,26102,44,240436
30869,0.00022,172.31.46.0-255,66,26168,44,240436
30870,0.000252,172.217.194.0-255,6797,32965,44,240436
30871,0.000255,172.31.46.0-255,66,33031,44,240436
30872,0.000264,172.31.46.0-255,66,33097,44,240436
30873,0.000274,172.217.194.0-255,4320,37417,44,240436
30874,0.000276,172.31.46.0-255,66,37483,44,240436
30875,0.000305,172.217.194.0-255,2543,40026,44,240436
30876,0.000308,172.31.46.0-255,66,40092,44,240436
30877,0.001231,172.217.194.0-255,1484,41576,44,240436
30878,0.001237,172.31.46.0-255,66,41642,44,240436
30879,0.001244,172.217.194.0-255,2902,44544,44,240436
30880,0.001246,172.31.46.0-255,66,44610,44,240436
30881,0.001256,172.217.194.0-255,5738,50348,44,240436
30882,0.001258,172.31.46.0-255,66,50414,44,240436
30883,0.001292,172.31.46.0-255,66,50480,44,240436
30884,0.001317,172.217.194.0-255,5379,55859,44,240436
30885,0.001319,172.31.46.0-255,66,55925,44,240436
30886,0.001328,172.31.46.0-255,66,55991,44,240436
30887,0.001334,172.217.194.0-255,288,56279,44,240436
30888,0.00155,172.217.194.0-255,1484,57763,44,240436
30889,0.001552,172.31.46.0-255,66,57829,44,240436
30890,0.00157,172.217.194.0-255,2902,60731,44,240436
30891,0.001571,172.31.46.0-255,66,60797,44,240436
30892,0.001576,172.217.194.0-255,4320,65117,44,240436
30893,0.001577,172.31.46.0-255,66,65183,44,240436
30894,0.001602,172.217.194.0-255,1484,66667,44,240436
30895,0.001608,172.217.194.0-255,6797,73464,44,240436
30896,0.00161,172.31.46.0-255,66,73530,44,240436
30897,0.001873,172.217.194.0-255,1484,75014,44,240436
30898,0.001886,172.217.194.0-255,2902,77916,44,240436
30899,0.001888,172.31.46.0-255,66,77982,44,240436
30900,0.001891,172.217.194.0-255,1484,79466,44,240436
30901,0.001913,172.217.194.0-255,4320,83786,44,240436
30902,0.001915,172.31.46.0-255,66,83852,44,240436
30903,0.001919,172.217.194.0-255,2902,86754,44,240436
30904,0.001921,172.31.46.0-255,66,86820,44,240436
30905,0.001955,172.31.46.0-255,66,86886,44,240436
30906,0.001965,172.217.194.0-255,2902,89788,44,240436
30907,0.001967,172.31.46.0-255,66,89854,44,240436
30908,0.001995,172.31.46.0-255,66,89920,44,240436
30909,0.002083,172.217.194.0-255,1484,91404,44,240436
30910,0.002099,172.217.194.0-255,2902,94306,44,240436
30911,0.002101,172.31.46.0-255,66,94372,44,240436
30912,0.002103,172.217.194.0-255,1484,95856,44,240436
30913,0.002127,172.217.194.0-255,4320,100176,44,240436
30914,0.00213,172.31.46.0-255,66,100242,44,240436
30915,0.002135,172.217.194.0-255,5738,105980,44,240436
30916,0.002136,172.31.46.0-255,66,106046,44,240436
30917,0.00216,172.217.194.0-255,7156,113202,44,240436
30918,0.002162,172.31.46.0-255,66,113268,44,240436
30919,0.00217,172.31.46.0-255,66,113334,44,240436
30920,0.002193,172.217.194.0-255,2184,115518,44,240436
30921,0.002196,172.31.46.0-255,66,115584,44,240436
30922,0.00445,172.217.194.0-255,2902,118486,44,240436
30923,0.004452,172.31.46.0-255,66,118552,44,240436
30924,0.004491,172.217.194.0-255,2902,121454,44,240436
30925,0.004494,172.31.46.0-255,66,121520,44,240436
30926,0.006758,172.217.194.0-255,2902,124422,44,240436
30927,0.006765,172.31.46.0-255,66,124488,44,240436
30928,0.006799,172.217.194.0-255,2902,127390,44,240436
30929,0.006802,172.31.46.0-255,66,127456,44,240436
30930,0.00903,172.217.194.0-255,2902,130358,44,240436
30931,0.009036,172.31.46.0-255,66,130424,44,240436
30932,0.009076,172.217.194.0-255,2902,133326,44,240436
30933,0.009078,172.31.46.0-255,66,133392,44,240436
30934,0.011331,172.217.194.0-255,2902,136294,44,240436
30935,0.011338,172.31.46.0-255,66,136360,44,240436
30936,0.011376,172.217.194.0-255,2902,139262,44,240436
30937,0.01138,172.31.46.0-255,66,139328,44,240436
30938,0.013613,172.217.194.0-255,2902,142230,44,240436
30939,0.013621,172.31.46.0-255,66,142296,44,240436
30940,0.013664,172.217.194.0-255,2902,145198,44,240436
30941,0.013668,172.31.46.0-255,66,145264,44,240436
30942,0.015908,172.217.194.0-255,2902,148166,44,240436
30943,0.015913,172.31.46.0-255,66,148232,44,240436
30944,0.015972,172.217.194.0-255,2902,151134,44,240436
30945,0.015976,172.31.46.0-255,66,151200,44,240436
30946,0.01822,172.217.194.0-255,2902,154102,44,240436
30947,0.018226,172.31.46.0-255,66,154168,44,240436
30948,0.018266,172.217.194.0-255,2902,157070,44,240436
30949,0.018269,172.31.46.0-255,66,157136,44,240436
30950,0.020515,172.217.194.0-255,2902,160038,44,240436
30951,0.020522,172.31.46.0-255,66,160104,44,240436
30952,0.020569,172.217.194.0-255,2902,163006,44,240436
30953,0.020573,172.31.46.0-255,66,163072,44,240436
30954,0.022808,172.217.194.0-255,2902,165974,44,240436
30955,0.022814,172.31.46.0-255,66,166040,44,240436
30956,0.022839,172.217.194.0-255,2902,168942,44,240436
30957,0.022842,172.31.46.0-255,66,169008,44,240436
30958,0.024956,172.31.46.0-255,172,169180,44,240436
30959,0.024981,172.31.46.0-255,1114,170294,44,240436
30960,0.025022,172.31.46.0-255,1514,171808,44,240436
30961,0.025041,172.31.46.0-255,1514,173322,44,240436
30962,0.025043,172.31.46.0-255,1514,174836,44,240436
30963,0.025061,172.31.46.0-255,1514,176350,44,240436
30964,0.025065,172.31.46.0-255,1514,177864,44,240436
30965,0.025066,172.31.46.0-255,70,177934,44,240436
30966,0.025102,172.217.194.0-255,2902,180836,44,240436
30967,0.025106,172.31.46.0-255,66,180902,44,240436
30968,0.025135,172.217.194.0-255,2902,183804,44,240436
30969,0.025138,172.31.46.0-255,66,183870,44,240436
30970,0.026527,104.244.42.0-255,66,183936,44,240436
30971,0.026579,104.244.42.0-255,66,184002,44,240436
30972,0.026667,104.244.42.0-255,66,184068,44,240436
30973,0.026671,104.244.42.0-255,66,184134,44,240436
30974,0.026675,104.244.42.0-255,66,184200,44,240436
30975,0.02729,104.244.42.0-255,108,184308,44,240436
30976,0.027299,172.31.46.0-255,66,184374,44,240436
30977,0.027393,172.217.194.0-255,2902,187276,44,240436
30978,0.027398,172.31.46.0-255,66,187342,44,240436
30979,0.027431,172.217.194.0-255,2902,190244,44,240436
30980,0.027435,172.31.46.0-255,66,190310,44,240436
30981,0.029701,172.217.194.0-255,2902,193212,44,240436
30982,0.029704,172.31.46.0-255,66,193278,44,240436
30983,0.029739,172.217.194.0-255,2902,196180,44,240436
30984,0.029746,172.31.46.0-255,66,196246,44,240436
30985,0.03198,172.217.194.0-255,2902,199148,44,240436
30986,0.031989,172.31.46.0-255,66,199214,44,240436
30987,0.03202,172.217.194.0-255,2902,202116,44,240436
30988,0.032023,172.31.46.0-255,66,202182,44,240436
30989,0.034264,172.217.194.0-255,2902,205084,44,240436
30990,0.034269,172.31.46.0-255,66,205150,44,240436
30991,0.034305,172.217.194.0-255,2902,208052,44,240436
30992,0.034308,172.31.46.0-255,66,208118,44,240436
30993,0.036587,172.217.194.0-255,4320,212438,44,240436
30994,0.036593,172.31.46.0-255,66,212504,44,240436
30995,0.03663,172.217.194.0-255,1484,213988,44,240436
30996,0.038882,172.217.194.0-255,4320,218308,44,240436
30997,0.038886,172.31.46.0-255,66,218374,44,240436
30998,0.041191,172.217.194.0-255,2902,221276,44,240436
30999,0.041195,172.31.46.0-255,66,221342,44,240436
31000,0.041224,172.217.194.0-255,2902,224244,44,240436
31001,0.041227,172.31.46.0-255,66,224310,44,240436
31002,0.043486,172.217.194.0-255,4320,228630,44,240436
31003,0.043491,172.31.46.0-255,66,228696,44,240436
31004,0.04352,172.217.194.0-255,1484,230180,44,240436
31005,0.045763,172.217.194.0-255,4320,234500,44,240436
31006,0.045768,172.31.46.0-255,66,234566,44,240436
31007,0.048095,172.217.194.0-255,4320,238886,44,240436
31008,0.048099,172.31.46.0-255,66,238952,44,240436
31009,0.048129,172.217.194.0-255,1484,240436,44,240436
31010,0.0,74.125.24.0-255,153,153,44,199385
31011,1.7e-05,172.31.46.0-255,66,219,44,199385
31012,2.4e-05,74.125.24.0-255,1484,1703,44,199385
31013,2.8e-05,172.31.46.0-255,66,1769,44,199385
31014,3.3e-05,74.125.24.0-255,2902,4671,44,199385
31015,3.6e-05,172.31.46.0-255,66,4737,44,199385
31016,5.2e-05,74.125.24.0-255,7156,11893,44,199385
31017,5.5e-05,172.31.46.0-255,66,11959,44,199385
31018,5.9e-05,74.125.24.0-255,1980,13939,44,199385
31019,6.2e-05,172.31.46.0-255,66,14005,44,199385
31020,0.000113,172.31.46.0-255,66,14071,44,199385
31021,0.000119,74.125.24.0-255,5379,19450,44,199385
31022,0.000122,172.31.46.0-255,66,19516,44,199385
31023,0.000179,74.125.24.0-255,1484,21000,44,199385
31024,0.000183,172.31.46.0-255,66,21066,44,199385
31025,0.000186,74.125.24.0-255,1484,22550,44,199385
31026,0.000189,172.31.46.0-255,66,22616,44,199385
31027,0.000217,74.125.24.0-255,1484,24100,44,199385
31028,0.000219,172.31.46.0-255,66,24166,44,199385
31029,0.000227,74.125.24.0-255,5738,29904,44,199385
31030,0.000229,172.31.46.0-255,66,29970,44,199385
31031,0.000241,172.31.46.0-255,66,30036,44,199385
31032,0.000266,74.125.24.0-255,5379,35415,44,199385
31033,0.000269,172.31.46.0-255,66,35481,44,199385
31034,0.000275,74.125.24.0-255,5738,41219,44,199385
31035,0.000277,172.31.46.0-255,66,41285,44,199385
31036,0.000302,74.125.24.0-255,4232,45517,44,199385
31037,0.000304,172.31.46.0-255,66,45583,44,199385
31038,0.000332,74.125.24.0-255,126,45709,44,199385
31039,0.000335,172.31.46.0-255,66,45775,44,199385
31040,0.000406,74.125.24.0-255,1484,47259,44,199385
31041,0.000413,74.125.24.0-255,2902,50161,44,199385
31042,0.000416,172.31.46.0-255,66,50227,44,199385
31043,0.000443,74.125.24.0-255,5738,55965,44,199385
31044,0.000446,172.31.46.0-255,66,56031,44,199385
31045,0.000454,74.125.24.0-255,6797,62828,44,199385
31046,0.000456,172.31.46.0-255,66,62894,44,199385
31047,0.000504,172.31.46.0-255,66,62960,44,199385
31048,0.000508,74.125.24.0-255,1484,64444,44,199385
31049,0.000529,74.125.24.0-255,1125,65569,44,199385
31050,0.000532,172.31.46.0-255,66,65635,44,199385
31051,0.000578,74.125.24.0-255,1484,67119,44,199385
31052,0.000615,74.125.24.0-255,2902,70021,44,199385
31053,0.000618,172.31.46.0-255,66,70087,44,199385
31054,0.000624,74.125.24.0-255,4320,74407,44,199385
31055,0.000627,172.31.46.0-255,66,74473,44,199385
31056,0.000647,74.125.24.0-255,1484,75957,44,199385
31057,0.000669,172.31.46.0-255,66,76023,44,199385
31058,0.000697,74.125.24.0-255,7156,83179,44,199385
31059,0.000701,172.31.46.0-255,66,83245,44,199385
31060,0.000728,74.125.24.0-255,3602,86847,44,199385
31061,0.000732,172.31.46.0-255,66,86913,44,199385
31062,0.000763,74.125.24.0-255,1484,88397,44,199385
31063,0.000777,74.125.24.0-255,2902,91299,44,199385
31064,0.000779,172.31.46.0-255,66,91365,44,199385
31065,0.000804,74.125.24.0-255,5738,97103,44,199385
31066,0.000807,172.31.46.0-255,66,97169,44,199385
31067,0.000812,74.125.24.0-255,2902,100071,44,199385
31068,0.000814,172.31.46.0-255,66,100137,44,199385
31069,0.000853,172.31.46.0-255,66,100203,44,199385
31070,0.000866,172.31.46.0-255,66,100269,44,199385
31071,0.000905,74.125.24.0-255,1484,101753,44,199385
31072,0.00091,74.125.24.0-255,2902,104655,44,199385
31073,0.000913,172.31.46.0-255,66,104721,44,199385
31074,0.000948,74.125.24.0-255,5738,110459,44,199385
31075,0.000951,172.31.46.0-255,66,110525,44,199385
31076,0.000962,172.31.46.0-255,66,110591,44,199385
31077,0.001039,74.125.24.0-255,4729,115320,44,199385
31078,0.001049,172.31.46.0-255,66,115386,44,199385
31079,0.001057,74.125.24.0-255,1484,116870,44,199385
31080,0.00106,74.125.24.0-255,2902,119772,44,199385
31081,0.001079,172.31.46.0-255,66,119838,44,199385
31082,0.001107,74.125.24.0-255,5738,125576,44,199385
31083,0.001137,172.31.46.0-255,66,125642,44,199385
31084,0.001188,172.31.46.0-255,66,125708,44,199385
31085,0.001194,74.125.24.0-255,4320,130028,44,199385
31086,0.001199,172.31.46.0-255,66,130094,44,199385
31087,0.001233,74.125.24.0-255,5738,135832,44,199385
31088,0.001272,74.125.24.0-255,2902,138734,44,199385
31089,0.001275,74.125.24.0-255,766,139500,44,199385
31090,0.001292,172.31.46.0-255,66,139566,44,199385
31091,0.0013,74.125.24.0-255,1484,141050,44,199385
31092,0.001303,74.125.24.0-255,1484,142534,44,199385
31093,0.001308,172.31.46.0-255,66,142600,44,199385
31094,0.001326,74.125.24.0-255,2902,145502,44,199385
31095,0.001374,172.31.46.0-255,66,145568,44,199385
31096,0.001418,172.31.46.0-255,66,145634,44,199385
31097,0.001447,74.125.24.0-255,4320,149954,44,199385
31098,0.001457,172.31.46.0-255,66,150020,44,199385
31099,0.00148,74.125.24.0-255,1484,151504,44,199385
31100,0.001488,74.125.24.0-255,7156,158660,44,199385
31101,0.001523,74.125.24.0-255,6438,165098,44,199385
31102,0.001567,74.125.24.0-255,1484,166582,44,199385
31103,0.00158,74.125.24.0-255,2902,169484,44,199385
31104,0.001598,74.125.24.0-255,4320,173804,44,199385
31105,0.001613,74.125.24.0-255,1484,175288,44,199385
31106,0.001619,74.125.24.0-255,4320,179608,44,199385
31107,0.001626,74.125.24.0-255,7156,186764,44,199385
31108,0.001642,74.125.24.0-255,4320,191084,44,199385
31109,0.001757,74.125.24.0-255,105,191189,44,199385
31110,0.002144,172.31.46.0-255,66,191255,44,199385
31111,0.005036,172.31.46.0-255,105,191360,44,199385
31112,0.007276,74.125.24.0-255,66,191426,44,199385
31113,0.029413,172.31.46.0-255,167,191593,44,199385
31114,0.029447,172.31.46.0-255,1113,192706,44,199385
31115,0.029552,172.31.46.0-255,1514,194220,44,199385
31116,0.029555,172.31.46.0-255,1514,195734,44,199385
31117,0.029556,172.31.46.0-255,1514,197248,44,199385
31118,0.029557,172.31.46.0-255,1514,198762,44,199385
31119,0.029558,172.31.46.0-255,557,199319,44,199385
31120,0.031574,104.244.42.0-255,66,199385,44,199385
31121,0.0,74.125.200.0-255,153,153,44,305693
31122,2.1e-05,172.31.46.0-255,66,219,44,305693
31123,2.8e-05,74.125.200.0-255,1484,1703,44,305693
31124,3.3e-05,172.31.46.0-255,66,1769,44,305693
31125,3.6e-05,74.125.200.0-255,1484,3253,44,305693
31126,3.9e-05,172.31.46.0-255,66,3319,44,305693
31127,5.1e-05,74.125.200.0-255,2902,6221,44,305693
31128,5.5e-05,172.31.46.0-255,66,6287,44,305693
31129,6.2e-05,74.125.200.0-255,5738,12025,44,305693
31130,6.6e-05,172.31.46.0-255,66,12091,44,305693
31131,9.6e-05,74.125.200.0-255,1996,14087,44,305693
31132,9.9e-05,172.31.46.0-255,66,14153,44,305693
31133,0.000184,74.125.200.0-255,1484,15637,44,305693
31134,0.000188,172.31.46.0-255,66,15703,44,305693
31135,0.000214,74.125.200.0-255,2902,18605,44,305693
31136,0.000217,172.31.46.0-255,66,18671,44,305693
31137,0.000219,74.125.200.0-255,1484,20155,44,305693
31138,0.000221,172.31.46.0-255,66,20221,44,305693
31139,0.000246,74.125.200.0-255,4320,24541,44,305693
31140,0.000248,172.31.46.0-255,66,24607,44,305693
31141,0.00026,74.125.200.0-255,6797,31404,44,305693
31142,0.000262,172.31.46.0-255,66,31470,44,305693
31143,0.000293,74.125.200.0-255,7156,38626,44,305693
31144,0.000296,172.31.46.0-255,66,38692,44,305693
31145,0.000304,74.125.200.0-255,7156,45848,44,305693
31146,0.000306,172.31.46.0-255,66,45914,44,305693
31147,0.000334,172.31.46.0-255,66,45980,44,305693
31148,0.000375,172.31.46.0-255,66,46046,44,305693
31149,0.000432,74.125.200.0-255,2560,48606,44,305693
31150,0.000435,172.31.46.0-255,66,48672,44,305693
31151,0.000584,74.125.200.0-255,1484,50156,44,305693
31152,0.000663,74.125.200.0-255,1484,51640,44,305693
31153,0.000668,172.31.46.0-255,66,51706,44,305693
31154,0.000698,74.125.200.0-255,1484,53190,44,305693
31155,0.000727,74.125.200.0-255,2902,56092,44,305693
31156,0.000731,172.31.46.0-255,66,56158,44,305693
31157,0.000759,74.125.200.0-255,1484,57642,44,305693
31158,0.000765,74.125.200.0-255,2902,60544,44,305693
31159,0.000768,172.31.46.0-255,66,60610,44,305693
31160,0.000801,74.125.200.0-255,5738,66348,44,305693
31161,0.000804,172.31.46.0-255,66,66414,44,305693
31162,0.000832,74.125.200.0-255,1484,67898,44,305693
31163,0.000849,74.125.200.0-255,2902,70800,44,305693
31164,0.000851,172.31.46.0-255,66,70866,44,305693
31165,0.000899,74.125.200.0-255,1484,72350,44,305693
31166,0.000922,74.125.200.0-255,1484,73834,44,305693
31167,0.000925,172.31.46.0-255,66,73900,44,305693
31168,0.000953,74.125.200.0-255,1484,75384,44,305693
31169,0.00096,74.125.200.0-255,4320,79704,44,305693
31170,0.000962,172.31.46.0-255,66,79770,44,305693
31171,0.001004,74.125.200.0-255,3602,83372,44,305693
31172,0.001008,172.31.46.0-255,66,83438,44,305693
31173,0.00147,74.125.200.0-255,1484,84922,44,305693
31174,0.001487,74.125.200.0-255,2902,87824,44,305693
31175,0.00149,172.31.46.0-255,66,87890,44,305693
31176,0.001495,74.125.200.0-255,2902,90792,44,305693
31177,0.001497,172.31.46.0-255,66,90858,44,305693
31178,0.001503,74.125.200.0-255,2902,93760,44,305693
31179,0.001509,172.31.46.0-255,66,93826,44,305693
31180,0.001531,74.125.200.0-255,1484,95310,44,305693
31181,0.001564,74.125.200.0-255,7156,102466,44,305693
31182,0.001566,172.31.46.0-255,66,102532,44,305693
31183,0.001599,172.31.46.0-255,66,102598,44,305693
31184,0.001602,74.125.200.0-255,1484,104082,44,305693
31185,0.001648,74.125.200.0-255,1484,105566,44,305693
31186,0.001651,172.31.46.0-255,66,105632,44,305693
31187,0.00168,74.125.200.0-255,3602,109234,44,305693
31188,0.001682,172.31.46.0-255,66,109300,44,305693
31189,0.001781,74.125.200.0-255,1484,110784,44,305693
31190,0.001805,74.125.200.0-255,2902,113686,44,305693
31191,0.001808,172.31.46.0-255,66,113752,44,305693
31192,0.001811,74.125.200.0-255,1484,115236,44,305693
31193,0.001816,74.125.200.0-255,2902,118138,44,305693
31194,0.001818,172.31.46.0-255,66,118204,44,305693
31195,0.001822,74.125.200.0-255,2902,121106,44,305693
31196,0.001829,172.31.46.0-255,66,121172,44,305693
31197,0.001856,74.125.200.0-255,2902,124074,44,305693
31198,0.001858,172.31.46.0-255,66,124140,44,305693
31199,0.001885,74.125.200.0-255,7156,131296,44,305693
31200,0.001888,172.31.46.0-255,66,131362,44,305693
31201,0.001911,74.125.200.0-255,2902,134264,44,305693
31202,0.001914,172.31.46.0-255,66,134330,44,305693
31203,0.001925,172.31.46.0-255,66,134396,44,305693
31204,0.002087,74.125.200.0-255,1484,135880,44,305693
31205,0.002098,74.125.200.0-255,1484,137364,44,305693
31206,0.002101,172.31.46.0-255,66,137430,44,305693
31207,0.002127,74.125.200.0-255,2902,140332,44,305693
31208,0.00213,172.31.46.0-255,66,140398,44,305693
31209,0.002133,74.125.200.0-255,1484,141882,44,305693
31210,0.002163,74.125.200.0-255,4320,146202,44,305693
31211,0.002166,172.31.46.0-255,66,146268,44,305693
31212,0.00217,74.125.200.0-255,2902,149170,44,305693
31213,0.002172,172.31.46.0-255,66,149236,44,305693
31214,0.002177,74.125.200.0-255,4320,153556,44,305693
31215,0.002183,172.31.46.0-255,66,153622,44,305693
31216,0.00222,172.31.46.0-255,66,153688,44,305693
31217,0.002263,74.125.200.0-255,4320,158008,44,305693
31218,0.002267,172.31.46.0-255,66,158074,44,305693
31219,0.002292,74.125.200.0-255,3602,161676,44,305693
31220,0.002294,172.31.46.0-255,66,161742,44,305693
31221,0.002306,172.31.46.0-255,66,161808,44,305693
31222,0.002311,74.125.200.0-255,4320,166128,44,305693
31223,0.002314,172.31.46.0-255,66,166194,44,305693
31224,0.002317,74.125.200.0-255,1484,167678,44,305693
31225,0.002344,74.125.200.0-255,4320,171998,44,305693
31226,0.002347,172.31.46.0-255,66,172064,44,305693
31227,0.002379,172.31.46.0-255,66,172130,44,305693
31228,0.002396,74.125.200.0-255,1484,173614,44,305693
31229,0.002401,74.125.200.0-255,2902,176516,44,305693
31230,0.002403,172.31.46.0-255,66,176582,44,305693
31231,0.002433,74.125.200.0-255,5020,181602,44,305693
31232,0.002436,172.31.46.0-255,66,181668,44,305693
31233,0.002462,172.31.46.0-255,66,181734,44,305693
31234,0.002476,172.31.46.0-255,66,181800,44,305693
31235,0.002537,74.125.200.0-255,6438,188238,44,305693
31236,0.00254,172.31.46.0-255,66,188304,44,305693
31237,0.002547,74.125.200.0-255,7156,195460,44,305693
31238,0.002549,172.31.46.0-255,66,195526,44,305693
31239,0.002581,172.31.46.0-255,66,195592,44,305693
31240,0.002584,74.125.200.0-255,1484,197076,44,305693
31241,0.002615,172.31.46.0-255,66,197142,44,305693
31242,0.002622,74.125.200.0-255,5738,202880,44,305693
31243,0.002625,172.31.46.0-255,66,202946,44,305693
31244,0.005196,74.125.200.0-255,5738,208684,44,305693
31245,0.005204,172.31.46.0-255,66,208750,44,305693
31246,0.007778,74.125.200.0-255,2902,211652,44,305693
31247,0.007781,172.31.46.0-255,66,211718,44,305693
31248,0.007808,74.125.200.0-255,2902,214620,44,305693
31249,0.007811,172.31.46.0-255,66,214686,44,305693
31250,0.010369,74.125.200.0-255,2902,217588,44,305693
31251,0.010376,172.31.46.0-255,66,217654,44,305693
31252,0.010405,74.125.200.0-255,2902,220556,44,305693
31253,0.010408,172.31.46.0-255,66,220622,44,305693
31254,0.012952,74.125.200.0-255,2902,223524,44,305693
31255,0.01296,172.31.46.0-255,66,223590,44,305693
31256,0.012988,74.125.200.0-255,2902,226492,44,305693
31257,0.012991,172.31.46.0-255,66,226558,44,305693
31258,0.015542,74.125.200.0-255,2902,229460,44,305693
31259,0.015552,172.31.46.0-255,66,229526,44,305693
31260,0.015583,74.125.200.0-255,2902,232428,44,305693
31261,0.015586,172.31.46.0-255,66,232494,44,305693
31262,0.018145,74.125.200.0-255,2902,235396,44,305693
31263,0.018155,172.31.46.0-255,66,235462,44,305693
31264,0.018185,74.125.200.0-255,2902,238364,44,305693
31265,0.018188,172.31.46.0-255,66,238430,44,305693
31266,0.02073,74.125.200.0-255,2902,241332,44,305693
31267,0.020741,172.31.46.0-255,66,241398,44,305693
31268,0.020772,74.125.200.0-255,2902,244300,44,305693
31269,0.020775,172.31.46.0-255,66,244366,44,305693
31270,0.023344,74.125.200.0-255,5738,250104,44,305693
31271,0.023354,172.31.46.0-255,66,250170,44,305693
31272,0.025936,74.125.200.0-255,5738,255908,44,305693
31273,0.025944,172.31.46.0-255,66,255974,44,305693
31274,0.028534,74.125.200.0-255,5738,261712,44,305693
31275,0.028542,172.31.46.0-255,66,261778,44,305693
31276,0.031114,74.125.200.0-255,5738,267516,44,305693
31277,0.031124,172.31.46.0-255,66,267582,44,305693
31278,0.033716,74.125.200.0-255,5738,273320,44,305693
31279,0.033728,172.31.46.0-255,66,273386,44,305693
31280,0.036322,74.125.200.0-255,4320,277706,44,305693
31281,0.036332,172.31.46.0-255,66,277772,44,305693
31282,0.036361,74.125.200.0-255,1484,279256,44,305693
31283,0.038918,74.125.200.0-255,4320,283576,44,305693
31284,0.038927,172.31.46.0-255,66,283642,44,305693
31285,0.041519,74.125.200.0-255,5738,289380,44,305693
31286,0.041526,172.31.46.0-255,66,289446,44,305693
31287,0.04204,172.31.46.0-255,172,289618,44,305693
31288,0.042078,172.31.46.0-255,1114,290732,44,305693
31289,0.042139,172.31.46.0-255,1514,292246,44,305693
31290,0.042161,172.31.46.0-255,1514,293760,44,305693
31291,0.042164,172.31.46.0-255,1514,295274,44,305693
31292,0.04218,172.31.46.0-255,1514,296788,44,305693
31293,0.042184,172.31.46.0-255,1514,298302,44,305693
31294,0.042185,172.31.46.0-255,71,298373,44,305693
31295,0.043593,104.244.42.0-255,66,298439,44,305693
31296,0.043616,104.244.42.0-255,66,298505,44,305693
31297,0.043694,104.244.42.0-255,66,298571,44,305693
31298,0.043749,104.244.42.0-255,66,298637,44,305693
31299,0.043754,104.244.42.0-255,66,298703,44,305693
31300,0.043757,104.244.42.0-255,66,298769,44,305693
31301,0.0441,74.125.200.0-255,1484,300253,44,305693
31302,0.044125,74.125.200.0-255,4320,304573,44,305693
31303,0.04413,172.31.46.0-255,66,304639,44,305693
31304,0.046707,74.125.200.0-255,817,305456,44,305693
31305,0.046981,172.31.46.0-255,66,305522,44,305693
31306,0.047018,172.31.46.0-255,105,305627,44,305693
31307,0.04957,74.125.200.0-255,66,305693,44,305693
31308,0.0,74.125.24.0-255,146,146,44,269197
31309,1.6e-05,172.31.46.0-255,66,212,44,269197
31310,2.3e-05,74.125.24.0-255,1484,1696,44,269197
31311,2.8e-05,172.31.46.0-255,66,1762,44,269197
31312,3.3e-05,74.125.24.0-255,2902,4664,44,269197
31313,3.5e-05,172.31.46.0-255,66,4730,44,269197
31314,5e-05,74.125.24.0-255,7156,11886,44,269197
31315,5.3e-05,172.31.46.0-255,66,11952,44,269197
31316,8.7e-05,74.125.24.0-255,2080,14032,44,269197
31317,9e-05,172.31.46.0-255,66,14098,44,269197
31318,9.5e-05,74.125.24.0-255,2902,17000,44,269197
31319,9.7e-05,172.31.46.0-255,66,17066,44,269197
31320,0.000104,74.125.24.0-255,7156,24222,44,269197
31321,0.000107,172.31.46.0-255,66,24288,44,269197
31322,0.00014,74.125.24.0-255,6797,31085,44,269197
31323,0.000143,172.31.46.0-255,66,31151,44,269197
31324,0.000261,74.125.24.0-255,1484,32635,44,269197
31325,0.000265,172.31.46.0-255,66,32701,44,269197
31326,0.000271,74.125.24.0-255,2902,35603,44,269197
31327,0.000273,172.31.46.0-255,66,35669,44,269197
31328,0.000301,74.125.24.0-255,5738,41407,44,269197
31329,0.000304,172.31.46.0-255,66,41473,44,269197
31330,0.000333,74.125.24.0-255,7156,48629,44,269197
31331,0.000335,172.31.46.0-255,66,48695,44,269197
31332,0.00035,74.125.24.0-255,3961,52656,44,269197
31333,0.000352,172.31.46.0-255,66,52722,44,269197
31334,0.00037,172.31.46.0-255,66,52788,44,269197
31335,0.000375,74.125.24.0-255,1715,54503,44,269197
31336,0.000378,172.31.46.0-255,66,54569,44,269197
31337,0.000448,74.125.24.0-255,1484,56053,44,269197
31338,0.000451,172.31.46.0-255,66,56119,44,269197
31339,0.000496,74.125.24.0-255,2902,59021,44,269197
31340,0.0005,74.125.24.0-255,1484,60505,44,269197
31341,0.000507,74.125.24.0-255,5738,66243,44,269197
31342,0.00053,74.125.24.0-255,5379,71622,44,269197
31343,0.00073,172.31.46.0-255,66,71688,44,269197
31344,0.001378,74.125.24.0-255,1484,73172,44,269197
31345,0.001384,74.125.24.0-255,1484,74656,44,269197
31346,0.001387,172.31.46.0-255,66,74722,44,269197
31347,0.001413,74.125.24.0-255,1484,76206,44,269197
31348,0.001419,74.125.24.0-255,4320,80526,44,269197
31349,0.001425,172.31.46.0-255,66,80592,44,269197
31350,0.001434,74.125.24.0-255,1484,82076,44,269197
31351,0.001467,74.125.24.0-255,7156,89232,44,269197
31352,0.001479,172.31.46.0-255,66,89298,44,269197
31353,0.001489,74.125.24.0-255,3961,93259,44,269197
31354,0.001506,74.125.24.0-255,2902,96161,44,269197
31355,0.001512,172.31.46.0-255,66,96227,44,269197
31356,0.001543,74.125.24.0-255,2902,99129,44,269197
31357,0.001564,74.125.24.0-255,3602,102731,44,269197
31358,0.001574,172.31.46.0-255,66,102797,44,269197
31359,0.001697,74.125.24.0-255,1484,104281,44,269197
31360,0.001704,74.125.24.0-255,2902,107183,44,269197
31361,0.001706,172.31.46.0-255,66,107249,44,269197
31362,0.001735,74.125.24.0-255,5738,112987,44,269197
31363,0.001752,172.31.46.0-255,66,113053,44,269197
31364,0.001761,74.125.24.0-255,2902,115955,44,269197
31365,0.001765,172.31.46.0-255,66,116021,44,269197
31366,0.001786,74.125.24.0-255,4320,120341,44,269197
31367,0.001807,74.125.24.0-255,4320,124661,44,269197
31368,0.001822,172.31.46.0-255,66,124727,44,269197
31369,0.001848,74.125.24.0-255,2902,127629,44,269197
31370,0.001853,74.125.24.0-255,4320,131949,44,269197
31371,0.00189,74.125.24.0-255,1484,133433,44,269197
31372,0.001915,74.125.24.0-255,7156,140589,44,269197
31373,0.001933,74.125.24.0-255,766,141355,44,269197
31374,0.001936,74.125.24.0-255,1484,142839,44,269197
31375,0.001943,172.31.46.0-255,66,142905,44,269197
31376,0.001956,74.125.24.0-255,2902,145807,44,269197
31377,0.001967,74.125.24.0-255,5738,151545,44,269197
31378,0.002015,172.31.46.0-255,66,151611,44,269197
31379,0.002043,74.125.24.0-255,4320,155931,44,269197
31380,0.002065,74.125.24.0-255,6438,162369,44,269197
31381,0.002071,172.31.46.0-255,66,162435,44,269197
31382,0.002321,74.125.24.0-255,1484,163919,44,269197
31383,0.002342,74.125.24.0-255,2902,166821,44,269197
31384,0.002349,74.125.24.0-255,4320,171141,44,269197
31385,0.002359,74.125.24.0-255,1484,172625,44,269197
31386,0.002377,74.125.24.0-255,7156,179781,44,269197
31387,0.002393,172.31.46.0-255,66,179847,44,269197
31388,0.002414,74.125.24.0-255,4320,184167,44,269197
31389,0.00242,172.31.46.0-255,66,184233,44,269197
31390,0.002505,74.125.24.0-255,5738,189971,44,269197
31391,0.002531,74.125.24.0-255,4320,194291,44,269197
31392,0.00256,74.125.24.0-255,7156,201447,44,269197
31393,0.008519,172.31.46.0-255,66,201513,44,269197
31394,0.011054,74.125.24.0-255,5738,207251,44,269197
31395,0.011062,172.31.46.0-255,66,207317,44,269197
31396,0.0136,74.125.24.0-255,5738,213055,44,269197
31397,0.013607,172.31.46.0-255,66,213121,44,269197
31398,0.016169,74.125.24.0-255,5738,218859,44,269197
31399,0.016646,172.31.46.0-255,66,218925,44,269197
31400,0.01918,74.125.24.0-255,5738,224663,44,269197
31401,0.019191,172.31.46.0-255,66,224729,44,269197
31402,0.021788,74.125.24.0-255,5738,230467,44,269197
31403,0.021798,172.31.46.0-255,66,230533,44,269197
31404,0.024361,74.125.24.0-255,5738,236271,44,269197
31405,0.024369,172.31.46.0-255,66,236337,44,269197
31406,0.026903,74.125.24.0-255,5738,242075,44,269197
31407,0.02691,172.31.46.0-255,66,242141,44,269197
31408,0.029468,74.125.24.0-255,5738,247879,44,269197
31409,0.029476,172.31.46.0-255,66,247945,44,269197
31410,0.032024,74.125.24.0-255,4320,252265,44,269197
31411,0.032032,172.31.46.0-255,66,252331,44,269197
31412,0.03206,74.125.24.0-255,1484,253815,44,269197
31413,0.034593,74.125.24.0-255,4320,258135,44,269197
31414,0.034601,172.31.46.0-255,66,258201,44,269197
31415,0.037147,74.125.24.0-255,1568,259769,44,269197
31416,0.037156,172.31.46.0-255,66,259835,44,269197
31417,0.037347,172.31.46.0-255,105,259940,44,269197
31418,0.03986,74.125.24.0-255,66,260006,44,269197
31419,0.042107,172.31.46.0-255,172,260178,44,269197
31420,0.042136,172.31.46.0-255,1114,261292,44,269197
31421,0.042204,172.31.46.0-255,1514,262806,44,269197
31422,0.042205,172.31.46.0-255,1514,264320,44,269197
31423,0.042211,172.31.46.0-255,1514,265834,44,269197
31424,0.042212,172.31.46.0-255,1514,267348,44,269197
31425,0.042231,172.31.46.0-255,1514,268862,44,269197
31426,0.042233,172.31.46.0-255,71,268933,44,269197
31427,0.043664,104.244.42.0-255,66,268999,44,269197
31428,0.043733,104.244.42.0-255,66,269065,44,269197
31429,0.043782,104.244.42.0-255,66,269131,44,269197
31430,0.043828,104.244.42.0-255,66,269197,44,269197
31431,0.0,74.125.130.0-255,146,146,44,357542
31432,1.4e-05,172.31.46.0-255,66,212,44,357542
31433,4.8e-05,74.125.130.0-255,1484,1696,44,357542
31434,5.3e-05,172.31.46.0-255,66,1762,44,357542
31435,5.8e-05,74.125.130.0-255,2902,4664,44,357542
31436,6.2e-05,172.31.46.0-255,66,4730,44,357542
31437,6.9e-05,74.125.130.0-255,1484,6214,44,357542
31438,7.1e-05,172.31.46.0-255,66,6280,44,357542
31439,0.0001,74.125.130.0-255,1484,7764,44,357542
31440,0.000103,172.31.46.0-255,66,7830,44,357542
31441,0.000108,74.125.130.0-255,4320,12150,44,357542
31442,0.00011,172.31.46.0-255,66,12216,44,357542
31443,0.000117,74.125.130.0-255,2121,14337,44,357542
31444,0.000119,172.31.46.0-255,66,14403,44,357542
31445,0.000328,74.125.130.0-255,1484,15887,44,357542
31446,0.000331,172.31.46.0-255,66,15953,44,357542
31447,0.000335,74.125.130.0-255,2902,18855,44,357542
31448,0.000338,172.31.46.0-255,66,18921,44,357542
31449,0.000362,74.125.130.0-255,2902,21823,44,357542
31450,0.000364,172.31.46.0-255,66,21889,44,357542
31451,0.000387,74.125.130.0-255,4320,26209,44,357542
31452,0.00039,172.31.46.0-255,66,26275,44,357542
31453,0.000415,74.125.130.0-255,5379,31654,44,357542
31454,0.000417,172.31.46.0-255,66,31720,44,357542
31455,0.000451,74.125.130.0-255,2902,34622,44,357542
31456,0.000453,172.31.46.0-255,66,34688,44,357542
31457,0.000475,74.125.130.0-255,2902,37590,44,357542
31458,0.000477,172.31.46.0-255,66,37656,44,357542
31459,0.00048,74.125.130.0-255,1484,39140,44,357542
31460,0.000481,172.31.46.0-255,66,39206,44,357542
31461,0.000504,74.125.130.0-255,5738,44944,44,357542
31462,0.00051,172.31.46.0-255,66,45010,44,357542
31463,0.000534,74.125.130.0-255,2902,47912,44,357542
31464,0.000536,172.31.46.0-255,66,47978,44,357542
31465,0.000539,74.125.130.0-255,1484,49462,44,357542
31466,0.000541,172.31.46.0-255,66,49528,44,357542
31467,0.000545,74.125.130.0-255,2902,52430,44,357542
31468,0.000547,172.31.46.0-255,66,52496,44,357542
31469,0.000551,74.125.130.0-255,2902,55398,44,357542
31470,0.000553,172.31.46.0-255,66,55464,44,357542
31471,0.000576,74.125.130.0-255,2902,58366,44,357542
31472,0.000578,172.31.46.0-255,66,58432,44,357542
31473,0.000584,74.125.130.0-255,1484,59916,44,357542
31474,0.000586,172.31.46.0-255,66,59982,44,357542
31475,0.000614,74.125.130.0-255,1484,61466,44,357542
31476,0.000616,172.31.46.0-255,66,61532,44,357542
31477,0.000643,74.125.130.0-255,5020,66552,44,357542
31478,0.000645,172.31.46.0-255,66,66618,44,357542
31479,0.000851,74.125.130.0-255,360,66978,44,357542
31480,0.000854,172.31.46.0-255,66,67044,44,357542
31481,0.001024,74.125.130.0-255,1484,68528,44,357542
31482,0.001028,172.31.46.0-255,66,68594,44,357542
31483,0.001056,74.125.130.0-255,2902,71496,44,357542
31484,0.001058,172.31.46.0-255,66,71562,44,357542
31485,0.001065,74.125.130.0-255,5738,77300,44,357542
31486,0.001067,172.31.46.0-255,66,77366,44,357542
31487,0.001071,74.125.130.0-255,2902,80268,44,357542
31488,0.001076,172.31.46.0-255,66,80334,44,357542
31489,0.001105,74.125.130.0-255,1484,81818,44,357542
31490,0.001107,172.31.46.0-255,66,81884,44,357542
31491,0.001113,74.125.130.0-255,5738,87622,44,357542
31492,0.001115,172.31.46.0-255,66,87688,44,357542
31493,0.001118,74.125.130.0-255,1484,89172,44,357542
31494,0.001119,172.31.46.0-255,66,89238,44,357542
31495,0.001154,74.125.130.0-255,5738,94976,44,357542
31496,0.001156,172.31.46.0-255,66,95042,44,357542
31497,0.001184,74.125.130.0-255,6438,101480,44,357542
31498,0.001187,172.31.46.0-255,66,101546,44,357542
31499,0.001262,74.125.130.0-255,385,101931,44,357542
31500,0.001265,172.31.46.0-255,66,101997,44,357542
31501,0.0013,74.125.130.0-255,1484,103481,44,357542
31502,0.001303,172.31.46.0-255,66,103547,44,357542
31503,0.001319,74.125.130.0-255,4320,107867,44,357542
31504,0.001323,74.125.130.0-255,1484,109351,44,357542
31505,0.001346,74.125.130.0-255,2902,112253,44,357542
31506,0.001368,74.125.130.0-255,5738,117991,44,357542
31507,0.001371,74.125.130.0-255,1484,119475,44,357542
31508,0.001386,74.125.130.0-255,4320,123795,44,357542
31509,0.001393,74.125.130.0-255,7156,130951,44,357542
31510,0.001423,74.125.130.0-255,1484,132435,44,357542
31511,0.001429,172.31.46.0-255,66,132501,44,357542
31512,0.001452,74.125.130.0-255,3602,136103,44,357542
31513,0.001472,172.31.46.0-255,66,136169,44,357542
31514,0.001582,74.125.130.0-255,1484,137653,44,357542
31515,0.001588,74.125.130.0-255,2902,140555,44,357542
31516,0.0016,74.125.130.0-255,2902,143457,44,357542
31517,0.00161,172.31.46.0-255,66,143523,44,357542
31518,0.001614,74.125.130.0-255,2902,146425,44,357542
31519,0.001618,172.31.46.0-255,66,146491,44,357542
31520,0.001703,74.125.130.0-255,5020,151511,44,357542
31521,0.001709,172.31.46.0-255,66,151577,44,357542
31522,0.001748,74.125.130.0-255,1484,153061,44,357542
31523,0.001765,74.125.130.0-255,2902,155963,44,357542
31524,0.001773,172.31.46.0-255,66,156029,44,357542
31525,0.001778,74.125.130.0-255,4320,160349,44,357542
31526,0.001782,172.31.46.0-255,66,160415,44,357542
31527,0.001812,74.125.130.0-255,5738,166153,44,357542
31528,0.001825,74.125.130.0-255,5738,171891,44,357542
31529,0.001831,172.31.46.0-255,66,171957,44,357542
31530,0.00184,74.125.130.0-255,5738,177695,44,357542
31531,0.001849,74.125.130.0-255,5738,183433,44,357542
31532,0.001858,172.31.46.0-255,66,183499,44,357542
31533,0.001885,74.125.130.0-255,2184,185683,44,357542
31534,0.001901,172.31.46.0-255,66,185749,44,357542
31535,0.001962,74.125.130.0-255,1484,187233,44,357542
31536,0.001976,74.125.130.0-255,2902,190135,44,357542
31537,0.001987,74.125.130.0-255,1484,191619,44,357542
31538,0.001999,172.31.46.0-255,66,191685,44,357542
31539,0.002004,74.125.130.0-255,2902,194587,44,357542
31540,0.002008,74.125.130.0-255,2902,197489,44,357542
31541,0.002013,172.31.46.0-255,66,197555,44,357542
31542,0.002041,74.125.130.0-255,2902,200457,44,357542
31543,0.002084,74.125.130.0-255,5738,206195,44,357542
31544,0.00209,172.31.46.0-255,66,206261,44,357542
31545,0.002107,74.125.130.0-255,4320,210581,44,357542
31546,0.00211,74.125.130.0-255,766,211347,44,357542
31547,0.002125,172.31.46.0-255,66,211413,44,357542
31548,0.002269,74.125.130.0-255,1484,212897,44,357542
31549,0.002296,74.125.130.0-255,2902,215799,44,357542
31550,0.002299,74.125.130.0-255,1484,217283,44,357542
31551,0.002302,74.125.130.0-255,1484,218767,44,357542
31552,0.00231,172.31.46.0-255,66,218833,44,357542
31553,0.002322,74.125.130.0-255,4320,223153,44,357542
31554,0.002342,172.31.46.0-255,66,223219,44,357542
31555,0.002358,74.125.130.0-255,5738,228957,44,357542
31556,0.002369,172.31.46.0-255,66,229023,44,357542
31557,0.002379,74.125.130.0-255,7156,236179,44,357542
31558,0.0024,74.125.130.0-255,7156,243335,44,357542
31559,0.002413,74.125.130.0-255,2184,245519,44,357542
31560,0.002424,172.31.46.0-255,66,245585,44,357542
31561,0.002622,74.125.130.0-255,1484,247069,44,357542
31562,0.002642,74.125.130.0-255,2902,249971,44,357542
31563,0.002646,172.31.46.0-255,66,250037,44,357542
31564,0.00265,74.125.130.0-255,1484,251521,44,357542
31565,0.002669,74.125.130.0-255,1484,253005,44,357542
31566,0.002674,172.31.46.0-255,66,253071,44,357542
31567,0.002704,74.125.130.0-255,4320,257391,44,357542
31568,0.00271,74.125.130.0-255,4320,261711,44,357542
31569,0.002715,172.31.46.0-255,66,261777,44,357542
31570,0.002737,74.125.130.0-255,5738,267515,44,357542
31571,0.002753,74.125.130.0-255,5738,273253,44,357542
31572,0.002763,172.31.46.0-255,66,273319,44,357542
31573,0.002775,74.125.130.0-255,6438,279757,44,357542
31574,0.002792,172.31.46.0-255,66,279823,44,357542
31575,0.002803,74.125.130.0-255,5738,285561,44,357542
31576,0.002826,74.125.130.0-255,7156,292717,44,357542
31577,0.002842,172.31.46.0-255,66,292783,44,357542
31578,0.002884,172.31.46.0-255,66,292849,44,357542
31579,0.002911,74.125.130.0-255,4320,297169,44,357542
31580,0.002918,74.125.130.0-255,6438,303607,44,357542
31581,0.002921,74.125.130.0-255,1484,305091,44,357542
31582,0.002966,74.125.130.0-255,2902,307993,44,357542
31583,0.002969,74.125.130.0-255,1484,309477,44,357542
31584,0.002973,172.31.46.0-255,66,309543,44,357542
31585,0.002983,74.125.130.0-255,2902,312445,44,357542
31586,0.003003,74.125.130.0-255,2902,315347,44,357542
31587,0.003016,172.31.46.0-255,66,315413,44,357542
31588,0.003027,74.125.130.0-255,5738,321151,44,357542
31589,0.003043,74.125.130.0-255,1484,322635,44,357542
31590,0.003048,74.125.130.0-255,3602,326237,44,357542
31591,0.003056,172.31.46.0-255,66,326303,44,357542
31592,0.003065,74.125.130.0-255,2902,329205,44,357542
31593,0.003074,74.125.130.0-255,2902,332107,44,357542
31594,0.003101,74.125.130.0-255,7156,339263,44,357542
31595,0.003105,74.125.130.0-255,1484,340747,44,357542
31596,0.003109,172.31.46.0-255,66,340813,44,357542
31597,0.003116,74.125.130.0-255,1484,342297,44,357542
31598,0.003131,74.125.130.0-255,2902,345199,44,357542
31599,0.003161,74.125.130.0-255,2743,347942,44,357542
31600,0.003168,172.31.46.0-255,66,348008,44,357542
31601,0.003226,74.125.130.0-255,105,348113,44,357542
31602,0.009337,172.31.46.0-255,66,348179,44,357542
31603,0.009373,172.31.46.0-255,105,348284,44,357542
31604,0.011895,74.125.130.0-255,66,348350,44,357542
31605,0.043121,172.31.46.0-255,172,348522,44,357542
31606,0.043154,172.31.46.0-255,1114,349636,44,357542
31607,0.043211,172.31.46.0-255,1514,351150,44,357542
31608,0.043212,172.31.46.0-255,1514,352664,44,357542
31609,0.043217,172.31.46.0-255,1514,354178,44,357542
31610,0.043218,172.31.46.0-255,1514,355692,44,357542
31611,0.043235,172.31.46.0-255,1514,357206,44,357542
31612,0.043236,172.31.46.0-255,72,357278,44,357542
31613,0.044655,104.244.42.0-255,66,357344,44,357542
31614,0.044717,104.244.42.0-255,66,357410,44,357542
31615,0.044816,104.244.42.0-255,66,357476,44,357542
31616,0.044834,104.244.42.0-255,66,357542,44,357542
31617,0.0,74.125.24.0-255,146,146,44,127953
31618,2.5e-05,172.31.46.0-255,66,212,44,127953
31619,3.2e-05,74.125.24.0-255,1484,1696,44,127953
31620,3.7e-05,172.31.46.0-255,66,1762,44,127953
31621,5.2e-05,74.125.24.0-255,2902,4664,44,127953
31622,5.6e-05,172.31.46.0-255,66,4730,44,127953
31623,6.3e-05,74.125.24.0-255,7156,11886,44,127953
31624,6.6e-05,172.31.46.0-255,66,11952,44,127953
31625,7.7e-05,172.31.46.0-255,66,12018,44,127953
31626,0.000129,172.31.46.0-255,66,12084,44,127953
31627,0.000154,74.125.24.0-255,1484,13568,44,127953
31628,0.000156,172.31.46.0-255,66,13634,44,127953
31629,0.00016,74.125.24.0-255,1484,15118,44,127953
31630,0.000162,172.31.46.0-255,66,15184,44,127953
31631,0.000183,74.125.24.0-255,1484,16668,44,127953
31632,0.000185,172.31.46.0-255,66,16734,44,127953
31633,0.000196,74.125.24.0-255,5738,22472,44,127953
31634,0.000198,172.31.46.0-255,66,22538,44,127953
31635,0.000206,74.125.24.0-255,6797,29335,44,127953
31636,0.000209,172.31.46.0-255,66,29401,44,127953
31637,0.00025,172.31.46.0-255,66,29467,44,127953
31638,0.000276,74.125.24.0-255,2848,32315,44,127953
31639,0.000279,172.31.46.0-255,66,32381,44,127953
31640,0.000282,74.125.24.0-255,115,32496,44,127953
31641,0.000284,172.31.46.0-255,66,32562,44,127953
31642,0.000378,74.125.24.0-255,1484,34046,44,127953
31643,0.000382,172.31.46.0-255,66,34112,44,127953
31644,0.000386,74.125.24.0-255,1484,35596,44,127953
31645,0.000388,172.31.46.0-255,66,35662,44,127953
31646,0.000409,74.125.24.0-255,1484,37146,44,127953
31647,0.000422,74.125.24.0-255,5738,42884,44,127953
31648,0.000425,172.31.46.0-255,66,42950,44,127953
31649,0.000455,74.125.24.0-255,5738,48688,44,127953
31650,0.000457,172.31.46.0-255,66,48754,44,127953
31651,0.000489,74.125.24.0-255,5379,54133,44,127953
31652,0.000492,172.31.46.0-255,66,54199,44,127953
31653,0.000511,172.31.46.0-255,66,54265,44,127953
31654,0.000623,74.125.24.0-255,1484,55749,44,127953
31655,0.00063,74.125.24.0-255,2902,58651,44,127953
31656,0.000633,172.31.46.0-255,66,58717,44,127953
31657,0.00064,74.125.24.0-255,5738,64455,44,127953
31658,0.000643,172.31.46.0-255,66,64521,44,127953
31659,0.000664,74.125.24.0-255,1484,66005,44,127953
31660,0.000695,172.31.46.0-255,66,66071,44,127953
31661,0.000707,74.125.24.0-255,1484,67555,44,127953
31662,0.000739,172.31.46.0-255,66,67621,44,127953
31663,0.000745,74.125.24.0-255,7156,74777,44,127953
31664,0.000748,172.31.46.0-255,66,74843,44,127953
31665,0.000777,74.125.24.0-255,7156,81999,44,127953
31666,0.00078,172.31.46.0-255,66,82065,44,127953
31667,0.000792,172.31.46.0-255,66,82131,44,127953
31668,0.000809,172.31.46.0-255,66,82197,44,127953
31669,0.000833,74.125.24.0-255,4320,86517,44,127953
31670,0.000836,172.31.46.0-255,66,86583,44,127953
31671,0.000858,74.125.24.0-255,2543,89126,44,127953
31672,0.000865,172.31.46.0-255,66,89192,44,127953
31673,0.000891,74.125.24.0-255,1484,90676,44,127953
31674,0.000905,74.125.24.0-255,2902,93578,44,127953
31675,0.000908,172.31.46.0-255,66,93644,44,127953
31676,0.000912,74.125.24.0-255,2902,96546,44,127953
31677,0.000915,172.31.46.0-255,66,96612,44,127953
31678,0.000931,74.125.24.0-255,2902,99514,44,127953
31679,0.000934,172.31.46.0-255,66,99580,44,127953
31680,0.000949,172.31.46.0-255,66,99646,44,127953
31681,0.00101,172.31.46.0-255,66,99712,44,127953
31682,0.001047,172.31.46.0-255,66,99778,44,127953
31683,0.001086,172.31.46.0-255,66,99844,44,127953
31684,0.001093,74.125.24.0-255,5738,105582,44,127953
31685,0.001095,172.31.46.0-255,66,105648,44,127953
31686,0.001134,172.31.46.0-255,66,105714,44,127953
31687,0.001148,172.31.46.0-255,66,105780,44,127953
31688,0.001168,172.31.46.0-255,66,105846,44,127953
31689,0.001213,74.125.24.0-255,2902,108748,44,127953
31690,0.001215,172.31.46.0-255,66,108814,44,127953
31691,0.001242,74.125.24.0-255,1484,110298,44,127953
31692,0.001253,74.125.24.0-255,5738,116036,44,127953
31693,0.001255,172.31.46.0-255,66,116102,44,127953
31694,0.001267,172.31.46.0-255,66,116168,44,127953
31695,0.00128,172.31.46.0-255,66,116234,44,127953
31696,0.00129,172.31.46.0-255,66,116300,44,127953
31697,0.001336,172.31.46.0-255,66,116366,44,127953
31698,0.001347,172.31.46.0-255,66,116432,44,127953
31699,0.001382,172.31.46.0-255,66,116498,44,127953
31700,0.001385,74.125.24.0-255,1484,117982,44,127953
31701,0.001421,172.31.46.0-255,66,118048,44,127953
31702,0.001443,172.31.46.0-255,66,118114,44,127953
31703,0.001452,172.31.46.0-255,66,118180,44,127953
31704,0.001488,74.125.24.0-255,105,118285,44,127953
31705,0.004367,172.31.46.0-255,66,118351,44,127953
31706,0.004404,172.31.46.0-255,105,118456,44,127953
31707,0.006454,74.125.24.0-255,66,118522,44,127953
31708,0.038322,172.31.46.0-255,172,118694,44,127953
31709,0.038355,172.31.46.0-255,1114,119808,44,127953
31710,0.038426,172.31.46.0-255,1514,121322,44,127953
31711,0.038428,172.31.46.0-255,1514,122836,44,127953
31712,0.038433,172.31.46.0-255,1514,124350,44,127953
31713,0.038435,172.31.46.0-255,1514,125864,44,127953
31714,0.038453,172.31.46.0-255,1514,127378,44,127953
31715,0.038454,172.31.46.0-255,71,127449,44,127953
31716,0.039882,104.244.42.0-255,66,127515,44,127953
31717,0.039895,104.244.42.0-255,66,127581,44,127953
31718,0.039998,104.244.42.0-255,66,127647,44,127953
31719,0.040005,104.244.42.0-255,66,127713,44,127953
31720,0.040008,104.244.42.0-255,66,127779,44,127953
31721,0.04072,104.244.42.0-255,108,127887,44,127953
31722,0.040729,172.31.46.0-255,66,127953,44,127953
31723,0.0,74.125.200.0-255,152,152,44,343295
31724,1.5e-05,172.31.46.0-255,66,218,44,343295
31725,5.3e-05,74.125.200.0-255,1484,1702,44,343295
31726,5.8e-05,172.31.46.0-255,66,1768,44,343295
31727,6.4e-05,74.125.200.0-255,2902,4670,44,343295
31728,6.7e-05,172.31.46.0-255,66,4736,44,343295
31729,7.9e-05,74.125.200.0-255,5738,10474,44,343295
31730,8.2e-05,172.31.46.0-255,66,10540,44,343295
31731,8.6e-05,74.125.200.0-255,2902,13442,44,343295
31732,9e-05,172.31.46.0-255,66,13508,44,343295
31733,0.000103,74.125.200.0-255,1484,14992,44,343295
31734,0.000105,172.31.46.0-255,66,15058,44,343295
31735,0.000128,74.125.200.0-255,2111,17169,44,343295
31736,0.000135,172.31.46.0-255,66,17235,44,343295
31737,0.00014,74.125.200.0-255,2902,20137,44,343295
31738,0.000142,172.31.46.0-255,66,20203,44,343295
31739,0.000174,74.125.200.0-255,4320,24523,44,343295
31740,0.000177,172.31.46.0-255,66,24589,44,343295
31741,0.000208,74.125.200.0-255,6797,31386,44,343295
31742,0.000211,172.31.46.0-255,66,31452,44,343295
31743,0.000278,74.125.200.0-255,1484,32936,44,343295
31744,0.000281,172.31.46.0-255,66,33002,44,343295
31745,0.000298,74.125.200.0-255,2902,35904,44,343295
31746,0.000301,172.31.46.0-255,66,35970,44,343295
31747,0.000305,74.125.200.0-255,2902,38872,44,343295
31748,0.000308,172.31.46.0-255,66,38938,44,343295
31749,0.00032,74.125.200.0-255,2902,41840,44,343295
31750,0.000322,172.31.46.0-255,66,41906,44,343295
31751,0.000363,172.31.46.0-255,66,41972,44,343295
31752,0.000412,172.31.46.0-255,66,42038,44,343295
31753,0.000644,74.125.200.0-255,128,42166,44,343295
31754,0.00069,74.125.200.0-255,1484,43650,44,343295
31755,0.000707,74.125.200.0-255,2902,46552,44,343295
31756,0.000715,172.31.46.0-255,66,46618,44,343295
31757,0.000744,74.125.200.0-255,4320,50938,44,343295
31758,0.00076,74.125.200.0-255,2902,53840,44,343295
31759,0.000764,74.125.200.0-255,2902,56742,44,343295
31760,0.000774,172.31.46.0-255,66,56808,44,343295
31761,0.000781,74.125.200.0-255,5738,62546,44,343295
31762,0.00079,172.31.46.0-255,66,62612,44,343295
31763,0.000799,74.125.200.0-255,1484,64096,44,343295
31764,0.000822,74.125.200.0-255,5738,69834,44,343295
31765,0.000836,74.125.200.0-255,1484,71318,44,343295
31766,0.00084,172.31.46.0-255,66,71384,44,343295
31767,0.00085,74.125.200.0-255,2902,74286,44,343295
31768,0.000886,172.31.46.0-255,66,74352,44,343295
31769,0.000891,74.125.200.0-255,2184,76536,44,343295
31770,0.000909,172.31.46.0-255,66,76602,44,343295
31771,0.0012,74.125.200.0-255,1484,78086,44,343295
31772,0.001215,74.125.200.0-255,2902,80988,44,343295
31773,0.001218,172.31.46.0-255,66,81054,44,343295
31774,0.001244,74.125.200.0-255,2902,83956,44,343295
31775,0.001261,74.125.200.0-255,4320,88276,44,343295
31776,0.001276,172.31.46.0-255,66,88342,44,343295
31777,0.001306,74.125.200.0-255,2902,91244,44,343295
31778,0.001322,172.31.46.0-255,66,91310,44,343295
31779,0.001358,172.31.46.0-255,66,91376,44,343295
31780,0.001383,74.125.200.0-255,2184,93560,44,343295
31781,0.00139,172.31.46.0-255,66,93626,44,343295
31782,0.001515,74.125.200.0-255,1484,95110,44,343295
31783,0.00152,74.125.200.0-255,2902,98012,44,343295
31784,0.001523,172.31.46.0-255,66,98078,44,343295
31785,0.001551,74.125.200.0-255,5738,103816,44,343295
31786,0.001556,74.125.200.0-255,2902,106718,44,343295
31787,0.001562,74.125.200.0-255,4320,111038,44,343295
31788,0.001574,172.31.46.0-255,101,111139,44,343295
31789,0.00161,74.125.200.0-255,4320,115459,44,343295
31790,0.001618,172.31.46.0-255,66,115525,44,343295
31791,0.001646,74.125.200.0-255,3602,119127,44,343295
31792,0.001667,172.31.46.0-255,66,119193,44,343295
31793,0.001678,74.125.200.0-255,1484,120677,44,343295
31794,0.0017,74.125.200.0-255,2902,123579,44,343295
31795,0.001706,74.125.200.0-255,4320,127899,44,343295
31796,0.001719,74.125.200.0-255,2902,130801,44,343295
31797,0.001735,74.125.200.0-255,2902,133703,44,343295
31798,0.001754,74.125.200.0-255,5738,139441,44,343295
31799,0.001757,172.31.46.0-255,66,139507,44,343295
31800,0.001767,74.125.200.0-255,1484,140991,44,343295
31801,0.001775,172.31.46.0-255,66,141057,44,343295
31802,0.001799,74.125.200.0-255,3602,144659,44,343295
31803,0.00182,74.125.200.0-255,4320,148979,44,343295
31804,0.001834,172.31.46.0-255,66,149045,44,343295
31805,0.001864,74.125.200.0-255,5738,154783,44,343295
31806,0.001871,172.31.46.0-255,66,154849,44,343295
31807,0.001897,74.125.200.0-255,4320,159169,44,343295
31808,0.001905,74.125.200.0-255,5738,164907,44,343295
31809,0.001927,74.125.200.0-255,5738,170645,44,343295
31810,0.001934,74.125.200.0-255,7156,177801,44,343295
31811,0.001967,74.125.200.0-255,1484,179285,44,343295
31812,0.001984,172.31.46.0-255,66,179351,44,343295
31813,0.001992,74.125.200.0-255,6438,185789,44,343295
31814,0.002001,74.125.200.0-255,4320,190109,44,343295
31815,0.002013,74.125.200.0-255,5738,195847,44,343295
31816,0.002018,74.125.200.0-255,4320,200167,44,343295
31817,0.002027,172.31.46.0-255,66,200233,44,343295
31818,0.002038,74.125.200.0-255,2902,203135,44,343295
31819,0.002046,74.125.200.0-255,2902,206037,44,343295
31820,0.002064,172.31.46.0-255,66,206103,44,343295
31821,0.003591,74.125.200.0-255,66,206169,44,343295
31822,0.004058,74.125.200.0-255,5738,211907,44,343295
31823,0.006372,172.31.46.0-255,66,211973,44,343295
31824,0.008362,74.125.200.0-255,5738,217711,44,343295
31825,0.00837,172.31.46.0-255,66,217777,44,343295
31826,0.010352,74.125.200.0-255,4320,222097,44,343295
31827,0.010357,172.31.46.0-255,66,222163,44,343295
31828,0.010384,74.125.200.0-255,1484,223647,44,343295
31829,0.012363,74.125.200.0-255,4320,227967,44,343295
31830,0.012372,172.31.46.0-255,66,228033,44,343295
31831,0.014368,74.125.200.0-255,5738,233771,44,343295
31832,0.014377,172.31.46.0-255,66,233837,44,343295
31833,0.016374,74.125.200.0-255,5738,239575,44,343295
31834,0.016383,172.31.46.0-255,66,239641,44,343295
31835,0.01838,74.125.200.0-255,5738,245379,44,343295
31836,0.018393,172.31.46.0-255,66,245445,44,343295
31837,0.020414,74.125.200.0-255,5738,251183,44,343295
31838,0.020429,172.31.46.0-255,66,251249,44,343295
31839,0.022418,74.125.200.0-255,5738,256987,44,343295
31840,0.022431,172.31.46.0-255,66,257053,44,343295
31841,0.024442,74.125.200.0-255,5738,262791,44,343295
31842,0.024456,172.31.46.0-255,66,262857,44,343295
31843,0.026454,74.125.200.0-255,2902,265759,44,343295
31844,0.026466,172.31.46.0-255,66,265825,44,343295
31845,0.0265,74.125.200.0-255,2902,268727,44,343295
31846,0.026504,172.31.46.0-255,66,268793,44,343295
31847,0.02845,74.125.200.0-255,1484,270277,44,343295
31848,0.028478,74.125.200.0-255,1484,271761,44,343295
31849,0.028484,172.31.46.0-255,66,271827,44,343295
31850,0.028519,74.125.200.0-255,2902,274729,44,343295
31851,0.028522,172.31.46.0-255,66,274795,44,343295
31852,0.030483,74.125.200.0-255,2902,277697,44,343295
31853,0.030495,172.31.46.0-255,66,277763,44,343295
31854,0.030528,74.125.200.0-255,2902,280665,44,343295
31855,0.030531,172.31.46.0-255,66,280731,44,343295
31856,0.032503,74.125.200.0-255,2902,283633,44,343295
31857,0.032519,172.31.46.0-255,66,283699,44,343295
31858,0.032555,74.125.200.0-255,2902,286601,44,343295
31859,0.032559,172.31.46.0-255,66,286667,44,343295
31860,0.034527,74.125.200.0-255,2902,289569,44,343295
31861,0.034536,172.31.46.0-255,66,289635,44,343295
31862,0.03457,74.125.200.0-255,2902,292537,44,343295
31863,0.034573,172.31.46.0-255,66,292603,44,343295
31864,0.036527,74.125.200.0-255,2902,295505,44,343295
31865,0.036536,172.31.46.0-255,66,295571,44,343295
31866,0.036572,74.125.200.0-255,2902,298473,44,343295
31867,0.036575,172.31.46.0-255,66,298539,44,343295
31868,0.038536,74.125.200.0-255,2902,301441,44,343295
31869,0.038546,172.31.46.0-255,66,301507,44,343295
31870,0.038575,74.125.200.0-255,2902,304409,44,343295
31871,0.038577,172.31.46.0-255,66,304475,44,343295
31872,0.040539,74.125.200.0-255,2902,307377,44,343295
31873,0.040548,172.31.46.0-255,66,307443,44,343295
31874,0.040578,74.125.200.0-255,2902,310345,44,343295
31875,0.040581,172.31.46.0-255,66,310411,44,343295
31876,0.042531,74.125.200.0-255,2902,313313,44,343295
31877,0.042538,172.31.46.0-255,66,313379,44,343295
31878,0.04257,74.125.200.0-255,2902,316281,44,343295
31879,0.042574,172.31.46.0-255,66,316347,44,343295
31880,0.04333,172.31.46.0-255,188,316535,44,343295
31881,0.043363,172.31.46.0-255,955,317490,44,343295
31882,0.043427,172.31.46.0-255,1514,319004,44,343295
31883,0.043429,172.31.46.0-255,1514,320518,44,343295
31884,0.04343,172.31.46.0-255,1514,322032,44,343295
31885,0.043432,172.31.46.0-255,1514,323546,44,343295
31886,0.043459,172.31.46.0-255,1514,325060,44,343295
31887,0.04346,172.31.46.0-255,229,325289,44,343295
31888,0.044539,74.125.200.0-255,2902,328191,44,343295
31889,0.044546,172.31.46.0-255,66,328257,44,343295
31890,0.044571,74.125.200.0-255,2902,331159,44,343295
31891,0.044574,172.31.46.0-255,66,331225,44,343295
31892,0.044864,104.244.42.0-255,66,331291,44,343295
31893,0.044917,104.244.42.0-255,66,331357,44,343295
31894,0.045029,104.244.42.0-255,66,331423,44,343295
31895,0.04654,74.125.200.0-255,2902,334325,44,343295
31896,0.046548,172.31.46.0-255,66,334391,44,343295
31897,0.046581,74.125.200.0-255,2902,337293,44,343295
31898,0.046584,172.31.46.0-255,66,337359,44,343295
31899,0.048552,74.125.200.0-255,2902,340261,44,343295
31900,0.048559,172.31.46.0-255,66,340327,44,343295
31901,0.048592,74.125.200.0-255,2902,343229,44,343295
31902,0.048595,172.31.46.0-255,66,343295,44,343295
31903,0.0,172.217.194.0-255,153,153,44,200156
31904,2.7e-05,172.31.46.0-255,66,219,44,200156
31905,3.5e-05,172.217.194.0-255,1484,1703,44,200156
31906,4e-05,172.31.46.0-255,66,1769,44,200156
31907,4.6e-05,172.217.194.0-255,2902,4671,44,200156
31908,5e-05,172.31.46.0-255,66,4737,44,200156
31909,5.8e-05,172.217.194.0-255,7156,11893,44,200156
31910,6.2e-05,172.31.46.0-255,66,11959,44,200156
31911,6.9e-05,172.217.194.0-255,6346,18305,44,200156
31912,7.2e-05,172.31.46.0-255,66,18371,44,200156
31913,9.1e-05,172.217.194.0-255,1484,19855,44,200156
31914,9.3e-05,172.31.46.0-255,66,19921,44,200156
31915,0.000122,172.31.46.0-255,66,19987,44,200156
31916,0.000166,172.31.46.0-255,66,20053,44,200156
31917,0.00017,172.217.194.0-255,2902,22955,44,200156
31918,0.000173,172.31.46.0-255,66,23021,44,200156
31919,0.000203,172.31.46.0-255,66,23087,44,200156
31920,0.000215,172.31.46.0-255,66,23153,44,200156
31921,0.000218,172.217.194.0-255,341,23494,44,200156
31922,0.00022,172.31.46.0-255,66,23560,44,200156
31923,0.000723,172.217.194.0-255,117,23677,44,200156
31924,0.000729,172.31.46.0-255,66,23743,44,200156
31925,0.000768,172.217.194.0-255,1484,25227,44,200156
31926,0.000772,172.31.46.0-255,66,25293,44,200156
31927,0.000777,172.217.194.0-255,2902,28195,44,200156
31928,0.000779,172.31.46.0-255,66,28261,44,200156
31929,0.000811,172.217.194.0-255,7156,35417,44,200156
31930,0.000814,172.31.46.0-255,66,35483,44,200156
31931,0.000822,172.217.194.0-255,7156,42639,44,200156
31932,0.000824,172.31.46.0-255,66,42705,44,200156
31933,0.000846,172.217.194.0-255,1484,44189,44,200156
31934,0.000868,172.217.194.0-255,7156,51345,44,200156
31935,0.000872,172.31.46.0-255,66,51411,44,200156
31936,0.000894,172.217.194.0-255,6438,57849,44,200156
31937,0.000896,172.31.46.0-255,66,57915,44,200156
31938,0.000916,172.217.194.0-255,383,58298,44,200156
31939,0.000947,172.217.194.0-255,1484,59782,44,200156
31940,0.000951,172.31.46.0-255,66,59848,44,200156
31941,0.000962,172.217.194.0-255,4320,64168,44,200156
31942,0.000964,172.31.46.0-255,66,64234,44,200156
31943,0.001007,172.31.46.0-255,66,64300,44,200156
31944,0.00102,172.31.46.0-255,66,64366,44,200156
31945,0.001044,172.31.46.0-255,66,64432,44,200156
31946,0.001083,172.217.194.0-255,1484,65916,44,200156
31947,0.001087,172.217.194.0-255,2902,68818,44,200156
31948,0.00109,172.217.194.0-255,1484,70302,44,200156
31949,0.001094,172.31.46.0-255,66,70368,44,200156
31950,0.001113,172.217.194.0-255,4320,74688,44,200156
31951,0.001116,172.31.46.0-255,66,74754,44,200156
31952,0.001147,172.217.194.0-255,1484,76238,44,200156
31953,0.001166,172.31.46.0-255,66,76304,44,200156
31954,0.001179,172.31.46.0-255,66,76370,44,200156
31955,0.001196,172.217.194.0-255,3602,79972,44,200156
31956,0.001198,172.31.46.0-255,66,80038,44,200156
31957,0.001205,172.217.194.0-255,5738,85776,44,200156
31958,0.001208,172.31.46.0-255,66,85842,44,200156
31959,0.001244,172.31.46.0-255,66,85908,44,200156
31960,0.001255,172.31.46.0-255,66,85974,44,200156
31961,0.00128,172.217.194.0-255,4320,90294,44,200156
31962,0.001282,172.31.46.0-255,66,90360,44,200156
31963,0.0013,172.217.194.0-255,5020,95380,44,200156
31964,0.001303,172.31.46.0-255,66,95446,44,200156
31965,0.00154,172.217.194.0-255,1484,96930,44,200156
31966,0.001556,172.217.194.0-255,2902,99832,44,200156
31967,0.00156,172.31.46.0-255,66,99898,44,200156
31968,0.001567,172.217.194.0-255,5738,105636,44,200156
31969,0.001569,172.31.46.0-255,66,105702,44,200156
31970,0.001574,172.217.194.0-255,2902,108604,44,200156
31971,0.001576,172.31.46.0-255,66,108670,44,200156
31972,0.001598,172.217.194.0-255,4320,112990,44,200156
31973,0.001601,172.31.46.0-255,66,113056,44,200156
31974,0.001608,172.217.194.0-255,5738,118794,44,200156
31975,0.00161,172.31.46.0-255,66,118860,44,200156
31976,0.001638,172.31.46.0-255,66,118926,44,200156
31977,0.001643,172.217.194.0-255,2184,121110,44,200156
31978,0.001645,172.31.46.0-255,66,121176,44,200156
31979,0.001649,172.217.194.0-255,2902,124078,44,200156
31980,0.001651,172.31.46.0-255,66,124144,44,200156
31981,0.001659,172.217.194.0-255,5738,129882,44,200156
31982,0.001661,172.31.46.0-255,66,129948,44,200156
31983,0.001688,172.217.194.0-255,1484,131432,44,200156
31984,0.001711,172.31.46.0-255,66,131498,44,200156
31985,0.001714,172.217.194.0-255,1484,132982,44,200156
31986,0.001738,172.217.194.0-255,6438,139420,44,200156
31987,0.001741,172.31.46.0-255,66,139486,44,200156
31988,0.001747,172.217.194.0-255,4320,143806,44,200156
31989,0.001749,172.31.46.0-255,66,143872,44,200156
31990,0.001763,172.217.194.0-255,2902,146774,44,200156
31991,0.001765,172.31.46.0-255,66,146840,44,200156
31992,0.001779,172.217.194.0-255,2902,149742,44,200156
31993,0.001783,172.31.46.0-255,66,149808,44,200156
31994,0.001829,172.31.46.0-255,66,149874,44,200156
31995,0.001836,172.31.46.0-255,66,149940,44,200156
31996,0.001864,172.31.46.0-255,66,150006,44,200156
31997,0.00187,172.217.194.0-255,4320,154326,44,200156
31998,0.001872,172.31.46.0-255,66,154392,44,200156
31999,0.001915,172.217.194.0-255,3602,157994,44,200156
32000,0.001954,172.31.46.0-255,66,158060,44,200156
32001,0.001957,172.31.46.0-255,66,158126,44,200156
32002,0.002049,172.217.194.0-255,1484,159610,44,200156
32003,0.002055,172.217.194.0-255,2902,162512,44,200156
32004,0.002058,172.31.46.0-255,66,162578,44,200156
32005,0.002061,172.217.194.0-255,1484,164062,44,200156
32006,0.002082,172.217.194.0-255,4320,168382,44,200156
32007,0.002085,172.31.46.0-255,66,168448,44,200156
32008,0.002108,172.31.46.0-255,66,168514,44,200156
32009,0.002125,172.217.194.0-255,2902,171416,44,200156
32010,0.002127,172.31.46.0-255,66,171482,44,200156
32011,0.002131,172.217.194.0-255,1484,172966,44,200156
32012,0.002148,172.217.194.0-255,2902,175868,44,200156
32013,0.002152,172.31.46.0-255,66,175934,44,200156
32014,0.00218,172.31.46.0-255,66,176000,44,200156
32015,0.002183,172.217.194.0-255,1484,177484,44,200156
32016,0.002212,172.217.194.0-255,7156,184640,44,200156
32017,0.002216,172.31.46.0-255,66,184706,44,200156
32018,0.002239,172.217.194.0-255,5611,190317,44,200156
32019,0.002242,172.31.46.0-255,66,190383,44,200156
32020,0.002245,172.217.194.0-255,105,190488,44,200156
32021,0.008825,172.31.46.0-255,66,190554,44,200156
32022,0.008879,172.31.46.0-255,105,190659,44,200156
32023,0.011204,172.217.194.0-255,66,190725,44,200156
32024,0.03795,172.31.46.0-255,172,190897,44,200156
32025,0.037984,172.31.46.0-255,1113,192010,44,200156
32026,0.038069,172.31.46.0-255,1514,193524,44,200156
32027,0.03809,172.31.46.0-255,1514,195038,44,200156
32028,0.038094,172.31.46.0-255,1514,196552,44,200156
32029,0.038109,172.31.46.0-255,1514,198066,44,200156
32030,0.038113,172.31.46.0-255,1514,199580,44,200156
32031,0.038114,172.31.46.0-255,72,199652,44,200156
32032,0.039485,104.244.42.0-255,66,199718,44,200156
32033,0.039521,104.244.42.0-255,66,199784,44,200156
32034,0.039632,104.244.42.0-255,66,199850,44,200156
32035,0.039677,104.244.42.0-255,66,199916,44,200156
32036,0.039681,104.244.42.0-255,66,199982,44,200156
32037,0.040305,104.244.42.0-255,108,200090,44,200156
32038,0.040319,172.31.46.0-255,66,200156,44,200156
32039,0.0,74.125.130.0-255,153,153,44,276564
32040,2.4e-05,172.31.46.0-255,66,219,44,276564
32041,3e-05,74.125.130.0-255,1484,1703,44,276564
32042,3.6e-05,172.31.46.0-255,66,1769,44,276564
32043,4.1e-05,74.125.130.0-255,2902,4671,44,276564
32044,4.6e-05,172.31.46.0-255,66,4737,44,276564
32045,8.2e-05,74.125.130.0-255,7156,11893,44,276564
32046,8.5e-05,172.31.46.0-255,66,11959,44,276564
32047,0.000105,74.125.130.0-255,1948,13907,44,276564
32048,0.000108,172.31.46.0-255,66,13973,44,276564
32049,0.000261,74.125.130.0-255,1484,15457,44,276564
32050,0.000266,172.31.46.0-255,66,15523,44,276564
32051,0.000287,74.125.130.0-255,2902,18425,44,276564
32052,0.000304,172.31.46.0-255,66,18491,44,276564
32053,0.00031,74.125.130.0-255,4320,22811,44,276564
32054,0.000313,172.31.46.0-255,66,22877,44,276564
32055,0.000341,74.125.130.0-255,5738,28615,44,276564
32056,0.000344,172.31.46.0-255,66,28681,44,276564
32057,0.000363,74.125.130.0-255,1484,30165,44,276564
32058,0.000365,172.31.46.0-255,66,30231,44,276564
32059,0.000382,74.125.130.0-255,1125,31356,44,276564
32060,0.000385,172.31.46.0-255,66,31422,44,276564
32061,0.00043,74.125.130.0-255,1484,32906,44,276564
32062,0.000433,172.31.46.0-255,66,32972,44,276564
32063,0.000445,74.125.130.0-255,1484,34456,44,276564
32064,0.000448,172.31.46.0-255,66,34522,44,276564
32065,0.000466,74.125.130.0-255,2902,37424,44,276564
32066,0.000469,172.31.46.0-255,66,37490,44,276564
32067,0.000495,74.125.130.0-255,5738,43228,44,276564
32068,0.000498,172.31.46.0-255,66,43294,44,276564
32069,0.00052,74.125.130.0-255,5379,48673,44,276564
32070,0.000522,172.31.46.0-255,66,48739,44,276564
32071,0.00061,74.125.130.0-255,1484,50223,44,276564
32072,0.000624,74.125.130.0-255,1484,51707,44,276564
32073,0.000627,172.31.46.0-255,66,51773,44,276564
32074,0.000646,74.125.130.0-255,1484,53257,44,276564
32075,0.000649,74.125.130.0-255,1484,54741,44,276564
32076,0.000651,172.31.46.0-255,66,54807,44,276564
32077,0.000656,74.125.130.0-255,2902,57709,44,276564
32078,0.000659,172.31.46.0-255,66,57775,44,276564
32079,0.000673,74.125.130.0-255,1484,59259,44,276564
32080,0.000693,74.125.130.0-255,4320,63579,44,276564
32081,0.000697,172.31.46.0-255,66,63645,44,276564
32082,0.000701,74.125.130.0-255,2543,66188,44,276564
32083,0.000703,172.31.46.0-255,66,66254,44,276564
32084,0.000819,74.125.130.0-255,362,66616,44,276564
32085,0.000868,74.125.130.0-255,1484,68100,44,276564
32086,0.000872,172.31.46.0-255,66,68166,44,276564
32087,0.000889,74.125.130.0-255,2902,71068,44,276564
32088,0.000892,172.31.46.0-255,66,71134,44,276564
32089,0.000903,74.125.130.0-255,1484,72618,44,276564
32090,0.000927,74.125.130.0-255,1484,74102,44,276564
32091,0.00093,172.31.46.0-255,66,74168,44,276564
32092,0.000946,74.125.130.0-255,1484,75652,44,276564
32093,0.000953,74.125.130.0-255,5738,81390,44,276564
32094,0.000955,172.31.46.0-255,66,81456,44,276564
32095,0.000959,74.125.130.0-255,1484,82940,44,276564
32096,0.000963,74.125.130.0-255,2902,85842,44,276564
32097,0.000965,172.31.46.0-255,66,85908,44,276564
32098,0.000991,74.125.130.0-255,5738,91646,44,276564
32099,0.000995,172.31.46.0-255,66,91712,44,276564
32100,0.001003,74.125.130.0-255,1484,93196,44,276564
32101,0.001027,172.31.46.0-255,66,93262,44,276564
32102,0.001468,74.125.130.0-255,1484,94746,44,276564
32103,0.001524,74.125.130.0-255,1484,96230,44,276564
32104,0.001528,172.31.46.0-255,66,96296,44,276564
32105,0.001545,74.125.130.0-255,2902,99198,44,276564
32106,0.001549,172.31.46.0-255,66,99264,44,276564
32107,0.001564,74.125.130.0-255,1484,100748,44,276564
32108,0.001621,74.125.130.0-255,2902,103650,44,276564
32109,0.001625,172.31.46.0-255,66,103716,44,276564
32110,0.001659,74.125.130.0-255,4320,108036,44,276564
32111,0.001662,172.31.46.0-255,66,108102,44,276564
32112,0.001665,74.125.130.0-255,1484,109586,44,276564
32113,0.001668,74.125.130.0-255,1484,111070,44,276564
32114,0.00167,172.31.46.0-255,66,111136,44,276564
32115,0.001692,74.125.130.0-255,1484,112620,44,276564
32116,0.001718,74.125.130.0-255,1484,114104,44,276564
32117,0.001721,172.31.46.0-255,66,114170,44,276564
32118,0.001769,74.125.130.0-255,1484,115654,44,276564
32119,0.001811,74.125.130.0-255,2902,118556,44,276564
32120,0.001814,172.31.46.0-255,66,118622,44,276564
32121,0.001861,74.125.130.0-255,1484,120106,44,276564
32122,0.00188,74.125.130.0-255,2902,123008,44,276564
32123,0.001883,172.31.46.0-255,66,123074,44,276564
32124,0.001898,74.125.130.0-255,5020,128094,44,276564
32125,0.001901,172.31.46.0-255,66,128160,44,276564
32126,0.002165,74.125.130.0-255,1484,129644,44,276564
32127,0.002189,74.125.130.0-255,2902,132546,44,276564
32128,0.002194,172.31.46.0-255,66,132612,44,276564
32129,0.002201,74.125.130.0-255,5738,138350,44,276564
32130,0.002203,172.31.46.0-255,66,138416,44,276564
32131,0.002235,74.125.130.0-255,5738,144154,44,276564
32132,0.002238,172.31.46.0-255,66,144220,44,276564
32133,0.002256,74.125.130.0-255,1484,145704,44,276564
32134,0.002288,74.125.130.0-255,4320,150024,44,276564
32135,0.00229,172.31.46.0-255,66,150090,44,276564
32136,0.002311,74.125.130.0-255,1484,151574,44,276564
32137,0.002319,74.125.130.0-255,7156,158730,44,276564
32138,0.002321,172.31.46.0-255,66,158796,44,276564
32139,0.002327,74.125.130.0-255,3602,162398,44,276564
32140,0.002329,172.31.46.0-255,66,162464,44,276564
32141,0.004846,74.125.130.0-255,2902,165366,44,276564
32142,0.004854,172.31.46.0-255,66,165432,44,276564
32143,0.004875,74.125.130.0-255,2902,168334,44,276564
32144,0.004877,172.31.46.0-255,66,168400,44,276564
32145,0.007344,74.125.130.0-255,2902,171302,44,276564
32146,0.007348,172.31.46.0-255,66,171368,44,276564
32147,0.007363,74.125.130.0-255,2902,174270,44,276564
32148,0.007365,172.31.46.0-255,66,174336,44,276564
32149,0.009862,74.125.130.0-255,5738,180074,44,276564
32150,0.009872,172.31.46.0-255,66,180140,44,276564
32151,0.01238,74.125.130.0-255,5738,185878,44,276564
32152,0.012391,172.31.46.0-255,66,185944,44,276564
32153,0.014902,74.125.130.0-255,5738,191682,44,276564
32154,0.014915,172.31.46.0-255,66,191748,44,276564
32155,0.017435,74.125.130.0-255,5738,197486,44,276564
32156,0.017444,172.31.46.0-255,66,197552,44,276564
32157,0.019959,74.125.130.0-255,5738,203290,44,276564
32158,0.01997,172.31.46.0-255,66,203356,44,276564
32159,0.022492,74.125.130.0-255,5738,209094,44,276564
32160,0.022503,172.31.46.0-255,66,209160,44,276564
32161,0.025017,74.125.130.0-255,5738,214898,44,276564
32162,0.025025,172.31.46.0-255,66,214964,44,276564
32163,0.027539,74.125.130.0-255,5738,220702,44,276564
32164,0.02755,172.31.46.0-255,66,220768,44,276564
32165,0.030058,74.125.130.0-255,5738,226506,44,276564
32166,0.03007,172.31.46.0-255,66,226572,44,276564
32167,0.032569,74.125.130.0-255,5738,232310,44,276564
32168,0.032579,172.31.46.0-255,66,232376,44,276564
32169,0.035083,74.125.130.0-255,5738,238114,44,276564
32170,0.035094,172.31.46.0-255,66,238180,44,276564
32171,0.035623,172.31.46.0-255,172,238352,44,276564
32172,0.035655,172.31.46.0-255,1109,239461,44,276564
32173,0.035729,172.31.46.0-255,1514,240975,44,276564
32174,0.035735,172.31.46.0-255,1514,242489,44,276564
32175,0.035736,172.31.46.0-255,1514,244003,44,276564
32176,0.035737,172.31.46.0-255,1514,245517,44,276564
32177,0.035763,172.31.46.0-255,1514,247031,44,276564
32178,0.035765,172.31.46.0-255,75,247106,44,276564
32179,0.037186,104.244.42.0-255,66,247172,44,276564
32180,0.037235,104.244.42.0-255,66,247238,44,276564
32181,0.037343,104.244.42.0-255,66,247304,44,276564
32182,0.037349,104.244.42.0-255,66,247370,44,276564
32183,0.037609,74.125.130.0-255,5738,253108,44,276564
32184,0.037619,172.31.46.0-255,66,253174,44,276564
32185,0.037833,104.244.42.0-255,108,253282,44,276564
32186,0.037842,172.31.46.0-255,66,253348,44,276564
32187,0.040142,74.125.130.0-255,5738,259086,44,276564
32188,0.040152,172.31.46.0-255,66,259152,44,276564
32189,0.042665,74.125.130.0-255,5738,264890,44,276564
32190,0.042673,172.31.46.0-255,66,264956,44,276564
32191,0.045172,74.125.130.0-255,5738,270694,44,276564
32192,0.04518,172.31.46.0-255,66,270760,44,276564
32193,0.047696,74.125.130.0-255,5738,276498,44,276564
32194,0.047707,172.31.46.0-255,66,276564,44,276564
32195,0.0,74.125.200.0-255,152,152,44,337648
32196,2.4e-05,172.31.46.0-255,66,218,44,337648
32197,3e-05,74.125.200.0-255,1484,1702,44,337648
32198,3.4e-05,172.31.46.0-255,66,1768,44,337648
32199,3.8e-05,74.125.200.0-255,1484,3252,44,337648
32200,4.8e-05,172.31.46.0-255,66,3318,44,337648
32201,5.4e-05,74.125.200.0-255,2902,6220,44,337648
32202,5.6e-05,172.31.46.0-255,66,6286,44,337648
32203,6.3e-05,74.125.200.0-255,5738,12024,44,337648
32204,6.6e-05,172.31.46.0-255,66,12090,44,337648
32205,7e-05,74.125.200.0-255,2120,14210,44,337648
32206,7.3e-05,172.31.46.0-255,66,14276,44,337648
32207,0.000469,74.125.200.0-255,1484,15760,44,337648
32208,0.000476,172.31.46.0-255,66,15826,44,337648
32209,0.000483,74.125.200.0-255,2902,18728,44,337648
32210,0.000485,172.31.46.0-255,66,18794,44,337648
32211,0.000524,74.125.200.0-255,4320,23114,44,337648
32212,0.000528,172.31.46.0-255,66,23180,44,337648
32213,0.000552,74.125.200.0-255,1484,24664,44,337648
32214,0.000555,172.31.46.0-255,66,24730,44,337648
32215,0.000563,74.125.200.0-255,6797,31527,44,337648
32216,0.000565,172.31.46.0-255,66,31593,44,337648
32217,0.000568,74.125.200.0-255,1484,33077,44,337648
32218,0.00057,172.31.46.0-255,66,33143,44,337648
32219,0.000605,74.125.200.0-255,2902,36045,44,337648
32220,0.000608,172.31.46.0-255,66,36111,44,337648
32221,0.000614,74.125.200.0-255,4320,40431,44,337648
32222,0.000616,172.31.46.0-255,66,40497,44,337648
32223,0.000652,74.125.200.0-255,5738,46235,44,337648
32224,0.000655,172.31.46.0-255,66,46301,44,337648
32225,0.000659,74.125.200.0-255,2543,48844,44,337648
32226,0.000661,172.31.46.0-255,66,48910,44,337648
32227,0.000741,74.125.200.0-255,1484,50394,44,337648
32228,0.000762,74.125.200.0-255,1484,51878,44,337648
32229,0.000765,172.31.46.0-255,66,51944,44,337648
32230,0.000772,74.125.200.0-255,2902,54846,44,337648
32231,0.000774,172.31.46.0-255,66,54912,44,337648
32232,0.000802,74.125.200.0-255,5738,60650,44,337648
32233,0.000805,172.31.46.0-255,66,60716,44,337648
32234,0.000832,74.125.200.0-255,1484,62200,44,337648
32235,0.000836,74.125.200.0-255,2902,65102,44,337648
32236,0.000839,172.31.46.0-255,66,65168,44,337648
32237,0.000856,74.125.200.0-255,1125,66293,44,337648
32238,0.001089,74.125.200.0-255,645,66938,44,337648
32239,0.001093,172.31.46.0-255,66,67004,44,337648
32240,0.001119,74.125.200.0-255,1484,68488,44,337648
32241,0.001146,74.125.200.0-255,4320,72808,44,337648
32242,0.001149,172.31.46.0-255,66,72874,44,337648
32243,0.00119,172.31.46.0-255,66,72940,44,337648
32244,0.001197,74.125.200.0-255,7156,80096,44,337648
32245,0.001199,172.31.46.0-255,66,80162,44,337648
32246,0.001227,74.125.200.0-255,4320,84482,44,337648
32247,0.001229,172.31.46.0-255,66,84548,44,337648
32248,0.001235,74.125.200.0-255,6438,90986,44,337648
32249,0.001237,172.31.46.0-255,66,91052,44,337648
32250,0.001274,74.125.200.0-255,4320,95372,44,337648
32251,0.001276,172.31.46.0-255,66,95438,44,337648
32252,0.001281,74.125.200.0-255,5738,101176,44,337648
32253,0.001287,172.31.46.0-255,66,101242,44,337648
32254,0.00131,74.125.200.0-255,4320,105562,44,337648
32255,0.001312,172.31.46.0-255,66,105628,44,337648
32256,0.001336,74.125.200.0-255,7156,112784,44,337648
32257,0.001338,74.125.200.0-255,1484,114268,44,337648
32258,0.001343,172.31.46.0-255,66,114334,44,337648
32259,0.00136,74.125.200.0-255,7156,121490,44,337648
32260,0.001362,172.31.46.0-255,66,121556,44,337648
32261,0.00139,74.125.200.0-255,3602,125158,44,337648
32262,0.001393,172.31.46.0-255,66,125224,44,337648
32263,0.0014,74.125.200.0-255,7156,132380,44,337648
32264,0.001402,172.31.46.0-255,66,132446,44,337648
32265,0.001433,74.125.200.0-255,5738,138184,44,337648
32266,0.001435,172.31.46.0-255,66,138250,44,337648
32267,0.001445,172.31.46.0-255,66,138316,44,337648
32268,0.001459,172.31.46.0-255,66,138382,44,337648
32269,0.001463,74.125.200.0-255,2184,140566,44,337648
32270,0.001468,172.31.46.0-255,66,140632,44,337648
32271,0.001505,74.125.200.0-255,1484,142116,44,337648
32272,0.001522,74.125.200.0-255,2902,145018,44,337648
32273,0.001525,172.31.46.0-255,66,145084,44,337648
32274,0.001545,74.125.200.0-255,5738,150822,44,337648
32275,0.001547,172.31.46.0-255,66,150888,44,337648
32276,0.001576,74.125.200.0-255,7156,158044,44,337648
32277,0.001578,172.31.46.0-255,66,158110,44,337648
32278,0.001598,74.125.200.0-255,2902,161012,44,337648
32279,0.0016,172.31.46.0-255,66,161078,44,337648
32280,0.001612,172.31.46.0-255,66,161144,44,337648
32281,0.001616,74.125.200.0-255,2184,163328,44,337648
32282,0.001619,172.31.46.0-255,66,163394,44,337648
32283,0.001684,74.125.200.0-255,1484,164878,44,337648
32284,0.001701,74.125.200.0-255,2902,167780,44,337648
32285,0.001704,172.31.46.0-255,66,167846,44,337648
32286,0.001707,74.125.200.0-255,1484,169330,44,337648
32287,0.001732,74.125.200.0-255,2902,172232,44,337648
32288,0.001735,172.31.46.0-255,66,172298,44,337648
32289,0.001741,74.125.200.0-255,5738,178036,44,337648
32290,0.001743,172.31.46.0-255,66,178102,44,337648
32291,0.001782,172.31.46.0-255,66,178168,44,337648
32292,0.001787,74.125.200.0-255,4320,182488,44,337648
32293,0.001789,172.31.46.0-255,66,182554,44,337648
32294,0.001825,74.125.200.0-255,3602,186156,44,337648
32295,0.001828,172.31.46.0-255,66,186222,44,337648
32296,0.001903,74.125.200.0-255,1484,187706,44,337648
32297,0.001924,74.125.200.0-255,2902,190608,44,337648
32298,0.001927,172.31.46.0-255,66,190674,44,337648
32299,0.001933,74.125.200.0-255,4320,194994,44,337648
32300,0.001934,172.31.46.0-255,66,195060,44,337648
32301,0.001965,74.125.200.0-255,7156,202216,44,337648
32302,0.001968,172.31.46.0-255,66,202282,44,337648
32303,0.001992,74.125.200.0-255,1484,203766,44,337648
32304,0.001995,74.125.200.0-255,1484,205250,44,337648
32305,0.001997,172.31.46.0-255,66,205316,44,337648
32306,0.002002,74.125.200.0-255,2902,208218,44,337648
32307,0.002004,172.31.46.0-255,66,208284,44,337648
32308,0.002028,74.125.200.0-255,5738,214022,44,337648
32309,0.002031,172.31.46.0-255,66,214088,44,337648
32310,0.002034,74.125.200.0-255,1484,215572,44,337648
32311,0.002072,74.125.200.0-255,5020,220592,44,337648
32312,0.002075,172.31.46.0-255,66,220658,44,337648
32313,0.002143,74.125.200.0-255,1484,222142,44,337648
32314,0.002159,74.125.200.0-255,2902,225044,44,337648
32315,0.002163,172.31.46.0-255,66,225110,44,337648
32316,0.002172,74.125.200.0-255,2902,228012,44,337648
32317,0.002173,172.31.46.0-255,66,228078,44,337648
32318,0.002199,74.125.200.0-255,4320,232398,44,337648
32319,0.002201,172.31.46.0-255,66,232464,44,337648
32320,0.002233,74.125.200.0-255,1484,233948,44,337648
32321,0.002258,74.125.200.0-255,7156,241104,44,337648
32322,0.00226,172.31.46.0-255,66,241170,44,337648
32323,0.002267,74.125.200.0-255,7156,248326,44,337648
32324,0.00227,172.31.46.0-255,66,248392,44,337648
32325,0.002279,172.31.46.0-255,66,248458,44,337648
32326,0.002285,74.125.200.0-255,7156,255614,44,337648
32327,0.002287,172.31.46.0-255,66,255680,44,337648
32328,0.002325,172.31.46.0-255,66,255746,44,337648
32329,0.002353,74.125.200.0-255,5738,261484,44,337648
32330,0.002356,172.31.46.0-255,66,261550,44,337648
32331,0.004657,74.125.200.0-255,5738,267288,44,337648
32332,0.004663,172.31.46.0-255,66,267354,44,337648
32333,0.006965,74.125.200.0-255,5738,273092,44,337648
32334,0.006968,172.31.46.0-255,66,273158,44,337648
32335,0.009281,74.125.200.0-255,5738,278896,44,337648
32336,0.009288,172.31.46.0-255,66,278962,44,337648
32337,0.011591,74.125.200.0-255,5738,284700,44,337648
32338,0.011598,172.31.46.0-255,66,284766,44,337648
32339,0.013905,74.125.200.0-255,5738,290504,44,337648
32340,0.013913,172.31.46.0-255,66,290570,44,337648
32341,0.016218,74.125.200.0-255,5738,296308,44,337648
32342,0.016225,172.31.46.0-255,66,296374,44,337648
32343,0.018536,74.125.200.0-255,5738,302112,44,337648
32344,0.018543,172.31.46.0-255,66,302178,44,337648
32345,0.020854,74.125.200.0-255,5738,307916,44,337648
32346,0.020863,172.31.46.0-255,66,307982,44,337648
32347,0.02317,74.125.200.0-255,5738,313720,44,337648
32348,0.023176,172.31.46.0-255,66,313786,44,337648
32349,0.025486,74.125.200.0-255,5738,319524,44,337648
32350,0.025493,172.31.46.0-255,66,319590,44,337648
32351,0.027813,74.125.200.0-255,5738,325328,44,337648
32352,0.027821,172.31.46.0-255,66,325394,44,337648
32353,0.030138,74.125.200.0-255,2823,328217,44,337648
32354,0.030149,172.31.46.0-255,66,328283,44,337648
32355,0.030375,172.31.46.0-255,105,328388,44,337648
32356,0.032634,74.125.200.0-255,66,328454,44,337648
32357,0.040502,172.31.46.0-255,176,328630,44,337648
32358,0.040539,172.31.46.0-255,1114,329744,44,337648
32359,0.040612,172.31.46.0-255,1514,331258,44,337648
32360,0.040633,172.31.46.0-255,1514,332772,44,337648
32361,0.040635,172.31.46.0-255,1514,334286,44,337648
32362,0.040654,172.31.46.0-255,1514,335800,44,337648
32363,0.040663,172.31.46.0-255,1514,337314,44,337648
32364,0.040664,172.31.46.0-255,70,337384,44,337648
32365,0.042095,104.244.42.0-255,66,337450,44,337648
32366,0.042105,104.244.42.0-255,66,337516,44,337648
32367,0.0422,104.244.42.0-255,66,337582,44,337648
32368,0.042247,104.244.42.0-255,66,337648,44,337648
32369,0.0,172.217.194.0-255,146,146,44,240986
32370,1.3e-05,172.31.46.0-255,66,212,44,240986
32371,3.7e-05,172.217.194.0-255,1484,1696,44,240986
32372,4.2e-05,172.31.46.0-255,66,1762,44,240986
32373,4.7e-05,172.217.194.0-255,2902,4664,44,240986
32374,5e-05,172.31.46.0-255,66,4730,44,240986
32375,5.6e-05,172.217.194.0-255,5738,10468,44,240986
32376,5.9e-05,172.31.46.0-255,66,10534,44,240986
32377,0.000102,172.31.46.0-255,66,10600,44,240986
32378,0.000136,172.217.194.0-255,6797,17397,44,240986
32379,0.000138,172.31.46.0-255,66,17463,44,240986
32380,0.00017,172.217.194.0-255,1484,18947,44,240986
32381,0.000172,172.31.46.0-255,66,19013,44,240986
32382,0.000175,172.217.194.0-255,1484,20497,44,240986
32383,0.000177,172.31.46.0-255,66,20563,44,240986
32384,0.000195,172.217.194.0-255,1484,22047,44,240986
32385,0.000197,172.31.46.0-255,66,22113,44,240986
32386,0.000207,172.217.194.0-255,5738,27851,44,240986
32387,0.000209,172.31.46.0-255,66,27917,44,240986
32388,0.000214,172.217.194.0-255,4320,32237,44,240986
32389,0.000216,172.31.46.0-255,66,32303,44,240986
32390,0.000243,172.217.194.0-255,2543,34846,44,240986
32391,0.000245,172.31.46.0-255,66,34912,44,240986
32392,0.00025,172.217.194.0-255,4320,39232,44,240986
32393,0.000251,172.31.46.0-255,66,39298,44,240986
32394,0.000292,172.31.46.0-255,66,39364,44,240986
32395,0.000296,172.217.194.0-255,2836,42200,44,240986
32396,0.000298,172.31.46.0-255,66,42266,44,240986
32397,0.0003,172.217.194.0-255,364,42630,44,240986
32398,0.000302,172.31.46.0-255,66,42696,44,240986
32399,0.00034,172.217.194.0-255,1484,44180,44,240986
32400,0.000367,172.217.194.0-255,4320,48500,44,240986
32401,0.000379,172.31.46.0-255,66,48566,44,240986
32402,0.000389,172.31.46.0-255,66,48632,44,240986
32403,0.000421,172.31.46.0-255,66,48698,44,240986
32404,0.000451,172.217.194.0-255,6797,55495,44,240986
32405,0.000454,172.31.46.0-255,66,55561,44,240986
32406,0.00046,172.217.194.0-255,3961,59522,44,240986
32407,0.000462,172.31.46.0-255,66,59588,44,240986
32408,0.00074,172.217.194.0-255,1484,61072,44,240986
32409,0.000747,172.217.194.0-255,2902,63974,44,240986
32410,0.000752,172.31.46.0-255,66,64040,44,240986
32411,0.000757,172.217.194.0-255,2902,66942,44,240986
32412,0.000759,172.31.46.0-255,66,67008,44,240986
32413,0.00079,172.217.194.0-255,2902,69910,44,240986
32414,0.000806,172.31.46.0-255,66,69976,44,240986
32415,0.000814,172.31.46.0-255,66,70042,44,240986
32416,0.000849,172.31.46.0-255,66,70108,44,240986
32417,0.001486,172.217.194.0-255,1484,71592,44,240986
32418,0.001491,172.217.194.0-255,1484,73076,44,240986
32419,0.001494,172.31.46.0-255,66,73142,44,240986
32420,0.001518,172.217.194.0-255,1484,74626,44,240986
32421,0.001524,172.217.194.0-255,5738,80364,44,240986
32422,0.001526,172.31.46.0-255,66,80430,44,240986
32423,0.001539,172.217.194.0-255,2902,83332,44,240986
32424,0.001545,172.31.46.0-255,66,83398,44,240986
32425,0.001588,172.31.46.0-255,66,83464,44,240986
32426,0.001604,172.31.46.0-255,66,83530,44,240986
32427,0.00193,172.217.194.0-255,1484,85014,44,240986
32428,0.001936,172.217.194.0-255,2902,87916,44,240986
32429,0.001939,172.31.46.0-255,66,87982,44,240986
32430,0.001981,172.217.194.0-255,5738,93720,44,240986
32431,0.001984,172.31.46.0-255,66,93786,44,240986
32432,0.001993,172.31.46.0-255,66,93852,44,240986
32433,0.002025,172.217.194.0-255,4320,98172,44,240986
32434,0.002027,172.31.46.0-255,66,98238,44,240986
32435,0.002038,172.31.46.0-255,66,98304,44,240986
32436,0.004095,172.217.194.0-255,5738,104042,44,240986
32437,0.004101,172.31.46.0-255,66,104108,44,240986
32438,0.006152,172.217.194.0-255,5738,109846,44,240986
32439,0.006155,172.31.46.0-255,66,109912,44,240986
32440,0.008225,172.217.194.0-255,5738,115650,44,240986
32441,0.008232,172.31.46.0-255,66,115716,44,240986
32442,0.010262,172.217.194.0-255,5738,121454,44,240986
32443,0.010269,172.31.46.0-255,66,121520,44,240986
32444,0.012315,172.217.194.0-255,5738,127258,44,240986
32445,0.012324,172.31.46.0-255,66,127324,44,240986
32446,0.014402,172.217.194.0-255,5738,133062,44,240986
32447,0.014409,172.31.46.0-255,66,133128,44,240986
32448,0.016457,172.217.194.0-255,5738,138866,44,240986
32449,0.016463,172.31.46.0-255,66,138932,44,240986
32450,0.018518,172.217.194.0-255,5738,144670,44,240986
32451,0.018526,172.31.46.0-255,66,144736,44,240986
32452,0.020594,172.217.194.0-255,5738,150474,44,240986
32453,0.0206,172.31.46.0-255,66,150540,44,240986
32454,0.022661,172.217.194.0-255,5738,156278,44,240986
32455,0.022669,172.31.46.0-255,66,156344,44,240986
32456,0.024743,172.217.194.0-255,5738,162082,44,240986
32457,0.024751,172.31.46.0-255,66,162148,44,240986
32458,0.026805,172.217.194.0-255,5738,167886,44,240986
32459,0.026814,172.31.46.0-255,66,167952,44,240986
32460,0.028866,172.217.194.0-255,5738,173690,44,240986
32461,0.028874,172.31.46.0-255,66,173756,44,240986
32462,0.030929,172.217.194.0-255,5738,179494,44,240986
32463,0.030936,172.31.46.0-255,66,179560,44,240986
32464,0.033006,172.217.194.0-255,5738,185298,44,240986
32465,0.033013,172.31.46.0-255,66,185364,44,240986
32466,0.03505,172.217.194.0-255,5738,191102,44,240986
32467,0.035058,172.31.46.0-255,66,191168,44,240986
32468,0.036725,172.31.46.0-255,172,191340,44,240986
32469,0.036758,172.31.46.0-255,1114,192454,44,240986
32470,0.036821,172.31.46.0-255,1514,193968,44,240986
32471,0.036824,172.31.46.0-255,1514,195482,44,240986
32472,0.036828,172.31.46.0-255,1514,196996,44,240986
32473,0.036829,172.31.46.0-255,1514,198510,44,240986
32474,0.036847,172.31.46.0-255,1514,200024,44,240986
32475,0.036849,172.31.46.0-255,70,200094,44,240986
32476,0.0371,172.217.194.0-255,5738,205832,44,240986
32477,0.037105,172.31.46.0-255,66,205898,44,240986
32478,0.038304,104.244.42.0-255,66,205964,44,240986
32479,0.038311,104.244.42.0-255,66,206030,44,240986
32480,0.038389,104.244.42.0-255,66,206096,44,240986
32481,0.038395,104.244.42.0-255,66,206162,44,240986
32482,0.039136,172.217.194.0-255,5738,211900,44,240986
32483,0.039141,172.31.46.0-255,66,211966,44,240986
32484,0.041182,172.217.194.0-255,5738,217704,44,240986
32485,0.041192,172.31.46.0-255,66,217770,44,240986
32486,0.043237,172.217.194.0-255,5738,223508,44,240986
32487,0.043243,172.31.46.0-255,66,223574,44,240986
32488,0.045287,172.217.194.0-255,5738,229312,44,240986
32489,0.045292,172.31.46.0-255,66,229378,44,240986
32490,0.047347,172.217.194.0-255,5738,235116,44,240986
32491,0.047357,172.31.46.0-255,66,235182,44,240986
32492,0.049403,172.217.194.0-255,5738,240920,44,240986
32493,0.049409,172.31.46.0-255,66,240986,44,240986
32494,0.0,74.125.24.0-255,153,153,44,315400
32495,2.3e-05,172.31.46.0-255,66,219,44,315400
32496,3e-05,74.125.24.0-255,1484,1703,44,315400
32497,3.4e-05,172.31.46.0-255,66,1769,44,315400
32498,4.1e-05,74.125.24.0-255,2902,4671,44,315400
32499,5.1e-05,172.31.46.0-255,66,4737,44,315400
32500,5.9e-05,74.125.24.0-255,7156,11893,44,315400
32501,6.2e-05,172.31.46.0-255,66,11959,44,315400
32502,0.0001,74.125.24.0-255,2082,14041,44,315400
32503,0.000103,172.31.46.0-255,66,14107,44,315400
32504,0.000109,74.125.24.0-255,2902,17009,44,315400
32505,0.000111,172.31.46.0-255,66,17075,44,315400
32506,0.000118,74.125.24.0-255,7156,24231,44,315400
32507,0.000121,172.31.46.0-255,66,24297,44,315400
32508,0.000159,74.125.24.0-255,6797,31094,44,315400
32509,0.000162,172.31.46.0-255,66,31160,44,315400
32510,0.000195,74.125.24.0-255,4320,35480,44,315400
32511,0.000198,172.31.46.0-255,66,35546,44,315400
32512,0.000231,74.125.24.0-255,5738,41284,44,315400
32513,0.000233,172.31.46.0-255,66,41350,44,315400
32514,0.000265,74.125.24.0-255,6797,48147,44,315400
32515,0.000281,172.31.46.0-255,66,48213,44,315400
32516,0.000706,74.125.24.0-255,1484,49697,44,315400
32517,0.000712,172.31.46.0-255,66,49763,44,315400
32518,0.000718,74.125.24.0-255,2902,52665,44,315400
32519,0.000721,172.31.46.0-255,66,52731,44,315400
32520,0.000732,74.125.24.0-255,5738,58469,44,315400
32521,0.000736,172.31.46.0-255,66,58535,44,315400
32522,0.000763,74.125.24.0-255,4320,62855,44,315400
32523,0.000768,172.31.46.0-255,66,62921,44,315400
32524,0.000788,74.125.24.0-255,3123,66044,44,315400
32525,0.000791,172.31.46.0-255,66,66110,44,315400
32526,0.00091,74.125.24.0-255,1484,67594,44,315400
32527,0.00093,74.125.24.0-255,2902,70496,44,315400
32528,0.000933,172.31.46.0-255,66,70562,44,315400
32529,0.000938,74.125.24.0-255,2902,73464,44,315400
32530,0.00094,172.31.46.0-255,66,73530,44,315400
32531,0.000965,74.125.24.0-255,2902,76432,44,315400
32532,0.000971,172.31.46.0-255,66,76498,44,315400
32533,0.000979,74.125.24.0-255,6797,83295,44,315400
32534,0.000981,172.31.46.0-255,66,83361,44,315400
32535,0.001026,74.125.24.0-255,7156,90517,44,315400
32536,0.001029,172.31.46.0-255,66,90583,44,315400
32537,0.001058,74.125.24.0-255,7156,97739,44,315400
32538,0.001061,172.31.46.0-255,66,97805,44,315400
32539,0.001065,74.125.24.0-255,2543,100348,44,315400
32540,0.001068,172.31.46.0-255,66,100414,44,315400
32541,0.001392,74.125.24.0-255,1484,101898,44,315400
32542,0.001441,74.125.24.0-255,2902,104800,44,315400
32543,0.001445,172.31.46.0-255,66,104866,44,315400
32544,0.001499,74.125.24.0-255,5738,110604,44,315400
32545,0.001501,172.31.46.0-255,66,110670,44,315400
32546,0.001505,74.125.24.0-255,1484,112154,44,315400
32547,0.001519,172.31.46.0-255,66,112220,44,315400
32548,0.001524,74.125.24.0-255,2902,115122,44,315400
32549,0.001526,172.31.46.0-255,66,115188,44,315400
32550,0.001561,74.125.24.0-255,4320,119508,44,315400
32551,0.001564,172.31.46.0-255,66,119574,44,315400
32552,0.001586,74.125.24.0-255,6438,126012,44,315400
32553,0.001588,172.31.46.0-255,66,126078,44,315400
32554,0.001669,74.125.24.0-255,1484,127562,44,315400
32555,0.001672,74.125.24.0-255,1484,129046,44,315400
32556,0.001675,172.31.46.0-255,66,129112,44,315400
32557,0.0017,74.125.24.0-255,1484,130596,44,315400
32558,0.001718,74.125.24.0-255,2902,133498,44,315400
32559,0.001721,172.31.46.0-255,66,133564,44,315400
32560,0.001748,74.125.24.0-255,2902,136466,44,315400
32561,0.00175,172.31.46.0-255,66,136532,44,315400
32562,0.001755,74.125.24.0-255,2902,139434,44,315400
32563,0.001757,172.31.46.0-255,66,139500,44,315400
32564,0.00176,74.125.24.0-255,1484,140984,44,315400
32565,0.001796,172.31.46.0-255,66,141050,44,315400
32566,0.0018,74.125.24.0-255,2902,143952,44,315400
32567,0.001802,172.31.46.0-255,66,144018,44,315400
32568,0.001852,172.31.46.0-255,66,144084,44,315400
32569,0.001874,74.125.24.0-255,1484,145568,44,315400
32570,0.001884,74.125.24.0-255,1484,147052,44,315400
32571,0.001887,172.31.46.0-255,66,147118,44,315400
32572,0.001913,74.125.24.0-255,1484,148602,44,315400
32573,0.00192,74.125.24.0-255,5738,154340,44,315400
32574,0.001926,74.125.24.0-255,4320,158660,44,315400
32575,0.001933,172.31.46.0-255,66,158726,44,315400
32576,0.00198,74.125.24.0-255,2902,161628,44,315400
32577,0.001984,172.31.46.0-255,66,161694,44,315400
32578,0.001989,172.31.46.0-255,66,161760,44,315400
32579,0.002057,74.125.24.0-255,2184,163944,44,315400
32580,0.002075,172.31.46.0-255,66,164010,44,315400
32581,0.002321,74.125.24.0-255,1484,165494,44,315400
32582,0.002327,74.125.24.0-255,2902,168396,44,315400
32583,0.002332,74.125.24.0-255,4320,172716,44,315400
32584,0.002338,172.31.46.0-255,66,172782,44,315400
32585,0.002352,74.125.24.0-255,5738,178520,44,315400
32586,0.002369,172.31.46.0-255,66,178586,44,315400
32587,0.002372,74.125.24.0-255,1484,180070,44,315400
32588,0.002524,74.125.24.0-255,1484,181554,44,315400
32589,0.002528,74.125.24.0-255,1484,183038,44,315400
32590,0.002545,74.125.24.0-255,1484,184522,44,315400
32591,0.002552,74.125.24.0-255,5738,190260,44,315400
32592,0.002571,74.125.24.0-255,5738,195998,44,315400
32593,0.002596,74.125.24.0-255,7156,203154,44,315400
32594,0.002636,74.125.24.0-255,5738,208892,44,315400
32595,0.002654,74.125.24.0-255,5020,213912,44,315400
32596,0.006484,172.31.46.0-255,66,213978,44,315400
32597,0.009163,74.125.24.0-255,5738,219716,44,315400
32598,0.009169,172.31.46.0-255,66,219782,44,315400
32599,0.011853,74.125.24.0-255,5738,225520,44,315400
32600,0.011863,172.31.46.0-255,66,225586,44,315400
32601,0.014556,74.125.24.0-255,5738,231324,44,315400
32602,0.014567,172.31.46.0-255,66,231390,44,315400
32603,0.017224,74.125.24.0-255,5738,237128,44,315400
32604,0.017231,172.31.46.0-255,66,237194,44,315400
32605,0.019875,74.125.24.0-255,5738,242932,44,315400
32606,0.019885,172.31.46.0-255,66,242998,44,315400
32607,0.022546,74.125.24.0-255,5738,248736,44,315400
32608,0.022557,172.31.46.0-255,66,248802,44,315400
32609,0.025216,74.125.24.0-255,5738,254540,44,315400
32610,0.025222,172.31.46.0-255,66,254606,44,315400
32611,0.027843,74.125.24.0-255,5738,260344,44,315400
32612,0.02785,172.31.46.0-255,66,260410,44,315400
32613,0.030539,74.125.24.0-255,5738,266148,44,315400
32614,0.030546,172.31.46.0-255,66,266214,44,315400
32615,0.030676,172.31.46.0-255,101,266315,44,315400
32616,0.033208,74.125.24.0-255,5738,272053,44,315400
32617,0.033216,172.31.46.0-255,66,272119,44,315400
32618,0.033302,74.125.24.0-255,66,272185,44,315400
32619,0.035892,74.125.24.0-255,5738,277923,44,315400
32620,0.035904,172.31.46.0-255,66,277989,44,315400
32621,0.03861,74.125.24.0-255,5738,283727,44,315400
32622,0.038628,172.31.46.0-255,66,283793,44,315400
32623,0.041292,74.125.24.0-255,5738,289531,44,315400
32624,0.041307,172.31.46.0-255,66,289597,44,315400
32625,0.042172,172.31.46.0-255,172,289769,44,315400
32626,0.042204,172.31.46.0-255,1114,290883,44,315400
32627,0.042276,172.31.46.0-255,1514,292397,44,315400
32628,0.042277,172.31.46.0-255,1514,293911,44,315400
32629,0.042283,172.31.46.0-255,1514,295425,44,315400
32630,0.042284,172.31.46.0-255,1514,296939,44,315400
32631,0.042301,172.31.46.0-255,1514,298453,44,315400
32632,0.042303,172.31.46.0-255,71,298524,44,315400
32633,0.043746,104.244.42.0-255,66,298590,44,315400
32634,0.043755,104.244.42.0-255,66,298656,44,315400
32635,0.043825,104.244.42.0-255,66,298722,44,315400
32636,0.04383,104.244.42.0-255,66,298788,44,315400
32637,0.044073,74.125.24.0-255,5738,304526,44,315400
32638,0.044078,172.31.46.0-255,66,304592,44,315400
32639,0.044506,104.244.42.0-255,108,304700,44,315400
32640,0.044514,172.31.46.0-255,66,304766,44,315400
32641,0.04674,74.125.24.0-255,5738,310504,44,315400
32642,0.046745,172.31.46.0-255,66,310570,44,315400
32643,0.049435,74.125.24.0-255,4659,315229,44,315400
32644,0.049442,172.31.46.0-255,66,315295,44,315400
32645,0.049623,172.31.46.0-255,105,315400,44,315400
32646,0.0,74.125.68.0-255,153,153,44,187348
32647,1.5e-05,172.31.46.0-255,66,219,44,187348
32648,2.1e-05,74.125.68.0-255,1484,1703,44,187348
32649,2.6e-05,172.31.46.0-255,66,1769,44,187348
32650,8.9e-05,74.125.68.0-255,2902,4671,44,187348
32651,9.2e-05,172.31.46.0-255,66,4737,44,187348
32652,9.6e-05,74.125.68.0-255,2902,7639,44,187348
32653,9.8e-05,172.31.46.0-255,66,7705,44,187348
32654,0.000104,74.125.68.0-255,4320,12025,44,187348
32655,0.000106,172.31.46.0-255,66,12091,44,187348
32656,0.00011,74.125.68.0-255,2005,14096,44,187348
32657,0.000114,172.31.46.0-255,66,14162,44,187348
32658,0.000391,74.125.68.0-255,1484,15646,44,187348
32659,0.000396,172.31.46.0-255,66,15712,44,187348
32660,0.000403,74.125.68.0-255,2902,18614,44,187348
32661,0.000406,172.31.46.0-255,66,18680,44,187348
32662,0.000433,74.125.68.0-255,1484,20164,44,187348
32663,0.000436,172.31.46.0-255,66,20230,44,187348
32664,0.000441,74.125.68.0-255,2902,23132,44,187348
32665,0.000444,172.31.46.0-255,66,23198,44,187348
32666,0.000468,74.125.68.0-255,2902,26100,44,187348
32667,0.00047,172.31.46.0-255,66,26166,44,187348
32668,0.000505,74.125.68.0-255,4320,30486,44,187348
32669,0.000508,172.31.46.0-255,66,30552,44,187348
32670,0.000511,74.125.68.0-255,1125,31677,44,187348
32671,0.000512,172.31.46.0-255,66,31743,44,187348
32672,0.001334,74.125.68.0-255,1484,33227,44,187348
32673,0.001341,172.31.46.0-255,66,33293,44,187348
32674,0.001374,74.125.68.0-255,2902,36195,44,187348
32675,0.001377,172.31.46.0-255,66,36261,44,187348
32676,0.001405,74.125.68.0-255,4320,40581,44,187348
32677,0.001407,172.31.46.0-255,66,40647,44,187348
32678,0.001419,172.31.46.0-255,66,40713,44,187348
32679,0.001424,74.125.68.0-255,2902,43615,44,187348
32680,0.001426,172.31.46.0-255,66,43681,44,187348
32681,0.001458,74.125.68.0-255,7156,50837,44,187348
32682,0.001461,172.31.46.0-255,66,50903,44,187348
32683,0.001467,74.125.68.0-255,5379,56282,44,187348
32684,0.001471,172.31.46.0-255,66,56348,44,187348
32685,0.003737,74.125.68.0-255,5738,62086,44,187348
32686,0.003742,172.31.46.0-255,66,62152,44,187348
32687,0.006027,74.125.68.0-255,5738,67890,44,187348
32688,0.006034,172.31.46.0-255,66,67956,44,187348
32689,0.008323,74.125.68.0-255,5738,73694,44,187348
32690,0.008333,172.31.46.0-255,66,73760,44,187348
32691,0.010616,74.125.68.0-255,5738,79498,44,187348
32692,0.010624,172.31.46.0-255,66,79564,44,187348
32693,0.012925,74.125.68.0-255,5738,85302,44,187348
32694,0.012932,172.31.46.0-255,66,85368,44,187348
32695,0.015223,74.125.68.0-255,5738,91106,44,187348
32696,0.015234,172.31.46.0-255,66,91172,44,187348
32697,0.017519,74.125.68.0-255,5738,96910,44,187348
32698,0.017527,172.31.46.0-255,66,96976,44,187348
32699,0.019843,74.125.68.0-255,5738,102714,44,187348
32700,0.019852,172.31.46.0-255,66,102780,44,187348
32701,0.022136,74.125.68.0-255,5738,108518,44,187348
32702,0.022147,172.31.46.0-255,66,108584,44,187348
32703,0.024444,74.125.68.0-255,5738,114322,44,187348
32704,0.024462,172.31.46.0-255,66,114388,44,187348
32705,0.026753,74.125.68.0-255,5738,120126,44,187348
32706,0.026767,172.31.46.0-255,66,120192,44,187348
32707,0.029052,74.125.68.0-255,5738,125930,44,187348
32708,0.029066,172.31.46.0-255,66,125996,44,187348
32709,0.031362,74.125.68.0-255,5738,131734,44,187348
32710,0.031373,172.31.46.0-255,66,131800,44,187348
32711,0.033501,172.31.46.0-255,164,131964,44,187348
32712,0.033534,172.31.46.0-255,1123,133087,44,187348
32713,0.033615,172.31.46.0-255,1514,134601,44,187348
32714,0.033617,172.31.46.0-255,1514,136115,44,187348
32715,0.033623,172.31.46.0-255,1514,137629,44,187348
32716,0.033624,172.31.46.0-255,1514,139143,44,187348
32717,0.033641,74.125.68.0-255,5738,144881,44,187348
32718,0.033647,172.31.46.0-255,66,144947,44,187348
32719,0.033677,172.31.46.0-255,1509,146456,44,187348
32720,0.035055,104.244.42.0-255,66,146522,44,187348
32721,0.035065,104.244.42.0-255,66,146588,44,187348
32722,0.035213,104.244.42.0-255,66,146654,44,187348
32723,0.03525,104.244.42.0-255,66,146720,44,187348
32724,0.035921,74.125.68.0-255,5738,152458,44,187348
32725,0.035931,172.31.46.0-255,66,152524,44,187348
32726,0.038221,74.125.68.0-255,5738,158262,44,187348
32727,0.038228,172.31.46.0-255,66,158328,44,187348
32728,0.040508,74.125.68.0-255,5738,164066,44,187348
32729,0.040517,172.31.46.0-255,66,164132,44,187348
32730,0.042809,74.125.68.0-255,5738,169870,44,187348
32731,0.042815,172.31.46.0-255,66,169936,44,187348
32732,0.04508,74.125.68.0-255,5738,175674,44,187348
32733,0.045088,172.31.46.0-255,66,175740,44,187348
32734,0.04736,74.125.68.0-255,5738,181478,44,187348
32735,0.047368,172.31.46.0-255,66,181544,44,187348
32736,0.049701,74.125.68.0-255,5738,187282,44,187348
32737,0.049713,172.31.46.0-255,66,187348,44,187348
32738,0.0,74.125.68.0-255,153,153,44,351206
32739,2.8e-05,172.31.46.0-255,66,219,44,351206
32740,3.6e-05,74.125.68.0-255,1484,1703,44,351206
32741,4e-05,172.31.46.0-255,66,1769,44,351206
32742,5.7e-05,74.125.68.0-255,2902,4671,44,351206
32743,6.1e-05,172.31.46.0-255,66,4737,44,351206
32744,7e-05,74.125.68.0-255,7156,11893,44,351206
32745,7.3e-05,172.31.46.0-255,66,11959,44,351206
32746,7.7e-05,74.125.68.0-255,2100,14059,44,351206
32747,8e-05,172.31.46.0-255,66,14125,44,351206
32748,0.000105,74.125.68.0-255,2902,17027,44,351206
32749,0.000108,172.31.46.0-255,66,17093,44,351206
32750,0.000133,74.125.68.0-255,4320,21413,44,351206
32751,0.000136,172.31.46.0-255,66,21479,44,351206
32752,0.000165,74.125.68.0-255,2902,24381,44,351206
32753,0.000168,172.31.46.0-255,66,24447,44,351206
32754,0.000191,74.125.68.0-255,6797,31244,44,351206
32755,0.000194,172.31.46.0-255,66,31310,44,351206
32756,0.000319,74.125.68.0-255,1484,32794,44,351206
32757,0.000323,172.31.46.0-255,66,32860,44,351206
32758,0.000327,74.125.68.0-255,1484,34344,44,351206
32759,0.000329,172.31.46.0-255,66,34410,44,351206
32760,0.000356,74.125.68.0-255,2902,37312,44,351206
32761,0.000359,172.31.46.0-255,66,37378,44,351206
32762,0.000366,74.125.68.0-255,5738,43116,44,351206
32763,0.000368,172.31.46.0-255,66,43182,44,351206
32764,0.000401,74.125.68.0-255,6797,49979,44,351206
32765,0.000404,172.31.46.0-255,66,50045,44,351206
32766,0.000413,74.125.68.0-255,7156,57201,44,351206
32767,0.000415,172.31.46.0-255,66,57267,44,351206
32768,0.000444,74.125.68.0-255,2902,60169,44,351206
32769,0.000446,172.31.46.0-255,66,60235,44,351206
32770,0.000467,74.125.68.0-255,5379,65614,44,351206
32771,0.000471,74.125.68.0-255,412,66026,44,351206
32772,0.000511,74.125.68.0-255,331,66357,44,351206
32773,0.000637,172.31.46.0-255,66,66423,44,351206
32774,0.000768,74.125.68.0-255,1484,67907,44,351206
32775,0.000784,74.125.68.0-255,2902,70809,44,351206
32776,0.000787,74.125.68.0-255,1484,72293,44,351206
32777,0.000793,172.31.46.0-255,66,72359,44,351206
32778,0.000809,74.125.68.0-255,2902,75261,44,351206
32779,0.00083,74.125.68.0-255,5738,80999,44,351206
32780,0.000843,74.125.68.0-255,4320,85319,44,351206
32781,0.00086,74.125.68.0-255,5738,91057,44,351206
32782,0.000863,172.31.46.0-255,66,91123,44,351206
32783,0.000868,172.31.46.0-255,66,91189,44,351206
32784,0.000905,74.125.68.0-255,5738,96927,44,351206
32785,0.000911,172.31.46.0-255,66,96993,44,351206
32786,0.00092,74.125.68.0-255,3602,100595,44,351206
32787,0.000942,172.31.46.0-255,66,100661,44,351206
32788,0.001008,74.125.68.0-255,1484,102145,44,351206
32789,0.001013,74.125.68.0-255,2902,105047,44,351206
32790,0.001016,172.31.46.0-255,66,105113,44,351206
32791,0.001046,74.125.68.0-255,5738,110851,44,351206
32792,0.001053,74.125.68.0-255,5738,116589,44,351206
32793,0.001067,74.125.68.0-255,1484,118073,44,351206
32794,0.00107,172.31.46.0-255,66,118139,44,351206
32795,0.001111,74.125.68.0-255,5738,123877,44,351206
32796,0.001117,172.31.46.0-255,66,123943,44,351206
32797,0.001126,74.125.68.0-255,2184,126127,44,351206
32798,0.001131,172.31.46.0-255,66,126193,44,351206
32799,0.001179,74.125.68.0-255,1484,127677,44,351206
32800,0.001184,74.125.68.0-255,2902,130579,44,351206
32801,0.001213,74.125.68.0-255,5738,136317,44,351206
32802,0.001235,74.125.68.0-255,7156,143473,44,351206
32803,0.001238,172.31.46.0-255,66,143539,44,351206
32804,0.001248,172.31.46.0-255,66,143605,44,351206
32805,0.001317,74.125.68.0-255,2184,145789,44,351206
32806,0.001325,172.31.46.0-255,66,145855,44,351206
32807,0.001331,172.31.46.0-255,66,145921,44,351206
32808,0.001415,74.125.68.0-255,1484,147405,44,351206
32809,0.00143,74.125.68.0-255,2902,150307,44,351206
32810,0.001438,172.31.46.0-255,66,150373,44,351206
32811,0.001493,74.125.68.0-255,4320,154693,44,351206
32812,0.0015,172.31.46.0-255,66,154759,44,351206
32813,0.001508,74.125.68.0-255,1484,156243,44,351206
32814,0.001513,74.125.68.0-255,4320,160563,44,351206
32815,0.001564,172.31.46.0-255,66,160629,44,351206
32816,0.001876,74.125.68.0-255,1484,162113,44,351206
32817,0.001881,74.125.68.0-255,2902,165015,44,351206
32818,0.001891,172.31.46.0-255,66,165081,44,351206
32819,0.001895,74.125.68.0-255,1484,166565,44,351206
32820,0.001914,74.125.68.0-255,4320,170885,44,351206
32821,0.001917,74.125.68.0-255,1484,172369,44,351206
32822,0.001927,74.125.68.0-255,1484,173853,44,351206
32823,0.001933,74.125.68.0-255,4320,178173,44,351206
32824,0.001936,74.125.68.0-255,1484,179657,44,351206
32825,0.001953,74.125.68.0-255,7156,186813,44,351206
32826,0.001959,172.31.46.0-255,66,186879,44,351206
32827,0.001998,172.31.46.0-255,66,186945,44,351206
32828,0.002153,74.125.68.0-255,1484,188429,44,351206
32829,0.002167,74.125.68.0-255,2902,191331,44,351206
32830,0.00217,172.31.46.0-255,66,191397,44,351206
32831,0.002204,74.125.68.0-255,5738,197135,44,351206
32832,0.002229,74.125.68.0-255,4320,201455,44,351206
32833,0.002236,172.31.46.0-255,66,201521,44,351206
32834,0.00227,74.125.68.0-255,1484,203005,44,351206
32835,0.002285,74.125.68.0-255,2902,205907,44,351206
32836,0.00231,74.125.68.0-255,6438,212345,44,351206
32837,0.002348,74.125.68.0-255,4320,216665,44,351206
32838,0.002369,74.125.68.0-255,2902,219567,44,351206
32839,0.002384,74.125.68.0-255,5738,225305,44,351206
32840,0.002403,74.125.68.0-255,5738,231043,44,351206
32841,0.00242,74.125.68.0-255,4320,235363,44,351206
32842,0.002438,74.125.68.0-255,2184,237547,44,351206
32843,0.002475,74.125.68.0-255,1484,239031,44,351206
32844,0.002496,74.125.68.0-255,2902,241933,44,351206
32845,0.002503,74.125.68.0-255,4320,246253,44,351206
32846,0.002514,74.125.68.0-255,1484,247737,44,351206
32847,0.002533,74.125.68.0-255,2902,250639,44,351206
32848,0.002539,74.125.68.0-255,4320,254959,44,351206
32849,0.01129,172.31.46.0-255,66,255025,44,351206
32850,0.012677,172.31.46.0-255,101,255126,44,351206
32851,0.01383,74.125.68.0-255,5738,260864,44,351206
32852,0.013842,172.31.46.0-255,66,260930,44,351206
32853,0.015169,74.125.68.0-255,66,260996,44,351206
32854,0.016365,74.125.68.0-255,5738,266734,44,351206
32855,0.016377,172.31.46.0-255,66,266800,44,351206
32856,0.018907,74.125.68.0-255,5738,272538,44,351206
32857,0.01892,172.31.46.0-255,66,272604,44,351206
32858,0.021508,74.125.68.0-255,5738,278342,44,351206
32859,0.02152,172.31.46.0-255,66,278408,44,351206
32860,0.024057,74.125.68.0-255,5738,284146,44,351206
32861,0.024073,172.31.46.0-255,66,284212,44,351206
32862,0.026602,74.125.68.0-255,5738,289950,44,351206
32863,0.026614,172.31.46.0-255,66,290016,44,351206
32864,0.029184,74.125.68.0-255,5738,295754,44,351206
32865,0.029218,172.31.46.0-255,66,295820,44,351206
32866,0.031742,74.125.68.0-255,5738,301558,44,351206
32867,0.031754,172.31.46.0-255,66,301624,44,351206
32868,0.034294,74.125.68.0-255,5738,307362,44,351206
32869,0.034321,172.31.46.0-255,66,307428,44,351206
32870,0.036899,74.125.68.0-255,5738,313166,44,351206
32871,0.036921,172.31.46.0-255,66,313232,44,351206
32872,0.039457,74.125.68.0-255,5738,318970,44,351206
32873,0.039473,172.31.46.0-255,66,319036,44,351206
32874,0.042005,74.125.68.0-255,5738,324774,44,351206
32875,0.042019,172.31.46.0-255,66,324840,44,351206
32876,0.044548,74.125.68.0-255,5738,330578,44,351206
32877,0.04456,172.31.46.0-255,66,330644,44,351206
32878,0.04709,74.125.68.0-255,5738,336382,44,351206
32879,0.047098,172.31.46.0-255,66,336448,44,351206
32880,0.049518,172.31.46.0-255,182,336630,44,351206
32881,0.049551,172.31.46.0-255,1114,337744,44,351206
32882,0.049611,74.125.68.0-255,5651,343395,44,351206
32883,0.049617,172.31.46.0-255,66,343461,44,351206
32884,0.049654,172.31.46.0-255,1514,344975,44,351206
32885,0.049656,172.31.46.0-255,1514,346489,44,351206
32886,0.049657,172.31.46.0-255,1514,348003,44,351206
32887,0.049662,172.31.46.0-255,1514,349517,44,351206
32888,0.049663,172.31.46.0-255,1514,351031,44,351206
32889,0.049664,172.31.46.0-255,70,351101,44,351206
32890,0.049847,172.31.46.0-255,105,351206,44,351206
32891,0.0,74.125.68.0-255,288,288,44,231321
32892,2.8e-05,172.31.46.0-255,66,354,44,231321
32893,3.5e-05,74.125.68.0-255,1484,1838,44,231321
32894,4.1e-05,172.31.46.0-255,66,1904,44,231321
32895,5.7e-05,74.125.68.0-255,4320,6224,44,231321
32896,6.1e-05,172.31.46.0-255,66,6290,44,231321
32897,6.4e-05,74.125.68.0-255,1484,7774,44,231321
32898,6.7e-05,172.31.46.0-255,66,7840,44,231321
32899,7.5e-05,74.125.68.0-255,2902,10742,44,231321
32900,7.9e-05,172.31.46.0-255,66,10808,44,231321
32901,8.4e-05,74.125.68.0-255,3332,14140,44,231321
32902,8.8e-05,172.31.46.0-255,66,14206,44,231321
32903,0.000124,74.125.68.0-255,1484,15690,44,231321
32904,0.000126,172.31.46.0-255,66,15756,44,231321
32905,0.000132,74.125.68.0-255,2902,18658,44,231321
32906,0.000134,172.31.46.0-255,66,18724,44,231321
32907,0.000138,74.125.68.0-255,1484,20208,44,231321
32908,0.00014,172.31.46.0-255,66,20274,44,231321
32909,0.000169,74.125.68.0-255,4320,24594,44,231321
32910,0.000172,172.31.46.0-255,66,24660,44,231321
32911,0.00018,74.125.68.0-255,6797,31457,44,231321
32912,0.000183,172.31.46.0-255,66,31523,44,231321
32913,0.00076,74.125.68.0-255,1484,33007,44,231321
32914,0.000767,172.31.46.0-255,66,33073,44,231321
32915,0.000774,74.125.68.0-255,2902,35975,44,231321
32916,0.000776,172.31.46.0-255,66,36041,44,231321
32917,0.000779,74.125.68.0-255,1484,37525,44,231321
32918,0.000786,172.31.46.0-255,66,37591,44,231321
32919,0.000824,74.125.68.0-255,2902,40493,44,231321
32920,0.000827,172.31.46.0-255,66,40559,44,231321
32921,0.00083,74.125.68.0-255,1484,42043,44,231321
32922,0.000832,172.31.46.0-255,66,42109,44,231321
32923,0.000865,74.125.68.0-255,1484,43593,44,231321
32924,0.000873,74.125.68.0-255,4320,47913,44,231321
32925,0.000875,172.31.46.0-255,66,47979,44,231321
32926,0.000878,74.125.68.0-255,1125,49104,44,231321
32927,0.000937,74.125.68.0-255,1484,50588,44,231321
32928,0.00094,172.31.46.0-255,66,50654,44,231321
32929,0.000946,74.125.68.0-255,2902,53556,44,231321
32930,0.000948,172.31.46.0-255,66,53622,44,231321
32931,0.000979,74.125.68.0-255,5738,59360,44,231321
32932,0.000984,172.31.46.0-255,66,59426,44,231321
32933,0.000988,74.125.68.0-255,2902,62328,44,231321
32934,0.00099,172.31.46.0-255,66,62394,44,231321
32935,0.001024,74.125.68.0-255,3961,66355,44,231321
32936,0.001027,172.31.46.0-255,66,66421,44,231321
32937,0.00103,74.125.68.0-255,360,66781,44,231321
32938,0.001033,74.125.68.0-255,414,67195,44,231321
32939,0.001286,172.31.46.0-255,66,67261,44,231321
32940,0.001469,74.125.68.0-255,1484,68745,44,231321
32941,0.001484,74.125.68.0-255,1484,70229,44,231321
32942,0.001489,172.31.46.0-255,66,70295,44,231321
32943,0.001516,74.125.68.0-255,2902,73197,44,231321
32944,0.001519,172.31.46.0-255,66,73263,44,231321
32945,0.001552,74.125.68.0-255,5738,79001,44,231321
32946,0.001555,172.31.46.0-255,66,79067,44,231321
32947,0.001558,74.125.68.0-255,1484,80551,44,231321
32948,0.001588,172.31.46.0-255,66,80617,44,231321
32949,0.001615,74.125.68.0-255,2902,83519,44,231321
32950,0.001617,172.31.46.0-255,66,83585,44,231321
32951,0.001638,74.125.68.0-255,4320,87905,44,231321
32952,0.00164,172.31.46.0-255,66,87971,44,231321
32953,0.001659,74.125.68.0-255,1484,89455,44,231321
32954,0.00168,74.125.68.0-255,2902,92357,44,231321
32955,0.001683,172.31.46.0-255,66,92423,44,231321
32956,0.001686,74.125.68.0-255,766,93189,44,231321
32957,0.001931,74.125.68.0-255,1484,94673,44,231321
32958,0.001936,172.31.46.0-255,66,94739,44,231321
32959,0.001978,74.125.68.0-255,1484,96223,44,231321
32960,0.00203,74.125.68.0-255,1484,97707,44,231321
32961,0.002033,172.31.46.0-255,66,97773,44,231321
32962,0.002038,74.125.68.0-255,1484,99257,44,231321
32963,0.002065,74.125.68.0-255,1484,100741,44,231321
32964,0.002068,172.31.46.0-255,66,100807,44,231321
32965,0.002072,74.125.68.0-255,1484,102291,44,231321
32966,0.002077,74.125.68.0-255,2902,105193,44,231321
32967,0.002079,172.31.46.0-255,66,105259,44,231321
32968,0.002086,74.125.68.0-255,4320,109579,44,231321
32969,0.002088,172.31.46.0-255,66,109645,44,231321
32970,0.002117,74.125.68.0-255,1484,111129,44,231321
32971,0.002133,172.31.46.0-255,66,111195,44,231321
32972,0.002211,74.125.68.0-255,4320,115515,44,231321
32973,0.002216,172.31.46.0-255,66,115581,44,231321
32974,0.002241,74.125.68.0-255,2184,117765,44,231321
32975,0.002244,172.31.46.0-255,66,117831,44,231321
32976,0.00258,74.125.68.0-255,1484,119315,44,231321
32977,0.004764,74.125.68.0-255,1484,120799,44,231321
32978,0.004774,172.31.46.0-255,66,120865,44,231321
32979,0.004809,74.125.68.0-255,2902,123767,44,231321
32980,0.004814,172.31.46.0-255,66,123833,44,231321
32981,0.007342,74.125.68.0-255,2902,126735,44,231321
32982,0.007355,172.31.46.0-255,66,126801,44,231321
32983,0.007387,74.125.68.0-255,2902,129703,44,231321
32984,0.007391,172.31.46.0-255,66,129769,44,231321
32985,0.00993,74.125.68.0-255,2902,132671,44,231321
32986,0.009949,172.31.46.0-255,66,132737,44,231321
32987,0.009982,74.125.68.0-255,2902,135639,44,231321
32988,0.009986,172.31.46.0-255,66,135705,44,231321
32989,0.012514,74.125.68.0-255,2902,138607,44,231321
32990,0.012525,172.31.46.0-255,66,138673,44,231321
32991,0.01256,74.125.68.0-255,2902,141575,44,231321
32992,0.012566,172.31.46.0-255,66,141641,44,231321
32993,0.015096,74.125.68.0-255,2902,144543,44,231321
32994,0.015114,172.31.46.0-255,66,144609,44,231321
32995,0.015152,74.125.68.0-255,2902,147511,44,231321
32996,0.015157,172.31.46.0-255,66,147577,44,231321
32997,0.017678,74.125.68.0-255,2902,150479,44,231321
32998,0.017724,172.31.46.0-255,66,150545,44,231321
32999,0.017769,74.125.68.0-255,2902,153447,44,231321
33000,0.017775,172.31.46.0-255,66,153513,44,231321
33001,0.020304,74.125.68.0-255,2902,156415,44,231321
33002,0.020338,172.31.46.0-255,66,156481,44,231321
33003,0.020372,74.125.68.0-255,2902,159383,44,231321
33004,0.020378,172.31.46.0-255,66,159449,44,231321
33005,0.022908,74.125.68.0-255,4320,163769,44,231321
33006,0.02292,172.31.46.0-255,66,163835,44,231321
33007,0.022953,74.125.68.0-255,1484,165319,44,231321
33008,0.02549,74.125.68.0-255,4320,169639,44,231321
33009,0.025501,172.31.46.0-255,66,169705,44,231321
33010,0.028059,74.125.68.0-255,5738,175443,44,231321
33011,0.02807,172.31.46.0-255,66,175509,44,231321
33012,0.029255,172.31.46.0-255,188,175697,44,231321
33013,0.029288,172.31.46.0-255,955,176652,44,231321
33014,0.02935,172.31.46.0-255,1514,178166,44,231321
33015,0.029352,172.31.46.0-255,1514,179680,44,231321
33016,0.029358,172.31.46.0-255,1514,181194,44,231321
33017,0.029359,172.31.46.0-255,1514,182708,44,231321
33018,0.029377,172.31.46.0-255,1514,184222,44,231321
33019,0.029378,172.31.46.0-255,229,184451,44,231321
33020,0.03064,74.125.68.0-255,5738,190189,44,231321
33021,0.030646,172.31.46.0-255,66,190255,44,231321
33022,0.030769,104.244.42.0-255,66,190321,44,231321
33023,0.030928,104.244.42.0-255,66,190387,44,231321
33024,0.030933,104.244.42.0-255,66,190453,44,231321
33025,0.030937,104.244.42.0-255,66,190519,44,231321
33026,0.032348,104.244.42.0-255,108,190627,44,231321
33027,0.032356,172.31.46.0-255,66,190693,44,231321
33028,0.033209,74.125.68.0-255,5738,196431,44,231321
33029,0.033214,172.31.46.0-255,66,196497,44,231321
33030,0.035782,74.125.68.0-255,5738,202235,44,231321
33031,0.035788,172.31.46.0-255,66,202301,44,231321
33032,0.038363,74.125.68.0-255,5738,208039,44,231321
33033,0.03837,172.31.46.0-255,66,208105,44,231321
33034,0.040931,74.125.68.0-255,5738,213843,44,231321
33035,0.040937,172.31.46.0-255,66,213909,44,231321
33036,0.043518,74.125.68.0-255,5738,219647,44,231321
33037,0.043524,172.31.46.0-255,66,219713,44,231321
33038,0.046082,74.125.68.0-255,5738,225451,44,231321
33039,0.046088,172.31.46.0-255,66,225517,44,231321
33040,0.04869,74.125.68.0-255,5738,231255,44,231321
33041,0.048697,172.31.46.0-255,66,231321,44,231321
33042,0.0,172.217.194.0-255,292,292,44,292586
33043,1.4e-05,172.31.46.0-255,66,358,44,292586
33044,2e-05,172.217.194.0-255,1484,1842,44,292586
33045,2.4e-05,172.31.46.0-255,66,1908,44,292586
33046,3.1e-05,172.217.194.0-255,4320,6228,44,292586
33047,3.5e-05,172.31.46.0-255,66,6294,44,292586
33048,4.3e-05,172.217.194.0-255,7156,13450,44,292586
33049,4.6e-05,172.31.46.0-255,66,13516,44,292586
33050,0.000102,172.31.46.0-255,66,13582,44,292586
33051,0.000123,172.217.194.0-255,1844,15426,44,292586
33052,0.000126,172.31.46.0-255,66,15492,44,292586
33053,0.000129,172.217.194.0-255,1484,16976,44,292586
33054,0.000131,172.31.46.0-255,66,17042,44,292586
33055,0.000146,172.217.194.0-255,2543,19585,44,292586
33056,0.000149,172.31.46.0-255,66,19651,44,292586
33057,0.000153,172.217.194.0-255,2902,22553,44,292586
33058,0.000155,172.31.46.0-255,66,22619,44,292586
33059,0.000183,172.217.194.0-255,7156,29775,44,292586
33060,0.000185,172.31.46.0-255,66,29841,44,292586
33061,0.000189,172.217.194.0-255,2902,32743,44,292586
33062,0.000191,172.31.46.0-255,66,32809,44,292586
33063,0.000211,172.217.194.0-255,3961,36770,44,292586
33064,0.000214,172.31.46.0-255,66,36836,44,292586
33065,0.000462,172.217.194.0-255,1484,38320,44,292586
33066,0.000467,172.31.46.0-255,66,38386,44,292586
33067,0.000473,172.217.194.0-255,2902,41288,44,292586
33068,0.000475,172.31.46.0-255,66,41354,44,292586
33069,0.000482,172.217.194.0-255,5738,47092,44,292586
33070,0.000484,172.31.46.0-255,66,47158,44,292586
33071,0.000514,172.217.194.0-255,6797,53955,44,292586
33072,0.000517,172.31.46.0-255,66,54021,44,292586
33073,0.000535,172.217.194.0-255,648,54669,44,292586
33074,0.000549,172.217.194.0-255,1484,56153,44,292586
33075,0.000552,172.31.46.0-255,66,56219,44,292586
33076,0.000572,172.217.194.0-255,4320,60539,44,292586
33077,0.000576,172.31.46.0-255,66,60605,44,292586
33078,0.000604,172.31.46.0-255,66,60671,44,292586
33079,0.000615,172.31.46.0-255,66,60737,44,292586
33080,0.000667,172.217.194.0-255,5738,66475,44,292586
33081,0.000669,172.31.46.0-255,66,66541,44,292586
33082,0.000689,172.217.194.0-255,3602,70143,44,292586
33083,0.000691,172.31.46.0-255,66,70209,44,292586
33084,0.000697,172.217.194.0-255,4320,74529,44,292586
33085,0.000699,172.31.46.0-255,66,74595,44,292586
33086,0.000713,172.217.194.0-255,4320,78915,44,292586
33087,0.000715,172.31.46.0-255,66,78981,44,292586
33088,0.000729,172.217.194.0-255,1484,80465,44,292586
33089,0.000736,172.217.194.0-255,6128,86593,44,292586
33090,0.000739,172.31.46.0-255,66,86659,44,292586
33091,0.000859,172.217.194.0-255,1484,88143,44,292586
33092,0.000864,172.217.194.0-255,1484,89627,44,292586
33093,0.000867,172.31.46.0-255,66,89693,44,292586
33094,0.000881,172.217.194.0-255,1484,91177,44,292586
33095,0.000886,172.217.194.0-255,4320,95497,44,292586
33096,0.000895,172.31.46.0-255,66,95563,44,292586
33097,0.000899,172.217.194.0-255,1484,97047,44,292586
33098,0.000906,172.217.194.0-255,6924,103971,44,292586
33099,0.000908,172.31.46.0-255,66,104037,44,292586
33100,0.000974,172.217.194.0-255,1484,105521,44,292586
33101,0.000987,172.217.194.0-255,2902,108423,44,292586
33102,0.00099,172.31.46.0-255,66,108489,44,292586
33103,0.000995,172.217.194.0-255,2902,111391,44,292586
33104,0.000998,172.31.46.0-255,66,111457,44,292586
33105,0.001011,172.217.194.0-255,2902,114359,44,292586
33106,0.001014,172.31.46.0-255,66,114425,44,292586
33107,0.00102,172.217.194.0-255,5738,120163,44,292586
33108,0.001022,172.31.46.0-255,66,120229,44,292586
33109,0.001062,172.31.46.0-255,66,120295,44,292586
33110,0.001068,172.217.194.0-255,5020,125315,44,292586
33111,0.00107,172.31.46.0-255,66,125381,44,292586
33112,0.001101,172.31.46.0-255,101,125482,44,292586
33113,0.001353,172.217.194.0-255,1484,126966,44,292586
33114,0.001359,172.217.194.0-255,2902,129868,44,292586
33115,0.001361,172.31.46.0-255,66,129934,44,292586
33116,0.001384,172.217.194.0-255,5738,135672,44,292586
33117,0.001387,172.31.46.0-255,66,135738,44,292586
33118,0.001391,172.217.194.0-255,4320,140058,44,292586
33119,0.001393,172.31.46.0-255,66,140124,44,292586
33120,0.001407,172.217.194.0-255,2902,143026,44,292586
33121,0.001409,172.31.46.0-255,66,143092,44,292586
33122,0.00144,172.31.46.0-255,66,143158,44,292586
33123,0.001444,172.217.194.0-255,2184,145342,44,292586
33124,0.001446,172.31.46.0-255,66,145408,44,292586
33125,0.002083,172.217.194.0-255,1484,146892,44,292586
33126,0.002089,172.217.194.0-255,2902,149794,44,292586
33127,0.002091,172.31.46.0-255,66,149860,44,292586
33128,0.00211,172.217.194.0-255,5738,155598,44,292586
33129,0.002112,172.31.46.0-255,66,155664,44,292586
33130,0.002115,172.217.194.0-255,1484,157148,44,292586
33131,0.002135,172.217.194.0-255,5738,162886,44,292586
33132,0.002137,172.31.46.0-255,66,162952,44,292586
33133,0.002158,172.217.194.0-255,5738,168690,44,292586
33134,0.002161,172.31.46.0-255,66,168756,44,292586
33135,0.002163,172.217.194.0-255,1484,170240,44,292586
33136,0.003165,172.217.194.0-255,66,170306,44,292586
33137,0.004272,172.217.194.0-255,4320,174626,44,292586
33138,0.004279,172.31.46.0-255,66,174692,44,292586
33139,0.006384,172.217.194.0-255,5738,180430,44,292586
33140,0.006389,172.31.46.0-255,66,180496,44,292586
33141,0.008506,172.217.194.0-255,4320,184816,44,292586
33142,0.00851,172.31.46.0-255,66,184882,44,292586
33143,0.008528,172.217.194.0-255,1484,186366,44,292586
33144,0.010601,172.217.194.0-255,4320,190686,44,292586
33145,0.010609,172.31.46.0-255,66,190752,44,292586
33146,0.012724,172.217.194.0-255,5738,196490,44,292586
33147,0.012733,172.31.46.0-255,66,196556,44,292586
33148,0.014878,172.217.194.0-255,5738,202294,44,292586
33149,0.014885,172.31.46.0-255,66,202360,44,292586
33150,0.016989,172.217.194.0-255,5738,208098,44,292586
33151,0.016999,172.31.46.0-255,66,208164,44,292586
33152,0.019123,172.217.194.0-255,5738,213902,44,292586
33153,0.019133,172.31.46.0-255,66,213968,44,292586
33154,0.02128,172.217.194.0-255,5738,219706,44,292586
33155,0.021288,172.31.46.0-255,66,219772,44,292586
33156,0.023376,172.217.194.0-255,4320,224092,44,292586
33157,0.023383,172.31.46.0-255,66,224158,44,292586
33158,0.023402,172.217.194.0-255,1484,225642,44,292586
33159,0.025508,172.217.194.0-255,4320,229962,44,292586
33160,0.025517,172.31.46.0-255,66,230028,44,292586
33161,0.027651,172.217.194.0-255,5738,235766,44,292586
33162,0.027659,172.31.46.0-255,66,235832,44,292586
33163,0.029774,172.217.194.0-255,1484,237316,44,292586
33164,0.029805,172.217.194.0-255,4320,241636,44,292586
33165,0.02981,172.31.46.0-255,66,241702,44,292586
33166,0.031947,172.217.194.0-255,5738,247440,44,292586
33167,0.031956,172.31.46.0-255,66,247506,44,292586
33168,0.034071,172.217.194.0-255,5738,253244,44,292586
33169,0.034078,172.31.46.0-255,66,253310,44,292586
33170,0.036222,172.217.194.0-255,4320,257630,44,292586
33171,0.036231,172.31.46.0-255,66,257696,44,292586
33172,0.03625,172.217.194.0-255,1484,259180,44,292586
33173,0.038403,172.217.194.0-255,4320,263500,44,292586
33174,0.038417,172.31.46.0-255,66,263566,44,292586
33175,0.040559,172.217.194.0-255,5738,269304,44,292586
33176,0.040572,172.31.46.0-255,66,269370,44,292586
33177,0.042687,172.217.194.0-255,5738,275108,44,292586
33178,0.042701,172.31.46.0-255,66,275174,44,292586
33179,0.044816,172.217.194.0-255,5738,280912,44,292586
33180,0.044832,172.31.46.0-255,66,280978,44,292586
33181,0.047017,172.217.194.0-255,5738,286716,44,292586
33182,0.047025,172.31.46.0-255,66,286782,44,292586
33183,0.049161,172.217.194.0-255,5738,292520,44,292586
33184,0.049179,172.31.46.0-255,66,292586,44,292586
33185,0.0,74.125.24.0-255,146,146,44,285902
33186,2.2e-05,172.31.46.0-255,66,212,44,285902
33187,2.9e-05,74.125.24.0-255,1484,1696,44,285902
33188,3.3e-05,172.31.46.0-255,66,1762,44,285902
33189,3.9e-05,74.125.24.0-255,2902,4664,44,285902
33190,4.2e-05,172.31.46.0-255,66,4730,44,285902
33191,5.1e-05,74.125.24.0-255,7156,11886,44,285902
33192,5.4e-05,172.31.46.0-255,66,11952,44,285902
33193,5.7e-05,74.125.24.0-255,1484,13436,44,285902
33194,6e-05,172.31.46.0-255,66,13502,44,285902
33195,6.3e-05,74.125.24.0-255,628,14130,44,285902
33196,6.6e-05,172.31.46.0-255,66,14196,44,285902
33197,0.000394,74.125.24.0-255,1484,15680,44,285902
33198,0.0004,172.31.46.0-255,66,15746,44,285902
33199,0.000407,74.125.24.0-255,2902,18648,44,285902
33200,0.00041,172.31.46.0-255,66,18714,44,285902
33201,0.000416,74.125.24.0-255,4320,23034,44,285902
33202,0.000418,172.31.46.0-255,66,23100,44,285902
33203,0.000435,74.125.24.0-255,1484,24584,44,285902
33204,0.000438,172.31.46.0-255,66,24650,44,285902
33205,0.000441,74.125.24.0-255,1484,26134,44,285902
33206,0.000442,172.31.46.0-255,66,26200,44,285902
33207,0.000474,74.125.24.0-255,5379,31579,44,285902
33208,0.000477,172.31.46.0-255,66,31645,44,285902
33209,0.000484,74.125.24.0-255,7156,38801,44,285902
33210,0.000487,172.31.46.0-255,66,38867,44,285902
33211,0.000523,172.31.46.0-255,66,38933,44,285902
33212,0.00053,74.125.24.0-255,7156,46089,44,285902
33213,0.000532,172.31.46.0-255,66,46155,44,285902
33214,0.000545,74.125.24.0-255,2902,49057,44,285902
33215,0.000547,172.31.46.0-255,66,49123,44,285902
33216,0.000575,74.125.24.0-255,2902,52025,44,285902
33217,0.000577,172.31.46.0-255,66,52091,44,285902
33218,0.000592,74.125.24.0-255,4269,56360,44,285902
33219,0.000595,172.31.46.0-255,66,56426,44,285902
33220,0.000677,74.125.24.0-255,110,56536,44,285902
33221,0.0007,74.125.24.0-255,333,56869,44,285902
33222,0.000901,74.125.24.0-255,1484,58353,44,285902
33223,0.000905,74.125.24.0-255,2902,61255,44,285902
33224,0.000915,172.31.46.0-255,66,61321,44,285902
33225,0.000919,172.31.46.0-255,66,61387,44,285902
33226,0.000937,74.125.24.0-255,4320,65707,44,285902
33227,0.000939,172.31.46.0-255,66,65773,44,285902
33228,0.000959,74.125.24.0-255,1484,67257,44,285902
33229,0.000972,74.125.24.0-255,1484,68741,44,285902
33230,0.000998,172.31.46.0-255,66,68807,44,285902
33231,0.001029,74.125.24.0-255,5738,74545,44,285902
33232,0.001032,172.31.46.0-255,66,74611,44,285902
33233,0.001055,74.125.24.0-255,6438,81049,44,285902
33234,0.001058,172.31.46.0-255,66,81115,44,285902
33235,0.001072,172.31.46.0-255,66,81181,44,285902
33236,0.0011,172.31.46.0-255,66,81247,44,285902
33237,0.001675,74.125.24.0-255,1484,82731,44,285902
33238,0.001681,74.125.24.0-255,2902,85633,44,285902
33239,0.001685,172.31.46.0-255,66,85699,44,285902
33240,0.00171,74.125.24.0-255,5738,91437,44,285902
33241,0.001713,172.31.46.0-255,66,91503,44,285902
33242,0.001723,172.31.46.0-255,66,91569,44,285902
33243,0.00174,74.125.24.0-255,4320,95889,44,285902
33244,0.001742,172.31.46.0-255,66,95955,44,285902
33245,0.001748,74.125.24.0-255,5738,101693,44,285902
33246,0.00175,172.31.46.0-255,66,101759,44,285902
33247,0.001775,74.125.24.0-255,5020,106779,44,285902
33248,0.001777,172.31.46.0-255,66,106845,44,285902
33249,0.001826,74.125.24.0-255,1484,108329,44,285902
33250,0.001831,74.125.24.0-255,2902,111231,44,285902
33251,0.001834,172.31.46.0-255,66,111297,44,285902
33252,0.001861,74.125.24.0-255,5738,117035,44,285902
33253,0.001863,172.31.46.0-255,66,117101,44,285902
33254,0.001867,74.125.24.0-255,1484,118585,44,285902
33255,0.001897,172.31.46.0-255,66,118651,44,285902
33256,0.0019,74.125.24.0-255,1484,120135,44,285902
33257,0.001925,172.31.46.0-255,66,120201,44,285902
33258,0.002157,74.125.24.0-255,1484,121685,44,285902
33259,0.002162,74.125.24.0-255,2902,124587,44,285902
33260,0.002168,172.31.46.0-255,66,124653,44,285902
33261,0.002189,74.125.24.0-255,4320,128973,44,285902
33262,0.002192,172.31.46.0-255,66,129039,44,285902
33263,0.002213,74.125.24.0-255,1484,130523,44,285902
33264,0.00222,74.125.24.0-255,5738,136261,44,285902
33265,0.002222,172.31.46.0-255,66,136327,44,285902
33266,0.002257,172.31.46.0-255,66,136393,44,285902
33267,0.002284,74.125.24.0-255,5020,141413,44,285902
33268,0.002286,172.31.46.0-255,66,141479,44,285902
33269,0.002311,74.125.24.0-255,5738,147217,44,285902
33270,0.002319,172.31.46.0-255,66,147283,44,285902
33271,0.002333,74.125.24.0-255,7156,154439,44,285902
33272,0.002359,74.125.24.0-255,7156,161595,44,285902
33273,0.002368,172.31.46.0-255,66,161661,44,285902
33274,0.002371,74.125.24.0-255,1484,163145,44,285902
33275,0.002376,74.125.24.0-255,4320,167465,44,285902
33276,0.002428,74.125.24.0-255,1484,168949,44,285902
33277,0.002445,74.125.24.0-255,2902,171851,44,285902
33278,0.002493,74.125.24.0-255,5738,177589,44,285902
33279,0.008258,172.31.46.0-255,66,177655,44,285902
33280,0.008267,172.31.46.0-255,66,177721,44,285902
33281,0.008369,172.31.46.0-255,66,177787,44,285902
33282,0.010806,74.125.24.0-255,5738,183525,44,285902
33283,0.01082,172.31.46.0-255,66,183591,44,285902
33284,0.013221,74.125.24.0-255,5738,189329,44,285902
33285,0.013233,172.31.46.0-255,66,189395,44,285902
33286,0.015626,74.125.24.0-255,5738,195133,44,285902
33287,0.015637,172.31.46.0-255,66,195199,44,285902
33288,0.018041,74.125.24.0-255,5738,200937,44,285902
33289,0.018054,172.31.46.0-255,66,201003,44,285902
33290,0.020438,74.125.24.0-255,5738,206741,44,285902
33291,0.020451,172.31.46.0-255,66,206807,44,285902
33292,0.022881,74.125.24.0-255,5738,212545,44,285902
33293,0.022893,172.31.46.0-255,66,212611,44,285902
33294,0.025282,74.125.24.0-255,5738,218349,44,285902
33295,0.025294,172.31.46.0-255,66,218415,44,285902
33296,0.027716,74.125.24.0-255,5738,224153,44,285902
33297,0.027728,172.31.46.0-255,66,224219,44,285902
33298,0.030115,74.125.24.0-255,5738,229957,44,285902
33299,0.030127,172.31.46.0-255,66,230023,44,285902
33300,0.032528,74.125.24.0-255,5738,235761,44,285902
33301,0.032541,172.31.46.0-255,66,235827,44,285902
33302,0.03493,74.125.24.0-255,5738,241565,44,285902
33303,0.034941,172.31.46.0-255,66,241631,44,285902
33304,0.037362,74.125.24.0-255,5738,247369,44,285902
33305,0.037373,172.31.46.0-255,66,247435,44,285902
33306,0.038848,172.31.46.0-255,188,247623,44,285902
33307,0.038877,172.31.46.0-255,955,248578,44,285902
33308,0.038944,172.31.46.0-255,1514,250092,44,285902
33309,0.038946,172.31.46.0-255,1514,251606,44,285902
33310,0.038952,172.31.46.0-255,1514,253120,44,285902
33311,0.038953,172.31.46.0-255,1514,254634,44,285902
33312,0.038971,172.31.46.0-255,1514,256148,44,285902
33313,0.038972,172.31.46.0-255,230,256378,44,285902
33314,0.039781,74.125.24.0-255,5738,262116,44,285902
33315,0.039789,172.31.46.0-255,66,262182,44,285902
33316,0.04042,104.244.42.0-255,66,262248,44,285902
33317,0.04043,104.244.42.0-255,66,262314,44,285902
33318,0.04053,104.244.42.0-255,66,262380,44,285902
33319,0.040537,104.244.42.0-255,66,262446,44,285902
33320,0.042253,74.125.24.0-255,5738,268184,44,285902
33321,0.042263,172.31.46.0-255,66,268250,44,285902
33322,0.043413,104.244.42.0-255,108,268358,44,285902
33323,0.043422,172.31.46.0-255,66,268424,44,285902
33324,0.044694,74.125.24.0-255,5738,274162,44,285902
33325,0.044704,172.31.46.0-255,66,274228,44,285902
33326,0.047141,74.125.24.0-255,5738,279966,44,285902
33327,0.047148,172.31.46.0-255,66,280032,44,285902
33328,0.049558,74.125.24.0-255,4320,284352,44,285902
33329,0.049566,172.31.46.0-255,66,284418,44,285902
33330,0.049586,74.125.24.0-255,1484,285902,44,285902
33331,0.0,172.217.194.0-255,152,152,44,183653
33332,3.9e-05,172.31.46.0-255,66,218,44,183653
33333,4.7e-05,172.217.194.0-255,1484,1702,44,183653
33334,5.2e-05,172.31.46.0-255,66,1768,44,183653
33335,5.6e-05,172.217.194.0-255,2902,4670,44,183653
33336,5.9e-05,172.31.46.0-255,66,4736,44,183653
33337,7.4e-05,172.217.194.0-255,7156,11892,44,183653
33338,7.7e-05,172.31.46.0-255,66,11958,44,183653
33339,0.00011,172.217.194.0-255,1941,13899,44,183653
33340,0.000113,172.31.46.0-255,66,13965,44,183653
33341,0.000119,172.217.194.0-255,2902,16867,44,183653
33342,0.000123,172.31.46.0-255,66,16933,44,183653
33343,0.000135,172.217.194.0-255,7156,24089,44,183653
33344,0.000138,172.31.46.0-255,66,24155,44,183653
33345,0.000144,172.217.194.0-255,5738,29893,44,183653
33346,0.000146,172.31.46.0-255,66,29959,44,183653
33347,0.000177,172.217.194.0-255,1125,31084,44,183653
33348,0.00018,172.31.46.0-255,66,31150,44,183653
33349,0.000202,172.31.46.0-255,66,31216,44,183653
33350,0.000205,172.217.194.0-255,1125,32341,44,183653
33351,0.000208,172.31.46.0-255,66,32407,44,183653
33352,0.000413,172.217.194.0-255,1484,33891,44,183653
33353,0.000418,172.31.46.0-255,66,33957,44,183653
33354,0.000423,172.217.194.0-255,2902,36859,44,183653
33355,0.000426,172.31.46.0-255,66,36925,44,183653
33356,0.000433,172.217.194.0-255,5738,42663,44,183653
33357,0.000442,172.31.46.0-255,66,42729,44,183653
33358,0.000447,172.217.194.0-255,2902,45631,44,183653
33359,0.00045,172.31.46.0-255,66,45697,44,183653
33360,0.000484,172.217.194.0-255,4277,49974,44,183653
33361,0.000489,172.31.46.0-255,66,50040,44,183653
33362,0.000492,172.217.194.0-255,364,50404,44,183653
33363,0.000571,172.217.194.0-255,1484,51888,44,183653
33364,0.000574,172.31.46.0-255,66,51954,44,183653
33365,0.000578,172.217.194.0-255,1484,53438,44,183653
33366,0.000605,172.217.194.0-255,1484,54922,44,183653
33367,0.000612,172.217.194.0-255,5738,60660,44,183653
33368,0.000617,172.31.46.0-255,66,60726,44,183653
33369,0.000646,172.217.194.0-255,2902,63628,44,183653
33370,0.000654,172.31.46.0-255,66,63694,44,183653
33371,0.000682,172.31.46.0-255,66,63760,44,183653
33372,0.000697,172.31.46.0-255,66,63826,44,183653
33373,0.000811,172.217.194.0-255,1484,65310,44,183653
33374,0.000815,172.217.194.0-255,1484,66794,44,183653
33375,0.000818,172.31.46.0-255,66,66860,44,183653
33376,0.000847,172.217.194.0-255,1484,68344,44,183653
33377,0.000854,172.217.194.0-255,5738,74082,44,183653
33378,0.000864,172.31.46.0-255,66,74148,44,183653
33379,0.00089,172.217.194.0-255,1484,75632,44,183653
33380,0.000894,172.217.194.0-255,2902,78534,44,183653
33381,0.000905,172.31.46.0-255,66,78600,44,183653
33382,0.000915,172.217.194.0-255,5738,84338,44,183653
33383,0.000921,172.31.46.0-255,66,84404,44,183653
33384,0.000953,172.31.46.0-255,66,84470,44,183653
33385,0.000956,172.217.194.0-255,766,85236,44,183653
33386,0.001039,172.217.194.0-255,1484,86720,44,183653
33387,0.001047,172.31.46.0-255,66,86786,44,183653
33388,0.001073,172.217.194.0-255,2902,89688,44,183653
33389,0.00108,172.217.194.0-255,5738,95426,44,183653
33390,0.001086,172.31.46.0-255,66,95492,44,183653
33391,0.001153,172.31.46.0-255,66,95558,44,183653
33392,0.001171,172.217.194.0-255,4320,99878,44,183653
33393,0.001181,172.31.46.0-255,66,99944,44,183653
33394,0.001186,172.31.46.0-255,66,100010,44,183653
33395,0.001218,172.217.194.0-255,1484,101494,44,183653
33396,0.001224,172.217.194.0-255,2902,104396,44,183653
33397,0.00123,172.31.46.0-255,66,104462,44,183653
33398,0.001251,172.217.194.0-255,5738,110200,44,183653
33399,0.001257,172.31.46.0-255,66,110266,44,183653
33400,0.001258,172.217.194.0-255,7156,117422,44,183653
33401,0.001271,172.31.46.0-255,66,117488,44,183653
33402,0.001292,172.217.194.0-255,5738,123226,44,183653
33403,0.001298,172.31.46.0-255,66,123292,44,183653
33404,0.001312,172.217.194.0-255,2184,125476,44,183653
33405,0.001312,172.31.46.0-255,66,125542,44,183653
33406,0.00132,172.31.46.0-255,66,125608,44,183653
33407,0.001355,172.217.194.0-255,2902,128510,44,183653
33408,0.001369,172.31.46.0-255,66,128576,44,183653
33409,0.00138,172.217.194.0-255,4320,132896,44,183653
33410,0.001387,172.31.46.0-255,66,132962,44,183653
33411,0.0014,172.31.46.0-255,66,133028,44,183653
33412,0.001417,172.217.194.0-255,4320,137348,44,183653
33413,0.001436,172.31.46.0-255,66,137414,44,183653
33414,0.00147,172.217.194.0-255,7156,144570,44,183653
33415,0.001473,172.31.46.0-255,66,144636,44,183653
33416,0.001564,172.217.194.0-255,7156,151792,44,183653
33417,0.001568,172.31.46.0-255,66,151858,44,183653
33418,0.001605,172.31.46.0-255,66,151924,44,183653
33419,0.001618,172.31.46.0-255,66,151990,44,183653
33420,0.001626,172.217.194.0-255,3602,155592,44,183653
33421,0.001631,172.31.46.0-255,66,155658,44,183653
33422,0.001689,172.217.194.0-255,1484,157142,44,183653
33423,0.001693,172.217.194.0-255,1484,158626,44,183653
33424,0.001703,172.31.46.0-255,66,158692,44,183653
33425,0.001723,172.217.194.0-255,1484,160176,44,183653
33426,0.001729,172.217.194.0-255,5738,165914,44,183653
33427,0.001747,172.31.46.0-255,66,165980,44,183653
33428,0.00176,172.217.194.0-255,4320,170300,44,183653
33429,0.001771,172.31.46.0-255,66,170366,44,183653
33430,0.001787,172.31.46.0-255,66,170432,44,183653
33431,0.001864,172.217.194.0-255,2902,173334,44,183653
33432,0.001868,172.31.46.0-255,66,173400,44,183653
33433,0.001873,172.31.46.0-255,66,173466,44,183653
33434,0.001926,172.217.194.0-255,105,173571,44,183653
33435,0.001928,172.217.194.0-255,129,173700,44,183653
33436,0.001936,172.31.46.0-255,66,173766,44,183653
33437,0.003627,172.31.46.0-255,105,173871,44,183653
33438,0.003657,172.31.46.0-255,105,173976,44,183653
33439,0.003894,172.31.46.0-255,90,174066,44,183653
33440,0.003905,172.31.46.0-255,66,174132,44,183653
33441,0.00617,172.217.194.0-255,66,174198,44,183653
33442,0.006183,172.217.194.0-255,66,174264,44,183653
33443,0.006392,172.217.194.0-255,66,174330,44,183653
33444,0.006508,172.217.194.0-255,66,174396,44,183653
33445,0.006517,172.31.46.0-255,66,174462,44,183653
33446,0.038861,172.31.46.0-255,172,174634,44,183653
33447,0.038887,172.31.46.0-255,1113,175747,44,183653
33448,0.038962,172.31.46.0-255,1514,177261,44,183653
33449,0.038963,172.31.46.0-255,1514,178775,44,183653
33450,0.038969,172.31.46.0-255,1514,180289,44,183653
33451,0.03897,172.31.46.0-255,1514,181803,44,183653
33452,0.038992,172.31.46.0-255,1514,183317,44,183653
33453,0.038992,172.31.46.0-255,72,183389,44,183653
33454,0.040403,104.244.42.0-255,66,183455,44,183653
33455,0.040455,104.244.42.0-255,66,183521,44,183653
33456,0.040502,104.244.42.0-255,66,183587,44,183653
33457,0.0406,104.244.42.0-255,66,183653,44,183653
33458,0.0,74.125.68.0-255,147,147,44,261382
33459,2.8e-05,172.31.46.0-255,66,213,44,261382
33460,3.6e-05,74.125.68.0-255,1484,1697,44,261382
33461,4.2e-05,172.31.46.0-255,66,1763,44,261382
33462,5.6e-05,74.125.68.0-255,2902,4665,44,261382
33463,5.9e-05,172.31.46.0-255,66,4731,44,261382
33464,6.8e-05,74.125.68.0-255,7156,11887,44,261382
33465,7.2e-05,172.31.46.0-255,66,11953,44,261382
33466,9.4e-05,74.125.68.0-255,2093,14046,44,261382
33467,9.7e-05,172.31.46.0-255,66,14112,44,261382
33468,0.000186,74.125.68.0-255,1484,15596,44,261382
33469,0.000189,172.31.46.0-255,66,15662,44,261382
33470,0.000214,74.125.68.0-255,2902,18564,44,261382
33471,0.000216,172.31.46.0-255,66,18630,44,261382
33472,0.000219,74.125.68.0-255,1484,20114,44,261382
33473,0.000221,172.31.46.0-255,66,20180,44,261382
33474,0.000251,74.125.68.0-255,4320,24500,44,261382
33475,0.000254,172.31.46.0-255,66,24566,44,261382
33476,0.000259,74.125.68.0-255,2902,27468,44,261382
33477,0.000261,172.31.46.0-255,66,27534,44,261382
33478,0.000267,74.125.68.0-255,3961,31495,44,261382
33479,0.000269,172.31.46.0-255,66,31561,44,261382
33480,0.000387,74.125.68.0-255,1484,33045,44,261382
33481,0.000392,172.31.46.0-255,66,33111,44,261382
33482,0.000413,74.125.68.0-255,1484,34595,44,261382
33483,0.000416,172.31.46.0-255,66,34661,44,261382
33484,0.000442,74.125.68.0-255,2902,37563,44,261382
33485,0.000446,172.31.46.0-255,66,37629,44,261382
33486,0.000451,74.125.68.0-255,2902,40531,44,261382
33487,0.000454,172.31.46.0-255,66,40597,44,261382
33488,0.00048,74.125.68.0-255,2902,43499,44,261382
33489,0.000483,172.31.46.0-255,66,43565,44,261382
33490,0.000489,74.125.68.0-255,5379,48944,44,261382
33491,0.000492,172.31.46.0-255,66,49010,44,261382
33492,0.000618,74.125.68.0-255,1484,50494,44,261382
33493,0.000635,74.125.68.0-255,2902,53396,44,261382
33494,0.000639,172.31.46.0-255,66,53462,44,261382
33495,0.000642,74.125.68.0-255,1484,54946,44,261382
33496,0.00067,74.125.68.0-255,2902,57848,44,261382
33497,0.000673,172.31.46.0-255,66,57914,44,261382
33498,0.000681,74.125.68.0-255,5738,63652,44,261382
33499,0.000683,172.31.46.0-255,66,63718,44,261382
33500,0.000693,74.125.68.0-255,2872,66590,44,261382
33501,0.000696,172.31.46.0-255,66,66656,44,261382
33502,0.000846,74.125.68.0-255,348,67004,44,261382
33503,0.001032,74.125.68.0-255,1484,68488,44,261382
33504,0.001037,172.31.46.0-255,66,68554,44,261382
33505,0.001046,74.125.68.0-255,1484,70038,44,261382
33506,0.001054,74.125.68.0-255,2902,72940,44,261382
33507,0.001057,172.31.46.0-255,66,73006,44,261382
33508,0.001089,74.125.68.0-255,5738,78744,44,261382
33509,0.001092,172.31.46.0-255,66,78810,44,261382
33510,0.001115,74.125.68.0-255,1484,80294,44,261382
33511,0.001132,74.125.68.0-255,3961,84255,44,261382
33512,0.001135,172.31.46.0-255,66,84321,44,261382
33513,0.001158,74.125.68.0-255,1484,85805,44,261382
33514,0.001175,74.125.68.0-255,1484,87289,44,261382
33515,0.001178,172.31.46.0-255,66,87355,44,261382
33516,0.0012,74.125.68.0-255,1484,88839,44,261382
33517,0.001207,74.125.68.0-255,5738,94577,44,261382
33518,0.00121,172.31.46.0-255,66,94643,44,261382
33519,0.001218,74.125.68.0-255,6797,101440,44,261382
33520,0.00122,172.31.46.0-255,66,101506,44,261382
33521,0.001374,172.31.46.0-255,101,101607,44,261382
33522,0.001864,74.125.68.0-255,1484,103091,44,261382
33523,0.001889,74.125.68.0-255,1484,104575,44,261382
33524,0.001893,172.31.46.0-255,66,104641,44,261382
33525,0.001911,74.125.68.0-255,1484,106125,44,261382
33526,0.001918,74.125.68.0-255,5738,111863,44,261382
33527,0.001921,172.31.46.0-255,66,111929,44,261382
33528,0.001924,74.125.68.0-255,1484,113413,44,261382
33529,0.00195,74.125.68.0-255,5738,119151,44,261382
33530,0.001953,172.31.46.0-255,66,119217,44,261382
33531,0.001964,172.31.46.0-255,66,119283,44,261382
33532,0.001968,74.125.68.0-255,2902,122185,44,261382
33533,0.001971,172.31.46.0-255,66,122251,44,261382
33534,0.001993,74.125.68.0-255,5020,127271,44,261382
33535,0.001996,172.31.46.0-255,66,127337,44,261382
33536,0.002435,74.125.68.0-255,1484,128821,44,261382
33537,0.002447,74.125.68.0-255,2902,131723,44,261382
33538,0.002451,172.31.46.0-255,66,131789,44,261382
33539,0.002458,74.125.68.0-255,2902,134691,44,261382
33540,0.00246,172.31.46.0-255,66,134757,44,261382
33541,0.002494,74.125.68.0-255,1484,136241,44,261382
33542,0.002501,74.125.68.0-255,5738,141979,44,261382
33543,0.002504,172.31.46.0-255,66,142045,44,261382
33544,0.002522,172.31.46.0-255,66,142111,44,261382
33545,0.002528,74.125.68.0-255,4320,146431,44,261382
33546,0.00253,172.31.46.0-255,66,146497,44,261382
33547,0.002566,74.125.68.0-255,3602,150099,44,261382
33548,0.002569,172.31.46.0-255,66,150165,44,261382
33549,0.003915,74.125.68.0-255,66,150231,44,261382
33550,0.005072,74.125.68.0-255,1484,151715,44,261382
33551,0.005118,74.125.68.0-255,2902,154617,44,261382
33552,0.00513,172.31.46.0-255,66,154683,44,261382
33553,0.005156,74.125.68.0-255,1484,156167,44,261382
33554,0.007682,74.125.68.0-255,4320,160487,44,261382
33555,0.007689,172.31.46.0-255,66,160553,44,261382
33556,0.010259,74.125.68.0-255,5738,166291,44,261382
33557,0.010277,172.31.46.0-255,66,166357,44,261382
33558,0.012838,74.125.68.0-255,5738,172095,44,261382
33559,0.012856,172.31.46.0-255,66,172161,44,261382
33560,0.015425,74.125.68.0-255,5738,177899,44,261382
33561,0.015443,172.31.46.0-255,66,177965,44,261382
33562,0.018039,74.125.68.0-255,5738,183703,44,261382
33563,0.018059,172.31.46.0-255,66,183769,44,261382
33564,0.020637,74.125.68.0-255,5738,189507,44,261382
33565,0.020654,172.31.46.0-255,66,189573,44,261382
33566,0.023222,74.125.68.0-255,5738,195311,44,261382
33567,0.023237,172.31.46.0-255,66,195377,44,261382
33568,0.025832,74.125.68.0-255,5738,201115,44,261382
33569,0.025852,172.31.46.0-255,66,201181,44,261382
33570,0.028436,74.125.68.0-255,5738,206919,44,261382
33571,0.028454,172.31.46.0-255,66,206985,44,261382
33572,0.031049,74.125.68.0-255,5738,212723,44,261382
33573,0.031068,172.31.46.0-255,66,212789,44,261382
33574,0.033645,74.125.68.0-255,5738,218527,44,261382
33575,0.033662,172.31.46.0-255,66,218593,44,261382
33576,0.036216,74.125.68.0-255,5738,224331,44,261382
33577,0.036227,172.31.46.0-255,66,224397,44,261382
33578,0.036849,172.31.46.0-255,172,224569,44,261382
33579,0.036882,172.31.46.0-255,1114,225683,44,261382
33580,0.036952,172.31.46.0-255,1514,227197,44,261382
33581,0.036954,172.31.46.0-255,1514,228711,44,261382
33582,0.036955,172.31.46.0-255,1514,230225,44,261382
33583,0.036961,172.31.46.0-255,1514,231739,44,261382
33584,0.036962,172.31.46.0-255,557,232296,44,261382
33585,0.038535,104.244.42.0-255,66,232362,44,261382
33586,0.038791,74.125.68.0-255,5738,238100,44,261382
33587,0.038798,172.31.46.0-255,66,238166,44,261382
33588,0.041357,74.125.68.0-255,5738,243904,44,261382
33589,0.041365,172.31.46.0-255,66,243970,44,261382
33590,0.043935,74.125.68.0-255,5738,249708,44,261382
33591,0.043943,172.31.46.0-255,66,249774,44,261382
33592,0.046521,74.125.68.0-255,5738,255512,44,261382
33593,0.046533,172.31.46.0-255,66,255578,44,261382
33594,0.049092,74.125.68.0-255,5738,261316,44,261382
33595,0.049104,172.31.46.0-255,66,261382,44,261382
33596,0.0,74.125.24.0-255,303,303,44,212598
33597,2.5e-05,172.31.46.0-255,66,369,44,212598
33598,3.3e-05,74.125.24.0-255,1484,1853,44,212598
33599,3.7e-05,172.31.46.0-255,66,1919,44,212598
33600,5.1e-05,74.125.24.0-255,2902,4821,44,212598
33601,5.5e-05,172.31.46.0-255,66,4887,44,212598
33602,6.1e-05,74.125.24.0-255,4320,9207,44,212598
33603,6.3e-05,172.31.46.0-255,66,9273,44,212598
33604,7e-05,74.125.24.0-255,5738,15011,44,212598
33605,7.3e-05,172.31.46.0-255,66,15077,44,212598
33606,0.000111,74.125.24.0-255,3265,18342,44,212598
33607,0.000115,172.31.46.0-255,66,18408,44,212598
33608,0.000134,172.31.46.0-255,66,18474,44,212598
33609,0.000138,74.125.24.0-255,2543,21017,44,212598
33610,0.00014,172.31.46.0-255,66,21083,44,212598
33611,0.00018,74.125.24.0-255,1484,22567,44,212598
33612,0.000184,172.31.46.0-255,66,22633,44,212598
33613,0.000188,74.125.24.0-255,2902,25535,44,212598
33614,0.000191,172.31.46.0-255,66,25601,44,212598
33615,0.0002,74.125.24.0-255,2902,28503,44,212598
33616,0.000202,172.31.46.0-255,66,28569,44,212598
33617,0.000231,74.125.24.0-255,2902,31471,44,212598
33618,0.000234,172.31.46.0-255,66,31537,44,212598
33619,0.000251,172.31.46.0-255,66,31603,44,212598
33620,0.000278,74.125.24.0-255,1484,33087,44,212598
33621,0.00028,172.31.46.0-255,66,33153,44,212598
33622,0.000321,172.31.46.0-255,66,33219,44,212598
33623,0.000588,74.125.24.0-255,399,33618,44,212598
33624,0.000594,172.31.46.0-255,66,33684,44,212598
33625,0.000609,74.125.24.0-255,110,33794,44,212598
33626,0.00068,74.125.24.0-255,330,34124,44,212598
33627,0.000709,74.125.24.0-255,1484,35608,44,212598
33628,0.000713,172.31.46.0-255,66,35674,44,212598
33629,0.000747,74.125.24.0-255,2902,38576,44,212598
33630,0.000751,172.31.46.0-255,66,38642,44,212598
33631,0.000757,74.125.24.0-255,5738,44380,44,212598
33632,0.00076,172.31.46.0-255,66,44446,44,212598
33633,0.000805,74.125.24.0-255,6249,50695,44,212598
33634,0.000808,172.31.46.0-255,66,50761,44,212598
33635,0.001062,74.125.24.0-255,1484,52245,44,212598
33636,0.001079,74.125.24.0-255,2902,55147,44,212598
33637,0.001084,172.31.46.0-255,66,55213,44,212598
33638,0.001087,74.125.24.0-255,1484,56697,44,212598
33639,0.001118,74.125.24.0-255,4320,61017,44,212598
33640,0.001121,172.31.46.0-255,66,61083,44,212598
33641,0.001145,74.125.24.0-255,2902,63985,44,212598
33642,0.001147,172.31.46.0-255,66,64051,44,212598
33643,0.001187,172.31.46.0-255,66,64117,44,212598
33644,0.001192,74.125.24.0-255,4320,68437,44,212598
33645,0.001196,172.31.46.0-255,66,68503,44,212598
33646,0.001227,74.125.24.0-255,6438,74941,44,212598
33647,0.001234,172.31.46.0-255,66,75007,44,212598
33648,0.002098,74.125.24.0-255,1484,76491,44,212598
33649,0.002108,74.125.24.0-255,2902,79393,44,212598
33650,0.002113,172.31.46.0-255,66,79459,44,212598
33651,0.002121,74.125.24.0-255,5738,85197,44,212598
33652,0.002123,172.31.46.0-255,66,85263,44,212598
33653,0.002134,74.125.24.0-255,2902,88165,44,212598
33654,0.002136,172.31.46.0-255,66,88231,44,212598
33655,0.002175,172.31.46.0-255,66,88297,44,212598
33656,0.002188,172.31.46.0-255,66,88363,44,212598
33657,0.004466,74.125.24.0-255,5738,94101,44,212598
33658,0.004476,172.31.46.0-255,66,94167,44,212598
33659,0.006766,74.125.24.0-255,5738,99905,44,212598
33660,0.006775,172.31.46.0-255,66,99971,44,212598
33661,0.009078,74.125.24.0-255,5738,105709,44,212598
33662,0.009085,172.31.46.0-255,66,105775,44,212598
33663,0.011372,74.125.24.0-255,5738,111513,44,212598
33664,0.011382,172.31.46.0-255,66,111579,44,212598
33665,0.013674,74.125.24.0-255,5738,117317,44,212598
33666,0.013689,172.31.46.0-255,66,117383,44,212598
33667,0.015985,74.125.24.0-255,5738,123121,44,212598
33668,0.015998,172.31.46.0-255,66,123187,44,212598
33669,0.018299,74.125.24.0-255,5738,128925,44,212598
33670,0.018311,172.31.46.0-255,66,128991,44,212598
33671,0.020611,74.125.24.0-255,5738,134729,44,212598
33672,0.020622,172.31.46.0-255,66,134795,44,212598
33673,0.022903,74.125.24.0-255,5738,140533,44,212598
33674,0.022913,172.31.46.0-255,66,140599,44,212598
33675,0.025192,74.125.24.0-255,5738,146337,44,212598
33676,0.0252,172.31.46.0-255,66,146403,44,212598
33677,0.026134,172.31.46.0-255,164,146567,44,212598
33678,0.026167,172.31.46.0-255,1123,147690,44,212598
33679,0.026231,172.31.46.0-255,1514,149204,44,212598
33680,0.026233,172.31.46.0-255,1514,150718,44,212598
33681,0.026234,172.31.46.0-255,1514,152232,44,212598
33682,0.026235,172.31.46.0-255,1514,153746,44,212598
33683,0.026237,172.31.46.0-255,548,154294,44,212598
33684,0.027503,74.125.24.0-255,5738,160032,44,212598
33685,0.027514,172.31.46.0-255,66,160098,44,212598
33686,0.027668,104.244.42.0-255,66,160164,44,212598
33687,0.027724,104.244.42.0-255,66,160230,44,212598
33688,0.027805,104.244.42.0-255,66,160296,44,212598
33689,0.027811,104.244.42.0-255,66,160362,44,212598
33690,0.029815,74.125.24.0-255,5738,166100,44,212598
33691,0.029831,172.31.46.0-255,66,166166,44,212598
33692,0.032125,74.125.24.0-255,5738,171904,44,212598
33693,0.032134,172.31.46.0-255,66,171970,44,212598
33694,0.034454,74.125.24.0-255,5738,177708,44,212598
33695,0.034464,172.31.46.0-255,66,177774,44,212598
33696,0.036746,74.125.24.0-255,5738,183512,44,212598
33697,0.036754,172.31.46.0-255,66,183578,44,212598
33698,0.039027,74.125.24.0-255,5738,189316,44,212598
33699,0.039036,172.31.46.0-255,66,189382,44,212598
33700,0.041341,74.125.24.0-255,5738,195120,44,212598
33701,0.041373,172.31.46.0-255,66,195186,44,212598
33702,0.043669,74.125.24.0-255,5738,200924,44,212598
33703,0.043687,172.31.46.0-255,66,200990,44,212598
33704,0.045978,74.125.24.0-255,5738,206728,44,212598
33705,0.045994,172.31.46.0-255,66,206794,44,212598
33706,0.048327,74.125.24.0-255,5738,212532,44,212598
33707,0.048345,172.31.46.0-255,66,212598,44,212598
33708,0.0,172.217.194.0-255,153,153,44,183679
33709,1.7e-05,172.31.46.0-255,66,219,44,183679
33710,2.5e-05,172.217.194.0-255,1484,1703,44,183679
33711,2.9e-05,172.31.46.0-255,66,1769,44,183679
33712,3.4e-05,172.217.194.0-255,2902,4671,44,183679
33713,4.6e-05,172.31.46.0-255,66,4737,44,183679
33714,5.3e-05,172.217.194.0-255,7156,11893,44,183679
33715,5.6e-05,172.31.46.0-255,66,11959,44,183679
33716,6.7e-05,172.31.46.0-255,66,12025,44,183679
33717,9.7e-05,172.217.194.0-255,1903,13928,44,183679
33718,0.0001,172.31.46.0-255,66,13994,44,183679
33719,0.000105,172.217.194.0-255,2902,16896,44,183679
33720,0.000107,172.31.46.0-255,66,16962,44,183679
33721,0.000134,172.217.194.0-255,5379,22341,44,183679
33722,0.000141,172.31.46.0-255,66,22407,44,183679
33723,0.000171,172.217.194.0-255,1484,23891,44,183679
33724,0.000173,172.31.46.0-255,66,23957,44,183679
33725,0.000177,172.217.194.0-255,2902,26859,44,183679
33726,0.000179,172.31.46.0-255,66,26925,44,183679
33727,0.000212,172.217.194.0-255,5738,32663,44,183679
33728,0.000214,172.31.46.0-255,66,32729,44,183679
33729,0.000262,172.31.46.0-255,66,32795,44,183679
33730,0.000273,172.31.46.0-255,66,32861,44,183679
33731,0.000277,172.217.194.0-255,4251,37112,44,183679
33732,0.000279,172.31.46.0-255,66,37178,44,183679
33733,0.000305,172.217.194.0-255,366,37544,44,183679
33734,0.000307,172.31.46.0-255,66,37610,44,183679
33735,0.000368,172.217.194.0-255,1484,39094,44,183679
33736,0.000372,172.31.46.0-255,66,39160,44,183679
33737,0.000377,172.217.194.0-255,2902,42062,44,183679
33738,0.000379,172.31.46.0-255,66,42128,44,183679
33739,0.000406,172.217.194.0-255,5738,47866,44,183679
33740,0.000408,172.31.46.0-255,66,47932,44,183679
33741,0.000432,172.217.194.0-255,4320,52252,44,183679
33742,0.000435,172.31.46.0-255,66,52318,44,183679
33743,0.00047,172.31.46.0-255,66,52384,44,183679
33744,0.000473,172.217.194.0-255,1484,53868,44,183679
33745,0.000507,172.31.46.0-255,66,53934,44,183679
33746,0.000656,172.217.194.0-255,1484,55418,44,183679
33747,0.00066,172.217.194.0-255,2902,58320,44,183679
33748,0.000665,172.31.46.0-255,66,58386,44,183679
33749,0.000694,172.217.194.0-255,5738,64124,44,183679
33750,0.000697,172.31.46.0-255,66,64190,44,183679
33751,0.0007,172.217.194.0-255,2902,67092,44,183679
33752,0.000702,172.31.46.0-255,66,67158,44,183679
33753,0.000741,172.31.46.0-255,66,67224,44,183679
33754,0.000755,172.31.46.0-255,66,67290,44,183679
33755,0.000759,172.217.194.0-255,2902,70192,44,183679
33756,0.000763,172.31.46.0-255,66,70258,44,183679
33757,0.000808,172.31.46.0-255,66,70324,44,183679
33758,0.000818,172.31.46.0-255,66,70390,44,183679
33759,0.000844,172.217.194.0-255,1484,71874,44,183679
33760,0.000865,172.217.194.0-255,5738,77612,44,183679
33761,0.000868,172.31.46.0-255,66,77678,44,183679
33762,0.000894,172.217.194.0-255,5020,82698,44,183679
33763,0.000897,172.31.46.0-255,66,82764,44,183679
33764,0.000906,172.31.46.0-255,66,82830,44,183679
33765,0.000929,172.217.194.0-255,4320,87150,44,183679
33766,0.000931,172.31.46.0-255,66,87216,44,183679
33767,0.000937,172.217.194.0-255,5738,92954,44,183679
33768,0.000939,172.31.46.0-255,66,93020,44,183679
33769,0.000962,172.217.194.0-255,2902,95922,44,183679
33770,0.000965,172.31.46.0-255,66,95988,44,183679
33771,0.000984,172.217.194.0-255,5020,101008,44,183679
33772,0.000987,172.31.46.0-255,66,101074,44,183679
33773,0.001021,172.31.46.0-255,66,101140,44,183679
33774,0.001028,172.217.194.0-255,7156,108296,44,183679
33775,0.00103,172.31.46.0-255,66,108362,44,183679
33776,0.001045,172.31.46.0-255,66,108428,44,183679
33777,0.001047,172.217.194.0-255,766,109194,44,183679
33778,0.001178,172.217.194.0-255,1484,110678,44,183679
33779,0.001182,172.31.46.0-255,66,110744,44,183679
33780,0.001186,172.217.194.0-255,2902,113646,44,183679
33781,0.001188,172.31.46.0-255,66,113712,44,183679
33782,0.001219,172.217.194.0-255,5738,119450,44,183679
33783,0.001222,172.31.46.0-255,66,119516,44,183679
33784,0.001228,172.217.194.0-255,7156,126672,44,183679
33785,0.00123,172.31.46.0-255,66,126738,44,183679
33786,0.001259,172.217.194.0-255,5738,132476,44,183679
33787,0.001262,172.31.46.0-255,66,132542,44,183679
33788,0.001272,172.31.46.0-255,66,132608,44,183679
33789,0.001309,172.217.194.0-255,1484,134092,44,183679
33790,0.001313,172.217.194.0-255,2902,136994,44,183679
33791,0.001315,172.31.46.0-255,66,137060,44,183679
33792,0.00132,172.217.194.0-255,2902,139962,44,183679
33793,0.001321,172.31.46.0-255,66,140028,44,183679
33794,0.001342,172.217.194.0-255,2902,142930,44,183679
33795,0.001344,172.31.46.0-255,66,142996,44,183679
33796,0.00135,172.217.194.0-255,7156,150152,44,183679
33797,0.001352,172.31.46.0-255,66,150218,44,183679
33798,0.001383,172.217.194.0-255,2902,153120,44,183679
33799,0.001385,172.31.46.0-255,66,153186,44,183679
33800,0.001388,172.217.194.0-255,1484,154670,44,183679
33801,0.001416,172.31.46.0-255,66,154736,44,183679
33802,0.001439,172.217.194.0-255,766,155502,44,183679
33803,0.001452,172.31.46.0-255,66,155568,44,183679
33804,0.001463,172.31.46.0-255,66,155634,44,183679
33805,0.001505,172.217.194.0-255,7156,162790,44,183679
33806,0.001508,172.31.46.0-255,66,162856,44,183679
33807,0.001549,172.31.46.0-255,66,162922,44,183679
33808,0.00159,172.31.46.0-255,66,162988,44,183679
33809,0.001596,172.31.46.0-255,66,163054,44,183679
33810,0.001695,172.217.194.0-255,1484,164538,44,183679
33811,0.001701,172.217.194.0-255,2902,167440,44,183679
33812,0.001705,172.217.194.0-255,4320,171760,44,183679
33813,0.001715,172.217.194.0-255,1484,173244,44,183679
33814,0.001725,172.31.46.0-255,66,173310,44,183679
33815,0.001755,172.31.46.0-255,66,173376,44,183679
33816,0.001766,172.217.194.0-255,597,173973,44,183679
33817,0.001796,172.217.194.0-255,105,174078,44,183679
33818,0.008673,172.31.46.0-255,66,174144,44,183679
33819,0.008715,172.31.46.0-255,105,174249,44,183679
33820,0.010782,172.217.194.0-255,66,174315,44,183679
33821,0.035893,172.31.46.0-255,172,174487,44,183679
33822,0.035931,172.31.46.0-255,1109,175596,44,183679
33823,0.035994,172.31.46.0-255,1514,177110,44,183679
33824,0.035996,172.31.46.0-255,1514,178624,44,183679
33825,0.036002,172.31.46.0-255,1514,180138,44,183679
33826,0.036003,172.31.46.0-255,1514,181652,44,183679
33827,0.036021,172.31.46.0-255,1514,183166,44,183679
33828,0.036022,172.31.46.0-255,75,183241,44,183679
33829,0.037446,104.244.42.0-255,66,183307,44,183679
33830,0.037481,104.244.42.0-255,66,183373,44,183679
33831,0.037597,104.244.42.0-255,66,183439,44,183679
33832,0.037603,104.244.42.0-255,66,183505,44,183679
33833,0.038286,104.244.42.0-255,108,183613,44,183679
33834,0.038297,172.31.46.0-255,66,183679,44,183679
33835,0.0,74.125.24.0-255,296,296,44,283614
33836,2.2e-05,172.31.46.0-255,66,362,44,283614
33837,2.9e-05,74.125.24.0-255,1484,1846,44,283614
33838,3.3e-05,172.31.46.0-255,66,1912,44,283614
33839,4e-05,74.125.24.0-255,4320,6232,44,283614
33840,4.4e-05,172.31.46.0-255,66,6298,44,283614
33841,5e-05,74.125.24.0-255,5738,12036,44,283614
33842,5.5e-05,172.31.46.0-255,66,12102,44,283614
33843,8.4e-05,74.125.24.0-255,1868,13970,44,283614
33844,8.7e-05,172.31.46.0-255,66,14036,44,283614
33845,0.000248,74.125.24.0-255,1484,15520,44,283614
33846,0.000253,172.31.46.0-255,66,15586,44,283614
33847,0.000259,74.125.24.0-255,2902,18488,44,283614
33848,0.000263,172.31.46.0-255,66,18554,44,283614
33849,0.000268,74.125.24.0-255,2902,21456,44,283614
33850,0.00027,172.31.46.0-255,66,21522,44,283614
33851,0.000292,74.125.24.0-255,2902,24424,44,283614
33852,0.000295,172.31.46.0-255,66,24490,44,283614
33853,0.000303,74.125.24.0-255,6797,31287,44,283614
33854,0.000306,172.31.46.0-255,66,31353,44,283614
33855,0.00035,74.125.24.0-255,1484,32837,44,283614
33856,0.000352,172.31.46.0-255,66,32903,44,283614
33857,0.000357,74.125.24.0-255,2902,35805,44,283614
33858,0.000359,172.31.46.0-255,66,35871,44,283614
33859,0.000362,74.125.24.0-255,1484,37355,44,283614
33860,0.000364,172.31.46.0-255,66,37421,44,283614
33861,0.000381,74.125.24.0-255,4320,41741,44,283614
33862,0.000384,172.31.46.0-255,66,41807,44,283614
33863,0.000425,74.125.24.0-255,6797,48604,44,283614
33864,0.000428,172.31.46.0-255,66,48670,44,283614
33865,0.000469,74.125.24.0-255,1484,50154,44,283614
33866,0.000471,172.31.46.0-255,66,50220,44,283614
33867,0.000486,74.125.24.0-255,2902,53122,44,283614
33868,0.000489,172.31.46.0-255,66,53188,44,283614
33869,0.000515,74.125.24.0-255,5738,58926,44,283614
33870,0.000518,172.31.46.0-255,66,58992,44,283614
33871,0.000551,74.125.24.0-255,7143,66135,44,283614
33872,0.000554,172.31.46.0-255,66,66201,44,283614
33873,0.000565,74.125.24.0-255,332,66533,44,283614
33874,0.000721,74.125.24.0-255,1484,68017,44,283614
33875,0.000726,172.31.46.0-255,66,68083,44,283614
33876,0.000731,74.125.24.0-255,2902,70985,44,283614
33877,0.000733,172.31.46.0-255,66,71051,44,283614
33878,0.000758,74.125.24.0-255,5738,76789,44,283614
33879,0.000762,172.31.46.0-255,66,76855,44,283614
33880,0.000771,74.125.24.0-255,2902,79757,44,283614
33881,0.000773,172.31.46.0-255,66,79823,44,283614
33882,0.000809,74.125.24.0-255,5738,85561,44,283614
33883,0.00084,172.31.46.0-255,66,85627,44,283614
33884,0.000843,172.31.46.0-255,66,85693,44,283614
33885,0.000857,74.125.24.0-255,4470,90163,44,283614
33886,0.00086,172.31.46.0-255,66,90229,44,283614
33887,0.00107,74.125.24.0-255,1484,91713,44,283614
33888,0.001077,74.125.24.0-255,2902,94615,44,283614
33889,0.00108,172.31.46.0-255,66,94681,44,283614
33890,0.001087,74.125.24.0-255,5738,100419,44,283614
33891,0.001089,172.31.46.0-255,66,100485,44,283614
33892,0.001107,74.125.24.0-255,2902,103387,44,283614
33893,0.00111,172.31.46.0-255,66,103453,44,283614
33894,0.001133,172.31.46.0-255,66,103519,44,283614
33895,0.001178,172.31.46.0-255,66,103585,44,283614
33896,0.001404,74.125.24.0-255,1484,105069,44,283614
33897,0.001409,74.125.24.0-255,2902,107971,44,283614
33898,0.001415,172.31.46.0-255,66,108037,44,283614
33899,0.001431,74.125.24.0-255,5738,113775,44,283614
33900,0.001434,172.31.46.0-255,66,113841,44,283614
33901,0.001448,74.125.24.0-255,4320,118161,44,283614
33902,0.001459,172.31.46.0-255,66,118227,44,283614
33903,0.001476,172.31.46.0-255,66,118293,44,283614
33904,0.00154,172.31.46.0-255,66,118359,44,283614
33905,0.00175,74.125.24.0-255,1484,119843,44,283614
33906,0.001754,74.125.24.0-255,1484,121327,44,283614
33907,0.001763,172.31.46.0-255,66,121393,44,283614
33908,0.001767,74.125.24.0-255,1484,122877,44,283614
33909,0.001774,74.125.24.0-255,5738,128615,44,283614
33910,0.001776,172.31.46.0-255,66,128681,44,283614
33911,0.00182,172.31.46.0-255,66,128747,44,283614
33912,0.001846,74.125.24.0-255,2184,130931,44,283614
33913,0.001849,172.31.46.0-255,66,130997,44,283614
33914,0.001853,172.31.46.0-255,66,131063,44,283614
33915,0.001871,74.125.24.0-255,2902,133965,44,283614
33916,0.00188,172.31.46.0-255,66,134031,44,283614
33917,0.001898,74.125.24.0-255,7156,141187,44,283614
33918,0.001919,74.125.24.0-255,2902,144089,44,283614
33919,0.001934,172.31.46.0-255,66,144155,44,283614
33920,0.001956,74.125.24.0-255,5738,149893,44,283614
33921,0.00196,172.31.46.0-255,66,149959,44,283614
33922,0.001971,74.125.24.0-255,6438,156397,44,283614
33923,0.001977,172.31.46.0-255,66,156463,44,283614
33924,0.002064,74.125.24.0-255,1484,157947,44,283614
33925,0.002069,74.125.24.0-255,2902,160849,44,283614
33926,0.002073,172.31.46.0-255,66,160915,44,283614
33927,0.002093,74.125.24.0-255,5738,166653,44,283614
33928,0.002102,172.31.46.0-255,66,166719,44,283614
33929,0.002153,74.125.24.0-255,1484,168203,44,283614
33930,0.002288,74.125.24.0-255,1484,169687,44,283614
33931,0.002292,74.125.24.0-255,1484,171171,44,283614
33932,0.002309,74.125.24.0-255,1484,172655,44,283614
33933,0.002312,74.125.24.0-255,1484,174139,44,283614
33934,0.002325,74.125.24.0-255,1484,175623,44,283614
33935,0.009167,172.31.46.0-255,66,175689,44,283614
33936,0.011093,74.125.24.0-255,1484,177173,44,283614
33937,0.011443,74.125.24.0-255,4320,181493,44,283614
33938,0.011451,172.31.46.0-255,66,181559,44,283614
33939,0.013734,74.125.24.0-255,5738,187297,44,283614
33940,0.01375,172.31.46.0-255,66,187363,44,283614
33941,0.016075,74.125.24.0-255,5738,193101,44,283614
33942,0.016086,172.31.46.0-255,66,193167,44,283614
33943,0.018402,74.125.24.0-255,5738,198905,44,283614
33944,0.018412,172.31.46.0-255,66,198971,44,283614
33945,0.020714,74.125.24.0-255,5738,204709,44,283614
33946,0.020723,172.31.46.0-255,66,204775,44,283614
33947,0.023058,74.125.24.0-255,5738,210513,44,283614
33948,0.023074,172.31.46.0-255,66,210579,44,283614
33949,0.02536,74.125.24.0-255,5738,216317,44,283614
33950,0.025369,172.31.46.0-255,66,216383,44,283614
33951,0.027662,74.125.24.0-255,5738,222121,44,283614
33952,0.027673,172.31.46.0-255,66,222187,44,283614
33953,0.029964,74.125.24.0-255,5738,227925,44,283614
33954,0.029973,172.31.46.0-255,66,227991,44,283614
33955,0.032299,74.125.24.0-255,5738,233729,44,283614
33956,0.032309,172.31.46.0-255,66,233795,44,283614
33957,0.034625,74.125.24.0-255,5738,239533,44,283614
33958,0.034636,172.31.46.0-255,66,239599,44,283614
33959,0.036927,74.125.24.0-255,5738,245337,44,283614
33960,0.036935,172.31.46.0-255,66,245403,44,283614
33961,0.039308,74.125.24.0-255,5738,251141,44,283614
33962,0.03932,172.31.46.0-255,66,251207,44,283614
33963,0.04073,172.31.46.0-255,172,251379,44,283614
33964,0.040758,172.31.46.0-255,1114,252493,44,283614
33965,0.04081,172.31.46.0-255,1514,254007,44,283614
33966,0.040812,172.31.46.0-255,1514,255521,44,283614
33967,0.040817,172.31.46.0-255,1514,257035,44,283614
33968,0.040818,172.31.46.0-255,1514,258549,44,283614
33969,0.040836,172.31.46.0-255,1514,260063,44,283614
33970,0.040837,172.31.46.0-255,71,260134,44,283614
33971,0.041621,74.125.24.0-255,5738,265872,44,283614
33972,0.04163,172.31.46.0-255,66,265938,44,283614
33973,0.042228,104.244.42.0-255,66,266004,44,283614
33974,0.042344,104.244.42.0-255,66,266070,44,283614
33975,0.04235,104.244.42.0-255,66,266136,44,283614
33976,0.042479,104.244.42.0-255,66,266202,44,283614
33977,0.043929,74.125.24.0-255,5738,271940,44,283614
33978,0.043935,172.31.46.0-255,66,272006,44,283614
33979,0.046235,74.125.24.0-255,5738,277744,44,283614
33980,0.046241,172.31.46.0-255,66,277810,44,283614
33981,0.048547,74.125.24.0-255,5738,283548,44,283614
33982,0.048555,172.31.46.0-255,66,283614,44,283614
33983,0.0,172.31.46.0-255,105,105,44,459
33984,0.000165,172.31.46.0-255,90,195,44,459
33985,0.000173,172.31.46.0-255,66,261,44,459
33986,0.002475,172.217.194.0-255,66,327,44,459
33987,0.002513,172.217.194.0-255,66,393,44,459
33988,0.00254,172.31.46.0-255,66,459,44,459
33989,0.0,74.125.24.0-255,152,152,44,194932
33990,2.5e-05,172.31.46.0-255,66,218,44,194932
33991,3.3e-05,74.125.24.0-255,1484,1702,44,194932
33992,3.7e-05,172.31.46.0-255,66,1768,44,194932
33993,4.3e-05,74.125.24.0-255,2902,4670,44,194932
33994,4.5e-05,172.31.46.0-255,66,4736,44,194932
33995,5.4e-05,74.125.24.0-255,7156,11892,44,194932
33996,5.7e-05,172.31.46.0-255,66,11958,44,194932
33997,6.1e-05,74.125.24.0-255,2004,13962,44,194932
33998,6.4e-05,172.31.46.0-255,66,14028,44,194932
33999,0.000181,74.125.24.0-255,1484,15512,44,194932
34000,0.000184,172.31.46.0-255,66,15578,44,194932
34001,0.00019,74.125.24.0-255,2902,18480,44,194932
34002,0.000192,172.31.46.0-255,66,18546,44,194932
34003,0.000215,74.125.24.0-255,5738,24284,44,194932
34004,0.000218,172.31.46.0-255,66,24350,44,194932
34005,0.000238,74.125.24.0-255,1484,25834,44,194932
34006,0.000241,172.31.46.0-255,66,25900,44,194932
34007,0.000278,172.31.46.0-255,66,25966,44,194932
34008,0.000288,172.31.46.0-255,66,26032,44,194932
34009,0.000309,74.125.24.0-255,4320,30352,44,194932
34010,0.000311,172.31.46.0-255,66,30418,44,194932
34011,0.000334,172.31.46.0-255,66,30484,44,194932
34012,0.000337,74.125.24.0-255,412,30896,44,194932
34013,0.000339,172.31.46.0-255,66,30962,44,194932
34014,0.000459,74.125.24.0-255,330,31292,44,194932
34015,0.000463,172.31.46.0-255,66,31358,44,194932
34016,0.00082,74.125.24.0-255,1484,32842,44,194932
34017,0.000826,172.31.46.0-255,66,32908,44,194932
34018,0.000832,74.125.24.0-255,2902,35810,44,194932
34019,0.000834,172.31.46.0-255,66,35876,44,194932
34020,0.000837,74.125.24.0-255,1484,37360,44,194932
34021,0.000855,74.125.24.0-255,4320,41680,44,194932
34022,0.000858,172.31.46.0-255,66,41746,44,194932
34023,0.000863,74.125.24.0-255,2902,44648,44,194932
34024,0.000864,172.31.46.0-255,66,44714,44,194932
34025,0.000887,74.125.24.0-255,7156,51870,44,194932
34026,0.000889,172.31.46.0-255,66,51936,44,194932
34027,0.000939,172.31.46.0-255,66,52002,44,194932
34028,0.001871,74.125.24.0-255,1484,53486,44,194932
34029,0.001882,74.125.24.0-255,2902,56388,44,194932
34030,0.001886,172.31.46.0-255,66,56454,44,194932
34031,0.001894,74.125.24.0-255,5738,62192,44,194932
34032,0.001896,172.31.46.0-255,66,62258,44,194932
34033,0.001931,172.31.46.0-255,66,62324,44,194932
34034,0.001934,74.125.24.0-255,1484,63808,44,194932
34035,0.002006,172.31.46.0-255,66,63874,44,194932
34036,0.00205,74.125.24.0-255,1484,65358,44,194932
34037,0.002054,74.125.24.0-255,1484,66842,44,194932
34038,0.002056,172.31.46.0-255,66,66908,44,194932
34039,0.002075,74.125.24.0-255,1484,68392,44,194932
34040,0.002082,74.125.24.0-255,5738,74130,44,194932
34041,0.002084,172.31.46.0-255,66,74196,44,194932
34042,0.002108,74.125.24.0-255,1484,75680,44,194932
34043,0.00213,172.31.46.0-255,66,75746,44,194932
34044,0.00215,74.125.24.0-255,1484,77230,44,194932
34045,0.002157,74.125.24.0-255,5738,82968,44,194932
34046,0.002159,172.31.46.0-255,66,83034,44,194932
34047,0.002191,74.125.24.0-255,2902,85936,44,194932
34048,0.002194,172.31.46.0-255,66,86002,44,194932
34049,0.002213,74.125.24.0-255,2184,88186,44,194932
34050,0.002216,172.31.46.0-255,66,88252,44,194932
34051,0.004825,74.125.24.0-255,4320,92572,44,194932
34052,0.004829,172.31.46.0-255,66,92638,44,194932
34053,0.004848,74.125.24.0-255,1484,94122,44,194932
34054,0.007433,74.125.24.0-255,4320,98442,44,194932
34055,0.007442,172.31.46.0-255,66,98508,44,194932
34056,0.010076,74.125.24.0-255,5738,104246,44,194932
34057,0.010085,172.31.46.0-255,66,104312,44,194932
34058,0.012733,74.125.24.0-255,5738,110050,44,194932
34059,0.012749,172.31.46.0-255,66,110116,44,194932
34060,0.015374,74.125.24.0-255,5738,115854,44,194932
34061,0.015386,172.31.46.0-255,66,115920,44,194932
34062,0.018033,74.125.24.0-255,5738,121658,44,194932
34063,0.018051,172.31.46.0-255,66,121724,44,194932
34064,0.020729,74.125.24.0-255,5738,127462,44,194932
34065,0.020746,172.31.46.0-255,66,127528,44,194932
34066,0.023389,74.125.24.0-255,5738,133266,44,194932
34067,0.0234,172.31.46.0-255,66,133332,44,194932
34068,0.026077,74.125.24.0-255,5738,139070,44,194932
34069,0.026094,172.31.46.0-255,66,139136,44,194932
34070,0.028765,74.125.24.0-255,5738,144874,44,194932
34071,0.028779,172.31.46.0-255,66,144940,44,194932
34072,0.031429,74.125.24.0-255,5738,150678,44,194932
34073,0.031442,172.31.46.0-255,66,150744,44,194932
34074,0.034083,74.125.24.0-255,5738,156482,44,194932
34075,0.034098,172.31.46.0-255,66,156548,44,194932
34076,0.036261,172.31.46.0-255,172,156720,44,194932
34077,0.036295,172.31.46.0-255,1114,157834,44,194932
34078,0.036379,172.31.46.0-255,1514,159348,44,194932
34079,0.036381,172.31.46.0-255,1514,160862,44,194932
34080,0.036386,172.31.46.0-255,1514,162376,44,194932
34081,0.036387,172.31.46.0-255,1514,163890,44,194932
34082,0.036408,172.31.46.0-255,1514,165404,44,194932
34083,0.036409,172.31.46.0-255,70,165474,44,194932
34084,0.036691,74.125.24.0-255,5738,171212,44,194932
34085,0.036698,172.31.46.0-255,66,171278,44,194932
34086,0.037854,104.244.42.0-255,66,171344,44,194932
34087,0.037863,104.244.42.0-255,66,171410,44,194932
34088,0.037979,104.244.42.0-255,66,171476,44,194932
34089,0.038003,104.244.42.0-255,66,171542,44,194932
34090,0.039372,74.125.24.0-255,5738,177280,44,194932
34091,0.039381,172.31.46.0-255,66,177346,44,194932
34092,0.041753,104.244.42.0-255,108,177454,44,194932
34093,0.041765,172.31.46.0-255,66,177520,44,194932
34094,0.042008,74.125.24.0-255,5738,183258,44,194932
34095,0.042015,172.31.46.0-255,66,183324,44,194932
34096,0.044678,74.125.24.0-255,5738,189062,44,194932
34097,0.044685,172.31.46.0-255,66,189128,44,194932
34098,0.047382,74.125.24.0-255,5738,194866,44,194932
34099,0.04739,172.31.46.0-255,66,194932,44,194932
34100,0.0,172.217.194.0-255,290,290,44,162739
34101,2.2e-05,172.31.46.0-255,66,356,44,162739
34102,2.8e-05,172.217.194.0-255,1484,1840,44,162739
34103,3.2e-05,172.31.46.0-255,66,1906,44,162739
34104,3.8e-05,172.217.194.0-255,4320,6226,44,162739
34105,4.1e-05,172.31.46.0-255,66,6292,44,162739
34106,6e-05,172.31.46.0-255,66,6358,44,162739
34107,7e-05,172.31.46.0-255,66,6424,44,162739
34108,8.1e-05,172.31.46.0-255,66,6490,44,162739
34109,0.000111,172.217.194.0-255,7156,13646,44,162739
34110,0.000114,172.31.46.0-255,66,13712,44,162739
34111,0.000139,172.217.194.0-255,6438,20150,44,162739
34112,0.000142,172.31.46.0-255,66,20216,44,162739
34113,0.000194,172.217.194.0-255,1484,21700,44,162739
34114,0.000197,172.31.46.0-255,66,21766,44,162739
34115,0.000202,172.217.194.0-255,2902,24668,44,162739
34116,0.000204,172.31.46.0-255,66,24734,44,162739
34117,0.000238,172.217.194.0-255,5738,30472,44,162739
34118,0.000241,172.31.46.0-255,66,30538,44,162739
34119,0.000244,172.217.194.0-255,1484,32022,44,162739
34120,0.000245,172.31.46.0-255,66,32088,44,162739
34121,0.000268,172.217.194.0-255,5703,37791,44,162739
34122,0.000271,172.31.46.0-255,66,37857,44,162739
34123,0.000287,172.217.194.0-255,2902,40759,44,162739
34124,0.000294,172.31.46.0-255,66,40825,44,162739
34125,0.00032,172.217.194.0-255,4320,45145,44,162739
34126,0.000323,172.31.46.0-255,66,45211,44,162739
34127,0.000328,172.217.194.0-255,5738,50949,44,162739
34128,0.00033,172.31.46.0-255,66,51015,44,162739
34129,0.000354,172.217.194.0-255,3677,54692,44,162739
34130,0.000356,172.31.46.0-255,66,54758,44,162739
34131,0.000517,172.217.194.0-255,1484,56242,44,162739
34132,0.000525,172.217.194.0-255,2902,59144,44,162739
34133,0.000529,172.31.46.0-255,66,59210,44,162739
34134,0.000533,172.217.194.0-255,2902,62112,44,162739
34135,0.000535,172.31.46.0-255,66,62178,44,162739
34136,0.000559,172.217.194.0-255,2902,65080,44,162739
34137,0.000561,172.31.46.0-255,66,65146,44,162739
34138,0.000573,172.31.46.0-255,66,65212,44,162739
34139,0.000613,172.217.194.0-255,1484,66696,44,162739
34140,0.000642,172.31.46.0-255,66,66762,44,162739
34141,0.000932,172.217.194.0-255,1484,68246,44,162739
34142,0.000936,172.217.194.0-255,1484,69730,44,162739
34143,0.000939,172.31.46.0-255,66,69796,44,162739
34144,0.000965,172.217.194.0-255,1484,71280,44,162739
34145,0.000971,172.217.194.0-255,5738,77018,44,162739
34146,0.000973,172.31.46.0-255,66,77084,44,162739
34147,0.000979,172.217.194.0-255,4320,81404,44,162739
34148,0.00098,172.31.46.0-255,66,81470,44,162739
34149,0.000992,172.31.46.0-255,66,81536,44,162739
34150,0.001024,172.31.46.0-255,66,81602,44,162739
34151,0.001339,172.217.194.0-255,1484,83086,44,162739
34152,0.00136,172.217.194.0-255,2902,85988,44,162739
34153,0.001363,172.31.46.0-255,66,86054,44,162739
34154,0.001369,172.217.194.0-255,5738,91792,44,162739
34155,0.001371,172.31.46.0-255,66,91858,44,162739
34156,0.001401,172.31.46.0-255,66,91924,44,162739
34157,0.001467,172.31.46.0-255,66,91990,44,162739
34158,0.001472,172.217.194.0-255,4320,96310,44,162739
34159,0.001473,172.31.46.0-255,66,96376,44,162739
34160,0.001509,172.217.194.0-255,5738,102114,44,162739
34161,0.001511,172.31.46.0-255,66,102180,44,162739
34162,0.001523,172.31.46.0-255,66,102246,44,162739
34163,0.001528,172.217.194.0-255,5738,107984,44,162739
34164,0.00153,172.31.46.0-255,66,108050,44,162739
34165,0.00156,172.217.194.0-255,6438,114488,44,162739
34166,0.001562,172.31.46.0-255,66,114554,44,162739
34167,0.001565,172.217.194.0-255,1484,116038,44,162739
34168,0.001585,172.217.194.0-255,2902,118940,44,162739
34169,0.001587,172.31.46.0-255,66,119006,44,162739
34170,0.001593,172.217.194.0-255,5738,124744,44,162739
34171,0.001595,172.31.46.0-255,66,124810,44,162739
34172,0.001614,172.217.194.0-255,5738,130548,44,162739
34173,0.001616,172.31.46.0-255,66,130614,44,162739
34174,0.001638,172.217.194.0-255,7156,137770,44,162739
34175,0.00164,172.31.46.0-255,66,137836,44,162739
34176,0.001652,172.31.46.0-255,66,137902,44,162739
34177,0.001706,172.217.194.0-255,1484,139386,44,162739
34178,0.001729,172.217.194.0-255,2902,142288,44,162739
34179,0.001734,172.217.194.0-255,5738,148026,44,162739
34180,0.001738,172.31.46.0-255,66,148092,44,162739
34181,0.001745,172.31.46.0-255,66,148158,44,162739
34182,0.001748,172.217.194.0-255,1484,149642,44,162739
34183,0.001779,172.31.46.0-255,66,149708,44,162739
34184,0.001824,172.31.46.0-255,66,149774,44,162739
34185,0.001838,172.31.46.0-255,66,149840,44,162739
34186,0.001852,172.31.46.0-255,66,149906,44,162739
34187,0.001855,172.217.194.0-255,2902,152808,44,162739
34188,0.001858,172.31.46.0-255,66,152874,44,162739
34189,0.001899,172.31.46.0-255,66,152940,44,162739
34190,0.001914,172.31.46.0-255,66,153006,44,162739
34191,0.001992,172.31.46.0-255,66,153072,44,162739
34192,0.002027,172.31.46.0-255,66,153138,44,162739
34193,0.00204,172.31.46.0-255,66,153204,44,162739
34194,0.002043,172.217.194.0-255,105,153309,44,162739
34195,0.004284,172.31.46.0-255,66,153375,44,162739
34196,0.004323,172.31.46.0-255,105,153480,44,162739
34197,0.006363,172.217.194.0-255,66,153546,44,162739
34198,0.041008,172.31.46.0-255,172,153718,44,162739
34199,0.041042,172.31.46.0-255,1109,154827,44,162739
34200,0.041106,172.31.46.0-255,1514,156341,44,162739
34201,0.041108,172.31.46.0-255,1514,157855,44,162739
34202,0.04111,172.31.46.0-255,1514,159369,44,162739
34203,0.041115,172.31.46.0-255,1514,160883,44,162739
34204,0.041116,172.31.46.0-255,1514,162397,44,162739
34205,0.041117,172.31.46.0-255,78,162475,44,162739
34206,0.042561,104.244.42.0-255,66,162541,44,162739
34207,0.042572,104.244.42.0-255,66,162607,44,162739
34208,0.042638,104.244.42.0-255,66,162673,44,162739
34209,0.042643,104.244.42.0-255,66,162739,44,162739
34210,0.0,74.125.68.0-255,66,66,44,66
34211,0.0,74.125.24.0-255,153,153,44,225558
34212,1.4e-05,172.31.46.0-255,66,219,44,225558
34213,2.1e-05,74.125.24.0-255,1484,1703,44,225558
34214,2.6e-05,172.31.46.0-255,66,1769,44,225558
34215,3.9e-05,74.125.24.0-255,2902,4671,44,225558
34216,4.2e-05,172.31.46.0-255,66,4737,44,225558
34217,5.1e-05,74.125.24.0-255,7156,11893,44,225558
34218,5.4e-05,172.31.46.0-255,66,11959,44,225558
34219,5.7e-05,74.125.24.0-255,2006,13965,44,225558
34220,6e-05,172.31.46.0-255,66,14031,44,225558
34221,0.000345,74.125.24.0-255,1484,15515,44,225558
34222,0.000351,172.31.46.0-255,66,15581,44,225558
34223,0.000358,74.125.24.0-255,2902,18483,44,225558
34224,0.00036,172.31.46.0-255,66,18549,44,225558
34225,0.000388,74.125.24.0-255,5738,24287,44,225558
34226,0.00039,172.31.46.0-255,66,24353,44,225558
34227,0.000397,74.125.24.0-255,1484,25837,44,225558
34228,0.000399,172.31.46.0-255,66,25903,44,225558
34229,0.000421,74.125.24.0-255,2902,28805,44,225558
34230,0.000424,172.31.46.0-255,66,28871,44,225558
34231,0.000476,74.125.24.0-255,2543,31414,44,225558
34232,0.000479,172.31.46.0-255,66,31480,44,225558
34233,0.000684,74.125.24.0-255,1484,32964,44,225558
34234,0.000689,172.31.46.0-255,66,33030,44,225558
34235,0.000702,74.125.24.0-255,2902,35932,44,225558
34236,0.000708,172.31.46.0-255,66,35998,44,225558
34237,0.000713,74.125.24.0-255,2902,38900,44,225558
34238,0.000715,172.31.46.0-255,66,38966,44,225558
34239,0.000753,74.125.24.0-255,7156,46122,44,225558
34240,0.000755,172.31.46.0-255,66,46188,44,225558
34241,0.000781,172.31.46.0-255,66,46254,44,225558
34242,0.000822,74.125.24.0-255,4320,50574,44,225558
34243,0.000842,74.125.24.0-255,4269,54843,44,225558
34244,0.000845,74.125.24.0-255,378,55221,44,225558
34245,0.000853,172.31.46.0-255,66,55287,44,225558
34246,0.001247,74.125.24.0-255,1484,56771,44,225558
34247,0.001257,74.125.24.0-255,2902,59673,44,225558
34248,0.001261,172.31.46.0-255,66,59739,44,225558
34249,0.001275,74.125.24.0-255,1484,61223,44,225558
34250,0.001302,74.125.24.0-255,4320,65543,44,225558
34251,0.001309,74.125.24.0-255,5738,71281,44,225558
34252,0.001346,74.125.24.0-255,5020,76301,44,225558
34253,0.001388,74.125.24.0-255,1484,77785,44,225558
34254,0.001392,74.125.24.0-255,1484,79269,44,225558
34255,0.001407,74.125.24.0-255,1484,80753,44,225558
34256,0.00141,74.125.24.0-255,1484,82237,44,225558
34257,0.00143,74.125.24.0-255,4320,86557,44,225558
34258,0.001434,74.125.24.0-255,2902,89459,44,225558
34259,0.001512,74.125.24.0-255,2184,91643,44,225558
34260,0.001982,74.125.24.0-255,1484,93127,44,225558
34261,0.001991,74.125.24.0-255,2902,96029,44,225558
34262,0.001995,74.125.24.0-255,1484,97513,44,225558
34263,0.002022,74.125.24.0-255,4320,101833,44,225558
34264,0.002028,74.125.24.0-255,4320,106153,44,225558
34265,0.002032,74.125.24.0-255,2902,109055,44,225558
34266,0.00206,74.125.24.0-255,5738,114793,44,225558
34267,0.002076,74.125.24.0-255,2184,116977,44,225558
34268,0.002079,74.125.24.0-255,1484,118461,44,225558
34269,0.002101,74.125.24.0-255,7156,125617,44,225558
34270,0.002106,74.125.24.0-255,4320,129937,44,225558
34271,0.002179,74.125.24.0-255,4320,134257,44,225558
34272,0.002182,74.125.24.0-255,2184,136441,44,225558
34273,0.00234,74.125.24.0-255,1484,137925,44,225558
34274,0.002344,74.125.24.0-255,1484,139409,44,225558
34275,0.002364,74.125.24.0-255,1484,140893,44,225558
34276,0.002367,74.125.24.0-255,1484,142377,44,225558
34277,0.002369,74.125.24.0-255,1484,143861,44,225558
34278,0.002372,74.125.24.0-255,1484,145345,44,225558
34279,0.002396,74.125.24.0-255,4320,149665,44,225558
34280,0.002411,74.125.24.0-255,4320,153985,44,225558
34281,0.002423,74.125.24.0-255,1484,155469,44,225558
34282,0.002438,74.125.24.0-255,5020,160489,44,225558
34283,0.002505,74.125.24.0-255,1484,161973,44,225558
34284,0.00251,74.125.24.0-255,2902,164875,44,225558
34285,0.002545,74.125.24.0-255,5738,170613,44,225558
34286,0.002551,74.125.24.0-255,5738,176351,44,225558
34287,0.002577,74.125.24.0-255,7156,183507,44,225558
34288,0.002584,74.125.24.0-255,5738,189245,44,225558
34289,0.002604,74.125.24.0-255,5020,194265,44,225558
34290,0.002733,74.125.24.0-255,2902,197167,44,225558
34291,0.002735,74.125.24.0-255,766,197933,44,225558
34292,0.002743,74.125.24.0-255,7156,205089,44,225558
34293,0.002746,74.125.24.0-255,1484,206573,44,225558
34294,0.002775,74.125.24.0-255,7156,213729,44,225558
34295,0.002781,74.125.24.0-255,5738,219467,44,225558
34296,0.002858,74.125.24.0-255,3602,223069,44,225558
34297,0.002879,74.125.24.0-255,97,223166,44,225558
34298,0.002881,74.125.24.0-255,105,223271,44,225558
34299,0.006182,172.31.46.0-255,66,223337,44,225558
34300,0.008631,172.31.46.0-255,105,223442,44,225558
34301,0.010619,74.125.24.0-255,66,223508,44,225558
34302,0.038593,172.31.46.0-255,172,223680,44,225558
34303,0.038623,172.31.46.0-255,1114,224794,44,225558
34304,0.038679,172.31.46.0-255,566,225360,44,225558
34305,0.040132,104.244.42.0-255,66,225426,44,225558
34306,0.040192,104.244.42.0-255,66,225492,44,225558
34307,0.040219,104.244.42.0-255,66,225558,44,225558
34308,0.0,172.31.46.0-255,105,105,44,459
34309,0.000123,172.31.46.0-255,90,195,44,459
34310,0.00013,172.31.46.0-255,66,261,44,459
34311,0.002439,74.125.24.0-255,66,327,44,459
34312,0.002454,74.125.24.0-255,66,393,44,459
34313,0.002466,172.31.46.0-255,66,459,44,459
34314,0.0,74.125.24.0-255,146,146,44,208368
34315,2.5e-05,172.31.46.0-255,66,212,44,208368
34316,3.2e-05,74.125.24.0-255,1484,1696,44,208368
34317,3.7e-05,172.31.46.0-255,66,1762,44,208368
34318,4.3e-05,74.125.24.0-255,2902,4664,44,208368
34319,4.6e-05,172.31.46.0-255,66,4730,44,208368
34320,5.4e-05,74.125.24.0-255,7156,11886,44,208368
34321,5.8e-05,172.31.46.0-255,66,11952,44,208368
34322,6.2e-05,74.125.24.0-255,2084,14036,44,208368
34323,6.5e-05,172.31.46.0-255,66,14102,44,208368
34324,0.000174,74.125.24.0-255,1484,15586,44,208368
34325,0.000178,172.31.46.0-255,66,15652,44,208368
34326,0.000183,74.125.24.0-255,2902,18554,44,208368
34327,0.000185,172.31.46.0-255,66,18620,44,208368
34328,0.00019,74.125.24.0-255,2902,21522,44,208368
34329,0.000192,172.31.46.0-255,66,21588,44,208368
34330,0.00021,74.125.24.0-255,2902,24490,44,208368
34331,0.000212,172.31.46.0-255,66,24556,44,208368
34332,0.000218,74.125.24.0-255,5738,30294,44,208368
34333,0.000221,172.31.46.0-255,66,30360,44,208368
34334,0.000263,74.125.24.0-255,1125,31485,44,208368
34335,0.000265,172.31.46.0-255,66,31551,44,208368
34336,0.000268,74.125.24.0-255,1484,33035,44,208368
34337,0.00027,172.31.46.0-255,66,33101,44,208368
34338,0.000276,74.125.24.0-255,4320,37421,44,208368
34339,0.000278,172.31.46.0-255,66,37487,44,208368
34340,0.000313,172.31.46.0-255,66,37553,44,208368
34341,0.000316,74.125.24.0-255,1125,38678,44,208368
34342,0.000318,172.31.46.0-255,66,38744,44,208368
34343,0.00179,74.125.24.0-255,1484,40228,44,208368
34344,0.001802,172.31.46.0-255,66,40294,44,208368
34345,0.001813,74.125.24.0-255,2902,43196,44,208368
34346,0.001816,172.31.46.0-255,66,43262,44,208368
34347,0.001823,74.125.24.0-255,5738,49000,44,208368
34348,0.001843,172.31.46.0-255,66,49066,44,208368
34349,0.001852,74.125.24.0-255,6797,55863,44,208368
34350,0.001856,172.31.46.0-255,66,55929,44,208368
34351,0.001898,74.125.24.0-255,1484,57413,44,208368
34352,0.001903,74.125.24.0-255,1484,58897,44,208368
34353,0.001905,172.31.46.0-255,66,58963,44,208368
34354,0.001928,74.125.24.0-255,1484,60447,44,208368
34355,0.001935,74.125.24.0-255,5738,66185,44,208368
34356,0.001937,172.31.46.0-255,66,66251,44,208368
34357,0.001944,74.125.24.0-255,5738,71989,44,208368
34358,0.001947,172.31.46.0-255,66,72055,44,208368
34359,0.00197,74.125.24.0-255,1125,73180,44,208368
34360,0.001973,74.125.24.0-255,647,73827,44,208368
34361,0.001975,172.31.46.0-255,66,73893,44,208368
34362,0.001979,74.125.24.0-255,1484,75377,44,208368
34363,0.001983,74.125.24.0-255,2902,78279,44,208368
34364,0.001985,172.31.46.0-255,66,78345,44,208368
34365,0.002003,74.125.24.0-255,1484,79829,44,208368
34366,0.002014,172.31.46.0-255,66,79895,44,208368
34367,0.002033,74.125.24.0-255,1484,81379,44,208368
34368,0.002036,74.125.24.0-255,1125,82504,44,208368
34369,0.002039,172.31.46.0-255,66,82570,44,208368
34370,0.004313,74.125.24.0-255,2902,85472,44,208368
34371,0.004327,172.31.46.0-255,66,85538,44,208368
34372,0.00435,74.125.24.0-255,2902,88440,44,208368
34373,0.004353,172.31.46.0-255,66,88506,44,208368
34374,0.006611,74.125.24.0-255,2902,91408,44,208368
34375,0.006618,172.31.46.0-255,66,91474,44,208368
34376,0.006643,74.125.24.0-255,2902,94376,44,208368
34377,0.006645,172.31.46.0-255,66,94442,44,208368
34378,0.008915,74.125.24.0-255,2902,97344,44,208368
34379,0.008924,172.31.46.0-255,66,97410,44,208368
34380,0.008945,74.125.24.0-255,2902,100312,44,208368
34381,0.008948,172.31.46.0-255,66,100378,44,208368
34382,0.011237,74.125.24.0-255,2902,103280,44,208368
34383,0.011249,172.31.46.0-255,66,103346,44,208368
34384,0.011271,74.125.24.0-255,2902,106248,44,208368
34385,0.011275,172.31.46.0-255,66,106314,44,208368
34386,0.013577,74.125.24.0-255,5738,112052,44,208368
34387,0.013587,172.31.46.0-255,66,112118,44,208368
34388,0.015923,74.125.24.0-255,5738,117856,44,208368
34389,0.015942,172.31.46.0-255,66,117922,44,208368
34390,0.018229,74.125.24.0-255,5738,123660,44,208368
34391,0.018242,172.31.46.0-255,66,123726,44,208368
34392,0.020551,74.125.24.0-255,5738,129464,44,208368
34393,0.020569,172.31.46.0-255,66,129530,44,208368
34394,0.022872,74.125.24.0-255,5738,135268,44,208368
34395,0.022881,172.31.46.0-255,66,135334,44,208368
34396,0.025185,74.125.24.0-255,5738,141072,44,208368
34397,0.025196,172.31.46.0-255,66,141138,44,208368
34398,0.027524,74.125.24.0-255,5738,146876,44,208368
34399,0.027539,172.31.46.0-255,66,146942,44,208368
34400,0.029826,74.125.24.0-255,5738,152680,44,208368
34401,0.029856,172.31.46.0-255,66,152746,44,208368
34402,0.03216,74.125.24.0-255,5738,158484,44,208368
34403,0.032174,172.31.46.0-255,66,158550,44,208368
34404,0.034477,74.125.24.0-255,5738,164288,44,208368
34405,0.034495,172.31.46.0-255,66,164354,44,208368
34406,0.0368,74.125.24.0-255,5738,170092,44,208368
34407,0.036814,172.31.46.0-255,66,170158,44,208368
34408,0.039101,74.125.24.0-255,5738,175896,44,208368
34409,0.039112,172.31.46.0-255,66,175962,44,208368
34410,0.041449,74.125.24.0-255,5738,181700,44,208368
34411,0.041465,172.31.46.0-255,66,181766,44,208368
34412,0.042236,172.31.46.0-255,172,181938,44,208368
34413,0.042268,172.31.46.0-255,1114,183052,44,208368
34414,0.042349,172.31.46.0-255,1514,184566,44,208368
34415,0.042351,172.31.46.0-255,1514,186080,44,208368
34416,0.042352,172.31.46.0-255,1514,187594,44,208368
34417,0.042353,172.31.46.0-255,1514,189108,44,208368
34418,0.042381,172.31.46.0-255,1514,190622,44,208368
34419,0.042383,172.31.46.0-255,70,190692,44,208368
34420,0.043743,74.125.24.0-255,5738,196430,44,208368
34421,0.043752,172.31.46.0-255,66,196496,44,208368
34422,0.043771,104.244.42.0-255,66,196562,44,208368
34423,0.043794,104.244.42.0-255,66,196628,44,208368
34424,0.043917,104.244.42.0-255,66,196694,44,208368
34425,0.043924,104.244.42.0-255,66,196760,44,208368
34426,0.046106,74.125.24.0-255,5738,202498,44,208368
34427,0.046115,172.31.46.0-255,66,202564,44,208368
34428,0.048434,74.125.24.0-255,5738,208302,44,208368
34429,0.048442,172.31.46.0-255,66,208368,44,208368
34430,0.0,74.125.24.0-255,146,146,44,312560
34431,2.4e-05,172.31.46.0-255,66,212,44,312560
34432,3.1e-05,74.125.24.0-255,1484,1696,44,312560
34433,3.7e-05,172.31.46.0-255,66,1762,44,312560
34434,4.2e-05,74.125.24.0-255,2902,4664,44,312560
34435,5.5e-05,172.31.46.0-255,66,4730,44,312560
34436,6.4e-05,74.125.24.0-255,7156,11886,44,312560
34437,6.7e-05,172.31.46.0-255,66,11952,44,312560
34438,7.1e-05,74.125.24.0-255,2014,13966,44,312560
34439,7.4e-05,172.31.46.0-255,66,14032,44,312560
34440,0.00018,74.125.24.0-255,1484,15516,44,312560
34441,0.000184,172.31.46.0-255,66,15582,44,312560
34442,0.000188,74.125.24.0-255,1484,17066,44,312560
34443,0.00019,172.31.46.0-255,66,17132,44,312560
34444,0.000209,74.125.24.0-255,1484,18616,44,312560
34445,0.000211,172.31.46.0-255,66,18682,44,312560
34446,0.000246,74.125.24.0-255,4320,23002,44,312560
34447,0.000249,172.31.46.0-255,66,23068,44,312560
34448,0.000252,74.125.24.0-255,1484,24552,44,312560
34449,0.000254,172.31.46.0-255,66,24618,44,312560
34450,0.000288,172.31.46.0-255,66,24684,44,312560
34451,0.000299,74.125.24.0-255,5738,30422,44,312560
34452,0.000301,172.31.46.0-255,66,30488,44,312560
34453,0.000329,74.125.24.0-255,5738,36226,44,312560
34454,0.000332,172.31.46.0-255,66,36292,44,312560
34455,0.000353,74.125.24.0-255,3961,40253,44,312560
34456,0.000356,172.31.46.0-255,66,40319,44,312560
34457,0.000819,74.125.24.0-255,1484,41803,44,312560
34458,0.000823,74.125.24.0-255,1484,43287,44,312560
34459,0.000828,172.31.46.0-255,66,43353,44,312560
34460,0.000836,172.31.46.0-255,66,43419,44,312560
34461,0.000841,74.125.24.0-255,1484,44903,44,312560
34462,0.000846,172.31.46.0-255,66,44969,44,312560
34463,0.000854,74.125.24.0-255,5738,50707,44,312560
34464,0.000856,172.31.46.0-255,66,50773,44,312560
34465,0.000895,172.31.46.0-255,66,50839,44,312560
34466,0.0009,74.125.24.0-255,2902,53741,44,312560
34467,0.000902,172.31.46.0-255,66,53807,44,312560
34468,0.000938,74.125.24.0-255,7156,60963,44,312560
34469,0.000945,74.125.24.0-255,5959,66922,44,312560
34470,0.00095,172.31.46.0-255,66,66988,44,312560
34471,0.000957,172.31.46.0-255,66,67054,44,312560
34472,0.000971,74.125.24.0-255,7156,74210,44,312560
34473,0.000974,172.31.46.0-255,66,74276,44,312560
34474,0.000994,74.125.24.0-255,1484,75760,44,312560
34475,0.000997,172.31.46.0-255,66,75826,44,312560
34476,0.001032,74.125.24.0-255,6797,82623,44,312560
34477,0.001035,172.31.46.0-255,66,82689,44,312560
34478,0.001093,74.125.24.0-255,1484,84173,44,312560
34479,0.001096,172.31.46.0-255,66,84239,44,312560
34480,0.001119,74.125.24.0-255,2902,87141,44,312560
34481,0.001121,172.31.46.0-255,66,87207,44,312560
34482,0.001129,74.125.24.0-255,5738,92945,44,312560
34483,0.001141,172.31.46.0-255,66,93011,44,312560
34484,0.001186,74.125.24.0-255,6133,99144,44,312560
34485,0.001195,172.31.46.0-255,66,99210,44,312560
34486,0.001544,74.125.24.0-255,1484,100694,44,312560
34487,0.001549,172.31.46.0-255,66,100760,44,312560
34488,0.001554,74.125.24.0-255,2902,103662,44,312560
34489,0.001557,172.31.46.0-255,66,103728,44,312560
34490,0.001587,74.125.24.0-255,2902,106630,44,312560
34491,0.001604,74.125.24.0-255,2902,109532,44,312560
34492,0.001606,74.125.24.0-255,1484,111016,44,312560
34493,0.001608,172.31.46.0-255,66,111082,44,312560
34494,0.001614,172.31.46.0-255,66,111148,44,312560
34495,0.00164,74.125.24.0-255,2902,114050,44,312560
34496,0.001646,74.125.24.0-255,3238,117288,44,312560
34497,0.001663,172.31.46.0-255,66,117354,44,312560
34498,0.001672,74.125.24.0-255,1484,118838,44,312560
34499,0.001688,74.125.24.0-255,2902,121740,44,312560
34500,0.001693,74.125.24.0-255,4320,126060,44,312560
34501,0.001709,74.125.24.0-255,2902,128962,44,312560
34502,0.001722,74.125.24.0-255,2902,131864,44,312560
34503,0.00173,172.31.46.0-255,66,131930,44,312560
34504,0.001754,172.31.46.0-255,66,131996,44,312560
34505,0.001798,74.125.24.0-255,5738,137734,44,312560
34506,0.001814,74.125.24.0-255,3602,141336,44,312560
34507,0.001827,172.31.46.0-255,66,141402,44,312560
34508,0.001942,74.125.24.0-255,1484,142886,44,312560
34509,0.001948,74.125.24.0-255,2902,145788,44,312560
34510,0.001953,172.31.46.0-255,66,145854,44,312560
34511,0.001988,74.125.24.0-255,5738,151592,44,312560
34512,0.002006,74.125.24.0-255,4320,155912,44,312560
34513,0.002011,172.31.46.0-255,66,155978,44,312560
34514,0.00202,74.125.24.0-255,2902,158880,44,312560
34515,0.002039,74.125.24.0-255,3602,162482,44,312560
34516,0.002061,74.125.24.0-255,4320,166802,44,312560
34517,0.002069,172.31.46.0-255,66,166868,44,312560
34518,0.00209,74.125.24.0-255,5738,172606,44,312560
34519,0.002113,74.125.24.0-255,4320,176926,44,312560
34520,0.00212,74.125.24.0-255,7156,184082,44,312560
34521,0.002124,172.31.46.0-255,66,184148,44,312560
34522,0.002149,74.125.24.0-255,2902,187050,44,312560
34523,0.002177,172.31.46.0-255,66,187116,44,312560
34524,0.004483,74.125.24.0-255,5738,192854,44,312560
34525,0.00449,172.31.46.0-255,66,192920,44,312560
34526,0.006749,74.125.24.0-255,5738,198658,44,312560
34527,0.006756,172.31.46.0-255,66,198724,44,312560
34528,0.009034,74.125.24.0-255,5738,204462,44,312560
34529,0.009041,172.31.46.0-255,66,204528,44,312560
34530,0.011314,74.125.24.0-255,5738,210266,44,312560
34531,0.011323,172.31.46.0-255,66,210332,44,312560
34532,0.01359,74.125.24.0-255,5738,216070,44,312560
34533,0.013604,172.31.46.0-255,66,216136,44,312560
34534,0.01587,74.125.24.0-255,5738,221874,44,312560
34535,0.015879,172.31.46.0-255,66,221940,44,312560
34536,0.018173,74.125.24.0-255,5738,227678,44,312560
34537,0.018185,172.31.46.0-255,66,227744,44,312560
34538,0.02047,74.125.24.0-255,5738,233482,44,312560
34539,0.020477,172.31.46.0-255,66,233548,44,312560
34540,0.022743,74.125.24.0-255,5738,239286,44,312560
34541,0.02275,172.31.46.0-255,66,239352,44,312560
34542,0.025015,74.125.24.0-255,5738,245090,44,312560
34543,0.025023,172.31.46.0-255,66,245156,44,312560
34544,0.027293,74.125.24.0-255,5738,250894,44,312560
34545,0.02731,172.31.46.0-255,66,250960,44,312560
34546,0.029901,74.125.24.0-255,5738,256698,44,312560
34547,0.029917,172.31.46.0-255,66,256764,44,312560
34548,0.032204,74.125.24.0-255,5738,262502,44,312560
34549,0.032215,172.31.46.0-255,66,262568,44,312560
34550,0.034484,74.125.24.0-255,5738,268306,44,312560
34551,0.034491,172.31.46.0-255,66,268372,44,312560
34552,0.035005,172.31.46.0-255,172,268544,44,312560
34553,0.035039,172.31.46.0-255,1115,269659,44,312560
34554,0.035103,172.31.46.0-255,1514,271173,44,312560
34555,0.035105,172.31.46.0-255,1514,272687,44,312560
34556,0.035106,172.31.46.0-255,1514,274201,44,312560
34557,0.035107,172.31.46.0-255,1514,275715,44,312560
34558,0.035136,172.31.46.0-255,1514,277229,44,312560
34559,0.035138,172.31.46.0-255,69,277298,44,312560
34560,0.03659,104.244.42.0-255,66,277364,44,312560
34561,0.036651,104.244.42.0-255,66,277430,44,312560
34562,0.03675,104.244.42.0-255,66,277496,44,312560
34563,0.036756,104.244.42.0-255,66,277562,44,312560
34564,0.036764,74.125.24.0-255,5738,283300,44,312560
34565,0.03677,172.31.46.0-255,66,283366,44,312560
34566,0.039029,74.125.24.0-255,5738,289104,44,312560
34567,0.039036,172.31.46.0-255,66,289170,44,312560
34568,0.039067,104.244.42.0-255,108,289278,44,312560
34569,0.039072,172.31.46.0-255,66,289344,44,312560
34570,0.04131,74.125.24.0-255,5738,295082,44,312560
34571,0.041318,172.31.46.0-255,66,295148,44,312560
34572,0.043667,74.125.24.0-255,5738,300886,44,312560
34573,0.043675,172.31.46.0-255,66,300952,44,312560
34574,0.045957,74.125.24.0-255,5738,306690,44,312560
34575,0.045969,172.31.46.0-255,66,306756,44,312560
34576,0.048235,74.125.24.0-255,5738,312494,44,312560
34577,0.048242,172.31.46.0-255,66,312560,44,312560
34578,0.0,172.31.46.0-255,105,105,44,459
34579,0.000158,172.31.46.0-255,90,195,44,459
34580,0.000167,172.31.46.0-255,66,261,44,459
34581,0.00222,172.217.194.0-255,66,327,44,459
34582,0.002244,172.217.194.0-255,66,393,44,459
34583,0.002263,172.31.46.0-255,66,459,44,459
34584,0.0,172.217.194.0-255,153,153,44,277925
34585,1.5e-05,172.31.46.0-255,66,219,44,277925
34586,2.2e-05,172.217.194.0-255,1484,1703,44,277925
34587,2.6e-05,172.31.46.0-255,66,1769,44,277925
34588,2.9e-05,172.217.194.0-255,1484,3253,44,277925
34589,3.2e-05,172.31.46.0-255,66,3319,44,277925
34590,4.5e-05,172.217.194.0-255,2902,6221,44,277925
34591,4.8e-05,172.31.46.0-255,66,6287,44,277925
34592,5.4e-05,172.217.194.0-255,5738,12025,44,277925
34593,5.7e-05,172.31.46.0-255,66,12091,44,277925
34594,6.1e-05,172.217.194.0-255,2042,14133,44,277925
34595,6.3e-05,172.31.46.0-255,66,14199,44,277925
34596,0.000127,172.217.194.0-255,1484,15683,44,277925
34597,0.00013,172.31.46.0-255,66,15749,44,277925
34598,0.000134,172.217.194.0-255,1484,17233,44,277925
34599,0.000136,172.31.46.0-255,66,17299,44,277925
34600,0.000166,172.217.194.0-255,1484,18783,44,277925
34601,0.000168,172.31.46.0-255,66,18849,44,277925
34602,0.000176,172.217.194.0-255,5738,24587,44,277925
34603,0.000178,172.31.46.0-255,66,24653,44,277925
34604,0.000184,172.217.194.0-255,5738,30391,44,277925
34605,0.000187,172.31.46.0-255,66,30457,44,277925
34606,0.000207,172.217.194.0-255,1125,31582,44,277925
34607,0.000209,172.31.46.0-255,66,31648,44,277925
34608,0.000288,172.217.194.0-255,1484,33132,44,277925
34609,0.000292,172.31.46.0-255,66,33198,44,277925
34610,0.000298,172.217.194.0-255,2902,36100,44,277925
34611,0.000301,172.31.46.0-255,66,36166,44,277925
34612,0.000305,172.217.194.0-255,2902,39068,44,277925
34613,0.000307,172.31.46.0-255,66,39134,44,277925
34614,0.000339,172.217.194.0-255,2902,42036,44,277925
34615,0.000342,172.31.46.0-255,66,42102,44,277925
34616,0.00035,172.217.194.0-255,6797,48899,44,277925
34617,0.000357,172.217.194.0-255,5738,54637,44,277925
34618,0.000397,172.217.194.0-255,2836,57473,44,277925
34619,0.0004,172.217.194.0-255,397,57870,44,277925
34620,0.000519,172.31.46.0-255,66,57936,44,277925
34621,0.000547,172.217.194.0-255,1484,59420,44,277925
34622,0.000552,172.217.194.0-255,2902,62322,44,277925
34623,0.000568,172.217.194.0-255,4320,66642,44,277925
34624,0.000584,172.217.194.0-255,1484,68126,44,277925
34625,0.000588,172.217.194.0-255,2902,71028,44,277925
34626,0.000591,172.31.46.0-255,66,71094,44,277925
34627,0.000597,172.31.46.0-255,66,71160,44,277925
34628,0.000626,172.217.194.0-255,7156,78316,44,277925
34629,0.000632,172.217.194.0-255,4320,82636,44,277925
34630,0.000664,172.31.46.0-255,66,82702,44,277925
34631,0.000669,172.31.46.0-255,66,82768,44,277925
34632,0.001028,172.217.194.0-255,1484,84252,44,277925
34633,0.001036,172.217.194.0-255,2902,87154,44,277925
34634,0.001042,172.217.194.0-255,5738,92892,44,277925
34635,0.001055,172.31.46.0-255,66,92958,44,277925
34636,0.00106,172.217.194.0-255,2902,95860,44,277925
34637,0.001065,172.31.46.0-255,66,95926,44,277925
34638,0.00112,172.31.46.0-255,66,95992,44,277925
34639,0.001165,172.217.194.0-255,1484,97476,44,277925
34640,0.001186,172.217.194.0-255,2902,100378,44,277925
34641,0.001193,172.217.194.0-255,5738,106116,44,277925
34642,0.001214,172.217.194.0-255,7156,113272,44,277925
34643,0.00123,172.217.194.0-255,5738,119010,44,277925
34644,0.001267,172.31.46.0-255,66,119076,44,277925
34645,0.001293,172.31.46.0-255,66,119142,44,277925
34646,0.001405,172.217.194.0-255,1484,120626,44,277925
34647,0.001431,172.217.194.0-255,2902,123528,44,277925
34648,0.001438,172.217.194.0-255,5738,129266,44,277925
34649,0.001441,172.217.194.0-255,1484,130750,44,277925
34650,0.001461,172.217.194.0-255,5738,136488,44,277925
34651,0.001464,172.217.194.0-255,1484,137972,44,277925
34652,0.001467,172.31.46.0-255,66,138038,44,277925
34653,0.001494,172.217.194.0-255,2184,140222,44,277925
34654,0.001503,172.31.46.0-255,66,140288,44,277925
34655,0.00153,172.31.46.0-255,66,140354,44,277925
34656,0.001877,172.217.194.0-255,1484,141838,44,277925
34657,0.001897,172.217.194.0-255,2902,144740,44,277925
34658,0.001901,172.31.46.0-255,66,144806,44,277925
34659,0.001933,172.217.194.0-255,5738,150544,44,277925
34660,0.001937,172.217.194.0-255,1484,152028,44,277925
34661,0.001951,172.217.194.0-255,2902,154930,44,277925
34662,0.001955,172.217.194.0-255,2902,157832,44,277925
34663,0.00197,172.217.194.0-255,2902,160734,44,277925
34664,0.001974,172.217.194.0-255,2902,163636,44,277925
34665,0.001981,172.31.46.0-255,66,163702,44,277925
34666,0.002014,172.31.46.0-255,66,163768,44,277925
34667,0.002018,172.217.194.0-255,2184,165952,44,277925
34668,0.00204,172.31.46.0-255,66,166018,44,277925
34669,0.002106,172.217.194.0-255,1484,167502,44,277925
34670,0.002118,172.217.194.0-255,2902,170404,44,277925
34671,0.002121,172.217.194.0-255,1484,171888,44,277925
34672,0.002138,172.217.194.0-255,4320,176208,44,277925
34673,0.002141,172.217.194.0-255,1484,177692,44,277925
34674,0.002144,172.217.194.0-255,1484,179176,44,277925
34675,0.002151,172.31.46.0-255,66,179242,44,277925
34676,0.002189,172.217.194.0-255,5738,184980,44,277925
34677,0.002206,172.217.194.0-255,4320,189300,44,277925
34678,0.002254,172.217.194.0-255,7156,196456,44,277925
34679,0.00226,172.217.194.0-255,4320,200776,44,277925
34680,0.002263,172.217.194.0-255,1484,202260,44,277925
34681,0.002285,172.217.194.0-255,4320,206580,44,277925
34682,0.002306,172.217.194.0-255,4320,210900,44,277925
34683,0.002351,172.217.194.0-255,2184,213084,44,277925
34684,0.002365,172.217.194.0-255,1484,214568,44,277925
34685,0.002386,172.217.194.0-255,1484,216052,44,277925
34686,0.00239,172.217.194.0-255,2902,218954,44,277925
34687,0.002407,172.217.194.0-255,4320,223274,44,277925
34688,0.00241,172.217.194.0-255,1484,224758,44,277925
34689,0.002412,172.217.194.0-255,1484,226242,44,277925
34690,0.002459,172.217.194.0-255,7156,233398,44,277925
34691,0.002475,172.217.194.0-255,2902,236300,44,277925
34692,0.00248,172.217.194.0-255,4320,240620,44,277925
34693,0.002504,172.217.194.0-255,6438,247058,44,277925
34694,0.00253,172.217.194.0-255,7156,254214,44,277925
34695,0.0026,172.217.194.0-255,2184,256398,44,277925
34696,0.002627,172.217.194.0-255,4320,260718,44,277925
34697,0.002651,172.217.194.0-255,1484,262202,44,277925
34698,0.002701,172.217.194.0-255,6016,268218,44,277925
34699,0.002746,172.217.194.0-255,105,268323,44,277925
34700,0.004762,172.31.46.0-255,66,268389,44,277925
34701,0.006766,172.31.46.0-255,105,268494,44,277925
34702,0.008837,172.217.194.0-255,66,268560,44,277925
34703,0.036665,172.31.46.0-255,172,268732,44,277925
34704,0.036699,172.31.46.0-255,1114,269846,44,277925
34705,0.036786,172.31.46.0-255,1514,271360,44,277925
34706,0.036788,172.31.46.0-255,1514,272874,44,277925
34707,0.036794,172.31.46.0-255,1514,274388,44,277925
34708,0.036795,172.31.46.0-255,1514,275902,44,277925
34709,0.036814,172.31.46.0-255,1514,277416,44,277925
34710,0.036816,172.31.46.0-255,71,277487,44,277925
34711,0.038214,104.244.42.0-255,66,277553,44,277925
34712,0.038225,104.244.42.0-255,66,277619,44,277925
34713,0.038315,104.244.42.0-255,66,277685,44,277925
34714,0.038357,104.244.42.0-255,66,277751,44,277925
34715,0.038985,104.244.42.0-255,108,277859,44,277925
34716,0.038995,172.31.46.0-255,66,277925,44,277925
34717,0.0,74.125.68.0-255,148,148,44,218973
34718,1.3e-05,172.31.46.0-255,66,214,44,218973
34719,2e-05,74.125.68.0-255,1484,1698,44,218973
34720,2.4e-05,172.31.46.0-255,66,1764,44,218973
34721,2.9e-05,74.125.68.0-255,2902,4666,44,218973
34722,3.2e-05,172.31.46.0-255,66,4732,44,218973
34723,5.8e-05,74.125.68.0-255,4320,9052,44,218973
34724,6.1e-05,172.31.46.0-255,66,9118,44,218973
34725,7.7e-05,74.125.68.0-255,1484,10602,44,218973
34726,7.9e-05,172.31.46.0-255,66,10668,44,218973
34727,0.000131,74.125.68.0-255,3356,14024,44,218973
34728,0.000134,172.31.46.0-255,66,14090,44,218973
34729,0.000343,74.125.68.0-255,1484,15574,44,218973
34730,0.000348,172.31.46.0-255,66,15640,44,218973
34731,0.000362,74.125.68.0-255,1484,17124,44,218973
34732,0.000364,172.31.46.0-255,66,17190,44,218973
34733,0.000389,74.125.68.0-255,2902,20092,44,218973
34734,0.000392,172.31.46.0-255,66,20158,44,218973
34735,0.000394,74.125.68.0-255,1484,21642,44,218973
34736,0.000396,172.31.46.0-255,66,21708,44,218973
34737,0.000415,74.125.68.0-255,4320,26028,44,218973
34738,0.000417,172.31.46.0-255,66,26094,44,218973
34739,0.00042,74.125.68.0-255,1484,27578,44,218973
34740,0.000422,172.31.46.0-255,66,27644,44,218973
34741,0.000447,74.125.68.0-255,2902,30546,44,218973
34742,0.00045,172.31.46.0-255,66,30612,44,218973
34743,0.000474,74.125.68.0-255,1125,31737,44,218973
34744,0.000476,172.31.46.0-255,66,31803,44,218973
34745,0.000993,74.125.68.0-255,1484,33287,44,218973
34746,0.000999,172.31.46.0-255,66,33353,44,218973
34747,0.001018,74.125.68.0-255,2902,36255,44,218973
34748,0.001021,172.31.46.0-255,66,36321,44,218973
34749,0.001042,74.125.68.0-255,4320,40641,44,218973
34750,0.001044,172.31.46.0-255,66,40707,44,218973
34751,0.001063,74.125.68.0-255,1484,42191,44,218973
34752,0.001076,74.125.68.0-255,2902,45093,44,218973
34753,0.001078,172.31.46.0-255,66,45159,44,218973
34754,0.001102,74.125.68.0-255,1484,46643,44,218973
34755,0.001119,74.125.68.0-255,5379,52022,44,218973
34756,0.001122,172.31.46.0-255,66,52088,44,218973
34757,0.001141,74.125.68.0-255,7156,59244,44,218973
34758,0.001144,172.31.46.0-255,66,59310,44,218973
34759,0.001185,74.125.68.0-255,6797,66107,44,218973
34760,0.001921,74.125.68.0-255,646,66753,44,218973
34761,0.002117,74.125.68.0-255,1484,68237,44,218973
34762,0.002122,74.125.68.0-255,2902,71139,44,218973
34763,0.002142,74.125.68.0-255,4320,75459,44,218973
34764,0.002154,74.125.68.0-255,1484,76943,44,218973
34765,0.00218,74.125.68.0-255,2902,79845,44,218973
34766,0.002203,74.125.68.0-255,7156,87001,44,218973
34767,0.002214,74.125.68.0-255,1484,88485,44,218973
34768,0.002217,74.125.68.0-255,1484,89969,44,218973
34769,0.002228,74.125.68.0-255,4320,94289,44,218973
34770,0.00224,74.125.68.0-255,4320,98609,44,218973
34771,0.002252,74.125.68.0-255,2184,100793,44,218973
34772,0.002994,172.31.46.0-255,66,100859,44,218973
34773,0.005277,74.125.68.0-255,5738,106597,44,218973
34774,0.005286,172.31.46.0-255,66,106663,44,218973
34775,0.007548,74.125.68.0-255,5738,112401,44,218973
34776,0.007557,172.31.46.0-255,66,112467,44,218973
34777,0.009818,74.125.68.0-255,5738,118205,44,218973
34778,0.009825,172.31.46.0-255,66,118271,44,218973
34779,0.01209,74.125.68.0-255,5738,124009,44,218973
34780,0.012097,172.31.46.0-255,66,124075,44,218973
34781,0.014407,74.125.68.0-255,5738,129813,44,218973
34782,0.014416,172.31.46.0-255,66,129879,44,218973
34783,0.016701,74.125.68.0-255,5738,135617,44,218973
34784,0.016712,172.31.46.0-255,66,135683,44,218973
34785,0.01898,74.125.68.0-255,5738,141421,44,218973
34786,0.01899,172.31.46.0-255,66,141487,44,218973
34787,0.021262,74.125.68.0-255,5738,147225,44,218973
34788,0.021271,172.31.46.0-255,66,147291,44,218973
34789,0.023535,74.125.68.0-255,5738,153029,44,218973
34790,0.023543,172.31.46.0-255,66,153095,44,218973
34791,0.02558,172.31.46.0-255,172,153267,44,218973
34792,0.02561,172.31.46.0-255,1113,154380,44,218973
34793,0.025682,172.31.46.0-255,1514,155894,44,218973
34794,0.025684,172.31.46.0-255,1514,157408,44,218973
34795,0.02569,172.31.46.0-255,1514,158922,44,218973
34796,0.025691,172.31.46.0-255,1514,160436,44,218973
34797,0.02571,172.31.46.0-255,1514,161950,44,218973
34798,0.025711,172.31.46.0-255,71,162021,44,218973
34799,0.025824,74.125.68.0-255,5738,167759,44,218973
34800,0.025829,172.31.46.0-255,66,167825,44,218973
34801,0.027136,104.244.42.0-255,66,167891,44,218973
34802,0.027184,104.244.42.0-255,66,167957,44,218973
34803,0.027296,104.244.42.0-255,66,168023,44,218973
34804,0.027315,104.244.42.0-255,66,168089,44,218973
34805,0.028097,74.125.68.0-255,5738,173827,44,218973
34806,0.028102,172.31.46.0-255,66,173893,44,218973
34807,0.030363,74.125.68.0-255,5738,179631,44,218973
34808,0.030368,172.31.46.0-255,66,179697,44,218973
34809,0.032631,74.125.68.0-255,5738,185435,44,218973
34810,0.032637,172.31.46.0-255,66,185501,44,218973
34811,0.034901,74.125.68.0-255,5738,191239,44,218973
34812,0.034906,172.31.46.0-255,66,191305,44,218973
34813,0.037174,74.125.68.0-255,5738,197043,44,218973
34814,0.037181,172.31.46.0-255,66,197109,44,218973
34815,0.039529,74.125.68.0-255,4320,201429,44,218973
34816,0.039536,172.31.46.0-255,66,201495,44,218973
34817,0.039553,74.125.68.0-255,1484,202979,44,218973
34818,0.042846,74.125.68.0-255,4320,207299,44,218973
34819,0.042855,172.31.46.0-255,66,207365,44,218973
34820,0.046865,74.125.68.0-255,5738,213103,44,218973
34821,0.046871,172.31.46.0-255,66,213169,44,218973
34822,0.049255,74.125.68.0-255,5738,218907,44,218973
34823,0.04926,172.31.46.0-255,66,218973,44,218973
34824,0.0,74.125.24.0-255,150,150,44,284577
34825,2.2e-05,172.31.46.0-255,66,216,44,284577
34826,2.8e-05,74.125.24.0-255,1484,1700,44,284577
34827,3.2e-05,172.31.46.0-255,66,1766,44,284577
34828,3.7e-05,74.125.24.0-255,2902,4668,44,284577
34829,4.7e-05,172.31.46.0-255,66,4734,44,284577
34830,5.4e-05,74.125.24.0-255,7156,11890,44,284577
34831,5.7e-05,172.31.46.0-255,66,11956,44,284577
34832,6e-05,74.125.24.0-255,2006,13962,44,284577
34833,6.3e-05,172.31.46.0-255,66,14028,44,284577
34834,0.000272,74.125.24.0-255,1484,15512,44,284577
34835,0.000277,172.31.46.0-255,66,15578,44,284577
34836,0.000282,74.125.24.0-255,2902,18480,44,284577
34837,0.000284,172.31.46.0-255,66,18546,44,284577
34838,0.000306,74.125.24.0-255,5738,24284,44,284577
34839,0.000309,172.31.46.0-255,66,24350,44,284577
34840,0.000334,74.125.24.0-255,2902,27252,44,284577
34841,0.000336,172.31.46.0-255,66,27318,44,284577
34842,0.000364,74.125.24.0-255,5379,32697,44,284577
34843,0.000367,172.31.46.0-255,66,32763,44,284577
34844,0.000376,172.31.46.0-255,66,32829,44,284577
34845,0.000403,74.125.24.0-255,6797,39626,44,284577
34846,0.000406,172.31.46.0-255,66,39692,44,284577
34847,0.000728,74.125.24.0-255,1484,41176,44,284577
34848,0.000732,172.31.46.0-255,66,41242,44,284577
34849,0.000759,74.125.24.0-255,2902,44144,44,284577
34850,0.000762,172.31.46.0-255,66,44210,44,284577
34851,0.000768,74.125.24.0-255,5738,49948,44,284577
34852,0.00077,172.31.46.0-255,66,50014,44,284577
34853,0.000819,74.125.24.0-255,5738,55752,44,284577
34854,0.000822,172.31.46.0-255,66,55818,44,284577
34855,0.000845,74.125.24.0-255,1704,57522,44,284577
34856,0.000847,172.31.46.0-255,66,57588,44,284577
34857,0.001168,74.125.24.0-255,1484,59072,44,284577
34858,0.001177,74.125.24.0-255,2902,61974,44,284577
34859,0.00118,172.31.46.0-255,66,62040,44,284577
34860,0.001212,74.125.24.0-255,5738,67778,44,284577
34861,0.001215,172.31.46.0-255,66,67844,44,284577
34862,0.001218,74.125.24.0-255,1484,69328,44,284577
34863,0.001243,74.125.24.0-255,5379,74707,44,284577
34864,0.001245,172.31.46.0-255,66,74773,44,284577
34865,0.00125,74.125.24.0-255,4320,79093,44,284577
34866,0.001252,172.31.46.0-255,66,79159,44,284577
34867,0.00127,74.125.24.0-255,2902,82061,44,284577
34868,0.001272,172.31.46.0-255,66,82127,44,284577
34869,0.001301,74.125.24.0-255,5738,87865,44,284577
34870,0.001304,172.31.46.0-255,66,87931,44,284577
34871,0.001333,74.125.24.0-255,3961,91892,44,284577
34872,0.001335,172.31.46.0-255,66,91958,44,284577
34873,0.001909,74.125.24.0-255,1484,93442,44,284577
34874,0.001917,74.125.24.0-255,2902,96344,44,284577
34875,0.001921,172.31.46.0-255,66,96410,44,284577
34876,0.001942,74.125.24.0-255,1484,97894,44,284577
34877,0.001964,74.125.24.0-255,2902,100796,44,284577
34878,0.001966,172.31.46.0-255,66,100862,44,284577
34879,0.001972,74.125.24.0-255,5738,106600,44,284577
34880,0.001974,172.31.46.0-255,66,106666,44,284577
34881,0.001998,74.125.24.0-255,1484,108150,44,284577
34882,0.002022,172.31.46.0-255,66,108216,44,284577
34883,0.002042,74.125.24.0-255,4320,112536,44,284577
34884,0.002043,172.31.46.0-255,66,112602,44,284577
34885,0.002054,74.125.24.0-255,2184,114786,44,284577
34886,0.00206,172.31.46.0-255,66,114852,44,284577
34887,0.002198,74.125.24.0-255,1484,116336,44,284577
34888,0.002215,74.125.24.0-255,2902,119238,44,284577
34889,0.002218,172.31.46.0-255,66,119304,44,284577
34890,0.002245,74.125.24.0-255,5738,125042,44,284577
34891,0.002247,172.31.46.0-255,66,125108,44,284577
34892,0.00225,74.125.24.0-255,1484,126592,44,284577
34893,0.002317,74.125.24.0-255,5020,131612,44,284577
34894,0.002465,74.125.24.0-255,1484,133096,44,284577
34895,0.002468,74.125.24.0-255,1484,134580,44,284577
34896,0.002477,74.125.24.0-255,1484,136064,44,284577
34897,0.002498,74.125.24.0-255,5738,141802,44,284577
34898,0.002521,74.125.24.0-255,4320,146122,44,284577
34899,0.00254,74.125.24.0-255,5738,151860,44,284577
34900,0.002552,74.125.24.0-255,2902,154762,44,284577
34901,0.002563,74.125.24.0-255,1484,156246,44,284577
34902,0.002581,74.125.24.0-255,7156,163402,44,284577
34903,0.002595,74.125.24.0-255,2184,165586,44,284577
34904,0.002598,74.125.24.0-255,1484,167070,44,284577
34905,0.002622,74.125.24.0-255,5738,172808,44,284577
34906,0.002624,74.125.24.0-255,1484,174292,44,284577
34907,0.002627,74.125.24.0-255,1484,175776,44,284577
34908,0.002639,74.125.24.0-255,2902,178678,44,284577
34909,0.002648,74.125.24.0-255,1484,180162,44,284577
34910,0.002706,74.125.24.0-255,2902,183064,44,284577
34911,0.00273,74.125.24.0-255,1484,184548,44,284577
34912,0.002767,74.125.24.0-255,7156,191704,44,284577
34913,0.003113,74.125.24.0-255,1484,193188,44,284577
34914,0.003118,74.125.24.0-255,2902,196090,44,284577
34915,0.00314,74.125.24.0-255,5738,201828,44,284577
34916,0.003165,74.125.24.0-255,7156,208984,44,284577
34917,0.003179,74.125.24.0-255,5738,214722,44,284577
34918,0.003206,74.125.24.0-255,1484,216206,44,284577
34919,0.00346,74.125.24.0-255,1484,217690,44,284577
34920,0.003464,74.125.24.0-255,1484,219174,44,284577
34921,0.00348,74.125.24.0-255,1484,220658,44,284577
34922,0.003486,74.125.24.0-255,5738,226396,44,284577
34923,0.003503,74.125.24.0-255,5738,232134,44,284577
34924,0.003524,74.125.24.0-255,7156,239290,44,284577
34925,0.003528,74.125.24.0-255,4320,243610,44,284577
34926,0.003546,74.125.24.0-255,6438,250048,44,284577
34927,0.003568,74.125.24.0-255,4320,254368,44,284577
34928,0.003622,74.125.24.0-255,7156,261524,44,284577
34929,0.003629,74.125.24.0-255,7156,268680,44,284577
34930,0.00364,74.125.24.0-255,2184,270864,44,284577
34931,0.003679,74.125.24.0-255,4320,275184,44,284577
34932,0.003723,74.125.24.0-255,105,275289,44,284577
34933,0.004082,172.31.46.0-255,66,275355,44,284577
34934,0.006484,172.31.46.0-255,105,275460,44,284577
34935,0.009062,74.125.24.0-255,66,275526,44,284577
34936,0.035688,172.31.46.0-255,164,275690,44,284577
34937,0.03572,172.31.46.0-255,1123,276813,44,284577
34938,0.035804,172.31.46.0-255,1514,278327,44,284577
34939,0.035806,172.31.46.0-255,1514,279841,44,284577
34940,0.035812,172.31.46.0-255,1514,281355,44,284577
34941,0.035814,172.31.46.0-255,1514,282869,44,284577
34942,0.035832,172.31.46.0-255,1510,284379,44,284577
34943,0.037247,104.244.42.0-255,66,284445,44,284577
34944,0.03729,104.244.42.0-255,66,284511,44,284577
34945,0.037414,104.244.42.0-255,66,284577,44,284577
34946,0.0,172.217.194.0-255,148,148,44,250876
34947,1.4e-05,172.31.46.0-255,66,214,44,250876
34948,2.1e-05,172.217.194.0-255,1484,1698,44,250876
34949,2.6e-05,172.31.46.0-255,66,1764,44,250876
34950,3.9e-05,172.217.194.0-255,2902,4666,44,250876
34951,4.2e-05,172.31.46.0-255,66,4732,44,250876
34952,5.1e-05,172.217.194.0-255,7156,11888,44,250876
34953,5.5e-05,172.31.46.0-255,66,11954,44,250876
34954,5.8e-05,172.217.194.0-255,1484,13438,44,250876
34955,6e-05,172.31.46.0-255,66,13504,44,250876
34956,6.3e-05,172.217.194.0-255,620,14124,44,250876
34957,6.6e-05,172.31.46.0-255,66,14190,44,250876
34958,0.000158,172.217.194.0-255,1484,15674,44,250876
34959,0.000161,172.31.46.0-255,66,15740,44,250876
34960,0.000167,172.217.194.0-255,2902,18642,44,250876
34961,0.000169,172.31.46.0-255,66,18708,44,250876
34962,0.0002,172.217.194.0-255,5738,24446,44,250876
34963,0.000203,172.31.46.0-255,66,24512,44,250876
34964,0.00021,172.217.194.0-255,6797,31309,44,250876
34965,0.000212,172.31.46.0-255,66,31375,44,250876
34966,0.000333,172.217.194.0-255,1484,32859,44,250876
34967,0.000337,172.31.46.0-255,66,32925,44,250876
34968,0.000357,172.217.194.0-255,2902,35827,44,250876
34969,0.00036,172.31.46.0-255,66,35893,44,250876
34970,0.000365,172.217.194.0-255,2902,38795,44,250876
34971,0.000367,172.31.46.0-255,66,38861,44,250876
34972,0.000405,172.217.194.0-255,2902,41763,44,250876
34973,0.000408,172.31.46.0-255,66,41829,44,250876
34974,0.000427,172.31.46.0-255,66,41895,44,250876
34975,0.000465,172.31.46.0-255,66,41961,44,250876
34976,0.00049,172.217.194.0-255,431,42392,44,250876
34977,0.000694,172.217.194.0-255,1484,43876,44,250876
34978,0.000699,172.31.46.0-255,66,43942,44,250876
34979,0.000706,172.217.194.0-255,2902,46844,44,250876
34980,0.000708,172.31.46.0-255,66,46910,44,250876
34981,0.000719,172.217.194.0-255,5738,52648,44,250876
34982,0.000722,172.31.46.0-255,66,52714,44,250876
34983,0.000795,172.31.46.0-255,66,52780,44,250876
34984,0.000821,172.31.46.0-255,66,52846,44,250876
34985,0.000845,172.217.194.0-255,2184,55030,44,250876
34986,0.000848,172.31.46.0-255,66,55096,44,250876
34987,0.000858,172.31.46.0-255,66,55162,44,250876
34988,0.000889,172.217.194.0-255,2902,58064,44,250876
34989,0.000891,172.31.46.0-255,66,58130,44,250876
34990,0.000899,172.217.194.0-255,7156,65286,44,250876
34991,0.000902,172.31.46.0-255,66,65352,44,250876
34992,0.000926,172.217.194.0-255,4320,69672,44,250876
34993,0.000931,172.31.46.0-255,66,69738,44,250876
34994,0.000957,172.31.46.0-255,66,69804,44,250876
34995,0.000969,172.31.46.0-255,66,69870,44,250876
34996,0.001014,172.217.194.0-255,5738,75608,44,250876
34997,0.001017,172.31.46.0-255,66,75674,44,250876
34998,0.001039,172.31.46.0-255,66,75740,44,250876
34999,0.001568,172.217.194.0-255,1484,77224,44,250876
35000,0.001577,172.217.194.0-255,2902,80126,44,250876
35001,0.001582,172.31.46.0-255,66,80192,44,250876
35002,0.001589,172.217.194.0-255,5738,85930,44,250876
35003,0.001591,172.31.46.0-255,66,85996,44,250876
35004,0.001633,172.31.46.0-255,66,86062,44,250876
35005,0.001646,172.31.46.0-255,66,86128,44,250876
35006,0.001672,172.217.194.0-255,766,86894,44,250876
35007,0.001829,172.217.194.0-255,1484,88378,44,250876
35008,0.001834,172.31.46.0-255,66,88444,44,250876
35009,0.00184,172.217.194.0-255,2902,91346,44,250876
35010,0.001842,172.31.46.0-255,66,91412,44,250876
35011,0.001845,172.217.194.0-255,1484,92896,44,250876
35012,0.001876,172.217.194.0-255,4320,97216,44,250876
35013,0.00188,172.31.46.0-255,66,97282,44,250876
35014,0.001885,172.217.194.0-255,4320,101602,44,250876
35015,0.001887,172.31.46.0-255,66,101668,44,250876
35016,0.001929,172.31.46.0-255,66,101734,44,250876
35017,0.001936,172.217.194.0-255,5738,107472,44,250876
35018,0.001938,172.31.46.0-255,66,107538,44,250876
35019,0.001964,172.217.194.0-255,5020,112558,44,250876
35020,0.001967,172.31.46.0-255,66,112624,44,250876
35021,0.001969,172.217.194.0-255,1484,114108,44,250876
35022,0.002007,172.31.46.0-255,66,114174,44,250876
35023,0.002031,172.31.46.0-255,66,114240,44,250876
35024,0.0021,172.31.46.0-255,66,114306,44,250876
35025,0.002124,172.217.194.0-255,2184,116490,44,250876
35026,0.002127,172.31.46.0-255,66,116556,44,250876
35027,0.004198,172.217.194.0-255,2902,119458,44,250876
35028,0.004206,172.31.46.0-255,66,119524,44,250876
35029,0.004257,172.217.194.0-255,2902,122426,44,250876
35030,0.00426,172.31.46.0-255,66,122492,44,250876
35031,0.006254,172.217.194.0-255,2902,125394,44,250876
35032,0.006261,172.31.46.0-255,66,125460,44,250876
35033,0.006318,172.217.194.0-255,2902,128362,44,250876
35034,0.006322,172.31.46.0-255,66,128428,44,250876
35035,0.008362,172.217.194.0-255,2902,131330,44,250876
35036,0.008369,172.31.46.0-255,66,131396,44,250876
35037,0.00842,172.217.194.0-255,2902,134298,44,250876
35038,0.008423,172.31.46.0-255,66,134364,44,250876
35039,0.010504,172.217.194.0-255,5738,140102,44,250876
35040,0.010511,172.31.46.0-255,66,140168,44,250876
35041,0.012645,172.217.194.0-255,5738,145906,44,250876
35042,0.012652,172.31.46.0-255,66,145972,44,250876
35043,0.01478,172.217.194.0-255,5738,151710,44,250876
35044,0.014787,172.31.46.0-255,66,151776,44,250876
35045,0.016894,172.217.194.0-255,5738,157514,44,250876
35046,0.016901,172.31.46.0-255,66,157580,44,250876
35047,0.01899,172.217.194.0-255,5738,163318,44,250876
35048,0.018997,172.31.46.0-255,66,163384,44,250876
35049,0.021104,172.217.194.0-255,5738,169122,44,250876
35050,0.021128,172.31.46.0-255,66,169188,44,250876
35051,0.023197,172.217.194.0-255,5738,174926,44,250876
35052,0.023206,172.31.46.0-255,66,174992,44,250876
35053,0.025269,172.217.194.0-255,5738,180730,44,250876
35054,0.025276,172.31.46.0-255,66,180796,44,250876
35055,0.027363,172.217.194.0-255,5738,186534,44,250876
35056,0.027371,172.31.46.0-255,66,186600,44,250876
35057,0.029509,172.217.194.0-255,5738,192338,44,250876
35058,0.029516,172.31.46.0-255,66,192404,44,250876
35059,0.031613,172.217.194.0-255,5738,198142,44,250876
35060,0.03162,172.31.46.0-255,66,198208,44,250876
35061,0.033698,172.217.194.0-255,5738,203946,44,250876
35062,0.033705,172.31.46.0-255,66,204012,44,250876
35063,0.035803,172.217.194.0-255,5738,209750,44,250876
35064,0.035811,172.31.46.0-255,66,209816,44,250876
35065,0.036736,172.31.46.0-255,172,209988,44,250876
35066,0.036763,172.31.46.0-255,1114,211102,44,250876
35067,0.036824,172.31.46.0-255,1514,212616,44,250876
35068,0.036825,172.31.46.0-255,1514,214130,44,250876
35069,0.036829,172.31.46.0-255,1514,215644,44,250876
35070,0.036831,172.31.46.0-255,1514,217158,44,250876
35071,0.03685,172.31.46.0-255,1514,218672,44,250876
35072,0.036851,172.31.46.0-255,70,218742,44,250876
35073,0.037902,172.217.194.0-255,5738,224480,44,250876
35074,0.03791,172.31.46.0-255,66,224546,44,250876
35075,0.038268,104.244.42.0-255,66,224612,44,250876
35076,0.038333,104.244.42.0-255,66,224678,44,250876
35077,0.038417,104.244.42.0-255,66,224744,44,250876
35078,0.038424,104.244.42.0-255,66,224810,44,250876
35079,0.039884,104.244.42.0-255,108,224918,44,250876
35080,0.039891,172.31.46.0-255,66,224984,44,250876
35081,0.040005,172.217.194.0-255,2902,227886,44,250876
35082,0.040009,172.31.46.0-255,66,227952,44,250876
35083,0.040027,172.217.194.0-255,2902,230854,44,250876
35084,0.040029,172.31.46.0-255,66,230920,44,250876
35085,0.042083,172.217.194.0-255,4320,235240,44,250876
35086,0.042091,172.31.46.0-255,66,235306,44,250876
35087,0.042118,172.217.194.0-255,1484,236790,44,250876
35088,0.044173,172.217.194.0-255,4320,241110,44,250876
35089,0.044178,172.31.46.0-255,66,241176,44,250876
35090,0.046293,172.217.194.0-255,5738,246914,44,250876
35091,0.046301,172.31.46.0-255,66,246980,44,250876
35092,0.048392,172.217.194.0-255,3725,250705,44,250876
35093,0.048397,172.31.46.0-255,66,250771,44,250876
35094,0.048592,172.31.46.0-255,105,250876,44,250876
35095,0.0,172.217.194.0-255,153,153,44,245372
35096,2.2e-05,172.31.46.0-255,66,219,44,245372
35097,3e-05,172.217.194.0-255,1484,1703,44,245372
35098,3.4e-05,172.31.46.0-255,66,1769,44,245372
35099,4e-05,172.217.194.0-255,2902,4671,44,245372
35100,5.1e-05,172.31.46.0-255,66,4737,44,245372
35101,5.9e-05,172.217.194.0-255,7156,11893,44,245372
35102,6.2e-05,172.31.46.0-255,66,11959,44,245372
35103,6.6e-05,172.217.194.0-255,2099,14058,44,245372
35104,6.8e-05,172.31.46.0-255,66,14124,44,245372
35105,0.000113,172.31.46.0-255,66,14190,44,245372
35106,0.00012,172.217.194.0-255,5379,19569,44,245372
35107,0.000122,172.31.46.0-255,66,19635,44,245372
35108,0.00018,172.217.194.0-255,1484,21119,44,245372
35109,0.000182,172.31.46.0-255,66,21185,44,245372
35110,0.000187,172.217.194.0-255,2902,24087,44,245372
35111,0.000189,172.31.46.0-255,66,24153,44,245372
35112,0.000217,172.217.194.0-255,5738,29891,44,245372
35113,0.00022,172.31.46.0-255,66,29957,44,245372
35114,0.000248,172.217.194.0-255,7156,37113,44,245372
35115,0.000251,172.31.46.0-255,66,37179,44,245372
35116,0.000271,172.217.194.0-255,3961,41140,44,245372
35117,0.000277,172.31.46.0-255,66,41206,44,245372
35118,0.000289,172.31.46.0-255,66,41272,44,245372
35119,0.00033,172.217.194.0-255,2852,44124,44,245372
35120,0.000332,172.31.46.0-255,66,44190,44,245372
35121,0.000402,172.217.194.0-255,377,44567,44,245372
35122,0.000405,172.31.46.0-255,66,44633,44,245372
35123,0.000799,172.217.194.0-255,1484,46117,44,245372
35124,0.000805,172.31.46.0-255,66,46183,44,245372
35125,0.000811,172.217.194.0-255,2902,49085,44,245372
35126,0.000831,172.217.194.0-255,2902,51987,44,245372
35127,0.000838,172.31.46.0-255,66,52053,44,245372
35128,0.000867,172.217.194.0-255,2902,54955,44,245372
35129,0.000875,172.217.194.0-255,6797,61752,44,245372
35130,0.000881,172.217.194.0-255,4320,66072,44,245372
35131,0.000893,172.31.46.0-255,66,66138,44,245372
35132,0.000921,172.217.194.0-255,2543,68681,44,245372
35133,0.00094,172.31.46.0-255,66,68747,44,245372
35134,0.001562,172.217.194.0-255,1484,70231,44,245372
35135,0.001571,172.217.194.0-255,2902,73133,44,245372
35136,0.001576,172.31.46.0-255,66,73199,44,245372
35137,0.001601,172.217.194.0-255,4320,77519,44,245372
35138,0.001611,172.217.194.0-255,1484,79003,44,245372
35139,0.001614,172.217.194.0-255,1484,80487,44,245372
35140,0.001619,172.217.194.0-255,2902,83389,44,245372
35141,0.001641,172.217.194.0-255,5738,89127,44,245372
35142,0.001727,172.217.194.0-255,1484,90611,44,245372
35143,0.001759,172.217.194.0-255,2902,93513,44,245372
35144,0.001785,172.217.194.0-255,2902,96415,44,245372
35145,0.001789,172.217.194.0-255,1484,97899,44,245372
35146,0.001807,172.217.194.0-255,5738,103637,44,245372
35147,0.001859,172.217.194.0-255,7156,110793,44,245372
35148,0.001886,172.217.194.0-255,3602,114395,44,245372
35149,0.002257,172.217.194.0-255,1484,115879,44,245372
35150,0.002266,172.217.194.0-255,2902,118781,44,245372
35151,0.002299,172.217.194.0-255,5738,124519,44,245372
35152,0.00232,172.217.194.0-255,1484,126003,44,245372
35153,0.002349,172.217.194.0-255,5738,131741,44,245372
35154,0.002375,172.217.194.0-255,4320,136061,44,245372
35155,0.007533,172.31.46.0-255,66,136127,44,245372
35156,0.009864,172.217.194.0-255,5738,141865,44,245372
35157,0.009879,172.31.46.0-255,66,141931,44,245372
35158,0.012232,172.217.194.0-255,5738,147669,44,245372
35159,0.012246,172.31.46.0-255,66,147735,44,245372
35160,0.014606,172.217.194.0-255,5738,153473,44,245372
35161,0.014621,172.31.46.0-255,66,153539,44,245372
35162,0.016989,172.217.194.0-255,5738,159277,44,245372
35163,0.017005,172.31.46.0-255,66,159343,44,245372
35164,0.019373,172.217.194.0-255,5738,165081,44,245372
35165,0.019386,172.31.46.0-255,66,165147,44,245372
35166,0.021746,172.217.194.0-255,5738,170885,44,245372
35167,0.021762,172.31.46.0-255,66,170951,44,245372
35168,0.024122,172.217.194.0-255,5738,176689,44,245372
35169,0.024132,172.31.46.0-255,66,176755,44,245372
35170,0.026551,172.217.194.0-255,2902,179657,44,245372
35171,0.026559,172.31.46.0-255,66,179723,44,245372
35172,0.026595,172.217.194.0-255,2902,182625,44,245372
35173,0.026625,172.31.46.0-255,66,182691,44,245372
35174,0.028888,172.217.194.0-255,2902,185593,44,245372
35175,0.028896,172.31.46.0-255,66,185659,44,245372
35176,0.028926,172.217.194.0-255,2902,188561,44,245372
35177,0.028954,172.31.46.0-255,66,188627,44,245372
35178,0.03125,172.217.194.0-255,2902,191529,44,245372
35179,0.031257,172.31.46.0-255,66,191595,44,245372
35180,0.031287,172.217.194.0-255,2902,194497,44,245372
35181,0.031664,172.31.46.0-255,66,194563,44,245372
35182,0.033611,172.217.194.0-255,2902,197465,44,245372
35183,0.033619,172.31.46.0-255,66,197531,44,245372
35184,0.03401,172.217.194.0-255,2902,200433,44,245372
35185,0.034017,172.31.46.0-255,66,200499,44,245372
35186,0.035984,172.217.194.0-255,1484,201983,44,245372
35187,0.036004,172.217.194.0-255,1484,203467,44,245372
35188,0.036009,172.31.46.0-255,66,203533,44,245372
35189,0.036171,172.31.46.0-255,172,203705,44,245372
35190,0.036212,172.31.46.0-255,1114,204819,44,245372
35191,0.036262,172.31.46.0-255,1514,206333,44,245372
35192,0.036264,172.31.46.0-255,1514,207847,44,245372
35193,0.036268,172.31.46.0-255,1514,209361,44,245372
35194,0.03627,172.31.46.0-255,1514,210875,44,245372
35195,0.036287,172.31.46.0-255,1514,212389,44,245372
35196,0.036292,172.31.46.0-255,71,212460,44,245372
35197,0.036338,172.217.194.0-255,2902,215362,44,245372
35198,0.036345,172.31.46.0-255,66,215428,44,245372
35199,0.037719,104.244.42.0-255,66,215494,44,245372
35200,0.037727,104.244.42.0-255,66,215560,44,245372
35201,0.037832,104.244.42.0-255,66,215626,44,245372
35202,0.037838,104.244.42.0-255,66,215692,44,245372
35203,0.038389,172.217.194.0-255,2902,218594,44,245372
35204,0.038396,172.31.46.0-255,66,218660,44,245372
35205,0.038785,172.217.194.0-255,2902,221562,44,245372
35206,0.038792,172.31.46.0-255,66,221628,44,245372
35207,0.040759,172.217.194.0-255,2902,224530,44,245372
35208,0.040765,172.31.46.0-255,66,224596,44,245372
35209,0.041106,172.217.194.0-255,2902,227498,44,245372
35210,0.041112,172.31.46.0-255,66,227564,44,245372
35211,0.04314,172.217.194.0-255,2902,230466,44,245372
35212,0.043147,172.31.46.0-255,66,230532,44,245372
35213,0.043488,172.217.194.0-255,2902,233434,44,245372
35214,0.043493,172.31.46.0-255,66,233500,44,245372
35215,0.045539,172.217.194.0-255,2902,236402,44,245372
35216,0.045547,172.31.46.0-255,66,236468,44,245372
35217,0.045844,172.217.194.0-255,2902,239370,44,245372
35218,0.045851,172.31.46.0-255,66,239436,44,245372
35219,0.047974,172.217.194.0-255,2902,242338,44,245372
35220,0.047983,172.31.46.0-255,66,242404,44,245372
35221,0.048185,172.217.194.0-255,2902,245306,44,245372
35222,0.048191,172.31.46.0-255,66,245372,44,245372
35223,0.0,172.217.194.0-255,150,150,44,250408
35224,2.3e-05,172.31.46.0-255,66,216,44,250408
35225,3.1e-05,172.217.194.0-255,1484,1700,44,250408
35226,3.5e-05,172.31.46.0-255,66,1766,44,250408
35227,4.1e-05,172.217.194.0-255,2902,4668,44,250408
35228,4.4e-05,172.31.46.0-255,66,4734,44,250408
35229,5.1e-05,172.217.194.0-255,7156,11890,44,250408
35230,5.5e-05,172.31.46.0-255,66,11956,44,250408
35231,6e-05,172.217.194.0-255,2056,14012,44,250408
35232,6.2e-05,172.31.46.0-255,66,14078,44,250408
35233,6.8e-05,172.217.194.0-255,2902,16980,44,250408
35234,7.1e-05,172.31.46.0-255,66,17046,44,250408
35235,7.6e-05,172.217.194.0-255,4320,21366,44,250408
35236,7.9e-05,172.31.46.0-255,66,21432,44,250408
35237,0.000101,172.217.194.0-255,2902,24334,44,250408
35238,0.000103,172.31.46.0-255,66,24400,44,250408
35239,0.000109,172.217.194.0-255,4320,28720,44,250408
35240,0.000112,172.31.46.0-255,66,28786,44,250408
35241,0.000132,172.217.194.0-255,2543,31329,44,250408
35242,0.000134,172.31.46.0-255,66,31395,44,250408
35243,0.000327,172.217.194.0-255,1484,32879,44,250408
35244,0.000332,172.31.46.0-255,66,32945,44,250408
35245,0.000338,172.217.194.0-255,2902,35847,44,250408
35246,0.000341,172.31.46.0-255,66,35913,44,250408
35247,0.000371,172.217.194.0-255,5738,41651,44,250408
35248,0.000373,172.31.46.0-255,66,41717,44,250408
35249,0.000382,172.217.194.0-255,6797,48514,44,250408
35250,0.000385,172.31.46.0-255,66,48580,44,250408
35251,0.000411,172.217.194.0-255,2902,51482,44,250408
35252,0.000413,172.31.46.0-255,66,51548,44,250408
35253,0.000448,172.31.46.0-255,66,51614,44,250408
35254,0.000469,172.217.194.0-255,2543,54157,44,250408
35255,0.000472,172.31.46.0-255,66,54223,44,250408
35256,0.000835,172.217.194.0-255,648,54871,44,250408
35257,0.00097,172.217.194.0-255,1484,56355,44,250408
35258,0.000975,172.31.46.0-255,66,56421,44,250408
35259,0.00098,172.217.194.0-255,2902,59323,44,250408
35260,0.000982,172.31.46.0-255,66,59389,44,250408
35261,0.000999,172.217.194.0-255,5738,65127,44,250408
35262,0.001001,172.31.46.0-255,66,65193,44,250408
35263,0.001006,172.217.194.0-255,2902,68095,44,250408
35264,0.001007,172.31.46.0-255,66,68161,44,250408
35265,0.001031,172.31.46.0-255,66,68227,44,250408
35266,0.001037,172.217.194.0-255,4320,72547,44,250408
35267,0.001038,172.31.46.0-255,66,72613,44,250408
35268,0.001059,172.217.194.0-255,6438,79051,44,250408
35269,0.001062,172.31.46.0-255,66,79117,44,250408
35270,0.0013,172.217.194.0-255,1484,80601,44,250408
35271,0.001307,172.217.194.0-255,2902,83503,44,250408
35272,0.00131,172.31.46.0-255,66,83569,44,250408
35273,0.001353,172.217.194.0-255,5738,89307,44,250408
35274,0.001356,172.31.46.0-255,66,89373,44,250408
35275,0.00137,172.31.46.0-255,66,89439,44,250408
35276,0.001387,172.217.194.0-255,1484,90923,44,250408
35277,0.001422,172.31.46.0-255,66,90989,44,250408
35278,0.001562,172.217.194.0-255,1484,92473,44,250408
35279,0.001582,172.217.194.0-255,2902,95375,44,250408
35280,0.001586,172.31.46.0-255,66,95441,44,250408
35281,0.001592,172.217.194.0-255,5738,101179,44,250408
35282,0.001594,172.31.46.0-255,66,101245,44,250408
35283,0.001612,172.217.194.0-255,1484,102729,44,250408
35284,0.001646,172.31.46.0-255,66,102795,44,250408
35285,0.001651,172.217.194.0-255,2902,105697,44,250408
35286,0.001653,172.31.46.0-255,66,105763,44,250408
35287,0.0017,172.217.194.0-255,7156,112919,44,250408
35288,0.001703,172.31.46.0-255,66,112985,44,250408
35289,0.001723,172.217.194.0-255,766,113751,44,250408
35290,0.001734,172.31.46.0-255,66,113817,44,250408
35291,0.001752,172.31.46.0-255,66,113883,44,250408
35292,0.001773,172.217.194.0-255,6438,120321,44,250408
35293,0.001776,172.31.46.0-255,66,120387,44,250408
35294,0.003981,172.217.194.0-255,5738,126125,44,250408
35295,0.003992,172.31.46.0-255,66,126191,44,250408
35296,0.006174,172.217.194.0-255,5738,131929,44,250408
35297,0.006178,172.31.46.0-255,66,131995,44,250408
35298,0.008378,172.217.194.0-255,5738,137733,44,250408
35299,0.008384,172.31.46.0-255,66,137799,44,250408
35300,0.010583,172.217.194.0-255,5738,143537,44,250408
35301,0.010591,172.31.46.0-255,66,143603,44,250408
35302,0.012786,172.217.194.0-255,5738,149341,44,250408
35303,0.012794,172.31.46.0-255,66,149407,44,250408
35304,0.014976,172.217.194.0-255,5738,155145,44,250408
35305,0.014992,172.31.46.0-255,66,155211,44,250408
35306,0.01719,172.217.194.0-255,5738,160949,44,250408
35307,0.017199,172.31.46.0-255,66,161015,44,250408
35308,0.019428,172.217.194.0-255,5738,166753,44,250408
35309,0.019438,172.31.46.0-255,66,166819,44,250408
35310,0.02166,172.217.194.0-255,5738,172557,44,250408
35311,0.021666,172.31.46.0-255,66,172623,44,250408
35312,0.02386,172.217.194.0-255,5738,178361,44,250408
35313,0.023867,172.31.46.0-255,66,178427,44,250408
35314,0.026054,172.217.194.0-255,5738,184165,44,250408
35315,0.026061,172.31.46.0-255,66,184231,44,250408
35316,0.028257,172.217.194.0-255,5738,189969,44,250408
35317,0.028264,172.31.46.0-255,66,190035,44,250408
35318,0.030464,172.217.194.0-255,5738,195773,44,250408
35319,0.030472,172.31.46.0-255,66,195839,44,250408
35320,0.032679,172.217.194.0-255,5738,201577,44,250408
35321,0.032687,172.31.46.0-255,66,201643,44,250408
35322,0.034948,172.217.194.0-255,5738,207381,44,250408
35323,0.034954,172.31.46.0-255,66,207447,44,250408
35324,0.035749,172.31.46.0-255,171,207618,44,250408
35325,0.035781,172.31.46.0-255,1138,208756,44,250408
35326,0.035844,172.31.46.0-255,1514,210270,44,250408
35327,0.035846,172.31.46.0-255,1514,211784,44,250408
35328,0.035852,172.31.46.0-255,1514,213298,44,250408
35329,0.035853,172.31.46.0-255,1514,214812,44,250408
35330,0.035878,172.31.46.0-255,334,215146,44,250408
35331,0.037184,172.217.194.0-255,5738,220884,44,250408
35332,0.03719,172.31.46.0-255,66,220950,44,250408
35333,0.037225,104.244.42.0-255,66,221016,44,250408
35334,0.037284,104.244.42.0-255,66,221082,44,250408
35335,0.037347,104.244.42.0-255,66,221148,44,250408
35336,0.037376,104.244.42.0-255,66,221214,44,250408
35337,0.038115,104.244.42.0-255,108,221322,44,250408
35338,0.038122,172.31.46.0-255,66,221388,44,250408
35339,0.039401,172.217.194.0-255,5738,227126,44,250408
35340,0.039408,172.31.46.0-255,66,227192,44,250408
35341,0.041625,172.217.194.0-255,5738,232930,44,250408
35342,0.04163,172.31.46.0-255,66,232996,44,250408
35343,0.04384,172.217.194.0-255,5738,238734,44,250408
35344,0.043845,172.31.46.0-255,66,238800,44,250408
35345,0.046061,172.217.194.0-255,5738,244538,44,250408
35346,0.046067,172.31.46.0-255,66,244604,44,250408
35347,0.04828,172.217.194.0-255,5738,250342,44,250408
35348,0.048285,172.31.46.0-255,66,250408,44,250408
35349,0.0,172.217.194.0-255,150,150,44,195729
35350,1.7e-05,172.31.46.0-255,66,216,44,195729
35351,2.4e-05,172.217.194.0-255,1484,1700,44,195729
35352,2.9e-05,172.31.46.0-255,66,1766,44,195729
35353,3.4e-05,172.217.194.0-255,2902,4668,44,195729
35354,3.7e-05,172.31.46.0-255,66,4734,44,195729
35355,7.1e-05,172.217.194.0-255,4320,9054,44,195729
35356,7.4e-05,172.31.46.0-255,66,9120,44,195729
35357,9.7e-05,172.31.46.0-255,66,9186,44,195729
35358,0.000124,172.217.194.0-255,3499,12685,44,195729
35359,0.000126,172.31.46.0-255,66,12751,44,195729
35360,0.000138,172.31.46.0-255,66,12817,44,195729
35361,0.00016,172.217.194.0-255,1484,14301,44,195729
35362,0.000162,172.31.46.0-255,66,14367,44,195729
35363,0.000177,172.217.194.0-255,2902,17269,44,195729
35364,0.00018,172.31.46.0-255,66,17335,44,195729
35365,0.000194,172.217.194.0-255,1484,18819,44,195729
35366,0.000196,172.31.46.0-255,66,18885,44,195729
35367,0.000213,172.217.194.0-255,4320,23205,44,195729
35368,0.000215,172.31.46.0-255,66,23271,44,195729
35369,0.00022,172.217.194.0-255,4320,27591,44,195729
35370,0.000223,172.31.46.0-255,66,27657,44,195729
35371,0.000262,172.31.46.0-255,66,27723,44,195729
35372,0.000274,172.217.194.0-255,1484,29207,44,195729
35373,0.000276,172.31.46.0-255,66,29273,44,195729
35374,0.000287,172.31.46.0-255,66,29339,44,195729
35375,0.000289,172.217.194.0-255,380,29719,44,195729
35376,0.000291,172.31.46.0-255,66,29785,44,195729
35377,0.000777,172.217.194.0-255,98,29883,44,195729
35378,0.000944,172.217.194.0-255,1484,31367,44,195729
35379,0.000949,172.31.46.0-255,66,31433,44,195729
35380,0.000955,172.217.194.0-255,2902,34335,44,195729
35381,0.000957,172.31.46.0-255,66,34401,44,195729
35382,0.00096,172.217.194.0-255,1484,35885,44,195729
35383,0.000982,172.217.194.0-255,4320,40205,44,195729
35384,0.000984,172.31.46.0-255,66,40271,44,195729
35385,0.000987,172.217.194.0-255,1484,41755,44,195729
35386,0.000999,172.31.46.0-255,66,41821,44,195729
35387,0.001026,172.217.194.0-255,4320,46141,44,195729
35388,0.001029,172.31.46.0-255,66,46207,44,195729
35389,0.00106,172.31.46.0-255,66,46273,44,195729
35390,0.001469,172.217.194.0-255,1484,47757,44,195729
35391,0.001477,172.217.194.0-255,2902,50659,44,195729
35392,0.001481,172.31.46.0-255,66,50725,44,195729
35393,0.001489,172.217.194.0-255,5738,56463,44,195729
35394,0.001492,172.31.46.0-255,66,56529,44,195729
35395,0.001519,172.217.194.0-255,7156,63685,44,195729
35396,0.001521,172.31.46.0-255,66,63751,44,195729
35397,0.001549,172.217.194.0-255,5738,69489,44,195729
35398,0.001552,172.31.46.0-255,66,69555,44,195729
35399,0.001563,172.31.46.0-255,66,69621,44,195729
35400,0.001566,172.217.194.0-255,1484,71105,44,195729
35401,0.001581,172.217.194.0-255,3602,74707,44,195729
35402,0.001583,172.31.46.0-255,66,74773,44,195729
35403,0.001589,172.217.194.0-255,5738,80511,44,195729
35404,0.001591,172.31.46.0-255,66,80577,44,195729
35405,0.001615,172.217.194.0-255,7156,87733,44,195729
35406,0.001617,172.31.46.0-255,66,87799,44,195729
35407,0.001652,172.217.194.0-255,5738,93537,44,195729
35408,0.001654,172.31.46.0-255,66,93603,44,195729
35409,0.001666,172.31.46.0-255,66,93669,44,195729
35410,0.001721,172.217.194.0-255,1484,95153,44,195729
35411,0.001727,172.217.194.0-255,2902,98055,44,195729
35412,0.001731,172.31.46.0-255,66,98121,44,195729
35413,0.001735,172.217.194.0-255,1484,99605,44,195729
35414,0.00176,172.217.194.0-255,4320,103925,44,195729
35415,0.001763,172.31.46.0-255,66,103991,44,195729
35416,0.001769,172.217.194.0-255,5738,109729,44,195729
35417,0.001772,172.31.46.0-255,66,109795,44,195729
35418,0.0018,172.217.194.0-255,7156,116951,44,195729
35419,0.001803,172.31.46.0-255,66,117017,44,195729
35420,0.001816,172.31.46.0-255,66,117083,44,195729
35421,0.001933,172.217.194.0-255,1484,118567,44,195729
35422,0.001938,172.217.194.0-255,1484,120051,44,195729
35423,0.001941,172.31.46.0-255,66,120117,44,195729
35424,0.001966,172.217.194.0-255,1484,121601,44,195729
35425,0.001973,172.217.194.0-255,5738,127339,44,195729
35426,0.001977,172.31.46.0-255,66,127405,44,195729
35427,0.001984,172.217.194.0-255,7156,134561,44,195729
35428,0.001987,172.31.46.0-255,66,134627,44,195729
35429,0.002003,172.217.194.0-255,5738,140365,44,195729
35430,0.002006,172.31.46.0-255,66,140431,44,195729
35431,0.002045,172.31.46.0-255,66,140497,44,195729
35432,0.002055,172.217.194.0-255,766,141263,44,195729
35433,0.002088,172.31.46.0-255,66,141329,44,195729
35434,0.002092,172.217.194.0-255,2902,144231,44,195729
35435,0.002094,172.31.46.0-255,66,144297,44,195729
35436,0.002106,172.217.194.0-255,1484,145781,44,195729
35437,0.002136,172.31.46.0-255,66,145847,44,195729
35438,0.00214,172.217.194.0-255,1484,147331,44,195729
35439,0.002145,172.217.194.0-255,4320,151651,44,195729
35440,0.002147,172.31.46.0-255,66,151717,44,195729
35441,0.002152,172.217.194.0-255,3602,155319,44,195729
35442,0.002155,172.31.46.0-255,66,155385,44,195729
35443,0.002196,172.31.46.0-255,66,155451,44,195729
35444,0.002207,172.31.46.0-255,66,155517,44,195729
35445,0.002209,172.217.194.0-255,1484,157001,44,195729
35446,0.002212,172.31.46.0-255,78,157079,44,195729
35447,0.002253,172.217.194.0-255,4320,161399,44,195729
35448,0.002256,172.31.46.0-255,78,161477,44,195729
35449,0.002289,172.217.194.0-255,6438,167915,44,195729
35450,0.002293,172.31.46.0-255,66,167981,44,195729
35451,0.002304,172.31.46.0-255,66,168047,44,195729
35452,0.002307,172.217.194.0-255,1484,169531,44,195729
35453,0.002321,172.31.46.0-255,66,169597,44,195729
35454,0.002332,172.31.46.0-255,66,169663,44,195729
35455,0.002346,172.31.46.0-255,66,169729,44,195729
35456,0.002348,172.217.194.0-255,1484,171213,44,195729
35457,0.00235,172.31.46.0-255,78,171291,44,195729
35458,0.002353,172.217.194.0-255,1484,172775,44,195729
35459,0.002356,172.31.46.0-255,66,172841,44,195729
35460,0.002362,172.217.194.0-255,4320,177161,44,195729
35461,0.002364,172.31.46.0-255,66,177227,44,195729
35462,0.002374,172.31.46.0-255,66,177293,44,195729
35463,0.002396,172.217.194.0-255,2902,180195,44,195729
35464,0.002398,172.31.46.0-255,66,180261,44,195729
35465,0.002415,172.217.194.0-255,5738,185999,44,195729
35466,0.002417,172.31.46.0-255,66,186065,44,195729
35467,0.002454,172.31.46.0-255,66,186131,44,195729
35468,0.002467,172.31.46.0-255,66,186197,44,195729
35469,0.00247,172.217.194.0-255,105,186302,44,195729
35470,0.006509,172.31.46.0-255,66,186368,44,195729
35471,0.006542,172.31.46.0-255,105,186473,44,195729
35472,0.008521,172.217.194.0-255,66,186539,44,195729
35473,0.038622,172.31.46.0-255,172,186711,44,195729
35474,0.038649,172.31.46.0-255,1114,187825,44,195729
35475,0.038709,172.31.46.0-255,1514,189339,44,195729
35476,0.038712,172.31.46.0-255,1514,190853,44,195729
35477,0.038716,172.31.46.0-255,1514,192367,44,195729
35478,0.038717,172.31.46.0-255,1514,193881,44,195729
35479,0.038735,172.31.46.0-255,1514,195395,44,195729
35480,0.038736,172.31.46.0-255,70,195465,44,195729
35481,0.040172,104.244.42.0-255,66,195531,44,195729
35482,0.040227,104.244.42.0-255,66,195597,44,195729
35483,0.040316,104.244.42.0-255,66,195663,44,195729
35484,0.040345,104.244.42.0-255,66,195729,44,195729
35485,0.0,74.125.130.0-255,152,152,44,277438
35486,2.2e-05,172.31.46.0-255,66,218,44,277438
35487,2.9e-05,74.125.130.0-255,1484,1702,44,277438
35488,3.3e-05,172.31.46.0-255,66,1768,44,277438
35489,4.7e-05,74.125.130.0-255,1484,3252,44,277438
35490,5e-05,172.31.46.0-255,66,3318,44,277438
35491,5.3e-05,74.125.130.0-255,1484,4802,44,277438
35492,5.5e-05,172.31.46.0-255,66,4868,44,277438
35493,6.7e-05,74.125.130.0-255,1484,6352,44,277438
35494,6.9e-05,172.31.46.0-255,66,6418,44,277438
35495,8.4e-05,74.125.130.0-255,2902,9320,44,277438
35496,8.6e-05,172.31.46.0-255,66,9386,44,277438
35497,0.000112,74.125.130.0-255,2902,12288,44,277438
35498,0.000114,172.31.46.0-255,66,12354,44,277438
35499,0.000118,74.125.130.0-255,2055,14409,44,277438
35500,0.00012,172.31.46.0-255,66,14475,44,277438
35501,0.000302,74.125.130.0-255,1484,15959,44,277438
35502,0.000308,172.31.46.0-255,66,16025,44,277438
35503,0.000311,74.125.130.0-255,1484,17509,44,277438
35504,0.000314,172.31.46.0-255,66,17575,44,277438
35505,0.000328,74.125.130.0-255,1484,19059,44,277438
35506,0.00033,172.31.46.0-255,66,19125,44,277438
35507,0.000337,74.125.130.0-255,5738,24863,44,277438
35508,0.000339,172.31.46.0-255,66,24929,44,277438
35509,0.000344,74.125.130.0-255,4320,29249,44,277438
35510,0.000348,172.31.46.0-255,66,29315,44,277438
35511,0.000374,74.125.130.0-255,5379,34694,44,277438
35512,0.000378,172.31.46.0-255,66,34760,44,277438
35513,0.000422,172.31.46.0-255,66,34826,44,277438
35514,0.000426,74.125.130.0-255,2902,37728,44,277438
35515,0.000428,172.31.46.0-255,66,37794,44,277438
35516,0.000445,74.125.130.0-255,7156,44950,44,277438
35517,0.000448,172.31.46.0-255,66,45016,44,277438
35518,0.000459,172.31.46.0-255,66,45082,44,277438
35519,0.000472,74.125.130.0-255,1484,46566,44,277438
35520,0.000499,74.125.130.0-255,2184,48750,44,277438
35521,0.000502,172.31.46.0-255,66,48816,44,277438
35522,0.000581,74.125.130.0-255,378,49194,44,277438
35523,0.00062,74.125.130.0-255,364,49558,44,277438
35524,0.000698,74.125.130.0-255,1484,51042,44,277438
35525,0.000703,172.31.46.0-255,66,51108,44,277438
35526,0.000706,74.125.130.0-255,1484,52592,44,277438
35527,0.000722,74.125.130.0-255,1484,54076,44,277438
35528,0.000724,172.31.46.0-255,66,54142,44,277438
35529,0.000731,74.125.130.0-255,5738,59880,44,277438
35530,0.000733,172.31.46.0-255,66,59946,44,277438
35531,0.00076,74.125.130.0-255,7156,67102,44,277438
35532,0.000763,172.31.46.0-255,66,67168,44,277438
35533,0.000766,74.125.130.0-255,1484,68652,44,277438
35534,0.000791,74.125.130.0-255,7156,75808,44,277438
35535,0.000794,172.31.46.0-255,66,75874,44,277438
35536,0.0008,74.125.130.0-255,4320,80194,44,277438
35537,0.000803,172.31.46.0-255,66,80260,44,277438
35538,0.000821,74.125.130.0-255,3602,83862,44,277438
35539,0.000824,172.31.46.0-255,66,83928,44,277438
35540,0.001277,74.125.130.0-255,1484,85412,44,277438
35541,0.001284,74.125.130.0-255,2902,88314,44,277438
35542,0.001288,172.31.46.0-255,66,88380,44,277438
35543,0.001292,74.125.130.0-255,1484,89864,44,277438
35544,0.001307,74.125.130.0-255,4320,94184,44,277438
35545,0.001311,172.31.46.0-255,66,94250,44,277438
35546,0.001374,74.125.130.0-255,2902,97152,44,277438
35547,0.001377,172.31.46.0-255,66,97218,44,277438
35548,0.001392,74.125.130.0-255,4320,101538,44,277438
35549,0.001395,172.31.46.0-255,66,101604,44,277438
35550,0.001398,74.125.130.0-255,1484,103088,44,277438
35551,0.001401,74.125.130.0-255,1484,104572,44,277438
35552,0.001403,172.31.46.0-255,66,104638,44,277438
35553,0.001423,74.125.130.0-255,1484,106122,44,277438
35554,0.00143,74.125.130.0-255,5738,111860,44,277438
35555,0.001432,172.31.46.0-255,66,111926,44,277438
35556,0.001435,74.125.130.0-255,1484,113410,44,277438
35557,0.001439,74.125.130.0-255,2902,116312,44,277438
35558,0.001441,172.31.46.0-255,66,116378,44,277438
35559,0.001466,74.125.130.0-255,2184,118562,44,277438
35560,0.001468,172.31.46.0-255,66,118628,44,277438
35561,0.001942,74.125.130.0-255,1484,120112,44,277438
35562,0.001952,74.125.130.0-255,2902,123014,44,277438
35563,0.001956,172.31.46.0-255,66,123080,44,277438
35564,0.001961,74.125.130.0-255,2902,125982,44,277438
35565,0.001963,172.31.46.0-255,66,126048,44,277438
35566,0.001979,74.125.130.0-255,4320,130368,44,277438
35567,0.001981,172.31.46.0-255,66,130434,44,277438
35568,0.002003,74.125.130.0-255,5738,136172,44,277438
35569,0.002005,172.31.46.0-255,66,136238,44,277438
35570,0.002027,74.125.130.0-255,2902,139140,44,277438
35571,0.00203,172.31.46.0-255,66,139206,44,277438
35572,0.002033,74.125.130.0-255,1484,140690,44,277438
35573,0.002037,74.125.130.0-255,2902,143592,44,277438
35574,0.002039,172.31.46.0-255,66,143658,44,277438
35575,0.002046,74.125.130.0-255,5738,149396,44,277438
35576,0.002048,172.31.46.0-255,66,149462,44,277438
35577,0.002067,74.125.130.0-255,3602,153064,44,277438
35578,0.002069,172.31.46.0-255,66,153130,44,277438
35579,0.004326,74.125.130.0-255,1484,154614,44,277438
35580,0.004349,74.125.130.0-255,4320,158934,44,277438
35581,0.004353,172.31.46.0-255,66,159000,44,277438
35582,0.006645,74.125.130.0-255,5738,164738,44,277438
35583,0.00665,172.31.46.0-255,66,164804,44,277438
35584,0.008942,74.125.130.0-255,5738,170542,44,277438
35585,0.008949,172.31.46.0-255,66,170608,44,277438
35586,0.011247,74.125.130.0-255,5738,176346,44,277438
35587,0.011254,172.31.46.0-255,66,176412,44,277438
35588,0.013554,74.125.130.0-255,5738,182150,44,277438
35589,0.013561,172.31.46.0-255,66,182216,44,277438
35590,0.015856,74.125.130.0-255,5738,187954,44,277438
35591,0.015864,172.31.46.0-255,66,188020,44,277438
35592,0.018168,74.125.130.0-255,5738,193758,44,277438
35593,0.018176,172.31.46.0-255,66,193824,44,277438
35594,0.020482,74.125.130.0-255,5738,199562,44,277438
35595,0.020487,172.31.46.0-255,66,199628,44,277438
35596,0.022822,74.125.130.0-255,5738,205366,44,277438
35597,0.022829,172.31.46.0-255,66,205432,44,277438
35598,0.025122,74.125.130.0-255,5738,211170,44,277438
35599,0.025127,172.31.46.0-255,66,211236,44,277438
35600,0.027268,172.31.46.0-255,172,211408,44,277438
35601,0.027294,172.31.46.0-255,1114,212522,44,277438
35602,0.02735,172.31.46.0-255,1514,214036,44,277438
35603,0.027351,172.31.46.0-255,1514,215550,44,277438
35604,0.027353,172.31.46.0-255,1514,217064,44,277438
35605,0.027353,172.31.46.0-255,1514,218578,44,277438
35606,0.027377,172.31.46.0-255,556,219134,44,277438
35607,0.02741,74.125.130.0-255,5738,224872,44,277438
35608,0.027414,172.31.46.0-255,66,224938,44,277438
35609,0.028819,104.244.42.0-255,66,225004,44,277438
35610,0.028826,104.244.42.0-255,66,225070,44,277438
35611,0.028881,104.244.42.0-255,66,225136,44,277438
35612,0.028897,104.244.42.0-255,66,225202,44,277438
35613,0.0297,74.125.130.0-255,5738,230940,44,277438
35614,0.029705,172.31.46.0-255,66,231006,44,277438
35615,0.032009,74.125.130.0-255,5738,236744,44,277438
35616,0.032014,172.31.46.0-255,66,236810,44,277438
35617,0.034306,74.125.130.0-255,5738,242548,44,277438
35618,0.034314,172.31.46.0-255,66,242614,44,277438
35619,0.036625,74.125.130.0-255,5738,248352,44,277438
35620,0.036631,172.31.46.0-255,66,248418,44,277438
35621,0.038936,74.125.130.0-255,5738,254156,44,277438
35622,0.038942,172.31.46.0-255,66,254222,44,277438
35623,0.041251,74.125.130.0-255,5738,259960,44,277438
35624,0.041257,172.31.46.0-255,66,260026,44,277438
35625,0.043566,74.125.130.0-255,5738,265764,44,277438
35626,0.043572,172.31.46.0-255,66,265830,44,277438
35627,0.045868,74.125.130.0-255,5738,271568,44,277438
35628,0.045875,172.31.46.0-255,66,271634,44,277438
35629,0.048164,74.125.130.0-255,5738,277372,44,277438
35630,0.04817,172.31.46.0-255,66,277438,44,277438
35631,0.0,74.125.68.0-255,152,152,44,303049
35632,1.5e-05,172.31.46.0-255,66,218,44,303049
35633,2.2e-05,74.125.68.0-255,1484,1702,44,303049
35634,2.6e-05,172.31.46.0-255,66,1768,44,303049
35635,7.2e-05,74.125.68.0-255,1484,3252,44,303049
35636,7.5e-05,172.31.46.0-255,66,3318,44,303049
35637,8e-05,74.125.68.0-255,2902,6220,44,303049
35638,8.3e-05,172.31.46.0-255,66,6286,44,303049
35639,8.6e-05,74.125.68.0-255,1484,7770,44,303049
35640,8.9e-05,172.31.46.0-255,66,7836,44,303049
35641,9.4e-05,74.125.68.0-255,2902,10738,44,303049
35642,9.7e-05,172.31.46.0-255,66,10804,44,303049
35643,0.00016,74.125.68.0-255,3462,14266,44,303049
35644,0.000162,172.31.46.0-255,66,14332,44,303049
35645,0.000196,74.125.68.0-255,4320,18652,44,303049
35646,0.000198,172.31.46.0-255,66,18718,44,303049
35647,0.000205,74.125.68.0-255,5738,24456,44,303049
35648,0.000207,172.31.46.0-255,66,24522,44,303049
35649,0.000211,74.125.68.0-255,2902,27424,44,303049
35650,0.000213,172.31.46.0-255,66,27490,44,303049
35651,0.000244,74.125.68.0-255,3961,31451,44,303049
35652,0.000247,172.31.46.0-255,66,31517,44,303049
35653,0.000358,74.125.68.0-255,1484,33001,44,303049
35654,0.000362,172.31.46.0-255,66,33067,44,303049
35655,0.000368,74.125.68.0-255,2902,35969,44,303049
35656,0.00037,172.31.46.0-255,66,36035,44,303049
35657,0.000394,74.125.68.0-255,1484,37519,44,303049
35658,0.000396,172.31.46.0-255,66,37585,44,303049
35659,0.000401,74.125.68.0-255,2902,40487,44,303049
35660,0.000403,172.31.46.0-255,66,40553,44,303049
35661,0.000445,74.125.68.0-255,1484,42037,44,303049
35662,0.000448,172.31.46.0-255,66,42103,44,303049
35663,0.000453,74.125.68.0-255,2902,45005,44,303049
35664,0.000496,74.125.68.0-255,3961,48966,44,303049
35665,0.000526,74.125.68.0-255,4320,53286,44,303049
35666,0.000536,74.125.68.0-255,1484,54770,44,303049
35667,0.000548,74.125.68.0-255,1484,56254,44,303049
35668,0.000551,74.125.68.0-255,1484,57738,44,303049
35669,0.000569,74.125.68.0-255,2902,60640,44,303049
35670,0.000594,74.125.68.0-255,4320,64960,44,303049
35671,0.000609,74.125.68.0-255,1395,66355,44,303049
35672,0.000631,172.31.46.0-255,66,66421,44,303049
35673,0.000797,74.125.68.0-255,136,66557,44,303049
35674,0.001166,172.31.46.0-255,66,66623,44,303049
35675,0.001558,74.125.68.0-255,1484,68107,44,303049
35676,0.001569,74.125.68.0-255,2902,71009,44,303049
35677,0.001574,172.31.46.0-255,66,71075,44,303049
35678,0.001602,74.125.68.0-255,5738,76813,44,303049
35679,0.001604,172.31.46.0-255,66,76879,44,303049
35680,0.001609,74.125.68.0-255,2902,79781,44,303049
35681,0.001611,172.31.46.0-255,66,79847,44,303049
35682,0.001645,74.125.68.0-255,4320,84167,44,303049
35683,0.001651,74.125.68.0-255,4320,88487,44,303049
35684,0.001672,74.125.68.0-255,4320,92807,44,303049
35685,0.00168,74.125.68.0-255,5738,98545,44,303049
35686,0.001706,74.125.68.0-255,2184,100729,44,303049
35687,0.001722,74.125.68.0-255,1484,102213,44,303049
35688,0.001732,74.125.68.0-255,1484,103697,44,303049
35689,0.001754,74.125.68.0-255,4320,108017,44,303049
35690,0.001772,74.125.68.0-255,2902,110919,44,303049
35691,0.001776,74.125.68.0-255,2902,113821,44,303049
35692,0.001833,172.31.46.0-255,66,113887,44,303049
35693,0.001871,74.125.68.0-255,4320,118207,44,303049
35694,0.001877,172.31.46.0-255,66,118273,44,303049
35695,0.001898,74.125.68.0-255,5020,123293,44,303049
35696,0.001904,74.125.68.0-255,4320,127613,44,303049
35697,0.001928,74.125.68.0-255,5738,133351,44,303049
35698,0.001933,74.125.68.0-255,2902,136253,44,303049
35699,0.001951,172.31.46.0-255,66,136319,44,303049
35700,0.001959,74.125.68.0-255,7156,143475,44,303049
35701,0.001969,172.31.46.0-255,66,143541,44,303049
35702,0.001986,74.125.68.0-255,7156,150697,44,303049
35703,0.00199,74.125.68.0-255,2902,153599,44,303049
35704,0.002018,74.125.68.0-255,3602,157201,44,303049
35705,0.002025,172.31.46.0-255,66,157267,44,303049
35706,0.002046,74.125.68.0-255,4320,161587,44,303049
35707,0.002066,74.125.68.0-255,4320,165907,44,303049
35708,0.00208,172.31.46.0-255,66,165973,44,303049
35709,0.002093,74.125.68.0-255,5738,171711,44,303049
35710,0.002102,74.125.68.0-255,5738,177449,44,303049
35711,0.002131,74.125.68.0-255,1484,178933,44,303049
35712,0.00214,172.31.46.0-255,66,178999,44,303049
35713,0.002204,172.31.46.0-255,66,179065,44,303049
35714,0.002282,74.125.68.0-255,1484,180549,44,303049
35715,0.00447,74.125.68.0-255,4320,184869,44,303049
35716,0.004477,172.31.46.0-255,66,184935,44,303049
35717,0.006735,74.125.68.0-255,4320,189255,44,303049
35718,0.006741,172.31.46.0-255,66,189321,44,303049
35719,0.006766,74.125.68.0-255,1484,190805,44,303049
35720,0.008998,74.125.68.0-255,4320,195125,44,303049
35721,0.009004,172.31.46.0-255,66,195191,44,303049
35722,0.011274,74.125.68.0-255,5738,200929,44,303049
35723,0.011281,172.31.46.0-255,66,200995,44,303049
35724,0.013558,74.125.68.0-255,5738,206733,44,303049
35725,0.013564,172.31.46.0-255,66,206799,44,303049
35726,0.015827,74.125.68.0-255,5738,212537,44,303049
35727,0.015835,172.31.46.0-255,66,212603,44,303049
35728,0.018105,74.125.68.0-255,5738,218341,44,303049
35729,0.018112,172.31.46.0-255,66,218407,44,303049
35730,0.020395,74.125.68.0-255,5738,224145,44,303049
35731,0.020409,172.31.46.0-255,66,224211,44,303049
35732,0.022698,74.125.68.0-255,5738,229949,44,303049
35733,0.022708,172.31.46.0-255,66,230015,44,303049
35734,0.024983,74.125.68.0-255,5738,235753,44,303049
35735,0.024992,172.31.46.0-255,66,235819,44,303049
35736,0.027259,74.125.68.0-255,5738,241557,44,303049
35737,0.027268,172.31.46.0-255,66,241623,44,303049
35738,0.029538,74.125.68.0-255,5738,247361,44,303049
35739,0.029546,172.31.46.0-255,66,247427,44,303049
35740,0.031818,74.125.68.0-255,5738,253165,44,303049
35741,0.031826,172.31.46.0-255,66,253231,44,303049
35742,0.0341,74.125.68.0-255,5738,258969,44,303049
35743,0.034111,172.31.46.0-255,66,259035,44,303049
35744,0.034471,172.31.46.0-255,172,259207,44,303049
35745,0.034501,172.31.46.0-255,1114,260321,44,303049
35746,0.034573,172.31.46.0-255,1514,261835,44,303049
35747,0.034575,172.31.46.0-255,1514,263349,44,303049
35748,0.034579,172.31.46.0-255,1514,264863,44,303049
35749,0.034581,172.31.46.0-255,1514,266377,44,303049
35750,0.034599,172.31.46.0-255,1514,267891,44,303049
35751,0.0346,172.31.46.0-255,70,267961,44,303049
35752,0.036034,104.244.42.0-255,66,268027,44,303049
35753,0.036042,104.244.42.0-255,66,268093,44,303049
35754,0.036111,104.244.42.0-255,66,268159,44,303049
35755,0.036118,104.244.42.0-255,66,268225,44,303049
35756,0.036378,74.125.68.0-255,5738,273963,44,303049
35757,0.036385,172.31.46.0-255,66,274029,44,303049
35758,0.038653,74.125.68.0-255,5738,279767,44,303049
35759,0.038661,172.31.46.0-255,66,279833,44,303049
35760,0.040941,74.125.68.0-255,5738,285571,44,303049
35761,0.040947,172.31.46.0-255,66,285637,44,303049
35762,0.043225,74.125.68.0-255,5738,291375,44,303049
35763,0.043231,172.31.46.0-255,66,291441,44,303049
35764,0.045506,74.125.68.0-255,5738,297179,44,303049
35765,0.045513,172.31.46.0-255,66,297245,44,303049
35766,0.047784,74.125.68.0-255,5738,302983,44,303049
35767,0.047794,172.31.46.0-255,66,303049,44,303049
35768,0.0,74.125.24.0-255,287,287,44,305552
35769,1.7e-05,172.31.46.0-255,66,353,44,305552
35770,2.3e-05,74.125.24.0-255,1484,1837,44,305552
35771,2.8e-05,172.31.46.0-255,66,1903,44,305552
35772,3.4e-05,74.125.24.0-255,4320,6223,44,305552
35773,3.8e-05,172.31.46.0-255,66,6289,44,305552
35774,4.4e-05,74.125.24.0-255,5738,12027,44,305552
35775,4.7e-05,172.31.46.0-255,66,12093,44,305552
35776,9.4e-05,74.125.24.0-255,1875,13968,44,305552
35777,9.7e-05,172.31.46.0-255,66,14034,44,305552
35778,0.000136,74.125.24.0-255,2902,16936,44,305552
35779,0.00014,172.31.46.0-255,66,17002,44,305552
35780,0.000144,74.125.24.0-255,2902,19904,44,305552
35781,0.000146,172.31.46.0-255,66,19970,44,305552
35782,0.00017,74.125.24.0-255,7156,27126,44,305552
35783,0.000172,172.31.46.0-255,66,27192,44,305552
35784,0.000202,74.125.24.0-255,2902,30094,44,305552
35785,0.000205,172.31.46.0-255,66,30160,44,305552
35786,0.000237,172.31.46.0-255,66,30226,44,305552
35787,0.00025,74.125.24.0-255,2902,33128,44,305552
35788,0.000253,172.31.46.0-255,66,33194,44,305552
35789,0.00029,74.125.24.0-255,5379,38573,44,305552
35790,0.000293,172.31.46.0-255,66,38639,44,305552
35791,0.000305,172.31.46.0-255,66,38705,44,305552
35792,0.000315,172.31.46.0-255,66,38771,44,305552
35793,0.000361,74.125.24.0-255,678,39449,44,305552
35794,0.000364,172.31.46.0-255,66,39515,44,305552
35795,0.000433,74.125.24.0-255,1484,40999,44,305552
35796,0.000435,172.31.46.0-255,66,41065,44,305552
35797,0.00044,74.125.24.0-255,2902,43967,44,305552
35798,0.000443,172.31.46.0-255,66,44033,44,305552
35799,0.000463,74.125.24.0-255,5738,49771,44,305552
35800,0.000466,172.31.46.0-255,66,49837,44,305552
35801,0.000472,74.125.24.0-255,5738,55575,44,305552
35802,0.000475,172.31.46.0-255,66,55641,44,305552
35803,0.00049,74.125.24.0-255,1125,56766,44,305552
35804,0.0005,74.125.24.0-255,7156,63922,44,305552
35805,0.000502,172.31.46.0-255,66,63988,44,305552
35806,0.000526,74.125.24.0-255,7156,71144,44,305552
35807,0.000529,172.31.46.0-255,66,71210,44,305552
35808,0.000533,74.125.24.0-255,1993,73203,44,305552
35809,0.000536,172.31.46.0-255,66,73269,44,305552
35810,0.000662,74.125.24.0-255,1484,74753,44,305552
35811,0.000679,74.125.24.0-255,2902,77655,44,305552
35812,0.000683,172.31.46.0-255,66,77721,44,305552
35813,0.000689,74.125.24.0-255,5738,83459,44,305552
35814,0.000692,172.31.46.0-255,66,83525,44,305552
35815,0.000738,74.125.24.0-255,6797,90322,44,305552
35816,0.000741,172.31.46.0-255,66,90388,44,305552
35817,0.00164,74.125.24.0-255,1484,91872,44,305552
35818,0.001648,74.125.24.0-255,2902,94774,44,305552
35819,0.001652,172.31.46.0-255,66,94840,44,305552
35820,0.001659,74.125.24.0-255,4320,99160,44,305552
35821,0.001661,172.31.46.0-255,66,99226,44,305552
35822,0.001673,74.125.24.0-255,1484,100710,44,305552
35823,0.001698,172.31.46.0-255,66,100776,44,305552
35824,0.00172,74.125.24.0-255,1484,102260,44,305552
35825,0.001732,172.31.46.0-255,66,102326,44,305552
35826,0.001924,74.125.24.0-255,1484,103810,44,305552
35827,0.00193,74.125.24.0-255,2902,106712,44,305552
35828,0.001934,172.31.46.0-255,66,106778,44,305552
35829,0.001939,74.125.24.0-255,2902,109680,44,305552
35830,0.00194,172.31.46.0-255,66,109746,44,305552
35831,0.001956,74.125.24.0-255,2902,112648,44,305552
35832,0.001957,172.31.46.0-255,66,112714,44,305552
35833,0.001964,74.125.24.0-255,5738,118452,44,305552
35834,0.001966,172.31.46.0-255,66,118518,44,305552
35835,0.001973,74.125.24.0-255,7156,125674,44,305552
35836,0.001975,172.31.46.0-255,66,125740,44,305552
35837,0.002002,74.125.24.0-255,1484,127224,44,305552
35838,0.002023,172.31.46.0-255,66,127290,44,305552
35839,0.002065,74.125.24.0-255,5738,133028,44,305552
35840,0.002068,172.31.46.0-255,66,133094,44,305552
35841,0.002087,74.125.24.0-255,5738,138832,44,305552
35842,0.002089,172.31.46.0-255,66,138898,44,305552
35843,0.002105,172.31.46.0-255,66,138964,44,305552
35844,0.002137,74.125.24.0-255,5020,143984,44,305552
35845,0.00214,172.31.46.0-255,66,144050,44,305552
35846,0.002158,74.125.24.0-255,4320,148370,44,305552
35847,0.00216,172.31.46.0-255,66,148436,44,305552
35848,0.002185,74.125.24.0-255,1484,149920,44,305552
35849,0.002192,74.125.24.0-255,7156,157076,44,305552
35850,0.002194,172.31.46.0-255,66,157142,44,305552
35851,0.002204,172.31.46.0-255,66,157208,44,305552
35852,0.00223,74.125.24.0-255,5738,162946,44,305552
35853,0.002232,172.31.46.0-255,66,163012,44,305552
35854,0.002238,74.125.24.0-255,6438,169450,44,305552
35855,0.002241,172.31.46.0-255,66,169516,44,305552
35856,0.002282,74.125.24.0-255,1484,171000,44,305552
35857,0.0023,74.125.24.0-255,2902,173902,44,305552
35858,0.002304,172.31.46.0-255,66,173968,44,305552
35859,0.00231,74.125.24.0-255,5738,179706,44,305552
35860,0.002312,172.31.46.0-255,66,179772,44,305552
35861,0.002337,172.31.46.0-255,66,179838,44,305552
35862,0.002355,74.125.24.0-255,4320,184158,44,305552
35863,0.002356,172.31.46.0-255,66,184224,44,305552
35864,0.002366,172.31.46.0-255,66,184290,44,305552
35865,0.002388,74.125.24.0-255,2184,186474,44,305552
35866,0.00239,172.31.46.0-255,66,186540,44,305552
35867,0.004717,74.125.24.0-255,5738,192278,44,305552
35868,0.004723,172.31.46.0-255,66,192344,44,305552
35869,0.007078,74.125.24.0-255,5738,198082,44,305552
35870,0.007092,172.31.46.0-255,66,198148,44,305552
35871,0.009464,74.125.24.0-255,5738,203886,44,305552
35872,0.009472,172.31.46.0-255,66,203952,44,305552
35873,0.0118,74.125.24.0-255,5738,209690,44,305552
35874,0.011809,172.31.46.0-255,66,209756,44,305552
35875,0.014162,74.125.24.0-255,5738,215494,44,305552
35876,0.014174,172.31.46.0-255,66,215560,44,305552
35877,0.016552,74.125.24.0-255,5738,221298,44,305552
35878,0.016565,172.31.46.0-255,66,221364,44,305552
35879,0.018945,74.125.24.0-255,5738,227102,44,305552
35880,0.018961,172.31.46.0-255,66,227168,44,305552
35881,0.021301,74.125.24.0-255,5738,232906,44,305552
35882,0.021309,172.31.46.0-255,66,232972,44,305552
35883,0.023636,74.125.24.0-255,5738,238710,44,305552
35884,0.023643,172.31.46.0-255,66,238776,44,305552
35885,0.025969,74.125.24.0-255,1484,240260,44,305552
35886,0.025997,74.125.24.0-255,4320,244580,44,305552
35887,0.026003,172.31.46.0-255,66,244646,44,305552
35888,0.028344,74.125.24.0-255,5738,250384,44,305552
35889,0.028349,172.31.46.0-255,66,250450,44,305552
35890,0.030699,74.125.24.0-255,5738,256188,44,305552
35891,0.030709,172.31.46.0-255,66,256254,44,305552
35892,0.03306,74.125.24.0-255,5738,261992,44,305552
35893,0.033071,172.31.46.0-255,66,262058,44,305552
35894,0.035431,74.125.24.0-255,5738,267796,44,305552
35895,0.035441,172.31.46.0-255,66,267862,44,305552
35896,0.037782,74.125.24.0-255,5738,273600,44,305552
35897,0.037792,172.31.46.0-255,66,273666,44,305552
35898,0.040132,74.125.24.0-255,5738,279404,44,305552
35899,0.040143,172.31.46.0-255,66,279470,44,305552
35900,0.041533,172.31.46.0-255,172,279642,44,305552
35901,0.041562,172.31.46.0-255,1114,280756,44,305552
35902,0.041617,172.31.46.0-255,1514,282270,44,305552
35903,0.041619,172.31.46.0-255,1514,283784,44,305552
35904,0.041626,172.31.46.0-255,1514,285298,44,305552
35905,0.041627,172.31.46.0-255,1514,286812,44,305552
35906,0.041644,172.31.46.0-255,1514,288326,44,305552
35907,0.041646,172.31.46.0-255,71,288397,44,305552
35908,0.0425,74.125.24.0-255,5738,294135,44,305552
35909,0.04251,172.31.46.0-255,66,294201,44,305552
35910,0.043063,104.244.42.0-255,66,294267,44,305552
35911,0.043265,104.244.42.0-255,66,294333,44,305552
35912,0.043271,104.244.42.0-255,66,294399,44,305552
35913,0.043276,104.244.42.0-255,66,294465,44,305552
35914,0.044831,74.125.24.0-255,5738,300203,44,305552
35915,0.044841,172.31.46.0-255,66,300269,44,305552
35916,0.047191,74.125.24.0-255,5046,305315,44,305552
35917,0.047206,172.31.46.0-255,66,305381,44,305552
35918,0.047466,172.31.46.0-255,105,305486,44,305552
35919,0.049792,74.125.24.0-255,66,305552,44,305552
35920,0.0,74.125.200.0-255,150,150,44,316163
35921,2.5e-05,172.31.46.0-255,66,216,44,316163
35922,3.3e-05,74.125.200.0-255,1484,1700,44,316163
35923,3.8e-05,172.31.46.0-255,66,1766,44,316163
35924,6.3e-05,74.125.200.0-255,1484,3250,44,316163
35925,6.5e-05,172.31.46.0-255,66,3316,44,316163
35926,7.1e-05,74.125.200.0-255,2902,6218,44,316163
35927,7.4e-05,172.31.46.0-255,66,6284,44,316163
35928,9.4e-05,74.125.200.0-255,5738,12022,44,316163
35929,9.7e-05,172.31.46.0-255,66,12088,44,316163
35930,0.000116,74.125.200.0-255,2085,14173,44,316163
35931,0.000119,172.31.46.0-255,66,14239,44,316163
35932,0.000195,74.125.200.0-255,1484,15723,44,316163
35933,0.0002,172.31.46.0-255,66,15789,44,316163
35934,0.000206,74.125.200.0-255,2902,18691,44,316163
35935,0.000208,172.31.46.0-255,66,18757,44,316163
35936,0.000232,74.125.200.0-255,4320,23077,44,316163
35937,0.000235,172.31.46.0-255,66,23143,44,316163
35938,0.000277,74.125.200.0-255,1484,24627,44,316163
35939,0.00028,172.31.46.0-255,66,24693,44,316163
35940,0.000303,74.125.200.0-255,6797,31490,44,316163
35941,0.000306,172.31.46.0-255,66,31556,44,316163
35942,0.00033,74.125.200.0-255,5738,37294,44,316163
35943,0.000333,172.31.46.0-255,66,37360,44,316163
35944,0.000367,74.125.200.0-255,4320,41680,44,316163
35945,0.000369,172.31.46.0-255,66,41746,44,316163
35946,0.000413,74.125.200.0-255,2902,44648,44,316163
35947,0.000417,172.31.46.0-255,66,44714,44,316163
35948,0.000435,74.125.200.0-255,2902,47616,44,316163
35949,0.000438,172.31.46.0-255,66,47682,44,316163
35950,0.000457,74.125.200.0-255,7156,54838,44,316163
35951,0.00046,172.31.46.0-255,66,54904,44,316163
35952,0.000464,74.125.200.0-255,1484,56388,44,316163
35953,0.000486,74.125.200.0-255,2902,59290,44,316163
35954,0.000489,172.31.46.0-255,66,59356,44,316163
35955,0.000495,74.125.200.0-255,4320,63676,44,316163
35956,0.000497,172.31.46.0-255,66,63742,44,316163
35957,0.000517,74.125.200.0-255,1484,65226,44,316163
35958,0.000519,74.125.200.0-255,766,65992,44,316163
35959,0.000521,172.31.46.0-255,66,66058,44,316163
35960,0.000563,74.125.200.0-255,363,66421,44,316163
35961,0.000607,74.125.200.0-255,130,66551,44,316163
35962,0.00072,74.125.200.0-255,1484,68035,44,316163
35963,0.000726,172.31.46.0-255,66,68101,44,316163
35964,0.000732,74.125.200.0-255,2902,71003,44,316163
35965,0.000735,172.31.46.0-255,66,71069,44,316163
35966,0.000738,74.125.200.0-255,1484,72553,44,316163
35967,0.000754,74.125.200.0-255,4320,76873,44,316163
35968,0.000757,172.31.46.0-255,66,76939,44,316163
35969,0.000785,74.125.200.0-255,7156,84095,44,316163
35970,0.000789,172.31.46.0-255,66,84161,44,316163
35971,0.000805,74.125.200.0-255,7156,91317,44,316163
35972,0.000807,172.31.46.0-255,66,91383,44,316163
35973,0.000836,74.125.200.0-255,1484,92867,44,316163
35974,0.000844,74.125.200.0-255,7156,100023,44,316163
35975,0.000847,172.31.46.0-255,66,100089,44,316163
35976,0.000891,74.125.200.0-255,5738,105827,44,316163
35977,0.000895,172.31.46.0-255,66,105893,44,316163
35978,0.000913,74.125.200.0-255,2184,108077,44,316163
35979,0.000916,172.31.46.0-255,66,108143,44,316163
35980,0.000922,74.125.200.0-255,4320,112463,44,316163
35981,0.000924,172.31.46.0-255,66,112529,44,316163
35982,0.000927,74.125.200.0-255,1484,114013,44,316163
35983,0.000955,74.125.200.0-255,3662,117675,44,316163
35984,0.000957,172.31.46.0-255,66,117741,44,316163
35985,0.000989,74.125.200.0-255,1484,119225,44,316163
35986,0.001006,74.125.200.0-255,1484,120709,44,316163
35987,0.001009,172.31.46.0-255,66,120775,44,316163
35988,0.001028,74.125.200.0-255,1484,122259,44,316163
35989,0.001031,74.125.200.0-255,1484,123743,44,316163
35990,0.001034,172.31.46.0-255,66,123809,44,316163
35991,0.001041,74.125.200.0-255,5738,129547,44,316163
35992,0.001043,172.31.46.0-255,66,129613,44,316163
35993,0.001077,172.31.46.0-255,66,129679,44,316163
35994,0.001106,74.125.200.0-255,2902,132581,44,316163
35995,0.001109,172.31.46.0-255,66,132647,44,316163
35996,0.001115,74.125.200.0-255,4320,136967,44,316163
35997,0.001117,172.31.46.0-255,66,137033,44,316163
35998,0.001133,74.125.200.0-255,5020,142053,44,316163
35999,0.001136,172.31.46.0-255,66,142119,44,316163
36000,0.001539,74.125.200.0-255,1484,143603,44,316163
36001,0.001546,74.125.200.0-255,2902,146505,44,316163
36002,0.00155,172.31.46.0-255,66,146571,44,316163
36003,0.001556,74.125.200.0-255,4320,150891,44,316163
36004,0.001559,172.31.46.0-255,66,150957,44,316163
36005,0.001572,74.125.200.0-255,1484,152441,44,316163
36006,0.001591,74.125.200.0-255,2902,155343,44,316163
36007,0.001594,172.31.46.0-255,66,155409,44,316163
36008,0.001632,172.31.46.0-255,66,155475,44,316163
36009,0.001638,74.125.200.0-255,5738,161213,44,316163
36010,0.00164,172.31.46.0-255,66,161279,44,316163
36011,0.001673,74.125.200.0-255,5020,166299,44,316163
36012,0.001677,172.31.46.0-255,66,166365,44,316163
36013,0.001964,74.125.200.0-255,1484,167849,44,316163
36014,0.001971,74.125.200.0-255,2902,170751,44,316163
36015,0.001974,172.31.46.0-255,66,170817,44,316163
36016,0.001997,74.125.200.0-255,2902,173719,44,316163
36017,0.001999,172.31.46.0-255,66,173785,44,316163
36018,0.002006,74.125.200.0-255,4320,178105,44,316163
36019,0.002008,172.31.46.0-255,66,178171,44,316163
36020,0.002029,172.31.46.0-255,66,178237,44,316163
36021,0.002033,74.125.200.0-255,2902,181139,44,316163
36022,0.002036,172.31.46.0-255,66,181205,44,316163
36023,0.002054,74.125.200.0-255,2902,184107,44,316163
36024,0.002057,172.31.46.0-255,66,184173,44,316163
36025,0.002065,74.125.200.0-255,7156,191329,44,316163
36026,0.002067,172.31.46.0-255,66,191395,44,316163
36027,0.00207,74.125.200.0-255,766,192161,44,316163
36028,0.003049,172.31.46.0-255,66,192227,44,316163
36029,0.00434,74.125.200.0-255,4320,196547,44,316163
36030,0.004349,172.31.46.0-255,66,196613,44,316163
36031,0.005322,74.125.200.0-255,1484,198097,44,316163
36032,0.006623,74.125.200.0-255,4320,202417,44,316163
36033,0.006628,172.31.46.0-255,66,202483,44,316163
36034,0.008912,74.125.200.0-255,5738,208221,44,316163
36035,0.008918,172.31.46.0-255,66,208287,44,316163
36036,0.011216,74.125.200.0-255,5738,214025,44,316163
36037,0.011228,172.31.46.0-255,66,214091,44,316163
36038,0.013513,74.125.200.0-255,5738,219829,44,316163
36039,0.013524,172.31.46.0-255,66,219895,44,316163
36040,0.015822,74.125.200.0-255,5738,225633,44,316163
36041,0.015834,172.31.46.0-255,66,225699,44,316163
36042,0.01813,74.125.200.0-255,5738,231437,44,316163
36043,0.018144,172.31.46.0-255,66,231503,44,316163
36044,0.020437,74.125.200.0-255,5738,237241,44,316163
36045,0.020454,172.31.46.0-255,66,237307,44,316163
36046,0.022739,74.125.200.0-255,5738,243045,44,316163
36047,0.02275,172.31.46.0-255,66,243111,44,316163
36048,0.025033,74.125.200.0-255,5738,248849,44,316163
36049,0.025042,172.31.46.0-255,66,248915,44,316163
36050,0.027332,74.125.200.0-255,5738,254653,44,316163
36051,0.027343,172.31.46.0-255,66,254719,44,316163
36052,0.02963,74.125.200.0-255,5738,260457,44,316163
36053,0.02964,172.31.46.0-255,66,260523,44,316163
36054,0.031938,74.125.200.0-255,5738,266261,44,316163
36055,0.031952,172.31.46.0-255,66,266327,44,316163
36056,0.034234,74.125.200.0-255,5738,272065,44,316163
36057,0.034247,172.31.46.0-255,66,272131,44,316163
36058,0.036536,74.125.200.0-255,5738,277869,44,316163
36059,0.036548,172.31.46.0-255,66,277935,44,316163
36060,0.038849,74.125.200.0-255,5738,283673,44,316163
36061,0.038862,172.31.46.0-255,66,283739,44,316163
36062,0.041148,74.125.200.0-255,5738,289477,44,316163
36063,0.041156,172.31.46.0-255,66,289543,44,316163
36064,0.041302,172.31.46.0-255,188,289731,44,316163
36065,0.041331,172.31.46.0-255,955,290686,44,316163
36066,0.04145,172.31.46.0-255,1514,292200,44,316163
36067,0.041452,172.31.46.0-255,1514,293714,44,316163
36068,0.041457,172.31.46.0-255,1514,295228,44,316163
36069,0.041458,172.31.46.0-255,1514,296742,44,316163
36070,0.041482,172.31.46.0-255,1514,298256,44,316163
36071,0.041483,172.31.46.0-255,231,298487,44,316163
36072,0.042874,104.244.42.0-255,66,298553,44,316163
36073,0.042885,104.244.42.0-255,66,298619,44,316163
36074,0.043043,104.244.42.0-255,66,298685,44,316163
36075,0.04305,104.244.42.0-255,66,298751,44,316163
36076,0.043443,74.125.200.0-255,5738,304489,44,316163
36077,0.043451,172.31.46.0-255,66,304555,44,316163
36078,0.045743,74.125.200.0-255,5738,310293,44,316163
36079,0.045752,172.31.46.0-255,66,310359,44,316163
36080,0.048044,74.125.200.0-255,5738,316097,44,316163
36081,0.04805,172.31.46.0-255,66,316163,44,316163
36082,0.0,172.217.194.0-255,152,152,44,141231
36083,2.5e-05,172.31.46.0-255,66,218,44,141231
36084,3.3e-05,172.217.194.0-255,1484,1702,44,141231
36085,3.7e-05,172.31.46.0-255,66,1768,44,141231
36086,5.2e-05,172.217.194.0-255,2902,4670,44,141231
36087,5.6e-05,172.31.46.0-255,66,4736,44,141231
36088,6.4e-05,172.217.194.0-255,7156,11892,44,141231
36089,6.7e-05,172.31.46.0-255,66,11958,44,141231
36090,7.1e-05,172.217.194.0-255,1994,13952,44,141231
36091,7.5e-05,172.31.46.0-255,66,14018,44,141231
36092,9.8e-05,172.217.194.0-255,4320,18338,44,141231
36093,0.000102,172.31.46.0-255,66,18404,44,141231
36094,0.000113,172.217.194.0-255,5738,24142,44,141231
36095,0.000116,172.31.46.0-255,66,24208,44,141231
36096,0.000143,172.217.194.0-255,1484,25692,44,141231
36097,0.000146,172.31.46.0-255,66,25758,44,141231
36098,0.000187,172.31.46.0-255,66,25824,44,141231
36099,0.00019,172.217.194.0-255,1484,27308,44,141231
36100,0.000191,172.31.46.0-255,66,27374,44,141231
36101,0.00022,172.217.194.0-255,4320,31694,44,141231
36102,0.000223,172.31.46.0-255,66,31760,44,141231
36103,0.000254,172.217.194.0-255,5379,37139,44,141231
36104,0.000256,172.31.46.0-255,66,37205,44,141231
36105,0.000273,172.31.46.0-255,66,37271,44,141231
36106,0.00028,172.217.194.0-255,7092,44363,44,141231
36107,0.000282,172.31.46.0-255,66,44429,44,141231
36108,0.000285,172.217.194.0-255,382,44811,44,141231
36109,0.000288,172.31.46.0-255,66,44877,44,141231
36110,0.000422,172.217.194.0-255,1484,46361,44,141231
36111,0.000427,172.31.46.0-255,66,46427,44,141231
36112,0.000432,172.217.194.0-255,2902,49329,44,141231
36113,0.000434,172.31.46.0-255,66,49395,44,141231
36114,0.000441,172.217.194.0-255,5738,55133,44,141231
36115,0.000449,172.31.46.0-255,66,55199,44,141231
36116,0.000455,172.217.194.0-255,5738,60937,44,141231
36117,0.000458,172.31.46.0-255,66,61003,44,141231
36118,0.000504,172.31.46.0-255,66,61069,44,141231
36119,0.000534,172.217.194.0-255,3961,65030,44,141231
36120,0.000536,172.31.46.0-255,66,65096,44,141231
36121,0.000541,172.217.194.0-255,3961,69057,44,141231
36122,0.000544,172.31.46.0-255,66,69123,44,141231
36123,0.000949,172.217.194.0-255,1484,70607,44,141231
36124,0.000957,172.217.194.0-255,2902,73509,44,141231
36125,0.00096,172.31.46.0-255,66,73575,44,141231
36126,0.000968,172.217.194.0-255,5738,79313,44,141231
36127,0.00097,172.31.46.0-255,66,79379,44,141231
36128,0.001015,172.31.46.0-255,66,79445,44,141231
36129,0.001034,172.31.46.0-255,66,79511,44,141231
36130,0.001072,172.217.194.0-255,1484,80995,44,141231
36131,0.001085,172.217.194.0-255,2902,83897,44,141231
36132,0.001088,172.31.46.0-255,66,83963,44,141231
36133,0.001095,172.217.194.0-255,5738,89701,44,141231
36134,0.001097,172.31.46.0-255,66,89767,44,141231
36135,0.001134,172.31.46.0-255,66,89833,44,141231
36136,0.001184,172.31.46.0-255,66,89899,44,141231
36137,0.001224,172.31.46.0-255,66,89965,44,141231
36138,0.001229,172.217.194.0-255,4320,94285,44,141231
36139,0.001232,172.31.46.0-255,66,94351,44,141231
36140,0.001273,172.31.46.0-255,66,94417,44,141231
36141,0.001278,172.217.194.0-255,2902,97319,44,141231
36142,0.001281,172.31.46.0-255,66,97385,44,141231
36143,0.00133,172.31.46.0-255,66,97451,44,141231
36144,0.001352,172.31.46.0-255,66,97517,44,141231
36145,0.001355,172.217.194.0-255,766,98283,44,141231
36146,0.001358,172.217.194.0-255,1484,99767,44,141231
36147,0.00136,172.31.46.0-255,66,99833,44,141231
36148,0.001365,172.217.194.0-255,4320,104153,44,141231
36149,0.001368,172.31.46.0-255,66,104219,44,141231
36150,0.00138,172.31.46.0-255,66,104285,44,141231
36151,0.001398,172.31.46.0-255,66,104351,44,141231
36152,0.001492,172.217.194.0-255,3602,107953,44,141231
36153,0.001496,172.31.46.0-255,66,108019,44,141231
36154,0.001499,172.31.46.0-255,66,108085,44,141231
36155,0.001502,172.31.46.0-255,66,108151,44,141231
36156,0.001505,172.31.46.0-255,66,108217,44,141231
36157,0.001543,172.217.194.0-255,2902,111119,44,141231
36158,0.001546,172.31.46.0-255,66,111185,44,141231
36159,0.001592,172.31.46.0-255,66,111251,44,141231
36160,0.001604,172.31.46.0-255,66,111317,44,141231
36161,0.001637,172.217.194.0-255,2902,114219,44,141231
36162,0.001639,172.31.46.0-255,66,114285,44,141231
36163,0.001644,172.217.194.0-255,4320,118605,44,141231
36164,0.001647,172.31.46.0-255,66,118671,44,141231
36165,0.00169,172.31.46.0-255,66,118737,44,141231
36166,0.001702,172.31.46.0-255,66,118803,44,141231
36167,0.001733,172.217.194.0-255,4320,123123,44,141231
36168,0.001735,172.31.46.0-255,66,123189,44,141231
36169,0.001761,172.217.194.0-255,2184,125373,44,141231
36170,0.001764,172.31.46.0-255,66,125439,44,141231
36171,0.001771,172.217.194.0-255,7156,132595,44,141231
36172,0.001774,172.31.46.0-255,66,132661,44,141231
36173,0.001814,172.31.46.0-255,66,132727,44,141231
36174,0.001817,172.217.194.0-255,97,132824,44,141231
36175,0.001819,172.217.194.0-255,105,132929,44,141231
36176,0.002411,172.31.46.0-255,101,133030,44,141231
36177,0.004384,172.217.194.0-255,66,133096,44,141231
36178,0.008229,172.31.46.0-255,105,133201,44,141231
36179,0.01018,172.217.194.0-255,66,133267,44,141231
36180,0.031472,172.31.46.0-255,172,133439,44,141231
36181,0.031507,172.31.46.0-255,1113,134552,44,141231
36182,0.031582,172.31.46.0-255,1514,136066,44,141231
36183,0.031584,172.31.46.0-255,1514,137580,44,141231
36184,0.031586,172.31.46.0-255,1514,139094,44,141231
36185,0.031587,172.31.46.0-255,1514,140608,44,141231
36186,0.031588,172.31.46.0-255,557,141165,44,141231
36187,0.033134,104.244.42.0-255,66,141231,44,141231
36188,0.0,74.125.24.0-255,153,153,44,316240
36189,1.5e-05,172.31.46.0-255,66,219,44,316240
36190,2.1e-05,74.125.24.0-255,1484,1703,44,316240
36191,2.5e-05,172.31.46.0-255,66,1769,44,316240
36192,3.1e-05,74.125.24.0-255,2902,4671,44,316240
36193,3.4e-05,172.31.46.0-255,66,4737,44,316240
36194,4.2e-05,74.125.24.0-255,7156,11893,44,316240
36195,4.4e-05,172.31.46.0-255,66,11959,44,316240
36196,6.6e-05,74.125.24.0-255,2118,14077,44,316240
36197,6.9e-05,172.31.46.0-255,66,14143,44,316240
36198,9.7e-05,74.125.24.0-255,2902,17045,44,316240
36199,9.9e-05,172.31.46.0-255,66,17111,44,316240
36200,0.000106,74.125.24.0-255,7156,24267,44,316240
36201,0.000108,172.31.46.0-255,66,24333,44,316240
36202,0.00014,74.125.24.0-255,6797,31130,44,316240
36203,0.000143,172.31.46.0-255,66,31196,44,316240
36204,0.000232,74.125.24.0-255,1484,32680,44,316240
36205,0.000235,172.31.46.0-255,66,32746,44,316240
36206,0.000241,74.125.24.0-255,2902,35648,44,316240
36207,0.000243,172.31.46.0-255,66,35714,44,316240
36208,0.000256,74.125.24.0-255,4320,40034,44,316240
36209,0.000258,172.31.46.0-255,66,40100,44,316240
36210,0.000299,172.31.46.0-255,66,40166,44,316240
36211,0.000304,74.125.24.0-255,2902,43068,44,316240
36212,0.000305,172.31.46.0-255,66,43134,44,316240
36213,0.000336,172.31.46.0-255,66,43200,44,316240
36214,0.000338,74.125.24.0-255,363,43563,44,316240
36215,0.00034,172.31.46.0-255,66,43629,44,316240
36216,0.000368,74.125.24.0-255,412,44041,44,316240
36217,0.00037,172.31.46.0-255,66,44107,44,316240
36218,0.000724,74.125.24.0-255,1484,45591,44,316240
36219,0.000728,74.125.24.0-255,1484,47075,44,316240
36220,0.000731,172.31.46.0-255,66,47141,44,316240
36221,0.000751,74.125.24.0-255,1484,48625,44,316240
36222,0.000757,74.125.24.0-255,4320,52945,44,316240
36223,0.000759,172.31.46.0-255,66,53011,44,316240
36224,0.000779,74.125.24.0-255,1484,54495,44,316240
36225,0.000785,74.125.24.0-255,7156,61651,44,316240
36226,0.000787,172.31.46.0-255,66,61717,44,316240
36227,0.00079,74.125.24.0-255,1484,63201,44,316240
36228,0.000811,172.31.46.0-255,66,63267,44,316240
36229,0.000828,74.125.24.0-255,4320,67587,44,316240
36230,0.000831,74.125.24.0-255,2184,69771,44,316240
36231,0.000835,172.31.46.0-255,66,69837,44,316240
36232,0.000838,172.31.46.0-255,66,69903,44,316240
36233,0.00094,74.125.24.0-255,1484,71387,44,316240
36234,0.000945,74.125.24.0-255,2902,74289,44,316240
36235,0.000948,172.31.46.0-255,66,74355,44,316240
36236,0.000967,74.125.24.0-255,2902,77257,44,316240
36237,0.000969,172.31.46.0-255,66,77323,44,316240
36238,0.000979,74.125.24.0-255,1484,78807,44,316240
36239,0.000984,74.125.24.0-255,4320,83127,44,316240
36240,0.000986,172.31.46.0-255,66,83193,44,316240
36241,0.000997,74.125.24.0-255,1484,84677,44,316240
36242,0.001021,172.31.46.0-255,66,84743,44,316240
36243,0.001027,74.125.24.0-255,5738,90481,44,316240
36244,0.001029,172.31.46.0-255,66,90547,44,316240
36245,0.001042,74.125.24.0-255,2184,92731,44,316240
36246,0.001044,172.31.46.0-255,66,92797,44,316240
36247,0.001073,74.125.24.0-255,1484,94281,44,316240
36248,0.001088,74.125.24.0-255,2902,97183,44,316240
36249,0.00109,172.31.46.0-255,66,97249,44,316240
36250,0.001119,74.125.24.0-255,4320,101569,44,316240
36251,0.001122,172.31.46.0-255,66,101635,44,316240
36252,0.001136,74.125.24.0-255,1484,103119,44,316240
36253,0.001149,172.31.46.0-255,66,103185,44,316240
36254,0.001156,74.125.24.0-255,7156,110341,44,316240
36255,0.001158,172.31.46.0-255,66,110407,44,316240
36256,0.001163,74.125.24.0-255,3602,114009,44,316240
36257,0.001165,172.31.46.0-255,66,114075,44,316240
36258,0.001257,74.125.24.0-255,1484,115559,44,316240
36259,0.001262,74.125.24.0-255,2902,118461,44,316240
36260,0.001265,172.31.46.0-255,66,118527,44,316240
36261,0.001283,74.125.24.0-255,4320,122847,44,316240
36262,0.001285,172.31.46.0-255,66,122913,44,316240
36263,0.001309,74.125.24.0-255,1484,124397,44,316240
36264,0.001316,74.125.24.0-255,7156,131553,44,316240
36265,0.001318,172.31.46.0-255,66,131619,44,316240
36266,0.001339,74.125.24.0-255,5738,137357,44,316240
36267,0.001341,172.31.46.0-255,66,137423,44,316240
36268,0.001347,74.125.24.0-255,4320,141743,44,316240
36269,0.001349,172.31.46.0-255,66,141809,44,316240
36270,0.001381,74.125.24.0-255,6438,148247,44,316240
36271,0.001384,172.31.46.0-255,66,148313,44,316240
36272,0.001733,74.125.24.0-255,1484,149797,44,316240
36273,0.001738,74.125.24.0-255,2902,152699,44,316240
36274,0.001741,172.31.46.0-255,66,152765,44,316240
36275,0.001757,74.125.24.0-255,1484,154249,44,316240
36276,0.001769,74.125.24.0-255,4320,158569,44,316240
36277,0.001772,172.31.46.0-255,66,158635,44,316240
36278,0.001795,74.125.24.0-255,5738,164373,44,316240
36279,0.001797,172.31.46.0-255,66,164439,44,316240
36280,0.001817,172.31.46.0-255,66,164505,44,316240
36281,0.001836,74.125.24.0-255,2902,167407,44,316240
36282,0.001838,172.31.46.0-255,66,167473,44,316240
36283,0.001844,74.125.24.0-255,5020,172493,44,316240
36284,0.001846,172.31.46.0-255,66,172559,44,316240
36285,0.001867,74.125.24.0-255,1484,174043,44,316240
36286,0.001889,74.125.24.0-255,2902,176945,44,316240
36287,0.001892,172.31.46.0-255,66,177011,44,316240
36288,0.001898,74.125.24.0-255,5738,182749,44,316240
36289,0.0019,172.31.46.0-255,66,182815,44,316240
36290,0.001943,172.31.46.0-255,66,182881,44,316240
36291,0.001953,172.31.46.0-255,66,182947,44,316240
36292,0.001955,74.125.24.0-255,766,183713,44,316240
36293,0.002652,172.31.46.0-255,66,183779,44,316240
36294,0.003922,74.125.24.0-255,4320,188099,44,316240
36295,0.003928,172.31.46.0-255,66,188165,44,316240
36296,0.004608,74.125.24.0-255,1484,189649,44,316240
36297,0.005896,74.125.24.0-255,4320,193969,44,316240
36298,0.005899,172.31.46.0-255,66,194035,44,316240
36299,0.007862,74.125.24.0-255,5738,199773,44,316240
36300,0.007868,172.31.46.0-255,66,199839,44,316240
36301,0.009836,74.125.24.0-255,5738,205577,44,316240
36302,0.009844,172.31.46.0-255,66,205643,44,316240
36303,0.01184,74.125.24.0-255,5738,211381,44,316240
36304,0.011849,172.31.46.0-255,66,211447,44,316240
36305,0.013845,74.125.24.0-255,5738,217185,44,316240
36306,0.013863,172.31.46.0-255,66,217251,44,316240
36307,0.015853,74.125.24.0-255,5738,222989,44,316240
36308,0.015863,172.31.46.0-255,66,223055,44,316240
36309,0.017842,74.125.24.0-255,5738,228793,44,316240
36310,0.01785,172.31.46.0-255,66,228859,44,316240
36311,0.019827,74.125.24.0-255,5738,234597,44,316240
36312,0.01984,172.31.46.0-255,66,234663,44,316240
36313,0.021868,74.125.24.0-255,5738,240401,44,316240
36314,0.021875,172.31.46.0-255,66,240467,44,316240
36315,0.023869,74.125.24.0-255,5738,246205,44,316240
36316,0.023879,172.31.46.0-255,66,246271,44,316240
36317,0.025874,74.125.24.0-255,5738,252009,44,316240
36318,0.025882,172.31.46.0-255,66,252075,44,316240
36319,0.027828,74.125.24.0-255,5738,257813,44,316240
36320,0.027835,172.31.46.0-255,66,257879,44,316240
36321,0.029809,74.125.24.0-255,5738,263617,44,316240
36322,0.029819,172.31.46.0-255,66,263683,44,316240
36323,0.031787,74.125.24.0-255,5738,269421,44,316240
36324,0.031798,172.31.46.0-255,66,269487,44,316240
36325,0.033771,74.125.24.0-255,5738,275225,44,316240
36326,0.033784,172.31.46.0-255,66,275291,44,316240
36327,0.035033,172.31.46.0-255,190,275481,44,316240
36328,0.035068,172.31.46.0-255,1114,276595,44,316240
36329,0.03513,172.31.46.0-255,1514,278109,44,316240
36330,0.035132,172.31.46.0-255,1514,279623,44,316240
36331,0.035137,172.31.46.0-255,1514,281137,44,316240
36332,0.035139,172.31.46.0-255,1514,282651,44,316240
36333,0.035158,172.31.46.0-255,1514,284165,44,316240
36334,0.035159,172.31.46.0-255,70,284235,44,316240
36335,0.035755,74.125.24.0-255,5738,289973,44,316240
36336,0.035762,172.31.46.0-255,66,290039,44,316240
36337,0.03656,104.244.42.0-255,66,290105,44,316240
36338,0.036602,104.244.42.0-255,66,290171,44,316240
36339,0.036684,104.244.42.0-255,66,290237,44,316240
36340,0.036691,104.244.42.0-255,66,290303,44,316240
36341,0.037755,74.125.24.0-255,5738,296041,44,316240
36342,0.037762,172.31.46.0-255,66,296107,44,316240
36343,0.039772,74.125.24.0-255,5738,301845,44,316240
36344,0.03978,172.31.46.0-255,66,301911,44,316240
36345,0.039904,172.31.46.0-255,101,302012,44,316240
36346,0.041762,74.125.24.0-255,5738,307750,44,316240
36347,0.041771,172.31.46.0-255,66,307816,44,316240
36348,0.041835,74.125.24.0-255,66,307882,44,316240
36349,0.043757,74.125.24.0-255,5738,313620,44,316240
36350,0.04377,172.31.46.0-255,66,313686,44,316240
36351,0.045756,74.125.24.0-255,2383,316069,44,316240
36352,0.045765,172.31.46.0-255,66,316135,44,316240
36353,0.04596,172.31.46.0-255,105,316240,44,316240
36354,0.0,74.125.24.0-255,146,146,44,227066
36355,2.1e-05,172.31.46.0-255,66,212,44,227066
36356,2.8e-05,74.125.24.0-255,1484,1696,44,227066
36357,3.2e-05,172.31.46.0-255,66,1762,44,227066
36358,3.5e-05,74.125.24.0-255,1484,3246,44,227066
36359,4.5e-05,172.31.46.0-255,66,3312,44,227066
36360,5.2e-05,74.125.24.0-255,4320,7632,44,227066
36361,5.5e-05,172.31.46.0-255,66,7698,44,227066
36362,7.6e-05,74.125.24.0-255,2902,10600,44,227066
36363,7.9e-05,172.31.46.0-255,66,10666,44,227066
36364,0.000108,172.31.46.0-255,66,10732,44,227066
36365,0.000123,172.31.46.0-255,66,10798,44,227066
36366,0.000126,74.125.24.0-255,1125,11923,44,227066
36367,0.000127,172.31.46.0-255,66,11989,44,227066
36368,0.000278,74.125.24.0-255,1484,13473,44,227066
36369,0.000282,172.31.46.0-255,66,13539,44,227066
36370,0.000288,74.125.24.0-255,2902,16441,44,227066
36371,0.00029,172.31.46.0-255,66,16507,44,227066
36372,0.000317,74.125.24.0-255,5738,22245,44,227066
36373,0.00032,172.31.46.0-255,66,22311,44,227066
36374,0.000323,74.125.24.0-255,1484,23795,44,227066
36375,0.000325,172.31.46.0-255,66,23861,44,227066
36376,0.000347,74.125.24.0-255,2902,26763,44,227066
36377,0.000349,172.31.46.0-255,66,26829,44,227066
36378,0.000353,74.125.24.0-255,2902,29731,44,227066
36379,0.000355,172.31.46.0-255,66,29797,44,227066
36380,0.000385,74.125.24.0-255,2543,32340,44,227066
36381,0.000387,172.31.46.0-255,66,32406,44,227066
36382,0.000393,74.125.24.0-255,5738,38144,44,227066
36383,0.000395,172.31.46.0-255,66,38210,44,227066
36384,0.000453,74.125.24.0-255,4320,42530,44,227066
36385,0.000456,172.31.46.0-255,66,42596,44,227066
36386,0.000479,74.125.24.0-255,4268,46864,44,227066
36387,0.000482,172.31.46.0-255,66,46930,44,227066
36388,0.000507,74.125.24.0-255,379,47309,44,227066
36389,0.000707,74.125.24.0-255,1484,48793,44,227066
36390,0.000712,74.125.24.0-255,2902,51695,44,227066
36391,0.000716,172.31.46.0-255,66,51761,44,227066
36392,0.00072,172.31.46.0-255,66,51827,44,227066
36393,0.000728,74.125.24.0-255,2902,54729,44,227066
36394,0.00073,172.31.46.0-255,66,54795,44,227066
36395,0.000759,74.125.24.0-255,7156,61951,44,227066
36396,0.000761,172.31.46.0-255,66,62017,44,227066
36397,0.00079,74.125.24.0-255,7156,69173,44,227066
36398,0.000792,172.31.46.0-255,66,69239,44,227066
36399,0.000816,74.125.24.0-255,5738,74977,44,227066
36400,0.000819,172.31.46.0-255,66,75043,44,227066
36401,0.000846,74.125.24.0-255,6438,81481,44,227066
36402,0.00085,172.31.46.0-255,66,81547,44,227066
36403,0.001026,74.125.24.0-255,1484,83031,44,227066
36404,0.001031,74.125.24.0-255,1484,84515,44,227066
36405,0.001034,172.31.46.0-255,66,84581,44,227066
36406,0.001048,74.125.24.0-255,1484,86065,44,227066
36407,0.001058,74.125.24.0-255,5738,91803,44,227066
36408,0.00106,172.31.46.0-255,66,91869,44,227066
36409,0.001095,172.31.46.0-255,66,91935,44,227066
36410,0.001102,74.125.24.0-255,7156,99091,44,227066
36411,0.001104,172.31.46.0-255,66,99157,44,227066
36412,0.001157,74.125.24.0-255,3602,102759,44,227066
36413,0.001159,172.31.46.0-255,66,102825,44,227066
36414,0.001412,74.125.24.0-255,1484,104309,44,227066
36415,0.001417,74.125.24.0-255,1484,105793,44,227066
36416,0.00142,172.31.46.0-255,66,105859,44,227066
36417,0.001446,74.125.24.0-255,1484,107343,44,227066
36418,0.001452,74.125.24.0-255,5738,113081,44,227066
36419,0.001454,172.31.46.0-255,66,113147,44,227066
36420,0.001463,74.125.24.0-255,1484,114631,44,227066
36421,0.001489,172.31.46.0-255,66,114697,44,227066
36422,0.001492,74.125.24.0-255,1484,116181,44,227066
36423,0.001513,74.125.24.0-255,2902,119083,44,227066
36424,0.001515,172.31.46.0-255,66,119149,44,227066
36425,0.001558,74.125.24.0-255,2902,122051,44,227066
36426,0.00156,172.31.46.0-255,66,122117,44,227066
36427,0.001589,74.125.24.0-255,6438,128555,44,227066
36428,0.001593,172.31.46.0-255,66,128621,44,227066
36429,0.001647,74.125.24.0-255,1484,130105,44,227066
36430,0.001668,74.125.24.0-255,2902,133007,44,227066
36431,0.001673,74.125.24.0-255,4320,137327,44,227066
36432,0.001676,172.31.46.0-255,66,137393,44,227066
36433,0.001687,172.31.46.0-255,66,137459,44,227066
36434,0.00169,74.125.24.0-255,1484,138943,44,227066
36435,0.001696,74.125.24.0-255,5738,144681,44,227066
36436,0.001701,172.31.46.0-255,66,144747,44,227066
36437,0.001729,74.125.24.0-255,1484,146231,44,227066
36438,0.001739,172.31.46.0-255,66,146297,44,227066
36439,0.001745,74.125.24.0-255,4320,150617,44,227066
36440,0.001746,172.31.46.0-255,66,150683,44,227066
36441,0.001796,74.125.24.0-255,3602,154285,44,227066
36442,0.001799,172.31.46.0-255,66,154351,44,227066
36443,0.001912,74.125.24.0-255,1484,155835,44,227066
36444,0.001927,74.125.24.0-255,2902,158737,44,227066
36445,0.00193,172.31.46.0-255,66,158803,44,227066
36446,0.001936,74.125.24.0-255,5738,164541,44,227066
36447,0.001938,172.31.46.0-255,66,164607,44,227066
36448,0.001959,74.125.24.0-255,7156,171763,44,227066
36449,0.001963,172.31.46.0-255,66,171829,44,227066
36450,0.001978,74.125.24.0-255,5738,177567,44,227066
36451,0.001984,172.31.46.0-255,66,177633,44,227066
36452,0.002015,172.31.46.0-255,66,177699,44,227066
36453,0.002018,74.125.24.0-255,2184,179883,44,227066
36454,0.00202,172.31.46.0-255,66,179949,44,227066
36455,0.002048,74.125.24.0-255,2902,182851,44,227066
36456,0.00205,172.31.46.0-255,66,182917,44,227066
36457,0.002054,74.125.24.0-255,2902,185819,44,227066
36458,0.002056,172.31.46.0-255,66,185885,44,227066
36459,0.002059,74.125.24.0-255,1484,187369,44,227066
36460,0.002084,74.125.24.0-255,5738,193107,44,227066
36461,0.002087,172.31.46.0-255,66,193173,44,227066
36462,0.002096,74.125.24.0-255,4320,197493,44,227066
36463,0.002099,172.31.46.0-255,66,197559,44,227066
36464,0.002139,172.31.46.0-255,66,197625,44,227066
36465,0.002144,74.125.24.0-255,5020,202645,44,227066
36466,0.002145,172.31.46.0-255,66,202711,44,227066
36467,0.002195,172.31.46.0-255,66,202777,44,227066
36468,0.002207,172.31.46.0-255,66,202843,44,227066
36469,0.002271,172.31.46.0-255,66,202909,44,227066
36470,0.002305,172.31.46.0-255,66,202975,44,227066
36471,0.002328,172.31.46.0-255,66,203041,44,227066
36472,0.002331,74.125.24.0-255,1484,204525,44,227066
36473,0.002395,172.31.46.0-255,66,204591,44,227066
36474,0.00471,74.125.24.0-255,5738,210329,44,227066
36475,0.004724,172.31.46.0-255,66,210395,44,227066
36476,0.007031,74.125.24.0-255,5738,216133,44,227066
36477,0.007043,172.31.46.0-255,66,216199,44,227066
36478,0.009339,74.125.24.0-255,1488,217687,44,227066
36479,0.009344,172.31.46.0-255,66,217753,44,227066
36480,0.00995,172.31.46.0-255,105,217858,44,227066
36481,0.012213,74.125.24.0-255,66,217924,44,227066
36482,0.03843,172.31.46.0-255,188,218112,44,227066
36483,0.038466,172.31.46.0-255,955,219067,44,227066
36484,0.038534,172.31.46.0-255,1514,220581,44,227066
36485,0.038535,172.31.46.0-255,1514,222095,44,227066
36486,0.038537,172.31.46.0-255,1514,223609,44,227066
36487,0.038538,172.31.46.0-255,1514,225123,44,227066
36488,0.03857,172.31.46.0-255,1514,226637,44,227066
36489,0.038572,172.31.46.0-255,231,226868,44,227066
36490,0.040218,104.244.42.0-255,66,226934,44,227066
36491,0.04025,104.244.42.0-255,66,227000,44,227066
36492,0.040269,104.244.42.0-255,66,227066,44,227066
36493,0.0,74.125.24.0-255,152,152,44,215680
36494,2.2e-05,172.31.46.0-255,66,218,44,215680
36495,2.9e-05,74.125.24.0-255,1484,1702,44,215680
36496,3.4e-05,172.31.46.0-255,66,1768,44,215680
36497,4e-05,74.125.24.0-255,2902,4670,44,215680
36498,4.3e-05,172.31.46.0-255,66,4736,44,215680
36499,5.1e-05,74.125.24.0-255,7156,11892,44,215680
36500,5.4e-05,172.31.46.0-255,66,11958,44,215680
36501,8.1e-05,74.125.24.0-255,2048,14006,44,215680
36502,8.4e-05,172.31.46.0-255,66,14072,44,215680
36503,0.000239,74.125.24.0-255,1484,15556,44,215680
36504,0.000244,172.31.46.0-255,66,15622,44,215680
36505,0.00025,74.125.24.0-255,2902,18524,44,215680
36506,0.000253,172.31.46.0-255,66,18590,44,215680
36507,0.000258,74.125.24.0-255,2902,21492,44,215680
36508,0.00026,172.31.46.0-255,66,21558,44,215680
36509,0.000279,74.125.24.0-255,2902,24460,44,215680
36510,0.000282,172.31.46.0-255,66,24526,44,215680
36511,0.000308,74.125.24.0-255,5738,30264,44,215680
36512,0.00031,172.31.46.0-255,66,30330,44,215680
36513,0.00034,172.31.46.0-255,66,30396,44,215680
36514,0.000368,172.31.46.0-255,66,30462,44,215680
36515,0.000385,74.125.24.0-255,1125,31587,44,215680
36516,0.000388,172.31.46.0-255,66,31653,44,215680
36517,0.000642,74.125.24.0-255,1484,33137,44,215680
36518,0.000647,172.31.46.0-255,66,33203,44,215680
36519,0.000653,74.125.24.0-255,2902,36105,44,215680
36520,0.000655,172.31.46.0-255,66,36171,44,215680
36521,0.000659,74.125.24.0-255,2902,39073,44,215680
36522,0.000661,172.31.46.0-255,66,39139,44,215680
36523,0.000686,74.125.24.0-255,2902,42041,44,215680
36524,0.000688,172.31.46.0-255,66,42107,44,215680
36525,0.000706,74.125.24.0-255,1484,43591,44,215680
36526,0.000723,74.125.24.0-255,5958,49549,44,215680
36527,0.000726,172.31.46.0-255,66,49615,44,215680
36528,0.000978,74.125.24.0-255,1484,51099,44,215680
36529,0.000988,74.125.24.0-255,2902,54001,44,215680
36530,0.000992,172.31.46.0-255,66,54067,44,215680
36531,0.000998,74.125.24.0-255,4320,58387,44,215680
36532,0.001001,172.31.46.0-255,66,58453,44,215680
36533,0.001013,74.125.24.0-255,1484,59937,44,215680
36534,0.00102,74.125.24.0-255,6797,66734,44,215680
36535,0.001023,172.31.46.0-255,66,66800,44,215680
36536,0.001047,74.125.24.0-255,2902,69702,44,215680
36537,0.001049,172.31.46.0-255,66,69768,44,215680
36538,0.001086,172.31.46.0-255,66,69834,44,215680
36539,0.001091,74.125.24.0-255,2543,72377,44,215680
36540,0.001093,172.31.46.0-255,66,72443,44,215680
36541,0.00212,74.125.24.0-255,1484,73927,44,215680
36542,0.003124,74.125.24.0-255,1484,75411,44,215680
36543,0.003129,172.31.46.0-255,66,75477,44,215680
36544,0.00315,74.125.24.0-255,2902,78379,44,215680
36545,0.003152,172.31.46.0-255,66,78445,44,215680
36546,0.005178,74.125.24.0-255,2902,81347,44,215680
36547,0.005191,172.31.46.0-255,66,81413,44,215680
36548,0.005204,74.125.24.0-255,2902,84315,44,215680
36549,0.005207,172.31.46.0-255,66,84381,44,215680
36550,0.007261,74.125.24.0-255,5738,90119,44,215680
36551,0.007268,172.31.46.0-255,66,90185,44,215680
36552,0.009308,74.125.24.0-255,5738,95923,44,215680
36553,0.009316,172.31.46.0-255,66,95989,44,215680
36554,0.01137,74.125.24.0-255,5738,101727,44,215680
36555,0.011378,172.31.46.0-255,66,101793,44,215680
36556,0.013452,74.125.24.0-255,5738,107531,44,215680
36557,0.013459,172.31.46.0-255,66,107597,44,215680
36558,0.015545,74.125.24.0-255,5738,113335,44,215680
36559,0.015555,172.31.46.0-255,66,113401,44,215680
36560,0.015639,172.31.46.0-255,101,113502,44,215680
36561,0.017621,74.125.24.0-255,5738,119240,44,215680
36562,0.017628,172.31.46.0-255,66,119306,44,215680
36563,0.017669,74.125.24.0-255,66,119372,44,215680
36564,0.019674,74.125.24.0-255,5738,125110,44,215680
36565,0.019683,172.31.46.0-255,66,125176,44,215680
36566,0.021728,74.125.24.0-255,5738,130914,44,215680
36567,0.021736,172.31.46.0-255,66,130980,44,215680
36568,0.023801,74.125.24.0-255,5738,136718,44,215680
36569,0.023809,172.31.46.0-255,66,136784,44,215680
36570,0.025879,74.125.24.0-255,5738,142522,44,215680
36571,0.025886,172.31.46.0-255,66,142588,44,215680
36572,0.027937,74.125.24.0-255,5738,148326,44,215680
36573,0.027945,172.31.46.0-255,66,148392,44,215680
36574,0.030007,74.125.24.0-255,5738,154130,44,215680
36575,0.030015,172.31.46.0-255,66,154196,44,215680
36576,0.030751,172.31.46.0-255,188,154384,44,215680
36577,0.03084,172.31.46.0-255,1514,155898,44,215680
36578,0.030841,172.31.46.0-255,1514,157412,44,215680
36579,0.030843,172.31.46.0-255,1514,158926,44,215680
36580,0.030844,172.31.46.0-255,1514,160440,44,215680
36581,0.030909,172.31.46.0-255,1514,161954,44,215680
36582,0.030911,172.31.46.0-255,1118,163072,44,215680
36583,0.03207,74.125.24.0-255,5738,168810,44,215680
36584,0.032079,172.31.46.0-255,66,168876,44,215680
36585,0.03242,104.244.42.0-255,66,168942,44,215680
36586,0.032465,104.244.42.0-255,66,169008,44,215680
36587,0.032471,104.244.42.0-255,66,169074,44,215680
36588,0.033249,104.244.42.0-255,108,169182,44,215680
36589,0.033259,172.31.46.0-255,66,169248,44,215680
36590,0.034155,74.125.24.0-255,5738,174986,44,215680
36591,0.034162,172.31.46.0-255,66,175052,44,215680
36592,0.036253,74.125.24.0-255,5738,180790,44,215680
36593,0.03626,172.31.46.0-255,66,180856,44,215680
36594,0.038336,74.125.24.0-255,5738,186594,44,215680
36595,0.038342,172.31.46.0-255,66,186660,44,215680
36596,0.040391,74.125.24.0-255,5738,192398,44,215680
36597,0.040401,172.31.46.0-255,66,192464,44,215680
36598,0.042451,74.125.24.0-255,5738,198202,44,215680
36599,0.042457,172.31.46.0-255,66,198268,44,215680
36600,0.044508,74.125.24.0-255,5738,204006,44,215680
36601,0.044516,172.31.46.0-255,66,204072,44,215680
36602,0.046597,74.125.24.0-255,5738,209810,44,215680
36603,0.046604,172.31.46.0-255,66,209876,44,215680
36604,0.048682,74.125.24.0-255,5738,215614,44,215680
36605,0.048689,172.31.46.0-255,66,215680,44,215680
36606,0.0,74.125.24.0-255,167,167,44,235768
36607,1.7e-05,172.31.46.0-255,66,233,44,235768
36608,2.4e-05,74.125.24.0-255,1484,1717,44,235768
36609,2.8e-05,172.31.46.0-255,66,1783,44,235768
36610,3.4e-05,74.125.24.0-255,2902,4685,44,235768
36611,3.8e-05,172.31.46.0-255,66,4751,44,235768
36612,4.5e-05,74.125.24.0-255,7156,11907,44,235768
36613,4.9e-05,172.31.46.0-255,66,11973,44,235768
36614,5.2e-05,74.125.24.0-255,1484,13457,44,235768
36615,5.4e-05,172.31.46.0-255,66,13523,44,235768
36616,7.9e-05,74.125.24.0-255,664,14187,44,235768
36617,8.2e-05,172.31.46.0-255,66,14253,44,235768
36618,0.000137,74.125.24.0-255,1484,15737,44,235768
36619,0.00014,172.31.46.0-255,66,15803,44,235768
36620,0.000145,74.125.24.0-255,2902,18705,44,235768
36621,0.000147,172.31.46.0-255,66,18771,44,235768
36622,0.000158,74.125.24.0-255,1484,20255,44,235768
36623,0.00016,172.31.46.0-255,66,20321,44,235768
36624,0.000173,74.125.24.0-255,4320,24641,44,235768
36625,0.000175,172.31.46.0-255,66,24707,44,235768
36626,0.000178,74.125.24.0-255,1484,26191,44,235768
36627,0.000179,172.31.46.0-255,66,26257,44,235768
36628,0.000211,74.125.24.0-255,6797,33054,44,235768
36629,0.000214,172.31.46.0-255,66,33120,44,235768
36630,0.000223,172.31.46.0-255,66,33186,44,235768
36631,0.000227,74.125.24.0-255,2902,36088,44,235768
36632,0.000229,172.31.46.0-255,66,36154,44,235768
36633,0.000268,172.31.46.0-255,66,36220,44,235768
36634,0.000274,74.125.24.0-255,5353,41573,44,235768
36635,0.000276,172.31.46.0-255,66,41639,44,235768
36636,0.001053,74.125.24.0-255,111,41750,44,235768
36637,0.001228,74.125.24.0-255,1484,43234,44,235768
36638,0.001233,172.31.46.0-255,66,43300,44,235768
36639,0.001239,74.125.24.0-255,2902,46202,44,235768
36640,0.001241,172.31.46.0-255,66,46268,44,235768
36641,0.001245,74.125.24.0-255,2902,49170,44,235768
36642,0.001247,172.31.46.0-255,66,49236,44,235768
36643,0.001272,74.125.24.0-255,2902,52138,44,235768
36644,0.001274,172.31.46.0-255,66,52204,44,235768
36645,0.001278,74.125.24.0-255,2902,55106,44,235768
36646,0.00128,172.31.46.0-255,66,55172,44,235768
36647,0.001284,74.125.24.0-255,2902,58074,44,235768
36648,0.001286,172.31.46.0-255,66,58140,44,235768
36649,0.001312,172.31.46.0-255,66,58206,44,235768
36650,0.001316,74.125.24.0-255,2902,61108,44,235768
36651,0.001318,172.31.46.0-255,66,61174,44,235768
36652,0.001336,74.125.24.0-255,3602,64776,44,235768
36653,0.001338,172.31.46.0-255,66,64842,44,235768
36654,0.001869,74.125.24.0-255,1484,66326,44,235768
36655,0.001878,74.125.24.0-255,2902,69228,44,235768
36656,0.001881,172.31.46.0-255,66,69294,44,235768
36657,0.001887,74.125.24.0-255,2902,72196,44,235768
36658,0.001888,172.31.46.0-255,66,72262,44,235768
36659,0.001902,74.125.24.0-255,2902,75164,44,235768
36660,0.001904,172.31.46.0-255,66,75230,44,235768
36661,0.00194,74.125.24.0-255,7156,82386,44,235768
36662,0.001942,172.31.46.0-255,66,82452,44,235768
36663,0.001962,74.125.24.0-255,5738,88190,44,235768
36664,0.001964,172.31.46.0-255,66,88256,44,235768
36665,0.001973,172.31.46.0-255,66,88322,44,235768
36666,0.001977,74.125.24.0-255,2184,90506,44,235768
36667,0.001979,172.31.46.0-255,66,90572,44,235768
36668,0.001983,74.125.24.0-255,2902,93474,44,235768
36669,0.001985,172.31.46.0-255,66,93540,44,235768
36670,0.001989,74.125.24.0-255,2902,96442,44,235768
36671,0.00199,172.31.46.0-255,66,96508,44,235768
36672,0.00201,74.125.24.0-255,4320,100828,44,235768
36673,0.002012,172.31.46.0-255,66,100894,44,235768
36674,0.002015,74.125.24.0-255,2902,103796,44,235768
36675,0.002017,172.31.46.0-255,66,103862,44,235768
36676,0.002051,172.31.46.0-255,66,103928,44,235768
36677,0.002058,74.125.24.0-255,6438,110366,44,235768
36678,0.00206,172.31.46.0-255,66,110432,44,235768
36679,0.002341,74.125.24.0-255,1484,111916,44,235768
36680,0.004378,74.125.24.0-255,4320,116236,44,235768
36681,0.004381,172.31.46.0-255,66,116302,44,235768
36682,0.006694,74.125.24.0-255,5738,122040,44,235768
36683,0.006701,172.31.46.0-255,66,122106,44,235768
36684,0.009054,74.125.24.0-255,5738,127844,44,235768
36685,0.009062,172.31.46.0-255,66,127910,44,235768
36686,0.011381,74.125.24.0-255,5738,133648,44,235768
36687,0.011388,172.31.46.0-255,66,133714,44,235768
36688,0.013709,74.125.24.0-255,5738,139452,44,235768
36689,0.013717,172.31.46.0-255,66,139518,44,235768
36690,0.016059,74.125.24.0-255,5738,145256,44,235768
36691,0.01607,172.31.46.0-255,66,145322,44,235768
36692,0.018421,74.125.24.0-255,5738,151060,44,235768
36693,0.01843,172.31.46.0-255,66,151126,44,235768
36694,0.020775,74.125.24.0-255,5738,156864,44,235768
36695,0.020783,172.31.46.0-255,66,156930,44,235768
36696,0.023116,74.125.24.0-255,5738,162668,44,235768
36697,0.023124,172.31.46.0-255,66,162734,44,235768
36698,0.025453,74.125.24.0-255,5738,168472,44,235768
36699,0.025461,172.31.46.0-255,66,168538,44,235768
36700,0.027815,74.125.24.0-255,5738,174276,44,235768
36701,0.027823,172.31.46.0-255,66,174342,44,235768
36702,0.030184,74.125.24.0-255,5738,180080,44,235768
36703,0.030194,172.31.46.0-255,66,180146,44,235768
36704,0.032533,74.125.24.0-255,5738,185884,44,235768
36705,0.03255,172.31.46.0-255,66,185950,44,235768
36706,0.034874,74.125.24.0-255,5738,191688,44,235768
36707,0.034885,172.31.46.0-255,66,191754,44,235768
36708,0.035528,172.31.46.0-255,172,191926,44,235768
36709,0.035565,172.31.46.0-255,1114,193040,44,235768
36710,0.035638,172.31.46.0-255,1514,194554,44,235768
36711,0.03564,172.31.46.0-255,1514,196068,44,235768
36712,0.035644,172.31.46.0-255,1514,197582,44,235768
36713,0.035646,172.31.46.0-255,1514,199096,44,235768
36714,0.035664,172.31.46.0-255,1514,200610,44,235768
36715,0.035666,172.31.46.0-255,70,200680,44,235768
36716,0.037081,104.244.42.0-255,66,200746,44,235768
36717,0.037129,104.244.42.0-255,66,200812,44,235768
36718,0.037234,74.125.24.0-255,5738,206550,44,235768
36719,0.037242,172.31.46.0-255,66,206616,44,235768
36720,0.037253,104.244.42.0-255,66,206682,44,235768
36721,0.037264,104.244.42.0-255,66,206748,44,235768
36722,0.039614,74.125.24.0-255,5738,212486,44,235768
36723,0.039629,172.31.46.0-255,66,212552,44,235768
36724,0.041979,74.125.24.0-255,5738,218290,44,235768
36725,0.041988,172.31.46.0-255,66,218356,44,235768
36726,0.044346,74.125.24.0-255,5738,224094,44,235768
36727,0.044353,172.31.46.0-255,66,224160,44,235768
36728,0.046714,74.125.24.0-255,5738,229898,44,235768
36729,0.046722,172.31.46.0-255,66,229964,44,235768
36730,0.049067,74.125.24.0-255,5738,235702,44,235768
36731,0.049074,172.31.46.0-255,66,235768,44,235768
36732,0.0,172.217.194.0-255,148,148,44,257340
36733,2.3e-05,172.31.46.0-255,66,214,44,257340
36734,3e-05,172.217.194.0-255,1484,1698,44,257340
36735,3.3e-05,172.31.46.0-255,66,1764,44,257340
36736,3.8e-05,172.217.194.0-255,2902,4666,44,257340
36737,4.2e-05,172.31.46.0-255,66,4732,44,257340
36738,5.5e-05,172.217.194.0-255,7156,11888,44,257340
36739,5.9e-05,172.31.46.0-255,66,11954,44,257340
36740,6.3e-05,172.217.194.0-255,2043,13997,44,257340
36741,6.6e-05,172.31.46.0-255,66,14063,44,257340
36742,0.000107,172.217.194.0-255,2902,16965,44,257340
36743,0.00011,172.31.46.0-255,66,17031,44,257340
36744,0.000114,172.217.194.0-255,4320,21351,44,257340
36745,0.000116,172.31.46.0-255,66,21417,44,257340
36746,0.000175,172.31.46.0-255,66,21483,44,257340
36747,0.000178,172.217.194.0-255,1125,22608,44,257340
36748,0.00018,172.31.46.0-255,66,22674,44,257340
36749,0.000254,172.217.194.0-255,1484,24158,44,257340
36750,0.000257,172.31.46.0-255,66,24224,44,257340
36751,0.000262,172.217.194.0-255,2902,27126,44,257340
36752,0.000264,172.31.46.0-255,66,27192,44,257340
36753,0.000267,172.217.194.0-255,1484,28676,44,257340
36754,0.000269,172.31.46.0-255,66,28742,44,257340
36755,0.000286,172.217.194.0-255,4320,33062,44,257340
36756,0.000288,172.31.46.0-255,66,33128,44,257340
36757,0.000319,172.217.194.0-255,7156,40284,44,257340
36758,0.000321,172.31.46.0-255,66,40350,44,257340
36759,0.000351,172.217.194.0-255,6797,47147,44,257340
36760,0.000354,172.31.46.0-255,66,47213,44,257340
36761,0.000357,172.217.194.0-255,1484,48697,44,257340
36762,0.000359,172.31.46.0-255,66,48763,44,257340
36763,0.000392,172.217.194.0-255,386,49149,44,257340
36764,0.000561,172.31.46.0-255,66,49215,44,257340
36765,0.000625,172.217.194.0-255,1484,50699,44,257340
36766,0.000629,172.217.194.0-255,1484,52183,44,257340
36767,0.000644,172.217.194.0-255,1484,53667,44,257340
36768,0.000646,172.217.194.0-255,1484,55151,44,257340
36769,0.00065,172.31.46.0-255,66,55217,44,257340
36770,0.000655,172.31.46.0-255,66,55283,44,257340
36771,0.000662,172.217.194.0-255,1484,56767,44,257340
36772,0.00069,172.217.194.0-255,2902,59669,44,257340
36773,0.000706,172.31.46.0-255,66,59735,44,257340
36774,0.000731,172.217.194.0-255,4320,64055,44,257340
36775,0.000742,172.31.46.0-255,66,64121,44,257340
36776,0.000787,172.31.46.0-255,66,64187,44,257340
36777,0.001675,172.217.194.0-255,1484,65671,44,257340
36778,0.001685,172.217.194.0-255,2902,68573,44,257340
36779,0.00169,172.31.46.0-255,66,68639,44,257340
36780,0.001723,172.217.194.0-255,5738,74377,44,257340
36781,0.001728,172.217.194.0-255,4320,78697,44,257340
36782,0.001745,172.217.194.0-255,4320,83017,44,257340
36783,0.001768,172.217.194.0-255,7156,90173,44,257340
36784,0.001774,172.217.194.0-255,4320,94493,44,257340
36785,0.001792,172.217.194.0-255,3602,98095,44,257340
36786,0.001831,172.217.194.0-255,1484,99579,44,257340
36787,0.001836,172.217.194.0-255,2902,102481,44,257340
36788,0.001864,172.217.194.0-255,1484,103965,44,257340
36789,0.001888,172.217.194.0-255,4320,108285,44,257340
36790,0.001893,172.217.194.0-255,4320,112605,44,257340
36791,0.001901,172.217.194.0-255,7156,119761,44,257340
36792,0.001918,172.217.194.0-255,4320,124081,44,257340
36793,0.001964,172.217.194.0-255,3602,127683,44,257340
36794,0.002,172.217.194.0-255,4320,132003,44,257340
36795,0.006436,172.31.46.0-255,66,132069,44,257340
36796,0.008629,172.217.194.0-255,5738,137807,44,257340
36797,0.008642,172.31.46.0-255,66,137873,44,257340
36798,0.010754,172.217.194.0-255,5738,143611,44,257340
36799,0.010767,172.31.46.0-255,66,143677,44,257340
36800,0.012889,172.217.194.0-255,5738,149415,44,257340
36801,0.012904,172.31.46.0-255,66,149481,44,257340
36802,0.015021,172.217.194.0-255,5738,155219,44,257340
36803,0.015034,172.31.46.0-255,66,155285,44,257340
36804,0.01717,172.217.194.0-255,5738,161023,44,257340
36805,0.017185,172.31.46.0-255,66,161089,44,257340
36806,0.019301,172.217.194.0-255,5738,166827,44,257340
36807,0.019318,172.31.46.0-255,66,166893,44,257340
36808,0.021457,172.217.194.0-255,5738,172631,44,257340
36809,0.021468,172.31.46.0-255,66,172697,44,257340
36810,0.023568,172.217.194.0-255,5738,178435,44,257340
36811,0.023583,172.31.46.0-255,66,178501,44,257340
36812,0.025693,172.217.194.0-255,5738,184239,44,257340
36813,0.025707,172.31.46.0-255,66,184305,44,257340
36814,0.027846,172.217.194.0-255,5738,190043,44,257340
36815,0.027863,172.31.46.0-255,66,190109,44,257340
36816,0.029985,172.217.194.0-255,5738,195847,44,257340
36817,0.030002,172.31.46.0-255,66,195913,44,257340
36818,0.03212,172.217.194.0-255,5738,201651,44,257340
36819,0.032134,172.31.46.0-255,66,201717,44,257340
36820,0.034254,172.217.194.0-255,5738,207455,44,257340
36821,0.034267,172.31.46.0-255,66,207521,44,257340
36822,0.036404,172.217.194.0-255,5738,213259,44,257340
36823,0.036417,172.31.46.0-255,66,213325,44,257340
36824,0.038514,172.217.194.0-255,5738,219063,44,257340
36825,0.03855,172.31.46.0-255,66,219129,44,257340
36826,0.040702,172.217.194.0-255,5738,224867,44,257340
36827,0.040719,172.31.46.0-255,66,224933,44,257340
36828,0.04286,172.217.194.0-255,5738,230671,44,257340
36829,0.042874,172.31.46.0-255,66,230737,44,257340
36830,0.043631,172.31.46.0-255,172,230909,44,257340
36831,0.043661,172.31.46.0-255,1114,232023,44,257340
36832,0.043741,172.31.46.0-255,1514,233537,44,257340
36833,0.043743,172.31.46.0-255,1514,235051,44,257340
36834,0.043748,172.31.46.0-255,1514,236565,44,257340
36835,0.043749,172.31.46.0-255,1514,238079,44,257340
36836,0.043773,172.31.46.0-255,1514,239593,44,257340
36837,0.043774,172.31.46.0-255,71,239664,44,257340
36838,0.045025,172.217.194.0-255,5738,245402,44,257340
36839,0.045036,172.31.46.0-255,66,245468,44,257340
36840,0.045207,104.244.42.0-255,66,245534,44,257340
36841,0.045215,104.244.42.0-255,66,245600,44,257340
36842,0.045314,104.244.42.0-255,66,245666,44,257340
36843,0.045356,104.244.42.0-255,66,245732,44,257340
36844,0.047193,172.217.194.0-255,5738,251470,44,257340
36845,0.047212,172.31.46.0-255,66,251536,44,257340
36846,0.049312,172.217.194.0-255,5738,257274,44,257340
36847,0.049322,172.31.46.0-255,66,257340,44,257340
36848,0.0,172.217.194.0-255,290,290,44,164325
36849,3.9e-05,172.31.46.0-255,66,356,44,164325
36850,4.5e-05,172.217.194.0-255,1484,1840,44,164325
36851,4.9e-05,172.31.46.0-255,66,1906,44,164325
36852,5.7e-05,172.217.194.0-255,4320,6226,44,164325
36853,6.7e-05,172.31.46.0-255,66,6292,44,164325
36854,7.8e-05,172.31.46.0-255,66,6358,44,164325
36855,9e-05,172.31.46.0-255,66,6424,44,164325
36856,0.00013,172.217.194.0-255,4320,10744,44,164325
36857,0.000133,172.31.46.0-255,66,10810,44,164325
36858,0.000136,172.217.194.0-255,1125,11935,44,164325
36859,0.000138,172.31.46.0-255,66,12001,44,164325
36860,0.00102,172.217.194.0-255,1484,13485,44,164325
36861,0.001033,172.31.46.0-255,66,13551,44,164325
36862,0.001069,172.217.194.0-255,2902,16453,44,164325
36863,0.001073,172.31.46.0-255,66,16519,44,164325
36864,0.001079,172.217.194.0-255,4320,20839,44,164325
36865,0.001082,172.31.46.0-255,66,20905,44,164325
36866,0.001089,172.217.194.0-255,5738,26643,44,164325
36867,0.001091,172.31.46.0-255,66,26709,44,164325
36868,0.001105,172.31.46.0-255,66,26775,44,164325
36869,0.001119,172.31.46.0-255,66,26841,44,164325
36870,0.001122,172.217.194.0-255,340,27181,44,164325
36871,0.001124,172.31.46.0-255,66,27247,44,164325
36872,0.00169,172.217.194.0-255,1484,28731,44,164325
36873,0.001698,172.31.46.0-255,66,28797,44,164325
36874,0.001704,172.217.194.0-255,2902,31699,44,164325
36875,0.001706,172.31.46.0-255,66,31765,44,164325
36876,0.001711,172.217.194.0-255,4320,36085,44,164325
36877,0.00172,172.31.46.0-255,66,36151,44,164325
36878,0.00173,172.31.46.0-255,66,36217,44,164325
36879,0.002328,172.217.194.0-255,1484,37701,44,164325
36880,0.002334,172.217.194.0-255,2902,40603,44,164325
36881,0.002344,172.31.46.0-255,66,40669,44,164325
36882,0.002362,172.217.194.0-255,5738,46407,44,164325
36883,0.002365,172.31.46.0-255,66,46473,44,164325
36884,0.002372,172.217.194.0-255,7156,53629,44,164325
36885,0.002374,172.31.46.0-255,66,53695,44,164325
36886,0.002377,172.217.194.0-255,1484,55179,44,164325
36887,0.002412,172.31.46.0-255,66,55245,44,164325
36888,0.002415,172.217.194.0-255,2184,57429,44,164325
36889,0.002417,172.31.46.0-255,66,57495,44,164325
36890,0.005007,172.217.194.0-255,5738,63233,44,164325
36891,0.005022,172.31.46.0-255,66,63299,44,164325
36892,0.007789,172.217.194.0-255,5738,69037,44,164325
36893,0.007802,172.31.46.0-255,66,69103,44,164325
36894,0.010413,172.217.194.0-255,5738,74841,44,164325
36895,0.010427,172.31.46.0-255,66,74907,44,164325
36896,0.012996,172.217.194.0-255,5738,80645,44,164325
36897,0.013007,172.31.46.0-255,66,80711,44,164325
36898,0.015596,172.217.194.0-255,5738,86449,44,164325
36899,0.015606,172.31.46.0-255,66,86515,44,164325
36900,0.018245,172.217.194.0-255,5738,92253,44,164325
36901,0.018265,172.31.46.0-255,66,92319,44,164325
36902,0.020891,172.217.194.0-255,5738,98057,44,164325
36903,0.02091,172.31.46.0-255,66,98123,44,164325
36904,0.023836,172.217.194.0-255,5738,103861,44,164325
36905,0.023854,172.31.46.0-255,66,103927,44,164325
36906,0.026476,172.217.194.0-255,5738,109665,44,164325
36907,0.026493,172.31.46.0-255,66,109731,44,164325
36908,0.029111,172.217.194.0-255,5738,115469,44,164325
36909,0.029123,172.31.46.0-255,66,115535,44,164325
36910,0.031775,172.217.194.0-255,5738,121273,44,164325
36911,0.031794,172.31.46.0-255,66,121339,44,164325
36912,0.033309,172.31.46.0-255,172,121511,44,164325
36913,0.033347,172.31.46.0-255,1113,122624,44,164325
36914,0.033433,172.31.46.0-255,1514,124138,44,164325
36915,0.033435,172.31.46.0-255,1514,125652,44,164325
36916,0.033436,172.31.46.0-255,1514,127166,44,164325
36917,0.033437,172.31.46.0-255,1514,128680,44,164325
36918,0.033439,172.31.46.0-255,557,129237,44,164325
36919,0.03439,172.217.194.0-255,5738,134975,44,164325
36920,0.034401,172.31.46.0-255,66,135041,44,164325
36921,0.034855,104.244.42.0-255,66,135107,44,164325
36922,0.034877,104.244.42.0-255,66,135173,44,164325
36923,0.034992,104.244.42.0-255,66,135239,44,164325
36924,0.034996,104.244.42.0-255,66,135305,44,164325
36925,0.037003,172.217.194.0-255,5738,141043,44,164325
36926,0.037013,172.31.46.0-255,66,141109,44,164325
36927,0.039589,172.217.194.0-255,5738,146847,44,164325
36928,0.039605,172.31.46.0-255,66,146913,44,164325
36929,0.042184,172.217.194.0-255,5738,152651,44,164325
36930,0.042201,172.31.46.0-255,66,152717,44,164325
36931,0.044841,172.217.194.0-255,5738,158455,44,164325
36932,0.044858,172.31.46.0-255,66,158521,44,164325
36933,0.047491,172.217.194.0-255,5738,164259,44,164325
36934,0.047508,172.31.46.0-255,66,164325,44,164325
36935,0.0,74.125.24.0-255,153,153,44,177152
36936,2.3e-05,172.31.46.0-255,66,219,44,177152
36937,3e-05,74.125.24.0-255,1484,1703,44,177152
36938,3.5e-05,172.31.46.0-255,66,1769,44,177152
36939,4e-05,74.125.24.0-255,2902,4671,44,177152
36940,4.3e-05,172.31.46.0-255,66,4737,44,177152
36941,5e-05,74.125.24.0-255,4320,9057,44,177152
36942,5.3e-05,172.31.46.0-255,66,9123,44,177152
36943,8.3e-05,74.125.24.0-255,2902,12025,44,177152
36944,8.7e-05,172.31.46.0-255,66,12091,44,177152
36945,9.2e-05,74.125.24.0-255,1973,14064,44,177152
36946,9.5e-05,172.31.46.0-255,66,14130,44,177152
36947,0.00125,74.125.24.0-255,1484,15614,44,177152
36948,0.001258,172.31.46.0-255,66,15680,44,177152
36949,0.001278,74.125.24.0-255,2902,18582,44,177152
36950,0.001281,172.31.46.0-255,66,18648,44,177152
36951,0.001289,74.125.24.0-255,5738,24386,44,177152
36952,0.001291,172.31.46.0-255,66,24452,44,177152
36953,0.001312,74.125.24.0-255,6797,31249,44,177152
36954,0.001315,172.31.46.0-255,66,31315,44,177152
36955,0.001355,172.31.46.0-255,66,31381,44,177152
36956,0.001362,74.125.24.0-255,5738,37119,44,177152
36957,0.001365,172.31.46.0-255,66,37185,44,177152
36958,0.001384,172.31.46.0-255,66,37251,44,177152
36959,0.00141,74.125.24.0-255,5020,42271,44,177152
36960,0.001413,172.31.46.0-255,66,42337,44,177152
36961,0.001775,74.125.24.0-255,368,42705,44,177152
36962,0.001778,172.31.46.0-255,66,42771,44,177152
36963,0.001808,74.125.24.0-255,126,42897,44,177152
36964,0.001811,172.31.46.0-255,66,42963,44,177152
36965,0.002284,74.125.24.0-255,1484,44447,44,177152
36966,0.003662,74.125.24.0-255,1484,45931,44,177152
36967,0.003669,172.31.46.0-255,66,45997,44,177152
36968,0.004092,74.125.24.0-255,2902,48899,44,177152
36969,0.004099,172.31.46.0-255,66,48965,44,177152
36970,0.005934,74.125.24.0-255,2902,51867,44,177152
36971,0.005942,172.31.46.0-255,66,51933,44,177152
36972,0.006416,74.125.24.0-255,2902,54835,44,177152
36973,0.006424,172.31.46.0-255,66,54901,44,177152
36974,0.008284,74.125.24.0-255,2902,57803,44,177152
36975,0.008291,172.31.46.0-255,66,57869,44,177152
36976,0.008678,74.125.24.0-255,2902,60771,44,177152
36977,0.008685,172.31.46.0-255,66,60837,44,177152
36978,0.010575,74.125.24.0-255,2902,63739,44,177152
36979,0.010583,172.31.46.0-255,66,63805,44,177152
36980,0.010985,74.125.24.0-255,2902,66707,44,177152
36981,0.010991,172.31.46.0-255,66,66773,44,177152
36982,0.012881,74.125.24.0-255,2902,69675,44,177152
36983,0.012888,172.31.46.0-255,66,69741,44,177152
36984,0.013283,74.125.24.0-255,2902,72643,44,177152
36985,0.013289,172.31.46.0-255,66,72709,44,177152
36986,0.015159,74.125.24.0-255,2902,75611,44,177152
36987,0.015166,172.31.46.0-255,66,75677,44,177152
36988,0.015556,74.125.24.0-255,2902,78579,44,177152
36989,0.01556,172.31.46.0-255,66,78645,44,177152
36990,0.01745,74.125.24.0-255,2902,81547,44,177152
36991,0.017457,172.31.46.0-255,66,81613,44,177152
36992,0.017878,74.125.24.0-255,2902,84515,44,177152
36993,0.017885,172.31.46.0-255,66,84581,44,177152
36994,0.019753,74.125.24.0-255,2902,87483,44,177152
36995,0.019761,172.31.46.0-255,66,87549,44,177152
36996,0.020197,74.125.24.0-255,2902,90451,44,177152
36997,0.020203,172.31.46.0-255,66,90517,44,177152
36998,0.022051,74.125.24.0-255,2902,93419,44,177152
36999,0.022063,172.31.46.0-255,66,93485,44,177152
37000,0.022459,74.125.24.0-255,2902,96387,44,177152
37001,0.022466,172.31.46.0-255,66,96453,44,177152
37002,0.024008,172.31.46.0-255,105,96558,44,177152
37003,0.024339,74.125.24.0-255,2902,99460,44,177152
37004,0.024346,172.31.46.0-255,66,99526,44,177152
37005,0.02473,74.125.24.0-255,2902,102428,44,177152
37006,0.024737,172.31.46.0-255,66,102494,44,177152
37007,0.025785,157.240.13.0-255,105,102599,44,177152
37008,0.025795,172.31.46.0-255,66,102665,44,177152
37009,0.026598,74.125.24.0-255,2902,105567,44,177152
37010,0.026604,172.31.46.0-255,66,105633,44,177152
37011,0.027038,74.125.24.0-255,2902,108535,44,177152
37012,0.027044,172.31.46.0-255,66,108601,44,177152
37013,0.028879,74.125.24.0-255,2902,111503,44,177152
37014,0.028886,172.31.46.0-255,66,111569,44,177152
37015,0.029306,74.125.24.0-255,2902,114471,44,177152
37016,0.029313,172.31.46.0-255,66,114537,44,177152
37017,0.031161,74.125.24.0-255,2902,117439,44,177152
37018,0.031169,172.31.46.0-255,66,117505,44,177152
37019,0.031578,74.125.24.0-255,2902,120407,44,177152
37020,0.031584,172.31.46.0-255,66,120473,44,177152
37021,0.033497,74.125.24.0-255,2902,123375,44,177152
37022,0.033505,172.31.46.0-255,66,123441,44,177152
37023,0.033853,74.125.24.0-255,2902,126343,44,177152
37024,0.033858,172.31.46.0-255,66,126409,44,177152
37025,0.035778,74.125.24.0-255,2902,129311,44,177152
37026,0.035787,172.31.46.0-255,66,129377,44,177152
37027,0.036105,74.125.24.0-255,2902,132279,44,177152
37028,0.036111,172.31.46.0-255,66,132345,44,177152
37029,0.038084,74.125.24.0-255,2902,135247,44,177152
37030,0.038093,172.31.46.0-255,66,135313,44,177152
37031,0.038355,74.125.24.0-255,2902,138215,44,177152
37032,0.038361,172.31.46.0-255,66,138281,44,177152
37033,0.040391,74.125.24.0-255,2902,141183,44,177152
37034,0.040408,172.31.46.0-255,66,141249,44,177152
37035,0.040644,74.125.24.0-255,2902,144151,44,177152
37036,0.04065,172.31.46.0-255,66,144217,44,177152
37037,0.042037,172.31.46.0-255,172,144389,44,177152
37038,0.042069,172.31.46.0-255,1113,145502,44,177152
37039,0.042148,172.31.46.0-255,1514,147016,44,177152
37040,0.04215,172.31.46.0-255,1514,148530,44,177152
37041,0.042151,172.31.46.0-255,1514,150044,44,177152
37042,0.042152,172.31.46.0-255,1514,151558,44,177152
37043,0.042179,172.31.46.0-255,1514,153072,44,177152
37044,0.04218,172.31.46.0-255,72,153144,44,177152
37045,0.042708,74.125.24.0-255,2902,156046,44,177152
37046,0.042717,172.31.46.0-255,66,156112,44,177152
37047,0.042908,74.125.24.0-255,2902,159014,44,177152
37048,0.042913,172.31.46.0-255,66,159080,44,177152
37049,0.043598,104.244.42.0-255,66,159146,44,177152
37050,0.043644,104.244.42.0-255,66,159212,44,177152
37051,0.043696,104.244.42.0-255,66,159278,44,177152
37052,0.043741,104.244.42.0-255,66,159344,44,177152
37053,0.045006,74.125.24.0-255,2902,162246,44,177152
37054,0.04503,172.31.46.0-255,66,162312,44,177152
37055,0.045186,74.125.24.0-255,2902,165214,44,177152
37056,0.04519,172.31.46.0-255,66,165280,44,177152
37057,0.047337,74.125.24.0-255,2902,168182,44,177152
37058,0.047353,172.31.46.0-255,66,168248,44,177152
37059,0.047468,74.125.24.0-255,2902,171150,44,177152
37060,0.047474,172.31.46.0-255,66,171216,44,177152
37061,0.049633,74.125.24.0-255,2902,174118,44,177152
37062,0.049645,172.31.46.0-255,66,174184,44,177152
37063,0.049757,74.125.24.0-255,2902,177086,44,177152
37064,0.049762,172.31.46.0-255,66,177152,44,177152
37065,0.0,172.217.194.0-255,153,153,44,179148
37066,2.2e-05,172.31.46.0-255,66,219,44,179148
37067,2.9e-05,172.217.194.0-255,1484,1703,44,179148
37068,4.1e-05,172.31.46.0-255,66,1769,44,179148
37069,4.7e-05,172.217.194.0-255,2902,4671,44,179148
37070,5.1e-05,172.31.46.0-255,66,4737,44,179148
37071,5.9e-05,172.217.194.0-255,7156,11893,44,179148
37072,6.2e-05,172.31.46.0-255,66,11959,44,179148
37073,6.6e-05,172.217.194.0-255,1972,13931,44,179148
37074,6.8e-05,172.31.46.0-255,66,13997,44,179148
37075,8.9e-05,172.217.194.0-255,2902,16899,44,179148
37076,9.2e-05,172.31.46.0-255,66,16965,44,179148
37077,0.00014,172.217.194.0-255,5738,22703,44,179148
37078,0.000144,172.31.46.0-255,66,22769,44,179148
37079,0.000164,172.217.194.0-255,1484,24253,44,179148
37080,0.000166,172.31.46.0-255,66,24319,44,179148
37081,0.000174,172.217.194.0-255,6797,31116,44,179148
37082,0.000177,172.31.46.0-255,66,31182,44,179148
37083,0.000224,172.217.194.0-255,1484,32666,44,179148
37084,0.000227,172.31.46.0-255,66,32732,44,179148
37085,0.000241,172.217.194.0-255,2902,35634,44,179148
37086,0.000243,172.31.46.0-255,66,35700,44,179148
37087,0.000265,172.217.194.0-255,5738,41438,44,179148
37088,0.000268,172.31.46.0-255,66,41504,44,179148
37089,0.000272,172.217.194.0-255,2902,44406,44,179148
37090,0.000274,172.31.46.0-255,66,44472,44,179148
37091,0.000302,172.217.194.0-255,3961,48433,44,179148
37092,0.000305,172.31.46.0-255,66,48499,44,179148
37093,0.000319,172.31.46.0-255,66,48565,44,179148
37094,0.000324,172.217.194.0-255,2543,51108,44,179148
37095,0.000326,172.31.46.0-255,66,51174,44,179148
37096,0.000391,172.217.194.0-255,646,51820,44,179148
37097,0.00063,172.217.194.0-255,1484,53304,44,179148
37098,0.000636,172.31.46.0-255,66,53370,44,179148
37099,0.000642,172.217.194.0-255,2902,56272,44,179148
37100,0.000644,172.31.46.0-255,66,56338,44,179148
37101,0.000652,172.217.194.0-255,5738,62076,44,179148
37102,0.000654,172.31.46.0-255,66,62142,44,179148
37103,0.000694,172.31.46.0-255,66,62208,44,179148
37104,0.000707,172.31.46.0-255,66,62274,44,179148
37105,0.000796,172.217.194.0-255,1484,63758,44,179148
37106,0.0008,172.217.194.0-255,1484,65242,44,179148
37107,0.000803,172.31.46.0-255,66,65308,44,179148
37108,0.000827,172.217.194.0-255,1484,66792,44,179148
37109,0.000834,172.217.194.0-255,5738,72530,44,179148
37110,0.000837,172.31.46.0-255,66,72596,44,179148
37111,0.000847,172.31.46.0-255,66,72662,44,179148
37112,0.000865,172.217.194.0-255,4320,76982,44,179148
37113,0.000868,172.217.194.0-255,1484,78466,44,179148
37114,0.000871,172.31.46.0-255,66,78532,44,179148
37115,0.000918,172.31.46.0-255,66,78598,44,179148
37116,0.001085,172.217.194.0-255,1484,80082,44,179148
37117,0.001089,172.217.194.0-255,2902,82984,44,179148
37118,0.0011,172.31.46.0-255,66,83050,44,179148
37119,0.001114,172.217.194.0-255,2902,85952,44,179148
37120,0.001117,172.31.46.0-255,66,86018,44,179148
37121,0.001132,172.217.194.0-255,2902,88920,44,179148
37122,0.001134,172.31.46.0-255,66,88986,44,179148
37123,0.001139,172.217.194.0-255,2902,91888,44,179148
37124,0.001141,172.31.46.0-255,66,91954,44,179148
37125,0.001176,172.31.46.0-255,66,92020,44,179148
37126,0.001188,172.31.46.0-255,66,92086,44,179148
37127,0.001194,172.217.194.0-255,4320,96406,44,179148
37128,0.001197,172.31.46.0-255,66,96472,44,179148
37129,0.001254,172.31.46.0-255,66,96538,44,179148
37130,0.001263,172.31.46.0-255,66,96604,44,179148
37131,0.00135,172.31.46.0-255,66,96670,44,179148
37132,0.001361,172.217.194.0-255,5738,102408,44,179148
37133,0.001364,172.31.46.0-255,66,102474,44,179148
37134,0.001377,172.31.46.0-255,66,102540,44,179148
37135,0.001397,172.31.46.0-255,66,102606,44,179148
37136,0.001408,172.31.46.0-255,66,102672,44,179148
37137,0.001486,172.217.194.0-255,1484,104156,44,179148
37138,0.001492,172.217.194.0-255,2902,107058,44,179148
37139,0.001495,172.31.46.0-255,66,107124,44,179148
37140,0.0015,172.217.194.0-255,2902,110026,44,179148
37141,0.001503,172.31.46.0-255,66,110092,44,179148
37142,0.001518,172.217.194.0-255,2902,112994,44,179148
37143,0.001521,172.31.46.0-255,66,113060,44,179148
37144,0.001527,172.217.194.0-255,4320,117380,44,179148
37145,0.001529,172.31.46.0-255,66,117446,44,179148
37146,0.001555,172.217.194.0-255,5738,123184,44,179148
37147,0.001558,172.31.46.0-255,66,123250,44,179148
37148,0.001573,172.217.194.0-255,1484,124734,44,179148
37149,0.001586,172.217.194.0-255,2902,127636,44,179148
37150,0.001588,172.31.46.0-255,66,127702,44,179148
37151,0.001621,172.31.46.0-255,66,127768,44,179148
37152,0.001635,172.31.46.0-255,66,127834,44,179148
37153,0.001647,172.31.46.0-255,66,127900,44,179148
37154,0.001666,172.217.194.0-255,5738,133638,44,179148
37155,0.001669,172.31.46.0-255,66,133704,44,179148
37156,0.001672,172.217.194.0-255,1484,135188,44,179148
37157,0.001707,172.31.46.0-255,66,135254,44,179148
37158,0.001731,172.31.46.0-255,66,135320,44,179148
37159,0.001747,172.217.194.0-255,5738,141058,44,179148
37160,0.001749,172.31.46.0-255,66,141124,44,179148
37161,0.001777,172.217.194.0-255,2184,143308,44,179148
37162,0.00178,172.31.46.0-255,66,143374,44,179148
37163,0.001786,172.217.194.0-255,5020,148394,44,179148
37164,0.001789,172.31.46.0-255,66,148460,44,179148
37165,0.00182,172.217.194.0-255,1484,149944,44,179148
37166,0.001824,172.217.194.0-255,1484,151428,44,179148
37167,0.001827,172.31.46.0-255,66,151494,44,179148
37168,0.001846,172.217.194.0-255,1484,152978,44,179148
37169,0.001853,172.217.194.0-255,5738,158716,44,179148
37170,0.001855,172.31.46.0-255,66,158782,44,179148
37171,0.001905,172.217.194.0-255,1484,160266,44,179148
37172,0.001926,172.217.194.0-255,7156,167422,44,179148
37173,0.001929,172.31.46.0-255,66,167488,44,179148
37174,0.00195,172.217.194.0-255,2136,169624,44,179148
37175,0.001952,172.31.46.0-255,66,169690,44,179148
37176,0.001955,172.217.194.0-255,105,169795,44,179148
37177,0.010159,172.31.46.0-255,66,169861,44,179148
37178,0.010201,172.31.46.0-255,105,169966,44,179148
37179,0.012548,172.217.194.0-255,66,170032,44,179148
37180,0.034123,172.31.46.0-255,164,170196,44,179148
37181,0.034155,172.31.46.0-255,1122,171318,44,179148
37182,0.034238,172.31.46.0-255,1514,172832,44,179148
37183,0.03424,172.31.46.0-255,1514,174346,44,179148
37184,0.034246,172.31.46.0-255,1514,175860,44,179148
37185,0.034248,172.31.46.0-255,1514,177374,44,179148
37186,0.034265,172.31.46.0-255,1510,178884,44,179148
37187,0.035688,104.244.42.0-255,66,178950,44,179148
37188,0.035699,104.244.42.0-255,66,179016,44,179148
37189,0.035835,104.244.42.0-255,66,179082,44,179148
37190,0.035887,104.244.42.0-255,66,179148,44,179148
37191,0.0,74.125.24.0-255,146,146,44,247240
37192,2.1e-05,172.31.46.0-255,66,212,44,247240
37193,2.8e-05,74.125.24.0-255,1484,1696,44,247240
37194,3.3e-05,172.31.46.0-255,66,1762,44,247240
37195,3.8e-05,74.125.24.0-255,2902,4664,44,247240
37196,4.1e-05,172.31.46.0-255,66,4730,44,247240
37197,4.8e-05,74.125.24.0-255,7156,11886,44,247240
37198,5.1e-05,172.31.46.0-255,66,11952,44,247240
37199,5.5e-05,74.125.24.0-255,2071,14023,44,247240
37200,5.8e-05,172.31.46.0-255,66,14089,44,247240
37201,0.000128,74.125.24.0-255,1484,15573,44,247240
37202,0.000131,172.31.46.0-255,66,15639,44,247240
37203,0.000155,74.125.24.0-255,2902,18541,44,247240
37204,0.000158,172.31.46.0-255,66,18607,44,247240
37205,0.000164,74.125.24.0-255,5738,24345,44,247240
37206,0.000166,172.31.46.0-255,66,24411,44,247240
37207,0.000189,74.125.24.0-255,1484,25895,44,247240
37208,0.000191,172.31.46.0-255,66,25961,44,247240
37209,0.000208,74.125.24.0-255,5379,31340,44,247240
37210,0.00021,172.31.46.0-255,66,31406,44,247240
37211,0.000308,74.125.24.0-255,1484,32890,44,247240
37212,0.000311,172.31.46.0-255,66,32956,44,247240
37213,0.000317,74.125.24.0-255,2902,35858,44,247240
37214,0.000319,172.31.46.0-255,66,35924,44,247240
37215,0.000326,74.125.24.0-255,4320,40244,44,247240
37216,0.000329,172.31.46.0-255,66,40310,44,247240
37217,0.000357,74.125.24.0-255,1484,41794,44,247240
37218,0.000359,172.31.46.0-255,66,41860,44,247240
37219,0.000371,172.31.46.0-255,66,41926,44,247240
37220,0.000384,172.31.46.0-255,66,41992,44,247240
37221,0.000404,74.125.24.0-255,3961,45953,44,247240
37222,0.000406,172.31.46.0-255,66,46019,44,247240
37223,0.000426,74.125.24.0-255,678,46697,44,247240
37224,0.000737,74.125.24.0-255,1484,48181,44,247240
37225,0.000743,172.31.46.0-255,66,48247,44,247240
37226,0.000748,74.125.24.0-255,2902,51149,44,247240
37227,0.00075,172.31.46.0-255,66,51215,44,247240
37228,0.000757,74.125.24.0-255,5738,56953,44,247240
37229,0.000759,172.31.46.0-255,66,57019,44,247240
37230,0.000799,172.31.46.0-255,66,57085,44,247240
37231,0.000831,172.31.46.0-255,66,57151,44,247240
37232,0.001407,74.125.24.0-255,1484,58635,44,247240
37233,0.001414,74.125.24.0-255,2902,61537,44,247240
37234,0.001418,172.31.46.0-255,66,61603,44,247240
37235,0.001425,74.125.24.0-255,5738,67341,44,247240
37236,0.001427,172.31.46.0-255,66,67407,44,247240
37237,0.001477,172.31.46.0-255,66,67473,44,247240
37238,0.001488,172.31.46.0-255,66,67539,44,247240
37239,0.001708,74.125.24.0-255,1484,69023,44,247240
37240,0.001711,74.125.24.0-255,1484,70507,44,247240
37241,0.001713,172.31.46.0-255,66,70573,44,247240
37242,0.001732,74.125.24.0-255,1484,72057,44,247240
37243,0.001738,74.125.24.0-255,5738,77795,44,247240
37244,0.00174,172.31.46.0-255,66,77861,44,247240
37245,0.001773,172.31.46.0-255,66,77927,44,247240
37246,0.001777,74.125.24.0-255,2902,80829,44,247240
37247,0.001779,172.31.46.0-255,66,80895,44,247240
37248,0.001815,74.125.24.0-255,4320,85215,44,247240
37249,0.001817,172.31.46.0-255,66,85281,44,247240
37250,0.001833,74.125.24.0-255,3602,88883,44,247240
37251,0.001835,172.31.46.0-255,66,88949,44,247240
37252,0.001863,74.125.24.0-255,2902,91851,44,247240
37253,0.001864,172.31.46.0-255,66,91917,44,247240
37254,0.001868,74.125.24.0-255,2902,94819,44,247240
37255,0.00187,172.31.46.0-255,66,94885,44,247240
37256,0.001882,74.125.24.0-255,1484,96369,44,247240
37257,0.001888,74.125.24.0-255,5738,102107,44,247240
37258,0.00189,172.31.46.0-255,66,102173,44,247240
37259,0.001908,74.125.24.0-255,2902,105075,44,247240
37260,0.00191,172.31.46.0-255,66,105141,44,247240
37261,0.001953,172.31.46.0-255,66,105207,44,247240
37262,0.001955,74.125.24.0-255,766,105973,44,247240
37263,0.003989,74.125.24.0-255,4320,110293,44,247240
37264,0.003996,172.31.46.0-255,66,110359,44,247240
37265,0.006009,74.125.24.0-255,5738,116097,44,247240
37266,0.006015,172.31.46.0-255,66,116163,44,247240
37267,0.008022,74.125.24.0-255,5738,121901,44,247240
37268,0.008028,172.31.46.0-255,66,121967,44,247240
37269,0.01005,74.125.24.0-255,5738,127705,44,247240
37270,0.010057,172.31.46.0-255,66,127771,44,247240
37271,0.012097,74.125.24.0-255,5738,133509,44,247240
37272,0.012106,172.31.46.0-255,66,133575,44,247240
37273,0.014149,74.125.24.0-255,5738,139313,44,247240
37274,0.014155,172.31.46.0-255,66,139379,44,247240
37275,0.016183,74.125.24.0-255,5738,145117,44,247240
37276,0.01619,172.31.46.0-255,66,145183,44,247240
37277,0.018214,74.125.24.0-255,5738,150921,44,247240
37278,0.018222,172.31.46.0-255,66,150987,44,247240
37279,0.020256,74.125.24.0-255,5738,156725,44,247240
37280,0.020263,172.31.46.0-255,66,156791,44,247240
37281,0.022287,74.125.24.0-255,5738,162529,44,247240
37282,0.022295,172.31.46.0-255,66,162595,44,247240
37283,0.024311,74.125.24.0-255,5738,168333,44,247240
37284,0.024318,172.31.46.0-255,66,168399,44,247240
37285,0.026333,74.125.24.0-255,5738,174137,44,247240
37286,0.026343,172.31.46.0-255,66,174203,44,247240
37287,0.028362,74.125.24.0-255,5738,179941,44,247240
37288,0.028369,172.31.46.0-255,66,180007,44,247240
37289,0.030399,74.125.24.0-255,5738,185745,44,247240
37290,0.030408,172.31.46.0-255,66,185811,44,247240
37291,0.032438,74.125.24.0-255,5738,191549,44,247240
37292,0.032445,172.31.46.0-255,66,191615,44,247240
37293,0.03445,74.125.24.0-255,5738,197353,44,247240
37294,0.034457,172.31.46.0-255,66,197419,44,247240
37295,0.035206,172.31.46.0-255,172,197591,44,247240
37296,0.035232,172.31.46.0-255,1114,198705,44,247240
37297,0.035289,172.31.46.0-255,1514,200219,44,247240
37298,0.035291,172.31.46.0-255,1514,201733,44,247240
37299,0.035292,172.31.46.0-255,1514,203247,44,247240
37300,0.035293,172.31.46.0-255,1514,204761,44,247240
37301,0.035318,172.31.46.0-255,1514,206275,44,247240
37302,0.035319,172.31.46.0-255,73,206348,44,247240
37303,0.036497,74.125.24.0-255,5738,212086,44,247240
37304,0.036503,172.31.46.0-255,66,212152,44,247240
37305,0.0367,104.244.42.0-255,66,212218,44,247240
37306,0.03673,104.244.42.0-255,66,212284,44,247240
37307,0.03684,104.244.42.0-255,66,212350,44,247240
37308,0.036846,104.244.42.0-255,66,212416,44,247240
37309,0.038538,74.125.24.0-255,5738,218154,44,247240
37310,0.038545,172.31.46.0-255,66,218220,44,247240
37311,0.040602,74.125.24.0-255,5738,223958,44,247240
37312,0.040608,172.31.46.0-255,66,224024,44,247240
37313,0.04265,74.125.24.0-255,5738,229762,44,247240
37314,0.042658,172.31.46.0-255,66,229828,44,247240
37315,0.044707,74.125.24.0-255,5738,235566,44,247240
37316,0.044713,172.31.46.0-255,66,235632,44,247240
37317,0.046756,74.125.24.0-255,5738,241370,44,247240
37318,0.046761,172.31.46.0-255,66,241436,44,247240
37319,0.04877,74.125.24.0-255,5738,247174,44,247240
37320,0.048776,172.31.46.0-255,66,247240,44,247240
37321,0.0,172.217.194.0-255,153,153,44,164920
37322,1.4e-05,172.31.46.0-255,66,219,44,164920
37323,2.2e-05,172.217.194.0-255,1484,1703,44,164920
37324,2.7e-05,172.31.46.0-255,66,1769,44,164920
37325,3.9e-05,172.217.194.0-255,2902,4671,44,164920
37326,4.2e-05,172.31.46.0-255,66,4737,44,164920
37327,5.1e-05,172.217.194.0-255,7156,11893,44,164920
37328,5.4e-05,172.31.46.0-255,66,11959,44,164920
37329,9.7e-05,172.31.46.0-255,66,12025,44,164920
37330,0.000104,172.217.194.0-255,5738,17763,44,164920
37331,0.000107,172.31.46.0-255,66,17829,44,164920
37332,0.000149,172.31.46.0-255,66,17895,44,164920
37333,0.000165,172.31.46.0-255,66,17961,44,164920
37334,0.00027,172.217.194.0-255,1484,19445,44,164920
37335,0.000274,172.31.46.0-255,66,19511,44,164920
37336,0.000279,172.217.194.0-255,2902,22413,44,164920
37337,0.000281,172.31.46.0-255,66,22479,44,164920
37338,0.000307,172.217.194.0-255,5738,28217,44,164920
37339,0.00031,172.31.46.0-255,66,28283,44,164920
37340,0.000347,172.217.194.0-255,1484,29767,44,164920
37341,0.000349,172.31.46.0-255,66,29833,44,164920
37342,0.000381,172.217.194.0-255,5685,35518,44,164920
37343,0.000384,172.31.46.0-255,66,35584,44,164920
37344,0.000456,172.217.194.0-255,1484,37068,44,164920
37345,0.000459,172.31.46.0-255,66,37134,44,164920
37346,0.000464,172.217.194.0-255,2902,40036,44,164920
37347,0.000467,172.31.46.0-255,66,40102,44,164920
37348,0.000478,172.217.194.0-255,5738,45840,44,164920
37349,0.000481,172.31.46.0-255,66,45906,44,164920
37350,0.000524,172.31.46.0-255,66,45972,44,164920
37351,0.000567,172.31.46.0-255,66,46038,44,164920
37352,0.000595,172.217.194.0-255,3602,49640,44,164920
37353,0.000598,172.31.46.0-255,66,49706,44,164920
37354,0.000617,172.31.46.0-255,66,49772,44,164920
37355,0.000653,172.31.46.0-255,66,49838,44,164920
37356,0.000673,172.31.46.0-255,66,49904,44,164920
37357,0.000679,172.217.194.0-255,5738,55642,44,164920
37358,0.000681,172.31.46.0-255,66,55708,44,164920
37359,0.00073,172.31.46.0-255,66,55774,44,164920
37360,0.000767,172.31.46.0-255,66,55840,44,164920
37361,0.000793,172.31.46.0-255,66,55906,44,164920
37362,0.0008,172.217.194.0-255,5738,61644,44,164920
37363,0.000802,172.31.46.0-255,66,61710,44,164920
37364,0.000837,172.217.194.0-255,6438,68148,44,164920
37365,0.00084,172.31.46.0-255,66,68214,44,164920
37366,0.000843,172.217.194.0-255,1484,69698,44,164920
37367,0.000847,172.217.194.0-255,2902,72600,44,164920
37368,0.000849,172.31.46.0-255,66,72666,44,164920
37369,0.000861,172.217.194.0-255,5738,78404,44,164920
37370,0.000863,172.31.46.0-255,66,78470,44,164920
37371,0.000906,172.31.46.0-255,66,78536,44,164920
37372,0.000923,172.31.46.0-255,66,78602,44,164920
37373,0.001025,172.217.194.0-255,1484,80086,44,164920
37374,0.001041,172.217.194.0-255,2902,82988,44,164920
37375,0.001045,172.31.46.0-255,66,83054,44,164920
37376,0.001075,172.217.194.0-255,5738,88792,44,164920
37377,0.001078,172.31.46.0-255,66,88858,44,164920
37378,0.001121,172.217.194.0-255,2902,91760,44,164920
37379,0.001123,172.31.46.0-255,66,91826,44,164920
37380,0.001162,172.31.46.0-255,66,91892,44,164920
37381,0.001169,172.217.194.0-255,7156,99048,44,164920
37382,0.001171,172.31.46.0-255,66,99114,44,164920
37383,0.00118,172.217.194.0-255,3602,102716,44,164920
37384,0.001183,172.31.46.0-255,66,102782,44,164920
37385,0.001189,172.217.194.0-255,4320,107102,44,164920
37386,0.001191,172.31.46.0-255,66,107168,44,164920
37387,0.00123,172.217.194.0-255,7156,114324,44,164920
37388,0.001233,172.31.46.0-255,66,114390,44,164920
37389,0.001247,172.31.46.0-255,66,114456,44,164920
37390,0.001263,172.31.46.0-255,66,114522,44,164920
37391,0.001303,172.217.194.0-255,1484,116006,44,164920
37392,0.001308,172.217.194.0-255,2902,118908,44,164920
37393,0.00131,172.31.46.0-255,66,118974,44,164920
37394,0.001315,172.217.194.0-255,4320,123294,44,164920
37395,0.001317,172.31.46.0-255,66,123360,44,164920
37396,0.001344,172.217.194.0-255,1484,124844,44,164920
37397,0.001359,172.31.46.0-255,66,124910,44,164920
37398,0.001389,172.31.46.0-255,66,124976,44,164920
37399,0.001429,172.217.194.0-255,2184,127160,44,164920
37400,0.001432,172.31.46.0-255,66,127226,44,164920
37401,0.001467,172.217.194.0-255,1484,128710,44,164920
37402,0.001482,172.217.194.0-255,2902,131612,44,164920
37403,0.001486,172.31.46.0-255,66,131678,44,164920
37404,0.001491,172.217.194.0-255,4320,135998,44,164920
37405,0.001494,172.31.46.0-255,66,136064,44,164920
37406,0.001521,172.217.194.0-255,1484,137548,44,164920
37407,0.001532,172.31.46.0-255,66,137614,44,164920
37408,0.001559,172.217.194.0-255,2902,140516,44,164920
37409,0.001562,172.31.46.0-255,66,140582,44,164920
37410,0.001601,172.31.46.0-255,66,140648,44,164920
37411,0.001606,172.217.194.0-255,4320,144968,44,164920
37412,0.001608,172.31.46.0-255,66,145034,44,164920
37413,0.001635,172.217.194.0-255,7156,152190,44,164920
37414,0.00164,172.31.46.0-255,66,152256,44,164920
37415,0.00167,172.217.194.0-255,7156,159412,44,164920
37416,0.001674,172.31.46.0-255,66,159478,44,164920
37417,0.001699,172.217.194.0-255,2755,162233,44,164920
37418,0.001702,172.31.46.0-255,66,162299,44,164920
37419,0.001706,172.217.194.0-255,97,162396,44,164920
37420,0.001725,172.217.194.0-255,105,162501,44,164920
37421,0.010603,172.217.194.0-255,105,162606,44,164920
37422,0.010613,172.31.46.0-255,78,162684,44,164920
37423,0.011045,172.31.46.0-255,105,162789,44,164920
37424,0.013275,172.217.194.0-255,66,162855,44,164920
37425,0.034911,172.31.46.0-255,188,163043,44,164920
37426,0.034953,172.31.46.0-255,955,163998,44,164920
37427,0.034998,172.31.46.0-255,724,164722,44,164920
37428,0.036489,104.244.42.0-255,66,164788,44,164920
37429,0.036513,104.244.42.0-255,66,164854,44,164920
37430,0.036516,104.244.42.0-255,66,164920,44,164920
37431,0.0,74.125.24.0-255,167,167,44,214967
37432,1.6e-05,172.31.46.0-255,66,233,44,214967
37433,2.3e-05,74.125.24.0-255,1484,1717,44,214967
37434,2.8e-05,172.31.46.0-255,66,1783,44,214967
37435,3.4e-05,74.125.24.0-255,2902,4685,44,214967
37436,4.6e-05,172.31.46.0-255,66,4751,44,214967
37437,5.5e-05,74.125.24.0-255,7156,11907,44,214967
37438,5.8e-05,172.31.46.0-255,66,11973,44,214967
37439,7e-05,172.31.46.0-255,66,12039,44,214967
37440,0.000147,172.31.46.0-255,66,12105,44,214967
37441,0.000213,74.125.24.0-255,1484,13589,44,214967
37442,0.000215,172.31.46.0-255,66,13655,44,214967
37443,0.00022,74.125.24.0-255,2902,16557,44,214967
37444,0.000222,172.31.46.0-255,66,16623,44,214967
37445,0.000253,74.125.24.0-255,5738,22361,44,214967
37446,0.000256,172.31.46.0-255,66,22427,44,214967
37447,0.000264,74.125.24.0-255,6797,29224,44,214967
37448,0.000266,172.31.46.0-255,66,29290,44,214967
37449,0.000295,74.125.24.0-255,7156,36446,44,214967
37450,0.000298,172.31.46.0-255,66,36512,44,214967
37451,0.000326,172.31.46.0-255,66,36578,44,214967
37452,0.000341,74.125.24.0-255,410,36988,44,214967
37453,0.000344,172.31.46.0-255,66,37054,44,214967
37454,0.000678,74.125.24.0-255,333,37387,44,214967
37455,0.000686,172.31.46.0-255,66,37453,44,214967
37456,0.001041,74.125.24.0-255,1484,38937,44,214967
37457,0.001046,172.31.46.0-255,66,39003,44,214967
37458,0.001051,74.125.24.0-255,2902,41905,44,214967
37459,0.001053,172.31.46.0-255,66,41971,44,214967
37460,0.001058,74.125.24.0-255,2902,44873,44,214967
37461,0.00106,172.31.46.0-255,66,44939,44,214967
37462,0.001095,74.125.24.0-255,2902,47841,44,214967
37463,0.001098,172.31.46.0-255,66,47907,44,214967
37464,0.001113,172.31.46.0-255,66,47973,44,214967
37465,0.001142,172.31.46.0-255,66,48039,44,214967
37466,0.001171,74.125.24.0-255,6438,54477,44,214967
37467,0.001174,172.31.46.0-255,66,54543,44,214967
37468,0.001443,74.125.24.0-255,1484,56027,44,214967
37469,0.001459,74.125.24.0-255,2902,58929,44,214967
37470,0.001462,172.31.46.0-255,66,58995,44,214967
37471,0.001469,74.125.24.0-255,5738,64733,44,214967
37472,0.001471,172.31.46.0-255,66,64799,44,214967
37473,0.001498,74.125.24.0-255,4320,69119,44,214967
37474,0.001502,74.125.24.0-255,2902,72021,44,214967
37475,0.001506,172.31.46.0-255,66,72087,44,214967
37476,0.001509,172.31.46.0-255,66,72153,44,214967
37477,0.001533,172.31.46.0-255,66,72219,44,214967
37478,0.001544,172.31.46.0-255,66,72285,44,214967
37479,0.003592,74.125.24.0-255,5738,78023,44,214967
37480,0.0036,172.31.46.0-255,66,78089,44,214967
37481,0.005637,74.125.24.0-255,5738,83827,44,214967
37482,0.005646,172.31.46.0-255,66,83893,44,214967
37483,0.007676,74.125.24.0-255,5738,89631,44,214967
37484,0.007683,172.31.46.0-255,66,89697,44,214967
37485,0.009726,74.125.24.0-255,5738,95435,44,214967
37486,0.009735,172.31.46.0-255,66,95501,44,214967
37487,0.011781,74.125.24.0-255,5738,101239,44,214967
37488,0.01179,172.31.46.0-255,66,101305,44,214967
37489,0.013894,74.125.24.0-255,5738,107043,44,214967
37490,0.013911,172.31.46.0-255,66,107109,44,214967
37491,0.016023,74.125.24.0-255,5738,112847,44,214967
37492,0.016045,172.31.46.0-255,66,112913,44,214967
37493,0.018159,74.125.24.0-255,5738,118651,44,214967
37494,0.018184,172.31.46.0-255,66,118717,44,214967
37495,0.02022,74.125.24.0-255,5738,124455,44,214967
37496,0.020238,172.31.46.0-255,66,124521,44,214967
37497,0.02236,74.125.24.0-255,5738,130259,44,214967
37498,0.022377,172.31.46.0-255,66,130325,44,214967
37499,0.024477,74.125.24.0-255,5738,136063,44,214967
37500,0.024494,172.31.46.0-255,66,136129,44,214967
37501,0.026639,74.125.24.0-255,5738,141867,44,214967
37502,0.026659,172.31.46.0-255,66,141933,44,214967
37503,0.028751,74.125.24.0-255,5738,147671,44,214967
37504,0.028771,172.31.46.0-255,66,147737,44,214967
37505,0.030889,74.125.24.0-255,5738,153475,44,214967
37506,0.030941,172.31.46.0-255,66,153541,44,214967
37507,0.03303,74.125.24.0-255,5738,159279,44,214967
37508,0.03305,172.31.46.0-255,66,159345,44,214967
37509,0.035105,74.125.24.0-255,5738,165083,44,214967
37510,0.035124,172.31.46.0-255,66,165149,44,214967
37511,0.03722,74.125.24.0-255,5738,170887,44,214967
37512,0.037238,172.31.46.0-255,66,170953,44,214967
37513,0.039331,74.125.24.0-255,5738,176691,44,214967
37514,0.039355,172.31.46.0-255,66,176757,44,214967
37515,0.041403,74.125.24.0-255,5738,182495,44,214967
37516,0.041422,172.31.46.0-255,66,182561,44,214967
37517,0.04348,74.125.24.0-255,5738,188299,44,214967
37518,0.043499,172.31.46.0-255,66,188365,44,214967
37519,0.04491,172.31.46.0-255,172,188537,44,214967
37520,0.044945,172.31.46.0-255,1114,189651,44,214967
37521,0.045028,172.31.46.0-255,1514,191165,44,214967
37522,0.045036,172.31.46.0-255,1514,192679,44,214967
37523,0.045043,172.31.46.0-255,1514,194193,44,214967
37524,0.045044,172.31.46.0-255,1514,195707,44,214967
37525,0.045061,172.31.46.0-255,1514,197221,44,214967
37526,0.045062,172.31.46.0-255,70,197291,44,214967
37527,0.045546,74.125.24.0-255,5738,203029,44,214967
37528,0.045555,172.31.46.0-255,66,203095,44,214967
37529,0.046474,104.244.42.0-255,66,203161,44,214967
37530,0.046531,104.244.42.0-255,66,203227,44,214967
37531,0.046622,104.244.42.0-255,66,203293,44,214967
37532,0.046629,104.244.42.0-255,66,203359,44,214967
37533,0.047612,74.125.24.0-255,5738,209097,44,214967
37534,0.047626,172.31.46.0-255,66,209163,44,214967
37535,0.049688,74.125.24.0-255,5738,214901,44,214967
37536,0.049708,172.31.46.0-255,66,214967,44,214967
37537,0.0,74.125.24.0-255,153,153,44,247302
37538,1.9e-05,172.31.46.0-255,66,219,44,247302
37539,2.5e-05,74.125.24.0-255,1484,1703,44,247302
37540,2.8e-05,172.31.46.0-255,66,1769,44,247302
37541,3.4e-05,74.125.24.0-255,2902,4671,44,247302
37542,3.6e-05,172.31.46.0-255,66,4737,44,247302
37543,4.3e-05,74.125.24.0-255,7156,11893,44,247302
37544,4.5e-05,172.31.46.0-255,66,11959,44,247302
37545,8.2e-05,74.125.24.0-255,2902,14861,44,247302
37546,8.5e-05,172.31.46.0-255,66,14927,44,247302
37547,0.000112,172.31.46.0-255,66,14993,44,247302
37548,0.000117,74.125.24.0-255,3961,18954,44,247302
37549,0.000119,172.31.46.0-255,66,19020,44,247302
37550,0.000124,74.125.24.0-255,4320,23340,44,247302
37551,0.000125,172.31.46.0-255,66,23406,44,247302
37552,0.000146,74.125.24.0-255,2902,26308,44,247302
37553,0.000147,172.31.46.0-255,66,26374,44,247302
37554,0.000164,74.125.24.0-255,7156,33530,44,247302
37555,0.000166,172.31.46.0-255,66,33596,44,247302
37556,0.000168,74.125.24.0-255,1125,34721,44,247302
37557,0.00017,172.31.46.0-255,66,34787,44,247302
37558,0.000444,74.125.24.0-255,1484,36271,44,247302
37559,0.00045,172.31.46.0-255,66,36337,44,247302
37560,0.000457,74.125.24.0-255,2902,39239,44,247302
37561,0.000459,172.31.46.0-255,66,39305,44,247302
37562,0.000464,74.125.24.0-255,2902,42207,44,247302
37563,0.000466,172.31.46.0-255,66,42273,44,247302
37564,0.000482,74.125.24.0-255,2902,45175,44,247302
37565,0.000484,172.31.46.0-255,66,45241,44,247302
37566,0.000491,74.125.24.0-255,6797,52038,44,247302
37567,0.000494,172.31.46.0-255,66,52104,44,247302
37568,0.000534,172.31.46.0-255,66,52170,44,247302
37569,0.000538,74.125.24.0-255,2543,54713,44,247302
37570,0.00054,172.31.46.0-255,66,54779,44,247302
37571,0.000801,74.125.24.0-255,1484,56263,44,247302
37572,0.000808,74.125.24.0-255,2902,59165,44,247302
37573,0.00081,172.31.46.0-255,66,59231,44,247302
37574,0.000831,74.125.24.0-255,5738,64969,44,247302
37575,0.000833,172.31.46.0-255,66,65035,44,247302
37576,0.000838,74.125.24.0-255,2902,67937,44,247302
37577,0.00084,172.31.46.0-255,66,68003,44,247302
37578,0.000883,172.31.46.0-255,66,68069,44,247302
37579,0.00089,74.125.24.0-255,5738,73807,44,247302
37580,0.000892,172.31.46.0-255,66,73873,44,247302
37581,0.000954,74.125.24.0-255,3992,77865,44,247302
37582,0.000957,172.31.46.0-255,66,77931,44,247302
37583,0.001215,74.125.24.0-255,1484,79415,44,247302
37584,0.00122,74.125.24.0-255,2902,82317,44,247302
37585,0.00123,172.31.46.0-255,66,82383,44,247302
37586,0.001237,74.125.24.0-255,4320,86703,44,247302
37587,0.001239,172.31.46.0-255,66,86769,44,247302
37588,0.001263,74.125.24.0-255,1484,88253,44,247302
37589,0.001271,74.125.24.0-255,7156,95409,44,247302
37590,0.001276,172.31.46.0-255,66,95475,44,247302
37591,0.001285,74.125.24.0-255,2902,98377,44,247302
37592,0.001287,172.31.46.0-255,66,98443,44,247302
37593,0.001328,172.31.46.0-255,66,98509,44,247302
37594,0.00333,74.125.24.0-255,5738,104247,44,247302
37595,0.003337,172.31.46.0-255,66,104313,44,247302
37596,0.005312,74.125.24.0-255,2902,107215,44,247302
37597,0.005316,172.31.46.0-255,66,107281,44,247302
37598,0.005334,74.125.24.0-255,2902,110183,44,247302
37599,0.005336,172.31.46.0-255,66,110249,44,247302
37600,0.007316,74.125.24.0-255,5738,115987,44,247302
37601,0.007323,172.31.46.0-255,66,116053,44,247302
37602,0.009299,74.125.24.0-255,5738,121791,44,247302
37603,0.00931,172.31.46.0-255,66,121857,44,247302
37604,0.011275,74.125.24.0-255,5738,127595,44,247302
37605,0.011284,172.31.46.0-255,66,127661,44,247302
37606,0.013283,74.125.24.0-255,5738,133399,44,247302
37607,0.01329,172.31.46.0-255,66,133465,44,247302
37608,0.015265,74.125.24.0-255,5738,139203,44,247302
37609,0.015272,172.31.46.0-255,66,139269,44,247302
37610,0.017248,74.125.24.0-255,5738,145007,44,247302
37611,0.017258,172.31.46.0-255,66,145073,44,247302
37612,0.019266,74.125.24.0-255,5738,150811,44,247302
37613,0.019273,172.31.46.0-255,66,150877,44,247302
37614,0.02125,74.125.24.0-255,5738,156615,44,247302
37615,0.021257,172.31.46.0-255,66,156681,44,247302
37616,0.023231,74.125.24.0-255,5738,162419,44,247302
37617,0.023239,172.31.46.0-255,66,162485,44,247302
37618,0.025182,74.125.24.0-255,5738,168223,44,247302
37619,0.02519,172.31.46.0-255,66,168289,44,247302
37620,0.027158,74.125.24.0-255,5738,174027,44,247302
37621,0.027166,172.31.46.0-255,66,174093,44,247302
37622,0.029129,74.125.24.0-255,5738,179831,44,247302
37623,0.029136,172.31.46.0-255,66,179897,44,247302
37624,0.031123,74.125.24.0-255,5738,185635,44,247302
37625,0.03113,172.31.46.0-255,66,185701,44,247302
37626,0.0331,74.125.24.0-255,5738,191439,44,247302
37627,0.033107,172.31.46.0-255,66,191505,44,247302
37628,0.035081,74.125.24.0-255,5738,197243,44,247302
37629,0.035088,172.31.46.0-255,66,197309,44,247302
37630,0.037069,74.125.24.0-255,5738,203047,44,247302
37631,0.037074,172.31.46.0-255,66,203113,44,247302
37632,0.038116,172.31.46.0-255,172,203285,44,247302
37633,0.038147,172.31.46.0-255,1114,204399,44,247302
37634,0.038219,172.31.46.0-255,1514,205913,44,247302
37635,0.038221,172.31.46.0-255,1514,207427,44,247302
37636,0.038223,172.31.46.0-255,1514,208941,44,247302
37637,0.038224,172.31.46.0-255,1514,210455,44,247302
37638,0.03825,172.31.46.0-255,1514,211969,44,247302
37639,0.038252,172.31.46.0-255,71,212040,44,247302
37640,0.039041,74.125.24.0-255,5738,217778,44,247302
37641,0.039048,172.31.46.0-255,66,217844,44,247302
37642,0.039699,104.244.42.0-255,66,217910,44,247302
37643,0.039707,104.244.42.0-255,66,217976,44,247302
37644,0.03978,104.244.42.0-255,66,218042,44,247302
37645,0.039786,104.244.42.0-255,66,218108,44,247302
37646,0.040407,104.244.42.0-255,108,218216,44,247302
37647,0.040416,172.31.46.0-255,66,218282,44,247302
37648,0.041013,74.125.24.0-255,5738,224020,44,247302
37649,0.041021,172.31.46.0-255,66,224086,44,247302
37650,0.043016,74.125.24.0-255,5738,229824,44,247302
37651,0.043023,172.31.46.0-255,66,229890,44,247302
37652,0.044978,74.125.24.0-255,5738,235628,44,247302
37653,0.044985,172.31.46.0-255,66,235694,44,247302
37654,0.046958,74.125.24.0-255,5738,241432,44,247302
37655,0.046965,172.31.46.0-255,66,241498,44,247302
37656,0.04895,74.125.24.0-255,5738,247236,44,247302
37657,0.048957,172.31.46.0-255,66,247302,44,247302
37658,0.0,172.217.160.0-255,361,361,44,260204
37659,1.3e-05,172.31.46.0-255,66,427,44,260204
37660,1.7e-05,172.217.160.0-255,1484,1911,44,260204
37661,2.2e-05,172.31.46.0-255,66,1977,44,260204
37662,2.9e-05,172.217.160.0-255,4320,6297,44,260204
37663,3.2e-05,172.31.46.0-255,66,6363,44,260204
37664,3.8e-05,172.217.160.0-255,5738,12101,44,260204
37665,4.1e-05,172.31.46.0-255,66,12167,44,260204
37666,6.4e-05,172.217.160.0-255,3160,15327,44,260204
37667,6.6e-05,172.31.46.0-255,66,15393,44,260204
37668,9.3e-05,172.31.46.0-255,66,15459,44,260204
37669,0.000113,172.217.160.0-255,6797,22256,44,260204
37670,0.000116,172.31.46.0-255,66,22322,44,260204
37671,0.000169,172.217.160.0-255,1484,23806,44,260204
37672,0.000172,172.31.46.0-255,66,23872,44,260204
37673,0.000188,172.217.160.0-255,2902,26774,44,260204
37674,0.000191,172.31.46.0-255,66,26840,44,260204
37675,0.000196,172.217.160.0-255,5738,32578,44,260204
37676,0.000198,172.31.46.0-255,66,32644,44,260204
37677,0.000226,172.31.46.0-255,66,32710,44,260204
37678,0.000239,172.217.160.0-255,3961,36671,44,260204
37679,0.000241,172.31.46.0-255,66,36737,44,260204
37680,0.000274,172.217.160.0-255,5738,42475,44,260204
37681,0.000276,172.31.46.0-255,66,42541,44,260204
37682,0.000295,172.217.160.0-255,4246,46787,44,260204
37683,0.000297,172.31.46.0-255,66,46853,44,260204
37684,0.000998,172.217.160.0-255,105,46958,44,260204
37685,0.001004,172.31.46.0-255,66,47024,44,260204
37686,0.001079,172.217.160.0-255,1484,48508,44,260204
37687,0.001083,172.31.46.0-255,66,48574,44,260204
37688,0.001086,172.217.160.0-255,1484,50058,44,260204
37689,0.001099,172.217.160.0-255,1484,51542,44,260204
37690,0.001101,172.31.46.0-255,66,51608,44,260204
37691,0.001109,172.217.160.0-255,5738,57346,44,260204
37692,0.00111,172.31.46.0-255,66,57412,44,260204
37693,0.001143,172.217.160.0-255,5738,63150,44,260204
37694,0.001146,172.31.46.0-255,66,63216,44,260204
37695,0.00116,172.217.160.0-255,1125,64341,44,260204
37696,0.001167,172.217.160.0-255,7156,71497,44,260204
37697,0.001169,172.31.46.0-255,66,71563,44,260204
37698,0.001182,172.217.160.0-255,2902,74465,44,260204
37699,0.001184,172.31.46.0-255,66,74531,44,260204
37700,0.001204,172.217.160.0-255,6797,81328,44,260204
37701,0.001207,172.31.46.0-255,66,81394,44,260204
37702,0.001343,172.217.160.0-255,1484,82878,44,260204
37703,0.001349,172.217.160.0-255,2902,85780,44,260204
37704,0.001352,172.31.46.0-255,66,85846,44,260204
37705,0.001377,172.217.160.0-255,5738,91584,44,260204
37706,0.001379,172.31.46.0-255,66,91650,44,260204
37707,0.001389,172.31.46.0-255,66,91716,44,260204
37708,0.001406,172.217.160.0-255,4320,96036,44,260204
37709,0.001408,172.31.46.0-255,66,96102,44,260204
37710,0.001418,172.31.46.0-255,66,96168,44,260204
37711,0.001467,172.217.160.0-255,2184,98352,44,260204
37712,0.001469,172.31.46.0-255,66,98418,44,260204
37713,0.001473,172.217.160.0-255,2902,101320,44,260204
37714,0.001475,172.31.46.0-255,66,101386,44,260204
37715,0.001481,172.217.160.0-255,7156,108542,44,260204
37716,0.001483,172.31.46.0-255,66,108608,44,260204
37717,0.001486,172.217.160.0-255,1484,110092,44,260204
37718,0.001515,172.31.46.0-255,66,110158,44,260204
37719,0.001546,172.217.160.0-255,6438,116596,44,260204
37720,0.001549,172.31.46.0-255,66,116662,44,260204
37721,0.001596,172.217.160.0-255,7156,123818,44,260204
37722,0.001599,172.31.46.0-255,66,123884,44,260204
37723,0.001604,172.217.160.0-255,5738,129622,44,260204
37724,0.001606,172.31.46.0-255,66,129688,44,260204
37725,0.001623,172.217.160.0-255,7156,136844,44,260204
37726,0.001626,172.31.46.0-255,66,136910,44,260204
37727,0.001643,172.217.160.0-255,7156,144066,44,260204
37728,0.001646,172.31.46.0-255,66,144132,44,260204
37729,0.001648,172.217.160.0-255,1484,145616,44,260204
37730,0.001671,172.217.160.0-255,5020,150636,44,260204
37731,0.001674,172.31.46.0-255,66,150702,44,260204
37732,0.001769,172.217.160.0-255,1484,152186,44,260204
37733,0.001775,172.217.160.0-255,2902,155088,44,260204
37734,0.001778,172.31.46.0-255,66,155154,44,260204
37735,0.001781,172.217.160.0-255,1484,156638,44,260204
37736,0.001797,172.217.160.0-255,4320,160958,44,260204
37737,0.001799,172.31.46.0-255,66,161024,44,260204
37738,0.001802,172.217.160.0-255,1484,162508,44,260204
37739,0.001837,172.31.46.0-255,66,162574,44,260204
37740,0.00184,172.217.160.0-255,1484,164058,44,260204
37741,0.001867,172.31.46.0-255,66,164124,44,260204
37742,0.002034,172.217.160.0-255,1484,165608,44,260204
37743,0.002038,172.217.160.0-255,2902,168510,44,260204
37744,0.002041,172.31.46.0-255,66,168576,44,260204
37745,0.002045,172.217.160.0-255,1484,170060,44,260204
37746,0.002063,172.217.160.0-255,4320,174380,44,260204
37747,0.002065,172.31.46.0-255,66,174446,44,260204
37748,0.002072,172.217.160.0-255,5738,180184,44,260204
37749,0.002074,172.31.46.0-255,66,180250,44,260204
37750,0.00211,172.217.160.0-255,7156,187406,44,260204
37751,0.002112,172.31.46.0-255,66,187472,44,260204
37752,0.002118,172.217.160.0-255,5738,193210,44,260204
37753,0.00212,172.31.46.0-255,66,193276,44,260204
37754,0.002125,172.217.160.0-255,5020,198296,44,260204
37755,0.002127,172.31.46.0-255,66,198362,44,260204
37756,0.002288,172.217.160.0-255,1484,199846,44,260204
37757,0.002294,172.217.160.0-255,2902,202748,44,260204
37758,0.002296,172.31.46.0-255,66,202814,44,260204
37759,0.002302,172.217.160.0-255,4320,207134,44,260204
37760,0.002303,172.31.46.0-255,66,207200,44,260204
37761,0.002316,172.217.160.0-255,1484,208684,44,260204
37762,0.002347,172.31.46.0-255,66,208750,44,260204
37763,0.002358,172.31.46.0-255,66,208816,44,260204
37764,0.002406,172.217.160.0-255,5738,214554,44,260204
37765,0.002409,172.31.46.0-255,66,214620,44,260204
37766,0.002441,172.31.46.0-255,66,214686,44,260204
37767,0.002498,172.31.46.0-255,66,214752,44,260204
37768,0.002511,172.217.160.0-255,1484,216236,44,260204
37769,0.002532,172.217.160.0-255,2902,219138,44,260204
37770,0.002534,172.31.46.0-255,66,219204,44,260204
37771,0.00254,172.217.160.0-255,4320,223524,44,260204
37772,0.002542,172.31.46.0-255,66,223590,44,260204
37773,0.002559,172.217.160.0-255,1484,225074,44,260204
37774,0.002565,172.217.160.0-255,5738,230812,44,260204
37775,0.002567,172.31.46.0-255,66,230878,44,260204
37776,0.002572,172.217.160.0-255,4320,235198,44,260204
37777,0.002574,172.31.46.0-255,66,235264,44,260204
37778,0.002588,172.217.160.0-255,1484,236748,44,260204
37779,0.002621,172.217.160.0-255,5738,242486,44,260204
37780,0.002624,172.31.46.0-255,66,242552,44,260204
37781,0.002649,172.217.160.0-255,6438,248990,44,260204
37782,0.002652,172.31.46.0-255,66,249056,44,260204
37783,0.002655,172.217.160.0-255,1484,250540,44,260204
37784,0.002689,172.31.46.0-255,66,250606,44,260204
37785,0.002698,172.31.46.0-255,66,250672,44,260204
37786,0.002731,172.217.160.0-255,105,250777,44,260204
37787,0.004216,172.31.46.0-255,66,250843,44,260204
37788,0.004249,172.31.46.0-255,105,250948,44,260204
37789,0.006128,172.217.160.0-255,66,251014,44,260204
37790,0.032708,172.31.46.0-255,172,251186,44,260204
37791,0.032741,172.31.46.0-255,1113,252299,44,260204
37792,0.032826,172.31.46.0-255,1514,253813,44,260204
37793,0.032828,172.31.46.0-255,1514,255327,44,260204
37794,0.032829,172.31.46.0-255,1514,256841,44,260204
37795,0.03283,172.31.46.0-255,1514,258355,44,260204
37796,0.032859,172.31.46.0-255,1514,259869,44,260204
37797,0.03286,172.31.46.0-255,71,259940,44,260204
37798,0.034231,104.244.42.0-255,66,260006,44,260204
37799,0.034284,104.244.42.0-255,66,260072,44,260204
37800,0.034396,104.244.42.0-255,66,260138,44,260204
37801,0.034407,104.244.42.0-255,66,260204,44,260204
37802,0.0,74.125.24.0-255,156,156,44,267566
37803,1.6e-05,172.31.46.0-255,66,222,44,267566
37804,2.3e-05,74.125.24.0-255,1484,1706,44,267566
37805,2.7e-05,172.31.46.0-255,66,1772,44,267566
37806,3e-05,74.125.24.0-255,1484,3256,44,267566
37807,3.4e-05,172.31.46.0-255,66,3322,44,267566
37808,4.2e-05,74.125.24.0-255,4320,7642,44,267566
37809,4.6e-05,172.31.46.0-255,66,7708,44,267566
37810,0.000106,172.31.46.0-255,66,7774,44,267566
37811,0.000111,74.125.24.0-255,2902,10676,44,267566
37812,0.000113,172.31.46.0-255,66,10742,44,267566
37813,0.000138,172.31.46.0-255,66,10808,44,267566
37814,0.000141,74.125.24.0-255,1125,11933,44,267566
37815,0.000143,172.31.46.0-255,66,11999,44,267566
37816,0.000332,74.125.24.0-255,1484,13483,44,267566
37817,0.000339,172.31.46.0-255,66,13549,44,267566
37818,0.000345,74.125.24.0-255,2902,16451,44,267566
37819,0.000348,172.31.46.0-255,66,16517,44,267566
37820,0.000372,74.125.24.0-255,5738,22255,44,267566
37821,0.000375,172.31.46.0-255,66,22321,44,267566
37822,0.00041,172.31.46.0-255,66,22387,44,267566
37823,0.000417,74.125.24.0-255,5738,28125,44,267566
37824,0.000421,172.31.46.0-255,66,28191,44,267566
37825,0.000447,74.125.24.0-255,5738,33929,44,267566
37826,0.00045,172.31.46.0-255,66,33995,44,267566
37827,0.000454,74.125.24.0-255,2184,36179,44,267566
37828,0.000456,172.31.46.0-255,66,36245,44,267566
37829,0.000584,74.125.24.0-255,363,36608,44,267566
37830,0.000588,172.31.46.0-255,66,36674,44,267566
37831,0.000607,74.125.24.0-255,126,36800,44,267566
37832,0.000695,74.125.24.0-255,1484,38284,44,267566
37833,0.000702,172.31.46.0-255,66,38350,44,267566
37834,0.000712,74.125.24.0-255,2902,41252,44,267566
37835,0.000715,172.31.46.0-255,66,41318,44,267566
37836,0.000727,74.125.24.0-255,1484,42802,44,267566
37837,0.000745,74.125.24.0-255,4320,47122,44,267566
37838,0.000748,172.31.46.0-255,66,47188,44,267566
37839,0.000751,74.125.24.0-255,1484,48672,44,267566
37840,0.000781,172.31.46.0-255,66,48738,44,267566
37841,0.00081,172.31.46.0-255,66,48804,44,267566
37842,0.000832,74.125.24.0-255,3602,52406,44,267566
37843,0.000835,172.31.46.0-255,66,52472,44,267566
37844,0.001362,74.125.24.0-255,1484,53956,44,267566
37845,0.00137,74.125.24.0-255,2902,56858,44,267566
37846,0.001373,172.31.46.0-255,66,56924,44,267566
37847,0.00138,74.125.24.0-255,5738,62662,44,267566
37848,0.001382,172.31.46.0-255,66,62728,44,267566
37849,0.001422,172.31.46.0-255,66,62794,44,267566
37850,0.001428,74.125.24.0-255,4320,67114,44,267566
37851,0.00143,172.31.46.0-255,66,67180,44,267566
37852,0.001456,74.125.24.0-255,2902,70082,44,267566
37853,0.001459,172.31.46.0-255,66,70148,44,267566
37854,0.00148,74.125.24.0-255,3602,73750,44,267566
37855,0.001483,172.31.46.0-255,66,73816,44,267566
37856,0.001575,74.125.24.0-255,1484,75300,44,267566
37857,0.001581,74.125.24.0-255,2902,78202,44,267566
37858,0.001584,172.31.46.0-255,66,78268,44,267566
37859,0.001591,74.125.24.0-255,5738,84006,44,267566
37860,0.001593,172.31.46.0-255,66,84072,44,267566
37861,0.001626,172.31.46.0-255,66,84138,44,267566
37862,0.001647,74.125.24.0-255,2902,87040,44,267566
37863,0.001649,172.31.46.0-255,66,87106,44,267566
37864,0.001662,172.31.46.0-255,66,87172,44,267566
37865,0.001668,74.125.24.0-255,2902,90074,44,267566
37866,0.001671,172.31.46.0-255,66,90140,44,267566
37867,0.001706,74.125.24.0-255,7156,97296,44,267566
37868,0.001749,172.31.46.0-255,66,97362,44,267566
37869,0.001752,172.31.46.0-255,66,97428,44,267566
37870,0.001764,74.125.24.0-255,2902,100330,44,267566
37871,0.001766,172.31.46.0-255,66,100396,44,267566
37872,0.001781,172.31.46.0-255,66,100462,44,267566
37873,0.001793,74.125.24.0-255,1484,101946,44,267566
37874,0.001797,74.125.24.0-255,2902,104848,44,267566
37875,0.001799,172.31.46.0-255,66,104914,44,267566
37876,0.001822,74.125.24.0-255,2902,107816,44,267566
37877,0.001824,172.31.46.0-255,66,107882,44,267566
37878,0.001848,74.125.24.0-255,5738,113620,44,267566
37879,0.00185,172.31.46.0-255,66,113686,44,267566
37880,0.001875,74.125.24.0-255,1484,115170,44,267566
37881,0.001889,172.31.46.0-255,66,115236,44,267566
37882,0.001924,74.125.24.0-255,4320,119556,44,267566
37883,0.001927,172.31.46.0-255,66,119622,44,267566
37884,0.001947,74.125.24.0-255,5020,124642,44,267566
37885,0.00195,172.31.46.0-255,66,124708,44,267566
37886,0.003981,74.125.24.0-255,5738,130446,44,267566
37887,0.003988,172.31.46.0-255,66,130512,44,267566
37888,0.006014,74.125.24.0-255,5738,136250,44,267566
37889,0.006021,172.31.46.0-255,66,136316,44,267566
37890,0.008073,74.125.24.0-255,5738,142054,44,267566
37891,0.008079,172.31.46.0-255,66,142120,44,267566
37892,0.010108,74.125.24.0-255,5738,147858,44,267566
37893,0.010115,172.31.46.0-255,66,147924,44,267566
37894,0.012165,74.125.24.0-255,5738,153662,44,267566
37895,0.012173,172.31.46.0-255,66,153728,44,267566
37896,0.014209,74.125.24.0-255,5738,159466,44,267566
37897,0.014216,172.31.46.0-255,66,159532,44,267566
37898,0.016288,74.125.24.0-255,5738,165270,44,267566
37899,0.016296,172.31.46.0-255,66,165336,44,267566
37900,0.018356,74.125.24.0-255,5738,171074,44,267566
37901,0.018365,172.31.46.0-255,66,171140,44,267566
37902,0.020443,74.125.24.0-255,5738,176878,44,267566
37903,0.020449,172.31.46.0-255,66,176944,44,267566
37904,0.022484,74.125.24.0-255,5738,182682,44,267566
37905,0.022491,172.31.46.0-255,66,182748,44,267566
37906,0.02451,74.125.24.0-255,5738,188486,44,267566
37907,0.024517,172.31.46.0-255,66,188552,44,267566
37908,0.026532,74.125.24.0-255,5738,194290,44,267566
37909,0.026539,172.31.46.0-255,66,194356,44,267566
37910,0.028576,74.125.24.0-255,5738,200094,44,267566
37911,0.028584,172.31.46.0-255,66,200160,44,267566
37912,0.030617,74.125.24.0-255,5738,205898,44,267566
37913,0.030624,172.31.46.0-255,66,205964,44,267566
37914,0.032678,74.125.24.0-255,5738,211702,44,267566
37915,0.032686,172.31.46.0-255,66,211768,44,267566
37916,0.034726,74.125.24.0-255,5738,217506,44,267566
37917,0.034734,172.31.46.0-255,66,217572,44,267566
37918,0.036769,74.125.24.0-255,5738,223310,44,267566
37919,0.036777,172.31.46.0-255,66,223376,44,267566
37920,0.038822,74.125.24.0-255,5738,229114,44,267566
37921,0.038831,172.31.46.0-255,66,229180,44,267566
37922,0.039255,172.31.46.0-255,172,229352,44,267566
37923,0.039288,172.31.46.0-255,1109,230461,44,267566
37924,0.03935,172.31.46.0-255,1514,231975,44,267566
37925,0.039352,172.31.46.0-255,1514,233489,44,267566
37926,0.039359,172.31.46.0-255,1514,235003,44,267566
37927,0.03936,172.31.46.0-255,1514,236517,44,267566
37928,0.039379,172.31.46.0-255,1514,238031,44,267566
37929,0.039384,172.31.46.0-255,77,238108,44,267566
37930,0.040803,104.244.42.0-255,66,238174,44,267566
37931,0.040852,74.125.24.0-255,5738,243912,44,267566
37932,0.040859,172.31.46.0-255,66,243978,44,267566
37933,0.040879,104.244.42.0-255,66,244044,44,267566
37934,0.040883,104.244.42.0-255,66,244110,44,267566
37935,0.040935,104.244.42.0-255,66,244176,44,267566
37936,0.041642,104.244.42.0-255,108,244284,44,267566
37937,0.041651,172.31.46.0-255,66,244350,44,267566
37938,0.042904,74.125.24.0-255,5738,250088,44,267566
37939,0.042912,172.31.46.0-255,66,250154,44,267566
37940,0.044957,74.125.24.0-255,5738,255892,44,267566
37941,0.044965,172.31.46.0-255,66,255958,44,267566
37942,0.047005,74.125.24.0-255,5738,261696,44,267566
37943,0.047012,172.31.46.0-255,66,261762,44,267566
37944,0.04908,74.125.24.0-255,5738,267500,44,267566
37945,0.049087,172.31.46.0-255,66,267566,44,267566
37946,0.0,74.125.24.0-255,150,150,44,219102
37947,2.2e-05,172.31.46.0-255,66,216,44,219102
37948,2.9e-05,74.125.24.0-255,1484,1700,44,219102
37949,3.4e-05,172.31.46.0-255,66,1766,44,219102
37950,3.9e-05,74.125.24.0-255,2902,4668,44,219102
37951,4.3e-05,172.31.46.0-255,66,4734,44,219102
37952,5.1e-05,74.125.24.0-255,7156,11890,44,219102
37953,5.5e-05,172.31.46.0-255,66,11956,44,219102
37954,6.7e-05,172.31.46.0-255,66,12022,44,219102
37955,7.9e-05,172.31.46.0-255,66,12088,44,219102
37956,0.000163,74.125.24.0-255,1484,13572,44,219102
37957,0.000167,172.31.46.0-255,66,13638,44,219102
37958,0.000184,74.125.24.0-255,2902,16540,44,219102
37959,0.000187,172.31.46.0-255,66,16606,44,219102
37960,0.000193,74.125.24.0-255,4320,20926,44,219102
37961,0.000195,172.31.46.0-255,66,20992,44,219102
37962,0.000213,74.125.24.0-255,1484,22476,44,219102
37963,0.000215,172.31.46.0-255,66,22542,44,219102
37964,0.00022,74.125.24.0-255,4320,26862,44,219102
37965,0.000223,172.31.46.0-255,66,26928,44,219102
37966,0.000253,172.31.46.0-255,66,26994,44,219102
37967,0.000276,74.125.24.0-255,2543,29537,44,219102
37968,0.000278,172.31.46.0-255,66,29603,44,219102
37969,0.000286,74.125.24.0-255,7068,36671,44,219102
37970,0.000288,172.31.46.0-255,66,36737,44,219102
37971,0.000708,74.125.24.0-255,132,36869,44,219102
37972,0.000713,172.31.46.0-255,66,36935,44,219102
37973,0.000732,74.125.24.0-255,349,37284,44,219102
37974,0.000735,172.31.46.0-255,66,37350,44,219102
37975,0.001052,74.125.24.0-255,1484,38834,44,219102
37976,0.00106,74.125.24.0-255,2902,41736,44,219102
37977,0.001063,172.31.46.0-255,66,41802,44,219102
37978,0.001083,74.125.24.0-255,5738,47540,44,219102
37979,0.001086,172.31.46.0-255,66,47606,44,219102
37980,0.001104,74.125.24.0-255,5738,53344,44,219102
37981,0.001106,172.31.46.0-255,66,53410,44,219102
37982,0.001127,74.125.24.0-255,7156,60566,44,219102
37983,0.001129,172.31.46.0-255,66,60632,44,219102
37984,0.001141,172.31.46.0-255,66,60698,44,219102
37985,0.001165,74.125.24.0-255,2184,62882,44,219102
37986,0.001168,172.31.46.0-255,66,62948,44,219102
37987,0.002049,74.125.24.0-255,1484,64432,44,219102
37988,0.002058,74.125.24.0-255,2902,67334,44,219102
37989,0.002063,172.31.46.0-255,66,67400,44,219102
37990,0.00207,74.125.24.0-255,5738,73138,44,219102
37991,0.002072,172.31.46.0-255,66,73204,44,219102
37992,0.002077,74.125.24.0-255,4320,77524,44,219102
37993,0.002079,172.31.46.0-255,66,77590,44,219102
37994,0.002109,172.31.46.0-255,66,77656,44,219102
37995,0.002125,74.125.24.0-255,2902,80558,44,219102
37996,0.002127,172.31.46.0-255,66,80624,44,219102
37997,0.002145,74.125.24.0-255,5020,85644,44,219102
37998,0.002147,172.31.46.0-255,66,85710,44,219102
37999,0.002424,74.125.24.0-255,1484,87194,44,219102
38000,0.002429,74.125.24.0-255,2902,90096,44,219102
38001,0.002432,172.31.46.0-255,66,90162,44,219102
38002,0.002448,74.125.24.0-255,5738,95900,44,219102
38003,0.00245,172.31.46.0-255,66,95966,44,219102
38004,0.002474,74.125.24.0-255,4320,100286,44,219102
38005,0.002476,172.31.46.0-255,66,100352,44,219102
38006,0.002506,172.31.46.0-255,66,100418,44,219102
38007,0.002512,74.125.24.0-255,5738,106156,44,219102
38008,0.002514,172.31.46.0-255,66,106222,44,219102
38009,0.002579,172.31.46.0-255,66,106288,44,219102
38010,0.002591,172.31.46.0-255,66,106354,44,219102
38011,0.002622,172.31.46.0-255,66,106420,44,219102
38012,0.002644,74.125.24.0-255,1484,107904,44,219102
38013,0.005174,74.125.24.0-255,4320,112224,44,219102
38014,0.00518,172.31.46.0-255,66,112290,44,219102
38015,0.007771,74.125.24.0-255,5738,118028,44,219102
38016,0.007778,172.31.46.0-255,66,118094,44,219102
38017,0.010383,74.125.24.0-255,5738,123832,44,219102
38018,0.010396,172.31.46.0-255,66,123898,44,219102
38019,0.012974,74.125.24.0-255,5738,129636,44,219102
38020,0.012988,172.31.46.0-255,66,129702,44,219102
38021,0.015567,74.125.24.0-255,5738,135440,44,219102
38022,0.015583,172.31.46.0-255,66,135506,44,219102
38023,0.018134,74.125.24.0-255,5738,141244,44,219102
38024,0.018145,172.31.46.0-255,66,141310,44,219102
38025,0.020711,74.125.24.0-255,5738,147048,44,219102
38026,0.020723,172.31.46.0-255,66,147114,44,219102
38027,0.023304,74.125.24.0-255,4320,151434,44,219102
38028,0.023317,172.31.46.0-255,66,151500,44,219102
38029,0.023338,74.125.24.0-255,1484,152984,44,219102
38030,0.0259,74.125.24.0-255,4320,157304,44,219102
38031,0.025912,172.31.46.0-255,66,157370,44,219102
38032,0.028487,74.125.24.0-255,5738,163108,44,219102
38033,0.028501,172.31.46.0-255,66,163174,44,219102
38034,0.03107,74.125.24.0-255,5738,168912,44,219102
38035,0.031083,172.31.46.0-255,66,168978,44,219102
38036,0.033637,74.125.24.0-255,5738,174716,44,219102
38037,0.033648,172.31.46.0-255,66,174782,44,219102
38038,0.036228,74.125.24.0-255,5738,180520,44,219102
38039,0.036244,172.31.46.0-255,66,180586,44,219102
38040,0.038841,74.125.24.0-255,2902,183488,44,219102
38041,0.038849,172.31.46.0-255,66,183554,44,219102
38042,0.03887,74.125.24.0-255,2902,186456,44,219102
38043,0.038872,172.31.46.0-255,66,186522,44,219102
38044,0.039829,172.31.46.0-255,172,186694,44,219102
38045,0.039861,172.31.46.0-255,1115,187809,44,219102
38046,0.039926,172.31.46.0-255,1514,189323,44,219102
38047,0.039927,172.31.46.0-255,1514,190837,44,219102
38048,0.039929,172.31.46.0-255,1514,192351,44,219102
38049,0.03993,172.31.46.0-255,1514,193865,44,219102
38050,0.039957,172.31.46.0-255,1514,195379,44,219102
38051,0.039958,172.31.46.0-255,69,195448,44,219102
38052,0.0414,104.244.42.0-255,66,195514,44,219102
38053,0.041413,104.244.42.0-255,66,195580,44,219102
38054,0.041419,74.125.24.0-255,5738,201318,44,219102
38055,0.041426,172.31.46.0-255,66,201384,44,219102
38056,0.041509,104.244.42.0-255,66,201450,44,219102
38057,0.041515,104.244.42.0-255,66,201516,44,219102
38058,0.042128,104.244.42.0-255,108,201624,44,219102
38059,0.042138,172.31.46.0-255,66,201690,44,219102
38060,0.044008,74.125.24.0-255,5738,207428,44,219102
38061,0.044018,172.31.46.0-255,66,207494,44,219102
38062,0.046586,74.125.24.0-255,5738,213232,44,219102
38063,0.046601,172.31.46.0-255,66,213298,44,219102
38064,0.049171,74.125.24.0-255,5738,219036,44,219102
38065,0.049183,172.31.46.0-255,66,219102,44,219102
38066,0.0,74.125.24.0-255,152,152,44,204431
38067,2.3e-05,172.31.46.0-255,66,218,44,204431
38068,3.1e-05,74.125.24.0-255,1484,1702,44,204431
38069,3.4e-05,172.31.46.0-255,66,1768,44,204431
38070,4e-05,74.125.24.0-255,2902,4670,44,204431
38071,4.4e-05,172.31.46.0-255,66,4736,44,204431
38072,5.2e-05,74.125.24.0-255,7156,11892,44,204431
38073,5.6e-05,172.31.46.0-255,66,11958,44,204431
38074,5.9e-05,74.125.24.0-255,1484,13442,44,204431
38075,6.2e-05,172.31.46.0-255,66,13508,44,204431
38076,7.5e-05,172.31.46.0-255,66,13574,44,204431
38077,0.000103,74.125.24.0-255,7156,20730,44,204431
38078,0.000106,172.31.46.0-255,66,20796,44,204431
38079,0.000142,74.125.24.0-255,7156,27952,44,204431
38080,0.000146,172.31.46.0-255,66,28018,44,204431
38081,0.000161,172.31.46.0-255,66,28084,44,204431
38082,0.00019,74.125.24.0-255,5738,33822,44,204431
38083,0.000192,172.31.46.0-255,66,33888,44,204431
38084,0.000212,74.125.24.0-255,4340,38228,44,204431
38085,0.000215,172.31.46.0-255,66,38294,44,204431
38086,0.000339,74.125.24.0-255,1484,39778,44,204431
38087,0.000343,172.31.46.0-255,66,39844,44,204431
38088,0.000349,74.125.24.0-255,2902,42746,44,204431
38089,0.000351,172.31.46.0-255,66,42812,44,204431
38090,0.000357,74.125.24.0-255,5738,48550,44,204431
38091,0.00036,172.31.46.0-255,66,48616,44,204431
38092,0.000393,172.31.46.0-255,66,48682,44,204431
38093,0.000404,172.31.46.0-255,66,48748,44,204431
38094,0.000444,74.125.24.0-255,2184,50932,44,204431
38095,0.000446,172.31.46.0-255,66,50998,44,204431
38096,0.000477,74.125.24.0-255,3165,54163,44,204431
38097,0.000479,172.31.46.0-255,66,54229,44,204431
38098,0.000484,74.125.24.0-255,2902,57131,44,204431
38099,0.000487,172.31.46.0-255,66,57197,44,204431
38100,0.000501,74.125.24.0-255,4320,61517,44,204431
38101,0.000504,172.31.46.0-255,66,61583,44,204431
38102,0.00051,74.125.24.0-255,5738,67321,44,204431
38103,0.000513,172.31.46.0-255,66,67387,44,204431
38104,0.000531,74.125.24.0-255,7156,74543,44,204431
38105,0.000533,172.31.46.0-255,66,74609,44,204431
38106,0.000548,74.125.24.0-255,5738,80347,44,204431
38107,0.00055,172.31.46.0-255,66,80413,44,204431
38108,0.000573,74.125.24.0-255,5020,85433,44,204431
38109,0.000575,172.31.46.0-255,66,85499,44,204431
38110,0.0006,172.31.46.0-255,66,85565,44,204431
38111,0.000622,74.125.24.0-255,2902,88467,44,204431
38112,0.000625,172.31.46.0-255,66,88533,44,204431
38113,0.000632,74.125.24.0-255,7156,95689,44,204431
38114,0.000634,172.31.46.0-255,66,95755,44,204431
38115,0.000655,74.125.24.0-255,1484,97239,44,204431
38116,0.000694,172.31.46.0-255,66,97305,44,204431
38117,0.00071,172.31.46.0-255,66,97371,44,204431
38118,0.000723,172.31.46.0-255,66,97437,44,204431
38119,0.000788,172.31.46.0-255,66,97503,44,204431
38120,0.00082,74.125.24.0-255,1484,98987,44,204431
38121,0.000838,74.125.24.0-255,2902,101889,44,204431
38122,0.000841,172.31.46.0-255,66,101955,44,204431
38123,0.000845,74.125.24.0-255,2902,104857,44,204431
38124,0.000847,172.31.46.0-255,66,104923,44,204431
38125,0.00086,74.125.24.0-255,2902,107825,44,204431
38126,0.000862,172.31.46.0-255,66,107891,44,204431
38127,0.000868,74.125.24.0-255,7156,115047,44,204431
38128,0.000871,172.31.46.0-255,66,115113,44,204431
38129,0.000886,74.125.24.0-255,1484,116597,44,204431
38130,0.000922,172.31.46.0-255,66,116663,44,204431
38131,0.000945,74.125.24.0-255,6438,123101,44,204431
38132,0.000948,172.31.46.0-255,66,123167,44,204431
38133,0.000965,74.125.24.0-255,1484,124651,44,204431
38134,0.000969,74.125.24.0-255,2902,127553,44,204431
38135,0.000971,172.31.46.0-255,66,127619,44,204431
38136,0.000984,74.125.24.0-255,5738,133357,44,204431
38137,0.001027,172.31.46.0-255,66,133423,44,204431
38138,0.00104,74.125.24.0-255,1484,134907,44,204431
38139,0.001066,74.125.24.0-255,2184,137091,44,204431
38140,0.001075,172.31.46.0-255,66,137157,44,204431
38141,0.001086,74.125.24.0-255,2902,140059,44,204431
38142,0.001091,74.125.24.0-255,2902,142961,44,204431
38143,0.001106,74.125.24.0-255,4320,147281,44,204431
38144,0.00112,172.31.46.0-255,66,147347,44,204431
38145,0.001176,172.31.46.0-255,66,147413,44,204431
38146,0.001225,74.125.24.0-255,1484,148897,44,204431
38147,0.001239,74.125.24.0-255,2902,151799,44,204431
38148,0.001257,74.125.24.0-255,5738,157537,44,204431
38149,0.001271,172.31.46.0-255,66,157603,44,204431
38150,0.001293,172.31.46.0-255,66,157669,44,204431
38151,0.001298,74.125.24.0-255,4320,161989,44,204431
38152,0.001333,172.31.46.0-255,66,162055,44,204431
38153,0.001343,74.125.24.0-255,1484,163539,44,204431
38154,0.001355,74.125.24.0-255,1484,165023,44,204431
38155,0.001366,74.125.24.0-255,1484,166507,44,204431
38156,0.001372,74.125.24.0-255,5738,172245,44,204431
38157,0.001389,172.31.46.0-255,66,172311,44,204431
38158,0.001405,172.31.46.0-255,66,172377,44,204431
38159,0.001445,74.125.24.0-255,7156,179533,44,204431
38160,0.00146,74.125.24.0-255,3602,183135,44,204431
38161,0.001472,74.125.24.0-255,1484,184619,44,204431
38162,0.001477,172.31.46.0-255,66,184685,44,204431
38163,0.001501,74.125.24.0-255,7156,191841,44,204431
38164,0.001553,74.125.24.0-255,3055,194896,44,204431
38165,0.001556,74.125.24.0-255,105,195001,44,204431
38166,0.00157,172.31.46.0-255,66,195067,44,204431
38167,0.003993,172.31.46.0-255,105,195172,44,204431
38168,0.006221,74.125.24.0-255,66,195238,44,204431
38169,0.039861,172.31.46.0-255,172,195410,44,204431
38170,0.039891,172.31.46.0-255,1114,196524,44,204431
38171,0.039959,172.31.46.0-255,1514,198038,44,204431
38172,0.039962,172.31.46.0-255,1514,199552,44,204431
38173,0.039967,172.31.46.0-255,1514,201066,44,204431
38174,0.039968,172.31.46.0-255,1514,202580,44,204431
38175,0.039986,172.31.46.0-255,1514,204094,44,204431
38176,0.039988,172.31.46.0-255,73,204167,44,204431
38177,0.041412,104.244.42.0-255,66,204233,44,204431
38178,0.04146,104.244.42.0-255,66,204299,44,204431
38179,0.041498,104.244.42.0-255,66,204365,44,204431
38180,0.041547,104.244.42.0-255,66,204431,44,204431
38181,0.0,74.125.24.0-255,153,153,44,325211
38182,1.6e-05,172.31.46.0-255,66,219,44,325211
38183,2.4e-05,74.125.24.0-255,1484,1703,44,325211
38184,2.8e-05,172.31.46.0-255,66,1769,44,325211
38185,3.5e-05,74.125.24.0-255,2902,4671,44,325211
38186,4.7e-05,172.31.46.0-255,66,4737,44,325211
38187,5e-05,74.125.24.0-255,1484,6221,44,325211
38188,5.2e-05,172.31.46.0-255,66,6287,44,325211
38189,5.7e-05,74.125.24.0-255,2902,9189,44,325211
38190,6e-05,172.31.46.0-255,66,9255,44,325211
38191,0.000105,74.125.24.0-255,1484,10739,44,325211
38192,0.000108,172.31.46.0-255,66,10805,44,325211
38193,0.000135,74.125.24.0-255,3464,14269,44,325211
38194,0.000138,172.31.46.0-255,66,14335,44,325211
38195,0.00016,74.125.24.0-255,1484,15819,44,325211
38196,0.000162,172.31.46.0-255,66,15885,44,325211
38197,0.000166,74.125.24.0-255,2902,18787,44,325211
38198,0.000169,172.31.46.0-255,66,18853,44,325211
38199,0.000198,74.125.24.0-255,5738,24591,44,325211
38200,0.000201,172.31.46.0-255,66,24657,44,325211
38201,0.000208,74.125.24.0-255,6797,31454,44,325211
38202,0.00021,172.31.46.0-255,66,31520,44,325211
38203,0.000234,74.125.24.0-255,1484,33004,44,325211
38204,0.000236,172.31.46.0-255,66,33070,44,325211
38205,0.000274,74.125.24.0-255,5738,38808,44,325211
38206,0.000276,172.31.46.0-255,66,38874,44,325211
38207,0.000282,74.125.24.0-255,4320,43194,44,325211
38208,0.000284,172.31.46.0-255,66,43260,44,325211
38209,0.000312,74.125.24.0-255,5379,48639,44,325211
38210,0.000315,172.31.46.0-255,66,48705,44,325211
38211,0.000348,74.125.24.0-255,1484,50189,44,325211
38212,0.000351,172.31.46.0-255,66,50255,44,325211
38213,0.000354,74.125.24.0-255,1484,51739,44,325211
38214,0.000375,74.125.24.0-255,1484,53223,44,325211
38215,0.000381,74.125.24.0-255,5738,58961,44,325211
38216,0.000396,74.125.24.0-255,1484,60445,44,325211
38217,0.000413,74.125.24.0-255,5379,65824,44,325211
38218,0.000434,74.125.24.0-255,676,66500,44,325211
38219,0.000547,172.31.46.0-255,66,66566,44,325211
38220,0.000687,74.125.24.0-255,1484,68050,44,325211
38221,0.000694,74.125.24.0-255,2902,70952,44,325211
38222,0.000713,74.125.24.0-255,5738,76690,44,325211
38223,0.000745,172.31.46.0-255,66,76756,44,325211
38224,0.000806,172.31.46.0-255,66,76822,44,325211
38225,0.000834,74.125.24.0-255,3602,80424,44,325211
38226,0.00085,172.31.46.0-255,66,80490,44,325211
38227,0.000928,74.125.24.0-255,1484,81974,44,325211
38228,0.000934,74.125.24.0-255,2902,84876,44,325211
38229,0.000952,74.125.24.0-255,5738,90614,44,325211
38230,0.000955,172.31.46.0-255,66,90680,44,325211
38231,0.00096,172.31.46.0-255,66,90746,44,325211
38232,0.000998,74.125.24.0-255,4320,95066,44,325211
38233,0.001005,172.31.46.0-255,66,95132,44,325211
38234,0.001029,74.125.24.0-255,7156,102288,44,325211
38235,0.001056,74.125.24.0-255,2184,104472,44,325211
38236,0.001061,74.125.24.0-255,2902,107374,44,325211
38237,0.001065,74.125.24.0-255,4320,111694,44,325211
38238,0.001079,172.31.46.0-255,66,111760,44,325211
38239,0.001086,74.125.24.0-255,5738,117498,44,325211
38240,0.001091,172.31.46.0-255,66,117564,44,325211
38241,0.001106,74.125.24.0-255,2902,120466,44,325211
38242,0.001145,172.31.46.0-255,66,120532,44,325211
38243,0.001172,74.125.24.0-255,5020,125552,44,325211
38244,0.001176,74.125.24.0-255,1484,127036,44,325211
38245,0.00118,74.125.24.0-255,2902,129938,44,325211
38246,0.001198,172.31.46.0-255,66,130004,44,325211
38247,0.001208,74.125.24.0-255,5738,135742,44,325211
38248,0.001212,74.125.24.0-255,1484,137226,44,325211
38249,0.001221,172.31.46.0-255,66,137292,44,325211
38250,0.001242,74.125.24.0-255,7156,144448,44,325211
38251,0.001272,74.125.24.0-255,5020,149468,44,325211
38252,0.001281,172.31.46.0-255,66,149534,44,325211
38253,0.001488,74.125.24.0-255,1484,151018,44,325211
38254,0.001495,74.125.24.0-255,2902,153920,44,325211
38255,0.001499,74.125.24.0-255,2902,156822,44,325211
38256,0.001505,172.31.46.0-255,66,156888,44,325211
38257,0.001524,74.125.24.0-255,2902,159790,44,325211
38258,0.001531,74.125.24.0-255,5738,165528,44,325211
38259,0.001535,74.125.24.0-255,2902,168430,44,325211
38260,0.001549,74.125.24.0-255,4320,172750,44,325211
38261,0.001559,172.31.46.0-255,66,172816,44,325211
38262,0.001606,172.31.46.0-255,66,172882,44,325211
38263,0.001703,74.125.24.0-255,1484,174366,44,325211
38264,0.001709,74.125.24.0-255,2902,177268,44,325211
38265,0.001713,74.125.24.0-255,2902,180170,44,325211
38266,0.001721,172.31.46.0-255,66,180236,44,325211
38267,0.001732,74.125.24.0-255,2902,183138,44,325211
38268,0.001735,74.125.24.0-255,1484,184622,44,325211
38269,0.001814,74.125.24.0-255,4320,188942,44,325211
38270,0.001844,172.31.46.0-255,66,189008,44,325211
38271,0.001869,74.125.24.0-255,1484,190492,44,325211
38272,0.001872,74.125.24.0-255,1484,191976,44,325211
38273,0.001892,74.125.24.0-255,1484,193460,44,325211
38274,0.001897,74.125.24.0-255,5738,199198,44,325211
38275,0.001901,172.31.46.0-255,66,199264,44,325211
38276,0.001916,74.125.24.0-255,7156,206420,44,325211
38277,0.001919,172.31.46.0-255,66,206486,44,325211
38278,0.001942,74.125.24.0-255,5738,212224,44,325211
38279,0.001955,74.125.24.0-255,766,212990,44,325211
38280,0.001975,172.31.46.0-255,66,213056,44,325211
38281,0.002003,74.125.24.0-255,1484,214540,44,325211
38282,0.003987,74.125.24.0-255,4320,218860,44,325211
38283,0.003994,172.31.46.0-255,66,218926,44,325211
38284,0.006013,74.125.24.0-255,5738,224664,44,325211
38285,0.009412,172.31.46.0-255,66,224730,44,325211
38286,0.011437,74.125.24.0-255,4320,229050,44,325211
38287,0.011445,172.31.46.0-255,66,229116,44,325211
38288,0.011469,74.125.24.0-255,1484,230600,44,325211
38289,0.013449,74.125.24.0-255,4320,234920,44,325211
38290,0.013456,172.31.46.0-255,66,234986,44,325211
38291,0.015451,74.125.24.0-255,5738,240724,44,325211
38292,0.015459,172.31.46.0-255,66,240790,44,325211
38293,0.017493,74.125.24.0-255,5738,246528,44,325211
38294,0.017506,172.31.46.0-255,66,246594,44,325211
38295,0.019516,74.125.24.0-255,5738,252332,44,325211
38296,0.019528,172.31.46.0-255,66,252398,44,325211
38297,0.021534,74.125.24.0-255,5738,258136,44,325211
38298,0.021544,172.31.46.0-255,66,258202,44,325211
38299,0.023595,74.125.24.0-255,4320,262522,44,325211
38300,0.023603,172.31.46.0-255,66,262588,44,325211
38301,0.023631,74.125.24.0-255,1484,264072,44,325211
38302,0.025607,74.125.24.0-255,4320,268392,44,325211
38303,0.025614,172.31.46.0-255,66,268458,44,325211
38304,0.027628,74.125.24.0-255,5738,274196,44,325211
38305,0.027636,172.31.46.0-255,66,274262,44,325211
38306,0.029639,74.125.24.0-255,5738,280000,44,325211
38307,0.029646,172.31.46.0-255,66,280066,44,325211
38308,0.030382,172.31.46.0-255,182,280248,44,325211
38309,0.030413,172.31.46.0-255,1123,281371,44,325211
38310,0.03048,172.31.46.0-255,1514,282885,44,325211
38311,0.030482,172.31.46.0-255,1514,284399,44,325211
38312,0.030483,172.31.46.0-255,1514,285913,44,325211
38313,0.030484,172.31.46.0-255,1514,287427,44,325211
38314,0.030485,172.31.46.0-255,549,287976,44,325211
38315,0.031639,74.125.24.0-255,5738,293714,44,325211
38316,0.031645,172.31.46.0-255,66,293780,44,325211
38317,0.031942,104.244.42.0-255,66,293846,44,325211
38318,0.032038,104.244.42.0-255,66,293912,44,325211
38319,0.032093,104.244.42.0-255,66,293978,44,325211
38320,0.032118,104.244.42.0-255,66,294044,44,325211
38321,0.033669,74.125.24.0-255,5738,299782,44,325211
38322,0.033674,172.31.46.0-255,66,299848,44,325211
38323,0.035663,74.125.24.0-255,5738,305586,44,325211
38324,0.03567,172.31.46.0-255,66,305652,44,325211
38325,0.037701,74.125.24.0-255,5738,311390,44,325211
38326,0.037707,172.31.46.0-255,66,311456,44,325211
38327,0.039725,74.125.24.0-255,5738,317194,44,325211
38328,0.039732,172.31.46.0-255,66,317260,44,325211
38329,0.041723,74.125.24.0-255,5738,322998,44,325211
38330,0.041729,172.31.46.0-255,66,323064,44,325211
38331,0.043728,74.125.24.0-255,1910,324974,44,325211
38332,0.043735,172.31.46.0-255,66,325040,44,325211
38333,0.043893,172.31.46.0-255,105,325145,44,325211
38334,0.045857,74.125.24.0-255,66,325211,44,325211
38335,0.0,172.217.27.0-255,153,153,44,283714
38336,1.2e-05,172.31.46.0-255,66,219,44,283714
38337,1.8e-05,172.217.27.0-255,1484,1703,44,283714
38338,2.2e-05,172.31.46.0-255,66,1769,44,283714
38339,4.7e-05,172.217.27.0-255,2902,4671,44,283714
38340,5e-05,172.31.46.0-255,66,4737,44,283714
38341,6.2e-05,172.217.27.0-255,5738,10475,44,283714
38342,6.5e-05,172.31.46.0-255,66,10541,44,283714
38343,0.000113,172.217.27.0-255,3357,13898,44,283714
38344,0.000116,172.31.46.0-255,66,13964,44,283714
38345,0.000405,172.217.27.0-255,1484,15448,44,283714
38346,0.00041,172.217.27.0-255,2902,18350,44,283714
38347,0.000413,172.217.27.0-255,1484,19834,44,283714
38348,0.000424,172.31.46.0-255,66,19900,44,283714
38349,0.000428,172.31.46.0-255,66,19966,44,283714
38350,0.000431,172.31.46.0-255,66,20032,44,283714
38351,0.000438,172.217.27.0-255,4320,24352,44,283714
38352,0.000446,172.31.46.0-255,66,24418,44,283714
38353,0.000454,172.217.27.0-255,6797,31215,44,283714
38354,0.000457,172.31.46.0-255,66,31281,44,283714
38355,0.000751,172.217.27.0-255,1484,32765,44,283714
38356,0.000756,172.31.46.0-255,66,32831,44,283714
38357,0.000764,172.217.27.0-255,2902,35733,44,283714
38358,0.000766,172.31.46.0-255,66,35799,44,283714
38359,0.000778,172.217.27.0-255,4320,40119,44,283714
38360,0.00078,172.31.46.0-255,66,40185,44,283714
38361,0.000784,172.217.27.0-255,1484,41669,44,283714
38362,0.000786,172.31.46.0-255,66,41735,44,283714
38363,0.000831,172.31.46.0-255,66,41801,44,283714
38364,0.000835,172.217.27.0-255,1484,43285,44,283714
38365,0.000837,172.31.46.0-255,66,43351,44,283714
38366,0.000841,172.217.27.0-255,2902,46253,44,283714
38367,0.000843,172.31.46.0-255,66,46319,44,283714
38368,0.00085,172.217.27.0-255,5738,52057,44,283714
38369,0.000852,172.31.46.0-255,66,52123,44,283714
38370,0.000858,172.217.27.0-255,5379,57502,44,283714
38371,0.00086,172.31.46.0-255,66,57568,44,283714
38372,0.001168,172.217.27.0-255,394,57962,44,283714
38373,0.001253,172.217.27.0-255,349,58311,44,283714
38374,0.001398,172.217.27.0-255,1484,59795,44,283714
38375,0.001405,172.31.46.0-255,66,59861,44,283714
38376,0.001412,172.217.27.0-255,2902,62763,44,283714
38377,0.001415,172.31.46.0-255,66,62829,44,283714
38378,0.001424,172.217.27.0-255,2902,65731,44,283714
38379,0.001426,172.31.46.0-255,66,65797,44,283714
38380,0.001432,172.217.27.0-255,4320,70117,44,283714
38381,0.001434,172.31.46.0-255,66,70183,44,283714
38382,0.001491,172.217.27.0-255,5379,75562,44,283714
38383,0.001495,172.31.46.0-255,66,75628,44,283714
38384,0.001501,172.217.27.0-255,4320,79948,44,283714
38385,0.001503,172.31.46.0-255,66,80014,44,283714
38386,0.001526,172.217.27.0-255,1484,81498,44,283714
38387,0.001538,172.217.27.0-255,7156,88654,44,283714
38388,0.001541,172.31.46.0-255,66,88720,44,283714
38389,0.001547,172.217.27.0-255,3961,92681,44,283714
38390,0.001549,172.31.46.0-255,66,92747,44,283714
38391,0.002658,172.217.27.0-255,1484,94231,44,283714
38392,0.002665,172.217.27.0-255,2902,97133,44,283714
38393,0.002669,172.31.46.0-255,66,97199,44,283714
38394,0.002674,172.217.27.0-255,2902,100101,44,283714
38395,0.002676,172.31.46.0-255,66,100167,44,283714
38396,0.002715,172.217.27.0-255,2902,103069,44,283714
38397,0.002718,172.31.46.0-255,66,103135,44,283714
38398,0.002729,172.31.46.0-255,66,103201,44,283714
38399,0.002746,172.31.46.0-255,66,103267,44,283714
38400,0.002752,172.217.27.0-255,5020,108287,44,283714
38401,0.002755,172.31.46.0-255,66,108353,44,283714
38402,0.002983,172.217.27.0-255,1484,109837,44,283714
38403,0.003002,172.217.27.0-255,2902,112739,44,283714
38404,0.003007,172.31.46.0-255,66,112805,44,283714
38405,0.003012,172.217.27.0-255,1484,114289,44,283714
38406,0.003017,172.217.27.0-255,2902,117191,44,283714
38407,0.003019,172.31.46.0-255,66,117257,44,283714
38408,0.00305,172.217.27.0-255,2902,120159,44,283714
38409,0.003053,172.31.46.0-255,66,120225,44,283714
38410,0.003061,172.217.27.0-255,7156,127381,44,283714
38411,0.003064,172.31.46.0-255,66,127447,44,283714
38412,0.003096,172.217.27.0-255,5738,133185,44,283714
38413,0.003099,172.31.46.0-255,66,133251,44,283714
38414,0.003109,172.31.46.0-255,66,133317,44,283714
38415,0.003116,172.217.27.0-255,766,134083,44,283714
38416,0.003391,172.217.27.0-255,1484,135567,44,283714
38417,0.003396,172.31.46.0-255,66,135633,44,283714
38418,0.003403,172.217.27.0-255,2902,138535,44,283714
38419,0.003405,172.31.46.0-255,66,138601,44,283714
38420,0.003412,172.217.27.0-255,1484,140085,44,283714
38421,0.003417,172.217.27.0-255,2902,142987,44,283714
38422,0.003419,172.31.46.0-255,66,143053,44,283714
38423,0.003452,172.217.27.0-255,5738,148791,44,283714
38424,0.003455,172.31.46.0-255,66,148857,44,283714
38425,0.003461,172.217.27.0-255,4320,153177,44,283714
38426,0.003463,172.31.46.0-255,66,153243,44,283714
38427,0.003491,172.217.27.0-255,7156,160399,44,283714
38428,0.003493,172.31.46.0-255,66,160465,44,283714
38429,0.003528,172.31.46.0-255,66,160531,44,283714
38430,0.003584,172.217.27.0-255,1484,162015,44,283714
38431,0.00361,172.217.27.0-255,1484,163499,44,283714
38432,0.003613,172.31.46.0-255,66,163565,44,283714
38433,0.003639,172.217.27.0-255,2902,166467,44,283714
38434,0.003642,172.31.46.0-255,66,166533,44,283714
38435,0.003648,172.217.27.0-255,5738,172271,44,283714
38436,0.003651,172.31.46.0-255,66,172337,44,283714
38437,0.003712,172.31.46.0-255,66,172403,44,283714
38438,0.003725,172.31.46.0-255,66,172469,44,283714
38439,0.00373,172.217.27.0-255,3602,176071,44,283714
38440,0.003732,172.31.46.0-255,66,176137,44,283714
38441,0.00421,172.217.27.0-255,1484,177621,44,283714
38442,0.004217,172.217.27.0-255,2902,180523,44,283714
38443,0.004221,172.31.46.0-255,66,180589,44,283714
38444,0.004258,172.217.27.0-255,5738,186327,44,283714
38445,0.004261,172.31.46.0-255,66,186393,44,283714
38446,0.004287,172.31.46.0-255,66,186459,44,283714
38447,0.004298,172.31.46.0-255,66,186525,44,283714
38448,0.004302,172.217.27.0-255,766,187291,44,283714
38449,0.004441,172.217.27.0-255,1484,188775,44,283714
38450,0.004445,172.31.46.0-255,66,188841,44,283714
38451,0.00445,172.217.27.0-255,2902,191743,44,283714
38452,0.004452,172.31.46.0-255,66,191809,44,283714
38453,0.004455,172.217.27.0-255,1484,193293,44,283714
38454,0.004488,172.217.27.0-255,4320,197613,44,283714
38455,0.00449,172.31.46.0-255,66,197679,44,283714
38456,0.004498,172.217.27.0-255,7156,204835,44,283714
38457,0.0045,172.31.46.0-255,66,204901,44,283714
38458,0.00451,172.217.27.0-255,5738,210639,44,283714
38459,0.004512,172.31.46.0-255,66,210705,44,283714
38460,0.004543,172.217.27.0-255,2902,213607,44,283714
38461,0.004546,172.31.46.0-255,66,213673,44,283714
38462,0.004562,172.31.46.0-255,66,213739,44,283714
38463,0.0046,172.217.27.0-255,1484,215223,44,283714
38464,0.004605,172.217.27.0-255,2902,218125,44,283714
38465,0.004608,172.31.46.0-255,66,218191,44,283714
38466,0.004642,172.217.27.0-255,5738,223929,44,283714
38467,0.004646,172.31.46.0-255,66,223995,44,283714
38468,0.004651,172.217.27.0-255,4320,228315,44,283714
38469,0.004653,172.31.46.0-255,66,228381,44,283714
38470,0.004664,172.217.27.0-255,5738,234119,44,283714
38471,0.004667,172.31.46.0-255,66,234185,44,283714
38472,0.00467,172.217.27.0-255,1484,235669,44,283714
38473,0.004674,172.217.27.0-255,2902,238571,44,283714
38474,0.004677,172.31.46.0-255,66,238637,44,283714
38475,0.004682,172.217.27.0-255,4320,242957,44,283714
38476,0.004685,172.31.46.0-255,66,243023,44,283714
38477,0.004716,172.217.27.0-255,2902,245925,44,283714
38478,0.004719,172.31.46.0-255,66,245991,44,283714
38479,0.004723,172.217.27.0-255,2184,248175,44,283714
38480,0.004726,172.31.46.0-255,66,248241,44,283714
38481,0.004773,172.217.27.0-255,1484,249725,44,283714
38482,0.004791,172.217.27.0-255,2902,252627,44,283714
38483,0.004794,172.31.46.0-255,66,252693,44,283714
38484,0.0048,172.217.27.0-255,2902,255595,44,283714
38485,0.004802,172.31.46.0-255,66,255661,44,283714
38486,0.004824,172.217.27.0-255,2902,258563,44,283714
38487,0.004827,172.31.46.0-255,66,258629,44,283714
38488,0.004843,172.31.46.0-255,66,258695,44,283714
38489,0.004865,172.217.27.0-255,2902,261597,44,283714
38490,0.004871,172.31.46.0-255,66,261663,44,283714
38491,0.004884,172.31.46.0-255,66,261729,44,283714
38492,0.004919,172.217.27.0-255,4320,266049,44,283714
38493,0.004922,172.31.46.0-255,66,266115,44,283714
38494,0.004928,172.217.27.0-255,5738,271853,44,283714
38495,0.00493,172.31.46.0-255,66,271919,44,283714
38496,0.004965,172.31.46.0-255,66,271985,44,283714
38497,0.004999,172.217.27.0-255,1957,273942,44,283714
38498,0.005002,172.31.46.0-255,66,274008,44,283714
38499,0.005025,172.217.27.0-255,105,274113,44,283714
38500,0.010504,172.31.46.0-255,66,274179,44,283714
38501,0.010544,172.31.46.0-255,105,274284,44,283714
38502,0.012169,172.217.27.0-255,66,274350,44,283714
38503,0.035891,172.31.46.0-255,172,274522,44,283714
38504,0.035925,172.31.46.0-255,1109,275631,44,283714
38505,0.036013,172.31.46.0-255,1514,277145,44,283714
38506,0.036015,172.31.46.0-255,1514,278659,44,283714
38507,0.03602,172.31.46.0-255,1514,280173,44,283714
38508,0.036021,172.31.46.0-255,1514,281687,44,283714
38509,0.03604,172.31.46.0-255,1514,283201,44,283714
38510,0.036041,172.31.46.0-255,75,283276,44,283714
38511,0.037435,104.244.42.0-255,66,283342,44,283714
38512,0.037483,104.244.42.0-255,66,283408,44,283714
38513,0.037585,104.244.42.0-255,66,283474,44,283714
38514,0.037593,104.244.42.0-255,66,283540,44,283714
38515,0.038276,104.244.42.0-255,108,283648,44,283714
38516,0.038286,172.31.46.0-255,66,283714,44,283714
38517,0.0,172.217.194.0-255,153,153,44,241112
38518,2.2e-05,172.31.46.0-255,66,219,44,241112
38519,2.9e-05,172.217.194.0-255,1484,1703,44,241112
38520,3.3e-05,172.31.46.0-255,66,1769,44,241112
38521,4.7e-05,172.217.194.0-255,2902,4671,44,241112
38522,5e-05,172.31.46.0-255,66,4737,44,241112
38523,5.8e-05,172.217.194.0-255,7156,11893,44,241112
38524,6.1e-05,172.31.46.0-255,66,11959,44,241112
38525,6.6e-05,172.217.194.0-255,3560,15519,44,241112
38526,6.9e-05,172.31.46.0-255,66,15585,44,241112
38527,7.7e-05,172.217.194.0-255,7156,22741,44,241112
38528,8e-05,172.31.46.0-255,66,22807,44,241112
38529,0.000116,172.217.194.0-255,5738,28545,44,241112
38530,0.00012,172.31.46.0-255,66,28611,44,241112
38531,0.000124,172.217.194.0-255,2543,31154,44,241112
38532,0.000126,172.31.46.0-255,66,31220,44,241112
38533,0.000184,172.217.194.0-255,1484,32704,44,241112
38534,0.000187,172.31.46.0-255,66,32770,44,241112
38535,0.0002,172.217.194.0-255,2902,35672,44,241112
38536,0.000207,172.31.46.0-255,66,35738,44,241112
38537,0.000221,172.217.194.0-255,5738,41476,44,241112
38538,0.000227,172.31.46.0-255,66,41542,44,241112
38539,0.000256,172.31.46.0-255,66,41608,44,241112
38540,0.000293,172.31.46.0-255,66,41674,44,241112
38541,0.000322,172.217.194.0-255,3602,45276,44,241112
38542,0.000324,172.31.46.0-255,66,45342,44,241112
38543,0.000348,172.217.194.0-255,709,46051,44,241112
38544,0.00035,172.31.46.0-255,66,46117,44,241112
38545,0.000501,172.217.194.0-255,1484,47601,44,241112
38546,0.000507,172.31.46.0-255,66,47667,44,241112
38547,0.000513,172.217.194.0-255,2902,50569,44,241112
38548,0.000515,172.31.46.0-255,66,50635,44,241112
38549,0.000538,172.217.194.0-255,5738,56373,44,241112
38550,0.000544,172.31.46.0-255,66,56439,44,241112
38551,0.000574,172.217.194.0-255,5738,62177,44,241112
38552,0.000576,172.31.46.0-255,66,62243,44,241112
38553,0.000611,172.217.194.0-255,7156,69399,44,241112
38554,0.000614,172.31.46.0-255,66,69465,44,241112
38555,0.000624,172.31.46.0-255,66,69531,44,241112
38556,0.000629,172.217.194.0-255,2184,71715,44,241112
38557,0.000631,172.31.46.0-255,66,71781,44,241112
38558,0.002125,172.217.194.0-255,1484,73265,44,241112
38559,0.002149,172.217.194.0-255,2902,76167,44,241112
38560,0.002153,172.31.46.0-255,66,76233,44,241112
38561,0.002183,172.217.194.0-255,5738,81971,44,241112
38562,0.002185,172.31.46.0-255,66,82037,44,241112
38563,0.002189,172.217.194.0-255,2902,84939,44,241112
38564,0.002191,172.31.46.0-255,66,85005,44,241112
38565,0.002212,172.217.194.0-255,5738,90743,44,241112
38566,0.002217,172.31.46.0-255,66,90809,44,241112
38567,0.002251,172.217.194.0-255,5738,96547,44,241112
38568,0.002253,172.31.46.0-255,66,96613,44,241112
38569,0.002286,172.31.46.0-255,66,96679,44,241112
38570,0.002289,172.217.194.0-255,1484,98163,44,241112
38571,0.00231,172.217.194.0-255,2902,101065,44,241112
38572,0.002311,172.31.46.0-255,66,101131,44,241112
38573,0.002314,172.217.194.0-255,1484,102615,44,241112
38574,0.002338,172.217.194.0-255,4320,106935,44,241112
38575,0.00234,172.31.46.0-255,66,107001,44,241112
38576,0.002345,172.217.194.0-255,4320,111321,44,241112
38577,0.002347,172.31.46.0-255,66,111387,44,241112
38578,0.002369,172.217.194.0-255,4320,115707,44,241112
38579,0.002371,172.31.46.0-255,66,115773,44,241112
38580,0.004661,172.217.194.0-255,1484,117257,44,241112
38581,0.004674,172.217.194.0-255,4320,121577,44,241112
38582,0.004677,172.31.46.0-255,66,121643,44,241112
38583,0.007007,172.217.194.0-255,5738,127381,44,241112
38584,0.007013,172.31.46.0-255,66,127447,44,241112
38585,0.009382,172.217.194.0-255,5738,133185,44,241112
38586,0.009389,172.31.46.0-255,66,133251,44,241112
38587,0.011728,172.217.194.0-255,5738,138989,44,241112
38588,0.011737,172.31.46.0-255,66,139055,44,241112
38589,0.014062,172.217.194.0-255,5738,144793,44,241112
38590,0.014071,172.31.46.0-255,66,144859,44,241112
38591,0.016412,172.217.194.0-255,5738,150597,44,241112
38592,0.01642,172.31.46.0-255,66,150663,44,241112
38593,0.018755,172.217.194.0-255,5738,156401,44,241112
38594,0.018762,172.31.46.0-255,66,156467,44,241112
38595,0.0211,172.217.194.0-255,5738,162205,44,241112
38596,0.021107,172.31.46.0-255,66,162271,44,241112
38597,0.023434,172.217.194.0-255,5738,168009,44,241112
38598,0.023441,172.31.46.0-255,66,168075,44,241112
38599,0.02576,172.217.194.0-255,5738,173813,44,241112
38600,0.025766,172.31.46.0-255,66,173879,44,241112
38601,0.028109,172.217.194.0-255,5738,179617,44,241112
38602,0.028115,172.31.46.0-255,66,179683,44,241112
38603,0.03044,172.217.194.0-255,5738,185421,44,241112
38604,0.030448,172.31.46.0-255,66,185487,44,241112
38605,0.032828,172.217.194.0-255,5738,191225,44,241112
38606,0.032842,172.31.46.0-255,66,191291,44,241112
38607,0.034901,172.31.46.0-255,172,191463,44,241112
38608,0.034929,172.31.46.0-255,1114,192577,44,241112
38609,0.034986,172.31.46.0-255,1514,194091,44,241112
38610,0.034987,172.31.46.0-255,1514,195605,44,241112
38611,0.034992,172.31.46.0-255,1514,197119,44,241112
38612,0.034993,172.31.46.0-255,1514,198633,44,241112
38613,0.035009,172.31.46.0-255,1514,200147,44,241112
38614,0.03501,172.31.46.0-255,73,200220,44,241112
38615,0.035175,172.217.194.0-255,5738,205958,44,241112
38616,0.035181,172.31.46.0-255,66,206024,44,241112
38617,0.036366,104.244.42.0-255,66,206090,44,241112
38618,0.036395,104.244.42.0-255,66,206156,44,241112
38619,0.036485,104.244.42.0-255,66,206222,44,241112
38620,0.036491,104.244.42.0-255,66,206288,44,241112
38621,0.037522,172.217.194.0-255,5738,212026,44,241112
38622,0.037529,172.31.46.0-255,66,212092,44,241112
38623,0.039876,172.217.194.0-255,5738,217830,44,241112
38624,0.039882,172.31.46.0-255,66,217896,44,241112
38625,0.04219,172.217.194.0-255,5738,223634,44,241112
38626,0.0422,172.31.46.0-255,66,223700,44,241112
38627,0.044526,172.217.194.0-255,5738,229438,44,241112
38628,0.044534,172.31.46.0-255,66,229504,44,241112
38629,0.046872,172.217.194.0-255,5738,235242,44,241112
38630,0.046879,172.31.46.0-255,66,235308,44,241112
38631,0.049256,172.217.194.0-255,5738,241046,44,241112
38632,0.049263,172.31.46.0-255,66,241112,44,241112
38633,0.0,74.125.130.0-255,152,152,44,317580
38634,1.9e-05,172.31.46.0-255,66,218,44,317580
38635,2.7e-05,74.125.130.0-255,1484,1702,44,317580
38636,3.2e-05,172.31.46.0-255,66,1768,44,317580
38637,3.8e-05,74.125.130.0-255,2902,4670,44,317580
38638,4.1e-05,172.31.46.0-255,66,4736,44,317580
38639,4.4e-05,74.125.130.0-255,1484,6220,44,317580
38640,4.7e-05,172.31.46.0-255,66,6286,44,317580
38641,6.9e-05,74.125.130.0-255,4320,10606,44,317580
38642,7.2e-05,172.31.46.0-255,66,10672,44,317580
38643,7.7e-05,74.125.130.0-255,2902,13574,44,317580
38644,7.9e-05,172.31.46.0-255,66,13640,44,317580
38645,0.000103,74.125.130.0-255,3497,17137,44,317580
38646,0.000107,172.31.46.0-255,66,17203,44,317580
38647,0.000124,74.125.130.0-255,1484,18687,44,317580
38648,0.000126,172.31.46.0-255,66,18753,44,317580
38649,0.000152,74.125.130.0-255,7156,25909,44,317580
38650,0.000155,172.31.46.0-255,66,25975,44,317580
38651,0.000214,74.125.130.0-255,5379,31354,44,317580
38652,0.000217,172.31.46.0-255,66,31420,44,317580
38653,0.000311,74.125.130.0-255,1484,32904,44,317580
38654,0.000315,172.31.46.0-255,66,32970,44,317580
38655,0.000321,74.125.130.0-255,2902,35872,44,317580
38656,0.000324,172.31.46.0-255,66,35938,44,317580
38657,0.000347,74.125.130.0-255,4320,40258,44,317580
38658,0.00035,172.31.46.0-255,66,40324,44,317580
38659,0.000365,74.125.130.0-255,1484,41808,44,317580
38660,0.000367,172.31.46.0-255,66,41874,44,317580
38661,0.000394,74.125.130.0-255,6797,48671,44,317580
38662,0.000397,172.31.46.0-255,66,48737,44,317580
38663,0.000436,172.31.46.0-255,66,48803,44,317580
38664,0.000496,74.125.130.0-255,4320,53123,44,317580
38665,0.000499,172.31.46.0-255,66,53189,44,317580
38666,0.000519,74.125.130.0-255,4217,57406,44,317580
38667,0.000522,172.31.46.0-255,66,57472,44,317580
38668,0.000542,74.125.130.0-255,429,57901,44,317580
38669,0.000827,74.125.130.0-255,1484,59385,44,317580
38670,0.000832,172.31.46.0-255,66,59451,44,317580
38671,0.000838,74.125.130.0-255,2902,62353,44,317580
38672,0.00084,172.31.46.0-255,66,62419,44,317580
38673,0.000859,74.125.130.0-255,4320,66739,44,317580
38674,0.000862,172.31.46.0-255,66,66805,44,317580
38675,0.000881,74.125.130.0-255,2902,69707,44,317580
38676,0.000883,172.31.46.0-255,66,69773,44,317580
38677,0.000907,74.125.130.0-255,2902,72675,44,317580
38678,0.000909,172.31.46.0-255,66,72741,44,317580
38679,0.00095,74.125.130.0-255,5738,78479,44,317580
38680,0.000953,172.31.46.0-255,66,78545,44,317580
38681,0.000978,74.125.130.0-255,5738,84283,44,317580
38682,0.000981,172.31.46.0-255,66,84349,44,317580
38683,0.001035,172.31.46.0-255,66,84415,44,317580
38684,0.001082,74.125.130.0-255,5738,90153,44,317580
38685,0.001086,172.31.46.0-255,66,90219,44,317580
38686,0.001124,74.125.130.0-255,4320,94539,44,317580
38687,0.001127,172.31.46.0-255,66,94605,44,317580
38688,0.001145,74.125.130.0-255,2902,97507,44,317580
38689,0.001147,172.31.46.0-255,66,97573,44,317580
38690,0.001182,74.125.130.0-255,1484,99057,44,317580
38691,0.001197,74.125.130.0-255,2902,101959,44,317580
38692,0.0012,172.31.46.0-255,66,102025,44,317580
38693,0.001224,74.125.130.0-255,7156,109181,44,317580
38694,0.001227,172.31.46.0-255,66,109247,44,317580
38695,0.001287,74.125.130.0-255,2902,112149,44,317580
38696,0.00129,172.31.46.0-255,66,112215,44,317580
38697,0.001294,74.125.130.0-255,1484,113699,44,317580
38698,0.001323,74.125.130.0-255,2902,116601,44,317580
38699,0.001326,172.31.46.0-255,66,116667,44,317580
38700,0.001339,74.125.130.0-255,2184,118851,44,317580
38701,0.001342,172.31.46.0-255,66,118917,44,317580
38702,0.001638,74.125.130.0-255,1484,120401,44,317580
38703,0.001669,74.125.130.0-255,2902,123303,44,317580
38704,0.001672,172.31.46.0-255,66,123369,44,317580
38705,0.001679,74.125.130.0-255,4320,127689,44,317580
38706,0.001681,172.31.46.0-255,66,127755,44,317580
38707,0.001719,74.125.130.0-255,7156,134911,44,317580
38708,0.001722,172.31.46.0-255,66,134977,44,317580
38709,0.001738,74.125.130.0-255,1484,136461,44,317580
38710,0.00177,172.31.46.0-255,66,136527,44,317580
38711,0.001787,74.125.130.0-255,1484,138011,44,317580
38712,0.00185,74.125.130.0-255,6438,144449,44,317580
38713,0.001854,172.31.46.0-255,66,144515,44,317580
38714,0.00192,74.125.130.0-255,1484,145999,44,317580
38715,0.001938,74.125.130.0-255,2902,148901,44,317580
38716,0.001957,172.31.46.0-255,66,148967,44,317580
38717,0.001964,74.125.130.0-255,5738,154705,44,317580
38718,0.001966,172.31.46.0-255,66,154771,44,317580
38719,0.00198,74.125.130.0-255,1484,156255,44,317580
38720,0.002005,74.125.130.0-255,2902,159157,44,317580
38721,0.002007,172.31.46.0-255,66,159223,44,317580
38722,0.002031,74.125.130.0-255,5738,164961,44,317580
38723,0.002034,172.31.46.0-255,66,165027,44,317580
38724,0.002077,74.125.130.0-255,4320,169347,44,317580
38725,0.002081,172.31.46.0-255,66,169413,44,317580
38726,0.002096,74.125.130.0-255,4320,173733,44,317580
38727,0.002098,172.31.46.0-255,66,173799,44,317580
38728,0.002139,74.125.130.0-255,5020,178819,44,317580
38729,0.002142,172.31.46.0-255,66,178885,44,317580
38730,0.002222,74.125.130.0-255,1484,180369,44,317580
38731,0.002236,74.125.130.0-255,1484,181853,44,317580
38732,0.00224,172.31.46.0-255,66,181919,44,317580
38733,0.002245,74.125.130.0-255,1484,183403,44,317580
38734,0.002261,74.125.130.0-255,2902,186305,44,317580
38735,0.002264,172.31.46.0-255,66,186371,44,317580
38736,0.004461,74.125.130.0-255,1484,187855,44,317580
38737,0.004481,74.125.130.0-255,4320,192175,44,317580
38738,0.004486,172.31.46.0-255,66,192241,44,317580
38739,0.006695,74.125.130.0-255,5738,197979,44,317580
38740,0.006698,172.31.46.0-255,66,198045,44,317580
38741,0.008922,74.125.130.0-255,5738,203783,44,317580
38742,0.008929,172.31.46.0-255,66,203849,44,317580
38743,0.011157,74.125.130.0-255,5738,209587,44,317580
38744,0.011166,172.31.46.0-255,66,209653,44,317580
38745,0.013389,74.125.130.0-255,5738,215391,44,317580
38746,0.013398,172.31.46.0-255,66,215457,44,317580
38747,0.015632,74.125.130.0-255,5738,221195,44,317580
38748,0.01564,172.31.46.0-255,66,221261,44,317580
38749,0.017879,74.125.130.0-255,5738,226999,44,317580
38750,0.017889,172.31.46.0-255,66,227065,44,317580
38751,0.020117,74.125.130.0-255,5738,232803,44,317580
38752,0.020125,172.31.46.0-255,66,232869,44,317580
38753,0.02235,74.125.130.0-255,5738,238607,44,317580
38754,0.022357,172.31.46.0-255,66,238673,44,317580
38755,0.024587,74.125.130.0-255,5738,244411,44,317580
38756,0.024595,172.31.46.0-255,66,244477,44,317580
38757,0.02685,74.125.130.0-255,5738,250215,44,317580
38758,0.026859,172.31.46.0-255,66,250281,44,317580
38759,0.02909,74.125.130.0-255,5738,256019,44,317580
38760,0.029098,172.31.46.0-255,66,256085,44,317580
38761,0.031344,74.125.130.0-255,5738,261823,44,317580
38762,0.031351,172.31.46.0-255,66,261889,44,317580
38763,0.033576,74.125.130.0-255,5738,267627,44,317580
38764,0.033586,172.31.46.0-255,66,267693,44,317580
38765,0.035842,74.125.130.0-255,5738,273431,44,317580
38766,0.035851,172.31.46.0-255,66,273497,44,317580
38767,0.036731,172.31.46.0-255,241,273738,44,317580
38768,0.03676,172.31.46.0-255,955,274693,44,317580
38769,0.036829,172.31.46.0-255,1514,276207,44,317580
38770,0.036831,172.31.46.0-255,1514,277721,44,317580
38771,0.036833,172.31.46.0-255,1514,279235,44,317580
38772,0.036834,172.31.46.0-255,1514,280749,44,317580
38773,0.036866,172.31.46.0-255,1514,282263,44,317580
38774,0.036867,172.31.46.0-255,229,282492,44,317580
38775,0.038078,74.125.130.0-255,5738,288230,44,317580
38776,0.038085,172.31.46.0-255,66,288296,44,317580
38777,0.038264,104.244.42.0-255,66,288362,44,317580
38778,0.038339,104.244.42.0-255,66,288428,44,317580
38779,0.038427,104.244.42.0-255,66,288494,44,317580
38780,0.038433,104.244.42.0-255,66,288560,44,317580
38781,0.040323,74.125.130.0-255,5738,294298,44,317580
38782,0.04033,172.31.46.0-255,66,294364,44,317580
38783,0.042568,74.125.130.0-255,5738,300102,44,317580
38784,0.042575,172.31.46.0-255,66,300168,44,317580
38785,0.044803,74.125.130.0-255,5738,305906,44,317580
38786,0.044812,172.31.46.0-255,66,305972,44,317580
38787,0.047048,74.125.130.0-255,5738,311710,44,317580
38788,0.047054,172.31.46.0-255,66,311776,44,317580
38789,0.049281,74.125.130.0-255,5738,317514,44,317580
38790,0.049287,172.31.46.0-255,66,317580,44,317580
38791,0.0,172.217.194.0-255,298,298,44,142279
38792,2.5e-05,172.31.46.0-255,66,364,44,142279
38793,3.2e-05,172.217.194.0-255,1484,1848,44,142279
38794,3.7e-05,172.31.46.0-255,66,1914,44,142279
38795,4.5e-05,172.217.194.0-255,4320,6234,44,142279
38796,4.8e-05,172.31.46.0-255,66,6300,44,142279
38797,5.7e-05,172.217.194.0-255,4320,10620,44,142279
38798,6.1e-05,172.31.46.0-255,66,10686,44,142279
38799,8.2e-05,172.217.194.0-255,4683,15369,44,142279
38800,8.5e-05,172.31.46.0-255,66,15435,44,142279
38801,9.7e-05,172.31.46.0-255,66,15501,44,142279
38802,0.000152,172.217.194.0-255,5379,20880,44,142279
38803,0.000155,172.31.46.0-255,66,20946,44,142279
38804,0.000161,172.217.194.0-255,5738,26684,44,142279
38805,0.000164,172.31.46.0-255,66,26750,44,142279
38806,0.000171,172.217.194.0-255,5738,32488,44,142279
38807,0.000173,172.31.46.0-255,66,32554,44,142279
38808,0.000214,172.31.46.0-255,66,32620,44,142279
38809,0.000224,172.31.46.0-255,66,32686,44,142279
38810,0.000242,172.217.194.0-255,1093,33779,44,142279
38811,0.000245,172.31.46.0-255,66,33845,44,142279
38812,0.000248,172.217.194.0-255,381,34226,44,142279
38813,0.000249,172.31.46.0-255,66,34292,44,142279
38814,0.000428,172.217.194.0-255,1484,35776,44,142279
38815,0.000433,172.31.46.0-255,66,35842,44,142279
38816,0.000438,172.217.194.0-255,2902,38744,44,142279
38817,0.000441,172.31.46.0-255,66,38810,44,142279
38818,0.000446,172.217.194.0-255,2902,41712,44,142279
38819,0.000448,172.31.46.0-255,66,41778,44,142279
38820,0.000474,172.217.194.0-255,2902,44680,44,142279
38821,0.000477,172.31.46.0-255,66,44746,44,142279
38822,0.000491,172.31.46.0-255,66,44812,44,142279
38823,0.000504,172.31.46.0-255,66,44878,44,142279
38824,0.000506,172.217.194.0-255,766,45644,44,142279
38825,0.000725,172.217.194.0-255,1484,47128,44,142279
38826,0.000729,172.31.46.0-255,66,47194,44,142279
38827,0.000751,172.217.194.0-255,2902,50096,44,142279
38828,0.000755,172.31.46.0-255,66,50162,44,142279
38829,0.000761,172.217.194.0-255,5738,55900,44,142279
38830,0.000764,172.31.46.0-255,66,55966,44,142279
38831,0.00079,172.217.194.0-255,4320,60286,44,142279
38832,0.000793,172.31.46.0-255,66,60352,44,142279
38833,0.00082,172.31.46.0-255,66,60418,44,142279
38834,0.000858,172.31.46.0-255,66,60484,44,142279
38835,0.000891,172.217.194.0-255,1484,61968,44,142279
38836,0.000897,172.217.194.0-255,2902,64870,44,142279
38837,0.000899,172.31.46.0-255,66,64936,44,142279
38838,0.000906,172.217.194.0-255,5738,70674,44,142279
38839,0.000908,172.31.46.0-255,66,70740,44,142279
38840,0.000929,172.217.194.0-255,2902,73642,44,142279
38841,0.000932,172.31.46.0-255,66,73708,44,142279
38842,0.000962,172.31.46.0-255,66,73774,44,142279
38843,0.000974,172.31.46.0-255,66,73840,44,142279
38844,0.001364,172.217.194.0-255,1484,75324,44,142279
38845,0.001395,172.217.194.0-255,2902,78226,44,142279
38846,0.001399,172.31.46.0-255,66,78292,44,142279
38847,0.001403,172.217.194.0-255,1484,79776,44,142279
38848,0.001422,172.217.194.0-255,4320,84096,44,142279
38849,0.001425,172.31.46.0-255,66,84162,44,142279
38850,0.001437,172.31.46.0-255,66,84228,44,142279
38851,0.001453,172.217.194.0-255,1484,85712,44,142279
38852,0.001467,172.217.194.0-255,2902,88614,44,142279
38853,0.00147,172.31.46.0-255,66,88680,44,142279
38854,0.001501,172.31.46.0-255,66,88746,44,142279
38855,0.001523,172.217.194.0-255,1484,90230,44,142279
38856,0.001528,172.217.194.0-255,2902,93132,44,142279
38857,0.00153,172.31.46.0-255,66,93198,44,142279
38858,0.001537,172.217.194.0-255,5738,98936,44,142279
38859,0.001539,172.31.46.0-255,66,99002,44,142279
38860,0.001599,172.31.46.0-255,66,99068,44,142279
38861,0.001609,172.31.46.0-255,66,99134,44,142279
38862,0.001622,172.217.194.0-255,2902,102036,44,142279
38863,0.001625,172.31.46.0-255,66,102102,44,142279
38864,0.001673,172.31.46.0-255,66,102168,44,142279
38865,0.001688,172.31.46.0-255,66,102234,44,142279
38866,0.001715,172.217.194.0-255,2902,105136,44,142279
38867,0.001718,172.31.46.0-255,66,105202,44,142279
38868,0.001744,172.217.194.0-255,5738,110940,44,142279
38869,0.001747,172.31.46.0-255,66,111006,44,142279
38870,0.001759,172.31.46.0-255,66,111072,44,142279
38871,0.001788,172.31.46.0-255,66,111138,44,142279
38872,0.001808,172.217.194.0-255,6438,117576,44,142279
38873,0.00181,172.31.46.0-255,66,117642,44,142279
38874,0.001916,172.217.194.0-255,1484,119126,44,142279
38875,0.001921,172.217.194.0-255,2902,122028,44,142279
38876,0.001924,172.31.46.0-255,66,122094,44,142279
38877,0.001931,172.217.194.0-255,4320,126414,44,142279
38878,0.001933,172.31.46.0-255,66,126480,44,142279
38879,0.001963,172.217.194.0-255,1484,127964,44,142279
38880,0.00199,172.31.46.0-255,66,128030,44,142279
38881,0.001997,172.31.46.0-255,66,128096,44,142279
38882,0.002023,172.217.194.0-255,2902,130998,44,142279
38883,0.002026,172.31.46.0-255,66,131064,44,142279
38884,0.002052,172.31.46.0-255,66,131130,44,142279
38885,0.002078,172.31.46.0-255,66,131196,44,142279
38886,0.002091,172.31.46.0-255,66,131262,44,142279
38887,0.002094,172.217.194.0-255,1484,132746,44,142279
38888,0.002143,172.217.194.0-255,105,132851,44,142279
38889,0.002182,172.31.46.0-255,66,132917,44,142279
38890,0.012611,172.31.46.0-255,105,133022,44,142279
38891,0.015128,172.217.194.0-255,66,133088,44,142279
38892,0.045239,172.31.46.0-255,172,133260,44,142279
38893,0.045301,172.31.46.0-255,1114,134374,44,142279
38894,0.045377,172.31.46.0-255,1514,135888,44,142279
38895,0.045379,172.31.46.0-255,1514,137402,44,142279
38896,0.045385,172.31.46.0-255,1514,138916,44,142279
38897,0.045386,172.31.46.0-255,1514,140430,44,142279
38898,0.045404,172.31.46.0-255,1514,141944,44,142279
38899,0.045405,172.31.46.0-255,71,142015,44,142279
38900,0.046793,104.244.42.0-255,66,142081,44,142279
38901,0.04683,104.244.42.0-255,66,142147,44,142279
38902,0.046975,104.244.42.0-255,66,142213,44,142279
38903,0.04698,104.244.42.0-255,66,142279,44,142279
38904,0.0,74.125.200.0-255,153,153,44,315493
38905,1.5e-05,172.31.46.0-255,66,219,44,315493
38906,2.2e-05,74.125.200.0-255,1484,1703,44,315493
38907,2.6e-05,172.31.46.0-255,66,1769,44,315493
38908,3.2e-05,74.125.200.0-255,2902,4671,44,315493
38909,3.5e-05,172.31.46.0-255,66,4737,44,315493
38910,4.1e-05,74.125.200.0-255,4320,9057,44,315493
38911,4.4e-05,172.31.46.0-255,66,9123,44,315493
38912,6.5e-05,74.125.200.0-255,1484,10607,44,315493
38913,6.8e-05,172.31.46.0-255,66,10673,44,315493
38914,7.1e-05,74.125.200.0-255,1484,12157,44,315493
38915,7.3e-05,172.31.46.0-255,66,12223,44,315493
38916,9.2e-05,74.125.200.0-255,4876,17099,44,315493
38917,9.5e-05,172.31.46.0-255,66,17165,44,315493
38918,9.7e-05,74.125.200.0-255,1484,18649,44,315493
38919,9.9e-05,172.31.46.0-255,66,18715,44,315493
38920,0.000127,74.125.200.0-255,5738,24453,44,315493
38921,0.00013,172.31.46.0-255,66,24519,44,315493
38922,0.000156,74.125.200.0-255,2902,27421,44,315493
38923,0.000158,172.31.46.0-255,66,27487,44,315493
38924,0.000179,74.125.200.0-255,3961,31448,44,315493
38925,0.000182,172.31.46.0-255,66,31514,44,315493
38926,0.000276,74.125.200.0-255,1484,32998,44,315493
38927,0.000279,172.31.46.0-255,66,33064,44,315493
38928,0.000298,74.125.200.0-255,2902,35966,44,315493
38929,0.0003,172.31.46.0-255,66,36032,44,315493
38930,0.000378,74.125.200.0-255,1484,37516,44,315493
38931,0.000381,172.31.46.0-255,66,37582,44,315493
38932,0.000386,74.125.200.0-255,2902,40484,44,315493
38933,0.000389,172.31.46.0-255,66,40550,44,315493
38934,0.000394,74.125.200.0-255,5738,46288,44,315493
38935,0.000396,172.31.46.0-255,66,46354,44,315493
38936,0.000401,74.125.200.0-255,2902,49256,44,315493
38937,0.000403,172.31.46.0-255,66,49322,44,315493
38938,0.000419,74.125.200.0-255,4320,53642,44,315493
38939,0.000422,172.31.46.0-255,66,53708,44,315493
38940,0.00046,172.31.46.0-255,66,53774,44,315493
38941,0.000474,74.125.200.0-255,3602,57376,44,315493
38942,0.000476,172.31.46.0-255,66,57442,44,315493
38943,0.000565,74.125.200.0-255,396,57838,44,315493
38944,0.00061,74.125.200.0-255,1484,59322,44,315493
38945,0.000613,172.31.46.0-255,66,59388,44,315493
38946,0.000636,74.125.200.0-255,2902,62290,44,315493
38947,0.000639,172.31.46.0-255,66,62356,44,315493
38948,0.000644,74.125.200.0-255,4320,66676,44,315493
38949,0.000646,172.31.46.0-255,66,66742,44,315493
38950,0.000679,74.125.200.0-255,7156,73898,44,315493
38951,0.000682,172.31.46.0-255,66,73964,44,315493
38952,0.000699,74.125.200.0-255,1484,75448,44,315493
38953,0.00072,74.125.200.0-255,2902,78350,44,315493
38954,0.000722,172.31.46.0-255,66,78416,44,315493
38955,0.000744,74.125.200.0-255,5738,84154,44,315493
38956,0.000747,172.31.46.0-255,66,84220,44,315493
38957,0.000769,74.125.200.0-255,7156,91376,44,315493
38958,0.000772,172.31.46.0-255,66,91442,44,315493
38959,0.000812,74.125.200.0-255,766,92208,44,315493
38960,0.00105,74.125.200.0-255,1484,93692,44,315493
38961,0.001056,172.31.46.0-255,66,93758,44,315493
38962,0.001063,74.125.200.0-255,2902,96660,44,315493
38963,0.001066,172.31.46.0-255,66,96726,44,315493
38964,0.001094,74.125.200.0-255,5738,102464,44,315493
38965,0.001098,74.125.200.0-255,1484,103948,44,315493
38966,0.001113,74.125.200.0-255,4320,108268,44,315493
38967,0.001166,74.125.200.0-255,7156,115424,44,315493
38968,0.001208,74.125.200.0-255,4320,119744,44,315493
38969,0.001236,74.125.200.0-255,5738,125482,44,315493
38970,0.001239,74.125.200.0-255,766,126248,44,315493
38971,0.001433,74.125.200.0-255,346,126594,44,315493
38972,0.001477,74.125.200.0-255,1484,128078,44,315493
38973,0.00149,74.125.200.0-255,1484,129562,44,315493
38974,0.001527,74.125.200.0-255,2902,132464,44,315493
38975,0.001567,74.125.200.0-255,5738,138202,44,315493
38976,0.001575,74.125.200.0-255,7156,145358,44,315493
38977,0.001607,74.125.200.0-255,4320,149678,44,315493
38978,0.001693,74.125.200.0-255,766,150444,44,315493
38979,0.002006,74.125.200.0-255,1484,151928,44,315493
38980,0.002015,74.125.200.0-255,2902,154830,44,315493
38981,0.002022,74.125.200.0-255,5738,160568,44,315493
38982,0.002057,74.125.200.0-255,7156,167724,44,315493
38983,0.002075,74.125.200.0-255,2902,170626,44,315493
38984,0.002135,74.125.200.0-255,1484,172110,44,315493
38985,0.002194,74.125.200.0-255,3602,175712,44,315493
38986,0.002222,74.125.200.0-255,4320,180032,44,315493
38987,0.002329,74.125.200.0-255,4320,184352,44,315493
38988,0.002424,74.125.200.0-255,1484,185836,44,315493
38989,0.002444,74.125.200.0-255,4320,190156,44,315493
38990,0.002581,172.31.46.0-255,66,190222,44,315493
38991,0.0049,74.125.200.0-255,5738,195960,44,315493
38992,0.004915,172.31.46.0-255,66,196026,44,315493
38993,0.00723,74.125.200.0-255,5738,201764,44,315493
38994,0.007247,172.31.46.0-255,66,201830,44,315493
38995,0.009547,74.125.200.0-255,5738,207568,44,315493
38996,0.009557,172.31.46.0-255,66,207634,44,315493
38997,0.011842,74.125.200.0-255,5738,213372,44,315493
38998,0.011846,172.31.46.0-255,66,213438,44,315493
38999,0.01413,74.125.200.0-255,5738,219176,44,315493
39000,0.014136,172.31.46.0-255,66,219242,44,315493
39001,0.016448,74.125.200.0-255,5738,224980,44,315493
39002,0.016459,172.31.46.0-255,66,225046,44,315493
39003,0.018755,74.125.200.0-255,5738,230784,44,315493
39004,0.018765,172.31.46.0-255,66,230850,44,315493
39005,0.02107,74.125.200.0-255,5738,236588,44,315493
39006,0.021079,172.31.46.0-255,66,236654,44,315493
39007,0.023388,74.125.200.0-255,5738,242392,44,315493
39008,0.023401,172.31.46.0-255,66,242458,44,315493
39009,0.025734,74.125.200.0-255,5738,248196,44,315493
39010,0.025745,172.31.46.0-255,66,248262,44,315493
39011,0.028043,74.125.200.0-255,5738,254000,44,315493
39012,0.028051,172.31.46.0-255,66,254066,44,315493
39013,0.030342,74.125.200.0-255,5738,259804,44,315493
39014,0.03035,172.31.46.0-255,66,259870,44,315493
39015,0.032637,74.125.200.0-255,5738,265608,44,315493
39016,0.032647,172.31.46.0-255,66,265674,44,315493
39017,0.034937,74.125.200.0-255,5738,271412,44,315493
39018,0.034947,172.31.46.0-255,66,271478,44,315493
39019,0.037235,74.125.200.0-255,5738,277216,44,315493
39020,0.037249,172.31.46.0-255,66,277282,44,315493
39021,0.039538,74.125.200.0-255,5738,283020,44,315493
39022,0.039547,172.31.46.0-255,66,283086,44,315493
39023,0.041852,74.125.200.0-255,5738,288824,44,315493
39024,0.041874,172.31.46.0-255,66,288890,44,315493
39025,0.044182,74.125.200.0-255,5738,294628,44,315493
39026,0.044193,172.31.46.0-255,66,294694,44,315493
39027,0.046433,172.31.46.0-255,172,294866,44,315493
39028,0.046476,74.125.200.0-255,5738,300604,44,315493
39029,0.046482,172.31.46.0-255,66,300670,44,315493
39030,0.046499,172.31.46.0-255,1114,301784,44,315493
39031,0.046587,172.31.46.0-255,1514,303298,44,315493
39032,0.046589,172.31.46.0-255,1514,304812,44,315493
39033,0.046594,172.31.46.0-255,1514,306326,44,315493
39034,0.046595,172.31.46.0-255,1514,307840,44,315493
39035,0.046619,172.31.46.0-255,1514,309354,44,315493
39036,0.046621,172.31.46.0-255,71,309425,44,315493
39037,0.04801,104.244.42.0-255,66,309491,44,315493
39038,0.048025,104.244.42.0-255,66,309557,44,315493
39039,0.048192,104.244.42.0-255,66,309623,44,315493
39040,0.048201,104.244.42.0-255,66,309689,44,315493
39041,0.048764,74.125.200.0-255,5738,315427,44,315493
39042,0.048775,172.31.46.0-255,66,315493,44,315493
39043,0.0,74.125.130.0-255,151,151,44,269779
39044,2.5e-05,172.31.46.0-255,66,217,44,269779
39045,3.2e-05,74.125.130.0-255,1484,1701,44,269779
39046,3.7e-05,172.31.46.0-255,66,1767,44,269779
39047,5.1e-05,74.125.130.0-255,2902,4669,44,269779
39048,5.4e-05,172.31.46.0-255,66,4735,44,269779
39049,6.1e-05,74.125.130.0-255,5738,10473,44,269779
39050,6.4e-05,172.31.46.0-255,66,10539,44,269779
39051,0.000107,74.125.130.0-255,3450,13989,44,269779
39052,0.00011,172.31.46.0-255,66,14055,44,269779
39053,0.00027,74.125.130.0-255,1484,15539,44,269779
39054,0.000275,172.31.46.0-255,66,15605,44,269779
39055,0.000281,74.125.130.0-255,2902,18507,44,269779
39056,0.000284,172.31.46.0-255,66,18573,44,269779
39057,0.000302,74.125.130.0-255,5738,24311,44,269779
39058,0.000305,172.31.46.0-255,66,24377,44,269779
39059,0.000316,74.125.130.0-255,4320,28697,44,269779
39060,0.000318,172.31.46.0-255,66,28763,44,269779
39061,0.000351,74.125.130.0-255,5379,34142,44,269779
39062,0.000354,172.31.46.0-255,66,34208,44,269779
39063,0.000357,74.125.130.0-255,1484,35692,44,269779
39064,0.000359,172.31.46.0-255,66,35758,44,269779
39065,0.000384,74.125.130.0-255,5738,41496,44,269779
39066,0.000388,172.31.46.0-255,66,41562,44,269779
39067,0.000403,172.31.46.0-255,66,41628,44,269779
39068,0.000406,74.125.130.0-255,1484,43112,44,269779
39069,0.000408,172.31.46.0-255,66,43178,44,269779
39070,0.000446,172.31.46.0-255,66,43244,44,269779
39071,0.000475,74.125.130.0-255,5020,48264,44,269779
39072,0.000478,172.31.46.0-255,66,48330,44,269779
39073,0.000709,74.125.130.0-255,338,48668,44,269779
39074,0.000826,74.125.130.0-255,121,48789,44,269779
39075,0.000876,74.125.130.0-255,1484,50273,44,269779
39076,0.00088,172.31.46.0-255,66,50339,44,269779
39077,0.000907,74.125.130.0-255,2902,53241,44,269779
39078,0.00092,74.125.130.0-255,1484,54725,44,269779
39079,0.000933,74.125.130.0-255,4320,59045,44,269779
39080,0.000937,74.125.130.0-255,4320,63365,44,269779
39081,0.000941,172.31.46.0-255,66,63431,44,269779
39082,0.000947,172.31.46.0-255,66,63497,44,269779
39083,0.000972,74.125.130.0-255,2902,66399,44,269779
39084,0.00101,172.31.46.0-255,66,66465,44,269779
39085,0.001019,74.125.130.0-255,1484,67949,44,269779
39086,0.001038,74.125.130.0-255,2184,70133,44,269779
39087,0.001041,74.125.130.0-255,382,70515,44,269779
39088,0.001052,172.31.46.0-255,66,70581,44,269779
39089,0.001274,74.125.130.0-255,1484,72065,44,269779
39090,0.001279,74.125.130.0-255,1484,73549,44,269779
39091,0.001282,172.31.46.0-255,66,73615,44,269779
39092,0.001307,74.125.130.0-255,1484,75099,44,269779
39093,0.001313,74.125.130.0-255,5738,80837,44,269779
39094,0.001319,172.31.46.0-255,66,80903,44,269779
39095,0.001345,74.125.130.0-255,1484,82387,44,269779
39096,0.001359,172.31.46.0-255,66,82453,44,269779
39097,0.00138,74.125.130.0-255,1484,83937,44,269779
39098,0.001396,74.125.130.0-255,3602,87539,44,269779
39099,0.001444,172.31.46.0-255,66,87605,44,269779
39100,0.00168,74.125.130.0-255,1484,89089,44,269779
39101,0.001694,74.125.130.0-255,2902,91991,44,269779
39102,0.001698,172.31.46.0-255,66,92057,44,269779
39103,0.001729,74.125.130.0-255,5738,97795,44,269779
39104,0.001735,172.31.46.0-255,66,97861,44,269779
39105,0.001754,74.125.130.0-255,5738,103599,44,269779
39106,0.001762,74.125.130.0-255,7156,110755,44,269779
39107,0.001789,74.125.130.0-255,5738,116493,44,269779
39108,0.001793,172.31.46.0-255,66,116559,44,269779
39109,0.001809,74.125.130.0-255,5020,121579,44,269779
39110,0.001814,172.31.46.0-255,66,121645,44,269779
39111,0.001962,74.125.130.0-255,1484,123129,44,269779
39112,0.001977,74.125.130.0-255,2902,126031,44,269779
39113,0.00198,172.31.46.0-255,66,126097,44,269779
39114,0.002011,74.125.130.0-255,4320,130417,44,269779
39115,0.002014,74.125.130.0-255,1484,131901,44,269779
39116,0.002021,172.31.46.0-255,66,131967,44,269779
39117,0.002044,74.125.130.0-255,7156,139123,44,269779
39118,0.00205,74.125.130.0-255,5738,144861,44,269779
39119,0.002056,172.31.46.0-255,66,144927,44,269779
39120,0.002068,74.125.130.0-255,5738,150665,44,269779
39121,0.002089,74.125.130.0-255,1484,152149,44,269779
39122,0.002094,74.125.130.0-255,3602,155751,44,269779
39123,0.002101,172.31.46.0-255,66,155817,44,269779
39124,0.002297,172.31.46.0-255,101,155918,44,269779
39125,0.004424,74.125.130.0-255,5738,161656,44,269779
39126,0.004431,172.31.46.0-255,66,161722,44,269779
39127,0.004638,74.125.130.0-255,66,161788,44,269779
39128,0.006752,74.125.130.0-255,2902,164690,44,269779
39129,0.006769,74.125.130.0-255,2902,167592,44,269779
39130,0.008456,172.31.46.0-255,66,167658,44,269779
39131,0.010788,74.125.130.0-255,5738,173396,44,269779
39132,0.010817,172.31.46.0-255,66,173462,44,269779
39133,0.01315,74.125.130.0-255,5738,179200,44,269779
39134,0.014944,172.31.46.0-255,66,179266,44,269779
39135,0.0173,74.125.130.0-255,5738,185004,44,269779
39136,0.017317,172.31.46.0-255,66,185070,44,269779
39137,0.019664,74.125.130.0-255,5738,190808,44,269779
39138,0.019684,172.31.46.0-255,66,190874,44,269779
39139,0.022031,74.125.130.0-255,5738,196612,44,269779
39140,0.022042,172.31.46.0-255,66,196678,44,269779
39141,0.024383,74.125.130.0-255,5738,202416,44,269779
39142,0.024398,172.31.46.0-255,66,202482,44,269779
39143,0.026753,74.125.130.0-255,5738,208220,44,269779
39144,0.026765,172.31.46.0-255,66,208286,44,269779
39145,0.029122,74.125.130.0-255,5738,214024,44,269779
39146,0.029136,172.31.46.0-255,66,214090,44,269779
39147,0.031463,74.125.130.0-255,5738,219828,44,269779
39148,0.031476,172.31.46.0-255,66,219894,44,269779
39149,0.033811,74.125.130.0-255,5738,225632,44,269779
39150,0.033824,172.31.46.0-255,66,225698,44,269779
39151,0.036182,74.125.130.0-255,5738,231436,44,269779
39152,0.036199,172.31.46.0-255,66,231502,44,269779
39153,0.037924,172.31.46.0-255,172,231674,44,269779
39154,0.037956,172.31.46.0-255,1115,232789,44,269779
39155,0.038063,172.31.46.0-255,1514,234303,44,269779
39156,0.038065,172.31.46.0-255,1514,235817,44,269779
39157,0.03807,172.31.46.0-255,1514,237331,44,269779
39158,0.038071,172.31.46.0-255,1514,238845,44,269779
39159,0.038089,172.31.46.0-255,1514,240359,44,269779
39160,0.038095,172.31.46.0-255,70,240429,44,269779
39161,0.03854,74.125.130.0-255,5738,246167,44,269779
39162,0.038549,172.31.46.0-255,66,246233,44,269779
39163,0.039494,104.244.42.0-255,66,246299,44,269779
39164,0.039504,104.244.42.0-255,66,246365,44,269779
39165,0.039717,104.244.42.0-255,66,246431,44,269779
39166,0.039724,104.244.42.0-255,66,246497,44,269779
39167,0.039727,104.244.42.0-255,66,246563,44,269779
39168,0.040904,74.125.130.0-255,5738,252301,44,269779
39169,0.040913,172.31.46.0-255,66,252367,44,269779
39170,0.04326,74.125.130.0-255,5738,258105,44,269779
39171,0.043274,172.31.46.0-255,66,258171,44,269779
39172,0.045622,74.125.130.0-255,5738,263909,44,269779
39173,0.045629,172.31.46.0-255,66,263975,44,269779
39174,0.047967,74.125.130.0-255,5738,269713,44,269779
39175,0.047977,172.31.46.0-255,66,269779,44,269779
39176,0.0,172.217.194.0-255,150,150,44,144064
39177,2.7e-05,172.31.46.0-255,66,216,44,144064
39178,3.5e-05,172.217.194.0-255,1484,1700,44,144064
39179,3.9e-05,172.31.46.0-255,66,1766,44,144064
39180,4.5e-05,172.217.194.0-255,2902,4668,44,144064
39181,5.6e-05,172.31.46.0-255,66,4734,44,144064
39182,6.6e-05,172.217.194.0-255,7156,11890,44,144064
39183,6.9e-05,172.31.46.0-255,66,11956,44,144064
39184,0.00012,172.31.46.0-255,66,12022,44,144064
39185,0.000125,172.217.194.0-255,2543,14565,44,144064
39186,0.000127,172.31.46.0-255,66,14631,44,144064
39187,0.000153,172.217.194.0-255,2902,17533,44,144064
39188,0.000155,172.31.46.0-255,66,17599,44,144064
39189,0.000162,172.217.194.0-255,7156,24755,44,144064
39190,0.000165,172.31.46.0-255,66,24821,44,144064
39191,0.00017,172.217.194.0-255,2902,27723,44,144064
39192,0.000173,172.31.46.0-255,66,27789,44,144064
39193,0.000206,172.217.194.0-255,3961,31750,44,144064
39194,0.000209,172.31.46.0-255,66,31816,44,144064
39195,0.000643,172.217.194.0-255,1484,33300,44,144064
39196,0.000649,172.31.46.0-255,66,33366,44,144064
39197,0.000656,172.217.194.0-255,2902,36268,44,144064
39198,0.000658,172.31.46.0-255,66,36334,44,144064
39199,0.000664,172.217.194.0-255,4320,40654,44,144064
39200,0.00067,172.31.46.0-255,66,40720,44,144064
39201,0.000696,172.217.194.0-255,1484,42204,44,144064
39202,0.000699,172.31.46.0-255,66,42270,44,144064
39203,0.000712,172.31.46.0-255,66,42336,44,144064
39204,0.000756,172.31.46.0-255,66,42402,44,144064
39205,0.000791,172.31.46.0-255,66,42468,44,144064
39206,0.000822,172.217.194.0-255,4320,46788,44,144064
39207,0.000825,172.31.46.0-255,66,46854,44,144064
39208,0.000856,172.217.194.0-255,5738,52592,44,144064
39209,0.000859,172.31.46.0-255,66,52658,44,144064
39210,0.000864,172.217.194.0-255,2543,55201,44,144064
39211,0.000866,172.31.46.0-255,66,55267,44,144064
39212,0.001002,172.217.194.0-255,1484,56751,44,144064
39213,0.001009,172.217.194.0-255,2902,59653,44,144064
39214,0.001012,172.31.46.0-255,66,59719,44,144064
39215,0.001017,172.217.194.0-255,2902,62621,44,144064
39216,0.001019,172.31.46.0-255,66,62687,44,144064
39217,0.001056,172.217.194.0-255,2902,65589,44,144064
39218,0.001059,172.31.46.0-255,66,65655,44,144064
39219,0.001073,172.31.46.0-255,66,65721,44,144064
39220,0.001076,172.217.194.0-255,1484,67205,44,144064
39221,0.001102,172.217.194.0-255,7156,74361,44,144064
39222,0.001105,172.31.46.0-255,66,74427,44,144064
39223,0.001127,172.217.194.0-255,2184,76611,44,144064
39224,0.001129,172.31.46.0-255,66,76677,44,144064
39225,0.001142,172.31.46.0-255,66,76743,44,144064
39226,0.001154,172.31.46.0-255,66,76809,44,144064
39227,0.001182,172.217.194.0-255,2902,79711,44,144064
39228,0.001184,172.31.46.0-255,66,79777,44,144064
39229,0.001199,172.31.46.0-255,66,79843,44,144064
39230,0.001232,172.217.194.0-255,1484,81327,44,144064
39231,0.001246,172.217.194.0-255,2902,84229,44,144064
39232,0.00125,172.31.46.0-255,66,84295,44,144064
39233,0.001255,172.217.194.0-255,4320,88615,44,144064
39234,0.001257,172.31.46.0-255,66,88681,44,144064
39235,0.001277,172.217.194.0-255,1484,90165,44,144064
39236,0.001283,172.217.194.0-255,4320,94485,44,144064
39237,0.001285,172.31.46.0-255,66,94551,44,144064
39238,0.001321,172.31.46.0-255,66,94617,44,144064
39239,0.001334,172.31.46.0-255,66,94683,44,144064
39240,0.001366,172.217.194.0-255,1484,96167,44,144064
39241,0.001387,172.217.194.0-255,2902,99069,44,144064
39242,0.00139,172.31.46.0-255,66,99135,44,144064
39243,0.001393,172.217.194.0-255,1484,100619,44,144064
39244,0.001421,172.217.194.0-255,4320,104939,44,144064
39245,0.001424,172.31.46.0-255,66,105005,44,144064
39246,0.001435,172.31.46.0-255,66,105071,44,144064
39247,0.001472,172.217.194.0-255,4320,109391,44,144064
39248,0.001475,172.31.46.0-255,66,109457,44,144064
39249,0.001488,172.31.46.0-255,66,109523,44,144064
39250,0.001533,172.217.194.0-255,1484,111007,44,144064
39251,0.001555,172.217.194.0-255,2902,113909,44,144064
39252,0.001559,172.31.46.0-255,66,113975,44,144064
39253,0.001593,172.217.194.0-255,4320,118295,44,144064
39254,0.001597,172.31.46.0-255,66,118361,44,144064
39255,0.001617,172.217.194.0-255,1484,119845,44,144064
39256,0.001642,172.31.46.0-255,66,119911,44,144064
39257,0.001655,172.31.46.0-255,66,119977,44,144064
39258,0.001712,172.217.194.0-255,5738,125715,44,144064
39259,0.001715,172.31.46.0-255,66,125781,44,144064
39260,0.001812,172.217.194.0-255,766,126547,44,144064
39261,0.001816,172.217.194.0-255,1484,128031,44,144064
39262,0.001825,172.31.46.0-255,66,128097,44,144064
39263,0.001901,172.31.46.0-255,66,128163,44,144064
39264,0.001907,172.217.194.0-255,3602,131765,44,144064
39265,0.001923,172.31.46.0-255,66,131831,44,144064
39266,0.001938,172.217.194.0-255,2700,134531,44,144064
39267,0.00194,172.217.194.0-255,105,134636,44,144064
39268,0.001976,172.31.46.0-255,66,134702,44,144064
39269,0.005417,172.31.46.0-255,105,134807,44,144064
39270,0.007971,172.217.194.0-255,66,134873,44,144064
39271,0.040174,172.31.46.0-255,172,135045,44,144064
39272,0.040212,172.31.46.0-255,1114,136159,44,144064
39273,0.040299,172.31.46.0-255,1514,137673,44,144064
39274,0.040301,172.31.46.0-255,1514,139187,44,144064
39275,0.040308,172.31.46.0-255,1514,140701,44,144064
39276,0.040309,172.31.46.0-255,1514,142215,44,144064
39277,0.040327,172.31.46.0-255,1514,143729,44,144064
39278,0.040328,172.31.46.0-255,71,143800,44,144064
39279,0.041761,104.244.42.0-255,66,143866,44,144064
39280,0.041808,104.244.42.0-255,66,143932,44,144064
39281,0.041884,104.244.42.0-255,66,143998,44,144064
39282,0.041891,104.244.42.0-255,66,144064,44,144064
39283,0.0,74.125.24.0-255,153,153,44,240397
39284,2.6e-05,172.31.46.0-255,66,219,44,240397
39285,3.4e-05,74.125.24.0-255,1484,1703,44,240397
39286,3.9e-05,172.31.46.0-255,66,1769,44,240397
39287,5.5e-05,74.125.24.0-255,2902,4671,44,240397
39288,5.9e-05,172.31.46.0-255,66,4737,44,240397
39289,6.7e-05,74.125.24.0-255,7156,11893,44,240397
39290,7.1e-05,172.31.46.0-255,66,11959,44,240397
39291,7.6e-05,74.125.24.0-255,1976,13935,44,240397
39292,7.9e-05,172.31.46.0-255,66,14001,44,240397
39293,8.3e-05,74.125.24.0-255,1484,15485,44,240397
39294,8.5e-05,172.31.46.0-255,66,15551,44,240397
39295,9.2e-05,74.125.24.0-255,2902,18453,44,240397
39296,9.6e-05,172.31.46.0-255,66,18519,44,240397
39297,0.000102,74.125.24.0-255,5738,24257,44,240397
39298,0.000106,172.31.46.0-255,66,24323,44,240397
39299,0.000135,74.125.24.0-255,5738,30061,44,240397
39300,0.000142,172.31.46.0-255,66,30127,44,240397
39301,0.000171,74.125.24.0-255,1125,31252,44,240397
39302,0.000173,172.31.46.0-255,66,31318,44,240397
39303,0.000335,74.125.24.0-255,1484,32802,44,240397
39304,0.000339,172.31.46.0-255,66,32868,44,240397
39305,0.000346,74.125.24.0-255,2902,35770,44,240397
39306,0.000349,172.31.46.0-255,66,35836,44,240397
39307,0.00036,74.125.24.0-255,5738,41574,44,240397
39308,0.000362,172.31.46.0-255,66,41640,44,240397
39309,0.000432,172.31.46.0-255,66,41706,44,240397
39310,0.000442,172.31.46.0-255,66,41772,44,240397
39311,0.000445,74.125.24.0-255,1397,43169,44,240397
39312,0.000447,172.31.46.0-255,66,43235,44,240397
39313,0.000484,74.125.24.0-255,126,43361,44,240397
39314,0.000503,74.125.24.0-255,353,43714,44,240397
39315,0.000796,74.125.24.0-255,1484,45198,44,240397
39316,0.000802,172.31.46.0-255,66,45264,44,240397
39317,0.000808,74.125.24.0-255,2902,48166,44,240397
39318,0.00081,172.31.46.0-255,66,48232,44,240397
39319,0.000815,74.125.24.0-255,2902,51134,44,240397
39320,0.000817,172.31.46.0-255,66,51200,44,240397
39321,0.00085,74.125.24.0-255,2902,54102,44,240397
39322,0.000853,172.31.46.0-255,66,54168,44,240397
39323,0.000867,172.31.46.0-255,66,54234,44,240397
39324,0.000905,74.125.24.0-255,7156,61390,44,240397
39325,0.000912,172.31.46.0-255,66,61456,44,240397
39326,0.000924,74.125.24.0-255,3602,65058,44,240397
39327,0.000931,172.31.46.0-255,66,65124,44,240397
39328,0.001067,74.125.24.0-255,1484,66608,44,240397
39329,0.001074,74.125.24.0-255,2902,69510,44,240397
39330,0.001077,172.31.46.0-255,66,69576,44,240397
39331,0.001082,74.125.24.0-255,2902,72478,44,240397
39332,0.001084,172.31.46.0-255,66,72544,44,240397
39333,0.001119,74.125.24.0-255,2902,75446,44,240397
39334,0.001122,172.31.46.0-255,66,75512,44,240397
39335,0.001129,74.125.24.0-255,7156,82668,44,240397
39336,0.001132,172.31.46.0-255,66,82734,44,240397
39337,0.001146,172.31.46.0-255,66,82800,44,240397
39338,0.00115,74.125.24.0-255,2184,84984,44,240397
39339,0.001152,172.31.46.0-255,66,85050,44,240397
39340,0.001186,74.125.24.0-255,2902,87952,44,240397
39341,0.001189,172.31.46.0-255,66,88018,44,240397
39342,0.001197,74.125.24.0-255,7156,95174,44,240397
39343,0.001199,172.31.46.0-255,66,95240,44,240397
39344,0.001205,74.125.24.0-255,5738,100978,44,240397
39345,0.001208,172.31.46.0-255,66,101044,44,240397
39346,0.001239,74.125.24.0-255,4320,105364,44,240397
39347,0.001245,172.31.46.0-255,66,105430,44,240397
39348,0.001255,74.125.24.0-255,4320,109750,44,240397
39349,0.001257,172.31.46.0-255,66,109816,44,240397
39350,0.001293,172.31.46.0-255,66,109882,44,240397
39351,0.001305,172.31.46.0-255,66,109948,44,240397
39352,0.001333,74.125.24.0-255,4320,114268,44,240397
39353,0.001336,172.31.46.0-255,66,114334,44,240397
39354,0.001349,172.31.46.0-255,66,114400,44,240397
39355,0.001389,172.31.46.0-255,66,114466,44,240397
39356,0.0014,172.31.46.0-255,66,114532,44,240397
39357,0.001428,74.125.24.0-255,5738,120270,44,240397
39358,0.001431,172.31.46.0-255,66,120336,44,240397
39359,0.001466,172.31.46.0-255,66,120402,44,240397
39360,0.001469,74.125.24.0-255,1484,121886,44,240397
39361,0.001472,74.125.24.0-255,766,122652,44,240397
39362,0.001474,172.31.46.0-255,66,122718,44,240397
39363,0.002262,74.125.24.0-255,1484,124202,44,240397
39364,0.002269,74.125.24.0-255,2902,127104,44,240397
39365,0.002273,172.31.46.0-255,66,127170,44,240397
39366,0.002297,74.125.24.0-255,5738,132908,44,240397
39367,0.0023,172.31.46.0-255,66,132974,44,240397
39368,0.002346,172.31.46.0-255,66,133040,44,240397
39369,0.002379,172.31.46.0-255,66,133106,44,240397
39370,0.002408,74.125.24.0-255,5020,138126,44,240397
39371,0.002411,172.31.46.0-255,66,138192,44,240397
39372,0.002435,74.125.24.0-255,1484,139676,44,240397
39373,0.002442,74.125.24.0-255,2902,142578,44,240397
39374,0.002444,172.31.46.0-255,66,142644,44,240397
39375,0.00245,74.125.24.0-255,4320,146964,44,240397
39376,0.002452,172.31.46.0-255,66,147030,44,240397
39377,0.002478,74.125.24.0-255,1484,148514,44,240397
39378,0.002486,74.125.24.0-255,7156,155670,44,240397
39379,0.002488,172.31.46.0-255,66,155736,44,240397
39380,0.002496,74.125.24.0-255,7156,162892,44,240397
39381,0.002498,172.31.46.0-255,66,162958,44,240397
39382,0.002532,74.125.24.0-255,7156,170114,44,240397
39383,0.002535,172.31.46.0-255,66,170180,44,240397
39384,0.002539,74.125.24.0-255,2184,172364,44,240397
39385,0.002541,172.31.46.0-255,66,172430,44,240397
39386,0.002565,74.125.24.0-255,4320,176750,44,240397
39387,0.002567,172.31.46.0-255,66,176816,44,240397
39388,0.002604,172.31.46.0-255,66,176882,44,240397
39389,0.00262,172.31.46.0-255,66,176948,44,240397
39390,0.005178,74.125.24.0-255,5738,182686,44,240397
39391,0.005196,172.31.46.0-255,66,182752,44,240397
39392,0.007761,74.125.24.0-255,5738,188490,44,240397
39393,0.007765,172.31.46.0-255,66,188556,44,240397
39394,0.01034,74.125.24.0-255,5738,194294,44,240397
39395,0.010353,172.31.46.0-255,66,194360,44,240397
39396,0.012924,74.125.24.0-255,5738,200098,44,240397
39397,0.012939,172.31.46.0-255,66,200164,44,240397
39398,0.015546,74.125.24.0-255,5738,205902,44,240397
39399,0.015563,172.31.46.0-255,66,205968,44,240397
39400,0.018143,74.125.24.0-255,5738,211706,44,240397
39401,0.018161,172.31.46.0-255,66,211772,44,240397
39402,0.02073,74.125.24.0-255,5738,217510,44,240397
39403,0.020746,172.31.46.0-255,66,217576,44,240397
39404,0.023328,74.125.24.0-255,5738,223314,44,240397
39405,0.023343,172.31.46.0-255,66,223380,44,240397
39406,0.025904,74.125.24.0-255,5738,229118,44,240397
39407,0.025919,172.31.46.0-255,66,229184,44,240397
39408,0.028487,74.125.24.0-255,2837,232021,44,240397
39409,0.028499,172.31.46.0-255,66,232087,44,240397
39410,0.028743,172.31.46.0-255,105,232192,44,240397
39411,0.031266,74.125.24.0-255,66,232258,44,240397
39412,0.034074,172.31.46.0-255,172,232430,44,240397
39413,0.034112,172.31.46.0-255,1113,233543,44,240397
39414,0.034179,172.31.46.0-255,1514,235057,44,240397
39415,0.034181,172.31.46.0-255,1514,236571,44,240397
39416,0.034182,172.31.46.0-255,1514,238085,44,240397
39417,0.034184,172.31.46.0-255,1514,239599,44,240397
39418,0.034185,172.31.46.0-255,558,240157,44,240397
39419,0.036285,104.244.42.0-255,66,240223,44,240397
39420,0.036351,104.244.42.0-255,108,240331,44,240397
39421,0.036363,172.31.46.0-255,66,240397,44,240397
39422,0.0,172.217.194.0-255,146,146,44,194210
39423,2.5e-05,172.31.46.0-255,66,212,44,194210
39424,3.2e-05,172.217.194.0-255,1484,1696,44,194210
39425,3.7e-05,172.31.46.0-255,66,1762,44,194210
39426,4e-05,172.217.194.0-255,1484,3246,44,194210
39427,4.3e-05,172.31.46.0-255,66,3312,44,194210
39428,5.6e-05,172.217.194.0-255,2902,6214,44,194210
39429,6e-05,172.31.46.0-255,66,6280,44,194210
39430,6.6e-05,172.217.194.0-255,5738,12018,44,194210
39431,6.9e-05,172.31.46.0-255,66,12084,44,194210
39432,8.3e-05,172.31.46.0-255,66,12150,44,194210
39433,0.000101,172.217.194.0-255,704,12854,44,194210
39434,0.000103,172.31.46.0-255,66,12920,44,194210
39435,0.000113,172.217.194.0-255,1484,14404,44,194210
39436,0.000115,172.31.46.0-255,66,14470,44,194210
39437,0.000121,172.217.194.0-255,3961,18431,44,194210
39438,0.000123,172.31.46.0-255,66,18497,44,194210
39439,0.00015,172.217.194.0-255,2902,21399,44,194210
39440,0.000153,172.31.46.0-255,66,21465,44,194210
39441,0.000174,172.217.194.0-255,1484,22949,44,194210
39442,0.000176,172.31.46.0-255,66,23015,44,194210
39443,0.000192,172.31.46.0-255,66,23081,44,194210
39444,0.000226,172.31.46.0-255,66,23147,44,194210
39445,0.000256,172.217.194.0-255,3961,27108,44,194210
39446,0.000258,172.31.46.0-255,66,27174,44,194210
39447,0.000264,172.217.194.0-255,5631,32805,44,194210
39448,0.000267,172.31.46.0-255,66,32871,44,194210
39449,0.000273,172.217.194.0-255,435,33306,44,194210
39450,0.000275,172.31.46.0-255,66,33372,44,194210
39451,0.000435,172.217.194.0-255,1484,34856,44,194210
39452,0.000442,172.217.194.0-255,1484,36340,44,194210
39453,0.000445,172.31.46.0-255,66,36406,44,194210
39454,0.000474,172.217.194.0-255,1484,37890,44,194210
39455,0.000481,172.217.194.0-255,5738,43628,44,194210
39456,0.000483,172.31.46.0-255,66,43694,44,194210
39457,0.000489,172.217.194.0-255,6247,49941,44,194210
39458,0.000492,172.31.46.0-255,66,50007,44,194210
39459,0.000537,172.31.46.0-255,66,50073,44,194210
39460,0.000541,172.217.194.0-255,2543,52616,44,194210
39461,0.000544,172.31.46.0-255,66,52682,44,194210
39462,0.002206,172.217.194.0-255,1484,54166,44,194210
39463,0.002217,172.217.194.0-255,2902,57068,44,194210
39464,0.002222,172.31.46.0-255,66,57134,44,194210
39465,0.002228,172.217.194.0-255,1484,58618,44,194210
39466,0.002256,172.217.194.0-255,4320,62938,44,194210
39467,0.002259,172.31.46.0-255,66,63004,44,194210
39468,0.002264,172.217.194.0-255,4320,67324,44,194210
39469,0.002266,172.31.46.0-255,66,67390,44,194210
39470,0.002318,172.31.46.0-255,66,67456,44,194210
39471,0.002329,172.31.46.0-255,66,67522,44,194210
39472,0.002333,172.217.194.0-255,2902,70424,44,194210
39473,0.002341,172.31.46.0-255,66,70490,44,194210
39474,0.002383,172.31.46.0-255,66,70556,44,194210
39475,0.004758,172.217.194.0-255,5738,76294,44,194210
39476,0.004768,172.31.46.0-255,66,76360,44,194210
39477,0.007129,172.217.194.0-255,5738,82098,44,194210
39478,0.007134,172.31.46.0-255,66,82164,44,194210
39479,0.009471,172.217.194.0-255,5738,87902,44,194210
39480,0.009487,172.31.46.0-255,66,87968,44,194210
39481,0.011866,172.217.194.0-255,5738,93706,44,194210
39482,0.011875,172.31.46.0-255,66,93772,44,194210
39483,0.014241,172.217.194.0-255,5738,99510,44,194210
39484,0.014249,172.31.46.0-255,66,99576,44,194210
39485,0.01657,172.217.194.0-255,5738,105314,44,194210
39486,0.016578,172.31.46.0-255,66,105380,44,194210
39487,0.018942,172.217.194.0-255,5738,111118,44,194210
39488,0.01895,172.31.46.0-255,66,111184,44,194210
39489,0.021326,172.217.194.0-255,5738,116922,44,194210
39490,0.021333,172.31.46.0-255,66,116988,44,194210
39491,0.023704,172.217.194.0-255,5738,122726,44,194210
39492,0.023712,172.31.46.0-255,66,122792,44,194210
39493,0.02608,172.217.194.0-255,5738,128530,44,194210
39494,0.02609,172.31.46.0-255,66,128596,44,194210
39495,0.028445,172.217.194.0-255,5738,134334,44,194210
39496,0.028454,172.31.46.0-255,66,134400,44,194210
39497,0.030808,172.217.194.0-255,4320,138720,44,194210
39498,0.030815,172.31.46.0-255,66,138786,44,194210
39499,0.030842,172.217.194.0-255,1484,140270,44,194210
39500,0.033174,172.217.194.0-255,4320,144590,44,194210
39501,0.033189,172.31.46.0-255,66,144656,44,194210
39502,0.035548,172.217.194.0-255,5738,150394,44,194210
39503,0.035562,172.31.46.0-255,66,150460,44,194210
39504,0.037931,172.217.194.0-255,5738,156198,44,194210
39505,0.037944,172.31.46.0-255,66,156264,44,194210
39506,0.040304,172.217.194.0-255,5738,162002,44,194210
39507,0.040316,172.31.46.0-255,66,162068,44,194210
39508,0.04266,172.217.194.0-255,5738,167806,44,194210
39509,0.042676,172.31.46.0-255,66,167872,44,194210
39510,0.045061,172.217.194.0-255,5738,173610,44,194210
39511,0.045077,172.31.46.0-255,66,173676,44,194210
39512,0.04742,172.217.194.0-255,5738,179414,44,194210
39513,0.047429,172.31.46.0-255,66,179480,44,194210
39514,0.049228,172.31.46.0-255,172,179652,44,194210
39515,0.049267,172.31.46.0-255,1114,180766,44,194210
39516,0.049341,172.31.46.0-255,1514,182280,44,194210
39517,0.049343,172.31.46.0-255,1514,183794,44,194210
39518,0.049344,172.31.46.0-255,1514,185308,44,194210
39519,0.049346,172.31.46.0-255,1514,186822,44,194210
39520,0.049373,172.31.46.0-255,1514,188336,44,194210
39521,0.049375,172.31.46.0-255,70,188406,44,194210
39522,0.049795,172.217.194.0-255,5738,194144,44,194210
39523,0.049805,172.31.46.0-255,66,194210,44,194210
39524,0.0,172.217.194.0-255,147,147,44,171022
39525,2.3e-05,172.31.46.0-255,66,213,44,171022
39526,3e-05,172.217.194.0-255,1484,1697,44,171022
39527,3.6e-05,172.31.46.0-255,66,1763,44,171022
39528,5e-05,172.217.194.0-255,2902,4665,44,171022
39529,5.5e-05,172.31.46.0-255,66,4731,44,171022
39530,6.1e-05,172.217.194.0-255,4320,9051,44,171022
39531,6.4e-05,172.31.46.0-255,66,9117,44,171022
39532,7e-05,172.217.194.0-255,4909,14026,44,171022
39533,7.3e-05,172.31.46.0-255,66,14092,44,171022
39534,8.7e-05,172.31.46.0-255,66,14158,44,171022
39535,9.1e-05,172.217.194.0-255,2902,17060,44,171022
39536,9.4e-05,172.31.46.0-255,66,17126,44,171022
39537,0.000139,172.31.46.0-255,66,17192,44,171022
39538,0.000151,172.31.46.0-255,66,17258,44,171022
39539,0.000157,172.217.194.0-255,5738,22996,44,171022
39540,0.00016,172.31.46.0-255,66,23062,44,171022
39541,0.000186,172.217.194.0-255,4320,27382,44,171022
39542,0.00019,172.31.46.0-255,66,27448,44,171022
39543,0.0002,172.31.46.0-255,66,27514,44,171022
39544,0.000569,172.217.194.0-255,1484,28998,44,171022
39545,0.000575,172.31.46.0-255,66,29064,44,171022
39546,0.000582,172.217.194.0-255,2902,31966,44,171022
39547,0.000585,172.31.46.0-255,66,32032,44,171022
39548,0.000596,172.217.194.0-255,5738,37770,44,171022
39549,0.000598,172.31.46.0-255,66,37836,44,171022
39550,0.000601,172.217.194.0-255,1484,39320,44,171022
39551,0.000603,172.31.46.0-255,66,39386,44,171022
39552,0.000639,172.31.46.0-255,66,39452,44,171022
39553,0.000651,172.31.46.0-255,66,39518,44,171022
39554,0.000707,172.217.194.0-255,1484,41002,44,171022
39555,0.000712,172.217.194.0-255,1484,42486,44,171022
39556,0.000716,172.31.46.0-255,66,42552,44,171022
39557,0.000745,172.217.194.0-255,1484,44036,44,171022
39558,0.000752,172.217.194.0-255,5738,49774,44,171022
39559,0.000755,172.31.46.0-255,66,49840,44,171022
39560,0.000763,172.217.194.0-255,7156,56996,44,171022
39561,0.000765,172.31.46.0-255,66,57062,44,171022
39562,0.000813,172.31.46.0-255,66,57128,44,171022
39563,0.000839,172.217.194.0-255,2902,60030,44,171022
39564,0.000842,172.31.46.0-255,66,60096,44,171022
39565,0.000848,172.217.194.0-255,2184,62280,44,171022
39566,0.00085,172.31.46.0-255,66,62346,44,171022
39567,0.000853,172.217.194.0-255,1484,63830,44,171022
39568,0.000858,172.217.194.0-255,2902,66732,44,171022
39569,0.00086,172.31.46.0-255,66,66798,44,171022
39570,0.000866,172.217.194.0-255,5738,72536,44,171022
39571,0.00087,172.31.46.0-255,66,72602,44,171022
39572,0.000915,172.31.46.0-255,66,72668,44,171022
39573,0.000948,172.31.46.0-255,66,72734,44,171022
39574,0.000979,172.217.194.0-255,5020,77754,44,171022
39575,0.000981,172.31.46.0-255,66,77820,44,171022
39576,0.001087,172.217.194.0-255,1484,79304,44,171022
39577,0.001093,172.217.194.0-255,2902,82206,44,171022
39578,0.001097,172.31.46.0-255,66,82272,44,171022
39579,0.0011,172.217.194.0-255,1484,83756,44,171022
39580,0.001126,172.217.194.0-255,4320,88076,44,171022
39581,0.001129,172.31.46.0-255,66,88142,44,171022
39582,0.001156,172.31.46.0-255,66,88208,44,171022
39583,0.001168,172.31.46.0-255,66,88274,44,171022
39584,0.00117,172.217.194.0-255,766,89040,44,171022
39585,0.001279,172.217.194.0-255,1484,90524,44,171022
39586,0.001283,172.31.46.0-255,66,90590,44,171022
39587,0.001289,172.217.194.0-255,2902,93492,44,171022
39588,0.001291,172.31.46.0-255,66,93558,44,171022
39589,0.001301,172.217.194.0-255,4320,97878,44,171022
39590,0.001304,172.31.46.0-255,66,97944,44,171022
39591,0.001325,172.217.194.0-255,1484,99428,44,171022
39592,0.001339,172.31.46.0-255,66,99494,44,171022
39593,0.001346,172.217.194.0-255,5738,105232,44,171022
39594,0.001348,172.31.46.0-255,66,105298,44,171022
39595,0.001379,172.217.194.0-255,5020,110318,44,171022
39596,0.001382,172.31.46.0-255,66,110384,44,171022
39597,0.001634,172.217.194.0-255,1484,111868,44,171022
39598,0.001642,172.217.194.0-255,2902,114770,44,171022
39599,0.001646,172.31.46.0-255,66,114836,44,171022
39600,0.001653,172.217.194.0-255,5738,120574,44,171022
39601,0.001656,172.31.46.0-255,66,120640,44,171022
39602,0.001677,172.31.46.0-255,66,120706,44,171022
39603,0.001707,172.217.194.0-255,4320,125026,44,171022
39604,0.001711,172.31.46.0-255,66,125092,44,171022
39605,0.001717,172.217.194.0-255,5738,130830,44,171022
39606,0.001719,172.31.46.0-255,66,130896,44,171022
39607,0.001753,172.217.194.0-255,5020,135916,44,171022
39608,0.001755,172.31.46.0-255,66,135982,44,171022
39609,0.001788,172.217.194.0-255,1484,137466,44,171022
39610,0.001793,172.217.194.0-255,2902,140368,44,171022
39611,0.001796,172.31.46.0-255,66,140434,44,171022
39612,0.001822,172.217.194.0-255,5738,146172,44,171022
39613,0.001824,172.31.46.0-255,66,146238,44,171022
39614,0.001829,172.217.194.0-255,2902,149140,44,171022
39615,0.001831,172.31.46.0-255,66,149206,44,171022
39616,0.001872,172.31.46.0-255,66,149272,44,171022
39617,0.001884,172.31.46.0-255,66,149338,44,171022
39618,0.001936,172.217.194.0-255,1484,150822,44,171022
39619,0.001952,172.217.194.0-255,2902,153724,44,171022
39620,0.001988,172.217.194.0-255,4320,158044,44,171022
39621,0.001992,172.31.46.0-255,66,158110,44,171022
39622,0.001995,172.31.46.0-255,66,158176,44,171022
39623,0.002002,172.217.194.0-255,1484,159660,44,171022
39624,0.002017,172.31.46.0-255,66,159726,44,171022
39625,0.002083,172.31.46.0-255,66,159792,44,171022
39626,0.002086,172.31.46.0-255,66,159858,44,171022
39627,0.002111,172.217.194.0-255,1484,161342,44,171022
39628,0.002133,172.31.46.0-255,66,161408,44,171022
39629,0.002154,172.31.46.0-255,66,161474,44,171022
39630,0.002157,172.217.194.0-255,105,161579,44,171022
39631,0.004391,172.31.46.0-255,66,161645,44,171022
39632,0.00443,172.31.46.0-255,105,161750,44,171022
39633,0.00665,172.217.194.0-255,66,161816,44,171022
39634,0.037527,172.31.46.0-255,188,162004,44,171022
39635,0.037559,172.31.46.0-255,955,162959,44,171022
39636,0.037808,172.31.46.0-255,1514,164473,44,171022
39637,0.03781,172.31.46.0-255,1514,165987,44,171022
39638,0.037815,172.31.46.0-255,1514,167501,44,171022
39639,0.037817,172.31.46.0-255,1514,169015,44,171022
39640,0.037836,172.31.46.0-255,1514,170529,44,171022
39641,0.037838,172.31.46.0-255,229,170758,44,171022
39642,0.039069,104.244.42.0-255,66,170824,44,171022
39643,0.03908,104.244.42.0-255,66,170890,44,171022
39644,0.03939,104.244.42.0-255,66,170956,44,171022
39645,0.039409,104.244.42.0-255,66,171022,44,171022
39646,0.0,172.217.27.0-255,146,146,44,296946
39647,2.2e-05,172.31.46.0-255,66,212,44,296946
39648,2.9e-05,172.217.27.0-255,1484,1696,44,296946
39649,3.3e-05,172.31.46.0-255,66,1762,44,296946
39650,4.6e-05,172.217.27.0-255,2902,4664,44,296946
39651,5.1e-05,172.31.46.0-255,66,4730,44,296946
39652,5.7e-05,172.217.27.0-255,5738,10468,44,296946
39653,6e-05,172.31.46.0-255,66,10534,44,296946
39654,6.5e-05,172.217.27.0-255,4320,14854,44,296946
39655,6.7e-05,172.31.46.0-255,66,14920,44,296946
39656,0.000106,172.31.46.0-255,66,14986,44,296946
39657,0.000111,172.217.27.0-255,4320,19306,44,296946
39658,0.000113,172.31.46.0-255,66,19372,44,296946
39659,0.000144,172.217.27.0-255,3961,23333,44,296946
39660,0.000146,172.31.46.0-255,66,23399,44,296946
39661,0.000161,172.217.27.0-255,5738,29137,44,296946
39662,0.000166,172.31.46.0-255,66,29203,44,296946
39663,0.000189,172.217.27.0-255,2902,32105,44,296946
39664,0.000191,172.31.46.0-255,66,32171,44,296946
39665,0.000218,172.217.27.0-255,7156,39327,44,296946
39666,0.000221,172.31.46.0-255,66,39393,44,296946
39667,0.000245,172.217.27.0-255,1125,40518,44,296946
39668,0.000247,172.31.46.0-255,66,40584,44,296946
39669,0.000271,172.31.46.0-255,66,40650,44,296946
39670,0.000276,172.217.27.0-255,5738,46388,44,296946
39671,0.000278,172.31.46.0-255,66,46454,44,296946
39672,0.000311,172.217.27.0-255,2543,48997,44,296946
39673,0.000313,172.31.46.0-255,66,49063,44,296946
39674,0.000344,172.217.27.0-255,362,49425,44,296946
39675,0.000346,172.31.46.0-255,66,49491,44,296946
39676,0.000547,172.217.27.0-255,135,49626,44,296946
39677,0.000552,172.217.27.0-255,345,49971,44,296946
39678,0.000822,172.217.27.0-255,1484,51455,44,296946
39679,0.000827,172.31.46.0-255,66,51521,44,296946
39680,0.000832,172.217.27.0-255,2902,54423,44,296946
39681,0.000834,172.31.46.0-255,66,54489,44,296946
39682,0.000839,172.217.27.0-255,4320,58809,44,296946
39683,0.000841,172.31.46.0-255,66,58875,44,296946
39684,0.000857,172.217.27.0-255,1484,60359,44,296946
39685,0.000894,172.31.46.0-255,66,60425,44,296946
39686,0.000927,172.217.27.0-255,5738,66163,44,296946
39687,0.00093,172.31.46.0-255,66,66229,44,296946
39688,0.000959,172.217.27.0-255,5020,71249,44,296946
39689,0.000961,172.31.46.0-255,66,71315,44,296946
39690,0.001278,172.217.27.0-255,1484,72799,44,296946
39691,0.001283,172.217.27.0-255,2902,75701,44,296946
39692,0.001286,172.31.46.0-255,66,75767,44,296946
39693,0.001291,172.217.27.0-255,2902,78669,44,296946
39694,0.001293,172.31.46.0-255,66,78735,44,296946
39695,0.001315,172.217.27.0-255,2902,81637,44,296946
39696,0.001317,172.31.46.0-255,66,81703,44,296946
39697,0.001329,172.31.46.0-255,66,81769,44,296946
39698,0.001357,172.217.27.0-255,1484,83253,44,296946
39699,0.001364,172.217.27.0-255,7156,90409,44,296946
39700,0.00137,172.31.46.0-255,66,90475,44,296946
39701,0.001393,172.217.27.0-255,3602,94077,44,296946
39702,0.001396,172.31.46.0-255,66,94143,44,296946
39703,0.001501,172.217.27.0-255,1484,95627,44,296946
39704,0.001506,172.217.27.0-255,2902,98529,44,296946
39705,0.001508,172.31.46.0-255,66,98595,44,296946
39706,0.001537,172.217.27.0-255,5738,104333,44,296946
39707,0.00154,172.31.46.0-255,66,104399,44,296946
39708,0.001546,172.217.27.0-255,5738,110137,44,296946
39709,0.001547,172.31.46.0-255,66,110203,44,296946
39710,0.001583,172.217.27.0-255,2902,113105,44,296946
39711,0.001585,172.31.46.0-255,66,113171,44,296946
39712,0.001612,172.217.27.0-255,4320,117491,44,296946
39713,0.001618,172.31.46.0-255,66,117557,44,296946
39714,0.001629,172.31.46.0-255,66,117623,44,296946
39715,0.001632,172.217.27.0-255,1484,119107,44,296946
39716,0.001642,172.217.27.0-255,2902,122009,44,296946
39717,0.001644,172.31.46.0-255,66,122075,44,296946
39718,0.001663,172.217.27.0-255,1484,123559,44,296946
39719,0.003264,172.217.27.0-255,4320,127879,44,296946
39720,0.00327,172.31.46.0-255,66,127945,44,296946
39721,0.004903,172.217.27.0-255,5738,133683,44,296946
39722,0.00491,172.31.46.0-255,66,133749,44,296946
39723,0.006539,172.217.27.0-255,5738,139487,44,296946
39724,0.006547,172.31.46.0-255,66,139553,44,296946
39725,0.008168,172.217.27.0-255,5738,145291,44,296946
39726,0.008174,172.31.46.0-255,66,145357,44,296946
39727,0.009793,172.217.27.0-255,5738,151095,44,296946
39728,0.009798,172.31.46.0-255,66,151161,44,296946
39729,0.011423,172.217.27.0-255,5738,156899,44,296946
39730,0.011428,172.31.46.0-255,66,156965,44,296946
39731,0.013072,172.217.27.0-255,4320,161285,44,296946
39732,0.013078,172.31.46.0-255,66,161351,44,296946
39733,0.013104,172.217.27.0-255,1484,162835,44,296946
39734,0.014716,172.217.27.0-255,4320,167155,44,296946
39735,0.014724,172.31.46.0-255,66,167221,44,296946
39736,0.016348,172.217.27.0-255,5738,172959,44,296946
39737,0.016354,172.31.46.0-255,66,173025,44,296946
39738,0.017976,172.217.27.0-255,5738,178763,44,296946
39739,0.017982,172.31.46.0-255,66,178829,44,296946
39740,0.019615,172.217.27.0-255,5738,184567,44,296946
39741,0.019623,172.31.46.0-255,66,184633,44,296946
39742,0.021254,172.217.27.0-255,5738,190371,44,296946
39743,0.021263,172.31.46.0-255,66,190437,44,296946
39744,0.022893,172.217.27.0-255,5738,196175,44,296946
39745,0.0229,172.31.46.0-255,66,196241,44,296946
39746,0.02453,172.217.27.0-255,5738,201979,44,296946
39747,0.024539,172.31.46.0-255,66,202045,44,296946
39748,0.02617,172.217.27.0-255,5738,207783,44,296946
39749,0.026179,172.31.46.0-255,66,207849,44,296946
39750,0.027805,172.217.27.0-255,5738,213587,44,296946
39751,0.027811,172.31.46.0-255,66,213653,44,296946
39752,0.029442,172.217.27.0-255,5738,219391,44,296946
39753,0.029449,172.31.46.0-255,66,219457,44,296946
39754,0.031076,172.217.27.0-255,5738,225195,44,296946
39755,0.031083,172.31.46.0-255,66,225261,44,296946
39756,0.032709,172.217.27.0-255,5738,230999,44,296946
39757,0.032717,172.31.46.0-255,66,231065,44,296946
39758,0.034341,172.217.27.0-255,5738,236803,44,296946
39759,0.034348,172.31.46.0-255,66,236869,44,296946
39760,0.035976,172.217.27.0-255,5738,242607,44,296946
39761,0.035984,172.31.46.0-255,66,242673,44,296946
39762,0.037609,172.217.27.0-255,5738,248411,44,296946
39763,0.037615,172.31.46.0-255,66,248477,44,296946
39764,0.039235,172.217.27.0-255,4320,252797,44,296946
39765,0.039241,172.31.46.0-255,66,252863,44,296946
39766,0.039266,172.217.27.0-255,1484,254347,44,296946
39767,0.040875,172.217.27.0-255,4320,258667,44,296946
39768,0.040885,172.31.46.0-255,66,258733,44,296946
39769,0.042515,172.217.27.0-255,5738,264471,44,296946
39770,0.042522,172.31.46.0-255,66,264537,44,296946
39771,0.044167,172.217.27.0-255,5738,270275,44,296946
39772,0.044174,172.31.46.0-255,66,270341,44,296946
39773,0.045794,172.31.46.0-255,172,270513,44,296946
39774,0.045802,172.217.27.0-255,5738,276251,44,296946
39775,0.045806,172.31.46.0-255,66,276317,44,296946
39776,0.045844,172.31.46.0-255,1109,277426,44,296946
39777,0.0459,172.31.46.0-255,1514,278940,44,296946
39778,0.045902,172.31.46.0-255,1514,280454,44,296946
39779,0.045903,172.31.46.0-255,1514,281968,44,296946
39780,0.045904,172.31.46.0-255,1514,283482,44,296946
39781,0.045929,172.31.46.0-255,1514,284996,44,296946
39782,0.045934,172.31.46.0-255,78,285074,44,296946
39783,0.047294,104.244.42.0-255,66,285140,44,296946
39784,0.04734,104.244.42.0-255,66,285206,44,296946
39785,0.047427,104.244.42.0-255,66,285272,44,296946
39786,0.047467,172.217.27.0-255,5738,291010,44,296946
39787,0.047472,172.31.46.0-255,66,291076,44,296946
39788,0.047496,104.244.42.0-255,66,291142,44,296946
39789,0.049109,172.217.27.0-255,5738,296880,44,296946
39790,0.049115,172.31.46.0-255,66,296946,44,296946
39791,0.0,74.125.24.0-255,152,152,44,254550
39792,2.4e-05,172.31.46.0-255,66,218,44,254550
39793,3.1e-05,74.125.24.0-255,1484,1702,44,254550
39794,3.6e-05,172.31.46.0-255,66,1768,44,254550
39795,4.2e-05,74.125.24.0-255,2902,4670,44,254550
39796,5.3e-05,172.31.46.0-255,66,4736,44,254550
39797,6.1e-05,74.125.24.0-255,7156,11892,44,254550
39798,6.4e-05,172.31.46.0-255,66,11958,44,254550
39799,6.7e-05,74.125.24.0-255,1484,13442,44,254550
39800,7e-05,172.31.46.0-255,66,13508,44,254550
39801,0.000101,74.125.24.0-255,627,14135,44,254550
39802,0.000103,172.31.46.0-255,66,14201,44,254550
39803,0.000108,74.125.24.0-255,2902,17103,44,254550
39804,0.00011,172.31.46.0-255,66,17169,44,254550
39805,0.000123,74.125.24.0-255,7156,24325,44,254550
39806,0.000125,172.31.46.0-255,66,24391,44,254550
39807,0.000131,74.125.24.0-255,6797,31188,44,254550
39808,0.000134,172.31.46.0-255,66,31254,44,254550
39809,0.000222,74.125.24.0-255,1484,32738,44,254550
39810,0.000226,172.31.46.0-255,66,32804,44,254550
39811,0.000231,74.125.24.0-255,2902,35706,44,254550
39812,0.000233,172.31.46.0-255,66,35772,44,254550
39813,0.000263,74.125.24.0-255,5738,41510,44,254550
39814,0.000265,172.31.46.0-255,66,41576,44,254550
39815,0.000272,74.125.24.0-255,5738,47314,44,254550
39816,0.000274,172.31.46.0-255,66,47380,44,254550
39817,0.000301,172.31.46.0-255,66,47446,44,254550
39818,0.000334,172.31.46.0-255,66,47512,44,254550
39819,0.000401,74.125.24.0-255,395,47907,44,254550
39820,0.000403,172.31.46.0-255,66,47973,44,254550
39821,0.00059,74.125.24.0-255,348,48321,44,254550
39822,0.000705,74.125.24.0-255,1484,49805,44,254550
39823,0.000709,172.31.46.0-255,66,49871,44,254550
39824,0.000715,74.125.24.0-255,2902,52773,44,254550
39825,0.000717,172.31.46.0-255,66,52839,44,254550
39826,0.000744,74.125.24.0-255,5738,58577,44,254550
39827,0.000746,172.31.46.0-255,66,58643,44,254550
39828,0.000754,74.125.24.0-255,7156,65799,44,254550
39829,0.000761,172.31.46.0-255,66,65865,44,254550
39830,0.000795,172.31.46.0-255,66,65931,44,254550
39831,0.0008,74.125.24.0-255,2184,68115,44,254550
39832,0.000802,172.31.46.0-255,66,68181,44,254550
39833,0.001208,74.125.24.0-255,1484,69665,44,254550
39834,0.001213,74.125.24.0-255,2902,72567,44,254550
39835,0.001223,172.31.46.0-255,66,72633,44,254550
39836,0.00123,74.125.24.0-255,5738,78371,44,254550
39837,0.001233,172.31.46.0-255,66,78437,44,254550
39838,0.001266,74.125.24.0-255,5738,84175,44,254550
39839,0.001268,172.31.46.0-255,66,84241,44,254550
39840,0.001287,172.31.46.0-255,66,84307,44,254550
39841,0.001318,74.125.24.0-255,5020,89327,44,254550
39842,0.00132,172.31.46.0-255,66,89393,44,254550
39843,0.001444,74.125.24.0-255,1484,90877,44,254550
39844,0.00145,74.125.24.0-255,2902,93779,44,254550
39845,0.001453,172.31.46.0-255,66,93845,44,254550
39846,0.00146,74.125.24.0-255,4320,98165,44,254550
39847,0.001462,172.31.46.0-255,66,98231,44,254550
39848,0.001478,74.125.24.0-255,1484,99715,44,254550
39849,0.001514,172.31.46.0-255,66,99781,44,254550
39850,0.001524,172.31.46.0-255,66,99847,44,254550
39851,0.00155,74.125.24.0-255,2184,102031,44,254550
39852,0.001552,172.31.46.0-255,66,102097,44,254550
39853,0.001616,74.125.24.0-255,1484,103581,44,254550
39854,0.00162,74.125.24.0-255,1484,105065,44,254550
39855,0.001623,172.31.46.0-255,66,105131,44,254550
39856,0.00165,74.125.24.0-255,1484,106615,44,254550
39857,0.001657,74.125.24.0-255,5738,112353,44,254550
39858,0.00166,172.31.46.0-255,66,112419,44,254550
39859,0.001666,74.125.24.0-255,5738,118157,44,254550
39860,0.001668,172.31.46.0-255,66,118223,44,254550
39861,0.001686,172.31.46.0-255,66,118289,44,254550
39862,0.00171,74.125.24.0-255,5020,123309,44,254550
39863,0.001712,172.31.46.0-255,66,123375,44,254550
39864,0.001899,74.125.24.0-255,1484,124859,44,254550
39865,0.001905,74.125.24.0-255,2902,127761,44,254550
39866,0.001908,172.31.46.0-255,66,127827,44,254550
39867,0.001914,74.125.24.0-255,4320,132147,44,254550
39868,0.001916,172.31.46.0-255,66,132213,44,254550
39869,0.001949,74.125.24.0-255,1484,133697,44,254550
39870,0.00196,172.31.46.0-255,66,133763,44,254550
39871,0.001994,74.125.24.0-255,2902,136665,44,254550
39872,0.001997,172.31.46.0-255,66,136731,44,254550
39873,0.002013,172.31.46.0-255,66,136797,44,254550
39874,0.002016,74.125.24.0-255,766,137563,44,254550
39875,0.002039,74.125.24.0-255,1484,139047,44,254550
39876,0.002042,172.31.46.0-255,66,139113,44,254550
39877,0.002047,74.125.24.0-255,4320,143433,44,254550
39878,0.002049,172.31.46.0-255,66,143499,44,254550
39879,0.002086,172.31.46.0-255,66,143565,44,254550
39880,0.002113,172.31.46.0-255,66,143631,44,254550
39881,0.00212,74.125.24.0-255,6438,150069,44,254550
39882,0.002122,172.31.46.0-255,66,150135,44,254550
39883,0.002187,74.125.24.0-255,1484,151619,44,254550
39884,0.002193,74.125.24.0-255,2902,154521,44,254550
39885,0.002195,172.31.46.0-255,66,154587,44,254550
39886,0.002202,74.125.24.0-255,5738,160325,44,254550
39887,0.002204,172.31.46.0-255,66,160391,44,254550
39888,0.002234,172.31.46.0-255,66,160457,44,254550
39889,0.002284,172.31.46.0-255,66,160523,44,254550
39890,0.002307,74.125.24.0-255,766,161289,44,254550
39891,0.002311,74.125.24.0-255,1484,162773,44,254550
39892,0.002313,172.31.46.0-255,66,162839,44,254550
39893,0.002338,74.125.24.0-255,7156,169995,44,254550
39894,0.002341,172.31.46.0-255,66,170061,44,254550
39895,0.002349,74.125.24.0-255,7156,177217,44,254550
39896,0.002352,172.31.46.0-255,66,177283,44,254550
39897,0.004682,74.125.24.0-255,5738,183021,44,254550
39898,0.004691,172.31.46.0-255,66,183087,44,254550
39899,0.007,74.125.24.0-255,5738,188825,44,254550
39900,0.007008,172.31.46.0-255,66,188891,44,254550
39901,0.009325,74.125.24.0-255,5738,194629,44,254550
39902,0.009331,172.31.46.0-255,66,194695,44,254550
39903,0.011657,74.125.24.0-255,5738,200433,44,254550
39904,0.011666,172.31.46.0-255,66,200499,44,254550
39905,0.014007,74.125.24.0-255,5738,206237,44,254550
39906,0.014021,172.31.46.0-255,66,206303,44,254550
39907,0.016347,74.125.24.0-255,5738,212041,44,254550
39908,0.01636,172.31.46.0-255,66,212107,44,254550
39909,0.018688,74.125.24.0-255,5738,217845,44,254550
39910,0.018699,172.31.46.0-255,66,217911,44,254550
39911,0.021025,74.125.24.0-255,5738,223649,44,254550
39912,0.02104,172.31.46.0-255,66,223715,44,254550
39913,0.023374,74.125.24.0-255,5738,229453,44,254550
39914,0.023388,172.31.46.0-255,66,229519,44,254550
39915,0.025726,74.125.24.0-255,5738,235257,44,254550
39916,0.025742,172.31.46.0-255,66,235323,44,254550
39917,0.028075,74.125.24.0-255,5738,241061,44,254550
39918,0.028091,172.31.46.0-255,66,241127,44,254550
39919,0.030442,74.125.24.0-255,5738,246865,44,254550
39920,0.030453,172.31.46.0-255,66,246931,44,254550
39921,0.032784,74.125.24.0-255,5738,252669,44,254550
39922,0.032793,172.31.46.0-255,66,252735,44,254550
39923,0.035082,74.125.24.0-255,292,253027,44,254550
39924,0.035228,172.31.46.0-255,66,253093,44,254550
39925,0.035269,172.31.46.0-255,105,253198,44,254550
39926,0.037562,74.125.24.0-255,66,253264,44,254550
39927,0.04993,172.31.46.0-255,172,253436,44,254550
39928,0.04997,172.31.46.0-255,1114,254550,44,254550
39929,0.0,74.125.24.0-255,152,152,44,303669
39930,1.9e-05,172.31.46.0-255,66,218,44,303669
39931,2.5e-05,74.125.24.0-255,1484,1702,44,303669
39932,2.9e-05,172.31.46.0-255,66,1768,44,303669
39933,4.1e-05,74.125.24.0-255,2902,4670,44,303669
39934,4.5e-05,172.31.46.0-255,66,4736,44,303669
39935,5.1e-05,74.125.24.0-255,5738,10474,44,303669
39936,5.4e-05,172.31.46.0-255,66,10540,44,303669
39937,5.9e-05,74.125.24.0-255,3357,13897,44,303669
39938,6.2e-05,172.31.46.0-255,66,13963,44,303669
39939,0.000183,74.125.24.0-255,1484,15447,44,303669
39940,0.000188,172.31.46.0-255,66,15513,44,303669
39941,0.000193,74.125.24.0-255,2902,18415,44,303669
39942,0.000195,172.31.46.0-255,66,18481,44,303669
39943,0.000201,74.125.24.0-255,4320,22801,44,303669
39944,0.000207,172.31.46.0-255,66,22867,44,303669
39945,0.000231,74.125.24.0-255,1484,24351,44,303669
39946,0.000233,172.31.46.0-255,66,24417,44,303669
39947,0.000238,74.125.24.0-255,4320,28737,44,303669
39948,0.00024,172.31.46.0-255,66,28803,44,303669
39949,0.000263,74.125.24.0-255,2543,31346,44,303669
39950,0.000265,172.31.46.0-255,66,31412,44,303669
39951,0.000455,74.125.24.0-255,1484,32896,44,303669
39952,0.000459,172.31.46.0-255,66,32962,44,303669
39953,0.000465,74.125.24.0-255,2902,35864,44,303669
39954,0.000467,172.31.46.0-255,66,35930,44,303669
39955,0.000489,74.125.24.0-255,5738,41668,44,303669
39956,0.000492,172.31.46.0-255,66,41734,44,303669
39957,0.000501,74.125.24.0-255,4320,46054,44,303669
39958,0.000503,172.31.46.0-255,66,46120,44,303669
39959,0.000535,172.31.46.0-255,66,46186,44,303669
39960,0.000542,74.125.24.0-255,7156,53342,44,303669
39961,0.000546,172.31.46.0-255,66,53408,44,303669
39962,0.000563,74.125.24.0-255,2877,56285,44,303669
39963,0.000565,172.31.46.0-255,66,56351,44,303669
39964,0.000605,74.125.24.0-255,111,56462,44,303669
39965,0.000632,74.125.24.0-255,330,56792,44,303669
39966,0.000961,172.31.46.0-255,66,56858,44,303669
39967,0.000986,74.125.24.0-255,1484,58342,44,303669
39968,0.000991,74.125.24.0-255,2902,61244,44,303669
39969,0.000993,172.31.46.0-255,66,61310,44,303669
39970,0.000998,74.125.24.0-255,2902,64212,44,303669
39971,0.000999,172.31.46.0-255,66,64278,44,303669
39972,0.001021,74.125.24.0-255,2902,67180,44,303669
39973,0.001027,172.31.46.0-255,66,67246,44,303669
39974,0.001037,172.31.46.0-255,66,67312,44,303669
39975,0.001081,74.125.24.0-255,7156,74468,44,303669
39976,0.001083,172.31.46.0-255,66,74534,44,303669
39977,0.001103,74.125.24.0-255,6438,80972,44,303669
39978,0.001105,172.31.46.0-255,66,81038,44,303669
39979,0.001152,74.125.24.0-255,1484,82522,44,303669
39980,0.001156,74.125.24.0-255,1484,84006,44,303669
39981,0.001159,172.31.46.0-255,66,84072,44,303669
39982,0.001185,74.125.24.0-255,1484,85556,44,303669
39983,0.001191,74.125.24.0-255,4320,89876,44,303669
39984,0.001193,172.31.46.0-255,66,89942,44,303669
39985,0.001203,172.31.46.0-255,66,90008,44,303669
39986,0.001257,74.125.24.0-255,5738,95746,44,303669
39987,0.001259,172.31.46.0-255,66,95812,44,303669
39988,0.001282,172.31.46.0-255,66,95878,44,303669
39989,0.001406,74.125.24.0-255,1484,97362,44,303669
39990,0.001411,74.125.24.0-255,2902,100264,44,303669
39991,0.001414,172.31.46.0-255,66,100330,44,303669
39992,0.001448,74.125.24.0-255,5738,106068,44,303669
39993,0.00145,172.31.46.0-255,66,106134,44,303669
39994,0.00146,172.31.46.0-255,66,106200,44,303669
39995,0.001491,74.125.24.0-255,4320,110520,44,303669
39996,0.001494,172.31.46.0-255,66,110586,44,303669
39997,0.001505,172.31.46.0-255,66,110652,44,303669
39998,0.001661,74.125.24.0-255,1484,112136,44,303669
39999,0.001666,74.125.24.0-255,2902,115038,44,303669
40000,0.001669,172.31.46.0-255,66,115104,44,303669
40001,0.001674,74.125.24.0-255,4320,119424,44,303669
40002,0.001676,172.31.46.0-255,66,119490,44,303669
40003,0.001695,74.125.24.0-255,1484,120974,44,303669
40004,0.001701,74.125.24.0-255,7156,128130,44,303669
40005,0.001703,172.31.46.0-255,66,128196,44,303669
40006,0.001732,74.125.24.0-255,5738,133934,44,303669
40007,0.001734,172.31.46.0-255,66,134000,44,303669
40008,0.001744,172.31.46.0-255,66,134066,44,303669
40009,0.001802,172.31.46.0-255,101,134167,44,303669
40010,0.001958,74.125.24.0-255,1484,135651,44,303669
40011,0.001963,74.125.24.0-255,2902,138553,44,303669
40012,0.001966,172.31.46.0-255,66,138619,44,303669
40013,0.00197,74.125.24.0-255,2902,141521,44,303669
40014,0.001972,172.31.46.0-255,66,141587,44,303669
40015,0.002004,74.125.24.0-255,2902,144489,44,303669
40016,0.002006,172.31.46.0-255,66,144555,44,303669
40017,0.00201,74.125.24.0-255,4320,148875,44,303669
40018,0.002012,172.31.46.0-255,66,148941,44,303669
40019,0.002018,74.125.24.0-255,7156,156097,44,303669
40020,0.002026,172.31.46.0-255,66,156163,44,303669
40021,0.003721,74.125.24.0-255,66,156229,44,303669
40022,0.003978,74.125.24.0-255,2902,159131,44,303669
40023,0.003983,172.31.46.0-255,66,159197,44,303669
40024,0.004009,74.125.24.0-255,2902,162099,44,303669
40025,0.004012,172.31.46.0-255,66,162165,44,303669
40026,0.005955,74.125.24.0-255,4320,166485,44,303669
40027,0.005959,172.31.46.0-255,66,166551,44,303669
40028,0.005984,74.125.24.0-255,1484,168035,44,303669
40029,0.007915,74.125.24.0-255,4320,172355,44,303669
40030,0.007922,172.31.46.0-255,66,172421,44,303669
40031,0.009873,74.125.24.0-255,5738,178159,44,303669
40032,0.009881,172.31.46.0-255,66,178225,44,303669
40033,0.011837,74.125.24.0-255,5738,183963,44,303669
40034,0.011845,172.31.46.0-255,66,184029,44,303669
40035,0.013814,74.125.24.0-255,5738,189767,44,303669
40036,0.013821,172.31.46.0-255,66,189833,44,303669
40037,0.015764,74.125.24.0-255,5738,195571,44,303669
40038,0.015771,172.31.46.0-255,66,195637,44,303669
40039,0.017714,74.125.24.0-255,5738,201375,44,303669
40040,0.017723,172.31.46.0-255,66,201441,44,303669
40041,0.01968,74.125.24.0-255,5738,207179,44,303669
40042,0.01969,172.31.46.0-255,66,207245,44,303669
40043,0.021648,74.125.24.0-255,5738,212983,44,303669
40044,0.021654,172.31.46.0-255,66,213049,44,303669
40045,0.023606,74.125.24.0-255,5738,218787,44,303669
40046,0.023612,172.31.46.0-255,66,218853,44,303669
40047,0.025592,74.125.24.0-255,5738,224591,44,303669
40048,0.025598,172.31.46.0-255,66,224657,44,303669
40049,0.027556,74.125.24.0-255,5738,230395,44,303669
40050,0.027564,172.31.46.0-255,66,230461,44,303669
40051,0.029521,74.125.24.0-255,5738,236199,44,303669
40052,0.029528,172.31.46.0-255,66,236265,44,303669
40053,0.031521,74.125.24.0-255,5738,242003,44,303669
40054,0.031528,172.31.46.0-255,66,242069,44,303669
40055,0.033496,74.125.24.0-255,5738,247807,44,303669
40056,0.033503,172.31.46.0-255,66,247873,44,303669
40057,0.035451,74.125.24.0-255,5738,253611,44,303669
40058,0.035459,172.31.46.0-255,66,253677,44,303669
40059,0.037016,172.31.46.0-255,172,253849,44,303669
40060,0.037048,172.31.46.0-255,1113,254962,44,303669
40061,0.037117,172.31.46.0-255,1514,256476,44,303669
40062,0.037119,172.31.46.0-255,1514,257990,44,303669
40063,0.03712,172.31.46.0-255,1514,259504,44,303669
40064,0.037121,172.31.46.0-255,1514,261018,44,303669
40065,0.037122,172.31.46.0-255,1514,262532,44,303669
40066,0.037151,172.31.46.0-255,71,262603,44,303669
40067,0.037435,74.125.24.0-255,5738,268341,44,303669
40068,0.037442,172.31.46.0-255,66,268407,44,303669
40069,0.038501,104.244.42.0-255,66,268473,44,303669
40070,0.038523,104.244.42.0-255,66,268539,44,303669
40071,0.038627,104.244.42.0-255,66,268605,44,303669
40072,0.038633,104.244.42.0-255,66,268671,44,303669
40073,0.039222,104.244.42.0-255,108,268779,44,303669
40074,0.03923,172.31.46.0-255,66,268845,44,303669
40075,0.03938,74.125.24.0-255,5738,274583,44,303669
40076,0.039385,172.31.46.0-255,66,274649,44,303669
40077,0.041342,74.125.24.0-255,5738,280387,44,303669
40078,0.041349,172.31.46.0-255,66,280453,44,303669
40079,0.04331,74.125.24.0-255,5738,286191,44,303669
40080,0.043318,172.31.46.0-255,66,286257,44,303669
40081,0.045294,74.125.24.0-255,5738,291995,44,303669
40082,0.045302,172.31.46.0-255,66,292061,44,303669
40083,0.047268,74.125.24.0-255,5738,297799,44,303669
40084,0.047275,172.31.46.0-255,66,297865,44,303669
40085,0.049214,74.125.24.0-255,5738,303603,44,303669
40086,0.04922,172.31.46.0-255,66,303669,44,303669
40087,0.0,172.217.194.0-255,143,143,44,229370
40088,2.9e-05,172.31.46.0-255,66,209,44,229370
40089,3.6e-05,172.217.194.0-255,1484,1693,44,229370
40090,4.3e-05,172.31.46.0-255,66,1759,44,229370
40091,4.9e-05,172.217.194.0-255,2902,4661,44,229370
40092,5.3e-05,172.31.46.0-255,66,4727,44,229370
40093,6.1e-05,172.217.194.0-255,7156,11883,44,229370
40094,6.5e-05,172.31.46.0-255,66,11949,44,229370
40095,6.9e-05,172.217.194.0-255,1976,13925,44,229370
40096,7.2e-05,172.31.46.0-255,66,13991,44,229370
40097,9.9e-05,172.217.194.0-255,2902,16893,44,229370
40098,0.000102,172.31.46.0-255,66,16959,44,229370
40099,0.00011,172.217.194.0-255,7156,24115,44,229370
40100,0.000112,172.31.46.0-255,66,24181,44,229370
40101,0.000169,172.217.194.0-255,5738,29919,44,229370
40102,0.000172,172.31.46.0-255,66,29985,44,229370
40103,0.000187,172.217.194.0-255,5379,35364,44,229370
40104,0.00019,172.31.46.0-255,66,35430,44,229370
40105,0.000204,172.31.46.0-255,66,35496,44,229370
40106,0.000207,172.217.194.0-255,1125,36621,44,229370
40107,0.000209,172.31.46.0-255,66,36687,44,229370
40108,0.000227,172.217.194.0-255,1484,38171,44,229370
40109,0.00023,172.31.46.0-255,66,38237,44,229370
40110,0.000235,172.217.194.0-255,4320,42557,44,229370
40111,0.000238,172.31.46.0-255,66,42623,44,229370
40112,0.000256,172.217.194.0-255,2902,45525,44,229370
40113,0.000259,172.31.46.0-255,66,45591,44,229370
40114,0.000276,172.217.194.0-255,7156,52747,44,229370
40115,0.000278,172.217.194.0-255,1420,54167,44,229370
40116,0.000282,172.31.46.0-255,66,54233,44,229370
40117,0.000286,172.31.46.0-255,66,54299,44,229370
40118,0.000884,172.217.194.0-255,382,54681,44,229370
40119,0.001025,172.217.194.0-255,1484,56165,44,229370
40120,0.001032,172.31.46.0-255,66,56231,44,229370
40121,0.001038,172.217.194.0-255,2902,59133,44,229370
40122,0.00104,172.31.46.0-255,66,59199,44,229370
40123,0.001047,172.217.194.0-255,5738,64937,44,229370
40124,0.00105,172.31.46.0-255,66,65003,44,229370
40125,0.001087,172.217.194.0-255,6797,71800,44,229370
40126,0.001089,172.31.46.0-255,66,71866,44,229370
40127,0.001286,172.217.194.0-255,1484,73350,44,229370
40128,0.001307,172.217.194.0-255,2902,76252,44,229370
40129,0.00131,172.31.46.0-255,66,76318,44,229370
40130,0.001314,172.217.194.0-255,1484,77802,44,229370
40131,0.001332,172.217.194.0-255,4320,82122,44,229370
40132,0.001334,172.31.46.0-255,66,82188,44,229370
40133,0.001339,172.217.194.0-255,4320,86508,44,229370
40134,0.001342,172.31.46.0-255,66,86574,44,229370
40135,0.001361,172.217.194.0-255,2543,89117,44,229370
40136,0.001363,172.31.46.0-255,66,89183,44,229370
40137,0.001928,172.217.194.0-255,1484,90667,44,229370
40138,0.001938,172.217.194.0-255,2902,93569,44,229370
40139,0.001944,172.31.46.0-255,66,93635,44,229370
40140,0.001951,172.217.194.0-255,4320,97955,44,229370
40141,0.001954,172.31.46.0-255,66,98021,44,229370
40142,0.001985,172.217.194.0-255,1484,99505,44,229370
40143,0.002001,172.31.46.0-255,66,99571,44,229370
40144,0.002015,172.31.46.0-255,66,99637,44,229370
40145,0.004099,172.217.194.0-255,5738,105375,44,229370
40146,0.00411,172.31.46.0-255,66,105441,44,229370
40147,0.006273,172.217.194.0-255,5738,111179,44,229370
40148,0.006278,172.31.46.0-255,66,111245,44,229370
40149,0.008385,172.217.194.0-255,5738,116983,44,229370
40150,0.008401,172.31.46.0-255,66,117049,44,229370
40151,0.010536,172.217.194.0-255,5738,122787,44,229370
40152,0.01055,172.31.46.0-255,66,122853,44,229370
40153,0.012628,172.217.194.0-255,5738,128591,44,229370
40154,0.012645,172.31.46.0-255,66,128657,44,229370
40155,0.014793,172.217.194.0-255,5738,134395,44,229370
40156,0.014811,172.31.46.0-255,66,134461,44,229370
40157,0.016891,172.217.194.0-255,5738,140199,44,229370
40158,0.01691,172.31.46.0-255,66,140265,44,229370
40159,0.019022,172.217.194.0-255,5738,146003,44,229370
40160,0.019041,172.31.46.0-255,66,146069,44,229370
40161,0.021166,172.217.194.0-255,5738,151807,44,229370
40162,0.021182,172.31.46.0-255,66,151873,44,229370
40163,0.023348,172.217.194.0-255,5738,157611,44,229370
40164,0.023366,172.31.46.0-255,66,157677,44,229370
40165,0.025487,172.217.194.0-255,5738,163415,44,229370
40166,0.025503,172.31.46.0-255,66,163481,44,229370
40167,0.027593,172.217.194.0-255,5738,169219,44,229370
40168,0.027608,172.31.46.0-255,66,169285,44,229370
40169,0.029737,172.217.194.0-255,5738,175023,44,229370
40170,0.029756,172.31.46.0-255,66,175089,44,229370
40171,0.03187,172.217.194.0-255,5738,180827,44,229370
40172,0.031881,172.31.46.0-255,66,180893,44,229370
40173,0.033986,172.217.194.0-255,5738,186631,44,229370
40174,0.034001,172.31.46.0-255,66,186697,44,229370
40175,0.036138,172.217.194.0-255,5738,192435,44,229370
40176,0.036156,172.31.46.0-255,66,192501,44,229370
40177,0.03807,172.31.46.0-255,167,192668,44,229370
40178,0.038106,172.31.46.0-255,1109,193777,44,229370
40179,0.038175,172.31.46.0-255,571,194348,44,229370
40180,0.038267,172.217.194.0-255,5738,200086,44,229370
40181,0.038274,172.31.46.0-255,66,200152,44,229370
40182,0.039605,104.244.42.0-255,66,200218,44,229370
40183,0.03963,104.244.42.0-255,66,200284,44,229370
40184,0.039731,104.244.42.0-255,66,200350,44,229370
40185,0.040443,172.217.194.0-255,5738,206088,44,229370
40186,0.040456,172.31.46.0-255,66,206154,44,229370
40187,0.042588,172.217.194.0-255,5738,211892,44,229370
40188,0.042603,172.31.46.0-255,66,211958,44,229370
40189,0.044714,172.217.194.0-255,5738,217696,44,229370
40190,0.044724,172.31.46.0-255,66,217762,44,229370
40191,0.046812,172.217.194.0-255,5738,223500,44,229370
40192,0.04682,172.31.46.0-255,66,223566,44,229370
40193,0.048985,172.217.194.0-255,5738,229304,44,229370
40194,0.048993,172.31.46.0-255,66,229370,44,229370
40195,0.0,74.125.24.0-255,296,296,44,204306
40196,2.6e-05,172.31.46.0-255,66,362,44,204306
40197,3.3e-05,74.125.24.0-255,1484,1846,44,204306
40198,3.7e-05,172.31.46.0-255,66,1912,44,204306
40199,4.4e-05,74.125.24.0-255,4320,6232,44,204306
40200,4.8e-05,172.31.46.0-255,66,6298,44,204306
40201,5.5e-05,74.125.24.0-255,5738,12036,44,204306
40202,5.9e-05,172.31.46.0-255,66,12102,44,204306
40203,8.6e-05,74.125.24.0-255,1812,13914,44,204306
40204,8.9e-05,172.31.46.0-255,66,13980,44,204306
40205,0.000183,74.125.24.0-255,1484,15464,44,204306
40206,0.000187,172.31.46.0-255,66,15530,44,204306
40207,0.000204,74.125.24.0-255,2902,18432,44,204306
40208,0.000207,172.31.46.0-255,66,18498,44,204306
40209,0.00021,74.125.24.0-255,1484,19982,44,204306
40210,0.000212,172.31.46.0-255,66,20048,44,204306
40211,0.000231,74.125.24.0-255,4320,24368,44,204306
40212,0.000234,172.31.46.0-255,66,24434,44,204306
40213,0.000263,172.31.46.0-255,66,24500,44,204306
40214,0.000271,74.125.24.0-255,7156,31656,44,204306
40215,0.000273,172.31.46.0-255,66,31722,44,204306
40216,0.000294,74.125.24.0-255,1484,33206,44,204306
40217,0.000296,172.31.46.0-255,66,33272,44,204306
40218,0.000303,74.125.24.0-255,5738,39010,44,204306
40219,0.000305,172.31.46.0-255,66,39076,44,204306
40220,0.000324,74.125.24.0-255,1125,40201,44,204306
40221,0.000326,172.31.46.0-255,66,40267,44,204306
40222,0.001196,74.125.24.0-255,1484,41751,44,204306
40223,0.001204,172.31.46.0-255,66,41817,44,204306
40224,0.001213,74.125.24.0-255,2902,44719,44,204306
40225,0.001216,172.31.46.0-255,66,44785,44,204306
40226,0.001224,74.125.24.0-255,5738,50523,44,204306
40227,0.001226,172.31.46.0-255,66,50589,44,204306
40228,0.001233,74.125.24.0-255,6797,57386,44,204306
40229,0.001236,172.31.46.0-255,66,57452,44,204306
40230,0.001574,74.125.24.0-255,1484,58936,44,204306
40231,0.001584,74.125.24.0-255,2902,61838,44,204306
40232,0.001589,172.31.46.0-255,66,61904,44,204306
40233,0.001612,74.125.24.0-255,5738,67642,44,204306
40234,0.001615,172.31.46.0-255,66,67708,44,204306
40235,0.001622,74.125.24.0-255,5738,73446,44,204306
40236,0.001624,172.31.46.0-255,66,73512,44,204306
40237,0.001639,74.125.24.0-255,1125,74637,44,204306
40238,0.001655,74.125.24.0-255,1484,76121,44,204306
40239,0.001657,172.31.46.0-255,66,76187,44,204306
40240,0.001688,172.31.46.0-255,66,76253,44,204306
40241,0.001693,74.125.24.0-255,2543,78796,44,204306
40242,0.001695,172.31.46.0-255,66,78862,44,204306
40243,0.004005,74.125.24.0-255,5738,84600,44,204306
40244,0.004028,172.31.46.0-255,66,84666,44,204306
40245,0.00634,74.125.24.0-255,5738,90404,44,204306
40246,0.006371,172.31.46.0-255,66,90470,44,204306
40247,0.008677,74.125.24.0-255,5738,96208,44,204306
40248,0.008685,172.31.46.0-255,66,96274,44,204306
40249,0.011004,74.125.24.0-255,5738,102012,44,204306
40250,0.011019,172.31.46.0-255,66,102078,44,204306
40251,0.013351,74.125.24.0-255,5738,107816,44,204306
40252,0.01337,172.31.46.0-255,66,107882,44,204306
40253,0.015714,74.125.24.0-255,5738,113620,44,204306
40254,0.015731,172.31.46.0-255,66,113686,44,204306
40255,0.018042,74.125.24.0-255,5738,119424,44,204306
40256,0.018062,172.31.46.0-255,66,119490,44,204306
40257,0.020367,74.125.24.0-255,5738,125228,44,204306
40258,0.020384,172.31.46.0-255,66,125294,44,204306
40259,0.022755,74.125.24.0-255,5738,131032,44,204306
40260,0.02277,172.31.46.0-255,66,131098,44,204306
40261,0.025105,74.125.24.0-255,5738,136836,44,204306
40262,0.025123,172.31.46.0-255,66,136902,44,204306
40263,0.027491,74.125.24.0-255,5738,142640,44,204306
40264,0.02751,172.31.46.0-255,66,142706,44,204306
40265,0.029873,74.125.24.0-255,5738,148444,44,204306
40266,0.029888,172.31.46.0-255,66,148510,44,204306
40267,0.032239,74.125.24.0-255,5738,154248,44,204306
40268,0.032253,172.31.46.0-255,66,154314,44,204306
40269,0.034556,74.125.24.0-255,5738,160052,44,204306
40270,0.034571,172.31.46.0-255,66,160118,44,204306
40271,0.036894,74.125.24.0-255,5738,165856,44,204306
40272,0.036908,172.31.46.0-255,66,165922,44,204306
40273,0.039259,74.125.24.0-255,5738,171660,44,204306
40274,0.039278,172.31.46.0-255,66,171726,44,204306
40275,0.040177,172.31.46.0-255,172,171898,44,204306
40276,0.040214,172.31.46.0-255,1115,173013,44,204306
40277,0.040296,172.31.46.0-255,1514,174527,44,204306
40278,0.040298,172.31.46.0-255,1514,176041,44,204306
40279,0.040299,172.31.46.0-255,1514,177555,44,204306
40280,0.0403,172.31.46.0-255,1514,179069,44,204306
40281,0.04033,172.31.46.0-255,1514,180583,44,204306
40282,0.040331,172.31.46.0-255,69,180652,44,204306
40283,0.0416,74.125.24.0-255,5738,186390,44,204306
40284,0.04161,172.31.46.0-255,66,186456,44,204306
40285,0.041843,104.244.42.0-255,66,186522,44,204306
40286,0.041852,104.244.42.0-255,66,186588,44,204306
40287,0.041855,104.244.42.0-255,66,186654,44,204306
40288,0.04186,104.244.42.0-255,66,186720,44,204306
40289,0.043552,104.244.42.0-255,108,186828,44,204306
40290,0.043567,172.31.46.0-255,66,186894,44,204306
40291,0.043932,74.125.24.0-255,5738,192632,44,204306
40292,0.043938,172.31.46.0-255,66,192698,44,204306
40293,0.046264,74.125.24.0-255,5738,198436,44,204306
40294,0.04628,172.31.46.0-255,66,198502,44,204306
40295,0.048603,74.125.24.0-255,5738,204240,44,204306
40296,0.04862,172.31.46.0-255,66,204306,44,204306
40297,0.0,172.217.194.0-255,146,146,44,194097
40298,1.9e-05,172.31.46.0-255,66,212,44,194097
40299,2.6e-05,172.217.194.0-255,1484,1696,44,194097
40300,3e-05,172.31.46.0-255,66,1762,44,194097
40301,3.6e-05,172.217.194.0-255,2902,4664,44,194097
40302,4e-05,172.31.46.0-255,66,4730,44,194097
40303,4.6e-05,172.217.194.0-255,5738,10468,44,194097
40304,4.9e-05,172.31.46.0-255,66,10534,44,194097
40305,9.6e-05,172.31.46.0-255,66,10600,44,194097
40306,0.000103,172.217.194.0-255,7156,17756,44,194097
40307,0.000105,172.31.46.0-255,66,17822,44,194097
40308,0.000134,172.217.194.0-255,1484,19306,44,194097
40309,0.000137,172.31.46.0-255,66,19372,44,194097
40310,0.00016,172.31.46.0-255,66,19438,44,194097
40311,0.000181,172.217.194.0-255,3602,23040,44,194097
40312,0.000184,172.31.46.0-255,66,23106,44,194097
40313,0.000342,172.217.194.0-255,1484,24590,44,194097
40314,0.000347,172.31.46.0-255,66,24656,44,194097
40315,0.000353,172.217.194.0-255,2902,27558,44,194097
40316,0.000356,172.31.46.0-255,66,27624,44,194097
40317,0.00036,172.217.194.0-255,1484,29108,44,194097
40318,0.000362,172.31.46.0-255,66,29174,44,194097
40319,0.000382,172.217.194.0-255,4320,33494,44,194097
40320,0.000385,172.31.46.0-255,66,33560,44,194097
40321,0.000392,172.217.194.0-255,7087,40647,44,194097
40322,0.000394,172.31.46.0-255,66,40713,44,194097
40323,0.000417,172.217.194.0-255,365,41078,44,194097
40324,0.000419,172.31.46.0-255,66,41144,44,194097
40325,0.000522,172.217.194.0-255,1484,42628,44,194097
40326,0.000525,172.31.46.0-255,66,42694,44,194097
40327,0.000544,172.217.194.0-255,2902,45596,44,194097
40328,0.000547,172.31.46.0-255,66,45662,44,194097
40329,0.000561,172.217.194.0-255,5738,51400,44,194097
40330,0.000564,172.31.46.0-255,66,51466,44,194097
40331,0.000586,172.217.194.0-255,4320,55786,44,194097
40332,0.000589,172.31.46.0-255,66,55852,44,194097
40333,0.000614,172.217.194.0-255,5738,61590,44,194097
40334,0.000617,172.31.46.0-255,66,61656,44,194097
40335,0.00063,172.31.46.0-255,66,61722,44,194097
40336,0.000634,172.217.194.0-255,2184,63906,44,194097
40337,0.000636,172.31.46.0-255,66,63972,44,194097
40338,0.000712,172.217.194.0-255,1484,65456,44,194097
40339,0.000728,172.217.194.0-255,2902,68358,44,194097
40340,0.000731,172.31.46.0-255,66,68424,44,194097
40341,0.000755,172.217.194.0-255,5738,74162,44,194097
40342,0.000758,172.31.46.0-255,66,74228,44,194097
40343,0.000791,172.31.46.0-255,66,74294,44,194097
40344,0.000802,172.31.46.0-255,66,74360,44,194097
40345,0.000819,172.217.194.0-255,766,75126,44,194097
40346,0.000851,172.31.46.0-255,66,75192,44,194097
40347,0.000882,172.31.46.0-255,66,75258,44,194097
40348,0.000961,172.31.46.0-255,66,75324,44,194097
40349,0.000964,172.217.194.0-255,1484,76808,44,194097
40350,0.000997,172.217.194.0-255,2902,79710,44,194097
40351,0.001,172.31.46.0-255,66,79776,44,194097
40352,0.001007,172.217.194.0-255,4320,84096,44,194097
40353,0.001009,172.31.46.0-255,66,84162,44,194097
40354,0.00102,172.217.194.0-255,1484,85646,44,194097
40355,0.001045,172.217.194.0-255,5738,91384,44,194097
40356,0.001048,172.31.46.0-255,66,91450,44,194097
40357,0.001071,172.217.194.0-255,7156,98606,44,194097
40358,0.001074,172.31.46.0-255,66,98672,44,194097
40359,0.001092,172.217.194.0-255,5738,104410,44,194097
40360,0.001095,172.31.46.0-255,66,104476,44,194097
40361,0.001113,172.217.194.0-255,5020,109496,44,194097
40362,0.001115,172.31.46.0-255,66,109562,44,194097
40363,0.001143,172.217.194.0-255,1484,111046,44,194097
40364,0.001163,172.217.194.0-255,2902,113948,44,194097
40365,0.001168,172.217.194.0-255,5738,119686,44,194097
40366,0.001172,172.31.46.0-255,66,119752,44,194097
40367,0.001176,172.31.46.0-255,66,119818,44,194097
40368,0.001218,172.31.46.0-255,66,119884,44,194097
40369,0.001225,172.217.194.0-255,5738,125622,44,194097
40370,0.001227,172.31.46.0-255,66,125688,44,194097
40371,0.001265,172.31.46.0-255,66,125754,44,194097
40372,0.001269,172.31.46.0-255,66,125820,44,194097
40373,0.001304,172.217.194.0-255,5738,131558,44,194097
40374,0.001307,172.31.46.0-255,66,131624,44,194097
40375,0.001367,172.31.46.0-255,66,131690,44,194097
40376,0.00138,172.217.194.0-255,5738,137428,44,194097
40377,0.001393,172.217.194.0-255,766,138194,44,194097
40378,0.001398,172.31.46.0-255,66,138260,44,194097
40379,0.001606,172.217.194.0-255,1484,139744,44,194097
40380,0.001612,172.217.194.0-255,2902,142646,44,194097
40381,0.001615,172.31.46.0-255,66,142712,44,194097
40382,0.00164,172.217.194.0-255,5738,148450,44,194097
40383,0.001647,172.31.46.0-255,66,148516,44,194097
40384,0.001661,172.217.194.0-255,5738,154254,44,194097
40385,0.00168,172.217.194.0-255,7156,161410,44,194097
40386,0.001686,172.217.194.0-255,4320,165730,44,194097
40387,0.001694,172.31.46.0-255,66,165796,44,194097
40388,0.001753,172.31.46.0-255,66,165862,44,194097
40389,0.001814,172.217.194.0-255,6438,172300,44,194097
40390,0.001828,172.31.46.0-255,66,172366,44,194097
40391,0.001844,172.217.194.0-255,7156,179522,44,194097
40392,0.001858,172.31.46.0-255,66,179588,44,194097
40393,0.001894,172.31.46.0-255,66,179654,44,194097
40394,0.00191,172.217.194.0-255,4911,184565,44,194097
40395,0.001924,172.217.194.0-255,105,184670,44,194097
40396,0.001944,172.31.46.0-255,66,184736,44,194097
40397,0.008492,172.31.46.0-255,105,184841,44,194097
40398,0.011003,172.217.194.0-255,66,184907,44,194097
40399,0.036033,172.31.46.0-255,172,185079,44,194097
40400,0.036067,172.31.46.0-255,1109,186188,44,194097
40401,0.036132,172.31.46.0-255,1514,187702,44,194097
40402,0.036134,172.31.46.0-255,1514,189216,44,194097
40403,0.036141,172.31.46.0-255,1514,190730,44,194097
40404,0.036142,172.31.46.0-255,1514,192244,44,194097
40405,0.036161,172.31.46.0-255,1514,193758,44,194097
40406,0.036162,172.31.46.0-255,75,193833,44,194097
40407,0.037609,104.244.42.0-255,66,193899,44,194097
40408,0.037621,104.244.42.0-255,66,193965,44,194097
40409,0.037723,104.244.42.0-255,66,194031,44,194097
40410,0.03773,104.244.42.0-255,66,194097,44,194097
40411,0.0,172.217.194.0-255,148,148,44,312871
40412,2.3e-05,172.31.46.0-255,66,214,44,312871
40413,3e-05,172.217.194.0-255,1484,1698,44,312871
40414,3.4e-05,172.31.46.0-255,66,1764,44,312871
40415,4.7e-05,172.217.194.0-255,2902,4666,44,312871
40416,5.1e-05,172.31.46.0-255,66,4732,44,312871
40417,5.7e-05,172.217.194.0-255,5738,10470,44,312871
40418,6e-05,172.31.46.0-255,66,10536,44,312871
40419,9.5e-05,172.217.194.0-255,3485,14021,44,312871
40420,9.8e-05,172.31.46.0-255,66,14087,44,312871
40421,0.000142,172.217.194.0-255,1484,15571,44,312871
40422,0.000146,172.31.46.0-255,66,15637,44,312871
40423,0.000164,172.217.194.0-255,2902,18539,44,312871
40424,0.000167,172.31.46.0-255,66,18605,44,312871
40425,0.00019,172.217.194.0-255,1484,20089,44,312871
40426,0.000192,172.31.46.0-255,66,20155,44,312871
40427,0.000221,172.217.194.0-255,4320,24475,44,312871
40428,0.000224,172.31.46.0-255,66,24541,44,312871
40429,0.000232,172.217.194.0-255,6797,31338,44,312871
40430,0.000234,172.31.46.0-255,66,31404,44,312871
40431,0.000237,172.217.194.0-255,1484,32888,44,312871
40432,0.000238,172.31.46.0-255,66,32954,44,312871
40433,0.000248,172.217.194.0-255,2902,35856,44,312871
40434,0.000251,172.31.46.0-255,66,35922,44,312871
40435,0.000258,172.217.194.0-255,5738,41660,44,312871
40436,0.00026,172.31.46.0-255,66,41726,44,312871
40437,0.000314,172.217.194.0-255,6797,48523,44,312871
40438,0.000318,172.31.46.0-255,66,48589,44,312871
40439,0.000971,172.217.194.0-255,1484,50073,44,312871
40440,0.000976,172.31.46.0-255,66,50139,44,312871
40441,0.000984,172.217.194.0-255,2902,53041,44,312871
40442,0.000987,172.31.46.0-255,66,53107,44,312871
40443,0.000998,172.217.194.0-255,4320,57427,44,312871
40444,0.001,172.31.46.0-255,66,57493,44,312871
40445,0.001021,172.217.194.0-255,1484,58977,44,312871
40446,0.001051,172.217.194.0-255,5738,64715,44,312871
40447,0.001062,172.217.194.0-255,1705,66420,44,312871
40448,0.001092,172.217.194.0-255,1484,67904,44,312871
40449,0.001105,172.217.194.0-255,2902,70806,44,312871
40450,0.001127,172.217.194.0-255,5738,76544,44,312871
40451,0.001163,172.217.194.0-255,4320,80864,44,312871
40452,0.001179,172.217.194.0-255,5379,86243,44,312871
40453,0.001216,172.217.194.0-255,3961,90204,44,312871
40454,0.001526,172.217.194.0-255,1484,91688,44,312871
40455,0.001535,172.217.194.0-255,2902,94590,44,312871
40456,0.001559,172.217.194.0-255,5738,100328,44,312871
40457,0.001563,172.217.194.0-255,1484,101812,44,312871
40458,0.001581,172.217.194.0-255,4320,106132,44,312871
40459,0.001629,172.217.194.0-255,4320,110452,44,312871
40460,0.001632,172.217.194.0-255,1484,111936,44,312871
40461,0.001648,172.217.194.0-255,3602,115538,44,312871
40462,0.001692,172.217.194.0-255,1484,117022,44,312871
40463,0.001717,172.217.194.0-255,4320,121342,44,312871
40464,0.001725,172.217.194.0-255,5738,127080,44,312871
40465,0.001728,172.217.194.0-255,1484,128564,44,312871
40466,0.001775,172.217.194.0-255,4320,132884,44,312871
40467,0.00179,172.217.194.0-255,5020,137904,44,312871
40468,0.00197,172.217.194.0-255,1484,139388,44,312871
40469,0.001973,172.217.194.0-255,1484,140872,44,312871
40470,0.001994,172.217.194.0-255,1484,142356,44,312871
40471,0.002,172.217.194.0-255,5738,148094,44,312871
40472,0.002021,172.217.194.0-255,4320,152414,44,312871
40473,0.002036,172.217.194.0-255,5738,158152,44,312871
40474,0.002048,172.217.194.0-255,2902,161054,44,312871
40475,0.00206,172.217.194.0-255,766,161820,44,312871
40476,0.002079,172.217.194.0-255,1484,163304,44,312871
40477,0.002084,172.217.194.0-255,4320,167624,44,312871
40478,0.002103,172.217.194.0-255,5738,173362,44,312871
40479,0.002117,172.217.194.0-255,4320,177682,44,312871
40480,0.002157,172.217.194.0-255,7156,184838,44,312871
40481,0.002176,172.217.194.0-255,5738,190576,44,312871
40482,0.002189,172.217.194.0-255,5020,195596,44,312871
40483,0.002539,172.31.46.0-255,66,195662,44,312871
40484,0.00369,172.31.46.0-255,101,195763,44,312871
40485,0.004812,172.217.194.0-255,5738,201501,44,312871
40486,0.004819,172.31.46.0-255,66,201567,44,312871
40487,0.005927,172.217.194.0-255,66,201633,44,312871
40488,0.00706,172.217.194.0-255,4320,205953,44,312871
40489,0.007064,172.31.46.0-255,66,206019,44,312871
40490,0.00709,172.217.194.0-255,1484,207503,44,312871
40491,0.00932,172.217.194.0-255,4320,211823,44,312871
40492,0.009326,172.31.46.0-255,66,211889,44,312871
40493,0.011587,172.217.194.0-255,5738,217627,44,312871
40494,0.011594,172.31.46.0-255,66,217693,44,312871
40495,0.01383,172.217.194.0-255,5738,223431,44,312871
40496,0.014905,172.31.46.0-255,66,223497,44,312871
40497,0.017161,172.217.194.0-255,5738,229235,44,312871
40498,0.017172,172.31.46.0-255,66,229301,44,312871
40499,0.019414,172.217.194.0-255,5738,235039,44,312871
40500,0.019421,172.31.46.0-255,66,235105,44,312871
40501,0.021687,172.217.194.0-255,5738,240843,44,312871
40502,0.021694,172.31.46.0-255,66,240909,44,312871
40503,0.023925,172.217.194.0-255,5738,246647,44,312871
40504,0.023931,172.31.46.0-255,66,246713,44,312871
40505,0.026199,172.217.194.0-255,5738,252451,44,312871
40506,0.026206,172.31.46.0-255,66,252517,44,312871
40507,0.028455,172.217.194.0-255,5738,258255,44,312871
40508,0.028465,172.31.46.0-255,66,258321,44,312871
40509,0.030727,172.217.194.0-255,5738,264059,44,312871
40510,0.030738,172.31.46.0-255,66,264125,44,312871
40511,0.032831,172.31.46.0-255,172,264297,44,312871
40512,0.032861,172.31.46.0-255,1114,265411,44,312871
40513,0.032904,172.31.46.0-255,566,265977,44,312871
40514,0.032972,172.217.194.0-255,2902,268879,44,312871
40515,0.032977,172.31.46.0-255,66,268945,44,312871
40516,0.033007,172.217.194.0-255,2902,271847,44,312871
40517,0.033011,172.31.46.0-255,66,271913,44,312871
40518,0.034352,104.244.42.0-255,66,271979,44,312871
40519,0.0344,104.244.42.0-255,66,272045,44,312871
40520,0.034423,104.244.42.0-255,66,272111,44,312871
40521,0.035234,172.217.194.0-255,2902,275013,44,312871
40522,0.035239,172.31.46.0-255,66,275079,44,312871
40523,0.035265,172.217.194.0-255,2902,277981,44,312871
40524,0.035268,172.31.46.0-255,66,278047,44,312871
40525,0.037522,172.217.194.0-255,5738,283785,44,312871
40526,0.03753,172.31.46.0-255,66,283851,44,312871
40527,0.039768,172.217.194.0-255,5738,289589,44,312871
40528,0.039774,172.31.46.0-255,66,289655,44,312871
40529,0.042021,172.217.194.0-255,5738,295393,44,312871
40530,0.042027,172.31.46.0-255,66,295459,44,312871
40531,0.044273,172.217.194.0-255,5738,301197,44,312871
40532,0.044281,172.31.46.0-255,66,301263,44,312871
40533,0.046536,172.217.194.0-255,5738,307001,44,312871
40534,0.046542,172.31.46.0-255,66,307067,44,312871
40535,0.048775,172.217.194.0-255,5738,312805,44,312871
40536,0.048782,172.31.46.0-255,66,312871,44,312871
40537,0.0,74.125.24.0-255,150,150,44,179740
40538,2.4e-05,172.31.46.0-255,66,216,44,179740
40539,3.1e-05,74.125.24.0-255,1484,1700,44,179740
40540,3.5e-05,172.31.46.0-255,66,1766,44,179740
40541,4e-05,74.125.24.0-255,2902,4668,44,179740
40542,4.3e-05,172.31.46.0-255,66,4734,44,179740
40543,5.1e-05,74.125.24.0-255,7156,11890,44,179740
40544,5.4e-05,172.31.46.0-255,66,11956,44,179740
40545,5.8e-05,74.125.24.0-255,2041,13997,44,179740
40546,6.1e-05,172.31.46.0-255,66,14063,44,179740
40547,9.1e-05,74.125.24.0-255,2902,16965,44,179740
40548,9.4e-05,172.31.46.0-255,66,17031,44,179740
40549,0.000124,172.31.46.0-255,66,17097,44,179740
40550,0.00013,74.125.24.0-255,5738,22835,44,179740
40551,0.000132,172.31.46.0-255,66,22901,44,179740
40552,0.000179,172.31.46.0-255,66,22967,44,179740
40553,0.000202,74.125.24.0-255,6438,29405,44,179740
40554,0.000204,172.31.46.0-255,66,29471,44,179740
40555,0.000207,74.125.24.0-255,1484,30955,44,179740
40556,0.00021,172.31.46.0-255,66,31021,44,179740
40557,0.000244,172.31.46.0-255,66,31087,44,179740
40558,0.000247,74.125.24.0-255,359,31446,44,179740
40559,0.000249,172.31.46.0-255,66,31512,44,179740
40560,0.000381,74.125.24.0-255,132,31644,44,179740
40561,0.000386,172.31.46.0-255,66,31710,44,179740
40562,0.000613,74.125.24.0-255,1484,33194,44,179740
40563,0.000618,172.31.46.0-255,66,33260,44,179740
40564,0.000624,74.125.24.0-255,2902,36162,44,179740
40565,0.000626,172.31.46.0-255,66,36228,44,179740
40566,0.000638,74.125.24.0-255,1484,37712,44,179740
40567,0.000664,74.125.24.0-255,4320,42032,44,179740
40568,0.000667,172.31.46.0-255,66,42098,44,179740
40569,0.000682,172.31.46.0-255,66,42164,44,179740
40570,0.00069,74.125.24.0-255,7156,49320,44,179740
40571,0.000692,172.31.46.0-255,66,49386,44,179740
40572,0.000719,74.125.24.0-255,3602,52988,44,179740
40573,0.000722,172.31.46.0-255,66,53054,44,179740
40574,0.001646,74.125.24.0-255,1484,54538,44,179740
40575,0.001657,74.125.24.0-255,2902,57440,44,179740
40576,0.001661,172.31.46.0-255,66,57506,44,179740
40577,0.001668,74.125.24.0-255,5738,63244,44,179740
40578,0.001671,172.31.46.0-255,66,63310,44,179740
40579,0.001703,172.31.46.0-255,66,63376,44,179740
40580,0.001717,74.125.24.0-255,1484,64860,44,179740
40581,0.001759,172.31.46.0-255,66,64926,44,179740
40582,0.001781,74.125.24.0-255,5020,69946,44,179740
40583,0.001784,172.31.46.0-255,66,70012,44,179740
40584,0.0018,74.125.24.0-255,1484,71496,44,179740
40585,0.001803,74.125.24.0-255,1484,72980,44,179740
40586,0.001805,172.31.46.0-255,66,73046,44,179740
40587,0.001823,74.125.24.0-255,1484,74530,44,179740
40588,0.001828,74.125.24.0-255,4320,78850,44,179740
40589,0.001831,172.31.46.0-255,66,78916,44,179740
40590,0.00186,74.125.24.0-255,1484,80400,44,179740
40591,0.001866,74.125.24.0-255,4320,84720,44,179740
40592,0.001869,172.31.46.0-255,66,84786,44,179740
40593,0.001876,74.125.24.0-255,5738,90524,44,179740
40594,0.001878,172.31.46.0-255,66,90590,44,179740
40595,0.001893,74.125.24.0-255,5738,96328,44,179740
40596,0.001896,172.31.46.0-255,66,96394,44,179740
40597,0.001922,172.31.46.0-255,66,96460,44,179740
40598,0.002086,74.125.24.0-255,1484,97944,44,179740
40599,0.002093,74.125.24.0-255,1484,99428,44,179740
40600,0.002097,172.31.46.0-255,66,99494,44,179740
40601,0.002117,74.125.24.0-255,1484,100978,44,179740
40602,0.00212,74.125.24.0-255,1484,102462,44,179740
40603,0.002121,172.31.46.0-255,66,102528,44,179740
40604,0.002125,74.125.24.0-255,1484,104012,44,179740
40605,0.002145,74.125.24.0-255,1484,105496,44,179740
40606,0.002148,172.31.46.0-255,66,105562,44,179740
40607,0.002169,172.31.46.0-255,66,105628,44,179740
40608,0.002173,74.125.24.0-255,4320,109948,44,179740
40609,0.002176,172.31.46.0-255,66,110014,44,179740
40610,0.0022,74.125.24.0-255,2902,112916,44,179740
40611,0.002203,172.31.46.0-255,66,112982,44,179740
40612,0.002225,172.31.46.0-255,66,113048,44,179740
40613,0.002667,74.125.24.0-255,1484,114532,44,179740
40614,0.002675,74.125.24.0-255,2902,117434,44,179740
40615,0.002681,172.31.46.0-255,66,117500,44,179740
40616,0.002709,74.125.24.0-255,4320,121820,44,179740
40617,0.002711,172.31.46.0-255,66,121886,44,179740
40618,0.002717,74.125.24.0-255,4320,126206,44,179740
40619,0.002719,172.31.46.0-255,66,126272,44,179740
40620,0.002724,74.125.24.0-255,4320,130592,44,179740
40621,0.002727,172.31.46.0-255,66,130658,44,179740
40622,0.00273,74.125.24.0-255,1484,132142,44,179740
40623,0.002795,172.31.46.0-255,66,132208,44,179740
40624,0.002801,74.125.24.0-255,5738,137946,44,179740
40625,0.002803,172.31.46.0-255,66,138012,44,179740
40626,0.002841,172.31.46.0-255,66,138078,44,179740
40627,0.002856,172.31.46.0-255,66,138144,44,179740
40628,0.002886,172.31.46.0-255,66,138210,44,179740
40629,0.002889,74.125.24.0-255,1484,139694,44,179740
40630,0.002918,172.31.46.0-255,66,139760,44,179740
40631,0.002923,74.125.24.0-255,4320,144080,44,179740
40632,0.002925,172.31.46.0-255,66,144146,44,179740
40633,0.002943,74.125.24.0-255,5020,149166,44,179740
40634,0.002946,172.31.46.0-255,66,149232,44,179740
40635,0.002997,172.31.46.0-255,66,149298,44,179740
40636,0.003012,74.125.24.0-255,1484,150782,44,179740
40637,0.00303,172.31.46.0-255,66,150848,44,179740
40638,0.003035,74.125.24.0-255,2902,153750,44,179740
40639,0.003037,172.31.46.0-255,66,153816,44,179740
40640,0.003067,172.31.46.0-255,66,153882,44,179740
40641,0.003082,74.125.24.0-255,4320,158202,44,179740
40642,0.003085,172.31.46.0-255,66,158268,44,179740
40643,0.003138,172.31.46.0-255,66,158334,44,179740
40644,0.003145,74.125.24.0-255,7156,165490,44,179740
40645,0.003148,172.31.46.0-255,66,165556,44,179740
40646,0.003172,74.125.24.0-255,4652,170208,44,179740
40647,0.003174,172.31.46.0-255,66,170274,44,179740
40648,0.003178,74.125.24.0-255,105,170379,44,179740
40649,0.00863,172.31.46.0-255,66,170445,44,179740
40650,0.00867,172.31.46.0-255,105,170550,44,179740
40651,0.010696,74.125.24.0-255,66,170616,44,179740
40652,0.041698,172.31.46.0-255,172,170788,44,179740
40653,0.041739,172.31.46.0-255,1114,171902,44,179740
40654,0.041808,172.31.46.0-255,1514,173416,44,179740
40655,0.04181,172.31.46.0-255,1514,174930,44,179740
40656,0.041816,172.31.46.0-255,1514,176444,44,179740
40657,0.041817,172.31.46.0-255,1514,177958,44,179740
40658,0.041836,172.31.46.0-255,1514,179472,44,179740
40659,0.041842,172.31.46.0-255,70,179542,44,179740
40660,0.043236,104.244.42.0-255,66,179608,44,179740
40661,0.043302,104.244.42.0-255,66,179674,44,179740
40662,0.043387,104.244.42.0-255,66,179740,44,179740
40663,0.0,172.217.160.0-255,152,152,44,257606
40664,1.9e-05,172.31.46.0-255,66,218,44,257606
40665,2.6e-05,172.217.160.0-255,1484,1702,44,257606
40666,3.1e-05,172.31.46.0-255,66,1768,44,257606
40667,3.6e-05,172.217.160.0-255,2902,4670,44,257606
40668,4e-05,172.31.46.0-255,66,4736,44,257606
40669,4.6e-05,172.217.160.0-255,5738,10474,44,257606
40670,4.9e-05,172.31.46.0-255,66,10540,44,257606
40671,9.3e-05,172.31.46.0-255,66,10606,44,257606
40672,0.0001,172.217.160.0-255,6797,17403,44,257606
40673,0.000103,172.31.46.0-255,66,17469,44,257606
40674,0.00015,172.217.160.0-255,1484,18953,44,257606
40675,0.000153,172.31.46.0-255,66,19019,44,257606
40676,0.000159,172.217.160.0-255,2902,21921,44,257606
40677,0.000161,172.31.46.0-255,66,21987,44,257606
40678,0.000167,172.217.160.0-255,4320,26307,44,257606
40679,0.00017,172.31.46.0-255,66,26373,44,257606
40680,0.000191,172.217.160.0-255,1484,27857,44,257606
40681,0.000193,172.31.46.0-255,66,27923,44,257606
40682,0.000199,172.217.160.0-255,4320,32243,44,257606
40683,0.000201,172.31.46.0-255,66,32309,44,257606
40684,0.000221,172.217.160.0-255,2543,34852,44,257606
40685,0.000223,172.31.46.0-255,66,34918,44,257606
40686,0.000335,172.217.160.0-255,1484,36402,44,257606
40687,0.000339,172.31.46.0-255,66,36468,44,257606
40688,0.000345,172.217.160.0-255,2902,39370,44,257606
40689,0.000347,172.31.46.0-255,66,39436,44,257606
40690,0.000374,172.217.160.0-255,5738,45174,44,257606
40691,0.000377,172.31.46.0-255,66,45240,44,257606
40692,0.00038,172.217.160.0-255,1484,46724,44,257606
40693,0.000382,172.31.46.0-255,66,46790,44,257606
40694,0.000398,172.217.160.0-255,5687,52477,44,257606
40695,0.000401,172.31.46.0-255,66,52543,44,257606
40696,0.00096,172.217.160.0-255,101,52644,44,257606
40697,0.001031,172.31.46.0-255,66,52710,44,257606
40698,0.0011,172.217.160.0-255,1484,54194,44,257606
40699,0.00111,172.217.160.0-255,2902,57096,44,257606
40700,0.001113,172.31.46.0-255,66,57162,44,257606
40701,0.00112,172.217.160.0-255,5738,62900,44,257606
40702,0.001122,172.31.46.0-255,66,62966,44,257606
40703,0.001153,172.217.160.0-255,6797,69763,44,257606
40704,0.001155,172.31.46.0-255,66,69829,44,257606
40705,0.001181,172.217.160.0-255,7156,76985,44,257606
40706,0.001183,172.31.46.0-255,66,77051,44,257606
40707,0.001189,172.217.160.0-255,4320,81371,44,257606
40708,0.001191,172.31.46.0-255,66,81437,44,257606
40709,0.00121,172.217.160.0-255,5379,86816,44,257606
40710,0.001213,172.31.46.0-255,66,86882,44,257606
40711,0.001216,172.217.160.0-255,366,87248,44,257606
40712,0.001664,172.217.160.0-255,1484,88732,44,257606
40713,0.001671,172.31.46.0-255,66,88798,44,257606
40714,0.001678,172.217.160.0-255,2902,91700,44,257606
40715,0.00168,172.31.46.0-255,66,91766,44,257606
40716,0.001688,172.217.160.0-255,5738,97504,44,257606
40717,0.001689,172.31.46.0-255,66,97570,44,257606
40718,0.001697,172.217.160.0-255,5738,103308,44,257606
40719,0.001699,172.31.46.0-255,66,103374,44,257606
40720,0.001714,172.217.160.0-255,1484,104858,44,257606
40721,0.001721,172.217.160.0-255,4320,109178,44,257606
40722,0.001723,172.31.46.0-255,66,109244,44,257606
40723,0.001756,172.31.46.0-255,66,109310,44,257606
40724,0.00176,172.217.160.0-255,2184,111494,44,257606
40725,0.001763,172.31.46.0-255,66,111560,44,257606
40726,0.003728,172.217.160.0-255,5738,117298,44,257606
40727,0.003736,172.31.46.0-255,66,117364,44,257606
40728,0.005712,172.217.160.0-255,5738,123102,44,257606
40729,0.005721,172.31.46.0-255,66,123168,44,257606
40730,0.007733,172.217.160.0-255,5738,128906,44,257606
40731,0.007744,172.31.46.0-255,66,128972,44,257606
40732,0.009736,172.217.160.0-255,5738,134710,44,257606
40733,0.009746,172.31.46.0-255,66,134776,44,257606
40734,0.01174,172.217.160.0-255,5738,140514,44,257606
40735,0.011755,172.31.46.0-255,66,140580,44,257606
40736,0.013753,172.217.160.0-255,5738,146318,44,257606
40737,0.013767,172.31.46.0-255,66,146384,44,257606
40738,0.015781,172.217.160.0-255,5738,152122,44,257606
40739,0.015798,172.31.46.0-255,66,152188,44,257606
40740,0.017779,172.217.160.0-255,5738,157926,44,257606
40741,0.017788,172.31.46.0-255,66,157992,44,257606
40742,0.019779,172.217.160.0-255,5738,163730,44,257606
40743,0.019789,172.31.46.0-255,66,163796,44,257606
40744,0.02177,172.217.160.0-255,5738,169534,44,257606
40745,0.021781,172.31.46.0-255,66,169600,44,257606
40746,0.023787,172.217.160.0-255,5738,175338,44,257606
40747,0.023794,172.31.46.0-255,66,175404,44,257606
40748,0.025785,172.217.160.0-255,5738,181142,44,257606
40749,0.025793,172.31.46.0-255,66,181208,44,257606
40750,0.027775,172.217.160.0-255,5738,186946,44,257606
40751,0.027783,172.31.46.0-255,66,187012,44,257606
40752,0.029768,172.217.160.0-255,5738,192750,44,257606
40753,0.029776,172.31.46.0-255,66,192816,44,257606
40754,0.031767,172.217.160.0-255,5738,198554,44,257606
40755,0.031775,172.31.46.0-255,66,198620,44,257606
40756,0.033755,172.217.160.0-255,5738,204358,44,257606
40757,0.033763,172.31.46.0-255,66,204424,44,257606
40758,0.035762,172.217.160.0-255,5738,210162,44,257606
40759,0.035771,172.31.46.0-255,66,210228,44,257606
40760,0.037758,172.217.160.0-255,4320,214548,44,257606
40761,0.037766,172.31.46.0-255,66,214614,44,257606
40762,0.037785,172.217.160.0-255,1484,216098,44,257606
40763,0.038484,172.31.46.0-255,172,216270,44,257606
40764,0.038516,172.31.46.0-255,1114,217384,44,257606
40765,0.038582,172.31.46.0-255,1514,218898,44,257606
40766,0.038584,172.31.46.0-255,1514,220412,44,257606
40767,0.038589,172.31.46.0-255,1514,221926,44,257606
40768,0.038591,172.31.46.0-255,1514,223440,44,257606
40769,0.03861,172.31.46.0-255,1514,224954,44,257606
40770,0.038611,172.31.46.0-255,70,225024,44,257606
40771,0.039751,172.217.160.0-255,4320,229344,44,257606
40772,0.039758,172.31.46.0-255,66,229410,44,257606
40773,0.040018,104.244.42.0-255,66,229476,44,257606
40774,0.040124,104.244.42.0-255,66,229542,44,257606
40775,0.040182,104.244.42.0-255,66,229608,44,257606
40776,0.040187,104.244.42.0-255,66,229674,44,257606
40777,0.041738,172.217.160.0-255,5738,235412,44,257606
40778,0.041744,172.31.46.0-255,66,235478,44,257606
40779,0.043752,172.217.160.0-255,4320,239798,44,257606
40780,0.043759,172.31.46.0-255,66,239864,44,257606
40781,0.043777,172.217.160.0-255,1484,241348,44,257606
40782,0.045764,172.217.160.0-255,4320,245668,44,257606
40783,0.045771,172.31.46.0-255,66,245734,44,257606
40784,0.047752,172.217.160.0-255,2902,248636,44,257606
40785,0.047759,172.31.46.0-255,66,248702,44,257606
40786,0.047779,172.217.160.0-255,2902,251604,44,257606
40787,0.047782,172.31.46.0-255,66,251670,44,257606
40788,0.049744,172.217.160.0-255,2902,254572,44,257606
40789,0.049751,172.31.46.0-255,66,254638,44,257606
40790,0.049767,172.217.160.0-255,2902,257540,44,257606
40791,0.04977,172.31.46.0-255,66,257606,44,257606
40792,0.0,172.217.194.0-255,150,150,44,176321
40793,2.3e-05,172.31.46.0-255,66,216,44,176321
40794,3e-05,172.217.194.0-255,1484,1700,44,176321
40795,3.4e-05,172.31.46.0-255,66,1766,44,176321
40796,4e-05,172.217.194.0-255,2902,4668,44,176321
40797,4.4e-05,172.31.46.0-255,66,4734,44,176321
40798,4.9e-05,172.217.194.0-255,2902,7636,44,176321
40799,5.2e-05,172.31.46.0-255,66,7702,44,176321
40800,8e-05,172.217.194.0-255,4320,12022,44,176321
40801,8.4e-05,172.31.46.0-255,66,12088,44,176321
40802,9.5e-05,172.31.46.0-255,66,12154,44,176321
40803,0.000107,172.31.46.0-255,66,12220,44,176321
40804,0.000163,172.217.194.0-255,1484,13704,44,176321
40805,0.000165,172.31.46.0-255,66,13770,44,176321
40806,0.000169,172.217.194.0-255,1484,15254,44,176321
40807,0.000171,172.31.46.0-255,66,15320,44,176321
40808,0.000185,172.217.194.0-255,1484,16804,44,176321
40809,0.000187,172.31.46.0-255,66,16870,44,176321
40810,0.000194,172.217.194.0-255,4320,21190,44,176321
40811,0.000196,172.31.46.0-255,66,21256,44,176321
40812,0.000217,172.217.194.0-255,1484,22740,44,176321
40813,0.000219,172.31.46.0-255,66,22806,44,176321
40814,0.000246,172.217.194.0-255,7156,29962,44,176321
40815,0.000249,172.31.46.0-255,66,30028,44,176321
40816,0.000252,172.217.194.0-255,1484,31512,44,176321
40817,0.000254,172.31.46.0-255,66,31578,44,176321
40818,0.000309,172.31.46.0-255,66,31644,44,176321
40819,0.000312,172.217.194.0-255,707,32351,44,176321
40820,0.000314,172.31.46.0-255,66,32417,44,176321
40821,0.002047,172.217.194.0-255,1484,33901,44,176321
40822,0.002061,172.217.194.0-255,2902,36803,44,176321
40823,0.002068,172.31.46.0-255,66,36869,44,176321
40824,0.002077,172.217.194.0-255,5738,42607,44,176321
40825,0.002079,172.31.46.0-255,66,42673,44,176321
40826,0.002103,172.217.194.0-255,2902,45575,44,176321
40827,0.002105,172.31.46.0-255,66,45641,44,176321
40828,0.002129,172.31.46.0-255,66,45707,44,176321
40829,0.002158,172.217.194.0-255,4320,50027,44,176321
40830,0.00216,172.31.46.0-255,66,50093,44,176321
40831,0.002183,172.217.194.0-255,6438,56531,44,176321
40832,0.002185,172.31.46.0-255,66,56597,44,176321
40833,0.002371,172.217.194.0-255,1484,58081,44,176321
40834,0.004582,172.217.194.0-255,4320,62401,44,176321
40835,0.004586,172.31.46.0-255,66,62467,44,176321
40836,0.006964,172.217.194.0-255,5738,68205,44,176321
40837,0.006971,172.31.46.0-255,66,68271,44,176321
40838,0.009342,172.217.194.0-255,5738,74009,44,176321
40839,0.009353,172.31.46.0-255,66,74075,44,176321
40840,0.011768,172.217.194.0-255,5738,79813,44,176321
40841,0.011781,172.31.46.0-255,66,79879,44,176321
40842,0.014115,172.217.194.0-255,5738,85617,44,176321
40843,0.014131,172.31.46.0-255,66,85683,44,176321
40844,0.016543,172.217.194.0-255,5738,91421,44,176321
40845,0.016559,172.31.46.0-255,66,91487,44,176321
40846,0.018931,172.217.194.0-255,5738,97225,44,176321
40847,0.018948,172.31.46.0-255,66,97291,44,176321
40848,0.021343,172.217.194.0-255,5738,103029,44,176321
40849,0.021354,172.31.46.0-255,66,103095,44,176321
40850,0.023768,172.217.194.0-255,5738,108833,44,176321
40851,0.023787,172.31.46.0-255,66,108899,44,176321
40852,0.026152,172.217.194.0-255,5738,114637,44,176321
40853,0.026166,172.31.46.0-255,66,114703,44,176321
40854,0.02855,172.217.194.0-255,5738,120441,44,176321
40855,0.028563,172.31.46.0-255,66,120507,44,176321
40856,0.030949,172.217.194.0-255,5738,126245,44,176321
40857,0.030965,172.31.46.0-255,66,126311,44,176321
40858,0.033358,172.217.194.0-255,5738,132049,44,176321
40859,0.033366,172.31.46.0-255,66,132115,44,176321
40860,0.035716,172.217.194.0-255,5738,137853,44,176321
40861,0.035728,172.31.46.0-255,66,137919,44,176321
40862,0.038128,172.217.194.0-255,5738,143657,44,176321
40863,0.038142,172.31.46.0-255,66,143723,44,176321
40864,0.040522,172.217.194.0-255,5738,149461,44,176321
40865,0.040531,172.31.46.0-255,66,149527,44,176321
40866,0.040623,172.31.46.0-255,188,149715,44,176321
40867,0.040649,172.31.46.0-255,955,150670,44,176321
40868,0.040725,172.31.46.0-255,1514,152184,44,176321
40869,0.040727,172.31.46.0-255,1514,153698,44,176321
40870,0.040733,172.31.46.0-255,1514,155212,44,176321
40871,0.040734,172.31.46.0-255,1514,156726,44,176321
40872,0.040753,172.31.46.0-255,1514,158240,44,176321
40873,0.040754,172.31.46.0-255,231,158471,44,176321
40874,0.042177,104.244.42.0-255,66,158537,44,176321
40875,0.042188,104.244.42.0-255,66,158603,44,176321
40876,0.042322,104.244.42.0-255,66,158669,44,176321
40877,0.04233,104.244.42.0-255,66,158735,44,176321
40878,0.042922,172.217.194.0-255,5738,164473,44,176321
40879,0.042938,172.31.46.0-255,66,164539,44,176321
40880,0.044074,104.244.42.0-255,108,164647,44,176321
40881,0.044083,172.31.46.0-255,66,164713,44,176321
40882,0.045341,172.217.194.0-255,5738,170451,44,176321
40883,0.045349,172.31.46.0-255,66,170517,44,176321
40884,0.047716,172.217.194.0-255,5738,176255,44,176321
40885,0.047726,172.31.46.0-255,66,176321,44,176321
40886,0.0,74.125.130.0-255,153,153,44,233439
40887,2.2e-05,172.31.46.0-255,66,219,44,233439
40888,4.6e-05,74.125.130.0-255,1484,1703,44,233439
40889,5.1e-05,172.31.46.0-255,66,1769,44,233439
40890,7.7e-05,74.125.130.0-255,1484,3253,44,233439
40891,8e-05,172.31.46.0-255,66,3319,44,233439
40892,8.6e-05,74.125.130.0-255,2902,6221,44,233439
40893,8.8e-05,172.31.46.0-255,66,6287,44,233439
40894,0.000112,74.125.130.0-255,2902,9189,44,233439
40895,0.000114,172.31.46.0-255,66,9255,44,233439
40896,0.000135,74.125.130.0-255,2902,12157,44,233439
40897,0.000137,172.31.46.0-255,66,12223,44,233439
40898,0.00014,74.125.130.0-255,1484,13707,44,233439
40899,0.000142,172.31.46.0-255,66,13773,44,233439
40900,0.000164,74.125.130.0-255,624,14397,44,233439
40901,0.000166,172.31.46.0-255,66,14463,44,233439
40902,0.000317,74.125.130.0-255,1484,15947,44,233439
40903,0.000322,172.31.46.0-255,66,16013,44,233439
40904,0.000327,74.125.130.0-255,2902,18915,44,233439
40905,0.000329,172.31.46.0-255,66,18981,44,233439
40906,0.000345,74.125.130.0-255,4320,23301,44,233439
40907,0.000348,172.31.46.0-255,66,23367,44,233439
40908,0.00036,74.125.130.0-255,1484,24851,44,233439
40909,0.000362,172.31.46.0-255,66,24917,44,233439
40910,0.000377,74.125.130.0-255,4320,29237,44,233439
40911,0.000379,172.31.46.0-255,66,29303,44,233439
40912,0.000401,74.125.130.0-255,2543,31846,44,233439
40913,0.000403,172.31.46.0-255,66,31912,44,233439
40914,0.000432,74.125.130.0-255,2902,34814,44,233439
40915,0.000435,172.31.46.0-255,66,34880,44,233439
40916,0.000438,74.125.130.0-255,1484,36364,44,233439
40917,0.00044,172.31.46.0-255,66,36430,44,233439
40918,0.000456,74.125.130.0-255,2902,39332,44,233439
40919,0.000472,74.125.130.0-255,4320,43652,44,233439
40920,0.000489,74.125.130.0-255,4320,47972,44,233439
40921,0.000492,74.125.130.0-255,1125,49097,44,233439
40922,0.000507,172.31.46.0-255,66,49163,44,233439
40923,0.000608,74.125.130.0-255,1484,50647,44,233439
40924,0.000634,74.125.130.0-255,1484,52131,44,233439
40925,0.000661,74.125.130.0-255,2902,55033,44,233439
40926,0.00067,172.31.46.0-255,66,55099,44,233439
40927,0.000686,74.125.130.0-255,5738,60837,44,233439
40928,0.000694,74.125.130.0-255,5379,66216,44,233439
40929,0.000716,172.31.46.0-255,66,66282,44,233439
40930,0.000834,74.125.130.0-255,339,66621,44,233439
40931,0.000931,74.125.130.0-255,116,66737,44,233439
40932,0.000961,74.125.130.0-255,384,67121,44,233439
40933,0.001162,172.31.46.0-255,66,67187,44,233439
40934,0.001259,74.125.130.0-255,1484,68671,44,233439
40935,0.001266,74.125.130.0-255,1484,70155,44,233439
40936,0.001281,74.125.130.0-255,1484,71639,44,233439
40937,0.001287,74.125.130.0-255,4320,75959,44,233439
40938,0.001301,74.125.130.0-255,1484,77443,44,233439
40939,0.001304,74.125.130.0-255,1484,78927,44,233439
40940,0.001325,74.125.130.0-255,5738,84665,44,233439
40941,0.001348,74.125.130.0-255,4320,88985,44,233439
40942,0.00137,74.125.130.0-255,7156,96141,44,233439
40943,0.001407,74.125.130.0-255,5020,101161,44,233439
40944,0.001719,74.125.130.0-255,1484,102645,44,233439
40945,0.00174,74.125.130.0-255,1484,104129,44,233439
40946,0.00176,74.125.130.0-255,2902,107031,44,233439
40947,0.001772,74.125.130.0-255,4320,111351,44,233439
40948,0.001788,74.125.130.0-255,1484,112835,44,233439
40949,0.0018,74.125.130.0-255,1484,114319,44,233439
40950,0.001822,74.125.130.0-255,7156,121475,44,233439
40951,0.001829,74.125.130.0-255,5738,127213,44,233439
40952,0.001845,74.125.130.0-255,4320,131533,44,233439
40953,0.001848,74.125.130.0-255,1484,133017,44,233439
40954,0.001863,74.125.130.0-255,2184,135201,44,233439
40955,0.006856,172.31.46.0-255,66,135267,44,233439
40956,0.00943,74.125.130.0-255,5738,141005,44,233439
40957,0.009437,172.31.46.0-255,66,141071,44,233439
40958,0.011988,74.125.130.0-255,4320,145391,44,233439
40959,0.011996,172.31.46.0-255,66,145457,44,233439
40960,0.012014,74.125.130.0-255,1484,146941,44,233439
40961,0.014554,74.125.130.0-255,4320,151261,44,233439
40962,0.014561,172.31.46.0-255,66,151327,44,233439
40963,0.017121,74.125.130.0-255,5738,157065,44,233439
40964,0.017171,172.31.46.0-255,66,157131,44,233439
40965,0.019729,74.125.130.0-255,5738,162869,44,233439
40966,0.019737,172.31.46.0-255,66,162935,44,233439
40967,0.022316,74.125.130.0-255,5738,168673,44,233439
40968,0.022328,172.31.46.0-255,66,168739,44,233439
40969,0.024926,74.125.130.0-255,5738,174477,44,233439
40970,0.024935,172.31.46.0-255,66,174543,44,233439
40971,0.027522,74.125.130.0-255,5738,180281,44,233439
40972,0.02753,172.31.46.0-255,66,180347,44,233439
40973,0.030081,74.125.130.0-255,5738,186085,44,233439
40974,0.030086,172.31.46.0-255,66,186151,44,233439
40975,0.03264,74.125.130.0-255,5738,191889,44,233439
40976,0.032647,172.31.46.0-255,66,191955,44,233439
40977,0.032854,172.31.46.0-255,172,192127,44,233439
40978,0.032885,172.31.46.0-255,1114,193241,44,233439
40979,0.033019,172.31.46.0-255,1514,194755,44,233439
40980,0.033022,172.31.46.0-255,1514,196269,44,233439
40981,0.033023,172.31.46.0-255,1514,197783,44,233439
40982,0.033024,172.31.46.0-255,1514,199297,44,233439
40983,0.033056,172.31.46.0-255,1514,200811,44,233439
40984,0.033058,172.31.46.0-255,70,200881,44,233439
40985,0.034429,104.244.42.0-255,66,200947,44,233439
40986,0.034437,104.244.42.0-255,66,201013,44,233439
40987,0.034584,104.244.42.0-255,66,201079,44,233439
40988,0.034624,104.244.42.0-255,66,201145,44,233439
40989,0.035115,104.244.42.0-255,108,201253,44,233439
40990,0.035124,172.31.46.0-255,66,201319,44,233439
40991,0.0352,74.125.130.0-255,4320,205639,44,233439
40992,0.035204,172.31.46.0-255,66,205705,44,233439
40993,0.035221,74.125.130.0-255,1484,207189,44,233439
40994,0.037804,74.125.130.0-255,4320,211509,44,233439
40995,0.03781,172.31.46.0-255,66,211575,44,233439
40996,0.040378,74.125.130.0-255,4320,215895,44,233439
40997,0.040385,172.31.46.0-255,66,215961,44,233439
40998,0.040404,74.125.130.0-255,1484,217445,44,233439
40999,0.04294,74.125.130.0-255,4320,221765,44,233439
41000,0.042948,172.31.46.0-255,66,221831,44,233439
41001,0.045541,74.125.130.0-255,5738,227569,44,233439
41002,0.045595,172.31.46.0-255,66,227635,44,233439
41003,0.048187,74.125.130.0-255,5738,233373,44,233439
41004,0.048195,172.31.46.0-255,66,233439,44,233439
41005,0.0,74.125.130.0-255,157,157,44,275687
41006,2.3e-05,172.31.46.0-255,66,223,44,275687
41007,3.1e-05,74.125.130.0-255,1484,1707,44,275687
41008,3.6e-05,172.31.46.0-255,66,1773,44,275687
41009,6.3e-05,74.125.130.0-255,2902,4675,44,275687
41010,6.6e-05,172.31.46.0-255,66,4741,44,275687
41011,8.2e-05,74.125.130.0-255,5738,10479,44,275687
41012,8.5e-05,172.31.46.0-255,66,10545,44,275687
41013,0.000132,74.125.130.0-255,3574,14119,44,275687
41014,0.000134,172.31.46.0-255,66,14185,44,275687
41015,0.000369,74.125.130.0-255,1484,15669,44,275687
41016,0.000375,172.31.46.0-255,66,15735,44,275687
41017,0.000379,74.125.130.0-255,1484,17219,44,275687
41018,0.000381,172.31.46.0-255,66,17285,44,275687
41019,0.000386,74.125.130.0-255,2902,20187,44,275687
41020,0.000388,172.31.46.0-255,66,20253,44,275687
41021,0.000413,74.125.130.0-255,5738,25991,44,275687
41022,0.000416,172.31.46.0-255,66,26057,44,275687
41023,0.000421,74.125.130.0-255,2902,28959,44,275687
41024,0.000423,172.31.46.0-255,66,29025,44,275687
41025,0.000444,74.125.130.0-255,2543,31568,44,275687
41026,0.000446,172.31.46.0-255,66,31634,44,275687
41027,0.000454,74.125.130.0-255,5738,37372,44,275687
41028,0.000456,172.31.46.0-255,66,37438,44,275687
41029,0.000481,74.125.130.0-255,5738,43176,44,275687
41030,0.000484,172.31.46.0-255,66,43242,44,275687
41031,0.000509,74.125.130.0-255,5738,48980,44,275687
41032,0.000512,172.31.46.0-255,66,49046,44,275687
41033,0.000523,172.31.46.0-255,66,49112,44,275687
41034,0.00055,74.125.130.0-255,4320,53432,44,275687
41035,0.000553,172.31.46.0-255,66,53498,44,275687
41036,0.000558,74.125.130.0-255,3602,57100,44,275687
41037,0.000561,74.125.130.0-255,361,57461,44,275687
41038,0.000581,172.31.46.0-255,66,57527,44,275687
41039,0.000758,74.125.130.0-255,1484,59011,44,275687
41040,0.000774,74.125.130.0-255,2902,61913,44,275687
41041,0.000777,74.125.130.0-255,1484,63397,44,275687
41042,0.000797,74.125.130.0-255,2902,66299,44,275687
41043,0.0008,172.31.46.0-255,66,66365,44,275687
41044,0.000805,172.31.46.0-255,66,66431,44,275687
41045,0.000841,74.125.130.0-255,4320,70751,44,275687
41046,0.000846,172.31.46.0-255,66,70817,44,275687
41047,0.000857,74.125.130.0-255,1484,72301,44,275687
41048,0.000904,74.125.130.0-255,5674,77975,44,275687
41049,0.00093,74.125.130.0-255,5738,83713,44,275687
41050,0.000936,172.31.46.0-255,66,83779,44,275687
41051,0.000944,74.125.130.0-255,1484,85263,44,275687
41052,0.000992,74.125.130.0-255,2902,88165,44,275687
41053,0.001005,74.125.130.0-255,3411,91576,44,275687
41054,0.001012,172.31.46.0-255,66,91642,44,275687
41055,0.001104,74.125.130.0-255,1484,93126,44,275687
41056,0.001118,74.125.130.0-255,2902,96028,44,275687
41057,0.001121,172.31.46.0-255,66,96094,44,275687
41058,0.001143,74.125.130.0-255,5738,101832,44,275687
41059,0.001148,74.125.130.0-255,2902,104734,44,275687
41060,0.001153,74.125.130.0-255,4320,109054,44,275687
41061,0.001196,172.31.46.0-255,66,109120,44,275687
41062,0.001208,74.125.130.0-255,2902,112022,44,275687
41063,0.001213,172.31.46.0-255,66,112088,44,275687
41064,0.001255,74.125.130.0-255,2902,114990,44,275687
41065,0.001264,172.31.46.0-255,66,115056,44,275687
41066,0.001273,74.125.130.0-255,2184,117240,44,275687
41067,0.001282,172.31.46.0-255,66,117306,44,275687
41068,0.001605,74.125.130.0-255,1484,118790,44,275687
41069,0.001623,74.125.130.0-255,2902,121692,44,275687
41070,0.001626,172.31.46.0-255,66,121758,44,275687
41071,0.001645,74.125.130.0-255,1484,123242,44,275687
41072,0.001671,74.125.130.0-255,2902,126144,44,275687
41073,0.001677,74.125.130.0-255,5738,131882,44,275687
41074,0.00169,172.31.46.0-255,66,131948,44,275687
41075,0.001725,172.31.46.0-255,66,132014,44,275687
41076,0.001753,74.125.130.0-255,4320,136334,44,275687
41077,0.00177,74.125.130.0-255,3602,139936,44,275687
41078,0.001772,172.31.46.0-255,66,140002,44,275687
41079,0.001777,172.31.46.0-255,66,140068,44,275687
41080,0.003766,74.125.130.0-255,4320,144388,44,275687
41081,0.003773,172.31.46.0-255,66,144454,44,275687
41082,0.003793,74.125.130.0-255,1484,145938,44,275687
41083,0.005772,74.125.130.0-255,4320,150258,44,275687
41084,0.005777,172.31.46.0-255,66,150324,44,275687
41085,0.007778,74.125.130.0-255,5738,156062,44,275687
41086,0.007809,172.31.46.0-255,66,156128,44,275687
41087,0.009815,74.125.130.0-255,5738,161866,44,275687
41088,0.009823,172.31.46.0-255,66,161932,44,275687
41089,0.011862,74.125.130.0-255,5738,167670,44,275687
41090,0.013677,172.31.46.0-255,66,167736,44,275687
41091,0.015683,74.125.130.0-255,5738,173474,44,275687
41092,0.015695,172.31.46.0-255,66,173540,44,275687
41093,0.017701,74.125.130.0-255,5738,179278,44,275687
41094,0.017706,172.31.46.0-255,66,179344,44,275687
41095,0.019719,74.125.130.0-255,5738,185082,44,275687
41096,0.019726,172.31.46.0-255,66,185148,44,275687
41097,0.021739,74.125.130.0-255,5738,190886,44,275687
41098,0.021747,172.31.46.0-255,66,190952,44,275687
41099,0.023764,74.125.130.0-255,5738,196690,44,275687
41100,0.023772,172.31.46.0-255,66,196756,44,275687
41101,0.025784,74.125.130.0-255,5738,202494,44,275687
41102,0.025791,172.31.46.0-255,66,202560,44,275687
41103,0.027807,74.125.130.0-255,5738,208298,44,275687
41104,0.027815,172.31.46.0-255,66,208364,44,275687
41105,0.029824,74.125.130.0-255,5738,214102,44,275687
41106,0.029832,172.31.46.0-255,66,214168,44,275687
41107,0.031831,74.125.130.0-255,5738,219906,44,275687
41108,0.031838,172.31.46.0-255,66,219972,44,275687
41109,0.033865,74.125.130.0-255,5738,225710,44,275687
41110,0.033873,172.31.46.0-255,66,225776,44,275687
41111,0.035885,74.125.130.0-255,5738,231514,44,275687
41112,0.035894,172.31.46.0-255,66,231580,44,275687
41113,0.03789,74.125.130.0-255,5738,237318,44,275687
41114,0.037896,172.31.46.0-255,66,237384,44,275687
41115,0.038578,172.31.46.0-255,164,237548,44,275687
41116,0.038611,172.31.46.0-255,1123,238671,44,275687
41117,0.038692,172.31.46.0-255,1514,240185,44,275687
41118,0.038694,172.31.46.0-255,1514,241699,44,275687
41119,0.0387,172.31.46.0-255,1514,243213,44,275687
41120,0.038702,172.31.46.0-255,1514,244727,44,275687
41121,0.03872,172.31.46.0-255,1509,246236,44,275687
41122,0.039909,74.125.130.0-255,5738,251974,44,275687
41123,0.039918,172.31.46.0-255,66,252040,44,275687
41124,0.040129,104.244.42.0-255,66,252106,44,275687
41125,0.040193,104.244.42.0-255,66,252172,44,275687
41126,0.040278,104.244.42.0-255,66,252238,44,275687
41127,0.041926,74.125.130.0-255,5738,257976,44,275687
41128,0.041933,172.31.46.0-255,66,258042,44,275687
41129,0.04394,74.125.130.0-255,5738,263780,44,275687
41130,0.043948,172.31.46.0-255,66,263846,44,275687
41131,0.045959,74.125.130.0-255,5738,269584,44,275687
41132,0.045965,172.31.46.0-255,66,269650,44,275687
41133,0.046086,172.31.46.0-255,101,269751,44,275687
41134,0.047974,74.125.130.0-255,4320,274071,44,275687
41135,0.047981,172.31.46.0-255,66,274137,44,275687
41136,0.048003,74.125.130.0-255,1484,275621,44,275687
41137,0.048054,74.125.130.0-255,66,275687,44,275687
41138,0.0,172.217.194.0-255,146,146,44,143514
41139,2.5e-05,172.31.46.0-255,66,212,44,143514
41140,3.2e-05,172.217.194.0-255,1484,1696,44,143514
41141,3.7e-05,172.31.46.0-255,66,1762,44,143514
41142,4.3e-05,172.217.194.0-255,2902,4664,44,143514
41143,4.6e-05,172.31.46.0-255,66,4730,44,143514
41144,5.4e-05,172.217.194.0-255,7156,11886,44,143514
41145,5.8e-05,172.31.46.0-255,66,11952,44,143514
41146,7.2e-05,172.31.46.0-255,66,12018,44,143514
41147,0.000104,172.217.194.0-255,2045,14063,44,143514
41148,0.000107,172.31.46.0-255,66,14129,44,143514
41149,0.000115,172.217.194.0-255,6797,20926,44,143514
41150,0.000118,172.31.46.0-255,66,20992,44,143514
41151,0.000152,172.217.194.0-255,4320,25312,44,143514
41152,0.000154,172.31.46.0-255,66,25378,44,143514
41153,0.000161,172.217.194.0-255,5738,31116,44,143514
41154,0.000163,172.31.46.0-255,66,31182,44,143514
41155,0.000188,172.217.194.0-255,1484,32666,44,143514
41156,0.00019,172.31.46.0-255,66,32732,44,143514
41157,0.000234,172.31.46.0-255,66,32798,44,143514
41158,0.000238,172.217.194.0-255,2902,35700,44,143514
41159,0.00024,172.31.46.0-255,66,35766,44,143514
41160,0.000263,172.31.46.0-255,66,35832,44,143514
41161,0.000266,172.217.194.0-255,104,35936,44,143514
41162,0.000269,172.31.46.0-255,66,36002,44,143514
41163,0.000272,172.217.194.0-255,359,36361,44,143514
41164,0.000273,172.31.46.0-255,66,36427,44,143514
41165,0.000327,172.217.194.0-255,2902,39329,44,143514
41166,0.000331,172.31.46.0-255,66,39395,44,143514
41167,0.000336,172.217.194.0-255,4320,43715,44,143514
41168,0.000338,172.31.46.0-255,66,43781,44,143514
41169,0.000379,172.31.46.0-255,66,43847,44,143514
41170,0.000381,172.217.194.0-255,577,44424,44,143514
41171,0.000605,172.217.194.0-255,1484,45908,44,143514
41172,0.00061,172.31.46.0-255,66,45974,44,143514
41173,0.000616,172.217.194.0-255,2902,48876,44,143514
41174,0.000618,172.31.46.0-255,66,48942,44,143514
41175,0.000624,172.217.194.0-255,4320,53262,44,143514
41176,0.000627,172.31.46.0-255,66,53328,44,143514
41177,0.000651,172.217.194.0-255,1484,54812,44,143514
41178,0.000664,172.31.46.0-255,66,54878,44,143514
41179,0.000702,172.217.194.0-255,7156,62034,44,143514
41180,0.000705,172.31.46.0-255,66,62100,44,143514
41181,0.000731,172.31.46.0-255,66,62166,44,143514
41182,0.001337,172.217.194.0-255,1484,63650,44,143514
41183,0.001344,172.217.194.0-255,2902,66552,44,143514
41184,0.001348,172.31.46.0-255,66,66618,44,143514
41185,0.001354,172.217.194.0-255,2902,69520,44,143514
41186,0.001356,172.31.46.0-255,66,69586,44,143514
41187,0.00137,172.217.194.0-255,2902,72488,44,143514
41188,0.001373,172.31.46.0-255,66,72554,44,143514
41189,0.001385,172.217.194.0-255,1484,74038,44,143514
41190,0.001409,172.31.46.0-255,66,74104,44,143514
41191,0.001427,172.217.194.0-255,1484,75588,44,143514
41192,0.001453,172.31.46.0-255,66,75654,44,143514
41193,0.001479,172.217.194.0-255,1484,77138,44,143514
41194,0.001503,172.217.194.0-255,1484,78622,44,143514
41195,0.001506,172.31.46.0-255,66,78688,44,143514
41196,0.001528,172.217.194.0-255,1484,80172,44,143514
41197,0.001534,172.217.194.0-255,5738,85910,44,143514
41198,0.001537,172.31.46.0-255,66,85976,44,143514
41199,0.001543,172.217.194.0-255,4320,90296,44,143514
41200,0.001545,172.31.46.0-255,66,90362,44,143514
41201,0.001586,172.31.46.0-255,66,90428,44,143514
41202,0.001599,172.31.46.0-255,66,90494,44,143514
41203,0.001651,172.217.194.0-255,1484,91978,44,143514
41204,0.001684,172.31.46.0-255,66,92044,44,143514
41205,0.001707,172.217.194.0-255,7156,99200,44,143514
41206,0.001709,172.31.46.0-255,66,99266,44,143514
41207,0.001738,172.217.194.0-255,4320,103586,44,143514
41208,0.001741,172.31.46.0-255,66,103652,44,143514
41209,0.001789,172.31.46.0-255,66,103718,44,143514
41210,0.001919,172.217.194.0-255,4320,108038,44,143514
41211,0.001923,172.31.46.0-255,66,108104,44,143514
41212,0.001953,172.217.194.0-255,1484,109588,44,143514
41213,0.001957,172.31.46.0-255,66,109654,44,143514
41214,0.001996,172.31.46.0-255,66,109720,44,143514
41215,0.002034,172.31.46.0-255,66,109786,44,143514
41216,0.002072,172.31.46.0-255,66,109852,44,143514
41217,0.002151,172.217.194.0-255,5738,115590,44,143514
41218,0.002156,172.31.46.0-255,66,115656,44,143514
41219,0.002172,172.31.46.0-255,66,115722,44,143514
41220,0.002211,172.31.46.0-255,66,115788,44,143514
41221,0.002288,172.31.46.0-255,66,115854,44,143514
41222,0.002312,172.217.194.0-255,7156,123010,44,143514
41223,0.002315,172.31.46.0-255,66,123076,44,143514
41224,0.002373,172.31.46.0-255,66,123142,44,143514
41225,0.002399,172.31.46.0-255,66,123208,44,143514
41226,0.002437,172.217.194.0-255,5738,128946,44,143514
41227,0.002442,172.31.46.0-255,66,129012,44,143514
41228,0.002512,172.31.46.0-255,66,129078,44,143514
41229,0.002542,172.31.46.0-255,66,129144,44,143514
41230,0.002628,172.217.194.0-255,5738,134882,44,143514
41231,0.002632,172.31.46.0-255,66,134948,44,143514
41232,0.002658,172.31.46.0-255,66,135014,44,143514
41233,0.004778,172.31.46.0-255,105,135119,44,143514
41234,0.007339,172.217.194.0-255,66,135185,44,143514
41235,0.031808,172.31.46.0-255,164,135349,44,143514
41236,0.031838,172.31.46.0-255,1123,136472,44,143514
41237,0.031908,172.31.46.0-255,1514,137986,44,143514
41238,0.03191,172.31.46.0-255,1514,139500,44,143514
41239,0.031911,172.31.46.0-255,1514,141014,44,143514
41240,0.031913,172.31.46.0-255,1514,142528,44,143514
41241,0.031913,172.31.46.0-255,548,143076,44,143514
41242,0.033368,104.244.42.0-255,66,143142,44,143514
41243,0.033466,104.244.42.0-255,66,143208,44,143514
41244,0.033516,104.244.42.0-255,66,143274,44,143514
41245,0.033519,104.244.42.0-255,66,143340,44,143514
41246,0.034997,104.244.42.0-255,108,143448,44,143514
41247,0.035008,172.31.46.0-255,66,143514,44,143514
41248,0.0,74.125.130.0-255,153,153,44,244053
41249,2.4e-05,172.31.46.0-255,66,219,44,244053
41250,3.2e-05,74.125.130.0-255,1484,1703,44,244053
41251,3.8e-05,172.31.46.0-255,66,1769,44,244053
41252,4.6e-05,74.125.130.0-255,2902,4671,44,244053
41253,5.1e-05,172.31.46.0-255,66,4737,44,244053
41254,5.9e-05,74.125.130.0-255,7156,11893,44,244053
41255,6.3e-05,172.31.46.0-255,66,11959,44,244053
41256,9.9e-05,74.125.130.0-255,1939,13898,44,244053
41257,0.000102,172.31.46.0-255,66,13964,44,244053
41258,0.00025,74.125.130.0-255,1484,15448,44,244053
41259,0.000254,172.31.46.0-255,66,15514,44,244053
41260,0.000258,74.125.130.0-255,1484,16998,44,244053
41261,0.000261,172.31.46.0-255,66,17064,44,244053
41262,0.000273,74.125.130.0-255,1484,18548,44,244053
41263,0.000276,172.31.46.0-255,66,18614,44,244053
41264,0.00028,74.125.130.0-255,2902,21516,44,244053
41265,0.000283,172.31.46.0-255,66,21582,44,244053
41266,0.000302,74.125.130.0-255,2902,24484,44,244053
41267,0.000304,172.31.46.0-255,66,24550,44,244053
41268,0.000309,74.125.130.0-255,2902,27452,44,244053
41269,0.00031,172.31.46.0-255,66,27518,44,244053
41270,0.000316,74.125.130.0-255,3961,31479,44,244053
41271,0.000318,172.31.46.0-255,66,31545,44,244053
41272,0.000689,74.125.130.0-255,1484,33029,44,244053
41273,0.000694,172.31.46.0-255,66,33095,44,244053
41274,0.000698,74.125.130.0-255,1484,34579,44,244053
41275,0.0007,172.31.46.0-255,66,34645,44,244053
41276,0.000703,74.125.130.0-255,1484,36129,44,244053
41277,0.000706,172.31.46.0-255,66,36195,44,244053
41278,0.000733,74.125.130.0-255,1484,37679,44,244053
41279,0.000736,172.31.46.0-255,66,37745,44,244053
41280,0.000744,74.125.130.0-255,5738,43483,44,244053
41281,0.000746,172.31.46.0-255,66,43549,44,244053
41282,0.000752,74.125.130.0-255,5379,48928,44,244053
41283,0.000753,172.31.46.0-255,66,48994,44,244053
41284,0.001331,74.125.130.0-255,1484,50478,44,244053
41285,0.001344,74.125.130.0-255,2902,53380,44,244053
41286,0.001349,172.31.46.0-255,66,53446,44,244053
41287,0.001357,74.125.130.0-255,5738,59184,44,244053
41288,0.001359,172.31.46.0-255,66,59250,44,244053
41289,0.001399,74.125.130.0-255,6797,66047,44,244053
41290,0.001402,172.31.46.0-255,66,66113,44,244053
41291,0.001405,74.125.130.0-255,647,66760,44,244053
41292,0.001553,74.125.130.0-255,1484,68244,44,244053
41293,0.001558,172.31.46.0-255,66,68310,44,244053
41294,0.001562,74.125.130.0-255,1484,69794,44,244053
41295,0.001567,74.125.130.0-255,2902,72696,44,244053
41296,0.001569,172.31.46.0-255,66,72762,44,244053
41297,0.001589,74.125.130.0-255,5738,78500,44,244053
41298,0.001591,172.31.46.0-255,66,78566,44,244053
41299,0.001594,74.125.130.0-255,1484,80050,44,244053
41300,0.001609,74.125.130.0-255,3961,84011,44,244053
41301,0.001613,172.31.46.0-255,66,84077,44,244053
41302,0.001619,74.125.130.0-255,5738,89815,44,244053
41303,0.001622,172.31.46.0-255,66,89881,44,244053
41304,0.001659,74.125.130.0-255,7156,97037,44,244053
41305,0.001662,172.31.46.0-255,66,97103,44,244053
41306,0.001682,74.125.130.0-255,3961,101064,44,244053
41307,0.001684,172.31.46.0-255,66,101130,44,244053
41308,0.003629,74.125.130.0-255,1484,102614,44,244053
41309,0.003654,74.125.130.0-255,4320,106934,44,244053
41310,0.003663,172.31.46.0-255,66,107000,44,244053
41311,0.005647,74.125.130.0-255,5738,112738,44,244053
41312,0.005652,172.31.46.0-255,66,112804,44,244053
41313,0.007638,74.125.130.0-255,5738,118542,44,244053
41314,0.007649,172.31.46.0-255,66,118608,44,244053
41315,0.009692,74.125.130.0-255,5738,124346,44,244053
41316,0.009709,172.31.46.0-255,66,124412,44,244053
41317,0.011719,74.125.130.0-255,5738,130150,44,244053
41318,0.011737,172.31.46.0-255,66,130216,44,244053
41319,0.013745,74.125.130.0-255,5738,135954,44,244053
41320,0.013766,172.31.46.0-255,66,136020,44,244053
41321,0.015761,74.125.130.0-255,5738,141758,44,244053
41322,0.015778,172.31.46.0-255,66,141824,44,244053
41323,0.017769,74.125.130.0-255,5738,147562,44,244053
41324,0.017789,172.31.46.0-255,66,147628,44,244053
41325,0.019802,74.125.130.0-255,5738,153366,44,244053
41326,0.019821,172.31.46.0-255,66,153432,44,244053
41327,0.021814,74.125.130.0-255,5738,159170,44,244053
41328,0.021827,172.31.46.0-255,66,159236,44,244053
41329,0.02383,74.125.130.0-255,5738,164974,44,244053
41330,0.023847,172.31.46.0-255,66,165040,44,244053
41331,0.025836,74.125.130.0-255,5738,170778,44,244053
41332,0.025849,172.31.46.0-255,66,170844,44,244053
41333,0.027845,74.125.130.0-255,5738,176582,44,244053
41334,0.027861,172.31.46.0-255,66,176648,44,244053
41335,0.029864,74.125.130.0-255,5738,182386,44,244053
41336,0.029884,172.31.46.0-255,66,182452,44,244053
41337,0.031888,74.125.130.0-255,5738,188190,44,244053
41338,0.031908,172.31.46.0-255,66,188256,44,244053
41339,0.033911,74.125.130.0-255,5738,193994,44,244053
41340,0.033933,172.31.46.0-255,66,194060,44,244053
41341,0.035934,74.125.130.0-255,5738,199798,44,244053
41342,0.035954,172.31.46.0-255,66,199864,44,244053
41343,0.037961,74.125.130.0-255,5738,205602,44,244053
41344,0.037977,172.31.46.0-255,66,205668,44,244053
41345,0.039978,74.125.130.0-255,5738,211406,44,244053
41346,0.039996,172.31.46.0-255,66,211472,44,244053
41347,0.041986,74.125.130.0-255,5738,217210,44,244053
41348,0.042001,172.31.46.0-255,66,217276,44,244053
41349,0.044006,74.125.130.0-255,5738,223014,44,244053
41350,0.044027,172.31.46.0-255,66,223080,44,244053
41351,0.045774,172.31.46.0-255,172,223252,44,244053
41352,0.045808,172.31.46.0-255,1113,224365,44,244053
41353,0.045885,172.31.46.0-255,1514,225879,44,244053
41354,0.045887,172.31.46.0-255,1514,227393,44,244053
41355,0.045892,172.31.46.0-255,1514,228907,44,244053
41356,0.045893,172.31.46.0-255,1514,230421,44,244053
41357,0.045917,172.31.46.0-255,1514,231935,44,244053
41358,0.045918,172.31.46.0-255,72,232007,44,244053
41359,0.046001,74.125.130.0-255,5738,237745,44,244053
41360,0.046008,172.31.46.0-255,66,237811,44,244053
41361,0.04733,104.244.42.0-255,66,237877,44,244053
41362,0.047376,104.244.42.0-255,66,237943,44,244053
41363,0.047499,104.244.42.0-255,66,238009,44,244053
41364,0.047506,104.244.42.0-255,66,238075,44,244053
41365,0.04799,74.125.130.0-255,5738,243813,44,244053
41366,0.048002,172.31.46.0-255,66,243879,44,244053
41367,0.048024,104.244.42.0-255,108,243987,44,244053
41368,0.048028,172.31.46.0-255,66,244053,44,244053
41369,0.0,74.125.24.0-255,153,153,44,261759
41370,2.4e-05,172.31.46.0-255,66,219,44,261759
41371,3.2e-05,74.125.24.0-255,1484,1703,44,261759
41372,3.7e-05,172.31.46.0-255,66,1769,44,261759
41373,4.4e-05,74.125.24.0-255,2902,4671,44,261759
41374,4.7e-05,172.31.46.0-255,66,4737,44,261759
41375,5.5e-05,74.125.24.0-255,7156,11893,44,261759
41376,5.8e-05,172.31.46.0-255,66,11959,44,261759
41377,6.2e-05,74.125.24.0-255,2088,14047,44,261759
41378,6.5e-05,172.31.46.0-255,66,14113,44,261759
41379,8e-05,172.31.46.0-255,66,14179,44,261759
41380,8.5e-05,74.125.24.0-255,2902,17081,44,261759
41381,8.8e-05,172.31.46.0-255,66,17147,44,261759
41382,0.000109,74.125.24.0-255,2543,19690,44,261759
41383,0.000112,172.31.46.0-255,66,19756,44,261759
41384,0.000253,74.125.24.0-255,1484,21240,44,261759
41385,0.000257,172.31.46.0-255,66,21306,44,261759
41386,0.000263,74.125.24.0-255,2902,24208,44,261759
41387,0.000265,172.31.46.0-255,66,24274,44,261759
41388,0.000283,74.125.24.0-255,5738,30012,44,261759
41389,0.000286,172.31.46.0-255,66,30078,44,261759
41390,0.000291,74.125.24.0-255,4320,34398,44,261759
41391,0.000294,172.31.46.0-255,66,34464,44,261759
41392,0.000315,74.125.24.0-255,5738,40202,44,261759
41393,0.000318,172.31.46.0-255,66,40268,44,261759
41394,0.00034,74.125.24.0-255,2902,43170,44,261759
41395,0.000343,172.31.46.0-255,66,43236,44,261759
41396,0.000374,172.31.46.0-255,66,43302,44,261759
41397,0.000377,74.125.24.0-255,130,43432,44,261759
41398,0.000379,172.31.46.0-255,66,43498,44,261759
41399,0.000898,74.125.24.0-255,1484,44982,44,261759
41400,0.000906,74.125.24.0-255,2902,47884,44,261759
41401,0.00091,172.31.46.0-255,66,47950,44,261759
41402,0.000917,74.125.24.0-255,2902,50852,44,261759
41403,0.000919,172.31.46.0-255,66,50918,44,261759
41404,0.000934,74.125.24.0-255,2902,53820,44,261759
41405,0.000936,172.31.46.0-255,66,53886,44,261759
41406,0.000956,74.125.24.0-255,5738,59624,44,261759
41407,0.000958,172.31.46.0-255,66,59690,44,261759
41408,0.000982,74.125.24.0-255,7156,66846,44,261759
41409,0.000985,172.31.46.0-255,66,66912,44,261759
41410,0.000991,74.125.24.0-255,4320,71232,44,261759
41411,0.000993,172.31.46.0-255,66,71298,44,261759
41412,0.00101,74.125.24.0-255,2902,74200,44,261759
41413,0.001012,172.31.46.0-255,66,74266,44,261759
41414,0.001018,74.125.24.0-255,3602,77868,44,261759
41415,0.00102,172.31.46.0-255,66,77934,44,261759
41416,0.001121,74.125.24.0-255,1484,79418,44,261759
41417,0.001127,74.125.24.0-255,2902,82320,44,261759
41418,0.00113,172.31.46.0-255,66,82386,44,261759
41419,0.001146,74.125.24.0-255,5738,88124,44,261759
41420,0.001149,172.31.46.0-255,66,88190,44,261759
41421,0.001181,74.125.24.0-255,5738,93928,44,261759
41422,0.001184,172.31.46.0-255,66,93994,44,261759
41423,0.001188,74.125.24.0-255,1484,95478,44,261759
41424,0.001219,172.31.46.0-255,66,95544,44,261759
41425,0.001225,74.125.24.0-255,5020,100564,44,261759
41426,0.001227,172.31.46.0-255,66,100630,44,261759
41427,0.001321,74.125.24.0-255,1484,102114,44,261759
41428,0.001327,74.125.24.0-255,2902,105016,44,261759
41429,0.001331,172.31.46.0-255,66,105082,44,261759
41430,0.001356,74.125.24.0-255,5738,110820,44,261759
41431,0.001359,172.31.46.0-255,66,110886,44,261759
41432,0.001427,74.125.24.0-255,2184,113070,44,261759
41433,0.001431,172.31.46.0-255,66,113136,44,261759
41434,0.001438,172.31.46.0-255,66,113202,44,261759
41435,0.001441,172.31.46.0-255,66,113268,44,261759
41436,0.003431,74.125.24.0-255,5738,119006,44,261759
41437,0.00344,172.31.46.0-255,66,119072,44,261759
41438,0.005413,74.125.24.0-255,5738,124810,44,261759
41439,0.005421,172.31.46.0-255,66,124876,44,261759
41440,0.007389,74.125.24.0-255,5738,130614,44,261759
41441,0.007395,172.31.46.0-255,66,130680,44,261759
41442,0.009358,74.125.24.0-255,5738,136418,44,261759
41443,0.009366,172.31.46.0-255,66,136484,44,261759
41444,0.011341,74.125.24.0-255,5738,142222,44,261759
41445,0.011358,172.31.46.0-255,66,142288,44,261759
41446,0.013348,74.125.24.0-255,5738,148026,44,261759
41447,0.013361,172.31.46.0-255,66,148092,44,261759
41448,0.015351,74.125.24.0-255,5738,153830,44,261759
41449,0.015359,172.31.46.0-255,66,153896,44,261759
41450,0.017325,74.125.24.0-255,5738,159634,44,261759
41451,0.017335,172.31.46.0-255,66,159700,44,261759
41452,0.019328,74.125.24.0-255,5738,165438,44,261759
41453,0.019335,172.31.46.0-255,66,165504,44,261759
41454,0.0213,74.125.24.0-255,5738,171242,44,261759
41455,0.021307,172.31.46.0-255,66,171308,44,261759
41456,0.023273,74.125.24.0-255,5738,177046,44,261759
41457,0.02328,172.31.46.0-255,66,177112,44,261759
41458,0.025232,74.125.24.0-255,5738,182850,44,261759
41459,0.025239,172.31.46.0-255,66,182916,44,261759
41460,0.02723,74.125.24.0-255,5738,188654,44,261759
41461,0.027238,172.31.46.0-255,66,188720,44,261759
41462,0.029217,74.125.24.0-255,5738,194458,44,261759
41463,0.029225,172.31.46.0-255,66,194524,44,261759
41464,0.031209,74.125.24.0-255,5738,200262,44,261759
41465,0.031217,172.31.46.0-255,66,200328,44,261759
41466,0.033216,74.125.24.0-255,5738,206066,44,261759
41467,0.033228,172.31.46.0-255,66,206132,44,261759
41468,0.035197,74.125.24.0-255,5738,211870,44,261759
41469,0.035211,172.31.46.0-255,66,211936,44,261759
41470,0.037201,74.125.24.0-255,5738,217674,44,261759
41471,0.037216,172.31.46.0-255,66,217740,44,261759
41472,0.039206,74.125.24.0-255,5738,223478,44,261759
41473,0.039222,172.31.46.0-255,66,223544,44,261759
41474,0.041098,172.31.46.0-255,176,223720,44,261759
41475,0.041131,172.31.46.0-255,1113,224833,44,261759
41476,0.041191,74.125.24.0-255,5738,230571,44,261759
41477,0.041197,172.31.46.0-255,66,230637,44,261759
41478,0.041238,172.31.46.0-255,1514,232151,44,261759
41479,0.04124,172.31.46.0-255,1514,233665,44,261759
41480,0.041245,172.31.46.0-255,1514,235179,44,261759
41481,0.041247,172.31.46.0-255,1514,236693,44,261759
41482,0.041264,172.31.46.0-255,1514,238207,44,261759
41483,0.041265,172.31.46.0-255,72,238279,44,261759
41484,0.042642,104.244.42.0-255,66,238345,44,261759
41485,0.042749,104.244.42.0-255,66,238411,44,261759
41486,0.042845,104.244.42.0-255,66,238477,44,261759
41487,0.042946,104.244.42.0-255,66,238543,44,261759
41488,0.043179,74.125.24.0-255,5738,244281,44,261759
41489,0.043187,172.31.46.0-255,66,244347,44,261759
41490,0.045157,74.125.24.0-255,5738,250085,44,261759
41491,0.045166,172.31.46.0-255,66,250151,44,261759
41492,0.047139,74.125.24.0-255,5738,255889,44,261759
41493,0.04715,172.31.46.0-255,66,255955,44,261759
41494,0.04911,74.125.24.0-255,5738,261693,44,261759
41495,0.049121,172.31.46.0-255,66,261759,44,261759
41496,0.0,172.217.27.0-255,146,146,44,223784
41497,1.3e-05,172.31.46.0-255,66,212,44,223784
41498,1.9e-05,172.217.27.0-255,1484,1696,44,223784
41499,2.4e-05,172.31.46.0-255,66,1762,44,223784
41500,2.9e-05,172.217.27.0-255,2902,4664,44,223784
41501,3.9e-05,172.31.46.0-255,66,4730,44,223784
41502,4.6e-05,172.217.27.0-255,5738,10468,44,223784
41503,4.9e-05,172.31.46.0-255,66,10534,44,223784
41504,8.1e-05,172.217.27.0-255,3357,13891,44,223784
41505,8.4e-05,172.31.46.0-255,66,13957,44,223784
41506,0.000493,172.217.27.0-255,1484,15441,44,223784
41507,0.000498,172.31.46.0-255,66,15507,44,223784
41508,0.000504,172.217.27.0-255,2902,18409,44,223784
41509,0.000506,172.31.46.0-255,66,18475,44,223784
41510,0.000537,172.217.27.0-255,5738,24213,44,223784
41511,0.000539,172.31.46.0-255,66,24279,44,223784
41512,0.000542,172.217.27.0-255,1484,25763,44,223784
41513,0.000543,172.31.46.0-255,66,25829,44,223784
41514,0.00058,172.217.27.0-255,5379,31208,44,223784
41515,0.000583,172.31.46.0-255,66,31274,44,223784
41516,0.00062,172.217.27.0-255,1484,32758,44,223784
41517,0.000622,172.31.46.0-255,66,32824,44,223784
41518,0.000627,172.217.27.0-255,2902,35726,44,223784
41519,0.000628,172.31.46.0-255,66,35792,44,223784
41520,0.000656,172.217.27.0-255,5738,41530,44,223784
41521,0.00066,172.31.46.0-255,66,41596,44,223784
41522,0.000667,172.217.27.0-255,2902,44498,44,223784
41523,0.00067,172.31.46.0-255,66,44564,44,223784
41524,0.000693,172.217.27.0-255,3961,48525,44,223784
41525,0.000696,172.31.46.0-255,66,48591,44,223784
41526,0.003709,172.217.27.0-255,1484,50075,44,223784
41527,0.003715,172.31.46.0-255,66,50141,44,223784
41528,0.003724,172.217.27.0-255,2902,53043,44,223784
41529,0.003726,172.31.46.0-255,66,53109,44,223784
41530,0.003734,172.217.27.0-255,1484,54593,44,223784
41531,0.003736,172.31.46.0-255,66,54659,44,223784
41532,0.005344,172.217.27.0-255,4320,58979,44,223784
41533,0.005349,172.31.46.0-255,66,59045,44,223784
41534,0.005372,172.217.27.0-255,1484,60529,44,223784
41535,0.007014,172.217.27.0-255,4320,64849,44,223784
41536,0.007021,172.31.46.0-255,66,64915,44,223784
41537,0.008651,172.217.27.0-255,5738,70653,44,223784
41538,0.008658,172.31.46.0-255,66,70719,44,223784
41539,0.010299,172.217.27.0-255,5738,76457,44,223784
41540,0.010306,172.31.46.0-255,66,76523,44,223784
41541,0.01194,172.217.27.0-255,5738,82261,44,223784
41542,0.011947,172.31.46.0-255,66,82327,44,223784
41543,0.01359,172.217.27.0-255,5738,88065,44,223784
41544,0.0136,172.31.46.0-255,66,88131,44,223784
41545,0.015236,172.217.27.0-255,5738,93869,44,223784
41546,0.015245,172.31.46.0-255,66,93935,44,223784
41547,0.016886,172.217.27.0-255,5738,99673,44,223784
41548,0.016896,172.31.46.0-255,66,99739,44,223784
41549,0.018536,172.217.27.0-255,5738,105477,44,223784
41550,0.018545,172.31.46.0-255,66,105543,44,223784
41551,0.020187,172.217.27.0-255,5738,111281,44,223784
41552,0.020197,172.31.46.0-255,66,111347,44,223784
41553,0.021836,172.217.27.0-255,5738,117085,44,223784
41554,0.021842,172.31.46.0-255,66,117151,44,223784
41555,0.023473,172.217.27.0-255,5738,122889,44,223784
41556,0.023481,172.31.46.0-255,66,122955,44,223784
41557,0.024698,172.31.46.0-255,172,123127,44,223784
41558,0.024726,172.31.46.0-255,1113,124240,44,223784
41559,0.024779,172.31.46.0-255,1514,125754,44,223784
41560,0.024781,172.31.46.0-255,1514,127268,44,223784
41561,0.024782,172.31.46.0-255,1514,128782,44,223784
41562,0.024783,172.31.46.0-255,1514,130296,44,223784
41563,0.024784,172.31.46.0-255,558,130854,44,223784
41564,0.025105,172.217.27.0-255,5738,136592,44,223784
41565,0.025111,172.31.46.0-255,66,136658,44,223784
41566,0.026608,104.244.42.0-255,66,136724,44,223784
41567,0.026744,172.217.27.0-255,5738,142462,44,223784
41568,0.02675,172.31.46.0-255,66,142528,44,223784
41569,0.028387,172.217.27.0-255,5738,148266,44,223784
41570,0.028394,172.31.46.0-255,66,148332,44,223784
41571,0.030035,172.217.27.0-255,5738,154070,44,223784
41572,0.03004,172.31.46.0-255,66,154136,44,223784
41573,0.031673,172.217.27.0-255,5738,159874,44,223784
41574,0.031679,172.31.46.0-255,66,159940,44,223784
41575,0.033329,172.217.27.0-255,5738,165678,44,223784
41576,0.033334,172.31.46.0-255,66,165744,44,223784
41577,0.034977,172.217.27.0-255,5738,171482,44,223784
41578,0.034983,172.31.46.0-255,66,171548,44,223784
41579,0.036653,172.217.27.0-255,5738,177286,44,223784
41580,0.036656,172.31.46.0-255,66,177352,44,223784
41581,0.038286,172.217.27.0-255,5738,183090,44,223784
41582,0.038293,172.31.46.0-255,66,183156,44,223784
41583,0.039931,172.217.27.0-255,5738,188894,44,223784
41584,0.039939,172.31.46.0-255,66,188960,44,223784
41585,0.041582,172.217.27.0-255,5738,194698,44,223784
41586,0.041588,172.31.46.0-255,66,194764,44,223784
41587,0.043225,172.217.27.0-255,5738,200502,44,223784
41588,0.04323,172.31.46.0-255,66,200568,44,223784
41589,0.044873,172.217.27.0-255,5738,206306,44,223784
41590,0.044881,172.31.46.0-255,66,206372,44,223784
41591,0.046545,172.217.27.0-255,5738,212110,44,223784
41592,0.046553,172.31.46.0-255,66,212176,44,223784
41593,0.048178,172.217.27.0-255,5738,217914,44,223784
41594,0.048185,172.31.46.0-255,66,217980,44,223784
41595,0.049818,172.217.27.0-255,5738,223718,44,223784
41596,0.049824,172.31.46.0-255,66,223784,44,223784
41597,0.0,74.125.68.0-255,153,153,44,334557
41598,2.8e-05,172.31.46.0-255,66,219,44,334557
41599,3.5e-05,74.125.68.0-255,1484,1703,44,334557
41600,3.9e-05,172.31.46.0-255,66,1769,44,334557
41601,4.5e-05,74.125.68.0-255,2902,4671,44,334557
41602,5e-05,172.31.46.0-255,66,4737,44,334557
41603,5.3e-05,74.125.68.0-255,1484,6221,44,334557
41604,5.6e-05,172.31.46.0-255,66,6287,44,334557
41605,6.2e-05,74.125.68.0-255,2902,9189,44,334557
41606,6.5e-05,172.31.46.0-255,66,9255,44,334557
41607,9.3e-05,74.125.68.0-255,4839,14094,44,334557
41608,9.7e-05,172.31.46.0-255,66,14160,44,334557
41609,0.000117,74.125.68.0-255,5738,19898,44,334557
41610,0.00012,172.31.46.0-255,66,19964,44,334557
41611,0.000146,74.125.68.0-255,5738,25702,44,334557
41612,0.000148,172.31.46.0-255,66,25768,44,334557
41613,0.000199,74.125.68.0-255,4320,30088,44,334557
41614,0.000202,172.31.46.0-255,66,30154,44,334557
41615,0.000216,74.125.68.0-255,1125,31279,44,334557
41616,0.000218,172.31.46.0-255,66,31345,44,334557
41617,0.000448,74.125.68.0-255,1484,32829,44,334557
41618,0.000454,172.31.46.0-255,66,32895,44,334557
41619,0.00046,74.125.68.0-255,2902,35797,44,334557
41620,0.000463,172.31.46.0-255,66,35863,44,334557
41621,0.000475,74.125.68.0-255,1484,37347,44,334557
41622,0.000477,172.31.46.0-255,66,37413,44,334557
41623,0.000493,74.125.68.0-255,4320,41733,44,334557
41624,0.000496,172.31.46.0-255,66,41799,44,334557
41625,0.0005,74.125.68.0-255,2902,44701,44,334557
41626,0.000502,172.31.46.0-255,66,44767,44,334557
41627,0.00052,74.125.68.0-255,1484,46251,44,334557
41628,0.000523,172.31.46.0-255,66,46317,44,334557
41629,0.000544,172.31.46.0-255,66,46383,44,334557
41630,0.000548,74.125.68.0-255,2902,49285,44,334557
41631,0.000552,172.31.46.0-255,66,49351,44,334557
41632,0.000604,74.125.68.0-255,1484,50835,44,334557
41633,0.000637,74.125.68.0-255,5703,56538,44,334557
41634,0.000641,172.31.46.0-255,66,56604,44,334557
41635,0.000657,74.125.68.0-255,1484,58088,44,334557
41636,0.000674,74.125.68.0-255,2902,60990,44,334557
41637,0.000677,172.31.46.0-255,66,61056,44,334557
41638,0.000684,74.125.68.0-255,5738,66794,44,334557
41639,0.000686,172.31.46.0-255,66,66860,44,334557
41640,0.000691,74.125.68.0-255,2902,69762,44,334557
41641,0.000693,172.31.46.0-255,66,69828,44,334557
41642,0.000741,74.125.68.0-255,3961,73789,44,334557
41643,0.000744,172.31.46.0-255,66,73855,44,334557
41644,0.000809,74.125.68.0-255,1484,75339,44,334557
41645,0.000822,74.125.68.0-255,2902,78241,44,334557
41646,0.000826,172.31.46.0-255,66,78307,44,334557
41647,0.000843,74.125.68.0-255,4320,82627,44,334557
41648,0.000845,172.31.46.0-255,66,82693,44,334557
41649,0.000896,74.125.68.0-255,5738,88431,44,334557
41650,0.000899,172.31.46.0-255,66,88497,44,334557
41651,0.000906,74.125.68.0-255,5379,93876,44,334557
41652,0.000908,172.31.46.0-255,66,93942,44,334557
41653,0.000913,74.125.68.0-255,2902,96844,44,334557
41654,0.000915,172.31.46.0-255,66,96910,44,334557
41655,0.000938,74.125.68.0-255,2902,99812,44,334557
41656,0.00094,172.31.46.0-255,66,99878,44,334557
41657,0.000956,74.125.68.0-255,2902,102780,44,334557
41658,0.000961,172.31.46.0-255,66,102846,44,334557
41659,0.000973,74.125.68.0-255,5738,108584,44,334557
41660,0.000975,172.31.46.0-255,66,108650,44,334557
41661,0.001003,74.125.68.0-255,4320,112970,44,334557
41662,0.001006,172.31.46.0-255,66,113036,44,334557
41663,0.001019,172.31.46.0-255,66,113102,44,334557
41664,0.001033,74.125.68.0-255,1869,114971,44,334557
41665,0.001035,172.31.46.0-255,66,115037,44,334557
41666,0.001053,74.125.68.0-255,4320,119357,44,334557
41667,0.001055,172.31.46.0-255,66,119423,44,334557
41668,0.00107,74.125.68.0-255,1484,120907,44,334557
41669,0.001078,74.125.68.0-255,7156,128063,44,334557
41670,0.00108,172.31.46.0-255,66,128129,44,334557
41671,0.001095,74.125.68.0-255,3961,132090,44,334557
41672,0.001098,172.31.46.0-255,66,132156,44,334557
41673,0.001298,74.125.68.0-255,1484,133640,44,334557
41674,0.001313,74.125.68.0-255,2902,136542,44,334557
41675,0.001316,172.31.46.0-255,66,136608,44,334557
41676,0.001337,74.125.68.0-255,4320,140928,44,334557
41677,0.00134,172.31.46.0-255,66,140994,44,334557
41678,0.001361,74.125.68.0-255,1484,142478,44,334557
41679,0.001365,74.125.68.0-255,2902,145380,44,334557
41680,0.001367,172.31.46.0-255,66,145446,44,334557
41681,0.001373,74.125.68.0-255,3961,149407,44,334557
41682,0.001375,172.31.46.0-255,66,149473,44,334557
41683,0.001676,74.125.68.0-255,1484,150957,44,334557
41684,0.001694,74.125.68.0-255,2902,153859,44,334557
41685,0.001698,172.31.46.0-255,66,153925,44,334557
41686,0.001701,74.125.68.0-255,1484,155409,44,334557
41687,0.001717,74.125.68.0-255,1484,156893,44,334557
41688,0.001727,172.31.46.0-255,66,156959,44,334557
41689,0.001734,74.125.68.0-255,4320,161279,44,334557
41690,0.001736,172.31.46.0-255,66,161345,44,334557
41691,0.00175,74.125.68.0-255,1484,162829,44,334557
41692,0.001773,74.125.68.0-255,2902,165731,44,334557
41693,0.001776,172.31.46.0-255,66,165797,44,334557
41694,0.001783,74.125.68.0-255,5738,171535,44,334557
41695,0.001785,172.31.46.0-255,66,171601,44,334557
41696,0.001811,74.125.68.0-255,5738,177339,44,334557
41697,0.001813,172.31.46.0-255,66,177405,44,334557
41698,0.001849,74.125.68.0-255,6438,183843,44,334557
41699,0.001853,172.31.46.0-255,66,183909,44,334557
41700,0.002029,74.125.68.0-255,1484,185393,44,334557
41701,0.002052,74.125.68.0-255,2902,188295,44,334557
41702,0.002055,172.31.46.0-255,66,188361,44,334557
41703,0.002058,74.125.68.0-255,1484,189845,44,334557
41704,0.002097,74.125.68.0-255,5738,195583,44,334557
41705,0.0021,172.31.46.0-255,66,195649,44,334557
41706,0.002122,74.125.68.0-255,4320,199969,44,334557
41707,0.002125,172.31.46.0-255,66,200035,44,334557
41708,0.002142,74.125.68.0-255,1484,201519,44,334557
41709,0.002162,74.125.68.0-255,4320,205839,44,334557
41710,0.002165,172.31.46.0-255,66,205905,44,334557
41711,0.002169,74.125.68.0-255,2902,208807,44,334557
41712,0.002171,172.31.46.0-255,66,208873,44,334557
41713,0.002176,74.125.68.0-255,4320,213193,44,334557
41714,0.002179,172.31.46.0-255,66,213259,44,334557
41715,0.002229,74.125.68.0-255,5020,218279,44,334557
41716,0.002232,172.31.46.0-255,66,218345,44,334557
41717,0.00451,74.125.68.0-255,5738,224083,44,334557
41718,0.004521,172.31.46.0-255,66,224149,44,334557
41719,0.006799,74.125.68.0-255,2902,227051,44,334557
41720,0.006803,172.31.46.0-255,66,227117,44,334557
41721,0.006823,74.125.68.0-255,2902,230019,44,334557
41722,0.006826,172.31.46.0-255,66,230085,44,334557
41723,0.009098,74.125.68.0-255,5738,235823,44,334557
41724,0.009104,172.31.46.0-255,66,235889,44,334557
41725,0.011382,74.125.68.0-255,5738,241627,44,334557
41726,0.011389,172.31.46.0-255,66,241693,44,334557
41727,0.013668,74.125.68.0-255,5738,247431,44,334557
41728,0.013677,172.31.46.0-255,66,247497,44,334557
41729,0.015983,74.125.68.0-255,5738,253235,44,334557
41730,0.015994,172.31.46.0-255,66,253301,44,334557
41731,0.018324,74.125.68.0-255,5738,259039,44,334557
41732,0.018343,172.31.46.0-255,66,259105,44,334557
41733,0.02064,74.125.68.0-255,5738,264843,44,334557
41734,0.020659,172.31.46.0-255,66,264909,44,334557
41735,0.022965,74.125.68.0-255,5738,270647,44,334557
41736,0.022981,172.31.46.0-255,66,270713,44,334557
41737,0.025264,74.125.68.0-255,5738,276451,44,334557
41738,0.025282,172.31.46.0-255,66,276517,44,334557
41739,0.027568,74.125.68.0-255,5738,282255,44,334557
41740,0.027579,172.31.46.0-255,66,282321,44,334557
41741,0.029873,74.125.68.0-255,5738,288059,44,334557
41742,0.029882,172.31.46.0-255,66,288125,44,334557
41743,0.032168,74.125.68.0-255,5738,293863,44,334557
41744,0.032186,172.31.46.0-255,66,293929,44,334557
41745,0.034495,74.125.68.0-255,5738,299667,44,334557
41746,0.034503,172.31.46.0-255,66,299733,44,334557
41747,0.036785,74.125.68.0-255,5738,305471,44,334557
41748,0.036801,172.31.46.0-255,66,305537,44,334557
41749,0.039099,74.125.68.0-255,5738,311275,44,334557
41750,0.03912,172.31.46.0-255,66,311341,44,334557
41751,0.041416,74.125.68.0-255,5738,317079,44,334557
41752,0.041431,172.31.46.0-255,66,317145,44,334557
41753,0.043728,74.125.68.0-255,5738,322883,44,334557
41754,0.043745,172.31.46.0-255,66,322949,44,334557
41755,0.046053,74.125.68.0-255,5738,328687,44,334557
41756,0.046061,172.31.46.0-255,66,328753,44,334557
41757,0.048344,74.125.68.0-255,5738,334491,44,334557
41758,0.048361,172.31.46.0-255,66,334557,44,334557
41759,0.0,172.217.194.0-255,150,150,44,243300
41760,1.7e-05,172.31.46.0-255,66,216,44,243300
41761,2.3e-05,172.217.194.0-255,1484,1700,44,243300
41762,2.6e-05,172.31.46.0-255,66,1766,44,243300
41763,3.2e-05,172.217.194.0-255,2902,4668,44,243300
41764,3.4e-05,172.31.46.0-255,66,4734,44,243300
41765,6.5e-05,172.217.194.0-255,5738,10472,44,243300
41766,6.7e-05,172.31.46.0-255,66,10538,44,243300
41767,8.8e-05,172.217.194.0-255,3394,13932,44,243300
41768,9e-05,172.31.46.0-255,66,13998,44,243300
41769,0.000124,172.217.194.0-255,1484,15482,44,243300
41770,0.000127,172.31.46.0-255,66,15548,44,243300
41771,0.000142,172.217.194.0-255,2902,18450,44,243300
41772,0.000145,172.31.46.0-255,66,18516,44,243300
41773,0.00015,172.217.194.0-255,4320,22836,44,243300
41774,0.000151,172.31.46.0-255,66,22902,44,243300
41775,0.00019,172.217.194.0-255,1484,24386,44,243300
41776,0.000193,172.31.46.0-255,66,24452,44,243300
41777,0.000214,172.217.194.0-255,6797,31249,44,243300
41778,0.000217,172.31.46.0-255,66,31315,44,243300
41779,0.000251,172.217.194.0-255,1484,32799,44,243300
41780,0.000253,172.31.46.0-255,66,32865,44,243300
41781,0.000258,172.217.194.0-255,2902,35767,44,243300
41782,0.00026,172.31.46.0-255,66,35833,44,243300
41783,0.000262,172.217.194.0-255,1484,37317,44,243300
41784,0.000264,172.31.46.0-255,66,37383,44,243300
41785,0.000296,172.217.194.0-255,4320,41703,44,243300
41786,0.000299,172.31.46.0-255,66,41769,44,243300
41787,0.000305,172.217.194.0-255,6797,48566,44,243300
41788,0.000307,172.31.46.0-255,66,48632,44,243300
41789,0.00031,172.217.194.0-255,1484,50116,44,243300
41790,0.000312,172.31.46.0-255,66,50182,44,243300
41791,0.000347,172.31.46.0-255,66,50248,44,243300
41792,0.00035,172.217.194.0-255,2797,53045,44,243300
41793,0.000352,172.31.46.0-255,66,53111,44,243300
41794,0.000375,172.217.194.0-255,433,53544,44,243300
41795,0.000644,172.217.194.0-255,1484,55028,44,243300
41796,0.000649,172.31.46.0-255,66,55094,44,243300
41797,0.000661,172.217.194.0-255,2902,57996,44,243300
41798,0.000663,172.31.46.0-255,66,58062,44,243300
41799,0.000667,172.217.194.0-255,2902,60964,44,243300
41800,0.000668,172.31.46.0-255,66,61030,44,243300
41801,0.000681,172.217.194.0-255,2902,63932,44,243300
41802,0.000682,172.31.46.0-255,66,63998,44,243300
41803,0.000712,172.217.194.0-255,1484,65482,44,243300
41804,0.000715,172.31.46.0-255,66,65548,44,243300
41805,0.000751,172.217.194.0-255,5738,71286,44,243300
41806,0.000766,172.31.46.0-255,66,71352,44,243300
41807,0.000793,172.217.194.0-255,3602,74954,44,243300
41808,0.000796,172.31.46.0-255,66,75020,44,243300
41809,0.001121,172.217.194.0-255,1484,76504,44,243300
41810,0.001126,172.217.194.0-255,1484,77988,44,243300
41811,0.00113,172.31.46.0-255,66,78054,44,243300
41812,0.00115,172.217.194.0-255,1484,79538,44,243300
41813,0.001156,172.217.194.0-255,5738,85276,44,243300
41814,0.001158,172.31.46.0-255,66,85342,44,243300
41815,0.001168,172.31.46.0-255,66,85408,44,243300
41816,0.001181,172.217.194.0-255,4320,89728,44,243300
41817,0.001183,172.31.46.0-255,66,89794,44,243300
41818,0.001201,172.217.194.0-255,1484,91278,44,243300
41819,0.00122,172.217.194.0-255,7156,98434,44,243300
41820,0.001222,172.31.46.0-255,66,98500,44,243300
41821,0.001239,172.217.194.0-255,2184,100684,44,243300
41822,0.001241,172.31.46.0-255,66,100750,44,243300
41823,0.001512,172.217.194.0-255,1484,102234,44,243300
41824,0.001519,172.217.194.0-255,2902,105136,44,243300
41825,0.001523,172.31.46.0-255,66,105202,44,243300
41826,0.001526,172.217.194.0-255,1484,106686,44,243300
41827,0.001542,172.217.194.0-255,4320,111006,44,243300
41828,0.001544,172.31.46.0-255,66,111072,44,243300
41829,0.001564,172.217.194.0-255,5738,116810,44,243300
41830,0.001566,172.31.46.0-255,66,116876,44,243300
41831,0.001587,172.217.194.0-255,7156,124032,44,243300
41832,0.001589,172.31.46.0-255,66,124098,44,243300
41833,0.001604,172.217.194.0-255,1484,125582,44,243300
41834,0.001619,172.217.194.0-255,7156,132738,44,243300
41835,0.001622,172.31.46.0-255,66,132804,44,243300
41836,0.001639,172.217.194.0-255,2184,134988,44,243300
41837,0.001641,172.31.46.0-255,66,135054,44,243300
41838,0.001676,172.217.194.0-255,2902,137956,44,243300
41839,0.001679,172.31.46.0-255,66,138022,44,243300
41840,0.001704,172.31.46.0-255,66,138088,44,243300
41841,0.001714,172.31.46.0-255,66,138154,44,243300
41842,0.001718,172.217.194.0-255,4320,142474,44,243300
41843,0.001721,172.31.46.0-255,66,142540,44,243300
41844,0.001751,172.31.46.0-255,66,142606,44,243300
41845,0.001802,172.217.194.0-255,1484,144090,44,243300
41846,0.001805,172.217.194.0-255,2902,146992,44,243300
41847,0.001807,172.31.46.0-255,66,147058,44,243300
41848,0.001813,172.217.194.0-255,5738,152796,44,243300
41849,0.001815,172.31.46.0-255,66,152862,44,243300
41850,0.001826,172.31.46.0-255,66,152928,44,243300
41851,0.001836,172.31.46.0-255,66,152994,44,243300
41852,0.001872,172.217.194.0-255,2184,155178,44,243300
41853,0.001874,172.31.46.0-255,66,155244,44,243300
41854,0.00196,172.217.194.0-255,1484,156728,44,243300
41855,0.001973,172.217.194.0-255,2902,159630,44,243300
41856,0.001977,172.217.194.0-255,4320,163950,44,243300
41857,0.001991,172.217.194.0-255,1484,165434,44,243300
41858,0.002003,172.217.194.0-255,4320,169754,44,243300
41859,0.002029,172.217.194.0-255,4320,174074,44,243300
41860,0.002045,172.217.194.0-255,6438,180512,44,243300
41861,0.002186,172.217.194.0-255,1484,181996,44,243300
41862,0.002197,172.217.194.0-255,2902,184898,44,243300
41863,0.002201,172.217.194.0-255,2902,187800,44,243300
41864,0.002212,172.217.194.0-255,2902,190702,44,243300
41865,0.002236,172.217.194.0-255,5738,196440,44,243300
41866,0.002258,172.217.194.0-255,7156,203596,44,243300
41867,0.002261,172.217.194.0-255,1484,205080,44,243300
41868,0.002292,172.217.194.0-255,5738,210818,44,243300
41869,0.00231,172.217.194.0-255,6438,217256,44,243300
41870,0.002334,172.217.194.0-255,2902,220158,44,243300
41871,0.002337,172.217.194.0-255,2902,223060,44,243300
41872,0.002351,172.217.194.0-255,7156,230216,44,243300
41873,0.002368,172.217.194.0-255,1484,231700,44,243300
41874,0.00241,172.217.194.0-255,2071,233771,44,243300
41875,0.00245,172.217.194.0-255,105,233876,44,243300
41876,0.005158,172.31.46.0-255,66,233942,44,243300
41877,0.007842,172.31.46.0-255,105,234047,44,243300
41878,0.010366,172.217.194.0-255,66,234113,44,243300
41879,0.034011,172.31.46.0-255,167,234280,44,243300
41880,0.034054,172.31.46.0-255,1113,235393,44,243300
41881,0.034109,172.31.46.0-255,1514,236907,44,243300
41882,0.034111,172.31.46.0-255,1514,238421,44,243300
41883,0.034115,172.31.46.0-255,1514,239935,44,243300
41884,0.034116,172.31.46.0-255,1514,241449,44,243300
41885,0.034133,172.31.46.0-255,1514,242963,44,243300
41886,0.034134,172.31.46.0-255,73,243036,44,243300
41887,0.035568,104.244.42.0-255,66,243102,44,243300
41888,0.035601,104.244.42.0-255,66,243168,44,243300
41889,0.035645,104.244.42.0-255,66,243234,44,243300
41890,0.035687,104.244.42.0-255,66,243300,44,243300
41891,0.0,74.125.24.0-255,153,153,44,223853
41892,1.6e-05,172.31.46.0-255,66,219,44,223853
41893,2.2e-05,74.125.24.0-255,1484,1703,44,223853
41894,2.7e-05,172.31.46.0-255,66,1769,44,223853
41895,3.3e-05,74.125.24.0-255,2902,4671,44,223853
41896,3.6e-05,172.31.46.0-255,66,4737,44,223853
41897,4.1e-05,74.125.24.0-255,2902,7639,44,223853
41898,4.3e-05,172.31.46.0-255,66,7705,44,223853
41899,6.4e-05,74.125.24.0-255,4320,12025,44,223853
41900,6.7e-05,172.31.46.0-255,66,12091,44,223853
41901,7.1e-05,74.125.24.0-255,1484,13575,44,223853
41902,7.3e-05,172.31.46.0-255,66,13641,44,223853
41903,0.000111,172.31.46.0-255,66,13707,44,223853
41904,0.000114,74.125.24.0-255,1484,15191,44,223853
41905,0.000116,172.31.46.0-255,66,15257,44,223853
41906,0.000158,172.31.46.0-255,66,15323,44,223853
41907,0.000183,74.125.24.0-255,1484,16807,44,223853
41908,0.000185,172.31.46.0-255,66,16873,44,223853
41909,0.000207,74.125.24.0-255,2902,19775,44,223853
41910,0.00021,172.31.46.0-255,66,19841,44,223853
41911,0.000216,74.125.24.0-255,5738,25579,44,223853
41912,0.000218,172.31.46.0-255,66,25645,44,223853
41913,0.00027,74.125.24.0-255,6797,32442,44,223853
41914,0.000274,172.31.46.0-255,66,32508,44,223853
41915,0.000687,74.125.24.0-255,1484,33992,44,223853
41916,0.000692,172.31.46.0-255,66,34058,44,223853
41917,0.000698,74.125.24.0-255,2902,36960,44,223853
41918,0.0007,172.31.46.0-255,66,37026,44,223853
41919,0.000705,74.125.24.0-255,2902,39928,44,223853
41920,0.000707,172.31.46.0-255,66,39994,44,223853
41921,0.000731,74.125.24.0-255,2902,42896,44,223853
41922,0.000734,172.31.46.0-255,66,42962,44,223853
41923,0.00074,74.125.24.0-255,4320,47282,44,223853
41924,0.000742,172.31.46.0-255,66,47348,44,223853
41925,0.000773,74.125.24.0-255,2543,49891,44,223853
41926,0.000776,172.31.46.0-255,66,49957,44,223853
41927,0.000785,74.125.24.0-255,7156,57113,44,223853
41928,0.000787,172.31.46.0-255,66,57179,44,223853
41929,0.000804,172.31.46.0-255,66,57245,44,223853
41930,0.000814,172.31.46.0-255,66,57311,44,223853
41931,0.000839,74.125.24.0-255,2184,59495,44,223853
41932,0.000842,172.31.46.0-255,66,59561,44,223853
41933,0.000872,74.125.24.0-255,2902,62463,44,223853
41934,0.000876,172.31.46.0-255,66,62529,44,223853
41935,0.000894,74.125.24.0-255,1484,64013,44,223853
41936,0.000915,74.125.24.0-255,5738,69751,44,223853
41937,0.000918,172.31.46.0-255,66,69817,44,223853
41938,0.000948,74.125.24.0-255,6814,76631,44,223853
41939,0.000951,172.31.46.0-255,66,76697,44,223853
41940,0.001079,74.125.24.0-255,1484,78181,44,223853
41941,0.001085,74.125.24.0-255,2902,81083,44,223853
41942,0.001089,172.31.46.0-255,66,81149,44,223853
41943,0.00112,74.125.24.0-255,1484,82633,44,223853
41944,0.001136,74.125.24.0-255,4320,86953,44,223853
41945,0.001139,172.31.46.0-255,66,87019,44,223853
41946,0.001146,74.125.24.0-255,7156,94175,44,223853
41947,0.001148,172.31.46.0-255,66,94241,44,223853
41948,0.001171,74.125.24.0-255,5738,99979,44,223853
41949,0.001174,172.31.46.0-255,66,100045,44,223853
41950,0.001181,74.125.24.0-255,7156,107201,44,223853
41951,0.001183,172.31.46.0-255,66,107267,44,223853
41952,0.001204,74.125.24.0-255,3602,110869,44,223853
41953,0.001207,172.31.46.0-255,66,110935,44,223853
41954,0.001258,74.125.24.0-255,1484,112419,44,223853
41955,0.001262,74.125.24.0-255,1484,113903,44,223853
41956,0.001265,172.31.46.0-255,66,113969,44,223853
41957,0.001283,74.125.24.0-255,1484,115453,44,223853
41958,0.00129,74.125.24.0-255,5738,121191,44,223853
41959,0.001292,172.31.46.0-255,66,121257,44,223853
41960,0.001298,74.125.24.0-255,4320,125577,44,223853
41961,0.0013,172.31.46.0-255,66,125643,44,223853
41962,0.001317,74.125.24.0-255,4320,129963,44,223853
41963,0.001319,172.31.46.0-255,66,130029,44,223853
41964,0.001342,74.125.24.0-255,5738,135767,44,223853
41965,0.001344,172.31.46.0-255,66,135833,44,223853
41966,0.00139,172.31.46.0-255,66,135899,44,223853
41967,0.001401,172.31.46.0-255,66,135965,44,223853
41968,0.001452,74.125.24.0-255,1484,137449,44,223853
41969,0.001462,172.31.46.0-255,66,137515,44,223853
41970,0.001472,74.125.24.0-255,2902,140417,44,223853
41971,0.001478,74.125.24.0-255,5738,146155,44,223853
41972,0.001483,172.31.46.0-255,66,146221,44,223853
41973,0.001538,172.31.46.0-255,66,146287,44,223853
41974,0.001551,74.125.24.0-255,1484,147771,44,223853
41975,0.001568,74.125.24.0-255,2184,149955,44,223853
41976,0.001574,172.31.46.0-255,66,150021,44,223853
41977,0.001592,74.125.24.0-255,4320,154341,44,223853
41978,0.001596,74.125.24.0-255,1484,155825,44,223853
41979,0.001607,172.31.46.0-255,66,155891,44,223853
41980,0.001629,74.125.24.0-255,1484,157375,44,223853
41981,0.001632,74.125.24.0-255,1484,158859,44,223853
41982,0.001645,74.125.24.0-255,1484,160343,44,223853
41983,0.001651,74.125.24.0-255,5738,166081,44,223853
41984,0.001657,172.31.46.0-255,66,166147,44,223853
41985,0.001705,74.125.24.0-255,7156,173303,44,223853
41986,0.001715,172.31.46.0-255,66,173369,44,223853
41987,0.001786,74.125.24.0-255,6438,179807,44,223853
41988,0.001801,172.31.46.0-255,66,179873,44,223853
41989,0.001884,74.125.24.0-255,1484,181357,44,223853
41990,0.001902,74.125.24.0-255,2902,184259,44,223853
41991,0.001921,74.125.24.0-255,5738,189997,44,223853
41992,0.001927,172.31.46.0-255,66,190063,44,223853
41993,0.001935,74.125.24.0-255,1484,191547,44,223853
41994,0.001967,74.125.24.0-255,115,191662,44,223853
41995,0.00198,172.31.46.0-255,66,191728,44,223853
41996,0.001993,74.125.24.0-255,5738,197466,44,223853
41997,0.001996,172.31.46.0-255,66,197532,44,223853
41998,0.002013,74.125.24.0-255,1484,199016,44,223853
41999,0.002045,172.31.46.0-255,66,199082,44,223853
42000,0.002104,74.125.24.0-255,1484,200566,44,223853
42001,0.002124,74.125.24.0-255,2902,203468,44,223853
42002,0.00213,74.125.24.0-255,5738,209206,44,223853
42003,0.002134,74.125.24.0-255,2902,212108,44,223853
42004,0.002171,74.125.24.0-255,1979,214087,44,223853
42005,0.002196,74.125.24.0-255,105,214192,44,223853
42006,0.002963,172.31.46.0-255,66,214258,44,223853
42007,0.010204,172.31.46.0-255,101,214359,44,223853
42008,0.010777,172.31.46.0-255,105,214464,44,223853
42009,0.0128,74.125.24.0-255,66,214530,44,223853
42010,0.013345,74.125.24.0-255,66,214596,44,223853
42011,0.039193,172.31.46.0-255,172,214768,44,223853
42012,0.039231,172.31.46.0-255,1114,215882,44,223853
42013,0.039298,172.31.46.0-255,1514,217396,44,223853
42014,0.0393,172.31.46.0-255,1514,218910,44,223853
42015,0.039306,172.31.46.0-255,1514,220424,44,223853
42016,0.039307,172.31.46.0-255,1514,221938,44,223853
42017,0.039325,172.31.46.0-255,1514,223452,44,223853
42018,0.039327,172.31.46.0-255,71,223523,44,223853
42019,0.040769,104.244.42.0-255,66,223589,44,223853
42020,0.040861,104.244.42.0-255,66,223655,44,223853
42021,0.040866,104.244.42.0-255,66,223721,44,223853
42022,0.041043,104.244.42.0-255,66,223787,44,223853
42023,0.041089,104.244.42.0-255,66,223853,44,223853
42024,0.0,172.217.27.0-255,146,146,44,223924
42025,2.4e-05,172.31.46.0-255,66,212,44,223924
42026,3e-05,172.217.27.0-255,1484,1696,44,223924
42027,3.4e-05,172.31.46.0-255,66,1762,44,223924
42028,4e-05,172.217.27.0-255,2902,4664,44,223924
42029,4.5e-05,172.31.46.0-255,66,4730,44,223924
42030,4.8e-05,172.217.27.0-255,1484,6214,44,223924
42031,5.1e-05,172.31.46.0-255,66,6280,44,223924
42032,8e-05,172.217.27.0-255,4320,10600,44,223924
42033,8.4e-05,172.31.46.0-255,66,10666,44,223924
42034,0.000141,172.217.27.0-255,3395,14061,44,223924
42035,0.000145,172.31.46.0-255,66,14127,44,223924
42036,0.000204,172.217.27.0-255,4320,18447,44,223924
42037,0.000207,172.31.46.0-255,66,18513,44,223924
42038,0.000288,172.217.27.0-255,5738,24251,44,223924
42039,0.000291,172.31.46.0-255,66,24317,44,223924
42040,0.000304,172.217.27.0-255,4320,28637,44,223924
42041,0.000307,172.31.46.0-255,66,28703,44,223924
42042,0.000397,172.217.27.0-255,2543,31246,44,223924
42043,0.0004,172.31.46.0-255,66,31312,44,223924
42044,0.000445,172.217.27.0-255,1484,32796,44,223924
42045,0.000448,172.31.46.0-255,66,32862,44,223924
42046,0.000453,172.217.27.0-255,2902,35764,44,223924
42047,0.000455,172.31.46.0-255,66,35830,44,223924
42048,0.000505,172.217.27.0-255,4320,40150,44,223924
42049,0.000508,172.31.46.0-255,66,40216,44,223924
42050,0.000526,172.217.27.0-255,1484,41700,44,223924
42051,0.000528,172.31.46.0-255,66,41766,44,223924
42052,0.000576,172.217.27.0-255,2902,44668,44,223924
42053,0.000579,172.31.46.0-255,66,44734,44,223924
42054,0.000611,172.217.27.0-255,1484,46218,44,223924
42055,0.000614,172.31.46.0-255,66,46284,44,223924
42056,0.000771,172.217.27.0-255,1484,47768,44,223924
42057,0.000795,172.217.27.0-255,4320,52088,44,223924
42058,0.000814,172.217.27.0-255,3961,56049,44,223924
42059,0.000932,172.31.46.0-255,66,56115,44,223924
42060,0.000951,172.217.27.0-255,356,56471,44,223924
42061,0.000955,172.217.27.0-255,387,56858,44,223924
42062,0.001097,172.217.27.0-255,1484,58342,44,223924
42063,0.001113,172.217.27.0-255,2902,61244,44,223924
42064,0.001134,172.217.27.0-255,1484,62728,44,223924
42065,0.001162,172.217.27.0-255,4320,67048,44,223924
42066,0.001224,172.217.27.0-255,2902,69950,44,223924
42067,0.001232,172.31.46.0-255,66,70016,44,223924
42068,0.001242,172.217.27.0-255,3961,73977,44,223924
42069,0.001248,172.31.46.0-255,66,74043,44,223924
42070,0.00133,172.217.27.0-255,4320,78363,44,223924
42071,0.001348,172.217.27.0-255,2902,81265,44,223924
42072,0.001356,172.31.46.0-255,66,81331,44,223924
42073,0.001448,172.217.27.0-255,1125,82456,44,223924
42074,0.00146,172.31.46.0-255,66,82522,44,223924
42075,0.002069,172.217.27.0-255,1484,84006,44,223924
42076,0.002152,172.217.27.0-255,1484,85490,44,223924
42077,0.002157,172.31.46.0-255,66,85556,44,223924
42078,0.002162,172.217.27.0-255,2902,88458,44,223924
42079,0.002168,172.217.27.0-255,5738,94196,44,223924
42080,0.002245,172.31.46.0-255,66,94262,44,223924
42081,0.002257,172.217.27.0-255,4320,98582,44,223924
42082,0.002261,172.31.46.0-255,66,98648,44,223924
42083,0.002275,172.217.27.0-255,5738,104386,44,223924
42084,0.002289,172.217.27.0-255,2902,107288,44,223924
42085,0.002299,172.31.46.0-255,66,107354,44,223924
42086,0.002462,172.217.27.0-255,1484,108838,44,223924
42087,0.002512,172.217.27.0-255,4320,113158,44,223924
42088,0.002516,172.31.46.0-255,66,113224,44,223924
42089,0.002571,172.217.27.0-255,3602,116826,44,223924
42090,0.002582,172.31.46.0-255,66,116892,44,223924
42091,0.002623,172.217.27.0-255,2902,119794,44,223924
42092,0.002631,172.31.46.0-255,66,119860,44,223924
42093,0.002648,172.217.27.0-255,7156,127016,44,223924
42094,0.002668,172.31.46.0-255,66,127082,44,223924
42095,0.002809,172.217.27.0-255,1484,128566,44,223924
42096,0.00284,172.217.27.0-255,7156,135722,44,223924
42097,0.002843,172.31.46.0-255,66,135788,44,223924
42098,0.002867,172.217.27.0-255,7156,142944,44,223924
42099,0.003077,172.217.27.0-255,5738,148682,44,223924
42100,0.003098,172.217.27.0-255,2184,150866,44,223924
42101,0.00338,172.217.27.0-255,4320,155186,44,223924
42102,0.003425,172.217.27.0-255,3602,158788,44,223924
42103,0.00367,172.217.27.0-255,4320,163108,44,223924
42104,0.00371,172.217.27.0-255,5738,168846,44,223924
42105,0.003725,172.217.27.0-255,3602,172448,44,223924
42106,0.003944,172.217.27.0-255,4320,176768,44,223924
42107,0.004094,172.217.27.0-255,4320,181088,44,223924
42108,0.004787,172.217.27.0-255,4320,185408,44,223924
42109,0.008209,172.31.46.0-255,66,185474,44,223924
42110,0.010167,172.217.27.0-255,4320,189794,44,223924
42111,0.010172,172.31.46.0-255,66,189860,44,223924
42112,0.010193,172.217.27.0-255,5738,195598,44,223924
42113,0.010237,172.217.27.0-255,7156,202754,44,223924
42114,0.01025,172.217.27.0-255,7156,209910,44,223924
42115,0.010273,172.217.27.0-255,2902,212812,44,223924
42116,0.010285,172.217.27.0-255,2909,215721,44,223924
42117,0.010707,172.31.46.0-255,66,215787,44,223924
42118,0.011687,172.31.46.0-255,105,215892,44,223924
42119,0.013835,172.217.27.0-255,66,215958,44,223924
42120,0.042455,172.31.46.0-255,175,216133,44,223924
42121,0.042487,172.31.46.0-255,1137,217270,44,223924
42122,0.042551,172.31.46.0-255,1514,218784,44,223924
42123,0.042553,172.31.46.0-255,1514,220298,44,223924
42124,0.042555,172.31.46.0-255,1514,221812,44,223924
42125,0.042556,172.31.46.0-255,1514,223326,44,223924
42126,0.042582,172.31.46.0-255,334,223660,44,223924
42127,0.044009,104.244.42.0-255,66,223726,44,223924
42128,0.044022,104.244.42.0-255,66,223792,44,223924
42129,0.044107,104.244.42.0-255,66,223858,44,223924
42130,0.044112,104.244.42.0-255,66,223924,44,223924
42131,0.0,74.125.24.0-255,162,162,44,215900
42132,1.7e-05,172.31.46.0-255,66,228,44,215900
42133,2.4e-05,74.125.24.0-255,1484,1712,44,215900
42134,2.8e-05,172.31.46.0-255,66,1778,44,215900
42135,4.2e-05,74.125.24.0-255,2902,4680,44,215900
42136,4.5e-05,172.31.46.0-255,66,4746,44,215900
42137,5.3e-05,74.125.24.0-255,7156,11902,44,215900
42138,5.6e-05,172.31.46.0-255,66,11968,44,215900
42139,6.1e-05,74.125.24.0-255,2111,14079,44,215900
42140,6.3e-05,172.31.46.0-255,66,14145,44,215900
42141,6.8e-05,74.125.24.0-255,2902,17047,44,215900
42142,7e-05,172.31.46.0-255,66,17113,44,215900
42143,9.9e-05,74.125.24.0-255,7156,24269,44,215900
42144,0.000108,172.31.46.0-255,66,24335,44,215900
42145,0.000114,74.125.24.0-255,4320,28655,44,215900
42146,0.000116,172.31.46.0-255,66,28721,44,215900
42147,0.000148,74.125.24.0-255,4320,33041,44,215900
42148,0.00015,172.31.46.0-255,66,33107,44,215900
42149,0.000157,74.125.24.0-255,5738,38845,44,215900
42150,0.000159,172.31.46.0-255,66,38911,44,215900
42151,0.000194,172.31.46.0-255,66,38977,44,215900
42152,0.000218,74.125.24.0-255,1484,40461,44,215900
42153,0.00022,172.31.46.0-255,66,40527,44,215900
42154,0.000225,74.125.24.0-255,2902,43429,44,215900
42155,0.000227,172.31.46.0-255,66,43495,44,215900
42156,0.000232,74.125.24.0-255,2902,46397,44,215900
42157,0.000234,172.31.46.0-255,66,46463,44,215900
42158,0.000263,74.125.24.0-255,2902,49365,44,215900
42159,0.000266,172.31.46.0-255,66,49431,44,215900
42160,0.000271,74.125.24.0-255,4320,53751,44,215900
42161,0.000274,172.31.46.0-255,66,53817,44,215900
42162,0.000303,74.125.24.0-255,2813,56630,44,215900
42163,0.000305,172.31.46.0-255,66,56696,44,215900
42164,0.000328,74.125.24.0-255,132,56828,44,215900
42165,0.000407,74.125.24.0-255,1484,58312,44,215900
42166,0.000412,172.31.46.0-255,66,58378,44,215900
42167,0.000416,74.125.24.0-255,1484,59862,44,215900
42168,0.000438,74.125.24.0-255,1484,61346,44,215900
42169,0.000441,172.31.46.0-255,66,61412,44,215900
42170,0.000445,74.125.24.0-255,1484,62896,44,215900
42171,0.000455,172.31.46.0-255,66,62962,44,215900
42172,0.000459,74.125.24.0-255,2543,65505,44,215900
42173,0.000461,172.31.46.0-255,66,65571,44,215900
42174,0.000465,74.125.24.0-255,2902,68473,44,215900
42175,0.000467,172.31.46.0-255,66,68539,44,215900
42176,0.000504,74.125.24.0-255,7156,75695,44,215900
42177,0.000507,172.31.46.0-255,66,75761,44,215900
42178,0.000514,74.125.24.0-255,6797,82558,44,215900
42179,0.000516,172.31.46.0-255,66,82624,44,215900
42180,0.000554,74.125.24.0-255,7156,89780,44,215900
42181,0.000557,172.31.46.0-255,66,89846,44,215900
42182,0.000562,74.125.24.0-255,2902,92748,44,215900
42183,0.000563,172.31.46.0-255,66,92814,44,215900
42184,0.000594,172.31.46.0-255,66,92880,44,215900
42185,0.000623,74.125.24.0-255,7156,100036,44,215900
42186,0.000625,172.31.46.0-255,66,100102,44,215900
42187,0.000657,172.31.46.0-255,66,100168,44,215900
42188,0.000728,172.31.46.0-255,66,100234,44,215900
42189,0.000743,172.31.46.0-255,66,100300,44,215900
42190,0.000749,74.125.24.0-255,6438,106738,44,215900
42191,0.000752,172.31.46.0-255,66,106804,44,215900
42192,0.000783,74.125.24.0-255,4320,111124,44,215900
42193,0.000785,172.31.46.0-255,66,111190,44,215900
42194,0.000813,172.31.46.0-255,66,111256,44,215900
42195,0.000837,74.125.24.0-255,4320,115576,44,215900
42196,0.00084,172.31.46.0-255,66,115642,44,215900
42197,0.000858,172.31.46.0-255,66,115708,44,215900
42198,0.000902,172.31.46.0-255,66,115774,44,215900
42199,0.000919,172.31.46.0-255,66,115840,44,215900
42200,0.000944,74.125.24.0-255,1484,117324,44,215900
42201,0.000956,172.31.46.0-255,66,117390,44,215900
42202,0.001455,74.125.24.0-255,1484,118874,44,215900
42203,0.001469,74.125.24.0-255,2902,121776,44,215900
42204,0.001473,172.31.46.0-255,66,121842,44,215900
42205,0.001477,74.125.24.0-255,1484,123326,44,215900
42206,0.001501,74.125.24.0-255,4320,127646,44,215900
42207,0.001503,172.31.46.0-255,66,127712,44,215900
42208,0.001545,172.31.46.0-255,66,127778,44,215900
42209,0.001549,74.125.24.0-255,2902,130680,44,215900
42210,0.001551,172.31.46.0-255,66,130746,44,215900
42211,0.001591,172.31.46.0-255,66,130812,44,215900
42212,0.001659,74.125.24.0-255,1484,132296,44,215900
42213,0.001664,74.125.24.0-255,2902,135198,44,215900
42214,0.001667,172.31.46.0-255,66,135264,44,215900
42215,0.001674,74.125.24.0-255,5738,141002,44,215900
42216,0.001676,172.31.46.0-255,66,141068,44,215900
42217,0.001679,74.125.24.0-255,1484,142552,44,215900
42218,0.001706,74.125.24.0-255,2902,145454,44,215900
42219,0.001709,172.31.46.0-255,66,145520,44,215900
42220,0.001734,74.125.24.0-255,5738,151258,44,215900
42221,0.001736,172.31.46.0-255,66,151324,44,215900
42222,0.001742,74.125.24.0-255,2902,154226,44,215900
42223,0.001744,172.31.46.0-255,66,154292,44,215900
42224,0.001777,172.31.46.0-255,66,154358,44,215900
42225,0.001795,74.125.24.0-255,4320,158678,44,215900
42226,0.001802,172.31.46.0-255,66,158744,44,215900
42227,0.001833,172.31.46.0-255,66,158810,44,215900
42228,0.001881,172.31.46.0-255,66,158876,44,215900
42229,0.001906,74.125.24.0-255,2902,161778,44,215900
42230,0.001909,172.31.46.0-255,66,161844,44,215900
42231,0.001916,74.125.24.0-255,6438,168282,44,215900
42232,0.001919,172.31.46.0-255,66,168348,44,215900
42233,0.001921,74.125.24.0-255,1484,169832,44,215900
42234,0.001926,74.125.24.0-255,2902,172734,44,215900
42235,0.001928,172.31.46.0-255,66,172800,44,215900
42236,0.001934,74.125.24.0-255,5738,178538,44,215900
42237,0.001936,172.31.46.0-255,66,178604,44,215900
42238,0.00198,172.31.46.0-255,66,178670,44,215900
42239,0.001987,74.125.24.0-255,5738,184408,44,215900
42240,0.001989,172.31.46.0-255,66,184474,44,215900
42241,0.002028,74.125.24.0-255,5738,190212,44,215900
42242,0.002031,172.31.46.0-255,66,190278,44,215900
42243,0.002037,74.125.24.0-255,3602,193880,44,215900
42244,0.002039,172.31.46.0-255,66,193946,44,215900
42245,0.002062,74.125.24.0-255,2902,196848,44,215900
42246,0.002064,172.31.46.0-255,66,196914,44,215900
42247,0.002077,74.125.24.0-255,4320,201234,44,215900
42248,0.002079,172.31.46.0-255,66,201300,44,215900
42249,0.002117,74.125.24.0-255,1484,202784,44,215900
42250,0.002131,74.125.24.0-255,3502,206286,44,215900
42251,0.002137,172.31.46.0-255,66,206352,44,215900
42252,0.002218,74.125.24.0-255,105,206457,44,215900
42253,0.009011,172.31.46.0-255,66,206523,44,215900
42254,0.009052,172.31.46.0-255,105,206628,44,215900
42255,0.0113,74.125.24.0-255,66,206694,44,215900
42256,0.033485,172.31.46.0-255,188,206882,44,215900
42257,0.03352,172.31.46.0-255,955,207837,44,215900
42258,0.033598,172.31.46.0-255,1514,209351,44,215900
42259,0.0336,172.31.46.0-255,1514,210865,44,215900
42260,0.033601,172.31.46.0-255,1514,212379,44,215900
42261,0.033603,172.31.46.0-255,1514,213893,44,215900
42262,0.033634,172.31.46.0-255,1514,215407,44,215900
42263,0.033636,172.31.46.0-255,229,215636,44,215900
42264,0.035021,104.244.42.0-255,66,215702,44,215900
42265,0.035063,104.244.42.0-255,66,215768,44,215900
42266,0.035168,104.244.42.0-255,66,215834,44,215900
42267,0.035228,104.244.42.0-255,66,215900,44,215900
42268,0.0,74.125.200.0-255,146,146,44,244129
42269,2.4e-05,172.31.46.0-255,66,212,44,244129
42270,3.1e-05,74.125.200.0-255,1484,1696,44,244129
42271,3.7e-05,172.31.46.0-255,66,1762,44,244129
42272,4.2e-05,74.125.200.0-255,2902,4664,44,244129
42273,4.5e-05,172.31.46.0-255,66,4730,44,244129
42274,5.1e-05,74.125.200.0-255,4320,9050,44,244129
42275,5.4e-05,172.31.46.0-255,66,9116,44,244129
42276,6.1e-05,74.125.200.0-255,4774,13890,44,244129
42277,6.3e-05,172.31.46.0-255,66,13956,44,244129
42278,0.000104,74.125.200.0-255,1484,15440,44,244129
42279,0.000107,172.31.46.0-255,66,15506,44,244129
42280,0.00011,74.125.200.0-255,1484,16990,44,244129
42281,0.000112,172.31.46.0-255,66,17056,44,244129
42282,0.000129,74.125.200.0-255,1484,18540,44,244129
42283,0.000131,172.31.46.0-255,66,18606,44,244129
42284,0.000138,74.125.200.0-255,5738,24344,44,244129
42285,0.00014,172.31.46.0-255,66,24410,44,244129
42286,0.000158,74.125.200.0-255,2902,27312,44,244129
42287,0.000161,172.31.46.0-255,66,27378,44,244129
42288,0.000205,74.125.200.0-255,1484,28862,44,244129
42289,0.000208,172.31.46.0-255,66,28928,44,244129
42290,0.00023,74.125.200.0-255,2543,31471,44,244129
42291,0.000232,172.31.46.0-255,66,31537,44,244129
42292,0.000239,74.125.200.0-255,4320,35857,44,244129
42293,0.000241,172.31.46.0-255,66,35923,44,244129
42294,0.000247,74.125.200.0-255,4320,40243,44,244129
42295,0.000249,172.31.46.0-255,66,40309,44,244129
42296,0.000278,74.125.200.0-255,5738,46047,44,244129
42297,0.000281,172.31.46.0-255,66,46113,44,244129
42298,0.000295,74.125.200.0-255,2543,48656,44,244129
42299,0.000298,172.31.46.0-255,66,48722,44,244129
42300,0.000343,74.125.200.0-255,1484,50206,44,244129
42301,0.00036,74.125.200.0-255,2902,53108,44,244129
42302,0.000363,172.31.46.0-255,66,53174,44,244129
42303,0.000387,74.125.200.0-255,5738,58912,44,244129
42304,0.00039,172.31.46.0-255,66,58978,44,244129
42305,0.000397,74.125.200.0-255,6797,65775,44,244129
42306,0.000399,172.31.46.0-255,66,65841,44,244129
42307,0.000436,74.125.200.0-255,398,66239,44,244129
42308,0.00054,74.125.200.0-255,112,66351,44,244129
42309,0.000645,74.125.200.0-255,1484,67835,44,244129
42310,0.000649,172.31.46.0-255,66,67901,44,244129
42311,0.000656,74.125.200.0-255,2902,70803,44,244129
42312,0.000658,172.31.46.0-255,66,70869,44,244129
42313,0.000676,74.125.200.0-255,4320,75189,44,244129
42314,0.000679,172.31.46.0-255,66,75255,44,244129
42315,0.000695,74.125.200.0-255,1484,76739,44,244129
42316,0.0007,74.125.200.0-255,2902,79641,44,244129
42317,0.000702,172.31.46.0-255,66,79707,44,244129
42318,0.000722,74.125.200.0-255,3961,83668,44,244129
42319,0.000725,172.31.46.0-255,66,83734,44,244129
42320,0.00076,74.125.200.0-255,1484,85218,44,244129
42321,0.000764,74.125.200.0-255,1484,86702,44,244129
42322,0.000767,172.31.46.0-255,66,86768,44,244129
42323,0.000786,74.125.200.0-255,1484,88252,44,244129
42324,0.000793,74.125.200.0-255,5738,93990,44,244129
42325,0.000795,172.31.46.0-255,66,94056,44,244129
42326,0.000801,74.125.200.0-255,4320,98376,44,244129
42327,0.000803,172.31.46.0-255,66,98442,44,244129
42328,0.000847,74.125.200.0-255,2543,100985,44,244129
42329,0.00085,172.31.46.0-255,66,101051,44,244129
42330,0.002902,74.125.200.0-255,2902,103953,44,244129
42331,0.00291,172.31.46.0-255,66,104019,44,244129
42332,0.002951,74.125.200.0-255,2902,106921,44,244129
42333,0.002954,172.31.46.0-255,66,106987,44,244129
42334,0.005002,74.125.200.0-255,2902,109889,44,244129
42335,0.005005,172.31.46.0-255,66,109955,44,244129
42336,0.005037,74.125.200.0-255,2902,112857,44,244129
42337,0.00504,172.31.46.0-255,66,112923,44,244129
42338,0.007099,74.125.200.0-255,2902,115825,44,244129
42339,0.007106,172.31.46.0-255,66,115891,44,244129
42340,0.007124,74.125.200.0-255,2902,118793,44,244129
42341,0.007126,172.31.46.0-255,66,118859,44,244129
42342,0.009207,74.125.200.0-255,5738,124597,44,244129
42343,0.009214,172.31.46.0-255,66,124663,44,244129
42344,0.011304,74.125.200.0-255,5738,130401,44,244129
42345,0.011313,172.31.46.0-255,66,130467,44,244129
42346,0.013427,74.125.200.0-255,5738,136205,44,244129
42347,0.013436,172.31.46.0-255,66,136271,44,244129
42348,0.015535,74.125.200.0-255,5738,142009,44,244129
42349,0.015546,172.31.46.0-255,66,142075,44,244129
42350,0.017638,74.125.200.0-255,5738,147813,44,244129
42351,0.017647,172.31.46.0-255,66,147879,44,244129
42352,0.019747,74.125.200.0-255,5738,153617,44,244129
42353,0.019756,172.31.46.0-255,66,153683,44,244129
42354,0.021866,74.125.200.0-255,5738,159421,44,244129
42355,0.021873,172.31.46.0-255,66,159487,44,244129
42356,0.023965,74.125.200.0-255,5738,165225,44,244129
42357,0.023973,172.31.46.0-255,66,165291,44,244129
42358,0.026078,74.125.200.0-255,5738,171029,44,244129
42359,0.026085,172.31.46.0-255,66,171095,44,244129
42360,0.028198,74.125.200.0-255,5738,176833,44,244129
42361,0.028207,172.31.46.0-255,66,176899,44,244129
42362,0.030319,74.125.200.0-255,5738,182637,44,244129
42363,0.030327,172.31.46.0-255,66,182703,44,244129
42364,0.032375,172.31.46.0-255,172,182875,44,244129
42365,0.032406,172.31.46.0-255,1109,183984,44,244129
42366,0.032428,74.125.200.0-255,5738,189722,44,244129
42367,0.032432,172.31.46.0-255,66,189788,44,244129
42368,0.032535,172.31.46.0-255,1514,191302,44,244129
42369,0.032537,172.31.46.0-255,1514,192816,44,244129
42370,0.032541,172.31.46.0-255,1514,194330,44,244129
42371,0.032542,172.31.46.0-255,1514,195844,44,244129
42372,0.03256,172.31.46.0-255,1514,197358,44,244129
42373,0.032561,172.31.46.0-255,75,197433,44,244129
42374,0.033923,104.244.42.0-255,66,197499,44,244129
42375,0.033963,104.244.42.0-255,66,197565,44,244129
42376,0.034107,104.244.42.0-255,66,197631,44,244129
42377,0.034128,104.244.42.0-255,66,197697,44,244129
42378,0.034519,74.125.200.0-255,5738,203435,44,244129
42379,0.034527,172.31.46.0-255,66,203501,44,244129
42380,0.03663,74.125.200.0-255,5738,209239,44,244129
42381,0.036638,172.31.46.0-255,66,209305,44,244129
42382,0.038764,74.125.200.0-255,5738,215043,44,244129
42383,0.038773,172.31.46.0-255,66,215109,44,244129
42384,0.04089,74.125.200.0-255,5738,220847,44,244129
42385,0.040897,172.31.46.0-255,66,220913,44,244129
42386,0.043011,74.125.200.0-255,5738,226651,44,244129
42387,0.043016,172.31.46.0-255,66,226717,44,244129
42388,0.045115,74.125.200.0-255,5738,232455,44,244129
42389,0.04512,172.31.46.0-255,66,232521,44,244129
42390,0.047229,74.125.200.0-255,5738,238259,44,244129
42391,0.047236,172.31.46.0-255,66,238325,44,244129
42392,0.049345,74.125.200.0-255,5738,244063,44,244129
42393,0.049351,172.31.46.0-255,66,244129,44,244129
42394,0.0,74.125.24.0-255,152,152,44,241070
42395,1.6e-05,172.31.46.0-255,66,218,44,241070
42396,2.2e-05,74.125.24.0-255,1484,1702,44,241070
42397,2.8e-05,172.31.46.0-255,66,1768,44,241070
42398,3.3e-05,74.125.24.0-255,2902,4670,44,241070
42399,4.6e-05,172.31.46.0-255,66,4736,44,241070
42400,5.4e-05,74.125.24.0-255,7156,11892,44,241070
42401,5.7e-05,172.31.46.0-255,66,11958,44,241070
42402,6e-05,74.125.24.0-255,1484,13442,44,241070
42403,6.3e-05,172.31.46.0-255,66,13508,44,241070
42404,0.000111,172.31.46.0-255,66,13574,44,241070
42405,0.000117,74.125.24.0-255,5379,18953,44,241070
42406,0.00012,172.31.46.0-255,66,19019,44,241070
42407,0.000174,74.125.24.0-255,1484,20503,44,241070
42408,0.000176,172.31.46.0-255,66,20569,44,241070
42409,0.000207,74.125.24.0-255,2902,23471,44,241070
42410,0.000209,172.31.46.0-255,66,23537,44,241070
42411,0.000215,74.125.24.0-255,5738,29275,44,241070
42412,0.000217,172.31.46.0-255,66,29341,44,241070
42413,0.000229,74.125.24.0-255,6797,36138,44,241070
42414,0.000231,172.31.46.0-255,66,36204,44,241070
42415,0.000235,74.125.24.0-255,2902,39106,44,241070
42416,0.000237,172.31.46.0-255,66,39172,44,241070
42417,0.000283,172.31.46.0-255,66,39238,44,241070
42418,0.000287,74.125.24.0-255,2884,42122,44,241070
42419,0.000289,172.31.46.0-255,66,42188,44,241070
42420,0.000292,74.125.24.0-255,346,42534,44,241070
42421,0.000298,172.31.46.0-255,66,42600,44,241070
42422,0.000582,74.125.24.0-255,1484,44084,44,241070
42423,0.000587,172.31.46.0-255,66,44150,44,241070
42424,0.000594,74.125.24.0-255,2902,47052,44,241070
42425,0.000596,172.31.46.0-255,66,47118,44,241070
42426,0.000599,74.125.24.0-255,1484,48602,44,241070
42427,0.000619,74.125.24.0-255,4320,52922,44,241070
42428,0.000625,74.125.24.0-255,1484,54406,44,241070
42429,0.000633,172.31.46.0-255,66,54472,44,241070
42430,0.000669,172.31.46.0-255,66,54538,44,241070
42431,0.000682,74.125.24.0-255,1484,56022,44,241070
42432,0.000699,172.31.46.0-255,66,56088,44,241070
42433,0.000785,74.125.24.0-255,1484,57572,44,241070
42434,0.000791,74.125.24.0-255,2902,60474,44,241070
42435,0.000794,172.31.46.0-255,66,60540,44,241070
42436,0.00083,74.125.24.0-255,5738,66278,44,241070
42437,0.000833,172.31.46.0-255,66,66344,44,241070
42438,0.000852,172.31.46.0-255,66,66410,44,241070
42439,0.000864,172.31.46.0-255,66,66476,44,241070
42440,0.000907,74.125.24.0-255,2184,68660,44,241070
42441,0.00091,172.31.46.0-255,66,68726,44,241070
42442,0.000915,74.125.24.0-255,2902,71628,44,241070
42443,0.000917,172.31.46.0-255,66,71694,44,241070
42444,0.000929,74.125.24.0-255,7156,78850,44,241070
42445,0.000932,172.31.46.0-255,66,78916,44,241070
42446,0.000969,74.125.24.0-255,1484,80400,44,241070
42447,0.001001,172.31.46.0-255,66,80466,44,241070
42448,0.001008,74.125.24.0-255,6438,86904,44,241070
42449,0.001011,172.31.46.0-255,66,86970,44,241070
42450,0.001037,74.125.24.0-255,1484,88454,44,241070
42451,0.001042,74.125.24.0-255,2902,91356,44,241070
42452,0.001044,172.31.46.0-255,66,91422,44,241070
42453,0.00105,74.125.24.0-255,4320,95742,44,241070
42454,0.001052,172.31.46.0-255,66,95808,44,241070
42455,0.001086,74.125.24.0-255,1484,97292,44,241070
42456,0.00109,74.125.24.0-255,1484,98776,44,241070
42457,0.001093,172.31.46.0-255,66,98842,44,241070
42458,0.001108,172.31.46.0-255,66,98908,44,241070
42459,0.001125,172.31.46.0-255,66,98974,44,241070
42460,0.001149,74.125.24.0-255,1484,100458,44,241070
42461,0.001169,74.125.24.0-255,2902,103360,44,241070
42462,0.001172,172.31.46.0-255,66,103426,44,241070
42463,0.001179,74.125.24.0-255,5738,109164,44,241070
42464,0.001181,172.31.46.0-255,66,109230,44,241070
42465,0.001239,172.31.46.0-255,66,109296,44,241070
42466,0.001245,74.125.24.0-255,5738,115034,44,241070
42467,0.001248,172.31.46.0-255,66,115100,44,241070
42468,0.001286,74.125.24.0-255,5020,120120,44,241070
42469,0.001289,172.31.46.0-255,66,120186,44,241070
42470,0.001433,74.125.24.0-255,1484,121670,44,241070
42471,0.001439,74.125.24.0-255,2902,124572,44,241070
42472,0.001442,172.31.46.0-255,66,124638,44,241070
42473,0.001451,74.125.24.0-255,5738,130376,44,241070
42474,0.001453,172.31.46.0-255,66,130442,44,241070
42475,0.0015,172.31.46.0-255,66,130508,44,241070
42476,0.001505,74.125.24.0-255,2902,133410,44,241070
42477,0.001507,172.31.46.0-255,66,133476,44,241070
42478,0.00151,74.125.24.0-255,1484,134960,44,241070
42479,0.001543,74.125.24.0-255,6438,141398,44,241070
42480,0.001546,172.31.46.0-255,66,141464,44,241070
42481,0.001801,74.125.24.0-255,1484,142948,44,241070
42482,0.001809,74.125.24.0-255,2902,145850,44,241070
42483,0.001813,172.31.46.0-255,66,145916,44,241070
42484,0.001818,74.125.24.0-255,2902,148818,44,241070
42485,0.001843,74.125.24.0-255,2902,151720,44,241070
42486,0.001869,74.125.24.0-255,2902,154622,44,241070
42487,0.001874,74.125.24.0-255,4320,158942,44,241070
42488,0.001896,74.125.24.0-255,6438,165380,44,241070
42489,0.001902,74.125.24.0-255,4320,169700,44,241070
42490,0.001925,74.125.24.0-255,7156,176856,44,241070
42491,0.001931,74.125.24.0-255,4320,181176,44,241070
42492,0.002012,74.125.24.0-255,6438,187614,44,241070
42493,0.002019,74.125.24.0-255,7156,194770,44,241070
42494,0.002027,74.125.24.0-255,7156,201926,44,241070
42495,0.002056,74.125.24.0-255,4320,206246,44,241070
42496,0.002085,74.125.24.0-255,3602,209848,44,241070
42497,0.005904,172.31.46.0-255,66,209914,44,241070
42498,0.007968,74.125.24.0-255,5738,215652,44,241070
42499,0.007975,172.31.46.0-255,66,215718,44,241070
42500,0.010022,74.125.24.0-255,5738,221456,44,241070
42501,0.010027,172.31.46.0-255,66,221522,44,241070
42502,0.01212,74.125.24.0-255,5738,227260,44,241070
42503,0.012127,172.31.46.0-255,66,227326,44,241070
42504,0.014206,74.125.24.0-255,4142,231468,44,241070
42505,0.014215,172.31.46.0-255,66,231534,44,241070
42506,0.01467,172.31.46.0-255,105,231639,44,241070
42507,0.016726,74.125.24.0-255,66,231705,44,241070
42508,0.035197,172.31.46.0-255,172,231877,44,241070
42509,0.03523,172.31.46.0-255,1114,232991,44,241070
42510,0.035313,172.31.46.0-255,1514,234505,44,241070
42511,0.035314,172.31.46.0-255,1514,236019,44,241070
42512,0.035315,172.31.46.0-255,1514,237533,44,241070
42513,0.035316,172.31.46.0-255,1514,239047,44,241070
42514,0.035344,172.31.46.0-255,1514,240561,44,241070
42515,0.035345,172.31.46.0-255,71,240632,44,241070
42516,0.036751,104.244.42.0-255,66,240698,44,241070
42517,0.036763,104.244.42.0-255,66,240764,44,241070
42518,0.036869,104.244.42.0-255,66,240830,44,241070
42519,0.03692,104.244.42.0-255,66,240896,44,241070
42520,0.037507,104.244.42.0-255,108,241004,44,241070
42521,0.037516,172.31.46.0-255,66,241070,44,241070
42522,0.0,74.125.200.0-255,152,152,44,315057
42523,2.4e-05,172.31.46.0-255,66,218,44,315057
42524,3.1e-05,74.125.200.0-255,1484,1702,44,315057
42525,3.5e-05,172.31.46.0-255,66,1768,44,315057
42526,4.1e-05,74.125.200.0-255,2902,4670,44,315057
42527,4.4e-05,172.31.46.0-255,66,4736,44,315057
42528,5.2e-05,74.125.200.0-255,7156,11892,44,315057
42529,5.5e-05,172.31.46.0-255,66,11958,44,315057
42530,5.9e-05,74.125.200.0-255,2076,14034,44,315057
42531,6.2e-05,172.31.46.0-255,66,14100,44,315057
42532,0.000147,74.125.200.0-255,1484,15584,44,315057
42533,0.00015,172.31.46.0-255,66,15650,44,315057
42534,0.000169,74.125.200.0-255,2902,18552,44,315057
42535,0.000172,172.31.46.0-255,66,18618,44,315057
42536,0.000209,74.125.200.0-255,5738,24356,44,315057
42537,0.000212,172.31.46.0-255,66,24422,44,315057
42538,0.000228,74.125.200.0-255,1484,25906,44,315057
42539,0.00023,172.31.46.0-255,66,25972,44,315057
42540,0.000249,74.125.200.0-255,5379,31351,44,315057
42541,0.000252,172.31.46.0-255,66,31417,44,315057
42542,0.00027,74.125.200.0-255,2902,34319,44,315057
42543,0.000272,172.31.46.0-255,66,34385,44,315057
42544,0.0003,74.125.200.0-255,4320,38705,44,315057
42545,0.000303,172.31.46.0-255,66,38771,44,315057
42546,0.000307,74.125.200.0-255,2902,41673,44,315057
42547,0.000309,172.31.46.0-255,66,41739,44,315057
42548,0.000342,74.125.200.0-255,6797,48536,44,315057
42549,0.000344,172.31.46.0-255,66,48602,44,315057
42550,0.000367,74.125.200.0-255,1484,50086,44,315057
42551,0.000369,172.31.46.0-255,66,50152,44,315057
42552,0.000383,74.125.200.0-255,2902,53054,44,315057
42553,0.000386,172.31.46.0-255,66,53120,44,315057
42554,0.000421,74.125.200.0-255,5738,58858,44,315057
42555,0.000424,172.31.46.0-255,66,58924,44,315057
42556,0.000427,74.125.200.0-255,1484,60408,44,315057
42557,0.000467,74.125.200.0-255,2902,63310,44,315057
42558,0.00047,172.31.46.0-255,66,63376,44,315057
42559,0.00049,74.125.200.0-255,2837,66213,44,315057
42560,0.000492,172.31.46.0-255,66,66279,44,315057
42561,0.002494,74.125.200.0-255,128,66407,44,315057
42562,0.002619,74.125.200.0-255,1484,67891,44,315057
42563,0.002624,172.31.46.0-255,66,67957,44,315057
42564,0.002639,74.125.200.0-255,2902,70859,44,315057
42565,0.002642,172.31.46.0-255,66,70925,44,315057
42566,0.002653,74.125.200.0-255,1484,72409,44,315057
42567,0.002669,74.125.200.0-255,2902,75311,44,315057
42568,0.002671,172.31.46.0-255,66,75377,44,315057
42569,0.002675,74.125.200.0-255,1484,76861,44,315057
42570,0.002689,74.125.200.0-255,1484,78345,44,315057
42571,0.002691,172.31.46.0-255,66,78411,44,315057
42572,0.002706,74.125.200.0-255,2902,81313,44,315057
42573,0.002708,172.31.46.0-255,66,81379,44,315057
42574,0.002713,74.125.200.0-255,2543,83922,44,315057
42575,0.002714,172.31.46.0-255,66,83988,44,315057
42576,0.002785,74.125.200.0-255,1484,85472,44,315057
42577,0.002798,74.125.200.0-255,2902,88374,44,315057
42578,0.0028,172.31.46.0-255,66,88440,44,315057
42579,0.002818,74.125.200.0-255,1484,89924,44,315057
42580,0.002822,74.125.200.0-255,2902,92826,44,315057
42581,0.002825,172.31.46.0-255,66,92892,44,315057
42582,0.002842,74.125.200.0-255,2902,95794,44,315057
42583,0.002845,172.31.46.0-255,66,95860,44,315057
42584,0.002875,74.125.200.0-255,2902,98762,44,315057
42585,0.002878,172.31.46.0-255,66,98828,44,315057
42586,0.002889,74.125.200.0-255,1484,100312,44,315057
42587,0.002908,74.125.200.0-255,1125,101437,44,315057
42588,0.00291,172.31.46.0-255,66,101503,44,315057
42589,0.002927,74.125.200.0-255,1484,102987,44,315057
42590,0.00294,74.125.200.0-255,2902,105889,44,315057
42591,0.002942,172.31.46.0-255,66,105955,44,315057
42592,0.002963,74.125.200.0-255,2902,108857,44,315057
42593,0.002965,172.31.46.0-255,66,108923,44,315057
42594,0.002968,74.125.200.0-255,1484,110407,44,315057
42595,0.002971,74.125.200.0-255,1484,111891,44,315057
42596,0.002973,172.31.46.0-255,66,111957,44,315057
42597,0.002991,74.125.200.0-255,2902,114859,44,315057
42598,0.002993,172.31.46.0-255,66,114925,44,315057
42599,0.003014,172.31.46.0-255,66,114991,44,315057
42600,0.00302,74.125.200.0-255,4320,119311,44,315057
42601,0.003022,172.31.46.0-255,66,119377,44,315057
42602,0.003062,74.125.200.0-255,6438,125815,44,315057
42603,0.003065,172.31.46.0-255,66,125881,44,315057
42604,0.003206,74.125.200.0-255,1484,127365,44,315057
42605,0.003223,74.125.200.0-255,2902,130267,44,315057
42606,0.003226,172.31.46.0-255,66,130333,44,315057
42607,0.003247,74.125.200.0-255,5738,136071,44,315057
42608,0.003249,172.31.46.0-255,66,136137,44,315057
42609,0.003253,74.125.200.0-255,2902,139039,44,315057
42610,0.003255,172.31.46.0-255,66,139105,44,315057
42611,0.003259,74.125.200.0-255,2902,142007,44,315057
42612,0.003261,172.31.46.0-255,66,142073,44,315057
42613,0.003277,74.125.200.0-255,1484,143557,44,315057
42614,0.00329,74.125.200.0-255,2902,146459,44,315057
42615,0.003293,172.31.46.0-255,66,146525,44,315057
42616,0.003314,74.125.200.0-255,5738,152263,44,315057
42617,0.003317,172.31.46.0-255,66,152329,44,315057
42618,0.003324,74.125.200.0-255,5738,158067,44,315057
42619,0.003326,172.31.46.0-255,66,158133,44,315057
42620,0.003339,74.125.200.0-255,1484,159617,44,315057
42621,0.003356,74.125.200.0-255,5020,164637,44,315057
42622,0.003359,172.31.46.0-255,66,164703,44,315057
42623,0.003372,74.125.200.0-255,1484,166187,44,315057
42624,0.00339,74.125.200.0-255,7156,173343,44,315057
42625,0.003393,172.31.46.0-255,66,173409,44,315057
42626,0.003414,74.125.200.0-255,7156,180565,44,315057
42627,0.003416,172.31.46.0-255,66,180631,44,315057
42628,0.00344,74.125.200.0-255,2902,183533,44,315057
42629,0.003443,172.31.46.0-255,66,183599,44,315057
42630,0.00345,74.125.200.0-255,7156,190755,44,315057
42631,0.003453,172.31.46.0-255,66,190821,44,315057
42632,0.003482,172.31.46.0-255,66,190887,44,315057
42633,0.003486,74.125.200.0-255,2902,193789,44,315057
42634,0.003489,172.31.46.0-255,66,193855,44,315057
42635,0.00353,74.125.200.0-255,5738,199593,44,315057
42636,0.003533,172.31.46.0-255,66,199659,44,315057
42637,0.003551,74.125.200.0-255,7156,206815,44,315057
42638,0.003554,172.31.46.0-255,66,206881,44,315057
42639,0.003564,172.31.46.0-255,66,206947,44,315057
42640,0.003569,74.125.200.0-255,4320,211267,44,315057
42641,0.003572,172.31.46.0-255,66,211333,44,315057
42642,0.003592,74.125.200.0-255,6438,217771,44,315057
42643,0.003594,172.31.46.0-255,66,217837,44,315057
42644,0.003612,172.31.46.0-255,66,217903,44,315057
42645,0.003619,74.125.200.0-255,7156,225059,44,315057
42646,0.003622,172.31.46.0-255,66,225125,44,315057
42647,0.003658,172.31.46.0-255,66,225191,44,315057
42648,0.003676,74.125.200.0-255,1484,226675,44,315057
42649,0.003681,74.125.200.0-255,2902,229577,44,315057
42650,0.003683,172.31.46.0-255,66,229643,44,315057
42651,0.003704,74.125.200.0-255,5738,235381,44,315057
42652,0.003707,172.31.46.0-255,66,235447,44,315057
42653,0.003712,74.125.200.0-255,2902,238349,44,315057
42654,0.003714,172.31.46.0-255,66,238415,44,315057
42655,0.003727,74.125.200.0-255,2902,241317,44,315057
42656,0.003729,172.31.46.0-255,66,241383,44,315057
42657,0.003733,74.125.200.0-255,2902,244285,44,315057
42658,0.003736,172.31.46.0-255,66,244351,44,315057
42659,0.00375,74.125.200.0-255,4320,248671,44,315057
42660,0.003752,172.31.46.0-255,66,248737,44,315057
42661,0.003766,74.125.200.0-255,1484,250221,44,315057
42662,0.003797,172.31.46.0-255,66,250287,44,315057
42663,0.003831,74.125.200.0-255,1484,251771,44,315057
42664,0.003863,172.31.46.0-255,66,251837,44,315057
42665,0.003869,74.125.200.0-255,4320,256157,44,315057
42666,0.003872,172.31.46.0-255,66,256223,44,315057
42667,0.0039,172.31.46.0-255,66,256289,44,315057
42668,0.003904,74.125.200.0-255,2902,259191,44,315057
42669,0.003906,172.31.46.0-255,66,259257,44,315057
42670,0.003912,74.125.200.0-255,4320,263577,44,315057
42671,0.003914,172.31.46.0-255,66,263643,44,315057
42672,0.003948,74.125.200.0-255,2184,265827,44,315057
42673,0.003952,172.31.46.0-255,66,265893,44,315057
42674,0.003979,74.125.200.0-255,1484,267377,44,315057
42675,0.003995,74.125.200.0-255,2902,270279,44,315057
42676,0.003998,172.31.46.0-255,66,270345,44,315057
42677,0.004017,74.125.200.0-255,2902,273247,44,315057
42678,0.004019,172.31.46.0-255,66,273313,44,315057
42679,0.004043,74.125.200.0-255,2902,276215,44,315057
42680,0.004046,172.31.46.0-255,66,276281,44,315057
42681,0.004048,74.125.200.0-255,1484,277765,44,315057
42682,0.004068,74.125.200.0-255,5738,283503,44,315057
42683,0.004071,172.31.46.0-255,66,283569,44,315057
42684,0.004104,172.31.46.0-255,66,283635,44,315057
42685,0.004131,172.31.46.0-255,66,283701,44,315057
42686,0.004154,74.125.200.0-255,6438,290139,44,315057
42687,0.004157,172.31.46.0-255,66,290205,44,315057
42688,0.004188,172.31.46.0-255,66,290271,44,315057
42689,0.004212,74.125.200.0-255,7156,297427,44,315057
42690,0.004214,172.31.46.0-255,66,297493,44,315057
42691,0.00422,74.125.200.0-255,5020,302513,44,315057
42692,0.004223,172.31.46.0-255,66,302579,44,315057
42693,0.004278,74.125.200.0-255,3741,306320,44,315057
42694,0.004281,172.31.46.0-255,66,306386,44,315057
42695,0.004284,74.125.200.0-255,105,306491,44,315057
42696,0.007087,172.31.46.0-255,66,306557,44,315057
42697,0.007125,172.31.46.0-255,105,306662,44,315057
42698,0.009618,74.125.200.0-255,66,306728,44,315057
42699,0.030171,172.31.46.0-255,164,306892,44,315057
42700,0.030204,172.31.46.0-255,1123,308015,44,315057
42701,0.030274,172.31.46.0-255,1514,309529,44,315057
42702,0.030276,172.31.46.0-255,1514,311043,44,315057
42703,0.030277,172.31.46.0-255,1514,312557,44,315057
42704,0.030278,172.31.46.0-255,1514,314071,44,315057
42705,0.030279,172.31.46.0-255,548,314619,44,315057
42706,0.031753,104.244.42.0-255,66,314685,44,315057
42707,0.031759,104.244.42.0-255,66,314751,44,315057
42708,0.031833,104.244.42.0-255,66,314817,44,315057
42709,0.031836,104.244.42.0-255,66,314883,44,315057
42710,0.032467,104.244.42.0-255,108,314991,44,315057
42711,0.032474,172.31.46.0-255,66,315057,44,315057
42712,0.0,172.217.194.0-255,152,152,44,253488
42713,2.6e-05,172.31.46.0-255,66,218,44,253488
42714,3.4e-05,172.217.194.0-255,1484,1702,44,253488
42715,3.8e-05,172.31.46.0-255,66,1768,44,253488
42716,4.3e-05,172.217.194.0-255,2902,4670,44,253488
42717,4.6e-05,172.31.46.0-255,66,4736,44,253488
42718,5.3e-05,172.217.194.0-255,5738,10474,44,253488
42719,5.5e-05,172.31.46.0-255,66,10540,44,253488
42720,8.1e-05,172.217.194.0-255,3512,14052,44,253488
42721,8.4e-05,172.31.46.0-255,66,14118,44,253488
42722,0.000118,172.217.194.0-255,4320,18438,44,253488
42723,0.000122,172.31.46.0-255,66,18504,44,253488
42724,0.000141,172.217.194.0-255,2902,21406,44,253488
42725,0.000144,172.31.46.0-255,66,21472,44,253488
42726,0.000166,172.217.194.0-255,7156,28628,44,253488
42727,0.000169,172.31.46.0-255,66,28694,44,253488
42728,0.000172,172.217.194.0-255,1484,30178,44,253488
42729,0.000174,172.31.46.0-255,66,30244,44,253488
42730,0.000197,172.217.194.0-255,1484,31728,44,253488
42731,0.000199,172.31.46.0-255,66,31794,44,253488
42732,0.000233,172.31.46.0-255,66,31860,44,253488
42733,0.00026,172.217.194.0-255,4320,36180,44,253488
42734,0.000262,172.31.46.0-255,66,36246,44,253488
42735,0.000294,172.31.46.0-255,66,36312,44,253488
42736,0.000297,172.217.194.0-255,678,36990,44,253488
42737,0.000298,172.31.46.0-255,66,37056,44,253488
42738,0.000333,172.217.194.0-255,1484,38540,44,253488
42739,0.000335,172.31.46.0-255,66,38606,44,253488
42740,0.000349,172.217.194.0-255,1484,40090,44,253488
42741,0.000351,172.31.46.0-255,66,40156,44,253488
42742,0.000374,172.217.194.0-255,1484,41640,44,253488
42743,0.000383,172.217.194.0-255,5738,47378,44,253488
42744,0.000386,172.31.46.0-255,66,47444,44,253488
42745,0.000408,172.217.194.0-255,6247,53691,44,253488
42746,0.00041,172.31.46.0-255,66,53757,44,253488
42747,0.000524,172.217.194.0-255,1484,55241,44,253488
42748,0.000531,172.217.194.0-255,2902,58143,44,253488
42749,0.000536,172.31.46.0-255,66,58209,44,253488
42750,0.000543,172.217.194.0-255,5738,63947,44,253488
42751,0.000546,172.31.46.0-255,66,64013,44,253488
42752,0.000549,172.217.194.0-255,1484,65497,44,253488
42753,0.000575,172.217.194.0-255,5379,70876,44,253488
42754,0.000578,172.31.46.0-255,66,70942,44,253488
42755,0.000596,172.217.194.0-255,5738,76680,44,253488
42756,0.000598,172.31.46.0-255,66,76746,44,253488
42757,0.000628,172.31.46.0-255,66,76812,44,253488
42758,0.000641,172.31.46.0-255,66,76878,44,253488
42759,0.000681,172.217.194.0-255,5738,82616,44,253488
42760,0.000684,172.31.46.0-255,66,82682,44,253488
42761,0.000703,172.217.194.0-255,3602,86284,44,253488
42762,0.000765,172.217.194.0-255,1484,87768,44,253488
42763,0.000785,172.217.194.0-255,2902,90670,44,253488
42764,0.00079,172.217.194.0-255,2902,93572,44,253488
42765,0.000805,172.217.194.0-255,2902,96474,44,253488
42766,0.000812,172.217.194.0-255,5738,102212,44,253488
42767,0.000844,172.217.194.0-255,5738,107950,44,253488
42768,0.000869,172.217.194.0-255,7156,115106,44,253488
42769,0.000914,172.217.194.0-255,2184,117290,44,253488
42770,0.000918,172.217.194.0-255,2902,120192,44,253488
42771,0.000941,172.217.194.0-255,7156,127348,44,253488
42772,0.000978,172.217.194.0-255,5738,133086,44,253488
42773,0.000991,172.217.194.0-255,2184,135270,44,253488
42774,0.001035,172.217.194.0-255,5738,141008,44,253488
42775,0.001058,172.217.194.0-255,7156,148164,44,253488
42776,0.001096,172.217.194.0-255,2902,151066,44,253488
42777,0.001153,172.217.194.0-255,7156,158222,44,253488
42778,0.001218,172.217.194.0-255,1484,159706,44,253488
42779,0.001233,172.217.194.0-255,2902,162608,44,253488
42780,0.001254,172.217.194.0-255,5738,168346,44,253488
42781,0.00129,172.217.194.0-255,5738,174084,44,253488
42782,0.001312,172.217.194.0-255,7156,181240,44,253488
42783,0.001352,172.217.194.0-255,5738,186978,44,253488
42784,0.001374,172.217.194.0-255,5020,191998,44,253488
42785,0.001423,172.217.194.0-255,1484,193482,44,253488
42786,0.001447,172.217.194.0-255,2902,196384,44,253488
42787,0.001455,172.217.194.0-255,5738,202122,44,253488
42788,0.001483,172.217.194.0-255,5738,207860,44,253488
42789,0.001502,172.217.194.0-255,7156,215016,44,253488
42790,0.001536,172.31.46.0-255,66,215082,44,253488
42791,0.001558,172.31.46.0-255,66,215148,44,253488
42792,0.001608,172.217.194.0-255,4320,219468,44,253488
42793,0.001628,172.217.194.0-255,5738,225206,44,253488
42794,0.001631,172.217.194.0-255,1484,226690,44,253488
42795,0.001651,172.217.194.0-255,7156,233846,44,253488
42796,0.001703,172.217.194.0-255,5738,239584,44,253488
42797,0.001721,172.217.194.0-255,4320,243904,44,253488
42798,0.001807,172.217.194.0-255,105,244009,44,253488
42799,0.001967,172.31.46.0-255,66,244075,44,253488
42800,0.005218,172.31.46.0-255,105,244180,44,253488
42801,0.007752,172.217.194.0-255,66,244246,44,253488
42802,0.044099,172.31.46.0-255,221,244467,44,253488
42803,0.04413,172.31.46.0-255,1114,245581,44,253488
42804,0.044219,172.31.46.0-255,1514,247095,44,253488
42805,0.044221,172.31.46.0-255,1514,248609,44,253488
42806,0.044222,172.31.46.0-255,1514,250123,44,253488
42807,0.044223,172.31.46.0-255,1514,251637,44,253488
42808,0.04425,172.31.46.0-255,1514,253151,44,253488
42809,0.044252,172.31.46.0-255,73,253224,44,253488
42810,0.045638,104.244.42.0-255,66,253290,44,253488
42811,0.04568,104.244.42.0-255,66,253356,44,253488
42812,0.045782,104.244.42.0-255,66,253422,44,253488
42813,0.045788,104.244.42.0-255,66,253488,44,253488
42814,0.0,172.217.194.0-255,294,294,44,248900
42815,1.8e-05,172.31.46.0-255,66,360,44,248900
42816,2.5e-05,172.217.194.0-255,1484,1844,44,248900
42817,2.9e-05,172.31.46.0-255,66,1910,44,248900
42818,4.3e-05,172.217.194.0-255,4320,6230,44,248900
42819,4.7e-05,172.31.46.0-255,66,6296,44,248900
42820,9.9e-05,172.31.46.0-255,66,6362,44,248900
42821,0.000111,172.31.46.0-255,66,6428,44,248900
42822,0.000117,172.217.194.0-255,5379,11807,44,248900
42823,0.000119,172.31.46.0-255,66,11873,44,248900
42824,0.000508,172.217.194.0-255,1484,13357,44,248900
42825,0.000515,172.31.46.0-255,66,13423,44,248900
42826,0.00052,172.217.194.0-255,2902,16325,44,248900
42827,0.000523,172.31.46.0-255,66,16391,44,248900
42828,0.000534,172.217.194.0-255,4320,20711,44,248900
42829,0.000537,172.31.46.0-255,66,20777,44,248900
42830,0.000571,172.217.194.0-255,1484,22261,44,248900
42831,0.000598,172.31.46.0-255,66,22327,44,248900
42832,0.000609,172.31.46.0-255,66,22393,44,248900
42833,0.000616,172.31.46.0-255,66,22459,44,248900
42834,0.000639,172.217.194.0-255,1382,23841,44,248900
42835,0.000645,172.31.46.0-255,66,23907,44,248900
42836,0.000648,172.217.194.0-255,117,24024,44,248900
42837,0.00065,172.31.46.0-255,66,24090,44,248900
42838,0.00074,172.217.194.0-255,1484,25574,44,248900
42839,0.000743,172.31.46.0-255,66,25640,44,248900
42840,0.000748,172.217.194.0-255,2902,28542,44,248900
42841,0.000751,172.31.46.0-255,66,28608,44,248900
42842,0.000755,172.217.194.0-255,2902,31510,44,248900
42843,0.000762,172.31.46.0-255,66,31576,44,248900
42844,0.0008,172.217.194.0-255,2902,34478,44,248900
42845,0.000803,172.31.46.0-255,66,34544,44,248900
42846,0.000811,172.217.194.0-255,7156,41700,44,248900
42847,0.000813,172.31.46.0-255,66,41766,44,248900
42848,0.000828,172.31.46.0-255,66,41832,44,248900
42849,0.000833,172.217.194.0-255,2495,44327,44,248900
42850,0.000836,172.31.46.0-255,66,44393,44,248900
42851,0.001077,172.31.46.0-255,101,44494,44,248900
42852,0.001541,172.217.194.0-255,1484,45978,44,248900
42853,0.001551,172.217.194.0-255,2902,48880,44,248900
42854,0.001555,172.31.46.0-255,66,48946,44,248900
42855,0.00156,172.217.194.0-255,1484,50430,44,248900
42856,0.001586,172.217.194.0-255,4320,54750,44,248900
42857,0.001588,172.31.46.0-255,66,54816,44,248900
42858,0.001592,172.217.194.0-255,1484,56300,44,248900
42859,0.001616,172.217.194.0-255,5738,62038,44,248900
42860,0.001618,172.31.46.0-255,66,62104,44,248900
42861,0.001629,172.31.46.0-255,66,62170,44,248900
42862,0.001632,172.217.194.0-255,1484,63654,44,248900
42863,0.001664,172.217.194.0-255,5738,69392,44,248900
42864,0.001666,172.31.46.0-255,66,69458,44,248900
42865,0.001669,172.217.194.0-255,766,70224,44,248900
42866,0.001699,172.217.194.0-255,1484,71708,44,248900
42867,0.001701,172.31.46.0-255,66,71774,44,248900
42868,0.001721,172.217.194.0-255,4320,76094,44,248900
42869,0.001723,172.31.46.0-255,66,76160,44,248900
42870,0.001765,172.31.46.0-255,66,76226,44,248900
42871,0.001781,172.31.46.0-255,66,76292,44,248900
42872,0.001789,172.217.194.0-255,6438,82730,44,248900
42873,0.001791,172.31.46.0-255,66,82796,44,248900
42874,0.001826,172.217.194.0-255,7156,89952,44,248900
42875,0.001829,172.31.46.0-255,66,90018,44,248900
42876,0.001835,172.217.194.0-255,4320,94338,44,248900
42877,0.001837,172.31.46.0-255,66,94404,44,248900
42878,0.001866,172.217.194.0-255,1484,95888,44,248900
42879,0.001874,172.217.194.0-255,7156,103044,44,248900
42880,0.001879,172.31.46.0-255,66,103110,44,248900
42881,0.001944,172.31.46.0-255,66,103176,44,248900
42882,0.001956,172.31.46.0-255,66,103242,44,248900
42883,0.001967,172.31.46.0-255,66,103308,44,248900
42884,0.001995,172.217.194.0-255,2902,106210,44,248900
42885,0.001999,172.31.46.0-255,66,106276,44,248900
42886,0.002013,172.31.46.0-255,66,106342,44,248900
42887,0.002031,172.217.194.0-255,2184,108526,44,248900
42888,0.002033,172.31.46.0-255,66,108592,44,248900
42889,0.003039,172.217.194.0-255,66,108658,44,248900
42890,0.00401,172.217.194.0-255,2902,111560,44,248900
42891,0.004016,172.31.46.0-255,66,111626,44,248900
42892,0.004041,172.217.194.0-255,2902,114528,44,248900
42893,0.004043,172.31.46.0-255,66,114594,44,248900
42894,0.006045,172.217.194.0-255,5738,120332,44,248900
42895,0.006055,172.31.46.0-255,66,120398,44,248900
42896,0.008095,172.217.194.0-255,5738,126136,44,248900
42897,0.008101,172.31.46.0-255,66,126202,44,248900
42898,0.010116,172.217.194.0-255,4320,130522,44,248900
42899,0.010122,172.31.46.0-255,66,130588,44,248900
42900,0.010152,172.217.194.0-255,1484,132072,44,248900
42901,0.012144,172.217.194.0-255,4320,136392,44,248900
42902,0.01215,172.31.46.0-255,66,136458,44,248900
42903,0.014172,172.217.194.0-255,5738,142196,44,248900
42904,0.014181,172.31.46.0-255,66,142262,44,248900
42905,0.016198,172.217.194.0-255,5738,148000,44,248900
42906,0.016207,172.31.46.0-255,66,148066,44,248900
42907,0.01824,172.217.194.0-255,4320,152386,44,248900
42908,0.018248,172.31.46.0-255,66,152452,44,248900
42909,0.018277,172.217.194.0-255,1484,153936,44,248900
42910,0.020273,172.217.194.0-255,4320,158256,44,248900
42911,0.020282,172.31.46.0-255,66,158322,44,248900
42912,0.022311,172.217.194.0-255,5738,164060,44,248900
42913,0.022318,172.31.46.0-255,66,164126,44,248900
42914,0.024351,172.217.194.0-255,5738,169864,44,248900
42915,0.024358,172.31.46.0-255,66,169930,44,248900
42916,0.026387,172.217.194.0-255,2902,172832,44,248900
42917,0.026394,172.31.46.0-255,66,172898,44,248900
42918,0.02642,172.217.194.0-255,2902,175800,44,248900
42919,0.026423,172.31.46.0-255,66,175866,44,248900
42920,0.028417,172.217.194.0-255,5738,181604,44,248900
42921,0.028425,172.31.46.0-255,66,181670,44,248900
42922,0.030437,172.217.194.0-255,5738,187408,44,248900
42923,0.030444,172.31.46.0-255,66,187474,44,248900
42924,0.032476,172.217.194.0-255,5738,193212,44,248900
42925,0.032482,172.31.46.0-255,66,193278,44,248900
42926,0.034539,172.217.194.0-255,5738,199016,44,248900
42927,0.034546,172.31.46.0-255,66,199082,44,248900
42928,0.036564,172.217.194.0-255,5738,204820,44,248900
42929,0.03657,172.31.46.0-255,66,204886,44,248900
42930,0.038308,172.31.46.0-255,172,205058,44,248900
42931,0.038336,172.31.46.0-255,1114,206172,44,248900
42932,0.038402,172.31.46.0-255,1514,207686,44,248900
42933,0.038424,172.31.46.0-255,1514,209200,44,248900
42934,0.038428,172.31.46.0-255,1514,210714,44,248900
42935,0.038444,172.31.46.0-255,1514,212228,44,248900
42936,0.038452,172.31.46.0-255,1514,213742,44,248900
42937,0.038453,172.31.46.0-255,70,213812,44,248900
42938,0.038592,172.217.194.0-255,5738,219550,44,248900
42939,0.038598,172.31.46.0-255,66,219616,44,248900
42940,0.039856,104.244.42.0-255,66,219682,44,248900
42941,0.039906,104.244.42.0-255,66,219748,44,248900
42942,0.039973,104.244.42.0-255,66,219814,44,248900
42943,0.039979,104.244.42.0-255,66,219880,44,248900
42944,0.040624,172.217.194.0-255,5738,225618,44,248900
42945,0.040629,172.31.46.0-255,66,225684,44,248900
42946,0.042654,172.217.194.0-255,5738,231422,44,248900
42947,0.04266,172.31.46.0-255,66,231488,44,248900
42948,0.044683,172.217.194.0-255,5738,237226,44,248900
42949,0.044688,172.31.46.0-255,66,237292,44,248900
42950,0.046714,172.217.194.0-255,5738,243030,44,248900
42951,0.046721,172.31.46.0-255,66,243096,44,248900
42952,0.048772,172.217.194.0-255,5738,248834,44,248900
42953,0.048779,172.31.46.0-255,66,248900,44,248900
42954,0.0,74.125.24.0-255,152,152,44,279403
42955,2.4e-05,172.31.46.0-255,66,218,44,279403
42956,3.1e-05,74.125.24.0-255,1484,1702,44,279403
42957,3.6e-05,172.31.46.0-255,66,1768,44,279403
42958,4.1e-05,74.125.24.0-255,2902,4670,44,279403
42959,4.5e-05,172.31.46.0-255,66,4736,44,279403
42960,6e-05,74.125.24.0-255,7156,11892,44,279403
42961,6.3e-05,172.31.46.0-255,66,11958,44,279403
42962,6.6e-05,74.125.24.0-255,1484,13442,44,279403
42963,6.9e-05,172.31.46.0-255,66,13508,44,279403
42964,0.000122,172.31.46.0-255,66,13574,44,279403
42965,0.000126,74.125.24.0-255,2543,16117,44,279403
42966,0.000129,172.31.46.0-255,66,16183,44,279403
42967,0.000185,74.125.24.0-255,2902,19085,44,279403
42968,0.000188,172.31.46.0-255,66,19151,44,279403
42969,0.000195,74.125.24.0-255,7156,26307,44,279403
42970,0.000197,172.31.46.0-255,66,26373,44,279403
42971,0.000209,74.125.24.0-255,6797,33170,44,279403
42972,0.000211,172.31.46.0-255,66,33236,44,279403
42973,0.00022,74.125.24.0-255,7156,40392,44,279403
42974,0.000222,172.31.46.0-255,66,40458,44,279403
42975,0.000258,172.31.46.0-255,66,40524,44,279403
42976,0.000261,74.125.24.0-255,1393,41917,44,279403
42977,0.000263,172.31.46.0-255,66,41983,44,279403
42978,0.000306,74.125.24.0-255,387,42370,44,279403
42979,0.000308,172.31.46.0-255,66,42436,44,279403
42980,0.000434,74.125.24.0-255,1484,43920,44,279403
42981,0.000438,172.31.46.0-255,66,43986,44,279403
42982,0.000443,74.125.24.0-255,2902,46888,44,279403
42983,0.000445,172.31.46.0-255,66,46954,44,279403
42984,0.000457,74.125.24.0-255,5738,52692,44,279403
42985,0.00046,172.31.46.0-255,66,52758,44,279403
42986,0.000494,74.125.24.0-255,6248,59006,44,279403
42987,0.000496,172.31.46.0-255,66,59072,44,279403
42988,0.000605,74.125.24.0-255,1484,60556,44,279403
42989,0.000625,74.125.24.0-255,2902,63458,44,279403
42990,0.000628,172.31.46.0-255,66,63524,44,279403
42991,0.000635,74.125.24.0-255,5738,69262,44,279403
42992,0.000637,172.31.46.0-255,66,69328,44,279403
42993,0.000641,74.125.24.0-255,2902,72230,44,279403
42994,0.000644,172.31.46.0-255,66,72296,44,279403
42995,0.000677,74.125.24.0-255,3961,76257,44,279403
42996,0.00068,172.31.46.0-255,66,76323,44,279403
42997,0.000924,74.125.24.0-255,1484,77807,44,279403
42998,0.00093,74.125.24.0-255,2902,80709,44,279403
42999,0.000934,172.31.46.0-255,66,80775,44,279403
43000,0.000969,74.125.24.0-255,5738,86513,44,279403
43001,0.000972,172.31.46.0-255,66,86579,44,279403
43002,0.00099,172.31.46.0-255,66,86645,44,279403
43003,0.001031,74.125.24.0-255,1484,88129,44,279403
43004,0.001046,172.31.46.0-255,66,88195,44,279403
43005,0.001173,74.125.24.0-255,1484,89679,44,279403
43006,0.001179,74.125.24.0-255,2902,92581,44,279403
43007,0.001182,172.31.46.0-255,66,92647,44,279403
43008,0.001187,74.125.24.0-255,2902,95549,44,279403
43009,0.001189,172.31.46.0-255,66,95615,44,279403
43010,0.001225,74.125.24.0-255,2902,98517,44,279403
43011,0.001227,172.31.46.0-255,66,98583,44,279403
43012,0.001239,74.125.24.0-255,7156,105739,44,279403
43013,0.001241,172.31.46.0-255,66,105805,44,279403
43014,0.001256,172.31.46.0-255,66,105871,44,279403
43015,0.001261,74.125.24.0-255,2184,108055,44,279403
43016,0.001263,172.31.46.0-255,66,108121,44,279403
43017,0.001544,74.125.24.0-255,1484,109605,44,279403
43018,0.001549,74.125.24.0-255,1484,111089,44,279403
43019,0.001553,172.31.46.0-255,66,111155,44,279403
43020,0.00158,74.125.24.0-255,1484,112639,44,279403
43021,0.001587,74.125.24.0-255,5738,118377,44,279403
43022,0.00159,172.31.46.0-255,66,118443,44,279403
43023,0.001601,172.31.46.0-255,66,118509,44,279403
43024,0.001623,74.125.24.0-255,2902,121411,44,279403
43025,0.001629,172.31.46.0-255,66,121477,44,279403
43026,0.001634,74.125.24.0-255,4320,125797,44,279403
43027,0.001636,172.31.46.0-255,66,125863,44,279403
43028,0.001668,74.125.24.0-255,6438,132301,44,279403
43029,0.001671,172.31.46.0-255,66,132367,44,279403
43030,0.001857,74.125.24.0-255,1484,133851,44,279403
43031,0.001863,74.125.24.0-255,2902,136753,44,279403
43032,0.001866,172.31.46.0-255,66,136819,44,279403
43033,0.001897,74.125.24.0-255,5738,142557,44,279403
43034,0.0019,172.31.46.0-255,66,142623,44,279403
43035,0.001913,172.31.46.0-255,66,142689,44,279403
43036,0.00193,172.31.46.0-255,66,142755,44,279403
43037,0.002022,172.31.46.0-255,66,142821,44,279403
43038,0.002033,172.31.46.0-255,66,142887,44,279403
43039,0.004072,74.125.24.0-255,5738,148625,44,279403
43040,0.004083,172.31.46.0-255,66,148691,44,279403
43041,0.006148,74.125.24.0-255,5738,154429,44,279403
43042,0.006152,172.31.46.0-255,66,154495,44,279403
43043,0.008213,74.125.24.0-255,5738,160233,44,279403
43044,0.008219,172.31.46.0-255,66,160299,44,279403
43045,0.010265,74.125.24.0-255,5738,166037,44,279403
43046,0.010273,172.31.46.0-255,66,166103,44,279403
43047,0.012322,74.125.24.0-255,5738,171841,44,279403
43048,0.012332,172.31.46.0-255,66,171907,44,279403
43049,0.014382,74.125.24.0-255,5738,177645,44,279403
43050,0.014391,172.31.46.0-255,66,177711,44,279403
43051,0.016509,74.125.24.0-255,5738,183449,44,279403
43052,0.016517,172.31.46.0-255,66,183515,44,279403
43053,0.018563,74.125.24.0-255,5738,189253,44,279403
43054,0.01857,172.31.46.0-255,66,189319,44,279403
43055,0.020618,74.125.24.0-255,5738,195057,44,279403
43056,0.020624,172.31.46.0-255,66,195123,44,279403
43057,0.022699,74.125.24.0-255,5738,200861,44,279403
43058,0.022707,172.31.46.0-255,66,200927,44,279403
43059,0.024765,74.125.24.0-255,5738,206665,44,279403
43060,0.024773,172.31.46.0-255,66,206731,44,279403
43061,0.026824,74.125.24.0-255,5738,212469,44,279403
43062,0.026831,172.31.46.0-255,66,212535,44,279403
43063,0.028885,74.125.24.0-255,5738,218273,44,279403
43064,0.028894,172.31.46.0-255,66,218339,44,279403
43065,0.030969,74.125.24.0-255,5738,224077,44,279403
43066,0.030977,172.31.46.0-255,66,224143,44,279403
43067,0.033034,74.125.24.0-255,5738,229881,44,279403
43068,0.033045,172.31.46.0-255,66,229947,44,279403
43069,0.035101,74.125.24.0-255,5738,235685,44,279403
43070,0.035109,172.31.46.0-255,66,235751,44,279403
43071,0.037167,74.125.24.0-255,5738,241489,44,279403
43072,0.037175,172.31.46.0-255,66,241555,44,279403
43073,0.03924,74.125.24.0-255,5738,247293,44,279403
43074,0.039252,172.31.46.0-255,66,247359,44,279403
43075,0.041332,74.125.24.0-255,5738,253097,44,279403
43076,0.041346,172.31.46.0-255,66,253163,44,279403
43077,0.04339,74.125.24.0-255,5738,258901,44,279403
43078,0.043397,172.31.46.0-255,66,258967,44,279403
43079,0.045439,74.125.24.0-255,5738,264705,44,279403
43080,0.045447,172.31.46.0-255,66,264771,44,279403
43081,0.047493,74.125.24.0-255,5269,270040,44,279403
43082,0.047502,172.31.46.0-255,66,270106,44,279403
43083,0.04799,172.31.46.0-255,172,270278,44,279403
43084,0.04802,172.31.46.0-255,1114,271392,44,279403
43085,0.048101,172.31.46.0-255,105,271497,44,279403
43086,0.048136,172.31.46.0-255,1514,273011,44,279403
43087,0.048138,172.31.46.0-255,1514,274525,44,279403
43088,0.048144,172.31.46.0-255,1514,276039,44,279403
43089,0.048145,172.31.46.0-255,1514,277553,44,279403
43090,0.048161,172.31.46.0-255,1514,279067,44,279403
43091,0.048162,172.31.46.0-255,72,279139,44,279403
43092,0.049474,104.244.42.0-255,66,279205,44,279403
43093,0.049514,104.244.42.0-255,66,279271,44,279403
43094,0.049665,104.244.42.0-255,66,279337,44,279403
43095,0.049672,104.244.42.0-255,66,279403,44,279403
43096,0.0,74.125.24.0-255,147,147,44,259778
43097,1.4e-05,172.31.46.0-255,66,213,44,259778
43098,2e-05,74.125.24.0-255,1484,1697,44,259778
43099,2.4e-05,172.31.46.0-255,66,1763,44,259778
43100,3e-05,74.125.24.0-255,2902,4665,44,259778
43101,3.3e-05,172.31.46.0-255,66,4731,44,259778
43102,4.1e-05,74.125.24.0-255,7156,11887,44,259778
43103,4.5e-05,172.31.46.0-255,66,11953,44,259778
43104,8.3e-05,74.125.24.0-255,1976,13929,44,259778
43105,8.6e-05,172.31.46.0-255,66,13995,44,259778
43106,0.000102,74.125.24.0-255,2902,16897,44,259778
43107,0.000105,172.31.46.0-255,66,16963,44,259778
43108,0.00012,74.125.24.0-255,1484,18447,44,259778
43109,0.000123,172.31.46.0-255,66,18513,44,259778
43110,0.000138,74.125.24.0-255,5738,24251,44,259778
43111,0.000141,172.31.46.0-255,66,24317,44,259778
43112,0.000155,74.125.24.0-255,1484,25801,44,259778
43113,0.000157,172.31.46.0-255,66,25867,44,259778
43114,0.000182,172.31.46.0-255,66,25933,44,259778
43115,0.000192,172.31.46.0-255,66,25999,44,259778
43116,0.000238,172.31.46.0-255,66,26065,44,259778
43117,0.000249,172.31.46.0-255,66,26131,44,259778
43118,0.00027,74.125.24.0-255,2815,28946,44,259778
43119,0.000272,172.31.46.0-255,66,29012,44,259778
43120,0.000294,74.125.24.0-255,414,29426,44,259778
43121,0.000296,172.31.46.0-255,66,29492,44,259778
43122,0.000588,74.125.24.0-255,1484,30976,44,259778
43123,0.000594,172.31.46.0-255,66,31042,44,259778
43124,0.000599,74.125.24.0-255,2902,33944,44,259778
43125,0.000602,172.31.46.0-255,66,34010,44,259778
43126,0.000609,74.125.24.0-255,5738,39748,44,259778
43127,0.000612,172.31.46.0-255,66,39814,44,259778
43128,0.000655,172.31.46.0-255,66,39880,44,259778
43129,0.00066,74.125.24.0-255,2902,42782,44,259778
43130,0.000662,172.31.46.0-255,66,42848,44,259778
43131,0.00069,172.31.46.0-255,66,42914,44,259778
43132,0.001048,74.125.24.0-255,1484,44398,44,259778
43133,0.001056,74.125.24.0-255,2902,47300,44,259778
43134,0.001059,172.31.46.0-255,66,47366,44,259778
43135,0.001065,74.125.24.0-255,2902,50268,44,259778
43136,0.001067,172.31.46.0-255,66,50334,44,259778
43137,0.001085,74.125.24.0-255,2902,53236,44,259778
43138,0.001091,74.125.24.0-255,4320,57556,44,259778
43139,0.001093,74.125.24.0-255,1484,59040,44,259778
43140,0.001097,172.31.46.0-255,66,59106,44,259778
43141,0.001099,172.31.46.0-255,66,59172,44,259778
43142,0.001137,172.31.46.0-255,66,59238,44,259778
43143,0.001148,172.31.46.0-255,66,59304,44,259778
43144,0.001517,74.125.24.0-255,1484,60788,44,259778
43145,0.001521,74.125.24.0-255,1484,62272,44,259778
43146,0.001527,172.31.46.0-255,66,62338,44,259778
43147,0.001541,74.125.24.0-255,1484,63822,44,259778
43148,0.001548,74.125.24.0-255,5738,69560,44,259778
43149,0.001551,172.31.46.0-255,66,69626,44,259778
43150,0.001569,74.125.24.0-255,2902,72528,44,259778
43151,0.001572,172.31.46.0-255,66,72594,44,259778
43152,0.001608,74.125.24.0-255,2902,75496,44,259778
43153,0.001612,172.31.46.0-255,66,75562,44,259778
43154,0.001615,172.31.46.0-255,66,75628,44,259778
43155,0.001639,172.31.46.0-255,66,75694,44,259778
43156,0.001706,74.125.24.0-255,5738,81432,44,259778
43157,0.001709,172.31.46.0-255,66,81498,44,259778
43158,0.001721,74.125.24.0-255,1484,82982,44,259778
43159,0.001732,172.31.46.0-255,66,83048,44,259778
43160,0.001743,172.31.46.0-255,66,83114,44,259778
43161,0.001767,172.31.46.0-255,66,83180,44,259778
43162,0.00177,74.125.24.0-255,766,83946,44,259778
43163,0.001881,74.125.24.0-255,1484,85430,44,259778
43164,0.001885,172.31.46.0-255,66,85496,44,259778
43165,0.00189,74.125.24.0-255,2902,88398,44,259778
43166,0.001892,172.31.46.0-255,66,88464,44,259778
43167,0.001915,74.125.24.0-255,5738,94202,44,259778
43168,0.001918,172.31.46.0-255,66,94268,44,259778
43169,0.001931,172.31.46.0-255,66,94334,44,259778
43170,0.001953,74.125.24.0-255,4320,98654,44,259778
43171,0.00196,74.125.24.0-255,5738,104392,44,259778
43172,0.001963,172.31.46.0-255,66,104458,44,259778
43173,0.001967,172.31.46.0-255,66,104524,44,259778
43174,0.001986,74.125.24.0-255,5020,109544,44,259778
43175,0.001989,172.31.46.0-255,66,109610,44,259778
43176,0.001996,74.125.24.0-255,5738,115348,44,259778
43177,0.001998,172.31.46.0-255,66,115414,44,259778
43178,0.002023,74.125.24.0-255,5738,121152,44,259778
43179,0.002026,172.31.46.0-255,66,121218,44,259778
43180,0.00204,74.125.24.0-255,7156,128374,44,259778
43181,0.002042,172.31.46.0-255,66,128440,44,259778
43182,0.002062,74.125.24.0-255,7156,135596,44,259778
43183,0.002064,172.31.46.0-255,66,135662,44,259778
43184,0.002093,172.31.46.0-255,66,135728,44,259778
43185,0.004433,74.125.24.0-255,5738,141466,44,259778
43186,0.004445,172.31.46.0-255,66,141532,44,259778
43187,0.006797,74.125.24.0-255,5738,147270,44,259778
43188,0.006805,172.31.46.0-255,66,147336,44,259778
43189,0.009189,74.125.24.0-255,5738,153074,44,259778
43190,0.009198,172.31.46.0-255,66,153140,44,259778
43191,0.01154,74.125.24.0-255,5738,158878,44,259778
43192,0.011548,172.31.46.0-255,66,158944,44,259778
43193,0.013903,74.125.24.0-255,5738,164682,44,259778
43194,0.013911,172.31.46.0-255,66,164748,44,259778
43195,0.016303,74.125.24.0-255,5738,170486,44,259778
43196,0.016311,172.31.46.0-255,66,170552,44,259778
43197,0.018691,74.125.24.0-255,5738,176290,44,259778
43198,0.018701,172.31.46.0-255,66,176356,44,259778
43199,0.02105,74.125.24.0-255,5738,182094,44,259778
43200,0.021059,172.31.46.0-255,66,182160,44,259778
43201,0.023442,74.125.24.0-255,5738,187898,44,259778
43202,0.023449,172.31.46.0-255,66,187964,44,259778
43203,0.025791,74.125.24.0-255,5738,193702,44,259778
43204,0.025798,172.31.46.0-255,66,193768,44,259778
43205,0.02818,74.125.24.0-255,5738,199506,44,259778
43206,0.028189,172.31.46.0-255,66,199572,44,259778
43207,0.030562,74.125.24.0-255,2902,202474,44,259778
43208,0.030571,172.31.46.0-255,66,202540,44,259778
43209,0.030592,74.125.24.0-255,2902,205442,44,259778
43210,0.030594,172.31.46.0-255,66,205508,44,259778
43211,0.033192,74.125.24.0-255,4320,209828,44,259778
43212,0.033199,172.31.46.0-255,66,209894,44,259778
43213,0.03322,74.125.24.0-255,1484,211378,44,259778
43214,0.035571,74.125.24.0-255,4320,215698,44,259778
43215,0.035579,172.31.46.0-255,66,215764,44,259778
43216,0.037985,74.125.24.0-255,5738,221502,44,259778
43217,0.037994,172.31.46.0-255,66,221568,44,259778
43218,0.039523,172.31.46.0-255,172,221740,44,259778
43219,0.039552,172.31.46.0-255,1109,222849,44,259778
43220,0.039623,172.31.46.0-255,1514,224363,44,259778
43221,0.039625,172.31.46.0-255,1514,225877,44,259778
43222,0.03963,172.31.46.0-255,1514,227391,44,259778
43223,0.039631,172.31.46.0-255,1514,228905,44,259778
43224,0.03965,172.31.46.0-255,1514,230419,44,259778
43225,0.039651,172.31.46.0-255,75,230494,44,259778
43226,0.040401,74.125.24.0-255,5738,236232,44,259778
43227,0.040408,172.31.46.0-255,66,236298,44,259778
43228,0.04106,104.244.42.0-255,66,236364,44,259778
43229,0.041103,104.244.42.0-255,66,236430,44,259778
43230,0.041195,104.244.42.0-255,66,236496,44,259778
43231,0.041201,104.244.42.0-255,66,236562,44,259778
43232,0.042803,74.125.24.0-255,5738,242300,44,259778
43233,0.042812,172.31.46.0-255,66,242366,44,259778
43234,0.045215,74.125.24.0-255,5738,248104,44,259778
43235,0.045223,172.31.46.0-255,66,248170,44,259778
43236,0.04758,74.125.24.0-255,5738,253908,44,259778
43237,0.047588,172.31.46.0-255,66,253974,44,259778
43238,0.049964,74.125.24.0-255,5738,259712,44,259778
43239,0.049971,172.31.46.0-255,66,259778,44,259778
43240,0.0,74.125.24.0-255,150,150,44,192202
43241,2.2e-05,172.31.46.0-255,66,216,44,192202
43242,3e-05,74.125.24.0-255,1484,1700,44,192202
43243,3.5e-05,172.31.46.0-255,66,1766,44,192202
43244,4e-05,74.125.24.0-255,2902,4668,44,192202
43245,5e-05,172.31.46.0-255,66,4734,44,192202
43246,5.5e-05,74.125.24.0-255,4320,9054,44,192202
43247,5.8e-05,172.31.46.0-255,66,9120,44,192202
43248,6.3e-05,74.125.24.0-255,2902,12022,44,192202
43249,6.6e-05,172.31.46.0-255,66,12088,44,192202
43250,9e-05,74.125.24.0-255,2047,14135,44,192202
43251,9.7e-05,172.31.46.0-255,66,14201,44,192202
43252,0.000104,74.125.24.0-255,5738,19939,44,192202
43253,0.000106,172.31.46.0-255,66,20005,44,192202
43254,0.000175,172.31.46.0-255,66,20071,44,192202
43255,0.000316,74.125.24.0-255,1484,21555,44,192202
43256,0.00032,172.31.46.0-255,66,21621,44,192202
43257,0.000325,74.125.24.0-255,1484,23105,44,192202
43258,0.000327,172.31.46.0-255,66,23171,44,192202
43259,0.000348,74.125.24.0-255,1484,24655,44,192202
43260,0.000351,172.31.46.0-255,66,24721,44,192202
43261,0.000363,74.125.24.0-255,5738,30459,44,192202
43262,0.000365,172.31.46.0-255,66,30525,44,192202
43263,0.000427,172.31.46.0-255,66,30591,44,192202
43264,0.000439,172.31.46.0-255,66,30657,44,192202
43265,0.000644,74.125.24.0-255,397,31054,44,192202
43266,0.000649,172.31.46.0-255,66,31120,44,192202
43267,0.000678,74.125.24.0-255,110,31230,44,192202
43268,0.000681,172.31.46.0-255,66,31296,44,192202
43269,0.000888,74.125.24.0-255,333,31629,44,192202
43270,0.00111,172.31.46.0-255,66,31695,44,192202
43271,0.001222,74.125.24.0-255,1484,33179,44,192202
43272,0.001241,74.125.24.0-255,2902,36081,44,192202
43273,0.001244,172.31.46.0-255,66,36147,44,192202
43274,0.001249,74.125.24.0-255,1484,37631,44,192202
43275,0.001253,74.125.24.0-255,2902,40533,44,192202
43276,0.001255,172.31.46.0-255,66,40599,44,192202
43277,0.001279,74.125.24.0-255,2902,43501,44,192202
43278,0.001281,172.31.46.0-255,66,43567,44,192202
43279,0.0013,172.31.46.0-255,66,43633,44,192202
43280,0.001313,172.31.46.0-255,66,43699,44,192202
43281,0.003297,74.125.24.0-255,5738,49437,44,192202
43282,0.003308,172.31.46.0-255,66,49503,44,192202
43283,0.005268,74.125.24.0-255,5738,55241,44,192202
43284,0.005273,172.31.46.0-255,66,55307,44,192202
43285,0.007255,74.125.24.0-255,5738,61045,44,192202
43286,0.007262,172.31.46.0-255,66,61111,44,192202
43287,0.009244,74.125.24.0-255,5738,66849,44,192202
43288,0.009254,172.31.46.0-255,66,66915,44,192202
43289,0.011241,74.125.24.0-255,5738,72653,44,192202
43290,0.011253,172.31.46.0-255,66,72719,44,192202
43291,0.013238,74.125.24.0-255,5738,78457,44,192202
43292,0.013249,172.31.46.0-255,66,78523,44,192202
43293,0.015241,74.125.24.0-255,5738,84261,44,192202
43294,0.015259,172.31.46.0-255,66,84327,44,192202
43295,0.017253,74.125.24.0-255,5738,90065,44,192202
43296,0.017265,172.31.46.0-255,66,90131,44,192202
43297,0.019248,74.125.24.0-255,5738,95869,44,192202
43298,0.019261,172.31.46.0-255,66,95935,44,192202
43299,0.021247,74.125.24.0-255,5738,101673,44,192202
43300,0.021261,172.31.46.0-255,66,101739,44,192202
43301,0.023275,74.125.24.0-255,5738,107477,44,192202
43302,0.023294,172.31.46.0-255,66,107543,44,192202
43303,0.025276,74.125.24.0-255,5738,113281,44,192202
43304,0.025286,172.31.46.0-255,66,113347,44,192202
43305,0.027292,74.125.24.0-255,5738,119085,44,192202
43306,0.027305,172.31.46.0-255,66,119151,44,192202
43307,0.029292,74.125.24.0-255,5738,124889,44,192202
43308,0.029304,172.31.46.0-255,66,124955,44,192202
43309,0.031302,74.125.24.0-255,5738,130693,44,192202
43310,0.031315,172.31.46.0-255,66,130759,44,192202
43311,0.033276,74.125.24.0-255,5738,136497,44,192202
43312,0.033285,172.31.46.0-255,66,136563,44,192202
43313,0.035256,74.125.24.0-255,5738,142301,44,192202
43314,0.035267,172.31.46.0-255,66,142367,44,192202
43315,0.037291,74.125.24.0-255,5738,148105,44,192202
43316,0.037305,172.31.46.0-255,66,148171,44,192202
43317,0.039309,74.125.24.0-255,5738,153909,44,192202
43318,0.039324,172.31.46.0-255,66,153975,44,192202
43319,0.041324,74.125.24.0-255,5738,159713,44,192202
43320,0.041335,172.31.46.0-255,66,159779,44,192202
43321,0.042394,172.31.46.0-255,188,159967,44,192202
43322,0.042431,172.31.46.0-255,955,160922,44,192202
43323,0.042508,172.31.46.0-255,1514,162436,44,192202
43324,0.04251,172.31.46.0-255,1514,163950,44,192202
43325,0.042515,172.31.46.0-255,1514,165464,44,192202
43326,0.042516,172.31.46.0-255,1514,166978,44,192202
43327,0.042535,172.31.46.0-255,1514,168492,44,192202
43328,0.042537,172.31.46.0-255,230,168722,44,192202
43329,0.04331,74.125.24.0-255,5738,174460,44,192202
43330,0.043319,172.31.46.0-255,66,174526,44,192202
43331,0.043921,104.244.42.0-255,66,174592,44,192202
43332,0.043953,104.244.42.0-255,66,174658,44,192202
43333,0.044074,104.244.42.0-255,66,174724,44,192202
43334,0.044081,104.244.42.0-255,66,174790,44,192202
43335,0.045306,74.125.24.0-255,5738,180528,44,192202
43336,0.045318,172.31.46.0-255,66,180594,44,192202
43337,0.047312,74.125.24.0-255,5738,186332,44,192202
43338,0.04732,172.31.46.0-255,66,186398,44,192202
43339,0.049285,74.125.24.0-255,5738,192136,44,192202
43340,0.049296,172.31.46.0-255,66,192202,44,192202
43341,0.0,172.217.194.0-255,153,153,44,220481
43342,1.6e-05,172.31.46.0-255,66,219,44,220481
43343,2.2e-05,172.217.194.0-255,1484,1703,44,220481
43344,2.6e-05,172.31.46.0-255,66,1769,44,220481
43345,3.1e-05,172.217.194.0-255,2902,4671,44,220481
43346,3.4e-05,172.31.46.0-255,66,4737,44,220481
43347,4e-05,172.217.194.0-255,5738,10475,44,220481
43348,4.2e-05,172.31.46.0-255,66,10541,44,220481
43349,5.9e-05,172.217.194.0-255,3473,14014,44,220481
43350,6.2e-05,172.31.46.0-255,66,14080,44,220481
43351,0.000163,172.217.194.0-255,1484,15564,44,220481
43352,0.000167,172.31.46.0-255,66,15630,44,220481
43353,0.000172,172.217.194.0-255,2902,18532,44,220481
43354,0.000174,172.31.46.0-255,66,18598,44,220481
43355,0.00019,172.217.194.0-255,5738,24336,44,220481
43356,0.000192,172.31.46.0-255,66,24402,44,220481
43357,0.000218,172.217.194.0-255,5738,30140,44,220481
43358,0.00022,172.31.46.0-255,66,30206,44,220481
43359,0.000244,172.217.194.0-255,3961,34167,44,220481
43360,0.000246,172.31.46.0-255,66,34233,44,220481
43361,0.000257,172.31.46.0-255,66,34299,44,220481
43362,0.000273,172.217.194.0-255,7156,41455,44,220481
43363,0.000275,172.31.46.0-255,66,41521,44,220481
43364,0.000301,172.31.46.0-255,66,41587,44,220481
43365,0.000303,172.217.194.0-255,366,41953,44,220481
43366,0.000305,172.31.46.0-255,66,42019,44,220481
43367,0.000434,172.217.194.0-255,1484,43503,44,220481
43368,0.000438,172.31.46.0-255,66,43569,44,220481
43369,0.000443,172.217.194.0-255,2902,46471,44,220481
43370,0.000445,172.31.46.0-255,66,46537,44,220481
43371,0.000461,172.217.194.0-255,5738,52275,44,220481
43372,0.000464,172.31.46.0-255,66,52341,44,220481
43373,0.000468,172.217.194.0-255,2902,55243,44,220481
43374,0.00047,172.31.46.0-255,66,55309,44,220481
43375,0.000491,172.217.194.0-255,2902,58211,44,220481
43376,0.000494,172.31.46.0-255,66,58277,44,220481
43377,0.000505,172.31.46.0-255,66,58343,44,220481
43378,0.00053,172.217.194.0-255,1484,59827,44,220481
43379,0.000538,172.217.194.0-255,5020,64847,44,220481
43380,0.00054,172.31.46.0-255,66,64913,44,220481
43381,0.000802,172.217.194.0-255,1484,66397,44,220481
43382,0.000808,172.217.194.0-255,2902,69299,44,220481
43383,0.000811,172.31.46.0-255,66,69365,44,220481
43384,0.000815,172.217.194.0-255,2902,72267,44,220481
43385,0.000817,172.31.46.0-255,66,72333,44,220481
43386,0.000834,172.217.194.0-255,2902,75235,44,220481
43387,0.000836,172.31.46.0-255,66,75301,44,220481
43388,0.000846,172.31.46.0-255,66,75367,44,220481
43389,0.000883,172.217.194.0-255,2902,78269,44,220481
43390,0.000885,172.31.46.0-255,66,78335,44,220481
43391,0.000919,172.31.46.0-255,66,78401,44,220481
43392,0.001079,172.217.194.0-255,1484,79885,44,220481
43393,0.001096,172.217.194.0-255,2902,82787,44,220481
43394,0.001099,172.31.46.0-255,66,82853,44,220481
43395,0.001103,172.217.194.0-255,2902,85755,44,220481
43396,0.001105,172.31.46.0-255,66,85821,44,220481
43397,0.001123,172.217.194.0-255,2902,88723,44,220481
43398,0.001125,172.31.46.0-255,66,88789,44,220481
43399,0.001161,172.31.46.0-255,66,88855,44,220481
43400,0.001185,172.217.194.0-255,2902,91757,44,220481
43401,0.001187,172.31.46.0-255,66,91823,44,220481
43402,0.001196,172.31.46.0-255,66,91889,44,220481
43403,0.001199,172.217.194.0-255,2184,94073,44,220481
43404,0.001201,172.31.46.0-255,66,94139,44,220481
43405,0.001286,172.217.194.0-255,1484,95623,44,220481
43406,0.001305,172.217.194.0-255,2902,98525,44,220481
43407,0.001307,172.31.46.0-255,66,98591,44,220481
43408,0.001312,172.217.194.0-255,2902,101493,44,220481
43409,0.001313,172.31.46.0-255,66,101559,44,220481
43410,0.00133,172.217.194.0-255,2902,104461,44,220481
43411,0.001332,172.31.46.0-255,66,104527,44,220481
43412,0.001338,172.217.194.0-255,5738,110265,44,220481
43413,0.00134,172.31.46.0-255,66,110331,44,220481
43414,0.001365,172.217.194.0-255,7156,117487,44,220481
43415,0.001368,172.31.46.0-255,66,117553,44,220481
43416,0.001377,172.31.46.0-255,66,117619,44,220481
43417,0.0014,172.217.194.0-255,2184,119803,44,220481
43418,0.001402,172.31.46.0-255,66,119869,44,220481
43419,0.001644,172.217.194.0-255,1484,121353,44,220481
43420,0.001656,172.217.194.0-255,2902,124255,44,220481
43421,0.001659,172.31.46.0-255,66,124321,44,220481
43422,0.001663,172.217.194.0-255,1484,125805,44,220481
43423,0.001679,172.217.194.0-255,4320,130125,44,220481
43424,0.001682,172.31.46.0-255,66,130191,44,220481
43425,0.001709,172.217.194.0-255,5738,135929,44,220481
43426,0.001711,172.31.46.0-255,66,135995,44,220481
43427,0.001735,172.217.194.0-255,7156,143151,44,220481
43428,0.001737,172.31.46.0-255,66,143217,44,220481
43429,0.001757,172.217.194.0-255,1484,144701,44,220481
43430,0.001779,172.31.46.0-255,66,144767,44,220481
43431,0.001844,172.217.194.0-255,1484,146251,44,220481
43432,0.001848,172.217.194.0-255,2902,149153,44,220481
43433,0.001851,172.31.46.0-255,66,149219,44,220481
43434,0.001854,172.217.194.0-255,1484,150703,44,220481
43435,0.00187,172.217.194.0-255,4320,155023,44,220481
43436,0.001872,172.31.46.0-255,66,155089,44,220481
43437,0.001886,172.217.194.0-255,1484,156573,44,220481
43438,0.001911,172.31.46.0-255,66,156639,44,220481
43439,0.001917,172.217.194.0-255,5738,162377,44,220481
43440,0.001918,172.31.46.0-255,66,162443,44,220481
43441,0.001954,172.217.194.0-255,4320,166763,44,220481
43442,0.001957,172.31.46.0-255,66,166829,44,220481
43443,0.001972,172.217.194.0-255,766,167595,44,220481
43444,0.002009,172.217.194.0-255,1484,169079,44,220481
43445,0.002012,172.31.46.0-255,66,169145,44,220481
43446,0.002015,172.217.194.0-255,1484,170629,44,220481
43447,0.002034,172.217.194.0-255,1484,172113,44,220481
43448,0.00204,172.217.194.0-255,5738,177851,44,220481
43449,0.002044,172.31.46.0-255,66,177917,44,220481
43450,0.002046,172.31.46.0-255,66,177983,44,220481
43451,0.002074,172.31.46.0-255,66,178049,44,220481
43452,0.002101,172.217.194.0-255,4320,182369,44,220481
43453,0.002103,172.31.46.0-255,66,182435,44,220481
43454,0.002108,172.217.194.0-255,4320,186755,44,220481
43455,0.00211,172.31.46.0-255,66,186821,44,220481
43456,0.002123,172.217.194.0-255,2902,189723,44,220481
43457,0.002126,172.31.46.0-255,66,189789,44,220481
43458,0.002161,172.31.46.0-255,66,189855,44,220481
43459,0.002168,172.217.194.0-255,7156,197011,44,220481
43460,0.00217,172.31.46.0-255,66,197077,44,220481
43461,0.002192,172.31.46.0-255,66,197143,44,220481
43462,0.00221,172.217.194.0-255,1484,198627,44,220481
43463,0.00225,172.31.46.0-255,66,198693,44,220481
43464,0.002282,172.31.46.0-255,66,198759,44,220481
43465,0.002301,172.217.194.0-255,2184,200943,44,220481
43466,0.002303,172.31.46.0-255,66,201009,44,220481
43467,0.002318,172.31.46.0-255,66,201075,44,220481
43468,0.002344,172.31.46.0-255,66,201141,44,220481
43469,0.002346,172.217.194.0-255,766,201907,44,220481
43470,0.002351,172.217.194.0-255,4320,206227,44,220481
43471,0.002353,172.31.46.0-255,66,206293,44,220481
43472,0.002373,172.217.194.0-255,4489,210782,44,220481
43473,0.002375,172.31.46.0-255,66,210848,44,220481
43474,0.002864,172.31.46.0-255,101,210949,44,220481
43475,0.004713,172.217.194.0-255,105,211054,44,220481
43476,0.005204,172.217.194.0-255,66,211120,44,220481
43477,0.00981,172.31.46.0-255,105,211225,44,220481
43478,0.01217,172.217.194.0-255,66,211291,44,220481
43479,0.039026,172.31.46.0-255,172,211463,44,220481
43480,0.03906,172.31.46.0-255,1114,212577,44,220481
43481,0.039132,172.31.46.0-255,1514,214091,44,220481
43482,0.039134,172.31.46.0-255,1514,215605,44,220481
43483,0.039136,172.31.46.0-255,1514,217119,44,220481
43484,0.039137,172.31.46.0-255,1514,218633,44,220481
43485,0.039138,172.31.46.0-255,1514,220147,44,220481
43486,0.039168,172.31.46.0-255,70,220217,44,220481
43487,0.040573,104.244.42.0-255,66,220283,44,220481
43488,0.040599,104.244.42.0-255,66,220349,44,220481
43489,0.040658,104.244.42.0-255,66,220415,44,220481
43490,0.040721,104.244.42.0-255,66,220481,44,220481
43491,0.0,74.125.68.0-255,148,148,44,261774
43492,1.5e-05,172.31.46.0-255,66,214,44,261774
43493,2.2e-05,74.125.68.0-255,1484,1698,44,261774
43494,2.6e-05,172.31.46.0-255,66,1764,44,261774
43495,3.2e-05,74.125.68.0-255,2902,4666,44,261774
43496,3.4e-05,172.31.46.0-255,66,4732,44,261774
43497,6.3e-05,74.125.68.0-255,2902,7634,44,261774
43498,7.1e-05,172.31.46.0-255,66,7700,44,261774
43499,0.000103,74.125.68.0-255,1484,9184,44,261774
43500,0.000106,172.31.46.0-255,66,9250,44,261774
43501,0.000113,74.125.68.0-255,4736,13986,44,261774
43502,0.000115,172.31.46.0-255,66,14052,44,261774
43503,0.000139,74.125.68.0-255,1484,15536,44,261774
43504,0.000141,172.31.46.0-255,66,15602,44,261774
43505,0.000144,74.125.68.0-255,1484,17086,44,261774
43506,0.000146,172.31.46.0-255,66,17152,44,261774
43507,0.000166,74.125.68.0-255,1484,18636,44,261774
43508,0.000172,172.31.46.0-255,66,18702,44,261774
43509,0.000196,74.125.68.0-255,1484,20186,44,261774
43510,0.000199,172.31.46.0-255,66,20252,44,261774
43511,0.000204,74.125.68.0-255,2902,23154,44,261774
43512,0.000206,172.31.46.0-255,66,23220,44,261774
43513,0.000228,74.125.68.0-255,4320,27540,44,261774
43514,0.00023,172.31.46.0-255,66,27606,44,261774
43515,0.000268,74.125.68.0-255,3961,31567,44,261774
43516,0.000271,172.31.46.0-255,66,31633,44,261774
43517,0.000427,74.125.68.0-255,1484,33117,44,261774
43518,0.000432,172.31.46.0-255,66,33183,44,261774
43519,0.000438,74.125.68.0-255,2902,36085,44,261774
43520,0.00044,172.31.46.0-255,66,36151,44,261774
43521,0.000496,74.125.68.0-255,5738,41889,44,261774
43522,0.0005,172.31.46.0-255,66,41955,44,261774
43523,0.000527,74.125.68.0-255,6797,48752,44,261774
43524,0.00053,172.31.46.0-255,66,48818,44,261774
43525,0.000532,74.125.68.0-255,1484,50302,44,261774
43526,0.000555,74.125.68.0-255,2902,53204,44,261774
43527,0.000557,172.31.46.0-255,66,53270,44,261774
43528,0.000561,74.125.68.0-255,1484,54754,44,261774
43529,0.000588,74.125.68.0-255,4320,59074,44,261774
43530,0.00059,172.31.46.0-255,66,59140,44,261774
43531,0.000595,74.125.68.0-255,2902,62042,44,261774
43532,0.000596,172.31.46.0-255,66,62108,44,261774
43533,0.00064,74.125.68.0-255,4541,66649,44,261774
43534,0.000643,172.31.46.0-255,66,66715,44,261774
43535,0.000867,74.125.68.0-255,1484,68199,44,261774
43536,0.000872,74.125.68.0-255,1484,69683,44,261774
43537,0.000882,172.31.46.0-255,66,69749,44,261774
43538,0.000888,74.125.68.0-255,2902,72651,44,261774
43539,0.00089,172.31.46.0-255,66,72717,44,261774
43540,0.000923,74.125.68.0-255,5738,78455,44,261774
43541,0.000925,172.31.46.0-255,66,78521,44,261774
43542,0.000929,74.125.68.0-255,1484,80005,44,261774
43543,0.000956,74.125.68.0-255,7156,87161,44,261774
43544,0.000959,172.31.46.0-255,66,87227,44,261774
43545,0.000967,74.125.68.0-255,7156,94383,44,261774
43546,0.000971,172.31.46.0-255,66,94449,44,261774
43547,0.001003,74.125.68.0-255,2902,97351,44,261774
43548,0.001006,172.31.46.0-255,66,97417,44,261774
43549,0.001012,74.125.68.0-255,3602,101019,44,261774
43550,0.001015,172.31.46.0-255,66,101085,44,261774
43551,0.001921,74.125.68.0-255,1484,102569,44,261774
43552,0.001932,74.125.68.0-255,2902,105471,44,261774
43553,0.001937,172.31.46.0-255,66,105537,44,261774
43554,0.001941,74.125.68.0-255,1484,107021,44,261774
43555,0.001945,74.125.68.0-255,2902,109923,44,261774
43556,0.001947,172.31.46.0-255,66,109989,44,261774
43557,0.001957,74.125.68.0-255,1484,111473,44,261774
43558,0.00198,74.125.68.0-255,2902,114375,44,261774
43559,0.001982,172.31.46.0-255,66,114441,44,261774
43560,0.003896,74.125.68.0-255,1484,115925,44,261774
43561,0.003921,74.125.68.0-255,1484,117409,44,261774
43562,0.003926,172.31.46.0-255,66,117475,44,261774
43563,0.003946,74.125.68.0-255,2902,120377,44,261774
43564,0.003948,172.31.46.0-255,66,120443,44,261774
43565,0.005879,74.125.68.0-255,5738,126181,44,261774
43566,0.005886,172.31.46.0-255,66,126247,44,261774
43567,0.007833,74.125.68.0-255,5738,131985,44,261774
43568,0.007839,172.31.46.0-255,66,132051,44,261774
43569,0.009797,74.125.68.0-255,5738,137789,44,261774
43570,0.009806,172.31.46.0-255,66,137855,44,261774
43571,0.011753,74.125.68.0-255,5738,143593,44,261774
43572,0.011761,172.31.46.0-255,66,143659,44,261774
43573,0.013719,74.125.68.0-255,5738,149397,44,261774
43574,0.013727,172.31.46.0-255,66,149463,44,261774
43575,0.01572,74.125.68.0-255,5738,155201,44,261774
43576,0.01573,172.31.46.0-255,66,155267,44,261774
43577,0.017685,74.125.68.0-255,5738,161005,44,261774
43578,0.017693,172.31.46.0-255,66,161071,44,261774
43579,0.019643,74.125.68.0-255,5738,166809,44,261774
43580,0.01965,172.31.46.0-255,66,166875,44,261774
43581,0.021593,74.125.68.0-255,4320,171195,44,261774
43582,0.021599,172.31.46.0-255,66,171261,44,261774
43583,0.021632,74.125.68.0-255,1484,172745,44,261774
43584,0.023554,74.125.68.0-255,4320,177065,44,261774
43585,0.023564,172.31.46.0-255,66,177131,44,261774
43586,0.025546,74.125.68.0-255,5738,182869,44,261774
43587,0.025554,172.31.46.0-255,66,182935,44,261774
43588,0.027495,74.125.68.0-255,5738,188673,44,261774
43589,0.027503,172.31.46.0-255,66,188739,44,261774
43590,0.029446,74.125.68.0-255,5738,194477,44,261774
43591,0.029454,172.31.46.0-255,66,194543,44,261774
43592,0.031403,74.125.68.0-255,5738,200281,44,261774
43593,0.031411,172.31.46.0-255,66,200347,44,261774
43594,0.033369,74.125.68.0-255,5738,206085,44,261774
43595,0.033375,172.31.46.0-255,66,206151,44,261774
43596,0.03532,74.125.68.0-255,5738,211889,44,261774
43597,0.035328,172.31.46.0-255,66,211955,44,261774
43598,0.035497,172.31.46.0-255,172,212127,44,261774
43599,0.035637,172.31.46.0-255,1109,213236,44,261774
43600,0.035711,172.31.46.0-255,1514,214750,44,261774
43601,0.035713,172.31.46.0-255,1514,216264,44,261774
43602,0.03572,172.31.46.0-255,1514,217778,44,261774
43603,0.035721,172.31.46.0-255,1514,219292,44,261774
43604,0.035739,172.31.46.0-255,1514,220806,44,261774
43605,0.03574,172.31.46.0-255,76,220882,44,261774
43606,0.037064,104.244.42.0-255,66,220948,44,261774
43607,0.037182,104.244.42.0-255,66,221014,44,261774
43608,0.037276,74.125.68.0-255,5738,226752,44,261774
43609,0.037283,172.31.46.0-255,66,226818,44,261774
43610,0.037311,104.244.42.0-255,66,226884,44,261774
43611,0.037317,104.244.42.0-255,66,226950,44,261774
43612,0.039262,74.125.68.0-255,5738,232688,44,261774
43613,0.039268,172.31.46.0-255,66,232754,44,261774
43614,0.041228,74.125.68.0-255,5738,238492,44,261774
43615,0.041234,172.31.46.0-255,66,238558,44,261774
43616,0.043207,74.125.68.0-255,5738,244296,44,261774
43617,0.043214,172.31.46.0-255,66,244362,44,261774
43618,0.045185,74.125.68.0-255,5738,250100,44,261774
43619,0.045192,172.31.46.0-255,66,250166,44,261774
43620,0.047144,74.125.68.0-255,5738,255904,44,261774
43621,0.04715,172.31.46.0-255,66,255970,44,261774
43622,0.049109,74.125.68.0-255,5738,261708,44,261774
43623,0.049115,172.31.46.0-255,66,261774,44,261774
43624,0.0,74.125.24.0-255,153,153,44,286154
43625,2.3e-05,172.31.46.0-255,66,219,44,286154
43626,3.1e-05,74.125.24.0-255,1484,1703,44,286154
43627,3.6e-05,172.31.46.0-255,66,1769,44,286154
43628,4.2e-05,74.125.24.0-255,2902,4671,44,286154
43629,4.6e-05,172.31.46.0-255,66,4737,44,286154
43630,5.3e-05,74.125.24.0-255,5738,10475,44,286154
43631,5.6e-05,172.31.46.0-255,66,10541,44,286154
43632,8.6e-05,74.125.24.0-255,3473,14014,44,286154
43633,8.9e-05,172.31.46.0-255,66,14080,44,286154
43634,0.000146,74.125.24.0-255,1484,15564,44,286154
43635,0.000149,172.31.46.0-255,66,15630,44,286154
43636,0.000171,74.125.24.0-255,2902,18532,44,286154
43637,0.000173,172.31.46.0-255,66,18598,44,286154
43638,0.000178,74.125.24.0-255,4320,22918,44,286154
43639,0.000181,172.31.46.0-255,66,22984,44,286154
43640,0.000228,74.125.24.0-255,5738,28722,44,286154
43641,0.000231,172.31.46.0-255,66,28788,44,286154
43642,0.00025,74.125.24.0-255,2543,31331,44,286154
43643,0.000252,172.31.46.0-255,66,31397,44,286154
43644,0.000532,74.125.24.0-255,1484,32881,44,286154
43645,0.000538,172.31.46.0-255,66,32947,44,286154
43646,0.000544,74.125.24.0-255,2902,35849,44,286154
43647,0.000547,172.31.46.0-255,66,35915,44,286154
43648,0.000553,74.125.24.0-255,4320,40235,44,286154
43649,0.000555,172.31.46.0-255,66,40301,44,286154
43650,0.000572,74.125.24.0-255,1484,41785,44,286154
43651,0.000575,172.31.46.0-255,66,41851,44,286154
43652,0.00058,74.125.24.0-255,4320,46171,44,286154
43653,0.000583,172.31.46.0-255,66,46237,44,286154
43654,0.000609,74.125.24.0-255,3961,50198,44,286154
43655,0.000613,172.31.46.0-255,66,50264,44,286154
43656,0.000623,172.31.46.0-255,66,50330,44,286154
43657,0.000645,74.125.24.0-255,1484,51814,44,286154
43658,0.000661,74.125.24.0-255,5735,57549,44,286154
43659,0.000664,172.31.46.0-255,66,57615,44,286154
43660,0.000718,74.125.24.0-255,1484,59099,44,286154
43661,0.000723,74.125.24.0-255,2902,62001,44,286154
43662,0.000726,172.31.46.0-255,66,62067,44,286154
43663,0.000734,74.125.24.0-255,5738,67805,44,286154
43664,0.000736,172.31.46.0-255,66,67871,44,286154
43665,0.000743,74.125.24.0-255,6797,74668,44,286154
43666,0.000745,172.31.46.0-255,66,74734,44,286154
43667,0.000782,74.125.24.0-255,2902,77636,44,286154
43668,0.000786,172.31.46.0-255,66,77702,44,286154
43669,0.000791,74.125.24.0-255,4320,82022,44,286154
43670,0.000794,172.31.46.0-255,66,82088,44,286154
43671,0.000815,74.125.24.0-255,5738,87826,44,286154
43672,0.000818,172.31.46.0-255,66,87892,44,286154
43673,0.00084,74.125.24.0-255,2902,90794,44,286154
43674,0.000842,74.125.24.0-255,1389,92183,44,286154
43675,0.000846,172.31.46.0-255,66,92249,44,286154
43676,0.001062,74.125.24.0-255,1484,93733,44,286154
43677,0.001068,172.31.46.0-255,66,93799,44,286154
43678,0.001075,74.125.24.0-255,2902,96701,44,286154
43679,0.001077,172.31.46.0-255,66,96767,44,286154
43680,0.001114,74.125.24.0-255,5738,102505,44,286154
43681,0.001117,172.31.46.0-255,66,102571,44,286154
43682,0.001124,74.125.24.0-255,5738,108309,44,286154
43683,0.001127,172.31.46.0-255,66,108375,44,286154
43684,0.001143,74.125.24.0-255,4320,112695,44,286154
43685,0.001145,172.31.46.0-255,66,112761,44,286154
43686,0.001151,74.125.24.0-255,4320,117081,44,286154
43687,0.001153,172.31.46.0-255,66,117147,44,286154
43688,0.001184,172.31.46.0-255,66,117213,44,286154
43689,0.001215,74.125.24.0-255,1484,118697,44,286154
43690,0.001229,74.125.24.0-255,2902,121599,44,286154
43691,0.001232,172.31.46.0-255,66,121665,44,286154
43692,0.001249,74.125.24.0-255,4320,125985,44,286154
43693,0.001252,172.31.46.0-255,66,126051,44,286154
43694,0.001293,74.125.24.0-255,2902,128953,44,286154
43695,0.001297,172.31.46.0-255,66,129019,44,286154
43696,0.001318,74.125.24.0-255,4320,133339,44,286154
43697,0.001321,172.31.46.0-255,66,133405,44,286154
43698,0.001332,172.31.46.0-255,66,133471,44,286154
43699,0.00136,172.31.46.0-255,66,133537,44,286154
43700,0.001422,74.125.24.0-255,1484,135021,44,286154
43701,0.001428,74.125.24.0-255,2902,137923,44,286154
43702,0.001431,172.31.46.0-255,66,137989,44,286154
43703,0.001456,74.125.24.0-255,4320,142309,44,286154
43704,0.00146,172.31.46.0-255,66,142375,44,286154
43705,0.001466,74.125.24.0-255,5738,148113,44,286154
43706,0.001469,172.31.46.0-255,66,148179,44,286154
43707,0.001483,74.125.24.0-255,2902,151081,44,286154
43708,0.001485,172.31.46.0-255,66,151147,44,286154
43709,0.001498,74.125.24.0-255,1484,152631,44,286154
43710,0.001526,172.31.46.0-255,66,152697,44,286154
43711,0.001546,74.125.24.0-255,2184,154881,44,286154
43712,0.001549,172.31.46.0-255,66,154947,44,286154
43713,0.003744,74.125.24.0-255,2902,157849,44,286154
43714,0.003752,172.31.46.0-255,66,157915,44,286154
43715,0.003777,74.125.24.0-255,2902,160817,44,286154
43716,0.00378,172.31.46.0-255,66,160883,44,286154
43717,0.00598,74.125.24.0-255,5738,166621,44,286154
43718,0.005987,172.31.46.0-255,66,166687,44,286154
43719,0.008205,74.125.24.0-255,5738,172425,44,286154
43720,0.008212,172.31.46.0-255,66,172491,44,286154
43721,0.010423,74.125.24.0-255,5738,178229,44,286154
43722,0.010434,172.31.46.0-255,66,178295,44,286154
43723,0.012668,74.125.24.0-255,5738,184033,44,286154
43724,0.012679,172.31.46.0-255,66,184099,44,286154
43725,0.014887,74.125.24.0-255,5738,189837,44,286154
43726,0.014894,172.31.46.0-255,66,189903,44,286154
43727,0.01713,74.125.24.0-255,5738,195641,44,286154
43728,0.017145,172.31.46.0-255,66,195707,44,286154
43729,0.01938,74.125.24.0-255,5738,201445,44,286154
43730,0.019399,172.31.46.0-255,66,201511,44,286154
43731,0.021674,74.125.24.0-255,5738,207249,44,286154
43732,0.021687,172.31.46.0-255,66,207315,44,286154
43733,0.023924,74.125.24.0-255,5738,213053,44,286154
43734,0.023937,172.31.46.0-255,66,213119,44,286154
43735,0.026168,74.125.24.0-255,5738,218857,44,286154
43736,0.026182,172.31.46.0-255,66,218923,44,286154
43737,0.028449,74.125.24.0-255,5738,224661,44,286154
43738,0.028458,172.31.46.0-255,66,224727,44,286154
43739,0.030686,74.125.24.0-255,5738,230465,44,286154
43740,0.030698,172.31.46.0-255,66,230531,44,286154
43741,0.03294,74.125.24.0-255,5738,236269,44,286154
43742,0.032955,172.31.46.0-255,66,236335,44,286154
43743,0.035231,74.125.24.0-255,5738,242073,44,286154
43744,0.035246,172.31.46.0-255,66,242139,44,286154
43745,0.03748,74.125.24.0-255,5738,247877,44,286154
43746,0.037488,172.31.46.0-255,66,247943,44,286154
43747,0.038178,172.31.46.0-255,172,248115,44,286154
43748,0.03821,172.31.46.0-255,1114,249229,44,286154
43749,0.038274,172.31.46.0-255,1514,250743,44,286154
43750,0.038276,172.31.46.0-255,1514,252257,44,286154
43751,0.038282,172.31.46.0-255,1514,253771,44,286154
43752,0.038283,172.31.46.0-255,1514,255285,44,286154
43753,0.038303,172.31.46.0-255,1514,256799,44,286154
43754,0.038304,172.31.46.0-255,71,256870,44,286154
43755,0.039722,104.244.42.0-255,66,256936,44,286154
43756,0.039747,74.125.24.0-255,5738,262674,44,286154
43757,0.039753,172.31.46.0-255,66,262740,44,286154
43758,0.03977,104.244.42.0-255,66,262806,44,286154
43759,0.039817,104.244.42.0-255,66,262872,44,286154
43760,0.039822,104.244.42.0-255,66,262938,44,286154
43761,0.041988,74.125.24.0-255,5738,268676,44,286154
43762,0.041999,172.31.46.0-255,66,268742,44,286154
43763,0.044229,74.125.24.0-255,5738,274480,44,286154
43764,0.04424,172.31.46.0-255,66,274546,44,286154
43765,0.046484,74.125.24.0-255,5738,280284,44,286154
43766,0.0465,172.31.46.0-255,66,280350,44,286154
43767,0.048724,74.125.24.0-255,5738,286088,44,286154
43768,0.048735,172.31.46.0-255,66,286154,44,286154
43769,0.0,74.125.130.0-255,155,155,44,295869
43770,2.5e-05,172.31.46.0-255,66,221,44,295869
43771,3.2e-05,74.125.130.0-255,1484,1705,44,295869
43772,3.8e-05,172.31.46.0-255,66,1771,44,295869
43773,4.1e-05,74.125.130.0-255,1484,3255,44,295869
43774,4.3e-05,172.31.46.0-255,66,3321,44,295869
43775,4.9e-05,74.125.130.0-255,2902,6223,44,295869
43776,5.2e-05,172.31.46.0-255,66,6289,44,295869
43777,5.9e-05,74.125.130.0-255,5738,12027,44,295869
43778,6.2e-05,172.31.46.0-255,66,12093,44,295869
43779,9.3e-05,74.125.130.0-255,6286,18379,44,295869
43780,9.7e-05,172.31.46.0-255,66,18445,44,295869
43781,0.000102,74.125.130.0-255,2902,21347,44,295869
43782,0.000104,172.31.46.0-255,66,21413,44,295869
43783,0.00012,74.125.130.0-255,4320,25733,44,295869
43784,0.000123,172.31.46.0-255,66,25799,44,295869
43785,0.000151,74.125.130.0-255,5379,31178,44,295869
43786,0.000153,172.31.46.0-255,66,31244,44,295869
43787,0.000261,74.125.130.0-255,1484,32728,44,295869
43788,0.000265,172.31.46.0-255,66,32794,44,295869
43789,0.000273,74.125.130.0-255,2902,35696,44,295869
43790,0.000276,172.31.46.0-255,66,35762,44,295869
43791,0.000282,74.125.130.0-255,5738,41500,44,295869
43792,0.000285,172.31.46.0-255,66,41566,44,295869
43793,0.000315,74.125.130.0-255,6797,48363,44,295869
43794,0.000317,172.31.46.0-255,66,48429,44,295869
43795,0.000334,74.125.130.0-255,2902,51331,44,295869
43796,0.000336,172.31.46.0-255,66,51397,44,295869
43797,0.000363,172.31.46.0-255,66,51463,44,295869
43798,0.000381,74.125.130.0-255,2794,54257,44,295869
43799,0.000383,172.31.46.0-255,66,54323,44,295869
43800,0.000455,74.125.130.0-255,404,54727,44,295869
43801,0.001019,172.31.46.0-255,66,54793,44,295869
43802,0.001099,74.125.130.0-255,1484,56277,44,295869
43803,0.001108,74.125.130.0-255,2902,59179,44,295869
43804,0.001112,172.31.46.0-255,66,59245,44,295869
43805,0.001116,74.125.130.0-255,1484,60729,44,295869
43806,0.001134,74.125.130.0-255,4320,65049,44,295869
43807,0.001137,172.31.46.0-255,66,65115,44,295869
43808,0.001143,74.125.130.0-255,4320,69435,44,295869
43809,0.001145,172.31.46.0-255,66,69501,44,295869
43810,0.001159,74.125.130.0-255,1484,70985,44,295869
43811,0.001176,74.125.130.0-255,6797,77782,44,295869
43812,0.001178,172.31.46.0-255,66,77848,44,295869
43813,0.001209,172.31.46.0-255,66,77914,44,295869
43814,0.001236,172.31.46.0-255,66,77980,44,295869
43815,0.001251,74.125.130.0-255,4320,82300,44,295869
43816,0.001253,172.31.46.0-255,66,82366,44,295869
43817,0.001265,74.125.130.0-255,1635,84001,44,295869
43818,0.001268,172.31.46.0-255,66,84067,44,295869
43819,0.001349,74.125.130.0-255,1484,85551,44,295869
43820,0.001354,74.125.130.0-255,1484,87035,44,295869
43821,0.001357,172.31.46.0-255,66,87101,44,295869
43822,0.001369,74.125.130.0-255,1484,88585,44,295869
43823,0.001372,74.125.130.0-255,1484,90069,44,295869
43824,0.001374,172.31.46.0-255,66,90135,44,295869
43825,0.001392,74.125.130.0-255,4320,94455,44,295869
43826,0.001394,172.31.46.0-255,66,94521,44,295869
43827,0.0014,74.125.130.0-255,4320,98841,44,295869
43828,0.001402,172.31.46.0-255,66,98907,44,295869
43829,0.001433,74.125.130.0-255,5738,104645,44,295869
43830,0.001436,172.31.46.0-255,66,104711,44,295869
43831,0.001448,172.31.46.0-255,66,104777,44,295869
43832,0.001473,74.125.130.0-255,2902,107679,44,295869
43833,0.001476,172.31.46.0-255,66,107745,44,295869
43834,0.00148,74.125.130.0-255,2184,109929,44,295869
43835,0.001482,172.31.46.0-255,66,109995,44,295869
43836,0.001993,74.125.130.0-255,1484,111479,44,295869
43837,0.002003,74.125.130.0-255,2902,114381,44,295869
43838,0.002008,172.31.46.0-255,66,114447,44,295869
43839,0.002014,74.125.130.0-255,4320,118767,44,295869
43840,0.002017,172.31.46.0-255,66,118833,44,295869
43841,0.002049,172.31.46.0-255,66,118899,44,295869
43842,0.002089,74.125.130.0-255,2902,121801,44,295869
43843,0.002091,172.31.46.0-255,66,121867,44,295869
43844,0.002114,74.125.130.0-255,1484,123351,44,295869
43845,0.002121,74.125.130.0-255,5738,129089,44,295869
43846,0.002123,172.31.46.0-255,66,129155,44,295869
43847,0.00213,74.125.130.0-255,6438,135593,44,295869
43848,0.002132,172.31.46.0-255,66,135659,44,295869
43849,0.002176,74.125.130.0-255,1484,137143,44,295869
43850,0.002189,74.125.130.0-255,2902,140045,44,295869
43851,0.002191,172.31.46.0-255,66,140111,44,295869
43852,0.002211,74.125.130.0-255,2902,143013,44,295869
43853,0.002214,172.31.46.0-255,66,143079,44,295869
43854,0.002219,74.125.130.0-255,4320,147399,44,295869
43855,0.002222,172.31.46.0-255,66,147465,44,295869
43856,0.002246,172.31.46.0-255,66,147531,44,295869
43857,0.002272,74.125.130.0-255,7156,154687,44,295869
43858,0.002275,172.31.46.0-255,66,154753,44,295869
43859,0.002319,74.125.130.0-255,4320,159073,44,295869
43860,0.002321,172.31.46.0-255,66,159139,44,295869
43861,0.002337,74.125.130.0-255,2184,161323,44,295869
43862,0.002339,172.31.46.0-255,66,161389,44,295869
43863,0.002536,74.125.130.0-255,1484,162873,44,295869
43864,0.002552,74.125.130.0-255,2902,165775,44,295869
43865,0.002555,172.31.46.0-255,66,165841,44,295869
43866,0.00257,74.125.130.0-255,4320,170161,44,295869
43867,0.002573,172.31.46.0-255,66,170227,44,295869
43868,0.002575,74.125.130.0-255,1484,171711,44,295869
43869,0.002601,74.125.130.0-255,7156,178867,44,295869
43870,0.002603,172.31.46.0-255,66,178933,44,295869
43871,0.002608,74.125.130.0-255,4320,183253,44,295869
43872,0.00261,172.31.46.0-255,66,183319,44,295869
43873,0.002613,74.125.130.0-255,1484,184803,44,295869
43874,0.005158,74.125.130.0-255,4320,189123,44,295869
43875,0.005163,172.31.46.0-255,66,189189,44,295869
43876,0.007756,74.125.130.0-255,5738,194927,44,295869
43877,0.007774,172.31.46.0-255,66,194993,44,295869
43878,0.010353,74.125.130.0-255,5738,200731,44,295869
43879,0.010372,172.31.46.0-255,66,200797,44,295869
43880,0.012961,74.125.130.0-255,5738,206535,44,295869
43881,0.012982,172.31.46.0-255,66,206601,44,295869
43882,0.015559,74.125.130.0-255,5738,212339,44,295869
43883,0.015579,172.31.46.0-255,66,212405,44,295869
43884,0.01819,74.125.130.0-255,5738,218143,44,295869
43885,0.01821,172.31.46.0-255,66,218209,44,295869
43886,0.020798,74.125.130.0-255,5738,223947,44,295869
43887,0.020815,172.31.46.0-255,66,224013,44,295869
43888,0.023383,74.125.130.0-255,5738,229751,44,295869
43889,0.023393,172.31.46.0-255,66,229817,44,295869
43890,0.025952,74.125.130.0-255,5738,235555,44,295869
43891,0.025961,172.31.46.0-255,66,235621,44,295869
43892,0.028536,74.125.130.0-255,5738,241359,44,295869
43893,0.028544,172.31.46.0-255,66,241425,44,295869
43894,0.031113,74.125.130.0-255,4320,245745,44,295869
43895,0.031123,172.31.46.0-255,66,245811,44,295869
43896,0.031141,74.125.130.0-255,1484,247295,44,295869
43897,0.033711,74.125.130.0-255,4320,251615,44,295869
43898,0.033719,172.31.46.0-255,66,251681,44,295869
43899,0.034617,172.31.46.0-255,172,251853,44,295869
43900,0.034651,172.31.46.0-255,1115,252968,44,295869
43901,0.034703,172.31.46.0-255,1514,254482,44,295869
43902,0.034705,172.31.46.0-255,1514,255996,44,295869
43903,0.034706,172.31.46.0-255,1514,257510,44,295869
43904,0.034707,172.31.46.0-255,1514,259024,44,295869
43905,0.034732,172.31.46.0-255,1514,260538,44,295869
43906,0.034733,172.31.46.0-255,69,260607,44,295869
43907,0.036288,104.244.42.0-255,66,260673,44,295869
43908,0.0363,74.125.130.0-255,5738,266411,44,295869
43909,0.036305,172.31.46.0-255,66,266477,44,295869
43910,0.036408,104.244.42.0-255,66,266543,44,295869
43911,0.036462,104.244.42.0-255,66,266609,44,295869
43912,0.036467,104.244.42.0-255,66,266675,44,295869
43913,0.037638,104.244.42.0-255,108,266783,44,295869
43914,0.037648,172.31.46.0-255,66,266849,44,295869
43915,0.038873,74.125.130.0-255,5738,272587,44,295869
43916,0.038878,172.31.46.0-255,66,272653,44,295869
43917,0.041475,74.125.130.0-255,5738,278391,44,295869
43918,0.041482,172.31.46.0-255,66,278457,44,295869
43919,0.044046,74.125.130.0-255,5738,284195,44,295869
43920,0.044055,172.31.46.0-255,66,284261,44,295869
43921,0.046623,74.125.130.0-255,5738,289999,44,295869
43922,0.04663,172.31.46.0-255,66,290065,44,295869
43923,0.049208,74.125.130.0-255,5738,295803,44,295869
43924,0.049214,172.31.46.0-255,66,295869,44,295869
43925,0.0,172.217.194.0-255,147,147,44,195762
43926,2.2e-05,172.31.46.0-255,66,213,44,195762
43927,2.9e-05,172.217.194.0-255,1484,1697,44,195762
43928,3.2e-05,172.31.46.0-255,66,1763,44,195762
43929,3.7e-05,172.217.194.0-255,2902,4665,44,195762
43930,4e-05,172.31.46.0-255,66,4731,44,195762
43931,5.5e-05,172.217.194.0-255,7156,11887,44,195762
43932,5.9e-05,172.31.46.0-255,66,11953,44,195762
43933,6.3e-05,172.217.194.0-255,3558,15511,44,195762
43934,6.6e-05,172.31.46.0-255,66,15577,44,195762
43935,7.2e-05,172.217.194.0-255,4320,19897,44,195762
43936,7.4e-05,172.31.46.0-255,66,19963,44,195762
43937,0.000113,172.31.46.0-255,66,20029,44,195762
43938,0.000116,172.217.194.0-255,2543,22572,44,195762
43939,0.000118,172.31.46.0-255,66,22638,44,195762
43940,0.000138,172.217.194.0-255,2902,25540,44,195762
43941,0.000141,172.31.46.0-255,66,25606,44,195762
43942,0.000145,172.217.194.0-255,4320,29926,44,195762
43943,0.000151,172.31.46.0-255,66,29992,44,195762
43944,0.000153,172.217.194.0-255,1484,31476,44,195762
43945,0.000155,172.31.46.0-255,66,31542,44,195762
43946,0.000184,172.217.194.0-255,7156,38698,44,195762
43947,0.000186,172.31.46.0-255,66,38764,44,195762
43948,0.000191,172.217.194.0-255,4320,43084,44,195762
43949,0.000193,172.31.46.0-255,66,43150,44,195762
43950,0.000222,172.217.194.0-255,2543,45693,44,195762
43951,0.000223,172.31.46.0-255,66,45759,44,195762
43952,0.00023,172.217.194.0-255,7156,52915,44,195762
43953,0.000232,172.31.46.0-255,66,52981,44,195762
43954,0.000273,172.217.194.0-255,4217,57198,44,195762
43955,0.000276,172.31.46.0-255,66,57264,44,195762
43956,0.000278,172.217.194.0-255,432,57696,44,195762
43957,0.000386,172.217.194.0-255,1484,59180,44,195762
43958,0.00039,172.31.46.0-255,66,59246,44,195762
43959,0.000395,172.217.194.0-255,2902,62148,44,195762
43960,0.000397,172.31.46.0-255,66,62214,44,195762
43961,0.000406,172.217.194.0-255,4320,66534,44,195762
43962,0.000408,172.31.46.0-255,66,66600,44,195762
43963,0.00043,172.217.194.0-255,1484,68084,44,195762
43964,0.000441,172.31.46.0-255,66,68150,44,195762
43965,0.000464,172.217.194.0-255,2902,71052,44,195762
43966,0.000466,172.31.46.0-255,66,71118,44,195762
43967,0.000479,172.31.46.0-255,66,71184,44,195762
43968,0.000624,172.217.194.0-255,1484,72668,44,195762
43969,0.000629,172.217.194.0-255,1484,74152,44,195762
43970,0.000633,172.31.46.0-255,66,74218,44,195762
43971,0.000661,172.217.194.0-255,1484,75702,44,195762
43972,0.000667,172.217.194.0-255,5738,81440,44,195762
43973,0.00067,172.31.46.0-255,66,81506,44,195762
43974,0.000679,172.31.46.0-255,66,81572,44,195762
43975,0.000753,172.31.46.0-255,66,81638,44,195762
43976,0.000767,172.31.46.0-255,66,81704,44,195762
43977,0.000779,172.31.46.0-255,66,81770,44,195762
43978,0.000805,172.217.194.0-255,2902,84672,44,195762
43979,0.000807,172.31.46.0-255,66,84738,44,195762
43980,0.000812,172.217.194.0-255,3602,88340,44,195762
43981,0.000815,172.31.46.0-255,66,88406,44,195762
43982,0.000951,172.217.194.0-255,1484,89890,44,195762
43983,0.000957,172.217.194.0-255,2902,92792,44,195762
43984,0.00096,172.31.46.0-255,66,92858,44,195762
43985,0.000963,172.217.194.0-255,1484,94342,44,195762
43986,0.000989,172.217.194.0-255,4320,98662,44,195762
43987,0.000992,172.31.46.0-255,66,98728,44,195762
43988,0.001003,172.31.46.0-255,66,98794,44,195762
43989,0.001031,172.217.194.0-255,1484,100278,44,195762
43990,0.001042,172.31.46.0-255,66,100344,44,195762
43991,0.001085,172.217.194.0-255,1484,101828,44,195762
43992,0.001098,172.217.194.0-255,2902,104730,44,195762
43993,0.001101,172.31.46.0-255,66,104796,44,195762
43994,0.001104,172.217.194.0-255,1484,106280,44,195762
43995,0.001127,172.217.194.0-255,4320,110600,44,195762
43996,0.001129,172.31.46.0-255,66,110666,44,195762
43997,0.001136,172.217.194.0-255,7156,117822,44,195762
43998,0.001138,172.31.46.0-255,66,117888,44,195762
43999,0.001154,172.217.194.0-255,5738,123626,44,195762
44000,0.001157,172.31.46.0-255,66,123692,44,195762
44001,0.00116,172.217.194.0-255,2902,126594,44,195762
44002,0.001163,172.31.46.0-255,66,126660,44,195762
44003,0.001194,172.31.46.0-255,66,126726,44,195762
44004,0.001226,172.31.46.0-255,66,126792,44,195762
44005,0.001232,172.217.194.0-255,5738,132530,44,195762
44006,0.001234,172.31.46.0-255,66,132596,44,195762
44007,0.001256,172.217.194.0-255,4320,136916,44,195762
44008,0.001258,172.31.46.0-255,66,136982,44,195762
44009,0.001261,172.217.194.0-255,1484,138466,44,195762
44010,0.001303,172.31.46.0-255,66,138532,44,195762
44011,0.001406,172.217.194.0-255,1484,140016,44,195762
44012,0.00141,172.217.194.0-255,2902,142918,44,195762
44013,0.001416,172.31.46.0-255,66,142984,44,195762
44014,0.001443,172.217.194.0-255,5738,148722,44,195762
44015,0.001467,172.217.194.0-255,2902,151624,44,195762
44016,0.00147,172.31.46.0-255,66,151690,44,195762
44017,0.001479,172.217.194.0-255,4320,156010,44,195762
44018,0.001487,172.31.46.0-255,66,156076,44,195762
44019,0.001503,172.217.194.0-255,3602,159678,44,195762
44020,0.001546,172.217.194.0-255,1484,161162,44,195762
44021,0.00155,172.217.194.0-255,2902,164064,44,195762
44022,0.001556,172.217.194.0-255,5738,169802,44,195762
44023,0.001558,172.217.194.0-255,1484,171286,44,195762
44024,0.001568,172.31.46.0-255,66,171352,44,195762
44025,0.001621,172.217.194.0-255,1484,172836,44,195762
44026,0.001625,172.31.46.0-255,66,172902,44,195762
44027,0.001649,172.217.194.0-255,2902,175804,44,195762
44028,0.001655,172.217.194.0-255,5738,181542,44,195762
44029,0.001662,172.31.46.0-255,66,181608,44,195762
44030,0.001718,172.31.46.0-255,66,181674,44,195762
44031,0.001742,172.217.194.0-255,4320,185994,44,195762
44032,0.00175,172.31.46.0-255,66,186060,44,195762
44033,0.001804,172.217.194.0-255,105,186165,44,195762
44034,0.001825,172.31.46.0-255,66,186231,44,195762
44035,0.002494,172.31.46.0-255,101,186332,44,195762
44036,0.004772,172.217.194.0-255,66,186398,44,195762
44037,0.010872,172.31.46.0-255,105,186503,44,195762
44038,0.01316,172.217.194.0-255,66,186569,44,195762
44039,0.035657,172.31.46.0-255,172,186741,44,195762
44040,0.035689,172.31.46.0-255,1114,187855,44,195762
44041,0.035758,172.31.46.0-255,1514,189369,44,195762
44042,0.03576,172.31.46.0-255,1514,190883,44,195762
44043,0.035765,172.31.46.0-255,1514,192397,44,195762
44044,0.035767,172.31.46.0-255,1514,193911,44,195762
44045,0.035787,172.31.46.0-255,1514,195425,44,195762
44046,0.035788,172.31.46.0-255,73,195498,44,195762
44047,0.03714,104.244.42.0-255,66,195564,44,195762
44048,0.037151,104.244.42.0-255,66,195630,44,195762
44049,0.037263,104.244.42.0-255,66,195696,44,195762
44050,0.037269,104.244.42.0-255,66,195762,44,195762
44051,0.0,34.213.214.0-255,97,97,44,260
44052,0.000182,172.31.46.0-255,97,194,44,260
44053,0.000195,172.31.46.0-255,66,260,44,260
44054,0.0,74.125.24.0-255,294,294,44,245573
44055,1.7e-05,172.31.46.0-255,66,360,44,245573
44056,2.2e-05,74.125.24.0-255,1484,1844,44,245573
44057,2.6e-05,172.31.46.0-255,66,1910,44,245573
44058,2.9e-05,74.125.24.0-255,1484,3394,44,245573
44059,3.8e-05,172.31.46.0-255,66,3460,44,245573
44060,4.4e-05,74.125.24.0-255,2902,6362,44,245573
44061,4.7e-05,172.31.46.0-255,66,6428,44,245573
44062,8e-05,74.125.24.0-255,5738,12166,44,245573
44063,8.3e-05,172.31.46.0-255,66,12232,44,245573
44064,8.8e-05,74.125.24.0-255,3354,15586,44,245573
44065,9e-05,172.31.46.0-255,66,15652,44,245573
44066,9.5e-05,74.125.24.0-255,4320,19972,44,245573
44067,9.7e-05,172.31.46.0-255,66,20038,44,245573
44068,0.00013,172.31.46.0-255,66,20104,44,245573
44069,0.000132,74.125.24.0-255,1125,21229,44,245573
44070,0.000134,172.31.46.0-255,66,21295,44,245573
44071,0.000314,74.125.24.0-255,1484,22779,44,245573
44072,0.000319,172.31.46.0-255,66,22845,44,245573
44073,0.000325,74.125.24.0-255,2902,25747,44,245573
44074,0.000327,172.31.46.0-255,66,25813,44,245573
44075,0.00033,74.125.24.0-255,1484,27297,44,245573
44076,0.000332,172.31.46.0-255,66,27363,44,245573
44077,0.000352,74.125.24.0-255,4320,31683,44,245573
44078,0.000359,172.31.46.0-255,66,31749,44,245573
44079,0.000395,172.31.46.0-255,66,31815,44,245573
44080,0.000415,74.125.24.0-255,3961,35776,44,245573
44081,0.000418,172.31.46.0-255,66,35842,44,245573
44082,0.000424,74.125.24.0-255,5738,41580,44,245573
44083,0.000426,172.31.46.0-255,66,41646,44,245573
44084,0.000429,74.125.24.0-255,1484,43130,44,245573
44085,0.000459,74.125.24.0-255,3123,46253,44,245573
44086,0.000462,172.31.46.0-255,66,46319,44,245573
44087,0.000484,74.125.24.0-255,1484,47803,44,245573
44088,0.000499,74.125.24.0-255,2902,50705,44,245573
44089,0.000502,172.31.46.0-255,66,50771,44,245573
44090,0.000506,74.125.24.0-255,2902,53673,44,245573
44091,0.000508,172.31.46.0-255,66,53739,44,245573
44092,0.00053,74.125.24.0-255,2902,56641,44,245573
44093,0.000533,172.31.46.0-255,66,56707,44,245573
44094,0.000542,74.125.24.0-255,4320,61027,44,245573
44095,0.000544,172.31.46.0-255,66,61093,44,245573
44096,0.000568,74.125.24.0-255,2543,63636,44,245573
44097,0.000571,172.31.46.0-255,66,63702,44,245573
44098,0.000579,74.125.24.0-255,7156,70858,44,245573
44099,0.000586,172.31.46.0-255,66,70924,44,245573
44100,0.000597,172.31.46.0-255,66,70990,44,245573
44101,0.000621,74.125.24.0-255,1125,72115,44,245573
44102,0.001436,172.31.46.0-255,66,72181,44,245573
44103,0.001715,74.125.24.0-255,1484,73665,44,245573
44104,0.001724,74.125.24.0-255,2902,76567,44,245573
44105,0.001728,172.31.46.0-255,66,76633,44,245573
44106,0.001735,74.125.24.0-255,5738,82371,44,245573
44107,0.001736,172.31.46.0-255,66,82437,44,245573
44108,0.00177,172.31.46.0-255,66,82503,44,245573
44109,0.001818,172.31.46.0-255,66,82569,44,245573
44110,0.002001,74.125.24.0-255,1484,84053,44,245573
44111,0.00201,74.125.24.0-255,2902,86955,44,245573
44112,0.002013,172.31.46.0-255,66,87021,44,245573
44113,0.00202,74.125.24.0-255,4320,91341,44,245573
44114,0.002023,172.31.46.0-255,66,91407,44,245573
44115,0.002038,74.125.24.0-255,1484,92891,44,245573
44116,0.002043,74.125.24.0-255,2902,95793,44,245573
44117,0.002049,172.31.46.0-255,66,95859,44,245573
44118,0.002076,172.31.46.0-255,66,95925,44,245573
44119,0.002095,74.125.24.0-255,1484,97409,44,245573
44120,0.002103,74.125.24.0-255,7156,104565,44,245573
44121,0.002105,172.31.46.0-255,66,104631,44,245573
44122,0.00211,74.125.24.0-255,3602,108233,44,245573
44123,0.002112,172.31.46.0-255,66,108299,44,245573
44124,0.002139,74.125.24.0-255,4320,112619,44,245573
44125,0.002146,172.31.46.0-255,66,112685,44,245573
44126,0.002154,74.125.24.0-255,7156,119841,44,245573
44127,0.002156,172.31.46.0-255,66,119907,44,245573
44128,0.002188,74.125.24.0-255,2902,122809,44,245573
44129,0.002191,172.31.46.0-255,66,122875,44,245573
44130,0.002198,74.125.24.0-255,5738,128613,44,245573
44131,0.0022,172.31.46.0-255,66,128679,44,245573
44132,0.002233,172.31.46.0-255,66,128745,44,245573
44133,0.002293,172.31.46.0-255,66,128811,44,245573
44134,0.002297,74.125.24.0-255,2902,131713,44,245573
44135,0.0023,172.31.46.0-255,66,131779,44,245573
44136,0.002336,172.31.46.0-255,66,131845,44,245573
44137,0.002348,172.31.46.0-255,66,131911,44,245573
44138,0.004915,74.125.24.0-255,5738,137649,44,245573
44139,0.004922,172.31.46.0-255,66,137715,44,245573
44140,0.007498,74.125.24.0-255,5738,143453,44,245573
44141,0.007504,172.31.46.0-255,66,143519,44,245573
44142,0.01008,74.125.24.0-255,5738,149257,44,245573
44143,0.010087,172.31.46.0-255,66,149323,44,245573
44144,0.01268,74.125.24.0-255,5738,155061,44,245573
44145,0.012687,172.31.46.0-255,66,155127,44,245573
44146,0.01534,74.125.24.0-255,5738,160865,44,245573
44147,0.01535,172.31.46.0-255,66,160931,44,245573
44148,0.017929,74.125.24.0-255,5738,166669,44,245573
44149,0.017941,172.31.46.0-255,66,166735,44,245573
44150,0.020511,74.125.24.0-255,5738,172473,44,245573
44151,0.020519,172.31.46.0-255,66,172539,44,245573
44152,0.023073,74.125.24.0-255,5738,178277,44,245573
44153,0.023081,172.31.46.0-255,66,178343,44,245573
44154,0.025629,74.125.24.0-255,5738,184081,44,245573
44155,0.025636,172.31.46.0-255,66,184147,44,245573
44156,0.028179,74.125.24.0-255,5738,189885,44,245573
44157,0.028185,172.31.46.0-255,66,189951,44,245573
44158,0.030742,74.125.24.0-255,5738,195689,44,245573
44159,0.030751,172.31.46.0-255,66,195755,44,245573
44160,0.031886,172.31.46.0-255,172,195927,44,245573
44161,0.031914,172.31.46.0-255,1114,197041,44,245573
44162,0.031967,172.31.46.0-255,1514,198555,44,245573
44163,0.031968,172.31.46.0-255,1514,200069,44,245573
44164,0.031973,172.31.46.0-255,1514,201583,44,245573
44165,0.031974,172.31.46.0-255,1514,203097,44,245573
44166,0.031993,172.31.46.0-255,1514,204611,44,245573
44167,0.031994,172.31.46.0-255,70,204681,44,245573
44168,0.033343,74.125.24.0-255,5738,210419,44,245573
44169,0.03335,172.31.46.0-255,66,210485,44,245573
44170,0.033431,104.244.42.0-255,66,210551,44,245573
44171,0.033479,104.244.42.0-255,66,210617,44,245573
44172,0.033506,104.244.42.0-255,66,210683,44,245573
44173,0.033557,104.244.42.0-255,66,210749,44,245573
44174,0.035936,74.125.24.0-255,5738,216487,44,245573
44175,0.035943,172.31.46.0-255,66,216553,44,245573
44176,0.038521,74.125.24.0-255,5738,222291,44,245573
44177,0.038528,172.31.46.0-255,66,222357,44,245573
44178,0.041112,74.125.24.0-255,5738,228095,44,245573
44179,0.041118,172.31.46.0-255,66,228161,44,245573
44180,0.043682,74.125.24.0-255,5738,233899,44,245573
44181,0.043691,172.31.46.0-255,66,233965,44,245573
44182,0.046259,74.125.24.0-255,5738,239703,44,245573
44183,0.046265,172.31.46.0-255,66,239769,44,245573
44184,0.048836,74.125.24.0-255,5738,245507,44,245573
44185,0.048843,172.31.46.0-255,66,245573,44,245573
44186,0.0,74.125.68.0-255,153,153,44,308035
44187,2.2e-05,172.31.46.0-255,66,219,44,308035
44188,2.9e-05,74.125.68.0-255,1484,1703,44,308035
44189,3.3e-05,172.31.46.0-255,66,1769,44,308035
44190,3.6e-05,74.125.68.0-255,1484,3253,44,308035
44191,4.7e-05,172.31.46.0-255,66,3319,44,308035
44192,6.7e-05,74.125.68.0-255,2902,6221,44,308035
44193,7e-05,172.31.46.0-255,66,6287,44,308035
44194,7.8e-05,74.125.68.0-255,1484,7771,44,308035
44195,8e-05,172.31.46.0-255,66,7837,44,308035
44196,0.000118,74.125.68.0-255,2902,10739,44,308035
44197,0.000121,172.31.46.0-255,66,10805,44,308035
44198,0.000126,74.125.68.0-255,3503,14308,44,308035
44199,0.000129,172.31.46.0-255,66,14374,44,308035
44200,0.000145,74.125.68.0-255,1484,15858,44,308035
44201,0.000147,172.31.46.0-255,66,15924,44,308035
44202,0.000176,74.125.68.0-255,2902,18826,44,308035
44203,0.000178,172.31.46.0-255,66,18892,44,308035
44204,0.000187,74.125.68.0-255,7156,26048,44,308035
44205,0.000189,172.31.46.0-255,66,26114,44,308035
44206,0.000209,74.125.68.0-255,2902,29016,44,308035
44207,0.000212,172.31.46.0-255,66,29082,44,308035
44208,0.000239,74.125.68.0-255,2543,31625,44,308035
44209,0.000242,172.31.46.0-255,66,31691,44,308035
44210,0.000286,74.125.68.0-255,1484,33175,44,308035
44211,0.000289,172.31.46.0-255,66,33241,44,308035
44212,0.000294,74.125.68.0-255,2902,36143,44,308035
44213,0.000296,172.31.46.0-255,66,36209,44,308035
44214,0.000336,74.125.68.0-255,5738,41947,44,308035
44215,0.000339,172.31.46.0-255,66,42013,44,308035
44216,0.000345,74.125.68.0-255,4320,46333,44,308035
44217,0.000347,172.31.46.0-255,66,46399,44,308035
44218,0.000379,74.125.68.0-255,5379,51778,44,308035
44219,0.000382,172.31.46.0-255,66,51844,44,308035
44220,0.000435,74.125.68.0-255,5738,57582,44,308035
44221,0.000439,172.31.46.0-255,66,57648,44,308035
44222,0.000476,172.31.46.0-255,66,57714,44,308035
44223,0.00048,74.125.68.0-255,111,57825,44,308035
44224,0.000592,74.125.68.0-255,1484,59309,44,308035
44225,0.000596,172.31.46.0-255,66,59375,44,308035
44226,0.000602,74.125.68.0-255,2902,62277,44,308035
44227,0.000604,172.31.46.0-255,66,62343,44,308035
44228,0.000622,74.125.68.0-255,4320,66663,44,308035
44229,0.000625,172.31.46.0-255,66,66729,44,308035
44230,0.000644,74.125.68.0-255,1484,68213,44,308035
44231,0.00067,74.125.68.0-255,2902,71115,44,308035
44232,0.000673,172.31.46.0-255,66,71181,44,308035
44233,0.000685,172.31.46.0-255,66,71247,44,308035
44234,0.000749,74.125.68.0-255,7156,78403,44,308035
44235,0.000752,172.31.46.0-255,66,78469,44,308035
44236,0.000776,74.125.68.0-255,1484,79953,44,308035
44237,0.000811,74.125.68.0-255,3869,83822,44,308035
44238,0.000829,172.31.46.0-255,66,83888,44,308035
44239,0.000839,74.125.68.0-255,4320,88208,44,308035
44240,0.000855,172.31.46.0-255,66,88274,44,308035
44241,0.000893,172.31.46.0-255,66,88340,44,308035
44242,0.00094,74.125.68.0-255,2902,91242,44,308035
44243,0.000951,74.125.68.0-255,1484,92726,44,308035
44244,0.000989,172.31.46.0-255,66,92792,44,308035
44245,0.00106,74.125.68.0-255,1484,94276,44,308035
44246,0.00108,74.125.68.0-255,2902,97178,44,308035
44247,0.001098,74.125.68.0-255,5738,102916,44,308035
44248,0.001103,172.31.46.0-255,66,102982,44,308035
44249,0.001139,74.125.68.0-255,7156,110138,44,308035
44250,0.001146,172.31.46.0-255,66,110204,44,308035
44251,0.001209,74.125.68.0-255,5738,115942,44,308035
44252,0.001215,172.31.46.0-255,66,116008,44,308035
44253,0.00129,74.125.68.0-255,2184,118192,44,308035
44254,0.001301,172.31.46.0-255,66,118258,44,308035
44255,0.001304,74.125.68.0-255,1484,119742,44,308035
44256,0.001367,172.31.46.0-255,66,119808,44,308035
44257,0.00146,74.125.68.0-255,5020,124828,44,308035
44258,0.001463,172.31.46.0-255,66,124894,44,308035
44259,0.001469,172.31.46.0-255,66,124960,44,308035
44260,0.001544,74.125.68.0-255,1484,126444,44,308035
44261,0.00155,74.125.68.0-255,2902,129346,44,308035
44262,0.001553,172.31.46.0-255,66,129412,44,308035
44263,0.001582,74.125.68.0-255,5738,135150,44,308035
44264,0.001605,172.31.46.0-255,66,135216,44,308035
44265,0.001648,74.125.68.0-255,1484,136700,44,308035
44266,0.001653,172.31.46.0-255,66,136766,44,308035
44267,0.001709,74.125.68.0-255,2902,139668,44,308035
44268,0.001721,172.31.46.0-255,66,139734,44,308035
44269,0.00173,74.125.68.0-255,2902,142636,44,308035
44270,0.001734,172.31.46.0-255,66,142702,44,308035
44271,0.001757,74.125.68.0-255,5020,147722,44,308035
44272,0.001782,172.31.46.0-255,66,147788,44,308035
44273,0.001808,74.125.68.0-255,5738,153526,44,308035
44274,0.001814,172.31.46.0-255,66,153592,44,308035
44275,0.001853,74.125.68.0-255,7156,160748,44,308035
44276,0.001871,172.31.46.0-255,66,160814,44,308035
44277,0.001903,74.125.68.0-255,5738,166552,44,308035
44278,0.001909,172.31.46.0-255,66,166618,44,308035
44279,0.001917,74.125.68.0-255,2902,169520,44,308035
44280,0.001923,172.31.46.0-255,66,169586,44,308035
44281,0.001947,74.125.68.0-255,2902,172488,44,308035
44282,0.001964,172.31.46.0-255,66,172554,44,308035
44283,0.002008,172.31.46.0-255,66,172620,44,308035
44284,0.004025,74.125.68.0-255,5738,178358,44,308035
44285,0.004033,172.31.46.0-255,66,178424,44,308035
44286,0.006028,74.125.68.0-255,5738,184162,44,308035
44287,0.006034,172.31.46.0-255,66,184228,44,308035
44288,0.008019,74.125.68.0-255,5738,189966,44,308035
44289,0.008023,172.31.46.0-255,66,190032,44,308035
44290,0.010018,74.125.68.0-255,5738,195770,44,308035
44291,0.010024,172.31.46.0-255,66,195836,44,308035
44292,0.012023,74.125.68.0-255,5738,201574,44,308035
44293,0.01203,172.31.46.0-255,66,201640,44,308035
44294,0.014017,74.125.68.0-255,5738,207378,44,308035
44295,0.014024,172.31.46.0-255,66,207444,44,308035
44296,0.016023,74.125.68.0-255,5738,213182,44,308035
44297,0.016031,172.31.46.0-255,66,213248,44,308035
44298,0.018026,74.125.68.0-255,5738,218986,44,308035
44299,0.018037,172.31.46.0-255,66,219052,44,308035
44300,0.020028,74.125.68.0-255,4320,223372,44,308035
44301,0.020036,172.31.46.0-255,66,223438,44,308035
44302,0.020068,74.125.68.0-255,1484,224922,44,308035
44303,0.022033,74.125.68.0-255,4320,229242,44,308035
44304,0.02204,172.31.46.0-255,66,229308,44,308035
44305,0.024038,74.125.68.0-255,5738,235046,44,308035
44306,0.024046,172.31.46.0-255,66,235112,44,308035
44307,0.026039,74.125.68.0-255,5738,240850,44,308035
44308,0.026046,172.31.46.0-255,66,240916,44,308035
44309,0.028045,74.125.68.0-255,5738,246654,44,308035
44310,0.028052,172.31.46.0-255,66,246720,44,308035
44311,0.030043,74.125.68.0-255,5738,252458,44,308035
44312,0.03005,172.31.46.0-255,66,252524,44,308035
44313,0.032041,74.125.68.0-255,5738,258262,44,308035
44314,0.032048,172.31.46.0-255,66,258328,44,308035
44315,0.034053,74.125.68.0-255,5738,264066,44,308035
44316,0.034061,172.31.46.0-255,66,264132,44,308035
44317,0.036053,74.125.68.0-255,5738,269870,44,308035
44318,0.036061,172.31.46.0-255,66,269936,44,308035
44319,0.038059,74.125.68.0-255,5738,275674,44,308035
44320,0.038067,172.31.46.0-255,66,275740,44,308035
44321,0.039678,172.31.46.0-255,172,275912,44,308035
44322,0.039724,172.31.46.0-255,1114,277026,44,308035
44323,0.039791,172.31.46.0-255,1514,278540,44,308035
44324,0.039793,172.31.46.0-255,1514,280054,44,308035
44325,0.039798,172.31.46.0-255,1514,281568,44,308035
44326,0.039799,172.31.46.0-255,1514,283082,44,308035
44327,0.039818,172.31.46.0-255,1514,284596,44,308035
44328,0.039824,172.31.46.0-255,72,284668,44,308035
44329,0.040057,74.125.68.0-255,5738,290406,44,308035
44330,0.040063,172.31.46.0-255,66,290472,44,308035
44331,0.041227,104.244.42.0-255,66,290538,44,308035
44332,0.041235,104.244.42.0-255,66,290604,44,308035
44333,0.041353,104.244.42.0-255,66,290670,44,308035
44334,0.04136,104.244.42.0-255,66,290736,44,308035
44335,0.041362,104.244.42.0-255,66,290802,44,308035
44336,0.042062,74.125.68.0-255,5738,296540,44,308035
44337,0.042069,172.31.46.0-255,66,296606,44,308035
44338,0.04407,74.125.68.0-255,5738,302344,44,308035
44339,0.044076,172.31.46.0-255,66,302410,44,308035
44340,0.046076,74.125.68.0-255,5388,307798,44,308035
44341,0.046081,172.31.46.0-255,66,307864,44,308035
44342,0.046242,172.31.46.0-255,105,307969,44,308035
44343,0.048199,74.125.68.0-255,66,308035,44,308035
44344,0.0,74.125.200.0-255,153,153,44,269844
44345,2.4e-05,172.31.46.0-255,66,219,44,269844
44346,3.2e-05,74.125.200.0-255,1484,1703,44,269844
44347,3.7e-05,172.31.46.0-255,66,1769,44,269844
44348,4.4e-05,74.125.200.0-255,2902,4671,44,269844
44349,4.8e-05,172.31.46.0-255,66,4737,44,269844
44350,5.3e-05,74.125.200.0-255,2902,7639,44,269844
44351,5.7e-05,172.31.46.0-255,66,7705,44,269844
44352,7.6e-05,74.125.200.0-255,2902,10607,44,269844
44353,8e-05,172.31.46.0-255,66,10673,44,269844
44354,8.3e-05,74.125.200.0-255,1484,12157,44,269844
44355,8.5e-05,172.31.46.0-255,66,12223,44,269844
44356,0.000113,74.125.200.0-255,2902,15125,44,269844
44357,0.000116,172.31.46.0-255,66,15191,44,269844
44358,0.000141,74.125.200.0-255,6228,21419,44,269844
44359,0.000143,172.31.46.0-255,66,21485,44,269844
44360,0.000146,74.125.200.0-255,1484,22969,44,269844
44361,0.000148,172.31.46.0-255,66,23035,44,269844
44362,0.000174,172.31.46.0-255,66,23101,44,269844
44363,0.000698,74.125.200.0-255,1484,24585,44,269844
44364,0.000704,172.31.46.0-255,66,24651,44,269844
44365,0.000711,74.125.200.0-255,2902,27553,44,269844
44366,0.000713,172.31.46.0-255,66,27619,44,269844
44367,0.000716,74.125.200.0-255,1484,29103,44,269844
44368,0.000718,172.31.46.0-255,66,29169,44,269844
44369,0.000743,74.125.200.0-255,2902,32071,44,269844
44370,0.000746,172.31.46.0-255,66,32137,44,269844
44371,0.000769,74.125.200.0-255,5738,37875,44,269844
44372,0.000772,172.31.46.0-255,66,37941,44,269844
44373,0.000776,74.125.200.0-255,2543,40484,44,269844
44374,0.000779,172.31.46.0-255,66,40550,44,269844
44375,0.000805,74.125.200.0-255,2902,43452,44,269844
44376,0.000826,74.125.200.0-255,4320,47772,44,269844
44377,0.000835,172.31.46.0-255,66,47838,44,269844
44378,0.000839,74.125.200.0-255,2902,50740,44,269844
44379,0.000846,172.31.46.0-255,66,50806,44,269844
44380,0.000867,74.125.200.0-255,1484,52290,44,269844
44381,0.000881,74.125.200.0-255,5655,57945,44,269844
44382,0.000894,172.31.46.0-255,66,58011,44,269844
44383,0.000965,74.125.200.0-255,130,58141,44,269844
44384,0.001153,74.125.200.0-255,1484,59625,44,269844
44385,0.001157,172.31.46.0-255,66,59691,44,269844
44386,0.001161,74.125.200.0-255,1484,61175,44,269844
44387,0.001175,74.125.200.0-255,1484,62659,44,269844
44388,0.001178,74.125.200.0-255,1484,64143,44,269844
44389,0.001191,172.31.46.0-255,66,64209,44,269844
44390,0.001198,74.125.200.0-255,5738,69947,44,269844
44391,0.001209,172.31.46.0-255,66,70013,44,269844
44392,0.001229,74.125.200.0-255,5738,75751,44,269844
44393,0.001238,172.31.46.0-255,66,75817,44,269844
44394,0.001255,74.125.200.0-255,4320,80137,44,269844
44395,0.00127,172.31.46.0-255,66,80203,44,269844
44396,0.001287,74.125.200.0-255,4320,84523,44,269844
44397,0.001316,74.125.200.0-255,7156,91679,44,269844
44398,0.001324,172.31.46.0-255,66,91745,44,269844
44399,0.001331,74.125.200.0-255,1047,92792,44,269844
44400,0.001617,172.31.46.0-255,66,92858,44,269844
44401,0.001657,74.125.200.0-255,1484,94342,44,269844
44402,0.001677,74.125.200.0-255,2902,97244,44,269844
44403,0.00168,74.125.200.0-255,1484,98728,44,269844
44404,0.001694,74.125.200.0-255,2902,101630,44,269844
44405,0.001711,74.125.200.0-255,2902,104532,44,269844
44406,0.00173,74.125.200.0-255,2902,107434,44,269844
44407,0.001734,74.125.200.0-255,1484,108918,44,269844
44408,0.001749,74.125.200.0-255,4320,113238,44,269844
44409,0.001776,74.125.200.0-255,4320,117558,44,269844
44410,0.001779,172.31.46.0-255,66,117624,44,269844
44411,0.001788,74.125.200.0-255,2902,120526,44,269844
44412,0.001793,172.31.46.0-255,66,120592,44,269844
44413,0.001826,74.125.200.0-255,4320,124912,44,269844
44414,0.001837,74.125.200.0-255,2184,127096,44,269844
44415,0.001871,172.31.46.0-255,66,127162,44,269844
44416,0.003855,74.125.200.0-255,5738,132900,44,269844
44417,0.003861,172.31.46.0-255,66,132966,44,269844
44418,0.005824,74.125.200.0-255,5738,138704,44,269844
44419,0.005831,172.31.46.0-255,66,138770,44,269844
44420,0.007804,74.125.200.0-255,5738,144508,44,269844
44421,0.00781,172.31.46.0-255,66,144574,44,269844
44422,0.009783,74.125.200.0-255,5738,150312,44,269844
44423,0.009791,172.31.46.0-255,66,150378,44,269844
44424,0.011778,74.125.200.0-255,5738,156116,44,269844
44425,0.011795,172.31.46.0-255,66,156182,44,269844
44426,0.013767,74.125.200.0-255,5738,161920,44,269844
44427,0.015111,172.31.46.0-255,66,161986,44,269844
44428,0.017109,74.125.200.0-255,5738,167724,44,269844
44429,0.017126,172.31.46.0-255,66,167790,44,269844
44430,0.01911,74.125.200.0-255,5738,173528,44,269844
44431,0.019124,172.31.46.0-255,66,173594,44,269844
44432,0.021089,74.125.200.0-255,5738,179332,44,269844
44433,0.0211,172.31.46.0-255,66,179398,44,269844
44434,0.023063,74.125.200.0-255,5738,185136,44,269844
44435,0.023072,172.31.46.0-255,66,185202,44,269844
44436,0.025037,74.125.200.0-255,5738,190940,44,269844
44437,0.025048,172.31.46.0-255,66,191006,44,269844
44438,0.02701,74.125.200.0-255,5738,196744,44,269844
44439,0.027018,172.31.46.0-255,66,196810,44,269844
44440,0.028989,74.125.200.0-255,5738,202548,44,269844
44441,0.029001,172.31.46.0-255,66,202614,44,269844
44442,0.030974,74.125.200.0-255,5738,208352,44,269844
44443,0.030987,172.31.46.0-255,66,208418,44,269844
44444,0.032969,74.125.200.0-255,5738,214156,44,269844
44445,0.032986,172.31.46.0-255,66,214222,44,269844
44446,0.034956,74.125.200.0-255,5738,219960,44,269844
44447,0.034967,172.31.46.0-255,66,220026,44,269844
44448,0.036936,74.125.200.0-255,5738,225764,44,269844
44449,0.036943,172.31.46.0-255,66,225830,44,269844
44450,0.038295,172.31.46.0-255,172,226002,44,269844
44451,0.038342,172.31.46.0-255,1109,227111,44,269844
44452,0.038409,172.31.46.0-255,1514,228625,44,269844
44453,0.038412,172.31.46.0-255,1514,230139,44,269844
44454,0.038419,172.31.46.0-255,1514,231653,44,269844
44455,0.03842,172.31.46.0-255,1514,233167,44,269844
44456,0.038436,172.31.46.0-255,1514,234681,44,269844
44457,0.038438,172.31.46.0-255,75,234756,44,269844
44458,0.038905,74.125.200.0-255,5738,240494,44,269844
44459,0.038912,172.31.46.0-255,66,240560,44,269844
44460,0.03998,104.244.42.0-255,66,240626,44,269844
44461,0.039989,104.244.42.0-255,66,240692,44,269844
44462,0.039993,104.244.42.0-255,66,240758,44,269844
44463,0.040099,104.244.42.0-255,66,240824,44,269844
44464,0.040884,74.125.200.0-255,5738,246562,44,269844
44465,0.040893,172.31.46.0-255,66,246628,44,269844
44466,0.042877,74.125.200.0-255,5738,252366,44,269844
44467,0.04289,172.31.46.0-255,66,252432,44,269844
44468,0.044862,74.125.200.0-255,5738,258170,44,269844
44469,0.044877,172.31.46.0-255,66,258236,44,269844
44470,0.046872,74.125.200.0-255,5738,263974,44,269844
44471,0.04689,172.31.46.0-255,66,264040,44,269844
44472,0.048875,74.125.200.0-255,5738,269778,44,269844
44473,0.048888,172.31.46.0-255,66,269844,44,269844
44474,0.0,74.125.130.0-255,153,153,44,320106
44475,1.5e-05,172.31.46.0-255,66,219,44,320106
44476,2.2e-05,74.125.130.0-255,1484,1703,44,320106
44477,2.6e-05,172.31.46.0-255,66,1769,44,320106
44478,3.3e-05,74.125.130.0-255,2902,4671,44,320106
44479,3.6e-05,172.31.46.0-255,66,4737,44,320106
44480,4.8e-05,74.125.130.0-255,1484,6221,44,320106
44481,5.1e-05,172.31.46.0-255,66,6287,44,320106
44482,5.6e-05,74.125.130.0-255,2902,9189,44,320106
44483,5.9e-05,172.31.46.0-255,66,9255,44,320106
44484,9.5e-05,74.125.130.0-255,6157,15412,44,320106
44485,9.9e-05,172.31.46.0-255,66,15478,44,320106
44486,0.000103,74.125.130.0-255,2902,18380,44,320106
44487,0.000106,172.31.46.0-255,66,18446,44,320106
44488,0.000111,74.125.130.0-255,4320,22766,44,320106
44489,0.000114,172.31.46.0-255,66,22832,44,320106
44490,0.000153,74.125.130.0-255,4320,27152,44,320106
44491,0.000156,172.31.46.0-255,66,27218,44,320106
44492,0.000186,74.125.130.0-255,3961,31179,44,320106
44493,0.000189,172.31.46.0-255,66,31245,44,320106
44494,0.000307,74.125.130.0-255,1484,32729,44,320106
44495,0.000312,172.31.46.0-255,66,32795,44,320106
44496,0.000318,74.125.130.0-255,2902,35697,44,320106
44497,0.000321,172.31.46.0-255,66,35763,44,320106
44498,0.000355,74.125.130.0-255,5738,41501,44,320106
44499,0.000358,172.31.46.0-255,66,41567,44,320106
44500,0.000362,74.125.130.0-255,2902,44469,44,320106
44501,0.000364,172.31.46.0-255,66,44535,44,320106
44502,0.000433,172.31.46.0-255,66,44601,44,320106
44503,0.000439,74.125.130.0-255,4320,48921,44,320106
44504,0.000442,172.31.46.0-255,66,48987,44,320106
44505,0.000445,74.125.130.0-255,1484,50471,44,320106
44506,0.000472,74.125.130.0-255,4251,54722,44,320106
44507,0.000474,74.125.130.0-255,366,55088,44,320106
44508,0.000568,172.31.46.0-255,66,55154,44,320106
44509,0.000667,74.125.130.0-255,1484,56638,44,320106
44510,0.000672,74.125.130.0-255,1484,58122,44,320106
44511,0.000683,74.125.130.0-255,1484,59606,44,320106
44512,0.000686,74.125.130.0-255,1484,61090,44,320106
44513,0.000689,172.31.46.0-255,66,61156,44,320106
44514,0.000703,74.125.130.0-255,4320,65476,44,320106
44515,0.000712,74.125.130.0-255,2902,68378,44,320106
44516,0.000721,172.31.46.0-255,66,68444,44,320106
44517,0.000724,74.125.130.0-255,1484,69928,44,320106
44518,0.000743,74.125.130.0-255,5379,75307,44,320106
44519,0.000759,74.125.130.0-255,4320,79627,44,320106
44520,0.000773,74.125.130.0-255,5738,85365,44,320106
44521,0.000785,74.125.130.0-255,1484,86849,44,320106
44522,0.000788,172.31.46.0-255,66,86915,44,320106
44523,0.000832,74.125.130.0-255,2543,89458,44,320106
44524,0.00084,172.31.46.0-255,66,89524,44,320106
44525,0.001345,74.125.130.0-255,1484,91008,44,320106
44526,0.001348,74.125.130.0-255,1484,92492,44,320106
44527,0.001359,172.31.46.0-255,66,92558,44,320106
44528,0.001364,74.125.130.0-255,2902,95460,44,320106
44529,0.001365,172.31.46.0-255,66,95526,44,320106
44530,0.001395,74.125.130.0-255,5738,101264,44,320106
44531,0.001397,172.31.46.0-255,66,101330,44,320106
44532,0.001423,74.125.130.0-255,5738,107068,44,320106
44533,0.001425,172.31.46.0-255,66,107134,44,320106
44534,0.001451,74.125.130.0-255,5738,112872,44,320106
44535,0.001453,172.31.46.0-255,66,112938,44,320106
44536,0.001457,74.125.130.0-255,1484,114422,44,320106
44537,0.001493,172.31.46.0-255,66,114488,44,320106
44538,0.001676,74.125.130.0-255,1484,115972,44,320106
44539,0.00168,74.125.130.0-255,1484,117456,44,320106
44540,0.001683,172.31.46.0-255,66,117522,44,320106
44541,0.001708,74.125.130.0-255,1484,119006,44,320106
44542,0.001713,74.125.130.0-255,2902,121908,44,320106
44543,0.001715,172.31.46.0-255,66,121974,44,320106
44544,0.001727,74.125.130.0-255,1484,123458,44,320106
44545,0.001735,74.125.130.0-255,2902,126360,44,320106
44546,0.001737,172.31.46.0-255,66,126426,44,320106
44547,0.001761,74.125.130.0-255,2902,129328,44,320106
44548,0.001763,172.31.46.0-255,66,129394,44,320106
44549,0.001783,74.125.130.0-255,5738,135132,44,320106
44550,0.001785,172.31.46.0-255,66,135198,44,320106
44551,0.001809,74.125.130.0-255,5738,140936,44,320106
44552,0.001814,74.125.130.0-255,4320,145256,44,320106
44553,0.001833,172.31.46.0-255,66,145322,44,320106
44554,0.001838,74.125.130.0-255,3602,148924,44,320106
44555,0.001842,172.31.46.0-255,66,148990,44,320106
44556,0.001923,74.125.130.0-255,1484,150474,44,320106
44557,0.001928,74.125.130.0-255,2902,153376,44,320106
44558,0.001931,172.31.46.0-255,66,153442,44,320106
44559,0.001964,74.125.130.0-255,5738,159180,44,320106
44560,0.001967,172.31.46.0-255,66,159246,44,320106
44561,0.00197,74.125.130.0-255,1484,160730,44,320106
44562,0.002,74.125.130.0-255,7156,167886,44,320106
44563,0.002008,74.125.130.0-255,7156,175042,44,320106
44564,0.002029,74.125.130.0-255,2902,177944,44,320106
44565,0.002034,74.125.130.0-255,5020,182964,44,320106
44566,0.002038,172.31.46.0-255,66,183030,44,320106
44567,0.004118,74.125.130.0-255,5738,188768,44,320106
44568,0.004125,172.31.46.0-255,66,188834,44,320106
44569,0.006196,74.125.130.0-255,1484,190318,44,320106
44570,0.006216,74.125.130.0-255,4320,194638,44,320106
44571,0.006219,172.31.46.0-255,66,194704,44,320106
44572,0.008305,74.125.130.0-255,5738,200442,44,320106
44573,0.008312,172.31.46.0-255,66,200508,44,320106
44574,0.01039,74.125.130.0-255,5738,206246,44,320106
44575,0.010396,172.31.46.0-255,66,206312,44,320106
44576,0.012522,74.125.130.0-255,5738,212050,44,320106
44577,0.01253,172.31.46.0-255,66,212116,44,320106
44578,0.014612,74.125.130.0-255,5738,217854,44,320106
44579,0.014619,172.31.46.0-255,66,217920,44,320106
44580,0.01671,74.125.130.0-255,5738,223658,44,320106
44581,0.016717,172.31.46.0-255,66,223724,44,320106
44582,0.01881,74.125.130.0-255,5738,229462,44,320106
44583,0.018819,172.31.46.0-255,66,229528,44,320106
44584,0.020905,74.125.130.0-255,5738,235266,44,320106
44585,0.020912,172.31.46.0-255,66,235332,44,320106
44586,0.022998,74.125.130.0-255,5738,241070,44,320106
44587,0.023005,172.31.46.0-255,66,241136,44,320106
44588,0.025101,74.125.130.0-255,5738,246874,44,320106
44589,0.025109,172.31.46.0-255,66,246940,44,320106
44590,0.027192,74.125.130.0-255,5738,252678,44,320106
44591,0.0272,172.31.46.0-255,66,252744,44,320106
44592,0.029281,74.125.130.0-255,5738,258482,44,320106
44593,0.029287,172.31.46.0-255,66,258548,44,320106
44594,0.031088,172.31.46.0-255,172,258720,44,320106
44595,0.031115,172.31.46.0-255,1109,259829,44,320106
44596,0.031172,172.31.46.0-255,1514,261343,44,320106
44597,0.031174,172.31.46.0-255,1514,262857,44,320106
44598,0.031179,172.31.46.0-255,1514,264371,44,320106
44599,0.03118,172.31.46.0-255,1514,265885,44,320106
44600,0.031198,172.31.46.0-255,1514,267399,44,320106
44601,0.031199,172.31.46.0-255,75,267474,44,320106
44602,0.031353,74.125.130.0-255,2902,270376,44,320106
44603,0.031359,172.31.46.0-255,66,270442,44,320106
44604,0.03139,74.125.130.0-255,2902,273344,44,320106
44605,0.031393,172.31.46.0-255,66,273410,44,320106
44606,0.032629,104.244.42.0-255,66,273476,44,320106
44607,0.032655,104.244.42.0-255,66,273542,44,320106
44608,0.032788,104.244.42.0-255,66,273608,44,320106
44609,0.032793,104.244.42.0-255,66,273674,44,320106
44610,0.033503,74.125.130.0-255,5738,279412,44,320106
44611,0.033511,172.31.46.0-255,66,279478,44,320106
44612,0.035596,74.125.130.0-255,5738,285216,44,320106
44613,0.035602,172.31.46.0-255,66,285282,44,320106
44614,0.037684,74.125.130.0-255,5738,291020,44,320106
44615,0.03769,172.31.46.0-255,66,291086,44,320106
44616,0.039819,74.125.130.0-255,5738,296824,44,320106
44617,0.039825,172.31.46.0-255,66,296890,44,320106
44618,0.041957,74.125.130.0-255,5738,302628,44,320106
44619,0.041963,172.31.46.0-255,66,302694,44,320106
44620,0.044097,74.125.130.0-255,5738,308432,44,320106
44621,0.044106,172.31.46.0-255,66,308498,44,320106
44622,0.046191,74.125.130.0-255,5738,314236,44,320106
44623,0.046197,172.31.46.0-255,66,314302,44,320106
44624,0.048304,74.125.130.0-255,5738,320040,44,320106
44625,0.048311,172.31.46.0-255,66,320106,44,320106
44626,0.0,74.125.200.0-255,146,146,44,185572
44627,2.6e-05,172.31.46.0-255,66,212,44,185572
44628,3.4e-05,74.125.200.0-255,1484,1696,44,185572
44629,3.9e-05,172.31.46.0-255,66,1762,44,185572
44630,4.5e-05,74.125.200.0-255,2902,4664,44,185572
44631,4.9e-05,172.31.46.0-255,66,4730,44,185572
44632,5.7e-05,74.125.200.0-255,7156,11886,44,185572
44633,6.1e-05,172.31.46.0-255,66,11952,44,185572
44634,6.6e-05,74.125.200.0-255,2044,13996,44,185572
44635,7e-05,172.31.46.0-255,66,14062,44,185572
44636,0.000541,74.125.200.0-255,1484,15546,44,185572
44637,0.000547,172.31.46.0-255,66,15612,44,185572
44638,0.000555,74.125.200.0-255,2902,18514,44,185572
44639,0.000558,172.31.46.0-255,66,18580,44,185572
44640,0.000563,74.125.200.0-255,4320,22900,44,185572
44641,0.000566,172.31.46.0-255,66,22966,44,185572
44642,0.000622,172.31.46.0-255,66,23032,44,185572
44643,0.000625,74.125.200.0-255,1484,24516,44,185572
44644,0.000627,172.31.46.0-255,66,24582,44,185572
44645,0.000653,74.125.200.0-255,7156,31738,44,185572
44646,0.000656,172.31.46.0-255,66,31804,44,185572
44647,0.000664,74.125.200.0-255,7156,38960,44,185572
44648,0.000666,172.31.46.0-255,66,39026,44,185572
44649,0.000683,74.125.200.0-255,1125,40151,44,185572
44650,0.000688,172.31.46.0-255,66,40217,44,185572
44651,0.001001,74.125.200.0-255,1484,41701,44,185572
44652,0.001005,172.31.46.0-255,66,41767,44,185572
44653,0.001009,74.125.200.0-255,1484,43251,44,185572
44654,0.001012,172.31.46.0-255,66,43317,44,185572
44655,0.001015,74.125.200.0-255,1484,44801,44,185572
44656,0.001017,172.31.46.0-255,66,44867,44,185572
44657,0.001033,74.125.200.0-255,1484,46351,44,185572
44658,0.001047,74.125.200.0-255,2902,49253,44,185572
44659,0.00105,172.31.46.0-255,66,49319,44,185572
44660,0.001065,74.125.200.0-255,2902,52221,44,185572
44661,0.001067,172.31.46.0-255,66,52287,44,185572
44662,0.001071,74.125.200.0-255,1484,53771,44,185572
44663,0.001075,74.125.200.0-255,2902,56673,44,185572
44664,0.001077,172.31.46.0-255,66,56739,44,185572
44665,0.001103,74.125.200.0-255,1420,58159,44,185572
44666,0.001288,172.31.46.0-255,66,58225,44,185572
44667,0.002195,74.125.200.0-255,130,58355,44,185572
44668,0.003303,74.125.200.0-255,2902,61257,44,185572
44669,0.003309,172.31.46.0-255,66,61323,44,185572
44670,0.004178,74.125.200.0-255,1484,62807,44,185572
44671,0.005542,74.125.200.0-255,4320,67127,44,185572
44672,0.005548,172.31.46.0-255,66,67193,44,185572
44673,0.00779,74.125.200.0-255,4320,71513,44,185572
44674,0.007798,172.31.46.0-255,66,71579,44,185572
44675,0.00784,74.125.200.0-255,1484,73063,44,185572
44676,0.010025,74.125.200.0-255,4320,77383,44,185572
44677,0.010038,172.31.46.0-255,66,77449,44,185572
44678,0.012266,74.125.200.0-255,5738,83187,44,185572
44679,0.012279,172.31.46.0-255,66,83253,44,185572
44680,0.014521,74.125.200.0-255,5738,88991,44,185572
44681,0.014533,172.31.46.0-255,66,89057,44,185572
44682,0.016777,74.125.200.0-255,5738,94795,44,185572
44683,0.016795,172.31.46.0-255,66,94861,44,185572
44684,0.01902,74.125.200.0-255,5738,100599,44,185572
44685,0.019031,172.31.46.0-255,66,100665,44,185572
44686,0.021264,74.125.200.0-255,2902,103567,44,185572
44687,0.021274,172.31.46.0-255,66,103633,44,185572
44688,0.021296,74.125.200.0-255,2902,106535,44,185572
44689,0.021299,172.31.46.0-255,66,106601,44,185572
44690,0.023503,74.125.200.0-255,2902,109503,44,185572
44691,0.023519,172.31.46.0-255,66,109569,44,185572
44692,0.023528,74.125.200.0-255,2902,112471,44,185572
44693,0.023532,172.31.46.0-255,66,112537,44,185572
44694,0.025759,74.125.200.0-255,5738,118275,44,185572
44695,0.025773,172.31.46.0-255,66,118341,44,185572
44696,0.028025,74.125.200.0-255,5738,124079,44,185572
44697,0.02804,172.31.46.0-255,66,124145,44,185572
44698,0.030299,74.125.200.0-255,5738,129883,44,185572
44699,0.030312,172.31.46.0-255,66,129949,44,185572
44700,0.03255,74.125.200.0-255,5738,135687,44,185572
44701,0.032564,172.31.46.0-255,66,135753,44,185572
44702,0.034817,74.125.200.0-255,5738,141491,44,185572
44703,0.034826,172.31.46.0-255,66,141557,44,185572
44704,0.037065,74.125.200.0-255,5738,147295,44,185572
44705,0.037082,172.31.46.0-255,66,147361,44,185572
44706,0.039312,74.125.200.0-255,5738,153099,44,185572
44707,0.039323,172.31.46.0-255,66,153165,44,185572
44708,0.041567,74.125.200.0-255,5738,158903,44,185572
44709,0.041576,172.31.46.0-255,66,158969,44,185572
44710,0.043183,172.31.46.0-255,172,159141,44,185572
44711,0.043219,172.31.46.0-255,1114,160255,44,185572
44712,0.043305,172.31.46.0-255,1514,161769,44,185572
44713,0.043307,172.31.46.0-255,1514,163283,44,185572
44714,0.043312,172.31.46.0-255,1514,164797,44,185572
44715,0.043313,172.31.46.0-255,1514,166311,44,185572
44716,0.043332,172.31.46.0-255,1514,167825,44,185572
44717,0.043333,172.31.46.0-255,71,167896,44,185572
44718,0.043819,74.125.200.0-255,5738,173634,44,185572
44719,0.043826,172.31.46.0-255,66,173700,44,185572
44720,0.044726,104.244.42.0-255,66,173766,44,185572
44721,0.044734,104.244.42.0-255,66,173832,44,185572
44722,0.044868,104.244.42.0-255,66,173898,44,185572
44723,0.044918,104.244.42.0-255,66,173964,44,185572
44724,0.046054,74.125.200.0-255,5738,179702,44,185572
44725,0.046061,172.31.46.0-255,66,179768,44,185572
44726,0.048301,74.125.200.0-255,5738,185506,44,185572
44727,0.048319,172.31.46.0-255,66,185572,44,185572
44728,0.0,172.217.194.0-255,294,294,44,272510
44729,2.2e-05,172.31.46.0-255,66,360,44,272510
44730,2.9e-05,172.217.194.0-255,1484,1844,44,272510
44731,3.3e-05,172.31.46.0-255,66,1910,44,272510
44732,4e-05,172.217.194.0-255,4320,6230,44,272510
44733,4.3e-05,172.31.46.0-255,66,6296,44,272510
44734,4.6e-05,172.217.194.0-255,1484,7780,44,272510
44735,4.8e-05,172.31.46.0-255,66,7846,44,272510
44736,7.9e-05,172.217.194.0-255,6111,13957,44,272510
44737,8.2e-05,172.31.46.0-255,66,14023,44,272510
44738,9.4e-05,172.31.46.0-255,66,14089,44,272510
44739,0.000119,172.217.194.0-255,4320,18409,44,272510
44740,0.000121,172.31.46.0-255,66,18475,44,272510
44741,0.000126,172.217.194.0-255,2543,21018,44,272510
44742,0.000128,172.31.46.0-255,66,21084,44,272510
44743,0.000168,172.217.194.0-255,4320,25404,44,272510
44744,0.000171,172.31.46.0-255,66,25470,44,272510
44745,0.000201,172.31.46.0-255,66,25536,44,272510
44746,0.000407,172.217.194.0-255,1484,27020,44,272510
44747,0.000411,172.31.46.0-255,66,27086,44,272510
44748,0.000417,172.217.194.0-255,2902,29988,44,272510
44749,0.00042,172.31.46.0-255,66,30054,44,272510
44750,0.000428,172.217.194.0-255,5738,35792,44,272510
44751,0.00043,172.31.46.0-255,66,35858,44,272510
44752,0.000455,172.217.194.0-255,2902,38760,44,272510
44753,0.000458,172.31.46.0-255,66,38826,44,272510
44754,0.000472,172.217.194.0-255,3961,42787,44,272510
44755,0.000475,172.31.46.0-255,66,42853,44,272510
44756,0.000519,172.217.194.0-255,1484,44337,44,272510
44757,0.000523,172.31.46.0-255,66,44403,44,272510
44758,0.000528,172.217.194.0-255,2902,47305,44,272510
44759,0.000536,172.217.194.0-255,5738,53043,44,272510
44760,0.000545,172.31.46.0-255,66,53109,44,272510
44761,0.000549,172.217.194.0-255,1484,54593,44,272510
44762,0.000562,172.217.194.0-255,4320,58913,44,272510
44763,0.000586,172.217.194.0-255,1484,60397,44,272510
44764,0.000647,172.31.46.0-255,66,60463,44,272510
44765,0.000661,172.217.194.0-255,1484,61947,44,272510
44766,0.000678,172.217.194.0-255,6783,68730,44,272510
44767,0.000689,172.31.46.0-255,66,68796,44,272510
44768,0.000787,172.217.194.0-255,1484,70280,44,272510
44769,0.000794,172.217.194.0-255,2902,73182,44,272510
44770,0.0008,172.217.194.0-255,4320,77502,44,272510
44771,0.000814,172.217.194.0-255,1484,78986,44,272510
44772,0.000818,172.217.194.0-255,1484,80470,44,272510
44773,0.000826,172.31.46.0-255,66,80536,44,272510
44774,0.000838,172.217.194.0-255,4320,84856,44,272510
44775,0.000871,172.217.194.0-255,5738,90594,44,272510
44776,0.000874,172.217.194.0-255,766,91360,44,272510
44777,0.00089,172.31.46.0-255,66,91426,44,272510
44778,0.001098,172.217.194.0-255,1484,92910,44,272510
44779,0.001104,172.217.194.0-255,2902,95812,44,272510
44780,0.00111,172.217.194.0-255,5738,101550,44,272510
44781,0.001123,172.217.194.0-255,2902,104452,44,272510
44782,0.001138,172.217.194.0-255,7156,111608,44,272510
44783,0.001144,172.31.46.0-255,66,111674,44,272510
44784,0.001177,172.217.194.0-255,7156,118830,44,272510
44785,0.001194,172.217.194.0-255,6438,125268,44,272510
44786,0.001199,172.31.46.0-255,66,125334,44,272510
44787,0.001288,172.217.194.0-255,1484,126818,44,272510
44788,0.001293,172.217.194.0-255,2902,129720,44,272510
44789,0.001301,172.31.46.0-255,66,129786,44,272510
44790,0.001315,172.217.194.0-255,5738,135524,44,272510
44791,0.001336,172.217.194.0-255,4320,139844,44,272510
44792,0.001348,172.217.194.0-255,2902,142746,44,272510
44793,0.001354,172.31.46.0-255,66,142812,44,272510
44794,0.001392,172.217.194.0-255,2902,145714,44,272510
44795,0.001396,172.217.194.0-255,2184,147898,44,272510
44796,0.001406,172.31.46.0-255,66,147964,44,272510
44797,0.001422,172.217.194.0-255,5738,153702,44,272510
44798,0.001454,172.31.46.0-255,66,153768,44,272510
44799,0.001462,172.217.194.0-255,1484,155252,44,272510
44800,0.001502,172.31.46.0-255,66,155318,44,272510
44801,0.00152,172.217.194.0-255,5738,161056,44,272510
44802,0.001526,172.217.194.0-255,2902,163958,44,272510
44803,0.001547,172.217.194.0-255,4320,168278,44,272510
44804,0.001593,172.31.46.0-255,66,168344,44,272510
44805,0.001605,172.217.194.0-255,5738,174082,44,272510
44806,0.001612,172.217.194.0-255,6438,180520,44,272510
44807,0.001617,172.31.46.0-255,66,180586,44,272510
44808,0.001682,172.217.194.0-255,1484,182070,44,272510
44809,0.001688,172.217.194.0-255,2902,184972,44,272510
44810,0.001692,172.217.194.0-255,1484,186456,44,272510
44811,0.001709,172.31.46.0-255,66,186522,44,272510
44812,0.001715,172.217.194.0-255,4320,190842,44,272510
44813,0.001723,172.217.194.0-255,7156,197998,44,272510
44814,0.001728,172.31.46.0-255,66,198064,44,272510
44815,0.00174,172.217.194.0-255,5738,203802,44,272510
44816,0.001769,172.31.46.0-255,66,203868,44,272510
44817,0.001791,172.217.194.0-255,5738,209606,44,272510
44818,0.001796,172.31.46.0-255,66,209672,44,272510
44819,0.001818,172.217.194.0-255,5020,214692,44,272510
44820,0.001821,172.217.194.0-255,1484,216176,44,272510
44821,0.001825,172.217.194.0-255,1484,217660,44,272510
44822,0.001834,172.217.194.0-255,1484,219144,44,272510
44823,0.001838,172.31.46.0-255,66,219210,44,272510
44824,0.001864,172.217.194.0-255,5738,224948,44,272510
44825,0.00187,172.217.194.0-255,5738,230686,44,272510
44826,0.001891,172.31.46.0-255,66,230752,44,272510
44827,0.001911,172.31.46.0-255,66,230818,44,272510
44828,0.001916,172.217.194.0-255,2902,233720,44,272510
44829,0.00192,172.217.194.0-255,2902,236622,44,272510
44830,0.001931,172.217.194.0-255,2184,238806,44,272510
44831,0.001946,172.31.46.0-255,66,238872,44,272510
44832,0.001984,172.217.194.0-255,5738,244610,44,272510
44833,0.00199,172.217.194.0-255,4320,248930,44,272510
44834,0.001994,172.217.194.0-255,2902,251832,44,272510
44835,0.002,172.31.46.0-255,66,251898,44,272510
44836,0.002028,172.217.194.0-255,2902,254800,44,272510
44837,0.002039,172.31.46.0-255,66,254866,44,272510
44838,0.00209,172.217.194.0-255,2902,257768,44,272510
44839,0.002112,172.31.46.0-255,66,257834,44,272510
44840,0.002129,172.217.194.0-255,1484,259318,44,272510
44841,0.002149,172.217.194.0-255,3734,263052,44,272510
44842,0.002165,172.217.194.0-255,105,263157,44,272510
44843,0.002185,172.31.46.0-255,66,263223,44,272510
44844,0.004632,172.31.46.0-255,105,263328,44,272510
44845,0.007233,172.217.194.0-255,66,263394,44,272510
44846,0.037678,172.31.46.0-255,164,263558,44,272510
44847,0.037713,172.31.46.0-255,1123,264681,44,272510
44848,0.037802,172.31.46.0-255,1514,266195,44,272510
44849,0.037803,172.31.46.0-255,1514,267709,44,272510
44850,0.037805,172.31.46.0-255,1514,269223,44,272510
44851,0.037806,172.31.46.0-255,1514,270737,44,272510
44852,0.037834,172.31.46.0-255,1509,272246,44,272510
44853,0.039221,104.244.42.0-255,66,272312,44,272510
44854,0.039265,104.244.42.0-255,66,272378,44,272510
44855,0.039365,104.244.42.0-255,66,272444,44,272510
44856,0.039406,104.244.42.0-255,66,272510,44,272510
44857,0.0,74.125.24.0-255,152,152,44,236756
44858,3.6e-05,172.31.46.0-255,66,218,44,236756
44859,4.4e-05,74.125.24.0-255,1484,1702,44,236756
44860,4.8e-05,172.31.46.0-255,66,1768,44,236756
44861,5.3e-05,74.125.24.0-255,2902,4670,44,236756
44862,6.3e-05,172.31.46.0-255,66,4736,44,236756
44863,6.8e-05,74.125.24.0-255,4320,9056,44,236756
44864,7e-05,172.31.46.0-255,66,9122,44,236756
44865,9.7e-05,74.125.24.0-255,2902,12024,44,236756
44866,0.0001,172.31.46.0-255,66,12090,44,236756
44867,0.000134,74.125.24.0-255,6327,18417,44,236756
44868,0.000137,172.31.46.0-255,66,18483,44,236756
44869,0.000144,74.125.24.0-255,4320,22803,44,236756
44870,0.000146,172.31.46.0-255,66,22869,44,236756
44871,0.000186,172.31.46.0-255,66,22935,44,236756
44872,0.000307,74.125.24.0-255,1484,24419,44,236756
44873,0.000312,172.31.46.0-255,66,24485,44,236756
44874,0.000316,74.125.24.0-255,2902,27387,44,236756
44875,0.000318,172.31.46.0-255,66,27453,44,236756
44876,0.000369,74.125.24.0-255,5738,33191,44,236756
44877,0.000373,172.31.46.0-255,66,33257,44,236756
44878,0.00038,74.125.24.0-255,6797,40054,44,236756
44879,0.000383,172.31.46.0-255,66,40120,44,236756
44880,0.000403,172.31.46.0-255,66,40186,44,236756
44881,0.000432,74.125.24.0-255,1484,41670,44,236756
44882,0.000435,172.31.46.0-255,66,41736,44,236756
44883,0.00044,74.125.24.0-255,2852,44588,44,236756
44884,0.000442,172.31.46.0-255,66,44654,44,236756
44885,0.000583,74.125.24.0-255,113,44767,44,236756
44886,0.000588,172.31.46.0-255,66,44833,44,236756
44887,0.000734,74.125.24.0-255,1484,46317,44,236756
44888,0.000741,74.125.24.0-255,2902,49219,44,236756
44889,0.000745,172.31.46.0-255,66,49285,44,236756
44890,0.000748,74.125.24.0-255,1484,50769,44,236756
44891,0.000776,74.125.24.0-255,4320,55089,44,236756
44892,0.000779,172.31.46.0-255,66,55155,44,236756
44893,0.000799,172.31.46.0-255,66,55221,44,236756
44894,0.000802,74.125.24.0-255,1484,56705,44,236756
44895,0.000836,172.31.46.0-255,66,56771,44,236756
44896,0.000892,172.31.46.0-255,101,56872,44,236756
44897,0.000938,74.125.24.0-255,331,57203,44,236756
44898,0.001167,74.125.24.0-255,1484,58687,44,236756
44899,0.001172,172.31.46.0-255,66,58753,44,236756
44900,0.001178,74.125.24.0-255,2902,61655,44,236756
44901,0.00118,172.31.46.0-255,66,61721,44,236756
44902,0.001183,74.125.24.0-255,1484,63205,44,236756
44903,0.001219,74.125.24.0-255,4320,67525,44,236756
44904,0.001222,172.31.46.0-255,66,67591,44,236756
44905,0.001229,74.125.24.0-255,7156,74747,44,236756
44906,0.001231,172.31.46.0-255,66,74813,44,236756
44907,0.001274,74.125.24.0-255,2184,76997,44,236756
44908,0.001275,172.31.46.0-255,66,77063,44,236756
44909,0.001278,172.31.46.0-255,66,77129,44,236756
44910,0.001563,74.125.24.0-255,1484,78613,44,236756
44911,0.001574,74.125.24.0-255,2902,81515,44,236756
44912,0.001578,172.31.46.0-255,66,81581,44,236756
44913,0.001585,74.125.24.0-255,5738,87319,44,236756
44914,0.001587,172.31.46.0-255,66,87385,44,236756
44915,0.0016,74.125.24.0-255,4320,91705,44,236756
44916,0.001603,172.31.46.0-255,66,91771,44,236756
44917,0.001651,172.31.46.0-255,66,91837,44,236756
44918,0.001676,172.31.46.0-255,66,91903,44,236756
44919,0.00169,172.31.46.0-255,66,91969,44,236756
44920,0.001701,172.31.46.0-255,66,92035,44,236756
44921,0.001734,74.125.24.0-255,4320,96355,44,236756
44922,0.001737,172.31.46.0-255,66,96421,44,236756
44923,0.001753,172.31.46.0-255,66,96487,44,236756
44924,0.002137,74.125.24.0-255,1484,97971,44,236756
44925,0.002145,74.125.24.0-255,2902,100873,44,236756
44926,0.002149,172.31.46.0-255,66,100939,44,236756
44927,0.002156,74.125.24.0-255,5738,106677,44,236756
44928,0.002158,172.31.46.0-255,66,106743,44,236756
44929,0.002187,74.125.24.0-255,7156,113899,44,236756
44930,0.002191,172.31.46.0-255,66,113965,44,236756
44931,0.002231,172.31.46.0-255,66,114031,44,236756
44932,0.002234,74.125.24.0-255,2184,116215,44,236756
44933,0.002237,172.31.46.0-255,66,116281,44,236756
44934,0.002326,74.125.24.0-255,1484,117765,44,236756
44935,0.002342,74.125.24.0-255,1484,119249,44,236756
44936,0.002344,172.31.46.0-255,66,119315,44,236756
44937,0.00236,74.125.24.0-255,1484,120799,44,236756
44938,0.002367,74.125.24.0-255,5738,126537,44,236756
44939,0.002369,172.31.46.0-255,66,126603,44,236756
44940,0.002388,74.125.24.0-255,4320,130923,44,236756
44941,0.00239,172.31.46.0-255,66,130989,44,236756
44942,0.002399,74.125.24.0-255,2902,133891,44,236756
44943,0.002401,172.31.46.0-255,66,133957,44,236756
44944,0.002432,172.31.46.0-255,66,134023,44,236756
44945,0.002446,172.31.46.0-255,66,134089,44,236756
44946,0.002589,74.125.24.0-255,1484,135573,44,236756
44947,0.002602,74.125.24.0-255,2902,138475,44,236756
44948,0.002604,172.31.46.0-255,66,138541,44,236756
44949,0.002607,74.125.24.0-255,1484,140025,44,236756
44950,0.002629,74.125.24.0-255,4320,144345,44,236756
44951,0.002631,172.31.46.0-255,66,144411,44,236756
44952,0.002641,172.31.46.0-255,66,144477,44,236756
44953,0.002714,172.31.46.0-255,66,144543,44,236756
44954,0.003489,74.125.24.0-255,66,144609,44,236756
44955,0.005372,74.125.24.0-255,5738,150347,44,236756
44956,0.005377,172.31.46.0-255,66,150413,44,236756
44957,0.008015,74.125.24.0-255,5738,156151,44,236756
44958,0.008018,172.31.46.0-255,66,156217,44,236756
44959,0.010659,74.125.24.0-255,5738,161955,44,236756
44960,0.010669,172.31.46.0-255,66,162021,44,236756
44961,0.013327,74.125.24.0-255,5738,167759,44,236756
44962,0.013339,172.31.46.0-255,66,167825,44,236756
44963,0.015993,74.125.24.0-255,5738,173563,44,236756
44964,0.016008,172.31.46.0-255,66,173629,44,236756
44965,0.018652,74.125.24.0-255,5738,179367,44,236756
44966,0.018662,172.31.46.0-255,66,179433,44,236756
44967,0.021305,74.125.24.0-255,5738,185171,44,236756
44968,0.021317,172.31.46.0-255,66,185237,44,236756
44969,0.023935,74.125.24.0-255,5738,190975,44,236756
44970,0.023947,172.31.46.0-255,66,191041,44,236756
44971,0.026572,74.125.24.0-255,5738,196779,44,236756
44972,0.026583,172.31.46.0-255,66,196845,44,236756
44973,0.029213,74.125.24.0-255,5738,202583,44,236756
44974,0.029231,172.31.46.0-255,66,202649,44,236756
44975,0.031871,74.125.24.0-255,5738,208387,44,236756
44976,0.031881,172.31.46.0-255,66,208453,44,236756
44977,0.034534,74.125.24.0-255,5738,214191,44,236756
44978,0.034551,172.31.46.0-255,66,214257,44,236756
44979,0.037192,74.125.24.0-255,5738,219995,44,236756
44980,0.037208,172.31.46.0-255,66,220061,44,236756
44981,0.03984,74.125.24.0-255,5738,225799,44,236756
44982,0.03985,172.31.46.0-255,66,225865,44,236756
44983,0.040709,172.31.46.0-255,188,226053,44,236756
44984,0.040735,172.31.46.0-255,955,227008,44,236756
44985,0.040791,172.31.46.0-255,725,227733,44,236756
44986,0.042239,104.244.42.0-255,66,227799,44,236756
44987,0.042251,104.244.42.0-255,66,227865,44,236756
44988,0.042334,104.244.42.0-255,66,227931,44,236756
44989,0.042482,74.125.24.0-255,5738,233669,44,236756
44990,0.042508,172.31.46.0-255,66,233735,44,236756
44991,0.045162,74.125.24.0-255,2850,236585,44,236756
44992,0.045168,172.31.46.0-255,66,236651,44,236756
44993,0.045369,172.31.46.0-255,105,236756,44,236756
44994,0.0,172.217.194.0-255,153,153,44,230245
44995,1.7e-05,172.31.46.0-255,66,219,44,230245
44996,2.4e-05,172.217.194.0-255,1484,1703,44,230245
44997,2.9e-05,172.31.46.0-255,66,1769,44,230245
44998,3.5e-05,172.217.194.0-255,2902,4671,44,230245
44999,3.9e-05,172.31.46.0-255,66,4737,44,230245
45000,4.7e-05,172.217.194.0-255,7156,11893,44,230245
45001,5.2e-05,172.31.46.0-255,66,11959,44,230245
45002,8e-05,172.217.194.0-255,2075,14034,44,230245
45003,8.3e-05,172.31.46.0-255,66,14100,44,230245
45004,0.000235,172.217.194.0-255,1484,15584,44,230245
45005,0.000241,172.31.46.0-255,66,15650,44,230245
45006,0.000248,172.217.194.0-255,2902,18552,44,230245
45007,0.000251,172.31.46.0-255,66,18618,44,230245
45008,0.000257,172.217.194.0-255,5738,24356,44,230245
45009,0.000259,172.31.46.0-255,66,24422,44,230245
45010,0.000267,172.217.194.0-255,6797,31219,44,230245
45011,0.00027,172.31.46.0-255,66,31285,44,230245
45012,0.000311,172.31.46.0-255,66,31351,44,230245
45013,0.000315,172.217.194.0-255,2543,33894,44,230245
45014,0.000317,172.31.46.0-255,66,33960,44,230245
45015,0.000351,172.217.194.0-255,5738,39698,44,230245
45016,0.000354,172.31.46.0-255,66,39764,44,230245
45017,0.000373,172.217.194.0-255,5738,45502,44,230245
45018,0.000376,172.31.46.0-255,66,45568,44,230245
45019,0.000401,172.217.194.0-255,4320,49888,44,230245
45020,0.000403,172.31.46.0-255,66,49954,44,230245
45021,0.000421,172.217.194.0-255,1435,51389,44,230245
45022,0.000423,172.31.46.0-255,66,51455,44,230245
45023,0.001098,172.217.194.0-255,366,51821,44,230245
45024,0.001104,172.31.46.0-255,66,51887,44,230245
45025,0.001289,172.217.194.0-255,1484,53371,44,230245
45026,0.0013,172.217.194.0-255,2902,56273,44,230245
45027,0.001304,172.31.46.0-255,66,56339,44,230245
45028,0.001321,172.217.194.0-255,2902,59241,44,230245
45029,0.001323,172.31.46.0-255,66,59307,44,230245
45030,0.001347,172.217.194.0-255,2902,62209,44,230245
45031,0.00135,172.31.46.0-255,66,62275,44,230245
45032,0.001364,172.31.46.0-255,66,62341,44,230245
45033,0.001404,172.31.46.0-255,66,62407,44,230245
45034,0.00165,172.217.194.0-255,1484,63891,44,230245
45035,0.001658,172.217.194.0-255,2902,66793,44,230245
45036,0.001662,172.31.46.0-255,66,66859,44,230245
45037,0.00167,172.217.194.0-255,5738,72597,44,230245
45038,0.001672,172.31.46.0-255,66,72663,44,230245
45039,0.001678,172.217.194.0-255,5738,78401,44,230245
45040,0.00168,172.31.46.0-255,66,78467,44,230245
45041,0.0017,172.217.194.0-255,2902,81369,44,230245
45042,0.001702,172.31.46.0-255,66,81435,44,230245
45043,0.001727,172.217.194.0-255,4320,85755,44,230245
45044,0.00173,172.31.46.0-255,66,85821,44,230245
45045,0.001757,172.31.46.0-255,66,85887,44,230245
45046,0.002351,172.217.194.0-255,1484,87371,44,230245
45047,0.002359,172.217.194.0-255,2902,90273,44,230245
45048,0.002363,172.31.46.0-255,66,90339,44,230245
45049,0.002371,172.217.194.0-255,5738,96077,44,230245
45050,0.002374,172.31.46.0-255,66,96143,44,230245
45051,0.002395,172.217.194.0-255,5738,101881,44,230245
45052,0.002397,172.31.46.0-255,66,101947,44,230245
45053,0.002424,172.217.194.0-255,7156,109103,44,230245
45054,0.002427,172.31.46.0-255,66,109169,44,230245
45055,0.002434,172.217.194.0-255,7156,116325,44,230245
45056,0.002437,172.31.46.0-255,66,116391,44,230245
45057,0.002462,172.217.194.0-255,3602,119993,44,230245
45058,0.002465,172.31.46.0-255,66,120059,44,230245
45059,0.002824,172.217.194.0-255,1484,121543,44,230245
45060,0.002828,172.217.194.0-255,1484,123027,44,230245
45061,0.00283,172.31.46.0-255,66,123093,44,230245
45062,0.00285,172.217.194.0-255,1484,124577,44,230245
45063,0.002856,172.217.194.0-255,5738,130315,44,230245
45064,0.002859,172.31.46.0-255,66,130381,44,230245
45065,0.002929,172.217.194.0-255,2902,133283,44,230245
45066,0.003026,172.217.194.0-255,1484,134767,44,230245
45067,0.003069,172.217.194.0-255,2902,137669,44,230245
45068,0.003074,172.217.194.0-255,2902,140571,44,230245
45069,0.003096,172.217.194.0-255,2902,143473,44,230245
45070,0.003122,172.217.194.0-255,4320,147793,44,230245
45071,0.003209,172.217.194.0-255,1484,149277,44,230245
45072,0.003225,172.217.194.0-255,2902,152179,44,230245
45073,0.003231,172.217.194.0-255,5738,157917,44,230245
45074,0.003261,172.217.194.0-255,5738,163655,44,230245
45075,0.003282,172.217.194.0-255,7156,170811,44,230245
45076,0.003285,172.217.194.0-255,1484,172295,44,230245
45077,0.004214,172.217.194.0-255,1484,173779,44,230245
45078,0.004221,172.217.194.0-255,2902,176681,44,230245
45079,0.004228,172.217.194.0-255,5738,182419,44,230245
45080,0.004271,172.217.194.0-255,2902,185321,44,230245
45081,0.004487,172.31.46.0-255,66,185387,44,230245
45082,0.004702,172.217.194.0-255,1484,186871,44,230245
45083,0.004711,172.217.194.0-255,2902,189773,44,230245
45084,0.004729,172.217.194.0-255,5738,195511,44,230245
45085,0.004732,172.31.46.0-255,66,195577,44,230245
45086,0.004741,172.31.46.0-255,66,195643,44,230245
45087,0.004749,172.217.194.0-255,1484,197127,44,230245
45088,0.004793,172.217.194.0-255,4320,201447,44,230245
45089,0.0048,172.31.46.0-255,66,201513,44,230245
45090,0.004818,172.217.194.0-255,7156,208669,44,230245
45091,0.00484,172.31.46.0-255,66,208735,44,230245
45092,0.004855,172.217.194.0-255,4320,213055,44,230245
45093,0.004877,172.31.46.0-255,66,213121,44,230245
45094,0.004946,172.31.46.0-255,66,213187,44,230245
45095,0.004958,172.217.194.0-255,7156,220343,44,230245
45096,0.00496,172.217.194.0-255,369,220712,44,230245
45097,0.004962,172.217.194.0-255,105,220817,44,230245
45098,0.004986,172.31.46.0-255,66,220883,44,230245
45099,0.007253,172.31.46.0-255,105,220988,44,230245
45100,0.009759,172.217.194.0-255,66,221054,44,230245
45101,0.041826,172.31.46.0-255,172,221226,44,230245
45102,0.041862,172.31.46.0-255,1114,222340,44,230245
45103,0.041932,172.31.46.0-255,1514,223854,44,230245
45104,0.041934,172.31.46.0-255,1514,225368,44,230245
45105,0.04194,172.31.46.0-255,1514,226882,44,230245
45106,0.041941,172.31.46.0-255,1514,228396,44,230245
45107,0.04196,172.31.46.0-255,1514,229910,44,230245
45108,0.041961,172.31.46.0-255,71,229981,44,230245
45109,0.043347,104.244.42.0-255,66,230047,44,230245
45110,0.043401,104.244.42.0-255,66,230113,44,230245
45111,0.0435,104.244.42.0-255,66,230179,44,230245
45112,0.043513,104.244.42.0-255,66,230245,44,230245
45113,0.0,172.217.194.0-255,152,152,44,265833
45114,2.3e-05,172.31.46.0-255,66,218,44,265833
45115,3e-05,172.217.194.0-255,1484,1702,44,265833
45116,3.5e-05,172.31.46.0-255,66,1768,44,265833
45117,4.8e-05,172.217.194.0-255,2902,4670,44,265833
45118,5.2e-05,172.31.46.0-255,66,4736,44,265833
45119,5.6e-05,172.217.194.0-255,1484,6220,44,265833
45120,5.9e-05,172.31.46.0-255,66,6286,44,265833
45121,0.000107,172.217.194.0-255,2902,9188,44,265833
45122,0.000112,172.31.46.0-255,66,9254,44,265833
45123,0.000123,172.217.194.0-255,4775,14029,44,265833
45124,0.000126,172.31.46.0-255,66,14095,44,265833
45125,0.000234,172.217.194.0-255,1484,15579,44,265833
45126,0.000238,172.31.46.0-255,66,15645,44,265833
45127,0.000265,172.217.194.0-255,1484,17129,44,265833
45128,0.000267,172.31.46.0-255,66,17195,44,265833
45129,0.000272,172.217.194.0-255,2902,20097,44,265833
45130,0.000275,172.31.46.0-255,66,20163,44,265833
45131,0.0003,172.217.194.0-255,5738,25901,44,265833
45132,0.000304,172.31.46.0-255,66,25967,44,265833
45133,0.000335,172.217.194.0-255,5379,31346,44,265833
45134,0.000338,172.31.46.0-255,66,31412,44,265833
45135,0.000366,172.217.194.0-255,2902,34314,44,265833
45136,0.000368,172.31.46.0-255,66,34380,44,265833
45137,0.000389,172.217.194.0-255,2902,37282,44,265833
45138,0.000392,172.31.46.0-255,66,37348,44,265833
45139,0.000399,172.217.194.0-255,7156,44504,44,265833
45140,0.000401,172.31.46.0-255,66,44570,44,265833
45141,0.000405,172.217.194.0-255,2902,47472,44,265833
45142,0.000408,172.31.46.0-255,66,47538,44,265833
45143,0.000454,172.31.46.0-255,66,47604,44,265833
45144,0.000462,172.217.194.0-255,6438,54042,44,265833
45145,0.000464,172.31.46.0-255,66,54108,44,265833
45146,0.000466,172.217.194.0-255,677,54785,44,265833
45147,0.000541,172.217.194.0-255,1484,56269,44,265833
45148,0.000545,172.31.46.0-255,66,56335,44,265833
45149,0.000572,172.217.194.0-255,2902,59237,44,265833
45150,0.000575,172.31.46.0-255,66,59303,44,265833
45151,0.000586,172.217.194.0-255,1484,60787,44,265833
45152,0.000611,172.217.194.0-255,1484,62271,44,265833
45153,0.000614,172.31.46.0-255,66,62337,44,265833
45154,0.000619,172.217.194.0-255,4320,66657,44,265833
45155,0.000622,172.31.46.0-255,66,66723,44,265833
45156,0.000631,172.217.194.0-255,4320,71043,44,265833
45157,0.000634,172.31.46.0-255,66,71109,44,265833
45158,0.00066,172.217.194.0-255,4320,75429,44,265833
45159,0.000667,172.31.46.0-255,66,75495,44,265833
45160,0.000674,172.217.194.0-255,5738,81233,44,265833
45161,0.000677,172.31.46.0-255,66,81299,44,265833
45162,0.000718,172.31.46.0-255,66,81365,44,265833
45163,0.001334,172.217.194.0-255,1484,82849,44,265833
45164,0.001342,172.217.194.0-255,2902,85751,44,265833
45165,0.001347,172.31.46.0-255,66,85817,44,265833
45166,0.001354,172.217.194.0-255,5738,91555,44,265833
45167,0.001356,172.31.46.0-255,66,91621,44,265833
45168,0.001375,172.31.46.0-255,66,91687,44,265833
45169,0.001413,172.217.194.0-255,1484,93171,44,265833
45170,0.001426,172.31.46.0-255,66,93237,44,265833
45171,0.001439,172.31.46.0-255,66,93303,44,265833
45172,0.001455,172.31.46.0-255,66,93369,44,265833
45173,0.00148,172.217.194.0-255,2902,96271,44,265833
45174,0.001482,172.31.46.0-255,66,96337,44,265833
45175,0.001492,172.217.194.0-255,4320,100657,44,265833
45176,0.001494,172.31.46.0-255,66,100723,44,265833
45177,0.001526,172.217.194.0-255,6438,107161,44,265833
45178,0.001529,172.31.46.0-255,66,107227,44,265833
45179,0.00173,172.217.194.0-255,1484,108711,44,265833
45180,0.001737,172.217.194.0-255,2902,111613,44,265833
45181,0.001741,172.31.46.0-255,66,111679,44,265833
45182,0.001748,172.217.194.0-255,5738,117417,44,265833
45183,0.001751,172.31.46.0-255,66,117483,44,265833
45184,0.00179,172.31.46.0-255,66,117549,44,265833
45185,0.001859,172.31.46.0-255,66,117615,44,265833
45186,0.001897,172.217.194.0-255,7156,124771,44,265833
45187,0.0019,172.31.46.0-255,66,124837,44,265833
45188,0.001932,172.217.194.0-255,2902,127739,44,265833
45189,0.001936,172.31.46.0-255,66,127805,44,265833
45190,0.001953,172.31.46.0-255,66,127871,44,265833
45191,0.001981,172.217.194.0-255,5738,133609,44,265833
45192,0.001984,172.31.46.0-255,66,133675,44,265833
45193,0.002019,172.217.194.0-255,6438,140113,44,265833
45194,0.002022,172.31.46.0-255,66,140179,44,265833
45195,0.002025,172.217.194.0-255,1484,141663,44,265833
45196,0.00203,172.217.194.0-255,2902,144565,44,265833
45197,0.002033,172.31.46.0-255,66,144631,44,265833
45198,0.002044,172.217.194.0-255,5738,150369,44,265833
45199,0.002047,172.31.46.0-255,66,150435,44,265833
45200,0.002051,172.217.194.0-255,2902,153337,44,265833
45201,0.002054,172.31.46.0-255,66,153403,44,265833
45202,0.002103,172.31.46.0-255,66,153469,44,265833
45203,0.002143,172.31.46.0-255,66,153535,44,265833
45204,0.002173,172.31.46.0-255,66,153601,44,265833
45205,0.002202,172.217.194.0-255,4320,157921,44,265833
45206,0.002207,172.31.46.0-255,66,157987,44,265833
45207,0.002216,172.217.194.0-255,5738,163725,44,265833
45208,0.002222,172.31.46.0-255,66,163791,44,265833
45209,0.002228,172.217.194.0-255,4320,168111,44,265833
45210,0.00223,172.31.46.0-255,66,168177,44,265833
45211,0.00227,172.31.46.0-255,66,168243,44,265833
45212,0.004539,172.217.194.0-255,5738,173981,44,265833
45213,0.004549,172.31.46.0-255,66,174047,44,265833
45214,0.006825,172.217.194.0-255,5738,179785,44,265833
45215,0.006837,172.31.46.0-255,66,179851,44,265833
45216,0.0091,172.217.194.0-255,5738,185589,44,265833
45217,0.009109,172.31.46.0-255,66,185655,44,265833
45218,0.011402,172.217.194.0-255,5738,191393,44,265833
45219,0.011418,172.31.46.0-255,66,191459,44,265833
45220,0.013668,172.217.194.0-255,5738,197197,44,265833
45221,0.01368,172.31.46.0-255,66,197263,44,265833
45222,0.015948,172.217.194.0-255,5738,203001,44,265833
45223,0.015957,172.31.46.0-255,66,203067,44,265833
45224,0.018242,172.217.194.0-255,5738,208805,44,265833
45225,0.01825,172.31.46.0-255,66,208871,44,265833
45226,0.020509,172.217.194.0-255,5738,214609,44,265833
45227,0.020518,172.31.46.0-255,66,214675,44,265833
45228,0.022799,172.217.194.0-255,5738,220413,44,265833
45229,0.022811,172.31.46.0-255,66,220479,44,265833
45230,0.025114,172.217.194.0-255,5738,226217,44,265833
45231,0.025133,172.31.46.0-255,66,226283,44,265833
45232,0.027436,172.217.194.0-255,5738,232021,44,265833
45233,0.027453,172.31.46.0-255,66,232087,44,265833
45234,0.029727,172.217.194.0-255,5738,237825,44,265833
45235,0.029742,172.31.46.0-255,66,237891,44,265833
45236,0.03204,172.217.194.0-255,5738,243629,44,265833
45237,0.032048,172.31.46.0-255,66,243695,44,265833
45238,0.034311,172.217.194.0-255,5738,249433,44,265833
45239,0.034319,172.31.46.0-255,66,249499,44,265833
45240,0.034897,172.31.46.0-255,172,249671,44,265833
45241,0.03493,172.31.46.0-255,1113,250784,44,265833
45242,0.035,172.31.46.0-255,1514,252298,44,265833
45243,0.035002,172.31.46.0-255,1514,253812,44,265833
45244,0.035004,172.31.46.0-255,1514,255326,44,265833
45245,0.035005,172.31.46.0-255,1514,256840,44,265833
45246,0.035006,172.31.46.0-255,557,257397,44,265833
45247,0.036592,172.217.194.0-255,5738,263135,44,265833
45248,0.0366,172.31.46.0-255,66,263201,44,265833
45249,0.037151,104.244.42.0-255,66,263267,44,265833
45250,0.037244,104.244.42.0-255,108,263375,44,265833
45251,0.037252,172.31.46.0-255,66,263441,44,265833
45252,0.038888,172.217.194.0-255,2155,265596,44,265833
45253,0.038895,172.31.46.0-255,66,265662,44,265833
45254,0.039326,172.31.46.0-255,105,265767,44,265833
45255,0.041565,172.217.194.0-255,66,265833,44,265833
45256,0.0,74.125.24.0-255,153,153,44,316646
45257,2.1e-05,172.31.46.0-255,66,219,44,316646
45258,2.7e-05,74.125.24.0-255,1484,1703,44,316646
45259,3.1e-05,172.31.46.0-255,66,1769,44,316646
45260,3.6e-05,74.125.24.0-255,2902,4671,44,316646
45261,3.9e-05,172.31.46.0-255,66,4737,44,316646
45262,4.6e-05,74.125.24.0-255,7156,11893,44,316646
45263,4.9e-05,172.31.46.0-255,66,11959,44,316646
45264,5.2e-05,74.125.24.0-255,2053,14012,44,316646
45265,5.6e-05,172.31.46.0-255,66,14078,44,316646
45266,0.000119,74.125.24.0-255,1484,15562,44,316646
45267,0.000122,172.31.46.0-255,66,15628,44,316646
45268,0.000144,74.125.24.0-255,2902,18530,44,316646
45269,0.000146,74.125.24.0-255,1484,20014,44,316646
45270,0.000149,172.31.46.0-255,66,20080,44,316646
45271,0.000155,172.31.46.0-255,66,20146,44,316646
45272,0.00016,74.125.24.0-255,2902,23048,44,316646
45273,0.000162,172.31.46.0-255,66,23114,44,316646
45274,0.000194,74.125.24.0-255,4320,27434,44,316646
45275,0.000196,172.31.46.0-255,66,27500,44,316646
45276,0.000218,74.125.24.0-255,5379,32879,44,316646
45277,0.00022,172.31.46.0-255,66,32945,44,316646
45278,0.000227,74.125.24.0-255,7156,40101,44,316646
45279,0.000229,172.31.46.0-255,66,40167,44,316646
45280,0.00026,74.125.24.0-255,4320,44487,44,316646
45281,0.000262,172.31.46.0-255,66,44553,44,316646
45282,0.000275,74.125.24.0-255,3961,48514,44,316646
45283,0.000278,172.31.46.0-255,66,48580,44,316646
45284,0.000326,74.125.24.0-255,1484,50064,44,316646
45285,0.000329,172.31.46.0-255,66,50130,44,316646
45286,0.000347,74.125.24.0-255,2902,53032,44,316646
45287,0.000349,172.31.46.0-255,66,53098,44,316646
45288,0.000351,74.125.24.0-255,1484,54582,44,316646
45289,0.000378,74.125.24.0-255,2902,57484,44,316646
45290,0.00038,172.31.46.0-255,66,57550,44,316646
45291,0.000385,74.125.24.0-255,5738,63288,44,316646
45292,0.000387,172.31.46.0-255,66,63354,44,316646
45293,0.000409,74.125.24.0-255,2543,65897,44,316646
45294,0.000411,172.31.46.0-255,66,65963,44,316646
45295,0.000446,74.125.24.0-255,676,66639,44,316646
45296,0.0006,74.125.24.0-255,1484,68123,44,316646
45297,0.000605,172.31.46.0-255,66,68189,44,316646
45298,0.000609,74.125.24.0-255,2902,71091,44,316646
45299,0.000612,172.31.46.0-255,66,71157,44,316646
45300,0.000614,74.125.24.0-255,1484,72641,44,316646
45301,0.000654,74.125.24.0-255,4320,76961,44,316646
45302,0.000657,172.31.46.0-255,66,77027,44,316646
45303,0.000663,74.125.24.0-255,5738,82765,44,316646
45304,0.000665,172.31.46.0-255,66,82831,44,316646
45305,0.000676,74.125.24.0-255,1125,83956,44,316646
45306,0.00069,74.125.24.0-255,1484,85440,44,316646
45307,0.000692,172.31.46.0-255,66,85506,44,316646
45308,0.000716,74.125.24.0-255,5738,91244,44,316646
45309,0.000718,172.31.46.0-255,66,91310,44,316646
45310,0.000728,172.31.46.0-255,66,91376,44,316646
45311,0.001036,74.125.24.0-255,1484,92860,44,316646
45312,0.001041,74.125.24.0-255,2902,95762,44,316646
45313,0.001044,172.31.46.0-255,66,95828,44,316646
45314,0.001049,74.125.24.0-255,2902,98730,44,316646
45315,0.001051,172.31.46.0-255,66,98796,44,316646
45316,0.001067,74.125.24.0-255,2902,101698,44,316646
45317,0.001069,172.31.46.0-255,66,101764,44,316646
45318,0.001074,74.125.24.0-255,4320,106084,44,316646
45319,0.001076,172.31.46.0-255,66,106150,44,316646
45320,0.001127,172.31.46.0-255,66,106216,44,316646
45321,0.001136,172.31.46.0-255,66,106282,44,316646
45322,0.001453,74.125.24.0-255,1484,107766,44,316646
45323,0.001471,74.125.24.0-255,2902,110668,44,316646
45324,0.001474,172.31.46.0-255,66,110734,44,316646
45325,0.001481,74.125.24.0-255,5738,116472,44,316646
45326,0.001482,172.31.46.0-255,66,116538,44,316646
45327,0.001495,74.125.24.0-255,1484,118022,44,316646
45328,0.001522,172.31.46.0-255,66,118088,44,316646
45329,0.001553,172.31.46.0-255,66,118154,44,316646
45330,0.001601,74.125.24.0-255,1484,119638,44,316646
45331,0.001615,74.125.24.0-255,2902,122540,44,316646
45332,0.001618,172.31.46.0-255,66,122606,44,316646
45333,0.001624,74.125.24.0-255,5738,128344,44,316646
45334,0.001626,172.31.46.0-255,66,128410,44,316646
45335,0.001657,74.125.24.0-255,2902,131312,44,316646
45336,0.001659,172.31.46.0-255,66,131378,44,316646
45337,0.001679,74.125.24.0-255,5738,137116,44,316646
45338,0.001682,172.31.46.0-255,66,137182,44,316646
45339,0.001704,74.125.24.0-255,4320,141502,44,316646
45340,0.001707,172.31.46.0-255,66,141568,44,316646
45341,0.001717,172.31.46.0-255,66,141634,44,316646
45342,0.00172,74.125.24.0-255,2184,143818,44,316646
45343,0.001722,172.31.46.0-255,66,143884,44,316646
45344,0.001835,74.125.24.0-255,1484,145368,44,316646
45345,0.00184,74.125.24.0-255,2902,148270,44,316646
45346,0.001843,172.31.46.0-255,66,148336,44,316646
45347,0.001861,74.125.24.0-255,2902,151238,44,316646
45348,0.001863,172.31.46.0-255,66,151304,44,316646
45349,0.001879,74.125.24.0-255,2902,154206,44,316646
45350,0.001881,172.31.46.0-255,66,154272,44,316646
45351,0.00189,172.31.46.0-255,66,154338,44,316646
45352,0.001906,74.125.24.0-255,2902,157240,44,316646
45353,0.001908,172.31.46.0-255,66,157306,44,316646
45354,0.001941,74.125.24.0-255,2902,160208,44,316646
45355,0.001944,172.31.46.0-255,66,160274,44,316646
45356,0.001973,172.31.46.0-255,66,160340,44,316646
45357,0.001986,74.125.24.0-255,5738,166078,44,316646
45358,0.001988,172.31.46.0-255,66,166144,44,316646
45359,0.002015,74.125.24.0-255,7156,173300,44,316646
45360,0.002017,172.31.46.0-255,66,173366,44,316646
45361,0.002025,74.125.24.0-255,2902,176268,44,316646
45362,0.002027,172.31.46.0-255,66,176334,44,316646
45363,0.002065,172.31.46.0-255,66,176400,44,316646
45364,0.002071,74.125.24.0-255,6438,182838,44,316646
45365,0.002073,172.31.46.0-255,66,182904,44,316646
45366,0.00221,74.125.24.0-255,1484,184388,44,316646
45367,0.002227,74.125.24.0-255,2902,187290,44,316646
45368,0.00223,172.31.46.0-255,66,187356,44,316646
45369,0.002235,74.125.24.0-255,4320,191676,44,316646
45370,0.002237,172.31.46.0-255,66,191742,44,316646
45371,0.002267,172.31.46.0-255,66,191808,44,316646
45372,0.002317,74.125.24.0-255,4320,196128,44,316646
45373,0.002319,172.31.46.0-255,66,196194,44,316646
45374,0.002349,172.31.46.0-255,66,196260,44,316646
45375,0.004614,74.125.24.0-255,5738,201998,44,316646
45376,0.004621,172.31.46.0-255,66,202064,44,316646
45377,0.006874,74.125.24.0-255,5738,207802,44,316646
45378,0.006879,172.31.46.0-255,66,207868,44,316646
45379,0.009142,74.125.24.0-255,5738,213606,44,316646
45380,0.009148,172.31.46.0-255,66,213672,44,316646
45381,0.011421,74.125.24.0-255,5738,219410,44,316646
45382,0.011428,172.31.46.0-255,66,219476,44,316646
45383,0.013731,74.125.24.0-255,5738,225214,44,316646
45384,0.01374,172.31.46.0-255,66,225280,44,316646
45385,0.016018,74.125.24.0-255,5738,231018,44,316646
45386,0.016028,172.31.46.0-255,66,231084,44,316646
45387,0.018303,74.125.24.0-255,5738,236822,44,316646
45388,0.018311,172.31.46.0-255,66,236888,44,316646
45389,0.020579,74.125.24.0-255,5738,242626,44,316646
45390,0.020585,172.31.46.0-255,66,242692,44,316646
45391,0.022855,74.125.24.0-255,5738,248430,44,316646
45392,0.022865,172.31.46.0-255,66,248496,44,316646
45393,0.02302,172.31.46.0-255,101,248597,44,316646
45394,0.025155,74.125.24.0-255,5738,254335,44,316646
45395,0.025163,172.31.46.0-255,66,254401,44,316646
45396,0.025234,74.125.24.0-255,66,254467,44,316646
45397,0.027438,74.125.24.0-255,5738,260205,44,316646
45398,0.027447,172.31.46.0-255,66,260271,44,316646
45399,0.02974,74.125.24.0-255,5738,266009,44,316646
45400,0.029748,172.31.46.0-255,66,266075,44,316646
45401,0.032022,74.125.24.0-255,5738,271813,44,316646
45402,0.03203,172.31.46.0-255,66,271879,44,316646
45403,0.034312,74.125.24.0-255,5738,277617,44,316646
45404,0.03432,172.31.46.0-255,66,277683,44,316646
45405,0.035223,172.31.46.0-255,164,277847,44,316646
45406,0.035255,172.31.46.0-255,1123,278970,44,316646
45407,0.035321,172.31.46.0-255,1514,280484,44,316646
45408,0.035323,172.31.46.0-255,1514,281998,44,316646
45409,0.035329,172.31.46.0-255,1514,283512,44,316646
45410,0.03533,172.31.46.0-255,1514,285026,44,316646
45411,0.035348,172.31.46.0-255,1509,286535,44,316646
45412,0.036569,74.125.24.0-255,5738,292273,44,316646
45413,0.036576,172.31.46.0-255,66,292339,44,316646
45414,0.036756,104.244.42.0-255,66,292405,44,316646
45415,0.036777,104.244.42.0-255,66,292471,44,316646
45416,0.036873,104.244.42.0-255,66,292537,44,316646
45417,0.038847,74.125.24.0-255,5738,298275,44,316646
45418,0.038856,172.31.46.0-255,66,298341,44,316646
45419,0.041137,74.125.24.0-255,5738,304079,44,316646
45420,0.041144,172.31.46.0-255,66,304145,44,316646
45421,0.043418,74.125.24.0-255,5738,309883,44,316646
45422,0.043424,172.31.46.0-255,66,309949,44,316646
45423,0.04572,74.125.24.0-255,5738,315687,44,316646
45424,0.04573,172.31.46.0-255,66,315753,44,316646
45425,0.047983,74.125.24.0-255,788,316541,44,316646
45426,0.048204,172.31.46.0-255,105,316646,44,316646
45427,0.0,172.217.194.0-255,153,153,44,236013
45428,2.1e-05,172.31.46.0-255,66,219,44,236013
45429,2.8e-05,172.217.194.0-255,1484,1703,44,236013
45430,3.3e-05,172.31.46.0-255,66,1769,44,236013
45431,3.9e-05,172.217.194.0-255,2902,4671,44,236013
45432,4.2e-05,172.31.46.0-255,66,4737,44,236013
45433,6.1e-05,172.217.194.0-255,2902,7639,44,236013
45434,6.4e-05,172.31.46.0-255,66,7705,44,236013
45435,8.9e-05,172.217.194.0-255,4320,12025,44,236013
45436,9.2e-05,172.31.46.0-255,66,12091,44,236013
45437,9.6e-05,172.217.194.0-255,1977,14068,44,236013
45438,9.8e-05,172.31.46.0-255,66,14134,44,236013
45439,0.000112,172.217.194.0-255,2902,17036,44,236013
45440,0.000115,172.31.46.0-255,66,17102,44,236013
45441,0.000136,172.217.194.0-255,5738,22840,44,236013
45442,0.000139,172.31.46.0-255,66,22906,44,236013
45443,0.000161,172.217.194.0-255,1484,24390,44,236013
45444,0.000164,172.31.46.0-255,66,24456,44,236013
45445,0.000168,172.217.194.0-255,2902,27358,44,236013
45446,0.000171,172.31.46.0-255,66,27424,44,236013
45447,0.000184,172.217.194.0-255,3961,31385,44,236013
45448,0.000188,172.31.46.0-255,66,31451,44,236013
45449,0.000458,172.217.194.0-255,1484,32935,44,236013
45450,0.000463,172.31.46.0-255,66,33001,44,236013
45451,0.000468,172.217.194.0-255,2902,35903,44,236013
45452,0.000471,172.31.46.0-255,66,35969,44,236013
45453,0.000476,172.217.194.0-255,2902,38871,44,236013
45454,0.000478,172.31.46.0-255,66,38937,44,236013
45455,0.000492,172.217.194.0-255,2902,41839,44,236013
45456,0.000495,172.31.46.0-255,66,41905,44,236013
45457,0.000501,172.217.194.0-255,5738,47643,44,236013
45458,0.000504,172.31.46.0-255,66,47709,44,236013
45459,0.000524,172.217.194.0-255,1125,48834,44,236013
45460,0.000528,172.217.194.0-255,1484,50318,44,236013
45461,0.000531,172.31.46.0-255,66,50384,44,236013
45462,0.000555,172.217.194.0-255,7156,57540,44,236013
45463,0.000558,172.31.46.0-255,66,57606,44,236013
45464,0.000578,172.217.194.0-255,2902,60508,44,236013
45465,0.000581,172.31.46.0-255,66,60574,44,236013
45466,0.000602,172.217.194.0-255,2902,63476,44,236013
45467,0.000604,172.31.46.0-255,66,63542,44,236013
45468,0.000609,172.217.194.0-255,2813,66355,44,236013
45469,0.000612,172.31.46.0-255,66,66421,44,236013
45470,0.00071,172.217.194.0-255,385,66806,44,236013
45471,0.000993,172.217.194.0-255,1484,68290,44,236013
45472,0.000998,172.31.46.0-255,66,68356,44,236013
45473,0.001003,172.217.194.0-255,2902,71258,44,236013
45474,0.001005,172.31.46.0-255,66,71324,44,236013
45475,0.00101,172.217.194.0-255,2902,74226,44,236013
45476,0.001012,172.31.46.0-255,66,74292,44,236013
45477,0.00104,172.217.194.0-255,2902,77194,44,236013
45478,0.001042,172.31.46.0-255,66,77260,44,236013
45479,0.001054,172.31.46.0-255,66,77326,44,236013
45480,0.00108,172.217.194.0-255,2902,80228,44,236013
45481,0.001083,172.31.46.0-255,66,80294,44,236013
45482,0.001094,172.31.46.0-255,66,80360,44,236013
45483,0.001097,172.217.194.0-255,766,81126,44,236013
45484,0.001381,172.217.194.0-255,1484,82610,44,236013
45485,0.001385,172.31.46.0-255,66,82676,44,236013
45486,0.001391,172.217.194.0-255,2902,85578,44,236013
45487,0.001393,172.31.46.0-255,66,85644,44,236013
45488,0.001398,172.217.194.0-255,2902,88546,44,236013
45489,0.001399,172.31.46.0-255,66,88612,44,236013
45490,0.001434,172.217.194.0-255,2902,91514,44,236013
45491,0.001437,172.31.46.0-255,66,91580,44,236013
45492,0.001445,172.217.194.0-255,7156,98736,44,236013
45493,0.001447,172.31.46.0-255,66,98802,44,236013
45494,0.001467,172.217.194.0-255,5738,104540,44,236013
45495,0.001471,172.31.46.0-255,66,104606,44,236013
45496,0.001527,172.31.46.0-255,66,104672,44,236013
45497,0.001532,172.217.194.0-255,2184,106856,44,236013
45498,0.001534,172.31.46.0-255,66,106922,44,236013
45499,0.001538,172.217.194.0-255,2902,109824,44,236013
45500,0.00154,172.31.46.0-255,66,109890,44,236013
45501,0.001546,172.217.194.0-255,7156,117046,44,236013
45502,0.001549,172.31.46.0-255,66,117112,44,236013
45503,0.001559,172.31.46.0-255,66,117178,44,236013
45504,0.001583,172.217.194.0-255,1484,118662,44,236013
45505,0.001601,172.217.194.0-255,4320,122982,44,236013
45506,0.001605,172.31.46.0-255,66,123048,44,236013
45507,0.00163,172.31.46.0-255,66,123114,44,236013
45508,0.001682,172.217.194.0-255,1484,124598,44,236013
45509,0.001701,172.217.194.0-255,2902,127500,44,236013
45510,0.001703,172.31.46.0-255,66,127566,44,236013
45511,0.001725,172.217.194.0-255,5738,133304,44,236013
45512,0.001728,172.31.46.0-255,66,133370,44,236013
45513,0.001731,172.217.194.0-255,1484,134854,44,236013
45514,0.001773,172.217.194.0-255,7156,142010,44,236013
45515,0.001776,172.31.46.0-255,66,142076,44,236013
45516,0.001795,172.217.194.0-255,5738,147814,44,236013
45517,0.001798,172.31.46.0-255,66,147880,44,236013
45518,0.001809,172.31.46.0-255,66,147946,44,236013
45519,0.001843,172.31.46.0-255,66,148012,44,236013
45520,0.001891,172.31.46.0-255,66,148078,44,236013
45521,0.001906,172.217.194.0-255,1484,149562,44,236013
45522,0.001918,172.31.46.0-255,66,149628,44,236013
45523,0.001921,172.217.194.0-255,1484,151112,44,236013
45524,0.001938,172.217.194.0-255,2902,154014,44,236013
45525,0.00194,172.31.46.0-255,66,154080,44,236013
45526,0.001964,172.217.194.0-255,5738,159818,44,236013
45527,0.001967,172.31.46.0-255,66,159884,44,236013
45528,0.001977,172.217.194.0-255,5738,165622,44,236013
45529,0.001979,172.31.46.0-255,66,165688,44,236013
45530,0.002004,172.217.194.0-255,5738,171426,44,236013
45531,0.002007,172.31.46.0-255,66,171492,44,236013
45532,0.00202,172.31.46.0-255,66,171558,44,236013
45533,0.002069,172.31.46.0-255,66,171624,44,236013
45534,0.002073,172.31.46.0-255,66,171690,44,236013
45535,0.002092,172.217.194.0-255,4320,176010,44,236013
45536,0.002095,172.31.46.0-255,66,176076,44,236013
45537,0.002122,172.217.194.0-255,7156,183232,44,236013
45538,0.002126,172.31.46.0-255,66,183298,44,236013
45539,0.00213,172.217.194.0-255,3602,186900,44,236013
45540,0.002133,172.31.46.0-255,66,186966,44,236013
45541,0.002155,172.217.194.0-255,1484,188450,44,236013
45542,0.002169,172.217.194.0-255,2902,191352,44,236013
45543,0.002172,172.31.46.0-255,66,191418,44,236013
45544,0.002192,172.217.194.0-255,7156,198574,44,236013
45545,0.002194,172.31.46.0-255,66,198640,44,236013
45546,0.002214,172.217.194.0-255,1484,200124,44,236013
45547,0.002225,172.217.194.0-255,1484,201608,44,236013
45548,0.002228,172.31.46.0-255,66,201674,44,236013
45549,0.002261,172.31.46.0-255,66,201740,44,236013
45550,0.002268,172.217.194.0-255,6438,208178,44,236013
45551,0.00227,172.31.46.0-255,66,208244,44,236013
45552,0.002566,172.217.194.0-255,1484,209728,44,236013
45553,0.002571,172.217.194.0-255,2902,212630,44,236013
45554,0.002575,172.31.46.0-255,66,212696,44,236013
45555,0.002581,172.217.194.0-255,4320,217016,44,236013
45556,0.002583,172.31.46.0-255,66,217082,44,236013
45557,0.002594,172.217.194.0-255,1484,218566,44,236013
45558,0.002598,172.217.194.0-255,2902,221468,44,236013
45559,0.0026,172.31.46.0-255,66,221534,44,236013
45560,0.002632,172.31.46.0-255,66,221600,44,236013
45561,0.002646,172.217.194.0-255,2902,224502,44,236013
45562,0.002648,172.31.46.0-255,66,224568,44,236013
45563,0.002681,172.31.46.0-255,66,224634,44,236013
45564,0.002693,172.31.46.0-255,66,224700,44,236013
45565,0.002699,172.217.194.0-255,5738,230438,44,236013
45566,0.002702,172.31.46.0-255,66,230504,44,236013
45567,0.002725,172.217.194.0-255,3596,234100,44,236013
45568,0.002728,172.31.46.0-255,66,234166,44,236013
45569,0.002741,172.217.194.0-255,105,234271,44,236013
45570,0.002813,172.217.194.0-255,129,234400,44,236013
45571,0.010467,172.31.46.0-255,105,234505,44,236013
45572,0.010516,172.31.46.0-255,105,234610,44,236013
45573,0.010779,172.31.46.0-255,90,234700,44,236013
45574,0.01079,172.31.46.0-255,66,234766,44,236013
45575,0.012697,172.217.194.0-255,66,234832,44,236013
45576,0.012738,172.217.194.0-255,66,234898,44,236013
45577,0.013001,172.217.194.0-255,66,234964,44,236013
45578,0.01302,172.217.194.0-255,66,235030,44,236013
45579,0.013029,172.31.46.0-255,66,235096,44,236013
45580,0.032423,172.31.46.0-255,171,235267,44,236013
45581,0.032451,172.31.46.0-255,614,235881,44,236013
45582,0.033959,104.244.42.0-255,66,235947,44,236013
45583,0.034,104.244.42.0-255,66,236013,44,236013
45584,0.0,172.217.194.0-255,153,153,44,296183
45585,1.4e-05,172.31.46.0-255,66,219,44,296183
45586,2e-05,172.217.194.0-255,1484,1703,44,296183
45587,2.6e-05,172.31.46.0-255,66,1769,44,296183
45588,3.3e-05,172.217.194.0-255,2902,4671,44,296183
45589,3.6e-05,172.31.46.0-255,66,4737,44,296183
45590,4.5e-05,172.217.194.0-255,7156,11893,44,296183
45591,4.8e-05,172.31.46.0-255,66,11959,44,296183
45592,8.5e-05,172.217.194.0-255,3350,15309,44,296183
45593,8.8e-05,172.31.46.0-255,66,15375,44,296183
45594,9.4e-05,172.217.194.0-255,4320,19695,44,296183
45595,9.7e-05,172.31.46.0-255,66,19761,44,296183
45596,0.000131,172.31.46.0-255,66,19827,44,296183
45597,0.000134,172.217.194.0-255,1125,20952,44,296183
45598,0.000136,172.31.46.0-255,66,21018,44,296183
45599,0.000318,172.217.194.0-255,1484,22502,44,296183
45600,0.000322,172.31.46.0-255,66,22568,44,296183
45601,0.000346,172.217.194.0-255,2902,25470,44,296183
45602,0.000349,172.31.46.0-255,66,25536,44,296183
45603,0.000353,172.217.194.0-255,2902,28438,44,296183
45604,0.000355,172.31.46.0-255,66,28504,44,296183
45605,0.000363,172.217.194.0-255,7156,35660,44,296183
45606,0.000366,172.31.46.0-255,66,35726,44,296183
45607,0.000413,172.217.194.0-255,4320,40046,44,296183
45608,0.000417,172.31.46.0-255,66,40112,44,296183
45609,0.000444,172.31.46.0-255,66,40178,44,296183
45610,0.000461,172.217.194.0-255,1484,41662,44,296183
45611,0.000464,172.31.46.0-255,66,41728,44,296183
45612,0.00047,172.217.194.0-255,3602,45330,44,296183
45613,0.000472,172.31.46.0-255,66,45396,44,296183
45614,0.000512,172.217.194.0-255,649,46045,44,296183
45615,0.000552,172.217.194.0-255,1484,47529,44,296183
45616,0.000555,172.31.46.0-255,66,47595,44,296183
45617,0.000561,172.217.194.0-255,4320,51915,44,296183
45618,0.000564,172.31.46.0-255,66,51981,44,296183
45619,0.00058,172.217.194.0-255,2902,54883,44,296183
45620,0.000583,172.31.46.0-255,66,54949,44,296183
45621,0.000613,172.217.194.0-255,7156,62105,44,296183
45622,0.000616,172.31.46.0-255,66,62171,44,296183
45623,0.000622,172.217.194.0-255,5738,67909,44,296183
45624,0.000624,172.31.46.0-255,66,67975,44,296183
45625,0.000668,172.217.194.0-255,2902,70877,44,296183
45626,0.000671,172.31.46.0-255,66,70943,44,296183
45627,0.0007,172.31.46.0-255,66,71009,44,296183
45628,0.00084,172.217.194.0-255,1484,72493,44,296183
45629,0.000843,172.217.194.0-255,1484,73977,44,296183
45630,0.000849,172.31.46.0-255,66,74043,44,296183
45631,0.000862,172.217.194.0-255,1484,75527,44,296183
45632,0.000866,172.217.194.0-255,2902,78429,44,296183
45633,0.000869,172.31.46.0-255,66,78495,44,296183
45634,0.000872,172.217.194.0-255,1484,79979,44,296183
45635,0.000892,172.217.194.0-255,5738,85717,44,296183
45636,0.000894,172.31.46.0-255,66,85783,44,296183
45637,0.000933,172.31.46.0-255,66,85849,44,296183
45638,0.000953,172.217.194.0-255,4320,90169,44,296183
45639,0.000956,172.31.46.0-255,66,90235,44,296183
45640,0.000974,172.217.194.0-255,5020,95255,44,296183
45641,0.000977,172.31.46.0-255,66,95321,44,296183
45642,0.001871,172.217.194.0-255,1484,96805,44,296183
45643,0.00188,172.217.194.0-255,2902,99707,44,296183
45644,0.001884,172.31.46.0-255,66,99773,44,296183
45645,0.001908,172.217.194.0-255,5738,105511,44,296183
45646,0.001911,172.31.46.0-255,66,105577,44,296183
45647,0.001966,172.31.46.0-255,66,105643,44,296183
45648,0.001972,172.217.194.0-255,5738,111381,44,296183
45649,0.001974,172.31.46.0-255,66,111447,44,296183
45650,0.002004,172.217.194.0-255,7156,118603,44,296183
45651,0.002006,172.31.46.0-255,66,118669,44,296183
45652,0.002024,172.217.194.0-255,3602,122271,44,296183
45653,0.002026,172.31.46.0-255,66,122337,44,296183
45654,0.002037,172.31.46.0-255,66,122403,44,296183
45655,0.002064,172.217.194.0-255,1484,123887,44,296183
45656,0.002075,172.31.46.0-255,66,123953,44,296183
45657,0.002093,172.217.194.0-255,4320,128273,44,296183
45658,0.002095,172.31.46.0-255,66,128339,44,296183
45659,0.002108,172.217.194.0-255,3602,131941,44,296183
45660,0.00211,172.31.46.0-255,66,132007,44,296183
45661,0.002163,172.217.194.0-255,1484,133491,44,296183
45662,0.002181,172.217.194.0-255,2902,136393,44,296183
45663,0.002183,172.31.46.0-255,66,136459,44,296183
45664,0.002199,172.217.194.0-255,2902,139361,44,296183
45665,0.002201,172.31.46.0-255,66,139427,44,296183
45666,0.002205,172.217.194.0-255,2902,142329,44,296183
45667,0.002207,172.31.46.0-255,66,142395,44,296183
45668,0.002231,172.217.194.0-255,4320,146715,44,296183
45669,0.002233,172.31.46.0-255,66,146781,44,296183
45670,0.002251,172.217.194.0-255,2902,149683,44,296183
45671,0.002254,172.31.46.0-255,66,149749,44,296183
45672,0.002273,172.217.194.0-255,7156,156905,44,296183
45673,0.002275,172.31.46.0-255,66,156971,44,296183
45674,0.002304,172.217.194.0-255,4320,161291,44,296183
45675,0.002307,172.31.46.0-255,66,161357,44,296183
45676,0.002313,172.217.194.0-255,5020,166377,44,296183
45677,0.002315,172.31.46.0-255,66,166443,44,296183
45678,0.002345,172.217.194.0-255,1484,167927,44,296183
45679,0.002354,172.217.194.0-255,1484,169411,44,296183
45680,0.002356,172.31.46.0-255,66,169477,44,296183
45681,0.002373,172.217.194.0-255,1484,170961,44,296183
45682,0.002379,172.217.194.0-255,5738,176699,44,296183
45683,0.002382,172.31.46.0-255,66,176765,44,296183
45684,0.002406,172.217.194.0-255,5738,182503,44,296183
45685,0.002409,172.31.46.0-255,66,182569,44,296183
45686,0.00242,172.217.194.0-255,2902,185471,44,296183
45687,0.002422,172.31.46.0-255,66,185537,44,296183
45688,0.002451,172.31.46.0-255,66,185603,44,296183
45689,0.002456,172.217.194.0-255,5020,190623,44,296183
45690,0.002458,172.31.46.0-255,66,190689,44,296183
45691,0.002509,172.217.194.0-255,2902,193591,44,296183
45692,0.002512,172.31.46.0-255,66,193657,44,296183
45693,0.002548,172.31.46.0-255,66,193723,44,296183
45694,0.002561,172.217.194.0-255,2902,196625,44,296183
45695,0.002564,172.31.46.0-255,66,196691,44,296183
45696,0.002597,172.31.46.0-255,66,196757,44,296183
45697,0.005184,172.217.194.0-255,5738,202495,44,296183
45698,0.005193,172.31.46.0-255,66,202561,44,296183
45699,0.007771,172.217.194.0-255,5738,208299,44,296183
45700,0.007775,172.31.46.0-255,66,208365,44,296183
45701,0.010362,172.217.194.0-255,5738,214103,44,296183
45702,0.010369,172.31.46.0-255,66,214169,44,296183
45703,0.012973,172.217.194.0-255,5738,219907,44,296183
45704,0.012981,172.31.46.0-255,66,219973,44,296183
45705,0.015572,172.217.194.0-255,5738,225711,44,296183
45706,0.015581,172.31.46.0-255,66,225777,44,296183
45707,0.018171,172.217.194.0-255,5738,231515,44,296183
45708,0.01818,172.31.46.0-255,66,231581,44,296183
45709,0.02077,172.217.194.0-255,5738,237319,44,296183
45710,0.020781,172.31.46.0-255,66,237385,44,296183
45711,0.023346,172.217.194.0-255,5738,243123,44,296183
45712,0.023353,172.31.46.0-255,66,243189,44,296183
45713,0.025938,172.217.194.0-255,5738,248927,44,296183
45714,0.025944,172.31.46.0-255,66,248993,44,296183
45715,0.028526,172.217.194.0-255,5738,254731,44,296183
45716,0.028534,172.31.46.0-255,66,254797,44,296183
45717,0.031132,172.217.194.0-255,5738,260535,44,296183
45718,0.031139,172.31.46.0-255,66,260601,44,296183
45719,0.033722,172.217.194.0-255,5738,266339,44,296183
45720,0.033729,172.31.46.0-255,66,266405,44,296183
45721,0.036297,172.217.194.0-255,5738,272143,44,296183
45722,0.036304,172.31.46.0-255,66,272209,44,296183
45723,0.038872,172.217.194.0-255,5738,277947,44,296183
45724,0.038879,172.31.46.0-255,66,278013,44,296183
45725,0.039332,172.31.46.0-255,172,278185,44,296183
45726,0.039363,172.31.46.0-255,1109,279294,44,296183
45727,0.039428,172.31.46.0-255,1514,280808,44,296183
45728,0.03943,172.31.46.0-255,1514,282322,44,296183
45729,0.039431,172.31.46.0-255,1514,283836,44,296183
45730,0.039437,172.31.46.0-255,1514,285350,44,296183
45731,0.039438,172.31.46.0-255,1514,286864,44,296183
45732,0.039439,172.31.46.0-255,77,286941,44,296183
45733,0.04083,104.244.42.0-255,66,287007,44,296183
45734,0.040851,104.244.42.0-255,66,287073,44,296183
45735,0.040945,104.244.42.0-255,66,287139,44,296183
45736,0.040951,104.244.42.0-255,66,287205,44,296183
45737,0.041465,172.217.194.0-255,5738,292943,44,296183
45738,0.041475,172.31.46.0-255,66,293009,44,296183
45739,0.044061,172.217.194.0-255,2412,295421,44,296183
45740,0.044068,172.31.46.0-255,66,295487,44,296183
45741,0.044232,172.31.46.0-255,105,295592,44,296183
45742,0.044269,172.31.46.0-255,105,295697,44,296183
45743,0.044486,172.31.46.0-255,90,295787,44,296183
45744,0.044494,172.31.46.0-255,66,295853,44,296183
45745,0.046782,172.217.194.0-255,66,295919,44,296183
45746,0.046806,172.217.194.0-255,66,295985,44,296183
45747,0.047032,172.217.194.0-255,66,296051,44,296183
45748,0.047275,172.217.194.0-255,66,296117,44,296183
45749,0.047288,172.31.46.0-255,66,296183,44,296183
45750,0.0,172.253.118.0-255,152,152,44,191134
45751,3.4e-05,172.31.46.0-255,66,218,44,191134
45752,4e-05,172.253.118.0-255,1484,1702,44,191134
45753,4.4e-05,172.31.46.0-255,66,1768,44,191134
45754,4.8e-05,172.253.118.0-255,2902,4670,44,191134
45755,5.9e-05,172.31.46.0-255,66,4736,44,191134
45756,6.6e-05,172.253.118.0-255,7156,11892,44,191134
45757,6.9e-05,172.31.46.0-255,66,11958,44,191134
45758,7.2e-05,172.253.118.0-255,1484,13442,44,191134
45759,7.4e-05,172.31.46.0-255,66,13508,44,191134
45760,0.000105,172.253.118.0-255,544,14052,44,191134
45761,0.000108,172.31.46.0-255,66,14118,44,191134
45762,0.000176,172.253.118.0-255,1484,15602,44,191134
45763,0.00018,172.31.46.0-255,66,15668,44,191134
45764,0.000184,172.253.118.0-255,2902,18570,44,191134
45765,0.000187,172.31.46.0-255,66,18636,44,191134
45766,0.000199,172.253.118.0-255,5738,24374,44,191134
45767,0.000201,172.31.46.0-255,66,24440,44,191134
45768,0.000257,172.31.46.0-255,66,24506,44,191134
45769,0.000272,172.31.46.0-255,66,24572,44,191134
45770,0.000278,172.253.118.0-255,4320,28892,44,191134
45771,0.000282,172.31.46.0-255,66,28958,44,191134
45772,0.000307,172.253.118.0-255,2543,31501,44,191134
45773,0.000311,172.31.46.0-255,66,31567,44,191134
45774,0.00148,172.253.118.0-255,1484,33051,44,191134
45775,0.001487,172.31.46.0-255,66,33117,44,191134
45776,0.001497,172.253.118.0-255,2902,36019,44,191134
45777,0.001504,172.31.46.0-255,66,36085,44,191134
45778,0.001508,172.253.118.0-255,1484,37569,44,191134
45779,0.00151,172.31.46.0-255,66,37635,44,191134
45780,0.001515,172.253.118.0-255,4320,41955,44,191134
45781,0.001532,172.253.118.0-255,1484,43439,44,191134
45782,0.001562,172.253.118.0-255,5379,48818,44,191134
45783,0.001566,172.253.118.0-255,1484,50302,44,191134
45784,0.001575,172.31.46.0-255,66,50368,44,191134
45785,0.001585,172.253.118.0-255,4320,54688,44,191134
45786,0.001589,172.31.46.0-255,66,54754,44,191134
45787,0.00161,172.253.118.0-255,4320,59074,44,191134
45788,0.001652,172.31.46.0-255,66,59140,44,191134
45789,0.001671,172.253.118.0-255,766,59906,44,191134
45790,0.001676,172.31.46.0-255,66,59972,44,191134
45791,0.001765,172.253.118.0-255,647,60619,44,191134
45792,0.001942,172.253.118.0-255,1484,62103,44,191134
45793,0.001945,172.31.46.0-255,66,62169,44,191134
45794,0.001949,172.253.118.0-255,1484,63653,44,191134
45795,0.001972,172.253.118.0-255,1484,65137,44,191134
45796,0.001978,172.253.118.0-255,5738,70875,44,191134
45797,0.001986,172.31.46.0-255,66,70941,44,191134
45798,0.002027,172.31.46.0-255,66,71007,44,191134
45799,0.002037,172.253.118.0-255,4320,75327,44,191134
45800,0.002059,172.253.118.0-255,1484,76811,44,191134
45801,0.002066,172.31.46.0-255,66,76877,44,191134
45802,0.002098,172.31.46.0-255,66,76943,44,191134
45803,0.004142,172.253.118.0-255,5738,82681,44,191134
45804,0.004147,172.31.46.0-255,66,82747,44,191134
45805,0.006174,172.253.118.0-255,5738,88485,44,191134
45806,0.00618,172.31.46.0-255,66,88551,44,191134
45807,0.008271,172.253.118.0-255,5738,94289,44,191134
45808,0.008282,172.31.46.0-255,66,94355,44,191134
45809,0.010339,172.253.118.0-255,4320,98675,44,191134
45810,0.010361,172.253.118.0-255,1484,100159,44,191134
45811,0.011928,172.31.46.0-255,66,100225,44,191134
45812,0.013947,172.253.118.0-255,5738,105963,44,191134
45813,0.013956,172.31.46.0-255,66,106029,44,191134
45814,0.016007,172.253.118.0-255,5738,111767,44,191134
45815,0.016018,172.31.46.0-255,66,111833,44,191134
45816,0.018063,172.253.118.0-255,5738,117571,44,191134
45817,0.02378,172.31.46.0-255,66,117637,44,191134
45818,0.025289,172.253.118.0-255,1484,119121,44,191134
45819,0.025835,172.253.118.0-255,4320,123441,44,191134
45820,0.025842,172.31.46.0-255,66,123507,44,191134
45821,0.027882,172.253.118.0-255,5738,129245,44,191134
45822,0.028078,172.31.46.0-255,66,129311,44,191134
45823,0.029294,172.31.46.0-255,172,129483,44,191134
45824,0.029322,172.31.46.0-255,1109,130592,44,191134
45825,0.02938,172.31.46.0-255,1514,132106,44,191134
45826,0.029382,172.31.46.0-255,1514,133620,44,191134
45827,0.029386,172.31.46.0-255,1514,135134,44,191134
45828,0.029388,172.31.46.0-255,1514,136648,44,191134
45829,0.029406,172.31.46.0-255,1514,138162,44,191134
45830,0.029407,172.31.46.0-255,76,138238,44,191134
45831,0.030104,172.253.118.0-255,5738,143976,44,191134
45832,0.030111,172.31.46.0-255,66,144042,44,191134
45833,0.030856,104.244.42.0-255,66,144108,44,191134
45834,0.030915,104.244.42.0-255,66,144174,44,191134
45835,0.030974,104.244.42.0-255,66,144240,44,191134
45836,0.030979,104.244.42.0-255,66,144306,44,191134
45837,0.032123,172.253.118.0-255,5738,150044,44,191134
45838,0.032129,172.31.46.0-255,66,150110,44,191134
45839,0.034154,172.253.118.0-255,4320,154430,44,191134
45840,0.034159,172.31.46.0-255,66,154496,44,191134
45841,0.034192,172.253.118.0-255,1484,155980,44,191134
45842,0.036188,172.253.118.0-255,4320,160300,44,191134
45843,0.036193,172.31.46.0-255,66,160366,44,191134
45844,0.038221,172.253.118.0-255,4320,164686,44,191134
45845,0.038227,172.31.46.0-255,66,164752,44,191134
45846,0.038267,172.253.118.0-255,1484,166236,44,191134
45847,0.040247,172.253.118.0-255,2902,169138,44,191134
45848,0.040253,172.31.46.0-255,66,169204,44,191134
45849,0.040292,172.253.118.0-255,1484,170688,44,191134
45850,0.042288,172.253.118.0-255,4320,175008,44,191134
45851,0.042333,172.31.46.0-255,66,175074,44,191134
45852,0.044356,172.253.118.0-255,4320,179394,44,191134
45853,0.044361,172.31.46.0-255,66,179460,44,191134
45854,0.04439,172.253.118.0-255,1484,180944,44,191134
45855,0.046394,172.253.118.0-255,4320,185264,44,191134
45856,0.046401,172.31.46.0-255,66,185330,44,191134
45857,0.048425,172.253.118.0-255,5738,191068,44,191134
45858,0.048552,172.31.46.0-255,66,191134,44,191134
45859,0.0,172.217.194.0-255,150,150,44,224524
45860,1.8e-05,172.31.46.0-255,66,216,44,224524
45861,2.4e-05,172.217.194.0-255,1484,1700,44,224524
45862,2.8e-05,172.31.46.0-255,66,1766,44,224524
45863,3.4e-05,172.217.194.0-255,2902,4668,44,224524
45864,3.8e-05,172.31.46.0-255,66,4734,44,224524
45865,4.5e-05,172.217.194.0-255,7156,11890,44,224524
45866,4.8e-05,172.31.46.0-255,66,11956,44,224524
45867,5.2e-05,172.217.194.0-255,2038,13994,44,224524
45868,5.5e-05,172.31.46.0-255,66,14060,44,224524
45869,0.000146,172.217.194.0-255,1484,15544,44,224524
45870,0.000149,172.31.46.0-255,66,15610,44,224524
45871,0.000155,172.217.194.0-255,2902,18512,44,224524
45872,0.000159,172.31.46.0-255,66,18578,44,224524
45873,0.000161,172.217.194.0-255,1484,20062,44,224524
45874,0.000163,172.31.46.0-255,66,20128,44,224524
45875,0.000192,172.217.194.0-255,4320,24448,44,224524
45876,0.000195,172.31.46.0-255,66,24514,44,224524
45877,0.000202,172.217.194.0-255,6797,31311,44,224524
45878,0.000204,172.31.46.0-255,66,31377,44,224524
45879,0.000234,172.217.194.0-255,5738,37115,44,224524
45880,0.000236,172.31.46.0-255,66,37181,44,224524
45881,0.00026,172.217.194.0-255,1484,38665,44,224524
45882,0.000262,172.31.46.0-255,66,38731,44,224524
45883,0.000274,172.31.46.0-255,66,38797,44,224524
45884,0.000281,172.217.194.0-255,7156,45953,44,224524
45885,0.000283,172.31.46.0-255,66,46019,44,224524
45886,0.000311,172.217.194.0-255,2902,48921,44,224524
45887,0.000314,172.31.46.0-255,66,48987,44,224524
45888,0.000321,172.217.194.0-255,6797,55784,44,224524
45889,0.000323,172.31.46.0-255,66,55850,44,224524
45890,0.000325,172.217.194.0-255,413,56263,44,224524
45891,0.000376,172.217.194.0-255,361,56624,44,224524
45892,0.000674,172.217.194.0-255,1484,58108,44,224524
45893,0.00068,172.31.46.0-255,66,58174,44,224524
45894,0.000684,172.217.194.0-255,1484,59658,44,224524
45895,0.000695,172.217.194.0-255,1484,61142,44,224524
45896,0.000697,172.31.46.0-255,66,61208,44,224524
45897,0.000705,172.217.194.0-255,5738,66946,44,224524
45898,0.000707,172.31.46.0-255,66,67012,44,224524
45899,0.000711,172.217.194.0-255,2902,69914,44,224524
45900,0.000713,172.31.46.0-255,66,69980,44,224524
45901,0.000747,172.217.194.0-255,7156,77136,44,224524
45902,0.000751,172.31.46.0-255,66,77202,44,224524
45903,0.000763,172.31.46.0-255,66,77268,44,224524
45904,0.000767,172.217.194.0-255,2184,79452,44,224524
45905,0.000769,172.31.46.0-255,66,79518,44,224524
45906,0.001212,172.217.194.0-255,1484,81002,44,224524
45907,0.001217,172.217.194.0-255,2902,83904,44,224524
45908,0.001219,172.217.194.0-255,1484,85388,44,224524
45909,0.001225,172.31.46.0-255,66,85454,44,224524
45910,0.001238,172.217.194.0-255,4320,89774,44,224524
45911,0.00124,172.31.46.0-255,66,89840,44,224524
45912,0.001246,172.217.194.0-255,4320,94160,44,224524
45913,0.001248,172.31.46.0-255,66,94226,44,224524
45914,0.001284,172.31.46.0-255,66,94292,44,224524
45915,0.001297,172.31.46.0-255,66,94358,44,224524
45916,0.001315,172.217.194.0-255,1484,95842,44,224524
45917,0.001332,172.217.194.0-255,2902,98744,44,224524
45918,0.001335,172.31.46.0-255,66,98810,44,224524
45919,0.00134,172.217.194.0-255,4320,103130,44,224524
45920,0.001342,172.31.46.0-255,66,103196,44,224524
45921,0.001354,172.217.194.0-255,1484,104680,44,224524
45922,0.001361,172.217.194.0-255,5738,110418,44,224524
45923,0.001363,172.31.46.0-255,66,110484,44,224524
45924,0.001387,172.217.194.0-255,7156,117640,44,224524
45925,0.00139,172.31.46.0-255,66,117706,44,224524
45926,0.001396,172.217.194.0-255,7156,124862,44,224524
45927,0.001398,172.31.46.0-255,66,124928,44,224524
45928,0.001421,172.217.194.0-255,3602,128530,44,224524
45929,0.001423,172.31.46.0-255,66,128596,44,224524
45930,0.001573,172.217.194.0-255,1484,130080,44,224524
45931,0.001586,172.217.194.0-255,2902,132982,44,224524
45932,0.001589,172.31.46.0-255,66,133048,44,224524
45933,0.001596,172.217.194.0-255,5738,138786,44,224524
45934,0.001598,172.31.46.0-255,66,138852,44,224524
45935,0.001618,172.217.194.0-255,2902,141754,44,224524
45936,0.001621,172.31.46.0-255,66,141820,44,224524
45937,0.001636,172.217.194.0-255,5738,147558,44,224524
45938,0.001639,172.31.46.0-255,66,147624,44,224524
45939,0.001668,172.217.194.0-255,4320,151944,44,224524
45940,0.001671,172.31.46.0-255,66,152010,44,224524
45941,0.001681,172.31.46.0-255,66,152076,44,224524
45942,0.001685,172.217.194.0-255,2184,154260,44,224524
45943,0.001687,172.31.46.0-255,66,154326,44,224524
45944,0.001715,172.217.194.0-255,1484,155810,44,224524
45945,0.001734,172.217.194.0-255,2902,158712,44,224524
45946,0.001737,172.31.46.0-255,66,158778,44,224524
45947,0.001742,172.217.194.0-255,4320,163098,44,224524
45948,0.001745,172.31.46.0-255,66,163164,44,224524
45949,0.001756,172.217.194.0-255,1484,164648,44,224524
45950,0.001775,172.217.194.0-255,4320,168968,44,224524
45951,0.001778,172.31.46.0-255,66,169034,44,224524
45952,0.001808,172.31.46.0-255,66,169100,44,224524
45953,0.001819,172.31.46.0-255,66,169166,44,224524
45954,0.001821,172.217.194.0-255,766,169932,44,224524
45955,0.001885,172.217.194.0-255,1484,171416,44,224524
45956,0.001888,172.31.46.0-255,66,171482,44,224524
45957,0.001893,172.217.194.0-255,2902,174384,44,224524
45958,0.001895,172.31.46.0-255,66,174450,44,224524
45959,0.001918,172.217.194.0-255,5738,180188,44,224524
45960,0.001921,172.31.46.0-255,66,180254,44,224524
45961,0.001933,172.217.194.0-255,7156,187410,44,224524
45962,0.001936,172.31.46.0-255,66,187476,44,224524
45963,0.001968,172.217.194.0-255,5738,193214,44,224524
45964,0.001971,172.31.46.0-255,66,193280,44,224524
45965,0.001981,172.31.46.0-255,66,193346,44,224524
45966,0.001984,172.217.194.0-255,1484,194830,44,224524
45967,0.002009,172.217.194.0-255,2184,197014,44,224524
45968,0.002013,172.217.194.0-255,4320,201334,44,224524
45969,0.002029,172.31.46.0-255,66,201400,44,224524
45970,0.002032,172.31.46.0-255,66,201466,44,224524
45971,0.002034,172.31.46.0-255,66,201532,44,224524
45972,0.002038,172.217.194.0-255,1484,203016,44,224524
45973,0.002041,172.217.194.0-255,1484,204500,44,224524
45974,0.002043,172.31.46.0-255,66,204566,44,224524
45975,0.002077,172.31.46.0-255,66,204632,44,224524
45976,0.002081,172.217.194.0-255,2902,207534,44,224524
45977,0.002083,172.31.46.0-255,66,207600,44,224524
45978,0.002126,172.31.46.0-255,66,207666,44,224524
45979,0.002147,172.217.194.0-255,766,208432,44,224524
45980,0.002162,172.31.46.0-255,66,208498,44,224524
45981,0.002169,172.217.194.0-255,7156,215654,44,224524
45982,0.002171,172.31.46.0-255,66,215720,44,224524
45983,0.002201,172.31.46.0-255,66,215786,44,224524
45984,0.002244,172.31.46.0-255,66,215852,44,224524
45985,0.002266,172.217.194.0-255,105,215957,44,224524
45986,0.002284,172.31.46.0-255,66,216023,44,224524
45987,0.004306,172.31.46.0-255,105,216128,44,224524
45988,0.006561,172.217.194.0-255,66,216194,44,224524
45989,0.027216,172.31.46.0-255,164,216358,44,224524
45990,0.027253,172.31.46.0-255,1123,217481,44,224524
45991,0.027334,172.31.46.0-255,1514,218995,44,224524
45992,0.027335,172.31.46.0-255,1514,220509,44,224524
45993,0.027337,172.31.46.0-255,1514,222023,44,224524
45994,0.027338,172.31.46.0-255,1514,223537,44,224524
45995,0.02734,172.31.46.0-255,549,224086,44,224524
45996,0.028792,104.244.42.0-255,66,224152,44,224524
45997,0.028818,104.244.42.0-255,66,224218,44,224524
45998,0.028922,104.244.42.0-255,66,224284,44,224524
45999,0.028927,104.244.42.0-255,66,224350,44,224524
46000,0.030138,104.244.42.0-255,108,224458,44,224524
46001,0.030148,172.31.46.0-255,66,224524,44,224524
46002,0.0,74.125.68.0-255,143,143,44,359198
46003,2.3e-05,172.31.46.0-255,66,209,44,359198
46004,3e-05,74.125.68.0-255,1484,1693,44,359198
46005,3.6e-05,172.31.46.0-255,66,1759,44,359198
46006,4.9e-05,74.125.68.0-255,2902,4661,44,359198
46007,5.2e-05,172.31.46.0-255,66,4727,44,359198
46008,6.2e-05,74.125.68.0-255,7156,11883,44,359198
46009,6.6e-05,172.31.46.0-255,66,11949,44,359198
46010,7e-05,74.125.68.0-255,2090,14039,44,359198
46011,7.3e-05,172.31.46.0-255,66,14105,44,359198
46012,0.000109,74.125.68.0-255,2902,17007,44,359198
46013,0.000112,172.31.46.0-255,66,17073,44,359198
46014,0.00014,74.125.68.0-255,5738,22811,44,359198
46015,0.000143,172.31.46.0-255,66,22877,44,359198
46016,0.000156,172.31.46.0-255,66,22943,44,359198
46017,0.000161,74.125.68.0-255,4320,27263,44,359198
46018,0.000164,172.31.46.0-255,66,27329,44,359198
46019,0.00017,74.125.68.0-255,5738,33067,44,359198
46020,0.000173,172.31.46.0-255,66,33133,44,359198
46021,0.000203,74.125.68.0-255,2902,36035,44,359198
46022,0.000205,172.31.46.0-255,66,36101,44,359198
46023,0.000233,74.125.68.0-255,2184,38285,44,359198
46024,0.000235,172.31.46.0-255,66,38351,44,359198
46025,0.0003,74.125.68.0-255,1484,39835,44,359198
46026,0.000303,172.31.46.0-255,66,39901,44,359198
46027,0.000309,74.125.68.0-255,2902,42803,44,359198
46028,0.000312,172.31.46.0-255,66,42869,44,359198
46029,0.000341,74.125.68.0-255,5738,48607,44,359198
46030,0.000344,172.31.46.0-255,66,48673,44,359198
46031,0.00035,74.125.68.0-255,4320,52993,44,359198
46032,0.000352,172.31.46.0-255,66,53059,44,359198
46033,0.000388,74.125.68.0-255,2543,55602,44,359198
46034,0.00039,172.31.46.0-255,66,55668,44,359198
46035,0.000446,74.125.68.0-255,1484,57152,44,359198
46036,0.000453,74.125.68.0-255,2902,60054,44,359198
46037,0.000456,172.31.46.0-255,66,60120,44,359198
46038,0.000485,74.125.68.0-255,5738,65858,44,359198
46039,0.000488,172.31.46.0-255,66,65924,44,359198
46040,0.000518,74.125.68.0-255,6797,72721,44,359198
46041,0.00052,172.31.46.0-255,66,72787,44,359198
46042,0.000612,74.125.68.0-255,1484,74271,44,359198
46043,0.000628,74.125.68.0-255,2902,77173,44,359198
46044,0.000632,172.31.46.0-255,66,77239,44,359198
46045,0.000637,74.125.68.0-255,2902,80141,44,359198
46046,0.000638,172.31.46.0-255,66,80207,44,359198
46047,0.000669,74.125.68.0-255,2902,83109,44,359198
46048,0.000672,172.31.46.0-255,66,83175,44,359198
46049,0.000677,74.125.68.0-255,2902,86077,44,359198
46050,0.00068,172.31.46.0-255,66,86143,44,359198
46051,0.000692,172.31.46.0-255,66,86209,44,359198
46052,0.000716,74.125.68.0-255,4320,90529,44,359198
46053,0.000718,172.31.46.0-255,66,90595,44,359198
46054,0.000744,74.125.68.0-255,4320,94915,44,359198
46055,0.000747,172.31.46.0-255,66,94981,44,359198
46056,0.00075,74.125.68.0-255,1484,96465,44,359198
46057,0.00077,74.125.68.0-255,766,97231,44,359198
46058,0.000773,172.31.46.0-255,66,97297,44,359198
46059,0.001269,74.125.68.0-255,1484,98781,44,359198
46060,0.001276,74.125.68.0-255,2902,101683,44,359198
46061,0.00128,172.31.46.0-255,66,101749,44,359198
46062,0.001286,74.125.68.0-255,2902,104651,44,359198
46063,0.001289,172.31.46.0-255,66,104717,44,359198
46064,0.001309,74.125.68.0-255,2902,107619,44,359198
46065,0.001312,172.31.46.0-255,66,107685,44,359198
46066,0.001324,74.125.68.0-255,7156,114841,44,359198
46067,0.001326,172.31.46.0-255,66,114907,44,359198
46068,0.001329,74.125.68.0-255,1484,116391,44,359198
46069,0.001356,74.125.68.0-255,7156,123547,44,359198
46070,0.001358,172.31.46.0-255,66,123613,44,359198
46071,0.001365,74.125.68.0-255,5738,129351,44,359198
46072,0.001367,172.31.46.0-255,66,129417,44,359198
46073,0.001395,74.125.68.0-255,2184,131601,44,359198
46074,0.001398,172.31.46.0-255,66,131667,44,359198
46075,0.001414,74.125.68.0-255,1484,133151,44,359198
46076,0.00143,74.125.68.0-255,2902,136053,44,359198
46077,0.001432,172.31.46.0-255,66,136119,44,359198
46078,0.001462,74.125.68.0-255,5738,141857,44,359198
46079,0.001465,172.31.46.0-255,66,141923,44,359198
46080,0.00147,74.125.68.0-255,4320,146243,44,359198
46081,0.001473,172.31.46.0-255,66,146309,44,359198
46082,0.00148,74.125.68.0-255,5738,152047,44,359198
46083,0.001482,172.31.46.0-255,66,152113,44,359198
46084,0.001527,172.31.46.0-255,66,152179,44,359198
46085,0.001531,74.125.68.0-255,2184,154363,44,359198
46086,0.001533,172.31.46.0-255,66,154429,44,359198
46087,0.001773,74.125.68.0-255,1484,155913,44,359198
46088,0.001794,74.125.68.0-255,2902,158815,44,359198
46089,0.001798,172.31.46.0-255,66,158881,44,359198
46090,0.001802,74.125.68.0-255,1484,160365,44,359198
46091,0.001827,74.125.68.0-255,4320,164685,44,359198
46092,0.001829,172.31.46.0-255,66,164751,44,359198
46093,0.001834,74.125.68.0-255,2902,167653,44,359198
46094,0.001836,172.31.46.0-255,66,167719,44,359198
46095,0.001841,74.125.68.0-255,4320,172039,44,359198
46096,0.001843,172.31.46.0-255,66,172105,44,359198
46097,0.001846,74.125.68.0-255,1484,173589,44,359198
46098,0.001878,74.125.68.0-255,7156,180745,44,359198
46099,0.001881,172.31.46.0-255,66,180811,44,359198
46100,0.001892,74.125.68.0-255,7156,187967,44,359198
46101,0.001895,172.31.46.0-255,66,188033,44,359198
46102,0.001898,74.125.68.0-255,766,188799,44,359198
46103,0.001938,74.125.68.0-255,1484,190283,44,359198
46104,0.001941,172.31.46.0-255,66,190349,44,359198
46105,0.001944,74.125.68.0-255,1484,191833,44,359198
46106,0.001971,74.125.68.0-255,2902,194735,44,359198
46107,0.001974,172.31.46.0-255,66,194801,44,359198
46108,0.001979,74.125.68.0-255,4320,199121,44,359198
46109,0.001982,172.31.46.0-255,66,199187,44,359198
46110,0.001987,74.125.68.0-255,5738,204925,44,359198
46111,0.001995,172.31.46.0-255,66,204991,44,359198
46112,0.002036,172.31.46.0-255,66,205057,44,359198
46113,0.002046,74.125.68.0-255,4320,209377,44,359198
46114,0.002049,172.31.46.0-255,66,209443,44,359198
46115,0.002089,74.125.68.0-255,2184,211627,44,359198
46116,0.002092,172.31.46.0-255,66,211693,44,359198
46117,0.002119,74.125.68.0-255,2902,214595,44,359198
46118,0.002123,172.31.46.0-255,66,214661,44,359198
46119,0.002128,74.125.68.0-255,4320,218981,44,359198
46120,0.002131,172.31.46.0-255,66,219047,44,359198
46121,0.002161,74.125.68.0-255,2902,221949,44,359198
46122,0.002164,172.31.46.0-255,66,222015,44,359198
46123,0.002175,172.31.46.0-255,66,222081,44,359198
46124,0.00218,74.125.68.0-255,2902,224983,44,359198
46125,0.002184,172.31.46.0-255,66,225049,44,359198
46126,0.002219,172.31.46.0-255,66,225115,44,359198
46127,0.002256,74.125.68.0-255,3602,228717,44,359198
46128,0.002259,172.31.46.0-255,66,228783,44,359198
46129,0.002283,74.125.68.0-255,1484,230267,44,359198
46130,0.002288,74.125.68.0-255,2902,233169,44,359198
46131,0.00229,172.31.46.0-255,66,233235,44,359198
46132,0.002313,74.125.68.0-255,5738,238973,44,359198
46133,0.002316,172.31.46.0-255,66,239039,44,359198
46134,0.002353,172.31.46.0-255,66,239105,44,359198
46135,0.002356,74.125.68.0-255,1484,240589,44,359198
46136,0.00467,74.125.68.0-255,4320,244909,44,359198
46137,0.004677,172.31.46.0-255,66,244975,44,359198
46138,0.007006,74.125.68.0-255,5738,250713,44,359198
46139,0.007014,172.31.46.0-255,66,250779,44,359198
46140,0.009329,74.125.68.0-255,4320,255099,44,359198
46141,0.009333,172.31.46.0-255,66,255165,44,359198
46142,0.009344,74.125.68.0-255,1484,256649,44,359198
46143,0.011654,74.125.68.0-255,4320,260969,44,359198
46144,0.01166,172.31.46.0-255,66,261035,44,359198
46145,0.01398,74.125.68.0-255,5738,266773,44,359198
46146,0.013988,172.31.46.0-255,66,266839,44,359198
46147,0.016322,74.125.68.0-255,5738,272577,44,359198
46148,0.01633,172.31.46.0-255,66,272643,44,359198
46149,0.018664,74.125.68.0-255,5738,278381,44,359198
46150,0.018674,172.31.46.0-255,66,278447,44,359198
46151,0.021012,74.125.68.0-255,5738,284185,44,359198
46152,0.02102,172.31.46.0-255,66,284251,44,359198
46153,0.023366,74.125.68.0-255,5738,289989,44,359198
46154,0.023374,172.31.46.0-255,66,290055,44,359198
46155,0.025699,74.125.68.0-255,5738,295793,44,359198
46156,0.025723,172.31.46.0-255,66,295859,44,359198
46157,0.028041,74.125.68.0-255,5738,301597,44,359198
46158,0.028048,172.31.46.0-255,66,301663,44,359198
46159,0.030424,74.125.68.0-255,5738,307401,44,359198
46160,0.030431,172.31.46.0-255,66,307467,44,359198
46161,0.032762,74.125.68.0-255,5738,313205,44,359198
46162,0.03277,172.31.46.0-255,66,313271,44,359198
46163,0.035099,74.125.68.0-255,5738,319009,44,359198
46164,0.035107,172.31.46.0-255,66,319075,44,359198
46165,0.037435,74.125.68.0-255,5738,324813,44,359198
46166,0.037443,172.31.46.0-255,66,324879,44,359198
46167,0.039768,74.125.68.0-255,5738,330617,44,359198
46168,0.039775,172.31.46.0-255,66,330683,44,359198
46169,0.041051,172.31.46.0-255,476,331159,44,359198
46170,0.041083,172.31.46.0-255,1114,332273,44,359198
46171,0.04115,172.31.46.0-255,1514,333787,44,359198
46172,0.041152,172.31.46.0-255,1514,335301,44,359198
46173,0.041174,172.31.46.0-255,1514,336815,44,359198
46174,0.041176,172.31.46.0-255,1514,338329,44,359198
46175,0.041185,172.31.46.0-255,1514,339843,44,359198
46176,0.041186,172.31.46.0-255,71,339914,44,359198
46177,0.042093,74.125.68.0-255,5738,345652,44,359198
46178,0.042101,172.31.46.0-255,66,345718,44,359198
46179,0.042582,104.244.42.0-255,66,345784,44,359198
46180,0.042618,104.244.42.0-255,66,345850,44,359198
46181,0.042686,104.244.42.0-255,66,345916,44,359198
46182,0.042735,104.244.42.0-255,66,345982,44,359198
46183,0.04274,104.244.42.0-255,66,346048,44,359198
46184,0.043254,104.244.42.0-255,108,346156,44,359198
46185,0.043265,172.31.46.0-255,66,346222,44,359198
46186,0.04446,74.125.68.0-255,5738,351960,44,359198
46187,0.044466,172.31.46.0-255,66,352026,44,359198
46188,0.046789,74.125.68.0-255,5738,357764,44,359198
46189,0.0468,172.31.46.0-255,66,357830,44,359198
46190,0.049118,74.125.68.0-255,1197,359027,44,359198
46191,0.049339,172.31.46.0-255,66,359093,44,359198
46192,0.049378,172.31.46.0-255,105,359198,44,359198
46193,0.0,172.217.194.0-255,143,143,44,301625
46194,1.5e-05,172.31.46.0-255,66,209,44,301625
46195,2.1e-05,172.217.194.0-255,1484,1693,44,301625
46196,2.6e-05,172.31.46.0-255,66,1759,44,301625
46197,3.9e-05,172.217.194.0-255,2902,4661,44,301625
46198,4.3e-05,172.31.46.0-255,66,4727,44,301625
46199,4.8e-05,172.217.194.0-255,2902,7629,44,301625
46200,5.1e-05,172.31.46.0-255,66,7695,44,301625
46201,7.9e-05,172.217.194.0-255,2902,10597,44,301625
46202,8.3e-05,172.31.46.0-255,66,10663,44,301625
46203,8.8e-05,172.217.194.0-255,3532,14195,44,301625
46204,9.1e-05,172.31.46.0-255,66,14261,44,301625
46205,0.00018,172.217.194.0-255,1484,15745,44,301625
46206,0.000184,172.31.46.0-255,66,15811,44,301625
46207,0.000189,172.217.194.0-255,2902,18713,44,301625
46208,0.000191,172.31.46.0-255,66,18779,44,301625
46209,0.000229,172.217.194.0-255,5738,24517,44,301625
46210,0.000232,172.31.46.0-255,66,24583,44,301625
46211,0.000235,172.217.194.0-255,1484,26067,44,301625
46212,0.000237,172.31.46.0-255,66,26133,44,301625
46213,0.000269,172.217.194.0-255,5379,31512,44,301625
46214,0.000272,172.31.46.0-255,66,31578,44,301625
46215,0.000299,172.217.194.0-255,4320,35898,44,301625
46216,0.000301,172.31.46.0-255,66,35964,44,301625
46217,0.00033,172.217.194.0-255,1484,37448,44,301625
46218,0.000333,172.31.46.0-255,66,37514,44,301625
46219,0.000341,172.217.194.0-255,7156,44670,44,301625
46220,0.000344,172.31.46.0-255,66,44736,44,301625
46221,0.000352,172.217.194.0-255,3961,48697,44,301625
46222,0.000355,172.31.46.0-255,66,48763,44,301625
46223,0.000613,172.217.194.0-255,1484,50247,44,301625
46224,0.000619,172.31.46.0-255,66,50313,44,301625
46225,0.000625,172.217.194.0-255,2902,53215,44,301625
46226,0.000627,172.31.46.0-255,66,53281,44,301625
46227,0.000633,172.217.194.0-255,4320,57601,44,301625
46228,0.000671,172.217.194.0-255,1484,59085,44,301625
46229,0.000678,172.217.194.0-255,6797,65882,44,301625
46230,0.000688,172.31.46.0-255,66,65948,44,301625
46231,0.000699,172.217.194.0-255,5738,71686,44,301625
46232,0.000722,172.217.194.0-255,7156,78842,44,301625
46233,0.000749,172.217.194.0-255,4541,83383,44,301625
46234,0.000756,172.31.46.0-255,66,83449,44,301625
46235,0.000767,172.217.194.0-255,5738,89187,44,301625
46236,0.000787,172.31.46.0-255,66,89253,44,301625
46237,0.000856,172.217.194.0-255,2543,91796,44,301625
46238,0.000863,172.217.194.0-255,7156,98952,44,301625
46239,0.000867,172.217.194.0-255,4320,103272,44,301625
46240,0.000871,172.31.46.0-255,66,103338,44,301625
46241,0.000878,172.31.46.0-255,66,103404,44,301625
46242,0.0009,172.217.194.0-255,4320,107724,44,301625
46243,0.000903,172.217.194.0-255,607,108331,44,301625
46244,0.00092,172.31.46.0-255,66,108397,44,301625
46245,0.001228,172.217.194.0-255,1484,109881,44,301625
46246,0.001234,172.217.194.0-255,2902,112783,44,301625
46247,0.001238,172.31.46.0-255,66,112849,44,301625
46248,0.001243,172.217.194.0-255,2902,115751,44,301625
46249,0.001277,172.217.194.0-255,2902,118653,44,301625
46250,0.001307,172.217.194.0-255,1484,120137,44,301625
46251,0.001325,172.31.46.0-255,66,120203,44,301625
46252,0.001917,172.217.194.0-255,1484,121687,44,301625
46253,0.001922,172.217.194.0-255,1484,123171,44,301625
46254,0.001927,172.31.46.0-255,66,123237,44,301625
46255,0.001959,172.217.194.0-255,1484,124721,44,301625
46256,0.001966,172.217.194.0-255,5738,130459,44,301625
46257,0.001969,172.31.46.0-255,66,130525,44,301625
46258,0.001989,172.31.46.0-255,66,130591,44,301625
46259,0.001996,172.217.194.0-255,7156,137747,44,301625
46260,0.001998,172.31.46.0-255,66,137813,44,301625
46261,0.002028,172.217.194.0-255,3602,141415,44,301625
46262,0.002041,172.31.46.0-255,66,141481,44,301625
46263,0.002232,172.217.194.0-255,1484,142965,44,301625
46264,0.002237,172.217.194.0-255,2902,145867,44,301625
46265,0.002241,172.31.46.0-255,66,145933,44,301625
46266,0.002247,172.217.194.0-255,4320,150253,44,301625
46267,0.002249,172.31.46.0-255,66,150319,44,301625
46268,0.002274,172.217.194.0-255,1484,151803,44,301625
46269,0.002281,172.217.194.0-255,5738,157541,44,301625
46270,0.002283,172.31.46.0-255,66,157607,44,301625
46271,0.002295,172.217.194.0-255,7156,164763,44,301625
46272,0.0023,172.31.46.0-255,66,164829,44,301625
46273,0.002323,172.217.194.0-255,5738,170567,44,301625
46274,0.00233,172.217.194.0-255,5020,175587,44,301625
46275,0.002368,172.31.46.0-255,66,175653,44,301625
46276,0.004717,172.217.194.0-255,5738,181391,44,301625
46277,0.004725,172.31.46.0-255,66,181457,44,301625
46278,0.007107,172.217.194.0-255,2902,184359,44,301625
46279,0.007112,172.31.46.0-255,66,184425,44,301625
46280,0.007145,172.217.194.0-255,2902,187327,44,301625
46281,0.007148,172.31.46.0-255,66,187393,44,301625
46282,0.009438,172.217.194.0-255,2902,190295,44,301625
46283,0.009446,172.31.46.0-255,66,190361,44,301625
46284,0.009476,172.217.194.0-255,2902,193263,44,301625
46285,0.009479,172.31.46.0-255,66,193329,44,301625
46286,0.011821,172.217.194.0-255,5738,199067,44,301625
46287,0.011828,172.31.46.0-255,66,199133,44,301625
46288,0.014196,172.217.194.0-255,5738,204871,44,301625
46289,0.014205,172.31.46.0-255,66,204937,44,301625
46290,0.016569,172.217.194.0-255,5738,210675,44,301625
46291,0.016579,172.31.46.0-255,66,210741,44,301625
46292,0.01894,172.217.194.0-255,5738,216479,44,301625
46293,0.018951,172.31.46.0-255,66,216545,44,301625
46294,0.021286,172.217.194.0-255,5738,222283,44,301625
46295,0.021294,172.31.46.0-255,66,222349,44,301625
46296,0.023674,172.217.194.0-255,5738,228087,44,301625
46297,0.023681,172.31.46.0-255,66,228153,44,301625
46298,0.026071,172.217.194.0-255,5738,233891,44,301625
46299,0.026079,172.31.46.0-255,66,233957,44,301625
46300,0.028494,172.217.194.0-255,5738,239695,44,301625
46301,0.028502,172.31.46.0-255,66,239761,44,301625
46302,0.030851,172.217.194.0-255,5738,245499,44,301625
46303,0.030858,172.31.46.0-255,66,245565,44,301625
46304,0.033218,172.217.194.0-255,5738,251303,44,301625
46305,0.033231,172.31.46.0-255,66,251369,44,301625
46306,0.035572,172.217.194.0-255,2902,254271,44,301625
46307,0.03558,172.31.46.0-255,66,254337,44,301625
46308,0.035605,172.217.194.0-255,2902,257239,44,301625
46309,0.035609,172.31.46.0-255,66,257305,44,301625
46310,0.036589,172.31.46.0-255,172,257477,44,301625
46311,0.036626,172.31.46.0-255,1114,258591,44,301625
46312,0.036691,172.31.46.0-255,1514,260105,44,301625
46313,0.036693,172.31.46.0-255,1514,261619,44,301625
46314,0.036699,172.31.46.0-255,1514,263133,44,301625
46315,0.0367,172.31.46.0-255,1514,264647,44,301625
46316,0.036754,172.31.46.0-255,1514,266161,44,301625
46317,0.036755,172.31.46.0-255,70,266231,44,301625
46318,0.037911,172.217.194.0-255,2902,269133,44,301625
46319,0.037918,172.31.46.0-255,66,269199,44,301625
46320,0.037954,172.217.194.0-255,2902,272101,44,301625
46321,0.037958,172.31.46.0-255,66,272167,44,301625
46322,0.038189,104.244.42.0-255,66,272233,44,301625
46323,0.038198,104.244.42.0-255,66,272299,44,301625
46324,0.038307,104.244.42.0-255,66,272365,44,301625
46325,0.038383,104.244.42.0-255,66,272431,44,301625
46326,0.039921,104.244.42.0-255,108,272539,44,301625
46327,0.039934,172.31.46.0-255,66,272605,44,301625
46328,0.040296,172.217.194.0-255,5738,278343,44,301625
46329,0.040304,172.31.46.0-255,66,278409,44,301625
46330,0.042661,172.217.194.0-255,5738,284147,44,301625
46331,0.042669,172.31.46.0-255,66,284213,44,301625
46332,0.045007,172.217.194.0-255,5738,289951,44,301625
46333,0.045014,172.31.46.0-255,66,290017,44,301625
46334,0.047412,172.217.194.0-255,5738,295755,44,301625
46335,0.047419,172.31.46.0-255,66,295821,44,301625
46336,0.049772,172.217.194.0-255,5738,301559,44,301625
46337,0.04978,172.31.46.0-255,66,301625,44,301625
46338,0.0,172.217.194.0-255,153,153,44,215501
46339,2.6e-05,172.31.46.0-255,66,219,44,215501
46340,3.3e-05,172.217.194.0-255,1484,1703,44,215501
46341,3.8e-05,172.31.46.0-255,66,1769,44,215501
46342,5.1e-05,172.217.194.0-255,2902,4671,44,215501
46343,5.6e-05,172.31.46.0-255,66,4737,44,215501
46344,6.4e-05,172.217.194.0-255,7156,11893,44,215501
46345,6.7e-05,172.31.46.0-255,66,11959,44,215501
46346,7.1e-05,172.217.194.0-255,2047,14006,44,215501
46347,7.4e-05,172.31.46.0-255,66,14072,44,215501
46348,9.5e-05,172.217.194.0-255,1484,15556,44,215501
46349,9.8e-05,172.31.46.0-255,66,15622,44,215501
46350,0.000103,172.217.194.0-255,2902,18524,44,215501
46351,0.00011,172.31.46.0-255,66,18590,44,215501
46352,0.000117,172.217.194.0-255,5738,24328,44,215501
46353,0.000119,172.31.46.0-255,66,24394,44,215501
46354,0.000152,172.217.194.0-255,6797,31191,44,215501
46355,0.000155,172.31.46.0-255,66,31257,44,215501
46356,0.000188,172.217.194.0-255,7156,38413,44,215501
46357,0.000191,172.31.46.0-255,66,38479,44,215501
46358,0.000197,172.217.194.0-255,4320,42799,44,215501
46359,0.000199,172.31.46.0-255,66,42865,44,215501
46360,0.000222,172.217.194.0-255,5379,48244,44,215501
46361,0.000225,172.31.46.0-255,66,48310,44,215501
46362,0.000992,172.217.194.0-255,1484,49794,44,215501
46363,0.000999,172.31.46.0-255,66,49860,44,215501
46364,0.001009,172.217.194.0-255,2902,52762,44,215501
46365,0.001012,172.31.46.0-255,66,52828,44,215501
46366,0.001024,172.217.194.0-255,4320,57148,44,215501
46367,0.001026,172.31.46.0-255,66,57214,44,215501
46368,0.00103,172.217.194.0-255,1484,58698,44,215501
46369,0.001032,172.31.46.0-255,66,58764,44,215501
46370,0.001073,172.31.46.0-255,66,58830,44,215501
46371,0.001089,172.31.46.0-255,66,58896,44,215501
46372,0.001096,172.217.194.0-255,5738,64634,44,215501
46373,0.001139,172.217.194.0-255,646,65280,44,215501
46374,0.001191,172.217.194.0-255,1484,66764,44,215501
46375,0.001197,172.217.194.0-255,2902,69666,44,215501
46376,0.001204,172.217.194.0-255,5738,75404,44,215501
46377,0.00122,172.217.194.0-255,6133,81537,44,215501
46378,0.001299,172.217.194.0-255,1484,83021,44,215501
46379,0.001306,172.217.194.0-255,2902,85923,44,215501
46380,0.001319,172.217.194.0-255,1484,87407,44,215501
46381,0.001334,172.217.194.0-255,4320,91727,44,215501
46382,0.001418,172.217.194.0-255,5738,97465,44,215501
46383,0.00144,172.217.194.0-255,2902,100367,44,215501
46384,0.001475,172.217.194.0-255,5738,106105,44,215501
46385,0.001788,172.217.194.0-255,1484,107589,44,215501
46386,0.001797,172.217.194.0-255,2902,110491,44,215501
46387,0.001805,172.217.194.0-255,5738,116229,44,215501
46388,0.001834,172.217.194.0-255,5738,121967,44,215501
46389,0.001852,172.217.194.0-255,7156,129123,44,215501
46390,0.001879,172.217.194.0-255,2902,132025,44,215501
46391,0.00193,172.217.194.0-255,1484,133509,44,215501
46392,0.001934,172.217.194.0-255,2902,136411,44,215501
46393,0.001955,172.217.194.0-255,5738,142149,44,215501
46394,0.001966,172.217.194.0-255,1484,143633,44,215501
46395,0.002022,172.217.194.0-255,2902,146535,44,215501
46396,0.002075,172.217.194.0-255,1484,148019,44,215501
46397,0.002079,172.217.194.0-255,1484,149503,44,215501
46398,0.002092,172.217.194.0-255,1484,150987,44,215501
46399,0.002095,172.217.194.0-255,1484,152471,44,215501
46400,0.002114,172.217.194.0-255,4320,156791,44,215501
46401,0.002119,172.217.194.0-255,2902,159693,44,215501
46402,0.002189,172.217.194.0-255,4320,164013,44,215501
46403,0.002209,172.217.194.0-255,5020,169033,44,215501
46404,0.002346,172.217.194.0-255,4320,173353,44,215501
46405,0.002718,172.31.46.0-255,66,173419,44,215501
46406,0.005026,172.217.194.0-255,5738,179157,44,215501
46407,0.005037,172.31.46.0-255,66,179223,44,215501
46408,0.007329,172.217.194.0-255,5738,184961,44,215501
46409,0.007337,172.31.46.0-255,66,185027,44,215501
46410,0.009643,172.217.194.0-255,5738,190765,44,215501
46411,0.009649,172.31.46.0-255,66,190831,44,215501
46412,0.011926,172.217.194.0-255,5738,196569,44,215501
46413,0.011935,172.31.46.0-255,66,196635,44,215501
46414,0.014221,172.217.194.0-255,5738,202373,44,215501
46415,0.01423,172.31.46.0-255,66,202439,44,215501
46416,0.01649,172.217.194.0-255,3551,205990,44,215501
46417,0.016498,172.31.46.0-255,66,206056,44,215501
46418,0.016682,172.31.46.0-255,105,206161,44,215501
46419,0.018942,172.217.194.0-255,66,206227,44,215501
46420,0.038518,172.31.46.0-255,188,206415,44,215501
46421,0.038553,172.31.46.0-255,955,207370,44,215501
46422,0.038638,172.31.46.0-255,1514,208884,44,215501
46423,0.03864,172.31.46.0-255,1514,210398,44,215501
46424,0.038646,172.31.46.0-255,1514,211912,44,215501
46425,0.038647,172.31.46.0-255,1514,213426,44,215501
46426,0.038667,172.31.46.0-255,1514,214940,44,215501
46427,0.038668,172.31.46.0-255,231,215171,44,215501
46428,0.040054,104.244.42.0-255,66,215237,44,215501
46429,0.040067,104.244.42.0-255,66,215303,44,215501
46430,0.04024,104.244.42.0-255,66,215369,44,215501
46431,0.040274,104.244.42.0-255,66,215435,44,215501
46432,0.040285,104.244.42.0-255,66,215501,44,215501
46433,0.0,74.125.24.0-255,146,146,44,300606
46434,2.3e-05,172.31.46.0-255,66,212,44,300606
46435,2.9e-05,74.125.24.0-255,1484,1696,44,300606
46436,3.4e-05,172.31.46.0-255,66,1762,44,300606
46437,3.9e-05,74.125.24.0-255,2902,4664,44,300606
46438,4.2e-05,172.31.46.0-255,66,4730,44,300606
46439,4.7e-05,74.125.24.0-255,2902,7632,44,300606
46440,4.9e-05,172.31.46.0-255,66,7698,44,300606
46441,8.7e-05,74.125.24.0-255,6265,13963,44,300606
46442,8.9e-05,172.31.46.0-255,66,14029,44,300606
46443,0.000187,74.125.24.0-255,1484,15513,44,300606
46444,0.00019,172.31.46.0-255,66,15579,44,300606
46445,0.000194,74.125.24.0-255,1484,17063,44,300606
46446,0.000197,172.31.46.0-255,66,17129,44,300606
46447,0.000212,74.125.24.0-255,1484,18613,44,300606
46448,0.000214,172.31.46.0-255,66,18679,44,300606
46449,0.00022,74.125.24.0-255,4320,22999,44,300606
46450,0.000223,172.31.46.0-255,66,23065,44,300606
46451,0.000243,74.125.24.0-255,1484,24549,44,300606
46452,0.000245,172.31.46.0-255,66,24615,44,300606
46453,0.000248,74.125.24.0-255,1484,26099,44,300606
46454,0.00025,172.31.46.0-255,66,26165,44,300606
46455,0.000281,74.125.24.0-255,1484,27649,44,300606
46456,0.000284,172.31.46.0-255,66,27715,44,300606
46457,0.000315,74.125.24.0-255,5379,33094,44,300606
46458,0.000318,172.31.46.0-255,66,33160,44,300606
46459,0.000325,74.125.24.0-255,7156,40316,44,300606
46460,0.000327,172.31.46.0-255,66,40382,44,300606
46461,0.00033,74.125.24.0-255,1484,41866,44,300606
46462,0.000332,172.31.46.0-255,66,41932,44,300606
46463,0.00036,74.125.24.0-255,6797,48729,44,300606
46464,0.000362,172.31.46.0-255,66,48795,44,300606
46465,0.000412,74.125.24.0-255,1484,50279,44,300606
46466,0.000415,172.31.46.0-255,66,50345,44,300606
46467,0.00042,74.125.24.0-255,2902,53247,44,300606
46468,0.000423,172.31.46.0-255,66,53313,44,300606
46469,0.000426,74.125.24.0-255,1484,54797,44,300606
46470,0.000428,172.31.46.0-255,66,54863,44,300606
46471,0.00046,74.125.24.0-255,2902,57765,44,300606
46472,0.000462,172.31.46.0-255,66,57831,44,300606
46473,0.00047,74.125.24.0-255,5738,63569,44,300606
46474,0.000472,172.31.46.0-255,66,63635,44,300606
46475,0.000496,74.125.24.0-255,3125,66760,44,300606
46476,0.000498,172.31.46.0-255,66,66826,44,300606
46477,0.000568,74.125.24.0-255,1484,68310,44,300606
46478,0.000571,74.125.24.0-255,1484,69794,44,300606
46479,0.000576,172.31.46.0-255,66,69860,44,300606
46480,0.000579,172.31.46.0-255,66,69926,44,300606
46481,0.000586,74.125.24.0-255,1484,71410,44,300606
46482,0.000589,172.31.46.0-255,66,71476,44,300606
46483,0.000595,74.125.24.0-255,5738,77214,44,300606
46484,0.000599,172.31.46.0-255,66,77280,44,300606
46485,0.000603,74.125.24.0-255,2902,80182,44,300606
46486,0.000606,172.31.46.0-255,66,80248,44,300606
46487,0.000609,74.125.24.0-255,1484,81732,44,300606
46488,0.000611,172.31.46.0-255,66,81798,44,300606
46489,0.000642,74.125.24.0-255,2902,84700,44,300606
46490,0.000655,172.31.46.0-255,66,84766,44,300606
46491,0.000669,74.125.24.0-255,6797,91563,44,300606
46492,0.000675,172.31.46.0-255,66,91629,44,300606
46493,0.000727,74.125.24.0-255,1484,93113,44,300606
46494,0.000732,74.125.24.0-255,1484,94597,44,300606
46495,0.000736,172.31.46.0-255,66,94663,44,300606
46496,0.000761,74.125.24.0-255,1484,96147,44,300606
46497,0.000768,74.125.24.0-255,5738,101885,44,300606
46498,0.000772,74.125.24.0-255,2902,104787,44,300606
46499,0.000783,172.31.46.0-255,66,104853,44,300606
46500,0.000871,172.31.46.0-255,66,104919,44,300606
46501,0.00088,74.125.24.0-255,1484,106403,44,300606
46502,0.000884,74.125.24.0-255,2902,109305,44,300606
46503,0.000889,74.125.24.0-255,5738,115043,44,300606
46504,0.000895,74.125.24.0-255,5738,120781,44,300606
46505,0.000902,172.31.46.0-255,66,120847,44,300606
46506,0.000921,74.125.24.0-255,7156,128003,44,300606
46507,0.000948,74.125.24.0-255,5738,133741,44,300606
46508,0.000954,172.31.46.0-255,66,133807,44,300606
46509,0.000974,74.125.24.0-255,5020,138827,44,300606
46510,0.000992,172.31.46.0-255,66,138893,44,300606
46511,0.001125,74.125.24.0-255,1484,140377,44,300606
46512,0.001142,74.125.24.0-255,1484,141861,44,300606
46513,0.001155,74.125.24.0-255,1484,143345,44,300606
46514,0.001161,74.125.24.0-255,4320,147665,44,300606
46515,0.001174,74.125.24.0-255,1484,149149,44,300606
46516,0.001191,172.31.46.0-255,66,149215,44,300606
46517,0.001199,74.125.24.0-255,1484,150699,44,300606
46518,0.001213,172.31.46.0-255,66,150765,44,300606
46519,0.001245,74.125.24.0-255,2184,152949,44,300606
46520,0.00125,74.125.24.0-255,2902,155851,44,300606
46521,0.001257,172.31.46.0-255,66,155917,44,300606
46522,0.001279,74.125.24.0-255,7156,163073,44,300606
46523,0.001321,172.31.46.0-255,66,163139,44,300606
46524,0.001333,74.125.24.0-255,5738,168877,44,300606
46525,0.001339,172.31.46.0-255,66,168943,44,300606
46526,0.001371,74.125.24.0-255,2902,171845,44,300606
46527,0.001395,172.31.46.0-255,66,171911,44,300606
46528,0.001415,74.125.24.0-255,2902,174813,44,300606
46529,0.001439,74.125.24.0-255,3602,178415,44,300606
46530,0.001451,172.31.46.0-255,66,178481,44,300606
46531,0.00158,74.125.24.0-255,1484,179965,44,300606
46532,0.001585,74.125.24.0-255,1484,181449,44,300606
46533,0.001599,74.125.24.0-255,1484,182933,44,300606
46534,0.001606,172.31.46.0-255,66,182999,44,300606
46535,0.001621,74.125.24.0-255,4320,187319,44,300606
46536,0.001626,172.31.46.0-255,66,187385,44,300606
46537,0.001635,74.125.24.0-255,1484,188869,44,300606
46538,0.001651,74.125.24.0-255,2902,191771,44,300606
46539,0.001662,74.125.24.0-255,2902,194673,44,300606
46540,0.001673,74.125.24.0-255,1484,196157,44,300606
46541,0.001678,74.125.24.0-255,2902,199059,44,300606
46542,0.001682,172.31.46.0-255,66,199125,44,300606
46543,0.001725,74.125.24.0-255,4320,203445,44,300606
46544,0.001741,74.125.24.0-255,4320,207765,44,300606
46545,0.001743,74.125.24.0-255,1484,209249,44,300606
46546,0.001748,172.31.46.0-255,66,209315,44,300606
46547,0.00179,74.125.24.0-255,1484,210799,44,300606
46548,0.001808,74.125.24.0-255,2184,212983,44,300606
46549,0.001817,172.31.46.0-255,66,213049,44,300606
46550,0.001914,74.125.24.0-255,1484,214533,44,300606
46551,0.001939,74.125.24.0-255,2902,217435,44,300606
46552,0.001942,74.125.24.0-255,1484,218919,44,300606
46553,0.001952,172.31.46.0-255,66,218985,44,300606
46554,0.001959,74.125.24.0-255,4320,223305,44,300606
46555,0.001968,172.31.46.0-255,66,223371,44,300606
46556,0.001972,74.125.24.0-255,1484,224855,44,300606
46557,0.002022,74.125.24.0-255,5738,230593,44,300606
46558,0.002036,74.125.24.0-255,1484,232077,44,300606
46559,0.002051,74.125.24.0-255,6438,238515,44,300606
46560,0.002064,172.31.46.0-255,66,238581,44,300606
46561,0.002067,74.125.24.0-255,1484,240065,44,300606
46562,0.002089,74.125.24.0-255,4320,244385,44,300606
46563,0.002096,172.31.46.0-255,66,244451,44,300606
46564,0.002106,74.125.24.0-255,1484,245935,44,300606
46565,0.004164,74.125.24.0-255,4320,250255,44,300606
46566,0.004172,172.31.46.0-255,66,250321,44,300606
46567,0.00621,74.125.24.0-255,5738,256059,44,300606
46568,0.006222,172.31.46.0-255,66,256125,44,300606
46569,0.008326,74.125.24.0-255,5738,261863,44,300606
46570,0.008333,172.31.46.0-255,66,261929,44,300606
46571,0.010392,74.125.24.0-255,5738,267667,44,300606
46572,0.010401,172.31.46.0-255,66,267733,44,300606
46573,0.012468,74.125.24.0-255,5738,273471,44,300606
46574,0.01248,172.31.46.0-255,66,273537,44,300606
46575,0.014549,74.125.24.0-255,5738,279275,44,300606
46576,0.01456,172.31.46.0-255,66,279341,44,300606
46577,0.016624,74.125.24.0-255,5738,285079,44,300606
46578,0.016636,172.31.46.0-255,66,285145,44,300606
46579,0.018692,74.125.24.0-255,5738,290883,44,300606
46580,0.018706,172.31.46.0-255,66,290949,44,300606
46581,0.02073,74.125.24.0-255,229,291178,44,300606
46582,0.020885,172.31.46.0-255,66,291244,44,300606
46583,0.020926,172.31.46.0-255,105,291349,44,300606
46584,0.022943,74.125.24.0-255,66,291415,44,300606
46585,0.040624,172.31.46.0-255,172,291587,44,300606
46586,0.040658,172.31.46.0-255,1109,292696,44,300606
46587,0.040743,172.31.46.0-255,1514,294210,44,300606
46588,0.040745,172.31.46.0-255,1514,295724,44,300606
46589,0.040747,172.31.46.0-255,1514,297238,44,300606
46590,0.040748,172.31.46.0-255,1514,298752,44,300606
46591,0.040779,172.31.46.0-255,1514,300266,44,300606
46592,0.04078,172.31.46.0-255,76,300342,44,300606
46593,0.042143,104.244.42.0-255,66,300408,44,300606
46594,0.042233,104.244.42.0-255,66,300474,44,300606
46595,0.042332,104.244.42.0-255,66,300540,44,300606
46596,0.04234,104.244.42.0-255,66,300606,44,300606
46597,0.0,172.31.46.0-255,66,66,44,66
46598,0.0,172.217.194.0-255,291,291,44,202227
46599,2.5e-05,172.31.46.0-255,66,357,44,202227
46600,3.2e-05,172.217.194.0-255,1484,1841,44,202227
46601,3.7e-05,172.31.46.0-255,66,1907,44,202227
46602,5.2e-05,172.217.194.0-255,4320,6227,44,202227
46603,5.6e-05,172.31.46.0-255,66,6293,44,202227
46604,6.9e-05,172.31.46.0-255,66,6359,44,202227
46605,0.000352,172.217.194.0-255,1484,7843,44,202227
46606,0.000358,172.31.46.0-255,66,7909,44,202227
46607,0.000365,172.217.194.0-255,2902,10811,44,202227
46608,0.000367,172.31.46.0-255,66,10877,44,202227
46609,0.000404,172.217.194.0-255,5738,16615,44,202227
46610,0.000407,172.31.46.0-255,66,16681,44,202227
46611,0.000415,172.217.194.0-255,5738,22419,44,202227
46612,0.000417,172.31.46.0-255,66,22485,44,202227
46613,0.000442,172.217.194.0-255,1125,23610,44,202227
46614,0.000445,172.31.46.0-255,66,23676,44,202227
46615,0.000525,172.217.194.0-255,1484,25160,44,202227
46616,0.000529,172.31.46.0-255,66,25226,44,202227
46617,0.000535,172.217.194.0-255,2902,28128,44,202227
46618,0.000537,172.31.46.0-255,66,28194,44,202227
46619,0.000548,172.217.194.0-255,5738,33932,44,202227
46620,0.00055,172.31.46.0-255,66,33998,44,202227
46621,0.000576,172.217.194.0-255,6797,40795,44,202227
46622,0.000581,172.31.46.0-255,66,40861,44,202227
46623,0.000598,172.217.194.0-255,4320,45181,44,202227
46624,0.000602,172.31.46.0-255,66,45247,44,202227
46625,0.000625,172.31.46.0-255,66,45313,44,202227
46626,0.000629,172.217.194.0-255,2795,48108,44,202227
46627,0.000632,172.31.46.0-255,66,48174,44,202227
46628,0.000912,172.217.194.0-255,120,48294,44,202227
46629,0.001125,172.31.46.0-255,66,48360,44,202227
46630,0.001141,172.217.194.0-255,1484,49844,44,202227
46631,0.001145,172.217.194.0-255,2902,52746,44,202227
46632,0.001147,172.31.46.0-255,66,52812,44,202227
46633,0.001173,172.217.194.0-255,5738,58550,44,202227
46634,0.001176,172.31.46.0-255,66,58616,44,202227
46635,0.001183,172.217.194.0-255,7156,65772,44,202227
46636,0.001184,172.31.46.0-255,66,65838,44,202227
46637,0.001235,172.31.46.0-255,66,65904,44,202227
46638,0.001239,172.217.194.0-255,2184,68088,44,202227
46639,0.001241,172.31.46.0-255,66,68154,44,202227
46640,0.001277,172.217.194.0-255,2902,71056,44,202227
46641,0.001279,172.31.46.0-255,66,71122,44,202227
46642,0.001299,172.217.194.0-255,4320,75442,44,202227
46643,0.001321,172.217.194.0-255,1484,76926,44,202227
46644,0.001326,172.31.46.0-255,66,76992,44,202227
46645,0.001352,172.217.194.0-255,5738,82730,44,202227
46646,0.001357,172.31.46.0-255,66,82796,44,202227
46647,0.001371,172.217.194.0-255,4320,87116,44,202227
46648,0.001384,172.31.46.0-255,66,87182,44,202227
46649,0.001466,172.217.194.0-255,7156,94338,44,202227
46650,0.001496,172.217.194.0-255,7156,101494,44,202227
46651,0.001524,172.217.194.0-255,4320,105814,44,202227
46652,0.001549,172.217.194.0-255,766,106580,44,202227
46653,0.001645,172.217.194.0-255,1484,108064,44,202227
46654,0.00165,172.217.194.0-255,2902,110966,44,202227
46655,0.001676,172.217.194.0-255,1484,112450,44,202227
46656,0.001699,172.217.194.0-255,4320,116770,44,202227
46657,0.001705,172.217.194.0-255,5738,122508,44,202227
46658,0.001715,172.217.194.0-255,2902,125410,44,202227
46659,0.001748,172.217.194.0-255,5334,130744,44,202227
46660,0.002395,172.217.194.0-255,1484,132228,44,202227
46661,0.002403,172.217.194.0-255,2902,135130,44,202227
46662,0.00241,172.217.194.0-255,5738,140868,44,202227
46663,0.002455,172.217.194.0-255,1484,142352,44,202227
46664,0.002503,172.217.194.0-255,4320,146672,44,202227
46665,0.002518,172.217.194.0-255,7156,153828,44,202227
46666,0.00252,172.217.194.0-255,1484,155312,44,202227
46667,0.002547,172.217.194.0-255,5738,161050,44,202227
46668,0.002565,172.217.194.0-255,2902,163952,44,202227
46669,0.002608,172.217.194.0-255,1484,165436,44,202227
46670,0.002625,172.217.194.0-255,5738,171174,44,202227
46671,0.002643,172.217.194.0-255,4320,175494,44,202227
46672,0.002756,172.217.194.0-255,6438,181932,44,202227
46673,0.002763,172.217.194.0-255,7156,189088,44,202227
46674,0.002794,172.217.194.0-255,2902,191990,44,202227
46675,0.002796,172.217.194.0-255,608,192598,44,202227
46676,0.002798,172.217.194.0-255,97,192695,44,202227
46677,0.002827,172.217.194.0-255,105,192800,44,202227
46678,0.006626,172.31.46.0-255,66,192866,44,202227
46679,0.008999,172.31.46.0-255,105,192971,44,202227
46680,0.011358,172.217.194.0-255,66,193037,44,202227
46681,0.036688,172.31.46.0-255,172,193209,44,202227
46682,0.036721,172.31.46.0-255,1114,194323,44,202227
46683,0.036782,172.31.46.0-255,1514,195837,44,202227
46684,0.036784,172.31.46.0-255,1514,197351,44,202227
46685,0.036789,172.31.46.0-255,1514,198865,44,202227
46686,0.03679,172.31.46.0-255,1514,200379,44,202227
46687,0.036808,172.31.46.0-255,1514,201893,44,202227
46688,0.036809,172.31.46.0-255,70,201963,44,202227
46689,0.038293,104.244.42.0-255,66,202029,44,202227
46690,0.038351,104.244.42.0-255,66,202095,44,202227
46691,0.038406,104.244.42.0-255,66,202161,44,202227
46692,0.038426,104.244.42.0-255,66,202227,44,202227
46693,0.0,74.125.68.0-255,153,153,44,397585
46694,1.9e-05,172.31.46.0-255,66,219,44,397585
46695,2.6e-05,74.125.68.0-255,1484,1703,44,397585
46696,3e-05,172.31.46.0-255,66,1769,44,397585
46697,4.3e-05,74.125.68.0-255,2902,4671,44,397585
46698,4.7e-05,172.31.46.0-255,66,4737,44,397585
46699,5.1e-05,74.125.68.0-255,1484,6221,44,397585
46700,5.3e-05,172.31.46.0-255,66,6287,44,397585
46701,8.3e-05,74.125.68.0-255,4320,10607,44,397585
46702,8.6e-05,172.31.46.0-255,66,10673,44,397585
46703,9.1e-05,74.125.68.0-255,2902,13575,44,397585
46704,9.3e-05,172.31.46.0-255,66,13641,44,397585
46705,0.000118,74.125.68.0-255,1484,15125,44,397585
46706,0.000125,172.31.46.0-255,66,15191,44,397585
46707,0.000154,74.125.68.0-255,5738,20929,44,397585
46708,0.000157,172.31.46.0-255,66,20995,44,397585
46709,0.00018,74.125.68.0-255,3502,24497,44,397585
46710,0.000183,172.31.46.0-255,66,24563,44,397585
46711,0.000188,74.125.68.0-255,4320,28883,44,397585
46712,0.00019,172.31.46.0-255,66,28949,44,397585
46713,0.00024,74.125.68.0-255,2543,31492,44,397585
46714,0.000243,172.31.46.0-255,66,31558,44,397585
46715,0.000359,74.125.68.0-255,1484,33042,44,397585
46716,0.000363,172.31.46.0-255,66,33108,44,397585
46717,0.000381,74.125.68.0-255,1484,34592,44,397585
46718,0.000384,172.31.46.0-255,66,34658,44,397585
46719,0.000395,74.125.68.0-255,1484,36142,44,397585
46720,0.000401,172.31.46.0-255,66,36208,44,397585
46721,0.000445,74.125.68.0-255,5738,41946,44,397585
46722,0.000448,172.31.46.0-255,66,42012,44,397585
46723,0.000459,74.125.68.0-255,1484,43496,44,397585
46724,0.000465,172.31.46.0-255,66,43562,44,397585
46725,0.000493,74.125.68.0-255,2902,46464,44,397585
46726,0.000496,172.31.46.0-255,66,46530,44,397585
46727,0.0005,74.125.68.0-255,2902,49432,44,397585
46728,0.000503,172.31.46.0-255,66,49498,44,397585
46729,0.000505,74.125.68.0-255,1484,50982,44,397585
46730,0.000536,74.125.68.0-255,2902,53884,44,397585
46731,0.000539,172.31.46.0-255,66,53950,44,397585
46732,0.000565,74.125.68.0-255,2902,56852,44,397585
46733,0.000568,172.31.46.0-255,66,56918,44,397585
46734,0.000589,74.125.68.0-255,2902,59820,44,397585
46735,0.000591,172.31.46.0-255,66,59886,44,397585
46736,0.000599,74.125.68.0-255,5738,65624,44,397585
46737,0.000602,172.31.46.0-255,66,65690,44,397585
46738,0.000634,74.125.68.0-255,766,66456,44,397585
46739,0.000637,74.125.68.0-255,361,66817,44,397585
46740,0.000639,74.125.68.0-255,132,66949,44,397585
46741,0.000765,74.125.68.0-255,1484,68433,44,397585
46742,0.00077,172.31.46.0-255,66,68499,44,397585
46743,0.000774,74.125.68.0-255,1484,69983,44,397585
46744,0.000795,74.125.68.0-255,1484,71467,44,397585
46745,0.000797,172.31.46.0-255,66,71533,44,397585
46746,0.000803,74.125.68.0-255,4320,75853,44,397585
46747,0.000806,172.31.46.0-255,66,75919,44,397585
46748,0.000831,74.125.68.0-255,1484,77403,44,397585
46749,0.000838,74.125.68.0-255,5738,83141,44,397585
46750,0.000841,172.31.46.0-255,66,83207,44,397585
46751,0.000851,74.125.68.0-255,1484,84691,44,397585
46752,0.000858,74.125.68.0-255,1484,86175,44,397585
46753,0.000861,172.31.46.0-255,66,86241,44,397585
46754,0.000892,74.125.68.0-255,7156,93397,44,397585
46755,0.000896,172.31.46.0-255,66,93463,44,397585
46756,0.000907,172.31.46.0-255,66,93529,44,397585
46757,0.001129,74.125.68.0-255,1484,95013,44,397585
46758,0.001166,74.125.68.0-255,2902,97915,44,397585
46759,0.00117,172.31.46.0-255,66,97981,44,397585
46760,0.001197,74.125.68.0-255,5738,103719,44,397585
46761,0.001199,172.31.46.0-255,66,103785,44,397585
46762,0.00123,74.125.68.0-255,1484,105269,44,397585
46763,0.001235,74.125.68.0-255,2902,108171,44,397585
46764,0.001237,172.31.46.0-255,66,108237,44,397585
46765,0.001244,74.125.68.0-255,5738,113975,44,397585
46766,0.001246,172.31.46.0-255,66,114041,44,397585
46767,0.001253,74.125.68.0-255,1484,115525,44,397585
46768,0.001257,74.125.68.0-255,2902,118427,44,397585
46769,0.00126,172.31.46.0-255,66,118493,44,397585
46770,0.001308,74.125.68.0-255,5738,124231,44,397585
46771,0.001317,172.31.46.0-255,66,124297,44,397585
46772,0.001321,74.125.68.0-255,1484,125781,44,397585
46773,0.001325,74.125.68.0-255,2184,127965,44,397585
46774,0.001327,172.31.46.0-255,66,128031,44,397585
46775,0.001695,74.125.68.0-255,1484,129515,44,397585
46776,0.0017,74.125.68.0-255,1484,130999,44,397585
46777,0.001703,172.31.46.0-255,66,131065,44,397585
46778,0.001728,74.125.68.0-255,1484,132549,44,397585
46779,0.001749,74.125.68.0-255,5738,138287,44,397585
46780,0.001752,172.31.46.0-255,66,138353,44,397585
46781,0.001759,74.125.68.0-255,7156,145509,44,397585
46782,0.001761,172.31.46.0-255,66,145575,44,397585
46783,0.001776,172.31.46.0-255,66,145641,44,397585
46784,0.001779,74.125.68.0-255,1484,147125,44,397585
46785,0.001812,74.125.68.0-255,6438,153563,44,397585
46786,0.001815,172.31.46.0-255,66,153629,44,397585
46787,0.001851,172.31.46.0-255,66,153695,44,397585
46788,0.001856,74.125.68.0-255,4320,158015,44,397585
46789,0.001858,172.31.46.0-255,66,158081,44,397585
46790,0.001872,74.125.68.0-255,1484,159565,44,397585
46791,0.001895,74.125.68.0-255,5738,165303,44,397585
46792,0.001897,172.31.46.0-255,66,165369,44,397585
46793,0.001922,74.125.68.0-255,1484,166853,44,397585
46794,0.001929,74.125.68.0-255,5738,172591,44,397585
46795,0.001933,74.125.68.0-255,2902,175493,44,397585
46796,0.001937,172.31.46.0-255,66,175559,44,397585
46797,0.00194,172.31.46.0-255,66,175625,44,397585
46798,0.001955,74.125.68.0-255,3602,179227,44,397585
46799,0.001958,172.31.46.0-255,66,179293,44,397585
46800,0.001988,74.125.68.0-255,1484,180777,44,397585
46801,0.00201,74.125.68.0-255,2902,183679,44,397585
46802,0.002014,172.31.46.0-255,66,183745,44,397585
46803,0.002042,74.125.68.0-255,2902,186647,44,397585
46804,0.002045,172.31.46.0-255,66,186713,44,397585
46805,0.002048,74.125.68.0-255,1484,188197,44,397585
46806,0.002051,74.125.68.0-255,1484,189681,44,397585
46807,0.002053,172.31.46.0-255,66,189747,44,397585
46808,0.00211,74.125.68.0-255,2902,192649,44,397585
46809,0.002114,172.31.46.0-255,66,192715,44,397585
46810,0.002121,74.125.68.0-255,5738,198453,44,397585
46811,0.002123,172.31.46.0-255,66,198519,44,397585
46812,0.002132,74.125.68.0-255,2902,201421,44,397585
46813,0.002134,172.31.46.0-255,66,201487,44,397585
46814,0.002139,74.125.68.0-255,4320,205807,44,397585
46815,0.002142,172.31.46.0-255,66,205873,44,397585
46816,0.002166,74.125.68.0-255,1484,207357,44,397585
46817,0.002189,74.125.68.0-255,6438,213795,44,397585
46818,0.002192,172.31.46.0-255,66,213861,44,397585
46819,0.002217,74.125.68.0-255,1484,215345,44,397585
46820,0.00222,74.125.68.0-255,1484,216829,44,397585
46821,0.002223,172.31.46.0-255,66,216895,44,397585
46822,0.002264,74.125.68.0-255,4320,221215,44,397585
46823,0.002268,172.31.46.0-255,66,221281,44,397585
46824,0.002271,74.125.68.0-255,1484,222765,44,397585
46825,0.002288,74.125.68.0-255,4320,227085,44,397585
46826,0.002291,172.31.46.0-255,66,227151,44,397585
46827,0.002295,74.125.68.0-255,2902,230053,44,397585
46828,0.002297,172.31.46.0-255,66,230119,44,397585
46829,0.0023,74.125.68.0-255,1484,231603,44,397585
46830,0.002329,74.125.68.0-255,4320,235923,44,397585
46831,0.002332,172.31.46.0-255,66,235989,44,397585
46832,0.002353,74.125.68.0-255,1484,237473,44,397585
46833,0.002358,74.125.68.0-255,2902,240375,44,397585
46834,0.002361,172.31.46.0-255,66,240441,44,397585
46835,0.002364,74.125.68.0-255,1484,241925,44,397585
46836,0.002386,74.125.68.0-255,1484,243409,44,397585
46837,0.002388,172.31.46.0-255,66,243475,44,397585
46838,0.002413,74.125.68.0-255,2902,246377,44,397585
46839,0.002416,172.31.46.0-255,66,246443,44,397585
46840,0.002428,74.125.68.0-255,2184,248627,44,397585
46841,0.002434,172.31.46.0-255,66,248693,44,397585
46842,0.002458,74.125.68.0-255,2902,251595,44,397585
46843,0.002461,172.31.46.0-255,66,251661,44,397585
46844,0.002465,74.125.68.0-255,2902,254563,44,397585
46845,0.002468,172.31.46.0-255,66,254629,44,397585
46846,0.00247,74.125.68.0-255,1484,256113,44,397585
46847,0.002495,74.125.68.0-255,2902,259015,44,397585
46848,0.002497,172.31.46.0-255,66,259081,44,397585
46849,0.002502,74.125.68.0-255,4320,263401,44,397585
46850,0.002504,172.31.46.0-255,66,263467,44,397585
46851,0.002507,74.125.68.0-255,1484,264951,44,397585
46852,0.002515,74.125.68.0-255,1484,266435,44,397585
46853,0.002518,172.31.46.0-255,66,266501,44,397585
46854,0.002522,74.125.68.0-255,2902,269403,44,397585
46855,0.002525,172.31.46.0-255,66,269469,44,397585
46856,0.002561,74.125.68.0-255,5738,275207,44,397585
46857,0.002564,172.31.46.0-255,66,275273,44,397585
46858,0.002567,74.125.68.0-255,1484,276757,44,397585
46859,0.002592,74.125.68.0-255,2902,279659,44,397585
46860,0.002595,172.31.46.0-255,66,279725,44,397585
46861,0.002619,74.125.68.0-255,1484,281209,44,397585
46862,0.002625,74.125.68.0-255,2184,283393,44,397585
46863,0.002627,172.31.46.0-255,66,283459,44,397585
46864,0.002711,74.125.68.0-255,1484,284943,44,397585
46865,0.00273,74.125.68.0-255,1484,286427,44,397585
46866,0.002733,172.31.46.0-255,66,286493,44,397585
46867,0.002758,74.125.68.0-255,1484,287977,44,397585
46868,0.002764,74.125.68.0-255,4320,292297,44,397585
46869,0.002767,172.31.46.0-255,66,292363,44,397585
46870,0.00277,74.125.68.0-255,1484,293847,44,397585
46871,0.002798,74.125.68.0-255,2902,296749,44,397585
46872,0.002801,172.31.46.0-255,66,296815,44,397585
46873,0.002804,74.125.68.0-255,1484,298299,44,397585
46874,0.002807,74.125.68.0-255,1484,299783,44,397585
46875,0.002809,172.31.46.0-255,66,299849,44,397585
46876,0.002817,74.125.68.0-255,2902,302751,44,397585
46877,0.002819,172.31.46.0-255,66,302817,44,397585
46878,0.002851,74.125.68.0-255,5738,308555,44,397585
46879,0.002854,172.31.46.0-255,66,308621,44,397585
46880,0.002883,74.125.68.0-255,1484,310105,44,397585
46881,0.002888,74.125.68.0-255,2902,313007,44,397585
46882,0.00289,172.31.46.0-255,66,313073,44,397585
46883,0.002893,74.125.68.0-255,1484,314557,44,397585
46884,0.002896,74.125.68.0-255,1484,316041,44,397585
46885,0.002898,172.31.46.0-255,66,316107,44,397585
46886,0.002915,74.125.68.0-255,1484,317591,44,397585
46887,0.002922,74.125.68.0-255,766,318357,44,397585
46888,0.002924,172.31.46.0-255,66,318423,44,397585
46889,0.003098,74.125.68.0-255,1484,319907,44,397585
46890,0.003115,74.125.68.0-255,1484,321391,44,397585
46891,0.003118,172.31.46.0-255,66,321457,44,397585
46892,0.003137,74.125.68.0-255,2902,324359,44,397585
46893,0.00314,172.31.46.0-255,66,324425,44,397585
46894,0.003179,74.125.68.0-255,2902,327327,44,397585
46895,0.003182,172.31.46.0-255,66,327393,44,397585
46896,0.003199,74.125.68.0-255,1484,328877,44,397585
46897,0.003203,74.125.68.0-255,1484,330361,44,397585
46898,0.003205,172.31.46.0-255,66,330427,44,397585
46899,0.003213,74.125.68.0-255,7156,337583,44,397585
46900,0.003216,172.31.46.0-255,66,337649,44,397585
46901,0.003219,74.125.68.0-255,1484,339133,44,397585
46902,0.003221,74.125.68.0-255,1484,340617,44,397585
46903,0.00326,74.125.68.0-255,2902,343519,44,397585
46904,0.003263,74.125.68.0-255,1484,345003,44,397585
46905,0.003275,74.125.68.0-255,1484,346487,44,397585
46906,0.003292,74.125.68.0-255,2902,349389,44,397585
46907,0.003315,74.125.68.0-255,1484,350873,44,397585
46908,0.003319,74.125.68.0-255,2184,353057,44,397585
46909,0.003341,74.125.68.0-255,2902,355959,44,397585
46910,0.003362,74.125.68.0-255,2902,358861,44,397585
46911,0.003375,74.125.68.0-255,1484,360345,44,397585
46912,0.003377,74.125.68.0-255,1484,361829,44,397585
46913,0.003419,74.125.68.0-255,7156,368985,44,397585
46914,0.003422,74.125.68.0-255,1484,370469,44,397585
46915,0.003425,74.125.68.0-255,1484,371953,44,397585
46916,0.003452,74.125.68.0-255,4320,376273,44,397585
46917,0.003503,74.125.68.0-255,7156,383429,44,397585
46918,0.003526,74.125.68.0-255,3602,387031,44,397585
46919,0.003694,74.125.68.0-255,1484,388515,44,397585
46920,0.003698,74.125.68.0-255,135,388650,44,397585
46921,0.0037,74.125.68.0-255,97,388747,44,397585
46922,0.003804,74.125.68.0-255,105,388852,44,397585
46923,0.010202,172.31.46.0-255,66,388918,44,397585
46924,0.011531,172.31.46.0-255,101,389019,44,397585
46925,0.012678,172.31.46.0-255,105,389124,44,397585
46926,0.013489,74.125.68.0-255,66,389190,44,397585
46927,0.014647,74.125.68.0-255,66,389256,44,397585
46928,0.029845,172.31.46.0-255,164,389420,44,397585
46929,0.029878,172.31.46.0-255,1123,390543,44,397585
46930,0.029944,172.31.46.0-255,1514,392057,44,397585
46931,0.029946,172.31.46.0-255,1514,393571,44,397585
46932,0.029948,172.31.46.0-255,1514,395085,44,397585
46933,0.029949,172.31.46.0-255,1514,396599,44,397585
46934,0.029973,172.31.46.0-255,548,397147,44,397585
46935,0.031411,104.244.42.0-255,66,397213,44,397585
46936,0.031446,104.244.42.0-255,66,397279,44,397585
46937,0.031572,104.244.42.0-255,66,397345,44,397585
46938,0.031577,104.244.42.0-255,66,397411,44,397585
46939,0.032066,104.244.42.0-255,108,397519,44,397585
46940,0.032077,172.31.46.0-255,66,397585,44,397585
46941,0.0,74.125.68.0-255,146,146,44,348396
46942,1.5e-05,172.31.46.0-255,66,212,44,348396
46943,2.1e-05,74.125.68.0-255,1484,1696,44,348396
46944,2.5e-05,172.31.46.0-255,66,1762,44,348396
46945,3.2e-05,74.125.68.0-255,2902,4664,44,348396
46946,3.6e-05,172.31.46.0-255,66,4730,44,348396
46947,3.9e-05,74.125.68.0-255,1484,6214,44,348396
46948,4.1e-05,172.31.46.0-255,66,6280,44,348396
46949,7e-05,74.125.68.0-255,2902,9182,44,348396
46950,7.3e-05,172.31.46.0-255,66,9248,44,348396
46951,8.9e-05,74.125.68.0-255,4891,14139,44,348396
46952,9.2e-05,172.31.46.0-255,66,14205,44,348396
46953,0.000136,74.125.68.0-255,1484,15689,44,348396
46954,0.000138,172.31.46.0-255,66,15755,44,348396
46955,0.000143,74.125.68.0-255,2902,18657,44,348396
46956,0.000145,172.31.46.0-255,66,18723,44,348396
46957,0.000172,74.125.68.0-255,2902,21625,44,348396
46958,0.000175,172.31.46.0-255,66,21691,44,348396
46959,0.000189,74.125.68.0-255,2902,24593,44,348396
46960,0.000192,172.31.46.0-255,66,24659,44,348396
46961,0.000199,74.125.68.0-255,6797,31456,44,348396
46962,0.000202,172.31.46.0-255,66,31522,44,348396
46963,0.000502,74.125.68.0-255,1484,33006,44,348396
46964,0.000508,172.31.46.0-255,66,33072,44,348396
46965,0.000514,74.125.68.0-255,2902,35974,44,348396
46966,0.000516,172.31.46.0-255,66,36040,44,348396
46967,0.000539,74.125.68.0-255,5738,41778,44,348396
46968,0.000542,172.31.46.0-255,66,41844,44,348396
46969,0.000549,74.125.68.0-255,5738,47582,44,348396
46970,0.000551,172.31.46.0-255,66,47648,44,348396
46971,0.000575,74.125.68.0-255,2902,50550,44,348396
46972,0.000578,172.31.46.0-255,66,50616,44,348396
46973,0.000595,74.125.68.0-255,3961,54577,44,348396
46974,0.000598,172.31.46.0-255,66,54643,44,348396
46975,0.000605,74.125.68.0-255,5738,60381,44,348396
46976,0.000607,172.31.46.0-255,66,60447,44,348396
46977,0.000626,74.125.68.0-255,4320,64767,44,348396
46978,0.000629,172.31.46.0-255,66,64833,44,348396
46979,0.000649,74.125.68.0-255,1473,66306,44,348396
46980,0.000719,74.125.68.0-255,330,66636,44,348396
46981,0.000723,172.31.46.0-255,66,66702,44,348396
46982,0.001038,74.125.68.0-255,1484,68186,44,348396
46983,0.001044,74.125.68.0-255,2902,71088,44,348396
46984,0.001047,172.31.46.0-255,66,71154,44,348396
46985,0.001051,74.125.68.0-255,1484,72638,44,348396
46986,0.001091,74.125.68.0-255,5738,78376,44,348396
46987,0.001095,172.31.46.0-255,66,78442,44,348396
46988,0.001121,172.31.46.0-255,66,78508,44,348396
46989,0.001137,74.125.68.0-255,1484,79992,44,348396
46990,0.001164,74.125.68.0-255,4320,84312,44,348396
46991,0.001167,172.31.46.0-255,66,84378,44,348396
46992,0.001183,74.125.68.0-255,6438,90816,44,348396
46993,0.001186,172.31.46.0-255,66,90882,44,348396
46994,0.001357,74.125.68.0-255,1484,92366,44,348396
46995,0.001365,74.125.68.0-255,2902,95268,44,348396
46996,0.001369,172.31.46.0-255,66,95334,44,348396
46997,0.001396,74.125.68.0-255,5738,101072,44,348396
46998,0.001399,172.31.46.0-255,66,101138,44,348396
46999,0.001427,172.31.46.0-255,66,101204,44,348396
47000,0.001453,74.125.68.0-255,2902,104106,44,348396
47001,0.001456,172.31.46.0-255,66,104172,44,348396
47002,0.00147,172.31.46.0-255,66,104238,44,348396
47003,0.001537,74.125.68.0-255,1484,105722,44,348396
47004,0.001554,74.125.68.0-255,2902,108624,44,348396
47005,0.001558,172.31.46.0-255,66,108690,44,348396
47006,0.001564,74.125.68.0-255,4320,113010,44,348396
47007,0.001567,172.31.46.0-255,66,113076,44,348396
47008,0.001597,74.125.68.0-255,5738,118814,44,348396
47009,0.0016,172.31.46.0-255,66,118880,44,348396
47010,0.001604,74.125.68.0-255,1484,120364,44,348396
47011,0.001623,74.125.68.0-255,5738,126102,44,348396
47012,0.001626,172.31.46.0-255,66,126168,44,348396
47013,0.00164,74.125.68.0-255,4320,130488,44,348396
47014,0.001642,172.31.46.0-255,66,130554,44,348396
47015,0.001647,74.125.68.0-255,4320,134874,44,348396
47016,0.00165,172.31.46.0-255,66,134940,44,348396
47017,0.00167,74.125.68.0-255,3602,138542,44,348396
47018,0.001673,172.31.46.0-255,66,138608,44,348396
47019,0.001716,74.125.68.0-255,1484,140092,44,348396
47020,0.001735,74.125.68.0-255,2902,142994,44,348396
47021,0.001737,172.31.46.0-255,66,143060,44,348396
47022,0.001754,74.125.68.0-255,5738,148798,44,348396
47023,0.001757,172.31.46.0-255,66,148864,44,348396
47024,0.001783,74.125.68.0-255,7156,156020,44,348396
47025,0.001785,172.31.46.0-255,66,156086,44,348396
47026,0.001788,74.125.68.0-255,1484,157570,44,348396
47027,0.001808,74.125.68.0-255,7156,164726,44,348396
47028,0.001811,172.31.46.0-255,66,164792,44,348396
47029,0.001822,74.125.68.0-255,1484,166276,44,348396
47030,0.001847,74.125.68.0-255,6438,172714,44,348396
47031,0.00185,172.31.46.0-255,66,172780,44,348396
47032,0.001982,74.125.68.0-255,1484,174264,44,348396
47033,0.001988,74.125.68.0-255,2902,177166,44,348396
47034,0.001993,172.31.46.0-255,66,177232,44,348396
47035,0.002013,74.125.68.0-255,5738,182970,44,348396
47036,0.002016,172.31.46.0-255,66,183036,44,348396
47037,0.00202,74.125.68.0-255,2902,185938,44,348396
47038,0.002022,172.31.46.0-255,66,186004,44,348396
47039,0.00205,74.125.68.0-255,4320,190324,44,348396
47040,0.002052,172.31.46.0-255,66,190390,44,348396
47041,0.002063,172.31.46.0-255,66,190456,44,348396
47042,0.002067,74.125.68.0-255,2902,193358,44,348396
47043,0.002069,172.31.46.0-255,66,193424,44,348396
47044,0.002093,74.125.68.0-255,2902,196326,44,348396
47045,0.002096,172.31.46.0-255,66,196392,44,348396
47046,0.002126,74.125.68.0-255,2184,198576,44,348396
47047,0.002128,172.31.46.0-255,66,198642,44,348396
47048,0.002244,74.125.68.0-255,1484,200126,44,348396
47049,0.002263,74.125.68.0-255,2902,203028,44,348396
47050,0.002267,172.31.46.0-255,66,203094,44,348396
47051,0.00227,74.125.68.0-255,1484,204578,44,348396
47052,0.002286,74.125.68.0-255,2902,207480,44,348396
47053,0.002289,172.31.46.0-255,66,207546,44,348396
47054,0.0023,74.125.68.0-255,5738,213284,44,348396
47055,0.002303,172.31.46.0-255,66,213350,44,348396
47056,0.002364,172.31.46.0-255,66,213416,44,348396
47057,0.002369,74.125.68.0-255,4320,217736,44,348396
47058,0.002371,172.31.46.0-255,66,217802,44,348396
47059,0.002386,74.125.68.0-255,2902,220704,44,348396
47060,0.002389,172.31.46.0-255,66,220770,44,348396
47061,0.002435,172.31.46.0-255,66,220836,44,348396
47062,0.00245,172.31.46.0-255,66,220902,44,348396
47063,0.002456,74.125.68.0-255,5738,226640,44,348396
47064,0.002458,172.31.46.0-255,66,226706,44,348396
47065,0.002483,74.125.68.0-255,2184,228890,44,348396
47066,0.002485,172.31.46.0-255,66,228956,44,348396
47067,0.002505,74.125.68.0-255,2902,231858,44,348396
47068,0.002507,172.31.46.0-255,66,231924,44,348396
47069,0.00251,74.125.68.0-255,1484,233408,44,348396
47070,0.002531,74.125.68.0-255,5738,239146,44,348396
47071,0.002537,74.125.68.0-255,4320,243466,44,348396
47072,0.002552,74.125.68.0-255,1484,244950,44,348396
47073,0.002558,74.125.68.0-255,5738,250688,44,348396
47074,0.005793,172.31.46.0-255,66,250754,44,348396
47075,0.008331,74.125.68.0-255,5738,256492,44,348396
47076,0.008337,172.31.46.0-255,66,256558,44,348396
47077,0.01087,74.125.68.0-255,5738,262296,44,348396
47078,0.010876,172.31.46.0-255,66,262362,44,348396
47079,0.013409,74.125.68.0-255,5738,268100,44,348396
47080,0.013416,172.31.46.0-255,66,268166,44,348396
47081,0.015955,74.125.68.0-255,5738,273904,44,348396
47082,0.015964,172.31.46.0-255,66,273970,44,348396
47083,0.018493,74.125.68.0-255,5738,279708,44,348396
47084,0.018501,172.31.46.0-255,66,279774,44,348396
47085,0.021033,74.125.68.0-255,5738,285512,44,348396
47086,0.02104,172.31.46.0-255,66,285578,44,348396
47087,0.023586,74.125.68.0-255,5738,291316,44,348396
47088,0.023594,172.31.46.0-255,66,291382,44,348396
47089,0.026125,74.125.68.0-255,5738,297120,44,348396
47090,0.026133,172.31.46.0-255,66,297186,44,348396
47091,0.028656,74.125.68.0-255,5738,302924,44,348396
47092,0.028664,172.31.46.0-255,66,302990,44,348396
47093,0.031192,74.125.68.0-255,5738,308728,44,348396
47094,0.031199,172.31.46.0-255,66,308794,44,348396
47095,0.033734,74.125.68.0-255,5738,314532,44,348396
47096,0.033741,172.31.46.0-255,66,314598,44,348396
47097,0.035228,172.31.46.0-255,172,314770,44,348396
47098,0.035261,172.31.46.0-255,1114,315884,44,348396
47099,0.035326,172.31.46.0-255,1514,317398,44,348396
47100,0.035328,172.31.46.0-255,1514,318912,44,348396
47101,0.035334,172.31.46.0-255,1514,320426,44,348396
47102,0.035335,172.31.46.0-255,1514,321940,44,348396
47103,0.035354,172.31.46.0-255,1514,323454,44,348396
47104,0.035355,172.31.46.0-255,71,323525,44,348396
47105,0.036267,74.125.68.0-255,5738,329263,44,348396
47106,0.036272,172.31.46.0-255,66,329329,44,348396
47107,0.036781,104.244.42.0-255,66,329395,44,348396
47108,0.036788,104.244.42.0-255,66,329461,44,348396
47109,0.036897,104.244.42.0-255,66,329527,44,348396
47110,0.036903,104.244.42.0-255,66,329593,44,348396
47111,0.038801,74.125.68.0-255,5738,335331,44,348396
47112,0.038807,172.31.46.0-255,66,335397,44,348396
47113,0.041334,74.125.68.0-255,5738,341135,44,348396
47114,0.041341,172.31.46.0-255,66,341201,44,348396
47115,0.04387,74.125.68.0-255,5738,346939,44,348396
47116,0.043875,172.31.46.0-255,66,347005,44,348396
47117,0.046393,74.125.68.0-255,1154,348159,44,348396
47118,0.046505,172.31.46.0-255,66,348225,44,348396
47119,0.046534,172.31.46.0-255,105,348330,44,348396
47120,0.049022,74.125.68.0-255,66,348396,44,348396
47121,0.0,172.217.194.0-255,152,152,44,163166
47122,2.2e-05,172.31.46.0-255,66,218,44,163166
47123,3e-05,172.217.194.0-255,1484,1702,44,163166
47124,3.5e-05,172.31.46.0-255,66,1768,44,163166
47125,4.8e-05,172.217.194.0-255,2902,4670,44,163166
47126,5.1e-05,172.31.46.0-255,66,4736,44,163166
47127,6e-05,172.217.194.0-255,7156,11892,44,163166
47128,6.3e-05,172.31.46.0-255,66,11958,44,163166
47129,6.7e-05,172.217.194.0-255,2902,14860,44,163166
47130,7e-05,172.31.46.0-255,66,14926,44,163166
47131,0.000118,172.31.46.0-255,66,14992,44,163166
47132,0.000123,172.217.194.0-255,3961,18953,44,163166
47133,0.000126,172.31.46.0-255,66,19019,44,163166
47134,0.000236,172.217.194.0-255,1484,20503,44,163166
47135,0.00024,172.31.46.0-255,66,20569,44,163166
47136,0.000245,172.217.194.0-255,2902,23471,44,163166
47137,0.000247,172.31.46.0-255,66,23537,44,163166
47138,0.000258,172.217.194.0-255,5738,29275,44,163166
47139,0.000261,172.31.46.0-255,66,29341,44,163166
47140,0.000264,172.217.194.0-255,1484,30825,44,163166
47141,0.000267,172.31.46.0-255,66,30891,44,163166
47142,0.000298,172.217.194.0-255,5379,36270,44,163166
47143,0.000301,172.31.46.0-255,66,36336,44,163166
47144,0.000318,172.31.46.0-255,66,36402,44,163166
47145,0.000353,172.217.194.0-255,5738,42140,44,163166
47146,0.000356,172.31.46.0-255,66,42206,44,163166
47147,0.00036,172.217.194.0-255,2835,45041,44,163166
47148,0.000362,172.31.46.0-255,66,45107,44,163166
47149,0.00045,172.217.194.0-255,98,45205,44,163166
47150,0.000454,172.31.46.0-255,66,45271,44,163166
47151,0.000557,172.217.194.0-255,1484,46755,44,163166
47152,0.000565,172.217.194.0-255,2902,49657,44,163166
47153,0.000568,172.31.46.0-255,66,49723,44,163166
47154,0.000574,172.217.194.0-255,4320,54043,44,163166
47155,0.000577,172.31.46.0-255,66,54109,44,163166
47156,0.000599,172.217.194.0-255,1484,55593,44,163166
47157,0.000606,172.217.194.0-255,6797,62390,44,163166
47158,0.000614,172.31.46.0-255,66,62456,44,163166
47159,0.00062,172.217.194.0-255,5738,68194,44,163166
47160,0.000623,172.31.46.0-255,66,68260,44,163166
47161,0.000666,172.31.46.0-255,66,68326,44,163166
47162,0.000672,172.217.194.0-255,2543,70869,44,163166
47163,0.000674,172.31.46.0-255,66,70935,44,163166
47164,0.000776,172.217.194.0-255,364,71299,44,163166
47165,0.000917,172.217.194.0-255,1484,72783,44,163166
47166,0.000922,172.31.46.0-255,66,72849,44,163166
47167,0.000928,172.217.194.0-255,2902,75751,44,163166
47168,0.00093,172.31.46.0-255,66,75817,44,163166
47169,0.000934,172.217.194.0-255,2902,78719,44,163166
47170,0.000941,172.31.46.0-255,66,78785,44,163166
47171,0.000986,172.217.194.0-255,2902,81687,44,163166
47172,0.000989,172.31.46.0-255,66,81753,44,163166
47173,0.001006,172.31.46.0-255,66,81819,44,163166
47174,0.001017,172.31.46.0-255,66,81885,44,163166
47175,0.00105,172.217.194.0-255,6438,88323,44,163166
47176,0.001053,172.31.46.0-255,66,88389,44,163166
47177,0.001123,172.217.194.0-255,1484,89873,44,163166
47178,0.001129,172.217.194.0-255,2902,92775,44,163166
47179,0.001132,172.31.46.0-255,66,92841,44,163166
47180,0.001137,172.217.194.0-255,2902,95743,44,163166
47181,0.001139,172.31.46.0-255,66,95809,44,163166
47182,0.001167,172.217.194.0-255,2902,98711,44,163166
47183,0.001171,172.31.46.0-255,66,98777,44,163166
47184,0.001183,172.217.194.0-255,7156,105933,44,163166
47185,0.001185,172.31.46.0-255,66,105999,44,163166
47186,0.001188,172.217.194.0-255,1484,107483,44,163166
47187,0.001228,172.31.46.0-255,66,107549,44,163166
47188,0.001232,172.217.194.0-255,2184,109733,44,163166
47189,0.001234,172.31.46.0-255,66,109799,44,163166
47190,0.001471,172.217.194.0-255,1484,111283,44,163166
47191,0.001478,172.217.194.0-255,2902,114185,44,163166
47192,0.001481,172.31.46.0-255,66,114251,44,163166
47193,0.001521,172.217.194.0-255,5738,119989,44,163166
47194,0.001524,172.31.46.0-255,66,120055,44,163166
47195,0.001535,172.31.46.0-255,66,120121,44,163166
47196,0.001569,172.217.194.0-255,1484,121605,44,163166
47197,0.001583,172.31.46.0-255,66,121671,44,163166
47198,0.001588,172.217.194.0-255,2184,123855,44,163166
47199,0.00159,172.31.46.0-255,66,123921,44,163166
47200,0.001782,172.217.194.0-255,1484,125405,44,163166
47201,0.001802,172.217.194.0-255,2902,128307,44,163166
47202,0.001806,172.31.46.0-255,66,128373,44,163166
47203,0.001814,172.217.194.0-255,5738,134111,44,163166
47204,0.001816,172.31.46.0-255,66,134177,44,163166
47205,0.001831,172.31.46.0-255,66,134243,44,163166
47206,0.001862,172.217.194.0-255,1484,135727,44,163166
47207,0.001904,172.31.46.0-255,66,135793,44,163166
47208,0.00193,172.31.46.0-255,66,135859,44,163166
47209,0.001943,172.31.46.0-255,66,135925,44,163166
47210,0.001975,172.217.194.0-255,5020,140945,44,163166
47211,0.001978,172.31.46.0-255,66,141011,44,163166
47212,0.001998,172.31.46.0-255,66,141077,44,163166
47213,0.002051,172.31.46.0-255,66,141143,44,163166
47214,0.002064,172.31.46.0-255,66,141209,44,163166
47215,0.002096,172.217.194.0-255,7156,148365,44,163166
47216,0.002098,172.31.46.0-255,66,148431,44,163166
47217,0.002138,172.31.46.0-255,66,148497,44,163166
47218,0.002151,172.31.46.0-255,66,148563,44,163166
47219,0.002191,172.31.46.0-255,66,148629,44,163166
47220,0.002207,172.31.46.0-255,66,148695,44,163166
47221,0.002261,172.31.46.0-255,66,148761,44,163166
47222,0.002274,172.217.194.0-255,4807,153568,44,163166
47223,0.00228,172.31.46.0-255,66,153634,44,163166
47224,0.002284,172.217.194.0-255,105,153739,44,163166
47225,0.004528,172.31.46.0-255,66,153805,44,163166
47226,0.004562,172.31.46.0-255,105,153910,44,163166
47227,0.007151,172.217.194.0-255,66,153976,44,163166
47228,0.037465,172.31.46.0-255,172,154148,44,163166
47229,0.037494,172.31.46.0-255,1109,155257,44,163166
47230,0.037546,172.31.46.0-255,1514,156771,44,163166
47231,0.037548,172.31.46.0-255,1514,158285,44,163166
47232,0.037549,172.31.46.0-255,1514,159799,44,163166
47233,0.037553,172.31.46.0-255,1514,161313,44,163166
47234,0.037554,172.31.46.0-255,1514,162827,44,163166
47235,0.037556,172.31.46.0-255,75,162902,44,163166
47236,0.039002,104.244.42.0-255,66,162968,44,163166
47237,0.039042,104.244.42.0-255,66,163034,44,163166
47238,0.039132,104.244.42.0-255,66,163100,44,163166
47239,0.039138,104.244.42.0-255,66,163166,44,163166
47240,0.0,74.125.24.0-255,150,150,44,253383
47241,2.5e-05,172.31.46.0-255,66,216,44,253383
47242,3.3e-05,74.125.24.0-255,1484,1700,44,253383
47243,3.7e-05,172.31.46.0-255,66,1766,44,253383
47244,4.3e-05,74.125.24.0-255,2902,4668,44,253383
47245,4.7e-05,172.31.46.0-255,66,4734,44,253383
47246,5.6e-05,74.125.24.0-255,7156,11890,44,253383
47247,5.9e-05,172.31.46.0-255,66,11956,44,253383
47248,6.3e-05,74.125.24.0-255,2041,13997,44,253383
47249,6.7e-05,172.31.46.0-255,66,14063,44,253383
47250,0.000121,74.125.24.0-255,2902,16965,44,253383
47251,0.000124,172.31.46.0-255,66,17031,44,253383
47252,0.00013,74.125.24.0-255,4320,21351,44,253383
47253,0.000133,172.31.46.0-255,66,21417,44,253383
47254,0.000141,74.125.24.0-255,7156,28573,44,253383
47255,0.000143,172.31.46.0-255,66,28639,44,253383
47256,0.000159,74.125.24.0-255,1484,30123,44,253383
47257,0.000161,172.31.46.0-255,66,30189,44,253383
47258,0.000165,74.125.24.0-255,1125,31314,44,253383
47259,0.000167,172.31.46.0-255,66,31380,44,253383
47260,0.000225,74.125.24.0-255,1484,32864,44,253383
47261,0.000229,172.31.46.0-255,66,32930,44,253383
47262,0.000234,74.125.24.0-255,2902,35832,44,253383
47263,0.000236,172.31.46.0-255,66,35898,44,253383
47264,0.000243,74.125.24.0-255,5738,41636,44,253383
47265,0.000246,172.31.46.0-255,66,41702,44,253383
47266,0.000284,172.31.46.0-255,66,41768,44,253383
47267,0.000325,74.125.24.0-255,5738,47506,44,253383
47268,0.000329,172.31.46.0-255,66,47572,44,253383
47269,0.000357,172.31.46.0-255,66,47638,44,253383
47270,0.000601,74.125.24.0-255,645,48283,44,253383
47271,0.00096,74.125.24.0-255,1484,49767,44,253383
47272,0.000966,172.31.46.0-255,66,49833,44,253383
47273,0.000973,74.125.24.0-255,2902,52735,44,253383
47274,0.000975,172.31.46.0-255,66,52801,44,253383
47275,0.000982,74.125.24.0-255,5738,58539,44,253383
47276,0.000985,172.31.46.0-255,66,58605,44,253383
47277,0.001011,172.31.46.0-255,66,58671,44,253383
47278,0.001036,74.125.24.0-255,4320,62991,44,253383
47279,0.001039,172.31.46.0-255,66,63057,44,253383
47280,0.001044,74.125.24.0-255,2902,65959,44,253383
47281,0.001045,172.31.46.0-255,66,66025,44,253383
47282,0.001065,172.31.46.0-255,66,66091,44,253383
47283,0.001717,74.125.24.0-255,1484,67575,44,253383
47284,0.001727,74.125.24.0-255,2902,70477,44,253383
47285,0.001731,172.31.46.0-255,66,70543,44,253383
47286,0.001738,74.125.24.0-255,2902,73445,44,253383
47287,0.00174,172.31.46.0-255,66,73511,44,253383
47288,0.001766,74.125.24.0-255,2902,76413,44,253383
47289,0.001768,172.31.46.0-255,66,76479,44,253383
47290,0.001781,172.31.46.0-255,66,76545,44,253383
47291,0.001836,74.125.24.0-255,2902,79447,44,253383
47292,0.00184,172.31.46.0-255,66,79513,44,253383
47293,0.001869,172.31.46.0-255,66,79579,44,253383
47294,0.001916,74.125.24.0-255,1484,81063,44,253383
47295,0.001938,74.125.24.0-255,2902,83965,44,253383
47296,0.001941,172.31.46.0-255,66,84031,44,253383
47297,0.001947,74.125.24.0-255,5738,89769,44,253383
47298,0.001949,172.31.46.0-255,66,89835,44,253383
47299,0.001968,74.125.24.0-255,2902,92737,44,253383
47300,0.00197,172.31.46.0-255,66,92803,44,253383
47301,0.001995,74.125.24.0-255,5738,98541,44,253383
47302,0.001997,172.31.46.0-255,66,98607,44,253383
47303,0.002037,172.31.46.0-255,66,98673,44,253383
47304,0.002078,74.125.24.0-255,6438,105111,44,253383
47305,0.002082,172.31.46.0-255,66,105177,44,253383
47306,0.002087,74.125.24.0-255,4320,109497,44,253383
47307,0.00209,172.31.46.0-255,66,109563,44,253383
47308,0.002107,74.125.24.0-255,2902,112465,44,253383
47309,0.00211,172.31.46.0-255,66,112531,44,253383
47310,0.002114,74.125.24.0-255,1484,114015,44,253383
47311,0.002143,74.125.24.0-255,7156,121171,44,253383
47312,0.002146,172.31.46.0-255,66,121237,44,253383
47313,0.002149,74.125.24.0-255,1484,122721,44,253383
47314,0.002166,74.125.24.0-255,5738,128459,44,253383
47315,0.002168,172.31.46.0-255,66,128525,44,253383
47316,0.002193,172.31.46.0-255,66,128591,44,253383
47317,0.002196,74.125.24.0-255,766,129357,44,253383
47318,0.004466,74.125.24.0-255,4320,133677,44,253383
47319,0.004491,172.31.46.0-255,66,133743,44,253383
47320,0.006778,74.125.24.0-255,5738,139481,44,253383
47321,0.006785,172.31.46.0-255,66,139547,44,253383
47322,0.009042,74.125.24.0-255,5738,145285,44,253383
47323,0.009048,172.31.46.0-255,66,145351,44,253383
47324,0.011312,74.125.24.0-255,5738,151089,44,253383
47325,0.011324,172.31.46.0-255,66,151155,44,253383
47326,0.013611,74.125.24.0-255,5738,156893,44,253383
47327,0.01363,172.31.46.0-255,66,156959,44,253383
47328,0.015913,74.125.24.0-255,5738,162697,44,253383
47329,0.015932,172.31.46.0-255,66,162763,44,253383
47330,0.018214,74.125.24.0-255,5738,168501,44,253383
47331,0.018233,172.31.46.0-255,66,168567,44,253383
47332,0.020555,74.125.24.0-255,5738,174305,44,253383
47333,0.020575,172.31.46.0-255,66,174371,44,253383
47334,0.022854,74.125.24.0-255,5738,180109,44,253383
47335,0.022872,172.31.46.0-255,66,180175,44,253383
47336,0.025134,74.125.24.0-255,5738,185913,44,253383
47337,0.025153,172.31.46.0-255,66,185979,44,253383
47338,0.027436,74.125.24.0-255,5738,191717,44,253383
47339,0.027453,172.31.46.0-255,66,191783,44,253383
47340,0.029753,74.125.24.0-255,5738,197521,44,253383
47341,0.029771,172.31.46.0-255,66,197587,44,253383
47342,0.032079,74.125.24.0-255,5738,203325,44,253383
47343,0.032103,172.31.46.0-255,66,203391,44,253383
47344,0.03442,74.125.24.0-255,5738,209129,44,253383
47345,0.034443,172.31.46.0-255,66,209195,44,253383
47346,0.036786,74.125.24.0-255,5738,214933,44,253383
47347,0.036812,172.31.46.0-255,66,214999,44,253383
47348,0.039133,74.125.24.0-255,5738,220737,44,253383
47349,0.039155,172.31.46.0-255,66,220803,44,253383
47350,0.041466,74.125.24.0-255,5738,226541,44,253383
47351,0.041483,172.31.46.0-255,66,226607,44,253383
47352,0.043777,74.125.24.0-255,5738,232345,44,253383
47353,0.043804,172.31.46.0-255,66,232411,44,253383
47354,0.046123,74.125.24.0-255,5738,238149,44,253383
47355,0.046144,172.31.46.0-255,66,238215,44,253383
47356,0.046903,172.31.46.0-255,172,238387,44,253383
47357,0.046938,172.31.46.0-255,1114,239501,44,253383
47358,0.047046,172.31.46.0-255,1514,241015,44,253383
47359,0.047048,172.31.46.0-255,1514,242529,44,253383
47360,0.047054,172.31.46.0-255,1514,244043,44,253383
47361,0.047055,172.31.46.0-255,1514,245557,44,253383
47362,0.047074,172.31.46.0-255,1514,247071,44,253383
47363,0.047075,172.31.46.0-255,70,247141,44,253383
47364,0.048434,74.125.24.0-255,5738,252879,44,253383
47365,0.048453,172.31.46.0-255,66,252945,44,253383
47366,0.048477,104.244.42.0-255,66,253011,44,253383
47367,0.04853,104.244.42.0-255,66,253077,44,253383
47368,0.048659,104.244.42.0-255,66,253143,44,253383
47369,0.048666,104.244.42.0-255,66,253209,44,253383
47370,0.049323,104.244.42.0-255,108,253317,44,253383
47371,0.049334,172.31.46.0-255,66,253383,44,253383
47372,0.0,74.125.24.0-255,155,155,44,228930
47373,1.9e-05,172.31.46.0-255,66,221,44,228930
47374,2.5e-05,74.125.24.0-255,1484,1705,44,228930
47375,2.9e-05,172.31.46.0-255,66,1771,44,228930
47376,3.5e-05,74.125.24.0-255,2902,4673,44,228930
47377,4.8e-05,172.31.46.0-255,66,4739,44,228930
47378,5.6e-05,74.125.24.0-255,7156,11895,44,228930
47379,6e-05,172.31.46.0-255,66,11961,44,228930
47380,6.4e-05,74.125.24.0-255,1940,13901,44,228930
47381,6.7e-05,172.31.46.0-255,66,13967,44,228930
47382,0.000122,74.125.24.0-255,1484,15451,44,228930
47383,0.000125,172.31.46.0-255,66,15517,44,228930
47384,0.000131,74.125.24.0-255,2902,18419,44,228930
47385,0.000134,172.31.46.0-255,66,18485,44,228930
47386,0.000145,74.125.24.0-255,5738,24223,44,228930
47387,0.000148,172.31.46.0-255,66,24289,44,228930
47388,0.000172,74.125.24.0-255,2902,27191,44,228930
47389,0.000174,172.31.46.0-255,66,27257,44,228930
47390,0.0002,74.125.24.0-255,3961,31218,44,228930
47391,0.000204,172.31.46.0-255,66,31284,44,228930
47392,0.000504,74.125.24.0-255,1484,32768,44,228930
47393,0.000515,172.31.46.0-255,66,32834,44,228930
47394,0.000522,74.125.24.0-255,2902,35736,44,228930
47395,0.000525,172.31.46.0-255,66,35802,44,228930
47396,0.000533,74.125.24.0-255,1484,37286,44,228930
47397,0.000535,172.31.46.0-255,66,37352,44,228930
47398,0.000567,74.125.24.0-255,4320,41672,44,228930
47399,0.00057,172.31.46.0-255,66,41738,44,228930
47400,0.000582,172.31.46.0-255,66,41804,44,228930
47401,0.000611,74.125.24.0-255,3961,45765,44,228930
47402,0.000615,172.31.46.0-255,66,45831,44,228930
47403,0.000618,74.125.24.0-255,1484,47315,44,228930
47404,0.000676,172.31.46.0-255,66,47381,44,228930
47405,0.001236,74.125.24.0-255,647,48028,44,228930
47406,0.001423,74.125.24.0-255,1484,49512,44,228930
47407,0.001428,172.31.46.0-255,66,49578,44,228930
47408,0.001435,74.125.24.0-255,2902,52480,44,228930
47409,0.001438,172.31.46.0-255,66,52546,44,228930
47410,0.00145,74.125.24.0-255,5738,58284,44,228930
47411,0.001452,172.31.46.0-255,66,58350,44,228930
47412,0.001504,172.31.46.0-255,66,58416,44,228930
47413,0.001531,74.125.24.0-255,2902,61318,44,228930
47414,0.001533,172.31.46.0-255,66,61384,44,228930
47415,0.001559,74.125.24.0-255,5738,67122,44,228930
47416,0.001561,172.31.46.0-255,66,67188,44,228930
47417,0.001585,74.125.24.0-255,2184,69372,44,228930
47418,0.001587,172.31.46.0-255,66,69438,44,228930
47419,0.001863,74.125.24.0-255,1484,70922,44,228930
47420,0.001871,74.125.24.0-255,2902,73824,44,228930
47421,0.001892,172.31.46.0-255,66,73890,44,228930
47422,0.001901,74.125.24.0-255,5738,79628,44,228930
47423,0.001903,172.31.46.0-255,66,79694,44,228930
47424,0.00192,172.31.46.0-255,66,79760,44,228930
47425,0.001975,172.31.46.0-255,66,79826,44,228930
47426,0.001998,74.125.24.0-255,2184,82010,44,228930
47427,0.002,172.31.46.0-255,66,82076,44,228930
47428,0.002128,74.125.24.0-255,1484,83560,44,228930
47429,0.002135,74.125.24.0-255,2902,86462,44,228930
47430,0.002139,172.31.46.0-255,66,86528,44,228930
47431,0.002142,74.125.24.0-255,1484,88012,44,228930
47432,0.00217,74.125.24.0-255,4320,92332,44,228930
47433,0.002173,172.31.46.0-255,66,92398,44,228930
47434,0.002187,172.31.46.0-255,66,92464,44,228930
47435,0.002237,74.125.24.0-255,4320,96784,44,228930
47436,0.002241,172.31.46.0-255,66,96850,44,228930
47437,0.00227,74.125.24.0-255,2902,99752,44,228930
47438,0.002272,172.31.46.0-255,66,99818,44,228930
47439,0.002278,74.125.24.0-255,3602,103420,44,228930
47440,0.002281,172.31.46.0-255,66,103486,44,228930
47441,0.004575,74.125.24.0-255,5738,109224,44,228930
47442,0.004583,172.31.46.0-255,66,109290,44,228930
47443,0.006865,74.125.24.0-255,5738,115028,44,228930
47444,0.00687,172.31.46.0-255,66,115094,44,228930
47445,0.009162,74.125.24.0-255,5738,120832,44,228930
47446,0.00917,172.31.46.0-255,66,120898,44,228930
47447,0.011489,74.125.24.0-255,5738,126636,44,228930
47448,0.011498,172.31.46.0-255,66,126702,44,228930
47449,0.0138,74.125.24.0-255,5738,132440,44,228930
47450,0.01381,172.31.46.0-255,66,132506,44,228930
47451,0.016121,74.125.24.0-255,5738,138244,44,228930
47452,0.016134,172.31.46.0-255,66,138310,44,228930
47453,0.018431,74.125.24.0-255,5738,144048,44,228930
47454,0.01844,172.31.46.0-255,66,144114,44,228930
47455,0.02078,74.125.24.0-255,5738,149852,44,228930
47456,0.020787,172.31.46.0-255,66,149918,44,228930
47457,0.023088,74.125.24.0-255,5738,155656,44,228930
47458,0.023095,172.31.46.0-255,66,155722,44,228930
47459,0.025397,74.125.24.0-255,5738,161460,44,228930
47460,0.025405,172.31.46.0-255,66,161526,44,228930
47461,0.027771,74.125.24.0-255,5738,167264,44,228930
47462,0.027784,172.31.46.0-255,66,167330,44,228930
47463,0.030077,74.125.24.0-255,5738,173068,44,228930
47464,0.030087,172.31.46.0-255,66,173134,44,228930
47465,0.032447,74.125.24.0-255,5738,178872,44,228930
47466,0.032457,172.31.46.0-255,66,178938,44,228930
47467,0.034786,74.125.24.0-255,5738,184676,44,228930
47468,0.034797,172.31.46.0-255,66,184742,44,228930
47469,0.037094,74.125.24.0-255,5738,190480,44,228930
47470,0.037101,172.31.46.0-255,66,190546,44,228930
47471,0.03944,74.125.24.0-255,5738,196284,44,228930
47472,0.039449,172.31.46.0-255,66,196350,44,228930
47473,0.040964,172.31.46.0-255,172,196522,44,228930
47474,0.040998,172.31.46.0-255,1109,197631,44,228930
47475,0.041061,172.31.46.0-255,1514,199145,44,228930
47476,0.041063,172.31.46.0-255,1514,200659,44,228930
47477,0.041069,172.31.46.0-255,1514,202173,44,228930
47478,0.04107,172.31.46.0-255,1514,203687,44,228930
47479,0.04109,172.31.46.0-255,1514,205201,44,228930
47480,0.041091,172.31.46.0-255,75,205276,44,228930
47481,0.041768,74.125.24.0-255,5738,211014,44,228930
47482,0.041776,172.31.46.0-255,66,211080,44,228930
47483,0.042525,104.244.42.0-255,66,211146,44,228930
47484,0.042598,104.244.42.0-255,66,211212,44,228930
47485,0.04264,104.244.42.0-255,66,211278,44,228930
47486,0.042645,104.244.42.0-255,66,211344,44,228930
47487,0.044091,74.125.24.0-255,5738,217082,44,228930
47488,0.044107,172.31.46.0-255,66,217148,44,228930
47489,0.046037,104.244.42.0-255,108,217256,44,228930
47490,0.046052,172.31.46.0-255,66,217322,44,228930
47491,0.046401,74.125.24.0-255,5738,223060,44,228930
47492,0.046407,172.31.46.0-255,66,223126,44,228930
47493,0.048725,74.125.24.0-255,5738,228864,44,228930
47494,0.048739,172.31.46.0-255,66,228930,44,228930
47495,0.0,74.125.68.0-255,146,146,44,367541
47496,1.3e-05,172.31.46.0-255,66,212,44,367541
47497,2.7e-05,74.125.68.0-255,1484,1696,44,367541
47498,3.2e-05,172.31.46.0-255,66,1762,44,367541
47499,3.5e-05,74.125.68.0-255,1484,3246,44,367541
47500,3.8e-05,172.31.46.0-255,66,3312,44,367541
47501,4.4e-05,74.125.68.0-255,2902,6214,44,367541
47502,4.7e-05,172.31.46.0-255,66,6280,44,367541
47503,6e-05,74.125.68.0-255,1484,7764,44,367541
47504,6.3e-05,172.31.46.0-255,66,7830,44,367541
47505,8.1e-05,74.125.68.0-255,4320,12150,44,367541
47506,8.4e-05,172.31.46.0-255,66,12216,44,367541
47507,8.8e-05,74.125.68.0-255,2054,14270,44,367541
47508,9.1e-05,172.31.46.0-255,66,14336,44,367541
47509,0.000201,74.125.68.0-255,1484,15820,44,367541
47510,0.000205,172.31.46.0-255,66,15886,44,367541
47511,0.000211,74.125.68.0-255,2902,18788,44,367541
47512,0.000214,172.31.46.0-255,66,18854,44,367541
47513,0.000239,74.125.68.0-255,4320,23174,44,367541
47514,0.000242,172.31.46.0-255,66,23240,44,367541
47515,0.000262,74.125.68.0-255,1484,24724,44,367541
47516,0.000265,172.31.46.0-255,66,24790,44,367541
47517,0.000272,74.125.68.0-255,6797,31587,44,367541
47518,0.000275,172.31.46.0-255,66,31653,44,367541
47519,0.000308,74.125.68.0-255,7156,38809,44,367541
47520,0.000311,172.31.46.0-255,66,38875,44,367541
47521,0.000316,74.125.68.0-255,4320,43195,44,367541
47522,0.000319,172.31.46.0-255,66,43261,44,367541
47523,0.000337,74.125.68.0-255,4320,47581,44,367541
47524,0.00034,172.31.46.0-255,66,47647,44,367541
47525,0.000371,172.31.46.0-255,66,47713,44,367541
47526,0.00039,74.125.68.0-255,2902,50615,44,367541
47527,0.000392,172.31.46.0-255,66,50681,44,367541
47528,0.000404,74.125.68.0-255,2517,53198,44,367541
47529,0.000407,172.31.46.0-255,66,53264,44,367541
47530,0.00041,74.125.68.0-255,110,53374,44,367541
47531,0.000412,172.31.46.0-255,66,53440,44,367541
47532,0.000477,74.125.68.0-255,1484,54924,44,367541
47533,0.00048,172.31.46.0-255,66,54990,44,367541
47534,0.000492,74.125.68.0-255,1484,56474,44,367541
47535,0.000494,172.31.46.0-255,66,56540,44,367541
47536,0.000498,74.125.68.0-255,1484,58024,44,367541
47537,0.000499,172.31.46.0-255,66,58090,44,367541
47538,0.000513,74.125.68.0-255,1484,59574,44,367541
47539,0.000515,172.31.46.0-255,66,59640,44,367541
47540,0.000523,74.125.68.0-255,5738,65378,44,367541
47541,0.000525,172.31.46.0-255,66,65444,44,367541
47542,0.000545,74.125.68.0-255,2902,68346,44,367541
47543,0.000547,172.31.46.0-255,66,68412,44,367541
47544,0.00056,74.125.68.0-255,5738,74150,44,367541
47545,0.000563,172.31.46.0-255,66,74216,44,367541
47546,0.000598,172.31.46.0-255,66,74282,44,367541
47547,0.000603,74.125.68.0-255,3602,77884,44,367541
47548,0.000622,172.31.46.0-255,66,77950,44,367541
47549,0.000637,74.125.68.0-255,331,78281,44,367541
47550,0.000679,74.125.68.0-255,1484,79765,44,367541
47551,0.000696,172.31.46.0-255,66,79831,44,367541
47552,0.0007,74.125.68.0-255,2902,82733,44,367541
47553,0.000704,74.125.68.0-255,2902,85635,44,367541
47554,0.00071,172.31.46.0-255,66,85701,44,367541
47555,0.000716,74.125.68.0-255,1484,87185,44,367541
47556,0.000729,74.125.68.0-255,2902,90087,44,367541
47557,0.000751,172.31.46.0-255,66,90153,44,367541
47558,0.000758,74.125.68.0-255,5738,95891,44,367541
47559,0.000765,74.125.68.0-255,7156,103047,44,367541
47560,0.000775,74.125.68.0-255,766,103813,44,367541
47561,0.000782,172.31.46.0-255,66,103879,44,367541
47562,0.000898,74.125.68.0-255,1484,105363,44,367541
47563,0.000915,74.125.68.0-255,2902,108265,44,367541
47564,0.000961,172.31.46.0-255,66,108331,44,367541
47565,0.000974,74.125.68.0-255,5738,114069,44,367541
47566,0.000979,74.125.68.0-255,4320,118389,44,367541
47567,0.000985,74.125.68.0-255,5738,124127,44,367541
47568,0.00099,172.31.46.0-255,66,124193,44,367541
47569,0.001001,74.125.68.0-255,5738,129931,44,367541
47570,0.001022,74.125.68.0-255,5738,135669,44,367541
47571,0.001028,74.125.68.0-255,2184,137853,44,367541
47572,0.001034,172.31.46.0-255,66,137919,44,367541
47573,0.00107,74.125.68.0-255,1484,139403,44,367541
47574,0.001085,74.125.68.0-255,2902,142305,44,367541
47575,0.001093,172.31.46.0-255,66,142371,44,367541
47576,0.001107,74.125.68.0-255,5738,148109,44,367541
47577,0.001111,74.125.68.0-255,2902,151011,44,367541
47578,0.001132,74.125.68.0-255,4320,155331,44,367541
47579,0.001137,172.31.46.0-255,66,155397,44,367541
47580,0.001159,74.125.68.0-255,2902,158299,44,367541
47581,0.001174,74.125.68.0-255,2902,161201,44,367541
47582,0.001186,172.31.46.0-255,66,161267,44,367541
47583,0.001216,74.125.68.0-255,2184,163451,44,367541
47584,0.001231,172.31.46.0-255,66,163517,44,367541
47585,0.001669,74.125.68.0-255,1484,165001,44,367541
47586,0.001676,74.125.68.0-255,2902,167903,44,367541
47587,0.00168,172.31.46.0-255,66,167969,44,367541
47588,0.001701,74.125.68.0-255,5738,173707,44,367541
47589,0.001711,172.31.46.0-255,66,173773,44,367541
47590,0.001731,74.125.68.0-255,7156,180929,44,367541
47591,0.001733,172.31.46.0-255,66,180995,44,367541
47592,0.00174,74.125.68.0-255,5738,186733,44,367541
47593,0.001758,74.125.68.0-255,2902,189635,44,367541
47594,0.001761,74.125.68.0-255,1484,191119,44,367541
47595,0.001765,172.31.46.0-255,66,191185,44,367541
47596,0.001782,74.125.68.0-255,6438,197623,44,367541
47597,0.0018,172.31.46.0-255,66,197689,44,367541
47598,0.002008,74.125.68.0-255,1484,199173,44,367541
47599,0.002013,74.125.68.0-255,2902,202075,44,367541
47600,0.002016,172.31.46.0-255,66,202141,44,367541
47601,0.002051,74.125.68.0-255,4320,206461,44,367541
47602,0.002056,74.125.68.0-255,4320,210781,44,367541
47603,0.002071,172.31.46.0-255,66,210847,44,367541
47604,0.002097,74.125.68.0-255,4320,215167,44,367541
47605,0.002104,74.125.68.0-255,7156,222323,44,367541
47606,0.00214,74.125.68.0-255,3602,225925,44,367541
47607,0.002145,74.125.68.0-255,4320,230245,44,367541
47608,0.002163,74.125.68.0-255,5738,235983,44,367541
47609,0.002179,74.125.68.0-255,4320,240303,44,367541
47610,0.002184,74.125.68.0-255,4320,244623,44,367541
47611,0.002232,74.125.68.0-255,7156,251779,44,367541
47612,0.00225,74.125.68.0-255,5020,256799,44,367541
47613,0.002582,172.31.46.0-255,66,256865,44,367541
47614,0.004842,74.125.68.0-255,5738,262603,44,367541
47615,0.004849,172.31.46.0-255,66,262669,44,367541
47616,0.007118,74.125.68.0-255,5738,268407,44,367541
47617,0.007914,172.31.46.0-255,66,268473,44,367541
47618,0.010158,74.125.68.0-255,5738,274211,44,367541
47619,0.010165,172.31.46.0-255,66,274277,44,367541
47620,0.012418,74.125.68.0-255,5738,280015,44,367541
47621,0.012426,172.31.46.0-255,66,280081,44,367541
47622,0.014687,74.125.68.0-255,5738,285819,44,367541
47623,0.014695,172.31.46.0-255,66,285885,44,367541
47624,0.01694,74.125.68.0-255,5738,291623,44,367541
47625,0.016948,172.31.46.0-255,66,291689,44,367541
47626,0.019194,74.125.68.0-255,5738,297427,44,367541
47627,0.019202,172.31.46.0-255,66,297493,44,367541
47628,0.021453,74.125.68.0-255,5738,303231,44,367541
47629,0.02146,172.31.46.0-255,66,303297,44,367541
47630,0.023707,74.125.68.0-255,5738,309035,44,367541
47631,0.023714,172.31.46.0-255,66,309101,44,367541
47632,0.02596,74.125.68.0-255,5738,314839,44,367541
47633,0.025967,172.31.46.0-255,66,314905,44,367541
47634,0.02821,74.125.68.0-255,5738,320643,44,367541
47635,0.028217,172.31.46.0-255,66,320709,44,367541
47636,0.030462,74.125.68.0-255,5738,326447,44,367541
47637,0.030468,172.31.46.0-255,66,326513,44,367541
47638,0.032709,74.125.68.0-255,5738,332251,44,367541
47639,0.032715,172.31.46.0-255,66,332317,44,367541
47640,0.034964,74.125.68.0-255,5738,338055,44,367541
47641,0.034972,172.31.46.0-255,66,338121,44,367541
47642,0.037218,74.125.68.0-255,5738,343859,44,367541
47643,0.037229,172.31.46.0-255,66,343925,44,367541
47644,0.039483,74.125.68.0-255,5738,349663,44,367541
47645,0.03949,172.31.46.0-255,66,349729,44,367541
47646,0.041744,74.125.68.0-255,5738,355467,44,367541
47647,0.041753,172.31.46.0-255,66,355533,44,367541
47648,0.043998,74.125.68.0-255,2579,358112,44,367541
47649,0.044006,172.31.46.0-255,66,358178,44,367541
47650,0.044345,172.31.46.0-255,105,358283,44,367541
47651,0.045142,172.31.46.0-255,172,358455,44,367541
47652,0.045174,172.31.46.0-255,1114,359569,44,367541
47653,0.045237,172.31.46.0-255,1514,361083,44,367541
47654,0.045239,172.31.46.0-255,1514,362597,44,367541
47655,0.045245,172.31.46.0-255,1514,364111,44,367541
47656,0.045247,172.31.46.0-255,1514,365625,44,367541
47657,0.045265,172.31.46.0-255,1514,367139,44,367541
47658,0.045276,172.31.46.0-255,72,367211,44,367541
47659,0.046567,74.125.68.0-255,66,367277,44,367541
47660,0.046619,104.244.42.0-255,66,367343,44,367541
47661,0.046647,104.244.42.0-255,66,367409,44,367541
47662,0.046755,104.244.42.0-255,66,367475,44,367541
47663,0.046777,104.244.42.0-255,66,367541,44,367541
47664,0.0,74.125.24.0-255,153,153,44,306297
47665,1.7e-05,172.31.46.0-255,66,219,44,306297
47666,2.4e-05,74.125.24.0-255,1484,1703,44,306297
47667,2.9e-05,172.31.46.0-255,66,1769,44,306297
47668,4.3e-05,74.125.24.0-255,2902,4671,44,306297
47669,4.7e-05,172.31.46.0-255,66,4737,44,306297
47670,5.3e-05,74.125.24.0-255,5738,10475,44,306297
47671,5.7e-05,172.31.46.0-255,66,10541,44,306297
47672,6e-05,74.125.24.0-255,1484,12025,44,306297
47673,6.3e-05,172.31.46.0-255,66,12091,44,306297
47674,0.00011,172.31.46.0-255,66,12157,44,306297
47675,0.00012,172.31.46.0-255,66,12223,44,306297
47676,0.000144,74.125.24.0-255,1125,13348,44,306297
47677,0.000147,172.31.46.0-255,66,13414,44,306297
47678,0.000251,74.125.24.0-255,1484,14898,44,306297
47679,0.000255,172.31.46.0-255,66,14964,44,306297
47680,0.00026,74.125.24.0-255,2902,17866,44,306297
47681,0.000263,172.31.46.0-255,66,17932,44,306297
47682,0.000273,74.125.24.0-255,5738,23670,44,306297
47683,0.000276,172.31.46.0-255,66,23736,44,306297
47684,0.000308,74.125.24.0-255,6797,30533,44,306297
47685,0.000311,172.31.46.0-255,66,30599,44,306297
47686,0.000319,74.125.24.0-255,7156,37755,44,306297
47687,0.000322,172.31.46.0-255,66,37821,44,306297
47688,0.000351,74.125.24.0-255,7156,44977,44,306297
47689,0.000353,172.31.46.0-255,66,45043,44,306297
47690,0.000358,74.125.24.0-255,2815,47858,44,306297
47691,0.00036,172.31.46.0-255,66,47924,44,306297
47692,0.000898,74.125.24.0-255,134,48058,44,306297
47693,0.000904,172.31.46.0-255,66,48124,44,306297
47694,0.000985,74.125.24.0-255,1484,49608,44,306297
47695,0.000991,74.125.24.0-255,1484,51092,44,306297
47696,0.000994,172.31.46.0-255,66,51158,44,306297
47697,0.001019,74.125.24.0-255,1484,52642,44,306297
47698,0.001026,74.125.24.0-255,5738,58380,44,306297
47699,0.001029,172.31.46.0-255,66,58446,44,306297
47700,0.001065,74.125.24.0-255,5738,64184,44,306297
47701,0.001067,172.31.46.0-255,66,64250,44,306297
47702,0.001098,74.125.24.0-255,7156,71406,44,306297
47703,0.001104,74.125.24.0-255,5738,77144,44,306297
47704,0.00111,74.125.24.0-255,5020,82164,44,306297
47705,0.001113,172.31.46.0-255,66,82230,44,306297
47706,0.001122,172.31.46.0-255,66,82296,44,306297
47707,0.001129,172.31.46.0-255,66,82362,44,306297
47708,0.001151,74.125.24.0-255,4320,86682,44,306297
47709,0.001154,172.31.46.0-255,66,86748,44,306297
47710,0.001182,74.125.24.0-255,1765,88513,44,306297
47711,0.001184,172.31.46.0-255,66,88579,44,306297
47712,0.001192,74.125.24.0-255,7156,95735,44,306297
47713,0.001195,172.31.46.0-255,66,95801,44,306297
47714,0.001204,74.125.24.0-255,4320,100121,44,306297
47715,0.001207,172.31.46.0-255,66,100187,44,306297
47716,0.00124,74.125.24.0-255,5738,105925,44,306297
47717,0.001243,172.31.46.0-255,66,105991,44,306297
47718,0.001249,74.125.24.0-255,5738,111729,44,306297
47719,0.001251,172.31.46.0-255,66,111795,44,306297
47720,0.001284,74.125.24.0-255,5020,116815,44,306297
47721,0.001287,172.31.46.0-255,66,116881,44,306297
47722,0.00131,74.125.24.0-255,1484,118365,44,306297
47723,0.001315,74.125.24.0-255,2902,121267,44,306297
47724,0.001317,172.31.46.0-255,66,121333,44,306297
47725,0.001322,74.125.24.0-255,4320,125653,44,306297
47726,0.001324,172.31.46.0-255,66,125719,44,306297
47727,0.001346,74.125.24.0-255,1484,127203,44,306297
47728,0.001354,74.125.24.0-255,2902,130105,44,306297
47729,0.001357,172.31.46.0-255,66,130171,44,306297
47730,0.001379,74.125.24.0-255,1484,131655,44,306297
47731,0.001392,172.31.46.0-255,66,131721,44,306297
47732,0.001395,74.125.24.0-255,1484,133205,44,306297
47733,0.001427,74.125.24.0-255,6438,139643,44,306297
47734,0.00143,172.31.46.0-255,66,139709,44,306297
47735,0.001496,74.125.24.0-255,1484,141193,44,306297
47736,0.0015,74.125.24.0-255,1484,142677,44,306297
47737,0.001503,172.31.46.0-255,66,142743,44,306297
47738,0.001531,74.125.24.0-255,1484,144227,44,306297
47739,0.001537,74.125.24.0-255,5738,149965,44,306297
47740,0.00154,172.31.46.0-255,66,150031,44,306297
47741,0.001571,74.125.24.0-255,5738,155769,44,306297
47742,0.001574,172.31.46.0-255,66,155835,44,306297
47743,0.00158,74.125.24.0-255,4320,160155,44,306297
47744,0.001583,172.31.46.0-255,66,160221,44,306297
47745,0.001605,74.125.24.0-255,2902,163123,44,306297
47746,0.001616,74.125.24.0-255,5738,168861,44,306297
47747,0.001621,172.31.46.0-255,66,168927,44,306297
47748,0.001642,74.125.24.0-255,5020,173947,44,306297
47749,0.001657,172.31.46.0-255,66,174013,44,306297
47750,0.00182,74.125.24.0-255,1484,175497,44,306297
47751,0.001823,74.125.24.0-255,1484,176981,44,306297
47752,0.001829,172.31.46.0-255,66,177047,44,306297
47753,0.001837,74.125.24.0-255,1484,178531,44,306297
47754,0.001855,74.125.24.0-255,5738,184269,44,306297
47755,0.001859,74.125.24.0-255,2902,187171,44,306297
47756,0.001874,74.125.24.0-255,7156,194327,44,306297
47757,0.001895,172.31.46.0-255,66,194393,44,306297
47758,0.001929,172.31.46.0-255,66,194459,44,306297
47759,0.001969,74.125.24.0-255,7156,201615,44,306297
47760,0.002042,172.31.46.0-255,66,201681,44,306297
47761,0.002052,172.31.46.0-255,66,201747,44,306297
47762,0.0047,74.125.24.0-255,4320,206067,44,306297
47763,0.004708,172.31.46.0-255,66,206133,44,306297
47764,0.004736,74.125.24.0-255,1484,207617,44,306297
47765,0.007351,74.125.24.0-255,4320,211937,44,306297
47766,0.00736,172.31.46.0-255,66,212003,44,306297
47767,0.007836,172.31.46.0-255,101,212104,44,306297
47768,0.009975,74.125.24.0-255,5738,217842,44,306297
47769,0.009983,172.31.46.0-255,66,217908,44,306297
47770,0.010409,74.125.24.0-255,66,217974,44,306297
47771,0.012587,74.125.24.0-255,5738,223712,44,306297
47772,0.012595,172.31.46.0-255,66,223778,44,306297
47773,0.015216,74.125.24.0-255,5738,229516,44,306297
47774,0.015228,172.31.46.0-255,66,229582,44,306297
47775,0.01786,74.125.24.0-255,5738,235320,44,306297
47776,0.017873,172.31.46.0-255,66,235386,44,306297
47777,0.020521,74.125.24.0-255,5738,241124,44,306297
47778,0.02053,172.31.46.0-255,66,241190,44,306297
47779,0.023171,74.125.24.0-255,5738,246928,44,306297
47780,0.023179,172.31.46.0-255,66,246994,44,306297
47781,0.025852,74.125.24.0-255,5738,252732,44,306297
47782,0.025859,172.31.46.0-255,66,252798,44,306297
47783,0.028483,74.125.24.0-255,5738,258536,44,306297
47784,0.028492,172.31.46.0-255,66,258602,44,306297
47785,0.031132,74.125.24.0-255,5738,264340,44,306297
47786,0.03114,172.31.46.0-255,66,264406,44,306297
47787,0.033748,74.125.24.0-255,5738,270144,44,306297
47788,0.033757,172.31.46.0-255,66,270210,44,306297
47789,0.033893,172.31.46.0-255,172,270382,44,306297
47790,0.033921,172.31.46.0-255,1115,271497,44,306297
47791,0.03397,172.31.46.0-255,565,272062,44,306297
47792,0.036345,74.125.24.0-255,4320,276382,44,306297
47793,0.036352,172.31.46.0-255,66,276448,44,306297
47794,0.036394,74.125.24.0-255,1484,277932,44,306297
47795,0.039012,74.125.24.0-255,4320,282252,44,306297
47796,0.039019,172.31.46.0-255,66,282318,44,306297
47797,0.041683,74.125.24.0-255,5738,288056,44,306297
47798,0.041689,172.31.46.0-255,66,288122,44,306297
47799,0.042348,172.31.46.0-255,565,288687,44,306297
47800,0.044303,74.125.24.0-255,5738,294425,44,306297
47801,0.044309,172.31.46.0-255,66,294491,44,306297
47802,0.046906,74.125.24.0-255,5738,300229,44,306297
47803,0.046912,172.31.46.0-255,66,300295,44,306297
47804,0.048194,104.244.42.0-255,66,300361,44,306297
47805,0.048218,104.244.42.0-255,66,300427,44,306297
47806,0.048266,104.244.42.0-255,66,300493,44,306297
47807,0.049506,74.125.24.0-255,5738,306231,44,306297
47808,0.049511,172.31.46.0-255,66,306297,44,306297
